   0.0000000000000000e+00	   9.2361550238193424e-01	   4.4799808483484604e-01	   4.3854361171977840e-01	   1.8713192606477436e-01	   1.5692550203334926e-01	   3.1750381346650780e-01	   2.3837458464478228e-01	   3.7249683121292937e-01	   3.2638854215470192e-01	   5.6865296880463045e-01	   5.5948944736090511e-01	   6.7845635207812915e-01	   5.0649700934724806e-01	   5.0588974689873145e-01	   4.0701619498892616e-01	   5.7820087812922760e-01	   6.0519757642513861e-01	   8.3824798348813712e-01	   8.4217817198360911e-01	  -6.1912124478824423e-02	   1.6366545418906215e-02	   3.4921192216368424e-01	   2.7318000852069341e-01	   3.6526888672489777e-01	   2.9538479504995213e-01	   2.9666264222926403e-01	   2.4704667765391780e-01	   1.9449817927488494e-01	   2.1562508116202728e-01	   1.2893174374544181e-01	   6.1935592802144029e-02	   6.5901413291895450e-01	   5.1376458296199168e-01	  -6.1514011789140594e-02	  -3.3734642313742796e-03	   2.4271040678442590e-01	   3.4730260498879900e-01	   4.3528962756328088e-01	   5.7615054909732388e-01	   5.4092438365458695e-01	   5.2759319075421618e-01	   3.9933878767810427e-01	   5.1189778069159741e-01	   3.3654134218840970e-01	   4.8332282288175621e-01	   5.4986151804987127e-01	   4.6581520682343946e-01	   6.4886546431960990e-01	   6.8607607702099904e-01	   5.9320841032256988e-01	   6.0020524409209597e-01	   5.8025550763842815e-01	   5.6044052499989117e-01	   6.3337165617570246e-01	   6.0656290329477702e-01	   9.1894305605770676e-01	   8.7094599281152774e-01	   5.4115786190737980e-01	   5.6482545813443208e-01	   5.1448373289901850e-01	   3.8623570452536266e-01	   5.6732511904502347e-01	   4.5385114103020752e-01	   4.7129657560627147e-01	   3.7852144767196094e-01	   3.1543313530764960e-01	   4.0780514212813757e-01	   8.2702625367427218e-01	   8.1289528425068647e-01	  -5.5362310942192489e-02	  -3.2659379845105219e-01	   6.7381639230700979e-02	  -2.0994837656280137e-02	   1.9213242902813843e-01	   5.5463543725430180e-03	  -8.4408115886921653e-02	  -2.5012113354943066e-01	   2.8813325562823167e-01	   3.0673443425880753e-01	   6.5746790477394046e-01	   7.0399591166763575e-01	   7.3346209558163489e-01	   6.7843377335395672e-01	   6.5653270024137389e-01	   6.2217132042620626e-01	   3.9805436510029008e-01	   4.6204623850594817e-01	   4.2412782597126086e-01	   4.9118350097914631e-01	   2.3481690098627189e-01	  -1.4805314160066401e-02	  -1.1425208436158642e-01	  -6.2980174268291750e-02	  -4.9754173034793785e-02	   1.9561363034353463e-01	   2.8921768034996709e-01	   4.7886299380332320e-01	   4.3788234245162055e-01	   3.8039213334698296e-01	  -2.9863187926284035e-02	  -7.2748355232919351e-02	   2.8811389436244348e-03	  -1.6027601808600769e-02	  -3.7407651139544013e-01	  -3.0116798186017946e-01	  -2.1001123548497158e-01	  -1.1311583175758742e-01	   4.0851045909743675e-03	   3.3839508586729683e-02	   7.0909379253184496e-02	  -3.0924952186922972e-02	  -1.9087379087191647e-01	  -1.1072350147014011e-01	  -2.6024579867076375e-01	  -3.5026312092705914e-01	
   9.2361550238193424e-01	   0.0000000000000000e+00	   3.0284372762075173e-01	   3.2272149713658027e-01	   5.7424189889877464e-02	   5.6807981743928482e-02	   1.7769851008303764e-01	   1.1088608207123299e-01	   1.8523211611039608e-01	   1.2399136833342486e-01	   4.4403711954741792e-01	   5.1536699200263036e-01	   5.7920952198060349e-01	   3.7945672529256286e-01	   3.5338030859052999e-01	   2.3223711128718727e-01	   6.2101807929245001e-01	   6.9755850568130340e-01	   7.1963482630296394e-01	   7.6142409495616636e-01	  -1.5803771873195144e-01	  -7.1194315892297272e-02	   2.7823350630108040e-01	   1.5614290264809141e-01	   3.3973442307998608e-01	   2.2309204452681047e-01	   1.9408417095791031e-01	   1.2000586186327281e-01	   1.7821260913797923e-01	   2.6180400702448170e-01	   9.3562245406937528e-02	   1.6709392244368185e-02	   6.3967551491195795e-01	   5.1700816640851566e-01	  -7.2325044770386704e-02	  -2.0908861603720554e-02	   2.0555245166220149e-01	   3.6188089853260297e-01	   3.8469742349573027e-01	   5.9585016652671829e-01	   4.7745037381500954e-01	   4.8513223694662944e-01	   4.7307160575289231e-01	   5.5794960583993691e-01	   3.9581872069192453e-01	   5.2401097560675214e-01	   5.9959432771116505e-01	   5.2475120969605771e-01	   6.0590189925644666e-01	   6.2452505667830360e-01	   5.6759597276209650e-01	   5.6561198753646491e-01	   5.3259467427265827e-01	   5.1097135926792425e-01	   6.1209147557867682e-01	   6.0501962550384769e-01	   8.9017959465948837e-01	   9.0472522952514511e-01	   4.0951187551090118e-01	   4.7072372869673335e-01	   3.4235650193322298e-01	   2.3928669336946515e-01	   4.5002179305189877e-01	   3.5540074565975854e-01	   3.4930549322581217e-01	   2.4939323099639921e-01	   2.7832371719225169e-01	   3.9230506575993029e-01	   8.1638817094660177e-01	   8.0762018004075431e-01	  -5.2235036538915487e-02	  -3.7073696128609723e-01	   5.5875245623765411e-02	  -1.5916791895507244e-02	   1.7651908695255195e-01	  -1.6470148459720158e-02	  -1.0966211772776763e-01	  -2.5931210924455073e-01	   4.1154717740292335e-01	   4.5716691282217359e-01	   6.4711150131120043e-01	   7.2666798105921615e-01	   6.3339524475289077e-01	   5.7663014727921968e-01	   5.8091887767675254e-01	   5.3973771963655948e-01	   2.5630336988846458e-01	   2.9716387754007134e-01	   2.4441896533403359e-01	   3.7727479369240413e-01	   2.0854851007664815e-01	  -6.1212645941946073e-02	  -1.8193411044017022e-01	  -1.0547800141937724e-01	   4.2030249543823220e-03	   2.9680054664600780e-01	   3.5956514035146769e-01	   5.5172767705836367e-01	   4.7038982603917734e-01	   3.8889102619971661e-01	  -1.0784687419055569e-01	  -1.3361375727674585e-01	  -3.4165820330831764e-02	  -6.9062736636703495e-02	  -2.6319870446497901e-01	  -2.3597354712188695e-01	  -1.1553067295907903e-01	  -1.6051155971714187e-01	   9.0091014998258057e-02	   1.3261112634396643e-01	   1.2191961748390262e-01	   7.6970834218039880e-02	  -1.3365835667565193e-01	  -2.4922670452176172e-02	  -1.7114717375969929e-01	  -2.2485512609405242e-01	
   4.4799808483484604e-01	   3.0284372762075173e-01	   0.0000000000000000e+00	   5.9537226735211690e-01	   4.5068740344957248e-01	   1.6351214773035891e-01	   8.7110734631428388e-01	   3.8585921588024741e-01	   6.6388960356749249e-01	   4.1713424569100016e-01	   2.8024895522706011e-01	   3.6121117484736021e-01	   6.0574583002088644e-01	   2.8371496576127370e-01	   5.6419664587596530e-01	   3.3833318255099865e-01	   2.9480119389073212e-01	   3.3048388582999921e-01	   7.2844234973271060e-01	   6.5567575251867571e-01	   1.2180248140771614e-01	   1.1033334395441527e-01	   8.1167775304188194e-01	   5.2200065844867205e-01	   5.9605282707782337e-01	   4.9591161089395369e-01	   2.5767775196671683e-01	   2.3911873812400297e-01	   2.0286157874483432e-01	   7.5860562685305929e-02	   5.9935393724914499e-01	   3.4220632059268408e-01	   4.4627377812906621e-01	   4.0434335807471938e-01	   3.5947234338250977e-01	   1.4837870826801650e-01	   4.6832168431425980e-01	   5.3211336516041929e-01	   5.6207617865355475e-01	   5.4542274159137027e-01	   3.2326039702099807e-01	   3.4775306486030910e-01	   5.3470613201604822e-01	   5.1445683862904312e-01	   4.0374989876865464e-01	   4.5718360133230473e-01	   5.2365413518225701e-01	   5.6066110242749922e-01	   6.2586641544750921e-01	   6.6223725039617698e-01	   6.5929435280316406e-01	   6.6945230799497124e-01	   5.9698652596390833e-01	   6.9637858969575384e-01	   6.2777146046001775e-01	   6.6455333315056342e-01	   3.5461239613051543e-01	   3.3094966326439146e-01	   6.0785170671599142e-01	   5.2077155538152575e-01	   5.8498070112407508e-01	   3.1551663219480386e-01	   3.0698994682651670e-01	   2.3823862496939627e-01	   8.1492977923982302e-01	   5.5345501170451161e-01	   6.5001762116546291e-01	   6.0488808191425125e-01	   5.5511167164952602e-01	   5.2764393194017778e-01	   2.8254510133812122e-01	   2.3821261837585528e-01	   1.0527153169789262e-01	  -1.9421927825791802e-02	   2.6878193067663486e-01	   1.7647298712760051e-01	   1.3910157673301954e-01	   1.0181298021094402e-01	   2.9803270840268020e-01	   2.3530016306414175e-01	   6.2414046496809050e-01	   5.5220203421290059e-01	   5.3514163273029480e-01	   6.0133310065514500e-01	   6.8022119595497277e-01	   5.4718870624342952e-01	   6.0002384667849218e-01	   6.5444566374059410e-01	   7.7695695960181066e-01	   8.0122240010922541e-01	   5.9664461251487344e-01	   5.5052492285410615e-01	   4.0446892949866387e-01	   5.0402271919970087e-01	   2.1706803624292451e-01	   3.9337874457899125e-01	   4.9180320364576025e-01	   5.3380823065679039e-01	   5.4043296901997917e-01	   6.6071073055727747e-01	   2.5159901734675016e-01	   5.2146418024117380e-01	   3.8831500503979921e-01	   5.7363091282592948e-01	   2.5637730998167702e-01	   2.2630068663076214e-01	  -2.9283387663790561e-03	   3.8777200121270772e-01	   2.2420946518337029e-01	   2.8887862721142299e-01	   4.1139330678069208e-01	   3.5614974060058485e-01	   3.4460598577829993e-01	   2.9315468869699635e-01	   1.8615363855759803e-01	  -6.5242603355488996e-02	
   4.3854361171977840e-01	   3.2272149713658027e-01	   5.9537226735211690e-01	   0.0000000000000000e+00	   3.5655365865592159e-01	   3.0107266511390407e-01	   6.6700501494924103e-01	   8.9402321968297160e-01	   3.6368445253855719e-01	   7.3585993517340775e-01	   1.8977989124335781e-01	   6.4388593699627128e-01	   5.2844817502758912e-01	   6.6160730824572878e-01	   4.8345567752992624e-01	   6.8810976709068394e-01	   2.9201109072760811e-01	   2.8020552579469449e-01	   5.7963028911579650e-01	   6.4965131207763938e-01	   2.1995918457181102e-01	   2.1924512230024534e-01	   6.3907156299605461e-01	   8.8517165871492032e-01	   4.3375453761319804e-01	   4.2834641147710767e-01	   2.3578777991462230e-01	   2.5259920875386355e-01	   4.8948388291084999e-02	   2.2147221574910522e-01	   4.2248885258641450e-01	   5.3614845208696449e-01	   4.8180360174075976e-01	   4.6207369943619181e-01	   2.0976254346353260e-01	   1.9159377870641270e-01	   8.0447027211515365e-02	   3.4171851054161373e-01	   1.8986609343398633e-01	   4.0464471357211163e-01	   1.3526418050062289e-01	   3.1209637256393619e-01	   4.1435498212208310e-01	   3.9182276777867808e-01	   3.1227910730145036e-01	   3.5702415569464335e-01	   4.8808926173436440e-01	   4.7689108220692844e-01	   6.6012770852851566e-01	   5.8542861625393872e-01	   6.8909263755733963e-01	   6.9130531576285670e-01	   5.7979027682338691e-01	   5.3248248677598919e-01	   5.5057201760838936e-01	   5.2762479835198461e-01	   4.0605693350839267e-01	   3.8718722419358476e-01	   4.3939088857605818e-01	   7.0466030565593751e-01	   5.1232480994265628e-01	   7.7173692802149452e-01	   5.6521909569872264e-01	   6.6981700179033032e-01	   6.3467955303864387e-01	   8.9461801885624659e-01	   6.3035616469406375e-01	   6.7486378360177290e-01	   4.4111004109186530e-01	   4.9713426638795333e-01	   2.1825093820196748e-01	   1.1426230530182281e-01	   8.6514455799020534e-02	   2.2046720278853515e-01	   3.5977761657890411e-01	   2.9224099188316455e-01	   2.3468461072012342e-01	   2.4550125035807074e-01	   2.4586228790004705e-01	   2.4185842745584193e-01	   5.9676652971171784e-01	   5.0086892917862713e-01	   4.9387268102640891e-01	   5.2259759559517471e-01	   5.8720970747878187e-01	   6.5294292048050528e-01	   3.3200633604625196e-01	   4.3474793000888295e-01	   5.3362479702319443e-01	   6.8245101522904639e-01	   6.0139970758497674e-01	   3.2579529834592785e-01	   5.1302050636083318e-01	   3.0982020867154558e-01	   5.6754315356236533e-02	   2.1353770570059827e-01	   3.3274654514144825e-01	   3.7768830844677964e-01	   6.2282159564431627e-01	   5.3358348933845567e-01	   5.8402153299411363e-01	   3.3890528975696976e-01	   5.8849391112964788e-01	   4.6515022774667464e-01	   1.3774035454914305e-01	   1.5018161429097471e-01	   1.4708234319441577e-01	   4.2283603710273737e-01	   9.4699287792504014e-02	   2.1870963001132193e-01	   3.0391458931143123e-01	   2.8884947404088002e-01	   3.1198933269889739e-01	   2.1922289567444753e-01	   1.3239699453866185e-02	  -1.4276182533658321e-01	
   1.8713192606477436e-01	   5.7424189889877464e-02	   4.5068740344957248e-01	   3.5655365865592159e-01	   0.0000000000000000e+00	   7.9542625884386819e-01	   4.1311500357380326e-01	   2.5123607390003844e-01	   7.2565705404278491e-01	   5.3478823359574978e-01	   8.6511576731499229e-02	   1.3344456152882544e-01	   2.4361192782293606e-01	   1.3138142918284590e-01	   5.9853659514355895e-01	   4.4762455637688908e-01	   2.1146204330704721e-01	  -1.2047733836905678e-02	   3.6909032218127447e-01	   3.2871401100753928e-01	   6.0196791801872518e-01	   5.9354517522369599e-01	   4.7613262034409931e-01	   3.9959009936174661e-01	   4.9882356249421678e-01	   4.5002676067975905e-01	   7.4597669878527761e-01	   7.4659173711449212e-01	   2.4351695769179849e-01	   6.7487288215981656e-02	   5.3596072811482443e-01	   4.5083587135613151e-01	   2.6424423929922614e-01	   3.0581180762281607e-01	   3.3787486575495951e-01	   2.9990953388375186e-01	   2.8308222421349094e-01	   1.4371197020901116e-01	   5.2584387109031938e-01	   2.9377708593458951e-01	   1.8386942992978372e-01	   2.1309119554302886e-01	   7.2791256931608914e-02	   7.9929254160550495e-02	   2.0717918124659124e-01	   1.8007304810159952e-01	  -5.6365295922257410e-03	   5.3908808899653847e-02	   1.3273431687553114e-01	   1.3174919403302024e-01	   1.6648911898888422e-01	   2.0002900660680559e-01	   8.0102050906040195e-02	   1.6147867197594398e-01	   2.7427110816519101e-01	   1.8838920825146624e-01	   5.7550661011299513e-02	   5.9039218347229527e-02	   1.3921860054296240e-01	   1.1788441619847377e-01	   1.1110800678844859e-01	   1.1303629015692884e-01	   1.1101659636127265e-02	  -1.8146778789766296e-02	   2.8678459612316276e-01	   1.7292758848732714e-01	   2.6804729615483025e-01	   2.8955900974378068e-01	   1.0622600503382913e-01	   1.4432023166205543e-01	  -5.5962041622449624e-02	   1.5314229222723203e-02	  -2.1263472183654553e-01	  -2.7434100120108701e-01	  -1.3726109995517521e-01	  -2.1635489896027510e-01	  -2.7621777925446839e-01	  -2.4732503455534052e-01	  -3.7857776352537509e-02	  -1.1783482165029341e-01	   2.5651504927509028e-01	   5.6182605641078687e-02	   3.9338874995937356e-01	   4.0693524671629111e-01	   3.0127300494247072e-01	   1.1013248040536763e-01	   5.3298630101602840e-01	   5.4316044922340156e-01	   6.1694559061077670e-01	   3.3608249060818912e-01	   2.4295650043282346e-01	   4.2638227659805872e-01	   2.7584152103680254e-01	   3.8030823579011147e-01	   9.7270344873170336e-02	   1.1764189150341853e-01	   2.5027483839910664e-01	   1.5329394112996386e-01	   2.0589459840421906e-01	   1.9150182604359789e-01	   3.6235874207862583e-02	   1.8980338098232141e-01	   1.6653797138973167e-01	   1.4402300501404214e-01	   1.0136824799912114e-01	   2.6868953268591615e-02	   3.7209349275113150e-02	   2.0696272268198360e-01	   8.0105314888664222e-02	   1.3748133966579477e-02	   6.9765912037106817e-02	   1.3441540385951467e-01	   1.0990791913627153e-01	  -5.9481589200169438e-02	  -9.1356772796086311e-02	  -2.2800945691157432e-01	
   1.5692550203334926e-01	   5.6807981743928482e-02	   1.6351214773035891e-01	   3.0107266511390407e-01	   7.9542625884386819e-01	   0.0000000000000000e+00	   1.2611302075093661e-01	   2.7545616849713911e-01	   4.8000294523179654e-01	   5.6795592024029951e-01	   1.0200449744488824e-01	   2.2102135576182425e-01	   1.2645298098917690e-01	   1.4041069759746680e-01	   4.2990803238066283e-01	   4.7314245714807146e-01	   2.3650177761789579e-01	  -3.1925532432491291e-03	   1.9957505444934337e-01	   1.9168970475711353e-01	   7.6365047129126828e-01	   8.0231820535726250e-01	   2.5947268349969971e-01	   3.3402717373550800e-01	   3.6844931346047471e-01	   3.3780429372249549e-01	   7.9536188265961938e-01	   8.6436569422474652e-01	   1.4057764303169162e-01	   1.8925074359061664e-01	   4.1684018774581139e-01	   5.3314143466076425e-01	   2.8951892385707928e-01	   3.2504064333725069e-01	   4.0500397334784682e-01	   4.2246631096956488e-01	   2.6321194992932434e-01	   1.2689460154186405e-01	   4.3411658124792835e-01	   2.1248119634143992e-01	   2.3521780870375153e-01	   3.1608944225793389e-01	   1.1953359061017260e-01	   1.1690243634954250e-01	   2.3467296769976140e-01	   2.0411396992498432e-01	   1.1324255728048958e-02	   9.1811378424197593e-02	   9.0615007582021567e-02	   1.1883747438628943e-01	   9.6249750921698407e-02	   1.0728274416508175e-01	   3.4918846464106736e-02	   2.8181515054837458e-02	   1.1561254980266335e-01	  -1.2210489832648200e-03	   4.7485841139806848e-02	   3.5790931073622814e-02	   1.0345295560176880e-01	   9.7245522964710840e-02	   6.2405702807438485e-02	   2.0017633498907816e-01	   4.6163309381252036e-02	   3.6789865257716090e-03	   1.1545466581583332e-01	   1.8983522169601175e-01	   1.6855825050535739e-01	   2.4479309032782273e-01	   2.1375962425849469e-05	   5.5120302148622125e-02	   4.7467694510748663e-02	   1.1244035960059307e-01	  -7.5054115478528333e-02	   2.4532018468161994e-02	   2.3960044326966332e-02	  -1.1375548722193038e-01	  -1.1151913696725457e-01	  -7.0727125020146442e-02	   1.9628735938889863e-02	  -2.6314020506720825e-02	   2.5420587343325901e-01	   2.3124620685738631e-02	   3.2815886920387827e-01	   3.7365295996374753e-01	   1.7227740497257313e-01	   3.3557843977391102e-02	   3.9986050762672831e-01	   3.8342862078833279e-01	   4.1488783378905858e-01	   1.5132338174766283e-01	   2.5618719451748850e-01	   4.2441137548619828e-01	   3.4496204295811428e-01	   3.7971676120835834e-01	   1.1341941383997865e-01	   6.7423587727295731e-02	   2.7979778889108153e-01	   1.5194062571196482e-01	   1.1833111571798009e-01	   6.2028002454715181e-02	   1.9449379607320563e-01	   2.1400805145052618e-01	   2.2885078444523693e-01	   1.2580475294167009e-01	   9.6908795489499530e-02	   4.2685457451982572e-02	   1.9158656286716355e-01	   2.1484471747762299e-01	   1.5023294276003208e-03	   1.9438708780200981e-01	   2.4135965528622455e-01	   2.2151126463508958e-01	   2.2165882791212316e-01	   6.0562481083194980e-02	   3.7398979202631868e-02	  -8.1894091772717378e-02	
   3.1750381346650780e-01	   1.7769851008303764e-01	   8.7110734631428388e-01	   6.6700501494924103e-01	   4.1311500357380326e-01	   1.2611302075093661e-01	   0.0000000000000000e+00	   6.1282939143012705e-01	   6.6563756192916379e-01	   4.9980879834277597e-01	   2.6652424046584539e-01	   4.6184926939507048e-01	   7.0312056723657879e-01	   4.8436073436650640e-01	   6.4639337923743434e-01	   5.1599163626718825e-01	   2.0357429567899221e-01	   2.2653575662065090e-01	   6.1061615805133651e-01	   5.7879897845286532e-01	   1.5948959565578014e-01	   1.1643317266006439e-01	   7.4745967806276892e-01	   6.2764424772507854e-01	   4.4068327706905036e-01	   3.8450304834916760e-01	   1.8103399315147270e-01	   1.8544075294042001e-01	   1.8691333255320183e-01	   7.5905202511836370e-02	   5.5581281559524309e-01	   4.1948727489522908e-01	   3.8495984912376591e-01	   3.5505519491173365e-01	   2.9974285515392107e-01	   7.6534111866042781e-02	   3.7686057763346281e-01	   4.7951898062176124e-01	   4.0595287436813643e-01	   4.7470888347317863e-01	   2.4426282009345457e-01	   3.3541398700008507e-01	   4.5774502355849650e-01	   4.7678320509192068e-01	   3.7882907518821418e-01	   4.3013237997789461e-01	   4.3488731616386445e-01	   4.7095995249919154e-01	   6.1914692003786753e-01	   5.9927987801713734e-01	   6.5174036855237205e-01	   6.8846675928105916e-01	   5.3924081371631816e-01	   5.9469706042081616e-01	   5.5807641019238796e-01	   5.9223588929544890e-01	   2.4277835255096883e-01	   2.8071455098531095e-01	   6.0970604105276760e-01	   6.2975831936483684e-01	   6.6114911957573330e-01	   4.7314082718261258e-01	   4.0050947553974486e-01	   3.7050650706784344e-01	   7.5853135969273833e-01	   6.3880169969307199e-01	   7.2937771506039162e-01	   6.7129806282116289e-01	   4.1184194639797467e-01	   4.3021889456815177e-01	   2.8312497879369264e-01	   1.3188817155056562e-01	   6.4523794820369948e-02	   3.3052268649040970e-02	   2.1308141920105755e-01	   1.2839804125062662e-01	   1.9389019981749611e-01	   1.2878413104371728e-01	   1.9187840684912758e-01	   2.1177461966243941e-01	   5.5246123261022506e-01	   4.6484009104182600e-01	   5.3118637583917760e-01	   5.5092663357376259e-01	   6.3548791163826279e-01	   5.7963048929596495e-01	   5.0412791263814516e-01	   6.1313802291380881e-01	   7.1549077625623758e-01	   7.5792093904494329e-01	   5.4205554224998653e-01	   4.7640233667386367e-01	   3.9081105497987090e-01	   3.9645690922339893e-01	   1.8792485698701511e-01	   2.5421295776725539e-01	   4.2850713735085011e-01	   4.3342565742174566e-01	   4.9740027455721958e-01	   6.0728661637735715e-01	   3.4352109352989391e-01	   4.4594193921658576e-01	   4.5456427728988547e-01	   5.5314689305790932e-01	   2.4720047664526398e-01	   3.0716243082336597e-01	   9.4591777954292411e-02	   4.6390525515849795e-01	   2.9934003776119864e-02	   1.6853990462910101e-01	   3.2938363758443101e-01	   2.8800816525839712e-01	   2.7873489665821294e-01	   1.9592571936877812e-01	   3.5868478626729761e-02	  -4.3230080304802770e-02	
   2.3837458464478228e-01	   1.1088608207123299e-01	   3.8585921588024741e-01	   8.9402321968297160e-01	   2.5123607390003844e-01	   2.7545616849713911e-01	   6.1282939143012705e-01	   0.0000000000000000e+00	   2.5435934014312889e-01	   7.4539867213716304e-01	   1.8386164471162289e-01	   6.6538556289002648e-01	   4.3797993914224037e-01	   7.2137723199211390e-01	   3.9889580525603469e-01	   7.1833287634945053e-01	   2.2053746192995710e-01	   1.5568232266834672e-01	   3.4032114378903405e-01	   4.4113309231781433e-01	   2.8946417345034570e-01	   2.7479749614206800e-01	   4.4087336345349437e-01	   8.2227777287390413e-01	   2.0632582803353572e-01	   2.4342870791850985e-01	   1.3996976302868408e-01	   1.8981785138327764e-01	   7.4977229667640380e-02	   3.0823464660361910e-01	   3.8489587130021191e-01	   5.9551584713624517e-01	   3.0851144366716365e-01	   2.9584632664523303e-01	   1.8831945642795245e-01	   1.5040475799398262e-01	  -1.4905862102395123e-02	   2.1364902113856432e-01	   2.9900107411952342e-02	   2.2071238869381468e-01	   3.8858082419914924e-02	   2.2138502993613896e-01	   2.6970528630825163e-01	   2.5781042098291790e-01	   2.3212174810635994e-01	   2.5302875040021794e-01	   3.2628085745254748e-01	   3.0464715039642387e-01	   4.8812676088708457e-01	   4.2557576583367551e-01	   5.0570895300366447e-01	   5.1931377589422889e-01	   4.4536092157670115e-01	   3.6417764970163130e-01	   3.3784879451730748e-01	   3.0069309586484483e-01	   2.1586349530465820e-01	   1.9390357784665563e-01	   3.2179596034775293e-01	   6.1901880162421008e-01	   4.9451200164552711e-01	   8.5847483350086684e-01	   5.2939777556104284e-01	   6.9612154867135456e-01	   4.8779526984437516e-01	   8.5350433404266357e-01	   5.2253542606897629e-01	   5.6230280831850821e-01	   1.6863675747600326e-01	   2.5705451156215597e-01	   2.6963808843630466e-01	   1.0638046738317582e-01	   7.5622454977229511e-02	   3.3150742949956513e-01	   3.8100606271743498e-01	   3.0439099022503258e-01	   3.6400430891224300e-01	   3.6129363084343491e-01	   2.1912756562864044e-01	   2.1999891633014379e-01	   4.5464507667303211e-01	   3.2880369073647442e-01	   3.4993368383756296e-01	   3.8007054602547308e-01	   3.6119782799581651e-01	   4.9659945090205893e-01	   1.5439960105531275e-01	   2.8446155516887112e-01	   3.9967508308541300e-01	   5.0674245055100209e-01	   5.0852479100562697e-01	   2.4994041746295781e-01	   5.3550365047206461e-01	   2.2644858667895151e-01	   6.7397536476730593e-02	   7.7283885692269683e-02	   2.4816236308289663e-01	   2.0908971600665660e-01	   4.7363498282789723e-01	   3.7198645382131879e-01	   6.9158997889588558e-01	   3.0096431863650996e-01	   6.2494838404820074e-01	   4.1951585121919510e-01	   1.4913197555623556e-01	   2.4925793639920552e-01	   2.0209976604090241e-01	   4.6308992132110566e-01	  -5.6577429302079860e-02	   1.9510053997640470e-01	   2.6648969558657620e-01	   2.6310385440208650e-01	   3.1352452771706096e-01	   2.0072300213031580e-01	  -8.4338378356826828e-04	  -4.8552012359639164e-02	
   3.7249683121292937e-01	   1.8523211611039608e-01	   6.6388960356749249e-01	   3.6368445253855719e-01	   7.2565705404278491e-01	   4.8000294523179654e-01	   6.6563756192916379e-01	   2.5435934014312889e-01	   0.0000000000000000e+00	   6.0325185169407436e-01	   3.6950061654143440e-01	   2.4373438411452503e-01	   5.7218979221586741e-01	   2.1893776814841037e-01	   7.7043757992604400e-01	   5.0056804227420748e-01	   1.4265764273703216e-01	   4.3397098378324256e-02	   5.7242834755831873e-01	   4.6885741114868040e-01	   3.3031241470659978e-01	   3.1530336078544108e-01	   5.1658615121236107e-01	   3.1410556214109214e-01	   4.0597690370502998e-01	   3.3142104559529945e-01	   4.9909921023897830e-01	   5.3220884253581291e-01	   3.2046737696966526e-01	   5.2492183019463498e-02	   4.7007891472873531e-01	   3.1424623380221750e-01	   4.7958863559729470e-01	   4.5033447878137700e-01	   2.4663611215537462e-01	   7.1731927682574803e-02	   4.1845365594961381e-01	   3.1637984766511840e-01	   5.5295321392825436e-01	   4.1916789060129978e-01	   2.8307570067600285e-01	   3.1287066532936725e-01	   2.5456654512030485e-01	   3.3801014620791620e-01	   2.7197773974003336e-01	   2.8022426975584924e-01	   1.9346882338406218e-01	   2.2962035715198437e-01	   3.9810793874988493e-01	   3.3924477215076931e-01	   3.7196351729765265e-01	   4.0413986471474972e-01	   1.8909677453342430e-01	   2.8927233154791054e-01	   3.6752540347529322e-01	   3.3835751417121451e-01	   2.7187843177756987e-01	   2.5687531901500193e-01	   5.0037466699186517e-01	   3.0774052040962491e-01	   4.9504704823093071e-01	   2.3142415656686155e-01	   2.0445539779896152e-01	   7.1179618681577003e-02	   4.8366531150356085e-01	   2.8373283287411494e-01	   4.4577980846138210e-01	   3.9583563163365409e-01	   3.4452283104059012e-01	   3.5827158704919204e-01	   1.4906223052317047e-01	  -1.9761461784306864e-02	   3.5111774272475485e-02	  -1.9852608633282665e-01	   6.3443523299473184e-02	  -1.6458556072520500e-01	  -9.1075343139107284e-02	  -2.9011082705319080e-01	   2.5955271216353527e-02	   2.5175234932167466e-02	   3.6710005631661902e-01	   2.3475536060269392e-01	   6.0213372444117153e-01	   5.6170524599238736e-01	   4.5777690018250805e-01	   3.0556625876917498e-01	   6.1697877739662288e-01	   6.8367159600413574e-01	   6.9307729909021731e-01	   4.3419103929861919e-01	   2.1549305290375423e-01	   3.3092199546742718e-01	   8.6298370960675067e-02	   2.6000650113220752e-01	   1.7404086581514794e-01	   2.2169945388563067e-01	   3.4966064387409923e-01	   3.4746761159736106e-01	   1.8375571461033646e-01	   2.8180850031870869e-01	  -5.8226298552829181e-02	   2.0439948017599224e-01	   4.5782046175292052e-02	   1.9948991921123904e-01	   6.4791069339361240e-02	   1.2839892853488505e-01	   3.9112656096605844e-02	   3.6024618775294448e-01	  -1.2548975803625299e-02	   1.9860380871949586e-02	   9.0461615218520239e-02	  -9.1314402043800157e-03	  -5.0662393822142410e-02	  -4.0236889494327105e-02	  -3.2197523678426758e-02	  -6.7213313745930592e-02	
   3.2638854215470192e-01	   1.2399136833342486e-01	   4.1713424569100016e-01	   7.3585993517340775e-01	   5.3478823359574978e-01	   5.6795592024029951e-01	   4.9980879834277597e-01	   7.4539867213716304e-01	   6.0325185169407436e-01	   0.0000000000000000e+00	   2.9198646496677960e-01	   5.2407981175929119e-01	   4.0444240000396448e-01	   5.4445345543033663e-01	   5.4615248510477254e-01	   7.6849032736975198e-01	   1.5950464554219906e-01	  -3.3371245724475004e-05	   4.1416701812653767e-01	   4.1824081790722156e-01	   3.6326756524572484e-01	   3.7837065280929738e-01	   3.9225490515321293e-01	   6.3505813374243458e-01	   2.7304028450761064e-01	   2.4293627839913096e-01	   3.7781821835197643e-01	   4.8287590533071334e-01	   2.3830059358105948e-01	   3.0115808169387387e-01	   4.2414892756740041e-01	   5.4223236923326179e-01	   4.0628757723619036e-01	   3.9919124234116454e-01	   1.6497124831473692e-01	   1.8434780912447565e-01	   6.8875533092603802e-02	   1.4152341379270159e-01	   1.7630788597580915e-01	   1.9249933890293558e-01	   5.3528434464982781e-02	   2.1133632340763298e-01	   1.7911876560452450e-01	   1.9443469772992339e-01	   1.6010158127473134e-01	   1.6623966209476013e-01	   1.7722556965222888e-01	   1.8368852873630609e-01	   3.9586184148939846e-01	   3.1040495465788664e-01	   3.4712080977106280e-01	   3.8176448985052469e-01	   2.3876646495937809e-01	   2.0593171443039493e-01	   2.1931107858103779e-01	   1.3689327732035514e-01	   2.7819767411334390e-01	   2.4459372164538590e-01	   3.5436329311412884e-01	   4.6486693084645647e-01	   4.9636801373364769e-01	   7.3130930018716223e-01	   4.6341956798855161e-01	   5.6478325920033323e-01	   3.8738368927900851e-01	   6.5311466821872610e-01	   4.3092855236475308e-01	   4.4432801583412818e-01	   2.0970739188416518e-01	   2.6765539292610424e-01	   1.8546074342954011e-01	   5.2716235302607453e-02	   6.3346415370371112e-02	   7.3199872922065229e-02	   2.1278177713744525e-01	   3.6999095365237829e-02	   1.6222217416984980e-01	   7.6330337953725985e-02	   7.3550417019455111e-02	   3.4220747348693029e-02	   3.7240232132187590e-01	   1.5956966275631174e-01	   4.2087559560543597e-01	   4.2097471697188893e-01	   2.9539561578067725e-01	   3.1507784965008212e-01	   4.1408225996429138e-01	   4.4549268657734609e-01	   5.3706472606486733e-01	   3.9509373119249397e-01	   3.2568430172939311e-01	   2.2752525495250456e-01	   3.6769772771562004e-01	   2.3580627995197706e-01	   1.5674054367336676e-01	   1.4170743592978519e-01	   1.9517310632551224e-01	   1.8270215308934429e-01	   2.3681652034203438e-01	   1.6669695898852688e-01	   4.3739777936625895e-01	   2.6223811380890250e-01	   4.0136804798415587e-01	   3.3894185708461277e-01	   8.3372348247677794e-02	   1.8888495351170986e-01	   1.5906654384308380e-01	   4.3887419406676192e-01	   6.3006100744304253e-03	   1.1564173618044307e-01	   1.4214241329250785e-01	   1.0847276436029765e-01	   1.5626081046312948e-01	   8.9227173937383275e-02	   1.3658450771566256e-02	  -7.4190056215717587e-02	
   5.6865296880463045e-01	   4.4403711954741792e-01	   2.8024895522706011e-01	   1.8977989124335781e-01	   8.6511576731499229e-02	   1.0200449744488824e-01	   2.6652424046584539e-01	   1.8386164471162289e-01	   3.6950061654143440e-01	   2.9198646496677960e-01	   0.0000000000000000e+00	   6.0821748055519231e-01	   5.9004539142004364e-01	   5.0677533353054660e-01	   2.9019828303391509e-01	   3.1669655740048519e-01	   5.7394666262790583e-01	   3.5860236933198197e-01	   5.0206383656606901e-01	   5.5236056507745457e-01	   8.9642550914522685e-03	   8.1144574241362899e-02	   6.9307241612047866e-03	   8.9533029968955943e-02	  -1.0971018507746877e-01	  -2.8609880883955406e-02	   2.8819086601201464e-02	   1.0935616003658295e-01	   5.6632514478254115e-01	   4.0878476449812595e-01	   2.0637176444218863e-01	   2.2301997497298365e-01	   2.5426842817272594e-01	   2.1173248448265253e-01	  -2.3237025232704617e-01	  -2.2355492268867405e-01	   1.2181438537196379e-01	   1.3128041247704486e-01	   2.6754087564992252e-01	   2.5036388832574030e-01	   3.5556969447229453e-01	   3.6965435086687803e-01	   1.2301254507266131e-01	   2.7283740968820325e-01	   3.3468930284707987e-02	   1.6619202369482197e-01	   2.9884181213348809e-01	   1.9950799378479078e-01	   3.8257420884645865e-01	   3.4596258193733664e-01	   2.4750063959285312e-01	   2.9554985021979419e-01	   4.4890340607431323e-01	   3.6370581272775138e-01	   3.6988453673368998e-01	   3.2096139700150744e-01	   6.3378716478872676e-01	   4.8251671555122855e-01	   6.4950913477267835e-01	   3.8327743327595759e-01	   6.6559900470152700e-01	   2.4082290109600274e-01	   6.4277522226207695e-01	   3.5249046299046477e-01	   9.2069062314011019e-02	   3.4697826276165418e-02	   1.7383635993431695e-01	   1.0837785687390807e-01	   4.4515224533034081e-01	   4.9200642105506120e-01	   2.6296381599930907e-01	   4.0024109173839532e-03	   3.4997679370573753e-01	   2.2857705230810460e-01	   2.3202013860755583e-01	   8.6630792054344569e-02	   2.0696030031047208e-01	  -3.3217074856781902e-02	   3.0734515518690031e-01	   3.2102541268475437e-01	   3.9837534901064431e-01	   4.4227449887042447e-01	   4.5235991697248923e-01	   4.7006617420328267e-01	   1.8984567916377887e-01	   3.4587148282840152e-01	   9.6947873316467675e-02	   1.6485233488897300e-01	   2.4880186650300629e-01	   2.7623524025878832e-01	   1.0184013048439193e-01	  -6.1455635318902288e-02	  -1.3483677879170064e-01	  -2.1345780297730560e-01	   1.4698763445669136e-01	   1.6613752591368028e-01	   2.3657511458634378e-01	   2.9167227980757043e-01	   2.3622805681280973e-01	   1.9511033443994236e-01	   1.6262100133599107e-03	  -4.6504816136357888e-02	  -1.6846959638063569e-02	   1.5381576323447070e-02	  -2.8496175164384113e-01	  -2.3864980001097585e-01	  -1.3498883625164773e-01	   1.1561946193909430e-02	   6.4457797446111464e-02	   1.3735383687941299e-01	   5.4962801956007508e-02	  -3.0943944276900913e-02	  -1.9138098661647079e-01	  -1.4179177706791538e-01	  -2.4343604409559630e-01	  -1.3426924583215613e-01	
   5.5948944736090511e-01	   5.1536699200263036e-01	   3.6121117484736021e-01	   6.4388593699627128e-01	   1.3344456152882544e-01	   2.2102135576182425e-01	   4.6184926939507048e-01	   6.6538556289002648e-01	   2.4373438411452503e-01	   5.2407981175929119e-01	   6.0821748055519231e-01	   0.0000000000000000e+00	   6.5278084640266842e-01	   8.1860520660261049e-01	   4.4113215252379567e-01	   6.3461102871098007e-01	   5.5260340136829544e-01	   5.3366132043997438e-01	   5.2169103462525146e-01	   6.4931344673903801e-01	   2.2180821391238403e-01	   2.8496587542820323e-01	   3.2288663646925719e-01	   5.9262319884480330e-01	   1.6716028409903413e-01	   2.5987438394534096e-01	   1.5784207497266395e-01	   2.1358290921249690e-01	   4.3059557487205519e-01	   6.1842044709196520e-01	   4.8476529666546292e-01	   6.4033616028293650e-01	   4.4664241999873477e-01	   4.7313135201735612e-01	   9.1846707761675486e-02	   5.5440549365849287e-02	   2.1782577654340302e-01	   4.0526202571256420e-01	   2.9802016973917278e-01	   4.7052294549474627e-01	   3.4686753070988657e-01	   4.6618156077303852e-01	   4.9792305149000027e-01	   5.3143132270878490e-01	   3.3922192621608743e-01	   4.3423539404697431e-01	   6.2940793269725848e-01	   5.4717365247922256e-01	   6.4657395800805384e-01	   5.5123594886786409e-01	   5.8511372465007794e-01	   6.1920633452131901e-01	   5.6289854981277410e-01	   4.6744252233352845e-01	   5.5421233748810905e-01	   4.9984508644476233e-01	   5.2258170618234656e-01	   4.9759362761373960e-01	   4.9041038757210165e-01	   5.7257155005866101e-01	   5.7776699758400640e-01	   6.9268756005958210e-01	   5.8960963907269037e-01	   6.7864468673131140e-01	   3.7275885404595249e-01	   5.5175685124073592e-01	   4.3606172687729122e-01	   5.0234512053956959e-01	   4.4283707742776302e-01	   5.1729183731232908e-01	   4.2885080650566265e-01	   1.3798056439306458e-01	   2.6611502279028243e-01	   4.6150687013928166e-01	   3.8297065320584445e-01	   3.3350608443650537e-01	   4.1652645770987323e-01	   2.4732835543396164e-01	   4.9139566321046019e-01	   4.9849136397926469e-01	   6.5021743682900213e-01	   6.6009820722801360e-01	   5.4652356901872512e-01	   6.1819521685164425e-01	   4.3596140849968285e-01	   6.2551580105726834e-01	   8.9136741742814607e-02	   2.2880081081578724e-01	   3.4771365515350705e-01	   4.5548295178190190e-01	   4.3759165297960512e-01	   1.2900958953912239e-01	   2.5351739548626456e-01	  -3.5037501607579997e-03	   1.1834520526647556e-01	   2.3785926812484237e-01	   5.2555892749620969e-01	   5.3487167922059697e-01	   5.7533041633955539e-01	   4.6948873259899015e-01	   4.1052311641054784e-01	   9.5349854376636456e-02	   3.6801871731118763e-01	   2.2235388891996338e-01	   4.5371737587991318e-02	   1.5283884302948947e-01	   2.6875191291662215e-01	   3.6103679584167492e-01	   3.5455281012867781e-02	   4.0978952867187979e-01	   4.3233433086474410e-01	   3.3547824230916312e-01	   1.9120449189474503e-01	   1.2285543571896707e-01	  -3.0016840948441439e-03	   3.3290909711117438e-03	
   6.7845635207812915e-01	   5.7920952198060349e-01	   6.0574583002088644e-01	   5.2844817502758912e-01	   2.4361192782293606e-01	   1.2645298098917690e-01	   7.0312056723657879e-01	   4.3797993914224037e-01	   5.7218979221586741e-01	   4.0444240000396448e-01	   5.9004539142004364e-01	   6.5278084640266842e-01	   0.0000000000000000e+00	   6.8861102894216142e-01	   7.5840444182645306e-01	   6.1642430001365522e-01	   4.0882670191292403e-01	   4.0277264416666725e-01	   7.6331444453023001e-01	   7.4177365322495170e-01	   1.1584050524158734e-01	   1.6696916375309598e-01	   5.6937175993554856e-01	   4.7540339881264626e-01	   3.5397506253530464e-01	   3.4201366756320939e-01	   3.1082714788078131e-01	   2.9653612849879335e-01	   2.5633910081161471e-01	   1.5160130655185514e-01	   3.0844920228640660e-01	   2.7698104336728674e-01	   5.3331201270291917e-01	   4.6008710577362821e-01	   1.4950542216584284e-03	  -5.6429847828732588e-02	   3.9859290479385723e-01	   4.9989784173290042e-01	   4.9674271871694575e-01	   6.0327669063667444e-01	   5.1737689082651084e-01	   5.6316465588875186e-01	   4.1226797623672373e-01	   5.1800891796337822e-01	   2.6709017253822837e-01	   4.1517957704749309e-01	   5.0548132459312456e-01	   4.7107467364813460e-01	   6.7030229107471961e-01	   6.6670739779029931e-01	   6.4556772146956298e-01	   7.0925869958082421e-01	   5.5952164957272021e-01	   6.0679111927813523e-01	   7.0142680973955940e-01	   6.7976349210959408e-01	   6.3043046876016806e-01	   6.2567185662921254e-01	   7.0810326092368547e-01	   7.1655597199785304e-01	   6.9039616868094233e-01	   3.8612415901814906e-01	   5.9822943276518137e-01	   4.1396398209179985e-01	   5.7118855507532662e-01	   4.8982025843890831e-01	   5.5581362370501297e-01	   5.3680126249752991e-01	   6.3473984191209731e-01	   6.7455919224368266e-01	   1.3228933186697112e-01	  -3.1966134058097694e-02	   1.2465816890824846e-01	   9.6470496174739101e-02	   2.1299368718341655e-01	   4.0879397297380618e-02	   1.2320873296191031e-02	  -1.5542298372706126e-01	   1.8982701037858757e-01	   2.4164861265747573e-01	   6.1680357881889747e-01	   6.3894002794002258e-01	   8.0287634385359530e-01	   7.2494905805712428e-01	   7.6924568939733817e-01	   7.7409065259330512e-01	   5.1353427258920636e-01	   6.3197848817788094e-01	   6.3452076085236619e-01	   6.7601486701405422e-01	   3.6730535300221945e-01	   2.3073161940485387e-01	   7.7713085493356759e-02	   1.2150279751424040e-01	   9.0545727321790864e-02	   2.2192229154695703e-01	   4.0015754447268786e-01	   4.8798377844905566e-01	   4.4567743035020396e-01	   5.0645692674102571e-01	   1.2451030102217583e-01	   1.2975020821563119e-01	   1.6853289707743824e-01	   2.2391104943990525e-01	  -2.1404484612266594e-01	  -1.4694669083011236e-01	  -7.3411058252027289e-02	   1.1491894272728501e-01	  -1.2253905860561465e-01	   6.3487631738670156e-02	   1.8774716456168880e-01	   4.4422762817458127e-02	  -9.3062884883406055e-02	  -9.1110119180553700e-02	  -2.3594544629275260e-01	  -2.5141060166650858e-01	
