   0.0000000000000000e+00	   7.7459290070650288e-01	   4.5990048144746304e-02	  -7.0567787990197112e-03	  -2.4436065050159853e-01	  -3.5732389814631627e-01	   2.3912234923274678e-01	   1.2640168281425820e-01	  -3.2755455055151161e-01	  -4.2101308263486659e-01	   7.4187418113978643e-01	   5.5442561062040951e-01	   5.6425558745832405e-01	   3.3466352246737807e-01	   4.2668117750442414e-01	   4.0519505541449308e-01	   5.7534221584264023e-01	   6.0562982024234480e-01	   7.8052123183774968e-01	   6.4749933594268672e-01	   2.7744193173322457e-01	   3.3041684858891546e-01	  -6.4085301204666836e-02	  -2.0314841675082579e-01	  -1.1230648096610032e-01	  -1.4094061760647250e-01	   5.0052859318820730e-01	   4.5904302502461813e-01	   5.4212003457014935e-01	   5.5029841733175910e-01	   2.7417506313062251e-01	   2.4588761817143734e-01	   5.6146245375742621e-01	   4.9840568961693343e-01	   3.0386382833509384e-01	   2.3370540271777818e-01	   4.1033820818149580e-01	   4.7292858602415433e-01	   5.4458375439171391e-01	   6.0766692435336345e-01	   5.9060807052192277e-01	   6.2857185390746162e-01	   3.5126668833464142e-01	   3.3770642423524178e-01	   2.9733280703544424e-01	   3.0266717589350650e-01	   3.6230841173415357e-01	   4.1257470808717278e-01	   2.2106052131818571e-01	   2.0389048667564058e-01	   3.4683779396304332e-01	   2.0086880543434626e-01	   3.5996897253456084e-01	   4.0075976180849471e-01	   5.8341887674834125e-01	   4.6500911092271568e-01	   7.2079561286349747e-01	   6.3579281359666884e-01	   4.7865359023979182e-01	   3.3628126486466392e-01	   5.2328221004978170e-01	   2.2066923255504292e-01	   4.3175986720084164e-01	   4.5976344480358344e-01	   1.1674867865637877e-01	   1.2209327119007829e-01	   5.2039808909093088e-01	   4.6895197317222742e-01	   5.9874789531448924e-01	   4.9804413482264442e-01	   4.3725631924512509e-01	   2.8979588806677337e-01	   7.5036243233961963e-01	   7.6267637508630248e-01	   7.6107822551500925e-01	   6.9905433348344415e-01	   6.6812300262072166e-01	   4.6040782590582208e-01	   5.9788015758566360e-01	   6.4927222013340202e-01	   6.1774665541001628e-01	   6.3395344898946837e-01	   5.3827871022846063e-01	   5.2520466758680495e-01	   6.0347355732029651e-01	   4.3074311723002873e-01	   4.1147273619579539e-01	   4.2392515007389331e-01	   6.0641421521642680e-01	   6.2491987922470138e-01	   3.7563849920263526e-01	   4.6067391320492934e-01	   4.8797928596149553e-01	   6.2380928894393983e-01	   6.2600522242062528e-01	   5.7650307036470960e-01	   6.4376815345118366e-01	   6.4782631213896857e-01	   5.0002616570616498e-01	   4.9849329950647647e-01	   4.9044143939473922e-01	   6.2336084298576144e-01	   4.9076600403666248e-01	   5.4492125504135203e-01	   4.7441069783234413e-01	   2.6114849300863846e-01	   4.3226797230528557e-01	   2.5850002546968875e-01	   5.8717570441145484e-01	   6.9329100143110955e-01	   4.8056880251368850e-01	   4.3044576899117926e-01	   4.8983946292820646e-01	   5.3750924732283478e-01	   4.1416794136199786e-01	   7.0437679986113028e-02	
   7.7459290070650288e-01	   0.0000000000000000e+00	  -2.1011430615379838e-02	   2.1249689888183282e-01	  -2.0164293219672921e-01	  -2.1268054244504841e-01	   2.4726548649021479e-01	   3.6174888520593207e-01	  -3.1032660208109919e-01	  -2.1745541029849838e-01	   7.2141846311340452e-01	   6.7843606380537091e-01	   5.8616000482233610e-01	   5.3509791591494194e-01	   4.6500452734726294e-01	   6.0084531977091937e-01	   6.5537891746978749e-01	   6.7698917436857964e-01	   7.8563622804556632e-01	   8.2533524455184759e-01	   3.6866149018722283e-01	   4.6659132383044682e-01	  -7.0859821913859894e-02	  -1.0151731490137916e-01	  -8.1128455839948682e-02	  -7.1775010553950622e-02	   5.8252260044808157e-01	   6.1125905158793725e-01	   5.4453573146823397e-01	   5.8260751337573624e-01	   2.9262081694119052e-01	   3.2503102844776022e-01	   6.5583612918689516e-01	   6.7947538781644767e-01	   1.9450577719579407e-01	   2.6758344645816501e-01	   4.0905640541526067e-01	   4.9681519285271308e-01	   6.4136038527587369e-01	   7.3536436703293329e-01	   6.9047639461953003e-01	   7.4832507680282934e-01	   3.5515160803078766e-01	   3.5762270385436645e-01	   3.3417555190955051e-01	   3.9447414248331319e-01	   4.6545324737226401e-01	   5.5087877974815846e-01	   3.7984277804217959e-01	   4.3164003339220514e-01	   4.8216675928865438e-01	   4.8125050567145217e-01	   5.2228535726464509e-01	   6.4444353415134492e-01	   6.8282765583227978e-01	   6.5312453658785707e-01	   6.8909663982413472e-01	   8.3537650918472894e-01	   6.0409195990354547e-01	   5.2901480087668351e-01	   6.4021886048463061e-01	   5.0984035087172996e-01	   6.1764615590441418e-01	   6.9411615178162389e-01	   9.9370169844685455e-02	   2.8673690239773175e-01	   4.9407031889814579e-01	   5.7598632425089813e-01	   7.9977258879940116e-01	   7.9965948819396837e-01	   3.1972922864615405e-01	   2.6815419721942479e-01	   6.5305171036843435e-01	   7.6915444735311700e-01	   6.7579806013125521e-01	   6.9462882815985227e-01	   5.8817056247625199e-01	   4.8798367085225469e-01	   6.3325175327295158e-01	   6.5914842683656960e-01	   7.0224486775549599e-01	   7.4315668488467246e-01	   6.6810408109606789e-01	   7.6125235725119766e-01	   6.1477233436706524e-01	   6.3040131260817833e-01	   4.6179245465831842e-01	   4.3065906487096778e-01	   6.4551457190848860e-01	   8.2332620302613857e-01	   6.2822166322461581e-01	   5.7595796659391874e-01	   6.5763467398085962e-01	   6.6873746900349151e-01	   6.2860358580819120e-01	   5.6884391247380373e-01	   6.8276332183382205e-01	   6.7521825505469180e-01	   6.5469493466639084e-01	   5.8660986033032936e-01	   6.4895080009786221e-01	   6.7415787962937579e-01	   6.5449927564764598e-01	   6.7786986873430710e-01	   4.9996002614176982e-01	   1.6913761858539800e-01	   4.9251153110638801e-01	   3.7688817688125476e-01	   4.6146940842665113e-01	   6.5845841704481289e-01	   4.9594003452354612e-01	   4.1842664681861613e-01	   5.1039570868198514e-01	   5.0734007217308208e-01	   3.1130815313599552e-01	   3.1685174085341182e-02	
   4.5990048144746304e-02	  -2.1011430615379838e-02	   0.0000000000000000e+00	   7.5797133066141276e-01	   6.8524075694172704e-01	   4.4180659582421294e-01	   8.0775858443661352e-01	   5.3529965210368191e-01	   5.8176968455661071e-01	   3.3699780827856451e-01	   7.5691291747187958e-02	  -5.4236716279936229e-03	   2.9595704652763988e-01	   3.0282759899622851e-02	   2.5608994350051939e-01	   1.4713460009362095e-01	  -3.4089554609545103e-01	  -3.0773243811503248e-01	   9.8064701646883717e-02	   1.2860689007916498e-01	   4.1300871376397444e-02	  -6.7694760417412334e-02	   8.8072160327822213e-01	   7.8566829922926473e-01	   7.3069292310687239e-01	   6.8416172539239906e-01	   3.1939217500506406e-01	   2.5056398794064338e-01	  -4.3246960893591435e-01	  -3.5736624792411098e-01	   4.6026780553227309e-01	   5.0472751072670141e-01	  -5.1128313460243963e-02	   3.8601412119500148e-02	   4.5639733558490164e-01	   2.1573576864098032e-01	  -2.2786777983317613e-01	  -2.5063108031550113e-01	  -1.0187139973768461e-01	  -7.9646435880767197e-02	  -2.2665793083161206e-01	  -2.2575770522398270e-01	   1.2294904873814620e-02	  -2.6537925568923041e-02	   1.4669094060390719e-01	   3.2768854649582962e-01	  -2.0458089210546523e-01	  -1.2470492030129113e-01	   1.5950136800535139e-01	   2.7553352324496189e-01	  -3.1351883386361197e-02	  -2.5029473443872928e-02	  -1.4742822361229513e-01	  -3.5765220265977442e-02	  -1.7693877276070696e-01	  -2.2795388257122076e-01	  -3.7317066347331673e-01	  -2.7307266628417221e-01	   2.8592607917256713e-01	   6.7266258826808339e-02	   5.0855240027255152e-02	   2.1928141826022526e-02	  -4.7279800216745305e-01	  -4.0492253358237701e-01	   7.4245205405626313e-01	   5.4219509494243745e-01	   3.0867570501173242e-01	   2.1927831202962786e-01	   1.0821076295405319e-01	   3.1525370450367876e-03	  -7.4697142849177514e-02	  -2.8162151507814710e-02	   3.7546217552039476e-02	  -5.3857447266864984e-02	   8.9321359920570220e-02	  -1.4813477770744203e-02	  -1.0829434194877745e-02	  -2.8946033260080307e-02	  -3.2333760737020628e-01	  -2.2029750211922416e-01	  -3.9781391153208578e-01	  -2.6860921031158513e-01	  -1.0934512590994785e-01	  -1.5706249290538377e-01	   1.6467461883291112e-01	   2.4970219116543041e-02	  -2.0406056814050330e-01	  -3.7677381965530062e-02	   2.4434945514048656e-01	   6.3579544496806042e-02	   6.0520428235890544e-02	   5.9556863477847291e-02	   1.7023329641316531e-01	   3.2590348985203599e-01	  -3.4152105939599886e-01	  -4.2142044719793353e-01	  -3.0275320009682760e-01	  -3.5337450192321990e-01	  -1.7110343575168419e-01	  -1.2236219397353876e-01	   4.2792823180493961e-02	   9.3323201893354257e-03	  -1.7536226920120998e-01	  -2.0831157524798416e-01	  -2.5112074276953084e-01	  -1.4961693756067720e-01	  -1.6796716230816963e-01	  -2.8884599461542354e-01	  -4.0792862260565388e-01	  -2.9183581422607607e-01	  -2.2121576966299750e-01	  -1.9096653388584905e-01	   1.0392493387134305e-01	   4.3063109241356298e-02	  -1.5630715739803092e-01	  -2.0081675698567947e-01	
  -7.0567787990197112e-03	   2.1249689888183282e-01	   7.5797133066141276e-01	   0.0000000000000000e+00	   5.2790688067417546e-01	   4.6868983429096134e-01	   7.2969013632504953e-01	   7.4399314832461749e-01	   4.6868927557381945e-01	   4.5204179393415433e-01	   4.4451777455334053e-02	   1.3935465280187559e-01	   2.8742496163732417e-01	   2.4110095854503227e-01	   2.0404582225622603e-01	   3.2939472433516748e-01	  -2.0985584672300589e-01	  -1.6815331531272948e-01	   1.2114378411104215e-01	   3.4977317996954016e-01	   1.2643306484144695e-01	   1.0011031767363238e-01	   6.8800156616808550e-01	   7.7661315994259894e-01	   6.3361824197807914e-01	   6.6305805504283877e-01	   3.9329998679564981e-01	   4.2846318627540020e-01	  -3.4932127321272693e-01	  -2.4240333256775867e-01	   3.6452060104436002e-01	   5.2800270727860854e-01	   8.2868507956502996e-02	   2.4939141957306021e-01	   3.1149794284068666e-01	   2.4446906880986713e-01	  -1.0583156722322937e-01	  -8.8924497973743424e-02	   6.2160187067278258e-02	   1.3749330678083599e-01	  -3.9992210856080866e-02	   5.6625366147235890e-03	   2.2670701662598769e-01	   1.8927603870481319e-01	   2.9027292052872100e-01	   4.4727275037532671e-01	   6.5649473129641991e-02	   1.7008345650882911e-01	   3.5970502850134312e-01	   4.2226428661760040e-01	   1.9272768867959489e-01	   2.1228878727510772e-01	   1.0460657424448305e-01	   2.3866322009509267e-01	   2.0479496311424976e-02	   4.9467030141947088e-02	  -1.9951828500491076e-01	  -4.6159165493282014e-02	   4.2895031172769171e-01	   2.1693044581732018e-01	   1.9367925638318806e-01	   2.0073199345127293e-01	  -1.3465029320386501e-01	  -1.0801286259947265e-01	   5.6636206156166369e-01	   5.7454349894889090e-01	   3.6360953958526204e-01	   4.3039397392959283e-01	   3.5181368529153806e-01	   3.3592208338193325e-01	  -1.3703579937673799e-01	  -5.7594336160610896e-02	   8.5084711597958385e-02	   9.2146310052181796e-02	   9.3176038983157433e-02	   5.7141503338047545e-02	   2.0384661763939629e-02	   1.1368819091672232e-01	  -1.7873373971287390e-01	  -1.1726023680037290e-01	  -2.0675883916302251e-01	  -8.1869649583836163e-02	  -5.5194647208385669e-02	   5.0391689338215986e-02	   1.2177995493081900e-01	   2.8084899409774616e-01	  -7.8715879151083926e-02	   1.1842432409311385e-01	   3.3302139447037432e-01	   3.2842521170258787e-01	   3.8095601594734352e-01	   2.1205704893323260e-01	   4.0070603101853608e-01	   4.0617997847050402e-01	  -1.8363448792547821e-01	  -2.1690856404779260e-01	  -9.7612420666616281e-02	  -1.3729037416970230e-01	   1.0591916995069586e-01	   1.0783398182976753e-01	   2.8797730215856121e-01	   1.2337353412740409e-01	   1.0379546091648749e-01	   3.3442669784382317e-02	  -1.0891605897241480e-01	  -9.5634191782423578e-02	   5.4170371943759073e-02	  -2.9349698354758903e-02	  -2.3845771631449747e-01	  -1.3343424580937557e-01	   9.2337524598665767e-03	  -5.9950637628552999e-03	   2.8996933339421521e-01	   1.9129372535184025e-01	  -9.0618281875022605e-02	  -2.1925533377655645e-01	
  -2.4436065050159853e-01	  -2.0164293219672921e-01	   6.8524075694172704e-01	   5.2790688067417546e-01	   0.0000000000000000e+00	   8.0913053163917947e-01	   4.4268264947509284e-01	   2.6590701568869557e-01	   7.8592491328333225e-01	   6.1444517817326194e-01	  -3.2118147099389244e-01	  -3.1922573247329211e-01	  -1.4518518543519865e-01	  -2.8869299780385116e-01	   4.1951013169585591e-02	  -2.0276407387159634e-02	  -5.2659442031455461e-01	  -5.6730101871436944e-01	  -2.2331550312161449e-01	  -1.6302889373200871e-01	   2.3834510657769037e-01	   9.8326496818100656e-02	   5.5146430907265609e-01	   5.2914721618610638e-01	   5.7297313968767427e-01	   6.7021159843999900e-01	   2.4799602273269628e-01	   2.3880029424556592e-01	  -5.2200572333156325e-01	  -5.2469274457462900e-01	   2.2976294179751594e-01	   2.9285460067455465e-01	  -3.6764974768448999e-01	  -3.2752393492289389e-01	   7.7330789134047201e-02	  -1.2367775383037927e-01	  -2.0648024021785638e-01	  -2.9633876733732090e-01	  -2.8497562940810750e-01	  -2.2430589427884071e-01	  -3.4152367022660052e-01	  -3.3984675138572529e-01	  -1.9142828681516647e-01	  -1.6940989201390078e-01	   1.2115454993696250e-02	   1.4958308997129632e-01	  -3.2322649402029191e-01	  -3.0707918877103524e-01	   1.0273019806192794e-01	   2.6559371900610873e-01	  -2.2533447365054035e-01	  -8.2286990653682529e-02	  -3.8902452721056191e-01	  -1.8113862979678572e-01	  -4.2584308236007928e-01	  -3.9600141333680444e-01	  -4.8348650641743596e-01	  -3.0038662903852781e-01	   9.0519969026985503e-02	   1.5680559762247812e-01	  -2.5158190333115127e-01	  -1.0518409559883374e-01	  -5.8289255788220062e-01	  -5.0268202611401391e-01	   4.1190213302969425e-01	   3.5555401730878672e-01	   5.2249320419678169e-02	   2.4354040421023980e-02	  -5.5946978191018126e-02	  -1.0471264696532043e-01	  -1.7445934647569111e-01	  -3.4267253865931063e-01	  -2.3213013432848406e-01	  -4.0419431816540086e-01	  -3.1560252508935160e-01	  -3.6307577986956496e-01	  -4.3703539883867931e-01	  -4.5772746117343865e-01	  -4.9928435853966313e-01	  -4.8469533151951616e-01	  -5.6980022417780618e-01	  -4.8474348616631202e-01	  -3.2172122711923545e-01	  -3.3520795883339993e-01	  -1.9252688764561540e-01	  -2.1827483759211427e-01	  -2.0365250400939250e-01	  -1.9517683753586079e-01	  -3.9521884372156913e-03	  -1.7467762042114518e-01	  -9.4615329502974285e-02	  -1.7628174540837614e-02	  -2.5547599008970421e-03	   5.9086712527449251e-02	  -4.4383185981820805e-01	  -4.9416243740169380e-01	  -4.5569335946465678e-01	  -5.8628143303906088e-01	  -3.0959111996420574e-01	  -3.2035236565411807e-01	  -1.2009558363767993e-01	  -2.6247789722565351e-01	  -3.2305533762311367e-01	  -3.7795212273049561e-01	  -2.8119838909291706e-01	  -1.1379584445557203e-01	  -3.9823211525301778e-02	  -2.1106076118792966e-01	  -3.3313149553422322e-01	  -4.9078256848187995e-01	  -4.7272618585764714e-01	  -3.2961891025080831e-01	  -1.2366600749727535e-01	  -2.7237706312973753e-01	  -2.9091742570452594e-01	  -9.0448363541082544e-02	
  -3.5732389814631627e-01	  -2.1268054244504841e-01	   4.4180659582421294e-01	   4.6868983429096134e-01	   8.0913053163917947e-01	   0.0000000000000000e+00	   2.5969586993837412e-01	   2.1255377714136625e-01	   6.3739413539562428e-01	   7.8053914018793080e-01	  -4.4646299593574457e-01	  -3.3791373723783369e-01	  -2.8684460610334506e-01	  -2.1988142097134789e-01	  -2.6734003680179458e-01	  -1.3573828432275165e-01	  -4.5669914659238375e-01	  -4.2495744758280241e-01	  -3.2812727957948412e-01	  -2.0865397942231406e-01	   9.8172319122439344e-02	   2.9326106686542456e-02	   3.3736118372091639e-01	   4.1307501001531566e-01	   3.6825458600654914e-01	   5.5301137199843331e-01	  -7.9146065515735362e-03	   3.9291403288157077e-02	  -4.7343046809021821e-01	  -4.1979078987959711e-01	   6.4138454985492949e-02	   1.7962077550445449e-01	  -3.5672427956241470e-01	  -3.2676324864021411e-01	  -1.6093635800481579e-01	  -2.1530586735900345e-01	  -2.4176250667012655e-01	  -2.9966606974044357e-01	  -3.2060860977581440e-01	  -2.4788516588526827e-01	  -3.4412297149004606e-01	  -3.2149288048214519e-01	   1.0393885166893267e-01	   9.9633199199232164e-02	   2.3512748507595851e-01	   2.9092592696152064e-01	  -4.1178419125193419e-02	  -5.2603527265393218e-02	   2.8195563255268741e-01	   3.6037423978945310e-01	  -9.6360110178513647e-02	   9.0788521176791259e-02	  -2.4978405990751593e-01	  -5.5743283448654229e-02	  -3.3870102755060871e-01	  -2.0603399108945772e-01	  -3.7977595863822955e-01	  -2.7262523763664737e-01	  -1.8806002122019858e-02	   5.4246227143811658e-02	  -2.9065956715735852e-01	  -1.1314419740297908e-01	  -3.5847117627273917e-01	  -3.0900934458566987e-01	   5.1266679724574521e-02	   9.6169890298251043e-02	  -4.2718555755875312e-02	  -3.2862206632629051e-02	  -1.5489758666387929e-01	  -1.1610050418831977e-01	  -3.3691935370765269e-01	  -4.7849887416511316e-01	  -2.7463931978503964e-01	  -3.8105044782734149e-01	  -3.6416684318491688e-01	  -3.5060799363543671e-01	  -4.5624078811293362e-01	  -3.3910182193466082e-01	  -4.0058275464995785e-01	  -3.6263880865159925e-01	  -4.9312221037216653e-01	  -4.1223570512133928e-01	  -4.5387802112682746e-01	  -3.4360446428170233e-01	  -3.8509044108627899e-01	  -2.5886801805326848e-01	  -3.3876843999400647e-01	  -2.9051622634256757e-01	  -2.4259731316145350e-01	  -2.2215309740802996e-01	   2.4586392170763850e-02	  -6.9860416088668026e-02	  -5.8264404270782090e-02	  -7.6235774051154281e-02	  -3.4425334825436882e-01	  -4.2940733342314641e-01	  -2.8783908410171433e-01	  -3.9077680007239524e-01	  -8.0037028178419067e-02	  -1.4232059288782206e-01	  -8.9415144542137892e-02	  -3.1492980154854733e-01	  -2.1928217485273027e-01	  -3.4088833330797430e-01	  -2.9411691246396088e-01	  -1.0690287937632803e-01	  -1.2845783826740767e-02	  -1.4518171549402906e-01	  -2.9860981660487146e-01	  -4.1533874719507036e-01	  -2.4224877222097399e-01	  -1.4856817690429486e-01	  -3.5261701468023841e-02	  -1.8509634471782788e-01	  -2.2802385708956374e-01	  -1.6632345757878197e-01	
   2.3912234923274678e-01	   2.4726548649021479e-01	   8.0775858443661352e-01	   7.2969013632504953e-01	   4.4268264947509284e-01	   2.5969586993837412e-01	   0.0000000000000000e+00	   8.2364155289655683e-01	   4.8241554370808815e-01	   3.2466844349469060e-01	   3.5921602459249286e-01	   3.7537324032475744e-01	   6.3646426723343530e-01	   4.1860167201362453e-01	   3.1377175277116554e-01	   2.7902943597428126e-01	  -1.1568738434552853e-01	  -3.3390301846929649e-02	   2.5596452067820125e-01	   3.5392169005491764e-01	  -2.5480532357821925e-02	  -4.7897090598266301e-02	   7.0622073645177652e-01	   6.2387510479296371e-01	   4.9802901812184580e-01	   5.0543088509890255e-01	   2.6786607442415394e-01	   2.5709485723795278e-01	  -1.7626368459945441e-01	  -7.6871324520062762e-02	   4.3056533811393194e-01	   5.0517028488145876e-01	   1.9013375360405527e-01	   3.3645992517566742e-01	   4.2191484949827784e-01	   2.9715648412572859e-01	  -1.1620088031340524e-01	  -1.4181914239430604e-01	   9.6611981005679127e-03	   9.4230486911310807e-02	  -3.6935468898345217e-02	  -1.2121308030193928e-02	   2.0448558048328999e-01	   1.6700803311065762e-01	   2.1926412077394714e-01	   3.7303669622036384e-01	   1.0913454968964457e-02	   1.5713236777514455e-01	   2.7305754363034074e-01	   3.8158390555516497e-01	   2.5717026745076838e-01	   2.7835522863191009e-01	   1.2014828473476971e-01	   2.3864004973118480e-01	   5.4067865271783630e-02	   9.2936988767983508e-02	  -1.7773538591078017e-01	  -6.4560699075449420e-03	   5.2600541023471492e-01	   2.7752586901788340e-01	   5.0978775200896209e-01	   4.4313600114986129e-01	  -1.0628580649290539e-01	   7.9244660308662451e-03	   6.7528197600000772e-01	   6.7895267420661143e-01	   4.2130565043912904e-01	   4.1250369721391211e-01	   2.4568551847691686e-01	   2.5044547314147170e-01	  -3.3419683457885097e-02	   4.7159023486646676e-02	   2.1032825232907010e-01	   1.9849013466486815e-01	   3.2098168676388927e-01	   3.1011537892416885e-01	   2.0512464357634930e-01	   1.2661350761304066e-01	  -6.6547791173436427e-02	   1.9222441016588841e-02	  -8.8570073306114466e-02	   2.0537878804005441e-02	   4.7502637281583403e-02	   5.7315501445151469e-02	   2.5781228352308783e-01	   2.4992829674592032e-01	  -7.8292479977737944e-02	   3.8597944817964504e-02	   2.9961292864038835e-01	   3.4562725912262071e-01	   3.6181308255483596e-01	   2.6548702135945818e-01	   4.3603685813343457e-01	   5.6522271991734530e-01	  -4.1472221944564708e-02	  -1.6793005960207086e-01	  -5.9043555487910751e-02	  -2.8729268229294801e-02	   1.2027919379531025e-01	   1.4038704792462087e-01	   3.4911321195215783e-01	   3.0417683068074103e-01	   1.0508783384820036e-01	   8.9050216864300369e-02	  -1.7780607332403361e-01	  -1.4309085799554627e-01	   1.0937059465358293e-04	  -1.3773846771784093e-01	  -1.4743997920579285e-01	   1.6482276458175949e-02	   2.2491194661989976e-02	  -1.7593527281140439e-03	   2.6639550757709457e-01	   2.0505845721324506e-01	  -9.1029667669769984e-02	  -3.5001126136448391e-01	
   1.2640168281425820e-01	   3.6174888520593207e-01	   5.3529965210368191e-01	   7.4399314832461749e-01	   2.6590701568869557e-01	   2.1255377714136625e-01	   8.2364155289655683e-01	   0.0000000000000000e+00	   3.1680694358975775e-01	   3.5616610347032962e-01	   3.6365272834132367e-01	   5.3618019776085180e-01	   6.1636395735998217e-01	   6.3439931901041535e-01	   2.3123674508560585e-01	   3.4566152036791342e-01	  -1.0077071519827122e-01	   3.8811579236594498e-03	   2.6262108954074059e-01	   4.8136972792531041e-01	  -6.6675589647635633e-02	  -3.6084023147448914e-02	   5.5004079139241924e-01	   5.7874394147406605e-01	   3.6255941132367764e-01	   4.2401272361113551e-01	   2.6203462817575329e-01	   2.8237760526723477e-01	  -1.5613103521925265e-01	  -3.4787171310009080e-02	   2.4264108951035657e-01	   3.8640074025008891e-01	   2.6177415202736543e-01	   4.9599858275342978e-01	   2.9514358681932806e-01	   3.2871662185637152e-01	  -1.0465307321321789e-01	  -1.2804488524388666e-01	   9.4145897144661747e-02	   1.8299887551353922e-01	   8.0950648833279737e-02	   1.1792859438704904e-01	   1.8502597382837721e-01	   1.4647671714726260e-01	   1.5208505000407485e-01	   2.6932130847472385e-01	   7.7583634858572739e-02	   2.1979111866657769e-01	   2.9379345606550222e-01	   3.8148071265501698e-01	   3.5197678940762744e-01	   4.4605144477544834e-01	   2.9770816307617171e-01	   3.7764789623628003e-01	   2.1153726328379938e-01	   2.7856879364583298e-01	  -1.7300251422134527e-01	   7.8186935614634800e-02	   5.6226323301483205e-01	   3.2201731707956660e-01	   6.2856195394987402e-01	   6.8212229955403769e-01	   4.8135154576787464e-02	   1.7718333649548162e-01	   5.6583903522451906e-01	   7.7967241665573261e-01	   3.1670964822503245e-01	   4.1978073811301669e-01	   3.2167178388379625e-01	   3.8862128102280979e-01	  -2.0432176070210309e-01	   4.1151447962587184e-02	   7.8628951691563115e-02	   1.7367355483143262e-01	   2.2435701658627849e-01	   2.7356235962917641e-01	   1.4341338271226312e-01	   1.9752033515853229e-01	  -5.2177045487772473e-02	  -4.0432287858171642e-03	   2.1265236379009719e-02	   1.0786565865563197e-01	   1.0834829394128379e-01	   1.9529686650479389e-01	   2.7043962219030293e-01	   3.7576882504933140e-01	  -3.7038552126593252e-02	   1.3351660613568983e-01	   3.2968873298960694e-01	   5.0175318865157847e-01	   5.6867341790042980e-01	   3.4738705709559969e-01	   5.8950035210536322e-01	   5.5364311111792408e-01	   4.7576769345321318e-02	  -6.7603810231825948e-02	   7.4173352240251757e-03	   5.6757452551785367e-02	   2.5671195911658246e-01	   2.2136506937414840e-01	   4.5145685950894721e-01	   2.9988403538428782e-01	   2.2582868445692839e-01	   1.8063003839196917e-01	  -1.3821192773944280e-01	  -2.0615326527575273e-01	   1.4724113608381792e-01	   5.5984137288302593e-02	  -6.3686641628247193e-02	   5.8582965027611358e-02	   9.7227216847565065e-02	   4.5647765422492020e-02	   2.8813967722668071e-01	   1.7809270872964866e-01	  -1.4045973978779236e-01	  -3.5019758618577385e-01	
  -3.2755455055151161e-01	  -3.1032660208109919e-01	   5.8176968455661071e-01	   4.6868927557381945e-01	   7.8592491328333225e-01	   6.3739413539562428e-01	   4.8241554370808815e-01	   3.1680694358975775e-01	   0.0000000000000000e+00	   8.0836658300667552e-01	  -3.5779886011507062e-01	  -3.1091454781859051e-01	  -1.8464326766439139e-03	  -1.6221123583279831e-01	   1.0201871432066995e-01	  -1.1568477121287326e-02	  -4.7709925600964492e-01	  -4.2745435648073887e-01	  -3.2493034732091786e-01	  -2.5901298015535379e-01	  -7.3413955900868601e-03	  -8.6753838309024167e-02	   5.2637971188915345e-01	   5.7292624525603164e-01	   5.2698495126701184e-01	   6.0241114414902752e-01	  -4.0097853770851469e-02	  -8.7969674842016989e-03	  -4.4876234923428338e-01	  -4.7647061518863359e-01	   8.3620308747347688e-02	   1.8472720536485843e-01	  -4.0046024237182443e-01	  -3.2290027015678013e-01	   2.3380226036335537e-03	  -1.4950443733640645e-01	  -2.6817214275005491e-01	  -3.6116584780469391e-01	  -3.9024879761819498e-01	  -3.8869658786882921e-01	  -3.4180419235518189e-01	  -3.9228693624092159e-01	  -6.3415338559345807e-02	  -6.2267402700244084e-02	   2.6405181627695718e-02	   9.3395072599746470e-02	  -3.0511550423032840e-01	  -2.8979335961810415e-01	   2.6367050957519017e-03	   7.2021205470745545e-02	  -2.5106094742133933e-01	  -1.7400289653905454e-01	  -2.7919090856595674e-01	  -2.3520216438839919e-01	  -4.4840981969857169e-01	  -4.5512222807945069e-01	  -4.1021598928959535e-01	  -3.9269927975636498e-01	   8.0100052882604213e-03	  -5.5206336008346187e-02	  -1.0042750798720990e-01	  -6.7386111739783511e-02	  -4.5413042282053373e-01	  -4.7078834731140118e-01	   3.3493306841059145e-01	   2.2773441433695452e-01	  -4.3872305699630271e-02	  -9.0949022361176274e-02	  -2.1110907596384412e-01	  -2.7186514006472262e-01	  -3.2325153668819806e-01	  -2.8524162440325035e-01	  -1.8884768054089002e-01	  -4.4146083064691954e-01	  -2.5414670863491573e-01	  -3.4093252129186291e-01	  -4.4528134287615451e-01	  -4.7699439735467458e-01	  -4.1159951647838355e-01	  -4.0445593027305848e-01	  -4.5702156917517800e-01	  -4.2824440394968799e-01	  -3.4586554142813408e-01	  -3.7360613313784369e-01	  -2.6650843141324088e-01	  -2.3242565016290770e-01	  -3.1196821852002132e-01	  -2.7324159742172249e-01	  -1.7280129745956815e-01	  -2.4596776069335657e-01	  -1.0096784595934200e-01	  -1.7282249352353049e-01	  -9.1511050345653405e-02	  -9.0515789414398737e-02	  -5.0615003991536034e-01	  -5.1040919320358624e-01	  -5.3072800840769441e-01	  -5.7379047944417072e-01	  -3.2417609529363156e-01	  -3.3920474543639245e-01	  -1.1810648734952400e-01	  -2.7045240206799109e-01	  -2.9410779320459945e-01	  -3.2806766971495094e-01	  -5.1329721007847884e-01	  -2.9248826955565488e-01	  -2.3395458116172618e-01	  -2.5222179777918019e-01	  -3.5863813350067614e-01	  -5.9685165248071315e-01	  -5.2123861560171392e-01	  -4.4712842417562004e-01	  -2.0556810848263546e-01	  -2.4282118588360788e-01	  -3.3431597653009554e-01	  -2.6283608778370560e-01	
  -4.2101308263486659e-01	  -2.1745541029849838e-01	   3.3699780827856451e-01	   4.5204179393415433e-01	   6.1444517817326194e-01	   7.8053914018793080e-01	   3.2466844349469060e-01	   3.5616610347032962e-01	   8.0836658300667552e-01	   0.0000000000000000e+00	  -4.1560393668115525e-01	  -2.9548439087553524e-01	  -1.1489925751055090e-01	  -6.5028173243913509e-02	  -1.8104285095621950e-01	  -9.6003977687751596e-02	  -4.1333686871944453e-01	  -3.0203195755896300e-01	  -4.0079336308943253e-01	  -2.3472030667671062e-01	  -3.3846775921642924e-02	  -4.3994095481223711e-02	   3.1197081332139942e-01	   4.6530420321351262e-01	   3.6324320146832245e-01	   5.3174587789991168e-01	  -2.1346604964520588e-01	  -1.3228466366131317e-01	  -3.9852472147849172e-01	  -3.6437863597900544e-01	  -4.5380818003479317e-02	   1.1636787070521533e-01	  -3.8059929083304467e-01	  -2.8332081616104954e-01	  -2.5460144531479056e-01	  -2.1576806960218892e-01	  -2.0310220463113554e-01	  -2.8194898071003738e-01	  -3.1160447418529530e-01	  -3.1025261436085905e-01	  -2.5933422187912597e-01	  -3.2628824308880655e-01	   1.4339734900039858e-01	   1.2243461909797908e-01	   1.4786298161050726e-01	   1.6332503009052476e-01	  -6.0146793118976555e-02	  -8.1448329572226391e-02	   1.7967614270394450e-01	   2.2484611217751421e-01	  -1.1606893238297188e-01	   6.4544835565243583e-02	  -1.3923384998764049e-01	  -4.3974313151887476e-02	  -3.2031388428028401e-01	  -2.2031433500945266e-01	  -3.6775122146584788e-01	  -2.7699958390171053e-01	  -2.1012167134960121e-02	  -2.4176804326624959e-02	  -9.5275827639567073e-02	   5.7066981511665366e-02	  -2.6921137304592835e-01	  -2.5052360871241464e-01	   3.2437886813336786e-02	   1.0759471087933710e-01	  -1.7829942642132901e-01	  -1.2329855770385931e-01	  -2.3226650150543610e-01	  -1.7907613846948672e-01	  -4.2977034121149427e-01	  -4.0800231811391297e-01	  -2.6178390104935362e-01	  -4.1394413716907930e-01	  -3.1264615655648620e-01	  -3.4485766115170358e-01	  -4.5575001927795622e-01	  -3.7177762903409672e-01	  -3.3455824434952530e-01	  -2.7813014575813566e-01	  -3.7921088397282066e-01	  -3.5803428775791346e-01	  -4.1683575370098069e-01	  -3.2157209401965114e-01	  -4.4842714520604943e-01	  -2.6105447891079742e-01	  -3.6873084740749007e-01	  -3.0026925065278204e-01	  -3.4894187900565748e-01	  -1.9607442856915874e-01	   8.3768898456060448e-02	  -1.3619478667469778e-01	  -4.6067352796508074e-02	  -1.3768358521181642e-01	  -3.1941016722390669e-01	  -4.1228066104643324e-01	  -3.2112573113726062e-01	  -3.9227149350596136e-01	  -8.0177892216849247e-02	  -1.5230180433699053e-01	  -6.1644767095184252e-02	  -2.7758183996586899e-01	  -1.6881866976437188e-01	  -2.4003571006171615e-01	  -4.8387616232449315e-01	  -2.2892112431155717e-01	  -1.6142482816765424e-01	  -1.3081822249750102e-01	  -3.0273976325776530e-01	  -4.9044744570703880e-01	  -3.4688217558098167e-01	  -3.0329721853171515e-01	  -9.6218358212136756e-02	  -1.2520966074787662e-01	  -2.4718359102322734e-01	  -2.6494556184040652e-01	
   7.4187418113978643e-01	   7.2141846311340452e-01	   7.5691291747187958e-02	   4.4451777455334053e-02	  -3.2118147099389244e-01	  -4.4646299593574457e-01	   3.5921602459249286e-01	   3.6365272834132367e-01	  -3.5779886011507062e-01	  -4.1560393668115525e-01	   0.0000000000000000e+00	   8.4993822600669466e-01	   8.5282653759913796e-01	   7.2175158955551988e-01	   6.2011636743960874e-01	   6.2650133856066392e-01	   5.9749405786691334e-01	   6.0629351449630797e-01	   8.3593221805589213e-01	   7.7422420664993330e-01	   1.0579018812388363e-01	   1.9291118520952674e-01	   1.1648427283296751e-01	  -1.7379082915310366e-02	  -1.2580507410101943e-01	  -1.5276275582744045e-01	   4.7036241669495327e-01	   4.1727204470156853e-01	   5.6851116397639245e-01	   6.2496764357658185e-01	   3.6051630456976624e-01	   3.1693052339035999e-01	   6.8520298981491179e-01	   6.7993682171286929e-01	   3.4931449332366515e-01	   4.4171163225985566e-01	   4.1469744300037836e-01	   4.0932403572486198e-01	   6.0861943771473559e-01	   6.0423833927620185e-01	   6.0605220767337187e-01	   6.4067154991164332e-01	   3.1061616809277093e-01	   3.1065283845496222e-01	   3.0846594190784749e-01	   3.5446844312489767e-01	   3.7265515431909602e-01	   4.8149274775023287e-01	   2.8885919987081821e-01	   3.2111597359133093e-01	   4.6826574476762306e-01	   3.9677815492731044e-01	   4.7091454179943570e-01	   5.5012725950695318e-01	   7.0221029052029937e-01	   6.0346837340023174e-01	   3.9580891923630568e-01	   5.1091079929654415e-01	   5.6158846097370985e-01	   3.3484322125934107e-01	   6.8024778126274765e-01	   4.5207585729341565e-01	   4.8158276673604233e-01	   5.6381398003855776e-01	   2.7630100064646190e-01	   3.2871641129915885e-01	   5.6311452422168218e-01	   5.5802918166326521e-01	   5.5474636464464244e-01	   5.6641944838750513e-01	   3.3493361247733611e-01	   3.2420860823353009e-01	   6.5483346420865507e-01	   7.3275570333133810e-01	   7.3478207180515898e-01	   6.4054906353313790e-01	   7.5073992340854379e-01	   5.8011912221018047e-01	   5.5226760835342814e-01	   5.9050774271422757e-01	   6.9720982089158356e-01	   7.1633865524992113e-01	   7.5617999954180193e-01	   6.9181065393958707e-01	   8.2923165114594699e-01	   6.4441342827015413e-01	   3.7484435137017447e-01	   3.8356543239866225e-01	   6.4014185930837086e-01	   7.1558465874965693e-01	   4.7908475946852053e-01	   5.4921702269319750e-01	   5.2035366029012065e-01	   6.3309626205166414e-01	   5.4968700526363179e-01	   4.4696709960411707e-01	   5.7333526382367395e-01	   5.4898090724308024e-01	   4.7465674403253943e-01	   4.6443788486541782e-01	   4.8043552197129191e-01	   5.4242511515304814e-01	   4.6251010202404141e-01	   5.2237223701593227e-01	   3.0844851497291348e-01	   6.9243338970313706e-02	   3.5830276102820929e-01	   2.8091635727903141e-01	   3.3843489919667424e-01	   5.6270862255996035e-01	   4.5982996993852387e-01	   3.0440117919629195e-01	   2.2766683499713491e-01	   3.5220850972621004e-01	   2.6068303188191949e-01	  -6.1107836812379801e-02	
   5.5442561062040951e-01	   6.7843606380537091e-01	  -5.4236716279936229e-03	   1.3935465280187559e-01	  -3.1922573247329211e-01	  -3.3791373723783369e-01	   3.7537324032475744e-01	   5.3618019776085180e-01	  -3.1091454781859051e-01	  -2.9548439087553524e-01	   8.4993822600669466e-01	   0.0000000000000000e+00	   8.1921328012258166e-01	   9.2364539764005005e-01	   4.7942646188197136e-01	   6.3666853970866022e-01	   4.7590647333109282e-01	   5.6035449790783531e-01	   6.9278149920151622e-01	   7.5519215716235222e-01	  -2.8278254386252592e-02	   1.1014765421706199e-01	   9.7111327008201492e-02	   4.7976180893289241e-02	  -1.1908754906198789e-01	  -8.5679005949343828e-02	   3.9072638364341394e-01	   3.8078089836157641e-01	   4.8184940405809173e-01	   5.7986258695521919e-01	   2.4454451724564302e-01	   2.6246370344646053e-01	   6.4592498227571660e-01	   7.2047957495531634e-01	   3.0073129814005689e-01	   4.4145600508164839e-01	   2.5161967141382013e-01	   2.8767259897178010e-01	   4.6699298994546107e-01	   5.3330053719840242e-01	   5.0825245619990267e-01	   5.7410601434903374e-01	   3.2520882340896351e-01	   3.0624862483164433e-01	   2.8241703034774501e-01	   3.0807367317039774e-01	   3.8316449428622307e-01	   5.1046222617027159e-01	   3.4352900345005977e-01	   3.5420388760037025e-01	   5.6768401606039232e-01	   5.3121119590818477e-01	   5.5429779854247874e-01	   5.9040610657181858e-01	   7.1638789064584407e-01	   6.8579464953190472e-01	   2.9835327732421357e-01	   4.6063491489764075e-01	   5.9356910682314790e-01	   3.5707350964733409e-01	   7.7359626580281360e-01	   6.2849151736147668e-01	   5.5125254075512320e-01	   6.6011853103451257e-01	   2.5055961152857287e-01	   4.6366954055562926e-01	   5.3226632822066455e-01	   6.0992264934759133e-01	   4.7560780389233176e-01	   5.5374139583871218e-01	   1.5137613948104994e-01	   3.0664925433631252e-01	   5.0021380176733987e-01	   6.6009126060717260e-01	   6.0128928962401584e-01	   6.3630838710648607e-01	   5.7093360921467107e-01	   5.2690201001332992e-01	   4.4989612771141219e-01	   4.5464454477679150e-01	   6.5575851204617019e-01	   7.1783752654495792e-01	   6.4866286302926368e-01	   6.9719363753569652e-01	   7.5072321004346954e-01	   7.6871885301310794e-01	   3.8515248837604882e-01	   3.9075161720971213e-01	   5.9276201987295607e-01	   7.3279661100692772e-01	   6.1190551739505339e-01	   5.0909963071164943e-01	   6.2331623570561967e-01	   6.1724283005129166e-01	   5.4948898677195257e-01	   4.7078249895544766e-01	   5.3752064741210004e-01	   5.7743765708158312e-01	   5.8674257737919788e-01	   5.0968455464167550e-01	   6.1526407669029548e-01	   5.3654246728458799e-01	   5.3840862354761265e-01	   5.1222570969326298e-01	   2.4201361735534047e-01	  -4.0335375029310526e-02	   4.4180312669529875e-01	   3.4135149514005841e-01	   3.9676482610234015e-01	   5.3035719922618774e-01	   4.4812356868121506e-01	   3.3969697759224698e-01	   2.8980205960978400e-01	   3.2915293085576064e-01	   2.3341592902795846e-01	  -1.5125301870211078e-01	
   5.6425558745832405e-01	   5.8616000482233610e-01	   2.9595704652763988e-01	   2.8742496163732417e-01	  -1.4518518543519865e-01	  -2.8684460610334506e-01	   6.3646426723343530e-01	   6.1636395735998217e-01	  -1.8464326766439139e-03	  -1.1489925751055090e-01	   8.5282653759913796e-01	   8.1921328012258166e-01	   0.0000000000000000e+00	   8.1866513798234630e-01	   6.7770766286345696e-01	   6.4407506726906993e-01	   4.4303881683020457e-01	   5.0387434944580778e-01	   6.9379595747216194e-01	   7.1475372192987696e-01	  -6.0944683618400809e-03	   6.2176966357901889e-02	   3.1625015353861785e-01	   2.2792154377776752e-01	   6.9187978575002501e-02	   4.6254383740214525e-02	   3.7618399889985032e-01	   3.7089057350514532e-01	   4.3182409860501847e-01	   5.0101470061824238e-01	   3.6261481573957371e-01	   3.7636988030875562e-01	   6.4103033074527038e-01	   7.2388012174032590e-01	   3.8108741782562305e-01	   4.3570466538628111e-01	   2.1500943536177083e-01	   2.3285377248200997e-01	   4.4256810811780134e-01	   4.8732042877949133e-01	   4.7045682765288599e-01	   4.8119149807959499e-01	   3.7301636655647641e-01	   3.6890685824668795e-01	   3.7912729134329104e-01	   4.3309621463371706e-01	   3.0983982440042657e-01	   4.5440362381874871e-01	   3.0915723923085492e-01	   3.0817524972781041e-01	   4.5336642679262901e-01	   3.7135490629259710e-01	   4.6815166659408736e-01	   4.9519284208371867e-01	   5.9518111963088027e-01	   5.2103908818591682e-01	   2.7462158968819661e-01	   3.7171556148444657e-01	   6.1068761693786366e-01	   3.0728020788926047e-01	   8.0560490503630744e-01	   5.2852604719029483e-01	   4.3311630988225314e-01	   4.8167902907630900e-01	   4.1896776900750082e-01	   4.3072558601178978e-01	   6.0784073803135530e-01	   5.9635258997694152e-01	   4.7713971617322343e-01	   4.9864248439592651e-01	   1.1758084410369529e-01	   2.6215850070821844e-01	   5.9754885019155457e-01	   6.1882501411541979e-01	   6.8636564674197775e-01	   6.0774381179414427e-01	   6.1741466260693589e-01	   4.6464618421495979e-01	   4.3908860716586828e-01	   4.7577902340137918e-01	   5.7103813935447056e-01	   6.0674984347424998e-01	   6.2371642371964753e-01	   5.7515679577271128e-01	   7.1565315531531715e-01	   6.2962310824293466e-01	   2.2257753138152087e-01	   2.5408426049981653e-01	   5.8247969016703038e-01	   6.6687043974379789e-01	   5.2499697738269513e-01	   4.3522968039715870e-01	   5.1861317537863061e-01	   5.8046267840339638e-01	   3.8849365230793775e-01	   3.2448103975822673e-01	   3.8644713381710505e-01	   4.2767719856119502e-01	   4.0982915679692711e-01	   3.9033996415248651e-01	   5.0406105006461333e-01	   4.9249756326799776e-01	   4.5658681649255939e-01	   4.5817084445779721e-01	   1.2982772140580581e-01	  -5.6617340161589785e-02	   2.4173616257351149e-01	   1.9495128114518173e-01	   1.9217102939116754e-01	   3.5012976325580469e-01	   2.9486006135254550e-01	   9.4181219446395889e-02	   2.0331545407617807e-01	   3.7382113908164560e-01	   2.1249319693511534e-01	  -1.8194098842569834e-01	
