   0.0000000000000000e+00	   8.7344757872218293e-01	   5.6053921630129611e-01	   7.2151953058379692e-01	   5.7565172928988739e-01	   6.2869017807473437e-01	   6.2444124440439308e-01	   6.2987645699291273e-01	   4.9707107764104297e-01	   6.6488263115986357e-01	   6.1151792595257293e-01	   6.6512108103680312e-01	   6.0641765338058884e-01	   7.3544408301583908e-01	   6.8434513616890269e-01	   8.2801571934684548e-01	   6.9321374398499658e-01	   6.8675884968721546e-01	   8.5913200461271533e-01	   8.6411939488465217e-01	   5.4062740359473849e-01	   4.9678590230355940e-01	   4.9551534824619098e-01	   5.5348153058978655e-01	   4.6010001713768256e-01	   5.8341821110673742e-01	   4.8435612017341406e-01	   5.8287307609955852e-01	   6.2710411808752542e-01	   5.1924223724289797e-01	   4.3339827326460145e-01	   5.8734049586700054e-01	   7.9528024540628439e-01	   7.5572181508872693e-01	   3.8147354299790792e-01	   3.8649251104870236e-01	   2.0170276694169606e-01	   1.8052118160613578e-01	   5.7320296747415334e-01	   5.4273468616703435e-01	   6.5079866605774150e-01	   7.7933566192724846e-01	   4.2480379585858286e-01	   3.6234667629182882e-01	   4.4158858678589169e-01	   4.1878523967422621e-01	   3.6555732221186177e-01	   4.0412147540755072e-01	   3.9498476057496346e-01	   4.6893631422708126e-01	   5.1730886751744654e-01	   5.0694537420851615e-01	   6.1470981284077786e-01	   7.0964355468580398e-01	   7.0045879462477711e-01	   5.5874136135480745e-01	   8.5690369688339685e-01	   7.0061200557959069e-01	   4.4739658103509039e-01	   2.0431384804352237e-01	   5.3710481384465525e-01	   3.9653384098214500e-01	   7.1843164557772632e-01	   5.1968472205758420e-01	   3.8633715066345631e-01	   2.7233213086658947e-01	   4.3061452336225980e-01	   4.3359683791327563e-01	   8.2353227837664633e-01	   7.2403763064516991e-01	  -9.8222390479534974e-02	  -7.8313076516323098e-03	   6.4584289689696750e-01	   6.6459440758010802e-01	   6.2557783112897858e-01	   7.0720518994814396e-01	   4.6764661247998301e-01	   5.2778571223852078e-01	   7.2460669201299366e-01	   7.0570678849419077e-01	   7.8350550290770671e-01	   7.5319743909194203e-01	   7.0714177768130493e-01	   8.6751849107670065e-01	   6.7096485367474479e-01	   7.2179350287458477e-01	   2.6811413051785077e-01	   6.7934909924062448e-01	   6.4534764716271553e-01	   7.2365491703671803e-01	   6.9323810188506618e-01	   5.1628737359932964e-01	   5.0764238073755652e-01	   4.1471768638005818e-01	   1.3796429872966176e-01	   3.3292454801367177e-01	   3.4314093351293973e-01	   2.7760417236375029e-01	   6.4000269678435040e-01	   5.2718415421399434e-01	   6.0379981250786974e-01	   6.0933713342056706e-01	   6.7598107782263639e-01	   7.4550781044905867e-01	   4.0543529205659773e-01	   2.1514726643694454e-01	   6.6545567497857161e-01	   6.8012414459809545e-01	  -1.3510107220341611e-01	  -2.6866694649996653e-01	   3.4945498083545645e-01	   3.1446729704775733e-01	   1.4297579476997707e-01	   3.2592942145368997e-01	   2.9367046266287455e-01	   8.8364392722883517e-02	
   8.7344757872218293e-01	   0.0000000000000000e+00	   4.4559312062797940e-01	   6.9819101025681252e-01	   6.3752021700016070e-01	   6.1421213865912661e-01	   5.3105215717378695e-01	   6.4970487468403515e-01	   4.5273738262344165e-01	   6.0262709177385154e-01	   5.3299600993269125e-01	   6.4500475982620586e-01	   5.3378260209946604e-01	   7.0820779659546729e-01	   6.6025246442479835e-01	   7.6924628561882691e-01	   7.5372308348483752e-01	   7.9402184415359245e-01	   8.1277359757533318e-01	   8.5986966715843249e-01	   5.0537493431881408e-01	   4.4801135442626194e-01	   3.9708943702683697e-01	   4.3179824281698931e-01	   3.7261758390422905e-01	   4.9963908066212515e-01	   4.1564339992986588e-01	   4.8957566207234077e-01	   6.1196358655342875e-01	   6.2864934740393075e-01	   3.6162922643291950e-01	   5.3231196264597802e-01	   7.7709244633002150e-01	   7.7338957847714596e-01	   3.8980489638373739e-01	   3.9749790392922552e-01	   9.9998058801992695e-02	   4.8342711615134114e-02	   4.6132626265304616e-01	   4.4548153375034377e-01	   5.6588556225744702e-01	   7.5519936707571422e-01	   3.5245184346621461e-01	   2.7938709754882729e-01	   3.4935924355681297e-01	   3.1181454547506970e-01	   2.9211520083044207e-01	   3.6109790714243628e-01	   2.6528621999110619e-01	   3.5438099933083211e-01	   3.6115293884333333e-01	   3.7996446024145814e-01	   4.9596645221910873e-01	   6.4267946667945464e-01	   5.8204804296923340e-01	   4.6415863293563514e-01	   7.2348059586959779e-01	   7.7286859055291757e-01	   2.9851573977076051e-01	   1.4725861194179637e-01	   4.5870074830776342e-01	   4.0561351740911156e-01	   6.9676842647910731e-01	   5.9179212078114063e-01	   2.9986145038469775e-01	   2.1150114637557965e-01	   3.4354347852680128e-01	   4.0430011741756189e-01	   8.1147745567261198e-01	   7.5305364884625259e-01	  -5.5299848290089972e-02	  -9.7388201114359238e-02	   6.1810863732071319e-01	   7.4529359282472063e-01	   5.7632822681257800e-01	   6.6135346761819713e-01	   3.3800020105987139e-01	   4.8505529558712762e-01	   7.4325704146451765e-01	   7.1860496660795603e-01	   7.6644991156480069e-01	   7.3687307427871840e-01	   7.1222764575700881e-01	   8.1291858375324866e-01	   5.8205594719550890e-01	   6.3738037080283028e-01	   1.7750612322566323e-01	   5.8569388933927069e-01	   5.0505965319251045e-01	   6.3509640854376659e-01	   6.3599840796056584e-01	   4.4973861865301429e-01	   4.4701562316099813e-01	   3.1506903484916932e-01	   2.0736070565886744e-01	   3.6963979766179667e-01	   4.1382948612782505e-01	   2.9125524058530960e-01	   5.8458553257380130e-01	   4.7818512840278860e-01	   5.6653334319299853e-01	   5.7480170614040538e-01	   6.5258439974165983e-01	   6.4304263363953573e-01	   3.4433122042041830e-01	   1.8035777792929475e-01	   6.5445056953080893e-01	   6.1419427420922190e-01	  -1.0921370186088303e-01	  -1.7851206867742025e-01	   4.3220771900232802e-01	   3.5466694537806143e-01	   1.7333991686635830e-01	   3.0002321819471128e-01	   2.6169890972824500e-01	   1.0298130418735894e-01	
   5.6053921630129611e-01	   4.4559312062797940e-01	   0.0000000000000000e+00	   7.3580053547037405e-01	   6.4486921087120275e-01	   4.7943262157878497e-01	   9.4896562417287122e-01	   4.6305188679649939e-01	   5.2586083978485232e-01	   4.3525205611212914e-01	   6.2566583402537579e-01	   4.0857698229991879e-01	   8.6289913341106894e-01	   5.9199780728830842e-01	   5.8736279570868366e-01	   5.3972927836723239e-01	   2.3072559614037291e-01	   1.5086507597567450e-01	   5.9761667405899122e-01	   5.1294303750228998e-01	   4.0107212748541410e-01	   4.5946454601048509e-01	   7.9008069841094319e-01	   7.2857526544138307e-01	   7.2214041575344046e-01	   6.8264955376762082e-01	   8.0090230172036336e-01	   8.1241262214557974e-01	   3.3415852259721390e-01	   1.0379368642616957e-01	   6.0886642983343697e-01	   6.0171731546550722e-01	   6.6742257029261065e-01	   4.5490703197047999e-01	   7.0561317948957281e-01	   4.9508063276501668e-01	   4.9225573154144142e-01	   4.9234010388748117e-01	   7.3425777215807075e-01	   5.6636734406195921e-01	   4.3616384358986637e-01	   5.5214879908871994e-01	   4.7521164762146706e-01	   3.9597775326566215e-01	   4.7613064989382636e-01	   3.1538226499917538e-01	   4.4932154981323202e-01	   5.0088744873827651e-01	   4.3617341440643287e-01	   4.2100310514900019e-01	   5.9826420679226455e-01	   5.0158556567961499e-01	   6.7716336272943123e-01	   6.8686193204122548e-01	   7.6487413506438107e-01	   5.7422158430978132e-01	   3.7454952752768922e-01	   2.3937011583993270e-01	   7.2610337237795552e-01	   2.4668593135869368e-01	   6.4356474164847866e-01	   4.3179168359930498e-01	   3.5818057213610033e-01	   6.6367864558309092e-02	   8.8158572693972181e-01	   6.3954875853925774e-01	   5.9564769822649188e-01	   3.7975096381697060e-01	   5.9724199019428370e-01	   5.1953282283159741e-01	   2.5530346215493971e-01	   1.6618379770093453e-01	   3.5857519485694550e-01	   2.5741652936361648e-01	   5.0595788908601891e-01	   3.5632779308776019e-01	   5.6486268927897842e-01	   3.7806153736213027e-01	   3.3745869672769546e-01	   4.6182964785343283e-01	   4.9325459137962213e-01	   6.0118065710583868e-01	   6.3400580136920959e-01	   5.4278564430468812e-01	   7.1081528796742899e-01	   7.5017665024258229e-01	   3.4202000081253764e-01	   6.0854058512431997e-01	   8.1972553830521655e-01	   7.6315015571625922e-01	   7.3147946802812880e-01	   7.3324291349840265e-01	   5.4042723760901146e-01	   7.7751368746841365e-01	   2.9735001040496500e-01	   4.9236689046987508e-01	   4.9466391072448923e-01	   3.2843899377516006e-01	   5.6775722648834792e-01	   6.1888414254501489e-01	   4.1895102903309511e-01	   6.4433999027706468e-01	   5.3539704992581416e-01	   5.8478821580680151e-01	   5.1378274473599661e-01	   5.8903395752762711e-01	   6.2626300981036287e-01	   6.7293315743735338e-01	   6.2082751880792687e-02	   8.0338328710457159e-03	   2.9899546299570867e-01	   4.1460807529857441e-01	   3.3513412938754350e-01	   5.1011377065377161e-01	   4.4850027976090889e-01	   2.0104129291873174e-01	
   7.2151953058379692e-01	   6.9819101025681252e-01	   7.3580053547037405e-01	   0.0000000000000000e+00	   7.3195106094346574e-01	   7.4265580285618138e-01	   7.6878312549120409e-01	   8.2414010949332417e-01	   5.7026514943522477e-01	   7.1906483528878373e-01	   5.5351907714744863e-01	   6.1790239788808443e-01	   6.8215438104063464e-01	   7.6159651657368976e-01	   6.3940390147896431e-01	   7.5628974874476018e-01	   5.6838015556521837e-01	   5.0295168575420413e-01	   6.5874646439417628e-01	   7.1901470704996107e-01	   5.1599660899602595e-01	   5.8249040309815536e-01	   5.9453945872188896e-01	   6.8614783931223111e-01	   5.2787721539340371e-01	   6.4264846907248296e-01	   6.3904844269459882e-01	   7.2054522244863251e-01	   5.4736386421828398e-01	   4.6587940271205930e-01	   5.2424544923942118e-01	   6.8849265943902960e-01	   7.2851026584896639e-01	   7.7065028117677370e-01	   5.6065562120137102e-01	   5.2766635580813026e-01	   1.6036208471812835e-01	   3.0888001853727620e-01	   5.5783849675934039e-01	   5.2218524499224728e-01	   5.1036358202805621e-01	   6.8198740742147068e-01	   4.8791388340312003e-01	   4.4111306363088654e-01	   4.9777503564768155e-01	   4.3385700952522788e-01	   4.6165333079114640e-01	   5.0366520901774692e-01	   4.3322485454731025e-01	   4.9034541272007265e-01	   5.7343305393149957e-01	   5.1136743147263231e-01	   6.7325437155572876e-01	   6.9784014442662334e-01	   7.0539687552712271e-01	   5.9703532849525309e-01	   6.4522016583572306e-01	   5.9191141507244915e-01	   5.6134144701706445e-01	   3.3523472012937677e-01	   5.2078584818656570e-01	   6.5560309012304707e-01	   5.2421855409869478e-01	   4.9404237295149755e-01	   4.9621115200800497e-01	   6.0226864918165290e-01	   6.1564321313289749e-01	   6.2913380053738288e-01	   7.0230188783461700e-01	   6.9681085290215039e-01	  -3.1343399494474643e-02	   1.7847695634892448e-02	   5.9769096921589759e-01	   6.0116399732993697e-01	   6.6015044282034963e-01	   5.7073739365970966e-01	   4.8428663092926627e-01	   4.2787216397265060e-01	   6.4003782214304650e-01	   6.1670483325767200e-01	   7.1231337955089891e-01	   7.5753402030332251e-01	   6.8142857818884262e-01	   7.0874272928791116e-01	   6.3445909177629689e-01	   7.9658969739173724e-01	   3.8990381883838687e-01	   6.7843359714890394e-01	   7.1763312715338223e-01	   7.5617371349270246e-01	   6.6707445986886693e-01	   5.5043580219700838e-01	   5.4078634362961786e-01	   4.9219703845795082e-01	   4.4858493039396707e-01	   6.2525348496812994e-01	   5.7561631666157087e-01	   4.4738920396824505e-01	   6.2315410110842662e-01	   6.1976679883593866e-01	   4.3409608160832958e-01	   5.9835645804308002e-01	   4.9483161298743528e-01	   6.0110184346994400e-01	   3.7267492462987745e-01	   3.2976345389331962e-01	   6.2266958474492007e-01	   6.5266439244911956e-01	   1.2436726793838837e-01	   7.9379379020190030e-02	   4.7515043828762055e-01	   5.0708334978709746e-01	   4.0031402102293301e-01	   4.5089015551515288e-01	   3.1420635035894573e-01	   1.6249313829759449e-01	
   5.7565172928988739e-01	   6.3752021700016070e-01	   6.4486921087120275e-01	   7.3195106094346574e-01	   0.0000000000000000e+00	   7.7465230731630452e-01	   7.0610179748466018e-01	   6.7835328450664123e-01	   7.7665539028738462e-01	   7.8434402440245354e-01	   5.8354577640489236e-01	   5.2187298854837172e-01	   7.0707100825905889e-01	   6.7748191237300781e-01	   6.9506422277185775e-01	   7.2509149730504929e-01	   4.3256421390589161e-01	   3.6450308089980893e-01	   4.6638861994317876e-01	   4.9740762764967306e-01	   5.4210653441760437e-01	   6.9129988625605665e-01	   3.9050692441318152e-01	   4.0662897785412533e-01	   4.4476737113589904e-01	   5.2195731988775629e-01	   6.8066455777566426e-01	   7.2193294646938933e-01	   2.9676640422868239e-01	   2.8413278405088210e-01	   2.5025377318060782e-01	   4.8778112871166834e-01	   5.5034896317582493e-01	   5.5354260045123582e-01	   4.9260215477481029e-01	   5.5822543039041905e-01	   3.5366360622115867e-01	   3.7919966036773411e-01	   5.5111190857250025e-01	   6.6319132287075433e-01	   4.0304221549932240e-01	   6.7564826784177667e-01	   4.1171934717412628e-01	   3.4404542596975718e-01	   5.1183980759820635e-01	   3.4769751002680516e-01	   4.5423794782298449e-01	   5.4388358920084445e-01	   4.2497944175709257e-01	   4.7318984349913684e-01	   5.9688542188214799e-01	   5.8930909469984827e-01	   7.0072870819729705e-01	   7.4712470231399508e-01	   7.1573920754061193e-01	   5.9265859323320902e-01	   4.8912150647180047e-01	   5.4939765872941138e-01	   6.2131340431357485e-01	   4.6348069382068391e-01	   5.9423009126981285e-01	   7.0674761702159805e-01	   4.9907568683813297e-01	   4.5837295971031078e-01	   5.5189163483817383e-01	   6.3795230511161827e-01	   6.3805990241453370e-01	   6.3741124436972874e-01	   7.3766225258840579e-01	   7.8229638166918758e-01	  -1.3916017440976672e-01	   6.3950678348634576e-02	   3.5457727370475262e-01	   4.6414866247190401e-01	   3.5721807329307076e-01	   3.9535186307265080e-01	   1.5570073153572558e-01	   2.8291644981533237e-01	   4.3642441741010873e-01	   4.6055175890246258e-01	   5.1329672590040076e-01	   5.3564982379621429e-01	   5.2625734359800158e-01	   5.4795471860369926e-01	   4.9331956368316932e-01	   6.4683149752353808e-01	   1.9720375217673544e-02	   4.3149634401369463e-01	   5.9942176911589717e-01	   7.7473757673715582e-01	   7.9108273393205719e-01	   6.8745428050422519e-01	   6.5851176513733611e-01	   6.2771702729688761e-01	   2.1677559656057238e-01	   4.9142141286593843e-01	   4.9445277615449129e-01	   3.6872933152130594e-01	   6.7625892966389900e-01	   6.6123317394894432e-01	   5.3625826714379987e-01	   6.0902020945993662e-01	   5.7154455690790207e-01	   6.1320517404343322e-01	   5.9481649439414452e-01	   4.7841790740219658e-01	   6.7370110275771733e-01	   6.5498039017546972e-01	  -5.4129910745068427e-02	  -9.7868378013261356e-02	   5.0130787668610854e-01	   5.7202510055518263e-01	   3.7421414741253534e-01	   3.4108502965026383e-01	   3.4624399848541054e-01	   2.0900161531594263e-01	
   6.2869017807473437e-01	   6.1421213865912661e-01	   4.7943262157878497e-01	   7.4265580285618138e-01	   7.7465230731630452e-01	   0.0000000000000000e+00	   4.9192524649708719e-01	   7.4769182254342659e-01	   4.8746523493482241e-01	   8.2148271473654333e-01	   3.9330242207572630e-01	   4.3556177023080150e-01	   4.5353187452549054e-01	   5.8431349945454170e-01	   5.3762811404256561e-01	   7.5015358486821659e-01	   5.4422846963481308e-01	   4.4275397872783734e-01	   5.0904479418477633e-01	   5.8876306444228510e-01	   6.5956052913829555e-01	   8.0174202093415103e-01	   3.9114296213816707e-01	   4.8485853731395412e-01	   4.9939253540436346e-01	   6.6393367927179869e-01	   6.7355373826560472e-01	   7.3209034790821048e-01	   4.0858858368476636e-01	   3.4452936814937646e-01	   3.2382263908316661e-01	   5.4451175680498975e-01	   5.6573381556746261e-01	   5.7260939409497924e-01	   4.1539730027968319e-01	   4.6791496830140256e-01	   2.3940300451480254e-01	   2.4648977092786856e-01	   5.0281509176878547e-01	   5.7820470050618056e-01	   4.2597214706430603e-01	   7.4568982584433363e-01	   4.4953472089959656e-01	   4.2422141136081509e-01	   5.8610943351981559e-01	   5.2606965064877442e-01	   4.8301917270312839e-01	   5.5804127207294241e-01	   4.8618769246356086e-01	   5.5585489763646001e-01	   5.0819417165521075e-01	   5.7213786205701489e-01	   6.1964647189389455e-01	   7.1324147419998840e-01	   6.7371097444644756e-01	   5.6165770858440434e-01	   6.0573168357500395e-01	   5.7903027777800242e-01	   4.8890907483721113e-01	   3.8597318598322738e-01	   3.8482934727552387e-01	   6.5326912662752978e-01	   5.0699576537268998e-01	   5.2579813926130636e-01	   3.4066136046890722e-01	   4.9135622855476890e-01	   5.9767477961440851e-01	   6.9909558238040648e-01	   7.2481348773478849e-01	   7.7544533759924117e-01	  -2.3664484497688532e-01	   1.2541142275343301e-01	   3.8842012834099404e-01	   5.1078200861002199e-01	   3.4217736606348920e-01	   4.2598139800514145e-01	   1.6921234555332201e-01	   1.6491498207240607e-01	   5.6283569650114162e-01	   4.3635532294554757e-01	   6.3631714967268049e-01	   5.9226737399066709e-01	   5.2783104639937606e-01	   6.5152713998627609e-01	   5.2037952019825906e-01	   6.7303813612631758e-01	   1.6740467114108654e-01	   5.3705691156371838e-01	   6.1716021423030198e-01	   6.9050014401360904e-01	   7.1161060356083028e-01	   5.4182097654995021e-01	   6.7089022312883140e-01	   4.8107325986208699e-01	   2.4302930602382350e-01	   4.4462903420703181e-01	   4.0134189838343848e-01	   2.7929216663438489e-01	   6.3696434307630956e-01	   5.2543082122051510e-01	   5.3892295228586651e-01	   5.0227169092740254e-01	   4.7214091399553093e-01	   6.0394606774233439e-01	   4.9964122483571605e-01	   3.4687566688661570e-01	   5.8235321684109553e-01	   6.3640259770845975e-01	   5.0210809372949073e-03	  -2.2190726321851378e-01	   3.8573816824217660e-01	   5.0179132890930978e-01	   3.1815801835835267e-01	   3.4893123291169847e-01	   3.7840483765976113e-01	   3.4768241493974528e-01	
   6.2444124440439308e-01	   5.3105215717378695e-01	   9.4896562417287122e-01	   7.6878312549120409e-01	   7.0610179748466018e-01	   4.9192524649708719e-01	   0.0000000000000000e+00	   6.0263177168322224e-01	   5.8656912011713036e-01	   4.8658706340712965e-01	   7.2310985420891127e-01	   5.2778990126161118e-01	   9.1953489981434122e-01	   6.8311482939114976e-01	   6.3284736313028689e-01	   5.9466257005790579e-01	   3.1647362109395838e-01	   2.3641535388282020e-01	   6.2511337859110749e-01	   5.5981932539040979e-01	   4.3224254828142195e-01	   4.9987093020562534e-01	   6.8888030787580012e-01	   6.5368275603661607e-01	   6.0510171837307936e-01	   6.0070125709806732e-01	   7.0604032595310529e-01	   7.6460417765775313e-01	   4.1220852250936962e-01	   1.8980283583095575e-01	   5.4701747985975180e-01	   6.0603138904218468e-01	   6.8855140472395793e-01	   5.1791141036534305e-01	   6.4564209002920392e-01	   5.0986441733049626e-01	   4.2144650233755154e-01	   4.7646398266868795e-01	   6.8358696190692014e-01	   5.9888915483498328e-01	   4.4799037319823376e-01	   6.1604857129738422e-01	   4.0234053726068708e-01	   3.1175461045388075e-01	   4.1664860854881913e-01	   2.4824876336302243e-01	   3.9647153708723992e-01	   4.6204761482772416e-01	   3.5444217848773252e-01	   3.7472846676250116e-01	   5.7748581651891329e-01	   4.7551747231847247e-01	   6.7930650279555105e-01	   6.9449754035994204e-01	   7.3458453862081252e-01	   5.5621868745670344e-01	   4.3964817642952714e-01	   3.4068053671274984e-01	   6.9284105740083235e-01	   2.6157419640906709e-01	   6.9909310906168032e-01	   5.2364312517933265e-01	   4.1808190390211081e-01	   2.0104710905875331e-01	   8.2424532246702320e-01	   7.0102090609991541e-01	   5.8162609920468822e-01	   4.1379889553765248e-01	   6.3102361403309171e-01	   5.5073129812024124e-01	   2.7265712949548904e-01	   2.1905122880809919e-01	   4.2333640126884897e-01	   3.7753143504590769e-01	   5.0607418597118436e-01	   4.4897294779021296e-01	   5.0655127305152148e-01	   4.5845212285248754e-01	   3.9586361074394089e-01	   5.1767890300992891e-01	   5.2754457954164846e-01	   6.4034144173487906e-01	   6.0610892967456853e-01	   5.7496437434789316e-01	   6.6471779489115235e-01	   7.5054947758651291e-01	   2.4200579530267941e-01	   5.7259295977441904e-01	   7.5478265152430835e-01	   7.8299463928475710e-01	   7.7650670903916219e-01	   7.4412248846108864e-01	   6.0744947438706087e-01	   7.7761075103936195e-01	   2.5378778957152526e-01	   4.7450615966519843e-01	   4.5074477327144397e-01	   2.7546879982477063e-01	   5.8368895679790311e-01	   6.4126969295216063e-01	   5.0658830410978450e-01	   6.8833235686004790e-01	   5.9917161047220535e-01	   6.4963298705157746e-01	   5.8482274742599083e-01	   6.0248229496604799e-01	   6.5467760544174225e-01	   6.7449702104005516e-01	  -7.9441070258466466e-03	  -2.5827366176093540e-02	   3.6241392901234881e-01	   4.3442404661380574e-01	   3.2196829182026432e-01	   4.4437725980037640e-01	   4.5160602086906709e-01	   1.7682769506033874e-01	
   6.2987645699291273e-01	   6.4970487468403515e-01	   4.6305188679649939e-01	   8.2414010949332417e-01	   6.7835328450664123e-01	   7.4769182254342659e-01	   6.0263177168322224e-01	   0.0000000000000000e+00	   4.8704122655237819e-01	   6.7636832950938963e-01	   5.5557958506547389e-01	   6.3353684813214284e-01	   5.5600437073457931e-01	   6.9617755780144974e-01	   4.7894813138129155e-01	   6.4320707720425896e-01	   5.9804152023470314e-01	   5.2371035784211428e-01	   4.6448748992971872e-01	   5.8693756457102864e-01	   4.7000195892244057e-01	   5.6655230819684954e-01	   1.9744241679417249e-01	   3.2635952663501150e-01	   1.7578638864573792e-01	   3.5300979493419204e-01	   3.4657293790163002e-01	   4.6377025122821380e-01	   5.3986980557303721e-01	   4.5172697297999598e-01	   2.0183785879872582e-01	   4.6995239518731680e-01	   5.0303491184893045e-01	   6.3965271737804885e-01	   2.4115215268203161e-01	   3.4640914309761989e-01	  -2.9492815491770789e-02	   6.3983994068489244e-02	   3.3835543048282424e-01	   4.0106187881008015e-01	   3.6656607645067013e-01	   6.2080643209488495e-01	   3.2135789140997639e-01	   2.7549962911062076e-01	   3.7633614424018136e-01	   3.5188592222022474e-01	   3.2643239879035468e-01	   4.0523269490236791e-01	   2.5746210643742012e-01	   3.8891362344234937e-01	   4.3899036218554222e-01	   4.3663836467334399e-01	   5.9912671291708974e-01	   5.9914434577662146e-01	   5.3994020920097130e-01	   4.4480603201691304e-01	   6.6016915975234403e-01	   6.6417676131292191e-01	   4.0584475943354414e-01	   3.3855868949873097e-01	   4.1761837627555393e-01	   6.7145473880317119e-01	   5.2961016234182856e-01	   6.9893633430625091e-01	   2.0790666300118410e-01	   5.7774638191919525e-01	   5.1042984956104642e-01	   6.5461404506737031e-01	   6.1523753772394851e-01	   6.4857293126295001e-01	  -1.2427156789653140e-01	   1.4919500377273812e-01	   4.3915803106487616e-01	   5.9383457579783383e-01	   3.6604988716274744e-01	   4.8706070953146297e-01	   1.5827460482299155e-01	   2.5976974287925508e-01	   6.2638193626852390e-01	   4.5780322488400144e-01	   6.4558528926826919e-01	   5.9926567406499121e-01	   4.8194555388666543e-01	   5.6188946705505716e-01	   3.5380110551567684e-01	   5.9019997569172455e-01	   1.7300221486574521e-01	   4.1911811409504540e-01	   4.8788471932323874e-01	   6.0450454236619655e-01	   5.9765037170095325e-01	   4.4987444052869902e-01	   6.0228963558653237e-01	   3.9157057451778587e-01	   3.5085251619397045e-01	   5.0820303581956272e-01	   4.3568631735789642e-01	   2.7187056928320996e-01	   5.6258817154512286e-01	   5.3368895931733829e-01	   4.7156106105317758e-01	   5.4716718959615507e-01	   4.2475732362878871e-01	   6.0008589697569192e-01	   4.3607344295959816e-01	   2.3004453210496492e-01	   5.1901567156174000e-01	   6.0876359756449538e-01	   8.5259950194452858e-02	  -2.6043461140613667e-02	   5.0640908272542273e-01	   5.1535443408739268e-01	   4.0567169927664282e-01	   3.0994142385342299e-01	   2.1130737097762292e-01	   1.7408993164924330e-01	
   4.9707107764104297e-01	   4.5273738262344165e-01	   5.2586083978485232e-01	   5.7026514943522477e-01	   7.7665539028738462e-01	   4.8746523493482241e-01	   5.8656912011713036e-01	   4.8704122655237819e-01	   0.0000000000000000e+00	   7.6812771982663741e-01	   4.2067117340881627e-01	   3.8736747842448516e-01	   5.9781338858142363e-01	   5.0975324890060891e-01	   7.9415682493730422e-01	   6.8430204434851671e-01	   1.7053648597914262e-01	   1.8554164345757782e-01	   3.6539641447284310e-01	   3.2602382991661655e-01	   3.5679692359724652e-01	   4.2183615457507984e-01	   3.5721443517159202e-01	   3.7170890287245278e-01	   3.1114709571607058e-01	   3.8050360087297352e-01	   5.1086840034524861e-01	   5.7015484163061336e-01	   5.0679029997559084e-02	   7.3687583061194925e-02	   1.6587112131253950e-01	   3.4016049866772124e-01	   4.3106712259581925e-01	   4.8087434780018223e-01	   4.0350343170598796e-01	   5.0828026567757256e-01	   2.9180909731973470e-01	   3.1370439150181584e-01	   4.4865523030017751e-01	   5.7626575197944330e-01	   4.5387550997580450e-01	   4.9143028571322667e-01	   4.3354143320679583e-01	   3.8579334090418982e-01	   5.0595193949655337e-01	   3.8579905023763017e-01	   4.6863742016961779e-01	   4.7741446068413051e-01	   4.3627234557682587e-01	   5.1246795176490245e-01	   6.2076402578811063e-01	   6.4684222105105249e-01	   6.4647053193683890e-01	   7.3860286804062081e-01	   6.1234864011401091e-01	   5.7543923071970504e-01	   4.4212809774460604e-01	   5.5692742090745495e-01	   6.5851755316545868e-01	   6.1735728657746980e-01	   4.4733792134742656e-01	   5.4959970402647296e-01	   3.2918965777403586e-01	   3.3492813481627115e-01	   3.7969205864321076e-01	   5.0297833684044979e-01	   6.6494939649241092e-01	   6.3940481970389684e-01	   5.6204670142008961e-01	   6.4706794053071837e-01	  -3.3205738736705720e-01	  -1.7814101582480948e-01	   2.9169805289975820e-01	   2.4724115268145830e-01	   3.5084397090683050e-01	   3.3185491742612422e-01	   1.4824214957646953e-01	   3.0489315543387263e-01	   2.0689688385758054e-01	   3.3510962278576117e-01	   3.0198103250416192e-01	   3.1250210600095701e-01	   4.4704861352001590e-01	   4.2808903696514167e-01	   3.4359968539737545e-01	   4.7716761358344317e-01	   1.7769793306299630e-01	   4.0341970647406306e-01	   5.1696152358597669e-01	   7.3831385540264760e-01	   7.0589583461135419e-01	   7.1337669440348261e-01	   5.9461560309850003e-01	   6.3423152402585203e-01	   1.5388665025454151e-01	   4.4351000757500131e-01	   4.3727757541121443e-01	   3.8844692316077778e-01	   6.4223232252292450e-01	   6.3912750777015215e-01	   4.1085212469818300e-01	   6.2462148874711310e-01	   5.5217157248378135e-01	   5.8623573044195276e-01	   4.4720042503861113e-01	   2.7096481134797323e-01	   4.8838953103550276e-01	   5.4156357458949322e-01	   4.3576625443151773e-02	   4.8436871998991216e-02	   5.6060281715837335e-01	   5.1152967042780106e-01	   3.7012096358301494e-01	   1.8092469034712672e-01	   5.5848095992262328e-02	  -1.6971602067066505e-01	
   6.6488263115986357e-01	   6.0262709177385154e-01	   4.3525205611212914e-01	   7.1906483528878373e-01	   7.8434402440245354e-01	   8.2148271473654333e-01	   4.8658706340712965e-01	   6.7636832950938963e-01	   7.6812771982663741e-01	   0.0000000000000000e+00	   3.8062268580944136e-01	   4.8264272017252940e-01	   4.6302695536294652e-01	   6.3202863990198987e-01	   6.5970793529427907e-01	   8.6058386552749255e-01	   4.7653475957998737e-01	   4.4524670810601746e-01	   4.7893818766830809e-01	   5.1221928640789394e-01	   5.0765151507679485e-01	   6.5851178159222734e-01	   3.6387094438532241e-01	   4.4701368488466819e-01	   3.7318487892482155e-01	   5.3417658896112719e-01	   5.6952348935677821e-01	   6.3337341262626456e-01	   3.1606275117247629e-01	   3.7755599909746296e-01	   2.6424632666471043e-01	   5.5292792691394710e-01	   5.6829457687677554e-01	   6.5684675374538459e-01	   4.4498985829723414e-01	   5.4904556899791324e-01	   2.1801380647843743e-01	   2.9814326345010589e-01	   4.5776848595639047e-01	   5.9861580410488691e-01	   4.9438889146054926e-01	   7.1669517188188259e-01	   4.7228528235857670e-01	   4.5184798536005133e-01	   5.6530313487544370e-01	   5.0910756089382891e-01	   5.2623858995939932e-01	   5.5007462154386888e-01	   4.8296684360376241e-01	   5.6586528799677227e-01	   5.6465422765710860e-01	   6.5032306806271067e-01	   6.5050196542106087e-01	   7.6868586747075707e-01	   6.4577078376397323e-01	   6.0419383552309536e-01	   6.6397327697675013e-01	   7.1091821935858523e-01	   5.4410307140247771e-01	   5.5994735499342974e-01	   4.1806926152536994e-01	   7.1317476030474158e-01	   4.9268158887057656e-01	   5.5208634278079982e-01	   3.0084149752397193e-01	   4.7913901712736734e-01	   6.3897592655807889e-01	   7.3865172589913974e-01	   6.7640660088570603e-01	   7.4215688504936961e-01	  -4.3035484293714060e-01	  -1.1139681097697691e-01	   4.4394289842017576e-01	   5.0804281664067630e-01	   4.5416434893666158e-01	   4.8806367547090368e-01	   1.9453460594119648e-01	   2.7405302628256800e-01	   4.8652707328181155e-01	   5.1328679527448307e-01	   5.5544198068330453e-01	   5.0005591967733165e-01	   5.1305828268123821e-01	   6.4306592876453395e-01	   4.5424694130803223e-01	   5.9524424419430022e-01	   1.6382420744401097e-01	   5.1382062451406874e-01	   5.4076275692434772e-01	   7.3736815475149742e-01	   7.1386540903915929e-01	   5.9333906794990043e-01	   6.7496813007989043e-01	   4.8378471738613299e-01	   2.7820155240436728e-01	   5.2051025079890745e-01	   5.1923857404384310e-01	   4.4861009950335462e-01	   7.3917509660180958e-01	   6.3745677018407432e-01	   5.2027260649528295e-01	   5.3777174077203749e-01	   5.5137974191203432e-01	   6.1626988360005852e-01	   4.3626778910763286e-01	   2.3071398968900803e-01	   5.5764966873180355e-01	   6.3107039292621347e-01	   5.6890876786784728e-02	  -5.6594684828650862e-02	   5.6513384193389549e-01	   6.0974449606156655e-01	   4.3820473946276317e-01	   3.1405083906080455e-01	   2.4914336855190339e-01	   1.2710741725305336e-01	
   6.1151792595257293e-01	   5.3299600993269125e-01	   6.2566583402537579e-01	   5.5351907714744863e-01	   5.8354577640489236e-01	   3.9330242207572630e-01	   7.2310985420891127e-01	   5.5557958506547389e-01	   4.2067117340881627e-01	   3.8062268580944136e-01	   0.0000000000000000e+00	   8.3117315818898541e-01	   8.3738506857385431e-01	   7.8674719277419802e-01	   3.5557375142005482e-01	   4.0561743074192352e-01	   5.4899656350214987e-01	   4.3842292797105287e-01	   4.2789801257294585e-01	   4.0256993546834646e-01	   2.1450334978850488e-01	   2.5403035833836368e-01	   2.6981638300377420e-01	   2.2640077965108396e-01	   1.7624195401682852e-01	   2.1393333314189944e-01	   3.3122814332987505e-01	   4.0111027299763308e-01	   5.6199735548737562e-01	   3.6590619173903771e-01	   1.7581098840937456e-01	   3.3042950603851151e-01	   5.2267944980735725e-01	   5.4407053419367368e-01	   2.6112939529539636e-01	   3.4533451469227799e-01	   2.7528355821714356e-01	   3.2305181773069253e-01	   5.0732063180372311e-01	   5.3747976106599760e-01	   4.1682876762166143e-01	   5.1036764979834737e-01	   2.1954497782164439e-01	   1.3023953933432444e-01	   1.7319700008828892e-01	   7.6842379114658188e-02	   1.9857758126522124e-01	   2.6449255634722568e-01	   1.2325769299704480e-01	   2.3069229959750093e-01	   4.6132346392429269e-01	   3.1129096160100089e-01	   5.5969841238745910e-01	   4.1990768362264752e-01	   5.9577904019159167e-01	   4.4382536482933999e-01	   6.0586386108602996e-01	   4.5759022961904205e-01	   6.5605527194095425e-01	   2.6639888029257208e-01	   8.4726406580998714e-01	   5.4239322588859795e-01	   7.4038137057594855e-01	   5.0734238212406579e-01	   4.8795539899976059e-01	   5.3905333228770713e-01	   4.3808374720571830e-01	   3.7173011959598201e-01	   5.3390744385174060e-01	   4.5133892655504682e-01	   1.8388984522747781e-01	   1.9751278398339644e-01	   4.9239908747442390e-01	   5.3256350930601393e-01	   4.1425505905939181e-01	   5.5372332768750832e-01	   4.6926657085089585e-01	   5.5875424157608022e-01	   5.3961994627314724e-01	   5.1254128223709072e-01	   4.9391158453164041e-01	   4.5494801811280150e-01	   3.7416978615303675e-01	   3.6429728650407756e-01	   3.2952472974906422e-01	   4.4891444134277009e-01	  -8.6325226485836196e-02	   2.1287285830419828e-01	   4.7924044219407302e-01	   5.8625600322884497e-01	   4.7432146630445171e-01	   3.9759954117982871e-01	   3.4987330052431098e-01	   4.2655585126093448e-01	   9.3032563679373070e-02	   2.1927575263602533e-01	   3.4297004991792079e-01	   2.3003301807000626e-01	   4.6363226355781473e-01	   5.4858492049547336e-01	   3.7354189044688474e-01	   4.3629368074455799e-01	   4.2758122761634088e-01	   5.3312621684881711e-01	   5.2339439809965438e-01	   4.0769660116299644e-01	   5.1594696162041442e-01	   4.8184570600156407e-01	  -2.2698299198912208e-01	  -1.2209245740831599e-01	   3.1091002444909244e-01	   3.7296062392647533e-01	   2.0691126863345585e-01	   2.4155016984564928e-01	   2.8773679170810823e-01	   1.1452445870883309e-01	
   6.6512108103680312e-01	   6.4500475982620586e-01	   4.0857698229991879e-01	   6.1790239788808443e-01	   5.2187298854837172e-01	   4.3556177023080150e-01	   5.2778990126161118e-01	   6.3353684813214284e-01	   3.8736747842448516e-01	   4.8264272017252940e-01	   8.3117315818898541e-01	   0.0000000000000000e+00	   6.3413773020288544e-01	   8.8980590635656032e-01	   3.7958683888252631e-01	   5.1113740772276262e-01	   7.1207551945991510e-01	   5.9636211542678108e-01	   4.7147784068854670e-01	   5.2267953859073368e-01	   2.9826799332662995e-01	   2.9131882593568659e-01	   1.7039517298062865e-01	   2.0433358102028210e-01	   6.6190958448225534e-02	   1.5534422797165751e-01	   2.1371539094006164e-01	   2.8970962750988299e-01	   6.3730440986755299e-01	   5.6876762386908353e-01	   9.4340060749507224e-02	   3.1127752859316959e-01	   5.7390823926420975e-01	   7.3283708059241870e-01	   2.1321969785495987e-01	   3.6952377780406553e-01	   1.5718171563830274e-01	   1.9380332343030227e-01	   4.7716224865680323e-01	   5.0149736595487571e-01	   5.5040624013768280e-01	   5.8499172580107828e-01	   2.3064173085128500e-01	   1.7337998751691069e-01	   1.7918577327493321e-01	   1.2879252093550542e-01	   2.1283548386958440e-01	   2.5241619354713074e-01	   1.1593661097542596e-01	   2.4854572068418412e-01	   3.9354568856413402e-01	   3.0160029243095943e-01	   4.9073730574694074e-01	   4.0290256276742620e-01	   5.6816225374919849e-01	   4.6597166593610073e-01	   6.7668593231501606e-01	   5.9054275225587383e-01	   4.5400139698849029e-01	   2.2984390377724423e-01	   6.5840688428374694e-01	   5.9435158744989924e-01	   7.8897913211463333e-01	   7.3985194458285697e-01	   2.0106843145196709e-01	   4.0234424336059182e-01	   3.4526127571184639e-01	   4.2667580485614048e-01	   5.7375150240087358e-01	   5.5466225264211833e-01	   4.7085150299259519e-02	   1.8571517764373054e-02	   6.0469657386996101e-01	   6.6179271810267493e-01	   5.4578381609345572e-01	   6.2316949939547039e-01	   4.3704899538605801e-01	   6.3749246281344463e-01	   6.8084277233163770e-01	   5.8235791206294274e-01	   5.9762193778488637e-01	   5.1064131743084051e-01	   4.4842770774138063e-01	   4.6796639092363818e-01	   2.8265326320601181e-01	   4.5435592565096927e-01	   7.9375680682492955e-02	   2.9965086814262298e-01	   4.4969848047682193e-01	   5.6834532692719386e-01	   3.8326100060352053e-01	   2.5053545365434104e-01	   2.3681501186903464e-01	   1.5345103759826079e-01	   1.4345735227929476e-01	   2.6664510195497615e-01	   3.6469050050162394e-01	   2.8989057053986478e-01	   4.6769826738487863e-01	   4.6356001073331410e-01	   2.2234996807213347e-01	   3.3623453566993844e-01	   3.1091786662355358e-01	   4.2834886284489510e-01	   3.0683518687894806e-01	   1.2675542806149603e-01	   5.0421236365442190e-01	   3.8426055547687432e-01	  -1.3534087233060194e-01	  -7.3792197848565458e-02	   4.0682382700891517e-01	   3.6885936613151965e-01	   2.1793613047869631e-01	   1.3373293803553279e-01	   1.2565303949490803e-01	   3.1690915321541425e-03	
   6.0641765338058884e-01	   5.3378260209946604e-01	   8.6289913341106894e-01	   6.8215438104063464e-01	   7.0707100825905889e-01	   4.5353187452549054e-01	   9.1953489981434122e-01	   5.5600437073457931e-01	   5.9781338858142363e-01	   4.6302695536294652e-01	   8.3738506857385431e-01	   6.3413773020288544e-01	   0.0000000000000000e+00	   7.8054635176481824e-01	   5.8781558102499432e-01	   5.3261098543220142e-01	   3.5242027408185261e-01	   2.4143711606254831e-01	   5.6630181869207541e-01	   4.8177419609223360e-01	   4.0358748206180600e-01	   4.7474612823479090e-01	   5.7395171663234235e-01	   5.2155626597112359e-01	   4.3695896734154216e-01	   4.5295434256424161e-01	   6.1808866313401567e-01	   6.7099359260166014e-01	   4.2336563797282439e-01	   2.0195440490171893e-01	   3.5369563580684282e-01	   4.4426572416390570e-01	   6.0521231716928225e-01	   4.9853691917100385e-01	   4.9301042461080430e-01	   4.4541322287231422e-01	   4.0879918629098694e-01	   4.2503955254357861e-01	   6.4307218545016409e-01	   5.8054548283357721e-01	   4.5346042512272366e-01	   5.9783328393003210e-01	   2.9002336956735475e-01	   1.9608026695657832e-01	   2.8529044780336232e-01	   1.2026327157010369e-01	   2.9577071004287320e-01	   3.7733379753397667e-01	   2.3811002647730350e-01	   2.9112224419368193e-01	   5.0292224148281406e-01	   4.1191369500853581e-01	   6.3205405704249440e-01	   6.2859244704586836e-01	   6.8748886977107648e-01	   4.8466519228740201e-01	   4.6240846404663843e-01	   3.7791814247228767e-01	   7.1998601013628460e-01	   2.8087030254658679e-01	   8.2698525991050742e-01	   5.7483643354296554e-01	   5.5866724879004770e-01	   3.3130378865419485e-01	   7.6412484443761786e-01	   6.6059699981509112e-01	   5.0064955845834036e-01	   3.6951093614264341e-01	   6.2162305073422730e-01	   5.4156820660140714e-01	   2.1884888150532256e-01	   1.8192876633676822e-01	   4.0884800343313854e-01	   3.8867404320455867e-01	   4.4060813476929406e-01	   4.6428374736415412e-01	   4.1460576849142444e-01	   4.3302521640904318e-01	   4.1695683768753478e-01	   4.4032680020033832e-01	   4.9943573572085814e-01	   5.4047355760429261e-01	   5.6084273961668396e-01	   5.0451717047124855e-01	   5.8979511101497217e-01	   6.6043789863120739e-01	   1.1672787488579874e-01	   4.6762556928577093e-01	   7.0903259484619807e-01	   7.5902581775491673e-01	   7.0200308407282641e-01	   6.7567330117427482e-01	   5.1617777688033872e-01	   6.9080932562816566e-01	   1.7744284875906480e-01	   3.8352803029898291e-01	   3.8846466241171407e-01	   2.1411068412638462e-01	   5.0696321005891820e-01	   5.9039917383420537e-01	   4.1183132988410170e-01	   5.8818702429155145e-01	   4.9005671113658278e-01	   5.7932693573360416e-01	   5.0633547489327935e-01	   4.7569906393928685e-01	   5.8060617544326454e-01	   5.5491684055763668e-01	  -9.6155332046665001e-02	  -6.7096308625604104e-02	   3.4309299152561584e-01	   3.8805143663543323e-01	   2.6677030289492465e-01	   2.9376354565506457e-01	   3.3646081168977071e-01	   9.9025890617112575e-02	
