   0.0000000000000000e+00	   6.1311039303395054e-01	   6.1483362585767032e-01	   4.1894972529269703e-01	   2.5936632765705320e-01	   6.3666048480902515e-02	   4.3928534743693537e-01	   2.5970574149325520e-01	  -1.0998149583122792e-02	  -4.6768398076318857e-02	   4.4734142276990235e-01	   4.7049237366510144e-01	   4.7284132377597221e-01	   2.3742325970658829e-01	   5.2764737400901185e-01	   2.3142177606602918e-01	   6.0660524767371538e-01	   5.3023461267513072e-01	   7.2721432279000164e-01	   6.7518923879693238e-01	   2.7633820795625402e-01	   2.5551098563726271e-01	   2.8404362147284107e-01	  -8.8999911848492735e-02	   2.1602496968558399e-01	   4.3666299791271436e-04	   2.4069698583920740e-01	   2.4679594344151662e-01	   5.5048059047245279e-01	   4.9215853889380895e-01	   5.7394711494504480e-01	   3.1251380588550237e-01	   3.6836008819674543e-01	   1.8000541157296571e-01	  -1.1741221862535607e-01	  -1.6363297612999933e-01	   1.6312643381247405e-01	   1.4202758008145250e-01	   4.1382025319418003e-01	   2.6713463453582209e-01	   3.0644942197196878e-01	   3.2397700921875761e-01	   2.4683128561661188e-01	   3.3130089378183203e-01	  -1.0833886921810942e-01	   9.2078946449381058e-03	   1.9615404686651844e-01	   2.2070278554619205e-01	   1.1730102457102336e-01	   2.0387912542565800e-01	   2.5475537410906252e-01	   2.1080498421292826e-01	   3.2742099099760036e-01	   5.0516799435425153e-01	   4.3519339992042161e-01	   4.9976406418516461e-01	   7.6541058598820610e-01	   4.9336808585746561e-01	   1.5408787341246106e-02	  -1.1075765327651216e-02	   1.7949116479857746e-01	   8.8927371312492232e-02	   3.1770250000201616e-01	   5.2658209806870138e-01	  -2.6458732961078687e-03	  -2.4485605691368817e-01	  -1.6119053586930343e-01	  -2.9213755222384280e-01	   2.9337859410777622e-01	   3.5137268784490361e-01	   4.6574365469902879e-01	   2.9550567522550314e-01	   4.7305896739348391e-01	   4.4149720119431979e-01	   5.2378508529203549e-01	   4.1813902950074067e-01	   1.6841979615111291e-01	  -9.2623481973318406e-02	   6.4666287527669009e-01	   4.2509004043598719e-01	   6.4960752507146480e-01	   5.6193249151814861e-01	   5.5514237356375273e-01	   5.7441783434269489e-01	   5.8128757508004003e-01	   6.3009228038548815e-01	   3.5533824140144776e-01	   1.7806172613405774e-01	   2.4826063895444592e-01	   5.8182823683236384e-01	   1.8934273306145422e-01	   3.1347872438132396e-01	   8.9672826378451986e-03	   2.9936138912335813e-01	   3.8011739658942711e-01	   1.8748573306970040e-01	   3.2642260470936257e-01	   3.7749809307979049e-01	   4.6218340547842585e-01	   5.5254012890774318e-01	   1.1151204400495775e-01	   4.8927731236173067e-01	   3.3413804396075819e-01	   2.6873681647554937e-01	   5.2295426909252235e-02	  -3.7918961139522247e-03	  -3.0845213891673690e-01	  -2.7662532223583924e-01	  -6.6312141426880429e-04	   2.9002709194004916e-01	  -8.0445536244287321e-03	   3.5284357572303299e-01	   4.5646200089935401e-01	   2.2069170288301607e-01	   5.2224630226415873e-02	  -2.4771741370678189e-03	
   6.1311039303395054e-01	   0.0000000000000000e+00	   5.4411856035050365e-01	   2.8844291210462120e-01	   3.6039571351881111e-01	   1.3157635874110413e-01	   4.0893549498333526e-01	   1.0765046049601505e-01	   8.8097533771813910e-02	  -2.8510224852246396e-02	   4.0016452727886631e-01	   4.9911161705026275e-01	   3.8389898085336843e-01	   2.1228042694819954e-01	   3.6943777850036130e-01	   2.2973448941193291e-03	   3.1597406059106903e-01	   4.3830171128482215e-01	   4.7114534678917275e-01	   6.2338972952068450e-01	   3.2090677651911200e-03	   1.2396795144231150e-01	   3.6331125197672987e-01	  -3.9938171488788171e-02	   2.2857512408935679e-01	  -4.9549737875773563e-03	   3.5399172723078187e-01	   3.8378383759884444e-01	   2.2231005674500876e-01	   2.0493748267332312e-01	   1.9642896921751324e-01	  -8.3740481732487035e-02	   3.1032858834810655e-02	  -2.0681024943854581e-01	  -2.1065803287901230e-01	  -4.3469668897177333e-01	   7.2764185172326593e-03	   2.2302955955840870e-01	   2.5486145569347912e-01	   1.8827778771071382e-01	   7.0883404537497890e-02	  -7.3341112654028429e-03	   2.6802601246228441e-01	   4.0867204981294813e-01	   4.7434479943318168e-02	   2.7688543235737641e-02	   3.1587889260801316e-01	   2.3137102291867281e-01	   4.5037155093796011e-01	   3.6497698670781542e-01	   5.9963460756728137e-01	   3.1303963987019412e-01	   5.6910437989308871e-01	   4.7615609577989060e-01	   3.5008584757023875e-01	   3.8962488078192592e-01	   6.8003609423823808e-01	   6.8143060018043911e-01	   2.4692522614474044e-01	   1.5535354876754370e-01	   2.3578039192064415e-01	   3.6870662393647349e-02	   1.9884356605749587e-01	   2.2476775028601875e-01	   5.5934396927388150e-02	  -2.4326255057170479e-01	  -1.6417898683162821e-01	  -4.1099270143395128e-01	   7.4979078054250581e-01	   7.8786535961040660e-01	   4.0227321162392138e-01	   1.6197576770603983e-01	   8.8407776192260215e-02	   2.6100530294973689e-01	   6.8859897058988317e-02	   9.4401557271656472e-02	  -2.1616124338012979e-01	  -2.1430426798400271e-01	   4.7629639440897792e-01	   4.5243020479948692e-01	   3.5122256588564926e-01	   4.8681590973576727e-01	   2.6568641828892248e-01	   2.2581085286721478e-01	   3.3201402989125128e-01	   6.3567576115799218e-01	   3.4739920729616103e-01	   2.1453765783056999e-01	   1.4680508134487458e-01	   3.5393167310547091e-01	   1.1609513150453246e-01	   3.2805536223191750e-01	   1.5472318566151483e-01	   1.4986795302349198e-01	   4.8086908960401437e-01	   4.3598304565661294e-01	   5.2678408060385729e-01	   3.6984855014989093e-01	   3.3431992912805419e-01	   3.2285409746043570e-01	   6.3517855000263677e-04	   3.7189264773879649e-01	   2.9288693122301834e-01	   2.1272088243054679e-01	   3.3870760499569906e-02	  -7.1955076695062944e-02	  -6.3822333202378262e-02	  -4.4341718223977156e-01	   2.7803387318207717e-01	   4.5024365299600400e-01	   1.6983278138759061e-01	   4.9361721415580173e-01	   5.5486409228065281e-01	   3.1809609207494705e-01	   1.5916358540455947e-01	  -1.3225205690882763e-01	
   6.1483362585767032e-01	   5.4411856035050365e-01	   0.0000000000000000e+00	   7.0341610957130585e-01	   6.9198173514928696e-01	   5.5731485289176752e-01	   8.5624865067981881e-01	   5.9199545945206333e-01	   3.2075995838618665e-01	   2.0376266598324155e-01	   4.2362061542886575e-01	   3.7889556364093513e-01	   6.3078445439990960e-01	   4.4988227366338379e-01	   4.2913747485246101e-01	   4.7072661904144936e-01	   3.1625209994854070e-01	   3.1895683993619295e-01	   8.8991340810443320e-01	   8.4185410782501247e-01	  -3.5382175678615360e-02	  -6.2962359549754515e-02	   4.7671783900713616e-01	   2.3900342327188984e-01	   4.4094681971479710e-01	   3.3994941506845655e-01	   3.5657178357013036e-01	   3.7194598218826258e-01	   3.9237689315029550e-01	   2.1722437214202714e-01	   6.1087892361686036e-01	   4.8857793953118622e-01	   4.2220097920554217e-01	   2.6505533001960618e-01	   5.3859824799776274e-02	  -3.7614419887880349e-02	  -2.1815971277065016e-01	   5.8662380568721258e-02	   1.5314624183677958e-01	  -2.2565494199335429e-02	  -1.0713638051913621e-01	   9.7610433423986148e-02	   4.2340723625539933e-01	   3.9839924714538011e-01	   1.3910404044137792e-01	   2.6100865504766302e-01	   2.0318197529876253e-01	   6.2021657197043042e-02	   9.8380374460735345e-02	   3.2158098939604024e-01	   1.3012320068778382e-01	   4.8138989357973866e-02	   2.7294613222100694e-01	   6.0747117292929442e-01	   1.1112635479712765e-01	   2.3575999951183918e-01	   4.6167661071622379e-01	   2.5921095360667851e-01	   3.6302912665670123e-01	   8.7760276321158390e-02	   6.1855060908105419e-01	   5.1638289524301884e-01	   8.3581900716006283e-02	   3.8475956190162097e-01	   3.2595566976087020e-01	   1.5237180155594124e-01	   2.4460399937579946e-01	   9.7087102921144912e-03	   4.5007501129968297e-01	   3.9665716546531549e-01	   3.8724576812512357e-01	   3.0930456521382527e-01	   1.6262053509748309e-01	   5.7347963907154560e-03	   6.3315065163405598e-02	  -5.5234695416228552e-02	  -8.6061940704744155e-02	  -2.4715510560738618e-01	   4.7995441709528641e-01	   2.9928127459686144e-01	   3.7078467004426618e-01	   4.0625375129588570e-01	   3.8764975680842639e-01	   4.9458736589485230e-01	   4.4264272318029890e-01	   5.4564481305517187e-01	   4.4663363537235806e-01	   4.1330800597442308e-01	   4.2543409650277786e-01	   5.3787074707271532e-01	   3.4366543808547906e-01	   5.7248024923995344e-01	   2.3720837501945474e-01	   3.9482279054322217e-01	   4.9490191208393641e-01	   3.9233654779668370e-01	   1.5396101848826430e-01	   2.3817181867191317e-01	   2.8305129572488169e-01	   4.7619628635486122e-01	   2.6428728569250193e-01	   5.1082233150317280e-01	   2.3968199344508193e-01	   1.6498342853397052e-01	   1.6668048675388106e-01	   1.3489970034245000e-01	  -2.8973186171187670e-01	  -2.5836986790625738e-01	   1.9190802383211084e-01	   1.6841952333372642e-01	  -2.2529742842275952e-01	   1.2403816436076949e-01	   3.9759294527792799e-01	   3.3151654100048528e-01	   2.5829807952268458e-01	   1.3254805605660502e-01	
   4.1894972529269703e-01	   2.8844291210462120e-01	   7.0341610957130585e-01	   0.0000000000000000e+00	   4.1099629088037615e-01	   6.3487247100335609e-01	   6.3787960776358177e-01	   8.1139634161286855e-01	   1.7031165517306679e-01	   2.8211866493966797e-01	   2.8423195068825374e-01	   2.3603630258826108e-01	   3.5228342393316892e-01	   4.8593748596744052e-01	   2.1798888368779404e-01	   5.8058285136789856e-01	   2.2257112900918966e-01	   1.2612677135705404e-02	   5.2624826456569851e-01	   6.9545367168614614e-01	  -1.0697957811712755e-01	  -1.4213562651924655e-01	   3.6770358165878220e-01	   5.3492965594919650e-01	   2.4610050033772429e-01	   3.7219516503417205e-01	   7.4183848995308763e-02	   1.2629182783307719e-01	   8.8648204026632593e-02	   1.3660174985433332e-01	   5.1273114423308563e-01	   6.4004687499878787e-01	   3.4384808926472277e-01	   3.2402436134099000e-01	   5.5367724732046625e-02	   4.1719077284858935e-02	  -1.7716016183173025e-01	   1.2595212178824866e-02	   4.8092633958017730e-02	  -1.0462422242477545e-01	  -1.6453494669539517e-01	  -4.2467629914799195e-02	   3.1719238209835987e-01	   3.0299064106169948e-01	   1.8253900419153135e-01	   2.4194813350798397e-01	   1.5295943637118409e-01	   1.6009966653498124e-02	   1.0604622580429959e-01	   8.1265675067728707e-02	   1.0957219607834023e-01	  -2.4377379789603179e-02	   1.8196753318542214e-01	   4.2907829969273209e-01	   1.7392908872489579e-02	   7.9757817782196372e-02	   2.8871381170973937e-01	   3.0318789208336624e-02	   1.5560795788569542e-01	   9.7617879613052780e-02	   4.9735041375254768e-01	   6.9793069328063329e-01	   8.6311141794914364e-02	   5.1633307701092590e-01	   2.9044688215493436e-01	   3.5563951848767250e-01	   2.4037409238583765e-01	   1.7769342060752791e-01	   2.7691106292445206e-01	   1.6920653884778750e-01	   1.9992090742220756e-01	   2.6534167768870193e-01	  -3.2219298839827090e-02	   5.2313201014691869e-02	   2.3024032839417823e-02	   8.9915596649093710e-02	   3.1991952412521573e-03	  -2.0373009340413804e-03	   2.5326142772663157e-01	   6.6037457265426897e-02	   1.5280701143666559e-01	   2.0985983456414620e-01	   2.6280040602112920e-01	   4.6608665997166115e-01	   3.5722890553219194e-01	   3.1053278847990112e-01	   4.5724549110291907e-01	   4.5203641313307363e-01	   4.1591833891334301e-01	   5.1722379273260177e-01	   5.1434294767712307e-01	   3.2532772775025870e-01	   4.2610443624057853e-01	   2.1727990350956797e-01	   3.1063430043113183e-01	   2.4977675899128243e-01	   3.8933888106511952e-02	   1.8227871170025106e-01	   3.0877801329641080e-01	   3.2894847283904760e-01	   5.1479684348801658e-01	   4.2994982818413741e-01	   3.9644345129949388e-01	   2.1807552175303069e-01	  -2.0318840069149535e-02	  -4.0315719945193305e-02	  -3.5864482394883151e-01	  -2.1743361455518614e-01	  -4.0247450506577008e-03	   1.4479547038068130e-01	  -1.1069272400348701e-01	   1.4475340878699761e-01	   2.7275228686453346e-01	   1.7160714134663538e-01	   8.4945501195210923e-02	   9.8591665525694164e-03	
   2.5936632765705320e-01	   3.6039571351881111e-01	   6.9198173514928696e-01	   4.1099629088037615e-01	   0.0000000000000000e+00	   6.5688709964549941e-01	   4.9567739056511040e-01	   2.8563669195239028e-01	   6.8510577431339548e-01	   3.6487164141742795e-01	   4.2666117401075523e-02	   2.0955388047527651e-01	   3.1454664814794447e-01	   1.2273292673116652e-01	   4.7314124636110377e-01	   4.2633550160813372e-01	  -2.4012705359087852e-02	   2.4907723310422954e-02	   5.3616077519076810e-01	   5.6021828190427048e-01	   1.0233745919924769e-01	  -8.2125480741401954e-02	   2.3097660237402554e-01	  -3.7755434144017760e-02	   3.8620353632808646e-01	   2.9771820751972650e-01	   3.1906692003979509e-01	   2.0313048608897516e-01	   2.6532216152512916e-01	  -2.6082351244023520e-02	   3.5085526101234910e-01	   1.8103908118992301e-01	   3.4793265366428971e-01	   2.2306334741608563e-01	   1.0150906644225542e-02	   3.9831773724858063e-02	  -2.6486259453475303e-01	  -1.2263348001714122e-01	   2.0912599711906104e-02	  -1.1856889045285106e-01	  -1.0585252776801540e-01	   3.1746825092412434e-01	   4.2299369472941878e-01	   2.9952689709815550e-01	   4.1353179020636288e-01	   4.8673473522723865e-01	   2.2073193451129530e-01	   3.1581805882236441e-02	   4.5637847232957462e-01	   6.7920034284694886e-01	   3.0539191409680888e-01	   3.9405243483425573e-01	   3.1954020759540802e-01	   4.6737196624095273e-01	   1.4590894869226845e-01	   1.8853877365943777e-01	   2.4587250143016026e-01	   2.1146784014474479e-01	   5.9247761546845878e-01	   3.1680488671868079e-01	   4.5813555120946592e-01	   4.5612288708070320e-01	  -7.2596963004234617e-03	   1.0576703656792427e-01	   1.6611626076387886e-01	   6.9448940177455329e-02	   4.1614311788174829e-01	   1.0685237019682704e-01	   3.8009036986789879e-01	   4.1209298749133949e-01	   1.3632667907464672e-02	   1.1555954748368781e-01	  -1.4097421777897678e-01	  -3.2204059708487343e-01	  -2.4764367640617335e-01	  -2.8133166145066302e-01	  -1.3710320804865356e-01	  -3.0593832988517761e-01	   1.1580639492213810e-01	  -7.0837350877104854e-02	   1.9570885352295511e-01	   1.4431231087194851e-02	   2.6172529465368244e-01	   2.2047837567967815e-01	   1.6274978612616892e-01	   3.4654480502827101e-01	   1.7151575200412184e-01	   1.1843570586679447e-01	   3.2325329900463162e-01	   3.3817268238368575e-01	   2.3941144274992962e-01	   4.3199791078873856e-01	   2.1890731518349671e-01	   5.0244595458243879e-01	   2.8267752778764405e-01	   3.0514437010846684e-01	  -1.0474647986447350e-01	  -5.5153027955572569e-03	   1.2550504440585539e-01	   1.9528406056384034e-01	   3.3904136935407714e-01	   4.1067711345055646e-01	   3.9275222530022513e-01	   2.7398922749774923e-01	   3.1737725693869762e-01	   2.5009477399796032e-01	   1.0704865019739664e-02	   9.1264835257607854e-02	   1.8812424123794641e-01	  -1.1702848972688147e-01	  -3.9895440196787307e-01	  -1.6047928228518579e-01	   1.5965716582528400e-01	   2.8414552475895244e-01	   2.9783640083430785e-01	   2.7073569923833646e-01	
   6.3666048480902515e-02	   1.3157635874110413e-01	   5.5731485289176752e-01	   6.3487247100335609e-01	   6.5688709964549941e-01	   0.0000000000000000e+00	   4.4541923227606139e-01	   5.5503349948881930e-01	   4.0266746456822133e-01	   3.9636372566496542e-01	  -1.3029069097131045e-02	   6.5889269999000410e-02	   9.5955744530053011e-02	   2.1729751948210527e-01	   1.3250946956533105e-01	   5.1802042023872208e-01	  -1.5416333776371777e-01	  -2.4310669502443216e-01	   3.1654833034975177e-01	   4.7863044641996144e-01	   8.9826449586129176e-02	  -7.1809470976241352e-02	   4.4940625958477767e-02	   2.3959689406514717e-01	   1.8403539277004732e-01	   4.2909121505776576e-01	   1.2332227944145160e-01	   1.4880283604132533e-01	  -8.0966488239643863e-02	  -1.9504332915296407e-01	   2.6403607606232060e-01	   3.5253630454453488e-01	   3.2711766100826123e-01	   3.2322489015129147e-01	   1.6892288189419025e-01	   2.7345572846594379e-01	  -3.3616929076972057e-01	  -3.9083888287643814e-01	  -2.2827321299850203e-01	  -3.9996140683172215e-01	  -3.3412751652197542e-01	   2.0937280490481235e-02	   3.0328130886154875e-01	   1.8406831345777369e-01	   4.8296148518174559e-01	   4.9792736456980757e-01	   1.7319896597094828e-01	  -1.1315672757166240e-01	   3.2008111110366577e-01	   3.9960395931050707e-01	   8.7846798026435940e-02	   6.3064242634403467e-02	   2.7419369190174958e-01	   5.1918848187221767e-01	  -1.2964762438845578e-01	  -1.4173657453330318e-01	   9.5417918110597411e-02	   1.5168301321702166e-01	   4.6630065945349713e-01	   3.0008763008836969e-01	   5.2086490777749095e-01	   7.1079337415239352e-01	  -4.3176715184241269e-03	   1.5573374530477430e-01	   2.2045409812388059e-01	   2.8061744243159958e-01	   5.5841749122616136e-01	   4.2320869256940852e-01	   2.0324207977499181e-01	   3.2522426574529495e-01	  -2.3268220973416293e-01	   1.3779083325706984e-01	  -4.0734281174369064e-01	  -4.7808502047972912e-01	  -4.8237446244814408e-01	  -4.1942382443445347e-01	  -1.3539533030141115e-01	  -1.5985519973928355e-01	  -1.1762850762063448e-01	  -3.0667390330436861e-01	  -5.3464119615095279e-03	  -1.7757388912573019e-01	  -4.3826728396216281e-03	   1.1660175203053114e-01	   1.1353073048556780e-01	   6.8893872847970147e-02	   6.5671407591393172e-02	   1.6902445491638410e-01	   3.4396844821026995e-01	   2.9034316770187302e-01	   4.4806544735632314e-01	   3.8154045471220277e-01	   4.5989043780321398e-01	   3.1663273351925530e-01	   1.2263070828364610e-01	   1.5376301607301412e-01	  -3.3603372193658820e-01	  -2.1201554293136365e-01	   1.8400943129078695e-02	  -5.9287925576731168e-02	   5.4669823990549016e-01	   3.2839503868621300e-01	   3.0716205857342571e-01	   2.5415829759433817e-01	   1.1158508387720617e-01	   4.4759986093731122e-02	   7.1503088665970964e-03	   1.0903546108685784e-01	   5.8570987357999510e-02	  -3.1052640695272360e-01	  -3.7440198498763022e-01	  -2.8993276042442501e-01	  -1.8788866950693706e-02	   1.0685996685708483e-01	   8.4357462927601545e-02	   1.3629671084425513e-01	
   4.3928534743693537e-01	   4.0893549498333526e-01	   8.5624865067981881e-01	   6.3787960776358177e-01	   4.9567739056511040e-01	   4.4541923227606139e-01	   0.0000000000000000e+00	   6.9065850348623792e-01	   3.9421259294232269e-01	   1.5218931656976614e-01	   5.4150255310699991e-01	   3.8431578343819295e-01	   6.0360513187587417e-01	   3.7788147326644506e-01	   3.4332499453227450e-01	   4.0297831389215899e-01	   2.7541340231369599e-01	   3.1992719554331173e-01	   7.4075378200397446e-01	   6.3908142586256922e-01	  -1.7900175928932077e-01	  -7.7900378886294475e-02	   3.2415423733199167e-01	   2.6172247939253257e-01	   2.4443331355988471e-01	   1.6472649188686886e-01	   9.0982240889497454e-02	   1.7698077932510009e-01	   2.8005520896732466e-01	   3.1748943504436777e-01	   4.2329404185844066e-01	   4.3423784535181359e-01	   2.9423593714073948e-01	   1.4417233951972389e-01	  -1.1056653883334150e-01	  -1.6174158180405354e-01	  -1.7273450156233583e-01	   1.1129789449960475e-01	   1.0312828703100849e-01	   1.0549715410503419e-01	  -1.3412290335101175e-02	   2.1941792194776617e-02	   2.4813970408720559e-01	   2.8371495407956149e-01	   1.3702838626411768e-02	   1.9164531223608849e-01	   1.2707849290370332e-01	   1.2545203950176331e-01	  -4.6188902267271306e-02	   1.5293059031317974e-01	   4.5955548852637904e-02	  -4.8235417905472422e-02	   1.9916272041353980e-01	   4.8941101729676939e-01	  -6.3848351234942993e-02	   1.8283481485358200e-01	   3.3695240951410160e-01	   4.3670346828040281e-02	   1.6502361848365038e-01	  -4.8299774378992447e-03	   5.7303240003040601e-01	   4.7858480148073074e-01	   1.6834409519225327e-01	   5.4131605613099854e-01	   1.4402463814452404e-01	   5.9782911574093198e-02	   1.2800110514844859e-01	   1.9233237109719081e-02	   2.9110032054316337e-01	   2.1307730137739622e-01	   4.5732211121177369e-01	   3.2719717764719614e-01	   8.3317058258422200e-02	   9.5688838688178401e-02	   1.0452353027938230e-01	  -1.6176987158989110e-02	  -1.0124847820299017e-01	  -1.2174081207555598e-01	   4.1892677118136568e-01	   3.6756810803272255e-01	   2.6119956929741450e-01	   4.1888921697486092e-01	   4.3238705037930036e-01	   5.2280550388426117e-01	   2.8732041074054027e-01	   3.8736807517373262e-01	   3.1495824580965359e-01	   3.0972793919682501e-01	   2.2504783048374069e-01	   4.4525185007353185e-01	   3.7284425998886023e-01	   4.2760572183584200e-01	   2.4931477411929578e-01	   2.0978738520600648e-01	   3.1949847220904892e-01	   2.2745165110147347e-01	   1.3881640492001165e-01	   1.5052286943557378e-01	   1.6758616443971378e-01	   3.1485600343997894e-01	   2.5177747167723286e-01	   3.9545052750742893e-01	   1.8710006697059101e-01	   9.3009086523277953e-02	  -4.7889664394809026e-03	  -9.8339024005700160e-02	  -2.6550962669858968e-01	  -3.2240279593095028e-01	  -1.1933276653732070e-02	   2.3728726377608775e-01	  -5.2176127269659228e-02	   1.4073651109475194e-01	   2.8292966884652376e-01	   1.0964093452648405e-01	   8.1076673568890659e-02	  -9.4271350112940938e-03	
   2.5970574149325520e-01	   1.0765046049601505e-01	   5.9199545945206333e-01	   8.1139634161286855e-01	   2.8563669195239028e-01	   5.5503349948881930e-01	   6.9065850348623792e-01	   0.0000000000000000e+00	   3.5971236559553310e-01	   3.8029697990131317e-01	   4.0707783284901000e-01	   3.4197299139713255e-01	   4.3649649141698493e-01	   5.7612031729686108e-01	   2.0584449344905759e-01	   5.8333617073437372e-01	   9.0807057804314584e-02	  -1.2328642662290130e-01	   4.3851067017251710e-01	   4.8271549564513172e-01	  -2.5272983108264291e-01	  -2.7095892648111125e-01	   1.9358384361807338e-01	   3.7016447053847434e-01	  -1.2593751149797203e-02	   1.1462962450360686e-01	  -2.5760577480960634e-01	  -1.6392959639323912e-01	  -1.1500028213486304e-02	   9.5999847532361182e-02	   2.9047482599480601e-01	   5.1105955496789890e-01	   2.3809445328730913e-01	   2.6602475589722219e-01	  -4.3023856236877413e-02	   7.3257499451272719e-03	  -2.4310777206956741e-01	  -2.3997601449286435e-02	  -1.4107272979661903e-01	  -1.6236017709178707e-01	  -2.1707885022755219e-01	  -1.4693154880708986e-01	   2.7092453287313245e-01	   2.4138998369250864e-01	   1.2027969545128203e-01	   2.2603590207976315e-01	   1.8793636776135930e-01	   4.1908899623871163e-02	  -3.1503975788501034e-03	   6.6542121581827625e-04	  -1.7906204949844448e-02	  -3.9525939192391252e-02	   9.3947088260328909e-02	   2.9247172243771058e-01	  -1.7433652374796776e-01	  -4.0506974124836061e-03	   6.8665933384851593e-02	  -2.1425375552884554e-01	   6.2116405999208174e-02	   5.8288995788674094e-02	   4.5091396558880947e-01	   6.6278836596040602e-01	   4.1680437262632181e-02	   4.3493287041243867e-01	   6.1682659903944628e-02	   1.4674134660479143e-01	   1.8284850185116519e-01	   1.8511489287493307e-01	   1.3433249802289962e-01	   7.1331908951988501e-03	   2.2892080728349290e-01	   1.1867018314669259e-01	   1.3523961780334541e-02	   5.2647301002812029e-02	   7.6454519681209948e-02	   8.7215683565956603e-02	   1.7063336526625078e-01	   7.5041385670491095e-02	   9.2322034467762021e-02	  -3.0698452390791341e-02	  -1.0795721334592289e-02	   1.0870020272087128e-01	   2.1551177681957195e-01	   3.7594829665241120e-01	   2.9421731440909871e-01	   1.1223940149588504e-01	   2.6284815045865162e-01	   3.2113578182523767e-01	   8.9317800796361327e-02	   3.7514912294050384e-01	   5.6254166499338898e-01	   2.6964657585927843e-01	   4.4276493974059583e-01	   1.9093552360921884e-01	   1.9380763725711070e-01	   9.2529140789034098e-02	  -3.0916500737282242e-02	   8.7777697638988378e-02	   2.7010541102090063e-01	   2.4732179971600476e-01	   4.8119099544415667e-01	   3.3978891846998027e-01	   1.8140696450604271e-01	   3.1322651350344281e-02	  -2.3585556033605404e-01	  -2.3944508958035937e-01	  -4.4027401103826924e-01	  -2.8004272600157853e-01	  -1.2286452379580834e-01	   1.2275844862277535e-01	  -2.4216141810515391e-02	   7.9553334745463361e-02	   1.5892403089252516e-01	   7.8476842669573041e-03	   2.9960007076921542e-02	   2.9584512381359791e-02	
  -1.0998149583122792e-02	   8.8097533771813910e-02	   3.2075995838618665e-01	   1.7031165517306679e-01	   6.8510577431339548e-01	   4.0266746456822133e-01	   3.9421259294232269e-01	   3.5971236559553310e-01	   0.0000000000000000e+00	   5.3398218065072456e-01	   4.5991224754256821e-02	   1.5564838704924899e-01	   1.9486654921593113e-01	  -2.6365063599754511e-02	   4.7407453289467605e-01	   4.1853020029055854e-01	  -2.2639081058596905e-01	  -1.6561101846186854e-01	   2.0468843203347339e-01	   1.4074242972547363e-01	  -3.2888966100479741e-02	  -2.1168948588122150e-01	  -1.0401111521426433e-02	  -1.3534962663858935e-01	  -1.8843609777866064e-02	  -3.9473276551554429e-02	  -1.1130846801692293e-01	  -2.2071391528528195e-01	   5.0040435960993578e-02	  -8.4478552514200556e-02	  -7.7877617184573561e-02	  -8.4484825779072167e-02	   1.7260399423364323e-01	   9.2767033646964300e-02	  -1.5177405569178595e-01	   1.4882501066363466e-02	  -1.4983810291976274e-01	  -1.1656684093561075e-01	  -1.1517405160457268e-01	  -1.0093961212176930e-01	   3.5325604004562722e-02	   2.6825102713950127e-01	   2.0623757927587943e-01	   4.7536073472393123e-02	   3.0110053207393705e-01	   4.2140279395908936e-01	   1.5053569080391421e-01	   8.6223067682520804e-02	   3.1137038896719427e-01	   4.6286579259244748e-01	   1.3533200959022845e-01	   2.8374617599515606e-01	   1.4945810344326588e-01	   1.4676819980841938e-01	  -3.4051397148264335e-02	   7.0856100612938566e-02	  -5.0495314300663820e-02	  -1.0915004380644359e-01	   2.7460456931654953e-01	   2.3067799989922547e-01	   2.4408215264237315e-01	   3.9016422846756926e-01	  -1.0437056564952751e-01	   4.4876271274411503e-02	  -1.6188370499481772e-01	  -1.2289468983118945e-01	   1.7265502964316692e-01	   6.4137312793822981e-02	   7.8842474608129695e-02	   5.1067338795030739e-02	  -3.1411304837312776e-02	  -8.9969002556748778e-02	  -1.9004743094572721e-01	  -3.1601159095610420e-01	  -1.4096629633933316e-01	  -1.9613001074618794e-01	   4.7244216603773710e-02	  -1.0106982988174346e-01	  -1.3663222331051597e-01	  -2.5852485104081357e-01	  -6.9798652394613206e-02	  -2.3102103719606781e-01	   2.1910626914124148e-01	   1.4858427107867223e-01	  -7.0355089764801190e-02	  -8.4482408942530174e-02	  -1.1785290793255906e-01	  -1.0565875435081148e-01	  -5.6119884848699481e-02	   6.4501384972549397e-02	   1.8590972242647119e-01	   1.8192699627283837e-01	   1.8444011063349575e-01	   4.2175570493216397e-01	  -6.5246887675852863e-02	  -5.4132220044403670e-02	  -2.2547747684090869e-01	  -2.3394393523115822e-01	  -6.7951905945671433e-03	  -6.6944608365662961e-02	   3.0265608658970800e-01	   3.0643942705365079e-01	   3.5297176260027857e-01	   2.0922071752685559e-01	   7.1880337136915190e-02	   2.7965816573537236e-02	   3.6951349186718850e-02	   1.4411905514205509e-01	  -1.2116111253720754e-01	  -1.9761212364805464e-01	  -2.4825411510165957e-01	  -2.9555841384334830e-01	  -1.5762686863100550e-01	  -5.6782591956362954e-02	   1.2022381350903644e-01	   2.3712981404514424e-01	
  -4.6768398076318857e-02	  -2.8510224852246396e-02	   2.0376266598324155e-01	   2.8211866493966797e-01	   3.6487164141742795e-01	   3.9636372566496542e-01	   1.5218931656976614e-01	   3.8029697990131317e-01	   5.3398218065072456e-01	   0.0000000000000000e+00	  -5.7147871717966717e-02	   6.0067476889673510e-02	   4.6178448153287886e-02	   1.9563694571805601e-01	   1.5630871753435266e-01	   6.4975559539951633e-01	  -2.0598685659431612e-01	  -4.2535282232403526e-01	   1.5545502263102035e-01	   2.1227246027262231e-01	  -2.9592206680734001e-01	  -4.5662972707260191e-01	   1.2556074212488012e-02	  -1.1791466364491092e-02	  -2.0634426319398766e-01	  -1.4108276015113588e-01	  -2.1540111747668181e-01	  -3.1464297395400431e-01	  -1.0128561192736062e-01	  -2.7086643280680489e-01	  -1.9758341241597385e-01	  -4.8885714476890815e-02	  -1.2075447582328585e-03	   1.0317168650775316e-01	  -1.6758508376055026e-01	  -4.0774790008229783e-02	  -4.6625047618684845e-01	  -3.2650383545744566e-01	  -4.5609679862262015e-01	  -4.0853280451124241e-01	  -3.5142233462076616e-01	  -1.4852062740987659e-01	   8.3789130987316024e-02	  -8.4849881641412328e-02	   3.9914936079826664e-02	   1.1017246350859350e-01	   6.3069609993237370e-03	  -1.8930494167802184e-01	   2.0348248049709938e-01	   2.2937682547095195e-01	   6.5867786387691946e-02	   1.9157697178338318e-02	  -6.8962419410385348e-02	  -7.2494049377396300e-02	  -2.9205835297851929e-01	  -1.9415970300729737e-01	  -3.6411129527883154e-02	  -1.1958943318017595e-01	   2.7094325315521134e-01	   4.2717351200459908e-01	   4.0341383424855815e-01	   4.6413884845058179e-01	  -1.9737368468967026e-01	  -2.1712259716897975e-01	  -4.6536607011945848e-02	   6.9404318044599025e-02	   4.9529342032898936e-03	  -1.0921307394759011e-01	   1.5061736674854911e-01	   1.8102331132561465e-02	  -2.2883176306419872e-01	  -2.9616615616925768e-01	  -2.2647117504508268e-01	  -3.7116589167082981e-01	  -2.3898120113569896e-01	  -1.2125545464509291e-01	  -4.2361917892011956e-02	  -3.2063589275386134e-01	  -1.3880466113669826e-01	  -3.2775686618778899e-01	  -2.6713525302137597e-01	  -4.0891297324613118e-01	  -1.2331192189983697e-01	  -5.3367769429039265e-02	  -1.2839220713567218e-01	  -4.9698426847264138e-02	  -6.9221495484340020e-02	   1.2463769568725101e-01	  -4.6768441377862624e-02	   1.1100823842351801e-01	   1.0399965884405007e-01	  -3.4653025568233915e-02	   1.1875657219238200e-02	   5.1847337129836982e-02	   1.9320668770593458e-01	   1.9889730992527194e-01	  -2.8635837083910887e-01	  -1.5012761530539337e-01	  -7.9144285559602068e-02	  -4.3772363592553598e-02	   8.3613754324533635e-02	   7.3656483457662181e-02	   1.3598872437650589e-01	  -1.8479880236985080e-01	  -4.7084194857228118e-02	   9.2927320366871541e-02	  -3.0067853275136186e-01	  -1.1349342396060022e-01	   2.0289725660075631e-02	  -1.4044015390149961e-01	  -4.1855164418210344e-01	  -2.5357638961927198e-01	  -5.4104918607244423e-02	   1.4093343054175608e-01	   2.9241119929744808e-01	   3.0883348437771929e-01	
   4.4734142276990235e-01	   4.0016452727886631e-01	   4.2362061542886575e-01	   2.8423195068825374e-01	   4.2666117401075523e-02	  -1.3029069097131045e-02	   5.4150255310699991e-01	   4.0707783284901000e-01	   4.5991224754256821e-02	  -5.7147871717966717e-02	   0.0000000000000000e+00	   7.4904355899729214e-01	   7.4826718029529316e-01	   6.1528648071997327e-01	   3.9731498138998683e-01	   2.4597146772756018e-01	   5.0892160431776490e-01	   5.1630673814787043e-01	   4.7319865660272992e-01	   2.5095343608788889e-01	  -2.2537716655806939e-01	  -1.0031793546197415e-01	   3.5966824656568785e-01	   2.2577424035167787e-01	   9.6208573138545812e-03	  -1.3232567122895836e-01	  -6.8820439884446999e-02	   5.9923763251489626e-02	   2.9449741869237106e-01	   6.5870565736039166e-01	   2.6653481926792333e-01	   2.1825150901507456e-01	  -5.3015819237124520e-02	  -2.5698770234436225e-01	  -3.1857871321490638e-01	  -4.7747534637892630e-01	   1.5697420842715520e-01	   4.4763443981928291e-01	   1.4868718076306389e-01	   3.2922016685151301e-01	   1.3003008105045014e-01	  -1.4210505488836764e-01	   1.2945192446618242e-01	   3.8923914232495349e-01	  -1.1566505874439982e-01	  -1.8118463556242807e-02	   3.7645171699051594e-01	   4.6430053757881429e-01	   1.1852558895017648e-01	   1.0216430476091685e-01	   3.8641161527717682e-01	   1.8228033199339633e-01	   3.0399718614717913e-01	   1.8273373876257312e-01	   9.2925147492583807e-02	   3.4939749506258305e-01	   4.5416381482960955e-01	   9.3367839641409031e-02	  -2.8349297674662599e-02	   4.8138775725796348e-02	   2.4838469111221451e-01	   3.7626792824580646e-02	   5.3657747254423882e-01	   5.5495678399832005e-01	  -1.8142966859144774e-01	  -2.9895978954457403e-01	  -2.3160443445720102e-01	  -3.2207663347482640e-01	   3.2760168342684315e-01	   2.4650574041490464e-01	   4.8334158275527328e-01	   2.8970039754398963e-02	   1.2663792134651108e-01	   5.0742897659545894e-01	   2.6877016662714243e-01	   8.9594729582052529e-02	   1.6710955574758690e-01	   1.6968868010432572e-01	   4.7286626682506322e-01	   5.9897649972545630e-01	   3.5450880591978290e-01	   7.1563470746510383e-01	   5.2569263677764133e-01	   4.7344336355784145e-01	   4.0003450433810295e-01	   4.7158202429719659e-01	   2.7523207841708852e-01	   5.9907621520781412e-02	  -1.1856656043387251e-01	   3.4154960266839796e-01	   2.0745112365552401e-01	   1.3745788167215564e-01	   1.5403294558738218e-01	   1.8485134001612100e-02	   2.2139957141505626e-01	   1.1828211262017603e-01	   4.9918954949767025e-01	   4.3047766417558470e-01	   4.6712210463095927e-01	   4.8550140628316452e-01	   1.3206315289521361e-01	   2.4974354045248975e-01	   1.2759992628705746e-01	   2.8806819502893547e-02	  -1.7742733469646954e-01	  -2.2709162275436981e-01	  -2.6402119135215030e-01	  -5.0488867297601336e-01	  -1.6280537694222996e-01	   5.9468563399744467e-01	   4.8080775142044319e-01	   6.1213874005446323e-01	   5.6605183182709151e-01	   5.8902726067213689e-05	  -1.3216361304024543e-01	  -2.3955990846886910e-01	
   4.7049237366510144e-01	   4.9911161705026275e-01	   3.7889556364093513e-01	   2.3603630258826108e-01	   2.0955388047527651e-01	   6.5889269999000410e-02	   3.8431578343819295e-01	   3.4197299139713255e-01	   1.5564838704924899e-01	   6.0067476889673510e-02	   7.4904355899729214e-01	   0.0000000000000000e+00	   6.6648965619020772e-01	   6.7468317396890964e-01	   3.5417613570032569e-01	   2.1305326409998662e-01	   3.8668435396578255e-01	   3.3961759833632743e-01	   3.8709373884259823e-01	   3.6097554039570551e-01	  -1.6952305089066025e-01	  -1.7057723661147373e-01	   2.6937023600775734e-01	  -4.8452961108570662e-02	   6.1854918931161761e-03	  -1.8523472159057941e-01	  -1.0622348359396711e-02	  -3.7021177400890337e-02	   3.5130563157131289e-01	   4.7933223432482575e-01	   2.2976934288731124e-01	   1.8451367438569277e-01	   2.0243533832464074e-02	  -6.3774966298138683e-02	  -2.7634515936682785e-01	  -4.5762303052301490e-01	  -1.4252209408219968e-01	   3.1947386201261907e-01	   1.2645083121300076e-02	   1.5577219085753669e-01	  -6.7717451027440104e-02	  -3.2013306897029477e-02	   2.2095984631480139e-01	   3.7331219786101810e-01	  -4.4608893252359824e-02	  -9.4595442780559796e-03	   4.3077744120200506e-01	   3.6296298348931849e-01	   4.2629874341801899e-01	   3.7775251780946062e-01	   6.0499194122501543e-01	   4.9620965672119299e-01	   5.3928140621633924e-01	   2.3228949419364855e-01	   3.0468841572448907e-01	   4.4529394685851131e-01	   5.4393975618491508e-01	   2.3321445730878271e-01	   3.8281255788250734e-01	   4.1896906727747407e-01	   3.2458002085028792e-01	   1.1984806620712282e-01	   3.5842693332379849e-01	   3.3739144627838347e-01	  -1.4329804761702142e-01	  -3.9828256358010394e-01	  -9.9651073241740135e-02	  -3.8484093611091968e-01	   3.8051415957749674e-01	   3.7803013797577978e-01	   3.1461087404442933e-01	  -3.9149437599905572e-02	   2.4419413434220522e-01	   3.2050752515390168e-01	   2.4282332954538355e-01	   1.6163357430189068e-01	   4.3224513584655275e-02	  -1.3563095651452800e-01	   4.6865894922568319e-01	   3.7542393404586188e-01	   3.3965917540631879e-01	   5.4027391521731793e-01	   3.4985744724065138e-01	   2.6065589282345558e-01	   4.8848442983914464e-01	   5.9681868440234520e-01	   1.3868756914123784e-01	  -1.3426408041198107e-01	  -1.2800490612513735e-02	   4.4235484513957357e-01	   3.0913892674809351e-01	   1.1773090870466822e-01	   1.4667974741479634e-01	   1.8295887769454629e-02	   4.1265459632901891e-01	   2.7737499527823173e-01	   4.8887926110271035e-01	   5.0099704768621045e-01	   5.8182167617726122e-01	   5.3757753391524266e-01	   9.9240731780033092e-02	   1.7619296221827863e-01	   1.0556287943809749e-01	   3.0324722531287145e-02	   2.6970076894804705e-02	  -3.6354332758581430e-02	  -2.8977721312956145e-01	  -4.7401596889306252e-01	   9.2721769022476877e-02	   5.2609162982806501e-01	   2.5607510701304648e-01	   5.7983220382598377e-01	   6.4198141189253366e-01	   2.4319911493165997e-01	   1.8006087212779032e-01	   1.0801864526099983e-01	
   4.7284132377597221e-01	   3.8389898085336843e-01	   6.3078445439990960e-01	   3.5228342393316892e-01	   3.1454664814794447e-01	   9.5955744530053011e-02	   6.0360513187587417e-01	   4.3649649141698493e-01	   1.9486654921593113e-01	   4.6178448153287886e-02	   7.4826718029529316e-01	   6.6648965619020772e-01	   0.0000000000000000e+00	   6.2148056638018201e-01	   5.0491820839039325e-01	   1.9513853226079289e-01	   4.2501533022005628e-01	   4.3439864941166217e-01	   6.1129939371745012e-01	   3.9695392777884686e-01	  -9.0052843632790647e-02	  -1.4796564648268343e-01	   5.9061271450329678e-01	   2.2513356749914565e-01	   3.6295014100031586e-01	   6.9844139441381806e-02	   2.7670452641641441e-01	   2.7194239540429843e-01	   4.2064578548893988e-01	   3.9400944347505701e-01	   4.9064706864367480e-01	   3.4791972158333540e-01	   8.9925131458806609e-02	  -3.1527306949928932e-02	  -8.5971352360791398e-02	  -3.0194706712860625e-01	  -4.1214310425252809e-02	   3.8821784453234154e-01	   1.3019271213143530e-01	   2.0380684237737592e-01	  -5.8041923522419908e-02	  -5.8060750344886031e-02	   4.4646456369980925e-01	   5.4083955500719527e-01	   6.1938159068517684e-02	   1.7148580871810881e-01	   4.6655208326774145e-01	   4.3722718994571441e-01	   9.9842732468106862e-02	   2.6587818889097464e-01	   2.3259259787478298e-01	   2.1002938045646841e-01	   2.9604763181146593e-01	   3.0066593161379795e-01	   2.1538146933550031e-01	   4.6377161369582415e-01	   3.4137315043144334e-01	   9.5571687759466395e-02	   2.0430463952497713e-01	   1.1433056527004841e-01	   3.7515985726992013e-01	   1.5905668083546992e-01	   1.1180058467690820e-01	   3.1073078527759368e-01	   2.0240350869563689e-01	  -9.3227562050429647e-02	  -1.0913458958839942e-02	  -1.8490080079282778e-01	   3.0978733271399472e-01	   2.0558746972635433e-01	   4.6625936502043125e-01	   1.0490917046722388e-01	   3.5101950415114958e-01	   3.7256370787780285e-01	   2.7587380633657255e-01	   1.7117328118817551e-01	   1.0356056742172390e-01	  -3.6953302873017582e-02	   5.5007514551809156e-01	   4.3550698180796144e-01	   3.0488269852089339e-01	   6.3689151361500729e-01	   4.4807632896138017e-01	   2.6599071651710804e-01	   5.9337406261200987e-01	   5.5324459895999445e-01	   2.8486919602183863e-01	   2.0843394867072616e-02	   5.1753535429170675e-02	   3.5844999693750013e-01	   2.5764341041028160e-01	   3.6386972029099712e-01	   7.4489454848605446e-02	   1.9451415661716143e-01	   4.5589343113508662e-01	   3.4013396185379891e-01	   5.0739698524037802e-01	   5.6729859035766705e-01	   5.5640472282628872e-01	   6.6504360889457836e-01	   1.4569028578763027e-02	   2.0992283840817053e-01	   1.8317546904978350e-02	  -4.0842938547651732e-02	   4.6528184179943699e-02	   1.0060930531446220e-01	  -2.8607091443740301e-01	  -3.7816877327842213e-01	   1.2004691994922051e-01	   5.5625414907977366e-01	   1.9400688862265930e-01	   4.9518486870831824e-01	   5.6813344820050937e-01	   3.0393766478191497e-01	   2.1353616721931903e-01	   1.3256000254820888e-03	
