   0.0000000000000000e+00	   8.0312339812782141e-01	   6.1615879044080946e-01	   3.4342992391089011e-01	   5.2894068686339307e-02	   9.5835746988112425e-02	   5.7150509932433446e-01	   4.4540799144918986e-01	   1.9657805381569501e-01	   1.7828831399595230e-01	   7.9175167591294537e-01	   6.8220336872422083e-01	   6.5032050112693773e-01	   5.1587906442082931e-01	   6.5253734113573847e-01	   4.2192014880886552e-01	   4.5015065226039652e-01	   2.6217791028377313e-01	   6.9199462069911011e-01	   5.4097421606662277e-01	   5.2708903510814357e-02	   4.8203941437078200e-02	   9.4740856037220045e-02	   1.2525911784842850e-01	  -1.6416429525672491e-01	  -1.0602537326387067e-01	   6.7650861712839669e-02	   1.1625462789765289e-02	   6.8054830861622939e-01	   3.5576271408132148e-01	   9.1605284391424124e-02	   5.8132029419980691e-02	   2.9027444610578534e-01	   2.9867741059104691e-01	   2.0786401049298803e-01	   2.4469248229503135e-01	  -8.6029581580426232e-04	  -9.9679554113770774e-02	   5.8408083766909036e-02	   1.5562489939409918e-01	   5.6274046297604952e-01	   4.2110155909896368e-01	   5.1438035989835273e-01	   2.9671561263196855e-01	   2.0378085303830096e-01	   2.1815997718295679e-01	   4.6691057156081661e-01	   3.3756633687025017e-01	   5.7050096742194134e-01	   4.8275204475837002e-01	   5.6159223492762411e-01	   5.0518114692390714e-01	   2.8379441175153008e-01	   3.7515865994327002e-01	   3.1242611322922442e-01	   3.8790589388687935e-01	   8.6527317396755232e-01	   7.7596784875768543e-01	   6.8021608793556321e-01	   5.4314386565205663e-01	   5.9954915784572604e-01	   4.4713456912561189e-01	   7.9435772251538828e-01	   6.1118020043747956e-01	   1.6104972506938176e-01	   3.3055821590891621e-01	   4.4170388228500146e-01	   2.2872134450257919e-01	   3.7767906263193585e-01	   4.3685624764497520e-02	   2.0822080782858421e-01	  -2.5379412890764697e-01	   6.1528461668197831e-01	   5.1949480163825301e-01	   5.9834512003371532e-01	   5.4549212831518568e-01	   4.9390840479449710e-01	   3.7933039543074709e-01	   6.9876374434920241e-01	   2.2855709154423770e-01	   7.1547254597222731e-01	   6.4457897950244514e-01	   5.3340039936061490e-01	   5.8897469029174554e-01	   5.9186978169943694e-01	   4.3623863920780326e-01	  -9.7876316168543046e-02	   9.7018058937060614e-02	   2.6812976105833980e-01	   5.8550879981847281e-01	   4.7109419790194296e-01	   4.5014005381426875e-01	   3.1695149255270982e-01	   1.6282040405231929e-01	  -1.0224736517273405e-02	  -1.4289130219737194e-02	   1.1498803964739120e-01	   4.4934897935053029e-02	   6.9016852579601640e-01	   7.3970729527607493e-01	   4.8829400741789952e-01	   5.8296970756941391e-01	   4.8983982967099532e-01	   6.6699008822179995e-01	  -1.8990831559596794e-01	   1.1014765598138276e-01	   1.2047063121515225e-01	   3.4245216932834893e-01	  -3.5583684352812429e-02	   1.1953076308269840e-03	   2.6287225546042248e-01	   4.9976743107608718e-01	   5.1186884997413751e-01	   5.1155445400077826e-01	   3.5876909694756715e-01	   9.7351529629554845e-02	
   8.0312339812782141e-01	   0.0000000000000000e+00	   4.3586487824347642e-01	   6.3258326664328046e-01	   2.2226261274619474e-01	   3.9001847244199506e-01	   3.6506028487482978e-01	   6.0827493195255078e-01	   6.1045355508320916e-02	   2.7984905814532418e-01	   5.3368057337091290e-01	   6.3729530036594628e-01	   4.6839624717680961e-01	   5.3410410741854675e-01	   4.9769413309992905e-01	   6.7702894105823430e-01	   6.8124711976520458e-01	   5.4099008318779762e-01	   7.1564652221962044e-01	   8.2700411467631341e-01	   3.7488758385875043e-01	   3.8895775685600281e-01	   3.9516877919345400e-01	   4.5852781114354224e-01	   2.6976362137508181e-01	   3.1601372825552254e-01	   4.0411727407310871e-01	   3.2015550024639439e-01	   7.6208613103616418e-01	   6.8710189455709991e-01	   5.0396697804403712e-01	   4.6505197752826344e-01	   4.4312880925932407e-01	   5.6905372646290975e-01	   2.6632375853242013e-01	   3.1237913499864411e-01	   1.1663656227406985e-01	   2.3070559521577327e-01	   4.2935664351090164e-01	   5.1311554514406188e-01	   6.7675050842698847e-01	   6.1975395379939990e-01	   7.3465705016915628e-01	   6.3995029563429007e-01	   5.7971827749603722e-01	   5.6552369192398388e-01	   6.8159765483666535e-01	   6.6643117853553147e-01	   7.4590188103843047e-01	   6.3943320035254547e-01	   7.3158202815291506e-01	   7.3274585854235963e-01	   4.5115663554135438e-01	   5.4726722530721561e-01	   5.8569870292289061e-01	   7.2838083950248245e-01	   8.0069064736568185e-01	   8.7054274265476728e-01	   4.0243513775250872e-01	   4.7933162307214594e-01	   2.1864740321344811e-01	   3.9900775809768357e-01	   7.4932870694666942e-01	   6.9039870634369538e-01	   1.4159846416567820e-01	   4.5479243752869913e-01	   4.7020737558651460e-01	   4.7782309577730109e-01	   7.3087737610341585e-01	   4.2020440366085932e-01	   3.2619121754818131e-01	   3.6838660143363594e-02	   6.5543804463851896e-01	   6.5581374133513082e-01	   5.8849396383565944e-01	   5.3099821786127688e-01	   5.0616018577985156e-01	   4.0834740038713124e-01	   7.7393274444340188e-01	   4.4440655356284764e-01	   8.1489699106889746e-01	   7.9136822263254247e-01	   8.1027058378940064e-01	   8.6202944851047558e-01	   7.5797355970942970e-01	   7.6031478878011649e-01	   3.6835853106415539e-01	   4.7500211567264583e-01	   3.3774701531095908e-01	   7.6022019933162410e-01	   6.4340280707694153e-01	   4.8170119813719459e-01	   5.9853207999091218e-01	   1.8155440418302354e-01	   7.0517376123874972e-02	   7.7055572901681163e-02	   3.2569335411975087e-01	   3.9074429563494628e-01	   8.4079595747578006e-01	   7.8681918279638385e-01	   7.0219764479078906e-01	   4.5481828263598678e-01	   6.6670225068791455e-01	   6.8549109376165973e-01	  -1.2437388835182561e-01	   1.6097549129197811e-01	   2.9115482857509922e-01	   4.3993645857203834e-01	   4.2106065836566023e-02	   1.2030384571672384e-01	   4.1643801904997302e-01	   5.5086000508654343e-01	   5.2684515038625446e-01	   6.0086355490647470e-01	   3.5320660890610844e-01	   7.1303117462814383e-02	
   6.1615879044080946e-01	   4.3586487824347642e-01	   0.0000000000000000e+00	   4.0032346504662253e-01	   2.6217586315981145e-01	   1.0388703431838683e-01	   8.8327467405292859e-01	   5.4054220791769070e-01	   5.4564367336518715e-01	   1.8625857242062638e-01	   5.7240232453963924e-01	   4.8212215285775806e-01	   5.8103935260851114e-01	   4.6567158569860323e-01	   5.1163225704622539e-01	   3.2900224533932754e-01	   9.4083647051378172e-02	   1.8919104622088061e-02	   5.7218845559028264e-01	   3.7894219216078961e-01	  -8.2701831053145936e-02	  -2.5183031663882705e-01	   3.4498723455568764e-01	   2.1803026080184340e-01	  -1.1574371010716049e-01	  -9.1253364223051817e-02	   7.1305254674170464e-03	  -5.9597226325917241e-02	   4.1097351533723014e-01	   8.9908417609027208e-02	   1.9379385484240635e-01	   6.0259673574986128e-02	   5.5792380866524993e-02	   3.9265639466097103e-02	   7.6443589416806429e-02	   1.0721752165680659e-01	  -1.3018819462770245e-01	  -4.2605158796411491e-01	  -9.7221447416458287e-02	  -6.1315160644280171e-02	   2.4593219989674411e-01	  -3.9821606512135989e-02	   2.9222016226384362e-01	   6.9283895604602436e-02	  -1.0435765913631767e-02	  -1.5938826241903715e-02	   2.5358689121575878e-01	   1.0042193543643030e-01	   4.0423101865877242e-01	   3.1279576816293497e-01	   4.7748972538295653e-01	   3.8670652999369604e-01	   2.2900518941510112e-01	   3.0845710045618846e-01	   8.6858010371478445e-02	   9.6672418567090967e-02	   4.6536602387879122e-01	   3.5524290528704855e-01	   4.9841309185708094e-01	   3.9193201116459486e-01	   5.4176726935933872e-01	   4.1234969819916767e-01	   5.3675274011885521e-01	   4.4459953875904368e-01	   2.9858765804393306e-01	   2.7657706846189217e-01	   2.1065759772737813e-01	   1.5618990812821119e-02	   1.2880670221022353e-01	  -3.6540824177355935e-02	   3.5362406046711731e-01	  -1.7590242498322728e-01	   3.4551311011583064e-01	   2.8056609439132019e-01	   5.0347565559286900e-01	   3.9857303318925680e-01	   3.2809310142233705e-01	   2.4998830487434395e-01	   4.1122409585255781e-01	   4.3178770414591408e-02	   4.0240809344992923e-01	   3.8348578393925681e-01	   2.7608525277067031e-01	   3.1914253272392556e-01	   3.0945245329461574e-01	   2.5172903046076256e-01	  -1.1250130723536078e-01	  -8.0379249507301145e-03	   3.7219731000810496e-01	   3.5072487483375414e-01	   2.4760622217684791e-01	   3.8034311197739640e-01	   1.4709531700941725e-01	   2.2202488173173168e-01	  -3.8928287863678683e-02	  -4.7688132533089886e-02	  -1.1204367088533176e-01	  -1.7733372960033206e-01	   3.2223002092269493e-01	   3.6381634022396869e-01	   1.2732522677190733e-01	   5.0552584006111723e-01	   8.6081630728940928e-02	   3.3614384265316721e-01	  -3.1121355161407649e-01	  -1.6715249289881678e-01	  -1.7291184396727644e-01	  -1.9086932582808584e-02	  -1.4824985316617706e-01	  -1.1649918785085997e-01	  -2.7656900596934992e-03	   8.1005191391449904e-02	   1.7073631248609161e-01	   1.0907348244694109e-01	   2.0292198451381657e-01	  -1.3182266206880827e-01	
   3.4342992391089011e-01	   6.3258326664328046e-01	   4.0032346504662253e-01	   0.0000000000000000e+00	   4.2191828695230682e-01	   7.4139302220159831e-01	   4.0146599758579316e-01	   9.0217387287500750e-01	   3.4948877594467145e-02	   5.7020978814728263e-01	   7.2558647822898975e-02	   3.0684160812122113e-01	   6.6174746897615280e-02	   3.6849052959022449e-01	   1.9596970217079132e-01	   7.4722777493773962e-01	   2.7288082512909650e-01	   1.2279459542067581e-01	   5.0164234307095690e-01	   6.7889442325778793e-01	   5.1568840232446367e-01	   4.8522354609985568e-01	   6.6799779766352951e-01	   8.2426381209447674e-01	   5.3837987409542731e-01	   6.3368526272266590e-01	   5.8636502014647329e-01	   6.0700369603922733e-01	   3.4574373915040912e-01	   4.1688649882390194e-01	   7.3223479446806850e-01	   7.7846613733525438e-01	   3.1048459886555202e-01	   4.9615666843112188e-01	   3.8556509940040035e-01	   5.2624484257641702e-01	   7.2671874590862384e-02	   1.0122859094852135e-01	   5.2681653651455906e-01	   5.2082029695799581e-01	   4.9919824810299146e-01	   2.2819065533091365e-01	   5.6076619630213143e-01	   4.9714814495075771e-01	   4.7392018628371468e-01	   5.3548804528226013e-01	   4.8528307573255947e-01	   4.9764802888269666e-01	   4.9789871645485578e-01	   4.9098500556877250e-01	   6.1812237266195069e-01	   5.8754805785818609e-01	   4.4807132876407091e-01	   4.6243181771254543e-01	   5.1585465934191888e-01	   5.8434442573270373e-01	   4.3815155901752834e-01	   4.6318881765504311e-01	   1.2616385352925241e-01	   4.2735763884512556e-01	   1.0088269280635652e-02	   5.8311605578156422e-01	   4.3840204963210150e-01	   6.1639750308785657e-01	   2.2191691435216138e-01	   6.9014601465607206e-01	   3.2661036977713054e-01	   5.0478709338508743e-01	   5.2577114678599990e-01	   4.0830451543916052e-01	   4.1535275243641889e-01	   9.9221159693149513e-02	   3.7343052005583710e-01	   3.9845173034061826e-01	   4.5566389971115895e-01	   3.7281390242495616e-01	   3.2781193270134917e-01	   4.5417201127084283e-01	   3.9455195751693167e-01	   1.6209078835242169e-01	   3.6323410110965432e-01	   3.5983160743851883e-01	   6.8678015332405096e-01	   6.8159548698651629e-01	   4.3426580373709323e-01	   7.8823860433189030e-01	   5.1777628998787972e-01	   5.6048055631373273e-01	   4.3339139126960846e-01	   6.8704338025390488e-01	   5.5195927324791583e-01	   2.1828174653482318e-01	   7.6505165240063522e-01	   1.5710486275885567e-02	  -4.4716682194125466e-02	   1.0266998743186877e-01	   5.5569825066019582e-02	   2.9766802590190594e-01	   5.1341788837274138e-01	   3.1778360242082354e-01	   5.5315115540894377e-01	   1.4179490986402368e-01	   2.8079893521872157e-01	   3.4016386059484605e-01	  -1.6634702829472928e-01	  -1.1482958463977117e-01	   1.2908868160008452e-01	   3.6214829804360790e-02	  -1.6363733081818047e-01	  -3.4754100770010127e-03	   1.3661955870889128e-01	   5.0730916329727080e-02	   1.0548875005475809e-01	   2.1135958947372838e-01	   1.7448228701547663e-01	  -9.1200508106465655e-02	
   5.2894068686339307e-02	   2.2226261274619474e-01	   2.6217586315981145e-01	   4.2191828695230682e-01	   0.0000000000000000e+00	   7.3137943774707581e-01	   2.6098658795636076e-01	   4.3372413951455774e-01	   4.5809426098403205e-01	   6.0190842908545428e-01	  -8.2188636839857637e-02	  -4.1472624943345013e-02	  -1.5260255675148618e-01	  -6.7190933113756193e-02	   2.9073970250549852e-01	   2.0781619947784599e-01	   3.4371677149562406e-03	   2.0487612546221590e-01	   2.9604841787583625e-01	   3.1846947747272031e-01	   6.2129776040845253e-01	   4.5425685466861609e-01	   3.3565843778698523e-01	   3.5090056468956893e-01	   4.6852676183659359e-01	   4.1157109103186151e-01	   5.2377795521712567e-01	   4.4934510100348946e-01	   6.6574050846017994e-03	   2.1421482987606549e-01	   2.8890202797188785e-01	   2.8185933392280321e-01	   1.9897946498496397e-01	   3.0733428622992420e-01	   3.5333245054775075e-01	   3.7674331652872334e-01	   1.6067594741937380e-01	   9.7139031361685474e-02	   4.8367304708297765e-01	   3.5642180064421924e-01	   2.6677427202852799e-01	   5.0085260325339505e-03	   3.7724041513367607e-01	   3.8196541433030129e-01	   2.8154004193630411e-01	   2.8280270255720497e-01	   4.4187875143470445e-01	   4.6480007573438809e-01	   2.7832795420410916e-01	   1.7615227799030098e-01	   3.0282176170644920e-01	   2.0669699797099692e-01	   1.6561913437496217e-01	   1.8602249119980196e-01	   2.4512856190124244e-01	   3.7270088078598645e-01	   1.0535911097481546e-01	   2.7443103611616509e-01	   1.7376081339759392e-01	   2.4285522040747870e-01	   2.3334653586911752e-01	   4.4319441311464575e-01	   8.5850039420944782e-02	   2.0209715027341182e-01	   4.6934729942613884e-01	   3.4905665278880504e-01	   3.1028063734797573e-01	   2.3388184752479110e-01	   2.8814941948389455e-01	   2.5777899497951912e-01	   3.3927001729248057e-01	   8.7090551579216677e-02	   1.8136476004498991e-01	   2.4548187488123843e-01	   2.9420577466894987e-01	   1.8252985583595474e-01	   1.6229567133043210e-01	   2.8907608861828449e-01	   1.3153526065988391e-01	   2.0381509978190060e-01	   5.2672906857256063e-02	   1.5539272878655797e-01	   3.6446780553658203e-01	   2.4726455472598091e-01	   2.7511469122001830e-01	   3.2322776743684734e-01	   3.2147433988481178e-01	   3.4273309159831522e-01	   4.8968174393876573e-01	   4.0162965856965649e-01	   1.8510330102342659e-01	   3.8751892913802780e-02	   2.6135072213241528e-01	  -2.4216254700364065e-01	  -9.5839074277487661e-03	   6.1628073213808081e-02	   2.4144910974184385e-02	   2.1598907158855402e-01	   1.0300814412215309e-01	   1.0904903670585102e-01	   7.8813112315345799e-03	  -5.8066226033060095e-02	   2.0482129440174492e-02	   6.5742855719792187e-02	  -2.0243404935821108e-02	   6.6741559308089046e-02	  -1.8309275687408266e-01	  -4.8085998288402682e-02	   2.6285085011549221e-03	   2.0361794051167653e-01	   2.6469966921993793e-01	   1.2526290443077073e-01	   6.1073294315286672e-02	  -1.5063455400041195e-01	   1.2579831330121916e-01	  -2.4305824958661559e-01	
   9.5835746988112425e-02	   3.9001847244199506e-01	   1.0388703431838683e-01	   7.4139302220159831e-01	   7.3137943774707581e-01	   0.0000000000000000e+00	   1.1242169088922149e-01	   6.6865012640355403e-01	   3.2752835364026678e-02	   7.9130171447483977e-01	  -2.0255870432253897e-01	  -3.7321922965303241e-02	  -2.8955205161449032e-01	  -3.2408244739798371e-02	   1.9104130600359059e-01	   4.2981662959710865e-01	   1.1807925787162496e-01	   1.2634211229855230e-01	   3.5553364900716389e-01	   5.0412671300942058e-01	   6.8497525285746119e-01	   6.6553077986399134e-01	   4.1833670340580387e-01	   6.2697134706490454e-01	   6.1111088758624277e-01	   6.9477746995041667e-01	   6.7700681233237769e-01	   7.0315954552431681e-01	   7.2511959314375679e-02	   3.4540179538165661e-01	   5.0819844830488514e-01	   6.0337725269350595e-01	   3.4243896075018881e-01	   5.4265227499388258e-01	   5.0647813579111878e-01	   6.2324304684352416e-01	   1.3864193677553083e-01	   2.7265900200100607e-01	   6.7258151811857381e-01	   5.9187411734552031e-01	   3.8173909384710447e-01	   1.0772927097304238e-01	   4.5755616176842895e-01	   5.0291096432114701e-01	   4.5500107957520375e-01	   5.3491612722755555e-01	   4.3199764024368803e-01	   5.4596348859598520e-01	   3.4089682005936184e-01	   2.8907673169182369e-01	   4.2928514637791865e-01	   3.8414250009915191e-01	   3.4593346860313778e-01	   2.9264972607173090e-01	   4.4368817182197162e-01	   5.4913884014186742e-01	   1.7483594196405375e-01	   3.8126038709026711e-01	   1.3686448674215207e-01	   3.8979790639896394e-01	   3.7390694360764004e-02	   5.9842260189878582e-01	   9.3235124205604467e-02	   3.2849789222636377e-01	   4.8408467950054113e-01	   7.0640752881011237e-01	   4.4955315489688363e-01	   5.6188763723977520e-01	   5.2175250223286085e-01	   5.4186549201178191e-01	   3.4978222334399456e-01	   2.0106882613385801e-01	   2.0498557856201904e-01	   2.9643756987213499e-01	   2.9431824033078557e-01	   2.0652172707628955e-01	   2.2277520766699482e-01	   3.7620662080386025e-01	   1.5704864442699840e-01	   1.8633449289733617e-01	   1.2822155879959596e-01	   1.8872505661017777e-01	   5.4879161624079464e-01	   4.5159411335466426e-01	   3.8968736911059981e-01	   6.3303946245706866e-01	   4.8006223073827287e-01	   5.0048845109118367e-01	   5.0542885287279582e-01	   6.2416073333232036e-01	   5.1292218208255735e-01	   5.4864999969120545e-02	   7.1029037729161959e-01	  -1.3118462428921204e-01	  -1.9955728340956928e-02	   1.6936059436196774e-01	   1.2645697177135531e-01	   4.2397609153692994e-01	   3.3020150012444410e-01	   1.7529892580543022e-01	   4.0943311499468432e-01	   4.4509319597541572e-03	   2.0613536366454280e-01	   2.2415175941272908e-01	   7.3937906440406070e-02	   1.6847368959877104e-01	   1.8208564480062508e-01	   1.5664503368712898e-01	  -3.1245829773369618e-02	   2.4002823300395310e-01	   2.9597736366296756e-01	   1.3120096122962460e-01	   9.7731751890150181e-02	   9.7683840091583513e-02	   3.0472239259920525e-01	   1.4042251250329194e-02	
   5.7150509932433446e-01	   3.6506028487482978e-01	   8.8327467405292859e-01	   4.0146599758579316e-01	   2.6098658795636076e-01	   1.1242169088922149e-01	   0.0000000000000000e+00	   5.8531196855082013e-01	   5.5748872590406284e-01	   2.8586891317166518e-01	   6.4196728526858382e-01	   5.1338651122742118e-01	   6.7645921520844166e-01	   5.4582637418960989e-01	   4.6242675282682894e-01	   3.0766749815729089e-01	  -5.2207764548904009e-02	  -1.2540064356267397e-01	   4.8129774979246120e-01	   2.4925753954552735e-01	  -1.7379534110581690e-01	  -3.0262424382000036e-01	   2.5863415196859063e-01	   1.5725901101539599e-01	  -2.5066444320522452e-01	  -2.0080901065169354e-01	  -1.0594514378112965e-01	  -1.7114533111863417e-01	   3.5497545407862624e-01	  -4.0930150936566885e-02	   4.4363692304995671e-02	  -1.3311773071619223e-02	  -5.6703677538030274e-02	  -8.2006739396364103e-02	   3.0028513244137644e-02	   9.9033119293401209e-02	  -5.3256973683459878e-02	  -4.8298545785013602e-01	  -7.2217648391017741e-02	  -1.1378980094684635e-01	   2.7044086155068714e-01	  -1.9007483282488685e-01	   1.8036312315367062e-01	  -8.8623987637152735e-02	  -1.1728216864577146e-01	  -1.0763903313848198e-01	   2.1906986955026628e-01	   3.3417833458867729e-02	   3.3682436723349973e-01	   3.0369753998035964e-01	   3.6429620213347280e-01	   3.3708204566613353e-01	   1.6242358290494058e-01	   2.1384403484047806e-01	   1.6117424030714433e-01	   9.8681044381831159e-02	   3.8536813410636450e-01	   3.1469497650437106e-01	   4.5744608126106667e-01	   3.9423978410680466e-01	   5.9581169618320062e-01	   5.2084021869148667e-01	   4.9477991215221462e-01	   4.8097664391870354e-01	   2.8125619966354459e-01	   3.3904475933410561e-01	   1.0821036705627332e-01	  -9.2183803128879444e-02	  -3.6636776030344861e-02	  -1.7086315680826009e-01	   3.6718463471560442e-01	  -3.8122082568225768e-01	   3.9071437805764064e-01	   2.5022195096496413e-01	   5.7854662765209985e-01	   4.7066962833510928e-01	   3.0147218290451822e-01	   3.1802969161236255e-01	   3.4786159811321399e-01	  -1.7543813256395396e-01	   2.4244049240222326e-01	   1.8805215740830350e-01	   1.5459402402755740e-01	   2.0368277324988490e-01	   1.2492018998018883e-01	   1.0786078675915299e-01	  -2.1156592129737334e-01	  -1.2615858058093099e-01	   4.1923313770428072e-01	   2.9774586887924875e-01	   2.0638432725069616e-01	   3.7173857007295164e-01	   1.3806256755113513e-01	   1.9639063263022505e-01	  -7.0295084089690249e-02	  -3.0183301270065813e-02	  -1.5636403422846804e-01	  -2.4549233822634031e-01	   3.1610021470193006e-01	   3.0162763912373675e-01	   6.0816538929022418e-02	   3.6779265127510474e-01	   2.7217324230142191e-02	   1.8209748524538588e-01	  -3.3461538231495752e-01	  -3.0894402600804177e-01	  -2.6193377879759489e-01	  -1.8158198582844270e-01	  -1.0344104621341198e-01	  -8.2771076092199025e-02	  -2.9499743541293776e-02	   2.2157031689293130e-02	   1.9293626386185075e-01	   2.1810427479622474e-02	   1.0044237768694705e-01	  -2.6918383386068984e-01	
   4.4540799144918986e-01	   6.0827493195255078e-01	   5.4054220791769070e-01	   9.0217387287500750e-01	   4.3372413951455774e-01	   6.6865012640355403e-01	   5.8531196855082013e-01	   0.0000000000000000e+00	   2.3776934218050472e-01	   6.6312709483811783e-01	   2.7334555662877930e-01	   4.4855150425406143e-01	   2.6784051419639804e-01	   5.6093898808806797e-01	   3.6864600442660778e-01	   7.0725597063831813e-01	   2.6936043090584061e-01	   1.4711518296939674e-01	   5.5756568893845337e-01	   5.9596900712289935e-01	   3.8072881990733803e-01	   3.2615924243158312e-01	   5.0115636949382680e-01	   6.2788833857799742e-01	   2.7050014325598387e-01	   3.9169425498489874e-01	   3.8034509678182199e-01	   3.8414264729864922e-01	   4.3627543275590275e-01	   4.0367191769682775e-01	   5.6811862929444634e-01	   5.9840663968984498e-01	   3.4116845624673375e-01	   4.7363389008155682e-01	   3.4612759300574958e-01	   4.9471460035329951e-01	   5.0681785542002790e-02	  -8.7975619463354582e-02	   4.2797042424004972e-01	   3.5334709497244732e-01	   5.4569076070286104e-01	   1.7931022029259025e-01	   5.7329728071684349e-01	   4.5506187546841204e-01	   4.3333831191552824e-01	   5.1223649327203091e-01	   4.6951540244906981e-01	   4.4823280251066666e-01	   5.6742492356738183e-01	   5.3785647792364388e-01	   6.2103469742146444e-01	   5.9159232922010985e-01	   3.9682303713560152e-01	   4.0317290552006951e-01	   4.9007080807160736e-01	   4.9526714135023020e-01	   4.3874736468767173e-01	   4.4791386742871664e-01	   2.7217596753441420e-01	   5.0350528954428508e-01	   2.5376540477528198e-01	   7.7163629373728793e-01	   5.2611767281775879e-01	   6.8405032895074735e-01	   2.8902348006868456e-01	   7.5582075929209136e-01	   3.9596949779095092e-01	   4.6188621982453448e-01	   3.7773604883343864e-01	   2.7270997508828726e-01	   5.3988304555246858e-01	   1.1244614988511468e-03	   4.6854020448119849e-01	   4.5878092475234067e-01	   6.0483074044344942e-01	   5.0123822334314516e-01	   3.8413579244895307e-01	   4.9350887333718702e-01	   5.2045298189967204e-01	   1.5353202548006678e-01	   4.4323961350250629e-01	   4.0929323190963474e-01	   6.2737464287092903e-01	   5.8308394400491814e-01	   3.9308711180061273e-01	   6.1140040426413766e-01	   2.3441738749121110e-01	   2.9505573484163139e-01	   3.7365229982337861e-01	   6.1107923188879698e-01	   4.7383056645440458e-01	   1.6714988307972461e-01	   5.9524749930621623e-01	  -6.0672496099331896e-02	  -6.5299169487660819e-02	   6.7096781796686392e-02	   6.3960606819944199e-02	   2.5758192497683474e-01	   5.2525745794215739e-01	   3.7931743665538326e-01	   5.0011514970237947e-01	   2.2719223533908514e-01	   2.6314331691427933e-01	   3.5515033937259133e-01	  -2.0156073869036806e-01	  -1.6133345380522765e-01	   1.0733576785900145e-02	   3.2133775478614290e-02	  -9.0460560443013885e-02	   5.5883674463814662e-02	   1.9439843067830728e-01	   1.0957531346658059e-01	   1.5889056608885305e-01	   1.8349291722068817e-01	   2.3199318870087876e-01	  -7.9132449086526932e-02	
   1.9657805381569501e-01	   6.1045355508320916e-02	   5.4564367336518715e-01	   3.4948877594467145e-02	   4.5809426098403205e-01	   3.2752835364026678e-02	   5.5748872590406284e-01	   2.3776934218050472e-01	   0.0000000000000000e+00	   3.6468037082758431e-01	   3.6061010060101772e-01	   3.1921448979902656e-01	   3.2941804853341594e-01	   2.9890443889099316e-01	   4.8189909956399796e-01	   1.2653576429040447e-01	   3.1431049511659516e-02	   1.6046570837272199e-02	   1.5629341532097618e-01	   1.3766859909143326e-02	  -2.9043194206090472e-02	  -2.2217432707358512e-01	  -2.0175868157623452e-02	  -1.1984484716714601e-01	  -2.3462727686140042e-01	  -2.7062514095754192e-01	  -1.8090614019066356e-01	  -2.7007296328299835e-01	   2.2091601646356870e-01	  -7.3699265472786740e-02	  -1.3224540677234983e-01	  -1.9958646156228108e-01	   1.3925271867303071e-02	  -7.9633601627193788e-03	  -6.5948604517825568e-02	  -4.8736720331786436e-02	   1.5451614508992595e-01	  -3.6089574875449132e-01	   5.6596432527867991e-03	  -2.5270728712297863e-01	   1.7392418569290286e-01	  -1.9455260947734099e-01	   1.5216082376756118e-01	   4.8818889175570125e-02	  -7.1937305117953210e-02	  -6.1075078959235765e-02	   2.1976688098774114e-01	   1.3328621644040306e-01	   2.0352572681898132e-01	   1.0349489521650276e-01	   1.3263666607313643e-01	   1.1516186063382933e-01	   1.2616282227545828e-01	   2.0088965114427319e-03	   7.2635183997946051e-02	  -2.5032791935602587e-02	   1.7905566716476951e-01	   2.0995115551041205e-01	   4.5387275761390433e-01	   3.1081366720376646e-01	   5.6243416212541275e-01	   3.5284822329715798e-01	   3.4151460786721227e-01	   3.4773446820862614e-01	   1.8000099948669079e-01	   3.0584570013801472e-02	   1.4153084242800948e-01	  -7.3257071009505709e-02	  -1.4220665168335608e-01	  -2.0439047868461568e-01	   3.2797340151013010e-01	  -2.3122015825246853e-01	   2.8060468660511118e-01	   1.3114472078017220e-01	   3.5510087897927356e-01	   3.2244989233017679e-01	   1.9617186175247631e-01	   1.7956633039207343e-01	   2.6796815590346423e-01	  -5.2712155838740830e-02	   1.3704049215162448e-01	   1.6557908096475718e-01	   1.4837825756185063e-02	  -1.4751866997807932e-02	  -8.0913318552375213e-02	  -1.3347451407619115e-01	  -2.7669201140762562e-01	  -2.9504277885152208e-01	   2.1620610785827837e-01	   7.0748984719575636e-02	  -2.5876129124386180e-02	   1.1379511277032013e-01	  -2.1993136810068969e-01	  -8.2469578935121829e-02	  -1.8722761898471428e-03	  -9.2434064528859550e-02	  -3.2840439294814214e-02	  -1.2616390356148804e-01	   7.0124995405281818e-02	   1.7779457132766649e-01	  -1.0335031131762951e-01	   2.3866042851469016e-01	   3.7353306430895311e-03	   3.6745553032464628e-02	  -1.7811052657667875e-01	  -1.5709689623492457e-01	  -4.4685293681069282e-01	  -1.5852882088114373e-01	   9.0415343831655559e-02	   1.1982582332521338e-01	   1.7011368994431902e-01	   1.6681766040751037e-01	   2.2418011731466958e-01	  -1.1997513611060162e-01	   2.9794638744725887e-02	  -3.6128055844178081e-01	
   1.7828831399595230e-01	   2.7984905814532418e-01	   1.8625857242062638e-01	   5.7020978814728263e-01	   6.0190842908545428e-01	   7.9130171447483977e-01	   2.8586891317166518e-01	   6.6312709483811783e-01	   3.6468037082758431e-01	   0.0000000000000000e+00	   2.9957311072274014e-02	   1.2728538199553893e-01	  -1.1890781733828149e-01	   1.2343906360239591e-01	   3.6093635639672755e-01	   4.0954665341342311e-01	   1.1214078133261100e-01	   4.9260401534157124e-02	   2.7894618160713913e-01	   3.0944839314642680e-01	   3.3094791613512226e-01	   3.1531469036763371e-01	   1.5795456285473922e-01	   3.5625378277941044e-01	   2.0834315652137031e-01	   2.9395793829117400e-01	   3.2711239161744154e-01	   3.6976962777441191e-01	   1.2350149264679589e-01	   2.1064661163892270e-01	   1.7918760152138422e-01	   3.0897331042419063e-01	   2.2419216326664507e-01	   3.8944131350953504e-01	   3.2370249916709348e-01	   4.7169303742115820e-01	   7.0072847614445544e-02	   7.6924949907339404e-03	   4.8109285011243358e-01	   3.0071479670584578e-01	   3.3170980848526693e-01	  -6.6245353334846990e-02	   3.4881979699705590e-01	   3.8588164966536875e-01	   2.8528733138339224e-01	   3.9107038020053769e-01	   3.4706811766113338e-01	   4.4919833290812894e-01	   3.5004043848485178e-01	   3.0063087142556794e-01	   3.5241082683130853e-01	   2.8846996521651469e-01	   2.9358779888724051e-01	   1.2890282390680641e-01	   3.8696575132349170e-01	   3.5573003536533104e-01	   2.2445841294516899e-01	   3.9516904788060575e-01	   3.1951484672903668e-01	   5.0129686871868073e-01	   3.0159861527339799e-01	   7.4890321412389949e-01	   2.3312431306496520e-01	   4.5735688392410168e-01	   5.0131529673001385e-01	   6.5684138870020270e-01	   3.8402564134881989e-01	   3.6600641271030321e-01	   2.3700704330254413e-01	   2.1775233675613312e-01	   3.1933544849843842e-01	  -5.5701263040561416e-02	   2.4267614668462473e-01	   2.5445115140455798e-01	   3.6497412848339006e-01	   3.5065462809221493e-01	   2.6816235908207109e-01	   4.3579662889926929e-01	   2.5516450847134958e-01	   5.5835514912246274e-02	   8.1568244709394541e-02	   1.1864816576613207e-01	   3.6462662139583529e-01	   2.7864437066849945e-01	   1.7175566132247555e-01	   3.3818826755766335e-01	   1.3203308381406964e-01	   1.2224807875442420e-01	   4.1575180343682872e-01	   4.7956733119926748e-01	   3.7760673943004858e-01	  -4.2322090215933687e-02	   4.8265299255571570e-01	  -1.5120976313581536e-01	   3.2546672006524918e-02	   1.6413287075989791e-01	   1.5020912184020321e-01	   3.3516577300856676e-01	   3.0668556562389582e-01	   2.1403110979870088e-01	   3.0897376065040921e-01	   1.5222150493704639e-01	   1.8258192180807420e-01	   2.0360287909675800e-01	  -3.2281269548763120e-02	   4.7476909855263233e-02	  -1.6134567602678944e-02	   9.3264805337299292e-02	   6.2076439950704422e-02	   3.0188033582915530e-01	   3.0775665969281585e-01	   1.5710582269879603e-01	   1.9990812777272982e-01	   1.0692963608729839e-01	   3.2005239132165375e-01	   2.5449774797142118e-02	
   7.9175167591294537e-01	   5.3368057337091290e-01	   5.7240232453963924e-01	   7.2558647822898975e-02	  -8.2188636839857637e-02	  -2.0255870432253897e-01	   6.4196728526858382e-01	   2.7334555662877930e-01	   3.6061010060101772e-01	   2.9957311072274014e-02	   0.0000000000000000e+00	   7.7252096935010683e-01	   8.8836766082469798e-01	   6.1609717147736975e-01	   6.7406653395498894e-01	   2.6937281320020462e-01	   2.9913051254256978e-01	   1.9170619026045582e-01	   6.1284908040933572e-01	   3.4316307364355214e-01	  -3.0222153457337814e-01	  -3.1925174470373197e-01	  -1.1902932259589888e-01	  -1.7334043808047420e-01	  -5.0954219661933919e-01	  -4.6856350096273480e-01	  -2.9690126088316415e-01	  -3.7030012762780129e-01	   6.9173350604145867e-01	   2.6267552328908628e-01	  -1.7344869096243340e-01	  -2.1368505530992013e-01	   8.4109725115796924e-02	   4.5269435036175150e-02	  -8.3708395474058520e-02	  -5.8571513065938038e-02	   4.0573184075622755e-03	  -1.4381708051303901e-01	  -8.8051562963608054e-02	  -3.8579548842755607e-02	   3.0758358917602313e-01	   2.6268156567914774e-01	   2.9446365811336661e-01	   1.0416341652416586e-01	  -6.1209199857430556e-03	  -3.7144323602161203e-02	   3.3960378873916863e-01	   1.9231659345351612e-01	   4.2088793881240122e-01	   3.7608913419324952e-01	   3.0008389733609830e-01	   3.7640775651121572e-01	   9.7568100120622170e-02	   2.0521533372019543e-01	   2.0649395420355238e-01	   2.4526411356422334e-01	   5.1326915462173117e-01	   4.9449597782629223e-01	   5.7311573822570672e-01	   3.8531080714142407e-01	   6.6110518521562633e-01	   3.2061917471316798e-01	   7.2039257602375573e-01	   4.9623782031082719e-01	   5.0697600911676619e-02	   1.1992072595796491e-01	   2.1592365307682448e-01	  -5.7497889726352669e-02	   1.1238143856740289e-01	  -1.1306108302910022e-01	   9.7939300754735004e-02	  -3.1533078759793021e-01	   5.3685144543529206e-01	   4.5206982545640584e-01	   5.8071496527264443e-01	   5.1970047834889055e-01	   4.3317338321234078e-01	   2.2594791778506657e-01	   5.9671835733751921e-01	   1.5073291602628994e-01	   5.8912666383160095e-01	   5.3104917008462871e-01	   2.1716314564424388e-01	   3.0084312461462326e-01	   3.4189999198344134e-01	   9.3427366726722735e-02	  -3.9612502019800744e-01	  -1.9550953176726127e-01	   1.3702436834437545e-01	   3.6182847770178528e-01	   3.0368822893661696e-01	   4.5551561505266813e-01	   3.2776786242220612e-03	   1.2758558818819599e-01	   1.3621510709847584e-01	   1.5845713983568274e-01	   2.3027017757920665e-01	   5.1854318736086605e-02	   5.4718351307733859e-01	   6.5782522797330523e-01	   2.3681668081222831e-01	   4.5782514804772045e-01	   3.5296707400143662e-01	   4.4278535034314703e-01	  -6.4089685858354256e-02	   7.1788069581429997e-02	  -7.5678657643053454e-02	   1.8783706458128382e-01	   2.1028432861686563e-01	   1.2651522359454589e-01	   2.9985753069350085e-01	   5.2493850516467544e-01	   5.7405407883580073e-01	   4.8419724348525445e-01	   4.2112519916592611e-01	   1.6124127891062590e-01	
   6.8220336872422083e-01	   6.3729530036594628e-01	   4.8212215285775806e-01	   3.0684160812122113e-01	  -4.1472624943345013e-02	  -3.7321922965303241e-02	   5.1338651122742118e-01	   4.4855150425406143e-01	   3.1921448979902656e-01	   1.2728538199553893e-01	   7.7252096935010683e-01	   0.0000000000000000e+00	   6.8473677248720932e-01	   8.1190286001937373e-01	   4.9904023519057567e-01	   4.7991004964203976e-01	   3.4405796621710782e-01	   2.4764570004281622e-01	   5.5303176685246414e-01	   4.3268952922900089e-01	  -6.3249485912676706e-02	  -1.2308337787464158e-01	  -6.5952250421152894e-02	  -1.7741611585737851e-02	  -3.2616169202479040e-01	  -2.8041676037770769e-01	  -1.7478660182068884e-01	  -2.4735715621343529e-01	   7.2892016330241571e-01	   4.5894998021362055e-01	   4.6182279950461910e-02	   1.1993529236117661e-02	   3.5155470258498900e-01	   3.3869393080229115e-01	   6.7834638559512078e-02	   9.8671580240646595e-02	   2.3530962875087030e-01	  -5.5703337238876216e-02	   2.0355137202122120e-01	   1.5991722512263304e-01	   4.9351350099554009e-01	   4.0047923277572450e-01	   5.2820399409786623e-01	   3.2998007896747494e-01	   2.2100225335483370e-01	   2.1616863109964743e-01	   5.5538821623686252e-01	   3.9862129446512429e-01	   6.2584974890405698e-01	   4.7729122422840753e-01	   4.7310094876947717e-01	   5.3103967758094983e-01	   3.1722869875255721e-01	   1.4794104636248129e-01	   5.2614521680521198e-01	   4.1248416299805712e-01	   5.4381445289195751e-01	   6.3530120856675276e-01	   5.8106764150099799e-01	   5.7709133837411275e-01	   5.4844176547309331e-01	   4.4630954466536110e-01	   7.9623620424495534e-01	   7.3777279629999470e-01	  -1.1285743874755287e-01	   2.3469444588846605e-01	   3.9079249980491737e-01	   2.5748922045425782e-01	   3.0695016801533803e-01	   1.1937556065822211e-01	   3.8998423695234002e-01	  -6.7976057642436513e-02	   6.5870087575794867e-01	   5.3650418782852904e-01	   6.4036805514795714e-01	   5.1582896687720425e-01	   6.1270457041741844e-01	   3.9144590867688300e-01	   6.0061313755835399e-01	   1.6780864583587840e-01	   6.3064232506820117e-01	   5.8177279311571861e-01	   3.7807027988785885e-01	   4.9967141459572650e-01	   2.7559925426203785e-01	   2.8229932240067779e-01	  -1.7772505095823887e-01	  -9.9793290409042668e-02	   1.9632881134147501e-01	   5.1119363808206442e-01	   4.1472018372435410e-01	   2.8916049507899105e-01	   1.3189483825149120e-01	  -4.5688212780969212e-02	   4.4744711084752260e-02	   5.3384551558645119e-02	   2.3988374739372592e-01	   1.8123950191796390e-01	   6.5610660043497249e-01	   5.8124541198538338e-01	   4.9267168745476253e-01	   4.7084359517517665e-01	   4.7862472404117695e-01	   5.0977798356925075e-01	  -2.6970088890641113e-02	   4.0621436510700243e-02	   1.8145045670137885e-02	   2.2083573180630806e-01	   1.0641566482654363e-01	   5.5340437088417418e-02	   3.1647543307970821e-01	   5.1853011919704528e-01	   5.0481460459185634e-01	   4.6540709167931071e-01	   3.1632488628289679e-01	   4.4386491568331549e-02	
   6.5032050112693773e-01	   4.6839624717680961e-01	   5.8103935260851114e-01	   6.6174746897615280e-02	  -1.5260255675148618e-01	  -2.8955205161449032e-01	   6.7645921520844166e-01	   2.6784051419639804e-01	   3.2941804853341594e-01	  -1.1890781733828149e-01	   8.8836766082469798e-01	   6.8473677248720932e-01	   0.0000000000000000e+00	   7.0889830818296096e-01	   5.5233083938094640e-01	   2.8318925168546277e-01	   2.3256950832237067e-01	   1.6630397795555710e-01	   5.0145840644703643e-01	   2.9066254971888938e-01	  -3.1847417022476898e-01	  -3.3991112001836277e-01	  -2.3818380966336525e-02	  -1.2224002103446893e-01	  -4.6306703812441558e-01	  -4.2983041393620691e-01	  -3.3054845929146504e-01	  -4.5517275427808901e-01	   6.5327507105669658e-01	   1.9310301089316431e-01	  -1.0350667741056646e-01	  -1.9020535382754278e-01	   3.8921821800318841e-02	  -1.3637562378494396e-02	  -1.4189983234451628e-01	  -1.2150931121044858e-01	  -1.2361618801473353e-02	  -2.4144314153502933e-01	  -1.7918002731032034e-01	  -1.5170659222699814e-01	   2.7202543353122743e-01	   1.6545592121058839e-01	   2.0962327721776802e-01	  -1.0411752911522602e-02	  -2.4872053670966329e-02	  -6.4835509527558455e-02	   2.0772589054615442e-01	   4.4846936369266045e-02	   3.3217204581132131e-01	   2.7396094258926335e-01	   2.5438533494459187e-01	   3.3883287075194468e-01	   2.2667351268732580e-02	   1.8386534438850699e-01	   1.5929236911437888e-01	   1.4508364275059601e-01	   3.9816335796334845e-01	   3.4749374700539448e-01	   4.1003517454769500e-01	   2.2182373337132921e-01	   4.8757215226088790e-01	   1.7463764871418241e-01	   5.7243210037844661e-01	   3.7804128253113561e-01	  -6.8317820561477741e-02	   6.6138881496111940e-02	   1.1857224256640903e-01	  -7.8907822795695623e-02	   8.9681531903880091e-02	  -1.1686956616108279e-01	   1.7007382216029135e-01	  -2.2573450819071658e-01	   5.2000653682229248e-01	   3.8601774917090392e-01	   5.3493390772492222e-01	   4.5365573370716816e-01	   3.1149526255526166e-01	   1.2253678685283936e-01	   5.1722876580434307e-01	   7.5188606481091019e-02	   5.1488119455279069e-01	   4.3906583735813021e-01	   1.1510740261331540e-01	   2.2763616724583674e-01	   2.5542182246599665e-01	   3.5097111165040683e-02	  -3.5604642153715099e-01	  -2.1885433362117362e-01	   6.7884093952014862e-02	   1.6818747932516870e-01	   1.3277880158734842e-01	   3.8816576130757635e-01	  -6.5167821875513815e-02	   2.1162552503495019e-01	   3.3629699666316820e-02	   3.9590163292093652e-02	   1.1179712213012047e-01	  -4.6680896495346902e-02	   4.1889829545235369e-01	   4.8041582612054445e-01	   1.2661192501106672e-01	   3.8412366634003692e-01	   2.3085582262140486e-01	   2.5743959134204619e-01	  -2.4769723610528480e-01	  -1.7792626909057305e-01	  -1.2466140173143100e-01	   2.9942714876059290e-02	   1.1572956302114590e-01	   4.4220996849777802e-02	   1.0677476460913078e-01	   3.1761373565368956e-01	   3.8746268432287634e-01	   2.7729114349906003e-01	   1.9577420953053423e-01	   5.8300677662559055e-03	
