   0.0000000000000000e+00	   8.5889226167476918e-01	   7.9062645089853634e-01	   6.9489746944507269e-01	   6.2524327471617247e-01	   5.8896154996569727e-01	   7.4457856688172375e-01	   6.1637933895380348e-01	   5.5186353255111498e-01	   3.5571293786742780e-01	   7.2538933818024476e-01	   5.8760661789334290e-01	   6.2538413490951683e-01	   5.9809791248145538e-01	   6.6413319870065446e-01	   6.0045147659835996e-01	   7.3125436719099368e-01	   4.5678662053768304e-01	   8.1958218310635489e-01	   8.0547707894739462e-01	   3.6229634984879217e-01	   2.7082464519030625e-01	   5.7520602166431645e-01	   5.2040500850317573e-01	   4.3478776505611405e-01	   5.7897910087669591e-01	   5.8562101769019548e-01	   4.6522993591258183e-01	   6.2206499656789616e-01	   4.2022701052359762e-01	   5.4333437788527550e-01	   4.2401516355078334e-01	   6.1513562014832202e-01	   5.2984889989787376e-01	   5.2880982893865447e-02	  -1.8741368628252580e-01	   5.5626526051506653e-01	   4.5919765860755224e-01	   5.5075429453255875e-01	   6.2144810776134407e-01	   3.4990122928535711e-01	   5.3686159929254951e-01	   7.5196026194119625e-01	   7.5249749411219435e-01	   4.2018239261442769e-01	   5.5457421633967630e-01	   5.8820905229926757e-01	   7.1473454835412498e-01	   6.2767363919206753e-01	   6.1677400939604510e-01	   6.8416723571215188e-01	   6.1344079280058039e-01	   6.6745767902475905e-01	   6.1179804109301705e-01	   6.2348171620022019e-01	   6.4947076096438217e-01	   7.9308828584074531e-01	   7.0753020576461190e-01	   5.7994482210727161e-01	   5.2398590818981949e-01	   5.7727451331863011e-01	   4.0401649312148830e-01	   6.4473954364900732e-01	   4.0873133856498767e-01	   9.6252595164691909e-03	   2.2567261988196680e-01	   5.3423035467756674e-01	   4.2414174148218176e-01	   8.4271746020954597e-01	   8.0539977582079492e-01	   2.5214564495877173e-01	   2.7550291359607398e-01	   6.7084142015714421e-01	   3.1584027166376699e-01	   6.3969439690034524e-01	   5.7069213312782963e-01	   2.6119397522870175e-01	  -8.5334607199083937e-02	   6.8573142135062370e-01	   4.0711112104429903e-01	   8.2310497680472039e-01	   6.9952780092305977e-01	   7.6954363766572187e-01	   6.5631275806379397e-01	   7.3999040842434849e-01	   6.9692374326457718e-01	   7.0596042677978621e-01	   6.7556498464363302e-01	   6.7794244120260538e-01	   7.6620914302915488e-01	   4.8571425221112541e-01	   7.2410710890240559e-01	   5.0333764893743671e-01	   6.3950810933935520e-01	   5.1027660445224665e-01	   5.0064318830289811e-01	   5.4195738618250100e-01	   6.1275686896812398e-01	   7.4452667376914561e-01	   7.7279070473961520e-01	   6.0509534592005221e-01	   7.0201035098474851e-01	   5.8219874092990709e-01	   6.7743055764195237e-01	   4.4031357566325413e-01	   4.0821534451819741e-01	   5.5663389999043633e-02	   8.9856032713319212e-02	   4.9791139730205736e-01	   5.4568715224978970e-01	   5.2244996805912236e-01	   6.5863401759443596e-01	   7.5925424103572636e-01	   6.0691458248650143e-01	   5.0474717876417041e-01	   3.9974802798238555e-02	
   8.5889226167476918e-01	   0.0000000000000000e+00	   7.0701042500684708e-01	   5.8052501465145534e-01	   6.0041048209748982e-01	   5.5374814313700327e-01	   5.3150987572685815e-01	   4.0823195253689154e-01	   5.0141587769698548e-01	   3.8485248316316895e-01	   6.0721878836440224e-01	   4.3712662888826276e-01	   4.1564800636077798e-01	   3.5889247337779051e-01	   6.2522887265285587e-01	   3.4914966500786537e-01	   7.7556739915611650e-01	   6.1283109546934500e-01	   8.3926996244357832e-01	   8.2947667340707421e-01	   4.7423901704890303e-01	   3.5726219872722631e-01	   6.0598252481824533e-01	   4.6897145007126584e-01	   6.5485923156613157e-01	   6.8153655876908492e-01	   6.6234878595712621e-01	   5.2715715211850844e-01	   6.5853622864750205e-01	   3.8971718811252765e-01	   6.0597665112064625e-01	   3.6956995690589939e-01	   6.6783709396847291e-01	   6.2952273499488143e-01	   8.9668381105926689e-02	  -2.4654968699504826e-01	   5.0113623084310777e-01	   4.5129095431198174e-01	   5.4572156564406871e-01	   6.4456671936102394e-01	   2.8341003039840484e-01	   4.5928358599024655e-01	   7.3013497971585206e-01	   7.1760259130237491e-01	   3.6766637046119344e-01	   4.7018925784549848e-01	   5.3367930281309195e-01	   6.5320388036027865e-01	   5.3944408598454197e-01	   5.3447355227226845e-01	   5.1984976215422130e-01	   5.5860726517715520e-01	   6.1605823107453073e-01	   6.5373450688875523e-01	   5.8871928626031089e-01	   6.1788397047197030e-01	   7.4626724733383210e-01	   8.0993228822816743e-01	   4.2768850227791655e-01	   4.2684737375301851e-01	   4.3127722989143652e-01	   2.6523099823178620e-01	   5.4247740303604031e-01	   3.3976935185893847e-01	   6.7337964398914318e-02	   2.3411696666900336e-01	   4.2648960447890172e-01	   2.9611901105228178e-01	   8.3590437961397879e-01	   8.0548704225979539e-01	   2.4866186434094967e-01	   2.9821427707275516e-01	   6.5161257649616378e-01	   3.3791951697308109e-01	   6.3837838134432967e-01	   5.5109015380432325e-01	   1.0819469809136800e-01	  -1.9639052723837974e-01	   6.9754204287731802e-01	   4.3771333731330753e-01	   7.7257277845864059e-01	   6.6343732635728747e-01	   7.4898961420054744e-01	   5.5086113010046334e-01	   5.6370458081466501e-01	   5.2633137347475722e-01	   6.1210776947155410e-01	   4.8499317740557391e-01	   5.3140807842828408e-01	   6.0791236534341120e-01	   3.8121153070816871e-01	   6.5068183697413728e-01	   4.5806164138010452e-01	   5.7211576553260879e-01	   5.5148276785194761e-01	   5.4003677617072787e-01	   5.5869775158643198e-01	   5.9413917958806173e-01	   6.3035894964713013e-01	   6.7959695638040285e-01	   5.0666070678134867e-01	   6.0660840482626122e-01	   4.9352150603532319e-01	   5.9150891788754678e-01	   3.0970303090043544e-01	   3.8035206896826507e-01	   1.6810539631303262e-01	   3.6253371300686232e-02	   5.4658281905196449e-01	   5.2994719845725968e-01	   4.5713102165401720e-01	   5.4972002262342223e-01	   6.2238924222463810e-01	   5.7130450712654701e-01	   4.7515265720770972e-01	   1.4287343473828604e-01	
   7.9062645089853634e-01	   7.0701042500684708e-01	   0.0000000000000000e+00	   8.0745763486547251e-01	   7.3198751584814181e-01	   7.1880345653935318e-01	   8.7545076213335205e-01	   7.1048321621121791e-01	   6.9139086297207442e-01	   5.9236639654605083e-01	   7.3795503557741116e-01	   6.7326938872352393e-01	   7.3893919077325254e-01	   6.2794641302902598e-01	   6.7542790429901822e-01	   6.1448250303571961e-01	   6.9953207651204674e-01	   4.9323272186632527e-01	   8.0362443389587646e-01	   7.9439027699857268e-01	   2.3297758876535701e-01	   2.1771996516547759e-01	   7.7104291236582290e-01	   6.0178579452177205e-01	   5.3635933940572134e-01	   5.5906330015934358e-01	   6.4140363324788041e-01	   5.0246506948219061e-01	   6.5241132471543883e-01	   4.8186859754827149e-01	   7.5773756261470004e-01	   6.5766248647145498e-01	   5.6661865711350734e-01	   5.4831597303005075e-01	   1.5322161647687776e-01	  -2.7325164446139427e-01	   4.9978270104041400e-01	   4.8997463408807063e-01	   4.9780046388929683e-01	   5.8819613861063769e-01	   2.8792277205326400e-01	   4.0249735431506173e-01	   7.6414131596659141e-01	   7.7153560351934758e-01	   4.9057812020709179e-01	   5.9713559337875877e-01	   6.7960268509872190e-01	   7.9290203408960402e-01	   7.0985938106967106e-01	   6.7848309056531120e-01	   6.9285940555326797e-01	   7.2770980771793004e-01	   5.8332758677856933e-01	   5.7979138349466486e-01	   5.6204310113672651e-01	   6.3390433731695894e-01	   5.9797069200070341e-01	   6.9510978456423600e-01	   6.4280187559920976e-01	   6.8499208455421889e-01	   5.6950426286883382e-01	   4.9638987561426695e-01	   6.2971343100612165e-01	   4.7355316668261505e-01	   2.0966254574619403e-01	   4.3472959987964427e-01	   6.8836764053893540e-01	   5.2946591754947203e-01	   7.4855695693160640e-01	   8.0540988604478669e-01	   3.2072913993059216e-01	   4.0018696387371078e-01	   6.7477021068501997e-01	   3.8746084207251369e-01	   6.3828218094592526e-01	   6.6569933818570548e-01	   1.6732671278609690e-01	  -1.9041753320975185e-01	   7.0761554632715162e-01	   4.1607329217151867e-01	   7.6897563621386877e-01	   7.2936262882696468e-01	   7.4314816913161030e-01	   6.4103768093407387e-01	   7.2486157891322189e-01	   6.8787956466615752e-01	   7.7524221591003695e-01	   6.7900423159206258e-01	   6.7482620238588331e-01	   7.9217217349228586e-01	   5.3412795212317543e-01	   7.4399187294708691e-01	   5.6649821579635862e-01	   6.4524183425507586e-01	   5.7624616782723803e-01	   5.1217686391191930e-01	   6.5199879752786893e-01	   7.0306368438342126e-01	   7.3781118390942280e-01	   7.7873501203845574e-01	   6.6772120606318375e-01	   7.1508786631595744e-01	   6.2706944150167532e-01	   6.5023260879542044e-01	   5.5640457528483112e-01	   5.5842927298649248e-01	   5.7352029514032135e-02	  -2.7673525682628871e-03	   5.5980466501631665e-01	   6.5935468072894565e-01	   6.4331974898387090e-01	   7.2453153533735071e-01	   7.7922263873016806e-01	   6.1796983089046287e-01	   5.2727739943448459e-01	   2.5987890688636685e-02	
   6.9489746944507269e-01	   5.8052501465145534e-01	   8.0745763486547251e-01	   0.0000000000000000e+00	   5.5116868342412995e-01	   7.5535342271452321e-01	   7.7799717774989041e-01	   9.1047232679808321e-01	   5.7819570207728455e-01	   4.0641339283671674e-01	   5.2258187345858520e-01	   7.5214253580295753e-01	   5.8188703468138259e-01	   5.6479499840445624e-01	   5.2137784978738022e-01	   6.9028806071296600e-01	   5.4211157490543860e-01	   5.1652377987115561e-01	   6.6581186372621615e-01	   7.3132562033371296e-01	   2.2133297056089091e-01	   3.4743509356948732e-01	   7.2688496657167567e-01	   7.7427227173030200e-01	   1.9915235378546067e-01	   4.6379140815500347e-01	   5.1326515725317834e-01	   4.1103152369410972e-01	   4.2817199749582058e-01	   6.0543913975113739e-01	   7.2639166510246755e-01	   6.1387259251185422e-01	   5.9815775223346157e-01	   4.4175590757138861e-01	   2.6694394025224133e-01	   5.0190994448552941e-02	   3.8038875428211610e-01	   3.1680615656633587e-01	   3.9602098162373378e-01	   4.0119910076633031e-01	   2.9783519868791425e-01	   3.4205726716735363e-01	   6.2852239896430162e-01	   6.5104763266277943e-01	   4.9735050151751325e-01	   6.6424099261775660e-01	   5.8795344658738058e-01	   6.7599420292120072e-01	   6.9977257712573659e-01	   6.4258047699922072e-01	   5.9421205997085336e-01	   6.7855103230717284e-01	   4.3351272438841959e-01	   3.5790473760305519e-01	   4.0216609924204411e-01	   4.0975082778319794e-01	   5.8441657965465643e-01	   6.4639418905780299e-01	   5.7011402934672273e-01	   7.0878285989601775e-01	   5.5091478200045318e-01	   6.9591487078716041e-01	   6.7512062459690703e-01	   7.2581026861671061e-01	   1.5839174930434946e-01	   5.5421222943179105e-01	   7.2893959262222641e-01	   7.5624316254784940e-01	   7.2098085607640983e-01	   7.7301704795983506e-01	   3.8819334647663661e-01	   4.4884500012376816e-01	   5.6904987374481042e-01	   5.0607401129830876e-01	   5.2282338671889250e-01	   6.9306394642016655e-01	   3.6733022266576565e-01	   1.1028034107785724e-01	   5.5000303700333997e-01	   5.1358836159143173e-01	   6.9686532476728824e-01	   7.6915901759824223e-01	   6.4593824644675391e-01	   7.4631628342949297e-01	   6.7690955746868631e-01	   6.8556996099262391e-01	   5.9362788904757724e-01	   6.1264798044425151e-01	   6.7530951279001039e-01	   7.3304908346966280e-01	   6.0814427194220066e-01	   6.5307671196491368e-01	   6.3876026844608302e-01	   5.3078532076853879e-01	   2.9055393714415478e-01	   2.3795320614308943e-01	   4.0095567696407752e-01	   4.5450350218327418e-01	   6.2452397461963660e-01	   5.5929219807659192e-01	   7.6080696000653469e-01	   6.4705665208589269e-01	   6.5926772193593830e-01	   5.7398513591975997e-01	   5.7159886858218689e-01	   3.3117277713125781e-01	   1.4548979507838977e-01	   1.9127933973258293e-02	   2.8483713211864420e-01	   4.2449568718700309e-01	   5.1123411376518790e-01	   5.4739879172273720e-01	   5.6515696668263526e-01	   4.3133157423373431e-01	   4.1401057423012289e-01	  -1.9844756969692298e-01	
   6.2524327471617247e-01	   6.0041048209748982e-01	   7.3198751584814181e-01	   5.5116868342412995e-01	   0.0000000000000000e+00	   6.9836170340011994e-01	   6.3624823502799666e-01	   4.8518102535599850e-01	   8.8328305232380122e-01	   5.8070914242915062e-01	   7.3874374836547241e-01	   4.4379778446010254e-01	   6.7727232279468286e-01	   4.6547293019854830e-01	   6.4403520492851274e-01	   3.6170347846306261e-01	   6.0506537595011878e-01	   4.0943626852106541e-01	   5.3094481330310861e-01	   5.3395568483040723e-01	   4.0220568727428185e-01	   3.2638254538603950e-01	   3.8172395692278471e-01	   2.6178652064927188e-01	   5.2303089596897934e-01	   6.2500718987919712e-01	   4.8046691814677900e-01	   4.8133158215189820e-01	   6.3992957599454325e-01	   3.3342012295801571e-01	   5.5264828562970558e-01	   4.5359566311869942e-01	   4.3633675250403403e-01	   5.2318168387332298e-01	   9.7173246095301688e-02	  -2.1081614076491229e-01	   5.0151421819607078e-01	   4.1774192688637257e-01	   5.6008660127853727e-01	   5.7423881132478594e-01	   4.0703528259787863e-01	   4.9086191119663442e-01	   5.4805697072049031e-01	   6.0351647825763399e-01	   3.3901574515504035e-01	   5.5438424730760438e-01	   3.6564768750805410e-01	   4.9869861496497747e-01	   5.4815349763274390e-01	   6.6650139951810006e-01	   5.8776649267409931e-01	   5.9748843240734351e-01	   4.1694679594186507e-01	   4.6916949202071312e-01	   4.8564110254799692e-01	   5.3490287193684738e-01	   5.4969463640525151e-01	   6.2938229211992169e-01	   6.7005723017756402e-01	   7.0369191668206499e-01	   6.3993439662586171e-01	   4.3325270874541683e-01	   5.3254099611972472e-01	   3.2772035801377652e-01	   1.3277837704778123e-01	   2.6910926856652873e-01	   6.2803412040601814e-01	   4.9676877875371794e-01	   5.7504736025751879e-01	   6.0960018590727882e-01	   3.0666431943681227e-01	   3.3284730914604138e-01	   5.3430001378677949e-01	   1.1885195091962493e-01	   4.9069967050564611e-01	   4.7468759387813103e-01	   1.2170138531650629e-01	  -1.7959200657215560e-01	   5.5219146041715661e-01	   2.8371546430489569e-01	   6.3050228809074826e-01	   5.2834813225217681e-01	   6.4410227094423322e-01	   4.6178482818099881e-01	   5.0146751648039012e-01	   4.5307700170924547e-01	   6.9544548569473952e-01	   5.4186647367492080e-01	   4.9053720820294155e-01	   5.9245219509801605e-01	   2.2912495722073731e-01	   4.8575153101156932e-01	   2.3492044527927425e-01	   4.0710454767942794e-01	   4.9455879789617774e-01	   4.7109529785237536e-01	   4.6955691443344638e-01	   4.8648527257774321e-01	   4.8261023001043912e-01	   5.1641632075978405e-01	   4.1181872410762393e-01	   5.0827230764008724e-01	   4.8488853980467972e-01	   5.5307624660366872e-01	   3.4805822393484576e-01	   3.4225087364965695e-01	   1.9529256995322603e-01	   2.5857216346643064e-01	   4.4387467837453570e-01	   4.2472664579764596e-01	   3.3497572659224251e-01	   4.0033610647475520e-01	   5.3586010414841356e-01	   5.1331882740731483e-01	   4.7716113382565800e-01	   1.4436865578988350e-01	
   5.8896154996569727e-01	   5.5374814313700327e-01	   7.1880345653935318e-01	   7.5535342271452321e-01	   6.9836170340011994e-01	   0.0000000000000000e+00	   6.8862926767505772e-01	   7.6461640138229003e-01	   5.9243928657383027e-01	   5.7833303717060514e-01	   5.3458565769287680e-01	   6.2449070922791650e-01	   5.6032832810721644e-01	   6.0379056149571164e-01	   7.1183281563988487e-01	   6.0067201633658618e-01	   4.5233442089983417e-01	   3.8930675395255604e-01	   5.7782191964444840e-01	   6.1033353214435526e-01	   4.6350727182808849e-01	   5.1393985278551013e-01	   6.8913347479761378e-01	   7.1276006938298986e-01	   4.0935801185728038e-01	   6.3396017339509569e-01	   6.5983538720830159e-01	   6.7284356885023522e-01	   4.3035403869497502e-01	   4.4252253427723043e-01	   5.9061888919231875e-01	   4.4578003810628986e-01	   5.4177200125924085e-01	   5.8142071553300867e-01	   3.2561648224501960e-01	   3.6303685442413733e-02	   4.3280045636102338e-01	   3.1653184939614204e-01	   5.0763848169142234e-01	   5.6609920172703254e-01	   3.0100313264236234e-01	   5.0286071154948730e-01	   6.0997944751025490e-01	   6.3006690747699889e-01	   5.1985498118509610e-01	   7.0322264143961632e-01	   4.3634677484882617e-01	   5.0814288362127891e-01	   6.5495446668583723e-01	   6.3464196949831941e-01	   6.3325511037300930e-01	   6.4210631899621895e-01	   4.4166796362178062e-01	   5.0246140202657008e-01	   4.3603903407438094e-01	   5.1079222129446555e-01	   5.2888384609622929e-01	   5.9587440537814507e-01	   5.5308808174115909e-01	   6.3323801534806579e-01	   6.7378786913365829e-01	   6.7225851856370022e-01	   6.4170300020004256e-01	   5.8540822005570492e-01	   3.9084201928076334e-01	   6.6686457369878305e-01	   7.0671945391725166e-01	   7.3022752360564280e-01	   6.6916167092135814e-01	   6.8862546283406290e-01	   2.8532480990025372e-01	   5.2595232179899443e-01	   4.9417595410702253e-01	   2.7648267794475545e-01	   4.8335878037761859e-01	   5.6109151210124009e-01	   2.1175132654026008e-01	  -3.6600258226092232e-02	   4.5501992226577304e-01	   2.8984418317281657e-01	   6.2910007076923624e-01	   6.6245489170298932e-01	   5.8909971733976241e-01	   7.4791383691481195e-01	   6.7343439486088430e-01	   7.2992214385537846e-01	   6.5374258982023370e-01	   6.4867294845608858e-01	   7.0395287777710036e-01	   7.5728322272164539e-01	   5.2191729391983843e-01	   6.4283223500863274e-01	   6.5131740269855687e-01	   5.0531729175963380e-01	   3.7824800057061908e-01	   3.9319050592987426e-01	   3.4773510592020707e-01	   3.8555405039940738e-01	   4.8228136649923548e-01	   5.1608200083443145e-01	   6.8981808541458955e-01	   5.3313629295361276e-01	   5.6371784087169718e-01	   4.9711442603399464e-01	   4.1418873480033080e-01	   2.2927481394048890e-01	   1.4075664327341958e-01	   1.0893675490437825e-01	   3.3415594822071604e-01	   2.9426630587342484e-01	   2.7733113717437613e-01	   3.6221366977042690e-01	   4.8334180038220853e-01	   5.0004931975508393e-01	   4.8011310493261361e-01	   1.7905099626677794e-02	
   7.4457856688172375e-01	   5.3150987572685815e-01	   8.7545076213335205e-01	   7.7799717774989041e-01	   6.3624823502799666e-01	   6.8862926767505772e-01	   0.0000000000000000e+00	   8.3344787347034599e-01	   6.0539034351333232e-01	   5.6743949125060733e-01	   7.5744305589186534e-01	   7.3775050981619661e-01	   8.2647181586623386e-01	   7.5104898062322423e-01	   7.3694446549929160e-01	   8.0652751679245682e-01	   5.7577805082480205e-01	   3.6901945955274401e-01	   6.5860532399852945e-01	   6.7351611654152199e-01	   2.1399850749568852e-01	   2.6034670083507383e-01	   6.7726408386802484e-01	   6.0308404847655095e-01	   2.9076366555849592e-01	   3.8284308193546140e-01	   4.7720357159572013e-01	   3.1220520688852321e-01	   5.0854231012456519e-01	   5.6158043327576779e-01	   6.1147862730294456e-01	   6.6986487784152515e-01	   4.9614668777738014e-01	   4.8660065342886127e-01	   1.5669920788798336e-01	  -1.0818376324568946e-01	   4.6064502890816916e-01	   3.8797255945061293e-01	   4.1201838814135189e-01	   4.9507557254850632e-01	   3.0451035581303570e-01	   5.2950625712943999e-01	   6.6790570800317228e-01	   6.9530230301429585e-01	   5.6831752944739022e-01	   6.9056405380479768e-01	   6.2464275461996088e-01	   7.0588990676918073e-01	   7.3586784896419055e-01	   7.1989863478847038e-01	   7.6690882058591803e-01	   7.2349918893905552e-01	   5.5701301260855396e-01	   4.8840574181352908e-01	   5.2837388558125742e-01	   5.8674558842071889e-01	   5.3394803333053109e-01	   5.4066345740234711e-01	   6.2901904189017688e-01	   6.4890798466192601e-01	   6.4936585323611595e-01	   6.3659530104641959e-01	   7.1342528631591706e-01	   6.1171461307744979e-01	   2.1011046548295390e-01	   4.5503222170183866e-01	   7.4891597959737077e-01	   6.3606993006992552e-01	   6.9261156379444644e-01	   7.8684427065224471e-01	   4.4831658273216679e-01	   5.0536791904122702e-01	   6.2801309165039210e-01	   4.6424899737657521e-01	   5.4635364144830967e-01	   7.5105590873785366e-01	   3.3989741162008846e-01	   2.6227184718154745e-02	   6.1494786548134017e-01	   4.0761986867517025e-01	   7.3117477173264445e-01	   7.1245912561077307e-01	   7.2808866320595111e-01	   7.5212750288134866e-01	   7.6344816750612576e-01	   7.4472804070737220e-01	   6.4589653654054335e-01	   6.8871750235328322e-01	   7.1009560095927604e-01	   8.3020191090197670e-01	   6.4335393367240401e-01	   8.3012097168996324e-01	   6.6367481228751335e-01	   7.0570926865806416e-01	   4.2678716561905472e-01	   4.0010230728267748e-01	   5.0247532618208757e-01	   5.6070613726019825e-01	   7.4996823476145569e-01	   7.4971709242976792e-01	   7.6551806978955639e-01	   7.6244195407352466e-01	   6.9204214246231688e-01	   6.7209831280458232e-01	   5.9696699720802759e-01	   4.9367844281254963e-01	   5.1178768148335448e-02	   8.2294200067884071e-02	   4.1516907346213650e-01	   4.9812005068828524e-01	   5.6234474640505039e-01	   6.7306221697522761e-01	   7.9135256485509631e-01	   6.2404934887188168e-01	   4.8591363767474238e-01	  -4.0906543175129241e-02	
   6.1637933895380348e-01	   4.0823195253689154e-01	   7.1048321621121791e-01	   9.1047232679808321e-01	   4.8518102535599850e-01	   7.6461640138229003e-01	   8.3344787347034599e-01	   0.0000000000000000e+00	   4.9858094750614168e-01	   4.5910354573514983e-01	   5.3659339897649527e-01	   7.7596520377848677e-01	   6.7193564744473877e-01	   7.0774157770748336e-01	   5.7994953310873876e-01	   8.1823266594629884e-01	   4.1555848117513133e-01	   3.0498108414373049e-01	   5.4484902434253701e-01	   6.1897716504133049e-01	   2.3488366488242710e-01	   3.8685408036170060e-01	   6.4912838837989428e-01	   7.5042507863449470e-01	   8.2043632208584766e-02	   3.5931541349482010e-01	   4.0432658564101243e-01	   3.2650371372174797e-01	   3.3342373299730721e-01	   5.5143395039189991e-01	   5.9726259271390303e-01	   5.4181098886826218e-01	   5.5189975294571969e-01	   4.5381624580089652e-01	   2.5407514784428481e-01	   1.0367060997671823e-01	   3.2563082485078121e-01	   2.1114731621910962e-01	   3.3189007070796483e-01	   3.7179215050643888e-01	   2.5677844357638235e-01	   4.2934298503514767e-01	   5.6688230945995222e-01	   5.8654004680247085e-01	   5.8350612651019373e-01	   7.5311034303707736e-01	   5.3193906590829054e-01	   5.9536534833094445e-01	   7.1299117532149014e-01	   6.5829419897822783e-01	   6.3858215696957354e-01	   6.2589878333179017e-01	   4.1008367122940115e-01	   3.3480340295102284e-01	   3.6504465881537529e-01	   3.6844033508184526e-01	   4.6780574464609315e-01	   4.6002549722623309e-01	   5.1271565752352855e-01	   6.1245654904861124e-01	   5.9025728726961391e-01	   7.7575046490955302e-01	   6.9899247141771004e-01	   7.6239279815672190e-01	   2.2017868304593408e-01	   5.8063563877121771e-01	   7.4969768064594167e-01	   8.1729883655295188e-01	   6.6956856649982954e-01	   7.1639854330831931e-01	   4.2121969563325312e-01	   4.9436380069502328e-01	   4.9993472656136573e-01	   4.1300047513447846e-01	   4.2323022531714716e-01	   6.7961670494334026e-01	   3.3691519165861639e-01	   1.1998350802459903e-01	   4.6732714188025082e-01	   3.6422411980986530e-01	   6.4322446814373047e-01	   7.0955758361085774e-01	   5.9310436896377527e-01	   7.9402235707411517e-01	   7.3596648224929417e-01	   7.2003009597830014e-01	   5.2998736210155395e-01	   5.8881599431337828e-01	   7.5027052715868692e-01	   7.3784698926931558e-01	   6.8278675749822726e-01	   7.0183168368061821e-01	   7.2797666458006094e-01	   6.0572032189256619e-01	   2.3400965941387936e-01	   2.3572135388126994e-01	   3.1580026253085841e-01	   3.6873712150222837e-01	   5.9566807151022394e-01	   5.2965979909457983e-01	   8.0328723205067765e-01	   6.6473464877642741e-01	   6.6542098997063981e-01	   5.6937822681255290e-01	   5.8370497900149110e-01	   3.2974554872372991e-01	   1.3612836713564827e-01	   9.4273405847702121e-02	   2.2128781972854641e-01	   3.1117392512069258e-01	   4.3653139373929500e-01	   4.9584878493509138e-01	   5.7638948507340015e-01	   4.5762744870007366e-01	   3.9225276348238708e-01	  -1.6400746145869655e-01	
   5.5186353255111498e-01	   5.0141587769698548e-01	   6.9139086297207442e-01	   5.7819570207728455e-01	   8.8328305232380122e-01	   5.9243928657383027e-01	   6.0539034351333232e-01	   4.9858094750614168e-01	   0.0000000000000000e+00	   5.7163568693985034e-01	   7.0609635471303323e-01	   4.1062731687918319e-01	   6.8440249049247048e-01	   4.6035880284692965e-01	   5.6552801853040047e-01	   3.1063783371416459e-01	   6.2903642773336987e-01	   4.9199340497441546e-01	   4.2819279217192285e-01	   4.4700107626354946e-01	   3.2109132629260018e-01	   3.8929714587648567e-01	   4.0015178588004785e-01	   2.7702412460050824e-01	   4.3725181510129418e-01	   5.8302250443858417e-01	   4.1708394343244604e-01	   3.9751715226632628e-01	   6.3331787945620888e-01	   4.5369045633507021e-01	   5.6797390489502564e-01	   5.5462059886045034e-01	   3.2254853438861553e-01	   3.4580934083491688e-01	   2.1852452133901701e-01	  -1.4020804202311438e-01	   5.8566057584430986e-01	   5.6228553663946101e-01	   5.5496581815174895e-01	   5.1414709742784459e-01	   5.0841171364353854e-01	   5.0907405251854732e-01	   5.4483683313092357e-01	   6.2802261981034602e-01	   3.7870330699717847e-01	   5.3207150445730367e-01	   4.7094467521088856e-01	   5.9461040635761542e-01	   5.4516411114466623e-01	   5.5466245035714601e-01	   5.3980911606149196e-01	   5.7097426792795047e-01	   2.8506917227146339e-01	   2.7791853686468104e-01	   4.2520068044740505e-01	   4.1622305333206300e-01	   4.7512590634596519e-01	   5.3439100022775143e-01	   5.9441518881585220e-01	   6.6051842806930872e-01	   5.0971040016886904e-01	   3.8093736483588458e-01	   5.5611406746793979e-01	   3.6798387728275439e-01	   1.6076178031470945e-01	   2.7090234336319097e-01	   6.5498330071621402e-01	   5.4752738219769048e-01	   5.4557087470278620e-01	   5.9430476543435395e-01	   3.1671987160415471e-01	   2.7473638733865779e-01	   5.7675296781792551e-01	   2.8584864454344583e-01	   5.4930198853473000e-01	   5.2951643256367342e-01	   2.4834552652279943e-01	  -3.3465956011845252e-02	   6.1062841291525216e-01	   4.4859746440066239e-01	   6.7072494177439435e-01	   6.1874617289469647e-01	   6.7036352751135952e-01	   4.8180400951815949e-01	   5.6094905132185080e-01	   4.9973817557864780e-01	   6.6946120776862483e-01	   5.8700952810939422e-01	   4.5288496858664562e-01	   5.7034561821394303e-01	   2.5904764609559433e-01	   4.3919754808131495e-01	   2.4340567992504258e-01	   4.2191971168193371e-01	   4.4734358892676829e-01	   3.9253211278329259e-01	   5.2670340895624412e-01	   5.4146354861181833e-01	   5.0345588510512584e-01	   5.0524870081455486e-01	   4.3528150393151055e-01	   4.8286325985339890e-01	   5.4026716779066986e-01	   5.6484442871209550e-01	   5.0338776519337769e-01	   4.2559296199328045e-01	   1.7773959547495033e-01	   2.6612484658595204e-01	   4.1054040710766659e-01	   5.1816241579569333e-01	   4.9734880320775510e-01	   4.9548723253375748e-01	   5.9237665226572567e-01	   5.3397523165899952e-01	   5.2708720937873832e-01	   1.3177385141568639e-02	
   3.5571293786742780e-01	   3.8485248316316895e-01	   5.9236639654605083e-01	   4.0641339283671674e-01	   5.8070914242915062e-01	   5.7833303717060514e-01	   5.6743949125060733e-01	   4.5910354573514983e-01	   5.7163568693985034e-01	   0.0000000000000000e+00	   5.1615259945822933e-01	   4.6354270688034493e-01	   4.8785141731325254e-01	   3.4722092847871883e-01	   6.3980958187622017e-01	   4.4306438374037682e-01	   3.7392527367066652e-01	   4.2141883868517738e-01	   3.7324859826763196e-01	   3.6840345484099779e-01	   1.3052217924390511e-01	   1.3755290406818269e-01	   5.3002543330653007e-01	   4.0159259945586090e-01	   4.8381039462518227e-01	   4.9078711109046691e-01	   4.3999995694075406e-01	   4.2968079061563141e-01	   3.3451875412033316e-01	   4.2006123492963443e-01	   4.1498723494845258e-01	   3.1589662470101265e-01	   3.2837061530627709e-01	   3.7100777618381620e-01	   3.0192024849229493e-01	   1.0486500921560610e-02	   3.2810339165150049e-01	   2.7654893129550689e-01	   3.2934705002139153e-01	   3.5600881764388898e-01	   2.7313917234422835e-01	   3.4016793060518952e-01	   4.4812024657468280e-01	   4.8006975183163031e-01	   5.1769302593485877e-01	   5.2009130715161467e-01	   3.0822597720291728e-01	   3.7309123404820133e-01	   5.3913193441957541e-01	   4.4523815001112321e-01	   4.6596912694225001e-01	   5.0505351713843005e-01	   2.6580148770884976e-01	   4.1832777737322263e-01	   3.4020621621736225e-01	   3.5215404960175245e-01	   2.4220556509168967e-01	   4.1697352545895594e-01	   2.9961751652092983e-01	   3.4894780785195767e-01	   4.4571589734052136e-01	   4.6047770132118176e-01	   5.1975756280264318e-01	   4.3359360909676653e-01	   5.8212527607950471e-01	   5.2766041247679218e-01	   5.2977147210257314e-01	   4.3515974531095591e-01	   4.5495063759835336e-01	   5.2992025195387149e-01	   1.7822926826206037e-01	   3.1496028677867338e-01	   3.7691415614675916e-01	   3.3112499933436701e-01	   3.8291700516088567e-01	   5.0267105312491489e-01	   1.2180983122798118e-01	  -1.5426579884550971e-03	   3.6706072752322344e-01	   3.4212071744181571e-01	   4.7147802445170850e-01	   4.8533017462984213e-01	   5.0672835926197801e-01	   5.1122324339097858e-01	   5.2240653668105108e-01	   4.1219108859535197e-01	   3.8938825067103844e-01	   3.4525201930935162e-01	   4.7144349615954739e-01	   5.4459420111041534e-01	   3.9685642039584695e-01	   5.6197836642580290e-01	   4.8509220444194112e-01	   5.4524095187823252e-01	   2.7410047656182573e-01	   2.7531442267526057e-01	   2.8759103585814977e-01	   3.1932870424489168e-01	   4.0474941441527112e-01	   4.4038769804837369e-01	   4.3575675620999338e-01	   3.7118021813593949e-01	   4.5662225457171624e-01	   4.0070199326358419e-01	   3.2853324959476388e-01	   3.3640769788426017e-01	   1.3348367265935562e-01	   9.9510751095492830e-02	   2.3704547774017470e-01	   2.8033021925306906e-01	   3.2498973530247843e-01	   3.7563305507442024e-01	   4.8055616775911747e-01	   5.7508704593114801e-01	   5.3493338910062826e-01	   1.0743611193164143e-01	
   7.2538933818024476e-01	   6.0721878836440224e-01	   7.3795503557741116e-01	   5.2258187345858520e-01	   7.3874374836547241e-01	   5.3458565769287680e-01	   7.5744305589186534e-01	   5.3659339897649527e-01	   7.0609635471303323e-01	   5.1615259945822933e-01	   0.0000000000000000e+00	   6.4957390720217800e-01	   8.9729631877593996e-01	   7.0179435448788596e-01	   7.4667141039066587e-01	   5.1956377622454919e-01	   6.3937575751602349e-01	   3.7383696251832793e-01	   5.3811997696348013e-01	   4.9711300680895093e-01	   3.5469605661884829e-01	   2.6042910887349013e-01	   4.0105056312973886e-01	   2.7633313199478199e-01	   5.1517705855610996e-01	   5.4541215497480233e-01	   5.1564576776369742e-01	   4.3658121422809160e-01	   6.1475841697370115e-01	   4.3135648335576282e-01	   5.2202983451289808e-01	   3.8883511710876084e-01	   4.4443306149382505e-01	   4.3997107224090082e-01	   6.7893756246206652e-02	  -1.7755700021285326e-01	   6.5502550263673798e-01	   4.9382649388165228e-01	   5.5874339343324952e-01	   6.0265243153607218e-01	   4.1177364417562451e-01	   6.2676161641434924e-01	   6.2827916276245932e-01	   6.5807748944004663e-01	   3.8469120866896961e-01	   5.1874211366564726e-01	   5.0126634040632467e-01	   6.3282404532505998e-01	   6.0716005605081802e-01	   6.8756611313010607e-01	   7.4358506450010109e-01	   6.6941676613815471e-01	   6.3741473398901438e-01	   5.9315659068825455e-01	   7.2276243762666237e-01	   6.5000490319498849e-01	   4.9644143861652845e-01	   5.5099192340191894e-01	   6.3502839159133684e-01	   6.1009578244563500e-01	   6.1003737727918439e-01	   4.3681844598426595e-01	   5.7622316393147865e-01	   4.1317682233383224e-01	   1.5843965458190206e-02	   1.8290433172649601e-01	   5.8601536163763690e-01	   3.9579554647679088e-01	   6.1255392786495266e-01	   6.5119461502755238e-01	   3.6064877509030480e-01	   2.2176175350498820e-01	   6.7083437747694397e-01	   2.4974355544825369e-01	   6.0270650384478697e-01	   5.6056739885418683e-01	   3.4712445120840296e-01	  -1.5688906511728815e-02	   6.1071459883902079e-01	   3.2777085297782244e-01	   7.5215673251854565e-01	   5.9614511088809630e-01	   7.2826903654345454e-01	   5.7914599358798291e-01	   6.8467096448506970e-01	   5.5216850322187039e-01	   5.7301184728243149e-01	   5.2101803485779041e-01	   6.0206358448443742e-01	   6.6841131539318499e-01	   3.3939794504619791e-01	   6.4395615617356206e-01	   3.4250319453810096e-01	   5.9761012015900428e-01	   4.3253978775906188e-01	   4.4736756624247553e-01	   5.2165000907080650e-01	   6.0383021591271846e-01	   7.2792349310325100e-01	   7.0581312895443038e-01	   5.3917301165030562e-01	   6.4342077666168340e-01	   5.7744321100890050e-01	   6.4230198649556081e-01	   3.7714721947126317e-01	   3.8706891056853593e-01	   2.3855181837507505e-01	   2.6712632891700999e-01	   4.2096238767739153e-01	   4.6447979666947153e-01	   5.4189200256149306e-01	   6.1516742972572769e-01	   7.3897280975440094e-01	   6.0626811300624261e-01	   4.7012981566162870e-01	   2.9178286198159552e-02	
   5.8760661789334290e-01	   4.3712662888826276e-01	   6.7326938872352393e-01	   7.5214253580295753e-01	   4.4379778446010254e-01	   6.2449070922791650e-01	   7.3775050981619661e-01	   7.7596520377848677e-01	   4.1062731687918319e-01	   4.6354270688034493e-01	   6.4957390720217800e-01	   0.0000000000000000e+00	   6.7074218856813950e-01	   6.2805251832488518e-01	   5.8059722314717366e-01	   8.2235596805545685e-01	   4.3955371768587109e-01	   4.3634139596149640e-01	   5.0587433316245822e-01	   5.3702910912604418e-01	   1.1474784897012076e-01	   2.1750202926988105e-01	   6.0021155412979910e-01	   6.7696807464828002e-01	   1.1177845505559017e-01	   3.2485300966796260e-01	   3.5111399269275495e-01	   2.2492218614504506e-01	   3.7840494593256468e-01	   6.5930363241676226e-01	   6.3120095475852400e-01	   4.9015251959822431e-01	   5.3941619226929882e-01	   4.2529198541049412e-01	   8.6006037576430369e-02	   3.6709713451346139e-02	   3.1834770191809991e-01	   1.6226568706959216e-01	   1.7823862544818880e-01	   2.3492124187910610e-01	   1.5559140293614424e-01	   3.9613150602748959e-01	   5.1467967089461242e-01	   5.2590814038341338e-01	   4.0020288954986183e-01	   5.8814208678171975e-01	   4.8703291612731170e-01	   5.2435012872004649e-01	   7.2428481598635308e-01	   7.0005290829158195e-01	   6.9675391240040863e-01	   6.2977165118832201e-01	   5.5282554149917651e-01	   4.3043127562845074e-01	   4.2331456795333833e-01	   3.5961521365502747e-01	   4.4267646921869397e-01	   4.9255546217179147e-01	   5.7344272177903743e-01	   6.1708463869285324e-01	   6.2775568276026328e-01	   7.3011350780140438e-01	   6.8662603389528343e-01	   7.5888639539423886e-01	   1.0471953650089305e-01	   3.4098230288395615e-01	   6.0034922165546711e-01	   5.6031700259341022e-01	   5.1268133340914224e-01	   5.7365759331662403e-01	   4.3749528779820757e-01	   5.0495669225056017e-01	   5.6794830321025813e-01	   5.0231096634581796e-01	   5.2171795563070356e-01	   6.6430930058779880e-01	   4.8153932599957733e-01	   2.1209375047216528e-01	   4.1363927519163168e-01	   4.0653811292927439e-01	   6.5894169160505434e-01	   6.9010125570368319e-01	   5.6054248170367826e-01	   8.0987482684081291e-01	   6.5117951103228378e-01	   6.0067335945179545e-01	   3.7910397917636940e-01	   4.6346953486884601e-01	   5.6378394950381217e-01	   6.1092446865058103e-01	   4.6053226586335927e-01	   6.1992301657639703e-01	   4.9677291604140661e-01	   5.1304942271390352e-01	   1.9325846854743195e-01	   1.9610304518399940e-01	   2.7506795902517883e-01	   3.7397459259182120e-01	   6.4488283337647856e-01	   5.7666364307326601e-01	   6.7059658285037660e-01	   5.9634259106495469e-01	   6.0754433842423028e-01	   4.6903890001438264e-01	   3.0645029254673212e-01	   1.2014646171018648e-01	   6.2566688534052339e-02	   3.7844333937985225e-04	   1.8209719561029997e-01	   2.7895214294367515e-01	   3.7920325816408107e-01	   4.7982548384803775e-01	   5.8140337203633419e-01	   4.3213728156455888e-01	   3.5922721797437696e-01	  -1.3884689277696857e-01	
   6.2538413490951683e-01	   4.1564800636077798e-01	   7.3893919077325254e-01	   5.8188703468138259e-01	   6.7727232279468286e-01	   5.6032832810721644e-01	   8.2647181586623386e-01	   6.7193564744473877e-01	   6.8440249049247048e-01	   4.8785141731325254e-01	   8.9729631877593996e-01	   6.7074218856813950e-01	   0.0000000000000000e+00	   8.2378513368403494e-01	   6.7404323889389228e-01	   6.4502962501823036e-01	   5.3916052093290678e-01	   1.8916223045396330e-01	   5.0242372359285281e-01	   4.9232077869818014e-01	   2.6120808909197685e-01	   2.3599318407518921e-01	   3.9779317145619819e-01	   3.2548067485310261e-01	   3.1170307804338293e-01	   3.5379356383083388e-01	   4.3837261303012959e-01	   3.5754105003553671e-01	   5.7140976056266968e-01	   3.6408004446946629e-01	   5.1836389714788167e-01	   4.4533203830274859e-01	   3.8687064534530896e-01	   4.3032683471891503e-01	  -1.3332035208907640e-02	  -2.5454917300092733e-01	   5.6895256738397926e-01	   4.4340712827815820e-01	   4.5056464068520630e-01	   5.2210715833603061e-01	   3.3748870448924695e-01	   5.8157902289421792e-01	   5.6224814582692273e-01	   5.9861007722722714e-01	   4.1914115494514387e-01	   5.7467662394045582e-01	   5.5678611966955316e-01	   6.5549361311947296e-01	   6.5210892561206835e-01	   7.4213581619644886e-01	   7.5134533077762877e-01	   6.6902797176970252e-01	   5.9854700075223255e-01	   5.0792698729430352e-01	   5.9976843411593950e-01	   5.6873209400825975e-01	   4.1025296595950705e-01	   4.1930112243778173e-01	   6.4732579095253795e-01	   6.4263954142564927e-01	   6.2328469373201811e-01	   5.3080129604897375e-01	   5.5383004722530538e-01	   4.4392087882491427e-01	   1.0652513372947710e-02	   2.4621476159136044e-01	   6.4252373729703638e-01	   4.9904812324693415e-01	   5.5536037790193393e-01	   6.3145890153366657e-01	   3.7986849342259721e-01	   3.4392778452559497e-01	   6.5009295410038548e-01	   1.8338175915893323e-01	   5.4388318947615644e-01	   5.4740326844285581e-01	   2.7327383484167600e-01	  -7.3376475202183461e-02	   5.7195472224652477e-01	   2.0273809771247789e-01	   6.7012843531349819e-01	   5.5406768092346403e-01	   6.1084179917838455e-01	   5.7584228339104493e-01	   7.2832893229139106e-01	   6.3803892912002136e-01	   5.9172103973632706e-01	   5.9440733547645774e-01	   6.7084867771539014e-01	   7.3130698216815970e-01	   4.6818715425845098e-01	   6.6186674603660578e-01	   4.3063869159567503e-01	   6.1632291159205432e-01	   4.5219061586194420e-01	   4.6012646284998537e-01	   5.3283795294645464e-01	   5.9292555240948186e-01	   7.3595225123844799e-01	   6.9631518637391432e-01	   6.0366738900903638e-01	   6.7288195956769647e-01	   6.3365885325705973e-01	   6.6190401523429387e-01	   5.2104445751116568e-01	   4.8682916580934832e-01	   2.0941019172009084e-01	   2.6628819930787961e-01	   4.3102041254218637e-01	   4.6559365720022267e-01	   5.5177645602958192e-01	   6.2363490081451989e-01	   7.4500453138392597e-01	   5.8757383996819934e-01	   4.6374730826665256e-01	   2.7510746149308721e-02	
