   0.0000000000000000e+00	   8.8983740552952650e-01	   7.7640723741719331e-01	   8.1673883116872581e-01	   5.5596829489149036e-01	   5.9615358747191238e-01	   8.7377792701226420e-01	   8.2003521887507491e-01	   6.5441075352284517e-01	   5.2634883295038959e-01	   8.0599746729054234e-01	   8.2589074957934394e-01	   8.0377418064842110e-01	   8.4010345684091736e-01	   6.7976099119979216e-01	   6.9138783727970687e-01	   6.3996380465872149e-01	   6.1056622765128132e-01	   8.1912983871907707e-01	   8.1958856247726097e-01	   6.4605497028987147e-01	   6.7246680153564009e-01	   6.7774923842029577e-01	   7.1652052551302248e-01	   6.6693136562467314e-01	   6.8952699549544327e-01	   4.9512543590906555e-01	   5.5554846074663478e-01	   5.8167523082755246e-01	   5.5670617260908783e-01	   7.0165648832005156e-01	   7.2221141195794814e-01	   7.8222021828873856e-01	   7.4875992995160556e-01	   4.0138583935537936e-01	   2.3503267192579502e-01	   3.3213334670342176e-01	   7.4791958501950806e-02	   7.3996904599755187e-01	   6.6151125470456895e-01	   6.6349695885727944e-01	   6.0824159113039111e-01	   7.0847426965972327e-01	   6.2409975449487509e-01	   6.8026752917132915e-01	   6.6575399212649033e-01	   6.8084768047613842e-01	   6.5623643059181624e-01	   5.8747645904249035e-01	   6.4518534832093821e-01	   6.8540452757420078e-01	   7.0190911500364983e-01	   6.8844632053393962e-01	   6.1009267466312367e-01	   8.3335675572555501e-01	   8.2255306286255314e-01	   7.1010271780194911e-01	   5.4364728763211057e-01	   7.1638150647584609e-01	   6.7829652141241514e-01	   6.8008132493185314e-01	   6.9019550471771685e-01	   7.1489740303543481e-01	   6.5926298836817321e-01	   4.9974689460397104e-01	   7.1315787306670197e-01	   7.0278549362559761e-01	   7.2606684485084039e-01	   4.2723318616658568e-01	   4.1958570688450741e-01	   6.3305243498534236e-01	   6.3068466857569438e-01	   7.0794020835221461e-01	   3.7130817522439563e-01	   6.6484053616759109e-01	   4.9127141061316398e-01	   4.4891196951139167e-01	   2.2749985058158700e-01	   7.0253672225055763e-01	   6.4230054114867929e-01	   7.4851677846117526e-01	   8.2831787357901510e-01	   5.9725976114321044e-01	   6.6624319729412407e-01	   7.6446028739649718e-01	   8.0966959760393808e-01	   3.3978749667771391e-01	   4.9106152563248634e-01	   6.4261938920420802e-01	   6.1544961244839180e-01	   4.3017195006146025e-01	   2.7201853815497473e-01	   1.7330971086970934e-01	   9.8361925859043048e-02	   1.7718442919437577e-01	   2.9473971020595263e-02	   5.6556896745541996e-01	   5.0636333753698581e-01	   6.6743346799839809e-01	   6.9132600244039177e-01	   6.2795804662252408e-01	   4.5452462057963661e-01	   4.2617701327167312e-01	   4.3407195420163691e-01	   5.1259805999816754e-01	   5.3633621655560915e-01	   5.1405849851818242e-01	   5.0687759383958708e-01	  -2.5160381770297058e-01	  -9.6917027638936296e-02	   2.7806069788473470e-01	   4.3492164025311608e-01	   4.4240433190450235e-01	   4.5482779864951983e-01	   4.9101971030599867e-01	   2.2255018222021894e-01	
   8.8983740552952650e-01	   0.0000000000000000e+00	   7.3881117381388051e-01	   7.9024741479555738e-01	   5.1103643942987187e-01	   5.4477706667616710e-01	   7.6257769823764132e-01	   7.3322219520095466e-01	   6.4894742053443544e-01	   4.2589768224635616e-01	   7.2433633202528580e-01	   7.0505765466189763e-01	   7.2166955313625047e-01	   7.2522686615188292e-01	   7.5159811689531586e-01	   6.3100680264911768e-01	   6.6775175366562201e-01	   6.8081612964335647e-01	   8.3194203093849917e-01	   8.5360769573898854e-01	   6.2799779296465807e-01	   6.4397619550686358e-01	   6.9385389589227731e-01	   7.0922127147461733e-01	   6.4572670033569857e-01	   6.3394901506367785e-01	   5.5734426896175604e-01	   5.7415560732791537e-01	   5.6098541742658170e-01	   5.0728680665890635e-01	   6.4981107572268182e-01	   6.6432364503748376e-01	   6.6964464447467154e-01	   6.4607581236480682e-01	   3.6439982727727205e-01	   2.1060485389364428e-01	   4.1989746722727722e-01	  -3.2206256112464887e-02	   7.4494092365472986e-01	   5.2024678727699858e-01	   7.0207619495045959e-01	   5.8571921492166090e-01	   7.0527916414942682e-01	   6.2011154500053001e-01	   6.1269433793615624e-01	   5.8519068983153832e-01	   6.4215633303184139e-01	   6.0665442896512256e-01	   5.2887241952591013e-01	   5.5679271446218115e-01	   6.2362606788628727e-01	   6.3788455120817100e-01	   6.8449881074816810e-01	   6.3032673096735425e-01	   7.3358853858710793e-01	   6.9432356490441138e-01	   7.0762436326604494e-01	   6.9766326240714083e-01	   6.4226183644168011e-01	   6.0315913711391167e-01	   5.4972932806837171e-01	   5.5695337724420335e-01	   6.3865660284154480e-01	   5.3782963305273390e-01	   4.8493136607000564e-01	   5.4448424890303482e-01	   5.7499468358092953e-01	   5.4668051145440089e-01	   4.2849418001291362e-01	   3.9598527818549428e-01	   5.8828573064667311e-01	   6.8119439366663004e-01	   6.5687608823727983e-01	   3.1702598999828852e-01	   6.2512991768009474e-01	   4.4748051282167223e-01	   3.7087185590089605e-01	   2.0606550700287435e-01	   7.0784362676978496e-01	   6.5944881865354321e-01	   7.2025028135206481e-01	   7.9759558831863897e-01	   6.6550756058464544e-01	   7.4928524188243206e-01	   7.6125635735326913e-01	   7.1911245476583985e-01	   2.9899765081478202e-01	   4.6251343348817348e-01	   6.6249994636577814e-01	   5.5624598154836580e-01	   4.2803069554745887e-01	   2.6642874887456913e-01	   1.9245716838548477e-01	   9.9972911748289719e-02	   4.4236886209641571e-02	  -1.1789273674630502e-01	   5.0216569855365079e-01	   3.4068967147437546e-01	   6.2245761070171979e-01	   6.5901084009808653e-01	   5.4251349993395448e-01	   4.1804798549096678e-01	   5.0721859852795215e-01	   4.8200553450325168e-01	   5.4110431375455748e-01	   5.5488596428853143e-01	   5.9475375040936096e-01	   5.4013238975543065e-01	  -3.1230185981262681e-01	  -1.9659275624453321e-01	   2.9947826160869617e-01	   3.7404903090469388e-01	   4.2438201530751862e-01	   4.4699512307207895e-01	   4.5784402012950565e-01	   1.5907177597634448e-01	
   7.7640723741719331e-01	   7.3881117381388051e-01	   0.0000000000000000e+00	   8.7223458642806717e-01	   5.1181898583489593e-01	   5.1868615827511311e-01	   8.8650527841817506e-01	   7.4448651746373440e-01	   5.9250369496023014e-01	   5.4364201971450421e-01	   6.3137026519340433e-01	   6.2605294417747781e-01	   7.8971946778801605e-01	   7.6293410801606698e-01	   8.7335571013111002e-01	   8.3516336660337331e-01	   4.3400940938769128e-01	   5.2139931627635749e-01	   8.1324320267140682e-01	   7.7206526382076079e-01	   6.7415286143310560e-01	   7.5605510964143430e-01	   9.2495917176102549e-01	   9.2201490050535995e-01	   8.3209057663260078e-01	   8.3477231835537968e-01	   6.6494620130030713e-01	   7.2452574319955676e-01	   4.6308275290568979e-01	   4.9362036108417545e-01	   7.7788554579540792e-01	   7.7483977316095132e-01	   6.4770815545763405e-01	   6.5144849743564093e-01	   4.7804365763158629e-01	   2.9115655370374399e-01	   3.5633084444435326e-01	   3.1055272403989431e-01	   7.6385685212940291e-01	   6.9498126642845748e-01	   7.3875818981566133e-01	   7.5048733001479517e-01	   5.3940523563066411e-01	   4.2113160532343580e-01	   4.9217407743886726e-01	   4.5975743715089901e-01	   5.0049092293768649e-01	   4.7702055924001530e-01	   4.0816665729010948e-01	   4.3340283611100083e-01	   5.3671086934139589e-01	   5.7699287448564918e-01	   5.7385254002570940e-01	   5.1928259710870062e-01	   7.1592455865495230e-01	   7.6315269080524240e-01	   6.0923647371458567e-01	   5.3280339711546598e-01	   6.3997510913843070e-01	   6.3411020238406168e-01	   4.8535869323822367e-01	   5.7212295990752726e-01	   6.3729989605442428e-01	   4.7482708465192314e-01	   7.2571439116429148e-01	   6.5134781455294177e-01	   7.7009643937921224e-01	   7.1070497137409061e-01	   6.2622209351302194e-01	   7.0572223080085972e-01	   7.1264843644968456e-01	   7.1072733122691156e-01	   7.5362517420589581e-01	   4.3927503890520847e-01	   7.7548774790265751e-01	   5.4421606210247786e-01	   4.4864503462443334e-01	   3.0964667024252213e-01	   5.9205330917768473e-01	   5.8026299431946815e-01	   6.2243044008062265e-01	   7.4244133273626634e-01	   7.8815020519005408e-01	   7.4120910781491300e-01	   8.6926693185237092e-01	   7.8726541240562864e-01	   6.4227218762775662e-01	   7.3767374486496240e-01	   8.4228367245380209e-01	   7.9878310213982928e-01	   4.8039941958423993e-01	   3.4949976525243570e-01	   3.1970762913261586e-01	   2.3424008666282431e-01	   2.3299925755792597e-01	   9.7354519631628098e-02	   4.8576013088671938e-01	   4.6730885143895590e-01	   5.5252300603668558e-01	   6.3436406438998638e-01	   6.2863345454592845e-01	   4.9192932143494694e-01	   5.8229957596123794e-01	   5.0504651569244874e-01	   5.2087158407279599e-01	   5.6856643315242361e-01	   5.8347262293319746e-01	   4.8536511857933023e-01	  -2.1788688623124175e-01	  -5.3531937409809549e-02	   2.3870832696692534e-01	   3.1561220723223238e-01	   2.9976647148598673e-01	   3.1830860056889831e-01	   3.8299682017035230e-01	   1.0665845842104055e-01	
   8.1673883116872581e-01	   7.9024741479555738e-01	   8.7223458642806717e-01	   0.0000000000000000e+00	   6.4600980956384690e-01	   7.2595411925693831e-01	   8.8638496740609729e-01	   8.9924541505701039e-01	   6.7561348328115933e-01	   6.6705630659210335e-01	   7.8334448633362030e-01	   7.9266461789633980e-01	   8.6983188593516347e-01	   8.8998374819313919e-01	   8.0380216582320863e-01	   8.4304909534031369e-01	   6.8380041201829189e-01	   5.7536084007798549e-01	   8.7237052395642833e-01	   8.8995111840653185e-01	   6.8912381484672702e-01	   7.9202509116027886e-01	   7.9336710095497065e-01	   8.9907207915510012e-01	   7.6398493230409237e-01	   8.4624901043404399e-01	   6.6365265320077638e-01	   7.6801935399214372e-01	   6.8582425265712765e-01	   5.3566884859132335e-01	   8.0032100828428576e-01	   8.3075054970898088e-01	   7.1519870631748794e-01	   7.2496172106865586e-01	   3.1095182645634178e-01	   1.2105995437525011e-01	   4.0944063166832062e-01	   2.3777780871303333e-01	   8.0340772870767607e-01	   7.9597422841558840e-01	   7.1204126576809146e-01	   7.7970667473349975e-01	   6.4180253779883001e-01	   5.4195015558652249e-01	   6.3727176249270534e-01	   6.1271693926013326e-01	   6.2419578715929713e-01	   5.6917401798000866e-01	   5.3977567446915176e-01	   5.7225671157310076e-01	   6.8164782447081063e-01	   6.9940603714961758e-01	   6.6586331691787826e-01	   5.8430104356740931e-01	   8.1212805115533393e-01	   8.0373348876952178e-01	   7.0833336162938898e-01	   5.5360801705341167e-01	   7.1294757890456706e-01	   7.5075340719187889e-01	   5.9276902559833344e-01	   7.3270214941355727e-01	   7.9742136639427019e-01	   6.7993057736713336e-01	   6.5906237314714022e-01	   7.7346775964043157e-01	   8.2452801155228439e-01	   8.3416362358508944e-01	   6.5425050727049161e-01	   6.0102768411092677e-01	   8.0148364002223249e-01	   7.4652174235617141e-01	   7.8207382204137921e-01	   3.8000214202556232e-01	   7.6621790119055555e-01	   5.5546715941232716e-01	   3.8078040080955433e-01	   1.4787922416178564e-01	   7.4285528328449557e-01	   6.1273220683145335e-01	   7.6799336779270511e-01	   8.4407397520063887e-01	   6.3885881366182817e-01	   7.5284610075027336e-01	   9.0685839243467103e-01	   9.3142141035110315e-01	   3.9575301063119145e-01	   5.8572040356945165e-01	   7.9554510275454493e-01	   7.8468881566538684e-01	   5.8533231138701813e-01	   3.9806029436862522e-01	   3.9336192261798536e-01	   2.1515335749715872e-01	   3.4805296804960029e-01	   2.1235135304528102e-01	   6.1414768358943816e-01	   5.7925714729567157e-01	   6.8323475553900725e-01	   7.1319592046845026e-01	   6.7505989032714564e-01	   5.1722003957240315e-01	   4.8116085543047887e-01	   5.0291074266667368e-01	   6.4224326251472141e-01	   6.8205908777408408e-01	   5.5205874361556195e-01	   4.7302356073424445e-01	  -7.6216922614207747e-02	   7.6151913038273747e-02	   3.2248733007612790e-01	   4.6172746992120872e-01	   5.0272203145673222e-01	   5.1263257751442270e-01	   5.5401872912899885e-01	   3.1386819439201474e-01	
   5.5596829489149036e-01	   5.1103643942987187e-01	   5.1181898583489593e-01	   6.4600980956384690e-01	   0.0000000000000000e+00	   8.8262423694264125e-01	   5.7671360915016656e-01	   5.4030356491258447e-01	   8.2869326572279345e-01	   7.1025449061538060e-01	   5.5725123946115462e-01	   4.2022977010344131e-01	   6.5025117923218201e-01	   5.6093533224020398e-01	   5.4551718809956429e-01	   6.2365798291469843e-01	   6.9237471329002220e-01	   2.6712628049984710e-01	   5.6237319575199995e-01	   6.5469532441531852e-01	   5.8253896994097532e-01	   5.9054675942241430e-01	   4.9961895312651966e-01	   5.6779442322833429e-01	   6.6622433064593389e-01	   7.1812544072607187e-01	   7.7247568514752429e-01	   7.7101279437292192e-01	   5.3839593095650562e-01	   1.7072153353549413e-01	   4.7497012792204912e-01	   4.2838779029754204e-01	   4.7660653739399000e-01	   4.7640727287927470e-01	   1.1044061313827745e-01	  -7.2848319930766015e-02	   5.3908971409599660e-01	   7.6008724778406991e-02	   5.8652159209528343e-01	   5.2486259006601443e-01	   4.8400182533306446e-01	   5.3848909375513065e-01	   5.7802458914962085e-01	   4.1359972903461700e-01	   6.4175232967559925e-01	   5.7634577141327048e-01	   6.6256276708251249e-01	   5.1624040399637749e-01	   6.3562255249929822e-01	   5.3429269835632598e-01	   6.8038652422527301e-01	   5.3840484333426830e-01	   6.2893629847147448e-01	   5.0748962276249532e-01	   6.2307528009194457e-01	   5.2712140962216991e-01	   4.7496638526558044e-01	   3.6298558870898306e-01	   6.1501052172246062e-01	   4.0165306127201561e-01	   4.2158027034956280e-01	   3.1564338593095714e-01	   5.0255396057887203e-01	   3.2261191664151095e-01	   3.0267843306057579e-01	   3.4552408762562470e-01	   7.0270383390592839e-01	   5.5862801362219350e-01	   6.2662888784443527e-01	   4.7979023776742702e-01	   4.1009295555216163e-01	   4.0530853346748763e-01	   2.0270842232306169e-01	  -2.0732762540020308e-01	   1.8133165358724534e-01	   4.5912863212903395e-02	   2.7619741620021260e-02	  -2.1214898924848818e-01	   5.9418187197730421e-01	   3.2623216757522883e-01	   6.4872518103912014e-01	   6.3077417368336897e-01	   2.7998516969137988e-01	   5.7252723425143581e-01	   6.2808650136271182e-01	   6.1653562975560305e-01	  -3.7495373526069144e-03	   1.9635760441315583e-01	   5.1880427608059776e-01	   5.5591460570223228e-01	   5.8153014885691234e-01	   5.3315146521367818e-01	   4.7260143205556598e-01	   4.0383991362341198e-01	   3.0187694813646870e-01	   3.3420719916714980e-01	   7.1429958780804426e-01	   6.0675880928916404e-01	   7.0029915548714294e-01	   6.9363357200247433e-01	   3.3455112995426306e-01	   4.7003431728604955e-01	   3.2427892005864528e-01	   5.0273602528661143e-01	   6.0091249619297937e-01	   6.2712588377691225e-01	   3.2616604419178730e-01	   5.7112128875164458e-01	   1.8903800485014355e-01	   1.1897071859472483e-01	   4.2137367685864896e-01	   6.4035504533800380e-01	   5.5869878500630255e-01	   5.5433633276693384e-01	   5.4615283134635673e-01	   3.3615320857548836e-01	
   5.9615358747191238e-01	   5.4477706667616710e-01	   5.1868615827511311e-01	   7.2595411925693831e-01	   8.8262423694264125e-01	   0.0000000000000000e+00	   6.8037100554163554e-01	   7.2957489439767276e-01	   8.1906951311059650e-01	   8.8476341773151990e-01	   6.9341842966825518e-01	   6.2931718344905940e-01	   7.3584345472203538e-01	   7.2742085195837147e-01	   5.9652178454547933e-01	   7.3640781517253262e-01	   7.6824885208353333e-01	   3.4125913569346034e-01	   6.9389808239192607e-01	   7.4721137057384268e-01	   4.8381507810084895e-01	   5.2647574982710188e-01	   4.8761569488501894e-01	   6.2310588563460234e-01	   5.3136886317103915e-01	   6.5602503633124754e-01	   5.9121563334666860e-01	   6.8186980775035755e-01	   7.0624836839148064e-01	   3.3414941635266454e-01	   5.3795580419462974e-01	   5.3570105824635683e-01	   5.1747039420734198e-01	   5.2676073846080351e-01	   7.2636404608227810e-03	  -1.4973929920801915e-01	   4.7451237135581514e-01	   3.3359198928349112e-02	   5.8459002160316187e-01	   5.3625610524707257e-01	   4.6567574274029422e-01	   4.7622090189365640e-01	   6.5186823650486925e-01	   5.3517826103588384e-01	   6.8416821521553051e-01	   6.3270540681615928e-01	   7.1503450599159024e-01	   6.1255807413095698e-01	   6.7641567070553787e-01	   5.9065620752623471e-01	   7.1970334041621054e-01	   6.1676959296078315e-01	   6.7227429094961932e-01	   5.6251262271290403e-01	   6.9499657623132416e-01	   6.0314486267516243e-01	   3.8164311004157436e-01	   2.4713706762599941e-01	   6.6296535039903515e-01	   5.5479236650466557e-01	   5.0550533975693912e-01	   5.2456820528611470e-01	   6.2679601521233563e-01	   4.7625461032463456e-01	   3.0795681219579674e-01	   4.8502707177762283e-01	   6.4415199519461364e-01	   5.7007835342154645e-01	   5.0620537891615025e-01	   3.6478532511958417e-01	   5.5132887627298621e-01	   4.6599499168531133e-01	   3.8788227968924149e-01	  -4.2940823934936138e-02	   3.3521063172175203e-01	   2.3206347960810708e-01	   7.4276163229265835e-02	  -1.9262284232771881e-01	   6.4359047248273227e-01	   3.8094646512643382e-01	   6.9849625181481034e-01	   6.8293392158362587e-01	   3.0306174489981663e-01	   6.1905728194290066e-01	   6.6455077648214289e-01	   7.1323238163030966e-01	  -5.4807890354892010e-02	   1.8293251715747305e-01	   5.2380836889534221e-01	   5.6850720069661853e-01	   6.4985879265340851e-01	   5.3504838464611015e-01	   4.9477085148774635e-01	   3.4074417110741095e-01	   3.1962691625381101e-01	   2.9199932184160282e-01	   7.0287148869263372e-01	   5.8994686924136785e-01	   7.4538362311871709e-01	   7.2018565732029005e-01	   4.5392517854805936e-01	   5.0576060674289269e-01	   2.7403953731862046e-01	   4.4379538295049548e-01	   5.6277713707457810e-01	   6.5542976913191520e-01	   3.1763311721585308e-01	   4.3239821013101715e-01	   1.6844770523680383e-01	   2.0282053970665526e-01	   4.5977302558376032e-01	   6.2344195493095889e-01	   6.3058585577609660e-01	   5.7631221082840445e-01	   6.2314622920448004e-01	   3.6398758529870234e-01	
   8.7377792701226420e-01	   7.6257769823764132e-01	   8.8650527841817506e-01	   8.8638496740609729e-01	   5.7671360915016656e-01	   6.8037100554163554e-01	   0.0000000000000000e+00	   9.1220672498430033e-01	   7.2663757870844226e-01	   6.6382097923819827e-01	   8.5058847608177746e-01	   8.1206246649551717e-01	   9.1718021606020450e-01	   9.0658815454906350e-01	   8.4473596655654826e-01	   8.7451893260008307e-01	   5.9862773262977653e-01	   5.6493400097336854e-01	   8.6385999412251468e-01	   8.4051273360065437e-01	   6.3336391049501395e-01	   6.9200095664618955e-01	   7.8307998557240799e-01	   8.3956557887727890e-01	   6.7738290671355195e-01	   7.3812591463345778e-01	   4.9780410041821060e-01	   6.1792223654936551e-01	   6.4742955066793628e-01	   5.9648655327136613e-01	   7.6581971522346182e-01	   7.9092756326045688e-01	   7.1120747082198021e-01	   7.1864428029023752e-01	   3.5552036691383782e-01	   1.9449338546407510e-01	   3.2865482336725255e-01	   1.7650976140843400e-01	   7.4889685118998250e-01	   6.9419296848854328e-01	   7.1369623504267965e-01	   7.0203316550939665e-01	   6.5442235955657568e-01	   5.6864451633192759e-01	   6.4926176575259686e-01	   6.1118580082843743e-01	   6.3529076042298249e-01	   6.1777168102706936e-01	   5.5575882519605657e-01	   5.6637855680748528e-01	   6.4586718430064960e-01	   6.6911029428532132e-01	   6.3634748960258802e-01	   5.7436705699527402e-01	   8.2508393274529856e-01	   8.1722956545086090e-01	   5.7703679140402953e-01	   4.2818813123279376e-01	   7.6481902893405085e-01	   7.2495205756033720e-01	   7.3433674047998676e-01	   7.4565366604587513e-01	   8.0629544457542379e-01	   6.5306520924408551e-01	   6.4675860917378192e-01	   7.6509872194606654e-01	   7.9592536209798603e-01	   7.8809750860382366e-01	   5.0487190860073550e-01	   5.3720044227021002e-01	   7.3952085610372609e-01	   6.6798532168148328e-01	   8.0957895936860957e-01	   4.5922985420219536e-01	   7.8444578672937371e-01	   5.8978894083857747e-01	   4.5457108868294149e-01	   2.3257071016571804e-01	   6.7045783585819652e-01	   6.2668999771429357e-01	   7.1716319002951812e-01	   8.1434993333010031e-01	   6.6870824596000045e-01	   7.3084428789902067e-01	   8.6029313321690193e-01	   8.5686733385937397e-01	   3.8143066661470287e-01	   5.0491639033569358e-01	   7.5686816059445272e-01	   7.0318383480670599e-01	   5.3964713271925058e-01	   3.7603623700058492e-01	   3.3053771145157862e-01	   1.9640545323247094e-01	   2.4616671280866531e-01	   1.1201722545015799e-01	   5.7096730397921447e-01	   5.3873292981586263e-01	   6.6541990293832054e-01	   7.2611316482096655e-01	   7.1458929750878997e-01	   5.7330955735765543e-01	   4.5726132576195766e-01	   4.8029629862674433e-01	   5.3482324088501687e-01	   6.1407329391149146e-01	   4.8066429262094901e-01	   3.8401756678661908e-01	  -1.6390782947728888e-01	   1.5813383885476536e-02	   3.2701379005700282e-01	   4.4796159977966077e-01	   4.7357352298109584e-01	   4.2449991821689115e-01	   5.1512622892533588e-01	   2.3600572589337815e-01	
   8.2003521887507491e-01	   7.3322219520095466e-01	   7.4448651746373440e-01	   8.9924541505701039e-01	   5.4030356491258447e-01	   7.2957489439767276e-01	   9.1220672498430033e-01	   0.0000000000000000e+00	   6.8652082295861450e-01	   6.9369333927145993e-01	   8.7471545896998204e-01	   9.0955378156639566e-01	   8.7344089812391201e-01	   9.4438262609743240e-01	   7.3912853189695982e-01	   8.3748721120893332e-01	   6.8594734033900295e-01	   5.1285652365741008e-01	   8.7525914141057648e-01	   8.7825075525732643e-01	   5.8286145073345608e-01	   6.5340532073754387e-01	   6.3871345236106736e-01	   7.7393540660937665e-01	   5.3580743612051918e-01	   6.2876403160990801e-01	   3.6273512193225232e-01	   5.0795648239269298e-01	   8.0024935467985392e-01	   6.2410095673821453e-01	   7.4494624805163556e-01	   7.8563965430790939e-01	   7.2109538019436203e-01	   7.4316673428998159e-01	   1.6423010561743093e-01	   3.3478728849445458e-02	   2.6121053991049137e-01	   6.2483718302024968e-02	   6.7273008734054929e-01	   6.7017388439845293e-01	   5.9885846931131859e-01	   6.4148408063139939e-01	   7.0099890421596434e-01	   6.6548154405446347e-01	   6.8618877030589409e-01	   6.7661155866842604e-01	   6.7747640793777864e-01	   6.6499696617544546e-01	   5.9581542122113718e-01	   6.3179984696053260e-01	   6.7639629208062402e-01	   7.0938443551194608e-01	   6.5092258659967572e-01	   5.8561053321940471e-01	   8.3163638155379327e-01	   8.0566752058991087e-01	   5.2913076041130980e-01	   3.5918946171180011e-01	   7.4277595288797216e-01	   8.2120444849701502e-01	   7.2057451718566301e-01	   8.4459170167671238e-01	   8.5079156872591133e-01	   7.7003102015433600e-01	   4.7402627415720577e-01	   7.4769414769271147e-01	   6.9292969663725124e-01	   7.5674014855268723e-01	   3.9815522703693729e-01	   3.6189853126390842e-01	   7.8612836644226269e-01	   7.0598177737382317e-01	   8.2462515940060743e-01	   4.0879619439994286e-01	   7.4931189747582627e-01	   6.0308226524477848e-01	   3.3718516943305338e-01	   9.0505013219552663e-02	   6.9995456725099414e-01	   5.6185593578852622e-01	   7.3184495005955963e-01	   7.8039078051543043e-01	   5.3015809780858936e-01	   6.8871678747177989e-01	   7.9535585844287504e-01	   8.8976629462102097e-01	   2.5234854293164344e-01	   4.4242782867451441e-01	   6.8788295831644386e-01	   6.5753084208099977e-01	   5.5165442319603342e-01	   3.3715124790891160e-01	   3.2609952512274115e-01	   1.0347555022969901e-01	   2.9070251387401030e-01	   1.3265221514033321e-01	   5.6659941147518222e-01	   5.2534726312875324e-01	   6.9300345297313604e-01	   7.0252760702386896e-01	   7.2596177870561251e-01	   5.2130254827944733e-01	   3.8694937551064384e-01	   4.4386601351877264e-01	   5.1604734584663103e-01	   6.0580874791877337e-01	   4.7332310057340043e-01	   3.2119785130685752e-01	  -9.3148622276390591e-02	   5.8885876086810035e-02	   3.1294526895569352e-01	   4.7562958005504885e-01	   5.5189502694268144e-01	   4.9525361091441400e-01	   5.5323403017813089e-01	   3.0190976323127494e-01	
   6.5441075352284517e-01	   6.4894742053443544e-01	   5.9250369496023014e-01	   6.7561348328115933e-01	   8.2869326572279345e-01	   8.1906951311059650e-01	   7.2663757870844226e-01	   6.8652082295861450e-01	   0.0000000000000000e+00	   7.7805553469763511e-01	   6.7160912214945601e-01	   5.4905154161998249e-01	   7.3069047163751255e-01	   6.7481569778676631e-01	   6.9457558773055772e-01	   7.2189554681333845e-01	   5.9419594489388938e-01	   4.3261531774094630e-01	   7.0741492584034571e-01	   7.4178269694726029e-01	   5.7886052106525199e-01	   5.6345576443245782e-01	   5.5943197812840229e-01	   6.2469046282796903e-01	   6.1811371084010658e-01	   6.4616150279135254e-01	   5.9581175105750583e-01	   6.1842239867070259e-01	   5.8180110328896362e-01	   3.6555369547049044e-01	   5.6001768530445295e-01	   5.4873608225861747e-01	   5.6124633111445588e-01	   5.8744779313170514e-01	   1.7796678534769320e-01	   8.5428293057733973e-02	   5.4376427525658411e-01	   8.4292008146309633e-02	   6.2119138395385720e-01	   4.6681904531063162e-01	   6.3374140883341823e-01	   6.1900141140482090e-01	   6.4413456937877256e-01	   5.3604227658366954e-01	   6.3989605510085390e-01	   5.9103232824524266e-01	   6.8375438433849234e-01	   6.0723573386198915e-01	   5.9528972353704546e-01	   5.4410364733527472e-01	   6.3678636961901669e-01	   5.7780637291910797e-01	   6.4340666128848945e-01	   5.5676981244428403e-01	   6.7707682250037626e-01	   6.2208212381370198e-01	   4.2375093019719656e-01	   3.9495048444630254e-01	   6.4314061872588524e-01	   4.9774560252777689e-01	   5.0049227345847358e-01	   3.8897129708965661e-01	   5.7034181781336823e-01	   4.0041531984407280e-01	   3.0436803841522209e-01	   3.8051763010119088e-01	   6.3433607173538442e-01	   5.7079099023384372e-01	   4.2233291027139941e-01	   3.8303825476337794e-01	   5.2169585819442266e-01	   5.2527782160265524e-01	   4.4017355120379748e-01	   9.0021491159708311e-02	   3.8872408694018279e-01	   3.6697447259934513e-01	   2.6682145668253715e-01	   3.3560121290156904e-02	   5.5546187462312757e-01	   4.3775215386408917e-01	   6.1112761145166239e-01	   6.3172464566647379e-01	   4.6234012464032281e-01	   6.0713995491421890e-01	   6.4929078541086227e-01	   6.0080807647484624e-01	   8.4531284865277917e-02	   2.1104839450492924e-01	   5.0048333464835870e-01	   4.5111388887422132e-01	   5.1349881600292058e-01	   4.0901485780538971e-01	   3.0883932390470770e-01	   2.0672979919220763e-01	   1.2850689490451905e-01	   1.1241467978568395e-01	   6.3568785908632841e-01	   5.0534257993792553e-01	   7.0101559619297926e-01	   7.4179055314932951e-01	   4.1073339597240621e-01	   4.5690307755471515e-01	   3.9262981059867225e-01	   4.7037923642789803e-01	   5.3153109535106724e-01	   5.6873552806704053e-01	   4.5978317750222064e-01	   4.6730263760772239e-01	  -3.8219548495997069e-02	  -1.4688391551811517e-02	   4.0008833437733932e-01	   5.6755693173772492e-01	   5.2439514259046471e-01	   4.2961834929490211e-01	   4.6479831570739372e-01	   1.5970380607487514e-01	
   5.2634883295038959e-01	   4.2589768224635616e-01	   5.4364201971450421e-01	   6.6705630659210335e-01	   7.1025449061538060e-01	   8.8476341773151990e-01	   6.6382097923819827e-01	   6.9369333927145993e-01	   7.7805553469763511e-01	   0.0000000000000000e+00	   5.8554743507103080e-01	   6.0613254983459397e-01	   6.5944059328372484e-01	   7.0007376196956073e-01	   5.6669154789022813e-01	   7.4739543784908846e-01	   5.1935168583490920e-01	   2.6568991551772869e-01	   6.6352593663149906e-01	   6.5742729628226759e-01	   3.7458374539146072e-01	   4.1478782395561437e-01	   5.2739106755055132e-01	   6.4537656210273142e-01	   5.1493668376852553e-01	   6.3741168736112641e-01	   4.7469446121356462e-01	   5.6493822534206262e-01	   6.0831850212266048e-01	   3.5792419784948271e-01	   5.8271785562622602e-01	   5.8702773291290700e-01	   5.2429933756228098e-01	   5.3989996704718135e-01	   4.0345134364225668e-02	  -7.4809390831052883e-02	   4.0490654815295274e-01	   1.8920367456984571e-01	   5.1616063434264303e-01	   5.3141384328248353e-01	   4.1657615447139407e-01	   4.9249694499350288e-01	   5.2683748420706911e-01	   4.5854713814709425e-01	   5.4800387294946029e-01	   5.2651826576563598e-01	   5.8243596340310411e-01	   5.4240924739540763e-01	   5.3339574572680803e-01	   5.0347650781376707e-01	   5.7708618993403804e-01	   5.5223116300281161e-01	   5.4264957915298628e-01	   4.5721198978470212e-01	   6.1188700286355346e-01	   6.2818552675907724e-01	   2.6174031342081794e-01	   1.3086902287393265e-01	   5.7221969809275486e-01	   5.6640854097467819e-01	   4.0038382923894528e-01	   5.1510761038080566e-01	   5.2750542307662052e-01	   4.4754755691836179e-01	   2.8231618263447966e-01	   4.4780010008928284e-01	   5.6066233090769657e-01	   5.5410678933205260e-01	   4.1289112615788720e-01	   3.7853223210913389e-01	   5.6558591340070219e-01	   3.8258383796670475e-01	   4.3990692019555899e-01	   9.4073130095057911e-02	   4.2636340228923286e-01	   3.9011273052539808e-01	   2.0273421542442363e-01	  -5.4727074667842171e-02	   4.6792911416410687e-01	   2.9259057783375558e-01	   5.0293709306313106e-01	   5.2965099500877577e-01	   3.4033019497760675e-01	   4.7996280098091082e-01	   5.8587005607762066e-01	   6.4175042979034602e-01	   9.2805242609220948e-02	   2.6382271071778185e-01	   4.6027824685775026e-01	   5.3977663663578190e-01	   5.6020624898261484e-01	   4.4854133760584158e-01	   3.9519526417504847e-01	   2.4598788910936470e-01	   3.5380558408135415e-01	   2.7706791045192275e-01	   5.8967964373439852e-01	   5.4410282146364475e-01	   6.3035023177797955e-01	   6.4031010672870403e-01	   4.4214207727668653e-01	   4.2347040890392795e-01	   2.7170622515621035e-01	   3.3560029088771637e-01	   4.7194847190563216e-01	   5.4316106647471296e-01	   3.5432535458858239e-01	   2.8190804580679757e-01	   1.4512926201851056e-01	   2.5913588002066618e-01	   3.7011989880821039e-01	   5.1453703701693654e-01	   5.0875244054926894e-01	   3.9522862704909634e-01	   5.0099259138164576e-01	   2.1308325707932674e-01	
   8.0599746729054234e-01	   7.2433633202528580e-01	   6.3137026519340433e-01	   7.8334448633362030e-01	   5.5725123946115462e-01	   6.9341842966825518e-01	   8.5058847608177746e-01	   8.7471545896998204e-01	   6.7160912214945601e-01	   5.8554743507103080e-01	   0.0000000000000000e+00	   8.8411355755375109e-01	   9.2436243575644750e-01	   8.9591816427610471e-01	   6.7935258808209553e-01	   7.2346267749350002e-01	   7.5227932434527234e-01	   5.2111095213373371e-01	   8.2462168743969533e-01	   8.5424912476524306e-01	   4.6405991432213234e-01	   5.3509196357954369e-01	   5.1747169497255674e-01	   6.2590411093465936e-01	   4.1950406040903032e-01	   5.2375959298418273e-01	   3.1800008641514244e-01	   4.8049948328510605e-01	   7.6558952476427011e-01	   5.1255694842334587e-01	   6.0223711206696717e-01	   6.0827276105629235e-01	   6.3306764515618541e-01	   6.3600515507679489e-01	   1.3327333052851725e-01	  -1.9888364906451045e-02	   2.7732963597958787e-01	  -3.0795031368875164e-02	   6.5889724718778309e-01	   6.5721549041992255e-01	   5.3526335541423642e-01	   5.4385943786552204e-01	   7.4261058510156930e-01	   6.8712491370021012e-01	   7.5984850132664783e-01	   7.2317694396621490e-01	   7.2727105381686163e-01	   6.8753517347881776e-01	   6.9343089944339853e-01	   6.7834329189010489e-01	   7.4361222463500798e-01	   7.3319960611030555e-01	   7.1033705316819784e-01	   6.5049938090158554e-01	   8.5150278271136615e-01	   7.8116614134154716e-01	   5.0432780081803819e-01	   3.7511121824516525e-01	   8.4797438414002557e-01	   7.4898517843324286e-01	   8.4488459344279654e-01	   7.8525239726212304e-01	   9.1339961572176132e-01	   7.6696998394407179e-01	   5.0717427342366095e-01	   7.2836098390038817e-01	   7.1842635363622831e-01	   7.1712641043258896e-01	   4.2686901306691510e-01	   3.1750154977246381e-01	   6.3869443561229711e-01	   5.1091082891743389e-01	   6.9881983835191519e-01	   2.9233549201869058e-01	   6.3827078547036165e-01	   4.5795732383885179e-01	   2.4146917856444694e-01	  -9.6083558941341754e-03	   6.9534626877417538e-01	   5.2726891000510412e-01	   7.4807948090357046e-01	   8.0107437781118973e-01	   4.4432883137843249e-01	   6.6146061207943729e-01	   7.7815855283740243e-01	   8.5831893969970818e-01	   8.9210869027261094e-02	   3.0158593064399108e-01	   6.2555742549043503e-01	   6.0533034821698695e-01	   6.0913578671956758e-01	   4.6612981990667529e-01	   3.5638205042479221e-01	   2.3805084578953678e-01	   3.4482160736114259e-01	   2.2365822168578933e-01	   6.6308135971487281e-01	   5.8617801711929518e-01	   7.5376876844430019e-01	   7.7588886250701150e-01	   6.9205481678428393e-01	   6.2302316178287320e-01	   3.6481384883308998e-01	   5.1908365910725540e-01	   6.4289213973233206e-01	   7.2550512787167132e-01	   4.3923881925434022e-01	   4.0845654845215562e-01	   2.0367632705023366e-02	   1.4848154700474842e-01	   4.5654223376638270e-01	   5.8899088590428128e-01	   6.3632300853801760e-01	   5.7186434647622875e-01	   6.5781165116768880e-01	   4.8363370941076045e-01	
   8.2589074957934394e-01	   7.0505765466189763e-01	   6.2605294417747781e-01	   7.9266461789633980e-01	   4.2022977010344131e-01	   6.2931718344905940e-01	   8.1206246649551717e-01	   9.0955378156639566e-01	   5.4905154161998249e-01	   6.0613254983459397e-01	   8.8411355755375109e-01	   0.0000000000000000e+00	   8.0731765326428828e-01	   9.3768431204736613e-01	   6.0478400275091893e-01	   6.8474997445663388e-01	   6.6480799268786472e-01	   5.2627669144768952e-01	   7.8096160168737794e-01	   8.0068356905445559e-01	   4.3341774483233153e-01	   5.1065407608614644e-01	   5.2155464768554671e-01	   6.5185067146356246e-01	   4.3613835119459876e-01	   5.2289374089668739e-01	   2.1411811979872128e-01	   3.5957372186383063e-01	   7.5064580529622926e-01	   6.2207767956233329e-01	   6.6376894397921471e-01	   6.9483428511487810e-01	   7.2988995301987014e-01	   7.2605967156338591e-01	   1.9193305600059893e-01	   6.0619344793030744e-02	   1.2558950255982790e-01	   2.0056893066352513e-02	   5.8658680029974053e-01	   6.6725760967053860e-01	   4.6471820403025621e-01	   5.1039537548277003e-01	   7.2932767868039439e-01	   7.2410395534252991e-01	   7.1946589564786589e-01	   7.4165811072403010e-01	   7.1291863017420853e-01	   7.2615722286493734e-01	   6.3726213089327588e-01	   7.1902063756844359e-01	   7.0284111032750574e-01	   7.6540008808615756e-01	   6.8192798254924547e-01	   6.1929295919053529e-01	   8.2905716178550537e-01	   8.3371923189208397e-01	   4.9857504507977518e-01	   3.1597106486285287e-01	   7.4778442305806525e-01	   8.4343207604064130e-01	   7.4492415953659119e-01	   8.7680706852027390e-01	   7.9904655705200167e-01	   8.2184774866107735e-01	   3.9654565321691260e-01	   7.7092730320343417e-01	   5.7986995583260303e-01	   6.9683378008197716e-01	   2.8728413894710708e-01	   2.1556633968028238e-01	   6.9129592473223700e-01	   6.1083597055552463e-01	   7.8730460346377473e-01	   4.2331036808124800e-01	   7.0040979934702863e-01	   6.0262799870720740e-01	   3.6122035028225902e-01	   1.0469320801874307e-01	   6.7010820188509035e-01	   5.3534846329157126e-01	   6.7222061025798419e-01	   7.3384246072265769e-01	   4.3366586123412704e-01	   5.4492559622145165e-01	   6.8443167538461136e-01	   8.3819338713017699e-01	   1.5357114467553873e-01	   3.7345794621776862e-01	   5.1651065687131381e-01	   5.6410241623815949e-01	   4.4899915093003273e-01	   2.2929614425427403e-01	   1.4897457973544220e-01	  -2.7160381714827923e-02	   2.6844909215935386e-01	   8.9726563784994093e-02	   5.5083510136842462e-01	   5.0467714920543583e-01	   6.7793365599391975e-01	   6.5024756930599292e-01	   6.4323030839847961e-01	   3.9431792572086799e-01	   2.2974794989307240e-01	   3.0347357594951024e-01	   4.8100062197608506e-01	   5.4635500449742247e-01	   4.2514458058654719e-01	   3.1646104089969307e-01	  -1.3979664773665124e-01	   4.7648485770506739e-02	   2.5800576993281132e-01	   4.6186305087644808e-01	   5.1681355251885619e-01	   4.5993414804095351e-01	   5.7420395530768631e-01	   3.4541333387773804e-01	
   8.0377418064842110e-01	   7.2166955313625047e-01	   7.8971946778801605e-01	   8.6983188593516347e-01	   6.5025117923218201e-01	   7.3584345472203538e-01	   9.1718021606020450e-01	   8.7344089812391201e-01	   7.3069047163751255e-01	   6.5944059328372484e-01	   9.2436243575644750e-01	   8.0731765326428828e-01	   0.0000000000000000e+00	   9.2250417014805941e-01	   8.1976834179398761e-01	   8.6727833886981043e-01	   7.1857655957126343e-01	   5.3215761842732523e-01	   8.4614712391416491e-01	   8.5791547063134566e-01	   5.8048720817659882e-01	   6.7394266245804135e-01	   7.1421611332437229e-01	   8.0196949303284615e-01	   6.3579815422289632e-01	   7.2789612971786388e-01	   5.2626563484392552e-01	   6.7139440282370444e-01	   7.3487063739876235e-01	   5.2632553263466653e-01	   7.4043688802853913e-01	   7.4242088515379567e-01	   6.5189997482054030e-01	   6.5637791871982398e-01	   2.6427111094959915e-01	   7.3020072220220000e-02	   3.7811386433128835e-01	   1.6423200769863172e-01	   7.2478849759627195e-01	   7.4498710957690151e-01	   6.3723153235358720e-01	   6.6329158285248191e-01	   6.8331407430151681e-01	   6.0076562096436470e-01	   6.8573282003113556e-01	   6.2771902338740215e-01	   6.7836371788584227e-01	   6.2288357679458972e-01	   5.9779733770761112e-01	   5.6262647390662679e-01	   6.9987040020380986e-01	   6.9274608971810236e-01	   6.7304931735300277e-01	   6.2050517920158721e-01	   8.3123799333238768e-01	   8.0082436559228110e-01	   5.5059932666893863e-01	   4.0644821715012691e-01	   8.0132213178623513e-01	   6.9404635539851345e-01	   7.5357640335711196e-01	   7.2121441536972464e-01	   8.9451990714272966e-01	   6.9398407134957718e-01	   6.7990970501928460e-01	   7.7212204983002575e-01	   8.4439111283180568e-01	   7.9646984581088986e-01	   5.7017170017537799e-01	   5.1913052378354285e-01	   7.0595362036778830e-01	   5.7365256508117035e-01	   7.3183585674688012e-01	   3.2528780898550907e-01	   7.0425002591920982e-01	   5.0032951229894096e-01	   3.2829459483955442e-01	   6.9226839813708418e-02	   7.3137529920942312e-01	   5.6525584813438490e-01	   7.7532255400220174e-01	   8.5995960648966463e-01	   5.9597880233577105e-01	   7.4295460617715803e-01	   8.9754338607944373e-01	   9.1654766480595073e-01	   2.8439634490832527e-01	   4.7336017470494529e-01	   7.3388677083336007e-01	   6.8958267147990582e-01	   6.0699917066446485e-01	   4.7729098672957704e-01	   3.9768989506633956e-01	   2.8207520484219423e-01	   3.7654300256872442e-01	   2.3580570401570675e-01	   6.5127461903059458e-01	   6.0960260246928999e-01	   7.1152506045703756e-01	   7.6982456697317769e-01	   6.8497079843022202e-01	   6.1493727205149940e-01	   4.3996071831445249e-01	   5.3061706720973123e-01	   6.5155880312931957e-01	   7.0970858795735070e-01	   5.0582068289640003e-01	   4.0474796055087381e-01	  -1.0912930953972414e-02	   1.4748214667274340e-01	   4.0901131349714726e-01	   5.4404286808852320e-01	   5.6236549046765771e-01	   5.1151387746423094e-01	   5.9243378608613539e-01	   3.9807939017258648e-01	
