   0.0000000000000000e+00	   8.7470209111723440e-01	   8.0895816772844054e-01	   7.9640512319106171e-01	   7.1278246843276483e-01	   6.9555216716575852e-01	   7.5183161695850309e-01	   7.5008394992997829e-01	   7.6602466246242285e-01	   6.9668665890184145e-01	   8.4547191573703162e-01	   7.3496198427501880e-01	   7.2652861353622444e-01	   7.4404459770838471e-01	   7.4026667291633086e-01	   7.1275473682239521e-01	   8.2573928326929236e-01	   7.9601924316907047e-01	   8.6749353911538796e-01	   8.5205161120789519e-01	   5.3281597457484464e-01	   7.0763170859212299e-01	   6.9825750325592395e-01	   6.4850348836451921e-01	   6.0461915887823481e-01	   5.7834911712186632e-01	   6.7079723382024137e-01	   6.5338956518883107e-01	   7.6295912757348772e-01	   7.2577052855365798e-01	   8.0299776648117216e-01	   7.8449670020432682e-01	   8.0022645019896510e-01	   7.0948592844276392e-01	   5.9305558182578133e-01	   5.7331939956520661e-01	   5.7100335919984735e-01	   5.3227805238444970e-01	   6.8378647282714655e-01	   7.5379681497242845e-01	   6.7687496700458993e-01	   7.5184023347050766e-01	   7.8159709094595597e-01	   7.1338120844290087e-01	   7.5773190051515660e-01	   7.4284092405738900e-01	   7.9165303062922698e-01	   7.8172704451221953e-01	   7.7576810901931526e-01	   7.0505333614921573e-01	   8.1337044933703262e-01	   7.1227256945422068e-01	   7.7485393427298144e-01	   7.0723510082551244e-01	   8.4056658206148516e-01	   8.2259113809015061e-01	   9.2672368149086926e-01	   8.4866081733603083e-01	   7.3356692354665964e-01	   6.9622682087393772e-01	   7.6133180302850978e-01	   6.7633484729716709e-01	   8.0453123590287245e-01	   7.2208899702457274e-01	   6.2672492107335276e-01	   6.4456728336563685e-01	   6.9679519736966278e-01	   6.1187398290284412e-01	   7.5356560002043937e-01	   7.2892212945041401e-01	   3.4559020229551429e-01	   5.3557926147268087e-01	   7.2143458305962960e-01	   5.4840848445684465e-01	   8.3590523169076514e-01	   6.1454592610863823e-01	   3.0131484750515558e-01	   1.2846910110253248e-01	   8.6885389539035829e-01	   8.1030658301753000e-01	   8.4785118564328688e-01	   8.3521859809376209e-01	   7.6452233395760616e-01	   8.2132926892578673e-01	   7.9832213833174848e-01	   6.7584980903291458e-01	   7.6682661197334112e-01	   7.8014671642350020e-01	   8.3600872045483254e-01	   8.2699989597907542e-01	   6.4216473432176557e-01	   5.1409163208578990e-01	   5.9853221689049863e-01	   6.1085300825091837e-01	   1.0167875556514397e-01	   1.1375168684054535e-01	   6.2919412613275016e-01	   5.6366698239407431e-01	   7.2540313412455282e-01	   7.3976075596428936e-01	   5.8042851286059682e-01	   5.8131879610025483e-01	   6.2464410154567684e-01	   6.0451257152091520e-01	   5.2200023971254250e-01	   6.5106823434875460e-01	   2.0270336975964276e-01	   4.3244171459061309e-01	   3.0696100179142861e-02	  -5.6862103818391182e-03	   6.5614686751068840e-01	   6.6249685448045270e-01	   6.7020002892900910e-01	   7.0533752515882919e-01	   6.2630736352778893e-01	   1.4248776769574514e-01	
   8.7470209111723440e-01	   0.0000000000000000e+00	   8.2170657903308197e-01	   8.2231655252004510e-01	   6.1535538753795505e-01	   6.4212944539661077e-01	   7.7396942057062201e-01	   7.6716204258106269e-01	   7.1275738516478804e-01	   6.1475935472850152e-01	   8.4216853387693458e-01	   8.0623014687469363e-01	   7.6752590783704733e-01	   7.8440782207089121e-01	   7.0635051648492209e-01	   6.5256354571146069e-01	   8.0012545014659642e-01	   8.4711109692796982e-01	   8.7356252917320676e-01	   8.7734333792484698e-01	   5.6488860496044935e-01	   7.1057936652284726e-01	   6.4807954127769851e-01	   6.3623237203814220e-01	   6.6421254177770583e-01	   6.2026134338898653e-01	   6.7780548973160759e-01	   6.6426573429315128e-01	   7.6520663061091609e-01	   7.3708861738498699e-01	   8.3802116202039378e-01	   8.2646800419537669e-01	   8.7527972796289277e-01	   7.9086238589004654e-01	   6.3261037724608205e-01	   6.1194081384894472e-01	   4.5049224908541974e-01	   4.5840901171590009e-01	   6.5196224427476746e-01	   7.2574859841440176e-01	   6.7077543148515373e-01	   6.7404722760304903e-01	   8.1549862297867837e-01	   7.6689346416145820e-01	   7.8221521642949421e-01	   7.6907475921152113e-01	   8.1689453167865955e-01	   8.1249484489404433e-01	   7.9970277735057338e-01	   7.3494389571122243e-01	   8.5125191818712742e-01	   7.6870812702117375e-01	   7.5081222733752373e-01	   7.2657121184322071e-01	   8.0360348488871303e-01	   7.9264280741972493e-01	   8.0972169184477560e-01	   9.0718725854461790e-01	   6.8382925003148554e-01	   6.7124782108098990e-01	   7.3691332244404983e-01	   6.4981817801051489e-01	   7.9426737027343186e-01	   7.2965376001578619e-01	   6.8014140523764832e-01	   6.3784368954069959e-01	   6.9799702350928605e-01	   6.2016449130880269e-01	   7.2365162316136877e-01	   7.4628957770588789e-01	   4.5535530470749264e-01	   6.1968696347878593e-01	   7.4156617521429680e-01	   5.9946533011336078e-01	   7.9766658419890302e-01	   6.2918363499407137e-01	   2.4584504713326538e-01	   9.0747695691951735e-02	   8.5222494274024418e-01	   8.6576500943045642e-01	   8.4507302869911571e-01	   8.6779465836139358e-01	   7.5354646166076444e-01	   7.9825837654044562e-01	   8.1642118230656013e-01	   7.1323816267115681e-01	   6.7037177939872894e-01	   6.9974901656806465e-01	   8.0425138176353439e-01	   7.8004294951480602e-01	   6.1457357020850356e-01	   4.6625189278773488e-01	   5.2520123088016646e-01	   5.6950344384243834e-01	   3.9141161421586523e-02	   4.7495910991259743e-02	   6.7045947084330459e-01	   5.0298542226856613e-01	   7.2902551970435558e-01	   7.2514378825831738e-01	   5.8133257525125026e-01	   5.2659634583146386e-01	   6.0941082870064667e-01	   5.4130190736630013e-01	   5.0815266210308419e-01	   6.7495811388769589e-01	   2.1782854123397238e-01	   4.4302358696510713e-01	  -7.1598485513452187e-02	  -2.1371808742777956e-02	   6.4287151549506161e-01	   6.3106274983229349e-01	   6.8678133297623889e-01	   6.5152995452096651e-01	   5.4137408989919000e-01	   1.4272061861513313e-01	
   8.0895816772844054e-01	   8.2170657903308197e-01	   0.0000000000000000e+00	   8.6899605356194909e-01	   7.6210547443481946e-01	   8.3138674681167302e-01	   9.2616214135334385e-01	   7.6643235309130764e-01	   8.6516022166055317e-01	   6.9773331195305932e-01	   8.2708775338566598e-01	   7.2655833494335620e-01	   8.7897460768715163e-01	   7.5789289121346837e-01	   8.6182824278292713e-01	   7.9984933541640357e-01	   6.3096259017060152e-01	   6.7957340212506678e-01	   8.3889684046433477e-01	   7.7519214677358517e-01	   5.7692661402919199e-01	   7.0715642450039673e-01	   8.7429710866283827e-01	   8.6374434557150204e-01	   7.9036155101073136e-01	   7.7292823196688276e-01	   7.6375694692548457e-01	   8.0532174977656090e-01	   6.1915732007002444e-01	   5.9501645792256852e-01	   9.1396267455345503e-01	   9.1461698281398895e-01	   7.6095627077564143e-01	   6.9757358326802188e-01	   6.9070765563188308e-01	   5.9640584439787625e-01	   3.0281118551322139e-01	   3.7574405842758074e-01	   5.6344006474258901e-01	   6.9216997846987272e-01	   6.2510180524151648e-01	   5.8152329008808556e-01	   8.1300265891118628e-01	   7.4103410973824602e-01	   7.2754797608509669e-01	   6.9582699055384156e-01	   7.3250963414770132e-01	   7.5173938769630089e-01	   7.2158905330169576e-01	   6.9750401686966290e-01	   8.0226542098528442e-01	   7.4054154690725804e-01	   7.0246093021263789e-01	   6.7754006975076586e-01	   7.2761815673244179e-01	   7.1961290109394316e-01	   7.3110968885995942e-01	   7.6726698878415600e-01	   7.4635807182421943e-01	   6.5405573820200447e-01	   7.4832477534785569e-01	   6.0757703941757069e-01	   7.5882819871043250e-01	   5.7590755468212373e-01	   7.6933015080538780e-01	   7.0031828319260070e-01	   7.2029524403900469e-01	   5.9884561683170545e-01	   6.7215112561491142e-01	   6.6740441408955120e-01	   5.9067118674288688e-01	   7.1382108346689199e-01	   6.0091635761810236e-01	   4.1552594965116446e-01	   6.8463587125896441e-01	   4.7611200234130013e-01	   7.8590936464324829e-02	  -4.9064534157433587e-02	   6.6135455561526046e-01	   7.2805593253570722e-01	   7.2632503456842568e-01	   7.4306889201734561e-01	   7.7630023763335487e-01	   8.0316106849842028e-01	   8.2797550380052187e-01	   7.3480222826680985e-01	   7.0711033200807871e-01	   7.4648105132473230e-01	   8.7291272339046655e-01	   7.9045033797905895e-01	   5.5882417240153182e-01	   4.7804866221037090e-01	   5.0368662926359675e-01	   6.5635522566497895e-01	   3.1011970400531018e-02	   5.9488607657799848e-03	   5.4559979887223120e-01	   4.2560868467626845e-01	   6.3777250434119981e-01	   6.5800462684471095e-01	   4.9900186593062790e-01	   6.1642384994822397e-01	   4.6785427934413060e-01	   4.9928874723851213e-01	   3.2443105610437822e-01	   4.7541432411336859e-01	   1.8902637938868683e-01	   4.8559196468234300e-01	  -1.3060129745123275e-01	  -8.3247519697751488e-02	   5.4333321998480288e-01	   5.4324660643789568e-01	   5.5375742735999767e-01	   5.4130341520593617e-01	   4.6051047247642041e-01	  -2.8687468804811336e-02	
   7.9640512319106171e-01	   8.2231655252004510e-01	   8.6899605356194909e-01	   0.0000000000000000e+00	   7.7040396918481813e-01	   8.7041961287463476e-01	   8.6531955415382189e-01	   9.3330897902872034e-01	   8.4257977943442652e-01	   7.7876164179052343e-01	   8.5287887461544598e-01	   8.2334957021605737e-01	   8.2104594382048823e-01	   8.9736648839723088e-01	   7.9687488135694140e-01	   8.2417479404694727e-01	   6.7340127534726668e-01	   6.7830280362467477e-01	   8.5675508942455914e-01	   8.3338671485298188e-01	   5.8825659823732168e-01	   7.7284655885831044e-01	   7.1084735520210951e-01	   7.9252815348031913e-01	   7.0222327313109667e-01	   7.6490831932805503e-01	   7.1027005043647995e-01	   7.4374365921932495e-01	   6.5769387728924000e-01	   6.0936498869287425e-01	   8.6454906768971596e-01	   8.8728301450926406e-01	   8.0485470352027688e-01	   7.5378126976644810e-01	   7.2001919138030657e-01	   7.4282472550834777e-01	   3.5686937309516820e-01	   4.7303827488057049e-01	   6.4866786256011943e-01	   7.7171751917461995e-01	   7.4331072404858745e-01	   6.6152879120951114e-01	   9.0250640203965027e-01	   8.5664076728451111e-01	   8.3972753458648386e-01	   8.5054357960678262e-01	   8.3841766701839493e-01	   8.8993790253624971e-01	   8.4941650457709972e-01	   8.8068878288597519e-01	   8.9615317355048607e-01	   8.7524434214999380e-01	   8.5047801819895674e-01	   8.0431625271149598e-01	   8.3643494654736850e-01	   8.4400405781461574e-01	   7.7158521810995406e-01	   8.4601410354756290e-01	   9.1575164837571665e-01	   8.6579144354393245e-01	   8.8841485787733299e-01	   8.4242870527445146e-01	   8.9109425383460139e-01	   7.3274714226663540e-01	   8.1461088479788057e-01	   8.7009771823360049e-01	   9.0846777826736380e-01	   8.4017851765104157e-01	   7.9418860723221441e-01	   8.3047218514339116e-01	   4.4641286741264968e-01	   6.7645823197897748e-01	   6.1245418307919786e-01	   3.9667913806244354e-01	   6.7325896402962382e-01	   4.8612846628019862e-01	   1.3999888846985697e-01	  -3.1033432919265222e-03	   7.2840818272119190e-01	   7.7090155245634784e-01	   8.0165300780556215e-01	   7.7333185898092704e-01	   8.2944249400857628e-01	   8.8161925301851163e-01	   8.2512381649307365e-01	   8.0560944920883404e-01	   7.5929806815572920e-01	   7.8494392359085419e-01	   8.7075952029946369e-01	   9.1730868871997850e-01	   7.2664434613664108e-01	   6.2690031526387680e-01	   7.0752420663301985e-01	   7.3594075014373250e-01	   1.1427920620803811e-01	   6.8840689008336148e-02	   6.4640868054088629e-01	   5.2636145346246910e-01	   7.4931271546132572e-01	   7.8594806906602521e-01	   6.9359147235615437e-01	   7.1827139734595202e-01	   6.5255184247918874e-01	   6.9674598239346985e-01	   4.9752173936140731e-01	   6.1370113492447242e-01	   3.9775761513250507e-01	   6.2752384219743351e-01	  -1.9427343916186311e-02	  -5.4368730126981124e-02	   6.4166317149762875e-01	   6.9456985603896959e-01	   7.1560680644329100e-01	   6.4590178207218152e-01	   5.2145609111319102e-01	   4.7653195817358142e-02	
   7.1278246843276483e-01	   6.1535538753795505e-01	   7.6210547443481946e-01	   7.7040396918481813e-01	   0.0000000000000000e+00	   8.9584331140560181e-01	   7.4883709348774918e-01	   7.5138563388265933e-01	   8.1490213220885455e-01	   7.5771655665456061e-01	   6.7579363637935019e-01	   6.0123660551791636e-01	   6.7520474130330299e-01	   6.9751019701202910e-01	   7.5365882516193239e-01	   7.1535197348332291e-01	   6.1678130428715172e-01	   6.4036956701444370e-01	   7.9857311034460765e-01	   7.4883433684071998e-01	   6.5869936153625153e-01	   7.3352664463066231e-01	   6.6995590418886863e-01	   6.7499575262845646e-01	   7.1486524712302080e-01	   7.0674532301260085e-01	   7.1935647273896974e-01	   6.8649720239217926e-01	   5.5889441346093827e-01	   5.3313013706224910e-01	   8.2283541410866623e-01	   7.7977388977644613e-01	   5.5438787281576052e-01	   5.5224519738835753e-01	   5.0216820444802834e-01	   5.0271983170459011e-01	   3.9924813536277554e-01	   4.7702536940641183e-01	   5.7296862770114454e-01	   6.6503059216276306e-01	   5.8933233300827559e-01	   5.9506056927436002e-01	   7.6942918931425253e-01	   7.3049087233729559e-01	   7.8638639089427309e-01	   7.8670520599907445e-01	   7.1064073549253415e-01	   7.2890025336055164e-01	   7.8312026471090879e-01	   7.5737473503820341e-01	   7.3884037552720228e-01	   6.6759475902577226e-01	   7.3673691314483936e-01	   7.8103557259778555e-01	   7.2541454603028599e-01	   7.4408163405658145e-01	   7.2926318949299873e-01	   7.4540558053349171e-01	   7.7331813816558093e-01	   7.3050980155257494e-01	   6.9131273875704502e-01	   6.7556304834447767e-01	   7.4905530597045966e-01	   6.8994206859845431e-01	   5.8076480886437176e-01	   6.6018199847448167e-01	   7.3121029349869560e-01	   6.2103202588949702e-01	   8.1493308168449596e-01	   7.5157546681345122e-01	   6.3037565927749040e-01	   6.9069282179475611e-01	   5.2881587491233106e-01	   2.9403684290977516e-01	   5.8046749840875689e-01	   3.1922427318646729e-01	   1.8557373406753494e-02	  -1.3062896537861957e-01	   6.5344313651062846e-01	   6.9165014460675378e-01	   7.7490432673287435e-01	   7.1762110664235634e-01	   8.0214798784295960e-01	   8.1293556471552919e-01	   7.5487305886658529e-01	   6.7439802357905443e-01	   7.9481297222481295e-01	   7.8928193333419339e-01	   8.1550442785377186e-01	   8.2935743722168098e-01	   7.0870706618122747e-01	   6.4146380799679459e-01	   6.8850605204418724e-01	   7.5985038196923460e-01	   1.6990110607281436e-01	   1.2455455050656380e-01	   5.2518235141065861e-01	   5.0088915249660693e-01	   6.9996897859963081e-01	   7.4568871519502200e-01	   6.8229724820859450e-01	   7.6032094380633486e-01	   6.1176474528513791e-01	   7.0239600041017636e-01	   3.7394727877059081e-01	   4.2066725204462668e-01	   3.4238723936105236e-01	   5.5483947363541009e-01	   4.5559140662492253e-02	  -2.0677360965750315e-02	   5.6336166459977011e-01	   7.1323744219318952e-01	   6.6503382225303387e-01	   5.8079937814955507e-01	   4.0910597557623751e-01	  -3.8468883443291474e-03	
   6.9555216716575852e-01	   6.4212944539661077e-01	   8.3138674681167302e-01	   8.7041961287463476e-01	   8.9584331140560181e-01	   0.0000000000000000e+00	   8.5538264654599749e-01	   8.4648443894072212e-01	   8.5731378242873690e-01	   8.2889481485585426e-01	   7.4636090251464526e-01	   6.3494608788055396e-01	   8.0479001234641534e-01	   7.7725442925462707e-01	   8.5617706645461822e-01	   8.5384816818295328e-01	   5.5334689007688598e-01	   5.3757502833013970e-01	   8.0031937520655161e-01	   7.0692660420128561e-01	   7.0445641159441719e-01	   8.0831105235209399e-01	   7.6333006624126731e-01	   8.1781847157661269e-01	   7.3978623737586702e-01	   8.2166206392779317e-01	   8.2058116934746672e-01	   8.4578291275688156e-01	   5.2649217998608722e-01	   4.3340813035686110e-01	   8.3993615053498272e-01	   8.4983423291063365e-01	   6.9030429546755467e-01	   7.0815362291536210e-01	   6.0962596865961172e-01	   6.3859011568131363e-01	   2.9510271434348218e-01	   3.3499673155784171e-01	   5.1260901864743147e-01	   6.1852770933168022e-01	   6.5747882571537952e-01	   5.1465852676194779e-01	   8.5016644621715687e-01	   8.2475239781238141e-01	   7.8078714679038685e-01	   7.8062968612491879e-01	   7.3576843651631885e-01	   7.8825190338351370e-01	   7.8553387678083642e-01	   8.0432003916093275e-01	   8.1847578949874245e-01	   7.8528813549178467e-01	   7.5015079012479879e-01	   7.6982476850681725e-01	   7.0788566068593350e-01	   7.1033216603455629e-01	   6.6852273691573461e-01	   6.9909648838858085e-01	   8.6065105081081628e-01	   8.0499159865476178e-01	   7.9749994827629989e-01	   7.4932825949446857e-01	   7.7759758976785243e-01	   5.8705121283428097e-01	   7.7643737473126695e-01	   8.2661873793328788e-01	   8.2017764162309459e-01	   7.3240373283886118e-01	   7.7366226309585673e-01	   7.5254395293639353e-01	   5.7628716636058264e-01	   7.3199392334496949e-01	   4.9301519965087048e-01	   1.5598095322147151e-01	   5.7742834864492676e-01	   2.5479114186979651e-01	  -1.1720683156921305e-01	  -2.4253496102901889e-01	   6.0901288495334549e-01	   6.7392988347918514e-01	   7.4136364542343380e-01	   7.1549272009553921e-01	   8.1058547386316060e-01	   8.3674287371199008e-01	   8.0324206911284157e-01	   7.8519334150670206e-01	   7.6341884688684292e-01	   7.7731046144739102e-01	   8.7473886136208989e-01	   8.7735695228767807e-01	   7.3009320890434604e-01	   6.8555989651300109e-01	   7.4152505858229489e-01	   8.1632478902946115e-01	   1.4616235379678403e-02	  -7.8193810644376943e-02	   4.8126493731883890e-01	   3.6513379982741678e-01	   7.1250240049510849e-01	   7.0946507181807261e-01	   6.8270626556411251e-01	   7.8786291597684621e-01	   5.6719820734317428e-01	   6.9447739747415183e-01	   2.9005917073957604e-01	   3.9475431613634104e-01	   4.0027143672208815e-01	   6.1794415269263836e-01	  -1.4456819652995406e-01	  -2.0020805457259333e-01	   5.2007981131007375e-01	   6.0846301499471134e-01	   6.4626791557110863e-01	   5.5593970527155956e-01	   4.2253765936505000e-01	  -7.2833230812473962e-02	
   7.5183161695850309e-01	   7.7396942057062201e-01	   9.2616214135334385e-01	   8.6531955415382189e-01	   7.4883709348774918e-01	   8.5538264654599749e-01	   0.0000000000000000e+00	   8.5215218168316442e-01	   8.6210105642900681e-01	   7.6718255208645614e-01	   8.7078346612729918e-01	   7.4588397594518385e-01	   9.5000244696732272e-01	   8.1380363794002086e-01	   8.9560579999865753e-01	   8.6499263241061830e-01	   6.4726412927684374e-01	   6.6540623264478582e-01	   8.7455166601617007e-01	   7.8643734464240622e-01	   5.2639652447059426e-01	   6.5531245963238138e-01	   7.9300100163704190e-01	   7.7531797913905509e-01	   6.4161435324622529e-01	   6.7293416860798316e-01	   6.8162132792850050e-01	   7.2315275606235652e-01	   6.9558063352209920e-01	   6.2246856185044908e-01	   8.8540484789579210e-01	   8.9396663024217582e-01	   7.7132785126275205e-01	   7.3583128134056341e-01	   5.5133943794247520e-01	   5.8416326118045592e-01	   2.0489973813437734e-01	   2.7142510740491066e-01	   4.8313880330360698e-01	   5.9943094270709296e-01	   6.5246751149190818e-01	   5.9407883840569797e-01	   8.0683208992304467e-01	   7.4283734248314004e-01	   7.2230370770162144e-01	   6.8365127240809631e-01	   7.3680120274757022e-01	   7.4230902709643343e-01	   7.5808350141586489e-01	   7.0933345407044701e-01	   8.0887983569937227e-01	   7.1541165364782577e-01	   7.6432581231248720e-01	   7.2991350513036857e-01	   6.9720492915298715e-01	   6.9311274860714067e-01	   6.8092955970849200e-01	   7.5078344810747621e-01	   7.8130027679077774e-01	   6.7840623509344122e-01	   8.4673184064592388e-01	   6.8914614747844150e-01	   8.0828099359057426e-01	   6.1005351290467047e-01	   7.6956007548535699e-01	   7.1470183891655759e-01	   6.9425202406020659e-01	   5.5886691726089843e-01	   6.9679708373229565e-01	   7.0275802448477576e-01	   5.5878156562749948e-01	   7.2414488489039219e-01	   6.2600184081747101e-01	   3.5158188755502784e-01	   6.9948571026522077e-01	   4.5579533935932620e-01	   6.3637644365147406e-02	  -1.2528361848720287e-01	   6.8599090913665628e-01	   7.3021705748143739e-01	   7.5684505494634657e-01	   7.3692535504194856e-01	   8.0019259629135608e-01	   8.3155648146091232e-01	   7.9072579505859308e-01	   6.8650346689173836e-01	   6.3293139959753086e-01	   6.7263887911321851e-01	   8.1974998396545229e-01	   7.7966095807131230e-01	   6.1837099702830134e-01	   5.5398332952244211e-01	   5.5330334835443074e-01	   6.9310507138415178e-01	  -5.6928254534675163e-02	  -9.6560098623764107e-02	   4.6279345666058580e-01	   3.5794279953653513e-01	   6.7465405030123238e-01	   6.9042667547714498e-01	   5.4947824636873910e-01	   6.7511450315628752e-01	   4.8729142572924394e-01	   5.4020657345698886e-01	   2.9529582997502268e-01	   4.5421789149172975e-01	   2.7378988696028356e-01	   5.3042707948421430e-01	  -2.0078822304302080e-01	  -1.8322764793623020e-01	   4.6897860182728079e-01	   5.6270986949615365e-01	   5.9866262653922431e-01	   5.4508232465833517e-01	   4.3298313556302703e-01	   5.9830047120935016e-02	
   7.5008394992997829e-01	   7.6716204258106269e-01	   7.6643235309130764e-01	   9.3330897902872034e-01	   7.5138563388265933e-01	   8.4648443894072212e-01	   8.5215218168316442e-01	   0.0000000000000000e+00	   7.9264948912190247e-01	   8.3763688867560204e-01	   8.5030038402906505e-01	   8.4311877604763441e-01	   8.1821753130274721e-01	   9.3661064007041839e-01	   7.9899061478592770e-01	   8.1449428286227299e-01	   6.9181930335382869e-01	   6.9064567831834656e-01	   8.6570950908285971e-01	   8.0732309706055427e-01	   5.3253182160321355e-01	   7.1139996270746864e-01	   5.9083335700746686e-01	   6.4598772915106983e-01	   5.8501649902910269e-01	   6.7176334676547245e-01	   6.7465452286293703e-01	   6.8046405780372210e-01	   7.0885766931044181e-01	   6.0486374489034511e-01	   8.2100904788616980e-01	   8.4837645780657356e-01	   8.1331960185835794e-01	   7.9188598507988894e-01	   5.9243370423380459e-01	   7.0058147016569994e-01	   3.9669989802913186e-01	   4.0257256656320234e-01	   6.4466074057250500e-01	   6.9137730974037981e-01	   7.8585830157603576e-01	   6.6105877113115030e-01	   8.7402687262356071e-01	   8.3370310055023666e-01	   8.3529988295482760e-01	   8.4820801328958106e-01	   8.3160156367661819e-01	   8.5865666372852467e-01	   8.4824043451479958e-01	   8.8235493796131548e-01	   8.7924421474569781e-01	   8.3203440438394549e-01	   8.7471489745224162e-01	   8.3267908184450323e-01	   8.2258104911988861e-01	   8.0556110188240093e-01	   7.2336657079159061e-01	   8.1199987871674106e-01	   9.0194017073496202e-01	   8.7500479139167608e-01	   9.3967623627522645e-01	   9.1425564685674443e-01	   8.9690718099922717e-01	   7.7184544904644525e-01	   7.9199116202928144e-01	   8.8218610877019998e-01	   8.7297173460164657e-01	   8.0212758652625138e-01	   8.1456932299601337e-01	   8.4332259308662527e-01	   3.9777263035571353e-01	   6.5565741147757561e-01	   6.0796956265424507e-01	   3.4407206999791162e-01	   6.6115513009296456e-01	   4.4400389320988742e-01	   1.1634391603140708e-01	  -5.1396635885338507e-02	   7.5343408711803550e-01	   7.7084784968220887e-01	   8.5249521159896935e-01	   8.0957730027038721e-01	   8.5661384959885112e-01	   8.9825677526449810e-01	   8.0935034944434459e-01	   7.6407025064771106e-01	   7.1659876578243231e-01	   6.8700672682547137e-01	   8.4002705847396508e-01	   9.0052836908782763e-01	   7.8036017234164834e-01	   6.8727533977109467e-01	   7.4699123474249207e-01	   7.4429199733990326e-01	   8.7061423639994001e-02	   9.0903187547857131e-03	   6.2957493403080278e-01	   4.6211807071815614e-01	   7.8942193570827879e-01	   8.0508648393263360e-01	   7.3881851537733723e-01	   7.1591324631731634e-01	   6.7177881646766935e-01	   7.2016595761387359e-01	   4.9481233900627836e-01	   5.9958740219643414e-01	   4.9603469196401828e-01	   6.8100509575433188e-01	  -6.1975587203722503e-02	  -1.3655617611730703e-01	   5.9129606395928569e-01	   6.9892707281697575e-01	   7.4482041927916942e-01	   6.5114563485968335e-01	   5.0636362330843687e-01	   1.5711503565323642e-01	
   7.6602466246242285e-01	   7.1275738516478804e-01	   8.6516022166055317e-01	   8.4257977943442652e-01	   8.1490213220885455e-01	   8.5731378242873690e-01	   8.6210105642900681e-01	   7.9264948912190247e-01	   0.0000000000000000e+00	   8.2527406761347388e-01	   7.4160347421309003e-01	   6.6331531331304561e-01	   8.5105629953760342e-01	   7.5190924825213068e-01	   8.7821935387426941e-01	   7.9146380238280778e-01	   6.1189957290620411e-01	   6.0318139688153283e-01	   8.5074128947400152e-01	   7.6085322787226006e-01	   5.0002399153760568e-01	   6.4594654316702105e-01	   8.4498619983057688e-01	   8.3414443113051751e-01	   6.7457931360829948e-01	   7.0865977127505775e-01	   6.9913047914372584e-01	   7.1253463159122954e-01	   5.7362901185807391e-01	   5.3440662274045203e-01	   8.1621097090478911e-01	   8.2038689212512583e-01	   6.7441907433478687e-01	   6.5612597621116109e-01	   6.0281867885880391e-01	   6.2858108912781963e-01	   3.2852080709829945e-01	   4.2836549631272369e-01	   5.3222182068577306e-01	   6.4240530678301511e-01	   5.9560045139842044e-01	   5.1715261392052725e-01	   8.4136616185645152e-01	   7.6972577212837501e-01	   7.5984298383990501e-01	   7.1107423341966414e-01	   7.9201040076249851e-01	   7.9073533961408771e-01	   7.5535312008948297e-01	   7.2688037701302721e-01	   8.0279287162457846e-01	   7.2281138759538333e-01	   7.6780394746021230e-01	   7.9314162654848430e-01	   7.6243847601975290e-01	   7.5570636767055266e-01	   7.0748879560778521e-01	   7.4429038991486418e-01	   7.5742573413553504e-01	   7.0483057156708040e-01	   7.4466501694132914e-01	   6.4523419332651888e-01	   7.4721188224531720e-01	   5.8528765744436551e-01	   7.1545258406991930e-01	   7.0017451634651118e-01	   7.3422980632640122e-01	   6.3079822828676568e-01	   7.7868412314090629e-01	   7.4160228968575292e-01	   4.5174125394579362e-01	   6.4911562580252380e-01	   4.8077372246716726e-01	   2.7843589232749466e-01	   5.8845138257911678e-01	   4.0242520415546590e-01	   3.8515234460267125e-02	  -9.1553546017307655e-02	   6.4405034808236805e-01	   6.8955262437265241e-01	   7.5999338965754770e-01	   7.3580608420559201e-01	   8.2107598689306815e-01	   8.3249371813542983e-01	   8.1380267350286140e-01	   7.1726460599462849e-01	   7.5733872764441479e-01	   7.6401489911789811e-01	   8.8104244742781801e-01	   8.3691233028233047e-01	   7.1526507011127127e-01	   6.7629357816694968e-01	   6.7973219572278565e-01	   8.1586663811540605e-01	   8.2458326201603829e-02	  -1.5311715534547856e-02	   5.2440280595580546e-01	   4.5188122578818651e-01	   7.4211447068290559e-01	   7.5073525161268884e-01	   5.9083273416644300e-01	   7.7864833641036868e-01	   5.6327469534213703e-01	   6.8437263277654914e-01	   3.7661091760482118e-01	   5.3795485066493642e-01	   3.0227030887718620e-01	   5.3490382177444651e-01	  -6.8040278259201517e-02	  -6.5993284583667322e-02	   6.0033944486379087e-01	   6.1585006189487157e-01	   6.4153483662401189e-01	   6.1732877909041495e-01	   5.5933746174101762e-01	  -3.8256167687321194e-02	
   6.9668665890184145e-01	   6.1475935472850152e-01	   6.9773331195305932e-01	   7.7876164179052343e-01	   7.5771655665456061e-01	   8.2889481485585426e-01	   7.6718255208645614e-01	   8.3763688867560204e-01	   8.2527406761347388e-01	   0.0000000000000000e+00	   7.0618077449834971e-01	   6.3247945987283605e-01	   7.0611300920035447e-01	   7.4974111789395981e-01	   7.6015527921633386e-01	   7.5566370481530676e-01	   6.0750836169553279e-01	   5.9840542433088317e-01	   7.6997960465098003e-01	   6.7278070999760131e-01	   4.7214118663519472e-01	   6.4430847735226404e-01	   5.9658569594298461e-01	   6.3841399852292779e-01	   4.8115105857257257e-01	   5.6275419518921099e-01	   6.4915649625815597e-01	   6.4070346823752256e-01	   5.7646810483578392e-01	   5.1231061725602456e-01	   7.1228860987389309e-01	   7.3395910522497276e-01	   6.6462800287047696e-01	   6.8194238455498368e-01	   4.7255407882065154e-01	   6.2215072337890676e-01	   3.1208728310812550e-01	   3.3984966968813912e-01	   4.7958731665396281e-01	   5.8330850709366489e-01	   6.3772911072897198e-01	   5.4795858090887850e-01	   7.9656976488378706e-01	   7.4701847465777971e-01	   6.9118456788333349e-01	   6.9708334414665518e-01	   7.6583006768918260e-01	   7.8533734975795289e-01	   6.9189035815286082e-01	   7.2756332133489487e-01	   7.1275630994739003e-01	   6.5116251656088386e-01	   7.8055754649119258e-01	   7.5043537869180987e-01	   7.0438632637998311e-01	   7.0017852310463891e-01	   6.8451055838409958e-01	   6.8385804120916005e-01	   7.7746365902943682e-01	   7.6179319149428126e-01	   7.7976220114077899e-01	   7.4405507625818046e-01	   7.7050429293383815e-01	   6.3008033626967497e-01	   6.3693420549049962e-01	   7.0388096927083554e-01	   7.0363370243522949e-01	   6.2195176290860621e-01	   7.4662511106923768e-01	   7.2965408880168892e-01	   3.4621090195395626e-01	   5.6203874855746172e-01	   4.7803847562021518e-01	   2.0053846379311166e-01	   6.1438418947807683e-01	   3.1721539171569108e-01	   5.4882368682417970e-02	  -1.3602036315338475e-01	   6.5975675388794375e-01	   6.8556457013073402e-01	   7.5604597644273208e-01	   7.1108917806464111e-01	   7.2317464746579496e-01	   7.9378252336744570e-01	   6.7204686483731058e-01	   6.0120973803291722e-01	   6.5665830369341238e-01	   6.3410765331470242e-01	   7.8505256799681222e-01	   8.0765271096588598e-01	   7.1215305716021282e-01	   6.7150300848884670e-01	   6.9144284532514744e-01	   7.4351675622323699e-01	   7.5665730445566556e-02	  -1.6875212606007009e-02	   5.0886550355600135e-01	   4.1168352617973758e-01	   7.1680031935779354e-01	   7.2411408705938596e-01	   6.6380743196173686e-01	   7.1248042832113057e-01	   6.1655855019932315e-01	   7.0037558216313522e-01	   3.7196403694516178e-01	   4.8341932882549765e-01	   4.3718193281250550e-01	   6.1491631785303036e-01	  -6.1938048109034763e-02	  -1.2856092463470448e-01	   5.6129668748661543e-01	   6.3977313259645263e-01	   6.7107302873648944e-01	   6.3016812655942267e-01	   4.8207670130015523e-01	   2.5402843646143029e-02	
   8.4547191573703162e-01	   8.4216853387693458e-01	   8.2708775338566598e-01	   8.5287887461544598e-01	   6.7579363637935019e-01	   7.4636090251464526e-01	   8.7078346612729918e-01	   8.5030038402906505e-01	   7.4160347421309003e-01	   7.0618077449834971e-01	   0.0000000000000000e+00	   8.5217481768419068e-01	   8.5964333758840439e-01	   8.7425698417719389e-01	   7.7007620990035142e-01	   7.5317058721921781e-01	   8.4712261255186716e-01	   8.1152852350642046e-01	   8.8034399896345827e-01	   8.5123693985150728e-01	   5.1960677105860009e-01	   6.5727397462641735e-01	   6.5555336342468173e-01	   6.2109045295524568e-01	   5.9454594881418665e-01	   6.0791236793949799e-01	   6.5866839359476204e-01	   6.7096232975969650e-01	   8.3043220559995645e-01	   7.4872825054372116e-01	   8.6219516248908779e-01	   8.8023430024704841e-01	   8.2842858704896494e-01	   7.7004405554173183e-01	   6.3849904920208311e-01	   6.7683367973468966e-01	   3.6580268669007066e-01	   3.8940509306924542e-01	   6.3932508343478123e-01	   7.1640248550232277e-01	   7.3034004148182308e-01	   7.3118160758966566e-01	   8.1919152291232600e-01	   7.6878111661357029e-01	   7.6980492750006646e-01	   7.5652155354462791e-01	   7.7362760193271318e-01	   7.7240601041717960e-01	   8.0002180178369264e-01	   7.4798695063209464e-01	   8.4734729368090200e-01	   7.5300674642352483e-01	   8.3239646717456406e-01	   6.9161510319247799e-01	   8.0326600220139899e-01	   7.7354726128455042e-01	   7.7354195656618296e-01	   8.4594677412824759e-01	   7.9441222921035559e-01	   7.4704798848443177e-01	   8.8048617801416362e-01	   7.4705880742210296e-01	   9.0961331635441633e-01	   7.5409872631895625e-01	   7.3702172605792260e-01	   7.2403051165662513e-01	   7.2337617172634905e-01	   6.3390919317256511e-01	   7.0155407036984019e-01	   7.3575876419166608e-01	   4.6059467567779988e-01	   6.1680674520032497e-01	   7.7160300360274980e-01	   5.4507304713788229e-01	   8.4390939518711139e-01	   6.2134678468532756e-01	   3.0798165980852299e-01	   4.0946486968356788e-02	   8.6379815231755153e-01	   8.5103002526684746e-01	   8.4888215908893838e-01	   8.2218111756843049e-01	   7.9811761546175242e-01	   8.3934044884361803e-01	   7.7207918427514333e-01	   6.5690500976586252e-01	   6.7362373660122965e-01	   6.9942352047862000e-01	   8.0334748997073335e-01	   8.1248478906016586e-01	   6.1346902030724559e-01	   5.1097396191313860e-01	   5.3833025716988436e-01	   5.8330386886711150e-01	   2.9582430096881544e-02	   3.9734206984329182e-02	   5.7450863693162124e-01	   4.6273176923612236e-01	   7.0730326079021122e-01	   7.1505982986735139e-01	   5.8032123709290140e-01	   5.7146164166220981e-01	   5.7130046482788766e-01	   5.4804685642459128e-01	   4.7427305163759087e-01	   6.1742428851132036e-01	   2.7439527366954086e-01	   5.3284637594347140e-01	  -6.7481511855916068e-02	  -1.1712626467365223e-01	   5.5439182176703106e-01	   5.8926692388201474e-01	   6.1915250978619607e-01	   6.0895212071575389e-01	   5.1217403257153826e-01	   2.3008354854103505e-01	
   7.3496198427501880e-01	   8.0623014687469363e-01	   7.2655833494335620e-01	   8.2334957021605737e-01	   6.0123660551791636e-01	   6.3494608788055396e-01	   7.4588397594518385e-01	   8.4311877604763441e-01	   6.6331531331304561e-01	   6.3247945987283605e-01	   8.5217481768419068e-01	   0.0000000000000000e+00	   7.3791332108530217e-01	   9.4585621143941778e-01	   7.1385562493579502e-01	   6.7965532902917947e-01	   7.0869504401571093e-01	   8.4116630481903587e-01	   7.7155947567118832e-01	   7.3570200486607007e-01	   5.1737004095912731e-01	   6.4254266555296380e-01	   4.8826610230201467e-01	   5.3107025046027923e-01	   5.7973418371681051e-01	   5.7371634813470840e-01	   5.5071881906554343e-01	   5.4566883358871610e-01	   7.3192050360156813e-01	   8.0299292080790519e-01	   8.1200621241563375e-01	   8.0011373838489364e-01	   7.6839241419680404e-01	   6.8699043026997730e-01	   5.9589748335030546e-01	   6.5898474648193006e-01	   4.6289650662590864e-01	   5.6253751736743018e-01	   7.3404603785224287e-01	   8.0757374544762750e-01	   7.7393339579423703e-01	   7.4332315290670703e-01	   7.7145380204735559e-01	   7.1476607377993528e-01	   7.7536988860341327e-01	   7.9160594114404947e-01	   8.0378289509371958e-01	   8.1907569464095220e-01	   7.9782567907316460e-01	   7.8479793755872285e-01	   7.8199344002357218e-01	   7.1770628157027772e-01	   8.0270473110428064e-01	   6.9111805521624037e-01	   8.0249635353412008e-01	   8.0062432431208752e-01	   6.8868279373532537e-01	   8.2825585662354873e-01	   7.8128620530049386e-01	   7.3945806398844494e-01	   8.2773215719067617e-01	   8.1514101821356011e-01	   8.7056642379287652e-01	   8.4051372718105344e-01	   5.9935812524595011e-01	   6.9263042568289257e-01	   7.3004524717533537e-01	   6.5482285910692883e-01	   6.2549772052808661e-01	   6.5663350381519481e-01	   3.7122899124948916e-01	   5.2337231616371249e-01	   6.3191583075829616e-01	   6.2482939642766067e-01	   7.0014817560557052e-01	   6.7067378184360615e-01	   3.1424864257138407e-01	   2.2052368095702723e-01	   7.4100520795861669e-01	   7.9723293829346753e-01	   8.1667859889912608e-01	   8.2584814512081506e-01	   8.4687419463478908e-01	   8.7232900439858574e-01	   7.3268913512991396e-01	   6.6622660406251544e-01	   7.1274950796330605e-01	   6.9479842209127696e-01	   7.3647157676404462e-01	   7.7052590878603466e-01	   6.3699123248090772e-01	   5.1617977370830770e-01	   5.4303839328440551e-01	   5.4974690147135785e-01	   1.6079728113018890e-01	   1.6884270495360454e-01	   6.5928328838419281e-01	   5.3094355091250700e-01	   7.1467008089019146e-01	   7.1979753669880786e-01	   5.8774784163286520e-01	   5.0911560410552115e-01	   5.6928036701775908e-01	   5.3365753673937355e-01	   5.3597269775712630e-01	   6.0373627763983251e-01	   2.8400171038626820e-01	   5.1544684279949338e-01	   4.2641386351602001e-02	   7.3254025089137143e-02	   6.1086582701999581e-01	   6.0514002521292076e-01	   6.2836665796069857e-01	   5.5942699480653812e-01	   5.3783003093042003e-01	   1.9176368354910053e-01	
   7.2652861353622444e-01	   7.6752590783704733e-01	   8.7897460768715163e-01	   8.2104594382048823e-01	   6.7520474130330299e-01	   8.0479001234641534e-01	   9.5000244696732272e-01	   8.1821753130274721e-01	   8.5105629953760342e-01	   7.0611300920035447e-01	   8.5964333758840439e-01	   7.3791332108530217e-01	   0.0000000000000000e+00	   8.0662829463571017e-01	   9.1361034891963067e-01	   8.3064374753408909e-01	   6.4238868779829605e-01	   6.3401504287589772e-01	   8.7150687069060440e-01	   7.6007270132819393e-01	   5.2211552218708746e-01	   6.2080868475686246e-01	   8.2781784744879583e-01	   7.8506354537832324e-01	   6.8327590151999729e-01	   7.2238243370442223e-01	   6.8732110652237877e-01	   7.3154386576976993e-01	   7.1047805012552390e-01	   5.8528024181487193e-01	   8.7661008300425025e-01	   8.9506752693353264e-01	   7.8499604311564219e-01	   7.8356292848726738e-01	   5.7953279398198565e-01	   6.1210538330486941e-01	   1.8259684513454910e-01	   2.1137031333186701e-01	   4.5581537460809601e-01	   5.4144502716028176e-01	   6.4088513522797730e-01	   5.1059756876279028e-01	   8.2980417008538798e-01	   8.0181934016404588e-01	   7.3422350059869901e-01	   6.7844725966482589e-01	   7.3578153455747763e-01	   7.3585672827347137e-01	   7.4881357266937454e-01	   6.8348426376674065e-01	   8.2815563287209737e-01	   7.3672974454683071e-01	   7.2479042812592143e-01	   7.0101473839354433e-01	   6.6238395480976753e-01	   6.4116427626316908e-01	   6.0979356494737280e-01	   7.0074021770803441e-01	   7.0568450509946745e-01	   6.1270322327173510e-01	   8.0765781017411797e-01	   6.1751063674799256e-01	   7.6448240944240931e-01	   5.2672343366715935e-01	   7.9739824662150038e-01	   7.4124925270149478e-01	   6.7147287954130186e-01	   5.6194820652444810e-01	   6.6706829587292360e-01	   6.6727208253563985e-01	   5.1720814961043404e-01	   7.2917671157349839e-01	   5.5604266080278641e-01	   2.8100701071122647e-01	   6.3735260082712408e-01	   4.0624232398225874e-01	  -4.4326654227356002e-02	  -2.3948839482467016e-01	   6.9175384714788679e-01	   7.4627290532667057e-01	   7.6476068904241257e-01	   7.7605796156313223e-01	   8.0848100133948719e-01	   8.1033287481539562e-01	   8.3898179510907567e-01	   7.4754685567693269e-01	   6.1600688753501487e-01	   6.4891901124247764e-01	   8.2407563514211857e-01	   7.5735621155379240e-01	   6.0856314859183724e-01	   5.5902638136019434e-01	   5.6009698220646342e-01	   6.8967714155755622e-01	  -1.2446561360838185e-01	  -2.1438959423023848e-01	   4.1050698264189162e-01	   2.6522347071094821e-01	   6.6299616771856484e-01	   6.5658967300461879e-01	   4.9372653157659541e-01	   6.5513870606844293e-01	   4.1229187191477101e-01	   5.0784371680936380e-01	   2.3496626108764668e-01	   4.7173128110124385e-01	   2.3880369164004200e-01	   5.0075912586137517e-01	  -2.7762846017598930e-01	  -2.7909724872434094e-01	   4.2973316849396792e-01	   4.9271045727626361e-01	   5.4806092837875364e-01	   4.7913526149161595e-01	   4.2082528783557061e-01	   6.9960933282395416e-02	
