   0.0000000000000000e+00	   6.1581840257750686e-01	   5.8934419221605450e-01	   4.4006927726346512e-01	   3.0673778795018969e-01	   2.1409246488380673e-01	   5.6240050385748497e-01	   3.6829294656279021e-01	   2.8032860664918485e-01	   2.6221556820029912e-01	   3.6212148880927880e-01	   3.3355307293792247e-01	   3.8082728741941058e-01	   3.6811603360780332e-01	   3.3392298798534403e-01	   4.2206977460780171e-01	   1.3460929174464606e-01	   2.1430594027054239e-01	   5.7490211216833353e-01	   4.6299703886599231e-01	   2.5682752116987873e-01	   1.3498866700484929e-01	   3.8230438057503296e-01	   2.9785053283019181e-01	   2.7977305503698230e-01	   1.6783100520237701e-01	   2.2891097759257614e-01	   1.9685085549193856e-01	   3.9357011791521174e-01	   1.8954723179126171e-01	   4.2785694968354360e-01	   3.9109192653703662e-01	   1.8474416974580124e-01	   2.3956490640766262e-01	  -3.8206760843129883e-03	  -1.6011840409345748e-01	   3.8353210123968445e-02	   1.7419429135374420e-01	   1.8104508811782932e-01	   1.5090412623748301e-01	   1.8818061217313137e-01	   1.1323928226777352e-01	   4.8899946968897001e-01	   4.6493485674178325e-01	   4.2046895699173142e-01	   4.6396385412536678e-01	   3.8073609476620707e-01	   2.2405022874056441e-01	   4.4759481996635953e-01	   4.0856492822425483e-01	   4.3998520309783407e-01	   3.4992984469937932e-01	   2.4708365863864973e-01	   1.7282217722041421e-01	   3.3658379256038018e-01	   3.3747131779115991e-01	   7.4313033255419048e-01	   4.9936740811779601e-01	   4.8790069295733801e-01	   1.3001768062271865e-01	   5.3174382751491944e-01	   2.7684029764127005e-01	   2.8815723255077696e-01	   2.1320779124276093e-01	   3.6226392902209836e-01	   3.4761648905282372e-01	   2.5431251996011373e-01	   1.9974704685689906e-01	   2.2253541928751641e-01	   5.3944234427395529e-02	   5.3536867356656903e-01	   2.9510335847358404e-01	   6.3329371062135442e-01	   4.2575431150305898e-01	   4.7547527039629844e-01	   2.9259015713412084e-01	   3.1617439398044339e-01	  -1.4520779155291095e-02	   1.7528001210407390e-01	   1.6529578993175259e-01	   2.4798548690796887e-01	   2.9036780153609937e-01	   3.9198475137285682e-01	   2.0945424770039009e-01	   4.0380901643466771e-01	   4.6374056809680153e-01	   2.9043298065586909e-01	   4.0012028091198321e-01	   2.4000182857667948e-01	   2.9937828636285263e-01	   7.5501469618849126e-02	   8.3321690295663747e-02	  -5.7515731330992373e-02	   2.3704856916600039e-01	   2.5966328776474701e-01	   1.4416416794496104e-02	   3.3541308645110074e-01	   3.9578345908904383e-01	   3.4743197219241517e-01	   4.7254730582544524e-01	  -1.0410728743320738e-01	   2.4441383980675163e-01	  -5.9014136576135134e-02	   3.0470101724451609e-01	  -1.8774679296469923e-03	   7.1139308418212630e-03	  -1.6937950171300925e-01	   3.7511504454138023e-01	   6.8869916135879158e-02	   1.7523872673559793e-01	   4.0578718497470211e-02	   3.1730474524257379e-01	   3.3626528240283005e-01	   3.4212334830327296e-01	   2.0072947703220945e-01	   2.4817219203513352e-01	
   6.1581840257750686e-01	   0.0000000000000000e+00	   5.9297590356983065e-01	   7.0625112117156652e-01	   1.4139794747589601e-01	   2.0756588847940555e-01	   6.7120644593176526e-01	   7.0808394207191272e-01	   1.9823035475603773e-01	   3.6177635670593788e-02	   2.9229880399040697e-01	   4.0535808225609193e-01	   3.7405923567189692e-01	   4.6557771850966667e-01	   4.1076139245402954e-01	   3.2425639125424655e-01	   4.3597851946729660e-01	   5.4167732413382375e-01	   6.6232652356558863e-01	   7.4954719374627032e-01	   3.5159362528455662e-01	   3.8072473789021327e-01	   5.4571091031763308e-01	   5.0027445211845045e-01	   1.6259263359621409e-01	   2.0067768599772914e-01	   1.3423612580894195e-01	   2.1135791842778923e-01	   5.8266914877773268e-01	   4.7443182592695499e-01	   4.8323254512930769e-01	   3.9935174633302917e-01	   4.7863953694533135e-01	   5.6158754394736865e-01	   1.7562684431886647e-02	  -1.4941659395115534e-01	   1.6103224432377949e-01	   2.4650259876514585e-01	   3.2817686900778509e-01	   3.6523601873678602e-01	   5.2703596716475110e-01	   4.2712909699006057e-01	   5.7690347714064472e-01	   5.0930543537523754e-01	   5.3905657303780519e-01	   6.3070193296196697e-01	   5.6784920032161412e-01	   4.1800238765908959e-01	   5.6065474463972675e-01	   5.7498618715840855e-01	   4.9902246085240404e-01	   4.3434128591247684e-01	   5.6472124024047288e-01	   5.0400857700874124e-01	   5.5009185922875847e-01	   4.3343552758384074e-01	   7.9559958837069700e-01	   8.3960142632324208e-01	   5.9755214123082978e-01	   4.2284756737789231e-01	   5.7915488242290070e-01	   5.2047914702402787e-01	   5.7989457632245012e-01	   5.5427035350034037e-01	   2.4649586099951409e-01	   4.0534851029676100e-01	   5.1760337482273222e-01	   4.7575415178948532e-01	   5.1348024117515156e-01	   4.0259731147112321e-01	   2.5381782960856369e-01	   1.2211076054982124e-01	   5.6296180433200882e-01	   5.0460151038736978e-01	   4.0834663313554698e-01	   4.9010781652925761e-01	   2.5743993690749939e-01	   3.7078000901372962e-02	   3.2526583358815342e-01	   4.7322921854564481e-01	   5.0175810233813622e-01	   6.7352921389483078e-01	   5.5735865075062119e-01	   5.2244075893992536e-01	   5.9283638453496501e-01	   5.8299468888506301e-01	   3.4723355518685750e-01	   3.3213629373371367e-01	   5.7246388473171661e-01	   4.4053267210846658e-01	   4.5007413108373306e-01	   2.6124809457509812e-01	   2.7957971870628379e-01	   2.8989417244354110e-01	   2.5189191323682703e-01	   4.0389337391396996e-02	   4.8389492936496958e-01	   3.3248724649269268e-01	   6.5886881437017175e-01	   4.9176194425810471e-01	   3.3928986023272800e-01	   3.8830127689166899e-01	   4.3252405276978384e-01	   4.0416031441186917e-01	   3.7930215905058501e-01	   2.6274795410341228e-01	   2.2112455070016160e-01	   2.9097917260026296e-01	   3.8436971780881374e-02	   2.5106211240289544e-01	   1.8235852166641559e-01	   4.2895673974979120e-01	   4.2937643971685191e-01	   4.0116324304923207e-01	   2.2526158390585069e-01	  -3.2366333723107099e-02	
   5.8934419221605450e-01	   5.9297590356983065e-01	   0.0000000000000000e+00	   5.1751563668299494e-01	   2.3217278705100525e-01	   1.3240081854741548e-01	   7.8450484956151167e-01	   4.4923376774589729e-01	   2.4231152562964314e-01	   1.4069820202282990e-01	   2.5940913913534636e-01	   1.4110868603338700e-01	   4.9394557049965704e-01	   1.9358186829259866e-01	   5.0369547035036710e-01	   4.0969579999904310e-01	   1.8739310185444341e-01	  -1.0851637815485449e-01	   6.7780875233385141e-01	   5.0125078964552161e-01	   4.1203756043630102e-01	   2.4068660630506261e-01	   7.3237631643339385e-01	   5.9195775177996590e-01	   3.6723670640283040e-01	   1.2678570367042657e-01	   5.0450102035940092e-01	   3.8551428760411155e-01	   2.8877605217588609e-01	  -1.2852014831187584e-02	   3.6659078077958190e-01	   1.3401088760293850e-01	   3.0130922647443720e-01	   2.2636884570486596e-01	   2.5008411005014908e-01	  -1.0790615442261907e-01	   2.5362192555277269e-01	   3.2574316108894841e-01	   3.1005507099437046e-01	   3.9590431335523729e-01	   3.8466239208380293e-01	   2.2444323397841165e-01	   4.6786696585037124e-01	   3.5683215734123286e-01	   4.4219065247376449e-01	   4.9192347945877624e-01	   4.7003531831956624e-01	   3.7656798834072264e-01	   4.4801356756314953e-01	   4.5480341492489584e-01	   5.5261804559629746e-01	   4.7042009431415466e-01	   3.8776378552899743e-01	   5.7572801705195675e-01	   5.8810544071159787e-01	   4.8505037414945068e-01	   5.2526266483666406e-01	   4.3326151884263564e-01	   3.1215774676637970e-01	   2.5436352065099599e-01	   5.9734606909045507e-01	   4.0934747089267287e-01	   4.4582929519538717e-01	   1.3157238053459822e-01	   7.4045001168885571e-01	   5.7842213946934162e-01	   4.5043854119685128e-01	   3.5708920443049341e-01	   3.9803781776763747e-01	   2.2331137027173098e-01	   2.2580141092848413e-01	   4.5569223017109854e-02	   4.2991394833703084e-01	   1.4650180468868060e-01	   4.4806587219699912e-01	   1.5612190778756832e-01	   2.1950730529930938e-02	  -1.7229189858572719e-01	   1.6225424104347369e-01	   7.0679667695869919e-02	   4.3998243525342173e-01	   4.1998921659647892e-01	   5.7965117896340024e-01	   4.1106753072651309e-01	   7.9217225438215333e-01	   5.6916101563864085e-01	   4.0086457117586477e-01	   5.9769507868221972e-01	   6.2396966609111781e-01	   5.4887299654307120e-01	   4.7518176137750084e-01	   4.1391816845824275e-01	   3.6176776321094184e-01	   5.7001080292126893e-01	   3.4453927423756375e-01	   2.2005058754465923e-01	   5.4777603635327399e-01	   5.5674881515675767e-01	   5.7110663995546962e-01	   5.4799054602184871e-01	   1.7093308309857735e-01	   4.5475041654425608e-01	   2.3007659723362206e-01	   3.9159471002957458e-01	   1.8027063111391967e-01	   2.3329321742047376e-01	   4.3933328394296457e-02	   2.9924907836353704e-01	   2.5742599065918076e-01	   4.4962737988869356e-01	   3.6228658529103608e-01	   4.6436484868157502e-01	   4.4318228055866293e-01	   1.9915242803293343e-01	   1.6911736262800212e-01	  -1.0620917665971358e-01	
   4.4006927726346512e-01	   7.0625112117156652e-01	   5.1751563668299494e-01	   0.0000000000000000e+00	   3.2240182462642486e-01	   4.9741509734059686e-01	   6.5359437963435307e-01	   9.2697451671639963e-01	   3.3152041596229032e-01	   1.8439631384780281e-01	   2.0997207876456003e-01	   6.5404302833485861e-01	   4.7692578764186738e-01	   7.0049462007282914e-01	   5.2802645924441460e-01	   4.1628528293662082e-01	   3.6603034723227357e-01	   2.9513184463982900e-01	   6.5030637747431574e-01	   7.8804119793481375e-01	   3.4473926384952719e-01	   4.6174840037381470e-01	   5.5258830924454194e-01	   6.9344633355903684e-01	   3.5387413557813718e-01	   4.6388895073905689e-01	   1.8042526354488037e-01	   3.0011986948501140e-01	   6.3992802779834523e-01	   4.9187896773767059e-01	   6.5848177678895481e-01	   6.4082528515753612e-01	   5.9768723247107103e-01	   6.5245145998445975e-01	   7.8079307570942669e-02	  -7.7769459999396065e-02	   3.4715873613168996e-01	   4.2438234221262927e-01	   4.1530824357794183e-01	   4.9039998301574333e-01	   5.5986504088856526e-01	   4.9507031520570122e-01	   7.3437102931629128e-01	   6.1632695674298743e-01	   6.4224451950677408e-01	   7.7417941904871324e-01	   6.6672180959812410e-01	   5.3621238614755717e-01	   6.3293579878031725e-01	   6.7882487888113974e-01	   6.3895341933707273e-01	   6.4233930987558363e-01	   5.6020467856255340e-01	   6.5736645445733888e-01	   7.0256377074990106e-01	   4.7677682841557334e-01	   5.0842193674002545e-01	   4.8529830751875347e-01	   5.2885758512461845e-01	   6.0322975909515719e-01	   4.6477946744315990e-01	   7.8857434587821706e-01	   5.4572764676517815e-01	   5.4879775560268496e-01	   3.1559703930680028e-01	   6.9754036157170696e-01	   6.8467277846763275e-01	   7.2932997362197349e-01	   5.7859912957262738e-01	   6.1203308801943135e-01	   1.4525263943770234e-01	   1.2722799734893087e-01	   5.8973504260885490e-01	   4.6059222229636476e-01	   4.1042599295644466e-01	   3.6620787365188873e-01	   1.2858383410369228e-01	  -1.0122899218622511e-01	   3.9031430616253426e-01	   2.9857639632271255e-01	   7.2550621389810654e-01	   7.1971618022598749e-01	   6.4584956759466428e-01	   6.6401978070066692e-01	   7.0592998524443251e-01	   7.4676040136890975e-01	   4.5390045371372811e-01	   4.2429403381733322e-01	   6.3761498420974427e-01	   5.5607197130629538e-01	   7.4310917689042788e-01	   4.0945057099813348e-01	   6.9480308432508631e-01	   4.2328638418470477e-01	   5.0389090616012733e-01	   2.9893757888844674e-01	   6.8753750995845497e-01	   4.8575284025829824e-01	   8.0687612313413903e-01	   6.1930348612941677e-01	   6.5404368226234944e-01	   4.8840101142949788e-01	   5.4717871623858749e-01	   5.7589309177747050e-01	   5.6874734392766702e-01	   5.2951629806554379e-01	   3.5132456470166440e-01	   4.3832851361985159e-01	   2.7388688728882277e-01	   4.1335333899829019e-01	   2.7885908760418587e-01	   5.9504103324958113e-01	   5.8100331854463128e-01	   4.7064169579575549e-01	   5.8150021764545745e-01	   6.7715574204640541e-02	
   3.0673778795018969e-01	   1.4139794747589601e-01	   2.3217278705100525e-01	   3.2240182462642486e-01	   0.0000000000000000e+00	   7.8233769761290950e-01	   1.8053307141612707e-01	   2.4577298463990171e-01	   8.9624827468846502e-01	   8.4763465973810925e-01	   1.4973887241220024e-01	   3.3913835709469276e-01	   3.8093778085618024e-01	   3.5777137245942864e-01	   7.5356240348297787e-01	   6.7815233288411503e-01	  -3.1694403189289516e-01	  -1.2398819576352543e-01	   2.9957667604696459e-01	   2.5867121325552644e-01	  -2.3266495202636051e-01	  -2.1471947844862146e-01	   6.5329147751798905e-02	   1.1655059558584412e-01	   7.0710459741927001e-01	   3.8314138739712422e-01	   1.1179291931822205e-01	  -1.6553490325746906e-01	   3.0657881388993857e-01	  -2.8394680572249777e-02	   1.2902659396796898e-01	   1.6664782894456331e-01	  -1.0901798692927638e-01	  -2.7491238387894218e-02	  -4.1029954521414766e-02	  -4.1269364960875007e-02	   2.1331127425002916e-01	   1.4997788769370357e-01	   9.5088034859882348e-02	  -9.3905430750692992e-02	   1.5749613406239651e-01	   1.5807827830952476e-01	   1.6552475184720344e-01	   1.3830253534431036e-01	   1.4265784132432341e-01	   2.4341052860292414e-01	   6.1953472520008129e-02	  -7.0025311032446066e-02	   1.7227153104259585e-01	   2.0960267046798264e-01	   1.0387100465372709e-01	   1.3741754261155140e-01	  -8.7659428026137590e-02	  -8.6654889509505700e-02	   1.2845812722954053e-01	  -2.2685264072110090e-01	   8.1958959840792558e-02	  -4.5950095949593428e-03	   1.6650169273893078e-01	   1.6587568852486320e-01	   1.7200903852809163e-01	   3.5384446591772895e-01	   7.8412958590452386e-02	   8.0368375825990740e-02	   1.5513664129792781e-01	   3.4462192599086172e-01	   1.0165444542716069e-01	   1.5396025589440560e-01	   1.5968311953557465e-02	   4.4822511675702767e-02	  -1.1660661924450819e-02	   1.8360586877465246e-01	   2.7291237179193656e-01	   2.1851192325417493e-02	   9.7249050262563863e-02	  -2.0226256342180238e-01	   8.1502187062559683e-02	  -1.3442072978549878e-02	  -1.0967954762814583e-01	  -2.6809639988337758e-01	   2.3689481843539129e-01	   6.0002466725760255e-02	   5.2372094351933429e-01	   1.4252180785999291e-01	   2.9185283625650915e-01	   1.8126117827124127e-01	   5.2458751540226523e-01	   4.0491123638158777e-01	  -9.5339493979906022e-03	  -8.0756783849163682e-02	   9.2236859888233477e-02	   4.7182984658958364e-02	   6.1782366096241922e-02	   1.3523310691382337e-01	   2.0646684404503210e-01	   4.0502200165440616e-01	   1.1338274047732778e-01	   1.5775795376340762e-01	   1.0448188816044972e-01	   2.0735969034766852e-01	  -1.0315380053721945e-01	   1.1475741207676482e-01	  -2.4385292165622091e-01	   2.8133163743632744e-01	  -1.9962140716220778e-01	  -3.7217497328747434e-02	  -2.8808516206129370e-02	   4.6937182787173859e-01	   2.9650275743035193e-01	  -5.9325333007736736e-02	  -1.9649220421647684e-01	  -1.9099237185341407e-02	   1.4616563542779348e-01	   1.5246705740012964e-01	   8.5239923255526290e-02	   1.9978807609675278e-01	
   2.1409246488380673e-01	   2.0756588847940555e-01	   1.3240081854741548e-01	   4.9741509734059686e-01	   7.8233769761290950e-01	   0.0000000000000000e+00	   1.8065357869584159e-01	   4.8428169246433528e-01	   6.3186366821441409e-01	   7.9159928099796462e-01	   4.3496533574317528e-02	   4.7999271177793562e-01	   3.4607274004261940e-01	   5.2565901391223846e-01	   5.6730068693282498e-01	   6.0855271322935822e-01	  -9.9813970810362446e-02	   2.9547744871045407e-02	   3.6713257013297917e-01	   4.2526826369947990e-01	  -1.9711437025465542e-01	  -3.2200587751981882e-02	   1.3142735828923546e-01	   2.2940737597124528e-01	   7.0242451116212767e-01	   5.6351461054435159e-01	   1.1400783429205474e-01	   5.2792306247156709e-03	   3.9170387273928509e-01	   1.9478300969497458e-01	   2.7357433098279421e-01	   3.2595737994388796e-01	   1.1207534502851565e-01	   2.4217181710951735e-01	   9.5477424403700883e-02	   5.9763444878963380e-02	   1.8394484066543276e-01	   1.7377222432685241e-01	   8.7155260840915211e-02	   2.1724600670819792e-02	   1.4061820581676354e-01	   2.3697811152592618e-01	   2.0088042232841072e-01	   1.4703707968401911e-01	   1.4263805740264868e-01	   2.3188156742048524e-01	   1.1510182089911726e-01	   3.9368533967013709e-02	   1.5063198612958476e-01	   1.8890147974775368e-01	   1.2770726665228610e-01	   1.7480229067090206e-01	   4.7540439552505032e-02	   7.8236278844822815e-02	   1.6812699446483320e-01	  -9.4913123164522176e-02	   3.0819414676125166e-02	   6.9689218822305429e-02	   1.8070670910098352e-01	   2.0894988384667731e-01	   1.2476672023089792e-01	   4.6405455109160826e-01	   4.9355014367049553e-02	   1.6316672358381012e-01	   1.6606846087567073e-01	   3.7346706253444928e-01	   2.1920108284984119e-01	   2.6807798748946687e-01	   2.3865539414473258e-01	   2.8032185611620741e-01	  -1.3368878811124088e-01	   7.8715834874485038e-02	   3.1094536714311227e-01	   1.8566935757130298e-01	   1.9020131512395844e-01	   8.4182667369814854e-04	   3.3566911739793683e-02	  -1.0312712216975120e-01	   2.3154473101362205e-02	  -1.1335383281258636e-01	   3.1046502155749173e-01	   2.0137902655507942e-01	   4.1011914009439621e-01	   2.2180829280645858e-01	   2.7226342191755282e-01	   1.8144784747272055e-01	   3.7836506360265498e-01	   1.3884699271307388e-01	   4.0303867849643016e-02	  -2.4415984281348412e-02	   2.9790692126492591e-01	   1.2867199156147105e-01	   3.0005744845401910e-01	   1.3028768847467811e-01	   3.3738765157637879e-01	   4.5910621461831269e-01	   2.2572343341253343e-01	   2.2498078859675549e-01	   2.5794796586771473e-01	   2.8189794420748332e-01	   1.7052690544697924e-01	   1.4062491898143992e-01	  -5.8367753701088062e-03	   2.9243404417404273e-01	  -5.1395888359168862e-02	   1.2505408351226838e-01	   7.9648734591114267e-02	   3.9533781468867946e-01	   3.0453114362288181e-01	   1.8600491732158546e-02	  -5.2429093560631718e-02	   2.1913649774372099e-01	   3.3364403467592735e-01	   3.2189223205296053e-01	   4.2182715826078099e-01	   1.9565503019510685e-01	
   5.6240050385748497e-01	   6.7120644593176526e-01	   7.8450484956151167e-01	   6.5359437963435307e-01	   1.8053307141612707e-01	   1.8065357869584159e-01	   0.0000000000000000e+00	   7.1294772118812699e-01	   2.5072260837010985e-01	   1.3338580879031073e-01	   5.5203591009167796e-01	   4.5546215611646268e-01	   7.5144483696322029e-01	   5.4382858766097408e-01	   3.6970970292336375e-01	   2.3827482084077750e-01	   2.7224404886372955e-01	   7.2677186749521089e-02	   6.5809612316615063e-01	   6.1576387128326271e-01	   1.3286825081647693e-01	   8.0972149576793134e-02	   4.9776394518790168e-01	   4.1873149603874821e-01	   3.8786651741357904e-02	  -3.8216233890214044e-02	   3.9737521064022140e-02	   1.3099623275436728e-01	   4.0524845212249649e-01	   1.7075713354476110e-01	   2.8902624805907179e-01	   1.7808686202486507e-01	   3.3172515933559177e-01	   3.3501798608112743e-01	   3.9278752417641158e-02	  -2.0834137965484323e-01	  -1.7960854843760088e-02	   1.7987008633156115e-01	   1.3538919505950373e-01	   2.2395147954190087e-01	   2.5509210484801825e-01	   1.1052124337716931e-01	   4.4546362345428014e-01	   4.1169899822302919e-01	   4.9925256359989900e-01	   5.5576508537425851e-01	   3.9849175804262860e-01	   3.3364868970366651e-01	   5.7685901191761468e-01	   6.0582218166421165e-01	   6.5685052105487518e-01	   6.2120470205602607e-01	   5.3555601299724409e-01	   5.6511718074029471e-01	   5.8797885692750107e-01	   5.0188878025476569e-01	   5.6952490064135042e-01	   5.5296778921164824e-01	   5.7069330083920766e-01	   4.4018227002319449e-01	   7.5211957072631552e-01	   6.0184568402642213e-01	   6.0789319055516966e-01	   4.5013959827133765e-01	   4.5360686854001642e-01	   4.8587856973254823e-01	   5.3431534551993121e-01	   4.3074368008844827e-01	   4.9153281294331064e-01	   3.6276917098414796e-01	   4.7390314281087129e-02	  -1.1340349147164125e-01	   4.2325841804617487e-01	   2.5643690160014099e-01	   4.2338097822066645e-01	   3.8593035611142557e-01	  -1.2307109294765488e-01	  -3.2352766316493303e-01	   1.9533976189414987e-01	   1.0585731539230901e-01	   4.1088178865859482e-01	   4.8207029279961311e-01	   4.6416207015391753e-01	   3.6483575638022037e-01	   6.0390162119988200e-01	   5.4635411544352230e-01	   2.9973486470131427e-01	   4.5203226026697041e-01	   6.2313777753256494e-01	   5.9686436876073667e-01	   5.2410597377947954e-01	   3.3966990578409445e-01	   3.6043184985965437e-01	   4.7764032673836732e-01	   4.2423872148133646e-01	   2.6664887927315728e-01	   5.4027610519113844e-01	   5.4996597512955592e-01	   6.3173093253791102e-01	   5.9211318773203891e-01	   3.7616567181463229e-01	   5.8263414822955961e-01	   3.8236446749089892e-01	   4.9065928870390274e-01	   2.2069023069651861e-01	   3.4048825148349887e-01	   1.3926825327181119e-01	   3.7612957581993789e-01	   2.4473601832051689e-01	   5.0508248113324328e-01	   3.5182865436698429e-01	   5.1486138393517367e-01	   5.7277721103146273e-01	   4.0321400995049428e-01	   2.1635016374901539e-01	  -1.5998506568315252e-01	
   3.6829294656279021e-01	   7.0808394207191272e-01	   4.4923376774589729e-01	   9.2697451671639963e-01	   2.4577298463990171e-01	   4.8428169246433528e-01	   7.1294772118812699e-01	   0.0000000000000000e+00	   2.7312803709450068e-01	   1.7201491607778785e-01	   2.6333892403711334e-01	   7.2177027006903793e-01	   5.0878342396138521e-01	   7.6023294583345580e-01	   4.2072426374819338e-01	   3.2943247921445640e-01	   3.8768864257077956e-01	   3.7170649420598773e-01	   6.3280840191152221e-01	   8.0166249314774374e-01	   1.9178241913733371e-01	   3.6317573712258749e-01	   5.0119618479552042e-01	   5.9740257893971138e-01	   1.8360509332347225e-01	   3.0309977586393394e-01	   5.0779793428351143e-03	   1.6506187397075597e-01	   6.1499213690954457e-01	   5.3890777647019694e-01	   5.3277403449627347e-01	   5.3220812949497209e-01	   5.8898199529772810e-01	   6.5818024518269980e-01	   5.3073521740544048e-02	  -9.6316174501945212e-02	   1.5974466304366997e-01	   3.1714720040468364e-01	   2.4931647421921446e-01	   3.5143075576280947e-01	   4.2614218983346874e-01	   4.3120562753499575e-01	   6.5325401440066411e-01	   5.8485936943740335e-01	   6.0701584392851260e-01	   7.0732446966759976e-01	   6.0755686005787424e-01	   5.1389946810092146e-01	   6.0356521038997490e-01	   6.4739755812027344e-01	   5.7927204469093074e-01	   5.8468217564651936e-01	   5.6648820463240490e-01	   5.9767681347861212e-01	   5.6193929009393151e-01	   4.4043600268364130e-01	   4.9337486261563218e-01	   5.2372820943854426e-01	   5.4917249031078030e-01	   5.6476052507104391e-01	   4.8556737057936900e-01	   7.8930188921571154e-01	   5.4140574185794388e-01	   6.3279677850469285e-01	   2.4548478800800810e-01	   5.8205481875261222e-01	   6.3503366029052044e-01	   6.5825374420242233e-01	   5.5504441749418154e-01	   5.7549211604600048e-01	   6.7434331539543688e-02	   8.4288261601131384e-02	   5.3144125233423012e-01	   5.1038698033863072e-01	   4.5909747721792954e-01	   5.2693102320854890e-01	   1.0017883984647763e-01	  -1.0858721005034494e-01	   3.5424906702647119e-01	   3.2743372523249020e-01	   6.1324733920110985e-01	   6.6847230287398207e-01	   5.6173947372413846e-01	   6.1384275777099251e-01	   6.0508401353677810e-01	   6.2021177136976846e-01	   3.4170371895012719e-01	   2.8722207694687873e-01	   5.4756173476449177e-01	   5.0329770775087934e-01	   6.8873701560635880e-01	   2.9899388894996648e-01	   5.9465776061545783e-01	   3.2365892166486948e-01	   4.1397323837809002e-01	   2.6670090215140918e-01	   5.7872516864416823e-01	   4.1507077891445798e-01	   7.4508669806930061e-01	   5.5855042245692865e-01	   6.4256429045932417e-01	   4.7675714412285580e-01	   5.5760320195496260e-01	   5.0359096998681485e-01	   4.8018079741927067e-01	   4.3684668706767860e-01	   3.5269461538641361e-01	   4.0259637828535388e-01	   1.9360370342064578e-01	   3.8112812818727082e-01	   2.8922185964851177e-01	   5.3240553751056563e-01	   5.2266566762560784e-01	   4.6990463957947570e-01	   4.9620138194299779e-01	   1.9589585959920282e-02	
   2.8032860664918485e-01	   1.9823035475603773e-01	   2.4231152562964314e-01	   3.3152041596229032e-01	   8.9624827468846502e-01	   6.3186366821441409e-01	   2.5072260837010985e-01	   2.7312803709450068e-01	   0.0000000000000000e+00	   7.9458548164794163e-01	   2.6059991759126588e-01	   4.2970504072672000e-01	   4.6156836630390763e-01	   4.1469052160110031e-01	   8.4029976368326276e-01	   6.3322356640332700e-01	  -3.5105194691757802e-01	  -1.1777888540961896e-01	   2.5308666408629965e-01	   2.4104206379898360e-01	  -2.2005345097175905e-01	  -1.8155972670095064e-01	   6.1728443094676712e-02	   7.7712226447091762e-02	   5.0183068531752695e-01	   1.9391601777275724e-01	   3.5619340094559526e-02	  -1.8543931051544538e-01	   2.7067233757652120e-01	  -8.2685973050594094e-02	   7.1018690553451655e-02	   1.1211350235607431e-01	  -9.5177748312304661e-02	  -1.0414180982828697e-02	  -1.0411828689325944e-01	  -6.7833921452769674e-02	   1.8119274903750054e-01	  -1.9365148869369461e-03	   8.9679833132327968e-02	  -1.7333091486197552e-01	   1.9431316382592140e-01	   7.5474982006406066e-02	   1.3904171812759869e-01	   1.3046238488618092e-01	   2.0004248592460086e-01	   2.8424911420945448e-01	   4.5269364832268663e-02	  -1.1908700952736395e-01	   2.4849360936700141e-01	   2.8922629803586214e-01	   1.1405138739301864e-01	   1.7384571896745024e-01	  -9.3940911097781812e-02	  -1.0960346933785298e-01	   1.6704389978336204e-01	  -2.3026805226535124e-01	   4.9490839652063551e-02	   9.2662680636677097e-02	   3.1689188739736318e-01	   4.0958972271327615e-01	   3.1206038166735872e-01	   4.8393472131669579e-01	   2.1511096554336095e-01	   2.1518305925233261e-01	   1.7858095001032104e-01	   3.6944979444607357e-01	   1.3935335820194572e-01	   1.9515961618650621e-01	  -3.4939375140613183e-02	   1.5162045264819290e-02	  -8.0720295336864714e-02	   2.0009081845674948e-01	   2.3786960018370557e-01	   3.8747826775255761e-02	   2.8199089105552556e-02	  -8.0532545923025015e-02	   7.7249015260748843e-02	   6.4222915304464723e-02	  -1.4133895754938613e-01	  -3.3368299885549513e-01	   2.1111718392932338e-01	   6.1446529736159140e-03	   6.5035240867242283e-01	   1.9462309554853968e-01	   3.0334853609363438e-01	   2.1215327925327443e-01	   6.7263489744205929e-01	   5.6242005977398613e-01	   1.1413129260556437e-01	   5.4555854166236942e-02	   9.4964111016458380e-02	  -8.2354642781892855e-03	   4.8858200534866010e-02	   8.4384068252852371e-02	   1.3188583581993407e-01	   3.5682939157456939e-01	   6.1092357913669515e-02	   8.1136227685378592e-02	   1.0273196470222376e-01	   1.8593297939579745e-01	  -8.2133602814946723e-04	   8.8535126526414584e-02	  -1.2951791704660259e-01	   2.3112127580415637e-01	  -1.2512565760019106e-01	  -9.4784649398545709e-02	   1.2648244555279056e-01	   3.8304627689940307e-01	   2.1624357077363771e-01	  -7.6803558489440732e-02	  -2.5373426005977312e-01	  -9.1185765765800356e-02	   1.2452150955298298e-01	   1.6405431166013024e-01	  -2.6367589362853543e-02	   7.4059312699573041e-02	
   2.6221556820029912e-01	   3.6177635670593788e-02	   1.4069820202282990e-01	   1.8439631384780281e-01	   8.4763465973810925e-01	   7.9159928099796462e-01	   1.3338580879031073e-01	   1.7201491607778785e-01	   7.9458548164794163e-01	   0.0000000000000000e+00	   6.9364769027731726e-02	   3.5239956876899037e-01	   3.0963695138903746e-01	   3.6196015263491721e-01	   5.6912257989821846e-01	   6.6972573359986254e-01	  -3.3397707117306402e-01	  -1.9359106411295063e-01	   1.6257429808711213e-01	   1.0994334426216334e-01	  -3.6749740257802244e-01	  -3.7058321473701206e-01	  -2.3116094111608136e-02	  -4.1178453177019243e-02	   6.0214273763772352e-01	   2.9524950109869297e-01	   3.5005485063583378e-02	  -1.8200856051584080e-01	   1.4306202015351013e-01	  -6.4645501193001401e-02	   1.9188839682737584e-02	   6.9137019704986299e-02	  -1.9466551101490301e-01	  -9.1385923833537386e-02	   7.7394349489591632e-02	   8.1461424223512297e-02	  -2.4471526930672661e-03	   8.7298809280760385e-03	  -6.7268272689000319e-02	  -2.1754970345873773e-01	  -6.6760115496204447e-02	  -1.4362725840764839e-02	   1.2444589305754906e-02	   5.3103910650106931e-02	   2.5723731864920961e-02	   7.7704405466585844e-02	  -6.2757515564014696e-02	  -1.3698008216174801e-01	   3.8679516308966370e-02	   7.4129662238098915e-02	  -5.1476545541139528e-02	   3.9388100975132789e-02	  -2.6593173119923963e-01	  -2.0225604508735490e-01	  -6.0611574781617154e-02	  -1.6356616102709917e-01	  -7.8722103795312443e-02	  -7.4177358576253988e-02	   1.6070917354622793e-01	   4.6349471814900914e-02	   2.0452984687634362e-01	   3.4005453184084466e-01	  -1.0107060080883015e-01	  -6.4570158294374236e-02	   2.0704127947563084e-01	   2.6528707354781034e-01	  -1.6694761911746402e-03	   1.0539190382363301e-02	  -1.1624268884995688e-01	  -1.1081945404841936e-01	  -1.2529711609663613e-01	   1.6297268391737335e-01	   1.5432596715449859e-01	   1.2518040142836044e-02	   5.5667590228424754e-02	  -1.6562933188796197e-01	   6.1234070066858867e-02	   1.4025990471670673e-02	  -1.5925007862683255e-01	  -3.2868656012054398e-01	   2.6456576961257125e-02	  -1.2835900452445373e-01	   4.0686097656232434e-01	   3.0134136668988350e-02	   1.0211882817567294e-01	  -2.9643811846877942e-02	   4.8979930246168601e-01	   3.2296234181894989e-01	  -1.4555503710447587e-01	  -5.5375649810393654e-02	  -8.2847029546659470e-02	  -1.2418341177913771e-01	  -6.3609825576174117e-02	  -4.0615710511957434e-02	   1.6407840546181660e-01	   3.9485424036937611e-01	  -4.7439473480412657e-02	   1.3802809452650261e-01	  -5.3707565708739538e-02	   2.0741389060166524e-01	  -1.5688314662317876e-01	  -3.9624501444441629e-02	  -3.1033316113465542e-01	   1.0260866612314279e-01	  -2.6156156379935819e-01	  -6.3207365864791754e-02	  -1.3752462965447243e-01	   3.3168653059768133e-01	   2.1023844587158474e-01	  -1.4578745437048160e-01	  -2.5724253044296702e-01	  -2.7210194063678649e-02	   1.6296455906779342e-01	   1.4980082871664932e-01	   1.2466752276348414e-01	   1.0654342035008874e-01	
   3.6212148880927880e-01	   2.9229880399040697e-01	   2.5940913913534636e-01	   2.0997207876456003e-01	   1.4973887241220024e-01	   4.3496533574317528e-02	   5.5203591009167796e-01	   2.6333892403711334e-01	   2.6059991759126588e-01	   6.9364769027731726e-02	   0.0000000000000000e+00	   4.7932090083256274e-01	   7.8481495064582063e-01	   5.4714948861421375e-01	   2.2840567551700997e-01	   9.4133326898291389e-02	   2.7529988942370415e-01	   2.3642077541418036e-01	   2.5169759282471749e-01	   1.9369600351772631e-01	  -1.6783211238110282e-01	  -6.2932622897482346e-02	   3.4099801533683541e-02	  -6.4128505928008034e-02	  -1.1771601400081957e-01	  -2.8855784877713142e-01	  -2.1209365247817971e-01	  -2.2540937384447485e-01	   3.5454736023597189e-01	   1.0286923324015773e-01	   6.2845125814914291e-02	   7.4397783223568409e-02	  -1.2894940678178723e-01	  -1.6942562328732674e-02	  -2.7666503188527419e-01	  -2.5255873135741813e-01	  -2.5480581447193934e-01	  -8.3868968295297025e-02	  -8.5944398048199963e-02	  -1.1058452704379459e-01	  -2.9917056973957556e-03	   5.7776189839823314e-02	   8.8773351633796627e-02	   1.6755542308151811e-01	   2.5498898788013935e-01	   2.3174150316937187e-01	   7.2972213276881071e-03	   1.8504633797026632e-02	   4.7338488325216355e-01	   4.5946411846221386e-01	   5.4184021392221693e-01	   4.8348021074310193e-01	   4.3774941806578666e-01	   7.4318142067697268e-02	   3.6034920568940004e-01	   1.3725676411473073e-01	   3.8618048453818932e-01	   3.9682160327571475e-01	   5.9268645096647732e-01	   3.8766298359147011e-01	   5.5247824446338889e-01	   2.9817618860982964e-01	   6.0244305623216288e-01	   5.1122191399600658e-01	   4.6839700349115922e-02	   8.1514131641829246e-02	   1.2649514320709587e-01	   5.8110880182400709e-02	   1.6042279874506066e-01	   1.1675508236522165e-01	   4.1476580868106622e-03	  -1.1358257636634991e-01	   2.7700637218462687e-01	   1.9556150407608297e-01	   7.5542284691665143e-02	   3.8056756377308798e-01	  -1.8994931907384435e-01	  -2.3135545213287950e-01	   1.5389495218411736e-01	   1.1593713790854014e-01	   1.8647136316879573e-01	   2.8200045756502357e-01	   1.6235300686808662e-01	   1.2260924202796999e-01	   1.1861484325437452e-01	   2.0559631382950136e-01	   7.3908879727153112e-02	   2.1546272213352285e-01	   2.2128885340756244e-01	   2.1846471727513564e-01	   7.9231325324039981e-02	  -5.6814069003996801e-03	  -1.2815141181607992e-01	   7.6347765313614951e-02	  -4.7477255989987260e-03	   5.2879329085469932e-02	   8.4202500148180176e-02	   1.7461198824102653e-01	   1.8434802906201891e-01	   2.7985993062172232e-01	   1.0032566292074577e-01	   3.4343617922736086e-01	   7.9119427366525885e-02	   3.2442315860005111e-01	  -8.9350654626054446e-02	  -6.0965876578665493e-02	   5.0704654235387690e-02	   2.4662709737388305e-01	  -1.0356059829366804e-01	   1.4511148398132195e-01	   1.0344398774983313e-01	   1.5655084353411530e-01	   2.2526915713054249e-01	   3.0924089470444516e-01	  -7.5072116228511288e-02	  -1.7677660117948038e-01	
   3.3355307293792247e-01	   4.0535808225609193e-01	   1.4110868603338700e-01	   6.5404302833485861e-01	   3.3913835709469276e-01	   4.7999271177793562e-01	   4.5546215611646268e-01	   7.2177027006903793e-01	   4.2970504072672000e-01	   3.5239956876899037e-01	   4.7932090083256274e-01	   0.0000000000000000e+00	   6.0260178755045712e-01	   9.5425032001488508e-01	   4.6742970649301285e-01	   4.4268809288200073e-01	   2.3284435246799023e-01	   3.9659514164263376e-01	   3.0318367306494542e-01	   4.6095261070021887e-01	  -7.8800530011875314e-02	   6.1552890110664366e-02	   3.0249383853759410e-01	   3.8357477988711086e-01	   1.5880256922995012e-01	   1.6837121571975083e-01	  -2.3651748376387513e-01	  -1.5567180422239413e-01	   6.1769756603434445e-01	   5.2239179331345742e-01	   4.3389469814334058e-01	   5.4503693319149860e-01	   3.6387075483258813e-01	   5.0222088004261445e-01	  -1.0909510623293403e-01	  -1.4171375543523684e-01	   2.4066579727043947e-02	   1.7585742797925591e-01	   1.1195520533004782e-01	   4.9783153022799981e-02	   2.6546497886053672e-01	   2.8093065057276079e-01	   4.5350886990144251e-01	   4.7162082460330307e-01	   5.5481117460181861e-01	   5.6140244302652464e-01	   3.6803191950922010e-01	   2.9321495047382701e-01	   5.6660995398591352e-01	   5.5032566577743514e-01	   4.5419148017296340e-01	   4.7011821855146385e-01	   3.1721919605088339e-01	   1.4923782913466743e-01	   3.7367177279997510e-01	   2.1506812557593302e-01	   2.7124653387128345e-01	   3.1857425124423755e-01	   5.1279281307162516e-01	   5.5387362320487077e-01	   3.9953778640484233e-01	   6.5776085443857135e-01	   5.1056768910862427e-01	   6.5389621464212810e-01	   9.2984006078124043e-02	   4.4099644034873148e-01	   3.5597568390082790e-01	   3.9993214013699718e-01	   1.1685398166787116e-01	   2.2932827889226359e-01	   1.1632736750870957e-02	   2.3276881445921638e-01	   4.9401905044645544e-01	   4.7607673658202054e-01	   3.2857847013365238e-01	   5.1174717148249604e-01	   4.5364260737870268e-02	  -4.2573241229151931e-02	   3.2364270264517281e-01	   2.6777237452045960e-01	   4.8958734669788539e-01	   4.7176440962968530e-01	   5.3778321131004325e-01	   4.8516380336341880e-01	   3.0050208059813510e-01	   4.2821987770713410e-01	   4.5533497403065948e-01	   3.1554350053495295e-01	   2.0009961110785168e-01	   2.0142692605251211e-01	   2.9571343814811712e-01	  -6.9536928389518360e-02	   2.4250303202390733e-01	  -3.9037582960437849e-02	   2.4878214483037467e-01	   2.6596649886953383e-01	   2.6865751769256990e-01	   2.8818665286363843e-01	   3.6556865279118789e-01	   4.4380562495557174e-01	   4.3195784376479018e-01	   1.5167730126966136e-01	   2.5514822981012347e-01	   3.2897411161117074e-01	   2.4873288189544013e-01	   2.1500769627260458e-01	   2.3696349611299539e-01	   3.0425473780123635e-01	   1.1826420807686945e-01	   2.1267365215155967e-01	   5.9849094158481983e-02	   3.2244615422764139e-01	   3.6401727000649881e-01	   3.9033545409212655e-01	   3.3898134183079975e-01	   3.6911721021139092e-02	
   3.8082728741941058e-01	   3.7405923567189692e-01	   4.9394557049965704e-01	   4.7692578764186738e-01	   3.8093778085618024e-01	   3.4607274004261940e-01	   7.5144483696322029e-01	   5.0878342396138521e-01	   4.6156836630390763e-01	   3.0963695138903746e-01	   7.8481495064582063e-01	   6.0260178755045712e-01	   0.0000000000000000e+00	   6.8887097444517076e-01	   4.9438331315607670e-01	   2.9074249371383354e-01	   1.3869416177772501e-01	  -8.6127434535610108e-03	   3.3026954990120144e-01	   3.2337187554778568e-01	  -1.2250092469707738e-01	  -1.5445281436430111e-01	   2.7066847483458445e-01	   2.2193152359345489e-01	   1.0576685588922626e-01	  -1.0104664913028133e-01	  -8.7409249860997670e-02	  -1.1600636610805440e-01	   4.0655802437799599e-01	   3.5797121032686882e-02	   1.1146103476826903e-01	   7.1963757115093160e-02	  -2.0609418948451040e-03	   8.2453454641288504e-02	  -1.1315653319073112e-01	  -2.8109933835593448e-01	  -9.5555730341462544e-02	   5.0719835352365836e-02	   1.7061638852474616e-02	   1.3673736222544463e-02	   1.1187683712136066e-01	   3.8180798164847256e-02	   1.9353244419274063e-01	   2.2303142863103942e-01	   3.5194066399196289e-01	   4.1236652094879755e-01	   9.1928301161948028e-02	   7.9764790445497308e-02	   5.0541737387132069e-01	   5.6866091673014418e-01	   5.9045821655262209e-01	   5.8599003985999865e-01	   4.1349669726674582e-01	   2.8741751458321513e-01	   5.0235520967769898e-01	   1.7121744264508443e-01	   3.3632594585014403e-01	   4.2656436755017618e-01	   5.4502122672594633e-01	   5.2730017364658965e-01	   6.6003193295832663e-01	   5.1248213266833798e-01	   6.0173974650357098e-01	   4.7902699607820287e-01	   3.3484507420533888e-01	   4.0231358397201966e-01	   3.2440600006886167e-01	   2.7137698496486651e-01	   2.6712574470978540e-01	   2.2811791403068546e-01	  -1.0346237037057818e-01	  -1.6881870703216720e-01	   3.8731489133687935e-01	   1.1223207186815259e-01	   2.4866565171957578e-01	   2.7815808451917456e-01	  -3.2252758402378873e-01	  -4.4288353230389804e-01	   1.6627817074587395e-01	  -5.0007245786052798e-02	   3.9541446423260329e-01	   3.7966775715913847e-01	   4.0472341490825953e-01	   2.2710800286223420e-01	   4.1247992034416670e-01	   4.1417732652888223e-01	   3.4024761016127364e-01	   4.1801247854768520e-01	   3.8110563211342807e-01	   3.1398600018836853e-01	   2.9396450401513252e-01	   9.0805552250111665e-02	   1.7441930305132158e-01	   2.3671714849745540e-01	   3.0142885644906453e-01	   3.0824026693625800e-01	   3.1058863238227941e-01	   3.8630700962147502e-01	   3.3058648617977660e-01	   3.6883402543683319e-01	   2.1960823062557908e-01	   3.8595976295922374e-01	   1.3578177706114425e-01	   3.6962553031993894e-01	  -4.9243722074749134e-02	   1.3362526142369299e-01	   5.6723709316138043e-02	   2.4457827739673865e-01	   2.1960622881309455e-01	   3.4754129489789615e-01	   1.5433538648319070e-01	   3.2856986064954019e-01	   4.2972572262540948e-01	   3.6696076119511734e-01	   8.3527185928005065e-02	  -4.7039632932933659e-02	
