   0.0000000000000000e+00	   9.7550865159673106e-01	   1.3454638638523999e+00	   6.4705434159880171e-01	   5.1263556026741386e-01	   4.5349632955988262e-01	   1.2787426780100302e+00	   6.4006250655810559e-01	   5.4337211837175059e-01	   6.0871119637697346e-01	   5.4269644249290838e-01	   5.1463048814220058e-01	   4.7212247779816363e-01	   5.9898184232565621e-01	   6.6656061022328195e-01	   5.5486785649911918e-01	   1.0829930613402334e+00	   6.7415205123505306e-01	   1.2501653128950660e+00	   9.7422177564930279e-01	   3.8898254405436311e-01	   1.7627130548145065e-01	   6.0762755297526139e-01	   7.2890766220597869e-01	   5.3585827197911451e-01	   6.3164677657560231e-01	   6.3051668012793483e-01	   5.0425087868480767e-01	   6.0124612345009809e-01	   2.8055111984710035e-01	   3.8038485758392782e-01	   3.6202009560663179e-01	   1.0835705609924646e+00	   8.6056640678625107e-01	   5.4471355513848507e-01	   3.9263104346953526e-01	   6.1367943428006211e-01	   2.6934340694536391e-01	   7.3890436088031863e-01	   5.4905232921938452e-01	   6.8412776905875772e-01	   2.0875018202933748e-01	   1.0147057383805576e+00	   8.8663928482840126e-01	   5.8534451362401518e-01	   4.8346417605839009e-01	   9.8758403707994391e-01	   1.0795229216623812e+00	   7.3241086710681380e-01	   5.9161546062347703e-01	   1.1254092239814923e+00	   8.6198454458710749e-01	   1.2291082231329691e+00	   1.2019617464206758e+00	   8.6416896948997324e-01	   7.9405115471102627e-01	   1.6771277206859552e+00	   1.0727888290455989e+00	   7.2868704671491480e-01	   5.8558738199920224e-01	   1.4974869419261865e+00	   6.7202417884627941e-01	   1.4382627682933899e+00	   8.3381510604678077e-01	   1.0500688888917609e+00	   6.1744250801312595e-01	   6.0734914011989649e-01	   6.4511578886116772e-01	   6.6483374484493996e-01	   7.4277398814957629e-01	  -1.1618705392516886e-01	   2.1910048744086386e-01	   5.5678330975197587e-01	   3.0179708851223286e-01	   4.9210011503236273e-01	   2.9227958599482262e-01	   6.7352712513738211e-01	   6.3165586504819948e-01	   8.8560448238243639e-01	   5.0849160309630270e-01	   1.1128953043615082e+00	   7.6973758244335255e-01	   8.5461228108749210e-01	   4.6873690308406141e-01	   1.1702365283102818e+00	   8.5289205142700564e-01	   9.4909975325390972e-01	   4.7627106576116696e-01	   6.9052943300544956e-01	   7.3385259275945658e-01	   7.2735857055167197e-01	   3.1422814763991658e-01	   2.4972165386217623e-01	   2.8368220116107884e-01	   2.7704021519691702e-01	   3.4357842539184467e-02	   6.3064131098078402e-01	   5.9475471895606147e-01	   8.5021885909881156e-01	   8.8859699411040771e-01	   3.5719771066542805e-01	   3.1402686867655211e-01	   3.7346469797338239e-01	   3.5555787389091392e-01	   4.4686166664182625e-01	   1.5999112671479707e-01	   2.9418440491603171e-01	   1.2040417476701470e-01	   1.7045537464990240e-02	   4.2871509491916537e-01	   6.9535102810945382e-01	   7.6114163283716074e-01	   7.3025966571101486e-01	   4.6231949233240283e-01	   4.3421469740521351e-01	  -1.3204558500979580e-01	
   9.7550865159673106e-01	   0.0000000000000000e+00	   8.8232282268108309e-01	   9.3645188145491953e-01	   5.6759913707291276e-01	   5.2264729013287292e-01	   8.3875667528387887e-01	   8.8192688805442887e-01	   5.5004586244962339e-01	   5.2428664159807825e-01	   8.5916930546649084e-01	   8.8509335082994145e-01	   8.4925486482555523e-01	   8.0273295291623703e-01	   9.4324634380895445e-01	   5.2187854141530909e-01	   1.1334523680747692e+00	   1.1153177516505963e+00	   1.1486605659837847e+00	   1.3540736782465082e+00	   3.7174960838351040e-01	   1.1837712732174427e-01	   9.1756265608016019e-01	   8.6937973333190544e-01	   4.6842446354187062e-01	   4.7311748437140233e-01	   5.8814479056663849e-01	   3.7751690946381095e-01	   8.1120141262079093e-01	   6.2940894632122180e-01	   6.0456342157909715e-01	   5.7073559491584003e-01	   9.3663541221015267e-01	   1.1348185999025184e+00	   4.3199604751379983e-01	   3.7503402556741028e-01	   6.4830240700470509e-01	   4.5621413067294869e-01	   7.2907571541567473e-01	   6.4362676966809773e-01	   6.1321829800380223e-01	   4.4250151056320153e-01	   7.3525131462796944e-01	   7.8497822046094923e-01	   5.4411035490773596e-01	   6.0079643644993974e-01	   9.0608465141308203e-01	   8.7892576948122580e-01	   6.2090012985472343e-01	   7.1030097235311418e-01	   6.8006140273559423e-01	   6.9314828415329288e-01	   1.0491301670821063e+00	   7.3797559727464146e-01	   8.9816404455350740e-01	   7.0689018312010155e-01	   9.8963796632888779e-01	   1.3906560704133133e+00	   6.6345763986272421e-01	   5.9451546109903908e-01	   7.4547415885052415e-01	   7.6974771590720292e-01	   8.1114879289702513e-01	   1.0803349381241825e+00	   5.4828065253182612e-01	   5.6737057721663564e-01	   5.6816676294166846e-01	   6.1671895145317235e-01	   6.3472353515603874e-01	   5.2985330946803921e-01	   2.3997781062329304e-01	   4.1028910736058211e-01	   7.8476838976812702e-01	   7.3667909842771606e-01	   7.4671107548218185e-01	   7.1498532949151472e-01	   1.0730808235354086e+00	   1.0203462533029790e+00	   1.0583866802605153e+00	   7.5744337507263071e-01	   1.1107420511539750e+00	   7.9090828781400080e-01	   7.3125816835855995e-01	   5.6731057323805545e-01	   9.7977063446718216e-01	   4.7365919274749252e-01	   6.9069456210977809e-01	   5.6430002836735860e-01	   6.8199407008957380e-01	   4.3081911320213817e-01	   4.9937659435997528e-01	   1.1427896586471029e-01	   1.2575770472843939e-01	   1.4069047594440975e-01	   2.9199768771335416e-01	   1.1786994441940976e-01	   8.0813441255694907e-01	   6.3517825172563402e-01	   8.4795821975606134e-01	   8.1759245909615397e-01	   1.2581953432050152e-01	   1.6639473824404402e-01	   2.1301337970732617e-01	   2.4635102059363970e-01	   3.4688568192443037e-01	   1.2755322269149516e-01	   2.2169855279869946e-01	  -4.8043836811120261e-02	   9.9151610082436142e-02	   3.8655975895368949e-01	   7.0542662019169766e-01	   9.0253590623133984e-01	   7.8815709312742077e-01	   4.5070541808011483e-01	   3.1967582961027496e-01	  -9.8381159151421455e-02	
   1.3454638638523999e+00	   8.8232282268108309e-01	   0.0000000000000000e+00	   8.5675168340566055e-01	   7.5250868537475024e-01	   6.5120328763695634e-01	   1.8295201989071030e+00	   9.0847388480451952e-01	   8.0433032559404150e-01	   7.6512409382717772e-01	   5.2501217344753748e-01	   5.3112786018636515e-01	   5.8019053214068173e-01	   7.4226564034691411e-01	   8.8132410347152634e-01	   7.1978920749778275e-01	   7.1717447208271734e-01	   5.2984431863284875e-01	   1.1064485178000070e+00	   8.8438269152342130e-01	   4.9363239732532460e-01	   3.2771639718170503e-01	   8.1999560104921954e-01	   8.9966483094348171e-01	   6.9622677653303944e-01	   7.8714023986076354e-01	   7.1039025522812638e-01	   5.6791046947334611e-01	   5.0585508309013505e-01	   2.5612939219564984e-01	   5.4708753330290560e-01	   4.9632614465552177e-01	   1.1786654394226246e+00	   9.2752497320460492e-01	   7.8559694202831565e-01	   6.1706737155643765e-01	   6.3549252192458405e-01	   3.2380162972505583e-01	   7.6634092360409733e-01	   5.7638448873307846e-01	   6.9971481698008409e-01	   3.3935599636941460e-01	   1.0671235117382711e+00	   7.7419680888109765e-01	   6.5167534612147737e-01	   4.6383908350809488e-01	   9.8428107331999171e-01	   9.6902515191245708e-01	   8.8843934655218315e-01	   6.2050067018504318e-01	   1.1893269335682761e+00	   9.5705627850627784e-01	   1.1047596311911621e+00	   1.0490731563496434e+00	   8.9681610970548875e-01	   8.1987096135489690e-01	   9.9587978914492625e-01	   8.1772866690708557e-01	   9.2028972957360533e-01	   7.5012510458215786e-01	   1.3210239889197863e+00	   6.9196306662910578e-01	   9.2935074342209156e-01	   6.6962352569867911e-01	   9.6254926439354749e-01	   5.6710701618804371e-01	   8.8085884512698664e-01	   8.1358682917853387e-01	   7.5170540472767677e-01	   9.6823304554330891e-01	  -3.1101742072472616e-02	   3.9940873579716130e-01	   5.3221738156050469e-01	   2.9559310359679869e-01	   4.5900747668723252e-01	   2.9254873703483453e-01	   6.0402988562701065e-01	   5.7115291444276639e-01	   5.5099543859788069e-01	   3.7388736250745086e-01	   7.8298313243532236e-01	   5.9837100921510500e-01	   1.1609124412565603e+00	   5.5642578493722117e-01	   1.1216680170942870e+00	   8.3821723393370595e-01	   1.0385401746188472e+00	   4.0068592479354359e-01	   7.7907247409322733e-01	   9.1416222073045406e-01	   9.7431375621339589e-01	   5.4677085074681286e-01	   4.4207515874221803e-01	   4.7807799802832252e-01	   2.7929232454697411e-01	   2.4642517978457484e-02	   6.2069984527759903e-01	   4.7060203649281002e-01	   1.0331500123051853e+00	   1.0430006478454341e+00	   5.5257758015895275e-01	   4.9610785583757755e-01	   5.8003249461101491e-01	   5.7218571699983856e-01	   6.2779067002473932e-01	   3.3063311509051962e-01	   3.5009148820728525e-01	   2.3708767691346644e-01	   2.7205816436853544e-02	   3.0817578986456090e-01	   6.4837481475905745e-01	   8.0480178201883046e-01	   8.9879541002228303e-01	   7.0965560922828030e-01	   6.0937664621854359e-01	  -1.3091060557564493e-01	
   6.4705434159880171e-01	   9.3645188145491953e-01	   8.5675168340566055e-01	   0.0000000000000000e+00	   7.7466388662665076e-01	   8.6229225806259757e-01	   7.9440332488270471e-01	   1.4670358813227597e+00	   6.5312049210191936e-01	   8.0166267651181466e-01	   5.9020839370618883e-01	   8.4511363449035770e-01	   5.8130002726413998e-01	   9.2030109081199973e-01	   9.2606748044398512e-01	   8.3315134150603465e-01	   4.4616948198477391e-01	   4.8116821181337394e-01	   8.0466194867024443e-01	   7.9192253602335161e-01	   5.0352186064108517e-01	   4.1317088819425579e-01	   7.6908369886521877e-01	   9.2730980106259886e-01	   5.0163551135206608e-01	   6.2547694664398157e-01	   6.8301806712678159e-01	   4.7021943656729009e-01	   4.4982096766721447e-01	   4.7969712009794108e-01	   6.6858967236631839e-01	   6.8365611619393885e-01	   8.8602587802290822e-01	   9.3087490550948926e-01	   7.0443046356355365e-01	   6.9853552350081283e-01	   5.7684469302068841e-01	   5.3100561846001759e-01	   6.8234095389260552e-01	   6.7220925566493672e-01	   6.3414908689738569e-01	   6.5690325292305940e-01	   6.8909615039253647e-01	   4.9312877209729400e-01	   5.2479847700373083e-01	   4.2149462573533164e-01	   7.6620940786902825e-01	   6.4921316639825044e-01	   6.9928000667867218e-01	   6.7844626460398127e-01	   7.9741558225382680e-01	   7.7964755243250139e-01	   8.4538516441420164e-01	   4.7652680624740751e-01	   8.0806136007735219e-01	   6.6676879863910588e-01	   5.4710976676999801e-01	   6.7481958363130090e-01	   1.0177038650762331e+00	   1.0432859595576265e+00	   6.5203806200147119e-01	   8.5843315330694969e-01	   4.5268477390229167e-01	   5.6378639489214633e-01	   4.9172701734281210e-01	   7.2172803211416092e-01	   1.0537938493302412e+00	   1.0365248819490420e+00	   7.0537049874602209e-01	   5.6276375985636606e-01	   2.8423581293960964e-01	   5.2122201757300157e-01	   4.9199516532350318e-01	   5.8453870046467626e-01	   4.2772427663834656e-01	   4.9891523252297409e-01	   6.9088081820997227e-01	   7.3181867557476143e-01	   4.2702914370496153e-01	   3.7352748946644415e-01	   5.8598387797290619e-01	   5.7102497024979515e-01	   8.6605539436960588e-01	   8.2606051358064758e-01	   7.3962316778099402e-01	   4.7949522383330240e-01	   5.8928582265343588e-01	   5.6895976710983764e-01	   6.4589140783057575e-01	   6.3124346262844999e-01	   7.5286220464058351e-01	   4.1944176606348055e-01	   4.1971269346523360e-01	   3.5387600668136254e-01	   4.3736111303541603e-01	   1.9831793417779145e-01	   6.7916326489327228e-01	   4.5362384192629335e-01	   9.3072918312222308e-01	   7.7591918706975282e-01	   5.2807402018191085e-01	   4.0867867151672688e-01	   5.7310677547341582e-01	   6.0270595422001350e-01	   6.3004655178912017e-01	   3.7743893745745433e-01	   4.8052892064432057e-01	   3.2443192716690672e-01	   2.7713248859226997e-01	   3.4978027419035068e-01	   4.9646441919902190e-01	   7.6504737925367794e-01	   8.6118949104999731e-01	   6.3905197212922404e-01	   5.1596555634616614e-01	  -2.7158480409886589e-02	
   5.1263556026741386e-01	   5.6759913707291276e-01	   7.5250868537475024e-01	   7.7466388662665076e-01	   0.0000000000000000e+00	   1.3945808496390852e+00	   7.0446651748529154e-01	   7.9200404832031013e-01	   1.6264958368827866e+00	   8.0638798398368638e-01	   2.9413004305005336e-01	   4.0364558787956301e-01	   3.6345789575984894e-01	   5.5163310996925685e-01	   9.3431142545589752e-01	   7.6442928595054871e-01	   2.9461645969589256e-01	   2.2086320052567915e-01	   6.0454492961544670e-01	   5.2224295472884097e-01	   8.0699665506430396e-01	   5.7300404410670436e-01	   5.6215136456432735e-01	   6.9572245610494488e-01	   1.4342875805676909e+00	   1.0985394389950955e+00	   1.3373807232471757e+00	   8.8405613702087171e-01	   1.6666856529419169e-01	   3.3345261020642128e-02	   5.3751444490134948e-01	   4.2336349684527286e-01	   6.6034051403602012e-01	   5.3217878655896211e-01	   7.3499724735869698e-01	   6.4022023905281045e-01	   6.8964740106386635e-01	   4.3219650403525284e-01	   7.7167855640313177e-01	   5.3973882947367025e-01	   6.9362474570454513e-01	   4.9214309580210658e-01	   5.8262493820754091e-01	   2.6439640082210164e-01	   4.4864455985323720e-01	   2.8608445013099310e-01	   6.4779213171224659e-01	   5.1619154263850420e-01	   6.3796038435549629e-01	   4.9071479534973794e-01	   7.5130827545970147e-01	   6.7282376059893090e-01	   6.7515491853799514e-01	   3.6345182495524220e-01	   9.2047142235051360e-01	   5.7740628869496813e-01	   5.1828631775061695e-01	   3.9581951123667958e-01	   9.2044668233386862e-01	   9.1942485750615410e-01	   6.4983068401777622e-01	   5.6665108381485751e-01	   3.9738407199816933e-01	   3.4194468463611383e-01	   5.3806023697660632e-01	   7.1697775888394899e-01	   1.0707945718998011e+00	   7.3016589450506719e-01	   8.2990441643376522e-01	   5.4555446674837049e-01	   1.0152033280529824e-01	   4.7435654560147317e-01	   1.9854922950383094e-01	   1.6887694920914925e-01	   1.1710562165453683e-01	   1.2690583404936906e-01	   4.1077820794619058e-01	   3.4178217106177983e-01	   1.6470775952281341e-01	   2.9620168449072809e-03	   4.3644641745678459e-01	   3.0935082952744880e-01	   1.1781221143130660e+00	   6.6863001020051616e-01	   8.0240141935397213e-01	   4.9682804654587276e-01	   8.1360778510098564e-01	   4.7726829492420703e-01	   1.0574324884294684e+00	   6.8272002080474237e-01	   9.7607334121387623e-01	   7.0478614286775909e-01	   7.5278527006608231e-01	   6.7836750960652292e-01	   1.4537684253623839e-01	  -9.1655487525584278e-02	   5.4966183827324933e-01	   1.3467141133649929e-01	   9.7873468226648919e-01	   5.9472070959591017e-01	   8.0982730983391504e-01	   7.0644228238410089e-01	   8.8063761689972175e-01	   9.0626692442874757e-01	   9.1325375397891428e-01	   6.5028932804476158e-01	   6.8261043516360587e-01	   4.5729657591399753e-01	  -2.6304639766625022e-02	  -8.2019465457874776e-03	   5.3459065186563359e-01	   7.0848918881517531e-01	   7.3150967706914771e-01	   8.0431073471264458e-01	   6.3660252138218909e-01	  -1.1405613419285575e-01	
   4.5349632955988262e-01	   5.2264729013287292e-01	   6.5120328763695634e-01	   8.6229225806259757e-01	   1.3945808496390852e+00	   0.0000000000000000e+00	   5.9972721122868466e-01	   8.8668250337830101e-01	   1.1763347296852262e+00	   1.1562008139214737e+00	   2.2444948309320045e-01	   4.7150540082984393e-01	   2.8721930163417608e-01	   5.3508891713436424e-01	   7.7532587613306891e-01	   9.3274165530620712e-01	   2.3368158257046329e-01	   1.8747633043543382e-01	   4.9450913864997487e-01	   4.4043361574805284e-01	   6.1262401582035864e-01	   5.1659635871776399e-01	   5.0017936896884352e-01	   6.7733613619949717e-01	   9.9695091356808030e-01	   9.9593692189347538e-01	   1.0446424734419382e+00	   7.8783668410919538e-01	   1.2417991778614414e-01	   8.6079542786392432e-02	   3.9256053889960629e-01	   3.2388857116454628e-01	   6.4534271029918377e-01	   5.1593157496311781e-01	   7.2702238796092167e-01	   6.4492282550910451e-01	   6.0317007752289997e-01	   4.6787175178670343e-01	   7.1414456003172644e-01	   5.7940740587719897e-01	   5.0377764059145913e-01	   4.9669763380634330e-01	   4.6597588573233439e-01	   2.0629797436629649e-01	   2.8520111138952048e-01	   1.6754713047267150e-01	   5.3952270961291227e-01	   4.4505882916855161e-01	   5.5345399333266321e-01	   4.4479812996528401e-01	   7.2295081627993940e-01	   6.0041247005683873e-01	   6.2512800277137892e-01	   2.9289052855181702e-01	   7.4017431639840059e-01	   5.9952308768391227e-01	   4.3797721033898579e-01	   3.6109742873681216e-01	   8.1644092962118453e-01	   8.9389832659450630e-01	   5.0227087115730007e-01	   5.1959265742665417e-01	   2.8395614672804137e-01	   2.6615042062050587e-01	   4.6274660188847394e-01	   6.8810909881358640e-01	   1.0350762186145512e+00	   7.3968827005119941e-01	   7.4145234228993606e-01	   5.4551980111398068e-01	   3.5620684165380501e-02	   3.5134381454338914e-01	   1.1309734912823811e-01	   1.5346187313596604e-01	   4.4754329283929750e-02	   1.1853417954952424e-01	   3.2584790065856212e-01	   3.1415116476684424e-01	   1.6821420857683173e-01	   4.8400411451150274e-02	   3.2610487183814840e-01	   3.2190072530083147e-01	   9.1034466579467344e-01	   7.4258247381299392e-01	   6.3105906204819362e-01	   4.9668252861196471e-01	   6.7252585309274071e-01	   5.7208747408647598e-01	   8.4502669864670521e-01	   7.9460778683384981e-01	   8.8495723370696011e-01	   6.1785373431471968e-01	   7.2103311321985697e-01	   5.7594817357889783e-01	   2.5590323222089456e-01	   4.7277948558999999e-02	   4.9674774975082037e-01	   2.1995816270377860e-01	   7.8081643013643054e-01	   5.5006888830083245e-01	   6.8456014045502933e-01	   5.3818688172092699e-01	   6.5178025430591635e-01	   7.7833922919638099e-01	   7.7850633553988557e-01	   5.4617735257966449e-01	   6.8793372656802654e-01	   5.4581426958925172e-01	   1.5229695629517082e-01	   1.2277346795831647e-01	   5.1452797078932577e-01	   6.3122162945124705e-01	   7.3216629603366679e-01	   7.4644173765999178e-01	   5.9353222973146014e-01	   4.2737256739078355e-02	
   1.2787426780100302e+00	   8.3875667528387887e-01	   1.8295201989071030e+00	   7.9440332488270471e-01	   7.0446651748529154e-01	   5.9972721122868466e-01	   0.0000000000000000e+00	   9.6179382760696952e-01	   7.2682866110514599e-01	   6.9381432189018633e-01	   5.9562999214568813e-01	   5.8131065177124719e-01	   5.7474731191746387e-01	   7.5427380936893862e-01	   8.2846495692232747e-01	   5.9749152309706399e-01	   7.8602236409074344e-01	   5.8411891049688891e-01	   1.0755699658259708e+00	   8.8935167187387565e-01	   4.0785328420536798e-01	   1.9856780149160402e-01	   8.1788274506722913e-01	   9.3931654101438422e-01	   5.9752504885962121e-01	   6.0958829180184748e-01	   5.9263990642095499e-01	   4.0804903847790058e-01	   5.4146315188948924e-01	   2.6867076950246382e-01	   5.1029403936053108e-01	   4.7227458256049981e-01	   1.0663429619354940e+00	   9.0715487692192798e-01	   7.3675920893435509e-01	   6.1894113448366328e-01	   5.2229648778697768e-01	   2.4522445461140102e-01	   6.3151091874875731e-01	   4.5426677306692964e-01	   6.3053576193147665e-01	   2.5095642268144952e-01	   9.3786873763484757e-01	   7.6333977623115701e-01	   6.1706848606456244e-01	   4.6288124137047137e-01	   9.3554841170489222e-01	   9.7736427198182974e-01	   8.1180998743979593e-01	   5.8751032953652349e-01	   1.0947196636407250e+00	   9.6363339350543376e-01	   9.9877983686826433e-01	   1.1028307643990432e+00	   7.4763165752348071e-01	   6.7519878066040895e-01	   9.2571888464530894e-01	   7.5216294141032580e-01	   8.2824347600498294e-01	   7.2430877635588797e-01	   1.2812356952535162e+00	   8.0553646025911729e-01	   1.0783954884826883e+00	   7.9674307821278334e-01	   9.1485340608276999e-01	   5.7623508148579239e-01	   8.6559142281507728e-01	   7.8914238301689199e-01	   7.4385330516817227e-01	   8.0316060503942599e-01	  -2.2026514292204955e-02	   3.7696647858725418e-01	   5.4798053151883230e-01	   3.1816981687038481e-01	   4.7871104781444013e-01	   3.2692304643809722e-01	   6.1913882250138352e-01	   5.7500980024296833e-01	   5.8053929389719705e-01	   4.1989627392715262e-01	   8.6529620032593768e-01	   6.7871307801714009e-01	   1.0067376956677505e+00	   4.9369026046126896e-01	   1.1205671722557911e+00	   8.5091778069808377e-01	   8.6095885681576512e-01	   3.0938312658410538e-01	   6.7783124179912846e-01	   7.7551384261946565e-01	   9.0841101448369710e-01	   5.3235512567098320e-01	   4.0065231281831964e-01	   4.4940600774774442e-01	   2.6364933930295797e-01	   6.7359745762175715e-03	   5.8682055022857971e-01	   4.2277579270074117e-01	   9.4968927657478130e-01	   1.0286238494878979e+00	   4.9149563957385167e-01	   4.6312418479287704e-01	   4.9101069933453756e-01	   5.1684415614373236e-01	   4.9218192407772776e-01	   2.4065991713982249e-01	   3.1919690994771599e-01	   1.7793667191093576e-01	  -7.6039341428581165e-03	   3.4520649917826307e-01	   6.4325091901230913e-01	   7.7545796942029244e-01	   8.6305481725037392e-01	   6.5884608700360536e-01	   5.1783197698608974e-01	  -1.8024351415120954e-01	
   6.4006250655810559e-01	   8.8192688805442887e-01	   9.0847388480451952e-01	   1.4670358813227597e+00	   7.9200404832031013e-01	   8.8668250337830101e-01	   9.6179382760696952e-01	   0.0000000000000000e+00	   7.1109854334698308e-01	   8.2454475557917994e-01	   6.1247767536274689e-01	   1.0016806365942661e+00	   5.6696882307194740e-01	   1.0895219904463949e+00	   8.9319198289519575e-01	   7.0557648228924086e-01	   4.7477467846770460e-01	   5.8276250953387054e-01	   8.3954865556861002e-01	   7.8320204332600385e-01	   3.7569088687418051e-01	   2.5141603942031698e-01	   8.4339881043085119e-01	   1.0875805636570348e+00	   5.2140682809976413e-01	   5.4757597470986008e-01	   5.9719911957497673e-01	   3.2108091217190199e-01	   3.8090720275749834e-01	   4.3730033292782783e-01	   6.1323231144962342e-01	   6.3300207723617652e-01	   9.7466638546580253e-01	   9.9314409812754234e-01	   8.2227759469878103e-01	   8.4213182601159009e-01	   4.9336601200101615e-01	   4.9382044294447469e-01	   5.8616114842084932e-01	   6.3589279510734764e-01	   4.1684354814484942e-01	   5.8989575733822774e-01	   6.6550891543702861e-01	   4.5438603475716921e-01	   4.7133317257154600e-01	   3.2379535511316793e-01	   7.5999088110240332e-01	   6.6499831490448436e-01	   6.3574430685333772e-01	   5.6620700396005219e-01	   7.9906448496053251e-01	   7.7928156849808805e-01	   8.3658231118655624e-01	   5.4788129534173424e-01	   7.2367826522409473e-01	   6.7530676370650078e-01	   5.0776138421720085e-01	   5.9028433705305705e-01	   8.3566374828051238e-01	   8.6339352474116959e-01	   5.9387121657092024e-01	   7.8441384409386072e-01	   4.9552357952877435e-01	   5.9315544314134994e-01	   5.2630713806404428e-01	   6.4730557591731885e-01	   1.1264442889951531e+00	   9.7941853222172559e-01	   7.4081554723975729e-01	   6.4802813100545398e-01	   1.4876916760831965e-01	   5.1589877695640574e-01	   4.7467837160112303e-01	   5.9220057109768887e-01	   4.4731190196451337e-01	   5.1236482298519681e-01	   6.4451405111162752e-01	   7.0315333956169201e-01	   4.1741927453145378e-01	   4.3874430766514461e-01	   5.8761439222114509e-01	   6.5821695285073500e-01	   8.3490132541167528e-01	   7.6482710234836193e-01	   7.9823325428891012e-01	   5.7868852406699445e-01	   6.0538280105970743e-01	   5.1832091210286169e-01	   6.2837142443691740e-01	   7.1231585305303458e-01	   8.8024492834331214e-01	   5.2515455492771523e-01	   5.0509720720863915e-01	   4.6667517178080031e-01	   3.5425225500607449e-01	   1.4627043492054878e-01	   5.6606022835371239e-01	   3.6532738674523080e-01	   8.8886331681696107e-01	   7.8179644146197813e-01	   4.9198441940094551e-01	   4.8556041723326504e-01	   4.9959625037996325e-01	   6.4257211140719217e-01	   6.0216862657853887e-01	   4.2265045155328451e-01	   4.0916944542174732e-01	   2.8702260181502598e-01	   1.5009384043296525e-01	   2.8312357734650095e-01	   5.4081368556756337e-01	   7.8422204597309852e-01	   9.2103095975468408e-01	   7.4921605635080890e-01	   5.9315747069775060e-01	  -2.6532159142718999e-02	
   5.4337211837175059e-01	   5.5004586244962339e-01	   8.0433032559404150e-01	   6.5312049210191936e-01	   1.6264958368827866e+00	   1.1763347296852262e+00	   7.2682866110514599e-01	   7.1109854334698308e-01	   0.0000000000000000e+00	   8.6857655157595381e-01	   3.0102219239082745e-01	   3.7165542009235414e-01	   4.4702045543040980e-01	   5.3688636023626812e-01	   1.0425353761450689e+00	   6.7114500497741225e-01	   3.3367611153270610e-01	   2.4075087301901932e-01	   6.7623055410419186e-01	   5.7338810579421118e-01	   7.0011993729482513e-01	   4.7789052165375145e-01	   5.8762009683370486e-01	   6.5573952944080793e-01	   1.4137797437485251e+00	   1.0845673985228670e+00	   1.1956170604450675e+00	   8.7694402022540585e-01	   1.6703530024084667e-01	   1.7198703467999111e-02	   4.6030724319077509e-01	   3.3774968615805384e-01	   7.0764419624480168e-01	   5.0535727453830881e-01	   7.4523020062258327e-01	   6.3171565378785621e-01	   8.2731547923188975e-01	   4.8806443863630489e-01	   9.0369639127682189e-01	   6.0967943742364705e-01	   6.6563379835345216e-01	   5.4082454117209888e-01	   5.3139567473243732e-01	   2.3931196176647751e-01	   3.3111454515392125e-01	   2.2097549454742554e-01	   6.2156529194492172e-01	   4.7331482138486419e-01	   5.2744309285520652e-01	   4.0166841119796742e-01	   7.4861718905696173e-01	   5.8776790873618390e-01	   7.5066872357116332e-01	   3.8441121447632309e-01	   9.6767972846029604e-01	   5.8135882885853862e-01	   5.5955938239862046e-01	   3.7146372702477243e-01	   7.8428893404537259e-01	   7.4760904198288458e-01	   6.7089013026844757e-01	   4.9960724444414806e-01	   4.2535335301736088e-01	   2.9288919731891938e-01	   6.8779240897561478e-01	   7.3162300457229978e-01	   9.7549893708018576e-01	   6.2820118448413920e-01	   9.4654640012771174e-01	   6.1418694962740006e-01	   3.1838593259699011e-02	   4.4476489070535941e-01	   2.0409767851906768e-01	   1.6443215163605146e-01	   1.7905939494083237e-01	   1.5683335798188247e-01	   4.1289682272721490e-01	   3.3377825693899588e-01	   2.1970803170341277e-01	   3.8178981775626133e-02	   4.5898728755259494e-01	   3.1090971820147850e-01	   1.2852413276329300e+00	   6.6443292070693905e-01	   9.1053691840937290e-01	   5.2887512123459479e-01	   9.0418249327485922e-01	   4.7946149856417308e-01	   1.1490828418999699e+00	   6.9791557109640190e-01	   1.0714532149125984e+00	   7.4139177715929772e-01	   8.4623123043033410e-01	   7.8102097851481411e-01	   2.0763936374229638e-01	  -7.1911489714503410e-02	   5.7229027004969946e-01	   1.1420071742154175e-01	   9.2558249532997583e-01	   5.3016399504734313e-01	   7.5549848634612815e-01	   7.4988836626285549e-01	   7.4672598481118013e-01	   8.3726332905932144e-01	   8.5484819100790799e-01	   6.9128936646591010e-01	   6.4948945711203876e-01	   4.1188183755498498e-01	  -1.8491999288980855e-02	   4.1509412875781609e-02	   5.9382181229876274e-01	   6.8943272574287462e-01	   6.9903736356336321e-01	   8.6642420181039237e-01	   7.4240749359902236e-01	  -6.6162171362686581e-02	
   6.0871119637697346e-01	   5.2428664159807825e-01	   7.6512409382717772e-01	   8.0166267651181466e-01	   8.0638798398368638e-01	   1.1562008139214737e+00	   6.9381432189018633e-01	   8.2454475557917994e-01	   8.6857655157595381e-01	   0.0000000000000000e+00	   4.0729697399684311e-01	   6.3551463213631831e-01	   3.3089852688704202e-01	   6.5974503758189784e-01	   6.8553078158875780e-01	   1.0667024907050242e+00	   3.0421733526958494e-01	   2.9674464585864846e-01	   5.3751937473606048e-01	   4.1394269370318759e-01	   5.3062566021153712e-01	   4.9282909222661198e-01	   5.7186927450073832e-01	   6.9078029283342168e-01	   7.2665608136825255e-01	   8.1336068264640871e-01	   8.5713085630792296e-01	   7.8255095977647660e-01	   1.7237180081022491e-01	   1.7442731703805053e-01	   3.3432377494273685e-01	   2.9070927778437228e-01	   7.2488624979338823e-01	   5.4551091826595299e-01	   5.9552867957562927e-01	   5.1530084289205880e-01	   5.1994157830625498e-01	   4.8266237515229926e-01	   6.9780121053427224e-01	   6.1512076088977263e-01	   4.6644895820451848e-01	   4.2840282232047755e-01	   4.7685860977460526e-01	   2.7926672694886934e-01	   2.1212773585892183e-01	   1.4977032029506321e-01	   5.5364675462409474e-01	   4.8674987740846543e-01	   4.8040637820863452e-01	   4.6205024325839594e-01	   7.7646403061309044e-01	   7.4583292193224626e-01	   7.2924516240318038e-01	   4.4372279336534726e-01	   6.6434941075364451e-01	   6.7319464102695781e-01	   4.9190771174542469e-01	   4.0976714455329249e-01	   7.8465406375756108e-01	   6.8971042088701462e-01	   5.3885206711408018e-01	   5.4896589303290211e-01	   4.0062748204192367e-01	   3.5281878264156219e-01	   5.9054303400549191e-01	   7.6534880847283704e-01	   8.1027941847137974e-01	   6.6991588561734650e-01	   6.2633863531067491e-01	   6.6196498784856694e-01	   7.1321274162851084e-02	   3.7887692181723398e-01	   1.8303998998945803e-01	   2.1995583087296403e-01	   1.7668620769304588e-01	   1.9381056457606782e-01	   3.5957515857827715e-01	   3.7343396890826946e-01	   2.8127304982588119e-01	   2.3314605381612194e-01	   4.2693054740325187e-01	   5.0619434276271291e-01	   8.1797779156657924e-01	   6.9262067051173315e-01	   7.2121081087967465e-01	   7.5565972420002758e-01	   7.0751053337191794e-01	   6.7856644384600939e-01	   6.5446045221304983e-01	   1.0045529342621722e+00	   8.5262215881721570e-01	   6.2161994909224227e-01	   6.7009994372782788e-01	   6.1097034270255857e-01	   3.5355417106771947e-01	   1.5363176715221857e-01	   4.7187204057516874e-01	   3.3637938930541439e-01	   6.0982890332082706e-01	   5.5885201120496231e-01	   6.1748014026910725e-01	   5.6758321824385316e-01	   5.2030360805140341e-01	   7.2975010895925985e-01	   6.8085548447251076e-01	   4.7063272163864689e-01	   5.1038512605370345e-01	   5.4236462287602349e-01	   2.6470478561753819e-01	   2.5998666135576348e-01	   4.8655618698942560e-01	   6.1738219470500222e-01	   7.7049353155911471e-01	   8.4312533912170895e-01	   7.4950011706841402e-01	   9.0811896279378163e-02	
   5.4269644249290838e-01	   8.5916930546649084e-01	   5.2501217344753748e-01	   5.9020839370618883e-01	   2.9413004305005336e-01	   2.2444948309320045e-01	   5.9562999214568813e-01	   6.1247767536274689e-01	   3.0102219239082745e-01	   4.0729697399684311e-01	   0.0000000000000000e+00	   9.7676580885281217e-01	   1.1579767238981473e+00	   8.1076810520220133e-01	   7.1540738005066140e-01	   4.6068946064380278e-01	   8.5656194127895091e-01	   1.1099646169361641e+00	   6.2830963496454262e-01	   7.4879180297787651e-01	   3.5632981258762897e-01	   2.6054784470914200e-01	   1.0335966254340510e+00	   8.6305280797031081e-01	   1.9184711236277008e-01	   1.9879893854315706e-01	   3.3178203971925246e-01	   2.2361110411459093e-01	   1.0488151251689444e+00	   1.0313256632906485e+00	   8.5651136929433025e-01	   7.6807840527990245e-01	   6.2614246206733382e-01	   8.9290571407916697e-01	   2.3638600895472661e-01	   2.6797075817423555e-01	   5.5847242663511176e-01	   6.9652400126695113e-01	   5.6243481097949932e-01	   6.5610164556210637e-01	   5.3344207217845707e-01	   5.6584312108164714e-01	   3.0400370267216775e-01	   4.9554727514021629e-01	   2.5751202026393166e-01	   4.6415670874403919e-01	   4.4032268962007537e-01	   5.7826127647502912e-01	   2.0640126264565598e-01	   4.7653167635995380e-01	   2.2471005581313991e-01	   4.8955879248748491e-01	   5.2250971750492248e-01	   5.8846548230137719e-01	   5.8446001158957694e-01	   5.0824683438366591e-01	   4.0195085014763543e-01	   6.5226426144806227e-01	   3.3933304892942040e-01	   2.8299764684718537e-01	   3.4655078636949327e-01	   7.7508794219036214e-01	   4.9787266900398142e-01	   9.8072612250133817e-01	   2.4739947022078682e-01	   5.4440280720422995e-01	   3.0973608923891682e-01	   4.3133993462496562e-01	   2.7528342777977721e-01	   2.0150978325278246e-01	   6.1418367851106748e-01	   4.6272828722100323e-01	   9.3181175322953147e-01	   1.1190559912316072e+00	   9.4252064873539865e-01	   1.0840153048853720e+00	   9.5607261326124549e-01	   9.6141009722643755e-01	   8.5588019010239047e-01	   1.0600926455971136e+00	   9.8649413490672766e-01	   9.7969607659104374e-01	   3.8946403522051348e-01	   5.4098843874609148e-01	   6.7046270540428143e-01	   4.6385660039176702e-01	   2.3484236883758119e-01	   3.8678582656425714e-01	   3.7571421852636155e-01	   2.7750615405619411e-01	   1.6665734951944436e-01	  -7.6817244967464282e-02	  -1.1510126644064300e-01	  -2.9971745432664846e-02	   4.0561981750108861e-01	   3.3516164331194465e-01	   6.0607882527195256e-01	   5.7734230530942321e-01	   3.1997284506449564e-01	   4.0440559487366767e-01	  -1.2229637259818497e-01	   2.7493211854701487e-03	  -5.8452019933707376e-02	   5.7049449436639040e-02	   6.1777450066811138e-02	   2.8988560815519530e-02	   1.1077398974931288e-01	  -1.3655194358689637e-01	   2.3986519417535523e-01	   4.0632335203182290e-01	   3.8169543510080051e-01	   5.1969131040401551e-01	   4.2257346405664842e-01	   2.7321614101026065e-01	   2.7504530381826992e-01	   9.6686166416215011e-02	
   5.1463048814220058e-01	   8.8509335082994145e-01	   5.3112786018636515e-01	   8.4511363449035770e-01	   4.0364558787956301e-01	   4.7150540082984393e-01	   5.8131065177124719e-01	   1.0016806365942661e+00	   3.7165542009235414e-01	   6.3551463213631831e-01	   9.7676580885281217e-01	   0.0000000000000000e+00	   7.9757096056386945e-01	   1.3955505297943525e+00	   7.1806374226381287e-01	   6.0709290892894019e-01	   5.5978138669742061e-01	   9.3436739995331175e-01	   6.3439148251263089e-01	   6.7590383430389911e-01	   2.9624000404228340e-01	   2.1858014854967539e-01	   8.8076928881469385e-01	   9.5064517858401232e-01	   2.6966909376583786e-01	   3.0600010697979968e-01	   4.4367641272965130e-01	   2.4956992633836031e-01	   6.2525740050723178e-01	   8.5110959241981798e-01	   6.1536170639318166e-01	   6.4701864858230096e-01	   6.4274950824828125e-01	   8.0957603440214199e-01	   4.0398631944698288e-01	   4.5370891195797508e-01	   5.0369174818167362e-01	   7.0944186946603205e-01	   5.2130331381987804e-01	   6.4429445006728947e-01	   3.7809182253098145e-01	   5.2406872648226521e-01	   3.5732005967292280e-01	   4.2455548910563240e-01	   2.5458673610872196e-01	   3.5966352741327129e-01	   5.4383324134076516e-01	   5.1990569481325066e-01	   2.9637651449087399e-01	   5.6271077730971586e-01	   4.1540380054951215e-01	   6.5324079171379423e-01	   7.0086047366741810e-01	   5.5834776996411173e-01	   6.1337846456735479e-01	   6.7644175585412114e-01	   3.4763710271645176e-01	   6.2106140923261000e-01	   5.2758303178358046e-01	   4.7658659074933030e-01	   3.7083822633441799e-01	   7.9960578525308057e-01	   3.9535673427478579e-01	   7.9015185607935767e-01	   3.7920196248426080e-01	   7.4994369136558992e-01	   5.2889002515383865e-01	   6.7723555972788907e-01	   3.8285611540515890e-01	   4.2865250216557638e-01	   4.3172207703304888e-01	   6.4506712807321664e-01	   7.1169494006694678e-01	   9.6167286402575680e-01	   7.4999534858188743e-01	   9.7767445582861190e-01	   8.4499085001941854e-01	   9.7389276228069754e-01	   5.7330036612029223e-01	   8.5186539266405492e-01	   6.7670500542219492e-01	   1.0443239994512541e+00	   5.0461230524678102e-01	   8.3059988275554841e-01	   6.5587908806942186e-01	   6.4461444928864786e-01	   3.7254081238496539e-01	   6.3890347043079998e-01	   4.0684238885643620e-01	   5.1627317064889588e-01	   4.2977257112566869e-01	   1.4810687286736396e-01	   1.6777037151287691e-01	   2.0807781531489455e-01	   3.8401432835518995e-01	   2.9197491326205238e-01	   5.6223031006259139e-01	   5.6563662083826372e-01	   4.6659152610421784e-01	   5.7400947279314785e-01	   9.6232401599820522e-02	   2.2002996841120781e-01	   1.0883446909556879e-01	   2.5255672095498205e-01	   2.8868648839233485e-01	   1.8281980987693561e-01	   2.4388342188462669e-01	   9.9590052970745552e-02	   1.9444537713577065e-01	   3.7751109104245367e-01	   3.7254602446316387e-01	   5.9589068985400240e-01	   5.8413452773200314e-01	   4.4461417385310203e-01	   4.5822823132248569e-01	   5.8776501523575317e-02	
   4.7212247779816363e-01	   8.4925486482555523e-01	   5.8019053214068173e-01	   5.8130002726413998e-01	   3.6345789575984894e-01	   2.8721930163417608e-01	   5.7474731191746387e-01	   5.6696882307194740e-01	   4.4702045543040980e-01	   3.3089852688704202e-01	   1.1579767238981473e+00	   7.9757096056386945e-01	   0.0000000000000000e+00	   7.8586380613620832e-01	   1.0651942155302794e+00	   3.9947708709077023e-01	   6.6360262922622704e-01	   7.7831475027176544e-01	   6.4716183358051460e-01	   8.4272146020068539e-01	   3.8368502334672405e-01	   2.6996772908514921e-01	   9.4234507640158860e-01	   7.4645346812849422e-01	   2.0359534566699314e-01	   2.9111581628289074e-01	   3.7772015727279312e-01	   3.0155702953910263e-01	   8.6936645904510190e-01	   7.5319428831355895e-01	   7.4641464874525920e-01	   6.0314837557006873e-01	   5.4976223515246547e-01	   7.1993724218149047e-01	   2.5054007001939560e-01	   2.3351166457833025e-01	   7.0207783407882018e-01	   6.8343563873244328e-01	   6.4107423451124690e-01	   6.4538787674878728e-01	   5.6091131287484119e-01	   5.9930107577065872e-01	   2.2474541980311002e-01	   3.2202947868658865e-01	   8.9353572758204727e-02	   2.5622932116137859e-01	   3.0375601941097757e-01	   3.5873004490378818e-01	   1.4426669368579853e-01	   2.8904778456319274e-01	   2.5982671484308334e-01	   3.1293465374823892e-01	   5.6909438014674774e-01	   4.0644649670209415e-01	   6.7805376493644864e-01	   4.7827863298487483e-01	   3.5837586203727279e-01	   5.3367776687616497e-01	   3.3924906015514955e-01	   2.5026071105786235e-01	   3.8889662856292440e-01	   5.1927757373834871e-01	   3.8181564543251467e-01	   6.5478235694831710e-01	   3.5080085545065987e-01	   4.2769215859848786e-01	   2.9737980816025233e-01	   2.8588660682430012e-01	   3.6444771108834767e-01	   2.1481309184094813e-01	   4.6155086989807359e-01	   4.4624800059385500e-01	   7.6161408671470432e-01	   8.0172680236895022e-01	   7.6545901471996702e-01	   8.7244987025119825e-01	   7.2364523186338681e-01	   7.2350004043875304e-01	   6.4285294735128662e-01	   6.7915952990953521e-01	   7.1292198897571135e-01	   6.6468290386544582e-01	   5.1665627592454055e-01	   6.4973338491957966e-01	   6.6424320648472679e-01	   2.9317550675127374e-01	   3.8185865982330952e-01	   3.0853978505252544e-01	   6.0387126121755208e-01	   1.9689751962683383e-01	   2.3725108825401015e-01	  -4.0287991781206213e-02	  -1.8580188623154255e-02	  -2.8481950675719826e-02	   3.5198319295488983e-01	   1.9446607359001222e-01	   4.8875082025176370e-01	   3.8624574173501214e-01	   3.1617146162887272e-01	   3.3764232252332793e-01	  -3.3991264737834176e-02	  -1.9742497424099354e-02	   4.1468254923066078e-02	   1.8140636343419128e-02	   1.0558706408573515e-01	   5.5079491602779501e-02	   1.7148674268738026e-01	   3.1013220728744742e-04	   2.2920281864441766e-01	   2.7699580131703061e-01	   2.7932858787607706e-01	   3.4051573210357905e-01	   2.9398905996832952e-01	   2.2447463557571018e-01	   2.7870635893468709e-01	   8.0680343721025283e-02	
