   0.0000000000000000e+00	   8.1718904111239754e-01	   4.9583334823889852e-01	   2.1697384095591449e-01	   5.5033554516622903e-02	   7.0391968948104081e-02	   4.2993859763572878e-01	   1.9239403074000996e-01	   1.9282186064204479e-01	  -5.6386932810610857e-02	   6.9478469320169367e-01	   5.2048052199140760e-01	   1.3711970615850627e-01	   8.4575333589699667e-02	   2.6126975916411382e-01	   2.5400934610368514e-01	   6.8606045136701810e-01	   5.8497148727569814e-01	   4.2443393693944631e-01	   8.2654353520398530e-02	   3.2609456718864677e-01	   5.6274162908754488e-01	   3.3299012650994458e-01	   2.5249885439256697e-01	   4.8747658792825010e-01	   4.7241338338599848e-01	   5.5689895835946746e-01	   5.7328323196476627e-01	   2.1836509799204828e-01	   2.4181042225994376e-01	   3.1673662975966926e-01	   3.3919352615477000e-01	   8.0484152402117992e-01	   7.5086693916791292e-01	   2.3291272679385405e-01	   1.6788926637068941e-01	   1.3594953827591541e-01	   1.4497008498888442e-01	   3.6337812090956817e-01	   2.0269551118155210e-01	   3.6562938522274829e-01	   3.1680478828108710e-01	   6.2133768224760499e-01	   6.5110762520058274e-01	   5.2327868131271382e-01	   6.6164504487930242e-01	   6.4109798187386913e-01	   6.2867458284284283e-01	   4.9889646392267745e-01	   4.3761857421512895e-01	   5.0899439201500452e-01	   4.2127875315565111e-01	   4.3350091779504685e-01	   1.0956220045691431e-01	   5.4989512979581257e-01	   4.9855388995610145e-01	   1.2532542622535983e+00	   8.9182654859799471e-01	   4.5177741465060606e-01	   2.1195518758636051e-01	   4.7752786332521058e-01	  -4.7523112093919621e-02	   5.8714165830326159e-01	   4.9071518184043317e-01	   2.8210786006948835e-01	   2.2821799022442268e-01	   3.7043380159039729e-01	   1.4834559045852300e-01	  -1.0928352650287129e-02	   1.8047328795013162e-01	   3.7243412970115730e-01	   3.6153416037900227e-01	   5.0815809790143318e-01	   4.8534490243205258e-01	   5.7450354085269129e-01	   4.4959542234362365e-01	   5.2358960433808255e-01	   2.5300075337029021e-01	   2.4920117479748166e-01	   2.5744940134893202e-01	   1.0845719104940139e-01	   2.5448725622037699e-01	   2.7786759070240891e-01	   3.0172580543963107e-01	   2.6019268794007000e-01	   5.1784828471117461e-01	   2.4261815088255814e-01	   7.8483259964962273e-03	   3.7149956044007015e-01	   3.1660398632924364e-01	   3.1927477932859027e-01	   3.3286250665672945e-01	   1.8843314520046874e-02	   1.0380509833063381e-01	  -4.6552484785594811e-01	  -2.7419511176086087e-01	   2.8463260804376012e-01	   1.7649935469018108e-01	   5.7930465655957142e-01	   6.9558983677906538e-01	   1.4127566616590800e-01	   2.9399297134197372e-01	   2.9773563426743765e-01	   5.7691373345911445e-01	   2.7848137124166605e-01	   3.2950532550778133e-01	   2.5719973049143885e-01	   3.7780931765195735e-01	  -1.2267726001924088e-01	  -8.5335589284012817e-02	   3.0721419917739839e-01	   4.4944690311980268e-01	   8.8267083556446371e-02	   4.1342619576789547e-01	   2.9882291929028360e-01	  -6.4614221327723306e-02	
   8.1718904111239754e-01	   0.0000000000000000e+00	   7.9468746493389641e-01	   4.7535838865824454e-01	   2.8029632848803915e-01	   2.3049505725500394e-01	   7.0968676085238358e-01	   3.7075471789623859e-01	   3.3086253430143620e-01	   5.7660403432458707e-02	   2.9591236428408801e-01	   2.9419263657789979e-01	   2.3831571401123555e-01	   1.6812065547031077e-01	   3.8255214758835737e-01	   2.9899918814914994e-01	   4.8831422851966039e-01	   4.3212604497447943e-01	   4.5752340246367806e-01	   2.3082145060877732e-01	   2.5569831898789519e-01	   4.1362187450647225e-01	   3.8909763698263539e-01	   3.7642296133801295e-01	   4.5840700083613095e-01	   3.7574623509400379e-01	   5.4311041486815159e-01	   3.3786677497421364e-01	   2.6240592084040620e-01	   3.1763187569458856e-01	   4.0169999811266877e-01	   4.1395460156471997e-01	   7.6659425541024606e-01	   7.4688658108152117e-01	   3.5702712090709909e-01	   3.7545653049386724e-01	   2.0155664983255320e-01	   3.3967171547530345e-01	   5.4634975518089779e-01	   5.8690275548401283e-01	   4.8213921272878801e-01	   3.5380754637526585e-01	   5.9038389273750558e-01	   7.1619380127918075e-01	   6.8182719370844946e-01	   7.5559007825855640e-01	   8.4849324696293815e-01	   9.4013112804372923e-01	   6.9013820357250821e-01	   7.0273442892163429e-01	   6.9989804743062889e-01	   6.5609837982392993e-01	   6.5967077811116948e-01	   4.3930569536206387e-01	   8.7608450044373454e-01	   8.2656889613554652e-01	   6.2719770524027407e-01	   7.6123371201373735e-01	   5.7473602926197120e-01	   2.8442821500814625e-01	   5.7852333338403983e-01	   5.6449989750022432e-02	   3.6955988448854055e-01	   5.5647958115392226e-01	   3.5794901426973985e-01	   2.8388034000496826e-01	   4.4877126991335736e-01	   3.0716702141603686e-01	   1.2470243934667415e-01	   3.2917385541698990e-01	   2.1007474010379645e-01	   3.1936605007892871e-01	   5.4752134312306355e-01	   7.7146028280100665e-01	   6.2878468062701820e-01	   7.7603697222124846e-01	   6.2337214861189438e-01	   5.3330869808480375e-01	   3.6796016727795333e-01	   2.5016009498954117e-01	   1.2640461093353644e-01	   2.6133607519188590e-01	   2.5292500414590696e-01	   3.4495800602876886e-01	   3.1485588853835694e-01	   5.2451834402053754e-01	   2.9631842065123609e-01	   2.9381038757814359e-01	   5.7052648786374094e-01	   5.9611527452182278e-01	   5.9568566114894816e-01	   3.1039549288801105e-01	   3.4957502275434404e-01	   1.6734859136987890e-01	  -1.1218722369271381e-01	  -8.9995358909252629e-02	   5.9021771966477543e-01	   4.3040059580329060e-01	   9.1083562273226293e-01	   8.4454101863550890e-01	   3.4631879435552598e-01	   3.1913959356746657e-01	   4.7420871194834852e-01	   3.9102745367017910e-01	   2.2473326597567761e-01	   4.1301917768666352e-01	   3.7306497216053697e-01	   4.1248117024907721e-01	   1.5685978232257144e-01	   1.5545628244491988e-01	   5.4106610691760193e-01	   7.3157739535487520e-01	   2.6524662533762605e-01	   3.6607824241141540e-01	   3.1398549280829330e-01	   4.6684207780429011e-02	
   4.9583334823889852e-01	   7.9468746493389641e-01	   0.0000000000000000e+00	   9.2283987111649335e-01	   4.9095531927589753e-01	   2.6618452905756074e-01	   1.6520075039819775e+00	   7.6511906373447691e-01	   5.7417655392770073e-01	   2.6154907357596463e-01	   1.6845907669676152e-01	   1.2061250959635683e-01	   4.5965392630849983e-01	   3.2022810547285185e-01	   7.2010456064728545e-01	   4.0175821501308451e-01	   1.9639847976618635e-01	   2.7272301301540580e-01	   2.6997751328259939e-01	  -4.1850934682052691e-02	   1.3664277216122461e-01	   3.1174031928877594e-01	   7.9742658257521781e-01	   7.3882420146133532e-01	   4.8673088391439107e-01	   3.6863076123323291e-01	   5.7790443123298507e-01	   2.0691247824990908e-01	   1.4416826638358049e-01	   3.0400896859973903e-01	   6.0737848781579096e-01	   5.9120447436986900e-01	   8.9123855823713871e-01	   7.7029566964249963e-01	   7.1497509096516387e-01	   7.6723453181769707e-01	   2.7669088437350708e-01	   3.6232775200286271e-01	   7.4371264469854259e-01	   6.5229629593635263e-01	   4.7755492847300551e-01	   4.6936023306943575e-01	   3.7711516644250526e-01	   4.2868533028229916e-01	   4.8707030363174342e-01	   5.0473917838633686e-01	   5.6914643452080471e-01	   6.6600193734201940e-01	   5.5218930110917497e-01	   5.7058610184024128e-01	   6.7142904722383623e-01	   5.5709898999042462e-01	   5.5333242344037870e-01	   3.9826418278901843e-01	   7.0864527944960976e-01	   7.1477843407810326e-01	   3.5634111931790741e-01	   5.1951941340508023e-01	   7.9777875234985118e-01	   3.5519709473624139e-01	   8.7685697730500634e-01	   3.5273653090665702e-01	   3.0334612915438985e-01	   5.0366831908157628e-01	   6.5337935103322076e-01	   6.0423358073128564e-01	   6.9822429062837332e-01	   5.7314732153522008e-01	   7.3807373657873057e-02	   3.1606749052471916e-01	   1.9498950768421938e-01	   2.8156279970808029e-01	   3.8723433051472478e-01	   5.7364628677891472e-01	   4.8085907318136301e-01	   5.2145548438717892e-01	   5.8023595084441126e-01	   5.1156830097064621e-01	   2.1580447008516102e-01	   2.5856038275999893e-01	   1.9423817028180534e-01	   3.7952485637045824e-01	   2.8913269601260128e-01	   5.1519376494209346e-01	   5.7417325294586841e-01	   7.1525850442888217e-01	   2.5731147740236471e-01	   3.3803827662506514e-01	   7.7820424386492693e-01	   9.1706536814315753e-01	   6.6146975130941299e-01	   4.1822109713838207e-01	   7.1340025713820610e-01	   3.9680768923262844e-01	  -1.0752891693469330e-01	  -3.5479656004165562e-02	   5.3551728797879805e-01	   5.4812406281681492e-01	   6.6553592830739394e-01	   7.6850246589432747e-01	   5.6281337739926296e-01	   5.5270938236225309e-01	   4.0766535038561802e-01	   5.1120008496498548e-01	   3.6920862528648957e-01	   6.1438540798722530e-01	   3.8538067199355430e-01	   4.7629475075346583e-01	   2.6472599669263634e-02	   2.4835391192859943e-01	   5.8854423216666096e-01	   5.6453144911440623e-01	   3.6828417807851860e-01	   5.0503721750539898e-01	   4.3169720721873361e-01	   5.2518990962254472e-02	
   2.1697384095591449e-01	   4.7535838865824454e-01	   9.2283987111649335e-01	   0.0000000000000000e+00	   4.1019446947098964e-01	   4.1394614771074462e-01	   8.8479249393529313e-01	   1.1052471577855458e+00	   5.3266033615599118e-01	   5.2340222330592279e-01	   1.9343663348693849e-02	   1.2707982233248782e-01	   2.8830706504272013e-01	   3.4580844320482357e-01	   5.3327995415411822e-01	   3.5844205878394286e-01	  -6.6917891072459823e-02	   9.4508529811242088e-03	   1.7426648286360946e-01	  -2.1977726111253731e-02	   1.7397190515847250e-01	   3.6520634447984329e-01	   4.4504150770945000e-01	   8.2238265068960770e-01	   3.5681064629985471e-01	   4.5637242575184350e-01	   3.5775034177255371e-01	   2.0506613217808226e-01	   1.1718898648093934e-01	   3.3025773577629292e-01	   6.3732726199521506e-01	   6.9136029526517284e-01	   5.9563081921732997e-01	   6.1255603207966447e-01	   3.7415222665103226e-01	   6.2719020702920347e-01	   1.4379512122301824e-01	   2.4808126868097241e-01	   5.5014400416795350e-01	   6.3468814930769868e-01	   4.3266143463753803e-01	   4.6050456459473871e-01	   3.0107581354277774e-01	   3.4788912541592032e-01	   3.5580626131816917e-01	   3.3067634915333477e-01	   4.7400621014105471e-01	   4.9539445336645771e-01	   4.2194861077047124e-01	   5.2292441718440907e-01	   4.0487375581521901e-01	   4.9176108539691815e-01	   4.0246914056474348e-01	   3.0196660043995094e-01	   5.8532982357937025e-01	   5.7764417302536974e-01	   1.4315698138569180e-01	   3.2890991234183792e-01	   4.4024759019605370e-01	   4.0071631365083826e-01	   5.4646816787909858e-01	   4.3976186730169414e-01	   1.1876977405630554e-01	   3.9089215307109682e-01	   2.7805489400868383e-01	   6.0261057871045420e-01	   4.0642237833741096e-01	   4.8784040880719337e-01	   7.3916011132857548e-02	   4.0371098596306809e-01	   6.2582506045802788e-02	   2.4291294414094428e-01	   1.3658190525681241e-01	   3.0541626691554785e-01	   1.8304131789287273e-01	   2.7845238759781155e-01	   2.9067991985457237e-01	   4.5462559098695760e-01	  -2.0201263399706008e-02	   2.6652826438651848e-02	  -8.6070262924419036e-02	   1.1113729952117096e-01	   2.7150307465477291e-01	   3.6749694575818381e-01	   1.0820087266863222e-01	   5.7273778332890624e-01	   1.1450517755122404e-01	   3.0249443677734961e-01	   4.6214355814473163e-01	   1.0773066958813613e+00	   5.9072815513423971e-01	   2.1792095985604804e-01	   7.5989652789366957e-01	   2.4204822809064508e-01	  -8.3322700380750216e-03	  -1.3674673430907384e-02	   4.2408376570995698e-01	   3.5854051487527971e-01	   4.5168410416787286e-01	   4.3092898422536130e-01	   7.1480018441321413e-01	   2.6488367616199937e-01	   2.8349163313925596e-01	   2.2568309374094073e-01	   3.4165677448875365e-01	   4.3980555689710443e-01	   4.2472158852882702e-01	   4.2819335915910284e-01	  -4.7969038618105996e-02	   1.3365714025145553e-01	   3.6313028144588028e-01	   2.9781748171892047e-01	   1.0884340267540205e-01	   2.5504907212001271e-01	   3.1791168595612257e-01	   1.4434365525069140e-01	
   5.5033554516622903e-02	   2.8029632848803915e-01	   4.9095531927589753e-01	   4.1019446947098964e-01	   0.0000000000000000e+00	   3.6016388275783184e-01	   4.6032395033490647e-01	   4.9741535016667882e-01	   9.3343171274166581e-01	   4.2790841834425974e-01	  -2.3500224315188778e-02	   9.7363592451899350e-02	   2.4571445524331462e-01	   2.7401725936618232e-01	   2.4008492613060217e-01	  -1.0633348192796188e-01	  -2.2759495412174337e-02	  -5.7620628745612829e-02	  -4.0963169147724396e-02	  -1.6646231056687233e-01	  -1.2912307590115113e-01	  -2.6412799408464905e-02	   1.8367586569685415e-01	   2.5700563693022060e-01	   4.3504472431118668e-01	   1.5752860854623105e-01	   3.9090014132040135e-01	  -1.1798835945067221e-01	  -1.9328199935391016e-01	  -1.8247445383256705e-01	   1.1452377163792105e-01	   2.0456894350596247e-01	   4.3868546886607163e-01	   3.9377230987905060e-01	   1.3843849701573649e-01	   1.5766796879106462e-01	   9.1902465198089436e-02	   1.4097578875595557e-01	   3.5663835155895346e-01	   3.6494952596493080e-01	   3.8085639786047343e-01	   1.8910853591693572e-01	   9.4216289966740890e-02	   1.3834103851391677e-01	   1.7058176871406910e-01	   1.8621694123852853e-01	   2.0027632498536044e-01	   2.4046847461444892e-01	   2.6439487087435043e-01	   2.8231142748321969e-01	   3.3653842235007303e-01	   2.8554818432010820e-01	   3.0709763615229613e-01	   2.4651857803363286e-01	   2.9434488190987002e-01	   2.6242810337044331e-01	   3.8783453506001497e-03	   2.0412748578353812e-01	   5.2265477433236518e-01	   5.7560426463477032e-01	   7.0030496900435368e-01	   6.8635085088151182e-01	   5.4923506674860720e-02	   2.2430154737264621e-01	   3.6073232507630193e-01	   3.9169867118940349e-01	   4.7573589805825051e-01	   3.8528579620036540e-01	   4.7826328207352470e-02	   2.1754299990957066e-01	   2.2693342185683282e-01	   1.5117943978390358e-01	   7.9858246002282085e-02	   9.3916267992456628e-02	   1.5551710160019638e-01	   9.1666586304524317e-02	   1.7953798311869193e-01	   2.4855809200843931e-01	   2.4347826385564808e-01	   1.4991452133649072e-01	   5.1985343939772763e-02	   5.5663637027968851e-02	  -8.0290883030464055e-02	   4.3214676689232553e-02	   2.5205797225377691e-01	   2.1177824936572404e-01	   3.3047418260752560e-02	   1.0435688289445341e-01	   5.0162116955694613e-01	   6.4800849488998447e-01	   4.5083224817691109e-01	   3.6658749178119604e-01	   4.6276144756465032e-01	   5.0344415575902435e-01	  -1.6424981847963355e-01	   5.2739296370285731e-02	   1.3599152744182663e-01	   2.3974699728657128e-01	   2.0092014203287800e-01	   2.3362342964360305e-01	   5.3149729661662926e-01	   4.9789258185147334e-01	   2.0089677795571742e-01	   2.6800418702385248e-01	   1.2497929417287152e-02	   1.9147600714565530e-01	   4.6609587330702124e-01	   3.8170594587038559e-01	   4.0154183005091638e-02	   5.0825689820955991e-02	   1.1546448812075680e-01	   2.6646515181420849e-01	   2.2012878707357098e-01	   2.4082211726088643e-01	   2.7309567321291067e-02	  -3.0107286999128419e-01	
   7.0391968948104081e-02	   2.3049505725500394e-01	   2.6618452905756074e-01	   4.1394614771074462e-01	   3.6016388275783184e-01	   0.0000000000000000e+00	   2.1312648035175361e-01	   3.4913056171277074e-01	   3.9045419599263881e-01	   9.0322976718884651e-01	   5.8259224889573066e-02	  -1.0326059953590988e-02	   3.3839893786437300e-02	  -2.1814691777024973e-02	   1.7766519880865886e-01	   2.2328554300233300e-01	  -2.3907369070776521e-01	  -1.4539924135680674e-01	   1.5349002988921981e-01	   5.8320124745182465e-02	   4.9225611209448716e-01	   3.1536134083356948e-01	   2.8584329025704908e-01	   4.8327783758615628e-01	   4.2081775135359911e-01	   6.4274154811942075e-01	   2.6171116398399091e-01	   4.8921304058342263e-01	  -3.4495066659818739e-02	  -3.8019435472210657e-02	   2.3425684522303239e-01	   3.1795427159871781e-01	   2.3886921199642736e-01	   2.3804472569164964e-01	   2.9568076663569237e-01	   3.2164470551573787e-01	   8.0603239326866513e-02	   1.5300383710246368e-01	   3.2024225095846293e-01	   4.1588291649074427e-01	   9.9590215071107671e-02	  -2.9569930298251248e-02	   2.2940497627305845e-01	   2.3298032368468419e-01	   3.1182760278083888e-01	   1.9721241086074659e-01	   3.7505612520066556e-01	   4.5941465329165548e-01	   3.3874240418693130e-01	   3.0388649180990590e-01	   4.0214940261847498e-01	   3.6662972703576180e-01	   3.4865035011823403e-01	   4.8704848506814524e-01	   3.8790497718941952e-01	   5.2306385761976171e-01	  -1.9384446975019134e-02	   8.5225487902414188e-03	   2.2307927917928649e-01	   2.9981714453958475e-01	   2.6476766847587996e-01	   1.8698315340121688e-01	   3.5030361853224126e-02	   1.1545432850123219e-01	   1.5999635753667840e-01	   2.6861590494776472e-01	   2.1893143232021420e-01	   3.0490302117974100e-01	   2.3360176609808858e-01	   2.8430446433413276e-01	   3.4677722783158266e-01	   2.2081330208170358e-01	   5.0243897422347916e-02	   8.7248481901090899e-02	   1.7158704467336094e-01	   7.6369353545122698e-02	   2.1045521999105973e-01	   2.2579034949166427e-01	   8.5954907552706919e-02	   3.9557382737385051e-02	   7.4866790213370671e-02	   5.9035749767671938e-02	   2.4060169335711812e-01	   8.6615073183533176e-02	   1.4030217562474934e-01	   2.2797708267233782e-01	   2.0630965487388575e-01	   1.8898596369506745e-01	   3.7248739252118218e-01	   3.4152469632816862e-01	   4.2194414136680458e-01	   3.7608193806585816e-01	   3.9151721900499370e-01	   1.1332218151479224e-01	  -6.3101966477464050e-02	  -6.7815298086205039e-02	   3.2959776753851255e-01	   3.7323164145445648e-01	   2.2518575642656408e-01	   2.5460844661365400e-01	   9.6063592353850397e-02	   3.7015677523346430e-01	   2.1351815480520533e-01	   4.4368489549105730e-02	   4.4500351084361645e-01	   5.5197377941078729e-01	   2.2274173928317270e-01	  -9.1209539703054870e-02	   1.3227944358508861e-01	   1.6448447378724776e-01	   3.1584448730554660e-01	   1.0777605952732668e-01	   1.0713906584738622e-01	   1.9579767738366155e-01	   3.7028414095812395e-01	   1.2878415574669580e-01	
   4.2993859763572878e-01	   7.0968676085238358e-01	   1.6520075039819775e+00	   8.8479249393529313e-01	   4.6032395033490647e-01	   2.1312648035175361e-01	   0.0000000000000000e+00	   7.8552048916287498e-01	   5.8126852624777781e-01	   2.2205857704265258e-01	   1.4154297923966902e-01	   1.2735608571750984e-01	   4.3360076564922106e-01	   2.8018930504960782e-01	   6.2223546470197966e-01	   3.2346834615963960e-01	   2.1754488973208494e-01	   2.3707580723853405e-01	   2.7023076467939910e-01	  -1.4340213645841990e-02	   2.5966024717676481e-02	   1.9308518739820638e-01	   7.1208064928589443e-01	   5.6834388443623240e-01	   3.5848548519271511e-01	   2.4958939965566462e-01	   4.3752003237837173e-01	   8.9122073259233284e-02	   1.1595712340819267e-01	   2.9476803552078612e-01	   6.2679795780700809e-01	   5.0069720004173801e-01	   9.4118926350212218e-01	   7.7675283964206909e-01	   6.6261016047873511e-01	   6.7954179966792050e-01	   4.4282643808293921e-02	   1.5897959906767856e-01	   5.0222318062923033e-01	   5.2127614650487131e-01	   4.0208589791843591e-01	   4.5656452159020666e-01	   4.0214478514085095e-01	   4.3989763128134723e-01	   5.1365123225584197e-01	   5.3027894992013835e-01	   5.3196120031795813e-01	   5.9601369549976235e-01	   5.3987956564798689e-01	   5.5314592114180416e-01	   6.2533421463966632e-01	   5.1747757741852474e-01	   4.7271155300137258e-01	   2.9753674579611600e-01	   5.8724177207167383e-01	   5.5410106298107875e-01	   2.8585541263918535e-01	   5.1051233365633819e-01	   7.5548704790379229e-01	   3.8803494693014229e-01	   8.9382955495188920e-01	   4.1122127796328484e-01	   3.2490269075332268e-01	   5.9513777975197957e-01	   7.3785445651219772e-01	   6.1787437009003621e-01	   7.8032660523031927e-01	   6.7014662024797822e-01	   5.9494687652182486e-02	   2.9412131231514427e-01	   1.6079842600691591e-01	   2.1655130141339349e-01	   3.0113318510263720e-01	   5.3628602053198349e-01	   4.1940387062811468e-01	   5.2231085618457929e-01	   4.8445706717404680e-01	   4.5295241013067011e-01	   2.3413875527632710e-01	   2.3694061607772435e-01	   1.7757727004477261e-01	   3.8497033604110764e-01	   1.7894383352436669e-01	   5.5022021226790163e-01	   5.5906747368271426e-01	   7.1778969031509698e-01	   2.4369351941097422e-01	   3.4308902774576522e-01	   6.1746397054677604e-01	   9.1419461617526498e-01	   6.0840050445915450e-01	   3.1959844509223134e-01	   6.4862393081243641e-01	   3.5119190796898392e-01	  -1.4858109383581969e-01	   2.8876024039462461e-02	   3.7619918629668669e-01	   4.1079261450435367e-01	   5.7052839650293152e-01	   6.1846437955514177e-01	   6.3657048947049977e-01	   4.1105126550675863e-01	   3.5137643308402561e-01	   4.0227274208749320e-01	   2.8450950522870716e-01	   4.8995036868906333e-01	   4.4079508322394190e-01	   5.8731113545691405e-01	  -4.3360412149090123e-02	   2.5527210792080157e-01	   4.9521124360861762e-01	   5.2531405322710456e-01	   3.7729569281822034e-01	   4.6821201319023908e-01	   3.5618837997533126e-01	   6.1536696379295958e-02	
   1.9239403074000996e-01	   3.7075471789623859e-01	   7.6511906373447691e-01	   1.1052471577855458e+00	   4.9741535016667882e-01	   3.4913056171277074e-01	   7.8552048916287498e-01	   0.0000000000000000e+00	   7.5053686698879585e-01	   5.2363518203994741e-01	   1.9342304629625456e-01	   4.0078346689677474e-01	   4.5453044536403020e-01	   6.5621295656521494e-01	   6.1835413673596118e-01	   5.1948827957631483e-01	  -1.7514428286031886e-01	  -1.1725643067719760e-01	  -3.5149270090507355e-02	  -2.0202724130635527e-01	   1.5978705838775653e-01	   4.5211915498661509e-01	   3.6656396826867826e-01	   6.6008961195226079e-01	   3.2718198681906602e-01	   4.2888226826633902e-01	   3.0681448874800227e-01	   1.1000187452897173e-01	   4.0219208229973720e-02	   3.0013147956375907e-01	   7.8055408401347570e-01	   9.5233078305005348e-01	   6.4206995851920512e-01	   6.6931148297566057e-01	   3.9765022657122284e-01	   5.9345336942631588e-01	   1.1962305293176755e-01	   2.4939116883209339e-01	   4.9535897876611246e-01	   5.3640479084359449e-01	   3.8964911446416917e-01	   4.3203751323867473e-01	   2.4226967254278026e-01	   3.2058522923176780e-01	   3.5643503626293577e-01	   3.8061047960364625e-01	   3.3469590881282490e-01	   3.8445664555798792e-01	   3.7919725439253987e-01	   4.8871447560548709e-01	   4.2346636758842809e-01	   4.7532354844997116e-01	   4.0865069570780810e-01	   3.3237036396480946e-01	   4.1471323761776524e-01	   3.8238370650504061e-01	  -9.6909585565778768e-04	   1.7431881057611040e-01	   3.9074630981598768e-01	   4.3185027845324525e-01	   6.1383211852492114e-01	   6.4091813826462252e-01	   8.8261390795773151e-02	   4.3921546978056786e-01	   2.4384515950928276e-01	   5.9627773658491601e-01	   4.6629296031143735e-01	   5.8695307179560441e-01	   6.7893918570401751e-02	   3.7995969332234969e-01	   8.6100921433766631e-02	   1.7900474720209292e-01	   1.7993097869948307e-01	   3.0226597327202576e-01	   2.5776230271790079e-01	   3.6463196467318060e-01	   4.0384082946979727e-01	   5.1866576632846473e-01	  -5.3549553985190838e-02	  -5.6914355665994357e-02	  -8.0840797087946045e-02	   1.6739716694984136e-01	   5.2774639751404936e-02	   2.6797526626686968e-01	   1.5506238903349751e-01	   4.8718805882709970e-01	  -5.2803295663975153e-02	   5.2861555093011180e-02	   2.9338786922263987e-01	   8.1342152534472967e-01	   5.7818056461882106e-01	   1.8327361112810334e-01	   6.3162124783606832e-01	   1.1401795642114781e-01	  -3.3353429030959843e-02	  -1.1871673755509134e-04	   1.9951654238329314e-01	   2.1235707694886322e-01	   3.0016989048992898e-01	   2.8374087210952070e-01	   7.7012987465019134e-01	   1.4507320284502259e-01	   9.3791251481460572e-02	   6.3352270205739802e-02	   1.7325500525606169e-01	   3.3006993728606082e-01	   3.5857069126625785e-01	   4.0425202104309682e-01	  -7.8422433179274220e-02	   9.5593285527016028e-02	   2.9283509264085283e-01	   2.1249183451358269e-01	   1.0916757158094309e-01	   2.4584808249435663e-01	   2.2664894634147015e-01	   5.9984008278934388e-02	
   1.9282186064204479e-01	   3.3086253430143620e-01	   5.7417655392770073e-01	   5.3266033615599118e-01	   9.3343171274166581e-01	   3.9045419599263881e-01	   5.8126852624777781e-01	   7.5053686698879585e-01	   0.0000000000000000e+00	   6.4992125764279784e-01	   4.7208371909650278e-02	   8.2414242743833604e-02	   3.2970316745410033e-01	   1.0718492901912520e-01	   5.3951697934411336e-01	   3.0835144906717915e-01	  -8.9554688548892827e-02	  -1.4733911938113489e-01	   1.0633899642907901e-02	  -1.2231496025622587e-01	   8.9484557733715345e-02	   2.3155572435006785e-01	   1.9610673027059530e-01	   2.9335780798290639e-01	   4.0693851248767349e-01	   3.1590055985653470e-01	   4.1029544290473785e-01	   1.0908831904037579e-01	  -1.5497100619520512e-01	  -8.1948052663441656e-02	   4.1436560889577834e-01	   6.0137463356127874e-01	   5.6503253712011237e-01	   4.8074525511438815e-01	   1.7061708514749324e-01	   2.3319841763971430e-01	  -1.9440157474649906e-03	   4.9251367253628768e-02	   3.3572401153464060e-01	   3.0727020630431368e-01	   2.7477237472215355e-01	   1.7423759078137549e-01	   1.1964538958885115e-01	   1.7931423989889764e-01	   1.8483180818450312e-01	   2.2576457758691379e-01	   1.9597654797793407e-01	   2.9914822757759729e-01	   1.9255864435340833e-01	   2.0565087278690444e-01	   2.3190296442845645e-01	   1.9249219611907764e-01	   1.5530226796683042e-01	   2.0017018190317248e-01	   1.9483636594301901e-01	   2.0326914766364590e-01	   3.9850084367234993e-03	   1.5742909733667931e-01	   3.8696846341187008e-01	   3.4760048705540025e-01	   7.7280558115850517e-01	   7.0273246293985703e-01	  -2.9728732001853595e-04	   2.1814310686178132e-01	   4.4156537207442909e-01	   4.4221370536491000e-01	   4.9914596836459779e-01	   3.7724753396020910e-01	   6.7627151555695209e-02	   2.6616011291187358e-01	   1.8557061931220456e-01	  -1.4664353524207275e-02	   6.1728944439306301e-02	   1.3527555723825763e-01	   9.7873078540130151e-02	   6.7449806717057539e-02	   2.0900146345023096e-01	   1.9194805496656411e-01	   6.8356278172790996e-02	   2.2228349027611820e-02	   2.4277188523851932e-02	   6.0482373101125232e-02	  -1.6762385483182825e-02	   8.7620131152135280e-02	   2.3244937539588104e-01	   2.0781729096980037e-01	  -1.6923486090563777e-01	  -1.5876177794149005e-01	   3.0579213085082729e-01	   5.8359969602732031e-01	   4.9498677184272211e-01	   4.7753896811085639e-01	   6.2226322909348064e-01	   4.6695797694027191e-01	  -9.9771549659394679e-02	  -6.6506082828652668e-02	   2.0438035184865311e-01	   2.2117750808534128e-01	   2.1891001598196491e-01	   2.5105336243543058e-01	   5.9386071878975710e-01	   4.2194608376873111e-01	   7.0630710963283619e-02	   2.1297398948199858e-01	   2.2946009215497913e-03	   1.8719787592227560e-01	   2.7835166095876962e-01	   4.8783159162625800e-01	  -7.9527261820658654e-02	  -7.0532236770908696e-02	   1.7083554356288741e-01	   1.3891586217104612e-01	   3.3403703962941227e-02	   1.7110291715146575e-01	  -2.5244027323156958e-02	  -3.4343245776935488e-01	
  -5.6386932810610857e-02	   5.7660403432458707e-02	   2.6154907357596463e-01	   5.2340222330592279e-01	   4.2790841834425974e-01	   9.0322976718884651e-01	   2.2205857704265258e-01	   5.2363518203994741e-01	   6.4992125764279784e-01	   0.0000000000000000e+00	   3.1812263095586324e-02	   6.9882022038433037e-02	   2.5134648885403910e-01	   1.8020521672825959e-01	   4.1507473136122269e-01	   3.7300156731144779e-01	  -4.0962297352478155e-01	  -3.4560389338143466e-01	   1.9125857917454320e-02	  -6.5062357317403063e-02	   2.9967972781076452e-01	   2.4604519821376972e-01	   1.3683160653166637e-02	   3.6283237546780467e-01	   3.1372412724746412e-01	   4.5345627306669961e-01	   2.5558742117972433e-01	   3.1741539383861017e-01	  -9.9405234230998313e-02	  -6.2914493107066816e-02	   2.1030019628672544e-01	   3.8219924682827022e-01	   1.7997301058170892e-01	   1.8089658691134089e-01	   1.0861719828338198e-01	   3.2567032244131022e-01	   9.3230859820980630e-02	   2.2164946901155211e-02	   2.9000004344690561e-01	   3.0640315494544246e-01	   1.1368707208111409e-01	   6.2682386675903312e-02	  -4.6494849279062167e-02	  -2.0581286272179006e-02	   7.0151092544573232e-02	   2.8085375372672392e-03	   6.4958173162387084e-02	   1.8984286179282939e-01	   7.4261453315294615e-02	   9.1810743623577815e-02	   1.3288440712865132e-01	   1.1859263028839949e-01	   1.2660524262636966e-01	   3.6935004356964002e-01	   1.0876400725856883e-01	   2.1279354837485298e-01	  -1.6051391023224118e-01	  -1.0284645347704986e-01	   1.9561930201676711e-01	   2.6979437415367086e-01	   4.0662861147124019e-01	   5.6732459987380501e-01	  -1.3061004309841356e-01	   1.7893637976859389e-02	   4.5206390657027924e-02	   3.0685827512171837e-01	   1.2123241901055593e-01	   2.1148883282169359e-01	   1.8094160689229211e-01	   2.6875955535293755e-01	   1.2300928614627984e-01	   7.6408157582690789e-02	  -1.1537639234136768e-01	   4.8841450245235798e-02	  -1.4992074961253441e-02	  -1.9840540583444598e-02	   2.7291517868823899e-02	   1.1773735006161246e-01	  -9.5839669045028580e-02	  -1.6301399325079696e-01	  -1.6348919928475480e-02	  -5.4106302208027410e-02	   2.1100907512187070e-01	   5.5715269932649143e-02	   4.2223714611424136e-02	   3.1637756398651462e-02	  -5.0019776126358280e-02	  -1.2055968860680789e-01	   3.4065718601770828e-01	   4.6943894876563974e-01	   3.8510680285612026e-01	   3.4868663985632781e-01	   6.0397839569966816e-01	   2.5944288602398730e-01	   5.6278701852742280e-02	   4.6131037627227867e-02	   2.3383994649081152e-01	   3.7540790437807947e-01	   8.3309043685029047e-02	   6.5720413468376135e-02	   3.3283727563207061e-01	   4.0556163770599740e-01	   1.3138369308247000e-01	   6.5954805605751579e-02	   2.1693881978285220e-01	   2.3091353851096694e-01	   1.9997219980526185e-01	   1.6662400255463762e-02	   3.9299281161819299e-02	   1.8105725548277371e-01	   1.7610919483112747e-01	   1.7568815667768068e-02	  -4.9474994792761288e-02	   5.8782086752941040e-02	   1.3672864191946438e-01	  -4.0716441176940343e-02	
   6.9478469320169367e-01	   2.9591236428408801e-01	   1.6845907669676152e-01	   1.9343663348693849e-02	  -2.3500224315188778e-02	   5.8259224889573066e-02	   1.4154297923966902e-01	   1.9342304629625456e-01	   4.7208371909650278e-02	   3.1812263095586324e-02	   0.0000000000000000e+00	   7.3166258136913842e-01	   5.2241726492390250e-01	   3.2256075058664657e-01	   2.5608914446012271e-01	   3.4385137503813140e-01	   3.5515445709826909e-01	   2.3731833313890582e-01	   5.2597832171939127e-02	  -1.3372598048372974e-01	   2.2540040570482306e-01	   3.8942157218740669e-01	   2.4485459854376479e-01	   2.4076913205684075e-01	   3.0339052163811064e-01	   3.6424683078102610e-01	   3.2630818596203964e-01	   3.9821253086929298e-01	   1.6939978248619314e-01	   1.1527760838487518e-01	   1.8731656674571240e-01	   2.0099971843301417e-01	   3.8001678702134800e-01	   3.3292059125684376e-01	   7.1619205651944892e-02	   1.0497246936291514e-01	   1.2950675067212727e-01	   8.2446203875021606e-02	   1.8516563863047075e-01	  -4.1663884379653217e-02	   1.2743610476643533e-01	  -1.0689334207357674e-02	   2.2468281972466259e-01	   2.8562354855390293e-01	   1.8822467472635329e-01	   3.2329082149426347e-01	   2.1022894644416487e-01	   2.2552866654010251e-01	   1.9608929263970859e-01	   2.2565894231398187e-01	   2.5128600679699425e-01	   2.4350077556216623e-01	   2.3453041006936765e-01	   6.9682947553991695e-02	   1.6227434226593260e-01	   3.4962373361655960e-02	   4.5584530435924397e-01	   4.1107250385338800e-01	   1.2664291555335713e-01	   1.9576414110595211e-01	   2.8292260089541377e-01	  -7.5312562385736984e-02	   4.7100281464533239e-01	   3.8238758699736602e-01	  -2.1201190336079850e-02	   1.0215457683229148e-01	   1.4525161415305884e-01	   8.3202578604656435e-02	   2.1968236258415440e-02	   1.8192374465636948e-01	   4.1086504556523057e-01	   4.5655846250537818e-01	   5.1125311796287276e-01	   3.7401060403984210e-01	   5.1649294584071104e-01	   4.0610543404078181e-01	   4.6006201550439135e-01	   1.8637020561026163e-01	   3.7741129641634522e-02	   1.0639435192812396e-01	   1.9176758153477677e-01	   2.2468705492446148e-01	   2.4129149990687737e-01	   1.1327896143316342e-01	   2.8541738970910674e-01	   3.1067112246459577e-01	   1.9269780289817098e-01	  -1.2854712983651168e-01	   1.2977105094385233e-01	   3.9025354527713621e-02	   2.4167583681336985e-01	   3.3752697030027493e-02	   6.3365523812556543e-02	  -1.9007362250277240e-01	  -4.0292813698953495e-01	  -3.4667439691963708e-01	  -1.0677677919884687e-01	  -1.2268922250448280e-01	   1.5862128957029170e-01	   1.7743141230058215e-01	   1.5767261704427440e-01	   1.1713128745812545e-02	   1.4308444566016501e-01	   2.0634358679235695e-01	   1.6948682522888839e-01	   1.8040589488657593e-01	  -3.6456962441623220e-02	   7.5395359178039453e-02	  -2.2930990507121191e-01	  -9.6564851706428742e-02	   1.4857330325116982e-01	   1.2321818244279201e-01	  -1.3968179741804371e-01	   2.9164933446007874e-01	   2.2734627114475298e-01	  -1.2176209221369508e-01	
   5.2048052199140760e-01	   2.9419263657789979e-01	   1.2061250959635683e-01	   1.2707982233248782e-01	   9.7363592451899350e-02	  -1.0326059953590988e-02	   1.2735608571750984e-01	   4.0078346689677474e-01	   8.2414242743833604e-02	   6.9882022038433037e-02	   7.3166258136913842e-01	   0.0000000000000000e+00	   2.8819067829830042e-01	   5.4429483047208893e-01	   1.0414640853526151e-01	   1.1161761527560776e-01	   1.6763379802737149e-01	   9.1189761266659286e-02	   2.7240087106621885e-02	  -9.7578577160078742e-02	   4.9704832086394160e-02	   3.0801181411209655e-01	  -5.9840121892386751e-02	   2.0090446164293233e-02	   7.1754426164186633e-02	   7.3429732423603386e-02	   4.1668118504720485e-02	   5.2102280520887626e-02	   1.6041725411150343e-01	   2.3942163886630463e-01	   2.7485496102554363e-01	   2.4188074028040413e-01	   2.8658177990528366e-01	   3.0620597949180828e-01	  -9.9582484758417633e-02	  -1.2563106674406990e-04	   6.3561466184105408e-02	   3.2793481244420122e-02	   2.0072820145946260e-01	   7.4227414356834248e-02	   2.2680981090091151e-01	   7.3080281984461759e-02	   3.3320252151395191e-01	   4.3218759646521127e-01	   3.5225651056714957e-01	   4.3037095122898994e-01	   3.4389609521732961e-01	   3.1510475901313795e-01	   4.7528099067918239e-01	   4.4844123954269144e-01	   3.8643350438229906e-01	   3.5824879914837898e-01	   4.5943443810945117e-01	   1.0868165210621057e-01	   3.6157116058696420e-01	   2.0218960372958245e-01	   2.8494177367714463e-01	   4.3542957521649867e-01	   4.1379541954527693e-01	   4.7879141993742436e-01	   2.6539966084036393e-01	   1.4741329143951026e-01	   4.3929405805232247e-01	   5.7030060127321314e-01	  -2.3794489898953436e-01	  -1.4003936619687460e-01	   3.0235221351462460e-01	   1.9460832385103882e-01	   3.7268593694396890e-02	   2.6742330585359020e-01	   9.7249487206576085e-02	   2.5335046640868819e-01	   2.7154259540561154e-01	   2.3810474725121208e-01	   3.4869604369702550e-01	   3.9483825953927454e-01	   2.1605782932316023e-01	   1.8136686427784385e-01	   8.2623822991357922e-05	  -1.1716434227439539e-01	  -1.1049737125314653e-01	  -2.0559621002112265e-02	  -8.5197755969232500e-02	  -9.0815939509060098e-02	  -2.1778731479723323e-02	   6.3432675856714971e-02	  -1.1991847184326700e-01	  -2.8271149190107447e-01	   9.0793257786873693e-02	   2.6165463062342276e-01	   1.3494177270327476e-01	  -2.1129771908704589e-01	  -1.0757361653484809e-01	  -3.8417372509779035e-01	  -2.1738081966287984e-01	  -3.9048799528583374e-02	  -2.8360193194924329e-02	  -4.8636048377000557e-02	   2.6588960446202919e-01	   1.7133597543845033e-01	   3.4708886475102763e-01	  -1.4551114565138007e-01	   1.5900763146478553e-01	   8.9982753087306272e-02	   1.6530546246098204e-02	   4.6829516088356726e-02	   2.0571376920849929e-01	   2.6302147379196222e-01	  -1.3531133216682656e-01	  -1.0269949868850439e-01	  -3.2587037243483178e-03	   1.9742802533481482e-01	   3.0999478582654248e-02	   1.6050023759545554e-01	   6.6565419096905734e-02	   7.1154715121234655e-02	
   1.3711970615850627e-01	   2.3831571401123555e-01	   4.5965392630849983e-01	   2.8830706504272013e-01	   2.4571445524331462e-01	   3.3839893786437300e-02	   4.3360076564922106e-01	   4.5453044536403020e-01	   3.2970316745410033e-01	   2.5134648885403910e-01	   5.2241726492390250e-01	   2.8819067829830042e-01	   0.0000000000000000e+00	   6.1953995294786823e-01	   6.4454875431359404e-01	   3.7321824559850730e-01	  -2.2245243634936789e-02	  -1.4342708148223027e-01	  -3.3196715035579444e-01	  -5.1695576667853105e-01	   6.8313180742795828e-03	   9.6177058745778005e-02	   2.6179031448003831e-01	   3.6488106615935895e-01	   1.3539077618622986e-01	   1.0405494449973508e-01	   1.8782600912522918e-01	  -1.5791724181075356e-02	   8.5866215542814955e-02	   2.0211343323065020e-01	   3.6205311382404992e-01	   4.0726766672265591e-01	   3.0020891914966019e-01	   2.2401432138553123e-01	   1.8982908381429664e-01	   3.0259462931923847e-01	   5.0814456391780324e-02	   1.0693597161131903e-01	   1.9078816832976966e-01	   8.6351375879861525e-02	   6.5295641526694162e-02	   3.0268109557508895e-03	   6.4112404985029875e-02	   1.8364054193303053e-01	   1.7888917173884616e-01	   2.9830747741489211e-01	   6.7911272655433771e-02	   1.5694273669664832e-01	   1.2576413995959462e-01	   2.5273457508221298e-01	   2.6680284032723128e-01	   2.3797846578163614e-01	   2.3313647754803205e-01	   2.7109164437965555e-01	   7.2912983044235824e-02	   4.1077430541498317e-02	  -9.8049009043107385e-02	   2.8996123541657474e-02	   3.3547330293814398e-01	   2.7835010598655929e-01	   4.6704986701213413e-01	   2.9792072415002130e-01	  -1.9925909299444520e-02	   8.2597595621222139e-02	   7.9546015898273981e-02	   3.4049232303181437e-01	   1.8427161161247033e-01	   2.0977865746003468e-01	  -2.1359443620137150e-01	  -9.1353370648915216e-02	   1.2392176789978558e-01	   1.2749741254080915e-01	   2.0418630305658148e-01	   2.8848321918483921e-01	   2.5959146928616766e-01	   3.7386430137066068e-01	   3.0019684758093729e-01	   2.4063091251493407e-01	  -6.4912834041505980e-03	   9.2914368585090376e-02	   2.6990748277457616e-01	   2.9409970468065566e-01	   2.5467897800650718e-01	   1.0642550099412483e-01	   2.7625917428185570e-01	   2.9208082125056295e-01	  -4.1607264226129995e-02	   7.5724790458815661e-04	   9.1342783403489378e-02	   1.8514594067450735e-01	   2.2729536985914453e-01	  -8.2942877361790485e-02	   3.1442507358565619e-01	  -9.2492311831832166e-02	  -2.5420030522277520e-01	  -2.7387065773377472e-01	  -6.4099878505791033e-02	  -1.0393936072864209e-02	   2.7537480595218912e-02	   5.7554532784476350e-02	   3.4359213004545536e-01	   9.0278210368872819e-02	   4.3989083091723905e-02	  -2.1952620035322900e-02	   4.7407011758432267e-02	   7.7392247981125678e-02	   1.2613374970095956e-01	   2.1474848971345072e-02	  -1.1225193737190164e-01	  -4.3585460329294341e-02	   1.0024575120325857e-01	   1.5897303014456066e-01	  -1.7221543164323235e-03	   1.2084067901203169e-01	   1.3021915826101374e-01	   7.8471186613632116e-02	
