   0.0000000000000000e+00	   1.1615597786928424e+00	   3.8641517032146377e-01	   2.4873506360862324e-01	   2.5315691789836048e-01	   3.5046126252253657e-01	   4.5196189570269302e-01	   2.8925140520686249e-01	   2.0710573079823405e-01	   2.7641380334072818e-01	   4.9160698847876622e-01	   3.3640609700811347e-01	   1.7484911046522308e-01	   5.0004467907535155e-02	   1.4731899222509909e-01	   9.6096175196230343e-02	   9.3742580652577467e-01	   6.8190242596541195e-01	   9.9597138831240195e-01	   7.6810201607691186e-01	   3.5018967282635427e-01	   3.6892183055525274e-01	   1.9101324637290334e-01	   1.5986129880712310e-01	   4.3725832432544676e-01	   4.1960712468060390e-01	   3.3424703303395814e-01	   3.7243860613581514e-01	   1.6195981144280935e-01	   1.6781440153664484e-01	   3.7037765932054972e-01	   1.6578412261131434e-01	   5.9196165658815614e-01	   3.7541727469436836e-01	   3.8695456549050872e-01	   3.5361174647035692e-01	   1.6019654365830746e-01	   2.8361297274046249e-01	   2.4733515274373091e-01	   5.4599377383312175e-01	   2.1582389505918825e-01	   4.1710462227243683e-01	   1.0902186735442352e+00	   9.5947344423159420e-01	   9.4432111530337637e-01	   9.4372590892490815e-01	   9.8503997508630192e-01	   1.0974282125500106e+00	   5.9273676925818797e-01	   7.8409728155810587e-01	   5.5596599219402487e-01	   4.5267827441249608e-01	   5.8866668563859148e-01	   5.2188401677180551e-01	   8.1080520337752804e-01	   9.7913228987015677e-01	   1.3832793926479823e+00	   9.9877503429160497e-01	   7.2405382971638665e-01	   7.0431204516789914e-01	   6.5155304694876437e-01	   2.9331852878489029e-01	   7.2610980534436553e-01	   5.8816431494544830e-01	   1.1297103673990695e-01	   2.2660409356455763e-01	   7.6790447466015499e-01	   6.7801585737834114e-01	   6.2686205051504096e-01	   7.7022156121413698e-01	  -5.6367059931701456e-02	   1.3917221505400196e-01	   4.4708800862931014e-01	   4.3032616737034335e-01	   4.4551305115576212e-01	   3.0306788747247582e-01	   5.6704304277047135e-01	   4.8218054529510218e-01	   4.6662133012366891e-01	   4.6976574934598908e-01	   8.9293401947646855e-01	   7.6723270283087364e-01	   2.1188156349209411e-01	   4.3922252951429031e-01	   4.3315430169523961e-01	   3.7349552317970847e-01	   3.6193362177904981e-01	   4.1820702598315052e-01	   5.6988226576571466e-01	   7.7019638950205216e-01	   7.8265673962023730e-01	   7.4817606470610598e-01	   3.3995870447368903e-01	   5.0015977736007422e-01	   1.7530973578211834e-01	   2.2509534941091186e-01	   6.0755678299426097e-01	   7.3195105343896005e-01	   9.6852163401443048e-01	   1.0905790208863919e+00	   3.3961927653460600e-01	   6.2790053397530987e-01	   5.8136008961908903e-01	   8.2154812863470728e-01	   3.1008842502586603e-01	   2.7326703132196273e-01	   5.6190940949031332e-01	   6.2058023202016210e-01	   9.6920965475184251e-02	   2.8583005734019434e-01	   6.8424733483040068e-01	   8.2734404453303290e-01	   4.6878362987304617e-01	   2.8930842845317706e-01	  -3.1198527070354740e-02	  -1.3561723009647023e-01	
   1.1615597786928424e+00	   0.0000000000000000e+00	   2.6960541478715927e-01	   3.8392729449444735e-01	   3.6098871355258005e-01	   4.7069592027046286e-01	   3.1923997735168441e-01	   3.4712003251596191e-01	   4.0404610526947271e-01	   3.8133007965939780e-01	   4.2715634214404030e-01	   5.6617919917898185e-01	   2.2757512985816977e-02	   1.7336921033623642e-01	   1.1927729790103561e-01	   2.5769141300203569e-01	   8.1686762284761705e-01	   9.3070042026984967e-01	   9.6510238738906939e-01	   9.6473448855617649e-01	   3.1063856045193106e-01	   4.0760511084464923e-01	   2.4141425242703241e-02	   6.7621541756364395e-02	   3.4938697741603642e-01	   3.7147807010052547e-01	   1.6166923216316023e-01	   2.4831347173286880e-01	   3.7554453158553330e-01	   4.2018875402669659e-01	   3.0880979574569550e-01	   1.6790030072964549e-01	   4.2292290268978994e-01	   3.6940017784420193e-01	   4.8073499455841023e-02	   6.0069489909384037e-02	   6.8898829647017823e-02	   2.3194888433130695e-01	   1.5152763887876206e-01	   3.9630816804598684e-01	   2.4246122695085795e-01	   4.1802276117377457e-01	   7.5940478339654049e-01	   7.6856818491534418e-01	   6.4370589928199495e-01	   8.0057534699108124e-01	   8.7494731922845181e-01	   9.2996453644486177e-01	   4.9766539923399056e-01	   7.6839146389667845e-01	   3.6280687583266624e-01	   3.9925136794410676e-01	   6.5933385005960510e-01	   7.9247474904088711e-01	   6.0208282297318660e-01	   7.4246497319022153e-01	   1.1238489470462367e+00	   1.3231667634734099e+00	   6.1065846180671313e-01	   8.4247635733887105e-01	   5.1604527055582894e-01	   3.1371106468809407e-01	   7.2365931763905300e-01	   7.8659439955182731e-01	  -1.1986245298019238e-01	   5.0241098468406888e-02	   4.9493366542711026e-01	   3.4762665900739709e-01	   6.7733909792591707e-01	   6.4706848613378154e-01	   1.4386379219227907e-01	   2.7394014778550585e-01	   4.1940548311287340e-01	   5.0702440999022846e-01	   2.8457758369837610e-01	   3.5262204485770687e-01	   5.5652644804119356e-01	   6.0249413992574252e-01	   4.9977570058966603e-01	   6.3301662726542851e-01	   9.3100706151315260e-01	   6.8534506519570448e-01	   3.4913255412055788e-01	   6.1495122338509267e-01	   2.7730073538039551e-01	   2.0217353772359423e-01	   2.6961733844600516e-01	   3.1390981694632164e-01	   4.8690494443912530e-01	   7.0781036231925631e-01	   8.6715898979234651e-01	   7.0142641583643317e-01	   4.8457474180225002e-01	   5.3795049400476991e-01	   2.8288769144293197e-01	   3.0484019443036953e-01	   5.7954557665540063e-01	   6.4272730441835213e-01	   7.9754429513906977e-01	   8.8310196043984157e-01	   5.1126603886770761e-01	   7.3656883070613832e-01	   7.7785908212736465e-01	   8.7444966366568622e-01	   3.5208092930693791e-01	   1.8653074066128650e-01	   6.8131595703831949e-01	   7.3931991566242916e-01	   1.7113986198854356e-01	   3.9765503345522579e-01	   5.2511138529685608e-01	   8.3413998385339938e-01	   5.5985236140624872e-01	   4.5051272788898666e-01	  -6.7476399910176149e-02	  -1.9061380319491195e-01	
   3.8641517032146377e-01	   2.6960541478715927e-01	   0.0000000000000000e+00	   7.0178542960314116e-01	   8.9775662120051647e-01	   6.5968335245132792e-01	   1.3150882904413079e+00	   6.3790554215686701e-01	   6.4740327242802831e-01	   5.8617370186204032e-01	   6.9000931847717939e-02	  -1.4228138444164570e-01	   4.0144949051002476e-01	   1.3200519641396363e-01	   6.8804242364672596e-01	   5.0562450586730323e-01	   4.9478263146974224e-03	  -3.7382811901989908e-02	   4.7266340733231094e-01	   3.9012107551291170e-01	   5.3447473480695840e-01	   5.8729887669721692e-01	   1.1822509200968747e+00	   9.8877973305692712e-01	   1.0697081535873227e+00	   1.0302989484414387e+00	   6.7400815660383195e-01	   6.0081828312420871e-01	  -1.1836661368263750e-01	  -1.1364418220269161e-01	   8.7145143045138329e-01	   7.2242776536715059e-01	   7.0422028235574852e-01	   4.5149618617504300e-01	   6.7580259527744824e-01	   7.0137844686486162e-01	   3.2655156857706308e-01	   1.8037051098590301e-01	   6.1048996843512793e-01	   5.8285622142234939e-01	   2.6491939420769994e-01	   3.1582135025616748e-01	   4.7668960451027143e-01	   4.3547048865382371e-01	   5.7484297058086309e-01	   4.4546229668436560e-01	   2.9443584998883648e-01	   3.7929002366982462e-01	   5.6463815345301149e-01	   2.9094608989526649e-01	   7.6465497615497457e-01	   5.0158839003400868e-01	   4.7275147102953746e-01	   2.3090374376506309e-01	   6.0884884197772848e-01	   5.4705404538048430e-01	   1.4134770223785303e-01	   8.0079900605930010e-02	   3.4784749934780779e-01	   2.7233028559138911e-01	   2.7430591828494338e-01	   3.8452296040504136e-01	   2.0508060660339072e-01	   4.7804331954008406e-02	   8.3407981841660706e-01	   7.1361436239411646e-01	   7.8936597428126831e-01	   7.2039720999173285e-01	   3.0092517519547163e-01	   4.8428675498548723e-01	  -1.1230351541453568e-01	   5.4673769092653694e-02	   4.5276545621029632e-02	   4.1187634008322593e-02	   1.4617470220505169e-01	   1.8462325924141272e-02	   2.3205070358302610e-01	   1.8970422528620806e-01	  -9.6484251300180471e-02	  -7.8023946198385513e-02	   2.3466765604973205e-01	   4.3845979531516399e-01	   6.7647560263197148e-01	   5.2172267825701768e-01	   8.6467950828176832e-01	   4.8533076836696470e-01	   1.0903893934888995e+00	   7.7225662724770106e-01	   7.5030292754956862e-01	   6.9349533604219660e-01	   4.1672602464728986e-01	   7.1454245449987752e-01	   4.6094031135175306e-01	   8.3613462796669213e-01	   6.9284296017531513e-02	   2.3911541846107935e-02	   2.8488796887154511e-01	   2.6271849645282752e-01	   3.9940263410335902e-01	   4.3398576809676459e-01	   1.6852825779667030e-01	   6.1138537646408675e-01	   2.2609500488243603e-01	   5.0391296461479729e-01	   1.7761817028764532e-01	   2.6534986724063758e-01	   4.8378148429629686e-01	   3.7466893032769860e-01	  -2.9946797675802321e-02	   7.3157126308755873e-03	   4.5487233031305929e-01	   3.3814064323277859e-01	   1.7436730887606833e-01	   5.0021043942138729e-02	  -8.3190052498477510e-02	  -2.5734896697926923e-01	
   2.4873506360862324e-01	   3.8392729449444735e-01	   7.0178542960314116e-01	   0.0000000000000000e+00	   7.1480714018615754e-01	   7.6529446230621345e-01	   7.7356462278692362e-01	   1.0382114849615658e+00	   7.3166013923958917e-01	   6.2891631465658093e-01	   8.8159650564696365e-02	   3.2643365413863940e-01	   2.1138050410750980e-01	   5.1555396743358062e-01	   3.1904780642866765e-01	   6.8701801375745264e-01	   9.3483977246737154e-02	   1.3877877342946021e-01	   3.9062775168652436e-01	   5.6914220880201527e-01	   9.6076289021226766e-02	   2.5566419549476438e-01	   4.6185424627808896e-01	   7.0846817926894234e-01	   5.6219951730084772e-01	   6.6730491353432020e-01	   4.1484452976087154e-02	   8.4460766420647551e-02	   2.7002894280292022e-01	   3.2459440633688963e-01	   5.9051364516531724e-01	   7.3493576646593539e-01	   5.4652392317031728e-01	   6.6637022292579362e-01	   1.2579765096472056e-01	   2.7064701525743290e-01	   4.0658634664203197e-01	   2.8843553236335689e-01	   4.0898783297967023e-01	   4.0225137357681390e-01	   4.8877624681737597e-01	   3.7594777640328231e-01	   1.7936591564693677e-01	   1.9881936384459975e-01	   1.6143882376388718e-01	   2.1422682565390941e-01	   2.3849635692707594e-01	   2.6685794183674372e-01	   2.0554981342458847e-01	   1.6942210082370085e-01	   2.8822614025839560e-01	   2.7738237371028196e-01	   3.9147846794174190e-01	   3.9621397902548261e-01	   3.0433499718714530e-01	   3.1580025139147200e-01	   9.6179861283960610e-02	   1.0401548101229592e-01	   1.0260720055559663e-01	   2.6777611296361103e-01	   2.2371455337802124e-01	   5.9124242966598883e-01	   1.9344225711833724e-01	   3.1921185919017236e-01	   3.8751522067425048e-01	   4.3433437153313620e-01	   2.5708495310820434e-01	   2.1283016200382318e-01	   2.0283704938483910e-01	   1.5162438141887588e-01	   2.8609981827145808e-01	   4.5449192344308825e-01	   9.0912934466249345e-02	   1.3718931318637992e-01	   1.4744343181808384e-01	   9.5524182561144644e-02	   4.7431073519999606e-01	   5.6347763779613658e-01	   2.1673191433851735e-01	   1.1855040389660167e-01	   4.5272769041521693e-01	   5.5589125113808235e-01	   5.7696181395799073e-01	   7.6928642929742719e-01	   6.2964326806036219e-01	   7.1906367810785221e-01	   4.0065394585713532e-01	   6.0147170735792588e-01	   5.0299425876334469e-01	   7.5563660923293374e-01	   5.0518848593499532e-01	   5.8337023113313347e-01	   7.7050394499677588e-01	   6.6819906386409733e-01	   4.6957721661628604e-01	   3.2688261769713878e-01	   3.6970935835497426e-01	   3.1712140465423883e-01	   2.2026448412353436e-01	   2.7031844493223550e-01	   5.4952033910437614e-01	   5.7455568486459530e-01	   5.4150613053866092e-01	   5.0843801592781590e-01	   3.2912883035303575e-01	   2.5141723647781505e-01	   4.7727501152567403e-01	   3.5119644575108228e-01	   1.0687623388800832e-01	   2.5024618086120243e-01	   3.0419051120072149e-01	   3.9231717979063696e-01	   4.2701203026491802e-01	   4.7692046742176641e-01	   1.3880239585366730e-01	  -9.3564987853719597e-02	
   2.5315691789836048e-01	   3.6098871355258005e-01	   8.9775662120051647e-01	   7.1480714018615754e-01	   0.0000000000000000e+00	   1.0158247324852916e+00	   1.0319911552029519e+00	   8.8952561032977995e-01	   1.2093282304453081e+00	   8.3864085906092634e-01	  -1.8825551273669280e-01	   2.0231548673404820e-02	   1.8311664651427637e-01	   2.2427325876555906e-01	   4.1981996802481630e-01	   5.3419785891507532e-01	  -1.0230879394429686e-01	   1.0347949416828373e-01	   3.3231107335268384e-01	   3.4472838182226628e-01	   3.9276999530776857e-01	   4.9274356744298398e-01	   4.7767478860229495e-01	   4.7875875210189545e-01	   9.9162224904572605e-01	   8.7339588031902582e-01	   3.0768180438608644e-01	   3.4234165792288757e-01	  -1.1022667711659249e-01	   2.2602103222439118e-02	   3.8205214019111955e-01	   3.6952803154782771e-01	   4.4064746213890038e-01	   3.6602367241280859e-01	   2.3527860587046326e-01	   4.3328306861348198e-01	   1.6368647625308996e-01	   9.7752995986567920e-02	   4.1804337408791681e-01	   3.5419669052337427e-01	   2.5833330457118564e-01	   2.2671093611599352e-01	   3.5386756684949527e-01	   3.2293144959096398e-01	   4.1635940831656287e-01	   4.1270833504759352e-01	   2.3484692537564350e-01	   3.4745398576812964e-01	   6.3264225366874360e-01	   3.6316028370327913e-01	   5.7850643242852418e-01	   5.1839781312352651e-01	   4.4112830512393053e-01	   2.5510600315372056e-01	   5.0030807837245650e-01	   4.3073825176169517e-01	   1.3018640170254658e-01	   2.0796418210152973e-01	   4.2402887235972209e-01	   4.5178501133315485e-01	   1.0031654782073186e-01	   3.5335043465629867e-01	   4.9770551284724844e-02	   1.0999700469876546e-01	   3.5529515673522255e-01	   4.6655954122547327e-01	   5.9523080158888109e-01	   5.1843747673218044e-01	   2.9501335514976751e-01	   3.9704374693252303e-01	   7.5154377146565655e-03	   3.5796908690896426e-02	  -3.8335978687797756e-02	   3.1855167962082570e-02	  -6.0944273838166668e-02	  -9.1760610962182670e-03	   2.2294421561098926e-01	   2.6295143533065063e-01	  -1.8968290592116210e-01	  -3.1856317634555979e-02	   6.8905696097211699e-02	   2.5896107843175709e-01	   4.8636413887054875e-01	   5.8267575435402819e-01	   3.1021815978040551e-01	   2.6828862759357069e-01	   5.2982619914237072e-01	   3.4845694412987849e-01	   5.2171732816832650e-01	   6.2787905251667420e-01	   5.2004842826224018e-01	   7.0663890534179885e-01	   6.6310829860670917e-01	   8.9327586499248901e-01	   9.7649697809223848e-02	   2.4049446443702610e-01	   1.6139788312849476e-01	   2.4080133845624432e-01	   4.0413577323988503e-01	   3.9492066886113386e-01	   4.8615480752975143e-01	   8.2224305635432060e-01	   4.3664178720528091e-01	   6.4430596926869987e-01	   3.0535221789963524e-01	   1.5403945238016820e-01	   5.9597986476345388e-01	   5.2916015714097187e-01	   1.7584500257266400e-01	   1.8863277245823476e-01	   3.1216445346943633e-01	   3.9108698644292755e-01	   3.2874416789953032e-01	   1.6141122299527116e-01	  -1.2447734902018799e-01	  -3.1605419570112392e-01	
   3.5046126252253657e-01	   4.7069592027046286e-01	   6.5968335245132792e-01	   7.6529446230621345e-01	   1.0158247324852916e+00	   0.0000000000000000e+00	   7.7937862484350129e-01	   1.0235610234558179e+00	   8.7237931769944765e-01	   1.0993494688050054e+00	  -3.9392175956920607e-02	   1.9858130486670808e-01	   1.0719293476623626e-01	   2.4741525234304101e-01	   4.8626848876657225e-01	   6.3559700322764989e-01	  -8.5677953112482238e-06	   1.5074014496165875e-01	   3.9177114059039320e-01	   4.1740917546108630e-01	   3.5260459112130954e-01	   6.8900687606125810e-01	   4.3301321684099991e-01	   5.3941941857636111e-01	   8.4399059624598660e-01	   9.4387487254819991e-01	   4.0352330369122424e-01	   5.7331435566920064e-01	  -1.6735720505328781e-02	   4.9399038025578025e-02	   2.8416242380164780e-01	   2.6972169112947669e-01	   2.9605630562912050e-01	   2.1730642361864277e-01	   1.5657439751631447e-01	   3.0838596137256019e-01	   1.9320228416957316e-01	   2.1221637438093580e-01	   4.8848379538659498e-01	   4.0936489133913989e-01	   1.8970466089573276e-01	   2.2561626658903758e-01	   4.3265977935493055e-01	   4.3041160938752127e-01	   3.6811356175597459e-01	   4.0306981459496549e-01	   3.5029609271110623e-01	   4.4621261215581565e-01	   4.4921542657788249e-01	   4.0732025342797368e-01	   4.2906314598985307e-01	   4.1855465517257673e-01	   4.6941035517807467e-01	   4.1064457010252442e-01	   5.2282740875787903e-01	   5.0551167228684957e-01	   1.7319898042598328e-01	   3.3066495284196940e-01	   4.0478842442262841e-01	   6.2493492230008163e-01	   1.1253407628968230e-01	   3.0334433844174785e-01	   1.1406450467933558e-01	   1.5581762802486149e-01	   1.9103818698610395e-01	   2.8031531397270476e-01	   4.0243271307847456e-01	   3.8095154995768243e-01	   3.5756314476335821e-01	   3.9558760662650355e-01	  -7.5846324880800772e-02	   1.7616436416234615e-01	   4.0140734081732559e-04	   6.1733044933043144e-02	  -3.7117029561006327e-02	   4.8423925661392357e-02	   2.5104676373359341e-01	   3.4812589212304629e-01	  -2.1642527725917424e-01	   3.1702619719899065e-02	   1.5055989946620840e-01	   2.5302112856536718e-01	   4.4915260838682614e-01	   4.8154109301836029e-01	   2.8833228018936408e-01	   2.3570093594660130e-01	   5.5345938892335078e-01	   4.7274786206387964e-01	   7.1853773289646117e-01	   7.0457151410522090e-01	   6.1695015855018198e-01	   6.1278023454718444e-01	   7.9095449668694073e-01	   6.9680281440200131e-01	   1.8212450230798213e-01	   3.4382446425012131e-01	   2.6197138194099723e-01	   4.1407916314593901e-01	   4.5252771373299194e-01	   4.4563065785361100e-01	   6.5066693651409158e-01	   8.0771807263342976e-01	   6.8870354731847361e-01	   7.2415866087085901e-01	   4.1603492825508326e-01	   1.3932785485098229e-01	   7.5710302907234417e-01	   6.3655020133719520e-01	   2.4339859196360411e-01	   3.1777096042936864e-01	   3.8123783555816826e-01	   4.7403577367675193e-01	   4.3399578600604083e-01	   2.3137978160599038e-01	  -1.4537231544183984e-01	  -2.2666212676980385e-01	
   4.5196189570269302e-01	   3.1923997735168441e-01	   1.3150882904413079e+00	   7.7356462278692362e-01	   1.0319911552029519e+00	   7.7937862484350129e-01	   0.0000000000000000e+00	   9.9633910962308736e-01	   6.9061793650161596e-01	   6.6017746046682590e-01	   8.4119536958750851e-02	   9.5968928118732397e-03	   4.0859187832198279e-01	   2.0366808731246283e-01	   4.6478963940119028e-01	   4.6123561387730477e-01	   5.4229009287066032e-02	   5.1364363399531127e-02	   4.6668140807979580e-01	   4.4618985444030801e-01	   3.7596765379880204e-01	   5.0287510249273837e-01	   7.8403469610875076e-01	   7.1827932598827371e-01	   9.9072821912667819e-01	   8.5385349234466867e-01	   4.3923303157287519e-01	   4.6607373982863998e-01	  -2.8651444575587458e-02	   1.4895532414008634e-02	   6.9853293173051612e-01	   6.5316976854431297e-01	   8.1042172717794181e-01	   6.1967009725713507e-01	   6.0061815707451505e-01	   7.1392320401676368e-01	   2.3004040491928890e-01	   1.1288507634755753e-01	   5.4670531726924199e-01	   4.8750240333452988e-01	   1.8233641821389751e-01	   2.4588883072909151e-01	   5.2881434815789197e-01	   4.2769254391565198e-01	   5.7713428665935473e-01	   4.8055749387792185e-01	   3.3051070160207091e-01	   4.2360315065173787e-01	   5.6471915814573415e-01	   3.1775641119375930e-01	   6.6599579871855408e-01	   4.6805660286112161e-01	   5.0823759744546515e-01	   2.7559294582180710e-01	   6.0602138858703214e-01	   5.6153353830758379e-01	   1.9362442811649130e-01	   1.6332480980627456e-01	   4.0718230870432376e-01	   3.0143740600666658e-01	   3.6231790758567295e-01	   4.8512500845381323e-01	   1.3053991132468629e-01	   1.1043752784680018e-01	   6.7478265358152878e-01	   6.7380495549563280e-01	   8.0443170808565567e-01	   7.6953483399109457e-01	   3.5566985221811831e-01	   4.9150964645947204e-01	  -3.7801836642425354e-02	   5.0363849239599117e-03	   8.9622053993638123e-02	   8.0133835914809159e-02	   1.8013858413968015e-01	   7.3843487408014316e-02	   2.6686618774084264e-01	   2.5225754859401645e-01	  -1.0252827516869366e-02	   2.4453779909020347e-02	   2.8523307998335579e-01	   5.0647404476444757e-01	   4.3119961875314050e-01	   5.0908111863606131e-01	   6.9714504202910810e-01	   5.3641521336235787e-01	   7.1382211642890736e-01	   6.4139546268941283e-01	   7.1484093108363489e-01	   7.6357826929481187e-01	   5.0106714338062019e-01	   7.2830758542108764e-01	   5.6037016224050640e-01	   8.3521576347650095e-01	   2.5098032307571477e-01	   3.1238159059581755e-01	   3.1623545789391860e-01	   3.4173121146207547e-01	   4.1623708310439600e-01	   4.4256569495968101e-01	   4.1177909640930699e-01	   7.8596315645251069e-01	   3.7703911235853738e-01	   6.7168018361784299e-01	   2.3456490483049147e-01	   2.7746609732225219e-01	   4.9344540608249576e-01	   4.7271578955518545e-01	   1.6206148308656451e-01	   1.9770566735768197e-01	   4.8449849030137287e-01	   4.0182170036944459e-01	   2.7872665840254729e-01	   1.4936193354247460e-01	  -8.8175221216306388e-02	  -2.9080928418742080e-01	
   2.8925140520686249e-01	   3.4712003251596191e-01	   6.3790554215686701e-01	   1.0382114849615658e+00	   8.8952561032977995e-01	   1.0235610234558179e+00	   9.9633910962308736e-01	   0.0000000000000000e+00	   7.3513378397684903e-01	   8.1217828373929268e-01	  -7.2170406758383376e-02	   3.3261749513093175e-01	   1.8666134093780157e-01	   4.4872072635379034e-01	   3.3420207354129705e-01	   6.3257008615434052e-01	  -7.1361030598161047e-03	   5.4283928794485799e-02	   2.4537188427276641e-01	   2.9718049909077870e-01	   1.8933389553975494e-01	   4.0774049863297074e-01	   4.7062876164632828e-01	   6.1035315584255767e-01	   6.7172728849770746e-01	   6.7592822637768946e-01	   1.7610807745861981e-01	   2.3256928796169771e-01	   1.5647299238968862e-02	   1.2746131887194942e-01	   4.6617313187577319e-01	   5.6025989324408687e-01	   4.7296813260963244e-01	   5.3456434959207311e-01	   1.4864904912849969e-01	   3.5604183269449935e-01	   2.3855101035157472e-01	   2.0963323321108920e-01	   4.1976344522751430e-01	   3.9324606146941415e-01	   2.3737202391833850e-01	   2.2441518880262612e-01	   3.6486776084913186e-01	   2.9379591457225362e-01	   3.0948118782658768e-01	   3.5013408389787160e-01	   2.9002945694138171e-01	   3.1978629631368721e-01	   3.3511442390195662e-01	   3.4555224482755037e-01	   3.3565639716841000e-01	   4.0138374165001162e-01	   3.8377515339574053e-01	   2.8782706897956606e-01	   4.1826963549381985e-01	   3.9229911587771221e-01	   8.5983145290203830e-02	   1.2996949519857676e-01	   1.8495576599462438e-01	   3.9328898566794895e-01	   1.7526200656321381e-01	   7.7659554850153834e-01	  -4.9085299943110769e-02	   1.0003067592664916e-01	   3.8592619409042406e-01	   5.3502125074744300e-01	   3.1321680921173756e-01	   3.4761515480584254e-01	   1.4926183013554428e-01	   2.0055517413961838e-01	   1.4788170063953548e-01	   1.9802060799798735e-01	   6.7217147059149149e-02	   1.4499789260409340e-01	   6.5894500111090423e-02	   1.4400774809985720e-01	   2.5399395775240863e-01	   3.2782637797831710e-01	  -7.6143545395580797e-02	  -6.0930667597818358e-02	   2.0958733754430575e-01	   2.8629222093002371e-01	   2.9655873525172255e-01	   4.6262936494175161e-01	   4.3403385437675623e-01	   5.6154289216586206e-01	   3.9426244359990481e-01	   3.8765686005544364e-01	   5.3053995710104418e-01	   6.9405600804781742e-01	   5.3636762264018500e-01	   5.5076886850436235e-01	   7.8305553127993244e-01	   6.1866533538925339e-01	   2.9629922943351811e-01	   4.1231380791166067e-01	   3.0812630983638672e-01	   4.2237308069952761e-01	   3.3787670340987414e-01	   3.3051754703077268e-01	   7.0861074686551828e-01	   6.3006303664847463e-01	   5.1085354726529064e-01	   6.1845206521142859e-01	   3.7683254600451188e-01	   2.0005339751602316e-01	   4.4576567700918385e-01	   4.5235836715643790e-01	   2.0088080232803149e-01	   2.1964205925197289e-01	   3.4833523895010987e-01	   4.2191455358588126e-01	   4.0677466181721578e-01	   3.3811858291913133e-01	   1.0260909373907982e-01	  -1.3690531525564256e-01	
   2.0710573079823405e-01	   4.0404610526947271e-01	   6.4740327242802831e-01	   7.3166013923958917e-01	   1.2093282304453081e+00	   8.7237931769944765e-01	   6.9061793650161596e-01	   7.3513378397684903e-01	   0.0000000000000000e+00	   8.3978593906512455e-01	   2.6070133064999831e-02	   2.7055133215983446e-01	   3.0203835100243209e-01	   4.6166952657625104e-01	   5.3049739820435393e-01	   6.2382036695594512e-01	  -8.5473553027398591e-02	   1.6148696018494466e-01	   2.7158846640994400e-01	   3.0204610875959365e-01	   2.4195037211476844e-01	   3.2352955750384760e-01	   4.0947685617872293e-01	   4.6297586564120219e-01	   7.3772530715213080e-01	   6.1624678130134380e-01	   2.1834716130725698e-01	   1.7635094429691964e-01	   2.0907100040909674e-01	   2.9388259308919884e-01	   3.3439902889639833e-01	   3.1681397548582330e-01	   3.1264614188439743e-01	   2.3984141920200552e-01	   7.2604824612474125e-02	   1.7520260479493374e-01	   3.3342902800800195e-01	   3.5234826332068958e-01	   3.4706473766436902e-01	   3.7800436259717402e-01	   4.9129732920334612e-01	   4.3954318608494414e-01	   2.2463458288864446e-01	   2.7236214899803723e-01	   2.5462875311910294e-01	   3.2647837820184245e-01	   2.4904203801532820e-01	   3.2986960932038273e-01	   5.9768387801172929e-01	   4.4734743432393043e-01	   5.3231714971322852e-01	   4.6569611427705437e-01	   5.6681368785622865e-01	   4.0749522389319115e-01	   4.2374623059175098e-01	   4.2583421252913811e-01	   1.8018674526438022e-01	   2.7576010495580139e-01	   5.5763416768203578e-01	   6.4790967190197057e-01	   2.3020275506319421e-01	   3.2446387913984759e-01	   1.8702205742232308e-01	   2.2321497236297544e-01	   2.4272316641086999e-01	   2.6460880780550716e-01	   4.3924561798225858e-01	   3.2871889539809551e-01	   2.7131290601579416e-01	   2.6966972735273032e-01	   2.5757862997118397e-01	   2.6746379639764140e-01	   1.9976027431202975e-01	   2.7969591401391025e-01	   3.9042816255331625e-02	   8.1099991555542289e-02	   2.9424692900536653e-01	   3.9881860559021898e-01	  -1.5197706398057328e-01	   8.5366181169000147e-02	   1.0277872735365583e-01	   2.8614408403540520e-01	   7.3156838249829170e-01	   7.6429682475807248e-01	   2.1044037399414861e-01	   2.9996296433909447e-01	   3.7734654266029638e-01	   3.3831225540640969e-01	   4.0767490066933554e-01	   6.9323721768989111e-01	   4.9770750715179224e-01	   6.7634101318407414e-01	   5.8783400815725340e-01	   7.0928002729828921e-01	   1.9112217683299026e-01	   2.7597304328277061e-01	   2.4057325551426401e-01	   3.1089591279428519e-01	   3.5434320884174464e-01	   3.9744033823794006e-01	   4.5099320641180579e-01	   6.8554587490218311e-01	   4.8624571937664374e-01	   6.0278359860379138e-01	   2.4928667837786952e-01	   1.3390386544744043e-01	   6.7791274148486158e-01	   5.8317309324283539e-01	   1.9737863471369269e-01	   2.5115402634716311e-01	   2.3283805088213499e-01	   3.8015040886435980e-01	   4.2581092235649554e-01	   2.7032187201218449e-01	  -1.6355175996727025e-01	  -2.9634482642805909e-01	
   2.7641380334072818e-01	   3.8133007965939780e-01	   5.8617370186204032e-01	   6.2891631465658093e-01	   8.3864085906092634e-01	   1.0993494688050054e+00	   6.6017746046682590e-01	   8.1217828373929268e-01	   8.3978593906512455e-01	   0.0000000000000000e+00	   8.9644447404247665e-02	   2.7605269337309113e-01	   2.3998104535798770e-01	   3.6147270256594305e-01	   6.3985434563278054e-01	   8.5894188813965444e-01	  -5.6807038919415978e-02	   1.8894480653602139e-02	   2.8321610529307634e-01	   3.7231514900505874e-01	   3.5198275373891397e-01	   5.4016486698002542e-01	   4.0904809749385840e-01	   4.8908986678582395e-01	   5.9594966251154324e-01	   5.2441661476772117e-01	   4.3685256585911725e-01	   4.0865067304913033e-01	   2.6677889303766402e-03	   1.0213210668888162e-01	   2.6377851400249602e-01	   2.0367851130135348e-01	   2.2834849816312194e-01	   1.2801532627275469e-01	   1.5289571515651704e-01	   2.9972234514001750e-01	   2.1657895152736822e-01	   1.9205418684828365e-01	   3.0835752932870297e-01	   3.5653824373607801e-01	   1.5766922245628642e-01	   2.3069478295945506e-01	   3.0809416649866106e-01	   2.9664804130711026e-01	   2.0749989623382070e-01	   2.3718875875780177e-01	   2.6429257175658399e-01	   3.3078163340333511e-01	   3.7117685575546294e-01	   3.1265624959734489e-01	   3.4401166049175941e-01	   3.4755141983242016e-01	   4.5672909805368034e-01	   3.6431450349079786e-01	   3.7837182860607182e-01	   3.7016599152629170e-01	   1.3310433498543489e-01	   2.4384160720957088e-01	   4.7760066782636618e-01	   5.7157395270121936e-01	   2.0430736155037327e-01	   3.7471449571159904e-01	   2.0898064700784466e-02	   1.2376099081301012e-01	   2.5503093472633026e-01	   2.8937955326813919e-01	   3.8324113838426371e-01	   3.1212131646733177e-01	   4.1302059785499834e-01	   4.2085580075377071e-01	  -1.1759352747257217e-02	   1.7548915899956777e-01	   5.9196276401241303e-02	   1.6709259055357176e-01	   8.3493997097199735e-02	   2.0690992081411980e-01	   2.8242979820781466e-01	   3.5431460616629690e-01	  -2.9563417058603364e-01	  -1.4039409704946590e-01	   1.0910125744481583e-01	   1.8774622176270794e-01	   5.4505372314908962e-01	   6.5512282792573895e-01	   2.8672528457192981e-01	   2.6629815703449961e-01	   5.3317117493460708e-01	   3.7149299713605616e-01	   6.0392638618423522e-01	   6.8672968446315363e-01	   4.5238851140058911e-01	   4.8804245207400393e-01	   5.6616614630190332e-01	   5.6934457735389099e-01	   1.8689929684043133e-01	   3.1102034048979182e-01	   2.9526362888297258e-01	   3.5024766442829541e-01	   3.4477621248071272e-01	   3.2918142804244083e-01	   4.3623527782645077e-01	   6.7928213493618372e-01	   4.9301823393541672e-01	   4.9053620413265919e-01	   1.7088407494314076e-01	  -6.7911592516868513e-02	   7.5012720800157218e-01	   6.2416296411803707e-01	   1.6491856531255823e-02	   1.9576142164577731e-01	   3.1636256966854681e-01	   3.9992820091828496e-01	   3.9074626967632908e-01	   1.6563278490646910e-01	  -1.9183942291929079e-01	  -3.7008618986009151e-01	
   4.9160698847876622e-01	   4.2715634214404030e-01	   6.9000931847717939e-02	   8.8159650564696365e-02	  -1.8825551273669280e-01	  -3.9392175956920607e-02	   8.4119536958750851e-02	  -7.2170406758383376e-02	   2.6070133064999831e-02	   8.9644447404247665e-02	   0.0000000000000000e+00	   5.9926410161475263e-01	   7.7758872923522671e-01	   4.3756647677795801e-01	   3.3380439612863444e-01	   1.8683096029113835e-01	   3.9997072850254145e-01	   3.3587137389918587e-01	   2.9266697296101951e-01	   3.8385599004072979e-01	   3.4470001447399930e-02	   4.5840110417266884e-02	   1.2591477879616186e-01	   1.0908411365270652e-01	  -8.8275044776765874e-03	  -4.6683151216167174e-02	   1.7048287536678722e-01	   1.2884387363313266e-01	   6.6111138479447873e-01	   4.5191215799506634e-01	   7.1062145203669699e-02	   2.7371279607845005e-02	   1.0980426669159790e-01	   5.8947002370536468e-02	   2.7253984173725408e-02	  -9.6782654644119698e-02	   2.5341236156926161e-01	   2.9264222700802056e-01	   5.2381463061737896e-02	   2.8981685517754818e-01	   2.1913486505231794e-01	   3.6146480581343027e-01	   2.5849361140750882e-01	   3.4598014471222016e-01	   9.8648436066950729e-02	   1.7592310742614017e-01	   3.8335334615977218e-01	   3.8701984392085126e-01	   1.9676413837425083e-01	   2.9077184806774159e-01	   2.2926689085954755e-01	   1.5136396227747198e-01	   6.2849801484033363e-01	   6.2166272053078575e-01	   2.6939904071732890e-01	   4.2266600932873555e-01	   3.5917624073675414e-01	   3.4684660776301579e-01	   4.2896551598018229e-01	   3.9769201720386949e-01	   5.1500283846378969e-01	  -1.3766378252880084e-02	   5.6323840336604536e-01	   3.6068195202778736e-01	   2.2139213949281929e-02	  -8.4363507216848280e-02	   1.8234735349337114e-01	   1.5878407009290510e-01	   3.5474806282444260e-01	   2.7379541692879772e-01	   9.5061087713740333e-02	   1.9428436974454150e-01	   4.0665936254715163e-01	   2.9434473388516652e-01	   4.7117885720934782e-01	   2.1274579036026414e-01	   3.9694059260099152e-01	   3.4238747162066996e-01	   4.2711504529513378e-01	   5.7161387956273801e-01	   5.5873636993523101e-01	   5.9447735144121516e-01	   4.0650545949907740e-01	   4.4030446735542617e-01	   4.0456465191551133e-01	   3.3949068800090282e-01	   1.3772040723955903e-01	   4.5381796374013345e-01	   2.4561865020961154e-01	   4.5789309705350262e-01	   1.9127018953517375e-01	   2.0482622754368113e-01	  -2.2061259253550736e-02	  -4.2615975758208734e-03	   2.8396441369981201e-01	   1.0822451255556892e-01	   3.6651415415119071e-01	   3.1196022232378373e-01	   1.5211940960377340e-01	   2.7865602002911088e-01	   9.9189906785199261e-02	   2.0573122788203912e-01	   2.6904067500688900e-01	   2.4060269213755131e-01	   5.6045059813640004e-02	   1.0353418430239596e-01	   2.5134188542368213e-01	   3.3084573083832020e-01	  -1.8813159767417292e-01	   1.6852883757157724e-01	   2.0605442166661117e-01	   2.6579744359635593e-01	   2.9097984270757205e-01	   3.3396780439121665e-01	   5.6621666576447807e-02	  -6.7871328355075908e-02	
   3.3640609700811347e-01	   5.6617919917898185e-01	  -1.4228138444164570e-01	   3.2643365413863940e-01	   2.0231548673404820e-02	   1.9858130486670808e-01	   9.5968928118732397e-03	   3.3261749513093175e-01	   2.7055133215983446e-01	   2.7605269337309113e-01	   5.9926410161475263e-01	   0.0000000000000000e+00	   2.9306836171056261e-01	   9.2098177502182543e-01	   1.1970024376156191e-01	   4.0361146370857681e-01	   3.0875142804699707e-01	   5.2858898782413044e-01	   2.2030598540831964e-01	   4.3602412014207348e-01	  -1.3730039518428283e-01	  -1.5804337734697149e-02	  -1.0730684805803295e-01	   7.1619459686517552e-04	  -5.1844338952188374e-02	  -9.1297642528873110e-02	  -2.1579388134103178e-01	  -2.1080729376386492e-01	   7.7700837320414573e-01	   9.6593131284441003e-01	   2.9037357901975144e-02	   1.0351524665662043e-01	   2.5587463537297250e-02	   1.9233753159143935e-01	  -4.3834953950388550e-01	  -3.6389048167666366e-01	   2.0863527475123039e-01	   3.2232801976354541e-01	  -5.4645821760094027e-02	   1.8595003703341570e-01	   2.7628082919697017e-01	   3.0691103198437841e-01	   1.1029752115581125e-01	   2.0628211897280824e-01	  -1.3704428788912462e-01	   6.3323800363368654e-02	   3.6949734595511685e-01	   3.4663201450501907e-01	   9.8255145491685410e-03	   3.5701742659673991e-01	  -4.1005510897598130e-02	   1.0305926953372478e-01	   4.8561864161849272e-01	   6.6665341562302538e-01	   1.4235501087682714e-01	   2.6739548359604060e-01	   2.8289183516114824e-01	   3.9782187640511085e-01	   1.8265297835413735e-01	   4.9202368109964129e-01	   3.1122320856820918e-01	   2.5732929454638526e-01	   2.6853454018900225e-01	   4.9881756680226352e-01	  -2.7029881435500847e-01	  -2.8070407566745459e-01	  -1.3644920985484360e-01	  -1.8179369158824105e-01	   3.0334903125384444e-01	   6.0518704200384729e-02	   4.9001012398599270e-01	   6.0444033146789256e-01	   4.5810932418450256e-01	   5.6768286509827193e-01	   2.6852179176634128e-01	   3.4113353891957049e-01	   3.4185778273403228e-01	   5.4721194443182397e-01	   3.1908313934463861e-01	   5.0459214203436764e-01	   4.7753041619177561e-01	   4.2521284956827843e-01	   2.6028577528344765e-01	   5.8071833165352327e-01	   1.1678353619573101e-01	   2.5854871593874229e-01	  -1.3368106762964532e-01	   1.4376816383499963e-01	   9.3382454532277850e-02	   4.1708706598615819e-01	   3.3270236088958760e-01	   2.0999034406981332e-01	   2.5957445423489384e-01	   5.0083577255347081e-02	   3.6814096980320493e-01	   3.6337664815775034e-01	   3.8101142936809540e-01	   4.3319535982989305e-01	   1.5783150366816248e-01	   2.4885548352965298e-01	   4.8195182143432780e-01	   1.9452912569399666e-01	   5.2693392845896714e-01	   3.2419903616572282e-01	   3.4180297220755512e-01	   1.7172757924358825e-01	   3.1542095648157364e-01	   3.7229002008302059e-01	  -2.8639924096161014e-02	   1.5837570472506499e-01	   1.3517595814581274e-01	   3.1757974924378368e-01	   5.3014366060714291e-01	   5.4224511232843808e-01	   1.8953741175246380e-01	  -2.6682501570087281e-06	
   1.7484911046522308e-01	   2.2757512985816977e-02	   4.0144949051002476e-01	   2.1138050410750980e-01	   1.8311664651427637e-01	   1.0719293476623626e-01	   4.0859187832198279e-01	   1.8666134093780157e-01	   3.0203835100243209e-01	   2.3998104535798770e-01	   7.7758872923522671e-01	   2.9306836171056261e-01	   0.0000000000000000e+00	   6.8332814549698584e-01	   7.4021212503850031e-01	   4.1928175336096585e-01	  -1.3854001978903574e-01	  -4.7773785346846599e-02	  -1.4518177856090950e-02	   1.0076231878663634e-01	   1.3236888806439612e-01	   9.4094858092712147e-02	   5.5808775201309935e-01	   4.7278689187180006e-01	   3.5195290848005623e-01	   2.0782170726925003e-01	   2.9354641597704412e-01	   1.7481504484721627e-01	   2.1929510157744156e-01	   2.0469188941119845e-01	   2.2342362347007361e-01	   2.1942612315701451e-01	   1.7157016463791938e-01	   9.8746038928977833e-02	   2.9410094147876181e-01	   2.1023570201935196e-01	   5.0347196752016965e-01	   4.3587187184418241e-01	   3.4622368350909355e-01	   5.2713082624145358e-01	   3.0083575688055086e-01	   3.8247259907740921e-01	   7.5128149597785299e-02	   1.1959332203846966e-01	   3.2445026715463086e-02	   5.2582900787343798e-03	   7.7436247375053016e-02	   1.7218513321229853e-01	   3.2107908067497465e-01	   1.3152670855348866e-01	   3.9428486615630026e-01	   2.0643682560164717e-01	   5.2086626556395266e-01	   3.0400586449737788e-01	   3.4992552302665464e-01	   4.2165483917958613e-01	  -2.4928534033457701e-02	  -7.8710327239376238e-02	   3.8396487324286055e-01	   2.0960890757560247e-01	   3.0435382118253923e-01	   9.9667166638448823e-02	   9.2060120819488875e-02	  -7.9239980692896048e-02	   5.0663995739131851e-01	   3.0644185136655222e-01	   2.8471408207085580e-01	   3.2173448570613994e-01	   2.0453100085627213e-01	   2.5778569282745695e-01	   3.2602422893972596e-02	   7.4069494325076757e-02	   1.7480611892530812e-01	   1.0845065272186495e-01	   3.8380121106664145e-01	   1.1237348372012847e-01	   2.7589993540880370e-01	   2.2215399282878368e-01	   2.1224762873811382e-02	   1.9938396904556857e-01	   5.7250582453310814e-02	   3.9939640535271859e-01	   4.9739142297306538e-01	   4.4245444328145062e-01	   6.3655343665477515e-01	   5.9539371065073909e-01	   3.0705064401611781e-01	   5.9442299120609332e-01	   3.8425322905807652e-01	   5.9689866856444351e-01	   9.6466868090092348e-02	   2.7774210992834675e-01	   7.2255127873895361e-02	   1.4015636399336101e-01	   2.2729229497226611e-01	   1.4740141341205468e-01	   2.7235066606292413e-01	   3.1300315354105507e-01	   4.4388239592121237e-02	   1.8242584538981535e-01	   3.3076436892455249e-02	   1.5200693626811135e-01	   3.8744470477229641e-02	   1.1761429812806889e-01	   7.2182090210483316e-02	   1.9897365061666930e-01	   1.8951148705419141e-01	   2.0306538604551605e-01	  -2.0620401479591094e-01	   2.4082349345203868e-02	   1.7825135586544552e-01	   1.0752880914336346e-01	   1.8425409739483931e-01	   1.3982072947314000e-01	   1.4001618791472895e-01	  -7.6656627170754416e-02	
