   0.0000000000000000e+00	   1.2013409867290255e+00	   9.5022354417424593e-01	   5.6260140823012095e-01	   6.0529351615579041e-01	   2.7762549432359779e-01	   8.4830712345937986e-01	   7.7074221078370719e-01	   5.5943441630876500e-01	   2.3827461023657343e-01	   6.6425446839233571e-01	   7.4591910757672208e-01	   5.6104333867568512e-01	   6.2368093075002118e-01	   7.1026067751652666e-01	   4.7549866486267944e-01	   9.8797333740824411e-01	   8.8982027577534295e-01	   1.2879943315189335e+00	   1.1994478742655157e+00	   2.8062871665350830e-01	   1.4360094702818835e-01	   3.7384701064735537e-01	   1.9589583985089670e-01	   3.3910009481605075e-01	   2.3570080827824696e-01	   4.0729058919207461e-01	   2.9795434480107807e-01	   7.6517300994099291e-01	   8.1702565911725822e-01	   3.9658324909456177e-01	   2.6123255602751305e-01	   7.9578906063637322e-01	   9.2578681986059685e-01	   2.6771851263535257e-01	   4.0450958837998130e-01	   5.6718120283039641e-01	   4.5825601831023821e-01	   6.7811008636687964e-01	   5.2656067584121369e-01	   8.1520400165754059e-01	   6.6304326944096792e-01	   7.2752016213341819e-01	   7.3289737363466523e-01	   4.2329782974391711e-01	   4.1074753097476324e-01	   8.0579976453860069e-01	   7.3775059027567358e-01	   5.4282030205012477e-01	   5.5917112096720589e-01	   7.0746435347910919e-01	   6.6072628015248425e-01	   7.8846350504956997e-01	   7.6388728515680371e-01	   7.8278779608565097e-01	   7.6875839731784112e-01	   1.4692798684226804e+00	   9.9236624589387357e-01	   7.7002467120828377e-01	   4.6067955293274832e-01	   8.8037006890559399e-01	   3.0265308661632628e-01	   8.5486855714672694e-01	   9.7487261446024354e-01	   2.5185212254627465e-01	   1.6872470644883407e-03	   3.6381213832953924e-01	   1.9836193015645515e-01	   7.5145871331516523e-01	   6.5367882496320129e-01	   5.1045423571083592e-01	   1.6668951533408288e-01	   1.3118020908667152e+00	   9.9560908388242053e-01	   8.7015931875848029e-01	   7.8988300829064606e-01	   8.8227653353888003e-01	   8.0047663374456213e-01	   6.4725312246678979e-01	   4.6076417020882887e-01	   6.0770585188602866e-01	   7.0151681212954986e-01	   4.1781913219419398e-01	   4.8759076194643225e-01	   6.7024632697991293e-01	   6.0371739897213794e-01	   2.1891740613554303e-01	   2.4506668788559308e-01	   8.2121891130912761e-01	   7.2372981985468809e-01	   3.2234411703156246e-01	   5.1222208330198526e-01	   4.6007291083538826e-01	   6.5994709155185372e-01	   9.1493704853153043e-02	   8.1133120908375128e-02	   3.8963493152411788e-01	   4.5923626818563679e-01	   8.6943583626076459e-01	   1.0363832242486040e+00	   7.0482171729959242e-01	   1.0631115740020600e+00	   7.9229817593617458e-01	   9.6865271234447237e-01	  -1.4784995800942083e-01	   4.1897495825647883e-02	   8.0285284248593020e-02	   3.0580541511831982e-01	  -1.6865086750907748e-01	  -5.8728666578145503e-02	   4.6293294034463756e-01	   6.0679789129898143e-01	   4.4712573908557229e-01	   1.9482424134147616e-01	  -3.1135324278630177e-02	  -4.1380869151734812e-01	
   1.2013409867290255e+00	   0.0000000000000000e+00	   9.5748643092299190e-01	   8.5525307878689993e-01	   5.5255794126772073e-01	   3.2486101952903879e-01	   6.6088725880352317e-01	   8.3467147671405340e-01	   4.2206959829469159e-01	   2.2447827178667593e-01	   6.7478505254601728e-01	   7.7796099601431945e-01	   6.5734328967471456e-01	   7.8497932947252225e-01	   7.1900797097815317e-01	   5.1573062034078554e-01	   8.2749675917349608e-01	   7.8092153961051802e-01	   1.1855429614025210e+00	   1.3893605647661023e+00	   2.6366295601315248e-01	   1.7197306464181897e-01	   4.3040757312780692e-01	   3.6212008750730845e-01	   4.7966799672222082e-01	   3.3770971759401430e-01	   5.3216132957050133e-01	   4.8924477740648131e-01	   6.7894924251649647e-01	   7.5208448873712175e-01	   4.0453479960982264e-01	   3.2276748373252184e-01	   7.6559685674347611e-01	   9.5953958799832750e-01	   3.4815343088662448e-01	   5.1613971570574169e-01	   6.3469007159414281e-01	   5.2735411834714696e-01	   7.0815419788505229e-01	   6.9656063611120955e-01	   9.2284382274343202e-01	   5.8853170728756199e-01	   8.1548210515813135e-01	   8.2530267569658533e-01	   4.6565163935624554e-01	   4.9218969676960911e-01	   9.2287835441997668e-01	   7.5121212977150498e-01	   6.5923312097542830e-01	   6.7031089171550484e-01	   8.6950820457019651e-01	   7.6913738032688939e-01	   9.8277927782363717e-01	   8.7985725114292102e-01	   1.1013537568041167e+00	   9.6304857892099938e-01	   1.1035900819895190e+00	   1.1051229034842420e+00	   6.9358160998590568e-01	   6.7676521768825137e-01	   7.3472483657666654e-01	   3.9192871951682440e-01	   7.8977207263499527e-01	   9.5315886273690187e-01	   3.5384176126571254e-01	   1.9147082055521555e-01	   4.2733128888881539e-01	   3.4028227342902295e-01	   9.0397644586324943e-01	   8.9667452357231281e-01	   5.0771801531804794e-01	   2.4044305430009599e-01	   1.0398829358731481e+00	   1.0752546774834026e+00	   8.7114441806570253e-01	   8.2281228187147459e-01	   9.3988974237759959e-01	   9.4542699954807441e-01	   5.6532443580304137e-01	   3.6441898362213376e-01	   6.5267799801948057e-01	   8.1306208945400382e-01	   5.4246983512450331e-01	   6.7449512457368110e-01	   8.1746866766218584e-01	   8.5465071159158501e-01	   5.0164876627330268e-01	   5.1258964263395745e-01	   9.9261132912496730e-01	   9.4133330943465865e-01	   4.7349749472025121e-01	   5.0466653126598149e-01	   5.7276952103600065e-01	   6.5080281306268084e-01	   9.9700503822757330e-02	   6.7279806610516565e-02	   4.1386934540568210e-01	   3.6419655267493295e-01	   1.1592422762619858e+00	   9.0229346074809758e-01	   1.0130741512177217e+00	   9.9311240647750776e-01	   1.0139787551337094e+00	   9.8469359740366236e-01	  -1.6915685915580672e-01	  -6.8883924932022694e-02	  -5.5446910573646722e-02	   1.9990572895886019e-01	  -6.9286661710108846e-02	  -8.5464116214407776e-02	   5.0157357209781595e-01	   6.1819097640031806e-01	   3.7815279965587306e-01	   2.6468226684883589e-01	   7.9758697063781372e-02	  -4.8940417726656715e-01	
   9.5022354417424593e-01	   9.5748643092299190e-01	   0.0000000000000000e+00	   1.0484115883524177e+00	   1.0248161430681237e+00	   4.5081066495781341e-01	   1.0531029279293123e+00	   7.9420175670457593e-01	   6.5423574307611843e-01	   3.5032252667368385e-01	   6.0857865178744430e-01	   5.4739448498343690e-01	   7.9617708026060363e-01	   6.6425276912596021e-01	   1.2380306840276256e+00	   7.0112023030981074e-01	   8.0969102005702509e-01	   7.6056266752557600e-01	   1.0754810575412708e+00	   9.6599906415786507e-01	   4.7130423219273099e-01	   3.3563628849181221e-01	   9.8005756755764539e-01	   6.5615864602234908e-01	   8.3444561251865168e-01	   6.4716676453864352e-01	   9.7256485767945777e-01	   7.7995837743645102e-01	   6.0640300432890026e-01	   6.3992791471909116e-01	   8.8428016615953298e-01	   7.1578914185559972e-01	   9.4105560126761956e-01	   1.1208431786172466e+00	   5.6301085876442458e-01	   6.5127503686514687e-01	   4.2630351666810451e-01	   3.0408594298932778e-01	   5.2866932900825381e-01	   4.0888732778418563e-01	   7.0318565161148638e-01	   5.8510571207133388e-01	   7.5015270208297480e-01	   6.7445105451271792e-01	   3.9607810034236968e-01	   4.7008926183259059e-01	   9.1644375514692211e-01	   7.6558103195853211e-01	   5.8820734023171650e-01	   6.6136329669477056e-01	   7.5865800656105264e-01	   8.0198875341047493e-01	   1.0128079324655657e+00	   9.8514785875285871e-01	   8.1138290475549424e-01	   8.7138282984644133e-01	   8.8531472598670147e-01	   6.7723430995385614e-01	   6.8616328111086555e-01	   3.6800800973588166e-01	   6.8811389393945721e-01	   3.0142457502832870e-01	   8.0445170703045610e-01	   7.7989171181890782e-01	   6.3556910663870703e-01	   2.2971482593717835e-01	   7.0981528443664244e-01	   4.7169643848833398e-01	   8.5240268331394620e-01	   7.0820671135423330e-01	   6.0364047813790900e-01	   2.4824500237112404e-01	   9.2285334967361388e-01	   8.1280605525191929e-01	   6.3954578670298456e-01	   6.2260310572085242e-01	   6.7283647291728699e-01	   5.8576497202197897e-01	   5.2935795731031421e-01	   3.6599933953278541e-01	   7.2604548778733946e-01	   8.8222157393246736e-01	   8.7042003873261886e-01	   7.8388089196295863e-01	   1.0111290028878299e+00	   8.5164263759994541e-01	   6.4332757700659837e-01	   5.9636747841036941e-01	   9.7208768518188149e-01	   8.3094233429323749e-01	   5.3013438419256120e-01	   8.6050849102850036e-01	   5.2103908614174810e-01	   8.7225616957743513e-01	   8.1041723740979191e-03	   5.5153877996653666e-02	   3.6746873241091943e-01	   3.7410772263874326e-01	   7.5922749112235011e-01	   8.7592971056799440e-01	   6.8776846892818844e-01	   7.1874204272686804e-01	   7.0810027462056224e-01	   6.8105346874135997e-01	  -2.2424090385292908e-01	  -1.1386873808965664e-01	   2.4592279358857327e-01	   3.2170531308110711e-01	  -2.7447539275520227e-01	  -1.2021360612072990e-01	   4.1578598341404738e-01	   6.1766448447930844e-01	   3.3411924665968945e-01	   2.4019156350350457e-01	   7.7193691285452948e-02	  -4.1550858711808175e-01	
   5.6260140823012095e-01	   8.5525307878689993e-01	   1.0484115883524177e+00	   0.0000000000000000e+00	   9.8276919692043851e-01	   7.3448353071740946e-01	   6.3994719512710885e-01	   1.0157348205261942e+00	   5.8858031929230892e-01	   5.6685195471823879e-01	   3.3934398700010254e-01	   5.4800412767153828e-01	   4.8305736432670732e-01	   6.0515231012685877e-01	   8.6240351422276440e-01	   7.9906456933805892e-01	   3.5283162963152043e-01	   3.0331371618059261e-01	   6.5828484845886281e-01	   6.9907693335809984e-01	   4.6582965874645432e-01	   4.9207942629712509e-01	   8.5055519665654766e-01	   9.9442554454881826e-01	   7.9326776693004442e-01	   8.3972279855065990e-01	   8.9088440667701818e-01	   8.6924339311192356e-01	   3.2703507705462614e-01	   4.3755252615800438e-01	   7.3855073947318139e-01	   8.3228449389524040e-01	   7.3488561917015760e-01	   8.9596629629294489e-01	   5.7483370147956780e-01	   7.7113656084610138e-01	   4.1496219084870251e-01	   3.4210078787111409e-01	   5.2596513850240090e-01	   5.1080590907782142e-01	   5.4848599452128732e-01	   4.3102789473364528e-01	   7.0771063831258851e-01	   6.8576567148234902e-01	   5.8139017564799111e-01	   6.1562988217099479e-01	   8.5805587858226207e-01	   7.1102310406525782e-01	   6.5862920985647533e-01	   7.3888874397367388e-01	   8.3472428892388806e-01	   7.0014151342899522e-01	   8.1577526917631138e-01	   7.2048765200414955e-01	   6.7419727876599078e-01	   7.2549263630022798e-01	   4.6119431837237351e-01	   3.8518357243328860e-01	   5.0557554070398147e-01	   4.9605852487239138e-01	   4.3663491513349045e-01	   6.5293103667566088e-01	   4.2431977542059857e-01	   4.4275680385525867e-01	   6.5314909703808899e-01	   6.5632938817600195e-01	   7.2525827260746079e-01	   7.6285368943200860e-01	   6.9905850141309089e-01	   6.0341066334113325e-01	   6.8184938728984479e-01	   5.7600228848554169e-01	   5.6728865589384103e-01	   6.3019963460421424e-01	   4.3695920423702089e-01	   5.2995278268706802e-01	   5.3277253796745339e-01	   4.9314814068222163e-01	   3.9494629381212920e-01	   1.4974180854949823e-01	   6.7875114131634284e-01	   6.8951557554480969e-01	   9.2100436088117510e-01	   8.5428240845577541e-01	   8.8573452534647901e-01	   8.3213485506621809e-01	   8.0322832321136695e-01	   7.7005858649361503e-01	   8.1439627621813560e-01	   7.9397502039313606e-01	   9.3066119701366579e-01	   7.0107324435331098e-01	   9.9481821858298614e-01	   7.7453893129587059e-01	  -2.7694510702812918e-02	   5.1672047076870382e-03	   2.6662883709725482e-01	   3.0313711224364231e-01	   6.7209723609848593e-01	   5.9336495001304002e-01	   7.7015951862913812e-01	   6.5017629091141260e-01	   5.9240670159762976e-01	   5.2374903007451268e-01	  -1.2055956512414437e-01	  -1.2908795561051301e-01	   8.3311492686148264e-02	   1.9509604107807915e-01	  -1.5619193473830700e-01	  -6.8477127485173275e-02	   3.9583615869955335e-01	   5.0890603897805642e-01	   3.3441081340486722e-01	   3.0877078864134339e-01	   3.2305002767297042e-01	  -3.8722524778845563e-01	
   6.0529351615579041e-01	   5.5255794126772073e-01	   1.0248161430681237e+00	   9.8276919692043851e-01	   0.0000000000000000e+00	   9.9377619497678649e-01	   9.8259674039354561e-01	   9.3269874909081418e-01	   1.0559988194103234e+00	   7.1985598828497332e-01	   3.7842163044797394e-01	   5.4961231871727423e-01	   4.7994819349537515e-01	   4.3110747284426287e-01	   1.1731248806396810e+00	   8.4966190619638682e-01	   4.4760773892244421e-01	   3.7801428993412550e-01	   6.1034883930435002e-01	   5.4606745289634673e-01	   6.5785360529443371e-01	   5.3336509814197719e-01	   8.6019057541120536e-01	   7.3250949853428482e-01	   7.3992719366383164e-01	   7.2049239850658475e-01	   9.2059884214656762e-01	   6.2840232471692581e-01	   3.9772042727555290e-01	   4.4885915459445913e-01	   6.3692629316428495e-01	   6.1876061415064088e-01	   6.1126609002197829e-01	   6.9075945036597974e-01	   5.9537019328732255e-01	   6.8758989227367928e-01	   2.8352638488016618e-01	   2.0514045542357390e-01	   5.1368316160677563e-01	   3.9520589404431195e-01	   4.3399623761800327e-01	   4.0608599710163024e-01	   6.3706136062120255e-01	   4.7874106654742921e-01	   4.2010559182602247e-01	   4.0766951596089807e-01	   7.9501494063456313e-01	   6.4632349589251403e-01	   6.6861464825054506e-01	   6.4812465604722425e-01	   7.0747928021225370e-01	   6.3660313603263807e-01	   7.7778364425588675e-01	   7.6130618775850445e-01	   5.4178601419061256e-01	   6.0955161484831299e-01	   4.7029797207590890e-01	   3.4367099944677676e-01	   8.0448193821233072e-01	   4.8791856594928640e-01	   5.1702864251153891e-01	   6.0685354790875756e-01	   2.5158358226124067e-01	   2.4220716220393398e-01	   4.8874120042089492e-01	   3.7643938922586584e-01	   6.7633144466720196e-01	   5.0416115664350025e-01	   5.5710847572674027e-01	   4.0986288669537896e-01	   7.0955934533851395e-01	   4.8111785454282341e-01	   5.7104069485233278e-01	   5.0633641537438678e-01	   3.6299672632693680e-01	   4.1662675672164340e-01	   3.6908269615762418e-01	   2.8839932626561138e-01	   4.2083345027021363e-01	   2.1423661055359275e-01	   5.9915631092680410e-01	   4.7969342674853416e-01	   7.9780142323286163e-01	   6.3069155787410847e-01	   6.4564329704443713e-01	   4.8357136928545974e-01	   4.7785156608999602e-01	   4.1317090102992987e-01	   7.6568456364745374e-01	   7.5185124777374357e-01	   7.2123886414411353e-01	   8.6715116923788227e-01	   7.9271674858714547e-01	   8.7932894539395645e-01	  -1.5584728702038701e-02	   4.8676367327093878e-02	   2.5189270468072467e-01	   2.7151490130714762e-01	   6.3276473151212975e-01	   7.1378095308356260e-01	   5.7612970262068031e-01	   6.8986607853517024e-01	   5.2113715906852764e-01	   5.3206109586454586e-01	  -1.4222981981507218e-01	  -1.1872471246221232e-01	   2.4059178059906305e-01	   3.0204450993255744e-01	  -2.0879858116722289e-01	  -1.0150236864989397e-01	   3.5167922094605003e-01	   4.7209953686930195e-01	   2.9143901113293186e-01	   2.1402109658224702e-01	   1.6409066269289341e-01	  -2.6243796126214158e-01	
   2.7762549432359779e-01	   3.2486101952903879e-01	   4.5081066495781341e-01	   7.3448353071740946e-01	   9.9377619497678649e-01	   0.0000000000000000e+00	   4.4830579186937958e-01	   7.5414108226075327e-01	   1.0126705535297451e+00	   1.2736724662831924e+00	   9.7634367076345430e-02	   4.4899107561415397e-01	   1.2441714627843702e-01	   2.5325588451220138e-01	   6.5086791009903755e-01	   6.6528541451103385e-01	   1.1465187086374676e-01	   7.5136034569241325e-02	   2.4920598958318749e-01	   2.5980334189734855e-01	   6.1841329916285248e-01	   6.8806185136856757e-01	   5.6922329256036786e-01	   6.6095578651534281e-01	   5.5073234705929963e-01	   7.1345112478381345e-01	   7.1080178050045673e-01	   4.4128459588113483e-01	   1.1396430821776893e-01	   2.2255379759932981e-01	   3.7265280264377187e-01	   4.2369012362458214e-01	   3.2934209905466488e-01	   3.6151219653374234e-01	   4.4229389392503610e-01	   5.2470953174884138e-01	   2.8934713424200575e-01	   2.3855437921520881e-01	   3.6898929050133017e-01	   4.4526551767831413e-01	   2.4603244616618372e-01	   2.2053587081503975e-01	   3.8356749513342026e-01	   2.9115606004586381e-01	   3.4750233325028618e-01	   3.1876502402042745e-01	   5.1203595858503337e-01	   4.1281370246478377e-01	   5.7779688884680080e-01	   6.0573142122317813e-01	   5.8230515723677845e-01	   5.5708840168208240e-01	   4.4574484710026002e-01	   4.9013733567258833e-01	   2.9504754988944448e-01	   3.9073448542303663e-01	   1.8701412808344561e-01	   1.2395728134090148e-01	   4.2717862244500704e-01	   5.2255514686123461e-01	   2.5346228747815958e-01	   8.1442141881845131e-01	  -5.0273028961135606e-02	  -4.5158777946574781e-02	   3.5307055582183922e-01	   5.2738730056659966e-01	   3.9736610128135952e-01	   4.3607570003611229e-01	   2.5823857697909464e-01	   1.0150808733291392e-01	   7.1097376973756232e-01	   8.2887108748528604e-01	   3.0917780429800518e-01	   3.1934404244610859e-01	   2.9133644172171769e-01	   3.5327157349954053e-01	   2.0332496679002240e-01	   1.7276957022523021e-01	   3.1088619370797155e-01	   2.8205684405688766e-02	   4.1004895623949095e-01	   1.5429098345750808e-01	   5.2477499278394912e-01	   3.7592344862912908e-01	   3.2588092097654131e-01	   2.0929138952751478e-01	   3.4493367011848070e-01	   2.4972879073460030e-01	   4.4901735712320295e-01	   5.5759661830966978e-01	   5.5231834410710012e-01	   4.7183997833252578e-01	   7.9594435159068777e-01	   5.9365347073625241e-01	  -1.6281453335032090e-02	   2.6200963876090680e-02	   1.3638749835502939e-01	   1.9303246460154472e-01	   3.5071857544164009e-01	   3.3863083823381523e-01	   4.6673679596430562e-01	   5.6389204475904808e-01	   2.3783259303412743e-01	   2.4860088934263805e-01	  -9.7105349911035449e-02	  -1.9029149116755795e-01	   1.8688470866589840e-01	   7.7749816723545528e-02	  -3.2321932034313383e-02	  -1.7024724930225665e-02	   2.3355551635392191e-01	   2.9659197405275900e-01	   3.1633256321814368e-01	   2.2695374456641731e-01	   2.5954872667588164e-01	  -2.5659536514415682e-01	
   8.4830712345937986e-01	   6.6088725880352317e-01	   1.0531029279293123e+00	   6.3994719512710885e-01	   9.8259674039354561e-01	   4.4830579186937958e-01	   0.0000000000000000e+00	   1.0149502038117189e+00	   8.7577900350629312e-01	   3.8891997733235151e-01	   8.6400952435216327e-01	   7.7811452463295694e-01	   8.3723210788702684e-01	   5.5750544221089493e-01	   8.7591132623732904e-01	   5.1975699977250267e-01	   6.4762039845317665e-01	   5.9530809553787600e-01	   8.4906716754721856e-01	   7.5395183029828938e-01	   3.6949609408559958e-01	   2.5132001499602319e-01	   5.0223022302983744e-01	   3.0160043186871460e-01	   3.6927590593634158e-01	   2.5828497882590529e-01	   5.9628257228992121e-01	   3.4522114359571160e-01	   6.8174933025459961e-01	   6.8148972537551500e-01	   3.6907767732707619e-01	   3.1546897250835781e-01	   5.8054049693830401e-01	   7.4380388216309878e-01	   3.7212650886342807e-01	   4.7042831518352068e-01	   2.7768130241502148e-01	   2.8285426367696143e-01	   4.9801119813464179e-01	   4.0335718593731545e-01	   5.1058816358296033e-01	   4.8684937111068449e-01	   5.5296465478965917e-01	   4.6670294774604409e-01	   2.6413476073825809e-01	   2.7621620891285892e-01	   7.0396154552492041e-01	   6.0359339379290955e-01	   4.8820073002892672e-01	   4.9502570181582234e-01	   5.1504898729723769e-01	   5.1070003193719182e-01	   7.2159959887682024e-01	   7.4885821534018993e-01	   6.1172334731321210e-01	   6.6171946221262790e-01	   5.8375672908761378e-01	   4.9856536293886849e-01	   1.0626329450019303e+00	   6.0440068387035062e-01	   9.2700263148526019e-01	   4.7229562430806149e-01	   4.1818331205229820e-01	   4.6774443542387723e-01	   2.0323124916757468e-01	   9.0487802568457204e-02	   4.3154324797138960e-01	   1.9585570408648442e-01	   4.8288598542718203e-01	   4.6437591820215651e-01	   5.5345631557235486e-01	   1.8360945804111378e-01	   7.2782328648703509e-01	   6.2701232473492219e-01	   4.8826764086510333e-01	   6.2148053722015040e-01	   4.9064982806527957e-01	   4.7730260921560541e-01	   5.6309605567957988e-01	   4.3291399833846128e-01	   6.0443382848527549e-01	   5.9478936298506169e-01	   4.3323210988582528e-01	   4.4900605555428402e-01	   6.5371220569281785e-01	   4.8601870870402242e-01	   1.7267129347769639e-01	   1.7039540160796227e-01	   8.1611507757939439e-01	   6.7600330850820556e-01	   4.9028892971489324e-01	   7.5647434052111240e-01	   4.9570017314436920e-01	   7.3307795663015729e-01	   6.7673680007466373e-03	   1.4576724000916588e-01	   3.0641476686381058e-01	   3.0496500640592267e-01	   7.0925698638102452e-01	   8.0087453845656753e-01	   6.3563575383901993e-01	   7.1455344185262382e-01	   6.1713432402194024e-01	   6.5632210321630580e-01	  -5.9490913314139679e-02	   8.6363408918345402e-02	   2.3269848666590923e-01	   2.5180038779271940e-01	  -2.8560644354697040e-01	  -1.7405147774552465e-01	   3.0753540068198310e-01	   4.9391941789610538e-01	   4.4768962020510417e-01	   2.1112480950617996e-01	   1.9643006977309949e-02	  -2.7343733319077757e-01	
   7.7074221078370719e-01	   8.3467147671405340e-01	   7.9420175670457593e-01	   1.0157348205261942e+00	   9.3269874909081418e-01	   7.5414108226075327e-01	   1.0149502038117189e+00	   0.0000000000000000e+00	   8.2478332262847232e-01	   6.0476686927445134e-01	   6.9311062872260776e-01	   1.1879089933301930e+00	   5.9616669306629400e-01	   6.5645031453802616e-01	   7.0066979187629985e-01	   5.9111766090696150e-01	   5.2088976304211843e-01	   4.1152914430782239e-01	   8.7147460864451687e-01	   9.2931600057973307e-01	   3.3925561001062954e-01	   3.3390701052940347e-01	   4.1619190195359668e-01	   4.1400220110894176e-01	   3.5430496919277460e-01	   3.3217487088578851e-01	   4.8218533251608170e-01	   3.0215687585963363e-01	   6.5455520888368324e-01	   7.3216015146294788e-01	   3.3710926914197842e-01	   3.6252360078263074e-01	   5.5619388631118638e-01	   7.5354667306283851e-01	   2.9039069848897275e-01	   5.0972837220495082e-01	   3.8905863232209836e-01	   4.0874072790847177e-01	   5.6424665215976799e-01	   5.3688536252341557e-01	   5.6802030549370586e-01	   4.8817192037768453e-01	   6.2231854274843723e-01	   6.1421511942496165e-01	   4.1213273857571486e-01	   4.1651782527212938e-01	   7.8358253116023002e-01	   6.7667410037671594e-01	   5.7576067817536269e-01	   5.9952445627813489e-01	   6.7598375422639190e-01	   5.7259400871961064e-01	   6.9677859572849188e-01	   6.3424720452715788e-01	   6.4303736798575917e-01	   6.5240493306359360e-01	   5.3941375042430217e-01	   4.8609873634242456e-01	   7.3541572617047701e-01	   7.9845705761320029e-01	   7.3711364317266304e-01	   9.0801381394264924e-01	   3.9306567475230497e-01	   4.6509845886660861e-01	   1.7709128030094637e-01	   3.0149249245788934e-01	   3.5404712597986765e-01	   2.9646709448291264e-01	   5.2284171654030298e-01	   4.8809399135668785e-01	   7.5680097137809754e-01	   4.8411672438859399e-01	   7.6465506330222777e-01	   7.5348778381612413e-01	   5.5626405710516291e-01	   7.4261401713152064e-01	   6.2512935866846431e-01	   5.8691732797031404e-01	   5.7199395141904186e-01	   3.1101502769555717e-01	   6.7319278030206897e-01	   4.8662112846446315e-01	   4.6444873116596719e-01	   4.9200665809792882e-01	   6.2425058564506986e-01	   5.1269584853526906e-01	   2.2993443065041902e-01	   2.3106068274930167e-01	   7.1644909491897046e-01	   7.6879491659427757e-01	   6.7749921641672706e-01	   5.4995606502627581e-01	   8.6530055627166991e-01	   6.7807177833852239e-01	  -1.6265460499931664e-02	  -4.6918787448522910e-03	   2.2354347162388422e-01	   2.0366664246843516e-01	   7.7699176003183923e-01	   7.1078579083716276e-01	   9.2000274467060728e-01	   8.6230533088120265e-01	   6.7443772147699288e-01	   7.1664262866044448e-01	  -6.7429821169845763e-02	  -4.6587657030281691e-03	   1.7276203678119544e-02	   7.5796497214408537e-02	  -1.1469290438944760e-01	  -1.4561395995785537e-01	   3.0598597465152666e-01	   4.4874385789197957e-01	   4.6806800617455468e-01	   2.0158013036094441e-01	   5.7747884748918760e-02	  -4.6747266033703672e-01	
   5.5943441630876500e-01	   4.2206959829469159e-01	   6.5423574307611843e-01	   5.8858031929230892e-01	   1.0559988194103234e+00	   1.0126705535297451e+00	   8.7577900350629312e-01	   8.2478332262847232e-01	   0.0000000000000000e+00	   8.9136568596900279e-01	   3.9665225645142627e-01	   5.7643067788198432e-01	   3.9483902207764476e-01	   4.6596292173435216e-01	   8.7587579763488255e-01	   7.5147995936265755e-01	   2.6423047146201345e-01	   3.0082752272518082e-01	   4.6553096610764816e-01	   4.8086631297954430e-01	   5.3653624278858869e-01	   4.6500518911131045e-01	   4.9519361224803954e-01	   3.6957496675079526e-01	   4.1415273220675541e-01	   4.6173004764495934e-01	   7.5034915798111435e-01	   4.2906155368894783e-01	   2.6739469703623320e-01	   3.4043139751499979e-01	   3.2234807256494075e-01	   2.8424036837465522e-01	   4.1121154677415223e-01	   4.6613531655848228e-01	   3.3751162462475154e-01	   3.8804853699493896e-01	   2.7390715358029710e-01	   1.3860072757432268e-01	   3.1760234509528995e-01	   2.8610261073529641e-01	   3.1773462675635378e-01	   3.5416330735892876e-01	   3.2217265532239692e-01	   1.9339805101946167e-01	   9.1782136109214096e-02	   7.3296643462264902e-02	   5.2562538662472946e-01	   3.9637359000189265e-01	   5.4538678301121013e-01	   4.5899240403193242e-01	   6.3588029762962872e-01	   6.6909948876609482e-01	   5.7659073757699830e-01	   7.1978442897120731e-01	   3.9398698238210600e-01	   4.5534134009990429e-01	   3.7510447292053212e-01	   3.7915247155624132e-01	   8.7857838368295282e-01	   6.2851621562172189e-01	   5.7279356620527688e-01	   5.6640240404473341e-01	   1.5890293956693041e-01	   2.3972466056163971e-01	   2.6537848469908387e-01	   1.6420528044507351e-01	   3.2227285512945397e-01	   1.5274720199210512e-01	   3.5238008438646717e-01	   2.6157608196307497e-01	   5.6135528934169099e-01	   3.5351327724898429e-01	   4.8877903399007061e-01	   4.1436864152703479e-01	   3.7577367908354636e-01	   4.5163683828951212e-01	   2.3321478689934996e-01	   1.8118682679340409e-01	   2.8764348486682578e-01	   1.2728656266358013e-01	   4.1151900825444798e-01	   3.2295718464223649e-01	   4.6586568516494847e-01	   4.2318740041078240e-01	   5.2729464986727848e-01	   3.9083960827685316e-01	   2.0717843258089924e-01	   2.0383888229649139e-01	   6.8205097961636385e-01	   7.9849028858616866e-01	   5.1059757264841688e-01	   7.2660903079551031e-01	   5.8831765037455930e-01	   7.1468051163932866e-01	  -8.1318296595836281e-02	  -1.0768384806915799e-02	   1.4133271611670542e-01	   1.0094160645485309e-01	   4.5639799152942456e-01	   5.1659113848757332e-01	   5.2670745374283878e-01	   6.5219539667232407e-01	   3.5138198413512933e-01	   3.4675601496834002e-01	  -2.3454207876018363e-01	  -1.9597033529506208e-01	   1.9630606550757770e-01	   2.3230178686232905e-01	  -1.6600778045120040e-01	  -5.8575319212284364e-02	   1.9955815349927411e-01	   2.3835427608998638e-01	   2.0207877857009396e-01	   5.2829865117411820e-02	  -5.6425727549673042e-03	  -2.4899143162615908e-01	
   2.3827461023657343e-01	   2.2447827178667593e-01	   3.5032252667368385e-01	   5.6685195471823879e-01	   7.1985598828497332e-01	   1.2736724662831924e+00	   3.8891997733235151e-01	   6.0476686927445134e-01	   8.9136568596900279e-01	   0.0000000000000000e+00	   9.9359176502229515e-02	   4.3501647101017238e-01	   7.4396471141406101e-02	   3.1939532196081966e-01	   5.5062457357267336e-01	   5.6678923880625265e-01	   4.6343509675398964e-02	   4.4241117423216327e-02	   1.8659940645587916e-01	   1.7008463623514078e-01	   3.8131938483762662e-01	   4.0767988925014986e-01	   3.8280325856031305e-01	   4.8553234927544076e-01	   2.9833201358466499e-01	   4.2747320654194287e-01	   6.2032184292518711e-01	   3.4667109368284615e-01	   3.6009441832479332e-02	   1.7152669339208976e-01	   2.0974495329683973e-01	   2.5081638010046581e-01	   1.4334605649024940e-01	   2.0840840855568454e-01	   2.6405609899352328e-01	   3.6194481070481516e-01	   2.5253455122635404e-01	   2.1108458720097706e-01	   1.9543488906936937e-01	   3.4425996031618672e-01	   1.5852866129865081e-01	   1.2533740538085661e-01	   2.8653818057474212e-01	   2.2717326382884875e-01	   2.4969559633198093e-01	   2.4932495402619001e-01	   3.9988460227401096e-01	   3.6575417662413789e-01	   4.2537830026488643e-01	   4.4476093093615754e-01	   4.0337667448658093e-01	   3.7921562293855882e-01	   3.5047690484171318e-01	   4.3389697315597742e-01	   2.4754279538880702e-01	   3.9102032380036483e-01	   1.2494935557860022e-01	   1.1597426885281160e-01	   2.8755593724924933e-01	   4.0979864528536747e-01	   2.2229577798045208e-01	   6.4653381463942949e-01	  -4.6542345091150128e-02	  -1.6022610896736893e-02	   2.6300419690434396e-01	   3.7284528481949619e-01	   2.1096689598390100e-01	   2.5987195681577385e-01	   4.5120896297355877e-02	  -2.1344570266361166e-02	   5.3383246123069739e-01	   6.8163184791586007e-01	   1.9873970143372924e-01	   2.2574840809306179e-01	   1.6329017095049134e-01	   2.5314628400844041e-01	   9.8019936864047960e-02	   5.7749719902571432e-02	   2.4069239281494301e-01	  -3.8879238914798039e-02	   3.4940820706906223e-01	   1.6942828774100122e-01	   3.7499614111398727e-01	   2.4776131273242680e-01	   3.4594027696182822e-01	   2.1284516787557892e-01	   2.7066484971676630e-01	   1.6740664483768020e-01	   3.5713587964633581e-01	   5.1824655146476817e-01	   5.2210244798150807e-01	   4.4730036485164404e-01	   7.1891212521625747e-01	   4.8349853144988819e-01	  -5.0295165598351003e-02	   8.3345600064353931e-02	   4.7299664366575025e-02	   2.0864053653405221e-01	   2.8221280374888491e-01	   2.8535073170615077e-01	   2.8965443244490435e-01	   3.9926708727332733e-01	   1.3225054627835930e-01	   1.1444208672437994e-01	  -8.2850993182854479e-02	  -1.8252218419179550e-01	   1.7869988939706571e-01	   1.5778801392875624e-01	  -1.4124239517474776e-01	  -9.3116400315687908e-02	   1.7800792698130918e-01	   2.2456540228485417e-01	   2.9264343071401544e-01	   1.5655585095284955e-01	   2.3090695904453518e-01	  -1.3308817987606641e-01	
   6.6425446839233571e-01	   6.7478505254601728e-01	   6.0857865178744430e-01	   3.3934398700010254e-01	   3.7842163044797394e-01	   9.7634367076345430e-02	   8.6400952435216327e-01	   6.9311062872260776e-01	   3.9665225645142627e-01	   9.9359176502229515e-02	   0.0000000000000000e+00	   9.3893631401461741e-01	   1.1224864946976738e+00	   7.3594402274712034e-01	   5.0356577293035443e-01	   2.9767074520412962e-01	   7.1828671754498785e-01	   5.9201031445258667e-01	   7.7988324245462515e-01	   7.7038043818659552e-01	   2.4804189353164485e-02	  -6.9784467244867407e-02	   1.2418604921190356e-01	  -3.5185565563288938e-02	   9.6225834699788723e-02	  -8.9676640483470918e-02	   1.6599945278481640e-01	   2.9000258430196685e-02	   1.0104165329037613e+00	   7.9993752149022468e-01	   9.3627245469917061e-02	   2.0895005591648821e-02	   2.4943612175576366e-01	   4.3589902057981555e-01	   1.9977443120703490e-02	   8.7909464322127012e-02	   1.7980715825026239e-01	   2.0400877384049970e-01	   1.6432023677217811e-01	   1.7389943694812215e-01	   5.6663867449402805e-01	   3.9810146293958210e-01	   2.8369651378763161e-01	   3.1089628132044167e-01	   3.7992589717151644e-02	   9.8465381791251499e-02	   3.9005489218420630e-01	   3.8833350167167063e-01	   2.3794373161376825e-01	   2.3462845983247788e-01	   3.4534350153374654e-01	   3.4745586582377513e-01	   5.8625037358156540e-01	   5.4691018740129249e-01	   5.2145725130065734e-01	   4.7116264071666702e-01	   5.4409421157553362e-01	   6.3636114831421575e-01	   6.3483991201535694e-01	   5.9626387069587705e-01	   8.8244282883469793e-01	   2.7342047158263239e-01	   6.5482812050409966e-01	   6.4488722721562697e-01	  -1.1239020578063166e-01	  -2.4399459268312956e-01	   9.5070599449122908e-03	  -1.6029086226259459e-01	   3.2459205295266885e-01	   5.3792705423049214e-01	   4.7605832956018646e-01	   9.7327948860893132e-02	   6.6046783739377346e-01	   5.7721158771690406e-01	   6.2889853581507094e-01	   6.5410359213034697e-01	   6.1180659145055638e-01	   5.6551563444139774e-01	   4.2326596566943819e-01	   3.9720236366808698e-01	   5.1037890117192808e-01	   4.4261071549390857e-01	   1.9078286462643843e-01	   2.6727908698131420e-01	   5.7564284493507367e-01	   4.6507527193393117e-01	   6.0173758953111334e-02	   7.6654375646286785e-02	   5.6705572560845707e-01	   6.1114250049695629e-01	   2.3973927407268528e-01	   5.1798018325781403e-01	   2.8306983505445071e-01	   5.4599180424021543e-01	  -1.3553621058364584e-01	  -2.8400198219875812e-04	   6.0665017505777165e-03	  -4.7246047848348391e-02	   5.5417391124301951e-01	   6.0247159029426589e-01	   5.2204410234333287e-01	   5.6158130587822308e-01	   5.4959718626003595e-01	   5.3351636789338452e-01	  -1.2610236481609063e-01	   7.8037281732014796e-02	   1.8561421181013015e-02	   5.7232406500286902e-02	  -2.3720807382375159e-01	  -2.9420943422049239e-01	   3.7496970179090816e-02	   2.2966952671526453e-01	   1.6292241227819265e-01	  -2.2587484729278587e-02	  -1.9079490339499941e-01	  -4.3160681451215366e-01	
   7.4591910757672208e-01	   7.7796099601431945e-01	   5.4739448498343690e-01	   5.4800412767153828e-01	   5.4961231871727423e-01	   4.4899107561415397e-01	   7.7811452463295694e-01	   1.1879089933301930e+00	   5.7643067788198432e-01	   4.3501647101017238e-01	   9.3893631401461741e-01	   0.0000000000000000e+00	   7.0217287247172844e-01	   1.0089592480055307e+00	   5.1904505024138659e-01	   4.9405061343511658e-01	   5.8073207125509274e-01	   5.2532611584019429e-01	   7.3739698451000402e-01	   8.1275930682036990e-01	   2.3019458167272452e-01	   1.9139967465249719e-01	   1.8799957198544603e-01	   1.6712773659188698e-01	   1.2215789449102368e-01	   4.9839842631227572e-02	   2.5462026269768723e-01	   8.0402450710338205e-02	   8.8748568336452704e-01	   9.6661548542948117e-01	   1.3147940527842578e-01	   1.1939960541597128e-01	   3.8888388056237755e-01	   5.6794826182621017e-01	   1.3319656150584888e-01	   3.0171519851549172e-01	   3.9661836746111306e-01	   4.6352907987196856e-01	   3.7706625093820118e-01	   4.5572583080914958e-01	   6.3168158117702611e-01	   5.1516644800694433e-01	   5.2016085432982417e-01	   5.8327153796611109e-01	   3.3269791926451309e-01	   3.4426412282406182e-01	   5.1283843473361723e-01	   5.3564338457033556e-01	   4.4500578059969198e-01	   4.8627845760699251e-01	   5.4795975041717038e-01	   4.7860308524381134e-01	   5.5729035123754933e-01	   4.9496717605211138e-01	   5.9987046866566007e-01	   6.1149904910173170e-01	   5.6144605654795243e-01	   5.2077347986408506e-01	   6.2948878332068148e-01	   7.4492423138125607e-01	   7.2937623348031266e-01	   6.4327681760935329e-01	   4.4389593593315058e-01	   5.5282198275711125e-01	  -3.7763975761678489e-02	   8.0205742159255439e-02	   1.5951444174933888e-01	   8.1303920484035425e-02	   3.3430393140757864e-01	   3.7920745353363483e-01	   5.7272322187203228e-01	   4.0998744582873059e-01	   7.5088500284312587e-01	   8.1673513584173174e-01	   6.5299215468559280e-01	   8.2161503224960886e-01	   6.6596628351307219e-01	   7.1426967817889797e-01	   6.1863395560249645e-01	   3.9613143478013807e-01	   6.7005777616914564e-01	   5.2350957740727966e-01	   2.0435127981889481e-01	   3.3306781414622938e-01	   5.3092787001185182e-01	   5.0313943410934814e-01	   9.0394737947646880e-02	   7.4345741939494156e-02	   5.6865903519203520e-01	   6.8095076723823755e-01	   3.4115482919796186e-01	   3.5007425984553953e-01	   5.6005362163724914e-01	   5.0287610919497971e-01	  -1.2611329266411714e-01	  -5.7061238893218069e-02	  -2.8480952521811740e-02	   1.9636299783572831e-02	   6.1479962083794915e-01	   5.7524253946836701e-01	   6.7439653647374076e-01	   7.5289573333923066e-01	   5.4359176349700133e-01	   5.7862798463696152e-01	  -9.0313738482295486e-02	   5.2235836538160649e-02	  -1.2169054249661612e-01	  -1.4113873642028844e-02	  -2.0426207781417793e-01	  -3.1888662777724941e-01	   4.4657237240352469e-02	   2.8763968086669767e-01	   3.9282259562330957e-01	   3.9107457251432763e-03	  -5.6378546050826532e-02	  -5.8456463927865776e-01	
   5.6104333867568512e-01	   6.5734328967471456e-01	   7.9617708026060363e-01	   4.8305736432670732e-01	   4.7994819349537515e-01	   1.2441714627843702e-01	   8.3723210788702684e-01	   5.9616669306629400e-01	   3.9483902207764476e-01	   7.4396471141406101e-02	   1.1224864946976738e+00	   7.0217287247172844e-01	   0.0000000000000000e+00	   9.4492983984200185e-01	   7.9757169336535394e-01	   5.3514157062526813e-01	   6.7005006125190747e-01	   6.7038453902186002e-01	   6.0075966189487928e-01	   5.9752822961858076e-01	   2.3183712038281429e-01	   1.3228038652522134e-01	   4.6785635971039313e-01	   2.7648439593963714e-01	   4.5672680205207228e-01	   2.4960236160026922e-01	   4.4111217700794703e-01	   2.8976566017477406e-01	   8.2500606452229130e-01	   7.6257587171773988e-01	   4.3387747906547613e-01	   3.3981141765794370e-01	   5.0615109945538839e-01	   6.5020200832483666e-01	   3.7788514797702233e-01	   3.8636801888363081e-01	   3.3281400594372512e-01	   3.0379112049102819e-01	   2.3704710505468285e-01	   2.3875007360252082e-01	   6.1886593826781555e-01	   5.5911872001730090e-01	   4.5990262428394679e-01	   4.0359176442937961e-01	   1.9005940367379898e-01	   2.3911172221173410e-01	   5.2338669804723614e-01	   4.0831889636931973e-01	   3.4272758505748185e-01	   3.3339266555088476e-01	   5.5453927190419905e-01	   4.9121640554824603e-01	   7.7802898739502824e-01	   7.1832708748541918e-01	   5.9551218861586130e-01	   5.0328825233090346e-01	   5.4395038673080898e-01	   4.7818311390018037e-01	   5.4973057469160569e-01	   3.2748258782049655e-01	   5.2490750179554879e-01	   9.0514865867941607e-02	   6.4524376204855172e-01	   5.3442030557690590e-01	   1.9822639148137178e-01	   1.0836859853247106e-02	   3.3441127793304309e-01	   1.2525237882283488e-01	   5.0070729926529411e-01	   5.7068247216189860e-01	   4.6728435642380700e-01	   1.5091491685423461e-01	   6.6735949016157281e-01	   6.7479559623180774e-01	   6.5680458819933130e-01	   7.0555223981776838e-01	   6.1207263170725867e-01	   5.1696055196564439e-01	   5.4117450346978946e-01	   5.2040531175263915e-01	   6.2727827465820074e-01	   7.1441180178251351e-01	   4.9123524713950451e-01	   5.8944680906135893e-01	   6.7729163020172234e-01	   6.4452014472890373e-01	   3.5274563079925508e-01	   2.8613872076735214e-01	   6.1579420428132392e-01	   5.7662418566559581e-01	   2.8968965932270219e-01	   5.7859949680181255e-01	   2.8250750809929820e-01	   6.8644125795437405e-01	  -1.8422476412749009e-01	   2.5381861341243473e-02	   8.2207235666835188e-02	   1.0703585842377445e-02	   4.8159715679567994e-01	   5.4722485209672056e-01	   5.0499639347868386e-01	   5.4003269862595549e-01	   4.2814629764745626e-01	   4.0522606373130921e-01	  -2.6097561541529590e-01	  -3.1727203710339866e-02	  -8.9744075255941302e-02	  -3.5121978342534298e-02	  -2.7986014246134594e-01	  -3.2207308153011871e-01	   3.4708659722588041e-02	   3.0164304231536265e-01	   1.4002542408244248e-01	   8.5022269044247187e-02	  -8.3416143125006587e-02	  -3.9625553548225401e-01	
