   0.0000000000000000e+00	   6.4504725353743653e-01	  -1.6109321633184301e-01	   6.4847682782730162e-02	   8.4534021017887276e-02	   7.9293653713317355e-02	   5.9192171226637967e-02	  -9.9073252624583275e-03	  -3.1681851350989748e-01	  -6.9227454931860430e-02	   6.5012696627548228e-01	   3.7709113887162571e-01	   3.1379418237352008e-01	   2.7478876462846963e-01	   2.1693996948410210e-01	   1.7872483125693694e-01	   7.6901486925520002e-01	   5.8394172333384986e-01	   5.8010367089720383e-01	   3.9915476530514410e-01	  -8.5195969801480764e-03	  -7.1688585065985966e-02	  -2.1513277321200122e-01	  -7.6855745120826033e-02	  -1.9443755780890021e-01	  -1.2587509358158722e-01	  -6.7752883612439946e-02	  -1.2191932579502204e-02	   4.2110854204547443e-01	   3.0400364456339013e-01	  -2.1447329288311531e-01	  -1.8525462570550003e-01	   3.4222927872230202e-01	   3.5023861217405006e-01	  -1.0958357597166320e-01	   3.1649607741825687e-02	   2.4604542009301206e-01	   1.1531325408151742e-01	   8.4620020413660901e-02	   4.8718969659586026e-02	   4.1125823690869884e-01	   3.5080275225101093e-01	   2.7824114913893339e-01	   3.9599128888660323e-01	   3.4525235385801345e-01	   3.9653889498384765e-01	   5.0381546883825701e-01	   3.6970740503239052e-01	   1.2036697239022891e-01	   6.7527345021469204e-02	   1.0633410612852827e-01	   3.9596795035583526e-02	   4.8890796240433287e-01	   5.3845347785161132e-02	   2.4971673153193735e-01	   1.1501231128105187e-01	   8.7726439542941903e-01	   5.3283292772313495e-01	   6.6133040226337581e-01	   4.8587869336571921e-01	   4.3891327064406538e-01	   1.1441989658588560e-01	   5.9710426241999859e-01	   4.7185418436559429e-01	  -2.4141136139411237e-01	  -1.0596664385562132e-01	   1.6499818340421007e-01	   1.8001947575182473e-01	   1.5986761728969892e-01	   4.2699575321274615e-02	   2.4927805360244715e-01	   5.1385959194314268e-02	   6.6185339448841773e-01	   5.7530186837503794e-01	   7.0906706637715700e-01	   4.4777494140144969e-01	   5.6741841607536214e-01	   3.7690336360321608e-01	   3.3773561960731874e-01	   2.8197422434960157e-01	   5.3727357921030594e-01	   4.8181702441603419e-01	   2.9797940811780460e-01	   3.5594918754773336e-01	   1.4142108440364987e-01	   4.4123914292381478e-01	   1.9975932993475951e-01	   2.0553648909875141e-01	   2.2529197931657383e-01	   1.9678416737861434e-01	   3.2052707511975453e-01	   7.8017688494830248e-02	   1.4627700657812159e-01	   2.2343016935524160e-01	  -4.9213275192318683e-02	   4.0776487258232796e-02	   4.2348672063505488e-01	   4.8990086503547292e-01	   5.4587423620799425e-01	   3.3088794638277802e-01	   1.5828905818581607e-01	   3.8857658031195375e-01	   5.6898135726718113e-01	   7.7106422974778466e-01	   5.4343907261293081e-02	   6.6898945148685496e-02	   2.1440830656636475e-01	   4.3485132517887687e-03	   1.1769050624979863e-01	   4.1566174134346806e-01	   5.3852469763374357e-02	   6.6647198878709446e-01	   5.9929821171353637e-01	   2.0199234047967893e-01	   1.1839748069475830e-02	   4.6290539285548840e-02	
   6.4504725353743653e-01	   0.0000000000000000e+00	  -3.9694612793999984e-01	   1.7832032043104438e-02	  -2.1757928172075006e-01	  -1.9324349819877409e-01	  -1.2574828959938564e-01	  -1.8672882364232798e-01	  -2.7685211851028857e-01	  -1.0412237007111072e-01	   5.8891117734735177e-01	   3.9150595473370220e-01	   3.5058161948143968e-01	   3.3734873927979714e-01	   2.2080357161794353e-01	   3.9731699034467405e-01	   7.5031258277806634e-01	   8.6347513373438756e-01	   5.3332223583937055e-01	   5.4440031730261373e-01	  -3.0935888436679571e-01	  -3.0427388937642974e-01	  -8.0030349520049490e-02	   9.1342931144380440e-02	  -3.8663076298743609e-01	  -2.4549853036096569e-01	  -2.4485389527463308e-01	  -1.2173199794876681e-01	   4.3390025413105937e-01	   4.5134551432098041e-01	  -2.1781515659972669e-01	  -2.4527506681017830e-01	   1.4669864699008536e-01	   2.0486835256778757e-01	  -4.1716460227672214e-01	  -2.3567615580075801e-01	   1.5197944045575654e-01	   1.0617383752934707e-01	   4.9924008609417127e-02	   5.5601752276910041e-02	   4.0416963433145925e-01	   4.6326715747152986e-01	   3.3600449694465101e-01	   3.1617841363916832e-01	   1.4817012381011624e-01	   9.5123351669995942e-02	   4.9443296058524527e-01	   4.1184267339961284e-01	   2.1488276988621113e-01	   7.4906488196442148e-02	   4.1869604383792787e-02	   3.5838713362579266e-02	   4.0545535483348683e-01	   1.9730318595243329e-01	   3.1258082120821568e-01	   2.4223692748708242e-01	   6.1777483368434183e-01	   1.1592143193910842e+00	   1.5147755897132326e-01	   2.8072821371819801e-01	   2.0823546457674519e-01	  -5.0605544788988495e-02	   6.0864573733780003e-01	   4.6597212374492514e-01	  -3.8443639327823870e-01	  -3.4610890831976543e-01	  -2.2730976462260724e-01	  -1.3511571188645122e-01	   3.5299621630914775e-02	   5.0011602890281587e-02	  -1.3511297886729010e-02	  -1.1294941346510413e-01	   2.7649220633898419e-01	   6.4852033960865485e-01	   1.0241772307991800e-01	   4.8306530173663986e-01	   5.5083644396209153e-01	   4.6465890205220062e-01	   3.1800471893696591e-01	   5.9746140582125096e-01	   4.8801416051700752e-01	   4.0668282917970500e-01	   2.3524606161639211e-01	   4.0840390107653701e-01	  -2.0120354796381867e-02	   1.4238677054529794e-01	  -8.1490152589171180e-02	   1.0116586661590814e-01	   1.6810043773835670e-01	   1.4219655366586292e-01	   2.5498841887090029e-01	  -3.4084327558309355e-03	   4.0862760622571659e-02	   1.4467325639702202e-02	  -2.1431723846062073e-01	  -2.0911401454080741e-02	   4.1647581415737794e-01	   1.2303894322834769e-01	   6.4685340667550117e-01	   2.9067635554412335e-01	   7.9029565733597693e-02	   1.4404267919641209e-01	   5.8139013759862135e-01	   4.0969608357104459e-01	  -7.4774655253338406e-03	  -2.5184898752045609e-01	   3.5868843802167927e-01	  -1.5553219917396355e-01	  -3.9940895534571674e-03	   9.5267168180597633e-02	  -1.1052293946262040e-01	   5.6234081404595371e-01	   3.3910612351520791e-01	   1.8306461152192349e-01	   1.8132145368549575e-02	  -4.3701108590904252e-02	
  -1.6109321633184301e-01	  -3.9694612793999984e-01	   0.0000000000000000e+00	   6.5708302474310243e-01	   3.5458249701103101e-01	   3.1799887473565530e-01	   5.0456844410302881e-01	   2.4069609068549053e-01	   4.6075488842189455e-01	   2.3532726453915054e-01	  -1.7619938637320612e-01	  -3.4385404562006533e-01	   7.1824500614139822e-02	  -6.2665235761500279e-02	   3.1194007993503342e-01	   1.1426503950162822e-01	  -1.6260410565821035e-01	  -2.2532300642172040e-01	   1.1695401017097514e-02	  -8.0325201337734770e-02	   6.7970621581853430e-01	   6.3540993213782992e-01	   6.5047070710260213e-01	   2.1754793353870971e-01	   9.8031623444096172e-01	   7.2105837674537654e-01	   7.2761988376407760e-01	   6.3680492361299013e-01	  -5.0799980231916189e-02	  -7.3175179231104129e-02	   7.2545922749481973e-01	   7.2648420408611281e-01	   3.9332742674997789e-01	   2.3924198628969306e-01	   7.9385672200561330e-01	   5.4828490672387242e-01	   1.1233632276847380e-01	   6.6081889513917719e-02	   2.9378293892438234e-01	   2.1494976635631502e-01	   5.7367169834286462e-02	  -1.7464330036826545e-02	   2.1946302877963217e-01	   4.3468277405936437e-02	   8.4804263859281193e-02	   9.8310928421120533e-02	   9.5034793361260580e-03	   8.5809803598737036e-02	  -7.5682513494173834e-02	   6.7087327767641675e-02	   3.1678071428224919e-01	   7.1551513013703438e-02	  -1.2207028916218818e-01	  -1.3962345990368472e-01	  -6.4306738422717349e-02	  -9.8505593880469700e-02	  -1.6564554410609508e-01	  -3.3751047074404661e-01	   1.8844531635251091e-01	  -1.1561297595579768e-01	   1.3553130798360569e-01	   1.5609351752604257e-02	  -2.3674368875044594e-01	  -2.5901274772493538e-01	   6.3423649698430640e-01	   5.5758399304442374e-01	   5.7630401194019032e-01	   4.6825235808449395e-01	   2.9468323487729975e-01	   2.8140099287699849e-01	   1.8315428550959045e-01	   3.6728599448796462e-01	   3.5702476726063997e-02	  -1.4719692829767891e-01	   3.5216636271653716e-02	  -1.4644573228567154e-01	  -1.3333539906535880e-01	  -1.5055364455749329e-01	   8.6219043491374991e-02	  -5.8068728478149981e-03	  -5.5847630061619427e-02	   1.3345309389135879e-01	   1.8487931151586631e-01	   1.2939168945059357e-01	   4.4746386649297654e-01	   3.1670606105812943e-01	   2.9110260799380394e-01	   2.0063110337384157e-01	   2.6557738743690240e-01	   2.2992859059511980e-01	   8.2921424677043248e-02	   2.5848497448812291e-01	   2.9449867637816579e-01	   5.1038818382678430e-01	   2.7454306697815645e-01	   2.1206279035786177e-01	  -8.7478190126482391e-02	   6.9649816425976979e-02	  -2.3695684265132869e-01	   2.9935601399519909e-02	   1.8737199846607036e-01	   3.1425922969853554e-01	  -3.0792217356030233e-02	   4.3358798100853066e-02	   2.5421883649134464e-01	   4.8824900439524255e-01	   1.2008367583584924e-01	   1.8471405219585571e-01	   2.3473410703199632e-01	   9.2898586691178717e-02	  -2.7016174697153200e-02	   4.3033398816503983e-02	  -3.7258985842771285e-03	   4.2658630569763926e-02	   1.0952555768602874e-01	   8.3438042001452217e-02	
   6.4847682782730162e-02	   1.7832032043104438e-02	   6.5708302474310243e-01	   0.0000000000000000e+00	   2.9471758665129361e-01	   4.3720055635188715e-01	   3.1450081529940005e-01	   6.9297700717979760e-01	   4.3584726871565671e-01	   6.7626174552393659e-01	  -1.0023828441604561e-01	   1.4881152150075079e-02	  -6.8276173477408095e-02	   9.8458132059332543e-02	   2.8980894406908397e-01	   5.3812348901215756e-01	   9.4836466826619614e-02	   9.3554391300994438e-02	   1.7938384639974281e-01	   2.2328792526915869e-01	   2.4045896478619549e-01	   3.6450651066593182e-01	   6.7324108579899566e-01	   7.9366040364518486e-01	   3.4569827954402516e-01	   5.7096800543302295e-01	   3.5019446119930914e-01	   4.7882404501961862e-01	  -9.1275024335606109e-02	   1.6465046203479974e-01	   2.6756750737181256e-01	   5.1373164726268983e-01	   3.9322253805978297e-01	   3.6714593040464272e-01	   4.2491692325439745e-01	   4.6931895497849396e-01	  -3.5576024035872925e-03	   1.0342703666126513e-01	   9.9003928078330805e-02	   1.0750034448254728e-01	   4.6641576569577634e-04	  -2.6784473375443655e-02	   5.5399539428570221e-01	   4.3098411219913968e-01	   2.5694577884157821e-01	   3.6046173133593817e-01	   2.9124024201551119e-01	   6.3243354429472443e-01	   2.3290518099379875e-01	   3.4351964232584803e-01	   5.8470652315424310e-01	   4.2995339996662812e-01	   1.2390661611615990e-01	   1.2567237276959245e-01	  -7.3804038888932069e-02	   8.4172776502388816e-02	   2.1964638481633927e-01	   4.7064918800924178e-02	   3.2123013140099393e-01	   2.3427395653605176e-01	   3.3110681115055712e-01	   4.7603989436704164e-01	   4.3002656727834675e-02	   6.2529578184413112e-02	   8.0370813469634017e-01	   8.6758595041735354e-01	   4.9542792397960222e-01	   6.1028919700071116e-01	   1.7424158940986215e-01	   1.4386140340471407e-01	   2.9693786103344283e-01	   2.7826380645737581e-01	  -5.2492950883582616e-04	   1.6232805529613623e-01	  -5.3447829723280341e-02	   9.7017104029428577e-02	   2.4596865519061156e-01	   3.0131847229194952e-01	   1.6251770921527639e-01	   9.9783531300699654e-02	   1.4153189755237711e-01	   3.3162563961297731e-01	   9.2063765374349377e-02	   4.0970273307971855e-01	   3.3029053394644620e-01	   6.6751543896159693e-01	   2.5428512774811207e-01	   3.2346394918444077e-01	   2.8579851453003496e-01	   2.3559275178125738e-01	   5.5233653436298602e-01	   3.9078885691695081e-01	   9.2026110885294188e-01	   5.5625940820294295e-01	   2.0341934686977797e-02	   3.9100387153995879e-02	  -1.0476907952223166e-01	   1.3710407989419399e-01	   1.4294578961091320e-01	   3.4687875967433962e-01	   7.4787373939866419e-01	   5.6868897413753960e-01	   3.0452229255702334e-01	   2.5935007031235197e-01	   2.9561672466713212e-01	   4.1561370944257264e-01	   5.1140276475432289e-01	   2.9722193769811561e-01	   1.3881338605170770e-01	   1.0128528092513825e-01	  -1.9815723417920927e-01	   2.4530576379541053e-01	   3.2383898358611724e-01	   2.1656362074293548e-01	   2.6537512551013803e-01	   7.2191859855246551e-02	
   8.4534021017887276e-02	  -2.1757928172075006e-01	   3.5458249701103101e-01	   2.9471758665129361e-01	   0.0000000000000000e+00	   1.2215183886894687e+00	   4.3563096910061766e-01	   4.2046666743824984e-01	   5.2417629228273033e-01	   6.2963208096979673e-01	  -1.2982242226114653e-02	   1.5369769687023410e-01	   1.7180251851761572e-02	   1.2715056414976836e-01	   6.3350758304766441e-01	   3.6129710111949503e-01	   2.7222177652096398e-02	  -5.2289725401077854e-02	   1.3747090064372897e-01	   1.2030660856315142e-01	   3.0366396659709122e-01	   4.1044291920651116e-01	   1.9729766561666504e-01	   1.6613843729972572e-01	   3.5864103003565262e-01	   3.3180252123630161e-01	   5.6347008029502055e-01	   4.8242292135120129e-01	   1.4147809028049843e-01	   2.4443120065910520e-01	   1.5185437222166953e-01	   1.6411737131153628e-01	   4.5780748544466215e-01	   5.0825098499179744e-01	   4.2877500526161105e-01	   2.9553780625388820e-01	   1.0748147351615464e-01	   4.3030079031785066e-02	   3.1475316940434028e-01	   2.9168575161481425e-01	   1.7981056166255965e-01	   1.3905197110746986e-01	   1.1875979386935444e-01	  -4.7419245255992171e-02	   1.9983885743232679e-01	   2.1314147688810495e-01	   1.7881314461335901e-01	  -9.4687313239101012e-03	  -5.6299769524039610e-02	   8.1808641354944145e-02	   1.0012298319327534e-01	   8.2226232705385802e-02	  -1.3853124673443307e-01	  -2.4419629179255253e-01	  -5.9516300572700007e-02	   3.3930288193236020e-02	  -4.2079743662333274e-02	  -1.2183646468794194e-01	   4.0324733777552296e-01	   3.1355985848823620e-01	   3.4872359448422263e-01	   4.3811829359611021e-01	  -4.2034162207670398e-03	   8.5717410255435333e-02	   4.0465082592308205e-01	   4.0016405667032351e-01	   4.9007984949540789e-01	   4.8406231520826704e-01	   1.3289338647587021e-01	   2.8838735366300700e-01	   7.1107529667041591e-02	   2.4058758431432281e-01	   1.3457223132285412e-01	   1.0855263114871624e-01	   9.0795930231244298e-02	   1.8267747412323909e-01	   6.3835481004831870e-02	   7.8240514181909832e-02	   9.4179464061457649e-02	  -3.0446320884974596e-02	   2.3913307078637847e-01	   1.9171840470721532e-01	   4.3158989943359821e-01	   1.9200174615813195e-01	   3.6249295672108467e-01	   4.6370225434407453e-01	   7.5021047451875367e-01	   6.1019361185363163e-01	   3.6772733949294217e-01	   3.0151814887760503e-01	   1.8950253138711687e-01	   2.7258888693407540e-01	   3.8252644653370893e-01	   5.5683505971109049e-01	   1.8815443095949718e-02	   2.4297834074862756e-02	  -1.3603638374422586e-01	   2.0644399833290309e-02	  -5.6215977177697836e-02	  -2.0369291453016039e-02	   3.0563297325017127e-02	   3.4355069925144444e-01	  -8.5391977522576348e-03	   1.6161569240467688e-01	   1.2145915929834752e-01	   3.1966760032093089e-01	  -7.7668192397886887e-02	  -1.6099892201364321e-01	   4.0993193190320729e-02	   3.3684216198865344e-02	  -1.2808720572453813e-01	   3.1812342952139090e-02	   1.8379724252393528e-01	  -1.8909173159649986e-02	  -7.1171501632562598e-02	   1.1208372892364833e-03	
   7.9293653713317355e-02	  -1.9324349819877409e-01	   3.1799887473565530e-01	   4.3720055635188715e-01	   1.2215183886894687e+00	   0.0000000000000000e+00	   3.6800867740087179e-01	   6.3406888190762534e-01	   3.8729781263168223e-01	   7.8484231383400282e-01	  -9.8950029052665131e-02	   1.6688021101394321e-01	  -1.0080989608403400e-01	   1.1806007177258328e-01	   4.2768429359574545e-01	   4.0113616596521129e-01	  -5.5122378188175579e-02	  -1.2303193888304109e-01	   6.8588361250805516e-02	   7.2317953704332319e-02	   2.6198711312335299e-01	   4.4887034796971592e-01	   1.0760961429349689e-01	   1.5970680677832211e-01	   3.1878442998951684e-01	   4.2629882114059492e-01	   5.4101968825713875e-01	   5.5306434394835868e-01	  -5.3365261601250900e-02	   1.7955343364897930e-01	   5.6587947020723069e-02	   1.5873283954068060e-01	   4.1275741824812795e-01	   4.4147289357707309e-01	   4.9313914024916194e-01	   3.2767170301005649e-01	   1.9390718357359887e-01	   2.1574064521366715e-01	   3.6309550333401758e-01	   3.5748024368975034e-01	   1.8202393611355389e-01	   1.3445565476608029e-01	   2.2473039327253555e-01	   5.1970604655342971e-02	   2.3481602028382065e-01	   2.6309902161422805e-01	   3.3593502018599714e-01	   2.2417798326127963e-01	   1.1114499483374445e-01	   1.9873770087320061e-01	   2.7588914427634370e-01	   2.0099786911714262e-01	  -4.4123660626816968e-02	  -1.3097786793195249e-01	   7.9331609653350454e-02	   2.4691426017150511e-01	   3.9900145839069513e-02	  -1.3430335994593440e-01	   4.4820002261124903e-01	   3.8059565659859090e-01	   2.6791740474576992e-01	   4.8264825148969304e-01	  -9.2826849647080448e-02	   3.2179445250447365e-02	   3.8786361306806105e-01	   4.7569341025399214e-01	   4.9406937919195409e-01	   4.5951163682105323e-01	   2.9633774528897261e-01	   2.7930803560717821e-01	   1.3126936800497696e-01	   1.6583258562617867e-01	   1.0053865661277298e-01	   1.3218336162554906e-01	   1.0036746061569836e-01	   1.7392434950294236e-01	   2.3554916876146614e-01	   1.9313597824315462e-01	  -3.3138865623242149e-02	  -1.6146098732071906e-01	   1.6777071185635170e-01	   2.0063870732715289e-01	   2.8741320615737365e-01	   2.7448796573409473e-01	   3.0338626302643257e-01	   4.8497997889178435e-01	   5.6879998223483663e-01	   5.0485827694896368e-01	   4.0895851282858831e-01	   4.2046270541826086e-01	   3.3486393101817780e-01	   2.3057820919735439e-01	   5.4768167883020358e-01	   5.0442072330172605e-01	   3.9550418903769133e-02	   2.0037934987485437e-02	  -5.1612575042579489e-02	   1.5510409486607601e-01	   1.6273597137776841e-01	   7.7455267968885758e-02	   1.7952286203495840e-01	   3.7853115240276008e-01	  -2.6517197446102741e-02	   1.6559849455155617e-01	   8.0397464229475843e-02	   2.6561704517086582e-01	   9.4283931084318012e-02	  -1.8142485750385839e-01	   3.6754278150517544e-02	  -3.3981469963286375e-02	  -2.2045698480876336e-01	   1.0138654207725049e-01	   3.3660157088819770e-01	   1.4778820965238504e-02	  -4.4255483367048973e-02	  -6.1221807513690961e-02	
   5.9192171226637967e-02	  -1.2574828959938564e-01	   5.0456844410302881e-01	   3.1450081529940005e-01	   4.3563096910061766e-01	   3.6800867740087179e-01	   0.0000000000000000e+00	   6.6840997628078214e-01	   7.7698358588754790e-01	   5.0406166437196542e-01	   4.9797143747877404e-01	   3.8627694315329325e-01	   5.5805513593816536e-01	   4.7402007037495453e-01	   3.8930228301220243e-01	   9.7844142257426006e-02	   3.6680026574918694e-02	   5.7334311135184203e-02	   2.1800161510499849e-01	  -2.2234760686458011e-03	   1.1209159534538800e-01	   5.0350478930463578e-02	   3.1451730254782551e-01	   1.4133010013767103e-01	  -1.7702835623821224e-02	  -8.9129718414040715e-02	  -2.6482605682246231e-02	  -1.3330745356639601e-02	   1.7843557206973204e-01	   9.8719161702966379e-02	   2.3749553991185390e-01	   1.5481267695424694e-01	   2.8381800552773134e-01	   1.9696705564748673e-01	   1.5621540928870653e-01	   3.6287973043539090e-02	  -1.3234606131389570e-01	  -1.9029343024646150e-01	  -1.3672364712885490e-01	  -3.0731809800258086e-01	  -1.6303107440453812e-01	  -1.3099080297113078e-01	   4.3261432711348535e-01	   2.5467341916296593e-01	   3.5985437708495527e-01	   4.2365373719651733e-01	   8.5832520714030872e-02	   1.4099119516852804e-01	   7.3862461462517195e-02	   2.0457806515423624e-01	   6.0851776493408463e-02	   1.4434391827258236e-01	  -2.6597628143981221e-02	   1.0476678198102689e-01	  -1.0607301335238278e-01	  -2.3636818125277589e-01	  -2.5680917551148619e-01	  -9.9652887992022307e-02	   3.0969798045949232e-01	   4.7816492071016584e-02	   5.3665319048509152e-01	   2.3699740262638752e-01	   1.1324341801611082e-01	   1.9909861156915643e-01	   4.1434105766375012e-01	   2.6690549765797000e-01	   3.7510902413302294e-01	   2.8937797721327418e-01	   1.0425732083127127e-01	   1.3461753337808041e-01	   3.3440021089678429e-01	   2.8885443330775623e-01	   8.6699421917343367e-02	   9.6380569690868612e-02	   1.3461276644479123e-01	   1.2291788384444630e-01	   3.5604945875291678e-02	   3.9071372591714885e-02	   2.0238933565781858e-01	   2.3533641377418352e-01	   1.4687227266190800e-01	   3.6100805964769450e-01	  -3.0551009061052653e-02	  -2.0344498938880326e-01	   1.5968593259371594e-01	   3.9464833873523419e-01	  -1.2066977116366629e-02	  -1.5764865740511363e-01	   3.8097033362222166e-01	   2.1792905428275239e-01	   4.4049407765106635e-01	   6.1950802282750783e-01	   4.4013840948064820e-01	   7.6158360978526329e-01	   2.2105392584073510e-01	   1.9487506371525570e-01	   3.4077569846428540e-02	  -2.4774463007924277e-01	   3.8908991676500443e-02	   2.1273437642329729e-01	   3.5413398656465772e-01	   7.2610294120558816e-01	   3.7637668661688334e-01	   3.3880879892514232e-01	   4.5138546277250657e-01	   5.0376024841255296e-01	   3.0756993134570842e-01	   2.6937013820254690e-01	   4.7620655423370783e-01	   3.3792192528136639e-01	  -8.4174660932323335e-04	   1.7167234256903371e-01	   4.0280675976763725e-01	   3.3696246119231105e-01	   3.3389535319790120e-01	   3.3901033406448905e-01	
  -9.9073252624583275e-03	  -1.8672882364232798e-01	   2.4069609068549053e-01	   6.9297700717979760e-01	   4.2046666743824984e-01	   6.3406888190762534e-01	   6.6840997628078214e-01	   0.0000000000000000e+00	   4.7602126222327823e-01	   1.0781654695212235e+00	   6.1364035241826098e-02	   4.5115776331549962e-01	  -3.3319469911584985e-02	   3.7137212008014259e-01	   1.5490619357471730e-01	   2.3671219312678493e-01	  -4.0848313545136534e-03	  -2.1001927615161654e-02	   1.5763345536211409e-01	   1.5831821214030575e-01	  -1.0985349393809915e-01	  -7.8791655037566577e-02	   3.4294016192309185e-01	   5.0751778185562058e-01	  -9.4832532643138942e-02	   3.8112767145274160e-02	   3.9242369591556917e-03	   5.2108266211513361e-03	  -2.2240940257613525e-02	   1.6951657233148176e-01	  -7.6206246036820705e-02	   8.1915336487527843e-02	   2.8771824869799939e-01	   2.8760878077806701e-01	   2.7995078413375929e-01	   1.6043196010732272e-01	  -2.5488512373410910e-01	  -1.5755090395674751e-01	  -2.4142201174587710e-01	  -3.2013713623238271e-01	  -2.6368003140613799e-01	  -3.4999737701249412e-01	   4.4438780054002541e-01	   3.3506543702609537e-01	   3.4170374560657674e-01	   4.9613314264812913e-01	   1.2227713600366652e-01	   3.9162198374605739e-01	   2.2058804495879733e-01	   2.6488045818729250e-01	   2.1414635145330102e-01	   1.9674532116664681e-01	   3.9400497566990551e-02	   1.2544004662142577e-01	  -1.8833833010956408e-01	  -9.7298614266574657e-02	  -6.8061530070823814e-02	  -1.1651189547046577e-01	   3.1493789460162119e-01	   2.6097779704901386e-01	   3.8228256134585847e-01	   8.6832621098197316e-01	  -1.6857127743013230e-02	   1.5125312599759960e-01	   6.4782578581346417e-01	   7.4768800293915871e-01	   3.4866408328215082e-01	   3.5601652802129702e-01	   7.9144004222404002e-02	   7.4411646144692548e-02	   2.5388997902313831e-01	   9.9993731979171316e-02	  -1.0858137680394878e-01	   1.1120910189844928e-01	  -3.2809139644769246e-02	   8.9516607099817042e-02	   2.0666966768784861e-01	   3.1376843816467481e-01	  -1.9583368969411059e-02	  -7.9475658462815901e-02	   7.9437172117436464e-02	   2.0934288155824218e-01	  -7.3662668445828902e-02	  -1.3979177812669942e-02	   1.5194173898980987e-01	   4.4370436692654253e-01	   1.0182393922528733e-01	  -2.8887013606421444e-02	   3.3208688870685826e-01	   1.2666839478271213e-01	   7.4366037224231951e-01	   3.6588778961058571e-01	   8.1995013745182788e-01	   4.5749914710174100e-01	  -5.8173302066817076e-02	  -9.1090967825450384e-02	  -2.7809623761506880e-01	  -1.2093743695351025e-01	   1.6960290257757382e-01	   2.2368175753887287e-01	   6.9614685973999990e-01	   5.5027573658350870e-01	   2.7730595693479032e-01	   2.2433154045399231e-01	   1.8675578102790313e-01	   3.3832265936662886e-01	   2.6456326519543155e-01	   1.0103655850662920e-01	   1.2116762941170547e-01	   6.2634089792794723e-02	  -2.1321727323614756e-01	   1.2195010981704370e-02	   3.4452973703792111e-01	   1.1037554186464268e-01	   2.0734116897554528e-01	   1.2267819938259328e-01	
  -3.1681851350989748e-01	  -2.7685211851028857e-01	   4.6075488842189455e-01	   4.3584726871565671e-01	   5.2417629228273033e-01	   3.8729781263168223e-01	   7.7698358588754790e-01	   4.7602126222327823e-01	   0.0000000000000000e+00	   5.9801435953967030e-01	   9.8039139020377725e-02	   1.3172312143201406e-01	   4.0247588705228848e-01	   3.8122234445346526e-01	   4.6730263839005659e-01	   2.5902217140038269e-01	  -1.5019655326000192e-01	  -4.2817816670916484e-02	  -8.1010820584170029e-02	  -2.1328094005563256e-01	   1.0253631103418229e-01	   1.4080148406778928e-01	   4.6083750977867877e-01	   3.2574482034376984e-01	   1.0711359218571487e-01	   1.1348998124496858e-01	   2.0920792311500430e-01	   2.6818290645519444e-01	   3.5509897622225624e-02	   4.8989236765818372e-02	   2.5978413017843704e-01	   2.4066721327786167e-01	   1.2425039310197404e-01	   8.6989842454500171e-02	   1.9337341847948711e-01	   6.7265665760824822e-02	  -1.0744562292355200e-01	  -9.9663468058462087e-02	   1.0096343891509390e-02	  -1.0378214704392252e-01	  -1.4599335377539904e-01	  -1.2590209291177340e-01	   1.4253383574108469e-01	  -7.7802955912137386e-02	  -4.4738295254605376e-02	   1.0178127801689316e-02	  -3.3508199154115424e-02	   4.8010531497639689e-02	  -1.2169630704012632e-01	   5.8935956326113641e-02	   7.2788773452020492e-02	   7.8852125395436734e-02	  -1.4692732027890471e-01	   8.6074397519000048e-02	  -5.2987850018985899e-02	  -9.3386879080259083e-02	  -3.3063129275538233e-01	  -2.0466498408932102e-01	   2.3749178824792626e-02	  -1.3492259985306676e-01	   2.8403316678117341e-01	   1.7954802411019111e-01	  -1.0484083137096301e-01	  -1.9683120579856654e-02	   5.7539793271291795e-01	   4.2849632542943172e-01	   1.6106551708773359e-01	   2.0378947516090648e-01	  -5.7100277839579827e-02	   1.5391824485658612e-01	   1.6546840279587707e-01	   2.5341483559277611e-01	  -1.9268705833597702e-01	  -1.3761499517975148e-01	  -1.2794648523500049e-01	  -8.2632511275793102e-02	  -1.9222981588224169e-01	  -8.6841336792817719e-02	   1.2263539958325177e-01	   1.2448255096691557e-01	  -2.7736713171627569e-02	   2.0267431456834958e-01	  -1.3066509615754257e-06	  -6.9964928632881840e-02	   2.5411926056933232e-01	   3.9491405885479763e-01	   3.1080951766375917e-02	   4.6232305887996525e-02	   4.0978198517050801e-01	   2.6343147082017465e-01	   1.7123764601099106e-01	   4.9631739190910140e-01	   4.2448918575623712e-01	   5.2092337051163384e-01	   9.5229642153147373e-02	   1.2170201602270718e-01	  -1.3171587990268036e-01	  -3.0932812246465802e-01	  -1.4713323125001140e-01	   1.2284652842052363e-01	   1.9600078853138231e-01	   4.3480563053030108e-01	  -5.4175376883196990e-03	   3.3629435683956349e-02	   3.7529852515694778e-01	   3.5123845690262778e-01	   1.2276062092306322e-01	   2.0824374335062404e-01	   2.6020430596526595e-01	   3.2365282006689707e-02	  -9.1637888354274680e-02	  -5.8195029281299208e-02	   5.4841289839377451e-02	   1.3265556903729248e-01	   1.8574704682905271e-01	   2.6788164842970547e-01	
  -6.9227454931860430e-02	  -1.0412237007111072e-01	   2.3532726453915054e-01	   6.7626174552393659e-01	   6.2963208096979673e-01	   7.8484231383400282e-01	   5.0406166437196542e-01	   1.0781654695212235e+00	   5.9801435953967030e-01	   0.0000000000000000e+00	  -1.0031469121906504e-01	   2.6238889354457917e-01	  -4.3758490886277437e-02	   2.4016779468285571e-01	   3.1376013598854535e-01	   5.7909829685162995e-01	  -5.6141890850293426e-02	  -5.1932071170509513e-02	   2.2533516956404620e-01	   2.5280341677014395e-01	  -5.8974943036648166e-02	   5.4925770179633633e-02	   4.1216686996518836e-01	   6.6495214501691524e-01	   1.8941017128224217e-02	   1.6525502013017668e-01	   1.7865025014165006e-01	   2.1711197719353983e-01	  -3.8260631954137566e-03	   2.8544339988785439e-01	   3.4494858658463620e-02	   1.3580907513168841e-01	   3.7748237002982421e-01	   3.4085330283888970e-01	   2.2128990740474169e-01	   3.5505480023497502e-02	  -2.7985659382543127e-01	  -2.1334108478706021e-01	  -1.4522734495729975e-01	  -1.7806435428153033e-01	  -2.3782335062060658e-01	  -1.9299214164882308e-01	   2.7985129115660101e-01	   8.8527706967017977e-02	   3.7783137141046214e-01	   3.9416791464156387e-01	   2.5401118208548334e-01	   3.3250588163687278e-01	   2.9492346713051887e-01	   2.3590588518147546e-01	   2.6171527116026505e-01	   1.6587021245528280e-01	   2.6027250378399817e-02	   7.0818499219185052e-02	  -1.4164597756999692e-01	   2.6016311368567056e-02	  -1.2030493772244853e-02	  -7.2234284231567220e-02	   3.1172063068534467e-01	   2.5632080775100746e-01	   2.5656849628361894e-01	   7.0778581943429197e-01	  -1.0278896142839124e-01	   4.8134355880021816e-02	   5.6696041809095366e-01	   5.1449685610962004e-01	   3.2174547260581693e-01	   2.8723268472603430e-01	   3.0153908007125391e-02	   1.0155757074149320e-01	   1.8290201483700211e-01	   2.1191945350789954e-01	  -1.0643926131202611e-01	   1.6995860292588622e-01	  -6.4878857565610126e-02	   1.1953224441343710e-01	   2.1977033996673190e-01	   2.3889645021988995e-01	   4.4258756456509549e-02	  -4.7492535846063777e-02	   1.3052628479655251e-01	   1.6740346903683184e-01	   3.9969846608958123e-02	   1.7870109218885008e-01	   1.7727383642042988e-01	   4.6567106374670708e-01	   1.4928933275527331e-01	   1.7485767302788882e-01	   2.9120932313922698e-01	   1.4234775478711795e-01	   6.8741348097627486e-01	   4.3345234975752606e-01	   8.4373441921522430e-01	   5.2960428164542528e-01	  -5.5721573817787848e-02	  -1.1236419358837876e-01	  -2.3656791736559063e-01	  -4.1042296455451224e-02	   3.1227287425542033e-01	   4.0462933597895212e-01	   5.1441238060790473e-01	   4.8196266192007592e-01	   1.9926822937088637e-01	   1.6694757326982118e-01	   3.4351497720585718e-02	   1.4900462000927109e-01	   1.6323089673676633e-01	  -2.1184228612935362e-04	   6.5473159762821961e-02	  -1.8481339340800363e-02	  -3.7693755254668965e-01	   1.2433461393464024e-01	   3.2291728630846428e-01	   7.6501530874749660e-02	   3.3801716168564283e-02	  -2.4577845160919102e-02	
   6.5012696627548228e-01	   5.8891117734735177e-01	  -1.7619938637320612e-01	  -1.0023828441604561e-01	  -1.2982242226114653e-02	  -9.8950029052665131e-02	   4.9797143747877404e-01	   6.1364035241826098e-02	   9.8039139020377725e-02	  -1.0031469121906504e-01	   0.0000000000000000e+00	   7.4242524670048748e-01	   1.0293842983401311e+00	   6.9610101755867237e-01	   4.0052370060445913e-01	   4.8151558635420678e-02	   7.8565817959308426e-01	   8.4113676517842351e-01	   3.2437931258193214e-01	   1.1178630986168671e-01	  -9.3610822838967878e-02	  -2.3601149777278996e-01	  -8.2588600189482844e-02	  -1.1936295616593498e-01	  -4.4672924464819730e-01	  -4.8654383837405291e-01	  -3.4746210904041847e-01	  -3.0892524530755777e-01	   7.8503429345842579e-01	   5.4159338898156983e-01	  -5.2812636646040814e-03	  -1.2146332571398563e-01	   1.6243703491774236e-01	   2.0933590450127218e-01	  -3.9543643292785102e-01	  -2.0227442507556578e-01	   1.6019669210157991e-01	  -5.2789154013230845e-02	  -9.2281382170994325e-02	  -2.5330426815914026e-01	   3.5057899680858462e-01	   3.0941022376079763e-01	   2.6048039623774977e-01	   2.8704646972741954e-01	   1.2321059945797568e-01	   2.2123370306131507e-01	   1.5421766939421508e-01	   1.5668514573017664e-01	  -4.7452530903876022e-02	  -8.0905672711821475e-02	  -1.2306150158009661e-01	  -5.2100500379761668e-02	   3.1042505447961394e-01	   1.9430566174690392e-01	   1.3097244390129029e-01	  -2.1585598739229936e-01	   2.7173903339904742e-01	   5.9938002513569710e-01	   2.5332425117881963e-01	   1.3185631006607446e-01	   5.6344346126410849e-01	   4.6044152142744793e-02	   8.1713733854673742e-01	   7.1695419561822649e-01	  -2.9208834036559750e-01	  -2.8367699334561147e-01	   2.1328799794655029e-03	   7.3858420917017539e-02	   1.9478018049809049e-02	  -2.6996482826802119e-02	   3.2140066300834519e-01	   1.3429472518209193e-01	   5.8474123608781814e-01	   5.7811469774424196e-01	   4.7595227187828243e-01	   4.0550634409717651e-01	   3.8390007234263174e-01	   3.4163953996636331e-01	   6.0335513511506966e-01	   8.1411498303968244e-01	   6.5308314523138922e-01	   7.2558268939641812e-01	   1.1948589091009520e-01	  -2.0386297699946369e-02	   5.0818334522821945e-02	   1.9167602694831937e-01	  -2.2324748172673564e-01	  -2.7920760518561294e-01	   1.5685951474409943e-01	   2.9133871521438568e-02	   1.5774480188952500e-01	   1.1829164220249193e-01	  -6.8422671594667472e-02	   1.7203390749879141e-01	   6.2576272171645325e-02	   1.3989473180744574e-01	   4.3280167052426077e-01	  -1.4622526278950146e-01	   2.2992297464023331e-01	   8.2641080059778688e-02	  -2.5552230627134478e-02	   3.1147288599082212e-01	   5.8650803578514599e-01	   5.6709345143048573e-01	   3.6544564169865723e-01	   2.1206621725072633e-01	   3.6151373914676188e-01	   1.2004313677135584e-01	   3.8362980623374104e-01	   4.0079615745807284e-01	   6.0793046008237456e-02	   4.2259346156571764e-01	   4.0898270145013205e-01	   3.8661164339190784e-01	   2.9239891234504678e-01	   3.4820524463723324e-01	
   3.7709113887162571e-01	   3.9150595473370220e-01	  -3.4385404562006533e-01	   1.4881152150075079e-02	   1.5369769687023410e-01	   1.6688021101394321e-01	   3.8627694315329325e-01	   4.5115776331549962e-01	   1.3172312143201406e-01	   2.6238889354457917e-01	   7.4242524670048748e-01	   0.0000000000000000e+00	   3.8685403113319455e-01	   9.9079833135442164e-01	   2.4449860798624673e-01	   1.6896427459438015e-01	   5.2748792563126856e-01	   5.4033218722488963e-01	   2.6725007351978891e-01	   2.7051249455380971e-01	  -3.2356353155736700e-01	  -4.1501071713503818e-01	  -4.3123802127398699e-02	   8.8786306413400184e-02	  -6.4058009368860225e-01	  -6.1779317965052827e-01	  -4.0686183518601010e-01	  -4.2298681827287737e-01	   4.7458816622537187e-01	   4.5382160859079734e-01	  -2.7821472542893194e-01	  -3.1435954857824644e-01	   9.2031394308576916e-02	   1.8976638610191918e-01	  -4.0803903729467267e-01	  -3.5638309331515916e-01	  -1.5113266352429283e-01	  -1.8643844345640073e-01	  -2.8473789068240890e-01	  -3.3095198123828140e-01	   4.5716700472669916e-02	   8.2524729569217553e-02	   2.9580531977479907e-01	   3.1295328625915259e-01	   1.9526927549305989e-01	   2.6486244330044384e-01	   1.3725362500609656e-01	   1.5616770085632262e-01	   1.1124127011323702e-01	  -1.2695954020792148e-02	  -1.6639558068602300e-01	  -5.5205598010951207e-02	   2.6323491264055854e-01	   1.3403878607462474e-01	   4.8055792087635888e-03	  -7.1630822407606543e-02	   1.9103597423803814e-01	   4.3552487002617879e-01	   3.2722093803887198e-01	   3.8416006341342418e-01	   4.9769407766605778e-01	   4.3181762890807596e-01	   5.3016133235236340e-01	   6.7246098264673326e-01	  -1.8608671949211950e-01	  -1.3785679011321947e-01	  -6.4248900317371585e-02	  -1.4833235969688554e-02	   1.0220634905716262e-02	   8.2458122509578347e-02	   2.0848728903226996e-01	   3.9642563035337267e-02	   2.4996522318535486e-01	   3.7700022046273229e-01	   1.9857716589116489e-01	   3.4763137290586449e-01	   3.2533281037197570e-01	   3.6374055145529038e-01	   3.6759430453790948e-01	   4.3121605314033029e-01	   4.9076373053481381e-01	   4.4692863056923438e-01	  -1.2372096202891042e-02	  -8.5208938578431523e-02	  -1.3019946668379309e-01	   2.3548238218919770e-01	  -9.5269043950374346e-02	  -1.2466464128464412e-01	   2.3236050102599659e-01	   2.4542235165894938e-01	   4.9095800016464353e-01	   1.8080703124602970e-01	   2.4753874892129302e-01	   1.5960321894468946e-01	  -1.6467105378838084e-01	   6.0009536500007510e-03	   7.6031886905030183e-02	  -2.0824227309027199e-01	   3.5557177735360274e-01	   1.0201081957185104e-01	   2.0332410341373078e-01	   3.2396730586316941e-01	   5.6554688406980858e-01	   4.2174128847252967e-01	   2.3472891392810752e-01	   1.0590369550403797e-01	   2.7620432063317585e-01	  -3.1863294663370276e-02	   1.1965391071706660e-01	   1.6808982139191037e-01	  -8.5867197717648669e-02	   2.2155489918031526e-01	   4.1589125780901282e-01	   1.9048697443366441e-01	   1.7099588300393090e-01	   2.1531678637938745e-01	
   3.1379418237352008e-01	   3.5058161948143968e-01	   7.1824500614139822e-02	  -6.8276173477408095e-02	   1.7180251851761572e-02	  -1.0080989608403400e-01	   5.5805513593816536e-01	  -3.3319469911584985e-02	   4.0247588705228848e-01	  -4.3758490886277437e-02	   1.0293842983401311e+00	   3.8685403113319455e-01	   0.0000000000000000e+00	   7.8566320755315033e-01	   6.5487529533616395e-01	   2.5041901407225803e-01	   3.2719198821219708e-01	   3.9872565483278760e-01	   2.5744717329393119e-01	  -1.7746968566087876e-02	   4.1863230744207790e-03	  -1.4337736568562465e-01	   1.7515326111189458e-01	  -2.2670071210421330e-02	  -2.1081051535601014e-01	  -2.7061021476364355e-01	  -1.0438688709183021e-01	  -1.1838165182301755e-01	   5.7054413789199221e-01	   3.8129844663680468e-01	   1.8553495007456267e-01	   3.9459403674189736e-02	   1.3121863522317032e-01	   1.0793854589925189e-01	  -2.4927563899149580e-01	  -2.3019922793181571e-01	   2.3240093698217396e-01	  -3.4749466409277627e-03	   4.1075248747641936e-02	  -1.2725443887410195e-01	   3.3953602535248706e-01	   2.8888418413269235e-01	   1.2628543791259264e-01	   6.3964133267680912e-02	  -2.7854881344920979e-02	   2.3323465938753247e-03	   1.9412688273163503e-01	   1.2231431756374850e-01	  -8.2722077517364961e-02	  -6.3182260023055423e-02	  -3.4568728733674364e-02	  -6.4596137905012160e-02	   2.5841016573522985e-01	   2.4556523334308789e-01	   2.4211285311876860e-01	  -9.3173329505068320e-02	  -3.3424980213327619e-02	   2.5552648977986148e-01	   6.2973880375331900e-02	  -9.3709838617169083e-02	   3.4257672477712781e-01	  -1.5199034455285390e-01	   3.4573749130400028e-01	   2.4352562167553468e-01	  -1.6037658792156140e-01	  -2.4222188366588979e-01	  -6.7918654012173868e-02	  -3.0347278456574367e-02	   4.1469506073301632e-02	   5.0661106086754670e-02	   3.7767541732687310e-01	   2.0800924814744282e-01	   3.2907996795886107e-01	   3.5963615940830473e-01	   2.7994937897062427e-01	   2.3170163344877126e-01	   1.6471351757634514e-01	   1.3493093296639433e-01	   4.0844226306361425e-01	   5.9508376324805845e-01	   3.1349596377158745e-01	   4.6056981283080672e-01	   2.6281412438615637e-01	   5.6730954488713937e-02	   2.5425618942813505e-01	   1.7940895532219714e-01	  -2.3428038736974249e-01	  -2.4785384520358328e-01	   4.2380275174529330e-01	   1.2106550414910208e-01	   5.2841918368186754e-02	   2.6044246539572291e-01	  -5.6854621971618662e-02	   3.6246548412411922e-01	   1.6034021526439027e-01	   1.5688944927558268e-01	   4.3360586571246218e-01	  -8.7919984478512320e-02	   1.6804377526258280e-01	   1.8035188409673825e-01	  -1.2687656091051899e-01	   3.5024354155288251e-01	   2.4931221856077740e-01	   3.1085221800820584e-01	   2.8260073519873136e-01	   1.3908025679387620e-01	   2.3968118402370753e-01	   1.1618590486148682e-01	   3.2883301440351553e-01	   2.4994042543578276e-01	   7.5426804150345361e-02	   3.6175296070758173e-01	   2.3709163985422563e-01	   2.2515874163186358e-01	   1.2561923306726730e-01	   2.2894290701222952e-01	
