   0.0000000000000000e+00	   9.1940514753462288e-01	   7.5839458233132051e-01	   6.4723669253848071e-01	   4.1548670955600592e-01	   2.4969152274661949e-01	   8.0004009121572084e-01	   4.5004052106497272e-01	   4.3620328625025678e-01	   1.0600444800931680e-01	   1.1189259101778442e+00	   3.8144799410505503e-01	   6.9714731206318692e-01	   3.2898469485669135e-01	   8.1558492139498817e-01	   7.0210985565946360e-01	   8.5030300073119669e-01	   4.0541467827017641e-01	   9.6223900509142024e-01	   5.5931645942635277e-01	   3.0582489608172564e-01	   2.4312889141131644e-01	   5.6128721829061923e-01	   4.5082956258686691e-01	   8.1344382515758173e-01	   7.6941304935642962e-01	   5.1074706880094700e-01	   5.6286622452929724e-01	   3.9240518614593706e-01	   2.4579949053125888e-01	   4.8723805023109468e-01	   1.4196326285529109e-01	   9.9627688810335979e-01	   7.4628298859660203e-01	   6.5984698410509801e-01	   5.2990793028192784e-01	   2.3736662081990981e-01	   3.3850894899332257e-01	   8.2727173931961495e-01	   8.0634900313833735e-01	   4.3635574885073530e-01	   4.7667791751396249e-01	   4.9931739396480551e-01	   4.6045233239405992e-01	   2.5355075793637927e-01	   2.6554197324325968e-01	   3.8719215161744808e-01	   3.6587735811852640e-01	   1.6942517261948836e-01	   2.6240152022364538e-01	   3.6159539252306067e-01	   3.6579441264126011e-01	   6.7102736868110069e-01	   7.2725728652829469e-01	   7.7737172522733922e-01	   8.1513549452279055e-01	   9.1096305043085579e-01	   7.3633583303467098e-01	   5.5891196344772431e-01	   5.4505220812927213e-01	   8.7446534152898825e-01	   3.6558983055721200e-01	   9.7865367314063634e-01	   5.9920060010682163e-01	   6.4265919552122153e-01	   8.0815526300354290e-01	   5.1280424447379969e-01	   4.3488531360262073e-01	   7.1882053210892904e-01	   6.5089014225384323e-01	  -1.2402382138697873e-01	  -1.4896680384551353e-02	   3.6130694430815213e-01	   2.8141139116039837e-01	   4.5895401884270576e-01	   4.5898658699044637e-02	   4.8639122790941980e-01	   3.1309597041432080e-01	   5.6884435179714887e-01	   2.8566425785845551e-01	   1.0393483117803521e+00	   7.3053150821133017e-01	   8.3974157316454801e-01	   5.3203561735001981e-01	   9.7121207763172046e-01	   8.1287174287290764e-01	   4.9714062793267172e-01	   2.7449553291853723e-01	   9.8120356503492545e-01	   7.8274436202565023e-01	   5.5748126459264535e-01	   6.2067844877866940e-01	   5.0039751624127637e-01	   1.0138658093281432e+00	   3.0330449018861266e-01	   2.3407672452579120e-01	   5.6218434061026246e-01	   3.3594782837285581e-01	   7.3944117064286297e-01	   5.3100112335337146e-01	   6.9901198985989910e-01	   7.2292293725022183e-01	   6.2057543949601035e-01	   7.1789372560048070e-01	   1.8329468606220800e-01	   2.4772689164943615e-01	   5.8385537646328367e-01	   9.6005256924433929e-02	   5.8811648890585641e-03	   1.1599053162196026e-01	   5.0575611697338063e-01	   6.0688036601208484e-01	   6.9933583943403754e-01	   2.5924466898965381e-01	   1.3003450223279320e-01	  -3.0988913778134741e-01	
   9.1940514753462288e-01	   0.0000000000000000e+00	   4.0991571129022519e-01	   4.6131624644264041e-01	   3.2054496377972358e-01	   4.1774044567562882e-02	   4.0936888156142115e-01	   4.1527693413575700e-01	   2.4012516511838569e-01	  -2.0345074355256315e-02	   7.5285801061739011e-01	   5.8450823574803545e-01	   3.4868115168838004e-01	   4.7693475421372217e-01	   4.0301123100735897e-01	   6.2866872094295023e-01	   7.6272694020196541e-01	   7.4402824106844023e-01	   5.6295138022237579e-01	   6.5670374515848351e-01	   7.8747972797270957e-02	   8.4205902829710369e-02	   3.8702500589324196e-01	   3.4406767400806798e-01	   5.2045668165584624e-01	   4.5075484833706564e-01	   3.0786091608221577e-01	   3.4024741699176797e-01	   1.8120860528653418e-01	   5.0496550127445228e-01	   2.3270700918462162e-01	  -3.5435226488191390e-02	   7.5603566160861291e-01	   7.6737110045362200e-01	   4.2307510385563440e-01	   2.8266274555480753e-01	   2.8948709592559868e-01	   4.6228868453348027e-01	   6.7168738299186614e-01	   6.0306396991999811e-01	   3.5646316079399054e-01	   2.6587169440742753e-01	   2.8794330434922488e-01	   2.9689028990441746e-01	   1.6238414953701602e-01	   1.2558986684117288e-01	   2.5684788552645726e-01	   2.7016957688946552e-01	   1.2750073665217670e-01	   1.5816227502640576e-01	   3.4962570756677230e-01	   3.2267982035998533e-01	   5.7983561549724694e-01	   5.8256805823961633e-01	   5.4937696065386332e-01	   6.2396484023123133e-01	   8.3571227292026073e-01	   1.2428692732684565e+00	   4.0876343641271018e-01	   3.5003793143809531e-01	   7.9115001720419464e-01	   4.3385772397269418e-01	   1.0921497180779249e+00	   9.2581334695224304e-01	   6.1608935314347812e-01	   7.2235480137788532e-01	   2.3075552035519653e-01	   2.1393645888957560e-01	   4.7087089313405739e-01	   4.6244153255252068e-01	  -3.1915367830633884e-01	  -1.2591857573852053e-01	   3.9658244782018758e-02	   3.3072771337283402e-01	   1.3725799481450890e-01	   6.0113314159055097e-02	   1.8754068225072970e-01	   2.5984155599868081e-01	   6.1563975139536742e-01	   4.9766888407745680e-01	   7.5091891250170006e-01	   1.0074300006007939e+00	   3.8549758528819972e-01	   3.8123311725833858e-01	   8.2008864374147339e-01	   9.8437439081176581e-01	   1.5848628282381375e-01	   2.1310333500643175e-01	   7.0368106179988821e-01	   7.4501886112952620e-01	   3.0242686431092181e-01	   4.0237168255065908e-01	   3.5397721342953103e-01	   5.9415816007275313e-01	   5.3395631362360856e-02	   6.9392666154429756e-03	   4.9148201257084534e-01	   1.6964176212771165e-01	   6.4524949602210602e-01	   4.0441937794027616e-01	   5.1757402404197950e-01	   4.3653061442360841e-01	   4.1246682699464970e-01	   3.8742887012499339e-01	  -5.4717685077966774e-02	  -3.0783179521865611e-02	   4.6467147580039375e-01	  -1.3195411456841263e-01	  -2.0593515060458877e-02	   3.1346013071923202e-02	   4.4513740012642000e-01	   4.1134513555370872e-01	   4.1095284736697935e-01	   9.9128251820400970e-02	   6.1722885989995223e-02	  -4.0677690592875071e-01	
   7.5839458233132051e-01	   4.0991571129022519e-01	   0.0000000000000000e+00	   9.2337659024491703e-01	   7.7791544854339001e-01	   3.2648627022597798e-01	   1.0215347328059128e+00	   5.4050790323713227e-01	   4.3508947007216014e-01	   4.2133208273834995e-02	   7.2184473711604691e-01	   3.8968632266696962e-01	   3.7640554241471680e-01	   3.3111742638280522e-01	   7.8162713612825019e-01	   6.2222280372668615e-01	   3.5342674848749722e-01	   3.1869976591136545e-01	   9.9178304213470370e-01	   6.0438195500715608e-01	   6.8740945599852843e-01	   6.2414687105261768e-01	   1.4525158265506246e+00	   9.8809040276517934e-01	   5.7082057340706049e-01	   5.9910332303445257e-01	   7.6328577395461861e-01	   7.1111902834981100e-01	   2.1266180462793702e-01	   3.6849173686378262e-01	   7.5123783039931291e-01	   5.4879620783258809e-01	   6.2547369921047424e-01	   4.6161917550224429e-01	   3.1056547072929963e-01	   2.0434561992991773e-01	  -3.5546684184337020e-02	   2.2212419141465534e-01	   3.4556720493262022e-01	   3.6895576282509790e-01	   2.3741924952975874e-01	   4.6539932182854571e-01	   1.5489532703360320e-01	   1.5418418881128387e-01	  -8.0389631855003835e-02	  -6.0532578970370357e-02	   9.9037607416148796e-02	   1.0655832306195531e-01	  -3.1464628510267073e-02	   6.9990669534550822e-03	   2.7691757251091720e-01	   2.9944178553908063e-01	   5.8651500616640151e-01	   5.3243508639689008e-01	   5.0321862637484793e-01	   4.2639513306531224e-01	   2.8243030747828513e-01	   2.1858787809213670e-01	   2.1681323667278277e-01	   1.4929086498133814e-01	   4.1765305330407276e-01	   2.5100730384982234e-01	   4.0162463447284952e-01	   3.3271572910420810e-01	   6.4850577957787503e-01	   5.8374386933662259e-01	   2.1630452390724952e-01	   9.4521781308251979e-02	   3.7224041673348501e-01	   1.9914626047833697e-01	   4.3213417079577703e-02	   1.0929365603588093e-01	   1.2273226986298338e-01	   2.2020412051996341e-01	   1.2411967798832238e-01	   1.9017239498933663e-01	   6.2029457996539444e-02	  -2.8794497349528315e-02	   2.8140457357039095e-01	   2.2123215797816215e-01	   5.0087351122365420e-01	   5.7046549407137814e-01	   8.1634838204780946e-01	   4.8845674037853659e-01	   7.4238321289125719e-01	   5.4283989892930729e-01	   6.4346653680714394e-01	   5.2465350432244851e-01	   7.9074921843149959e-01	   7.6047240226581181e-01	   2.6832140772016211e-01	   4.9267257530790554e-01	   2.8914918799124040e-01	   5.9498200085753816e-01	   1.2834407136699932e-01	   1.4273763534718317e-01	   6.2179446095413024e-02	   2.3026386926860642e-01	   1.4519767869907771e-01	   2.4277858765464080e-01	   4.4286706231795819e-01	   2.6565015240496082e-01	   4.0659654269554724e-01	   4.0520746632577376e-01	   2.6987207907664668e-01	   3.1220976996227107e-01	   2.1464244091233986e-01	   2.3551573018988975e-01	  -1.9234069540517140e-01	   3.5045825162525663e-03	   1.3595095877112789e-01	   1.9882965374736014e-01	   3.5467638040006894e-01	   6.1314725588224694e-01	   3.2097878126497636e-01	   8.0474685723296982e-02	
   6.4723669253848071e-01	   4.6131624644264041e-01	   9.2337659024491703e-01	   0.0000000000000000e+00	   6.9387845983469365e-01	   5.9485327205224858e-01	   9.1459394824661522e-01	   1.1727885131180564e+00	   4.8670982210547253e-01	   4.1830900794250475e-01	   5.2874572763650773e-01	   5.6513192744532359e-01	   3.9099950566125719e-01	   6.8943210282882916e-01	   4.9073639021469206e-01	   8.8179919697720321e-01	   3.1452748827028348e-01	   3.0125585278902783e-01	   6.0464995995953241e-01	   6.0140606922476003e-01	   6.3386949684447502e-01	   5.5221896047758678e-01	   8.7912699102176517e-01	   1.0524682994494143e+00	   4.9691048844816399e-01	   6.0830572404572614e-01	   5.9902982739357336e-01	   7.5316067462481351e-01	   1.0508157155971069e-01	   4.3686895219887334e-01	   7.4218996733485620e-01	   7.8916322416602946e-01	   5.3852694540465817e-01	   6.4076101245530370e-01	   2.4192913917663036e-01	   2.4397746232666195e-01	  -4.0416349526586154e-02	   3.0477519084869087e-01	   3.5380011079983914e-01	   4.0609987712430162e-01	   1.4612757125562095e-01	   4.4562947145348530e-01	   2.7737855071439865e-01	   3.7153369425725141e-01	   2.9932546373486059e-02	   3.2187460927554611e-02	   2.3409361529525616e-01	   2.4570040342448618e-01	   9.8339570019783371e-02	   1.5853007645811670e-01	   3.7571663648261699e-01	   3.2203587712572601e-01	   4.9051008595561074e-01	   4.2261022017107691e-01	   5.4588990314574326e-01	   4.9544117645451657e-01	   1.7471244969425398e-01	   2.2947966815167464e-01	   2.8554241263541225e-01	   3.3408768364004909e-01	   4.9012294155047370e-01	   6.2196434903135600e-01	   3.6080811522291312e-01	   4.2549649121233996e-01	   4.5606500571297753e-01	   7.1561267578741783e-01	   2.1334030856925368e-01	   1.8248566486851894e-01	   1.2943978981838161e-01	   1.3853292238714091e-01	   1.2421015384874178e-01	   3.5343870200997007e-01	   1.9858842103136864e-01	   4.7370447565903806e-01	   1.9992607118940514e-01	   4.0419635988930908e-01	   9.4137266530238087e-02	   1.3965855533564528e-01	   2.6979429365638752e-01	   2.2101001286512231e-01	   3.9818536370754459e-01	   5.3282764685470618e-01	   4.0637350111935244e-01	   5.6819796829924285e-01	   4.7323066759012189e-01	   5.4888316946956051e-01	   4.0741329478360594e-01	   6.3886051185372250e-01	   6.5789856153695292e-01	   5.8134168355898685e-01	   4.1317263972664908e-01	   2.9724369327745837e-01	   4.0077650657016090e-01	   4.2485716201528045e-01	   2.8657636028397304e-01	   1.4597736918539275e-01	   2.0156717540935731e-01	   2.1553242300826228e-01	   2.8007896185966319e-01	   2.3514026207777250e-01	   6.3631133447627131e-01	   3.1763868800583800e-01	   6.1247188514504258e-01	   4.1318994912276091e-01	   3.5126901414757772e-01	   2.6442533694715109e-01	   2.7748829453565732e-01	   2.8458241169256721e-01	  -1.0651341124387950e-01	  -4.5037291370033906e-02	   1.3588760276547368e-01	   1.8165807923559063e-01	   1.5055058178312219e-01	   2.4566234174433360e-01	   3.7421853436552588e-01	   1.0856977675868551e-01	
   4.1548670955600592e-01	   3.2054496377972358e-01	   7.7791544854339001e-01	   6.9387845983469365e-01	   0.0000000000000000e+00	   6.0320852449057571e-01	   6.1641531043212883e-01	   7.3559595324481453e-01	   8.1269851991722208e-01	   4.2687878054655182e-01	   2.6665104323938438e-01	   4.5875280698709664e-01	   2.1043342795443351e-01	   4.9099332350604574e-01	   7.6634897929505463e-01	   8.3279928015710336e-01	   1.1803226947623086e-01	   3.5652781043494974e-01	   6.2577192338272258e-01	   4.2446680344298326e-01	   5.9867690302483667e-01	   5.4262683788793931e-01	   6.9972609225344173e-01	   6.4416305353865944e-01	   7.3646262766516324e-01	   5.9343292617519783e-01	   5.5372977965214498e-01	   4.8223424135919796e-01	  -5.3031082852000373e-02	   4.7017450814735595e-01	   6.3393425283046367e-01	   4.5699025442815810e-01	   4.6505921206243267e-01	   3.6380846036783693e-01	   4.4485495700183164e-01	   4.7702642239629028e-01	  -2.4024230895249295e-02	   3.9668171008130365e-01	   3.4985835310763941e-01	   4.5746714565465363e-01	   2.1971037569010982e-01	   5.7459321576643752e-01	   4.1244854880227744e-01	   4.1788024303966331e-01	   1.2507827015813139e-01	   8.7403378772569151e-02	   2.4340484222885506e-01	   2.0192488478887213e-01	   1.7000828619105207e-01	   2.1644250099229123e-01	   4.7362530822272580e-01	   4.4168024594562544e-01	   5.9062483010814071e-01	   5.5973868839026664e-01	   4.7843214870493117e-01	   5.0461126851599436e-01	   3.0677601302994412e-01	   2.4794765642210637e-01	   4.3198581077042258e-01	   4.1294257570905379e-01	   3.6930692543393384e-01	   4.3859631148604006e-01	   2.8161013121574613e-01	   2.6966180712039978e-01	   3.4608062195192718e-01	   4.9305812464306709e-01	   4.6241752594439706e-01	   3.7400030537314688e-01	   5.2261736462530750e-01	   4.6098580144613072e-01	   1.7845069046663842e-01	   3.7248976560575159e-01	   2.1977136163427394e-02	   3.1444482598655732e-01	   3.2104539529542842e-02	   2.2857880076113085e-01	   9.3565973220920612e-02	   1.0896602411716150e-01	   1.1290313374684242e-01	   3.1316569200309574e-01	   2.5461217279060105e-01	   5.5052741401254990e-01	   5.0471875043145231e-01	   5.8617598056033349e-01	   3.9688121324311021e-01	   5.5662102676178438e-01	   4.5588034176169212e-01	   6.1497056181100329e-01	   7.1324780704262070e-01	   7.4096869390319442e-01	   3.7173136306626453e-01	   5.4257211492868063e-01	   3.2709765189545803e-01	   5.1704238819292525e-01	   1.7096213316525699e-01	   1.6123083681705350e-01	   1.1447966955129077e-01	   3.2223724924867714e-01	   1.9780070714516351e-01	   3.0421110076315466e-01	   4.5725442491271628e-01	   2.9529635414125027e-01	   4.8026685303533279e-01	   4.8666802098226281e-01	   2.7280570491489831e-01	   3.7369325124161107e-01	   3.3495320101298970e-01	   2.6751860296649377e-01	  -1.6683504464591864e-01	  -2.1528161218169146e-02	   9.5737231399496733e-02	   6.8535732444302208e-02	   3.1648450482683949e-01	   5.7844773055359910e-01	   3.4825560383539372e-01	   1.4164820309072262e-01	
   2.4969152274661949e-01	   4.1774044567562882e-02	   3.2648627022597798e-01	   5.9485327205224858e-01	   6.0320852449057571e-01	   0.0000000000000000e+00	   3.3390367814613531e-01	   4.4028859803037512e-01	   6.4764570938203214e-01	   1.2331130326483100e+00	   6.3084088004290328e-02	  -3.5954869234778628e-02	   3.6466508694526201e-01	   2.2551652918160975e-01	   6.2422580155795360e-01	   8.0159769419340765e-01	  -1.1153629993478846e-01	  -1.5729699866947633e-01	   2.1598902450820068e-01	   2.7665284720705601e-02	   7.8688118042174227e-01	   8.7501912549643301e-01	   1.3628560586537272e-01	   2.8952484735137851e-01	   3.6947552826601338e-01	   6.8687724598178690e-01	   6.4822317472562696e-01	   7.4580209306336098e-01	  -7.3184801318993742e-02	   9.2378766957500261e-02	   3.7888681954235404e-01	   3.6324392764329633e-01	   8.2141669261871289e-02	   2.3312983534595214e-02	   2.7765713613389464e-01	   4.1310807678986322e-01	  -4.2759339502530793e-03	   2.9226975036101493e-01	   6.6142717088349637e-02	   3.1714332428126585e-01	   1.0398170082683535e-01	   7.5925436698096949e-01	   2.7860845363971742e-01	   4.3751691919917501e-01	   8.9521896211109134e-02	   1.2920559389951231e-01	   3.0962352906165236e-01	   2.8828235002122493e-01	   2.5509105111271302e-01	   3.3160171561760432e-01	   4.7484382963520411e-01	   5.0003413933647034e-01	   3.8248098977759226e-01	   3.4237785072414928e-01	   4.4619179659871433e-01	   4.0476102070626152e-01	   1.5525459355051011e-01	   2.5131242313279640e-02	   4.2337517817867459e-01	   4.3649407081799008e-01	   3.9523197256519049e-01	   4.4956146957738796e-01	   6.1493428894746113e-02	  -4.7197945109731118e-02	   1.6665992952714706e-01	   4.6427415457055771e-01	   3.9947812920207215e-01	   3.4882716962219928e-01	   1.6199805296745487e-01	   1.5948608073372858e-01	   3.0651564725875136e-01	   3.0406921627900635e-01	   2.6157886529127106e-01	   2.0803269876697555e-01	   2.3259551167725950e-01	   2.9096952716448493e-01	   3.1691444528393869e-02	  -9.8673641677032201e-02	  -9.4587176448770308e-02	  -1.7303450115357522e-01	   1.2967494402356841e-01	   1.6583568653956737e-01	   3.6439889993016311e-01	   9.2179771639419339e-01	   1.6221437603305425e-01	   3.1001409486414250e-01	   4.0101267115415440e-01	   1.0990303088416544e+00	   4.4973494444279605e-01	   4.6612268860248829e-01	   3.7212405829247236e-01	   4.2631634111950123e-01	   3.1671434031832280e-01	   3.2545365467263365e-01	   3.0874260769906176e-01	   3.6164783106600623e-01	   7.6507312102462824e-02	   3.8516609376054856e-01	   1.8069471321885644e-01	   2.9893094645174512e-01	   2.9731863919450813e-01	   2.2218862798444047e-01	   6.2399433524385128e-01	   5.0406755765684919e-01	   6.1244478643363587e-01	   4.3738954383288520e-01	   3.5978971318966246e-01	   7.9691889210911171e-01	  -1.1646987073251250e-01	  -1.7142559602311236e-01	  -1.6617373544932007e-01	  -6.5686103774863835e-02	   7.1628525886705610e-02	   4.0967490360176489e-01	   4.9791553051288490e-01	   4.6040571434192384e-01	
   8.0004009121572084e-01	   4.0936888156142115e-01	   1.0215347328059128e+00	   9.1459394824661522e-01	   6.1641531043212883e-01	   3.3390367814613531e-01	   0.0000000000000000e+00	   7.7490698010991288e-01	   7.1936300434824019e-01	   3.0488728626285583e-01	   7.5531910445381412e-01	   4.5754276405593675e-01	   7.7930328141251726e-01	   4.5881954281706921e-01	   7.6785411770777090e-01	   7.3164997046608027e-01	   5.7219102386673582e-01	   2.7035077190636447e-01	   7.6794789392765872e-01	   3.6034373746305370e-01	   4.9137666618682924e-01	   3.7867011744322426e-01	   7.6140894484318211e-01	   6.2084122624655724e-01	   6.1262893715182587e-01	   5.0742839923473171e-01	   4.5925525796884265e-01	   5.1019193340316693e-01	   4.0369737844056824e-01	   3.2287716368639352e-01	   9.5074875929178460e-01	   6.0170978758272753e-01	   7.0830051261450477e-01	   5.9314170815223688e-01	   5.0586749562592881e-01	   3.7952993843107163e-01	   1.3128025712503336e-01	   2.3871787952795720e-01	   5.9792272775348021e-01	   6.6716244525546831e-01	   2.9809620746901649e-01	   4.4509437000235841e-01	   4.5707573114801470e-01	   3.0630320999760635e-01	   9.7499585910154896e-02	   6.1546350153240378e-02	   2.9237183084077445e-01	   1.9246491687384754e-01	   3.0703244605885551e-02	   6.1943560282428999e-02	   2.3158578239972882e-01	   1.6843607237780586e-01	   3.9622136303905064e-01	   5.2413905087613655e-01	   4.6646064752550764e-01	   5.4005740700341021e-01	   3.4492348068839473e-01	   1.9663502935507382e-01	   2.3384348521892059e-01	   2.8820871143838744e-01	   4.6138979621103038e-01	   4.5660111075800291e-01	   4.2400425335900660e-01	   3.1104600054229126e-01	   3.9359281272065466e-01	   5.0966160217064738e-01	   3.0094054097652928e-01	   2.4022674982657957e-01	   3.1641386926209281e-01	   2.4471310123133905e-01	   2.8365988200079084e-01	   3.7399136120232529e-01	   4.1695639239644944e-01	   4.4421708579957342e-01	   4.7557703562463793e-01	   3.1544786231584154e-01	   4.0105622342903630e-01	   3.1284699265973753e-01	   4.8094576391623595e-01	   2.8201745899040265e-01	   6.5389472323692543e-01	   4.3523451747438940e-01	   6.1474191801524958e-01	   4.2653615239135712e-01	   5.8981400341686840e-01	   5.7501025286928131e-01	   3.2788528468607375e-01	   2.8132192553732421e-01	   6.6165331989719112e-01	   6.1110599159868195e-01	   5.0372481949700787e-01	   5.4781698098083742e-01	   6.1191799277765124e-01	   7.3362661091149006e-01	   2.9779684138120183e-01	   1.9738306148673415e-01	   3.3906954863650174e-01	   2.4152566206346382e-01	   4.0838093612336279e-01	   4.1667397179830151e-01	   7.6701728623092169e-01	   5.7263923589451227e-01	   5.6193348774577689e-01	   4.7309446519252696e-01	   1.8147711417088364e-01	   3.7201664038266069e-01	   2.0851311864836497e-01	   1.4288730282332329e-01	  -1.2080228624966961e-01	   7.2883206079114665e-02	   2.8732306507323685e-01	   4.4933375069642589e-01	   4.5548799655801020e-01	   3.1704779828912399e-01	   2.1850446132382068e-01	  -8.7120751439415556e-02	
   4.5004052106497272e-01	   4.1527693413575700e-01	   5.4050790323713227e-01	   1.1727885131180564e+00	   7.3559595324481453e-01	   4.4028859803037512e-01	   7.7490698010991288e-01	   0.0000000000000000e+00	   5.1421694013139585e-01	   4.8940221890677899e-01	   3.1552457090683672e-01	   9.9701008982847728e-01	   4.0718595876605534e-01	   1.1537122604832679e+00	   3.5647462732228741e-01	   7.7112905288956202e-01	   3.9304841885201086e-01	   5.2429741003896346e-01	   4.0333954383606052e-01	   3.5931750427622655e-01	   3.8727169764104902e-01	   2.8910566834854529e-01	   5.9692909943894512e-01	   6.9375129586121753e-01	   4.5948050767699400e-01	   3.9986622379016024e-01	   2.7235354330077827e-01	   3.7929795000890482e-01	   2.3007575551926504e-01	   6.7171922210907575e-01	   8.1382924882424557e-01	   8.6338027142573148e-01	   6.0858239099236788e-01	   7.6098362204883263e-01	   3.1394755043892492e-01	   3.3105487022792096e-01	   6.8109009709811680e-02	   3.6235410838991700e-01	   4.6250520904612585e-01	   4.4746597790750614e-01	   1.0474704763483801e-01	   3.3305631131675328e-01	   4.3579255148276597e-01	   4.9227833261848436e-01	   2.1250254430387155e-01	   1.7071980855803620e-01	   3.0912088855547437e-01	   3.0893069084807573e-01	   1.8321043183408134e-01	   2.3209059620606212e-01	   3.8352147158179811e-01	   2.3635038566378855e-01	   3.2254503250892813e-01	   3.2295204522159654e-01	   3.8956886457535184e-01	   4.4766500170811008e-01	   2.3518715259941475e-01	   2.4596298912316319e-01	   3.7231879036781329e-01	   4.0066233038896421e-01	   5.2472224962492631e-01	   7.8294669539296913e-01	   4.0958692158426374e-01	   4.3309065833866145e-01	   2.8713981944344824e-01	   5.5179310235992263e-01	   3.0314386030875512e-01	   3.0428672942083007e-01	   2.1476550062364977e-01	   2.4835265514177976e-01	   1.6356736557864163e-01	   5.0096307861752820e-01	   2.0432472189564665e-01	   6.4176447995154695e-01	   2.5349811775738601e-01	   4.7856446726290475e-01	   2.7276960501878150e-01	   4.5796097613652581e-01	   3.7445811869248102e-01	   4.8783188633442010e-01	   3.8276950562052930e-01	   5.6812325852418843e-01	   1.6548807386277259e-01	   3.9816092057671526e-01	   3.1286843911609957e-01	   5.4588105901453965e-01	   1.6776130248466886e-01	   3.5219575893117139e-01	   4.8186784232291663e-01	   3.9409721427130517e-01	   4.0412313363791302e-01	   2.6551223672856139e-01	   3.4686047492235600e-01	   2.8515809870021885e-01	   4.3832258992392881e-01	   1.9436715045723379e-01	   3.4379979211419437e-01	   3.3382106220965868e-01	   3.4561951689108733e-01	   3.6054205107699738e-01	   6.6655818157974855e-01	   2.9254729732081897e-01	   5.5476448742494933e-01	   3.0341082987469326e-01	   2.0684400845782391e-01	   2.2966602617185358e-01	   1.9002398821395017e-01	   1.2891400097721151e-01	   4.2230906228359510e-02	   1.1057502020027787e-01	   3.0197641763168759e-01	   2.2720487771126036e-01	   1.3993752906051588e-01	   1.5709841357545742e-01	   3.5339095353129379e-01	   2.2265154751416941e-02	
   4.3620328625025678e-01	   2.4012516511838569e-01	   4.3508947007216014e-01	   4.8670982210547253e-01	   8.1269851991722208e-01	   6.4764570938203214e-01	   7.1936300434824019e-01	   5.1421694013139585e-01	   0.0000000000000000e+00	   8.0777571105797430e-01	   2.6167327320766171e-01	   1.5954830526888139e-01	   4.9690769490124564e-01	   3.4512285618842292e-01	   9.4425760320127350e-01	   9.2671820573051755e-01	   1.4718053425409677e-01	   5.5348997960025292e-02	   5.0316986980120937e-01	   1.1488602157665018e-01	   5.9277420458609453e-01	   5.0123270758348470e-01	   2.2316096408243785e-01	   1.6113507109078751e-01	   5.8527587996141595e-01	   6.2213265817544205e-01	   3.8662175361214057e-01	   3.9628879421509328e-01	   9.3425334088984721e-02	   2.3758324745027631e-01	   7.1305147265169466e-01	   3.9527013907428565e-01	   4.3881819685905538e-01	   2.8225954658570795e-01	   5.8717237259727850e-01	   5.5091233928628680e-01	   1.6110968543789894e-01	   2.8515930379643217e-01	   3.7569790175350182e-01	   5.4737973468080670e-01	   5.0233056744123983e-01	   6.7115624588577483e-01	   5.9066085747321107e-01	   4.4312474928619699e-01	   1.2081223667805030e-01	   8.5039767607259731e-02	   2.3921163258918160e-01	   1.0995968104853747e-01	   3.6996696053878952e-02	   9.6319125482988280e-02	   2.1933815934434403e-01	   1.8096563420286532e-01	   3.4509369159810738e-01	   5.6328595924269553e-01	   3.6152122322571706e-01	   4.1716349180305901e-01	   2.9914850347922617e-01	   1.1037852631962666e-01	   2.8405012085570658e-01	   3.8475991894646727e-01	   4.0179689748854297e-01	   4.7057294255127086e-01	   2.6722589178916678e-01	   1.0805919610071521e-01	   3.0698014965506804e-01	   3.7413860284160205e-01	   3.9055955702175932e-01	   3.3571242534539902e-01	   3.3350844626077447e-01	   3.2036183282296082e-01	   5.0073292449055895e-01	   5.7056213389129673e-01	   4.2385646912015928e-01	   3.5365160779749033e-01	   4.8726852774740992e-01	   2.7090471730157240e-01	   3.4951188402600947e-01	   2.2534414135857719e-01	   1.3381406011711025e-01	   1.1852815887419885e-01	   3.0167942411074067e-01	   2.2038510282026139e-01	   5.5164004486198903e-01	   7.6694956491464372e-01	   3.5345438260480705e-01	   4.6439318491751713e-01	   2.6201624596970374e-01	   3.8302011410326886e-01	   5.6055748591486654e-01	   4.9020223774410554e-01	   6.4307440375410485e-01	   7.8731119356409229e-01	   7.5741025765357239e-01	   7.5969712984296534e-01	   1.7998857146614555e-01	   2.7877990873315595e-01	   2.2182394679124640e-01	   2.5849301657260459e-01	   4.3312466876032119e-01	   4.5031135000156425e-01	   5.5815882423897234e-01	   5.2525923498692328e-01	   5.4868224914778929e-01	   5.0380116265133323e-01	   2.0168136100650913e-01	   5.2738762540695561e-01	   3.4236112021983794e-01	   3.1838300279797438e-01	  -7.5933488632325075e-02	  -2.0430552579794838e-02	  -2.3739266780508099e-04	   2.9372039071925493e-01	   4.6712611789589042e-01	   2.7991894112891680e-01	   2.7620527545452789e-01	   2.0153915500918002e-01	
   1.0600444800931680e-01	  -2.0345074355256315e-02	   4.2133208273834995e-02	   4.1830900794250475e-01	   4.2687878054655182e-01	   1.2331130326483100e+00	   3.0488728626285583e-01	   4.8940221890677899e-01	   8.0777571105797430e-01	   0.0000000000000000e+00	  -7.5764451690817067e-02	   1.2320600561548970e-02	   3.6082955664946881e-01	   2.8563408702967213e-01	   3.9904737360521103e-01	   7.0780297328764918e-01	  -1.1519662304960603e-01	  -2.0931491170283645e-01	   3.8967629678337612e-02	  -1.3231679157064727e-01	   4.8470107608590401e-01	   5.1068454013387976e-01	  -1.4585701761746597e-01	  -2.3889313373678168e-03	   2.3434431626569302e-01	   3.8623125069524933e-01	   2.5648482439375581e-01	   3.5741018906193822e-01	  -8.3442557553219512e-02	   1.3885152329128738e-02	   3.3982931483028139e-01	   3.0457110612374649e-01	   5.0639612080695577e-03	  -2.5781836848124413e-02	   2.3924403583154391e-01	   3.6512047963938615e-01	  -4.8074792644145999e-02	   1.2934871402363177e-01	   2.9628303138669314e-02	   3.0442065363944298e-01	   6.2619696514557580e-02	   4.9465770522532271e-01	   3.8259568445059627e-01	   4.4688997735863512e-01	   1.7045488022874170e-01	   1.7773334302845636e-01	   2.9219727758870317e-01	   2.0351211321391885e-01	   2.0865164870358804e-01	   2.5331844401649378e-01	   3.0310302249437499e-01	   2.4995963600310131e-01	   1.0078174583012761e-01	   1.5780481501732163e-01	   1.8973154585515631e-01	   2.3937868321499611e-01	   1.0833413739292491e-01	  -5.0048360657465658e-02	   2.9579684511807597e-01	   4.1403514263450925e-01	   3.3082046827990752e-01	   5.5993863570363089e-01	   2.9006326380752505e-02	  -7.2980954218870298e-02	   2.6864565478160130e-02	   2.7252193161969196e-01	   3.0714803822878017e-01	   3.3020674987539811e-01	   7.2777125354152289e-02	   1.3180673536381859e-01	   3.8189558708385007e-01	   4.2627298393567781e-01	   2.8047443180859133e-01	   2.1746390433715443e-01	   2.9258328286191493e-01	   2.6366053256059213e-01	   1.5013207883707466e-01	   6.7903426998556976e-02	  -8.3962100304111151e-02	  -1.5880387194605861e-01	   3.6001865115159432e-02	  -5.8537300459718692e-03	   5.7427579532515115e-02	   6.3081948040672153e-01	  -2.8505159105399382e-02	   2.0034841483477531e-01	   5.0059240824339844e-02	   5.8057344083822238e-01	   2.0315359549195899e-01	   2.2483313223401144e-01	   3.5458148878944035e-01	   3.1718025242514952e-01	   3.7940642868164393e-01	   2.5904087530432129e-01	   2.6616356859573820e-01	   2.4574750890363140e-01	   9.7605008295862716e-02	   2.6379893222189998e-01	   1.8452786016008599e-01	   2.3911872787082505e-01	   3.4837145901071365e-01	   3.3388045834970875e-01	   5.2415765760103716e-01	   4.0189846280521557e-01	   3.8958862535389627e-01	   3.4809492691441052e-01	   3.1478957321246426e-01	   6.9208060542174887e-01	  -5.6694165484944326e-02	  -5.3270528804399503e-02	  -1.6279160398370521e-01	  -1.7581488026822103e-02	   1.0827105643581091e-02	   6.5772027467720651e-02	   2.8655946265323179e-01	   3.3564852954071905e-01	
   1.1189259101778442e+00	   7.5285801061739011e-01	   7.2184473711604691e-01	   5.2874572763650773e-01	   2.6665104323938438e-01	   6.3084088004290328e-02	   7.5531910445381412e-01	   3.1552457090683672e-01	   2.6167327320766171e-01	  -7.5764451690817067e-02	   0.0000000000000000e+00	   3.6036845666120054e-01	   7.7939342661863276e-01	   2.5254649736957396e-01	   5.8464879958063376e-01	   5.0186054930867696e-01	   1.0600496934817829e+00	   4.3598451773865288e-01	   6.9528616137570498e-01	   4.3439533215090309e-01	   1.8588290504533869e-01	   1.9426278978941913e-01	   6.0477023518488882e-01	   4.8158354127313957e-01	   5.9529614731792124e-01	   5.8498939399747063e-01	   4.4901417192259752e-01	   5.2210594738903326e-01	   4.4269102802569948e-01	   1.8253624689194395e-01	   3.8154666327520048e-01	   1.0670828199670596e-01	   7.9818569525520333e-01	   6.6580906276598051e-01	   5.5916603176366841e-01	   3.8864757819793827e-01	   2.9287829900048734e-01	   2.0995024126852441e-01	   6.8006889642996082e-01	   5.5462501847520773e-01	   4.1198256474610612e-01	   2.9743334803697041e-01	   3.2053269838867543e-01	   2.8999287091108078e-01	   6.5315989206314082e-02	   8.4473822448709796e-02	   2.8285016209798203e-01	   2.8216972637504217e-01	   5.8564527643817886e-02	   1.4711676877085719e-01	   2.9082457704732029e-01	   3.1429287696982594e-01	   6.0586439277770676e-01	   6.4916262740040653e-01	   6.1496264929383293e-01	   6.2162492144194070e-01	   6.1329892951314691e-01	   5.7447872674572342e-01	   4.0840420787263998e-01	   3.4858760793861004e-01	   7.1863588855932314e-01	   3.1818097610855883e-01	   8.7978228482387211e-01	   5.4628521520821338e-01	   7.2009015870700721e-01	   6.7308585404528887e-01	   3.2268413340856034e-01	   2.6469431285756867e-01	   3.2278944781618435e-01	   3.0500647111348766e-01	  -1.8894718042116462e-01	  -1.4691624289417243e-01	   2.3237526370736850e-01	   1.1823266100621110e-01	   2.8760493856133895e-01	  -6.6477614148295977e-02	   2.9191140885147615e-01	   1.7730112204181905e-01	   7.4701676092344926e-01	   2.2746407801684765e-01	   9.9356774082207333e-01	   6.2082468067126362e-01	   7.4925873579244484e-01	   3.7899815585331026e-01	   1.0090935925982651e+00	   6.3968566975874630e-01	   4.7863082700237630e-01	   1.9430491388805690e-01	   6.7975030620968557e-01	   6.3139033618347995e-01	   3.4781478622993867e-01	   3.3245636739678969e-01	   3.2904974515431418e-01	   6.1143976794802479e-01	   2.0674796136678292e-01	   1.7786825422401752e-02	   4.1844845099152628e-01	   5.4660468333471907e-02	   5.0035513530423770e-01	   2.7840773549396830e-01	   4.1599226968682784e-01	   4.7568523197749329e-01	   3.6501671106647959e-01	   3.4012406367025100e-01	   3.4198702241268975e-02	   1.4558081372609763e-01	   2.4323885644222237e-01	  -7.2361268159742601e-02	  -1.3030206537780065e-01	  -6.2977144106805914e-03	   3.9692961637060914e-01	   3.8169934133723366e-01	   4.7626183335167560e-01	   1.0832569475258427e-01	   1.1198732336180599e-01	  -3.0044119012949622e-01	
   3.8144799410505503e-01	   5.8450823574803545e-01	   3.8968632266696962e-01	   5.6513192744532359e-01	   4.5875280698709664e-01	  -3.5954869234778628e-02	   4.5754276405593675e-01	   9.9701008982847728e-01	   1.5954830526888139e-01	   1.2320600561548970e-02	   3.6036845666120054e-01	   0.0000000000000000e+00	   1.9671016201831998e-01	   1.2282804717749340e+00	   1.3464186412869378e-01	   3.9882265106351644e-01	   4.9973201817576912e-01	   8.6315680778949522e-01	   3.7327205946091813e-01	   4.7615910408085710e-01	   1.2361740787856350e-01	   3.0124018363678496e-02	   5.3372123253434256e-01	   5.1391519982686618e-01	   2.3247702579482998e-01	   9.5751309045748786e-02	   3.5324538490760067e-02	   6.5458054465838439e-02	   3.4267555688680634e-01	   8.4555272465471409e-01	   5.1545769954542076e-01	   5.0218990170321631e-01	   5.3708995799871628e-01	   6.7826738791526597e-01	   9.7060394856707269e-02	   4.1102682374561175e-02	   7.5727109107636234e-02	   3.1068129691576657e-01	   3.9995294601647458e-01	   2.6873205931490646e-01	   5.2200272792375338e-02	   5.1688691762898746e-02	   1.9894623305711384e-01	   2.0141399438348639e-01	   2.9671556513765459e-02	  -7.9951147377144080e-03	   7.5129193973034636e-02	   1.2834464201215565e-01	  -4.6023770633230890e-02	  -3.0977922880423118e-02	   1.3685324447813102e-01	  -6.7052515421926308e-03	   2.1696293933517222e-01	   1.6644072782417541e-01	   2.0062043702284801e-01	   2.6860452854679506e-01	   2.2284117196047615e-01	   3.1271878995359365e-01	   1.2958332295080346e-01	   6.4042293975004730e-02	   3.6252397778940604e-01	   4.3639144101491806e-01	   5.1621436921115937e-01	   5.4660510611068780e-01	   2.4854004232188917e-01	   2.9871839162826264e-01	   2.0308436489101182e-02	   2.2263967073688138e-02	   2.6617568139617287e-01	   2.2510691239429093e-01	  -8.6554420134695900e-02	   2.3950311117217865e-01	   1.7206801572475196e-02	   5.3933410393304149e-01	   1.0951450644004602e-01	   3.8022122563790933e-01	   2.5605628939680430e-01	   5.2267459625670720e-01	   5.0121702549270730e-01	   8.6842656833424192e-01	   3.4105836150417962e-01	   6.4566686240234417e-01	   6.2311857188850156e-02	   1.0409140091639331e-01	   2.6697309809807185e-01	   4.4865908603505888e-01	  -5.1255653713438449e-03	   3.6016042346678039e-02	   3.2724802560544447e-01	   3.1659198601058802e-01	   2.2834558766442825e-01	   1.3611234881914105e-01	   1.9992166676912457e-01	   1.6454738194558316e-01	   2.1854678607778807e-01	   9.6143864785407998e-02	   2.6739791989356210e-01	   2.2970357173737943e-01	   2.9169174725603497e-01	   2.7571011425873126e-01	   4.8500494569643071e-01	   1.9576145226066027e-01	   2.4644232758315235e-01	   1.1958486970339668e-01	  -6.1649895215444159e-02	   1.9287508253235965e-02	   7.1031488540406987e-02	  -1.5210264140163782e-01	   1.1016872433144720e-01	   2.2096437061366389e-01	   4.7077795505765224e-01	   2.7014097253206709e-01	   1.7572093049198154e-01	   5.7431886550484292e-02	   1.6818882521764356e-01	  -1.5807681897718123e-01	
   6.9714731206318692e-01	   3.4868115168838004e-01	   3.7640554241471680e-01	   3.9099950566125719e-01	   2.1043342795443351e-01	   3.6466508694526201e-01	   7.7930328141251726e-01	   4.0718595876605534e-01	   4.9690769490124564e-01	   3.6082955664946881e-01	   7.7939342661863276e-01	   1.9671016201831998e-01	   0.0000000000000000e+00	   3.7700949101947234e-01	   7.6746433267421788e-01	   5.8030464552743644e-01	   7.1560053058784456e-01	   1.0909359893373870e-01	   2.9515353438207226e-01	  -7.5532386446118108e-02	   2.1343106372702311e-01	   1.6037980096273838e-01	   1.9798859265426075e-01	   1.9448209855253246e-01	   5.8000768215844012e-01	   6.0424875744616202e-01	   3.2259755417233499e-01	   4.6757635393947794e-01	   5.8931956059811375e-01	   1.0321920292780076e-01	   4.0491470996112688e-01	   1.6853831746868680e-01	   5.5004647574862719e-01	   4.2431240152813809e-01	   7.8200677760838277e-01	   5.9328081571953495e-01	   5.6878974050926479e-01	   2.7536119101673034e-01	   7.4363552905293162e-01	   6.6527676930918944e-01	   4.8081667736760131e-01	   4.7866413707408018e-01	   5.3219908539859395e-01	   4.2509142008359624e-01	   2.5022544295925292e-01	   2.6094117106957948e-01	   5.0678169129580297e-01	   3.8201677129378037e-01	   2.4570508346508127e-01	   3.5332633730309065e-01	   3.9250079018269529e-01	   3.9430986269120022e-01	   4.0263909926556019e-01	   6.7035993863788279e-01	   6.1131619795988790e-01	   6.5089413864600465e-01	   5.1848991590081894e-01	   3.1178610592657702e-01	   5.6777778428551562e-01	   5.2362497890220161e-01	   7.6235713743680700e-01	   3.2875044628268901e-01	   5.7888417074549614e-01	   1.7132680396232738e-01	   3.6442805020395291e-01	   5.3059348354240288e-01	   5.2448498241539965e-01	   4.7699884825628769e-01	   2.4671451241305925e-01	   2.8830616921062968e-01	   1.2832999828583069e-01	   9.8406365272837901e-02	   6.9154880525025808e-01	   3.4378244776778016e-01	   6.9358242412924465e-01	   1.2475295914339295e-01	   5.7939460400826470e-01	   4.0326350415382639e-01	   4.9068590656328553e-01	   4.7366676697496030e-02	   7.5740641870931757e-01	   2.9537019238242362e-01	   6.1427240739808131e-01	   5.4430245320816739e-01	   6.0761577637553377e-01	   5.9980727957548652e-01	   3.0965197882328027e-01	   2.1294449336910226e-01	   5.1562114908694467e-01	   4.0592468952938077e-01	   5.8539982891108289e-01	   4.3561601326356858e-01	   5.3385888036745011e-01	   5.3493040355829224e-01	   4.4103523906301439e-01	   2.6533164235985041e-01	   5.7026875090173967e-01	   2.2872282465040683e-01	   6.6760822957950494e-01	   5.0272036451761692e-01	   4.6314180185706838e-01	   4.8316428236972547e-01	   5.3549401061331392e-01	   3.5598070619158462e-01	   2.0396154624140897e-01	   3.6227817017296909e-01	   2.1598680768366127e-01	   1.0599224488765152e-01	  -5.0615354174103497e-02	   2.8493091390524770e-02	   3.2542017031290071e-01	   4.6662668368439914e-01	   5.3681999710956041e-01	   1.0456627766504137e-01	   2.6682719836718094e-01	  -1.6682064108087280e-01	
