   0.0000000000000000e+00	   9.6771042979963318e-01	  -4.2515779612539835e-02	  -7.3850398854667390e-02	   3.9236852728044558e-01	   2.0659910792165934e-01	  -2.0500618736904178e-02	  -3.1897887870010334e-02	   1.8732874109003467e-01	   1.5118177876002936e-01	   4.7212926396093197e-01	   2.1478523896314825e-01	  -3.6728775202347186e-02	   2.4953984238028686e-02	   2.0904456145594341e-01	   7.4318068628181966e-02	   5.9106867895960746e-01	   4.2714587775894286e-01	   5.7229271101586421e-01	   3.9167252021566884e-01	  -1.5196977049765620e-01	   7.3479069772665634e-02	  -2.5032731294161361e-02	  -6.7789011946475825e-02	   9.1333908795366667e-02	  -5.1604655439710094e-02	   1.1490279720596826e-01	   2.6171215478434862e-01	   8.6921526037525690e-02	   1.2040024515120029e-01	  -2.4409014711835916e-01	  -2.9102839746804365e-01	  -5.1995050898275150e-02	   6.5967273265082213e-02	  -1.5407214405019767e-01	  -1.5329848446339983e-01	   1.2169731168151909e-01	   3.4458766978166572e-01	   3.3600474649214823e-01	   4.4584019419987780e-01	  -6.3555683140614258e-02	   1.0480926563745482e-01	   8.2504337921123660e-02	   8.9871423298047079e-02	  -1.4693891048710314e-02	  -5.9093483012978279e-03	   1.3433938829775935e-01	   1.0735947599982155e-01	  -2.1415322446191309e-01	  -2.5087976920284919e-02	   6.8545844327252484e-02	   4.4923163901597653e-02	   3.8004322499674398e-01	   4.8636450577569362e-01	   2.6169749455086971e-01	   3.7924755043250907e-01	   1.2360546882538819e+00	   6.7676156332788184e-01	   2.8460181384377825e-01	   1.5486614691778006e-01	   1.8281929855259421e-01	   1.8979521713869996e-01	   3.8082119507269258e-01	   2.4305799671393599e-01	  -2.2341472012565775e-01	  -6.2042402040211948e-02	  -3.0184825984125246e-01	  -3.4534487952831472e-01	   3.1430752627705377e-01	   9.8603555184992482e-03	   1.9579197330197556e-01	   2.6943766844692152e-01	   5.1646083939063758e-01	   4.6220765917294560e-01	   4.5923551099779514e-01	   4.4109709422294596e-01	   2.7189369258931023e-01	   2.2872766429854124e-01	   1.8032591411922497e-01	   1.9377214200860998e-01	   2.4434971759561752e-01	   3.9487708364655268e-02	   2.8845569173372454e-01	   1.8563767867945874e-01	  -4.9004248672653766e-02	  -1.4837209855175891e-02	   1.5740586094635195e-01	   3.5101847306842332e-01	   1.1600965914343735e-01	   4.8892369362749466e-01	   5.5154113382446091e-01	   1.9158984411644986e-01	   4.3138156472813405e-01	   1.6627077806339133e-01	   1.7389425023173974e-01	   1.7144592153754049e-01	   1.0204414926725811e-01	   4.4349829238495442e-01	   4.9495346463627998e-01	   5.4853287767889836e-01	   2.9414245647252096e-01	   1.5296090225446091e-01	   6.2275149402903340e-01	   5.8670401220567925e-01	   2.0231305978552830e-01	   8.8561780608359522e-02	   1.2655113975295515e-01	   1.7872402985528568e-01	   1.9689779013376732e-01	   1.2243671820984844e-01	   2.1670093568379967e-01	   5.0497148099297706e-01	   4.6144168257396639e-01	   4.3382115015236200e-01	   2.6296801149344207e-01	   2.1314350996542164e-01	
   9.6771042979963318e-01	   0.0000000000000000e+00	  -1.5738774246265225e-01	  -1.1424463059361199e-01	   7.9137245738424747e-02	  -3.9113842260933514e-02	  -5.4635713387024824e-02	   2.1163558337646904e-01	   2.0565916415214155e-02	   1.1425544132838451e-01	   5.7014490095141368e-01	   8.2314717338398147e-01	   3.1196718649542684e-03	   3.9668017391092485e-02	   1.6909760902087548e-01	   1.4152210174748070e-01	   8.5375714361146604e-01	   7.9927752558327070e-01	   3.0703721728719258e-01	   4.4376381704134815e-01	  -3.1637264178694285e-01	  -1.3121898792702227e-01	  -6.7872066899319142e-02	  -1.3668051856314994e-01	  -4.7895949483177616e-02	  -2.5144674890604840e-01	  -1.2064941618049028e-01	  -1.4800389051773768e-02	   3.5324512878626163e-01	   5.0647151156192061e-01	  -2.0165477586200259e-01	  -2.5167455803624561e-01	   5.6299544741911234e-02	   2.6589993096278663e-01	  -2.0323920285898944e-01	  -2.4460937680466011e-01	  -8.0270012061504858e-02	   1.3112981502190729e-01	   1.2377020951462642e-01	   2.8840665008933697e-01	  -9.8390567703318124e-02	   9.4555159473395337e-02	  -1.0807500478515322e-01	  -7.7339453354209900e-02	  -1.0543050869033060e-01	  -2.6108900758008896e-02	   1.0268297769699847e-01	   4.5054695584259605e-02	  -2.1466658164838467e-01	   9.9671544658234412e-02	   1.6113989424816449e-01	   2.6661142599129145e-01	   5.4664226084697498e-01	   8.6660824924390722e-01	   1.4205583622581303e-01	   3.4038337957675247e-01	   9.2565799658463666e-01	   1.0889834310523880e+00	   1.1895546643733804e-01	   3.5409392749051044e-01	   1.9235604660315320e-01	   4.1745071537251510e-01	   5.9853626041307451e-01	   6.2092969709351908e-01	  -2.5310119721447921e-01	  -8.4209618727599495e-02	  -4.0031801406727063e-01	  -2.9628310270939601e-01	   3.5914108319499427e-01	   1.5629689240353567e-01	   1.3380232822228258e-01	   2.0940129742574606e-01	   5.3876794600684330e-01	   6.9767799105006756e-01	   4.0791988329013162e-01	   6.9646476092283693e-01	   2.4087297636987548e-01	   3.8129603936422274e-01	   5.2065699430365253e-01	   5.3557173317348139e-01	   5.6513028612228000e-01	   1.1614879919668823e-01	   2.6059522618263042e-01	   3.5168573609164094e-01	  -8.7432520455210411e-02	  -1.4058661045115811e-01	  -5.5151438683136253e-02	   1.4246021344495763e-01	  -2.1781806653125423e-02	   4.2578818367932347e-01	   5.0230971946082836e-01	   9.9521940463403666e-03	   2.8305685709736350e-01	   5.5084124481211687e-02	   3.8736514972384228e-01	   4.8042389866047785e-01	  -1.4062410645307910e-02	   3.7887034044936163e-01	   4.8888466903645023e-01	   4.3517250661582385e-01	   5.1260294814976948e-01	   6.3273655225282319e-02	   9.3474057891072215e-01	   4.4791980926628883e-01	   3.2051881840185864e-01	   1.3885427035599471e-01	   3.6969336362535155e-01	   2.5343743449402467e-01	   2.5822657487669010e-01	   2.4212649413669132e-01	   9.9715775448223104e-02	   4.5914463715806197e-01	   3.7597705608119414e-01	   5.1984323322237058e-01	   3.3151136314369622e-01	   4.0529017210618107e-01	
  -4.2515779612539835e-02	  -1.5738774246265225e-01	   0.0000000000000000e+00	   9.4660913128100388e-01	   4.3754988668815148e-01	   2.9385670019358517e-01	   7.5529519037637582e-01	   2.1948127651464899e-01	   3.5541393230589291e-01	   1.2277230182079725e-01	  -4.9932230284396951e-02	  -2.2419372378806915e-01	   5.5730996096043905e-01	   4.7837921211548229e-01	   7.5838974855051611e-01	   2.7639530706920062e-01	  -9.6979958574792552e-02	  -3.6358348819268131e-02	   1.5842013150178205e-01	   2.2913746252924902e-01	  -7.4838632279637579e-02	   8.7709503763918770e-02	   1.3827632538085504e+00	   1.0825716325966936e+00	   9.2508305321737616e-01	   6.0931994628425790e-01	   5.1432457006240351e-01	   3.9268660733479266e-01	   2.5979590514387070e-03	  -1.9828384068575061e-01	   5.2125230634075348e-01	   5.5671204161486509e-01	   7.5930749178725743e-01	   4.1393797408938177e-01	   8.5525209186072060e-01	   8.3952502991630384e-01	   3.6692460425738621e-01	   3.0178801726152976e-01	   2.8036178241430382e-01	   2.4636966199783600e-01	  -2.8454729006649715e-01	   2.2096400088546378e-01	   7.3405989201131436e-02	   1.3899296500383823e-01	   7.5966276176785030e-02	   1.3780390149042654e-01	   1.0996262491083610e-01	   1.8307520042887315e-01	   6.0159341449263125e-02	   1.0237522940094956e-01	   4.1099176210606392e-01	   2.3482364409484854e-01	  -6.7056926495968070e-03	   8.7285741284696697e-02	   4.9034830502092674e-01	   4.5053095825207501e-01	  -1.2843077161541464e-01	  -2.7936105679916279e-01	   1.6113334346481809e-01	   3.9394884495675297e-02	  -4.1388418975532706e-02	  -2.5884027585730401e-01	   4.7974891344196371e-03	  -1.5297511846472406e-01	   7.6863762045248818e-01	   6.4803173101902634e-01	   7.3254331022746588e-01	   6.2012568450667682e-01	   1.5871767690770200e-01	   4.4720756494425240e-01	   1.7790307590015980e-01	   1.8359514206875707e-01	   1.9144428920201445e-01	  -5.5331345745732438e-02	   1.9463268027305541e-01	   3.7143955145278643e-02	   3.7382146294435892e-01	   9.8584453972815414e-02	  -6.3621501439190903e-02	   5.1861550554499078e-02	  -6.8257142531096909e-02	   4.5544962806513867e-01	   2.7264505634801134e-01	   3.3051397287716311e-01	   9.9076142804501466e-01	   9.3096883984967516e-01	   5.1198310560831894e-01	   4.2171919254984469e-01	   8.4941233163351082e-01	   4.0933240989624198e-01	   1.9703674273923133e-01	   7.8351658386306233e-01	   4.6222964208939432e-01	   1.0904584337078440e+00	   7.4789647020817585e-02	  -2.4134633720041383e-02	   4.6069349943252380e-01	   2.5574917673700448e-01	   1.4843038053654070e-01	   3.3217306423438181e-01	  -1.9345021600558943e-01	   4.2360046286893771e-01	  -1.5366922403911512e-01	   2.2109187090564808e-01	   2.2705585836827241e-01	   3.8925256067248831e-01	   2.1780968988796970e-01	   2.7863012806717968e-01	   3.7259121733529951e-02	  -6.8219317103590707e-02	   4.9635846435047737e-01	   1.0623211300880427e-01	   1.5700249925197762e-01	   2.2529903149693348e-01	   4.0381166030116455e-01	  -3.8486706654723965e-02	
  -7.3850398854667390e-02	  -1.1424463059361199e-01	   9.4660913128100388e-01	   0.0000000000000000e+00	   5.8528745264625137e-01	   4.5007695939025238e-01	   3.8458599428902435e-01	   4.2879574223189953e-01	   3.5904663501576300e-01	   4.0150616746178380e-01	  -3.2515130428334765e-01	  -2.0325578999482122e-01	   2.4345134517470227e-01	   5.5155895872753569e-01	   3.1709975569866294e-01	   3.2220341852919210e-01	  -6.7073022792814626e-03	  -9.9633016441220291e-03	  -1.0457942826596073e-01	   7.6712898699542661e-02	  -5.1176657842269782e-02	   3.4799949672998420e-01	   8.1925990765053980e-01	   1.0760579197974953e+00	   9.4980897806616027e-01	   6.7295277246722240e-01	   4.8361095170134583e-01	   3.2860574716752694e-01	  -2.8038785995754922e-01	  -3.4417747028937934e-01	   3.1097278041211668e-01	   4.1600724945523837e-01	   5.5182926458223269e-01	   3.7247107981921501e-01	   8.5786386308759388e-01	   9.5940639370919023e-01	   4.6950097702333921e-01	   3.1624092517618602e-01	   4.0118043590569052e-01	   3.4541296692823764e-01	  -4.7829241766018063e-02	   3.2460297229189383e-01	   1.9547110872625106e-01	   2.8274729758529538e-01	   1.9048070208638060e-01	   2.6420459415196790e-01	   2.1406244319275203e-01	   2.8797346373839638e-01	   1.0440774852818505e-01	   1.8031444542582881e-01	   3.9656190266695168e-01	   2.4246752743109617e-01	  -3.2295560208750948e-02	   4.8878776744129146e-02	   6.1047683661823116e-01	   4.9624227856428149e-01	  -8.6745623105746114e-02	  -2.0957650719251086e-01	   1.8843820802289990e-01	   1.5062257561900538e-01	  -7.5840006734294335e-02	  -1.9990788676961635e-01	  -1.2171275857114937e-01	  -1.4492399609998294e-01	   7.3817580862051779e-01	   8.0475983903112902e-01	   6.6713310987629593e-01	   8.1602608063723292e-01	   1.0190402228870545e-01	   4.4845430628563387e-01	   5.4385995510588210e-02	   1.2027939160048141e-01	   1.0731447814689722e-01	   5.7250220454244799e-04	   1.6525470052154603e-01	   2.5291400976524700e-02	   2.0023353182537218e-01	   2.2538846525129380e-01	  -5.2314714735008684e-02	   4.9777361378543411e-02	  -3.0338155039870300e-02	   5.4873021970696734e-01	   6.5045317739947289e-02	   5.2390341699040177e-01	   7.6630043250198443e-01	   1.1099579588208948e+00	   5.7930669062745244e-01	   6.4545981460835666e-01	   1.0017801717618773e+00	   5.0597088574560911e-01	   2.7353103111504534e-01	   5.3631237440953439e-01	   5.9933610253809433e-01	   8.1039310816219501e-01	   4.6185093633666109e-02	  -4.6067361180704501e-02	   4.9684295002456857e-01	   3.0108404352871093e-01	   2.3013499473707577e-01	   3.4852726760442548e-01	  -2.5419571988581480e-01	   2.8446057881673892e-01	  -8.9671180189418595e-02	   1.4840434243855938e-01	   4.2332445359984494e-01	   3.7606540118065263e-01	   1.9001030092766391e-01	   5.0200201909834052e-01	   1.7494245831853122e-01	  -6.2317216669152624e-02	   5.9574114880298401e-01	   2.3511189371599842e-01	   2.6950305998530116e-01	   3.5564724262820407e-01	   5.7498294485349410e-01	  -1.0400803637916123e-01	
   3.9236852728044558e-01	   7.9137245738424747e-02	   4.3754988668815148e-01	   5.8528745264625137e-01	   0.0000000000000000e+00	   6.5056507047499956e-01	   2.5705725309201632e-01	   2.1304195784283805e-01	   5.7244914657503143e-01	   4.4992862719372495e-01	  -1.1387953064902363e-01	  -2.3850622610254854e-01	  -7.6728492454539651e-02	   1.9970339117399277e-01	   1.8210599641640385e-01	   2.8018579045756131e-01	   2.2727115441285489e-01	   1.6843783207988561e-01	   5.6617645555125280e-02	   1.3604275150346298e-01	   1.7785327567801143e-01	   4.1023229807843914e-01	   3.1842019693124540e-01	   4.3101756312840994e-01	   7.7622050432971890e-01	   5.2541041019647339e-01	   5.3362831654061293e-01	   3.6361911337281094e-01	  -1.4582439444660616e-01	  -2.1859758066292892e-01	   2.7860517018408404e-01	   2.1081369423300775e-01	   2.6416235688219392e-01	   2.3515808206605671e-01	   2.9999120503007093e-01	   3.6088953238343391e-01	   2.4892801341278742e-01	   2.8696436820309573e-01	   6.1636578379374962e-01	   3.7550840668834623e-01	  -1.2325990262590063e-01	  -1.3311195674460818e-02	   3.5361938354070316e-01	   3.6382241026230100e-01	   2.3625247996811952e-01	   2.2328557504528715e-01	   3.0875957461052794e-01	   3.3178625996703459e-01	   1.6195739370325743e-01	   1.2682851207147389e-01	   1.5806981024025751e-01	   5.7696034616021817e-02	  -2.1699047670372115e-02	  -1.0451969918939440e-02	   4.3546872349125232e-01	   4.5953701460685614e-01	   3.2857851146972339e-01	   1.0696599759386770e-02	   3.8526644161114237e-01	   5.5011192408842211e-02	   1.6845940260666947e-01	  -8.7401648624349515e-02	   5.2653357474168105e-02	  -5.9901234310393250e-02	   2.1216568114199927e-01	   2.6911524155510774e-01	   2.9656319792085040e-01	   2.4197098208950857e-01	   2.1621369736393353e-01	   1.9862999825823416e-01	   1.1705892531750843e-01	   3.0443747857160258e-01	   1.4449801021191044e-01	   1.1613112746650844e-01	   1.0925398321964945e-01	   1.1227665982183973e-02	   1.4879849796101544e-01	   5.4903501799415846e-02	   3.7982014662332905e-02	   1.6766194694333819e-01	   1.9579258398635255e-01	   4.8558640990846169e-01	   1.7271082753866285e-01	   4.6661699070463081e-01	   2.3580107081361384e-01	   4.7658527343492835e-01	   4.8413929950207568e-01	   7.2556436926234935e-01	   6.8611653463128175e-01	   5.3150380247811069e-01	   4.3372550485008649e-01	   4.1093892268620219e-01	   5.3457235259806701e-01	   6.1983111207940045e-01	   1.6157838037308464e-01	   1.3907273543331336e-01	   4.9296427640530072e-01	   3.8352215504367626e-01	   3.7632964893576470e-01	   5.0392085665942754e-01	  -1.0003192104473853e-01	   4.2332184629431208e-01	   1.1426240878086634e-01	   4.3739195305945844e-01	   3.3536072073496936e-01	   4.0743236621894041e-01	   9.3830515177147425e-02	   2.7687045565299745e-01	   4.2255771822256954e-01	   9.4070529196957298e-02	   5.9110137565553922e-01	   4.4628648435281076e-01	   4.6457052052458059e-01	   3.9882412384983890e-01	   4.0086417767961086e-01	  -2.5669790774846438e-02	
   2.0659910792165934e-01	  -3.9113842260933514e-02	   2.9385670019358517e-01	   4.5007695939025238e-01	   6.5056507047499956e-01	   0.0000000000000000e+00	   1.1393399018492976e-01	   2.1857808760058997e-01	   4.7787353440956892e-01	   5.1532735132155238e-01	  -2.2589033180024237e-01	  -1.8507354435466553e-01	  -1.8935590784708292e-01	   1.6206534033877767e-01	   1.5355331320772703e-01	   4.2537905381389823e-01	   5.0232547469046358e-03	  -2.4050579158489394e-02	  -7.2775940963328997e-02	  -2.7127404917397107e-02	   3.5276202323949751e-01	   5.3563009897387359e-01	   1.9685439237931948e-01	   3.0051050739254687e-01	   4.4463970979344514e-01	   7.2657178499487773e-01	   6.9090197558665367e-01	   6.6735605794460340e-01	  -3.1603317747023274e-01	  -3.2478177073905984e-01	   1.9711506487327637e-01	   1.4074524997842569e-01	   1.6112180010203567e-01	   1.7570983146602384e-01	   2.8777041469047782e-01	   3.0420434981969680e-01	   3.4815453008271624e-01	   2.2107148164540197e-01	   6.4494278317034270e-01	   4.0993490858116299e-01	   4.0734575767626691e-01	   1.2105569282583009e-01	   4.7855347881067101e-01	   4.6531837496645134e-01	   4.0381099694257183e-01	   3.7541991411937997e-01	   3.9535527035580897e-01	   3.7095312011194609e-01	   2.5564887387712365e-01	   2.1742450400194990e-01	   2.3029009414621454e-01	   6.4944092111617474e-02	  -1.1659528180047736e-01	  -1.7303191685992741e-01	   4.5408423024442873e-01	   4.2952773702541713e-01	   1.7196224278228386e-01	  -6.0510813737063962e-02	   1.5445148516425708e-01	   7.5288838224282020e-02	  -3.0906643953069499e-02	   1.4965724067713373e-02	  -9.8881367650556995e-02	  -1.2067256802006925e-01	   3.1156856648583275e-01	   3.5896631847875415e-01	   3.2201510376422426e-01	   3.6721823103844986e-01	   1.5002607111876859e-01	   2.3654519380307398e-01	  -5.1780888080605367e-02	   7.2802398681819383e-02	  -8.6681119927023556e-02	   3.5382435473135306e-02	  -1.8584891226652425e-02	   1.7677135357428549e-02	  -4.0791814645679061e-02	   1.5015915433974840e-02	  -1.3200157906809246e-01	  -7.5988460778963998e-02	   5.2012931606247259e-02	   2.0927949444939373e-01	   3.0442400231872158e-01	   1.4668006906500106e-01	   2.3216208564515603e-01	   3.4515754488739858e-01	   4.3456490414485377e-01	   4.1181373425922124e-01	   6.4522697668351747e-01	   5.2476743003180659e-01	   3.7534080914033030e-01	   3.0069878125805527e-01	   3.2441979436745577e-01	   3.8840883631867762e-01	   9.3762396545652243e-02	  -1.0873432915032535e-01	   4.6105235796399807e-01	   3.6277415784568473e-01	   3.7739239796812935e-01	   3.3248719234058283e-01	   1.5934607623413888e-01	   1.8870643983033278e-01	  -3.3930099915595875e-02	   9.0825349329976282e-02	   1.7783529396801018e-01	   2.9306196529908634e-02	  -1.2172010539721957e-01	   3.7814728723532816e-02	   5.1751947726029632e-02	  -6.9842183848825581e-02	   4.2426456415928349e-01	   2.6655832690741094e-01	   4.4592338797503478e-01	   2.4832722505588006e-01	   1.7315295780201317e-01	  -1.3166472502665755e-01	
  -2.0500618736904178e-02	  -5.4635713387024824e-02	   7.5529519037637582e-01	   3.8458599428902435e-01	   2.5705725309201632e-01	   1.1393399018492976e-01	   0.0000000000000000e+00	   7.0260653700516384e-01	   6.6408056234248225e-01	   3.8811194888051925e-01	   2.4872303999047862e-01	   1.3395178276441255e-01	   5.4427774929975847e-01	   2.3635072622408837e-01	   7.0113399100871643e-01	   4.1746806806417158e-01	  -9.4917504842654668e-02	  -5.2361635905634883e-02	   1.1803694560945646e-02	   1.6921295330037811e-01	  -3.0556882751076153e-01	  -3.1584617179139785e-01	   5.3173605021335268e-01	   4.2649845084380150e-01	   1.7552915114376205e-01	   1.2419108499513077e-02	  -9.7384927970850813e-02	  -6.7843382968733462e-02	   1.7439402238884930e-01	   7.0462696201945660e-02	   3.4278020464855335e-01	   3.8667736601207575e-01	   6.4711674097682637e-01	   5.2144506643050059e-01	   9.6448637619709413e-02	   9.1374647853804072e-02	  -2.2064101642843717e-01	  -2.0491243991278929e-01	  -2.4470469743387732e-01	  -2.1766353115247156e-01	  -2.2632601676699410e-01	  -1.4810780033646320e-01	  -1.1058647355406354e-01	  -1.1897091970267605e-01	  -7.1485637632774962e-02	  -3.7532410313708270e-02	  -4.8969930155630045e-02	  -2.1574986220210011e-02	   4.6550260517933886e-02	   4.3338582418186458e-02	   3.5863307830273849e-01	   2.1350238414113232e-01	   1.6049424043041940e-01	   1.9963471577223141e-01	   2.3583435316635027e-02	   1.1722525241241270e-01	  -1.5238934342552407e-01	  -1.4461233623607561e-01	   1.1507215309443426e-01	   3.0717152500488887e-02	   5.0009901585115757e-01	   3.1645417620900784e-01	   2.5765640068236334e-01	   1.7991148577689678e-01	   4.2990196897717137e-01	   4.6449365074940296e-01	   2.8720827783948266e-01	   1.6582952597792167e-01	   1.6234904787533452e-01	   4.0017707784204520e-01	   2.4512445222380130e-01	   1.7459126789208868e-01	   1.5086342631936028e-01	   4.7461737603636298e-02	   2.3680744462323144e-01	   1.2671237544321373e-01	   2.7643737670532431e-01	   1.7173286860183498e-01	  -5.7842418764551880e-02	   1.1458109847467567e-01	   8.0776982511791912e-02	   2.5217665333924144e-01	  -7.0958136290221921e-02	   5.0145193093081184e-03	   2.2452445544016686e-01	   2.6669214620674786e-01	  -1.5791784527086034e-01	  -9.7640690951691644e-02	   2.8659854640049598e-01	   2.1855934453194847e-01	   1.5330114989085691e-01	   3.4913057979612994e-01	   3.3484243821328330e-01	   6.9528074988678157e-01	   4.5588345957213630e-02	   3.0401971687199911e-02	  -4.9011575442318156e-02	  -1.0634716171276228e-01	  -1.4059842664492356e-01	  -9.8331420201954161e-03	   1.2075532442717410e-01	   6.4957001054014485e-01	  -1.5015741101308472e-01	   6.1549171211886432e-02	   1.2070990243827377e-01	   1.2874184922710538e-01	   1.1010878825907743e-02	   1.9624980558446924e-02	   1.3614723730021145e-02	  -2.0182259218592308e-02	  -2.7610719229596771e-02	  -1.0513379211688761e-01	   7.3879326572427158e-03	   1.0423136618421525e-01	   1.9463561438013335e-01	  -5.5868176677209098e-03	
  -3.1897887870010334e-02	   2.1163558337646904e-01	   2.1948127651464899e-01	   4.2879574223189953e-01	   2.1304195784283805e-01	   2.1857808760058997e-01	   7.0260653700516384e-01	   0.0000000000000000e+00	   5.6073398366792282e-01	   7.8845280883307967e-01	   1.4012899769712234e-01	   5.3279556733801769e-01	   1.4819476855412983e-01	   1.2944880206642798e-01	   2.4006075309226022e-01	   4.4806463678591202e-01	   1.5822853392641348e-01	   1.7059171381232044e-01	  -3.3209991627102231e-01	  -9.8336569115331889e-03	  -3.9710218008567971e-01	  -1.8204717440102280e-01	   1.8455287940646994e-01	   2.0477108811765310e-01	   2.6795204858575852e-02	  -9.2632257380949018e-02	  -1.8354789552545403e-01	  -2.5344289505844930e-01	   6.5732109464064409e-02	   1.3093812159357937e-01	   1.3537820533924536e-01	   1.8425410172914897e-01	   3.9404412171225783e-01	   5.2519919669136317e-01	  -3.1584961247278075e-02	   9.1503357609235558e-03	  -2.8503171616929346e-01	  -2.3790465698145305e-01	  -2.5074544181454461e-01	  -1.5255387769264847e-01	  -7.7543415622244399e-02	  -8.0704763871348006e-02	   1.0756221775754732e-01	   9.9824235697312552e-02	   1.5164011906913832e-01	   2.0286674789962342e-01	   2.4085823505694043e-01	   2.1423494732769166e-01	   1.6340963177770620e-01	   3.2152284073165205e-01	   2.9624300984424162e-01	   3.6427267273354347e-01	   2.5392325432817237e-01	   3.3503016109996342e-01	   2.1743662011711976e-02	   2.3511279922775419e-01	  -6.8311001052781591e-03	   1.1975829556822221e-01	   5.5058318325638178e-02	   3.8303317780950563e-01	   4.2811511252881429e-01	   7.8959711972138336e-01	   1.8921767549330626e-01	   3.4563389166453939e-01	   2.5262048380178692e-01	   5.6081996028316838e-01	   4.3991369461062912e-02	   2.3099021604679654e-01	   1.2597549533069913e-01	   5.2500458463395960e-01	   8.3839095101857372e-02	   1.0327342581206621e-01	   8.7098314659037973e-02	   2.4151289426369227e-01	   1.5290863248150910e-01	   2.2486853342574306e-01	   1.4696620550129209e-03	   3.1521971395730414e-01	   2.4937440416751855e-01	   2.9005964288928809e-01	   3.7414297748438485e-01	   2.4692237154827701e-01	  -1.8192347244127713e-01	   1.5885308838247447e-01	   5.6316470783122879e-02	   1.2974007171299351e-01	  -1.8684377733355181e-01	  -7.9683252180716459e-03	   2.6867304414306686e-01	   4.1803668450125786e-01	   4.5012567439646572e-01	   1.8250982055920231e-01	   3.2981848223346300e-01	   4.2522655830339973e-01	   3.5458232077779001e-01	   3.1312906763377879e-01	  -3.5155648020542211e-02	   2.9743751871974282e-03	   6.9962322794829904e-02	   1.0709670217868390e-01	   4.0609586009604104e-01	   5.8259890654532098e-01	   1.7471014102531018e-01	   9.2256937101302949e-02	   4.1497067052463332e-01	   1.0338189226895504e-01	   1.1245619196847320e-01	   2.2836155366269345e-01	   2.9348756655216557e-01	   1.5990847433345212e-01	   7.3239478592536239e-02	   1.6415160411131358e-01	   2.2957097840085577e-01	   4.1469843538297801e-01	   4.1523737211382566e-01	   2.1831163659947839e-01	
   1.8732874109003467e-01	   2.0565916415214155e-02	   3.5541393230589291e-01	   3.5904663501576300e-01	   5.7244914657503143e-01	   4.7787353440956892e-01	   6.6408056234248225e-01	   5.6073398366792282e-01	   0.0000000000000000e+00	   7.8044736629392464e-01	   5.5111529161455911e-02	  -2.2218286209458631e-02	   2.6206987921018704e-01	   9.1486722221193292e-02	   4.6078279645975745e-01	   2.8805264340221315e-01	   3.0364804923491327e-02	   5.6955810331105777e-02	  -1.4654450866428662e-01	  -1.4399776570199463e-01	  -3.0764616672580469e-02	  -8.6931482669070151e-02	   2.7397183985158008e-01	   2.3667998039067262e-01	   2.5313226882590245e-01	   1.8485022451953328e-01	   1.8695264408131773e-01	   8.2542192643705409e-02	  -8.6446669466730824e-02	  -6.4151762725105449e-02	   1.0121999569974910e-01	   1.2314296939327379e-01	   2.5570651859947546e-01	   2.6706946016255295e-01	   1.8000456167878051e-01	   1.9247392579381292e-01	  -1.1374953598660269e-01	   1.1529284625217807e-02	   1.9788938414067322e-01	   1.1622328909018974e-01	  -4.5074903510606605e-02	  -9.0185599570631964e-02	   9.5371880961725844e-02	   7.1938718592138573e-02	   5.2305173406471145e-02	   6.6630588087937967e-02	   1.5586691605721029e-01	   1.2808342432052630e-01	  -2.6676977650486555e-02	   6.9597309820323583e-02	   1.1793590161738098e-01	   6.3122785082640548e-02	   1.8050800560034538e-01	   1.3576709931752745e-01	   2.2314980909841856e-01	   2.8928761108339340e-01	   1.2399792844353455e-01	   2.7322526830267121e-03	   3.1233709681207200e-01	   1.5146680492971576e-01	   7.6437624688688532e-01	   4.7739316080042021e-01	   4.2049027863342990e-02	  -2.7553618240971540e-02	   4.9221644936381015e-01	   6.6541342650281465e-01	   1.4293436032741316e-01	   1.4605428009292729e-01	   1.6942933107205166e-01	   1.9975908357862271e-01	  -5.0432549011717488e-02	   1.1197333386628830e-02	  -7.2190331942410521e-02	   1.4694467366062542e-02	   7.3627613475059556e-02	   4.9825963456622560e-02	   1.3862303125010564e-01	   2.3715759211703141e-01	   8.9983862841634121e-03	   7.8620038867962774e-02	   1.3078208518149864e-01	   2.2187108648522630e-01	  -3.8140853912324912e-02	   1.3759724931250583e-01	   2.0121642749043678e-01	   2.6688839553834359e-01	   1.1507666562490870e-01	   1.7671763771349994e-01	   5.5813162527340554e-01	   4.9863782352203656e-01	   3.0893109075199365e-01	   4.2086720917903175e-01	   3.3930922524439650e-01	   5.9202899898792238e-01	   6.6382132926350076e-02	   2.6365595250801514e-02	   1.9080159699569377e-01	   1.2779689317373338e-01	   7.1690000826809014e-02	   1.7202579610494045e-01	   1.4343609894605150e-01	   6.6120074536162909e-01	  -1.0203594997179220e-01	   1.0363707275943222e-01	   3.0238571613827481e-01	   2.6334201762860737e-01	   5.4623416313927281e-02	   1.0870179531957753e-01	   4.0078761876576038e-02	  -1.8788408997040457e-02	   2.3535424216557549e-01	   1.1484563025735146e-01	   2.0471453492661040e-01	   1.5608822021329904e-01	   2.5219509051086353e-01	  -6.9329965144504832e-02	
   1.5118177876002936e-01	   1.1425544132838451e-01	   1.2277230182079725e-01	   4.0150616746178380e-01	   4.4992862719372495e-01	   5.1532735132155238e-01	   3.8811194888051925e-01	   7.8845280883307967e-01	   7.8044736629392464e-01	   0.0000000000000000e+00	  -5.9744890545328666e-02	   1.6852144666972207e-01	  -3.8241446152845304e-02	   3.8938152341739890e-02	   1.4282879704889237e-01	   5.1316291633494227e-01	   1.0331380737843432e-01	   1.0499754655451998e-01	  -3.4677323766018758e-01	  -2.0064668887362588e-01	  -1.8597049220315495e-01	   1.0612289195792228e-01	   7.8298676146982535e-02	   1.8624197149443630e-01	   1.4786672801165851e-01	   7.4498123227387553e-02	   2.3720049462111331e-01	   1.1208508833217236e-01	  -3.1922000125644778e-01	  -2.0326935253544293e-01	  -2.1349372167648404e-02	  -8.8154730525684334e-05	   1.3807097717096520e-01	   2.4783111489037590e-01	   2.6284484281870569e-02	   7.3001327200462318e-02	  -1.0205962807909565e-01	  -1.9606369753923147e-01	   1.0288894045795210e-01	   1.5185860423837346e-02	  -3.4569796642323711e-03	  -3.3517125561065293e-02	   1.2006710642521666e-01	   1.1743102122165616e-01	   1.0298884288558730e-01	   1.4130268568325360e-01	   1.3975232285346464e-01	   1.2974510584442392e-01	   5.0579880486453302e-03	   1.5480453875355193e-01	   1.0042168298914818e-01	   1.1387460126869073e-01	   1.8287679450946889e-01	   1.0341007516296116e-01	   1.0864818112417138e-01	   2.1636511880436496e-01	   1.9999334699886093e-01	   8.4296489127854424e-02	   2.3927637447692640e-01	   3.1360852550818852e-01	   3.9660670813492366e-01	   5.9095054516105916e-01	  -1.2119062187866755e-02	   5.2113745104263587e-02	   2.3975604093642966e-01	   5.7017512596450193e-01	   1.6859709273626762e-03	   1.4711694551080873e-01	   1.4791395032971734e-02	   2.3309108026251288e-01	  -1.0935277729727808e-01	   1.5670293907694473e-02	  -1.2585270729027190e-01	   6.7425324612885890e-02	   7.0136103070692388e-02	   4.6891664797550532e-02	  -5.7163499020452292e-02	   1.5391925211794355e-01	   1.6149594957917912e-01	   1.2805690476823647e-01	   1.9806653803222657e-01	   1.1892557432390316e-01	  -1.3743536217641558e-01	   1.5228515074196147e-01	  -1.3288295015492576e-02	   1.2700910114985134e-01	   2.9847416574755949e-02	   1.8019588655718141e-01	   5.0747106526544317e-01	   4.8534114385304766e-01	   2.9886245042288712e-01	   2.0204394273088028e-01	   3.0266307484587657e-01	   3.8795223602954032e-01	   1.8184201151414356e-01	   1.2451618760736051e-01	   6.1481773239377910e-02	   1.2617028882701084e-01	   1.7934133045669379e-03	   1.5753997428079414e-01	   1.2551701709861871e-01	   5.5078189311464143e-01	  -2.7024628224201524e-02	   1.0424767961243857e-01	   4.3485833283004777e-01	   9.9264488660136055e-02	   7.3658023552470985e-03	   3.1462239621695265e-01	   3.3395603667481777e-01	   8.2887817982704240e-02	   1.5612926119677986e-01	   1.8921979881297316e-01	   2.6349556393918783e-01	   3.1120372587582107e-01	   3.0071799186876186e-01	   4.6002465368089615e-03	
   4.7212926396093197e-01	   5.7014490095141368e-01	  -4.9932230284396951e-02	  -3.2515130428334765e-01	  -1.1387953064902363e-01	  -2.2589033180024237e-01	   2.4872303999047862e-01	   1.4012899769712234e-01	   5.5111529161455911e-02	  -5.9744890545328666e-02	   0.0000000000000000e+00	   6.5281807770956690e-01	   4.9758720875086399e-01	   1.6181403992166402e-01	   4.7615884148982812e-01	   2.0858902748630831e-01	   4.3028510954095239e-01	   4.2460040053532305e-01	   1.3648855643397090e-01	   2.9124904269833829e-01	  -2.4776333834485870e-01	  -3.3700144380629588e-01	   7.9040901270891945e-02	  -2.9442474124881952e-02	  -1.2134249700891629e-01	  -2.3866747606925542e-01	  -1.9707210736060457e-01	  -1.2747149535628916e-01	   4.0822021184225149e-01	   4.6473547541227822e-01	  -9.8635104088351966e-02	  -1.2532499079673159e-01	  -3.1722030144121872e-02	   5.5543660856473470e-02	  -2.3792814181293326e-01	  -3.0660473507323793e-01	  -2.8845364878092816e-01	  -2.3311384105940205e-02	  -2.0390070396481436e-01	  -2.8079029971376967e-02	  -1.7037380943289418e-01	  -9.6431710053317438e-02	  -1.7944360536130555e-01	  -2.1464847127129399e-01	  -1.7336226709148994e-01	  -1.6358641818898262e-01	  -8.0484845504652680e-02	  -1.0867815574717815e-01	  -7.0731360928453391e-02	  -6.2724785591724716e-02	   4.7690292802546032e-02	   1.1003792710413950e-01	   3.9570212773864699e-01	   5.0010170261356679e-01	   3.0355588202797983e-02	   1.5271661913899726e-01	   3.2928596342179328e-01	   3.0158935552231153e-01	  -1.7115099603409378e-01	  -4.8393049072730607e-02	   2.3614838220360085e-01	   2.4044313598702474e-01	   5.0695571793193905e-01	   3.5569534107375866e-01	  -1.8599536214683932e-01	  -8.1979114379923071e-02	  -4.2100627930346191e-01	  -4.4182782062304732e-01	   7.1419640202210588e-02	   1.8471087092831524e-02	   5.3166110264259381e-01	   3.8687011663255011e-01	   5.3635623501060459e-01	   6.0511960121396247e-01	   6.3542199880555950e-01	   6.6177829740076799e-01	   1.0309985711818098e-01	   4.4041722165546249e-02	   3.1768212420892222e-01	   3.2482339444485819e-01	   2.3778341992817698e-01	   5.7279425839720156e-02	   3.3991951874610860e-01	   8.8535891875958825e-02	   2.8473672880253213e-02	  -6.2511767151486472e-02	  -9.8591950725398253e-02	  -5.5226702971191650e-02	  -1.3727704848005720e-01	   2.1216376086728586e-01	   3.9553604806271658e-01	   1.7277085529057770e-01	   2.2514613784352588e-01	   1.7312938725902449e-01	   4.6874912551739012e-01	   3.3181952894931555e-01	  -2.1568090737061221e-01	  -2.9673919489025084e-02	   2.5111959908539822e-01	   2.8017469474331985e-01	   3.4853254268966155e-01	   2.6883554704382789e-01	   4.6388990662464114e-01	   3.9150241944814546e-01	  -1.5811702832464483e-02	   3.1106605507078923e-02	   4.2320341087906096e-02	  -2.8018775048401116e-02	   1.1713133445168923e-01	   3.2628561879114171e-01	  -8.3234878557451153e-02	   2.7906862194566207e-01	   3.2525097625882898e-01	   4.9609650669805577e-01	   3.5160032832967159e-01	   3.5148599243519801e-01	
   2.1478523896314825e-01	   8.2314717338398147e-01	  -2.2419372378806915e-01	  -2.0325578999482122e-01	  -2.3850622610254854e-01	  -1.8507354435466553e-01	   1.3395178276441255e-01	   5.3279556733801769e-01	  -2.2218286209458631e-02	   1.6852144666972207e-01	   6.5281807770956690e-01	   0.0000000000000000e+00	   2.0005736652769593e-01	   1.8859642291924594e-01	   1.3865080484109299e-01	   3.4944194825713609e-01	   5.3062309499716642e-01	   5.3035113413843571e-01	  -1.2658533696186969e-01	   1.9964306418578276e-01	  -3.6548759934391190e-01	  -4.3453657663930134e-01	  -1.4416220082487929e-01	  -1.7132363772525841e-01	  -3.0181670874604649e-01	  -4.1597575690368516e-01	  -3.5078783821866466e-01	  -3.6919224871254042e-01	   4.8705812116949271e-01	   7.1277293492701976e-01	  -1.5610106044046476e-01	  -1.5744681166643873e-01	   6.1229577868008832e-02	   3.0055060427859764e-01	  -2.9217859137748448e-01	  -3.4783142518187221e-01	  -3.8654080076697778e-01	  -1.7415243042323572e-01	  -2.9542835752200181e-01	  -6.8167056759053213e-02	  -3.9891349267620287e-02	  -3.5306170048149899e-02	  -2.0849350935005986e-01	  -2.1850057559157077e-01	  -1.5062938985026791e-01	  -8.6548102982399525e-02	   4.1649703113674427e-03	  -6.4927225791595017e-02	   2.4413170343061110e-03	   2.0130747950060951e-01	   2.0015297580115873e-01	   3.9601735052801651e-01	   5.6649524756000924e-01	   7.7228576738322097e-01	  -2.3093997124405453e-02	   1.4012487919859401e-01	   2.3428059927764838e-01	   5.3840709902471473e-01	  -1.4538991598851075e-01	   3.7127944536177371e-01	   1.5976731184989348e-01	   6.0104724321463054e-01	   4.0784812283592431e-01	   6.1570674631380173e-01	  -2.9919881451626579e-01	  -5.3449888514371630e-02	  -4.0313528027280154e-01	  -2.0920712006225517e-01	   1.8271171922194748e-01	   1.4634546614820693e-01	   1.8369247490330259e-01	   1.1607197099210909e-01	   4.0581321588493496e-01	   6.8644867336580295e-01	   3.8187705338368760e-01	   8.0572362377188089e-01	  -9.5716390322758457e-02	   2.3116253106640156e-01	   5.5854315008569366e-01	   5.3664100911918799e-01	   5.8789062327594621e-01	   8.1740895240007883e-02	  -1.2664240681815840e-02	   1.0988183948083299e-01	  -1.8097633775363572e-01	  -2.1644658247477647e-01	  -3.8605002763043372e-01	  -1.9806078748694261e-01	  -1.9680325850315050e-01	   2.5664336621605516e-01	   3.3005179080852265e-01	  -1.4390493506439486e-01	   6.5458983741875559e-02	  -6.0693280941979226e-02	   4.3096014665305604e-01	   5.4993221785554403e-01	  -3.1419673801771508e-01	   8.8094357887609602e-03	   2.0770229880464167e-01	   1.1770383539760271e-01	   5.6273975226379591e-01	   5.7600640499832378e-02	   5.7303406167727688e-01	   2.0233142197078163e-01	   2.7905858654632110e-01	   1.1283692212807063e-01	   3.2770979176336079e-01	   1.1283893255797961e-01	   1.6230483518672223e-01	   1.3689632596857140e-01	  -2.1391731773995035e-01	   1.4417266295014439e-01	   1.4038166232054594e-01	   3.4376999110319606e-01	   2.0232907125759331e-01	   4.0389100709615594e-01	
  -3.6728775202347186e-02	   3.1196718649542684e-03	   5.5730996096043905e-01	   2.4345134517470227e-01	  -7.6728492454539651e-02	  -1.8935590784708292e-01	   5.4427774929975847e-01	   1.4819476855412983e-01	   2.6206987921018704e-01	  -3.8241446152845304e-02	   4.9758720875086399e-01	   2.0005736652769593e-01	   0.0000000000000000e+00	   6.7827682552690316e-01	   7.9330369623437558e-01	   1.6921131161019509e-01	  -1.2861767422371867e-01	  -6.9322457325900519e-02	  -7.3030900914826211e-02	  -9.2814820021398292e-02	  -1.8503339870785562e-01	  -3.2386986693168718e-01	   5.2995074412193388e-01	   4.4196522094744500e-01	   2.2780390276411552e-01	   3.0952792441055709e-02	   1.6378473626192911e-02	   3.3954712555459475e-02	   7.1831307523183549e-02	   2.5936428613841118e-02	  -9.4957320756607053e-02	   3.4216192118448292e-02	   2.3201916839839173e-01	   6.3031497129656042e-02	   3.8423435239967263e-01	   3.7478585659000796e-01	   1.1423135193469400e-01	   2.1477370806543356e-01	  -3.8035481654211736e-02	   8.5578875244147937e-02	  -3.3832437684327155e-01	   2.0335866613264905e-01	  -3.5485868568328782e-01	  -3.2710484348388175e-01	  -3.6960936486656754e-01	  -2.8347012304763430e-01	  -2.3527389172649613e-01	  -2.2301252782634592e-01	  -1.0258575369601054e-02	   1.4076540624859435e-02	   3.3424827920096967e-01	   3.4450229083128686e-01	   4.9017480294860960e-01	   4.5761573774435227e-01	   3.7490749220150510e-01	   2.1187405216697525e-01	  -2.4388592416533458e-01	  -2.1485454097853149e-01	   6.8434516806636314e-02	   1.0656950021442255e-01	   1.9905596847833512e-01	  -7.9696896728126410e-02	  -4.0217781023462754e-02	  -2.3092840071931930e-01	   2.2628560429625760e-01	   3.4093501991113551e-01	   1.3850716889269571e-01	   1.2509658182799793e-01	   8.8409137272064814e-02	  -1.2219786842867151e-02	   2.8503744080500709e-01	   2.3750030192493530e-02	   2.4950704109058303e-01	   3.3325889364798425e-02	   3.3294578969063543e-01	   1.9382844503360772e-01	   5.7401683852957401e-02	  -4.9617666614818610e-02	  -8.7960698492277126e-02	  -4.4776333313355536e-03	  -1.4796848586252448e-01	   1.9228079179210764e-01	  -1.9394066225778099e-02	   1.0475463552295418e-01	   4.6345036963582437e-01	   4.1508231015484054e-01	   9.2403257974253000e-02	   1.0229563586644475e-01	   3.1149144578000354e-01	   2.7820992724621924e-01	   8.8630512888557181e-02	   4.9725677020906678e-01	   2.9913312531066089e-01	   4.5382318625643253e-01	   2.8943005398380298e-02	   9.5342503416582611e-02	  -2.2531982246530659e-02	  -2.3746597140194343e-02	  -3.5784015741362599e-02	   1.1696519523215118e-01	  -1.3378662684305945e-01	   2.6877192257927840e-01	  -1.6312173371991465e-01	   1.2381168948369985e-01	   2.8076763041001929e-02	   3.5933193853146000e-01	   2.8105760332410257e-01	   2.9382139558311826e-01	  -1.8862582080407106e-01	  -1.3690123412868724e-01	   7.1205807088754847e-02	  -1.0310115980256232e-01	   5.3368974619523220e-03	   1.1683922960075423e-01	   2.0354422936827318e-01	  -5.7533634903588982e-02	
