   0.0000000000000000e+00	   5.7324818561080093e-01	   8.5857013547536165e-01	   6.3051890214518458e-01	   7.0554505797135936e-01	   5.4617590688136419e-01	   6.4102675555591859e-01	   4.7980148329242051e-01	   6.1262863033388049e-01	   4.7086876197447958e-01	   8.0156542218504756e-01	   3.9533246103174630e-01	   5.5731987700682217e-01	   3.5370167917638862e-01	   3.7891220161819783e-01	   2.6929136500418488e-01	   2.9841807856474623e-01	   4.4955234572031100e-01	   9.0821287701674436e-01	   4.8699535939035432e-01	  -1.1232209942523219e-01	  -1.6900348898607365e-01	   5.1607346062003945e-01	   3.3679004407751401e-01	   4.6906027135892969e-01	   4.8011781351368332e-01	   1.8359246460025819e-01	   1.4091782111025125e-01	   3.9753967074615476e-01	   5.5342040133005754e-01	   3.9953045657946629e-01	   3.0266968523852178e-01	   4.0795263144806748e-01	   4.6336661312202704e-01	   4.2707895576058985e-01	   4.0422636080107183e-01	  -2.3367438671503191e-02	   1.5940400878256228e-01	   2.1549538022507891e-01	   1.3721552389606023e-01	  -2.0312074632823315e-01	  -1.2308124699952303e-01	   6.5025325883706253e-01	   6.5419760744377176e-01	   4.9542281047787617e-01	   4.5873792908381245e-01	   5.5872245318373381e-01	   6.4184279866822558e-01	   5.0475449085230450e-01	   6.0496710273961363e-01	   6.3798044236604423e-01	   5.8359134828003356e-01	   6.8501544440386042e-01	   3.1657741562837560e-01	   5.8278772538022661e-01	   8.8163478652528149e-01	   7.4829448212036098e-01	   5.0783126835523884e-01	   5.8875644229254442e-01	   6.7194814312940776e-01	   5.6866366889587894e-01	   4.7917496308566249e-01	   5.1695464854415119e-01	   4.8630692520070562e-01	   3.5908688977279485e-01	   3.2615961969342633e-01	   6.5535926513616549e-01	   5.2434941133489987e-01	   5.6345122087094990e-01	   5.2124047012882901e-01	   2.2732428018555600e-01	   3.9863119883465031e-01	   3.6742134508990604e-01	   3.7397140591726241e-01	   2.9029714705652043e-01	   8.6381737740506170e-02	   4.1908175848326984e-01	   4.6069110601847574e-01	   3.7538884243721182e-01	   4.1159125202637992e-01	   4.8827505471009919e-01	   4.6838303952464622e-01	   3.9868803190894797e-01	   1.5192952594797307e-01	   4.2398229088380496e-01	   6.5440040422132018e-01	   1.9413181963094284e-01	   1.6237872129817532e-01	   3.3585272631041108e-01	   7.2414274720835181e-01	   5.6820347669726223e-01	   5.3044310741371803e-01	   4.5062621199680941e-01	   2.6566963312422154e-01	   2.3740645166466368e-01	   1.9978618977716520e-01	   3.4366608994696801e-01	   3.3087129718854658e-01	   6.3763122001212136e-01	   4.6055820170545914e-01	   3.6148111725248022e-01	   3.9743001312783011e-01	   5.3940504660085764e-01	   6.5953485883972474e-01	   4.2783705793315929e-01	   1.5207770995910450e-01	   2.5900088808120558e-01	   5.3652960553579021e-01	  -1.4396645474146991e-01	   3.0065505697786637e-02	   2.0623892652588216e-01	   3.8887638897741661e-01	   5.5739988059474233e-01	   3.2517132902619067e-01	   2.0745608241868002e-01	   3.7188219698022329e-01	
   5.7324818561080093e-01	   0.0000000000000000e+00	   1.0436157247939318e-01	   1.3977927005453955e-01	   4.5402384290061326e-02	   1.9295348263831999e-01	   7.4809562240842259e-02	   8.8026583395942517e-03	   1.8729316200866158e-01	   5.1740174352907266e-02	   2.3624622379525567e-01	   7.4445719523103537e-01	   1.7885768700214350e-01	   4.5394298709456260e-01	  -9.5114992001387552e-02	   2.5064569798504344e-01	   8.1198888612016529e-01	   9.1517976468119389e-01	   6.8458038515770303e-01	   5.6772585203167503e-01	  -2.8609117699794373e-01	  -2.4069393575841669e-01	  -3.8682032727569315e-02	  -1.1500916702153245e-01	  -1.4239717821475071e-02	   3.0915097490459096e-02	  -2.0563142455492728e-01	  -3.2532658172151235e-01	   5.5714750730217644e-01	   8.2172746895851856e-01	   2.6306211429258337e-02	  -1.1485949593869856e-01	  -3.1519782415420699e-03	   2.4757770051371003e-02	  -5.0561376752147821e-02	  -8.4131190874527320e-02	  -1.7897482467916642e-01	   5.2378563881812265e-02	  -8.2612908261371965e-02	   1.2699481366610954e-01	  -5.3594202195831595e-02	   2.3499304812855046e-02	   3.8035963244261506e-01	   5.0369155282920763e-01	   3.0963509450742310e-01	   3.6129049335943353e-01	   2.3699006321489746e-01	   3.6183125844757180e-01	   3.3856000232158140e-01	   4.8843727981938556e-01	   3.2861616289302414e-01	   4.6991066409085347e-01	   3.4716179044834078e-01	   1.8342270169590352e-01	   2.7497825121514030e-01	   5.8188352236980134e-01	   1.1367373886554710e+00	   9.7174283568139963e-01	   2.5025308019296821e-01	   2.4959868720609857e-01	   2.2232110007953521e-01	  -1.1382584872200543e-01	   7.8707640004190538e-01	   3.7685881855125575e-01	  -1.6610916115547081e-01	  -9.5948498119344514e-02	   1.6506404058111884e-01	   5.6043783649278707e-02	   3.9341319103284539e-01	   2.7800058839164782e-01	  -1.6992509287274771e-01	   3.5109280808953036e-01	   5.4030848083993055e-01	   8.3037573808569853e-01	   5.4473731010147419e-01	   6.5139007404687765e-01	   3.6739415014492316e-01	   4.4022453754064672e-01	   6.6506790504857383e-01	   7.6892454514353270e-01	   5.6354416191545753e-01	  -4.8255268753648302e-03	   6.9695588113996903e-03	  -2.6805560186170774e-01	  -1.0707371864452571e-01	   2.6166739306325548e-01	  -3.7887215514825728e-01	  -1.4656865219628384e-01	  -2.2137270012318450e-01	   1.8711099316262758e-01	   1.9029524507974482e-01	   7.8625597777149628e-02	   1.3246637125138361e-01	   6.3245316872227203e-02	   2.3705996904605592e-01	   2.8835410821005070e-01	   5.7897224837559536e-01	   3.5413578449970656e-01	   5.4478439881674534e-01	   3.8427169777686421e-01	   2.3328696072138025e-01	   1.7101761423270512e-01	   3.6068685635870468e-01	   2.1185670714400037e-01	   2.6793805783358882e-01	   9.3148838780880705e-02	   2.3755607026477177e-01	   3.0779259410342513e-01	  -3.6162483216973781e-02	   2.5744380517861332e-01	   4.3253155669541260e-01	   3.7385262087898674e-01	   4.2430515290761112e-01	   9.8321914912830405e-02	  -3.4320734438288168e-02	   4.2235018695717517e-02	
   8.5857013547536165e-01	   1.0436157247939318e-01	   0.0000000000000000e+00	   1.0923399247499228e+00	   1.1120772218451513e+00	   6.1805292079149088e-01	   1.2849732848211495e+00	   8.0187541967396336e-01	   6.4940406421819163e-01	   6.8360344365634507e-01	   9.0332211751088476e-01	   1.2940427675625782e-01	   5.9854347117131845e-01	   1.4213137994029473e-01	   7.7473736107987523e-01	   4.1291740641193397e-01	   7.5130811126509323e-02	   2.8572586885624235e-01	   7.9096796516518242e-01	   4.7855093368902490e-01	   8.9917721741962095e-02	  -1.5541682629169062e-01	   1.3124271312411626e+00	   7.8005653489043958e-01	   9.1528466566436628e-01	   7.5311400341385659e-01	   5.9612114899633983e-01	   5.4549329981251349e-01	   1.8063353486774053e-01	   1.8309997624409891e-01	   8.5969272228621629e-01	   7.3900972456041469e-01	   9.4598105556660350e-01	   8.0634452650337129e-01	   7.9111803665851588e-01	   6.5409118164734970e-01	   8.3414530768720439e-03	  -4.5891385505514186e-02	   3.4369860061535557e-01	   1.0589243918641092e-02	  -2.1147549560258846e-01	  -3.9989842670953885e-01	   4.4879203314236871e-01	   4.1657798773087740e-01	   3.2092921232466698e-01	   2.2621796673168310e-01	   4.7646816698655525e-01	   3.3115278960840999e-01	   2.9840617479104908e-01	   3.1301698752931117e-01	   7.3021541322635419e-01	   3.4044252605730230e-01	   7.4615007952965617e-01	   3.8963187700527668e-01	   4.4381133291110175e-01	   5.0151186392133318e-01	   2.5705331761375227e-01	   1.3869354009886992e-01	   3.7508105530672609e-01	   5.2504390460599126e-01	   6.4906926642259399e-01	   9.9603603605043289e-01	   2.6846236430585713e-01	   5.4972472515945348e-01	   9.5369971604068682e-01	   6.6076669475095284e-01	   9.2074315481573188e-01	   8.5091083073669205e-01	   7.0895976012676165e-01	   6.5197280080434195e-01	   6.9213464108822931e-01	   5.4471273077281723e-01	   3.1875483229624346e-01	   8.2200381389086863e-02	   2.4493209690364759e-01	  -3.0342116771041022e-02	   3.2351360454387235e-01	   2.9135496620284507e-01	   2.9816684406757782e-01	   1.5559475590179472e-01	   4.2256124505218484e-01	   8.0410005208205015e-01	   9.6025450401261481e-01	   3.3961290783656767e-01	   9.1698809989526753e-01	   6.8158767278188837e-01	   5.7771602405103051e-01	   4.3402920004558754e-01	   5.7211202102561010e-01	   6.1997976393118803e-01	   8.8078177939052416e-01	   5.0504135711021392e-01	   4.9943352271634062e-01	   2.0083724559172103e-01	   2.0032393067560234e-01	   2.1769567236860315e-01	   1.8704336346570460e-01	   2.4211592610327409e-01	   5.8650984512266446e-01	   3.6807495765849646e-01	   3.3569252577206482e-01	   3.9526218747350417e-01	   4.2945924162604365e-01	   5.5273521396496572e-01	   2.7680371234376028e-01	  -8.7266768301390921e-03	   2.7663982713922140e-02	   4.0705180960440207e-01	   1.8379907233239756e-01	   1.3674563498276501e-01	   1.0248306614990864e-01	   4.5467318120397937e-01	   3.9416580584032274e-01	   5.6910715511543597e-01	   4.0342013060144449e-01	   4.8668686022026275e-01	
   6.3051890214518458e-01	   1.3977927005453955e-01	   1.0923399247499228e+00	   0.0000000000000000e+00	   1.1703610915238210e+00	   8.4014995642634294e-01	   8.0566234089444233e-01	   7.8031369309521459e-01	   5.8826351573944013e-01	   7.2121267911962439e-01	   4.5255444920751631e-01	   7.9878726863007538e-02	   2.4731957033569563e-01	   5.8871492194755883e-02	   4.8206249779488997e-01	   4.2070365267998661e-01	   3.7301865214884065e-02	   1.3581205632778934e-01	   7.0676604330172466e-01	   5.2637923997885649e-01	   6.7884954633048264e-02	  -1.0041933369488097e-01	   1.1802338059528064e+00	   8.6700685878353867e-01	   1.0692991893276653e+00	   1.0087392838558447e+00	   6.6512479039222994e-01	   5.6763549809707992e-01	   4.0757094877837283e-02	   1.6211139755752817e-02	   1.0324742393262167e+00	   9.5922786753762579e-01	   1.0358149018605163e+00	   8.9749874075291780e-01	   7.8434155452736232e-01	   6.9404981411340583e-01	   1.3371705253459506e-02	   1.8541607604877029e-02	   3.5538377769008872e-01	   4.2472059149440335e-02	  -2.2628772724545715e-01	  -4.2342898658496331e-01	   5.4098789729999586e-01	   5.6775909335583630e-01	   4.5801829693697738e-01	   4.2495887262062448e-01	   5.5060024452388689e-01	   4.3875388606094401e-01	   4.0232916098613275e-01	   5.2467098914095878e-01	   9.8776921380118754e-01	   4.7057921029960276e-01	   6.4988891976039409e-01	   3.9965674512604243e-01	   4.7316604721189431e-01	   4.6442694662916306e-01	   3.7597747406434984e-01	   1.5059039079515740e-01	   3.3408594546769771e-01	   7.0245555081744926e-01	   4.5950628681921324e-01	   9.2886470118549858e-01	   2.0182889399762893e-01	   6.3665921976657824e-01	   6.3660502729180612e-01	   6.9339344200148989e-01	   1.0881116413472660e+00	   1.1957946684364484e+00	   7.3613432283370883e-01	   7.2055693708679325e-01	   5.3391740669906185e-01	   6.0352752796280362e-01	   1.9109750946074999e-01	  -3.5628719489235540e-04	   1.8411410329002423e-01	  -4.3461056546449481e-02	   3.2601614585086319e-01	   3.0780545175815566e-01	   2.0862841731989901e-01	   7.8368638975909150e-02	   3.4534909915823664e-01	   6.8068804927611481e-01	   6.4210902529212399e-01	   2.9218970776535208e-01	   5.4481800382255074e-01	   6.7166899523671963e-01	   4.2731883758016309e-01	   5.5860685287511491e-01	   4.7200567256219006e-01	   5.8680345458757588e-01	   9.5520853924437288e-01	   3.6353568249677642e-01	   5.3897273842319526e-01	   1.0902813215665867e-01	   1.6851074036080149e-01	   2.4922569545311729e-01	   1.6801521542303566e-01	   2.8621598153381167e-01	   5.3013024093018735e-01	   3.4496223871367798e-01	   3.6847613758971504e-01	   2.9303768815543307e-01	   5.2146146792636294e-01	   5.2420937871990558e-01	   3.5700202235264306e-01	  -2.5820110359805536e-02	   1.4206935018389084e-02	   3.9208192051030322e-01	   2.9159578389023300e-01	   2.0724096212475079e-01	   1.9007172669483907e-01	   4.7155350165646626e-01	   3.8438379924319432e-01	   5.3146380274953031e-01	   3.8877336528866502e-01	   4.1212497331412112e-01	
   7.0554505797135936e-01	   4.5402384290061326e-02	   1.1120772218451513e+00	   1.1703610915238210e+00	   0.0000000000000000e+00	   9.9967287375382352e-01	   8.4788014555325808e-01	   7.0273097263978579e-01	   9.4722428635878808e-01	   9.4613791475954800e-01	   6.4874085108266899e-01	   5.3147122789062945e-02	   4.4962414634203191e-01	   1.1653112291977107e-01	   6.9824026600123634e-01	   3.3721877328918021e-01	  -1.5674847851466184e-02	   1.3016939343702577e-01	   6.4543502191772328e-01	   4.5727424019289142e-01	   2.6142572766292144e-01	   1.4565094167140882e-01	   1.0784458920341995e+00	   6.8133402022940659e-01	   9.6541144610456620e-01	   1.0503882219254299e+00	   5.5168545546333647e-01	   6.3982235002415289e-01	   9.2550821525197530e-02	   1.3161484659013289e-01	   9.0684282764931656e-01	   8.4498568294434762e-01	   8.3218369389611124e-01	   7.9440696636157193e-01	   6.9445527620240566e-01	   6.5441821885045692e-01	   1.5084470637654174e-01	   1.2262761660147158e-01	   4.0030312884633928e-01	  -6.4586507900315906e-02	  -1.0736288437107684e-01	  -3.7167578924403327e-01	   6.5711176394884363e-01	   4.7693970958210419e-01	   4.9167730842354551e-01	   4.2403254846701999e-01	   7.4797762111026289e-01	   5.0655279770810835e-01	   3.7724207959350869e-01	   4.4327231732950190e-01	   7.1405624885396168e-01	   4.1059751475270295e-01	   7.1055110288184786e-01	   4.3168645339079381e-01	   6.6591907196957723e-01	   4.7489086895316024e-01	   2.1275683597918821e-01	   1.4081851035040441e-01	   3.7223055655201598e-01	   6.7748628888888385e-01	   4.7941102437634642e-01	   7.3206339210010396e-01	   1.4273677969162624e-01	   4.2757649334205400e-01	   5.7187237563465343e-01	   4.9580987946492777e-01	   8.5586637020214784e-01	   8.5236817598183456e-01	   6.5200987700877067e-01	   7.1631684476810331e-01	   6.3244229971904975e-01	   5.5774031433142235e-01	   1.2256558180177385e-01	  -6.0336978044563679e-02	   5.0754868981380687e-02	  -2.4553170007413627e-01	   1.7560090985684740e-01	   1.6919995287646622e-01	   2.2116134849522340e-01	   2.2552340469759954e-02	   3.1882412585152492e-01	   5.0575314645591896e-01	   6.8427170909400237e-01	   2.1411267940366202e-01	   5.8454290103817585e-01	   6.5895965231799369e-01	   3.6846877241708287e-01	   3.4028490998257649e-01	   6.7116798978329495e-01	   7.9674975028218997e-01	   8.0591739830304099e-01	   5.5632089053805811e-01	   7.3177456892261095e-01	   3.3093325222005754e-01	  -5.1214338778195233e-04	  -3.0598120017571926e-02	   4.3662204309152186e-02	   5.9608204740445828e-02	   4.3062865948689633e-01	   2.5621726205331757e-01	   4.9275080209094646e-01	   2.7200529567761533e-01	   4.7419577004383151e-01	   6.2836363677100093e-01	   1.9222944006450202e-01	   2.8491209214658832e-02	  -1.0964338896625611e-02	   3.5321330011947488e-01	   7.6897254146106028e-02	  -7.6270713419919506e-02	  -1.3739903433567300e-02	   3.5362324239273862e-01	   3.8392515084434292e-01	   4.2803718138460739e-01	   2.0690329429725485e-01	   2.3442626439648540e-01	
   5.4617590688136419e-01	   1.9295348263831999e-01	   6.1805292079149088e-01	   8.4014995642634294e-01	   9.9967287375382352e-01	   0.0000000000000000e+00	   6.5665254556926567e-01	   5.4938448386515804e-01	   1.3408554325187638e+00	   1.2845976454963859e+00	   4.6787353282476596e-01	   2.8456564449271915e-01	   3.8199848888297944e-01	   2.1174147393498755e-01	   5.4197734713273360e-01	   3.0433534820318686e-01	  -6.8879211409001606e-02	   4.1026328130333967e-02	   5.9386752558030342e-01	   4.8744166001197853e-01	   1.4546989179867000e-02	   4.3753593632810464e-02	   6.3787341383133223e-01	   3.2335710164050480e-01	   4.1903079891583128e-01	   7.2354975591403026e-01	   1.4785645946710385e-01	   3.0132533303531867e-01	   1.1970080456182908e-01	   1.3775262007746977e-01	   5.9799380891364962e-01	   6.0772429023855201e-01	   4.0308778827321101e-01	   2.9514849498604867e-01	   2.1303893825172604e-01	   2.0286282949048728e-01	   3.3386643804250177e-03	  -2.2235521753553398e-02	   1.1158375844596405e-01	  -1.6236260604650804e-01	  -1.6671876959000942e-01	  -2.8068151929410701e-01	   6.1947266946491930e-01	   5.0595104947863700e-01	   5.5079602449086196e-01	   5.1881437042447887e-01	   6.3175246122179785e-01	   5.6956078889823114e-01	   5.9267272236697766e-01	   6.9748411472292882e-01	   6.9752442509554624e-01	   6.5564990544284885e-01	   6.7998672789149284e-01	   4.7565743334127514e-01	   6.0770273925552343e-01	   3.8091699454162653e-01	   1.8473303662166723e-01	   3.6048253576012046e-01	   4.4549938372544290e-01	   7.7142698559947254e-01	   5.1307139502660459e-01	   4.3550045111215940e-01	   1.9694799208723826e-01	   4.9556970484694773e-01	   2.2765809263406928e-01	   9.6732855305160848e-02	   5.1323775101483315e-01	   4.7006272076505740e-01	   5.2382230810152708e-01	   6.0838714061438215e-01	   5.7260017290368004e-01	   5.8488958778168321e-01	   2.0868968801483789e-01	   1.0933847757568614e-01	   1.2426223407534284e-02	  -4.7100796815221280e-02	   3.3686147507942044e-03	   2.3505980821252805e-02	   7.7667113205164406e-03	  -5.2887313210464151e-02	   2.1362780831879430e-01	   2.6627994721211545e-01	   3.7672984392184222e-01	   7.9718209690755562e-02	   3.5778785183359635e-01	   5.6712316692246245e-01	   1.0511525960785234e-01	   3.3798518176151948e-01	   5.5585663775810090e-01	   8.7460630626363633e-01	   6.7831322815149075e-01	   4.6323561144845371e-01	   5.9691210097752112e-01	   3.1166086231881557e-01	  -1.2618727671074051e-01	  -1.3803370121420622e-01	   7.8399163399295216e-02	  -1.0043045479282511e-01	   3.5356237628857395e-01	   1.2733475773653527e-01	   5.8190450909579694e-01	   2.5624238589581322e-01	   4.7221078777173964e-01	   4.9207267081341177e-01	   1.7229690539903034e-01	  -1.0451839010896838e-02	   1.0039953163927955e-01	   2.7855345065602166e-01	  -5.7608130945150954e-03	  -1.6603524848299403e-01	  -2.3764046891123939e-02	   2.5230076068119528e-01	   2.9061432721765429e-01	   1.5915073513569777e-01	  -1.7189721091676598e-02	   4.4831009025690448e-02	
   6.4102675555591859e-01	   7.4809562240842259e-02	   1.2849732848211495e+00	   8.0566234089444233e-01	   8.4788014555325808e-01	   6.5665254556926567e-01	   0.0000000000000000e+00	   6.4441708360576389e-01	   8.6147184732999726e-01	   5.9726757066503289e-01	   8.2111301255024738e-01	   1.4328166394659303e-01	   8.0053015054826071e-01	   5.2288376338418499e-02	   8.1567287474245043e-01	   2.1381232417300647e-01	   8.4852480086649057e-02	   2.4616744364703250e-01	   8.0821878567078143e-01	   6.1778093740301343e-01	  -5.8987183703811716e-02	  -2.8686331182818631e-01	   8.7351420280633618e-01	   3.0748517056409674e-01	   4.5932319452780185e-01	   3.9768879957215736e-01	   1.8475621711806781e-01	   3.4531205658689418e-01	   3.2910841740788377e-01	   1.5700795394645756e-01	   7.4615473266098564e-01	   6.0818952641740487e-01	   6.9486137071706811e-01	   5.0436341505989191e-01	   4.7775648817211486e-01	   3.5651760394784848e-01	  -1.7193473784657447e-02	  -1.1162425349132582e-01	   3.3673296877967940e-01	   3.2098062403067201e-02	  -1.9943669700955016e-01	  -3.6670492061662746e-01	   4.4628324331036895e-01	   4.2274650449938395e-01	   4.6151558155899819e-01	   3.3660290369600493e-01	   3.9683615334696309e-01	   2.4829403499921876e-01	   4.2313003898025286e-01	   3.5433632230731776e-01	   7.3319666178067366e-01	   2.8521437535000271e-01	   6.6039336312738861e-01	   2.8135909522167174e-01	   4.7222087728302053e-01	   4.7752728680094858e-01	   2.0204646584396024e-01	   2.2270263394375156e-01	   4.6872152733305744e-01	   5.1507035948589863e-01	   9.5856986205902217e-01	   5.7414665573212742e-01	   3.4742892558244132e-01	   5.0394775746643172e-01	   5.1485776123968985e-01	   2.7884466501197103e-01	   8.9921054232508613e-01	   6.7523273783354953e-01	   7.7007898762681470e-01	   6.7122743126678119e-01	   6.7077480043256466e-01	   6.3135295769193855e-01	   4.8497113286481780e-01	   1.9583631617350514e-01	   3.7419712721557580e-01	   9.3736366393835119e-02	   2.8965720883614143e-01	   2.1538466443492299e-01	   1.8758939280520431e-01	   1.5056699513699379e-01	   3.6742265092262377e-01	   3.8958884773340130e-01	   6.9899036577190410e-01	   1.6463027962096671e-01	   5.2997589954809854e-01	   3.9627527349084479e-01	   2.4047200997562451e-01	   4.7962829862904993e-01	   5.4135402800681476e-01	   5.6479583581131199e-01	   5.9673651360616886e-01	   2.8856571335595210e-01	   2.7042818715704697e-01	   1.4234505844042830e-01	   2.4161541791319235e-01	   2.2404351775159875e-01	   2.2445525551955101e-01	   2.2741187358665677e-01	   6.0905685979617186e-01	   4.0004506322071021e-01	   4.2579073015346258e-01	   4.2952609471853176e-01	   5.2400510598195738e-01	   4.6343664831772907e-01	   2.1087646328807350e-01	  -7.0319004357050699e-02	  -4.0855459921728003e-02	   3.3328918838987431e-01	   2.4390283257131670e-01	   1.5216105298868124e-01	   1.3625141224182638e-01	   4.3886917784041213e-01	   3.1106823377788301e-01	   4.6186931451408542e-01	   2.4309605029583911e-01	   4.4236757315529529e-01	
   4.7980148329242051e-01	   8.8026583395942517e-03	   8.0187541967396336e-01	   7.8031369309521459e-01	   7.0273097263978579e-01	   5.4938448386515804e-01	   6.4441708360576389e-01	   0.0000000000000000e+00	   4.2076756434780532e-01	   7.7819007458117817e-01	   8.3428803368766247e-01	   4.1092057890389649e-01	   6.8948622961465422e-01	   6.1768766568690148e-01	   8.4086452886898910e-01	   4.0338856830070580e-01	  -7.9508476217410792e-03	   9.4460868686404811e-02	   3.9497917165763163e-01	   1.4841422981478627e-01	  -5.8685538064815065e-02	  -2.0219778437768887e-01	   1.0391052365617797e+00	   8.2564277221516358e-01	   7.4447327085800663e-01	   6.1299519127886837e-01	   6.3659079097464488e-01	   5.4852941276874323e-01	   1.4875346550830476e-02	   1.7886029036163789e-01	   6.2960308390755282e-01	   5.2935705190798099e-01	   6.3868367211595090e-01	   6.1115736871190185e-01	   6.6094310658688560e-01	   5.6291155461857967e-01	   5.9443992002128666e-02	   2.9927144851089282e-02	   1.1570914235657204e-01	  -5.2482653654758711e-03	  -1.4412144576092470e-01	  -2.0790139162520688e-01	   3.6260266867320468e-01	   3.8286410615686678e-01	   2.1624338207312602e-01	   2.2774352447814072e-01	   4.4883656530758509e-01	   1.2659326538176338e-01	   2.2340600452092715e-01	   3.6465927308568025e-01	   5.2807804137361347e-01	   4.1581202895684455e-01	   5.1742427041093764e-01	   1.5571200739521524e-01	   2.3915421458178610e-01	   2.7801868314411377e-01	   9.0023698597064022e-02	   9.6364089965718055e-04	   2.7430618844615323e-01	   6.0824800403322743e-01	   2.6377616639494655e-01	   9.8138654488276511e-01	  -4.7423980490822443e-02	   3.7072745848604416e-01	   6.4917548184170748e-01	   5.5572755040546939e-01	   4.1889452704401514e-01	   5.2346281189849009e-01	   3.0257263767089976e-01	   1.8461014667866263e-01	   3.9273507826233817e-01	   2.7886332965883931e-01	   7.9657386478815373e-02	   2.8128076480507455e-03	   7.0482478088337089e-02	  -6.3887845948539690e-02	   2.0357589396218301e-01	   3.4018751672991626e-01	   1.9152215863546931e-01	   8.5126540545523974e-02	   1.2773618705472922e-01	   7.8247018019735304e-01	   5.0440638263823157e-01	   2.1570522478254175e-01	   5.7939890119790316e-01	   6.8159904220507583e-01	   4.5220102310871901e-01	   2.7519022166922519e-01	   4.5166459633405981e-01	   4.6746563686255149e-01	   6.6880793659625648e-01	   1.9455857564833065e-01	   4.1824219550280517e-01	  -1.3377187366821874e-01	   1.4070747504939363e-01	   1.4801603335671618e-01	  -1.3348579849739220e-01	   7.8118132422634878e-02	   3.0461903234994536e-01	   1.9264045278957995e-01	   1.1362027945135923e-01	  -2.1117543748589891e-02	   9.3326785693426784e-02	   2.1773140934818483e-01	   1.7771861857570770e-01	   5.9192037628706978e-02	  -6.2565608118742205e-02	   1.8715341274125899e-01	   1.5533745560838980e-01	   9.3613335708007506e-02	  -1.3352266070491262e-01	   2.1147636056389010e-01	   2.7874232914041985e-01	   2.3292558903559077e-01	   2.9686893114163804e-01	   4.0300235881050284e-01	
   6.1262863033388049e-01	   1.8729316200866158e-01	   6.4940406421819163e-01	   5.8826351573944013e-01	   9.4722428635878808e-01	   1.3408554325187638e+00	   8.6147184732999726e-01	   4.2076756434780532e-01	   0.0000000000000000e+00	   1.0178328329568402e+00	   6.4290427674994477e-01	   2.9659043610352787e-01	   5.6211038400115265e-01	   1.6227025588601346e-01	   5.9632590204005709e-01	   1.4516658935005761e-01	   4.6202763326536528e-02	   1.5324959054066650e-01	   7.1056098933992973e-01	   6.0252014490054340e-01	  -1.2500782427205431e-02	  -1.4342043157347903e-02	   5.1387014552879751e-01	   1.0006399585217222e-01	   2.4221514712786554e-01	   4.6173057795720007e-01	  -9.7889575803886825e-02	   9.3882610807994135e-02	   2.6836687304400636e-01	   2.6835034101133165e-01	   4.8271273753774646e-01	   4.6484672270652361e-01	   2.8949395050140120e-01	   1.7324656437123881e-01	   6.7002746837569988e-02	   3.3945338372012329e-02	  -6.7542670187011544e-02	  -1.2720152160764880e-01	   5.2999706223020325e-02	  -2.7161522894446261e-01	  -2.0495929000574256e-01	  -3.2198791358486850e-01	   6.6641931575028579e-01	   5.1872287231256664e-01	   6.6958671904035716e-01	   5.6835357171291978e-01	   6.2589086369415403e-01	   5.1331234960896499e-01	   6.7600864699192520e-01	   6.5531513054505819e-01	   5.8581793626874823e-01	   5.5316079201265600e-01	   7.6620935792323963e-01	   4.0499280756262412e-01	   5.8441987838225362e-01	   4.1143623237099403e-01	   1.8933960353596380e-01	   4.4497320454669032e-01	   5.4670396263321352e-01	   7.0288388703394655e-01	   7.3052790429478531e-01	   2.8438937293955602e-01	   2.7340221211823501e-01	   4.5605733517430158e-01	   1.5823385346283972e-01	  -4.9440663366274049e-02	   4.9857581282722147e-01	   3.3814574208380449e-01	   6.0194722934886780e-01	   6.2799162509986595e-01	   5.2748194067277254e-01	   6.0390583509327589e-01	   3.4069128458757530e-01	   2.1459422842143788e-01	   9.9488880278368941e-02	  -2.3608300398256558e-02	  -1.7346133137367468e-02	  -2.4110478814135118e-02	   1.2846319053908026e-01	   4.7844844581190406e-02	   2.8981142755503608e-01	   1.5713462782440604e-01	   3.1905859010093096e-01	  -8.1307924506128421e-02	   3.2091042972813538e-01	   4.3679129504008729e-01	  -3.9541380980116760e-02	   1.5544600985641871e-01	   4.6786136708477699e-01	   8.1689465107081594e-01	   5.0338009212025348e-01	   4.4662858808596573e-01	   4.6189360142088975e-01	   3.2579256594581596e-01	  -1.2971889461401750e-01	  -2.1580107426183365e-01	   7.0236610178103565e-02	  -1.1921453791172097e-01	   4.3220522194575484e-01	   1.6347708873089664e-01	   5.8891183529336477e-01	   2.4246628552936111e-01	   4.9819225677196988e-01	   4.4239658475964400e-01	   1.0891138218146708e-01	   4.1691583063001886e-02	   1.4629748379962934e-01	   2.5071633873378996e-01	  -1.1477941783599932e-01	  -2.4382220175762531e-01	  -8.5546316275647238e-02	   2.4639291143475817e-01	   2.6925183128279873e-01	   1.1960648895382281e-01	  -1.0507420684986141e-01	   1.5265457303803712e-03	
   4.7086876197447958e-01	   5.1740174352907266e-02	   6.8360344365634507e-01	   7.2121267911962439e-01	   9.4613791475954800e-01	   1.2845976454963859e+00	   5.9726757066503289e-01	   7.7819007458117817e-01	   1.0178328329568402e+00	   0.0000000000000000e+00	   5.4364930897567287e-01	   2.8746395488273563e-01	   5.1442439334101797e-01	   3.7675282908278840e-01	   7.8934626269143815e-01	   3.5447409075921976e-01	  -1.2517851849846945e-01	   2.2910679830970468e-03	   4.3754986080412900e-01	   3.4857126373017044e-01	   8.1052886264468049e-02	   7.2064902317746163e-02	   7.6330903941473727e-01	   4.8614532245434738e-01	   4.6821951018774044e-01	   6.2921194807553271e-01	   2.6650407167473289e-01	   4.2365849557458157e-01	  -4.4475162024327969e-02	   8.4823275243069887e-02	   4.8737034339916263e-01	   5.0004926689755691e-01	   3.4489968251611713e-01	   2.5353227522376864e-01	   2.0877714431670116e-01	   2.1990959403718296e-01	  -6.9574058071012454e-02	  -1.2420409281673550e-01	  -3.7834254781308127e-02	  -2.4958168970501987e-01	  -2.2121949212397732e-01	  -3.9766963315298709e-01	   4.1720660528841902e-01	   3.2859950051206477e-01	   3.1549177924066196e-01	   3.0782787652899640e-01	   5.1711206688979505e-01	   4.2872709302983347e-01	   3.7085623339018831e-01	   4.7584099847704964e-01	   4.4580529342975944e-01	   4.8474211926414768e-01	   7.0275863433173058e-01	   5.0535852074131538e-01	   4.3097774886795759e-01	   3.3749817391362613e-01	   3.1306514367558803e-02	   1.6687970278774791e-01	   3.2861954597266635e-01	   6.0119411709853565e-01	   4.0358366636137055e-01	   6.0061104451254810e-01	  -2.0444843302600993e-03	   3.0792882705155000e-01	   3.9201143100428987e-01	   1.2961857888079381e-01	   2.7622819933234111e-01	   2.9520088016545670e-01	   3.6176301586351889e-01	   3.9090716556945210e-01	   6.7243884325760872e-01	   5.2473157920519953e-01	   8.6402856162677275e-02	  -7.7882133397895476e-03	  -7.4104051154670905e-02	  -1.8016876221010250e-01	  -1.4271327449581978e-01	  -8.5856667146490123e-02	   1.4016226496461920e-02	  -5.0706596335511792e-02	   6.3316591281793372e-02	   3.4919709980831576e-01	   4.4790330543663748e-01	   4.1437241658771766e-02	   4.4962067686205121e-01	   5.6424918861800943e-01	   2.5402724293031398e-01	   2.5473140827478702e-01	   5.8650557195578168e-01	   8.8431034515852880e-01	   7.3784444820785466e-01	   6.1824270587967656e-01	   7.6443155361011983e-01	   3.5004011041725241e-01	  -8.0632804147110576e-02	  -1.2087997755837704e-01	  -4.2780784813821922e-02	  -8.5858223547848819e-02	   2.8937422926842182e-01	   1.4584405462131228e-01	   4.0508120936076625e-01	   2.2212545346042079e-01	   2.3456664765785010e-01	   5.0744703740243524e-01	   3.6167474473877685e-02	  -9.1213926980860654e-03	   8.6518844161690605e-04	   3.3545388710321911e-01	   1.3023643379562133e-02	  -1.4712646808177704e-01	  -1.5525291404328784e-01	   2.4623874259316941e-01	   2.9705633663077941e-01	   2.2313192451676539e-01	  -1.8675644605597286e-02	   1.0300796082829723e-01	
   8.0156542218504756e-01	   2.3624622379525567e-01	   9.0332211751088476e-01	   4.5255444920751631e-01	   6.4874085108266899e-01	   4.6787353282476596e-01	   8.2111301255024738e-01	   8.3428803368766247e-01	   6.4290427674994477e-01	   5.4364930897567287e-01	   0.0000000000000000e+00	   5.0728424496108304e-01	   9.9376516861796160e-01	   5.7801977705028917e-01	   8.1169518611766633e-01	   3.7247009975450907e-01	   2.0926022756604881e-01	   4.4039774131877063e-01	   5.7672698322249660e-01	   2.4570490111162460e-01	  -1.7918529699840063e-01	  -2.5616246645210622e-01	   7.0420491999511781e-01	   4.1090410225011842e-01	   4.0424919558685662e-01	   3.4366657456154653e-01	   2.7316146489689158e-01	   1.6746454928554746e-01	   3.3576949525437305e-01	   5.4758517181232358e-01	   4.1465982704147630e-01	   3.1551028434249856e-01	   4.4438985134860320e-01	   4.1447526448383520e-01	   4.3021965054534317e-01	   2.9004884133915826e-01	  -2.2674072618769969e-02	  -1.8245564800288761e-02	   9.0170900652737071e-02	  -1.6877502124669649e-02	  -2.0363128485294640e-01	  -1.2507902173708821e-01	   4.9401005919110996e-01	   4.7114956794782226e-01	   2.6188449299706940e-01	   2.4758505720994675e-01	   4.7529625503363515e-01	   2.5357087318307570e-01	   2.4009887324095999e-01	   3.4855901161745850e-01	   4.8717743245332390e-01	   3.9515668002453247e-01	   7.0454746124966183e-01	   3.0066690535310703e-01	   3.2547407169681736e-01	   4.1524885306435727e-01	   1.6707634139087829e-01	   3.0460404713268679e-01	   3.5111851085034562e-01	   5.4247502429622763e-01	   5.4131702251797065e-01	   6.2097569940288100e-01	   3.4344907118490570e-01	   4.6428689199797551e-01	   6.1652387768710759e-01	   3.3917939994159230e-01	   4.6159635492802059e-01	   3.9734629871905230e-01	   4.3137681686189089e-01	   2.8057549366077228e-01	   3.8613752816037805e-01	   3.7799408704880821e-01	   3.5372003054002776e-01	   3.1460631612729478e-01	   1.8456922197330619e-01	   9.3367937659849437e-02	   3.1392059446860554e-01	   3.6831407987054365e-01	   4.4737247374459171e-01	   4.0657314267578637e-01	   4.2634150555309136e-01	   6.5996033712633484e-01	   5.4155650384507581e-01	   1.5848956932497790e-01	   8.4250427656898275e-01	   6.8807179353543058e-01	   3.2947823304576640e-01	   3.6592183230079303e-02	   4.2474086585643472e-01	   4.9192868546925017e-01	   5.9410053323638667e-01	   3.9759595115737661e-01	   3.5291718884358525e-01	   5.3030643310061097e-02	   1.9708548216863592e-01	   8.3716214458301574e-02	   1.2640680811800054e-01	   9.7454352817564038e-02	   5.6027996198987606e-01	   3.4265891335521642e-01	   1.6576840147404232e-01	   1.0075336703284392e-01	   1.3939371743581899e-01	   2.7412357831628081e-01	   2.3485548479338489e-01	   1.9087814169246387e-01	   1.4624385036789012e-01	   2.9966182455980189e-01	  -3.7822602928500912e-02	   7.4070052239889501e-03	  -3.1983252437294191e-02	   3.4986916474048368e-01	   4.5541648757580011e-01	   2.7130556570542641e-01	   2.5262820232763927e-01	   3.2314996980271971e-01	
   3.9533246103174630e-01	   7.4445719523103537e-01	   1.2940427675625782e-01	   7.9878726863007538e-02	   5.3147122789062945e-02	   2.8456564449271915e-01	   1.4328166394659303e-01	   4.1092057890389649e-01	   2.9659043610352787e-01	   2.8746395488273563e-01	   5.0728424496108304e-01	   0.0000000000000000e+00	   4.6576463678938318e-01	   1.1001556134049966e+00	   1.6022220998280212e-01	   3.2823562319407318e-01	   5.5524605707574637e-01	   7.1371049377090912e-01	   5.1075629035061421e-01	   3.6157024331460702e-01	  -4.1633757328925114e-01	  -2.7044342062953275e-01	   9.3591579222521690e-02	  -2.7771681382374588e-03	  -1.5441931662471717e-02	   5.0746001922758868e-02	  -1.4294870764325734e-01	  -2.8756430307902986e-01	   4.6028346396126352e-01	   1.0372638400300653e+00	   2.8913490813368109e-02	  -9.3582417564421691e-02	  -2.5387975340496298e-02	  -3.0767626405357636e-02	  -1.0997406885132420e-01	  -1.4612626411867638e-01	  -8.5339973213379661e-02	  -1.0430599579525364e-02	  -1.3683658551184691e-01	   3.9774820284428303e-02	  -4.8114316119085294e-02	   9.5313587545447206e-02	   3.8377686254054827e-01	   4.3318815002456634e-01	   2.6020048895552716e-01	   2.3131291287247890e-01	   3.0485436783920311e-01	   2.3868514755782605e-01	   3.8963518298456412e-01	   4.4417690195538917e-01	   2.8338939045216627e-01	   6.3083563567064249e-01	   5.1385826736909612e-01	   1.4913574233684812e-01	   2.7954658929621545e-01	   4.3422492545205305e-01	   4.7037952412573025e-01	   8.4886325435459209e-01	   4.6300205403166139e-01	   5.4206802989207037e-01	   2.6243628936411573e-01	   5.8803607394464379e-02	   4.3348988383117981e-01	   4.3331012195587248e-01	  -4.6011014503913830e-02	  -6.9481793312415080e-02	   6.4281628782735536e-02	  -6.0275375622649820e-02	   2.4624878274660861e-01	   1.0730111674790482e-01	  -8.7579694944435377e-02	   2.4490052498567327e-01	   4.0287053464506745e-01	   8.1746979485737592e-01	   3.4884513750044382e-01	   5.8622843163325278e-01	   2.7935471798622280e-01	   4.9079388112419453e-01	   4.5271787622393844e-01	   5.4566878763405247e-01	   4.1864048945939403e-01	   2.3514490679143080e-01	   7.9672730849065260e-02	  -1.7889695300873201e-01	   9.0581979791977948e-02	   4.7254075982258703e-01	  -1.1327711261015150e-01	  -1.5066331256052296e-01	  -2.2765584152766485e-02	   2.4895464004859813e-01	   2.6053362644903777e-01	   5.8304553097153912e-02	   1.8937095192638187e-01	  -6.5708072138882870e-02	   1.8146870102992199e-01	   1.2035348341341934e-01	   2.2409738673896507e-01	   1.0050081641181116e-01	   3.3385833451779251e-01	   2.4644773444083937e-01	   1.8819906831943667e-01	  -2.3000774120631964e-02	   2.3525849145388392e-01	   3.7573237417237629e-02	   1.8539233331951441e-01	   2.1366395695706561e-01	   3.4282325246859596e-01	   2.5678412426292646e-01	  -1.1596982550081927e-01	   8.2065160953166127e-02	   7.0213750935157290e-02	   1.9291869919028390e-01	   2.2515973753859025e-01	  -9.9127633800418405e-02	  -2.8926101430054016e-02	   4.6309613919231843e-02	
   5.5731987700682217e-01	   1.7885768700214350e-01	   5.9854347117131845e-01	   2.4731957033569563e-01	   4.4962414634203191e-01	   3.8199848888297944e-01	   8.0053015054826071e-01	   6.8948622961465422e-01	   5.6211038400115265e-01	   5.1442439334101797e-01	   9.9376516861796160e-01	   4.6576463678938318e-01	   0.0000000000000000e+00	   5.6481974708819715e-01	   1.0268486775266890e+00	   1.6405277612893870e-01	   2.0619005693585599e-01	   3.1714931316218298e-01	   4.7096694219684920e-01	   2.3266566444703396e-01	  -2.1217677414725683e-01	  -2.6537385554008536e-01	   4.8199138689605692e-01	   8.6870871701581073e-02	   1.6583500595113282e-01	   1.1974128582017703e-01	   2.3668929322669310e-02	   1.3512311476710248e-01	   4.0850039879462929e-01	   3.7358875366706551e-01	   2.9214977029165690e-01	   1.6947512353959504e-01	   2.1427153488703848e-01	   1.6955917522831071e-01	   2.1749976112726174e-01	   1.7882074503307038e-01	   2.6188853374296224e-02	  -1.3456314266666143e-02	   1.3111095660386296e-01	   6.8018036879108776e-02	  -6.1419138523759707e-02	  -1.5121312808538728e-01	   3.8305994216010392e-01	   3.2928880899533108e-01	   2.9722841813959444e-01	   2.2578102818153262e-01	   3.7279731363247770e-01	   2.4312168995934960e-01	   2.4609536374009705e-01	   2.3123837553345580e-01	   3.6585287045072268e-01	   2.5981544464644285e-01	   5.0168276617211960e-01	   1.7354635071529184e-01	   4.0136779622525753e-01	   4.9617529240799874e-01	   1.7699285871861256e-01	   2.8750691296316888e-01	   3.8392524289171132e-01	   4.0885748889749679e-01	   5.8498579946951401e-01	   2.7631495963948310e-01	   2.9901039585147987e-01	   1.9959869649050102e-01	   2.1104985806623350e-01	   1.0891200374739375e-02	   2.0366052430982670e-01	   1.1675402746367972e-01	   2.9759947566724237e-01	   1.8490130893965709e-01	   4.2387137667275110e-01	   3.8614871697301534e-01	   3.6065268063808514e-01	   2.6453975730672619e-01	   2.7161340010658963e-01	   6.4719447685676834e-02	   2.0601362939673476e-01	   2.7120388240151655e-01	   2.3288435782461475e-01	   3.6518976181980384e-01	   2.0331196973025353e-01	   1.6688464158400851e-01	   4.9229218871130298e-01	  -8.0320011420410384e-02	   2.8675324694678167e-01	   4.0540083282302314e-01	   2.7202529345162742e-02	   5.5939733222173237e-02	   3.1371917513128822e-01	   4.5696181525656365e-01	   3.6806942922128710e-01	   2.7990102138240813e-01	   3.0992106145807280e-01	   1.3815825523505529e-01	   2.6456020216527493e-01	   1.9531070971641512e-01	   1.5882528985064467e-01	   1.5611167311920462e-01	   5.4493043922834272e-01	   4.4764568189006343e-01	   3.6195195452619017e-01	   2.0622353522035614e-01	   2.0536521072319439e-01	   2.9817907826122336e-01	   2.2575609561795381e-02	  -2.5372158880582384e-02	  -2.6778403952603551e-02	   2.5999666829245288e-01	   1.5233770834562083e-01	   9.7661956763305385e-02	   6.9166207159860285e-02	   3.7261086942294752e-01	   4.2761547206294759e-01	   2.4044062078500478e-01	   1.8074564874840927e-02	   2.6845788516326802e-01	
