   0.0000000000000000e+00	   1.0657168465727864e+00	   7.5462664646966104e-01	   6.9369432450151458e-01	   3.3381146145890056e-01	   3.4844385227366137e-01	   7.7470939752794510e-01	   7.2658651666150731e-01	   3.5487288205766343e-01	   3.3250313421769256e-01	   1.0755434363629011e+00	   9.3655910492548422e-01	   9.0220506829035041e-01	   8.8476967506527915e-01	   5.7775237027829807e-01	   6.7440977939404945e-01	   8.7512403476862399e-01	   6.1918337145807023e-01	   1.0599705709941518e+00	   6.6674206145617343e-01	   3.1687664997442599e-01	   5.4330381452508236e-01	   5.4218094068512712e-01	   5.4167447379629508e-01	   3.9189704601934738e-01	   3.6287015212246931e-01	   5.6129540067258421e-01	   5.9000948798880370e-01	   6.8050698281768396e-01	   6.5287183642522839e-01	   4.7034296475979831e-01	   4.4872996324613573e-01	   8.3270049396876433e-01	   9.0264195637792188e-01	   6.1939761469375065e-01	   6.2568342883118255e-01	   5.1625922630428889e-01	   3.7588352795088409e-01	   5.2970872560892168e-01	   5.5299626263403512e-01	   6.1959840489756868e-01	   4.8707979781246985e-01	   6.9014984793801049e-01	   5.9699686767608173e-01	   5.9081450664847446e-01	   5.3475382330083454e-01	   7.9881541824793967e-01	   7.3201406440013683e-01	   4.8690630895281073e-01	   4.9778549128714955e-01	   6.8740397917185780e-01	   4.7759814245379728e-01	   6.6950823368464119e-01	   5.7058144225251872e-01	   8.3203459669864044e-01	   8.5888722817776675e-01	   7.8680627054301189e-01	   8.9620715484853841e-01	   6.2632229245144522e-01	   3.7690202115951554e-01	   1.1005311209672128e+00	   7.4642262630885770e-01	   8.7138962022869582e-01	   9.3976054682819554e-01	   5.0961027053870334e-01	   5.2927548198422159e-01	   5.9235381084749417e-01	   5.4821295050634267e-01	   5.4325389921836065e-01	   4.3310160649831192e-01	   4.2062128058328285e-01	   4.3438459260906970e-01	   8.6985275886960034e-01	   7.2389537416839145e-01	   9.1488591247971862e-01	   6.1363028922511453e-01	   9.6208493492857361e-01	   8.1405381718070235e-01	   7.3567993020423472e-01	   6.8010234658218494e-01	   9.5630318339479958e-01	   8.7855014495874162e-01	   5.1890705697779849e-01	   5.3628096994774033e-01	   9.5143695285820751e-01	   7.4750247791940738e-01	   5.3540504115044707e-01	   5.1726412465892402e-01	   6.3844645155797286e-01	   6.5395333944036804e-01	   4.7907116260566546e-01	   3.8428483971006483e-01	   3.0294386860405481e-01	   3.3569550879748361e-01	   2.1310393489684140e-01	   2.2159123004305831e-01	   6.6404658409111839e-01	   6.4270217444893851e-01	   7.5901572667743034e-01	   7.1986337180474957e-01	   3.7024086786182764e-01	   4.4623565753170064e-01	   4.8960239065924072e-01	   3.9314653890412976e-01	   2.8116571828690812e-01	   2.4504497746302317e-01	   1.6190871947227306e-01	   2.5808666606465763e-01	   3.6611829160550460e-02	   5.7462587468361792e-01	   8.1950035466118376e-01	   6.3118801342821929e-01	   5.1476288519213331e-01	   5.1590919006359048e-01	   4.7078927432161044e-01	   1.4568766871985331e-01	
   1.0657168465727864e+00	   0.0000000000000000e+00	   4.9279843334048912e-01	   7.8773092434233494e-01	   1.5501858181313036e-01	   3.1238198629623848e-01	   4.9060733035817566e-01	   6.2580646354154590e-01	   1.2763055396926640e-01	   3.2151719380323707e-01	   7.9401530290961786e-01	   9.1248423448874605e-01	   5.4973302084556952e-01	   7.7113872293440577e-01	   3.5815165698195278e-01	   5.9698988021302379e-01	   7.7952099112635698e-01	   6.5289239530923426e-01	   1.1076067478950207e+00	   1.0936579516890657e+00	   2.9318394240695672e-01	   5.1008445804091529e-01	   4.2670327396512231e-01	   5.6811928717309268e-01	   3.2245750043144755e-01	   3.0129656477010675e-01	   4.3655159170692948e-01	   5.2746743898527593e-01	   5.7763995002264168e-01	   7.3305652750904615e-01	   4.2306306373674463e-01	   4.2652681965334299e-01	   8.3033517667178780e-01	   9.3119949422518178e-01	   4.7710466257143169e-01	   5.9912115315267789e-01	   6.3124119727240224e-01	   5.1497831240338265e-01	   6.2322898922407022e-01	   7.1903349146237150e-01	   6.3204580228960061e-01	   7.1589749658454438e-01	   6.9839942725698634e-01	   6.8216952755884031e-01	   6.6116078009668910e-01	   6.4069189673027938e-01	   8.6300269163240606e-01	   8.2325988280259155e-01	   5.4313058408826798e-01	   5.5996074344598279e-01	   5.6559715308337422e-01	   5.3474535301667081e-01	   5.9550208048492193e-01	   5.7443611832243813e-01	   8.2375764197499524e-01	   9.2991989872364278e-01	   9.8820540614045593e-01	   1.0221884928513443e+00	   3.3866700524807419e-01	   3.9667444200423030e-01	   4.6590257809617269e-01	   5.5875193814099777e-01	   6.3986216837784249e-01	   7.3838726501831953e-01	   2.7265978996341012e-01	   4.4939193521261628e-01	   4.9366444633391560e-01	   5.4783173384551165e-01	   6.9219724878005717e-01	   4.3871278916265077e-01	   4.2132748415381616e-01	   4.5331294247433052e-01	   7.8911705866975668e-01	   8.9455027186854641e-01	   9.2435990085573316e-01	   8.4857549595554294e-01	   1.0118676042632051e+00	   9.4650917209699437e-01	   6.6400417624881058e-01	   6.8526810573369756e-01	   9.4925926000863681e-01	   9.4988191182930837e-01	   6.2682275350405048e-01	   6.5173480723531330e-01	   7.5954850942097540e-01	   7.9020910900375640e-01	   6.3000940587603060e-01	   5.7391111990923060e-01	   5.8774639671399964e-01	   6.2177843401846244e-01	   4.9487751912496081e-01	   3.9088083782569744e-01	   4.0269722029233562e-01	   3.7409003466760299e-01	   3.7851822606771984e-01	   4.5031030026272956e-01	   7.8273926048332099e-01	   8.0451941761915324e-01	   7.5062643686615493e-01	   7.1163732053726048e-01	   4.4768931345187923e-01	   4.7662985263504043e-01	   4.9486934378879521e-01	   4.0351911329536000e-01	   4.1249804106540477e-01	   3.1328446365417079e-01	   2.0543426929652009e-01	   2.3877003569419469e-01	   7.3097793533526884e-02	   6.0211638069770557e-01	   7.9157171731456810e-01	   7.2122664908046064e-01	   5.3548043092747388e-01	   6.1449835083189464e-01	   5.8305055956252105e-01	   3.0787099986821098e-01	
   7.5462664646966104e-01	   4.9279843334048912e-01	   0.0000000000000000e+00	   1.2339938610778933e+00	   7.7340530071097935e-01	   6.6313387110908228e-01	   1.6778047096318927e+00	   1.1848900841419983e+00	   5.6022355586542727e-01	   5.5250798697252801e-01	   7.5113538664126844e-01	   7.3425309821052309e-01	   9.5824949089237721e-01	   7.4796017091295064e-01	   6.7604762425743414e-01	   8.8801519136206397e-01	   6.7362922623613364e-01	   4.8700220618551882e-01	   8.2975149929086289e-01	   4.1774743553134153e-01	   6.2128518293631341e-01	   8.3395928244465378e-01	   1.3374643714044252e+00	   1.1345543643700122e+00	   9.6381427294654176e-01	   9.8880326740884006e-01	   7.5265583566977967e-01	   8.3191003585958745e-01	   6.7446812877190010e-01	   6.3122284299621201e-01	   1.2014256379577672e+00	   1.0986842421802689e+00	   1.2085379837121708e+00	   1.0804515456393489e+00	   8.1762011870755269e-01	   8.2674896045820723e-01	   4.4939823205124785e-01	   3.1802354961376766e-01	   5.5453181069512114e-01	   3.4772412189221458e-01	   7.2667528528466341e-01	   4.9996835382325455e-01	   6.4931347327623812e-01	   5.1888751974578640e-01	   5.0523481707058027e-01	   5.4149593400312945e-01	   7.0685883540218852e-01	   7.1535110670723001e-01	   4.1429898199502319e-01	   4.6278555361539414e-01	   7.6882558306662163e-01	   5.0645640816118909e-01	   6.3762505494038269e-01	   6.6485828100127231e-01	   7.1002484443305458e-01	   6.5073807166731912e-01	   3.1951764082494644e-01	   5.1456600425442722e-01	   5.5752955054861486e-01	   3.4378433410746845e-01	   7.4255074022775480e-01	   7.2600936648308345e-01	   6.6918139304334490e-01	   7.5544246489810918e-01	   9.0220750705971342e-01	   7.1455169810847408e-01	   8.3025380080841837e-01	   7.1178707119129581e-01	   4.8386275276373253e-01	   4.5785688587374967e-01	   5.6877889837996398e-01	   5.2929602210160343e-01	   8.7408705719850266e-01	   5.6261952576354624e-01	   8.1450984105628721e-01	   5.3913832126054073e-01	   7.5996633691166793e-01	   6.1867619537014973e-01	   5.4556120423445886e-01	   6.0937952309581922e-01	   8.1612107550020752e-01	   7.1768399010378214e-01	   6.1964510862006228e-01	   5.9831368642019012e-01	   9.4038793553894817e-01	   6.3913872904127134e-01	   4.8426954750596896e-01	   4.9630317022446535e-01	   6.7452958504397342e-01	   6.1773955371853073e-01	   4.6990606547753039e-01	   3.1634365957932165e-01	   2.3456570801754023e-01	   2.9154098158497815e-01	   1.0084358954893617e-01	  -3.8356815049849495e-02	   4.4466100043468915e-01	   3.4478267196243012e-01	   6.9056592312647525e-01	   5.9823566712597187e-01	   2.5989508282851032e-01	   2.9302856408618549e-01	   4.8872138908025520e-01	   2.1205100175535460e-01	   2.5200771371290870e-01	   1.0132311852844456e-01	   4.3209855238999097e-02	   1.6672804913884767e-01	  -7.2222575492978724e-02	   3.5971328957047027e-01	   5.9519218117684469e-01	   4.8890602525768190e-01	   5.0950663153801856e-01	   4.8964511654048204e-01	   4.1517548201723753e-01	  -3.8105579477679966e-02	
   6.9369432450151458e-01	   7.8773092434233494e-01	   1.2339938610778933e+00	   0.0000000000000000e+00	   6.5515792853059795e-01	   7.6667539308527655e-01	   1.1311932391669932e+00	   1.4533577335445582e+00	   5.0908894663470217e-01	   6.8916182592932484e-01	   7.3800291497602633e-01	   9.7730754925563945e-01	   7.8014112914523714e-01	   9.2090107015313538e-01	   6.2056849998419938e-01	   1.0691309826140603e+00	   7.1848813760819918e-01	   6.1845859915016121e-01	   9.4487485470000687e-01	   6.7253856836847214e-01	   5.7311332408427040e-01	   9.4698645782992075e-01	   1.0750484638597071e+00	   1.3255055344205573e+00	   9.3203904071132715e-01	   9.8775902326406118e-01	   7.4677479057282214e-01	   9.0580048272782165e-01	   6.1539927704250408e-01	   8.4662806468458518e-01	   1.0881853700715620e+00	   1.1089378073889766e+00	   1.4046229949830902e+00	   1.3886882893238357e+00	   7.7720385432630734e-01	   1.0269579530287651e+00	   5.8648648718168472e-01	   5.3900416943973273e-01	   7.2565278129737865e-01	   5.9832437422814322e-01	   8.3738949650031769e-01	   8.0528780431135005e-01	   7.6731308576552693e-01	   6.8064301949481398e-01	   6.5197025043454049e-01	   7.3550265477248666e-01	   9.0079828883371071e-01	   1.0214669161392746e+00	   4.6733630140991361e-01	   5.3978113836256114e-01	   7.0681708336667526e-01	   5.4715681731849108e-01	   6.7631529333912188e-01	   8.3144249725531871e-01	   9.4121010096244295e-01	   9.4402495512884932e-01	   5.5451787259014429e-01	   7.4407332817241822e-01	   5.0972716049115063e-01	   5.4544037519527255e-01	   4.9984726435417304e-01	   8.3913257340894198e-01	   6.8320565416107903e-01	   8.4053583462748915e-01	   6.7965423128212887e-01	   7.9423407214419450e-01	   9.9712759366386705e-01	   1.0036720000992410e+00	   8.7106896363343700e-01	   7.4302505719029954e-01	   6.8476104829548701e-01	   6.1379309124448100e-01	   9.8136079814165955e-01	   9.1921738917490092e-01	   1.0030403239380163e+00	   8.3576415374504975e-01	   1.0324780155246291e+00	   9.3779970526962331e-01	   5.5086352565384267e-01	   7.0702997853542493e-01	   1.0188626479282925e+00	   1.0953864238701521e+00	   8.2954502423599719e-01	   9.6916983122915112e-01	   1.0548552867172936e+00	   1.0195838643707564e+00	   6.5929506859259923e-01	   7.4995222481847690e-01	   7.9148083520783030e-01	   8.1643623530166176e-01	   7.0010736910757065e-01	   5.2745531857419758e-01	   5.2435324073600231e-01	   4.9007942988828057e-01	   3.2427407038180173e-01	   2.6622415173808078e-01	   6.8283841917573451e-01	   6.1071382685606213e-01	   8.9753195578893519e-01	   7.8826495362417348e-01	   5.4452220495631687e-01	   4.5037382551340743e-01	   6.8345570386253640e-01	   4.2593519501581562e-01	   4.2678279244319794e-01	   2.9136364840330664e-01	   1.6869864455767530e-01	   3.5863015922652897e-01	  -7.2921427129628749e-02	   4.5914268138782388e-01	   6.5945233010562210e-01	   6.0624678295372592e-01	   5.9091860719445521e-01	   7.1475372610628329e-01	   6.0358919547783152e-01	   1.1296663642261950e-01	
   3.3381146145890056e-01	   1.5501858181313036e-01	   7.7340530071097935e-01	   6.5515792853059795e-01	   0.0000000000000000e+00	   1.2438090537243014e+00	   7.3150227061252426e-01	   7.5052108756526847e-01	   1.3524311075770841e+00	   8.7096322313614050e-01	   2.8050508109832650e-01	   3.2268872217882799e-01	   5.0517093451074579e-01	   3.7047739530555879e-01	   9.2531021557712279e-01	   7.6425743387528899e-01	   2.5871193696244821e-01	   1.5695779934664461e-01	   3.4970601716413247e-01	   7.4661503536295484e-02	   6.7301509780359881e-01	   9.9651127414636587e-01	   6.7622493337378398e-01	   5.9928372399055863e-01	   9.8384644763983187e-01	   1.1515322770586567e+00	   8.7947808278721462e-01	   9.3946253901113252e-01	   3.2312589313544132e-01	   4.0393063754684416e-01	   6.8049339593217317e-01	   6.3054590877382821e-01	   5.5174041419663633e-01	   5.2683586944497685e-01	   5.9833758252478986e-01	   6.0088335483438182e-01	   4.0058720712279844e-01	   3.7947222941065545e-01	   5.5136450104588020e-01	   3.4353782346625311e-01	   6.4363354050578558e-01	   4.8067908521209213e-01	   2.9564017891859579e-01	   2.2283746100369034e-01	   1.8525932950299656e-01	   3.2292021694839013e-01	   3.7880120570809706e-01	   4.7517913090997999e-01	   2.4511734859762066e-01	   3.1827559408489992e-01	   5.2433172876514866e-01	   2.8505944688338170e-01	   5.4806473572829417e-01	   6.2505586905082500e-01	   6.1899316570065122e-01	   5.1819830388989163e-01	   5.5913205511273233e-02	   4.4784639967607526e-01	   7.0566836048957537e-01	   5.9914809847376260e-01	   5.9927099274223383e-01	   6.8379285735799689e-01	   2.7855480936699745e-01	   4.0866126081615917e-01	   5.7989986829291329e-01	   5.1329420889733846e-01	   6.4345240081384292e-01	   6.1671164019467462e-01	   4.2792345519451497e-01	   5.4241290186775770e-01	   5.2848953099216933e-01	   4.5357253097308858e-01	   4.5170948474784789e-01	   3.8439061685508552e-01	   3.6765344648798853e-01	   2.2235892419322478e-01	   3.9840796483407825e-01	   2.9702101785180368e-01	   1.3810889636700591e-01	   2.4042536670522946e-01	   3.0948466657821577e-01	   3.7642019171272695e-01	   5.2087280499801036e-01	   4.5394468029696700e-01	   5.7820395049648254e-01	   4.8326293421342353e-01	   3.0173080094728083e-01	   3.1384685113869809e-01	   7.0851320786767169e-01	   6.2874723861500903e-01	   5.3654354031550044e-01	   5.3712195728957279e-01	   3.9880360341289545e-01	   4.1384134578403725e-01	   1.8360734974853986e-02	  -3.0177070410512839e-02	   2.1807790319150469e-01	   1.9324258254505078e-01	   5.4329961192510257e-01	   5.3392035851521036e-01	   4.3236601876848657e-01	   3.5458224891084311e-01	   5.0838360679085293e-01	   4.1511234847851342e-01	   3.8299649297820687e-01	   3.4829075107169738e-01	   2.4770572163722138e-02	   4.2216383241770689e-01	  -6.1846743919277782e-02	   1.3814199023554477e-01	   2.7756909005070152e-01	   3.7831709814044806e-01	   4.8639462447551529e-01	   4.3017849445804945e-01	   4.4925602217990385e-01	   7.2525612250401786e-02	
   3.4844385227366137e-01	   3.1238198629623848e-01	   6.6313387110908228e-01	   7.6667539308527655e-01	   1.2438090537243014e+00	   0.0000000000000000e+00	   6.3594715555910664e-01	   7.4362712962272892e-01	   7.8855063941293912e-01	   1.0508072771164745e+00	   2.8524088201453068e-01	   3.8451672825957661e-01	   4.0766856004272994e-01	   3.4608464460683502e-01	   7.0851595549043889e-01	   8.1954859648686240e-01	   2.4886096461747534e-01	   1.5810078599748154e-01	   4.3720793843257177e-01	   2.9785531889964811e-01	   5.6365184829551840e-01	   8.8646656917639322e-01	   5.6247775528687072e-01	   5.8997915448471594e-01	   8.1795566635185835e-01	   1.0142669653662051e+00	   7.8378206930693284e-01	   9.1824321600754899e-01	   2.5109341305809574e-01	   3.7447483666824721e-01	   5.7523259124557624e-01	   5.4500710868561308e-01	   5.7095684370042510e-01	   6.0214916037357269e-01	   5.5805360047998764e-01	   6.4010434034400165e-01	   4.4810062072393975e-01	   4.6546772285330468e-01	   5.6109535198328664e-01	   4.4132996642571626e-01	   6.2810384552063936e-01	   6.0897829748103371e-01	   3.5521352131240169e-01	   3.2932826933606718e-01	   2.7636815551365623e-01	   4.4537855927376840e-01	   4.5884774947941204e-01	   5.7903802674996374e-01	   3.3911256311528265e-01	   3.9792055106500046e-01	   5.4473709664259595e-01	   4.3278110211993082e-01	   5.5175373332726607e-01	   6.8308630501242407e-01	   6.6273836266811681e-01	   5.5101077778173824e-01	   1.2574039533418466e-01	   4.7689130942489644e-01	   5.5261063908498931e-01	   6.4707975613477497e-01	   4.5655061185029144e-01	   7.4324542711334418e-01	   2.7932047123993065e-01	   3.9644729996788736e-01	   4.5406971355824449e-01	   5.1043072242315135e-01	   6.1229032412094420e-01	   7.1283432751197695e-01	   4.2957917801697615e-01	   5.8110688417075340e-01	   5.5319787858845371e-01	   4.6120461176402655e-01	   3.9185099537637424e-01	   4.0814708811953099e-01	   3.5952374407472254e-01	   2.9417338575696761e-01	   5.0340518255701250e-01	   4.4135804118632416e-01	   1.3111336132358517e-01	   2.4102994566903430e-01	   3.6483494761197632e-01	   4.0337991369154169e-01	   5.2638735071045473e-01	   4.5989142334830796e-01	   5.4277565254309779e-01	   5.1789791253149342e-01	   2.6691124298110014e-01	   2.6215886192749938e-01	   6.6569298104325170e-01	   6.6372791790318675e-01	   5.3256797180451554e-01	   4.1256604071870306e-01	   3.8639377537986175e-01	   2.9846321386519042e-01	   6.1256845891018284e-02	   5.8596020929795690e-02	   2.2804344271893989e-01	   1.9810807705005504e-01	   5.6427452145125923e-01	   4.5978768305045731e-01	   3.9481905432007763e-01	   2.6268722054105687e-01	   4.4104184251576117e-01	   3.0072453519155951e-01	   2.4659258251752320e-01	   1.8828116550862631e-01	   3.7945580384610461e-02	   2.9596929985720960e-01	  -1.0695606961834124e-01	   1.2573966083071367e-01	   2.5367481147790361e-01	   3.6140524457251355e-01	   3.9163312794715527e-01	   4.6252345643328907e-01	   4.2619333445997593e-01	   9.8925646395869010e-02	
   7.7470939752794510e-01	   4.9060733035817566e-01	   1.6778047096318927e+00	   1.1311932391669932e+00	   7.3150227061252426e-01	   6.3594715555910664e-01	   0.0000000000000000e+00	   1.4111087270690141e+00	   6.2060284957238931e-01	   5.7288312085402793e-01	   8.3971630320550084e-01	   7.5337348424115635e-01	   1.1022479777843601e+00	   7.8632006845857183e-01	   6.9173515812408926e-01	   8.9142887580963281e-01	   5.9600454767458577e-01	   4.5686349696581957e-01	   8.4837978289971006e-01	   4.3243020438886193e-01	   6.1237867845168981e-01	   7.4843601988148845e-01	   1.1720272727629111e+00	   1.0646019575758414e+00	   7.8953298308630415e-01	   8.5612916458256660e-01	   6.7836342512799674e-01	   7.2903474025535897e-01	   5.8951019828130091e-01	   5.7879845998621482e-01	   9.0201588577308600e-01	   8.7432855560867595e-01	   1.1128684658866301e+00	   1.0111993217182593e+00	   7.9562953212250120e-01	   7.4450706105263809e-01	   3.3140485874514852e-01	   2.3520733996316517e-01	   4.2980426208709982e-01	   2.9070661983531609e-01	   6.1663002250989218e-01	   4.5956298016164382e-01	   6.4403410335328859e-01	   4.8115401709671918e-01	   5.1819153153368291e-01	   5.4664052333489366e-01	   6.3137312167426329e-01	   6.4688502800564907e-01	   3.3296571546974096e-01	   4.0553543529679681e-01	   6.4856813616015518e-01	   3.7227525079491186e-01	   4.8313747620520109e-01	   4.9763716664072744e-01	   6.5027827961358908e-01	   5.7065267954822629e-01	   2.6866734970843942e-01	   4.4423762867631261e-01	   5.4907223110545411e-01	   2.9850130992026869e-01	   7.2030745784072614e-01	   7.4319119180174376e-01	   5.8159146829979680e-01	   6.5183366928938669e-01	   8.0019656458420108e-01	   7.0748648718207974e-01	   8.1797670472551476e-01	   6.9401224788509619e-01	   5.0554296673942711e-01	   4.8047510268693672e-01	   6.6227775859332783e-01	   5.8756297825563153e-01	   8.5184041572823577e-01	   5.7497141997580115e-01	   7.9768837156479777e-01	   5.5021327693564492e-01	   7.0497561060211134e-01	   5.7268444622471038e-01	   4.5199396485832122e-01	   5.2017932870918293e-01	   7.2800944060836581e-01	   6.7980285423589082e-01	   5.0211583930375725e-01	   5.4018452328480770e-01	   9.1596948084882646e-01	   5.9630458235740402e-01	   4.2259987910820851e-01	   4.5067321594753001e-01	   6.3753918699217726e-01	   6.0953979477541531e-01	   4.8025764135521820e-01	   3.2449974626744460e-01	   2.3673031186204799e-01	   2.6987353865821823e-01	   1.2702903889301181e-02	  -1.1200259184872048e-01	   3.9155385095089235e-01	   2.8129495585336595e-01	   6.8941212882958813e-01	   5.4537137045205641e-01	   2.9995146270304879e-01	   2.9031483092888666e-01	   5.1669854086214695e-01	   2.1863911119711121e-01	   2.1479702762822686e-01	   7.9564031183867373e-02	   9.3757547388094956e-02	   1.6111627900888725e-01	  -1.6791322454679711e-01	   2.4602559757396483e-01	   4.7523513274741480e-01	   4.5671259329550384e-01	   4.7957645086305684e-01	   3.9383668211627154e-01	   3.3408295641372882e-01	  -8.5412066473421588e-02	
   7.2658651666150731e-01	   6.2580646354154590e-01	   1.1848900841419983e+00	   1.4533577335445582e+00	   7.5052108756526847e-01	   7.4362712962272892e-01	   1.4111087270690141e+00	   0.0000000000000000e+00	   6.3550236994251064e-01	   8.0075564829539891e-01	   7.7905870100438945e-01	   1.0743361701551393e+00	   1.0153676859842964e+00	   1.0533608623509918e+00	   7.3174867332504012e-01	   1.0878700779107999e+00	   6.9196846638104692e-01	   5.9488975008045819e-01	   8.0614612607512859e-01	   4.7675503345693826e-01	   5.7651700643882964e-01	   8.9873496967919064e-01	   1.1968827226764549e+00	   1.3353960600848722e+00	   9.1079468828734012e-01	   1.0607812056816246e+00	   7.8510089099456803e-01	   9.0806716058498815e-01	   6.2325584080921370e-01	   7.6406308021827518e-01	   9.4398922208085889e-01	   9.8390490023000232e-01	   1.1048534035193258e+00	   1.0899895140861227e+00	   7.5844816534720627e-01	   8.6078762490686711e-01	   4.4207106623383408e-01	   3.6773575583383311e-01	   5.5290207822641779e-01	   4.5005065311661152e-01	   7.6056853168600369e-01	   6.1993309601083912e-01	   7.3759971306312844e-01	   5.5272073625849294e-01	   5.5385515061463453e-01	   6.2200591065600275e-01	   7.2771781616569142e-01	   7.8587068889845246e-01	   3.5560449295523794e-01	   4.7261469838399622e-01	   6.3214329063337371e-01	   3.6473229535206669e-01	   4.6726748499801912e-01	   5.9328527279777632e-01	   7.7374242918945557e-01	   7.2174132553874915e-01	   4.2764171384199023e-01	   6.1912033040497449e-01	   5.5435828371570262e-01	   4.5197676513376805e-01	   6.0961186597746708e-01	   9.4728942534113758e-01	   6.2389861481990716e-01	   8.0242961316946937e-01	   6.8920889853986311e-01	   8.0168852772708998e-01	   8.3362690299713793e-01	   8.2186433747432874e-01	   6.7416443155935846e-01	   6.4874603228586092e-01	   7.9300109316011247e-01	   7.2488799664827885e-01	   9.2920121053312998e-01	   8.0011946237496900e-01	   9.1134405376618477e-01	   7.4363492479316728e-01	   8.2622941084372925e-01	   7.1427238359899192e-01	   4.9750848557995109e-01	   6.6198456874391021e-01	   8.7215784412300124e-01	   8.5642403298952863e-01	   6.5043190830470088e-01	   7.6574986141370593e-01	   9.4595346791333479e-01	   7.6473454812955399e-01	   5.3630935824685744e-01	   5.9436613359517421e-01	   7.1910343194106929e-01	   6.8892551661878831e-01	   6.7207710085101602e-01	   4.8180383985047853e-01	   4.4269428033266989e-01	   4.0786854562875924e-01	   1.1772361566832501e-01	   4.3440794173463256e-02	   4.8339933745202690e-01	   3.9211431661555157e-01	   8.5373040485012841e-01	   7.0636059685372465e-01	   4.9529917569166049e-01	   3.5942584295083851e-01	   6.6063110456815644e-01	   4.0247322569147403e-01	   4.0024205668174684e-01	   2.7400899546586122e-01	   2.1663514523555080e-01	   3.2123755624404882e-01	  -2.0166194189957495e-01	   2.4338441580950734e-01	   4.7627145638102186e-01	   5.2202161027417815e-01	   5.6705293083369868e-01	   5.6458907594298657e-01	   5.1423200291285276e-01	  -1.4458655442315962e-02	
   3.5487288205766343e-01	   1.2763055396926640e-01	   5.6022355586542727e-01	   5.0908894663470217e-01	   1.3524311075770841e+00	   7.8855063941293912e-01	   6.2060284957238931e-01	   6.3550236994251064e-01	   0.0000000000000000e+00	   7.3375738455093187e-01	   3.1716585423000182e-01	   2.9497521195091925e-01	   5.2653944062767111e-01	   3.9997983536455572e-01	   1.0178950710681038e+00	   6.4935535378961151e-01	   2.2860778433949158e-01	   1.5296169492072154e-01	   2.9640973319463043e-01	   2.1038650274991074e-02	   6.1371902691511648e-01	   9.3611233890164791e-01	   5.2480989309657033e-01	   4.7388802796457474e-01	   7.0427904155028109e-01	   7.6724008111659048e-01	   7.8728792345059706e-01	   8.3003933250758122e-01	   2.8647387461228868e-01	   4.3214795962732289e-01	   4.7666019206569055e-01	   4.6155947891029492e-01	   3.8783088143158279e-01	   3.9518899942495755e-01	   4.7748037645942698e-01	   4.6849571778507554e-01	   4.2560131017588920e-01	   4.6928710816487634e-01	   5.2999761071203233e-01	   4.5186325129589489e-01	   5.7100091948299458e-01	   4.9450971198333860e-01	   1.7555923369534179e-01	   9.8220885027978766e-02	   9.3468656975000911e-02	   1.9146970231796870e-01	   2.5815399511332238e-01	   3.7061432214817974e-01	   9.9849289380941703e-02	   1.7423481309622477e-01	   3.1634027125115111e-01	   1.1364283724956775e-01	   4.5967333658619247e-01	   4.6015209591236467e-01	   5.8756730654745970e-01	   5.4033696969095157e-01	   9.6810431316962528e-02	   4.1794206754583957e-01	   7.4330924833965384e-01	   5.7404878666717685e-01	   5.9586998934563296e-01	   6.1264408510437951e-01	   2.3666188626917387e-01	   3.4716178324589275e-01	   4.5881990014377877e-01	   4.5311945592312397e-01	   5.5338924344805229e-01	   4.9763328817534930e-01	   4.9749264993606085e-01	   6.2309737882327454e-01	   5.0578349014188917e-01	   4.2627275492429734e-01	   4.0721052504557764e-01	   4.3799588844709714e-01	   3.7220809203320171e-01	   2.8738924238154040e-01	   3.8502694727103204e-01	   2.8484284821003053e-01	   1.5528223406586453e-01	   2.1035205967822554e-01	   2.6205732936892306e-01	   4.2792197489838824e-01	   5.3244338988519635e-01	   5.2775000020764318e-01	   5.9252195824134324e-01	   5.6303914166336422e-01	   3.6467566674875340e-01	   4.6351393665043172e-01	   7.2513503298685222e-01	   6.5763696645479286e-01	   5.8888661461687763e-01	   7.4243926270571048e-01	   5.0620709756582682e-01	   5.5517163607035558e-01	   7.5495911765884008e-02	   1.0476612640190147e-01	   2.8882390446710587e-01	   2.9891911004822547e-01	   4.9926704509330944e-01	   5.7160756569506832e-01	   5.5007644829262969e-01	   4.6517936354989908e-01	   5.8836337149332452e-01	   5.3510763910595527e-01	   4.4432043859227632e-01	   5.0722037941050346e-01	   1.8278621818467004e-02	   5.1258694860338583e-01	   7.0618194736928569e-02	   1.9692788294195868e-01	   2.9546816686663163e-01	   3.4516695506931450e-01	   4.2648050135613608e-01	   3.5436641581472567e-01	   4.5340966085577494e-01	   1.7323998946027278e-01	
   3.3250313421769256e-01	   3.2151719380323707e-01	   5.5250798697252801e-01	   6.8916182592932484e-01	   8.7096322313614050e-01	   1.0508072771164745e+00	   5.7288312085402793e-01	   8.0075564829539891e-01	   7.3375738455093187e-01	   0.0000000000000000e+00	   2.1624028434435200e-01	   3.5681237603983540e-01	   3.5928134620881375e-01	   4.1654262394862479e-01	   6.8411108406457899e-01	   8.8245762761544744e-01	   1.8959104309145602e-01	   1.3782751600043447e-01	   3.5701676591875880e-01	   2.5571581054281783e-01	   5.8924463744027733e-01	   8.8433665524744554e-01	   5.4582761429827531e-01	   5.8254748676147761e-01	   7.8898932128814592e-01	   8.6329077356245187e-01	   8.6686997404003663e-01	   8.5046678231369055e-01	   1.0485036094153724e-01	   3.1086324150934203e-01	   4.6220352815986365e-01	   4.1143193607029149e-01	   4.2153173760934892e-01	   4.3895863740170282e-01	   5.2041678338253972e-01	   5.5927177326061883e-01	   3.5337557927697993e-01	   3.8168328925550060e-01	   5.0791738485028159e-01	   4.2318795188830677e-01	   5.7896572573438776e-01	   5.2202573219160753e-01	   4.8589236551042625e-01	   3.6929091560431815e-01	   3.4867232648855528e-01	   5.2320698699835910e-01	   4.9865237576312194e-01	   5.6688734023393783e-01	   4.1803724052322355e-01	   5.2027655056816413e-01	   5.4328757106107750e-01	   4.2610573396424711e-01	   4.3702029730571712e-01	   6.4202285191585196e-01	   6.1744643057537463e-01	   5.6044357835729941e-01	   1.8137892377145351e-01	   4.6314726425509434e-01	   6.8147718853686146e-01	   7.1431281976568706e-01	   4.4927349438207298e-01	   7.7905589426509536e-01	   2.5539015591059216e-01	   4.0035301172218474e-01	   5.0291751521911121e-01	   6.1524897655299349e-01	   6.4068076306722543e-01	   6.9007438867199633e-01	   4.5767736358746175e-01	   7.0980411821156053e-01	   4.5563924038750736e-01	   3.7232557428008373e-01	   2.3917468942238046e-01	   2.7885030553962842e-01	   2.9599037766480357e-01	   1.9010692738482740e-01	   4.1122063165195488e-01	   2.4905599053596356e-01	   4.2539001431813529e-02	   2.1066304946710701e-01	   2.8143514526970903e-01	   3.6468652883281771e-01	   4.7113541573051992e-01	   4.7040677969382932e-01	   5.5805905212410056e-01	   5.3472197283905221e-01	   3.0330424683679008e-01	   3.2086277779264588e-01	   6.8944501831049365e-01	   6.9955059496805094e-01	   5.9761314146198752e-01	   5.5250813482767291e-01	   4.5168162625945452e-01	   4.5178908736377948e-01	   1.7233539281728705e-01	   1.6618958508401591e-01	   3.0050746958553387e-01	   2.5606325044676670e-01	   6.0048432415414743e-01	   5.1639296650914690e-01	   4.4406217979709972e-01	   3.5908407435708933e-01	   5.5185082141450748e-01	   4.0704452892608772e-01	   3.2758619693999802e-01	   3.6812022195525851e-01	   1.7290959035534870e-01	   5.2527018252373114e-01	  -8.0483146610850556e-02	   6.7431247687706822e-02	   2.3623972289929557e-01	   3.5231318133624073e-01	   3.7331106797893854e-01	   4.1974430027825205e-01	   4.2141886936263828e-01	   1.7869152706165720e-01	
   1.0755434363629011e+00	   7.9401530290961786e-01	   7.5113538664126844e-01	   7.3800291497602633e-01	   2.8050508109832650e-01	   2.8524088201453068e-01	   8.3971630320550084e-01	   7.7905870100438945e-01	   3.1716585423000182e-01	   2.1624028434435200e-01	   0.0000000000000000e+00	   1.1467397983996712e+00	   1.2187703541655206e+00	   1.2223002237908283e+00	   6.6840879105272610e-01	   8.0192711210458123e-01	   7.3705387417165635e-01	   5.5517398302213539e-01	   8.6107932384816022e-01	   5.5809505494604794e-01	   3.7534201456735877e-01	   5.2711504614544502e-01	   7.2941210412798974e-01	   7.2157584545378406e-01	   4.4968938742493192e-01	   4.0379017417021568e-01	   5.6118591884633551e-01	   5.9771223687160080e-01	   7.4879259070226389e-01	   7.7620018780924371e-01	   5.7808481775013676e-01	   6.0985819909059580e-01	   9.0077879247552617e-01	   9.9784858871167137e-01	   6.1348478340101065e-01	   6.7330950874783679e-01	   5.7211186600003117e-01	   4.2761161718928242e-01	   5.6466326170262082e-01	   5.3443142700825330e-01	   6.6973863989031612e-01	   6.4904730067224758e-01	   5.8651759561088812e-01	   4.8811825617943050e-01	   4.9870214711596372e-01	   4.5857557986309616e-01	   7.2115160363008890e-01	   6.8230635792074645e-01	   4.1592742025286805e-01	   4.2838072030343766e-01	   5.4166868176570060e-01	   3.0315270054640142e-01	   5.3462061451628506e-01	   5.0393426525705176e-01	   8.2898280407293623e-01	   8.1751120966973467e-01	   5.2454249204307413e-01	   5.7263744803090777e-01	   5.4678682515242094e-01	   3.3296411433848000e-01	   6.3715474713835318e-01	   4.8974574861823228e-01	   5.6112675357250774e-01	   6.1751289683901478e-01	   4.0447413966358425e-01	   4.1101614092903399e-01	   6.2038578686525980e-01	   5.4550132073075164e-01	   7.1435688280776877e-01	   5.5143771261449781e-01	   5.3296682275963758e-01	   5.3774279378542467e-01	   1.1292288262989918e+00	   8.7860922037534994e-01	   1.0646371497748848e+00	   7.7817065254884932e-01	   1.0175808956409820e+00	   8.9571054453090238e-01	   6.7279165992264423e-01	   6.8432152205551877e-01	   9.0738811164717692e-01	   9.4758934249366256e-01	   6.8264893786303948e-01	   6.6791215104208990e-01	   9.5231078906882627e-01	   7.5885352983840226e-01	   6.0919892442261447e-01	   6.3346178076098048e-01	   6.5730833461576799e-01	   5.8601227639007936e-01	   4.7546225839245559e-01	   3.9238055385227344e-01	   3.0259576917142172e-01	   3.0383657817078363e-01	   1.5234986544747708e-01	   1.3172425815973141e-01	   5.8692076541948812e-01	   5.2016689562810781e-01	   7.4068772670318839e-01	   7.1226172384174624e-01	   3.3147774405402025e-01	   3.5574638301220868e-01	   4.7085286140790522e-01	   3.1598150277616016e-01	   3.3110529006813288e-01	   2.2203305589763556e-01	   1.5749897201103816e-01	   2.3337894420336858e-01	   1.5160945609964732e-02	   4.6780714732366380e-01	   6.5267011128238328e-01	   6.0862054462468174e-01	   5.3693600401587294e-01	   4.3065291008606787e-01	   5.7455560333668276e-01	   4.6099047424306143e-02	
   9.3655910492548422e-01	   9.1248423448874605e-01	   7.3425309821052309e-01	   9.7730754925563945e-01	   3.2268872217882799e-01	   3.8451672825957661e-01	   7.5337348424115635e-01	   1.0743361701551393e+00	   2.9497521195091925e-01	   3.5681237603983540e-01	   1.1467397983996712e+00	   0.0000000000000000e+00	   1.1067886082878897e+00	   1.7319451605902128e+00	   6.3239070832264299e-01	   8.9346921999549500e-01	   1.0602626783598041e+00	   9.1499161509057958e-01	   8.3582760958364977e-01	   5.8248231498677872e-01	   3.6170624523784772e-01	   6.1403598382025726e-01	   8.2778050843225803e-01	   9.5879436073057633e-01	   5.7915327691871143e-01	   5.8881726028536485e-01	   5.7205122161941302e-01	   6.9580418310623415e-01	   9.9234476849187059e-01	   1.0973408483721392e+00	   7.9867862817792279e-01	   8.6519366726035452e-01	   9.8530460064690362e-01	   1.0948337213700841e+00	   5.0230313459938392e-01	   6.9687727749600947e-01	   6.3584223406852569e-01	   5.2184804598908563e-01	   6.1292417903486129e-01	   6.3300628582841234e-01	   9.1988746818319167e-01	   7.8442774329047937e-01	   6.7971641741576105e-01	   5.6328930736463756e-01	   5.5424765729830361e-01	   5.4589088359741034e-01	   7.8573962813422138e-01	   8.1097113692615252e-01	   4.2678147618533269e-01	   4.9521809962979546e-01	   5.3899144566495549e-01	   3.9810995884312922e-01	   4.9522102647332411e-01	   5.6039265721654785e-01	   8.5850048649996813e-01	   8.7199070323083028e-01	   7.0942761365086471e-01	   7.4928563012820326e-01	   4.1415745509449031e-01	   3.7946784617953661e-01	   5.0096136470848229e-01	   6.1306443910674924e-01	   7.9651274157451046e-01	   9.2736118800013467e-01	   3.5846566305216482e-01	   4.7987891343000499e-01	   5.7258925070217059e-01	   6.0959839151688655e-01	   6.9930325767650303e-01	   6.1064156950441850e-01	   6.1656572742698590e-01	   6.6215975241986502e-01	   1.2577204393857657e+00	   1.1454009139974284e+00	   1.2208507905104971e+00	   1.0774936897154264e+00	   1.0914354031518121e+00	   1.1371334272109268e+00	   9.0120178198528911e-01	   1.0305344836973629e+00	   1.3171995103260206e+00	   1.1902326601407849e+00	   7.9741715002117497e-01	   8.9452862901718944e-01	   8.4377838786838721e-01	   7.8909440585499380e-01	   6.6444736240730440e-01	   7.4695859617440952e-01	   6.3346199641342882e-01	   5.5508366965362022e-01	   6.0758741357210944e-01	   3.9700760082439429e-01	   4.1542163075572258e-01	   3.8548255770920270e-01	   2.2723770035459395e-01	   2.1219467696110828e-01	   6.0356983304093592e-01	   5.6074173517637926e-01	   8.4041408777286719e-01	   7.5245399219498899e-01	   4.8911732350591225e-01	   3.9114277774520945e-01	   5.7377246566803686e-01	   4.4903551526442353e-01	   4.6768044287166627e-01	   2.9620949155803528e-01	   2.8363220490803659e-01	   2.6640699097941822e-01	  -3.0036131190696837e-02	   4.3283713181539807e-01	   6.3419369481687671e-01	   6.2869877483699144e-01	   5.3278144834695296e-01	   6.2085501165502843e-01	   6.6131752618493578e-01	  -1.4073357026900768e-02	
   9.0220506829035041e-01	   5.4973302084556952e-01	   9.5824949089237721e-01	   7.8014112914523714e-01	   5.0517093451074579e-01	   4.0766856004272994e-01	   1.1022479777843601e+00	   1.0153676859842964e+00	   5.2653944062767111e-01	   3.5928134620881375e-01	   1.2187703541655206e+00	   1.1067886082878897e+00	   0.0000000000000000e+00	   1.1288390467588294e+00	   8.4393842846756739e-01	   8.2854674942863182e-01	   9.0961111660876570e-01	   7.4428232278068396e-01	   8.3662166610609534e-01	   3.8908890144280839e-01	   5.8386531884945403e-01	   7.2016967335350712e-01	   9.0517813616683862e-01	   8.0437124860562303e-01	   6.1986340958132669e-01	   6.4486918186301168e-01	   6.0130273336897411e-01	   6.9828371042697779e-01	   9.3680258816210460e-01	   8.6615631086532863e-01	   7.8930136232860526e-01	   7.5469409108021146e-01	   8.4310200754369691e-01	   8.4399225125404476e-01	   5.9300328955798742e-01	   6.1466710409953829e-01	   4.6163616885179709e-01	   3.6350123682660873e-01	   4.4464251448026448e-01	   4.0215326396833317e-01	   7.7998108177545977e-01	   6.0374732000255737e-01	   5.0309678060618346e-01	   3.4353005416481458e-01	   3.4910873211696181e-01	   3.4876692310606594e-01	   5.5380562044397819e-01	   5.8440833487323407e-01	   2.6432943473278109e-01	   3.3291813045473367e-01	   4.7577661843779284e-01	   2.4726918123210245e-01	   4.6959449290191846e-01	   5.0220823803093495e-01	   6.8587502030036140e-01	   6.7692738515663509e-01	   4.2094315068259996e-01	   6.0827776850033710e-01	   6.3143396444651623e-01	   3.3830878136755721e-01	   7.1900320829240139e-01	   5.3089679789908839e-01	   7.3133617243842097e-01	   7.0569744732306872e-01	   4.3463448618450667e-01	   3.6998587387450554e-01	   6.3550164118057151e-01	   5.4778694550404217e-01	   6.3700050387707441e-01	   5.6759412652082597e-01	   7.9634936703700565e-01	   8.2610745580471001e-01	   1.1409563220200765e+00	   8.4295775944435603e-01	   1.0302869109605874e+00	   7.1900004428960418e-01	   9.1307203511131818e-01	   7.5905406128453590e-01	   7.5351128460934746e-01	   8.1386556768493257e-01	   9.5724371019173382e-01	   8.8904724255596990e-01	   6.3359152619115666e-01	   6.7683411406117366e-01	   8.2707579856443514e-01	   5.9017978488815614e-01	   5.2845466797399188e-01	   6.0512078396733870e-01	   6.5516014998883709e-01	   5.8658274002972621e-01	   5.3927269800966016e-01	   4.4028407789862456e-01	   3.2164667568798300e-01	   3.8981021493652585e-01	   1.1450386530626047e-01	   4.4601573007265558e-03	   4.5601908948406894e-01	   3.7476699784326051e-01	   7.5216145514727750e-01	   7.3641119834303448e-01	   4.0186068663421415e-01	   4.1254338089073067e-01	   6.2926883325365579e-01	   3.9275719667878833e-01	   3.8974910935102181e-01	   2.0014406677556157e-01	   2.0279449879875547e-01	   2.6397476253143282e-01	  -9.2663399782227339e-03	   3.4049616298078828e-01	   4.5991577261219729e-01	   5.4692713379002977e-01	   5.3352721540686276e-01	   4.2632218482802847e-01	   5.1903910952752708e-01	  -9.1784798481645391e-02	
