   0.0000000000000000e+00	   1.9288673759232990e+00	   1.0860376039877953e+00	   1.3466863022894862e+00	   4.4995823588092937e-01	   5.7034905809964742e-01	   1.2386868134986702e+00	   1.2093049616720477e+00	   5.4098627713346947e-01	   9.6970796658109593e-01	   1.2850334538492538e+00	   9.7477061260395703e-01	   1.0637007938605598e+00	   1.0964932995534540e+00	   8.8821391525198146e-01	   1.0886302975970674e+00	   1.1207571143613071e+00	   9.7897348536269169e-01	   1.2754096843402958e+00	   1.2762131711149169e+00	   3.9201877589774309e-01	   2.8263270385509581e-01	   9.6829269030343490e-01	   1.0623091458288827e+00	   5.8760078398699811e-01	   7.0555924195605069e-01	   6.3227437901157046e-01	   7.2920734784208152e-01	   6.2651825221630986e-01	   6.7432743804252060e-01	   6.8539663817598462e-01	   7.7454304510847960e-01	   1.0255745538556731e+00	   9.7418197945723206e-01	   3.1384368600258966e-01	   4.8686836732570471e-01	   4.5685573888064501e-01	   5.5321773970627219e-01	   5.8889463475588155e-01	   5.3891129775120006e-01	   5.9500677497646381e-01	   7.6816810908987909e-01	   6.5383270386761283e-01	   7.0031760013259914e-01	   4.7205188185134600e-01	   4.8005066871452318e-01	   6.5516105085572596e-01	   7.3140403659514164e-01	   5.2881110261278264e-01	   6.3438747509543025e-01	   8.0723464749494478e-01	   9.1991849164142736e-01	   8.3033695925074280e-01	   7.3645940394013520e-01	   8.3376565471293751e-01	   6.9772758719370609e-01	   1.6768727009805191e+00	   1.3436791174511251e+00	   1.1176226140783463e+00	   1.0298694971565068e+00	   1.4054440506475272e+00	   1.0212284297764167e+00	   9.6251491115744370e-01	   8.6224249506453565e-01	   7.3714045301708886e-01	   8.7024080847859842e-01	   7.2114284998023348e-01	   8.0295360936495563e-01	   8.9753703690039621e-01	   9.7236290130928760e-01	   8.4594892382357012e-01	   7.7412037394777033e-01	   1.0545187473149933e+00	   1.0987686507120946e+00	   1.0112576017713477e+00	   9.9554558896474676e-01	   1.2196382608916156e+00	   1.2287219675461871e+00	   8.6564849150030143e-01	   6.8493128743852416e-01	   1.2685896152713894e+00	   1.0285559573751017e+00	   5.2784805922826128e-01	   8.4868577717364335e-01	   8.9102393977535721e-01	   1.0646434187379115e+00	   2.3943101604535422e-01	   7.9452502113315582e-01	   1.0150213330433071e+00	   1.0574279687767221e+00	   5.0608000937158315e-01	   6.2851366222023053e-01	   7.6611750887319741e-01	   9.4059964718466826e-01	   3.0250236419949572e-01	   1.8880780547794482e-01	   6.2970090536368384e-01	   7.7186357975604314e-01	   6.8914047803040968e-01	   9.5586798117275384e-01	   5.9864948744239732e-01	   9.5112869646886966e-01	   8.9232267364465961e-02	   5.5187164809176592e-01	   2.2924060941052898e-02	  -3.2526349259450765e-01	   3.7094904591853350e-01	   4.0587154012076049e-01	  -1.0160660663812368e-01	   1.0429470775878950e-01	   6.2511283251365313e-01	   5.1532419958003217e-01	   7.4026992562205052e-01	   4.9337042920466512e-01	   1.4153674057821050e-01	  -3.1980902334049743e-01	
   1.9288673759232990e+00	   0.0000000000000000e+00	   1.1020836477498981e+00	   1.3994539864504796e+00	   3.9282586547130888e-01	   5.4366698017359849e-01	   1.1346055274577465e+00	   1.2514683321319444e+00	   4.9389380931341481e-01	   9.7815122423483480e-01	   1.0772183234632557e+00	   9.5950047129599592e-01	   9.2593113996945298e-01	   1.0766439633888183e+00	   8.5183869755044350e-01	   1.1036851016101821e+00	   1.0344395821447865e+00	   9.5089031175854988e-01	   1.1479732351059750e+00	   1.1819018115676474e+00	   3.9413163181433758e-01	   3.2866375261188302e-01	   1.0133420632309167e+00	   1.1309207508567731e+00	   5.8200103976944628e-01	   7.2173126745081795e-01	   5.8937043462502825e-01	   7.1527962649931420e-01	   5.4399232056761648e-01	   6.5632592646041532e-01	   7.1221970561688608e-01	   7.7333044124360606e-01	   9.9559722644533521e-01	   9.8329520331350995e-01	   2.9230222543912521e-01	   4.6371490036553159e-01	   5.0734070626648387e-01	   6.1569961300416831e-01	   5.5906850959535581e-01	   5.6849976949827541e-01	   6.4637699310313956e-01	   8.0125123762156791e-01	   5.7717827953844625e-01	   6.2349580569218666e-01	   3.8864495574637975e-01	   4.2033911892536097e-01	   6.2282002610514930e-01	   6.9025223446228801e-01	   4.9312622722595700e-01	   6.0018074348121508e-01	   7.9251192107831003e-01	   9.1498096163961984e-01	   8.4986527623257735e-01	   7.9577289077761759e-01	   8.2343162491017641e-01	   6.5250326630420141e-01	   1.7273511105640726e+00	   1.4957086956960284e+00	   1.0049047467241803e+00	   1.0528318702827952e+00	   1.2447839245238879e+00	   1.1254616355139824e+00	   7.8790577106259252e-01	   8.0985083437292893e-01	   8.4472212092436061e-01	   9.4323622681552677e-01	   7.1535877972340556e-01	   8.2691855775552536e-01	   8.4021181980616511e-01	   9.6554714343413595e-01	   7.3222874202139887e-01	   6.7369420816509218e-01	   1.0607376281097256e+00	   1.0838977746522573e+00	   1.0014335029171115e+00	   1.0428303147179649e+00	   1.1993080757908277e+00	   1.2567063227086206e+00	   8.7230855648932182e-01	   6.6324177015299179e-01	   1.2730978104464821e+00	   1.0765419302443147e+00	   4.9795845786699533e-01	   9.0128056378301258e-01	   9.9887749518192992e-01	   1.0997516482524732e+00	   2.0417053799496312e-01	   7.6563342866600248e-01	   9.5121108190528991e-01	   1.0868595739973521e+00	   5.4627227008610613e-01	   6.4658023011478571e-01	   8.1227322188578310e-01	   8.8914131861105106e-01	   3.0127358842038499e-01	   2.5004422301449569e-01	   6.4255342144581129e-01	   7.4556863981847532e-01	   7.2466142178099557e-01	   8.8812140837473752e-01	   6.1350721334349356e-01	   8.7457246460280669e-01	   1.2957580731952556e-01	   5.6372833012614976e-01	   2.8204468709684245e-02	  -3.5917231353781659e-01	   3.9351626090319225e-01	   3.8110826777148854e-01	  -3.6598798739845118e-02	   1.6143497155065983e-01	   5.9223410347144467e-01	   4.6201245547325981e-01	   6.2566558482509138e-01	   4.8957891588844549e-01	   1.2588630286297500e-01	  -3.4903681590993690e-01	
   1.0860376039877953e+00	   1.1020836477498981e+00	   0.0000000000000000e+00	   1.2224142536027731e+00	   6.2739557184772932e-01	   7.8800302820299706e-01	   1.4598060775632467e+00	   1.0287031642698328e+00	   5.8072658343875916e-01	   1.1172717449100598e+00	   8.5169107690167956e-01	   7.5582984211402582e-01	   8.9947527365711799e-01	   7.5195590037687576e-01	   1.0687140410070015e+00	   9.5367332202511690e-01	   1.0152475027266274e+00	   8.9092427578748490e-01	   1.2084905970212827e+00	   1.3014736461270118e+00	   5.0825952741309488e-01	   3.8734653611210718e-01	   1.7630359417428634e+00	   1.2408900906488896e+00	   1.0691766429478640e+00	   1.1726550263593396e+00	   9.8998740451569844e-01	   9.8697325193970586e-01	   6.8092329208944491e-01	   6.8252173438514219e-01	   1.3839163406382871e+00	   1.2416425829515110e+00	   1.3699215193830174e+00	   1.1450910458473353e+00	   6.2542550012693821e-01	   7.5951454534932283e-01	   5.1280573919984129e-01	   4.9397032869603069e-01	   5.5514139144815233e-01	   4.9442682078647060e-01	   5.8634897058805358e-01	   6.6529303784507399e-01	   8.6875592430829052e-01	   8.9842536579367804e-01	   7.0991987667387024e-01	   7.2635644801049803e-01	   8.9045602945809021e-01	   9.9840099553244688e-01	   7.6131933888752445e-01	   8.6136507970840248e-01	   8.5981696186134182e-01	   7.0497188430523816e-01	   9.9649208041187420e-01	   1.0109844700826531e+00	   8.3529314308506730e-01	   7.3946580069387546e-01	   1.0422219044782453e+00	   1.0602590625919530e+00	   8.6499410998699777e-01	   7.1002034276870862e-01	   1.1185592546266470e+00	   8.4161929797034729e-01	   6.1784111832615030e-01	   5.6916476376761382e-01	   1.1103740273000926e+00	   6.9888912643461365e-01	   1.0779928196830406e+00	   8.5783026547871677e-01	   1.1630972546309073e+00	   1.0738219599374463e+00	   8.0394442872079308e-01	   7.1823750263175457e-01	   7.7335829367215014e-01	   7.6582433964270591e-01	   7.0139369023459930e-01	   7.3060243070348108e-01	   1.0140436370344974e+00	   9.3411688306997254e-01	   6.8069745139151894e-01	   7.4685850620495420e-01	   1.1871479149531770e+00	   1.0621504842574907e+00	   5.8512905703322760e-01	   9.0379562906541955e-01	   1.2817947684012381e+00	   9.4644220326766870e-01	   1.7232566476910391e-01	   7.2106966552356677e-01	   9.0613466340243487e-01	   9.2546590081798064e-01	   8.3748797125238461e-01	   9.8019411899516806e-01	   9.8117914762256464e-01	   1.0125636357027277e+00	   4.3614633033600436e-01	   3.9226640293053383e-01	   6.7002450706858574e-01	   8.1804546542109602e-01	   8.2432396036481748e-01	   8.6115161933688134e-01	   7.6678238223713358e-01	   9.5587177841071613e-01	   1.9665439794360631e-01	   7.8587870228197665e-01	   1.0281644913596620e-01	  -2.8176162316721987e-01	   4.8547093504372096e-01	   5.8706073719768526e-01	   6.3781198053931357e-02	   2.5388190678616424e-01	   7.6773249156802725e-01	   4.8466941318660250e-01	   7.4366305266787280e-01	   6.9662971145314023e-01	   2.2274857199259218e-01	  -2.6804895027539610e-01	
   1.3466863022894862e+00	   1.3994539864504796e+00	   1.2224142536027731e+00	   0.0000000000000000e+00	   3.7567347261301282e-01	   8.0973710024802115e-01	   1.1822044722418337e+00	   1.7025898344586410e+00	   4.3421604048403228e-01	   1.3971280768561121e+00	   9.1576147715880873e-01	   1.1036075215655301e+00	   7.6140896113561263e-01	   1.1225788415303424e+00	   8.9876979814553271e-01	   1.3088480194938696e+00	   9.1993463958593191e-01	   8.1636937684687449e-01	   1.1118314708985251e+00	   1.2818029692745028e+00	   3.8807220598932679e-01	   3.6574528765239900e-01	   1.0622713662187941e+00	   1.4982452121967755e+00	   6.1620781368459476e-01	   9.1892345024934818e-01	   7.0563851795612043e-01	   1.0125687927038181e+00	   5.1304674887932600e-01	   6.5416008287762994e-01	   8.1943962427033923e-01	   9.6512874067109800e-01	   1.0006874905594216e+00	   1.1291538040118867e+00	   2.9865420741924448e-01	   5.3058789967659026e-01	   2.9863148729736239e-01	   4.3872518876295130e-01	   3.8700479344249661e-01	   4.5018879359680547e-01	   4.2465727931228237e-01	   8.0920282271339994e-01	   5.8869758589216803e-01	   6.1343612878061693e-01	   4.5270092050317656e-01	   4.6724200354512746e-01	   6.0668275405889172e-01	   7.0092057555735920e-01	   5.8046377657355785e-01	   7.2870173869709609e-01	   8.4131651880075431e-01	   9.8533799030504610e-01	   9.3045842926471234e-01	   8.8848563126146596e-01	   7.2158794291842143e-01	   6.1327950681237731e-01	   1.1477013086342149e+00	   1.1245758900906038e+00	   8.3245170445407712e-01	   1.1607221964743533e+00	   1.1015426017677401e+00	   1.3848598307851605e+00	   7.8218621112750153e-01	   8.4560867224430369e-01	   8.7132963286792986e-01	   1.2701783886983833e+00	   7.8624380386558079e-01	   1.1012222150438562e+00	   9.1083733364570718e-01	   1.0239109209439132e+00	   8.2915439820836923e-01	   8.1547902307462516e-01	   8.9301795245983662e-01	   1.0275039750721566e+00	   7.9850095139565080e-01	   9.7252223353475609e-01	   9.5255342191702186e-01	   9.1859736635956091e-01	   7.0745388111731455e-01	   5.6664467177732114e-01	   1.2226969353238364e+00	   1.2651327249298780e+00	   4.9939892507016659e-01	   1.0461127630783431e+00	   1.0884076694299685e+00	   1.1715140298854423e+00	   1.3574188803776441e-01	   6.9878557667957597e-01	   8.2096975467314315e-01	   1.0027464110060487e+00	   6.7696159832227831e-01	   6.6426499248710802e-01	   9.4894129626458446e-01	   7.8265332074462257e-01	   2.5165631938802457e-01	   2.0832323805072697e-01	   5.5779501372779583e-01	   7.1430627170346506e-01	   7.9368774133961062e-01	   7.8192453959950736e-01	   6.2818083869959429e-01	   7.5509408555129387e-01	   2.0720322793464993e-01	   6.9160801002993988e-01	   1.2261153472392591e-01	  -4.6008027317504574e-01	   4.3999613507930285e-01	   5.3212351216806364e-01	  -9.7449001239092989e-02	   5.8344136729591677e-02	   5.3519651853738370e-01	   4.2922046664668995e-01	   6.6002002277509009e-01	   4.3140754838227802e-01	   5.1315710360714584e-02	  -3.9177055005500200e-01	
   4.4995823588092937e-01	   3.9282586547130888e-01	   6.2739557184772932e-01	   3.7567347261301282e-01	   0.0000000000000000e+00	   3.8594710078750233e-01	   7.0490015991268995e-01	   4.6380522825720538e-01	   1.4802057687133976e+00	   5.3941844505633574e-01	   5.2162025028995074e-01	   3.9429521764723452e-01	   6.2098841544615790e-01	   4.1405334424035872e-01	   1.0409536461834705e+00	   4.3102761837454495e-01	   5.5316945696343223e-01	   5.9840176723313043e-01	   4.7340439109690013e-01	   4.8313567413050273e-01	   2.8408775319944735e-01	   2.0442539488896516e-01	   6.6060182626647501e-01	   5.0015190871369630e-01	   5.6508982566716837e-01	   5.4404161900977732e-01	   8.4595729443452883e-01	   3.6831639650966985e-01	   5.3432067983930409e-01	   3.5747037188061903e-01	   5.5803018143257055e-01	   6.0840446029810524e-01	   6.5428952017119313e-01	   6.1070052702684285e-01	   5.7940946670125393e-01	   5.8431076121968650e-01	   3.1534952156661561e-01	   2.2082085196006385e-01	   6.1135806147223315e-01	   3.4712164023550562e-01	   3.1292612082459004e-01	   3.8367672051679175e-01	   8.3100435556530328e-01	   7.7736868608856102e-01	   7.9413082171022664e-01	   8.6726165840400893e-01	   6.9318477748347795e-01	   6.7783623079113731e-01	   7.6616325432695587e-01	   8.4010060921446628e-01	   6.1423911312549140e-01	   5.1406826445694664e-01	   5.8120693861012784e-01	   6.3638326404663803e-01	   6.7979617120578550e-01	   5.6541942436941195e-01	   4.0832024686575707e-01	   3.6144146888714584e-01	   7.2352317173349368e-01	   4.2958235463856331e-01	   6.5128565405211236e-01	   3.6348922558597069e-01	   3.9345150532396195e-01	   3.6304906706432361e-01	   4.1001663708157693e-01	   2.7912521661101752e-01	   6.5444235507582560e-01	   4.2063458103232126e-01	   5.7937918334398686e-01	   4.0008383715407597e-01	   5.5049441327749371e-01	   4.6149529298661968e-01	   4.9694582179004188e-01	   4.1224086045353459e-01	   3.9568080636020719e-01	   2.9530696562193270e-01	   5.2780817262760027e-01	   4.7272341337181256e-01	   4.5066368853349259e-01	   7.0099887289330121e-01	   5.4303598652512020e-01	   4.2970299352466351e-01	   1.2346010549286590e+00	   3.4956594970317023e-01	   5.6049674083128009e-01	   4.2138533772274700e-01	   8.9799738806787555e-01	   6.8245962063038923e-01	   8.8671529445408459e-01	   5.7142342481125263e-01	   5.3477519900016746e-01	   6.6811240150186324e-01	   5.7360005160861705e-01	   5.6051965472626564e-01	   4.2773344465655655e-01	   2.6905935769561734e-01	   4.7040101740339524e-01	   5.2692701236551098e-01	   4.6511426931705846e-01	   6.7355900221936493e-01	   4.5430388267877470e-01	   6.0305489108754395e-01	  -5.0465155262744466e-01	   3.7671864571461233e-01	  -5.2867308627838006e-01	  -1.3455759819581981e-01	   3.4855860243494391e-01	   4.2443908900494404e-01	   4.2048412403607224e-02	   1.8218108631704402e-01	   3.8764803168301765e-01	   3.4442461571304239e-01	   5.0531046646553024e-01	   3.8936009236954411e-01	   4.8737468642137745e-02	  -9.9421205176022681e-02	
   5.7034905809964742e-01	   5.4366698017359849e-01	   7.8800302820299706e-01	   8.0973710024802115e-01	   3.8594710078750233e-01	   0.0000000000000000e+00	   7.4961886742891348e-01	   6.9992977352263031e-01	   1.7878637447531795e-01	   1.0500096470704123e+00	   4.9630299479748280e-01	   5.1410200536218920e-01	   5.3632149458173517e-01	   4.5823697330814650e-01	   5.6056050911391453e-01	   6.9891806389394584e-01	   5.4326063689909887e-01	   5.7281297163765088e-01	   7.2792119714755232e-01	   8.1449985731283436e-01	   7.5220299667033308e-01	   4.6939060330836885e-01	   7.5434391200763895e-01	   7.2533936577848601e-01	   8.8809508978957497e-01	   1.0092053224939117e+00	   7.6288310616619692e-01	   1.2672417227890451e+00	   4.5311831519853224e-01	   5.9687537709890404e-01	   7.1462916338395344e-01	   7.4231722665954258e-01	   9.1664761242771720e-01	   8.5528367929297011e-01	   6.8706841204490943e-01	   8.4705612345657433e-01	   1.5291733651904557e-01	   1.3326596595755014e-01	   2.2396137560619336e-01	   2.5555323051601420e-01	   2.6829495210943261e-01	   5.2552076478573695e-01	   7.1858143312266942e-01	   6.9488020497854297e-01	   7.4025356421852073e-01	   6.6198986114082847e-01	   6.2048641236999036e-01	   7.2396807319727052e-01	   6.5138028791100366e-01	   7.8017347807148374e-01	   4.8604824694267856e-01	   4.3812224487929124e-01	   5.7675275272424631e-01	   6.1107174090619210e-01	   3.0727066455450663e-01	   4.2591224490769986e-01	   4.9351607453323076e-01	   4.8095019839037312e-01	   5.3163374322432899e-01	   5.4831983223757064e-01	   6.1450965851639228e-01	   5.3206753278766206e-01	   3.4927691774228214e-01	   3.5831710490188695e-01	   5.1008277375704159e-01	   5.0656116523579509e-01	   9.1307616006068937e-01	   9.0187699781543507e-01	   1.0538907575005343e+00	   8.6021362751581798e-01	   7.0840942432645004e-01	   6.5146601561936446e-01	   3.5426950632484189e-01	   4.5951299389524847e-01	   2.5461378898392911e-01	   3.4853717908039389e-01	   5.2886569936459749e-01	   3.9355497665267153e-01	   3.7913523554811962e-01	   3.9276552397677450e-01	   6.5817042406572701e-01	   5.8695733962525787e-01	   2.1130915996338989e-01	   6.6299893553181044e-01	   5.2657528043586099e-01	   3.9180538003848409e-01	  -1.8956464008561597e-01	   3.4124461380870380e-01	   3.1213701614418793e-01	   4.2164603207760443e-01	   6.8098368485625893e-01	   5.8057829163291363e-01	   6.6382091298629842e-01	   6.1430261935475761e-01	   4.6673601241713758e-01	   3.2332769102709613e-01	   5.8784589458233072e-01	   5.2657487145273252e-01	   6.1266916632067259e-01	   4.2061063776218521e-01	   7.1536159545973776e-01	   5.8891265429767270e-01	   5.2939689229970022e-01	   6.4693577741539188e-01	   5.0726796855479273e-01	  -1.9773632023417972e-01	   7.1614162941991288e-01	   8.8870250717104082e-01	   1.1789146064975609e-01	   1.0861063829972319e-01	   5.3670619157708632e-01	   3.7547170138500480e-01	   5.1413692485917217e-01	   5.5317974076386245e-01	   1.9419419336686861e-01	  -6.5386043320880563e-02	
   1.2386868134986702e+00	   1.1346055274577465e+00	   1.4598060775632467e+00	   1.1822044722418337e+00	   7.0490015991268995e-01	   7.4961886742891348e-01	   0.0000000000000000e+00	   1.2926825671103357e+00	   6.9189649621205518e-01	   1.2384762469819686e+00	   1.3549187554091897e+00	   9.6758383927265523e-01	   1.4061099998249034e+00	   9.0832569862566148e-01	   1.2550345754433461e+00	   1.0511283058831544e+00	   1.2826651045824571e+00	   1.1226339783501242e+00	   1.2257745285959118e+00	   1.2135641397580859e+00	   4.5943659063487696e-01	   2.5816350507606312e-01	   1.5120563454898188e+00	   1.1918416882744387e+00	   8.4478482145211831e-01	   8.3566145300237782e-01	   7.9165091496558138e-01	   7.8597455615731981e-01	   9.3010582122101393e-01	   8.0094192258530694e-01	   9.4959706889182027e-01	   1.0086477090085395e+00	   1.4072193378857829e+00	   1.1807731790292477e+00	   5.8281204496411598e-01	   8.0752651031802847e-01	   5.1416375677226078e-01	   4.9284232841000025e-01	   6.2403261703562141e-01	   5.5579237324473640e-01	   6.4800207292505019e-01	   7.3793972012518994e-01	   1.0587442089105641e+00	   1.0799302471394099e+00	   7.9516148918656104e-01	   8.7711353745093401e-01	   1.0919295133889173e+00	   1.1603399150953240e+00	   8.8504077983287921e-01	   1.0243492666160985e+00	   9.1066226554101015e-01	   7.7809208125315599e-01	   1.0803836380799425e+00	   9.3400106169816544e-01	   9.2120447166740194e-01	   8.8144656062119364e-01	   1.0555494941705583e+00	   1.0051393886377178e+00	   1.1399761519709350e+00	   8.4952328121909348e-01	   1.5033532577765747e+00	   9.8067883371739173e-01	   9.1721154032904684e-01	   7.4900989254059713e-01	   8.2010154252393908e-01	   6.9178049411066245e-01	   9.1442862617914589e-01	   7.6570730401727782e-01	   1.1390397476999241e+00	   1.0082637779049024e+00	   9.9184463829988900e-01	   8.6567776794204876e-01	   9.7451743351945697e-01	   9.4837196007639968e-01	   8.1100132397692837e-01	   8.2215855476307820e-01	   1.1395468139773715e+00	   1.0430061718944510e+00	   8.8518853611801862e-01	   8.8092414043968004e-01	   1.2951422778560220e+00	   9.0171744585274982e-01	   5.9990071647735199e-01	   7.7871778390812452e-01	   9.8238514108990804e-01	   8.1748207035934017e-01	   2.0568707979332004e-01	   6.4497453501341040e-01	   1.1188097485069777e+00	   1.0432944021889730e+00	   8.4237125464171636e-01	   1.0763444395380275e+00	   1.1042444918778731e+00	   1.4243188007283623e+00	   3.7708561629723336e-01	   3.5603019862123492e-01	   7.2397191225349433e-01	   9.6050617940149019e-01	   8.8604407634250060e-01	   1.1359558591919652e+00	   8.5432876953331649e-01	   1.1566365427323189e+00	   1.3203344376790191e-01	   8.1572643016105961e-01	   6.1772370872915004e-02	  -2.2543321888003756e-01	   4.2542715106643125e-01	   5.4148226374904573e-01	   4.7093573413912508e-02	   2.2668774580545586e-01	   8.8556059399490183e-01	   6.6379166246419896e-01	   9.3265768228415569e-01	   6.1737528223741678e-01	   1.9551289117870227e-01	  -2.6357114751390315e-01	
   1.2093049616720477e+00	   1.2514683321319444e+00	   1.0287031642698328e+00	   1.7025898344586410e+00	   4.6380522825720538e-01	   6.9992977352263031e-01	   1.2926825671103357e+00	   0.0000000000000000e+00	   5.1222343989903596e-01	   1.4668266770415872e+00	   1.0258972006322957e+00	   1.3581898981841567e+00	   8.2807739511259126e-01	   1.1688037256811472e+00	   9.7816205051807148e-01	   1.3036145113781885e+00	   1.0109131882077307e+00	   9.6690468078101022e-01	   1.0612946782295456e+00	   1.1345427871946658e+00	   2.9856050883398111e-01	   2.0949125301787147e-01	   1.0636482856218641e+00	   1.3290898674832194e+00	   5.0717395574654955e-01	   7.0354902444423328e-01	   5.7892418983623528e-01	   7.1794479196739991e-01	   6.8232114888712048e-01	   7.6214061102113784e-01	   7.7307667925881096e-01	   9.7978570869020076e-01	   9.8649769378387731e-01	   1.2127616135090749e+00	   2.6330397145976675e-01	   5.2719996109405476e-01	   2.9311252569757856e-01	   4.4962491130379961e-01	   3.9834293301659596e-01	   4.4328916108857358e-01	   4.8367904886966129e-01	   7.9312347058529264e-01	   6.6347098351993306e-01	   6.9040191896700109e-01	   5.2252900176954797e-01	   5.6963755467304966e-01	   7.0795989794663106e-01	   7.5955045021362011e-01	   6.9133613386903747e-01	   8.4848814418591578e-01	   8.3279958594118586e-01	   9.8077895443125562e-01	   9.3732331554777892e-01	   8.6366894688902651e-01	   7.3487370913817907e-01	   6.6090213742019932e-01	   1.0549049029714503e+00	   1.0111068254290991e+00	   8.7871692771167464e-01	   1.2715629149419032e+00	   1.1077834412114913e+00	   1.6286408365678415e+00	   8.8137200581088249e-01	   9.8299776827679508e-01	   7.2069035261373116e-01	   1.1586463729597354e+00	   6.4763744507009269e-01	   9.2707139782342851e-01	   8.3452434022173749e-01	   8.8038461633810017e-01	   8.5842032172419569e-01	   8.3639271770620727e-01	   1.0365893269120023e+00	   1.1711215916584863e+00	   8.5356370449105756e-01	   1.0045038824339207e+00	   9.3852114380554919e-01	   9.2968613894475505e-01	   8.0233085891397471e-01	   7.0074010529221453e-01	   1.2987230924379898e+00	   1.1094525640387265e+00	   5.6298642446428682e-01	   9.1600368778225516e-01	   1.0205539715758678e+00	   9.9833865009278722e-01	   2.0620496543760677e-01	   6.8938457932477037e-01	   8.6575335842400214e-01	   1.0651033986718421e+00	   7.0195662038417517e-01	   6.5447895556357893e-01	   1.0418260906231147e+00	   8.3081659007200681e-01	   1.9273494480824882e-01	   1.9568863175259169e-01	   4.9977888147972982e-01	   7.6135286870955132e-01	   7.7304659766448081e-01	   8.3586568733207034e-01	   6.3908470099464121e-01	   7.7754115920163613e-01	   1.2116264615364640e-01	   6.9430686981201595e-01	   2.8293788771928743e-02	  -4.0735624171837093e-01	   3.5183283331367854e-01	   4.5582631029399756e-01	  -7.2336253761992139e-02	   5.6870743220523129e-02	   5.0960366388339029e-01	   5.2060164563222677e-01	   7.2096411144048178e-01	   3.5606236031139804e-01	   3.5225464714678495e-02	  -4.2039246665406338e-01	
   5.4098627713346947e-01	   4.9389380931341481e-01	   5.8072658343875916e-01	   4.3421604048403228e-01	   1.4802057687133976e+00	   1.7878637447531795e-01	   6.9189649621205518e-01	   5.1222343989903596e-01	   0.0000000000000000e+00	   5.0687869693586918e-01	   6.3846708564237797e-01	   4.3567702155378685e-01	   7.0647616338210151e-01	   5.2934866407251013e-01	   1.1159463930923752e+00	   4.4097491193193494e-01	   4.8391193460371684e-01	   4.9751180836653308e-01	   3.7792247678481117e-01	   3.9971328868187139e-01	   1.2270047378938966e-01	   1.3047832029818543e-01	   5.8372321421260021e-01	   5.8636176820967789e-01	   3.5543633838563027e-01	   4.3098070381412856e-01	   6.8390932184703390e-01	   2.7856603742936437e-01	   3.8621846448725272e-01	   2.0467676223369313e-01	   3.7002281538558923e-01	   4.7268122072585289e-01	   4.7686654870490447e-01	   4.4229582772443271e-01	   3.4501732318496597e-01	   3.5692262086733012e-01	   2.7759865951514529e-01	   2.6952602825285399e-01	   6.0686442463384749e-01	   3.6247188414464782e-01	   2.6448932887187138e-01	   3.3621180254165028e-01	   6.2803076054438467e-01	   5.9595521684322972e-01	   5.7014459248597305e-01	   6.5349948052653617e-01	   5.3749493866935194e-01	   5.1966497127584965e-01	   6.2946595353117674e-01	   6.6448146476777448e-01	   6.2192838477038870e-01	   6.0483059578400544e-01	   6.2608392183981842e-01	   6.4542893895893005e-01	   6.9584641761997323e-01	   4.7283488939662477e-01	   4.7077764357543544e-01	   4.1808737220608622e-01	   6.8810866343893795e-01	   4.7281533082811705e-01	   7.1874142410861808e-01	   4.8984924057107060e-01	   3.9439535663051029e-01	   3.7484200289923647e-01	   4.7164367452060380e-01	   3.7770603716760892e-01	   4.7817223181854790e-01	   3.0629349997088279e-01	   4.4296402277753777e-01	   3.3574945942730899e-01	   4.2552022666578482e-01	   4.2369395110494840e-01	   5.1047936053228171e-01	   4.1241886217581747e-01	   4.1748274511556688e-01	   3.3357685452116859e-01	   4.6308014872113751e-01	   4.9282821434358304e-01	   4.1743333244221525e-01	   6.2581601022180688e-01	   5.2194090904388757e-01	   4.2112255453448139e-01	   1.3787421196148302e+00	   3.0838280394401268e-01	   6.1101568019404895e-01	   5.4517362944066883e-01	   1.1910395379288770e+00	   7.5261647106353380e-01	   1.1370953442371945e+00	   7.2395864627603301e-01	   3.9414799947123080e-01	   5.7814797732227285e-01	   5.4170381947958246e-01	   5.1345502382724906e-01	   3.0474820359860283e-01	   1.8885023150211885e-01	   3.4291660530131174e-01	   4.5583521398603916e-01	   3.0150352608556880e-01	   6.4746791534331749e-01	   2.8690272845631459e-01	   5.3728328580094042e-01	  -7.2902583814403021e-01	   2.3709631206163923e-01	  -7.7881724381452377e-01	  -1.9793006455538320e-01	   2.0256612789990383e-01	   3.1151534814348358e-01	   5.1556088831927705e-03	   1.9363539220395026e-01	   2.7112723148109519e-01	   2.1472006720493597e-01	   4.1039552105293509e-01	   2.4872550515019820e-01	  -8.5473513696421016e-03	  -1.8729887710893484e-01	
   9.6970796658109593e-01	   9.7815122423483480e-01	   1.1172717449100598e+00	   1.3971280768561121e+00	   5.3941844505633574e-01	   1.0500096470704123e+00	   1.2384762469819686e+00	   1.4668266770415872e+00	   5.0687869693586918e-01	   0.0000000000000000e+00	   8.5140999608983081e-01	   8.4556838196923967e-01	   8.0310872702246694e-01	   8.1878272270386110e-01	   1.0127751545537556e+00	   1.0670030454871569e+00	   7.7911539879924541e-01	   8.0816801257742843e-01	   9.5427989785903355e-01	   9.7756190255017050e-01	   4.4483890509582480e-01	   2.8077866251855604e-01	   1.0744873591442690e+00	   1.1668277668217093e+00	   7.9296679981188134e-01	   9.4961988894175564e-01	   7.9070640429414096e-01	   9.7734112163526643e-01	   5.6465594447429934e-01	   6.1185298312484870e-01	   8.8128229407353498e-01	   9.8121839611052108e-01	   1.0729671500623588e+00	   1.0532945110759464e+00	   5.0638137356933233e-01	   6.9366180445261694e-01	   2.3507889092898482e-01	   2.9917206920332301e-01	   3.5011637641610960e-01	   3.5772261084601520e-01	   3.9988673758366000e-01	   6.5135949815362093e-01	   7.9281914015109178e-01	   8.1666151654801877e-01	   7.0544559362777548e-01	   7.2872474173113677e-01	   7.8431911941588339e-01	   8.9111630317396806e-01	   7.6590654561113047e-01	   9.8499275880218640e-01	   8.2209847307985906e-01	   8.5852202680475265e-01	   1.0098827923975688e+00	   9.3915737012827305e-01	   6.1587268311195842e-01	   6.3825872720201704e-01	   8.4936120091304801e-01	   8.0670076855496209e-01	   8.4101226134818052e-01	   1.0573495968343427e+00	   1.0832780085749336e+00	   1.1476512365718343e+00	   6.3172667549385952e-01	   6.4574261162285562e-01	   8.4225251793261036e-01	   9.2428288944796155e-01	   9.1984761647868718e-01	   1.0230085308018175e+00	   9.6564649330520214e-01	   9.4835417686178092e-01	   8.1689153056622499e-01	   7.9144466865711416e-01	   6.5323800785960384e-01	   7.4883037970472455e-01	   5.2367585828929175e-01	   6.0985719863532695e-01	   8.2926199863895989e-01	   7.7232383113487868e-01	   6.0954154108666003e-01	   6.2302850467367077e-01	   1.0147385325921843e+00	   8.9801418650313536e-01	   4.8399559767727340e-01	   8.2710394074049098e-01	   9.6364988451839562e-01	   7.7373065449640754e-01	   9.3610403846203824e-02	   5.7521923136043318e-01	   7.6361544479481114e-01	   9.1924852233361320e-01	   8.6261416179769135e-01	   7.8308172838870438e-01	   1.0965598951474431e+00	   8.7157600165615312e-01	   3.1910896789444965e-01	   2.0906729861846798e-01	   5.5343524252392806e-01	   7.3756785664452496e-01	   7.3293365931554255e-01	   7.4354746885497003e-01	   7.3676669706426101e-01	   7.5246464119903189e-01	   2.4625857062308498e-01	   6.4963026432684468e-01	   1.4993926524137507e-01	  -3.6395877999589349e-01	   5.5183407086071334e-01	   6.1646312993821695e-01	  -3.7127096716316102e-02	   6.0773310740063355e-02	   5.6040845535208172e-01	   5.1669390103420310e-01	   7.2214828279060117e-01	   5.3823478550367465e-01	   1.2561646878938446e-01	  -2.8854709693736397e-01	
   1.2850334538492538e+00	   1.0772183234632557e+00	   8.5169107690167956e-01	   9.1576147715880873e-01	   5.2162025028995074e-01	   4.9630299479748280e-01	   1.3549187554091897e+00	   1.0258972006322957e+00	   6.3846708564237797e-01	   8.5140999608983081e-01	   0.0000000000000000e+00	   9.5651147852700458e-01	   1.5860015694853777e+00	   9.6103402685141415e-01	   9.8233487167925804e-01	   9.0032539529013533e-01	   1.1100015604198314e+00	   8.5434688288278848e-01	   9.3917080847589252e-01	   9.0588064402811641e-01	   2.8652787609432434e-01	   1.0670859409748208e-01	   9.1851349481892508e-01	   8.8575931648294370e-01	   4.4486598542837774e-01	   4.9810402320218272e-01	   5.0661852782832784e-01	   5.0581629838867903e-01	   7.8304858527451104e-01	   5.9616232803993097e-01	   5.2855490474250055e-01	   6.4152085455674568e-01	   9.4876180626507312e-01	   8.3740892636675857e-01	   3.6208742489516860e-01	   5.4532152784751542e-01	   3.7272165953669062e-01	   3.8772362830637414e-01	   6.1469924570371925e-01	   4.5785750895656657e-01	   5.5050235605912889e-01	   6.3723255908827092e-01	   7.2714212813631929e-01	   7.6043763250858654e-01	   5.3962291834309561e-01	   5.8903416739706627e-01	   7.1591428707054972e-01	   6.9915405932425634e-01	   6.0968865120935034e-01	   6.7829108982279240e-01	   7.1172744070406235e-01	   7.1020031082328916e-01	   7.6741213286655274e-01	   5.7293915761046033e-01	   7.1641259167050020e-01	   5.9539441926651171e-01	   9.1057875293242652e-01	   7.8630451272768254e-01	   1.0474771272259331e+00	   7.8478193209653802e-01	   1.5077373501165432e+00	   8.8391073324959446e-01	   1.0313830428137682e+00	   7.5845844005408336e-01	   5.5318630561216176e-01	   6.0320098237845776e-01	   5.6187558739632171e-01	   5.2530762950013887e-01	   7.4326825616197068e-01	   6.8891803096852511e-01	   7.6156817674550359e-01	   7.4964040545508703e-01	   1.0361878155797579e+00	   9.8440718700641761e-01	   9.4824216816777362e-01	   8.5397118313692144e-01	   9.4908879179093442e-01	   9.1759554304468338e-01	   8.1584721801200610e-01	   6.9290381940776247e-01	   9.9263967047625190e-01	   6.1809168477720267e-01	   4.9405875773421698e-01	   5.3076628738604215e-01	   6.6011546198959503e-01	   6.7878243817900263e-01	   2.6158458184608191e-01	   6.3049543335030478e-01	   1.0655395637383707e+00	   8.7425555384900722e-01	   4.4250108456818238e-01	   6.4726010999755790e-01	   6.2452156891788568e-01	   1.0080180824430045e+00	   2.9380195296153649e-01	   2.0986121410362760e-01	   5.6044378015676655e-01	   6.9130266420583708e-01	   5.1780112508423071e-01	   8.7679847502579578e-01	   5.0625113368377184e-01	   8.7516200356337071e-01	  -3.1697055060038985e-04	   5.1659052947739292e-01	  -4.5356419596033468e-02	  -2.4096104358732046e-01	   2.2040334888077043e-01	   4.2511322960397580e-01	  -6.3048163235915014e-02	   1.1968717365399797e-01	   5.7819854998827336e-01	   4.7774953364727601e-01	   7.0915519163194896e-01	   4.3798413910042983e-01	   2.1972727612217829e-01	  -3.0344761017670102e-01	
   9.7477061260395703e-01	   9.5950047129599592e-01	   7.5582984211402582e-01	   1.1036075215655301e+00	   3.9429521764723452e-01	   5.1410200536218920e-01	   9.6758383927265523e-01	   1.3581898981841567e+00	   4.3567702155378685e-01	   8.4556838196923967e-01	   9.5651147852700458e-01	   0.0000000000000000e+00	   7.8951664845466385e-01	   1.4578532828832027e+00	   8.3378150098771475e-01	   1.2240349493227562e+00	   1.0455331088349042e+00	   9.8932074094078137e-01	   9.5062090854428238e-01	   1.0766492955466300e+00	   1.9038422682514392e-01	   2.1050273305799519e-01	   8.4852928742185130e-01	   1.1460798639362941e+00	   3.1053560001044217e-01	   4.7294769708623013e-01	   4.0997751235802982e-01	   4.9620653939628645e-01	   7.9505096320141688e-01	   9.3928548992805372e-01	   5.7699106477452644e-01	   7.7716750767801090e-01	   7.2298389155220000e-01	   9.8317208398201850e-01	   7.6918704440649868e-02	   3.8208636029376081e-01	   2.3001013704129175e-01	   4.0076821164161830e-01	   3.6758881119554898e-01	   4.2951468856813924e-01	   3.5876693580559721e-01	   6.8487678991672163e-01	   5.8706615816067309e-01	   5.9461314726160486e-01	   4.4630621304043105e-01	   4.6024793290128563e-01	   6.1623708219577811e-01	   6.3588634920646103e-01	   6.1966326242438730e-01	   6.9590235288392199e-01	   7.7458641586332566e-01	   9.4171684126121014e-01	   7.6662970797304597e-01	   7.2509238470329118e-01	   7.3923726133639811e-01	   6.3383662603090729e-01	   8.0724772297255121e-01	   8.1110330184897106e-01	   7.4876230099545038e-01	   8.9171313433829780e-01	   8.4780552631624151e-01	   1.0981206230221314e+00	   1.0084375561471044e+00	   1.2306531047206208e+00	   4.7807323508481514e-01	   9.1525613141291950e-01	   3.7181772179222794e-01	   6.0154240881854126e-01	   6.5798962903524372e-01	   6.4945830188684961e-01	   8.1532148580794195e-01	   8.0483372523468177e-01	   1.1891325987221575e+00	   1.1678924146756891e+00	   8.9068345189176856e-01	   1.0187192672970513e+00	   7.8382961233854997e-01	   8.0605612559389139e-01	   8.5665170525187817e-01	   6.8746948409187203e-01	   1.1239859013287461e+00	   9.5151855137510211e-01	   5.4448205884452405e-01	   8.5171010329700048e-01	   7.5876285617615680e-01	   9.5588702611099485e-01	   2.5444785449242052e-01	   7.2146441191530397e-01	   7.3944772323516827e-01	   8.6607417905475326e-01	   5.2552383126414404e-01	   4.7832081891926270e-01	   7.4419512173126090e-01	   6.6814832518356360e-01	   1.6555693975931968e-01	   1.6423183195656521e-01	   4.4340111079271138e-01	   7.2756352774640576e-01	   6.7426923091584623e-01	   7.4871584832785210e-01	   5.3189018437291402e-01	   6.7632055922268952e-01	   3.3701883438574394e-02	   6.6838241350438532e-01	   1.0848625092624858e-02	  -3.3886966180250577e-01	   2.3470842890178525e-01	   3.6831712216395718e-01	  -1.1486987392853479e-01	   3.2943656267916024e-02	   4.3014980421015203e-01	   4.4352508135585900e-01	   7.1021843872638590e-01	   3.1492191870903369e-01	   1.0507643939554226e-01	  -2.6714938361405260e-01	
   1.0637007938605598e+00	   9.2593113996945298e-01	   8.9947527365711799e-01	   7.6140896113561263e-01	   6.2098841544615790e-01	   5.3632149458173517e-01	   1.4061099998249034e+00	   8.2807739511259126e-01	   7.0647616338210151e-01	   8.0310872702246694e-01	   1.5860015694853777e+00	   7.8951664845466385e-01	   0.0000000000000000e+00	   8.8477074365104558e-01	   1.1404206461680295e+00	   8.5398580595540574e-01	   9.9112636200113924e-01	   8.5822780442380431e-01	   8.7914261807323824e-01	   8.3740918700110423e-01	   3.2812350034996501e-01	   1.8368527166497026e-01	   1.0277335408872630e+00	   8.6701459057279306e-01	   6.0583947390196635e-01	   5.2541628025580933e-01	   6.0677006492461749e-01	   5.7569306151658717e-01	   8.7219039611891314e-01	   6.8788499256445257e-01	   5.5749911582518563e-01	   6.0339245510445172e-01	   9.6190434565279159e-01	   7.6066716306663618e-01	   4.9928203238294744e-01	   6.6879836103919732e-01	   4.8216743845978899e-01	   4.4760938183138271e-01	   6.9000103019986114e-01	   5.7981293291045688e-01	   5.5279865508868520e-01	   5.9449320397928973e-01	   9.3368992339832679e-01	   9.2464297135042650e-01	   6.8883307503379798e-01	   7.4275369576270878e-01	   9.4677154356579063e-01	   8.9556199288412863e-01	   7.1816507533612217e-01	   7.4964160639814970e-01	   7.3517266153267102e-01	   6.5285617925057138e-01	   8.8419301914301895e-01	   6.6839112858214533e-01	   8.3783054510527022e-01	   7.7599925930004932e-01	   8.1072753430119948e-01	   7.3865985518951738e-01	   1.0604615628971170e+00	   6.3715290728189400e-01	   1.3416354954133982e+00	   6.8584254605357386e-01	   8.4646020102653685e-01	   6.1531532308237846e-01	   6.1248581874721530e-01	   4.7502499465050690e-01	   6.5500298965056591e-01	   4.7407077210524146e-01	   8.3222600184327800e-01	   6.9739668040380520e-01	   7.0565852375441174e-01	   6.6351109344086356e-01	   8.2499577009045200e-01	   7.5392643192917863e-01	   6.9806186781218582e-01	   6.3431848718536610e-01	   9.2719031224011628e-01	   9.1778380119099323e-01	   7.0522152381112879e-01	   8.0741861890726596e-01	   8.8994228226990713e-01	   5.8398071152207431e-01	   5.3431697678387202e-01	   5.7080084365973338e-01	   6.3587955027984111e-01	   6.3155586392942720e-01	   2.4012290827301691e-01	   5.6538144102615928e-01	   1.0318530782879067e+00	   9.0985500814582232e-01	   5.6597638429367947e-01	   8.2687337870117039e-01	   7.4182138219469573e-01	   1.2553598110552977e+00	   4.4084566044594414e-01	   3.0537465497836758e-01	   7.4320831921176689e-01	   8.2435356179743891e-01	   5.8585148455356784e-01	   9.6544858746998730e-01	   6.1422542212399267e-01	   1.0265502918517193e+00	   2.1537331170523186e-02	   6.4506725327825787e-01	   2.1695017331898648e-02	  -9.2866490618079445e-02	   3.6100560579716207e-01	   4.6959690134041809e-01	   2.1668333647879488e-02	   2.0950517960757900e-01	   7.6523997896667928e-01	   5.4015035450572191e-01	   8.2271432212949935e-01	   6.2076177165817925e-01	   3.1840010696479759e-01	  -7.2828381806961787e-02	
