   0.0000000000000000e+00	   9.9344927311934561e-01	   5.1436791778779756e-01	   7.4317095751010098e-01	   1.7780270758874375e-01	   1.9568325056864302e-01	   3.6664419968755696e-01	   4.1167714174898284e-01	   2.3092765291961140e-01	   1.7198773138357637e-01	   6.2376127144813220e-01	   4.2226448565965591e-01	   4.4189399201220747e-01	   4.8849252049664327e-01	   2.7195031163428862e-01	   4.0782762876079237e-01	   5.1617340460001560e-01	   5.2354874904585913e-01	   7.6122345427303728e-01	   7.9221550632010662e-01	   1.3342177842296959e-01	   2.8546411842494923e-01	   4.3852678102077153e-01	   6.3686218682563245e-01	   3.0269978099804573e-01	   2.6445016357112056e-01	   2.5947082522213077e-01	   1.8994426286702096e-01	   3.8031106506347767e-01	   2.1945658545132135e-01	   1.9608601760933295e-01	   1.9983318707363831e-01	   8.0611359401338367e-01	   6.4616224787995180e-01	   2.7185751457973467e-01	   4.1551984804403086e-01	   1.7917562494763101e-01	   2.0897750663230408e-01	   4.3947586382346271e-01	   6.8796553458732401e-01	   3.5487937524446789e-01	   5.0609227418707003e-01	   3.8400129705537056e-01	   4.1070488511723441e-01	   3.2517397316240970e-01	   3.8853035793800766e-01	   5.9880295217875557e-01	   5.6153946617460604e-01	   2.4987504850653947e-01	   3.1227992189254894e-01	   5.4857139530542909e-01	   5.2260476519022059e-01	   6.1800883258810113e-01	   5.1089161864988020e-01	   8.3167330629616754e-01	   8.2714320463428725e-01	   1.2609717719816262e+00	   9.1118191183866326e-01	   3.5157745074621832e-01	   2.7498829778713835e-01	   5.8752358347862343e-01	   3.7107267346722872e-01	   6.1914566226972212e-01	   5.0845824590609201e-01	   3.3022122486780919e-01	   4.1517181855710206e-01	   6.0841750283613960e-01	   5.5234375466238672e-01	   6.2708175678805056e-01	   5.8996178887091422e-01	   1.3264832131510357e-01	   6.1838240057000785e-03	   2.4747909269741888e-01	   2.0386361330718497e-01	   3.5684590946514211e-01	   2.7729628098082937e-01	   4.1039208211665107e-01	   3.1467181481678408e-01	   2.7641242533185117e-01	   4.0277968008929405e-01	   4.6549243174481297e-01	   9.3334740664408666e-01	   6.3532970742734651e-01	   4.8615029605520560e-01	   8.8898409930203448e-01	   8.0282249747318501e-01	   5.9305812459979546e-01	   5.3820726375150685e-01	   5.0570646498618843e-01	   6.1791601505566851e-01	   4.8195568769297203e-01	   5.2465055944380135e-01	   3.7346965170056384e-01	   4.1467707212693866e-01	   9.0188343403016374e-02	   2.6734600107073558e-01	   5.6708194947469548e-01	   8.3657073367428281e-01	   8.4341848998523927e-01	   8.3867231620301452e-01	  -1.3738131987161700e-01	   4.1378913856506333e-01	   2.6211265609971846e-01	   7.9262571975411733e-01	   4.7580598612909292e-01	   4.0113174592333056e-01	   4.9627880985634609e-01	   2.3304745032888818e-01	   1.6174150197394682e-01	   3.0683386533936702e-01	   6.4609919632378521e-01	   6.5632900347096323e-01	   5.0683369989052451e-01	   4.9391426661074467e-01	   1.9367081386176194e-01	   8.5093615486072204e-03	
   9.9344927311934561e-01	   0.0000000000000000e+00	   5.4197814908970410e-02	   4.0985642602667849e-01	  -3.0308505957869370e-02	  -6.8969763918800275e-03	  -2.5571491974354616e-02	   1.9421808054373163e-01	   7.8298066425589008e-02	   4.0695830013295360e-02	   2.7098829872083985e-01	   4.9548913876498346e-01	   1.7066990117094955e-01	   4.5981491435269661e-01	   1.4100254249862249e-01	   3.0377578074961697e-01	   4.8484998397404655e-01	   6.7588771951646665e-01	   5.1785380465673303e-01	   1.0456627865406942e+00	  -9.2053499181387347e-02	   1.0270390248421549e-01	   4.5277249008135304e-02	   2.5393098033679878e-01	  -4.0235285467474159e-02	   2.9602816821670479e-02	   7.3934251792192013e-02	   2.6974401113969294e-02	   4.4801837914460207e-01	   3.6598328049674705e-01	   5.4196259640251904e-03	   4.4371065290793710e-02	   5.5820449305786757e-01	   6.3072507988253379e-01	   7.1641100580372485e-02	   2.3301029491574815e-01	   4.0019896728606626e-02	   2.3794582189154606e-01	   1.9335564094392846e-01	   6.7004264504886812e-01	   3.0504830875408129e-01	   4.8180366919563866e-01	   1.9524666788611211e-01	   2.3888730547488046e-01	   1.3322085317375909e-01	   2.2325878217889261e-01	   3.8509363921542694e-01	   4.0702579276972528e-01	   1.2149266841817398e-01	   1.9199032840595456e-01	   3.3582646663186405e-01	   2.9451320540212017e-01	   3.6198049038228880e-01	   2.9807054686645401e-01	   4.8905829091008030e-01	   6.1308705182576551e-01	   1.2024598992097326e+00	   1.1092606443741591e+00	   2.4349359597419587e-01	   2.6172738605868717e-01	   3.7875272355169926e-01	   3.1970164528029438e-01	   5.8058109820114412e-01	   7.1195815333532386e-01	   9.8236295939054072e-02	   2.5601294451956014e-01	   3.0563975833756629e-01	   3.3589104915385048e-01	   5.8499083352030579e-01	   5.9987488063437266e-01	  -8.4539865459147906e-02	  -7.9884486623469933e-02	   2.2111152772360995e-01	   3.2466478989784048e-01	   2.4166000669924187e-01	   2.9991645665671546e-01	   2.1876696605292748e-01	   3.2407558986510437e-01	   2.6288484893259495e-01	   3.0008260661434105e-01	   3.5879426602764380e-01	   8.8736433780671164e-01	   5.0344184891671251e-01	   4.8218783163611123e-01	   4.7462276848425566e-01	   5.0866096387550286e-01	   2.2520611965741449e-01	   2.4963848226768781e-01	   1.9498753179151351e-01	   3.9214960144957584e-01	   1.6720583956740226e-01	   1.6853727187399875e-01	   1.3546289290021468e-01	   1.4125134479317708e-01	   1.6702852389188245e-02	   1.7876196573954659e-01	   3.9515869904986706e-01	   6.1401388015883196e-01	   4.4186991546763166e-01	   4.8970219815312088e-01	  -3.5148636355013457e-01	   1.7954115390443001e-01	  -5.9282959938830610e-03	   4.1909863914103102e-01	   1.8827402985358549e-01	   4.9955612247657336e-02	   2.2032513385153560e-01	  -8.8215902837169916e-02	   9.8099527050830165e-02	   2.3909912330361133e-01	   4.3892717148237437e-01	   3.9098318630591400e-01	   3.6360994598879687e-01	   2.3149034414673672e-01	  -2.3686226619013911e-02	  -6.9796327762851912e-02	
   5.1436791778779756e-01	   5.4197814908970410e-02	   0.0000000000000000e+00	   8.1011052356957791e-01	   3.8488641244055682e-01	   3.7583142048404072e-01	   1.1759828234571246e+00	   6.0261069921282195e-01	   4.0031334162694310e-01	   2.1311459509100950e-01	   7.5839826631606433e-01	   1.3230110839972267e-02	   8.4244921011451512e-01	   1.2964145800289748e-01	   3.9980200367295698e-01	   1.7978750650190520e-01	   2.3595063330443966e-01	   4.4364336577856281e-02	   6.4427292369837807e-01	   1.9977646531538928e-01	   2.5807949623150667e-01	   1.3834605253053164e-01	   1.3020836417773203e+00	   6.9156675523571021e-01	   5.4559054087148406e-01	   3.6457377724477258e-01	   2.0838760488032393e-01	   1.7160833126453218e-01	   3.1858837859056727e-01	   5.6127778852213574e-02	   5.6436499636850779e-01	   4.5418935244135827e-01	   7.6343988796495332e-01	   5.2864226526643932e-01	   4.3847248321235333e-01	   3.6445692225990289e-01	   3.5886199452974882e-03	  -8.0033417904380955e-02	   4.5921782833558111e-01	   1.2799420536772382e-01	   3.0996903659540526e-01	   8.0716286317347466e-02	   2.9958029530806268e-01	   2.2432978870750303e-01	   1.8773672662734039e-01	   1.1413099449926137e-01	   3.5858115878360858e-01	   2.6959364307892875e-01	  -1.3476063234971714e-02	   3.6510397608448673e-02	   1.4785958846729366e-01	   1.2850672099289639e-01	   1.7836439966383202e-01	   1.9441160016850140e-01	   3.5126553748517481e-01	   2.1193300056448039e-01	   2.0295139883144103e-01	   1.9569042352457416e-01	   7.7720837036340884e-03	   4.9733200078133290e-02	   3.8589900311018893e-01	   2.9405556094518881e-01	   1.2452741891779083e-01	  -1.8480778074094997e-02	   7.4327548108798058e-01	   2.7056821251957319e-01	   4.2651697156619384e-01	   3.2531346161046759e-01	   2.4594262827604302e-01	   2.4124342750207253e-01	   3.0915984187113899e-01	   4.1412870173567630e-02	   2.7181574927988805e-01	   3.3240372607047965e-02	   2.7371849953093319e-01	   1.2306796043858353e-01	   3.9112532928462634e-01	   6.8879791766126949e-02	   2.4670345679824940e-01	   1.4931717287614207e-01	   1.8646731639363651e-01	   1.2465253763753235e-01	   3.6296438317773927e-01	   4.3847990783226015e-02	   8.2374333895530383e-01	   3.1595645847930320e-01	   5.4880841934075208e-01	   2.9378576698216952e-01	   5.5096665503355624e-01	   3.2948993608045196e-01	   4.3208940410410979e-01	   7.9355423532405267e-01	   5.0806224876335793e-01	   7.6532525309534405e-01	  -5.4046424868743621e-02	   7.9227860206841541e-02	   1.9267334967792149e-01	   2.7190327432884015e-01	   4.2004655030785931e-01	   3.9663016967658332e-01	   4.4181618527102437e-02	   5.4545145014567442e-01	   1.9197226128609685e-01	   5.6292904772136421e-01	   3.5504195437141328e-01	   6.5906639040811077e-01	   2.6329099489946733e-01	   2.3338125612818897e-01	  -1.5066877460759556e-01	  -7.1059887720780146e-02	   2.5020238946132534e-01	   3.0665967096947616e-01	   1.1311226339190350e-01	   2.4869904123593226e-01	   1.6025389557749711e-01	   7.2721446024851977e-02	
   7.4317095751010098e-01	   4.0985642602667849e-01	   8.1011052356957791e-01	   0.0000000000000000e+00	   4.5379160165131177e-01	   6.6001744773274340e-01	   7.9461564096184001e-01	   1.1389434144745583e+00	   5.2599684314263984e-01	   4.6111252275230474e-01	   5.7400648136397658e-01	   3.6624103788750872e-01	   6.7973672670580076e-01	   6.7451592457054321e-01	   4.8032546770543605e-01	   5.7901290203396971e-01	   1.1112678553965567e-01	   5.6795971741106933e-02	   5.1986821407552564e-01	   4.6568751171010037e-01	   3.2316795666409970e-01	   4.0532223985978044e-01	   7.4523503952881642e-01	   1.0061629879434884e+00	   6.2209573810671770e-01	   6.6562413743660165e-01	   5.2700836150713859e-01	   6.3555406595255526e-01	   1.5278505421040647e-01	   3.0274128671510917e-02	   3.3628297923672434e-01	   3.2228069699036388e-01	   5.6531655949469439e-01	   5.4196475180567716e-01	   6.5310952001230638e-01	   8.0751996371566359e-01	   3.0088185153835600e-01	   2.9768541256635506e-01	   7.2783384428321007e-01	   6.0131855671455436e-01	   4.5570838880719655e-01	   3.1676927104439118e-01	   3.3035378636255891e-01	   2.4036093184542062e-01	   1.4487120672814802e-01	   1.8367160501283614e-01	   4.7089296998742586e-01	   4.2080067642791963e-01	  -4.0422005963159501e-02	   2.2799281157920248e-01	   2.4918783134369230e-01	   2.8892619123072560e-01	   4.4040496514192196e-01	   4.3443975741810370e-01	   5.9985910879240800e-01	   5.3459774967534135e-01	   5.6588774065346625e-01	   5.7052477081342412e-01	   2.8170846764198892e-01	   4.9574028231320910e-01	   6.7226229010229777e-01	   7.7269222628881673e-01	   8.5835514747462011e-02	  -9.7545441031370392e-03	   7.5619628378342230e-01	   8.2467130068710326e-01	   6.7367638171378652e-01	   7.3912984113240743e-01	   5.5398393742014918e-01	   5.8505759104981503e-01	   1.9292227290841507e-01	   4.3546381648293830e-02	   1.4979715859345388e-01	   9.3648203609740951e-02	   1.6143820838520009e-01	   1.5271522256272679e-01	   3.8736762890496657e-01	   2.9753652059616331e-01	  -2.0035015211700502e-03	   2.8501094628638108e-02	   1.0091416888303605e-01	   3.5968734252979495e-01	   4.5649368326168371e-01	   3.0738706381611025e-01	   7.9810837710014837e-01	   8.7717072248800443e-01	   6.9713746980126901e-01	   7.3782893420698670e-01	   8.0427862346646206e-01	   8.5635685875611101e-01	   8.6338500206615731e-01	   9.7344778832257439e-01	   9.8573949895391344e-01	   7.7520097162716350e-01	  -3.0052355028154096e-02	   3.5220731793964166e-01	   3.0276166165251517e-01	   5.8320995802383668e-01	   6.8012168391865480e-01	   6.8686582922088235e-01	   1.4532365447855783e-01	   5.8294898418865748e-01	   2.7933775050144827e-01	   7.2064647575442853e-01	   6.9132718927680437e-01	   5.4124187698679183e-01	   5.9736527604959355e-01	   3.5399334664180371e-01	   1.0203885310973468e-01	   2.0096911444087898e-01	   5.3216482777962160e-01	   5.3101608724175631e-01	   3.6742833117171680e-01	   3.3714547415261220e-01	   2.7866836741315193e-01	   7.8019526248083865e-02	
   1.7780270758874375e-01	  -3.0308505957869370e-02	   3.8488641244055682e-01	   4.5379160165131177e-01	   0.0000000000000000e+00	   1.0086114933742647e+00	   5.5336147894748922e-01	   3.9908287852810670e-01	   1.4902883384465566e+00	   1.5063049828821824e+00	   1.5725278897743811e-01	  -1.1148908437377175e-01	   6.7658735869057596e-01	   3.0600264167945007e-01	   1.1629133857271863e+00	   8.2054343668753116e-01	  -2.0375145666318878e-01	  -2.3649934799659436e-01	   8.2131811655801051e-02	  -1.4111961976841402e-02	   5.9020500473121651e-01	   7.3387787751965028e-01	   4.6290392630995714e-01	   3.0166194692573656e-01	   8.8106145407801395e-01	   1.9311238591923735e-01	   1.0522542934878434e+00	   6.4839105839058175e-01	   5.7478691417249511e-02	  -6.5494833589981552e-02	   2.2542298108921138e-01	   2.2775870068985199e-01	  -5.6907419902035732e-02	  -8.7674723115834088e-02	   2.3489811376863809e-01	   2.9175363141441174e-01	   2.8274368514441239e-01	   5.6017953477785432e-02	   3.5443114457433450e-01	   1.6422996473902665e-01	   2.5372839028950017e-01	   9.3168618241986439e-02	  -3.7642820687412548e-01	  -3.7915855451900521e-01	  -4.5617090594789111e-01	  -4.3384341759861600e-01	  -1.6410833572736386e-01	  -1.9673076047088278e-01	  -5.7416995873263243e-01	  -3.1179372006749817e-01	  -3.0233989553436447e-01	  -2.2841320109283256e-01	   3.5031441898495004e-02	   1.0116367208428100e-01	   2.4872493051710956e-01	   1.6225088773380086e-01	   1.6359840553091845e-01	   9.5850357521024051e-03	  -1.3114911026343995e-01	  -4.4854475627744951e-02	   2.0398502566582102e-01	   2.1031829840600136e-01	  -3.3056989215432853e-01	  -5.5636023945981439e-01	   5.3684225674367880e-01	   4.1131868083108941e-01	  -6.0156297042046510e-02	  -4.3991674481723503e-02	   1.8891869357611446e-01	   4.0890727665218111e-02	   2.0501687378013442e-01	   2.6567367866389152e-01	   1.4254807685142776e-01	   2.9957959629061851e-02	   1.3664073823023740e-01	   2.0009052121608618e-02	   3.2581421353026462e-02	  -1.3600041483159442e-01	  -2.6809020512842152e-01	  -2.8361676451436879e-01	  -2.2144862166297380e-01	  -2.3228416922603040e-01	   4.1406527152797512e-01	   3.7954392545668370e-01	   3.4281198818135533e-01	   2.2606235011461223e-01	   4.2424894108186728e-01	   5.3476660940793264e-01	   5.9509784964677781e-01	   2.3100771747067797e-01	   2.7882246685056078e-01	   4.8632512523923677e-01	   2.3802575789576338e-01	   4.6190916771542073e-01	   2.2199567917580137e-01	   3.0427208975603698e-01	   4.4381567071837567e-02	   1.7746498691300724e-01	   9.4624951308038219e-02	   1.8366377057726169e-01	   1.7279568383516572e-01	   3.4207865258732784e-01	   5.0587987234436492e-02	   1.5829329154414035e-01	  -3.6493853279828778e-02	   6.2573511008222879e-02	   2.3014500839192206e-01	   3.1766009841820375e-01	   8.7847460051315482e-02	   1.3042295488461864e-01	  -4.0394898271200158e-02	  -2.8145123693868530e-02	  -3.0173086441131324e-03	   6.5668348738485330e-02	   2.5425360993010521e-01	   1.1947656643288274e-01	
   1.9568325056864302e-01	  -6.8969763918800275e-03	   3.7583142048404072e-01	   6.6001744773274340e-01	   1.0086114933742647e+00	   0.0000000000000000e+00	   5.1916849864076819e-01	   6.4489323196631565e-01	   1.1129126309380988e+00	   1.1262491635731717e+00	   2.6166497432402824e-01	   1.4817436167527143e-01	   6.4006697455805184e-01	   5.5169692604785259e-01	   1.0854367831520393e+00	   9.5255466498188590e-01	  -2.3224712813189902e-01	  -3.3736904178516147e-01	   1.0370471791463118e-01	   1.9637892290166374e-02	   5.4309528809131713e-01	   7.3652569689953018e-01	   4.2012630512020532e-01	   4.0446221146669736e-01	   7.5749288545933924e-01	   5.8296513964508923e-01	   1.1759872056223646e+00	   1.0718403755517480e+00	  -1.2986845907886129e-02	  -1.0435713508419522e-01	   5.1785494255209348e-02	   1.2900110946451313e-01	  -8.0601350368681088e-02	   4.9396989449534065e-02	   3.0211305318341231e-01	   3.9785929985263774e-01	   2.6874801583063940e-01	   7.7903724751770251e-02	   5.2307470303710679e-01	   3.5372903110363840e-01	   3.3248587404337154e-01	   3.2769784816322367e-02	  -2.2663492377819683e-01	  -2.9604894605257448e-01	  -2.9987507434422178e-01	  -2.0607859096746672e-01	   2.3185737942536592e-02	  -2.7597901700841729e-02	  -3.1123244529711597e-01	  -9.2453413243466759e-02	  -3.3580043902837572e-02	  -4.1322552381970808e-02	   1.7707184052082459e-01	   1.6466932515771529e-01	   4.1981358063179353e-01	   3.1357832699005594e-01	   2.4069194084378220e-01	   2.0513981221858638e-01	   5.9275708753361397e-02	   2.7653233404563243e-01	   4.0160939375717175e-01	   5.9240312471648837e-01	  -3.1760570512575859e-01	  -4.7098293031015553e-01	   5.4689214709238421e-01	   5.1627473069313545e-01	   1.1307908145354743e-01	   1.7755742968771016e-01	   3.5873790599802713e-01	   2.4849378718427187e-01	   1.3085340842407781e-01	   1.3266790080687696e-01	   5.4565684680081807e-02	  -3.3710577680824055e-02	   6.2642346435630072e-03	  -5.7912615056027121e-02	   4.4979487859328995e-02	  -5.7074791417562221e-02	  -3.0558561859160538e-01	  -3.6582653085287176e-01	  -2.8790441319918697e-01	  -1.5790537000558863e-01	   4.8202603250099052e-01	   4.9577613225257794e-01	   3.8266209357103709e-01	   4.0480762494107203e-01	   5.0733818566833078e-01	   6.3395199290605864e-01	   8.4237072993331541e-01	   5.0553661557218521e-01	   4.8818320411579341e-01	   5.0619612229260502e-01	   5.3451194072230002e-01	   4.3905164850265588e-01	   2.5583229887188585e-01	   3.7382391798544273e-01	   1.5822672601262638e-01	   2.8926502418911931e-01	   2.1457444076330601e-01	   1.8313056642009584e-01	   2.2409128146591517e-01	   2.9772434048858254e-01	  -1.9505468495796797e-02	   1.9379033564877504e-01	   1.2076385889847489e-01	   6.9820413915290910e-02	   4.8427059270002254e-01	   2.2530187289357151e-01	   3.2133316422825076e-02	   6.0412876872823706e-02	   1.9234295146365366e-02	   1.0914528719924711e-01	   8.9002285297371583e-03	   3.3107583434611440e-02	   2.4807175891011157e-01	   5.1511325981193422e-02	
   3.6664419968755696e-01	  -2.5571491974354616e-02	   1.1759828234571246e+00	   7.9461564096184001e-01	   5.5336147894748922e-01	   5.1916849864076819e-01	   0.0000000000000000e+00	   9.9838297551050303e-01	   5.2291123839383058e-01	   3.9379347984677943e-01	   6.7423305394993160e-01	   2.3816659683710412e-01	   9.7212394136915625e-01	   3.3136443944921057e-01	   3.9958394099920730e-01	   2.3299459311125392e-01	   6.2116779529770363e-02	  -5.9933216788050372e-02	   3.2523159588993028e-01	   5.6220961602630272e-02	   3.3956271881639777e-01	   3.3603429830845455e-01	   1.2371498024015901e+00	   8.3674667613035159e-01	   5.7559723828421938e-01	   4.0479578562856544e-01	   3.6847767557286876e-01	   3.2338530423607442e-01	   2.7639769390818880e-01	   1.2266457649658814e-01	   6.7724440072439451e-01	   6.5583335257578046e-01	   5.6146728992951589e-01	   5.0850419475574138e-01	   3.6171015193738310e-01	   3.1094047245069234e-01	   1.8782196778559768e-01	   3.0415875161535214e-02	   3.3301263650539975e-01	   1.1629911041128643e-01	   3.0187526949632937e-01	   1.9272804964757767e-01	   2.4426489967964635e-01	   1.4943368994132614e-01	   2.0048041942829348e-01	   1.0681978186263624e-01	   2.7390947491649265e-01	   1.5727909855916331e-01	   5.1363971043519557e-04	   8.9678303788387884e-02	   1.1638585013746219e-01	   1.4848152564698708e-01	   2.1886504435797338e-01	   1.7325880409608707e-01	   2.4962602661155370e-01	   2.0501013221773196e-01	   1.4144920834938121e-01	   1.0485882370949159e-02	   1.2493431521705825e-01	   1.3449216677617257e-01	   5.3763811681756468e-01	   3.5967761309201690e-01	  -2.5607275139309920e-02	  -1.8592717907213724e-01	   4.9963128196817075e-01	   2.9849002052803841e-01	   3.5463572601988130e-01	   3.5817453556820306e-01	   7.2669374669114906e-03	   1.8256392797786600e-02	   6.4911811708960609e-01	   4.2460864880622456e-01	   3.5213259058362134e-01	   1.8548906107100599e-01	   3.8570849208940416e-01	   2.9839047865758739e-01	   5.4621958560779371e-01	   2.1508502625510897e-01	   5.8354528970397286e-02	   6.8109450342096312e-02	   5.4487087185992808e-02	  -6.8476353905774206e-03	   2.6047108299177063e-01	   1.0589234142072727e-01	   4.1797027544793169e-01	   2.3467385784834494e-01	   2.8204344927021024e-01	   1.9213615232350667e-01	   4.3498270955328555e-01	   2.6203124167696407e-01	   4.1691416875340881e-01	   7.1260953589065046e-01	   4.4681828758728270e-01	   5.9710049048226144e-01	   1.5341917495144097e-01	   3.2309826929560087e-01	   1.3940624262966034e-01	   4.0048062861503392e-01	   3.2693617031088135e-01	   4.0776103603260239e-01	   2.4953221041571488e-01	   4.5595479709696851e-01	   2.5854724404457607e-01	   4.0823449550326429e-01	   4.3138380771039847e-01	   5.9058698476782423e-01	   4.3179325547868519e-01	   5.1085718344317632e-01	   8.9017639874063803e-02	   1.5911020446565499e-01	   9.4771948428394551e-02	   2.9210615432610515e-01	   2.4541569868464028e-01	   3.1993312854337896e-01	   3.8964116622989281e-01	   1.2968251375286027e-01	
   4.1167714174898284e-01	   1.9421808054373163e-01	   6.0261069921282195e-01	   1.1389434144745583e+00	   3.9908287852810670e-01	   6.4489323196631565e-01	   9.9838297551050303e-01	   0.0000000000000000e+00	   4.0474393004140635e-01	   4.4526632394778987e-01	   5.3878153048262267e-01	   6.5674342794138507e-01	   7.3449894008653849e-01	   8.6268773839588442e-01	   3.6260884255400444e-01	   3.8632638465362412e-01	   2.6736785405055877e-02	  -5.3674100850097536e-02	   1.8663618554743128e-01	   1.1814173232589988e-01	   2.4817447794994157e-01	   4.3249847940376079e-01	   7.7319449333839652e-01	   9.6444924466552662e-01	   4.8145528752098710e-01	   6.0458836253756620e-01	   4.6374313327470729e-01	   5.4028769795834708e-01	   1.8606145924132483e-01	   1.8456835668122920e-01	   5.8852023402069342e-01	   6.5049553078244005e-01	   4.4732243513671777e-01	   5.7574195229094083e-01	   4.4942161547852544e-01	   5.1729056788251260e-01	   3.5639033662733705e-01	   3.6731775491161034e-01	   5.2881393784185426e-01	   4.7836900768251378e-01	   3.7689065953806816e-01	   2.5523089172327912e-01	   3.8446320842905707e-01	   2.7560323872736703e-01	   2.0510473088828612e-01	   2.0340542932518219e-01	   4.2224874480605712e-01	   3.7518868099075692e-01	   5.7248401297299072e-02	   2.7184809670262744e-01	   2.5746570422391246e-01	   2.7891848107440576e-01	   4.2776172208730778e-01	   3.6452101355846128e-01	   3.8029736276811632e-01	   4.3392087200531299e-01	   2.6947146374964559e-01	   2.3201760279485847e-01	   3.1596172072462420e-01	   4.5043694131303036e-01	   5.8183651502884226e-01	   6.2261789218089658e-01	  -1.8521460778640683e-02	  -1.1291827999225952e-01	   4.2293007476770639e-01	   5.4558145720630558e-01	   4.6281140054731701e-01	   6.1347978046261020e-01	   1.1204830501989260e-01	   2.0505890099200585e-01	   5.3082200980041672e-01	   4.2359106721814666e-01	   3.0259539232475746e-01	   2.8948954199560928e-01	   3.0830098118415766e-01	   3.7431218522332232e-01	   5.5537920103274330e-01	   4.6914666109950726e-01	  -8.2556698528585215e-02	   2.5585201302629534e-02	   6.2700507851171289e-02	   1.9350570749583934e-01	   2.1688079163059990e-01	   1.4233666641658202e-01	   3.5556838937749297e-01	   5.0808104547212007e-01	   3.3042825356554784e-01	   3.3259802927281962e-01	   5.0363780749409293e-01	   6.6305067242946791e-01	   5.6760056223703603e-01	   6.6960043114486623e-01	   6.9637355939862922e-01	   4.9228611957988910e-01	   9.3269513245245961e-02	   4.7641620935202500e-01	   1.8186145823597896e-01	   5.8486796519646245e-01	   4.4088292394256579e-01	   5.0554389182098070e-01	   2.9515087351538100e-01	   3.3167604459354094e-01	   2.6505978160242488e-01	   3.9060076202931465e-01	   7.1260517668118872e-01	   5.4600128363748712e-01	   7.0524506241656804e-01	   6.0985234966869151e-01	   2.1429571146306131e-01	   2.6189406204417154e-01	   2.6691198584444742e-01	   4.6579872197866773e-01	   4.5636428842827659e-01	   4.2236515331168734e-01	   4.9349789613342332e-01	   1.8829083785985132e-01	
   2.3092765291961140e-01	   7.8298066425589008e-02	   4.0031334162694310e-01	   5.2599684314263984e-01	   1.4902883384465566e+00	   1.1129126309380988e+00	   5.2291123839383058e-01	   4.0474393004140635e-01	   0.0000000000000000e+00	   1.2224558364521640e+00	   1.8266476910448629e-01	  -8.2800170469692291e-02	   6.5857382945946752e-01	   3.6050635617741555e-01	   1.1758435139091117e+00	   8.9179242476696330e-01	  -2.3475307669756518e-01	  -2.5502981106465794e-01	   3.1017411790631638e-01	   1.8605878073240648e-01	   5.4194315048816455e-01	   6.1477742465587304e-01	   3.7319799406434623e-01	   2.2410124270997850e-01	   8.2209362977375222e-01	   3.6863883561230720e-01	   9.3886811858352337e-01	   6.7431164931726839e-01	   7.4485536271835157e-02	  -1.3070403212387244e-01	   4.0589193605959271e-02	   5.8087360947550779e-02	   1.7353432333955796e-02	   7.2400664647375625e-03	   3.6859948511428603e-01	   4.5044326612462554e-01	   2.0994109053662463e-01	  -1.0307768406158173e-02	   3.5214967136487657e-01	   2.0932381286599291e-01	   4.0422966921609355e-01	   1.2393073151981188e-01	  -3.4104462760891813e-01	  -4.0008379326712395e-01	  -3.7406995979741531e-01	  -3.4282982407433582e-01	  -6.1667002326884893e-02	  -1.1263186924054326e-01	  -4.7965652267770309e-01	  -2.3176721693757124e-01	  -2.1711359724996157e-01	  -1.7984053884771506e-01	   1.1110543507513691e-01	   1.2965660949613700e-01	   3.3381278029999634e-01	   2.1382706881693359e-01	   2.5326928411660554e-01	   1.4751392322763535e-01	  -1.1137915766442193e-01	   5.2086192240635591e-02	   3.4795155662263466e-01	   4.4495776319559099e-01	  -3.5874352758838307e-01	  -4.9319010108264472e-01	   6.8002033609241619e-01	   5.1166135302099813e-01	   3.0151687893315661e-02	   3.4981789784174197e-02	   4.1093243882458935e-01	   2.5758852602661070e-01	   4.0585593864201241e-02	   6.5085598996227664e-02	   1.2051935466103478e-01	  -3.7458521175091700e-02	   7.6101904303686213e-02	  -6.9154358126320092e-02	   3.8739620860061948e-02	  -1.4896354486422753e-01	  -3.2470431257657373e-01	  -3.9849088911075325e-01	  -3.2540005819945916e-01	  -2.2450157212197966e-01	   6.8642721908844695e-01	   5.7608102653319337e-01	   4.0712070077813078e-01	   2.9397384726623832e-01	   4.0949335594559089e-01	   5.5284947357102232e-01	   7.0101192667501222e-01	   3.3849765264132542e-01	   4.9767065216385903e-01	   6.4443696568686792e-01	   4.2764766255345232e-01	   6.5535261268251521e-01	   1.7649506997847225e-01	   2.1703387798295562e-01	   9.5109405530099431e-02	   2.1119459381326230e-01	   2.3557731020894421e-01	   2.3771968280102690e-01	   2.2808323191946957e-02	   5.2734690726042466e-01	  -6.8560726874970959e-02	   2.8435730366383849e-01	   1.7278477769820022e-03	  -3.4213955459595657e-02	   2.5838159061734345e-01	   1.7480854963137571e-01	  -2.5144011212431032e-02	   3.4495402116902434e-02	   9.2505457088437298e-02	   2.1734101628120530e-02	  -5.6982971417127567e-03	  -6.0814179844501812e-02	   1.2509984351840586e-01	  -5.4123598495871575e-02	
   1.7198773138357637e-01	   4.0695830013295360e-02	   2.1311459509100950e-01	   4.6111252275230474e-01	   1.5063049828821824e+00	   1.1262491635731717e+00	   3.9379347984677943e-01	   4.4526632394778987e-01	   1.2224558364521640e+00	   0.0000000000000000e+00	   1.3520674081005668e-01	   8.4077422012743236e-02	   5.9922413463038515e-01	   5.3093930844859316e-01	   1.0751928526461443e+00	   9.1151392942001519e-01	  -2.2486936308610947e-01	  -2.3506832869617145e-01	  -2.4219906786818089e-02	  -2.0988199209756656e-02	   5.1959086006207600e-01	   7.6455152249126745e-01	   3.3770003139717986e-01	   2.7800321016440349e-01	   7.3837896840128514e-01	   1.4784130737720760e-01	   1.1002255971029467e+00	   6.8431913802466271e-01	   1.8955089050358611e-02	  -6.3175203425932178e-02	   1.0627102642311061e-01	   1.3607704743420312e-01	  -2.2491665157284441e-01	  -1.2746384181427908e-01	   1.7957364379710417e-01	   2.2973650667807038e-01	   3.1660554215595804e-01	   1.1257140179667111e-01	   3.6625621177840118e-01	   2.6731040150102209e-01	   2.7762483655285974e-01	  -9.7390445099510229e-03	  -3.5151316254758408e-01	  -3.7349159549394062e-01	  -5.4771154243981535e-01	  -4.5765041656903910e-01	  -1.2510302530143977e-01	  -1.6624794657462683e-01	  -5.0992453844941987e-01	  -3.1005140159652855e-01	  -2.5337632425801465e-01	  -2.5360749958494538e-01	   6.0479648917849911e-02	   2.2202814766635336e-02	   3.0576966635287223e-01	   2.2031492346425657e-01	   2.6695193514936938e-01	   1.5207784899884855e-01	   5.5280784961899802e-03	   1.3580822111305546e-01	   1.6078945075345097e-01	   2.2750635076138565e-01	  -3.7521869704196270e-01	  -5.5016650751542828e-01	   3.9171498652001430e-01	   3.7450773413993116e-01	  -4.2723641441631724e-02	  -2.8112700318218446e-02	   2.4937124315766801e-01	   1.2003674557546759e-01	   1.4424284668699680e-01	   2.1518145478286937e-01	   6.4029078402490766e-02	   1.8172561817933166e-02	   3.4550068224633405e-02	   1.5798166536380852e-02	  -5.7951845419615275e-02	  -1.5866804195516487e-01	  -3.2976978206945101e-01	  -3.2173427603327470e-01	  -2.2347179645240181e-01	  -1.6584792908214227e-01	   3.8861246665331289e-01	   3.4262721183457795e-01	   2.8967007019477364e-01	   2.7666623336198093e-01	   4.3324147309806094e-01	   5.3219930815955507e-01	   5.9996502752819103e-01	   3.3113862972158109e-01	   2.9727118177303508e-01	   3.6528871037469729e-01	   3.0162316233396502e-01	   3.2335671753472278e-01	   2.1781577394094637e-01	   3.5723694079447310e-01	   6.1687386484285400e-02	   2.0290671249826281e-01	   1.0482413594674686e-01	   1.2375352647601509e-01	   2.0574505710696431e-01	   2.5352896311182754e-01	   1.6426656427571257e-02	   9.3465361755866033e-02	  -6.5077535684945490e-03	  -1.7621738922551176e-02	   3.0539365049671974e-01	   2.8960949554879589e-01	   9.3975214202932894e-02	   7.6110374850044779e-02	  -6.0270405216628763e-02	  -2.8055209114742564e-02	   1.3057859607933979e-02	   5.2287190980085448e-02	   2.4518227914495452e-01	   5.9280713465130516e-02	
   6.2376127144813220e-01	   2.7098829872083985e-01	   7.5839826631606433e-01	   5.7400648136397658e-01	   1.5725278897743811e-01	   2.6166497432402824e-01	   6.7423305394993160e-01	   5.3878153048262267e-01	   1.8266476910448629e-01	   1.3520674081005668e-01	   0.0000000000000000e+00	   5.1344012380755788e-01	   8.9356237170468567e-01	   3.2046670479777223e-01	   2.3809371758905037e-01	   1.0434666344404286e-01	   7.4935973557647551e-01	   4.9510242602169607e-01	   4.9838430768907316e-01	   1.8843903050141075e-01	  -1.9175152632622962e-02	   6.0977660459485584e-02	   9.0362253377744717e-01	   4.9068267613653710e-01	   1.2835879177589909e-01	   1.4520688924119118e-01	   9.3453003906436322e-02	   4.9170192326061235e-02	   6.7065772172004146e-01	   5.5189946750154228e-01	   6.0148123702192569e-01	   6.3734547387983986e-01	   6.7028834332641296e-01	   5.7424027935730593e-01	   1.3526767933661162e-03	   1.1500561196240174e-01	   2.5858982197424663e-02	   8.5920251532197373e-02	   3.6320446704813147e-01	   2.5793784460005265e-01	   1.3330200534745101e-01	   2.5503354500524167e-01	   5.4544476409360176e-01	   4.9569472241927170e-01	   3.2791788791034576e-01	   3.4825565799510416e-01	   6.7065824136045038e-01	   5.5984443333917655e-01	   2.4718730914905801e-01	   1.8660559211093436e-01	   4.2276680991376092e-01	   2.5477735285799613e-01	   3.7344877089710388e-01	   2.7464911174479417e-01	   4.7204997559035911e-01	   3.8197087033274035e-01	   4.2984344321943924e-01	   3.9663580929712805e-01	   1.0513947739939172e-01	   1.0051029274991918e-01	   4.5669594047649253e-01	   3.2593083353560448e-01	   5.1872035054354093e-01	   3.5413974103321066e-01	   3.8605511389044778e-01	   1.2008251702681361e-01	   3.0370438969040353e-01	   3.2987378791403227e-01	   4.5273797479442907e-02	   4.1593597848579328e-02	   5.9899514982971502e-01	   3.5585769332067269e-01	   5.7147891598124867e-01	   4.8964329044252930e-01	   6.8187984026591375e-01	   5.6863988748072558e-01	   6.8656461004811076e-01	   4.0494507178820183e-01	   6.7802564142723665e-01	   5.5204301292101987e-01	   6.3091949172959505e-01	   5.5074676408035528e-01	   2.6453356850939425e-01	  -2.8511441387272754e-02	   7.8020666692534069e-01	   3.8456277329155503e-01	   4.5153732959322218e-01	   1.2760863928296087e-01	   3.1140240693713106e-01	   3.6329455157874180e-01	   2.4599638621940190e-01	   4.8449499953178538e-01	   2.2313780346174383e-01	   3.4670535529941821e-01	   1.6773776483196081e-02	   1.4002017101459269e-01	   4.1253795350327177e-01	   4.7311969417837874e-01	   5.7319897720222823e-01	   5.8458619738512574e-01	  -2.6131879312453699e-02	   2.5518580848480654e-01	   1.4061440737562275e-01	   4.6626952777732089e-01	   3.9721226997166920e-01	   5.0221953409010278e-01	   2.4159082782272681e-01	   1.3316890158153186e-01	   1.1269923285608992e-01	   1.5557455759259520e-01	   2.9590879721954677e-01	   6.1303670522231912e-01	   4.6113287727197988e-01	   4.7633685258013425e-01	   2.6417562810748590e-01	   2.3703790189271934e-01	
   4.2226448565965591e-01	   4.9548913876498346e-01	   1.3230110839972267e-02	   3.6624103788750872e-01	  -1.1148908437377175e-01	   1.4817436167527143e-01	   2.3816659683710412e-01	   6.5674342794138507e-01	  -8.2800170469692291e-02	   8.4077422012743236e-02	   5.1344012380755788e-01	   0.0000000000000000e+00	   3.2824549818343118e-01	   9.7376460764935768e-01	  -2.9738447442840717e-02	   1.1817549028736973e-01	   4.2530239457600849e-01	   4.8783802434780749e-01	   4.9938546856139771e-02	   2.0624360304848802e-01	  -1.6511320949265565e-01	   1.2343666753377597e-01	   1.5889344874912020e-01	   3.5632028755230383e-01	  -1.1428128115478216e-01	   8.9835725576414033e-02	   7.1927186580299979e-02	   9.7522914392099647e-02	   4.4400931041574221e-01	   6.7518382990318171e-01	   3.2230421090004341e-01	   4.6243831778107747e-01	   2.3821631409238825e-01	   4.5958559672607835e-01	  -1.5668308218265062e-01	  -5.3047924896086195e-02	   1.9048090109440272e-01	   3.4013773919894624e-01	   2.0709426415733900e-01	   5.0019095699335747e-01	   1.8431565735515582e-01	   3.4878799330606325e-01	   5.0088441401372896e-01	   4.5070738529102494e-01	   3.0854823907960571e-01	   3.8753162915380546e-01	   6.0408971199119876e-01	   5.3012238549552826e-01	   4.4389041444508937e-01	   3.4413299791256385e-01	   5.0924812610130832e-01	   2.7089028646102448e-01	   4.8393854870666397e-01	   2.2821450684821562e-01	   4.0727855295124704e-01	   5.2303616349870108e-01	   4.6820553009565374e-01	   3.8428367626275123e-01	   3.8619492751705853e-01	   3.9297523646851124e-01	   2.7475618237350835e-01	   3.0037322368803149e-01	   3.7715913127527145e-01	   4.7649842859722413e-01	  -1.8480374299185096e-01	   3.8255738001601730e-02	   2.4990056806102387e-01	   3.3949682371633300e-01	  -6.1069736980647760e-03	   9.7112494767103527e-02	   4.5042608374399135e-01	   4.2433330607271280e-01	   3.8758371531387498e-01	   6.1178330069395759e-01	   3.8336586683648621e-01	   6.6876632549534831e-01	   3.9337657662334830e-01	   5.4968523782752343e-01	   2.6863619699716146e-01	   3.9163113541088174e-01	   5.3218006027393594e-01	   6.9185554905533220e-01	   1.0729158035703508e-01	   1.0062142341522837e-01	   1.1287014476471298e-01	   3.0603580209944370e-01	   3.3527608360563163e-02	  -2.7509058565141232e-02	   7.4782418457095809e-02	   3.7908134696352702e-01	   1.1814955336956957e-01	   8.1768996201463912e-02	   1.8660650950448712e-01	  -9.4049193352278099e-02	   6.9797705011994310e-02	   2.8973187364461012e-01	   3.8400918270173723e-01	   6.1790128047620685e-01	   4.1980943310333019e-01	   4.1537350509512094e-01	   1.0150677591178159e-01	  -7.5785681969741558e-02	   1.8910449271594038e-01	   1.9065991018621148e-01	   4.3684923267550735e-01	   2.2787938692352203e-01	   5.0301016528456310e-01	   2.6226174717184136e-01	   3.0952929051135292e-01	   2.9752140164530594e-01	   3.0418719363264546e-01	   4.8917595245900530e-01	   6.0917529188734798e-01	   4.9574964211643197e-01	   2.8069040804570594e-01	   1.0762802597055696e-01	
   4.4189399201220747e-01	   1.7066990117094955e-01	   8.4244921011451512e-01	   6.7973672670580076e-01	   6.7658735869057596e-01	   6.4006697455805184e-01	   9.7212394136915625e-01	   7.3449894008653849e-01	   6.5857382945946752e-01	   5.9922413463038515e-01	   8.9356237170468567e-01	   3.2824549818343118e-01	   0.0000000000000000e+00	   5.1735402017510224e-01	   8.5320740547653728e-01	   4.6772027652849468e-01	   1.8543676131622144e-01	   7.7345282133303050e-02	   4.0092900031048262e-01	   9.3444305402566791e-02	   2.1750768757065908e-01	   3.3792844349507040e-01	   9.9790104872375529e-01	   5.1964674665589827e-01	   5.3931708153935409e-01	   2.7986592404284583e-01	   4.1993300640709852e-01	   3.0244158426299955e-01	   5.5709884880566252e-01	   3.0505161691986737e-01	   6.5314555686321329e-01	   5.8994557479419862e-01	   3.9005189997884782e-01	   3.6495679099725026e-01	   2.2607126745011322e-01	   2.1724765902259235e-01	   2.2380227058479557e-01	   1.7189534014530453e-01	   5.3900180300525691e-01	   3.2230097309031563e-01	   4.6933184998806210e-01	   1.7142202545810092e-01	   1.4022314160859772e-01	   1.3703197364324060e-01	   3.2840777091166099e-03	   2.6317633117040874e-02	   2.4991333373742236e-01	   2.2650509608762992e-01	  -9.8224654405343795e-02	  -4.2786258423192461e-02	   8.9066929710081177e-02	  -3.3877956763876789e-02	   1.5374790133967461e-01	   8.8368023271688939e-02	   4.1811628180645133e-01	   2.7070816692294286e-01	   3.3727316261719009e-01	   2.6467968541840303e-01	   1.0372337770280690e-01	   1.9308503475103928e-01	   4.4521209157917446e-01	   3.9260505596551099e-01	   6.3372957213373798e-02	  -5.6220825242274758e-02	   5.2803116800300753e-01	   2.7464794836994227e-01	   2.2242627817864122e-01	   2.4890246863859977e-01	   1.2862165706419559e-01	   4.4256045783278658e-02	   5.4095711530456381e-01	   3.4480649685169074e-01	   4.6037468187184505e-01	   3.0659703974651714e-01	   4.5146164162591634e-01	   3.8753858549401587e-01	   4.3152574140809569e-01	   1.4092612360338960e-01	   1.9196308074324608e-01	   3.7727273407892579e-02	   2.0333401509116500e-01	   1.5717558889344294e-01	   4.1478895648108111e-01	   1.4206670359813126e-01	   7.1458747921038923e-01	   3.0009475473324565e-01	   4.0326210175041488e-01	   2.7186514882388685e-01	   6.0652817647350843e-01	   4.6972766631509438e-01	   3.0004883340240807e-01	   5.8203710765733452e-01	   2.8770525860210572e-01	   4.6648976599711256e-01	   9.1787781105800284e-02	   2.2244563487123581e-01	   2.0287639185098660e-01	   3.7716031213837259e-01	   3.0673927916962063e-01	   3.6502076068499384e-01	   4.5124757518418435e-02	   3.2164238058932720e-01	   8.3665489985704736e-02	   3.5283781000320746e-01	   2.3776660880431821e-01	   3.1887891854848049e-01	   3.3966686080826347e-01	   3.2654397659095508e-01	  -8.8520200199097964e-03	   3.2714550536692685e-02	   8.5980252675712091e-02	   2.6665840967335341e-01	   1.9099084235675459e-01	   2.8882242648100215e-01	   2.3903374030946756e-01	   1.1411914083719861e-01	
