   0.0000000000000000e+00	   1.1600620528142933e+00	   6.4071845037973085e-01	   7.7407847190501744e-01	   4.7284219524173687e-01	   3.8528518953388075e-01	   5.3342038070627207e-01	   5.9936695220668845e-01	   4.1855888046844003e-01	   4.7859312852379987e-01	   8.1226044861448177e-01	   8.1340126084537856e-01	   7.0555882108194834e-01	   8.4138236302802860e-01	   6.0430237452242430e-01	   7.1718174893201980e-01	   1.1769719628753263e+00	   9.6551137212614035e-01	   1.1048062891896451e+00	   1.0828161343024338e+00	   4.9288692529178718e-01	   4.1706609903940040e-01	   6.8155202354220867e-01	   5.0224537306875627e-01	   5.2501142039136550e-01	   4.1927032108803941e-01	   4.2210345801857774e-01	   2.6032824483929151e-01	   9.4424416190481919e-01	   8.2998078063381864e-01	   8.2530287060082919e-01	   8.0296599837773086e-01	   1.0226865370147797e+00	   1.0170401821995263e+00	   3.8793950604656408e-01	   4.3266610391719246e-01	   4.9873442963653025e-01	   4.1541170314847009e-01	   6.2139791708950964e-01	   4.5938737295661430e-01	   7.1041297842788209e-01	   6.6329820147858476e-01	   7.2076642781135181e-01	   6.1551915245905253e-01	   4.4463187073916566e-01	   3.8253864681405131e-01	   9.0310435244573928e-01	   9.3831344538939565e-01	   4.9402534698967027e-01	   1.8730409058557385e-01	   6.9125768803518572e-01	   4.3337521783751992e-01	   8.9099417286405014e-01	   1.0239617863936348e+00	   7.3972664451195336e-01	   8.0151153033776978e-01	   1.4736471274989551e+00	   1.3414956286940904e+00	   1.2228163798770200e+00	   8.7381970197033432e-01	   1.1756588257309926e+00	   7.2326307154079827e-01	   1.4353108438165512e+00	   1.0795351801105868e+00	   3.7007609681101328e-01	   2.0466588741374114e-01	   8.0117944309566747e-01	   7.0548750517750214e-01	   9.2630338835379500e-01	   2.3927596274878254e-01	   5.6180156038527862e-01	   5.6766581668786675e-01	   7.6642626115010237e-01	   7.3133118504357708e-01	   6.6451297349034577e-01	   7.6004865529349919e-01	   1.0916151003077119e+00	   8.8619186408478567e-01	   1.0677585745105032e+00	   7.0524380644347173e-01	   1.1725707654646753e+00	   1.0028796928627874e+00	   7.2705678452364109e-01	   1.0299086335295207e+00	   1.0283592304877485e+00	   8.8841735422915180e-01	   3.8565110841159034e-01	   6.0374675599875560e-01	   5.0331641819353989e-01	   6.8663360100902604e-01	   6.4035806589099198e-01	   2.4361665250575781e-01	   3.3994558508673123e-01	   1.8328622104059045e-01	   6.4800181409065649e-01	   3.9836269786713463e-01	   8.7673251505105265e-01	   8.4168920624702759e-01	   1.2080753375699125e+00	   1.0990577016927556e+00	   7.3076194374327430e-01	   4.7820428285128225e-01	   8.5201579972898811e-01	   1.1884679803391232e+00	   5.0407466787143718e-01	   4.8536355374882223e-01	   3.6333527169595348e-01	   5.5117174835555771e-01	   4.8034235623133603e-01	   6.7074688446941855e-01	   8.1668805938535005e-01	   9.5814980661323179e-01	   8.9787277417567624e-01	   8.7417158885314039e-01	   6.0902057751005323e-01	   2.4748928902880521e-01	
   1.1600620528142933e+00	   0.0000000000000000e+00	   6.0169699702687873e-01	   8.6706499192986841e-01	   4.5429140455899714e-01	   5.0940466635640569e-01	   3.9869478555915172e-01	   5.9961409610763639e-01	   3.1429830296298017e-01	   4.8619997471804116e-01	   7.1873899260423990e-01	   9.5963900317718609e-01	   6.1453424360581221e-01	   9.2975220113891388e-01	   4.7215599462059138e-01	   7.9185217737114999e-01	   1.2706287352738728e+00	   1.1217433476606167e+00	   8.1638936115437399e-01	   1.2228928442470419e+00	   7.4435602845056992e-01	   5.9515315285397130e-01	   6.6858704158593329e-01	   6.6232659722877218e-01	   7.2217168845031110e-01	   5.9051844211426596e-01	   6.3995609628738837e-01	   4.9882911797402929e-01	   8.5384573149187648e-01	   8.4986103904513011e-01	   9.1792060998501368e-01	   9.0184712462343097e-01	   1.1561521926517777e+00	   1.3064184295078816e+00	   5.2157925610766354e-01	   5.4188461898433493e-01	   7.6639279271357563e-01	   6.0733400656598135e-01	   8.4940627531712332e-01	   6.5580598970308190e-01	   9.3010137534516235e-01	   9.0808185212971038e-01	   7.7370797270922820e-01	   7.1002995806041780e-01	   6.2329248464675269e-01	   5.7217282006426129e-01	   1.0535362846538563e+00	   9.8829193137388760e-01	   7.5640038223691242e-01	   4.4674308430902515e-01	   1.0929127842758417e+00	   7.7144359826439446e-01	   1.1096803904138781e+00	   7.7919400545143891e-01	   1.2526275056479965e+00	   1.0456822164493136e+00	   1.2959912671789149e+00	   1.4709523014421966e+00	   9.0305371254184641e-01	   7.8415209769559735e-01	   8.7638212500078994e-01	   6.8646445654708566e-01	   1.3593282841384644e+00	   1.1719836823841139e+00	   3.4770068406289611e-01	   3.1966979170527421e-01	   9.5758970401372512e-01	   9.6700876274931524e-01	   8.3244286361684861e-01	   4.0915367804622726e-01	   5.7797975721063710e-01	   7.5158421341844495e-01	   7.8556355831930769e-01	   8.9147061766753455e-01	   6.9656380008838281e-01	   8.9666501207003524e-01	   1.1189632833157970e+00	   1.1459127891995446e+00	   1.1186500187384731e+00	   7.7428646093284637e-01	   1.3333138044044008e+00	   1.3257436419438049e+00	   6.7314342802735772e-01	   9.9603040653873798e-01	   1.1206256772875480e+00	   1.1927812694443605e+00	   5.3628189150927597e-01	   7.4365875260436387e-01	   7.5039476347191403e-01	   8.5449474057460773e-01	   7.4803432910654299e-01	   1.4627765132567630e-01	   4.2131463974198002e-01	   1.7323992750239628e-01	   7.8260217926025688e-01	   4.3949991850702375e-01	   1.1458752405225958e+00	   8.3379103372579000e-01	   1.4154596393841277e+00	   8.5278159544403986e-01	   6.8573790465974283e-01	   3.8469357195642073e-01	   8.4842503691834459e-01	   8.7573064310695725e-01	   8.2074415601412964e-01	   6.5034679738292145e-01	   2.5151606054634840e-01	   3.4781061601157959e-01	   5.0150872262197665e-01	   6.9019850161333718e-01	   9.0524431397857885e-01	   9.3718220210747283e-01	   1.0438984640076199e+00	   1.2227237493867651e+00	   8.0378736296539555e-01	   3.3425113326996109e-01	
   6.4071845037973085e-01	   6.0169699702687873e-01	   0.0000000000000000e+00	   8.7973346142888997e-01	   7.2005151935273237e-01	   5.6567749979742865e-01	   1.3156718026370007e+00	   7.8680617765245564e-01	   8.7310480437048255e-01	   7.1811632276870030e-01	   6.4204913572530342e-01	   7.2358133876666397e-01	   8.0124860134317788e-01	   6.9870356172522474e-01	   8.0407285160265762e-01	   8.0381723622252788e-01	   4.5737746162370696e-01	   2.6774399308966890e-01	   5.8568632371155160e-01	   5.4450862702335134e-01	   3.8467234707666409e-01	   3.8243419459329481e-01	   1.1886263195805591e+00	   7.1862899271127145e-01	   6.7987400467937376e-01	   5.6618851064501241e-01	   6.3090674505619271e-01	   3.9916907837939658e-01	   4.8740227681614673e-01	   3.5741908560611324e-01	   7.2549983671587426e-01	   5.9628087309308364e-01	   7.2137556978197215e-01	   5.8560261581874173e-01	   5.9022108426319386e-01	   5.5788610088703261e-01	   5.5959109782094762e-01	   3.9429864948844212e-01	   6.1806556348573460e-01	   4.4915217023110299e-01	   4.6545882796341026e-01	   4.9508433280988912e-01	   5.9351486427455868e-01	   4.3703994378306760e-01	   5.1226652381071869e-01	   3.9076449394687479e-01	   6.2226669337532536e-01	   6.2231776758292756e-01	   6.2711384095424139e-01	   3.8647874669072108e-01	   7.9771620434821322e-01	   6.6963905624246578e-01	   6.8605235920489538e-01	   6.4638054991558214e-01	   6.5230383555846971e-01	   6.9265965993543455e-01	   5.1660480967121925e-01	   3.8134179557507591e-01	   5.4850389513703079e-01	   3.5406706541815119e-01	   8.0866082449581389e-01	   6.1146712734509601e-01	   4.8087385941137883e-01	   4.3179492539167641e-01	   7.6958510739783825e-01	   5.4031474798212487e-01	   7.2573153170721372e-01	   5.9849664528552282e-01	   5.1142338095944440e-01	   2.0392517091697143e-01	   4.6713628072136271e-01	   4.4069047568936348e-01	   3.5715224907130955e-01	   3.4918903114173444e-01	   3.4953530128038129e-01	   3.9646963617563158e-01	   5.8402493947372547e-01	   5.3047479195539005e-01	   3.8006224882088024e-01	   2.4850267706751161e-01	   6.0537127872983798e-01	   6.2132556312489151e-01	   5.2387467607262050e-01	   6.4153059041167593e-01	   9.0796395464417956e-01	   7.9863136783544109e-01	   4.7174107426188344e-01	   2.3855602459844361e-01	   9.4962936998188041e-01	   7.8417050477995076e-01	   8.3659946641048577e-01	   8.8522204212386335e-01	   7.1037719286939782e-01	   8.1444780397215644e-01	   6.8066275319301695e-01	   3.2273029420004640e-01	   7.0153484781358344e-01	   5.8028071521948177e-01	   7.3053245051989923e-01	   7.8780524722935152e-01	   6.8209330301136539e-01	   7.6944043435645226e-01	   4.3581799139532951e-01	   6.2086617926964860e-01	   4.2282810914876501e-01	   5.6000720455275066e-01	   1.8729053255071004e-01	   5.5730230169897277e-01	   6.5465725303914279e-01	   5.7954383024166467e-01	   6.1822505812837369e-01	   6.8577515434106240e-01	   8.8709766489671404e-01	   8.0559164212404588e-01	   6.1243076536952179e-01	   1.1691404425266441e-01	
   7.7407847190501744e-01	   8.6706499192986841e-01	   8.7973346142888997e-01	   0.0000000000000000e+00	   4.9562491693654620e-01	   5.4278651488842233e-01	   6.2152384044080755e-01	   1.0734992071222502e+00	   4.1800075156702149e-01	   6.2360108260917113e-01	   4.6924310782259160e-01	   9.4061761322920734e-01	   4.9483313748413443e-01	   8.5230254529256133e-01	   5.6306394961676365e-01	   8.9739196475092742e-01	   5.9294915763647960e-01	   5.3505324578463376e-01	   5.7883814636647779e-01	   7.0318466963949910e-01	   6.3055157394044703e-01	   7.3776786048828891e-01	   1.0359875553679914e+00	   1.4068199121162406e+00	   9.0467041416227056e-01	   1.0566492445265065e+00	   7.3300919357193306e-01	   6.1439166953800894e-01	   3.9711707775963700e-01	   4.1711804656928420e-01	   8.3895077826060627e-01	   8.9695034924247063e-01	   6.5811755050858944e-01	   7.2155720389273870e-01	   5.7498642657929222e-01	   6.0611278361066978e-01	   6.2839895582582284e-01	   5.8415087959754541e-01	   6.2744469202368114e-01	   5.5879142567670104e-01	   5.3890802807974736e-01	   6.7253342713625885e-01	   4.7070854070290702e-01	   3.5366937910187429e-01	   3.7641840464275261e-01	   2.4244403642294404e-01	   5.8684457330273299e-01	   6.2473248184502850e-01	   4.2206416465187691e-01	   2.1339537003855272e-01	   8.7478391800780231e-01	   6.9163464960085896e-01	   6.3735457762798464e-01	   5.6325093796149550e-01	   6.2897232584700025e-01	   7.1745340431364801e-01	   7.0892191651965242e-01	   7.1548410316402489e-01	   6.5950582631934174e-01	   5.3337593443685671e-01	   7.3481193389738442e-01	   8.0744931208056114e-01	   7.2349656047413879e-01	   5.7397744411061180e-01	   6.1025001653393596e-01	   8.1544136440148540e-01	   9.4350841596160695e-01	   8.7123850711208417e-01	   6.7214915706714851e-01	   2.9204322086485440e-01	   4.9345522261237690e-01	   6.4684975134681333e-01	   4.1609644595486739e-01	   4.6631521873148191e-01	   3.5955997572129778e-01	   4.5789164826785211e-01	   6.7343141279511520e-01	   7.1919829423304249e-01	   5.4209634102216109e-01	   3.4293877569142306e-01	   7.4517131999736586e-01	   8.8081665165287093e-01	   6.3731087980243295e-01	   9.1797017027960159e-01	   1.0200566653007592e+00	   1.2349968970580916e+00	   7.0995927573536322e-01	   5.4043939953850006e-01	   7.8136047540982645e-01	   9.0022924764034817e-01	   1.1149409939405857e+00	   4.7249331901116420e-01	   9.9992120474647583e-01	   3.9385082470341326e-01	   5.9322603527249618e-01	   3.9000485883567965e-01	   8.2082908663589327e-01	   6.2725837376326576e-01	   8.3467582174943633e-01	   7.9979076135283156e-01	   8.9937463283137653e-01	   4.9058810627114213e-01	   7.4824476429068498e-01	   7.6537226139745418e-01	   6.6760406886833223e-01	   5.8577967423032862e-01	   4.0214814542334559e-01	   4.0532961872055612e-01	   5.4514760047355160e-01	   7.0765882858233786e-01	   8.0377759942911053e-01	   6.6277211681737913e-01	   1.0245070460777643e+00	   1.0529810927272809e+00	   7.1574289470913821e-01	   1.2378420960212230e-01	
   4.7284219524173687e-01	   4.5429140455899714e-01	   7.2005151935273237e-01	   4.9562491693654620e-01	   0.0000000000000000e+00	   1.0833391428178294e+00	   7.4155427438155008e-01	   6.6382109640832165e-01	   9.5897695355858270e-01	   7.7921763211200690e-01	   3.1014982422503740e-01	   3.7578116625094182e-01	   3.7532680686854503e-01	   4.3689470981220380e-01	   4.3829033821955687e-01	   6.1769019743288411e-01	   3.1735860527144555e-01	   2.7623955997185051e-01	   1.4547459286797582e-01	   2.0937922198467218e-01	   4.5218648110255005e-01	   4.0861383917623989e-01	   6.3513905917144686e-01	   4.1062944540973445e-01	   7.7762251173331731e-01	   5.8005805899735030e-01	   6.2945819846790430e-01	   4.6345460580261488e-01	   2.6117249025088074e-01	   2.0667282171254076e-01	   5.0722655819675222e-01	   4.6865399635338023e-01	   4.8336521749213895e-01	   4.2119231589096701e-01	   5.2585570789607372e-01	   4.8899878216401910e-01	   3.5835358865332123e-01	   3.4199702897429624e-01	   4.2374028193353291e-01	   3.5444496212348842e-01	   3.6936803037264865e-01	   4.1040314311900261e-01	   4.5363612999194952e-01	   2.5628339469621586e-01	   3.1080492419321376e-01	   1.7685258883289770e-01	   4.9460889539011532e-01	   5.0345240114565737e-01	   5.5010319392842089e-01	   1.7336893235069362e-01	   6.6367181864922553e-01	   4.9199255898590510e-01	   7.1265733686115340e-01	   6.4850224168485437e-01	   4.6067005108438608e-01	   4.3751032687633395e-01	   4.8698415066782902e-01	   3.4507142414193326e-01	   5.0651792691312536e-01	   3.3760209725776136e-01	   5.0988935824354398e-01	   3.3296951402338854e-01	   3.6197648610154742e-01	   3.5804359840915889e-01	   3.4129343387074862e-01	   3.2803705093262547e-01	   5.9546456823966032e-01	   4.8405359986301499e-01	   3.4157024516276918e-01	   2.2073133249991925e-01	   3.2893607654145984e-01	   3.8846267728837081e-01	   1.8996273258788574e-01	   2.0791420780871059e-01	   1.5728882040621217e-01	   2.4350204872834363e-01	   4.1986331076550898e-01	   4.1116489780455623e-01	   2.8267745749957929e-01	   2.8482921471537687e-01	   3.7184195281775162e-01	   4.6778953695604686e-01	   3.2923877600450319e-01	   4.9308174469810956e-01	   3.8676819849642607e-01	   5.6060029197735017e-01	   3.0850775871359432e-01	   1.5377640238736104e-01	   5.3973229023005653e-01	   5.7664190399091242e-01	   6.6352694565317005e-01	   6.4531941077928512e-01	   4.4524315059335806e-01	   4.6011607035413510e-01	   4.3286295941850844e-01	   2.5606095488742536e-01	   4.8298794027064018e-01	   3.7207449822468164e-01	   5.1364004996913204e-01	   4.1575350861532573e-01	   3.0068715684048930e-01	   4.5395988817979976e-01	   1.7685702142630150e-01	   2.9682411524448643e-01	   2.4447820197712256e-01	   2.6758491293070708e-01	   1.2238176534842368e-01	   4.5993153761308958e-01	   2.3427366398050581e-01	   4.5205986166850232e-01	   5.7422175327771730e-01	   5.9886899358561796e-01	   5.0091456553504754e-01	   3.7668090674991772e-01	   2.8294519192813450e-01	  -3.3368320234921825e-02	
   3.8528518953388075e-01	   5.0940466635640569e-01	   5.6567749979742865e-01	   5.4278651488842233e-01	   1.0833391428178294e+00	   0.0000000000000000e+00	   4.8570133711287433e-01	   7.2137814631860930e-01	   6.8223620237272453e-01	   9.4480271189376808e-01	   1.8919500030249853e-01	   3.8748283234772618e-01	   2.1712754833990899e-01	   4.5420082533365669e-01	   4.6843295718778633e-01	   7.8866259100602631e-01	   3.1842037120344774e-01	   3.0572619125158856e-01	   1.8983561967915522e-01	   2.4558901042962444e-01	   5.3651269926815215e-01	   5.8005411153619768e-01	   5.7746502020005297e-01	   4.7738585047776627e-01	   6.9223661581992080e-01	   7.1589308128712159e-01	   7.1340247068203899e-01	   8.2602306617503074e-01	   2.3359673756773297e-01	   2.3379055219803141e-01	   5.3931439898466693e-01	   5.8172370846741206e-01	   4.8577616725880657e-01	   4.7488046585747445e-01	   6.2619977346309597e-01	   5.2672209045669183e-01	   4.1966756752808515e-01	   3.4222424570542243e-01	   4.3759931134153568e-01	   3.7201436647732633e-01	   3.5858402682369744e-01	   4.1512746309298387e-01	   3.6153688361830433e-01	   1.7375451237787387e-01	   3.5413668469454490e-01	   2.2631879090169330e-01	   3.8997681386615968e-01	   3.8889784170891084e-01	   5.1747123167272513e-01	   2.4713251680364814e-01	   6.5473866003004466e-01	   4.6469826511140722e-01	   5.7412162940585421e-01	   5.3600039706674041e-01	   4.6421342781040514e-01	   4.0675221218534557e-01	   5.0606589120627143e-01	   3.1377417385835565e-01	   3.1464936483476680e-01	   3.2577486488551954e-01	   3.4588495078293230e-01	   3.8422921412672412e-01	   3.3399691658182756e-01	   2.7362232848266699e-01	   4.6692668893197425e-01	   5.1561394432691621e-01	   4.9422352622739563e-01	   4.4426308318305230e-01	   3.0409983008079028e-01	   1.6140584367977318e-01	   3.2114645895069677e-01	   4.5429819508614938e-01	   2.4653185193608534e-01	   2.7019987593198280e-01	   2.2705042038397702e-01	   2.9998830662245485e-01	   3.6830283128609564e-01	   3.5870889577546328e-01	   3.1645325269589702e-01	   3.2811175543698284e-01	   3.8838648143459303e-01	   4.6842133219405646e-01	   2.8118895582206554e-01	   4.4741673282405248e-01	   4.3518834091147951e-01	   5.3203041211394331e-01	   4.0094981236298211e-01	   2.3046131332572206e-01	   6.6449692257748494e-01	   7.1951372387005508e-01	   6.0352359925291366e-01	   5.2902945204142593e-01	   5.6483136127978506e-01	   5.0636157843923679e-01	   3.6623239678638059e-01	   2.2709316116293321e-01	   4.1989886387943343e-01	   2.9297308720767579e-01	   4.4439562038263369e-01	   2.9690379679022644e-01	   2.8577014375823195e-01	   4.1767657805311653e-01	   1.8856714825380674e-01	   3.0534473731570533e-01	   3.1167331304662355e-01	   3.0489277344631976e-01	   1.6011477849628969e-01	   2.4483720741816170e-01	   1.5413574503454619e-01	   3.5928426213029874e-01	   4.5189103402068820e-01	   4.1297790050122124e-01	   4.5909192931378140e-01	   4.4307908041923161e-01	   2.7320942769402001e-01	   5.0857859548161910e-02	
   5.3342038070627207e-01	   3.9869478555915172e-01	   1.3156718026370007e+00	   6.2152384044080755e-01	   7.4155427438155008e-01	   4.8570133711287433e-01	   0.0000000000000000e+00	   9.1667343733261453e-01	   1.0854236899851413e+00	   7.6761320998435434e-01	   7.5596228812426436e-01	   6.3069698314794365e-01	   9.8441945215722093e-01	   7.8036114187011996e-01	   5.8341574327539492e-01	   5.4688719808115893e-01	   3.7627013783302043e-01	   1.6746300509368184e-01	   4.1560509990863176e-01	   3.9134607040342101e-01	   1.5395770220338645e-01	   1.1787907251157143e-01	   7.3151657048461993e-01	   3.7303752652714234e-01	   3.3873208640094177e-01	   2.3774490308373894e-01	   2.9533359834658918e-01	   1.8392188562180334e-01	   4.6055761287873331e-01	   2.9320619078651394e-01	   5.2942143810543552e-01	   4.8145129258902808e-01	   6.0862984214192795e-01	   4.9817259343967885e-01	   3.1454678889106896e-01	   3.3620989115225913e-01	   3.0522561073734000e-01	   2.4720421981642693e-01	   4.2399798220237694e-01	   3.2234923252121089e-01	   3.0873208315939527e-01	   2.8273553916419647e-01	   4.4389705302197680e-01	   3.2585295212806031e-01	   3.5514007432576522e-01	   2.7895213891608056e-01	   4.4595337475861091e-01	   4.9683538089482959e-01	   5.0016260750623220e-01	   2.5024947671650732e-01	   5.7142118077523474e-01	   4.5844016817787364e-01	   6.9816908382763665e-01	   6.5742966161537542e-01	   4.7536356019257253e-01	   4.8564659149059419e-01	   4.0771719845121362e-01	   2.7926642220764930e-01	   5.0771093359849806e-01	   2.9399176410884320e-01	   8.4070810706838617e-01	   6.0587275445778743e-01	   3.7395622985519761e-01	   3.6756934460393043e-01	   4.5067633625697168e-01	   2.8827242735242470e-01	   5.5413121196161008e-01	   4.1875825998530519e-01	   4.2503502042604091e-01	   1.8148113331154000e-01	   3.1902815682864416e-01	   2.9012973358354682e-01	   2.6806286381571187e-01	   2.2830731802679977e-01	   2.3168557059223077e-01	   2.5795555557742317e-01	   4.7684356492420776e-01	   4.1851689238806611e-01	   2.4802440451306307e-01	   1.2091053874412684e-01	   3.9739781260256080e-01	   3.7395362835675883e-01	   2.4751959606573731e-01	   4.4006794730515092e-01	   6.6175971693488944e-01	   5.7375405669338764e-01	   1.0700573375944623e-01	   2.8408235266242917e-02	   5.9300401583212115e-01	   6.4936278450525886e-01	   6.9007056499644670e-01	   7.7106314416949029e-01	   5.7119851914361675e-01	   7.6001828547656525e-01	   5.0516643513325366e-01	   2.7818394484954539e-01	   4.8890866828530211e-01	   4.6617820913134389e-01	   5.4717881370954491e-01	   6.2417216111110307e-01	   5.7895114195789277e-01	   8.8770746193384364e-01	   2.5445746553660831e-01	   5.0991385829380331e-01	   3.7643704712098064e-01	   4.9931335375758651e-01	   1.7505548136951543e-01	   6.4258292101683689e-01	   4.5688415563271856e-01	   4.6920749304194326e-01	   4.4217933074909421e-01	   5.4342707293877779e-01	   6.8020692501038904e-01	   5.4082562004463042e-01	   4.1685522805057562e-01	   2.2340939027890377e-01	
   5.9936695220668845e-01	   5.9961409610763639e-01	   7.8680617765245564e-01	   1.0734992071222502e+00	   6.6382109640832165e-01	   7.2137814631860930e-01	   9.1667343733261453e-01	   0.0000000000000000e+00	   6.1728934636713284e-01	   9.3536076488673825e-01	   5.2952195954154369e-01	   9.1970559209113256e-01	   6.4023188173422385e-01	   1.0401446914055934e+00	   5.4727183949703440e-01	   6.8480357667520109e-01	   5.1955304155565563e-01	   4.6865226038669772e-01	   4.1753929210521956e-01	   5.3961821324743997e-01	   3.7620182906771726e-01	   4.0201508431925226e-01	   8.7343953382007022e-01	   6.8723546933137369e-01	   5.8832750337585460e-01	   6.3076476953612892e-01	   4.3453104310244445e-01	   4.2101199318178240e-01	   4.4907725400558268e-01	   4.6685683069804096e-01	   8.5573772976509621e-01	   9.5595443391037571e-01	   7.5386704282543926e-01	   7.7129007814689088e-01	   5.4321896074612097e-01	   5.2579350592681418e-01	   3.9306318475024860e-01	   3.9439249508038854e-01	   5.0440847081123574e-01	   4.3088759245813280e-01	   4.1148547205482522e-01	   4.4709814759383726e-01	   3.5190775032231808e-01	   3.2659485386085474e-01	   3.4996008203134998e-01	   2.7455745535055065e-01	   4.7851477669917952e-01	   5.9417846068672964e-01	   4.6394755542377453e-01	   1.9607251477273244e-01	   6.7194198993986232e-01	   4.9453140001749668e-01	   7.2768413287876310e-01	   6.5634650216982293e-01	   5.2974376680363644e-01	   4.8982935372578384e-01	   5.7960064814075252e-01	   4.7715220397143543e-01	   5.3684215614189312e-01	   5.3265586866807679e-01	   6.2358637675874595e-01	   8.4026909191268273e-01	   5.6414284284942440e-01	   5.0495108648434472e-01	   4.3964360076684439e-01	   5.0307370647050165e-01	   7.4211895244893211e-01	   6.3983302633094186e-01	   5.4213746447268951e-01	   2.2167402133082600e-01	   3.7882923309380373e-01	   5.3227665095119348e-01	   3.9298391814301398e-01	   3.9065011459693172e-01	   3.1954954922067297e-01	   4.1403736723367107e-01	   5.8191645363194877e-01	   5.9006537291189465e-01	   4.5372430462154317e-01	   3.4474201847765484e-01	   5.0280515261589898e-01	   5.3625119294452217e-01	   3.6677562062218955e-01	   6.4972395875732858e-01	   8.0052549161868636e-01	   7.8642426304010682e-01	   2.4998989670082750e-01	   2.6793238530800356e-01	   6.1470013024884795e-01	   8.5202650879477493e-01	   9.8884349299421215e-01	   4.5127051450197564e-01	   9.6797816871771591e-01	   4.0818118919354107e-01	   4.7553599183786333e-01	   3.5292360672838979e-01	   6.5555427342200978e-01	   5.6559071112923220e-01	   6.9413649459761706e-01	   5.8160201047535920e-01	   8.3773378816305533e-01	   5.5454481966944047e-01	   5.2325336488760299e-01	   6.2195577139935398e-01	   6.5966787031762919e-01	   7.1756226852986382e-01	   4.1008587047088835e-01	   5.0495072660429341e-01	   3.1651358383277178e-01	   5.4846105479775686e-01	   6.6575963942565741e-01	   6.2259837425304299e-01	   8.8634878533951189e-01	   7.5299122086501169e-01	   5.5912768435472016e-01	   3.2703692194625361e-01	
   4.1855888046844003e-01	   3.1429830296298017e-01	   8.7310480437048255e-01	   4.1800075156702149e-01	   9.5897695355858270e-01	   6.8223620237272453e-01	   1.0854236899851413e+00	   6.1728934636713284e-01	   0.0000000000000000e+00	   6.4583141565944113e-01	   4.7221619291435041e-01	   3.4687197745295606e-01	   5.6452562869438583e-01	   5.0196481949343974e-01	   5.2708637229241462e-01	   5.3944556856745729e-01	   2.7781262221467462e-01	   7.0319436049748552e-02	   1.8557981673300655e-01	   1.9663270697562951e-01	   2.2800435049934903e-01	   2.0508482846685652e-01	   5.6317904035019539e-01	   3.0322243271331478e-01	   4.2526020825601052e-01	   3.0592100449833293e-01	   4.0008959825878898e-01	   2.5381092288010132e-01	   2.8037212723211485e-01	   1.7071846315334172e-01	   3.2255361885248018e-01	   3.3387291669969010e-01	   4.1053466422229418e-01	   3.4169156134978684e-01	   3.1485235021546071e-01	   4.0026340098272206e-01	   3.2667183916685344e-01	   3.5356698126447605e-01	   4.5542886208434880e-01	   4.1157642422490226e-01	   2.9889123968113318e-01	   4.0651371342784592e-01	   4.9120402860830809e-01	   3.2746228630075896e-01	   3.7962430907797573e-01	   2.7929899885262061e-01	   4.3271058046366639e-01	   4.6815577270017722e-01	   5.2838218421510730e-01	   2.8819245917253689e-01	   5.2291545523383742e-01	   5.0994171502764452e-01	   5.7358862744850170e-01	   6.1334485263683991e-01	   3.9196132606789930e-01	   4.7971901673559247e-01	   4.3275065538001722e-01	   2.2131395394438830e-01	   4.6845062544296923e-01	   2.3040526418077606e-01	   6.2489138905898578e-01	   4.3773837227446727e-01	   2.4377773525222005e-01	   2.8717962110256046e-01	   4.0019814295993439e-01	   3.5896424451698355e-01	   4.2420279487177276e-01	   3.4667127431354616e-01	   2.7897975829364968e-01	   2.0679386396233390e-01	   3.1043159747104826e-01	   2.2400955501521497e-01	   1.4256427206147848e-01	   1.4236256272591563e-01	   1.1184761657874469e-01	   1.5521132543839081e-01	   3.9857926708296526e-01	   3.7337826906902633e-01	   2.1475568820275365e-01	   9.1365637799379062e-02	   3.5257824171252911e-01	   3.4682275357323644e-01	   3.0434531642201307e-01	   3.0530617939422788e-01	   3.9297645606857956e-01	   4.9735643021343312e-01	   1.2607040936022357e-01	  -4.6339756721525804e-03	   5.1196620648857150e-01	   6.2085428690607114e-01	   5.7916896279672292e-01	   9.1619169568221404e-01	   4.6114483472204926e-01	   8.5249542672826384e-01	   3.6305708595400593e-01	   2.9178564472630936e-01	   3.8689824843397380e-01	   3.7561796912634438e-01	   4.2779884535258605e-01	   5.1194820100416694e-01	   2.8954906523101448e-01	   7.3680419556393451e-01	   6.4117969518018070e-02	   3.1637115670953742e-01	   1.9587995373930703e-01	   2.8644882003674338e-01	   6.8141927616775219e-02	   4.0067988832024298e-01	   4.2514713484671474e-01	   3.7095777972112226e-01	   3.8272559554822383e-01	   5.1962400069966463e-01	   4.9813782185224587e-01	   3.4107169816798627e-01	   2.6090291160115026e-01	   6.3366839490343607e-02	
   4.7859312852379987e-01	   4.8619997471804116e-01	   7.1811632276870030e-01	   6.2360108260917113e-01	   7.7921763211200690e-01	   9.4480271189376808e-01	   7.6761320998435434e-01	   9.3536076488673825e-01	   6.4583141565944113e-01	   0.0000000000000000e+00	   4.6133308791740235e-01	   6.9355777567681998e-01	   4.8986722060187138e-01	   7.5332662636621017e-01	   4.0312344056519217e-01	   7.5227324174851584e-01	   4.0773919732391767e-01	   3.2614234108645307e-01	   4.1343329653572058e-01	   3.9742164009871811e-01	   3.5467233798993381e-01	   3.3423055361237958e-01	   6.8005670599617607e-01	   4.2186556687426185e-01	   4.3289869735526976e-01	   4.2448080979120023e-01	   4.5281722520398671e-01	   5.1334311650852438e-01	   4.7071659349189471e-01	   3.8048050084655960e-01	   6.6291667407677890e-01	   6.5400260100247776e-01	   7.3698365251688758e-01	   6.4260946394177798e-01	   4.9832518879384047e-01	   3.9967896032645128e-01	   2.5138346844474896e-01	   1.0071057709914501e-01	   2.8390078702009752e-01	   1.5553973627599674e-01	   3.7063753932291266e-01	   2.3094040716561204e-01	   3.7335436196165261e-01	   2.9787567507614132e-01	   5.0944517981804482e-01	   3.9544082246951195e-01	   4.5691934561903880e-01	   4.2449939608392373e-01	   6.1446616847406421e-01	   3.3177274791008587e-01	   6.8397134167996088e-01	   5.2397442212766243e-01	   5.7979173802133277e-01	   6.8380606797888421e-01	   4.4418207842926699e-01	   2.9618797004619646e-01	   4.2620794416187457e-01	   3.0381981041944728e-01	   3.9153615319686369e-01	   5.0768245377914323e-01	   4.9369792170263582e-01	   7.3941149249452776e-01	   4.4850369167978366e-01	   4.0444753820384655e-01	   4.3388213113983110e-01	   4.1311900036050170e-01	   5.6627865006475331e-01	   5.2595341004963891e-01	   3.1400144114077727e-01	   1.1177476965797610e-01	   3.5895012087876305e-01	   4.8587698507649657e-01	   3.6567700292031374e-01	   2.8921627503068892e-01	   2.9820509163600484e-01	   3.1992308760297272e-01	   4.4812740352593600e-01	   3.5310510078157648e-01	   3.5708370884563029e-01	   2.0515228848485295e-01	   4.1689829462796618e-01	   3.3532772093063945e-01	   1.9512516116892276e-01	   4.5351612790328522e-01	   5.8574931804484276e-01	   5.0689925720069673e-01	   2.3950904721195088e-01	   1.6128143237422415e-01	   5.3920793745094486e-01	   6.6566271391456577e-01	   5.4127846149742109e-01	   3.8301117601256429e-01	   5.6230065607756408e-01	   4.3179816499298423e-01	   3.0971333241396265e-01	  -8.7758778982951324e-03	   3.9325869958703774e-01	   2.2928585849837430e-01	   5.3544918258206653e-01	   3.0493130792906198e-01	   5.4866740645100476e-01	   4.8492745479388188e-01	   3.0317165998621404e-01	   4.1033683543152027e-01	   4.3132399329637366e-01	   3.9581596198107177e-01	   3.2358605590211009e-01	   4.3126882063734140e-01	   1.0454649860697883e-01	   3.1346661526092223e-01	   3.7518934329217690e-01	   3.6796518094599590e-01	   5.9474147178116687e-01	   4.5846837905997928e-01	   2.1870564891084870e-01	   1.3179713996931602e-01	
   8.1226044861448177e-01	   7.1873899260423990e-01	   6.4204913572530342e-01	   4.6924310782259160e-01	   3.1014982422503740e-01	   1.8919500030249853e-01	   7.5596228812426436e-01	   5.2952195954154369e-01	   4.7221619291435041e-01	   4.6133308791740235e-01	   0.0000000000000000e+00	   8.8749158478927048e-01	   1.4086528801884892e+00	   8.9799059602935505e-01	   3.9654956258377017e-01	   4.9575306701954103e-01	   9.5730764737350027e-01	   6.2645550420246077e-01	   8.4465861118090779e-01	   7.4118748357899389e-01	   2.2039953395044395e-01	   9.7242261959454221e-02	   5.3408426675158260e-01	   2.4235708200679237e-01	   1.3730128298329558e-01	   2.1102074009317233e-02	   1.6006488985168973e-01	   3.0855665004920405e-02	   1.0977203154990867e+00	   8.3288715096661081e-01	   6.4763001636351503e-01	   6.0261666292185945e-01	   9.9978139931814325e-01	   9.3423133480356813e-01	   1.0018638640511068e-01	   1.9474473509185475e-01	   3.9411033885877605e-01	   3.3839443565022692e-01	   4.7708165879826248e-01	   4.0537494345353725e-01	   6.5841116376382236e-01	   4.9425944411187178e-01	   7.0639324245490875e-01	   7.4427785382097700e-01	   4.5332744298764682e-01	   5.0476683654805998e-01	   8.1923710954410633e-01	   8.6379706746269103e-01	   5.0855697318843740e-01	   2.9440107694212581e-01	   5.3843747316338242e-01	   4.5352041722792974e-01	   7.4774253251007761e-01	   7.7162822984978874e-01	   6.9170616875908708e-01	   6.9065931946155423e-01	   6.3067301310689561e-01	   6.1438026932149559e-01	   6.2035945911384582e-01	   4.7734895355171542e-01	   1.0156660709250127e+00	   8.0642456063323797e-01	   7.3823857001606175e-01	   8.1184650626231791e-01	   1.1895473375550204e-01	   3.4358525492829348e-03	   4.1313255279244987e-01	   3.8934766853867758e-01	   4.6613164542683244e-01	   1.5154305357071174e-01	   5.7468678983448696e-01	   5.0101684264547131e-01	   7.4857702398966652e-01	   7.1443592610643269e-01	   6.7380926732824642e-01	   6.9912869563619962e-01	   8.8074112122668657e-01	   7.7428090629097601e-01	   7.6462503017220484e-01	   4.8196782417128592e-01	   8.3345630124013537e-01	   6.0644856698488903e-01	   3.1028857613345778e-01	   5.5236910315599708e-01	   8.5435388667221446e-01	   6.7366593130501407e-01	   5.2454773178804544e-02	   3.0938174516774575e-01	   3.0681708433152088e-01	   5.8166338043568588e-01	   4.4975179550411648e-01	   2.5197327707918898e-01	   1.5669782243388294e-01	   2.8583651513838676e-01	   5.6917791838334320e-01	   2.8012937109233527e-01	   6.5901213884717602e-01	   6.5198077016888345e-01	   8.0724670501481244e-01	   8.0072283104212250e-01	   4.2976579835018491e-01	   5.6953441904264501e-01	   3.1747252790493558e-01	   5.6083009407356910e-01	   4.8649479302555065e-01	   4.6088902242859153e-01	   1.0140210306132826e-01	   3.2590190767155558e-01	   4.9643805334432833e-01	   5.5601483702987520e-01	   5.2761869145328888e-01	   6.8181991745645798e-01	   7.2168048510963401e-01	   5.6082609931965843e-01	   4.4784693907652356e-01	   4.4944204646669406e-01	
   8.1340126084537856e-01	   9.5963900317718609e-01	   7.2358133876666397e-01	   9.4061761322920734e-01	   3.7578116625094182e-01	   3.8748283234772618e-01	   6.3069698314794365e-01	   9.1970559209113256e-01	   3.4687197745295606e-01	   6.9355777567681998e-01	   8.8749158478927048e-01	   0.0000000000000000e+00	   9.0664108550022515e-01	   1.4884210286276935e+00	   4.9514151664428219e-01	   9.2554545374172537e-01	   9.0646334964056763e-01	   8.3868956246215842e-01	   7.4054658753909575e-01	   7.9731660693764894e-01	   5.6629760651942107e-01	   4.8003779737734598e-01	   8.2872658359477325e-01	   7.3455596990562144e-01	   5.3748110174205743e-01	   5.2186701868970231e-01	   4.9632706143027483e-01	   4.3767859584705199e-01	   8.9418200031855211e-01	   9.3207288734900506e-01	   1.1658256655760730e+00	   1.1381722348224885e+00	   1.1187562455225091e+00	   1.1419518366931405e+00	   5.5836791038485245e-01	   6.2849298956335309e-01	   6.9564983612744014e-01	   5.6656829426629707e-01	   7.2340224979503709e-01	   5.5752570891277120e-01	   9.0636643373945747e-01	   7.6635758685409661e-01	   7.5492196235464581e-01	   6.7048275201745078e-01	   6.2700004993155867e-01	   5.2605681797650150e-01	   9.7315429251767704e-01	   9.5130315282828237e-01	   6.4082213121595533e-01	   3.1091668906572495e-01	   7.8998544342758859e-01	   6.7557565304639022e-01	   8.4618689412938364e-01	   6.8197854498417398e-01	   9.2964506939200431e-01	   7.9605302491876107e-01	   6.9915804460244368e-01	   6.7165295528832825e-01	   6.2150577608423707e-01	   5.4671403892560666e-01	   7.2076412232702869e-01	   8.4405451199905512e-01	   8.5894276993049579e-01	   7.6108082578461944e-01	   2.9795484134013478e-01	   4.0051885289617700e-01	   7.6241594514443622e-01	   7.5602522604575073e-01	   5.1872697680391289e-01	   7.6153244268812759e-02	   6.5991141588935465e-01	   8.4236648431947025e-01	   7.6709133831104526e-01	   8.3585836296715166e-01	   6.9486053227731959e-01	   8.2831797709600818e-01	   1.0763532747609388e+00	   1.0115488208913557e+00	   8.2642416517920037e-01	   5.9466850387922732e-01	   9.1915236880413287e-01	   9.2257091421346127e-01	   5.6427711815710913e-01	   9.1532102224181977e-01	   1.0286025271588832e+00	   1.1201800171280036e+00	   3.4399772358698988e-01	   5.2084688978886606e-01	   6.3005333211734771e-01	   7.9607482669002083e-01	   7.6533300768018497e-01	   2.2195966086462987e-01	   5.6269736844566576e-01	   2.1145842820908478e-01	   7.0132532875926101e-01	   3.5021509618089719e-01	   9.0394302556135520e-01	   7.3922444230914441e-01	   1.0577312246040542e+00	   8.2273018572114331e-01	   7.8543508274232776e-01	   3.6404853823873606e-01	   5.9552914271701407e-01	   6.6713290095105560e-01	   7.3035249358127463e-01	   6.7764839129101917e-01	   2.5276722800462892e-01	   3.5453065024679753e-01	   5.3752761847540753e-01	   7.4245327934193295e-01	   8.6636139383716171e-01	   7.9395003841063361e-01	   1.2228631400494197e+00	   9.5720313570518634e-01	   6.9607476769677845e-01	   3.1295299263404008e-01	
   7.0555882108194834e-01	   6.1453424360581221e-01	   8.0124860134317788e-01	   4.9483313748413443e-01	   3.7532680686854503e-01	   2.1712754833990899e-01	   9.8441945215722093e-01	   6.4023188173422385e-01	   5.6452562869438583e-01	   4.8986722060187138e-01	   1.4086528801884892e+00	   9.0664108550022515e-01	   0.0000000000000000e+00	   1.0435905316730067e+00	   5.9902411881807305e-01	   5.2864964256390945e-01	   6.9702461648714364e-01	   4.3560718823226363e-01	   7.3849219784181530e-01	   6.5409512716035412e-01	   2.4892584051261715e-01	   1.0369905371368941e-01	   6.2904648965364773e-01	   2.6156508714192800e-01	   1.9829518304802987e-01	   7.4240469704229817e-02	   2.3330122980927265e-01	   1.2510692352321617e-01	   8.8317272181596262e-01	   6.5587117800319061e-01	   6.6946551941302412e-01	   5.8748850056216362e-01	   8.7465769683740890e-01	   8.0751631202326102e-01	   1.6874958640326576e-01	   2.3292416141074507e-01	   4.0227956427785172e-01	   2.9098785563070662e-01	   4.7283270920621190e-01	   3.4790297385436775e-01	   6.2059001338018427e-01	   4.3166118651593144e-01	   7.4518036442243762e-01	   6.7241024338303224e-01	   5.3238456429539482e-01	   5.3665878589658345e-01	   7.6084134181581742e-01	   8.0012286703650071e-01	   5.5697994852864818e-01	   3.8177862501133908e-01	   5.1851931403798290e-01	   4.5630710043530037e-01	   7.4730774305943837e-01	   6.6621981996478830e-01	   6.6624556541840585e-01	   5.8851067044439076e-01	   5.4730836463322075e-01	   5.0328921291947659e-01	   6.2363124523834734e-01	   4.7051207986077986e-01	   9.0207560250643337e-01	   6.9774541995509176e-01	   5.8985724703756470e-01	   6.0880722798124964e-01	   1.6572121567700893e-01	   5.1256852655246841e-02	   4.8066206422558189e-01	   4.6321315309450700e-01	   4.6345762816379965e-01	   1.3926429387543818e-01	   5.1065823699029977e-01	   4.2635838208377819e-01	   6.0779361749201033e-01	   5.3775209994703088e-01	   5.4325287044778225e-01	   5.1823146266718978e-01	   7.4657421073803776e-01	   6.2071023891923871e-01	   5.3120248660015057e-01	   3.3911312032529295e-01	   6.4427390247954675e-01	   4.8429109467411074e-01	   3.8570800481609102e-01	   5.2190111171564402e-01	   7.8962459325274803e-01	   5.5377841671397909e-01	   1.0662686992874518e-02	   1.7162453057276739e-01	   3.8550227187635672e-01	   4.8059681175012170e-01	   5.2131371455925768e-01	   3.4636661302996558e-01	   2.8629266529488728e-01	   4.0898097048611232e-01	   5.4097583153741979e-01	   2.7711192216311520e-01	   6.2438809620913038e-01	   6.0621166157274475e-01	   7.7028250287458899e-01	   7.3084209395560862e-01	   5.9305883577906160e-01	   6.1193581270400688e-01	   3.8413771516611700e-01	   5.5394554177934285e-01	   4.9830356250487051e-01	   5.2575452483470486e-01	   2.1016928433752974e-01	   4.8773956271235902e-01	   4.1322658175902188e-01	   4.5100136372319144e-01	   5.2103948009536361e-01	   6.2254227247905258e-01	   7.6866878900711655e-01	   5.9574530936373982e-01	   4.6964447426467026e-01	   4.0623174710603716e-01	
