   0.0000000000000000e+00	   6.3085839714198000e-01	   3.7199260005269644e-02	   2.5554849092025357e-02	  -3.1173819843541090e-02	  -1.6823116519111829e-02	   1.2801665994650283e-01	   1.0011331187555643e-01	   5.1253651855630307e-02	   4.3440542988787183e-02	   5.1890671812454547e-01	   3.8298775331700619e-01	   5.6658297770594623e-01	   3.4795745452029136e-01	   1.2426205336801023e-01	   3.1064305562012492e-02	   3.3216681769842604e-01	   2.5601413164373521e-01	   3.7209041873349524e-01	   1.8885336995301966e-01	   1.6714010182670969e-01	   4.9473490854442026e-02	   6.1032741179623248e-02	  -8.6514698433642664e-02	  -6.5046349081926705e-02	  -1.3729746755341130e-01	  -1.2165152813482639e-01	  -2.1448519459133927e-01	   3.1490994931494387e-01	   2.6313619045274511e-01	  -3.7774697482883701e-02	  -6.5770210181164884e-02	   1.7340085433200811e-01	   7.7343017122189703e-02	   5.2579830417468575e-02	  -1.1831427183701008e-02	   2.7357885061021997e-01	   1.3467952585546439e-01	   1.0279019800253905e-01	   8.7829240102082318e-02	   3.2428486218448360e-01	   1.1019787623542171e-01	   6.0124934860604162e-01	   4.4822272960037712e-01	   5.3130267436141243e-01	   5.4813234413309675e-01	   6.2379927709768268e-01	   6.1615353570631448e-01	   6.0904588313103947e-01	   4.8076432803767899e-01	   3.1952127648641993e-01	   4.6610867806025658e-01	   7.5017275225570135e-01	   5.1490591785591489e-01	   6.6959532334350325e-01	   5.2294696495044923e-01	   7.9590118805077448e-01	   3.7957141545521328e-01	   2.6600295614461811e-01	   3.2936223466936275e-02	  -5.5216816230582340e-02	  -1.7696854701528253e-01	   1.5089264506184760e-01	   1.2636749724245019e-01	  -7.3596971370355299e-02	  -1.7035297391580762e-01	   8.6173178935067249e-02	  -2.3973169693874714e-02	   1.6327862119924313e-01	   1.2954120452002643e-01	   1.3909718270610150e-01	   3.3279270728773580e-01	   3.9041292929549198e-01	   2.4468770446533006e-01	   3.9370569085092205e-01	   3.4692272675417679e-01	   3.1905495920606264e-01	   1.6231347270671270e-01	   1.4230101444161034e-01	   8.5449260882871581e-02	   3.8236421530830483e-01	   2.2039603985164227e-01	   7.5781472350603838e-03	  -3.8569768587849662e-02	   2.5330736576606322e-01	   1.5496079004016949e-01	   6.3683957090653748e-02	  -6.1560416989395308e-02	   3.3322353363652252e-01	   3.0740726506343186e-01	   1.4339259460342080e-01	   5.1295336168441175e-02	   4.7163672659080030e-02	   2.2511377454853793e-01	  -9.8500082975087694e-02	   1.6926593534244255e-01	   2.6389696699410981e-01	   1.7312898262904952e-01	   3.1145522130089281e-01	   1.4630191672358817e-01	   1.6357365456076453e-01	   2.5828282208342551e-01	   1.0786842262161837e-01	   4.1235253524914256e-01	   6.0693399292132431e-02	   1.3761069368878295e-01	  -5.9569189811391997e-02	   1.8136976909580779e-01	   7.2538324721913794e-02	  -3.0617860149033907e-02	   1.3361066649473421e-01	   3.8480333031636421e-01	   9.7603229678364434e-02	  -4.3134496233797346e-03	   1.5413269570849947e-01	   3.4890982984782902e-02	
   6.3085839714198000e-01	   0.0000000000000000e+00	   1.0992078821544260e-01	   7.8219923741586594e-02	  -7.7113577776364364e-02	  -1.1595278398170603e-01	   1.0677556084383383e-01	   2.4115485310800916e-01	   2.1356761470437360e-01	   5.7094441019373943e-02	   8.4366011734719781e-01	   6.3593191426191020e-01	   6.4605352145795603e-01	   5.6546487698348247e-01	   3.3414408026951600e-02	   8.7831880572731391e-02	   3.7807925107992291e-01	   4.3333658062657920e-01	   3.4054449332948999e-01	   2.8412830558182267e-01	   1.4039989759282834e-01	  -2.0204033608997307e-03	   1.8252316491980822e-01	   2.9261981784711542e-02	   4.2786493979690622e-02	  -5.6195627357670773e-02	  -4.5279796810817792e-02	  -5.7609524365614298e-02	   3.1060670252724282e-01	   3.4212709475773684e-01	   5.0704309546470275e-02	   2.8439127120041312e-02	   1.8763076438495166e-01	   2.7930137618675636e-02	   6.6081223118540380e-02	   2.0492915075750788e-02	   3.9534003932179769e-02	   4.2720541290785802e-03	  -8.5089668548998645e-02	   1.8173248825685027e-02	   1.9553717987522495e-01	   1.9332840021894970e-01	   3.2949562278772060e-01	   2.0961142911918279e-01	   1.6799931871956464e-01	   2.3045295891316425e-01	   4.3312092380178363e-01	   4.6675229660469908e-01	   4.1642145827990201e-01	   4.9410389697973567e-01	   2.8682116258283041e-01	   4.9326797957247193e-01	   7.5346987478325378e-01	   5.2023383457070493e-01	   3.8620206807654989e-01	   2.4524446788023396e-01	   4.4103881956126123e-01	   5.1739942740604405e-01	   3.2443593027238204e-01	   8.5894572633333388e-02	   6.5013302685685434e-02	  -9.6712644375205520e-02	   3.5225518289845026e-01	   2.7286487308986151e-01	  -2.7863735227834686e-02	  -1.4644296056897721e-01	  -1.1961227829752851e-03	  -1.1572514447125506e-01	   4.6956224888538789e-02	   6.2214707420200466e-02	   1.5389326056180480e-01	   4.7066427730679961e-01	   6.3905039516232331e-01	   5.4419250516535889e-01	   8.0888897785418190e-01	   6.3688937709204285e-01	   1.8952048899232640e-01	   2.9986788697738292e-01	   4.6722069477675970e-01	   4.3740973326843313e-01	   5.4209870326097476e-01	   4.2557609579128058e-01	  -1.2386450924539134e-01	  -8.3275025030550620e-02	   2.6738421236513221e-01	   2.4521540647880985e-01	  -1.0959741170039965e-01	  -2.3965779747324867e-01	   2.2334574914328612e-01	   2.5854499147062354e-01	   3.3059786859372033e-02	  -4.7233780536392505e-03	  -1.4872908547096499e-02	   2.4627181827136430e-01	  -1.1458318183582752e-01	   6.5983855799335994e-02	   5.1699070778888183e-02	   1.0250822402849531e-02	   2.2418324486154584e-01	   5.3167192867604192e-02	   1.2645439961125668e-01	   2.0291495242579477e-01	   1.3815195705764138e-01	   3.0561405539820643e-02	   1.2778812089434635e-01	   5.2397523050871260e-02	  -9.0065495353178426e-02	   1.8292244663697882e-01	   1.4137885520086335e-01	   1.2352448339221965e-01	  -9.0162859912767387e-02	   2.8902069839965089e-01	   1.8594946077226968e-01	  -1.7519690117985937e-01	   2.0776678861607689e-01	  -4.7873465130087466e-02	
   3.7199260005269644e-02	   1.0992078821544260e-01	   0.0000000000000000e+00	   9.7987425462190980e-01	   7.6667264496299392e-01	   8.1642451522028514e-01	   1.2731259302937872e+00	   6.3816058811232967e-01	   3.4737003807110550e-01	   3.3950151626952546e-01	  -3.1690708215234363e-02	  -1.3595098322560981e-01	   1.5593881762704098e-01	   3.1467635919365944e-01	   3.9247009604929217e-01	   4.2532505755014210e-01	  -3.9960705077965775e-01	  -4.1337870270924326e-01	   4.4560357802823983e-02	  -1.4130808047411100e-01	   5.7421699606065957e-01	   6.1124556260401031e-01	   1.0580898972996076e+00	   8.0290649396433544e-01	   1.2684397271726915e+00	   8.5944520227332544e-01	   6.0831741929678029e-01	   9.6977770976499034e-01	  -2.9709505126395674e-01	  -3.1722347253806560e-01	   5.7974386672986622e-01	   4.5086444735590353e-01	   4.2683691893416198e-01	   3.4802278014405169e-01	   8.6585931279167061e-01	   7.1466017251594549e-01	   3.0632908183230129e-01	   3.5484571710416590e-01	   2.5606566939533321e-01	   3.8098986082591813e-01	   3.2717618736831588e-01	   3.4728254575402739e-01	   2.9245804891318888e-01	   8.0289123902095832e-02	   1.7655619181382282e-02	  -2.7510452607006373e-02	   1.7631442774000269e-01	   2.7429997691927399e-01	   1.8457902891577890e-01	   3.4652737682371015e-01	   5.2226903761019683e-01	   3.6625269879777128e-01	   2.8006494037960344e-01	   3.2140856793475503e-01	   1.7617649482130507e-01	   2.6377016960856370e-01	  -8.7927781864301252e-02	  -1.3215017093427606e-01	   6.4315306595154620e-01	   2.9577672212269762e-01	   5.5379617056493413e-01	   3.3120802251248571e-01	   1.3156376478233592e-01	  -1.6191979356183153e-01	   9.5086044399157044e-01	   8.4249996493304524e-01	   8.5713509826793954e-01	   5.7051780648958106e-01	   8.3433195094190782e-02	   3.4944657988328839e-02	   2.4843132896292255e-01	   1.8512132884571780e-01	   1.2796831592575034e-01	   3.9761796585644112e-02	   1.5726682778289269e-01	   4.8878049397704265e-02	   8.3978116550002480e-02	   1.5959116830843603e-01	  -2.8634357854113990e-01	  -6.4721502784115453e-02	   7.4419683271750900e-02	   2.5665452927883486e-01	   5.0673378117857726e-01	   2.2375203776697589e-01	   8.2274020977056672e-01	   7.3650976460972606e-01	   6.3445291504976542e-01	   6.0787359744260083e-01	   5.9899016212657785e-01	   4.1481443286659170e-01	   6.0892791252832912e-01	   9.7473640564679320e-01	   6.0123270471284496e-01	   7.4649983511211138e-01	  -2.7695865066978836e-01	   1.7698972238279520e-01	  -5.6400165451909672e-02	  -8.3022927817361744e-02	   1.1521278971767858e-01	   2.2828325124778945e-01	   1.7311208748034895e-01	   3.1244638812911185e-01	   2.6714942041711115e-01	   2.2542868655961623e-01	   2.0697758984807149e-01	   2.1199652169625077e-01	  -6.6928726207461792e-02	  -1.1219865867662704e-01	   2.4515463007701513e-01	   3.4561880449265336e-01	  -3.3047819929533973e-01	   1.5121114148774117e-01	   2.2439408073389883e-01	  -7.3294532072169558e-02	   2.9930180962937653e-01	  -2.1146941162315525e-01	
   2.5554849092025357e-02	   7.8219923741586594e-02	   9.7987425462190980e-01	   0.0000000000000000e+00	   5.4541865359569364e-01	   1.0099738753186751e+00	   9.6184910096055509e-01	   1.2794475909472571e+00	   3.2284989628285143e-01	   7.6613676700836830e-01	   2.4200983177430323e-02	   1.6716505912610724e-01	   1.3174824071864885e-01	   4.7032940841146303e-01	   3.2168168999660557e-01	   6.9260170944600707e-01	  -2.5250516125729827e-01	  -2.3929365378935463e-01	   1.0763324205532955e-01	   6.1572721649778270e-02	   5.0876276963743250e-01	   7.0168328251210932e-01	   8.0587960808310932e-01	   1.1410442969603114e+00	   7.7000831257587177e-01	   9.1182065517155553e-01	   2.4351687970266123e-01	   5.3427597300700569e-01	  -9.5795129216604658e-02	  -7.4812755262710473e-02	   5.9294784638554998e-01	   7.9650705317702652e-01	   5.2533063757944287e-01	   6.6148143436092588e-01	   6.1124499320167669e-01	   6.5325908179083525e-01	   2.5825721710656829e-01	   4.1426437479913114e-01	   3.0579732349044680e-01	   4.7265185427372935e-01	   3.7654783475389703e-01	   2.7506876557204851e-01	   2.4017220164230607e-01	   1.3742530710411324e-01	   4.8368050345572823e-02	   5.5642723932989684e-02	   1.9659159945073346e-01	   3.5139955659191308e-01	   1.5139570632769284e-01	   5.1095520876124689e-01	   5.0794088388085834e-01	   4.0038528147620628e-01	   2.5258703484697542e-01	   3.3051891195943389e-01	   2.5559209089807905e-01	   3.4006066682605873e-01	   1.4148563304029447e-02	   1.6964850095812403e-01	   7.2929996470550518e-01	   8.5358487101772618e-01	   5.3725637105165358e-01	   7.8391519145190836e-01	   5.7863186645106993e-02	   1.6000283902481793e-03	   7.0398823650143416e-01	   1.2848509129897081e+00	   7.7303742739812242e-01	   7.9088217919930204e-01	  -3.9241887470157139e-02	   1.3811409391230042e-01	   4.7999827328590128e-01	   4.2616643988519798e-01	   2.4077410315941827e-01	   2.0719705219759038e-01	   2.6540221468244446e-01	   1.9183780614388127e-01	   3.1352241687322491e-01	   4.7520889588400123e-01	  -1.6341738072381798e-01	  -2.2748862795066153e-02	   8.0585275733105963e-02	   3.1049837994315421e-01	   5.5965493465637517e-01	   3.0881991071170922e-01	   5.7848343759137955e-01	   9.7783267686811992e-01	   5.5831268231440867e-01	   6.1356146001055634e-01	   6.8770904001672917e-01	   7.1096174109568899e-01	   1.1005920810238159e+00	   6.1975852435623591e-01	   1.0034387702399701e+00	   5.7549891898932581e-01	  -1.3995137440045091e-01	   1.0196204091725118e-01	   1.7154397967287383e-01	   2.2881314656814127e-02	   4.5961147117579115e-01	   4.2444236111110878e-01	   1.2427146733643905e-01	   3.3159764284804966e-01	   2.6575438394056872e-01	   2.9737143992762927e-01	   2.5190975292570716e-01	   2.2813529263058896e-01	   1.2724870199734287e-01	   1.7565853216444474e-01	   1.6942024007382306e-01	   2.8267891270723722e-01	  -2.2594490964393485e-01	   2.0301155215261291e-01	   3.1696581437851956e-01	   6.0123933414383872e-02	   3.1926497901851825e-01	  -1.7387407449361389e-01	
  -3.1173819843541090e-02	  -7.7113577776364364e-02	   7.6667264496299392e-01	   5.4541865359569364e-01	   0.0000000000000000e+00	   6.4325244188042374e-01	   5.8986248808879127e-01	   4.3263894696585714e-01	   6.4869138196237031e-01	   3.3590096398275854e-01	  -2.0018776399237331e-01	  -1.9203331670799648e-01	   4.6787305759346920e-02	   1.4853453014007975e-01	   1.8894878790270628e-01	   4.0042576027299970e-01	  -4.4040823594423101e-01	  -3.7974196392006104e-01	  -1.2168337753469073e-01	  -2.2319485260119393e-01	   4.3079984302069640e-01	   4.9759173653366623e-01	   5.9014836751931699e-01	   5.2534411389623803e-01	   7.9207393947809512e-01	   5.0327248393201907e-01	   5.6879065740707913e-01	   5.4848821384702329e-01	  -3.0217348355093898e-01	  -2.6223846778023169e-01	   3.3088842150577769e-01	   2.3478402058860331e-01	   1.2859446088473891e-01	   1.0694971844535893e-01	   3.8413272428940626e-01	   4.0991363070126613e-01	   4.1916894135516652e-01	   4.2282925844114905e-01	   2.7264124836084624e-01	   5.4341579517945093e-01	   3.2114528794551417e-01	   2.5212419025049571e-01	   3.5857902757388721e-01	   2.6218405970200864e-01	   1.8616116260687163e-01	   1.7241090956598715e-01	   1.7713025308114017e-01	   2.1710344495819134e-01	   1.8178387944147226e-01	   3.1532702393090012e-01	   4.2765051211890309e-01	   2.7135854324616776e-01	   2.5284039741658693e-01	   2.5742450719574167e-01	   2.8343736577294137e-01	   3.5140122689152137e-01	   6.0651361232687048e-03	  -4.2419440584407803e-02	   4.8964030905811057e-01	   2.8430994683652921e-01	   3.8856669768622576e-01	   2.9869351826256252e-01	  -7.0751055337608906e-02	  -1.7976204370875745e-01	   5.6276243020923633e-01	   4.6628908860539092e-01	   4.6656837986364147e-01	   3.4645806132785412e-01	   9.7394213874706384e-02	  -1.6990470924253574e-02	  -4.1572476816536807e-02	  -8.2021978892738601e-02	  -1.2006080585762799e-01	  -1.3361956032166308e-01	  -3.4883563729502895e-02	   2.7251397133521656e-02	   9.9108143820223815e-02	  -2.3890843875042991e-02	  -3.6964042188322960e-01	  -2.1592495380143861e-01	  -5.8649566375279877e-02	   1.3953941358131167e-01	   2.7001859515896776e-01	   1.8298205517240540e-01	   4.1601654966346768e-01	   4.6678626169111381e-01	   5.1427081627527271e-01	   5.6736587442487507e-01	   5.7054266707124002e-01	   5.6900500074204508e-01	   4.9307083015139297e-01	   7.2948857844920978e-01	   4.7249612602690239e-01	   4.6310430167054056e-01	  -2.6817433450614236e-01	   1.7544578772889863e-01	  -2.1007942148329604e-02	   7.5856166813740494e-02	   1.0679618091645687e-01	   1.5899149311287186e-01	  -9.3939164520865370e-02	  -4.3041048195806828e-02	  -9.8910723171760001e-02	   4.3160627721762400e-02	   6.0552315039062637e-02	   9.4958525973921709e-02	  -2.1199080440043230e-01	   6.9604041450887694e-02	   3.0318939652490667e-01	   1.6125837133562326e-01	  -1.7651364175687392e-01	   5.9442379671065956e-02	   9.8889562694038674e-02	  -2.1282036886454389e-01	   2.8152493709627641e-01	  -1.0631821904687819e-01	
  -1.6823116519111829e-02	  -1.1595278398170603e-01	   8.1642451522028514e-01	   1.0099738753186751e+00	   6.4325244188042374e-01	   0.0000000000000000e+00	   9.2001287534283938e-01	   8.7417423668387406e-01	   4.0631203506731256e-01	   9.2234418443109967e-01	  -5.2106624104941449e-02	   4.5207422215620109e-02	   1.0696525214567859e-01	   3.2650866184048627e-01	   5.2397087681414933e-01	   7.0956734591336679e-01	  -2.1590042269231746e-01	  -2.0130641958238196e-01	   8.3465977924975857e-02	  -8.3805135586508799e-03	   3.4135284382102160e-01	   5.5425425225393210e-01	   9.3284619204730357e-01	   1.0610748714933353e+00	   6.3198950282974686e-01	   7.0600626612468942e-01	   2.8170668570246826e-01	   6.0222342113322225e-01	   1.3940684235578179e-02	  -3.0661328442003026e-03	   5.7785541314934874e-01	   6.9522287897508095e-01	   4.4475717715657370e-01	   4.4175987124445737e-01	   5.0356699469449862e-01	   4.3897656330358170e-01	   2.4166115569990854e-01	   3.0456351318892000e-01	   1.9847865000080883e-01	   2.5261065039532604e-01	   2.7895079784674764e-01	   1.2892926996152926e-01	   3.6186175596594883e-01	   2.0295305274850564e-01	   1.5697433562949148e-01	   1.2847960855435434e-01	   2.1936880499218067e-01	   3.2735207020859364e-01	   1.6217864531275397e-01	   3.2756630904954875e-01	   3.3435652408721128e-01	   2.5923332688312095e-01	   1.9927882824738868e-01	   2.9743006315644493e-01	   1.7034530362332473e-01	   2.0585522713193233e-01	  -2.0931706423135223e-02	   1.0015642497554213e-02	   3.9026434476349758e-01	   3.8950743471689098e-01	   6.4755033387777872e-01	   5.9053938457211519e-01	   4.6583162137049952e-02	  -4.0142186339126466e-02	   8.6526537995373987e-01	   8.4884770483969296e-01	   5.0314259982774656e-01	   4.0346500019915010e-01	  -1.0706000511976084e-01	  -2.6542424298014140e-02	   3.2894361656174270e-01	   2.5556104328331780e-01	   1.3831993712401286e-01	   1.3120983390503366e-01	   1.7718956386179607e-01	   2.1154355557560189e-01	   1.5167105519187901e-01	   2.1542505094862632e-01	  -1.3584935950835514e-01	  -6.6666496852324411e-02	   1.0434429429698630e-01	   2.7521366312598217e-01	   5.2105922507083235e-01	   2.6434890198804156e-01	   6.5785284235425456e-01	   7.7918215764722909e-01	   4.2388982804401715e-01	   5.6306834361967206e-01	   6.5497230227728753e-01	   6.1073900138359327e-01	   7.9787983466854340e-01	   8.3283041197718544e-01	   7.8151537848040920e-01	   7.0620621572520281e-01	  -7.7446952748830331e-02	   6.8643190776403282e-02	   9.9187542561380612e-02	   3.2778001943963055e-03	   3.1976797150734532e-01	   3.5836674570676469e-01	   8.9799104186179382e-02	   2.9606760408366106e-01	   1.1949992508865616e-01	   2.8010923988551151e-01	   1.7190266554047301e-01	   1.6770882530013226e-01	   1.3206984676669128e-01	   1.1024759523582988e-02	   6.6156492453302948e-02	   1.8476837961162734e-01	  -1.2220438508197304e-01	   2.2425408045533524e-01	   2.4033202090487424e-01	   1.5611826472416163e-01	   2.3990257051873026e-01	  -1.1292207073623317e-01	
   1.2801665994650283e-01	   1.0677556084383383e-01	   1.2731259302937872e+00	   9.6184910096055509e-01	   5.8986248808879127e-01	   9.2001287534283938e-01	   0.0000000000000000e+00	   9.5186222958455546e-01	   4.6253843799760108e-01	   5.0336640846861092e-01	   1.3984330821456814e-01	   6.7238879885442054e-02	   3.1956579624772535e-01	   4.6831670544662385e-01	   4.5761194060775051e-01	   6.1493064351051463e-01	  -3.5335240305935850e-01	  -3.8831253349678851e-01	   5.1113625994882790e-02	  -1.5281180776520512e-01	   4.1651645211837490e-01	   4.6899097122240263e-01	   1.0625791494307359e+00	   9.2937248513003390e-01	   7.5522988131135893e-01	   6.0617227101565907e-01	   3.4887198018120802e-01	   6.9831180555675521e-01	  -1.7872087042245483e-01	  -2.1430459168432120e-01	   4.4487305270592903e-01	   4.2758172183656273e-01	   3.6099007933155836e-01	   2.9237211044539047e-01	   6.5575012012078260e-01	   5.4346043498068886e-01	   1.4114352847856931e-01	   1.4937408591633941e-01	   1.0799697167878514e-01	   2.1650557632366801e-01	   2.4467533650168319e-01	   1.9037769456143366e-01	   2.2714546995118531e-01	  -4.0243154169015596e-02	   5.3621154000579397e-03	  -4.9734524045697046e-02	   1.3386669625116221e-01	   2.5923542642110703e-01	   2.3433190860046593e-01	   4.3697473839362622e-01	   6.0923139667480664e-01	   4.4428298676721684e-01	   3.4901473135519756e-01	   4.5810113736053326e-01	   1.3876092024411499e-01	   1.2650563547075641e-01	  -6.7725341110675144e-02	  -1.4026386266488386e-01	   7.2358364692920274e-01	   3.5160504296735473e-01	   8.3213791618117228e-01	   6.0475800383214473e-01	   1.6362767080877363e-01	  -8.3347175175794611e-02	   9.1767384698837318e-01	   8.5402775309890389e-01	   7.4862839869119668e-01	   4.6255211553866937e-01	  -7.7011146776430159e-02	  -4.3656998104988860e-02	   1.9575478776583854e-01	   1.8776385930661743e-01	   1.2179724036368764e-01	  -1.9598590051353851e-02	   1.9056364042165841e-01	   6.2085994210552692e-02	   2.9317244840165992e-02	   1.1565733601586287e-01	  -3.1237567557660756e-01	  -1.5441051714406198e-01	   5.5977360911573265e-02	   2.9445350757773880e-01	   5.1928641827871491e-01	   2.5769860562219993e-01	   8.7227196504636417e-01	   7.7623304811771465e-01	   4.9022950941234428e-01	   5.7069556046008163e-01	   5.6518393549176726e-01	   4.4421061854470056e-01	   6.4600538600261204e-01	   8.8842508015145438e-01	   6.6632732434641317e-01	   8.8301394824505752e-01	  -2.3110916027054537e-01	   2.1843045706440384e-01	  -1.0124197824122666e-01	  -1.3974744119446653e-01	   6.5781030148816574e-02	   1.3642101747716390e-01	   1.4680056845773065e-01	   4.2746639667697994e-01	   2.5816352622000882e-01	   1.8612054855915003e-01	   1.8338382565399527e-01	   1.5887899030297856e-01	  -1.5466712467853763e-01	  -1.4682034955893525e-01	   2.9759458800446920e-01	   4.1934536061818101e-01	  -3.5683243299152978e-01	   9.7339547816600092e-02	   1.7715750245986903e-01	  -1.2610942309496501e-01	   2.4657780255862452e-01	  -2.2478383438606767e-01	
   1.0011331187555643e-01	   2.4115485310800916e-01	   6.3816058811232967e-01	   1.2794475909472571e+00	   4.3263894696585714e-01	   8.7417423668387406e-01	   9.5186222958455546e-01	   0.0000000000000000e+00	   4.9821292019339691e-01	   9.3014250903682849e-01	   3.5552204359542677e-01	   5.1944649583988600e-01	   3.6872457461101993e-01	   7.4196105630337805e-01	   3.8695037638500746e-01	   9.8651929365575342e-01	  -5.2258689625060535e-02	  -3.7214704643947528e-02	   1.7088071635513954e-01	   1.2778944783920312e-01	   3.0311927063975197e-01	   3.7698342628862358e-01	   7.9875561826766339e-01	   1.1570942393331152e+00	   4.7458433209406281e-01	   6.1046899476257321e-01	  -1.8530540211420766e-03	   2.8196731753194282e-01	   1.0688384401221326e-01	   1.3472789513634406e-01	   5.3609395386070879e-01	   7.2589169834660738e-01	   4.2483580929002063e-01	   4.7712096749283256e-01	   3.5257383644037421e-01	   3.8424160458497864e-01	   3.8120433479989620e-02	   1.5023041267227763e-01	   1.0687313592954546e-01	   2.4957128506274601e-01	   2.6341371837688798e-01	   1.8262490587930699e-01	   2.4936698552825715e-01	   1.0732421848298127e-01	   5.2559356670191522e-02	   5.9539873301096606e-02	   2.1981946763865193e-01	   4.2521370083223742e-01	   2.5994855153093011e-01	   6.2811472928328915e-01	   5.6345567128346996e-01	   5.4601726519784810e-01	   3.5230404209494348e-01	   5.3089136714308105e-01	   2.0103610366244104e-01	   2.3833196400103598e-01	   9.9377270193448913e-02	   2.5183966339250019e-01	   6.5035836153601834e-01	   7.7494250999609238e-01	   7.7792587716573403e-01	   9.7693561735030221e-01	   2.3935628795511238e-01	   2.2867275078603716e-01	   5.1291170557543930e-01	   8.4365726650440698e-01	   4.8430030985411932e-01	   4.6947306506171704e-01	  -1.5445037819051965e-01	  -1.5673526634674879e-02	   3.8465597095014448e-01	   4.3923634532351424e-01	   3.0684309984791064e-01	   3.0110625180509737e-01	   4.0759040625671972e-01	   3.7667707268755080e-01	   2.6252325534347776e-01	   4.6418062373779084e-01	   2.7391344966680761e-02	   7.0046936625357575e-02	   1.6869923692811695e-01	   4.4603959102635382e-01	   4.7446372499405337e-01	   3.4937092393829811e-01	   6.0156227729136857e-01	   1.0640977823864253e+00	   3.1693707972115576e-01	   4.9076499814318109e-01	   5.8993359213392271e-01	   8.0612472190946671e-01	   1.0235053749205645e+00	   5.5734364393981162e-01	   9.4552929772648664e-01	   7.0157803346435588e-01	  -6.1399333995777128e-02	   1.0677248848449286e-01	   1.2562176839072389e-01	   2.9994635683987813e-02	   4.0076315819376346e-01	   3.3023841874430671e-01	   1.6172617741052223e-01	   4.1951719667249743e-01	   2.8128145391729059e-01	   2.2073370154471661e-01	   2.2527531176061066e-01	   1.0642894702210279e-01	   1.6393394395633143e-02	   1.5150977558688555e-01	   1.7341005696195033e-01	   4.1313674949569512e-01	  -1.9558049567054500e-01	   2.0477780636642245e-01	   3.9239776344482247e-01	  -2.1926160696878482e-02	   2.7082961614207751e-01	  -1.6810609563570489e-01	
   5.1253651855630307e-02	   2.1356761470437360e-01	   3.4737003807110550e-01	   3.2284989628285143e-01	   6.4869138196237031e-01	   4.0631203506731256e-01	   4.6253843799760108e-01	   4.9821292019339691e-01	   0.0000000000000000e+00	   6.9636014618844433e-01	   1.0151711555213713e-01	   3.4276728035135491e-02	   3.6926647926083667e-01	   2.9460056724644995e-01	   2.6739350858907707e-01	   3.5369290336368575e-01	  -2.9994647117252554e-01	  -1.8178499950318794e-01	  -1.9195918424192684e-01	  -2.4828161558497222e-01	  -2.2460227473271272e-02	   5.7783343370406012e-02	   5.9190777001513395e-01	   5.1861051586785378e-01	   1.8613294775099454e-01	   6.1938209804389112e-02	   1.2447604449122672e-01	   1.4948627608646259e-01	  -1.3285772029314719e-01	  -1.1398706878569487e-01	   9.1036435607010094e-02	   1.6107420334952308e-01	  -5.6126493494942753e-02	  -1.2648534761210378e-01	   8.9640729190936574e-02	   6.4315614049642963e-02	   1.1899156481583317e-01	   1.1735124454970230e-01	  -6.8102514340649456e-02	   5.5221922840257204e-02	  -1.8424669125526719e-02	  -1.0958332959490406e-01	   1.3478532235107163e-01	   6.0658127861837746e-02	  -7.4051465803419508e-02	  -2.2779159722974021e-02	  -2.6160483713072943e-02	   1.0178007108287572e-01	   1.8029895313817101e-01	   4.0835499366241418e-01	   6.1062128337884725e-01	   5.0294867437952095e-01	   5.3674222939811167e-01	   5.7604145859209632e-01	   2.5570357448237996e-01	   2.0822473667111191e-01	  -3.6424396900129503e-02	   1.8570440556156729e-02	   4.1763798333829494e-01	   2.6368778123474368e-01	   4.4152104095173517e-01	   3.4609024070299388e-01	  -2.2460370327993801e-01	  -1.7249893002633399e-01	   4.1293946765883044e-01	   3.2069941686908987e-01	   6.8744763439083242e-02	  -3.2301380656566972e-02	  -1.2523403661613697e-01	  -1.9962872252747510e-01	   3.6754380624120668e-02	   4.5828779037541704e-03	  -3.9234260611602255e-02	  -7.8448885000390031e-02	   2.4129462977901145e-01	   2.1489248964615790e-01	   2.5417144919784262e-02	   2.6180681979212646e-02	  -5.8186607905365430e-02	  -1.0056413182466824e-01	   5.4255407491046334e-02	   1.3358190265992570e-01	  -8.3890880294660589e-02	  -1.7516704303947922e-01	   4.6452133558458109e-01	   4.3196879864471921e-01	   2.8791132133340958e-01	   1.3010869357953903e-01	   5.7847032148137345e-01	   7.2872490876835594e-01	   3.2574401508517786e-01	   5.8695243550776544e-01	   2.8284327391750813e-01	   4.2566469461974660e-01	  -1.6025236664893186e-01	  -2.4631958402628044e-02	  -3.9812788712765118e-01	  -1.6042614703694258e-01	  -1.0573031734705141e-01	   1.8816326589649972e-03	  -2.7643606651866953e-01	  -2.2482699385459426e-01	  -3.4200076062637669e-01	  -2.1057723060573835e-01	   1.0957745339029908e-01	  -3.5767408366455207e-02	  -2.3701192821247308e-01	   6.1049307059812791e-02	   2.6334298922100030e-01	   1.5608216315813658e-01	  -3.6628470399338969e-01	  -1.9550540883110093e-01	   4.1760401501789467e-02	  -8.5525980292548279e-02	   3.2035389756455351e-01	   6.0817051015629363e-02	
   4.3440542988787183e-02	   5.7094441019373943e-02	   3.3950151626952546e-01	   7.6613676700836830e-01	   3.3590096398275854e-01	   9.2234418443109967e-01	   5.0336640846861092e-01	   9.3014250903682849e-01	   6.9636014618844433e-01	   0.0000000000000000e+00	   9.6730378764320168e-02	   2.8670852274151654e-01	   2.6129891528796895e-01	   4.1060258633154428e-01	   5.1975747554658114e-01	   6.9533001266650674e-01	  -9.5544490510877864e-02	  -2.2505216872740950e-02	   8.5697039895502009e-02	   9.2056434649720534e-02	   1.2774133507078305e-02	   1.9105564213091927e-01	   6.9011364199018965e-01	   9.4084220025241416e-01	   1.9258266922854786e-01	   3.2123238795649328e-01	  -2.2381953156944941e-03	   1.6706896662002449e-01	   1.7353838856948384e-01	   1.4211690646633104e-01	   3.6441663817949183e-01	   6.0250781656416430e-01	   1.6894572055356571e-01	   2.1430354096855203e-01	   7.7096597455382804e-02	   4.3832950983254911e-02	   2.8604188371768091e-02	   1.3738029018837830e-01	   1.4453920333894256e-02	   3.3019084252371177e-02	   5.0605639719203390e-03	  -1.6060137712769024e-01	   2.1142360070761412e-01	   1.7851999685912087e-01	   6.2783067497564252e-02	   9.8021185885381529e-02	   1.0447517301122257e-01	   2.5831054420767580e-01	   1.6970302291806766e-01	   4.1336493681685893e-01	   3.9321622058272943e-01	   3.7824062914843221e-01	   2.9394361215306070e-01	   4.2693056550745756e-01	   1.9778311614091512e-01	   1.7088146766487949e-01	  -5.5768067018392917e-02	   1.8114266720598343e-01	   2.7963578312570891e-01	   5.2901103132869642e-01	   4.3428055405134530e-01	   6.5170221080563207e-01	  -1.6459233290433389e-01	  -2.9789765708055128e-02	   4.7038493006926174e-01	   6.2138443126162013e-01	   8.3851186091242383e-02	   1.0982092119378492e-01	  -2.6960576591710284e-01	  -1.0879391697183044e-01	   3.4065216747554389e-01	   3.3034977382311603e-01	   1.6467300880858995e-01	   1.9185303297852202e-01	   3.1146767261536079e-01	   3.7536156785231728e-01	   1.4222677248119192e-01	   2.5377247792170954e-01	   4.1157517635012117e-02	   4.5108316330026502e-02	   2.2579518427007314e-01	   3.0375067055334387e-01	   2.5664782863408631e-01	   1.3717625386325719e-02	   5.4014808542810222e-01	   7.0092010937302585e-01	   2.8959424875962969e-01	   2.3773166994837924e-01	   5.7396736728917952e-01	   8.5218898228589024e-01	   7.4196995467777549e-01	   4.7077982661265749e-01	   7.4958405315876464e-01	   4.5833883555144672e-01	   6.1632128843313740e-02	  -1.2595001949689089e-01	  -1.4292034747266291e-02	  -6.6949940302910543e-02	   2.8912615226896465e-01	   2.5127641382945370e-01	  -7.8687916374439448e-02	   4.0102144629273355e-02	  -8.1270992709891382e-02	   9.5743977781877015e-02	   1.8203606860032898e-01	   5.1064204334115716e-02	   1.3612956555183064e-01	   7.4691256368126957e-02	   1.5518351738533319e-02	   1.3490739290599041e-01	  -7.1250652885089388e-02	   8.9694634975588203e-02	   3.2227988251978840e-01	   2.5077706384773646e-01	   3.2372110023965783e-01	   3.0327943221337805e-02	
   5.1890671812454547e-01	   8.4366011734719781e-01	  -3.1690708215234363e-02	   2.4200983177430323e-02	  -2.0018776399237331e-01	  -5.2106624104941449e-02	   1.3984330821456814e-01	   3.5552204359542677e-01	   1.0151711555213713e-01	   9.6730378764320168e-02	   0.0000000000000000e+00	   1.2571693690156456e+00	   1.0841850156147577e+00	   9.2743908879818215e-01	   1.2898533220597527e-01	   2.4325768064968095e-01	   5.2017615826502039e-01	   4.8071192305004873e-01	   2.6131061230237485e-01	   1.7969154354818892e-01	   8.3191695196779703e-03	  -2.0013435861671153e-01	   2.0136071161667349e-01	   1.0734134650802417e-01	  -9.7049297838396553e-02	  -5.8308993611102145e-02	  -3.2172394659862436e-01	  -2.6951497134678926e-01	   5.1425357621821433e-01	   4.3260894661298299e-01	   1.1343332313998693e-01	   1.0930732280387126e-01	   9.9745220295676520e-02	  -2.5142813046571150e-02	  -7.3127077583577241e-02	  -1.2791270816550881e-01	  -1.3141242535144210e-01	  -1.4074618130871167e-01	  -1.3840346635382061e-01	  -8.1517363556997402e-02	   7.4803727907041512e-02	   1.1585332234073405e-01	   2.0215836165001852e-01	   9.7716413545769196e-02	   8.9864277328774972e-02	   8.8570738677725663e-02	   3.1543708286557115e-01	   4.0967893879785883e-01	   2.8445585094113757e-01	   4.3005890432591415e-01	   2.6297706877165061e-01	   5.1777679123380227e-01	   5.4385169159814306e-01	   5.0627598984746802e-01	   1.6461191857246568e-01	   1.3448592279549465e-01	   3.8770665995003756e-01	   4.0564909440156605e-01	   1.8319234771299536e-01	   9.0783697148899389e-02	   1.6266250768274837e-01	   4.5412487465303936e-02	   4.5238634784996368e-01	   3.8818805585969102e-01	  -7.9133187657472376e-02	  -1.4515877505361757e-01	  -2.9120679947887976e-02	  -1.0613667513762066e-01	  -3.8267693236659156e-02	  -9.3358176664796871e-02	   6.5799503711444690e-02	   3.8350206866144321e-01	   4.7127940735832219e-01	   4.4771087105820906e-01	   6.4670458481236925e-01	   5.4331355013851890e-01	   2.0897889088718719e-01	   3.4524616366579886e-01	   5.1389657525587662e-01	   3.7969522436475228e-01	   5.5440697382480686e-01	   5.3131232440100928e-01	  -9.1064949889663349e-02	   9.6932261162146188e-03	   2.9545772747244492e-01	   3.2152612802595165e-01	  -3.3286820258546634e-01	  -2.0448312751483586e-01	   5.9748433243379188e-02	   1.8292054657795492e-01	   5.6417365782662918e-02	   2.0220037539994944e-02	   3.1347039583497591e-02	   3.5660596599086508e-01	  -6.9342839705925016e-02	   5.6250605410595574e-02	   5.6236370707404136e-02	   8.5380113670992797e-02	   1.5515889605985184e-01	   9.9305525586884366e-02	   2.5887857947298543e-01	   4.5473753142567797e-01	   2.5115351048685752e-01	   4.8792386538012468e-02	   1.1929715438338043e-01	   6.5962971567851358e-02	  -9.2672120373893205e-02	   1.0127411013767205e-01	   2.9418660559729942e-02	   1.6335597848521979e-01	   1.0656052895487923e-01	   2.4996570272357382e-01	   1.7022675162092848e-01	  -1.5426274891353209e-01	   8.3622609799759606e-02	  -1.5835268613825049e-01	
   3.8298775331700619e-01	   6.3593191426191020e-01	  -1.3595098322560981e-01	   1.6716505912610724e-01	  -1.9203331670799648e-01	   4.5207422215620109e-02	   6.7238879885442054e-02	   5.1944649583988600e-01	   3.4276728035135491e-02	   2.8670852274151654e-01	   1.2571693690156456e+00	   0.0000000000000000e+00	   6.9357266117410210e-01	   9.3191871358439526e-01	   6.3926942296621287e-03	   4.1820452617587511e-01	   6.6932357056235114e-01	   7.0596982166733835e-01	   4.2670820014713179e-01	   4.7842133960602418e-01	   4.3002140215156201e-03	  -1.0882648744396753e-01	   1.4511707119032316e-01	   2.4961536002086362e-01	  -1.5234915672533239e-01	   2.2218066617796260e-02	  -5.3012768639742336e-01	  -4.1141783055683318e-01	   7.6793485650336746e-01	   7.7922182784760108e-01	   1.9257890576742936e-01	   3.0839539909709468e-01	   1.6718759662735569e-01	   1.3091349642686698e-01	  -1.5959455809426148e-01	  -1.7279079403287442e-01	  -2.5675956587062287e-01	  -2.3140867882453320e-01	  -1.9983249844392437e-01	  -1.0126223171509027e-01	   9.9893165555796307e-03	   3.1301176931855341e-03	   2.1191466574107226e-01	   1.5473579148890437e-01	   1.3974233201223624e-01	   1.6102366341614863e-01	   3.3612392929308571e-01	   4.9470195510280135e-01	   2.7278901971822528e-01	   4.1030290112415274e-01	   1.8111802422785814e-01	   4.1035468235960831e-01	   4.1122053450191726e-01	   4.4586836196401070e-01	   1.6032668532008398e-01	   9.2397050368376629e-02	   3.8696781533014202e-01	   5.7898208791960781e-01	   1.4944303566237160e-01	   2.9178662743346823e-01	   1.3977019466083579e-01	   2.6146746632847101e-01	   3.9551317702482236e-01	   5.5958231083841303e-01	  -1.7504357883458121e-01	  -8.3892647852753327e-02	  -1.0711771867376044e-01	  -1.0900198317014353e-01	  -1.5890873647335951e-01	  -6.1748134410674303e-02	   1.4175585112432260e-01	   3.7662567529209889e-01	   4.8714740278429802e-01	   5.6137603401189806e-01	   6.2842931635856758e-01	   6.6004619008193244e-01	   2.1554525441549813e-01	   4.0069090293301618e-01	   6.3242368877948374e-01	   4.9502044014654623e-01	   4.7423138718296032e-01	   5.9228042243679258e-01	   2.3671047877837120e-02	   1.0483256319589296e-01	   1.3151749575094340e-01	   3.6429564173387102e-01	  -3.5004286338566359e-01	  -1.2241744113662432e-01	   1.8875514841050687e-02	   2.9724244137784672e-01	   2.4595050985703198e-01	  -9.0401091588176039e-02	   2.1487067395007550e-01	   2.0118194559719618e-01	   1.6585281523025028e-01	   1.1959277195017654e-01	   2.5855802492248325e-01	   2.0903568899155600e-01	   3.9155467270829331e-01	   2.3964160390111036e-01	   3.0112783020147210e-01	   3.9121762282408357e-01	   2.7891146062029737e-01	   6.9183174743493558e-02	  -3.4730586252631895e-02	  -1.3598084888171608e-01	  -5.1337967541269673e-02	   1.1051526089663999e-01	   2.5393205060178396e-02	   2.3441680128218845e-01	   2.5307668524730370e-01	   3.6447650197007248e-01	   3.2214637124076584e-01	  -4.8042264287812671e-02	   7.6831915501624735e-03	  -1.3168309955540355e-01	
   5.6658297770594623e-01	   6.4605352145795603e-01	   1.5593881762704098e-01	   1.3174824071864885e-01	   4.6787305759346920e-02	   1.0696525214567859e-01	   3.1956579624772535e-01	   3.6872457461101993e-01	   3.6926647926083667e-01	   2.6129891528796895e-01	   1.0841850156147577e+00	   6.9357266117410210e-01	   0.0000000000000000e+00	   1.1055468402005348e+00	   4.4813230312716174e-01	   3.1286672326416576e-01	   3.4749000290498586e-02	   1.5289316169542121e-02	   1.4745193046770117e-02	  -1.4801706637286691e-01	  -5.8816319430190896e-02	  -1.8390033142984941e-01	   4.2553043995929379e-01	   2.4547957803060461e-01	   2.5017076861331249e-02	  -2.9124182444730858e-02	   2.0041000220299651e-03	  -1.9484709273765121e-02	   1.7608779816127557e-01	   5.8307785867658578e-02	   5.8287935403120585e-02	   8.0081049307748550e-02	  -1.4685083521684877e-02	  -1.9787963811871995e-01	   5.2733209101218106e-02	  -7.6223979133357392e-02	   2.6892703442016594e-02	   3.4732768021828751e-02	  -6.6946647215699373e-02	  -6.5777227959586029e-02	  -2.3198109510323525e-02	  -5.1695352874966988e-02	   2.8834019694505825e-01	   1.7208811735135349e-01	   1.0763067412219582e-01	   1.2158232542384932e-01	   2.7255534381460389e-01	   3.6171870771271725e-01	   3.9689915171587792e-01	   5.1727982866167033e-01	   4.6475115318516746e-01	   6.5522323949718320e-01	   8.1011310323996155e-01	   5.9309015659162490e-01	   3.7855542423860022e-01	   2.3633248369455107e-01	   8.7602196679077607e-02	   7.0710718357582733e-02	   3.0217738249056286e-01	   1.2487949740438553e-01	   7.5115426547717482e-02	   1.9695030270503167e-02	   3.6710615749352450e-02	  -9.3239463725930727e-02	   1.8892919424881618e-01	   6.2834024124180501e-02	   4.3914148027780564e-03	  -1.0046200413338194e-01	  -1.4516661354016003e-01	  -2.8022631488719163e-01	   8.7483357585265917e-02	   3.0786528751239312e-01	   3.2130389409194698e-01	   2.7947849803914326e-01	   5.0201644250421551e-01	   5.2805187016668420e-01	   5.7954055098750498e-02	   7.2985522451203572e-02	   9.3345261319806916e-02	  -1.1231838045734497e-02	   4.8999535019441276e-01	   5.1108796349176677e-01	  -7.0114799651561519e-02	  -1.1327421801182057e-01	   5.6476072621115525e-01	   4.2630974996697663e-01	   4.6760895535680018e-02	   6.2576213399573810e-02	   2.2998940952017011e-01	   3.4891343090073501e-01	   7.7788996299614999e-02	   2.1286559340929248e-01	   6.4023308385546845e-02	   3.6981092722733294e-01	  -2.2188749091768817e-01	  -4.0337052220054619e-02	  -2.3033983227652341e-01	  -1.8176874180695918e-01	  -8.8880674904253831e-02	  -1.5486216706958592e-01	   1.6956016580882711e-02	   1.7840076966798313e-01	  -4.9125170471628857e-02	  -6.5015867040862041e-02	   2.3807827536158246e-01	   1.9625811824873896e-01	  -2.7055472321661490e-04	   1.5427365152487110e-01	   1.0369244492938377e-01	  -1.0661067141525591e-02	  -1.1919625212746791e-01	   2.2460404489671668e-03	   1.9498860654557460e-02	  -1.7102501585190971e-02	   3.2788551163137025e-01	   2.2614763914204961e-02	
