   0.0000000000000000e+00	   1.0563049598110286e+00	   5.6072444047364267e-01	   6.1043341931427308e-01	   5.1617869562373941e-01	   6.0695900988299870e-02	   5.7477221754548624e-01	   4.7463013468516363e-01	   7.2337513711138879e-01	   1.1913298703967161e-01	   4.6488315537971814e-01	   5.9535354931138396e-01	   4.8520594414176232e-01	   4.8222473153719014e-01	   6.1850533841937350e-01	   7.4363756092758293e-01	   8.5497596903573636e-01	   8.3557676674607539e-01	   9.8840266411586908e-01	   8.3195456676306634e-01	   4.2537017787450548e-01	   4.4709397497680675e-01	   3.6688435916879186e-01	   4.3844318473043731e-01	   5.2487259693891553e-01	   5.3364984794972303e-01	   5.1811297479819329e-01	   4.1432607150082884e-01	   3.7106252273736995e-01	   5.4848818892977358e-01	   6.0006599546600481e-01	   5.3400797145007373e-01	   7.4968003082002488e-01	   7.3220657618748575e-01	   2.8472882679025180e-01	   3.5369083788101791e-01	   3.9507074231691436e-01	   6.3471124236263865e-01	   4.7591877406836391e-01	   4.9599901379119793e-01	   7.9266433017102078e-01	   3.8555692958174964e-01	   3.4309024996687459e-01	   3.0532327782315721e-01	   4.7176260094458428e-01	   5.2746142678252905e-01	   5.4047321796061953e-01	   4.9890850025124800e-01	   4.2442294827836718e-01	   3.6280873543149023e-01	   5.5829396710727752e-01	   4.1593971007426700e-01	   4.7757345138504603e-01	   4.9307467598181082e-01	   7.9000990762015466e-01	   8.1932206778024441e-01	   8.9261485614715141e-01	   6.8884363768947632e-01	   8.9052373357546788e-01	   4.9628449858035362e-01	   5.0232645361872863e-01	   1.3232567127052147e-01	   8.1548512601017797e-01	   4.7764845207365769e-01	   2.4050825143434368e-01	   1.1243718100486211e-01	   4.9825883531273163e-01	   4.1667081525796235e-01	   5.7636525280844131e-01	  -1.5484606125591208e-01	   4.2071443111515017e-01	   5.0801701869192495e-01	   7.3679709658871173e-01	   7.5688945686237585e-01	   8.0978878604799398e-01	   7.1339699269998069e-01	   5.1497896809090205e-01	   6.2170404160695425e-01	   7.6044829321786045e-01	   6.0567666546785481e-01	   8.0880756976466073e-01	   8.1716964766732292e-01	   7.2129141997897728e-01	   8.7680670707873665e-01	   3.4144866872225454e-01	   4.8828595794345198e-01	   5.4115792768831872e-01	   5.9837818583714786e-01	   5.5952936075824800e-01	   8.2158962957933002e-01	   4.7310783359226827e-01	   6.5681708024151830e-01	   3.0125181362434700e-01	   4.7294031051429464e-01	  -1.5700306062999861e-01	  -6.9422627396602141e-02	   3.3069505609648975e-01	   3.8034097347550722e-01	   7.4202845854732036e-01	   8.0809805860169837e-01	   5.1437960811593508e-01	   5.9667362539157420e-01	   3.9183861223920052e-01	   6.9141556570329832e-01	  -1.6121517614924019e-01	  -7.2176930992921190e-02	   2.3857768945685345e-01	   3.6971500527399864e-01	  -9.0289613339785288e-02	   9.2520556874477564e-02	   4.9708910457956373e-01	   5.5023481890823200e-01	   5.9606849550814023e-01	   3.2549555266534475e-01	   1.2396532992766307e-01	  -3.4463688403265097e-01	
   1.0563049598110286e+00	   0.0000000000000000e+00	   2.1253879170344941e-01	   3.0771954144259644e-01	   2.5784937211821274e-01	   1.5397899895375194e-01	   2.3158629442641981e-01	   4.1155197674224453e-01	   3.0393250996914800e-01	   9.1701355847800384e-02	   1.7776931634417548e-01	   6.8385026499710644e-01	   2.0772474529219861e-01	   5.0577312954835296e-01	   3.8815328997994852e-01	   5.1533330537093014e-01	   6.0534770637571722e-01	   8.3533540738461043e-01	   7.9776634734753837e-01	   8.0536934733485199e-01	   1.7306513345445157e-01	   3.0973255427718216e-01	   4.9082209893742318e-02	   1.0291274497196808e-01	   2.1104315619036768e-01	   2.5468242259510188e-01	   3.9216079170233470e-01	   2.9544198375432207e-01	   2.4268520371827845e-01	   6.0937086701530441e-01	   2.7533710433944625e-01	   1.9007899936843686e-01	   6.6156433225822053e-01	   8.0016399349663525e-01	   4.7363672854426511e-02	   1.0905252220565857e-01	   2.9973942991432617e-01	   3.7983796346711379e-01	   3.2995823881588465e-01	   4.4285294126958452e-01	   6.2447545531455051e-01	   3.8945717670304247e-01	   2.5014597593611959e-01	   2.5318930583432431e-01	   4.2382913389581567e-01	   4.7312052581655190e-01	   5.0218268137740052e-01	   5.2806584563674053e-01	   4.4980095617945470e-01	   3.8990419956336864e-01	   5.1929178908762696e-01	   4.9033403347365756e-01	   5.2641166901853964e-01	   4.5690051780037355e-01	   6.8290625023992735e-01	   9.5577225396873799e-01	   7.8669418991440654e-01	   9.0267531299876458e-01	   5.9699283767726719e-01	   4.3509310812726465e-01	   2.3402172810843119e-01	   1.1358625625995848e-02	   6.0905750215239929e-01	   5.6485891948605160e-01	  -1.0076768644878889e-01	  -2.0881579572427880e-01	   3.1411645230109386e-01	   3.1287863083578282e-01	   3.9863671544015677e-01	  -7.8970780849077174e-02	   2.1743185985473332e-01	   3.9391325972895064e-01	   3.7947600120751102e-01	   5.8642534042311634e-01	   5.4364261455698670e-01	   6.3391600714714613e-01	   3.8377400307334103e-01	   6.0448996551223888e-01	   5.1294660277428883e-01	   4.0335169321531733e-01	   5.2963780054455967e-01	   5.7002925884291111e-01	   5.7153915139570721e-01	   5.9779074465970805e-01	   1.1904434440102927e-02	   1.8168245091792484e-01	   2.0507211043828150e-01	   3.6883977210496954e-01	   3.3091608359463115e-01	   5.5202349712951948e-01	   5.2673790118287289e-01	   4.4106727295518161e-01	   1.8975801634253739e-01	   2.1253732680822301e-01	  -5.6522034950210534e-03	  -1.0813355382365036e-01	   5.0724513981944286e-01	   5.4504251402336568e-01	   1.0716344702411560e+00	   8.6629247234618423e-01	   3.4039605897278669e-01	   3.0086434145332192e-01	   3.1794415487265748e-01	   4.3700256909975055e-01	  -2.0947308771961548e-01	  -1.7069175362705952e-01	   2.0117331250167214e-01	   3.2205354990444796e-01	   1.3973883526120948e-01	   2.5383723493480848e-01	   5.8231937328270877e-01	   6.0991519138246209e-01	   6.0815108525765138e-01	   2.7430440592987554e-01	   5.4899255770268267e-02	  -4.6058849128282930e-01	
   5.6072444047364267e-01	   2.1253879170344941e-01	   0.0000000000000000e+00	   1.1941576221734000e+00	   7.6633370710637205e-01	  -7.0318197282482092e-02	   1.4713460578917470e+00	   5.6151786139742632e-01	   9.2826046261034800e-01	   1.2768705537305117e-02	   8.2729798190199877e-01	   3.8463944463542982e-01	   9.2012339083235761e-01	   3.9766235485669632e-01	   1.1312319425868060e+00	   8.2388477059691689e-01	   9.5055256581450864e-02	   4.5363719967851289e-02	   8.0876553112954763e-01	   4.3148567154595785e-01	   7.7019692707233811e-01	   5.7053125937108173e-01	   1.3345622142785534e+00	   1.1365396573564341e+00	   7.4583267786648699e-01	   6.4274139131578689e-01	   3.8933366951890697e-01	   2.7685751417793703e-01	   3.4553302209254416e-01	   1.3023788905924422e-01	   1.3660627426764380e+00	   1.2743139779009796e+00	   3.8034093702396649e-01	   2.8527481818177136e-01	   1.0203661837953182e+00	   8.6422194859808199e-01	   3.9176502904307553e-01	   5.6374764796292931e-01	   7.2061145836623519e-01	   3.0131874246166196e-01	   6.6168608829325604e-01	   3.0840281127828040e-01	   4.8926297469129931e-01	   4.1271143865734217e-01	   5.3715277634757208e-01	   4.6110473743898084e-01	   3.8747459171541310e-01	   4.5749632042804722e-01	   2.7397790435455416e-01	   2.1841958115955101e-01	   4.2291967339923137e-01	   1.0069565836181037e-01	   9.9746353588700071e-02	   2.9955224148847759e-01	   5.3265845828477310e-01	   2.9750540086422633e-01	   8.9096102357416079e-02	  -7.9949644621727031e-02	   5.2547374392470836e-01	   1.7885976308078855e-01	   7.8529335553344082e-01	   2.7422526839587696e-01	   4.2944251450015403e-01	   1.5357730458316679e-01	   1.0736147924163697e+00	   6.0417836588576501e-01	   5.7476710240595763e-01	   4.1412568050738136e-01	   3.2672181987256754e-01	  -7.6860545696289306e-02	   4.2514442749357556e-01	   4.2150482459728561e-01	   6.1442116701040872e-01	   3.2476585815181175e-01	   5.4590668713534951e-01	   3.6287423998269253e-01	   3.9766935105031248e-01	   3.8055212487154882e-01	   6.4980693062305422e-03	   1.7772703607474039e-01	   5.0249461614722912e-01	   8.8193295471504884e-01	   8.2475903576692944e-01	   8.3633023117031202e-01	   1.1818280224103055e+00	   1.0577897849817408e+00	   7.0848357891358749e-01	   7.3538059681428447e-01	   9.7219859827354638e-01	   6.1820189088890520e-01	   3.6979710468512877e-01	   7.8901524497114650e-01	   5.0759214870297220e-01	   1.1930596652061349e+00	  -1.9341077662570727e-01	  -3.4602428021753590e-02	   1.5032637267907031e-01	   8.4990218514634147e-02	   2.7234148129946378e-01	   2.5772016097260697e-01	   6.0053076286890861e-01	   1.4427974217908723e+00	   1.3783545704550404e-01	   6.2813873094555861e-01	  -1.0914519324101781e-02	   2.6934749637134436e-01	   5.8577274877558011e-02	   3.2001001060589573e-01	  -2.6775346910018671e-01	  -1.9133084063113115e-01	   3.3530664917323338e-01	   8.8891072331866716e-03	   1.1488576569247570e-01	   1.2406233888735917e-01	  -3.3185704194747270e-02	  -1.8295162778474688e-01	
   6.1043341931427308e-01	   3.0771954144259644e-01	   1.1941576221734000e+00	   0.0000000000000000e+00	   8.6899047171225030e-01	   1.7806716076009313e-01	   1.1071889080771367e+00	   8.2066334023239496e-01	   9.0456963725487405e-01	   2.3328617577698252e-01	   6.3719274482842558e-01	   5.5935386296691514e-01	   6.3352133924602472e-01	   4.7354740429352271e-01	   8.8056496409916829e-01	   1.0222616652041590e+00	   9.7004736319347487e-02	   1.1806968458623963e-01	   7.0683381250518618e-01	   5.6488744919981837e-01	   6.5321545602876163e-01	   5.9044348665096202e-01	   1.0672745900691154e+00	   1.2447750096648640e+00	   8.4036420994401251e-01	   8.7879382684929097e-01	   5.4195635168384260e-01	   3.8617996125929771e-01	   5.1746750669708470e-02	   1.4745692703260045e-02	   8.5124728859732524e-01	   9.4964392378534157e-01	   2.6531181593655473e-01	   2.0910908700006703e-01	   6.4622583168541159e-01	   5.9869850530310442e-01	   3.0076721508569032e-01	   5.0154646110269252e-01	   4.6083407646203789e-01	   2.3611541798597460e-01	   5.6757914162111422e-01	   1.5897494664573600e-01	   4.3447859510720760e-01	   2.9563738052852856e-01	   3.5249503700973378e-01	   3.6325919059727146e-01	   3.7696620272724141e-01	   4.7866889544763913e-01	   3.4295770481482912e-01	   2.5463468048471116e-01	   5.6314242410229309e-01	   2.2984087963367655e-01	   3.5896133232821498e-01	   4.0663069227180160e-01	   6.0761537945021549e-01	   4.4732697033343061e-01	   1.2542860943928047e-01	   1.8533626963066974e-02	   5.2272768069110098e-01	   3.7119314350280325e-01	   7.4133007509862103e-01	   3.9010968106105331e-01	   4.2639365686770686e-01	   2.6981334424764158e-01	   8.0648024413112251e-01	   6.2005153648113587e-01	   5.1505606708438922e-01	   4.3846079654500203e-01	   5.0739545386386908e-01	  -1.1151829753221440e-01	   3.8954992903932573e-01	   5.5056873425508324e-01	   4.6666320230418890e-01	   3.6682953222640075e-01	   5.5533616016525844e-01	   4.7041113070999391e-01	   1.9831388394865720e-01	   2.8346149121001118e-01	   1.6458648062622019e-01	   2.5662496176594829e-01	   4.3465456502861421e-01	   9.2779588779883237e-01	   7.4208608134345311e-01	   9.1889147345757671e-01	   1.0184797816293329e+00	   1.2684219043547904e+00	   7.6558403128424324e-01	   9.6086989189539240e-01	   1.0397765365638296e+00	   7.9580873164409016e-01	   7.0756137269157704e-01	   9.4631554160496334e-01	   8.4960234165461701e-01	   1.1610915511620328e+00	   1.2439797412702343e-02	   9.3781632736586434e-02	   3.5046119779116397e-01	   3.2989852617229726e-01	   5.2219442465263288e-01	   5.0462425856974269e-01	   1.0370926488030221e+00	   1.2770410268350851e+00	   3.5145955367331055e-01	   7.4894983743579691e-01	   1.0146081253412717e-01	   1.7341416102133542e-01	   2.9088212148667980e-01	   4.4690040952950039e-01	  -9.1572544655972782e-02	   8.3924237905323371e-02	   4.4440542856913834e-01	   1.7466687096227951e-01	   3.6351068974271838e-01	   1.6865187108001856e-01	   7.2043857788584825e-02	  -1.4908049868099843e-01	
   5.1617869562373941e-01	   2.5784937211821274e-01	   7.6633370710637205e-01	   8.6899047171225030e-01	   0.0000000000000000e+00	   4.5751352618872654e-01	   8.4662826243611633e-01	   5.9141917208888062e-01	   1.5152613385858522e+00	   6.7235728513546589e-01	   6.6739806297568460e-01	   4.5262958718754509e-01	   7.6633085512243659e-01	   4.6383700171080533e-01	   8.4634982634429701e-01	   8.3405799331384278e-01	   1.5574447510762474e-01	   8.1651884419415316e-02	   6.2591462557468946e-01	   5.4425552636325347e-01	   6.5458444647498970e-01	   5.3484524981774872e-01	   7.6249932048082014e-01	   7.2624273790590943e-01	   5.6579837463309168e-01	   5.8077954961560752e-01	   5.3380035934537617e-01	   5.7914133520044353e-01	   1.9014407264343117e-01	   8.4246972606831408e-02	   5.6501830038869394e-01	   6.1076692837944468e-01	   2.1718792351333713e-01	   2.2800341021517812e-01	   5.0742156994489229e-01	   4.9488096028888917e-01	   3.0444014110326295e-01	   3.7486181478323644e-01	   4.6356195015267843e-01	   3.0270476995534135e-01	   5.3612777278530610e-01	   1.1435085883624854e-01	   3.5369871882565235e-01	   2.7149859476843430e-01	   4.1962394379920676e-01	   4.7121175334920773e-01	   3.3080809781328852e-01	   4.3101698084731782e-01	   4.4091972483954600e-01	   4.8348052572212008e-01	   5.4164076586071164e-01	   4.2585246744186500e-01	   3.7634335379088030e-01	   5.0314481593947535e-01	   5.5581629779124420e-01	   4.4350438169490136e-01	   2.0247683997188917e-02	  -7.7101108091962986e-03	   6.8752006255525011e-01	   5.4008025309399799e-01	   6.7443476587573303e-01	   3.4049586341491983e-01	   3.3496856167726990e-01	   2.3818724171256112e-01	   4.8825798483566873e-01	   4.4229243252133299e-01	   5.5559784396560352e-01	   5.1531202039577462e-01	   4.8335686452154447e-01	   1.9764508559921581e-01	   3.7225443248860651e-01	   4.6611392464018930e-01	   2.5425835391627544e-01	   1.5332516705887744e-01	   2.4820780421536204e-01	   1.4603328994312950e-01	  -4.1720756554068913e-02	   2.2843592783250578e-02	   1.1407186920888647e-01	   2.1506525248072758e-01	   5.3480473551012042e-01	   8.0026221491320859e-01	   6.0109952975559000e-01	   7.0452439597916572e-01	   7.5799259560366761e-01	   7.6626462522190764e-01	   5.2172491631665807e-01	   4.9615099539627050e-01	   1.0032405393898347e+00	   9.1824622566579994e-01	   8.1088656966197692e-01	   9.5538990520609601e-01	   9.8959828645131431e-01	   9.6042009773516246e-01	  -1.8452910809725536e-02	   2.0204422262383750e-01	   2.7470819624621090e-01	   2.9601991208771011e-01	   4.4855330336499954e-01	   3.2481093265788097e-01	   7.5015676154229483e-01	   8.3915827284173883e-01	   2.0086604246939599e-01	   7.1564659868636549e-01	   2.3116731836869958e-01	   4.3936619043234759e-01	   4.6356858546506596e-01	   3.1886680361404734e-01	  -5.9134056513719356e-02	   2.3927255416451961e-02	   4.1328492903630554e-01	   1.0576921762687011e-01	   2.8868572080297111e-01	  -1.5397745730548401e-01	  -1.6583576639241726e-01	  -8.5427849704056771e-02	
   6.0695900988299870e-02	   1.5397899895375194e-01	  -7.0318197282482092e-02	   1.7806716076009313e-01	   4.5751352618872654e-01	   0.0000000000000000e+00	   9.9888665021855824e-02	   5.1763732093652270e-01	   2.8417510771864068e-01	   1.2407209562424510e+00	  -1.2107774990535679e-04	   4.3232462239817071e-01	   1.1769160537830120e-01	   5.0442271244478543e-01	  -8.8027225334265501e-03	   2.3674468835998699e-01	   3.3367039501293626e-02	   4.5026988709439546e-02	  -8.8796502124479065e-02	   2.2187754659309983e-01	  -4.9350595782897209e-02	   2.4283287189286720e-01	  -7.9277984826633272e-02	  -4.0863255781029895e-02	  -7.1769004270843137e-02	   1.9198923041998248e-01	   1.9091813432889862e-01	   3.1535220680711035e-01	  -8.7774688029895354e-02	   5.5165183724300494e-02	  -2.3574703931749705e-01	  -1.4170750527841580e-01	   1.3198437296619905e-01	   2.5822896804914541e-01	  -8.0731578963422895e-02	   3.0740296338557328e-02	  -1.0810922195175685e-01	  -1.0348892680520316e-01	  -8.1612260905766648e-02	   1.4073959264529343e-01	  -9.3162146321952188e-02	  -1.1754559843043152e-01	  -6.5051820396370183e-02	   6.2249762807551189e-03	   4.4839213835861621e-03	   1.4488203404579125e-01	   1.9952464275069183e-03	   1.6515116295753973e-01	   3.5891655786590482e-01	   3.7401882106440903e-01	   4.3599333991589961e-01	   5.0507494615160020e-01	   3.8296230182962726e-01	   2.1608991770207142e-01	   1.3000958191011783e-01	   3.6605239090558217e-01	  -1.4295673498690836e-01	   2.3838767890391320e-02	   2.4929227588168662e-01	   6.5596148658287690e-01	   2.7613088704808036e-01	   4.7536925885991899e-01	   1.2691416612219986e-01	   4.7311413089302051e-01	  -1.4795424629693882e-01	   1.2250758585646587e-01	   2.6230256941231528e-01	   4.1333779284829303e-01	   1.9284994849486403e-01	   2.1084455315621592e-01	  -3.3496686096180450e-02	   2.5951978499704587e-01	  -5.0705710717390592e-02	   1.0895626732358495e-01	   5.3401032371401744e-02	   8.4361560774840277e-02	  -2.6512315522264157e-01	  -1.4837792509818576e-01	   2.2242110003803095e-01	   1.4463159558508554e-01	   2.1347086309272933e-01	   1.9429184125113602e-01	  -7.1767579814304816e-02	   9.4330738279768782e-03	  -2.7314775077002109e-02	   4.8866745463526810e-02	  -8.9664297539486640e-02	  -8.6456823447993464e-02	   2.3801037545725798e-01	   4.2297284700460547e-01	   6.0128482647633008e-01	   4.5492643504832626e-02	   4.5763397116907567e-01	  -3.0872534619736186e-02	   4.7489439211097212e-01	   2.7383454682902175e-01	   5.3769076921477832e-01	   5.5412589581331473e-01	   4.9040218650951817e-01	   1.5924206026453958e-01	   2.7181644653317805e-01	  -4.2106239480985172e-02	  -1.8911136032735687e-01	   1.6817510505731312e-01	   3.7974335160965661e-01	   3.4643108658836735e-01	   2.1522989278336310e-01	  -1.4942785924382646e-01	   4.7572053978175710e-01	   3.5480063120175687e-01	   2.6496699019308934e-01	   1.3923553811618400e-01	   4.1478744850787086e-01	  -2.0707427058146034e-02	  -2.7338818931380715e-01	  -3.0767983916541040e-02	
   5.7477221754548624e-01	   2.3158629442641981e-01	   1.4713460578917470e+00	   1.1071889080771367e+00	   8.4662826243611633e-01	   9.9888665021855824e-02	   0.0000000000000000e+00	   8.9512822025764738e-01	   1.0133385691288987e+00	   1.9492568799668486e-01	   9.4536899899112858e-01	   5.7869477828642679e-01	   1.1284608897484765e+00	   6.3946084668970349e-01	   8.6800201342113026e-01	   7.8783979531872927e-01	   9.5451508822684453e-02	   3.0072344368297775e-02	   6.8235534960774613e-01	   4.2925480493658641e-01	   5.4023668818643833e-01	   3.4337357919023531e-01	   9.1457340115290831e-01	   8.5539972745282367e-01	   4.2921063334634013e-01	   4.3676164328833589e-01	   1.7425631000167180e-01	   1.3165255476817928e-01	   3.4219869950187637e-01	   1.0174713290061904e-01	   8.9418908227308158e-01	   8.8108808643254211e-01	   3.3551897879808040e-01	   3.1419658032024894e-01	   6.8432081130064293e-01	   6.7746385820798527e-01	   1.7634716616085755e-01	   3.3490789584783376e-01	   4.3759563126893647e-01	   1.0501281497162676e-01	   4.0611334321107967e-01	   1.0491039675765429e-01	   3.2242822507088265e-01	   2.5099369973541497e-01	   3.5549321751170326e-01	   3.4580108510403795e-01	   2.4097509618699836e-01	   3.2094469089467254e-01	   1.8673082872333824e-01	   2.2039575358380722e-01	   3.5583897400491948e-01	   1.5839929856828883e-01	   1.4062201313012990e-01	   3.7886296595606517e-01	   5.4038021438596062e-01	   3.1086546249930114e-01	   3.9253509622252042e-03	  -8.4107086596827196e-02	   6.0879427132830244e-01	   4.0405571857042916e-01	   1.2257555509192659e+00	   5.5613657562138219e-01	   5.1615882490792320e-01	   2.9648405351848423e-01	   7.7900870224130037e-01	   6.8829797426164030e-01	   5.4973834410767108e-01	   4.1640506863832238e-01	   2.6712663516370866e-01	  -1.4667724474045107e-01	   2.2287424461412469e-01	   2.9189784701679555e-01	   4.3765681240019472e-01	   2.0386153160341527e-01	   4.7103665444169834e-01	   2.7392166996623979e-01	   1.7272532737462579e-01	   2.6811538367794974e-01	   5.1910920943181293e-03	   2.4025922466766847e-01	   4.1906511093744181e-01	   8.7100751143578137e-01	   5.4816927204954702e-01	   6.3904868297583706e-01	   9.0007103743271377e-01	   1.0401745018841417e+00	   4.7753793838037956e-01	   4.7953719004700529e-01	   1.0627370708371375e+00	   7.9477759824951189e-01	   4.4802026067658679e-01	   7.5032166796829947e-01	   5.6256207475334652e-01	   9.5906605875645212e-01	  -2.2267323949262674e-01	   3.9757594901331267e-02	   5.0357246982220778e-02	   3.7688382525915345e-02	   2.8554817254057985e-01	   2.3976197683577727e-01	   6.5119633975258351e-01	   1.2279721178056056e+00	   1.3890272134479634e-01	   6.7098213578623622e-01	   9.0874988178402949e-02	   3.2369764993720890e-01	   2.2942646793205632e-01	   3.8870023574608953e-01	  -1.8918305160928847e-01	  -2.3145018632371608e-01	   1.6085721284257071e-01	  -4.2227653576691414e-02	   1.1004215665474512e-01	   1.9216014528381266e-02	  -1.0411999306306023e-01	  -1.3101776610624344e-01	
   4.7463013468516363e-01	   4.1155197674224453e-01	   5.6151786139742632e-01	   8.2066334023239496e-01	   5.9141917208888062e-01	   5.1763732093652270e-01	   8.9512822025764738e-01	   0.0000000000000000e+00	   6.3678910027971436e-01	   5.2792893772189808e-01	   4.5771564677096932e-01	   9.9116533439613808e-01	   5.9889522237294868e-01	   1.1621278890850926e+00	   3.8340965661156545e-01	   7.3048576478040506e-01	   2.9328055687275912e-02	   7.2784085471982049e-02	   3.3816964686268536e-01	   3.8492950633805290e-01	   1.0909511823424464e-01	   1.8086650481286964e-01	   3.1743296083484851e-01	   3.6724799371857669e-01	   1.2747709515706346e-01	   2.6681723633439214e-01	   6.2192019703567435e-02	   4.1261576058118046e-02	   9.8293463404538969e-02	   1.4503272895672145e-01	   3.0686625916052718e-01	   3.9859467956194189e-01	   3.6244155152433682e-01	   4.6337117580730713e-01	   2.5224109790374749e-01	   3.0387459666286265e-01	   7.5075916799640799e-03	   1.4769589003804767e-01	   1.8103935858262751e-01	   8.3627520726605675e-02	   2.1556875307064677e-01	  -5.2164270210629408e-02	   2.5322961004876715e-01	   2.0044296095346287e-01	   2.5215643738789489e-01	   3.1266869256928698e-01	   3.2987387183737349e-01	   4.3619388281229654e-01	   4.0098762213567851e-01	   4.0168744129622413e-01	   5.7144215569574086e-01	   4.6717625248664474e-01	   3.9914429810602181e-01	   4.0864311185246416e-01	   6.3233461461409368e-01	   6.0505091684605583e-01	   3.8757697427926500e-02	   9.8571881084494301e-02	   6.1925932194466449e-01	   9.0238858898223873e-01	   1.0418601765225566e+00	   1.0284866913367445e+00	   4.8676385283484080e-01	   7.8319782762937395e-01	   2.6832172450826430e-01	   4.5565996000780878e-01	   4.9544250621357178e-01	   5.3687017939684223e-01	   2.5476499998573793e-01	  -7.5546765186116346e-02	  -7.8817689023511966e-02	   2.8587635501433412e-01	   1.8006739956746348e-01	   2.2709361666362343e-01	   3.3183658673389038e-01	   3.4234514721600479e-01	  -2.1089553803791349e-03	   2.7121844526119010e-01	   1.0813052742099498e-01	   2.0551964380587939e-01	   3.4445081091021645e-01	   6.7008780743950747e-01	   2.9888561041141110e-01	   3.6544022710618157e-01	   3.4316958595661778e-01	   6.1109257916251403e-01	   1.8653131637992093e-01	   2.6367099191614485e-01	   7.1489908953776704e-01	   8.9883288595565858e-01	   7.0438683002979241e-01	   4.6824477373599199e-01	   4.9359548296234113e-01	   4.0873840274501172e-01	  -5.5500264416314678e-02	  -3.1770478621536084e-02	   2.2465444900448950e-01	   2.9511911718500983e-01	   6.4972881837185059e-01	   4.3274730626885355e-01	   6.6221031815678177e-01	   6.0894742252636769e-01	   1.9019326487494614e-01	   4.8329706381600041e-01	   1.1463441291218797e-01	   1.6557456384425262e-01	   2.5675902599877920e-01	   2.9089052098560303e-01	   2.6038559969708205e-02	   1.4997943075285724e-02	   2.5344954919040319e-01	   1.8577174889126408e-01	   3.2012244529926437e-01	   1.0976817035529593e-01	  -8.7500151423925282e-02	  -3.0766372893247618e-01	
   7.2337513711138879e-01	   3.0393250996914800e-01	   9.2826046261034800e-01	   9.0456963725487405e-01	   1.5152613385858522e+00	   2.8417510771864068e-01	   1.0133385691288987e+00	   6.3678910027971436e-01	   0.0000000000000000e+00	   5.4055744357361890e-01	   8.0564503778071939e-01	   5.3501940282062954e-01	   9.7844711342506963e-01	   5.3159811577178795e-01	   9.5719160424858318e-01	   9.2144100222736991e-01	   2.8507083082323342e-01	   1.7044954818993466e-01	   7.0075119848777845e-01	   5.8471219295636911e-01	   6.0320665857245637e-01	   5.0057582045523419e-01	   8.6500373942804920e-01	   8.0772115510584819e-01	   5.8131151191299490e-01	   5.6786104046474328e-01	   4.4767318552427043e-01	   4.4349258153120580e-01	   3.4298683949780440e-01	   2.1200062776225487e-01	   7.1732000616535596e-01	   7.8545077010462760e-01	   3.7038389784174292e-01	   3.5778367785247828e-01	   5.9697611840492826e-01	   5.6889447543818372e-01	   3.3960985861215010e-01	   4.4761448195702747e-01	   5.1206216755921596e-01	   3.0946650973453060e-01	   5.8859535724547407e-01	   1.5845954510042287e-01	   3.9295223755363801e-01	   2.8003629270714164e-01	   5.3635227819198916e-01	   5.1953759514784681e-01	   4.3521248075852148e-01	   4.4864183998657303e-01	   4.0209282303512761e-01	   4.0181397674513442e-01	   5.1699512732650887e-01	   3.2447834454423541e-01	   3.2229550502919785e-01	   4.1928600332888433e-01	   6.1613040538529551e-01	   4.2948142900770730e-01	   1.6027422045505732e-01	   7.7373195631087480e-02	   7.8131694154870990e-01	   5.1779496456762464e-01	   9.2746566374489736e-01	   4.3518156140907155e-01	   5.3032758873111385e-01	   3.4979072619835444e-01	   5.9064945129965096e-01	   4.8481145509724027e-01	   6.0705539277051146e-01	   5.1019951333667923e-01	   4.2644878864894986e-01	   1.2641999761771347e-01	   3.1604532615357139e-01	   4.2212894955760727e-01	   4.1579079169341071e-01	   2.8738213548709313e-01	   3.4477071247451063e-01	   2.4500367524105787e-01	   1.2123928381455190e-01	   1.5920882672621420e-01	   2.2787769435035821e-01	   2.8042226632185996e-01	   7.0783382710860765e-01	   9.2771740628398713e-01	   6.9832981276952621e-01	   8.1857492898529471e-01	   8.3410317174307091e-01	   8.2531668296111060e-01	   5.8947689886306365e-01	   4.9772895634083980e-01	   1.0890219410364086e+00	   9.5012826123248095e-01	   6.8573305297291176e-01	   9.1047936139602792e-01	   8.2109804520307472e-01	   9.5680438868436579e-01	  -1.8134878266633633e-01	   3.1519166572035039e-02	   1.9934951054218031e-01	   1.7352929106563444e-01	   4.1017973436443472e-01	   3.0279055712669534e-01	   6.4551076886012437e-01	   9.2808303657653146e-01	   1.7744418248304239e-01	   6.8751220817375369e-01	   1.3588173136645193e-01	   3.2114692986523607e-01	   3.2858042388680553e-01	   3.2929293847874908e-01	  -2.2067440499662461e-01	  -9.6054829485863191e-02	   4.0164275100840535e-01	   1.3571246094420000e-01	   2.5234444934865824e-01	  -6.4321887370283257e-02	  -1.5483189263192834e-01	  -1.8019625585172439e-01	
   1.1913298703967161e-01	   9.1701355847800384e-02	   1.2768705537305117e-02	   2.3328617577698252e-01	   6.7235728513546589e-01	   1.2407209562424510e+00	   1.9492568799668486e-01	   5.2792893772189808e-01	   5.4055744357361890e-01	   0.0000000000000000e+00	   2.1874099098648156e-01	   4.4168276163145970e-01	   2.8497349011745343e-01	   5.4528959646857800e-01	   1.3664620898618351e-01	   3.8502102076295686e-01	   1.3532002537866614e-01	   1.8799005744985480e-02	   2.0446401254809985e-02	   2.5552386332045640e-01	  -4.6193931877712806e-02	   1.7609775919150839e-01	   5.3621495509829482e-02	   1.0325702438411954e-01	  -3.7326935655676803e-02	   1.5741923591352355e-01	   1.2808271403891883e-01	   3.0023421449687293e-01	   7.1316460459159126e-02	   1.1192225453895617e-01	  -1.3133267421712627e-01	   3.1769233323818244e-02	   6.5661751338869312e-02	   1.7443810003429788e-01	  -6.9691617912259252e-02	   1.6834844874203825e-02	  -4.1727489516716017e-02	  -6.4432606972715190e-02	  -2.4215687764095165e-02	   1.7288792300425510e-01	  -7.8339703161584728e-02	  -7.9268801528265723e-02	  -5.4380369701784462e-02	  -4.1674447649838200e-02	   1.0716567792560779e-01	   1.5441328519613104e-01	   1.5950899883682403e-02	   1.3252934619973988e-01	   3.1678141584651087e-01	   3.4056465893759519e-01	   3.2379778481600102e-01	   3.8137747209256978e-01	   4.0171384801106280e-01	   2.9082381384644440e-01	   1.6885710774896667e-01	   3.2687407194875923e-01	  -1.3186871551889875e-01	  -4.5604602199251124e-02	   2.1854887555084321e-01	   5.7386403107821615e-01	   3.8595465797862349e-01	   6.5340973598580998e-01	   1.9735093199082690e-01	   5.2050136173483896e-01	  -6.4406335470976669e-02	   2.0777764494059850e-01	   1.4453054544830676e-01	   2.5438041064391537e-01	   1.4839691169656236e-01	   1.8948495119496378e-01	  -8.7798789376766967e-02	   1.9971827089349989e-01	   2.3393399640899478e-02	   7.6226266670178497e-02	   2.2568482370820191e-02	   4.2811421680751631e-02	  -2.7252631213875878e-01	  -2.1346254912784021e-01	   2.3139430879627759e-01	   1.7256273072417158e-01	   3.2414029577456588e-01	   2.8288486954782510e-01	   4.7862217212377822e-02	   1.3048888806998218e-01	   1.0722350388117412e-01	   1.9095018994656227e-01	  -2.8224451957564674e-04	   1.8748174368125110e-02	   3.6493166277492894e-01	   5.8355168511137190e-01	   6.5318601752782346e-01	   2.1070114791726011e-01	   6.3414167712769842e-01	   1.1111196014981509e-01	   2.8716789103708956e-01	   1.8602151541457337e-01	   3.1609975380603178e-01	   3.7024181604650153e-01	   3.9513686522546998e-01	   1.4422425875274389e-01	   2.6425768749302908e-01	   5.1966503808384246e-02	  -1.5123421073960186e-01	   2.0920905885870172e-01	   4.3252302416978983e-01	   4.1343154877985588e-01	   2.1117651618968517e-01	  -1.8681788568429408e-01	   2.2445168941649996e-01	   2.1886872597243712e-01	   1.4182484024042027e-01	   1.1234117520638233e-01	   2.9160675802034447e-01	  -1.1334057302125067e-01	  -3.6205876895386924e-01	  -9.7383886591745544e-02	
   4.6488315537971814e-01	   1.7776931634417548e-01	   8.2729798190199877e-01	   6.3719274482842558e-01	   6.6739806297568460e-01	  -1.2107774990535679e-04	   9.4536899899112858e-01	   4.5771564677096932e-01	   8.0564503778071939e-01	   2.1874099098648156e-01	   0.0000000000000000e+00	   4.8135959606659828e-01	   1.4507859934195211e+00	   6.4082801079657958e-01	   8.6670405700613151e-01	   6.9629452695079697e-01	   1.2486966900868869e-01	  -4.4548452570967720e-02	   5.9156201704008848e-01	   3.3898401595843303e-01	   5.0734794501835379e-01	   2.5031521318372579e-01	   9.2297460074459403e-01	   8.8621747920613569e-01	   3.9374280982380067e-01	   3.7458094884335347e-01	   2.4648994444728436e-01	   2.7831505668854539e-01	   3.2721887681619233e-01	  -2.6733186781831505e-02	   6.7313911670541060e-01	   6.9449973238055174e-01	   1.0168983596002322e-01	   8.1692199874683888e-02	   6.3647163758901959e-01	   7.0340265890382603e-01	   2.9359379540575248e-01	   3.1879009854522516e-01	   3.4623242439108942e-01	  -2.2827564159702829e-02	   2.5975678087016346e-01	   6.0588977930756634e-02	   2.7929337311055347e-01	   1.4978531140165835e-01	   2.9066902334836814e-01	   2.4557073002526114e-01	   1.7572417167611418e-01	   2.1777331666604147e-01	   1.2558888283846470e-01	   2.1022655472593565e-01	   3.1501672267150621e-01	   1.3839503484585286e-01	   3.5399593520863210e-01	   5.5973703552190468e-01	   5.6633351207395943e-01	   2.3961661268371290e-01	  -1.4284766445315494e-01	  -2.2433346865864698e-01	   3.4349715986857110e-01	   2.0547679966848362e-01	   7.9757940202219491e-01	   2.9789429233892284e-01	   3.6188596661001932e-01	   5.7573603645606341e-04	   7.6014651388845467e-01	   7.5072336941537265e-01	   2.4252493324380017e-01	   1.7483369539063581e-01	   1.3786572069952513e-01	  -7.5427194398065223e-02	   2.6244183324504800e-01	   3.0378464841047759e-01	   4.2721116741503773e-01	   1.1509240705701687e-01	   4.1768596886603571e-01	   2.2738172903719439e-01	   2.3290152815003826e-02	   6.0412903176855215e-02	  -8.4302777721791303e-02	   1.8533284582878584e-01	   3.8020549718191660e-01	   8.5287970820866321e-01	   3.5980182583051901e-01	   5.7099694146987245e-01	   1.0793422817090528e+00	   1.0981890869074828e+00	   5.8572773479193052e-01	   4.8720305552573334e-01	   9.2847714559185479e-01	   6.3539329756092033e-01	   4.5930325421633139e-01	   8.0535694015883774e-01	   6.2105447498259470e-01	   8.3084850518012587e-01	  -2.8986304733099455e-01	   2.0042994889625326e-01	  -7.1411333159206516e-02	  -5.3459547127503469e-02	   1.9661010885690794e-01	   1.2215262521756856e-01	   5.0633953286529043e-01	   7.8440275879256149e-01	   1.6997275777462906e-01	   5.2211868776597403e-01	   3.7069284011675169e-01	   4.4182714240497023e-01	   3.2886802016648653e-01	   3.0910102227616038e-01	  -4.2383946616229012e-01	  -4.4514395006542723e-01	  -6.6429200360174911e-02	  -1.9569436266696344e-01	  -4.3640679425414948e-02	   2.6419322712409821e-02	  -1.7288285830361801e-02	   2.6239775839083008e-02	
   5.9535354931138396e-01	   6.8385026499710644e-01	   3.8463944463542982e-01	   5.5935386296691514e-01	   4.5262958718754509e-01	   4.3232462239817071e-01	   5.7869477828642679e-01	   9.9116533439613808e-01	   5.3501940282062954e-01	   4.4168276163145970e-01	   4.8135959606659828e-01	   0.0000000000000000e+00	   5.1300926341233422e-01	   1.2766375006867345e+00	   4.8416794936163288e-01	   8.0088317667082642e-01	   2.5368191752525276e-01	   3.0569663297050687e-01	   4.8745417191270585e-01	   6.4811987157537998e-01	   9.4365775428689638e-02	   1.0581053189092340e-01	   2.1602189276248812e-01	   3.2376937719047227e-01	   1.5277767532514058e-02	   1.2434317881815213e-01	   1.2451281449959409e-01	   4.0211251438593665e-02	   2.7998291990838992e-01	   4.0471247027534302e-01	   2.8098370772531728e-01	   2.7753062911700632e-01	   5.7061569146231528e-01	   6.5308803162658169e-01	   1.0602384364616246e-01	   1.7242367937175784e-01	   4.8512840652110124e-02	   1.7299704334393601e-01	   1.8614363139317822e-01	   1.7828602124956414e-01	   2.8115877131145106e-01	   1.0947871219424805e-01	   2.8888622399364489e-01	   2.3392538399052004e-01	   4.5912583953748726e-01	   4.7038833821241455e-01	   4.3649553781972472e-01	   4.9501651536932845e-01	   5.8739779840441009e-01	   4.6772396470886496e-01	   8.3882777734116942e-01	   6.4444094465532642e-01	   6.4548937059206413e-01	   4.5403075823784755e-01	   8.0711347711591808e-01	   7.8254828415354205e-01	   1.9341290434437838e-01	   2.4746302727765668e-01	   6.3884823740838304e-01	   7.9101012452720665e-01	   6.4092348271693733e-01	   4.9303999310213731e-01	   8.2267969032228050e-01	   9.3612815951399830e-01	  -4.4398870078171618e-03	   8.3717326587818483e-02	   4.8130279151874900e-01	   4.7331407771241707e-01	   2.8817759473445603e-01	   5.9080128253554243e-02	  -1.0496839180945439e-01	   1.9047069254239335e-01	   2.9574235450254799e-01	   4.0725407327579394e-01	   3.5546800790372496e-01	   4.4460767879655733e-01	  -4.8527881439252313e-03	   2.9042050848285750e-01	   1.8166540632441819e-01	   1.3661651968869046e-01	   5.1914755430959125e-01	   8.8517551025060559e-01	   3.8699181505271407e-01	   5.8842297244468023e-01	   2.2267594151148745e-01	   5.7338485932028127e-01	   2.3579750138358005e-01	   3.5558199410273827e-01	   6.9351938578165273e-01	   8.9719086979377094e-01	   8.0705277276632637e-01	   4.4299293569645865e-01	   4.8995552892758831e-01	   3.1792256181397643e-01	  -6.3100331847122295e-03	  -1.0922380000409730e-02	   3.4510301680844779e-01	   4.2601882956530251e-01	   8.5045449046930677e-01	   4.5147741842067846e-01	   5.7669612786444457e-01	   4.2014592045447730e-01	   2.4795265182183876e-01	   4.0135429420655078e-01	   4.4463703816956399e-02	   5.9579076921936078e-02	   2.5996219739103427e-01	   3.2224023032474397e-01	   1.7658865202163865e-02	   3.1586033524075553e-02	   3.1920792543617221e-01	   2.1485955555546452e-01	   3.3782030795489920e-01	   5.5922450689646519e-02	  -7.4015227169667436e-02	  -3.4339154363310442e-01	
   4.8520594414176232e-01	   2.0772474529219861e-01	   9.2012339083235761e-01	   6.3352133924602472e-01	   7.6633085512243659e-01	   1.1769160537830120e-01	   1.1284608897484765e+00	   5.9889522237294868e-01	   9.7844711342506963e-01	   2.8497349011745343e-01	   1.4507859934195211e+00	   5.1300926341233422e-01	   0.0000000000000000e+00	   7.7774089099738886e-01	   8.3767103181958091e-01	   6.9459189452583914e-01	   4.6912026240385145e-02	  -3.4546783381358859e-02	   5.4295525708615466e-01	   3.6246907371273146e-01	   5.6246319873916717e-01	   3.5207991229019758e-01	   8.1651749851622879e-01	   7.0004795624185379e-01	   3.9129869894872649e-01	   4.1425505393019779e-01	   2.5398570095731998e-01	   2.7639885589646251e-01	   3.3648030574417714e-01	   4.3093900396755765e-02	   6.6265419031169492e-01	   6.6573692442876109e-01	   2.9355574993295797e-01	   2.8738837630495428e-01	   8.4153195542434656e-01	   9.4806903787435737e-01	   3.1770474050569053e-01	   3.6804144319830118e-01	   4.8711496656714198e-01	   7.1691781082176553e-02	   3.1636856909357935e-01	   1.0556494844986304e-01	   2.4765668214574033e-01	   1.7420701549809944e-01	   3.4569356695737041e-01	   2.7363130742541730e-01	   1.7893750160885413e-01	   2.3106631361755436e-01	   1.5029579705686563e-01	   2.0074399506858231e-01	   3.9335564666707751e-01	   1.3425913769545175e-01	   2.3359619384832425e-01	   3.5981957060002634e-01	   5.1238830980881045e-01	   2.3062913153389161e-01	  -1.1238396333325387e-01	  -1.6129610835340910e-01	   5.4687770462794427e-01	   3.4530486007575556e-01	   1.1185255009936412e+00	   4.2824409118692019e-01	   2.9889148497142354e-01	   1.0915135472248190e-01	   8.1033453019026402e-01	   8.3333853801041469e-01	   4.6960390813052966e-01	   3.8599544591667045e-01	   1.9699991138302461e-01	   5.6593194646950527e-02	   2.9080129007730526e-01	   3.7152860846308933e-01	   4.1195277128055058e-01	   1.3396680650070658e-01	   3.9373959339859543e-01	   2.1987277488036244e-01	   6.6119546383120925e-02	   1.7425535394830222e-01	  -9.7918532996712007e-02	   2.0070741337844314e-01	   3.7849712302161398e-01	   8.0449103846785230e-01	   3.7294944772986383e-01	   5.2009103497521891e-01	   9.0702940818066735e-01	   9.1936854539762103e-01	   4.3930692861366988e-01	   3.6033210977383912e-01	   1.0104441400605231e+00	   7.1099550507550435e-01	   3.8424336960643923e-01	   6.1806998203542729e-01	   5.2130153209268060e-01	   7.6024254239596634e-01	  -3.6099005256142314e-01	   7.4040928480889875e-02	  -8.1630539096183494e-02	  -8.9146840935144717e-02	   1.5992572636392591e-01	   6.5441736598194867e-03	   4.9923885444389865e-01	   7.6521303924112649e-01	   3.0737686463125500e-02	   4.0932508249789112e-01	   2.0486496442312674e-01	   3.9387562527016001e-01	   2.0886561622533625e-01	   3.3290477038260080e-01	  -3.3504055277105738e-01	  -4.8379347030490183e-01	  -1.6498963010326013e-02	  -2.1972141409626708e-01	  -9.0976244331447534e-02	  -5.2914084624179236e-02	  -1.6382098346490159e-01	  -9.6327710822185081e-02	
