   0.0000000000000000e+00	   8.1339580120333266e-01	   4.7605521528333383e-01	   3.0257120970527296e-01	  -3.4754244481673535e-03	  -6.3462059263174816e-02	   8.3433980262312635e-01	   6.5301697051222685e-01	  -1.8369394526013331e-02	  -1.8619244320103481e-01	   3.3623241315898927e-01	   1.9101311565718890e-01	   7.3342167242049550e-01	   4.4710151898286093e-01	   1.0949248973904376e-01	  -3.4231079107149155e-02	  -1.6406541706870520e-01	   6.1787197211845238e-02	   5.5226601445460044e-01	   3.7505396995725809e-01	   1.9742197420340193e-01	   2.9506975911943684e-01	   1.6322657191718076e-01	   5.6915940360115026e-02	   1.1067862678813339e-01	   1.1765305485097075e-01	   1.6580135974107815e-03	  -6.6182464893317569e-02	   5.8557873424480156e-02	   8.2347536263325388e-02	   6.3776105729477534e-02	   2.1753335923014355e-02	   4.0634926634207585e-01	   3.1411591824865137e-01	   2.0449191555754000e-02	  -9.8785208268996338e-02	  -1.2512697410292967e-01	  -9.4936979545535687e-03	  -2.6085982311853172e-02	   2.1370635626673823e-02	  -8.4579936645818934e-02	   5.2952975005966248e-02	  -9.6292214009977589e-02	  -9.2275382594549912e-02	   7.9885646326302004e-02	   1.9703464943960948e-02	  -8.2936768595977914e-02	   7.1679570379414831e-02	   1.1952809165018831e-01	   1.7894804271602252e-01	   2.2558250546317737e-01	   2.3754718763087490e-01	   7.7360149327448044e-02	   1.6506154299372428e-01	   9.8365165981338362e-02	   2.3867891400498553e-01	   8.2160138121577353e-02	  -2.2990720255109350e-02	   6.3853344038356363e-01	   6.1574922604689186e-01	   8.0421331282412878e-01	   5.1358203117390699e-01	  -1.4765981892442848e-01	   1.3722845521549937e-01	   6.1500835443275859e-01	   3.7808652774970053e-01	   2.3666616202245022e-01	   1.3394006643708392e-01	   4.1792978764230737e-01	   4.3102746647060708e-01	   7.4431281526064694e-02	   3.3888886207121822e-03	   9.0000724337894827e-02	   1.7047904574662648e-01	  -2.1406844665206809e-01	  -1.5020730271404434e-01	   6.8656331062670356e-02	   4.7734355564146749e-02	   1.9040493378145423e-02	  -3.1518603550927379e-02	   5.5193442542871764e-02	   2.5302610486562371e-01	  -1.0665229673638426e-02	  -2.7191427129053744e-02	   2.2742408765547639e-01	   7.4013572251253254e-02	  -1.0046901358354923e-01	  -1.6446196674060377e-02	   3.3665644971960768e-01	   2.9945715196703737e-01	   8.5755860583586321e-02	   2.0034217137581894e-01	  -3.3945306612374049e-02	   1.9093555651103580e-01	  -5.2410794887210753e-02	  -1.8387843879525592e-01	   2.4944998373524269e-01	   4.1728702023984252e-02	  -1.5249316221923688e-02	   2.3759107798041965e-01	   1.9652754789907825e-01	   2.4630823235571331e-01	   2.2989969666819055e-01	   2.4446929707274637e-01	   1.7024917359089727e-02	  -6.1616748719978000e-02	   2.4261361622981531e-01	  -1.1337134992072263e-01	  -2.4429691816716786e-01	   2.3852653640805987e-01	   8.8422818688999427e-02	  -6.7829614754737699e-02	  -4.6061363798471693e-02	  -2.5749212750933500e-02	  -7.5107167005729406e-02	  -1.5685685762470894e-01	
   8.1339580120333266e-01	   0.0000000000000000e+00	   3.0891295267619745e-01	   3.1527934227506788e-01	   1.0706784852555520e-01	  -2.0198008002605156e-02	   4.3399909551274224e-01	   4.6320485844296888e-01	   4.6654050581939936e-02	  -5.1678345704581263e-01	   2.4204953813234933e-01	   3.7902359909019867e-01	   2.9180565860535640e-01	   3.8696930296710169e-01	   1.1550117465645596e-01	  -1.8948279860038404e-02	   1.8417766190711590e-01	   2.2023554764029146e-01	   4.9209332289019947e-01	   5.3479604015341586e-01	  -7.6301468468432374e-02	   1.7042934464138351e-01	   1.6080531999162109e-01	   1.5766740002855373e-01	  -1.0509453528971036e-01	  -1.8793697208889884e-01	  -6.6720370142302241e-02	   2.0285967652514260e-02	   8.9603072469117584e-02	   2.4061197166789855e-01	  -1.6471536025488132e-01	  -1.3434519863495142e-01	   3.6007580628988062e-01	   2.5383271161362786e-01	  -3.5052922744346349e-02	  -1.2408282743251491e-02	  -6.3033467867617696e-02	   5.0599375258847348e-02	  -2.2574877368239023e-02	   1.0123010668936747e-01	  -1.5189519684002213e-04	   1.7770093840148227e-01	  -1.7626784270230874e-03	   2.8564726374292679e-02	  -2.3960735095380058e-02	  -6.8977618021262331e-03	   9.4343526929904803e-02	   2.3052946456675322e-01	   1.8205103138703232e-01	   2.6667991734994423e-01	   2.2943239182477915e-01	   3.6911883944844726e-01	   2.2208679643998980e-01	   3.5235205821705345e-01	   2.3252517597535233e-01	   3.2537640255114808e-01	   3.7526441185960185e-01	   2.3757384489463351e-01	   4.5662247922234989e-01	   6.1483561553525290e-01	   5.6435935778450019e-01	   6.9600242004211910e-01	   1.4649642688794309e-01	   3.8121511662966540e-01	   3.3333155844488610e-01	   3.4068689719556777e-01	   7.0285539857429816e-02	   5.9490660023331234e-02	   5.3122370360613980e-01	   4.1958037214494431e-01	  -1.4080284942577725e-01	   3.5006774543246313e-02	   8.6931488578021660e-02	   9.7872910642782862e-02	  -7.9366622062859382e-02	  -4.2314273879659981e-05	   1.6793245477087571e-01	   7.7921884141175221e-02	   1.1909088181163617e-01	   5.2055692087197555e-02	   6.7298596112217043e-02	   1.9196357693523505e-01	  -3.4768395860649545e-02	  -7.0553732778397035e-02	   5.0473130813966156e-02	   8.5065731357929927e-02	  -5.5500780984800581e-02	  -1.4748008661821266e-01	   2.5192840212397644e-01	   1.8914663515308550e-01	   1.4941805566731109e-01	   1.0764382770911357e-01	  -7.4908062073356938e-03	   4.7273892709216833e-04	   5.4057319998415197e-02	   1.1095625153095484e-01	   2.8117320348551539e-01	   2.0499130964573745e-01	   2.7049925656805146e-01	   1.4825271159601922e-01	   2.2503022221932892e-01	  -4.9924743767390221e-02	   2.0650539774951759e-01	  -1.6026017407727094e-03	  -3.8121212299136842e-02	  -1.7067736458697433e-01	   3.8842282298005021e-01	   1.4005009482016287e-01	   5.6346504180201599e-03	   1.7260940595289806e-01	   2.4947313970921314e-01	   7.9219312608338685e-02	  -6.1768208150219189e-02	  -2.7837299769079452e-02	  -9.5475025895711468e-02	  -3.9489690582877275e-02	
   4.7605521528333383e-01	   3.0891295267619745e-01	   0.0000000000000000e+00	   9.0371567977394296e-01	   1.7149415145058072e-01	   1.9551868811409223e-01	   7.1389152296420866e-01	   3.9814780757898938e-01	   1.6487246826098984e-01	   4.1431600960416246e-02	  -2.7349950626736771e-02	  -1.0088886829536248e-01	   5.5603129288917275e-01	   1.6603028362220451e-01	   6.8514703909015362e-01	   5.8096165432894209e-01	  -1.8280165128614145e-01	  -2.8853883485296572e-01	   2.2795176706008721e-01	   2.0071431144756066e-01	   4.2955829929243772e-01	   3.1383291656884010e-01	   1.0636868663044825e+00	   9.0676461168945499e-01	   2.8807670188688933e-01	   9.3373066024451681e-02	   8.3220654858616641e-02	   6.1072401864201931e-02	   7.8476256826504207e-02	  -1.5285913415499107e-02	   6.5631408478028519e-01	   5.6861271644047262e-01	   5.8728470311645284e-02	   1.8315507372605708e-01	   6.8990022532305817e-01	   4.9230026846526881e-01	   4.4629667970157372e-01	   4.6903093307890087e-01	   3.6623592461645704e-01	   2.3430616919571934e-01	   3.4607584362290866e-01	   4.5516748276875979e-01	   3.1814224352540749e-01	   2.2819737454243072e-01	   6.6506154546936647e-01	   4.2357413030489643e-01	   3.2994034583785870e-01	   5.0220858173594651e-01	   5.1633829561443301e-01	   6.6076351977426628e-01	   9.2560892978922249e-01	   8.4275594371962848e-01	   4.8102660189883739e-01	   7.6146276281967906e-01	   6.4366398402106939e-01	   8.5852933892326022e-01	  -2.0259869559034560e-01	  -1.5932224659805241e-01	   5.6223368184663014e-01	   6.2839300138507848e-01	   2.3086383868754232e-01	   6.9731717135226051e-02	  -3.4132468443142755e-01	  -1.3258417472515735e-01	   7.4141101226989936e-01	   4.8121072293508399e-01	   8.9701574256450867e-01	   7.6392258596598406e-01	   4.1098055742553496e-01	   6.4934013596890416e-01	   1.5562705393783199e-01	   1.7890626661556552e-02	   3.3170311148836018e-01	   3.1105784885305693e-01	   2.0094491703401046e-01	   1.7033948559214207e-01	   1.8125880961604734e-01	   3.2670654571872132e-01	  -1.3974877197698632e-01	  -2.7405425769070857e-01	   5.7251616574675623e-01	   4.4042616556187153e-01	   6.2684638299575246e-01	   6.2298701091650999e-01	   7.8677752549083368e-01	   6.4508070996083022e-01	   1.6366355393664928e-01	   3.7354070096782166e-01	   8.3643699340295341e-01	   8.8940577320335323e-01	   7.3220183476206302e-01	   8.5785178176180099e-01	   4.7321419304755419e-01	   6.8085932853307141e-01	   4.9723879302096347e-01	   4.5742678104488510e-02	   6.4505639473104570e-01	   4.0977597651562292e-01	   1.7276028647836014e-01	   6.4438153253521557e-01	   4.9142945055910348e-01	   5.5208132181407532e-01	   3.4418528208325866e-01	   4.9890258800730192e-01	   4.4628559544936344e-02	  -1.5054864693262554e-01	   5.6282779532798477e-01	   2.1659709978998418e-01	   4.7452806711741596e-02	   4.8880741549351714e-01	   3.6181782327849099e-01	   1.8919804899859552e-01	   1.3642744241405172e-01	   1.4832647081548056e-01	   1.3155544461337401e-01	   6.3609888820907422e-03	
   3.0257120970527296e-01	   3.1527934227506788e-01	   9.0371567977394296e-01	   0.0000000000000000e+00	   5.5069255963930558e-02	   7.9520797422505882e-02	   3.5014936704612254e-01	   7.8443381880993868e-01	  -6.9008543278136179e-03	  -1.0163692391881318e-01	  -1.4728298983425797e-01	  -3.7819607935984788e-02	   2.9490433695015200e-01	   2.1997546707266458e-01	   3.6760421472421362e-01	   4.6204213398905380e-01	  -7.9386826583252613e-03	  -4.1647557004901227e-02	   2.5726138194302128e-01	   3.5458962741758476e-01	   3.8679190127964924e-01	   2.5051119764946123e-01	   7.3579075408774541e-01	   9.3554408122959198e-01	   2.8895559916540237e-01	   1.1501843272597342e-01	   7.9208073396839940e-02	   6.8168785679196708e-02	   1.5731111964786934e-01	   1.6523730028920397e-01	   5.4099468585775157e-01	   7.5829929991480383e-01	   2.3639469030446481e-01	   4.1855538232521633e-01	   7.2940650132204687e-01	   7.9424960437277414e-01	   3.8874475519284990e-01	   5.1122017326580727e-01	   2.2937006331547757e-01	   2.4895669793654535e-01	   1.5821648747774900e-01	   3.6594953488745768e-01	   4.2302696100009407e-01	   3.8021426537213376e-01	   8.3148251343952762e-01	   7.5572910431969831e-01	   4.8639981002735999e-01	   6.6305658451530691e-01	   7.0208792612607651e-01	   8.0021401364537792e-01	   6.3873104957156401e-01	   7.2398283867455193e-01	   5.2742576192496293e-01	   4.4758262106860658e-01	   7.0003809502000724e-01	   7.4316439222672204e-01	  -3.8131782246556938e-03	  -4.4154948838022574e-02	   5.9302846507788598e-01	   5.8237843606599782e-01	   2.1355249948092425e-01	   1.5955237201784950e-01	  -1.1392230708567699e-01	   6.0696624134083291e-02	   5.5706056198925635e-01	   9.0785087804407283e-01	   8.6855808472031382e-01	   1.0212296142226922e+00	   4.0007517450645785e-01	   5.8307096337183117e-01	   3.6470451016862068e-02	   8.3654957261568311e-02	   2.7929536047297271e-01	   3.1115956773854170e-01	   1.4125394465875693e-01	   2.5122796124498997e-02	   2.5279641197630054e-01	   3.6868716917825867e-01	   1.5221161572202845e-02	  -1.2030256170090070e-01	   4.7580941948629929e-01	   5.2006006022832152e-01	   3.8334215816907957e-01	   6.6617988571137410e-01	   5.8316228471328813e-01	   8.6230974371276692e-01	   2.1786085993352963e-01	   4.7004920721019966e-01	   6.9294954628896543e-01	   8.6364182669337586e-01	   6.6536357920297051e-01	   4.0940806960168474e-01	   3.5460647746302160e-01	   2.8161085954707465e-01	   5.6883308355414774e-01	   1.5198399415456382e-01	   4.2692141844505421e-01	   3.4327287880994611e-01	   4.6953598027477145e-01	   4.4350063349953528e-01	   4.3645494582616778e-01	   2.2641049485116327e-01	   3.8716319300283886e-01	   4.2653271764001371e-01	   1.6589871338029832e-01	  -1.1144407013254919e-01	   5.9097065790656367e-01	   3.9576855104492142e-01	   3.7697316246717183e-01	   3.7301328406303236e-01	   2.5278754640951118e-01	   2.2234665359211869e-01	   1.2296674699332946e-01	   2.1245324156470996e-01	   2.7113915257356375e-01	   4.3216918547019471e-02	
  -3.4754244481673535e-03	   1.0706784852555520e-01	   1.7149415145058072e-01	   5.5069255963930558e-02	   0.0000000000000000e+00	   9.4761613769169667e-03	   9.5396408679365219e-02	  -5.3131816705133977e-02	   1.2728933879893751e+00	  -1.8000909412111724e-01	  -4.4901548409234787e-01	  -2.6569935711674914e-01	  -1.6686756120944141e-01	  -3.6679345775385563e-01	   3.9526746965409487e-01	   7.5949987301714622e-02	  -1.3315747394941913e-01	  -2.9396717711197173e-01	  -1.2997569452436311e-01	  -1.2494702633999691e-01	  -6.4604606408502532e-02	  -3.1506229079227739e-02	  -4.2052738498223684e-02	   6.3216906274455545e-02	   6.0475100128846238e-03	  -1.6532951857402850e-01	   4.6042387975485227e-01	   1.6149570546876388e-01	  -2.3299078972667789e-01	  -2.2266338289004461e-01	  -1.3305730715883907e-01	  -1.2778578203148425e-01	  -1.0612245926629732e-01	  -7.4417339901808974e-02	   3.0846441743669325e-03	   4.3317837739119916e-02	   1.9019703053937248e-01	   1.3498245588908944e-01	   3.7706809816138070e-01	   1.5821110810308051e-01	   1.8054079164260953e-01	   1.5129469300979337e-01	   1.1423013462424934e-01	   1.1683380066153984e-01	   9.2824812743772439e-02	   1.8203404795234590e-01	   1.5862532978974433e-01	   1.2336237682617965e-01	   2.2324680002742997e-01	   2.9938099622020115e-01	   3.1601751717421250e-01	   3.6277795911368116e-01	   2.0951813101492500e-01	   1.6299849741124900e-01	   2.5474560103992322e-01	   1.9391805002230400e-01	  -1.8484703005165037e-01	  -1.4740017198679317e-01	   2.3247268440838575e-01	   3.4702114822636382e-01	   2.1331320457742201e-01	   1.5937091488450777e-01	  -1.0123934638022562e-01	  -8.4819363840006781e-02	   6.4803035839377160e-02	   1.8267420860920325e-01	   1.2772948754737165e-01	   1.4984138608940178e-01	  -9.0644684951259366e-02	  -3.5648503915749925e-03	  -1.2632679810442618e-01	  -2.6201466980528010e-01	  -1.8212913926965224e-01	  -2.4981382111043879e-01	  -1.8740045083079460e-01	  -3.6477989847097401e-02	  -8.2625474501110772e-03	   2.2207481937626924e-01	  -1.4918359870187625e-01	  -1.7466897815417820e-01	  -4.5721831692197755e-02	  -1.6760521841959439e-01	   7.4753106068544614e-02	   3.9727440116855799e-02	  -1.1318419436628530e-01	   2.9991683752230772e-02	   3.3022105488800073e-02	   4.2141871428592242e-02	   1.3545750956771319e-01	   8.3836589808195458e-02	   6.4188732692478809e-02	   7.9102404551637640e-02	   2.1738005820431110e-02	   1.9557274968715477e-01	   8.3285933868830056e-02	  -6.3789930367321571e-02	   2.0817183588454635e-01	   1.5017208503445165e-01	   1.1961874689585246e-01	   2.0342265973002494e-01	  -1.4754773153925185e-01	   2.1104847316699077e-01	  -1.6561779978010299e-01	  -4.2661554920982121e-02	   4.5941647397312435e-02	   3.9780235079053317e-02	   4.7585901235142537e-02	   6.6858950949118451e-02	  -2.0462896185974361e-01	  -2.0631114650577369e-02	   2.8629547523854443e-01	   1.5356912401189071e-01	   6.6102285314368528e-02	  -2.5467601497019553e-02	   1.6698737323456070e-01	  -1.5743493054175942e-02	
  -6.3462059263174816e-02	  -2.0198008002605156e-02	   1.9551868811409223e-01	   7.9520797422505882e-02	   9.4761613769169667e-03	   0.0000000000000000e+00	  -3.5838378345109168e-02	  -1.9696715682392962e-01	  -3.6188832740275567e-02	   1.4471392867030380e-01	  -3.5816309063534953e-02	  -1.4818108224577381e-01	  -4.8240505104337091e-02	  -2.4236692867477289e-01	   4.2792898329892454e-01	   4.3485466191567024e-01	   1.0742691548737555e-01	  -1.4185956906641212e-01	  -8.1508632264354008e-02	  -1.0974699437792257e-01	   3.3326688260040366e-01	   3.3722982728169515e-01	   2.3672089440389363e-01	   2.0431444042947433e-01	  -2.3999949110893388e-02	  -7.9289549435491005e-02	   3.4627312174727110e-01	   7.4492650193027599e-01	   1.5270828180673168e-01	   1.5325132978185729e-02	   1.7306950875645033e-01	   1.5781611210590063e-01	   1.0931692408176835e-01	   8.2575580128397816e-02	   3.2690992881350983e-01	   1.7277123062298871e-01	   5.5233490596384827e-01	   5.1706555116314745e-01	   3.9862051247433411e-01	   5.8752409268310601e-01	   7.3507216448566948e-01	   4.7740928903885060e-01	   2.5117045541451671e-01	   2.4628274334470632e-01	   2.6444695210835489e-01	   2.7556949718718737e-01	   1.9673109482370968e-01	   2.3031786292778603e-01	   2.6835961964895405e-01	   2.3116105139778093e-01	   3.1677301710454253e-01	   3.5586758763897902e-01	   5.2720696732182781e-01	   5.6997138403115677e-01	   3.2860703869386571e-01	   3.8501864927134333e-01	  -1.1035403006300391e-01	  -7.6197465488499663e-02	   4.3055413604433636e-02	   1.8894207876062906e-02	  -1.4339158833507751e-01	  -2.0314379789019921e-01	  -7.8933812219362035e-02	  -1.7711127713530553e-01	   3.6048664618188057e-02	   1.7270846950040698e-02	   2.5073513094724781e-01	   1.9311802275041842e-01	   7.7629375195611486e-02	   1.6590380726284631e-01	  -5.3189716234046183e-02	  -1.2978300216439309e-01	   3.6776153265427786e-01	   3.2326657655974339e-02	   5.1925745476978657e-01	   4.5388864131736378e-01	   1.6308513613353526e-01	   2.3605632153164369e-01	  -2.6243047704762662e-01	   1.7229607486181736e-01	   3.6560043089626892e-01	   1.6672745304047271e-01	   4.5456364073361755e-01	   1.8434192086025972e-01	   3.2637639295342868e-01	   3.1478716822377689e-01	   5.0612553842098812e-02	  -6.9755031870575315e-02	   1.8754253227218548e-01	   2.6055394303316781e-01	   2.9158493382784367e-01	   1.7959841789441941e-01	   5.8485894878362782e-02	   1.8268770832101922e-01	   2.8076293000898633e-01	   4.6061948545021897e-01	   1.0476455401030828e-01	   4.5349976792854080e-01	  -3.1216627047073515e-02	   8.5989928262832055e-02	   1.5003191029150816e-02	   1.2008853890813169e-01	   3.4299128350750392e-02	  -4.3826895347248984e-02	   1.8148970407450050e-02	  -1.1609805768561747e-01	   1.7549488745318600e-01	   2.2746554630258733e-01	   1.8820361968743049e-01	  -1.1277276870157824e-01	   3.0660345220648696e-02	   1.0997222266456366e-01	   6.3833047892561945e-02	  -2.6008109368346627e-01	   1.6990775476247294e-01	   3.4098574976151774e-01	
   8.3433980262312635e-01	   4.3399909551274224e-01	   7.1389152296420866e-01	   3.5014936704612254e-01	   9.5396408679365219e-02	  -3.5838378345109168e-02	   0.0000000000000000e+00	   6.6246793578110863e-01	   1.6829360932247575e-01	  -1.0144833252638502e-01	   1.4974598363954955e-01	   1.5413289874282830e-02	   3.9685777936347066e-01	   1.9674170279198183e-01	   7.4447519482382360e-02	   2.4157906840045263e-03	  -1.6869525899056073e-01	  -2.9624945031951283e-01	   5.6610293841211590e-01	   3.2347410661314868e-01	   2.7119013732352804e-01	   2.6759729428226098e-01	   3.0943767393665833e-01	   1.3794779522680298e-01	   2.2533408444138953e-01	   1.5509132781569285e-01	   9.2968269561537545e-02	  -9.8390057923944022e-02	  -2.1184475083740137e-01	  -2.0738576239057749e-01	   3.1093350615934967e-01	   1.7558797251195174e-01	   3.8726917562906922e-02	  -1.6570366037277306e-02	   4.1761080628421189e-02	  -9.9709994363181842e-02	  -9.2969420414002094e-02	  -8.8170420548604970e-03	   1.2942041672519569e-01	   1.8782604105152010e-02	  -8.9382865976270612e-02	   6.6310736689655448e-03	  -8.6068617918321100e-02	  -1.3942815996807501e-01	   5.5851094600694991e-02	  -1.8585553508864806e-02	  -6.2621058647891498e-02	   1.4068930794781916e-02	   6.7129928435607264e-02	   7.4396817122886094e-02	   2.7861195947870948e-01	   2.2385251148408053e-01	   5.0929659640891932e-02	   2.4911470923782894e-01	   6.9021722822503198e-02	   2.6078655804790885e-01	   6.7640573631277068e-02	  -6.0286213824511208e-02	   3.8645270883347776e-01	   4.0356440010151234e-01	   4.9127985097045357e-01	   4.0037191200189048e-01	  -1.7959856765183349e-01	   1.8953319684845045e-02	   3.3260285638521225e-01	   2.3618416703244324e-01	   1.9190134299275230e-01	   1.0488271750329758e-01	   3.4438149669649093e-01	   2.5625631138110466e-01	   1.8860538978241384e-01	   6.2757577187662533e-02	  -1.9801925557992162e-01	  -1.0880390934429379e-01	  -3.4196694354943863e-01	  -2.2531862023622562e-01	  -2.4554445149577753e-01	  -1.9064415889911035e-01	  -2.6152033809721098e-01	  -2.7417256180909261e-01	  -2.4253243682419261e-02	   8.8006814542003292e-02	   9.8717352119313279e-03	   5.3454278943430245e-02	   2.1806037718678231e-01	   7.4453104992732541e-02	   2.7103660037747817e-02	   1.5248842656836875e-01	   4.0434017580774240e-01	   4.0765307135189027e-01	   3.4375277745560484e-01	   5.9998859055969334e-01	   2.3710490587924746e-01	   4.7694267485055564e-01	   5.7681628462357987e-03	  -3.6902745188805564e-01	   1.8248768299091356e-01	  -6.3062838294549270e-02	  -1.2132605917888426e-02	   5.2306017441145869e-01	   2.3728355092864745e-01	   4.3910594858141183e-01	   3.3830354114283889e-01	   3.8842428240420152e-01	  -1.1265596528656404e-02	  -9.4364695675864321e-03	   1.8180884968705413e-01	  -9.5640507202502667e-02	  -3.3249264122985661e-01	   1.4296384375404994e-01	   8.5513599915146912e-03	   5.0390686938686514e-02	   9.4784360790014233e-02	  -2.1725080984627904e-02	  -1.2226760883869181e-01	   2.9416628551535672e-02	
   6.5301697051222685e-01	   4.6320485844296888e-01	   3.9814780757898938e-01	   7.8443381880993868e-01	  -5.3131816705133977e-02	  -1.9696715682392962e-01	   6.6246793578110863e-01	   0.0000000000000000e+00	  -6.8796094830843812e-02	  -2.6580250650901460e-01	   1.4886159745156879e-01	   2.7814512370875133e-01	   3.4059714906232619e-01	   5.2346756128478023e-01	  -5.8637781958466695e-02	   4.9028439186998507e-02	   7.4166715181321924e-02	   3.0956337845395237e-02	   6.7985120858760995e-01	   6.6931790699799976e-01	   2.5617767510575851e-01	   2.0757882201009334e-01	   2.9436161387832083e-01	   2.6596843171088314e-01	   3.2090839751348699e-01	   2.5520624241845580e-01	  -8.2031770376384469e-02	  -1.0762008777795537e-01	   5.9791010643739644e-02	   1.6447229124434318e-02	   2.6042386403351758e-01	   3.8949447096546419e-01	   3.0122037244411187e-01	   3.6006856976796259e-01	   8.4666751889028544e-02	   1.8431679666000619e-01	  -8.3042875561841784e-02	   1.1036151297726204e-01	  -4.9726972703324969e-02	   7.0036721125281406e-02	  -2.4586641812976032e-01	  -2.4214809024359487e-02	   7.9636729439760010e-02	   1.1650115647363404e-01	   2.3783318929305503e-01	   2.8815083059665680e-01	   1.1988756005346177e-01	   1.9635743033691244e-01	   2.6916047521927000e-01	   2.5168244464642975e-01	   1.6334848532878501e-01	   1.9734709622346466e-01	   1.6541029967941714e-01	   9.4420777700981923e-02	   2.2184260767080977e-01	   3.1848711629103760e-01	   6.8698914945351852e-02	  -1.5349938615915298e-01	   4.0431497675613470e-01	   4.2807716341093061e-01	   4.2568036144201093e-01	   6.0049725299110768e-01	  -7.2892276125717220e-02	   1.4228178136856226e-01	   2.7915110146727934e-01	   7.4960398026491604e-01	   2.2268990886179291e-01	   2.8485585345412945e-01	   3.1629458824093099e-01	   2.9541737847406002e-01	   8.6107886371769721e-02	   1.7918138760499480e-01	  -7.6106739999123249e-02	   4.4564064272177600e-02	  -2.9651591570073688e-01	  -4.4016533222718157e-01	   5.5555489807229887e-02	   8.9646471549658241e-02	   7.9418855942685940e-02	  -9.0048367797784093e-02	   3.6258090983746008e-02	   2.4167570312892828e-01	  -5.2524298312930144e-02	   2.2715140139329371e-01	   2.3700524139789939e-01	   3.5159016056571490e-01	   5.2728207564721706e-02	   3.8683555541276282e-01	   4.1720138200268903e-01	   4.5643287161775997e-01	   2.7303187859582473e-01	   1.7847259652850150e-01	   1.4972940976391311e-01	   1.1052397533795633e-01	   1.6165485484373909e-01	  -2.0736092040664092e-01	   1.6751225831370059e-01	  -3.4208111430840848e-02	   2.7306682654293446e-01	   2.8434174771608922e-01	   2.8609851720252388e-01	   2.1604707761024833e-01	   3.7383720759208738e-01	   4.4890355205310561e-01	   6.8043578748420319e-02	  -6.1324188481634866e-02	   2.4415438430957703e-01	   2.2897605713093568e-02	   1.1473238783673737e-01	   2.1071042655482392e-01	  -7.4775217511926839e-02	  -6.1547804653957535e-03	   3.4029586248350993e-02	   1.0396041727818031e-01	   3.5457779899181655e-02	  -1.2830336817189325e-01	
  -1.8369394526013331e-02	   4.6654050581939936e-02	   1.6487246826098984e-01	  -6.9008543278136179e-03	   1.2728933879893751e+00	  -3.6188832740275567e-02	   1.6829360932247575e-01	  -6.8796094830843812e-02	   0.0000000000000000e+00	  -1.5713452678740105e-02	  -3.2885926992046616e-01	  -1.7499484242616001e-01	  -1.2638621971599670e-01	  -3.6391372193094496e-01	   3.1387506130356480e-01	   5.4589809666208106e-02	  -5.0325124630777145e-02	  -2.8207926220579638e-01	  -9.5812060753826062e-02	  -1.2265927660842268e-01	  -8.4664422327771077e-03	   8.0137134389381470e-02	  -4.5668319104111114e-02	   4.3745248714835941e-02	  -9.2589524081355734e-02	  -8.9412100470962597e-02	   3.0454635900483024e-01	   1.6618805304303252e-01	  -2.0402166448478612e-01	  -2.3316962616783665e-01	  -1.7124120788432617e-02	  -3.3618302954617978e-02	  -2.8966349475789666e-01	  -2.4470031472376297e-01	  -1.0467997527456044e-01	  -5.7023982024599323e-02	   3.6351063699224292e-02	  -2.2585661187991594e-02	   3.3236472663322453e-01	   5.3761792882597817e-02	   5.6629827711118318e-02	   2.4321888939204183e-02	   1.1434460843902537e-02	   1.7457645559585590e-02	   3.1975600459570541e-02	   3.3760923208744922e-02	   7.2722899280552089e-02	   4.0856663881401918e-02	   3.3944081476845328e-02	   1.1518003134811652e-01	   2.3056096195597886e-01	   2.2172928555031354e-01	   3.2660159487121906e-02	   9.4978890787237764e-03	   1.8028497314629027e-01	   1.3234063996805673e-01	  -1.1530711943252821e-01	  -8.0518042389185362e-02	   6.5817892955373991e-02	   2.2708869226603393e-01	   1.6020935718455212e-01	   6.5332350784085585e-02	  -6.6078988587950790e-02	  -1.0524275640992103e-01	  -6.6550238453333188e-02	  -2.0089075658588037e-03	   4.0049369943294430e-02	   5.4984934849184056e-02	  -7.3640389230765879e-02	   5.7077433796000341e-03	  -6.7890728560515312e-02	  -2.4062385498104666e-01	  -2.3525989825147919e-01	  -2.1979013373156989e-01	  -3.0082161396843082e-01	  -1.9583750937534790e-02	  -1.4754914614299480e-01	   2.1827951072490571e-02	  -6.6334735656440491e-02	  -2.1435758661427465e-01	  -6.2746949136327890e-02	  -1.7395721110744281e-01	   5.8574849420394107e-02	   8.6425612131887972e-02	  -1.6339716307493210e-01	  -4.7926560095619172e-02	  -8.4722889807647306e-02	   4.9730757824825939e-03	   3.2658481836634910e-02	   3.9388740612370604e-02	   8.4246386986651711e-02	   1.9381851070040404e-01	   1.2034615101085064e-01	   2.8048193007949301e-01	  -6.9925082495929250e-03	  -1.1837777176097289e-01	   2.0180608934206798e-01	   1.2078483307564455e-01	   1.0490950683611149e-01	   3.0366160171741657e-01	  -9.0476573563985294e-02	   2.4962191520231747e-01	  -6.0283731128453408e-02	   5.0112661443245748e-02	   5.5325938469053322e-02	   1.5027574014455194e-01	  -5.3392955606588015e-02	   8.0961454777848836e-03	  -3.6842369885622933e-01	  -6.8108809833801159e-02	   3.0606315489796609e-01	   1.7974167798103061e-01	   1.1917395538171303e-01	   4.4035943354881556e-02	   8.9518250097483335e-02	   4.8978547864518385e-02	
  -1.8619244320103481e-01	  -5.1678345704581263e-01	   4.1431600960416246e-02	  -1.0163692391881318e-01	  -1.8000909412111724e-01	   1.4471392867030380e-01	  -1.0144833252638502e-01	  -2.6580250650901460e-01	  -1.5713452678740105e-02	   0.0000000000000000e+00	  -2.0675309523396715e-01	  -3.4594183544002621e-01	   1.5556202128345778e-01	  -3.3147011759717954e-01	   2.0241473636129326e-01	   2.0300300414346145e-01	  -2.3804475666486094e-01	  -8.1053477389315343e-02	  -4.2939783595645786e-01	  -5.8423034332835222e-01	   1.5226377353176360e-01	   1.7398283345477875e-01	  -7.1309545692884641e-02	  -1.0083588154356582e-01	   7.9777311881843276e-03	   4.3895943987141195e-02	   5.2773456038761359e-02	   1.7907163287405714e-01	  -4.7282035013550321e-02	  -3.7851653606575476e-02	   3.0379771738179134e-01	   9.7068075540702514e-02	  -2.5641871386652920e-01	  -1.7107807738860192e-01	   9.4620800058167739e-02	   6.6720426925668264e-02	   1.6421665088822973e-01	   7.8319307752400300e-02	   2.8877377412062999e-01	   4.7353786373028471e-02	   1.9049658012524245e-01	   4.7260986220537288e-02	  -1.0428269750791565e-01	  -1.5122435125755224e-01	   4.6381005947245459e-02	  -9.5827250901901542e-02	  -1.8793529661957145e-01	  -1.2358907796050389e-01	  -9.4911657595030008e-02	  -4.2588999712806587e-02	   1.2190073873120333e-01	   8.9370159717774691e-02	   5.8074867851848198e-02	  -6.3523256399927244e-02	   4.1066250513898880e-02	   7.2667030310407249e-02	  -2.8240781053939640e-01	  -7.0714192844896148e-02	  -1.3025996614384827e-01	  -1.0427420971106093e-01	  -3.0019079825076112e-01	  -6.4937417611353421e-01	  -2.0174117841115013e-01	  -2.3913730491556207e-01	  -3.7770446599247283e-02	  -3.1477924060871820e-01	   1.0200360351285369e-01	   6.7202072185027370e-02	  -3.1592911280872504e-01	  -1.5443974112210246e-01	   5.7554753586494360e-02	  -1.7838656046144996e-01	   7.9750312412780900e-03	   3.4592174522914389e-02	   5.1541411710860040e-02	   2.7747696937229910e-01	  -6.3224254186245554e-02	  -7.0710500133226939e-02	   2.2266056538257150e-02	  -4.9796381282658002e-02	   2.5040787097891004e-01	  -1.4609323238906438e-02	   3.4252893989598238e-01	   1.5946436361440489e-01	   2.0871423766655664e-01	  -6.0650368468606677e-02	  -4.7316525510438773e-02	   6.9664353430297175e-03	   1.1648303277580064e-02	   8.6301178817417945e-02	  -1.4645256690977482e-02	   1.9530652477362362e-01	  -3.3970616252082336e-02	   2.4330297805390580e-01	   1.6707696608507805e-01	   6.0112290369516560e-03	   8.1406901757306124e-02	   1.5470881530740105e-01	  -2.0406898724060168e-01	   9.4281002831399188e-02	  -1.0394179932365431e-02	   2.3066184436918449e-01	   8.7006420470134571e-02	   1.8000455784189920e-01	   1.8399907555574252e-01	   1.3402792851818005e-01	  -1.1864941785045677e-01	  -6.7676044614349506e-02	   2.8333701308443050e-03	   8.8868167153930047e-02	   7.6761814386362009e-02	  -3.2155681697200016e-04	   1.4654591260815806e-02	   7.1909181355148649e-02	   1.1763241168684128e-01	   1.7266087140804270e-01	
   3.3623241315898927e-01	   2.4204953813234933e-01	  -2.7349950626736771e-02	  -1.4728298983425797e-01	  -4.4901548409234787e-01	  -3.5816309063534953e-02	   1.4974598363954955e-01	   1.4886159745156879e-01	  -3.2885926992046616e-01	  -2.0675309523396715e-01	   0.0000000000000000e+00	   1.0015193655977883e+00	   5.0995036209289957e-01	   8.6362177149642361e-01	  -2.2000332431203248e-01	  -1.3412534412768784e-01	   3.2988652677261920e-01	   4.3764884481228777e-01	   5.6756058424475864e-01	   5.1224980380439478e-01	   1.3783366221080579e-01	   1.8393180926253225e-01	   2.0342697406103891e-01	   3.1888531229764816e-02	   1.8189415090298373e-02	   2.5386329514156208e-01	  -2.4333545292385014e-01	  -6.6347518821148893e-02	   5.3599428078617961e-01	   1.9005962654407216e-01	  -4.6751779772868589e-02	  -2.6291632305565856e-02	   8.5492782132724959e-02	   3.7027310481704587e-02	  -1.4683580140239330e-01	  -1.6436698268687547e-01	  -2.8761049883101653e-01	  -3.0083927654042497e-01	  -3.6553897680372188e-01	  -1.8545458460295586e-01	  -1.5634507798791655e-01	  -1.7961892398230864e-01	  -4.0834685257360150e-02	  -2.0595698344544298e-02	  -1.4484480612930209e-01	  -2.3034285203179466e-01	  -7.4413346830007082e-02	   9.3473124394000320e-03	  -2.9080416126278819e-01	  -3.0163979564884297e-01	  -2.8223432196780046e-01	  -3.6385993533601668e-01	  -2.9626626987701277e-01	  -5.2171784665227434e-02	  -2.5764667359038446e-01	  -1.2175308428938593e-01	   3.4610060706719820e-01	   2.4897780536139225e-01	  -2.0062262947334653e-01	  -2.3436760005050145e-01	   7.2841481282204856e-02	   3.3796420938566121e-02	   1.7895469573376163e-01	   1.7223510439515366e-01	   1.0737114499908450e-01	  -1.2176682245523537e-01	  -1.9442349876364445e-01	  -2.5687323768365106e-01	   2.7732963882623718e-01	   8.2371204281814644e-02	   3.4245032081786642e-02	   1.3159608284166824e-01	   3.2735568999874415e-01	   3.7895730028814084e-01	   7.3224431170819532e-02	  -9.4908670827132918e-02	   1.0274693863130510e-01	  -6.2629669503464880e-02	   2.3321718591170337e-01	   8.4474450048839092e-02	   6.4224082334658081e-02	   3.3166036590068831e-01	  -6.4071694891659689e-02	  -4.2057682020569760e-02	   1.3836820638047281e-01	  -4.6043164450139874e-02	  -1.0167885229820327e-01	  -3.2647771098495426e-02	  -2.0649199119001818e-01	  -2.1435119152917617e-01	  -5.2127444106971371e-02	  -1.5682422342456686e-02	  -1.2968094462950780e-01	  -1.3281760535058879e-01	  -1.4865642741570628e-01	  -1.0469936218048156e-01	  -2.0189188333890032e-01	  -2.6426204068757486e-01	  -1.2758707764004823e-01	  -9.0189301612177086e-02	  -6.9808102171012775e-03	  -2.3909570536347784e-02	   9.7926691428553897e-02	   5.5313031256297475e-02	  -3.0358651865836228e-01	  -2.2001122122051292e-01	   1.3235045271308671e-01	  -1.5256889553698966e-01	  -1.3455425926067462e-02	   1.6419212951771645e-01	  -2.3205294660859377e-01	  -2.1657561661197085e-02	  -5.7786616160153847e-02	  -1.1273801264091554e-01	  -4.1301664885287337e-01	  -1.9302647042480175e-01	
   1.9101311565718890e-01	   3.7902359909019867e-01	  -1.0088886829536248e-01	  -3.7819607935984788e-02	  -2.6569935711674914e-01	  -1.4818108224577381e-01	   1.5413289874282830e-02	   2.7814512370875133e-01	  -1.7499484242616001e-01	  -3.4594183544002621e-01	   1.0015193655977883e+00	   0.0000000000000000e+00	   2.0731459066325877e-01	   9.1089637474032481e-01	  -2.1752059135451066e-01	  -1.1494261742687703e-01	   6.6151515882106005e-01	   6.3480712761966784e-01	   6.7855274441390523e-01	   7.9598827527325711e-01	  -1.5992795743128044e-01	  -6.9922774658045198e-03	   2.0409149715648356e-01	   1.1583056100567149e-01	  -4.2590993709758614e-02	   1.2624065777606133e-01	  -3.8498520658500485e-01	  -1.6730531089929729e-01	   6.3704894021250258e-01	   4.1880274634598158e-01	  -7.7185896456375205e-02	   4.7786143625400533e-02	   6.8054946689532908e-02	   1.1378784109188993e-01	  -2.7650833447289913e-01	  -1.5135845760953892e-01	  -3.6265305570414019e-01	  -2.8797117284647045e-01	  -3.9659082544496960e-01	  -1.9701149497857573e-01	  -3.0937564030074327e-01	  -2.1940077777071981e-01	   8.9686278926435534e-02	   1.7563635146563711e-01	  -8.1673188836612842e-02	  -1.1008905622225038e-01	   6.9908064139811155e-02	   1.0762775504721719e-01	  -1.4099974539534496e-01	  -1.9699993783937042e-01	  -2.4501849266184011e-01	  -2.9640579127991867e-01	  -2.0438996111564997e-01	  -1.4976161691803849e-01	  -1.4532812150257135e-01	  -2.9533095041592079e-02	   4.5884260667102927e-01	   2.5636776699631403e-01	  -2.9007726144875889e-01	  -2.5551363984644498e-01	   3.0774722797704420e-03	   1.4733703913955237e-01	   4.5896263892710687e-01	   3.4043551470889855e-01	  -3.5217637915007705e-02	   6.4031895680784018e-02	  -2.4520410571955914e-01	  -2.6161964582281405e-01	   2.4432144302108388e-01	   1.6674195288536816e-03	  -1.4160197049283776e-01	   2.8174064319187653e-01	   2.3801576618727166e-01	   3.8394494703436849e-01	  -8.1850508513901077e-02	  -2.4998960337946100e-01	   2.6084739474037977e-01	   7.0689687228002340e-02	   5.6236115904169648e-01	   2.3072724945957945e-01	   9.6550585412230300e-02	   4.1241006489279297e-01	  -1.0700737027321679e-01	   5.9584875453863644e-02	   5.7719604663322458e-03	   1.8061885785276236e-02	  -1.4185097174681691e-01	  -5.4768416198095492e-02	  -2.4564006827677359e-01	  -3.0569873690448829e-01	  -1.5891827735170683e-01	  -1.2517239345692208e-01	  -1.2296641776677851e-01	  -2.7205030879198311e-01	  -1.7544313688308247e-01	  -7.6113889249817282e-02	  -1.4448653237434089e-01	  -2.1565686404690587e-01	   8.6154618717206491e-02	  -5.6172832307028922e-02	  -5.5727767472042557e-03	  -2.0476259966444696e-01	   4.0344569358912896e-02	   5.6012167120402655e-02	  -1.4524647508384955e-01	  -4.0875532295276691e-02	   1.9014551581649233e-02	  -1.1102732609350112e-01	  -3.5991732377249314e-02	  -7.6376317400184690e-03	  -1.8715322056409994e-01	   5.2323634312535831e-02	   1.8293894456646691e-02	   5.3898905627771242e-02	  -2.1657889925356327e-01	  -1.2826342471296925e-01	
   7.3342167242049550e-01	   2.9180565860535640e-01	   5.5603129288917275e-01	   2.9490433695015200e-01	  -1.6686756120944141e-01	  -4.8240505104337091e-02	   3.9685777936347066e-01	   3.4059714906232619e-01	  -1.2638621971599670e-01	   1.5556202128345778e-01	   5.0995036209289957e-01	   2.0731459066325877e-01	   0.0000000000000000e+00	   7.1377821632257321e-01	   3.3247649719197631e-01	   2.7732633572868959e-01	  -2.4894483557797914e-01	   9.6424047458816095e-02	   3.1443185673780377e-01	   2.5261993358187401e-01	   4.3478896930059036e-01	   4.6474651763983277e-01	   4.4494535540595515e-01	   2.7838385669857485e-01	   7.8893775591115822e-02	   2.5229895211736963e-01	  -1.6267724032214215e-01	   9.8726247036848933e-03	   3.2109329304527340e-01	   1.4349286565915031e-01	   3.6785753016736067e-01	   2.7401336505555002e-01	   2.9473968645855608e-01	   3.5434716591057086e-01	   3.3350979806694442e-01	   1.6601685776329475e-01	  -2.6279163045256862e-02	  -3.8253453910676562e-02	   9.6109011508393308e-02	   2.4936756709835393e-02	   1.4683230223871233e-02	   7.9573684531875945e-03	  -4.1266818354766734e-02	  -3.4205600394766729e-02	   2.1178985232360464e-01	   6.4045606532846508e-02	  -7.4679770632684883e-02	   1.5828587676370648e-01	   1.3481190530932835e-01	   3.0088810284305195e-01	   3.7875633503919204e-01	   2.8857292521894773e-01	   1.7066959122884884e-01	   3.3726096846592368e-01	   1.6756256781376222e-01	   3.7595285333852374e-01	  -1.8165733952039315e-01	  -1.5959109458427545e-01	   4.5812632049000401e-01	   4.5685378148795647e-01	   4.2308942371469038e-01	   8.9139892705224266e-02	  -3.6737904441315794e-01	  -4.3362769073676859e-02	   7.7552550211169002e-01	   2.2599625086635722e-01	   3.7743238250820321e-01	   2.8397175147377690e-01	   2.3646419483136913e-01	   3.7206947916419808e-01	   1.3732527163073394e-01	  -9.0288029284889548e-02	   3.4456943406690649e-01	   3.6874534900751588e-01	   7.7512011076818410e-03	  -1.0064608911263662e-01	   1.5116414607678016e-01	   1.5921047547306286e-01	   4.2631923991000457e-02	  -1.2235200117234048e-01	   3.6546260858053958e-01	   3.2063162304369058e-01	   4.1921712783346032e-01	   3.2984332932908633e-01	   5.8708691511246125e-01	   1.5914566555491630e-01	   1.9869393633116531e-02	   1.5828006319462934e-01	   4.4601657934234801e-01	   4.1081960833503828e-01	   7.9837914099140192e-02	   2.8995892822438579e-01	  -6.7346836888367567e-02	   2.4535345769184214e-01	   1.3083668240321297e-01	  -1.9083378363516879e-01	   2.5308946129693483e-01	   6.9783061898060342e-02	  -2.0678022025169579e-01	   1.8877534088028317e-01	   2.1235153320592912e-01	   3.6000271893991470e-01	   1.8622749003349226e-01	   3.6219062726869744e-01	  -1.4609045457893433e-01	  -2.9899104112864616e-01	   3.4891690223764360e-01	  -8.7102323494460634e-02	  -1.8583844608127226e-03	   5.6367508468184946e-01	   9.9542131038880308e-02	  -1.8003499044479218e-01	  -2.5392713232235031e-01	   2.6497350676414049e-02	  -1.8187497055741511e-01	  -4.2579154408759451e-01	
