   0.0000000000000000e+00	   9.2147042944320745e-01	   7.4660098641070494e-01	   9.8063465946642803e-01	   2.6640719798975504e-01	   2.7343238439950740e-01	   6.6669535398898860e-01	   5.9690780961147238e-01	   3.1836081593535848e-01	   1.8362026068006784e-01	   7.8768631245042686e-01	   5.8111940641855386e-01	   5.7911214720767989e-01	   3.6631690368795899e-01	   6.4494172468963651e-01	   4.5138011271117318e-01	   5.7178322323532749e-01	   3.7247838692985080e-01	   1.2213015002457990e+00	   1.0274648450800918e+00	  -1.1421807690104185e-01	  -6.3742357423270737e-03	   3.1695674515694550e-01	   5.3350164790515298e-01	  -1.6205925887728198e-01	  -1.8095674526179190e-01	   2.1747022137966926e-01	   1.8753243870352587e-01	   3.2411617446309360e-01	   2.2735974254990743e-01	   1.6578244562788707e-02	   8.6650046336253214e-02	   5.5405362530030644e-01	   6.6076214720487714e-01	   1.8844705985097782e-01	   3.1525317588706220e-01	  -5.3635089584867277e-02	   1.8367848561179727e-02	   2.0553847677170842e-01	   2.4186808001174859e-01	   2.5603556155655327e-01	   4.0703891594825203e-01	   3.4521963138048101e-01	   3.2059779879445383e-01	   2.0881365921895872e-01	   3.0754198508612107e-01	   3.3264965535055740e-01	   4.0845756029231939e-01	   1.3047681799685443e-01	   2.2284047489756315e-01	   3.3524119347211384e-01	   2.4662052473150503e-01	   5.3101514026700380e-01	   2.1521081908337178e-01	   4.7474870673933062e-01	   5.8842744270071257e-01	   1.4192967955928213e+00	   9.3999580976764729e-01	   4.3778090458462882e-01	   6.0348163504207208e-01	   5.7437149646979480e-01	   4.0665282325460872e-01	   5.4353736599610680e-01	   8.0917521960565020e-01	   2.8283429107830499e-01	   5.4445187542540385e-01	   2.5283111288527288e-01	   4.3076126249668156e-01	   4.8596797868909847e-01	   4.2386555413802579e-01	   4.9558485805512364e-01	   4.8878332097564448e-01	   7.0492973465092712e-01	   5.6184504849586581e-01	   6.9628919306675974e-01	   5.2152974803877850e-01	   5.9067479604391426e-01	   3.3336542278006359e-01	   2.9181535174084733e-01	   2.2863127174782111e-01	   5.2730347630458252e-01	   2.9858831341435638e-01	   4.8741601549850122e-01	   1.9669034093831270e-01	   2.3978872451162661e-01	   7.5048419689638723e-01	   6.4642945238324756e-01	   6.6557994061577930e-01	   5.0120877417387577e-01	   6.3771530629848316e-01	   3.2779792773331873e-01	   1.7400212413650346e-01	   5.0000936416781838e-01	   3.0950393260979392e-01	   2.3558480598765950e-02	  -1.6521946340132675e-02	   1.4211831579007417e-01	   6.0527071835038382e-01	   4.9360928117028402e-01	   5.1279633054667995e-01	   6.5182999554018695e-01	   4.5189866680565094e-01	   7.1227898180868632e-01	   9.0008614254302177e-01	   1.2413465322544631e-01	   1.6490302156442774e-01	   5.3863992256604853e-01	   1.9726610682110551e-01	  -2.0274749127317510e-01	   8.8194341608848811e-03	   4.3197429940883891e-01	   4.6268973438685052e-01	   1.4697742314969081e-01	  -5.9079626248885866e-02	  -9.3366312610573363e-02	   2.2845696403249985e-01	
   9.2147042944320745e-01	   0.0000000000000000e+00	   5.2791816642656819e-01	   7.3489948947498451e-01	   2.1674575322521319e-01	   2.5419946829168644e-01	   5.2746433439966900e-01	   4.9530537138319281e-01	   2.5746945499161067e-01	   1.3123796637624255e-01	   4.3096566902794509e-01	   3.9592709319758557e-01	   3.1599150190072756e-01	   2.8689664046985852e-01	   4.8942058383370635e-01	   3.3259448776327871e-01	   3.9062983980018229e-01	   3.2834176797519787e-01	   8.7081853694782096e-01	   9.5839648319574100e-01	  -8.0226836633865123e-02	  -8.2257974081077379e-02	   2.4880397085877792e-01	   4.5871867617409784e-01	   2.0148432715856066e-02	  -6.2404476496533946e-02	   3.0769349892600378e-01	   4.2182017093218749e-01	   2.4437733037478337e-01	   1.3995847554739413e-01	   2.3856539746465017e-03	   9.6274613686301337e-03	   7.2881648347013817e-01	   7.0343393304142399e-01	   3.4899561907839766e-01	   4.2078306599960780e-01	  -9.5149812638330417e-02	  -5.1259981871853717e-02	   2.1195266145888988e-01	   2.0124855101337835e-01	   2.1282604403277394e-01	   3.3466429223398914e-01	   6.2681751546971887e-01	   6.1921293170312364e-01	   5.5601790384071426e-01	   5.8591092383279986e-01	   4.4524771454542872e-01	   6.0857645991702880e-01	   5.4142259316458452e-01	   5.3750240878698774e-01	   5.3208322752840753e-01	   4.8636487257616495e-01	   4.4613402538836172e-01	   3.7179008143507225e-01	   5.5369210999791596e-01	   5.8942412218748996e-01	   1.0458709070245267e+00	   1.1259765624004991e+00	   5.1237122291678228e-01	   5.6268112922849789e-01	   4.3550438492888960e-01	   3.2600494015320236e-01	   4.0135331968549004e-01	   4.5515009638393134e-01	   3.6627812601704579e-01	   5.0636066573983129e-01	   3.3654812683473045e-01	   4.0455305929695212e-01	   6.1855988278973961e-01	   5.0870650658904759e-01	   2.6741449539161821e-01	   4.0590387821759727e-01	   3.6912995079592570e-01	   4.2841056497908270e-01	   3.6856530108316338e-01	   3.4223883469171762e-01	   3.7039684128869121e-01	   3.9103516031744290e-01	   2.7265012985347720e-01	   2.3131073591126211e-01	   3.9156666608956553e-01	   4.5221371828533397e-01	   5.3262713799915096e-01	   2.4861001106065184e-01	   1.5666314782630861e-01	   5.7030952997782358e-01	   6.8429447968297719e-01	   8.7410275175098429e-01	   5.2200762032281878e-01	   5.1683389366819754e-01	   4.2223666553356592e-01	   2.3293791413477327e-01	   4.9689705762817915e-01	   3.5328771574324969e-01	   7.0759336638385420e-02	   1.2077747568581410e-03	   1.8866404910462312e-01	   2.5557564338507371e-01	   6.6065283352458992e-01	   4.6593656977122078e-01	   6.3659803755269750e-01	   5.5823715862400392e-01	   7.7753593301811064e-01	   6.8010042656145397e-01	   2.5969344099453373e-01	   2.5113359094217519e-01	   5.9960352030354069e-01	   9.8523608534404034e-02	  -1.7521043448869983e-02	   6.3678843923470924e-02	   3.7997714717908371e-01	   4.9532207743606727e-01	   1.2914569759405511e-01	  -3.7714953957067886e-02	  -7.5980928737035144e-02	   9.1915631978746831e-02	
   7.4660098641070494e-01	   5.2791816642656819e-01	   0.0000000000000000e+00	   8.5210678140112983e-01	   7.4216421447997216e-01	   3.8164870654803174e-01	   1.5028238954044271e+00	   5.7957266921829409e-01	   7.9164833007336799e-01	   3.8559252411119238e-01	   7.7882701771451390e-01	   2.4744382955466909e-01	   6.5090254189544849e-01	   2.4919744121614372e-02	   7.2631133472549303e-01	   2.1353024450169608e-01	   3.3906819357740287e-01	   2.4826926832660101e-01	   1.0772937102419127e+00	   7.6151660985224234e-01	   2.4593915496310059e-01	   8.7890106917154862e-02	   7.3418689990966801e-01	   4.3263714156547478e-01	   3.3966595503653246e-01	   1.4074010472943349e-01	   4.1421716497324301e-01	   3.2971635657388010e-01	   2.7783977543522331e-01	   8.4207467051249901e-02	   3.3340018967254675e-01	   2.8980593500210028e-01	   8.2181834238495455e-01	   6.9168968258135399e-01	   4.6824963053756702e-01	   4.6059174267781339e-01	   1.0088738665896928e-02	  -1.6495691325272090e-02	   6.0893249436991703e-01	   3.0132525407850635e-01	   1.7354571510045697e-01	   2.7397180282424966e-01	   2.0148180472162369e-01	   1.4275154881371335e-01	   1.1252666974562525e-01	   1.7051551430407710e-01	   2.9398781935858237e-01	   3.4019322586455175e-01	   4.0920714556000055e-02	   2.3502265408791184e-01	   3.3032392963989393e-01	   4.0340404616929426e-01	   5.6721942532647773e-01	   4.5298728378693154e-01	   5.5004861142064398e-01	   6.0374067286120059e-01	   6.7676452310673174e-01	   6.6885622457003546e-01	   5.4570041859761009e-01	   5.5001302677386310e-01	   8.3787411986134896e-01	   3.2376402241889696e-01	   7.5733797241887468e-01	   5.9223915309669872e-01	   6.0942286684810332e-01	   5.4746931193429926e-01	   7.0632515346831359e-01	   6.6908134220409765e-01	   4.8031364563152079e-01	   4.7449740317783867e-01	   2.0757923647816914e-01	   3.3223432713369438e-01	   5.0556122454485208e-01	   2.6451820377818624e-01	   4.1576861422590283e-01	   2.6453206610093244e-01	   5.4477920227015508e-01	   2.3069659317713123e-01	   2.9820778725101882e-01	   1.7326574359029639e-01	   4.4768531029377784e-01	   7.6233424057706292e-02	   4.7607208728714173e-01	   9.1134402137247383e-02	   5.6567176902913618e-01	   4.1061828954637097e-01	   4.7685132913128825e-01	   5.9580631873676604e-01	   7.8715925745730075e-01	   7.2347759555063296e-01	   3.3923470215648355e-01	   4.4129548431321219e-01	   3.8685508712447936e-01	   6.9266889625040695e-01	   2.1769348539658218e-01	   1.5221824918610735e-01	   2.3660079628331121e-01	   4.5159256461719155e-01	   3.7174554300339591e-01	   6.5849990966991068e-01	   5.6463971565319082e-01	   8.9582202715887393e-01	   6.5626879225108903e-01	   9.0129856100488925e-01	   9.9447460731493798e-02	   2.4612961063580627e-01	   3.7981545698086866e-01	   1.9112214485357365e-01	   5.8508478302955469e-02	   1.8146088357201190e-01	   3.0960516762819246e-01	   3.5999285443443274e-01	   1.1224596344365550e-02	   1.0691951547585017e-01	   5.1788974441497118e-03	   3.2283590880466478e-01	
   9.8063465946642803e-01	   7.3489948947498451e-01	   8.5210678140112983e-01	   0.0000000000000000e+00	   2.6922122160177503e-01	   7.6306897770964688e-01	   7.5937406406490537e-01	   1.1588914431999153e+00	   2.9757764462287695e-01	   5.5246578531872337e-01	   4.6860248947194527e-01	   6.9494959606990880e-01	   3.2220951836747030e-01	   4.6676642290952119e-01	   3.8636342150534841e-01	   5.5684458464089404e-01	   3.6821586147067981e-01	   2.2996068340352444e-01	   8.9222917365877707e-01	   1.0813654582192394e+00	  -8.3662145219702755e-06	   2.1867139008066927e-01	   1.0938659272951082e-01	   8.6400009358291707e-01	  -9.5373099743155415e-02	   1.6338942400195639e-02	   3.2038243055776755e-01	   4.1559207972244649e-01	   1.1508202058822226e-01	   2.1145759774248843e-01	   1.0715825885300562e-01	   2.2105461744056332e-01	   6.8000728355914852e-01	   8.6898701001733214e-01	   1.6341967693632015e-01	   4.3202739877696783e-01	  -1.4534015271000611e-01	  -8.7281157926647583e-03	   3.4510097172181692e-01	   3.3541833253090453e-01	   1.6335904885178257e-01	   3.5895466887976324e-01	   2.9795794086325633e-01	   2.4824283083870827e-01	   2.1433846013172211e-01	   3.6984803594890869e-01	   2.6449492223128312e-01	   3.3245973545133445e-01	   2.1092691456460647e-01	   4.0786928289565050e-01	   4.4156912909616797e-01	   4.5808677808440390e-01	   5.8483056292254620e-01	   2.2789985527558110e-01	   4.4747980804369825e-01	   6.5073900841064347e-01	   8.5797559480962415e-01	   6.8376160962366106e-01	   6.2722978659019213e-01	   9.4723612663599410e-01	   6.7413676324808913e-01	   6.5087565446288576e-01	   3.1834399019334847e-01	   7.0675257587408957e-01	   2.8448546625710180e-01	   6.5415479112368380e-01	   4.8388077311378552e-01	   7.8644437570884529e-01	   3.0381550162421445e-01	   3.9874695042892977e-01	   2.5480259681680451e-01	   4.9997875379930573e-01	   4.1935087202079152e-01	   3.4831110573824814e-01	   4.6627799469538689e-01	   3.3365675737525102e-01	   2.9269891689655836e-01	   3.3276617277939113e-01	   1.9833935461516017e-01	   7.7638642892108645e-02	   3.2869349041808904e-01	   2.2681786675350557e-01	   2.0665158229011032e-01	   2.6871176030327593e-01	   6.3937091893234141e-02	   5.9665043070916146e-01	   3.6012855156691043e-01	   7.7413996449926448e-01	   5.3756979999782206e-01	   9.0280346776486498e-01	   4.0379708887654930e-01	  -1.5927025357493931e-02	   6.7161058621238101e-01	   2.0557830656016080e-01	  -3.4652367053828813e-02	  -5.4061144495001143e-02	   7.9694081376730872e-03	   3.1146769448607708e-01	   3.2310773379404578e-01	   2.9721121762339303e-01	   7.8820144859666041e-01	   5.5005269225587283e-01	   6.8298158543098142e-01	   8.9128893407032406e-01	   2.4067119644895485e-01	   1.7416043163577460e-01	   4.2991456862380967e-01	   1.6522217558444768e-01	  -1.8656746323211232e-01	  -5.4158177306306121e-02	   2.6002054585010337e-01	   1.8201823579812745e-01	  -6.1572742235295193e-02	  -2.0732721523304001e-01	  -2.4427869292793758e-01	   1.5372516847785839e-01	
   2.6640719798975504e-01	   2.1674575322521319e-01	   7.4216421447997216e-01	   2.6922122160177503e-01	   0.0000000000000000e+00	   3.1341310785003551e-01	   7.1427278973895669e-01	   2.0542696505184987e-01	   1.3904518353864674e+00	   3.8058562844864446e-01	   5.2168857398842361e-01	  -3.5261752655037192e-02	   6.6674997895543064e-01	  -9.7966701767034745e-02	   7.0225150806085279e-01	  -1.8767953583142691e-01	   1.5832656608672466e-01	   7.2435946515702426e-02	   5.6433735255942019e-01	   3.4373567188269755e-01	   3.5479583940014914e-01	  -1.5674250451736652e-01	   5.7107974767838210e-01	   9.7294559145123666e-03	   6.2613064495766702e-01	   5.0490549672813884e-02	   4.7657099086888199e-01	   2.0909633611263756e-01	   1.6358633172100931e-01	  -8.7051279513595134e-02	   8.3155493569561617e-02	   4.5993370048700917e-02	   3.5700490693935544e-01	   2.3030840721973103e-01	   3.9236314476658674e-01	   3.4756364268659745e-01	  -2.4305166270380648e-02	  -5.8343962527813709e-02	   3.4482908299852910e-01	  -6.0696209573392942e-03	   1.7022680954526673e-01	   1.0197261411340257e-01	   8.5707258007795453e-02	   4.8614734771133074e-02	   1.7272971509565971e-02	   5.2259082786898232e-02	   2.1308548143294057e-01	   3.0314005003669747e-01	   3.2554420179126020e-02	   2.4192617770638719e-01	   2.4494200918166348e-01	   4.9674183591604204e-01	   3.1516910653390878e-01	   6.4639199910301182e-01	   3.3770972174579805e-01	   4.7391015803204628e-01	   2.4926527268391016e-01	   3.7197648744052436e-01	   2.9758786431544842e-01	   2.9663926462739543e-01	   5.3280295217942841e-01	   2.3896246685744937e-01	   4.7566973407770086e-01	   2.7093656841968844e-01	   4.9669816010339973e-01	   2.2442994980162023e-01	   4.5111507132262058e-01	   3.7065613376938833e-01	   3.2364884900370322e-01	   3.7001905646335642e-01	   7.2014019927835904e-02	   2.0108809923794888e-01	   1.9654992068773183e-01	   8.3041467495403309e-02	   1.1243557439993890e-01	   9.3560424062687025e-02	   4.6222580737836799e-01	   1.2495791425200524e-01	   2.4721118530787006e-01	   2.0945714543839067e-01	   2.2236662854629133e-01	  -1.1213335135329319e-01	   4.7172544601571648e-01	  -1.4163302305788480e-01	   5.9177249090255135e-01	   1.7345871680919894e-01	   4.2652433210350194e-01	   3.4376354578278301e-01	   6.0893042238263440e-01	   4.9100938074462996e-01	   3.6333521331472890e-01	   5.5711596150244391e-01	   3.4636972222746848e-01	   7.6286093491387907e-01	   2.2626874823241211e-01	   5.1151800663899682e-02	   2.6652965970712095e-01	   3.0338289601028795e-01	   3.4169381181061165e-01	   5.9958268608152365e-01	   3.1296960788690531e-01	   6.6886975818543393e-01	   2.6035103356584494e-01	   4.6693235769225805e-01	  -3.1766599784990628e-02	   2.2047739423020649e-01	   2.2001576576771240e-01	   1.5691969288937296e-01	   2.2184785268331647e-01	   2.1753742193077316e-01	   3.3202695885749167e-01	   4.1087823868321272e-01	   2.9034658537736496e-02	   2.5351405747219113e-01	   1.3606884154072663e-01	   1.5436589359090649e-01	
   2.7343238439950740e-01	   2.5419946829168644e-01	   3.8164870654803174e-01	   7.6306897770964688e-01	   3.1341310785003551e-01	   0.0000000000000000e+00	   4.8614130849951920e-01	   1.0200581038434036e+00	   3.6001316343957834e-01	   1.5568626604020346e+00	   3.0478540784791630e-01	   6.7262535052974581e-01	   1.6106093281218833e-01	   4.4999192590405740e-01	   1.9132093870048501e-02	   6.6785525634532528e-01	   2.6475399547985434e-01	   1.5788863532344297e-01	   3.2999837665784770e-01	   4.3057193451315229e-01	   3.0992775790758836e-01	   5.7195645818237673e-01	  -1.5948300797201029e-01	   5.4338128139100328e-01	  -3.6235831970703188e-02	   2.7970705060333334e-01	   1.0701800106114670e-01	   1.6892233087746297e-01	   1.9434740314210047e-01	   4.8831384668040956e-01	   4.6691824832142370e-01	   6.3983269551201616e-01	   5.1756607619196981e-01	   4.7858468599722248e-01	  -1.2277662188956764e-01	   1.7366575469103818e-01	  -8.0499745007227425e-03	   2.6585213210053227e-01	   3.4464047524536268e-01	   4.6884601020441097e-01	   2.2957978632724252e-01	   4.6894762585857408e-01	  -1.8928795818266581e-02	  -7.0815441737016108e-02	  -4.0884864147255739e-03	   1.7354164179196147e-01	  -1.1846512593851895e-02	   8.4313602461039652e-02	   6.7997136441795294e-02	   3.3432535380280076e-01	   2.2415039032257128e-01	   3.8047185701488440e-01	   4.2865554404953893e-01	   1.8963845842894111e-01	   1.5021368012831779e-01	   5.2303608464610685e-01	   4.1408404347518935e-01	   1.9924950489724388e-01	   3.7047876629140170e-01	   7.2816295909987938e-01	   5.4591456514592451e-01	   8.5386064546730789e-01	   1.3178923814077578e-01	   5.0026242908841834e-01	  -5.9921789797494261e-02	   2.5674477555010994e-01	   3.8427390019097735e-01	   6.0730828604685505e-01	   1.3809312004849744e-01	   2.1178079604180383e-01	   2.0978549241079913e-01	   6.4010597773107625e-01	   1.7349633459364019e-01	   2.5363378475800591e-01	   2.2234944056862235e-01	   2.9982171897995830e-01	   1.7426893460799925e-01	   3.5435974176689733e-01	   9.0034251697941131e-02	   8.2315412464696411e-02	   2.3551466840857552e-01	   2.0202911299865922e-01	  -3.8164354940190617e-02	   4.9144446229857830e-01	  -9.0412406475911436e-02	   3.9296856067668096e-01	  -1.1434236268106057e-01	   3.5068583602146874e-01	   2.1042638938292596e-01	   6.0226747136960013e-01	   4.9412719919714099e-01	  -6.6300125070710647e-02	   6.8356335303623206e-01	   5.7480851713406673e-02	   7.0691471026096755e-02	   8.2789440693927768e-02	  -2.7073677620123031e-03	   2.2244442663253189e-01	   7.4913224038341913e-02	   2.1064344572061333e-01	   6.1136888544099444e-01	   3.5101708441837964e-01	   2.9448987433317958e-01	   4.1318106791709758e-01	   1.5187127463660482e-01	   1.5121199069581612e-01	   2.6751429904932761e-01	  -3.8830311985414062e-02	   5.8914516637898602e-02	   9.9440830998838534e-02	   7.0325799880964754e-02	   1.1179366279849559e-01	  -7.8587577521487123e-02	  -1.7435054759027024e-01	  -2.2642366286521881e-01	   1.4350681480085911e-01	
   6.6669535398898860e-01	   5.2746433439966900e-01	   1.5028238954044271e+00	   7.5937406406490537e-01	   7.1427278973895669e-01	   4.8614130849951920e-01	   0.0000000000000000e+00	   7.4451779623560888e-01	   7.8306192889865733e-01	   4.7654375014132649e-01	   9.1584210516371400e-01	   3.5927713817982071e-01	   7.7304131039963775e-01	   1.0313167183418850e-01	   6.2322462616121754e-01	   1.9377138444318559e-01	   4.5566072367454813e-01	   2.9458667527614169e-01	   1.0042782825354508e+00	   7.2787700540048317e-01	   3.4747445003141159e-01	   8.7990400374162323e-02	   5.7524131660934452e-01	   3.8067058230467210e-01	   1.9266462899077558e-01	   4.3636600347077295e-02	   1.8935845966884629e-01	   1.4710828818173835e-01	   4.3169989503758827e-01	   2.7358446036910350e-01	   4.2668892545796999e-01	   3.6954903532950806e-01	   9.1871625432652959e-01	   7.2170156062184154e-01	   3.4363739395153531e-01	   3.6050878470054110e-01	   2.8014018114018630e-03	   3.4346707147292266e-02	   4.9869381906165022e-01	   3.2059448864945711e-01	   1.7507483788243960e-01	   4.5073956372018092e-01	   7.5633167740250307e-02	   2.1811917723872112e-02	   8.4142284218342217e-02	   1.3208923991551566e-01	   1.7214458285875334e-01	   2.2735725605728763e-01	   2.0542646606915536e-02	   2.3984252949948323e-01	   3.1030978658944264e-01	   4.0310352905712576e-01	   6.0284136648726316e-01	   3.9420212520862774e-01	   4.6566180630034837e-01	   6.2181888056908852e-01	   6.6294732879926233e-01	   5.8646212255897245e-01	   4.5728254936310936e-01	   5.5921064586958580e-01	   9.3074370761188319e-01	   4.5978963365412112e-01	   8.2591456782558215e-01	   7.2810036468145822e-01	   4.6796160702883777e-01	   4.4870937184158316e-01	   7.3137001727673911e-01	   6.8560013122896046e-01	   3.6733452853215148e-01	   3.6782025124131723e-01	   2.7206895415578769e-01	   4.2206366294890063e-01	   5.9949124023184863e-01	   3.9911064960567277e-01	   4.8085181328596061e-01	   4.2534066481313548e-01	   5.7118615955092189e-01	   3.0300185353325387e-01	   2.7849208066266556e-01	   1.4075626179315148e-01	   4.6120473384729577e-01	   8.1259509774721378e-02	   3.7047703944779942e-01	   1.4017352249407103e-01	   4.7458461554417830e-01	   3.8052453244348672e-01	   4.2037934517899650e-01	   6.3438347476808321e-01	   6.0904532368988074e-01	   6.6288717217113768e-01	   4.5702625829569765e-01	   3.9787518416650564e-01	   4.3316209204104861e-01	   5.6600308401475241e-01	   1.8253201965819435e-01	   1.8366056203220479e-01	   1.9769237756675359e-01	   4.2025454775072535e-01	   3.7451096435273801e-01	   7.2686515086535830e-01	   6.5429916607938376e-01	   7.4903377340997257e-01	   7.1309712179024576e-01	   7.6273341126755589e-01	   1.8792460615692530e-01	   2.9744232966310763e-01	   4.5984136120893460e-01	   1.1510314398869924e-01	  -6.1290864442673553e-03	   1.4393051982960575e-01	   2.0979099130888981e-01	   3.5998455269308949e-01	   2.7896504316193234e-02	   1.2004765164137012e-01	   4.0618551456663285e-03	   3.6814939850932932e-01	
   5.9690780961147238e-01	   4.9530537138319281e-01	   5.7957266921829409e-01	   1.1588914431999153e+00	   2.0542696505184987e-01	   1.0200581038434036e+00	   7.4451779623560888e-01	   0.0000000000000000e+00	   2.7299238960611372e-01	   8.1675870603893552e-01	   5.0541872377134855e-01	   1.1512641498116534e+00	   3.4953210194686829e-01	   7.0550386910044594e-01	   1.4275043749257260e-01	   5.7227213171877800e-01	   4.1659748034890709e-01	   1.8206132134242875e-01	   5.5854033409588522e-01	   6.3338064913789693e-01	   1.6582517880462241e-01	   2.6547594130841978e-01	  -1.2634633831919723e-01	   6.0828381890348560e-01	  -2.7779895956637024e-01	  -1.1662249581010477e-01	  -8.1709967046227419e-02	  -8.3904883867697826e-03	   3.0817883809635038e-01	   5.7626628031590976e-01	   3.3467270698394880e-01	   4.2794842141264239e-01	   6.8934821670368818e-01	   7.4300163948968001e-01	  -1.2092025372924613e-01	   2.1163805522235501e-01	  -4.9814903831230391e-02	   1.2850624986847112e-01	   3.1569036489204566e-01	   5.0083165009412911e-01	   2.0619627047795627e-01	   6.0559430448553742e-01	   3.5457976447661133e-02	   9.7450822424860299e-03	   8.1130509760063627e-02	   2.9965571006255437e-01	   5.7440267151764252e-03	   1.2667633567863884e-01	   1.4518220666850445e-01	   3.8458056846438055e-01	   3.7941912891202084e-01	   4.4268078529057708e-01	   5.7380093054927039e-01	   8.0995283821838598e-02	   2.7626438929960756e-01	   6.3805897422385283e-01	   6.2507876223383319e-01	   3.3604479965117778e-01	   3.8895715175338502e-01	   9.3152726150419385e-01	   7.5245585661483516e-01	   1.0952611024362464e+00	   3.2322382154482632e-01	   9.1726274704223976e-01	   2.5405928852443867e-02	   4.2100314320996601e-01	   4.4329857147429352e-01	   7.6778715447336077e-01	   5.9872076758987557e-02	   1.3538893430328855e-01	   2.4710377433831304e-01	   5.5765378548184297e-01	   3.9003405165602062e-01	   4.4206242429610387e-01	   3.8517424920742016e-01	   4.3820150871759311e-01	   3.1882495276410427e-01	   4.9945132559037475e-01	   1.3562720343742626e-01	   7.7804193401981178e-02	   3.2935043317195001e-01	   3.1482807887759723e-01	   2.0963271183557074e-02	   4.7916263588605706e-01	  -1.2851486158399616e-01	   5.1555986355796701e-01	   7.6985833050679936e-02	   5.4516988752217133e-01	   2.6524724099757491e-01	   7.0020261739547995e-01	   5.4885367928598838e-01	  -1.4140030883097507e-01	   7.6700926440893291e-01	   9.8971611991529457e-03	   4.1080033902155401e-02	   8.2867235206133830e-02	  -5.9524690151747071e-02	   2.5802803912770500e-01	   1.9769456003583086e-01	   3.0426121492950969e-01	   9.6591732959416476e-01	   3.8953360452937452e-01	   6.1919045163576802e-01	   6.1515128202284264e-01	   3.4796920638874346e-01	   9.8090302546326266e-02	   4.5453624349712995e-01	   1.0872121401653176e-01	  -1.6890032010192996e-01	  -2.2558091320576287e-02	   2.9115693750583146e-02	   1.0571199718713292e-01	  -7.2083164898808089e-02	  -1.5907701818560846e-01	  -2.7104049331810759e-01	   1.6963976933508701e-01	
   3.1836081593535848e-01	   2.5746945499161067e-01	   7.9164833007336799e-01	   2.9757764462287695e-01	   1.3904518353864674e+00	   3.6001316343957834e-01	   7.8306192889865733e-01	   2.7299238960611372e-01	   0.0000000000000000e+00	   4.4698095690819717e-01	   6.4079994574952137e-01	   1.4501327689996618e-02	   7.5771147832051366e-01	  -6.7401246895083991e-02	   9.9147269534785543e-01	  -9.2101990449171098e-02	   1.1793645257322355e-01	   1.4616574855314616e-02	   6.2051711630071260e-01	   3.7799402616417549e-01	   3.5122326886107996e-01	  -1.0613902934341815e-01	   6.7964084595072072e-01	   6.7533252792233919e-02	   5.1746758715108387e-01	   9.7068913018881570e-02	   3.4891018565579068e-01	   1.9716322399028602e-01	   2.3173705143309925e-01	   7.4762675012394657e-03	   2.0883274090738868e-01	   1.7046478595683595e-01	   4.6720158530567213e-01	   3.1110176502241027e-01	   3.5163567079457853e-01	   2.5500748092458081e-01	   7.0105312824868787e-02	  -2.3606387559023376e-02	   4.4451857813689238e-01	   7.6432236050713726e-02	   2.6004634623015271e-01	   1.9857272672473403e-01	   6.9050908088093221e-02	   4.1081026366954236e-03	  -3.9985560738270698e-02	   1.3852478376551026e-02	   1.3156671330812880e-01	   2.6653590123798332e-01	  -2.9569870122253795e-02	   2.2521030225769051e-01	   2.1171367655061810e-01	   4.9508607990582015e-01	   3.4507293126777150e-01	   7.0678234126203454e-01	   2.4021333384104138e-01	   4.8845873342222124e-01	   3.0350839437678662e-01	   3.6703761746263902e-01	   2.8674216234160521e-01	   3.2276473460058380e-01	   6.5392157532679651e-01	   2.9185516222278596e-01	   7.1483511894037444e-01	   3.6350639412652519e-01	   5.7653570736628712e-01	   3.6514046089456731e-01	   4.6050669816337109e-01	   4.0928081427407509e-01	   3.8014658380663674e-01	   3.6479474617908780e-01	  -1.9156056349003824e-02	   1.5747615598757536e-01	   1.9772281815036619e-01	   1.3469717484982610e-01	   1.0910285550598435e-01	   1.0706167324919214e-01	   4.8755272924637616e-01	   1.4421233800777825e-01	   1.7192795681056217e-01	   1.5027150795052291e-01	   2.4219438532982301e-01	  -9.9974013849904522e-02	   6.7216525175604580e-01	  -9.2158801877837662e-02	   7.6119942921673200e-01	   2.6979496862674857e-01	   4.7425505237837201e-01	   3.3946325923294618e-01	   7.1736863039765064e-01	   4.9773852735282020e-01	   2.4898343422164687e-01	   5.8477829388577918e-01	   2.7461299816159973e-01	   7.6839974540584532e-01	   2.6081664621865680e-01	   6.9747045555315426e-02	   1.9929316529047847e-01	   2.5825683701388330e-01	   2.0387447219828114e-01	   6.6285108710458285e-01	   2.8694395066576561e-01	   6.5387092472371688e-01	   1.9315026974056607e-01	   4.2991996162825713e-01	  -9.8493976248553064e-02	   2.0013908646162298e-01	   2.1459720320643136e-01	   1.3355292497638929e-01	   2.7460703707799111e-01	   2.1664804851400679e-01	   2.2847366056162693e-01	   4.0650057766213821e-01	   3.3069524533575257e-03	   3.1846398405108944e-01	   7.9683123590562760e-02	   2.2262281985171536e-01	
   1.8362026068006784e-01	   1.3123796637624255e-01	   3.8559252411119238e-01	   5.5246578531872337e-01	   3.8058562844864446e-01	   1.5568626604020346e+00	   4.7654375014132649e-01	   8.1675870603893552e-01	   4.4698095690819717e-01	   0.0000000000000000e+00	   3.6219200197544110e-01	   6.0695851465324457e-01	   2.1148919304038952e-01	   4.1055491259029875e-01	   1.7048893406516462e-02	   6.3554894832468389e-01	   2.8044504837311257e-01	   1.9597260408219747e-01	   2.5089018669653040e-01	   3.1696573039060616e-01	   4.4867578607086589e-01	   6.3512817254019871e-01	  -1.0957086734306223e-01	   4.3672689113689001e-01	   3.8380701080306945e-02	   2.8980948031033937e-01	   6.8635384846558123e-02	   8.1736534314341802e-02	   2.4083229687502525e-01	   4.9775637125714056e-01	   5.5709418843925318e-01	   7.3755205832327808e-01	   4.2921761751099252e-01	   3.5214586019026117e-01	  -1.3270865201534152e-01	   1.4463492103650688e-01	   5.3567988803021639e-02	   2.9246366030003734e-01	   4.0601689058726070e-01	   4.8798922842682202e-01	   2.0100007871730213e-01	   3.5071037707357400e-01	  -4.5312074564360295e-02	  -9.7736637150572500e-02	  -4.9479665556786803e-02	   1.2473147001042983e-01	   4.9550529200785301e-02	   1.0202467481308551e-01	   4.2058204732752541e-02	   3.0816920922417274e-01	   2.4990099077563185e-01	   3.9707030454121789e-01	   4.7741177772256160e-01	   2.6541324231699909e-01	   1.9877358466024403e-01	   5.1211923812642324e-01	   3.3846798390767441e-01	   1.5114160504096319e-01	   3.2675560362923689e-01	   6.5730014683234061e-01	   5.4246642788627619e-01	   7.3981225274204387e-01	   1.3133810095509763e-01	   4.5712752447646665e-01	  -3.1707226582230186e-02	   1.6969649860431796e-01	   3.3204188523714634e-01	   5.0174621561618082e-01	   1.4906302206772759e-01	   2.2878565690133035e-01	   2.0879617282148491e-01	   6.5129143356417607e-01	   1.8965830717128274e-01	   2.6921355739178177e-01	   2.0479643252631699e-01	   2.9012434601328940e-01	   2.1115767263922852e-01	   3.5330701316827762e-01	   1.9532303599350959e-01	   1.0742201244623001e-01	   2.4246149543049100e-01	   2.0808996881365033e-01	  -5.7615383391266664e-02	   4.9467251995501915e-01	  -3.3897716250403866e-02	   3.8567840955594856e-01	  -2.4547327386648918e-01	   1.7002710063288978e-01	   2.3628584024730789e-01	   5.6707535949714760e-01	   4.9053143524437182e-01	   1.6101308432443812e-02	   6.8487840396122679e-01	   1.4117524798061523e-01	   2.6810841558936427e-01	   1.9314952918602876e-01	   1.6619921884355462e-01	   3.3635785634589843e-01	   1.1751559160148511e-01	   2.9544736183676690e-01	   5.4254022868815799e-01	   3.8343693042880528e-01	   2.4010863907812413e-01	   3.5960030720803221e-01	   1.2773421874498825e-01	   9.6179897462912292e-02	   2.2903657968491023e-01	   8.3101143614722657e-03	   1.7891084469597340e-01	   2.3705637392571960e-01	   5.9665851105959566e-02	   1.5067164699221744e-01	   1.0155380482180638e-02	  -1.7860580414275330e-02	  -9.6581247196822109e-02	   1.9696988702466958e-01	
   7.8768631245042686e-01	   4.3096566902794509e-01	   7.7882701771451390e-01	   4.6860248947194527e-01	   5.2168857398842361e-01	   3.0478540784791630e-01	   9.1584210516371400e-01	   5.0541872377134855e-01	   6.4079994574952137e-01	   3.6219200197544110e-01	   0.0000000000000000e+00	   5.5285462357430593e-01	   1.2226921775737651e+00	   3.8732739216311085e-01	   6.5524208330148725e-01	   3.1800833614215263e-01	   9.3061801173316006e-01	   4.9355407334049539e-01	   9.1484662612896805e-01	   5.4721553644634247e-01	   3.1029936586873408e-01	   1.2258106673551727e-01	   5.8457559818532279e-01	   3.7523155200924352e-01	   7.4963321225185134e-02	   2.1085705884026095e-02	   5.8029909268082186e-02	  -9.6934761435232886e-02	   8.2932578704963977e-01	   6.2311028104717026e-01	   5.1037586558817871e-01	   5.1095416146596806e-01	   6.9899365966888449e-01	   6.2356663067427465e-01	   2.1480784186389140e-01	   2.4816903271286564e-01	   3.2882147023712649e-01	   2.5651924633938006e-01	   3.8918353256379734e-01	   4.4277721392585451e-01	   4.6209870859382846e-01	   6.3913372755861986e-01	   1.0505946065716204e-02	   1.8948877023175489e-02	  -8.5217219133485733e-02	   3.9510292400187760e-02	   1.5181315941631954e-01	   1.7339904105057918e-01	  -1.5599517976022034e-01	   4.4564537799810774e-02	   2.6454423527598075e-01	   2.1848869863672660e-01	   5.8264715450511806e-01	   4.5056329329404382e-01	   3.8051910224101582e-01	   6.0223853502385483e-01	   7.9069968208915253e-01	   5.6186493481744948e-01	   3.4791000267487143e-01	   4.4586037748311064e-01	   8.3301543626893593e-01	   4.7908174309063539e-01	   1.0040800804193561e+00	   8.7298039851766451e-01	   3.1560457761903721e-01	   3.5710941553822689e-01	   4.1410001315107264e-01	   4.7869665064946865e-01	   3.5320397679200949e-01	   3.1506775020229949e-01	   5.3908765343979681e-01	   5.0789581240930193e-01	   1.0945216803862012e+00	   8.0771348723334024e-01	   8.0763847925563892e-01	   7.0994349904168152e-01	   9.5377189027527220e-01	   5.7221926677079571e-01	   6.8460551134241265e-01	   4.8272601393020453e-01	   8.9674688223864796e-01	   3.0629283669699608e-01	   5.1410459569251565e-01	   2.8272387918367259e-01	   6.2296488757050472e-01	   6.2163648570445285e-01	   3.4408999938751322e-01	   3.9512550202209806e-01	   4.6781195026484168e-01	   4.1640332412599446e-01	   2.5133395621523746e-01	   3.3108670802965445e-01	   2.6159936928002947e-01	   3.1546161549997059e-01	   2.4226140066832103e-01	   1.8515621095124626e-01	   3.2175869737779261e-01	   6.6798671993141678e-01	   3.4918101607263735e-01	   7.9585221342376378e-01	   3.9183729072452306e-01	   3.0072124020574803e-01	   4.5493510585996361e-01	   5.0797223471646991e-01	   1.3361367992384840e-01	   1.2464896638599571e-01	   4.4346741797721911e-01	   2.0176975636006675e-01	  -3.9105102556155000e-02	   2.4361653597462499e-01	   3.0959647601670676e-01	   4.3709544480668228e-01	   2.5463427771636737e-01	   2.1559177725359269e-01	   9.4754086270605040e-02	   4.1545484673168237e-01	
   5.8111940641855386e-01	   3.9592709319758557e-01	   2.4744382955466909e-01	   6.9494959606990880e-01	  -3.5261752655037192e-02	   6.7262535052974581e-01	   3.5927713817982071e-01	   1.1512641498116534e+00	   1.4501327689996618e-02	   6.0695851465324457e-01	   5.5285462357430593e-01	   0.0000000000000000e+00	   3.3631264038193004e-01	   1.1796230323296097e+00	  -1.8104630380283385e-03	   7.3390338187979276e-01	   5.6588162476929549e-01	   2.7770677669314520e-01	   4.3003780160609179e-01	   4.1636190018375552e-01	   8.0340407550855628e-02	   2.7528847861801398e-01	  -2.6230780235586082e-01	   4.9023059271788849e-01	  -4.8165337193248547e-01	  -2.0095970063501345e-01	  -2.9945101169524313e-01	  -2.5570051504628888e-01	   4.7324970593810217e-01	   8.9487307134921379e-01	   3.2166315790359207e-01	   4.3629727946137670e-01	   4.8124297445207465e-01	   5.4386386855165036e-01	  -3.1064107865727653e-01	   1.0594822353697980e-01	   1.7561350857630004e-01	   3.3834699890326142e-01	   2.2736888801279509e-01	   6.1180622781673322e-01	   3.2541450373779268e-01	   6.6982802181363088e-01	  -1.1097994511040659e-02	   1.2590759155046477e-02	  -6.0692577569375565e-02	   2.0303404990180896e-01	  -2.7110314358715588e-02	   8.6572289842812622e-02	   3.8063951021184261e-02	   1.7766765639803844e-01	   3.1639862235097288e-01	   2.1018373901527970e-01	   4.5226416993654955e-01	  -3.2195389808787007e-02	   2.2765807560048928e-01	   5.7428075917691745e-01	   6.4971130950870337e-01	   2.4093882928790930e-01	   2.7211591882617275e-01	   7.3704904845557062e-01	   5.5677126007875977e-01	   1.1835288455693693e+00	   2.2338526150537968e-01	   9.2812040081663150e-01	  -2.0997878866676514e-01	   2.8419012235970859e-01	   1.4997002734789278e-01	   4.5817600836838374e-01	  -2.1963724156037829e-02	   1.9678466002883602e-02	   4.5323732943411610e-01	   5.8747225035454365e-01	   5.0297650610271627e-01	   5.9035076976868794e-01	   4.7975777117520924e-01	   6.2884042308403676e-01	   4.0266664660224660e-01	   6.3216877451326225e-01	   2.6680005870421969e-01	   1.7812764252139809e-01	   4.3279285089539482e-01	   5.4513019191013989e-01	   1.1237588174041653e-03	   6.9355320918537189e-01	  -2.7983222993646240e-01	   6.7143560184177797e-01	  -6.8657740164149772e-02	   3.2034120458633680e-01	   5.8172174984985753e-02	   5.0976150430565348e-01	   4.3672416022725524e-01	  -2.1202672419735755e-01	   6.9753539222676053e-01	  -1.5262988140002448e-01	   4.4908981663248311e-02	   1.2743558421436121e-01	   2.9510631810229500e-03	   4.1290287624954936e-01	   2.3804371419961046e-01	   2.8404961203259882e-01	   7.5411361585367365e-01	   1.4333123241080281e-01	   4.4394339665322680e-01	   4.2501126915089354e-01	   3.0282840646332049e-01	   7.8833893111033629e-03	   4.6568757876078892e-01	   1.3977958229307977e-01	  -2.3327136637550422e-01	   2.4798860668637502e-02	   9.9554232858686920e-02	   1.8962118357395319e-01	   1.1523751030162227e-01	  -1.9522021055574978e-01	  -2.5417130266524812e-01	   9.0337405402673737e-02	
   5.7911214720767989e-01	   3.1599150190072756e-01	   6.5090254189544849e-01	   3.2220951836747030e-01	   6.6674997895543064e-01	   1.6106093281218833e-01	   7.7304131039963775e-01	   3.4953210194686829e-01	   7.5771147832051366e-01	   2.1148919304038952e-01	   1.2226921775737651e+00	   3.3631264038193004e-01	   0.0000000000000000e+00	   3.8542538771270229e-01	   8.6883568828487578e-01	   1.3684548790654674e-01	   5.5408826422215585e-01	   1.4594698421948429e-01	   7.8419537174729603e-01	   4.3965335684454077e-01	   3.4240481583249793e-01	  -1.8965189509050143e-02	   6.8336725741845539e-01	   2.7566171200708001e-01	   2.3324960509215278e-01	  -2.6089193142123546e-02	   1.5943286271750734e-01	  -4.0178600643524319e-02	   6.3380614613722741e-01	   3.3761192563490150e-01	   2.7843266345097772e-01	   2.5981136141602618e-01	   5.1526391511932146e-01	   4.2920072931759912e-01	   3.4573090107138210e-01	   3.0454233217555587e-01	   3.0956332806791614e-01	   1.2102962090897497e-01	   3.7959197583154186e-01	   2.4820548501768130e-01	   4.6081821816132429e-01	   4.7889680134246670e-01	   3.4045001374866025e-02	   4.1777197510397539e-02	  -6.5338156024470309e-02	   3.8383272218759090e-02	   1.4776784555037131e-01	   1.7294771146610483e-01	  -8.9092577363047723e-02	   1.0124272769527111e-01	   4.1306879737724339e-01	   3.3417939938878699e-01	   6.3377926237509075e-01	   6.2827784893175609e-01	   5.3547909222622336e-01	   6.4348760234448132e-01	   5.1203668969085703e-01	   4.5397272068116246e-01	   3.5634653444145031e-01	   4.0243863422811516e-01	   7.1138361021652785e-01	   4.0878972116997270e-01	   9.0884771487042271e-01	   5.7677871511026291e-01	   5.0321039015221092e-01	   4.4449768619076330e-01	   4.5938363833288337e-01	   4.6727672974511802e-01	   3.1953501341643981e-01	   3.5302970969778591e-01	   3.8221295744155503e-01	   2.6277925555982790e-01	   8.6706577765897341e-01	   6.3618965528751370e-01	   6.7313827463423315e-01	   5.8924622674793148e-01	   7.1424599779058318e-01	   3.5789876107134189e-01	   6.1985735488397586e-01	   3.1285578093036748e-01	   6.8959673313501990e-01	   8.7616896065380950e-02	   6.2549012487743483e-01	   7.9379576099897542e-02	   7.5461564686348359e-01	   5.2004693002278335e-01	   4.9185730295947472e-01	   3.8833982125848354e-01	   6.4217563062721561e-01	   4.9635819952232663e-01	   2.5289948836283349e-01	   4.9911673053450001e-01	   2.4744775179222817e-01	   4.8540249509966404e-01	   2.4266570386845587e-01	   1.9559836256620702e-01	   3.7354389354224016e-01	   5.6101748985784694e-01	   4.5647357493266483e-01	   8.8806329940350748e-01	   2.7921528229402870e-01	   3.1640924375182944e-01	   3.2350492189969665e-01	   3.7023698431315671e-01	   1.2429025116641636e-01	   2.6966490422746936e-01	   3.7544150550752919e-01	   3.5153410448107253e-01	  -1.7626949255715105e-02	   1.6571943423813823e-01	   2.3927416494539963e-01	   5.4238621136236087e-01	   3.3824123710654330e-01	   4.1961213762873933e-01	   2.4758551442292165e-01	   2.9655269026276254e-01	
