   0.0000000000000000e+00	   9.9364074941837788e-01	   5.6803694066134491e-01	   3.6966828592005063e-01	   4.4614977116723004e-01	   2.1419279299155436e-01	   4.5840343948852330e-01	   2.4482123083903698e-01	   3.8162318539650408e-01	   1.4677864774982805e-01	   6.1013211818479796e-01	   3.6584705565432341e-01	   5.2957310823810888e-01	   3.8843782422100903e-01	   5.4587310056323046e-01	   5.3704708164498260e-01	   6.6614079358866651e-01	   7.4120038534061772e-01	   1.2806034545169376e+00	   1.0882486388784629e+00	   4.9124734773078743e-01	   3.6875926998702546e-01	   4.1802396011184190e-01	   3.4602714577342858e-01	   5.3464003339553523e-01	   4.6109506105944270e-01	   5.7955341284795947e-01	   5.4476214830204817e-01	   6.2694613319979686e-01	   5.1046918762383042e-01	   4.9437401306731610e-01	   3.9184345564655604e-01	   7.7795208712948360e-01	   7.1142358924678928e-01	   7.2120345147672638e-01	   6.3426538221366524e-01	   5.2489458885234974e-01	   4.6148682438719946e-01	   5.5790905628380005e-01	   5.6579075999038053e-01	   5.9346879255089013e-01	   6.4025368382579995e-01	   6.9536511315574079e-01	   6.1489958590529159e-01	   5.8418199429616147e-01	   5.2872810650933222e-01	   6.4695082691995676e-01	   5.8240480176349352e-01	   6.7034789523630767e-01	   6.3068383326429633e-01	   6.2787028213544083e-01	   4.8786546960639249e-01	   6.3722643120837397e-01	   5.1758233934767417e-01	   7.7417140534747586e-01	   8.7282680451914607e-01	   1.1961892959799791e+00	   9.3300898677924571e-01	   1.0556078449578559e+00	   6.0115747782586604e-01	   6.0798024297949627e-01	   1.8462125792133904e-01	   6.9300768195095008e-01	   4.3047385819475464e-01	   3.9766031674638064e-01	   2.9202997437670569e-01	   5.9660964559235574e-01	   4.8219354610509746e-01	   9.2759104440296436e-01	   7.9445503160042130e-01	   3.4630305258248911e-01	   2.9072901305420901e-01	   5.5231329510891036e-01	   4.7278404965825788e-01	   3.0445820013358926e-01	   2.9914782149027075e-01	   7.0857116193560798e-01	   4.9082231930729092e-01	   4.1266606316813881e-01	   4.0505292591212905e-01	   7.7760507362421583e-01	   7.1923268223329273e-01	   7.3959453624248406e-01	   5.6483210550197804e-01	   6.2047556110864999e-01	   6.6015895919143608e-01	   6.4560178611071450e-01	   4.2701131117380753e-01	   6.7736157410804654e-01	   7.8286290429977168e-01	   4.3760570265461451e-01	   7.0403406988813833e-01	   9.2105293537957947e-02	   5.9044265443583033e-01	   1.3074154393882311e-02	   2.2344187029615425e-01	   4.9249845279585636e-01	   5.4989336726907878e-01	   6.8097399957840354e-01	   7.4325945490000978e-01	   5.4914261857334390e-01	   6.4658431282308193e-01	   1.0536723610402208e+00	   1.0044019197603946e+00	   3.9707928320077995e-01	   2.4666366606404291e-01	   4.5935142050628164e-01	   3.7799571838035706e-01	   1.9325266044109052e-01	   8.4716770886608880e-02	   4.4661251207635366e-01	   3.9069206330465711e-01	   4.4819353400383560e-01	   4.7025637797271730e-01	   3.6896670960207328e-01	   2.2458645431519478e-01	
   9.9364074941837788e-01	   0.0000000000000000e+00	   5.8420195513398787e-01	   3.5247029303845556e-01	   5.7421546464763007e-01	   3.0390931657680131e-01	   5.3404670612906047e-01	   2.8344763207120655e-01	   5.5142387481332111e-01	   2.5290079012513522e-01	   5.9261000306534795e-01	   5.0026302702269043e-01	   5.8268530634605875e-01	   5.1666509105253877e-01	   6.5154919245192955e-01	   7.2807573858614349e-01	   4.7557584993671520e-01	   8.7345287839842078e-01	   8.2752683358668078e-01	   1.0505418596035347e+00	   5.4054384536956390e-01	   2.8958217905186406e-01	   6.5904301183796288e-01	   6.0951936660465478e-01	   6.7448664903920674e-01	   5.7586122528594430e-01	   7.7234438631529068e-01	   6.9439279279497557e-01	   4.7268050986917820e-01	   5.6981659388128969e-01	   6.2013446718691523e-01	   4.9558567606154402e-01	   8.3342235099269413e-01	   7.8903976871469372e-01	   5.8255685801632906e-01	   4.8483290606561857e-01	   5.7361723016887090e-01	   4.4617434592857314e-01	   4.9091671570860734e-01	   4.7913546398484419e-01	   6.7039480655238171e-01	   7.0342842798484573e-01	   6.0644413719343826e-01	   5.5530842527227264e-01	   5.6928585875309823e-01	   5.2284675018134497e-01	   6.5373419010298917e-01	   6.2648344560536051e-01	   6.4860727723863321e-01	   6.7686300903929097e-01	   7.3546011234841568e-01	   6.0607898422221385e-01	   6.0945743861388757e-01	   6.4664558803493666e-01	   8.1324323982558266e-01	   8.0046188264468288e-01	   7.4612638559587674e-01	   1.5574694914526150e+00	   8.0409938595052965e-01	   6.9075541192259693e-01	   6.2910674444115167e-01	   2.1381006838885377e-01	   7.2927593236769228e-01	   5.8321585424253486e-01	   5.7387268082901000e-01	   4.1532900386325222e-01	   5.6188313185947325e-01	   4.9539973049585606e-01	   9.8905157752550577e-01	   9.0130546226921604e-01	   3.5104905810626813e-01	   2.6474314287495926e-01	   6.5532138287603192e-01	   7.0310263882331425e-01	   4.7467109735556356e-01	   4.7727025021506037e-01	   7.0764443270620392e-01	   5.7707905769440970e-01	   3.9633643264020640e-01	   4.6886059376786460e-01	   6.8211853553493373e-01	   7.1528443754716919e-01	   7.7637636922644804e-01	   7.9716444667050923e-01	   8.2331010255277470e-01	   8.7842194661871809e-01	   8.1617273917847888e-01	   6.7751027796474605e-01	   7.8575103979950578e-01	   7.9908570863293682e-01	   3.5914924893422939e-01	   5.6789091937298852e-01	   9.4912220039240797e-02	   4.8140638274604119e-01	   2.5325844916751772e-02	   2.5234331363244505e-01	   6.0881654843770905e-01	   4.9526259384397053e-01	   5.9754329681270113e-01	   4.6633523686033418e-01	   3.8743510652222951e-01	   3.5737068330918476e-01	   8.6851423977606146e-01	   6.0522817616233127e-01	   3.8597106632452594e-01	   9.9918869565299315e-02	   6.2715381222896416e-01	   5.0008366906876567e-01	   1.0542492700507744e-01	   1.7278025752845458e-01	   3.2544433129277750e-01	   2.4736833916572312e-01	   4.7373324294954633e-01	   4.9635007446061324e-01	   4.9379202390416782e-01	   1.3206415904546076e-01	
   5.6803694066134491e-01	   5.8420195513398787e-01	   0.0000000000000000e+00	   1.0539795821183742e+00	   1.1960170616685659e+00	   6.8113540604234923e-01	   1.7080233882900409e+00	   9.7698034126153621e-01	   1.1013078132820355e+00	   7.3867948087940238e-01	   6.6592917513799621e-01	   5.8282745459502505e-01	   7.7287112500358368e-01	   7.2169857960967043e-01	   6.4753122796985030e-01	   8.2946999412787292e-01	   2.0654257449257690e-01	   2.9997413143205298e-01	   5.0080038221914303e-01	   4.3495245283709560e-01	   7.5848668125962548e-01	   5.3927644379378914e-01	   8.3108473468719990e-01	   8.7410910102983552e-01	   7.6986824076991189e-01	   8.1108450628961892e-01	   8.2239843826007153e-01	   7.1888268319985560e-01	   3.5232042077637543e-01	   5.0132551380651236e-01	   7.7860803776886367e-01	   9.1182664385198831e-01	   1.0888780159344036e+00	   9.3883154200825403e-01	   9.7355911361403824e-01	   8.3171099992952791e-01	   3.7672343259730751e-01	   5.4940809874612451e-01	   6.4238278755634293e-01	   6.1102719951752404e-01	   4.8963204079362233e-01	   7.0232384299606998e-01	   7.6558628674810791e-01	   6.9117352440358615e-01	   6.8998305660831871e-01	   6.8360999250654453e-01	   7.0023341099159220e-01	   7.9242979529757551e-01	   8.1802592371393579e-01	   8.0164859458654314e-01	   8.4991130363326395e-01	   9.0420407020109284e-01	   5.7568585326858013e-01	   5.3968881443132632e-01	   8.6186953807070876e-01	   8.1717493742009650e-01	   2.7094922567520485e-01	   4.0106310527958555e-01	   7.8204061872532926e-01	   6.5353627742661957e-01	   1.1187102276078633e+00	   7.2974140055750358e-01	   7.3205833663497999e-01	   3.7706436742475702e-01	   8.8612450895822126e-01	   9.2758161396339700e-01	   1.0625046776297198e+00	   8.8633120684159916e-01	   6.2729153674966975e-01	   9.2966580241390373e-01	   6.2941271934745024e-01	   3.8604291793900136e-01	   5.2811954392773175e-01	   6.4535878953448755e-01	   3.7956805072737726e-01	   6.0265804129927958e-01	   4.2798277237351928e-01	   3.2528655592736677e-01	   1.5936775721329000e-01	   2.5808394587843214e-01	   5.1802678454751383e-01	   6.2783510205113835e-01	   4.9586509026388120e-01	   7.8774654430323054e-01	   8.0399076705552641e-01	   1.1670211391361420e+00	   5.8986875532257310e-01	   5.5719918352431863e-01	   1.1513296148942924e+00	   1.0317562435834768e+00	   6.6479082617332996e-01	   1.0074045774316711e+00	   4.3456004778092516e-01	   9.2969593108466031e-01	   2.7602355733938466e-01	   4.6360495222393966e-01	   5.7895993118759492e-01	   5.3192889306220170e-01	   5.9958982747882650e-01	   7.3691027445514701e-01	   4.3514759860183305e-01	   8.3508491617293279e-01	   6.9286037521225130e-01	   5.7418585473858419e-01	   4.6169649417146652e-01	   3.5904671687120826e-01	   6.5150983849398703e-01	   4.6112801615346966e-01	   1.0136552247489165e-01	   1.5445430281131869e-01	   3.6897137081418457e-01	   3.5929667661850806e-01	   5.7160548267063904e-01	   5.6982749359381102e-01	   6.1898439184220277e-01	   3.8780757903438923e-01	
   3.6966828592005063e-01	   3.5247029303845556e-01	   1.0539795821183742e+00	   0.0000000000000000e+00	   8.8479392616944652e-01	   1.0487917640490185e+00	   1.0199662356721673e+00	   1.6487764721472178e+00	   8.4121473544297454e-01	   1.2493138164538118e+00	   5.2452784933961050e-01	   6.8223816159027983e-01	   6.1001142744766623e-01	   6.9593766273064384e-01	   2.2417572246904527e-01	   5.6969281191977517e-01	   1.9852163569506251e-01	   2.3008112907294867e-01	   2.1842763625900788e-01	   2.3824817487973710e-01	   3.2204517478566408e-01	   3.1221506796281545e-01	   2.9137500234783065e-01	   4.6323279878217066e-01	   2.6389086380902316e-01	   4.3445705017385006e-01	   4.0894924297811946e-01	   3.4919906238614612e-01	   2.0390447134594611e-01	   4.8404121636321978e-01	   2.8624053519177040e-01	   5.4012582670265108e-01	   7.1473835573096611e-01	   8.4527574221509860e-01	   5.8835092978127035e-01	   6.4595861976900204e-01	   8.0524772699424096e-02	   3.1281774220713443e-01	   3.6572663365818076e-01	   4.7327439473284932e-01	   2.3956556760208098e-01	   3.1562968080889747e-01	   5.2568817069770901e-01	   4.8943600937782505e-01	   5.9179194454379069e-01	   6.3775699666518593e-01	   6.2017017603334434e-01	   6.7188393568884452e-01	   6.7241280883771115e-01	   7.4690759305991783e-01	   6.6145305037423419e-01	   7.8240286900584999e-01	   4.4998011564607354e-01	   3.0875770179841294e-01	   6.7757058774449008e-01	   6.2339365611542075e-01	   1.5748683328146132e-01	   1.1979296926331588e-01	   5.1689456507038967e-01	   5.8479945474858164e-01	   8.7569764807699846e-01	   1.1231724376522461e+00	   4.9359696622138827e-01	   4.7679997582685119e-01	   3.9838506868427181e-01	   9.9620687267766717e-01	   7.4372369305137165e-01	   8.2625113514665727e-01	   3.0871069071293566e-01	   5.8484085719423096e-01	   4.6860889693778163e-01	   3.7670287723157270e-01	   3.1046173528910070e-01	   5.4037937640684519e-01	   1.6534577674831785e-01	   4.5608651508691567e-01	   2.1610223224193295e-01	   2.5414224484625053e-01	  -2.0235413030224393e-02	   8.4175659232997288e-02	   2.7023607720857074e-01	   3.7300409470631746e-01	   6.6846253416717183e-02	   3.9152102316804482e-01	   3.4184763492756937e-01	   7.8667501059861955e-01	   9.4519406584177526e-02	   1.6143258060138443e-01	   8.4122851306000002e-01	   7.9994285656747210e-01	   8.7410277721594731e-01	   6.1835913280248622e-01	   8.1731458532262180e-01	   6.1934262925857608e-01	   2.5085789401848990e-01	   4.3632582089755018e-01	   4.5166767005874331e-01	   4.4856315879315883e-01	   6.3443828555353809e-01	   5.5806803175700670e-01	   6.0168771788996933e-01	   6.1756553229904032e-01	   5.9917485347179811e-01	   4.0175223973815499e-01	   5.4110109652396410e-01	   4.8951583433857215e-01	   6.7639426829720461e-01	   4.4264730053596402e-01	   5.3958467952146122e-02	   6.4373527522738200e-02	   2.9364424168575642e-01	   3.2996997202566247e-01	   6.3601163606341471e-01	   5.1485104278185334e-01	   4.3416387422527319e-01	   3.7588014597974284e-01	
   4.4614977116723004e-01	   5.7421546464763007e-01	   1.1960170616685659e+00	   8.8479392616944652e-01	   0.0000000000000000e+00	   9.9484131435474399e-01	   1.2081412429113674e+00	   9.0324350786136054e-01	   1.5034865713558321e+00	   9.9021494847268821e-01	   5.9362241257459003e-01	   5.0394978436395177e-01	   7.3338613943939901e-01	   6.6473313707122350e-01	   6.8688424615330612e-01	   8.6862539733896305e-01	   1.1826353996521057e-01	   2.7755703119654812e-01	   4.0301513963701113e-01	   3.9800551482483032e-01	   6.3814281949985119e-01	   3.4414446029346157e-01	   8.3478078514632792e-01	   8.6732982288363303e-01	   8.2052554257061883e-01	   7.3736544375178159e-01	   1.1640544130300219e+00	   8.3876180433553160e-01	   1.4135536941517876e-01	   3.6402790882334896e-01	   5.5800111668806973e-01	   6.0768408583468181e-01	   7.2969508051505438e-01	   6.5358059004472446e-01	   6.7924627748235333e-01	   4.8838373186087836e-01	   3.0950945846099964e-01	   3.9926477844337460e-01	   3.9592063641504721e-01	   4.0971008529022002e-01	   4.3999484769325103e-01	   6.0907300476885495e-01	   7.0930832086924189e-01	   6.1343407031229191e-01	   5.3427904436749230e-01	   4.4018024601025196e-01	   6.4200768894773919e-01	   7.0191215564681242e-01	   6.1201600967273850e-01	   8.6677794001331476e-01	   8.3486234901087286e-01	   8.7105051525311084e-01	   7.0719612386401209e-01	   8.1901390490169979e-01	   6.7428824516953267e-01	   6.7869609043318968e-01	   1.8913066521880365e-01	   4.5013039181786280e-01	   5.7258539231518468e-01	   7.7402836512689599e-01	   9.5520332473309622e-01	   6.8997696514719609e-01	   4.8662237490305071e-01	   3.0654722277199153e-01	   8.0187722689602259e-01	   8.9835378322661330e-01	   6.5811340965120957e-01	   5.4425531264511617e-01	   5.8910354026305112e-01	   8.7350667106513114e-01	   4.7255938302597034e-01	   2.7710715976096695e-01	   4.3826367769960695e-01	   5.0782915487810176e-01	   2.9100264128307640e-01	   3.8537944017527381e-01	   3.1022379354471707e-01	   2.1350292615728877e-01	   5.4365566899021195e-02	   2.5361323174015649e-01	   3.2662335050773450e-01	   4.4229568724452423e-01	   5.0903576353498581e-01	   7.2651673136727235e-01	   7.5026205189764228e-01	   1.0489128715705487e+00	   5.7930865006413990e-01	   5.9590078044075523e-01	   1.1375050056611071e+00	   1.0979142951946501e+00	   8.2787133375263255e-01	   9.7049001863689988e-01	   5.1966785522372116e-01	   8.4942150833010743e-01	   3.5764295779069727e-01	   4.2248742707758957e-01	   5.5811232639973940e-01	   4.8902889961275908e-01	   6.4600277463871847e-01	   6.5647775282524035e-01	   4.6822096370106375e-01	   5.9612484370463226e-01	   6.4044837317051273e-01	   5.3522385355086499e-01	   3.4169827824657989e-01	   1.7225637483542633e-01	   7.3136507140851137e-01	   5.1492107883869576e-01	   1.4275350603190573e-01	   3.4121567180784074e-01	   3.4677302869209498e-01	   4.3963566606959603e-01	   6.9854663573691211e-01	   5.9576464859351597e-01	   5.6001443335413081e-01	   1.9369630281178660e-01	
   2.1419279299155436e-01	   3.0390931657680131e-01	   6.8113540604234923e-01	   1.0487917640490185e+00	   9.9484131435474399e-01	   0.0000000000000000e+00	   7.3330172129257154e-01	   1.0291590107422985e+00	   8.8122215601816523e-01	   1.0924312129983333e+00	   4.1689204999784202e-01	   5.0050283066715373e-01	   4.8836013766877295e-01	   5.0085068270736310e-01	   2.7550956829597062e-01	   6.1909113228249468e-01	  -2.8851706241068753e-02	   9.6200378653791593e-02	   9.1176777413776541e-02	   1.5303493277743485e-01	   1.3276045007487300e-01	   8.5972479262263438e-02	   3.3944666774461835e-01	   5.1192504690379947e-01	   3.2898438571898075e-01	   4.5099339281508910e-01	   6.1717179869942140e-01	   5.3720955099794632e-01	  -8.7660682278281832e-02	   1.9895085722186917e-01	   9.5345764118511339e-02	   2.6249319335913390e-01	   3.4533676957239612e-01	   4.0281218808824687e-01	   2.9135462201364598e-01	   2.4502790922159468e-01	   1.7819495344072442e-02	   1.0511300004311261e-01	   9.1853455458045644e-02	   2.0940594817152308e-01	   5.5462865994601492e-02	   1.4126994801008921e-01	   4.0605156550685628e-01	   3.5071291690081341e-01	   3.4802296622366374e-01	   3.1279081744657744e-01	   4.0493239093644512e-01	   4.1460945750416789e-01	   4.0144798423184458e-01	   6.9399539375363162e-01	   5.6355373982887635e-01	   7.0213917381724766e-01	   4.0550891917490756e-01	   3.4877100009856626e-01	   3.8553186377135679e-01	   3.7369570552896814e-01	   5.7096466872208753e-03	   1.9406010906877616e-01	   3.5769742237066426e-01	   7.1399312988677033e-01	   6.7138355852297316e-01	   8.5371747372327389e-01	   1.2533106813621442e-01	   1.6499731162119491e-01	   3.5873485265110572e-01	   9.4836836215244857e-01	   4.2735494120131073e-01	   4.8230067227457529e-01	   2.9529819247509620e-01	   5.2025207039211696e-01	   2.4296732749803801e-01	   2.1769186663737242e-01	   1.6492282117833110e-01	   3.2485260301942198e-01	   5.7408703080418511e-02	   1.9765881624124798e-01	   4.5328555757205388e-02	   9.1717581916346144e-02	  -1.7422685899117141e-01	   3.2531449792705695e-03	   7.7373029335354795e-02	   1.2358382188420834e-01	   7.7629218446729195e-02	   3.5395999477605156e-01	   3.7885445492219078e-01	   6.7097653900771081e-01	   1.6392967191744096e-01	   2.4989596677261078e-01	   7.8774241505896636e-01	   7.8727988449025110e-01	   7.4973971598520239e-01	   5.3929451550187946e-01	   6.1382574410363233e-01	   4.9896838139231969e-01	   2.4388322668332135e-01	   3.0057017152789439e-01	   3.3078958163831212e-01	   2.8536051213436026e-01	   4.4740565685274536e-01	   3.0739047899110988e-01	   4.4405684287762737e-01	   2.9970097777935700e-01	   4.1601524650795346e-01	   3.0415465902053668e-01	   2.7448415519664854e-01	   1.8238094078827005e-01	   7.7144323140298698e-01	   5.4181609717731227e-01	   1.3549464738019565e-01	   1.4802815003632747e-01	   1.7223285063272736e-01	   2.3355869409717253e-01	   5.3801154717156163e-01	   3.0854557721128301e-01	   2.5419427555466761e-01	   3.9365140333329107e-02	
   4.5840343948852330e-01	   5.3404670612906047e-01	   1.7080233882900409e+00	   1.0199662356721673e+00	   1.2081412429113674e+00	   7.3330172129257154e-01	   0.0000000000000000e+00	   1.1867584000230018e+00	   1.2297758787092554e+00	   8.4428112705366776e-01	   8.8361702839414769e-01	   8.1456650488031412e-01	   1.0144403742056451e+00	   9.2491960934295014e-01	   7.7761852568929801e-01	   9.6638932188677662e-01	   1.1792636139766735e-01	   2.3539043414268876e-01	   4.7280906287165680e-01	   3.9553982774587010e-01	   6.3862648342841732e-01	   3.8070176406798673e-01	   8.2608070535815781e-01	   8.4977581051411877e-01	   6.0236569419798125e-01	   5.8444817587279330e-01	   7.6034934422011169e-01	   6.2227883298244480e-01	   3.7665751084048182e-01	   5.9106348333560566e-01	   7.4054873659840292e-01	   9.0552681254801159e-01	   9.2434030125834843e-01	   8.2000260813357062e-01	   7.7389781001094160e-01	   6.6780575114431440e-01	   2.8532168025946220e-01	   4.8407562551224759e-01	   5.2623780209825555e-01	   5.3384617341424179e-01	   3.8202618807198452e-01	   6.1918794278609535e-01	   6.4508345608380546e-01	   5.6883732197660009e-01	   5.6353328103894840e-01	   5.1662089257084121e-01	   6.2618092217492427e-01	   6.6466820980066765e-01	   6.3133570035632391e-01	   7.3504058555235063e-01	   8.2378031420088293e-01	   7.9676308349377967e-01	   5.9713486697004059e-01	   5.1091231035354889e-01	   7.4564825975362758e-01	   7.1845440441854103e-01	   1.2618911361344909e-01	   3.8289105354179326e-01	   6.4080073259777126e-01	   7.0678856618490493e-01	   1.3607472958637576e+00	   9.4466516717144700e-01	   6.9139403827427925e-01	   3.2145753089258849e-01	   9.3282131673559232e-01	   9.5367454018980757e-01	   8.6411697750807126e-01	   7.5732379258055127e-01	   5.3393601704992744e-01	   8.8183672932945933e-01	   7.4646051102302624e-01	   4.0629792445733032e-01	   6.1408379937487323e-01	   7.2500315925528303e-01	   4.4547894852572084e-01	   7.1105418870331405e-01	   4.3680670360551699e-01	   3.3943117337715689e-01	   1.2687780135482096e-01	   2.0302941225623161e-01	   4.8152103046576711e-01	   6.2529127987724076e-01	   5.0175067067504475e-01	   8.4592625235093588e-01	   8.9906985285070296e-01	   1.1944377954643548e+00	   5.5789571020454354e-01	   5.8218083830459499e-01	   1.1919408862721432e+00	   1.0261896315571597e+00	   6.8766664062190397e-01	   9.6076292619617243e-01	   4.1120595827083051e-01	   8.3865504935106172e-01	   2.5353032780540458e-01	   4.2656448057533120e-01	   4.9010707779981200e-01	   4.4500478014418104e-01	   5.5478683636294934e-01	   6.7036700639009883e-01	   4.4398726157538149e-01	   8.0231657851179328e-01	   5.8203339525178688e-01	   4.8061933825428294e-01	   4.0780276307518293e-01	   2.7389381874499552e-01	   6.2335682417905758e-01	   3.7911206812023074e-01	   4.6421056859867540e-03	   1.5117483584958086e-01	   2.5603920638856148e-01	   2.7304081358431376e-01	   5.8597465451612296e-01	   4.9745053710759707e-01	   5.6384363519349623e-01	   3.4808595859407293e-01	
   2.4482123083903698e-01	   2.8344763207120655e-01	   9.7698034126153621e-01	   1.6487764721472178e+00	   9.0324350786136054e-01	   1.0291590107422985e+00	   1.1867584000230018e+00	   0.0000000000000000e+00	   9.0882607773445567e-01	   1.4375879346204625e+00	   6.5357267187814150e-01	   8.6629928914674470e-01	   7.2674276103055058e-01	   9.0623345750111217e-01	   3.5907820442638683e-01	   6.9358970279005883e-01	   6.8551027341846843e-02	   1.3720093332424113e-01	   1.7649664271094520e-01	   1.8365901333674800e-01	   2.4188002286647445e-01	   1.6553681621208993e-01	   3.6361459435734272e-01	   5.3508543291175859e-01	   2.2008738455620547e-01	   3.3059459586485285e-01	   4.1704166068294135e-01	   3.3912240439982011e-01	   2.0581061481396082e-01	   5.3059785863341213e-01	   3.0888239805570272e-01	   5.6764994615637909e-01	   5.8507062789668773e-01	   6.6105987525411991e-01	   4.3896179124714296e-01	   4.4394291504009620e-01	  -2.0125856546277320e-02	   2.2272421328847949e-01	   2.1087431495275105e-01	   2.9961225718909146e-01	   1.4387404536429618e-01	   2.7373150551539616e-01	   4.3379365069563491e-01	   3.8672296817084417e-01	   4.6191852614349904e-01	   4.5653872865883161e-01	   5.1213994869276125e-01	   5.3850245840606770e-01	   5.0870767742821243e-01	   6.9569570680947201e-01	   6.7537972926803114e-01	   7.1956748141771165e-01	   4.7493788932319075e-01	   3.5385374221674087e-01	   5.1685915091404633e-01	   4.9873079972726764e-01	  -2.4393408960003301e-02	   8.9028760237410881e-02	   3.7725647465633660e-01	   5.8410081376278922e-01	   9.1444334154172535e-01	   1.3023435430948900e+00	   5.0733124378164929e-01	   3.9868349660182428e-01	   4.7357471260091044e-01	   1.0821391803388922e+00	   5.9534301501048037e-01	   6.5922480312704923e-01	   1.8650582446779429e-01	   5.1503800497125840e-01	   5.3829735399798673e-01	   3.2699189352563568e-01	   3.8003031821016503e-01	   5.7948977450735084e-01	   2.2655134041301525e-01	   5.3435369298319302e-01	   2.0363509280532474e-01	   2.0601264281512302e-01	  -2.5758896006900293e-02	   9.1993937469692033e-02	   2.7335229288411533e-01	   4.0454043821955704e-01	   1.1138891708728189e-01	   5.1599270436812827e-01	   4.5102702453480847e-01	   8.6086545054453467e-01	   1.2438201091448348e-01	   2.7299305514456657e-01	   8.1395932498638368e-01	   7.6437100928536572e-01	   8.4052710160635591e-01	   5.8817422276398745e-01	   7.6145792117848798e-01	   5.4525268867341603e-01	   1.9008355780269004e-01	   3.5196966520523215e-01	   3.2335611082581811e-01	   3.2862487640185817e-01	   5.0645418307748846e-01	   4.6047517282819850e-01	   5.1661643250534450e-01	   5.5152263623443365e-01	   3.9796811340934329e-01	   2.6346975557853436e-01	   3.5044112532545363e-01	   2.6445686894864262e-01	   5.6650886017604896e-01	   3.3117712714582936e-01	   3.5448911668111552e-02	   1.3386803492641267e-01	   1.2193884380233173e-01	   2.0466139359756699e-01	   5.8030337635674056e-01	   4.0229385074596063e-01	   4.2624649997454989e-01	   3.0709908550316889e-01	
   3.8162318539650408e-01	   5.5142387481332111e-01	   1.1013078132820355e+00	   8.4121473544297454e-01	   1.5034865713558321e+00	   8.8122215601816523e-01	   1.2297758787092554e+00	   9.0882607773445567e-01	   0.0000000000000000e+00	   9.1783137014802152e-01	   7.9835357804792695e-01	   6.8827347667574945e-01	   9.7706870902780574e-01	   8.5378087602412944e-01	   8.7144808627636994e-01	   9.9778013127463927e-01	   6.7764826907257200e-02	   2.4697872871297555e-01	   4.2674870029211898e-01	   4.2185667990532688e-01	   4.9181555998211268e-01	   2.2422527626091843e-01	   8.9379052950115301e-01	   9.0986532448893487e-01	   6.4021483304886873e-01	   5.6688283118653549e-01	   1.0705340763870304e+00	   7.5565572409289328e-01	   2.2528661376687792e-01	   4.6866524770817980e-01	   5.7791129782093564e-01	   6.2990056304780184e-01	   7.0152303619297618e-01	   6.2714934544506606e-01	   5.1879650593576487e-01	   3.7896212197996898e-01	   3.2367799429641697e-01	   4.0952808241465211e-01	   3.4931525044969264e-01	   3.8607180511698319e-01	   4.0041656811434523e-01	   5.4715851700306839e-01	   5.4906228177984073e-01	   4.5903962903939022e-01	   4.1880603043909659e-01	   3.2332696234602271e-01	   5.7164427527872685e-01	   6.0543029081605781e-01	   5.2786281975652671e-01	   7.9277349240033290e-01	   7.9067094090136969e-01	   8.0137505637502682e-01	   7.0418937284764660e-01	   7.6435140106410082e-01	   6.6955799453497944e-01	   6.5192435827323403e-01	   4.9883419162678209e-02	   4.0603900084893035e-01	   4.9032248853935412e-01	   7.6901607720198517e-01	   1.0228931196838384e+00	   7.8645197345863282e-01	   5.9389982584950296e-01	   3.8647465076293069e-01	   7.1295920428173210e-01	   8.3376851942260255e-01	   4.9757562188074356e-01	   4.1884098101582717e-01	   5.2313604602030028e-01	   7.4402004247279774e-01	   4.3790990415381181e-01	   2.0611539440450041e-01	   3.9190545478176225e-01	   4.7386476943556444e-01	   2.2906328290879979e-01	   4.0168505614426653e-01	   3.0865433333249215e-01	   2.6392643226176454e-01	   2.6556064781137818e-02	   1.6535789541575655e-01	   3.8579804123867983e-01	   5.0876052797357607e-01	   5.6132059748556629e-01	   8.4319563123582353e-01	   8.2973584013168089e-01	   1.0556457404598873e+00	   6.0829487953951356e-01	   6.4080684349775041e-01	   1.1922507352831733e+00	   1.1010691294176380e+00	   7.7945132137700324e-01	   9.9003996258319671e-01	   5.1907813193842212e-01	   8.7182372340925363e-01	   2.2908326063511716e-01	   3.3816113105951368e-01	   4.2980343834919682e-01	   3.9342532728822688e-01	   5.9206734494811408e-01	   6.1697785818725870e-01	   4.6236586201862273e-01	   5.6761455215597068e-01	   5.6226101457909516e-01	   4.4124971606186103e-01	   2.7179636877724594e-01	   1.6200452237017501e-01	   6.8654678490899035e-01	   4.9596477488671908e-01	   4.8931521354316207e-02	   2.2198134307016731e-01	   2.6289172865885069e-01	   3.9221372105476482e-01	   6.7400692059686163e-01	   5.7036887374625822e-01	   5.2852748916744596e-01	   2.2427548193988645e-01	
   1.4677864774982805e-01	   2.5290079012513522e-01	   7.3867948087940238e-01	   1.2493138164538118e+00	   9.9021494847268821e-01	   1.0924312129983333e+00	   8.4428112705366776e-01	   1.4375879346204625e+00	   9.1783137014802152e-01	   0.0000000000000000e+00	   5.1385598342483885e-01	   6.6474293970489928e-01	   6.0386061080959907e-01	   7.2205160813220004e-01	   2.6874019273045380e-01	   5.7738798603743113e-01	   6.8841009492774247e-02	   1.4998746399718529e-01	   5.0611214062081182e-02	   9.6250019068174722e-02	   2.2786617119376662e-01	   1.0800790755295143e-01	   3.0487142117469951e-01	   4.7575138872292738e-01	   2.1613343087923409e-01	   3.1660227939786334e-01	   4.7750932186147538e-01	   3.5114761760756141e-01	   6.7876622516732460e-02	   3.7654748806978655e-01	   1.9036176612071068e-01	   3.9157599036251545e-01	   4.2896947733299706e-01	   5.0919352201624424e-01	   3.0726673197754256e-01	   3.1230322634583962e-01	   5.4551550638579444e-02	   2.6069755436907954e-01	   2.0192521093289800e-01	   2.8808239153379833e-01	   2.2856132561864040e-01	   2.6020794774788392e-01	   4.3540381458411043e-01	   3.9066872930439023e-01	   4.4369878532234641e-01	   3.9452290121784639e-01	   5.2527880631623514e-01	   5.8681026288997884e-01	   4.9722803304199986e-01	   7.5036464795598212e-01	   6.5804009362177296e-01	   7.2581513740193937e-01	   5.3126933540718946e-01	   4.6829761642539774e-01	   5.4699935616169637e-01	   4.9050144689495878e-01	  -6.3764192391987662e-02	   7.9516993596886854e-02	   2.8748545467336689e-01	   6.4535761120755464e-01	   7.5918181922787009e-01	   1.1365575442606140e+00	   3.4885162420788435e-01	   3.5840833450458437e-01	   3.5618381873386262e-01	   9.5643768691055997e-01	   4.3842871335451650e-01	   5.1227538360864489e-01	   1.2825732368630038e-01	   3.8594774376743318e-01	   3.5659118538033607e-01	   2.0223791308073472e-01	   2.1069493019217103e-01	   3.9065409594332284e-01	   9.3535730649493609e-02	   3.1818039953409677e-01	   9.0725519267624621e-02	   1.3321876576561956e-01	  -5.3282312748444742e-02	   1.1876087130727798e-01	   1.6101656524324096e-01	   2.4651298397795146e-01	   6.4406044405155460e-02	   3.8504002719290997e-01	   3.1415128100522338e-01	   6.5008056912974455e-01	   6.3157404718419199e-02	   1.6803729833128156e-01	   7.6918909047302386e-01	   7.3285214715283808e-01	   8.1824857079334568e-01	   4.8758867844901699e-01	   7.2177382265369605e-01	   4.5123228672857268e-01	   3.4831759285369657e-01	   4.8041963926803832e-01	   4.2158878680560780e-01	   4.2516454992273334e-01	   5.5979026950876798e-01	   4.1626270717435371e-01	   4.7827094864992792e-01	   4.2168065459022613e-01	   3.7046548497653936e-01	   2.2558525620031897e-01	   3.6923847647338848e-01	   2.8524177779939541e-01	   6.2245535409923980e-01	   4.0814173593995362e-01	   1.6358517740215248e-01	   2.8814739238851322e-01	   1.9478087590687565e-01	   2.9204914496508294e-01	   6.1156608255479394e-01	   4.9209829290188567e-01	   4.7302124262776435e-01	   3.3799638852650410e-01	
   6.1013211818479796e-01	   5.9261000306534795e-01	   6.6592917513799621e-01	   5.2452784933961050e-01	   5.9362241257459003e-01	   4.1689204999784202e-01	   8.8361702839414769e-01	   6.5357267187814150e-01	   7.9835357804792695e-01	   5.1385598342483885e-01	   0.0000000000000000e+00	   1.2127717662601316e+00	   1.7545459446355707e+00	   1.0674057023783541e+00	   9.4262868494591712e-01	   9.4801247282875190e-01	   3.0291971654279720e-01	   4.1951270363383042e-01	   6.4935768461304166e-01	   5.0297017948186962e-01	   2.8513238395714574e-01	   2.5597266643963966e-02	   5.7483856665114652e-01	   5.0407833360264342e-01	   2.4888328701062662e-01	   1.6584041824200652e-01	   4.9569850283551892e-01	   3.6738936438633590e-01	   7.2610228601237936e-01	   8.5705580787438795e-01	   5.3146222352830175e-01	   6.2232487771837219e-01	   6.2278869132384518e-01	   5.6245656300188962e-01	   3.4556323139795053e-01	   3.1496059493151096e-01	   3.9246644639492900e-01	   4.8160844165484118e-01	   4.5870794280613292e-01	   4.8346273855615224e-01	   3.9243105551100377e-01	   4.8437148448570055e-01	   4.1587185530546911e-01	   3.3811577614648769e-01	   3.1657577682591559e-01	   2.3364006233233822e-01	   4.4163656775740456e-01	   3.9688627158587186e-01	   4.0603358613388102e-01	   6.1009900456648447e-01	   7.3779668858022474e-01	   4.9070820044043745e-01	   7.4988908052201719e-01	   4.6913859449738454e-01	   6.6197055311687059e-01	   6.2328297994891901e-01	   1.9871095517643006e-01	   5.5993058408488960e-01	   5.3290618564248904e-01	   8.2395734872545523e-01	   1.2493981766347644e+00	   7.9554707423580029e-01	   7.5640823632036291e-01	   3.3576181570793912e-01	   4.8521842302305784e-01	   4.8848845901417137e-01	   3.1393792876675564e-01	   3.0117517860660115e-01	   4.5793182363846030e-01	   5.1229785593454069e-01	   6.0813057161310347e-01	   3.6128583899081090e-01	   6.1666311500855331e-01	   6.1562354847499312e-01	   3.3285221599175624e-01	   5.5884172738104432e-01	   6.3547524678492506e-01	   4.7759920761002272e-01	   3.3727394716883369e-01	   2.7846857730193975e-01	   7.4248317319279333e-01	   7.1187786338217873e-01	   6.2435345263406283e-01	   8.0951265269923411e-01	   8.4476481815322102e-01	   7.3605224815526771e-01	   4.9081460922786757e-01	   4.6964414932496817e-01	   9.2620029970347928e-01	   8.7953373059932960e-01	   4.9564206031533053e-01	   5.6068375352604094e-01	   2.4937634363328254e-01	   4.7391829487825982e-01	   1.7839137747519468e-02	   2.4321813554198496e-01	   3.6078095827805107e-01	   3.3698470486923776e-01	   5.1818961490940341e-01	   5.0251299677621897e-01	   4.7739879681358605e-01	   6.0208739755393070e-01	   5.0252076644614574e-01	   4.2571717842886636e-01	   2.5500479513317126e-01	   1.2396038027538064e-01	   3.9883321503290214e-01	   2.8509496292728603e-01	  -1.6629731427239790e-02	   4.0098498121277373e-02	   1.5690281151810476e-01	   2.2640540842667439e-01	   6.0174234085797484e-01	   3.6523350484357459e-01	   4.5673696279984921e-01	   2.9821230313499569e-01	
   3.6584705565432341e-01	   5.0026302702269043e-01	   5.8282745459502505e-01	   6.8223816159027983e-01	   5.0394978436395177e-01	   5.0050283066715373e-01	   8.1456650488031412e-01	   8.6629928914674470e-01	   6.8827347667574945e-01	   6.6474293970489928e-01	   1.2127717662601316e+00	   0.0000000000000000e+00	   1.1999944169846375e+00	   1.4834418263625211e+00	   6.0048377629338301e-01	   8.8822951902713365e-01	   1.3814754760457088e-01	   3.3262167476666243e-01	   4.0133328661871265e-01	   4.3192716693647681e-01	   9.9533200226257584e-02	  -1.8147600247763501e-02	   3.8960472901483773e-01	   4.6743406368471596e-01	   8.0994051572826450e-02	   7.8736894215147429e-02	   3.2508849497968634e-01	   2.0754282726137260e-01	   4.6676349345013524e-01	   9.0016953644825282e-01	   3.3600207172241436e-01	   5.6526539800640840e-01	   5.6329136853951056e-01	   6.2302766750915239e-01	   2.7798481278614851e-01	   3.0937216335526480e-01	   1.8754235374887809e-01	   3.5916397245532228e-01	   2.5524257747054185e-01	   4.0567535552102452e-01	   3.0248107588839485e-01	   3.9252151290699999e-01	   3.7620731140819930e-01	   3.1726441903207192e-01	   3.9102787445860332e-01	   3.3415913074144921e-01	   5.4833859512769423e-01	   4.4853179132377935e-01	   4.8906380809973993e-01	   6.7413741233811053e-01	   8.2302105293315519e-01	   5.6350159644553688e-01	   6.5732154841223744e-01	   3.5649041212602489e-01	   6.3188588484574415e-01	   5.9971824640590921e-01	  -1.5761897144874804e-02	   3.2616931961984436e-01	   3.6301986493093613e-01	   6.7419163068947807e-01	   9.9333376236243842e-01	   1.0427841023000120e+00	   6.9311591273466877e-01	   5.4959364792806786e-01	   3.8316556225397902e-01	   6.0932850445519315e-01	   3.4411751623595299e-01	   3.9287871984821854e-01	   2.3085085714344908e-01	   4.0487728898539133e-01	   6.2202621572824535e-01	   4.7092665698911618e-01	   5.3253958705924787e-01	   7.1629404095089078e-01	   3.3227034991664300e-01	   7.1985864213039252e-01	   4.7078043019724736e-01	   4.8334333962479281e-01	   1.6521112888891895e-01	   2.0898237306723100e-01	   5.7944477473905065e-01	   6.8839197285848308e-01	   3.4391329735505005e-01	   7.8436564072169235e-01	   6.7454019410710819e-01	   7.8292828151556726e-01	   2.4447786545126038e-01	   4.2813168562444093e-01	   7.9343157795364494e-01	   7.2414098180559594e-01	   6.7801038938127778e-01	   4.3479192198756755e-01	   4.9404088586500716e-01	   3.5467818568369186e-01	   5.0010617160716274e-02	   3.2653081042093229e-01	   3.4661872725548748e-01	   3.8226665881306710e-01	   5.9345950200416198e-01	   4.2438627670676426e-01	   5.9786461041652728e-01	   4.4095453884071156e-01	   4.4282506802955940e-01	   2.0437981874245187e-01	   3.0203531186842353e-01	   1.3062081828535566e-01	   4.1175290420001887e-01	   2.3677808529577038e-01	  -3.5676420299031057e-02	   6.5981925283570109e-02	   1.0789115067031464e-01	   2.1204150933076277e-01	   6.7217029190330535e-01	   4.2629797155497223e-01	   5.7913670370306902e-01	   2.8384479521387695e-01	
   5.2957310823810888e-01	   5.8268530634605875e-01	   7.7287112500358368e-01	   6.1001142744766623e-01	   7.3338613943939901e-01	   4.8836013766877295e-01	   1.0144403742056451e+00	   7.2674276103055058e-01	   9.7706870902780574e-01	   6.0386061080959907e-01	   1.7545459446355707e+00	   1.1999944169846375e+00	   0.0000000000000000e+00	   1.1576902380042071e+00	   1.0624055518660354e+00	   1.1258808870179486e+00	   2.4014116472162780e-01	   3.3390609304971397e-01	   5.5177259110932675e-01	   4.2821785659239003e-01	   3.8821517653689919e-01	   1.6193593458528385e-01	   7.1810691641903546e-01	   6.7621433356665961e-01	   3.8964140459868479e-01	   3.0713864554391285e-01	   6.2597956102726093e-01	   5.1436945108433196e-01	   6.0260465097293237e-01	   7.4498602693997962e-01	   5.9910231581732054e-01	   6.8582368123027315e-01	   6.7845927782433302e-01	   5.8675538441003927e-01	   4.3317606475655596e-01	   3.8844366879879505e-01	   4.8737619721944703e-01	   5.7935741484252079e-01	   5.1962343979168701e-01	   5.3396966546928615e-01	   4.9569926659077390e-01	   6.0698714318543501e-01	   4.5644634748996826e-01	   3.8344830358360571e-01	   3.5932560324528023e-01	   2.7677577036911005e-01	   4.8787608500970792e-01	   4.7881218256421693e-01	   4.7704107467681117e-01	   7.0522889324824012e-01	   8.5306674208181010e-01	   6.5210992628959596e-01	   7.9029079727196905e-01	   5.3310645597996076e-01	   7.5731606792140582e-01	   6.9881608459313160e-01	   1.2758044161274251e-01	   5.1503560817110994e-01	   5.5200547238852726e-01	   8.5397046446384928e-01	   1.2690202739676515e+00	   8.0618049773875911e-01	   7.4577299700621569e-01	   3.4099827138671357e-01	   6.0877147676716759e-01	   6.2896685048154422e-01	   4.0067495749544529e-01	   3.7466031290050633e-01	   4.6453463220219732e-01	   5.6195264738067774e-01	   6.6597186371583206e-01	   4.0720522142655102e-01	   6.1719716496806387e-01	   6.2677519022993566e-01	   3.6377653469777499e-01	   5.8477991241278282e-01	   5.7839259225639117e-01	   4.6661132537586897e-01	   2.4645294977224164e-01	   2.4840656114910167e-01	   7.0534451420531386e-01	   7.4547922786595544e-01	   6.6951586094947524e-01	   9.4803843373482388e-01	   1.0276123852875971e+00	   9.1867528930174580e-01	   5.9087509872252320e-01	   5.8452135436010011e-01	   1.1100097678101633e+00	   9.7274661002564233e-01	   5.5925012984616740e-01	   6.5697139416946015e-01	   3.4266279354400020e-01	   5.9201490606608775e-01	   1.2047807257426579e-01	   3.3883516555803050e-01	   4.0817081008405126e-01	   3.7702876557678389e-01	   5.5013475736852246e-01	   5.4574912888394111e-01	   4.8116482676423489e-01	   6.1862227246786639e-01	   5.4240024488517125e-01	   4.0279277286784809e-01	   3.0923688184047510e-01	   1.6365021939494773e-01	   4.2975218994463776e-01	   3.1963126555228405e-01	   5.4227906588470563e-02	   9.8761803899037992e-02	   1.8037929939502007e-01	   2.3855563135014962e-01	   6.3178629796301489e-01	   4.8345207827263842e-01	   5.7473805335770922e-01	   3.6526056909101956e-01	
