   0.0000000000000000e+00	   9.7941934192480962e-01	   8.3772617787498671e-01	   7.5010395033649291e-01	   7.2192362271470101e-01	   7.5076494719057307e-01	   7.9839764443091987e-01	   9.9951953377638836e-01	   7.7157043627158184e-01	   7.9073844151068640e-01	   8.9840058464554740e-01	   8.1190958725033990e-01	   7.1806451560090445e-01	   6.8035470603197601e-01	   6.0140130930904445e-01	   3.9110524767834426e-01	   1.2265371948498309e+00	   9.3613691976189917e-01	   1.1150754260095523e+00	   8.8720851105861986e-01	   4.3835841069710968e-01	   2.4888566290591244e-01	   4.6572288047741955e-01	   4.9147019907059070e-01	   3.2237991775296609e-01	   3.4060996578855929e-01	   3.6157555512568312e-01	   2.1396642823971940e-01	   1.0509954469470011e+00	   1.0224766131632770e+00	   5.4286864733501505e-01	   4.1283674665264203e-01	   8.5990434826676987e-01	   8.0467364748519210e-01	   3.3617997175276026e-01	   4.3803303455832648e-01	   4.5107867126183232e-01	   5.2494771247737226e-01	   4.0003545422307629e-01	   5.6181028432185443e-01	   4.0070751589323400e-01	   7.9668922416659638e-01	   6.7609249907442948e-01	   7.3687724486755635e-01	   5.2320477111799712e-01	   5.8557110805124801e-01	   7.6979699545823255e-01	   8.3056562241123855e-01	   5.6583668526143793e-01	   5.5599518478272159e-01	   6.2601361897631702e-01	   5.8850153420983586e-01	   7.7078393658267330e-01	   7.2445386968963721e-01	   7.7042700977053724e-01	   8.4570741627878365e-01	   1.5171122189299768e+00	   8.8339980816251640e-01	   1.0338986242786770e+00	   9.1298057987209380e-01	   9.8240680880673192e-01	   7.1067615697141118e-01	   1.2074379086486253e+00	   9.1908022048095661e-01	   2.8167837901923137e-01	   2.7525155396184831e-01	   7.1356568294118217e-01	   6.7136263214372682e-01	   8.6197567954093623e-01	   5.8227234379618631e-01	   7.3017152631746163e-01	   6.8093875619495159e-01	   1.0652682119308214e+00	   1.0267495181043809e+00	   1.0349470598014572e+00	   9.1578618825119273e-01	   9.9876210239027630e-01	   8.8745889647865794e-01	   8.4373465782458434e-01	   7.0721699108540903e-01	   9.0357414811982417e-01	   7.2104043993224554e-01	   4.4825640723542770e-01	   6.0066285346094084e-01	   9.0190087941507624e-01	   9.3814912774665271e-01	   3.2512106302302590e-01	   1.8024786891004474e-01	   7.4542077553197872e-01	   9.6033912694658352e-01	   5.5423212491691698e-01	   5.2158645043012486e-01	   6.3598943112826778e-01	   7.1670009396897527e-01	   2.8144333543607203e-01	   1.3446146227743105e-01	   6.4044673931055174e-01	   6.4663430821356338e-01	   1.0017248838470740e+00	   1.1631395349087330e+00	   9.0172583825335617e-01	   9.4007622406309199e-01	   6.0947348326338247e-01	   8.4886035429426032e-01	   2.8223886238625207e-01	   2.1394294884477139e-01	  -2.8552664556235105e-02	   2.6994891823391648e-01	   6.6482419885423791e-02	   2.8164138784854575e-01	   5.9927405769119169e-01	   8.1955005336117215e-01	   5.9468914843086640e-01	   5.4623358674791667e-01	   3.0605438748373770e-01	   2.9096750555047057e-01	
   9.7941934192480962e-01	   0.0000000000000000e+00	   6.7453753344490552e-01	   6.0039915588988513e-01	   7.0928892792272868e-01	   6.9970208279162749e-01	   6.7406776576871386e-01	   9.4445369010776048e-01	   7.6992128430377127e-01	   7.2733208763592783e-01	   7.1251463934752279e-01	   8.0192034388696909e-01	   6.6541315498322529e-01	   6.5593145146310272e-01	   5.4301035742309467e-01	   4.2338651700530922e-01	   1.1806112049854571e+00	   1.1984699112311785e+00	   9.8943476370357775e-01	   1.0786076699635252e+00	   4.1048872821539056e-01	   4.0878116616482751e-01	   4.0505990041823142e-01	   4.7813686692262913e-01	   2.7211020393466367e-01	   3.2380879196958168e-01	   3.7424752232552316e-01	   2.4740033915626414e-01	   1.0443137324841818e+00	   1.2197753398657478e+00	   5.8656612850431866e-01	   4.8294513385928955e-01	   8.4559514065318619e-01	   9.0552536504032310e-01	   3.0157734902996802e-01	   4.0222996047774207e-01	   3.5896891283523602e-01	   4.1777973116082751e-01	   3.1982164241609479e-01	   4.4378554860218616e-01	   3.6116368508905805e-01	   7.2468993680235494e-01	   5.5054761315667011e-01	   5.8557286584140655e-01	   4.9735970068689916e-01	   4.8995811025387281e-01	   7.6680508597524355e-01	   7.0814806349426829e-01	   6.4890278256794587e-01	   5.5434044036332564e-01	   7.5927773678435451e-01	   7.0098944691767129e-01	   8.2461491630806305e-01	   7.0188518785491782e-01	   7.8901365750480479e-01	   7.0339574705575691e-01	   1.0916902207580081e+00	   1.4513904912303708e+00	   7.0201255517984218e-01	   7.2378106769194106e-01	   7.0698763633531259e-01	   6.1900428829255638e-01	   1.0411711194531812e+00	   8.9109259660072615e-01	   1.8113467164635041e-01	   1.7479646225617029e-01	   5.4760182684880387e-01	   5.5424808823612037e-01	   6.1254954363713843e-01	   5.8510268323808434e-01	   8.2378509022737645e-01	   7.5171284077006018e-01	   1.0021337515994004e+00	   1.1716680679594875e+00	   1.0478218389456284e+00	   1.0679182766909532e+00	   8.3697585577251665e-01	   8.2806349181132965e-01	   9.3369912665228505e-01	   8.9797900622271776e-01	   9.1586571385206006e-01	   7.1285615739567709e-01	   4.6272241022850924e-01	   6.3338728041942083e-01	   7.6229518541073138e-01	   9.4735457157898506e-01	   3.3698967200425156e-01	   2.1737915306087188e-01	   6.3442591151674466e-01	   8.0449873792446303e-01	   4.4771158853561377e-01	   3.3275629542023316e-01	   5.4038465004199665e-01	   5.0607047582457587e-01	   2.4109205862858316e-01	   2.4259956546049694e-01	   7.2026529474751178e-01	   5.1262221621960546e-01	   1.0972446991668967e+00	   8.1762477629364039e-01	   8.5653867146102480e-01	   8.3565700915892793e-01	   6.4063990893552780e-01	   7.1728753778947241e-01	   2.8641065326516907e-01	   2.7137027717588241e-01	   1.4158717764015278e-02	   2.1127935818121421e-01	   7.8369421066616513e-02	   3.1582933455734219e-01	   5.3201974914309513e-01	   9.5251487613728902e-01	   6.0848433135399826e-01	   5.2832839218217187e-01	   2.0987204882380853e-01	   2.9860602066828457e-01	
   8.3772617787498671e-01	   6.7453753344490552e-01	   0.0000000000000000e+00	   1.3402370057519084e+00	   8.9097648510803951e-01	   9.0626659558335165e-01	   1.7510573578587536e+00	   1.1609451031373650e+00	   7.0749475767980585e-01	   8.3602967297532360e-01	   9.2357464846596204e-01	   1.0427175917241704e+00	   1.2189568879479884e+00	   9.3689919674448241e-01	   1.0170527818329254e+00	   7.9257300717082280e-01	   8.0559073369553169e-01	   7.8421983106939397e-01	   9.1024496858055226e-01	   6.7299434493233301e-01	   5.9684456596577318e-01	   3.8620058176945349e-01	   1.1348810592919316e+00	   1.1180491089479023e+00	   7.3280807032792727e-01	   7.6128434842371306e-01	   7.5753052205194005e-01	   6.1623949498453678e-01	   9.4510385224916760e-01	   8.9550196478018895e-01	   7.8373268487090642e-01	   6.8142149288337284e-01	   1.1552455563575055e+00	   1.1370708765702993e+00	   8.5400465205673592e-01	   1.0158700418740167e+00	   5.1296606568922587e-01	   6.3403556621715651e-01	   4.1924068380145829e-01	   5.7356560638888587e-01	   4.7022553125867728e-01	   8.1314359518092805e-01	   1.1002792182459069e+00	   8.7096365389505204e-01	   7.3841141664370802e-01	   6.2526607433628567e-01	   1.1557226062032533e+00	   1.1626015729519443e+00	   7.7954476277789364e-01	   5.6588553960682453e-01	   6.8041609765075939e-01	   5.9011923559714996e-01	   9.7788781821857307e-01	   9.2341565894276090e-01	   7.6476764212515658e-01	   8.9176960661240412e-01	   7.8506111138537571e-01	   6.8661879818062754e-01	   7.7359139871133431e-01	   6.5292048839003891e-01	   1.2234839681244503e+00	   7.4635518997929962e-01	   8.6124167711794408e-01	   6.7921578180948816e-01	   7.4927121999344104e-01	   6.9872958630275339e-01	   1.3541947339330145e+00	   1.2601841640883844e+00	   7.5845188862359791e-01	   7.1032610929349604e-01	   8.3868060545855028e-01	   6.2869263556408495e-01	   8.6814628768454982e-01	   7.7319659612966285e-01	   8.7188398889691310e-01	   7.4953599072771027e-01	   9.7981350880022100e-01	   9.2595212842834540e-01	   7.2654075633658144e-01	   6.7456321364021987e-01	   1.0422152461421639e+00	   1.0295248889944366e+00	   7.8880638638756895e-01	   9.3284133300219030e-01	   1.2021790578923699e+00	   1.2359917252184056e+00	   5.0622742771828078e-01	   3.5951492477077668e-01	   7.0797408605821666e-01	   9.7527702663152249e-01	   9.9553171164392584e-01	   9.9044678053279911e-01	   1.0030845862690130e+00	   1.1315839936853429e+00	   3.0116461786188498e-01	   1.0437591712096078e-01	   5.8993448487221001e-01	   3.8144808975138733e-01	   8.9921206357095129e-01	   9.5620099714449724e-01	   9.0471683781595980e-01	   7.1075585439211886e-01	   7.5532476688091066e-01	   7.3213466909915392e-01	   2.1452480218376233e-01	   1.2129823227535200e-01	  -5.4242887222059631e-02	   1.5349559056515535e-01	   4.2780393073600542e-02	   3.5709062794048940e-01	   6.3867127146545222e-01	   8.9070607913329825e-01	   6.3638786252967572e-01	   7.1508350507541785e-01	   4.9038107387034113e-01	   3.3790036997021891e-02	
   7.5010395033649291e-01	   6.0039915588988513e-01	   1.3402370057519084e+00	   0.0000000000000000e+00	   7.2390554153416931e-01	   8.5700393928651186e-01	   1.0845655003756278e+00	   1.1997436568923479e+00	   6.1972211206660976e-01	   9.1190896404505939e-01	   6.7022978033850011e-01	   1.0815679325215570e+00	   8.2348389345800266e-01	   8.7597228404421079e-01	   8.4387601595313755e-01	   7.5905827437388773e-01	   6.8703486040848538e-01	   6.5240466098181449e-01	   7.7547161594883907e-01	   7.0481254166818941e-01	   5.4796890477423055e-01	   3.5547733019122962e-01	   8.8671512042176814e-01	   9.9237818693887947e-01	   7.1996387913304882e-01	   7.7181094446099519e-01	   9.0894316025953825e-01	   7.3364552165995922e-01	   6.4555368252775180e-01	   6.7200592258810210e-01	   5.9398892499389055e-01	   5.7049119470582887e-01	   8.3750684179928614e-01	   9.1871854028504785e-01	   6.6752892213182002e-01	   7.8180207287196490e-01	   3.7982931167912581e-01	   4.7515676448994848e-01	   3.1596642496838517e-01	   4.5160516687142649e-01	   2.9740732893551508e-01	   6.2682702145401914e-01	   9.1120800403661462e-01	   6.8316798035935244e-01	   5.5400821248925813e-01	   5.1726935670877305e-01	   8.9687400777669080e-01	   9.2204099961650521e-01	   4.9763924308904239e-01	   3.4762602425868755e-01	   4.1147984527214437e-01	   3.3733345270644377e-01	   6.5246264656259645e-01	   7.5343032718685488e-01	   6.0753123142497856e-01	   6.7885472248078260e-01	   6.9345313794407759e-01	   5.7706865193267431e-01	   6.9043356565771452e-01	   6.4086689811253150e-01	   9.9531071254187686e-01	   8.7702632077676324e-01	   7.4492312842538422e-01	   6.2328115076241386e-01	   6.5959960956615959e-01	   7.6816939252901639e-01	   1.2055125994801035e+00	   1.1999722084279614e+00	   6.7172155591943117e-01	   7.0935472701502922e-01	   7.4865861639205622e-01	   6.8524741879649265e-01	   7.4236777999740655e-01	   7.1477739893551406e-01	   7.7363692654458249e-01	   7.2349870700656060e-01	   7.2052822156879437e-01	   7.0950315599926972e-01	   5.9773313546497164e-01	   5.0060928831969687e-01	   9.7328285258242087e-01	   8.6291518237614717e-01	   6.8820769740016019e-01	   8.5194468972735393e-01	   1.0524686032382655e+00	   9.7761483810959049e-01	   4.5129452936762854e-01	   3.6401945657100576e-01	   5.9076255972911917e-01	   8.2625946890356838e-01	   1.1125594100198712e+00	   9.0737339814054541e-01	   1.1041239617744190e+00	   1.0831904236846999e+00	   3.5188852532470521e-01	   1.8506172979807808e-01	   7.0871075684922469e-01	   4.9868900805527616e-01	   9.8673634674981381e-01	   1.0128508884142644e+00	   9.3655669006352860e-01	   6.8675117456921797e-01	   7.8674821615569646e-01	   7.7623705719937741e-01	   2.9621786362857444e-01	   1.9510849848696843e-01	   9.7971668625556937e-02	   3.3511298244593379e-01	   1.3496982784420508e-01	   3.9040194534391581e-01	   6.7988231389026921e-01	   9.1491866821663770e-01	   6.2221707959548966e-01	   9.1472233958662641e-01	   6.5281961663856447e-01	   1.8645431813343377e-01	
   7.2192362271470101e-01	   7.0928892792272868e-01	   8.9097648510803951e-01	   7.2390554153416931e-01	   0.0000000000000000e+00	   1.3366236443218174e+00	   8.0920047657970484e-01	   7.6651798177734953e-01	   1.3267934031698148e+00	   1.1496913428782995e+00	   7.4713633921392220e-01	   6.9055069619042853e-01	   6.4494334575019530e-01	   5.6784617475183086e-01	   4.1658435963845020e-01	   2.2746690571644926e-01	   7.8473727612682354e-01	   7.3901170323030985e-01	   5.4777180421281035e-01	   4.6709316112531485e-01	   5.1590553171083009e-01	   2.7822328353057868e-01	   5.0867363649829667e-01	   5.4312215140527087e-01	   5.5612491566545574e-01	   4.0481053704330017e-01	   3.4991679680685489e-01	   1.7220658933343730e-01	   6.5546088150286330e-01	   5.5446973287829404e-01	   3.0777520071734299e-01	   2.0938135232783339e-01	   5.5884785746125609e-01	   5.3449643474845521e-01	   2.8021140170967807e-01	   4.1175226835025336e-01	   7.5607576644275576e-01	   7.6487597350146075e-01	   7.0722551717157112e-01	   8.4711214357999720e-01	   6.6770803454023731e-01	   8.2093921202426334e-01	   7.3639044351109384e-01	   6.6647677781037562e-01	   5.1792411636407676e-01	   5.3810983614798080e-01	   8.1568634453062971e-01	   8.0079862388032996e-01	   4.9461268514040524e-01	   4.1279368042789050e-01	   4.9427533887829667e-01	   5.0834839899102757e-01	   7.1513584497269422e-01	   7.0004308990420128e-01	   9.6346671868689093e-01	   9.3370325270391719e-01	   7.1498764180052732e-01	   7.9415499227966124e-01	   8.9255416853990655e-01	   9.3147323444122065e-01	   8.5966794825276605e-01	   7.0359613016637079e-01	   7.1253106112113396e-01	   6.4032346064137968e-01	   2.1609506153009000e-01	   2.6024120158865394e-01	   7.8272880802035827e-01	   7.8762639963993775e-01	   4.7248357050510903e-01	   4.6584091790460552e-01	   4.9966098151829874e-01	   4.0997704935683599e-01	   5.2863654475393174e-01	   5.1563311187224570e-01	   6.2055940258917386e-01	   4.5950951011786545e-01	   6.4238257171099922e-01	   6.5282152807691818e-01	   7.5244719985810482e-01	   6.2497631556822753e-01	   6.5519142495699700e-01	   4.8164428903421819e-01	   3.5626933000957983e-01	   4.6350619513019309e-01	   6.7721236390224304e-01	   7.5670178795390997e-01	   3.0872624255931824e-01	  -4.0021290293695569e-02	   9.2925726208841630e-01	   1.0531114995384641e+00	   5.9212817900555970e-01	   6.3533885888275032e-01	   6.5530722935755181e-01	   7.0602373469945257e-01	   3.9796004021787268e-01	   7.0034815640261344e-02	   4.1737516582361345e-01	   2.4687972609585457e-01	   7.7338136193176354e-01	   8.2378070044273599e-01	   8.0643065385687429e-01	   8.3326080946385217e-01	   6.5062277822865666e-01	   6.0058654468794515e-01	   3.6478131199261904e-01	   1.7355401524036068e-01	  -1.5462920987807841e-01	  -1.0865673155150124e-01	   7.5793898087797684e-02	   3.0981232099257033e-01	   4.5452546030653918e-01	   7.3092151916537540e-01	   7.3029271556812125e-01	   5.0190578160982346e-01	   1.6582412654514125e-01	   1.2349989267221383e-01	
   7.5076494719057307e-01	   6.9970208279162749e-01	   9.0626659558335165e-01	   8.5700393928651186e-01	   1.3366236443218174e+00	   0.0000000000000000e+00	   8.0233003531214997e-01	   7.2401629898505859e-01	   9.6160558397979368e-01	   1.2078566438158926e+00	   7.2504088793395782e-01	   7.6898951057898424e-01	   6.5648904835268374e-01	   6.6919128587890786e-01	   6.4223833291303078e-01	   4.4082957543584977e-01	   8.1916888747688477e-01	   8.2807945724836440e-01	   6.7447211250679229e-01	   5.3891211542027662e-01	   5.3871869537598294e-01	   3.8538974402372972e-01	   6.8952786736397442e-01	   7.6357626334888284e-01	   6.6758830506904698e-01	   7.0282815516351260e-01	   5.2795561893945298e-01	   4.1910991280979804e-01	   6.7527575268020534e-01	   6.5999302116866265e-01	   3.9254035690357897e-01	   3.4458315086960989e-01	   6.6746608282672293e-01	   6.6026182863991179e-01	   4.5727092122569124e-01	   5.9754923898188650e-01	   6.8777608089065045e-01	   7.7770696541723616e-01	   5.7533400001086654e-01	   7.8536593685095379e-01	   6.2053545850151326e-01	   8.8977537239946880e-01	   8.7181785787074906e-01	   7.0653043812637861e-01	   5.6887612681694544e-01	   5.4811453018436684e-01	   9.5497359021024320e-01	   9.9590633088314839e-01	   5.6002936580466334e-01	   4.5729525504209834e-01	   5.3789299671609747e-01	   5.4347260786515461e-01	   7.6482143530932933e-01	   7.9840316133841194e-01	   9.6056874479392729e-01	   9.9583570888215633e-01	   7.5374854299508098e-01	   7.8736345920812612e-01	   7.7681488934093545e-01	   8.3921847753185452e-01	   8.3362965378913112e-01	   6.5508725023541881e-01	   7.4880742245397569e-01	   6.0948601421920878e-01	   3.5858537681688835e-01	   4.5516915104576239e-01	   9.1149119099920284e-01	   9.4136047888952801e-01	   4.9689962874541610e-01	   4.8450556420509439e-01	   5.6633287034245117e-01	   5.6051618957399774e-01	   6.4820920414266181e-01	   6.2121265116268032e-01	   8.1387833843335611e-01	   6.4375384146552395e-01	   7.6574338965147470e-01	   7.7546886240088797e-01	   7.7206186128370302e-01	   6.5021190837684850e-01	   8.7837377995187793e-01	   6.9521267762725591e-01	   5.4929025269370246e-01	   7.0994246230701252e-01	   8.8671100568119743e-01	   8.9063502511755988e-01	   4.5418723652635234e-01	   2.0692299594574459e-01	   8.3951518818974535e-01	   1.1403936820494323e+00	   8.7143604467937397e-01	   8.8956183982539705e-01	   8.8508682305533082e-01	   9.3293608662857919e-01	   5.2945225505920490e-01	   2.4314015584157384e-01	   5.1572003365257968e-01	   4.4884929688411179e-01	   9.1686965249745467e-01	   1.0241546460596707e+00	   9.4232979767183900e-01	   7.6373594219923635e-01	   8.0607977829185096e-01	   7.6942828761528848e-01	   4.2849472091539281e-01	   2.7166849552399491e-01	  -8.1379562488305093e-02	   1.0438987138285118e-01	   2.1810972376315446e-01	   4.4399189927553095e-01	   6.2182494830215407e-01	   1.0028919759632164e+00	   9.7082890328410942e-01	   7.4161539512418317e-01	   4.2764877091026748e-01	   2.4613805235247582e-01	
   7.9839764443091987e-01	   6.7406776576871386e-01	   1.7510573578587536e+00	   1.0845655003756278e+00	   8.0920047657970484e-01	   8.0233003531214997e-01	   0.0000000000000000e+00	   1.3370362132248377e+00	   7.9864723180776531e-01	   7.8659862591430030e-01	   9.0409612973422049e-01	   9.9161630898229114e-01	   1.1621987630557844e+00	   8.5735669562912808e-01	   9.8356162949931314e-01	   7.0178556735396758e-01	   7.6790170507052635e-01	   6.8950808463719460e-01	   9.5603727933846838e-01	   6.9835197884411770e-01	   5.3536602426852642e-01	   3.8050499401183169e-01	   1.1180230744824975e+00	   1.0156862700513762e+00	   5.8036598432784281e-01	   6.2295064997403993e-01	   6.7092594487339940e-01	   5.0235476923708933e-01	   1.1735024448403661e+00	   9.9766647659299956e-01	   9.6057853054509368e-01	   8.5285764001663644e-01	   1.2538397684897669e+00	   1.2124036462487342e+00	   6.8258628012984202e-01	   8.1757835327120765e-01	   4.3515702804016532e-01	   5.0375487397166674e-01	   3.6835961481193091e-01	   4.7438581813470421e-01	   4.4758235266854302e-01	   7.1963333799718732e-01	   8.1714047409659551e-01	   6.9002986137239664e-01	   5.9308400993346255e-01	   5.0066055487493211e-01	   9.5597414028408079e-01	   9.0414638131017644e-01	   6.9215594426492777e-01	   5.0575224274062469e-01	   6.9862712652137660e-01	   5.9002429983424698e-01	   8.9489624219940611e-01	   7.4029105138444840e-01	   7.1882903431651912e-01	   7.5040790926060308e-01	   6.8379724666429276e-01	   6.3066768930637818e-01	   7.2653626907000035e-01	   5.8841001604372356e-01	   1.3331304613984509e+00	   7.6958527036206059e-01	   8.6575366316941438e-01	   7.8315494996121815e-01	   6.2385489129485960e-01	   5.4118574336761660e-01	   1.0335325650116236e+00	   9.6136317735554944e-01	   7.1874680838255178e-01	   6.7998284977587109e-01	   8.4218587829226876e-01	   6.5748887138632550e-01	   8.6550631906556719e-01	   7.9531811797215446e-01	   8.3406399227128947e-01	   7.6801913742063654e-01	   9.5205625672636218e-01	   9.0027923857078274e-01	   6.2803273848491825e-01	   6.0693165323897846e-01	   8.6298001084053655e-01	   8.7692012898823724e-01	   7.3648614932177769e-01	   7.9150996923051820e-01	   1.0947568423656378e+00	   1.0690594518574528e+00	   5.1034821497995209e-01	   2.9363756768095184e-01	   6.4318721196959783e-01	   8.1701696251911149e-01	   8.0403523506374897e-01	   8.2204324379860338e-01	   7.8593503073831650e-01	   8.6661614288842737e-01	   2.2645653702097981e-01	   1.1720325079105151e-02	   5.0296397633845968e-01	   2.9737602111782746e-01	   7.6697085980669422e-01	   8.2338529963265328e-01	   7.7142171385614799e-01	   7.0006323745071319e-01	   6.3146615941541828e-01	   6.7522245144664117e-01	   1.2578553611923637e-01	   5.5622728455155507e-02	  -1.0954382229426725e-01	   1.9747333615394458e-01	  -3.3833922655511321e-02	   2.7067277847619836e-01	   5.7531042512049857e-01	   7.3038250477929789e-01	   5.0532537548835110e-01	   6.0921330567245036e-01	   3.7777991131541233e-01	  -4.0583057201858520e-04	
   9.9951953377638836e-01	   9.4445369010776048e-01	   1.1609451031373650e+00	   1.1997436568923479e+00	   7.6651798177734953e-01	   7.2401629898505859e-01	   1.3370362132248377e+00	   0.0000000000000000e+00	   8.8594233323541438e-01	   9.2505099869923268e-01	   8.7377112724282191e-01	   1.2122682744086366e+00	   9.0325325553757474e-01	   8.8350266311628967e-01	   7.3443952279382552e-01	   5.9155545793574427e-01	   1.0023515478961398e+00	   8.4341327296647028e-01	   1.0921221781642143e+00	   1.0559194737051030e+00	   4.5144827009499522e-01	   3.3463809223946811e-01	   7.0459188533284689e-01	   7.4069602941446266e-01	   4.3651455749643719e-01	   4.2948117115500717e-01	   5.6903045430900201e-01	   4.0763964149296739e-01	   1.1948099451517393e+00	   1.1281111193395148e+00	   8.3601214917613142e-01	   7.3388694452220593e-01	   1.0901143671787867e+00	   1.1545361404753900e+00	   4.7006112313242754e-01	   5.8888474773889188e-01	   2.5685818628377655e-01	   3.1048592394507540e-01	   2.1802145608077694e-01	   3.3086122525929335e-01	   2.5336608538100380e-01	   5.8048315557462860e-01	   6.7574989621040338e-01	   6.1641663125079993e-01	   4.9897580821424248e-01	   4.8013325744534463e-01	   8.1292574413286811e-01	   7.7955155647350638e-01	   5.8022559992529499e-01	   4.3570187721077491e-01	   6.5616325037137746e-01	   5.6046683173127709e-01	   7.7917723320609789e-01	   7.5288327748555284e-01	   6.6351155646773496e-01	   6.4642785489781707e-01	   8.3436108085036542e-01	   7.1296572211411946e-01	   8.8263972918256539e-01	   7.4915411530567766e-01	   1.1771822492767356e+00	   9.7089454339575543e-01	   1.0303474841367914e+00	   9.2028241618032192e-01	   4.0110000891297604e-01	   3.9001388567538914e-01	   8.7575681780091652e-01	   8.3629797363930669e-01	   7.6651998478914196e-01	   7.4739552232686124e-01	   1.0207348561182590e+00	   9.1807270678044195e-01	   1.0162480954012512e+00	   1.0962496613612092e+00	   9.3519592234369331e-01	   9.8350895253945358e-01	   8.2869083168732771e-01	   7.7046024433553606e-01	   7.5543302157237047e-01	   6.9788592960068307e-01	   9.1985253955057988e-01	   8.0067795948670695e-01	   5.2200315459590529e-01	   7.1157122570301767e-01	   9.4187408649628246e-01	   1.0363667755027570e+00	   3.3597895513855081e-01	   2.1197851239776988e-01	   5.3712243072471944e-01	   7.7299963126078064e-01	   6.8551672738271063e-01	   5.6657452347382831e-01	   7.1791971129490650e-01	   6.9361123052493201e-01	   1.4299256609157693e-01	  -3.6883540677065667e-02	   6.1915436814625480e-01	   4.0567451820828904e-01	   1.0102621538035865e+00	   9.6109131650529400e-01	   8.8095381220168889e-01	   8.6980729911583876e-01	   6.4003413179886681e-01	   7.6271782817429412e-01	   1.6778752209888598e-01	   9.6521746513406503e-02	  -3.0296662915530372e-03	   3.5230639016132137e-01	  -1.0617435934514977e-01	   1.8984219391892349e-01	   5.7103162723505552e-01	   7.9917435494457523e-01	   5.0986481160255193e-01	   6.8469604752876645e-01	   3.3113522869472795e-01	   1.0353559958895879e-01	
   7.7157043627158184e-01	   7.6992128430377127e-01	   7.0749475767980585e-01	   6.1972211206660976e-01	   1.3267934031698148e+00	   9.6160558397979368e-01	   7.9864723180776531e-01	   8.8594233323541438e-01	   0.0000000000000000e+00	   1.1786445918868436e+00	   6.0541327743534878e-01	   5.5898016983650245e-01	   4.9019469306341273e-01	   4.1844559982039298e-01	   3.6548293426895101e-01	   1.3622455493557001e-01	   7.6215927687709684e-01	   6.3898303914674248e-01	   5.3886429743381292e-01	   4.5220161292127681e-01	   4.1631379842494370e-01	   2.6819702856637589e-01	   3.8063968083375560e-01	   3.8728600974290639e-01	   3.2963078782211430e-01	   2.1836691235087430e-01	   2.8049470927974418e-01	   8.6275540186701583e-02	   7.6062774620373874e-01	   6.0226996876891392e-01	   4.2895778098726001e-01	   3.0639772877627192e-01	   5.2761184708861097e-01	   4.9627213516934771e-01	   5.0297004368882799e-02	   1.7797499517427662e-01	   4.7144209321704472e-01	   4.6083209536698183e-01	   4.5249272283906916e-01	   5.3393785890687673e-01	   4.5081524851530314e-01	   5.5073810688696212e-01	   4.1698098783607762e-01	   3.8885704295660739e-01	   2.8028797319084275e-01	   3.1220667504408139e-01	   5.4285990652744709e-01	   5.0534579674917324e-01	   3.3248535022719483e-01	   2.6695960366555765e-01	   4.6551112474806200e-01	   4.7047317649568587e-01	   5.6237197379309500e-01	   4.9264907695274973e-01	   7.2682804714463989e-01	   6.3689542148238942e-01	   6.8149867607096515e-01	   6.7973146011734153e-01	   8.7270948393138925e-01	   8.5617712186741435e-01	   8.5839481854678645e-01	   6.8886844737463404e-01	   6.8832300838220306e-01	   7.2966213491056142e-01	   7.5444265615160960e-02	   7.0927511678740604e-02	   5.2603307491662288e-01	   5.2770402402966632e-01	   4.3057467839018082e-01	   3.5808248284353739e-01	   5.5243037739224465e-01	   5.8478154077911337e-01	   5.5868790664533419e-01	   5.5159989701227219e-01	   5.9528401960189314e-01	   5.2303182999519504e-01	   5.3604501878813138e-01	   5.2405383003960870e-01	   6.1319137353177333e-01	   5.1609190028991014e-01	   5.3329202663195840e-01	   4.0175467312809365e-01	   2.3146831480241570e-01	   3.1163971247230648e-01	   5.8400319790259914e-01	   6.4508465034560725e-01	   1.4570357986310864e-01	  -1.8006533825523385e-01	   6.3116003071092286e-01	   7.4734868192695569e-01	   3.8467936506751493e-01	   3.8868148680805203e-01	   4.6605966799375098e-01	   4.7601519190479363e-01	   2.8098495654088884e-01	  -2.4531817309116865e-02	   3.3475477603957315e-01	   2.4418032313700613e-01	   6.5805843183475599e-01	   6.8753040194297743e-01	   6.3576617923684176e-01	   7.9430647567013946e-01	   4.5066356449623968e-01	   5.1013493606117399e-01	   2.7619943458078700e-01	   1.7507576617896828e-01	  -7.3265707642574340e-02	   9.5993098176383962e-02	   3.7484519042962068e-03	   1.8824241017037313e-01	   3.4207886640105606e-01	   4.9536708920606987e-01	   4.5676859188709928e-01	   3.5830512549758109e-01	   1.8655183639869774e-02	   1.0265347028100287e-01	
   7.9073844151068640e-01	   7.2733208763592783e-01	   8.3602967297532360e-01	   9.1190896404505939e-01	   1.1496913428782995e+00	   1.2078566438158926e+00	   7.8659862591430030e-01	   9.2505099869923268e-01	   1.1786445918868436e+00	   0.0000000000000000e+00	   7.7043260506684907e-01	   8.5569181268100325e-01	   6.7230830570476852e-01	   7.5637441772012026e-01	   5.2307130684105196e-01	   3.8750050002843517e-01	   9.1959021991061762e-01	   8.6451799968930099e-01	   5.7304282752290792e-01	   5.4518876908095981e-01	   4.5374114722465747e-01	   2.9856674781123416e-01	   4.6754409592907242e-01	   5.3714707869087430e-01	   4.5492667308340651e-01	   4.1989936368845865e-01	   4.3403358922710422e-01	   3.1061341885482069e-01	   7.0198108909710533e-01	   6.4443680367473577e-01	   3.4730197188876133e-01	   2.6509697945924143e-01	   5.7430214286514647e-01	   5.9835706930976107e-01	   2.9993607412979029e-01	   4.3029926958261244e-01	   4.5269177313544012e-01	   5.0320014123625412e-01	   3.3496708272094050e-01	   5.0410751122926556e-01	   3.9072652942431280e-01	   6.7422206761394810e-01	   7.0510104861096978e-01	   5.5635231049702438e-01	   4.5040514146479227e-01	   4.5871766450564821e-01	   7.5295279591541153e-01	   7.2553022448466431e-01	   4.4101444922925914e-01	   3.5459958933963276e-01	   5.0966547426047870e-01	   4.8235709106867519e-01	   6.7350763172119044e-01	   7.4610821256680460e-01	   6.8535034324808586e-01	   7.0330498222598226e-01	   8.4757300784838241e-01	   7.0305217143484866e-01	   1.0213197194242285e+00	   1.0225822210310607e+00	   9.9159877299186627e-01	   1.0134167279242055e+00	   6.7947179565478211e-01	   6.1866866382744679e-01	   2.4209936702182860e-01	   3.4347062377347648e-01	   8.2166120922631680e-01	   8.3627483723507812e-01	   5.6546402642551064e-01	   4.9945199504512600e-01	   6.1956868527763886e-01	   7.2453726387096151e-01	   7.5208444748900205e-01	   7.3560363248613370e-01	   7.9417254768915169e-01	   6.9298581569909312e-01	   6.6176224769118785e-01	   6.5659586814243964e-01	   8.3462334495594959e-01	   6.9199745753290376e-01	   8.3733037720065850e-01	   6.3174144920945374e-01	   3.5837494692442529e-01	   5.4140992207284877e-01	   7.7762562750440800e-01	   8.6144252119526488e-01	   2.3376820792836162e-01	   5.7710810522414530e-02	   6.5295465756938131e-01	   9.4661135807639729e-01	   7.1839291087524448e-01	   5.5327845258134656e-01	   8.2063406751340606e-01	   7.3955014066782943e-01	   2.9016454305227690e-01	   7.7317091709639199e-02	   4.3940015182169989e-01	   3.4030230660273925e-01	   9.2306881112643835e-01	   8.7992448535068246e-01	   8.4452617121542506e-01	   7.5400993477970313e-01	   6.2730701642115549e-01	   6.9453099169467991e-01	   3.7066620397925720e-01	   2.4785772789191077e-01	   3.0215058044135490e-02	   1.7982673873923566e-01	  -1.0175678214449520e-03	   2.2616319400281265e-01	   5.0756155448432094e-01	   7.5265765723137079e-01	   6.5577205641062730e-01	   6.8715796957076569e-01	   2.9565794959097330e-01	   1.3906684844087858e-01	
   8.9840058464554740e-01	   7.1251463934752279e-01	   9.2357464846596204e-01	   6.7022978033850011e-01	   7.4713633921392220e-01	   7.2504088793395782e-01	   9.0409612973422049e-01	   8.7377112724282191e-01	   6.0541327743534878e-01	   7.7043260506684907e-01	   0.0000000000000000e+00	   1.1701879048681947e+00	   1.4283381734915188e+00	   1.1504654640672476e+00	   6.3158611192507974e-01	   5.1518052272427073e-01	   1.0556455090470918e+00	   8.7459794745702202e-01	   7.8356852423249879e-01	   6.4515028365762805e-01	   2.9504043340105462e-01	   1.2582822767985755e-01	   4.6987990548666170e-01	   4.6546399328302379e-01	   2.0762475515771084e-01	   2.7478823498061566e-01	   2.4939058043621820e-01	   1.7042949930578022e-01	   9.6543045005964812e-01	   9.7967755514429555e-01	   3.5036696443040399e-01	   2.4900634897221624e-01	   6.9827641290774412e-01	   6.8516333521776784e-01	   4.1746066507012702e-01	   5.3109047681908583e-01	   4.4628290610991517e-01	   5.2811045080698582e-01	   3.5051209091405960e-01	   4.9366324071909640e-01	   4.7718067361527006e-01	   7.9214340408401629e-01	   7.0926528471763461e-01	   6.4358059599855399e-01	   4.9952229665335124e-01	   4.7637752183330240e-01	   8.1414723230732389e-01	   7.8798778056358876e-01	   6.1137204183288074e-01	   5.9055012675366425e-01	   6.7471917256013114e-01	   6.9436939965875977e-01	   8.5951739149484896e-01	   7.0710835084842083e-01	   7.3981954322706467e-01	   8.5150757787704801e-01	   8.8766822612219520e-01	   6.6670868069285849e-01	   1.0676223777095306e+00	   9.2373222067653882e-01	   9.9185599390438028e-01	   8.1193090228770004e-01	   6.7888683846987896e-01	   5.5224661228267946e-01	   3.2190194439186903e-01	   3.6818835740299682e-01	   7.5718532713299491e-01	   7.3676226812462653e-01	   6.0897170848160853e-01	   4.8968784339136001e-01	   6.8287701255325806e-01	   4.8155554118889587e-01	   1.0261351730668389e+00	   9.5596624406278918e-01	   1.0023124236287093e+00	   8.2754822894433944e-01	   9.3054337495472139e-01	   8.3934827202710882e-01	   7.7928909630432763e-01	   6.7860706867386578e-01	   7.1478289103439374e-01	   6.2999757089992225e-01	   4.7646161627573330e-01	   6.0533402087798915e-01	   7.6770092224966824e-01	   9.2911269549558795e-01	   2.8532651550466059e-01	   2.1893810988757370e-01	   7.5608817171635612e-01	   9.8396765919978613e-01	   6.1856451762341358e-01	   5.7545869446257680e-01	   6.3835670530477073e-01	   6.8039884660108396e-01	   1.3364867480993434e-01	   5.0488600815361308e-03	   3.3378752449956306e-01	   2.8756130018323134e-01	   8.0856057412273796e-01	   8.9121334830962751e-01	   8.2027451061451839e-01	   8.5101382339541953e-01	   5.8428090947384637e-01	   6.6081313080730686e-01	  -8.7748768683046981e-03	   1.9122905170565561e-02	  -1.1862168107459807e-01	   1.0086604217057378e-01	  -9.6890411952520225e-02	   1.8962708995660194e-01	   4.9109259076124789e-01	   7.0130651253086274e-01	   4.7238578023416311e-01	   5.3848206735335080e-01	   1.6562690097003305e-01	  -7.0077833938907638e-02	
   8.1190958725033990e-01	   8.0192034388696909e-01	   1.0427175917241704e+00	   1.0815679325215570e+00	   6.9055069619042853e-01	   7.6898951057898424e-01	   9.9161630898229114e-01	   1.2122682744086366e+00	   5.5898016983650245e-01	   8.5569181268100325e-01	   1.1701879048681947e+00	   0.0000000000000000e+00	   1.3185383894699687e+00	   1.5533670629601373e+00	   8.5309190551231351e-01	   8.6117483693118813e-01	   9.2991909619723478e-01	   8.7723448136702764e-01	   9.0917579323080500e-01	   9.3041524620197147e-01	   4.1796506893432583e-01	   3.1153809349963552e-01	   7.0468412871374375e-01	   7.7999268615181905e-01	   3.8648882711752064e-01	   4.8959263228853694e-01	   5.5050581600094817e-01	   4.6910603221041353e-01	   9.0922967083789008e-01	   1.0311834168925473e+00	   5.4080659190177671e-01	   5.0215768392987581e-01	   8.5389475292788708e-01	   9.3489725992404937e-01	   6.3714098722252088e-01	   7.1514355494604487e-01	   2.8029800610008360e-01	   3.9784048151074292e-01	   1.7642788554967934e-01	   3.4967290462996248e-01	   2.4292148120639517e-01	   6.9015660954515612e-01	   8.6333667687408266e-01	   7.1239190283871656e-01	   5.9570973383242198e-01	   5.4251234864684128e-01	   9.2246648135844644e-01	   8.9414466142279359e-01	   7.3936146880625653e-01	   5.6777409997857364e-01	   7.2667935316463317e-01	   6.7489029226289954e-01	   9.0173463884257177e-01	   9.1098104201106467e-01	   6.2393757699274854e-01	   6.9193722187417839e-01	   7.9489534399877282e-01	   6.2960833272924666e-01	   7.4895594966131862e-01	   6.5638589993240792e-01	   9.8155500964960096e-01	   9.6578652893446726e-01	   7.3909926121919978e-01	   5.6509897992991076e-01	   5.1658443428364964e-01	   6.2843300171365402e-01	   8.9558661009277507e-01	   8.5534305153266010e-01	   7.4294893779413929e-01	   7.2977101271694411e-01	   9.3175522182668136e-01	   7.2794236307566085e-01	   1.0056272491152292e+00	   1.0273231701728391e+00	   9.4841600106142110e-01	   9.6320511229550998e-01	   8.4591384011535675e-01	   8.2036843603128895e-01	   7.4973658939229448e-01	   6.9709145791988913e-01	   9.7274360386966430e-01	   9.2912760631769864e-01	   5.9341799861264977e-01	   9.4737194678020864e-01	   9.2271226676039464e-01	   1.1425230779438817e+00	   3.8181891600615409e-01	   4.3515102820973534e-01	   5.7275816518097089e-01	   8.6827438161331116e-01	   9.3252493612936715e-01	   7.0493655630300478e-01	   9.2705184942820151e-01	   8.7311326596774430e-01	   9.1610193222536593e-02	   5.8251944112357693e-02	   5.2597280074002295e-01	   4.0722078247689730e-01	   9.7236386301046418e-01	   9.2421647504922555e-01	   9.1717398739134648e-01	   7.7574753679503294e-01	   7.0348802816339129e-01	   7.8652484800518407e-01	   1.3182255438753895e-01	   1.2206041877130136e-01	   2.0866245140317128e-02	   2.9612533909265104e-01	  -1.0948621893190751e-01	   2.4731099378645105e-01	   5.9939110443988319e-01	   9.0963111728276813e-01	   6.2302974500516872e-01	   8.5661159552294375e-01	   4.5953095947523531e-01	   6.5485871135177065e-02	
   7.1806451560090445e-01	   6.6541315498322529e-01	   1.2189568879479884e+00	   8.2348389345800266e-01	   6.4494334575019530e-01	   6.5648904835268374e-01	   1.1621987630557844e+00	   9.0325325553757474e-01	   4.9019469306341273e-01	   6.7230830570476852e-01	   1.4283381734915188e+00	   1.3185383894699687e+00	   0.0000000000000000e+00	   1.5089493215643608e+00	   9.9043713187631532e-01	   8.6494268837924415e-01	   8.0397041359465538e-01	   7.6982607474449860e-01	   8.2297579311221092e-01	   6.4375061677926992e-01	   3.4810009709677736e-01	   2.2554598017047600e-01	   7.9160287315204303e-01	   7.8127399426775368e-01	   3.1548879121057299e-01	   4.5621017850194029e-01	   4.7216965936434385e-01	   4.0654943546003586e-01	   9.9215062942846122e-01	   1.0039268173123466e+00	   5.4921708117308732e-01	   4.6727184246661901e-01	   8.3782364922354413e-01	   8.4813100415814646e-01	   6.5902915027051867e-01	   7.4213925446239815e-01	   3.5250278765532800e-01	   4.6401545278819584e-01	   2.3266881210099521e-01	   3.6831774383538579e-01	   3.4630002428290374e-01	   6.9431369997221226e-01	   8.3476766277603642e-01	   6.9426519220233496e-01	   5.8779291975695958e-01	   4.8801084692575425e-01	   9.3149472415372270e-01	   8.6159221647600681e-01	   7.6426245742578436e-01	   6.2521075159633710e-01	   7.3778143295216470e-01	   7.1086786016583137e-01	   9.0796158290113160e-01	   7.4846010924133455e-01	   5.9726775532203036e-01	   6.9926082330451877e-01	   7.1505141734135935e-01	   5.8159128964877960e-01	   7.1793805659165411e-01	   5.8561638269273641e-01	   1.0001251866091321e+00	   7.3745686143370104e-01	   5.9226138295099784e-01	   4.3917573598733289e-01	   5.2501691291167796e-01	   5.2637012964044916e-01	   8.0172551694273286e-01	   7.5947963188267098e-01	   6.3765231538672129e-01	   5.7475811312946667e-01	   8.2354929484493833e-01	   5.6295999072068303e-01	   9.4885911393533517e-01	   8.1508571265902419e-01	   9.1592820360670335e-01	   7.8248149516063448e-01	   8.8080081199685734e-01	   8.0917836917052133e-01	   6.7243859025497965e-01	   6.0702951463839394e-01	   8.0352562699926988e-01	   8.2989891755076917e-01	   6.4287226647615869e-01	   8.5893061838523999e-01	   8.5881707068470148e-01	   1.0366131043355884e+00	   3.9538937768815735e-01	   3.6354829504841518e-01	   6.3259077029647581e-01	   8.2371109389816421e-01	   8.3493863102447685e-01	   7.3410880827121239e-01	   7.9214042263342477e-01	   8.2253678217882398e-01	   9.9359158378406254e-02	   4.4959569963698078e-02	   3.9621366680117448e-01	   2.2045611523790332e-01	   7.6859163895536631e-01	   7.3811955977616017e-01	   7.5536873303679508e-01	   6.7534959248276860e-01	   5.5878426311138141e-01	   6.1096311029485406e-01	   3.7619704698916038e-03	   2.7749058765286768e-02	  -9.1513003877400995e-02	   1.1999220037675332e-01	  -8.1866413037496727e-02	   2.4002040992896737e-01	   5.0922632366048870e-01	   7.2499948826454041e-01	   4.7347727826841590e-01	   5.5313242262532469e-01	   3.0074580891618469e-01	  -9.6549389897226889e-02	
