   0.0000000000000000e+00	   1.1993672753127065e+00	   9.7086189703956849e-01	   9.3454075627200395e-01	   2.2810135584715752e-01	   5.4828855754491235e-01	   1.0724576626245557e+00	   7.9299238137410444e-01	  -1.2690490797692011e-01	   4.0341741415145425e-02	   9.0606372243877153e-01	   6.8257552815350686e-01	   8.5019805968608342e-01	   7.7300809092156952e-01	   4.7929458489012194e-01	   3.2801165662375381e-01	   3.2211317845896265e-01	   3.5050030972470114e-01	   1.1642443654244508e+00	   8.2158176876755762e-01	   3.2792687947481514e-01	   2.8210781690212217e-01	   4.5217231048916634e-01	   3.8416653569876685e-01	   4.7740508607101795e-01	   5.3719923021629878e-01	   6.0814241006652936e-01	   5.6389684923943184e-01	   6.6287184867425020e-01	   5.0799630848116539e-01	   4.4042915633515939e-01	   2.9142159432207893e-01	   8.8587156108838561e-01	   7.8024966454903977e-01	   4.0756180597919817e-01	   3.5137230294690008e-01	   3.2827710402716281e-01	   4.3344227540487557e-01	   2.4605519775922269e-01	   2.2439165815178372e-01	   5.6431630281354139e-01	   6.3845122086159523e-01	   6.8529036492393625e-01	   4.9105813986939784e-01	   2.4478531526327896e-01	   3.2447111198716089e-01	   7.6284694274017995e-01	   8.7338695887456907e-01	   4.5807399541092242e-01	   5.1679280375621628e-01	   6.5448612813588514e-01	   4.8111875330534337e-01	   7.3496280046463236e-01	   8.5003536489739240e-01	   8.4388414208663787e-01	   8.7477649476425134e-01	   5.3233801001467351e-01	   5.8981181521509940e-01	   1.2259591550321920e+00	   9.0619042796555016e-01	   1.0044389967190932e+00	   1.0262087632642771e+00	   2.5006215646912466e-01	   4.0372538384131862e-01	   4.8873906836956160e-01	   3.8815655990507886e-01	   6.0617523442447052e-01	   4.5665545979634231e-01	   6.7941671603505849e-01	   4.9836658932568340e-01	   1.0401617180630032e-01	   1.0884007051629767e-01	   4.7077063551135867e-01	   4.6269581553152578e-01	   3.2498935549541358e-01	   4.9432415059802925e-01	   2.0904197567174004e-01	  -1.1474365795819452e-02	   7.0472663412771253e-01	   2.7701825918862677e-01	   4.5776912805021425e-01	   3.5301318387121139e-01	   4.2205045334362568e-01	   2.7332334534513369e-01	   8.2200573039236824e-01	   8.7033828008787029e-01	  -1.5728582189831886e-01	   8.5926129394388540e-02	   7.5680777525311027e-01	   9.0321773333979982e-01	   5.0576186735647122e-01	   4.8333995337603120e-01	   6.6566547624377703e-01	   6.7317818560063947e-01	   3.9037203311429824e-01	   1.6469323940424524e-01	   1.7997565251953235e-01	   3.6513899281868095e-01	   8.7109189996788616e-01	   8.7411894588047279e-01	   5.7367794280850215e-01	   5.4799481473149625e-01	   8.2142081951992674e-01	   6.2859345560906255e-01	  -4.4342377119104985e-02	   1.4251577776646926e-01	   4.4460520732211029e-01	   1.1517656968918741e-01	   3.9315847787988178e-01	   1.8952864057644050e-01	   2.0390920985223598e-01	   5.1448866426599371e-01	   4.9539805354642907e-01	  -9.0093372493462078e-03	  -2.5495516007886954e-01	   1.6504082828882480e-02	
   1.1993672753127065e+00	   0.0000000000000000e+00	   7.2653204632097201e-01	   9.6023639329042143e-01	   2.4731904126901030e-01	   5.5482723354295227e-01	   9.7136223500248009e-01	   9.2003994495735142e-01	  -7.8873023087756108e-02	   6.2182993521607312e-02	   7.6960602976792769e-01	   8.4035299985586076e-01	   6.2282890987545103e-01	   7.5531202518944907e-01	   4.5128636775427167e-01	   2.5330850044525099e-01	   4.5441669228043169e-01	   4.4883895424545195e-01	   9.7848515810966330e-01	   1.0936772350569832e+00	   2.7015809660074003e-01	   1.8899688309853180e-01	   3.1339043336425110e-01	   3.3171716416033975e-01	   4.1428002459301205e-01	   4.5609989551058433e-01	   6.3484937974018263e-01	   4.9586372102168930e-01	   5.8475021461906618e-01	   4.4876514222176661e-01	   3.9252599383109338e-01	   2.5577996997392510e-01	   8.6667296198584687e-01	   8.1126055572450617e-01	   3.2676032610580319e-01	   3.1672040535368839e-01	   9.6648865149073726e-02	   2.3707255735246818e-01	  -2.2172501346046942e-02	   2.3384959501485201e-03	   3.3654206438228734e-01	   5.8054123887728748e-01	   7.9632760439231653e-01	   6.6253700880420685e-01	   3.1458284221858784e-01	   4.3822864081625079e-01	   7.2614222762229619e-01	   7.7301910667558904e-01	   6.4823317243127820e-01	   7.6909638482055565e-01	   7.9142940665696315e-01	   7.0873705734031667e-01	   8.6242145195394149e-01	   7.6400526574768046e-01	   7.3060161365239062e-01	   6.7150172131357322e-01	   6.8509430930498572e-01	   6.6386549916002902e-01	   9.7705156118606706e-01	   1.2467671289172668e+00	   7.1769586133920871e-01	   9.7465577770469469e-01	   2.9819140872059602e-01	   4.3708335910111823e-01	   2.9376578945207182e-01	   3.3705569255439127e-01	   5.1046247142340773e-01	   4.6089723179742303e-01	   7.7840052127274062e-01	   5.6787092275892759e-01	  -6.9652187565972801e-02	   2.8586056936214469e-02	   3.2248242836762298e-01	   3.8954416603746905e-01	   1.5502670389431969e-01	   3.5497250232469080e-01	   2.7070519423288308e-02	  -8.7546000152618111e-02	   5.0442350693898941e-01	   2.6263386623836221e-01	   4.6713964481182846e-01	   3.9880710818574650e-01	   4.9604259102395715e-01	   2.3529066387263281e-01	   5.9124267293081689e-01	   8.8746622896224592e-01	  -1.9494971895194457e-02	   9.2426366377298189e-02	   5.8463159092794814e-01	   6.5491295131507454e-01	   4.6277885050821771e-01	   3.1756468696093276e-01	   6.1745083270129264e-01	   4.9620471516741688e-01	   1.6787146030647626e-01	   4.5123315629279480e-02	   3.1587273731777735e-02	   1.8568207801867520e-01	   7.5570281666837902e-01	   6.2678824427108992e-01	   3.8102283515122265e-01	   3.8396310832063518e-01	   6.3064298244312922e-01	   5.2968389160701090e-01	   5.0538951199338003e-02	   1.4321243269333189e-01	   3.1968648389295495e-01	   3.0561946382561583e-01	   2.0169843603198434e-01	   5.5510003515602376e-02	   4.6217888398160822e-02	   3.5917323902335380e-01	   3.6244108171496114e-01	  -1.1969315776518852e-01	  -3.3111300747370359e-01	  -4.6862441582045056e-02	
   9.7086189703956849e-01	   7.2653204632097201e-01	   0.0000000000000000e+00	   1.3208653853216403e+00	   1.9627016207332215e-01	   5.7823995333717049e-01	   1.5268548862435718e+00	   1.0016798801040694e+00	  -2.1440688427328464e-01	  -3.5472154570186626e-02	   5.1805222190276534e-01	   3.9624766687335256e-01	   6.1137393510274485e-01	   5.4368712783229867e-01	   6.4492724313018368e-01	   4.4688759909642339e-01	   1.2563182326745034e-01	   2.3041439424438004e-01	   1.0646376040288283e+00	   7.2450510789207145e-01	   3.9620151016965843e-01	   4.1078919578742579e-01	   8.0643798060394600e-01	   7.5135616212223288e-01	   7.5453755221341434e-01	   7.8556367785729564e-01	   7.9087847566059011e-01	   8.4487232227048015e-01	   4.5306654442807109e-01	   3.0011179354651185e-01	   4.9361115434916381e-01	   5.5732344394588218e-01	   1.1321290674849676e+00	   1.0753845745517576e+00	   5.5080262291215232e-01	   4.1585511743634918e-01	   1.6165290435541124e-01	   2.9168558005117412e-01	   7.1452254120799502e-02	   5.9815411234945721e-02	   3.8184838786675207e-01	   4.4654770025791346e-01	   6.7792343847580983e-01	   5.0449756231672549e-01	   1.8814307873871752e-01	   4.0190401097499506e-01	   7.5775957795054671e-01	   9.2926154650232995e-01	   2.9943056753632474e-01	   5.0164137792286922e-01	   4.7794311850074400e-01	   4.2119030359905507e-01	   8.0200418353112735e-01	   1.1512012321819225e+00	   8.3038543139870602e-01	   8.8848980945994249e-01	   4.5982866539473521e-01	   6.0184489949601638e-01	   8.4386848490401589e-01	   7.1642913462136271e-01	   9.1884959926699594e-01	   6.8594113131367174e-01	   1.9872776066465958e-01	   6.0261804157034422e-02	   7.6797606269843677e-01	   7.5103843102366930e-01	   1.1714304254531325e+00	   9.3138358631615037e-01	   8.0713225200541250e-01	   7.8505541694106562e-01	   5.9189579693972622e-02	   1.9880980180556815e-01	   4.6149571328606115e-01	   4.1202336973335080e-01	   1.6641667591526965e-01	   4.8203278863653298e-01	   2.6271029885643626e-02	  -1.7725033421194253e-01	   3.3937170524881227e-01	   1.9418027109740799e-01	   2.9133364764717540e-01	   3.8639762995456151e-01	   3.7804409566415392e-01	   2.3615611989097338e-01	   9.3503377439647539e-01	   9.3092981278372333e-01	  -1.8082041198738096e-02	  -5.9942598406253815e-02	   8.0042845788188910e-01	   8.8573254450164618e-01	   9.3144399371096398e-01	   7.7956439608411432e-01	   4.0901084119317715e-01	   5.5419445750737151e-01	   2.4015437506139126e-01	   7.6414115044450198e-02	   3.8641972983962478e-02	   2.5634451054465746e-01	   1.0315572187386812e+00	   1.1443859954085376e+00	   2.7743823821938829e-01	   2.6718261521170661e-01	   8.4870053112509525e-01	   5.5503840297369522e-01	   2.0184833405550068e-01	   3.3156074956090148e-01	   6.0982451076677568e-01	   1.5699717664057458e-01	   2.9293215026954927e-01	   8.8010309143913806e-02	  -1.8274296549764452e-02	   2.9904054699475646e-01	   3.7079100741601007e-01	  -4.2972566058754099e-03	  -9.1473939157124817e-02	   3.5683900755818804e-03	
   9.3454075627200395e-01	   9.6023639329042143e-01	   1.3208653853216403e+00	   0.0000000000000000e+00	   2.3242079888662998e-01	   6.5485998430945203e-01	   1.4737633729215427e+00	   1.4210352369040757e+00	  -1.1970413303741463e-01	   3.3552005410870889e-02	   5.4834586705260413e-01	   4.8115430374850193e-01	   4.9781343581424065e-01	   5.3875697067302120e-01	   5.7696084518822244e-01	   3.5019083618494323e-01	   3.1404758951672845e-01	   3.8800708147501717e-01	   1.1212299401873258e+00	   9.4089839059455516e-01	   4.1210657639836717e-01	   3.8395528842534515e-01	   6.4813765296970371e-01	   7.6322814292725005e-01	   6.6623936676901119e-01	   7.8578373214301689e-01	   7.7776044752795237e-01	   7.6982504070859559e-01	   4.7338857223104680e-01	   4.1517982242411017e-01	   4.7041793756724976e-01	   5.1795611342643100e-01	   1.0829179329222167e+00	   1.1560502230720373e+00	   4.8403227071523780e-01	   4.1061209325823894e-01	   6.2464973084961878e-02	   2.1368240549650269e-01	  -3.1528151741190738e-02	  -1.2143989058168696e-02	   3.0803185017231738e-01	   5.1032647667707898e-01	   8.1595208350734905e-01	   6.6286677811096428e-01	   2.4593556523566479e-01	   5.1271593551899763e-01	   7.7476190961435731e-01	   1.0058765043997615e+00	   3.8022995750510735e-01	   6.2041779856829871e-01	   4.7852117158959651e-01	   5.1021141582461227e-01	   9.1179791866281135e-01	   1.1456011857907196e+00	   8.4609213450272724e-01	   7.7440322927943661e-01	   5.9599117399634294e-01	   6.4309981526376392e-01	   9.2214374926378861e-01	   9.8367095028324691e-01	   8.9864917231613373e-01	   8.4925775138818660e-01	   3.5766509094755000e-01	   1.8508232085147988e-01	   5.6554585019155934e-01	   7.1146982454952945e-01	   9.4219281205865812e-01	   9.5438521635024143e-01	   8.9491893976161552e-01	   7.9024533589000046e-01	   1.8855516630265967e-02	   1.8106439192723922e-01	   4.1920461395753428e-01	   4.4631097314786816e-01	   1.5453039056755666e-01	   4.7305678619795022e-01	   3.0959369080359386e-02	  -1.0398450702988453e-01	   3.6350992371258461e-01	   2.4277501051835476e-01	   3.9575643709848290e-01	   4.0536046408300541e-01	   3.6892945299468427e-01	   2.7457730962249405e-01	   7.3334352710001816e-01	   9.3915703974033438e-01	  -2.2027186183160362e-03	  -4.5465227668944147e-02	   7.4309024123391954e-01	   7.4858291511960484e-01	   9.5388181011293760e-01	   5.9605490316640153e-01	   5.4832807238712178e-01	   5.9311890369964648e-01	   1.6164760719500451e-01	   2.6362606231385140e-02	   3.9524327121150983e-02	   2.0867662764224548e-01	   1.0344062235024234e+00	   8.3330180815233246e-01	   3.1720361463668117e-01	   3.9864767489354708e-01	   8.4810469763140339e-01	   7.2097637062058328e-01	   2.7548528003244721e-01	   3.6505274291437079e-01	   4.4685473264564657e-01	   3.1602658676192669e-01	   2.3450246367473876e-01	   6.6494346721059638e-02	  -4.4408592179470317e-02	   3.2291950222966681e-01	   4.5488586028638167e-01	   5.4349494843410782e-03	  -1.1333649216276939e-01	   1.7006378638210102e-02	
   2.2810135584715752e-01	   2.4731904126901030e-01	   1.9627016207332215e-01	   2.3242079888662998e-01	   0.0000000000000000e+00	   6.7190860389704365e-01	   2.7364975803088631e-01	   3.1551640758227179e-01	   8.3356397054541698e-01	   9.2878967399186352e-01	   4.0789825461361395e-01	   2.7739021567361233e-01	   4.1930245530087068e-01	   2.6755363202377108e-01	   4.8355780423464223e-01	   3.0164596181041070e-01	   2.0890062100515161e-01	   3.1608270501141528e-01	   2.4199470580658461e-01	   3.2150609146869985e-01	   2.4826059391759780e-01	   1.3596527774863670e-01	   2.5573635896428254e-01	   2.6000986977970653e-01	   3.9418622689537591e-01	   3.0238234237938677e-01	   3.6239740440244361e-01	   2.8843193328742678e-01	   2.1442511254067859e-01	   2.5022434222528644e-01	   2.2655585894160590e-01	   1.9491454445177195e-01	   1.9515385113600398e-01	   2.2998965835431084e-01	   2.1439418806055735e-01	   9.6822761172663169e-02	  -1.9968578429560327e-01	  -1.1298523098652608e-01	  -1.3959219272754075e-01	  -9.9037640788849149e-02	  -8.8422653895556230e-02	   5.2369017967275298e-03	   1.3396422120016194e-01	   1.0347546410194587e-01	   1.5205152602579045e-01	   2.1864714701278298e-01	   1.9149650950835606e-01	   2.1706079808106876e-01	   9.1668011604885705e-02	   1.1468288281033873e-01	   8.1294302022242956e-02	   1.1296204123472357e-01	   2.0182662178696942e-01	   2.2593377713721163e-01	   2.1819738084247697e-01	   1.3510373256933775e-01	   3.1644975554138288e-01	   3.5865334142370087e-01	   5.8518662051709282e-02	   9.1331093660244125e-02	   3.1901441055613794e-01	   2.6951286653027329e-01	   3.1307571278685531e-01	   5.3907549732091853e-01	   1.9374551913121346e-01	   2.1105638393438475e-01	   1.8863667961084077e-01	   1.8605935436436213e-01	   2.2891224304362695e-01	   2.9805647331827001e-01	   2.1586959132165812e-01	   1.5081017253264903e-01	   2.4771225490860435e-01	   2.6884265608891422e-01	   3.7129310696027745e-01	   3.8038896668461492e-01	  -8.9911725570940473e-02	  -1.7730652326188237e-01	   1.2700658048815894e-01	  -2.2920312433694995e-02	   1.1729101750871483e-01	   1.6965641609968043e-01	   2.0194716603697208e-01	   3.5961444904814649e-01	   2.3428564320087453e-01	   2.5651552402598798e-01	   3.1998336249826231e-01	   5.5455763431578964e-01	   3.3701483103539565e-01	   2.5786141124033879e-01	   2.2918414029836356e-01	   1.2955325136284707e-01	   1.5530012269627846e-01	   1.3971587529775797e-01	  -9.9499470919206912e-02	  -1.7075625953699430e-01	  -1.4602969828394236e-01	  -1.0421873601421142e-01	   1.6671683141377347e-01	   1.3997967751864573e-01	   2.6225576170541148e-01	   2.3252366237732630e-01	   2.7952793613168625e-01	   1.8021517683468824e-01	  -1.3879277209554591e-01	  -1.6747460101640727e-01	   3.5836574193167181e-01	   2.3947623237351981e-01	  -9.1472092538767091e-02	  -1.3532722257494462e-01	  -1.7483528351747102e-01	  -7.5237858454614975e-02	  -6.0951075162235170e-02	  -1.1961047760645012e-01	  -2.5739343128734499e-01	  -2.4947539977109104e-01	
   5.4828855754491235e-01	   5.5482723354295227e-01	   5.7823995333717049e-01	   6.5485998430945203e-01	   6.7190860389704365e-01	   0.0000000000000000e+00	   7.4222025146105897e-01	   7.3482642798804398e-01	   2.7056637144437373e-01	   5.2219198943893863e-01	   4.9922594692627076e-01	   5.0084601524621197e-01	   4.4441528044510226e-01	   4.7852550648932568e-01	   4.9392093380885033e-01	   3.1601240526484736e-01	   2.3331792878070318e-01	   4.0513699109167739e-01	   5.2817927373006213e-01	   4.6850520407310675e-01	   1.7035768349121433e-01	   1.4260373899220166e-01	   2.8110350543162566e-01	   4.0662335059943655e-01	   6.0813857293771623e-01	   6.0723190835911789e-01	   7.3247718820620167e-01	   6.8262711320731939e-01	   4.2044174473633034e-01	   3.1447585988155169e-01	   1.8253793110752489e-01	   1.7369451705210437e-01	   4.3489660870071123e-01	   5.2175245536307335e-01	   2.0860549482854079e-01	   1.3975085959640965e-01	  -2.0384879158323116e-01	  -1.4888477748413181e-01	  -1.8225602434590790e-01	  -2.6058640758014817e-01	   8.3840068137029568e-03	   1.6415091302468868e-01	   4.2678169017739731e-01	   3.9535537098482004e-01	   2.3930781344357210e-01	   3.6861047513135903e-01	   2.9768821442591481e-01	   4.3562665305501552e-01	   3.4569203577692553e-01	   4.1609879468776917e-01	   2.9011430863928950e-01	   3.0001995307617368e-01	   3.9194634802519468e-01	   5.5128132436998056e-01	   3.3331148662564725e-01	   2.6679112850080716e-01	   2.7560346773199795e-01	   3.6171885650741309e-01	   4.2826521870491824e-01	   4.8124181358712426e-01	   4.5035241408668436e-01	   5.7707612016072662e-01	   2.1534230904128279e-01	   3.2737126113437753e-01	   1.9806370130360751e-01	   2.4925504702933804e-01	   3.8286540271400937e-01	   3.7212582231531405e-01	   4.2151801266781896e-01	   4.6499571473789036e-01	   3.7842309031217471e-02	   1.0647857334010560e-01	   3.1172422972735253e-01	   3.2300255451381743e-01	   1.2008870712555766e-01	   3.0770626051461719e-01	  -2.2503999676527675e-01	  -3.0033421408937927e-01	   2.2947459896405581e-01	   1.8300222264599794e-01	   1.0532353720562594e-01	   1.6704712678191860e-01	   2.1737106616927776e-01	   3.0389802530114918e-01	   3.8176918048893110e-01	   4.9404851459405325e-01	   1.6293189630786947e-01	   2.0455993707535045e-01	   3.9359820001811913e-01	   5.1664764124036311e-01	   4.7970178820197196e-01	   2.7115024214653793e-01	   2.8211958627469613e-01	   3.5225422393595418e-01	  -7.6976611800755490e-02	  -2.5952477779191119e-01	  -2.2155683664263109e-01	  -1.2671428689898070e-01	   4.0948668990885267e-01	   3.9854723121050306e-01	   2.7099100118671432e-01	   2.4367571157499912e-01	   4.5421669155063343e-01	   3.8583500315222197e-01	  -1.2753584244870358e-02	   1.9157382209594793e-02	   3.0153183164055591e-01	   3.4095678747489538e-01	   3.0794257641602440e-02	  -1.0616628894368746e-01	  -2.8396586700737542e-01	  -9.8274950077042456e-03	   7.2256793820370382e-02	  -1.7794390009157818e-01	  -3.1558811731493108e-01	  -2.1482361961585006e-01	
   1.0724576626245557e+00	   9.7136223500248009e-01	   1.5268548862435718e+00	   1.4737633729215427e+00	   2.7364975803088631e-01	   7.4222025146105897e-01	   0.0000000000000000e+00	   1.5451831604408228e+00	  -1.3879710258425429e-01	   2.3940716930743546e-02	   6.0690371449857139e-01	   4.5083323929564700e-01	   6.7897695243959821e-01	   5.7172883028894139e-01	   6.7370386727381415e-01	   4.1936310821803618e-01	   1.9120545375737211e-01	   3.0949024361868477e-01	   1.0728284687566652e+00	   7.8775392014873880e-01	   4.4107226137556704e-01	   3.8391463064833375e-01	   6.0086786952847160e-01	   5.7181438294060183e-01	   7.4108560064883433e-01	   7.3999597443626164e-01	   7.6655898683956125e-01	   7.3591929353780872e-01	   4.4969760955883054e-01	   2.8760394940575967e-01	   4.2737175466131655e-01	   3.9095429195373821e-01	   1.0143080203324104e+00	   1.0382197682971899e+00	   4.6526626793456821e-01	   3.7043360982724094e-01	   1.4246797931181454e-01	   2.7192998222478887e-01	   5.6784056243863866e-02	   4.3768129780721643e-02	   4.1191243577529774e-01	   5.3394102839211022e-01	   6.7335510470874294e-01	   5.3620352474471733e-01	   1.7226775627080551e-01	   4.1640923202568736e-01	   7.2219448197890868e-01	   9.7051086527957875e-01	   3.6598316954267546e-01	   6.3230477787013495e-01	   5.9612768907254565e-01	   5.9267410958149103e-01	   8.7774693607800647e-01	   1.2251090551262911e+00	   8.8906665727396983e-01	   8.9813122941595402e-01	   4.4348943467828017e-01	   5.6158821707841544e-01	   1.0365983985569756e+00	   9.8862218283139636e-01	   8.3539701501288899e-01	   9.2265875368886985e-01	   1.9214991717149354e-01	   1.3933529533597266e-01	   5.5466774356570869e-01	   5.8658311942864638e-01	   9.0116057397411320e-01	   7.9741101321637475e-01	   7.5357958002688996e-01	   7.6081968862016824e-01	  -7.2988698714911244e-03	   1.3693359213320680e-01	   3.7210443285635908e-01	   3.5865663416169458e-01	   9.4918669144784279e-02	   4.0477493342576021e-01	  -7.2628125265418758e-02	  -2.2019905118479838e-01	   3.0992520714041238e-01	   2.4931811770444096e-01	   2.9721087650534950e-01	   2.6280556279539280e-01	   2.9711114345578482e-01	   1.9374293094183309e-01	   8.7000146415303892e-01	   9.9756247817034671e-01	   1.5057097573646141e-02	   2.3759985154445402e-02	   8.4312693660616667e-01	   9.8277237517266236e-01	   9.0876642530599150e-01	   7.5598847092804744e-01	   5.0128018849070044e-01	   6.6419042079445834e-01	   2.2198574428923779e-01	   6.0949479475182408e-02	   2.1784981290276506e-02	   2.2660536633059730e-01	   1.0351613489349074e+00	   1.0697257326399978e+00	   3.3739421043921081e-01	   3.5808722257420428e-01	   9.2390124429264953e-01	   7.0905875031226051e-01	   2.5551924600080622e-01	   3.5584283394251748e-01	   5.6474787583362651e-01	   2.8263231431218117e-01	   2.8093812265782314e-01	   5.6794048668626564e-02	  -4.7244513839633864e-02	   2.7996551691873972e-01	   3.6047473726976925e-01	  -1.0855634744813057e-01	  -1.9454211657626055e-01	  -2.2595619266461420e-03	
   7.9299238137410444e-01	   9.2003994495735142e-01	   1.0016798801040694e+00	   1.4210352369040757e+00	   3.1551640758227179e-01	   7.3482642798804398e-01	   1.5451831604408228e+00	   0.0000000000000000e+00	   1.0698748814141904e-02	   9.3060950633334805e-02	   6.2307053252799371e-01	   5.1200868051680870e-01	   5.1423605904553948e-01	   5.6030585318718518e-01	   5.3732450804685095e-01	   2.6614276012633875e-01	   3.8045278748834932e-01	   4.7475636484999517e-01	   9.7583297770947086e-01	   8.5906416488626625e-01	   3.7844166900757237e-01	   2.6419272134835403e-01	   4.9351389632747539e-01	   5.2065841083600983e-01	   5.9779664590056181e-01	   6.3945899960031227e-01	   6.2401223620134949e-01	   5.4113816388840141e-01	   4.6673152312037097e-01	   2.9617307574807050e-01	   3.9639748877192904e-01	   4.1016164699630930e-01	   8.6820311556655017e-01	   9.7805023190890528e-01	   3.5004791663793611e-01	   3.2347323460273847e-01	  -1.8533859276601741e-02	   1.1553224793432919e-01	  -1.3299461993047490e-01	  -1.3215846225452596e-01	   2.3779449844496992e-01	   4.5371109334568061e-01	   6.8302853354159965e-01	   6.2872112903057231e-01	   1.9594422290231217e-01	   4.8224612286599777e-01	   6.0721837617355157e-01	   8.3891713801158974e-01	   4.1519777722179579e-01	   6.7100128285218608e-01	   4.9676943298336940e-01	   5.3018460658141531e-01	   7.5534788012003584e-01	   9.5928588733267528e-01	   7.4383543078588987e-01	   7.0248215163408423e-01	   4.5047854653011821e-01	   4.6880240335169793e-01	   8.5364797272390192e-01	   9.2467875949308620e-01	   6.7543153651202925e-01	   8.9016184278255661e-01	   2.6080090163011438e-01	   1.7495744626428963e-01	   3.9621822993657280e-01	   4.6973080065282435e-01	   6.9459066670818581e-01	   7.1828493879675015e-01	   6.6357185456178702e-01	   6.4377554731516118e-01	   7.3928478804955629e-03	   1.8049924885021923e-01	   2.8847458827560807e-01	   2.9156365637128068e-01	   1.5777642852726842e-02	   3.2092456956952486e-01	  -1.7473586004119124e-01	  -2.4668351138643527e-01	   2.3615369839351830e-01	   3.0047257135107497e-01	   2.9948934543996036e-01	   2.3129793117545083e-01	   2.8201338851450020e-01	   1.9326017156325956e-01	   6.2772322621502452e-01	   7.7826918817512059e-01	   1.8659957835705282e-01	   6.1839578067133610e-02	   6.9803207369403153e-01	   6.5884390614577293e-01	   8.0210528186654662e-01	   6.2276397265881012e-01	   5.1455793573800879e-01	   6.5039491001666982e-01	   5.9153539848229866e-02	  -4.0962474869534575e-02	  -8.1158987708092364e-02	   9.8208980490542691e-02	   8.5769447931666343e-01	   8.3041149558503857e-01	   2.5178178060696282e-01	   3.7722913179825851e-01	   7.5977918795083232e-01	   7.4504318272527414e-01	   4.5033031916360244e-01	   5.0970407623553970e-01	   4.0282458381672048e-01	   3.5134307987852897e-01	   1.3738256190552639e-01	  -6.3792468326018384e-02	  -1.8857462772152478e-01	   1.6943708661553605e-01	   3.1338108775447110e-01	  -1.4780655417755784e-01	  -1.9069481992215923e-01	   2.8266688690700589e-02	
  -1.2690490797692011e-01	  -7.8873023087756108e-02	  -2.1440688427328464e-01	  -1.1970413303741463e-01	   8.3356397054541698e-01	   2.7056637144437373e-01	  -1.3879710258425429e-01	   1.0698748814141904e-02	   0.0000000000000000e+00	   1.0488120481461294e+00	   1.6004173511545328e-01	   1.2603664336132395e-01	   7.2502352064204884e-02	   1.3697101438742684e-01	   2.1242184547214684e-02	   9.0284400604765305e-03	   2.7672608418173672e-01	   3.0737899150386300e-01	  -1.0271479817970552e-01	   1.8644544484350947e-02	  -2.4340886610453494e-01	  -2.7719734802155238e-01	  -1.5502385172643174e-01	  -7.8533788168285365e-02	  -1.8426168605572493e-01	  -1.9616231712886995e-01	  -1.2916198356866684e-01	  -1.9969640604009486e-01	   1.8663139917170828e-02	   1.0185413600494778e-01	  -2.0679021599642652e-01	  -1.0157169223583552e-01	  -1.9216796618792467e-01	  -1.6358280309278436e-01	  -8.3262185498573685e-02	  -9.4367166360837348e-02	  -3.2830144394914224e-01	  -3.4254822066719665e-01	  -3.1775787641598097e-01	  -2.7896571652319990e-01	  -2.8377404340161133e-01	  -2.4086705722199930e-01	  -2.6484692843727564e-01	  -1.8263746134630113e-01	  -9.6762151653654260e-02	  -1.0486063535743764e-01	  -2.7827407785540392e-01	  -2.1416629364009698e-01	  -1.7611367435412997e-01	  -2.7372410947955927e-01	  -2.8425166682214431e-01	  -3.1794063461488459e-01	  -2.0499398739130423e-01	  -2.0909548321859131e-01	  -1.7874887251417740e-01	  -2.4664708738103236e-01	   1.4198629038325997e-01	   1.0423827387660381e-01	  -1.7910852109609612e-01	  -1.8901323460684175e-01	  -5.2540249165577047e-04	  -1.5054896960834214e-02	   2.7894009151306620e-01	   3.6715131186428973e-01	  -1.6650121320500980e-01	  -1.3017374944232829e-01	  -1.7461340798813074e-01	  -1.8103863574914830e-01	  -1.3724043502659006e-02	  -4.1368563156723326e-02	   1.4033367285118828e-01	   1.2460507464408520e-01	  -4.1802636887276869e-03	   2.8925288448917261e-02	   1.3382985293584360e-01	   6.8532568798300303e-02	  -1.6697402851689369e-01	  -1.5991457632700515e-01	  -1.5657447887880389e-02	  -6.9895427588777995e-02	  -2.6104721687128210e-03	   2.4227696037022045e-02	   2.3116450409768410e-02	   3.2643516816784662e-01	  -6.6494380976166362e-02	  -1.1503009619501925e-01	   3.4436637105212714e-01	   4.8402378488905373e-01	   2.1987102672501577e-02	  -1.2488818847142268e-01	  -1.8545639035345909e-01	  -1.6122012222753357e-01	  -8.3135317267035963e-02	  -3.7179048731205096e-02	  -3.4105482891098848e-01	  -2.7436917892798446e-01	  -2.7036384665947172e-01	  -2.7863545306523740e-01	  -2.5678526217841019e-01	  -2.0645501061207189e-01	   4.9195352880580551e-02	   1.6637277091730290e-01	  -2.9255406047255361e-02	   4.7164149738929025e-02	  -2.3333800872891625e-02	  -1.1670522855085904e-02	   6.2511505267586184e-02	   1.9302754069254011e-01	  -3.8921807128554059e-01	  -3.1203150407647540e-01	  -2.8615974541891609e-01	  -4.4580574577207621e-01	  -3.5977846194976121e-01	  -1.4725218674412233e-01	  -1.9955856429025765e-01	  -2.0498995234660380e-01	
   4.0341741415145425e-02	   6.2182993521607312e-02	  -3.5472154570186626e-02	   3.3552005410870889e-02	   9.2878967399186352e-01	   5.2219198943893863e-01	   2.3940716930743546e-02	   9.3060950633334805e-02	   1.0488120481461294e+00	   0.0000000000000000e+00	   2.3735900571405916e-01	   2.7138571194372013e-01	   1.9767559549884514e-01	   2.3726609206744140e-01	   1.7202355172690639e-01	   1.5861744445764767e-01	   2.6248190957931972e-01	   3.4240924524082089e-01	  -1.2738108503216663e-02	   8.5794671757595906e-02	  -8.5197013309894279e-02	  -1.7786149442022930e-01	  -7.9419289020333558e-02	  -3.6292295513732976e-03	  -7.6049841202028401e-02	  -9.6514131391240474e-02	  -8.4783323207444673e-03	  -6.4538050463314831e-02	   6.2391785265852165e-02	   1.0738968456359035e-01	  -1.6286652610563702e-02	   3.3049056919107651e-02	  -2.1934494207221128e-02	   3.9344803830219974e-02	   1.7244695616125103e-02	  -2.4925020663400771e-02	  -1.4166457675758667e-01	  -1.7224733158993574e-01	  -1.9300987227229849e-01	  -1.6968515770458320e-01	  -1.4200238123531198e-01	  -2.0377860047827662e-01	  -1.5332223767017303e-01	  -1.2247868784731430e-01	  -7.2491252324835883e-03	  -3.7851234554791766e-02	  -1.1947987015629487e-01	  -9.0658403577304342e-02	  -9.3988921566195621e-02	  -1.9653254307993423e-01	  -1.5791014963095829e-01	  -2.2672970257886238e-01	  -1.3945474436395736e-01	  -1.3128507436818859e-01	  -7.1960149084061231e-02	  -1.1201144330046273e-01	   2.2383415240338195e-01	   1.8334000370706260e-01	  -7.0549823629936406e-02	  -1.6550084220905550e-01	   1.1909791029461854e-01	   3.6661081960930840e-02	   2.6786381625518829e-01	   4.3251905319852402e-01	  -2.0156672143512765e-02	  -2.7475566021377022e-02	  -5.4352159463284748e-02	  -4.8819101358751123e-02	  -9.7649220078825118e-04	   2.0018406528250342e-02	   1.5634381348003193e-01	   1.3361651804723634e-01	   1.1035776707344067e-01	   7.5594267790169534e-02	   1.9862364364999791e-01	   1.2631928011388346e-01	  -9.0154157052976788e-02	  -1.4044740042167278e-01	   2.1700150964709197e-01	   5.3427109963945625e-02	   5.9456099695472678e-02	   7.7948325247931702e-02	   5.9898276648959027e-03	   2.8689548130055786e-01	   5.1326285454514203e-02	   5.1991481583736621e-02	   1.1525720948413040e-01	   3.2581186308218218e-01	   6.7032809127171550e-02	   5.9622509211575657e-02	  -1.0028768999660634e-01	  -1.4070178674248268e-01	   2.6999759192748090e-02	   1.1203906906817229e-02	  -1.7473705333832651e-01	  -1.9113026392014440e-01	  -1.9513034524565903e-01	  -1.7022554214212443e-01	  -1.2966509376053584e-01	  -1.0504755984190620e-01	   1.2355709555715449e-01	   1.6550429758670376e-01	   5.3468323041737736e-02	   1.9771650044871660e-02	  -1.7557567287769463e-01	  -1.9650764296376397e-01	   1.7448330001869330e-01	   6.4682054978749848e-02	  -2.5335296915094718e-01	  -2.3082789258919401e-01	  -1.9759690760413401e-01	  -3.4534210008561173e-01	  -2.2003015856175423e-01	  -1.8375605159936820e-01	  -2.6426830152959435e-01	  -3.5350232980643026e-01	
   9.0606372243877153e-01	   7.6960602976792769e-01	   5.1805222190276534e-01	   5.4834586705260413e-01	   4.0789825461361395e-01	   4.9922594692627076e-01	   6.0690371449857139e-01	   6.2307053252799371e-01	   1.6004173511545328e-01	   2.3735900571405916e-01	   0.0000000000000000e+00	   1.0531258954662863e+00	   1.0188860960726869e+00	   9.7875618964535782e-01	   3.4939864092137779e-01	   1.6583192552187753e-01	   8.1255722426923449e-01	   6.8867451333347129e-01	   9.0216011974780996e-01	   8.0895502326545810e-01	   3.3254749201243239e-01	   1.5762775748724170e-01	   5.0563887601819624e-01	   4.1982361098465087e-01	   3.7956241492520659e-01	   4.8033004708675636e-01	   4.3580851432157791e-01	   3.3142675731086130e-01	   1.1101966858275512e+00	   6.5780030838575265e-01	   6.4362265923975315e-01	   4.3273167097234111e-01	   6.1350005075293557e-01	   6.3137945034134257e-01	   3.2798563815717252e-01	   3.3544274409333641e-01	   1.0434801492733974e-02	   1.0776983118575530e-01	  -1.6862134581406082e-01	  -1.2253990708939966e-01	   2.1286241294599031e-01	   4.6420977734370922e-01	   6.3127710591795028e-01	   5.4501834157963924e-01	   4.2741936205045439e-01	   4.6457316607362581e-01	   5.3284582130073455e-01	   6.7887265153364751e-01	   5.6442996692097724e-01	   5.5354019593287052e-01	   4.1218896989421017e-01	   2.9972690709232019e-01	   4.6591762533220682e-01	   5.1789681892822781e-01	   5.1319322709755633e-01	   6.2048516056832115e-01	   4.6941659803975549e-01	   3.7434591871046907e-01	   6.5590775183522632e-01	   5.5347861220249717e-01	   8.6324841055889134e-01	   7.8085496946255561e-01	   3.2240661123443165e-01	   6.0989401560802281e-01	   4.6452457556911075e-01	   3.0167309540419557e-01	   3.9566076748522572e-01	   3.2416230646477878e-01	   4.8876542765363667e-01	   3.6005364952988006e-01	   5.0989575343650806e-01	   3.8314634819396426e-01	   6.8192729597295632e-01	   5.5820890766638376e-01	   5.8124956848690701e-01	   6.4080229272226463e-01	   1.0662842281193669e-01	  -9.1815599940741691e-02	   7.2039943806306672e-01	   2.6472324347649268e-01	   7.6980405163091403e-01	   5.8142452896187891e-01	   6.5661706291663713e-01	   5.3253634459489407e-01	   6.6770189164698879e-01	   5.6527811386337912e-01	   2.0888370695178152e-01	   2.6579938630966155e-01	   6.3341901750634755e-01	   5.3562203162470357e-01	   2.4328313121254164e-01	   4.3441798661619319e-01	   5.6270246259959178e-01	   7.7212204615076885e-01	   2.9304131978582868e-02	  -1.1938887715443758e-01	  -1.3433976506033932e-01	   6.0040409560800211e-03	   4.2626727356544836e-01	   6.1160593457589330e-01	   4.9763770018629827e-01	   7.5313489573792014e-01	   6.4638553760609285e-01	   6.7463017660204050e-01	   1.6251233621009942e-02	   1.9440523208577440e-01	   4.6065083091937237e-01	   1.0641522566055327e-01	   5.4316681815912260e-02	  -1.7766355173735793e-01	  -9.8564519251545024e-02	   2.5064393719096045e-01	   2.9453790660067486e-01	  -1.9985333999492408e-01	  -4.4964515585643144e-01	  -2.7577556484793103e-01	
   6.8257552815350686e-01	   8.4035299985586076e-01	   3.9624766687335256e-01	   4.8115430374850193e-01	   2.7739021567361233e-01	   5.0084601524621197e-01	   4.5083323929564700e-01	   5.1200868051680870e-01	   1.2603664336132395e-01	   2.7138571194372013e-01	   1.0531258954662863e+00	   0.0000000000000000e+00	   5.4133613000478276e-01	   1.0565201089528176e+00	   1.6763742600794490e-01	   3.8835595135696538e-02	   8.6426705488162747e-01	   8.4738692088892176e-01	   6.7321843400844505e-01	   7.3648374755137180e-01	   2.4893716520231507e-02	  -8.2834428054888221e-02	   2.3353027528535933e-01	   2.4453068211572998e-01	   1.5315768580430725e-01	   2.2062937323038376e-01	   3.1013422472719765e-01	   2.2282717733787094e-01	   1.0193602524734131e+00	   7.7353839739356212e-01	   5.2163234201157893e-01	   3.8881369771291896e-01	   5.2654851560390603e-01	   6.1633870714987538e-01	   9.6231930616872297e-02	   1.7339724780674806e-01	  -1.5222860201119170e-01	  -6.6717241763073698e-02	  -2.9715782650451839e-01	  -3.2245609724822022e-01	   2.2781391373038279e-02	   3.5368672501777654e-01	   4.7080668855263230e-01	   4.9129185655564334e-01	   3.1249875403293731e-01	   3.6112374994348234e-01	   2.9173810363913588e-01	   3.6193687841047562e-01	   5.6972667035670865e-01	   4.4904510768122313e-01	   4.2062783214633598e-01	   2.5470950099229589e-01	   2.8706531841887978e-01	   2.5196176294726474e-01	   2.1269645589911482e-01	   3.1563395434891683e-01	   3.5483338198882641e-01	   2.2906618273909699e-01	   6.2849257640773548e-01	   5.5578911201912395e-01	   6.0555676842902706e-01	   6.7583862316334398e-01	   3.5674152003208864e-01	   5.6050306927115745e-01	   1.7603335143485277e-01	   1.7682497531940056e-01	   2.2966982121579227e-01	   1.8735738350255246e-01	   3.6376431229531481e-01	   2.2366155640825319e-01	   3.1083172888982552e-01	   3.0154717457583430e-01	   6.1674602516388177e-01	   6.2662428594342601e-01	   3.3053520484589188e-01	   4.5930474950048095e-01	  -7.3324450965169027e-02	  -1.7601584241122981e-01	   6.9314690304396942e-01	   4.3945757939318053e-01	   4.6219772849979079e-01	   5.6194129123075953e-01	   6.1985749059341400e-01	   4.9098182289255188e-01	   3.7846772577012622e-01	   4.9750441582105875e-01	   1.8837140951376896e-01	   1.8535315034537431e-01	   3.1463230876666443e-01	   2.8357221769576607e-01	   2.4284520135442689e-02	   6.7497698584906396e-02	   4.1046444509393343e-01	   3.2207601561479304e-01	  -1.5440035281979206e-01	  -1.6849492487190365e-01	  -2.3992741319655705e-01	  -1.4764467989148078e-01	   2.2079547502798916e-01	   3.0425165000320975e-01	   1.8006986242291878e-01	   2.8190597154450320e-01	   3.3814396244394490e-01	   3.0179667998949022e-01	   2.4205586008031015e-02	   1.6766341729923884e-01	   2.1167264707783387e-01	   2.0602508021714455e-01	  -1.6743211373384262e-01	  -3.2702108720978540e-01	  -2.3340538034750655e-01	   1.7856272751528564e-02	   3.8000641532954599e-02	  -3.7426757414997935e-01	  -3.8997674187334741e-01	  -3.5149796166891983e-01	
   8.5019805968608342e-01	   6.2282890987545103e-01	   6.1137393510274485e-01	   4.9781343581424065e-01	   4.1930245530087068e-01	   4.4441528044510226e-01	   6.7897695243959821e-01	   5.1423605904553948e-01	   7.2502352064204884e-02	   1.9767559549884514e-01	   1.0188860960726869e+00	   5.4133613000478276e-01	   0.0000000000000000e+00	   8.5954934357850232e-01	   7.9181622490047221e-01	   7.0110859221756383e-01	   2.9232391181803519e-01	   2.0512001284619444e-01	   6.1411581817182093e-01	   4.4288171697441153e-01	   5.4614831476582437e-01	   3.6243114832943901e-01	   7.2727987708902697e-01	   5.5016647077551672e-01	   5.4113506696449964e-01	   5.9690162706085714e-01	   4.6157983170011663e-01	   4.0559087029907420e-01	   6.7606119215835991e-01	   3.5429674430130209e-01	   6.2284156921469680e-01	   4.3023769259403105e-01	   4.7845579698343743e-01	   4.6556838120215138e-01	   4.7255952225791542e-01	   3.2218684863581237e-01	   1.0234512149803478e-01	   1.9950721733606511e-01	   9.2249047303528311e-03	   5.4231895592920951e-02	   3.0227419419003559e-01	   6.4211983788642790e-01	   4.7822012938939068e-01	   3.4399764564048674e-01	   2.2377869779492648e-01	   2.6471465908280084e-01	   5.8184979015984328e-01	   6.6997312529440578e-01	   2.5619591376864442e-01	   5.0739213692337326e-01	   4.8303324155448935e-01	   5.0379784064436284e-01	   6.7863596382807245e-01	   7.1242113577900779e-01	   6.7536680685980066e-01	   7.5143237685247699e-01	   3.8481502856747080e-01	   3.6501396042527184e-01	   5.0818330070170270e-01	   5.1143324385162736e-01	   6.5862139070841341e-01	   6.1251111124651847e-01	   1.1371484927828243e-01	   3.2060915627131625e-01	   7.3731302640027907e-01	   5.2792333690645710e-01	   4.5953573303853801e-01	   3.8382673306876508e-01	   4.3006073702640357e-01	   3.7552094454208357e-01	   3.4063271480821766e-01	   2.2422272701392096e-01	   5.8699737270049057e-01	   4.7543279965548640e-01	   5.2825374158166272e-01	   5.4293244548106867e-01	   7.4965347298358465e-02	  -2.2176912714138108e-01	   4.7908084097454962e-01	   1.3372184264451542e-01	   7.1798558918159250e-01	   5.1413161240679739e-01	   6.7978899066443310e-01	   5.5087763274597801e-01	   1.1608442769457825e+00	   9.5915337179551063e-01	  -2.4564059586553747e-03	   2.1270743770540260e-01	   7.5974070054854925e-01	   9.9579338611544754e-01	   4.8062140361255878e-01	   6.7914638363333735e-01	   3.9136359882792915e-01	   6.5681216448063684e-01	   1.1659135982539834e-01	  -7.1821725134815717e-02	  -6.3502062359657760e-02	   1.0002386353722850e-01	   5.1300566238160061e-01	   8.1005261108131921e-01	   4.6419789585485155e-01	   6.0875932467650629e-01	   8.1087627020865749e-01	   6.7033622607969467e-01	   1.1604094342247177e-02	   1.3561415067147170e-01	   7.2786377259413793e-01	   1.8860362095612757e-01	   1.0361748862265854e-01	  -6.5559955677307505e-02	  -3.4311547774791763e-02	   2.8518320228843991e-01	   3.4913869766412381e-01	  -4.1162096950242894e-02	  -3.1254371982103690e-01	  -2.2882696037695352e-01	
