   0.0000000000000000e+00	   1.0006151713288576e+00	   6.3149021936873329e-01	   8.8843326561662994e-01	   6.7122509631582117e-01	   5.8779047005635021e-01	   6.8780114048426222e-01	   8.5802545930180862e-01	   6.1657949455896977e-01	   4.4958884292250734e-01	   9.0286111422407056e-01	   6.2813102789222552e-01	   6.4112073770190769e-01	   5.3989824156284894e-01	   7.3500782266226961e-01	   7.1784577682355388e-01	   6.5492831699129983e-01	   5.1141918817123833e-01	   9.9140105043075477e-01	   1.0144901462039200e+00	   4.7912894411092211e-01	   4.4989280405722776e-01	   5.3515497902544262e-01	   5.4640291291451648e-01	   3.3743531425044343e-01	   3.9863617235519538e-01	   5.4281167840164490e-01	   5.0728514428731031e-01	   8.7962002933522687e-01	   6.1758959872603281e-01	   4.4170238344989071e-01	   4.7122967923523407e-01	   7.1172767891867217e-01	   7.4944143999914981e-01	   3.7288146610231865e-01	   2.7081151889717558e-01	   4.1875648234451052e-01	   4.2716026551164382e-01	   6.9706656864531946e-01	   7.8056230917873293e-01	   5.6661777988194206e-01	   7.3250679105733152e-01	   7.5011464025149646e-02	   3.9062835140624579e-02	   1.4014818620256167e-01	   1.1934294934713312e-01	   3.1110492202483914e-01	   4.6491237087153664e-01	   6.4342698335012258e-02	   1.4571739079717083e-01	   3.3099082744134822e-01	   3.2460406243428819e-01	   5.7043635411104732e-01	   4.9754025006685354e-01	   5.8858180437509411e-01	   7.1698698048337661e-01	   8.2611992796251343e-01	   6.1311180143420174e-01	   5.1360336797127060e-01	   3.7312646480277567e-01	   6.5096308014503879e-01	   7.8197413226211021e-01	   7.9861283536166838e-01	   6.5775885863220640e-01	   5.1768562701313003e-01	   5.8941015306915689e-01	   5.2835276603374215e-01	   4.4544886729994587e-01	   4.2753897615746816e-01	   5.0037550648548190e-01	   4.6015067340582844e-01	   4.1569819104046046e-01	   7.1639037395115912e-01	   6.2354915953995205e-01	   8.0492080214243922e-01	   6.6579986118136869e-01	   8.5309243894171094e-01	   8.2126393858811586e-01	   3.4557292865390510e-01	   4.3443206872765316e-01	   7.8876139833406722e-01	   6.6600660517818200e-01	   7.5048594250565570e-01	   5.2516871341649418e-01	   6.6126661392880515e-01	   5.7491732234990445e-01	   3.9946266656828910e-01	   2.8999663471554810e-01	   5.7517718508678828e-01	   6.8115828269851353e-01	   7.6541941860238660e-01	   5.9215397827704841e-01	   6.9285364848184494e-01	   5.8350901358173113e-01	   4.6730842076292334e-01	   2.3213620216856171e-01	   9.0744268135025852e-01	   9.9835258804911975e-01	   7.0687306778091474e-01	   8.8437159353852524e-01	   5.4938949672898563e-01	   4.6039217341133820e-01	   5.8300023383081334e-01	   4.0213796228192461e-01	   2.5563042423430499e-01	   2.6576097653703190e-01	   2.5582691177208661e-01	   2.5927572023792711e-01	  -3.1626241969092217e-01	   1.9478746765332974e-01	   6.2118570809285567e-01	   4.2363243513812082e-01	   3.3808768334349820e-01	   4.3218947859273360e-01	   3.4529747927940108e-01	  -9.3321266073606215e-03	
   1.0006151713288576e+00	   0.0000000000000000e+00	   7.1298648123419694e-01	   1.2071037871989883e+00	   6.6340947037943776e-01	   6.1424183779322483e-01	   6.3647693211265910e-01	   7.4871799276651585e-01	   6.1052256852723463e-01	   4.9933258997142871e-01	   5.5061285492056855e-01	   4.8243171816936709e-01	   3.7479306519911265e-01	   4.8700460354636488e-01	   7.4168357886017533e-01	   9.7086738646746396e-01	   8.2228659244021374e-01	   8.0867529464893195e-01	   7.3631806166076919e-01	   1.1142859140458161e+00	   6.8078643255057769e-01	   6.2484870513494972e-01	   6.9810878313265334e-01	   8.6739516140748441e-01	   6.0335267563731765e-01	   6.6262065924583935e-01	   8.2504977283932734e-01	   7.2199403569095377e-01	   8.1873847155017720e-01	   5.6741669800715855e-01	   6.3814809168324138e-01	   6.4673852637363194e-01	   9.1387368585996775e-01	   9.4445410455485845e-01	   5.3097802723821275e-01	   4.6742785425936939e-01	   6.7248810776715362e-01	   5.9425174731310115e-01	   6.8253155202020444e-01	   6.0061993448288220e-01	   8.5377517229396482e-01	   8.6569101204254628e-01	   2.1051790860108172e-01	   2.1975530190963072e-01	   2.8277430408850424e-01	   2.9984050568645237e-01	   3.9299753119355041e-01	   5.9243995014934214e-01	   2.8928657718341882e-01	   3.9495724427908346e-01	   5.2927664397562080e-01	   6.2923003142005574e-01	   7.6033754847943646e-01	   8.4850741499995974e-01	   7.4853056265492968e-01	   8.4880437471660586e-01	   1.1309141673640464e+00	   1.0195146881015416e+00	   4.8891019594256557e-01	   5.0128737987034222e-01	   3.9515973576379365e-01	   6.9350214144056788e-01	   6.5433890200687173e-01	   8.9394541321935561e-01	   6.0131450802638942e-01	   8.2456451250995633e-01	   6.2284333559462268e-01	   6.3858932348597408e-01	   3.7862708357538621e-01	   6.3055167461473971e-01	   4.8685653204311485e-01	   5.7026789676566270e-01	   8.5457201987920273e-01	   9.4635096180601841e-01	   8.4488417601046883e-01	   1.1266604054052540e+00	   9.2945194090290861e-01	   1.0883733518663661e+00	   4.6485565846133431e-01	   4.8785810321304712e-01	   8.6951874525314976e-01	   7.4963620312773238e-01	   7.1195703103415720e-01	   5.2079085409468318e-01	   8.5410670772209984e-01	   6.2042986528405375e-01	   5.1207745317065834e-01	   3.7509529350211923e-01	   7.9248593802805389e-01	   9.9411393197981934e-01	   8.8836371521370583e-01	   5.6209335771549584e-01	   8.1557528193842488e-01	   5.5328866713122282e-01	   2.3053722837780224e-01	   5.8688158930881335e-02	   5.8702685525756881e-01	   5.4542108449369719e-01	   8.5470291681461918e-01	   5.1565678546724336e-01	   6.2040843904927023e-01	   4.5695752060556610e-01	   6.1855572644397627e-01	   3.6020652577100559e-01	   1.2639273792446054e-01	   2.2254494567456332e-01	   1.3245099846547148e-01	   2.6867743428440888e-01	  -1.4231824318631053e-01	   2.3976543588821747e-01	   4.6544528076556391e-01	   2.8327270313903341e-01	   1.4113869306001176e-01	   3.6482129414168168e-01	   1.5923820610755218e-01	  -2.3479986021328839e-01	
   6.3149021936873329e-01	   7.1298648123419694e-01	   0.0000000000000000e+00	   1.2200239746138912e+00	   1.0251605596049302e+00	   8.6386327659323048e-01	   1.3213856775707526e+00	   8.0970332573661374e-01	   8.3742524580500344e-01	   3.6144540864834002e-01	   2.6066029476448260e-01	   7.0529163396744712e-02	   2.2841850362401306e-01	   2.3988514889840537e-02	   1.1618190987507604e+00	   6.8993081359788277e-01	   3.9731473113664895e-01	   3.6103259995283038e-01	   6.0325422058752842e-01	   5.0586035151686093e-01	   1.1567720922309297e+00	   7.7023554690016061e-01	   1.9008304722582006e+00	   1.2300676290197217e+00	   1.2619628852446834e+00	   1.1703147118026354e+00	   9.0471235745559242e-01	   8.4620299213612604e-01	   6.9235128447700423e-01	   4.5851602687666015e-01	   1.4960214749405050e+00	   1.3782590435442323e+00	   1.3398390588134621e+00	   1.1501339182803574e+00	   1.2152119671578709e+00	   9.5129948190656355e-01	   6.7683724391764410e-01	   5.1542075230933326e-01	   1.0845031467993269e+00	   5.5210839173718917e-01	   5.9355390713517386e-01	   5.8637840118301776e-01	   1.2476694242720918e-01	   9.7034258746675317e-02	   2.7584098681604913e-01	   3.0408585261108495e-01	   3.6845276173709979e-01	   5.4214367287449061e-01	   3.1198722144509328e-01	   2.2832595402393907e-01	   6.4255175020339950e-01	   4.3129140486520107e-01	   7.1976054496361697e-01	   8.7145995613814420e-01	   8.3644094405878855e-01	   7.2742350866618832e-01	   3.7645783697227853e-01	   2.2944147034555729e-01	   2.3118180807400887e-01	  -1.3785685675411521e-01	   3.0506599998401851e-01	   2.8508725585760963e-01	   3.5930717869348822e-01	   2.6810876745115114e-01	   1.4149852596306147e+00	   9.4337833349282940e-01	   1.1596480675258047e+00	   8.4108109819462540e-01	   1.4859344974945649e-01	   2.8247402565610957e-01	   7.0975129658333036e-01	   5.1176035821628030e-01	   6.3275421139350096e-01	   4.9200550575335356e-01	   7.0787813900689056e-01	   6.4810331805636934e-01	   7.9646426730953812e-01	   8.1460292849490112e-01	   4.2072594149084619e-01	   4.6010583234690455e-01	   6.9696758985474550e-01	   7.0419616282089448e-01	   8.2069679256507500e-01	   3.0921485916586311e-01	   1.3588814117545038e+00	   7.0300771576902810e-01	   6.4290389232718437e-01	   2.0768968056590822e-01	   6.4615855882414419e-01	   6.6551982608555105e-01	   9.2327921690100412e-01	   1.1273609766625583e+00	   5.9846938759842894e-01	   7.5727509394813952e-01	   2.7347460293279280e-01	   1.4411055735079442e-02	   4.7549543420431861e-01	   3.8916829131601383e-01	   4.2919269409223304e-01	   5.3331599691895581e-01	   4.4176652671821803e-01	   4.0062948615717930e-01	   5.2365993267297684e-01	   3.3679239313010245e-01	  -3.6443299962174595e-02	   5.0610034519013736e-01	   1.7900239574487928e-01	   1.4811783196900952e-01	  -4.0220672873378750e-02	   2.4162482168530994e-01	   4.2182963278139796e-01	   3.4752304867029266e-01	   1.3066610093945979e-01	   4.2135561556172907e-01	   4.2393756291639384e-01	  -1.4261515629272156e-01	
   8.8843326561662994e-01	   1.2071037871989883e+00	   1.2200239746138912e+00	   0.0000000000000000e+00	   8.5689728297723267e-01	   9.1144213528205320e-01	   9.4354239461479672e-01	   1.0272328156729700e+00	   7.2557340549162719e-01	   4.6894839309304992e-01	   3.0609667305997668e-01	   2.6517047772633506e-01	   1.9251355199915407e-01	   2.1594279209786343e-01	   9.9667688299976109e-01	   9.7835734404583496e-01	   6.6428339916252821e-01	   5.9002621282392809e-01	   8.2052560509410810e-01	   9.5127369292739727e-01	   1.0854672041297531e+00	   9.1356174821248470e-01	   1.2813098949541000e+00	   1.5455859050715341e+00	   9.7907311356201732e-01	   1.1259192910584332e+00	   1.0658125250192949e+00	   1.0534635427560655e+00	   8.6113015053246511e-01	   6.6953435497310354e-01	   1.1821413931047513e+00	   1.1687138502508625e+00	   1.4699864454887706e+00	   1.5027441280460976e+00	   1.0037891041874314e+00	   8.5687322373871122e-01	   8.4407629850972399e-01	   6.7179756540999569e-01	   9.2491473846305650e-01	   7.5669489008244772e-01	   8.5752245293844798e-01	   9.0810374429445662e-01	   1.7045022122857875e-01	   1.6783975096613654e-01	   2.9636598713829693e-01	   3.1620670692984371e-01	   4.0077624808377116e-01	   5.6401442948883118e-01	   2.9992047895377361e-01	   2.7657106692983874e-01	   6.3104061299890224e-01	   5.7476148574914920e-01	   8.1548270966373493e-01	   9.4999629053859835e-01	   9.2617107276302768e-01	   9.3184100301210659e-01	   7.8263919321176134e-01	   5.3703367851622841e-01	   3.7839693078506198e-01	   1.8645933915519960e-01	   3.0556126279643547e-01	   5.9330351139596116e-01	   6.1748327792341828e-01	   6.2582274262541804e-01	   9.3907533917000752e-01	   1.1764397364761066e+00	   1.0004897466512868e+00	   9.6011153463102905e-01	   3.3699766886700788e-01	   5.3567696318184455e-01	   4.8712206112739909e-01	   4.9430260542178861e-01	   8.0812173683972577e-01	   7.5759986463648976e-01	   8.1504846542504450e-01	   9.4797343891958263e-01	   9.7191813717641973e-01	   1.0660830428623820e+00	   4.5135191324244928e-01	   5.0700489597234144e-01	   8.7742657318145356e-01	   9.3631486728042534e-01	   8.2753705309294923e-01	   5.1981509016346295e-01	   1.1939361656918337e+00	   8.7399413504364076e-01	   5.4447464157234471e-01	   3.4919165663815610e-01	   7.7208364601121693e-01	   1.0302943053885083e+00	   1.1406628078375682e+00	   8.6615987960523466e-01	   8.6070030608483328e-01	   7.0177577714000505e-01	   3.1079146510792355e-01	   1.3199644699625029e-01	   5.5584204496978362e-01	   5.4560146356330752e-01	   7.1863003303992223e-01	   5.9834754837699533e-01	   6.2914499886779351e-01	   5.4345540394182579e-01	   6.7959330948939811e-01	   4.5003997044903332e-01	   1.1827327846477373e-01	   4.1857315621989211e-01	   2.2698084972099924e-01	   2.2195947055885457e-01	  -5.9801318303119640e-02	   2.7388435164143382e-01	   4.4763855358865562e-01	   3.3726003305146018e-01	   1.3831383341246162e-01	   5.7514146540402322e-01	   4.0079908907687961e-01	  -1.3617735143684051e-01	
   6.7122509631582117e-01	   6.6340947037943776e-01	   1.0251605596049302e+00	   8.5689728297723267e-01	   0.0000000000000000e+00	   1.4253917166671803e+00	   1.1920814810728111e+00	   1.0390771928463787e+00	   1.3184905673179272e+00	   8.4740285603981369e-01	   5.2993266462921429e-01	   5.2091545713895937e-01	   5.3863585145513926e-01	   4.3178871059226581e-01	   1.3823386193353617e+00	   8.0379671412620046e-01	   1.2136370070377171e-01	   1.3447123698586949e-01	   7.1269766158365622e-01	   4.8132775245708415e-01	   8.2506372241902071e-01	   6.0540289777891754e-01	   9.7347556817809844e-01	   7.3438956060252825e-01	   5.7639122943813648e-01	   5.6160600168044028e-01	   7.8253476138518363e-01	   7.2435166454840705e-01	   7.0439769849759171e-01	   5.3465231207147568e-01	   7.7149588921572554e-01	   7.4389422002203376e-01	   1.0115866257195865e+00	   8.2209981821862954e-01	   5.3853200451158667e-01	   4.6101071611233657e-01	   5.3082814293443270e-01	   4.3575592735141172e-01	   6.9374481647349384e-01	   6.8226361392421386e-01	   6.9598380057124554e-01	   5.5536331075280310e-01	   2.3131502937693479e-01	   1.8833851950330638e-01	   2.3339225530287241e-01	   2.9205679746746666e-01	   4.1793426584592347e-01	   5.8943059865743297e-01	   2.7597002497307704e-01	   2.9659640487928751e-01	   5.8738981196979523e-01	   3.2430102922323928e-01	   9.4553252142006239e-01	   8.8838983707953756e-01	   8.1312994414628226e-01	   8.7315951787150670e-01	   2.7928925552575190e-01	   2.6964571155334532e-01	   5.1882215460917391e-01	   2.0520271061260351e-01	   7.2263540815354765e-01	   5.8532152493429435e-01	   1.9298751861709296e-01	   2.0615503745173902e-01	   7.1048999507067068e-01	   5.2760966885030325e-01	   6.8976347350618927e-01	   5.4921802942882536e-01	   6.4244598652434454e-02	   3.6660496711124196e-01	   7.2382703520967706e-01	   5.9190090012387908e-01	   5.4050152638837079e-01	   4.6581163406644005e-01	   6.2652291842274288e-01	   6.2536100547141227e-01	   7.6329064208529973e-01	   7.6374254084925752e-01	   1.2715400611364228e-01	   1.0357734024100862e-01	   3.9896961373377249e-01	   4.4155279348162196e-01	   6.7164915340454112e-01	   1.6345357491588255e-01	   7.4660708613696880e-01	   4.8647890120402337e-01	   2.6315637179680867e-01	   2.7201011639604453e-02	   7.4536228686841000e-01	   7.9745709907193008e-01	   8.3978688278413882e-01	   1.0033324505823316e+00	   6.6344465350179960e-01	   7.9043526144521570e-01	   2.1706303218626677e-01	  -1.2520112566072064e-01	   3.9323187099346119e-01	   3.0048139073784846e-01	   5.7887481447563838e-01	   8.2658333098293046e-01	   5.9534625109965789e-01	   4.9391414476125683e-01	   5.3790201223073764e-01	   4.6208950226063850e-01	   3.9839462071453877e-02	   2.8556690856639755e-01	   2.3517293336273670e-01	   1.9750823586208416e-01	  -1.5389475589910151e-01	   7.8854729171269372e-02	   4.7654661032617907e-01	   4.5881433427435109e-01	   3.3610020674578106e-01	   5.3996480891603449e-01	   2.6682840688806020e-01	  -1.8712676115603938e-01	
   5.8779047005635021e-01	   6.1424183779322483e-01	   8.6386327659323048e-01	   9.1144213528205320e-01	   1.4253917166671803e+00	   0.0000000000000000e+00	   1.2105006517081740e+00	   1.2301120559814933e+00	   1.2963201069160368e+00	   9.8798755183351228e-01	   4.6192094961931918e-01	   4.8790153153057969e-01	   4.6718988166407027e-01	   4.0645711881609492e-01	   1.2443195516301142e+00	   8.1221929517634239e-01	   8.2542754319736469e-02	   8.7036210485181759e-02	   7.2232741111944931e-01	   5.1130011044795176e-01	   9.0886346147072195e-01	   6.9924164369214692e-01	   8.9538549180517868e-01	   7.2920320256498294e-01	   4.6891269789619688e-01	   5.3373490675087587e-01	   7.3948498381869521e-01	   7.2231746132788799e-01	   6.1534196307152500e-01	   5.1993260659052343e-01	   7.8326166195470204e-01	   7.8760454188661888e-01	   9.1903318825848412e-01	   7.7141201781880575e-01	   4.7469709287293849e-01	   3.8088397487448089e-01	   4.8313438601643494e-01	   2.9294572049970985e-01	   5.8618284439191559e-01	   6.5642724003347452e-01	   6.5956724301753589e-01	   5.6263390395465451e-01	   1.0059928579578513e-01	   7.9096084724996921e-02	   1.0233161061420870e-01	   2.0776448278261028e-01	   2.9712139795225884e-01	   3.9978315323528962e-01	   2.2147398332208215e-01	   2.8509727261126877e-01	   5.0998119750145932e-01	   3.0556837360751327e-01	   7.5375138039189371e-01	   7.0237353253003110e-01	   6.9871371680812033e-01	   8.0890004238545254e-01	   2.6909232554424595e-01	   1.9496554485609974e-01	   5.0394062638197723e-01	   2.3204729222152082e-01	   6.9699712128133418e-01	   6.5928597191850014e-01	   1.7783120711190553e-01	   1.8745986942083792e-01	   6.0443089424925589e-01	   5.1056822126770551e-01	   5.1842184934113056e-01	   4.3544090746860720e-01	   1.9514292892346088e-02	   2.9570507820599595e-01	   5.4311120443429795e-01	   5.1732537175653481e-01	   4.8989567827704905e-01	   4.6429756632590630e-01	   5.8831773431582102e-01	   6.0048826296682523e-01	   6.8761361113109409e-01	   6.7687879458472877e-01	   1.5048624453234939e-02	   5.5582460332807483e-02	   2.7490326802399434e-01	   4.0428152064733935e-01	   5.7000745407805187e-01	   1.0849842177425416e-01	   6.5286020865218175e-01	   4.5523627260631888e-01	   2.0622228118463110e-01	   2.9489598663534570e-03	   7.2672966165870534e-01	   8.3603158123462462e-01	   8.2151634413765384e-01	   9.3525708082290571e-01	   7.2774303768301007e-01	   8.4076966524780394e-01	   1.6605563564687836e-01	  -1.5568514955781745e-01	   3.3649731010843198e-01	   2.5732390152011164e-01	   5.1955856957552449e-01	   7.4044291046513100e-01	   6.0397348147510477e-01	   6.0390870381915840e-01	   5.1104100955967247e-01	   4.9189862665548373e-01	   1.1631679927025214e-01	   2.8359676841005360e-01	   2.7444481351502448e-01	   2.1311958682750509e-01	  -2.1387416340009752e-01	   5.9516547769719944e-02	   3.2732280185798229e-01	   3.9190327452688772e-01	   3.2586402418619870e-01	   5.3913418292989235e-01	   2.5048161592285989e-01	  -1.6575088498303034e-01	
   6.8780114048426222e-01	   6.3647693211265910e-01	   1.3213856775707526e+00	   9.4354239461479672e-01	   1.1920814810728111e+00	   1.2105006517081740e+00	   0.0000000000000000e+00	   1.1866250067097255e+00	   1.2895897082925389e+00	   6.7516867324847374e-01	   5.0674582400642476e-01	   3.2483323790486135e-01	   4.8758250623570532e-01	   2.3071514685712069e-01	   1.3554116012469719e+00	   6.2745553769083406e-01	   2.2939560109533103e-01	   1.6190512585106717e-01	   8.3352872553539048e-01	   5.2732322307116841e-01	   8.9716694882940518e-01	   5.5154951974408906e-01	   1.2367975228993071e+00	   7.7958101167876082e-01	   6.7642744537332200e-01	   6.3689563940418004e-01	   6.5123275266366110e-01	   5.7634265078457581e-01	   7.7481633792638704e-01	   4.7310943949991990e-01	   1.1154241516258940e+00	   1.0488254684220102e+00	   1.1409673968413472e+00	   8.9912452094605844e-01	   7.2806050000219857e-01	   5.3525981520955845e-01	   4.6492695458516697e-01	   3.1786864508319929e-01	   7.0967954072150652e-01	   4.5784105522057744e-01	   5.6254818916750804e-01	   4.8992059341878003e-01	   7.8962237747162420e-02	   6.1109536280729702e-02	   1.4025407745769242e-01	   2.0413910011799749e-01	   2.8055741671949269e-01	   4.0518444583187996e-01	   2.0524096209218501e-01	   1.7750053349555861e-01	   5.0431381203229675e-01	   2.1341031922147313e-01	   6.6882620055192921e-01	   7.3592108664711198e-01	   6.5340788510552328e-01	   6.6820814047136390e-01	   2.6253226549639008e-01	   1.7956973491222716e-01	   2.9840521205880705e-01	  -2.9992421720571691e-02	   5.7823735624950068e-01	   4.6133355666677212e-01	   2.4469441369329745e-01	   1.3936694592601584e-01	   8.9972298098190007e-01	   5.4656993864105363e-01	   6.6903344906209294e-01	   4.4656625136564571e-01	  -9.9389900986944189e-03	   1.3394390516637347e-01	   8.5021940171730936e-01	   6.5613754542369074e-01	   7.0992560718700626e-01	   5.3404936805686265e-01	   8.0972321404257386e-01	   6.7518657757321643e-01	   8.9162854313500628e-01	   8.0441437448896835e-01	   2.0928254405493643e-01	   2.5720685955807587e-01	   5.0353629578278936e-01	   5.1238274865215283e-01	   6.8859061409611411e-01	   1.1629991387407081e-01	   8.1763118899543030e-01	   4.6582998307299828e-01	   2.8763420153373520e-01	  -6.0812902736852054e-02	   5.6144931369652895e-01	   5.7201002924261968e-01	   8.9477104520606221e-01	   1.2509949483559477e+00	   6.3383902584054164e-01	   8.9453748669756450e-01	   2.1485319122012458e-01	  -5.9296852779458217e-02	   4.3241482777825274e-01	   3.5757419204269231e-01	   4.4995584047774040e-01	   7.7788955063090159e-01	   5.2489062903712824e-01	   5.4558432029086590e-01	   5.5546906033781540e-01	   4.4784267471960654e-01	  -7.7637045496177660e-03	   4.3977218283526903e-01	   2.2138151494944727e-01	   1.9047026025575445e-01	  -1.2615524083891547e-01	   1.5347049602561225e-01	   4.0787083811345742e-01	   4.2431828412600220e-01	   2.8026152917273228e-01	   3.9703725205874907e-01	   2.5773949627516424e-01	  -1.5194984594643451e-01	
   8.5802545930180862e-01	   7.4871799276651585e-01	   8.0970332573661374e-01	   1.0272328156729700e+00	   1.0390771928463787e+00	   1.2301120559814933e+00	   1.1866250067097255e+00	   0.0000000000000000e+00	   1.0337314865492897e+00	   9.1794685533111287e-01	   5.8502584482799580e-01	   6.8753959094978256e-01	   5.3440620492103208e-01	   5.2696979030714064e-01	   1.1129661678902583e+00	   9.5509677428072970e-01	   2.6106723579260088e-01	   1.9270446964228749e-01	   9.3671645027526751e-01	   6.6637351512378740e-01	   6.8314301510903452e-01	   6.1131581541823954e-01	   8.7472831758766945e-01	   7.7924032473480009e-01	   3.7778140004489896e-01	   4.2843366490312051e-01	   5.7944659563034817e-01	   5.5631703061107707e-01	   8.0796651784840279e-01	   7.8935267706612289e-01	   7.8146658266708424e-01	   8.3375889872362208e-01	   1.0081784138034553e+00	   9.0323968301595570e-01	   4.8016145151418865e-01	   3.3962134823767026e-01	   4.1693712608750533e-01	   3.2945354447369729e-01	   5.2627345195791597e-01	   5.7052814419740161e-01	   5.6187860105702014e-01	   6.0411024197309948e-01	   1.5912402833943874e-03	  -9.8504699715062857e-03	   5.0549731872006350e-02	   1.2319095336771839e-01	   1.5408431825836144e-01	   3.2051145675003645e-01	   1.4731753332353248e-01	   1.9060096245740424e-01	   4.4748198427658514e-01	   2.6232863970167275e-01	   6.1180674966980475e-01	   6.8261788796525202e-01	   5.2634466156209914e-01	   7.3158339743659928e-01	   3.8391658859481964e-01	   3.0800643784204429e-01	   3.9908561265015380e-01	   2.6796176084381096e-01	   6.9312872972566475e-01	   9.5222241558286391e-01	   3.5039432114652519e-01	   3.5260771445396566e-01	   6.4510021450401112e-01	   5.5626544272565848e-01	   4.6858517449762244e-01	   3.8540791847897027e-01	   7.9298878536843781e-02	   2.6311470225353450e-01	   5.4080787733899705e-01	   5.2061041877755498e-01	   7.1134053325534441e-01	   6.7974554770818874e-01	   7.3811337377497921e-01	   7.9348622725068385e-01	   7.7285449383661942e-01	   8.1129223872149581e-01	   1.3247901121928746e-01	   2.0218180453154413e-01	   4.6434397466217381e-01	   5.3805157763197309e-01	   5.2531618409541336e-01	   2.4258193445640741e-01	   6.1952595841253966e-01	   5.9015949027359649e-01	   1.0940547113163127e-01	   7.4311677830015315e-03	   5.3634329783564860e-01	   7.7855002716851962e-01	   8.1560599635456621e-01	   7.8283863601539216e-01	   7.1991019219656238e-01	   6.4254164671049196e-01	   2.4446021533849477e-01	  -5.6200807896232538e-02	   4.1887211078919173e-01	   3.6471480777568682e-01	   5.3450890447806054e-01	   7.7541063393290366e-01	   5.4767405538992542e-01	   4.9974864376582012e-01	   5.1073066747052920e-01	   4.5758419003315398e-01	   8.0909482227039697e-02	   2.4141643545357833e-01	   2.1116967167775560e-01	   2.3295251519113194e-01	  -1.9716530885065656e-01	   1.2430071659741977e-01	   3.9404724268424596e-01	   4.5120254582901187e-01	   3.5449546907494373e-01	   5.0148136630966289e-01	   2.3679034730095025e-01	  -1.9306998063287234e-01	
   6.1657949455896977e-01	   6.1052256852723463e-01	   8.3742524580500344e-01	   7.2557340549162719e-01	   1.3184905673179272e+00	   1.2963201069160368e+00	   1.2895897082925389e+00	   1.0337314865492897e+00	   0.0000000000000000e+00	   1.1781060798856049e+00	   6.8572179652710674e-01	   5.5652917447862271e-01	   7.5868713675138777e-01	   5.1676098203746323e-01	   1.3654634303382276e+00	   8.1675815347654601e-01	   9.3110213328927410e-02	   4.3025539368107525e-02	   5.9972638214381657e-01	   4.1170493680265563e-01	   7.0267706813339126e-01	   4.6084268281569396e-01	   8.3453834098843227e-01	   5.7003872919904652e-01	   3.7493718226808959e-01	   3.9438423651189969e-01	   6.0974370307690373e-01	   5.7551490823980511e-01	   5.8270146714857884e-01	   3.5311996121267752e-01	   6.8681444996355789e-01	   6.3842146104181419e-01	   8.0830303071294474e-01	   6.1481360212267622e-01	   4.0389846544163210e-01	   2.8699233477812053e-01	   4.4601949229735710e-01	   2.6689683790905705e-01	   5.9225892042235007e-01	   5.2611252054210844e-01	   5.6061345773719373e-01	   3.5936817812945443e-01	   2.0798818794770707e-01	   1.6779700165374917e-01	   1.3821031941405779e-01	   1.5621636675683631e-01	   3.3341173943125518e-01	   4.2335462784149641e-01	   1.7397514600451142e-01	   2.2124284014501269e-01	   4.6559403185867848e-01	   1.7376589154380243e-01	   7.9295507600425952e-01	   5.7935302234784125e-01	   6.0591205025566053e-01	   6.5241219192967825e-01	   2.1804307678580309e-01	   2.6855431285386488e-01	   5.5498452546272969e-01	   2.4784550769563463e-01	   8.9018829086154994e-01	   5.8850302688860023e-01	   8.3888362924753296e-02	   7.4905792050165843e-02	   6.4496480486111596e-01	   4.0918524355307662e-01	   4.5388447237552076e-01	   2.9990506906175751e-01	  -6.6756615350445705e-02	   1.9259488505447153e-01	   7.2660429945439331e-01	   6.4590537855628272e-01	   5.2648062713888888e-01	   4.7337631653496015e-01	   6.9859657271012199e-01	   6.4239918691884301e-01	   7.8030170337143701e-01	   7.7679615082171760e-01	   3.1899204270450190e-02	   9.3283525887883773e-02	   3.6240323662597873e-01	   3.5915450902552687e-01	   5.5425185459854021e-01	   5.9304459205348284e-02	   6.0597061681434050e-01	   3.9079781916634021e-01	   1.7721660476187631e-01	  -1.2472857478285658e-01	   6.8314485731291053e-01	   6.8862437526826425e-01	   6.9218486594544393e-01	   9.8086683918695794e-01	   5.7307655911517275e-01	   8.2125953661753737e-01	   2.4381326180175639e-01	  -1.4682785909917670e-01	   3.7212667321867443e-01	   2.5904377528029243e-01	   4.3783854420693408e-01	   7.5182010986643499e-01	   5.5354985950278135e-01	   5.4744564880729163e-01	   4.6324774212003084e-01	   4.8410270746873607e-01	  -2.0999674566529358e-02	   2.4901354283490768e-01	   1.2526056983056919e-01	   1.4712276654452766e-01	  -1.5080890509746492e-01	   1.3127927345422896e-01	   4.1587926750004522e-01	   3.7881689645299571e-01	   2.3619481211101084e-01	   3.7761197533997815e-01	   1.1605589001182363e-01	  -2.3404000680166942e-01	
   4.4958884292250734e-01	   4.9933258997142871e-01	   3.6144540864834002e-01	   4.6894839309304992e-01	   8.4740285603981369e-01	   9.8798755183351228e-01	   6.7516867324847374e-01	   9.1794685533111287e-01	   1.1781060798856049e+00	   0.0000000000000000e+00	   5.7177515739093776e-01	   7.4053477975298088e-01	   6.6132085349945002e-01	   7.8834145401873734e-01	   7.8002900315251900e-01	   7.8182802201418378e-01	  -6.2525808642192263e-03	  -2.3059650096965242e-02	   3.8725116279876415e-01	   3.2398542771296612e-01	   3.5471817557116170e-01	   2.9122092464262872e-01	   4.0322839891527973e-01	   3.3436041640240816e-01	   9.9631785918037948e-03	   4.0870087164711077e-02	   4.3442670974963077e-01	   3.7473742473259725e-01	   3.4826592869094658e-01	   3.3550347865523561e-01	   3.1672130570378043e-01	   3.3592157418474228e-01	   5.0913455383099615e-01	   3.9247098732237462e-01	   5.5858552492088480e-02	  -3.3805325145151881e-02	   2.6321828488844923e-01	   6.5466578077007370e-02	   2.3122591711015272e-01	   3.7194997229636673e-01	   3.8534595486634099e-01	   2.0570043063088034e-01	   1.9177098322684091e-01	   1.5818029783102253e-01	   8.8784163632586094e-02	   1.0782068047299097e-01	   2.3422098086825960e-01	   2.9162129901832012e-01	   1.8411563952995205e-01	   3.2557267346042179e-01	   3.4052034976453827e-01	   1.5986679874984655e-01	   5.7247880332891321e-01	   3.8391479641961862e-01	   3.8936557560633778e-01	   5.2666263128061375e-01	   1.5289560196233271e-01	   3.1964477343118353e-01	   5.0122800718911376e-01	   6.0375858079517919e-01	   8.2342761695511713e-01	   7.4140888896019763e-01	   1.2441777068283186e-02	   1.7528382821977256e-01	   2.7085384070876239e-01	   1.3703723341083424e-01	   1.0909980590914618e-01	   4.4104083605161888e-02	  -4.4149837941731884e-02	   2.7242396552211046e-01	   3.1582477417781052e-01	   3.3949699815163087e-01	   2.6703412639274327e-01	   3.9298676095318053e-01	   3.5753598212002002e-01	   4.9906690398248715e-01	   4.5452071701851177e-01	   5.3146769558247331e-01	  -1.6362976335541563e-01	  -5.5427217534719353e-02	   7.7400287533182732e-02	   7.7318461890356835e-02	   1.8722946556047917e-01	  -8.9304025099246384e-02	   2.7093800568603171e-01	   2.2091359460693583e-01	  -1.1280107080336009e-01	  -2.7281332123858093e-01	   5.8365356854633288e-01	   6.1051453063617422e-01	   3.8622675890757013e-01	   4.4810637994412267e-01	   4.0764435571129071e-01	   4.6922244644465799e-01	   7.0853133590594558e-02	  -2.3467695421020826e-01	   2.2536136919038244e-01	   1.0559043519988734e-01	   4.1913567113590527e-01	   5.4875805676752876e-01	   4.4233025607400966e-01	   4.3165608687779478e-01	   2.9021034591306477e-01	   4.0890451557329183e-01	  -5.6271496400800199e-03	  -2.9011340138545085e-02	   4.0526195819350665e-02	   1.0017827654449224e-01	  -2.2358746845520175e-01	   5.0419534228060427e-02	   2.7403985219918059e-01	   3.7441466048139471e-01	   3.0478055823341305e-01	   3.1743737511847075e-01	  -1.0150915064988573e-01	  -3.0202067748047773e-01	
   9.0286111422407056e-01	   5.5061285492056855e-01	   2.6066029476448260e-01	   3.0609667305997668e-01	   5.2993266462921429e-01	   4.6192094961931918e-01	   5.0674582400642476e-01	   5.8502584482799580e-01	   6.8572179652710674e-01	   5.7177515739093776e-01	   0.0000000000000000e+00	   9.1722146990708564e-01	   1.4384691594968135e+00	   7.7884781190859609e-01	   5.7765090303925404e-01	   4.6862392255616780e-01	   2.6859493554175184e-01	   2.2866577763963147e-01	   6.8106916211997381e-01	   5.3288960316349843e-01	   1.5597175186245554e-01	   1.5232562254402365e-01	   1.8279250469964434e-01	   6.2820672445397727e-02	  -7.0965558881202428e-02	  -3.5745674467168670e-02	   1.1632468508776118e-01	   1.4450471112513694e-01	   6.2800290820826821e-01	   4.2407995088674943e-01	   7.2532944774623173e-02	   9.2433090359066675e-02	   2.8308332110729534e-01	   2.5322783899604889e-01	  -7.4879019136682046e-02	  -1.8081399412567320e-01	   1.0592476594465866e-01	   1.0916749577152320e-01	   3.6435293588522899e-01	   4.6561924950993894e-01	   3.6452778813485864e-01	   4.3735998971872347e-01	   3.6753414474247750e-02	   2.8734010120380548e-03	  -9.7938731300476478e-02	  -1.1665369354133702e-01	   8.8673314251689436e-02	   2.3720444834480270e-01	  -2.3110011810332645e-01	  -2.7911109686684549e-02	   1.0960904709588638e-02	  -4.3272302543623450e-02	   3.4827838438373732e-01	   1.5949692658905140e-01	   2.1403896702198710e-01	   3.0661949761191509e-01	   2.9884784821858551e-01	   4.0045043697799793e-01	   4.6934066495717924e-01	   3.8390610313612905e-01	   9.8820323379145103e-01	   6.1557706493656628e-01	   3.3697594918734342e-01	   2.9296886618526169e-01	   2.2754492765647005e-01	   1.4466916038264480e-01	   6.0264863269667880e-02	  -2.0326178877444995e-02	   3.5421441352791891e-02	   1.3367056027748997e-01	   6.0977043853932567e-01	   6.3349582826421336e-01	   5.1363722145303559e-01	   4.8457566142760744e-01	   6.8584475855473037e-01	   5.1051043949587305e-01	   5.7844413940576234e-01	   5.3210858618598089e-01	  -2.1381028767017727e-02	   1.2865396406614213e-01	   3.2802602124635843e-01	   1.8303936674264609e-01	   4.4819623681999865e-01	   1.7513013330322616e-01	   2.5721049897657455e-01	   1.2787687658233018e-01	   1.1847585595522123e-01	  -3.9027269159514641e-02	   3.7145564580991958e-01	   3.8926042892126966e-01	   3.7929485891715675e-01	   4.2024261612455072e-01	   4.2199359262341407e-01	   5.1430023415213777e-01	   3.5665454746807645e-01	   2.4064016608142214e-02	   5.8819917638797936e-01	   5.0142657521773060e-01	   3.7954636523708368e-01	   7.2154509825860613e-01	   3.3621706399818901e-01	   3.2962982453257100e-01	   3.4414981800644417e-01	   1.9853690011962799e-01	   2.7382878553497148e-01	   1.1038791028318053e-01	   1.2118320467633190e-01	   2.7650437675304562e-01	  -3.8311674978351351e-01	   4.3047933899271517e-03	   3.3961073475823456e-01	   2.8378118476385866e-01	   2.9617915309690668e-01	   1.4640530801997864e-01	   1.8273473971266163e-01	  -7.2800576939495223e-02	
   6.2813102789222552e-01	   4.8243171816936709e-01	   7.0529163396744712e-02	   2.6517047772633506e-01	   5.2091545713895937e-01	   4.8790153153057969e-01	   3.2483323790486135e-01	   6.8753959094978256e-01	   5.5652917447862271e-01	   7.4053477975298088e-01	   9.1722146990708564e-01	   0.0000000000000000e+00	   9.0654310534850879e-01	   1.5958112518651797e+00	   4.2849328874335296e-01	   5.9858235722459463e-01	   5.3974450731143965e-02	  -1.0438136851334975e-02	   5.2749325665381841e-01	   4.2201189309892873e-01	   4.4806974430222753e-02	   9.9499317197260503e-02	   8.4946789093646030e-02	   8.0299331597165610e-02	  -2.1569580240173347e-01	  -1.8254011609089285e-01	   1.0304040128408999e-01	   9.9485678010718129e-02	   5.1208826983185762e-01	   5.5043119122309903e-01	  -7.6370613691522779e-03	   3.5760071516484998e-02	   2.1783233662298149e-01	   2.2681016686029387e-01	  -2.4252324496679215e-01	  -2.6712814395920426e-01	   5.9850460530692692e-02	   7.7724561649286164e-02	   1.3658680703939738e-01	   3.5274830132747870e-01	   3.3390997808580103e-01	   2.7428226009915241e-01	   3.7779521333020614e-02	   4.5320255750076567e-02	  -1.5586522929931063e-01	  -1.1464820748913905e-01	   3.0037064450064883e-02	   2.0729615641635707e-01	  -1.0190637176909573e-01	   6.5174109647330378e-02	   9.7553768089761073e-02	   4.0898557441191724e-02	   3.8811043083645119e-01	   2.8059552152434553e-01	   2.1019412083012140e-01	   4.1062706298383195e-01	   2.1694479455832222e-01	   3.2545742101018449e-01	   5.1322883449931656e-01	   6.4957244397490388e-01	   8.0390273749649654e-01	   8.9387343750474346e-01	   1.0115848128192108e-01	   2.7202634080566357e-01	  -3.4382853998261825e-02	   4.0708295947649888e-02	  -1.0844391803260454e-01	  -7.4375886452569456e-02	   2.2987958934443865e-02	   2.6627430250069328e-01	   3.7200335046699445e-01	   3.8153205547371588e-01	   4.3234781255834004e-01	   5.0521274720772946e-01	   3.8975433935280418e-01	   4.9800950103549280e-01	   3.3637377093082621e-01	   3.7535977636223361e-01	  -1.0923844215619172e-01	  -1.2966324442111393e-01	   1.9752554354347437e-01	   1.1577204485112585e-01	   2.0672451740702180e-01	   4.1683173457451109e-02	   4.1565268075611124e-02	   1.1400380377484949e-01	  -9.7628159760334066e-02	  -8.6240929738562566e-02	   3.3807212548400090e-01	   4.6287448153816446e-01	   2.9234198150972623e-01	   2.3070995351128104e-01	   3.9268793826562165e-01	   2.1550625626176365e-01	   2.0105174000064163e-01	  -2.8577421820532245e-02	   3.2887587845591992e-01	   2.8649129071941382e-01	   3.0793806145904701e-01	   4.5609456413722216e-01	   2.5396874970282135e-01	   1.0914528855578109e-01	   1.5660929520555467e-01	   1.9366215346708196e-01	   1.9911777655265986e-01	  -5.0355680634466028e-02	   9.7903410195465224e-02	   3.5380609927569223e-01	  -2.2232552605740086e-01	  -3.4910163424962511e-02	   3.7830021026348742e-01	   2.6168805719938576e-01	   3.0394745535608375e-01	   8.5450254091462008e-02	   3.5316115442410039e-03	  -4.6852534794662976e-02	
   6.4112073770190769e-01	   3.7479306519911265e-01	   2.2841850362401306e-01	   1.9251355199915407e-01	   5.3863585145513926e-01	   4.6718988166407027e-01	   4.8758250623570532e-01	   5.3440620492103208e-01	   7.5868713675138777e-01	   6.6132085349945002e-01	   1.4384691594968135e+00	   9.0654310534850879e-01	   0.0000000000000000e+00	   8.2460780658238253e-01	   6.3962589478781062e-01	   5.1510494034403065e-01	   5.8995041377196862e-03	   6.1613842963134241e-03	   4.4661607834461314e-01	   3.0426699666408236e-01	   1.5110919208495879e-01	   1.8414993102123697e-01	   1.9821035805607082e-01	   2.8671027365663571e-02	  -1.1896075619399533e-01	  -1.0425881541627134e-01	   1.3051868237642961e-01	   1.7803234334991302e-01	   4.1971994390651107e-01	   3.3402653421729894e-01	   5.6744827355118210e-02	   6.0772517429501779e-02	   2.3984068147872539e-01	   1.7872981645148292e-01	  -1.2050080286423275e-01	  -2.2226397085175870e-01	   1.3696491671059832e-01	   7.2386884595148734e-02	   2.6896335519673048e-01	   4.1216506599570413e-01	   3.3273525677169674e-01	   3.2256632783931100e-01	   5.1223753194520147e-02	  -3.2277960570832168e-02	  -1.1862658861384370e-01	  -1.7203307600502904e-01	   7.3050361630027344e-02	   1.8247533334301777e-01	  -2.3225777702789088e-01	  -8.6275423789185485e-02	   4.3044845059902428e-02	  -1.1677117613871631e-01	   2.7506060920946174e-01	   9.2795715207998536e-02	   1.7986757480737714e-01	   2.3290875073933512e-01	   7.9120559208488553e-02	   2.6026681395453649e-01	   4.7383211787574808e-01	   3.4370920154779921e-01	   9.8179253255786236e-01	   4.7956950236170881e-01	   5.6333067398111177e-02	   7.2631648784000691e-02	   2.0757596647923904e-01	   3.8732386792700468e-02	   1.5075625072070250e-02	  -7.9900375937557000e-02	   3.5615666548534375e-02	   1.9042127208872037e-01	   6.1586392500673726e-01	   5.5034885586412574e-01	   3.6137938875605752e-01	   4.1005767348685562e-01	   4.9724255902610248e-01	   4.2697289408205441e-01	   4.4968510939111106e-01	   4.4721155728688183e-01	  -1.6070060825023028e-01	  -2.9508380923065670e-02	   2.1293648972699061e-01	   6.2378138312913639e-02	   3.8066105495801378e-01	   8.3779544142149220e-02	   1.6250657577573899e-01	   1.0652725318213888e-01	   7.8032604249134954e-02	  -1.0128424836839187e-01	   4.0365460920424712e-01	   3.5273451778744952e-01	   2.4177859767754956e-01	   3.5484879877053677e-01	   2.9279650132065294e-01	   4.7565931418802720e-01	   2.0548185050576073e-01	  -9.6231531795699710e-02	   3.8977574061866016e-01	   3.0523955515492918e-01	   1.7680817918929231e-01	   4.7286282511669497e-01	   2.3405575829025793e-01	   2.3539677668014317e-01	   2.5811617413570331e-01	   1.5645997341177265e-01	   1.2198940880594181e-01	  -1.8677077164838771e-02	   1.0898256431428309e-01	   3.3624164151532593e-01	  -3.3543303216703269e-01	  -1.0020646501132759e-01	   3.7689891614316656e-01	   2.1850667083400968e-01	   2.0726159850369824e-01	   1.1331317449192907e-01	   7.1023686126497773e-02	  -1.8160778580792217e-01	
