   0.0000000000000000e+00	   1.6436680304826838e+00	   1.1190530808521899e+00	   1.2235858308221259e+00	   7.6728259344053629e-01	   9.4163782725227163e-01	   9.7857770857638404e-01	   8.8784756673282428e-01	   6.5544425102983250e-01	   8.2441836156298931e-01	   1.1601757614020989e+00	   1.0058664539640705e+00	   1.0652058952629870e+00	   1.0996011636391840e+00	   1.1486487408893065e+00	   1.1453661162873898e+00	   1.2664368355513447e+00	   1.2029485986745310e+00	   1.6932987816410181e+00	   1.6004810879881624e+00	   5.8522442209265779e-01	   6.0654871938044774e-01	   1.0181864848312137e+00	   9.7515348983700412e-01	   6.7994469443799677e-01	   7.2184707588676256e-01	   7.2903557214514103e-01	   8.3250468672828659e-01	   1.0657187871698042e+00	   1.1092759670365073e+00	   8.9777449324677883e-01	   7.8130303511168475e-01	   1.3893589289267079e+00	   1.2060708058041787e+00	   5.5842948027003547e-01	   5.2633048765037171e-01	   4.0756954004201956e-01	   3.8759424828586098e-01	   5.8190921053644262e-01	   5.1678023616806457e-01	   7.6389417364593926e-01	   6.9848417278206387e-01	   9.3628613994602938e-01	   8.7689313109159794e-01	   9.8526077082681962e-01	   8.8835551848108829e-01	   1.0455394026481708e+00	   9.7723642627757668e-01	   9.2019383332858862e-01	   6.2217860150944626e-01	   1.0097832191860669e+00	   7.2096699685664845e-01	   1.1985685807458981e+00	   9.7397827720880181e-01	   1.0798708195081868e+00	   9.4104611713697328e-01	   1.3429382842019586e+00	   1.2844334518097917e+00	   1.1679371245007399e+00	   1.1500708773601713e+00	   1.1946700813388036e+00	   1.1122482269967913e+00	   1.0677902183578989e+00	   1.4049672226281420e+00	   5.7427039447987471e-01	   6.7591989026535848e-01	   1.0133366828359078e+00	   8.7936836984868205e-01	   1.6727185248362970e+00	   1.1632843536178932e+00	   6.5852686309973618e-01	   7.7105225796852661e-01	   1.1214059966255883e+00	   1.2564425421273937e+00	   1.0426119656196819e+00	   1.1379257510609200e+00	   8.3902203199174130e-01	   6.0914631301939215e-01	   1.2868066427661671e+00	   1.1482193641517462e+00	   1.4418003139173836e+00	   1.1837630499191649e+00	   1.0928914168549813e+00	   1.0090907728430161e+00	   1.2059814933636956e+00	   1.3132275300099321e+00	   8.8671448478485426e-01	   6.9552005204130807e-01	   9.7936133214941379e-01	   1.1793579498221649e+00	   7.3683737270696581e-01	   5.6470219047142345e-01	   7.6914194195343433e-01	   5.2488934134638998e-01	   2.6134566074831833e-01	   2.0283654719662647e-01	   8.0652497483417818e-01	   4.7526980644081329e-01	   1.1409567424923563e+00	   8.5894126336935483e-01	   1.0139727041948829e+00	   6.4699450107840173e-01	   1.0533528122145432e+00	   9.9077882974449860e-01	   3.0393964788489714e-01	   1.9034015039102761e-01	   3.7514482194086068e-01	   4.2411140301913786e-01	  -4.2277172927269446e-01	   1.9072733700534708e-01	   4.2991738679325542e-01	   7.1734492780849890e-01	   8.2489036140695671e-01	   8.0395253221525320e-01	   6.2552541205610379e-01	  -1.7744746789443661e-01	
   1.6436680304826838e+00	   0.0000000000000000e+00	   9.2779393710150115e-01	   1.0966978932806475e+00	   6.4941614824593918e-01	   9.1143128845945953e-01	   7.5120916916462011e-01	   7.5756208417618009e-01	   5.2388782452582905e-01	   7.7267177078103655e-01	   8.9155450469734010e-01	   8.5421412519967099e-01	   7.9537839787014830e-01	   9.6928204285593833e-01	   9.1917609274485412e-01	   9.5166807231084838e-01	   1.4719868557362914e+00	   1.4412172465121575e+00	   1.3168906703935304e+00	   1.5921376955541851e+00	   4.0395955902815767e-01	   5.3427696831115523e-01	   7.8468783033028888e-01	   7.6563305117139391e-01	   5.5196464550576974e-01	   5.9360711515905751e-01	   6.3187935544249418e-01	   7.4848278390056067e-01	   9.5487976760880333e-01	   1.0226160822636960e+00	   6.4805361110938908e-01	   5.6650423321616017e-01	   1.3277994584936408e+00	   1.1125979209988175e+00	   3.8720407598307499e-01	   4.2159865139811437e-01	   4.1651594234162620e-01	   3.8185682733769016e-01	   6.0584940624434136e-01	   5.3261674258849578e-01	   7.7065502092278526e-01	   6.8141125133449609e-01	   7.6824225462325846e-01	   8.3457872347811524e-01	   1.0072021340064750e+00	   1.0490579398465611e+00	   1.0246768216374942e+00	   9.3986743829457675e-01	   9.4177385412670245e-01	   6.8262168734314821e-01	   1.0544328995150085e+00	   8.6089261003728690e-01	   1.2140945277173820e+00	   8.9075151377864203e-01	   1.1910090829443614e+00	   1.0097978875769271e+00	   1.6833894692782363e+00	   1.7621616146589196e+00	   1.2549253672743272e+00	   1.2409771895161674e+00	   9.8722156750146095e-01	   9.4854492173006899e-01	   1.0857849423245836e+00	   1.3832022946834335e+00	   3.8657559134509539e-01	   5.5088697724117053e-01	   8.4144980954226434e-01	   7.6350409602866820e-01	   1.8125077517844461e+00	   1.4220403538243962e+00	   4.4593432691913520e-01	   5.9320063400028444e-01	   8.8591359080952614e-01	   9.7357241649986148e-01	   7.8917894666097044e-01	   8.7179292478656312e-01	   6.3414605913743682e-01	   4.7243688531457884e-01	   1.2031022359013401e+00	   1.1191732609176244e+00	   1.4082795275817137e+00	   1.2045693344574890e+00	   9.1769131169174623e-01	   8.6599204162645393e-01	   1.1070807363065054e+00	   1.3653047290901135e+00	   7.1625267260879610e-01	   7.1703039341696773e-01	   9.8401248580152056e-01	   1.1767576616624007e+00	   6.7167515520675736e-01	   4.0901077655202100e-01	   6.1323065062950477e-01	   3.8526846346818749e-01	   2.8410768556832328e-01	   1.9213204157256145e-01	   8.2934572404809659e-01	   5.5899660263402573e-01	   1.2022314789060016e+00	   7.6904930122273463e-01	   8.5194585024390468e-01	   5.4456659833181276e-01	   1.0313614087396339e+00	   8.9364672666011580e-01	   2.8059428000371811e-01	   1.3640774693458421e-01	   3.7208098687189994e-01	   4.3616730417482080e-01	  -3.6920519143282288e-01	   1.6776376723227845e-01	   3.8582401343445966e-01	   7.8940573155097327e-01	   9.3068928760812430e-01	   6.9326734748916785e-01	   4.2332715511025060e-01	  -1.6848915085272570e-01	
   1.1190530808521899e+00	   9.2779393710150115e-01	   0.0000000000000000e+00	   1.4755726861958320e+00	   1.1144946853412212e+00	   8.2254392627486517e-01	   1.4900685165770495e+00	   1.0783463575112031e+00	   1.0339012107896322e+00	   9.1828934669964435e-01	   7.9736367075900272e-01	   7.2562295471072913e-01	   1.0208052476618248e+00	   9.4857944461132859e-01	   1.2781639932121505e+00	   1.2647760636051468e+00	   6.9433785293775818e-01	   7.1883944417755752e-01	   1.3231066509645908e+00	   1.1893664812614206e+00	   5.8191141061484386e-01	   5.8779835074258402e-01	   1.5006973903597987e+00	   1.2301343456074469e+00	   8.6303543802588667e-01	   8.7224037133436250e-01	   9.0281512018875609e-01	   8.4345450316688120e-01	   7.8085511425950160e-01	   7.3896585396952619e-01	   1.0380545273938537e+00	   9.3226699936916180e-01	   1.2039326374574750e+00	   1.0774645299748316e+00	   7.5067374760408401e-01	   6.5928358979925095e-01	   5.1704958730415262e-01	   4.1866682291989982e-01	   6.2916882546830666e-01	   4.8773147079121620e-01	   6.9993955522988616e-01	   5.7106870083142969e-01	   8.3995121535165618e-01	   5.9823796225089843e-01	   6.8009129134714963e-01	   5.6357715761590621e-01	   7.5029808186277314e-01	   7.4358126573504502e-01	   6.0820732310780334e-01	   4.7185881544294361e-01	   8.0597090087637868e-01	   5.5863172832290997e-01	   9.8042147065321561e-01	   1.0535868549561862e+00	   8.0869969689985433e-01	   7.4646769928752177e-01	   8.0073650308652800e-01	   7.4334382752449790e-01	   1.0830192513253920e+00	   8.6276348904015854e-01	   1.1679699374423689e+00	   8.6596121737644038e-01	   9.4044726284151658e-01	   9.9307145358678728e-01	   6.8868006853928310e-01	   7.7795177718754938e-01	   1.1351774609943819e+00	   8.0523683432197435e-01	   1.1985546530773117e+00	   9.6835169648604669e-01	   8.8853350219165517e-01	   9.4024739842310590e-01	   7.3191598050522411e-01	   7.7236619058053568e-01	   7.7211325458895086e-01	   7.8564491032330885e-01	   9.5375490417928410e-01	   6.5622077998427919e-01	   7.5183219405262391e-01	   7.3270449808449944e-01	   8.6080607045143387e-01	   8.1532393261344860e-01	   1.1645933559431256e+00	   8.8498960262861648e-01	   1.0245111204729749e+00	   1.1039043564405224e+00	   1.1740391357566895e+00	   5.2793862220298837e-01	   1.2933358902302627e+00	   1.2441827908485359e+00	   9.8672034107393736e-01	   9.5661260378812019e-01	   1.1279006515314296e+00	   8.9931269967458638e-01	   2.9753726169098976e-01	   2.5422452630601505e-01	   6.2789975737668902e-01	   4.1734072864713051e-01	   9.9748372786369788e-01	   8.3532962328171689e-01	   1.2538190465672305e+00	   1.1138344188197979e+00	   1.3905371743343813e+00	   1.2712474124071544e+00	   6.2051100539208293e-01	   5.2462098556513503e-01	   4.0543798905136474e-01	   4.3739109121469899e-01	  -1.7132355115720171e-01	   1.4745682560078549e-01	   4.8531706112563294e-01	   7.4609673115338027e-01	   6.7973498000020616e-01	   9.2667026619021886e-01	   7.9784938019793883e-01	   6.7713243812059828e-02	
   1.2235858308221259e+00	   1.0966978932806475e+00	   1.4755726861958320e+00	   0.0000000000000000e+00	   9.6738122624067102e-01	   9.8878196605050217e-01	   1.5200691815920895e+00	   1.6466865316885571e+00	   1.0459599683466141e+00	   1.1636923791479477e+00	   9.9216460002600537e-01	   1.1094321882153335e+00	   1.1106169204754639e+00	   1.2801872592618018e+00	   1.1388694041425567e+00	   1.2755288729064056e+00	   7.7745025027131143e-01	   8.1943039746855173e-01	   1.2272639850420828e+00	   1.3023205247931027e+00	   6.5624188763006075e-01	   5.5340776149094661e-01	   1.3185163690138486e+00	   1.3077540257915317e+00	   9.1839701133724982e-01	   9.7518520156900801e-01	   8.7749374870705599e-01	   8.1942167757393325e-01	   8.0394650185594352e-01	   9.0567516937486203e-01	   1.0373209841516291e+00	   1.0796495976531895e+00	   1.3137268944248712e+00	   1.4277870486193782e+00	   7.9402774219867478e-01	   8.1579089235487690e-01	   5.7061149392214339e-01	   4.7519427349642174e-01	   6.7987218095378554e-01	   5.1468387960342166e-01	   7.5171201406597599e-01	   5.5093616866138206e-01	   1.0265952011386221e+00	   7.5029938064622970e-01	   7.7219524067772116e-01	   7.0128635521406069e-01	   9.0106213013040781e-01	   9.1391496289882768e-01	   7.7147409253945809e-01	   6.8544228948309993e-01	   1.1362837560437651e+00	   8.1567468500741414e-01	   1.2835760075539817e+00	   1.2424042452939348e+00	   9.9317622060752120e-01	   8.4797966601321184e-01	   8.1578946358516269e-01	   8.0255558554617101e-01	   1.1471401115593376e+00	   1.1164236064681625e+00	   1.3013041207148330e+00	   1.3004144689165700e+00	   8.6043141975288295e-01	   1.1314907485719594e+00	   6.8967311764388661e-01	   1.0686853230143787e+00	   1.1659518229348147e+00	   1.1030127696833085e+00	   1.3833934787595441e+00	   1.1633298820892635e+00	   8.1128114892038861e-01	   9.0473206299002662e-01	   8.7958614407928748e-01	   9.8440990033338183e-01	   9.0112837627188724e-01	   9.7845634716142205e-01	   9.6503787808855068e-01	   8.4308237508665063e-01	   9.0245640808453242e-01	   8.6601204518705843e-01	   9.2654930788822543e-01	   8.3891108790254565e-01	   9.4784636132442768e-01	   9.3694402264640253e-01	   9.4876757405484813e-01	   1.0823132734917600e+00	   9.5926488319827052e-01	   5.5842150423091064e-01	   1.1656998293840464e+00	   1.1658072086350453e+00	   1.1604223838921910e+00	   8.2060017944553010e-01	   1.1708382786816600e+00	   6.5859863906886440e-01	   4.1512522413462294e-01	   3.3616459922176894e-01	   8.2425798244207882e-01	   5.0543210488721346e-01	   1.2283790850992620e+00	   9.3341524266156750e-01	   1.4339275204194699e+00	   8.8317581160952785e-01	   1.4003234589229243e+00	   1.0474438253415748e+00	   5.2898591213430946e-01	   4.6962498550246623e-01	   5.1900192798710121e-01	   4.8474056557262812e-01	  -2.9524175763979921e-01	   2.0348700413472651e-01	   5.0394119128605019e-01	   8.1273173045896852e-01	   8.4755360419130543e-01	   8.4113399182209447e-01	   8.7273092975514432e-01	   3.7500575227452926e-02	
   7.6728259344053629e-01	   6.4941614824593918e-01	   1.1144946853412212e+00	   9.6738122624067102e-01	   0.0000000000000000e+00	   1.0456674976547722e+00	   1.1972365831215468e+00	   8.8307413881014751e-01	   1.0891561621149222e+00	   9.6070299638122569e-01	   7.1791312817584707e-01	   6.4765069400668152e-01	   9.4488043299202118e-01	   8.6331811602310893e-01	   1.1415294583105369e+00	   1.1748532221285017e+00	   5.5418208334101149e-01	   5.3589591897266486e-01	   9.2098677033636700e-01	   8.2768441811305693e-01	   7.1649459324992448e-01	   7.7492208228677462e-01	   1.3306332477750520e+00	   1.2194058317627405e+00	   9.4255665032761260e-01	   9.2408762910251552e-01	   9.4398449918021377e-01	   8.7511113504929472e-01	   6.7809661483346428e-01	   5.8760790620939429e-01	   9.2643904360922702e-01	   8.1091280693699663e-01	   9.5515625394314851e-01	   9.0919821131219214e-01	   7.2072960982146472e-01	   6.5304632290407338e-01	   2.3111875677954913e-01	   1.6154279492555002e-01	   3.3966471604625342e-01	   2.4188707320414185e-01	   4.5298532607806113e-01	   2.8687657217401619e-01	   7.7203491943844516e-01	   5.6209295734538078e-01	   7.0096902169241149e-01	   5.4469095558845582e-01	   6.9301759083989978e-01	   6.3473594471416983e-01	   6.7872658333705826e-01	   4.9599390629255169e-01	   7.0504659471128528e-01	   4.8362737639768028e-01	   7.7940980555956241e-01	   8.5777986972565079e-01	   5.4648676846901778e-01	   4.8788957178146342e-01	   5.4990038257691043e-01	   5.0506666246393350e-01	   8.4127893809932919e-01	   6.6218450120250849e-01	   1.0141733468361267e+00	   7.4960884420159002e-01	   6.9258843073956544e-01	   7.6035185802063454e-01	   6.1009780328049934e-01	   6.2909533594283873e-01	   1.0340643265537461e+00	   7.6365709608689858e-01	   8.2499113634273247e-01	   7.4186590187309420e-01	   8.9897862931685490e-01	   8.8900992973777537e-01	   5.6672724513553629e-01	   5.7073768910435474e-01	   5.9937438408493704e-01	   5.7196155974230389e-01	   6.9158012228958687e-01	   4.7673681890518199e-01	   5.9450667351023312e-01	   4.9657522395319409e-01	   6.7844201097049084e-01	   5.7645164028036533e-01	   9.3121233840843687e-01	   7.4068243217892515e-01	   7.2978571163849570e-01	   7.9451588865461031e-01	   1.0644572974758177e+00	   4.3222337982077047e-01	   7.7164402632176954e-01	   8.1720515814996619e-01	   7.9913607004019316e-01	   7.7498438575455897e-01	   8.8113585780408377e-01	   6.9588301391153984e-01	   1.0633750255084162e-01	   6.3773810731836467e-02	   3.9335941228675453e-01	   2.3671267562782042e-01	   7.8104094303159233e-01	   6.7850381368514290e-01	   9.5474365366747405e-01	   8.0874686244936678e-01	   9.3048716285272703e-01	   9.0074818388791389e-01	   4.1931232368019727e-01	   3.2873127417307541e-01	   3.3552470068142587e-01	   1.5220831787875469e-01	  -1.2303467461111786e-01	  -3.6800099336523603e-02	   2.5339943336684539e-01	   6.5713488805524212e-01	   6.6467286683263715e-01	   9.1802294696854736e-01	   7.4156345193982121e-01	  -8.4788767663577957e-02	
   9.4163782725227163e-01	   9.1143128845945953e-01	   8.2254392627486517e-01	   9.8878196605050217e-01	   1.0456674976547722e+00	   0.0000000000000000e+00	   9.1046149955233380e-01	   8.3651499369674065e-01	   7.9796556418915221e-01	   1.0224507617842427e+00	   8.1366994634983447e-01	   7.8976121164375579e-01	   8.7879260933997649e-01	   1.0039768690011888e+00	   1.0343747227953661e+00	   8.7889079106196388e-01	   8.5017255592462504e-01	   7.8207467887080306e-01	   1.0104982565606577e+00	   9.0554640422940458e-01	   5.8419191740470588e-01	   8.2840774210499857e-01	   1.0242982607652102e+00	   9.3678513725243662e-01	   8.2545059767331730e-01	   9.8437232865974122e-01	   1.0156469136027038e+00	   1.1678946357095341e+00	   7.5201592441354304e-01	   7.3245570436196983e-01	   6.9889362809835087e-01	   5.6859411438139540e-01	   1.0081964906436158e+00	   9.4061453571131093e-01	   6.8258520295899106e-01	   6.7279980727298572e-01	   2.9009377350482657e-01	   2.5589079364702427e-01	   4.2328710083742427e-01	   3.6789538982317799e-01	   5.5378004202981601e-01	   4.9749190802072119e-01	   7.9789287915028262e-01	   6.7737000059905628e-01	   9.1848205584873910e-01	   7.7847310216878951e-01	   8.7083807466484531e-01	   7.4460811436176200e-01	   8.8134589066546110e-01	   6.4936889828729816e-01	   8.2806173650775339e-01	   6.2420240456203879e-01	   8.8866657101431246e-01	   8.6328233444556601e-01	   6.9139861974193184e-01	   6.5149538515723626e-01	   7.5620454947393079e-01	   6.9819000526617914e-01	   8.7835769240985895e-01	   8.4750276015526571e-01	   8.8973523872801530e-01	   8.6471626860620843e-01	   7.4825504472029580e-01	   8.2623130995411243e-01	   5.8072182717942300e-01	   6.0337816410714096e-01	   9.4457921898103703e-01	   8.1499278238221173e-01	   1.0186172080134328e+00	   8.2844720544584194e-01	   6.2962643133165885e-01	   7.7468739627819427e-01	   6.7641016433441836e-01	   7.6290060864935505e-01	   6.0741451892306009e-01	   7.0689425006481899e-01	   5.8797922635159761e-01	   4.1341429652792028e-01	   8.1844540489540685e-01	   6.7261889830075094e-01	   8.9872871788997277e-01	   6.9177074507331149e-01	   8.5346392721096009e-01	   7.6297352308658828e-01	   8.2122229262346158e-01	   8.0217352280310805e-01	   7.5569458621798169e-01	   7.5953881502791221e-01	   8.8763179230949429e-01	   8.6334889951741611e-01	   7.3779973787463349e-01	   6.2504754111488325e-01	   7.2881191092350883e-01	   5.5474060581593942e-01	   2.3315873536217852e-01	   1.6911136267445043e-01	   5.6852598058941550e-01	   3.8513861458137899e-01	   9.3015457767980225e-01	   6.5514190431302111e-01	   8.7965344253252198e-01	   6.1889033867807675e-01	   9.3843459718598954e-01	   8.9139152325602267e-01	   3.2773045891487190e-01	   2.2180576353544110e-01	   3.4118673728282006e-01	   4.0769993932473564e-01	  -2.8794861059823595e-01	   8.3834559102745940e-02	   2.3848057854671817e-01	   7.2575029849167727e-01	   7.9881130046956084e-01	   7.9135202260214910e-01	   6.0374243823481100e-01	  -1.0150315885361655e-01	
   9.7857770857638404e-01	   7.5120916916462011e-01	   1.4900685165770495e+00	   1.5200691815920895e+00	   1.1972365831215468e+00	   9.1046149955233380e-01	   0.0000000000000000e+00	   1.5681286351565100e+00	   1.3664939855733789e+00	   1.1625253301872498e+00	   8.8393609007656360e-01	   9.4130286949234365e-01	   1.2044542152309463e+00	   1.0670712079786497e+00	   1.1796295027943271e+00	   1.2945496826341139e+00	   5.5506246011684246e-01	   5.9612109270197144e-01	   1.0738612097944797e+00	   9.5238660336244463e-01	   7.5038025547472187e-01	   5.7705868601483334e-01	   1.5197373924376323e+00	   1.3404634062085681e+00	   9.6522423500912924e-01	   9.4028297249766446e-01	   9.0727769243348044e-01	   6.9488914978551086e-01	   7.2733186018853002e-01	   7.3984928591379773e-01	   1.1278165989775804e+00	   1.0878159019613844e+00	   1.0712238504881648e+00	   1.1032450983649933e+00	   9.0073396832694674e-01	   7.9256471151397978e-01	   4.0893626192506061e-01	   3.2448104313505133e-01	   4.3448948479588290e-01	   3.2497917249959041e-01	   5.5855285105720154e-01	   3.8948559479956257e-01	   1.0226733001211485e+00	   6.6467642833454532e-01	   6.7321769624803951e-01	   5.1483292253018109e-01	   7.4995687715568227e-01	   7.2697941234765007e-01	   6.1926325894333334e-01	   4.8107232819571205e-01	   7.9903579037471950e-01	   5.2259118893626333e-01	   8.9750228079147176e-01	   1.0034457823021370e+00	   6.3058789868897180e-01	   5.6403637433675669e-01	   5.5743618855903732e-01	   5.4745985443049627e-01	   8.7138493900971770e-01	   7.7692352518275865e-01	   1.2040074099076801e+00	   1.0026794953504117e+00	   6.7966314904796643e-01	   8.6012275008208416e-01	   7.5163790880416714e-01	   9.1839568394961268e-01	   1.1445605059266757e+00	   9.3475528207550307e-01	   9.6592165631649873e-01	   8.5613096336404282e-01	   9.8698958856046903e-01	   9.6661394808836643e-01	   7.3262750674366317e-01	   8.0185868176293684e-01	   7.8863788707637383e-01	   8.0882991435002605e-01	   9.0847885462527178e-01	   7.2737861496296252e-01	   6.5618312278757296e-01	   6.0680793387073240e-01	   6.9740023284165709e-01	   6.2979323251142427e-01	   9.3265417435923359e-01	   8.2367816353448853e-01	   7.6328140612942508e-01	   8.0812959308339449e-01	   9.5983783062975669e-01	   4.3954405183973411e-01	   8.9841930872954989e-01	   8.7213700929681148e-01	   1.0839616543738657e+00	   9.9322672317327254e-01	   1.2399204890608684e+00	   8.4558127293698027e-01	   2.2473061468232125e-01	   1.5555222077059078e-01	   5.5682521183618883e-01	   3.2313606586016946e-01	   8.7361634161351043e-01	   7.5998512872737189e-01	   1.2967472867919769e+00	   1.0557443658520451e+00	   1.1555964345489287e+00	   1.0036089466908062e+00	   5.7116160583071662e-01	   5.1864090159798582e-01	   4.5515714192752482e-01	   3.8744522806925791e-01	  -1.6063929211997227e-01	   8.6843767528313839e-02	   4.3016101820074837e-01	   6.2073088369153750e-01	   6.2238984341833326e-01	   8.7970195267251450e-01	   9.4222037345736420e-01	  -5.8081125293714684e-03	
   8.8784756673282428e-01	   7.5756208417618009e-01	   1.0783463575112031e+00	   1.6466865316885571e+00	   8.8307413881014751e-01	   8.3651499369674065e-01	   1.5681286351565100e+00	   0.0000000000000000e+00	   1.2397490470192742e+00	   1.2717272051418855e+00	   8.0275541953850205e-01	   1.1477525579493670e+00	   9.3236227837267516e-01	   1.1821979747640601e+00	   8.6918975841393864e-01	   1.0177220971567278e+00	   5.0711194522534508e-01	   5.6859993440466294e-01	   8.8423866884465019e-01	   8.8741652466502385e-01	   7.6774137708324841e-01	   4.8376616843880937e-01	   1.1327415714881204e+00	   1.1619927703986848e+00	   9.3554723082290658e-01	   9.5770935860587703e-01	   8.5750605282707359e-01	   6.5996887327978837e-01	   5.7169829645569159e-01	   7.2322259918378606e-01	   9.9468034710056596e-01	   1.1123082004085747e+00	   9.5960069525352831e-01	   1.1681159220642774e+00	   8.8728687965140551e-01	   9.2092356013433241e-01	   4.5217971088523756e-01	   3.6781373144106133e-01	   4.7679172022986294e-01	   3.2277147461540939e-01	   5.3006452564027218e-01	   3.5599092227848983e-01	   1.0937226772199691e+00	   7.3212045907689793e-01	   6.2205005311020611e-01	   5.6351773672958583e-01	   7.8202833929567706e-01	   8.1887728023489736e-01	   6.8677945562723974e-01	   6.6303301656250735e-01	   1.0237837814245245e+00	   7.5999094006196799e-01	   1.0218215542013782e+00	   1.1017813551318405e+00	   7.1362894290073009e-01	   5.8903624603106408e-01	   5.0772665790192895e-01	   5.3298251970431887e-01	   8.0588129520827223e-01	   8.5764531119079401e-01	   9.7283902915714104e-01	   1.1088064026244600e+00	   5.0536280382752052e-01	   7.7450912954115370e-01	   6.9682701856899620e-01	   1.1473539017839236e+00	   9.8305103711637321e-01	   1.0657506236048950e+00	   9.4458810952443728e-01	   9.0951847611016878e-01	   8.6315999063987325e-01	   9.1043059056652464e-01	   7.1832367642061679e-01	   8.3757877497209288e-01	   7.3742403702332715e-01	   7.8521740728432765e-01	   7.8654286329499590e-01	   7.9271270328355792e-01	   6.5766728940694896e-01	   6.4970145279524316e-01	   6.3161976407379972e-01	   5.9599561826806613e-01	   7.0429690761260255e-01	   7.7831114040563643e-01	   6.3955221987629884e-01	   7.3675277349773571e-01	   7.8889863915607505e-01	   4.2653363530953475e-01	   7.7698146470529916e-01	   7.5129413430315395e-01	   1.2832565872093737e+00	   9.0087479734017717e-01	   1.2544670581614998e+00	   6.6428198750172052e-01	   3.9004385159844224e-01	   3.0293010546556060e-01	   7.0037762819671978e-01	   4.4431348583129981e-01	   9.7456313492661883e-01	   8.6116928275253712e-01	   1.3028998869736019e+00	   8.2485150712177102e-01	   1.1284009269729591e+00	   7.7633251246984425e-01	   5.2044310439989538e-01	   5.2725257713389362e-01	   5.9038293975166556e-01	   4.7058162218868149e-01	  -2.0753148633462457e-01	   1.7600824923472635e-01	   4.5116997911077861e-01	   6.7139290445059541e-01	   7.4777986562590260e-01	   7.0368968771547247e-01	   8.7952780744280223e-01	  -4.0628855452540646e-03	
   6.5544425102983250e-01	   5.2388782452582905e-01	   1.0339012107896322e+00	   1.0459599683466141e+00	   1.0891561621149222e+00	   7.9796556418915221e-01	   1.3664939855733789e+00	   1.2397490470192742e+00	   0.0000000000000000e+00	   1.1976401664859806e+00	   6.4090922251597693e-01	   7.3462252648348147e-01	   8.9693166105080357e-01	   8.7555064493329926e-01	   9.4657511445316833e-01	   8.9820528024118751e-01	   3.7221408637039222e-01	   3.7312533595442576e-01	   6.8995464551407359e-01	   6.2606556864086560e-01	   6.5129363596696255e-01	   4.7173295833206386e-01	   1.1182863692804685e+00	   9.3794507121707360e-01	   8.9787762784778602e-01	   8.3438013803571498e-01	   1.0592467683767719e+00	   6.9169320611564600e-01	   4.4517564059795178e-01	   4.6784048192246697e-01	   7.8005350975300281e-01	   7.3700585021811849e-01	   7.1546459356666758e-01	   7.4359385137182210e-01	   7.7331799839284510e-01	   7.0635445431610855e-01	   2.6519632440176577e-01	   1.8724272323480817e-01	   2.7098904531834633e-01	   1.1891837124914767e-01	   3.4446570910773966e-01	   2.1912293776151648e-01	   7.5016839076254083e-01	   4.7425824038056763e-01	   4.6130443067309285e-01	   3.7872134616371378e-01	   5.3958656919858061e-01	   5.4098126180196870e-01	   5.0785532676343070e-01	   4.8490173683735616e-01	   7.5200416952165650e-01	   5.6978376231414818e-01	   7.5634896243760708e-01	   8.4294667874440143e-01	   4.4906914856915930e-01	   3.7121647017610532e-01	   4.0716684091239275e-01	   3.9060243967674591e-01	   7.2256203960725807e-01	   6.7000036991365663e-01	   8.6915749620640548e-01	   7.5912252799692537e-01	   4.2782267283251380e-01	   5.4941599340830383e-01	   7.5097084612190712e-01	   8.4048855380606047e-01	   8.1377539393439247e-01	   7.1622210567017064e-01	   7.2653228868623410e-01	   6.6304530725966937e-01	   7.3899280782125776e-01	   7.5545923395262904e-01	   4.2536393466753220e-01	   4.9744848472275038e-01	   4.2027381367721450e-01	   4.9646996856900738e-01	   5.5549425348815173e-01	   4.5624905960360601e-01	   4.2596799225170318e-01	   3.7974533231447183e-01	   4.5697846766409445e-01	   3.9169825597405322e-01	   6.9463809544337474e-01	   5.5247094833235078e-01	   5.4127863307532587e-01	   6.0253122479510057e-01	   8.4635077659026769e-01	   3.9192529484799660e-01	   7.3870823658347884e-01	   6.8611570150514622e-01	   9.6696337255697240e-01	   9.1130317809084582e-01	   9.8545271167358117e-01	   8.0928741528448422e-01	   1.8097944136732938e-01	   1.5820057220538281e-01	   4.0639661896994445e-01	   3.1036104509021956e-01	   6.9233074201223577e-01	   6.6372111902573427e-01	   1.0316233567873565e+00	   9.6979723501869797e-01	   9.8028653709212188e-01	   7.6606719797692191e-01	   5.1549702546998932e-01	   4.9709491375620141e-01	   4.8448179144156389e-01	   4.1830618445906209e-01	  -6.0940869242012662e-02	   3.5621146004163266e-02	   3.1978784259951676e-01	   5.9540190876980981e-01	   5.3786001809833750e-01	   6.0263349064817040e-01	   6.0993052854552898e-01	   6.0209179341244919e-03	
   8.2441836156298931e-01	   7.7267177078103655e-01	   9.1828934669964435e-01	   1.1636923791479477e+00	   9.6070299638122569e-01	   1.0224507617842427e+00	   1.1625253301872498e+00	   1.2717272051418855e+00	   1.1976401664859806e+00	   0.0000000000000000e+00	   6.5734404214683373e-01	   7.8950426598718926e-01	   7.4202331032640034e-01	   9.9369781026592474e-01	   9.0029915606527500e-01	   9.6332551643273356e-01	   5.2935498187355023e-01	   5.0597321866756373e-01	   8.4560803867623768e-01	   7.6291044463673885e-01	   5.3919454226132535e-01	   4.3004335778203417e-01	   9.4756949387304079e-01	   9.6999711442863834e-01	   7.7352737222511780e-01	   7.9416681588301341e-01	   1.2402890937414270e+00	   7.6590584446607857e-01	   4.5287354976136140e-01	   4.9679683807829988e-01	   6.8335924438263329e-01	   6.4342577322390815e-01	   7.8234062789195102e-01	   8.1437473526508186e-01	   7.1160817856468606e-01	   7.3074790412175039e-01	   1.9581832161384233e-01	   1.3378788799920863e-01	   2.2939132226631517e-01	   9.5310331094872941e-02	   3.1805752692918687e-01	   2.4338472507105841e-01	   8.1841512900259927e-01	   6.6668426733305275e-01	   5.9486113178289957e-01	   6.2299284254763820e-01	   6.4985770137539234e-01	   6.5983856936985930e-01	   6.9490197004398202e-01	   7.1738624632657944e-01	   8.9508275415804950e-01	   7.5428640192247709e-01	   8.7327418910584109e-01	   9.1342239010449999e-01	   5.1652646419553550e-01	   4.7482521705056024e-01	   5.6562036284891060e-01	   5.7868234788076267e-01	   8.2271369278734308e-01	   8.2373928039979760e-01	   8.6535745032962619e-01	   9.4249833100212588e-01	   5.4144981050180041e-01	   6.8296163872911464e-01	   5.7396686635490157e-01	   7.7086111330371654e-01	   7.7017094263283603e-01	   7.2552453781406778e-01	   8.7746615199316413e-01	   8.8214190721954555e-01	   6.1069025122025211e-01	   6.7049484182364538e-01	   5.0706736275238529e-01	   6.0059048132813397e-01	   4.6468707773279089e-01	   5.5853944705179426e-01	   5.1929702444269998e-01	   4.2047443296742643e-01	   5.4870056964270320e-01	   4.5701391581100648e-01	   5.9928106852640217e-01	   5.0591491353515572e-01	   7.1654574921105973e-01	   5.7338201701049263e-01	   6.6477524981929337e-01	   7.1619837479819637e-01	   8.2809663633220432e-01	   5.4632462686104810e-01	   8.0965943858834200e-01	   7.6271027777287714e-01	   1.0544962280093906e+00	   7.9010571088503223e-01	   9.4569596395563826e-01	   6.4576548734255412e-01	   2.6799839917727780e-01	   8.7104140393210919e-02	   5.0355562689221367e-01	   3.7482359547799982e-01	   8.7293311209466062e-01	   7.1081541702738360e-01	   9.5761600173143757e-01	   7.7811918738990526e-01	   9.8968013902772989e-01	   7.5173318708888892e-01	   3.5754003206707630e-01	   3.0990608176012568e-01	   3.8898622583765147e-01	   4.3723055031396946e-01	  -1.0209756378965484e-01	   3.1646430272800348e-02	   2.7808672920283617e-01	   6.7003918718047195e-01	   7.1019223691384825e-01	   5.6190084560051012e-01	   5.7677172195114923e-01	  -8.8031383640053862e-02	
   1.1601757614020989e+00	   8.9155450469734010e-01	   7.9736367075900272e-01	   9.9216460002600537e-01	   7.1791312817584707e-01	   8.1366994634983447e-01	   8.8393609007656360e-01	   8.0275541953850205e-01	   6.4090922251597693e-01	   6.5734404214683373e-01	   0.0000000000000000e+00	   1.2853344809850180e+00	   1.6259466295222378e+00	   1.2280989774158273e+00	   1.0716100990406328e+00	   1.1073628368744985e+00	   9.3701235881960721e-01	   9.5572271216084825e-01	   1.0788158497273386e+00	   1.1345854128412445e+00	   6.9482902619531550e-01	   4.9776505218865652e-01	   9.2196212670698119e-01	   8.5408138680292023e-01	   6.5938461961865791e-01	   6.2385773341593176e-01	   5.6740128341115337e-01	   5.6166238090842568e-01	   1.2351453909220982e+00	   1.3367669561531774e+00	   9.0631730529096988e-01	   8.6168677533034699e-01	   1.1713064594100322e+00	   1.1429050327040158e+00	   5.3485766966295312e-01	   4.7807475031857294e-01	   4.3924434843411730e-01	   4.1977089989069488e-01	   4.9860720669888720e-01	   4.6399511481453881e-01	   7.9265103506098100e-01	   6.0879628499195115e-01	   6.9461793562019325e-01	   5.2680439967468917e-01	   6.1770381608828406e-01	   4.8496751353508771e-01	   7.4309103549407474e-01	   6.5315537804433588e-01	   6.0316512550468349e-01	   4.6409133824630666e-01	   8.2867327605625407e-01	   5.1375079399662149e-01	   9.7660718204518204e-01	   7.9569670693752581e-01	   8.1123864314333483e-01	   6.8435457680568546e-01	   7.0266173766335849e-01	   8.0207626661486253e-01	   8.2698534110871513e-01	   8.5314833430998194e-01	   1.3738708503171064e+00	   1.0466786617517938e+00	   9.6882057796916532e-01	   1.2638528203540389e+00	   5.9718556919690569e-01	   6.4875261606741641e-01	   7.9972911656848167e-01	   7.6558412229876638e-01	   9.8277702713216919e-01	   7.6675066320101470e-01	   6.8001630786066958e-01	   6.5571067489176316e-01	   1.2639230906153054e+00	   1.3537907554722657e+00	   1.2907946140932824e+00	   1.4146754615812913e+00	   9.4977792701389696e-01	   7.8911478378150290e-01	   1.1081041419620143e+00	   1.0533626548544797e+00	   9.9799248496085502e-01	   8.6459792451408024e-01	   7.6195042441887084e-01	   8.6494590772848134e-01	   8.4733824338054586e-01	   8.6905570948598032e-01	   6.8783124532962103e-01	   4.2894769731209120e-01	   7.3830659514542618e-01	   8.0685842419842713e-01	   5.8939206985782022e-01	   4.1259546486240239e-01	   6.2669804292698228e-01	   3.0594810031733033e-01	   2.1799939215787262e-01	   2.0651223006183267e-01	   6.2069089931276500e-01	   3.0718609401122959e-01	   7.4136076774586612e-01	   7.1105399332229069e-01	   8.0741290562177837e-01	   4.1173567069212430e-01	   6.9254957520082328e-01	   5.9625578821993874e-01	   2.6325987574751886e-01	   2.3195665461165588e-01	   4.5516575055109237e-01	   2.8170726946451374e-01	  -4.7601067454982182e-01	   6.4316830105288617e-02	   3.8142492478190476e-01	   5.2505764649541264e-01	   5.9682755844543256e-01	   6.1938641033044162e-01	   7.0462536495719452e-01	  -1.3245262574968525e-01	
   1.0058664539640705e+00	   8.5421412519967099e-01	   7.2562295471072913e-01	   1.1094321882153335e+00	   6.4765069400668152e-01	   7.8976121164375579e-01	   9.4130286949234365e-01	   1.1477525579493670e+00	   7.3462252648348147e-01	   7.8950426598718926e-01	   1.2853344809850180e+00	   0.0000000000000000e+00	   1.1517585006851587e+00	   1.5293128271185030e+00	   9.2643711508733873e-01	   1.0274884817393259e+00	   7.1201835996738361e-01	   8.0621350027207661e-01	   8.6943055988361395e-01	   9.9139437506861372e-01	   8.1314824866693092e-01	   5.0527455135256583e-01	   8.8614950096581158e-01	   8.9436111346324920e-01	   7.4981938252535740e-01	   7.9191938606370915e-01	   5.8943430901017357e-01	   5.9150962979593424e-01	   9.3770697924361346e-01	   1.3119513104602001e+00	   9.6146935156434232e-01	   1.0572530348194844e+00	   1.1360429280734996e+00	   1.3720501528557500e+00	   7.3111056617465620e-01	   7.5315584775102185e-01	   5.6789942939988181e-01	   5.1571937373996923e-01	   6.0013551217202132e-01	   4.9356941334886706e-01	   8.1367395927071440e-01	   5.9212386432197217e-01	   9.9613458256708176e-01	   7.4061259119736389e-01	   6.6656029501635161e-01	   6.3195347449830164e-01	   9.0926403907741882e-01	   8.8550377022530835e-01	   8.1120695476293592e-01	   7.8531258938818893e-01	   1.2157687281800869e+00	   8.6182411999881348e-01	   1.1615791463039646e+00	   9.6262785270572260e-01	   8.7978349232306519e-01	   7.3553344917328078e-01	   5.9601700283141090e-01	   6.9127186307253929e-01	   8.1313436897624880e-01	   1.0072075675049248e+00	   1.0912336136900225e+00	   1.3449332341860021e+00	   5.9214028822578713e-01	   1.0217696673643792e+00	   6.4471842892522735e-01	   9.7511086034167005e-01	   8.6801717958097013e-01	   1.0791288756258643e+00	   9.7761857711598510e-01	   8.4174191544535604e-01	   6.7268442265611139e-01	   6.8011800702731529e-01	   1.0416096505771955e+00	   1.2618496833022834e+00	   1.0625915427720871e+00	   1.1220899381716571e+00	   8.8472763408781152e-01	   9.8823230997757139e-01	   8.9141757621692586e-01	   9.5930350519838636e-01	   8.3219761809702741e-01	   7.6691707383661045e-01	   7.2455069338751543e-01	   9.7938510062338457e-01	   6.6959693650365260e-01	   7.9463761550947465e-01	   6.4951190993417052e-01	   4.5623931632901255e-01	   6.4415432963872998e-01	   7.1053634865314674e-01	   7.7674889759613530e-01	   5.1980460961968644e-01	   7.2820183703412000e-01	   3.4407281907437604e-01	   3.4267990554137490e-01	   3.8251237068820537e-01	   7.6946813325129604e-01	   4.6418115069889671e-01	   8.8884146004779840e-01	   8.3424773243154737e-01	   8.7642044604015701e-01	   4.1013343197230512e-01	   7.3859663032920286e-01	   5.2409533224797833e-01	   2.6018531136969703e-01	   3.6852241485291493e-01	   6.7156237895301274e-01	   4.1871040092779360e-01	  -4.6209668225002620e-01	   2.1676877065543401e-01	   5.1003037968375220e-01	   6.2634278055855930e-01	   8.0033985957221510e-01	   5.2785863381527287e-01	   7.1520734475285885e-01	  -9.0697860326053537e-02	
   1.0652058952629870e+00	   7.9537839787014830e-01	   1.0208052476618248e+00	   1.1106169204754639e+00	   9.4488043299202118e-01	   8.7879260933997649e-01	   1.2044542152309463e+00	   9.3236227837267516e-01	   8.9693166105080357e-01	   7.4202331032640034e-01	   1.6259466295222378e+00	   1.1517585006851587e+00	   0.0000000000000000e+00	   1.2561925245810084e+00	   1.4688742106172783e+00	   1.3596081550734851e+00	   7.7056530688819425e-01	   8.1670995103777422e-01	   1.1177277148977642e+00	   1.0647165932349607e+00	   8.2421231494938718e-01	   6.6500384985208516e-01	   1.2257483383397823e+00	   1.0434176475967452e+00	   8.0723083047191402e-01	   7.7917695948168542e-01	   6.6769452353246428e-01	   6.7325592283061220e-01	   1.1982901283616849e+00	   1.2162247305655485e+00	   1.1210195210399756e+00	   1.0385265915790227e+00	   1.2384854884565513e+00	   1.1821540215984836e+00	   6.6163305814903051e-01	   5.7614747686844003e-01	   5.2519456199291692e-01	   4.8678351540165732e-01	   5.4502946654928741e-01	   4.8586294127193164e-01	   8.4882982007331687e-01	   6.4995625641907351e-01	   7.4681973936149038e-01	   4.9932177971255987e-01	   5.9809696497794529e-01	   4.2572408619038316e-01	   7.2517264176530882e-01	   6.1587556159424373e-01	   5.4331339044587312e-01	   3.7473746821226900e-01	   7.5936221423383110e-01	   4.5656021200163688e-01	   8.9369365091596931e-01	   7.7935954724498302e-01	   7.4653502157572738e-01	   6.4730885713757780e-01	   6.1091631883651809e-01	   6.5616235912513166e-01	   7.8052235163225625e-01	   7.4723518645676168e-01	   1.4355705634540397e+00	   1.0147931859033426e+00	   9.1921576736554989e-01	   1.0978929304517628e+00	   7.6844295112242622e-01	   7.4929739627829295e-01	   9.5060273992937716e-01	   8.2651466220308734e-01	   9.7250512965088909e-01	   7.4374220410125713e-01	   8.5373809828950709e-01	   8.0561136945585687e-01	   1.0887893728828604e+00	   1.1154654550601750e+00	   1.1430170507206880e+00	   1.2099283845307915e+00	   1.0373486929210129e+00	   8.1079095475933882e-01	   8.7803045149072179e-01	   8.4271418563062461e-01	   8.9344617377855529e-01	   7.8813555963935855e-01	   9.6241576539199314e-01	   9.2560044726674950e-01	   8.6282899069338970e-01	   8.4350843150510257e-01	   8.3275467745818599e-01	   4.9988623868141591e-01	   8.5047861742848552e-01	   8.2936896682235206e-01	   6.2531164307922094e-01	   5.2422646092734948e-01	   7.1685436604478414e-01	   4.9115246979496052e-01	   2.1184398765784579e-01	   1.9998527911037323e-01	   5.9928795426511161e-01	   3.0292977335514681e-01	   7.0621971560225327e-01	   6.7162878896681411e-01	   8.6577354905686432e-01	   6.1316039776121389e-01	   7.8660068235244851e-01	   7.3889854999484783e-01	   3.8854319296194978e-01	   3.5552938613833429e-01	   4.0227881736396937e-01	   3.3976693448215184e-01	  -3.3350213081865498e-01	   9.4545890720312067e-02	   4.1587297852021249e-01	   5.1823944909935338e-01	   5.3867944937172019e-01	   6.7942878110201743e-01	   7.2689136375701724e-01	  -8.7044711760981344e-02	
