   0.0000000000000000e+00	   1.0779439364414130e+00	   3.5431831879855108e-01	  -1.0266632585877267e-01	   1.4243461254795048e-01	   1.7788074705884621e-01	   1.8410842128120944e-01	  -5.8188615784538808e-02	   2.7282469531425513e-01	   5.1316741908265406e-02	   7.5837379521202897e-01	   4.0961463192165493e-01	   2.2034592319976135e-01	   3.4177593966355885e-01	   2.0453179310179564e-01	   2.2867285252267688e-01	   7.9822328995946834e-01	   1.0589992083468927e+00	   5.4686243689606862e-01	   7.3593582611450503e-01	  -2.0411247455201648e-02	   4.6143601101281573e-02	   3.9772757104860695e-02	   1.9918446881098808e-02	   1.5721522909093813e-01	   8.6574767810173689e-02	   2.4074896342253568e-01	   1.4199401598858180e-01	   4.3569885655734841e-01	   3.9644968169378481e-01	  -1.3059951738508996e-01	  -1.4271585686507726e-01	   3.5331252845623773e-01	   2.9761504807790989e-01	   4.4017852712255251e-02	  -4.6312951972626096e-03	   2.6307019482352673e-01	   2.9126150781468774e-01	   4.0290674632711515e-01	   1.9896423855036172e-01	   4.0360496430267012e-01	   2.3126354385224843e-01	   7.3302355007944964e-02	   4.3426716690083241e-04	  -6.1999705873636748e-02	  -7.1224629706201414e-02	   9.2776340360357756e-02	   1.2046260264208924e-01	   4.8219935524869612e-02	   8.2204247487610252e-02	   4.4931368801123650e-01	   4.1519852849975053e-01	   3.1881164974384757e-01	   4.6760869138042249e-01	   2.8440082621239654e-01	   3.3173494973832063e-01	   1.3079127330455247e+00	   8.3660620738426106e-01	   5.8969838856993273e-01	   2.1203716366732642e-01	   1.5806505908684867e-01	  -1.1307650456508375e-01	   3.3976828938829678e-01	   3.3698120949910365e-01	   1.5963315627396290e-02	  -6.4725734985671982e-02	   1.5822284832966016e-01	  -7.9014359186991956e-02	   9.6111928119802448e-01	   3.9779076007077041e-01	   3.2228852472023606e-01	   2.8234399901621376e-01	   7.5770720963186478e-01	   6.4305959462600104e-01	   7.3057052383303389e-01	   5.0126243384914726e-01	   7.5867383502954944e-01	   5.7930565393550593e-01	   6.8949142554769693e-01	   5.9155705206882114e-01	   6.0913560779645559e-01	   5.0139082721702866e-01	   4.1667797613879221e-01	   4.8557229725741408e-01	   4.1796239600271989e-01	   2.5444688594637432e-01	   2.4622915533052836e-01	   7.7215045795938742e-02	   1.0168757762574279e-01	   2.3916065564806036e-01	   2.4689716248061563e-01	   3.7497450851296799e-01	   1.3938597450917256e-01	   3.3946112060771422e-01	   4.5064288621525350e-01	   3.3587779818746039e-01	   4.3742650835863817e-01	   5.4378039736520123e-01	   5.1131910041118922e-01	   5.6519289478580670e-01	   1.9539551010530321e-01	   4.2229118691467116e-01	   4.2714776364227069e-01	   5.3578300894757569e-01	   1.7010687321884674e-01	   2.7591260922431238e-01	   1.0587904202584700e-01	  -6.5838869939809197e-02	   3.9595434227514315e-01	   5.5365323183196846e-01	   4.5876286665112687e-01	   8.0440762748673478e-01	   5.6120955542362827e-01	   5.2289509727287820e-01	   1.6121106795376511e-01	   2.2607162369988595e-02	
   1.0779439364414130e+00	   0.0000000000000000e+00	   2.9671088285521352e-01	  -1.8292816205628407e-02	   3.5420320527271415e-01	   4.0330709938757009e-01	   1.1121248182589631e-01	   2.4637230714628994e-02	   2.3292522984342084e-01	   2.4568852289475949e-02	   4.0651021260823295e-01	   3.9632904643528960e-01	  -6.3909318456698812e-03	   2.3011188798226365e-01	   1.7996803177570012e-01	   3.0815783337597102e-01	   6.2287344101483555e-01	   1.0412055722514415e+00	   6.3931039565043357e-01	   9.5304212177192871e-01	  -4.6411965476201980e-02	   1.7650726060918852e-02	   6.5008722995664542e-02	   8.2660031734026196e-02	   1.9432443077324035e-01	   9.6006194141105602e-02	   2.9559655933922602e-01	   6.7428324962421529e-02	   2.2512316425496631e-01	   2.5620697561963440e-01	  -2.5799729628121942e-01	  -2.5381637751525332e-01	   3.5818521733228614e-01	   3.1620156534717642e-01	   7.6510753048043598e-02	   8.2571296645029352e-02	   2.7756111304918540e-01	   4.1003144717340834e-01	   5.7348701335198105e-01	   3.5447238233169281e-01	   4.3030038971746043e-01	   2.5255936468075557e-01	   2.4617927099799092e-01	   1.6648470565817969e-01	   7.9170987702723336e-02	   1.3205803394955962e-01	   2.3251056654500055e-01	   2.5342004887034714e-01	   2.3264664294840687e-01	   4.1130342365232148e-01	   6.6086079999556391e-01	   6.1951430044905831e-01	   4.0842157647843463e-01	   5.5331549800824331e-01	   5.8827864673806807e-01	   4.9491885377004807e-01	   1.0289259303332883e+00	   9.4770306189183584e-01	   5.7414457829340015e-01	   3.5698271068189780e-01	  -9.9352852920515211e-02	  -1.6072349344042897e-01	   2.7059808937168289e-01	   3.6320907409096925e-01	   2.1197879798292359e-02	  -3.2523703306611015e-02	   1.3412871925741590e-01	  -4.0148440552622011e-02	   9.7122791011621401e-01	   5.9122184578861081e-01	   2.1612805885561784e-01	   2.6153142680368840e-01	   8.3844371168522636e-01	   7.2085536426472319e-01	   8.1414662929053072e-01	   5.9659811212219183e-01	   6.8544377937102885e-01	   6.3625449655618216e-01	   4.3031631816526106e-01	   5.3668239731339507e-01	   4.5213739232066791e-01	   6.3103588533638111e-01	   4.9606245809747851e-01	   6.8846847994193261e-01	   5.0185360297268533e-01	   4.9151900885339844e-01	   3.8854399868315731e-01	   2.8189996118828758e-01	   1.2759178227811810e-01	   4.1512878651097807e-01	   5.0261275700265884e-01	   3.5301065244196750e-01	   3.5497182875049993e-01	   3.1711745847465861e-01	   5.9776757662475410e-01	   3.7782983653216917e-01	   3.9701959875425408e-01	   5.2842765288174243e-01	   6.7136590354211212e-01	   4.3576503451834298e-01	   3.8781153408231395e-01	   4.4285524445005997e-01	   6.8140962369923974e-01	   6.5534667905887634e-01	   2.7495332684265095e-01	   2.9293357831643674e-01	   1.6804440402417667e-01	   1.1010182577397044e-02	   5.0821630236481175e-01	   5.8614102019704017e-01	   5.3642769564035342e-01	   1.0092486798969829e+00	   7.8819516931460432e-01	   6.9118150907215914e-01	   8.2215218874370027e-02	   4.1356100964497274e-02	
   3.5431831879855108e-01	   2.9671088285521352e-01	   0.0000000000000000e+00	   5.2211677776686971e-01	   5.2130225057822988e-01	   5.0004177193589816e-01	   7.4996844215951464e-01	   2.7619036771938660e-01	   5.2107328783604545e-01	   1.7082146771982348e-01	   3.3997871224944659e-01	   1.2117826769813692e-01	   4.0180396937094609e-01	   4.5389655319360273e-01	   4.5568918615313875e-01	   4.9293809231527347e-01	   3.1285746685377291e-01	   3.8000165791950535e-01	   6.3834309723080929e-01	   3.6459426390976790e-01	   5.7235552058123917e-01	   4.8296177890937397e-01	   7.8554359752210912e-01	   7.0351251767434364e-01	   8.4334612257411956e-01	   7.9595277305908529e-01	   4.6337730309704850e-01	   3.6814378246405893e-01	   4.3930609363002066e-01	   1.2272647992792146e-01	   4.2680942532318183e-01	   3.6968674478359687e-01	   8.7854621321181448e-01	   7.0389823816172148e-01	   5.7652080982231479e-01	   3.8704988828814513e-01	   3.6207458847388208e-01	   3.1770271145471107e-01	   5.5711829096956844e-01	   3.9631676710830377e-01	   1.4534237062184049e-01	   2.9019061823030584e-01	   2.2033418536633131e-01	   1.1534211284444937e-02	   1.6872072064269880e-01	   4.3630841932185749e-02	   1.8245615910222668e-01	   1.2427706464202463e-01	   9.7408773621142693e-03	  -9.8458165683801210e-03	   1.0203851328994040e-01	   2.9651580966265014e-03	  -4.3725205411332256e-02	   1.7492638545189287e-01	   4.2330267332693433e-01	   2.6260181360777951e-01	   4.1402862591463385e-01	   2.8525567492805287e-01	   7.2308361175833169e-02	  -3.4830164200672212e-02	   4.6637902576779366e-01	   4.1964178943267046e-02	   3.7248018276056860e-01	   9.1945491818745659e-02	   8.8325881356412994e-01	   6.0691060403078401e-01	   8.1299455407401733e-01	   4.3568408133097608e-01	   3.5700386235851478e-01	   4.1980287588681742e-01	   3.4070796979819135e-01	   4.5868980747403665e-01	   2.1642937534469597e-01	   9.1262373919627979e-02	   2.0768174836694442e-01	  -7.3408294874795027e-02	   2.6489988799391534e-01	   1.6606598717222890e-01	   5.8663217695935554e-01	   6.9338377707317722e-01	   5.0049889570528461e-01	   5.8204086076947303e-01	   3.5421981599077701e-01	   1.9894819598471442e-01	   7.7540132327007782e-01	   4.3036885062679531e-01	   4.6500940178675243e-01	   5.2559631402632023e-01	   6.9941122173668957e-01	   3.7065902821892671e-01	   4.0798136391778389e-01	   7.7302272987709364e-01	   4.3501359562595099e-01	   9.9053661226787770e-01	   9.9270098669188844e-02	   4.8622387368966707e-02	   1.1028688292454370e-02	   1.0833310769178433e-02	   4.0165975273884442e-02	   2.7274746724723326e-01	   9.8250485935758802e-02	   7.5298397614212553e-01	   1.8535389715699671e-01	   4.0984089700004483e-01	   5.0460653968626701e-01	   4.9329652347342301e-01	   1.8955722797040001e-01	   2.2429379560964158e-01	   2.7547764817209712e-02	   2.0643037977349021e-01	   3.4102340846811724e-01	   1.5716187038354990e-01	   3.5307779511209031e-01	   3.4824753008650600e-01	   2.7855324750968319e-01	   2.3628879742195805e-01	
  -1.0266632585877267e-01	  -1.8292816205628407e-02	   5.2211677776686971e-01	   0.0000000000000000e+00	   4.8304333700553509e-01	   7.2741525719137090e-01	   4.2044680278703528e-01	   9.6169107124859987e-01	   2.8601620347966711e-01	   3.2709537161514990e-01	  -4.1846914188328158e-02	   3.0981009319994246e-01	   1.2546561578319096e-01	   3.1904953410160070e-01	   1.9738418410638860e-02	   2.7709293231807952e-01	   1.2947886986515439e-01	   6.4437947050582048e-02	   1.7010966421121285e-01	   1.4884064990028326e-01	   2.7266263244012634e-01	   1.9022186612238298e-01	   3.7199182863604907e-01	   5.9603424105371083e-01	   4.1885009361530268e-01	   6.4318548469017589e-01	   1.8744077448804769e-01	   1.6152101785418960e-01	   2.6652532366730874e-01	   1.1893425095389737e-01	   3.0942624158440807e-01	   4.6842719541770550e-01	   6.2943437176510264e-01	   7.4937662324069831e-01	   3.5525453743017782e-01	   3.8633500296586976e-01	   2.4186024680967447e-01	   2.4744310205258291e-01	   4.3502192524940708e-01	   5.2209581375267344e-01	   9.3101020560303532e-02	   3.7552921858376465e-01	   3.0107974998981230e-01	   1.6869035648648009e-01	   2.1900561965674026e-01	   2.0873235451045630e-01	   2.7426638809211945e-01	   1.1171807822312978e-01	   3.1327102373323416e-02	  -1.2594019454187939e-02	  -1.1725601267670112e-01	  -1.9590754603051180e-01	  -1.8897233527972013e-01	  -1.5447317111466696e-01	   4.0040420888429107e-01	   1.1449889618693029e-01	  -1.4713691138483193e-02	   3.8599250227777826e-02	  -1.0142838233851582e-01	   1.9529130021230590e-01	   4.3173996740473741e-01	   6.3320003911028944e-01	   2.7222565739191656e-01	   2.9830489418354406e-01	   6.0233699359304260e-01	   8.0252665720623440e-01	   6.3850816148859812e-01	   6.8141091856080460e-01	   4.3517472659975458e-02	   1.8701602556729735e-01	   3.5599504096286816e-02	   1.2396012377313015e-01	   1.6913188932836828e-02	   5.0588463763315911e-02	   1.8157839052984234e-02	   3.9859225131454269e-02	   1.4791224187016064e-01	   2.1620244756495458e-01	   3.1732189607233935e-01	   4.5213273606579207e-01	   3.0336714686577093e-01	   4.0858098343255489e-01	   6.5734147154089845e-02	   2.1757475215357483e-01	   3.6474003711159958e-01	   6.0928849325236745e-01	   1.9895110311544112e-01	   2.7475042618006590e-01	   4.6173428667960659e-01	   3.6141312146125226e-01	   6.2445573550029776e-01	   2.7003201565672263e-01	   9.1129514130496880e-01	   3.4443350576481696e-01	  -4.7205836951039790e-02	   5.3137175332377211e-02	  -1.0203826651985877e-01	  -1.7261711708847047e-01	   5.8062018147428306e-02	  -4.1299053922652033e-02	   4.5609977929694617e-01	   2.2192470638815415e-01	   7.6695631214673474e-02	   1.7815622749551838e-01	   6.0313855286608453e-01	   4.6379704211993555e-01	   1.8806200093471281e-01	   4.0726789551167070e-01	  -6.6521885579497939e-02	  -6.3777144128120147e-02	   9.3442329135925178e-02	  -1.1463693225187857e-01	   2.1850454582922660e-01	   1.0842181921002085e-01	   2.7781112330018515e-01	   1.7427001786286075e-01	
   1.4243461254795048e-01	   3.5420320527271415e-01	   5.2130225057822988e-01	   4.8304333700553509e-01	   0.0000000000000000e+00	   1.3347500282998044e+00	   3.9152326118244668e-01	   4.3213344446254137e-01	   3.2055535929652396e-01	  -6.2646985543749728e-02	  -6.0502800781471577e-02	   1.4337881556990503e-01	  -9.6816631262760341e-02	   6.5109000857412280e-02	   8.3237751099826979e-02	   2.8129427647273658e-01	   3.8666070603852803e-01	   4.9959584742016083e-01	   5.9233519429183246e-01	   4.9438500808618668e-01	   4.5079021499155967e-03	  -9.2843837567939791e-02	   2.4517453118828947e-01	   2.3466146032536683e-01	   4.4959773093903088e-01	   3.4259072980875538e-01	  -4.4137827750319897e-03	  -3.7998763377618744e-01	   4.2203352579007014e-01	   3.3154058137982789e-01	  -1.9702339076988429e-01	  -1.4163108359864432e-01	   5.0284360744351708e-01	   5.1387775498351118e-01	   1.0597458896517098e-01	   2.2311567090106671e-01	   2.9798287719389210e-01	   3.5019199044743099e-01	   4.9140313379723399e-01	   4.7183703728975684e-01	   3.1085195260647219e-01	   3.6497933530474674e-01	   3.4987523657572045e-01	   2.6143918308687386e-01	   3.1358142749663365e-01	   3.4745340774663547e-01	   3.4395980890006822e-01	   3.7320864055940633e-01	   3.6310642387569869e-01	   5.0237824773978657e-01	   2.3025484564331353e-01	   2.2232903637567175e-01	   8.8775436885926221e-02	   2.9964822963014787e-01	   1.0765246156000174e+00	   7.2829245228825812e-01	   3.2005100415026194e-01	   3.1909057669461571e-01	   9.7611891293160433e-02	   2.0390506031228056e-01	   3.5071612128875074e-01	   3.2476296064350108e-01	   4.0054820737200159e-01	   4.4247866716466783e-01	   3.3906144126999482e-01	   4.9261951798324261e-01	   5.7051068014764572e-01	   4.1912114790060845e-01	   1.9898901392134125e-01	   3.7972594714597180e-01	  -2.5225772094255544e-01	  -1.5837283881021597e-02	   2.6065450575990579e-01	   2.2479041104395375e-01	   2.4801042681687258e-01	   3.6127737117979626e-02	   2.8547886792093247e-01	   3.2520304755043333e-01	   4.6060387377342360e-01	   5.9930120775290696e-01	   4.6739059186058868e-01	   6.8599026251640671e-01	   4.3999892821009101e-01	   5.3197976067796648e-01	   4.4440653863429447e-01	   6.9341582761559328e-01	   4.4484966397236969e-01	   4.9864951120941159e-01	   7.3117109645927603e-01	   5.3812305950003569e-01	   1.0936097503583762e+00	   7.3655459546289503e-01	   6.1223346903221831e-01	   6.3896345276796862e-01	   9.5027945446181011e-02	  -9.1674101045035400e-02	  -2.5624175813983469e-01	  -6.2253187301092430e-02	   4.8618922479444693e-01	   4.5587706358122393e-01	   3.9410078094178869e-01	   6.3160080590084478e-01	   5.5469631596881874e-01	   8.5894966027023134e-01	   4.8405560210361642e-01	   3.9516281849701096e-01	   3.3157842701499363e-01	   2.6032395603637504e-01	  -1.1994193973070200e-01	   6.5205587498425477e-02	   2.4900867488060763e-01	   3.1011307103258640e-01	   6.5745985764358805e-01	   3.1841430143558985e-01	  -1.6638820636667886e-01	  -8.6676198776702532e-02	
   1.7788074705884621e-01	   4.0330709938757009e-01	   5.0004177193589816e-01	   7.2741525719137090e-01	   1.3347500282998044e+00	   0.0000000000000000e+00	   3.4403813940457861e-01	   6.3921884790022376e-01	   2.1902820194739042e-01	   9.6177521002337979e-02	  -1.7169317719487889e-02	   2.4529470270594789e-01	  -1.0403194201033314e-01	   1.4164030725342655e-01	   3.6320381570446571e-02	   3.8850014824289608e-01	   4.4984474186219625e-01	   4.5923666178889672e-01	   5.3426271783906343e-01	   5.2573176527636334e-01	  -1.5834629947681929e-02	  -3.9616651894393680e-02	   3.2841259500953868e-01	   4.2404718686345805e-01	   5.1224003179285871e-01	   5.3397573948738075e-01	   1.1244608754800225e-01	  -1.8441219785868723e-01	   3.7794477032144158e-01	   2.7663210468800098e-01	  -7.5065904767271097e-02	   5.0641632625432094e-02	   6.3676279501175737e-01	   6.8027849901935067e-01	   2.3136219828175691e-01	   2.5620441556523366e-01	   3.0196212977562237e-01	   3.6476852100173002e-01	   5.7124245511998406e-01	   5.3540145290633001e-01	   2.9297120801848603e-01	   3.5096797943940877e-01	   3.2395326746915848e-01	   2.0780680802203019e-01	   2.9014264559463399e-01	   3.0156815418758121e-01	   2.9126324603200215e-01	   2.7244322180884994e-01	   2.5268993526702743e-01	   3.8602099179327087e-01	   2.4774766380900290e-01	   2.5435171267138712e-01	   1.5098556934606694e-01	   3.3989989614812788e-01	   9.3045287652527775e-01	   6.1230175756101324e-01	   3.6089331430141519e-01	   3.6875318148358055e-01	   1.0033747623318022e-01	   2.2328080308017845e-01	   3.2306553726048315e-01	   4.5655823444551924e-01	   4.4382860815223513e-01	   5.2157160934672753e-01	   4.1828247971886751e-01	   5.5304193716599215e-01	   5.5077591618578070e-01	   4.0726220317247441e-01	   2.7925408371863414e-01	   3.9009622035278635e-01	  -1.9455493593493176e-01	   2.4841139388602732e-02	   2.6610094067410683e-01	   2.1432436630709956e-01	   2.2935495924073607e-01	   1.0449875654064256e-01	   3.3258663503307828e-01	   3.5197946334846142e-01	   5.3945816521243284e-01	   6.3520240008697160e-01	   5.9155503572454726e-01	   7.4670773930738610e-01	   3.7161011806338962e-01	   6.4160068398296410e-01	   5.3877569644148848e-01	   8.8413560246307177e-01	   4.2323106370113223e-01	   5.5834802903642544e-01	   6.0971764837562437e-01	   6.5004290391839237e-01	   9.8446105969254460e-01	   5.1777581561018504e-01	   8.9270195325184254e-01	   4.6447537022983004e-01	   1.7631429216557432e-01	   2.0920017610583808e-02	  -1.3106381956974500e-01	   2.9134631981446720e-02	   3.8069026977450476e-01	   3.2302805028672715e-01	   3.8266942857875424e-01	   4.9483562706778650e-01	   3.8823349926093009e-01	   6.2879961747361024e-01	   4.5908767837313552e-01	   3.1107287745598816e-01	   1.1032929756297219e-01	   1.0511211983226909e-01	   7.4835312002414611e-02	   1.5901574483023975e-01	   2.4665990264703241e-01	   2.9107036476589077e-01	   5.8329237509932996e-01	   3.8846554279512224e-01	  -2.1497457919020403e-03	   1.8234374303734847e-02	
   1.8410842128120944e-01	   1.1121248182589631e-01	   7.4996844215951464e-01	   4.2044680278703528e-01	   3.9152326118244668e-01	   3.4403813940457861e-01	   0.0000000000000000e+00	   7.6639194862416304e-01	   3.5828722284358117e-01	   1.0921592832069316e-01	   1.6157670950563122e-01	   3.6275009980645456e-01	   5.3354813642739007e-01	   4.7160395011512335e-01	   2.5535983901763165e-01	   3.6935177817129022e-01	   1.7062841751721330e-01	   2.9338922569667214e-01	   5.2900652734752673e-01	   3.0610853015829831e-01	   1.3438937470632983e-01	   2.2034972177006645e-02	   2.7359146143224466e-01	   3.4464199379591742e-01	   9.4683042155411234e-02	   1.0572213825173464e-01	   2.9938377223120437e-02	  -3.6015730186334749e-02	   5.3064311420690458e-01	   3.2601460399861243e-01	   1.2608144103690849e-01	   1.5333293356222286e-01	   6.5828664271748427e-01	   5.6417662908665478e-01	  -9.1801142644120440e-02	  -1.4349766763052796e-01	  -5.0515130552863247e-02	  -6.8282418599078534e-02	   2.8258592020039019e-01	   7.1725665043471262e-02	  -8.4265761666056482e-02	   4.7963308813251740e-02	   2.1160514518869886e-01	   3.7472812632078314e-02	  -5.3889562254421045e-03	  -1.9011118155894607e-02	   4.0214085799709712e-02	   5.3725990629754000e-02	   1.1580241850449208e-01	   9.8907561267565267e-02	   1.0505358214059740e-01	  -3.1850143352371844e-02	  -2.0504279770428108e-01	   5.4431480110317461e-02	   2.1543201146802490e-01	   1.9134286186500649e-01	   1.9351089772632699e-01	   2.2650256850208328e-01	  -5.1345517830054213e-02	   3.5953191090034156e-02	   6.3641153036069831e-01	   2.2391403904457391e-01	   8.3269767483620460e-01	   5.2351367556177475e-01	   5.7760831655198230e-01	   6.1373858999103093e-01	   4.7846781388112369e-01	   2.7654107289761959e-01	   3.0850254879955411e-02	   1.0552346216574526e-01	   1.2247326471869122e-01	   1.6448928245983518e-01	   1.6802515911637117e-01	   9.4605750024621349e-02	   1.0159852490370605e-01	  -5.1284449982304504e-02	   3.0850868745080477e-02	   6.4124916695239037e-02	   3.7446902720755781e-01	   5.5289567077544799e-01	   4.2027200095206951e-01	   5.0512835625783126e-01	   2.4357542681710687e-01	   2.7611673731325942e-01	   5.0585268446402398e-01	   4.5923574057050642e-01	  -7.5902356787110681e-03	   2.3909351581109375e-01	   4.5365629900721466e-01	   8.7714278156490466e-02	   4.5317931789811794e-01	   7.1512914513342396e-01	   5.1425461435454778e-01	   7.1776869729478121e-01	   1.6406467939839486e-01	   1.0268246734644818e-01	   1.8719595235451424e-02	  -1.4615724953456257e-02	  -4.2940086604021550e-03	   1.7560053174540721e-01	   3.4015974405999005e-01	   7.7826303143070119e-01	   2.6024228481010342e-01	   4.9524053090422770e-01	   3.2677007540984798e-01	   3.4938670673503558e-01	  -7.9083885835245213e-02	   1.7479019637505111e-01	   1.6354790575065246e-02	   5.3328365161871463e-02	   3.9999259393065326e-02	  -1.2720497480747761e-01	   1.1032578221249723e-01	   1.6489617098946907e-01	   1.5727230932043565e-01	   1.9099765963543552e-01	
  -5.8188615784538808e-02	   2.4637230714628994e-02	   2.7619036771938660e-01	   9.6169107124859987e-01	   4.3213344446254137e-01	   6.3921884790022376e-01	   7.6639194862416304e-01	   0.0000000000000000e+00	   1.0759851717184665e-01	   2.2140969506549216e-01	  -1.0401199167251204e-01	   4.5110930800483862e-01	   1.0097626418398174e-01	   2.8482613540449514e-01	  -1.5839775174324111e-01	   1.9846291906903579e-01	   2.0538784204691155e-01	   1.8675394336277773e-01	   3.0141576249019947e-01	   3.3939546933432696e-01	  -1.0033680706182063e-01	  -1.6515954440457797e-01	   1.0504270281731508e-01	   3.6848890524393413e-01	  -1.0097788221826373e-02	   1.4521410089986214e-01	  -1.9487183781925155e-01	  -2.0648704081449251e-01	   4.0471042279469238e-01	   3.4346668303190586e-01	   8.7571373951255430e-02	   2.7896933050346923e-01	   6.2154610420553236e-01	   7.6509909227764228e-01	  -5.4834219779788744e-02	   1.3416883844485510e-02	  -6.3631874139743527e-02	  -2.3952007074185697e-02	   2.2238829402607330e-01	   2.2303024712312641e-01	  -1.1954010893793087e-02	   1.5088452631287219e-01	   4.0111545059311471e-01	   2.8655830999160115e-01	   2.4353540474748625e-01	   2.8502248122098389e-01	   2.7023445320689099e-01	   2.1218083476876268e-01	   2.4371011909892787e-01	   1.7472533462519407e-01	  -3.5401924846971522e-02	  -1.1731238734585775e-01	  -2.3648574860650878e-01	  -6.8969447398146075e-02	   3.1045728129797545e-01	   2.1185813546264221e-01	   5.3157296916905898e-02	   2.0347868468045785e-01	  -1.4134061138745188e-01	   1.8161282382198438e-01	   4.1018766965903164e-01	   5.8187891040824979e-01	   6.9203968653940251e-01	   8.2446108229401038e-01	   3.2291161024363996e-01	   5.4046972745049904e-01	   4.6248218501146554e-01	   4.8579694715817423e-01	  -5.5235790352134238e-02	   8.2404627949696510e-02	  -1.1822080053134533e-01	  -1.7455403653257009e-02	   7.8980251432342802e-02	   1.2190815996143273e-01	   3.6546295926198902e-02	   9.7704988935467321e-02	   2.5736884770363302e-02	   1.6031240867847260e-01	   2.6236159652465113e-01	   4.0862475249552815e-01	   3.4226654410725899e-01	   4.4271075320533421e-01	   2.4908060277671937e-02	   3.4217657494639336e-01	   2.1571760681959376e-01	   5.3222438490276125e-01	  -1.6473188541899494e-01	   5.9161260459673799e-02	   2.3559570776229455e-01	   1.1293144805085295e-01	   7.3195964501866617e-01	   2.9539010714305014e-01	   8.7537609087449075e-01	   2.3623189582037801e-01	   6.9219833615616441e-02	   9.6268722658785416e-02	  -3.7172501530831237e-02	  -7.1218686079953936e-02	   1.9530409358102399e-01	   2.7778069324574009e-02	   5.1056110492589979e-01	   2.9808754984180047e-01	   2.0332654945379622e-01	   3.3090364581890019e-01	   3.6333681518334221e-01	   2.3965715520974937e-01	  -9.8970345162971818e-02	   1.5466739011374628e-01	  -1.1836077070706658e-02	  -9.0559611180487373e-02	   1.4052861908997089e-02	  -1.0256464864570142e-01	   8.7945707385579566e-02	   1.2000458582877666e-01	   9.3281889678516083e-02	   7.4692113368852148e-02	
   2.7282469531425513e-01	   2.3292522984342084e-01	   5.2107328783604545e-01	   2.8601620347966711e-01	   3.2055535929652396e-01	   2.1902820194739042e-01	   3.5828722284358117e-01	   1.0759851717184665e-01	   0.0000000000000000e+00	   6.5652943973797950e-01	   3.2671615098357898e-01	   1.0967913792608605e-01	   5.3277618363956347e-01	   2.0564539571235457e-01	   7.1665838850286856e-01	   6.0555135515766301e-01	   7.6978968785524599e-02	   2.4438872323064376e-01	   1.8104454247475860e-01	   1.1417324781653286e-01	   2.8678947247876918e-01	   4.0549474675164210e-01	   2.3255788884540796e-01	   1.3705198336717372e-01	   1.8129218021056559e-01	   1.6772537845316493e-01	   3.9915417915962503e-01	   2.9223176270064360e-01	   1.2428515808309225e-01	   1.1484274257796365e-01	   5.7376561358738587e-02	   3.3268465845787930e-02	   1.6310798648350844e-01	   1.4812640030757773e-01	  -1.0976862478911651e-03	  -9.1630051055895750e-02	   3.0954116418768240e-01	   3.1879762649827759e-01	   4.8913278784638148e-01	   3.5522982186914126e-01	   2.7577601990058448e-01	   3.7904945898223402e-01	   8.9983538885928027e-02	  -7.1828864438515747e-03	  -1.8699236718937781e-01	  -1.4587850378690370e-01	   1.0080125370166983e-01	   8.3612050370354754e-02	   7.0452008939062283e-02	   1.6782350624454434e-01	   1.8033513444838276e-01	   2.2394411329114067e-01	   6.0786448393433098e-02	   1.5232568501489502e-01	   3.6388348357486794e-01	   2.4591662317723587e-01	   3.0756196660120355e-01	   2.8510484250125134e-01	   1.8978148585592872e-01	   2.7222559494581683e-01	   6.3967637990317738e-01	   2.5118771926870498e-01	   1.3859195493440016e-01	  -3.9720687546277410e-03	   4.6612341536392043e-01	   3.0188056069448849e-01	   8.5899833235753342e-02	  -7.0420460892889225e-02	   3.0723579033308390e-01	   4.4230262287389699e-01	   1.1819858836650490e-01	   1.4180049506688314e-01	   1.9347577476205156e-02	   2.6869140581556022e-02	   5.2500507840084275e-02	  -1.0253553019865040e-01	   2.6158343406767348e-01	   1.8105641145757001e-01	   1.7765969148289026e-01	   3.7028173948215148e-01	   1.5453020524063846e-01	   2.1707889100744346e-01	   4.0573691745325885e-01	   2.2472062865136339e-01	   3.6225525082724841e-01	   2.5802960065542568e-01	   5.7015201412531946e-01	   2.2975590610332755e-01	   7.9471445769334015e-01	   6.0903881522950643e-01	   3.3233697093719339e-01	   5.4703800841167638e-01	   2.6214788133514061e-01	   7.3723687612828659e-01	   2.3802274509257776e-01	   1.9625674074410643e-01	   1.0662835936532936e-01	   1.0719752804940026e-01	   2.7254663981808264e-01	   3.9264785341322817e-01	   3.8978725327693076e-01	   7.2131445373503711e-01	   4.1624115658526428e-01	   4.1282655307516419e-01	   2.8410976326346488e-01	   1.4433803825039285e-01	   4.9727547485869994e-01	   3.4902942475925886e-01	  -2.7148186058328330e-02	   2.5096268258985860e-01	   1.8402166624595642e-01	   2.0714250426329950e-01	   4.9140385404198050e-01	   2.0728149918639463e-01	   4.7431036201676650e-02	   2.1191963315486853e-01	
   5.1316741908265406e-02	   2.4568852289475949e-02	   1.7082146771982348e-01	   3.2709537161514990e-01	  -6.2646985543749728e-02	   9.6177521002337979e-02	   1.0921592832069316e-01	   2.2140969506549216e-01	   6.5652943973797950e-01	   0.0000000000000000e+00	   6.4352830760566027e-02	   2.8639034008307790e-01	   1.4027979130341695e-01	   1.8615672777065018e-01	   4.4067895297163640e-01	   8.3722241558279920e-01	  -2.6474897143641213e-01	  -1.1981420071342190e-01	   3.3984147773213152e-02	   2.3373154422518735e-02	   1.5602764103257366e-01	   4.1018475176205355e-01	   3.3979832971275625e-01	   3.4598032453004673e-01	  -3.3180383406373810e-02	   1.7363675775664095e-01	   2.2754113060828485e-01	   5.3473931909981820e-01	  -8.3444232567721086e-02	   1.3138627244162251e-01	   4.4628261008671133e-01	   5.2086179940557287e-01	   1.5577479043611883e-01	   2.5473480434351736e-01	   1.2186907800685151e-01	  -1.2066363286470809e-01	  -4.5804376520163358e-02	  -1.9234296727367248e-02	   8.6645243786098627e-02	   1.0098655891600238e-01	  -3.8440569118426825e-02	   7.6584610454546356e-02	   1.3561734796746874e-01	   8.9602608613017706e-02	  -1.2818655025722572e-01	  -1.6238216819163892e-01	   8.2246861468178320e-02	  -2.1882470564034699e-03	   4.6783397759212468e-02	   9.6565292398935562e-02	   2.0329922445501875e-01	   3.2964772564727596e-01	   2.3684706934459521e-01	   2.1207952707949698e-01	   3.0498597547235749e-02	   3.9552571612129217e-02	   5.5678833018065886e-02	   1.3459389054128376e-01	   1.5848597043116000e-01	   3.0502071718130991e-01	   3.3121770948040458e-01	   4.8907657937759019e-01	  -3.6914217169682198e-02	   1.5174126084880312e-02	   3.5066391750955295e-01	   7.9711524895517652e-02	  -1.5582556214734486e-01	  -2.2742686935836712e-01	   1.2490644485084360e-02	   1.5124154085529190e-01	   2.5275949223945926e-01	   2.6414087935061165e-01	  -2.1416809953198535e-01	  -1.0191454444713718e-01	  -7.6679951452157905e-02	  -4.0398968087496809e-02	   1.2327519703281647e-01	   1.6574535159217452e-01	  -1.4092147184192341e-01	   6.2759931359548549e-02	  -1.3620502296543668e-01	  -9.6793691759117118e-02	  -1.5693486370578907e-02	   1.1707039994016674e-01	   1.8813140962625674e-01	   2.3573303227089198e-01	   1.8461337389505866e-01	  -4.7121127156053905e-02	   1.9496587916399505e-01	   5.2201671447015352e-01	   1.1283524854141508e-01	   1.6351176986842964e-01	   1.0335670321123966e-01	   2.0254773083446442e-01	   1.3195572132749789e-01	   1.2175029481087074e-01	   7.6706932143912693e-02	   7.1857181957048211e-03	   1.0909601960136840e-01	   1.3430883588585760e-01	   7.9594613211546969e-02	   1.7737404781168037e-01	   1.4850870226511744e-02	  -7.3474032386549218e-02	   4.4389116742111295e-02	  -1.3575942116395193e-01	   5.2111297084686738e-02	   7.7116832502158814e-03	  -1.9118265996972552e-02	   1.1087690923367693e-01	  -1.3859952265401532e-01	  -2.5754470302509951e-03	   6.1166790510053651e-02	   1.0443543634695048e-02	   1.5045367729974743e-01	   9.4831201645841662e-02	
   7.5837379521202897e-01	   4.0651021260823295e-01	   3.3997871224944659e-01	  -4.1846914188328158e-02	  -6.0502800781471577e-02	  -1.7169317719487889e-02	   1.6157670950563122e-01	  -1.0401199167251204e-01	   3.2671615098357898e-01	   6.4352830760566027e-02	   0.0000000000000000e+00	   4.2956343151753990e-01	   6.8358870499384883e-01	   5.4271610866575326e-01	   1.3585454935789765e-01	   8.2757154649160336e-02	   3.8434986987895170e-01	   3.5146375620218023e-01	   5.8617614524639414e-02	   9.0409554278646762e-02	   7.2124314128219749e-02	   1.1738399314419952e-01	  -1.5815426103228059e-02	  -6.6004792128756345e-02	   2.2880212227359431e-01	   1.1512366036284699e-01	   5.1713051107555053e-01	   3.9323916724302621e-01	   1.4814336175864604e-01	  -5.2615025686115861e-02	  -3.0967544895021109e-02	  -1.0558104631359801e-01	   5.1764897890601257e-02	  -9.4173419469179009e-03	   1.0454368659900269e-01	   1.3134796215878467e-02	   1.7825156628970126e-01	   1.5899278697256244e-01	   3.4304325355533111e-01	   1.5176072281418779e-01	   1.9660033384684475e-01	   1.1860434169193056e-01	   1.5926306441309279e-01	   2.8124772443525320e-02	  -1.6541874942819931e-01	  -1.5129797642134898e-01	   1.5117996920732402e-01	   1.2798708340323250e-01	  -5.8273621906027237e-02	  -2.8433710568323858e-02	   3.2512859718516923e-01	   1.9665339545143262e-01	   2.6275332461729761e-01	   2.1622409283371369e-01	   1.2412726735719047e-01	   1.5055082676356246e-01	   5.4120453832011151e-01	   4.0801315155550633e-01	   3.3565665031176756e-01	   3.4639203375385792e-02	   3.0292735113341485e-01	  -2.5319461707843710e-01	   2.4389520803224835e-01	   4.4721264611549700e-03	   1.0444105221645276e-01	   2.1530978628133610e-02	   1.8448963208942262e-01	  -1.1214163480571570e-02	   3.7412562427948282e-01	   2.5187521411177038e-01	   3.0429845703916925e-01	   8.5509605596034308e-02	   2.5869762224092940e-01	   9.5693519733171556e-02	   3.4373461399217026e-01	   1.4498061176762686e-01	   3.6289465935752696e-01	   1.5367402041495526e-01	   5.4710871556843033e-01	   3.5300595353161807e-01	   3.6562571365700008e-01	   2.1253084976643957e-01	   2.3327518695019528e-01	   1.0681204393860341e-01	   3.4215469030191537e-01	   2.0429975823417226e-02	   2.1118866144453644e-01	   4.0683875758343362e-02	   1.4406163581064349e-01	   1.0104134003334372e-01	   7.1076863915039867e-02	   2.1129169699047085e-01	   4.5394132715284578e-02	   1.8725564847777904e-01	   4.5754670687604643e-01	   5.9490845836472139e-01	   5.5940969023123643e-01	   5.1352781393846936e-01	   1.8452288368249198e-01	   4.4293091327847239e-01	   2.3088757056994724e-01	   2.3714049913868673e-01	   2.2438902476921835e-01	   2.1602064601115939e-01	   1.9186125661288037e-01	   2.5841584503659831e-01	   1.7106108086622737e-01	   7.1664368142459967e-02	   4.8412917194049121e-01	   6.0362147650620479e-01	   2.6140157946981357e-01	   4.3137748245068036e-01	   3.9099769316395383e-01	   5.8427266938598466e-01	   5.7740913555764706e-01	   1.4263554754675450e-01	
   4.0961463192165493e-01	   3.9632904643528960e-01	   1.2117826769813692e-01	   3.0981009319994246e-01	   1.4337881556990503e-01	   2.4529470270594789e-01	   3.6275009980645456e-01	   4.5110930800483862e-01	   1.0967913792608605e-01	   2.8639034008307790e-01	   4.2956343151753990e-01	   0.0000000000000000e+00	   2.4602458888029724e-01	   7.0177344437143729e-01	  -1.0721466823093674e-01	   2.6363042254645386e-01	   1.5115466225431778e-01	   2.3181203050419125e-01	   1.8549654228853163e-01	   3.0223989977328353e-01	  -1.3653504971406694e-01	  -1.8159452950162999e-01	  -1.1669727185774070e-01	  -3.9978461243932529e-03	  -6.1957937981415918e-02	  -2.0742631345202496e-02	   1.7685901162682788e-01	   1.4097354470808932e-01	   8.0210329743923808e-02	   1.3399891242256434e-01	  -5.4988558394434534e-02	  -6.4694136713187543e-03	   2.0208230301680080e-01	   2.9249883235533608e-01	  -3.7168191169572033e-02	   2.3740875262405384e-02	  -2.1178646994638722e-01	  -1.2917818243157433e-01	   1.1592030941958710e-01	   2.7860566539733244e-02	  -3.9742884323978545e-02	  -4.4821619825497337e-02	   4.8754278540611284e-01	   3.9606870616403989e-01	   1.1094597085605437e-01	   1.3131270970554362e-01	   2.9545118699812190e-01	   2.5414593733689017e-01	   2.6636154178499977e-01	   2.4100184442224581e-01	   3.8834095218336517e-01	   2.8523482206028661e-01	   2.0763271397197011e-01	   2.2436243418823490e-01	   2.5819022418146598e-01	   2.1393057059288917e-01	   3.3587252995407019e-01	   4.5245651223818034e-01	   3.7623834094130448e-01	   4.0305895826397631e-01	   2.7687781239440357e-01	   3.1281930878445746e-01	   2.6805457071399413e-01	   4.9466864549622752e-01	   8.3246108932203022e-02	   2.1504218100163303e-01	   2.2668653763460189e-01	   1.7947282162767220e-01	   9.7106780281413951e-02	   1.6774640994612042e-01	   2.0138220547052066e-01	   4.9374949179899971e-02	   2.0670447761697380e-01	   1.9462385195973869e-01	   3.6119181279317814e-01	   3.3133130835918573e-01	   1.7810626395184867e-01	   2.7316343178158303e-01	   3.2046074487233739e-01	   3.0446721573818353e-01	   2.3442026087554332e-01	   3.1125837005022766e-01	   3.4938960349099275e-02	   2.6882924558227983e-01	   2.7715505530632167e-01	   5.2804460149446408e-01	  -7.0980079400583554e-02	  -8.7779986560647255e-02	  -2.2697070245863735e-02	   1.8040350080159168e-01	   4.9934276379902814e-01	   2.5521569834337965e-01	   3.5162638883413505e-01	   1.2122843076522816e-01	   3.5436133770072337e-01	   4.3939347550653413e-01	   2.4856581031275282e-01	   1.8415305693088829e-01	   4.1515870797760501e-01	   2.9602950784007070e-01	   4.9106185084040849e-01	   2.4712252178059926e-01	   3.7844645547789524e-01	   2.9604359094828403e-01	   2.4926260594212482e-01	   2.2300010528796543e-01	  -7.1589859586942736e-02	   1.0640316990221858e-01	   3.9209018272184770e-01	   2.6933443813652813e-01	  -7.7081179590253388e-03	   2.7390091942265332e-01	   3.4830143949537284e-01	   4.4118746640486389e-01	   3.7024146949561870e-01	   5.0847943381549167e-02	
   2.2034592319976135e-01	  -6.3909318456698812e-03	   4.0180396937094609e-01	   1.2546561578319096e-01	  -9.6816631262760341e-02	  -1.0403194201033314e-01	   5.3354813642739007e-01	   1.0097626418398174e-01	   5.3277618363956347e-01	   1.4027979130341695e-01	   6.8358870499384883e-01	   2.4602458888029724e-01	   0.0000000000000000e+00	   6.8307892080429011e-01	   4.4395959429396120e-01	   1.9371676746087943e-01	   1.8828016838978768e-02	  -1.4633360654109752e-02	   2.3550009113118393e-02	  -1.3664752556391593e-01	   1.1097928175256795e-01	   1.1090920165020750e-01	   1.3450425481878850e-01	   5.1275287354138249e-02	   1.3221608580795566e-01	   4.0269483331216306e-02	   4.7085703863414408e-01	   3.4906267660821794e-01	   1.4617137422585599e-01	  -4.3318109731914307e-02	  -5.9415581538831107e-03	  -1.9838513739498000e-02	   3.9512745162394315e-02	  -7.0675682851892935e-02	   9.0141389929652392e-03	  -9.5176952674799462e-02	   2.2981573365228697e-01	   1.3722487545212184e-01	   2.8312458174241967e-01	   1.6580730932703955e-01	   1.1491532631242127e-01	   2.4359857190753884e-01	  -1.5659541353033077e-01	  -3.0270334289561351e-01	  -3.9343235988711844e-01	  -3.6499356937181060e-01	  -1.9673630358215599e-01	  -1.7417368065432379e-01	  -3.6636317746571756e-01	  -2.2768844149388037e-01	  -9.8491533170649223e-02	  -1.6428207810016510e-01	  -2.4546999225612884e-01	  -1.6208136812837765e-01	  -1.0035122312746557e-01	  -1.5640848819058623e-01	   3.0644203833801821e-02	   9.9915489002848118e-04	  -1.8275648779639242e-01	  -1.7302873897961296e-01	   5.7492270305041171e-01	  -2.8686512499091248e-02	   2.3537546729130471e-01	  -9.1041765653422452e-02	   4.8588076333720881e-01	   4.1522347931638465e-01	   9.7230894665397777e-02	  -1.5984928795453990e-02	   1.2914289485732497e-01	   3.9791136608336095e-02	   2.2354714188453240e-01	  -3.5957057957663775e-02	  -2.2703389749945289e-03	  -1.3127683656716360e-01	   4.4103568840414671e-02	  -6.6941323962844634e-02	   1.6754963524779337e-01	   3.9590150317595225e-02	   2.0778467736803979e-01	   2.6133786534921172e-01	   2.2335502032953813e-01	   1.6025452864994613e-01	   2.7516715994263108e-01	   5.9961548309144866e-02	   5.1626804426482698e-01	   7.7024362854264811e-02	   2.5414902041433246e-01	   1.8773538183889549e-01	   3.8910698573630492e-01	   2.7257772680829680e-02	  -1.1170203031090191e-01	   2.7939427719773824e-01	   1.1378266590839277e-01	   4.5331928736038796e-01	   1.2592855657166646e-01	   3.1830531708640741e-01	   2.2146888042269608e-01	   1.3820985905840219e-01	  -2.7582899472435773e-01	   5.0923272735285928e-02	   2.0741700416307651e-01	   4.4187176277206108e-01	  -1.6235993206322640e-02	   1.5095248014646606e-01	   1.1534609494455304e-01	   1.3795092612573151e-01	   8.5617891916220032e-02	   1.1259591023737366e-01	   1.9885591542572187e-01	   1.7361749963367484e-01	   1.3648447428853577e-01	  -1.0816546014866558e-01	   1.3937092654355943e-01	   2.1749666843973420e-01	   3.8792782872604170e-01	   2.1546375177616739e-01	
