   0.0000000000000000e+00	   1.0668957402671797e+00	   6.1470075318994388e-01	   7.4406897517240922e-01	   4.2636846613549040e-01	   5.1871746939673580e-01	   8.0994467772660761e-01	   7.7650836704209680e-01	   4.8333311468282342e-01	   3.5041080330321817e-01	   1.3076193041809969e+00	   9.2795125505997755e-01	   8.5688504825822487e-01	   9.0514444906805791e-01	   6.5853696272632956e-01	   9.3851325597102375e-01	   7.7714594650453872e-01	   8.5306584622133952e-01	   1.1178443688398176e+00	   8.6785914285524668e-01	   3.1620561590980412e-01	   4.3473659243334617e-01	   4.8977146346002087e-01	   4.6072519287046254e-01	   3.6368695739849494e-01	   3.2719094592907866e-01	   4.0943194658438037e-01	   4.0105098413617507e-01	   9.8108053452412580e-01	   7.8827322512509201e-01	   3.3571795175656527e-01	   3.0150168397725724e-01	   6.2187209357561857e-01	   7.3941224147713858e-01	   3.5809296853569941e-02	   1.3595572954092872e-01	   3.9266330427876484e-01	   3.8648854699375823e-01	   4.7434761666240238e-01	   7.4027719641983536e-01	   3.0192377294155420e-01	   1.4173385473310898e-01	   4.4419844725217406e-01	   3.7433834645769909e-01	   2.8481997913980611e-01	   2.3130113893505616e-01	   4.1674977434211891e-01	   3.5734357356149438e-01	   3.5199944701737407e-01	   2.5313863188522490e-01	   6.2283783047253427e-01	   2.3017729103823642e-01	   7.5729519542729895e-01	   5.3512007505911263e-01	   7.9856326002355627e-01	   7.4496325730684076e-01	   1.4677241193540822e+00	   1.0584513010772447e+00	   7.2882605231607134e-01	   5.9861794658563738e-01	   8.8111593215818618e-01	   6.4141118941124953e-01	   1.0196066468877512e+00	   8.7486722211544687e-01	   4.2274456876377270e-01	   2.8982224424350961e-01	   3.1055572293048156e-01	   2.3984211593412733e-01	   6.6096301921417422e-01	   6.2874765673524169e-01	   7.5034348065939371e-01	   6.2568270421706174e-01	   8.7762723852539759e-01	   7.7129239842551500e-01	   8.7137585387478389e-01	   6.2363748902200267e-01	   8.8685588506286450e-01	   7.6474145231436774e-01	   4.0958758377416554e-01	   5.1999476472236794e-01	   6.9149123430862758e-01	   7.1613385483797076e-01	   3.7843321327871293e-01	   3.5989645223464156e-01	   5.6398878857974699e-01	   6.7635799642158700e-01	   3.4104167085629294e-01	   1.8568585357391507e-01	   6.9277489640542333e-01	   7.8154426119543796e-01	   2.5683635947535616e-01	   2.4445631496493872e-01	   4.3217603447920760e-01	   4.0877582077471708e-01	  -3.3917452986576457e-01	  -1.3887969975813941e-01	  -2.6977018589505356e-02	   4.0816986621281487e-01	   4.8797758512791312e-01	   5.7884990693195526e-01	   7.5451601180051586e-01	   8.3859644531349853e-01	   9.4042668258230566e-01	   6.3141833222691801e-01	   1.6482525373047524e-01	   1.1127955573617611e-01	   3.0626743789972538e-01	   2.7988792342273017e-01	  -1.1768528927016803e-01	   1.2494781919572649e-02	   1.2892404702392643e-01	   1.8847824685945558e-01	   3.9387004508944712e-01	   4.5164643257521059e-01	   6.0807630934447326e-02	  -1.4638029722128035e-01	
   1.0668957402671797e+00	   0.0000000000000000e+00	   4.4622909010662914e-01	   7.3598915790761488e-01	   3.7292259735144706e-01	   5.4247695094998061e-01	   4.7024945857957473e-01	   6.5079516216150846e-01	   3.7451435254272369e-01	   4.6717523915993575e-01	   7.0140441300808598e-01	   7.3060644520217866e-01	   4.4768763929111266e-01	   6.2440805312143899e-01	   4.2513053446004873e-01	   6.5289419274775917e-01	   6.3384564765656060e-01	   9.8689710502156114e-01	   1.0479838901598424e+00	   1.2078917530009481e+00	   3.1796264788618700e-01	   3.6913572037070058e-01	   3.9757851519745768e-01	   3.2924453530926640e-01	   3.4614401868904765e-01	   2.5694268412713872e-01	   3.9589297279667801e-01	   3.6883029986845478e-01	   5.8977517226650822e-01	   6.6253329679924655e-01	   1.9549246055208649e-01	   1.9643578214702123e-01	   4.9455760455631537e-01	   6.4984949073810494e-01	   7.7185313443073255e-03	   5.0011927272378014e-02	   3.8317901121175962e-01	   4.1243726723107710e-01	   4.2147164607809551e-01	   7.1709780081704566e-01	   2.7363484152162076e-01	   5.8928749034686499e-02	   3.3865251025871645e-01	   2.6761153932507831e-01	   2.4490321630648473e-01	   2.0614450815139931e-01	   3.6132392203932800e-01	   2.8738877098809645e-01	   3.4810108307288246e-01	   2.5833148295302988e-01	   5.4949733419067326e-01	   1.6371045918607721e-01	   4.9196658672447996e-01	   5.9382124611619513e-01	   5.9028166185957853e-01	   6.9148536347129641e-01	   1.0295324750079031e+00	   1.1866554881394258e+00	   4.5630391481907090e-01	   5.2336469509966554e-01	   4.6729990959916939e-01	   4.9678556203763874e-01	   5.6518271037420531e-01	   7.2414669063727155e-01	   3.7333097639896573e-01	   2.2264867465882435e-01	   1.5125401272160738e-01	   1.4748701245652460e-01	   9.3743069963405279e-01	   8.8374048421558682e-01	   4.5833726986106582e-01	   4.0942268494298800e-01	   6.8236486409266284e-01	   6.9496247721336135e-01	   6.6590927793344801e-01	   6.2147030067980058e-01	   5.8333434606938139e-01	   6.9280348860713381e-01	   3.9832160591944299e-01	   4.1386817992824398e-01	   5.9117154960270024e-01	   6.3908374882202834e-01	   5.1532062361484421e-01	   4.1421795861381827e-01	   5.1299412589192528e-01	   5.3271491788034186e-01	   4.7397728632618752e-01	   3.0392454404765518e-01	   6.3941744495234443e-01	   6.9199656859444758e-01	   2.0330737413414152e-01	   2.2659460282512012e-01	   3.6096397925691820e-01	   4.0333836856563665e-01	  -2.3371882193663768e-01	  -7.6701708917756045e-02	  -7.2152106980515926e-02	   3.0516278841648176e-01	   4.3137925879860478e-01	   3.7940939987472622e-01	   6.0447165841397132e-01	   6.6268509247467100e-01	   8.9290416307481646e-01	   5.8686008188545868e-01	   8.7958826054193404e-02	   1.3977576831072286e-01	   1.9506808948968721e-01	   1.0118126697783031e-01	  -2.0585905560721782e-01	  -1.8625112231876236e-02	  -3.5956583123127057e-02	   1.9242755226189870e-01	   2.8737004774275493e-01	   5.2683025238732983e-01	   2.7966948615460476e-02	  -6.5741786100962235e-02	
   6.1470075318994388e-01	   4.4622909010662914e-01	   0.0000000000000000e+00	   8.7311216625356358e-01	   5.5819314286775845e-01	   2.9024767258968504e-01	   1.2308609946257012e+00	   4.5805454592891470e-01	   3.0967743572948120e-01	   2.0632439389028265e-01	   5.3740357116028259e-01	   2.5754669445282202e-01	   2.9695005236531052e-01	   4.2927529196113073e-01	   2.8612954981290617e-01	   3.7981829840125042e-01	   1.1957419561365316e-01	   1.8263973350345508e-01	   9.2636870290169138e-01	   5.4655032501670531e-01	   3.5908148196255651e-01	   3.7240758019638703e-01	   9.5404312459300333e-01	   7.9255770943530723e-01	   3.3220236006599224e-01	   3.8672445298528685e-01	   2.3635568230370890e-01	   2.0141217803586453e-01	   4.4110789004671003e-01	   1.6526537042811432e-01	   8.9751704630595119e-01	   7.2434930464129643e-01	   7.6043493878078683e-01	   6.4776302300215305e-01	   2.3482914192448770e-01	   3.0157650555265308e-01	   1.8689390723464344e-01	   7.5677604351074526e-02	   3.5016327417184540e-01	   4.1158799252722000e-01	   1.3296138301224641e-01	  -1.3744719915793824e-01	   5.3310288357139635e-01	   4.9542263567662959e-01	   6.3968856227984683e-01	   5.0907222706214339e-01	   5.0581094368053947e-01	   3.3140309245855465e-01	   4.0096599651105480e-01	   3.1615098985592843e-01	   4.0190021404346354e-01	   3.1291603090197412e-01	   4.1931233173579746e-01	   2.1054951293411375e-01	   4.7137730484750828e-01	   6.0837398587159464e-01	   4.8996994557477436e-01	   3.7708394131638312e-01	   5.7000073431797749e-01	   4.3206605555757427e-01	   7.1415204196443427e-01	   4.1651340578107532e-01	   4.4449363441149342e-01	   3.3008092013082962e-01	   5.4408262177857547e-01	   4.0385115086190621e-01	   7.5049631755269397e-01	   6.0979650158809628e-01	   3.2738377398376345e-01	   2.5159439469255596e-01	   6.1625275013234704e-01	   5.0980068185672223e-01	   4.5848001727873194e-01	   3.2843747971467008e-01	   4.7325397030889826e-01	   2.9095847388388651e-01	   3.8953015265824781e-01	   3.0498539839712552e-01	   6.3942423469041831e-02	   1.8426868374795147e-01	   2.7387494915426525e-01	   3.6016587681550732e-01	   3.8767738055806289e-01	   2.9840938900561259e-01	   4.1862715863603539e-01	   5.9645425867633217e-01	   3.2143263468611571e-01	   5.1229075249821376e-01	   5.1377698053133392e-01	   4.6924104789371501e-01	   4.5211420785336476e-01	   6.4327945078432291e-01	   5.9812945761465197e-01	   6.6794686067510167e-01	  -3.5322571679092202e-01	  -9.7180517590206850e-02	  -1.8053881509925224e-01	   1.0984996136166535e-01	   2.8980202510863368e-01	   5.7096680355960028e-01	   6.0331239216044641e-01	   7.9861954666795909e-01	   5.0250937764212200e-01	   6.7093450805705268e-01	   1.5577052711323192e-01	   3.6116017246137377e-01	   1.9180396610617098e-01	   4.9506137662099048e-01	  -2.3347922735395768e-01	  -2.1636207038134414e-01	  -8.8571344900449794e-02	   1.3573704143895718e-01	   2.2845139015030685e-01	   2.6120544956790165e-01	  -4.3534290777137635e-02	  -2.0488354939809222e-01	
   7.4406897517240922e-01	   7.3598915790761488e-01	   8.7311216625356358e-01	   0.0000000000000000e+00	   4.6046579004410498e-01	   6.3911458914727248e-01	   9.6299368412657282e-01	   1.2653884127681727e+00	   2.8623953492098997e-01	   5.3103843002025131e-01	   6.8296624851458632e-01	   6.6615106127639012e-01	   3.0675981334985564e-01	   7.3970516673037756e-01	   2.1035232509437216e-01	   5.7977480234320222e-01	   3.8279589870330027e-01	   5.2225855039007230e-01	   9.3121312305760595e-01	   1.0623340082369905e+00	   3.5390155860695333e-01	   5.2804434727535654e-01	   5.2403813000105526e-01	   6.8265839034035869e-01	   2.1860700636207522e-01	   3.9613992069547860e-01	   2.1867300601320877e-01	   2.3052457989544650e-01	   5.8379885205660065e-01	   5.8062673891550154e-01	   5.7743824152644796e-01	   6.6265113989279723e-01	   1.0636320236199082e+00	   1.1960176390338513e+00	   2.1286487479699762e-01	   4.4874781468698582e-01	   4.7868304841904896e-01	   4.4369885550248206e-01	   5.6584858892921253e-01	   7.6742459102928473e-01	   2.7059602295523572e-01	   7.5140668631911087e-02	   5.1199983494992918e-01	   4.0061911563286590e-01	   5.4267784919140494e-01	   4.8476666855011069e-01	   6.5537900929806692e-01	   5.2153751824202366e-01	   3.8261952267426530e-01	   3.4348163562316691e-01	   4.6597131406105963e-01	   2.9286201646456522e-01	   5.0708219896049334e-01	   2.6779374247923465e-01	   6.5054228722237695e-01	   8.0198345314413655e-01	   6.9791209109974761e-01	   6.6297124548344477e-01	   4.6247105480306533e-01	   7.4364308818645686e-01	   7.1265531117169389e-01	   9.5558154846971266e-01	   8.1969612910020528e-01	   8.7832524541338342e-01	   5.0526436411799414e-01	   6.7732141605262264e-01	   6.3520321824103831e-01	   7.4893550892048721e-01	   6.5063485717961667e-01	   5.2807248404667662e-01	   3.3869302299659998e-01	   4.3305328150740807e-01	   4.1145487601098735e-01	   4.1107328730424114e-01	   4.4510277820013583e-01	   3.2485573555257719e-01	   5.3120205881555504e-01	   6.8264053383674006e-01	   1.9274089518641521e-01	   2.5229344556957684e-01	   6.1387473697085415e-01	   6.7168778455340650e-01	   5.3835779428436559e-01	   5.8713606800814344e-01	   4.9101459913219270e-01	   8.1211593891671874e-01	   3.7803820794908599e-01	   4.2089456715617851e-01	   8.1492036084378838e-01	   7.3422485529440173e-01	   7.2933260307677061e-01	   4.6880524268030638e-01	   8.9439416299334007e-01	   5.8308480244081484e-01	  -2.8100533873408384e-01	  -2.4379996866931920e-02	  -1.4404015175396748e-01	   3.6043616286546010e-01	   5.3692747403021068e-01	   5.9697999407559266e-01	   1.0404741978030820e+00	   9.2559134827737255e-01	   8.1964247399864654e-01	   6.3880708363812599e-01	   2.0776253416746751e-01	   3.0595801684089119e-01	   2.4035209583884376e-01	   3.6386163566223234e-01	  -1.3301435042356188e-01	   3.1328501969226479e-02	   1.4384924545054092e-01	   3.2569633912803314e-01	   2.8151940487618321e-01	   4.4920216160234022e-01	  -7.8164433526629162e-02	  -1.9654349649781477e-01	
   4.2636846613549040e-01	   3.7292259735144706e-01	   5.5819314286775845e-01	   4.6046579004410498e-01	   0.0000000000000000e+00	   1.0535991000247400e+00	   5.8439605812290507e-01	   2.7686802791808079e-01	   1.2493736379384064e+00	   7.1162489838662712e-01	   4.0106883648270664e-01	   1.0271313702745340e-01	   3.3569983626321132e-01	   1.7018685372154657e-01	   8.1066061414080237e-01	   4.8382613892545367e-01	   1.6562035474800463e-01	   1.6366351829818013e-01	   5.9281502435722222e-01	   4.0913973824406358e-01	   6.7844390684444233e-01	   6.3843657170726198e-01	   2.6326401004652045e-01	   1.6157025381587556e-01	   6.9867284922233996e-01	   7.1468752545445025e-01	   8.5836733102042118e-01	   6.6459296239353027e-01	   6.7610015934283352e-01	   2.1304693783994527e-01	   5.1459230528282207e-01	   3.2010375720535283e-01	   2.3649086836083760e-01	   2.1526795907104634e-01	  -7.6069238964953989e-02	   7.4416045167058917e-03	   2.0800266217291735e-01	   2.0778828367196377e-02	   3.8931252499690100e-01	   3.3568797636234110e-01	   2.9914250407976156e-01	  -1.0507308619726265e-01	   1.2978380898379810e-01	   1.0222618743872396e-01	   2.0750534629618494e-01	   1.7727863656463391e-01	   1.6502229827520720e-01	   1.0214374496345863e-01	   1.5529701772583873e-01	   8.3777273618101167e-02	   9.4532094886402018e-02	   2.6202783129974056e-02	   2.4243981118879337e-01	   6.3276317175321182e-03	   4.1398171856959981e-01	   3.5431396048442237e-01	   4.2198652089501110e-01	   4.0357320447065376e-01	   4.6617148960770127e-01	   4.9437823014190185e-01	   6.2304462823914730e-01	   4.4158375726187149e-01	   3.9517057062734978e-01	   4.1677245748545289e-01	   3.1618567866872571e-01	   1.6420111563767895e-01	   4.3454161309584832e-01	   2.9009682424258343e-01	   3.5721690701915509e-01	   2.5793133457051048e-01	   5.8468554651153737e-01	   5.0138325590804367e-01	   4.3613681215497191e-01	   2.6526604875120918e-01	   3.4568363200809588e-01	   1.7403509057197158e-01	   2.1204138760590308e-01	   1.1404885006741447e-01	   3.7879635774614430e-02	   1.0821634709465247e-01	   2.6257444191314927e-01	   1.9808051715377734e-01	   6.8535220981925526e-01	   2.2887767456571706e-01	   3.4243677197246419e-01	   2.8225339068889654e-01	   7.0160462345731800e-01	   3.1993305658009652e-01	   6.4695263468294972e-01	   4.0283383145528806e-01	   2.9121280289305917e-01	   3.8975788365353248e-01	   4.8709459296482410e-01	   4.9536260256293974e-01	  -2.5114048911753972e-01	  -1.5321339255991054e-01	  -5.2482279779390052e-02	   1.2821900077515444e-01	   2.2644206284735380e-01	   2.7919562199611286e-01	   5.7703368296452662e-01	   6.6468651629690256e-01	   4.7243497413143520e-01	   5.4303728040364740e-01	   1.2738033126955273e-01	   2.6491503350468376e-01	   6.9639081184587948e-02	   4.1863516351690283e-01	  -1.9758107604123859e-01	  -4.3049770817304919e-02	  -1.8037618659636623e-01	  -1.0037296155715038e-01	   9.5228028908187934e-02	   2.9114700916930797e-01	   7.7807131161699253e-02	  -9.1389988962731983e-02	
   5.1871746939673580e-01	   5.4247695094998061e-01	   2.9024767258968504e-01	   6.3911458914727248e-01	   1.0535991000247400e+00	   0.0000000000000000e+00	   4.6158567051284427e-01	   6.6251912363881338e-01	   8.2829246218100372e-01	   1.2960821655483974e+00	   4.8994766774106846e-01	   4.3999432250545462e-01	   3.4639488301304322e-01	   3.3466199602647084e-01	   5.9883483009996685e-01	   6.9328982108455861e-01	   3.5877689882615638e-01	   4.2567551946203952e-01	   5.1169685586188263e-01	   5.8824087349998644e-01	   7.2102223616915451e-01	   8.4703684980347527e-01	   1.0914520082379688e-01	   1.1246877449693164e-01	   5.2158203398209646e-01	   5.9252230048992394e-01	   7.8891405751089283e-01	   6.9826443762708790e-01	   6.3347177612270200e-01	   4.6416928004958902e-01	   3.2997566145463153e-01	   2.6479637476204826e-01	   3.4574492384921268e-01	   4.2465092884132960e-01	  -3.5448148635185542e-02	   1.3552690722709870e-01	   5.6697665336614556e-01	   4.0302028107358295e-01	   6.4723688381259403e-01	   6.6461582435942301e-01	   5.0411847861938541e-01	   1.1500272714061834e-01	   1.9728326887140621e-01	   1.4968929678357773e-01	   1.2576017267708220e-01	   1.5589222540094777e-01	   3.1599863143414436e-01	   2.9051848327208030e-01	   1.3337359672454649e-01	   1.1520565381598609e-01	   1.7467358349183534e-01	   4.0169893373814991e-02	   3.8040926069260883e-01	   1.9350720417784029e-01	   5.8724221989024628e-01	   5.2190809412346373e-01	   5.6135292322984276e-01	   6.0858331944379751e-01	   4.1778537931207438e-01	   8.0406229745357305e-01	   5.4472857051756041e-01	   7.3605940753023302e-01	   6.2881228041757009e-01	   7.0162182715327870e-01	   2.3077659781900553e-01	   2.6924513589956844e-01	   2.9167695621136197e-01	   2.9876069663131283e-01	   5.1109293118794341e-01	   4.3752932756056401e-01	   3.3433299706744213e-01	   4.4031224252582196e-01	   3.3857480626497943e-01	   3.2360048474153719e-01	   2.9219051657737788e-01	   2.3580767541980327e-01	   3.6890818292298322e-01	   4.1392799544153813e-01	   7.9230924551714155e-02	   1.4599513584561222e-01	   4.7256807608093565e-01	   3.4361606117595789e-01	   7.9693730869368318e-01	   3.9157805343799212e-01	   3.6598778661920428e-01	   3.6281872302333257e-01	   6.3223441041847472e-01	   2.4279402200927902e-01	   7.9218111401359370e-01	   6.0741248028522621e-01	   4.8098823362752863e-01	   3.0120722641556241e-01	   6.4396777003764250e-01	   4.5124808748062173e-01	  -1.3506508604934034e-01	  -1.2259280181919993e-01	   8.9489700701248009e-02	   3.6040301363076344e-01	   4.6991278730168284e-01	   3.8912891326332255e-01	   8.2744971273440349e-01	   7.2715738890343506e-01	   7.7597766634100229e-01	   4.5879482566551533e-01	   1.8364501900917046e-01	   1.7517908537120391e-01	   1.4416588864268234e-01	   2.7054865230996855e-01	  -9.6470009966284825e-02	   1.3106765614181853e-01	   7.0275791844027630e-02	   1.6203596233791173e-01	   2.5808650025059143e-01	   4.6867925880193828e-01	   8.4566003321289440e-02	  -8.6531748545950582e-02	
   8.0994467772660761e-01	   4.7024945857957473e-01	   1.2308609946257012e+00	   9.6299368412657282e-01	   5.8439605812290507e-01	   4.6158567051284427e-01	   0.0000000000000000e+00	   7.7049293791335560e-01	   5.0918837193063760e-01	   3.6942171667091372e-01	   9.5591951200443581e-01	   5.3327671231053198e-01	   6.2149679772276034e-01	   7.4294782997712172e-01	   4.1790181443689173e-01	   5.5000759227607143e-01	   3.2262789555162447e-01	   3.4071516013625508e-01	   9.0654236214311634e-01	   6.1201561716530684e-01	   3.4738310043031140e-01	   4.1775898009090318e-01	   6.7631207186660924e-01	   6.2499387342374457e-01	   2.5249786401394780e-01	   3.3705205877965411e-01	   3.1081380824129473e-01	   2.1763119606584169e-01	   8.3627786279689864e-01	   4.3551809902491917e-01	   7.0800515792081276e-01	   5.8842379985858018e-01	   8.9852683722563664e-01	   8.2104511789880186e-01	   1.9630172246117289e-01	   3.1384241807390273e-01	   2.7413877084357791e-01	   1.3991450769521580e-01	   4.0175913422214149e-01	   4.8056495876074001e-01	   2.4096804596230945e-01	  -8.2997214713124490e-02	   4.4917874214451287e-01	   3.9567161151621305e-01	   4.8326325246750373e-01	   3.7528688434368301e-01	   4.4216022560612767e-01	   3.4879468269223607e-01	   3.5249004717307997e-01	   2.5043958910266384e-01	   4.4690160820018926e-01	   2.4877751210760013e-01	   4.4815854117454335e-01	   2.4669481618972522e-01	   5.6283217113475914e-01	   5.8682386750518556e-01	   6.4600601986794204e-01	   4.6045992261894175e-01	   6.1883559211308925e-01	   5.6950380736206085e-01	   1.0060226153048855e+00	   7.2216082956986827e-01	   7.1442721288767330e-01	   5.3683581063686603e-01	   6.2388152481809289e-01	   4.6442961983474124e-01	   6.0842759745359587e-01	   4.8894153911387905e-01	   4.1304239833454098e-01	   3.2163686133473163e-01	   6.5561987424921631e-01	   6.0548188099833300e-01	   5.5787373515997862e-01	   4.1129536518317750e-01	   6.1577614490318244e-01	   3.3812693692470119e-01	   5.9197842101736764e-01	   4.8604248974629310e-01	   1.6669723006658571e-01	   3.0385876608735202e-01	   4.1805026677149559e-01	   4.8836279540426419e-01	   3.6060499992600631e-01	   2.6325670081227270e-01	   4.4705856202168887e-01	   5.9132488496497171e-01	   2.5912279804318994e-01	   3.0012801718045773e-01	   5.9196966150215569e-01	   4.7639878773884170e-01	   3.7769112366190349e-01	   4.6908296072308031e-01	   5.0276029531643607e-01	   5.0061115258121469e-01	  -4.6549443373332999e-01	  -1.1080553777717472e-01	  -1.4098936263184828e-01	   3.6026505645636953e-01	   3.3994563887265983e-01	   5.6772370361549274e-01	   6.7035052284649832e-01	   8.0850063123418758e-01	   5.1437198033926423e-01	   6.2044559722636816e-01	   1.2744878993277014e-02	   1.2546218134444453e-01	   1.5591374552770287e-01	   4.3276640993001220e-01	  -1.7021249499955887e-01	  -5.8873826441746470e-02	   5.1595847961453438e-02	   2.2180544499002769e-01	   2.2364635268847805e-01	   2.1609661416889786e-01	  -6.5757098089416516e-02	  -2.2336199573978391e-01	
   7.7650836704209680e-01	   6.5079516216150846e-01	   4.5805454592891470e-01	   1.2653884127681727e+00	   2.7686802791808079e-01	   6.6251912363881338e-01	   7.7049293791335560e-01	   0.0000000000000000e+00	   2.3975389303442785e-01	   6.0416941907898181e-01	   8.2116385066753872e-01	   1.1863718792327409e+00	   3.6139923990401845e-01	   8.6017187888752922e-01	   1.3016829189986345e-01	   5.4939339945746068e-01	   4.9387208956790862e-01	   5.9586506712536291e-01	   6.3622351124197141e-01	   8.5930732125729337e-01	   1.4288564645090393e-01	   3.7216512141575631e-01	   2.4051696809687229e-01	   3.7904561714156143e-01	  -3.2368251997334736e-02	   1.1835074541392147e-01	   8.1539306062161657e-02	   4.3219879593448668e-02	   6.3696655833061400e-01	   7.9676873535624393e-01	   2.4085769463672713e-01	   3.7864387511733766e-01	   8.0301152209374294e-01	   1.0961330409449495e+00	   3.1047077680972743e-02	   2.6181485311004865e-01	   4.1127217806249633e-01	   4.4995828740396537e-01	   4.6707005572378490e-01	   6.7816883556187046e-01	   2.2292781743269960e-01	   1.1202574670588762e-01	   3.7925577704751084e-01	   3.1473258670388160e-01	   3.4445473577624264e-01	   3.7762428320394836e-01	   5.7396482737774446e-01	   5.2224647897749676e-01	   3.7848424296704047e-01	   3.6215963620158176e-01	   4.3879021386249772e-01	   3.3604812165351661e-01	   5.4575380797329776e-01	   3.4425688597868576e-01	   5.5951312755611893e-01	   7.5492436501448557e-01	   6.5450211032901162e-01	   6.3775965835327664e-01	   4.3092481651703624e-01	   8.1570830144802908e-01	   6.4448449685344533e-01	   1.1745440271033418e+00	   9.6672366585404113e-01	   1.0472000488109598e+00	   3.0017737355631097e-01	   4.6929670991848860e-01	   2.9660782487452586e-01	   4.5460125602362589e-01	   4.4939601081658331e-01	   4.1739723347044067e-01	   2.4809555944550599e-01	   3.7520843076998989e-01	   3.5127637459793787e-01	   4.0176636533494003e-01	   3.7757571530656581e-01	   3.3322655333691814e-01	   5.2775688422473566e-01	   7.5186987691925666e-01	   1.5416012834554110e-01	   2.2259477388392340e-01	   5.3079797561072339e-01	   5.5048121983062526e-01	   3.0586628257631160e-01	   3.5487300198519489e-01	   2.8183933142360779e-01	   5.6610634323571629e-01	   1.6410398519829203e-01	   1.0264950993601613e-01	   6.3388334549606917e-01	   6.7148378736951697e-01	   5.6918308991703670e-01	   2.2015168785793726e-01	   6.6015431045779527e-01	   3.1003270777207237e-01	  -2.6407469641221681e-01	   6.5472587560257978e-03	  -7.6361318580852641e-02	   4.5038214840368235e-01	   5.4752551562119400e-01	   5.0969246449242900e-01	   1.0706246014497138e+00	   7.1895150959076026e-01	   7.4870910563419324e-01	   4.9899893704535503e-01	   1.4648962716099417e-01	   8.6838931472269787e-02	   2.3807385524241537e-01	   2.3606536770438560e-01	  -2.3332352536790533e-02	   1.0978482536514113e-01	   2.4283388744638421e-01	   4.1135522357602788e-01	   2.2929551098244982e-01	   3.7665837772114663e-01	  -6.3659214868891895e-02	  -1.2864895010105232e-01	
   4.8333311468282342e-01	   3.7451435254272369e-01	   3.0967743572948120e-01	   2.8623953492098997e-01	   1.2493736379384064e+00	   8.2829246218100372e-01	   5.0918837193063760e-01	   2.3975389303442785e-01	   0.0000000000000000e+00	   6.0585765891188303e-01	   4.9830112761520701e-01	   1.8187217794445956e-01	   5.1456881430704604e-01	   2.3769469072644983e-01	   9.9091867629322739e-01	   5.1999882681020315e-01	   2.5560133464802204e-01	   2.3476213715590341e-01	   4.3716129731541437e-01	   2.8530182323215098e-01	   5.3158528829629925e-01	   5.6211152899463490e-01	   7.6679767529497900e-02	  -1.8298598215039882e-03	   6.0559735298339967e-01	   6.1861104376390019e-01	   9.7385779846251452e-01	   6.8034680702940953e-01	   7.8326510559362772e-01	   2.7725204257008496e-01	   2.1007828549102248e-01	   2.2490147055318065e-02	   6.5973325932336069e-02	   9.4018130914126474e-02	  -1.4621726713373862e-01	  -7.5485513719615704e-02	   1.2969460468113309e-01	  -4.0919390715009850e-02	   2.5592487402591485e-01	   2.4483095398101934e-01	   3.4216988394399034e-01	  -1.6515400566045471e-01	   2.9790484185394053e-02	   3.3072644335581905e-03	   8.5747982848563706e-02	   6.5972842099244658e-02	   4.7003755688057064e-02	  -1.8471637544304736e-02	   1.5858900689954283e-01	   6.8341976873144361e-02	   1.8916313142063429e-01	   5.1919114590100277e-02	   2.6615700811346849e-01	  -3.5663838749886767e-02	   3.6701049541187547e-01	   2.1061571045164615e-01	   4.6676088294628731e-01	   4.2204103603251308e-01	   4.4062145224306598e-01	   4.0310041162957833e-01	   5.8363576836332087e-01	   3.5202094769061781e-01	   4.1407117230325269e-01	   4.1246818548537684e-01	   2.5422420907089749e-01	   1.3084582875225667e-01	   2.4516433824958564e-01	   1.1704591249539038e-01	   3.4226047602162973e-01	   2.5286390446013307e-01	   6.5577966787103215e-01	   5.4468267040422602e-01	   4.9911470077834713e-01	   2.6644675791667005e-01	   4.1686003562717205e-01	   1.7030721770447227e-01	   2.5390994766395331e-01	   1.2608639646625938e-01	   1.4831302555650547e-01	   2.3640182372284069e-01	   3.0984769428825853e-01	   2.5504948786992437e-01	   5.3051801910048590e-01	   7.2219572571303195e-02	   2.5123440132208608e-01	   1.8655246315834942e-01	   5.8760462813774883e-01	   1.1438583612772035e-01	   5.4771112013440293e-01	   3.1086588246563318e-01	   1.1527742099388340e-02	   5.2564911937886732e-02	   1.9069119173517546e-01	   1.7855419979020334e-01	  -3.8571984906175538e-01	  -3.3964580960873353e-01	  -7.0000612905506451e-02	   1.2030626577147589e-01	   1.7189471008030333e-01	   1.8508730586101235e-01	   4.0417535081527256e-01	   4.0993338870931029e-01	   3.5752938189584982e-01	   5.0505286360875401e-01	   1.7420383814462384e-02	  -9.8583823537554040e-03	   8.8233404906230724e-03	   4.1291549010207335e-01	  -3.2476680280664150e-01	  -1.6460668183201801e-01	  -1.8599193677039999e-01	  -1.2248109391204630e-01	   6.9322126265928222e-02	   1.2111909929927810e-01	   5.4307294396893274e-02	  -7.4365252108642727e-02	
   3.5041080330321817e-01	   4.6717523915993575e-01	   2.0632439389028265e-01	   5.3103843002025131e-01	   7.1162489838662712e-01	   1.2960821655483974e+00	   3.6942171667091372e-01	   6.0416941907898181e-01	   6.0585765891188303e-01	   0.0000000000000000e+00	   2.9418198283205144e-01	   4.2863651273447861e-01	   2.2449655124001458e-01	   3.6423659942386127e-01	   4.0113033553231170e-01	   6.5589021173624784e-01	   2.0293161462189196e-01	   3.3643856876646716e-01	   3.8095456811982153e-01	   4.9684893171505218e-01	   6.0491568576400878e-01	   6.0582310298806286e-01	   3.7987144192262380e-02	   1.8930729905244859e-02	   2.7699529092233832e-01	   3.4765996179175379e-01	   5.4165799805249570e-01	   4.9435879020737783e-01	   3.8765495239716802e-01	   3.6127689736711582e-01	   1.8695318489130680e-01	   1.2981321268080759e-01	   2.2669120835077622e-01	   2.9242952603948813e-01	  -2.1858397752139019e-01	  -2.8393131016729370e-02	   3.1770120016727471e-01	   2.6033867418492013e-01	   3.9492184989465429e-01	   4.2937881178062820e-01	   2.9379195282977316e-01	   5.9034608655307623e-02	   2.0480291481898691e-01	   1.8032184844389398e-01	   2.1318755002401979e-01	   2.9546760329920957e-01	   4.3725815012314850e-01	   4.1253558908020282e-01	   3.3410177054096185e-01	   3.3968827661716650e-01	   2.5366326657868915e-01	   2.5177463322745885e-01	   2.9069056255889320e-01	   1.5526397476670117e-01	   4.8671272694569551e-01	   5.6915527643907438e-01	   3.2790280070615480e-01	   3.3466203127191158e-01	   3.2839252718766226e-01	   6.2467098423962941e-01	   3.0200799026543240e-01	   4.6094862747916671e-01	   3.2912869480227519e-01	   4.2021186336739430e-01	   1.0961398309916191e-01	   1.3205928275491036e-01	   1.8784077008705916e-01	   2.3610769694008374e-01	   3.9357250943443123e-01	   2.8056781826459509e-01	   1.0844065370468513e-01	   2.5711920803750188e-01	   1.4518571548581760e-01	   1.7835297008179812e-01	   1.1722416982443679e-01	   1.1483281265779885e-01	   1.7873505945263879e-01	   3.1280142615121237e-01	  -1.1231544693891564e-02	   6.6194604781584426e-02	   2.7432234867764543e-01	   1.8859541708998961e-01	   5.4373361964840838e-01	   3.0918179768031007e-01	   1.3954732726929098e-01	   2.4057303464993079e-01	   3.1526079595713752e-01	   1.1530190949255685e-01	   5.3556862289759999e-01	   4.6028441273548770e-01	   4.5751174799314187e-01	   2.4400415768176037e-01	   4.3977383592999342e-01	   2.8953483854020262e-01	  -1.6843431876982420e-01	  -1.3016070736600110e-01	   1.3672859241077090e-01	   3.9609610764900877e-01	   5.2535916833126561e-01	   3.5259066179361781e-01	   7.1676436189519399e-01	   5.3474342316247903e-01	   6.9643052150636531e-01	   3.4678264847270890e-01	   2.1877746285505859e-01	   2.0765241238827281e-01	   2.0736432981228678e-01	   2.2871108029423987e-01	  -9.6983927139772858e-02	   1.3208840489216828e-01	   1.2869986797366437e-01	   3.5926322713430925e-01	   3.5428650428219671e-01	   4.6827835802552586e-01	   9.8776118471337118e-02	  -1.7723479848193646e-01	
   1.3076193041809969e+00	   7.0140441300808598e-01	   5.3740357116028259e-01	   6.8296624851458632e-01	   4.0106883648270664e-01	   4.8994766774106846e-01	   9.5591951200443581e-01	   8.2116385066753872e-01	   4.9830112761520701e-01	   2.9418198283205144e-01	   0.0000000000000000e+00	   9.1168112895194187e-01	   1.1190897242328208e+00	   8.7474216097609125e-01	   6.0998033436532895e-01	   7.8218820523432930e-01	   8.0549613519485197e-01	   8.1788909988076952e-01	   8.5754436897608510e-01	   6.7027598307617853e-01	   2.8548543464500215e-01	   4.1605447784550831e-01	   4.4815309850092916e-01	   4.0489120111868981e-01	   2.7176583148783107e-01	   2.6598519861999881e-01	   3.7620502740131817e-01	   3.1417756158411098e-01	   1.1185111450394525e+00	   8.2538561005674027e-01	   3.7054101322577693e-01	   3.3614446288052552e-01	   6.6538899789419415e-01	   7.5399686273178135e-01	   1.1473773869099595e-01	   2.1159659604425138e-01	   4.3915955035065546e-01	   3.6047775087096573e-01	   5.4202920123334464e-01	   7.0707503186750309e-01	   3.6740828344413462e-01	   1.2362263308043303e-01	   3.7795264481274765e-01	   3.0901805801159765e-01	   2.0012534837596280e-01	   1.5308545561776807e-01	   3.0875320625937841e-01	   2.9579193759976891e-01	   2.0288255411619080e-01	   1.4753717009560383e-01	   4.8723267245542562e-01	   1.4214883174818960e-01	   6.7793655282291643e-01	   5.3930088149194666e-01	   7.2291675915506759e-01	   5.7231212207021864e-01	   1.1205387019766355e+00	   7.9047469893530209e-01	   5.7073828071317145e-01	   5.6982728611589251e-01	   9.4444118267886390e-01	   7.1717754100933451e-01	   1.1885433020251028e+00	   7.7515604179517328e-01	   5.1454525140578633e-01	   3.3798013945793925e-01	   2.5634381032063180e-01	   2.2292759188980041e-01	   5.2522731899047992e-01	   4.8141915851490602e-01	   7.2014164562577232e-01	   6.8194531545229697e-01	   7.7641257926738616e-01	   6.6171091155475248e-01	   8.6289603827588124e-01	   6.0750322079079300e-01	   9.4489123798721264e-01	   7.3717129934441794e-01	   4.1496970896029139e-01	   6.4957257718416594e-01	   6.6887351950676588e-01	   6.3006073088533376e-01	   3.6634430163408327e-01	   2.9091754628682986e-01	   5.4656219074371104e-01	   5.4962061886446778e-01	   2.7843505665510726e-01	   1.4703078534139991e-01	   6.6602708976484337e-01	   6.7417933603417823e-01	   2.1713303883812340e-01	   2.6109287367353101e-01	   3.7850963278933836e-01	   4.2403596253683890e-01	  -3.8216844269172373e-01	  -1.1300957476470237e-01	  -8.7038045805126710e-02	   4.1420662996362256e-01	   3.7821903941625923e-01	   5.7687776044577310e-01	   6.5715975541858607e-01	   8.1982900772280742e-01	   6.2915338029885282e-01	   5.3526713771709844e-01	   3.4122443583353211e-03	  -3.4376950120813064e-02	   2.1594622371910527e-01	   2.5767270732028003e-01	  -3.1795716370625393e-02	   6.3985326686979094e-02	   9.1032317064917434e-02	   1.8668840209454277e-01	   2.5507804146106161e-01	   2.8074189644786751e-01	  -4.0468704568859828e-02	  -1.1810780052885722e-01	
   9.2795125505997755e-01	   7.3060644520217866e-01	   2.5754669445282202e-01	   6.6615106127639012e-01	   1.0271313702745340e-01	   4.3999432250545462e-01	   5.3327671231053198e-01	   1.1863718792327409e+00	   1.8187217794445956e-01	   4.2863651273447861e-01	   9.1168112895194187e-01	   0.0000000000000000e+00	   4.5645061246499319e-01	   9.5857455548682169e-01	   1.6220662276962239e-01	   5.8487402951398781e-01	   7.2580165786762585e-01	   8.7011744418113102e-01	   5.8480628621273301e-01	   7.6354179162598723e-01	   8.9005629545588216e-02	   2.6641608955019236e-01	   1.2011162768608394e-01	   1.9044660141488673e-01	  -5.0047274278478555e-02	  -2.8446285180440335e-02	   6.4610659476928303e-02	   5.0897577879494442e-02	   6.8827931971980949e-01	   9.7940557634224845e-01	   7.6063195388905255e-02	   1.4916216430560486e-01	   5.7979710584329525e-01	   8.2102227164344099e-01	  -8.0748999796142529e-02	   7.4917318118803894e-02	   3.0578265496272145e-01	   3.9302552727912360e-01	   3.3590299888489894e-01	   5.7997375250850214e-01	   1.7702326506916760e-01	   5.7627472121379718e-02	   3.1476868291524501e-01	   2.8479415278970682e-01	   2.1577572244071352e-01	   2.6210135475294438e-01	   4.9394256686762561e-01	   4.6638773624446461e-01	   4.3947377560259782e-01	   4.0117923683215467e-01	   5.6583256321417941e-01	   3.9690021347788079e-01	   6.3827322173612921e-01	   4.7634843142672723e-01	   5.6115030140528610e-01	   6.9796512370668340e-01	   6.7541175179522184e-01	   5.9491771833418872e-01	   3.8867437358876594e-01	   6.0071597286332623e-01	   4.5370401606967919e-01	   6.9740798709400997e-01	   8.5707695456149680e-01	   8.4127903994684794e-01	   9.6760983001838496e-02	   2.1755606478134706e-01	   3.0806510865649808e-02	   1.6430091709971414e-01	   3.4484145866066779e-01	   3.1939869994056364e-01	   2.6747623386007113e-01	   3.6224102801269609e-01	   4.6390091388441912e-01	   5.1874018607046701e-01	   4.9663040250407220e-01	   4.8293040156399281e-01	   5.5677176996386057e-01	   7.7562380348007809e-01	   2.8549254068823765e-01	   3.8447324255053517e-01	   5.6352442815199666e-01	   4.5705513208897647e-01	   1.8628168001342377e-01	   1.9711156542524222e-01	   1.7570892006042471e-01	   3.8937116481060430e-01	   6.9201271653420949e-03	  -1.0393305821176063e-01	   4.1689424878746117e-01	   5.6946876914605493e-01	   2.7369784936052860e-01	   2.8889397845961610e-02	   3.1198319927957424e-01	   9.0757861165283713e-02	  -1.9964401323241984e-01	  -3.8186071737344781e-03	  -1.5154163935534678e-02	   4.3021716734610654e-01	   5.4529870573012151e-01	   4.6531198367644910e-01	   7.4629394896026890e-01	   4.7920048422420491e-01	   6.8617803735857574e-01	   3.2352685603161618e-01	   4.8562291971750063e-02	  -7.6725438409043931e-02	   3.0936018967384837e-01	   1.2538647299932898e-01	   1.6756964678278963e-02	   1.1028014753469007e-01	   2.1685261435151323e-01	   3.6107886490961921e-01	   2.9875203291975860e-01	   3.5584234156383432e-01	  -2.6672945934396574e-02	  -1.2178365599144335e-01	
   8.5688504825822487e-01	   4.4768763929111266e-01	   2.9695005236531052e-01	   3.0675981334985564e-01	   3.3569983626321132e-01	   3.4639488301304322e-01	   6.2149679772276034e-01	   3.6139923990401845e-01	   5.1456881430704604e-01	   2.2449655124001458e-01	   1.1190897242328208e+00	   4.5645061246499319e-01	   0.0000000000000000e+00	   6.5011703172779167e-01	   9.4101230001067238e-01	   8.2163527647019985e-01	   5.2666206231980484e-01	   5.2487668662687281e-01	   5.8995086619351267e-01	   3.4659044183113957e-01	   3.0612584430748246e-01	   2.5014897435580674e-01	   3.8232331482064735e-01	   2.8827651677028454e-01	   3.3793470890711269e-01	   2.8298776968126177e-01	   5.1996671686829765e-01	   5.0383506367081810e-01	   7.5849167919705240e-01	   5.6805494870615458e-01	   2.0535064922362178e-01	   1.0954728032582881e-01	   3.0072223811803483e-01	   3.0335797873456727e-01	   6.4555916468242949e-02	   1.1372176218689023e-01	   2.7102223660937497e-01	   2.2848320059093352e-01	   3.9828746459656422e-01	   4.5313985921450417e-01	   3.9589740569115445e-01	   3.1270579547063487e-01	   1.8187598182843218e-01	   1.2814167789160860e-01	   5.2920854304261439e-02	   3.7605402360061366e-02	   1.1535995174451535e-01	   8.5811731324185334e-02	   1.7693634135947189e-01	   1.3470496497396722e-01	   5.4454334527586890e-01	   1.3913011542881717e-01	   6.0423978210808660e-01	   5.0876525672666784e-01	   7.8536506520548310e-01	   3.8610374159361316e-01	   7.1505856607808194e-01	   5.0377696602420363e-01	   6.3584249480097221e-01	   4.5518138214517562e-01	   6.6531792513969279e-01	   3.5536678077738676e-01	   6.4631590800376137e-01	   3.4561895155466205e-01	   5.0274681857585635e-01	   1.9717154994204231e-01	   2.0430260445570303e-01	   8.6893907827616301e-02	   4.2494342187791889e-01	   4.0963519426929440e-01	   5.6671473299262709e-01	   4.7598099660569476e-01	   5.6270625409985942e-01	   4.4685134343567390e-01	   6.0713675872297790e-01	   3.6801013938696336e-01	   6.3575768347282091e-01	   3.5990393941507581e-01	   4.4561601726118349e-01	   6.3034809912658940e-01	   5.3480910711120411e-01	   5.8000755375747293e-01	   3.9077832642267885e-01	   3.4217801895879568e-01	   7.0606464924738588e-01	   4.9304278955714181e-01	   3.4040798643717390e-01	   2.4272672082524774e-01	   5.9217358393748354e-01	   6.3061410178135358e-01	   4.3014713651156701e-02	   2.0872647095469682e-01	   1.4777561309473722e-01	   3.6333354034438164e-01	  -3.1728577332024405e-01	  -2.2947657826851789e-01	  -8.0711523781975825e-02	   3.5778858432711069e-01	   2.4350966291629872e-01	   4.3233319450202445e-01	   3.8580209293588191e-01	   6.4175839490042363e-01	   4.3656725331933743e-01	   4.0646611280515055e-01	  -3.7173858004800227e-02	  -1.3377392965847462e-01	   3.2701398086631966e-01	   2.3077873552027084e-01	   5.7845340315918370e-02	   5.9075445130426056e-02	   1.6952687641321278e-02	   2.0966384484855959e-02	   2.8147139366119622e-01	   1.4455590509441957e-01	   3.9013632262490751e-02	  -3.0793099975123136e-02	
