   0.0000000000000000e+00	   9.2536002162416353e-01	   8.9540345275203514e-01	   8.2094403233317559e-01	   5.2519882830340436e-01	   2.3278740956315674e-01	   9.6510500246961262e-01	   8.0879676049115401e-01	   1.7726223120688250e-01	   1.7863057391508258e-01	   9.5885699367002408e-01	   7.8808400959150771e-01	   7.7563968446295561e-01	   8.0545135526866907e-01	   3.1642079948315405e-01	   4.2256341938483760e-01	   9.2562818185192941e-01	   8.1595020432076182e-01	   1.1381263780972413e+00	   9.2766068505442423e-01	   6.5767396786367083e-01	   5.2124964507828264e-01	   7.2363786200412927e-01	   6.3276878501867662e-01	   4.4704085663059279e-01	   3.1692972272879383e-01	   4.1126749745602964e-01	   3.6083781263701148e-01	   5.7071138814028577e-01	   6.5495394670197982e-01	   6.5017378944297666e-01	   5.3179090074348734e-01	   4.5190025300327639e-02	  -6.9220363122714901e-02	   1.0703133487930322e-01	  -3.0712564446937468e-01	  -6.8656117882435155e-02	  -2.3227247114348137e-01	   9.3080215689129719e-02	   1.1908599250084620e-01	  -8.1922246079233679e-02	  -2.6812635952692045e-02	   4.8861090475804536e-01	   1.0106355308180064e-02	   3.8016083331806405e-01	   7.5913338267985853e-02	   2.7662799750226602e-01	   7.8536748948252008e-02	   7.2690454994094622e-01	   3.3177673852519357e-01	   8.7224590020967230e-01	   6.3131691468460349e-01	   6.9319918269861514e-01	   7.0203881639200738e-01	   5.2091453221153861e-01	   3.1033496985743625e-01	   8.9463964329250811e-01	   6.9839381888560637e-01	   7.3220976134012183e-01	   5.3501355327331446e-01	   1.1189048518170399e+00	   5.1272976212158006e-01	   9.6983781374659739e-01	   6.5851150421532156e-01	   5.4008441347481861e-01	   4.5280778546545053e-01	   3.7132699005476127e-01	   9.5201333614856276e-02	   6.0306433450419694e-01	   5.7484944481031963e-01	   7.8405854948045950e-01	   7.0013368446221724e-01	   7.3942440069161186e-01	   7.6564299191458307e-01	   6.6958151224381812e-01	   7.2679083802059785e-01	  -1.9429155841024282e-01	  -6.0096775451232831e-01	   3.2256982913057880e-01	   1.9425307636176062e-01	   6.9379608068279364e-01	   6.8840171294359898e-01	   3.1774443820089393e-01	   2.3197434733228237e-01	   9.4380592804421048e-01	   7.9176147437084088e-01	   3.4095319111053951e-01	   4.3397948264920405e-01	   6.6503028546036580e-01	   6.3464361172445183e-01	   4.7451920888039589e-01	   4.2666160221302496e-01	   4.9967032975214304e-01	   4.8206253741488764e-01	  -4.5399134249376599e-01	  -4.0484797330274125e-01	  -3.4947381531832605e-01	  -2.4666255851247101e-01	   3.5977534196574268e-01	   9.9499878106308490e-02	   4.6829903984481758e-01	   3.8905705297738341e-01	   2.3688229315301335e-01	   1.6604494873502851e-01	  -4.1835100032599916e-02	  -7.8553646764596752e-02	   1.0478908682021314e-01	   4.3498789086410083e-01	  -3.4450692103025193e-01	  -6.1692265258659140e-01	  -5.6787865719474140e-01	  -1.3573041119317808e-01	  -3.0410294963557676e-02	  -4.6598529131190759e-02	  -3.2158067794029199e-01	  -2.4966314414240404e-01	
   9.2536002162416353e-01	   0.0000000000000000e+00	   4.7644273002051724e-01	   7.6582524973566302e-01	   4.6824086253708930e-01	   3.2459500354015941e-01	   5.1021106062594879e-01	   8.8354833687437173e-01	  -4.3232050209248392e-03	   1.8506065968767305e-01	   5.3336113872191326e-01	   9.4216023686128736e-01	   3.3466391065155843e-01	   7.3219074516765570e-01	   5.4343501468011070e-02	   4.2014909785642029e-01	   7.0713132693297065e-01	   1.0989138305222677e+00	   1.0731559493861746e+00	   1.3259150355003031e+00	   5.3012544683176421e-01	   3.8095178956735376e-01	   3.9662338770003297e-01	   5.0425573279742242e-01	   4.5164554098107790e-01	   2.6025992097528333e-01	   4.1890215444790141e-01	   4.1811339207864662e-01	   1.3122895235925430e-01	   7.9199302892130696e-01	   3.2994517582003213e-01	   2.9523325836410841e-01	   2.7034727902016520e-01	   2.5992011365012557e-01	   2.3648493694088440e-01	   2.0921480765783443e-02	  -8.6920169545397927e-02	   2.5157416240156490e-02	  -4.1805042525918011e-02	   3.0284904526857087e-01	  -1.0989466994921436e-01	   3.4869544995816548e-01	   7.3701829328885016e-01	   3.0122405711534306e-01	   5.8838687004175727e-01	   4.5594035629007429e-01	   4.8043010120543006e-01	   3.6607083463604417e-01	   8.6571884828542256e-01	   8.2264230223410850e-01	   7.8237948657397605e-01	   1.0173781790482272e+00	   9.0564140461563292e-01	   8.7829812938018270e-01	   6.2990850646219554e-01	   5.4018028844748167e-01	   8.7415019461757248e-01	   9.9427785405274771e-01	   8.2817864892180637e-01	   1.2630766507509124e+00	   7.4240914474025343e-01	   1.1437202714311760e+00	   7.6311477119971982e-01	   9.0756202207742276e-01	   2.8891077467290155e-01	   8.0360776402669232e-01	   4.2454473109284874e-01	   4.2334929424522982e-01	   7.7259766491185133e-01	   8.6136125288501020e-01	   4.0807333804115398e-01	   3.5009334711931872e-01	   3.2840282094600448e-01	   8.5045367544353390e-01	   4.5509773025156108e-01	   9.2611278095147009e-01	  -3.0683333323474254e-02	  -2.5988616096118033e-01	   1.1662643606078077e-01	   1.1370774198273013e-01	   2.6221255843729196e-01	   5.8303629328423989e-01	   1.1793741885673166e-01	   3.0154305146046190e-01	   5.2820016281624627e-01	   9.5020309464733299e-01	   1.5329456988808354e-01	   5.0374294152364529e-01	   6.3860770027257308e-01	   7.9910306099984374e-01	   5.4252927202536383e-01	   3.8627323100338418e-01	   5.5193931044323785e-01	   5.4002752913755159e-01	  -3.8511620452407996e-01	  -2.1343742972087559e-01	  -1.7514505713317075e-01	   8.7078302665053557e-03	   6.1468363215248012e-01	   3.2646791737544706e-01	   5.3326637405211963e-01	   6.1390423860999666e-01	   3.3018682711745295e-01	   4.3366191181162528e-01	  -7.3049020752089161e-02	   9.3420348474474932e-03	   3.5125673518221025e-02	   6.7201993696708628e-01	  -2.7353397325727169e-01	  -5.1105722063150649e-01	  -3.7612126136226776e-01	  -2.4815204672892041e-02	   2.9779291884958391e-02	   5.9342258949692077e-02	  -2.1886966388610390e-01	  -4.1458173561255368e-01	
   8.9540345275203514e-01	   4.7644273002051724e-01	   0.0000000000000000e+00	   1.2099738226127386e+00	   6.1463805706448360e-01	   1.9929937011907423e-01	   1.8031743757182983e+00	   1.0434855390713476e+00	   4.4307586950334638e-01	   2.4090642860607728e-01	   1.0278434801851142e+00	   6.4901940389395540e-01	   1.1219900420823350e+00	   9.0399854166323745e-01	   6.1855320351588805e-01	   5.9668381128728765e-01	   8.3217572363937498e-01	   4.5711037442054858e-01	   6.6330509033632790e-01	   5.0330014627627229e-01	   5.8022022963529885e-01	   4.4382245843364276e-01	   1.2532340800522923e+00	   9.5339375781937652e-01	   5.0130119093800174e-01	   4.1795749036646002e-01	   1.1991406749354708e-01	   7.4750402666654558e-02	   1.0022861482499188e+00	   6.8539225064603893e-01	   1.0578413034648124e+00	   8.3429629306197550e-01	   6.0515201748770980e-02	  -8.2509100393060281e-02	   2.2519806982767260e-01	  -2.3369503795060184e-01	   6.7398135905191239e-02	  -1.7781115882492662e-01	   1.6625641524259888e-01	   4.1705640135122360e-02	  -1.0467083207718265e-01	  -2.4218463560368786e-01	   4.5005772377290731e-01	   1.5613359225317158e-02	   2.5797428842159914e-01	  -6.3430005751737462e-02	   3.6312215562536737e-01	  -7.6693513767805616e-02	   4.6159123581831230e-01	   9.6513717959533285e-02	   5.8470792547801720e-01	   4.9208567942241799e-01	   7.1769225668758196e-01	   6.9643610146534185e-01	   4.8988435679021491e-01	   1.4918167551499134e-01	   3.6698409672151638e-01	   2.4451389890087072e-01	   2.6558953724202555e-01	   1.7931351698370396e-01	   5.8339677282500446e-01	   2.8113752344660181e-01	   5.6020707298361128e-01	   2.6061356600824592e-01	   5.9283838039483261e-01	   5.0404113652207594e-01	   3.8244710678678134e-01	   1.2160964651835163e-01	   2.1446163148208694e-01	   2.0312482663031001e-01	   1.0740867889702852e+00	   9.1078160605697045e-01	   9.2909834593509544e-01	   7.0939654884863179e-01	   7.1860823805157104e-01	   6.7603517635722210e-01	  -2.7838865117556832e-01	  -6.5875448909901813e-01	   5.5272210909578567e-01	   2.7827273648208845e-01	   9.6901260967286107e-01	   7.7209065803846255e-01	   3.6490149985463533e-01	   2.0252200406248044e-01	   1.1209376489304146e+00	   8.1804838800048130e-01	   5.6974034684745245e-01	   3.4774151448448554e-01	   8.3383016589444636e-01	   6.9285409962627209e-01	   6.6565352800283983e-01	   6.7027398923105419e-01	   6.1412606486977128e-01	   5.1298048287020570e-01	  -3.4372257734187522e-01	  -4.4222189366960840e-01	  -3.1009389782338331e-01	  -3.9486550649255642e-01	   4.4225750600870656e-01	  -1.5272825236695223e-02	   4.9228406531411828e-01	   1.9866861787941789e-01	   1.0207806012292750e-01	  -3.4600097277937648e-02	   3.3431428035370872e-02	  -6.7414533381183889e-02	   1.2125055473236998e-01	   2.1711934409683653e-01	  -2.8771827532946992e-01	  -4.9384164995107627e-01	  -4.8963938804044782e-01	  -9.8020864153441800e-02	   9.5105705726686252e-02	  -8.7617127826333779e-03	  -2.7571559652488753e-01	  -1.2097691683446178e-01	
   8.2094403233317559e-01	   7.6582524973566302e-01	   1.2099738226127386e+00	   0.0000000000000000e+00	   1.0121449396181759e+00	   4.0070496855974791e-01	   1.2164289224747247e+00	   1.9232902110289642e+00	   4.9092277043600085e-01	   4.4031005592310324e-01	   8.7559555868628469e-01	   1.0373048873017281e+00	   9.4101280536948118e-01	   1.2762710618519921e+00	   5.9766104726357228e-01	   7.6300013366993935e-01	   8.1126500537012491e-01	   6.4803719529901993e-01	   7.4600306673053962e-01	   7.3376559977006062e-01	   6.9747990661423642e-01	   6.0149312585254200e-01	   1.1199508503873179e+00	   1.3192259782637681e+00	   6.0024590853000337e-01	   5.6079864311552718e-01	   3.0618485454781130e-01	   2.6799189898727155e-01	   7.2087522914524205e-01	   9.2774747867110141e-01	   1.1859691953778104e+00	   1.0240121882899276e+00	   5.6079080651839613e-02	   1.6028978813839186e-02	   1.1657022614578966e-01	  -2.6206738990906553e-01	  -1.0158045494582546e-01	  -2.0944008166936529e-01	   2.2967941882491346e-02	   8.8170348410502392e-02	  -2.7937770295561493e-01	  -9.7385147075316050e-02	   4.5062558263883873e-01	  -1.1473623080395373e-02	   3.3853666908248120e-01	   8.2890945311167780e-02	   3.2650588195306368e-01	  -8.9591171190764290e-02	   6.2306953490127293e-01	   2.6796915581897274e-01	   6.5012847508138105e-01	   6.6343338000355589e-01	   7.9707557051885247e-01	   6.9788901789772706e-01	   5.2543824703680797e-01	   1.4001370720729392e-01	   4.6106984380717841e-01	   3.9142591083641687e-01	   3.0864587152607331e-01	   4.1894712575762227e-01	   5.5642236356349639e-01	   5.1712123599942184e-01	   6.6076837529751320e-01	   3.8012232785547467e-01	   4.7040764886785880e-01	   8.7194328564264179e-01	   3.8331178153309742e-01	   2.3903839821868086e-01	   3.2969946327643979e-01	   3.5403896947619706e-01	   9.8696878704676549e-01	   1.0592834001394238e+00	   6.9812367541899500e-01	   9.1237288237631287e-01	   6.0385314647868538e-01	   8.3351847761398545e-01	  -4.5559879319671104e-01	  -7.4449796184926265e-01	   3.9481247857096347e-01	   1.1848181432666050e-01	   7.6603670661056300e-01	   9.2373801463473171e-01	   3.9521682854384427e-01	   3.3603396595514168e-01	   1.0619019549644444e+00	   1.2232963356282562e+00	   5.2319535555890462e-01	   5.4864835885614394e-01	   9.1219388483963737e-01	   7.4695992241576914e-01	   9.2784585171126122e-01	   4.6592656647781133e-01	   9.0098580413649110e-01	   5.2558982474237448e-01	  -5.1786018138177459e-01	  -5.8766387510462148e-01	  -5.0614234797145530e-01	  -4.9379102077719716e-01	   4.9950343821984111e-01	  -1.3830340611770967e-01	   6.6442916266468444e-01	   2.9157442132094130e-01	   2.2288172981619320e-01	   9.0082856992497337e-02	   4.6064236773481690e-02	  -8.9543204351895639e-02	   9.8924637439313581e-03	   3.2931931536927667e-01	  -3.9479059842387854e-01	  -6.7448685356836213e-01	  -7.1752495003356220e-01	  -2.9979025672623238e-01	  -7.8195083764754009e-02	  -1.0049291576909612e-01	  -3.5325170489994806e-01	  -3.3728426010848128e-01	
   5.2519882830340436e-01	   4.6824086253708930e-01	   6.1463805706448360e-01	   1.0121449396181759e+00	   0.0000000000000000e+00	   5.2843751019201768e-01	   6.7075663817723752e-01	   9.1767010226985846e-01	   6.9033179325237515e-01	   6.0878808934178530e-01	   5.9465700219609319e-01	   7.2185498971579221e-01	   7.0296561824413673e-01	   8.8776669987108936e-01	   7.7324107441266565e-01	   6.8027681106855709e-01	   6.5647624142557437e-01	   4.9415081437336028e-01	   4.0353537013457386e-01	   4.6496993497111783e-01	   5.3484429674454970e-01	   5.5200670586070255e-01	   6.6855945444435039e-01	   8.5162197933262451e-01	   5.5676397898819030e-01	   5.6392509220954778e-01	   4.2611263478950234e-01	   3.2117471987165869e-01	   6.0223842092497548e-01	   7.2485022809144761e-01	   8.0103567369702044e-01	   7.2749918953399473e-01	  -1.3479608120813924e-01	  -1.2892933794169187e-01	   5.6790449159090425e-03	  -1.7474768886465164e-01	  -7.5064962108724223e-02	  -1.3140959923971249e-01	   1.5643863369829111e-01	   1.4080585142420610e-01	  -2.8105494531651809e-01	  -1.1011660029770463e-01	   2.8836265855964283e-01	  -6.9293946503866222e-02	   1.8868579931194593e-01	  -1.0615890290410835e-02	   2.5560046239914658e-01	  -1.0857470275730015e-01	   4.1207535682967367e-01	   1.1980365737001455e-01	   4.2068161964126494e-01	   4.0137160560816537e-01	   4.8797348133829449e-01	   4.0054498353365925e-01	   4.5502339919536616e-01	   1.0886448256814811e-01	   3.2202185048173304e-01	   2.6514536500976849e-01	   1.5574105419285433e-01	   2.3334186679068575e-01	   3.4538771751297997e-01	   3.0394190987168557e-01	   4.4314668740349522e-01	   2.5419314802943815e-01	   2.2315989333653505e-01	   5.5361830540578505e-01	   1.1581809431454004e-01	   6.5927252295241198e-02	   1.1782328670535520e-01	   1.7898901909413173e-01	   6.2132799351344381e-01	   7.8710837920649279e-01	   4.5979789005770128e-01	   6.2752649271299710e-01	   4.3551842803703084e-01	   5.3479051212149353e-01	  -4.6954064179589405e-01	  -5.5929521014158190e-01	   4.1362159634774909e-01	   2.1330067992814167e-01	   5.6597497893598547e-01	   6.3572001760168462e-01	   4.5852940800100450e-01	   3.2547361120441531e-01	   7.4123033115337733e-01	   7.9681305416847348e-01	   4.4194563121370883e-01	   5.0451468117612386e-01	   6.3881693096111081e-01	   5.1103257068931740e-01	   9.0156316147566429e-01	   3.4865716811681247e-01	   9.9516150634616696e-01	   5.3536465947554124e-01	  -3.6389689043837276e-01	  -4.9087168760710331e-01	  -4.1744691600982420e-01	  -4.8759768750336963e-01	   4.7394300947608864e-01	  -2.0778734683149772e-01	   7.5602969127968067e-01	   2.9847364840326973e-01	   3.7788953418773685e-01	   1.4275622969695645e-01	   2.8308453706239678e-01	   9.1875213690907051e-02	   1.8699238268812460e-01	   3.2194049961404553e-01	  -2.1730144593117845e-01	  -5.7132573864537828e-01	  -6.8733118871365118e-01	  -2.8306657156678738e-01	  -8.8828504770672681e-02	  -3.9680061344976453e-02	  -2.1918863983590472e-01	  -1.2651235499063687e-01	
   2.3278740956315674e-01	   3.2459500354015941e-01	   1.9929937011907423e-01	   4.0070496855974791e-01	   5.2843751019201768e-01	   0.0000000000000000e+00	   1.5096583619651710e-01	   3.4678913085908164e-01	   3.8498918842294400e-01	   6.0475670112399660e-01	   1.5187016248580443e-01	   3.3366648869746529e-01	   9.2321913980809023e-02	   3.0816946537172468e-01	   2.9955327724183906e-01	   3.4002561875074472e-01	   3.3057697284643406e-01	   3.6492356249674313e-01	   2.9014301791859892e-01	   4.2774273101158139e-01	   3.4869574807896631e-01	   1.7865821611366131e-01	   7.0532836091525497e-02	   1.8976916004832453e-01	   8.9587811471931822e-01	   8.2594544417903015e-01	   8.3446801231731194e-01	   7.5564362859042034e-01	  -4.8465571737146905e-02	   2.5430674537468284e-01	   1.5609371719966433e-01	   4.7388556990515973e-02	   8.5476671268650953e-02	   6.5682463662876112e-02	   1.6501428174751545e-01	   1.9232837961927887e-01	   8.4307779671937699e-02	   1.2555729705890126e-01	   2.6611568408060443e-01	   3.7998161850721768e-01	  -3.3918852550053841e-01	   1.5607736557567589e-01	   4.1614680150797501e-01	   1.8711387009250613e-01	   2.0958689998655183e-01	   1.4573911315991664e-01	   4.5820228482285347e-01	   3.2247753099641080e-01	   3.4085905456049748e-01	   2.1421676496179545e-01	   2.6617341780531012e-01	   3.3513209092398494e-01	   4.9249905862471438e-01	   3.6801409035849059e-01	   6.8164017292664392e-01	   4.3041695099957761e-01	   4.7199108642352811e-01	   4.3111598358828496e-01	   3.6894753751738851e-01	   3.8480650046935416e-01	   2.3276904975875190e-01	   3.2846707088429566e-01	   3.2960411091529335e-01	   3.8793051669099982e-01	   4.5174687975438832e-02	   3.3591831197280414e-01	   2.6922677680344681e-01	   2.7518395666671924e-01	   4.4666061680268704e-01	   4.3061620215498281e-01	  -1.3922189259836817e-02	   9.1968685111217460e-02	  -9.4478800540506350e-02	   2.3919423984817978e-01	   6.5650425390553213e-03	   3.1656025110615610e-01	  -1.1357405072709909e-01	  -1.6706825969053371e-01	   1.7387850671669247e-01	   2.9508464777001579e-02	   1.6976301620416434e-01	   3.2210822002972811e-01	   1.4602475628848588e-01	   3.4128117727132290e-01	   2.1884261981512015e-01	   4.2420442398532821e-01	   4.2086387203198233e-01	   7.0816295957281916e-01	   5.2360194933323712e-01	   4.6730332277534614e-01	   4.3048527014840809e-01	   2.2053130784061423e-01	   4.8779292462692103e-01	   5.3381041089035342e-01	   5.0231369073359289e-02	  -1.8196877092947858e-02	   9.7577898351145970e-02	   1.3295786839673068e-01	   4.5451321862423266e-01	   1.7713996882737210e-01	   5.7465233869323629e-01	   5.9256951265393054e-01	   6.2484683915457018e-01	   5.9138994874143114e-01	   3.7206824241018721e-01	   3.7509558748571170e-01	   3.4533795780191123e-01	   5.5513983569451153e-01	   1.6744809254891643e-01	  -1.6867671655900587e-01	  -1.6683058639725631e-01	   5.9212332840019491e-02	   4.0787170648609240e-02	   1.0862459772936846e-01	  -4.6536690815389956e-02	   2.5010952332619518e-02	
   9.6510500246961262e-01	   5.1021106062594879e-01	   1.8031743757182983e+00	   1.2164289224747247e+00	   6.7075663817723752e-01	   1.5096583619651710e-01	   0.0000000000000000e+00	   1.1644850836071747e+00	   4.6826397580028312e-01	   2.5488817980738510e-01	   1.0840356820351311e+00	   6.6006249822741214e-01	   1.1640642250053461e+00	   9.0012556575526947e-01	   6.3164564051021010e-01	   5.9566869096297625e-01	   7.9958286896964281e-01	   4.4967791945989055e-01	   6.4743380753235313e-01	   4.9651416675710269e-01	   5.2679551515792078e-01	   4.0199407072151461e-01	   1.0926146707914490e+00	   8.7322506714196291e-01	   3.9984318200008773e-01	   3.5194855321845658e-01	   1.2196107524040221e-01	   2.8795614582763300e-02	   9.3508848063446381e-01	   6.1158430426660759e-01	   1.0389863618704462e+00	   8.2774797837365632e-01	   9.9286204109428726e-03	  -1.3387050615100771e-01	   1.0581525294378351e-01	  -3.5444860187871424e-01	  -7.2529497633918694e-02	  -3.1129470668604142e-01	   6.6496240172116999e-02	  -4.0423804944139108e-02	  -1.4549192350725967e-01	  -3.0687783703585580e-01	   3.2478421883694930e-01	  -8.8008894982582617e-02	   2.2594492872824143e-01	  -9.9817286341660552e-02	   2.0374039236661518e-01	  -2.2321103743823664e-01	   4.4739356965780908e-01	   9.3169826538730655e-02	   5.3316832624695709e-01	   4.5453402123654296e-01	   5.6891350595257983e-01	   5.4548244299529614e-01	   3.3631462481540253e-01	   2.6289624556690074e-02	   2.9396236025727240e-01	   1.7643759027736317e-01	   2.8277245039810611e-01	   2.2398013699631036e-01	   6.4621312277516585e-01	   3.4612378202517136e-01	   5.5660444026023903e-01	   2.2325052321824956e-01	   4.6228971210575864e-01	   4.6065258762866979e-01	   2.7995440874692135e-01	   4.2938011646235966e-02	   1.4604004307364132e-01	   1.6402279322979599e-01	   1.1959733522965630e+00	   1.0495484146288547e+00	   9.2658008714856810e-01	   6.9338088460336567e-01	   7.1512739270424586e-01	   6.7576730809939578e-01	  -3.8458638419367425e-01	  -8.2349762941587279e-01	   4.4886187754911955e-01	   1.7858722177656933e-01	   7.8600058510391613e-01	   6.2489145627319709e-01	   3.3446526679760413e-01	   1.0435848855711305e-01	   1.0182342576466650e+00	   7.6369604144038195e-01	   5.3102659439152200e-01	   2.9193308722705497e-01	   7.2636783390738147e-01	   5.8312450158872708e-01	   5.9187059955776555e-01	   4.9768840788535940e-01	   5.9054335264756264e-01	   4.3345148723906191e-01	  -5.2026300162825212e-01	  -5.8779242218619909e-01	  -5.0071353651432249e-01	  -5.5145144632451426e-01	   3.0446558992589257e-01	  -1.4773079811605727e-01	   4.3465313774999270e-01	   1.4575498333826764e-01	   3.1514693596715611e-02	  -9.6255920547209523e-02	  -6.2413164782475640e-02	  -1.3280940566665822e-01	   3.7182959610304767e-02	   1.4696070661867811e-01	  -4.0819218058524753e-01	  -6.2432762592821989e-01	  -6.8100169506127883e-01	  -2.7787029220819726e-01	  -7.9920263010976170e-02	  -1.4332410862588035e-01	  -3.7267607252322871e-01	  -2.4556936450747346e-01	
   8.0879676049115401e-01	   8.8354833687437173e-01	   1.0434855390713476e+00	   1.9232902110289642e+00	   9.1767010226985846e-01	   3.4678913085908164e-01	   1.1644850836071747e+00	   0.0000000000000000e+00	   4.3697382514033817e-01	   3.6617111485401471e-01	   9.2216100122772937e-01	   1.1232842635482709e+00	   8.4752003195944559e-01	   1.3290737708852609e+00	   5.4205880722241606e-01	   7.3923329364764578e-01	   7.6489506480686198e-01	   6.8104974194150925e-01	   7.7051971175288636e-01	   7.9541919050412846e-01	   5.4764159075971108e-01	   4.5080231357611300e-01	   8.8763399252093134e-01	   1.0579256033354485e+00	   5.3158278215176991e-01	   5.1509185405363256e-01	   2.6127311949808912e-01	   2.2180577604082397e-01	   6.0615049669302645e-01	   9.1355343856743265e-01	   9.6968272863161620e-01	   8.6310998701921271e-01	   8.4808375555857671e-02	   5.5449763580442103e-02	   5.6065132235632129e-02	  -2.8862799364261837e-01	  -2.2156176376861725e-01	  -2.7307397084694141e-01	  -1.1894839868772661e-01	  -6.0022695439577401e-03	  -3.6663689283324286e-01	  -1.4518805970645890e-01	   4.2229047598568614e-01	  -1.2284022430772994e-02	   3.0236185157541068e-01	   9.3207719876507097e-02	   3.1008289855569049e-01	  -1.1305330301483915e-01	   5.4759302245811470e-01	   3.1059499980228528e-01	   5.5472008134386774e-01	   6.4508912584788469e-01	   7.5878921663403631e-01	   6.6579297849135277e-01	   4.4805907083730234e-01	   1.0816405522513596e-01	   4.1701381001301718e-01	   3.7664769706495987e-01	   3.0653393618043195e-01	   5.2803593613194066e-01	   5.3443690416447498e-01	   6.4936185347773068e-01	   6.0789099241526867e-01	   3.6508537776350719e-01	   2.8894578707189150e-01	   8.4888959451677148e-01	   2.6390956280162065e-01	   1.9983950045791174e-01	   2.7794744231616486e-01	   3.3631141624152383e-01	   8.8982443533732658e-01	   9.5703883197108075e-01	   5.7169202364147442e-01	   8.7779731087235247e-01	   5.3108163440271294e-01	   8.3337426566964523e-01	  -4.7483053192843661e-01	  -7.5278644798764160e-01	   2.7812511572556065e-01	   5.7841065271454592e-02	   5.6633757270349472e-01	   7.6387656744898624e-01	   2.9671434814174019e-01	   2.4779391319121588e-01	   8.4362692835333486e-01	   1.1018706098923334e+00	   4.7979061663481415e-01	   4.9217646971890860e-01	   8.1620660155909452e-01	   7.2895782574404511e-01	   8.6562301848650614e-01	   3.8943617309986150e-01	   8.5041300302697431e-01	   4.7141581319299608e-01	  -5.6614429080759432e-01	  -6.5456630339227839e-01	  -5.3452964618913434e-01	  -5.1192254316094876e-01	   4.9023453033688735e-01	  -1.4467590841560707e-01	   6.4678211593641521e-01	   2.9555953390024442e-01	   1.9613678448636826e-01	   1.1057270536128085e-01	  -4.5901605974261170e-02	  -1.4073845965960180e-01	  -8.5461774518640551e-02	   3.1177522959034792e-01	  -4.1952925698811883e-01	  -6.6399351837757736e-01	  -6.9668116385941881e-01	  -3.0733134242702265e-01	  -1.1744082627100133e-01	  -1.6602289927664443e-01	  -3.8164975961684228e-01	  -4.3167512240447986e-01	
   1.7726223120688250e-01	  -4.3232050209248392e-03	   4.4307586950334638e-01	   4.9092277043600085e-01	   6.9033179325237515e-01	   3.8498918842294400e-01	   4.6826397580028312e-01	   4.3697382514033817e-01	   0.0000000000000000e+00	   7.6793044934223309e-01	   2.4673047705063811e-01	   1.9926430742165199e-01	   4.7958657382827274e-01	   3.1671378519004523e-01	   9.5137638137508618e-01	   2.0464548272341546e-01	   2.7794363462246341e-01	   7.7769471905387841e-02	   2.3839832331396568e-02	   2.8650937970320613e-02	   1.0667433267775378e-01	  -4.5359534636341806e-02	   3.7322112422161891e-01	   4.2680785253415238e-01	   2.3240556272357021e-01	   3.9400270707973484e-01	   6.0086001013693373e-02	  -9.9053202015358457e-02	   5.3812016302830012e-01	   3.0081932236790637e-01	   6.0909932328280436e-01	   5.3720537681090652e-01	  -1.7760138770075193e-01	  -1.9681882712047588e-01	  -1.2806434537472985e-01	  -2.9966614227122301e-01	  -8.4882330725269531e-02	  -2.2381328163130060e-01	  -2.2829557882591188e-02	  -2.4824558921046289e-01	  -2.8038025936573152e-01	  -5.3558303680246633e-01	  -5.7495899846850586e-02	  -2.2789828142241195e-01	  -1.8379054984071580e-01	  -3.4948419187056190e-01	   1.5449533740416603e-02	  -3.4929032128857956e-01	  -1.9349725321951193e-02	  -3.5638118698153959e-01	  -4.9772398029697518e-02	  -1.3126579435658436e-01	   5.2685943799738399e-02	   4.8976424965320176e-03	   9.0033499394119018e-02	  -2.2646401905731789e-01	  -6.6918526275586920e-02	  -1.7179541529096512e-01	  -2.5442776259072497e-01	  -2.2228024186548878e-01	   2.0226768740977716e-02	  -4.3087090363632969e-03	   9.3662287632034769e-02	  -1.0363619865567882e-01	  -6.3910701859146088e-02	   7.0221892694447813e-02	  -1.1394431092201698e-01	  -1.6429645473386537e-01	  -1.3526503431307246e-01	  -5.0892027037047857e-02	   4.6831071809471514e-01	   5.9570817381213415e-01	   3.0847274868498242e-01	   2.9307996989967000e-01	   2.5231080004858364e-01	   1.6773631601702368e-01	  -3.3553974289299876e-01	  -4.3072274622531720e-01	   5.0728330127777710e-01	   2.7150168839615324e-01	   3.6672810857117194e-01	   2.9112179555190504e-01	   2.0909236251211519e-01	  -9.7859836164049918e-02	   2.6806643795895302e-01	   2.6364894742355960e-01	   5.0463275292779708e-01	   7.9999720984201106e-02	   2.4829448982490429e-01	   1.0256295929479178e-01	   3.0025754065675592e-01	  -2.4934435560060645e-02	   3.3133872959978616e-01	   1.4724183462364189e-02	  -2.8325067156455302e-01	  -4.7343842216811549e-01	  -3.2143383722496005e-01	  -5.6496151526909777e-01	   7.6931782700647156e-02	  -4.4131928893688949e-01	   1.7776157234005063e-01	  -2.2809858660911403e-01	  -8.5622609745660730e-02	  -3.2453089089491288e-01	   1.5340067016694325e-01	  -9.4379852994777982e-02	  -2.6554878386904054e-02	  -1.6204317957030484e-01	  -2.7491731530571673e-01	  -3.3727615783486770e-01	  -3.8437642319962245e-01	  -2.7399204390587306e-01	  -1.2044547815242004e-01	  -1.7589488353044702e-01	  -2.1040534061148969e-01	   3.7460382621870127e-03	
   1.7863057391508258e-01	   1.8506065968767305e-01	   2.4090642860607728e-01	   4.4031005592310324e-01	   6.0878808934178530e-01	   6.0475670112399660e-01	   2.5488817980738510e-01	   3.6617111485401471e-01	   7.6793044934223309e-01	   0.0000000000000000e+00	   5.2804373944400060e-02	   2.2381685141050076e-01	   1.1576707391113271e-01	   1.8952266775220969e-01	   2.8275548104605452e-01	   5.1468427821550633e-01	   2.8288083088126165e-01	   2.3582646028859053e-01	   2.0355963803315569e-01	   2.4405494926409260e-01	   2.3956285592940785e-01	   1.6910800508491311e-01	   1.2633874981626220e-01	   2.4285071544951359e-01	   1.2591306974119937e-01	   1.3629691122298360e-01	   3.2219395833435027e-01	   2.1626786176660504e-01	   1.3490555689188768e-01	   1.7256708269439458e-01	   2.5638698583118386e-01	   2.2131848678354546e-01	  -1.8373691532281028e-01	  -1.4623561754925385e-01	  -2.3769121975153329e-01	  -2.3545664281767958e-01	  -2.7018606006589663e-01	  -3.2280899481274578e-01	  -1.1145192587011657e-01	  -1.0750184624317595e-01	  -4.1404244591054495e-01	  -1.9669252463090889e-01	   2.1088781151482362e-02	  -7.1515558209545319e-02	   1.3936476971814320e-02	  -4.8769065781016752e-02	  -2.6185618784627534e-02	  -1.2917788444644468e-01	   2.4361765350505851e-01	   2.4202505089514822e-03	   1.8083108610239529e-01	   1.3419238062197761e-01	   8.3399387517299639e-02	   2.0745213217184352e-02	   1.4730082014893559e-01	  -8.2845576525953479e-02	   1.1782816187593764e-01	   1.2339082842098828e-01	   8.5009875337310747e-02	   8.9404402017118079e-02	   2.3555193389809798e-01	   3.0592640441632191e-01	   3.0619108626595598e-01	   1.8430194138870973e-01	   6.3823351837017372e-02	   2.8400963766591292e-01	   3.3369411060269014e-02	   1.1929006241124378e-02	   1.3135069838093885e-01	   1.8904574578442224e-01	   2.3549943677230895e-01	   3.0226438698160552e-01	   1.3464423454167088e-01	   1.5956649926828254e-01	   8.4561535502345825e-02	   1.0376872126687932e-01	  -3.7304583147512493e-01	  -4.1807350589108394e-01	   2.6797775593972983e-01	   9.9952629196779580e-02	   1.5901603718466878e-01	   2.0170597068603566e-01	  -1.6419432412379070e-01	  -1.5457816598929643e-02	   1.7762562311490548e-01	   3.5239101901503422e-01	   5.1333281017241869e-02	   1.1662280560051230e-01	   1.2306127635829636e-01	  -2.1234877377731751e-02	   2.2575433359914260e-01	  -1.1587303253450244e-01	   2.7785521057332130e-01	   1.5196301716837186e-02	  -3.0525245409925289e-01	  -2.8315451340953190e-01	  -2.7977878430698683e-01	  -2.6618982422417475e-01	   7.7650973479110888e-02	  -1.9501876467101187e-01	   6.3360757313180527e-02	  -8.9990797434524331e-02	   7.4473688334917871e-03	  -1.2497455579171106e-01	   3.1666464778563352e-01	   1.3678629636185394e-01	   5.6736752408894260e-02	   4.4103068010664478e-02	  -2.1759020104983140e-01	  -3.7986543975055681e-01	  -3.8809049017063674e-01	  -2.1556865650196283e-01	  -1.5711277353373276e-01	  -1.3945996493916295e-02	  -4.6168211983203214e-02	   3.6162598009582263e-02	
   9.5885699367002408e-01	   5.3336113872191326e-01	   1.0278434801851142e+00	   8.7559555868628469e-01	   5.9465700219609319e-01	   1.5187016248580443e-01	   1.0840356820351311e+00	   9.2216100122772937e-01	   2.4673047705063811e-01	   5.2804373944400060e-02	   0.0000000000000000e+00	   9.4154506935169002e-01	   1.2867234042553379e+00	   1.1755110573737677e+00	   5.5141059249931468e-01	   5.4095636093729860e-01	   8.2556775413031447e-01	   5.4365919675322738e-01	   7.6783995884428047e-01	   6.2341356344102450e-01	   4.0298943146080729e-01	   4.0598034450150955e-01	   1.0278510560812908e+00	   9.0266583611594187e-01	   5.7029187877314236e-01	   4.5994881236906188e-01	   1.8302846862144806e-01	   1.7010938807020842e-01	   8.6724953862925624e-01	   7.6069974495476045e-01	   8.1515711736988616e-01	   7.4410571924871183e-01	   8.1459266238663897e-02	  -4.6247406358487245e-02	   2.0830088974318897e-01	  -2.2167015941228532e-01	  -4.6943581553819551e-02	  -1.7833827388858220e-01	   6.7866137422744555e-02	   4.6795187184117452e-02	  -1.6826522653965559e-01	  -1.9925654499176099e-01	   4.7031745658340052e-01	   3.8071333707437906e-02	   2.9818160762523727e-01	   3.9518266731119155e-02	   4.1070792488270219e-01	   4.1246443516384651e-03	   4.2718035476511351e-01	   2.0520212105857155e-01	   5.1864533069387408e-01	   5.3475158033579806e-01	   7.1434629012737483e-01	   7.7080872189406524e-01	   4.7253257504573004e-01	   2.3910720407013306e-01	   5.2259303161953763e-01	   4.1940900708657197e-01	   2.5912727402268776e-01	   3.0503987580914005e-01	   5.0922325586957673e-01	   2.7193681816917986e-01	   5.3847293854887779e-01	   3.5487291874945981e-01	   4.8925835139336316e-01	   5.2723822162419998e-01	   2.6020508891255451e-01	   9.0360839128716994e-02	   2.3018723234760949e-01	   2.8415703857454783e-01	   7.7907115393008486e-01	   7.0006413882294882e-01	   6.8990029546798237e-01	   7.2827432393969360e-01	   5.8092128125020104e-01	   7.1992396715046714e-01	  -2.3236490429338832e-01	  -5.6765381862014275e-01	   3.0305091014192592e-01	   1.5445118015029194e-01	   9.5648095440592507e-01	   8.2185907091503996e-01	   5.6228203654889763e-01	   3.3579028054228016e-01	   1.0384780951250197e+00	   8.1026535152424328e-01	   6.2154321595972672e-01	   4.5270968866075068e-01	   7.4081101248418046e-01	   7.4984689618824862e-01	   6.8061970736359689e-01	   6.9060609044149468e-01	   5.8783902577233005e-01	   5.9434812013166516e-01	  -3.7522405417349897e-01	  -4.7784541318893925e-01	  -3.5612416102888123e-01	  -3.6916908844820651e-01	   4.1282858725596144e-01	   1.2453924637357195e-02	   6.1520993662193846e-01	   3.5546386652348821e-01	   2.3384556866955739e-01	   1.4166486690062513e-01	  -9.2384300882224907e-02	  -1.1955132020429900e-01	   8.4011742822961921e-02	   3.0810027201140394e-01	  -2.2068144290719646e-01	  -5.2778030912968332e-01	  -5.6350281136118341e-01	  -9.9254466266344335e-02	   5.3860089907847512e-02	  -1.3534590250785811e-01	  -3.8226522005492064e-01	  -3.6298529257059453e-01	
   7.8808400959150771e-01	   9.4216023686128736e-01	   6.4901940389395540e-01	   1.0373048873017281e+00	   7.2185498971579221e-01	   3.3366648869746529e-01	   6.6006249822741214e-01	   1.1232842635482709e+00	   1.9926430742165199e-01	   2.2381685141050076e-01	   9.4154506935169002e-01	   0.0000000000000000e+00	   7.2394269064676531e-01	   1.5964853305568010e+00	   3.8681560232272183e-01	   5.9294551090987491e-01	   7.9140770296230167e-01	   8.8689301258753994e-01	   1.0062413382319404e+00	   1.0520771139601146e+00	   5.0743892039166760e-01	   5.0799762858209596e-01	   7.5521426824756877e-01	   1.0170697106031923e+00	   5.5836043000722424e-01	   5.4131599765290495e-01	   4.3842967467838917e-01	   3.6654669084291347e-01	   4.1487562542609546e-01	   1.1779439648984595e+00	   6.5302802144416827e-01	   7.1361998899986023e-01	   3.1217307790042748e-01	   2.7472799706162632e-01	   2.5083505923627847e-01	  -7.3105719677173553e-02	  -7.8338806152578003e-02	  -2.9836090436466036e-02	  -4.3408727495858314e-02	   2.2137197119109778e-01	  -3.0219485357797782e-01	   1.2421701249249045e-01	   5.9714012284154860e-01	   1.5997776317739565e-01	   5.0459551242337197e-01	   3.6161272352547391e-01	   3.7905236475388704e-01	   1.9341147791419783e-01	   6.6553308970923308e-01	   4.7716844994099000e-01	   6.3579016692321677e-01	   7.8953105765562315e-01	   8.6971487029889438e-01	   8.4584942578206579e-01	   5.7394444426889690e-01	   4.3182919060440961e-01	   6.8585910137895034e-01	   6.5990203246396373e-01	   4.3826782217757709e-01	   6.6192443530884471e-01	   5.4299869444185889e-01	   6.1604997161253716e-01	   7.2975883503490957e-01	   5.8816020220267684e-01	   4.4618457078948787e-01	   1.0443641805514143e+00	   4.7059756809299080e-01	   4.0576241868115814e-01	   5.2382675623048147e-01	   5.4169302951431908e-01	   5.6848894828377183e-01	   5.8410189080532438e-01	   4.6334053961336169e-01	   1.0447136682732330e+00	   5.1274147762586020e-01	   1.0179676510647568e+00	  -1.9340184033250285e-01	  -4.0792687640449138e-01	   2.4969880535098365e-01	   1.1787807377827078e-01	   6.4507915028477647e-01	   1.1599274916445661e+00	   4.4868298143265245e-01	   6.0128727615245781e-01	   8.2792679792320312e-01	   1.3011393488815495e+00	   4.2191478241493557e-01	   6.5316149664503120e-01	   7.3387934945502487e-01	   8.2335315784919938e-01	   7.4828857621152012e-01	   4.9594585271449909e-01	   6.9582266817223926e-01	   5.6550404335579374e-01	  -4.1519086513096926e-01	  -3.8287375148266439e-01	  -3.9086255224263000e-01	  -2.4290626638055565e-01	   4.6469482254046623e-01	   7.6251394175820303e-02	   6.7799614425041710e-01	   5.0383032952440732e-01	   3.6076459329979593e-01	   3.3094112842597645e-01	  -7.2955086262674579e-02	  -6.8584790629599948e-02	   1.8910163099471453e-02	   5.2534766734163385e-01	  -2.2586798370482808e-01	  -6.3922174459060921e-01	  -5.9464766100279964e-01	  -2.3686525169073458e-01	  -1.0750430512580121e-01	  -9.7991018380216538e-02	  -3.3952723776922711e-01	  -4.7300742693586184e-01	
   7.7563968446295561e-01	   3.3466391065155843e-01	   1.1219900420823350e+00	   9.4101280536948118e-01	   7.0296561824413673e-01	   9.2321913980809023e-02	   1.1640642250053461e+00	   8.4752003195944559e-01	   4.7958657382827274e-01	   1.1576707391113271e-01	   1.2867234042553379e+00	   7.2394269064676531e-01	   0.0000000000000000e+00	   1.1579133332565967e+00	   8.8401432524831480e-01	   5.4445976514785266e-01	   6.9468498550336943e-01	   3.7584961154932339e-01	   4.3457208163681316e-01	   3.1966016251066259e-01	   5.1597023565396705e-01	   4.9172605255406099e-01	   1.3896996224584006e+00	   1.1587819488370958e+00	   4.2546879922675518e-01	   4.4896949394094954e-01	   1.1666257880008642e-01	   1.1664435246385680e-02	   1.2325318915023618e+00	   7.2394826048360694e-01	   1.2785956568837675e+00	   1.1656265327517596e+00	  -1.0402594346515238e-01	  -1.9387697721806424e-01	   1.3416176365940360e-01	  -3.1769640932404336e-01	   7.3244724738210684e-02	  -1.3744699999802734e-01	   1.4150563817877529e-01	  -1.2464889986688332e-02	  -1.0728193624028919e-01	  -3.0185946153843735e-01	   2.7824309867532215e-01	  -1.4799034223062352e-01	   1.0408735572338947e-01	  -1.8299263529009319e-01	   2.5761380869238160e-01	  -2.1146368731639417e-01	   3.0550174419711795e-01	  -6.2333161946602669e-02	   4.5938624051739529e-01	   3.1160635007106091e-01	   5.8937081777411371e-01	   5.2134158135419151e-01	   3.5360684579837492e-01	   3.5920770876913012e-02	   2.6969230720909071e-01	   1.5384230639422392e-01	   1.8392283144540784e-02	   1.0727188615946230e-03	   3.4889761940520320e-01	   2.7448075368315519e-02	   4.1223158044022878e-01	   1.1210914478357975e-01	   5.2651763046072497e-01	   3.7720446795684159e-01	   1.7455678800228858e-01	  -4.8064965793083211e-02	   2.6391691331395371e-02	   5.3580710151545946e-02	   1.0992122844031667e+00	   1.0655098320594807e+00	   9.3847151002533358e-01	   6.9476515709187348e-01	   6.9246233458117901e-01	   5.5683632679346318e-01	  -3.4175725697083714e-01	  -6.3306524272247922e-01	   4.8795752464167175e-01	   2.9343622235889349e-01	   1.2838252037388280e+00	   8.9420042291767032e-01	   6.6763871306688538e-01	   3.4552374207879127e-01	   1.3435486375523213e+00	   7.2507071581722327e-01	   6.3304901920004009e-01	   3.6910821499760960e-01	   7.5785339518758033e-01	   5.7271630529900930e-01	   7.7972848934063643e-01	   6.0213374534978692e-01	   7.3086120733250459e-01	   4.7026965594168879e-01	  -3.6669925465819248e-01	  -5.1417863689222576e-01	  -4.0411603401501744e-01	  -6.0708858513545960e-01	   3.6591670320591263e-01	  -1.9216302141759037e-01	   5.8195791816344067e-01	   1.2398666878182857e-01	   1.3403147130295545e-01	  -1.1575570533340845e-01	  -1.0265183273384456e-02	  -1.9666674222957503e-01	   3.0719000412618925e-02	   7.2538973764225800e-02	  -3.3242401923920650e-01	  -4.7949064581997858e-01	  -5.7843564827105143e-01	  -1.7704958756511271e-01	   6.1585310815620894e-02	  -8.3535378990220080e-02	  -3.0485148723048633e-01	  -2.5675448071133000e-01	
