   0.0000000000000000e+00	   6.0945317056031767e-01	   4.2312840259116935e-01	   2.6124104365246859e-01	   3.5064616201441512e-01	   1.6426784011935888e-01	   6.4228125341433340e-01	   3.7275115502365264e-01	   3.6677258191567436e-01	   2.3220724763790979e-01	   8.8617271915625073e-01	   6.3808941475328673e-01	   6.5861605558890401e-01	   4.5346418287774931e-01	   4.9024143981953672e-01	   1.7666475045668711e-01	   9.8935348864515538e-01	   8.7797771193874774e-01	   1.0010337105228935e+00	   7.2047959137382123e-01	  -2.4360976849913343e-01	  -3.4892744041258889e-01	   1.9768085899373136e-01	   6.7463589743749885e-02	  -1.7523110016964674e-01	  -9.7006575560030700e-02	  -2.0040931034659669e-02	  -4.2157434984281081e-02	   9.2831457067128775e-01	   6.4215809345043140e-01	   7.0090165172455282e-02	   9.2937235749168082e-02	   5.1990107777852301e-01	   4.2999228376080195e-01	  -1.4916062031784647e-01	  -1.3427613266695285e-01	  -8.1255389469121725e-02	  -2.7417160407173841e-01	   2.2098526484433098e-02	  -1.2043968330391566e-01	   3.8918717069506925e-01	  -1.4582282904781094e-01	   5.1962689333072842e-01	   6.2326750890927263e-01	   3.9289157125112173e-01	   4.8326621634482220e-01	   5.9310570409500241e-01	   4.8835398260260399e-01	   4.7904674409047088e-01	   4.3803448726079003e-01	   6.2573848594737880e-01	   4.7993167987344598e-01	   7.0101400869422559e-01	   5.0507496033609278e-01	   5.6893116235492158e-01	   5.5023685788387766e-01	   1.0721767335457901e+00	   6.8997889437854820e-01	   6.6455550783382544e-01	   3.3153345711363169e-01	   7.6944008221197313e-01	   1.9895750370079468e-01	   8.1298147208680671e-01	   4.4863008585257619e-01	   1.3009097477599764e-02	  -8.7462756132131461e-02	   1.5415137618268407e-01	  -2.3418965436329729e-02	   3.0403590620841975e-01	   2.1924937222065013e-01	   4.9963741940258627e-01	   4.7387789782429635e-01	   9.9160990030883478e-01	   6.6671172568404169e-01	   8.0613145631648531e-01	   4.7173025933949736e-01	   7.2411608493040869e-01	   4.1651415009994552e-01	   6.3944549573636034e-01	   6.8498478907962013e-01	   6.7336206923795228e-01	   5.8502053105759622e-01	   4.0159297976118313e-01	   4.2348357934552489e-01	   3.4160766350746719e-01	   1.4077197629055499e-01	  -1.1268813912258203e-01	  -2.5988126629299635e-01	   3.0556754269844144e-01	   3.1841986117100890e-01	   2.9061509660064322e-01	   3.2313848017287333e-01	   1.3704002558155043e-01	   3.0315767375441555e-01	  -3.7554948523172919e-02	  -2.1235895987108752e-01	   3.2376491765688598e-01	   3.7796816195728111e-01	   7.0250177882328502e-01	   7.6307476009800801e-01	   2.4780479168273600e-01	   1.7115993906117249e-01	   5.2519106408872207e-01	   3.4468109444475825e-01	   2.6572639611469112e-01	   1.8258495666450511e-01	   8.3130681676911955e-02	   1.4213286449348528e-01	  -1.9816284540257142e-01	  -7.4716789259469008e-02	   3.2972628987993013e-01	   5.3007115886507117e-01	   4.3270424186017509e-01	   4.2030548810571011e-01	  -1.2202626757304352e-01	   1.3425486228560407e-01	
   6.0945317056031767e-01	   0.0000000000000000e+00	   3.4151355607805167e-01	   3.4790943782985689e-01	   2.6065448307605793e-01	   1.9183293305666368e-01	   5.5839858957583988e-01	   5.9588965431579699e-01	   2.7414511371590666e-01	   2.6586739363756312e-01	   6.6453984687002565e-01	   6.6566709613359187e-01	   6.5310945324278147e-01	   5.9409923018360966e-01	   4.2943469472325235e-01	   4.9202656173958981e-01	   4.9509377606747385e-01	   7.5851311643810271e-01	   7.1037057505379586e-01	   5.8987330333495724e-01	  -3.9608281818189495e-01	  -2.4098844011073073e-01	   2.8599489517910226e-01	   2.3647109191053861e-01	   7.6686112914737939e-02	   4.8577605096881082e-02	   7.3613545429176835e-02	   3.6361864940050947e-02	   4.6652647035761974e-01	   5.0186864414815147e-01	  -2.0408800021491421e-02	   1.7952131338446333e-02	   1.6689048354636182e-01	   2.9402321058948150e-01	  -1.2176617971508326e-01	  -7.4649328461878106e-02	  -1.7377356666597971e-02	  -8.3773062633815509e-02	   2.0030583377215385e-02	   1.6984623316286203e-02	   3.3130963421750131e-01	   7.2065456065494068e-02	   3.4821670472274879e-01	   4.2138369213344201e-01	   2.0617597818124647e-01	   2.9462884502749431e-01	   4.4126496137734028e-01	   5.0936828570717818e-01	   3.0819008273782522e-01	   2.3078834697917155e-01	   4.7071344255173403e-01	   3.0898231159760753e-01	   5.4685479196435582e-01	   2.2273780904186663e-01	   4.5840343884539242e-01	   3.1167643689234326e-01	   2.5271977880691382e-01	   9.4558481107624726e-01	   2.7361631668305397e-01	   4.0892813168350006e-01	   3.8662944165413271e-01	   3.1512916522149087e-01	   4.2255792718265572e-01	   3.9451996350015051e-01	   9.3651925572787759e-02	   1.5351015439853366e-01	   1.9627362023674313e-01	   1.6479055637071655e-01	   2.1570151027716025e-01	   5.1601897152858411e-01	   2.2177622353452689e-01	   2.2111793645249064e-01	   4.1901170874365246e-01	   6.0843255691897991e-01	   4.9022869875373098e-01	   5.5017107733931581e-01	   5.2339704679875565e-01	   5.6945579764369980e-01	   2.8691852555765446e-01	   5.9813463521483157e-01	   5.3551695629144880e-01	   4.3259195597787803e-01	   5.2686779755015545e-01	   4.8866067488358145e-01	   2.3926814191406842e-01	   1.8060385491087519e-01	   9.3063765404974880e-02	  -1.0342515830631051e-01	   1.4133126866811366e-01	   2.1242694462541545e-01	   3.3966289029471702e-01	   2.1906130158468229e-01	   2.7057726012678318e-01	   2.8106359051730195e-01	   5.8650696209713360e-02	  -1.5843220432677118e-02	   4.5408610001772676e-01	   1.3596052866246311e-01	   7.1343941476755068e-01	   3.8427881656900753e-01	   3.2698558958069796e-01	   2.9610878374442551e-01	   4.8523609354858699e-01	   2.5331930331060826e-01	   1.4264801166028740e-01	   2.8001763563245664e-02	   1.6485064270964356e-01	   9.1148639296004905e-02	  -1.2992514832979418e-01	   4.7400009586884116e-04	   2.2543220466588465e-01	   4.8575271490493621e-01	   3.5501160993098652e-01	   3.3649706937413737e-01	  -5.9337899715852245e-02	   2.3736014235479254e-02	
   4.2312840259116935e-01	   3.4151355607805167e-01	   0.0000000000000000e+00	   5.7305696718161481e-01	   4.6865446806494454e-01	   3.4034323763093738e-01	   1.0724407669512461e+00	   4.4566368108278320e-01	   6.3137580275057115e-01	   1.5759593195065918e-01	   5.6378110276738613e-01	   2.0222614758000412e-01	   4.2063399128531792e-01	   3.7436109020900388e-01	   6.7319416415937527e-01	   2.4534025400307222e-01	   2.5724433792604579e-01	   2.9168420119151761e-01	   5.3159401124382022e-01	   2.5272265217689943e-01	   1.3488463297237824e-01	   5.7907166276452947e-02	   7.5736620722078740e-01	   4.9283397558759595e-01	   3.6010504702928031e-01	   3.1877792713030484e-01	   2.1454363542171520e-01	   3.3161418054734632e-01	   2.7597725720009531e-01	   2.3807422807582246e-01	   3.7035224837767894e-01	   3.2365820087162800e-01	   4.3556075451718679e-01	   4.5275752616435938e-01	   2.1177684815496906e-01	   7.0514014521594295e-02	   2.3309621932860586e-01	   9.9937935299514211e-02	   4.8808061448401791e-01	   2.8941395613654269e-01	   3.0334188738525347e-01	   5.6721596315452760e-02	   3.4491920529710507e-01	   3.0534702725383694e-01	   1.6528076881743095e-01	   1.7615200099991285e-01	   2.5966605260831016e-01	   3.3286717580809438e-01	   1.9261268130930370e-01	   8.2434626443747092e-02	   3.1693200280901140e-01	   3.9678432119561369e-01	   4.9746789817585979e-01	   6.0792871369254209e-01	   6.5763233591935755e-01	   6.1682872232867436e-01	   3.5819936587480528e-01	   4.8206613668181264e-01	   5.8567776506115721e-01	   3.3144306946991059e-01	   6.4461855499045762e-01	   1.0217274172220105e-01	   4.8366959020163847e-01	   3.5526552394086758e-01	   4.8529092193186785e-01	   1.1020543555372841e-01	   8.2927103394326251e-01	   4.3171076010136228e-01	   5.3050880271292145e-01	   4.4563785797826427e-01	   3.8805758339869523e-01	   1.0718913691562557e-01	   4.2899136717998798e-01	   3.1998963002471170e-01	   3.5303566904917544e-01	   2.5285882052731967e-01	   3.2636162886977854e-01	   3.2073267714811460e-01	   2.6657011225537286e-01	   3.1582984323440183e-01	   4.1183772540247887e-01	   3.9044484344232849e-01	   3.2282476484427702e-01	   3.4758406295899441e-01	   4.4441634427301818e-01	   3.1278528883232309e-01	   1.0088704951432723e-01	   1.1473071586811737e-01	   6.1273929023072760e-01	   5.3983178507647400e-01	   1.9116723266147123e-01	   6.2210495764512275e-01	   1.7044130669708105e-01	   4.4023470651505098e-01	   2.6088601157470737e-01	   1.1825056780196157e-01	   6.0400956407157957e-01	   4.9405303473286188e-01	   5.4627889995851353e-01	   5.7449495216330415e-01	   2.0515949932808381e-01	   2.1898262021801423e-01	   4.0637107838897790e-01	   2.6550050306484124e-01	   3.7869382882542868e-01	   2.9878465336911453e-01	   4.1637424852196453e-01	   2.4536838740378819e-01	  -1.2255716266397743e-01	  -7.0015195962963267e-02	   3.1323069080437299e-01	   3.9353572410941451e-01	   2.7597816700029448e-01	   2.7699501964456302e-01	   6.6511087476336855e-02	   2.9816521387513495e-01	
   2.6124104365246859e-01	   3.4790943782985689e-01	   5.7305696718161481e-01	   0.0000000000000000e+00	   6.2167031209925283e-01	   7.7615991656322381e-01	   7.3971555192201277e-01	   1.1687974844900144e+00	   6.4256961622371356e-01	   6.2210446154541921e-01	   3.5175721909543600e-01	   5.3247082352428665e-01	   3.5027488897577408e-01	   5.7404300034430034e-01	   4.3243574470237800e-01	   4.4144223637905622e-01	   3.6272372681325288e-01	   1.2592158941455803e-01	   3.2076958858192539e-01	   2.7173026394136085e-01	  -1.1402123580682064e-01	  -1.3216198488362377e-01	   5.6314080217775686e-01	   8.9495610833945871e-01	   8.6137598293993534e-03	   2.7315230213276798e-01	  -9.3090232826188099e-02	   3.8666820730735529e-01	   1.0579805741015730e-01	   1.2732073730550736e-01	   6.0684751060184443e-02	   2.7050575054148995e-01	   2.2655779862396480e-01	   4.0585732336203989e-01	  -9.8885993310130385e-02	  -1.2482295291285635e-01	  -1.8643790018971271e-01	  -2.0858514359676342e-01	   2.0126875333235589e-01	   4.9964008810605767e-02	   6.8026737735752907e-02	  -2.3280262411319985e-01	   1.5971522892274373e-01	   1.0878911047609502e-01	  -3.2962775432882251e-02	   2.1797575474640660e-02	   7.8615013106099654e-02	   7.7229386628917096e-02	  -2.5445437707095158e-02	  -4.3555982159461500e-02	   1.3236014254866849e-01	   1.1374461951257493e-01	   4.1153208461443358e-01	   5.2008173943732761e-01	   4.1806373172496786e-01	   4.1230174507197476e-01	   4.2340875751219997e-01	   4.8119971943997558e-01	   1.7591742628680235e-01	   6.6955320332742374e-01	   4.0582085797411038e-01	   6.8468984064658622e-01	   4.1730543272558557e-01	   8.4318685321809395e-01	  -1.2660823457324850e-02	   2.3444673243560959e-01	   2.4490058131466488e-01	   3.2784321479950185e-01	   4.1374748178578435e-01	   4.7830648825367983e-01	   7.3398217319141784e-02	   2.0379183683874671e-01	   1.8727160362615641e-01	   2.8758617284486110e-01	   1.2610360223258013e-01	   2.3730241962549298e-01	  -2.5008688428579534e-02	   1.6892171493205495e-02	   2.3552299146353570e-01	   1.8137261235552241e-01	   2.9365446610263207e-01	   4.2036515626365334e-01	   1.5190353686200048e-01	   2.3300597001090137e-01	   4.2451123302408011e-01	   6.3434416937417293e-01	  -4.6662179468118958e-02	   8.9724711447143043e-02	   5.7991521919866917e-01	   5.8490540906617805e-01	   5.6702729462523860e-01	   4.6922777857221182e-01	   3.9529437757993813e-01	   4.7647892040660589e-01	   1.4944709443338838e-01	  -7.5814044022498084e-02	   2.8446192932823278e-01	   2.4345639748242803e-01	   5.6155445795147907e-01	   4.3185512383577318e-01	   5.1869321276018787e-01	   5.3050578692535599e-01	   5.8808438783898431e-01	   3.9585508018449317e-01	   4.8793504802210469e-01	   2.7721226882170624e-01	   3.2266505154454816e-01	   5.5325072636748449e-02	  -1.0111615594990767e-01	  -1.5436758928152872e-01	   6.5217006249858669e-02	   2.4480874349471576e-01	   2.9363762148110240e-01	   4.5937452359166497e-01	   9.0207425278098760e-02	   3.3185291509862364e-01	
   3.5064616201441512e-01	   2.6065448307605793e-01	   4.6865446806494454e-01	   6.2167031209925283e-01	   0.0000000000000000e+00	   1.2848647500122512e+00	   7.6217220971824651e-01	   8.1808335000581156e-01	   1.6303744543084118e+00	   1.0965285040144952e+00	   3.1438071245334143e-01	   5.5358074061838414e-01	   5.5894528284636769e-01	   5.0386172666555062e-01	   7.5157389996542878e-01	   5.9425123194323581e-01	   2.6065843957951890e-01	   1.6872054499154043e-01	   2.1669945697807205e-01	   4.8587081754631029e-02	   4.8717656772682180e-02	   2.1407728356467540e-02	   5.1274204682315383e-01	   5.1294676444377985e-01	   2.2590670994889328e-01	   6.2458726694170852e-01	   1.3272572182841694e-01	   7.0790647928289485e-01	   7.9402862860555701e-02	   6.1515398243964896e-02	  -4.5836610375090819e-02	   1.0916302798676029e-01	   3.6417647373642316e-02	   2.3839468880949594e-01	   4.8811027404735252e-02	   7.7844787686231057e-02	  -6.3277385342333875e-02	  -1.3575109689382150e-01	   3.5056584514034989e-01	   2.7611637997488270e-01	   5.2504115266445432e-02	  -2.0210382357137152e-01	   4.8833509918824303e-01	   3.5309029978859396e-01	   4.0365591036270898e-01	   3.7984965576959157e-01	   4.1065957279007420e-01	   2.7086010994051424e-01	   3.7657229647237667e-01	   3.1936333500626501e-01	   3.6263663913046607e-01	   3.1790080401858006e-01	   4.8396755272104652e-01	   5.5098267040970916e-01	   5.6770540550780568e-01	   6.2375151339564472e-01	   3.6379224451777270e-01	   1.9642363449747241e-01	   3.2488424282687206e-01	   5.3399402301212584e-01	   4.4996520556752800e-01	   6.9590218216392774e-01	   2.1478510848843449e-01	   3.6356798319020001e-01	   6.2692440892994528e-02	   3.2016425542734073e-01	   1.8870368046034777e-01	   2.3406571513324609e-01	   2.5172527696626307e-01	   3.2751072596767850e-01	   2.9883212113115049e-01	   3.0075210693504539e-01	   1.1440646761754608e-01	   8.1695340347093567e-02	   8.7182807533147874e-02	   2.4143789641241406e-02	   2.7968198401359237e-02	  -4.3829182021552629e-02	   3.2189426403506655e-01	   3.1801987426824552e-01	   2.9092078597623233e-01	   5.1745362404780382e-01	   2.0614404771752717e-01	   3.6957825690125878e-01	   4.6832192140621026e-01	   6.0213601745006662e-01	  -2.5194127445091807e-01	   3.2585644739594417e-02	   7.3379006732343444e-01	   7.8359236552822131e-01	   8.5263151923467029e-01	   8.5203644297579451e-01	   6.3863957117860848e-01	   7.8935851073319774e-01	   3.1220403790932832e-01	   1.5268724123187849e-01	   5.6127427494086046e-01	   5.1063415250941857e-01	   7.8244415237658926e-01	   7.6190070701094537e-01	   5.7045293029106847e-01	   4.7128072390954739e-01	   5.6403941165790772e-01	   3.9469401710743957e-01	   5.3402626846252654e-01	   3.6154370463768237e-01	   2.2169067389848951e-01	   1.1932934144614510e-01	  -9.8908224332685493e-02	   3.9297584358745460e-02	   4.5928934560934209e-01	   6.7918288999842569e-01	   8.4380196622520409e-01	   6.6037284892934622e-01	   2.4656611261101558e-01	   3.7430589597619268e-01	
   1.6426784011935888e-01	   1.9183293305666368e-01	   3.4034323763093738e-01	   7.7615991656322381e-01	   1.2848647500122512e+00	   0.0000000000000000e+00	   5.4000962884581050e-01	   8.0403110941634759e-01	   1.0746251169438048e+00	   1.1308445280629680e+00	   1.7596837454410391e-01	   4.8029199242727960e-01	   3.4399450869143594e-01	   5.2855381734376650e-01	   4.6548563585549685e-01	   5.7300515650076467e-01	   2.2052520351578850e-01	   9.1276764746487035e-02	   1.5781305561694625e-01	   4.8582288140759003e-02	   2.0503778369269240e-01	   1.8894298111523172e-01	   4.7360633184522954e-01	   5.7159326597604421e-01	   2.3832000897920108e-01	   7.3192940290441100e-01	   5.4166453765974364e-02	   8.1779097263674194e-01	  -6.1459171579884564e-02	   5.0979006373845719e-02	   2.9778422221631547e-03	   1.9595555642994911e-01	  -2.7047661670807334e-02	   2.2836752382791570e-01	   3.5379689369917304e-02	   5.1562266286209815e-02	  -7.0754606958984445e-02	  -1.2426237343852986e-01	   3.6898751097138238e-01	   3.2135656473317858e-01	   7.0025549589045291e-02	  -2.4491003438668180e-01	   3.6212106093120100e-01	   2.1356029112372521e-01	   2.6070519458411057e-01	   2.2638669517613608e-01	   2.4725331735099104e-01	   1.2812178399888305e-01	   1.8627058345634917e-01	   1.4801754758993466e-01	   2.6359417415384667e-01	   1.7045744286283626e-01	   3.3824826594112078e-01	   4.2615497328825241e-01	   4.9528325271135981e-01	   5.1298754933864976e-01	   3.1241580680111330e-01	   1.7707656697261728e-01	   1.1885568849147535e-01	   4.8172506151582545e-01	   2.3094149889791785e-01	   6.4955617971386259e-01	   1.0545250510571684e-01	   4.0035662897841839e-01	   1.7898624583808063e-02	   3.1921639098718901e-01	   1.1151000355062664e-01	   2.0971730949684755e-01	   2.9056473843963848e-01	   3.6001243197560862e-01	   2.1674581172361901e-01	   3.1159150652613427e-01	   3.8970802578007932e-02	   8.6887651480412262e-02	   2.5061731040485934e-02	  -2.3229979442754341e-02	  -1.4246052554462957e-01	  -1.3010392018603315e-01	   2.9527794038240462e-01	   1.6755134678809000e-01	   2.6337119320656377e-01	   4.4389413397997590e-01	   3.4623161706456407e-02	   2.6386924406273060e-01	   4.4056452478010932e-01	   6.2963964215153401e-01	  -2.2563989021607211e-01	   4.8284379587025195e-02	   7.8830248241891798e-01	   7.5192173469204526e-01	   8.1819605396954442e-01	   6.8811042993525129e-01	   6.0290645696155165e-01	   6.1346558304444143e-01	   3.1496738557049553e-01	   1.7699445030069499e-01	   4.6134940014262010e-01	   4.5261886772379589e-01	   6.3174590588364499e-01	   5.4444866075749843e-01	   5.2806158391709324e-01	   4.6215152143987698e-01	   5.5766723145894104e-01	   4.5393715536297130e-01	   7.2746189533925432e-01	   4.9746207649971874e-01	   2.3846680146524513e-01	   1.0555170398326441e-01	   3.6073590017240429e-03	  -4.2916573234012517e-02	   2.5791409555151612e-01	   4.5601149959006160e-01	   6.5998913096768441e-01	   6.8888853640143655e-01	   4.3332665005607218e-01	   4.4098447624474402e-01	
   6.4228125341433340e-01	   5.5839858957583988e-01	   1.0724407669512461e+00	   7.3971555192201277e-01	   7.6217220971824651e-01	   5.4000962884581050e-01	   0.0000000000000000e+00	   8.9230807897789943e-01	   9.2575748092743648e-01	   4.5329431384301294e-01	   8.3737178794955613e-01	   5.7002364131729433e-01	   7.9922866048991426e-01	   5.6351475881639601e-01	   6.8673490968877648e-01	   3.4469519450721647e-01	   4.6511879284840285e-01	   3.9129482019655759e-01	   6.7908672987475727e-01	   3.9101739350746906e-01	  -1.7604400351062671e-01	  -2.0396796664313271e-01	   6.1055546574869668e-01	   4.6512881511296178e-01	   6.9092418003297115e-02	   1.9884638409888536e-01	   2.0544099575631119e-02	   2.8506878654225293e-01	   4.2390235452440489e-01	   2.9305532654304117e-01	   7.7607554078188756e-02	   1.6771940290189447e-01	   4.4467642309835542e-01	   5.6112181299968678e-01	   2.7505715463365617e-02	  -7.6525310644361258e-02	  -3.1001263787960885e-02	  -2.1378823279881695e-01	   2.9263189525563493e-01	   1.1877281596878933e-01	   2.5540380723370548e-01	  -2.0961499787838081e-01	   5.1759944836448690e-01	   4.6157638362526410e-01	   3.0808908395976214e-01	   3.4201046046288491e-01	   4.3671539458788056e-01	   3.7066393495234701e-01	   3.4633738847345280e-01	   2.3266904845799294e-01	   5.4322894271975830e-01	   4.3635846153868407e-01	   8.2198711955834891e-01	   6.0922079175968258e-01	   7.7306247856538590e-01	   7.4089646710987933e-01	   4.9297705135641612e-01	   6.4723229400139792e-01	   6.4268508684413761e-01	   6.0124182419625560e-01	   9.8899654662895387e-01	   5.1213551954955960e-01	   7.4249430164128905e-01	   6.4442411759371832e-01	   2.8472103080666017e-01	   1.9654833552024656e-01	   5.6176045466506530e-01	   3.4425122071106612e-01	   3.2718520930408934e-01	   3.7520719172694589e-01	   4.3298724777551972e-01	   1.7232353717293350e-01	   5.2832108572247038e-01	   3.3673212456823293e-01	   4.6701581211836873e-01	   3.1366010384567056e-01	   4.0324136455031190e-01	   3.2928695851963907e-01	   3.6067848900253308e-01	   3.9579649918320553e-01	   4.9870619020582818e-01	   4.7786301026068290e-01	   2.9046870232698957e-01	   3.2917334779149937e-01	   5.5466282166939673e-01	   4.1829620412406843e-01	  -1.4546439798595918e-02	  -5.0011288220462899e-02	   6.2249369899441531e-01	   6.1310604286148440e-01	   4.1866639985032617e-01	   6.5286462051628358e-01	   2.1771446939639308e-01	   5.8729328553976878e-01	   2.0459620592722119e-01	   1.8890049308207566e-02	   5.8447917383390458e-01	   5.4217988632966418e-01	   8.2361222469634732e-01	   8.5460533188886689e-01	   3.6694388876194262e-01	   4.5493888850982378e-01	   6.0699787187318410e-01	   4.3966191879128308e-01	   5.1151410625664551e-01	   3.2012701653396497e-01	   2.7562620281537598e-01	   1.0937287058974605e-01	  -1.4790624878170014e-01	  -5.4339681542866204e-02	   3.7793102464389450e-01	   5.7375863799338034e-01	   4.4381010144315058e-01	   5.0138146502200054e-01	   7.7880982998302414e-02	   3.1957059130448978e-01	
   3.7275115502365264e-01	   5.9588965431579699e-01	   4.4566368108278320e-01	   1.1687974844900144e+00	   8.1808335000581156e-01	   8.0403110941634759e-01	   8.9230807897789943e-01	   0.0000000000000000e+00	   8.0223058171912665e-01	   9.3062988544471981e-01	   5.8899558561218057e-01	   9.6681862441498556e-01	   7.6561788049750668e-01	   8.4164314326464362e-01	   6.8327729646476432e-01	   7.3466935690185220e-01	   4.1325563169388319e-01	   2.5193978820958290e-01	   3.7519641353412680e-01	   2.7690458938512624e-01	  -2.6092629314081728e-01	  -1.9458376020869286e-01	   6.1130016679474752e-01	   8.7934683038874928e-01	   8.3745154399100408e-02	   3.2266048328046593e-01	  -8.4087361001788288e-03	   4.3525040508684038e-01	   2.2361066560756052e-01	   1.7722717483085851e-01	   2.5957834997929353e-02	   2.2837128082466215e-01	   2.6990751452610673e-01	   5.0693331266294117e-01	   5.2355312795246828e-02	   2.8516245607522646e-02	  -1.4752932469940777e-01	  -1.7522677902386841e-01	   2.6179133994676518e-01	   6.6923654507963337e-02	   8.8369658511663340e-02	  -1.8227817525378401e-01	   4.1461648599583267e-01	   3.2057812994896945e-01	   2.5545409527912361e-01	   2.9723225939951864e-01	   3.1608754839656900e-01	   3.0720681874252265e-01	   2.6523052228937927e-01	   2.0759132565501887e-01	   4.3552169657104800e-01	   2.7899391829903530e-01	   6.5950254277978848e-01	   4.9918301809328403e-01	   6.0357550626570511e-01	   5.0958538244345264e-01	   3.2627013300751118e-01	   4.6612727037188695e-01	   2.8200115815137383e-01	   7.5941516473567772e-01	   6.1990920268813787e-01	   1.0755730196433788e+00	   4.8118659984478518e-01	   8.0114507979694005e-01	   1.6046537061842692e-01	   4.2849513289791402e-01	   2.5434120117787729e-01	   3.7659609969502639e-01	   2.3410778162405813e-01	   4.0134586587360765e-01	   2.5994798502300476e-01	   2.9986509650713505e-01	   3.3154325994249856e-01	   3.5553693963110083e-01	   3.5296880565866218e-01	   4.3765517153366185e-01	   2.1985034099521780e-01	   2.5094845116554187e-01	   3.9441048903929837e-01	   2.9382059046926412e-01	   4.0273373060390472e-01	   5.4764277506276748e-01	   3.0548138431018712e-01	   3.3870632836523584e-01	   6.2863325647310786e-01	   7.2701448631484877e-01	  -3.5985543966534347e-02	  -2.8005540854536794e-02	   5.7320730786155205e-01	   5.8169255732976688e-01	   6.2156071535313417e-01	   5.2310597645578616e-01	   4.4479230520611218e-01	   4.9882912282445213e-01	   2.4057856432027330e-01	   3.4004514564422435e-03	   4.7242363441970303e-01	   3.2264224390496998e-01	   8.4821994170713821e-01	   6.3841572838074512e-01	   5.7064152410463931e-01	   5.6626019676157213e-01	   6.6358645424031382e-01	   4.5447716524727860e-01	   5.1023323299769729e-01	   3.0011087341508164e-01	   2.4285225033003877e-01	   7.8690904712410525e-02	  -2.4546786919113280e-02	   8.3359314291885422e-02	   1.9523415674710320e-01	   4.4794326033686238e-01	   4.9502304861683888e-01	   5.8348998480630465e-01	   1.4564647707105413e-01	   3.8408464701318201e-01	
   3.6677258191567436e-01	   2.7414511371590666e-01	   6.3137580275057115e-01	   6.4256961622371356e-01	   1.6303744543084118e+00	   1.0746251169438048e+00	   9.2575748092743648e-01	   8.0223058171912665e-01	   0.0000000000000000e+00	   1.0097115902893485e+00	   3.6055663884506617e-01	   4.9481225599304102e-01	   5.5786386827569401e-01	   4.8271216748067919e-01	   8.5640348554857426e-01	   5.3774768999553613e-01	   2.6498895817306872e-01	   2.0898916556065755e-01	   2.6233370097630376e-01	   6.2257410750417783e-02	   4.2582948872123376e-02	  -2.0286338901989193e-02	   4.4426086218387917e-01	   4.6000302700562856e-01	   2.3791694100726540e-01	   6.5437104785536959e-01	   1.4734003277741803e-01	   6.3243986326375046e-01	   8.4786281783937836e-02	   5.9540049087338925e-02	  -3.7879143693188809e-02	   1.2880003934548040e-01	   5.6108659409985398e-02	   2.5021203763561151e-01	   2.0395960094331832e-02	   4.2457885797968879e-02	  -7.5967764031583312e-02	  -1.2706379191995598e-01	   3.6217761445729496e-01	   2.0252269149807917e-01	   3.1450777877349609e-02	  -2.2229899526730151e-01	   4.9100968775290021e-01	   3.7289268790651792e-01	   3.6918505740994695e-01	   3.7282101183526051e-01	   4.2399650529639860e-01	   3.1490948205770775e-01	   3.9680544063358125e-01	   3.0949022510272772e-01	   4.3782040303825676e-01	   3.6308724887686633e-01	   5.4678971883174554e-01	   5.2117693142051702e-01	   5.5857509970605235e-01	   5.7645644079697111e-01	   3.8658714621262186e-01	   3.0486989978026791e-01	   4.5254911044522611e-01	   5.6037114014837930e-01	   5.5798877814361836e-01	   6.4553309251495516e-01	   3.0196440284646592e-01	   3.9097798676498163e-01	   1.1195101348392440e-01	   3.0335566413147486e-01	   2.9641137680785773e-01	   2.3988909791735075e-01	   2.0310419748446473e-01	   3.6886792920281947e-01	   4.1057609913365256e-01	   3.0730243085129999e-01	   1.6129398655581445e-01	   6.3603527123464842e-02	   1.4351132417334847e-01	   1.7903279913135974e-02	   6.1141379529284785e-02	   3.3641831202825934e-02	   4.0645656625091781e-01	   3.3513587825087288e-01	   3.2609220218980933e-01	   4.6704410668262308e-01	   1.8972663053128933e-01	   3.2127399891679959e-01	   4.4427140369394524e-01	   5.2477763772868902e-01	  -1.3345366544873524e-01	  -2.4417363222941271e-03	   7.6042725353965490e-01	   7.6303330703544670e-01	   6.9695397687250382e-01	   7.8288318329148776e-01	   5.5115441848664348e-01	   6.7628247929713725e-01	   2.9595181850892538e-01	   1.1767093211853527e-01	   5.6385204892277785e-01	   4.7080791641823971e-01	   7.8132451943417636e-01	   7.3261728185761832e-01	   5.2750451524371589e-01	   3.6453696487439791e-01	   5.8428091301126006e-01	   3.5893835597362772e-01	   4.5993206049432389e-01	   3.3303165538355572e-01	   2.6290981757391368e-01	   2.4025479581822592e-01	  -5.3790495352261429e-02	   8.0861244325261733e-02	   3.7082161195487895e-01	   6.0915385014255918e-01	   6.6802799057621076e-01	   5.1959451500510778e-01	   1.4014380732789375e-01	   3.0043321574463283e-01	
   2.3220724763790979e-01	   2.6586739363756312e-01	   1.5759593195065918e-01	   6.2210446154541921e-01	   1.0965285040144952e+00	   1.1308445280629680e+00	   4.5329431384301294e-01	   9.3062988544471981e-01	   1.0097115902893485e+00	   0.0000000000000000e+00	   1.9602109283220295e-01	   5.7023392045651855e-01	   4.7978654033753554e-01	   4.3348219575770097e-01	   5.6216917096891439e-01	   7.7625940139157945e-01	   2.1484721126005951e-01	   4.8613759653938708e-02	   1.1165345983446218e-01	   3.1201078796670060e-02	   1.3344578886895209e-02	  -2.0134929332297770e-04	   2.7519380025662010e-01	   4.7796433217049827e-01	   1.8687710432468305e-01	   6.1839189252958038e-01	   1.9285076135175139e-01	   7.1285733030309528e-01	  -9.5903244800710594e-02	  -1.0911092268909858e-01	  -1.5689561502563498e-01	   5.9785276529264707e-02	  -1.5096224846205719e-01	   1.0159709384842092e-01	  -1.3656587509306855e-02	   7.3191073628338155e-02	  -1.5678834108363393e-01	  -1.4285027231041819e-01	   2.5871923953388209e-01	   1.4452884279612221e-01	  -4.9476490328864767e-02	  -3.0696386949965471e-01	   4.5257735298520058e-01	   3.4108579526305732e-01	   3.5176478536787031e-01	   3.8055131924485280e-01	   3.9324492183198145e-01	   2.7862426520275774e-01	   3.0352249572571754e-01	   3.1445500001293070e-01	   3.7164138174233341e-01	   1.9879113768802439e-01	   4.7871044543570074e-01	   4.2897622024291832e-01	   5.0463532984048343e-01	   4.4505568156670461e-01	   2.5897866139566977e-01	   1.1283777937558774e-01	   1.0108938842986810e-01	   5.2547443070588418e-01	   2.4932093664154967e-01	   8.8226710031698863e-01	   3.3426429027565631e-02	   2.5449057072758929e-01	  -1.5692589583847297e-02	   4.2638245715895406e-01	  -7.9509089746353498e-02	   8.5312414617694357e-02	   1.4948853312217636e-01	   3.0615130217065462e-01	   3.3668943441537874e-01	   4.8739324030800296e-01	   7.9592078425991378e-02	   6.9739674294061832e-02	   1.0453495072038367e-01	   1.1145293932196872e-01	  -1.7885072502740035e-02	  -6.4657520216614223e-02	   3.8089948886802510e-01	   1.3794086126540397e-01	   1.8124337260561535e-01	   3.0533884728067040e-01	   1.3783505820642084e-01	   2.6546850705409009e-01	   3.6048781337627367e-01	   4.9899105258569032e-01	  -1.0981849674996425e-01	   2.3537854362863972e-02	   5.7923710122187744e-01	   5.6262555778899237e-01	   9.3951367203931413e-01	   6.6236983466264221e-01	   8.1136525298818429e-01	   6.1679046104797275e-01	   2.8154654542436303e-01	   1.3535853787776672e-01	   4.3826010497164225e-01	   4.0827850958735767e-01	   7.6266974437164914e-01	   6.1821721520247630e-01	   6.8526719226304234e-01	   4.3992696483100768e-01	   5.6802347708090317e-01	   4.3782238264451667e-01	   4.8232327611818648e-01	   3.6094490682236546e-01	   1.4458796015093428e-01	   2.0739566859815770e-01	   6.6753029317413462e-02	   1.6940699623195760e-01	   2.5157610430625998e-01	   4.9771922952172915e-01	   8.1815233855372327e-01	   6.6665259582616543e-01	   2.9878520263712927e-01	   3.5241371184352838e-01	
   8.8617271915625073e-01	   6.6453984687002565e-01	   5.6378110276738613e-01	   3.5175721909543600e-01	   3.1438071245334143e-01	   1.7596837454410391e-01	   8.3737178794955613e-01	   5.8899558561218057e-01	   3.6055663884506617e-01	   1.9602109283220295e-01	   0.0000000000000000e+00	   8.4645066635135113e-01	   1.1565265481601628e+00	   7.5296236222002599e-01	   6.8862027568604833e-01	   4.0910994770384734e-01	   7.3374724014143466e-01	   6.3413168912052864e-01	   1.1535493160333856e+00	   5.6821065930372416e-01	  -2.8015103345129277e-01	  -2.0899189826579784e-01	   4.6616342185063475e-01	   2.7647985239368822e-01	  -1.1910819052288453e-01	  -1.3877535866332572e-01	   9.3630967674305180e-03	   6.0779226697607817e-02	   9.2425732859974929e-01	   6.4706210124737829e-01	   1.9097720211302593e-01	   1.8652264540854457e-01	   5.5009314775264107e-01	   5.3121810665645475e-01	  -1.0046747261521573e-01	  -1.9978713762127936e-01	   5.6089596094215308e-02	  -1.2467464850295343e-01	   2.5576686949318983e-01	   1.1157281252728565e-01	   4.8680056221186369e-01	   2.1047424437080013e-02	   4.3700728187535021e-01	   4.1448679390380361e-01	   2.8346099235345340e-01	   2.5599874806584821e-01	   4.6969047806920405e-01	   3.6349307802608699e-01	   3.0735779740158292e-01	   1.8751797853104726e-01	   5.2270937141112783e-01	   3.2543430657679101e-01	   7.1798000198578815e-01	   5.2927419842234480e-01	   7.1890620751243428e-01	   5.8685288148884551e-01	   4.5457989658915332e-01	   6.1008825402928446e-01	   4.6863195241815969e-01	   3.0874100359661016e-01	   8.8040277159063041e-01	   2.8291491394192625e-01	   9.2578670561411081e-01	   5.7256253215523989e-01	   2.1788303189620511e-01	   9.1633815447586288e-03	   2.9810292064529487e-01	   6.3029717667355531e-02	   3.5964423674077822e-01	   2.6388739556669016e-01	   5.4244936515570075e-01	   3.5924903731938734e-01	   8.7001179903243164e-01	   6.1981226546657531e-01	   8.5391764257391545e-01	   5.1724182115577511e-01	   7.1639222468867514e-01	   4.9311352277950082e-01	   4.5260889564355478e-01	   5.6372097091397710e-01	   6.4240337871277486e-01	   6.4863506462168607e-01	   5.5577711291982179e-01	   5.3580344650333922e-01	   7.1362404458881845e-01	   4.0695714966990382e-01	  -1.1635378079049596e-01	  -1.0228423980516423e-01	   3.4400904731310661e-01	   5.0810357605383027e-01	   2.0368013446724220e-01	   4.3245237761000299e-01	   1.0076382884628242e-01	   3.6495477999212883e-01	   1.8766188653152494e-01	   5.3603119581076913e-02	   3.9309874123627897e-01	   3.6963859499208218e-01	   6.1158241911352518e-01	   6.1014983001891465e-01	   3.0374002806068356e-01	   4.0228117890525827e-01	   4.7694717311358670e-01	   3.7552410768343991e-01	   3.5917436514112594e-01	   2.8902379860433575e-01	   1.6199161442330090e-01	   1.1500254421249870e-02	   4.8571546859988449e-02	   1.0419863291647526e-01	   2.3603271568685885e-01	   4.5799144702403560e-01	   2.2647336815497976e-01	   4.1143304026293054e-01	   6.4940952060514590e-02	   3.4400263577911105e-01	
   6.3808941475328673e-01	   6.6566709613359187e-01	   2.0222614758000412e-01	   5.3247082352428665e-01	   5.5358074061838414e-01	   4.8029199242727960e-01	   5.7002364131729433e-01	   9.6681862441498556e-01	   4.9481225599304102e-01	   5.7023392045651855e-01	   8.4645066635135113e-01	   0.0000000000000000e+00	   9.8154652234650741e-01	   1.3455386101205271e+00	   5.9573139183655333e-01	   7.0843000590035776e-01	   6.6568236969513228e-01	   4.5866545917941887e-01	   5.7582804270228194e-01	   4.6304976415598337e-01	  -3.6720406804746575e-01	  -1.8923752772640443e-01	   3.5466959192989422e-01	   4.5784127900788979e-01	  -4.9878718087724309e-02	   8.4434586011425838e-02	  -6.9024547288122184e-02	   1.4204268059187419e-01	   6.8724552083988644e-01	   5.4000119021836790e-01	   3.8131339171184629e-02	   1.4806083815169946e-01	   3.1815829539627904e-01	   4.2036241616491066e-01	  -1.7080134499978467e-01	  -1.0297214260529836e-01	  -7.6715943027606495e-02	  -1.0241544871003937e-01	   2.1999758569150926e-01	   1.1296081642535477e-01	   2.1988012954324979e-01	   6.5260159440770404e-02	   4.1679170465391657e-01	   3.4287678004253852e-01	   2.9367059067864304e-01	   3.2822003544926731e-01	   4.4325819090206331e-01	   2.9237418092995560e-01	   3.9761152169699543e-01	   3.2531993810244081e-01	   5.6605563965079497e-01	   3.4661019916201768e-01	   6.7342197083868294e-01	   4.2589418647360722e-01	   6.2168709278977363e-01	   4.9523055256890092e-01	   3.8061214726091752e-01	   5.0069940736336083e-01	   2.0537829574526753e-01	   5.6714214686715658e-01	   4.4939855462938427e-01	   6.8277330434244110e-01	   4.8865161289724601e-01	   6.4792318366754886e-01	   2.7930836887906554e-02	   3.0351771947736988e-01	  -5.2939200797311556e-02	   3.3899584233746449e-02	   2.1191377536380601e-01	   3.4294888157833214e-01	   3.1848226238545790e-01	   4.9895118127016436e-01	   5.8902032737464161e-01	   7.0618477506226096e-01	   6.4370458453527624e-01	   7.0239654842111676e-01	   4.7021607189839826e-01	   4.9355434600472092e-01	   4.6838571427234688e-01	   4.4291936218514272e-01	   5.4974241860120565e-01	   7.4554689926427609e-01	   5.1441458897622128e-01	   6.0632988899354001e-01	   5.5245719258654580e-01	   6.5860353332573118e-01	  -4.0607518989043967e-02	  -2.5985690502939057e-02	   3.3015500480402421e-01	   5.3215688795674732e-01	   3.2615263243342607e-01	   2.9706007791031303e-01	   1.7129315373908588e-01	   3.0205080423054781e-01	   1.8009476229066057e-01	   1.6385702368173025e-02	   3.3351600082475286e-01	   2.8265578384193324e-01	   6.7128512082689451e-01	   4.7501259004535190e-01	   2.8884270596958478e-01	   3.2467434441847459e-01	   3.3235711389580913e-01	   2.4768274366725918e-01	   2.5124505202087882e-01	   9.0219230134602257e-02	   1.4694668716941142e-01	  -4.0541865271537254e-02	   7.7760924750981911e-02	   1.4123044716633740e-01	   6.2470387651654476e-02	   3.6537745309008535e-01	   3.1898938116106762e-01	   3.9220539928966991e-01	   1.1675238107785456e-01	   3.8282882501105586e-01	
   6.5861605558890401e-01	   6.5310945324278147e-01	   4.2063399128531792e-01	   3.5027488897577408e-01	   5.5894528284636769e-01	   3.4399450869143594e-01	   7.9922866048991426e-01	   7.6561788049750668e-01	   5.5786386827569401e-01	   4.7978654033753554e-01	   1.1565265481601628e+00	   9.8154652234650741e-01	   0.0000000000000000e+00	   8.9619994209557996e-01	   8.8853799292633684e-01	   5.8464068805570468e-01	   5.0052149523866851e-01	   3.7063708614619556e-01	   6.0227731559900666e-01	   2.0040471730484902e-01	  -2.6558087047493550e-01	  -1.7070078733676350e-01	   4.6775930285368467e-01	   3.3379726287725381e-01	   1.1589823642366458e-01	   1.5606754153635505e-01	   1.8062132508367507e-01	   2.1049993275085671e-01	   5.5227051670858462e-01	   3.4555458409542944e-01	   5.7777758566057276e-02	   7.0884920860857722e-02	   3.0083580573291147e-01	   3.6281319491755909e-01	   6.1720817216032460e-02	   6.1439180972258395e-02	   1.7588973076242556e-01	   8.4557214724241117e-02	   3.7020874144468779e-01	   2.4216780381344571e-01	   2.4321290314592101e-01	  -2.9492553779468041e-03	   6.0171498417040492e-01	   5.4275473787638107e-01	   4.6385454532105574e-01	   4.3830882641741908e-01	   5.9358340315389391e-01	   4.5965467956656741e-01	   4.0490518796263431e-01	   3.1156711867518355e-01	   6.0268313945534668e-01	   3.4776253537275192e-01	   7.6824941682710801e-01	   5.3754806443921344e-01	   8.1629644572239646e-01	   5.5464198363332273e-01	   3.1545886106141124e-01	   4.2399418057464039e-01	   3.9984712355524327e-01	   4.3704243925467917e-01	   6.4678567577341262e-01	   4.9118796818784827e-01	   4.6120963709137913e-01	   3.0612207050785445e-01	   3.4486454274784228e-01	   3.3849258325398002e-01	   3.0947661793296682e-01	   2.3719775335408069e-01	   2.4817299212217936e-01	   3.7807519833129655e-01	   4.0162288305637739e-01	   3.1963090652874987e-01	   5.3134954258137457e-01	   4.4533164139705905e-01	   5.7923457737592210e-01	   4.7058154706651578e-01	   7.1268593293124716e-01	   5.3384491430950987e-01	   4.2909331617177571e-01	   4.8313666261449112e-01	   6.0483601900638051e-01	   6.1094713747724816e-01	   6.5432481776363405e-01	   4.9800035369673706e-01	   7.6704010909519593e-01	   5.1714870828360404e-01	  -5.3739891848720273e-02	  -8.7960666815449978e-02	   3.1689884465532658e-01	   4.1776414963326802e-01	   3.5731713926160413e-01	   4.6219593665221514e-01	   2.0785164050869770e-01	   4.0593116667744417e-01	   2.9231356296430233e-01	   1.4996298114385501e-01	   5.7370069787505362e-01	   4.7425695411631791e-01	   6.7108160448971010e-01	   5.7529120699097347e-01	   3.4886339450270309e-01	   3.6507628966952071e-01	   3.2827176923765228e-01	   2.4195410098196463e-01	   2.0913039899641797e-01	   1.1027266880783249e-01	   2.2423532764331428e-01	   1.4761145878590889e-02	  -9.6209722803025755e-02	   2.0168009183824032e-01	   3.4835848336984465e-01	   4.9380675855242318e-01	   3.8354375109036365e-01	   3.2186826657160034e-01	   7.1900018399154095e-02	   3.2208936799791704e-01	
