   0.0000000000000000e+00	   1.7741736704464841e+00	   8.2496594554540337e-01	   8.3683137542557973e-01	   8.6279364547965676e-01	   6.0505580441603457e-01	   1.0277872601892799e+00	   9.6799832115830275e-01	   5.0577680667427138e-01	   4.0236545662827300e-01	   1.5338842930480865e+00	   1.1286796582880283e+00	   1.3049885136927379e+00	   1.2277414293101261e+00	   9.6223237204498302e-01	   8.6850041174767556e-01	   1.0185464675491811e+00	   9.9368782130674349e-01	   1.6096866977114062e+00	   1.6594406422844281e+00	   6.2066715922116267e-01	   2.7886234824774631e-01	   5.5396439969084621e-01	   7.1795040510129937e-01	   7.1835863086358553e-01	   7.0338175175891815e-01	   6.9152278238920928e-01	   5.3248135164539778e-01	   1.0906074411616014e+00	   9.5057746960210698e-01	   4.2472373277629949e-01	   3.9955715128039820e-01	   6.6578823991301994e-01	   5.8874396854765787e-01	   3.0185552283621819e-01	   3.7459760581959922e-01	   5.1163372670411933e-01	   3.6936705412025267e-01	   4.8407331095747119e-01	   3.9996566631937652e-01	   6.1816464557104256e-01	   4.1243734735376536e-01	   7.1118230755891776e-01	   5.8330819769073117e-01	   4.0249625463990235e-01	   5.3830580116909299e-01	   9.2702385437439738e-01	   8.8725732959415382e-01	   5.5530958626085003e-01	   6.5483731331961881e-01	   9.6755014559539543e-01	   9.4152392804073293e-01	   1.1543812501550250e+00	   1.2166527822592152e+00	   8.7794257974552237e-01	   9.5727808588434127e-01	   1.6546704654621029e+00	   1.2945727595805090e+00	   8.9179726869049780e-01	   7.9372341946683889e-01	   1.2296117581182939e+00	   9.0014560537257049e-01	   1.3552055275597417e+00	   1.3849560075799978e+00	   2.8566625679153851e-01	   5.0889887288149449e-01	   4.2877002629247873e-01	   3.7685864553626269e-01	   1.2060544074434332e+00	   1.1034185442397879e+00	   7.3788600835142149e-01	   7.4967005606031367e-01	   1.1409178393187247e+00	   1.0315222793323819e+00	   8.0210547212981864e-01	   7.4813443251614886e-01	   8.5340496672334465e-01	   7.5530137275400677e-01	   8.0358282262500658e-01	   8.2923175547084715e-01	   1.1808611955456245e+00	   1.1532008205194426e+00	   6.4929201487483212e-01	   7.6146549416534459e-01	   9.3115790858731540e-01	   9.9940149337656348e-01	   6.7821100777778021e-01	   7.1369237532919505e-01	   7.4585088918704301e-01	   8.2719797639419412e-01	   8.4403738919072835e-01	   4.0308540760085304e-01	   5.3350503966424379e-01	   6.4471928982693782e-01	   3.1516991766179647e-01	   6.8204518823374749e-02	   8.4629424417672405e-01	   6.3764696775169283e-01	   1.1114060806397192e+00	   1.2212757852529155e+00	   9.3069691321013293e-01	   7.6657035519121053e-01	   8.8496197548569389e-01	   6.8358102054010794e-01	   3.9446618633078867e-01	   3.9265044336946936e-01	   1.9815880998385313e-01	   2.5349436170320250e-01	   9.0284847051777167e-02	   2.6338107869539618e-01	   8.2465034285561545e-01	   9.5136832703968510e-01	   8.3141382796433061e-01	   4.5770315959972946e-01	   3.1344169803804817e-01	  -2.0983992904655049e-01	
   1.7741736704464841e+00	   0.0000000000000000e+00	   7.6218244931184542e-01	   8.1852507676092634e-01	   7.8808883190770762e-01	   5.9747500814051624e-01	   8.3778812540574576e-01	   8.9433652539538899e-01	   5.5176608243382452e-01	   3.9433290467888071e-01	   1.2611260091183873e+00	   9.8697006443634305e-01	   1.2237019067739074e+00	   1.1916647077732376e+00	   9.7838683388767933e-01	   8.6006085680853928e-01	   9.5201748842081868e-01	   1.0230314523829418e+00	   1.4809586292027930e+00	   1.6576015226392200e+00	   6.3214924340047296e-01	   3.2564333921541389e-01	   5.9704238723339320e-01	   7.7823341257146850e-01	   7.0863935913783593e-01	   6.9054880168062982e-01	   6.9639106103049209e-01	   5.1516556892567200e-01	   1.0627076835323273e+00	   8.4862043422323830e-01	   4.2276850335317090e-01	   4.3104181795673502e-01	   6.8033135983667681e-01	   6.1937060416932799e-01	   3.1361060401464619e-01	   3.4589070269589839e-01	   4.6596301326415601e-01	   3.2368773770906256e-01	   4.2727840440816095e-01	   3.1123823856367766e-01	   5.5142787938817761e-01	   3.5702753451309072e-01	   7.9257879034939982e-01	   7.1048630134864821e-01	   5.0651473735714425e-01	   6.8161891618723214e-01	   9.7114774905569812e-01	   9.6017573436917980e-01	   6.8493835710524742e-01	   7.8028895855436187e-01	   9.4991884642884572e-01	   1.0132430813403368e+00	   9.6919101113791317e-01	   1.1931013760331053e+00	   8.4817017426434616e-01	   8.7406564103383710e-01	   1.6176752441267945e+00	   1.4554411199240296e+00	   8.4649212364904747e-01	   7.7113675389866898e-01	   1.1021949691582178e+00	   9.6006652934633552e-01	   1.1673415586148419e+00	   1.5299398980281422e+00	   3.9316856656579496e-01	   6.0879496743895123e-01	   4.6124390754331557e-01	   4.2899841072238465e-01	   1.1308550151955554e+00	   1.1260140715343969e+00	   8.2345855789992362e-01	   7.8141452568863601e-01	   1.1430039769471292e+00	   1.1408936063707200e+00	   7.4542766660901183e-01	   8.0987018291146673e-01	   8.7782774500031735e-01	   7.6353770111678942e-01	   6.9866600226645326e-01	   7.6034782732846862e-01	   1.2002951932334274e+00	   1.2737157859884829e+00	   7.0477924545483406e-01	   8.7003426896709168e-01	   9.5887829746066111e-01	   9.9768960374588556e-01	   6.6993503172450153e-01	   7.3267945577729332e-01	   7.2786122192366343e-01	   7.9525134242715212e-01	   7.6720853283477253e-01	   3.1305118675812627e-01	   4.5691321890144160e-01	   5.2765389495384252e-01	   2.7862487726883933e-01	  -8.9863523525965314e-03	   7.6373761007750374e-01	   6.5034948710637441e-01	   1.0461767280184446e+00	   1.0006423561449780e+00	   8.4031476108039527e-01	   6.3694351155552997e-01	   8.8521379874011519e-01	   5.8946334172844272e-01	   3.8498474728017157e-01	   3.5858561865354388e-01	   2.1443436775568681e-01	   1.1520982174297710e-01	  -3.3261994560958394e-02	   3.1820128139195886e-01	   7.8552544769178045e-01	   8.5062992000159132e-01	   7.1193833056149902e-01	   4.5982569588914401e-01	   3.2154164996401713e-01	  -2.9484988065896833e-01	
   8.2496594554540337e-01	   7.6218244931184542e-01	   0.0000000000000000e+00	   1.1597403765743859e+00	   7.9170548865741774e-01	   5.1350081290292238e-01	   1.3152747419502653e+00	   8.2510509519657793e-01	   6.6204416365916263e-01	   5.3062270579135495e-01	   7.1167297762091442e-01	   5.1280097624834364e-01	   9.4640249134759080e-01	   7.1373285657987129e-01	   1.1700259125050623e+00	   8.6536858159780206e-01	   7.2237694950473041e-01	   6.8835302466222081e-01	   1.1235090926758025e+00	   8.5537391824828823e-01	   7.7196305025512224e-01	   4.2126336364704076e-01	   1.1259629127121449e+00	   1.0887878177871126e+00	   9.0363834382878627e-01	   1.1154627310939298e+00	   9.0710194314277148e-01	   7.2057594387145740e-01	   6.3990169904784300e-01	   6.2326594811313241e-01	   8.5395482951675183e-01	   7.7357831352678030e-01	   1.1210415228422279e+00	   9.9149513986732085e-01	   8.6354533149696189e-01	   8.6632060765913588e-01	   6.3361862563328952e-01	   5.0603078723988060e-01	   5.7897406440222754e-01	   5.1744071364588196e-01	   6.2017107476910871e-01	   5.8616528179303096e-01	   6.0638062085786626e-01	   4.3034687760097012e-01	   4.7529838947979780e-01	   5.1105995361010781e-01	   7.2765271487704763e-01	   6.8297355763466283e-01	   4.7602430943391755e-01	   5.2600282118725783e-01	   8.9988615485334134e-01	   7.0437980683877499e-01	   9.8667990168028397e-01	   6.8175087525357547e-01	   9.4670222391646841e-01	   9.5323970715366702e-01	   8.8501555861664782e-01	   8.0184870853985957e-01	   9.7130988984199362e-01	   5.2780962492207739e-01	   1.0359330967257705e+00	   6.2422431971343195e-01	   6.8720008995225079e-01	   6.5588222423190223e-01	   7.5917594850468773e-01	   7.6348264977159930e-01	   9.8130929466094152e-01	   7.4351271604756164e-01	   9.9601770416369473e-01	   8.5874148841327846e-01	   8.4239950106698402e-01	   9.3349176585824922e-01	   7.5689412397166156e-01	   8.2458430413452755e-01	   7.0515164070427205e-01	   7.5791817994595134e-01	   6.9146184867431637e-01	   6.9779469378993852e-01	   4.8794052072669897e-01	   6.6142161590353477e-01	   7.2649446366924142e-01	   6.7340187729639089e-01	   7.2529631802851835e-01	   7.7382533961897948e-01	   9.7184611723118342e-01	   1.0959995355151153e+00	   8.3531068709924905e-01	   8.0648647490030023e-01	   9.0087960758437324e-01	   8.5218254236623192e-01	   9.9318480961516820e-01	   8.5899469495629865e-01	   6.5200356034223750e-01	   9.7324231422117990e-01	   2.1595427363388628e-01	   1.7549083157159484e-01	   6.9285220124977898e-01	   6.2742180354682575e-01	   9.0304375591355024e-01	   1.1359479088722695e+00	   7.7414739264688648e-01	   8.3372241715866890e-01	   7.1831931454766873e-01	   6.8995511371014973e-01	   5.2661972693317449e-01	   4.3947442507085138e-01	   3.2765724301578797e-01	   4.8116210485508282e-01	   6.3481589509370440e-02	   2.9819747432344289e-02	   6.5413346790728721e-01	   6.8533302833019150e-01	   4.8053694506524502e-01	   5.7846900167717386e-01	   5.4261674841884155e-01	  -6.1036960292410021e-02	
   8.3683137542557973e-01	   8.1852507676092634e-01	   1.1597403765743859e+00	   0.0000000000000000e+00	   7.2381254665626504e-01	   6.6682210963578614e-01	   1.2887146686223088e+00	   1.3599431731212959e+00	   6.4945807552122803e-01	   6.9956035231238034e-01	   8.2479983127219469e-01	   7.7278851387739422e-01	   9.0192430952619418e-01	   9.2490876921960841e-01	   9.5909433783533560e-01	   1.0119824040334255e+00	   5.4680499364398949e-01	   4.5313575916937310e-01	   1.0029649335884978e+00	   1.0080640474237994e+00	   6.4556862348682631e-01	   3.6209206213159301e-01	   7.4285130974991997e-01	   1.0480722864918219e+00	   5.8631018104885202e-01	   8.7336569894466298e-01	   8.0274617874396115e-01	   6.3970078260689478e-01	   7.4375259301431651e-01	   8.0863575635922325e-01	   6.8656111852511270e-01	   6.9684758773506827e-01	   8.6996246790766540e-01	   8.8922832273418917e-01	   5.3442981763840924e-01	   6.4076149332453269e-01	   4.8753884386743312e-01	   3.3416139930197808e-01	   4.6377737763543520e-01	   3.5483197011211570e-01	   5.8245811036163320e-01	   4.3931051416799544e-01	   6.4723794693536307e-01	   4.8653765504034890e-01	   4.4178083033577931e-01	   5.3648613709252946e-01	   7.9388401415747323e-01	   7.1288654428391773e-01	   5.3434414048039558e-01	   6.0924215653859659e-01	   8.0947131763448232e-01	   7.4609861598554028e-01	   8.2571158470218875e-01	   6.3304545791169109e-01	   7.9197262415568070e-01	   7.8337266721333199e-01	   7.1639758238216500e-01	   6.3660990995349487e-01	   1.0110444675714700e+00	   8.0660359200635900e-01	   1.1578213468553009e+00	   1.1054976468656874e+00	   6.2962582433677228e-01	   6.4279237566824121e-01	   4.9609276821120574e-01	   1.0552207535155518e+00	   6.9798036341936898e-01	   7.1907114110745463e-01	   8.1577440782568900e-01	   8.1872769528340883e-01	   8.1772196458543589e-01	   9.9417537733203221e-01	   7.6656151619240820e-01	   7.7986112686900488e-01	   6.6840858231852729e-01	   7.0143898661119453e-01	   7.0902902828729097e-01	   6.7642239132792170e-01	   3.8713120766170861e-01	   5.0141384433864022e-01	   5.8955040203517139e-01	   5.8395860054285775e-01	   5.8725452046021565e-01	   7.2884868785904089e-01	   7.7972925248885550e-01	   1.0487261800858825e+00	   7.2548730792111848e-01	   7.0122759044956007e-01	   7.7256381930367091e-01	   7.2163144119121669e-01	   1.1857965400074337e+00	   7.9429311953262938e-01	   7.6175765791324779e-01	   7.1623553799018591e-01	   1.2902960372623315e-01	  -1.9887230585429599e-02	   7.4568946611111164e-01	   5.0452449846307357e-01	   1.0919722928517619e+00	   1.0948605578408173e+00	   7.6195875604381103e-01	   6.4174387947235667e-01	   5.4192141720606724e-01	   4.7839438202495610e-01	   3.7867826831819396e-01	   3.1011712590225604e-01	   2.8900589956342265e-01	   4.3792922410957152e-01	   1.8915758921316184e-02	  -1.1813252534867352e-02	   6.9053813469669922e-01	   7.4121627787816668e-01	   6.3164531382754852e-01	   4.3268932417440753e-01	   4.1530542806017368e-01	  -1.0051249649876073e-02	
   8.6279364547965676e-01	   7.8808883190770762e-01	   7.9170548865741774e-01	   7.2381254665626504e-01	   0.0000000000000000e+00	   7.0033509526209192e-01	   9.7729780929240351e-01	   9.6768326375302249e-01	   1.1485545577380236e+00	   5.9122216353296531e-01	   8.1448831453918380e-01	   7.9718773184173819e-01	   8.4910119747882096e-01	   8.8595304322296053e-01	   9.6581548123002070e-01	   6.8790468040853037e-01	   4.5819241042787495e-01	   5.7516576787393414e-01	   9.0333904058932013e-01	   8.0645078288504735e-01	   5.3340793513371676e-01	   4.5246830827929535e-01	   4.4951696252960038e-01	   4.5324806352115693e-01	   4.8751132421164778e-01	   4.8170927052436968e-01	   6.2841393547180946e-01	   5.7469282438359992e-01	   5.1914721919116624e-01	   5.8610177149865750e-01	   3.8090986744431610e-01	   3.5755565681990803e-01	   6.1847539372599547e-01	   6.2712472894289972e-01	   4.0308622022334190e-01	   5.3614827211331795e-01	   2.7197915409821993e-01	   2.0054643523965845e-01	   3.6523107191515358e-01	   3.2474302799431171e-01	   2.5286360291420973e-01	   2.7649581521495703e-01	   6.6030342948686749e-01	   5.2560025681792077e-01	   5.0964520639243727e-01	   6.1954627230954218e-01	   7.1864126295997610e-01	   6.9401560399906659e-01	   5.9598702199557219e-01	   7.3669050449507545e-01	   6.3804754669865282e-01	   6.6801931413433480e-01	   7.4426348474433779e-01	   7.1856672951391309e-01	   5.7783415968788743e-01	   6.5272822273956577e-01	   7.2664582989773130e-01	   6.0751494294280239e-01	   8.7345641945239105e-01	   6.2011706781178566e-01	   1.0379277602865549e+00	   8.3630287932866798e-01	   6.4358452037882707e-01	   6.8768849465101545e-01	   2.3209515436179701e-01	   5.0510988952025826e-01	   4.5697100617253794e-01	   4.1143086188044520e-01	   7.2059781093169617e-01	   6.1732911601016882e-01	   4.7463970211680251e-01	   5.6927499646796531e-01	   4.5583909749792040e-01	   5.5333356545814261e-01	   3.4979319650712776e-01	   4.0444207194264087e-01	   4.9047522564331253e-01	   5.0871038166008775e-01	   2.9778322269519014e-01	   5.3507069816431063e-01	   5.9483575348846618e-01	   5.6272687530618692e-01	   4.5681276380631497e-01	   4.6653244970103697e-01	   5.7061393488785295e-01	   6.6663520466653470e-01	   3.7708831093161821e-01	   4.6732815700661667e-01	   6.7108261748165543e-01	   6.8303162275508311e-01	   6.3571027841358263e-01	   4.0046526831616874e-01	   5.0377103191364903e-01	   7.4393376568131342e-01	   2.8191110654174845e-01	   1.9357513885706895e-01	   5.2511613909042332e-01	   4.2494828003965829e-01	   7.3220130379039483e-01	   7.7763955903319315e-01	   8.4159634156522056e-01	   8.2741527927190139e-01	   7.4775657768620973e-01	   7.7317814179897781e-01	   4.4582295512160802e-01	   3.1510507091741013e-01	   4.4815776231755372e-01	   5.2128124207171223e-01	   1.2194742622566554e-01	   1.6742844899274945e-01	   5.0011020838040021e-01	   6.8475973349988117e-01	   5.5117074617924766e-01	   5.4688338323612529e-01	   3.9438953730282295e-01	  -9.5565565960755036e-02	
   6.0505580441603457e-01	   5.9747500814051624e-01	   5.1350081290292238e-01	   6.6682210963578614e-01	   7.0033509526209192e-01	   0.0000000000000000e+00	   6.6485080257075524e-01	   8.7601530124799454e-01	   5.8165058990447627e-01	   1.1499673518122384e+00	   6.2410211507876101e-01	   6.7344035412711722e-01	   5.9045251934619603e-01	   6.2444309718775437e-01	   6.7021645489204218e-01	   1.0484764220334426e+00	   3.5330420013778896e-01	   3.2437306000198357e-01	   6.9522385515647944e-01	   5.8651699993063322e-01	   4.5346359716623380e-01	   2.3729865862491559e-01	   2.3262608679706012e-01	   3.1438265058594778e-01	   2.1661985966560135e-01	   3.8161625827808598e-01	   5.5001220306959619e-01	   8.4961913489648178e-01	   5.4228443484660882e-01	   4.2558811143333392e-01	   3.0571275643318274e-01	   2.8696302966638804e-01	   4.5250033451842980e-01	   5.3552851320556127e-01	   2.5728296416006707e-01	   3.6741959096607596e-01	   2.8956823451667357e-01	   1.8619305397164201e-01	   4.1363752789088865e-01	   2.5268549137683372e-01	   2.9672832746438560e-01	   1.0203533111793371e-01	   7.2638232753230902e-01	   5.9622114077032184e-01	   4.5398670065214008e-01	   5.1485603977076067e-01	   8.3203248117239603e-01	   7.5822274801157385e-01	   5.5266470746971486e-01	   7.3579297775560970e-01	   6.3934225644501386e-01	   6.5558211485803264e-01	   7.9231733402813687e-01	   7.0163543677567186e-01	   5.7295911077689976e-01	   6.6776435786831723e-01	   5.2263732971320354e-01	   4.9046833464310063e-01	   7.5548762555959015e-01	   8.5027409679847110e-01	   7.7816205732280497e-01	   7.8808245915605446e-01	   4.9560697310711871e-01	   3.9301152060377997e-01	   3.0007616717449219e-02	   4.2945392206762295e-01	   3.4798999002312903e-01	   3.9681901022096711e-01	   5.9966921954827956e-01	   6.5507711291282555e-01	   3.8609186903004011e-01	   5.1440256872456591e-01	   4.0870142479975791e-01	   4.8569311968200263e-01	   2.0504397939270219e-01	   3.1635519252757710e-01	   5.3073339302507916e-01	   4.6661755620219630e-01	   2.8755310339259860e-01	   2.7964887547466505e-01	   4.5806384359978236e-01	   3.9913785170823290e-01	   2.2010902085901440e-01	   3.1019559843993960e-01	   4.1121301941435362e-01	   5.2461500874859801e-01	   3.6748854470271053e-01	   2.1812491493287736e-01	   5.2236005844591404e-01	   5.2227449091979783e-01	   6.3454417197067170e-01	   4.2244219608058653e-01	   4.5588664608718610e-01	   4.9477548982249508e-01	   2.9514600500638521e-01	   8.1876250989146152e-02	   4.9841326023561799e-01	   3.3565989084890641e-01	   7.3275131522025339e-01	   6.6281067057371124e-01	   6.7529891207606541e-01	   5.7150151646455993e-01	   4.3952910101403081e-01	   4.1190239719770172e-01	   1.1634818249868448e-01	   1.0283761140580543e-01	  -3.7665842607657068e-02	   1.3769749065489886e-01	   2.3345635162765405e-01	   2.5205631627952874e-01	   6.0543355636927465e-01	   7.4214777236615181e-01	   6.5769945955791442e-01	   3.9050443273441082e-01	   3.0081218422618239e-01	  -1.8033615508582213e-01	
   1.0277872601892799e+00	   8.3778812540574576e-01	   1.3152747419502653e+00	   1.2887146686223088e+00	   9.7729780929240351e-01	   6.6485080257075524e-01	   0.0000000000000000e+00	   1.4047530992385797e+00	   6.6798251761437355e-01	   5.9203957487548176e-01	   1.0902966892016985e+00	   9.5245297609841506e-01	   1.1263492674444511e+00	   1.0325910063895343e+00	   9.1354300016483858e-01	   8.6099836952598752e-01	   7.4983410881678558e-01	   6.8808563591089156e-01	   1.2315616072461930e+00	   1.0528283938236287e+00	   5.9621052550896547e-01	   3.2751291138981897e-01	   7.5794877553789197e-01	   8.3908869490256510e-01	   5.7673809567954470e-01	   7.0607450298932017e-01	   5.8148644245996906e-01	   5.1613192284409215e-01	   8.6507128518194409e-01	   9.6140252614599997e-01	   7.6841705341395106e-01	   7.2866330443739946e-01	   1.0192088905334689e+00	   9.8014124503664823e-01	   5.8986566739734658e-01	   6.8405101475256525e-01	   4.8265721133234951e-01	   4.2211767143387530e-01	   4.6594812612162617e-01	   4.9487751411075798e-01	   5.4507164033932420e-01	   4.9306610448236793e-01	   6.6595066815738091e-01	   4.8410874803424125e-01	   4.7225484040240484e-01	   5.9553469577703333e-01	   8.5333578477872896e-01	   7.9387481036531826e-01	   5.4884287392548314e-01	   6.1260554471569117e-01	   8.0741155383704022e-01	   7.3528657001204323e-01	   9.8718101446600204e-01	   8.5038025897507641e-01	   7.8120722437145196e-01	   9.6053713400288265e-01	   8.1881827381614669e-01	   7.0911337932592799e-01	   9.7457468058570185e-01	   6.5073779713974189e-01	   1.4033256876817179e+00	   9.8350876358564088e-01	   8.7067193356867989e-01	   7.8971569838418154e-01	   3.6027127537063214e-01	   6.3394209532841728e-01	   7.2982147562197641e-01	   6.9094880776253431e-01	   8.7214209633550144e-01	   8.1234719534008959e-01	   7.9787279788045851e-01	   9.7422356189003922e-01	   8.6221408269486555e-01	   8.8797936426171686e-01	   7.9336872844863016e-01	   7.5006843781674781e-01	   9.0014767839349707e-01	   8.7414505533744025e-01	   6.6216018982471403e-01	   7.9360218423399231e-01	   7.8738589580814489e-01	   6.7015696854857054e-01	   4.5276324185633898e-01	   5.9526419070264369e-01	   7.0248279155287063e-01	   8.9656122359632517e-01	   5.1093587542174712e-01	   5.3943670072382166e-01	   6.0522449451854787e-01	   7.2871169030043570e-01	   9.6885687991019154e-01	   6.5873047949858710e-01	   6.3184688535406563e-01	   7.6137747838089320e-01	   2.3904668074197799e-01	   2.5421870721891504e-01	   7.9419970179800092e-01	   6.1934593365684776e-01	   1.0163363267962728e+00	   1.2651775052620284e+00	   7.5317302719313362e-01	   7.9068615487869076e-01	   5.5933939048097503e-01	   5.3540615060081120e-01	   3.6556320624203903e-01	   2.8162492193028893e-01	   2.6386610012064915e-01	   5.2214856162596202e-01	   1.6666769337081860e-01	   4.8644016234929852e-02	   7.8095677970357391e-01	   8.5312050482596735e-01	   7.1481492294017956e-01	   5.6596220708730760e-01	   4.5164477205893305e-01	  -2.3573787151901709e-02	
   9.6799832115830275e-01	   8.9433652539538899e-01	   8.2510509519657793e-01	   1.3599431731212959e+00	   9.6768326375302249e-01	   8.7601530124799454e-01	   1.4047530992385797e+00	   0.0000000000000000e+00	   7.9260754393505617e-01	   7.6024696047088891e-01	   1.0880320069009735e+00	   1.2664149957440680e+00	   9.7220562988305759e-01	   1.2325075684997671e+00	   8.0660965691100195e-01	   9.3878291722916285e-01	   5.7499723705046879e-01	   5.0760204076194493e-01	   1.0395007293348524e+00	   1.0605645496740068e+00	   4.2921030308213648e-01	   2.6978260234979712e-01	   4.8183493879977501e-01	   6.5992125645054411e-01	   3.4158318242125685e-01	   5.0355465427789126e-01	   4.7671833498131228e-01	   4.7864173054451919e-01	   8.6869476869870477e-01	   9.4311339751352663e-01	   5.5576211842631673e-01	   5.9377758154180715e-01	   7.1948029655352963e-01	   7.7938378336092307e-01	   3.5422583576323113e-01	   4.9780301876875171e-01	   3.3636924985408884e-01	   2.3569659987291722e-01	   3.5562367635581033e-01	   3.1810694629929004e-01	   4.4582666711832519e-01	   3.1084246094665119e-01	   7.3344189369571300e-01	   5.6953426298359289e-01	   4.7224049821486186e-01	   6.2795777264137365e-01	   9.3921089974422367e-01	   8.4142646453014613e-01	   6.4267593433711256e-01	   7.7000402155864067e-01	   7.6633224922515697e-01	   8.2307673711998897e-01	   8.8429097181302263e-01	   8.4415089358090278e-01	   6.9971871087794002e-01	   7.8890119884342669e-01	   7.0022430256352286e-01	   5.9569010311999515e-01	   9.4380126392359687e-01	   9.2027319580257183e-01	   1.2283901078790289e+00	   1.4424726758174502e+00	   7.7723461846795416e-01	   7.5589351129927085e-01	   1.5223759356083752e-01	   6.8923930632914898e-01	   4.3991214513021998e-01	   5.1926973367834950e-01	   7.3051127700732466e-01	   7.6519702556621794e-01	   6.9088555089405790e-01	   8.9244163955587053e-01	   7.4947602565989768e-01	   8.3157457474862051e-01	   5.9796128996759945e-01	   6.1201109828147904e-01	   7.6688587220602034e-01	   7.1600761358747722e-01	   5.0694685203030532e-01	   5.6388124157340835e-01	   6.8994933189784091e-01	   6.0932357354150413e-01	   3.7516146320287835e-01	   5.3622275772993289e-01	   5.9682322738173588e-01	   8.6310304239451507e-01	   4.2012977109838612e-01	   4.2122522389318995e-01	   5.9479322244515909e-01	   7.2635006709137206e-01	   1.0413209194743787e+00	   4.9642803851189721e-01	   6.6794284248300073e-01	   5.6007789445379863e-01	   1.4737302650633244e-01	   4.7297172500903255e-02	   7.4196970987018795e-01	   4.6118305128950210e-01	   1.1314370530915596e+00	   1.0310548315178578e+00	   7.8810870478265049e-01	   6.0040324515534049e-01	   5.0002655958284015e-01	   3.9394937287477866e-01	   2.3132950436321376e-01	   1.3226874271711467e-01	   2.8779600083879403e-01	   4.4347827123045724e-01	   1.0904293132994380e-01	   9.2832369928212741e-02	   7.7622049963598860e-01	   8.6046950604229189e-01	   7.7116534890571298e-01	   5.0839276255236132e-01	   3.6730314421689553e-01	  -9.1923592396293927e-02	
   5.0577680667427138e-01	   5.5176608243382452e-01	   6.6204416365916263e-01	   6.4945807552122803e-01	   1.1485545577380236e+00	   5.8165058990447627e-01	   6.6798251761437355e-01	   7.9260754393505617e-01	   0.0000000000000000e+00	   6.1564188008414644e-01	   4.6150468506792763e-01	   5.2970020985617994e-01	   5.4072038364727515e-01	   5.6229330922019860e-01	   8.4600191835184335e-01	   5.4887875510709039e-01	   2.0778803145420771e-01	   3.2263706120635882e-01	   6.2073763620410061e-01	   5.0274498376875121e-01	   3.6080648773823160e-01	   4.7440747113225512e-01	   3.3218267217006509e-01	   3.6441109367465091e-01	   2.8932105657153367e-01	   3.9380445852738977e-01	   4.5744515258811030e-01	   4.3269649605340804e-01	   3.3692322373170230e-01	   3.7517112400673241e-01	   2.9315923872491234e-01	   3.1397304113534469e-01	   3.9806462290530864e-01	   4.4171815738379649e-01	   2.7991049186235861e-01	   3.7640206900168521e-01	   1.4111075601270220e-01	   2.5810884681726414e-02	   2.4208723706308144e-01	   1.2143621683524128e-01	   1.7941637355659643e-01	   1.4314879692028248e-01	   5.0113799826270777e-01	   4.4648375727855361e-01	   4.3569851879468935e-01	   5.0657796208049666e-01	   5.1634487925284922e-01	   5.0493351407726150e-01	   5.3769922228065514e-01	   6.5358361588475544e-01	   5.2329661208469569e-01	   5.9213079187070239e-01	   4.8604413652898287e-01	   4.8746391470016137e-01	   4.2084702192550133e-01	   4.1570115040517253e-01	   4.6959895066596974e-01	   4.2223643145160850e-01	   6.3786118451504259e-01	   5.4519003714352832e-01	   6.8649925541006063e-01	   7.5674598821325778e-01	   3.7810596315869704e-01	   4.7316233334532631e-01	   2.6952449889833840e-01	   5.2834760302095574e-01	   3.1346336053759821e-01	   3.2195807159607143e-01	   4.9223915803948348e-01	   4.3029702961351329e-01	   3.9704616784886337e-01	   5.2722262747598569e-01	   2.3928391115455877e-01	   4.0503653199836526e-01	   1.5770975787915650e-01	   2.6026020511083164e-01	   2.7550836085875302e-01	   2.6731164770092292e-01	   9.5813337884822228e-02	   2.7946909971982375e-01	   3.3966793879069063e-01	   3.3320096222087275e-01	   4.6832917924263995e-01	   4.5507807307145770e-01	   4.3884902583769536e-01	   5.8148324561257225e-01	   2.6978240115080476e-01	   4.2328967448256344e-01	   6.2696674605138603e-01	   6.4985702022795333e-01	   4.4321135855980615e-01	   2.8568741161224115e-01	   2.7597822898509805e-01	   5.4767813697794610e-01	   1.7083295001475640e-01	  -3.2540651038977797e-02	   2.9534136282062334e-01	   2.9327752852092182e-01	   5.1749885697340769e-01	   4.6672394985813764e-01	   5.5394938587752429e-01	   5.2812800862095366e-01	   5.5961594798542547e-01	   5.0920406144816555e-01	   2.2053667184717016e-01	   8.3911548067768585e-02	   5.3686179233490416e-01	   4.3850710319152481e-01	  -4.9172351511859454e-02	   1.4023586446888736e-01	   2.2849984008463747e-01	   4.1782787339269700e-01	   2.5447706609163756e-01	   3.5618518420867973e-01	   2.5962478780730092e-01	  -1.5447221026479607e-01	
   4.0236545662827300e-01	   3.9433290467888071e-01	   5.3062270579135495e-01	   6.9956035231238034e-01	   5.9122216353296531e-01	   1.1499673518122384e+00	   5.9203957487548176e-01	   7.6024696047088891e-01	   6.1564188008414644e-01	   0.0000000000000000e+00	   4.1855185829680752e-01	   4.6276206171050849e-01	   4.7697493248806611e-01	   4.4792739351360217e-01	   5.8390900815091418e-01	   1.0398375421698480e+00	   1.9704482600102627e-01	   1.2150246337609935e-01	   4.8372886523587372e-01	   4.0298166689397807e-01	   3.9240635443454974e-01	   1.3063281287541853e-01	   1.8103635396843071e-01	   2.6000231187564032e-01	   1.2593218995853966e-01	   3.2646067852886695e-01	   5.8115750528315024e-01	   8.2740405405013862e-01	   3.7450929381255660e-01	   3.2815930733723658e-01	   2.4437210341651597e-01	   2.2986767670660288e-01	   3.6679368496715081e-01	   4.3017739883569528e-01	   1.9928839479347349e-01	   2.8523597396373157e-01	   2.1840951078136817e-01	   9.5729952539744950e-02	   3.3988109305722164e-01	   1.7835149913143919e-01	   1.7135638619028057e-01	   8.6515799898150780e-02	   4.9917981997043215e-01	   3.8280462899689638e-01	   3.0770093622000755e-01	   3.6461944016869274e-01	   6.1164229785765223e-01	   5.5884705506274845e-01	   4.7105255354888625e-01	   6.5762968824140533e-01	   5.7979831691839490e-01	   5.3985800595228239e-01	   6.9859506848503694e-01	   5.0394795734512088e-01	   5.1561494421028597e-01	   5.7372954481841587e-01	   3.5257413022432044e-01	   3.3463744936472162e-01	   8.2290709400724749e-01	   9.4320300449343242e-01	   7.0202726971144447e-01	   7.3739831486605256e-01	   3.2042868445462525e-01	   2.2274739831435492e-01	   7.3908754014169478e-02	   5.4399242525670211e-01	   3.0052072037131072e-01	   3.3428625666585332e-01	   4.7220173609012139e-01	   5.2279190384821894e-01	   2.5801779711210904e-01	   4.0748127476113127e-01	   2.6610047289083905e-01	   3.5027078678802048e-01	   9.5578948278234377e-02	   1.7701641141251601e-01	   3.5278298437510897e-01	   2.6407892236231950e-01	   1.1067820990829429e-01	   1.0191520244178609e-01	   2.7620087308278413e-01	   2.1742462637145754e-01	   9.9909007077557718e-02	   2.3053170243609145e-01	   3.5649879163589904e-01	   5.2816037111008796e-01	   3.6790727343937241e-01	   1.4689446000312834e-01	   6.1808334027863221e-01	   6.3084289489273959e-01	   6.2298018902494956e-01	   5.0169604341509322e-01	   4.9708351452562383e-01	   4.4020886525999986e-01	   1.6586530211042710e-01	  -2.1587390709684174e-02	   3.3407489880109559e-01	   2.0646930428293891e-01	   6.1623821505531629e-01	   5.4684641247130494e-01	   6.8364006263514498e-01	   5.9546237518248746e-01	   3.9469440099911990e-01	   3.7640722462629250e-01	   1.2120710878498453e-01	   8.5291360328489968e-02	  -4.1958031453259888e-02	   1.4698783828513595e-01	   2.7210106899960762e-01	   1.6440744092306436e-01	   4.3109417790352839e-01	   5.1714620936765798e-01	   4.9405923038793359e-01	   3.1104373765369769e-01	   6.2677195259306373e-02	  -1.1670288218289268e-01	
   1.5338842930480865e+00	   1.2611260091183873e+00	   7.1167297762091442e-01	   8.2479983127219469e-01	   8.1448831453918380e-01	   6.2410211507876101e-01	   1.0902966892016985e+00	   1.0880320069009735e+00	   4.6150468506792763e-01	   4.1855185829680752e-01	   0.0000000000000000e+00	   1.6782190364899867e+00	   1.4321572505780333e+00	   1.5559046070574762e+00	   8.7497054596012669e-01	   8.3335914364916386e-01	   9.6446701501720888e-01	   8.9086281118758204e-01	   1.4196392059604215e+00	   1.3573051889305696e+00	   5.0231883521611398e-01	   2.5638086722899622e-01	   5.3386273339533341e-01	   6.6957670592367724e-01	   5.3294556485290712e-01	   5.1647816623562259e-01	   4.8451529199859938e-01	   3.9363664563408818e-01	   1.2331961615672582e+00	   1.0215136957796418e+00	   4.0329849868602385e-01	   4.0542037369874390e-01	   6.4069786782446692e-01	   5.9993974639330505e-01	   2.6093969556288682e-01	   3.4817161205488534e-01	   3.9114602177309016e-01	   2.8906595147715614e-01	   3.8017162801435128e-01	   3.8499357388998029e-01	   5.1982073810758922e-01	   4.4044726070143037e-01	   6.8531754031063863e-01	   5.9110121748675637e-01	   3.7820066064774471e-01	   5.5183283334992883e-01	   9.0655757804700987e-01	   8.6963202418275654e-01	   5.4552363375225477e-01	   6.6738457327242184e-01	   7.5042346267481319e-01	   8.2590593991623407e-01	   9.8172109307324107e-01	   1.0929542847269198e+00	   7.1232175033962286e-01	   8.5612031948181611e-01	   1.0730813774241272e+00	   8.8984710903169961e-01	   7.2220685403045048e-01	   6.5685722725209006e-01	   1.0529454026721616e+00	   9.3998714874893119e-01	   1.2158831922814697e+00	   1.2692780843593388e+00	   1.4997134899364109e-01	   4.1262728306680463e-01	   3.3088879479302236e-01	   3.0981399451053732e-01	   8.0587196167465835e-01	   7.8822390823810984e-01	   7.4217937903269049e-01	   7.9622959378990554e-01	   1.0607098017314416e+00	   9.8853968298537476e-01	   7.5817887773772819e-01	   6.8980708798421020e-01	   8.1757006149599643e-01	   7.1272592251862932e-01	   8.1235409847280915e-01	   8.1390699948597356e-01	   1.0522434010087327e+00	   1.0849685533659414e+00	   5.5605983371559098e-01	   6.5913483362044756e-01	   8.3169750305623857e-01	   9.4464112007364054e-01	   5.0371275580541031e-01	   5.3033843371014466e-01	   6.5297919747324884e-01	   7.9717766442378168e-01	   8.8514376925450566e-01	   4.5657065076443026e-01	   6.1405087849897944e-01	   6.2586899948901864e-01	   1.8311444246069211e-01	   2.4678921518158981e-03	   6.3471873640427201e-01	   5.0653768611491179e-01	   1.0354956645031215e+00	   1.1756184071117204e+00	   8.5944476733163055e-01	   7.4642722278283591e-01	   6.5176033002179823e-01	   5.4581407216347300e-01	   3.2306130496084839e-01	   2.6044777144538639e-01	   1.9405691875407996e-01	   2.7016018774589856e-01	  -3.2365732413846639e-02	   7.0921254040793968e-02	   7.2369901731417863e-01	   9.2827896786933539e-01	   9.0115409087097265e-01	   4.4940473274807424e-01	   2.5888886797216615e-01	  -9.6834623530255223e-02	
   1.1286796582880283e+00	   9.8697006443634305e-01	   5.1280097624834364e-01	   7.7278851387739422e-01	   7.9718773184173819e-01	   6.7344035412711722e-01	   9.5245297609841506e-01	   1.2664149957440680e+00	   5.2970020985617994e-01	   4.6276206171050849e-01	   1.6782190364899867e+00	   0.0000000000000000e+00	   9.7953449083843003e-01	   1.4808286634374359e+00	   6.4124615815693464e-01	   6.8655723139901215e-01	   7.0874459347163521e-01	   6.3798409311378768e-01	   1.0414389047138668e+00	   1.1119597581442779e+00	   3.0374078789423342e-01	   1.7634156648565058e-01	   3.0080628400308845e-01	   4.4937372363131101e-01	   2.7219722758792581e-01	   3.1444940081262274e-01	   2.8965936836680756e-01	   2.6209738654418474e-01	   1.0441275283631803e+00	   9.8152886044333609e-01	   2.9759275059444418e-01	   3.3598228461711171e-01	   4.9819042383241835e-01	   5.2662425242738053e-01	   1.6616481073727288e-01	   3.1417798538381614e-01	   2.8049895339294978e-01	   2.0676793068350630e-01	   2.8777590836074246e-01	   3.2099196231366584e-01	   4.1041667961000655e-01	   3.1930434539146180e-01	   6.2570990678008920e-01	   5.3635912069272806e-01	   3.7575651717999958e-01	   5.6092088681864105e-01	   8.3209201880305494e-01	   7.6187316821113726e-01	   5.9125747355485769e-01	   7.1636942749458699e-01	   6.7797852952463866e-01	   7.7826587868897612e-01	   8.2101678362317010e-01	   9.2144641383671821e-01	   5.7439078438254054e-01	   7.0738448980745827e-01	   7.5568310459061827e-01	   6.0253606886915145e-01	   6.5035353003054330e-01	   6.9374416372099279e-01	   8.9972726912245704e-01	   1.0160581214595057e+00	   9.4452788196275217e-01	   1.0073692412876980e+00	  -5.0558709231520282e-02	   3.5745208226515490e-01	   2.0345108667242962e-01	   2.6854280595678492e-01	   6.3364618507625403e-01	   6.5434886984776819e-01	   5.5919237192166471e-01	   6.9459657638523375e-01	   7.6590553062152567e-01	   7.8669742573977575e-01	   5.5516700422064080e-01	   5.3042411793442867e-01	   6.6973665726601850e-01	   6.1056565549385344e-01	   6.5579763388700929e-01	   6.4029513725016463e-01	   7.9199559321660273e-01	   8.1515161844526152e-01	   3.7254637801131413e-01	   4.8310456668449986e-01	   5.7263719667972990e-01	   7.7447247080346271e-01	   3.1449821018977780e-01	   3.5393191078073460e-01	   5.0268010711235034e-01	   6.8436477562676534e-01	   7.8324449365781657e-01	   3.5938979938544968e-01	   5.4569902218876698e-01	   4.6138404877046901e-01	   9.0527450189626560e-02	  -3.6658047791227222e-02	   5.8793353726911157e-01	   4.1105590355473831e-01	   9.4416786162907218e-01	   9.4604658025573718e-01	   7.2240751710743600e-01	   5.8652611147454503e-01	   4.7433862563383888e-01	   3.9169244953567151e-01	   1.9936065059282648e-01	   1.0763376615029688e-01	   2.4193705431956025e-01	   3.1923098074906164e-01	   7.3709299869720486e-04	   5.5305756198808023e-02	   6.3649821998942724e-01	   8.8183697705506225e-01	   9.0160812033796900e-01	   3.8494942419739764e-01	   1.5575141335830206e-01	  -5.2238962047266517e-02	
   1.3049885136927379e+00	   1.2237019067739074e+00	   9.4640249134759080e-01	   9.0192430952619418e-01	   8.4910119747882096e-01	   5.9045251934619603e-01	   1.1263492674444511e+00	   9.7220562988305759e-01	   5.4072038364727515e-01	   4.7697493248806611e-01	   1.4321572505780333e+00	   9.7953449083843003e-01	   0.0000000000000000e+00	   1.3149972515229817e+00	   1.2084621077452167e+00	   9.9742271249695891e-01	   9.0488889892664925e-01	   9.0266442026123794e-01	   1.3135716944187890e+00	   1.1045315098219084e+00	   6.9509777709739751e-01	   3.6078818387548678e-01	   8.3484617195444000e-01	   9.3570758049077762e-01	   8.1409186100355657e-01	   7.5082715241231024e-01	   7.8106038384796683e-01	   5.5534358389254623e-01	   1.0804564542317472e+00	   9.0903337063678724e-01	   5.4624101463676933e-01	   5.2806235245529509e-01	   8.2536860302506132e-01	   7.4471340601782154e-01	   4.7081533900230949e-01	   4.3961439842084160e-01	   4.4016540766214907e-01	   3.1905153815778381e-01	   4.4734258196100724e-01	   3.9290722955158824e-01	   5.7160627161806177e-01	   5.5217564506041017e-01	   6.5964731285405132e-01	   5.5449218461183958e-01	   3.9148192468705023e-01	   5.5507099403352544e-01	   8.9912202821358156e-01	   8.9430765084543840e-01	   5.1504422326894583e-01	   6.6115542306806208e-01	   7.6718064241846240e-01	   8.1004078878414454e-01	   1.0669314962447283e+00	   1.0484533185545282e+00	   8.3977639721356001e-01	   9.0399569706129701e-01	   1.1803727788164367e+00	   1.0610506025064850e+00	   8.3085000708322121e-01	   6.3267272695364107e-01	   1.1940592940193326e+00	   9.0372453940844699e-01	   1.1244133388276307e+00	   1.1463124868388099e+00	   4.4800756587033097e-01	   6.6359243225261211e-01	   4.9220789347883087e-01	   3.9660651748141579e-01	   8.8420977138949031e-01	   8.5634142406032898e-01	   9.0707515339014222e-01	   8.9944358528506108e-01	   1.1255531109824526e+00	   1.0909924983995480e+00	   8.1433267427693723e-01	   7.7727301814703509e-01	   8.6653778428078410e-01	   7.5839576813545229e-01	   7.3219676940947398e-01	   7.5306270818849774e-01	   1.1025632453651797e+00	   1.0575401950755992e+00	   6.8064854941822228e-01	   8.0612636944196370e-01	   1.0670954464131892e+00	   1.1013922927583852e+00	   6.6202949247651444e-01	   6.6527003840194399e-01	   8.3632180684090962e-01	   9.0804073365247917e-01	   9.6658098639582479e-01	   4.8339542318860046e-01	   6.8434496027483493e-01	   7.3743934863867366e-01	   2.3180736552064118e-01	   1.1530924503023821e-01	   6.2448942102638960e-01	   5.4168421439300529e-01	   9.3885051294882449e-01	   1.0420025757482418e+00	   9.0175240849200500e-01	   8.4474704816862445e-01	   7.5598862856418658e-01	   5.8588803617455809e-01	   3.6847450568831885e-01	   2.8079005586075528e-01	   1.5668246747422412e-01	   2.1819499471371251e-01	  -5.7362977745174230e-02	   7.9449739389610599e-02	   6.2893329904480977e-01	   7.2537847398616029e-01	   6.0869456416027756e-01	   5.1109315855888793e-01	   3.7001858804795640e-01	  -1.5347544051196105e-01	
