   0.0000000000000000e+00	   1.1561164359005227e+00	   8.8281359079698063e-01	   5.1146495779405354e-01	   6.7657537701155912e-01	   5.3103246936968840e-01	   9.8276412313518946e-01	   5.8804198253512130e-01	   5.5864508612029773e-01	   4.6870654675343226e-01	   1.2395382927527299e+00	   8.0165913249787846e-01	   8.6683730184051921e-01	   1.2824752777352817e+00	   7.6719829124336114e-01	   7.8187831232029859e-01	   9.8783739781705826e-01	   1.1534225004472920e+00	   1.4104463193989683e+00	   1.3394612174041716e+00	   2.9053293501751326e-01	   2.5104962515535567e-01	   6.3644410711339894e-01	   4.2079327895822294e-01	   2.2667991324744652e-01	   2.7133236333582739e-01	   1.8621346316827311e-01	   2.4422763678726533e-01	   1.0926265851349932e+00	   1.3206218494062061e+00	   7.4254986171278059e-01	   6.9044128939677119e-01	   1.3301655467419751e+00	   1.2507145624990466e+00	   1.9419912491102204e-01	   2.3585950258482624e-01	   5.1512312440153085e-01	   2.5097535681189176e-01	   8.2468167470902543e-01	   7.5698163419749098e-01	   8.5756144705043069e-01	   7.5512856113949511e-01	   5.7599248509886625e-01	   5.0634379982621391e-01	   6.0273874469873134e-01	   6.4815225262230869e-01	   7.2852363850163715e-01	   7.7125979766404951e-01	   7.2847923163544914e-01	   6.5663878224765693e-01	   5.9068013099105032e-01	   5.5797532472652012e-01	   6.0824916791773975e-01	   3.8099375811977199e-01	   1.0251560968441544e+00	   1.1441583254016678e+00	   1.1198533536119215e+00	   8.3651012158207383e-01	   1.1549230941302664e+00	   8.3236327813985422e-01	   1.0160684668937461e+00	   6.7373223894875578e-01	   9.6462263418595695e-01	   1.1698357428272814e+00	   1.9002445353518449e-01	   3.4964297571414465e-01	   8.0956008035054661e-01	   6.7544810881726436e-01	   9.1033322604902511e-01	   5.1708950855001190e-01	   4.0774105136729616e-01	   3.1960914298828130e-01	   1.1240152390293616e+00	   1.0926624689498730e+00	   1.0539592993877345e+00	   8.9091478189664597e-01	   1.1385283334978271e+00	   9.8946835084777429e-01	   9.3293396230812753e-01	   7.0069439067649597e-01	   1.1822579403425464e+00	   1.2804433907552866e+00	   7.4191577184227397e-01	   7.3762768428201397e-01	   8.4583692116683551e-01	   5.0923307687329922e-01	   4.0373589208337818e-01	   2.9048661603413439e-01	   7.1398058073045079e-01	   8.8254049820049696e-01	   6.7264254034343274e-01	   7.5609756026148511e-01	   3.6597618394500536e-01	   4.3037001709299527e-01	   3.1935451400953235e-01	   1.7366139975177630e-01	   7.0603841243306176e-01	   6.8498617488927571e-01	   9.8425965828549067e-01	   1.0881121056685354e+00	   7.3523656962115380e-01	   9.2139764099951671e-01	   8.3792022940286404e-01	   1.1331200820552148e+00	   4.9043217173753284e-01	   6.5059457271033527e-01	   2.9440932644971474e-01	   1.5978582398758667e-01	   5.0776185777430738e-01	   8.1127222977485969e-01	   4.7339873332081306e-01	   8.1212587185512475e-01	   6.1116407460731781e-01	   7.6782270023714072e-01	   5.5959059318838089e-01	   7.9748757401052958e-02	
   1.1561164359005227e+00	   0.0000000000000000e+00	   9.0727707013495462e-01	   7.9781665173245364e-01	   7.0175393767053063e-01	   6.6084093649301578e-01	   9.0499975853078540e-01	   6.3514510411156033e-01	   5.1221038493893878e-01	   3.9069510598105062e-01	   6.7405120944797103e-01	   5.7384150567746595e-01	   4.9346664934530743e-01	   7.1464235118887565e-01	   6.4542431885984464e-01	   7.2646937887651719e-01	   6.8612896913781807e-01	   1.1687931774882101e+00	   9.3204103696175711e-01	   1.3953210375626035e+00	   4.1371213733764656e-01	   4.3434913877536890e-01	   7.2611685118045743e-01	   5.8944921499693581e-01	   5.2358274470712574e-01	   6.3141288670858731e-01	   4.2861688276410659e-01	   4.7836646727197674e-01	   6.6316603315347178e-01	   8.6839111057501106e-01	   7.4358488361759789e-01	   7.6268064464912622e-01	   1.0001419701599392e+00	   9.5313990599238130e-01	   3.9887765255281765e-01	   4.1370925084523125e-01	   7.0939052774457201e-01	   4.8100484661060700e-01	   1.0801884452641140e+00	   1.0971412799461133e+00	   9.3359561406724390e-01	   8.7969741291075432e-01	   5.7547045951111464e-01	   4.9991921878453077e-01	   4.6827676630136300e-01	   5.0140106061509482e-01	   7.0284116864846102e-01	   8.3647849984000866e-01	   6.1522543531881435e-01	   6.9947087532051933e-01	   7.2048078593309917e-01	   7.4959151449646788e-01	   7.1551750126361124e-01	   6.2690130343535577e-01	   1.1329832328652090e+00	   1.1426607198118950e+00	   1.0047390156720726e+00	   1.4796444474182471e+00	   8.7613866681736907e-01	   9.4505972532559757e-01	   6.1168622948912998e-01	   4.4781644643275331e-01	   6.3457949095814137e-01	   8.4793340236290315e-01	   1.5315654570893503e-01	   3.4693846446610510e-01	   8.0200366918972321e-01	   7.6407813873675501e-01	   9.8997873057096020e-01	   8.5322360540686726e-01	   4.6818430210446715e-01	   4.4944797381825941e-01	   9.2383654096692669e-01	   1.0191994418296353e+00	   8.9420040894985142e-01	   7.3784195852743217e-01	   1.0024788017421604e+00	   1.0665988130695108e+00	   8.0503223384090150e-01	   8.3091032771281481e-01	   8.8334714435585460e-01	   1.0212075508047864e+00	   8.6658846280603741e-01	   8.7684432506784826e-01	   8.2567457848167802e-01	   6.0211989604479599e-01	   5.6759104470855126e-01	   4.7872041248781028e-01	   7.9956655235071727e-01	   1.0432271791933538e+00	   9.0563434871523241e-01	   9.7545584526377316e-01	   5.8168088652028183e-01	   5.9634929809214798e-01	   5.5075172867050648e-01	   4.4212166937569242e-01	   9.9043121246476007e-01	   1.0909820367130074e+00	   1.2268823815644390e+00	   1.1506106455285823e+00	   7.7427032421313247e-01	   8.6093572370568716e-01	   9.1629720489786926e-01	   1.0904659704387745e+00	   8.1167986514087764e-01	   8.8671838984749285e-01	   4.8179778794826961e-01	   2.4364648696067442e-01	   4.4114598062073790e-01	   9.5440811942237291e-01	   8.3868204965728144e-01	   1.0911785186309602e+00	   9.2313304145960839e-01	   8.3367847979816501e-01	   7.2122466876772828e-01	   8.1785135079328899e-02	
   8.8281359079698063e-01	   9.0727707013495462e-01	   0.0000000000000000e+00	   7.5297461838708601e-01	   8.0818539891770569e-01	   5.2972561017607833e-01	   1.2792826546573048e+00	   5.1339382472184270e-01	   5.4413315603844681e-01	   3.7312659812586052e-01	   5.4077587440748287e-01	   2.7360002008895845e-01	   3.5497521339010890e-01	   5.9026959105471399e-01	   8.4463299112635259e-01	   7.4640080832519806e-01	   2.9803820755935756e-01	   5.5848188565311419e-01	   8.0234994547524796e-01	   9.0483012748486835e-01	   5.7576177106687521e-01	   5.2082044933341842e-01	   1.1601278473714827e+00	   8.1684316218308539e-01	   8.0961799231944853e-01	   7.9214346544433711e-01	   5.6500401036223868e-01	   5.4464450137610465e-01	   3.6276381227223675e-01	   5.5978082297903420e-01	   9.4497147716544871e-01	   7.9964241371377698e-01	   8.8914813255018044e-01	   7.6410789503201970e-01	   7.3829035438214763e-01	   6.5070073463516498e-01	   6.6023447158538051e-01	   6.4251998668674304e-01	   7.6438412458570093e-01	   8.1704366997630018e-01	   7.1560670437071927e-01	   7.4586060322528280e-01	   6.1019688413926776e-01	   5.1737271935110152e-01	   5.4768292913279104e-01	   4.9317146376473869e-01	   7.4480173713715481e-01	   6.9634103236383182e-01	   6.1398422786491735e-01	   5.5188587039901815e-01	   8.1901178663304175e-01	   6.5471773108898701e-01	   6.3612918425596410e-01	   4.7196170611044619e-01	   7.0898219676965035e-01	   8.0644979993179922e-01	   6.2756465087181357e-01	   7.7478115365571454e-01	   7.3831694523056646e-01	   6.8964526384380342e-01	   4.5009901349316855e-01	   2.2444652381293659e-01	   3.0705159292165840e-01	   4.9780463595285690e-01	   3.7717649936663755e-01	   3.3942173704320977e-01	   9.7574713581515971e-01	   9.0433710445518778e-01	   8.5772100929716033e-01	   7.2731883655185692e-01	   6.9551510871377631e-01	   5.2506174102125769e-01	   6.1516292281451312e-01	   5.8589867353626857e-01	   5.5887326350411348e-01	   4.4333328818406514e-01	   6.0615856745365326e-01	   5.9670924150883720e-01	   4.5919496664662351e-01	   4.9821813376909208e-01	   5.9206139645741451e-01	   8.2321947090805359e-01	   1.1242647917672004e+00	   8.8708180393799729e-01	   1.0612641243069714e+00	   8.2619397835210040e-01	   8.7942192314114032e-01	   6.8145582635602808e-01	   8.1634808699130468e-01	   1.0637845831003985e+00	   7.3723553021316734e-01	   1.0285634787061684e+00	   5.8983783218691521e-01	   9.1933941050196100e-01	   2.9986145691325772e-01	   3.2450724011726462e-01	   7.6844507858786271e-01	   8.4907754696692539e-01	   7.6457965569677755e-01	   7.5153059567590830e-01	   5.7328456763339919e-01	   1.0506245252030881e+00	   6.3848955215895253e-01	   9.8597254032819948e-01	   6.9828939929486189e-01	   9.3705699714071389e-01	   4.9104205619332064e-01	   2.6750644860235201e-01	   2.8086114571813009e-01	   6.4473658277360002e-01	   8.3242236675732517e-01	   8.1639115085504077e-01	   7.2301636273202019e-01	   7.0517155570830836e-01	   4.9676138117516494e-01	  -1.1446632575174331e-01	
   5.1146495779405354e-01	   7.9781665173245364e-01	   7.5297461838708601e-01	   0.0000000000000000e+00	   8.8712467223655800e-01	   1.0485845048385001e+00	   9.6417690544179047e-01	   1.2917582651276569e+00	   7.7169887226416833e-01	   7.4132550627613492e-01	   2.3415453178576767e-01	   4.7174307903217416e-01	   2.2500339645579859e-01	   4.6098302833770632e-01	   4.3238630332468797e-01	   9.0262807120825539e-01	   2.1889303422306527e-01	   4.4455057713534607e-01	   3.0131414116712141e-01	   7.4682696257492620e-01	   2.4847293892041844e-01	   3.2556261882414111e-01	   7.5351234644058829e-01	   9.7213346177632709e-01	   5.6536228866883076e-01	   8.5742785167031266e-01	   3.7013191648573640e-01	   3.8801296414421921e-01	   2.0401497068470864e-01	   4.1361449248773940e-01	   6.1297344784306740e-01	   8.5587995035533138e-01	   6.0746822518233801e-01	   7.1302377219685797e-01	   6.5494899783542826e-01	   7.4815426847346123e-01	   4.9971677686606553e-01	   4.1481999691389715e-01	   7.0215225692057448e-01	   7.7693106939310819e-01	   5.9242533367195316e-01	   6.4272482871579473e-01	   4.0322332719119980e-01	   3.2657484524097719e-01	   4.5026005775417011e-01	   4.9177057186611495e-01	   5.7187461566672360e-01	   5.6480684833718253e-01	   5.0529538638796856e-01	   5.5425843824530019e-01	   7.1390932824516451e-01	   6.8968701976474844e-01	   6.0675718643602172e-01	   3.9971315979645639e-01	   6.5938444338341640e-01	   6.6927379289859812e-01	   3.8240328278651986e-01	   5.6919923284557128e-01	   4.6377444404608165e-01	   6.4710938420177755e-01	   3.4986992441308329e-01	   5.1036562036132593e-01	   2.5307557453220497e-01	   5.4069190288178626e-01	   4.8662585002344211e-01	   8.9169426433798415e-01	   7.0923381328874968e-01	   9.1626433124941664e-01	   5.1359502786081712e-01	   5.7358665534572362e-01	   2.8129283240721559e-01	   5.0798139177784118e-01	   4.5869006341511864e-01	   5.5371595128491324e-01	   4.4791390040053913e-01	   4.1789938146934136e-01	   4.5436070563699699e-01	   5.1862354372475350e-01	   2.3440272207988455e-01	   2.7206269945421407e-01	   3.6454810102642182e-01	   4.9419324403263232e-01	   6.0891372198444560e-01	   6.5123260081374046e-01	   6.1007172784621111e-01	   8.0410215917386185e-01	   5.2861662789613839e-01	   5.3806717225364009e-01	   6.6464312554599192e-01	   9.0318726590288878e-01	   1.0587386028550239e+00	   8.5308714960672649e-01	   1.1962747475842115e+00	   7.6057523057020193e-01	   4.4437374828670156e-01	   3.7082661355265117e-01	   8.9559535370730736e-01	   9.3778594640271140e-01	   9.1063550125926418e-01	   6.3395477922245158e-01	   9.1882697489497467e-01	   8.0660430706625441e-01	   7.4554032698020645e-01	   7.6575294890306078e-01	   1.0122439619981198e+00	   7.1873284757495548e-01	   6.1232667047647171e-01	   3.8045083566088800e-01	   1.8152017236148144e-01	   6.7280233208444906e-01	   8.9742113541158308e-01	   8.6913261943451059e-01	   7.6693226561868055e-01	   7.3361472241382586e-01	   5.1168274514507628e-01	  -4.9621012542619858e-02	
   6.7657537701155912e-01	   7.0175393767053063e-01	   8.0818539891770569e-01	   8.8712467223655800e-01	   0.0000000000000000e+00	   1.2359276268204680e+00	   1.1262752076457228e+00	   1.0218600497660888e+00	   1.3385865949265146e+00	   7.8080644045689995e-01	   5.0089862243255601e-01	   6.3631614427372785e-01	   6.2453954323047367e-01	   6.1876948018761935e-01	   7.3182987153942147e-01	   8.1616642705376385e-01	   2.0019394888827113e-01	   4.2532979022561807e-01	   4.6699636783277837e-01	   7.1699129810111661e-01	   4.3742475608342629e-01	   4.7495230719160531e-01	   6.6995954951279801e-01	   5.6782080146848246e-01	   6.3128482994145863e-01	   8.0249448178697702e-01	   5.8441624005227544e-01	   5.6729424867164879e-01	   3.3691941117035334e-01	   5.1394893254894713e-01	   5.1963065249324147e-01	   5.5386943241781650e-01	   5.6468821019044668e-01	   5.8992182374422997e-01	   3.8318091731544407e-01	   3.8228773974370278e-01	   2.6352589261774889e-01	   2.1052034998144376e-01	   4.9945308650719916e-01	   4.9192492840290181e-01	   4.6253490195636188e-01	   5.7205669201430476e-01	   3.3994721821243729e-01	   2.9430760054205968e-01	   6.0662781048412961e-01	   5.7489431130040103e-01	   4.9700402184776010e-01	   4.7864105017358338e-01	   8.1065737266419424e-01	   7.7417373998694095e-01	   7.9796747574274129e-01	   7.7209309899049439e-01	   6.1174551534676080e-01	   4.0814077427214024e-01	   5.3164864025203040e-01	   6.2464887558260429e-01	   3.8113077245529109e-01	   4.5994262083878068e-01	   7.7636206369004290e-01	   7.1103941302332330e-01	   6.8205042763935808e-01	   7.2124645259246123e-01	   3.1075830650788228e-01	   6.9650985012008215e-01	   6.7347809776676115e-01	   8.7304504403789507e-01	   6.6056721408223074e-01	   6.6304330789443888e-01	   5.2709095242139448e-01	   4.6572378827978561e-01	   3.9326258675009612e-01	   6.0420181509244841e-01	   4.6692596828659499e-01	   5.3313823701432494e-01	   4.6706037409914325e-01	   5.0017955728729302e-01	   3.9105696105926657e-01	   3.8816339458731319e-01	   1.4724272661890234e-01	   1.5228741547203489e-01	   3.7119670064312393e-01	   5.9181039700939309e-01	   5.4769910799020805e-01	   5.6063732588852033e-01	   5.3897081701488980e-01	   5.9624644388449366e-01	   4.9466272333009775e-01	   3.6553045937538220e-01	   7.7414480227957971e-01	   1.0053403881930365e+00	   9.8738521309954275e-01	   1.0693956984439650e+00	   9.9515634585745205e-01	   8.2427461806972435e-01	   3.0240824630996105e-01	   3.1733810277589414e-01	   4.9959346375901215e-01	   6.3454846302817036e-01	   8.4053523685800224e-01	   6.6077875242738304e-01	   9.8838562195596880e-01	   1.0989035744358573e+00	   7.0892204230911149e-01	   8.1147356177333352e-01	   5.9117619589258563e-01	   5.5682795008937247e-01	   5.3815079230314833e-01	   1.8678952832924678e-01	   1.4523916979466861e-01	   4.4977018224365173e-01	   4.7713300113729079e-01	   6.2582229123393851e-01	   7.1220126414141682e-01	   6.2008995907455522e-01	   3.3984171617831821e-01	  -1.3724342020480690e-01	
   5.3103246936968840e-01	   6.6084093649301578e-01	   5.2972561017607833e-01	   1.0485845048385001e+00	   1.2359276268204680e+00	   0.0000000000000000e+00	   7.8446125545114964e-01	   1.2911775973280333e+00	   8.8475237624305847e-01	   1.0593902092558893e+00	   4.0601800120810067e-01	   7.5869665958388466e-01	   4.0855673920173657e-01	   6.0558599985433981e-01	   4.3437530088301352e-01	   8.2218055946930235e-01	   2.2130934582526407e-01	   4.0890342484576170e-01	   3.6797753273240386e-01	   7.1855417719719061e-01	   3.0924593528751521e-01	   4.4452381894372150e-01	   5.4096206608952402e-01	   5.9564447817713839e-01	   4.5783627586417303e-01	   7.7102977753987267e-01	   4.2421269166308928e-01	   4.9466710383980356e-01	   2.9798158050747481e-01	   5.2136060735828349e-01	   4.4222970773175474e-01	   5.6673070931633596e-01	   4.6673539259991581e-01	   5.4919431504786365e-01	   2.5137460782799120e-01	   3.3268181180503925e-01	   1.8106047881921972e-01	   1.1743211563303799e-01	   4.9875523490929596e-01	   6.0273477733872416e-01	   4.2827096036235834e-01	   5.8530845154384714e-01	   3.7363673298040945e-01	   3.4866376841140012e-01	   5.5909423493989030e-01	   6.0484903532939926e-01	   5.5196432811878726e-01	   5.3543384023448304e-01	   7.7335306695610351e-01	   9.5649951041588754e-01	   6.9245028385441876e-01	   9.2175782197714518e-01	   6.5402330049987456e-01	   4.9471845634910983e-01	   6.2190833968569448e-01	   7.1810621138983621e-01	   3.0303188021055716e-01	   4.5207057976199294e-01	   6.9356243875530554e-01	   8.7390963143193223e-01	   5.9441855591989445e-01	   9.1800096536402298e-01	   3.5094301366897757e-01	   7.9821485499197875e-01	   4.1335620927374683e-01	   9.3383148884821310e-01	   4.6349571432812792e-01	   5.8521436070948796e-01	   4.5142540519198371e-01	   4.8261489366957799e-01	   2.4014760004785601e-01	   5.6058657716065130e-01	   3.9499459661652819e-01	   5.3784614460137192e-01	   3.6502916707391109e-01	   4.1293451484186228e-01	   3.8035656344761559e-01	   3.9438626943061678e-01	   7.7372670560466927e-02	   8.0601500341996785e-02	   2.7412396246872273e-01	   4.2559841560042755e-01	   4.3911282432555704e-01	   5.9392130953899580e-01	   3.8595716817298747e-01	   5.0079072644085942e-01	   3.8179177405605047e-01	   3.3819515887032786e-01	   5.7774091131928629e-01	   8.7651064929742528e-01	   1.1863564033077560e+00	   9.2603273624131577e-01	   1.1003588858201452e+00	   6.4090243342828535e-01	   4.0435048942359209e-01	   4.1325660621147048e-01	   5.4321230065243098e-01	   7.3704852279845678e-01	   1.0667382015184599e+00	   7.5872768394874845e-01	   1.2109317393816295e+00	   8.8717888375713694e-01	   9.0737519093169938e-01	   8.0254993406173425e-01	   8.1908022130969105e-01	   6.2654316321132442e-01	   6.2131390432626554e-01	   3.2765634389943626e-01	   1.0164930339725929e-01	   4.2353820473130871e-01	   4.7855155765427726e-01	   8.0059176434876744e-01	   8.8203322177129850e-01	   7.8731513687834864e-01	   4.7659725303434775e-01	   2.5018079332340341e-02	
   9.8276412313518946e-01	   9.0499975853078540e-01	   1.2792826546573048e+00	   9.6417690544179047e-01	   1.1262752076457228e+00	   7.8446125545114964e-01	   0.0000000000000000e+00	   9.8043751192086337e-01	   9.4971317792388832e-01	   6.3693897916053543e-01	   7.0175666370578749e-01	   6.4338679206008487e-01	   6.6723121413933817e-01	   7.7317056260918449e-01	   6.7104682317832420e-01	   9.2543894598007004e-01	   4.1193244274946622e-01	   6.2211309299517026e-01	   7.2658132075615445e-01	   9.4877687968943247e-01	   2.8629078610631697e-01	   2.7650807821280726e-01	   7.6468044267966218e-01	   6.5011390311354600e-01	   4.7112638721486749e-01	   5.7658682604548162e-01	   3.5407400619846985e-01	   3.7796472129267134e-01	   5.7056501547779437e-01	   7.3948100804207251e-01	   6.9059056874111791e-01	   7.3793435099666438e-01	   8.6000029112297038e-01	   9.3557751861460248e-01	   4.7400730550799763e-01	   5.2888641406579617e-01	   4.8027766995191035e-01	   3.5532893891978917e-01	   7.4372850727969353e-01	   7.5169777392072701e-01	   7.2847431040974742e-01	   7.0833465185455136e-01	   5.8999309231371544e-01	   5.3665391972068166e-01	   7.5787578531433308e-01	   7.4259603901193671e-01	   7.6811264206317997e-01	   7.0997088054112079e-01	   8.3233558210334424e-01	   6.8350717051081245e-01	   8.7124190267790258e-01	   7.0962451692310069e-01	   6.0155172625135089e-01	   4.8698550690016429e-01	   7.7845847703231064e-01	   8.1979795211479578e-01	   5.5546388012009928e-01	   5.7304397238122928e-01	   8.3348444969929303e-01	   6.8066029710658482e-01	   7.0131909804585302e-01	   5.8073369941684094e-01	   4.6482833350858266e-01	   7.1167759935770580e-01	   6.0581785753606743e-01	   6.9643769310334436e-01	   1.0085967074132378e+00	   9.7225921110240376e-01	   6.0503269984044539e-01	   4.4338750306973640e-01	   4.2171267161597198e-01	   4.4674704706217327e-01	   7.1391316197447308e-01	   7.8112311362476228e-01	   7.0877997821226146e-01	   6.2945710232961116e-01	   6.5447375178591738e-01	   5.9914952370723351e-01	   4.4615018626011443e-01	   3.3429549088230831e-01	   6.2796601536775121e-01	   7.9625061832439448e-01	   7.0838184779677449e-01	   7.2109602571901277e-01	   8.0764238799694543e-01	   7.2874642261258193e-01	   5.1863494003453647e-01	   4.4297579121421843e-01	   8.9414163260669710e-01	   9.8386747946709363e-01	   8.4677934633884566e-01	   9.5302129684946790e-01	   7.0217417518186653e-01	   7.1174398758575896e-01	   2.8133997067474603e-01	   2.7110946096335659e-01	   7.9065945413647343e-01	   7.8553845393654620e-01	   9.3298892001845013e-01	   7.6300494014505138e-01	   8.0718512886070348e-01	   1.0392130770762464e+00	   7.2263052304607833e-01	   9.8776352045606231e-01	   7.7287107618771478e-01	   8.2758503639067693e-01	   4.9879548337715696e-01	   3.0688953124956403e-01	   3.2648443877586386e-01	   7.1129441579355190e-01	   7.3227990241716323e-01	   8.5022984593247919e-01	   6.9285712906370778e-01	   7.4720054840489936e-01	   5.4084807178395744e-01	  -2.1941128059881153e-02	
   5.8804198253512130e-01	   6.3514510411156033e-01	   5.1339382472184270e-01	   1.2917582651276569e+00	   1.0218600497660888e+00	   1.2911775973280333e+00	   9.8043751192086337e-01	   0.0000000000000000e+00	   1.0202927553004741e+00	   1.1133855132448094e+00	   4.3793096631394979e-01	   8.9864694887968632e-01	   5.2593858225604873e-01	   6.9196907106585992e-01	   4.0887560756457186e-01	   9.3028960222925006e-01	   3.1402660711878055e-01	   4.6439827828948249e-01	   3.4146797602593515e-01	   7.0866200596344564e-01	   1.9855371126446947e-02	   1.1345968868730788e-01	   4.5197917434744478e-01	   5.3592578940881686e-01	   2.1022611526196414e-01	   4.5166979044727656e-01	   1.3650784359194390e-01	   1.6919750305667025e-01	   4.0191579823564266e-01	   5.8708360465541209e-01	   4.0801772995047636e-01	   5.8418943157750380e-01	   5.4639922596252943e-01	   7.1969425796923892e-01	   2.7146048417024593e-01	   3.9123550771314924e-01	   2.3366234785959189e-01	   1.0307703467510601e-01	   5.2435758544573396e-01	   5.9835553265412045e-01	   5.3399272363464734e-01	   5.9026094508851712e-01	   3.5108627326592401e-01	   3.3278571720618050e-01	   5.7313835735986474e-01	   6.6871814440690081e-01	   5.4620849388423309e-01	   5.2426545450442463e-01	   6.8211530615091354e-01	   7.4211368908220920e-01	   5.9764088543588745e-01	   6.9135073750003351e-01	   5.2698713703533584e-01	   3.5450258390193190e-01	   6.1725507793850243e-01	   6.4239568975290628e-01	   3.2329115585772289e-01	   3.2991629019189983e-01	   5.5516527991174447e-01	   6.8687078675548752e-01	   5.6918240062393133e-01	   1.0870691308606510e+00	   3.9594576493348915e-01	   7.6835991777581103e-01	   5.2197538013321054e-01	   1.3052928219295858e+00	   5.2567817048267973e-01	   7.0139159807864127e-01	   3.2600865176459726e-01	   2.9506830036865733e-01	   8.5444467940652497e-02	   3.6630676483096919e-01	   4.6850536400036347e-01	   6.2092372043783284e-01	   4.7334919761661154e-01	   5.0334213718680010e-01	   4.5226317630369883e-01	   4.1709291561948530e-01	   1.9860360064182697e-01	   7.9567075332569182e-02	   3.7929481154569783e-01	   4.3853852574720725e-01	   3.3966291959050615e-01	   4.0935567340087919e-01	   3.9610875100463383e-01	   4.8295116253438741e-01	   1.9968368165074629e-01	   1.5183624262194848e-01	   5.9471887739473106e-01	   7.4377732104934857e-01	   1.0616565019489115e+00	   8.0334518234274754e-01	   1.0629729604895968e+00	   5.7372846307139258e-01	   3.6877448964555426e-01	   3.3069912027441251e-01	   6.1943296911477086e-01	   6.6512931313965307e-01	   1.0070962161925145e+00	   6.7317339743913451e-01	   1.1189575106931287e+00	   7.9845144549382541e-01	   7.5346065823271458e-01	   7.6795507733885215e-01	   8.3472180665281537e-01	   5.4478390920104824e-01	   5.1977308016613077e-01	   3.8155063708868403e-01	   1.8512493588047263e-01	   5.1401806751320067e-01	   5.0692934720494209e-01	   7.9939693686755697e-01	   6.9825345134599870e-01	   6.4770572305081220e-01	   4.1828274963129292e-01	   7.0271131155570779e-02	
   5.5864508612029773e-01	   5.1221038493893878e-01	   5.4413315603844681e-01	   7.7169887226416833e-01	   1.3385865949265146e+00	   8.8475237624305847e-01	   9.4971317792388832e-01	   1.0202927553004741e+00	   0.0000000000000000e+00	   8.2689535415625071e-01	   4.5927356803938424e-01	   7.0631385199665075e-01	   6.2984149595171601e-01	   5.1651768371637452e-01	   6.3532482329549567e-01	   7.5520833508138219e-01	   1.3983723190995892e-01	   3.0659726625712580e-01	   2.7966799183685837e-01	   5.1146090753705120e-01	   1.2663361485619751e-01	   1.8197769172610589e-01	   4.5300466913656418e-01	   4.1916994490194937e-01	   3.5249456596384193e-01	   4.2189457313432205e-01	   3.4710805212416551e-01	   3.1471940730283221e-01	   2.9740372662795017e-01	   4.1278776507363918e-01	   2.5393436568089434e-01	   3.4282610556960647e-01	   3.8528076717223786e-01	   4.3888835872489107e-01	   1.6504692397664039e-01	   1.7849027219514860e-01	   1.0150916563217013e-01	   4.2992609525531515e-02	   2.4934028904581346e-01	   2.5734578639895078e-01	   3.2407318630871418e-01	   3.4755341096446885e-01	   1.5028012433954568e-01	   1.1417951093961445e-01	   4.6197962113960889e-01	   4.3885380426729725e-01	   3.0181307436589450e-01	   2.1874524706405665e-01	   6.6127611530466812e-01	   6.1979194795613979e-01	   6.6135401951101924e-01	   6.5107930272191605e-01	   5.4678342488038378e-01	   3.4233473713979584e-01	   3.1600868645813884e-01	   3.8072874104244164e-01	   2.2115179216033998e-01	   2.5563192462868978e-01	   6.3149925128429807e-01	   5.7933749649909683e-01	   5.4647471648023860e-01	   8.0558951198959716e-01	   2.2821828927264301e-01	   6.6055121031298358e-01	   7.4527470986753885e-01	   9.4026249755436275e-01	   4.5809627197478614e-01	   4.7114332465884895e-01	   2.5242771480854465e-01	   1.9381319267872560e-01	   1.5929746425061925e-01	   4.2382301626363594e-01	   3.7812495822660463e-01	   4.6239700988077492e-01	   3.8182901924156243e-01	   4.0230763073380982e-01	   2.6850156959057614e-01	   2.6046766837664292e-01	   8.9238487532796326e-02	  -2.4682092267574497e-02	   2.7328854836181526e-01	   4.3326604702725979e-01	   3.0327018161124386e-01	   3.4564857399057736e-01	   4.1776611431951693e-01	   5.2609191004899192e-01	   2.4444486966045717e-01	   1.8438279355400031e-01	   5.6156914451113227e-01	   6.8904675314801389e-01	   7.8661084508214663e-01	   7.6514771927811498e-01	   9.5731645887550387e-01	   7.0206151374792969e-01	   1.5787492946795809e-01	   1.3557373762911978e-01	   3.1407655375986143e-01	   3.4435051217962109e-01	   6.3848355466602791e-01	   3.7900451391411322e-01	   9.2669689543399392e-01	   8.6278499226882466e-01	   5.8786809879895241e-01	   5.7507927426028516e-01	   4.3635164584160058e-01	   3.6632050581578712e-01	   4.5330092871356892e-01	   1.1142776325011301e-01	   9.1137266954075757e-02	   3.4484509295930293e-01	   2.2114303414336384e-01	   4.2433051341904332e-01	   5.0679054535037404e-01	   4.3361623626071388e-01	   1.8162099686642103e-01	  -1.9739591277944213e-01	
   4.6870654675343226e-01	   3.9069510598105062e-01	   3.7312659812586052e-01	   7.4132550627613492e-01	   7.8080644045689995e-01	   1.0593902092558893e+00	   6.3693897916053543e-01	   1.1133855132448094e+00	   8.2689535415625071e-01	   0.0000000000000000e+00	   4.1899591594896385e-01	   7.8371138310953603e-01	   3.8808065203659808e-01	   6.4779515604963056e-01	   3.1624112624021489e-01	   8.7534045753716661e-01	   2.8167103508829633e-01	   3.0726210284542782e-01	   3.7934209310217926e-01	   5.7751210627100558e-01	   2.4007541488816780e-03	   1.0887468281425969e-01	   2.9301769884422801e-01	   3.9123690711089054e-01	   8.0666063937402832e-02	   2.9351071210392199e-01	  -4.6787689342586251e-03	   3.0486091831049156e-02	   3.7281872830596641e-01	   5.7009602558509020e-01	   3.6998876444053125e-01	   4.6898533616463234e-01	   5.0166139057442471e-01	   6.0913078819719446e-01	   5.9951535413779435e-02	   1.9001699705848318e-01	   3.9665075408690784e-02	  -4.9733126812068602e-02	   2.3678206846700273e-01	   3.4181506924453492e-01	   3.9706009116408725e-01	   3.0105836289428733e-01	   2.7964084153550339e-01	   3.0498719256112589e-01	   5.2015536514759808e-01	   6.2638871468996171e-01	   4.4595372041013959e-01	   3.8663498169391686e-01	   6.7383184739704438e-01	   7.7592799088778008e-01	   4.0533607098063484e-01	   6.3732682999177659e-01	   4.0069788993343952e-01	   2.5225322254768395e-01	   4.0638102284079730e-01	   5.0009119857594753e-01	   1.8937412817179916e-01	   1.5855674898286748e-01	   5.3526251336571173e-01	   6.1866198024082675e-01	   4.6567866676023362e-01	   1.0386095972616298e+00	   3.6665820183268072e-01	   7.0637487812923216e-01	   2.3662272101901433e-01	   7.7043688263500654e-01	   2.6851746130987442e-01	   4.1393195213770545e-01	   2.4593525682130668e-01	   1.6472096652448404e-01	   7.8627739022463256e-02	   2.8239621023338257e-01	   3.7343790753658845e-01	   4.7012243263315817e-01	   3.0473425661595949e-01	   2.6254590940191735e-01	   2.6403990844529357e-01	   2.7473806385546046e-01	   1.1979352924575151e-01	  -1.8425639652130423e-02	   2.6732206332135028e-01	   2.8373311408504709e-01	   2.7040206383733550e-01	   3.3376927417134089e-01	   1.7939846848448499e-01	   2.7639408716336078e-01	   6.9148819582705745e-02	   9.4416796755882271e-02	   2.3279675953140902e-01	   4.4512916885500087e-01	   8.3792535617769781e-01	   6.5064291244383576e-01	   7.9246278571181328e-01	   4.4538286916264652e-01	   2.3883622386952563e-01	   2.1276910429530466e-01	   3.6561987560846482e-01	   4.7605734419660950e-01	   7.9018030069820744e-01	   5.9112677664271573e-01	   1.0132553380608047e+00	   6.7193865453318002e-01	   7.1099605718936598e-01	   6.0204119932184363e-01	   5.6315570267343873e-01	   3.1493505761972579e-01	   4.8099727485917920e-01	   3.7287584820100372e-01	  -1.6480493863382493e-02	   2.6567298995823585e-01	   2.4458325175066048e-01	   6.9300586250518259e-01	   6.5279507793249203e-01	   6.3146207004747390e-01	   2.9973171582328140e-01	  -4.2918457969733587e-03	
   1.2395382927527299e+00	   6.7405120944797103e-01	   5.4077587440748287e-01	   2.3415453178576767e-01	   5.0089862243255601e-01	   4.0601800120810067e-01	   7.0175666370578749e-01	   4.3793096631394979e-01	   4.5927356803938424e-01	   4.1899591594896385e-01	   0.0000000000000000e+00	   1.0379714562479077e+00	   1.1998204946067064e+00	   1.4493433087046426e+00	   7.0485774461710216e-01	   7.0065752494621281e-01	   9.2735542982223662e-01	   9.5205217335868009e-01	   1.1692448471651491e+00	   9.1116139501654125e-01	   2.2793369903621416e-01	   1.5994672825486000e-01	   4.5203227834619741e-01	   2.4731502883754400e-01	   5.0425748681079394e-02	   7.4726613607136144e-02	   8.9441112574226822e-02	   1.5199414317322296e-01	   1.3814402447806633e+00	   1.4042276366996851e+00	   6.1464160179932470e-01	   5.4682298215488467e-01	   9.1730938692321640e-01	   9.5906375170527414e-01	  -1.8130769982570138e-02	   3.0607646842392935e-02	   2.8476294310067229e-01	   5.3976392304611202e-02	   4.8430639910415768e-01	   4.9569725661474884e-01	   6.3018116980900096e-01	   5.1300344545479271e-01	   4.8439160831077477e-01	   5.0043224667281860e-01	   6.0949994914027372e-01	   6.2669089595413840e-01	   5.9576489677743205e-01	   5.7736515791995668e-01	   7.5452747136534459e-01	   6.2771435790203123e-01	   4.6671826337488420e-01	   4.5195684519136026e-01	   4.9221861195196537e-01	   3.1119296682189412e-01	   8.0170894157678796e-01	   7.9695080027171483e-01	   6.5416799653396041e-01	   4.8014275260839206e-01	   1.0147910570645933e+00	   6.9968620491299061e-01	   9.7164515856937284e-01	   7.0307433937818520e-01	   9.1688074454295765e-01	   1.0982350769232907e+00	   1.9552041390008545e-01	   2.6331785523494300e-01	   5.9521005340418187e-01	   4.4203493554540907e-01	   4.6600990899175332e-01	   1.8448346792361794e-01	   3.3519215970442123e-01	   3.1676577789441895e-01	   1.0749785677307755e+00	   1.0993140180133378e+00	   1.0884447674327054e+00	   1.0185156969530162e+00	   8.1895697868781525e-01	   7.2307701284794479e-01	   6.8048528116476270e-01	   4.7558735641234651e-01	   9.3175011653645690e-01	   9.6326497796359289e-01	   4.6115198953885711e-01	   6.0095995743904007e-01	   6.8341909983825011e-01	   3.9056100886723671e-01	   2.4941423341258268e-01	   1.3230632488095806e-01	   5.2622281652461056e-01	   5.8779107494480121e-01	   5.3545750480546084e-01	   5.1583132810994037e-01	   2.1132261062295360e-01	   2.0824466429558258e-01	   1.1957979779495335e-01	   3.8861724976932195e-02	   4.1906507521335301e-01	   4.2476528146670001e-01	   7.2903455843195220e-01	   7.6944692787256719e-01	   6.6330450056099011e-01	   6.2062202399870092e-01	   7.3087807507629565e-01	   7.2660416034894071e-01	   3.2232600276622581e-01	   4.1545093046228276e-01	   2.1911585725349134e-01	   3.2721120852462364e-02	   4.2097778489186904e-01	   4.9168900710937591e-01	   1.8504580030722187e-01	   5.2247740696522260e-01	   4.1732991272579434e-01	   6.1169943069671029e-01	   5.1328839528683334e-01	  -3.7972385695751308e-02	
   8.0165913249787846e-01	   5.7384150567746595e-01	   2.7360002008895845e-01	   4.7174307903217416e-01	   6.3631614427372785e-01	   7.5869665958388466e-01	   6.4338679206008487e-01	   8.9864694887968632e-01	   7.0631385199665075e-01	   7.8371138310953603e-01	   1.0379714562479077e+00	   0.0000000000000000e+00	   1.0961803212537726e+00	   1.1818549519405099e+00	   4.4566004995894298e-01	   8.1313416207039790e-01	   6.1892127074789072e-01	   6.8811513104940580e-01	   5.6321270474834750e-01	   7.1021866646434828e-01	   4.0301102981076496e-02	   5.7263982315573246e-02	   2.2105863745317869e-01	   1.6594659763512037e-01	  -6.0810107781929426e-02	   7.1108988765378078e-02	   3.7796665937134814e-02	   1.0133151716162832e-01	   9.0380130351619958e-01	   1.1196528942702004e+00	   3.2348635215211835e-01	   3.9330071588337556e-01	   5.5250236664477492e-01	   7.2708646901601470e-01	  -1.5318225983365247e-01	  -4.8066285116344490e-02	   4.7395899266170452e-02	  -1.6936308108351192e-01	   3.6834167123299483e-01	   4.2276447770899428e-01	   4.5656628535848021e-01	   4.6457317602305959e-01	   3.7218346571083338e-01	   3.9408113822308682e-01	   6.1513474884353225e-01	   6.9278862159347321e-01	   5.3621365398263787e-01	   5.2788458217823175e-01	   8.9479208586092229e-01	   8.9446793862239438e-01	   5.3873240766648089e-01	   6.9024032793568402e-01	   5.7015415439143602e-01	   3.8948897721735276e-01	   7.1996861404629375e-01	   7.5554185601793067e-01	   3.2986989899431102e-01	   2.5343535722218563e-01	   8.4686253156166469e-01	   7.7114964637023764e-01	   8.8111530733168286e-01	   1.4165078661427550e+00	   6.7332396072341827e-01	   1.2189532824259701e+00	   3.1093236713729122e-01	   6.6104345776313955e-01	   3.7829320443438208e-01	   3.9977832644779876e-01	   1.9796679390331282e-01	   3.2538975177451114e-02	   1.2942493936381347e-01	   3.4504223820080215e-01	   6.9105120088409433e-01	   8.9181067760363941e-01	   6.9745074512979766e-01	   7.6877570093387648e-01	   5.6734912818898975e-01	   5.7848184259898205e-01	   3.6476574212419333e-01	   1.4798234513288011e-01	   5.0195474389406203e-01	   5.2466193244415693e-01	   1.8913440356459030e-01	   3.4430522228411792e-01	   2.9037490410421968e-01	   2.6205903835082556e-01	   1.2874284900922376e-02	  -5.4817483513053065e-02	   4.5587696650699383e-01	   5.5929778282787024e-01	   7.6592741181555757e-01	   4.6880357746889623e-01	   4.4553707257239683e-01	   1.2497111274967646e-01	   1.7076512692697038e-01	   1.5696120428746524e-01	   3.9304790753964486e-01	   4.3289232046885612e-01	   8.8549792891179691e-01	   7.1331739054769672e-01	   9.8145509568309819e-01	   5.1496487004707725e-01	   7.5332981336087235e-01	   6.0648974872477734e-01	   4.4411092987454820e-01	   3.5076094572670619e-01	   3.2408557802040044e-01	   1.5146370623418459e-01	   3.9224715198295834e-01	   4.6964726334557727e-01	   1.4384178231192263e-01	   5.8870175636586675e-01	   5.2461906945402048e-01	   6.3488366563947463e-01	   5.2876395004103760e-01	   8.2530292334799638e-02	
   8.6683730184051921e-01	   4.9346664934530743e-01	   3.5497521339010890e-01	   2.2500339645579859e-01	   6.2453954323047367e-01	   4.0855673920173657e-01	   6.6723121413933817e-01	   5.2593858225604873e-01	   6.2984149595171601e-01	   3.8808065203659808e-01	   1.1998204946067064e+00	   1.0961803212537726e+00	   0.0000000000000000e+00	   9.9321234765783128e-01	   5.8178048693489937e-01	   5.2962291522238525e-01	   6.3234200325525813e-01	   6.5707160438683909e-01	   6.2670402433533234e-01	   6.0727477319039258e-01	   1.0296065592017019e-01	   3.7977768037034669e-02	   2.0832524435248739e-01	   2.4068202061302162e-02	  -3.1319414983214444e-02	   6.8405967801535269e-03	   5.5682867010199900e-02	   7.5521207323735629e-02	   9.7106811219782807e-01	   9.7458623214950046e-01	   3.2062816988574688e-01	   3.1433163129949743e-01	   5.7442780816117933e-01	   6.9036282857261599e-01	  -3.4346312821750623e-02	  -2.4384810185185705e-03	   1.6934426946181344e-01	  -5.7449205949006217e-02	   3.7349780761578549e-01	   3.2403057359992121e-01	   5.0528416380010788e-01	   4.0701993701820194e-01	   3.2267689016924533e-01	   3.3183362113843501e-01	   6.1959816677769819e-01	   6.0164389720780775e-01	   4.3265540596965907e-01	   4.5219166970327579e-01	   7.9363814129733601e-01	   5.6922295508725185e-01	   4.9007602588794025e-01	   3.7851941926603550e-01	   3.9607070023859853e-01	   1.9510970394301200e-01	   6.4392136210390694e-01	   6.0728227822234226e-01	   4.0315180888737601e-01	   2.3820000000397329e-01	   7.5469062660223163e-01	   4.5437070870171203e-01	   1.1193902861610991e+00	   8.3488404813001016e-01	   6.7869090334130655e-01	   8.5556258180929623e-01	   5.4454511668464889e-01	   4.9425503558056400e-01	   5.0883931056390386e-01	   3.7126257441886790e-01	   2.7534391769836708e-01	   4.9075149317287931e-02	   1.3979850771721281e-01	   2.7388845353617186e-01	   7.1930887231980012e-01	   8.2073639541774757e-01	   8.0440200138784856e-01	   8.4870508563231173e-01	   6.0492185409223076e-01	   5.5161191955023658e-01	   3.9521121323925951e-01	   2.1383310516275872e-01	   6.1739454626902834e-01	   6.4363029598203725e-01	   1.9272379916252103e-01	   2.8220872909964523e-01	   4.1423016955394082e-01	   2.2195561103944911e-01	   8.0900169469038608e-02	  -8.7108021388002554e-02	   6.9942788335943562e-01	   5.1342340312840717e-01	   4.3669820468050047e-01	   3.8718490757580648e-01	   1.8946330886444018e-01	   1.3375445226850341e-01	   8.8079122539167012e-02	   7.6047977461974350e-02	   3.1585369366301297e-01	   3.1313420211937981e-01	   5.4497618951092131e-01	   5.6775018707870850e-01	   5.6477321815519776e-01	   5.0874557355844541e-01	   4.9515543886794527e-01	   5.1972011909421012e-01	   2.4321537554892231e-01	   3.1288038238214816e-01	   1.9233249974234756e-01	   4.5044515408617973e-02	   4.0491487883229110e-01	   4.2160130180490696e-01	   1.3068809812833401e-01	   3.5200485214651639e-01	   2.3626101448412407e-01	   4.0982521512557657e-01	   3.8387353761118603e-01	   3.9024552170061184e-02	
