   0.0000000000000000e+00	   7.4601568746461688e-01	   3.2978544171965563e-01	   6.4205387525571778e-01	   6.0674542600399262e-01	   4.9684620363254550e-01	   4.4527421838834630e-01	   5.7755248889560462e-01	   4.3509054135610736e-01	   4.8965320666728140e-01	   3.1125356235086787e-01	   6.8061086970953588e-01	   1.4990550498722116e-01	   4.6468960986287966e-01	   3.1153103164676486e-02	   8.7759682983219248e-03	   5.1358061139012401e-01	   4.4485803827545711e-01	   8.0590171394381627e-01	   7.5701694754847138e-01	   2.7686099685376708e-01	  -1.4253901674895689e-02	   4.0799136122659757e-01	   5.2411654386225937e-01	  -4.7695885560811349e-02	  -1.3444286052927546e-02	   1.6418471878640312e-01	   2.6614340027584998e-01	   3.0091512387756925e-01	   3.2308257099614435e-02	   1.2916669697379899e-02	   1.3571285544196540e-01	   7.2630935700389410e-01	   6.8387939346302351e-01	  -2.1437856485163417e-01	  -6.4399289274045118e-02	  -1.8257958389222917e-01	  -3.9741908613717392e-01	   1.7856668823515765e-02	  -2.8804827364264379e-01	  -2.7047114332192890e-01	  -1.3865616796582270e-01	   1.2065305015713454e-01	   1.5899822921297932e-01	   1.6997209609615072e-01	   2.5936953125569945e-01	   1.3035087919239116e-01	   1.8687294899356921e-01	   4.1389593429122129e-01	   1.2841092968240417e-01	   2.2216704048864028e-01	   1.2393555493944364e-01	   5.0864126660771496e-02	   1.7361547016497941e-01	   7.4344625237662216e-03	  -1.4322517525474160e-01	   1.2409079028934429e+00	   5.5130634197562167e-01	   4.1025707577010811e-01	   3.3396630494210050e-01	   6.1043376451195042e-01	   4.6332498143315770e-01	   6.0817355722330690e-01	   5.9939525729698828e-01	   2.2048339180547658e-01	   3.1965543682093678e-01	   4.1878488401582958e-01	   2.8332216222559975e-01	   4.6477713308731983e-01	   6.4416389752505143e-01	   3.3418964645104798e-02	   2.4972006959237752e-01	   2.7637274147519608e-01	  -1.2138198008655596e-02	   5.6414467406886173e-02	  -9.2772730415446841e-02	   3.5741587793049430e-02	   1.0060051205798263e-02	   2.8455224709694493e-01	   1.5603884592949399e-01	   3.6104689339829538e-01	   2.4317545387291925e-01	   1.6599621657203933e-01	  -1.0551433268935979e-01	   1.4807455559396315e-01	   2.9177555125717691e-01	  -2.0958598795191161e-02	  -3.2000357047289452e-01	   2.9338138655451501e-01	  -6.2128183265906439e-02	   2.0797463012478762e-01	  -1.3048979623491917e-02	   2.7023872013051820e-01	   3.0824929852441049e-02	  -1.8913685053918330e-01	  -3.6785552699591445e-01	  -1.3442546860726357e-01	  -1.7517073929495447e-01	   1.0213998422414818e-01	  -1.0109505266440691e-01	   1.4131904055304031e-01	   2.4181604488011193e-02	   8.1050501276103706e-02	   1.0334950560046392e-01	  -1.3741908804420533e-01	  -3.7909624026622213e-01	   5.5979219251326762e-02	   2.3541074849638116e-01	  -2.1881878605617860e-01	  -2.3768908878574002e-01	  -4.9108950285815687e-03	   1.5125960228778293e-01	   1.2900629464373363e-02	  -1.8279208080297396e-01	  -5.0202571474011681e-01	  -4.6431611552617758e-01	
   7.4601568746461688e-01	   0.0000000000000000e+00	   4.3820728054518684e-02	   6.1133156923571730e-01	   2.4232603442570824e-01	   2.1905331414731394e-01	   1.3274822086804500e-02	   3.8999274609359807e-01	   1.0502391231449801e-01	   1.9861542182778252e-01	   1.5721224493691346e-01	   4.9307933105138979e-01	   2.2406876189040054e-01	   5.0308619198656790e-01	   1.0194778500733809e-01	   3.4765848093996721e-01	   4.4527561936498727e-01	   4.1122085055250646e-01	   5.5147985446184655e-01	   9.6957570477994903e-01	   1.1434851476801867e-01	   8.5292827926223988e-02	   4.9760541689048671e-02	   2.6658197538435718e-01	   1.2514244994035487e-01	   1.7650310641803724e-01	   2.2949473967953798e-01	   3.1125778321554431e-01	   3.8941170873921438e-01	   3.1105110819633724e-01	   2.4817249252540401e-02	   1.0819538302084573e-01	   6.4260592464286470e-01	   6.6650814700265482e-01	  -1.5292155737329652e-01	  -3.4644912526214461e-02	   1.3691341483396485e-01	   4.1885346527501192e-02	   2.8000521463360012e-01	   1.4141279587928365e-01	   8.3529129272150761e-03	   2.4502147282770242e-01	   1.9252984501726161e-01	   2.1164897779238556e-01	   1.7918116848581481e-01	   2.6166967269493668e-01	   2.1933542339196427e-01	   2.1388166907296838e-01	   2.7683038408737837e-01	   1.2958633800255545e-01	   2.3611060557217739e-01	   1.4216752536736080e-01	   2.2588801639628420e-01	   2.1148783508479316e-01	   2.3915849783959842e-01	   1.1950222398577831e-01	   8.4825072638750987e-01	   9.6206502461552479e-01	   2.7643095526103867e-01	   3.5329344894576287e-01	   3.5470433723264005e-01	   4.6269946685429758e-01	   4.4463462943086207e-01	   5.4869551610371192e-01	  -1.5505912141549200e-02	   2.4171735815256915e-01	   3.6918483970522020e-01	   3.2179828324220955e-01	   6.8981055828468552e-01	   7.5735664429348537e-01	  -7.7786125689381855e-02	   2.6001739844977700e-01	   3.4096633628185274e-01	   3.2842232364075880e-01	   1.1747558799746698e-01	   1.9101532905110097e-01	   1.4916144610684182e-01	   2.4880424350443037e-01	   4.4074108552638869e-01	   4.2659265812728753e-01	   4.7643766830895184e-01	   4.9489154415922842e-01	   3.5270696260874174e-01	   4.0061400952460618e-01	   1.6945864429059071e-01	   3.9748948032627202e-01	   2.6054965060755075e-01	   1.7450350119191027e-01	   2.9538336258313386e-01	   2.2829558757837176e-01	   2.8012948852368247e-01	  -1.6547141118571188e-01	   3.3615011227673830e-01	  -1.4336103226671820e-01	   1.4010206686637230e-01	   4.7402817970144569e-02	   2.1636513491454606e-01	   1.8629653093969223e-01	   2.2376797585598890e-01	   4.1028089586738273e-02	   4.0242145653832612e-01	  -2.9073868175295909e-02	   4.2000726769723207e-01	   2.5474935756176353e-01	   2.3988024536233954e-01	   8.3032649746506981e-03	   3.6529813536437483e-01	   4.9209873109429381e-01	  -4.4349907449240250e-02	   9.3705554853567755e-02	   2.1165728236762948e-01	   3.3351083178383911e-01	   3.3227463629037157e-01	   1.2359346967344936e-01	  -1.3126373238358763e-01	  -1.0628480531035048e-01	
   3.2978544171965563e-01	   4.3820728054518684e-02	   0.0000000000000000e+00	   8.0323821524044714e-01	   6.9169948108615065e-01	   3.5408845136971001e-01	   9.8142688284809299e-01	   6.4430941371683315e-01	   9.2736760970152390e-02	   5.5099371017770724e-02	  -3.2189401589645841e-03	   5.2637422182706860e-02	   8.1134581543741036e-02	   1.0120862008192241e-01	   2.2801718717307123e-01	   4.6274210525047918e-02	  -3.8366149635057406e-01	  -2.7611462175422535e-01	   4.1345497289638067e-01	   1.9453872179794177e-01	   4.7504098934900360e-02	  -1.7506052447356762e-01	   1.0677002681580512e+00	   7.7805117852083117e-01	   3.0149545819548479e-01	   2.6098720849024526e-01	   3.9908615551598858e-01	   2.5230488771091086e-01	  -3.5804934448441678e-01	  -3.7832496685159134e-01	   5.1649998230647187e-01	   4.8451908556003709e-01	   3.4462727971576290e-01	   3.2889202556535269e-01	   3.1672452191474598e-01	   1.9558819495313995e-01	  -2.1952963246379675e-01	  -1.2807647599859254e-01	  -1.0356245899529429e-01	  -3.4038983797683636e-02	  -5.8961192782330873e-01	  -2.5927597748574899e-01	  -6.9694939295552344e-02	  -1.0400069054238611e-01	  -2.6958210600309422e-03	  -8.4463848526258409e-03	  -1.9891100777469919e-01	  -1.9630656502178642e-01	   7.4371859446940372e-03	  -1.5512883327375726e-01	   1.0307901671263092e-02	  -1.3932973145344013e-01	  -2.7007834788899254e-01	  -1.0312651672072182e-01	  -2.2648081448353188e-01	  -6.5564717461251518e-02	   1.3716934120303574e-02	  -1.4606964037186451e-01	  -2.8079094404843994e-02	  -1.7614139824345321e-01	   3.1912506201149354e-01	   3.2463265659918533e-01	  -1.4919360097501910e-01	   3.0736993895286845e-02	   7.7625476165732565e-01	   6.3749893471952590e-01	   2.6210823088497104e-01	   2.8409480308938773e-01	   1.4153900467555314e-01	   3.2712272771070705e-01	   4.1094990743933593e-02	   3.0351802290537671e-02	  -3.1317170903485736e-01	  -3.9762037112919241e-01	  -2.5681981819229577e-01	  -3.3158578592853660e-01	  -1.7825189909192957e-01	  -1.9879766427517237e-01	  -3.9115145846521582e-01	  -2.9242072782228440e-01	  -2.8001535515697829e-01	  -9.9897933764350553e-03	  -2.1975889748161556e-01	  -8.6502818041928664e-02	   3.4151581307848461e-01	   3.9457094777435520e-01	   9.5299160357704804e-02	   1.6398809689346219e-01	   8.1264998747015607e-02	   1.5241834024665549e-01	   3.0884178094786999e-02	   2.5866972534635901e-01	   1.7865210072817073e-01	   4.9364017089264678e-01	  -2.2518510499867292e-01	  -3.3733630529161485e-01	  -2.9639711462649165e-01	  -3.4832921886294482e-01	  -2.3647428093819417e-01	  -2.5606581767233666e-01	  -1.1156243874710897e-01	   3.5612752090703026e-01	  -1.9100818593375418e-01	  -9.8075224304201097e-02	  -2.3412366280341318e-01	  -1.6660380509484279e-01	  -8.8118954926365956e-02	  -1.4322842152321841e-01	  -2.1159961293080093e-01	  -1.6662259786547656e-01	  -1.3274491492255656e-02	  -2.7921727716175104e-01	  -2.5445368993879502e-01	  -3.7163971323820344e-01	  -2.5597177180308905e-01	  -2.1983336945339146e-01	
   6.4205387525571778e-01	   6.1133156923571730e-01	   8.0323821524044714e-01	   0.0000000000000000e+00	   7.7126305606793366e-01	   6.8759323059924482e-01	   5.7499112050102019e-01	   1.1970027051089349e+00	   2.2516228118714948e-01	   3.3990131237470023e-01	   1.2158473443664713e-01	   5.3620779248576644e-01	   1.9361598890150550e-01	   5.9634867458329222e-01	   2.7106701899713981e-01	   3.4669386102952859e-01	   3.2994730323014421e-02	   3.0861071911308689e-02	   5.1843922376893747e-01	   7.3600482895737052e-01	   1.6514312707461470e-01	   8.5845855598490090e-02	   6.8853582352610843e-01	   1.1830540703654804e+00	   3.2141662838114404e-01	   4.5969410209782302e-01	   4.0649450837884793e-01	   4.7373854212121425e-01	   7.8903585668836720e-02	  -5.9407282813358497e-03	   4.7034092720020459e-01	   6.4377382245029602e-01	   6.9896004846992466e-01	   7.9409494659323665e-01	   1.6467331201628438e-01	   1.9311504662669859e-01	  -2.2302572885631800e-01	  -2.0860188985111094e-01	  -6.9272910430017057e-02	  -3.4056372988587172e-02	  -4.4359297328935621e-01	  -7.4411261436917300e-02	   4.4056889982426128e-02	   1.1711533560440563e-02	   1.4808040407453754e-01	   1.7689499123229940e-01	  -1.8911854032751214e-02	  -2.0365346576646622e-02	   2.0585189751051586e-01	   3.6607359333502613e-02	   2.3702882125739150e-01	   8.4356438816309248e-02	   6.3476419826691208e-02	   2.4681950138240766e-01	  -3.2635741237320964e-02	  -1.0322513625441039e-02	   4.2858094050481932e-01	   3.1907005048708498e-01	   1.0606332392704224e-01	   1.9281692465545908e-01	   4.2845537158661184e-01	   7.1877897083545128e-01	   1.8365340470059227e-01	   4.8049089950382412e-01	   5.0864146637994034e-01	   7.3390474388007143e-01	   4.7216646138745050e-01	   5.2644165911968288e-01	   4.8506356734785971e-01	   8.0979500728337217e-01	  -6.7585181298012567e-02	   3.1976633288829903e-01	  -1.1253019464524405e-01	  -1.6614786018082126e-01	  -2.1652221605465841e-01	  -1.9096249187434081e-01	  -1.4377693286899187e-01	  -7.2836269885844226e-02	   5.0089368216167402e-03	   2.8967181740510696e-02	   1.4072790709487154e-01	   4.0127319006201068e-01	   1.2832236430654345e-01	   2.2238548306909514e-01	   4.0701054826908151e-01	   7.6144871347781795e-01	   2.2002551340689799e-01	   2.3811927149794804e-01	   2.6426399897426966e-01	   3.8469595896930786e-01	   3.9561859006673672e-01	   2.1533491449078644e-02	   5.2608007248565936e-01	   1.2888696617573936e-01	  -1.2108325868743053e-01	  -2.3558732040665181e-01	  -1.8137547013507649e-01	  -2.5027369143908540e-01	   7.3573302273333446e-02	  -2.3537924657306275e-01	   2.2930787537967479e-01	   1.3122085626461050e-01	   1.1090958563099582e-01	  -6.9689372578954162e-02	  -6.4343347604718215e-02	  -2.4302496059153339e-01	   1.9121444526186820e-01	   1.2484609419693962e-01	  -1.4870459680332565e-01	  -1.4783178875318309e-01	  -5.3808538026945286e-03	  -4.5897677403493306e-02	  -8.0975560711251421e-02	  -2.8063041192220278e-01	  -3.4492859545225407e-01	  -3.1232127489961364e-01	
   6.0674542600399262e-01	   2.4232603442570824e-01	   6.9169948108615065e-01	   7.7126305606793366e-01	   0.0000000000000000e+00	   8.7813576932179849e-01	   9.1564083948381647e-01	   9.2858368236370137e-01	   7.5034536126786333e-01	   6.0550507087961514e-01	   2.2283840430871321e-01	   4.9027311571703835e-01	   2.1435546928216279e-01	   4.0073908794705942e-01	   3.3547721011992071e-01	   2.2279590305241879e-02	   2.9695278701507431e-02	  -1.1604697686693588e-01	   4.4257581662272744e-01	   3.8018452048362450e-01	   2.2914844199534823e-01	   3.9981204215674068e-03	   6.5246629169624137e-01	   6.4633010838305960e-01	   1.8928214702500634e-01	   1.4395942256667810e-01	   2.4199526287398396e-01	   2.6973699069617441e-01	  -6.4703702701763482e-02	  -2.5050993779128827e-01	   2.8866285083842963e-01	   4.2281055825623770e-01	   3.8212041974176714e-01	   4.0739473523507053e-01	   7.3101919043252514e-02	   5.1297234861059242e-02	  -4.9905581929724302e-01	  -5.9750532188502903e-01	  -2.4859135922283065e-01	  -3.3152228541318018e-01	  -5.8687699422892081e-01	  -2.9651534315718592e-01	   1.3763694338693416e-01	   3.8103925553199390e-03	   2.4018634220826271e-01	   1.7707420513826397e-01	   8.6172788723870158e-02	   1.0176972956826411e-02	   3.4767687553256404e-01	   1.4339395927039195e-01	   3.1411115099732057e-01	   3.2924579050719376e-02	   1.2058622989040918e-01	   2.3226271740331073e-01	  -8.5122660407058334e-02	  -1.2433849333434746e-01	   3.8192368529091003e-01	   5.0565397682449137e-02	   3.1421857743621728e-01	   2.9215561637912174e-01	   5.7521410551967578e-01	   6.4239906573574057e-01	   9.8970757732265643e-02	   3.1726267171647982e-01	   7.4716891262375873e-01	   5.5202917456582468e-01	   3.8091497426378029e-01	   3.0010116579123497e-01	   3.4915971473196383e-01	   6.3188789982597848e-01	   9.8791923046388952e-02	   3.2028692029086814e-01	  -5.8184028690300094e-02	  -3.4815375969725693e-01	  -1.0601356618398632e-01	  -2.6106475050950073e-01	  -2.0178606213472569e-01	  -2.9542912119982101e-01	  -7.2507121452792339e-02	  -1.8460537448233430e-01	   2.1053965094472611e-02	   1.5873158534787188e-01	   1.3786375414868168e-01	   3.5418484292731013e-02	   5.3208812785348569e-01	   4.3761039387150152e-01	   1.2162615361126924e-01	  -1.2582722630153753e-01	   4.3191767593183328e-01	   2.0790658254783181e-01	   5.2524792461858016e-01	   3.0116564779876004e-01	   5.4237769135833258e-01	   3.4046149133972592e-01	  -4.1061816377898264e-01	  -6.0098677946251766e-01	  -4.3153771227026155e-01	  -4.6719091507127136e-01	   1.6442342795141018e-01	  -1.2803459783868981e-01	   2.0378177508405082e-01	   2.0862969843790322e-01	   2.1969204181106958e-02	  -1.4771193890569148e-01	  -1.4060280900041985e-01	  -3.6462615312684793e-01	   5.0318611452984871e-02	  -5.6578917873258298e-02	  -2.9402512012347976e-01	  -3.8549480131676261e-01	  -2.0716440471295097e-01	  -5.2077447275369615e-02	  -1.0198358924875123e-01	  -3.2118768182849644e-01	  -4.6336997136778774e-01	  -4.7433436032542686e-01	
   4.9684620363254550e-01	   2.1905331414731394e-01	   3.5408845136971001e-01	   6.8759323059924482e-01	   8.7813576932179849e-01	   0.0000000000000000e+00	   5.3632674401778424e-01	   1.0335139463856344e+00	   9.5425966705152321e-01	   1.1862774284880790e+00	   2.4325234727090861e-01	   7.4893118017112625e-01	   1.1721526944872299e-01	   5.5378893062429890e-01	   1.0216737561873318e-01	  -2.6683154069586609e-03	   2.2819458780372731e-01	   1.3696967771773360e-02	   2.1513943097203364e-01	   4.4439025045886893e-01	   3.7598793685418574e-01	   4.0280367075543766e-01	   2.5268599539312742e-01	   5.8609709686864186e-01	   3.2604854311002057e-01	   4.9147597083897643e-01	   3.1792762445755196e-01	   5.9513421210887263e-01	   4.4630294479518794e-02	  -2.0060787511595973e-01	   2.9161831530569687e-01	   4.8383701619132657e-01	   5.3720338851084393e-01	   5.5745422791696808e-01	   1.8696105171795951e-01	   3.8447313656738624e-01	  -1.8604875952865443e-01	  -2.7360728876875995e-01	   6.6266700087324770e-02	   1.2244746488220324e-02	  -3.0561292274689361e-01	   2.8080968194274390e-02	   3.6848537582282231e-01	   2.8694340522034473e-01	   4.3946965580043762e-01	   4.5214827510519751e-01	   3.1866028807764912e-01	   3.2341328152346893e-01	   5.3113065500359502e-01	   3.9775375656992462e-01	   5.5326182362557541e-01	   3.5511187994848536e-01	   3.4305140080201429e-01	   4.0175216798337421e-01	   1.8447407717903794e-01	   1.6031461702617869e-01	   3.9559381938756599e-01	   1.5895636874210256e-01	   4.3595315775138338e-01	   6.1382932640387233e-01	   5.5566913471531942e-01	   7.5778139226285879e-01	   2.6427066228948376e-01	   4.6309251613932434e-01	   2.9979304227081216e-01	   6.9059751346634779e-01	   5.6236036245150889e-01	   5.7182081511244898e-01	   4.2579238728650093e-01	   7.3253273141272168e-01	   8.2395174565122090e-02	   4.6230684139848982e-01	   1.2229863320112297e-01	  -1.1748312978898856e-01	   4.3824265567886558e-02	  -5.9369364940865151e-02	   4.0442432021677972e-02	  -1.2272892051906352e-03	   1.2334005447882850e-01	   7.7693964073367681e-03	   2.7129704171514102e-01	   3.3003828914010352e-01	   2.5779583063653194e-01	   1.3601226376922155e-03	   2.9565258308151415e-01	   6.6047731923887465e-01	   1.3457713730794468e-01	  -5.7256696149430117e-02	   5.8605194530591931e-01	   4.7992656592875116e-01	   7.9050588280114509e-01	   4.1065425100922037e-01	   7.1017499089489677e-01	   2.2669853263286555e-01	  -1.1651365641992592e-01	  -1.9010505224389465e-01	  -1.1576662930725463e-01	  -2.0986548163174151e-01	   4.2714048234546770e-01	   4.9432679529952582e-02	   4.2338650898944957e-01	   2.8246504041680315e-01	   2.1573588796613338e-01	   1.3192252502711113e-01	   1.3715618140414843e-01	  -1.0365712680265340e-01	   3.4139760854677814e-01	   2.3542064233826507e-01	   3.8860495143327345e-02	  -1.4865524495937710e-01	   6.0084186615890829e-02	   2.2075150916444472e-01	   1.4795543706931691e-01	  -2.9213459300757506e-02	  -2.4023923007379039e-01	  -3.2887915904764631e-01	
   4.4527421838834630e-01	   1.3274822086804500e-02	   9.8142688284809299e-01	   5.7499112050102019e-01	   9.1564083948381647e-01	   5.3632674401778424e-01	   0.0000000000000000e+00	   8.4827708723697892e-01	   5.0345180094772046e-01	   3.7449201398335302e-01	   2.5218887734566448e-01	   3.6985212491630770e-01	   2.5522357049773853e-01	   3.1014614594651979e-01	   1.5649130937345876e-01	  -1.3940086139165295e-02	  -1.2359003392466300e-01	  -8.7778308500788826e-02	   4.8054258546311984e-01	   1.9471076094723017e-01	   5.3625333815451710e-02	  -1.4017905498063726e-01	   7.6443448677424597e-01	   5.8074493705661812e-01	  -1.0826377056950222e-01	  -6.0437963565685732e-02	  -4.7742294696141295e-02	  -3.9576694632733465e-02	  -1.0692043442174290e-01	  -1.5929681696840112e-01	   3.5106103774498193e-01	   4.1877636928227946e-01	   3.8251329817205060e-01	   3.9025074757464939e-01	  -1.8844124120011314e-02	  -5.6176212754055807e-02	  -4.4254687820870986e-01	  -4.9470324117754039e-01	  -2.3530787182933510e-01	  -2.7282014119646980e-01	  -6.4347520868024899e-01	  -2.9391724726054869e-01	  -2.4962882249990877e-02	  -1.1676700876078819e-01	   1.2284041121821476e-01	   1.0255414874781686e-01	  -3.8223099580806323e-02	  -2.6570169684244548e-02	   2.4611652305257228e-01	   6.0414666626383007e-02	   1.4018213729695386e-01	  -2.6624904635467711e-02	  -6.4618776263043673e-02	   4.7920906046928120e-02	  -1.5810033915494134e-01	  -6.0928550351127257e-02	   1.4802723837641396e-01	  -3.4520970261601829e-02	   2.7706603169553412e-01	   9.4484246583030312e-02	   6.9231174440641108e-01	   5.1087877140490856e-01	   1.5356538855880869e-01	   3.5632252925886654e-01	   7.7695379415642785e-01	   4.8559453251508122e-01	   2.5156821683194702e-01	   1.9402039455325290e-01	  -3.5692654397525760e-02	   2.3564844548136074e-01	   5.1218629998570984e-02	   1.2485621935242315e-01	  -1.0432880754671267e-01	  -2.9993548613602439e-01	  -8.0684483547256436e-02	  -2.7011170252206607e-01	  -1.2842034806251051e-01	  -2.2401423376248353e-01	  -2.8635826515650997e-01	  -3.0712489352863515e-01	  -1.5621954255707146e-01	  -1.5474675118510939e-02	  -7.3041111418242058e-02	  -8.9259637633368138e-02	   3.0477660838273357e-01	   2.6010501099041089e-01	  -1.0920903679104378e-01	  -1.1208110452964372e-01	   3.0053289281678502e-01	   5.4395690697235662e-02	   2.1542661531522594e-01	   3.9934267236102261e-01	   3.1571511815773545e-01	   3.7891015219382668e-01	  -3.3555832228740173e-01	  -5.2590082881206401e-01	  -4.3074510282074618e-01	  -4.2638405727365419e-01	   2.4024152178937452e-02	  -6.8914291069826883e-02	   7.0559802642127772e-02	   3.3089480371249469e-01	  -1.8850738760335842e-01	  -6.7308358965314341e-02	  -2.8522461109561636e-01	  -3.1751804535208478e-01	  -1.0003445684828015e-01	  -1.3805879827358924e-01	  -2.5382502227139320e-01	  -2.1801492391638205e-01	  -1.7267833818132364e-01	  -1.9106412426836406e-01	  -1.6121939585219616e-01	  -3.8512106140863650e-01	  -4.3553065366305788e-01	  -3.8255786877340642e-01	
   5.7755248889560462e-01	   3.8999274609359807e-01	   6.4430941371683315e-01	   1.1970027051089349e+00	   9.2858368236370137e-01	   1.0335139463856344e+00	   8.4827708723697892e-01	   0.0000000000000000e+00	   5.8530762882742426e-01	   7.1940821940644151e-01	   3.0710898915009621e-01	   8.7283486004635713e-01	   2.6311868388321769e-01	   7.9698012595746814e-01	   2.1178293673685761e-01	   1.9491605988342153e-01	   1.3524690143425205e-01	   7.3985776402059486e-02	   3.2429744057269927e-01	   4.9820391453754465e-01	   1.3144395768737666e-01	   1.8577742665912322e-01	   4.8872693542255347e-01	   8.4544540086659614e-01	   1.8128348273354214e-01	   3.2514456713174639e-01	   1.5870378940705909e-01	   2.9336157893471637e-01	   1.5287550691316015e-01	   8.9933379727366369e-02	   4.4694711251937647e-01	   7.4173747916718435e-01	   6.9539335595702401e-01	   9.0374757883872880e-01	   1.4445967550590827e-01	   2.1862187303714661e-01	  -2.1521018547338169e-01	  -3.4468874209717715e-01	  -1.8413483420397649e-02	  -8.3835968746896167e-02	  -4.1014813642235481e-01	  -3.2199346834517237e-02	   1.7747196603229318e-01	   1.0764076950596986e-01	   3.3139146912548789e-01	   3.4842019714737521e-01	   2.0137961906006899e-01	   1.7474174770500048e-01	   5.2126469602388403e-01	   2.7237404871859189e-01	   4.6050868951546853e-01	   2.6433677537619443e-01	   2.2072839946496781e-01	   2.4919292727107561e-01	   1.2503245804338675e-01	   8.5448117968300888e-02	   4.0006874156736649e-01	   3.1622129420406558e-01	   4.2950944159056020e-01	   4.8493960188803276e-01	   7.6531980456250615e-01	   1.0380782350624742e+00	   3.1811899743561511e-01	   7.2888054744687825e-01	   5.4538719520804679e-01	   8.9732392600887778e-01	   6.0557548870390487e-01	   6.1758503636202378e-01	   2.6021380151241941e-01	   6.1768964268052184e-01	   3.0545729008301187e-02	   5.2009644300206648e-01	   2.5476217584940675e-02	  -4.6834414068225270e-02	  -3.3684597205063966e-03	  -5.7600754865737673e-02	   2.9481194892787974e-02	   3.2978195545423410e-02	   8.1475218167175220e-02	   2.6723298410519146e-02	   2.0204415941105122e-01	   3.7806260901565847e-01	   1.2948235483712994e-01	   1.6178309822497586e-01	   3.5720416948391043e-01	   6.9038930010965227e-01	   9.4865391814448585e-02	   7.1594862012489990e-02	   4.8498605630120112e-01	   3.8375235160840659e-01	   6.0257285117818971e-01	   2.1490328181961130e-01	   6.8849968372288695e-01	   1.1522945418046715e-01	  -9.1807013649225416e-02	  -2.5291238653705683e-01	  -1.4389705131354327e-01	  -2.0888189361265841e-01	   3.4798745164431083e-01	  -3.2327978099013330e-03	   3.8225371311969614e-01	   1.5692456652716083e-01	   1.6379607771366983e-01	   1.9025015328392528e-02	   6.6895956638049342e-02	  -1.5838333918187419e-01	   2.3090494018932367e-01	   1.7242508223216010e-01	  -6.0865410057708867e-02	  -1.4657700243918068e-01	   1.0773015974879339e-02	   1.0260560572638559e-01	   6.3682413127898865e-02	  -1.7998446544958024e-01	  -2.8754839658506592e-01	  -3.4452506989159465e-01	
   4.3509054135610736e-01	   1.0502391231449801e-01	   9.2736760970152390e-02	   2.2516228118714948e-01	   7.5034536126786333e-01	   9.5425966705152321e-01	   5.0345180094772046e-01	   5.8530762882742426e-01	   0.0000000000000000e+00	   1.2112646879079108e+00	   5.2882225984471010e-01	   6.3575987925240718e-01	   3.6236777833538397e-01	   4.6907622452594228e-01	   2.3062712390842915e-01	  -1.1915902154113837e-01	   3.4720127848456850e-01	  -1.2223583406149411e-02	   1.3598515154131738e-01	   2.0986236591058499e-01	   4.5016425966075618e-01	   3.5008906581877919e-01	   1.0367604286049140e-01	   1.7199431134829338e-01	   4.7946639292220372e-02	   1.1216777532912527e-01	  -5.4378941867190105e-02	   1.6961387317209575e-01	   1.0685150392491687e-01	  -1.0988421739622529e-01	   1.1762161524116997e-01	   2.7244368546160769e-01	   3.1988032707680664e-01	   2.9936927271383501e-01	   1.1013773464790245e-02	   1.2935379157425497e-01	  -2.1739159750631637e-01	  -4.7628784422578924e-01	   3.2350337159696228e-02	  -2.2602316012231044e-01	  -8.0813815266588290e-02	   3.3259261435553383e-02	   2.3417074676880401e-01	   1.1591270059719938e-01	   2.8570663612763925e-01	   2.8972019765085183e-01	   2.9525967457297930e-01	   2.2240728556593714e-01	   4.7737449649303365e-01	   3.2965512897135840e-01	   3.6593498584604844e-01	   1.4304806511042062e-01	   3.9519640281205665e-01	   2.2077922649757831e-01	   1.8948826782597325e-01	  -6.7545931068370466e-02	   3.3793228725869262e-01	   1.6527044792455425e-01	   7.2454152415613027e-01	   7.2124327593798065e-01	   7.3687616367138975e-01	   6.5536776895172866e-01	   3.8111430231566712e-01	   3.9485400495791240e-01	   2.5109501456418698e-01	   3.6781576556154894e-01	   3.9690220577078206e-01	   2.4006219395852463e-01	   3.6603884860605945e-01	   4.2759972339795538e-01	   2.9226658183464194e-01	   4.5756654701089350e-01	   3.6031132450695463e-01	  -2.5410428762619994e-02	   3.7434957603735602e-01	   8.8553472114618753e-02	   8.6148776712200503e-02	  -3.3083462520926074e-02	   1.5174848124338003e-01	  -1.2384947269495285e-01	   2.8821433391367712e-01	   1.0519324887735351e-01	   3.3394826540115885e-01	  -1.4797582898865522e-02	   3.1797320496720571e-01	   2.5765085560569972e-01	   2.3933190453251294e-02	  -3.1830691219350993e-01	   8.4479982602817816e-01	   1.5857418743376747e-01	   6.5381065874648536e-01	   4.6309430140907926e-01	   4.9640795277694860e-01	   1.7146481182357889e-01	  -2.0539567279867627e-01	  -3.3930141254486096e-01	  -1.8291214202145892e-01	  -2.7474211546978033e-01	   4.4846419604445087e-01	   1.1140166167596156e-01	   3.7451947667443225e-01	   1.4866374983384592e-01	   1.4048823931912791e-01	   6.2106857251829115e-02	   5.1835127687854893e-02	  -2.4030788583138696e-01	   1.2250476396040656e-01	   1.3070182545210463e-01	  -4.6486726405556560e-02	  -2.6803283167762171e-01	  -6.6896382516512434e-02	   2.1449277490643825e-01	   1.1049310894492219e-01	  -9.6527704323482455e-03	  -2.9772111982631488e-01	  -4.2850410588890642e-01	
   4.8965320666728140e-01	   1.9861542182778252e-01	   5.5099371017770724e-02	   3.3990131237470023e-01	   6.0550507087961514e-01	   1.1862774284880790e+00	   3.7449201398335302e-01	   7.1940821940644151e-01	   1.2112646879079108e+00	   0.0000000000000000e+00	   4.8372272187643817e-01	   9.6918847010493980e-01	   2.7862062470621596e-01	   7.0299074465986222e-01	   1.4642497807371391e-01	   6.6042110276694294e-02	   4.0607805750878945e-01	   1.3224617358753460e-01	   1.6217832289386253e-01	   3.1239386291157722e-01	   4.2141885824576286e-01	   4.0447140507386548e-01	   9.9256413704944216e-02	   3.2573750697254927e-01	   5.6239600281906527e-02	   1.9258292452605758e-01	   6.1672094637360619e-02	   3.4960486235363925e-01	   2.4644253090294627e-01	   3.0475991358199502e-02	   9.2254985783201376e-02	   3.0323776435894728e-01	   4.4722181607026251e-01	   4.6660819451569746e-01	  -3.2353790625403854e-02	   1.7842381558916359e-01	  -2.2996327680649065e-01	  -4.3717131502058115e-01	  -2.2773242805624084e-02	  -2.0306970718894168e-01	  -1.4932913357212943e-01	   2.4995732498475622e-02	   2.4724948036675742e-01	   1.7529136999706535e-01	   2.5738687863197862e-01	   2.9172642750114008e-01	   2.8437582503902192e-01	   2.8422420150940875e-01	   5.0048462877684341e-01	   3.1810165392297396e-01	   4.2337924730575921e-01	   2.6965200641555392e-01	   4.3351949084559094e-01	   3.8283961931923643e-01	   1.3394905060924278e-01	  -4.7533841139673585e-02	   3.8439201177153365e-01	   2.4720909263035923e-01	   6.3332163717994172e-01	   7.0259568909306003e-01	   7.5133709601755216e-01	   8.0461061615993956e-01	   4.7549037084348178e-01	   6.1180492656090268e-01	   1.8760004744091879e-01	   4.8118750646817821e-01	   3.5757217384260448e-01	   2.6762609791058134e-01	   3.0387832440137413e-01	   4.3900864102152493e-01	   1.7559586585313761e-01	   5.1146853242754231e-01	   3.3384758733981229e-01	   4.9961753795761080e-02	   2.8680617083281307e-01	   1.1846709980867440e-01	   7.3661178645579570e-02	   3.6175961884505524e-02	   1.7774406817053581e-01	   2.8180254141655398e-02	   3.6756591249680703e-01	   2.7905993287893471e-01	   3.4822517858987262e-01	   1.4352192660987083e-02	   2.1952511116302822e-01	   4.1828049653450627e-01	   6.3610092555690190e-03	  -2.4929797481529228e-01	   6.3393744628694604e-01	   2.0934201673601488e-01	   6.5941845894131756e-01	   2.3328214077396878e-01	   5.6909497616421378e-01	   2.9898832117191540e-03	  -9.9028549066517327e-02	  -2.1285539094038974e-01	  -1.1329351860762944e-01	  -1.9304183167365035e-01	   4.2014138426110159e-01	   6.4732897052612176e-02	   3.7389827340885784e-01	   7.4121371683037868e-02	   1.5060818161519421e-01	   8.9631665387808548e-02	   7.5167333586152907e-02	  -2.1174750838007120e-01	   2.1577625085836555e-01	   3.3351358484605703e-01	   5.0911625650907899e-02	  -2.0749743330379569e-01	  -1.7523451156208212e-02	   2.8390079068805740e-01	   1.6040303516926202e-01	   1.9227345212482937e-02	  -2.5732137611271766e-01	  -3.3410021685120633e-01	
   3.1125356235086787e-01	   1.5721224493691346e-01	  -3.2189401589645841e-03	   1.2158473443664713e-01	   2.2283840430871321e-01	   2.4325234727090861e-01	   2.5218887734566448e-01	   3.0710898915009621e-01	   5.2882225984471010e-01	   4.8372272187643817e-01	   0.0000000000000000e+00	   7.4499054173562107e-01	   1.2500218534596779e+00	   8.4961986091682051e-01	   6.3324880408819872e-01	   3.8229761455314726e-01	   5.3422822478053278e-01	   2.6703684220148138e-01	   2.0042807741269766e-01	   2.8668271232379744e-01	   3.4407316969623852e-01	   2.0200451065827248e-02	   1.0800839907761357e-01	   7.2316697378076153e-02	  -1.7663490192069385e-02	  -4.2022584394291539e-02	   1.2302358237916255e-02	   1.4208111133302732e-02	   4.3706538977569470e-01	   2.4886455306040373e-01	   3.7294719767579407e-02	   7.3501133930894857e-02	   2.8328842442106983e-01	   1.9943993299072063e-01	  -1.4249129112509115e-01	  -1.4602404695671023e-01	  -4.2366720061293453e-02	  -2.3243439524569789e-01	  -2.9091495966994070e-02	  -2.0313660308445045e-01	   7.6719422818424921e-02	   2.0205900324751438e-01	   2.5140401705528226e-02	  -2.1566528213729740e-02	  -3.9516865499685472e-02	  -6.3847474097356208e-02	   1.4298737561559757e-01	   7.6794345763945643e-02	   1.7912215275486851e-01	   7.7034964881486964e-02	   1.5129344643630055e-01	   6.3617356620894946e-02	   2.7838102733794140e-01	   1.0654282865640416e-01	   1.1550042396660007e-01	  -2.1631944825078692e-01	   1.9611840286232746e-01	   2.7932311293061085e-01	   8.2388336493611569e-01	   3.8877855340762013e-01	   6.9225085246079188e-01	   3.4669717126035987e-01	   6.5482342239138747e-01	   4.9159663739219361e-01	   5.4175352680530094e-02	   1.9018003198569230e-01	   3.2088055627363338e-01	   6.4840328435195660e-02	   2.9527596547605989e-01	   1.8131287402076984e-01	   1.4171950153534157e-01	   1.8797106931024879e-01	   5.3138881883381495e-01	   2.1556558112882093e-01	   6.8254319334874458e-01	   3.5140448362097454e-01	   1.4051868705483953e-01	  -3.8820710937080623e-02	   1.8873683613739040e-01	   2.2488596945154007e-01	   5.5272155674569912e-01	   4.0252151994572410e-01	   4.5589022923707445e-01	   3.1682457772502853e-01	   3.9202555053871457e-01	   2.5170156605673760e-01	  -1.3046169712060554e-01	  -1.6710018076113786e-01	   6.6220556953118836e-01	   1.6869176205838146e-01	   2.7958317165028856e-01	   1.4660229549248349e-01	   1.9215594621980339e-01	   5.0612787138814834e-02	  -2.1575349385013706e-01	  -3.2323385665898580e-01	  -1.5615935851366525e-01	  -2.5373384321289949e-01	   2.2862623184238723e-01	  -3.6275501229638012e-02	   1.6326134536172515e-01	   9.9856313811745784e-02	   5.6282607673552837e-02	  -4.2016357893895767e-02	  -4.7739464501696714e-02	  -2.2200184874192169e-01	   7.2919693349382850e-02	   7.1332447299378973e-02	  -1.7666887653401073e-01	  -1.8838895979533024e-01	  -7.8812965765599444e-02	   9.7542025861471496e-02	   1.2849192249464717e-02	   2.3280105491727404e-02	  -2.4023584767668121e-01	  -1.8529541615811193e-01	
   6.8061086970953588e-01	   4.9307933105138979e-01	   5.2637422182706860e-02	   5.3620779248576644e-01	   4.9027311571703835e-01	   7.4893118017112625e-01	   3.6985212491630770e-01	   8.7283486004635713e-01	   6.3575987925240718e-01	   9.6918847010493980e-01	   7.4499054173562107e-01	   0.0000000000000000e+00	   4.2390902421276527e-01	   1.1713162213565524e+00	   1.9098320653168055e-01	   3.0598090408472167e-01	   6.6277879498714809e-01	   4.8845718758623502e-01	   3.1826528363850315e-01	   5.8287357779056082e-01	   3.2238412412072287e-01	   2.6310013305295488e-01	   1.6034679433066706e-01	   4.5887087759364614e-01	  -4.6146867877632773e-02	   7.8685777079181091e-02	  -9.4147416840253389e-03	   1.7661138665869996e-01	   5.8371803375523812e-01	   3.5145540980242662e-01	   7.4380605521840601e-02	   3.0608455513170241e-01	   6.8306138540794792e-01	   7.4850305286155738e-01	  -1.4678385505948552e-01	  -9.1660318206751336e-03	  -1.4502431395286006e-01	  -3.6398149444849942e-01	   8.4934816322173572e-03	  -1.7413026892007238e-01	  -1.6332049135025517e-01	   6.5120041263853970e-02	   2.4897776818719011e-01	   2.5675590131281589e-01	   2.9668368520909633e-01	   3.3223547194039016e-01	   3.6263817037816093e-01	   4.0463136032774533e-01	   5.6236603529905504e-01	   3.9395868781990168e-01	   5.1076532642345551e-01	   4.2253224645766230e-01	   4.5190427532866095e-01	   4.5926527850059251e-01	   2.5445838622410855e-01	   5.3906381258883723e-02	   6.0111521856459871e-01	   6.0431686066981549e-01	   7.7623958694822282e-01	   6.9112250555322863e-01	   8.8307754408754413e-01	   8.6954787927870980e-01	   8.2050817496362571e-01	   1.1365385440671092e+00	   2.0578617120773107e-01	   4.7786143249065305e-01	   5.2978364136115341e-01	   4.0235475872713983e-01	   2.6264236555654574e-01	   4.6021471644345846e-01	   5.3647428943240857e-02	   4.1641619907721822e-01	   3.7862562243794340e-01	   2.3127568273116433e-01	   3.2052583436847881e-01	   1.9971572685649000e-01	   1.8765350331864167e-01	   1.2355112117096015e-01	   3.9991189381172232e-01	   3.2794349496802816e-01	   5.6003390313487111e-01	   5.4576413708239102e-01	   4.5821292078259723e-01	   2.3480414215450085e-01	   3.0191658336322719e-01	   5.4787554611215550e-01	   2.4045318161882989e-02	  -9.3449059692667993e-02	   5.5869024552924418e-01	   2.7039468197843952e-01	   5.4439891192279521e-01	  -1.4520592636165310e-02	   4.5376008666126244e-01	  -2.2770574583535791e-01	  -9.0974351088566635e-02	  -2.0162466943020749e-01	  -3.8125943753370098e-02	  -6.5537113205138831e-02	   5.0200739746335732e-01	   1.1291987147103662e-01	   4.2489841109739129e-01	  -3.4305221519741129e-02	   2.4763417072520466e-01	   1.2013407848441540e-01	   7.9623156026092073e-02	  -1.9445214322358156e-01	   2.5649461679731056e-01	   3.8512881946194721e-01	  -8.3443215021240594e-03	  -1.1251475069396778e-01	   2.9558007253908447e-02	   3.2620898845721563e-01	   1.9302048907720565e-01	   1.0116444174669033e-02	  -3.1472707117518106e-01	  -3.0664014776922832e-01	
   1.4990550498722116e-01	   2.2406876189040054e-01	   8.1134581543741036e-02	   1.9361598890150550e-01	   2.1435546928216279e-01	   1.1721526944872299e-01	   2.5522357049773853e-01	   2.6311868388321769e-01	   3.6236777833538397e-01	   2.7862062470621596e-01	   1.2500218534596779e+00	   4.2390902421276527e-01	   0.0000000000000000e+00	   8.5188000185365986e-01	   9.6038681933040249e-01	   6.3625179510246521e-01	   1.6810375628126600e-01	  -4.2685276576639032e-04	   2.3062182189996944e-01	   2.8686396719233925e-01	   2.3177513659836135e-01	  -1.0412938471604707e-01	   1.4106365760011619e-01	   6.0112596946791774e-02	   6.9025546284268074e-02	   6.1661169920149896e-02	   1.1687657119790720e-01	   8.5005489739271162e-02	   2.2512649149022981e-01	   1.8964838842798465e-01	   1.4005222221763877e-01	   1.1621900423451970e-01	   1.5390515648421149e-01	   7.1687989357736737e-02	  -1.1128590328066872e-01	  -1.7382721075576524e-01	  -1.2419452379417062e-01	  -1.8505178139845077e-01	  -1.0855217534741060e-01	  -1.4419442610460795e-01	   5.6902127254715044e-02	   2.2312479169033922e-01	  -1.6190403800581310e-01	  -3.0297508211574853e-01	  -1.6885610307454460e-01	  -2.3021077348898417e-01	  -9.4323199493202850e-02	  -2.0090683028056566e-01	   2.0138785328256598e-02	  -4.1908076554697256e-02	   3.7473454976259889e-02	  -6.2386871322350969e-02	   2.5454742468334640e-01	   1.3854121500153641e-01	   3.0717981662193457e-03	  -2.7324778789918319e-01	   7.5670215535257306e-03	   1.3622287201013783e-01	   5.3918486933774834e-01	   2.7599798070469511e-01	   5.5832113671264549e-01	   3.0128935342709001e-01	   3.0363742318426556e-01	   2.6172295545614488e-01	   9.3014961384336986e-02	   1.4840423903703856e-01	   1.3755489054792586e-01	  -6.0520643005941982e-02	   4.1956850263756951e-01	   2.2775403668480759e-01	   3.1237745578966275e-02	   9.5115427368708094e-02	   2.9763334705414474e-01	   5.1709382248892544e-02	   4.2934926241384169e-01	   2.1411346931842284e-01	  -4.6339156294866998e-02	  -1.7983500707471300e-01	  -4.5579654064116112e-02	   6.7837465044061324e-02	   3.3567809912571472e-01	   3.1972230764291348e-01	   4.6083612864825596e-01	   5.2356183334677553e-01	   4.4834189611374092e-01	   2.3706534371117260e-01	  -9.7467815172681938e-02	  -1.4048236080419003e-02	   5.8445099486098195e-01	   2.4137786257258964e-01	   2.3971927814738841e-01	   1.4962151478253780e-01	   2.2790892509765490e-01	   1.9374745301291918e-01	  -1.9870838861607920e-01	  -2.5965485854476666e-01	  -2.5329003575163567e-01	  -3.3205317988304761e-01	   6.2741836166478854e-02	  -1.3706162492359189e-01	   1.3563419695068629e-01	   1.9443498616783200e-01	   7.9850306813591451e-03	  -1.3955404994200687e-01	  -7.0389120633942467e-02	  -1.9862774431348018e-01	   1.4977202261521783e-01	   2.7696328873736444e-02	  -2.1403790355970237e-01	  -1.2630059284772602e-01	  -2.2059098339504657e-01	  -6.3803237083064762e-02	  -4.0202656562425484e-02	  -4.6125380021130306e-02	  -1.8866621442227757e-01	  -7.0192197453445779e-02	
