   0.0000000000000000e+00	   8.5782697724471291e-01	   7.3588642456066766e-01	   6.3704951725133374e-01	   3.5659095371865807e-01	   2.0953942629799896e-01	   6.9905266568832769e-01	   5.6553066988765122e-01	   4.2079232484089257e-01	   2.1919524153000491e-01	   6.7474534108377004e-01	   5.2801442986103664e-01	   5.0012283245561162e-01	   5.2535646903720190e-01	   5.4508850995636626e-01	   5.1511347512109273e-01	   5.6586140785954875e-01	   4.8358745467984643e-01	   7.2497790100544945e-01	   4.8586489936443927e-01	  -7.7344395250280751e-02	  -1.0039427403503734e-01	   3.8487741466828423e-01	   3.3152344283175783e-01	   1.7868024480891412e-01	   1.9586835009326325e-01	   2.8830662611133540e-01	   3.5804693905741575e-01	   2.3130654525085886e-01	   3.1782846986417912e-01	   1.1525032932023065e-01	   5.3869638828111639e-02	   4.8680012342533230e-01	   4.1420610579360873e-01	   1.4801767680372363e-01	   5.8662283222616428e-02	  -1.7167340269348438e-01	  -5.9978819714542733e-02	  -8.3658648967692567e-02	   5.0248733972444427e-02	  -2.4947361307512625e-01	  -9.0248184015792168e-02	   1.9075723855907997e-01	   1.0327479745307246e-01	   2.2250820339167369e-02	   4.4956953428334695e-02	   2.6860317723591604e-01	   3.1826875911108032e-01	   6.8339273908016515e-02	   2.0647512751741637e-01	   3.1331263062600673e-01	   3.3134158380244860e-01	   3.3208289099053961e-01	   5.5609731294617448e-01	   3.8364411070229859e-01	   4.7267279921076333e-01	   1.2124202000467348e+00	   7.8518204606559716e-01	   1.0504144411370295e+00	   7.6758633429471212e-01	   6.9047024550013314e-01	   4.7201572017136179e-01	   3.8293153744625508e-01	   1.7359544921986497e-01	   2.7023814816890041e-01	   3.6140382277874217e-01	   4.2119257873559118e-01	   2.9917368334343686e-01	   5.9992122492606603e-01	   2.4414694190898584e-01	   2.4256785288440191e-01	   2.6756931465764244e-01	   4.7788040664082732e-01	   4.1666973801710255e-01	   3.3910421324760598e-01	   1.7741320970766092e-01	   5.1691560785621737e-01	   2.9399298237582999e-01	   5.1246215750190183e-01	   5.8990108018786802e-01	   5.0532029640237752e-01	   5.6180619300458867e-01	   1.2400157755370669e-01	   3.2441348409790149e-01	   5.0638425165436340e-01	   4.7700526191023396e-01	   2.4561491817764580e-01	   3.3051431240944484e-01	   5.8228996705569125e-01	   5.3185553537848129e-01	   3.9244209052511214e-01	   4.8331471954356742e-01	   3.4693134881816856e-01	   6.1270609451691505e-01	  -2.7107295379066199e-01	  -1.4975472716201252e-01	   1.5049688101500622e-01	   4.2552993126352734e-01	   4.7143442927319124e-01	   6.0031132642096119e-01	   4.6944175361128460e-01	   4.0256400532826320e-01	   5.5096012192268573e-01	   5.8266006597049402e-01	   3.0357389369639293e-01	   5.3058221606640765e-01	   4.4472535152785703e-01	   6.4079086456418088e-01	  -2.5749760301117658e-01	  -2.4549725405255748e-01	   1.5214232664940219e-01	   3.0251691093684813e-01	   3.5359878399540184e-01	   1.7078037014166131e-01	   6.3439269088829534e-02	  -1.0619455687695738e-01	
   8.5782697724471291e-01	   0.0000000000000000e+00	   7.4731893969188457e-01	   7.0271839945934811e-01	   5.4445261204916384e-01	   3.9627783729299665e-01	   8.0014554377210234e-01	   7.6306102319034275e-01	   5.5980462686429311e-01	   4.2102106937338141e-01	   6.6282490085029944e-01	   7.0088314997412327e-01	   5.5218865940688566e-01	   5.4854567202725069e-01	   5.9863781194466748e-01	   7.6555633446649618e-01	   7.7031920229939610e-01	   7.4088915799663246e-01	   9.4841969730989439e-01	   9.5108779307464641e-01	   1.3923963449057905e-01	  -9.1222832148570177e-03	   5.7627305639831983e-01	   5.0243469546302366e-01	   2.1886560192080895e-01	   1.8571514918224807e-01	   3.7846170800933465e-01	   3.3686217479870612e-01	   4.3607100603414051e-01	   6.4663454932033682e-01	   3.2596021592885199e-01	   2.8758642386788774e-01	   7.3013395790068880e-01	   6.6110836251392879e-01	   2.0669502933862000e-01	   2.0165511125862082e-01	   9.1825427550041638e-02	   2.0141775973503387e-01	   1.2537452917585493e-01	   1.4670222845390188e-01	   7.7313193552283974e-03	  -1.9047902505298215e-02	   4.7489256719954132e-01	   3.5311828359587644e-01	   2.8424907200153648e-01	   3.3552168439666374e-01	   5.2771837176216030e-01	   5.5496817056797032e-01	   4.0657561416808846e-01	   4.4247777329810134e-01	   4.3328550077342110e-01	   4.2591236320573655e-01	   5.7908910173837258e-01	   7.0252873300276786e-01	   6.1308647938047356e-01	   6.5688098187060218e-01	   7.3285982274679040e-01	   9.1590557541554407e-01	   6.4325044495478534e-01	   6.7289369760565565e-01	   6.5176362072401306e-01	   5.7089626916271552e-01	   4.6877142105070246e-01	   4.6634750279647419e-01	   2.4419334305041251e-01	   2.5362353840936525e-01	   4.4570857572775840e-01	   3.9812843720739272e-01	   6.0364083735324148e-01	   4.7000869472842266e-01	   5.0011171027560652e-01	   6.2735888411810004e-01	   6.8107280363228162e-01	   7.9973253949752665e-01	   6.6546093317083421e-01	   5.7693622445568471e-01	   7.4539991900341507e-01	   7.0967991782296724e-01	   5.8573986284212975e-01	   6.2087739965098088e-01	   6.8261724455687534e-01	   8.0438376355735830e-01	   5.6950751837617730e-01	   7.2096832770689756e-01	   6.1762479719534058e-01	   6.4607117227298361e-01	   5.4021861248373915e-01	   5.2376243377603204e-01	   6.7790335893058296e-01	   6.7280406124723968e-01	   5.2502041564727697e-01	   5.9174516376708519e-01	   5.4344330729207013e-01	   5.7004208765801689e-01	  -2.5756016216638426e-02	  -2.5156239193584640e-01	   4.0703340840772728e-01	   2.2750562561810489e-01	   6.8066388062183170e-01	   6.0111982379902251e-01	   6.0504433234921207e-01	   3.7869297971390808e-01	   6.9743143478210179e-01	   4.1310785915269932e-01	   2.3494256171965883e-01	   2.1499501695513479e-01	   2.4027767645007825e-01	   4.0604503181157697e-01	  -6.0972213627929137e-02	  -4.5103421625638594e-02	   3.1573813964165165e-01	   5.2593263199728246e-01	   5.2117750610382507e-01	   3.8430108575703142e-01	   3.8784534122002312e-01	   4.7576502446762807e-02	
   7.3588642456066766e-01	   7.4731893969188457e-01	   0.0000000000000000e+00	   9.9670017591809956e-01	   6.6841819901864152e-01	   2.9096799197656786e-01	   1.1268758363533380e+00	   7.7296149896563360e-01	   6.1730445034730042e-01	   3.2645598240398893e-01	   5.4881722886840267e-01	   3.9182699411185290e-01	   4.7211262645810387e-01	   4.2172283181168674e-01	   6.1685297452059085e-01	   5.4732620738702975e-01	   3.6177323778181153e-01	   2.6710680118703412e-01	   6.5565195935265130e-01	   4.8848254324910972e-01	   1.3182561086399580e-01	   4.2679434501139181e-02	   1.1964206077672990e+00	   9.4041756546292021e-01	   6.0698423237705401e-01	   6.0536898899995928e-01	   6.2060124609034684e-01	   7.3813920789529597e-01	   2.6774888822993353e-01	   3.6207671976474887e-01	   5.7129406968234731e-01	   4.8870498655117095e-01	   8.1628744747361592e-01	   7.1095565280785433e-01	   7.7277422997550693e-01	   5.6441155305506685e-01	   1.7315644525714069e-01	   2.4889954231179054e-01	   1.1563091396993322e-01	   1.1225820828230039e-01	  -7.6881619062946688e-02	  -1.3247519062145130e-01	   2.7312090593725691e-01	   1.5856374388894001e-01	   1.0761301548392804e-01	   1.4240869451081095e-01	   3.7535134583437829e-01	   3.6615705933705478e-01	   1.5321057270978466e-01	   2.9651879106298162e-01	   3.8519487791996748e-01	   3.3939048188759446e-01	   4.3900432236834186e-01	   6.1684967794464041e-01	   5.0123688612832862e-01	   5.2907229970001235e-01	   4.4489683694215859e-01	   3.7940821441228334e-01	   7.7387803320521376e-01	   5.2659376178141892e-01	   7.2704446774978804e-01	   5.9588006276676231e-01	   1.9865365724975892e-01	   7.1602653685542653e-02	   8.7659127615054011e-01	   7.2280597231085464e-01	   7.8676297723560618e-01	   5.6679017056637959e-01	   3.5458409811215430e-01	   2.4536393599800255e-01	   3.7728704393267376e-01	   5.4578676730972864e-01	   3.2535334074672168e-01	   3.3355763052661636e-01	   3.1121102145575630e-01	   1.8028793591195813e-01	   4.8378431563824176e-01	   4.0277670540710503e-01	   3.9730775563742166e-01	   4.6580965469922475e-01	   5.7865821162897357e-01	   6.6724878562111800e-01	   2.8987949983528116e-01	   3.4459372487198908e-01	   8.6086501605368348e-01	   7.4070990959923766e-01	   5.1435570315917833e-01	   5.6126722220407110e-01	   9.2663468497486923e-01	   6.3342308527860269e-01	   5.2093531463740794e-01	   6.3180261400502602e-01	   4.8674104150825187e-01	   5.9557427153754516e-01	  -1.5572825714465899e-01	  -1.8105916215150616e-01	   1.9006392016999382e-01	   1.2810799266566594e-01	   3.9246546383053571e-01	   4.4683073412181862e-01	   4.2879618580618661e-01	   3.3320092902754844e-01	   5.2863812749954686e-01	   3.8661908928870270e-01	   2.9563980889855862e-01	   4.7497354330425839e-01	   4.1328864677484284e-01	   6.8992079434641329e-01	   6.9746669766225775e-02	  -2.8490263133978566e-02	   2.3037343929125459e-01	   3.7014554803080574e-01	   3.5490902351009884e-01	   2.4500379750956272e-01	   3.1335460478436367e-01	  -1.7967586118288667e-01	
   6.3704951725133374e-01	   7.0271839945934811e-01	   9.9670017591809956e-01	   0.0000000000000000e+00	   8.2751678148326202e-01	   6.1992761364065074e-01	   7.6326260819296721e-01	   1.4012883560248341e+00	   6.3234948298947202e-01	   6.3064216470746448e-01	   3.5279440952949298e-01	   5.9352524020105102e-01	   2.5235127856925266e-01	   4.8843199477651511e-01	   3.1203300925159511e-01	   6.2435095929187345e-01	   2.7072692208319837e-01	   2.3981823167742408e-01	   4.8365616629833041e-01	   5.2003352369203204e-01	   1.5588653317610893e-01	   6.7342873119824190e-02	   8.0605617688782893e-01	   1.1605024392006140e+00	   4.3113252055800511e-01	   6.5071159249516131e-01	   3.5854024203988971e-01	   5.7129405479930706e-01	   1.8912322003264934e-01	   3.7880028878041050e-01	   4.5715736599905182e-01	   5.0598064768161843e-01	   7.1282004071578042e-01	   8.5225983577866515e-01	   7.3908379985971917e-01	   7.5166160767205181e-01	   2.6382262436656079e-01	   4.1786639151112426e-01	   2.2317990024553885e-01	   3.6515185403834088e-01	  -4.6253907648114996e-02	  -1.0062898408323376e-01	   5.0922802034335191e-01	   4.2098304152580723e-01	   3.7536629974633656e-01	   4.3655767649133459e-01	   6.4120540293840222e-01	   6.6146868904777156e-01	   4.2778839741586638e-01	   5.9520673896103837e-01	   4.1805923325820249e-01	   5.6509572182478263e-01	   5.7472813017662627e-01	   7.9230561457505777e-01	   5.6436727676588638e-01	   6.5741562072146931e-01	   4.2757674822024483e-01	   3.6709797875884065e-01	   6.9933993940738359e-01	   7.9397203636019908e-01	   4.8199750033378624e-01	   8.7573006475154336e-01	   9.0036182997180580e-02	   6.6854789099230177e-02	   5.6050745468622365e-01	   9.5718161425385706e-01	   9.4930516270618426e-01	   9.7099712556570283e-01	   3.8955771995316330e-01	   3.4902357724909311e-01	   2.2793495391141880e-01	   4.9805765271115571e-01	   2.3689139983655416e-01	   2.8675567602039209e-01	   1.9135712679961306e-01	   1.6427975469587019e-01	   4.7185924105360633e-01	   5.1835319719929784e-01	   2.8774200275142431e-01	   3.1678639087780985e-01	   4.4679166876431342e-01	   5.6305584819666188e-01	   2.4861792746379424e-01	   4.3829317055341133e-01	   7.1267819124619203e-01	   9.4872046683894606e-01	   4.4030984464218825e-01	   5.0093651220890911e-01	   7.9535154681261222e-01	   9.4277178867778255e-01	   7.8923864603032456e-01	   5.0651310717055509e-01	   7.3569900010385947e-01	   5.6602648748485440e-01	  -7.8780776050182008e-02	  -6.1301943911078211e-02	   2.8588255423931574e-01	   1.3177015210482540e-01	   5.7131130198461211e-01	   3.3517091342249139e-01	   4.8500287967972833e-01	   3.2884997356544104e-01	   4.1399462995585862e-01	   3.3008528181771618e-01	   4.2636349778048332e-01	   4.1522645444236062e-01	   4.5337754453614049e-01	   5.2680305788520976e-01	   1.0419249168927237e-01	  -1.0478712545063126e-01	   2.0522315945863429e-01	   4.4458981904831307e-01	   4.7791857994794140e-01	   2.3954141973093218e-01	   2.4057933260889888e-01	  -2.0751822537074441e-01	
   3.5659095371865807e-01	   5.4445261204916384e-01	   6.6841819901864152e-01	   8.2751678148326202e-01	   0.0000000000000000e+00	   1.0289296733095379e+00	   6.9087025364895616e-01	   9.0922320122541711e-01	   9.0287325253755502e-01	   1.0038198588953984e+00	   3.2547296808649473e-01	   4.5825084426537022e-01	   2.9875873603894032e-01	   4.0933515256430708e-01	   2.4007533976306777e-01	   6.6714714760250426e-01	   4.5830464695569495e-01	   3.7390193344731992e-01	   4.1805222876586601e-01	   4.8599628308879816e-01	   2.2420060652955523e-01	   1.4962228201753389e-01	   6.1820975621162644e-01	   7.0805377473619968e-01	   3.4378446670623114e-01	   4.3123239800652363e-01	   2.0552480638160994e-01	   3.4777824423106340e-01	   3.0218145846343430e-01	   5.2029293534148513e-01	   3.7319356939745107e-01	   4.2408961328503048e-01	   7.2094114355505812e-01	   7.8973040342030731e-01	   6.1654304032075269e-01	   7.7180956292599612e-01	   3.6251847230716633e-01	   4.4382454079866751e-01	   3.5139342288959907e-01	   4.9030967816585536e-01	   8.4684513756360602e-02	   7.6331896953715679e-03	   9.4702435243948735e-01	   8.3405676671823104e-01	   7.2086633813203982e-01	   7.5618332304885061e-01	   9.6050556730578085e-01	   1.0334809050155600e+00	   6.6380506547991480e-01	   6.1287658609601880e-01	   4.3294570946273514e-01	   5.1771880359115918e-01	   5.9059074395649303e-01	   8.3149970341856649e-01	   8.1226623426742273e-01	   9.4254592309803020e-01	   2.6322562962962170e-01	   3.5155144163811619e-01	   4.2972936861046623e-01	   5.3928214526513629e-01	   4.4619632328353942e-01	   6.6408722827585009e-01	   3.1165588618208789e-01	   2.8646567721159893e-01	   2.7809442797518330e-01	   3.9935820088891860e-01	   9.1340896147369710e-01	   9.1424848914043932e-01	   3.1873560836419268e-01	   4.1750565555076119e-01	   3.4540742235780492e-01	   5.9304526705862637e-01	   1.5301567049221348e-01	   2.6355862851098638e-01	   2.4876442705856278e-01	   3.1529541645197334e-01	   5.7342474581459169e-01	   6.7967768391123529e-01	   3.0325435297779912e-01	   2.5472510480014865e-01	   5.1146217898379143e-01	   4.8078821683108580e-01	   3.8097956197813354e-01	   5.2803075586016812e-01	   4.7187864845778521e-01	   6.1881016871519223e-01	   4.0048300563642752e-01	   3.2421842099976150e-01	   6.4454625214491379e-01	   7.7783821095284045e-01	   9.0900318378444556e-01	   6.1661540331370657e-01	   1.1027109976836214e+00	   6.9681082878103773e-01	   1.9552174399869898e-01	   5.1651887413638378e-03	   6.9741591648890311e-01	   2.8120508590653759e-01	   1.0062710510535009e+00	   7.7516533121202202e-01	   7.9474975617495458e-01	   6.0582776637169222e-01	   4.6867332055278382e-01	   4.9492435039443672e-01	   6.4445039751579292e-01	   5.4200046595180307e-01	   6.7425259370357549e-01	   3.0176736451081448e-01	   2.7567838449018239e-01	   5.6824366925360428e-02	   5.6348179155272904e-01	   1.0244281313296693e+00	   1.0194495013835831e+00	   4.1759803227137998e-01	   1.2267657656320669e-01	  -2.2669043362530164e-01	
   2.0953942629799896e-01	   3.9627783729299665e-01	   2.9096799197656786e-01	   6.1992761364065074e-01	   1.0289296733095379e+00	   0.0000000000000000e+00	   4.8065118990158917e-01	   7.1557365786342764e-01	   7.4026083482584470e-01	   1.5132953552155937e+00	   2.3008237876539364e-01	   4.0396038019446445e-01	   1.8259799299753673e-01	   3.4038989164668582e-01	   9.0478960748239842e-02	   3.4630704421117081e-01	   2.0242661463762765e-01	   1.9850785004781338e-01	   8.1388579638737205e-02	   1.9981150489163524e-01	   1.1272125261568532e-01	   1.5644133872699312e-01	   2.4053628348608530e-01	   4.4516528955985402e-01	   8.6946927565511978e-02	   2.8829678335885450e-01	  -9.1569905958041181e-02	   1.5180020432759717e-01	   3.2123207717984603e-02	   2.0869408212367269e-01	  -8.9684955069721600e-02	   2.5894585046859032e-02	   2.3247331529602805e-01	   3.0895248098005584e-01	   2.6097873470429905e-01	   4.3951739964908221e-01	   2.6876371795686760e-01	   3.5837823643372579e-01	   4.4506651541209674e-01	   5.7300221453532485e-01	  -6.6974422047290233e-02	   1.0059653727667088e-02	   8.5914301313070829e-01	   7.4253340502735632e-01	   6.6261118089400628e-01	   7.5257982136198265e-01	   9.8966622233880064e-01	   9.4441652018091737e-01	   8.3923147122681652e-01	   8.5875255735764178e-01	   6.7709264610670072e-01	   8.3496801992865555e-01	   7.1760380755400588e-01	   7.7056706645434137e-01	   8.9380058253261874e-01	   9.3500134775548538e-01	   1.0467116912379301e-01	   2.1314353671567945e-01	   3.7589678162984785e-01	   5.4263193356029360e-01	   3.3792056852291996e-01	   6.1091551483473172e-01	   1.4951619217117640e-01	   1.4508249504458701e-01	   1.8286837269635542e-01	   4.1448964115275688e-01	   6.5182855664630224e-01	   7.3180384156882694e-01	   3.2383207352030496e-01	   5.0935839107923631e-01	   3.5898569921526735e-02	   2.4458699373194637e-01	  -1.6849642119606467e-01	  -1.7894293650907412e-03	  -1.1311966332686843e-01	   3.5904922216822940e-02	   2.1205770516007186e-01	   3.4073753496236575e-01	   6.5990150436515932e-02	   6.9863842136689280e-02	   3.1823372963436247e-01	   2.9466248536856254e-01	   2.7946113759383129e-01	   4.6934599325041437e-01	   4.3410183920549095e-01	   5.9954950781667715e-01	   3.5589069878448742e-01	   3.6980993357807596e-01	   6.2039065109789948e-01	   7.3283953902722432e-01	   8.9200997541738480e-01	   4.6321165161608102e-01	   9.7629797707193999e-01	   6.6049560727615453e-01	   2.0656538186585358e-01	   4.3009633211621809e-02	   6.4464563580395484e-01	   2.9110525542389443e-01	   9.6876786912089885e-01	   7.1693226556749967e-01	   6.0132531637017628e-01	   5.1368858196351308e-01	   2.1360187576238068e-01	   3.5044019195432602e-01	   5.6957456100062798e-01	   3.5983078454357920e-01	   5.1979513071857109e-01	   2.7847078400771696e-01	   1.9840693743711502e-01	  -8.3628258145187276e-02	   4.5597110138230534e-01	   1.0796114182128582e+00	   1.0833330209861609e+00	   2.7819268564428629e-01	   2.5509277694638912e-03	  -1.9525697250369692e-01	
   6.9905266568832769e-01	   8.0014554377210234e-01	   1.1268758363533380e+00	   7.6326260819296721e-01	   6.9087025364895616e-01	   4.8065118990158917e-01	   0.0000000000000000e+00	   9.9422761077262090e-01	   1.1134168976921734e+00	   5.5253839990034037e-01	   1.1133957155144494e+00	   7.8633559837959643e-01	   1.0426894485493998e+00	   8.6787648483797641e-01	   8.2993261968232923e-01	   6.8380124347644222e-01	   2.6808808725572109e-01	   1.7678766667980822e-01	   4.1362490931790413e-01	   3.3389720259369465e-01	  -1.7046144964647611e-01	  -1.9800768554292614e-01	   8.2036880884139707e-01	   7.0415762261047099e-01	   2.5479514537295667e-01	   2.5515228836637699e-01	   5.6304251506830616e-01	   6.2574747272625975e-01	   9.3079536899838902e-02	   2.4129742308160729e-01	   1.5272766129653206e-01	   8.0724216677322741e-02	   4.9797860213222822e-01	   4.1484059263762585e-01	   3.6514052408092451e-01	   2.9760002522541423e-01	  -7.6193295866028604e-02	  -2.2724883974706519e-03	  -3.1002591127848006e-02	  -4.3595296823864864e-02	  -4.2178414218765742e-01	  -2.1621817397522797e-01	   3.1698501590369399e-01	   1.9923818539139887e-01	   7.6007701387145452e-02	   1.7758322342481322e-01	   5.0657212062971291e-01	   4.1735358216670443e-01	   3.1729864623537452e-01	   5.0089201670848615e-01	   7.0772179944718094e-01	   5.7014576823914309e-01	   7.3908132948158523e-01	   8.5417440301006398e-01	   5.8523784596298933e-01	   5.7429802890706272e-01	   2.9235073147441654e-01	   3.2107004157020530e-01	   1.0442225929290041e+00	   7.4361584285290772e-01	   1.1985627420955358e+00	   1.0149424704036329e+00	   9.0961735151950260e-02	   3.3366204307113366e-02	   6.3843004008745408e-01	   6.5183197390904823e-01	   5.3902748579114212e-01	   4.3148068014305468e-01	   2.2774673765727677e-01	   2.1158469862782153e-01	   2.3739397165416787e-01	   3.4044379360172633e-01	   1.0830659970601601e-01	   1.5879330364601413e-01	   1.1254414490274252e-01	   5.6143927290063005e-02	   3.3241026505733212e-01	   2.6997966120320216e-01	   1.9195275816729493e-01	   2.1786810693271047e-01	   3.1799004138180337e-01	   4.7368588776767567e-01	   1.6429595354447785e-01	   2.4564038800794630e-01	   7.6563126826584416e-01	   7.6232219431529702e-01	   3.0759616105867954e-01	   3.6754841865035548e-01	   1.0133326240015599e+00	   7.7228098223096509e-01	   7.1628944921531723e-01	   9.6115821743756458e-01	   7.2666319453307693e-01	   9.4470100253213696e-01	  -1.6996794389393852e-01	  -2.3303904109429688e-01	   2.0478429048343885e-01	   8.6290111707289313e-02	   5.4401244317686448e-01	   5.9473925415152995e-01	   4.4645349427535552e-01	   3.5117841038909586e-01	   4.8309132127028509e-01	   2.8818241158121166e-01	   2.5253111822409363e-01	   3.8746942727753586e-01	   3.9238062247391881e-01	   7.6013819712808894e-01	  -8.0802996102988606e-02	  -5.5281015397937977e-02	   1.8987498648356976e-01	   4.4628756791166357e-01	   4.9207595090879186e-01	   1.6025361210481637e-01	   2.1989715637847795e-01	  -9.8423826125228556e-02	
   5.6553066988765122e-01	   7.6306102319034275e-01	   7.7296149896563360e-01	   1.4012883560248341e+00	   9.0922320122541711e-01	   7.1557365786342764e-01	   9.9422761077262090e-01	   0.0000000000000000e+00	   9.4698975524835260e-01	   8.2284543850202430e-01	   6.1979969919751576e-01	   1.0845619401342463e+00	   5.6761753493324840e-01	   8.9470878686785005e-01	   4.4806212816132335e-01	   7.9682303109260766e-01	   2.8093247864789878e-01	   2.6035424248191225e-01	   4.1055264898807287e-01	   4.6381570498761643e-01	  -4.4110702679270673e-03	  -9.3077254783882540e-02	   7.1793416353430484e-01	   9.9270381258039464e-01	   1.9973354340017951e-01	   3.3039968681689857e-01	   3.0372247506698286e-01	   4.5546550811259356e-01	   1.7540476258956669e-01	   4.3091324920225321e-01	   2.9411485254038566e-01	   3.3586190373950425e-01	   6.0235490929306901e-01	   7.0707053598089387e-01	   5.1208588076793193e-01	   5.1678337597904811e-01	   1.1211974110657363e-01	   2.5273942654555415e-01	   7.4813428062141293e-02	   2.4358953190884322e-01	  -1.9800258726184428e-01	  -1.7075831385338452e-01	   6.1083284784849123e-01	   5.2034282090823369e-01	   4.2669217989969266e-01	   5.4212810459684091e-01	   7.8137022911859200e-01	   7.3648085938565300e-01	   6.1846385321583164e-01	   7.6397609235657893e-01	   5.4692127942591329e-01	   6.4299596831981021e-01	   7.2975518029231146e-01	   8.8407125987350632e-01	   5.7633947875899505e-01	   6.3671974825895239e-01	   3.0565922721892619e-01	   3.5699187532383003e-01	   7.4009653461619673e-01	   9.4874520245095040e-01	   6.4954356202471408e-01	   1.5180903295169166e+00	   5.7709966999357286e-02	   9.5730532229303472e-02	   4.2818051080208225e-01	   7.8228816509959120e-01	   7.0921193637738511e-01	   7.9874162462467657e-01	   2.3371338360880320e-01	   2.5794191696780966e-01	   2.7568968786809644e-01	   4.3237223942681136e-01	   1.7048616055510132e-01	   2.6026187625119079e-01	   1.5000761179666938e-01	   1.8195131758742086e-01	   4.5588112780768297e-01	   5.0282181076937293e-01	   2.9510472484645717e-01	   2.6302463731879233e-01	   3.7684207870276343e-01	   5.4015225718061266e-01	   2.0666319390515250e-01	   4.1712078239256706e-01	   6.2262350642889530e-01	   8.2357034807117480e-01	   3.2770488363597983e-01	   3.3101576144707795e-01	   7.8238270220259765e-01	   9.8131194175983261e-01	   9.8878797891242209e-01	   7.0169380225714095e-01	   9.4101058065718890e-01	   7.3834132902772720e-01	  -1.9192368404492722e-02	  -4.9758210407526253e-02	   3.1690101882787958e-01	   1.0219530987585961e-01	   7.2172974468568174e-01	   4.3042183844669152e-01	   5.4929533086923921e-01	   3.4634063883914290e-01	   4.3894902749184994e-01	   2.5763186848421538e-01	   4.4150264770062131e-01	   4.1042596828703681e-01	   4.4918552776854670e-01	   4.7411563144791280e-01	   2.7047938402055612e-02	  -2.9386732391017169e-02	   1.9009717045883667e-01	   4.7800638966616738e-01	   5.3824419753788699e-01	   2.3647715008053286e-01	   2.8603019119892614e-01	  -2.4092119187906415e-02	
   4.2079232484089257e-01	   5.5980462686429311e-01	   6.1730445034730042e-01	   6.3234948298947202e-01	   9.0287325253755502e-01	   7.4026083482584470e-01	   1.1134168976921734e+00	   9.4698975524835260e-01	   0.0000000000000000e+00	   1.0005138993240337e+00	   7.3357074816694046e-01	   6.8778937459149858e-01	   7.7535743131272405e-01	   8.1787656583719859e-01	   6.5883245156177983e-01	   7.1248180561451813e-01	   1.3325360784641371e-01	   6.6919926264082247e-02	   1.8492198421623252e-01	   1.9226377921382035e-01	  -3.2914135556046539e-02	  -6.4522524755501909e-02	   5.4908691888042138e-01	   5.6659313580564030e-01	   2.9135226405346687e-01	   2.6026131400032448e-01	   4.7355315602529002e-01	   5.6764513198249777e-01	  -2.5823279577285391e-02	   1.5167795979409388e-01	  -2.8358539176462930e-02	  -3.3150530822836026e-02	   2.6553939131414428e-01	   2.5278510211054750e-01	   3.0272503176033416e-01	   3.2391422983065232e-01	   1.4680322581790461e-01	   1.4359201006316591e-01	   1.6885029099459478e-01	   1.8885085063191445e-01	  -2.2848333553874062e-01	  -6.2625600648168384e-02	   5.6994301000689584e-01	   4.2790202200296756e-01	   2.8621568852646245e-01	   3.5145250857934801e-01	   7.5530957476753580e-01	   6.0662190368091262e-01	   5.0287650088972291e-01	   5.8218641079170041e-01	   6.1524112262278607e-01	   5.5282549297394712e-01	   7.4608550115502192e-01	   8.3785606050510253e-01	   6.7254729336585617e-01	   6.2643735218311125e-01	   1.1722354394182379e-01	   2.2368733645660666e-01	   7.0641209701078866e-01	   7.4350721957608201e-01	   7.3483893107924481e-01	   9.7704623334805396e-01	  -4.3259297929785140e-02	  -4.5877008230035148e-02	   4.0800630737161420e-01	   5.5374344673180653e-01	   4.4339520430109280e-01	   4.1724693973401816e-01	   1.7422500282031303e-01	   2.3214328251693198e-01	   7.4324562878464590e-02	   1.7299457671155799e-01	  -1.0909104773294888e-01	   1.3344344987917884e-02	  -4.3466408951578141e-02	  -1.4531405854088497e-02	   2.2354357877886893e-01	   2.7188933552014738e-01	   9.3235833434798937e-02	   4.1980409229031658e-02	   2.0302133413874207e-01	   2.8637291900419004e-01	   1.3332924315046424e-01	   2.3138626746890545e-01	   5.5379830107624295e-01	   6.6515613568117993e-01	   2.4071675298563353e-01	   2.9205359641778739e-01	   8.8282002850328034e-01	   9.5369956371363429e-01	   8.2225673306819724e-01	   9.7773071924286914e-01	   1.0164323427663822e+00	   1.1185555335704949e+00	   1.3657909715453217e-02	  -5.8150276752780332e-02	   3.0532661036751846e-01	   8.9296595288659644e-02	   6.6807406283826432e-01	   6.1168419820215492e-01	   5.3644715917383134e-01	   4.8967471386677991e-01	   3.8333109495184026e-01	   2.8682454169115318e-01	   3.2986670767639048e-01	   3.0062805201655213e-01	   3.5509110709109049e-01	   4.0460192922459337e-01	   1.7730990592047944e-02	  -5.3866943926462373e-02	   2.5565552353941945e-01	   6.0433215937807105e-01	   6.9823092336884074e-01	   1.8894336692627611e-01	   7.4870132839414488e-02	  -1.0146056635427629e-01	
   2.1919524153000491e-01	   4.2102106937338141e-01	   3.2645598240398893e-01	   6.3064216470746448e-01	   1.0038198588953984e+00	   1.5132953552155937e+00	   5.5253839990034037e-01	   8.2284543850202430e-01	   1.0005138993240337e+00	   0.0000000000000000e+00	   3.3419409481323281e-01	   5.3193632032498550e-01	   3.4014300599050928e-01	   4.9134435739671001e-01	   1.6761009328492674e-01	   4.1304059256157816e-01	   1.3395345281730570e-01	   1.4112082666642900e-01	   9.6240139136319541e-02	   1.8964853453486949e-01	   1.3590792165248586e-01	   8.8788280053749724e-02	   2.5398676244103974e-01	   4.5372495081627662e-01	   1.6830489629291834e-01	   2.4391715232001376e-01	   3.2641542329308021e-02	   2.3251338628568990e-01	   1.3108177793655307e-02	   2.0976765667914959e-01	  -7.5742537662924006e-02	   1.8238397338477111e-02	   2.2785584839764345e-01	   2.7704921290134066e-01	   2.7465121577114843e-01	   4.3499440491919705e-01	   3.3851020113979718e-01	   3.8375269931429995e-01	   4.0141708063999598e-01	   5.1325932978399846e-01	  -5.8351817713121507e-02	   5.6886992830359140e-02	   9.2431526619730886e-01	   7.8154682176287193e-01	   6.9675430630830493e-01	   7.7253151118488428e-01	   1.0908074127544294e+00	   9.1439720556002180e-01	   8.7415025408536251e-01	   8.7524277404910067e-01	   6.9105147314620075e-01	   7.8184829751125695e-01	   7.4313454177410232e-01	   7.7921416482609351e-01	   8.4869532011622373e-01	   8.6387245832092052e-01	   7.1747519796092771e-02	   2.2757173795478652e-01	   4.4321474309646697e-01	   6.4788943031611179e-01	   4.3692858128777917e-01	   7.1971335489529431e-01	   9.2093222445509104e-02	   8.5717062264624749e-02	   1.7764824265814955e-01	   3.8797937910702918e-01	   5.6637743438036670e-01	   6.4531903168591875e-01	   2.2117241904542784e-01	   3.7153376756580125e-01	   4.4718729175256579e-02	   2.2096411536480276e-01	  -1.8542680508318010e-01	  -1.7792296214999500e-02	  -1.4158022269318871e-01	  -9.2574896875877756e-03	   1.7446846071618172e-01	   3.2909623664729176e-01	   6.2878444251181997e-02	   4.5959551075777427e-02	   2.7866938910306616e-01	   2.9926222957841242e-01	   1.7712799268303939e-01	   3.6311694075196332e-01	   4.2732723802138906e-01	   5.2547756170428650e-01	   2.8382811504828176e-01	   3.1600329214319467e-01	   6.6240288055415253e-01	   8.1074058688630923e-01	   8.3221834935778427e-01	   5.3812142428728627e-01	   9.9715461159674124e-01	   7.4889868962968131e-01	   1.8276417253762783e-01	   3.6046386056207511e-02	   5.7398442437767072e-01	   1.7663377817835724e-01	   8.0864699227316406e-01	   6.2132860910802790e-01	   5.4864891383949754e-01	   5.1030656513237282e-01	   2.1894713006261587e-01	   2.9652239111936751e-01	   5.2971819312270640e-01	   3.1629501635806162e-01	   4.5602421203451904e-01	   1.7930616418853404e-01	   1.5516984460917210e-01	  -1.1247953160116581e-01	   3.4407424761572042e-01	   8.8589942942707489e-01	   9.1694609337028721e-01	   2.1003158084829046e-01	  -3.8036346704136942e-02	  -8.8706981411157654e-02	
   6.7474534108377004e-01	   6.6282490085029944e-01	   5.4881722886840267e-01	   3.5279440952949298e-01	   3.2547296808649473e-01	   2.3008237876539364e-01	   1.1133957155144494e+00	   6.1979969919751576e-01	   7.3357074816694046e-01	   3.3419409481323281e-01	   0.0000000000000000e+00	   1.0486186829110005e+00	   1.8214640387408387e+00	   1.1192591291576672e+00	   1.0171042442331637e+00	   7.1274201067091236e-01	   3.1173430084725823e-01	   2.5102203873346146e-01	   3.2501290273149791e-01	   2.5578034153217127e-01	  -1.9896765408867900e-01	  -2.7627766812614341e-01	   4.8344894716867026e-01	   3.9956194580312587e-01	   1.2024687397168110e-01	   1.7754918381694403e-02	   4.6814583301577495e-01	   4.3070749714699186e-01	   1.5784739141450074e-01	   2.6647046856908907e-01	   1.0331392136686527e-02	  -9.1040628442204008e-02	   3.5253187270657976e-01	   2.1892791451055954e-01	   9.4797185969164477e-02	   6.1631193418983987e-02	  -1.2720942135475166e-01	  -9.5329966299793803e-02	  -8.8221355051297093e-02	  -1.0107802571221763e-01	  -4.6516609649307666e-01	  -9.7977311479922183e-02	   2.1429788500017538e-01	   1.2947823844203074e-01	  -2.8406551555706479e-02	   6.8369998750595601e-02	   3.6453963872054440e-01	   2.6275140477182396e-01	   2.1445884455854825e-01	   3.7567558270772844e-01	   6.5857245094520478e-01	   4.7060870754891460e-01	   5.9898766499799061e-01	   6.1539322964854637e-01	   4.8829656547349720e-01	   4.5420934780604216e-01	   3.3520346119297456e-01	   4.0199462951654052e-01	   9.3160294061616233e-01	   6.6345795884182435e-01	   1.3400104496214296e+00	   7.8257356925248622e-01	   2.1188542976050737e-01	   9.9280669523561765e-02	   3.0128789937576456e-01	   2.9896887620802509e-01	   2.0038256610530042e-01	   1.4140961518177708e-01	   1.4350064493783898e-01	   1.1987762503909213e-01	   2.7503513005318270e-01	   2.3129362421295072e-01	   1.5939833745893389e-01	   2.0203725884477489e-01	   1.4358676372884782e-01	   8.2026446961749405e-02	   3.0797168606561343e-01	   2.1478406363889618e-01	   1.9266193015712610e-01	   2.3568358534631226e-01	   2.5523064391780614e-01	   4.2286944689478495e-01	   9.6938347459549615e-02	   2.3395205826565052e-01	   5.9375116127393446e-01	   4.7884060587078331e-01	   1.6538671867218205e-01	   2.1950299702228268e-01	   7.6398635107205148e-01	   5.8571694508951788e-01	   4.4025616545128377e-01	   7.9357098678011306e-01	   4.5399268563193473e-01	   7.9974358046583049e-01	  -1.3173701953158007e-01	  -7.8267825075377107e-02	   1.7349139676295117e-01	   1.4346229123848167e-01	   4.0164036712684242e-01	   5.2473208661492532e-01	   3.8906632941164909e-01	   3.1126207451828086e-01	   4.6704180155046482e-01	   2.3258302131131459e-01	   1.1886917302286926e-01	   3.0042031699443977e-01	   3.1797943243038607e-01	   6.3145506309800337e-01	  -2.0746893038095668e-01	  -4.3840713953562267e-02	   9.0732482154504829e-02	   2.7145436535854028e-01	   2.9689840905429354e-01	   9.0574418695871795e-02	   7.2707170259946052e-02	   4.9793211449795191e-02	
   5.2801442986103664e-01	   7.0088314997412327e-01	   3.9182699411185290e-01	   5.9352524020105102e-01	   4.5825084426537022e-01	   4.0396038019446445e-01	   7.8633559837959643e-01	   1.0845619401342463e+00	   6.8778937459149858e-01	   5.3193632032498550e-01	   1.0486186829110005e+00	   0.0000000000000000e+00	   1.0016311946375720e+00	   1.5147717859621634e+00	   5.9276829414188115e-01	   7.9728365708021665e-01	   3.1956253164668258e-01	   3.1560121063311236e-01	   3.2622388021391946e-01	   3.6092377752134358e-01	  -1.1278708269974907e-01	  -2.1935761419698216e-01	   4.1001297596942693e-01	   5.1494483865392215e-01	  -1.2611657286117019e-03	  -5.7263650352937885e-03	   2.1558616056233790e-01	   2.6353885059680460e-01	   2.2946341489253153e-01	   4.6160750968048170e-01	   8.3371383985510139e-02	   6.9311014731972848e-02	   4.0625473767716030e-01	   4.2105948224962270e-01	   1.5596257511247916e-01	   1.7302493882906222e-01	  -2.3608046224525659e-02	   1.0330842669546579e-01	  -1.3794337946733456e-02	   9.9571521070290062e-02	  -2.9381019065165026e-01	  -6.0872929923258726e-02	   4.0156901493912822e-01	   3.5854059188155396e-01	   2.4679581857781513e-01	   3.7226581101757927e-01	   5.4041597244407824e-01	   4.6838715376032047e-01	   5.0602783443429600e-01	   6.8565458726769613e-01	   5.9780035447438329e-01	   6.2270886325389241e-01	   6.7082297257374346e-01	   6.7361050492753682e-01	   4.8538724143978829e-01	   5.3118018548028945e-01	   2.6434526076451792e-01	   4.0363327892324313e-01	   7.1031408134078300e-01	   9.1895041221656371e-01	   8.2719508761048788e-01	   1.2398776543888799e+00	   1.4203619233794892e-01	   1.5937575783080474e-01	   1.4435507071813053e-01	   3.6466928660327708e-01	   2.6631042179291253e-01	   3.4738733092646579e-01	   1.4251029157787073e-01	   1.5979796328857929e-01	   3.5110522195830046e-01	   3.4866879172783471e-01	   2.4959864743738747e-01	   3.4004506348271613e-01	   2.1154694749113981e-01	   2.2635197441673580e-01	   3.9649235036892022e-01	   3.9714516529577881e-01	   2.6103453867589832e-01	   2.6212432739601432e-01	   2.8651616968932492e-01	   4.6757807838436394e-01	   1.1651462435585248e-01	   3.7239684758164165e-01	   4.6705978433191708e-01	   5.0650078619969263e-01	   1.7771548061308867e-01	   1.8038568337476779e-01	   6.1165262333792314e-01	   7.2409258290011236e-01	   6.0000655218364840e-01	   5.4368838102958272e-01	   6.2868833016231740e-01	   6.1475414303641995e-01	  -4.8531840558491933e-02	   1.3220600416506061e-02	   2.0898631920911753e-01	   1.0816842570468316e-01	   5.3108610150035629e-01	   3.5826495258512731e-01	   4.5760514664722141e-01	   2.3308959457495793e-01	   3.7457970026862564e-01	   1.2401594049812020e-01	   2.3516069381853927e-01	   2.6805537371623617e-01	   3.7858814821069953e-01	   3.9866080014349053e-01	  -1.2858141893248964e-01	   1.6712553581219418e-02	   5.9575085094481908e-02	   2.6564215873607921e-01	   3.1725193621518727e-01	   1.0748899064988697e-01	   1.6226249219673769e-01	   1.2917857178833828e-01	
   5.0012283245561162e-01	   5.5218865940688566e-01	   4.7211262645810387e-01	   2.5235127856925266e-01	   2.9875873603894032e-01	   1.8259799299753673e-01	   1.0426894485493998e+00	   5.6761753493324840e-01	   7.7535743131272405e-01	   3.4014300599050928e-01	   1.8214640387408387e+00	   1.0016311946375720e+00	   0.0000000000000000e+00	   1.2498669306590089e+00	   9.6936143939596664e-01	   6.4166102229519306e-01	   2.2978904510551845e-01	   1.6632823683750930e-01	   2.2538841813283342e-01	   1.5634091240727196e-01	  -1.7922749383806197e-01	  -2.5656109540452288e-01	   4.2781093016272165e-01	   3.2843092712324484e-01	   8.1404383720287493e-02	  -6.4294876725071545e-02	   4.5553771142187000e-01	   3.9952776811458179e-01	   1.1145683854411749e-01	   2.2897297504307068e-01	  -4.5390467156615683e-02	  -1.3765456368993984e-01	   2.6761101090028699e-01	   1.4893080381085200e-01	   7.4215501497204267e-02	   2.0220151124774211e-02	  -1.2974171717386035e-01	  -1.1092182916073871e-01	  -9.9116007440505083e-02	  -1.2081092971428391e-01	  -4.4435266403715606e-01	  -4.9520600039113717e-02	   1.6627399570418752e-01	   1.0552689453782503e-01	  -5.2147227461932719e-02	   5.8574282305073708e-02	   2.9170157941365799e-01	   1.9416921420281644e-01	   2.1405560525663200e-01	   3.6028425685180737e-01	   6.3060949247777254e-01	   4.3228899241597363e-01	   5.4300957329910682e-01	   5.2831879204746035e-01	   4.0925892964268246e-01	   3.5958979920950768e-01	   2.0066409211517230e-01	   3.0625473915365753e-01	   7.8877433656658391e-01	   6.2015099769656445e-01	   1.1696834474929372e+00	   7.6035642896151445e-01	   1.0798546129599385e-01	   2.4253925700850339e-02	   2.1581512626208393e-01	   2.3125340695665356e-01	   1.0643778202526326e-01	   5.6437088995375126e-02	   2.5225315520131863e-02	   4.5666238841957640e-02	   2.9918093925832900e-01	   2.2439190498781542e-01	   1.0630839098532485e-01	   1.5566034559655145e-01	   1.1398842146245072e-01	   5.5326801552513377e-02	   2.1464067399942199e-01	   1.6696530047822597e-01	   1.5786665944736855e-01	   1.8245553363237313e-01	   2.0252097809018482e-01	   3.2832718010486617e-01	   4.1997567004967845e-02	   1.6694065261864802e-01	   4.5461368182623074e-01	   3.2052858275477319e-01	   9.0640124126663779e-02	   1.5996755341249408e-01	   6.3410133666805113e-01	   5.1218218534374571e-01	   3.6801583818945705e-01	   7.2722852532621540e-01	   4.3657311113496328e-01	   7.5376970394544829e-01	  -1.1259835829148850e-01	  -7.5855084120855842e-02	   9.5067332390444861e-02	   6.1676660231452796e-02	   2.9966950099910900e-01	   4.1809058099896573e-01	   3.1804623316805253e-01	   2.7803286605403355e-01	   3.8316767573057553e-01	   1.3583719625000568e-01	   5.1738256092907040e-02	   2.1346737180435343e-01	   2.3274230820346781e-01	   5.1805156281564080e-01	  -1.5537127801176359e-01	   3.1785056426253663e-02	   5.5976154860907651e-02	   1.7863624965754296e-01	   2.2367069133874012e-01	   3.0978458190522428e-02	   7.0621277761330245e-02	   1.6338060704232774e-01	
