   0.0000000000000000e+00	   1.2846813444231950e+00	   7.2435740690511374e-01	   5.2173847020783337e-01	   5.0730406513286552e-01	   3.7079704833012828e-01	   5.3908033161240576e-01	   5.0246516070014535e-01	   6.9731114568240060e-01	   5.3131523387033874e-01	   9.1910515758209455e-01	   8.7431592085422061e-01	   7.5186112916076264e-01	   8.5137514968519457e-01	   8.3676280221654997e-01	   6.1450999697434749e-01	   7.4274890004758942e-01	   6.0361945299630204e-01	   1.0044477164620211e+00	   8.8441147645653961e-01	   2.7687073297218717e-01	   2.8082879706340352e-01	   6.0987892294509904e-01	   4.4873349438819132e-01	   2.6514815750459847e-01	   2.2939442698094636e-01	   2.9914046179308140e-01	   3.0848619222654428e-01	   6.8972439737073543e-01	   5.7077152239535367e-01	   4.1003247115276253e-01	   3.6261566661094369e-01	   5.1247366131749572e-01	   5.1222977257603397e-01	   1.1713754762530115e-01	   1.3539401082870006e-01	   5.0041468137227951e-01	   4.1711888568754857e-01	   5.5081331293613234e-01	   4.2932990558834838e-01	   6.3917348080450953e-01	   5.3537090367473461e-01	   7.2169219508473315e-01	   7.2948492208631621e-01	   4.7717288786464784e-01	   5.0924171921973904e-01	   9.2643267525157436e-01	   9.3112805531220544e-01	   7.7735381860099007e-01	   7.3369381805742140e-01	   7.4453650104695868e-01	   5.6277903074343416e-01	   8.6041050469874791e-01	   6.3248987874336038e-01	   1.0325115699007088e+00	   1.1119009965186830e+00	   8.4505674308983025e-01	   8.6951516856947342e-01	   9.8392835382658228e-01	   6.5857505064729449e-01	   7.0005340980703756e-01	   3.6275990779876549e-01	   6.2515483850676468e-01	   7.1597150732005321e-01	   1.5481205965694367e-01	   1.1494614363170155e-01	   2.9028968145002010e-01	   2.3190225845826440e-01	   7.4699971518696862e-01	   6.6781021069379898e-01	   2.6352517508468670e-01	   3.4234234681054049e-01	   5.7275082737915195e-01	   5.5555914437335008e-01	   5.4141587673261760e-01	   5.4163160986174441e-01	   5.3353682882240649e-01	   4.5158576058637656e-01	   5.1655271323651264e-01	   5.2313689935665331e-01	   7.9948223529751761e-01	   8.2432152078521037e-01	   9.3836708185973339e-01	   7.4615335199582355e-01	   6.8400526736989842e-01	   6.3634503080858607e-01	   7.4819713830331380e-01	   3.7391938759320037e-01	   7.0470624282045358e-01	   8.2909033259849474e-01	   5.6164204371821258e-01	   6.4719963094767052e-01	   4.3882686393986109e-01	   7.0654174078780285e-01	   3.3909074821498958e-01	  -3.6365543258457977e-02	   6.7536231396985746e-01	   3.2049824945192767e-01	   6.7240792667256610e-01	   6.3818703440911684e-01	   7.7054970271849366e-01	   7.4250299908065542e-01	   9.5427690313008440e-01	   5.9585811592459603e-01	   2.4911600562816441e-01	   3.4831570307797266e-02	   4.8884725108281052e-01	   4.2148770176049555e-01	  -1.3511138682588172e-01	   1.5703880896122910e-01	   2.7209471768576049e-01	   3.5724594793056524e-01	   3.1488546502634113e-01	   1.8614248269113115e-01	   2.7392924464782081e-01	  -1.5663885936904723e-01	
   1.2846813444231950e+00	   0.0000000000000000e+00	   6.7095615082981519e-01	   5.7444492758421806e-01	   4.6735496940796667e-01	   4.0871169301907301e-01	   4.9469039332414644e-01	   5.4930195352178646e-01	   5.9908566212371051e-01	   5.8942638704444894e-01	   7.7225056373325118e-01	   1.1040284628212664e+00	   6.2955548402999173e-01	   9.9695332506953671e-01	   7.3764176066767795e-01	   7.2504472145412868e-01	   1.1406370559509866e+00	   9.0315942739397892e-01	   9.6782334401715608e-01	   1.2213175816654815e+00	   2.8179375181133920e-01	   2.6475576373793902e-01	   5.7318287453646244e-01	   4.5757762350352976e-01	   2.5807105828692056e-01	   2.3981245227270956e-01	   3.0519500059750809e-01	   3.6559059487989198e-01	   8.9453470549552871e-01	   7.2419234712136549e-01	   3.6857697672640960e-01	   3.1732008583133309e-01	   6.4372353823641171e-01	   6.6129383076213610e-01	   1.4378751329778189e-01	   1.6942247623849632e-01	   5.6350668841657092e-01	   4.6823271839493630e-01	   6.9936321178744854e-01	   5.4706498406126225e-01	   6.9373161280176920e-01	   5.7304921943919795e-01	   8.4605138074690034e-01	   9.0445093299683066e-01	   6.9503722660702516e-01	   7.2953074805424523e-01	   1.1652381347740586e+00	   1.0685679455263770e+00	   9.0848690130838117e-01	   8.9217277763641456e-01	   7.8153076988911907e-01	   6.4372074779627608e-01	   9.2269355035571976e-01	   7.5375673315085578e-01	   1.2301382432086225e+00	   1.2074512246274498e+00	   1.1349458078018337e+00	   1.2326906490075060e+00	   7.9226691414677519e-01	   6.9152682484502725e-01	   5.4279780439175707e-01	   3.8191261140786575e-01	   6.6543297662047474e-01	   9.5122740117963989e-01	   7.3291828508210033e-02	   1.0403369022351275e-01	   3.5963105300337456e-01	   3.5390234022321887e-01	   9.2716830308603493e-01	   9.1340207392395611e-01	   6.2904886276255734e-02	   2.2389410682734306e-01	   5.5144270811443796e-01	   6.7726912594923383e-01	   5.1237042902815688e-01	   6.2506197401983266e-01	   3.8921575038007405e-01	   4.2727065535307851e-01	   7.9406785999058682e-01	   6.4773410138838361e-01	   9.8098377933633329e-01	   9.9133507149747313e-01	   8.4714256585529835e-01	   8.4121150745665574e-01	   5.9538623899749099e-01	   7.6398616487462667e-01	   6.5248871968492295e-01	   3.6595555796933865e-01	   6.8409766145349526e-01	   1.1600157219348826e+00	   5.7465438591227480e-01	   5.3407178996969817e-01	   4.5581551580482238e-01	   6.7297443513144606e-01	   3.4492403140427036e-01	  -1.4072807792129069e-01	   7.1929401221800615e-01	   2.6259362189898455e-01	   6.6308310594446263e-01	   4.3595032026051767e-01	   8.1876998132006384e-01	   7.8155423640791133e-01	   1.0750480953608905e+00	   6.5850704502918089e-01	   2.3400311515105499e-01	   2.2908945784569220e-03	   4.3388510021796184e-01	   4.6865854555959696e-01	  -1.7810559119429403e-01	   5.4230422181478222e-02	   2.6816776753503280e-01	   2.7280717996052156e-01	   2.4189618716605588e-01	   1.8184359996486732e-01	   1.5862795178746311e-01	  -3.3834699331619489e-01	
   7.2435740690511374e-01	   6.7095615082981519e-01	   0.0000000000000000e+00	   8.6901917427276620e-01	   1.0873234496438346e+00	   5.3511972622731352e-01	   1.3792900899283314e+00	   6.9863185546265572e-01	   1.0085466654098958e+00	   5.8093598128369706e-01	   3.2600473394920126e-01	   3.8722119317474440e-01	   3.6240227983985263e-01	   3.8814484146963774e-01	   9.0475226525507724e-01	   6.7797012402362911e-01	   5.1257012826773185e-01	   5.6377280826778520e-01	   8.8276085722562581e-01	   9.0957595050552353e-01	   7.0342588017062535e-01	   4.2254014134082901e-01	   1.0824190401026346e+00	   7.3564154478099009e-01	   8.1956227179837005e-01	   6.4573637628503100e-01	   6.0365002301904802e-01	   5.0044216517856110e-01	   7.0583528015061558e-01	   6.8589259692498539e-01	   9.2222789255687021e-01	   7.0683011498762660e-01	   9.4699116125933935e-01	   8.7173657920822112e-01	   5.9806179670579251e-01	   4.2213089311318136e-01	   5.9030345148124619e-01	   7.1647700844267559e-01	   8.2889939182525996e-01	   7.3277480053648503e-01	   8.3237775030881189e-01	   7.4633265180579200e-01	   7.4163334766941735e-01	   7.1184952201221463e-01	   6.2729305435894489e-01	   5.6856549103585130e-01	   7.4682275693129707e-01	   7.3075098601582567e-01	   7.1257289635531917e-01	   4.8666002085206161e-01	   6.6116881898752111e-01	   3.9165038789847995e-01	   5.7250604219907908e-01	   2.6570303189921335e-01	   7.0488261181608691e-01	   7.4393647643663585e-01	   6.5195160248500883e-01	   5.1713584947580027e-01	   5.7591490582506899e-01	   3.2637271043756999e-01	   7.6577897019390129e-01	   3.8039955275467130e-01	   5.7014652876254912e-01	   5.9131926400948087e-01	   6.3662395518752413e-01	   4.9445211594775429e-01	   7.5810042433285585e-01	   5.7054412081841688e-01	   9.5566428632153877e-01	   9.7628267122542722e-01	   5.0683334082523845e-01	   3.3174377155011470e-01	   6.4441773187895401e-01	   6.3212458988725329e-01	   5.5766222400823862e-01	   5.2653036604334269e-01	   4.1988371029687915e-01	   3.5476178130974390e-01	   5.4596060846936756e-01	   5.1805443092632886e-01	   4.1321744604811017e-01	   5.6963388349503141e-01	   9.0214217835040611e-01	   6.0015128475465351e-01	   8.7589616544750259e-01	   6.4465948355454217e-01	   9.8201137311376430e-01	   4.4177430848448329e-01	   1.1512191152561331e+00	   6.4096847873100171e-01	   5.3917168486832279e-01	   9.4910687959911932e-01	   4.8910560517006629e-01	   8.6445532161694949e-01	   4.9723356221552667e-01	   7.3061125315292894e-02	   7.7322997826350870e-01	   4.3981473994991266e-01	   5.2969365400275847e-01	   8.0434873510693816e-01	   4.7414044530578581e-01	   6.5124938452662939e-01	   6.0762575396401530e-01	   5.8999044665621514e-01	   2.4797457133176182e-01	   2.7046909776429190e-01	   2.4728968296059281e-01	   5.2079170712475198e-01	  -2.0337480431242716e-01	   2.0294052535034554e-01	   2.5874560712950806e-01	   3.1254598481083434e-01	   2.6540453954846077e-01	   1.9384259201241286e-01	   4.0399419690366450e-01	  -2.5753891102227922e-02	
   5.2173847020783337e-01	   5.7444492758421806e-01	   8.6901917427276620e-01	   0.0000000000000000e+00	   1.0231446085175624e+00	   1.1902454766324777e+00	   9.1565303046112823e-01	   1.4808261231067559e+00	   8.2985791924063190e-01	   1.1215005222776839e+00	   2.0840292023737650e-01	   5.0966839651467422e-01	   2.2373689026494839e-01	   4.7332927809468250e-01	   5.8709460613256170e-01	   8.5010658486159663e-01	   5.4598265247788547e-01	   6.0277819747162364e-01	   5.0504523049776340e-01	   7.6872872798254333e-01	   4.6047590143816031e-01	   4.5599456861486748e-01	   1.1219900708549526e+00	   1.1849386302589253e+00	   7.4672047355960069e-01	   9.0084007877686778e-01	   5.8304375063909653e-01	   5.6725682000112920e-01	   5.8145993848668953e-01	   7.8304477856646248e-01	   8.0718146835720173e-01	   8.2004063666636118e-01	   8.0927824191882825e-01	   9.2194432396246317e-01	   6.2355836093418560e-01	   5.5065972187399381e-01	   3.2035007860946002e-01	   5.4344326234707718e-01	   4.9085001030786102e-01	   6.5256935663188709e-01	   6.0254973700953685e-01	   6.5368692950576812e-01	   5.8825419005767143e-01	   4.6634551029649712e-01	   3.9124960904011724e-01	   4.1756816085414694e-01	   6.5448938022027514e-01	   5.9796145977162729e-01	   5.0048041580641334e-01	   3.5429264842204994e-01	   5.6163830668827375e-01	   2.8187908736117295e-01	   4.8348338463859353e-01	   2.0699220246638375e-01	   5.2178647362936448e-01	   5.2492783230650075e-01	   6.0821604773151106e-01	   4.4953694433856989e-01	   3.5589120142938957e-01	   4.1710581819686965e-01	   6.3357380033752209e-01	   8.7671592409522503e-01	   5.3016459487003553e-01	   5.8076156024077497e-01	   6.6459022412742130e-01	   9.2932997318757082e-01	   5.3174848904093219e-01	   6.0579646727617165e-01	   6.4028199737228797e-01	   7.7963135820237273e-01	   3.7672050693576231e-01	   5.2693925225749594e-01	   5.7745090837018054e-01	   7.2937780662561613e-01	   5.8774021577859681e-01	   7.5500481132681674e-01	   4.3952194515722576e-01	   4.8874166396343610e-01	   6.7843774377930732e-01	   6.1673953676486681e-01	   5.8691834977488488e-01	   6.3430896634805722e-01	   4.7568686644774560e-01	   6.7724328698752279e-01	   6.7656294328097744e-01	   9.1556517692315342e-01	   5.6696734049064168e-01	   5.0920399371339320e-01	   9.1441732886312044e-01	   7.6100288014812445e-01	   9.7241957454828076e-01	   6.8455628186051187e-01	   9.1960887274396441e-01	   7.1455252529397895e-01	   3.8187870700421167e-01	   1.8492740398647833e-01	   7.3875815728545768e-01	   6.0011047177200016e-01	   7.1505590830097787e-01	   6.5969323068473307e-01	   6.0722894210567413e-01	   5.5654775112155452e-01	   6.2342529973380767e-01	   6.3629300656511001e-01	   3.4517920975596927e-01	   5.9626876550432480e-02	   2.4681124117027911e-01	   4.9247554194422860e-01	  -1.7362836734001830e-01	   2.2055139685690758e-01	   4.1973674507559333e-01	   3.5980475028774050e-01	   3.8016003343749122e-01	   3.4990178583838011e-01	   5.5363937920341233e-01	  -6.0873764570924520e-02	
   5.0730406513286552e-01	   4.6735496940796667e-01	   1.0873234496438346e+00	   1.0231446085175624e+00	   0.0000000000000000e+00	   9.1448437445577324e-01	   1.4330120650420579e+00	   1.1375476449510109e+00	   1.1274535324765029e+00	   9.3690411307274835e-01	   3.0284073568173608e-01	   4.2542056415944707e-01	   4.0117153314864024e-01	   4.8185259736592129e-01	   7.6621332138113973e-01	   8.0870247980670329e-01	   4.9947677667232993e-01	   6.1830833777671146e-01	   4.4256874825588866e-01	   6.0255218478284756e-01	   6.6502163189676666e-01	   3.9091389890072270e-01	   9.9865170027843442e-01	   8.4798795815427208e-01	   6.2153595746373425e-01	   6.3936400661022563e-01	   3.6888070370117915e-01	   3.5731585230262758e-01	   6.5097503627642206e-01	   8.6405136061528875e-01	   7.2749878633076492e-01	   7.5998925413614671e-01	   9.5238151911075430e-01	   9.7064061064588092e-01	   6.5081217607677333e-01	   6.0070243507129695e-01	   5.2495516948259835e-01	   6.1799213638043349e-01	   7.9516213343918729e-01	   6.5984890389517226e-01	   8.1706754571849260e-01	   8.2559124904772696e-01	   6.8893533303272481e-01	   6.3641717200095216e-01	   5.4136526489852821e-01	   5.1890503406523980e-01	   5.9984021432098722e-01	   6.2481871142091505e-01	   5.8042597432899057e-01	   2.7907405393494966e-01	   5.0301389599961854e-01	   2.3076680210286510e-01	   4.0397309594329112e-01	   8.9481355273145852e-02	   4.5468131994501604e-01	   4.3069712293509377e-01	   5.2614009678532236e-01	   3.1997639190001953e-01	   4.3589963960923411e-01	   2.4247974553606810e-01	   9.1353001885090768e-01	   7.6766578103028349e-01	   6.5920833400023060e-01	   5.9518401829390022e-01	   5.9974577928755302e-01	   6.5239180845771216e-01	   8.2153303639304720e-01	   7.3151799007118690e-01	   6.6219397332677643e-01	   8.5537856209210250e-01	   3.8008138625210669e-01	   3.3680649769500715e-01	   5.3729895325408905e-01	   6.0455612289053573e-01	   4.3212801620607810e-01	   4.7188571778722455e-01	   3.4303375874020248e-01	   2.6097138162017641e-01	   4.8666765035012977e-01	   4.8603791392989076e-01	   4.1646228989741713e-01	   6.2137603740088643e-01	   6.5312800935636839e-01	   6.1487210903424661e-01	   8.8757521725399458e-01	   7.4370254882680709e-01	   6.8373054258485078e-01	   2.9760095804764425e-01	   1.1166877152417545e+00	   6.0554484911595563e-01	   6.6880158906431519e-01	   8.1603480547089502e-01	   6.6876062109737966e-01	   7.6642160962235084e-01	   4.9904729405945597e-01	   3.0678927051476762e-02	   7.9877097655919294e-01	   5.0249660012650643e-01	   6.3643218199491192e-01	   7.0816126037801852e-01	   4.9620133566223046e-01	   5.9553449266209213e-01	   5.0419178541325804e-01	   5.3369617493316190e-01	   3.3591155115499161e-01	   2.0631919487690162e-01	   2.4519597664312853e-01	   4.3530733237169439e-01	  -1.5553473682537580e-01	   1.8384838419467839e-01	   4.2558065640360565e-01	   4.1112507209002991e-01	   3.7953806033857795e-01	   2.3309060488368283e-01	   4.2662935774716848e-01	  -1.9376389859708666e-02	
   3.7079704833012828e-01	   4.0871169301907301e-01	   5.3511972622731352e-01	   1.1902454766324777e+00	   9.1448437445577324e-01	   0.0000000000000000e+00	   5.7968463112993207e-01	   1.0733009668872115e+00	   6.8483603247977121e-01	   1.3425835570239961e+00	   1.2856922603596632e-01	   4.4276393688334398e-01	   1.1600294953612600e-01	   4.4681843751505484e-01	   5.2165458763411365e-01	   1.0615141093868392e+00	   3.6846528469428647e-01	   3.8224925978632690e-01	   2.9547179758507230e-01	   4.4087452797737525e-01	   3.9041364918235943e-01	   4.5396752266021645e-01	   8.7353600483017735e-01	   1.1097710285805749e+00	   6.0123800875265487e-01	   8.6582017308694503e-01	   5.5705459914588851e-01	   6.5456783020548559e-01	   3.2760752531475928e-01	   6.5133546863538450e-01	   4.8211047836828036e-01	   6.2879291401323290e-01	   4.9339841858633454e-01	   5.9948462537323088e-01	   5.9657547232296848e-01	   6.3266970962747238e-01	   1.9424572786456482e-01	   4.8461766317385430e-01	   4.3076172704008087e-01	   5.1049062461347994e-01	   4.2866547307450409e-01	   5.5216494160185703e-01	   4.1133098178694177e-01	   2.8670645697772562e-01	   1.8446754600184023e-01	   2.2074131225050592e-01	   5.0627871543567360e-01	   5.1502612475930276e-01	   3.0813010415999653e-01	   1.9635081783876879e-01	   4.2367549299343565e-01	   2.2222849486060087e-01	   3.9119507234663997e-01	   1.1870889714684911e-01	   3.9969978126202932e-01	   3.7932431744698492e-01	   4.0117985941132989e-01	   2.7826393810558303e-01	   2.5975011221194844e-01	   4.0127467692455560e-01	   4.2954661297943686e-01	   8.6143117656245072e-01	   3.6674531841355712e-01	   3.6112022586299070e-01	   5.8717717495998356e-01	   8.7290174920438424e-01	   4.0405916861270808e-01	   4.8498995636410019e-01	   4.4446801099165983e-01	   5.6908478577213284e-01	   2.7005669243248415e-01	   4.2313842699709125e-01	   2.0971360503522690e-01	   4.1241728051903437e-01	   2.3445841921160507e-01	   4.2745789363972359e-01	   2.7774413127501818e-01	   3.1030740961720965e-01	   4.1964504653864254e-01	   3.4471789918578283e-01	   4.2729982572326014e-01	   4.5481842962171531e-01	   4.3725323627603208e-01	   8.0217555765515813e-01	   5.6778482897460625e-01	   9.1299510854355370e-01	   5.6891187268177990e-01	   5.9702037131967289e-01	   7.3602932466335935e-01	   7.0796465603535974e-01	   1.0760457356646844e+00	   6.2913250676254029e-01	   1.1091239517059097e+00	   6.8385058910132890e-01	   4.0168571445641332e-01	   1.8883442752911325e-01	   6.7044195353010017e-01	   5.3912670863674639e-01	   7.1271724758993482e-01	   4.5292828949461761e-01	   6.0001159515269542e-01	   6.1485155477925180e-01	   5.2651538253622032e-01	   6.2060255424607880e-01	   5.3557215007731251e-01	   1.6201539343005675e-01	   2.6935982701838501e-01	   5.8766922320138237e-01	  -8.0264107188789166e-02	   1.5825112484316300e-01	   6.2606377009010361e-01	   4.7404231807154718e-01	   4.4637553229114957e-01	   4.6427148249769262e-01	   5.1536887361334838e-01	  -5.3540282909588281e-02	
   5.3908033161240576e-01	   4.9469039332414644e-01	   1.3792900899283314e+00	   9.1565303046112823e-01	   1.4330120650420579e+00	   5.7968463112993207e-01	   0.0000000000000000e+00	   1.0005649859044838e+00	   1.0296665140940360e+00	   6.3707137986996865e-01	   3.7967363041143376e-01	   4.5769184027067145e-01	   5.7604542690986060e-01	   4.7628115675079497e-01	   7.8783628488892021e-01	   6.2219510209311202e-01	   4.5967091591118092e-01	   5.9487582662624372e-01	   5.3467009251991227e-01	   6.8607717595318640e-01	   6.0754927857892438e-01	   2.7170857375497282e-01	   1.0166322727060100e+00	   7.5172742200580478e-01	   6.4177786903073530e-01	   5.6383339574286606e-01	   3.5615368663747998e-01	   2.8604716285344389e-01	   7.9238005730820071e-01	   8.7857742018785134e-01	   9.2399884985149183e-01	   8.3686203061933850e-01	   1.1193442035274250e+00	   1.0654263612975685e+00	   6.3050470870569131e-01	   5.0443678991359131e-01	   5.6732204291004251e-01	   6.8237444744775655e-01	   7.9354505107199025e-01	   6.7492739180170280e-01	   8.2377129785217851e-01	   8.1202109680243129e-01	   7.8035269819830799e-01	   7.6730188431196755e-01	   6.9972579106663269e-01	   6.6795732735487967e-01	   6.5785184076296799e-01	   6.2173804383492681e-01	   7.9819492718928708e-01	   4.3761047933480723e-01	   6.3446117986604100e-01	   3.2997042422361467e-01	   4.8465053758340987e-01	   1.9451803523121947e-01	   5.3215414819871898e-01	   5.2822273471425207e-01	   4.6824987291374404e-01	   3.0188454458457820e-01	   5.6507486785101746e-01	   2.3131651583263962e-01	   1.0569913931576238e+00	   6.0346463863163713e-01	   6.6097240757205544e-01	   5.6498844262408077e-01	   5.3882630406195342e-01	   5.0478486572657078e-01	   9.7025706877952966e-01	   7.7700640326927817e-01	   7.7535925049381427e-01	   9.0833783631240816e-01	   5.0402277242382731e-01	   3.6591893010602633e-01	   8.1748128310574586e-01	   7.8982900912846321e-01	   7.1546229147369855e-01	   6.1458507045025068e-01	   5.3860588631570017e-01	   4.0935068010653769e-01	   5.0371106905766250e-01	   5.9855613438733324e-01	   3.2709470492379572e-01	   5.8601679004404883e-01	   6.7346285438317377e-01	   5.1486694320117776e-01	   8.0007670319005852e-01	   6.1174502219952598e-01	   6.5280570643655733e-01	   2.5691978657565001e-01	   1.0407687481263967e+00	   5.2905135741015374e-01	   5.5837352710829613e-01	   7.8325382923841247e-01	   4.8458802064046513e-01	   6.8791612451346973e-01	   5.0118065610083318e-01	   7.1607200408109362e-02	   7.8742707172604320e-01	   4.9608769540505926e-01	   5.5016797500284820e-01	   8.5529930341314198e-01	   4.3147100266153154e-01	   4.8125496500976228e-01	   4.4759473853869625e-01	   4.4587706011015793e-01	   1.9008950161280969e-01	   2.2063821203055381e-01	   2.6875008899370317e-01	   3.6415474426803379e-01	  -1.1961122194948653e-01	   3.2732696871369504e-01	   2.4914274561797592e-01	   3.0723296181240967e-01	   3.3099401634742326e-01	   1.7859949437442668e-01	   4.3550669061170766e-01	   3.2958631625634192e-02	
   5.0246516070014535e-01	   5.4930195352178646e-01	   6.9863185546265572e-01	   1.4808261231067559e+00	   1.1375476449510109e+00	   1.0733009668872115e+00	   1.0005649859044838e+00	   0.0000000000000000e+00	   8.1905334046453349e-01	   1.1475154519151074e+00	   3.4562278680938863e-01	   6.5839403897933035e-01	   4.3085341841769881e-01	   6.2261832144429152e-01	   5.9866335165443108e-01	   8.2860717149769392e-01	   5.9052368212006756e-01	   7.3297218087238247e-01	   3.8411283289890835e-01	   6.6568686161839374e-01	   3.7660700816238091e-01	   2.9490685769787950e-01	   1.0007403193904152e+00	   1.0657756593778780e+00	   4.9409521994740030e-01	   6.2512478960687379e-01	   3.1235797281103528e-01	   2.9697681430939182e-01	   7.1267065228271997e-01	   1.0340344951893663e+00	   7.2131882338549147e-01	   8.7284848003234250e-01	   9.3775938889002375e-01	   1.1134083180257788e+00	   5.9225153398066743e-01	   6.3769309745300073e-01	   3.3276013759300993e-01	   4.5831892375837557e-01	   4.8760792992162838e-01	   5.6356237528973019e-01	   6.4100609543153964e-01	   6.5538353979156405e-01	   7.0198196862928275e-01	   6.0689533117045025e-01	   5.2908186902483634e-01	   5.8734075890003445e-01	   6.8899171071064613e-01	   6.2870882846975107e-01	   6.2925578132861570e-01	   3.7728232377645560e-01	   5.8215417967894456e-01	   2.7869206681912789e-01	   4.7645857370100403e-01	   2.3104848968809771e-01	   4.9595545350906928e-01	   4.5971126465418788e-01	   5.1235763899027442e-01	   3.0425332271767569e-01	   3.5508316016624086e-01	   3.2673200048213002e-01	   8.0780952850233079e-01	   1.2633771078225526e+00	   7.8642426911375085e-01	   7.4598314635922369e-01	   5.5252680476699390e-01	   8.3146450083989221e-01	   6.2619362174992121e-01	   7.5246995024060581e-01	   5.6357451987490514e-01	   7.8005337592163626e-01	   2.9231413834452513e-01	   4.9288233747592880e-01	   6.4240260503584967e-01	   8.4488348553258164e-01	   6.3947017092128922e-01	   7.7617434925930984e-01	   5.1031454854446368e-01	   4.9143751275723613e-01	   6.6865504457764346e-01	   7.1532627884671918e-01	   6.0613344830985316e-01	   7.6867313665790626e-01	   4.6042006445185973e-01	   6.4797141594801266e-01	   7.9529737421728108e-01	   9.8733990473949140e-01	   4.4054859759809073e-01	   3.0859676791240187e-01	   8.5074732488612104e-01	   6.8372928637941544e-01	   9.8341453130621637e-01	   5.5907959507692184e-01	   8.5296511772480499e-01	   5.7829800956593402e-01	   3.2524864895362693e-01	   6.9784534484868946e-02	   7.3198073510975337e-01	   5.3059116647552962e-01	   7.4109778461645126e-01	   6.4279484037669421e-01	   5.9893036491194618e-01	   4.4431523178519394e-01	   5.4568827046489221e-01	   4.6382724380292439e-01	   2.5264674681155103e-01	  -3.4756987748043679e-02	   2.8048551874593103e-01	   3.4165000574963106e-01	  -1.9364992251666927e-01	   1.8003571543044905e-01	   4.2349774129806583e-01	   3.8484145933859859e-01	   3.8196696894128662e-01	   2.6640746383217034e-01	   4.4560333904416743e-01	  -1.3370186942281159e-01	
   6.9731114568240060e-01	   5.9908566212371051e-01	   1.0085466654098958e+00	   8.2985791924063190e-01	   1.1274535324765029e+00	   6.8483603247977121e-01	   1.0296665140940360e+00	   8.1905334046453349e-01	   0.0000000000000000e+00	   1.0104404931443141e+00	   4.7181244916074916e-01	   5.1362842674005249e-01	   5.2717682570870372e-01	   5.0356339672645523e-01	   1.1668404561238608e+00	   9.1505067761042791e-01	   4.5021078852517898e-01	   4.8522272481108536e-01	   5.0628250864619306e-01	   5.6021734051055838e-01	   3.0081217787168035e-01	   1.9303868440020039e-01	   9.5755674555439751e-01	   6.8457419564028099e-01	   4.8355506825803124e-01	   4.3976978313143633e-01	   4.7655010098156736e-01	   4.7272337728091951e-01	   4.7057215277529424e-01	   6.2105517753932260e-01	   4.1735295045276294e-01	   3.9962900046259847e-01	   5.5220808729185045e-01	   5.7475185434961096e-01	   3.6943327628598693e-01	   2.6822359274577118e-01	   3.5653540557548946e-01	   4.8807024799944521e-01	   5.7732392750987183e-01	   5.2602137576281593e-01	   5.1039958700911336e-01	   6.4034014259281535e-01	   5.3825276261783783e-01	   5.2945165509761338e-01	   3.8704900103820133e-01	   3.6963804537236583e-01	   6.3946270252514881e-01	   6.6030284934537142e-01	   5.7109660955577057e-01	   4.5146626350760621e-01	   5.3304544491007388e-01	   4.3031255489155806e-01	   4.8126472581155133e-01	   2.6437981080387790e-01	   5.2233520650184928e-01	   5.7312714905703233e-01	   4.7969269524173669e-01	   4.4751728512185079e-01	   6.5882677215969410e-01	   5.0277152629874955e-01	   6.7534080913655892e-01	   5.4695656296982420e-01	   4.3588936298309233e-01	   4.9847457546563195e-01	   5.9114611394886629e-01	   4.9874657593943422e-01	   4.2540207652402473e-01	   3.3997156790171495e-01	   5.5674417278901689e-01	   6.4205417723761660e-01	   2.8502747150856006e-01	   2.3660856560307342e-01	   4.1260147037239236e-01	   4.4900850788325908e-01	   3.7507649926960074e-01	   4.1581718583173488e-01	   2.5414616607154311e-01	   2.1663601184335093e-01	   4.2395970392184879e-01	   3.3478799511901713e-01	   4.3300575264365904e-01	   5.8267804483810448e-01	   7.4759524244819697e-01	   7.1449725238828132e-01	   8.8430223164599986e-01	   7.2026284357267922e-01	   8.6960179860855558e-01	   5.3507512300702853e-01	   9.9862328802631417e-01	   7.1652301955479425e-01	   6.9992326786900538e-01	   9.6939666743578012e-01	   6.3031807573679699e-01	   8.5314779926318862e-01	   4.4080623295571425e-01	   8.1478284555032227e-02	   5.8711192818823132e-01	   2.9494691429269537e-01	   5.5728053326305593e-01	   6.0492020131680713e-01	   4.9263049990330310e-01	   5.3570368470512819e-01	   5.4465330255785027e-01	   5.1252122658535215e-01	   3.2255651882051845e-01	   2.4808279802155792e-01	   2.4737521193982803e-01	   4.4693517946078287e-01	  -1.3583266157396748e-01	   1.9740934510376223e-01	   2.8908975578758700e-01	   3.6797921231720465e-01	   3.1660642252011489e-01	   2.0082461412331565e-01	   4.2326781100210298e-01	   7.3563354509923823e-02	
   5.3131523387033874e-01	   5.8942638704444894e-01	   5.8093598128369706e-01	   1.1215005222776839e+00	   9.3690411307274835e-01	   1.3425835570239961e+00	   6.3707137986996865e-01	   1.1475154519151074e+00	   1.0104404931443141e+00	   0.0000000000000000e+00	   3.0331065037504479e-01	   5.8216400927260348e-01	   2.6940048671804584e-01	   5.3310223987904204e-01	   7.2185506356055729e-01	   1.2662669748050694e+00	   4.7885197668145996e-01	   5.1153248925835038e-01	   3.1476181471968739e-01	   4.9785075511347326e-01	   2.3743892234360919e-01	   2.7173560931075325e-01	   8.7410967275361506e-01	   9.3301551905303337e-01	   4.3443200137447724e-01	   5.8887129998672061e-01	   4.4296814139930363e-01	   5.1665547382620780e-01	   3.7803216871348388e-01	   6.6098760935009204e-01	   3.4381148628652880e-01	   4.3208375294485341e-01	   4.5749718145444251e-01	   5.6820597398534634e-01	   3.5155401915732060e-01	   3.4703251888151981e-01	   1.0868702253547494e-01	   3.1173266648488196e-01	   3.7758999455874398e-01	   4.7482700622572560e-01	   3.7242068069877099e-01	   5.2916249347982314e-01	   4.4774691630039987e-01	   3.6472843922763742e-01	   2.6049460156332216e-01	   2.9358004286289852e-01	   5.8965422437958781e-01	   5.7654686573513991e-01	   4.2739618240105393e-01	   3.4743093081341114e-01	   4.5642144780299609e-01	   3.2806841708192352e-01	   4.6769061114478716e-01	   2.1931995396984919e-01	   4.6496736909309322e-01	   4.6458073522341031e-01	   5.0895899876232309e-01	   4.0718545093040842e-01	   3.9934574086918906e-01	   5.2629368342302640e-01	   5.2009015445353568e-01	   9.1213641864366335e-01	   4.7162243208181531e-01	   5.4617385717270628e-01	   5.0350963379656721e-01	   7.1824678952853660e-01	   3.0341731461771870e-01	   3.6673906651591109e-01	   4.5729187919529213e-01	   6.0108714349244785e-01	   1.8173496651601945e-01	   3.2864051736846472e-01	   2.1307022263854830e-01	   4.1214727916686722e-01	   2.6012424923460764e-01	   4.4524407889570594e-01	   2.4349006397853606e-01	   2.6631797400235230e-01	   5.0785920543664942e-01	   4.0731416049433516e-01	   5.5692758508383622e-01	   6.1209394702986897e-01	   5.0888113476181018e-01	   8.1766722801415059e-01	   7.0337083535287048e-01	   9.9167250350573932e-01	   6.1228237371380578e-01	   5.7774474636586193e-01	   8.5811281043542564e-01	   8.8120681943371659e-01	   1.0948829088123870e+00	   7.0475862899099018e-01	   1.1571143402322583e+00	   7.9600122438716614e-01	   3.4881350877001960e-01	   1.3672936336900499e-01	   5.4992503118599045e-01	   3.5027036170499265e-01	   6.9139594106760016e-01	   4.6192494972451448e-01	   7.0370352490424759e-01	   6.0930239143741427e-01	   6.5056520469035717e-01	   5.9112507900430522e-01	   4.7939668708908090e-01	   1.1958412417068290e-01	   2.5825171875376657e-01	   5.2032382369531149e-01	  -8.3280371106551676e-02	   8.7869773827178033e-02	   4.3897891284219437e-01	   3.7955476296925839e-01	   3.5981366087115962e-01	   3.5009418380559654e-01	   4.4301566284010907e-01	  -2.3014629318124175e-02	
   9.1910515758209455e-01	   7.7225056373325118e-01	   3.2600473394920126e-01	   2.0840292023737650e-01	   3.0284073568173608e-01	   1.2856922603596632e-01	   3.7967363041143376e-01	   3.4562278680938863e-01	   4.7181244916074916e-01	   3.0331065037504479e-01	   0.0000000000000000e+00	   9.0530472946922547e-01	   1.4174485743272558e+00	   1.0243916447132380e+00	   8.5682953528977801e-01	   4.6458830585194721e-01	   5.7361259194764491e-01	   4.9989762304479146e-01	   6.8076492900650276e-01	   5.6097463907143097e-01	  -6.9973548073113873e-02	  -2.0126030048893406e-01	   4.6176976644434331e-01	   3.4004570637031312e-01	  -1.2094597797773886e-01	  -1.4034725629186548e-01	  -2.6875898961990097e-02	   7.8263650188952847e-03	   7.6986668660994628e-01	   5.1955119099546310e-01	   2.3383787949613216e-01	   2.5051320459494486e-01	   3.5600223198533376e-01	   3.0847562795298522e-01	  -1.3870122239206506e-01	  -1.5849664451242640e-02	   3.3897302051830214e-01	   2.4339914379252872e-01	   3.0812625933736371e-01	   1.6831801276761005e-01	   4.1409811080272474e-01	   2.9362316256538562e-01	   5.6256666877060646e-01	   5.9068057930613838e-01	   5.1035780577307555e-01	   5.4952668899659962e-01	   6.9796698849747973e-01	   6.3568210372738709e-01	   6.9474643562912608e-01	   5.6389402365284758e-01	   4.5385438520463778e-01	   3.8879145324370479e-01	   5.4884019596827516e-01	   6.0910766529705596e-01	   6.3859154326245149e-01	   6.6880327830109854e-01	   3.6071746350684697e-01	   4.0380967227450376e-01	   7.7903386120897189e-01	   4.3661450283773673e-01	   5.3242633477238388e-01	   3.0790687738200634e-01	   5.5703273595740710e-01	   4.9506998749194420e-01	  -9.4754735508697965e-02	  -1.1234873669201750e-01	   2.0742413771638554e-01	   1.7516640803676617e-01	   3.9802041503060615e-01	   3.8646934184203124e-01	   1.1103118658704095e-01	   1.9249094471691877e-01	   5.7379210069502284e-01	   5.1315239295913329e-01	   5.6133473960380020e-01	   4.2338382066636304e-01	   4.1416256532459866e-01	   2.7017564844626279e-01	   3.9028307239815524e-01	   4.2717553142517328e-01	   6.3009069124957395e-01	   7.7439837411672918e-01	   6.1774306245407884e-01	   6.7017808141655977e-01	   5.3700438371871517e-01	   5.4688557957679396e-01	   3.8463147371239842e-01	   3.3821812555270780e-01	   2.5212516649017364e-01	   5.9161002907957883e-01	   3.5083418707992187e-01	   3.9165584517979857e-01	   1.6260908693880685e-01	   3.7063811225095700e-01	   2.6504559899913732e-01	  -2.0776357422431505e-01	   3.7454487092791600e-01	   1.1732690285633911e-02	   3.7514733344760082e-01	   3.3831787894704290e-01	   3.9604081945048358e-01	   3.2130333424512858e-01	   4.8066974254288197e-01	   2.2051105537533569e-01	  -1.0793224621951725e-01	  -1.7033619777256293e-01	   3.4846462626286995e-01	   6.4699902740466941e-02	  -1.3666763710183813e-01	   8.3392833247251635e-02	   3.7544507868645806e-02	   1.1422217044152277e-01	   1.6055976324878626e-01	  -7.8691767935330587e-02	  -4.3934303468238414e-02	  -1.9552183225439748e-01	
   8.7431592085422061e-01	   1.1040284628212664e+00	   3.8722119317474440e-01	   5.0966839651467422e-01	   4.2542056415944707e-01	   4.4276393688334398e-01	   4.5769184027067145e-01	   6.5839403897933035e-01	   5.1362842674005249e-01	   5.8216400927260348e-01	   9.0530472946922547e-01	   0.0000000000000000e+00	   8.8327646857568287e-01	   1.7102918611815032e+00	   6.2122704659335481e-01	   6.6115097343130480e-01	   6.9310408769184095e-01	   5.8078228024133860e-01	   4.9229492424135912e-01	   6.4809484257658423e-01	   6.0315925623326922e-03	  -3.0093943493822453e-02	   4.9515157323418668e-01	   4.5563529614189757e-01	   1.8822957932332272e-02	   5.4881977874507007e-02	   3.0289930656718148e-02	   1.0104989358349761e-01	   8.6476255291352433e-01	   7.2020827652680719e-01	   2.5826737591719451e-01	   2.9228845130324338e-01	   4.6920810875129132e-01	   5.3462463500018187e-01	   2.9140048865517559e-02	   1.5524498806803758e-01	   3.8571547929986172e-01	   3.2193671114180811e-01	   3.7888755960971832e-01	   3.6890338948275381e-01	   4.4673693094797029e-01	   4.2579642925296829e-01	   6.2905881112199147e-01	   6.3617581829626135e-01	   4.3631527839026973e-01	   5.1017383653898518e-01	   9.1663721327506009e-01	   7.7437158958430030e-01	   7.6624488257309753e-01	   8.3577708613585144e-01	   9.0992519704765162e-01	   7.6397290028486442e-01	   1.0707466279862279e+00	   9.4807887692785142e-01	   9.9409250969917828e-01	   9.0743228673410881e-01	   4.9434556215690106e-01	   6.3760810510406307e-01	   9.5825611955437040e-01	   8.3640162162673293e-01	   6.9125418209629419e-01	   7.0007080607891037e-01	   5.4477917860370662e-01	   7.0745453756119070e-01	  -6.9927491766010583e-02	   2.4213173616206632e-02	   2.2430122060058871e-01	   2.4571934645175442e-01	   5.0020999618398787e-01	   5.4033065988952911e-01	   1.2781595965143699e-01	   3.6037503481058802e-01	   5.6609417170598264e-01	   6.7031835043100518e-01	   5.7899070363287319e-01	   5.9251652939878396e-01	   4.5068625709163596e-01	   4.4159406617956459e-01	   5.7412202702317483e-01	   5.3528678636982274e-01	   6.3372560351037599e-01	   7.5361342856326452e-01	   5.3265088103973857e-01	   7.9929524183669531e-01	   4.2220789275782505e-01	   6.8888484052206767e-01	   3.8116782052268472e-01	   2.8641070326768453e-01	   4.5187269829324317e-01	   1.0089048948924899e+00	   6.3330213078129372e-01	   3.2775993925970770e-01	   4.0337422461173272e-01	   3.7219965625264434e-01	   1.7832579010296457e-01	  -1.0149088216112136e-01	   5.2773172196035756e-01	   2.4114415350193957e-01	   6.0753111360294643e-01	   3.4058561159792949e-01	   7.1670271880675085e-01	   4.3734722978392870e-01	   6.8625753229303499e-01	   3.3211485486116443e-01	   9.5021412566917332e-02	  -2.4168286606879888e-01	   4.9904859502675769e-01	   2.5883353752159943e-01	  -3.0034478294112571e-01	  -4.6054287444820347e-02	   1.9290733510729255e-01	   2.1794167081580570e-01	   2.5592876362799732e-01	   1.4929386491736157e-01	   1.6348668763920388e-01	  -2.9651112425738180e-01	
   7.5186112916076264e-01	   6.2955548402999173e-01	   3.6240227983985263e-01	   2.2373689026494839e-01	   4.0117153314864024e-01	   1.1600294953612600e-01	   5.7604542690986060e-01	   4.3085341841769881e-01	   5.2717682570870372e-01	   2.6940048671804584e-01	   1.4174485743272558e+00	   8.8327646857568287e-01	   0.0000000000000000e+00	   1.0476947582127816e+00	   7.3417691040987620e-01	   4.0342396371039785e-01	   5.0126739906990969e-01	   4.8967926928099792e-01	   4.8283207880035317e-01	   4.6305134358731564e-01	  -3.9182353636900639e-02	  -2.5198256231110489e-01	   4.4965602975946622e-01	   2.9830591705983722e-01	  -5.0768721502554522e-02	  -9.6456087478505467e-02	  -3.5417518622533034e-02	  -1.8428560085316136e-02	   7.4367252294493413e-01	   5.9517797343176870e-01	   2.8069669518118301e-01	   3.1818754178282266e-01	   4.6841737431014163e-01	   4.3072206042841082e-01	   1.5901169854385729e-02	   5.6230325676137671e-02	   4.2998808915149811e-01	   3.3813655636567558e-01	   4.0322814735853590e-01	   2.4965486554389843e-01	   4.5773737622195898e-01	   3.9702553362515886e-01	   5.8362942754489788e-01	   6.4122487664061123e-01	   5.6356840125080687e-01	   5.8220367508122428e-01	   6.3136228310311526e-01	   5.5664398381087221e-01	   6.9298335821207835e-01	   4.8031660605619581e-01	   4.5310116855505234e-01	   3.2311298800305327e-01	   4.7754559833095522e-01	   4.6913770156362422e-01	   5.3653838797848030e-01	   5.5750876640098379e-01	   2.9366621421023126e-01	   2.8994061573152152e-01	   7.6856931780676629e-01	   3.1670674236175100e-01	   6.6192086424982377e-01	   3.0441599553853388e-01	   5.3291377504203474e-01	   3.9294988144408510e-01	  -5.3368918431107047e-02	  -9.0337060371454600e-02	   3.7302600677290165e-01	   3.0650534306334948e-01	   4.1116122646728015e-01	   4.0826536581007883e-01	   1.5842874478134750e-01	   2.4102009796754337e-01	   6.3658788406967060e-01	   5.4791604947554706e-01	   6.4823391039116229e-01	   4.7553961007108159e-01	   4.7954173287855772e-01	   3.3442885497869368e-01	   3.5865956340523253e-01	   4.5589087306282056e-01	   4.4584091849788016e-01	   6.9552061215984540e-01	   4.9110201488867811e-01	   4.9673577126924195e-01	   4.5968039655054338e-01	   4.3248004166969356e-01	   2.9890477471627597e-01	   1.4264912632622800e-01	   3.0675092420420647e-01	   4.4978642522671364e-01	   3.0041249801070918e-01	   3.2536357713217157e-01	   1.1664022521420242e-01	   2.9884921307389783e-01	   2.6751542808604967e-01	  -1.1546894752937874e-01	   4.2374653980754007e-01	   1.3261141016297950e-01	   3.3008041056575005e-01	   3.8625067669259205e-01	   3.4673096966798145e-01	   2.2842457347834111e-01	   3.4211350517561973e-01	   1.6779141409967568e-01	  -9.1667543018347730e-02	  -1.1170720364919592e-01	   3.5683893223950774e-01	   3.6559775059204422e-02	  -2.8341693289218688e-02	   2.1545222905415917e-01	   3.9769166451428174e-02	   1.2086866695573073e-01	   1.4369478956221826e-01	  -6.7910477008067877e-02	   7.1685610655037396e-02	  -6.8337113759873905e-02	
