   0.0000000000000000e+00	   5.1079690844140868e-01	   4.5780257823082704e-01	   3.4954810360170602e-01	   6.4238786731854025e-01	   4.4293906244157011e-01	   7.0077913343780085e-01	   6.1668516215718749e-01	   7.0214960076018051e-01	   4.7826469948632566e-01	   5.0871526301405035e-01	   2.1420438270536837e-01	   3.4543452186917994e-01	   1.2089002952650293e-01	   2.2222796776358117e-01	   2.8121578608865355e-01	   4.0296075039788826e-01	   3.8865424632531959e-01	   4.2295074024435442e-01	   2.6520817137685004e-01	   4.3890405118863129e-01	   3.2181789861132853e-01	   2.5909674992143794e-01	   2.3465509788849218e-01	   1.9258422445517739e-01	   2.0668292119112608e-01	   1.3510905220844160e-01	   1.6697144724914798e-01	   1.0830489467732707e-01	   9.6700153814080286e-02	   1.3805778942885752e-01	   2.8933079912155113e-01	   3.9802748153214212e-01	   4.4683808201017600e-01	  -1.5025630635549175e-01	  -4.4769576204287252e-02	  -1.5901519497392214e-02	  -1.7182322954694590e-01	   2.8935593031771006e-01	  -9.9861864706583970e-03	   3.0933543645725331e-01	   9.7283539744008857e-02	   4.9336807821631418e-01	   4.7764752039995162e-01	   1.6955778937948421e-01	   2.3614637129241833e-01	   4.5143416651661189e-01	   2.7455061762430322e-01	   2.7602168299993229e-01	   1.5395865874649409e-01	   3.2548172353966465e-01	   9.7357052341066591e-02	   2.3069402567203173e-01	   7.8755478862633801e-02	   4.5716266110754267e-01	   2.7906078956661523e-01	   6.8739598713389538e-01	   9.9602013615090995e-02	   4.3705748584008686e-01	  -9.9418760630005626e-02	   5.1783072669720198e-01	   2.6035932194150341e-01	   3.8422246884066963e-01	   3.3700951250368677e-01	   1.0411909587012305e-01	   3.0624212164307529e-01	   1.0674019324432266e-01	  -7.5246243646708497e-02	   5.4055505341411858e-01	   1.0066981849717715e-01	   4.4048143195685324e-01	   1.6988469568545592e-01	   5.3569924815014947e-01	   4.5188266098761098e-01	   6.6700498566150945e-01	   6.2207477465532846e-01	   4.4656945533416559e-01	   2.4984206573717435e-01	   5.2971007935349212e-01	   4.1864625054674631e-01	   5.3010941859086891e-01	   5.2697452145290435e-01	   1.2300358219217776e-01	   1.7972765924361980e-01	   5.0017246019750150e-01	   3.3882773936311944e-01	   1.7494619403263095e-01	   6.5931761935195968e-02	   5.8490095572868239e-01	   4.4411595127240083e-01	   4.6148841088707165e-01	   6.0283146434141077e-01	   5.2872642192324881e-01	   4.7835224742916249e-01	   3.0119648854120307e-01	   1.3985870481113311e-01	   4.2609631374141743e-01	   3.4221502501796436e-01	   5.1891993746614307e-01	   7.0092181211056670e-01	   3.0624361131345524e-02	   5.9807368029640273e-01	   9.2223973155078742e-02	   3.1214967382571207e-01	   1.1546933386357561e-01	   1.3278139044539272e-01	   1.6881340500534975e-01	   2.2664180598139599e-01	   3.7242029970691171e-01	   4.1937342009206469e-01	   1.7431722840484770e-01	   4.8434925401139750e-01	   5.2230143094100412e-01	   5.6163146340811365e-01	   2.6044619315727935e-01	   9.6188733782143862e-02	
   5.1079690844140868e-01	   0.0000000000000000e+00	   2.5022112436372568e-01	   4.1706324535077721e-01	   4.0722599972811863e-01	   3.0442648925343990e-01	   2.1955814936583751e-01	   3.3521089592714476e-01	   4.1801717568306995e-01	   4.9634307923346327e-01	   3.1027557145456852e-01	   5.7788144389492968e-01	   4.4083944307495199e-01	   6.8645008387896778e-01	   5.3529470663291545e-01	   7.1099454694571373e-01	  -1.0296931333902632e-02	   2.3082475350903564e-01	   4.8281439960852607e-01	   5.5531784855676880e-01	   2.9542893279004856e-01	   4.1812868166858486e-01	   3.0359431439085083e-01	   3.5185479502520550e-01	   3.6639736330949002e-01	   3.1457969278898201e-01	   4.7963200961736124e-01	   3.7116797557442255e-01	   1.7454743819209928e-01	   3.4685066696922184e-01	   1.1354301375243864e-01	   1.6765882946364380e-01	   2.3246615058221737e-01	   2.1545418040407532e-01	   2.7457688168698226e-02	   3.8383538085751227e-02	   3.7664181324091345e-01	   1.7295390488970935e-01	   4.9101643213151092e-01	   4.7857696135121741e-01	   4.8372039171025194e-01	   4.0390068246279387e-01	   3.3418211096702949e-01	   4.0637681161271738e-01	   8.6122973806661868e-02	   2.7590970591993746e-01	   5.2258763743303449e-01	   4.6129939378470081e-01	   3.9829113713603115e-01	   4.7887389412206238e-01	   5.3095846902316557e-01	   4.8886553603492000e-01	   5.2856934246820630e-01	   4.8980125100828492e-01	   7.8370325215395675e-01	   8.4211034178476663e-01	   2.4667986388764551e-01	   3.3924161018451998e-01	   6.5103550389932152e-02	   1.6459346837595162e-01	   1.8257940009659043e-01	   3.6962329785978676e-01	   1.6508193211870473e-02	   2.6462838807815114e-01	   1.7604485349583260e-01	   3.0902042828825765e-01	  -1.0925447377661088e-01	  -2.6127186171066737e-02	   6.0550406488405628e-01	   5.8428057919484633e-01	   4.2290749739424977e-01	   1.9266756713430239e-01	   3.8121764759563154e-01	   4.2227381994029267e-01	   3.2318670925168586e-01	   3.0814433721896395e-01	   4.3587962934019475e-01	   5.5850887613652178e-01	   1.9438679620083790e-02	   5.6857961235620293e-02	   1.1010502768943714e-01	   7.0016491253218516e-01	   5.9516740554219871e-01	   5.6214841981065200e-01	   5.9248395630389994e-01	   3.3512608536228811e-01	   4.9210786525785521e-01	   3.5747943617026268e-01	   7.3518912465307207e-01	   7.2418094389637155e-01	   7.3775734650486624e-01	   5.7890207387270221e-01	   5.9986899203016164e-01	   4.8728622809275229e-01	   3.9931471125267604e-01	   1.4275556612215567e-01	   8.4533370355155801e-01	   6.8302008503722000e-01	   6.8994070088664616e-01	   5.9066498925527844e-01	   5.3213000039204450e-01	   4.1580428577644596e-01	   4.4697109799558421e-01	   1.7163732746104171e-01	   3.3155387622731802e-01	   1.5182972692646807e-01	   4.6785533911926430e-01	   3.1687139719772733e-01	   3.1358782658022000e-01	   5.0678532365026430e-01	   5.6825032150337984e-01	   7.1878949600315556e-01	   4.8009364520005748e-01	   4.6484352984352861e-01	   4.5251533610634259e-01	  -2.6595989111766520e-02	
   4.5780257823082704e-01	   2.5022112436372568e-01	   0.0000000000000000e+00	   7.3511214360565302e-01	   9.3720474746853688e-01	   6.2693130612451198e-01	   7.8457624140518101e-01	   3.1766038379592182e-01	   7.0990838576519566e-01	   1.2358576743106936e-01	  -1.1479518580013358e-01	  -3.2552349882651238e-01	   1.6993805510696042e-01	  -1.4152791421378577e-01	   6.2740697189470684e-01	   3.5437000469131624e-01	  -1.5358990733041319e-01	  -6.9279730503482531e-02	   4.6676637035820778e-01	   1.3290505823640666e-01	   4.4765023737927362e-01	   4.5264446795716234e-01	   1.0051815460268967e+00	   5.9548419870076286e-01	   9.2505233435782108e-01	   8.2279099463191097e-01	   8.2301321091580260e-01	   8.6474284015677183e-01	  -2.2355200803806412e-02	  -4.6104971446517392e-03	   9.0597400741321932e-01	   1.0057486529117168e+00	   9.3294635020098560e-01	   6.7001766946720842e-01	   6.8657308411388995e-01	   3.9599711868697546e-01	   1.7686615259961241e-01	  -9.5532237905668078e-03	   3.1951333118491754e-01	   3.5476698805361744e-02	   2.0326958400155515e-01	   2.1127879218327178e-01	   4.3783032200180483e-01	   4.0094469176188857e-01	   3.1432115367221930e-01	   3.0417315388093652e-01	   3.7398205842897697e-01	   1.6993389063175285e-01	   9.1573792947449842e-02	  -7.3054383041446999e-02	   2.4922978393211848e-01	   4.3896879386683817e-02	   7.3825911208750695e-03	   1.6664123369722986e-01	   2.2308299181060737e-01	   7.3170872899463738e-02	   1.3651764720427936e-01	   5.9154329923021477e-02	   1.8194535384115454e-01	  -3.0063624214975276e-01	   3.3779749848127893e-01	   2.1061802148424458e-02	   2.6030186916253240e-02	  -2.4733057618862218e-02	   1.0148359139960668e+00	   6.5874536013058571e-01	   3.8682847629225098e-01	   2.1124812981043431e-01	   4.3472013717902414e-01	   3.5875981517694239e-01	   6.1924934247726116e-01	   2.1602455670015824e-01	   2.2939474439232477e-01	   9.6642527316748855e-02	   2.6759144292208437e-01	   1.8780507417127298e-01	   4.6861425296209047e-01	   2.2540077480598611e-01	   6.3918733562073435e-02	   1.9888347777284290e-01	   1.2752903591091400e-01	   3.7905177466982265e-01	   5.2364840455091610e-01	   2.3162159743352490e-01	   7.1391737840982250e-01	   3.7388745939372831e-01	   6.5995302643141729e-01	   1.9251063879180214e-01	   6.7728402478095551e-01	   1.1303384822792208e-01	   4.1240466057059239e-01	   8.2409920558658700e-01	   5.6868403613486562e-01	   9.4099955770586519e-01	   2.1453241356877742e-01	  -1.3803368770133528e-01	   4.3298088498035919e-01	   2.4369822093821913e-01	   3.0734675171511650e-01	   5.0913487859601558e-01	   9.4775317055798697e-02	   5.7277070519622109e-01	   9.4972572831157204e-02	   1.1820144992185057e-01	   6.0323821760979286e-02	   2.0000867345913421e-02	   2.4727337869372978e-01	   1.9433955680696818e-01	   1.5966564552443202e-01	   4.8385304374556271e-01	   5.3535134382979199e-01	   3.9689301176989222e-01	   4.0065456308801184e-01	   5.5888752918204943e-01	   2.3438898116648890e-01	  -1.3203035128404586e-01	
   3.4954810360170602e-01	   4.1706324535077721e-01	   7.3511214360565302e-01	   0.0000000000000000e+00	   2.4991555643119834e-01	   2.5405919535689903e-01	   5.2808237525018065e-01	   7.4534150593908766e-01	   2.1284745603604158e-01	   2.5452125559451860e-01	  -3.3097480309975530e-02	   3.9824250453507334e-02	  -2.7115850199781400e-02	  -2.4673124849764114e-01	   2.6464646664677466e-01	   2.5746920567923159e-01	   2.1771049902765743e-01	   2.7195794276194746e-01	   4.8773962598132814e-01	   4.6163726360968971e-01	   4.9332194114529748e-01	   5.7592106438227852e-01	   3.0760032263103021e-01	   3.4800408853409959e-01	   3.6379406198389447e-01	   4.3330142730122034e-01	   3.6100423920360636e-01	   3.7663937783935830e-01	   1.6934637667910122e-02	   1.7479233812947376e-01	   6.9268132039002306e-01	   8.5105610726160208e-01	   9.0288356809275194e-01	   1.0568774883825072e+00	   2.8205121508376224e-01	   3.3934070469954669e-01	  -2.5754348625748331e-02	  -1.9107146754902665e-01	   2.0841397877293394e-01	   4.7889645590983736e-02	   3.2925782715922663e-01	   1.3274045974367710e-01	   4.9430424251416194e-01	   4.1789877007910131e-01	   6.3623965765988622e-01	   6.7215034985690636e-01	   4.7823713682502789e-01	   2.0049058626362953e-01	   3.1167519184342418e-01	   1.6422395420133079e-01	   4.4799604445676522e-01	   3.1770327949877075e-01	   3.4756495571405371e-01	   2.8666288800370421e-01	   2.7275765398214780e-01	   1.9637262538006278e-01	   3.2930729129008940e-01	   4.0638074389786677e-01	   2.5647721232758031e-01	   1.4597395427140994e-01	   4.7124215107455092e-01	   5.2004668094043871e-01	   4.3843158017697337e-01	   6.0929685934969924e-01	   4.7671725715412827e-01	   3.7346586749791222e-01	   4.5114315035458818e-01	   4.5757583327949802e-01	   4.9823465513081677e-01	   4.8966037097860099e-01	   3.8605700316691982e-01	   1.0843157119291390e-01	   3.9650475981782746e-01	   2.4150163798323759e-01	   5.2982265217072011e-01	   3.3145539922423661e-01	   4.3688343691855680e-01	   2.3565968013546085e-01	   1.8729793409324172e-01	   2.2988261404587434e-01	   3.4816000242961398e-01	   5.1987554251066037e-01	   4.4448701929918022e-01	   5.7854709092322432e-01	   5.1997312935890527e-01	   3.7007620132214808e-01	   4.9944320618724403e-01	   2.7982088464088417e-01	   5.1487263193855015e-01	   1.7541415253022966e-01	   6.2795501402615927e-01	   5.2682547978491412e-01	   4.9200924176141858e-01	   4.5845833609649855e-01	   2.9548613814506852e-01	   7.1296078417215927e-02	   5.1698567123143624e-01	   3.0463235050601678e-01	   7.3247185593652842e-01	   5.7937370821276624e-01	   4.9465980722634934e-01	   3.6442897723870860e-01	   6.5315618672016051e-01	   3.9957877664481550e-01	   3.8999855617522011e-01	   3.0291987063746872e-01	   4.5167339837451409e-01	   3.9881567666286960e-01	   3.2592931759410748e-01	   5.6349721553535548e-01	   2.7511392017759584e-01	   4.4587103738632444e-01	   5.3164471623796405e-01	   7.5328354053844682e-01	   4.5863564030461779e-01	   5.5226876477536026e-02	
   6.4238786731854025e-01	   4.0722599972811863e-01	   9.3720474746853688e-01	   2.4991555643119834e-01	   0.0000000000000000e+00	   1.0327843439629414e+00	   8.4992784007611455e-01	   2.6125395588638867e-01	   1.5850726478897035e+00	   4.8682325366273260e-01	   1.3105134612895541e-01	  -1.0241056125540551e-01	   6.0275081957232357e-01	   2.5392280127305711e-01	   8.4865727754073683e-01	   6.5349046185708026e-01	  -3.3727771100564308e-01	  -1.5482627422715090e-01	   3.1775397907230679e-01	   5.0431220041762476e-03	   3.1774382602664919e-01	   3.4179915410733930e-01	   9.8486685532822604e-01	   6.4203958084491297e-01	   8.0005988509357728e-01	   6.5827917993118901e-01	   6.9945727976662542e-01	   7.1959798648914453e-01	  -1.0407410977971368e-01	  -4.6058075639581440e-02	   3.8822484943118152e-01	   5.2703823102541691e-01	   5.3275410049151495e-01	   3.5910990424811984e-01	   3.6324375410210696e-01	   1.2027518442883547e-01	   2.0089736741359557e-01	   2.7237421214073677e-02	   3.5137418631385781e-01	   6.9416921470562387e-02	   1.0259972622255570e-01	   1.4225941189980601e-01	   4.0838804252573691e-01	   4.0394824688197850e-01	   1.0299449584550915e-01	   1.4415199522348776e-01	   3.9006520412901108e-01	   2.0461330508365666e-01	   1.2885804740279355e-01	   2.9304364398763830e-02	   2.6951144585157888e-01	   2.7698141203319534e-02	   1.0470301265526334e-01	   2.2015188515315715e-01	   4.1132801503741795e-01	   1.6510299801571268e-01	   6.3902655220978030e-02	  -1.6269214647726199e-01	   1.4615316490502361e-01	  -4.3571054824246191e-01	   3.7396505070633729e-01	  -6.0731980032705498e-03	  -1.6822508045794832e-01	  -2.0325862448343690e-01	   7.2276512759513045e-01	   6.6575190533618467e-01	   1.4102493761883894e-01	  -4.7162365813519701e-02	   5.7282091188193618e-01	   3.1912485188177059e-01	   4.9908054330911444e-01	   1.5775947234367685e-01	  -1.5637122785414685e-02	   3.4042254036422977e-02	   9.6483312388988191e-02	   1.4076964189530006e-01	   3.5343343127764498e-01	   1.7910951271408876e-01	   1.9268152067996432e-02	   1.2778864258942021e-01	   2.5038618633513469e-02	   3.7586426376041576e-01	   3.5035532935981073e-01	   9.0330969297979583e-02	   6.5994553999834205e-01	   3.5107074093036417e-01	   4.5860852594478757e-01	   1.0685636512665801e-01	   7.8513831501846010e-01	   2.8091239713238558e-01	   5.4814273040979045e-01	   9.4385512665699844e-01	   7.8330949990871834e-01	   9.7813421422914770e-01	   3.4081772890193529e-01	   6.9440268897186623e-03	   5.0589709625769641e-01	   3.4693763729521293e-01	   1.9805900747782054e-01	   4.5204534407265218e-01	  -1.0084781494789646e-02	   7.5729789915477497e-01	  -1.2227185362227881e-01	   8.6567106213685407e-02	   8.1277028657516126e-02	   5.1934372721420471e-02	   1.3719603026581439e-01	   1.6818559624388019e-01	   2.1302162855223367e-01	   5.0395795164099444e-01	   5.4735804456824677e-01	   5.1611584242707564e-01	   4.8292766741241722e-01	   4.9500035530381747e-01	   2.6577710078797223e-01	  -4.3443450497275979e-02	
   4.4293906244157011e-01	   3.0442648925343990e-01	   6.2693130612451198e-01	   2.5405919535689903e-01	   1.0327843439629414e+00	   0.0000000000000000e+00	   6.1196297470971284e-01	   3.7302533544443239e-01	   8.2342613284019373e-01	   6.8109671228362578e-01	  -1.1341778039024438e-02	  -1.0153782610759357e-01	   3.3860556819670334e-01	   1.2957484508712183e-01	   5.2500783130508166e-01	   4.7375196562425420e-01	  -3.3305564443422048e-01	  -1.4984152030232809e-01	   1.5707613725928538e-01	  -1.0752119529219616e-01	   3.2370718528769782e-01	   4.5775689360500171e-01	   6.2581585402680096e-01	   3.7392090397805572e-01	   7.4686257456678418e-01	   7.0729954204375078e-01	   5.1343580047054449e-01	   6.0418548123340310e-01	  -2.2469397094596785e-01	  -1.4836060995227149e-01	   4.3929039931537789e-01	   5.4200234582465034e-01	   4.7803070845045675e-01	   3.3338104305793426e-01	   3.9854847176297553e-01	   2.6491485274080179e-01	   2.3144132278907267e-01	   1.1688088853990237e-02	   4.0074444957583544e-01	   1.5626141674458952e-01	   9.3497682849586455e-02	   1.4020988952035202e-01	   2.6396110455593202e-01	   2.0411051964728802e-01	   1.4938690148474876e-01	   1.2663799786479191e-01	   1.9760253522482929e-01	   3.8752938671102403e-02	   1.1756674924729178e-01	   4.3755374302329668e-02	   2.4716006274457747e-01	   1.1642906409060289e-01	   3.5434064725299835e-02	   1.2736429330612103e-01	   3.7423329932125526e-01	   1.2086948173695945e-01	   2.9973202057194857e-02	  -1.3598668976621270e-01	   1.3952616686654312e-01	  -2.2165509019095359e-01	   2.4804509872273101e-01	   6.4780597384779995e-02	  -2.0322769768683316e-01	  -2.4459325529566384e-01	   5.0956627524566689e-01	   7.2626776959214268e-01	   2.5204629164773695e-01	   1.5052976371086427e-01	   3.4827820821409589e-01	   2.2775330486514100e-01	   3.5734751573997869e-01	   2.4094938345158740e-01	  -3.3981479543520605e-02	   7.8609851237383843e-02	   1.0389745431240578e-01	   1.6780507093174540e-01	   2.3044134730219035e-01	   5.9595484889222991e-02	   8.8052443454461629e-02	   1.5160979944525391e-01	   2.1905640540356233e-02	   2.0085592653286816e-01	   2.3518912639684800e-01	  -1.9151572136796129e-02	   4.4399698274885052e-01	   1.1351183496363265e-01	   3.9079035360184378e-01	  -1.8063119156881705e-02	   4.9670742029141945e-01	   3.0291128355037206e-01	   5.4143664023482374e-01	   5.5250162155095861e-01	   7.2627681859864701e-01	   6.3693832242222093e-01	   3.1969300281932561e-01	   2.9522875112777392e-02	   4.2385240635791299e-01	   2.8719437675118664e-01	   2.1509880468646303e-01	   3.1518112554466621e-01	   1.8216285826736855e-02	   6.3833334711164391e-01	  -1.1949354395712886e-01	   1.7874609335606653e-01	   4.9926101696363828e-02	   1.3971964183004160e-01	   1.1490942897220631e-01	   2.3623415348215998e-01	   3.3579712987518068e-01	   5.2330484022717183e-01	   4.3541153811717792e-01	   3.5977208410005296e-01	   5.1365595162086464e-01	   5.3071606847814556e-01	   3.1008336666164704e-01	   3.6675701233456637e-03	
   7.0077913343780085e-01	   2.1955814936583751e-01	   7.8457624140518101e-01	   5.2808237525018065e-01	   8.4992784007611455e-01	   6.1196297470971284e-01	   0.0000000000000000e+00	   7.1130836912048645e-01	   9.5583513867842340e-01	   4.6502223687778460e-01	   3.7062595150645400e-01	   1.1622784642724569e-02	   4.9161032940426974e-01	  -3.8953598811283359e-02	   3.4649647016941287e-01	   1.8500323060138474e-01	  -5.3946651626529951e-02	   5.0034808623998756e-02	   2.2133262106265608e-01	   1.5648323837533406e-02	   3.9798551581013247e-01	   3.2119763338046692e-01	   4.5194225904260166e-01	   3.0313265491652286e-01	   2.5978712528625447e-01	   2.2954484018195820e-01	   1.8832773284232268e-01	   1.6575554022404912e-01	  -7.6970942830687283e-02	  -5.1849013129514537e-02	   4.7775811639037424e-01	   5.6707967119033142e-01	   6.6209082182481627e-01	   6.9553912553551667e-01	   9.3198571013541121e-02	   9.3988815430637043e-02	  -2.4800079184027538e-01	  -3.2256132871214460e-01	   1.1008751325359309e-01	  -2.5154467608796593e-01	  -6.9062750908389064e-02	  -2.3333609165226898e-01	   5.7347957660039572e-01	   4.7556376848470133e-01	   4.6636649233762117e-01	   4.2033572719135792e-01	   3.8351145409099313e-01	   1.5565099863959550e-01	   3.7848906022732909e-01	   1.3460662846407082e-01	   4.3301422682559820e-01	   5.6534617014130817e-02	   2.4692854904800676e-01	   1.3114072235324986e-01	   2.6947750355354105e-01	  -1.1167534195443201e-02	   6.9942851042232398e-02	  -1.3533626547623065e-01	   4.5219789521527309e-01	  -1.4743692034220415e-01	   4.0201222265923420e-01	   1.4078979686268558e-01	   1.2078463279434251e-01	   1.5349657049650067e-01	   3.3433925791304925e-01	   3.5286785022590894e-01	   3.8459912241779998e-01	   1.2837180974365769e-01	   3.6962369738113693e-01	   8.3175305314392212e-02	   3.7015379487625283e-01	  -6.7536015458708396e-02	   2.5666872342411212e-01	   1.4060130980980803e-01	   5.0346281816091620e-01	   4.5676481185192308e-01	   1.8678810876715971e-01	  -1.3748991528289087e-01	   3.2531308986315161e-01	   3.2759015637137118e-01	   3.8159040300330305e-01	   3.6317309911281370e-01	   9.3598338690737928e-02	   1.2373160493067312e-02	   4.7218154368225584e-01	   3.7768118043893417e-01	   1.2242841903955298e-01	  -6.3186033975295014e-02	   4.8414782531047401e-01	   1.2122191047524286e-01	   3.9078731201997907e-01	   6.9242525155046253e-01	   4.6370391852806120e-01	   4.8696228063747621e-01	   3.1160644945818761e-01	   1.4471491921359836e-01	   2.7149189290935105e-01	   2.7422238910680893e-02	   2.8868217666866891e-01	   4.4587843265741589e-01	  -5.5500620994758304e-02	   6.6285854765238228e-01	   5.5913095190893526e-02	   3.0327874631536367e-01	   1.9663334531050278e-01	   1.9935471779256228e-01	   4.0272302768699440e-02	   1.9694422492327737e-01	   3.1151060402013114e-01	   2.8619255302931701e-01	   1.0567887947651253e-01	   2.9299812516224583e-01	   4.1359383204379602e-01	   5.5838272071988915e-01	   2.8655625492610065e-01	   2.0653058129618196e-01	
   6.1668516215718749e-01	   3.3521089592714476e-01	   3.1766038379592182e-01	   7.4534150593908766e-01	   2.6125395588638867e-01	   3.7302533544443239e-01	   7.1130836912048645e-01	   0.0000000000000000e+00	   3.0231268684421991e-01	   6.3796635582086958e-01	   3.0640607235860923e-01	   4.5709006299731259e-01	   1.2183489297260852e-01	  -1.1244621360075012e-01	  -9.8842311425688223e-02	   2.2094766943786977e-02	   2.3383152216632469e-01	   3.0329663872480600e-01	   7.5959904251807223e-02	   1.0135152252432857e-01	   5.7881497160821693e-01	   5.1564115887622286e-01	   7.9180943705585732e-02	   1.0612223067928017e-01	   1.3497181719956697e-01	   2.3520969902994426e-01	   6.7482015772450693e-02	   2.6833004676505845e-02	  -2.3502458614711108e-01	  -1.2915926560049459e-01	   2.4017962130016068e-01	   4.4084715348701731e-01	   5.2203093940352807e-01	   8.0561503207404983e-01	  -2.0383915978775830e-02	   2.4213292040899304e-01	  -1.8656556509920089e-01	  -3.3296789049258835e-01	   2.2327325266872738e-01	  -1.5882423344402882e-01	   7.0466836103893635e-02	  -1.6578335151497170e-01	   5.8861665838965671e-01	   4.7056940189722440e-01	   6.5954824133282575e-01	   7.0043696874520078e-01	   5.4221130694429609e-01	   2.4066767895490115e-01	   6.1449182454470042e-01	   4.5614646102328038e-01	   7.4664600382457802e-01	   5.0424265999882500e-01	   5.2349591476732238e-01	   2.5341268138463768e-01	   3.6252197347458825e-01	   1.6957270546995859e-01	   2.8241154488409237e-01	   8.3799663968293414e-02	   5.5172272306860637e-01	   4.2437739868638097e-01	   5.8185670051717742e-01	   8.8975000757113509e-01	   3.9066884029744192e-01	   6.2688866757253903e-01	   1.7247669796077070e-01	   4.7593413474173207e-01	   4.8204789749676119e-01	   4.7836001538888745e-01	   2.8978142420835223e-01	   1.2932070491160644e-01	   3.8163582936950341e-01	   1.8976482069840525e-01	   4.1558556728081791e-01	   3.5080001415431594e-01	   6.5174944212249275e-01	   5.6815129539337628e-01	   2.7394859427172336e-01	   3.3727321026590283e-02	   3.9713688344736514e-01	   2.9733176348011842e-01	   4.2036967866110053e-01	   4.1922535876910927e-01	   1.4727297847303526e-02	   1.9714393232918814e-01	   4.2263555263663111e-01	   2.6186275732556097e-01	   1.7283244029330380e-01	   7.5723171172182149e-02	   3.4408933491607813e-01	   3.1041561570783849e-01	   7.0428672597536057e-01	   4.3198592682924764e-01	   5.3132979268558467e-01	   2.1331245470239937e-01	   4.9475941568038784e-01	   3.4857893416195984e-01	   4.8512150557035394e-01	   2.7309568130301454e-01	   6.9250031690231084e-01	   5.7758854196891674e-01	   3.0012563622622040e-01	   4.0254913872749576e-01	   5.1139156130507601e-01	   6.0810736859085091e-01	   4.7929808704549942e-01	   5.7470813128844123e-01	   3.2043078561403959e-01	   6.1354713698289221e-01	   5.6800402860452748e-01	   4.9728312071886493e-01	   2.8342656227693386e-02	   4.1923571900493783e-01	   6.8442029065172139e-01	   8.2198546074902978e-01	   5.4138423824933968e-01	   3.5432992561631649e-01	
   7.0214960076018051e-01	   4.1801717568306995e-01	   7.0990838576519566e-01	   2.1284745603604158e-01	   1.5850726478897035e+00	   8.2342613284019373e-01	   9.5583513867842340e-01	   3.0231268684421991e-01	   0.0000000000000000e+00	   6.2582569894214601e-01	   4.0103735086880221e-01	   2.4147493630081108e-02	   8.3717516890989496e-01	   3.2173558578089623e-01	   8.4176448493760359e-01	   6.6152101740107339e-01	  -2.8600476404703701e-01	  -1.5524522816920436e-01	   2.5782918871846916e-01	  -9.9949985134391330e-03	   2.6186816612169461e-01	   2.5548884168907393e-01	   8.1208998490509776e-01	   5.5595088982058360e-01	   4.7338907189938839e-01	   3.8853540058287078e-01	   4.7596907801296628e-01	   4.7512612529163950e-01	  -2.4419606687872519e-02	   1.1039266289668281e-02	   2.8836312469828052e-01	   4.1950893419389085e-01	   3.6431358559061899e-01	   2.6786660375098742e-01	   1.2439425431850047e-01	  -6.1177309726248796e-02	   1.0008449827131033e-01	  -5.7447817261590199e-02	   3.1223013108511771e-01	  -4.0556025292956934e-03	   8.9123717171090522e-02	   4.9907945678916890e-02	   3.8961068490626521e-01	   3.8276331843181877e-01	   7.8847007884367853e-02	   1.1612137286676205e-01	   3.6217791630192636e-01	   2.1784203199514429e-01	   1.3796318460018575e-01	   1.0164749335270075e-01	   2.1269566672208096e-01	  -2.9151495664756884e-02	   1.8547378830851294e-01	   2.2252713682127570e-01	   4.0561541775969223e-01	   1.3075490822528554e-01	   1.2565673256255913e-02	  -2.0523284509217832e-01	   2.1259345358691750e-01	  -3.9817512689670453e-01	   4.2210428450641058e-01	   2.1020140531175461e-03	  -1.7021936381819230e-01	  -1.7566344712981008e-01	   4.7633972862320856e-01	   4.7613637724318125e-01	   2.1800153689547942e-02	  -1.9474788275904334e-01	   4.8374614460725057e-01	   2.3622332382031030e-01	   5.1653981584720554e-01	   1.2729229122109087e-01	   8.5654566183514497e-02	   4.9044016257537182e-02	   1.9752095420684582e-01	   1.8708159648099770e-01	   2.9226922773898395e-01	   1.1297081654237914e-01	   8.1318120482028883e-02	   1.6285993178052172e-01	   9.6734397696554925e-02	   2.9265864308100825e-01	   3.1879283885445137e-01	   5.5122894439088188e-02	   5.7679172270294210e-01	   2.9195066397521979e-01	   3.3675770234833824e-01	   3.3367446088047314e-02	   8.4178916445633067e-01	   3.1802606332174349e-01	   5.3099574118694859e-01	   8.8697403112354289e-01	   6.3941159240204037e-01	   7.5873622971644394e-01	   2.6179777442683799e-01	   2.9029152307457149e-02	   3.8973387426778394e-01	   2.3807573765541359e-01	   2.1060030774066829e-01	   4.6733568332464503e-01	  -3.6592085161400445e-02	   7.4978609149214559e-01	  -1.3063930851305580e-01	   7.7503561889151099e-02	   4.2684475246511852e-02	  -1.6516540865310739e-02	   6.1496705381329037e-02	   1.0615895935970587e-01	   1.4247338614481866e-01	   3.2637393915416035e-01	   3.1129089313356911e-01	   4.6458907994015358e-01	   4.8076523293669360e-01	   4.1179461329951861e-01	   2.4109755405620009e-01	   9.8537770153674827e-03	
   4.7826469948632566e-01	   4.9634307923346327e-01	   1.2358576743106936e-01	   2.5452125559451860e-01	   4.8682325366273260e-01	   6.8109671228362578e-01	   4.6502223687778460e-01	   6.3796635582086958e-01	   6.2582569894214601e-01	   0.0000000000000000e+00	   4.8919415744559080e-01	   5.8245887660581674e-01	   5.7012283424298960e-01	   3.2348742739267622e-01	   3.6926508869779995e-01	   4.8140495801550076e-01	  -1.2047570371425145e-01	   9.2327728428896388e-02	   1.1456922177147603e-01	   8.0872422480137304e-02	   3.9067974757432200e-01	   4.1232711807642991e-01	   1.5321220935743335e-01	   1.0134435952633160e-01	   1.4072517203103840e-01	   1.1330123229086358e-01	   1.9956718343042767e-01	   1.0106386208724269e-01	  -4.5569296995102024e-02	   1.5042920192075471e-01	   5.4864917632207119e-02	   1.8274490412309316e-01	   2.0393111779391299e-01	   2.5283840256335566e-01	  -1.6217987545259097e-01	  -1.4477507755954003e-01	   9.9657279015775452e-02	  -7.8677426940061884e-02	   3.8772129065485117e-01	   1.3326437887146095e-01	   1.5499559257459744e-01	   1.9204366676158661e-02	   1.9007652771110756e-01	   1.9317385031230339e-01	   1.7582448465158418e-01	   2.4670325337017407e-01	   3.3372017436886536e-01	   1.5478387065487376e-01	   4.1422609460110427e-01	   4.9789673522998845e-01	   4.9709712262149991e-01	   4.7424791839899016e-01	   4.9841543707236780e-01	   4.2357314240716615e-01	   5.4648380068502711e-01	   3.3949620164325062e-01	   4.7654032601312075e-02	  -1.3456297199961498e-01	   2.0692563099340838e-01	   2.1427656251883598e-01	   3.6057858633954742e-01	   5.1794507108433074e-01	  -2.6949439396709483e-02	   1.6846128805650507e-01	   1.0109780164284037e-01	   3.4379577266963457e-01	   3.1826793140300624e-02	   2.9376431286646992e-02	   4.1421171166991166e-01	   3.0043840880219935e-01	   3.7430750408549451e-01	   2.9656851256425198e-01	   1.7755421783804096e-01	   3.4334970464394926e-01	   3.5340447861701602e-01	   3.0435138472428330e-01	   2.0193732955973778e-01	   2.3768910266318530e-02	   1.5446539924557301e-01	   8.1338390996429422e-02	   4.6933308512331851e-02	   3.2065469645278821e-01	   1.6258379475720344e-01	   2.7906403338930841e-01	   2.5514482817013373e-01	  -2.1034093397399568e-02	   1.9096523752811545e-01	   3.0077879077189180e-02	   4.5652410444894975e-01	   5.5188795610472452e-01	   8.2757455507671063e-01	   4.9985979417592991e-01	   5.1428626344257966e-01	   1.7838949311665728e-01	   6.3303071348288564e-01	   4.7843691687548451e-01	   5.0855103807936941e-01	   4.8954477494550996e-01	   5.0426348162764012e-01	   5.2336010759644047e-01	   2.0165340084331743e-01	   3.5096746372023019e-01	   1.8376258982703012e-01	   3.1863167503242573e-01	   4.5650658287992879e-01	   4.8935810861838364e-01	   4.0102802967574802e-01	   5.0918192954330510e-01	   5.1501262331408093e-01	   4.8275266715892240e-01	   5.8651170108148826e-02	   5.1512677008336605e-01	   5.5581515962336114e-01	   4.9757489266019694e-01	   6.1891200958179937e-01	   3.9178878114570431e-01	
   5.0871526301405035e-01	   3.1027557145456852e-01	  -1.1479518580013358e-01	  -3.3097480309975530e-02	   1.3105134612895541e-01	  -1.1341778039024438e-02	   3.7062595150645400e-01	   3.0640607235860923e-01	   4.0103735086880221e-01	   4.8919415744559080e-01	   0.0000000000000000e+00	   5.5641296790392736e-01	   8.2078634786425086e-01	   3.8631417391337147e-01	   1.6369716085112962e-01	   1.4255971608984064e-01	   8.5260705986452065e-02	   1.5843419789214006e-01	   1.5936713603593702e-01	   1.5802850328110662e-01	   3.0173699048405615e-02	  -1.7627540064441216e-01	  -1.1704852196704504e-01	  -1.1898809571515320e-01	  -3.6595920181865405e-01	  -4.3576219242550018e-01	  -2.7560472302802441e-01	  -3.7729604674642964e-01	   2.8939664593497777e-01	   2.7164518399350129e-01	  -1.3648653216546217e-01	  -1.4072054647086540e-01	  -7.7186574454056203e-02	  -2.5545722671273266e-02	  -5.1005125462813838e-01	  -3.7226495818399807e-01	  -1.7299335828784582e-01	  -1.8478735016226969e-01	   1.1061654558875086e-01	  -1.0610288325245401e-01	  -7.3534008908035978e-02	  -2.7986781078889555e-01	  -2.6866061770597638e-02	  -3.2928354904881940e-02	  -6.1860397771206423e-02	  -1.7737660473980128e-03	  -4.4205970028013207e-02	  -1.2429906154698646e-02	   1.4958014459053046e-01	   2.3912024731553011e-01	   1.3137041052275500e-01	  -5.3792247428013939e-04	   3.7220830230754687e-01	   1.1806403030477518e-01	   2.5124608208638777e-01	   7.4445636691123085e-02	   5.1439582486013984e-02	  -2.2156065167854572e-01	   2.6354749094887558e-01	   4.8351105700458037e-02	   1.7713782184685617e-01	   9.8530587889457982e-02	   2.6624086344298560e-02	   9.8222790593171294e-02	  -3.1191516918510487e-01	  -1.3858004761200515e-01	  -1.3325557909722668e-01	  -3.0780662521375796e-01	   2.7865365641024625e-01	  -1.6448354519204814e-01	   8.6066058639176754e-02	  -4.1502191667264876e-02	   3.5922423748204396e-01	   2.1436903319120282e-01	   4.5600968441469852e-01	   3.8385689748299456e-01	  -3.0106300877173697e-02	  -1.6307916620827173e-01	   3.3568922222319736e-01	   3.0171850305448339e-01	   2.8074691743733082e-01	   1.4559984762436873e-01	  -4.0617316342618287e-03	   4.4342889575428590e-02	   7.2771354954723935e-02	   9.9870977387389540e-03	  -1.8996149558343972e-01	  -1.5300679721375415e-01	   2.9202890732796138e-01	   3.3620017521052625e-01	   1.2925207132220315e-01	   2.2841912228730232e-01	  -3.0411707291822229e-02	  -1.4750640977175844e-01	   1.9444189488890462e-01	   3.4078743560439917e-01	  -4.8573162435838778e-02	  -4.0732892006046614e-02	   5.5155619201877351e-02	   1.5678620101810031e-01	  -7.8526772083367863e-02	   1.1575191202858424e-01	  -9.9189642455184204e-03	   1.7194661317359788e-01	   1.8164569093422925e-01	   1.2988669305980746e-01	  -3.7784205960000046e-02	   2.3704288961842344e-03	   8.1795898326523883e-02	  -1.8403347257538130e-01	  -3.0746130296729324e-01	  -9.5176148589945779e-05	   9.2992537420632723e-02	   8.9248508896367720e-02	   2.6252896927938241e-01	   3.4830399010413404e-01	
   2.1420438270536837e-01	   5.7788144389492968e-01	  -3.2552349882651238e-01	   3.9824250453507334e-02	  -1.0241056125540551e-01	  -1.0153782610759357e-01	   1.1622784642724569e-02	   4.5709006299731259e-01	   2.4147493630081108e-02	   5.8245887660581674e-01	   5.5641296790392736e-01	   0.0000000000000000e+00	   3.2873164401461724e-01	   6.1772702083365949e-01	  -4.5878546100258079e-02	   1.9584726250924550e-01	   4.5882927109892904e-02	   2.1221661487757856e-01	  -4.8099720254375158e-02	   1.4702676199547354e-01	   1.1300669146073304e-01	   1.2212821894636400e-01	  -2.4975923726593827e-01	  -1.5493452774386429e-01	  -2.2374629576081456e-01	  -2.5382729511336316e-01	  -9.4551605591794277e-02	  -2.7291784749639048e-01	   1.1437515077706120e-01	   2.3834953913468537e-01	  -3.3227834453349941e-01	  -3.2798371424225442e-01	  -1.6238495422033111e-01	  -5.0579843268441574e-02	  -4.1752727128825129e-01	  -2.8235366986179944e-01	   1.0213900182451255e-01	   7.9981555686202577e-02	   2.0151081819803246e-01	   1.7393507952433074e-01	   8.4857051431882574e-02	  -2.1607111844010162e-02	  -3.6536693957929217e-02	   1.6788880649234731e-02	  -6.8110769850034739e-02	   9.1755236721194122e-02	   1.4628294802774994e-01	   1.2344612703630414e-01	   4.1455577790817705e-01	   6.8568821854712836e-01	   5.3504843211805664e-01	   6.4193843418415031e-01	   7.4870904383499937e-01	   4.1226847253482579e-01	   3.7817205679531890e-01	   4.2075430948370229e-01	   8.3147014473350600e-02	   1.1409039857946034e-01	   2.0680918053573141e-01	   7.3725606132468480e-01	   1.2540412584004218e-01	   6.5783514467705906e-01	  -3.4125244062199363e-02	   3.6065558282061677e-01	  -3.2635179346828608e-01	   9.7379384267532246e-03	  -1.3249178955028082e-01	  -4.1497252609440901e-03	   1.5077624944648077e-01	   6.8641312312529748e-02	   1.8613629551183852e-01	   1.4660614818494455e-01	   3.0178336492353341e-01	   4.8471114715639985e-01	   3.2864359741181326e-01	   3.6322527749221117e-01	   4.8625310294790232e-02	   1.1401827651924903e-01	   8.2420632591720860e-02	  -8.4119328268280110e-03	  -7.1954929773636767e-02	   1.9435641677854154e-01	  -4.2136362738030390e-02	   1.9799239671321328e-01	   5.3750875460760454e-02	   1.4701244304845318e-02	  -6.5309049083812590e-02	   9.7101843864934978e-02	   1.6507672088858902e-01	   7.0196336124068082e-01	   4.5915883843733285e-01	   1.4588341885663000e-01	   1.0391366969113071e-01	  -2.1616080230605611e-01	   4.2544280036586357e-01	   5.3446920204864468e-01	   2.8011968945740784e-01	   3.5066406580259690e-01	   3.7848357218452161e-01	   2.4411204147709276e-01	   3.0069078668042470e-01	  -5.2546283991335978e-02	   4.4732857181846908e-01	   3.1785374726647819e-01	   5.8021892167361844e-01	   4.8708973228617358e-01	   3.8955094946446123e-01	   4.9149925787226778e-01	   3.4993569804855768e-01	   7.3462096576303648e-02	  -1.5856156504585550e-01	   2.3151737217356710e-01	   1.8710494713880366e-01	   1.5009266108828945e-01	   4.1468681072333546e-01	   4.1757630561913639e-01	
   3.4543452186917994e-01	   4.4083944307495199e-01	   1.6993805510696042e-01	  -2.7115850199781400e-02	   6.0275081957232357e-01	   3.3860556819670334e-01	   4.9161032940426974e-01	   1.2183489297260852e-01	   8.3717516890989496e-01	   5.7012283424298960e-01	   8.2078634786425086e-01	   3.2873164401461724e-01	   0.0000000000000000e+00	   7.8232343094049983e-01	   7.9260069449411086e-01	   7.2595770379118607e-01	  -4.5411999030533856e-01	  -1.1592734984716732e-01	   1.2305533094079563e-01	   2.9778537465755650e-02	   3.0503858959556741e-02	   1.5746473444555834e-02	   4.0236793774552326e-01	   3.5457391757295520e-01	   1.5047472585006402e-01	   2.0378673211161800e-02	   2.3231143882721311e-01	   1.3942080790149713e-01	   2.4383471529455966e-01	   2.7611861754922479e-01	   7.8985349388984383e-02	   8.2147533525389962e-02	   1.4520951221404457e-01	   4.6216782521698779e-02	  -1.4503497608741356e-01	  -2.6633186509650053e-01	   2.2140452512585818e-01	   1.4475200697562199e-01	   3.7160978713350246e-01	   1.9153318522264598e-01	   7.0740279066941053e-02	   4.9606108475831884e-02	   4.9074340405767303e-02	   7.6324928606439593e-02	  -1.4772959691692261e-01	  -4.5166239305577456e-02	   7.8644573963884495e-02	   4.8344494188881260e-02	   2.3926879979396722e-02	   1.2203860264470799e-01	   1.5119575958860654e-01	   1.8236679191608554e-02	   2.0995306900264829e-01	   1.3310456272123469e-01	   4.4148171419861193e-01	   1.7189149514307503e-01	  -2.3901834734711155e-01	  -3.0299617554975455e-01	  -4.9322986776674212e-03	  -2.0807879139445290e-01	   1.6006208210259137e-01	  -1.4702885847133454e-02	  -3.5437309535266048e-01	  -2.0044102756535634e-01	   1.4543676451676335e-01	   1.9205708312827535e-01	  -1.6449270353744633e-01	  -3.0075926880013665e-01	   4.6120347758689684e-01	   1.4883095515875319e-01	   1.6513233783121312e-01	  -1.2454849852761499e-02	   6.2121703779719345e-02	   1.2005110867496788e-01	   1.5341505715518969e-01	   1.8538061043556023e-01	   2.0505955403769058e-01	   8.5437567419012150e-02	  -1.1402688699447976e-02	   1.9539136051693726e-01	  -6.8781514814880387e-02	   2.1384779190913497e-01	   3.6266441080177708e-01	   1.3774015418298682e-01	   3.4085473000854505e-01	   2.7859606625318617e-01	   1.0926593415291969e-01	   1.7316650805399732e-02	   5.4384903556425956e-01	   4.0475557763680448e-01	   2.5741780633116806e-01	   4.4308435801901491e-01	   3.0371082611795969e-01	   2.3763945906361683e-01	   2.8359334142934983e-01	   1.3994481098592423e-01	   2.1913817278984454e-01	   1.2936557251824846e-01	  -3.7313516587441885e-02	   1.2960639974633303e-01	  -7.5447221544704124e-02	   2.9517664643509522e-01	  -1.6768451217403607e-01	  -8.4944428019126411e-02	   1.5208413309257723e-01	  -5.3113293025687973e-03	  -7.7385792282744026e-03	  -3.8416009220129256e-02	   9.1694802661480751e-02	   7.4608391071827554e-02	   1.4002464728088904e-01	   2.2408132791527013e-01	   1.7992966881932446e-01	   1.4262075118292794e-01	   3.0314976319992354e-01	   8.6737785199115292e-02	
