   0.0000000000000000e+00	   8.5447089300277357e-01	   2.1090655556390886e-01	   4.6291716881175776e-01	  -1.0822722035228495e-01	   2.5411353703699541e-01	   2.4314496665400849e-03	   3.8696943327302274e-01	   5.5053190220415993e-02	   2.0837427807537295e-01	   4.9302140932057748e-01	   6.5486083832000253e-01	   3.1736568314387370e-01	   5.8467752440360998e-01	   4.3006884057146216e-01	   5.5176198513678609e-01	   6.2750579956502839e-01	   5.4652077473557092e-01	   8.4021670859011766e-01	   6.5788825799463457e-01	  -1.8368535854643989e-01	   5.8008979928279636e-02	  -5.8083511358226085e-02	   3.8142476328636203e-02	   6.5588144167959038e-03	   7.0969328668358075e-02	   1.5434519457407675e-01	   9.4845402511123889e-02	   3.8117565720852337e-01	   4.5806114643982826e-01	   9.6234582456463574e-02	   2.2634823073319973e-01	   2.5129336065259361e-01	   4.4801993506441612e-01	  -2.6004699482788263e-01	  -6.4903406996003249e-02	  -5.4501229472720077e-02	  -2.6979505612221906e-02	   9.3431097803464827e-02	   1.9168821110290107e-01	   4.8496666806464764e-02	   4.1829585910492667e-01	   1.6512586015783570e-01	   1.2132400990008133e-01	   1.1913556202034642e-01	   1.8856393155604878e-01	   3.1530983990579919e-01	   3.6215844729715474e-01	   3.3186471980110988e-01	   3.5694688599715457e-01	   4.8194045780047357e-01	   3.6281278381009269e-01	   4.3274689851038584e-01	   2.9373916867538630e-01	   3.7456919661442944e-01	   3.4178860809204475e-01	   8.8794885666793089e-01	   7.7020921913597584e-01	   1.3944646051891125e+00	   8.7784099979204466e-01	   7.7076328754105039e-01	   4.5424810382314212e-01	   5.6497243092843785e-01	   5.3436531355368133e-01	  -3.2525627212190000e-01	  -9.9807692271345894e-02	   4.4123602621848290e-01	   3.3989078948785151e-01	   5.2786342992039148e-01	   1.7088587794153454e-01	  -1.7729222652729328e-02	   1.0634066824104835e-01	   4.5252254298524630e-01	   4.8165342447532783e-01	   2.5132856240077145e-01	   3.6640088599206294e-01	   8.6212857886694999e-02	   1.8320970417878585e-01	   4.6979518753297450e-01	   4.5729907508304540e-01	   5.7042462750105472e-01	   5.0961313325519786e-01	   1.1695086869061364e-01	   6.4447075181827163e-01	   3.0458106613366864e-01	   4.0523348644351043e-01	   4.7012787505186136e-02	   2.8822147586732483e-01	   3.2598805590775098e-01	   7.1786652141857521e-01	   1.1305867939133478e-01	  -4.5124555001351187e-02	   8.3561599445261148e-02	   7.8750190304788706e-02	   1.5942270340954368e-01	   8.0642298945609356e-02	   2.4983651802008391e-01	   3.7580531074916451e-01	   4.5945360426009524e-01	   4.6600913297901264e-01	   3.2693702162952726e-01	   2.8197575366800209e-01	   4.6262753374341703e-01	   6.8285542338285288e-01	   3.4633267408306682e-03	   1.0896360530414634e-01	   2.4998262813336319e-01	   2.8216627837325359e-01	   4.4882139956387644e-02	   7.8215774716794501e-02	   3.5477530789866252e-01	   4.6965795077518901e-01	   3.6504767276631728e-01	   1.7614987676535732e-01	  -3.5011217469099692e-01	   1.7626027604900704e-01	
   8.5447089300277357e-01	   0.0000000000000000e+00	   2.0938626128697943e-02	   2.4806808114034723e-01	  -2.2772550045724632e-01	  -7.4688503993989672e-02	  -2.7951942034066762e-01	   2.4515872008021066e-03	  -2.8969964575210716e-01	  -2.0770660661493265e-01	   4.1009933136112960e-02	   5.4438626752300689e-01	   2.5952097038999443e-02	   4.9402586474958743e-01	   4.3003929597388246e-01	   4.2342258465365318e-01	   1.1184707359344825e+00	   1.1371595222456854e+00	   1.0800332180880337e+00	   1.2763461972684365e+00	   8.7079214624130610e-02	   1.2421905084649265e-01	  -5.4108664972624024e-02	  -3.7312269052445682e-02	   1.6183987838065372e-01	   2.0273395683321058e-01	  -5.1415954880581890e-03	  -1.7158455622929156e-01	   5.6748192904980121e-01	   7.2891238115873003e-01	   2.8007589776994607e-01	   2.8657838579036776e-01	   6.0031002658500054e-01	   8.7750623207660705e-01	  -8.4985789062788641e-02	   4.4885654473460504e-02	  -4.8045303548028662e-02	  -6.3717284915992489e-02	   1.3088305309619497e-01	   3.4120493982850775e-01	   1.6337432636727670e-01	   5.0825157815313982e-01	   2.9465638806400429e-01	   3.0764864846989104e-01	   4.1674838618491833e-01	   4.2202804863196997e-01	   5.7530209698382795e-01	   6.7125649557235489e-01	   7.0349363299377432e-01	   7.0164796733784640e-01	   7.9941064678728513e-01	   7.6454476579562114e-01	   7.8904869470958561e-01	   5.3169063951025675e-01	   7.7189425985219373e-01	   6.3397906295838824e-01	   1.6802232885059782e+00	   1.6925698579907833e+00	   9.3894606593253016e-01	   6.9784090907370555e-01	   2.6020582866871489e-01	   2.7089158912931871e-02	   1.1243851122295143e+00	   1.1354791628654890e+00	  -4.1080151846062452e-01	  -2.9652675394179012e-01	   8.0693012116162133e-01	   6.5222283735078757e-01	   1.0037577680951468e+00	   6.4940581974948053e-01	  -1.1838351129461934e-01	  -7.9066026607733611e-02	   4.7729177079284402e-01	   6.0076283953052756e-01	   2.1030836858070676e-01	   3.1078388148858249e-01	   3.1875896221543125e-02	   2.0364567356261043e-01	   9.1000755265715405e-01	   9.0084215590223460e-01	   1.1587951488537347e+00	   1.1458447487583494e+00	   4.6254166248160139e-01	   9.1617697429728129e-01	   6.5168202885971338e-01	   5.7342658381013467e-01	   1.2848066793724702e-01	   3.0502795969740715e-01	   1.5700407855040369e-01	   7.3734615582267782e-01	  -1.8498376698106331e-01	  -3.9049378691831171e-01	  -1.5914061801971319e-01	  -2.7040765492001889e-01	  -6.4186640162602338e-02	  -8.5038082336276452e-02	   3.6067413705515644e-01	   4.2678965454579126e-01	   5.8043657201504517e-01	   1.5006878364012791e-01	   2.1602297888451011e-01	  -9.8569207777512519e-02	   7.8606027989035310e-01	   4.8654845511626577e-01	  -8.2636132021117928e-02	  -7.6367825262024973e-03	   5.0355967820532914e-02	   5.9833844138785187e-03	  -1.1067418334647608e-01	  -5.4551771876655747e-02	   5.1413852954757167e-01	   5.6190186119440089e-01	   2.1314329019797826e-01	   3.1249814165954926e-01	  -6.4314517117135794e-01	  -7.5431401796433886e-02	
   2.1090655556390886e-01	   2.0938626128697943e-02	   0.0000000000000000e+00	   8.3131946087557962e-01	   5.5265838583328242e-01	   5.5171706557496447e-01	   9.2858085298265891e-01	   4.1407864622696833e-01	   4.6808408485271352e-01	   2.6522849947431559e-01	   3.1090301732994929e-01	   2.2943066883697492e-02	   3.3215361066843130e-01	   3.5636050672454878e-01	   6.5165262253762946e-01	   4.2350654302271051e-01	  -1.7920466145140784e-01	  -1.8802527659941459e-01	   2.8243246807831324e-01	   9.7168485573851729e-02	   2.7629479487592545e-01	   4.0145125431962481e-01	   1.0310019787512756e+00	   7.3681110312309395e-01	   7.8181851137521674e-01	   5.0872536845561767e-01	   6.4525262639496406e-01	   4.6096229062632138e-01	  -3.3853346681650992e-02	  -1.0407296107727308e-01	   7.0885951673134884e-01	   5.5304745923512932e-01	   4.6022967725495467e-01	   3.3553326459953675e-01	   3.7174867277602108e-01	   3.3565500856210972e-01	   1.6272155585433198e-01	   1.7835983983648548e-01	   2.2774840055949555e-01	   4.1492398637879790e-02	   6.9223797919959473e-02	   1.5246106083556696e-01	   1.2124186654215263e-01	  -6.2310295906268985e-02	  -3.5444836560710409e-02	  -7.1709691772429293e-02	   7.0556113064232831e-02	   1.3216452522580727e-01	  -1.2129659192367684e-01	  -1.4233784004587646e-01	   7.1255500958183268e-02	  -2.5055978186842714e-02	  -3.5980781005004528e-02	  -4.3840319648846965e-02	   4.5608989845088543e-02	   2.1338054271862161e-01	  -8.3258650357037986e-02	  -7.4441139587530278e-02	   4.9757352756970186e-02	   9.9007383332830157e-02	   3.8777877353942813e-01	   2.7096793771463823e-01	  -8.2304783995081315e-02	  -1.4378525372350229e-01	   6.8083592492099254e-01	   5.2843466558058949e-01	   3.4671422157875131e-01	   2.5703284496548040e-01	  -5.6957263235479852e-02	  -6.4625773283797663e-02	   4.1495899466652075e-01	   1.4951303993841172e-01	   2.5722886890106778e-01	   3.3279841477966164e-02	   3.0082035241853472e-01	   4.7574731200819226e-03	   1.1594977497131045e-01	   2.7034397134615838e-02	  -2.4112746152198977e-01	  -1.2520248139598564e-01	  -1.8239006057070281e-01	  -2.4765228886176077e-02	   3.2679445542133795e-01	   2.0566903749526705e-01	   1.7447005939413951e-01	   3.6504208884785688e-01	   3.7065958150695105e-01	   4.8741313079474435e-01	   5.7843943690611554e-01	   3.4767459415046553e-01	   5.4088975789141536e-01	   8.0723215861550790e-01	   3.8227794522038544e-01	   7.0254413480462063e-01	   7.9750903527969746e-03	  -5.9648916232974761e-02	   2.0209126150461135e-01	   3.2891670396557375e-02	   3.6233254653482655e-01	   5.9801639929959349e-01	   2.2481809286131804e-01	   5.4734681019357045e-01	   2.9076196858339032e-01	   4.6667724199159188e-01	   2.8903668343587341e-01	   2.1638187133812831e-01	   2.1890518594068148e-01	   2.3827982218572799e-01	  -1.0561130194098022e-01	  -6.2686327143376616e-02	   3.3013417235049303e-01	   2.9904757639117008e-01	   4.9508794007200196e-01	   2.3502515972695679e-02	  -5.4245571419342380e-02	  -1.2990204881835707e-02	
   4.6291716881175776e-01	   2.4806808114034723e-01	   8.3131946087557962e-01	   0.0000000000000000e+00	   4.5365394749450366e-01	   7.8258530490219025e-01	   6.2895537006125235e-01	   9.8292249579240987e-01	   6.1555341542577346e-01	   5.1740279075051410e-01	   4.7669561707235703e-01	   4.8925697394155632e-01	   4.7716383922514516e-01	   7.8844293576536506e-01	   5.7714869182386841e-01	   8.7048075024014482e-01	   1.3101414675618067e-02	  -1.8328416556139759e-02	   3.8441162577221372e-01	   2.4439133078293143e-01	   1.2907708112095853e-01	   3.6461739729137288e-01	   5.5401359488630619e-01	   9.4136013128463469e-01	   4.0767282333531391e-01	   5.1662363641037612e-01	   5.4167554694224695e-01	   5.0521777754146513e-01	   8.5902212591474889e-02	   1.1457415677235794e-01	   4.0260517674437057e-01	   6.4932946308090689e-01	   3.9747199091750895e-01	   4.3516073191117854e-01	   2.4154171024726465e-01	   4.0470938607110185e-01	   1.0833823378685634e-01	   1.5548802233138825e-01	   3.1244490267148767e-01	   1.8574585648434330e-01	   1.1641499165546258e-01	   1.3462138687338715e-01	   3.2108645458116475e-03	  -1.6156563340315699e-01	  -1.4230639450586755e-01	  -9.2376125020865021e-02	  -3.0290031374711156e-02	   3.4231250853547099e-02	  -1.1984418002605352e-01	  -8.6654486102962003e-02	   1.2792700792573716e-01	   1.2991558907399448e-01	   7.7366152380654807e-02	   3.8939158455217901e-03	   8.0071038137249514e-02	   1.6866386769729538e-01	   1.1053645996164053e-01	   9.5321230846868096e-02	   3.2436413710690098e-01	   6.3906194423982898e-01	   6.1704535125615889e-01	   8.6886568040996537e-01	  -1.1294871521163896e-03	   2.5212581277594216e-02	   4.4518540588287514e-01	   8.4115873648077466e-01	   4.2939342079416543e-01	   4.9168957179512862e-01	   5.5768706317422971e-02	   1.4597741712210181e-02	   2.5032777607647683e-01	   3.6133241863354065e-01	   2.1883202227123835e-01	   1.6563072672516613e-01	   2.1963114258027711e-01	   1.8983830279373407e-01	   3.1045994434157065e-02	   1.1752101536170403e-01	  -1.2568988220190394e-01	  -3.6600139528483761e-02	  -1.7865363099239095e-02	   1.2075296188232891e-01	   3.0613237362227208e-01	   4.6767418078067402e-01	   2.6149519429231649e-01	   6.4202527811289412e-01	   3.4849920900090348e-01	   7.3602479487553629e-01	   6.6446171817770006e-01	   6.5524622153702405e-01	   6.7266923258148248e-01	   4.5930117919843516e-01	   7.4140640275522252e-01	   3.9534132380457682e-01	   1.0029040917898431e-01	  -1.7619407506112683e-02	   2.9104709787079597e-01	   1.4624793615145604e-01	   3.1961016617072696e-01	   5.1461220073773994e-01	   7.4842695927198533e-01	   4.4677115952382934e-01	   5.0177688877916038e-01	   6.0041208825047088e-01	   2.9346713004247343e-01	   6.7527709607645994e-02	   5.2364243788931508e-01	   4.9263217030372064e-01	  -7.5249803491687209e-02	  -8.3879483669753868e-02	   3.8215359253705822e-01	   3.5069874204667639e-01	   7.6164318509650542e-01	   1.5539477227810677e-01	  -6.8767030593898423e-02	  -1.2933180259450461e-01	
  -1.0822722035228495e-01	  -2.2772550045724632e-01	   5.5265838583328242e-01	   4.5365394749450366e-01	   0.0000000000000000e+00	   6.6558889850977376e-01	   7.1895661065518601e-01	   4.4714250630414765e-01	   7.1394452263602493e-01	   4.9047934914760594e-01	   1.9848149444066654e-01	   7.2391112028929824e-02	   4.4871380003232153e-01	   3.4594133313346564e-01	   4.1737094553097048e-01	   4.5687849152806925e-01	  -3.7289327005306344e-01	  -2.9229412873461086e-01	  -2.2339808501001374e-01	  -1.8521095229603088e-01	   2.1661439745509800e-01	   5.3945384513026984e-01	   8.4228975713885657e-01	   8.9776497759065088e-01	   7.8618177196770278e-01	   8.3160215199527365e-01	   6.5257138547343729e-01	   6.6161728800968023e-01	   5.7879950712809790e-02	   2.4209903293939680e-02	   4.7394297424968385e-01	   5.5973872223750198e-01	   1.9398144073818957e-01	   6.7315975985377460e-02	   3.9997067316904522e-01	   3.1674278783692195e-01	   7.1336608808427529e-02	   6.2788616997215968e-02	  -1.3858277304808378e-01	  -2.5310293905888820e-01	   1.4532399053662901e-01	   1.1585349110685612e-01	  -5.3220085511906989e-02	  -1.9091467264804210e-01	  -1.4527666494280839e-01	  -1.2342637022219281e-01	  -1.1100958670161946e-01	  -1.6538716904510181e-01	  -1.6611943850759034e-01	  -1.4689375933482623e-01	   3.4587649841578447e-03	  -9.2371292771941144e-02	  -5.8651122618859505e-02	  -1.0207751654977172e-01	  -1.3065647706774566e-01	  -4.5784053645496148e-02	  -3.4580786146483400e-01	  -3.8726079403537511e-01	  -2.6540531682917234e-01	  -1.3481713465203729e-01	   6.0871641272351347e-02	   2.6920491916056299e-01	  -3.0728922236063627e-01	  -1.7015545977371349e-01	   6.5816869837395808e-01	   3.7690414062609789e-01	  -1.0633213759670726e-01	  -9.5780815422312759e-02	  -1.8395001683595463e-01	  -1.7773831378529997e-01	   1.3953763519414361e-01	   2.1828842426046638e-01	   1.3083324863094260e-02	  -5.2467227117207948e-03	   3.8195882212530813e-02	  -9.6941264717958234e-02	  -6.8406271834516946e-02	  -7.9639318502893075e-02	  -3.9465316792656346e-01	  -2.7835080220448705e-01	  -2.7409239743024183e-01	  -1.4539632853542214e-01	   2.8720034012943546e-01	   8.3948809988082670e-02	   1.8203864172172171e-01	   3.0974835593008343e-01	   2.8339092477508759e-01	   3.7954827509535993e-01	   3.4273355113847281e-01	   5.9399327497926022e-02	   6.0851568496158548e-01	   5.0057108383571536e-01	   5.5234841073007990e-01	   4.6160060790661561e-01	  -2.5571896139112793e-01	  -2.5773402279587942e-01	  -2.6037830145236635e-01	  -1.8052667472224326e-01	   3.3745529630085057e-03	   6.3102040334090670e-02	   1.3014348889945385e-01	  -4.0515241410692432e-02	  -5.9854654030458948e-02	  -6.5575687351277098e-02	   2.8138635939940732e-01	   2.0335922707637749e-01	   4.1986681108921980e-02	   2.2721982801364496e-01	  -6.2441142161407677e-02	  -2.0654185830736108e-01	  -1.1290264711831978e-01	   4.7735203184665689e-02	   2.7090691139926654e-01	  -2.8683553729527994e-02	   2.1174194723936282e-01	  -8.6984947818890754e-02	
   2.5411353703699541e-01	  -7.4688503993989672e-02	   5.5171706557496447e-01	   7.8258530490219025e-01	   6.6558889850977376e-01	   0.0000000000000000e+00	   5.8790126636997653e-01	   8.4698159152201402e-01	   9.2829381186129822e-01	   1.1519842240044573e+00	   3.7992966046246890e-01	   3.1103584330532319e-01	   3.7374391015719194e-01	   4.5643191811437506e-01	   2.7663642948610762e-01	   7.2741834669339922e-01	  -3.0856473604077855e-01	  -2.9821046794918649e-01	  -2.3508759007659794e-02	  -1.2843403420770028e-01	   3.0885737122103168e-02	   5.4954672033536212e-01	   3.9332117853996290e-01	   6.8360474268368954e-01	   3.2546961207311853e-01	   4.8867956127052903e-01	   6.5825131167251250e-01	   8.4606021016152222e-01	  -6.2024131181891512e-02	  -8.9421798827352614e-02	   2.0690630924404563e-01	   4.3199855053423908e-01	   7.1017107532914528e-02	   7.1088108110493445e-02	   1.2727902682918571e-01	   2.4405869758348903e-01	   1.1905827571071199e-01	   1.6887086237374713e-01	   5.3592414336666276e-02	  -9.4604336915637105e-02	  -1.4147887883579088e-01	   1.2215541719322001e-01	  -1.3026665150844169e-01	  -3.1267181137421940e-01	  -2.6221532218372851e-01	  -2.8791951240374813e-01	  -2.2860561861003409e-01	  -2.1275056585209570e-01	  -2.8873101028299852e-01	  -3.5314215796919479e-01	  -1.1075280434891437e-01	  -2.7665788579457001e-01	  -1.9071591647194530e-01	  -2.5850305450748989e-01	  -1.9938689275894364e-01	  -1.8777201920647726e-01	  -2.1572693963376305e-01	  -2.3639725650028748e-01	   5.8814065395648117e-02	   2.1466251834571104e-01	   4.4398948916978553e-01	   6.7857265483040019e-01	  -3.5157752869083542e-01	  -2.7870319131442622e-01	   3.3108452136993888e-01	   5.6702986621310425e-01	   3.8153454628214296e-02	   4.3432302757449283e-02	  -1.4052692401557068e-01	  -1.6958584523726100e-01	   2.3270145098924405e-01	   4.4956410206211661e-01	   5.9604346634714719e-03	  -3.0285768815968938e-03	   5.9034857456371062e-02	  -3.3230926354720747e-02	  -1.1170450909405087e-01	   4.0472961453555334e-02	  -4.5072558046591377e-01	  -4.1992152688419160e-01	  -2.8918118220026762e-01	  -2.4921225573364700e-01	  -2.3559278645216692e-02	   1.8346748858541329e-01	   1.6903663442196522e-02	   2.1584777894971713e-01	   3.2266132204495501e-01	   2.3062363510675593e-01	   4.2195228258340362e-01	   1.7592486301139743e-01	   7.8867129580058593e-01	   5.3620741399375538e-01	   9.0487780912818616e-01	   3.8072024735051346e-01	   9.2536089944693492e-02	  -1.7185818833897436e-02	   4.4607542617781389e-02	  -4.3279295995303876e-02	  -2.4586493202706002e-02	   3.0690444142904144e-01	   4.4723815889238583e-01	   3.1755611168972475e-01	   5.1424392867073801e-02	   2.3412420797089251e-01	   4.5454105767050895e-01	   2.8550287580924250e-01	   4.0124895165910490e-01	   3.5793525635358475e-01	  -1.0736393694527209e-01	  -7.8292982115982554e-02	   8.8199555745015631e-02	   4.4937196971821948e-02	   5.1232594866702241e-01	  -6.3501355118770836e-02	   1.0963007165840766e-01	   1.3837052920786214e-01	
   2.4314496665400849e-03	  -2.7951942034066762e-01	   9.2858085298265891e-01	   6.2895537006125235e-01	   7.1895661065518601e-01	   5.8790126636997653e-01	   0.0000000000000000e+00	   7.7332111482726706e-01	   7.4527675050309594e-01	   5.5993908061204201e-01	   5.9865173776185943e-01	   1.4780200365812754e-01	   7.2844602308446949e-01	   4.1535431935597777e-01	   3.8761382402585542e-01	   4.2222265232883094e-01	  -3.3152655063681891e-01	  -4.1915355022421036e-01	  -9.4714566516775678e-02	  -2.0484391490937376e-01	   2.3624469550888585e-01	   4.0011363081295781e-01	   8.6097232003080282e-01	   8.3566889368294295e-01	   4.2732211730538638e-01	   3.8726324255864408e-01	   3.1683225898692791e-01	   3.7653100519439858e-01	  -2.9012761716735207e-02	  -1.1175135380691131e-01	   4.9626791998761044e-01	   6.0504644604782942e-01	   2.3462835230295950e-01	   9.8988514098730190e-02	   3.2782315103251586e-01	   2.6267059104475093e-01	   1.0827548371336471e-01	   1.2766767745698282e-01	   1.0243417879339259e-01	  -1.2483353790469746e-02	   1.0052561752221278e-01	  -4.4257901784019574e-02	   1.9077989937486814e-01	   1.3394413325082387e-02	  -2.1279499852125145e-02	  -3.6821005939382971e-02	   3.7500702981014968e-02	   5.5340047752549366e-02	  -1.3463174688474933e-01	  -1.5130630646324217e-01	  -5.8112252342003970e-02	  -1.2816531349306759e-01	  -1.1062653164635806e-01	  -5.2916004441590600e-02	  -7.6423665818836861e-02	   1.2400312454682946e-01	  -3.8099541097879908e-01	  -4.5502051674295946e-01	  -1.5749717028443072e-01	  -2.1054934017044634e-02	   3.9329292291986223e-01	   4.9499610315341408e-01	  -3.0448931236241988e-01	  -3.3978201456437707e-01	   9.4073037364401357e-01	   6.2645006524933389e-01	  -5.5645282958341459e-02	  -2.2803536205014286e-02	  -3.6866847854054824e-01	  -3.2365340430941109e-01	   3.4121440790465796e-01	   2.8211220107085466e-01	   1.4457559567357375e-01	  -2.2488156116239610e-02	   2.1642687212500908e-01	  -4.7457732787254202e-02	   6.0958695291828874e-02	   4.1672356682020293e-03	  -4.6279254826359240e-01	  -3.8258440385888248e-01	  -3.5508225726901088e-01	  -2.4043255874790526e-01	   2.1193282532203372e-01	   9.1603377312419521e-02	   1.0452950942212362e-01	   2.3821560392585731e-01	   2.5198691625566194e-01	   3.4869419811639063e-01	   6.7026891587804172e-01	   1.8371143071675133e-01	   8.6738935609355838e-01	   9.0331058072795889e-01	   5.9758027426352989e-01	   8.1889446925018150e-01	   1.4574644622373961e-02	  -3.0083689434970747e-02	  -4.5179337467569483e-02	  -1.6479937245603452e-01	   2.4193199220458494e-01	   4.5152841182393511e-01	   2.8006502068832717e-01	   4.5674017517858445e-01	   1.4977327829777226e-02	   1.8410307378449584e-01	   2.2580827732276049e-01	   6.2682531537000707e-02	   1.5698196310337326e-01	   2.1820094850316740e-01	   4.4568901056152570e-02	  -8.4804243754989767e-02	  -4.6401966807173900e-02	   1.3409922188985335e-01	   5.1562863459729757e-01	   3.9696005162673187e-02	   1.7660201472610051e-01	   5.2365894469762572e-02	
   3.8696943327302274e-01	   2.4515872008021066e-03	   4.1407864622696833e-01	   9.8292249579240987e-01	   4.4714250630414765e-01	   8.4698159152201402e-01	   7.7332111482726706e-01	   0.0000000000000000e+00	   7.9521075681269193e-01	   9.7439270361830077e-01	   8.1239858765044659e-01	   7.9270985143921924e-01	   7.2540176861423489e-01	   8.2805267342551125e-01	   2.6674823320163288e-01	   8.3572841686252253e-01	  -5.0412388258928596e-02	  -1.3210329220360087e-01	   1.0162542725215268e-01	   1.9928644131717632e-02	  -2.3204017316680144e-02	   3.1702964593929628e-01	   2.6648770284673762e-01	   6.5733326381873836e-01	   5.4308780781403186e-02	   2.6262321115222054e-01	   2.6109244560745737e-01	   4.3915452740606631e-01	   1.4308156251674300e-01	   1.5774578620255825e-01	   1.4473222221781473e-01	   5.3767244408602033e-01	   1.0731896009512286e-01	   1.5425229908121590e-01	   1.4083043724677623e-02	   1.2555486196181331e-01	  -3.9426767938358130e-03	   6.8132053737891357e-02	   1.5906830300710506e-01	   1.0263475898231866e-01	   7.9892710906112274e-02	  -2.2043487189854178e-02	   1.4059972885068581e-01	  -7.8653384344846058e-03	  -1.1204357694765368e-01	  -4.2373398652674012e-02	  -1.4702902206472891e-02	   2.0458353888838671e-02	  -1.1772438534993722e-01	  -1.1111063773967203e-01	  -3.4815311749063091e-02	  -5.7825580087690752e-02	  -5.2963705661732613e-02	  -8.8979103340312657e-02	  -6.0117076753604504e-02	   1.1419974524057715e-03	  -1.0206942073815796e-01	  -1.7709803868911286e-01	   2.4706937607370094e-01	   4.9545603949843531e-01	   6.4455629940454640e-01	   1.2181280350076529e+00	  -1.5501208661959098e-01	  -6.9893712935024860e-02	   3.5043878350829183e-01	   5.8579086121147461e-01	   4.2878148069799914e-02	   1.1974188636963383e-01	  -1.7225626554619639e-01	  -2.2646913047237138e-01	   1.0824945323889611e-01	   4.5932789859146517e-01	   1.7657921547255051e-01	   1.9105759159851479e-01	   1.2187144507123290e-01	   2.1600315460277303e-01	  -6.0376442997659763e-02	   6.1098525346290948e-02	  -2.3951375813040685e-01	  -2.2399725952041688e-01	  -8.6145244294275974e-02	  -4.8595784617299125e-02	   7.8663838075198708e-02	   3.4429639317230970e-01	   1.3418762504348175e-01	   3.8672010055292189e-01	   1.1085653889375580e-01	   3.8120249472031098e-01	   6.5222295457551127e-01	   4.1839066729874597e-01	   9.8422797560634001e-01	   4.6577949654313300e-01	   8.8110955548026015e-01	   4.2189345417629553e-01	   1.9132122116372902e-01	   9.4476695628375795e-02	   1.3410573507018458e-01	  -2.0554343745933977e-02	   2.8772321258180872e-01	   4.9524163165132401e-01	   8.4104059891226313e-01	   4.4502768147354432e-01	   2.8353643809261708e-01	   4.3492729341224518e-01	   3.0512050082239717e-01	   5.4830740028732797e-02	   5.1831165397115109e-01	   5.8483576761238243e-01	   7.7216926003825223e-02	   1.3623612656363948e-02	   7.9983823837258369e-02	   2.8306458737448303e-01	   8.7587045909363237e-01	   1.3556219401823386e-01	   1.4025947785506956e-01	   8.5354860250397166e-02	
   5.5053190220415993e-02	  -2.8969964575210716e-01	   4.6808408485271352e-01	   6.1555341542577346e-01	   7.1394452263602493e-01	   9.2829381186129822e-01	   7.4527675050309594e-01	   7.9521075681269193e-01	   0.0000000000000000e+00	   1.0536444507529399e+00	   6.1400377827597341e-01	   2.1427424653822039e-01	   4.7921061351679439e-01	   3.5222753313831495e-01	   3.0984627326885050e-01	   5.7488398004509311e-01	  -4.0543790009064784e-01	  -4.5585067259677198e-01	  -1.5341568235817007e-01	  -2.3070115991363160e-01	   8.8778475836956597e-02	   4.8786009253573109e-01	   4.6276475361512104e-01	   7.8061877947019265e-01	   2.2479501564122464e-01	   3.9721388401303015e-01	   5.8023707736557661e-01	   7.5816966240698513e-01	  -9.0345723019740559e-02	  -1.2981318094417746e-01	   1.0269090134926305e-01	   4.2746822036691989e-01	  -9.5537332434799199e-02	  -1.3664441718726297e-01	   1.2235432658740655e-02	   5.1170634586768626e-02	   2.5969333131464406e-01	   3.1892339832469085e-01	   1.1889758061482111e-01	   7.9874446832240806e-02	   2.9580816648679880e-02	   5.6141356149619979e-02	  -7.2738760548391596e-02	  -2.1184882370924626e-01	  -3.5618573404365750e-01	  -4.1717195877862712e-01	  -3.4471282803058567e-01	  -2.5887596090430320e-01	  -4.7203015930966330e-01	  -4.6475928536069394e-01	  -2.5844262601884344e-01	  -3.1370684835732876e-01	  -3.9277785914306612e-01	  -3.8312907301396065e-01	  -3.2921400111887333e-01	  -2.0498063079090348e-01	  -3.7567928467598743e-01	  -4.3176056555525683e-01	  -1.1572987929479936e-01	   3.2280176959350697e-02	   3.1221624102074214e-01	   5.4454165432855128e-01	  -5.5502702421839245e-01	  -5.0307988155878536e-01	   5.3068238593693440e-01	   6.7938173834345794e-01	  -1.0241621339996557e-01	  -1.5072676635222945e-01	  -2.9526315280975274e-01	  -2.7307325348689276e-01	   3.7027277851828133e-01	   5.4307662148117841e-01	  -2.1128872037850079e-03	   3.9444225913157466e-02	   2.0448978247345254e-01	   1.7414275021531006e-01	   8.7776086008331880e-03	   3.4262247285970847e-02	  -5.0037636953926357e-01	  -4.2034264204483768e-01	  -4.0983520846873689e-01	  -3.3284288956042923e-01	   5.1013451744527143e-02	   9.8395858497336234e-03	  -6.3428467199839508e-02	   1.8440092903651237e-01	   1.3713583846664285e-01	   1.9608115355020075e-01	   5.1421207036555150e-01	   1.2439138152685950e-01	   7.8433925406524796e-01	   6.7589880001355229e-01	   9.6571373494944301e-01	   6.1549380739551451e-01	   1.2404552217811714e-01	   5.1754510391836199e-02	  -2.5527776938650420e-02	  -9.2300477366245776e-02	  -9.4903294897985241e-02	   3.2959030624287605e-01	   4.2466463355740869e-01	   4.0736581304730390e-01	  -5.6840007522280682e-02	   1.4268040092093304e-01	   4.9402855432338377e-01	   3.5427639196821142e-01	   2.9247616985446051e-01	   2.7636329271251175e-01	   1.0151852459522683e-02	  -7.9908078308401104e-02	  -3.5536135044621081e-02	  -6.2386942224870061e-02	   3.9880275193930420e-01	  -1.1432880068286680e-01	   3.1367871732691255e-01	   1.1344625725130100e-01	
   2.0837427807537295e-01	  -2.0770660661493265e-01	   2.6522849947431559e-01	   5.1740279075051410e-01	   4.9047934914760594e-01	   1.1519842240044573e+00	   5.5993908061204201e-01	   9.7439270361830077e-01	   1.0536444507529399e+00	   0.0000000000000000e+00	   6.7002866815691775e-01	   4.5157413456958240e-01	   5.5731058232067376e-01	   4.6418723068696660e-01	   1.5782243401254376e-01	   7.5685637810911177e-01	  -3.3532465649013427e-01	  -3.7419762035064336e-01	  -1.8397810884267590e-01	  -2.5412554228535483e-01	  -1.0409665945395651e-01	   3.7466223691880146e-01	   2.1041436534845961e-01	   5.5428273432712505e-01	   2.2132116409602959e-02	   2.3476040887850805e-01	   4.3331039670682792e-01	   7.5282639732859835e-01	  -7.0065450590900108e-02	  -4.6311031707398045e-02	  -5.4403512136079038e-02	   2.8918016591841200e-01	  -2.4668288707906827e-01	  -2.2992215390154264e-01	  -1.3117997469842327e-01	  -2.0052000440004585e-02	   9.7850400388244274e-02	   1.5837142117421632e-01	  -1.0420520292905730e-02	  -1.2477672879183911e-01	  -7.4171981442490750e-02	  -1.2418889384151113e-02	  -8.6493270603573688e-02	  -2.2962161959140315e-01	  -4.0395301891121327e-01	  -4.1976231370749795e-01	  -3.2044057365626977e-01	  -3.0687426097322146e-01	  -3.7657714773714146e-01	  -4.0819535586188072e-01	  -2.1475753776362930e-01	  -3.2254101235781601e-01	  -1.8101487077986789e-01	  -2.0639446263867833e-01	  -3.4770076917039650e-01	  -3.0332547174861757e-01	  -2.9731038215160827e-01	  -3.7847450247118058e-01	   8.6184063116953674e-02	   2.1321971304677123e-01	   4.9671439146235530e-01	   8.7175439603457461e-01	  -4.5685749425583988e-01	  -3.2826749585769172e-01	   2.7596869219273540e-01	   4.5927721375879610e-01	  -2.2941408120444204e-01	  -2.3777402831496830e-01	  -2.9703041055627555e-01	  -3.2990259277840317e-01	   2.3965274799871816e-01	   6.5862390232707013e-01	  -3.2081675657557922e-02	   7.1021319101411309e-02	   7.7276806981805196e-02	   1.6670984014188878e-01	  -6.8615232452989616e-02	   6.2313258774915968e-02	  -5.3481620803646235e-01	  -4.8964685854951034e-01	  -3.0983859183411455e-01	  -2.9117668851270773e-01	  -1.2198936108065317e-01	   9.1054399957433585e-02	  -2.5024208122050310e-02	   1.9109231233063412e-01	   1.0912106070178562e-01	   1.5327257216409618e-01	   5.0536312567943398e-01	   1.8848491426143699e-01	   8.7431999545568240e-01	   5.7801229115226482e-01	   1.0459879590660088e+00	   4.2846001976585596e-01	   2.4476231233878937e-01	   2.1364231656112503e-01	   4.5948690320285505e-03	  -1.2898351217514176e-01	  -7.1870178162653051e-02	   3.3035708549699389e-01	   5.1515790426578811e-01	   3.8446993348357927e-01	  -2.4168828540229302e-02	   1.9185537576851536e-01	   4.2483466787993107e-01	   2.6224375147586459e-01	   4.0509750799769373e-01	   4.1328545202955447e-01	   1.2541632708717662e-01	   8.1987335726238397e-02	  -4.1478773650620263e-02	   1.9687681690308205e-02	   5.4415000416888615e-01	  -1.2549043612302654e-02	   2.8478700375954491e-01	   2.6283008315298378e-01	
   4.9302140932057748e-01	   4.1009933136112960e-02	   3.1090301732994929e-01	   4.7669561707235703e-01	   1.9848149444066654e-01	   3.7992966046246890e-01	   5.9865173776185943e-01	   8.1239858765044659e-01	   6.1400377827597341e-01	   6.7002866815691775e-01	   0.0000000000000000e+00	   6.4354142149156757e-01	   1.0052794136999470e+00	   6.8942987505841424e-01	   3.8781282763907776e-01	   5.7549549019680135e-01	   3.9993626479900976e-03	  -1.2207367965786112e-01	   2.0603352601019662e-01	   7.9097833988192978e-02	  -3.7492100016540693e-02	   1.2058595335917358e-01	   2.7201773917186062e-01	   4.2191730968288532e-01	  -6.3485511539807263e-02	  -2.1634724104579875e-03	   1.8749790911585590e-01	   2.4704141280275477e-01	   9.5325253461903431e-02	   6.8296984125502863e-02	   4.6371599923394347e-02	   3.2489455092920372e-01	  -9.6668175724132860e-02	  -6.2486626122040423e-02	  -2.4526005966504955e-01	  -1.8587058749961027e-01	   6.4297462857758225e-02	   1.5509612233988412e-01	   7.1663991381643491e-02	   1.6724182846477401e-01	   1.4216722745197963e-01	   8.2723797732010454e-02	   2.9228356895116864e-01	   2.6343965426660998e-01	  -1.0260042975866261e-01	  -5.9744070850681341e-03	   6.0477478874822924e-02	   1.8174701805367258e-01	  -8.8650917356478093e-02	   3.5824012333601385e-02	  -4.7057076849276715e-02	   2.4526648421167443e-02	  -6.5008986495205118e-03	   6.0415339575927611e-03	  -8.5219699128135568e-02	   1.2302919675844431e-01	  -8.1419020790717139e-03	  -1.0051278749763135e-01	   3.6331805403609413e-01	   4.3675869742443080e-01	   7.1328130509710463e-01	   7.8339122802583838e-01	  -1.8399496728748532e-01	  -1.7264369128064019e-01	   2.0875886225480952e-01	   2.8563554174586753e-01	  -3.7384320197264939e-02	  -8.1698435187219476e-02	  -1.1114911740888615e-01	  -2.3744485916132038e-01	   3.6806894880652286e-01	   5.5893104671736071e-01	   2.1732593945967768e-01	   2.5991545872928251e-01	   2.8983124698222396e-01	   4.0779579143772798e-01	   2.4106372528154318e-01	   2.3050279100845153e-01	  -1.7778962339888585e-01	  -9.5124656134439295e-02	  -3.7881915106535477e-02	  -5.1556268527678919e-03	   1.0144067840205809e-01	   3.3389137202740971e-01	   5.0468694446625009e-02	   2.8889986298808673e-01	  -1.3343543402151187e-03	   3.1570274318774888e-01	   5.6508175788174309e-01	   4.5238390305103982e-01	   5.3108963508209761e-01	   4.9633350164048312e-01	   4.2134400040081366e-01	   4.5768298434030008e-01	   3.2604958469598599e-01	   2.0260050904365468e-01	   9.7847436617293379e-02	   6.5410259996159764e-02	   2.5867833660892370e-01	   6.4329264018925170e-01	   5.2639802278530479e-01	   5.0989854880603058e-01	   1.3594047412400931e-01	   3.5824677326089893e-01	   1.6384031049752137e-01	   3.6751906517365845e-02	   3.8095360666208444e-01	   3.9635250504760444e-01	   2.1788885038132902e-01	   1.6505063431562703e-01	   1.0762467780151481e-01	   1.8855162858728883e-01	   5.4467164623536624e-01	  -2.6810116692153704e-02	   4.9384847628943275e-02	   6.8369903308492255e-02	
   6.5486083832000253e-01	   5.4438626752300689e-01	   2.2943066883697492e-02	   4.8925697394155632e-01	   7.2391112028929824e-02	   3.1103584330532319e-01	   1.4780200365812754e-01	   7.9270985143921924e-01	   2.1427424653822039e-01	   4.5157413456958240e-01	   6.4354142149156757e-01	   0.0000000000000000e+00	   5.6861232889608260e-01	   1.1623359003468534e+00	   2.6472033711446835e-01	   9.5623046437309489e-01	   4.5475310901482813e-01	   3.6265581679761671e-01	   3.7366909457070263e-01	   4.2635789513275002e-01	  -8.0586806180078074e-02	   1.9109035992207582e-01	  -4.6296528509941259e-02	   3.0354865035099299e-01	  -4.6060496639815769e-02	   1.8383755257459206e-01	   8.2267749295336409e-02	   1.4144011904410209e-01	   4.6699634939140278e-01	   6.1924308886680735e-01	   1.0461782064787968e-01	   4.5007178807263121e-01	   1.6032965286947767e-01	   2.9732392669404423e-01	  -2.0411549059581816e-01	  -6.3956440119943309e-02	  -1.6249636411977103e-01	  -8.5285074135660902e-02	   4.9002401868027418e-03	   1.4914444894570003e-01	   1.0881300605898811e-01	   2.3454841040673291e-01	   2.6597391632558942e-01	   2.5971844967060326e-01	   8.3636644309142222e-02	   2.0269298227749707e-01	   3.0206892872722207e-01	   3.5121982306694227e-01	   2.5788192140860733e-01	   3.0830794087875157e-01	   3.1046868837124575e-01	   3.0046342378428814e-01	   3.8604045017515315e-01	   2.7279254896166105e-01	   3.2382852709265841e-01	   2.7969948229308683e-01	   3.8380287729650897e-01	   3.0331046718132137e-01	   7.3753183237722464e-01	   7.7124915663924587e-01	   5.8124768539197269e-01	   7.2879549355387974e-01	   3.0968461336753195e-01	   4.7220867677970907e-01	  -1.7640637439554357e-01	   3.4866950902926880e-02	   2.2720117430207443e-01	   2.1175445747006938e-01	   2.0482677939647301e-01	   2.8226672242849769e-03	  -1.5746631965466945e-01	   3.0173327092525376e-01	   2.7698803623667595e-01	   5.1196414766108567e-01	   1.3238227695449142e-01	   4.6672078395704469e-01	  -4.9565621729203070e-02	   1.8476084914673482e-01	   2.3390788268079163e-01	   2.2415395702186836e-01	   4.4860255953914757e-01	   4.6453917478427986e-01	   2.1677503870320722e-01	   8.1372353441292633e-01	   2.9016405533806328e-01	   5.5600377309132487e-01	  -1.0549894259001286e-01	   2.7031581822241540e-01	   3.9280235588632179e-01	   5.2897010313039527e-01	   3.7950072061162288e-01	  -7.6066751670614385e-02	   3.4069427645489397e-01	  -5.0965498090329651e-02	   7.5981941728160349e-02	   2.1234583301681799e-02	   1.0612740775187592e-01	   2.6512337800452049e-02	   5.4569867286986973e-01	   2.8678603762860677e-01	   5.6872509432417118e-01	   1.0256811579862912e-01	   4.4761375807250592e-01	   3.8716813656422266e-01	  -3.3463485711834821e-02	  -9.7633111411487394e-02	   2.5982977527562745e-01	   2.6623869646457032e-01	   7.7241337111324818e-02	   6.4517823136628530e-02	   1.6971799444584446e-01	   4.1567474141395483e-01	   5.5128638433222432e-01	   2.0076238170824245e-01	  -2.2083744160559368e-01	  -6.3589910031447705e-03	
   3.1736568314387370e-01	   2.5952097038999443e-02	   3.3215361066843130e-01	   4.7716383922514516e-01	   4.4871380003232153e-01	   3.7374391015719194e-01	   7.2844602308446949e-01	   7.2540176861423489e-01	   4.7921061351679439e-01	   5.5731058232067376e-01	   1.0052794136999470e+00	   5.6861232889608260e-01	   0.0000000000000000e+00	   9.1809123646292035e-01	   5.3378763568815824e-01	   5.9356725976858349e-01	   1.0140739329615111e-02	  -1.1262309247964725e-01	   5.7771518415673052e-02	   7.1089340750202998e-02	   1.2594307940738636e-01	   2.7858313869052076e-01	   4.5858808871078349e-01	   6.5731381471850192e-01	   2.2142568732545653e-01	   3.4654301983592706e-01	   2.9893683782245933e-01	   4.0784914033361969e-01	   2.0357382006931890e-01	   1.7972194827131646e-01	   2.9199893378019992e-01	   5.0282108686427229e-01	   1.2993434560622388e-01	   1.0432295250333394e-01	   2.7354025790548187e-02	   7.5632050272523538e-02	   1.2925664528390282e-01	   1.2921376009144034e-01	   4.0316354941678234e-03	   2.0244545616715355e-02	   2.5563012177752248e-01	   8.0148403338686391e-02	   1.5565240993690835e-01	   1.2204160060619018e-01	  -1.7884813721056630e-02	   9.4394382665929505e-02	   1.8082054981364790e-01	   1.9495961424754893e-01	   3.0417082311232246e-02	   1.5712546439202657e-01	   1.7904861666118324e-01	   1.7044521547926927e-01	   2.2758275431432584e-01	   1.7538999098677063e-01	   1.3202753326569150e-01	   3.2043375197412005e-01	  -4.1554356940420256e-02	  -1.3667867102049103e-01	   2.1126204824075778e-01	   3.1417095846054405e-01	   5.8331541880537996e-01	   6.7494856483847276e-01	  -1.1280688895447692e-01	  -4.5614435475795530e-02	   2.7697149454480929e-01	   3.3786951612300337e-01	  -2.9120311975961478e-02	  -5.4308206621661616e-03	  -1.6451151755929375e-02	  -1.3801761217546712e-01	   2.4996619514179524e-01	   4.6182679761497891e-01	   1.5330177570505624e-01	   1.7089990814239397e-01	   1.6862390475862907e-01	   1.9171803446168151e-01	   1.1523661029049363e-02	   5.1842082284852549e-02	  -1.5452560347913194e-01	  -7.9967991801309563e-02	   4.6544497509970854e-02	   1.3472159336845771e-01	   3.1540525210485937e-01	   4.7246866233475260e-01	   2.6677971665865940e-01	   6.0368137778525455e-01	   1.1186255512930986e-01	   5.2969574415115905e-01	   7.9812988627518344e-01	   5.2698917638810339e-01	   6.8477360752286454e-01	   4.4758215342796803e-01	   4.6376930235552066e-01	   4.2988431065911881e-01	   8.5967044532246809e-02	   7.0244946206662967e-02	  -3.3056733973791878e-02	   1.3211696086225980e-02	   3.3742033669093535e-01	   4.2454827595375066e-01	   3.9871383989457299e-01	   2.8068017816155533e-01	   7.9911324662307534e-02	   1.8383682403603321e-01	  -1.5258162506797830e-02	  -3.0597280985961504e-02	   1.4145681328330689e-01	   3.1407586933118614e-01	   2.1116133215646327e-01	   7.0387595720422663e-02	   1.3338941742449597e-02	   1.3340764392664206e-01	   3.6749469766419002e-01	  -5.7543646179262962e-02	  -5.4125842218120959e-02	   1.5789137402955462e-02	
