   0.0000000000000000e+00	   1.3848859776687186e+00	   1.0652207117269834e+00	   7.0053023678400650e-01	   7.3856779653241522e-01	   6.5001512285941043e-01	   9.1624445974333857e-01	   5.4743995465075224e-01	   6.6659740376536247e-01	   3.4192389364759668e-01	   1.3570142751703793e+00	   8.3820290886917637e-01	   7.8133815736997836e-01	   7.6306406383627001e-01	   1.0204540439596950e+00	   7.9115220440468104e-01	   2.4582699065678076e-01	   2.2125691304975173e-01	   5.4453578910058986e-01	   7.3160393846450900e-01	  -3.0170496483368617e-02	  -1.8028097534578835e-01	   8.3562777420464240e-01	   7.7443577667057584e-01	   3.3273084755651444e-01	   3.1162273812679703e-01	   1.8542168193740372e-01	   3.4788982381995220e-01	   4.2140244512914649e-01	   3.5749719462715857e-01	   3.4727163538462025e-01	   3.2113270117917164e-01	   5.3298706275675378e-01	   6.2362794328925120e-01	   1.7763791427751041e-01	   3.4015036488013711e-01	  -1.5601901645743302e-01	  -6.3042114182747466e-02	   1.2597849405182590e-01	   1.0554748554834213e-01	   4.4027119294614964e-01	   2.4706308823384204e-01	   4.5215985710268186e-01	   3.6785303856384527e-01	   6.8655194065127947e-02	   2.2831473154160387e-01	   4.5556260507155910e-01	   7.7131304630817377e-01	   7.8910467001225171e-02	  -8.1321712850594887e-03	   4.5782661774425637e-01	   1.4349177955781608e-01	   4.2491660713175949e-01	   4.7297610164442305e-01	   5.3239207233862240e-01	   6.0423186944613072e-01	   9.3377652234043551e-01	   7.2786870593769815e-01	   9.7014601272483514e-01	   5.9035949267784049e-01	   9.6631034249224679e-01	   5.9415222627032005e-01	   1.0129850056993732e+00	   7.5385804928281674e-01	   6.3403876723720520e-01	   4.3820419600019556e-01	   7.2246847450520146e-01	   6.8268646358163654e-01	   6.6351034110126161e-01	   6.0104886232405286e-01	   5.0367398762870086e-01	   4.2801085957426493e-01	   7.0639448635946889e-01	   5.9969064474625666e-01	   9.6791859497693389e-01	   8.6369005002351684e-01	   7.8706468054328393e-01	   4.6312219750141520e-01	   2.4730319281680013e-01	   2.1274143104899873e-01	   4.5448123840215904e-01	   7.4194318167116358e-01	   9.2260366638020341e-01	   7.4170203656539080e-01	   9.0122144250852299e-01	   1.0110610635351858e+00	   4.3462008386400697e-01	   7.3548130893768360e-01	   7.4225381135224378e-01	   9.5135278976182325e-01	   5.6309301402661693e-01	   5.6590928347899894e-01	   5.6139270217821724e-01	   6.5430520784056556e-01	   3.3549987612815463e-01	   2.7044276150620067e-01	   6.2530260455000897e-01	   6.3116032150564394e-01	   8.8189042436872012e-01	   9.0707470045786065e-01	   6.3786200612799160e-01	   5.9994426934962009e-01	   8.0295985688016891e-01	   7.0495634252096173e-01	   3.9597066675503256e-01	   1.9112173662070112e-01	   2.8964989957778770e-01	   3.9707571368998235e-01	  -2.5401721844578468e-01	   5.1131089011576958e-01	   5.1281610685147605e-01	   5.7603894390444532e-01	   6.3482520258884723e-01	   7.3385509697908113e-01	   6.3873402706181237e-01	   1.1269341290407388e-01	
   1.3848859776687186e+00	   0.0000000000000000e+00	   7.7605669624806151e-01	   6.7420157993436869e-01	   5.2513703548816237e-01	   5.1892799732882422e-01	   7.4931252379703372e-01	   5.3013341027981931e-01	   4.7856898466923459e-01	   2.8918934536393592e-01	   8.8354295348254908e-01	   7.8781457676463962e-01	   5.6255893521877720e-01	   6.4790358625223354e-01	   7.1510946703911238e-01	   6.8566911998715974e-01	   4.2496280948920623e-01	   4.3191093677334630e-01	   4.9159887159001803e-01	   8.3091837873601149e-01	  -4.2402952158349543e-02	  -1.7454158723271718e-01	   6.6200923591411620e-01	   6.4789221431376520e-01	   2.9723851198023965e-01	   3.1321407494109177e-01	   1.0630031096959099e-01	   2.9802538153424635e-01	   4.2973902176841533e-01	   4.4217913920974611e-01	   3.5434510642631534e-01	   3.2077392451782211e-01	   6.4530683466621808e-01	   7.0516764020903311e-01	   1.7600169448536884e-01	   2.3051045477046930e-01	  -1.4033213472538722e-01	  -1.3495857506818945e-01	   5.8633135960618227e-02	   6.0673690968289153e-02	   4.4915698261015319e-01	   2.4875133352868206e-01	   3.5751695386141646e-01	   2.7992209359975806e-01	  -1.0269914450124621e-02	   1.8975368399566381e-01	   4.2668128205890671e-01	   6.3836680964105641e-01	   6.2671806313269379e-02	   6.6316152135632812e-04	   5.7361360586790022e-01	   3.0312485926624422e-01	   5.4775282303785500e-01	   5.7205716004327201e-01	   4.8426406651633291e-01	   4.9975082057613157e-01	   1.1069069629260204e+00	   1.0203025989476660e+00	   7.5035741471116513e-01	   6.5960112130226656e-01	   7.4005319478488807e-01	   6.0677562011172936e-01	   8.9698142720064422e-01	   8.2985275899261091e-01	   5.4032695499302574e-01	   4.2320300099249752e-01	   6.1535269341179477e-01	   6.3210639318308337e-01	   8.2387230166345615e-01	   7.0745832852580826e-01	   3.7674114980546664e-01	   3.8166028835455984e-01	   6.8902950384603434e-01	   6.4971489267277871e-01	   8.0073275565088253e-01	   8.1632581790959313e-01	   6.9854199790968874e-01	   4.9428827492382460e-01	   3.7103413970738186e-01	   2.7814606470556996e-01	   5.9716440218782096e-01	   8.9465482540738694e-01	   7.9439747144148054e-01	   8.9266643604789186e-01	   6.8317135264608675e-01	   8.9651897626776644e-01	   2.6111853165859000e-01	   6.4011302580585105e-01	   5.6414870686996688e-01	   8.4511821804061693e-01	   4.6339885757963412e-01	   3.4651589782350439e-01	   4.7250850068857797e-01	   4.7320727104757121e-01	   2.4409691005246659e-01	   2.3643246557376138e-01	   5.5953128634690885e-01	   6.7141620385472800e-01	   7.8703914004060627e-01	   6.0863015064313775e-01	   5.6709605624738102e-01	   4.1877450451460518e-01	   7.8481849785474145e-01	   6.4972755249787917e-01	   3.2020598462203259e-01	   1.0919154097390639e-01	   3.0944957444862542e-01	   3.6979435832246604e-01	  -3.1717639104167922e-01	   4.7746195496032601e-01	   4.5966781096493453e-01	   5.4955999361396812e-01	   5.8008638469596463e-01	   6.6530866164881786e-01	   4.8389425072254783e-01	   3.9057050142820543e-02	
   1.0652207117269834e+00	   7.7605669624806151e-01	   0.0000000000000000e+00	   9.9064102461382253e-01	   8.0699612255247877e-01	   8.4048387228356325e-01	   1.0574923981752142e+00	   6.7112713619701236e-01	   7.6907629076812711e-01	   6.1983145211321444e-01	   9.4372163792096919e-01	   5.6118342531276078e-01	   5.0488814732823994e-01	   5.8037550333253163e-01	   1.1060955062837592e+00	   1.0294074900331283e+00	   9.7030097765776605e-02	   9.8057284132424261e-02	   3.4813653211237916e-01	   4.3363529665953021e-01	   2.1982343797449636e-01	   1.6202238108418349e-01	   1.5472064638372902e+00	   1.1961291867408483e+00	   3.9852257573490224e-01	   5.8508778302618003e-01	   2.2102389912418804e-01	   5.6705756651562611e-01	   4.9084124390292139e-01	   4.1437777517729280e-01	   6.2906699786754638e-01	   6.5679802777120799e-01	   6.5132406824960343e-01	   6.9751433414573516e-01	   5.4402653706573456e-01	   6.5422063557445809e-01	   7.8284827186709455e-02	   1.4312417049262552e-01	   8.5161974226077700e-02	   7.7221673826491047e-02	   5.1124026748405738e-01	   4.2398042001806241e-01	   7.6029842695774874e-01	   6.1446618616883342e-01	   2.6119672361592700e-01	   4.7046846433922124e-01	   6.0746409026002512e-01	   9.1767430181890641e-01	   1.7383893091684413e-01	   1.7620931466385489e-01	   2.3370342970807148e-01	   9.3000952879250288e-03	   3.8560840804209784e-01	   3.7433609233848042e-01	   3.4827599409867377e-01	   4.2444360454031671e-01	   5.4570845333579776e-01	   4.3682311445272987e-01	   6.7710514977731739e-01	   4.7114463065666878e-01	   6.1385825296659102e-01	   4.8991331602348226e-01	   7.2585565488931469e-01	   4.1198671599979531e-01	   7.8379795145044340e-01	   4.7656293801434169e-01	   1.1275090864480486e+00	   9.8000123159538488e-01	   5.5645003302494134e-01	   4.5171393579293212e-01	   5.8226656954798839e-01	   6.3201902927152331e-01	   6.0290007497564968e-01	   5.3388156100041995e-01	   6.9414246977368177e-01	   7.1269542094033778e-01	   6.8892301850937909e-01	   4.2654349590761165e-01	   1.6107760052719286e-01	   2.3989887535260593e-01	   1.9709667092891084e-01	   4.2047805064201405e-01	   8.1515371669932268e-01	   8.6497614317098170e-01	   8.9442148195363935e-01	   7.1073139520917561e-01	   5.5099174688349650e-01	   7.8294557120404262e-01	   6.0694611289963607e-01	   7.2139215496035214e-01	   7.7022158128924356e-01	   7.2176753386096271e-01	   6.7989452962923369e-01	   8.1156935863917457e-01	   2.8734228527917571e-01	   2.5995344790840980e-01	   4.1744388977976299e-01	   3.4972854231696293e-01	   7.8404524839089984e-01	   7.2147405653855634e-01	   6.0945819203099205e-01	   5.9875008604200530e-01	   7.6435304821206584e-01	   7.7771375681997101e-01	   3.6141173713863090e-01	   1.3279551958257291e-01	   2.5626727115406150e-01	   2.5673455720952104e-01	  -7.0926846525714182e-02	   3.2074591432028754e-01	   5.6167628484873922e-01	   5.7484742043046633e-01	   4.6419967354840197e-01	   5.8497413064892234e-01	   5.7230607102915165e-01	   2.3042851620806732e-02	
   7.0053023678400650e-01	   6.7420157993436869e-01	   9.9064102461382253e-01	   0.0000000000000000e+00	   4.4162518564513081e-01	   9.3226880382619959e-01	   9.6679381728076197e-01	   1.5259112676543767e+00	   5.4772039239116266e-01	   7.4410648739413354e-01	   6.0713338459134603e-01	   7.3165044468977725e-01	   3.1611409320163109e-01	   6.1265515376403090e-01	   6.0432928323602486e-01	   1.2541031176706359e+00	   3.7415458321802292e-01	   3.2416398024471543e-01	   4.4323010576289750e-03	   2.9392983716270465e-01	   2.3659642916257179e-01	   1.4533576253315408e-01	   9.9882100572547150e-01	   1.3476621580959141e+00	   1.4113881322516422e-01	   5.9218736507168779e-01	  -4.4017069830581512e-02	   3.9198899519392638e-01	   6.0471455607082003e-01	   6.8363734755590677e-01	   6.9254716713218467e-01	   9.1324297778101049e-01	   8.1673673347973086e-01	   1.1003504499636760e+00	   5.9623732050324396e-01	   6.4249009478026264e-01	  -3.3732772652392738e-02	  -2.5225263520671296e-02	  -7.3973490819711371e-02	  -1.3805439940605330e-01	   5.2008859509637484e-01	   5.2630987123097650e-01	   5.4732453173235263e-01	   4.4727168180932181e-01	   1.1259980904104257e-01	   3.1289184114264668e-01	   5.8171864161699027e-01	   7.7918429944693635e-01	   7.6660368227229658e-02	  -1.5583681096178147e-02	   3.3711398260418628e-02	  -4.9554169686249462e-02	   2.8916705962861644e-01	   2.4960916946507092e-01	   1.3996330731595436e-01	   1.6131419946987760e-01	   4.5645658770407394e-01	   3.8882815691121037e-01	   4.4527877496627610e-01	   6.6758030936578572e-01	   5.1018836880562801e-01	   9.8179271538356061e-01	   7.2140537750632494e-01	   7.0294362709298064e-01	   6.4188054034765418e-01	   1.0537754437210014e+00	   9.2295266270203891e-01	   1.3671877926144871e+00	   3.8272907144140067e-01	   2.4270356954116495e-01	   4.4136948113722696e-01	   6.1361533150041425e-01	   5.9397070889332848e-01	   7.8039240181652736e-01	   6.4914800608881884e-01	   9.0785804412568727e-01	   8.5827837540918872e-01	   8.0270935651350561e-01	   4.8522375236254833e-01	   4.5082168330925265e-01	   3.7031252358660555e-01	   4.4824288576023541e-01	   5.7689631517596007e-01	   8.3545291017856471e-01	   4.5103263550586714e-01	   5.6964909788506923e-01	   1.4991824058702552e-01	   4.6827485509966416e-01	   2.5048880500966292e-01	   6.5397227362239962e-01	   1.3653388790577814e+00	   5.0656377832168398e-01	   1.1574560882558684e+00	   5.9823691421844460e-01	   2.1532710986184062e-01	   2.0794981307834473e-01	   3.4791508813264449e-01	   2.9776854777676376e-01	   9.5760755162939648e-01	   5.9009377006507446e-01	   1.0292858440015282e+00	   4.7914996730768916e-01	   9.1268833390663240e-01	   8.4445530811987091e-01	   3.8751220059684149e-01	   2.6722883077019044e-01	   3.0981199074750404e-01	   3.1628469526529662e-01	  -4.0664516976549804e-02	   4.1620300123486736e-01	   5.2777346438930106e-01	   6.4305566613726128e-01	   4.7298150533472638e-01	   5.2811116251278101e-01	   4.7953742342961281e-01	  -1.3041685459608288e-01	
   7.3856779653241522e-01	   5.2513703548816237e-01	   8.0699612255247877e-01	   4.4162518564513081e-01	   0.0000000000000000e+00	   8.6657209252994227e-01	   8.3351736128375431e-01	   4.1881147215155146e-01	   1.2844843961633423e+00	   7.1351303562430834e-01	   7.8829928870019961e-01	   3.9288829292919114e-01	   6.1839204758941613e-01	   4.0131473621695518e-01	   1.1044583136969506e+00	   6.0368877500779916e-01	  -3.1350252792246500e-02	   8.1215704766402871e-02	   2.5379320330255745e-01	   2.4058458138390096e-01	   1.0874924145188382e-01	   1.0692820725454025e-01	   6.4474580246701896e-01	   4.6297476241115776e-01	   4.0039068490831431e-01	   3.9260837518969915e-01	   3.5495241351688472e-01	   2.6388255184499432e-01	   4.9097187356815997e-01	   2.9300189036748775e-01	   4.0095485250446677e-01	   3.6263247952334687e-01	   3.8710157694772496e-01	   3.4386148621110063e-01	   1.6182117650724182e-01	   4.0858647543631155e-01	  -1.8826547593850954e-01	  -8.1140588196259161e-02	   8.9546146396268775e-02	   2.1661621018157298e-02	   1.5063790063843946e-01	   1.9982891585588541e-01	   2.3466336015722278e-01	   1.4113900106151461e-01	   1.4214116737135538e-01	   2.7084967618816669e-01	   2.6449665770897995e-01	   4.4595854873420682e-01	   2.1821016466229590e-01	   2.3619165343464651e-01	   1.5946553749112719e-01	   3.6509743129940313e-02	   2.2884120212863324e-01	   3.5708908962671765e-01	   2.5205389781002696e-01	   3.0239194191993379e-01	   4.9340003275913186e-01	   3.7896101758047918e-01	   8.0333386316153477e-01	   5.6737690453075962e-01	   7.9220445847474341e-01	   5.0732904257775435e-01	   5.7909435154264621e-01	   3.2032511030819211e-01	   3.7734525227638266e-01	   2.4426770342257387e-01	   4.7027088903452136e-01	   3.6389895652535809e-01	   4.1668022029308277e-01	   2.8480439482564085e-01	   4.6409659271398129e-01	   2.8776646266468631e-01	   3.7113514335433162e-01	   2.8746117404011140e-01	   3.7195173628383560e-01	   3.5622408803165662e-01	   2.0335236213927022e-01	  -1.5881707905113129e-02	   5.4284346499128520e-02	   8.0036701231381027e-02	   1.7217582897000683e-01	   5.0322120049923436e-01	   5.2489411495038818e-01	   5.0170223322325336e-01	   4.5363403794729884e-01	   4.0838332136319128e-01	   3.0756468453990304e-01	   4.5085010313351526e-01	   5.6877475880177697e-01	   6.6370840549352650e-01	   2.9824166906769434e-01	   3.8439949660013439e-01	   3.0069972309351650e-01	   4.1408703604490982e-01	   1.0170218471563942e-01	   4.8410208626114268e-02	   2.0100090152718503e-01	   1.5479518881142526e-01	   3.8906702923406883e-01	   4.0809720007409012e-01	   4.0616139992421402e-01	   4.5361549475237939e-01	   3.7846539994330020e-01	   4.5057380113926582e-01	   1.1130709949653647e-01	  -4.3385214052266662e-02	   4.8057901893302543e-02	   2.4278746706229659e-01	  -1.9070667803419650e-01	   3.0708823991857359e-01	   2.8101891791603317e-01	   2.9762668856293367e-01	   3.4141301899004850e-01	   1.8729427042699459e-01	   1.4299256969140517e-01	  -1.1748741513832447e-01	
   6.5001512285941043e-01	   5.1892799732882422e-01	   8.4048387228356325e-01	   9.3226880382619959e-01	   8.6657209252994227e-01	   0.0000000000000000e+00	   7.2878180636850631e-01	   7.7066098290478768e-01	   1.0292070391829069e+00	   1.1132180854414380e+00	   6.0370528408149493e-01	   4.7847905855715456e-01	   4.0930948166797587e-01	   4.2371217973713482e-01	   8.1273277545953426e-01	   9.2513716208107943e-01	   1.1775293002079798e-01	   1.1537931397098967e-01	   8.3500451672150797e-02	   2.1782362695478000e-01	   1.7358923560573492e-01	   1.9565533469363933e-01	   8.4780250308336791e-01	   8.9419727464733501e-01	   3.3453754859360968e-01	   7.5565104737973954e-01	   2.1431909004299804e-01	   4.7173420368236807e-01	   4.5450212489263642e-01	   3.7053737760691907e-01	   5.0150591093976993e-01	   6.4232918655552607e-01	   4.3056131762407107e-01	   5.2807379310035407e-01	   4.0473135779676284e-01	   5.8630788059509364e-01	  -1.4247784432341221e-02	   6.7290463352708163e-02	   3.5324880677629844e-02	  -8.3277419545254458e-02	   2.9883553484236769e-01	   3.7844776527281976e-01	   4.9294945045411498e-01	   4.0562813441493029e-01	   3.0787528064019865e-01	   4.0489389694017225e-01	   5.8589238671235255e-01	   6.6983420402239857e-01	   3.0763837857520837e-01	   1.7845207933765689e-01	   4.9956337080077871e-02	  -8.0767413650003991e-02	   1.9734333253317024e-01	   2.9858841104150996e-01	   1.7786660888540171e-01	   1.9710550545888197e-01	   5.1500952729570959e-01	   4.0300631085542288e-01	   5.5908600449016799e-01	   5.9356017438839892e-01	   4.8836034094387359e-01	   6.0723673715630810e-01	   4.6609570869026440e-01	   3.8957524843193830e-01	   5.6971213849322255e-01	   5.6833028525067408e-01	   7.1586173049713864e-01	   6.9880259362470432e-01	   3.7834988527715802e-01	   2.2709412913900240e-01	   3.6343064825281979e-01	   6.5940591166700857e-01	   3.8031759050927844e-01	   4.5076158125630217e-01	   4.5392098586971485e-01	   5.3112999379685299e-01	   3.5177785567721509e-01	   2.1421539659539268e-01	   2.0732245945421052e-01	   1.6848764366191271e-01	   1.7781953162800829e-01	   4.1032268571608177e-01	   4.9868092825089849e-01	   5.7940035230052300e-01	   4.3416772343914661e-01	   4.2626267543273078e-01	   3.5409673817025761e-01	   5.5996676252255262e-01	   3.9193951173547387e-01	   6.3747251993383280e-01	   7.6437743039243311e-01	   4.2266980312461566e-01	   7.2872759709005108e-01	   5.0435255715073268e-01	   1.8521712554057831e-01	   7.8296141663059066e-02	   3.2872893160176703e-01	   1.4414935951831301e-01	   6.9232045307586931e-01	   4.6846203724545266e-01	   6.1869164604480198e-01	   5.2126055587175557e-01	   5.3928398802559618e-01	   6.4519621259274862e-01	   5.1298632099952957e-01	   3.2304829900217463e-01	   1.6677536609104882e-01	   3.2251389569302430e-01	   5.4494845954729663e-02	   4.3956668128419757e-01	   4.8995242356815394e-01	   4.4912600649603979e-01	   3.4737681178243385e-01	   2.8241744476933933e-01	   3.6501638162243011e-01	  -4.9016694893490543e-03	
   9.1624445974333857e-01	   7.4931252379703372e-01	   1.0574923981752142e+00	   9.6679381728076197e-01	   8.3351736128375431e-01	   7.2878180636850631e-01	   0.0000000000000000e+00	   1.0678512461795879e+00	   8.9941886348162314e-01	   6.5192760468247901e-01	   1.0436567226931817e+00	   8.2556246452472160e-01	   8.6744291726101241e-01	   7.9820769291926341e-01	   1.0027767807504411e+00	   1.0441808954960110e+00	   2.5726966339066792e-01	   3.4270707263498995e-01	   1.6605684860847650e-01	   3.1687343297095610e-01	   2.6699160174802006e-02	  -5.9499674177734482e-02	   8.0639752739771486e-01	   7.5952056119383660e-01	   4.2048192346309986e-02	   2.7383872537949111e-01	  -4.2223894869238061e-02	   1.9742629661729894e-01	   6.3073847140494166e-01	   5.1075386762304897e-01	   4.4062557567061539e-01	   4.6355523169601887e-01	   7.5699885696899427e-01	   8.2021554638150507e-01	   3.1066897332776600e-01	   4.0208640433431120e-01	  -8.3998853816839192e-02	  -6.0740109011901300e-02	   9.0427718867972212e-02	   5.7603055600232878e-02	   4.5056667229303032e-01	   3.3451915864550269e-01	   5.9342152615778576e-01	   5.1341348701893907e-01	   1.1665463544206545e-01	   3.0334761655183023e-01	   4.9640458493101258e-01	   7.2166522248021880e-01	   9.2835374218845537e-02	   1.3004997839561113e-03	   1.2027593647054816e-01	  -7.3035566250140585e-02	   1.0504274339616360e-01	   1.5164336604383866e-01	   1.9107262863452834e-01	   2.8558166835336929e-01	   4.9922214509289337e-01	   3.9848186171923133e-01	   7.1129395065650491e-01	   5.9975625609827077e-01	   1.0819821749859830e+00	   7.9634730132982312e-01	   8.6007385507697021e-01	   6.7426142267150624e-01	   7.0108473848217367e-01	   6.9908822755046529e-01	   8.2129209189722674e-01	   8.4159858778850871e-01	   5.2655983634927894e-01	   3.5671194001513479e-01	   4.6340040540313965e-01	   3.5241495997434541e-01	   5.9312124540863409e-01	   5.6573906129343587e-01	   6.8451394452144310e-01	   6.6327541366483067e-01	   7.1966873117799346e-01	   4.8854040909165974e-01	   3.6763557890790555e-01	   2.9325124737792468e-01	   3.9698133525315804e-01	   5.8877589528843688e-01	   6.9640160986294630e-01	   7.3533169904069828e-01	   4.9264184640304032e-01	   6.4953222593781312e-01	   8.3815159991796701e-02	   4.5130764339247781e-01	   4.7986554213635813e-01	   7.5513212345421354e-01	   8.2319938662039915e-01	   6.0903837648693593e-01	   8.4980417642993233e-01	   7.3185125655209327e-01	   2.3176887364854631e-01	   2.3964262976031214e-01	   3.5289693241637171e-01	   4.2339625178244550e-01	   8.0436030112312140e-01	   6.6705606060033107e-01	   8.8167370450093263e-01	   6.6948829958686973e-01	   7.7181134620450575e-01	   8.2950300830569823e-01	   2.5677449552642062e-01	   1.6252275356990711e-01	   3.7019177935863695e-01	   4.5174300853739124e-01	  -1.7014983158611793e-01	   4.1380381901958974e-01	   5.0797982041636214e-01	   7.4689323853288947e-01	   6.0756526200898220e-01	   5.3480856197282356e-01	   4.1497144272221181e-01	   8.6438128206481578e-03	
   5.4743995465075224e-01	   5.3013341027981931e-01	   6.7112713619701236e-01	   1.5259112676543767e+00	   4.1881147215155146e-01	   7.7066098290478768e-01	   1.0678512461795879e+00	   0.0000000000000000e+00	   5.5606459223664584e-01	   7.6200203546735390e-01	   5.2863179136737792e-01	   7.5651255280185226e-01	   3.6835213889132651e-01	   6.5646980284276402e-01	   4.9816342323417528e-01	   1.0692576099727529e+00	   4.7180271319303740e-01	   4.3919985225717550e-01	  -1.2188534271250154e-01	   1.5153297781401448e-01	   2.3405794823713255e-01	   1.1712584436388970e-01	   6.7181860158133344e-01	   8.7516865817816780e-01	  -8.8500377406301137e-02	   3.6512870403588316e-01	  -2.5508876711997291e-01	   1.1681715472445850e-01	   7.2340809313083798e-01	   7.9649984173446031e-01	   6.3470058824692610e-01	   8.1201848590316805e-01	   8.4871722756513557e-01	   1.1452327017775130e+00	   5.0366954145264997e-01	   4.7427889039338311e-01	  -1.5638164858318154e-01	  -1.8843488603521463e-01	  -1.5315379036315316e-01	  -2.4777176391850345e-01	   4.4257539979459082e-01	   4.9201470222160981e-01	   4.8058163185109404e-01	   4.1934169585825293e-01	   1.4125769749824463e-01	   3.1736345940582711e-01	   5.3554964745636169e-01	   6.3546823663224661e-01	   1.4033217664474917e-01	  -3.9918170493002416e-04	  -1.0363735881335577e-01	  -1.6101778157475374e-01	   9.2038267846268937e-02	   1.1115193337600449e-01	  -3.3342924605159523e-02	   6.7649547625405031e-03	   3.3890002367621336e-01	   2.5167818542459630e-01	   3.7074396785460101e-01	   6.3953168400774862e-01	   5.6819095907101136e-01	   1.1158509603482873e+00	   6.6747338106104503e-01	   7.4735763269322042e-01	   5.0426983411546256e-01	   1.1213641835029668e+00	   6.5620576728928692e-01	   9.8388029933048626e-01	   2.7887130165178292e-01	   1.0698523461184709e-01	   3.7645479791688941e-01	   3.7587498248762491e-01	   6.0256226128746360e-01	   8.1078288068523030e-01	   5.8811741171647247e-01	   8.2683562160523949e-01	   7.5422366125017704e-01	   7.6052239366493812e-01	   6.4045853514878082e-01	   4.9915376669429629e-01	   4.4202826106606358e-01	   4.3736816203090217e-01	   4.7607760442290736e-01	   7.1091366181572169e-01	   1.9196416881189848e-01	   3.9274866126206814e-01	  -1.4644613798227951e-01	   1.8998765691165709e-01	   8.5573033730072787e-02	   5.2557403254822632e-01	   1.1914954259717883e+00	   3.6483964017513970e-01	   1.1130494832903257e+00	   4.2718908663077587e-01	   1.3171686234702634e-01	   1.4389713028369833e-01	   2.0618559166023026e-01	   2.4087562443854799e-01	   8.3772596741119243e-01	   4.7599516509823558e-01	   1.1640441312102132e+00	   4.2552416054604930e-01	   7.3999694549363171e-01	   7.2332833954570352e-01	   2.1004128366531169e-01	   1.9240751311543347e-01	   2.5538253054804455e-01	   3.3388052807764573e-01	  -7.0283101021879221e-02	   4.2266729921902035e-01	   4.2474298713333181e-01	   6.7746501305360263e-01	   4.8066503870586896e-01	   3.4348017895218902e-01	   2.9691260672337821e-01	  -1.6048222137045173e-01	
   6.6659740376536247e-01	   4.7856898466923459e-01	   7.6907629076812711e-01	   5.4772039239116266e-01	   1.2844843961633423e+00	   1.0292070391829069e+00	   8.9941886348162314e-01	   5.5606459223664584e-01	   0.0000000000000000e+00	   1.0184710167540001e+00	   7.1951513282990387e-01	   3.5456008335536759e-01	   6.6799985426501496e-01	   3.6650235617974924e-01	   1.0921165573884808e+00	   7.0587980227350133e-01	  -1.2549427077265318e-01	  -7.4819508915477673e-02	   1.8067868717994462e-01	   1.4703980539495792e-01	  -4.6634486023230538e-02	   1.9907964602128334e-02	   6.4225010569912744e-01	   5.3416439824359652e-01	   3.0561286692477169e-01	   4.4181261711206260e-01	   2.4315826099668869e-01	   3.0862339564144464e-01	   3.0944050208763091e-01	   1.6786319702068170e-01	   3.0934161593033010e-01	   3.5354470579953023e-01	   3.1326739602235981e-01	   3.1702315164615896e-01	   1.8509229994225423e-01	   4.4120793507951289e-01	  -2.4369017218160149e-03	   2.0065440514813852e-02	   1.9034093419255893e-01	   6.3743099473529741e-02	   1.7083053246197902e-01	   1.7146892220850396e-01	   4.4375143715443210e-01	   3.3271443396413219e-01	   2.4628529937549121e-01	   3.2929930091828213e-01	   4.8160785322885180e-01	   5.4042144474255838e-01	   2.4547002346647845e-01	   1.8989209221392200e-01	   3.7473415122953324e-02	  -9.8137942887687901e-02	   1.5959542964392514e-02	   1.4390117570048505e-01	   2.2779823995652393e-01	   2.5707826716033505e-01	   3.9592662128445127e-01	   3.3028941724324745e-01	   6.0557199135294271e-01	   4.7066851736096499e-01	   7.0730961064971065e-01	   5.0386792606903019e-01	   3.8149108591689135e-01	   2.3866382509566342e-01	   4.9857620695070842e-01	   4.0956750030709455e-01	   4.8231474566366916e-01	   3.8655686771497216e-01	   3.5793669988284715e-01	   1.7413283103136451e-01	   3.7797537730534037e-01	   3.2322183143137784e-01	   2.6001219070760706e-01	   2.1996675675671856e-01	   3.5378627728109413e-01	   2.7321521334997523e-01	   2.2758728633642999e-01	   2.8094319738129484e-02	  -1.6101175003441107e-02	  -5.2163516511417686e-02	   7.1848548901308720e-02	   3.5226512683110939e-01	   4.9615066851812833e-01	   4.3460580471378463e-01	   3.9968457814420949e-01	   3.5866465369268380e-01	   2.5936987071399004e-01	   4.2610022839565176e-01	   5.7150212626657115e-01	   5.9858813053246651e-01	   5.1233737317807848e-01	   5.6910680330960484e-01	   5.2803278580603663e-01	   6.0676600269560099e-01	   3.1570838328569750e-01	   2.4447993556482184e-01	   3.7642002545272879e-01	   2.5840547113942436e-01	   5.3130778078917584e-01	   4.7973032768820950e-01	   4.5190148970429617e-01	   6.8521784221217485e-01	   4.2115424955296105e-01	   6.1175718499774201e-01	   2.8462728322953262e-01	   2.0381198346981944e-01	   2.3176123179872876e-01	   4.5357775488542257e-01	   1.4980434462966766e-03	   4.5838103104057726e-01	   4.5126144675393787e-01	   5.5559317655820395e-01	   5.1402287211210340e-01	   2.5385364183022158e-01	   2.6174501404017847e-01	   5.1206254410429593e-02	
   3.4192389364759668e-01	   2.8918934536393592e-01	   6.1983145211321444e-01	   7.4410648739413354e-01	   7.1351303562430834e-01	   1.1132180854414380e+00	   6.5192760468247901e-01	   7.6200203546735390e-01	   1.0184710167540001e+00	   0.0000000000000000e+00	   3.2574825677797370e-01	   1.4174668735891757e-01	   1.9443543463556359e-01	   1.2353575242193315e-01	   5.3262049112628485e-01	   6.2718218225802946e-01	   2.0850268802153637e-02	  -5.1090212451469661e-03	   4.4928340428290664e-02	   8.9037401606297042e-02	   1.0169024991800636e-01	   2.4443061489296181e-01	   5.9442432564922287e-01	   5.4953364497559232e-01	   6.0770230760999272e-02	   4.2569389622904608e-01	  -6.1673953707457568e-02	   1.3197470230596881e-01	   3.1839941874986666e-01	   2.8091165697240417e-01	   4.5577681678046184e-01	   5.6826596016069653e-01	   3.6531339665415952e-01	   4.4551644299259840e-01	   3.9772474198009217e-01	   4.9526865070461351e-01	   6.3291398486867536e-04	   2.4529606773241914e-02	  -6.7157587086260254e-02	  -1.2739255033667068e-01	   1.8101534069076372e-01	   2.6002051764151213e-01	   4.4100404718719244e-01	   3.3735394853731671e-01	   3.8889181128285705e-01	   5.3787948368024452e-01	   5.2994367913625284e-01	   5.5009296914873373e-01	   3.3695083449816943e-01	   2.2893017231025403e-01	  -1.5952303552457209e-01	  -2.8756167281205852e-01	   2.0785731978127997e-02	   8.7574502866655940e-02	   3.8507796101994084e-02	   6.1108424750796926e-02	   3.0941646231935627e-01	   3.0299144809641909e-01	   2.8010325419148896e-01	   3.5989223577614221e-01	   2.9422604700723887e-01	   4.7170699324315202e-01	   2.2944449239572026e-01	   1.4380211796725439e-01	   3.9877187562064426e-01	   4.5396097248525880e-01	   5.1339909989054033e-01	   5.2344649679946686e-01	   2.8292160166567315e-01	   8.7851911145475969e-02	   2.0292993701309689e-01	   3.6133101560316211e-01	   2.4374832946813263e-01	   3.1524177976957579e-01	   1.9061383765894641e-01	   2.7662659102072107e-01	   2.2654372473088033e-01	   1.4116930528432420e-01	   1.2631998854964174e-01	   1.2805887212855976e-01	   6.1411067830450444e-02	   2.1271935910767198e-01	   2.4538849301602428e-01	   4.6574125185381487e-01	   2.1901655961925454e-01	   1.0851508375440796e-01	   4.6663728536982987e-02	   2.1672521943158973e-01	   2.0818372568531773e-01	   3.0034573181981888e-01	   6.2920113128120292e-01	   4.3183380684236439e-01	   5.5717995409876409e-01	   4.2774334550834880e-01	   1.6264518349979842e-01	   1.1387369583605475e-01	   1.8325239672865379e-01	   1.7216791084819502e-01	   4.7290169721023356e-01	   3.5193805251682908e-01	   4.5874718901069478e-01	   5.1231596507576360e-01	   3.6974046634842506e-01	   6.9094954735215175e-01	   2.6858011984202657e-01	   3.1585663290245963e-01	   1.7384052131891209e-01	   1.9197264648368592e-01	   2.7187141740754184e-01	   3.8962896433220912e-01	   3.3731411976626019e-01	   4.8056985476012554e-01	   2.2121844309436969e-01	   1.0642322856885199e-01	   1.9098280192124911e-01	  -1.0900309183398262e-01	
   1.3570142751703793e+00	   8.8354295348254908e-01	   9.4372163792096919e-01	   6.0713338459134603e-01	   7.8829928870019961e-01	   6.0370528408149493e-01	   1.0436567226931817e+00	   5.2863179136737792e-01	   7.1951513282990387e-01	   3.2574825677797370e-01	   0.0000000000000000e+00	   9.2729594217312628e-01	   1.2404598654696239e+00	   9.2029646580496427e-01	   1.2536134940357615e+00	   8.8721205409633086e-01	   1.5619996565186967e-01	   1.9766756620136294e-01	   4.4724112996704890e-01	   5.3156497754657994e-01	  -1.7629984468746929e-01	  -2.3440202913371205e-01	   7.3917768034417219e-01	   6.9037831851243481e-01	   2.4166254999540759e-01	   2.1437758199201540e-01	   2.2274827352716581e-01	   3.9010190184811772e-01	   3.9153831067666678e-01	   2.8787623367749449e-01	   1.6415662152664307e-01	   1.8980739709758632e-01	   3.7463781100839272e-01	   4.2411531537473779e-01	   1.0756231445830623e-01	   3.7283915725087019e-01	  -1.9629597928196804e-01	  -3.7175532693817466e-02	   1.0467553502178435e-01	   6.8326463237091600e-02	   3.2323458003551186e-01	   2.3559707914167030e-01	   4.2118580083037749e-01	   3.5670805454338378e-01	   5.8680897310418326e-02	   1.6137432635344712e-01	   3.6036936180485191e-01	   6.5309368187707761e-01	   9.1967321274730493e-02	  -2.7107016074555332e-02	   3.4951824779108398e-01	   4.4150976715559100e-02	   1.8874149570097018e-01	   3.0514750762318632e-01	   4.7830875766049125e-01	   6.1280390355732317e-01	   6.4948151415890187e-01	   5.0383470930217278e-01	   8.9848342447819141e-01	   5.1382442230815006e-01	   1.1132842570991035e+00	   4.8477089217902547e-01	   8.5815836027412862e-01	   6.2926161083153842e-01	   6.3641707448877582e-01	   3.7229321182333580e-01	   6.5517560429290167e-01	   5.8053578857660348e-01	   5.9916657378443228e-01	   5.5937093031300300e-01	   4.1290782263879655e-01	   3.3248156911950566e-01	   5.3937938404654706e-01	   4.7435997596751323e-01	   7.7824941853777929e-01	   6.8637780880213872e-01	   5.9666552940318152e-01	   2.8752046756196553e-01	   1.5104180981604262e-01	   1.2594824537594010e-01	   2.3724782785597293e-01	   6.0614941130324351e-01	   6.7259775315381165e-01	   5.6001477203612704e-01	   8.1058555590059045e-01	   9.7671919133409624e-01	   3.5746613377946906e-01	   6.8960757396563854e-01	   7.9612012995060255e-01	   9.1653178870572583e-01	   5.6130023108685789e-01	   6.5610432362484417e-01	   6.1316931888160475e-01	   7.5104115827390550e-01	   2.4342421261103087e-01	   1.9533918522905744e-01	   4.4064628136344725e-01	   4.4162429863570496e-01	   7.3842731142943596e-01	   7.9057563694691912e-01	   6.1464538714623040e-01	   6.1570760283603243e-01	   6.2609825414157250e-01	   6.2691433846531874e-01	   2.2818399263438904e-01	   1.0437626654308084e-01	   2.8424987137454893e-01	   3.3489558100030092e-01	  -2.2819888616235420e-01	   4.2333925189998156e-01	   5.1201712719240422e-01	   4.8481059159456619e-01	   4.7785382971782597e-01	   5.4780647507478475e-01	   4.9161405977926204e-01	   7.3452831535210816e-02	
   8.3820290886917637e-01	   7.8781457676463962e-01	   5.6118342531276078e-01	   7.3165044468977725e-01	   3.9288829292919114e-01	   4.7847905855715456e-01	   8.2556246452472160e-01	   7.5651255280185226e-01	   3.5456008335536759e-01	   1.4174668735891757e-01	   9.2729594217312628e-01	   0.0000000000000000e+00	   8.9378988549284566e-01	   1.7758626967134035e+00	   6.9689788900232152e-01	   1.0031388771567999e+00	   4.3454185581058424e-01	   5.0909943942161218e-01	   4.5209802481470572e-02	   3.3253396836747351e-01	  -3.8034215518906234e-02	  -2.4827033368161239e-01	   5.1073305090344101e-01	   7.0597400856871417e-01	   4.8500827386566157e-02	   1.7082703621495685e-01	   3.4030413819663270e-02	   2.9798194550421037e-01	   6.3459302457075539e-01	   6.4114913296645648e-01	   2.6777471092426119e-01	   3.1122783145789823e-01	   5.2495589417742050e-01	   6.3818545191740617e-01	   1.3970926534220751e-01	   2.0398322216829701e-01	  -1.9918349751407147e-01	  -1.1874471235270678e-01	  -3.8164080206350808e-02	  -7.1323831222003004e-02	   4.6112678903870730e-01	   3.1694337526740068e-01	   3.0226155075815292e-01	   2.9987520508955418e-01	  -8.9578989136997633e-02	   6.6276448294105172e-02	   2.9748327608334441e-01	   4.8933343606116569e-01	  -1.1767587884861720e-02	  -4.4492631712794743e-03	   1.7750840730013412e-01	   1.3613506143741688e-01	   1.4521038112736268e-01	   1.4570006484672249e-01	   1.7646513185235169e-01	   2.9502936431498661e-01	   5.6478216224311784e-01	   3.8284505597050222e-01	   6.6594782500861427e-01	   7.2011019499130657e-01	   9.6372135122428959e-01	   8.1334835837392494e-01	   8.7599140815283205e-01	   1.0297350445091049e+00	   3.9544893715958829e-01	   6.6198364014275246e-01	   4.8955860891599301e-01	   6.6159389243727129e-01	   3.7902076287654057e-01	   2.9031434581245524e-01	   4.4839199141517450e-01	   3.6802447395374521e-01	   6.4553200158259816e-01	   7.4442190638076444e-01	   8.2011679716860320e-01	   9.6977140808666218e-01	   7.5686343133049905e-01	   6.2113067634753483e-01	   5.0628770124399558e-01	   3.5315527297164523e-01	   4.7835079732236868e-01	   7.5640790659243384e-01	   5.8898545209702968e-01	   6.4919799022281099e-01	   4.2453332720527309e-01	   9.2853084432518651e-01	   8.1218135693634050e-02	   4.8725942859769900e-01	   4.2461330860055113e-01	   8.8398474152555784e-01	   6.7621682124319393e-01	   2.9679304032177162e-01	   7.8613878697384676e-01	   4.7550154209564011e-01	   1.0383236822690062e-01	   1.7888115584191649e-01	   3.4674467582199237e-01	   3.4018320923876372e-01	   7.2995558338629452e-01	   5.4556317376755681e-01	   8.7410807172318261e-01	   4.2702606188268954e-01	   5.7769748589904069e-01	   4.9124085299572451e-01	   2.2606176594031252e-01	  -2.9688123521109861e-03	   1.2910775753278164e-01	   2.4438618650813221e-01	  -4.3641011365496629e-01	   2.8509063421566327e-01	   3.6353706289091964e-01	   4.3121821291079210e-01	   4.7811217009076323e-01	   5.3474524668580303e-01	   4.1309642664158419e-01	  -1.0976340147249070e-02	
   7.8133815736997836e-01	   5.6255893521877720e-01	   5.0488814732823994e-01	   3.1611409320163109e-01	   6.1839204758941613e-01	   4.0930948166797587e-01	   8.6744291726101241e-01	   3.6835213889132651e-01	   6.6799985426501496e-01	   1.9443543463556359e-01	   1.2404598654696239e+00	   8.9378988549284566e-01	   0.0000000000000000e+00	   9.2400131383696904e-01	   1.0129811419366517e+00	   6.9318523961328526e-01	   8.1621393677448667e-02	   1.5993613842432647e-01	   2.1073687928523702e-01	   2.5827076094390500e-01	  -3.5276484432019245e-01	  -3.7679926455592611e-01	   3.7783414767541340e-01	   3.6606407347274894e-01	   1.0071973813668432e-01	   5.6980619714200861e-02	   2.2962696232353752e-01	   2.9888446124701640e-01	   2.2954128298155113e-01	   1.1565036993504153e-01	  -8.4693847516111559e-02	  -5.6540520482478922e-02	   2.0784968655822114e-01	   2.0820867663479514e-01	  -1.1387063016850251e-02	   1.5632456874482792e-01	  -2.2636290360320416e-02	   6.9520458519679307e-02	   2.8420592966904074e-01	   2.4203633015459822e-01	   3.0060543300269482e-01	   5.1376409053911949e-02	   3.3336107175327467e-01	   3.2306391492700653e-01	  -1.0432312096827084e-02	   5.3448779413077949e-02	   2.8011822489781568e-01	   4.4073998559356575e-01	  -1.2175056483610159e-02	  -1.3417464619250008e-01	   2.3734289888675800e-01	  -3.2735741765363785e-02	  -4.6380019730139145e-02	   2.0995619973971421e-02	   3.9950073113948231e-01	   5.0232850437466059e-01	   4.9064679270473888e-01	   3.9033395671624371e-01	   7.0877990413976877e-01	   3.3296778523852399e-01	   1.2281609865305558e+00	   3.7451667422789331e-01	   4.7208314993991041e-01	   4.5444557042814449e-01	   5.5080112719527463e-01	   3.6336599702761802e-01	   3.7800229183958345e-01	   3.0392111771232144e-01	   4.8552425572074664e-01	   3.9194444344787216e-01	   2.9485873585670702e-01	   1.2275886943073852e-01	   2.6974740359484506e-01	   2.4518459014250782e-01	   4.9303383250806265e-01	   3.6382276226441151e-01	   3.7266016985730727e-01	   1.2650726331321321e-01	   1.2275162062995690e-01	   4.8814434266700110e-03	   2.2484570338958956e-01	   5.3041645285962291e-01	   5.0878209611139735e-01	   3.0435664131960738e-01	   5.2458521555435933e-01	   7.5295447612344291e-01	   1.9671981296092925e-01	   4.7058266033964302e-01	   7.8379444305405943e-01	   7.1882163729098048e-01	   4.1880887159820862e-01	   5.9709191961541641e-01	   5.2808535338401852e-01	   7.2509205664614551e-01	   2.7972976487745849e-01	   2.4288449114227476e-01	   5.4133201703562661e-01	   4.5759497833523405e-01	   5.5264674602142450e-01	   6.0177635876533142e-01	   4.3850204756502559e-01	   5.8437049769426785e-01	   3.5652707421666263e-01	   4.4395434071953288e-01	   2.1342339947853917e-01	   7.8484619833051786e-02	   3.3604165643455092e-01	   4.3558413989210926e-01	  -2.1193000232892747e-01	   3.0747311300840940e-01	   4.8177831380151415e-01	   5.4744522800685680e-01	   5.1713175461556038e-01	   4.9861906043477533e-01	   4.1471346254162467e-01	   2.4326363188490907e-01	
