   0.0000000000000000e+00	   1.1062604319641858e+00	   4.8313064689816460e-01	   3.5178674383537356e-01	   4.2412044376762237e-01	   1.5157747720881334e-01	   7.9942657235014003e-01	   5.4427284402977594e-01	   5.2969805341353249e-01	   2.3424463372055834e-01	   6.1383774225356336e-01	   4.9050495446552045e-01	   6.3776607178478306e-01	   4.3600802887891482e-01	   2.7592417646077133e-01	   3.8615201638255248e-01	   6.1038934032984637e-01	   2.9002262856527283e-01	   6.4010404740138205e-01	   5.5408670765791368e-01	   1.3288059247877364e-02	  -3.5751947054291258e-02	   1.4655321677990055e-01	   2.0082032079715381e-01	   4.9913078028466840e-02	  -3.5289290327002544e-02	  -2.0715139003350423e-04	   6.9149879256262606e-02	   4.4708101932200935e-02	   1.6070089204722615e-01	   1.2885521357481586e-01	   2.2985746138649472e-02	   2.9958058606391907e-01	   2.2567282333317421e-01	  -1.0922575037584238e-01	  -2.1168721760412829e-01	   2.4812588456817362e-02	  -1.8395134876679663e-02	   4.0663958252027954e-01	   1.3600397334093706e-01	  -1.0459318646683517e-01	   3.5025984285616582e-02	   5.9875911785823210e-01	   5.2056377329947723e-01	   3.9453669717038609e-01	   4.2459112128631193e-01	   5.9250624176678035e-01	   3.2513718002396857e-01	   2.5607199066512981e-01	   1.9709687694800160e-01	   4.0415970410797819e-01	   2.3729040015473202e-01	   4.5039281865571923e-01	   5.9530495439542930e-01	   4.2273632387748084e-01	   5.0765472242269882e-01	   9.9872973975480051e-01	   7.0226664655707649e-01	   5.5035660024684063e-01	   3.3465888590215670e-01	   6.3573671770633622e-01	   3.0769581634410303e-01	   6.0609228548891758e-01	   5.5621854268157134e-01	   1.9523371605999304e-01	   7.6565833994875404e-02	   1.4317027198804005e-01	   6.3614422729463133e-02	   1.4173213193013945e-01	   3.9962117335179387e-01	   4.8381937771543349e-01	   3.8411888867483907e-01	   7.4888048075362379e-01	   5.3443075480044910e-01	   4.9766377560009090e-01	   5.5080060823172017e-01	   4.3451495646771832e-01	   4.2352649720316943e-01	   3.8061734151627674e-01	   1.8750125221072103e-01	   4.7704348566675980e-01	   4.0283021761217003e-01	   5.9857300764022847e-02	   1.8749903407693644e-01	   3.2128845958831237e-01	   3.3096284231557510e-01	   9.0673841753177040e-02	   9.1522874571421636e-02	   3.8973652165948225e-01	   3.9929603391978236e-01	   5.6161718973032504e-01	   4.4816317970713110e-01	   8.2664208109211246e-01	   7.1078297384677780e-01	   2.2541297857776083e-01	   4.0805707204203412e-01	   5.2358679258350693e-01	   4.7718439608661239e-01	   9.2249877371770783e-01	   1.0084072121391212e+00	   6.9414048854931720e-01	   6.7439067500325378e-01	   7.0802106578336832e-01	   6.7108490268274312e-01	  -4.5153099152756691e-02	  -6.3150270003227435e-03	   3.3675043661663517e-01	  -2.6524391196601462e-02	   1.5933995802748666e-01	  -1.4543506509974857e-02	   1.5585321569976066e-01	   5.2643551179926140e-01	   4.6970615353417899e-01	   4.1246538642611918e-01	   2.0387462865924122e-01	  -1.1307883911572972e-01	
   1.1062604319641858e+00	   0.0000000000000000e+00	   2.7582376540471548e-01	   2.1998868661945592e-01	   2.3556380324866338e-01	  -7.3437941194370970e-02	   4.7584853742791244e-01	   3.2077266200333227e-01	   3.0360573792662143e-01	  -5.1185431885957096e-02	   2.8093735828593169e-01	   3.2433116870748607e-01	   3.2883753085825129e-01	   1.1518532818342711e-01	   2.2166467287485875e-01	   2.0275770946874536e-01	   5.2840485654641722e-01	   4.9228473822737728e-01	   7.2806837919437428e-01	   8.4016861844253343e-01	   1.5875365752772180e-01	   1.3435126412833004e-01	   8.2878406538093960e-02	   7.1851133640161477e-02	  -1.2329430054453727e-02	  -1.0016090764997529e-01	   3.1475560965551569e-02	  -2.3979629096826060e-02	   7.2695556176381113e-02	   2.3870847543999024e-01	   1.8075298412148705e-01	   8.0467677367326115e-02	   3.6527720881985754e-01	   3.7788005731636753e-01	   5.9305518106518601e-02	   3.8205579979693809e-02	  -1.3843913336460029e-02	  -5.8619126992376272e-04	   3.2093937413131440e-01	   1.6407599870930198e-01	  -1.4043853838919962e-01	   5.7415456212647938e-02	   4.0459813343199907e-01	   4.4136880318783434e-01	   4.1433404700786930e-01	   4.0154991297184273e-01	   4.9633014234037931e-01	   2.8592302067162229e-01	   2.6324158793127023e-01	   1.0754603949734648e-01	   2.4067951742677329e-01	   5.7286354709916346e-02	   3.7065843620449213e-01	   4.1004262241112727e-01	   4.6852139499541651e-01	   4.9078813848299696e-01	   8.2552171768442562e-01	   8.9869486228444662e-01	   3.2188541676593369e-01	   1.4906615689965577e-01	   2.6010943628073185e-01	   1.1822180708843849e-01	   5.5061141579688044e-01	   5.8539235686920121e-01	   9.8530817119339614e-02	  -2.5551611633303141e-02	   2.0100336751851516e-01	   1.1591030699700518e-01	   1.9942364511484309e-01	   3.5316199994006320e-01	   3.7609135623732209e-01	   3.3786011754820439e-01	   5.4995542680039022e-01	   4.6964312339993353e-01	   2.6651340088759679e-01	   3.8441723529486793e-01	   4.5673280364028651e-01	   4.4765990200393202e-01	   2.8576720906008818e-01	   2.7902784455581953e-01	   4.2400825945901571e-01	   4.8743878570957766e-01	   5.7022035524752046e-02	   2.4663043672909030e-01	   1.8780666525310152e-01	   2.8698109849444053e-01	   1.7902616750891653e-01	   1.2060164108555106e-01	   3.7289080447568135e-01	   2.9810770468842851e-01	   3.3375839829374659e-01	   2.1094638164947652e-01	   5.1216466901415136e-01	   4.2081714581856383e-01	   1.0752411936616726e-01	   2.3853697208986990e-01	   3.4481902722913021e-01	   2.6393569718423660e-01	   6.7034217124103024e-01	   6.4938721000384325e-01	   5.9099284381727946e-01	   4.5666810076801462e-01	   5.0611928998833422e-01	   5.0355571801983501e-01	  -1.1893411023164648e-01	  -7.6220053150548167e-02	   1.4736956625492736e-01	  -1.5849369148130515e-01	   8.8208823556622254e-02	   4.8772477557273257e-02	   2.2072843552196408e-01	   3.2420321084680331e-01	   1.9558478238931609e-01	   2.2095319090131907e-01	   4.4671762226749810e-02	  -1.0781868643610515e-01	
   4.8313064689816460e-01	   2.7582376540471548e-01	   0.0000000000000000e+00	   6.0313702317482965e-01	   6.9149828913742051e-01	   3.8986722873112556e-01	   1.1056311697076966e+00	   4.7132179534094282e-01	   8.0822434228754836e-01	   3.8729358376580941e-01	   3.9251801705070188e-01	  -8.7374604601273470e-02	   5.0535043152478998e-01	   2.0856293040913634e-01	   7.7746196923470889e-01	   6.8015766024998670e-01	   3.1158797014863254e-01	  -1.4039225216876891e-01	   5.0143338465359677e-01	  -2.1180485794238996e-02	   1.4005336544140815e-01	   2.6712917634512268e-01	   1.0141704089965085e+00	   6.7535391825927504e-01	   6.8327003702042399e-01	   5.4881978085486627e-01	   7.0300828639846547e-01	   8.4522843169169892e-01	  -1.6702557191126832e-01	  -1.8090781333380754e-01	   8.2249962138197574e-01	   4.6294923554654549e-01	   8.0313486872266515e-01	   3.3573617186896954e-01	   1.9209835994207286e-01	  -1.0673349098241981e-01	   1.2818028230899425e-01	   1.8486215075476892e-01	   5.7593818222382798e-01	   2.5038628500713533e-01	  -6.4295785848729595e-02	   1.4057932191893879e-01	   5.6679096134301887e-01	   3.1963972097775539e-01	   3.5287176451997443e-01	   2.2299661358441603e-01	   4.8631033256990142e-01	   2.4720220516939778e-01	   4.7467486491572425e-02	   1.0737255692965725e-01	   1.3118765442332087e-01	   1.5477788921212393e-01	   2.9184452433949970e-01	   5.0129477948075030e-01	   1.7942807495179822e-01	   2.6403759347398703e-01	   3.8591510570749882e-01	   3.2041636926938577e-01	   2.9749044211689901e-01	   1.6743813431025031e-01	   8.5004164091838841e-01	   4.3977736016707347e-01	   3.9832195250293662e-01	   4.8418535653461145e-02	   9.5204271002951735e-01	   7.1054610910947835e-01	   5.3362568022055501e-01	   2.5361354711241346e-01	  -6.3872680152776112e-02	   2.7893537487899195e-01	   9.5023962997000411e-01	   5.6433305521966914e-01	   3.7340274003171664e-01	   7.7930421898745703e-02	   6.0128885607010174e-01	   2.8399759272580172e-01	   4.6570171826473128e-01	   1.7371318804810901e-01	   2.9042119907878211e-01	   1.5981191666631098e-01	   6.0791777692426341e-01	   2.5825905010161221e-01	   6.0281218173421691e-01	   5.8877714892871680e-01	   9.0701356417620005e-01	   3.9942155695753712e-01	   5.9559754284305533e-01	   6.6147509945242111e-01	   7.0814159878236560e-01	   5.4722092271319300e-01	   6.0236161298253688e-01	   1.3771757563832370e+00	   4.8566182606901875e-01	   1.0518511742912959e+00	   2.7427903468182402e-01	   1.1965660645924492e-02	   2.8626600469694785e-01	   1.6694624177307327e-01	   4.3823035734538635e-01	   6.7948606196776762e-01	   2.1349637029284949e-01	   5.5664952434993176e-01	   5.6805826227091050e-01	   5.7515932802852909e-01	   6.1124772373674155e-02	   1.1193009841645114e-01	   1.1925429322248653e-01	   2.9043054721123512e-01	   2.0759147193797478e-01	   5.1401483528408135e-02	   1.4979030199986448e-01	   4.1283353104618137e-01	   2.9329588717975241e-01	   3.8063084604272734e-01	   1.1627475389979358e-01	  -1.5226891542336421e-01	
   3.5178674383537356e-01	   2.1998868661945592e-01	   6.0313702317482965e-01	   0.0000000000000000e+00	   2.7110168997903539e-01	   3.7111092239294963e-01	   6.9394536125657724e-01	   1.1090128923171583e+00	   5.1612908653034995e-01	   4.5468255379173095e-01	   6.1435051086287817e-01	   4.7516898031238530e-01	   5.6665082601940364e-01	   7.8157642773453173e-01	   4.0956012207476128e-01	   7.1184840749074063e-01	   1.4251326546901427e-01	  -1.8614101419087550e-02	   2.4681119382285410e-01	   6.7699459852781016e-02	  -1.6763348945948364e-01	  -9.0877470615933435e-03	   5.9863874737133183e-01	   9.6617396167862890e-01	   3.7329328360307265e-02	   1.2484347662075437e-01	   2.2627490806001110e-02	   3.0777699487931265e-01	   3.7299639288851133e-01	   2.2349758055233127e-01	   4.3693702517086275e-01	   7.8724056972979972e-01	   7.7883140429570619e-01	   7.9394017719550336e-01	   3.0539188932570033e-01	   2.5590169866223422e-01	   2.0444995057521727e-03	   2.7357828649969868e-01	   3.7753998707150571e-02	  -2.6652590093429376e-02	   3.9972616011966500e-02	  -1.6288748259184282e-01	   5.7958160393839331e-01	   3.5530416199792020e-01	   2.3997738016674577e-01	   2.6312476478093072e-01	   2.6237084009604422e-01	   2.6584855049607192e-01	   3.8483439908511208e-01	   3.4776370783607885e-01	   5.2950548011192577e-01	   5.8181987556150661e-01	   7.3013860713317602e-01	   7.6076663927043797e-01	   5.6790489165342728e-01	   4.8358460013953475e-01	   1.9925840513617479e-01	   1.6127287588878991e-01	   6.6621967407457272e-01	   8.1899925258268169e-01	   4.9772325974629072e-01	   7.4090728563236408e-01	   3.6855830964814673e-01	   4.2333498914993861e-01	   2.8332593415509977e-01	   5.1796343250790233e-01	   5.3692840162162037e-01	   5.5162100216439147e-01	  -8.8252507676504376e-04	   3.0280403838048736e-01	   3.5389038368086156e-01	   6.2456874071496171e-01	   5.4630406336788062e-01	   4.8272517140856874e-01	   3.2064276969988637e-01	   5.0188628680488734e-01	   3.3584745426487078e-01	   3.6282141280196073e-01	   1.6151414951831925e-02	   5.6707272739373683e-02	   1.5304514369487204e-01	   4.2286733639782853e-01	   1.6719568948923247e-01	  -3.5281204956794002e-02	   5.9176378635723270e-01	   8.8897237164663356e-01	   1.2885723524811224e-01	   2.5849103019224473e-01	   4.5432422162681657e-01	   6.5830079293889243e-01	   9.4854368364241093e-01	   3.2379841715192875e-01	   5.7957635800094731e-01	   3.1878444193062799e-01	  -2.5630534145232065e-01	  -1.3522755791369045e-01	  -3.4650403014657959e-02	  -2.4519643080233192e-02	   5.0447549542682535e-01	   5.2921191954536517e-01	   1.7199708789528062e-01	   2.2816343830759872e-01	   4.8830923339933657e-01	   4.8512002158626133e-01	   2.7833585650469550e-01	   2.8916654033639583e-01	   3.9112139566677140e-01	   2.0387403474543780e-01	  -2.3575917125011425e-01	  -3.4464124642827743e-01	  -1.0222403145607532e-01	   1.0195580567310387e-01	   1.0890119161732406e-01	   1.6970991797100800e-02	  -4.9989928972482740e-04	  -3.1402152688655632e-01	
   4.2412044376762237e-01	   2.3556380324866338e-01	   6.9149828913742051e-01	   2.7110168997903539e-01	   0.0000000000000000e+00	   8.2330192315433526e-01	   6.6871266419931197e-01	   5.3324767180554655e-01	   1.0083536854541233e+00	   8.0493666721179880e-01	   3.8863607688320534e-01	   1.1639372501795061e-02	   5.6157669467502658e-01	   3.1049127153796829e-01	   7.6496259266770505e-01	   5.8110339385554499e-01	   3.2567256974488917e-01	   8.7182259044553664e-02	   4.2499901090526948e-01	   9.7754634748814628e-02	   2.5483143628958843e-01	   1.4503367955569510e-01	   5.2257111445196802e-01	   4.7075573091866585e-01	   6.3309361652671026e-01	   6.6276848770511754e-01	   3.2892541546371434e-01	   5.5299345471495731e-01	   3.3584155052195232e-02	   1.7882730938278704e-01	   3.4794106489879550e-01	   1.5331968940732621e-01	   5.6243218494353642e-01	   3.3631574549974563e-01	   7.0403333809961610e-02	  -8.8335959438635148e-02	   8.1873280162485393e-02	   8.6487661749296910e-02	   4.0784244995036956e-01	   3.0276815969266113e-01	   8.7803682715157788e-02	   2.9040362367987871e-01	   3.8367979076615294e-01	   3.1807525934548431e-01	   3.6708825637954379e-01	   2.9284702419229791e-01	   4.1678529877292930e-01	   2.8863502594061680e-01	   1.4890373181728453e-01	   1.6242468421806547e-01	   1.7920306203921768e-01	   1.4164240983826715e-01	   3.5177273422745736e-01	   5.2348059979481021e-01	   2.4239016102381422e-01	   2.9629411562858765e-01	   5.0945336642129402e-01	   2.9678812187966724e-01	   2.6478960276613661e-01	   1.6769482393903154e-01	   6.6734327602207821e-01	   6.1896747576484756e-01	   5.7120451544516004e-01	   1.2015569886106615e-01	   4.9042532516955051e-01	   4.7700088160046261e-01	   3.9797361191718789e-01	   3.1101939995141453e-01	  -5.0327843368091027e-02	   2.1795329296249250e-01	   5.6845338922773092e-01	   4.8459948836313232e-01	   3.2843790959025987e-01	   2.5761881121931984e-01	   4.5935020768630447e-01	   2.3768417963661398e-01	   4.0414121349738896e-01	   3.0608698384173871e-01	   2.4294431242066805e-01	   1.8204144359609456e-01	   7.5176525066832378e-01	   3.9414991875122191e-01	   5.9027591841859217e-01	   6.1204564728487876e-01	   6.1724370348733149e-01	   2.8283633725541085e-01	   3.6388855916472951e-01	   2.3726100510588202e-01	   5.9240749954693794e-01	   3.0379737843440441e-01	   4.1384555662963340e-01	   6.9557094079951487e-01	   3.2782251712859156e-01	   5.9091341937316855e-01	   1.6731477005859122e-01	   1.1307433248223318e-01	   2.1787708560076563e-01	   1.3892012770999104e-01	   3.5981036663595445e-01	   4.4592642528719539e-01	   2.2840066515119317e-01	   4.4512484695615950e-01	   2.1936963728304021e-01	   6.3359987255767924e-01	  -5.8370963791060722e-02	  -7.0242721496280552e-02	  -2.8608288221132101e-02	   2.7513476062668241e-01	   1.5199106065160506e-01	  -1.5353812852298632e-01	  -1.1914724456733899e-02	   2.9355266074522202e-01	   3.2462577412946425e-01	   2.0912663762232445e-01	  -3.5134318403417582e-02	  -1.7893819120330839e-01	
   1.5157747720881334e-01	  -7.3437941194370970e-02	   3.8986722873112556e-01	   3.7111092239294963e-01	   8.2330192315433526e-01	   0.0000000000000000e+00	   3.0607514578907147e-01	   5.1737506466945060e-01	   4.7755437633316600e-01	   9.0901789510423259e-01	   2.0445899804757189e-01	   8.8616589184731115e-02	   4.9240853757886655e-01	   6.4437122545386682e-01	   4.0947926383775890e-01	   4.8819390286281339e-01	   2.1850224739591363e-03	  -4.2514004242697537e-02	   3.8308368175475241e-02	  -1.1776118164172025e-01	   1.5382355257133391e-02	   6.1970657127974726e-02	   2.1771963606119502e-01	   3.6579672030927035e-01	   5.7373176589195696e-01	   7.4284584982620494e-01	   2.9954947700023116e-01	   6.6572999940487776e-01	   5.8952727219104523e-02	   1.9246715350069171e-01	   1.1146052224138278e-01	   1.3574541420515859e-01	   4.1344550449007861e-01	   3.0641087102993370e-01	   2.4937459624122810e-01	   1.1800783027969665e-01	   3.2983382624515156e-01	   3.1612899478910117e-01	   1.7416355257078431e-01	   3.2769696086248734e-01	   2.4458654427469695e-01	   3.4169965046297879e-01	   2.1079824483078494e-01	   1.2838202361195072e-01	   1.8386237472827066e-01	   1.1694064316897190e-01	   1.4968599555641704e-01	   1.3260828811182518e-01	   6.0479544432989370e-02	   7.6783502167022635e-02	   2.3316297574057870e-01	   1.7774884189783779e-01	   4.0819239488323089e-01	   4.6816007940891274e-01	   2.4187387293842633e-01	   2.8709985014679679e-01	   2.6826446919052926e-01	   1.9997378216008505e-01	   2.4764614608811739e-01	   4.2909930766329085e-01	   5.1422122940935067e-01	   7.9405446686586001e-01	   2.4000738404911098e-01	   1.6909652990796047e-02	   4.0827839163632318e-01	   5.5828674834946113e-01	   3.6629254701110558e-01	   4.4857333291475254e-01	   1.0350813198373879e-01	   2.7616398876203624e-01	   2.3504525552324398e-01	   3.6238619814497874e-01	   1.9009714961211455e-01	   3.7264541398601125e-01	   3.0660694927252391e-01	   2.8884194354044435e-01	   3.9948998243349709e-01	   2.6310443906054215e-01	   6.1181086360983718e-02	   1.2569560186699275e-01	   3.4087248094446471e-01	   2.7799270362607442e-01	   3.4915402191499662e-01	   3.0133594908576072e-01	   4.9782784104910138e-01	   4.4330831061099224e-01	   1.9395300840878488e-01	   1.0359679267273583e-01	   5.3896913582083394e-01	   4.1654440378530488e-01	   4.7623595985948985e-01	   3.8029667571304765e-01	   3.1718376600432174e-01	   3.8793057103823503e-01	   5.4037626854248039e-02	   8.3745425611906191e-02	   3.9225470430389056e-02	   1.0525108159288579e-01	   1.9158417581524612e-01	   2.6090216144773587e-01	   1.2851702514469640e-01	   3.2742589857214721e-01	   1.0734476142765087e-01	   6.1620560491386733e-01	  -1.6916794681584199e-01	  -1.5738914967376444e-01	  -8.0209311248398710e-02	   3.0462317170617403e-01	   4.6223445653833677e-02	  -2.2810793412237890e-01	  -1.9189346164724966e-02	   1.2930121025585278e-01	   3.3556511393662908e-01	  -7.2191019331840044e-03	  -2.1592116407859968e-01	  -3.8266292041882144e-01	
   7.9942657235014003e-01	   4.7584853742791244e-01	   1.1056311697076966e+00	   6.9394536125657724e-01	   6.6871266419931197e-01	   3.0607514578907147e-01	   0.0000000000000000e+00	   8.3671163447697028e-01	   9.3072407511766453e-01	   4.1898317764788595e-01	   8.9532271301439836e-01	   2.8440241963236740e-01	   8.4512227077888236e-01	   4.2552691894156619e-01	   4.4989084209696806e-01	   5.8125881754964159e-01	   6.3895699572649789e-01	  -1.2122816468416840e-02	   4.4921075938203564e-01	   6.8159638141459186e-02	  -1.1905753204591464e-01	  -8.0404258617005814e-02	   6.0852170990790155e-01	   6.1357477338874433e-01	   2.8013705183694687e-01	   2.0560402481374168e-01	   1.9216211716532894e-01	   3.9914137526290622e-01	   2.6966314381318020e-02	  -9.9910355605403484e-02	   3.8181269489252934e-01	   2.5246815031621550e-01	   6.1598533911616005e-01	   3.6866360774641477e-01	   2.5774548761396082e-03	  -1.6961661497542618e-01	  -1.4793755575472192e-01	  -7.9286275836452758e-02	   4.5469447755385395e-01	  -2.6958692348910712e-02	  -2.6016979771090354e-01	  -1.7861330144319787e-01	   5.5633010377900161e-01	   2.9934537900660790e-01	   2.5889363752498207e-01	   1.8983700911634382e-01	   4.4968383502602322e-01	   1.5667016080558130e-01	   1.3016152530574188e-01	   1.4500714964515116e-01	   3.4379222896879991e-01	   3.1733845365609570e-01	   4.9406052744094009e-01	   6.5873530994545459e-01	   2.9239228011776724e-01	   3.0541831314377738e-01	   6.2884907913060939e-01	   4.4369508007882202e-01	   5.8624578881364853e-01	   3.7747974997456474e-01	   1.0745132057681175e+00	   6.5102114243923315e-01	   7.7443586425645583e-01	   4.5004881036945488e-01	   7.4037715123673076e-01	   6.4584049193898851e-01	   4.6000484436173289e-01	   2.3510283371261415e-01	  -1.4207046769618334e-01	   2.6876741888419908e-01	   7.4754121876195567e-01	   5.4688712294797603e-01	   6.9751177449203605e-01	   3.7661406785433166e-01	   6.2733023369600649e-01	   4.8333389710259511e-01	   3.8927180447936816e-01	   2.7435838694753817e-01	   4.8896110416167438e-01	   2.1053859334146777e-01	   6.0854955265750499e-01	   3.5532163683706430e-01	   1.5044238724679201e-01	   2.3966515286349102e-01	   7.4864601188639679e-01	   5.5609560812222858e-01	   1.7846218980048198e-01	   3.4512029558501989e-01	   5.5854704995461513e-01	   5.1471970881747275e-01	   8.4768981588686210e-01	   8.9937870152728261e-01	   7.6282066187264852e-01	   9.7683407285690860e-01	   1.5692167655227626e-01	   1.6086133301521516e-01	   4.6724465702464285e-01	   3.6042072866931352e-01	   8.6487675034942391e-01	   1.1878378857008798e+00	   3.3871497898793568e-01	   5.2284833662068919e-01	   9.0515205077320537e-01	   6.8196656192545502e-01	   2.9584038344643965e-01	   3.3373636689691777e-01	   4.3463341621059132e-01	   3.7413731810956148e-02	   2.1268408332718019e-02	  -1.1950531041871111e-01	   7.9996813946548347e-03	   5.7734551255741795e-01	   3.8409254109904056e-01	   4.2486301897721646e-01	   2.4295911068089796e-01	  -8.1002193238699421e-02	
   5.4427284402977594e-01	   3.2077266200333227e-01	   4.7132179534094282e-01	   1.1090128923171583e+00	   5.3324767180554655e-01	   5.1737506466945060e-01	   8.3671163447697028e-01	   0.0000000000000000e+00	   6.0820658312363296e-01	   8.0679407101676737e-01	   9.0247322116978912e-01	   8.1362764792605979e-01	   8.2828278102513941e-01	   1.0943338497377935e+00	   3.6466033766629946e-01	   7.6347974481888348e-01	   4.2632744531992645e-01	   1.0599867707346000e-01	   3.7491596351705808e-01	   1.9713476270273783e-01	  -2.5813955950922984e-01	  -2.1366000977905530e-01	   4.4698645050500152e-01	   9.0332379813645125e-01	   2.4660767298867028e-02	   8.5727905594583195e-02	  -1.5644035059766506e-01	   1.5732200735136104e-01	   4.2046871256265195e-01	   3.4135556988301641e-01	   1.8106667284056963e-01	   4.1440740629239403e-01	   5.8606474312758383e-01	   6.7442636407203527e-01	   5.3204807753548598e-02	   1.9149480832860919e-02	  -1.6052341874542395e-01	  -6.7556550243724886e-03	   7.9230712715049070e-02	  -1.0038873565078638e-01	  -3.6785238899289661e-02	  -1.6325451824799997e-01	   5.9636739245632353e-01	   3.5329903720931205e-01	   3.0331162654968696e-01	   3.0767734743217356e-01	   3.7847088298817061e-01	   1.9673230238276168e-01	   4.2769301237787655e-01	   3.2632922033702261e-01	   5.8796636598600072e-01	   5.5385413772772629e-01	   8.6147368496467636e-01	   8.4190032247707147e-01	   5.6613109235265524e-01	   4.4027737488275265e-01	   4.3812025915117730e-01	   2.2411432346395738e-01	   5.5406866245421615e-01	   7.7083708744685464e-01	   6.0391784293679429e-01	   1.3264426916747181e+00	   7.4347241765462302e-01	   7.6456899033594161e-01	   2.0355071368765804e-01	   4.3902976312620057e-01	   3.3130254995003444e-01	   3.5655085087900801e-01	  -1.0913448086780547e-01	   2.0563666755268747e-01	   3.3176668803276577e-01	   6.6522160288886956e-01	   8.3659582265322285e-01	   9.0871992116841493e-01	   4.8723873024170311e-01	   7.9559254357775955e-01	   3.9229006376554437e-01	   4.8644938615202876e-01	   2.0619361848303447e-01	   1.5215794265819527e-01	   4.0940083815561390e-01	   6.3725426570570176e-01	   1.4359613188644785e-01	   1.3379162985557570e-02	   5.3993435340312590e-01	   8.8845514960987937e-01	   6.4487544515526185e-02	   1.1540124607740872e-01	   4.0097765445290678e-01	   4.9611897145114409e-01	   1.2452683426237992e+00	   3.2593714104939286e-01	   8.2060064042366454e-01	   3.7046016231932599e-01	  -1.6488331320625568e-01	   4.7378205737991473e-02	   1.4315046664677158e-01	   1.8597207182073888e-01	   8.2506022902114862e-01	   7.1039305576328704e-01	   3.6076435312207256e-01	   3.9564289025920757e-01	   4.5349365042605433e-01	   6.8717364862506058e-01	   1.8681655392996938e-01	   1.8351083262816467e-01	   3.5732392470678476e-01	   1.6192601927420786e-01	  -1.4300263665082355e-01	  -3.5341550805361605e-01	  -2.2028589086318798e-01	   2.2456533238232984e-01	   4.1181384671875199e-01	   1.2589666809990183e-01	   3.0178897685366947e-02	  -3.5961195510804478e-01	
   5.2969805341353249e-01	   3.0360573792662143e-01	   8.0822434228754836e-01	   5.1612908653034995e-01	   1.0083536854541233e+00	   4.7755437633316600e-01	   9.3072407511766453e-01	   6.0820658312363296e-01	   0.0000000000000000e+00	   5.7361564179416147e-01	   7.2872528234377321e-01	   1.1792596678113716e-01	   7.4518860430807998e-01	   3.1092621057135655e-01	   7.9341360162145558e-01	   5.3052879887323900e-01	   3.3868426599894830e-01	   4.4467641458447837e-02	   4.8309413832253956e-01	   1.4689934239460253e-01	   1.9273406871272047e-01	   1.4261889467842892e-01	   5.8836994786222374e-01	   4.8619071078275333e-01	   1.8984494182064687e-01	   1.8082698173931669e-01	   2.0963530739148167e-01	   4.3396387711772971e-01	   1.9248337561280776e-01	   1.1955905471009405e-01	   3.3411510637753261e-01	   2.3978567558733793e-01	   5.4089615448767825e-01	   3.6802845884602436e-01	   3.9732341739470031e-02	  -4.7839945143562511e-02	  -3.8902650780933926e-02	  -4.1930985351374135e-02	   3.9834941229016579e-01	   1.3032679757249124e-01	  -8.7831350492277888e-02	   6.1025879809235857e-02	   4.0771237534047822e-01	   2.9542900540490236e-01	   2.4839480163217784e-01	   1.9015340061386005e-01	   3.8619942379374589e-01	   2.5851771505778426e-01	   1.6650404208887837e-01	   1.3318054118222866e-01	   2.3079885957694382e-01	   1.8916742473504300e-01	   4.6905235345229407e-01	   6.6537878808423467e-01	   2.7980038356959791e-01	   2.6840716777708107e-01	   4.2300117782373214e-01	   2.4478460449902409e-01	   3.7250986766528210e-01	   2.0326661548090164e-01	   8.1493467803328401e-01	   6.4313052167100448e-01	   4.8938302252219695e-01	   2.1132574954865255e-01	   4.6914291326815294e-01	   4.5695135362322559e-01	   3.4996562386910213e-01	   2.4085842099834673e-01	   4.1357503157772590e-02	   3.1073848842979340e-01	   5.8826670601713127e-01	   5.8629593702098759e-01	   4.1693895102451484e-01	   2.1814930695448662e-01	   4.2856948128834466e-01	   2.7170910384727121e-01	   3.7482208907366887e-01	   2.3077648443646598e-01	   2.1901565773744155e-01	   1.7705317563560843e-01	   5.0078557902448884e-01	   2.3439662439723086e-01	   3.8440941605574247e-01	   2.8976857361324032e-01	   7.3907034169093311e-01	   3.5979046790271424e-01	   2.9563495784446892e-01	   2.7554042892971808e-01	   6.6076529821668206e-01	   5.5100910488636712e-01	   5.2465218493195842e-01	   7.2838833686360549e-01	   4.5083971192826322e-01	   7.3798994064928602e-01	   1.6719827651845207e-01	   1.1880735717575623e-01	   2.6971323465265507e-01	   1.6418407058812629e-01	   4.6926630678256998e-01	   5.9421192068987283e-01	   2.2810154851737857e-01	   4.2944252321473869e-01	   3.8347466606976649e-01	   4.9061633587727999e-01	  -7.5902351837780439e-03	   6.1801577332103175e-02	   1.0990900036107686e-01	   1.7120424346024052e-01	   1.0255303900717415e-01	  -1.0405928511387907e-01	   5.5115173930692901e-02	   3.1294413184275160e-01	   1.2847706531521594e-01	   2.8080547805467282e-01	   1.0502383116858331e-01	  -1.5472319067491070e-02	
   2.3424463372055834e-01	  -5.1185431885957096e-02	   3.8729358376580941e-01	   4.5468255379173095e-01	   8.0493666721179880e-01	   9.0901789510423259e-01	   4.1898317764788595e-01	   8.0679407101676737e-01	   5.7361564179416147e-01	   0.0000000000000000e+00	   4.6184308397544294e-01	   3.4318436255292079e-01	   5.2219977808362428e-01	   7.5979267896967129e-01	   5.4800913378342642e-01	   8.1437657915206307e-01	   1.1408187374779362e-01	  -3.6613760067011163e-02	   2.2727751324998169e-01	   3.0972136651207800e-02	  -1.2225841414265179e-01	  -1.1180138962487729e-01	   3.9481848428609773e-01	   6.1379740084565648e-01	   2.7183417641150454e-01	   3.4040043077249066e-01	   7.3199429067564471e-03	   2.8506447883802799e-01	   1.4636478789885990e-01	   2.8673685118193964e-01	   1.5267292817125178e-01	   1.9363982903479035e-01	   3.7927095703103703e-01	   2.9654371589022610e-01	  -6.6832500557269345e-02	  -1.5073799401560864e-01	   5.3474483301859457e-02	   5.5064987551691688e-02	   1.8514129048411937e-01	   9.3279011172353141e-02	   2.0536215975872807e-01	   1.5597003446440283e-01	   2.2271123805881790e-01	   5.1839546521391243e-02	   6.5439058558628291e-02	   4.1248194472852572e-02	   1.8294141568786221e-01	   6.0819533225800408e-02	   7.8560132410723363e-02	   1.0210921037821682e-01	   3.0659998947746891e-01	   2.5028600570029536e-01	   4.8655788465611505e-01	   4.4374187020053424e-01	   1.9307275214452019e-01	   9.5111934172837850e-02	   2.3986102687901409e-01	   9.0724871196026652e-02	   1.5324451690266336e-01	   3.8076824760750178e-01	   4.6453639402825186e-01	   9.4376278388252377e-01	   4.2690321046173629e-01	   2.3439785408032676e-01	   2.1700388161454479e-01	   3.6781713609590222e-01	   1.1015745314803534e-01	   1.4771313653058113e-01	  -4.4191203308670955e-02	   1.7227488703335764e-01	   2.2918975365099908e-01	   5.0304373828995785e-01	   4.1894517353450428e-01	   6.1588833690651290e-01	   4.2775368437270889e-01	   5.1305989180063583e-01	   3.1591771762576304e-01	   3.3741493754721524e-01	   4.2696359055342317e-02	   4.1340639591305559e-02	   5.0284148524092331e-01	   3.7836875336352144e-01	   4.8248290301543528e-01	   2.6268214491568453e-01	   4.6956486976335204e-01	   4.2844674621494472e-01	   2.4326633211255730e-01	   1.9001995591548712e-01	   3.7936389716416380e-01	   2.6691551989577189e-01	   5.5547432474237346e-01	   4.1592148520634681e-01	   3.6690510901532575e-01	   3.0687036227471937e-01	   3.2262726357457118e-02	   1.1028436467316954e-01	   1.1698861563620090e-01	   1.7510431284573288e-01	   3.1153223230740973e-01	   3.2201426506237035e-01	   2.4259087276440156e-01	   3.2707528814086156e-01	   3.6308487806351868e-02	   4.7507249915760752e-01	  -2.2414446884705153e-01	  -2.2414567421432677e-01	  -1.2315709460861174e-01	   3.2579553687513252e-01	   3.4342445873387924e-02	  -2.4816527838651720e-01	  -1.1726928594877603e-01	   1.2627949361727753e-01	   4.2404384303861770e-01	   1.1200789722942206e-01	  -5.5302669587758445e-02	  -2.5439162891117068e-01	
   6.1383774225356336e-01	   2.8093735828593169e-01	   3.9251801705070188e-01	   6.1435051086287817e-01	   3.8863607688320534e-01	   2.0445899804757189e-01	   8.9532271301439836e-01	   9.0247322116978912e-01	   7.2872528234377321e-01	   4.6184308397544294e-01	   0.0000000000000000e+00	   8.5817111729483853e-01	   1.0171100949461096e+00	   7.2807837750467985e-01	   2.4760218182707136e-01	   4.9843621780487224e-01	   5.8413509187944990e-01	   7.3029924469178692e-02	   2.9235704340369523e-01	   1.0015500082916003e-01	  -3.1391459829622720e-01	  -3.7577036225733185e-01	   2.7115691610114256e-01	   4.2852657521629905e-01	  -2.0425070297182793e-01	  -1.7498469368218242e-01	  -2.8169943784011992e-01	  -1.9431727970873891e-03	   4.2318681840544442e-01	   1.4763159472442675e-01	  -4.4730353399929514e-02	   4.7039696149013752e-02	   2.5282511237114436e-01	   2.4529771341279555e-01	  -2.7348203908315405e-01	  -2.1866895158799290e-01	  -3.7606359297393188e-01	  -3.1835906556071403e-01	   1.3097486853049725e-01	  -2.5364508181481193e-01	  -1.2488584024017346e-01	  -3.7859488492043258e-01	   4.1950696314630526e-01	   2.3957267189881526e-01	   8.9611816233801517e-02	   1.5428672644819694e-01	   2.3790409611437494e-01	   8.9981254841669106e-02	   2.5262080446753044e-01	   2.7307342693037329e-01	   5.0132403559843053e-01	   5.3571549837357724e-01	   5.7887132951173526e-01	   6.6122394858589151e-01	   2.9541261139057562e-01	   2.7981024622034567e-01	   4.3310717937346205e-01	   1.8118899113060211e-01	   5.8760664039525645e-01	   5.2785443545423483e-01	   7.5760408100522181e-01	   6.5478190927704882e-01	   8.1042740176391737e-01	   7.8108691168248690e-01	   1.6972065863397773e-01	   2.3670256060271250e-01	   8.1851925033997172e-02	   3.8126145415807458e-02	  -2.4382176345181056e-01	   4.3338183102997009e-02	   2.2418657879429421e-01	   3.8125744678549733e-01	   7.2093228555122735e-01	   5.2960885024805859e-01	   4.3060317058043518e-01	   6.2899109070352255e-01	   7.9057704434966944e-02	   1.5876874586975251e-01	   3.8256688767975588e-01	   1.8374853474198458e-01	   3.7914140161412552e-01	   2.5535874833489680e-01	  -4.7072230468581479e-02	  -1.9159643310294697e-01	   4.0734106065853132e-01	   5.0856500347561262e-01	  -1.2575866674373792e-01	  -4.6146870604878459e-02	   2.5015649926361017e-01	   4.8608351277485906e-01	   7.1661736042457769e-01	   2.9344018562340196e-01	   7.1979234267187864e-01	   4.0963148921262316e-01	  -2.2812452797044268e-02	   1.8165632573974094e-01	   3.0959227443442916e-01	   3.0478921473109116e-01	   8.0384897003086409e-01	   8.0570855642897965e-01	   2.8684392466265385e-01	   2.9051834586098418e-01	   5.2710596570001234e-01	   4.8481053216033143e-01	   3.7436611098646155e-01	   3.9531061629816261e-01	   4.8506288334179559e-01	  -1.5446957206695458e-01	  -1.2952624431678889e-01	  -3.1743994245006468e-01	  -2.2501793258563257e-01	   3.5633518790149304e-01	   3.4952129072345811e-01	   3.0216928096273371e-01	   2.3826920020374015e-01	  -1.0828639065843188e-02	
   4.9050495446552045e-01	   3.2433116870748607e-01	  -8.7374604601273470e-02	   4.7516898031238530e-01	   1.1639372501795061e-02	   8.8616589184731115e-02	   2.8440241963236740e-01	   8.1362764792605979e-01	   1.1792596678113716e-01	   3.4318436255292079e-01	   8.5817111729483853e-01	   0.0000000000000000e+00	   5.6742833237230017e-01	   9.9225779782384282e-01	  -3.2601519545552904e-02	   4.6602904639515058e-01	   3.6767263920289600e-01	   2.5170091866435496e-01	   1.8772738212550696e-01	   2.6658217530682060e-01	  -4.7179279733469986e-01	  -4.6666189584398221e-01	   1.4440925413242880e-03	   3.4797287994077747e-01	  -3.8034730012796519e-01	  -3.2805955485076094e-01	  -4.8708909589910909e-01	  -2.9394090462926992e-01	   4.9639151890473965e-01	   4.0362156891522194e-01	  -2.5927610292724979e-01	   2.1289456705942626e-02	   5.9810788980018570e-02	   2.6278393348016221e-01	  -1.9570136299502003e-01	  -5.0809331415942766e-02	  -2.1113428015174165e-01	  -9.8684092481769070e-02	  -5.8468544885914943e-02	  -1.8978044774072761e-01	  -1.9582914990947668e-02	  -2.7508328964177253e-01	   4.0861390537142406e-01	   2.9875933332353660e-01	   1.4637772996568599e-01	   3.2418297016121439e-01	   2.4284208562565537e-01	   1.3563488458508177e-01	   4.6688395169248020e-01	   4.6548197682484976e-01	   7.4579974947021765e-01	   7.3401359395274834e-01	   6.9840085786773454e-01	   5.8976781911252252e-01	   5.1688349206198392e-01	   4.7919009642378296e-01	   3.0640120292795608e-01	   1.4829324368109692e-01	   4.6274532404015434e-01	   6.6538188775255092e-01	   2.0263562505913973e-01	   5.1694530622342827e-01	   6.1201739867444760e-01	   1.1243590121215858e+00	  -2.3061749442165747e-01	  -1.6254713250853949e-02	  -6.5223003758209733e-02	   3.9060311307307465e-02	  -1.4876511691282823e-01	   1.3174698635416966e-02	  -8.7479240794443650e-02	   1.9509982557511168e-01	   7.5698405217972153e-01	   9.5448305679485146e-01	   2.6870492171145072e-01	   8.1586760540858616e-01	   1.3405085265550448e-01	   3.9645998325022547e-01	   1.7758567403471484e-01	   1.0557091998279690e-01	   1.1957381060643227e-01	   3.8274002330182311e-01	  -1.6599682972337693e-01	  -3.0681002126947066e-01	   8.8921810577929181e-02	   5.6552895514635737e-01	  -2.1485115187506554e-01	  -1.8791495205940884e-01	   6.0749358949668736e-02	   4.1521494711738849e-01	   6.8238537157220713e-01	  -1.7411300898376181e-01	   7.9937836802307605e-01	   3.8429978137309216e-02	  -1.7253005926101622e-01	   1.8312041209037683e-01	   1.9115188986141007e-01	   3.0266820966598090e-01	   7.5328676920194571e-01	   5.4561541770512612e-01	   4.0325995853237223e-01	   1.8802820312457991e-01	   3.5286088958755613e-01	   3.3006080879849919e-01	   1.7133141376548131e-01	   1.1435842882876467e-01	   4.3894457020735256e-01	  -2.7445107076366027e-01	  -1.7426444159260365e-01	  -2.7352071068092809e-01	  -1.7812474666454092e-01	   1.4833815258365696e-01	   4.1818969031986220e-01	   1.2837352186396891e-01	   9.2417658978437775e-02	  -1.4505522104339744e-01	
   6.3776607178478306e-01	   3.2883753085825129e-01	   5.0535043152478998e-01	   5.6665082601940364e-01	   5.6157669467502658e-01	   4.9240853757886655e-01	   8.4512227077888236e-01	   8.2828278102513941e-01	   7.4518860430807998e-01	   5.2219977808362428e-01	   1.0171100949461096e+00	   5.6742833237230017e-01	   0.0000000000000000e+00	   7.5451920738670353e-01	   4.0155757331194930e-01	   4.9950118946365440e-01	   4.0480897168353203e-01	   2.4808879502813028e-01	   3.7955567912157412e-01	   2.0179639990909956e-01	  -4.0013019176002096e-01	  -4.2097522674309334e-01	   2.9242150173902626e-01	   3.9161547644243316e-01	   3.6949864846658770e-02	   7.7263001269423814e-02	  -1.1571218106953346e-01	   1.5347145160900960e-01	   4.1382769702510952e-01	   2.4167044085253225e-01	   3.2454114548762236e-02	   9.6105848884119424e-02	   5.0865775300498584e-01	   4.7568290610749414e-01	   9.0483871172645641e-02	   6.9304009233796884e-02	  -1.7993783428789487e-01	  -2.2270964407575811e-01	   2.6068588223574635e-02	  -2.1556128535253188e-01	  -2.1960706635664534e-01	  -2.6359597023830877e-01	   4.4489692036991835e-01	   2.1978548055028563e-01	   2.3000744989711588e-01	   1.8104622188253264e-01	   1.8820993809268102e-01	   1.5811625406880409e-01	   2.6447481585103166e-01	   1.6953300323973175e-01	   3.3874650676175333e-01	   2.7883320601130374e-01	   6.1866701859503459e-01	   8.0788014999319857e-01	   2.9384164843075722e-01	   3.2760867227392326e-01	   4.7467802813846033e-01	   3.4152751407582915e-01	   5.5141737059564078e-01	   4.4522466712830155e-01	   9.7375661924686074e-01	   7.4664856075045383e-01	   7.5094011436732055e-01	   5.9582753951679834e-01	   3.6334152791797497e-01	   3.0718393840587666e-01	   3.3993167836532928e-01	   2.5663473388447533e-01	  -2.5550156583833670e-02	   2.6193097133719995e-01	   2.8512812980354624e-01	   3.3542133483995945e-01	   6.2996225730255029e-01	   5.5467787103542288e-01	   4.7548839232942286e-01	   5.5964327685346149e-01	   3.0578244021697409e-01	   1.5750540938911173e-01	   2.6212283280227644e-01	   4.7588306493464344e-01	   4.3365791777785734e-01	   4.2853031944358583e-01	  -2.5591281898994154e-02	  -2.8222729905514436e-02	   5.9207481229543002e-01	   6.3231974462750440e-01	  -1.0943477917813688e-01	  -1.1148711431023457e-01	   3.6177531232958599e-01	   5.5142709777772914e-01	   6.6826954768161173e-01	   4.4881479227927229e-01	   6.1731624995857837e-01	   5.1623089978525749e-01	  -8.7008954715547274e-02	  -6.5763931725291496e-03	   1.2028010779261693e-01	   1.3249067613292836e-01	   6.3639761109539783e-01	   7.3132030514906687e-01	   3.2757379323068653e-01	   4.4093566679040452e-01	   4.6655857583514876e-01	   8.3264242160889346e-01	   1.8209974517578428e-01	   2.0338332561162539e-01	   2.1893337869062204e-01	  -1.9753782143819273e-02	  -1.5817590409621907e-01	  -3.4443938805063690e-01	  -2.5443202040997615e-01	   1.9883757123374049e-01	   2.7404406649294477e-01	   4.6140338166297257e-02	  -5.2441969190012531e-02	  -2.2166571280406361e-01	
