   0.0000000000000000e+00	   7.1984421756965411e-01	   6.3832028419956410e-01	   4.4763494019519801e-01	   1.7706558195606636e-01	   1.3389083226395548e-01	   3.3707169290412620e-01	   4.5112149766946996e-01	   2.0036778091082744e-01	   1.3717701436031743e-01	   7.3214390891452352e-01	   6.6795516448019754e-01	   5.2430969847493358e-01	   3.7135258739822863e-01	   4.6302562673900860e-01	   2.9139748473556687e-01	   1.0307396171504910e+00	   8.0383203310107731e-01	   9.3691786687385703e-01	   7.7843989813024062e-01	   2.4106064675323452e-01	   2.1188887941748569e-01	   3.6010905162054835e-01	   3.1724830861292780e-01	   3.0544012019511141e-01	   2.6189200379992672e-01	   2.7877684749335246e-01	   2.1102509500497080e-01	   6.4682810309791083e-01	   8.5698846390354444e-01	   3.8091507613497411e-01	   3.3595748336795789e-01	   7.0700463826325188e-01	   7.0538782782516074e-01	   3.7288358413444389e-01	   3.8291141862360034e-01	   5.2697188045932108e-01	   4.0652587565884923e-01	   5.8881707822821450e-01	   6.7704368648452240e-01	   5.7006070971714551e-01	   3.4947274766896874e-01	   3.1893721340979980e-01	   3.5553100414245609e-01	   4.9194754237170391e-01	   5.6346193326079330e-01	   3.5673547364584568e-01	   5.2207567662007315e-01	   4.6668731152330145e-01	   4.8839111139695279e-01	   5.8371569344145624e-01	   4.7442703664456998e-01	   6.0675872572282941e-01	   4.7269222136110545e-01	   7.6981463419399732e-01	   6.7080047395650078e-01	   1.3753011626393166e+00	   7.3625366851363094e-01	   7.3394684731719528e-01	   5.5413495565619586e-01	   6.8879063066953017e-01	   2.9949086518282780e-01	   9.2569028935479170e-01	   4.4545190676408219e-01	   2.4877813730610532e-01	   2.3513128861473742e-01	   4.3962193460222887e-01	   3.4671910032681680e-01	   5.2805559383743361e-01	   2.9040329049020297e-01	   6.1257514934442880e-01	   7.0793637988838887e-01	   1.2058809360651672e+00	   1.0159489372982600e+00	   1.1229505561845339e+00	   1.0110339036805391e+00	   7.7566932138256639e-01	   6.3250563189133713e-01	   8.4793462557760557e-01	   6.0302954607437487e-01	   9.6729381413503368e-01	   7.1843851323179819e-01	   6.1840455500078084e-01	   6.3415638670332231e-01	   5.0984261579015311e-01	   4.7503802991991262e-01	   7.2996254317577192e-01	   4.2562655422521334e-01	   6.2127498295495731e-01	   6.5216167664207803e-01	   3.3695484320223773e-01	   2.7184509298258569e-01	   2.8707034151931676e-01	   5.1896182873176833e-01	   3.2718799341063859e-01	   3.1805886891433610e-01	   3.8088140611172999e-01	   8.0226863978191787e-01	   8.0424528414757834e-01	   7.9707591203599870e-01	   5.5770884179926905e-01	   6.6159029503608457e-01	   4.4275415336101304e-01	   6.0785836243925950e-01	   2.3291063156060717e-02	  -6.1032699336732450e-02	   2.3459890480892825e-01	   3.5075651440716676e-01	   1.0189349011467097e-01	   1.3464135174054559e-01	   3.4321269078748090e-01	   6.6182769001925768e-01	   5.9296651553478574e-01	   3.7720408048219434e-01	   2.0767757856307059e-01	  -2.0386102869492873e-02	
   7.1984421756965411e-01	   0.0000000000000000e+00	   3.3534849777556791e-01	   4.4044591706879210e-01	   5.1705830633199112e-01	   4.4158999480435845e-01	   2.0053085715908148e-01	   3.3692203053672681e-01	   4.9761437838587808e-01	   3.4200599844191237e-01	   2.4501902693955285e-01	   3.7564538655486340e-01	   2.5259753152226572e-01	   2.3553168128084701e-01	   7.2595152392884632e-01	   4.1586696256390482e-01	   8.8862925650832025e-01	   1.0990095090486722e+00	   6.5877499915349380e-01	   8.7586448252875526e-01	   5.7933769269278690e-01	   6.0831073589304951e-01	   3.0153408848159713e-01	   3.2927542713625718e-01	   5.5883601829366114e-01	   5.3475199802827211e-01	   6.8339311885685861e-01	   5.9922497349141501e-01	   4.1889636875443886e-01	   6.6456451453518561e-01	   3.0876265726414742e-01	   2.1691777953084804e-01	   6.1630920633107455e-01	   6.5271821437718780e-01	   3.3439872799898562e-01	   2.6807545032865665e-01	   3.5264145643145201e-01	   2.3645814399168691e-01	   4.9913005627270135e-01	   5.8487265740587002e-01	   4.5533842008988401e-01	   2.9644278913548788e-01	   3.6785111432800299e-01	   3.4362922730273937e-01	   4.5440093278926968e-01	   4.3507426347022260e-01	   4.5306107715771304e-01	   5.2543567940467384e-01	   2.5296208759233196e-01	   2.5124630418504040e-01	   4.9540804231864366e-01	   3.7410273300025065e-01	   6.6483383490188097e-01	   6.4341038551148166e-01	   8.2337742000224634e-01	   6.6463848087085398e-01	   8.4773555029871650e-01	   1.3707846918716406e+00	   6.4874690261284418e-01	   6.5373824604146380e-01	   5.1863783370941130e-01	   3.1948657282659354e-01	   6.3536424573865569e-01	   6.2590060643979706e-01	   4.8681135061731196e-01	   3.9112985670263961e-01	   5.9596146044089870e-01	   5.1178176737113223e-01	   1.0850603795874898e+00	   9.6815551258231214e-01	   3.9541331898316989e-01	   5.3451520174353884e-01	   6.6147522148333959e-01	   7.9922355672207235e-01	   5.5505134048638549e-01	   4.9303599186621955e-01	   4.7363418241782013e-01	   4.5106257340538258e-01	   8.0175306414980985e-01	   7.9858877260461192e-01	   7.9224939883176226e-01	   6.9488290714557976e-01	   9.3462214555536682e-01	   7.6872917572924870e-01	   6.1971530313245471e-01	   5.4087045403034451e-01	   6.3224398741949595e-01	   3.6237551182509214e-01	   9.8533182517696838e-01	   8.9136111589465006e-01	   5.0344639417273362e-01	   4.5210633938107864e-01	   5.5488994151449178e-01	   8.5863137497622777e-01	   4.2728295976664554e-01	   3.2217113126782432e-01	   5.7448389458559068e-01	   5.1527504688432024e-01	   9.0613300504350391e-01	   6.7129929368737218e-01	   8.9302800120439385e-01	   8.6537490601547673e-01	   1.0026881200860722e+00	   9.3931716672031618e-01	   8.6979722504002849e-02	  -1.1366067810784092e-01	   3.7483057245919188e-01	   4.5886882777081067e-01	   1.6196455905304965e-02	   1.0845624470687930e-01	   5.1101277336598416e-01	   8.0303308945024932e-01	   6.2182019422902979e-01	   2.1219037582702346e-01	   6.0559405702215269e-02	   7.4665664561293657e-02	
   6.3832028419956410e-01	   3.3534849777556791e-01	   0.0000000000000000e+00	   1.1271388288501094e+00	   3.1657549018250813e-01	   3.9221376868313501e-01	   1.2140863596187228e+00	   7.8243126552951381e-01	   4.7638137936555780e-01	   2.9185134729255591e-01	   6.8235947982854483e-01	   6.1494685379026248e-01	   7.4519908282877823e-01	   6.6158106659499760e-01	   7.2233488787553879e-01	   7.7321290630510298e-01	   1.9916948277273847e-01	   2.7208482364513020e-01	   8.3612426560498943e-01	   5.2489996478737433e-01	   1.9473943670301858e-01	   1.5161204860008667e-01	   1.1374749563838875e+00	   1.1854967809279218e+00	   5.0486708719164397e-01	   5.4323226210124143e-01	   5.0924355866479365e-01	   4.5198825068631643e-01	   3.5695406801071311e-01	   3.0041477525467819e-01	   8.7218353923540359e-01	   9.1382425798744138e-01	   7.2512207510880766e-01	   5.5414444818166175e-01	   5.6249835678859961e-01	   5.2678809873081089e-01	   3.6356323002332513e-01	   3.3797876019101103e-01	   3.9891656602091086e-01	   4.6081132488066334e-01	   3.5088994837213011e-01	   3.3759863329381617e-01	   4.1950894549818724e-01	   4.2396347282272095e-01	   3.2575588741929834e-01	   3.8791490531943473e-01	   5.1467659905490426e-01	   5.6539399025693571e-01	   5.0054247738384483e-01	   5.8664140701939704e-01	   6.6952318923300680e-01	   5.8252782692462179e-01	   5.7642485600138715e-01	   5.0596124984086033e-01	   5.7398038368446447e-01	   6.4932151696869012e-01	   3.5974152123566300e-01	   2.3403252236808816e-01	   5.0791753837868381e-01	   4.3428256994088310e-01	   5.7015880728061008e-01	   5.1743680541531578e-01	   2.3828711604320463e-01	   2.4182511242582613e-01	   8.0076647312139726e-01	   4.4784201511533139e-01	   6.0595665407129862e-01	   3.9360515129602680e-01	   1.3184278853264705e-01	   8.5302268067397116e-02	   5.8810761264165068e-01	   6.1527505303757946e-01	   6.6089707314972679e-01	   6.2017340376709151e-01	   6.4956351304550153e-01	   5.7649440200850099e-01	   6.7021539765774296e-01	   5.4044321564775522e-01	   2.4822968646120086e-01	   3.8557344989867637e-01	   5.0809372125459229e-01	   6.4311822860555012e-01	   6.1105406133799445e-01	   4.3821049105910564e-01	   7.8138009198844549e-01	   7.5798199710326764e-01	   6.2078689736888859e-01	   4.8523078306296041e-01	   4.6461975149751289e-01	   6.3484201715656252e-01	   8.0264708692834097e-01	   7.4929014431573215e-01	   6.7108348243231031e-01	   6.0000569737676213e-01	   7.9618019726110531e-02	   3.2785531894418446e-01	   1.5794498616868674e-01	   4.2064816512007569e-01	   5.0107494077267356e-01	   7.3855135879120570e-01	   5.4142035868790672e-01	   4.5786929437908802e-01	   1.8874732971335667e-01	   2.7188027355029404e-01	   1.7061879387862169e-01	   7.9938669234395618e-02	   1.8430792268055712e-01	   2.9644635531195090e-01	  -3.6869207722043586e-02	   1.5964098060988205e-01	   3.1122205439475603e-01	   3.6025879813852196e-01	   6.6673274329518961e-01	   5.3435849177697137e-01	   5.9133762669302503e-01	   2.7327999244835699e-02	
   4.4763494019519801e-01	   4.4044591706879210e-01	   1.1271388288501094e+00	   0.0000000000000000e+00	   4.2771898491439642e-01	   6.1905036785575951e-01	   1.2984461677771508e+00	   1.2745415511959530e+00	   5.7538210266929424e-01	   4.4675472269700711e-01	   5.0987695007203182e-01	   7.5167134993100337e-01	   5.6082041502211388e-01	   7.8531231759386144e-01	   7.1675842242405918e-01	   9.8741295193344281e-01	   1.9838019871386300e-01	   3.0509678299263432e-01	   7.9344962108525219e-01	   6.2876541200554492e-01	   1.7459486924120171e-01	   2.1488541473190831e-01	   7.1107191272095738e-01	   1.0711670673979337e+00	   5.2951164524375927e-01	   7.6312187251722452e-01	   4.6526866224555130e-01	   4.9561264390089305e-01	   3.6642054123646284e-01	   3.5842865363095300e-01	   6.5293715231440363e-01	   7.2395543387210926e-01	   8.5453448544986976e-01	   8.3033592652721833e-01	   6.5540345652736565e-01	   7.1196564029490172e-01	   2.7329811913713448e-01	   2.6522766264908970e-01	   3.6064187925439728e-01	   4.4826202441873853e-01	   1.9494517010320161e-01	   2.3821853749563504e-01	   4.6210526517462808e-01	   4.9232185127331562e-01	   3.8306973847548231e-01	   4.3868224216877799e-01	   5.8021398218737752e-01	   6.4132999409822877e-01	   4.9510924882478435e-01	   6.5128319037564819e-01	   7.5376181207732718e-01	   5.5276097405932179e-01	   6.1931263240078893e-01	   5.5844850163392734e-01	   6.3898970711809688e-01	   6.5801162383501399e-01	   2.7997279925480678e-01	   3.1022885931088162e-01	   6.4555421971817861e-01	   8.0757672508840028e-01	   8.5416472013625733e-01	   1.0016170806059836e+00	   2.7739642860297881e-01	   5.6951860054349668e-01	   9.5933040432337202e-01	   9.0648759842784299e-01	   9.6994958986653301e-01	   8.3348761306255270e-01	   1.8247902852591127e-01	   2.6823266076246999e-01	   3.6613108776700420e-01	   4.6793289913964931e-01	   6.2848642639410379e-01	   6.9821931053888109e-01	   6.2424632499713373e-01	   5.8117769367719574e-01	   5.7126628839167048e-01	   6.2921773617392462e-01	   2.2764070212830403e-01	   4.0242725357021725e-01	   4.3387418911128273e-01	   5.8434592101623428e-01	   5.7102137460598301e-01	   4.8268378652891430e-01	   7.5299484374207715e-01	   8.9347539226876194e-01	   4.5771848707275037e-01	   5.7345828913647068e-01	   5.0880122401887484e-01	   8.0686101112546560e-01	   1.1691121225975576e+00	   7.4579695710815719e-01	   9.7797310853785357e-01	   6.6278452775998664e-01	   6.4521824243219728e-02	   2.3387219790817154e-01	   1.7425943537598956e-01	   3.6875317527391488e-01	   6.3610814358625445e-01	   7.2691044126541471e-01	   7.5158375674436839e-01	   4.8037202731934125e-01	   3.5652300804350956e-01	   3.4075573961211147e-01	   1.2324314187486446e-01	   1.8311367031288193e-02	   9.2374652063061405e-02	   2.6667501611824784e-01	   2.6657550569833093e-02	   1.7788007257227528e-01	   3.2397070102836223e-01	   4.2236526441112110e-01	   6.5594934700061758e-01	   6.0916320703906579e-01	   5.6506259517616886e-01	  -1.4839395011156650e-01	
   1.7706558195606636e-01	   5.1705830633199112e-01	   3.1657549018250813e-01	   4.2771898491439642e-01	   0.0000000000000000e+00	   1.4639058328775778e+00	   2.2653301403682030e-01	   3.3878338753545501e-01	   1.6110003610121864e+00	   1.4152275396359053e+00	  -1.9120884334694493e-01	   2.2012521399867108e-02	  -1.5702091308383712e-01	  -6.0171074282574739e-02	   4.0183069506030517e-01	   3.9408268856752882e-01	   2.4853725519569214e-01	   3.4549045048243288e-01	   7.9779913314036069e-02	   1.0608080029392980e-01	   4.2249189504312756e-01	   5.6743534844485233e-01	   2.7748940647604237e-01	   3.5646240568807291e-01	   7.3009512954054723e-01	   9.7623451160411490e-01	   6.2736296600506436e-01	   7.1205286311610039e-01	  -1.8440617324529085e-01	  -3.4464844521514611e-02	   2.7589728536027219e-01	   8.8696095850040763e-02	   4.8272635977046541e-01	   5.0331515207680810e-01	   5.2103237912572431e-01	   4.4123250818867787e-01	   9.6050204551112212e-02	   4.5214825393291372e-02	   1.5329976520248703e-01	   2.1935189851559989e-01	   1.7543306583264384e-01	   1.9667646857273408e-01	  -1.3814861324981520e-01	  -1.4558942255244919e-01	   2.3087949662895793e-01	   1.0113594881658609e-01	   4.7717601618861828e-02	   7.4296224348777209e-02	  -6.8628368268091211e-02	   1.6927611859282635e-01	   3.2300598292515253e-01	   2.2079419587331076e-01	   4.6184266147098807e-01	   4.8997045877922352e-01	   4.6071811285505160e-01	   4.2775001015848069e-01	   3.1404763172837208e-01	   6.7019679450529290e-01	   7.1994113965019790e-01	   6.9642661640933445e-01	   5.1829674407889303e-01	   5.1501951047960115e-01	   1.3004443042938449e-01	   2.6337375222307413e-01	   5.0668282954699684e-01	   4.1429828575797933e-01	   6.0370295741451274e-01	   5.0670072453400583e-01	   4.0600282829763312e-01	   5.2525442730955652e-01	  -5.4403753562071701e-02	   1.8726321546582345e-01	   2.4132668735037871e-01	   3.2633364994829883e-01	   1.3936525391130611e-01	   7.5881390647384903e-02	   1.1278900290244917e-01	   1.1627170084233640e-01	   3.1161244628925466e-01	   3.0524933720002018e-01	   3.4312027867217021e-01	   4.2577011363541944e-01	   2.9016387082305400e-01	   3.1837656307550188e-01	   4.1272411237980805e-01	   4.7672397331120986e-01	   2.3762106559382390e-01	   2.9748020819865140e-01	   5.6586466084623099e-01	   8.2979329500861765e-01	   4.9421570681887039e-01	   4.5839158740222430e-01	   5.7000223536211780e-01	   5.6615864144092165e-01	   1.3201003684371328e-02	  -2.2699845906057330e-02	   1.6914062867610108e-01	   1.7851290180458551e-01	   3.0246247221757766e-01	   3.6809481272360950e-01	   4.7432147397429719e-01	   5.7608899412046188e-01	   3.7231821698952217e-01	   5.3193957860743890e-01	   9.0479223523602811e-02	  -1.3515763056984326e-01	   1.9804410251897475e-01	   2.6426440123545769e-01	  -2.8399592252959110e-01	  -1.1237130814201585e-01	   1.8822078994546287e-01	   2.8535176221237446e-01	   3.8356491938349718e-01	   2.8207187347239305e-02	  -5.1500094621513240e-02	  -1.9502531640607872e-02	
   1.3389083226395548e-01	   4.4158999480435845e-01	   3.9221376868313501e-01	   6.1905036785575951e-01	   1.4639058328775778e+00	   0.0000000000000000e+00	   3.7523313105537931e-01	   5.7715061540703816e-01	   1.6474955696578428e+00	   1.6149608345250637e+00	  -1.2504242699562537e-01	   1.5711724610537978e-01	  -6.6705665541912873e-02	   9.8639160385666502e-02	   4.7062741893908511e-01	   6.3562422876216040e-01	   1.7589276367258377e-01	   2.9691092007879333e-01	   1.7009298380236451e-01	   1.4658644515886776e-01	   3.2981817800592911e-01	   4.8048656356531771e-01	   3.3337083248298632e-01	   5.0281600099487844e-01	   5.9981681240348084e-01	   9.5167478741278144e-01	   6.4729974194151918e-01	   8.3256732396621869e-01	  -1.4479251238583876e-01	   2.2048818121780972e-02	   3.0121187683866418e-01	   1.6953362523392870e-01	   4.6862081475819356e-01	   5.3633185284157792e-01	   5.1721604360569695e-01	   4.7949947120747749e-01	   8.8114440162404051e-02	   2.5481506217464860e-02	   1.2901195986612896e-01	   2.3584472396312367e-01	   2.0586872553589658e-01	   1.8123651421722076e-01	   1.1200829261973029e-02	   9.7724914610989432e-03	   2.8678503949488937e-01	   2.2339959228689676e-01	   2.1433697890116504e-01	   2.4711475902560445e-01	   7.3520660378290262e-02	   3.1313906651645029e-01	   4.3810265361749506e-01	   3.4622919413837666e-01	   5.1211257693754286e-01	   5.5786445624250625e-01	   4.9204458889320446e-01	   5.1783212248315380e-01	   2.0832326050351679e-01	   5.3608657694251594e-01	   6.0218465389906062e-01	   7.7182826581023978e-01	   5.2887389119696948e-01	   7.2384627003237123e-01	   1.1218500299683311e-01	   3.2954637245781987e-01	   6.1053191624294145e-01	   4.4862706729772134e-01	   6.6926605675947626e-01	   5.7024448979545284e-01	   3.4312631339957705e-01	   4.7459218991828411e-01	  -9.2249273178769478e-03	   1.8070919228880228e-01	   2.7099338967067632e-01	   3.4625462079230429e-01	   1.6107163204467279e-01	   8.8167636347872419e-02	   1.5160724993416824e-01	   1.9464647613911701e-01	   2.6547774102772426e-01	   3.6264090624984036e-01	   3.6615344304257258e-01	   4.6773814023909815e-01	   2.9620411035790140e-01	   3.6162185688756909e-01	   4.8187244763842041e-01	   5.7761432264758772e-01	   2.5586721055880990e-01	   3.7448257304172988e-01	   5.1859452890892932e-01	   8.6895025219553934e-01	   7.5504222819885425e-01	   6.1111620920714071e-01	   8.4385373709938172e-01	   6.7465335728439368e-01	   4.4523940602681736e-02	   1.2940738311275736e-02	   1.6677153450451507e-01	   1.7201602168377941e-01	   3.5568560039348640e-01	   4.4601885147942172e-01	   5.3183072825664957e-01	   5.3528526055020376e-01	   3.3846495691620659e-01	   4.8104667223832864e-01	   1.4022566453622920e-01	  -1.0719608472233511e-01	   2.0274876528437796e-01	   3.3928184505801467e-01	  -2.1865966901214490e-01	  -1.9135382343393240e-02	   2.2849720141627336e-01	   2.8709022925046190e-01	   4.5619629678190443e-01	   1.9219638129366598e-01	   1.5054913713062956e-01	   4.5675747236036367e-02	
   3.3707169290412620e-01	   2.0053085715908148e-01	   1.2140863596187228e+00	   1.2984461677771508e+00	   2.2653301403682030e-01	   3.7523313105537931e-01	   0.0000000000000000e+00	   1.1374028919287209e+00	   3.9276917637311587e-01	   2.2327129067372692e-01	   5.3904429485654459e-01	   5.8092145303349219e-01	   7.4448489324161460e-01	   7.8919402974194153e-01	   6.4964947372749027e-01	   7.8691038720808315e-01	   3.4788498213331236e-02	   1.6181663302788932e-01	   6.5333281188117209e-01	   4.2283558334202515e-01	   1.0228075233447501e-01	   8.9652829480877577e-02	   7.6816175366213746e-01	   1.0204778825645775e+00	   3.5711710694425308e-01	   4.8098390942846220e-01	   4.1209487078658624e-01	   4.2199094749536903e-01	   2.7279969809862153e-01	   2.3248228261524481e-01	   7.4809420478476230e-01	   7.8843755318857034e-01	   7.7202240880557560e-01	   6.3456822280591385e-01	   6.5471237653412806e-01	   7.0092091564967052e-01	   2.8806967809091688e-01	   3.2452953921289757e-01	   3.8057796494843099e-01	   4.5553133495869702e-01	   2.1169269123335635e-01	   2.6123763412251139e-01	   5.3557618082251457e-01	   5.3535667065396253e-01	   3.5904806291499564e-01	   4.1754894763743000e-01	   6.4071723781364964e-01	   6.8497823491223175e-01	   5.4349546696052098e-01	   6.7251297660588694e-01	   6.5898580858827882e-01	   5.3686675179350241e-01	   5.0880475225105348e-01	   4.8797760763576525e-01	   5.2993811812558855e-01	   5.9979566103473603e-01	   1.2460178991678371e-01	   1.0880896167298384e-01	   4.4147502052067916e-01	   5.2181911043270202e-01	   6.9167996669221576e-01	   7.7463994072282749e-01	   1.2407830595602878e-01	   3.2845485730062562e-01	   8.6364683619214855e-01	   6.6700599795274174e-01	   7.2144075572149835e-01	   6.2345410033143955e-01	   9.2322465149336383e-02	   1.5549005676880598e-01	   4.7910504100552637e-01	   4.6229599436179508e-01	   4.5456159683745989e-01	   4.7311030954627054e-01	   4.8531108214990404e-01	   4.3386705000502124e-01	   5.2289364165757268e-01	   5.4384032065573151e-01	   1.0839854085965811e-01	   2.9914701702259228e-01	   3.3724763154416465e-01	   5.2428507798724111e-01	   4.7463757874680024e-01	   3.6356557266486539e-01	   6.9300241107131222e-01	   7.5254005313775030e-01	   3.8267946480731913e-01	   4.3744896680354906e-01	   4.0110947923632645e-01	   6.0174505039087089e-01	   1.0237359124355145e+00	   7.8800673317843162e-01	   8.2291919697235627e-01	   5.8516129867168831e-01	   6.0832625880198998e-02	   3.4346220439234371e-01	   1.2837956857116792e-01	   3.5871566241048541e-01	   4.9984162017202149e-01	   6.2562142857027681e-01	   5.8943253428070785e-01	   3.8344568157808573e-01	   2.4305634057896267e-01	   2.1934482646805301e-01	   2.1108123249393096e-01	   1.6016921496038294e-01	   1.3546984543483948e-01	   2.6934557376891233e-01	   3.4753389659556516e-02	   3.0872112864309659e-01	   3.1077979456094129e-01	   3.2566462503068239e-01	   5.7821811011337121e-01	   6.5472510671154160e-01	   6.9829946160010037e-01	  -3.8275995173071738e-02	
   4.5112149766946996e-01	   3.3692203053672681e-01	   7.8243126552951381e-01	   1.2745415511959530e+00	   3.3878338753545501e-01	   5.7715061540703816e-01	   1.1374028919287209e+00	   0.0000000000000000e+00	   5.0034578305923649e-01	   4.1997255639571529e-01	   4.1557763470120135e-01	   6.1877192378599732e-01	   5.2396863523951465e-01	   6.5339715009068300e-01	   6.1336505200929881e-01	   7.4018613324828864e-01	   2.3941270245405796e-01	   3.5197250989708684e-01	   6.5515112742835069e-01	   4.2652505956958237e-01	   1.8969809786058303e-01	   1.9176283520717474e-01	   5.8910549513808164e-01	   8.7941971739722025e-01	   4.3439019206110885e-01	   6.2065054231043071e-01	   4.2143551243695210e-01	   4.2606357060132483e-01	   2.4485869213927478e-01	   3.7932271553788971e-01	   6.4787406683975779e-01	   6.0273513530036971e-01	   7.7452797633846260e-01	   8.4364115240150284e-01	   8.1819368343848065e-01	   9.1309587954509497e-01	   3.7221089064765200e-01	   3.7703991480626325e-01	   4.3323378488698389e-01	   5.4483532702046722e-01	   2.7482324427790139e-01	   1.6833412552684812e-01	   5.6388152303539096e-01	   5.9051166900544005e-01	   3.7588342031420274e-01	   4.7148589109490902e-01	   6.7935275295735442e-01	   8.1040823478061597e-01	   5.7412000469319802e-01	   7.5813180015213710e-01	   8.3027799641172484e-01	   5.4255385248390720e-01	   7.5309484569291485e-01	   6.0182231162117039e-01	   7.0320455469449250e-01	   7.0564911594327628e-01	   2.8083135599175829e-01	   2.7319325528489563e-01	   6.2857998863879749e-01	   9.5959888333180832e-01	   7.9070360613493940e-01	   1.4129790858777529e+00	   1.8732613271902826e-01	   3.6144386018188412e-01	   7.0954748011704416e-01	   7.3581702474109667e-01	   7.2848528815349201e-01	   7.1855158316049828e-01	   2.0139417540598470e-01	   2.8974402143000361e-01	   4.9669934119287551e-01	   5.2150415328173294e-01	   6.3210244532720772e-01	   6.9939381621235741e-01	   6.6361319409853903e-01	   6.5039398965770556e-01	   5.8799182946960982e-01	   6.8932019203332084e-01	   3.4419178474516315e-01	   5.4390547204536432e-01	   5.1408102308561610e-01	   5.4118768250612481e-01	   4.4320721012947423e-01	   3.2782755600513763e-01	   6.1294939186141484e-01	   6.8749612170202812e-01	   3.9396529445365197e-01	   4.0270682321141316e-01	   5.2022774187368104e-01	   7.9950218186936861e-01	   1.2517702249596092e+00	   8.1982165674988672e-01	   1.0862954067424850e+00	   7.6954150812258393e-01	   1.4493039950898687e-01	   3.1729767723768448e-01	   2.3805333062250780e-01	   4.8457108404970761e-01	   7.3272913328384426e-01	   8.4254205479718736e-01	   7.6631384493435384e-01	   5.5584721394281056e-01	   3.9064076554388938e-01	   4.0565448447703883e-01	   1.6758961273471742e-01	   5.2234468011501931e-02	   2.8258163670541792e-01	   4.9065486616853249e-01	   1.4205599326734843e-02	   2.9911329407957288e-01	   4.3162523818829823e-01	   5.1645315453721319e-01	   6.9595889620935303e-01	   8.7154724770176673e-01	   6.7984615904441481e-01	  -5.3517314586773633e-02	
   2.0036778091082744e-01	   4.9761437838587808e-01	   4.7638137936555780e-01	   5.7538210266929424e-01	   1.6110003610121864e+00	   1.6474955696578428e+00	   3.9276917637311587e-01	   5.0034578305923649e-01	   0.0000000000000000e+00	   1.5380904217035896e+00	  -5.0006703884180478e-02	   2.0227674586662203e-01	   2.3489385557850972e-02	   1.4970344299948102e-01	   6.0636053185413452e-01	   7.0272078162846308e-01	   2.0433342658343062e-01	   3.4264408328853596e-01	   1.8693867556691557e-01	   1.4894337836003840e-01	   4.2638289683476099e-01	   5.5543035702861310e-01	   4.7931234863991778e-01	   6.1504032017351862e-01	   7.3050444277499826e-01	   1.0115976689851758e+00	   7.9218324787362904e-01	   9.1782882063220883e-01	  -1.1506888227169479e-01	   6.5113399313372719e-02	   4.2542389851550816e-01	   3.0065092012376826e-01	   4.9495020493571312e-01	   4.7214732742779197e-01	   4.8910356440790642e-01	   4.1565493504398110e-01	   1.3598978124564681e-01	   8.7333721828431521e-02	   1.8931676449822266e-01	   2.9132076132558987e-01	   3.1753388127915871e-01	   2.2267291083204363e-01	  -3.9400154567235307e-02	  -7.8784322826690734e-02	   2.3948579559859345e-01	   1.3850996746180474e-01	   1.8321376266465753e-01	   2.0252471827442856e-01	   1.3378258118561012e-02	   2.2148212569264636e-01	   4.2056559992381654e-01	   3.5884631880551671e-01	   5.8270972015227351e-01	   6.4893156252601092e-01	   5.8056964007991252e-01	   6.0635508722961307e-01	   2.5559759925321002e-01	   5.8410967837630312e-01	   6.5551782338929954e-01	   6.9834251418524618e-01	   5.0998680840425903e-01	   6.1210353137310303e-01	   1.3299817026772862e-01	   2.9926251003068216e-01	   6.7795301178772494e-01	   3.9800062677702375e-01	   6.3358679105613125e-01	   4.8847506041161393e-01	   3.6577452942149391e-01	   4.6470498604541927e-01	   1.1871822356249188e-01	   2.8072951776187810e-01	   3.0899465345944760e-01	   3.7849337054663756e-01	   1.7534335902269560e-01	   1.3190932937925337e-01	   2.1484117488664278e-01	   1.9873551394285696e-01	   2.9803863691593663e-01	   3.8088782216892669e-01	   4.1326017637855106e-01	   5.6535865115672501e-01	   4.4444152677497761e-01	   4.2948851378724417e-01	   6.3626558747913431e-01	   7.3995253731794652e-01	   3.6806425992612934e-01	   4.2982439359071656e-01	   6.8258711607701528e-01	   1.0293839783620289e+00	   7.9301235801029990e-01	   7.7154223024246149e-01	   8.7464616669310835e-01	   8.1178829434971356e-01	   9.8852638079902660e-02	   8.3322484365063232e-02	   2.7843668803271515e-01	   2.6817721165865827e-01	   4.1959195585736908e-01	   5.3605387645209590e-01	   6.2708828986369725e-01	   7.1846349426455647e-01	   4.4437824327492897e-01	   6.1278225271770026e-01	   2.3986761951794525e-01	  -5.6320495117575860e-03	   3.6713036783480368e-01	   4.9287536879848959e-01	  -3.1975059211533308e-01	  -7.7063681618805072e-02	   3.0112312328913987e-01	   3.6977583485125209e-01	   5.3894531909986265e-01	   2.0873342877305823e-01	   1.6474379932668737e-01	   1.9865332104909456e-01	
   1.3717701436031743e-01	   3.4200599844191237e-01	   2.9185134729255591e-01	   4.4675472269700711e-01	   1.4152275396359053e+00	   1.6149608345250637e+00	   2.2327129067372692e-01	   4.1997255639571529e-01	   1.5380904217035896e+00	   0.0000000000000000e+00	  -1.4642026747709469e-01	   1.6864497888682153e-01	  -1.2102348810624403e-01	   8.0081210336654315e-02	   3.3909914117157441e-01	   5.1730719943017456e-01	   1.8706804688893383e-01	   2.5871687316294595e-01	   6.7204614245142139e-02	   6.1533876136630597e-02	   2.2117820109259767e-01	   3.7007030269289698e-01	   2.2839404829076210e-01	   3.8558300875757290e-01	   5.0632679840818884e-01	   8.2785936215307498e-01	   4.6851456891656945e-01	   6.0735238164718464e-01	  -1.5487128872773892e-01	   9.2583267925867001e-03	   2.2085662412111895e-01	   1.0643510749640858e-01	   4.5829636490657666e-01	   4.9423208232235760e-01	   4.6825460868771368e-01	   4.0749566095588163e-01	   1.0543376135039084e-01	   2.0038439025715071e-02	   1.1531434950185301e-01	   1.7784300185790983e-01	   2.5668437552433909e-01	   1.4921084664411008e-01	  -1.9773575065602647e-01	  -1.9096903144026467e-01	   2.5532550769596085e-01	   1.3969840883638712e-01	   2.3379393972802656e-02	   6.2262663642155769e-02	  -6.4293878479261171e-02	   1.6633551206261413e-01	   3.0148323903850893e-01	   1.9556478226911947e-01	   4.4347782721326401e-01	   4.4871929066009192e-01	   4.3847696468947023e-01	   4.0424596789074579e-01	   2.2391026732234975e-01	   5.1111394604422911e-01	   6.4847696303831326e-01	   6.9540278368819841e-01	   5.2296910788556805e-01	   5.5996911271539140e-01	   1.4508952832846017e-01	   3.1058774201334760e-01	   4.2671565130780842e-01	   3.2953545785914479e-01	   6.2708862445462632e-01	   5.2710661620282784e-01	   2.6690950152034010e-01	   4.0220510572144830e-01	  -1.0728197492468859e-01	   1.0293851329322658e-01	   2.3856807003052721e-01	   2.9174435903608675e-01	   1.1319319958922963e-01	   6.0308868589476386e-02	   1.0608492620680002e-01	   1.3384093888449422e-01	   2.5217375693573052e-01	   2.8558991766305830e-01	   3.3969565014092684e-01	   4.2063206753249677e-01	   1.8830484128998046e-01	   3.4686768801284629e-01	   4.1237714950376303e-01	   5.3564493118737511e-01	   1.4736487188792835e-01	   3.6883845970403123e-01	   4.8096708672345345e-01	   8.0612063731103767e-01	   5.5604231791229974e-01	   4.6480576982194610e-01	   6.3131449403851714e-01	   5.0260756498770254e-01	   7.8079146147433109e-02	   1.4675581122293915e-02	   1.9523968210568415e-01	   1.8223158815906199e-01	   2.7049348353036889e-01	   3.4649601849811601e-01	   4.5243050600970480e-01	   5.1517435443731130e-01	   3.1304825297972610e-01	   4.6172380098073895e-01	   1.8712441833124802e-01	  -2.9971798039535851e-02	   1.7843263228534956e-01	   3.2168893224579737e-01	  -1.9667395422068182e-01	  -6.8440057822332340e-02	   2.2030513222019538e-01	   2.9310098581197025e-01	   4.4107122392559073e-01	   1.2411133223083848e-01	   3.6258179293322694e-02	   1.4592719321850448e-01	
   7.3214390891452352e-01	   2.4501902693955285e-01	   6.8235947982854483e-01	   5.0987695007203182e-01	  -1.9120884334694493e-01	  -1.2504242699562537e-01	   5.3904429485654459e-01	   4.1557763470120135e-01	  -5.0006703884180478e-02	  -1.4642026747709469e-01	   0.0000000000000000e+00	   9.6188095918929828e-01	   1.1895835954636211e+00	   8.3336634763831963e-01	   5.0667583196114552e-01	   4.4459351616085924e-01	   3.2348084133233601e-01	   1.9952686808896250e-01	   8.4383376508433861e-01	   6.4868144389084792e-01	  -9.8479936752398599e-03	  -7.5724576344658193e-02	   4.3621174380056854e-01	   4.1314144464783237e-01	  -3.7282456659161724e-02	  -3.1431957630591111e-02	   1.4388978171958573e-02	   5.8915321340421867e-03	   8.6105079812571483e-01	   6.5949730722882893e-01	   3.6509358723910895e-01	   5.7383238373186840e-01	   4.1124741637813933e-01	   2.7004290527665542e-01	   5.4411360279807133e-03	   8.3989596141400044e-02	   3.8796729897946336e-01	   3.5749393946065550e-01	   3.6771924300872671e-01	   4.2347260304287598e-01	   3.6996633386112820e-01	   3.1988172570790391e-01	   3.2786665207699167e-01	   3.3793522753539385e-01	   2.5307861265958143e-01	   3.1546198248412061e-01	   3.8206683153586568e-01	   3.9851372965271914e-01	   4.4522314973992699e-01	   4.2850580793329068e-01	   5.1384793391641193e-01	   5.1843196846791795e-01	   4.6626062046943756e-01	   2.9566510202983048e-01	   4.9229275669180816e-01	   5.0988005854975382e-01	   3.3373572484574021e-01	   6.3080771757236170e-02	   2.5832560126013659e-01	   2.3100289872765611e-01	   3.9024607704986314e-01	   1.4179425756529357e-01	   3.7361740489263245e-01	   2.6915956169575178e-01	   1.3476405120012899e-01	   5.7990073549072159e-02	   2.4506467762910561e-01	   1.6587483105800055e-01	   2.7565890016495728e-02	  -7.8392902433414263e-02	   7.0638266942510708e-01	   5.8488839604718479e-01	   7.9457402133991939e-01	   7.0590767520775488e-01	   8.4754269365604085e-01	   8.2875208507303688e-01	   7.5214642437022583e-01	   5.7893734212937831e-01	   2.7605062229161970e-01	   2.3820407760470808e-01	   4.1787826672321343e-01	   3.6474001407501966e-01	   4.9399524743119438e-01	   3.9424600991543024e-01	   4.5756207816614036e-01	   4.5557439167697367e-01	   3.7223233387116350e-01	   2.0236570408069898e-01	   3.0742096454207085e-01	   3.0719714613385080e-01	   3.5616056218681608e-01	   3.2007069916438147e-01	   2.0141061255174680e-01	   2.4995190994266492e-01	   2.1030812426810139e-01	   3.6122196265512180e-01	   1.9143835409569074e-01	   5.0807494283900567e-01	   5.8180335041547171e-01	   5.9953271326491175e-01	   2.9291773483214006e-01	   2.8427337855236356e-01	   1.3653867379518489e-01	   1.8273137474872841e-01	   1.4550256040471360e-01	   1.7544610070181355e-01	   1.5461877481540143e-01	   2.0849349840098241e-01	   2.2905770269280291e-02	   1.6749117098963365e-01	   1.9426630081149779e-01	   3.4962685700571622e-01	   4.7471713257708625e-01	   4.9558233616485153e-01	   5.1205831873887175e-01	   1.7908219389055745e-02	
   6.6795516448019754e-01	   3.7564538655486340e-01	   6.1494685379026248e-01	   7.5167134993100337e-01	   2.2012521399867108e-02	   1.5711724610537978e-01	   5.8092145303349219e-01	   6.1877192378599732e-01	   2.0227674586662203e-01	   1.6864497888682153e-01	   9.6188095918929828e-01	   0.0000000000000000e+00	   8.4449857320765687e-01	   1.3589405078997367e+00	   5.5960775478298963e-01	   8.5811698329776620e-01	   3.6252348038129634e-01	   3.2464771069751502e-01	   7.3768242219269642e-01	   6.6086972438512015e-01	   8.1127999675502743e-02	   8.8015378338278050e-02	   3.9264224898442773e-01	   5.6396311890968565e-01	   1.0747650833372213e-01	   2.3929532380430846e-01	   1.1249106524854960e-01	   1.9199469068244096e-01	   8.4529013650543905e-01	   8.0073115826074681e-01	   4.1165744503148638e-01	   6.4983994562138103e-01	   5.9577254803732049e-01	   5.1408024142010555e-01	   1.4669252694952736e-01	   2.3056845608130749e-01	   4.1882654524998641e-01	   3.8099949827786428e-01	   4.1353383652033004e-01	   4.5814448382128203e-01	   4.9122238437252108e-01	   3.6052358205133256e-01	   2.1444583648262427e-01	   2.2798637178093439e-01	   4.4928406035336843e-01	   4.4329926138050868e-01	   3.1215155338811440e-01	   3.7594293022798336e-01	   3.8623524990914077e-01	   3.4504250215880578e-01	   5.1561995539870642e-01	   3.9243916778514404e-01	   4.6049160937655453e-01	   2.7843016634427686e-01	   5.8497157676518730e-01	   5.2196809125763521e-01	   3.6870943142869222e-01	   2.1898501952154473e-01	   4.4498454415286781e-01	   3.9778836677474205e-01	   6.4425128880721128e-01	   3.4673335502657937e-01	   5.6550411155466429e-01	   7.1032632448824484e-01	   3.0262109858941522e-01	   3.5862187981442745e-01	   5.2552477789876662e-01	   4.6935312728105294e-01	   7.1387537723143116e-02	   8.8570124985386106e-03	   5.0401478605872152e-01	   5.5390990040105659e-01	   8.7611380724459853e-01	   8.9665684527042422e-01	   8.1008193825137265e-01	   9.1191953219771282e-01	   5.6961301447000934e-01	   5.1647711179307265e-01	   3.2014166137727240e-01	   3.2500597872884168e-01	   5.4656629804022128e-01	   6.5418791064933135e-01	   5.7462987857072256e-01	   6.9764153846462629e-01	   7.1272659388876802e-01	   9.2150052041606745e-01	   4.5126792216303224e-01	   6.1729519679151867e-01	   4.9176080811391615e-01	   5.7872555148297411e-01	   5.6397667798148321e-01	   4.1380901841485535e-01	   5.0603816040471150e-01	   3.8701023280305036e-01	   1.1741137041632921e-01	   2.0044382101345329e-01	   2.4695075509162387e-01	   4.6060560433257958e-01	   6.4225101278298868e-01	   6.0225122020858357e-01	   6.1156294962960622e-01	   4.3655488443057200e-01	   2.9835913886922499e-01	   3.3121293264867474e-01	   1.8998756763849811e-01	   2.4002033181434834e-01	   2.2019157512182988e-01	   3.8618213579902938e-01	  -6.2384937076867389e-02	   8.7853798545747749e-02	   2.5279746470774056e-01	   3.4819828345632342e-01	   6.2079104709029842e-01	   5.8381473453850175e-01	   5.4548652710465007e-01	   1.0420081422314996e-01	
   5.2430969847493358e-01	   2.5259753152226572e-01	   7.4519908282877823e-01	   5.6082041502211388e-01	  -1.5702091308383712e-01	  -6.6705665541912873e-02	   7.4448489324161460e-01	   5.2396863523951465e-01	   2.3489385557850972e-02	  -1.2102348810624403e-01	   1.1895835954636211e+00	   8.4449857320765687e-01	   0.0000000000000000e+00	   1.1137288362203437e+00	   8.3127587040828721e-01	   6.8718839573749246e-01	   1.6394880759141031e-01	   1.7314010929192306e-01	   7.6212033058917628e-01	   5.7020022520691027e-01	   1.2412999776089408e-01	   6.2306205471178919e-02	   6.1503834423220749e-01	   6.1021004776342314e-01	   3.1873199232098554e-02	   4.4840967203559644e-02	   2.2914453280293084e-01	   2.0189691725752223e-01	   6.5121354240234641e-01	   5.4786248732335285e-01	   6.6564878277481243e-01	   9.1648693009884163e-01	   5.0755353267252201e-01	   3.3999205624224893e-01	   2.1213942402562386e-01	   2.1493558088623313e-01	   4.6338794046007520e-01	   4.5167342228084417e-01	   4.8037520701070119e-01	   5.4121342736192890e-01	   4.5582705975523663e-01	   3.6726146857008646e-01	   4.3340377466163138e-01	   4.1079873813647994e-01	   3.2781438709370780e-01	   3.9813428304687670e-01	   5.1586257256308299e-01	   5.6562814560995367e-01	   5.4399842285098698e-01	   4.8295931311392737e-01	   5.6301527047034372e-01	   5.7135625060266748e-01	   5.4240076315483132e-01	   3.8091208456524245e-01	   6.1626189123367536e-01	   6.3675108819019410e-01	   1.9303018750211279e-01	   4.6085336636715588e-02	   2.5430383841815468e-01	   2.2765823884371997e-01	   3.3943686618924035e-01	   1.9914352312954856e-01	   2.2368856875819548e-01	   2.5574229263552173e-01	   3.2578777017086619e-01	   1.2370437213157592e-01	   3.6728975151511867e-01	   2.8294189794670532e-01	   9.7807466894271125e-02	   3.9603193357239878e-02	   7.4464903858676157e-01	   6.1583632771322006e-01	   6.3606940096558806e-01	   5.8515245077637101e-01	   6.4213313694592489e-01	   6.1747321248693976e-01	   5.4651665794083515e-01	   4.4088596485639997e-01	   1.8720476641019451e-01	   2.5433535301191529e-01	   4.0560524713989649e-01	   4.7951348333325694e-01	   7.5224409332993569e-01	   4.8433944832619813e-01	   6.8781621292171824e-01	   6.4651617860794475e-01	   5.0387239351310686e-01	   3.6265626835982850e-01	   4.9319292683022764e-01	   4.4534463645824318e-01	   5.1028394165968760e-01	   5.6081597091108781e-01	   3.6915431393380843e-01	   3.9974445387707613e-01	   1.7244300738067195e-01	   3.8462983893047148e-01	   1.9982095199773842e-01	   5.1244149031399400e-01	   5.9098580480698815e-01	   6.5275816822487354e-01	   4.7775614339751199e-01	   4.0882967370795364e-01	   2.5336599999693316e-01	   3.0521287693274540e-01	   2.9638572880283198e-01	   2.5978024848584741e-01	   2.6062007352405436e-01	   3.8265799453931326e-01	  -1.2062806323373575e-01	   1.6301999715692325e-01	   2.3247806539838420e-01	   3.3968032276383275e-01	   6.1490378176582250e-01	   6.6219541745576460e-01	   6.3661959653552547e-01	   1.3543082792863573e-01	
