   0.0000000000000000e+00	   1.0544981856285884e+00	   6.5210059629816197e-01	   6.4781608166634863e-01	   8.3820285311697873e-01	   7.4528026767114963e-01	   6.1415536299710805e-01	   6.5044555936792192e-01	   7.3829186638827249e-01	   8.0484433147684364e-01	   1.3869385560509349e+00	   7.9133492911492520e-01	   9.5997411610276306e-01	   8.7126661027328789e-01	   9.9653375375960618e-01	   9.9595059192985202e-01	   1.3306183998203200e+00	   9.1328404859151258e-01	   1.1102292023317633e+00	   6.4672815853119103e-01	   7.8175045665805798e-01	   6.0664781112192034e-01	   6.1212533805491498e-01	   5.9256455918102091e-01	   6.3463774247104843e-01	   4.7753892623348654e-01	   4.6044965203129684e-01	   5.5652234017441871e-01	   8.3895581706051181e-01	   8.2574518947766096e-01	   7.2474889489121841e-01	   6.7442532071772476e-01	   1.1734785168651494e+00	   1.0803309179336280e+00	   7.1118257552513953e-01	   8.3061410731609331e-01	   5.2760370075198482e-01	   3.7463102238304458e-01	   5.5565519166538713e-01	   4.8696632978351739e-01	   8.7213543874637200e-01	   7.6760150592290122e-01	   1.1778161211301190e+00	   1.1890395694261073e+00	   1.0055129820675457e+00	   1.1009834770428246e+00	   1.1383074371698891e+00	   1.0604966432240548e+00	   1.0827600174804273e+00	   1.0598937431670987e+00	   1.1538276206137679e+00	   1.2518573214584308e+00	   1.0522674796850024e+00	   1.2180960116677806e+00	   9.9699272541072204e-01	   8.5016892784907305e-01	   1.6630646175299313e+00	   8.5012334849485727e-01	   6.6125231033409615e-01	   4.6504112335959730e-01	   1.0336546627262735e+00	   6.9703553316085509e-01	   1.2647093669094449e+00	   1.2040406722890138e+00	   6.0073580452639141e-01	   8.2451651560856276e-01	   7.7291464352347838e-01	   8.7781324242328118e-01	   5.9348884247739886e-01	   5.7875872072145873e-01	   7.1964154696332583e-01	   5.6548046513617900e-01	   8.5903586271711263e-01	   7.1922022542157005e-01	   5.5360299578199745e-01	   4.7625394110454045e-01	   8.7930987267706562e-01	   7.4410521014656983e-01	   1.1115347522237644e+00	   8.5509543089239393e-01	   1.2123780992996724e+00	   9.1040008057937238e-01	   5.7503061181959758e-01	   8.5294440571114505e-01	   1.1732437118811798e+00	   9.8076640330726750e-01	   3.7293590181555270e-01	   7.1575303871773133e-01	   8.7265075748436616e-01	   7.1746577905333109e-01	   6.5951420457151366e-01	   4.1576247889812612e-01	   3.9895675241466438e-01	   4.5164546490631224e-01	   1.4228930430776679e-01	  -2.9941498137503741e-01	   7.3155673554404443e-01	   5.4223213416464899e-01	   9.1581169513267546e-01	   7.1244067200650030e-01	   4.2126568812561105e-01	   6.3570452863499993e-01	   6.3176576303143084e-01	   7.0779884695778883e-01	   5.6398486260579017e-01	   3.6996497815667129e-01	   4.7836547896354203e-01	   4.6737634767516983e-01	   8.0662905706833377e-03	   2.6060440399558304e-01	   8.4786907042422854e-01	   6.8681938351767713e-01	   8.5629536088837488e-01	   8.7968471463825326e-01	   4.6044384684968165e-01	  -2.3461537330267379e-01	
   1.0544981856285884e+00	   0.0000000000000000e+00	   4.8900449150866093e-01	   7.9918286136252303e-01	   5.5854873062643351e-01	   7.4560355119715849e-01	   3.3030141981427297e-01	   9.4166047508982742e-01	   4.4007439930177750e-01	   5.6458607042983799e-01	   6.6954187058060843e-01	   8.5574204447640678e-01	   4.6225234385036928e-01	   8.4519477629608064e-01	   8.0483502848458377e-01	   8.0212417763630295e-01	   7.4033515392196725e-01	   8.4891408785349554e-01	   1.0980841593013864e+00	   6.9710227343677511e-01	   4.0692478642704788e-01	   4.5226990093341335e-01	   5.3919192769716506e-01	   5.5831214928759298e-01	   4.7124664262103211e-01	   2.7336495759480256e-01	   5.2306482969571999e-01	   3.0908881629793833e-01	   4.6266664358501636e-01	   6.7056898316184865e-01	   4.7350361467539881e-01	   4.3671925928297095e-01	   9.3848541803792240e-01	   8.6026484525171354e-01	   6.4121944873234082e-01	   7.7207608548080753e-01	   4.3040593463420745e-01	   5.1208012410252568e-01	   4.2299639132189987e-01	   6.8194094425222762e-01	   5.6599429849154614e-01	   7.2962203264451575e-01	   8.9043898879192418e-01	   9.3090396533876862e-01	   7.3995534537340191e-01	   8.6943950319132957e-01	   8.1831753128887608e-01	   8.5805298084398973e-01	   7.3017491554755387e-01	   9.6226018527735935e-01	   7.7377729954147911e-01	   9.9467868453653296e-01	   9.5923782542775238e-01	   1.1635522100314168e+00	   8.9205044672593503e-01	   9.7864275508820042e-01	   1.0009016571714158e+00	   1.5310694233200139e+00	   4.9512082867945700e-01	   8.0843645910468576e-01	   6.4907142939997431e-01	   8.8676229189122491e-01	   8.0627771726211017e-01	   1.0318205623271657e+00	   4.6429834331495329e-01	   7.0991589867728744e-01	   7.7008472359500368e-01	   1.0213973826045890e+00	   7.1920196442908324e-01	   9.0463684543106904e-01	   2.4526487903489799e-01	   2.5055400034619535e-01	   4.9930252072694825e-01	   5.9221952325884919e-01	   3.2448523216445196e-01	   3.8186690525491229e-01	   6.1328499671076397e-01	   6.5379795797601958e-01	   7.7390234986384954e-01	   8.0486595976486253e-01	   7.8383281768540092e-01	   8.4478957371271413e-01	   4.7830189286702451e-01	   7.2801495316834275e-01	   9.1702639502240013e-01	   9.4102911054598104e-01	   1.2878718786453372e-01	   6.8796332042349273e-01	   1.1117163484912032e+00	   7.6477237674726217e-01	   1.0325955124368598e+00	   4.5418139861465134e-01	   6.4680246035423328e-01	   3.8324778521273695e-01	   2.3859510436151646e-01	  -1.1981730165124074e-01	   6.8428941125559173e-01	   5.6161857497596901e-01	   9.1728505047138942e-01	   7.9105956703763236e-01	   6.9973329440730558e-01	   6.5743010868967777e-01	   8.4687905894656057e-01	   9.2160390201237596e-01	   5.3944082616282729e-01	   3.3585576051043547e-01	   5.6699083756637658e-01	   6.9955984906446034e-01	  -3.4733733313102887e-02	   2.7965083951842384e-01	   7.1921855843441584e-01	   6.2088577665503519e-01	   7.8529384173326966e-01	   8.5435983446959751e-01	   5.1645553529170041e-01	  -1.0314081524810881e-01	
   6.5210059629816197e-01	   4.8900449150866093e-01	   0.0000000000000000e+00	   1.2559088949211059e+00	   1.0544360413237250e+00	   8.4667792084279714e-01	   1.1035245368630715e+00	   8.3237096065061866e-01	   7.4446175374745760e-01	   6.2213964607259697e-01	   6.6737213420072872e-01	   2.8696534187961653e-01	   8.1484114687276366e-01	   4.3112452989093819e-01	   1.0324442430358216e+00	   8.0572050085254099e-01	   4.3583418589075040e-01	   2.1201440744329186e-01	   7.5429593716934762e-01	   4.9968003478734979e-01	   8.6310503114998505e-01	   8.1047858544931595e-01	   1.2437681976995740e+00	   1.1516596144918632e+00	   6.6769581867445715e-01	   5.2126106000294770e-01	   6.1138681642087234e-01	   9.5253360373966944e-01	   3.8044570911190306e-01	   2.8563693912606292e-01	   7.7607733133868650e-01	   6.5684727626868888e-01	   6.3565074799371102e-01	   6.7985032228020814e-01	   7.4629337977741395e-01	   6.6712966821188990e-01	   2.9219615786221909e-01	   1.9681639848374521e-01	   3.9581525179633936e-01	   1.9557713798575260e-01	   5.5710437450430239e-01	   3.4136070401818291e-01	   3.7693320713759060e-01	   3.1487585645976268e-01	   5.0049840246842048e-01	   4.0687367892266735e-01	   2.3559144165648749e-01	   2.6409687240852298e-01	   3.6909979127438697e-01	   4.2046343459046459e-01	   3.7885645876463331e-01	   4.4475018162318664e-01	   2.3991825511354686e-01	   3.8326945361233766e-01	   3.2386154758724855e-01	   3.0059636007115720e-01	   6.8566658528786528e-01	   5.4491385851900076e-01	   7.2908099763860512e-01	   6.1565486097005728e-01	   8.3416599097289656e-01	   6.9164012081238635e-01	   6.3701917150378662e-01	   6.3815929398935134e-01	   6.9910206126958974e-01	   9.6282686188820088e-01	   8.2724548275433341e-01	   7.0599916128350138e-01	   7.6032098899495981e-01	   6.4057996064320544e-01	   7.9246092498385712e-01	   6.7916955662633927e-01	   3.6463897961327896e-01	   2.6019297801568914e-01	   2.0826670824399562e-01	   1.7537150705683502e-01	   3.0211701299692839e-01	   2.1674897903876247e-01	   3.7073676508520004e-01	   2.4153518018405704e-01	   4.8560185049080529e-01	   4.5032505246829146e-01	   6.4114422292930151e-01	   6.2029783985940634e-01	   8.1252757701147826e-01	   7.8558249490375431e-01	   6.2814137965971006e-01	   6.1081570193868340e-01	   7.9277340780819372e-01	   8.3882405441097907e-01	   4.7162696012630068e-01	   5.8906840756105683e-01	   5.8080629554843854e-01	   7.5846552386438637e-01	   1.6492268865128081e-02	  -1.4980114218731744e-01	   1.9216978314467928e-01	   5.0252176392564483e-02	   2.5907352419634799e-01	   2.9423558556015000e-01	   2.9152256141317834e-01	   6.7737490549769841e-01	   3.7801060722780816e-01	   5.1991667878014802e-01	   2.7374983469314185e-01	   3.4407563694057858e-01	   5.6521760625597173e-01	   4.9703613642271638e-01	  -5.2815865243628052e-02	   9.3917808415115420e-02	   2.1900674922139968e-01	   1.9582901582209089e-01	   3.1465918973216506e-01	   2.5373702657826724e-01	   1.8841423493528311e-02	  -2.8961724003381861e-01	
   6.4781608166634863e-01	   7.9918286136252303e-01	   1.2559088949211059e+00	   0.0000000000000000e+00	   9.1396186271378954e-01	   1.1856123413261559e+00	   7.9454548827229710e-01	   1.4905635745420800e+00	   5.2676431176391203e-01	   6.3106579283660547e-01	   5.4961533638264859e-01	   4.8384972138948146e-01	   5.3356520087925696e-01	   6.0873094190029498e-01	   8.8640250025111056e-01	   7.7048366400472601e-01	   3.6662259060344238e-01	   2.6842675000867905e-01	   7.0432727815688934e-01	   4.1017112023129776e-01	   7.1508599654445126e-01	   7.8227068777958253e-01	   1.1235647603226091e+00	   1.2211141290674867e+00	   7.2451509190373831e-01	   5.2728234022022402e-01	   7.3331322367154839e-01	   6.9618753539561817e-01	   2.7065708371371899e-01	   3.2971352506735446e-01	   6.7807919606620493e-01	   6.0163853964411163e-01	   6.0717387692096225e-01	   6.6307531414987531e-01	   8.3312321290859603e-01	   7.7084114803634696e-01	   2.7214486864626458e-01	   2.4220002394355383e-01	   3.6078714827784397e-01	   3.2637854383126741e-01	   4.4818142865995686e-01	   3.7161513002445218e-01	   4.3471999193601174e-01	   3.6329961516436776e-01	   5.0954604838450601e-01	   4.4119521582756699e-01	   2.6929265088291560e-01	   2.9657781942094097e-01	   4.0083787833773976e-01	   5.1812786945579070e-01	   4.5410182700454704e-01	   5.4137706798814622e-01	   4.0293290171208573e-01	   5.4332908458662521e-01	   4.0412323338101280e-01	   4.3009667985825950e-01	   7.1387603599402305e-01	   7.7542943855540347e-01	   7.0049309614092548e-01	   9.3625528117957035e-01	   7.6796477607496383e-01	   1.0338513205515987e+00	   6.2489699203840932e-01	   7.4731542290842667e-01	   6.3929141322213845e-01	   1.0159895345322771e+00	   8.8533711116639824e-01	   8.1033132081022063e-01	   6.7358459710769780e-01	   6.9263809712647617e-01	   4.9302991290859915e-01	   5.1504960559731949e-01	   2.3959757386594560e-01	   2.3488887510618442e-01	   9.3027074223500081e-02	   9.7342075943117196e-02	   2.8273655520499863e-01	   2.3937459925906160e-01	   3.5968727394325301e-01	   2.7902752769802175e-01	   4.4739271172493567e-01	   4.6184331678045226e-01	   5.4992808055827858e-01	   6.2609793541297487e-01	   8.4846885201517375e-01	   9.3300323300964094e-01	   3.4935258103353434e-01	   6.9533174578634482e-01	   1.0875556893929021e+00	   1.0152208295752012e+00	   7.6153449234846404e-01	   5.6895435557823104e-01	   1.0272927079721783e+00	   7.4926605506513000e-01	   7.4086081977705553e-02	  -1.1350366430196630e-01	   2.2792177641824540e-01	   8.2612607552449591e-02	   3.4037665903693198e-01	   3.3989698416503572e-01	   6.0371519852765654e-01	   8.0071921141688318e-01	   5.0768014485823876e-01	   6.7168322217573551e-01	   2.9963724170103267e-01	   3.5294508733375740e-01	   6.2201435174540221e-01	   6.4020399571628195e-01	   2.1805915662268091e-04	   1.2552801560769977e-01	   2.5243659579997119e-01	   2.2273449050161231e-01	   3.5167239706224235e-01	   3.6814480486992307e-01	   1.0884469781805281e-01	  -1.3241429716405037e-01	
   8.3820285311697873e-01	   5.5854873062643351e-01	   1.0544360413237250e+00	   9.1396186271378954e-01	   0.0000000000000000e+00	   9.5950248268859917e-01	   1.1168941017347471e+00	   8.8860397469984787e-01	   1.2267092826151633e+00	   1.0166074170499653e+00	   8.8305051656936151e-01	   3.4457661630022524e-01	   9.5016410283206576e-01	   4.9840599629098004e-01	   8.5441735199786972e-01	   7.5819632934096481e-01	   5.5784122179936735e-01	   2.1562385043442342e-01	   7.7796217022206227e-01	   4.8338318289026316e-01	   9.1205441269126197e-01	   7.1735885347238060e-01	   6.6569288801595883e-01	   7.0558464950924660e-01	   5.4498900765898328e-01	   3.7457199655283385e-01	   4.3900416764269568e-01	   7.5292433933843783e-01	   4.4527253277010320e-01	   3.4460079170758051e-01	   7.1457370554956301e-01	   5.6045487194974764e-01	   6.1908137973980404e-01	   6.2400515934584311e-01	   6.2106481038851313e-01	   6.5061064801232327e-01	   1.4784423055825976e-01	   2.7763572344530481e-02	   2.1072454159708781e-01	   4.9371739499245240e-02	   4.6703924370529826e-01	   2.7200540739577822e-01	   6.2781306687498062e-01	   5.4155472568340135e-01	   7.5937353583239597e-01	   6.1462229285078129e-01	   4.9940284443081517e-01	   5.0758209747932437e-01	   6.4410417768019113e-01	   6.3148466265896985e-01	   6.4279771879038439e-01	   6.9216789798664513e-01	   4.3791291491285622e-01	   5.8899830807801146e-01	   4.2422094717684444e-01	   3.8987321051844048e-01	   8.4172229612082305e-01	   4.5923471784745395e-01	   6.7414398120023300e-01	   6.0185116099922542e-01	   7.7932834477560808e-01	   6.2701621286200449e-01	   7.0271243478493606e-01	   6.6544547475383353e-01	   3.9564037965841364e-01	   7.4079210653944705e-01	   8.9481035105587403e-01	   7.1420766987466544e-01	   6.5409235657329923e-01	   6.4759958704609033e-01	   8.4518245239731682e-01	   6.7077131810065938e-01	   4.2668124465359192e-01	   2.6996788562994556e-01	   2.2429042076629033e-01	   1.4026053351438697e-01	   3.3747455886704569e-01	   2.4760685530780008e-01	   4.9819198247004626e-01	   3.1179966262019998e-01	   5.6477706967682395e-01	   4.1998664115582823e-01	   4.6037979877529089e-01	   5.4909099377188197e-01	   7.7995120523727723e-01	   8.0007830667387880e-01	   3.2421596980053680e-01	   6.1594829523967509e-01	   7.1327289318355569e-01	   7.6859760886287809e-01	   6.3728226954674039e-01	   6.0634172911616668e-01	   5.1150560566570591e-01	   6.2095670481760390e-01	  -7.9785079142244808e-02	  -3.7228022571748542e-01	   2.6409646024262018e-01	   1.3746884407271931e-01	   4.6966698950093538e-01	   4.5267584296866298e-01	   4.0905952709380738e-01	   6.4965131800813580e-01	   4.2446939967113195e-01	   6.2899020764129465e-01	   1.2966194637435344e-01	   1.6826054650761213e-01	   7.4749897599948989e-01	   5.9244511841078085e-01	  -6.9613505792875938e-02	  -9.4205575381687678e-03	   4.0189169141800485e-01	   3.3372518912805416e-01	   3.8314434020152066e-01	   3.1669415046883509e-01	  -4.8431049924382685e-02	  -4.6567535652108349e-01	
   7.4528026767114963e-01	   7.4560355119715849e-01	   8.4667792084279714e-01	   1.1856123413261559e+00	   9.5950248268859917e-01	   0.0000000000000000e+00	   6.3217272053220475e-01	   1.1948751044260220e+00	   6.1521089648246696e-01	   8.0398243922508894e-01	   6.7030914753895510e-01	   6.2822036283847182e-01	   6.3074278198653799e-01	   6.9250633309176135e-01	   7.7727369520532985e-01	   6.6362308802187830e-01	   3.8435077265860706e-01	   2.5415325643518832e-01	   5.5735503451375124e-01	   2.9528587728061045e-01	   8.1750037470699932e-01	   9.2709233866042040e-01	   7.6943358424893571e-01	   8.1278999009510189e-01	   8.0132822220240041e-01	   6.8997473604148063e-01	   8.7072032161323809e-01	   7.4653911996153344e-01	   2.2703863952222936e-01	   2.7786634899034746e-01	   5.0549228436435811e-01	   5.2111512202659527e-01	   4.8643978100131086e-01	   5.6697569830409844e-01	   6.1974696177331423e-01	   6.1092951464241252e-01	   1.0249962078978805e-01	   1.4772669092282588e-02	   2.7750224698988463e-01	   2.0940217307097950e-01	   3.7340618419323285e-01	   2.8779174358380039e-01	   4.4426354198604157e-01	   4.1008576239142946e-01	   5.5728630550728853e-01	   5.1902710498222826e-01	   3.3513110005853691e-01	   3.1088657771415129e-01	   5.4186598293674226e-01	   5.7963954317722588e-01	   5.2651524395925065e-01	   6.1973116484525048e-01	   5.0117135925168332e-01	   5.5407955479459914e-01	   3.8243516125567356e-01	   2.9954911970530429e-01	   7.6888064679309953e-01	   7.2817062652481090e-01	   8.1982410377041415e-01	   8.2561032264211498e-01	   7.3811342376965317e-01	   9.2076756630197765e-01	   7.3077196889136853e-01	   7.0890821780835300e-01	   5.2341546529358474e-01	   8.0352048632237671e-01	   7.5584726002684655e-01	   6.9920352665015506e-01	   4.3730476505492433e-01	   4.9550019559406516e-01	   5.0404377170282499e-01	   6.2745004315501940e-01	   2.0939541152529351e-01	   1.7929752243806080e-01	   5.7585236821484788e-02	   2.1639854164979239e-02	   2.2689902291899378e-01	   1.8098670229931840e-01	   2.8694647401548434e-01	   1.4839060260065429e-01	   3.4236896894796237e-01	   2.7482988479069725e-01	   3.9847385472678465e-01	   4.5655191061420464e-01	   7.3522011297388012e-01	   7.2580056382562308e-01	   3.5591189588637323e-01	   8.2486217360019920e-01	   9.4359905581682646e-01	   7.2451353891950310e-01	   5.9764448674013404e-01	   2.9883913315822130e-01	   8.6375869380577885e-01	   4.7033070774872154e-01	  -2.3725940761232224e-02	  -2.7708253074213574e-01	   1.2848716127764009e-01	  -2.1462285094803212e-02	   3.1806425295689100e-01	   2.0611917423975309e-01	   5.4847626040635755e-01	   5.4680349054222632e-01	   4.3434415331817816e-01	   5.1008211994488450e-01	   2.5298440139658890e-01	   2.9636161307882208e-01	   4.1785963094117717e-01	   4.2310793351547049e-01	  -3.6825710425705538e-02	  -1.1090218476628166e-01	   1.8511517098028324e-01	   1.3647342682223901e-01	   2.9785198280504765e-01	   3.3387391485690815e-01	   2.0848626744930873e-02	  -2.0820653408925979e-01	
   6.1415536299710805e-01	   3.3030141981427297e-01	   1.1035245368630715e+00	   7.9454548827229710e-01	   1.1168941017347471e+00	   6.3217272053220475e-01	   0.0000000000000000e+00	   6.2607579401031488e-01	   8.7040509950400247e-01	   5.6818787252183423e-01	   7.4130925625372424e-01	   2.5036892094763535e-01	   1.0115828811505334e+00	   3.1274358258609669e-01	   7.9134004018982629e-01	   6.2285817590581272e-01	   4.8474284838550341e-01	   1.7287266709045271e-01	   7.5882534423118841e-01	   5.4823030647382165e-01	   9.0343960671365309e-01	   6.2665869515212180e-01	   6.1263834514129378e-01	   6.1440005907736051e-01	   4.7156259099791425e-01	   4.7504169270038565e-01	   2.4871124267343692e-01	   8.3757372491977766e-01	   4.0721695377331640e-01	   2.9364283167315597e-01	   6.1654655251185908e-01	   4.9370252136852244e-01	   5.5703687689441927e-01	   5.9792055251937803e-01	   4.0751327486717137e-01	   4.9646154805184550e-01	   1.2546942033330719e-01	   3.3378512005173680e-02	   3.7129804841715774e-01	  -1.8644068580728923e-03	   4.5651548786154428e-01	   1.8415967436666175e-01	   3.9792399656170752e-01	   3.5977647548869984e-01	   5.6081817933700573e-01	   4.2637203947401064e-01	   2.8412411529939252e-01	   2.9372885155112932e-01	   3.8511600310878569e-01	   3.6489898427113387e-01	   3.6867142719463170e-01	   3.9481572817792443e-01	   1.4085920380469008e-01	   3.1295695118659844e-01	   2.2708046760042394e-01	   2.0440536505705098e-01	   6.7408471627499267e-01	   2.4297921985500776e-01	   7.7885623230521484e-01	   5.9027437262760385e-01	   7.4610403699884031e-01	   5.3839475613071475e-01	   5.7061061247468581e-01	   5.4866862567182695e-01	   2.7016046584574577e-01	   6.7425081961342259e-01	   8.0699578066103206e-01	   5.5467680835150346e-01	   6.2966483586320077e-01	   4.6628089459858180e-01	   7.8103452828959208e-01	   6.3570386908851950e-01	   3.7828266326548782e-01	   2.6637143734515328e-01	   1.9178844099175066e-01	   1.4251029909683849e-01	   2.1765813157463546e-01	   1.7132015773997272e-01	   4.1075288115874120e-01	   2.6746562865510543e-01	   4.2403954407513256e-01	   2.8360153478187600e-01	   3.6763055802491923e-01	   4.2230303460338409e-01	   4.8787219534412041e-01	   5.7877119589782899e-01	   3.6423603188767584e-01	   3.3970872383807510e-01	   4.8552530299264562e-01	   7.6737026111354922e-01	   3.7379982144637680e-01	   5.6972949358342828e-01	   3.6566293244543002e-01	   7.0116110119766339e-01	   3.5197059295600637e-02	  -1.9629231146527323e-01	   2.1848425999931437e-01	   6.7561568494681784e-02	   2.8178855782829476e-01	   2.8786255011868933e-01	   2.5012735383026397e-01	   7.4260480068507129e-01	   3.8197919051216095e-01	   4.5540628557325707e-01	   2.2983135824153805e-01	   2.9781651209475379e-01	   7.0765667565502965e-01	   4.2174260881779579e-01	   2.8162021322262906e-02	   1.0336437162142785e-01	   2.6633157930083073e-01	   1.8786445480025016e-01	   3.0337190562203642e-01	   2.5026894403510036e-01	  -3.6814114431999508e-02	  -2.4749266352075083e-01	
   6.5044555936792192e-01	   9.4166047508982742e-01	   8.3237096065061866e-01	   1.4905635745420800e+00	   8.8860397469984787e-01	   1.1948751044260220e+00	   6.2607579401031488e-01	   0.0000000000000000e+00	   5.9650946914741476e-01	   8.4258907460257626e-01	   6.1807146929387724e-01	   7.0693505593577188e-01	   5.7500692256602404e-01	   8.6539430448630028e-01	   8.9450852883693432e-01	   8.0541347943876240e-01	   3.9214629425375769e-01	   3.4865866868485001e-01	   6.7402745367437988e-01	   4.3934735540575343e-01	   5.4111707913109330e-01	   6.1174489923995312e-01	   6.9713276683867154e-01	   7.9541312807068876e-01	   5.3664157921442346e-01	   3.6977733341345298e-01	   6.0303836425198198e-01	   4.4764991020791284e-01	   3.2385678748039620e-01	   4.3246565282924282e-01	   5.6644963770166212e-01	   5.0641070914888986e-01	   6.0803895974668043e-01	   6.3772748290281567e-01	   6.3072003319583358e-01	   6.4247589859393939e-01	   2.2656232989960112e-01	   2.2578744057986522e-01	   2.8550277032797855e-01	   3.5354242620340720e-01	   4.0056675088060234e-01	   3.6271648433306769e-01	   5.5693183206713193e-01	   5.1891571889505483e-01	   6.1203214298191810e-01	   5.7842941431470596e-01	   4.1917423864298220e-01	   4.4664171246936818e-01	   4.7610365183973752e-01	   5.9944047222677499e-01	   4.7113162065728109e-01	   5.9875380988052618e-01	   4.9570564534912465e-01	   6.3396650955955558e-01	   4.9685508500461900e-01	   5.3703477623331397e-01	   6.5766675851906431e-01	   8.4996770323845539e-01	   5.5832794244985906e-01	   9.7015926523845242e-01	   6.5333483874967868e-01	   1.0832802915485049e+00	   6.2320504084894646e-01	   7.7257891872910445e-01	   4.0526827743638172e-01	   7.3503709359030900e-01	   8.0461630789382077e-01	   8.1859191094958106e-01	   5.5210686278258458e-01	   7.1074504995447430e-01	   3.2139005558687500e-01	   3.9590707640796396e-01	   2.7715177632998222e-01	   2.7602250533821349e-01	   1.5886303310783981e-01	   1.3650544024077688e-01	   3.0143610208260496e-01	   3.1422641313758337e-01	   4.0577765145091371e-01	   3.6392225974649584e-01	   4.6625493383825706e-01	   4.1991149726602439e-01	   4.9636160743123187e-01	   5.5883972884392907e-01	   7.2534342458706624e-01	   7.9073432819588430e-01	   1.9078997837773859e-01	   6.0547402383117344e-01	   1.0525468746315592e+00	   8.4967968060380250e-01	   8.5513103996612494e-01	   4.5835713129306038e-01	   9.4611610488052622e-01	   5.1248768278313128e-01	   1.5238059555247063e-01	  -1.3734521135601901e-01	   3.0457126399237533e-01	   1.7408602596702988e-01	   4.6310003062831745e-01	   3.8815191462372128e-01	   7.2657882180664590e-01	   6.6749137393445446e-01	   5.7963183558300835e-01	   7.2299436280875073e-01	   2.6517967396374836e-01	   2.7883382073030771e-01	   6.2888845342348676e-01	   6.8997445310155059e-01	   7.0370594748553256e-02	   1.0539796459370668e-01	   3.6693772437154143e-01	   3.0134413072847305e-01	   4.3726192700325095e-01	   4.7906296156176120e-01	   2.0217028004706381e-01	  -1.3648824932488288e-01	
   7.3829186638827249e-01	   4.4007439930177750e-01	   7.4446175374745760e-01	   5.2676431176391203e-01	   1.2267092826151633e+00	   6.1521089648246696e-01	   8.7040509950400247e-01	   5.9650946914741476e-01	   0.0000000000000000e+00	   1.1838290235815470e+00	   8.8411283975636057e-01	   3.3661459951565242e-01	   1.1101456606069449e+00	   4.4836266297517458e-01	   8.0315692155138840e-01	   7.7714054029932356e-01	   6.3041265176409722e-01	   2.4068051265852133e-01	   7.1204805139127958e-01	   5.1994907708298466e-01	   6.6201289326145651e-01	   4.5174927238272633e-01	   3.8932653407366324e-01	   3.6499891370213255e-01	   3.6333932420723852e-01	   2.8339638031661285e-01	   1.4912640346054287e-01	   4.5808217447805216e-01	   5.5908462082187915e-01	   4.3301672475218073e-01	   6.0090825637250922e-01	   4.7775217514625135e-01	   6.5487192967702057e-01	   6.6000976563231217e-01	   4.9047097179097432e-01	   5.6693035053050700e-01	   2.8203331143781230e-01	   1.4195296387099471e-01	   3.4892083476445873e-01	   1.7597327870663737e-01	   5.2556346261287756e-01	   3.3339515726365071e-01	   7.4014031711754524e-01	   6.6429221141737460e-01	   9.0639186199747668e-01	   7.7973716454944819e-01	   6.5812011749229737e-01	   6.5700822243369550e-01	   7.3220738364893356e-01	   6.8283389680920192e-01	   6.1339356265291278e-01	   6.9809248041942829e-01	   4.1773789899890418e-01	   5.0060213274760712e-01	   5.2486801033002284e-01	   4.2011600871306481e-01	   6.7923005053694385e-01	   3.6066941513458028e-01	   4.3407194631440360e-01	   3.9545581963340948e-01	   5.0600018961673698e-01	   4.2035729398445471e-01	   5.8108464019050698e-01	   5.6850776759124377e-01	   2.0404790444650228e-01	   5.1934113206422450e-01	   6.0559431004952891e-01	   6.0283768404484683e-01	   4.8971841318655340e-01	   4.7272378461662079e-01	   6.5967214237268268e-01	   4.4849171970812274e-01	   5.0772750903223063e-01	   3.2244463525360501e-01	   3.4643806530658283e-01	   2.0987398862502193e-01	   4.6238399333235175e-01	   3.8821211490999064e-01	   6.0159749984232036e-01	   3.6682517049239233e-01	   5.9815183668224314e-01	   3.4856970791926939e-01	   3.8822836939941163e-01	   4.4591592978243977e-01	   6.0350906827486595e-01	   5.0354486434845303e-01	   3.2789984034256014e-01	   4.5698397052659778e-01	   4.5378064960387482e-01	   4.6741610792046007e-01	   4.0436018508358751e-01	   4.2161947251526655e-01	   1.6354928175780739e-01	   3.1489759497407982e-01	   7.8941705522586433e-02	  -2.1288708633884806e-01	   4.1557387735726792e-01	   2.8643639716303892e-01	   5.2678610523577685e-01	   4.1453067027119361e-01	   2.0791990411254332e-01	   3.7654182884593768e-01	   3.1243317087859956e-01	   4.1597228896201721e-01	   2.0320032552095388e-01	   1.9627625914994440e-01	   4.8471795140485430e-01	   4.1247786619318044e-01	   1.1084049648771813e-01	   4.5043500316267020e-02	   5.5131241085421667e-01	   3.9015691116369089e-01	   3.8917230932073271e-01	   3.3815094954678060e-01	   1.0459398540707894e-01	  -3.2088585516526125e-01	
   8.0484433147684364e-01	   5.6458607042983799e-01	   6.2213964607259697e-01	   6.3106579283660547e-01	   1.0166074170499653e+00	   8.0398243922508894e-01	   5.6818787252183423e-01	   8.4258907460257626e-01	   1.1838290235815470e+00	   0.0000000000000000e+00	   9.3335659402802484e-01	   5.5851144199264668e-01	   8.5906032605486482e-01	   8.1948035349307680e-01	   8.6390196931963170e-01	   9.9287092619141570e-01	   5.6975252972728696e-01	   2.9969577599803343e-01	   4.7271476699552029e-01	   2.8091249001406404e-01	   5.9512829807033840e-01	   5.2087367474500634e-01	   3.4929080905917209e-01	   4.0302307100596374e-01	   3.3190718087614268e-01	   2.1776779987986181e-01	   2.7916286184010985e-01	   3.5830266523261006e-01	   4.8608920618496609e-01	   4.0098848125224984e-01	   5.7542412146660837e-01	   4.9918352220223738e-01	   5.2489897216185344e-01	   5.3066350219182812e-01	   5.1148935398542972e-01	   4.8512904322075012e-01	   2.6742177997124278e-01	   7.8881255490988303e-02	   2.4054977885780657e-01	   2.1638582755166233e-01	   4.3570809442498026e-01	   2.6795943970074215e-01	   8.3518472128928911e-01	   7.0876752587729608e-01	   8.3925201713587649e-01	   7.5626027003299812e-01	   7.5006312015887422e-01	   6.9163999879649263e-01	   8.2998295752927076e-01	   7.3544727809612809e-01	   7.3021718506375077e-01	   7.5200140593045284e-01	   6.6061224221105086e-01	   6.4926287675742611e-01	   6.1614132048552872e-01	   4.7009222442802029e-01	   7.5183962469227361e-01	   5.4954008590202341e-01	   4.3968209170803207e-01	   3.9300079967950141e-01	   5.5812075291015595e-01	   5.1181792980493102e-01	   6.4742844763312046e-01	   5.9070339547514827e-01	   2.7107003436557020e-01	   4.9803483505275281e-01	   5.1772729868019540e-01	   5.7594839954468180e-01	   2.7552834945406224e-01	   4.1919315279752656e-01	   4.5243733740589476e-01	   3.5281816052300635e-01	   3.5955975382989175e-01	   1.9080052497857763e-01	   2.2409869707077601e-01	   7.7479693165406316e-02	   4.0802679710248074e-01	   3.2598001257512527e-01	   5.4565273850011597e-01	   3.2930123931622107e-01	   5.7828098771629455e-01	   3.1229290865886633e-01	   4.0573656402665070e-01	   3.8049671837380195e-01	   6.5084745325547499e-01	   4.6093944707737045e-01	   2.0815578844090216e-01	   3.8524482231122281e-01	   5.7048934283965025e-01	   4.1209017921929864e-01	   4.7989241214253908e-01	   2.5848991655647008e-01	   3.3536426018611099e-01	   2.6465442124818256e-01	  -2.3405796438269233e-02	  -3.6285907495870123e-01	   3.1067959938363254e-01	   1.6475362317625725e-01	   4.9431444145140058e-01	   3.1318320527445609e-01	   3.1639334960105014e-01	   3.5187615654654325e-01	   2.3958583381776183e-01	   3.9799862306851319e-01	   1.0379889255540972e-01	   8.4738375630624987e-02	   4.1528084192111964e-01	   4.7050681953781148e-01	   7.1204713741733025e-02	  -2.2229789897890002e-02	   4.9884130687245753e-01	   3.5551948814929291e-01	   3.9194171416988055e-01	   3.2387976988223710e-01	   1.2673094849754443e-01	  -3.2407857978892718e-01	
   1.3869385560509349e+00	   6.6954187058060843e-01	   6.6737213420072872e-01	   5.4961533638264859e-01	   8.8305051656936151e-01	   6.7030914753895510e-01	   7.4130925625372424e-01	   6.1807146929387724e-01	   8.8411283975636057e-01	   9.3335659402802484e-01	   0.0000000000000000e+00	   8.5301069605941593e-01	   1.4923294000191074e+00	   9.8157513687951503e-01	   9.7076207621684840e-01	   9.5900856366666221e-01	   1.1964189174263067e+00	   7.5533470793666424e-01	   8.8758940175460022e-01	   6.0449214437926435e-01	   8.0650659878277020e-01	   6.1945583589239539e-01	   4.8466215784580835e-01	   4.9073305936744749e-01	   4.5951436663337103e-01	   4.2273255002853860e-01	   3.1689863542142277e-01	   5.2858139118734315e-01	   9.4841899837946164e-01	   7.8333379017997951e-01	   7.5433715391654022e-01	   7.0839612681153219e-01	   9.2794817037771593e-01	   9.1893257544012552e-01	   4.5044237948619736e-01	   5.3333553061505024e-01	   3.8147442841867080e-01	   2.1385961531315004e-01	   4.2904199123804487e-01	   2.7919510592561281e-01	   7.9695448077127296e-01	   6.1210325559236312e-01	   8.2352080478111078e-01	   8.6174781563280367e-01	   7.2997031920863675e-01	   7.6452009340211047e-01	   8.3776421523277311e-01	   7.6345829035701529e-01	   7.7924635767004391e-01	   7.1812017578221532e-01	   7.9019813694061458e-01	   8.2850518449069233e-01	   6.8767106238199338e-01	   7.7447742784708440e-01	   6.8204545689844054e-01	   5.1927814375674830e-01	   1.0917006341248978e+00	   5.9044640310649477e-01	   5.5558701914037800e-01	   3.4161486549216674e-01	   9.2327907353206295e-01	   5.8854377913994982e-01	   1.2158609061157577e+00	   1.0192952243917750e+00	   3.4706487985296292e-01	   6.0979319414533517e-01	   5.5042502498148360e-01	   5.7562686458162249e-01	   4.6229522973493242e-01	   4.2907221589318845e-01	   7.0200543351741085e-01	   6.1911709176849605e-01	   8.1657394368450553e-01	   6.0785558749767132e-01	   5.3502292855746370e-01	   4.0260062464293594e-01	   6.1984100112950447e-01	   5.5070809874408710e-01	   9.6046915672278532e-01	   7.1629800409265365e-01	   9.9573647995143544e-01	   6.5736539491263424e-01	   5.0058560507306660e-01	   6.2188991940354599e-01	   8.1861733752695787e-01	   7.1388736663922792e-01	   3.6873772990456866e-01	   5.7871286600597360e-01	   6.7976863511325147e-01	   6.0206841123702148e-01	   3.8759643994816428e-01	   2.5504151046528151e-01	   2.7063644966408079e-01	   3.1002897022288739e-01	   7.2436368189991107e-02	  -4.0768322910379234e-01	   5.0587624666311526e-01	   3.0175586041057123e-01	   5.6296398628089406e-01	   3.9994855458500422e-01	   2.5924345127840021e-01	   4.7896415595427755e-01	   4.2243130236484572e-01	   5.1766419885846671e-01	   3.0859271596675142e-01	   1.7089726194600355e-01	   3.7478265737951250e-01	   3.0757564488439781e-01	   4.5490908342917608e-02	   1.1836979161213645e-01	   6.0334866382941676e-01	   4.4064176268890404e-01	   5.5828577211552755e-01	   6.1746318323975014e-01	   2.9724002072870936e-01	  -3.9319469887659181e-01	
   7.9133492911492520e-01	   8.5574204447640678e-01	   2.8696534187961653e-01	   4.8384972138948146e-01	   3.4457661630022524e-01	   6.2822036283847182e-01	   2.5036892094763535e-01	   7.0693505593577188e-01	   3.3661459951565242e-01	   5.5851144199264668e-01	   8.5301069605941593e-01	   0.0000000000000000e+00	   6.0988761395572233e-01	   1.3549589162073907e+00	   7.4978320023887457e-01	   7.1819931101627299e-01	   6.8583103730733419e-01	   8.7977148306509556e-01	   6.2671244383415459e-01	   4.7171141280106776e-01	   4.3794971656755582e-01	   4.6710234583022814e-01	   3.8627416294788175e-01	   4.0958291425876003e-01	   4.9677097877604398e-01	   4.8288498564370047e-01	   4.8899306584152591e-01	   3.0867295753329149e-01	   6.8426596723615829e-01	   9.2021928270847198e-01	   4.9213166986271706e-01	   5.5019556545056147e-01	   7.6041449226240032e-01	   8.0066693000906231e-01	   2.7841413589575398e-01	   4.1487774703435798e-01	   4.4273751848033316e-01	   4.6392217720991941e-01	   5.3241123856348038e-01	   6.3775252195159771e-01	   6.6249161426976455e-01	   7.5839523213873539e-01	   5.5745576156062859e-01	   6.6648593541716894e-01	   3.9274332124476308e-01	   5.5499505199692489e-01	   6.1934022025278612e-01	   5.8590212759452831e-01	   4.6594868119525579e-01	   5.4817573061847336e-01	   4.8129572187890945e-01	   5.9961404997747347e-01	   7.1905703684712208e-01	   7.3237154571773966e-01	   7.1545669991807093e-01	   6.4820096373290381e-01	   6.7261787871079681e-01	   8.2608480874552515e-01	   4.0377563675448019e-01	   4.5740350521154061e-01	   6.0760284080990246e-01	   8.8366388724771239e-01	   7.5137860436694759e-01	   9.4733237709736973e-01	   1.9968889485935054e-01	   4.8775273629730553e-01	   3.4023663922167158e-01	   5.0712992486351638e-01	   2.4329313173310910e-01	   3.3624976436398640e-01	   2.3889380483407585e-01	   3.5340045420539917e-01	   6.6161000552851257e-01	   7.7243067520030173e-01	   5.7377113085450393e-01	   5.8002587942890260e-01	   5.9320690790918351e-01	   7.3630722409725313e-01	   6.4075979427625374e-01	   6.7527519818177228e-01	   6.4991216845743516e-01	   5.9976502855449854e-01	   5.4849252936718829e-01	   6.3270030081405459e-01	   5.5668663947192343e-01	   6.6628065506529222e-01	   3.2539958134409441e-01	   6.5854621302748129e-01	   7.9691692757650523e-01	   6.3357735884673327e-01	   4.0203414673218052e-01	   2.7070513159904875e-02	   3.6927427813586461e-01	   7.0189982848953766e-02	   3.1068547546357872e-01	  -9.5472093278488129e-02	   5.3837711682758860e-01	   3.6967073575166509e-01	   5.2221152585689823e-01	   3.1577178488489493e-01	   4.6026871091131771e-01	   3.1452065699923637e-01	   6.0788922187235395e-01	   5.0424554501381513e-01	   4.1519250351635562e-01	   2.3732438588680640e-01	   1.5981591602262371e-01	   1.8034871893236187e-01	   1.8491365760444883e-01	   1.7125935876323731e-01	   4.7446116096621260e-01	   3.3890262979268737e-01	   5.7570056976064554e-01	   8.2641815130668517e-01	   5.6060425715201001e-01	  -1.0776553930395910e-01	
   9.5997411610276306e-01	   4.6225234385036928e-01	   8.1484114687276366e-01	   5.3356520087925696e-01	   9.5016410283206576e-01	   6.3074278198653799e-01	   1.0115828811505334e+00	   5.7500692256602404e-01	   1.1101456606069449e+00	   8.5906032605486482e-01	   1.4923294000191074e+00	   6.0988761395572233e-01	   0.0000000000000000e+00	   7.3062480846305777e-01	   1.0377263906604561e+00	   9.0272831790646801e-01	   8.7752908783288142e-01	   5.0510369570115765e-01	   8.1003946314101194e-01	   6.0120860980496038e-01	   8.0086849211967703e-01	   5.5875018014325772e-01	   4.9273366482865499e-01	   4.6831658273962240e-01	   5.0989006865074482e-01	   5.2775063091226326e-01	   2.8317811205948518e-01	   6.7315897626905130e-01	   8.1679933458069809e-01	   6.7149708340628800e-01	   6.8758497544461106e-01	   6.4043351353177480e-01	   8.1218495961807502e-01	   8.4206766294793889e-01	   3.6884326469834333e-01	   4.5048416538183056e-01	   3.0160028506990672e-01	   1.7143226666503281e-01	   4.5622279601772486e-01	   1.9991792177277845e-01	   7.1770504926903056e-01	   4.7828627762220349e-01	   6.4978770432585675e-01	   6.8683280748544007e-01	   7.4302693035493073e-01	   7.3300704966527963e-01	   6.6556409586550513e-01	   6.2210659161587045e-01	   6.6022917253361335e-01	   6.1659388684082017e-01	   5.5464740870319773e-01	   6.5372346366530032e-01	   4.0534132471730938e-01	   5.5255184020732340e-01	   5.1810123533032038e-01	   4.1084462203170852e-01	   8.0657750014871199e-01	   3.8530478438447013e-01	   5.8862462830800899e-01	   3.6856464576471731e-01	   7.7357606000462453e-01	   4.8419905696535304e-01	   8.8247862779369268e-01	   7.4088357091028623e-01	   2.3293453321984209e-01	   5.4061078204483393e-01	   5.6648639709949111e-01	   5.4007840564270071e-01	   5.1332258931685715e-01	   4.0940276909574458e-01	   7.3794709741607967e-01	   6.0858504070030550e-01	   7.2550797269180933e-01	   5.1906849074598460e-01	   5.1595568073639719e-01	   3.7802623326365126e-01	   4.7704408487476474e-01	   4.4302945886121742e-01	   7.1321115073992403e-01	   5.5164581972249604e-01	   7.2606157736247956e-01	   4.6620631658486222e-01	   4.8085324088367082e-01	   5.5796123428031197e-01	   5.8334905343497523e-01	   5.7762029023163552e-01	   4.8318873189681988e-01	   5.2992977830975307e-01	   5.2540901630037440e-01	   6.2263708609153157e-01	   2.8982564930372473e-01	   2.9846112315794654e-01	   1.8817348108375581e-01	   3.5544263182743069e-01	   1.2073848381739967e-01	  -3.1717556780772371e-01	   4.5240639681006539e-01	   2.7530849195375795e-01	   4.4444203508164215e-01	   3.2252178592401082e-01	   1.4776757948095989e-01	   4.9247850753587286e-01	   3.8375828492276448e-01	   4.5148192716792712e-01	   3.0992105457456759e-01	   2.4485980801560503e-01	   3.9568759818086680e-01	   2.7230065530499614e-01	   6.8644207512877337e-02	   1.1652065388751551e-01	   5.1930001228201095e-01	   3.5570803483234492e-01	   4.6808694327722289e-01	   4.8789315466392275e-01	   2.3618566518656378e-01	  -3.4330483689692504e-01	
