   0.0000000000000000e+00	   1.4401266010408345e+00	   1.2876196326863174e+00	   9.7982900206537316e-01	   8.2446477084969172e-01	   6.9103486160357985e-01	   9.6818020735170363e-01	   8.2480688268847513e-01	   9.4880381958581861e-01	   6.6394071393165077e-01	   1.1758935153051557e+00	   9.5250860420628392e-01	   1.0188214378516245e+00	   9.5039190983675714e-01	   1.4361027900772518e+00	   1.4256325061937298e+00	   1.1769947251531057e+00	   1.1928867652119743e+00	   1.3022567430217660e+00	   8.3199419058207891e-01	   4.4724084648613677e-01	   7.2913712290339416e-01	   1.1828034969745178e+00	   1.0917922566288354e+00	   8.1197039219558265e-01	   6.8029101473741949e-01	   9.3842616695520020e-01	   8.9171301646478163e-01	   8.9023984126252298e-01	   1.0378250116291097e+00	   8.0406676059723303e-01	   7.5284280494944400e-01	   9.2646397498365396e-01	   9.8942218726141717e-01	   8.6531781396344465e-01	   7.2930607121369595e-01	  -4.8404660013864668e-02	   2.6443059571038535e-01	   1.0506498226206928e-01	   4.0926457454593856e-01	   6.9284631154302023e-01	   6.8960003549951077e-01	   6.7546305211721069e-01	   7.2537997191838044e-01	   8.0338301513590027e-01	   8.1847245487040432e-01	   7.8059183941571653e-01	   7.6340522727416971e-01	   7.2620031758483861e-01	   8.3612159808467346e-01	   9.3417082804821039e-01	   8.3964313658096268e-01	   6.9743084957539314e-01	   8.7085015280317724e-01	   8.3283528796030593e-01	   8.3742724583572481e-01	   1.1838731299347756e+00	   1.3591677885275224e+00	   1.1586966979320792e+00	   8.6115198834476836e-01	   1.3128640878604876e+00	   1.0415145381710285e+00	   1.1772140449965514e+00	   1.0749019610314610e+00	   1.0261846508890615e+00	   1.0495669772474776e+00	   8.6024434050514820e-01	   8.4462158460020420e-01	   5.4300614398710456e-01	   3.3158506958816236e-01	   1.0454537634770975e+00	   1.0107888098091760e+00	   1.1561682006598168e+00	   1.1962193043622795e+00	   1.1093494716094183e+00	   1.1426017417756749e+00	   7.2639403612225883e-01	   6.4460365823848176e-01	   9.7351784302768340e-01	   1.1608283409025755e+00	   7.5214235896126758e-01	   1.1358285345796166e+00	   9.1371537024063687e-01	   9.4011072800914675e-01	   1.5702375168734297e+00	   1.0660711047690279e+00	   4.1914917346950675e-01	   5.7439546247528228e-01	   9.7230196998829355e-01	   1.2092371319352786e+00	   5.0455263800591377e-01	   6.6756494120696019e-01	   4.1120412923990313e-01	   4.5625515723504517e-01	   1.9843905437955014e-01	   6.9859987041770349e-02	   6.1849092219485391e-01	   7.0049471625934168e-01	   9.2314498464176464e-01	   9.2332143983954862e-01	   3.5277700574965420e-01	   7.2810383111284593e-01	   5.2512893950455397e-01	   7.2410270650470232e-01	   9.4342653956826050e-01	   7.6126937083356039e-01	   3.2049473099380660e-01	   5.2829259735926670e-01	  -2.1249746440617570e-01	  -4.5868291192023292e-02	   1.8801561035556930e-01	   3.5220084597096968e-01	   4.1840756705106719e-01	   4.9816298486625171e-01	   6.7506327817193856e-01	   2.0801176467212468e-01	
   1.4401266010408345e+00	   0.0000000000000000e+00	   9.7996518425503143e-01	   9.6455096039139809e-01	   7.6461085046357524e-01	   7.0562855373918432e-01	   8.0520727896513400e-01	   7.5950556870368180e-01	   8.2132287286067884e-01	   6.3378391200149553e-01	   8.3308855521211356e-01	   8.7065423295751421e-01	   7.2182007614518628e-01	   8.1925563507218957e-01	   9.5710982719500304e-01	   1.1107262689977131e+00	   1.0627312451491668e+00	   1.1799705212564735e+00	   1.0668789100173715e+00	   8.9235256515932670e-01	   4.5113849622984747e-01	   6.9938154605651548e-01	   8.5519791604298023e-01	   9.7605792207028819e-01	   8.4321693394690056e-01	   7.6232162280953142e-01	   8.0926674610737703e-01	   7.3496510719409369e-01	   7.3379256559382178e-01	   8.9279739056718666e-01	   6.6597339729142013e-01	   6.3706520304304703e-01	   8.4465785530042248e-01	   9.7811483334135807e-01	   7.0785999720259685e-01	   6.2687249376529997e-01	  -4.3398767764518113e-02	   1.8722819314992756e-01	   1.3286986219088048e-01	   3.6044793296788519e-01	   7.2012775845002619e-01	   5.1524569641170337e-01	   8.0042482031511619e-01	   8.4951086167620926e-01	   7.9256623591777542e-01	   9.0270424242395797e-01	   8.9564545773832882e-01	   8.8025498868279584e-01	   8.9623056541994650e-01	   1.1123745270568788e+00	   1.1422094729594678e+00	   1.0717608656494502e+00	   8.5054168172153122e-01	   1.0289586659726733e+00	   8.4589394250771621e-01	   8.5224719010569583e-01	   1.2920680181860560e+00	   2.0069803931484604e+00	   1.0863843447710508e+00	   1.0514062565564313e+00	   1.1460947966349539e+00	   1.1012990268393188e+00	   1.0588150312425610e+00	   1.1591836029182288e+00	   7.7384819382483871e-01	   8.6515714553341250e-01	   7.2470050868559943e-01	   7.8010250139128745e-01	   5.6399823283805717e-01	   4.1427611950411225e-01	   9.6427065123276479e-01	   9.4408293596138915e-01	   1.1113422891881228e+00	   1.1371865290256882e+00	   1.0549327591658633e+00	   1.0614185569776264e+00	   5.8005589002396252e-01	   6.2369119461878353e-01	   9.3811582814041394e-01	   1.0885475991974045e+00	   7.9041538529745825e-01	   1.1459616667538102e+00	   7.9167926512456421e-01	   9.1146280192475049e-01	   1.2197499685054092e+00	   1.0143959964172378e+00	   4.4015887426247241e-01	   5.3166447212133128e-01	   8.5666888028422228e-01	   1.2116504087011233e+00	   5.0411697042455850e-01	   5.5501434521356863e-01	   5.2555667048919197e-01	   3.6436888619193125e-01	   1.7883729377777363e-01	  -3.0830520677679412e-03	   6.2104502677492668e-01	   6.2298019501342627e-01	   9.6866481656206116e-01	   7.6544570904915821e-01	   5.3526395478406930e-01	   6.7877804775007655e-01	   6.2027795349036785e-01	   6.6269856887336120e-01	   9.3763546354859395e-01	   5.8420842261470241e-01	   2.2166700499868774e-01	   4.4919260767122737e-01	  -2.6173917144238762e-01	  -1.0635824741440511e-01	   1.3782238475309563e-01	   3.4928926537128030e-01	   4.3283098777106854e-01	   5.3091304396984840e-01	   5.6765820518971721e-01	   1.3023414023080898e-01	
   1.2876196326863174e+00	   9.7996518425503143e-01	   0.0000000000000000e+00	   1.3070994988511921e+00	   1.1072258884156068e+00	   8.9494154632486822e-01	   1.5201989146188883e+00	   1.2798224416182871e+00	   1.1938717327116715e+00	   9.0433015751710455e-01	   8.9631749222211865e-01	   7.1663223753201255e-01	   8.1679014109058756e-01	   8.5856913667147727e-01	   1.0772338864701285e+00	   1.0015505314967228e+00	   1.0074945584888522e+00	   9.4322844501245839e-01	   1.2644770889914327e+00	   9.4505206210372605e-01	   3.5276553229428320e-01	   5.1151715623992933e-01	   1.6011016662227824e+00	   1.3203085650794306e+00	   7.1040354257234750e-01	   8.2868230984560742e-01	   6.1935689048568554e-01	   6.0375874477845615e-01	   1.0156196123915695e+00	   1.1044072447987499e+00	   1.0340390416858505e+00	   1.0427125894211078e+00	   1.2057139483324222e+00	   1.3050246287338276e+00	   1.0949625886407088e+00	   8.7250625646694679e-01	  -1.1714454917532707e-01	   1.9070874884929129e-01	   1.2433273725703886e-01	   3.9880696822942135e-01	   6.2535617337528859e-01	   6.8950992639564657e-01	   8.0026972357484616e-01	   7.1604143313400770e-01	   1.0669408134744720e+00	   1.0180958650993361e+00	   8.6715014410186386e-01	   8.2454193637388273e-01	   7.4480444700948478e-01	   7.1150397529403375e-01	   9.4747696606568010e-01	   6.9134691419435590e-01	   6.7226384878532597e-01	   7.2002611269046068e-01	   7.2374635671662169e-01	   7.0079899098913634e-01	   8.2918297739105895e-01	   8.8669123301526742e-01	   1.0098023050098774e+00	   7.7792186703111355e-01	   1.2439942250470888e+00	   1.0296411192604176e+00	   1.0560564650212618e+00	   9.2823530816632704e-01	   1.6107447364213829e+00	   1.1383355558954553e+00	   1.1966659941984945e+00	   1.1801544649688487e+00	   6.9836350982860662e-01	   4.6942438010317039e-01	   1.0031327737419706e+00	   1.0955844373207053e+00	   1.0583431592842851e+00	   1.1322249784703349e+00	   1.0356136379284848e+00	   1.0864746713520004e+00	   7.6870792598471815e-01	   7.0103822154115136e-01	   9.7715472346258236e-01	   1.0661403568157999e+00	   8.0901242392369632e-01	   1.1360517375288612e+00	   8.3022852067600217e-01	   1.0668575657051393e+00	   1.3181108502858705e+00	   8.3553761275123906e-01	   2.9834168439337272e-01	   5.2220553613650567e-01	   1.0352059605467385e+00	   1.0542163439659691e+00	   6.7168505849921933e-01	   8.1683232510030113e-01	   5.4313771440276415e-01	   5.6275531744436236e-01	   2.8156439134858186e-01	   1.6075870982378704e-01	   6.5044206103544433e-01	   6.9156836839043689e-01	   9.2462200365145819e-01	   8.6674996177932018e-01	   5.2144252185490103e-01	   8.8205884882675134e-01	   5.3761582901992355e-01	   6.9345547524448559e-01	   7.8377344172903474e-01	   7.3025797209474597e-01	   3.3243723786773621e-01	   5.6838769774456532e-01	   9.3319898848790318e-03	   1.0348747175490372e-01	   3.1277950276486333e-01	   4.3515422400857162e-01	   4.6871494315468354e-01	   5.4750505757642864e-01	   7.0767568448810902e-01	   2.6295754648843206e-01	
   9.7982900206537316e-01	   9.6455096039139809e-01	   1.3070994988511921e+00	   0.0000000000000000e+00	   8.3207157694503597e-01	   8.0996292694874383e-01	   9.8776850700350849e-01	   1.2175410250316423e+00	   8.8698584378915302e-01	   8.2385839645464509e-01	   7.0701592046555994e-01	   7.0987467440941499e-01	   6.2066929319801623e-01	   8.3572475028662818e-01	   7.0419732781577549e-01	   9.6507490224079751e-01	   8.6323093556095110e-01	   8.7648300017783265e-01	   9.2242855234877152e-01	   7.8849762539230406e-01	   3.8798488901101791e-01	   5.6899212147797118e-01	   1.0740786418163033e+00	   1.6991312832898251e+00	   7.7287726537431278e-01	   1.1370095754112537e+00	   5.0077468703113492e-01	   5.8468305500449014e-01	   9.0307183559576532e-01	   1.0893268563560989e+00	   7.6224056484169367e-01	   8.9498141317428115e-01	   8.5517869287050619e-01	   9.9984690271920829e-01	   1.0398218221488178e+00	   9.4383664480471507e-01	   5.2806103572624795e-02	   3.0760371271711856e-01	   2.5355024319584507e-01	   5.5057077545759370e-01	   7.7546636601139629e-01	   7.0304056312989205e-01	   7.0833537132715285e-01	   7.5573211832355947e-01	   8.5003996175347885e-01	   9.5281100712557254e-01	   8.1012318096767211e-01	   7.1548426416320032e-01	   6.5855758242696116e-01	   7.5945427815161914e-01	   8.4098862848513645e-01	   8.0448561559974074e-01	   5.6563846371908566e-01	   6.0410413056410839e-01	   7.3789211610511707e-01	   7.8200629736341698e-01	   6.5912202480616677e-01	   7.9315472080724192e-01	   6.3935109816808156e-01	   7.0072321118689274e-01	   9.3927577960873165e-01	   1.1315952635965894e+00	   8.8096456930621858e-01	   8.7611418706811250e-01	   1.1338672026847334e+00	   1.5208956545229815e+00	   8.3878513735114268e-01	   9.5980533057509276e-01	   5.2567430107747215e-01	   4.1707118876547455e-01	   1.0321276219028646e+00	   1.1963496068018999e+00	   1.2350603242190323e+00	   1.3317738734968312e+00	   1.2005017533423656e+00	   1.2615265142403154e+00	   7.9132313333041182e-01	   8.3448010546467410e-01	   9.1899951839380933e-01	   9.8057050430267911e-01	   7.8290741851091150e-01	   1.1198879416248257e+00	   7.2314352384056446e-01	   9.9270712539521866e-01	   1.0210011432247552e+00	   1.0988792982773452e+00	   4.1258061493857895e-01	   6.0245202847518564e-01	   9.0004278482302935e-01	   1.1168121467884415e+00	   4.3160030713103759e-01	   4.3517518290701274e-01	   4.8329322271834263e-01	   2.6919931798978636e-01	   1.2079511031614587e-01	   4.3551868198611461e-02	   3.8892738322226383e-01	   4.5786996828491372e-01	   7.0082848735998493e-01	   5.5217205583657214e-01	   5.0914258907482868e-01	   6.1323375752349929e-01	   3.5952485195599476e-01	   3.9590908026836635e-01	   6.5156417915217657e-01	   4.5175533562847797e-01	   1.5281194018149372e-01	   2.8558115042345267e-01	  -2.8178599730596849e-02	  -3.6490765003709909e-02	   1.0706379641100756e-01	   1.9260101966123452e-01	   3.1863717141764786e-01	   3.8540488464436773e-01	   4.9526464364459566e-01	   2.3453662174444695e-01	
   8.2446477084969172e-01	   7.6461085046357524e-01	   1.1072258884156068e+00	   8.3207157694503597e-01	   0.0000000000000000e+00	   1.3030894251805896e+00	   9.7069869619050353e-01	   8.5575450137110509e-01	   1.2416138805100581e+00	   1.0092100519464293e+00	   5.8134012920034384e-01	   4.2554709530132445e-01	   5.1542944645037980e-01	   5.2716547363413824e-01	   7.5999380604015454e-01	   6.4222424158284930e-01	   7.1127211807038082e-01	   6.7543884460288739e-01	   7.9614019038432682e-01	   6.6536924060880498e-01	   3.6253032344808406e-01	   4.3990212411207685e-01	   9.3906056789381021e-01	   8.7214564571898623e-01	   6.1083553482030450e-01	   7.5545165334557618e-01	   6.6515712902429036e-01	   5.1292113703706432e-01	   7.1598668927130005e-01	   7.5474871954352740e-01	   5.6097448378126180e-01	   5.6721049914752142e-01	   7.1945770891896277e-01	   7.7146090417078950e-01	   6.7101606225895283e-01	   6.0227139945301111e-01	  -5.1424133716105110e-02	   1.4715181774611921e-01	   2.3777901298764989e-01	   3.5770237552834472e-01	   5.1373011207145014e-01	   4.5696693142666023e-01	   5.9313886730674303e-01	   6.2850157011384788e-01	   8.0035400053269767e-01	   7.8987190409296915e-01	   5.9304822904213483e-01	   6.8690727839008980e-01	   7.1002838818304015e-01	   7.0520079132998648e-01	   8.5496081632552168e-01	   6.8747901087578323e-01	   6.3778153411449756e-01	   7.7011917637769023e-01	   5.3455499989530741e-01	   5.6509956590735866e-01	   6.7517460301512666e-01	   7.8798181576629678e-01	   8.7970556282229095e-01	   7.2986927512305599e-01	   9.7470955858756270e-01	   8.0803268792193006e-01	   8.2175362016662035e-01	   7.2409799601669045e-01	   1.0158569755393381e+00	   8.0156965717675954e-01	   8.4224537516494458e-01	   8.2414162860123907e-01	   4.8722533311984362e-01	   3.2115495007299172e-01	   7.3991643866506318e-01	   7.5600261633601806e-01	   6.8543680045555100e-01	   6.9617972866798850e-01	   6.4652505569362928e-01	   6.1143439806262612e-01	   4.7568150562607614e-01	   4.6950030253132691e-01	   6.6191019421738584e-01	   6.8157988994404806e-01	   6.2490341292767637e-01	   8.1884106763992726e-01	   6.4647772149840543e-01	   8.2602235426676873e-01	   8.6878234408109711e-01	   6.4602458947004393e-01	   3.6249309380566946e-01	   5.2893403325060062e-01	   7.7322831817321647e-01	   8.2577542164119055e-01	   5.7989545849928492e-01	   7.0557425187953093e-01	   6.6125960830559571e-01	   6.2900866526377341e-01	   3.8396216975713604e-02	  -7.0774482176055351e-02	   3.9611404450470072e-01	   4.9111694678860046e-01	   7.0160779416095420e-01	   6.7544826020141480e-01	   5.5738561660600028e-01	   8.5548305961446647e-01	   5.8323185588997151e-01	   7.2344380363218141e-01	   6.2643459985714811e-01	   5.6999626219372401e-01	   1.9259555209567816e-01	   3.2793082142207702e-01	   3.1410413106559516e-02	  -8.0346229087565696e-02	   2.0774933894619599e-01	   4.2012444311267622e-01	   4.8692166479168636e-01	   4.6055690874966393e-01	   4.7169379756931051e-01	   2.9312324619156133e-02	
   6.9103486160357985e-01	   7.0562855373918432e-01	   8.9494154632486822e-01	   8.0996292694874383e-01	   1.3030894251805896e+00	   0.0000000000000000e+00	   7.9078073097197166e-01	   8.4772125269053045e-01	   1.0113724318897479e+00	   1.2802682720654048e+00	   4.3465022650394636e-01	   3.1712755188052510e-01	   4.0083403318844324e-01	   4.8826303286264799e-01	   5.8186729928182268e-01	   5.8157031019806160e-01	   6.3896477558141962e-01	   5.5194343901694365e-01	   7.4072898531119213e-01	   7.3284437862677443e-01	   2.7904973958777801e-01	   3.6596771628626967e-01	   7.8939673470510041e-01	   8.6008752475729322e-01	   5.2217174399126687e-01	   8.1916849324566787e-01	   5.3043817801064530e-01	   5.7283575142570275e-01	   5.6679652304078187e-01	   6.6273606564274801e-01	   4.2689430581253834e-01	   4.6728275549401094e-01	   6.7972958785092497e-01	   7.3636565702931045e-01	   6.0832606688884183e-01	   6.8529593036515313e-01	   5.9250616090003531e-02	   2.4509897946968467e-01	   3.6339984972258493e-01	   4.9617976435217026e-01	   5.8821553018057138e-01	   5.3129321255279238e-01	   6.3758479992957695e-01	   6.9146973035501813e-01	   7.7801831850548542e-01	   8.3891447274114439e-01	   6.4269075540354204e-01	   7.8521671895475986e-01	   7.1691751042992746e-01	   6.5117795614183915e-01	   8.1592041554202699e-01	   6.1662756509110150e-01	   7.4041469885993783e-01	   7.9211283375266706e-01	   6.0472124353608314e-01	   6.7872424599148284e-01	   6.2839015287526201e-01	   6.9785749778735118e-01	   7.0437217980213584e-01	   6.7940557577135152e-01	   7.8081437517158958e-01	   8.0609905986362784e-01	   7.1832087456778326e-01	   6.5610932312560888e-01	   7.5544374337447939e-01	   7.3379579823118157e-01	   6.8226022737353154e-01	   7.4034562866422127e-01	   5.4309574558741058e-01	   4.5043206433030725e-01	   6.0134016076746921e-01	   6.5102199901677638e-01	   5.9998432219871811e-01	   6.3115750341565957e-01	   6.0156987978306709e-01	   5.7629056010975188e-01	   4.7239426821275876e-01	   5.0481186106476850e-01	   5.9204719506842984e-01	   5.7401638679715816e-01	   6.1226765737937328e-01	   6.9862949343744263e-01	   5.6533280654814799e-01	   8.0604220251996583e-01	   7.7087849427589994e-01	   5.4552359277407314e-01	   3.4571961565053116e-01	   4.4724832757737953e-01	   8.5179808417756953e-01	   9.1962440815786894e-01	   6.5632577912532075e-01	   7.0383927233590127e-01	   7.4025317337819285e-01	   5.6555263824255309e-01	   2.0169511005330799e-02	  -2.0265427905637897e-02	   4.0566129924239935e-01	   5.3635825603333320e-01	   8.0325824087259345e-01	   7.6626905571100568e-01	   7.2565348856202994e-01	   8.3268470529876493e-01	   7.1953056732618281e-01	   7.2629321469793995e-01	   6.1643829100531278e-01	   5.0754003486416233e-01	   2.3320045935387340e-01	   3.3604601228037689e-01	   9.9130167010290579e-02	  -4.5063832507723264e-02	   2.9866853066911825e-01	   5.1038011245959003e-01	   5.7777004727389314e-01	   5.5788904077593404e-01	   5.2630695638599390e-01	   1.9073054703990126e-02	
   9.6818020735170363e-01	   8.0520727896513400e-01	   1.5201989146188883e+00	   9.8776850700350849e-01	   9.7069869619050353e-01	   7.9078073097197166e-01	   0.0000000000000000e+00	   1.7281690326351304e+00	   1.4087217811019772e+00	   8.7241443220671611e-01	   8.2203351095824162e-01	   7.5573190983479099e-01	   7.7471932811454602e-01	   9.4158875006519649e-01	   8.9404698559967422e-01	   8.6700386238729998e-01	   9.7404654310864047e-01	   8.3956813704651656e-01	   1.0942837441416213e+00	   9.7705667871155533e-01	   3.2863203401554908e-01	   4.3311221712921255e-01	   1.0428977751075568e+00	   8.9284888249357330e-01	   3.5596798866396251e-01	   5.9409761965519570e-01	   4.5335275904316985e-01	   5.1888750415573981e-01	   1.0777656436287646e+00	   1.1327239128152640e+00	   1.0973765952589432e+00	   1.1731207699082935e+00	   1.4826841463082070e+00	   1.6236141802088995e+00	   8.9295591618264158e-01	   6.8544532614883813e-01	  -3.1676222534047860e-01	  -2.3804735359712805e-02	  -1.2647138711777924e-02	   2.2366453193010838e-01	   5.2099478316249381e-01	   5.1675808515923305e-01	   8.5445244484294391e-01	   6.5521477716535426e-01	   1.1800234745461780e+00	   1.1086261443624712e+00	   9.2518581584409509e-01	   8.2401057961945290e-01	   7.9350812238630974e-01	   5.7810527080162255e-01	   8.0257022642359077e-01	   5.1224565494982366e-01	   6.0410898351158970e-01	   5.3777984634435272e-01	   5.7948096230660917e-01	   4.6114688176335217e-01	   7.2362230465086652e-01	   7.6116783329016979e-01	   1.1154703761748164e+00	   8.1493308256542729e-01	   1.3885582388128781e+00	   1.2017581543255225e+00	   1.2345259087854488e+00	   1.1326637096641174e+00	   1.3451854704714306e+00	   9.5316308103518166e-01	   1.7070795007263935e+00	   1.6192983479087573e+00	   8.6863741205338951e-01	   5.4931255368003296e-01	   7.8596413299482215e-01	   8.5327784147146168e-01	   8.5261521867832046e-01	   9.1638777585205156e-01	   7.4483842889232599e-01	   8.1691197144607641e-01	   5.3189267828844045e-01	   4.9672289767163325e-01	   8.7773937632959553e-01	   9.0549191208450763e-01	   8.4155014272948936e-01	   1.0629564551872406e+00	   8.5578940171957507e-01	   1.0187568833447291e+00	   1.0357274278016944e+00	   6.3155718250342763e-01	   1.2957013304468279e-01	   2.7784803992154122e-01	   8.6581762383337579e-01	   7.8637783279058693e-01	   8.6078078727302287e-01	   8.1255471641395416e-01	   5.4686543949578015e-01	   6.3107771999619899e-01	   3.7373389127305939e-01	   2.2692429192406699e-01	   6.6014773056149434e-01	   6.3299503032986970e-01	   1.0563873002432205e+00	   8.0152362951222111e-01	   6.7190989274734303e-01	   1.0463720926325510e+00	   7.4738264030431512e-01	   8.6793365588717120e-01	   8.8843717155445390e-01	   8.4831949678211127e-01	   4.9571493112811416e-01	   7.2740115680298334e-01	   9.3465703362632352e-02	   1.2294729168186595e-01	   3.1724023411180030e-01	   5.3209763326263082e-01	   5.7919170864082292e-01	   6.9532111566422350e-01	   7.8742309648956343e-01	   1.9161714086736792e-01	
   8.2480688268847513e-01	   7.5950556870368180e-01	   1.2798224416182871e+00	   1.2175410250316423e+00	   8.5575450137110509e-01	   8.4772125269053045e-01	   1.7281690326351304e+00	   0.0000000000000000e+00	   1.2949239833321977e+00	   1.1014132782045871e+00	   7.2891431198703904e-01	   7.6142658890913129e-01	   7.2808379788386823e-01	   1.0723896144419354e+00	   7.0596922469012557e-01	   8.3331250646870592e-01	   8.4566000714743805e-01	   7.3961803480545951e-01	   8.6855465545306842e-01	   8.5145306739728333e-01	   3.1220426277924745e-01	   4.4216660944988972e-01	   8.6665724290175949e-01	   9.7431029179341155e-01	   3.2544082778805450e-01	   7.2438383437209553e-01	   3.2806703818988353e-01	   4.9182428092567820e-01	   9.5966333596544340e-01	   1.1113929308506258e+00	   9.1575098732328142e-01	   1.1346515882040102e+00	   1.1707732985896531e+00	   1.3762881415620143e+00	   8.9372482881891546e-01	   7.9094165382088755e-01	  -1.9757059155500997e-01	   5.5735444925358500e-02	   7.4612690525351535e-02	   3.1087546675089284e-01	   5.9147587419352121e-01	   5.3073144678935424e-01	   8.5215440451548619e-01	   6.9579129759913694e-01	   1.1268535577977752e+00	   1.1583929429156374e+00	   9.7506238336313011e-01	   8.3159250986792699e-01	   7.6570172566415584e-01	   5.8657622199146353e-01	   7.8568961763593570e-01	   5.3902920578198243e-01	   6.2591422593698653e-01	   4.6382482458148011e-01	   6.1224922438381524e-01	   5.0008588712977553e-01	   5.6767261430937610e-01	   6.6206883523598514e-01	   8.3508330395171071e-01	   8.0310203077828357e-01	   1.2089184825352361e+00	   1.4697826248742154e+00	   1.0529848432223770e+00	   1.1079505454803558e+00	   1.1948163843803024e+00	   1.1568314538065623e+00	   1.3253655900178052e+00	   1.4766321177593889e+00	   7.9195458034935684e-01	   5.8260825342535716e-01	   7.8602064122335291e-01	   9.3125839815644218e-01	   8.3606329632412779e-01	   9.1474144272611380e-01	   7.6125367724154480e-01	   8.2706309578628723e-01	   5.9176725159262711e-01	   6.0064946226930893e-01	   8.1094115669626521e-01	   8.2737843322522764e-01	   8.2707354665525878e-01	   9.8995233601297061e-01	   7.2900951753458254e-01	   1.0027036689998470e+00	   8.9527832712298561e-01	   6.4415703587987394e-01	   1.3942217046297639e-01	   2.7212901842800857e-01	   8.7064683330876513e-01	   8.2336193113469924e-01	   7.9620178868755831e-01	   6.6301397605320167e-01	   5.7049077699002249e-01	   4.7915784548083257e-01	   3.1363745722607622e-01	   2.1172097809462420e-01	   5.5663062793947504e-01	   5.5282399961642725e-01	   9.6332036336203042e-01	   6.6112335465099581e-01	   7.3619081769369099e-01	   9.6575627786514073e-01	   7.1677413053579131e-01	   7.1677460124884096e-01	   8.4805584689903313e-01	   6.6906198308857490e-01	   4.5257193665507967e-01	   6.5231324675313851e-01	   9.6649486839536988e-02	   1.2344953319029472e-01	   2.8435276651419999e-01	   4.4077610849938553e-01	   5.4635209745250513e-01	   6.6248998534595105e-01	   7.0762295914534323e-01	   1.9296186966831744e-01	
   9.4880381958581861e-01	   8.2132287286067884e-01	   1.1938717327116715e+00	   8.8698584378915302e-01	   1.2416138805100581e+00	   1.0113724318897479e+00	   1.4087217811019772e+00	   1.2949239833321977e+00	   0.0000000000000000e+00	   1.1119625934865787e+00	   8.1259589572445157e-01	   7.4241330065353439e-01	   8.2460921151467792e-01	   9.2912503506922484e-01	   9.2323525027684505e-01	   8.9081380368664720e-01	   7.9861807510343652e-01	   7.6014580832870493e-01	   8.3837505457792993e-01	   6.9265558701808139e-01	   2.5356872851507373e-01	   4.3545688485365602e-01	   8.6207050796542961e-01	   8.1491823907227801e-01	   3.2186149989580159e-01	   5.4449490712955528e-01	   4.8943380002720227e-01	   6.1989925909333077e-01	   8.8310638462441604e-01	   8.9936219253499761e-01	   6.9899628954794768e-01	   7.5740972304665077e-01	   8.8920686935303150e-01	   9.7393709721328381e-01	   6.5442300688830379e-01	   5.9819872650879979e-01	  -1.9340881174881877e-01	   3.9555887387851145e-02	   6.4446217448077492e-02	   2.5337084621517092e-01	   5.1023513988103031e-01	   3.4913231293801456e-01	   7.3288820655370412e-01	   6.6268547425490976e-01	   9.7935402194926902e-01	   9.7189633998738034e-01	   8.3839804503589210e-01	   7.9443027320470616e-01	   9.5625551382127427e-01	   7.4268189748168723e-01	   9.2505920677328202e-01	   6.9069846920591893e-01	   8.0033374744036778e-01	   6.6195708314730717e-01	   6.4379385934937294e-01	   5.4445834305354179e-01	   6.9289560371020997e-01	   8.0825077665327894e-01	   1.1907338681213659e+00	   1.0796736089758736e+00	   1.5405047270980896e+00	   1.3157829386316222e+00	   1.0639383305428745e+00	   1.1185556524023612e+00	   1.0133291705813086e+00	   9.4022971857102722e-01	   1.0843606428979344e+00	   1.0660582369442941e+00	   5.8116040315097439e-01	   3.4395880742616430e-01	   7.0207012732609475e-01	   7.5451508195711703e-01	   7.1057312134789208e-01	   7.2649691166484087e-01	   6.4976718866605843e-01	   6.4863178888433848e-01	   3.5053750334491673e-01	   3.3100077029278879e-01	   7.0759034455663905e-01	   7.6967409509969409e-01	   6.8709576392680893e-01	   8.8556825511808701e-01	   7.0497648181088313e-01	   7.9328153877307961e-01	   8.4626582679187778e-01	   5.9073538841559181e-01	   1.4866803854242716e-01	   2.4618124005385633e-01	   8.3161502087180028e-01	   8.5455319595279033e-01	   7.5837501832884280e-01	   7.5804705072671164e-01	   5.2513884645105591e-01	   5.8283827005822120e-01	   1.9345053027377729e-01	   9.7780051238014892e-02	   4.9075478382939852e-01	   5.2799777342029119e-01	   9.9012386875926839e-01	   7.8328830320378007e-01	   6.7914043314620831e-01	   1.0323235540426399e+00	   8.2349992003086836e-01	   8.6907893276715764e-01	   8.4476687480265777e-01	   6.3814556026418723e-01	   4.6274261178282350e-01	   6.6336403507193054e-01	  -8.1874250901743398e-02	  -3.9573600916968599e-02	   1.5696332060203569e-01	   5.1201791725483170e-01	   5.9612340819056109e-01	   5.5517587774748822e-01	   5.8215628500579220e-01	   1.8133057331744348e-01	
   6.6394071393165077e-01	   6.3378391200149553e-01	   9.0433015751710455e-01	   8.2385839645464509e-01	   1.0092100519464293e+00	   1.2802682720654048e+00	   8.7241443220671611e-01	   1.1014132782045871e+00	   1.1119625934865787e+00	   0.0000000000000000e+00	   5.2549785001137739e-01	   4.7589826658390844e-01	   6.0387597769450729e-01	   7.7646040811004058e-01	   6.3878631178365419e-01	   6.3343805578467116e-01	   5.7476280738539465e-01	   4.6092528093082691e-01	   6.1021886208397358e-01	   5.7745224749895052e-01	   1.9657122809505262e-01	   3.4826475244790900e-01	   6.8710031807991101e-01	   7.7232400456843042e-01	   3.7331368324592201e-01	   7.0050124119620460e-01	   3.5354047839084668e-01	   4.1164034307804942e-01	   6.2403691979894327e-01	   7.0090043164721860e-01	   5.0873488469523265e-01	   6.1733010572380054e-01	   6.3073401147109709e-01	   7.3743968343402022e-01	   5.6419760471594271e-01	   6.1575349674011681e-01	  -4.3516360534360851e-02	   1.7004783967849157e-01	   2.3354480966479241e-01	   3.7697284868571884e-01	   4.8762829722278306e-01	   4.6709994395819177e-01	   6.5956672246017378e-01	   6.8372380038563763e-01	   7.1987114045485689e-01	   7.5903474309352903e-01	   7.1713000362745127e-01	   7.6650201775491422e-01	   6.3894446324968668e-01	   5.5320517239869449e-01	   7.0431137300647395e-01	   4.8975949561307403e-01	   7.1818972319159013e-01	   5.4327946093443846e-01	   5.8644000167878607e-01	   5.7837830271829926e-01	   4.2891720112151754e-01	   5.6782760083816786e-01	   6.5883116171186862e-01	   7.2839619043548898e-01	   8.9187653518514787e-01	   9.4377548612480266e-01	   6.8942011863548791e-01	   7.3242911794628962e-01	   7.9627332967584907e-01	   7.8033182652074085e-01	   6.6056952373893585e-01	   7.4045488512903468e-01	   5.0164492307636810e-01	   4.3667306751676460e-01	   6.5137032663332206e-01	   7.8557803632220791e-01	   5.8013216004352797e-01	   6.3116892610881681e-01	   5.8708441887215712e-01	   5.7538629362902949e-01	   5.8125732630525995e-01	   6.1021140920782080e-01	   5.7860991396555062e-01	   5.2627063340585989e-01	   6.0614238519512575e-01	   6.5369010813300110e-01	   5.1408530788925932e-01	   8.2644846609943912e-01	   6.7799646440240113e-01	   4.1382706755473286e-01	   2.0040218234689910e-01	   3.7810442378161557e-01	   7.9321339090870735e-01	   8.1782172818372434e-01	   6.3577521079120880e-01	   6.8668867490996943e-01	   5.5879856220707746e-01	   4.2791779964842369e-01	   1.2939347131134152e-01	   5.7776834623801142e-02	   4.8586281414070576e-01	   5.4682080208897432e-01	   7.9745184211962583e-01	   6.9500234597092603e-01	   6.6919869905524598e-01	   8.5322682303801656e-01	   7.3383058746075269e-01	   6.6031542998265891e-01	   6.2170252501750889e-01	   4.6161823483372216e-01	   3.3158694122773719e-01	   5.3423720270325803e-01	   5.5816260751091279e-02	   7.3327111540704676e-02	   3.2561789652035872e-01	   4.6400726293760464e-01	   5.4553890722681531e-01	   4.9874415826049290e-01	   4.9835150383065291e-01	   2.8951408583898594e-02	
   1.1758935153051557e+00	   8.3308855521211356e-01	   8.9631749222211865e-01	   7.0701592046555994e-01	   5.8134012920034384e-01	   4.3465022650394636e-01	   8.2203351095824162e-01	   7.2891431198703904e-01	   8.1259589572445157e-01	   5.2549785001137739e-01	   0.0000000000000000e+00	   1.4764548243728848e+00	   2.0049034348639991e+00	   1.3895022144591795e+00	   1.2760833985107953e+00	   1.2476354670278573e+00	   8.4009359108239279e-01	   7.8613884944075829e-01	   8.0702364753284694e-01	   5.3931486411410767e-01	   6.0003103442134087e-01	   9.1774701801308967e-01	   8.4833530590326689e-01	   7.8026764645048496e-01	   4.7499000155422377e-01	   3.8801992278485503e-01	   8.8036898830433108e-01	   9.2020098457218247e-01	   6.9577238551577825e-01	   8.0556444354046608e-01	   7.4706036463396142e-01	   7.3849046962035580e-01	   6.9337609156345659e-01	   7.3447555146814458e-01	   6.4492029280547913e-01	   5.5680370266307766e-01	  -2.7412488447092842e-01	   3.9834387489073031e-02	  -1.4288403486269291e-01	   1.3521639568048160e-01	   3.4311231907234069e-01	   4.7489651223034851e-01	   4.4773152745298694e-01	   4.4317672819139481e-01	   6.4548075896982049e-01	   5.9379179538465587e-01	   6.2473785070784804e-01	   5.0811863275230329e-01	   5.9447911887335125e-01	   6.5087857519140402e-01	   7.7266684319077117e-01	   7.0143868413532862e-01	   6.3831072085593821e-01	   6.9088553721500257e-01	   5.2878882777952063e-01	   4.9427849190579487e-01	   5.7507347250947705e-01	   7.6078764942001464e-01	   7.3359703852912550e-01	   7.3045452007263278e-01	   8.7731853715933839e-01	   8.5979134273686730e-01	   7.6784714446514157e-01	   9.9892250448595188e-01	   7.7091942676816982e-01	   8.8120866441609436e-01	   7.0767108080743235e-01	   7.1107622951619920e-01	   3.9805608760235783e-01	   2.5156349178865584e-01	   8.9803945047215095e-01	   8.8942792302813156e-01	   6.8633950574336311e-01	   7.6405983401636779e-01	   6.1448574459271332e-01	   6.4355111270888432e-01	   4.5655706130456886e-01	   4.1052089220502608e-01	   5.8864517304636177e-01	   7.2501326672501043e-01	   4.2291122881581722e-01	   8.2482305778969001e-01	   6.1071977566149116e-01	   6.0397142932974768e-01	   9.4879287456604733e-01	   7.0212822555903553e-01	   1.8072782829152218e-02	   2.2358410672160350e-01	   4.5481607351954007e-01	   6.5527607784589914e-01	   5.0924318031766225e-01	   5.5026423374885813e-01	   2.7346914378605169e-01	   3.8871868664294312e-01	   1.6132786519505588e-01	   3.2100429629796728e-02	   3.7172890229402800e-01	   3.7913785572737518e-01	   6.5258030253812815e-01	   5.8938041972680033e-01	   1.6608102642123843e-01	   6.1719503236415385e-01	   4.0158739201592530e-01	   5.2466836172041542e-01	   8.0111789077382922e-01	   7.1790230770063423e-01	   4.1176589596629959e-01	   5.0735621444167434e-01	  -1.2161528375707940e-01	  -1.5668760395421890e-02	   1.0600888776177461e-01	   2.0446470085276158e-01	   3.3786312450201300e-01	   3.2729952143178087e-01	   5.5580870846880503e-01	   1.7891564046681402e-01	
   9.5250860420628392e-01	   8.7065423295751421e-01	   7.1663223753201255e-01	   7.0987467440941499e-01	   4.2554709530132445e-01	   3.1712755188052510e-01	   7.5573190983479099e-01	   7.6142658890913129e-01	   7.4241330065353439e-01	   4.7589826658390844e-01	   1.4764548243728848e+00	   0.0000000000000000e+00	   1.4269642572765011e+00	   1.7078788840959858e+00	   1.0355340856429718e+00	   1.2896295292054374e+00	   7.4996587122309033e-01	   7.8675428848293638e-01	   6.6054068851530445e-01	   4.7867192769405920e-01	   6.4536357149248336e-01	   9.4604430146207408e-01	   6.3910929293505681e-01	   7.0881458519781537e-01	   4.0795634345170595e-01	   4.3292856284250669e-01	   6.6606169726911901e-01	   8.3931386727710711e-01	   6.6245083767752533e-01	   8.3778725264384291e-01	   8.0296365923092927e-01	   8.4034309977358557e-01	   6.7773258156116933e-01	   7.5182661880566237e-01	   5.2889364987536014e-01	   4.2450585563913157e-01	  -2.8928612789532943e-01	  -1.6001102386556221e-02	  -1.8622846019422837e-01	   8.5691873387215886e-02	   3.4805051569004541e-01	   3.8982875126574429e-01	   4.6486594556996691e-01	   4.0972417483343199e-01	   5.4715368274476772e-01	   5.5698210322447039e-01	   6.4408248332227369e-01	   4.8134002818578281e-01	   6.0529124409673063e-01	   6.9743755745488512e-01	   7.7130615210868614e-01	   7.3065552022089009e-01	   5.9118750144360932e-01	   5.3427455916197752e-01	   5.0812984728009769e-01	   4.1749573594533151e-01	   5.7014342623548719e-01	   7.4999581565335283e-01	   7.2202579317762550e-01	   8.1798947146498824e-01	   8.9587330200301629e-01	   9.8987837233994369e-01	   7.6431332064978585e-01	   1.1360837426410380e+00	   6.3092736072183186e-01	   8.3723580204565828e-01	   6.2259783677380631e-01	   6.5044966490750944e-01	   3.4923937613520234e-01	   1.9535497602883151e-01	   8.2007298610214696e-01	   8.1259701240775972e-01	   6.4143367453592870e-01	   7.6096818218950946e-01	   5.4157614534658460e-01	   6.2059790835781936e-01	   3.3538196150676725e-01	   3.4466896619109483e-01	   5.5530854466650836e-01	   6.5825613674641537e-01	   4.2070416412111095e-01	   8.3003797384076772e-01	   5.5545455478515438e-01	   6.1312035026758938e-01	   7.6324574258509947e-01	   7.5151062857126527e-01	  -4.0616325794076959e-02	   1.1093345275859019e-01	   3.9494805044903175e-01	   5.9463426132125186e-01	   4.1540481344179536e-01	   3.3968796406710072e-01	   2.1115728143235590e-01	   2.4882607740164772e-01	   1.1681310809918297e-01	   6.6729097559860946e-04	   3.4208352809891229e-01	   2.9752264882490548e-01	   6.2290540215333023e-01	   4.2949955227695308e-01	   2.0715437108770646e-01	   5.2729750285636667e-01	   4.0207788809641454e-01	   4.5589565543768362e-01	   7.6795267649800214e-01	   5.8719168255300103e-01	   4.4203709500933230e-01	   5.0323629100864486e-01	  -1.9168085949270675e-01	  -1.2723881030837797e-01	   8.4291239384902752e-03	   1.3700526847347413e-01	   3.0526817001609946e-01	   2.8090178666138610e-01	   4.2300597056599726e-01	   1.6504700844882861e-01	
   1.0188214378516245e+00	   7.2182007614518628e-01	   8.1679014109058756e-01	   6.2066929319801623e-01	   5.1542944645037980e-01	   4.0083403318844324e-01	   7.7471932811454602e-01	   7.2808379788386823e-01	   8.2460921151467792e-01	   6.0387597769450729e-01	   2.0049034348639991e+00	   1.4269642572765011e+00	   0.0000000000000000e+00	   1.5692779721375283e+00	   1.1964131458359801e+00	   1.1321356423701219e+00	   6.7407707628820168e-01	   6.2122063938775196e-01	   6.5072286247769495e-01	   4.1669378642129667e-01	   5.1445890584550380e-01	   8.3460163125372877e-01	   7.3086924820076948e-01	   6.7279379206575773e-01	   3.5476237764139590e-01	   3.1429019500215877e-01	   7.3245450329445538e-01	   8.3126151121446057e-01	   5.9364633040116721e-01	   6.7950188741578366e-01	   6.7805443622406558e-01	   6.9979069280061479e-01	   5.9044372078672680e-01	   6.4296631193813680e-01	   5.1815357425225883e-01	   4.6608066368827289e-01	  -3.4323656644460049e-01	  -2.1870885079256740e-02	  -2.2508767813496863e-01	   4.8392919603848131e-02	   2.2882788648169555e-01	   3.7878461335953401e-01	   4.1210729915420791e-01	   3.9012411231060079e-01	   5.5666236049310569e-01	   5.0125900883594132e-01	   5.9543833234303367e-01	   4.3940318314149479e-01	   5.4644833189049191e-01	   5.6651270450713409e-01	   7.0584544877968325e-01	   5.9743394504965197e-01	   6.4088946129767554e-01	   5.8029727027096012e-01	   4.6136942579403684e-01	   4.0085942823095855e-01	   4.6205149441320181e-01	   6.4196096961428351e-01	   6.8213501868281534e-01	   7.4817410733978151e-01	   8.5556445260281655e-01	   8.3174208278847850e-01	   6.6476145854186963e-01	   9.3569009745950904e-01	   7.1419846569618795e-01	   7.9425867932911720e-01	   6.1025014297525293e-01	   6.2070514096156615e-01	   3.2257026362492774e-01	   1.9450156361630994e-01	   8.2029083145378046e-01	   8.5164486664511552e-01	   5.6413621501437594e-01	   6.4045074545434288e-01	   5.1135817339347678e-01	   5.3495324137188183e-01	   3.6636390896233040e-01	   3.1673588711049910e-01	   4.6978655150635817e-01	   5.7997472232805969e-01	   3.1762784124700977e-01	   6.7911056384588586e-01	   4.7543159652335742e-01	   5.0955798247472139e-01	   7.8822334345445977e-01	   5.5138119005365027e-01	  -8.6865731631770277e-02	   1.4794037726917142e-01	   3.8618960313370093e-01	   5.6623565188394354e-01	   4.6360340043246689e-01	   5.1187041104924469e-01	   1.9290461676336265e-01	   3.1284465617665025e-01	   1.2708960335688510e-01	   1.1699554321733575e-02	   3.2365120857541857e-01	   3.1432912538232816e-01	   5.9329462722677984e-01	   5.1473714912631718e-01	   1.1928911479888461e-01	   5.7795842430366473e-01	   4.0723309030367566e-01	   4.8630107698740488e-01	   7.2340733299243620e-01	   6.2895385209671839e-01	   4.4303442224822670e-01	   5.7419840185496995e-01	  -2.0742105457230270e-01	  -4.2143974362484231e-02	   5.4424891624679388e-02	   1.4989856431738757e-01	   2.6191787963394664e-01	   2.6328154734942144e-01	   4.8503863159077587e-01	   1.5291771893678119e-01	
