   0.0000000000000000e+00	   1.4699827236802092e+00	   6.0742063746224662e-01	   7.1487849127965419e-01	   6.0499453867352851e-02	   1.2947580427944461e-01	   8.0249372122957785e-01	   5.8978063553932358e-01	   4.4567650248285151e-01	   3.7245755199090413e-01	   5.8047734428850695e-01	   8.6913483877281006e-01	   5.9887030789284734e-01	   6.8457305388216894e-01	   5.5952065606849088e-01	   6.3710536247780225e-01	   7.9507872024898618e-01	   9.7854608994465908e-01	   1.3067209673046178e+00	   1.2318527422087249e+00	   3.8764695950361533e-01	   1.7885848491939221e-01	   4.6992811850541721e-01	   3.7111684460315503e-01	   2.3800463748971160e-01	   2.4657532760497836e-01	   1.5082161811158568e-01	   1.4897659157430326e-01	   6.9704688563507577e-01	   8.1187579650542663e-01	   7.4216004377679545e-01	   6.4293084862134897e-01	   1.1742109044726146e+00	   1.0666552704110783e+00	   9.3916122953620881e-02	   2.1174191622425931e-01	   3.5642836102676334e-01	   5.8780205264769303e-01	   6.6115718202432272e-01	   8.5368096431002505e-01	   5.6819673757522104e-01	   8.2404827676310211e-01	   5.5432186113744764e-01	   6.2432864954097145e-01	   5.2854067702998964e-01	   5.3766652786086233e-01	   9.1249637369567660e-01	   8.9462655783950462e-01	   4.2949313994893240e-01	   4.3445791813370033e-01	   4.2799740549664550e-01	   2.6919702103651777e-01	   8.9232299579716923e-01	   6.9730550713582995e-01	   1.0736587284935224e+00	   1.0803995290463415e+00	   1.4538146029323062e+00	   1.3971659615336947e+00	   8.6493704373765223e-01	   7.7306128608556179e-01	   9.3487169829505667e-01	   6.3525965790822003e-01	   4.3699000949248573e-01	   8.3721953350665967e-01	   1.1813751403121407e-01	   3.0213984613420494e-02	   6.6658840680815046e-01	   7.6887814492857531e-01	   6.5305218511494756e-01	   5.1215030628208802e-01	   5.2756957727000620e-01	   4.4925210655998665e-01	   8.7238479863682383e-01	   8.6987140941396368e-01	   8.0758883713516427e-01	   8.7090332832518569e-01	   8.9969793022892941e-01	   9.1635647393877950e-01	   8.1304587669466089e-01	   8.3086708959215927e-01	   5.9928698731768970e-01	   7.5122817404027997e-01	   7.1885381507068891e-01	   9.8522988501099240e-01	   5.9121168022995030e-01	   5.2414826782023227e-01	   6.4579793171398048e-01	   7.0594714835537564e-01	   1.0608219928016156e+00	   9.8763837709049351e-01	   4.3758964313791809e-01	   2.6799235141511291e-01	   3.6574519396424832e-01	   2.4220100678662332e-01	   4.8368031788885169e-01	   7.0684121630625263e-01	   1.0322635927533510e+00	   1.0749074688524134e+00	   8.4490507580494534e-01	   6.8992554072360623e-01	   5.8082175577313622e-01	   2.2648113366555106e-01	   6.6033797231890889e-01	   6.7795099273335135e-01	   6.5703713951290521e-01	   5.4160591661286628e-01	   4.2111601145469579e-01	   7.7972767285131528e-01	   3.5140274544825989e-01	   5.2463560226362238e-01	   7.5916609368486132e-01	   5.6146925486436050e-01	   7.4989516143957535e-01	   6.5011676645503380e-01	   6.0366526809289889e-01	   5.1553356388508986e-01	
   1.4699827236802092e+00	   0.0000000000000000e+00	   6.1184833257219018e-01	   8.1371314282531504e-01	   4.9757991918388438e-03	   7.4267386629425253e-02	   7.6020061827565966e-01	   6.2470602683677889e-01	   5.3183933622793023e-01	   4.5209492081473157e-01	   5.2652531177189821e-01	   9.1657049974485472e-01	   5.8539174877838795e-01	   7.1945739060911429e-01	   5.7038229257184137e-01	   6.8404531075042296e-01	   5.6157666617120694e-01	   8.5087976582050828e-01	   1.2280539479237060e+00	   1.2420231252032381e+00	   3.7196444607664608e-01	   1.1362224777165750e-01	   4.4162681204703785e-01	   3.7958873121856879e-01	   2.0630806326270640e-01	   2.5307606758523338e-01	   1.1443201138337897e-01	   6.8336644599342716e-02	   5.1944630793778634e-01	   6.7995142692257193e-01	   7.2443625810793777e-01	   6.2146505481333092e-01	   1.0077482986716813e+00	   9.7495305205761895e-01	   1.0653437458785904e-01	   1.7371355237520661e-01	   2.4803481392939022e-01	   5.0263565713923541e-01	   6.6386848843097401e-01	   8.6286419646899748e-01	   4.0713570844834029e-01	   6.8277113343753459e-01	   4.8517136630593216e-01	   4.3314966193441135e-01	   4.5221318523573972e-01	   4.1772026768297876e-01	   8.9601766842351127e-01	   8.3787747545465663e-01	   4.7718491064665125e-01	   4.6899905293097816e-01	   3.6261352051671270e-01	   2.4154304498566745e-01	   9.7529109063063990e-01	   8.0001760320120052e-01	   1.1994737260204000e+00	   1.3527681682522292e+00	   9.3442107896317284e-01	   1.1623052064983825e+00	   7.9616934354006896e-01	   8.0564558267105069e-01	   9.2207747305884358e-01	   7.8031652307831489e-01	   2.7226748058793265e-01	   8.0141033841317189e-01	   1.1274808150701242e-01	   6.7644756657188346e-02	   5.5252511802388971e-01	   6.8458902234156338e-01	   5.3004321771062446e-01	   4.9305748496848323e-01	   2.7801093543857991e-01	   3.0758778912944362e-01	   6.9287386552818431e-01	   7.6155853404578155e-01	   6.7529629388584445e-01	   8.0749569767901253e-01	   5.9268833007118304e-01	   7.0084210348707210e-01	   5.8012974650248994e-01	   6.9803928338793053e-01	   4.6364769950424145e-01	   6.8204407114891186e-01	   5.7179138852608180e-01	   8.8714979763233004e-01	   5.7744488020261886e-01	   5.1187605637328348e-01	   6.2698972860449786e-01	   8.3082832893851122e-01	   1.1529189532901432e+00	   1.1788455393861652e+00	   5.4309648196837768e-01	   3.3872360080499103e-01	   4.2767706093572389e-01	   3.1028357075535973e-01	   5.1333989234180133e-01	   8.1384465931777972e-01	   1.1179597394883911e+00	   1.1374545368045068e+00	   8.9353095610112332e-01	   7.2840351124766400e-01	   5.8519568468574301e-01	   1.9041881958136980e-01	   6.0658497812788315e-01	   6.5564899479307026e-01	   7.1079634073048659e-01	   5.7946561100592431e-01	   4.6562426444075600e-01	   8.9161693384671303e-01	   4.1639286046609281e-01	   5.1678632095638544e-01	   7.0284633367598970e-01	   4.9389195419476395e-01	   8.1168882339651793e-01	   7.1961648086318220e-01	   6.6519610565680021e-01	   6.5370593055798309e-01	
   6.0742063746224662e-01	   6.1184833257219018e-01	   0.0000000000000000e+00	   1.3337331384700524e+00	   4.9076280156822349e-01	   2.9064987439887674e-01	   1.5868483968165163e+00	   8.8516051482716451e-01	   7.1179926097509394e-01	   5.7298410623893425e-01	   4.9732642873541888e-01	   4.2472380182352043e-01	   6.8032205732499762e-01	   5.1551109488827040e-01	   8.8734899719915405e-01	   1.0077816549030927e+00	   5.2267345419716293e-01	   4.3261456832346362e-01	   7.2159553090030326e-01	   5.3033373809944750e-01	   2.3421102432558658e-01	   6.7295272619381077e-02	   1.2102250235400682e+00	   1.1290257681225953e+00	   6.2394408439374172e-01	   6.8319675164046800e-01	   1.4821318771213879e-01	   1.4939243125477475e-01	   5.0626343186911793e-01	   4.6734625957724246e-01	   5.9311338686969850e-01	   4.0295907613988169e-01	   6.9445455570270631e-01	   6.3923345747876503e-01	   6.4007719945588060e-01	   6.6756487027954836e-01	   6.5331374740605808e-01	   7.8719530956790862e-01	   6.9273930819694884e-01	   8.7536461938595822e-01	   4.6936789308855620e-01	   7.1672314713219565e-01	   6.6370556831573890e-01	   5.8748594645485086e-01	   5.5127640460363647e-01	   5.1301352555040713e-01	   8.8460989401597701e-01	   8.5394067754760661e-01	   5.5495437455689423e-01	   5.3599556551159167e-01	   5.7496709794339995e-01	   5.1648070571899862e-01	   8.7437379609343102e-01	   8.5735902716695844e-01	   9.3909248060109685e-01	   8.8169804967151277e-01	   4.9512135509397259e-01	   5.6113432920858330e-01	   7.2859990837415078e-01	   6.5204320253540804e-01	   6.8827980715864834e-01	   5.0525873353762552e-01	   2.8389284112251517e-01	   4.0192228497669485e-01	   5.1176383153802707e-01	   4.7105633317902107e-01	   7.7663860250021788e-01	   8.4610123613152932e-01	   3.1216404396618358e-01	   3.7647274665260849e-01	   5.3964710252082448e-01	   4.3413916787148593e-01	   6.0476181967709852e-01	   4.9246100024586004e-01	   4.8210819072240607e-01	   5.3623265445659896e-01	   7.4772566836183396e-01	   6.6738622816094917e-01	   4.5692958261881322e-01	   4.3275028051931375e-01	   5.9343588447454576e-01	   6.3288758990847271e-01	   6.2756584318992503e-01	   7.8579694099650166e-01	   1.0439785614612505e+00	   7.3178300299233245e-01	   5.4484621335893935e-01	   7.9260605921725269e-01	   9.4244515787796745e-01	   8.2130637926635675e-01	   5.3692123171785688e-01	   4.0547641921607758e-01	   7.2955305207715748e-01	   5.2733126443811584e-01	   5.7952592627487864e-01	   6.2927131737540709e-01	   9.6589734991735299e-01	   8.0344973645325901e-01	   8.6069290362174478e-01	   7.1779128911170276e-01	   9.5776335352396513e-01	   4.5539023438506876e-01	   9.2232569078351179e-01	   7.1809050411768627e-01	   7.9743022207355774e-01	   7.5345433080435908e-01	   3.9413540007593117e-01	   4.9491631356965937e-01	   5.0291850608064625e-01	   4.9459947512368863e-01	   9.0356854449029200e-01	   4.3679199185402034e-01	   7.5303335842152097e-01	   8.3211845975109189e-01	   7.0587707837269364e-01	   5.6488935490855008e-01	
   7.1487849127965419e-01	   8.1371314282531504e-01	   1.3337331384700524e+00	   0.0000000000000000e+00	   3.8758269187458311e-01	   3.4103628885701665e-01	   1.4074771239875798e+00	   1.3072872247193050e+00	   6.3210153783955614e-01	   8.9271596908959860e-01	   6.5934410707308089e-01	   7.0618766389031085e-01	   7.7555324494315636e-01	   7.9712122339223523e-01	   7.8449225077464957e-01	   1.2942190902533321e+00	   7.6764308296260864e-01	   7.2949422208525694e-01	   8.7848148564160833e-01	   7.6198070588808553e-01	   2.0503004313956708e-01	   2.8107090078576674e-02	   1.0968662453387212e+00	   1.2175156033904120e+00	   4.4779535721216668e-01	   6.8865542317705264e-01	   6.5811706231373321e-02	   8.6926579054276074e-02	   6.7889986898974986e-01	   7.4330209929780811e-01	   7.1991731918290691e-01	   5.8643200347862201e-01	   1.0287590244478886e+00	   1.0371320819913068e+00	   4.6189585095183872e-01	   5.9012251212127631e-01	   4.9295685103757769e-01	   7.9808685787947131e-01	   7.4150503075985497e-01	   1.0173415864083035e+00	   5.8470952723120395e-01	   9.5097372484177733e-01	   6.0344731957822473e-01	   5.2893568486734988e-01	   5.6694562363888401e-01	   5.6262514422207566e-01	   8.9375129827706590e-01	   7.7198823526833360e-01	   5.5517851606194601e-01	   5.7557595625363256e-01	   5.5892435478550051e-01	   4.8332357770079232e-01	   8.9743947232107280e-01	   8.6692125085977789e-01	   1.0489503636226447e+00	   1.0381293567553411e+00	   6.3304466309469520e-01	   6.4308429736870554e-01	   6.7170812743450226e-01	   7.8580783410573252e-01	   7.9985715417328618e-01	   8.4509832744630009e-01	   4.4991129617874681e-01	   7.1487825254637882e-01	   3.9480450928204547e-01	   4.7942765417220223e-01	   7.4657944688836253e-01	   9.9129625955613210e-01	   3.5459779412433828e-01	   4.3639855565096192e-01	   3.9270016870382574e-01	   4.1248755033017132e-01	   7.7141072495772889e-01	   7.0268973821706282e-01	   6.9742639647267635e-01	   7.7199188997475532e-01	   7.8624809024000675e-01	   8.9421888314992981e-01	   6.8851549739824169e-01	   6.8330118654438288e-01	   8.1240795736006921e-01	   9.3416721312109885e-01	   7.5308144487234063e-01	   1.1567208705527920e+00	   1.0046432967592387e+00	   8.3260095991936189e-01	   5.4935375731421932e-01	   8.6766363604462537e-01	   1.1219332641091901e+00	   1.0483689098002604e+00	   5.9680329659434306e-01	   3.6340025153959343e-01	   6.3555174672254866e-01	   3.5146958420406094e-01	   6.3352335219190747e-01	   8.2530267700963156e-01	   1.0657010608056641e+00	   9.2624280559148275e-01	   9.0991522279079562e-01	   6.8432285084867861e-01	   8.5484262987311610e-01	   2.9423797840938631e-01	   8.1941463582979734e-01	   6.5887453185101008e-01	   7.4241055167278014e-01	   6.7390690205647485e-01	   4.7417264871750547e-01	   6.1498064343558378e-01	   5.4501857615571658e-01	   5.5096211021084462e-01	   7.7641430491801633e-01	   5.1278799162042132e-01	   7.3894951932271857e-01	   6.9006275602703537e-01	   6.1345554475884689e-01	   6.2988666807731220e-01	
   6.0499453867352851e-02	   4.9757991918388438e-03	   4.9076280156822349e-01	   3.8758269187458311e-01	   0.0000000000000000e+00	   1.1418073026507971e+00	   4.4359013264546981e-01	   2.2191255344873384e-01	   7.0629398078972117e-01	   6.4933068137242556e-01	   1.9818297666019546e-01	   8.7946852506664338e-03	   1.8381943767907519e-01	   3.7925927932932563e-02	   6.3215670626273979e-01	   5.7161683490459470e-01	   3.4433878897946696e-01	   9.5492929105988264e-02	   2.4022507783964198e-01	   1.2810207139254681e-01	   5.9451724206299250e-01	   7.0328715537381858e-01	   8.2805863008610614e-01	   5.7084424952447410e-01	   1.0737801729331007e+00	   8.7396520088833884e-01	   9.3866082837840936e-01	   9.4359102343212997e-01	   2.0506176448171401e-01	   1.5464858042918159e-01	   3.3111254480760077e-01	   3.2343903839261168e-01	   2.3150529650524154e-01	   1.9758221382259683e-01	   6.9386322180919480e-01	   7.0748857009300747e-01	   3.7378656610146538e-01	   3.0300004867500191e-01	   2.3183479033629600e-01	   3.3383662888043319e-01	   4.5128109868868899e-01	   4.1585305309124959e-01	   2.8598799666704389e-01	   3.6651339803326038e-01	   2.7994824953888808e-01	   3.6224968527681861e-01	   2.2866391015998572e-01	   2.2702250455655776e-01	   2.8127569062362934e-01	   4.1489630356722262e-01	   5.9894264283756593e-01	   6.3952193971076388e-01	   2.9452280830059979e-01	   4.4541076310357852e-01	   1.8162883356871490e-01	   1.0980114534640782e-01	   2.4100355750363722e-01	   1.1327378254866803e-01	   2.1820274351993890e-01	   1.2308891351563486e-01	   2.8595628955730767e-01	   3.3597528223064603e-02	   4.5555860982855045e-01	   1.5969724441308394e-01	   7.4053616225944441e-01	   3.8617089133709032e-01	   4.1267761267574876e-01	   3.0451652329754320e-01	   1.8407379760772316e-01	   1.0922300494836014e-01	   6.7564158928761342e-01	   7.6832809168673688e-01	   1.5611306978512240e-01	   1.1203678080637808e-01	   7.0281771818137023e-02	   9.1521125350038202e-02	   3.6901136274140511e-01	   3.5112595777968136e-01	   2.7785351122889129e-01	   2.0898499766835954e-01	   4.3834178866616530e-01	   2.4097593859388941e-01	   6.9331617526518718e-01	   4.2647062699114557e-01	   5.6065362466066559e-01	   5.2967834320043583e-01	   2.3890378853617666e-01	   3.6081264419161896e-01	   1.9881211295463214e-01	   1.8786592278112160e-01	   4.3722332155156296e-01	   4.2353388708718748e-01	   3.6051057884620868e-01	   2.5090801717113853e-01	   2.5595203305943276e-01	   1.5584154349316859e-01	   2.6998050697297682e-01	   1.7351709035763202e-01	   3.4307709940936709e-01	   2.8647645081693718e-01	   2.5459326029397622e-01	   3.4322616577759613e-01	   2.9512760254232856e-01	   1.8644278465492364e-01	   4.1619519628933199e-01	   3.3025715142520068e-01	  -7.5447565954122914e-02	  -1.5878719441565095e-01	   3.5572388033185293e-01	   1.9286864293812403e-01	   4.7570110086837292e-01	   4.0146943465507401e-01	   2.2090068156633677e-01	   1.5568682971433215e-01	   2.8978948965668144e-01	   4.0176149316464724e-02	
   1.2947580427944461e-01	   7.4267386629425253e-02	   2.9064987439887674e-01	   3.4103628885701665e-01	   1.1418073026507971e+00	   0.0000000000000000e+00	   2.5365434145401511e-01	   2.0500506408157174e-01	   5.2339269631327545e-01	   8.1236288412324220e-01	   7.4020532327352867e-02	   6.6075164454731938e-02	   2.6197877203795659e-02	   4.6141070337778946e-03	   3.8358258160098480e-01	   4.3913452196849190e-01	   3.9731028481633796e-01	   1.2601945018569602e-01	   2.6419184047544131e-01	   2.7184567152786049e-01	   8.1557865503643012e-01	   9.0784742048495903e-01	   4.9367611227723524e-01	   4.1790367299168829e-01	   6.9195001868740502e-01	   5.9217395831062114e-01	   1.0219319890815068e+00	   1.1535443819660658e+00	   1.7394731985610198e-01	   1.6312014039612349e-01	   1.8769528416966016e-01	   2.2999403761875920e-01	   2.4982855563982218e-01	   2.2667350285628768e-01	   3.9072717937837909e-01	   4.3730943326505967e-01	   4.7425018909907612e-01	   3.0032562005179064e-01	   3.7127409113148002e-01	   3.4611439778698971e-01	   5.6884355812517517e-01	   4.3813742085504659e-01	   3.7827522388533069e-01	   4.6270408961414911e-01	   4.2899322343879959e-01	   5.3233810213250321e-01	   2.9175743650273400e-01	   2.9127792171787287e-01	   4.0979885108509184e-01	   5.0500584424629102e-01	   6.2833711216946053e-01	   6.6834172332288566e-01	   3.5298019445261103e-01	   4.5618231209496379e-01	   2.3312247983065029e-01	   9.7445796542058941e-02	   3.1449934540241786e-01	   1.2364786967058908e-01	   2.8837306250759515e-01	   2.2726949871370569e-01	   3.6191594107731329e-01	   1.2987217730855549e-01	   5.3848746714746221e-01	   2.7870727854697913e-01	   4.8309100017637807e-01	   2.9247508666412547e-01	   5.2551067713462218e-01	   4.4954927307225329e-01	   3.4596331554180731e-01	   2.8363351840819900e-01	   5.4244169672701525e-01	   6.7158909045946835e-01	   1.5647570662575028e-01	   1.2230076659019187e-01	   1.2781140253797826e-01	   1.1962807264742643e-01	   4.2262199550193924e-01	   4.0004896902700937e-01	   3.5157801261898702e-01	   1.9841423424336455e-01	   4.1187037457023695e-01	   2.0116481183163201e-01	   6.3043341363307492e-01	   4.4852099761181813e-01	   4.7935568219970803e-01	   4.2370791753589665e-01	   4.0735545482256252e-01	   4.6192202457564546e-01	   2.6738355272349901e-01	   2.1612765780401269e-01	   2.6353741720763602e-01	   1.6702153939066278e-01	   1.1407562569102418e-01	  -2.0380154597332910e-02	   2.1931543600596681e-01	   1.2837082683968945e-01	   2.6484210915781248e-01	   1.0902617652252293e-01	   2.9905269989477606e-01	   1.7074741270777277e-01	   1.4360016059495070e-01	   7.4957585739631044e-02	   1.6303726477187680e-01	  -4.3270467070804040e-03	   2.2999067794179129e-01	   8.1625203212072089e-02	  -1.9011250016745365e-01	  -1.8468212479566110e-01	   1.8190240180154360e-01	   8.1005660088873568e-02	   3.7323254964556313e-01	   4.6825408010694880e-01	   1.4861322215348916e-01	  -5.9134156689312290e-03	   5.3241813199444120e-02	  -1.2777862086149522e-01	
   8.0249372122957785e-01	   7.6020061827565966e-01	   1.5868483968165163e+00	   1.4074771239875798e+00	   4.4359013264546981e-01	   2.5365434145401511e-01	   0.0000000000000000e+00	   1.3152322055906989e+00	   7.1275751030248102e-01	   7.0755202158640518e-01	   8.5912544164350857e-01	   7.4904544768775916e-01	   1.0299650571650094e+00	   8.7966850550251707e-01	   1.0145282550531713e+00	   1.3273377653267733e+00	   7.8581140517747983e-01	   7.3079104501357472e-01	   8.0491056420396101e-01	   6.1045938211963280e-01	   1.6814710598341301e-01	   4.0378711461847037e-02	   1.2265651459702602e+00	   1.1087041904955277e+00	   5.2405390631306126e-01	   7.2073833059967396e-01	   5.4029289518653961e-02	   7.9693597266621549e-02	   8.4677635621477376e-01	   8.0566698351863375e-01	   8.2962860101469948e-01	   6.8676817482319596e-01	   1.0327926485798664e+00	   1.0192132123516522e+00	   5.6784461366422623e-01	   6.8086275093860515e-01	   5.0196367722849233e-01	   8.2293839659726564e-01	   6.6601408665102180e-01	   1.0082091782706342e+00	   4.9237395751763702e-01	   8.9606585663283833e-01	   6.0739503772044356e-01	   6.4534940133662599e-01	   5.6764138898823879e-01	   5.5822782346553046e-01	   8.7763008273426701e-01	   8.0929467325765614e-01	   4.7036358501737352e-01	   4.3881697880480108e-01	   5.3042521049737146e-01	   3.7653587210731265e-01	   7.8016983724731603e-01	   7.2751305758966756e-01	   9.3049408857500926e-01	   9.3541969820732229e-01	   6.3379842018698385e-01	   6.8095649404402137e-01	   6.2982422704827801e-01	   6.0562458298316679e-01	   9.3388497137558391e-01	   7.7316301401765164e-01	   4.9912620464630719e-01	   6.7313298757358009e-01	   5.7321766404721053e-01	   5.4753687893877867e-01	   7.1004571411435558e-01	   8.5532454091996080e-01	   2.7371851791141144e-01	   2.8613377438368681e-01	   5.6640448588338077e-01	   4.5824048348630142e-01	   8.8962168717453305e-01	   7.9426003772505138e-01	   6.9574931950409857e-01	   7.8337112275873633e-01	   9.1528128905283257e-01	   9.4199557337327766e-01	   6.9581357983881731e-01	   7.3936284134105212e-01	   8.2962660233525698e-01	   9.5366170548718310e-01	   7.8714513005156939e-01	   9.9965885260198473e-01	   1.0527292556259205e+00	   8.8538978704539550e-01	   4.7321374727124066e-01	   7.6827825201989630e-01	   8.9305579540733904e-01	   8.5100340071425062e-01	   4.5514829876740170e-01	   3.1049306837091217e-01	   6.4718404999445611e-01	   4.2263743499740647e-01	   6.0787042610093356e-01	   7.5541158737013481e-01	   1.0244596150067111e+00	   9.1624671567232019e-01	   7.9405931368571081e-01	   6.2980612772017597e-01	   9.0580383117749697e-01	   4.1332417647779279e-01	   8.3335368174060920e-01	   7.3037478026727209e-01	   7.5394436340841353e-01	   7.0011282718024259e-01	   4.1970895809291392e-01	   5.8620235795471021e-01	   6.0928532705724359e-01	   6.2708234145779107e-01	   9.2112083460763616e-01	   3.8092621944728722e-01	   6.8591547080845205e-01	   7.3720232664230556e-01	   6.7886388472786419e-01	   5.7169507019924060e-01	
   5.8978063553932358e-01	   6.2470602683677889e-01	   8.8516051482716451e-01	   1.3072872247193050e+00	   2.2191255344873384e-01	   2.0500506408157174e-01	   1.3152322055906989e+00	   0.0000000000000000e+00	   4.0444590598625352e-01	   8.4226438066397347e-01	   9.5919326962563312e-01	   1.0052504150346553e+00	   1.0363316534417626e+00	   1.2111528128699678e+00	   6.5249631321818502e-01	   1.2177426098310919e+00	   8.4282375867900527e-01	   8.4583569130291358e-01	   5.2116550555725438e-01	   4.6857270803722806e-01	  -8.8063497119659662e-02	  -1.7615011418782633e-01	   8.3830689548320958e-01	   1.0713649513562196e+00	   2.2040705211707420e-01	   5.8304377289231024e-01	  -1.9650833317534375e-01	  -1.1502642571207576e-01	   9.6181792151588252e-01	   1.0033321084636075e+00	   6.6545533278843438e-01	   6.8522979657642036e-01	   9.6277735813708487e-01	   1.1121610452943396e+00	   3.2746606678702095e-01	   4.9566221707212810e-01	   3.6766199950713763e-01	   8.4461194482054758e-01	   5.4645509823118443e-01	   9.1466443684638443e-01	   4.7860379846431195e-01	   9.4245097422963175e-01	   4.2415619131716831e-01	   5.0230077547608531e-01	   4.6777154362151241e-01	   4.9458558170588551e-01	   6.0029881139954100e-01	   4.9597906337284314e-01	   4.0235440617268498e-01	   3.5152414928719811e-01	   4.3008044424922570e-01	   2.7556675003331821e-01	   4.9796326645196021e-01	   4.3694088589687752e-01	   6.6707937462263545e-01	   7.0906474234023165e-01	   4.5197307659735098e-01	   4.4239864926472661e-01	   3.8526441190311911e-01	   5.2337013227179319e-01	   8.1736016057877792e-01	   1.1153550034554403e+00	   5.7111470813121801e-01	   8.1788968949686158e-01	   4.1431877017805924e-01	   6.3476073181386250e-01	   4.7690414122982877e-01	   7.2871105920437895e-01	   1.0172432891821405e-01	   1.7260054220042273e-01	   2.7701170625965804e-01	   2.7080552149293363e-01	   9.6552362974939121e-01	   9.3136864771392325e-01	   8.2960047038662044e-01	   9.0843690581400716e-01	   7.8747558322441147e-01	   1.0143108017415887e+00	   7.7626823169180614e-01	   8.6561804786669849e-01	   9.2998227679087730e-01	   1.1230133932567095e+00	   6.2465836279403075e-01	   9.3610099683396064e-01	   7.8274091043058303e-01	   7.9075277968667013e-01	   3.2363432312861173e-01	   6.0219554905884209e-01	   6.5866416268540384e-01	   6.8295097689857753e-01	   1.8504728608421750e-01	   4.4957895455808042e-02	   4.0498735081688619e-01	   1.5257676327177955e-01	   4.5874368143428457e-01	   6.5708901206261328e-01	   7.0010917001149708e-01	   6.4742125117218285e-01	   4.5985581478273113e-01	   2.9984034870335496e-01	   7.1137423139627043e-01	   2.1002777517538798e-01	   5.6403446915185063e-01	   4.8908287153126706e-01	   4.5756946431979834e-01	   4.1260643058173618e-01	   3.6512151921716540e-01	   4.8782285737337527e-01	   5.1943712945756015e-01	   5.5893513591742328e-01	   5.2305699569480679e-01	   1.7682251610333677e-01	   3.8419666829393878e-01	   4.2132052324231350e-01	   3.7654281627055941e-01	   4.7111707605291936e-01	
   4.4567650248285151e-01	   5.3183933622793023e-01	   7.1179926097509394e-01	   6.3210153783955614e-01	   7.0629398078972117e-01	   5.2339269631327545e-01	   7.1275751030248102e-01	   4.0444590598625352e-01	   0.0000000000000000e+00	   8.1032875417083539e-01	   3.5040068038019079e-01	   2.7544565700293283e-01	   4.2206007363162767e-01	   2.8613113408340657e-01	   1.3812751881334235e+00	   7.9197380920277016e-01	   3.4189302849460534e-01	   3.2362808777220131e-01	   7.7602116595220427e-01	   5.4693648445454124e-01	   6.7278554592487572e-01	   5.5227688379214035e-01	   9.6954368170210237e-01	   5.3449933406769845e-01	   9.9178143893226645e-01	   8.0119899516433946e-01	   6.6535550373858399e-01	   5.7646776908091057e-01	   2.9112193394893787e-01	   3.1055182141450305e-01	   8.1749608864338741e-01	   6.5261949322087909e-01	   5.4078919974071904e-01	   5.2372473436584999e-01	   9.5381743867312530e-01	   9.1342329556154611e-01	   2.3404443862730648e-01	   3.2089131648664165e-01	   2.8470031166974030e-01	   3.9006771428021508e-01	   1.8281354525078228e-01	   3.8047368439046042e-01	   4.4322710445420532e-01	   4.5141395823163449e-01	   4.6655573672387113e-01	   4.2280086163496455e-01	   5.6089793750757799e-01	   6.2105176685473973e-01	   4.1312214309775364e-01	   4.2868388951942893e-01	   4.9094781688945738e-01	   4.7701235640283918e-01	   6.4361203640629272e-01	   8.7670207895678498e-01	   4.9843035522131068e-01	   4.9804546535831523e-01	   4.7989590212582806e-01	   3.9782600547694946e-01	   3.2326491166462323e-01	   2.4166673614440626e-01	   5.4012623013934147e-01	   3.4545571613056630e-01	   3.4428794952674902e-01	   3.7139541264549131e-01	   9.4603568518726444e-01	   4.6296667266334735e-01	   4.9744405304448336e-01	   4.8384656047201302e-01	   3.3308494898688268e-01	   2.0288774420957892e-01	   6.1990751167853775e-01	   6.4606469451523663e-01	   3.1777463552628005e-01	   2.8433019168656748e-01	   2.9831681053525372e-01	   3.6055664649087704e-01	   4.0100186714316643e-01	   3.9398471566033982e-01	   3.4661524443042291e-01	   3.4799507652365491e-01	   4.4344912715161333e-01	   5.0447195529793643e-01	   7.1037081029609006e-01	   5.8105724824231730e-01	   8.7510900799602809e-01	   8.2696089133547823e-01	   4.2348328658262935e-01	   7.5298872121140592e-01	   4.9533433998378790e-01	   5.1313593737035745e-01	   6.5795370255040830e-01	   6.5930989522638650e-01	   5.7804114218279468e-01	   5.5183502298769826e-01	   3.5143298472924134e-01	   5.2654954334028792e-01	   6.7401908032246194e-01	   6.8511263272191303e-01	   6.2265146061992438e-01	   5.5992166755339157e-01	   4.6911938064365405e-01	   2.8493567317191104e-01	   4.4629828332255578e-01	   3.6590405656956376e-01	   5.0707835528369372e-01	   4.7863303578119998e-01	   1.2687756128016406e-01	   1.6760307220079626e-01	   4.4302954637061209e-01	   3.0556540403753496e-01	   8.5694267316890149e-01	   5.7583649750363886e-01	   5.7416087068719268e-01	   5.4296214235462070e-01	   5.5570667539133090e-01	   2.2869956049068685e-01	
   3.7245755199090413e-01	   4.5209492081473157e-01	   5.7298410623893425e-01	   8.9271596908959860e-01	   6.4933068137242556e-01	   8.1236288412324220e-01	   7.0755202158640518e-01	   8.4226438066397347e-01	   8.1032875417083539e-01	   0.0000000000000000e+00	   5.1291816956860214e-01	   4.8766120701858295e-01	   4.9362652539007046e-01	   5.3641803669970956e-01	   7.7636138663951382e-01	   9.9323175009839582e-01	   6.8346084047035727e-01	   5.3032802511732247e-01	   5.5485725827269605e-01	   4.8855260545419887e-01	   4.4634508420491448e-01	   3.3546870077995772e-01	   8.3827784944167361e-01	   7.4882145191414584e-01	   5.6654026357279863e-01	   7.8767021660569070e-01	   3.7976020578506398e-01	   3.8740208796265546e-01	   5.3627135428404749e-01	   5.4247364512611584e-01	   6.2234884264538759e-01	   6.2781133294595182e-01	   6.9853769672638322e-01	   7.3353833419636827e-01	   6.0185250317370498e-01	   7.0483684530051538e-01	   3.7279302996045172e-01	   4.2910950963107125e-01	   5.2136692462053946e-01	   5.8676271531739133e-01	   4.8672313129948985e-01	   6.3177958302934978e-01	   5.1996530403303087e-01	   5.7446974379226023e-01	   6.5081961669994060e-01	   6.8385532899177026e-01	   5.6185319144613732e-01	   4.7358740645023067e-01	   5.1615220470483147e-01	   4.8967712620623638e-01	   5.4517522392058460e-01	   4.8336559487373565e-01	   4.4767492448486618e-01	   5.6370373443897925e-01	   4.8731385494844404e-01	   3.9939661095918350e-01	   4.3076099230535891e-01	   2.4084357368921949e-01	   2.3524935730183938e-01	   2.9253537745087488e-01	   6.3252871004288225e-01	   5.3260635108809429e-01	   7.3060923823503121e-01	   5.7155627450876889e-01	   6.8924052286711779e-01	   5.0569380435469258e-01	   5.0355774779330298e-01	   6.1600363790430512e-01	   2.1732300820768494e-01	   1.7995028751116010e-01	   3.7376375543257956e-01	   4.6414877847698743e-01	   5.3201038930359912e-01	   4.7728761846647461e-01	   4.9030492269414927e-01	   4.8157120103518936e-01	   5.7716609894966153e-01	   6.6073159132872106e-01	   6.2611857026340234e-01	   5.4107323098651694e-01	   7.4718640193043606e-01	   6.6539126740860111e-01	   8.0818455886724239e-01	   7.8573206399580320e-01	   8.2395606876822136e-01	   7.8254220788991302e-01	   4.9358884990871343e-01	   6.6663863462773820e-01	   4.8107199461551309e-01	   4.8147661218513926e-01	   3.6649834170693918e-01	   1.8359732549370286e-01	   2.9816271144554130e-01	   1.1358042508659601e-01	   3.7711860771739653e-01	   4.8550116807903815e-01	   6.1899258743767782e-01	   5.2481074012144102e-01	   4.2141276985998743e-01	   2.2566414473806679e-01	   3.5414576262075825e-01	   1.0235370823972116e-01	   2.8905872612061762e-01	   1.5889924144667125e-01	   3.8793164864272522e-01	   2.5040661278271764e-01	   5.6934304317366659e-02	   1.1809327879201709e-01	   3.7641841188810021e-01	   2.8718555252783645e-01	   6.1938647423765436e-01	   4.2553824971026266e-01	   2.9862971313251069e-01	   2.0813941387643703e-01	   2.4710803646146245e-01	   1.2523992825046437e-01	
   5.8047734428850695e-01	   5.2652531177189821e-01	   4.9732642873541888e-01	   6.5934410707308089e-01	   1.9818297666019546e-01	   7.4020532327352867e-02	   8.5912544164350857e-01	   9.5919326962563312e-01	   3.5040068038019079e-01	   5.1291816956860214e-01	   0.0000000000000000e+00	   1.1512076777410094e+00	   1.8325652311053584e+00	   1.4048695666944297e+00	   7.0378556412502169e-01	   9.3300915667275131e-01	   9.2614329525060701e-01	   1.0212200030990335e+00	   3.8340414151977753e-01	   2.9640447284670546e-01	  -5.2039051486185997e-02	  -1.2489438864727220e-01	   5.8056440481251237e-01	   6.1160717517645780e-01	   2.7602534876068047e-01	   6.6304046963349828e-01	  -1.4960933227167561e-01	  -7.0599679330624346e-02	   1.1966492252823184e+00	   1.1508274223264452e+00	   8.3041262781114700e-01	   9.3804619718672078e-01	   8.4716208501965840e-01	   9.5373829944021093e-01	   3.4416613064939827e-01	   4.0281444863809024e-01	   1.2825203983929584e-01	   5.7050195457254183e-01	   2.8208196054559681e-01	   6.7569677034216769e-01	   2.7917055637713417e-01	   6.5758113446410915e-01	   1.0447889736395091e-01	   2.8836606479490129e-01	   1.8458984566573608e-01	   2.4234737057763522e-01	   3.2357464251476348e-01	   2.5087356694604795e-01	   1.4804636719483338e-01	   1.6095531898190080e-01	   3.3815614657951693e-01	   1.6572680799239972e-01	   2.9677378239031643e-01	   3.2528460467149173e-01	   4.7803067126358212e-01	   5.1238412430291147e-01	   4.1827569128554298e-01	   4.2527100328602707e-01	   1.8405135914905196e-01	   2.4967333759378113e-01	   9.0556901528200895e-01	   8.1049554450670003e-01	   7.4086051028418121e-01	   9.5773482460938897e-01	   5.2584753789705407e-01	   6.0505096080586585e-01	   1.6379073508064018e-01	   3.0642321359901137e-01	  -7.5068228906956899e-02	  -1.2700184424712230e-01	   2.0048478342255918e-01	   2.3573865101998820e-01	   1.0422024050708951e+00	   1.0713267963535387e+00	   8.6937635116924650e-01	   9.4366659979671719e-01	   6.1345143182370832e-01	   8.5656590383210585e-01	   8.3063612688678035e-01	   1.0905660037501028e+00	   8.7330028782850533e-01	   1.1457873891928565e+00	   4.8728925762374864e-01	   6.6159978620858917e-01	   5.2375509968671319e-01	   7.1305143048941422e-01	   1.7303162223879234e-01	   3.6082685000090459e-01	   3.6284979496294206e-01	   4.3821549864246012e-01	   1.5392319256706866e-02	  -5.3304994622315020e-02	   1.2020031844004295e-01	  -2.0889640567432057e-02	   4.5779350959630438e-01	   6.3771920138874383e-01	   5.3416609620144573e-01	   5.5999413805023834e-01	   2.5657505326242580e-01	   1.2113775875560481e-01	   3.1214303919785003e-01	   9.4260981666581777e-03	   2.3236331541857783e-01	   2.6738370348320539e-01	   2.1395804275184679e-01	   2.1292815286971647e-01	   1.6148040434296329e-01	   2.5175139080790948e-01	   6.0372440178783193e-01	   6.4630253144318883e-01	   4.7536373307166346e-01	  -8.1031157630557710e-02	   1.8251113650336218e-01	   2.4769674273380587e-01	   2.7637596529725700e-01	   2.9536623852150828e-01	
   8.6913483877281006e-01	   9.1657049974485472e-01	   4.2472380182352043e-01	   7.0618766389031085e-01	   8.7946852506664338e-03	   6.6075164454731938e-02	   7.4904544768775916e-01	   1.0052504150346553e+00	   2.7544565700293283e-01	   4.8766120701858295e-01	   1.1512076777410094e+00	   0.0000000000000000e+00	   1.1074235772578143e+00	   1.6985358250761817e+00	   5.1332975271977066e-01	   9.1135557511167720e-01	   7.7265820976780952e-01	   1.1752509507520026e+00	   5.3845886197191561e-01	   5.3563644930373200e-01	  -2.5098748961105991e-02	  -1.0892118207613206e-01	   4.1036603206556754e-01	   5.0531414972053312e-01	   1.0177791992933646e-01	   4.2625562956759111e-01	  -1.4103304645194872e-01	  -7.9210996244620524e-02	   9.3119745393393527e-01	   1.2995546833392977e+00	   7.7366976970244705e-01	   9.2540998870328883e-01	   9.1047219630981080e-01	   1.0624253653758251e+00	   6.6284812804176071e-02	   2.2035507552943837e-01	   9.9997038672912208e-02	   7.0389147595962753e-01	   3.5974688638342217e-01	   8.8241534143270473e-01	   3.7928306435809339e-01	   8.4442641871199597e-01	   1.6051987935254569e-01	   3.2970358700398955e-01	   2.4803006759981075e-01	   3.1760352152621163e-01	   4.1898947842949302e-01	   3.6793956968617125e-01	   3.1862324280315540e-01	   3.1352012573215382e-01	   4.1521662743057497e-01	   2.4742711165976750e-01	   4.8394589907667462e-01	   4.4391798298242047e-01	   6.3789147766068777e-01	   7.8952730356869916e-01	   6.0909679688323182e-01	   6.0084710233729655e-01	   3.7375313265546550e-01	   5.2554730473203959e-01	   9.7253692940909175e-01	   1.2782270206524877e+00	   5.0445674497467508e-01	   1.1222891555398595e+00	   2.1992382416756134e-01	   4.3497631722440333e-01	   1.9891632610742119e-01	   4.5148004879863446e-01	   3.9968347049159914e-02	   2.4573606542730182e-02	   1.7899474713073030e-01	   3.0946671415811045e-01	   1.0266441082672886e+00	   1.2836156124504821e+00	   9.8935915557612153e-01	   1.2067070698034705e+00	   6.0182577429866713e-01	   1.0219794727184730e+00	   8.2646585367493741e-01	   1.2060801697731014e+00	   7.1850316907174516e-01	   1.0846325239803294e+00	   4.9837332035295528e-01	   8.2669958630031981e-01	   4.3178765672172004e-01	   7.1340566489113877e-01	   3.1052537119635754e-01	   5.6174855986469163e-01	   5.6249810877842532e-01	   7.2189708429680999e-01	   6.8826575280239888e-02	   9.2293547058384783e-03	   1.4427402811539175e-01	   1.2651070403109324e-02	   3.5367517656918984e-01	   6.9695648862024506e-01	   5.9569958022537195e-01	   7.2051253391624259e-01	   3.1436223313243505e-01	   2.0667644458081036e-01	   4.2374058577903145e-01	   4.9797088243140532e-02	   3.4816291442397734e-01	   4.1923875721747839e-01	   3.5423640307572329e-01	   2.8676937437981204e-01	   2.2248036075880043e-01	   4.4320276211241594e-01	   4.8393450113715430e-01	   5.2907525055379134e-01	   3.8090449843965518e-01	   4.9077742579237429e-02	   3.3117451116815794e-01	   3.4528622979193813e-01	   3.5162042909400038e-01	   4.3112223284667284e-01	
   5.9887030789284734e-01	   5.8539174877838795e-01	   6.8032205732499762e-01	   7.7555324494315636e-01	   1.8381943767907519e-01	   2.6197877203795659e-02	   1.0299650571650094e+00	   1.0363316534417626e+00	   4.2206007363162767e-01	   4.9362652539007046e-01	   1.8325652311053584e+00	   1.1074235772578143e+00	   0.0000000000000000e+00	   1.5084967277546455e+00	   8.0116806104487270e-01	   1.0258489785092875e+00	   7.4837238122797212e-01	   8.8291068536668083e-01	   4.1276100173477148e-01	   3.0460939438576917e-01	  -8.0497597571411297e-02	  -1.8435016295377532e-01	   6.3768240573218682e-01	   7.1727990691644927e-01	   3.1584081330665958e-01	   7.0098336608476153e-01	  -1.7078282470315120e-01	  -9.6853601211347201e-02	   9.5238809717270367e-01	   9.5108324790544185e-01	   7.9898016753991874e-01	   8.5363918014626572e-01	   7.8705506500233435e-01	   8.8982757976108695e-01	   3.8939975583603581e-01	   4.4251748917154732e-01	   1.4403659574133998e-01	   6.5303327001808220e-01	   3.4317485654816199e-01	   8.0788382054487451e-01	   2.3299067943033019e-01	   6.3993238971089439e-01	   1.7293884305917079e-01	   3.0400249831595200e-01	   2.0670326046492696e-01	   2.3521339541282754e-01	   4.1093222574507116e-01	   3.4707750539092064e-01	   1.8015277747819691e-01	   1.6934549888112568e-01	   3.2558293046662512e-01	   1.9035984709831549e-01	   3.8575852888884576e-01	   4.4959637015951381e-01	   5.8265286172970043e-01	   6.5960126754780535e-01	   4.0050447108364085e-01	   4.2752825384830906e-01	   2.3821668026530773e-01	   2.9485665019053958e-01	   8.6546870609758608e-01	   8.0909824432440147e-01	   5.0996144026400869e-01	   7.5808863842664809e-01	   5.3635793412673594e-01	   6.5958102475161440e-01	   2.0755056911166292e-01	   3.7922233328679861e-01	  -1.0030846324028475e-01	  -1.0378098640148453e-01	   1.9627435258864906e-01	   2.4059911776169091e-01	   9.3980605230720016e-01	   9.8551411076594608e-01	   7.8190390624213724e-01	   8.9041225252721068e-01	   5.6737656951944371e-01	   7.6035701228000319e-01	   6.5631548246223181e-01	   9.1893683026028894e-01	   7.1401085463609371e-01	   1.0653606695151623e+00	   4.3572228942001417e-01	   6.3420012214910004e-01	   5.3921800891057414e-01	   7.8161089145364948e-01	   2.1263466393362335e-01	   5.0221999026237207e-01	   4.4904107522932446e-01	   5.4805882335914025e-01	   7.0667845294212273e-02	   2.4933977842192638e-02	   2.4906410289433434e-01	   1.3455482306526775e-01	   4.9579591334634887e-01	   7.3707236708942636e-01	   6.4412061958162470e-01	   6.9715349900456181e-01	   3.3396195235790449e-01	   1.9954721827583044e-01	   4.5138225037094848e-01	   1.1052591412348492e-01	   3.3996685395217380e-01	   3.8933138748088347e-01	   3.1236812650728907e-01	   3.2974179367057782e-01	   2.5599730692318096e-01	   3.6921788034816821e-01	   5.7176253893436080e-01	   6.4526541586577313e-01	   5.5267772621017675e-01	  -4.1047553127717622e-02	   3.0938760563687234e-01	   3.9436673146981027e-01	   3.9993532079097271e-01	   3.9924908287769034e-01	
