   0.0000000000000000e+00	   6.2913543711820286e-01	   3.9018507213270837e-01	   3.8789269798897141e-01	   4.7973424535221310e-01	   4.4225865496289318e-01	   5.1683643607611340e-01	   5.0760648907822836e-01	   3.9858606807413222e-01	   3.7088868692800853e-01	   5.7873135931880337e-01	   4.0758806242561646e-01	   5.6203677910223915e-01	   3.5501129145750859e-01	   4.8544423260365477e-01	   1.9064025850920960e-01	   2.6254022920284092e-01	   3.4562062034206392e-01	   4.4499020664500638e-01	   4.1353897593094346e-01	   1.8833964168871892e-01	   1.7579603325892496e-01	   1.2115843710307142e-01	   7.5245139179481335e-02	   1.3963450243369663e-01	   7.0320271879016821e-02	   2.0625382094945274e-01	   2.2581387915862500e-01	   2.7596233655966795e-01	   1.9764242710149518e-01	   4.4595693969025352e-02	   2.1963869258564448e-02	   5.8142192501292334e-01	   5.6698089065883672e-01	   2.6970837476336690e-01	   3.1151579140806446e-01	   2.7309796116326662e-01	   2.3351615958853950e-01	   5.7221792567203478e-01	   2.2482102718727115e-01	   3.3411253788384732e-01	   1.6134645315698376e-01	   5.4532722476113737e-01	   4.9079300013148019e-01	   5.4374729799017485e-01	   4.8758162506590563e-01	   5.7796455353233844e-01	   5.9089817478613349e-01	   6.4666081996221048e-01	   4.4250956690731846e-01	   9.4877666633182001e-01	   5.9691933489399107e-01	   5.1831940836811974e-01	   3.3848894362779897e-01	   7.1788109422692725e-01	   5.8884939879444365e-01	   8.5165807570401553e-01	   6.6745568885661666e-01	   1.0137088496214299e+00	   5.6101407335798825e-01	   6.9497771356929650e-01	   5.1252350765122356e-01	   5.5850445615112809e-01	   4.9137110459140837e-01	   1.2208268052971046e-01	   3.9080991087309602e-01	   7.0270863760353353e-01	   5.0220662493590951e-01	   6.2836914022357249e-01	   4.8995691566799393e-01	   3.0214260270284216e-01	   1.4957095144474519e-01	   4.4139507877949086e-01	   4.2146927338562612e-01	   3.1699627198092228e-01	   3.5578683125342686e-01	   6.9406243518675970e-01	   5.9934102294967118e-01	   1.8130043714128208e-01	   1.6623925128809075e-01	   3.7474554086727369e-01	   4.2854848605176171e-01	   4.1962171408446303e-01	   4.2566840444008208e-01	   4.0457264977421575e-01	   3.7405138847974578e-01	   2.9192550706925730e-01	   1.9249750743805660e-01	   5.6128621717616323e-01	   5.3420236341421701e-01	   2.5053691461862104e-01	   2.7529353461449435e-01	   3.9293630010448541e-02	   1.5156568099542650e-01	   3.4615271715950641e-01	   3.4443253060396695e-01	   6.3003987452821442e-01	   6.9796303375547364e-01	   6.0384178057501314e-01	   5.9875868839055124e-01	   3.4876646920445981e-01	   3.1815717260068854e-01	   2.5920978713239801e-01	   3.0280914536002607e-01	  -5.3345057553903279e-02	  -2.0075099148089112e-01	   2.9215395625865709e-01	   5.6524587837579821e-01	   4.1275159266647399e-01	   3.2590326160451089e-01	   5.9897818420678250e-01	   5.0649730501119028e-01	   3.6383729864067599e-01	   3.4667806395299111e-01	   8.6516301404937490e-02	  -2.1114233144575820e-01	
   6.2913543711820286e-01	   0.0000000000000000e+00	   7.0675850875069515e-02	   1.4334412225611864e-01	   2.8999093430860062e-01	   3.7400857182156111e-01	   1.9242927960235001e-01	   3.0188267781444122e-01	   2.8776313396779668e-01	   4.6201953589104972e-01	   3.0343646534963231e-01	   4.1713585348942417e-01	   1.8443025696972451e-01	   1.0878130836804763e-01	   3.1360584937030445e-01	   2.1075501909476560e-01	   3.5923797138984287e-01	   4.5711981957650794e-01	   4.7622109447974720e-01	   8.0328010462335886e-01	  -7.1149559277686666e-02	   8.4106488043713783e-03	  -2.5567673633775458e-02	  -5.3711252630644579e-02	  -1.6212648842131983e-01	  -2.0568009141930160e-01	   1.2297032435945665e-01	   9.7108933386414700e-02	   2.5935206993824977e-01	   3.9468695150191380e-01	  -1.6300742686213698e-01	  -1.4798265984199957e-01	   1.4992791612182402e-01	   2.2555728338515058e-01	  -9.3194965523605983e-02	  -1.2318956961218139e-01	  -1.5234213509026470e-01	   3.7494743024396308e-02	   1.4334016488934859e-01	   2.3776119587373620e-01	  -1.3874017171793809e-01	   2.0759065537566884e-01	   4.5949833112033905e-01	   4.8775327349181552e-01	   4.0148266774815078e-01	   4.4810347400296902e-01	   4.3659897893406008e-01	   4.7485593183774516e-01	   5.2664223721333325e-01	   3.8743787648187034e-01	   6.4983951974075738e-01	   5.4945464105874819e-01	   4.6669314064072676e-01	   1.7705798771958769e-01	   5.0045690712917845e-01	   4.4888207359058940e-01	   3.1455334621250092e-01	   8.3437756852798550e-01	   5.2695237107328574e-01	   6.4857487591396090e-01	   3.1422660235533201e-01	   3.1898173914966776e-01	   4.6200928553148235e-01	   6.7423625563750478e-01	  -2.1041505683140646e-01	  -5.4415169663350756e-02	   3.4408109053335501e-01	   2.4469711657664606e-01	   4.8933713824602454e-01	   5.1165366024939551e-01	   3.2618921358310661e-02	   1.1998398782123053e-01	   2.3735624749142586e-01	   3.3814616619240950e-01	   1.8415121932605455e-01	   2.5073301148945437e-01	   3.0488192683388549e-01	   4.9222889970380279e-01	   2.1166280371897617e-01	   2.9350823382918295e-01	   3.1734515751821329e-01	   3.1702891332032568e-01	   1.3550776949007654e-01	   1.7992426471107079e-01	   1.8431666404054703e-01	   1.5779009193337584e-01	   1.0640703947410381e-01	   4.9874693697771699e-02	   3.8150401145209611e-01	   5.5562848459235370e-01	   2.9077778107182894e-01	   2.1625690241583262e-01	   5.8609288676733803e-02	   1.4238561951995585e-01	   3.2531423658489889e-01	   1.7204555101956476e-01	   5.4036835377519010e-01	   4.8651192188978265e-01	   6.8855997263218049e-01	   5.9952964426074273e-01	   3.2308809563089480e-01	   1.6364221518886507e-01	   5.1716542724715953e-01	   4.0748376246661877e-01	   7.0575919195743589e-02	  -7.1490710472651445e-02	   1.7912118136857852e-01	   8.9052155335807889e-02	   2.2704755182995445e-01	   3.2386637700439419e-01	   4.1836427974845652e-01	   4.1820463250668671e-01	   4.6978615629290132e-01	   1.9426376451876348e-01	  -1.5053865612350106e-02	  -2.5040206283422389e-01	
   3.9018507213270837e-01	   7.0675850875069515e-02	   0.0000000000000000e+00	   1.0376893945975112e+00	   6.6488856824879206e-01	   4.5482115920071037e-01	   1.4221315561568670e+00	   7.7962053935914588e-01	   7.0085271983775466e-01	   4.0244392538573809e-01	   1.6719171057871768e-02	  -6.4179585171234441e-02	   4.6569004748220205e-01	   5.0253440880424605e-01	   5.9875572297345991e-01	   3.6485415189351189e-01	  -4.3182379668614862e-01	  -2.8475220226212328e-01	   3.1634697861206046e-01	  -1.3463478805641310e-01	   8.4142770380009457e-01	   5.5249186302533482e-01	   1.3934089092647604e+00	   1.1222367972411420e+00	   1.0438040385439482e+00	   7.7550280368455760e-01	   6.7665001658818869e-01	   4.6105968272750614e-01	  -1.9701055920825183e-01	  -4.6792448469647041e-01	   6.9791988327668664e-01	   6.3569476575270090e-01	   9.2212564572585842e-01	   7.5421456654799301e-01	   1.2130516495039472e+00	   9.5273817107142567e-01	   4.2143856345924069e-01	   1.1604617355838794e-01	   5.9599047186204757e-01	   1.9119837517779970e-01	   1.9129546588630764e-01	   1.6792309112393849e-01	   1.9164639041420878e-01	   9.3349930486105709e-02	   2.5902539760232385e-01	   1.5611458406594123e-01	   1.5935197497099352e-01	   2.5669522114463589e-01	   1.6051767191037838e-01	   6.4597065148866484e-02	   4.0524425935207581e-01	   3.0842094987658675e-01	   4.3654718487815003e-01	   6.3369265090779903e-01	   3.7089336867844985e-01	   4.2072146595317861e-01	   2.1656143079951418e-01	   3.2810552114156338e-01	   3.7487191707793427e-01	   1.6315522396734861e-01	   2.0502622628942410e-01	   2.1794474768670802e-01	  -7.2181562852017987e-03	  -2.3137216846513661e-01	   1.0655177597939944e+00	   7.4878801360605540e-01	   7.5275195364034497e-01	   6.6274363490881671e-01	   4.2878030944006174e-01	   4.7502178388818306e-01	   3.1788858839103756e-01	   5.9922566561609533e-02	   7.9611898524868691e-02	   9.4223449122228585e-04	   9.2509666550188135e-02	   4.4474923954183614e-02	   2.0081724483050431e-01	   1.0132898110536298e-02	  -2.0148209562591118e-01	  -1.7426730600718693e-01	  -4.4966048262945209e-02	  -4.3212406752467800e-03	   7.0998091829032739e-01	   2.8574961691151873e-01	   1.0378234216724562e+00	   7.3065470559282086e-01	   1.4709592779685576e+00	   7.8315563529369159e-01	   7.8102697604446891e-01	   5.2782264094696008e-01	   6.4275697177184243e-01	   8.8779629458285703e-01	   5.5179754158873229e-01	   7.8658756718890421e-01	   1.7708529589083885e-01	   2.5411347142237095e-01	   3.8275108057457463e-01	   3.1335757787840357e-01	   1.2002289855901002e-01	   3.9801809143071076e-01	   4.6340321423174125e-01	   8.4402661231849452e-01	   1.2475709982367866e-01	   4.4405711377542734e-01	   9.7740169830949145e-02	   1.9028293892565176e-01	   5.3688913948517802e-01	   6.5229821106462704e-01	   4.2499941763601073e-01	   4.0641703761433540e-01	   3.2967962055520311e-01	   2.1701068430561621e-01	  -1.2056012668974329e-01	   2.4692699144009703e-01	   3.5624951860716697e-01	   1.4350019057848723e-01	
   3.8789269798897141e-01	   1.4334412225611864e-01	   1.0376893945975112e+00	   0.0000000000000000e+00	   6.9964431559272500e-01	   8.3187977089414622e-01	   9.4017344290087479e-01	   1.3172784502188100e+00	   6.9484272892294141e-01	   7.3029014760918998e-01	   4.3830393707717741e-02	   1.4754674913767937e-01	   5.0437286934201131e-01	   8.5718118538871502e-01	   6.6740444558438927e-01	   6.3712988263521164e-01	  -3.4625660493140809e-01	  -2.0006855875528942e-01	   1.7651043091741231e-01	  -4.4538619693075578e-02	   7.8649774491653568e-01	   7.2206795160533033e-01	   8.8457126163748756e-01	   1.0521724906955625e+00	   7.7403550407509636e-01	   8.1780488120065575e-01	   7.3580931857712306e-01	   7.3237490335092426e-01	  -2.8329018684882279e-01	  -3.8989294490930765e-01	   5.5430573318992016e-01	   5.5896775749559635e-01	   7.7215211442083453e-01	   8.1485759541847136e-01	   8.4512205622955894e-01	   9.3762299762449763e-01	   2.4528423745873904e-01	   2.3565557349461067e-01	   6.3828718215736469e-01	   4.8024667398508192e-01	   2.1256449028717256e-01	   2.6741392491552796e-01	   7.4552164499036636e-02	  -9.9963066556614105e-03	   1.2418986758080726e-01	   8.1533113335132010e-02	   6.3600164715201524e-02	   1.6757877386641173e-01	   6.5597981577491235e-02	  -8.0243727034726167e-02	   3.6854986112827803e-01	   1.5816957940707352e-01	   2.5094917656159454e-01	   4.3382191877710813e-01	   3.4424404167030342e-01	   3.4849922443816267e-01	   3.9351020820889143e-01	   4.2644162925340395e-01	   4.5929456487487386e-01	   3.2232173957318233e-01	   3.5468660099466964e-01	   5.5651518216796847e-01	   1.2270175635269406e-01	  -2.2009821426245166e-02	   8.8826160482796579e-01	   1.1420538590595561e+00	   8.3658700671495145e-01	   8.2153698072718284e-01	   4.9539746886891056e-01	   6.2932932192371249e-01	   2.7411835664495959e-01	   4.7242381247174496e-02	   1.4483239402993442e-01	   5.8653782783424750e-02	   8.2309536236941816e-02	   5.6419252303629666e-02	   1.0306541854208082e-01	   9.1346044112182626e-02	  -7.3806045314593047e-02	   1.7374995918788484e-02	   8.1544985789149191e-02	   1.0843618861000943e-01	   4.9526787017257812e-01	   3.6765108016870651e-01	   8.8994199925962802e-01	   1.1629623254209482e+00	   9.7433857701783533e-01	   6.5064282931477346e-01	   9.1410017577187408e-01	   7.5560695601787919e-01	   7.0299410329932344e-01	   6.7008876052305910e-01	   7.0680757976189357e-01	   5.7499176214127368e-01	   3.1369331335177225e-01	   3.9799490560575934e-01	   3.3957815916612538e-01	   2.6953073160032387e-01	   1.1865172620794166e-01	   2.5547355300694902e-01	   6.8870459534749218e-01	   7.4984504172237909e-01	   2.6028796079379968e-01	   4.4953385817233393e-01	   1.6009058603327905e-01	   9.5777334147159360e-02	   6.1269815433971209e-01	   5.7813869383133032e-01	   5.0664002374301254e-01	   4.9452930146434376e-01	   2.2668849146040929e-01	   7.2578716037449226e-02	  -1.6041801434353098e-01	   2.7523143086459867e-01	   3.8628506234895321e-01	   5.2653864043318670e-02	
   4.7973424535221310e-01	   2.8999093430860062e-01	   6.6488856824879206e-01	   6.9964431559272500e-01	   0.0000000000000000e+00	   1.3143137438752921e+00	   8.1392596592679922e-01	   7.5021319536733200e-01	   1.2883961079434876e+00	   9.9895940343969669e-01	   1.7035329781780845e-01	   1.6939315172256297e-01	   5.5723648051275765e-01	   5.3022226982892406e-01	   7.3891985879905864e-01	   6.1646119907140728e-01	  -3.1838520071522214e-01	  -2.5114212738418962e-01	   2.5119421933283842e-01	   4.5707962640261522e-02	   5.3665510376516212e-01	   4.9058433338241469e-01	   7.3596338948119366e-01	   7.5819881054939542e-01	   5.4434844579485930e-01	   5.1620716158960245e-01	   9.5823682369196839e-01	   9.3404589680207295e-01	  -2.5481130906251459e-01	  -4.4334177212377779e-01	   2.9711971796033509e-01	   3.0991918417327707e-01	   5.2046564756422198e-01	   4.8483036503409438e-01	   5.7401423763466586e-01	   6.5964557562043424e-01	   8.9946073660750941e-02	   1.6616124353021258e-01	   4.4983763110246555e-01	   2.0088185597244163e-01	  -2.4878958410774434e-04	   1.0151830966094123e-01	   2.6923880553677182e-01	   1.9688627260811395e-01	   3.9058554117777056e-01	   2.9657379371912973e-01	   2.7909012463613914e-01	   2.8353637252425878e-01	   3.7040479960773626e-01	   1.6553504283111653e-01	   5.0842942219770049e-01	   3.5054588336944825e-01	   4.7788090517875559e-01	   4.0864572110627501e-01	   3.6497520674406753e-01	   3.7720139873484959e-01	   2.1041285356381392e-01	   2.1664785061042496e-01	   3.7537657933486512e-01	   1.9136468263601733e-01	   3.9567483360056521e-01	   4.9117984978821361e-01	  -5.6547912040971253e-02	   4.7541876888431622e-03	   5.1092557040372899e-01	   6.0247099975065865e-01	   6.8998826819746806e-01	   6.7062684898886127e-01	   4.5042778632527913e-01	   4.4870941302513950e-01	   5.5865049758646798e-02	  -8.4899854045761045e-02	  -7.1955636275357102e-02	  -1.0397518038173049e-01	  -1.0764845916922464e-01	  -6.1094478943374685e-02	   1.2294797322942810e-01	   1.1653638741437188e-01	  -2.4096510990908765e-01	  -9.2708750908982271e-02	  -1.8935127442446290e-01	   6.8009013922124731e-02	   2.9654432055536234e-01	   6.1921330158006230e-02	   4.2955722557287740e-01	   7.5990052918755935e-01	   6.2188179982262337e-01	   5.1845274835879651e-01	   7.6430162222843445e-01	   7.0172956943758813e-01	   6.3552455806701791e-01	   7.5219447431233377e-01	   6.8780272777637375e-01	   6.5354029204445663e-01	   2.7561989870806958e-01	   1.1053026415732016e-01	   4.1020195547858695e-01	   2.0724960198783307e-01	   3.6674007578908241e-01	   4.0234525944199140e-01	   4.4868530394293671e-01	   7.3808176654846269e-01	   7.4685138219609912e-02	   3.2029859440278613e-01	   1.6738976058840971e-01	   2.5035530933114331e-01	   2.6711776047994057e-01	   4.4555922824141164e-01	   4.2499623908092143e-01	   3.9835979862458032e-01	   2.9411466583556417e-01	   2.2889135114508213e-01	   9.5212360952570088e-02	   6.2093030776727343e-02	   2.4881176291508939e-01	  -4.9386796247697012e-02	
   4.4225865496289318e-01	   3.7400857182156111e-01	   4.5482115920071037e-01	   8.3187977089414622e-01	   1.3143137438752921e+00	   0.0000000000000000e+00	   5.4938603607155245e-01	   9.0356482964769935e-01	   1.0400938595596614e+00	   1.5163385268476093e+00	   2.0915378147252220e-01	   2.8439495421733912e-01	   5.5920818495252744e-01	   6.1204569793589836e-01	   8.0754101428149383e-01	   8.3048131009701831e-01	  -2.2396516879586031e-01	  -1.5163280441902127e-01	   1.5663014682339055e-01	   1.0112570740661229e-01	   4.1165360137099566e-01	   4.9964874395378789e-01	   4.8713185247838425e-01	   5.7534357989578577e-01	   3.0980670304317881e-01	   3.7105221260408339e-01	   9.2089374225518461e-01	   1.0154122640376990e+00	  -2.5690053570236526e-01	  -3.0317316586264625e-01	   1.3557146733469827e-01	   1.7754551832842833e-01	   3.6401152230446659e-01	   4.2560632804207865e-01	   3.3473521976399606e-01	   5.0535949030867600e-01	  -1.2510250033468315e-02	   2.8115553146608779e-01	   3.8854623636153124e-01	   4.2826360570736782e-01	   2.4034616210917455e-02	   2.2032211599839432e-01	   1.9235832501828390e-01	   1.4770417641786721e-01	   2.0671420794057077e-01	   2.1151696964944211e-01	   1.9524444103790317e-01	   2.3537574532141184e-01	   2.8644494138568333e-01	   7.4168576295687211e-02	   5.0190906918111755e-01	   3.7026558150622191e-01	   4.1924126499506881e-01	   4.0389527674581371e-01	   3.1853189047983355e-01	   3.5662187359404279e-01	   2.6100896821101760e-01	   3.4891799118836436e-01	   4.6370860729361785e-01	   4.4823008254363811e-01	   4.7110419843038920e-01	   6.4750808676502869e-01	   1.1641232257628883e-01	   1.5149159924807107e-01	   3.1356010640684528e-01	   5.8929792627909316e-01	   6.0871773870487433e-01	   6.1512077305853163e-01	   5.0733644136514799e-01	   5.2731706886364194e-01	   1.2262121913829735e-02	  -2.7508742234105713e-02	  -5.1720503596527759e-02	  -3.8768853132857724e-02	  -1.2857914805578929e-01	  -5.4221102774593050e-02	   1.2433655463450567e-01	   2.6312557627012523e-01	  -1.4386095315632397e-01	   6.6352892729108381e-02	  -6.4849234096326369e-02	   8.2645923461509646e-02	   2.8790115746713918e-01	   1.7948206608391556e-01	   3.4278915215952543e-01	   7.1188311072033883e-01	   4.4721342572790768e-01	   3.9290879987301008e-01	   8.7286572779943328e-01	   1.0043673274440272e+00	   7.3021382598318763e-01	   6.7742954795044963e-01	   8.1654102361208614e-01	   5.3716556457651832e-01	   2.4649540076764304e-01	   1.5622912807655559e-01	   3.1061170101059227e-01	   1.8722649893546259e-01	   3.6897296166734578e-01	   3.3839314613450244e-01	   6.8362272774055100e-01	   6.5281197617241382e-01	   3.0064434264095075e-01	   4.3233300035517341e-01	   2.4778129088069886e-01	   2.0957918856265151e-01	   3.5720116639821431e-01	   4.3044700269626340e-01	   4.3904722383322065e-01	   2.8321261899868533e-01	   2.4784050551714637e-01	   1.5826758971178165e-01	   1.1606125132036758e-01	   1.3908058027403294e-01	   2.7707172277228664e-01	  -5.7178073111035795e-02	
   5.1683643607611340e-01	   1.9242927960235001e-01	   1.4221315561568670e+00	   9.4017344290087479e-01	   8.1392596592679922e-01	   5.4938603607155245e-01	   0.0000000000000000e+00	   1.0200814536607450e+00	   1.0069067501317448e+00	   5.2510531011492367e-01	   1.2169593527722744e-01	   4.0096832279557827e-02	   4.9207656953365742e-01	   5.1241499775348209e-01	   5.7434890192525756e-01	   3.6387770792879387e-01	  -3.6445407601674973e-01	  -3.0774099302286323e-01	   3.6126733191640031e-01	   3.5712069982680693e-02	   6.7719254617983005e-01	   4.7575195203158493e-01	   1.1597514614026558e+00	   9.9884586730354341e-01	   7.8993358231612310e-01	   6.4817757878980620e-01	   5.1557046416042296e-01	   4.1400171231733673e-01	  -1.0139351125108381e-01	  -3.7824718088549580e-01	   7.0181432222717643e-01	   6.7932303868324406e-01	   1.0235790319867379e+00	   7.8138866840858168e-01	   9.8740044145541173e-01	   7.7832004459600890e-01	   2.2468102772586479e-01	  -1.0317198474953394e-02	   5.4145856544610516e-01	   6.4056571014646888e-02	   2.8481006113096171e-04	  -4.4642580145866553e-03	   1.1781749501221418e-01	   3.8587530169078413e-02	   2.3366858286784636e-01	   1.3583118028549884e-01	   1.1562084260026352e-01	   2.1123448592644742e-01	   1.2708669440560272e-01	  -2.4482347715060231e-02	   4.3317956217174980e-01	   2.7085967620525997e-01	   5.3301027870840612e-01	   7.1630519762657174e-01	   3.1511868251383846e-01	   3.4187545101868272e-01	   2.7164894154440589e-01	   3.4609062301572585e-01	   4.1666710548067432e-01	   1.6222415847073898e-01	   4.2910886606301279e-01	   4.2995801382027626e-01	   6.4947441621020022e-02	  -5.6998684265704071e-02	   1.0180704860603083e+00	   7.0703938211908679e-01	   8.6292654637848965e-01	   6.9495820727065682e-01	   5.6521664446343289e-01	   6.2423812243139287e-01	   2.2558072501280535e-01	  -9.3785639686547226e-02	  -1.8084492088961207e-02	  -1.6311176191111834e-01	  -7.1731703097524135e-02	  -1.1819002828745491e-01	   1.4492807559572080e-01	  -1.5917388825162190e-02	  -2.2433400712869750e-01	  -1.8948883099915323e-01	  -7.2349444043091323e-03	   9.4579944594296222e-02	   6.1623387475032776e-01	   2.7933879639659231e-01	   9.4322948590088607e-01	   7.5494506251478555e-01	   1.0014498044709617e+00	   7.1561835241748473e-01	   7.8047771144141675e-01	   5.5041066971313479e-01	   6.9466829716942224e-01	   9.3350764189107949e-01	   4.8156845691811473e-01	   7.3453134757945981e-01	   3.1295529520676019e-01	   3.2182178610809231e-01	   3.4954657652493265e-01	   2.8605954989514248e-01	   1.5101648136803467e-01	   3.9614379258950716e-01	   4.1862678528529856e-01	   8.6658716887601628e-01	   1.1273847796424341e-01	   4.4735203573211396e-01	   1.0077738873000753e-02	   8.3218373324687775e-02	   4.5520618868350088e-01	   7.2664836994537629e-01	   4.8298616479507134e-01	   4.9387651109447106e-01	   2.9388310527592532e-01	   2.0069762816669537e-01	  -8.0670442481933169e-02	   1.8381254149705134e-01	   3.1545673654331058e-01	   7.2362025745327338e-02	
   5.0760648907822836e-01	   3.0188267781444122e-01	   7.7962053935914588e-01	   1.3172784502188100e+00	   7.5021319536733200e-01	   9.0356482964769935e-01	   1.0200814536607450e+00	   0.0000000000000000e+00	   9.0257761901514955e-01	   9.4988706156771263e-01	   1.8815117868359651e-01	   3.3790268628473841e-01	   6.1530638033092788e-01	   8.3362726712929858e-01	   7.1044778628637084e-01	   6.9021634013573374e-01	  -3.6849643578155400e-01	  -2.3810248087028446e-01	   1.8631311190759575e-01	   6.3402985403929968e-02	   5.4673284251500509e-01	   5.7001963353590990e-01	   7.0549577658476992e-01	   8.0486697242988892e-01	   4.9719205087329177e-01	   5.6900134342334496e-01	   4.7090104518287806e-01	   5.0820541709865308e-01	  -2.2404370831024420e-01	  -2.7151366572443758e-01	   4.3278369577421444e-01	   5.0561157248507860e-01	   6.2435659854349024e-01	   6.8766233856506409e-01	   5.2964559090532459e-01	   5.6902470489475210e-01	   5.6280815949111392e-02	   1.8537736871544500e-01	   5.6913703404568017e-01	   3.8919021290102696e-01	   3.8359084310046056e-03	   6.2782651577102916e-02	   1.9529392187572822e-01	   1.4144403157202762e-01	   2.1673045871453353e-01	   2.3354292898157436e-01	   1.9286719195753624e-01	   2.9831654489881798e-01	   1.5582858908017483e-01	   1.7823548721558311e-02	   5.4407776168877131e-01	   3.2149305133324935e-01	   5.1662428148498252e-01	   6.5023376902206143e-01	   4.1543843742007913e-01	   4.1532195115104587e-01	   3.9523481952673456e-01	   4.9406259285815335e-01	   4.8946339549571605e-01	   4.1101665809689292e-01	   6.3387469092385240e-01	   9.6579646211199677e-01	   1.8802641543846732e-01	   1.6686177114274897e-01	   6.5636068275613346e-01	   7.9273845149453781e-01	   8.0024105446755389e-01	   7.4175043044996281e-01	   5.5865979596476856e-01	   6.9261689465821374e-01	   7.3301807553740814e-02	  -9.8385128433401359e-02	  -6.7241014164791224e-02	  -1.1210899546477059e-01	  -1.9250002157321686e-01	  -1.4409963828025196e-01	   1.2785302725587203e-01	   1.9493725040426926e-01	  -1.5795667178996178e-01	  -6.3964625336645334e-02	   3.7276647915180185e-02	   6.5758963996038644e-02	   5.5995291692688243e-01	   3.6328064694209045e-01	   6.9115755775437704e-01	   8.5871999147066336e-01	   6.8905794304373791e-01	   4.9106591533642296e-01	   8.4928327347100363e-01	   7.4916353527379231e-01	   8.2065589598110233e-01	   6.9184072552728570e-01	   5.5677906655503029e-01	   4.3963282219830113e-01	   4.7637640819750193e-01	   5.0560826398719194e-01	   4.0146611464318582e-01	   3.2635900837049125e-01	   3.0956735295694066e-01	   3.8324987370411467e-01	   7.0074757095101703e-01	   6.6702673450805827e-01	   3.9761466965733566e-01	   5.3452210466593630e-01	   1.5847361537856827e-01	   2.9274962842388192e-02	   4.8509930818915625e-01	   5.6197040358733108e-01	   4.9485353052449343e-01	   5.1481172939902342e-01	   2.8224745890792508e-01	   1.5457696441642679e-01	  -7.1796145372890838e-03	   2.8097147770265252e-01	   3.2225762044926864e-01	  -1.4258212503497597e-03	
   3.9858606807413222e-01	   2.8776313396779668e-01	   7.0085271983775466e-01	   6.9484272892294141e-01	   1.2883961079434876e+00	   1.0400938595596614e+00	   1.0069067501317448e+00	   9.0257761901514955e-01	   0.0000000000000000e+00	   1.0823956112855670e+00	   7.0194922290105349e-02	   1.5690135329296875e-01	   4.3573218202687802e-01	   4.3531648789771543e-01	   7.5236079250209154e-01	   6.6928959637314611e-01	  -2.8208052931107919e-01	  -2.6707575825221147e-01	   3.8123355173568474e-01	   1.3688317646435552e-01	   3.8807209643161911e-01	   3.7468627656138409e-01	   8.8128230445464806e-01	   7.9890161857677577e-01	   4.7188058138707945e-01	   4.1916544379954107e-01	   5.9599091694255490e-01	   5.3816793172004695e-01	  -7.8871879248397531e-02	  -2.8622964993205446e-01	   4.8251373882779491e-01	   5.0524076691327324e-01	   5.3746555233302373e-01	   4.9139938786835857e-01	   5.2821794700635682e-01	   5.4493934968620605e-01	  -5.9948013720643623e-02	  -2.3682296113747347e-02	   2.6030021632836642e-01	   4.2110999094344480e-02	  -1.7066571092506053e-01	  -2.4898614011468839e-02	   1.7116080101507058e-01	   1.2746936727727776e-01	   2.0727415344266345e-01	   2.2982691462319460e-01	   1.6301078262280921e-01	   2.2795439114529503e-01	   1.7529756015383119e-01	   9.6017611192335442e-02	   3.8573560342788477e-01	   4.3590258238409130e-01	   7.6494073821838948e-01	   7.4402946429418981e-01	   2.5461871214509135e-01	   3.5351929706020285e-01	   1.3139521475685736e-01	   2.5614859425992653e-01	   3.6255400902942536e-01	   3.2773992579306016e-01	   4.5577342585085595e-01	   6.2702933119940174e-01	   4.5855476205197289e-02	   4.0314099262813048e-02	   5.4286004480665384e-01	   5.1962135441794566e-01	   5.2749402614666074e-01	   5.0846445479361446e-01	   4.7959747056852997e-01	   4.7901544483591529e-01	  -1.4000829482909266e-02	  -1.8132137709587703e-01	  -2.0223601271725852e-01	  -2.3529287769575241e-01	  -2.6426723761968174e-01	  -2.0270151430141553e-01	   4.1214283320623941e-02	   6.3849357308097862e-02	  -2.8954907210960873e-01	  -1.0831131486850040e-01	  -1.4809279247901974e-01	   6.0906684482281131e-03	   4.8021450386897685e-01	   1.2070139522041008e-01	   5.2751775296956283e-01	   6.1755562745034720e-01	   7.4093588480854455e-01	   5.1983729610692075e-01	   7.6408893294884106e-01	   8.0845181859089166e-01	   8.6092066521487487e-01	   9.9802872337477933e-01	   6.6451062543882000e-01	   7.4284899438776408e-01	   2.4079819481388812e-01	   1.2370790237985228e-01	   2.3656287747817339e-01	   1.6512725302687145e-01	   3.1940354564944440e-01	   4.4544544830454164e-01	   4.6682397630511668e-01	   9.1522571001593367e-01	   1.3682993775668015e-01	   4.7164808287601745e-01	  -4.2166007810816881e-03	   1.0564965530730648e-01	   2.7312577199653115e-01	   4.3189371855631958e-01	   3.7405680289649285e-01	   4.1997497226234570e-01	   2.4345716981310395e-01	   2.8286391244084558e-01	   8.1684442197367951e-02	   4.3324794914498836e-03	   1.5123502248272655e-01	  -5.7883951335316999e-02	
   3.7088868692800853e-01	   4.6201953589104972e-01	   4.0244392538573809e-01	   7.3029014760918998e-01	   9.9895940343969669e-01	   1.5163385268476093e+00	   5.2510531011492367e-01	   9.4988706156771263e-01	   1.0823956112855670e+00	   0.0000000000000000e+00	   1.7054043730109270e-01	   3.3915815347913286e-01	   5.4423534790002015e-01	   5.2826852531533852e-01	   8.4108543431305072e-01	   9.2884579068924489e-01	  -2.1725679302131515e-01	  -1.7374789898201062e-01	   2.0546811586293998e-01	   1.8525242050130891e-01	   2.6570731118841273e-01	   4.1108763424984085e-01	   4.5216693859473905e-01	   5.0491867375412358e-01	   2.0015147369824463e-01	   2.4726272398303661e-01	   6.9271990644328607e-01	   7.2365858569062780e-01	  -2.3511824228208561e-01	  -2.0120775738432928e-01	   1.0385449961404150e-01	   1.6120581798796293e-01	   2.5311906841534398e-01	   3.6699508606733044e-01	   2.1080532326052190e-01	   3.5953814515588667e-01	  -1.1779264937860350e-01	   2.2078644407491799e-01	   2.0292149278348987e-01	   3.1893734435179794e-01	  -5.9368888968250724e-02	   2.5460521332919356e-01	   1.9084675836956969e-01	   1.5026644270291475e-01	   1.3882890511915894e-01	   2.0984737302695081e-01	   1.6316756562093304e-01	   2.1980782154999104e-01	   2.2049163772822050e-01	   1.0514281421469407e-01	   4.6852754236723942e-01	   4.9847144503115581e-01	   5.9621478846093445e-01	   5.3609695791209167e-01	   2.6503368378697145e-01	   3.3877246435323238e-01	   2.0293954034683612e-01	   4.2581804193233519e-01	   4.1470409574468103e-01	   5.3676272227278032e-01	   4.6195979756818278e-01	   7.4198921684518504e-01	   7.7801976622770552e-02	   1.3578815093488950e-01	   2.3964773314140286e-01	   4.8816851192346111e-01	   4.7076547576753303e-01	   4.9242898862467233e-01	   6.0388681988749593e-01	   6.9338356853305427e-01	  -4.1826747083890434e-02	  -1.5311108057719638e-02	  -1.2459290721496036e-01	  -1.1410942609682448e-01	  -2.3507697475496298e-01	  -1.2825856593548737e-01	   1.3679894060002995e-02	   2.0031321949024322e-01	  -2.4143394309617303e-01	   2.2247724401992290e-02	  -1.4518728611674706e-01	  -7.0862998424560841e-02	   3.0196878690756118e-01	   1.3712852306021492e-01	   3.3222326203847480e-01	   5.7182549239583358e-01	   4.6170858796004854e-01	   2.7235947292824425e-01	   8.3274769140720128e-01	   1.0880305340160727e+00	   1.0008835313424365e+00	   8.4062896200897075e-01	   9.1508441810966379e-01	   6.4648008142715119e-01	   3.1309218540915068e-01	   1.1938320573179213e-01	   2.2993165058597415e-01	   1.2471226940916411e-01	   4.2431660677462069e-01	   4.1259075682602464e-01	   8.1536015325409161e-01	   7.2378509624260245e-01	   4.8003228273342347e-01	   5.3325711697162159e-01	   1.6411977491476260e-01	   1.2444921175695019e-01	   3.5489993682916826e-01	   3.1295228748129561e-01	   3.4967179728950853e-01	   2.9153856465227224e-01	   1.9688756342685013e-01	   2.4536744103751973e-01	   1.9326379452213946e-01	   9.0694555855741849e-02	   1.6691198512451499e-01	  -7.7717992449123335e-02	
   5.7873135931880337e-01	   3.0343646534963231e-01	   1.6719171057871768e-02	   4.3830393707717741e-02	   1.7035329781780845e-01	   2.0915378147252220e-01	   1.2169593527722744e-01	   1.8815117868359651e-01	   7.0194922290105349e-02	   1.7054043730109270e-01	   0.0000000000000000e+00	   6.0884184845491363e-01	   4.8160177605223070e-01	   3.3605875645689270e-01	   4.9310722412786234e-01	   1.6358945803637318e-01	   1.1111789255133518e-01	   1.4176496132145319e-01	  -3.3391637124960370e-02	   1.1818111961877911e-01	   2.4791654039762575e-02	   4.0143330540122903e-02	  -1.5204342440492452e-01	  -8.3008254571670548e-02	  -1.4340196040070047e-01	  -1.1486271449081993e-01	  -8.9613438521580734e-03	   5.0971654837832781e-02	   2.3443736593114961e-01	   2.3750968164857733e-01	  -1.5252984600998970e-01	  -1.0185125816702213e-01	   1.6170672610960643e-01	   4.8494991055077818e-02	   1.9010083437748321e-02	   5.2607392753823264e-02	   3.8442816086363241e-02	   1.7352834167016112e-01	   2.1248617669963837e-01	  -9.5844113408013784e-02	   2.3700665674843827e-01	   9.2280606849520445e-03	   9.0100458464132255e-02	   1.3196119817329516e-01	   1.4524950405417342e-01	   1.2444240549308860e-01	   1.0975003930902738e-01	   7.6532012194593227e-02	   2.6983139670076650e-01	   1.3133011020500654e-01	   5.2707360623169086e-01	   2.4979769401494012e-01	   2.7154829248830059e-01	   1.9022930561451459e-01	   1.2489445355764710e-01	  -6.0430025684421226e-02	   4.7835798862046286e-01	   2.2181916965299028e-01	   3.9737083723538319e-01	   7.0430797988109639e-02	   6.4950547154012472e-01	   3.2719229134484829e-01	   3.5403171059412886e-01	   3.9012963945507578e-01	  -3.1070064535461229e-02	   9.6061602013430517e-02	   2.7111754577966479e-01	   1.4393816464957809e-01	   1.2878875339381068e-01	   1.0632398060991390e-01	   2.6373329442576415e-01	   2.9769243568258102e-01	   6.1678682175764006e-02	   1.6243366527532060e-01	   9.0392712495499336e-02	   2.1651110425453773e-01	   4.2422410848493480e-01	   4.7406932087994480e-01	   1.3729835530792917e-01	  -5.7796818070796577e-02	   3.7132192056458468e-01	   4.7513606134059300e-01	   3.7569090325385923e-01	   5.6880383638001686e-01	   2.2854613199328552e-01	   1.9245354552734317e-01	  -1.5030221236429284e-01	   2.3767838138129764e-02	   2.5467237391320391e-01	   1.9346133258898240e-01	   1.8837204059285875e-02	   5.7115820143130172e-02	   5.8882700284665246e-02	  -7.6766375346335999e-02	   2.5162649966087952e-01	   3.0064885911704858e-01	   1.2522570522259077e-01	   1.2194917423078411e-01	   1.1653993692077287e-01	   1.1234106712050999e-01	   1.8835015907104907e-01	  -1.8014625987948535e-02	   4.5387754568338844e-02	  -6.7058631921935771e-02	  -2.2617025640915001e-01	  -3.8472209078711705e-01	   2.1691684073040296e-01	   3.5621197016010969e-01	   2.3016936316779985e-01	  -5.8689105362001809e-02	   1.0963403706710906e-01	   1.0370809940752376e-01	   2.5188289698913030e-01	   4.1238329109995302e-03	  -8.6111500691495993e-02	  -1.8401594471118618e-01	
   4.0758806242561646e-01	   4.1713585348942417e-01	  -6.4179585171234441e-02	   1.4754674913767937e-01	   1.6939315172256297e-01	   2.8439495421733912e-01	   4.0096832279557827e-02	   3.3790268628473841e-01	   1.5690135329296875e-01	   3.3915815347913286e-01	   6.0884184845491363e-01	   0.0000000000000000e+00	   5.7973261979255908e-01	   7.5137882680953572e-01	   5.2843225965374963e-01	   6.3602114407295951e-01	  -6.7028185183688582e-02	  -4.9292984043856750e-04	  -9.4708471376040559e-03	   2.0593892320321816e-01	  -2.4203010580857057e-01	  -1.8039385928180296e-01	  -1.8122489481397991e-01	  -1.0487527453415427e-01	  -2.7971867720617039e-01	  -2.5839011865201156e-01	  -6.9044187406743562e-02	   6.3781781998244452e-03	   4.5827450409133601e-02	   2.6089052563813642e-01	  -3.2292663329667320e-01	  -2.6048318962017536e-01	  -5.0919505060528593e-02	  -7.9912022368062288e-02	  -2.0361170172175852e-01	  -1.8011076278548122e-01	  -3.8961292890900590e-01	  -2.7208514447874865e-02	  -7.9997449335466569e-02	   2.3686430815362990e-02	  -1.2915197204271806e-01	  -1.5612438420152835e-01	   1.4601153848748191e-01	   1.4732263210855029e-01	   3.0559537508680054e-02	   9.4069755552433409e-02	   1.3744068849778857e-01	   1.0652899375310025e-01	   1.3367151591541365e-01	   8.1394802175864062e-02	   4.1489703701218605e-01	   2.7042018855168820e-01	   2.3466977663373878e-01	   1.3068867557749103e-01	   1.7942865403094813e-01	   1.4408352783296294e-01	   2.8083342268075018e-01	   2.9598554841123986e-01	   2.5872747213537040e-01	   3.4341296265914328e-01	   5.7669331128057022e-01	   8.0314748715699569e-01	   1.6621933348641635e-01	   4.5112953109576487e-01	  -1.9463405376902343e-01	   1.5947119819294656e-01	   3.8056515452532823e-02	  -6.2525096245016440e-02	   1.4714237692205637e-01	   8.3206511463594299e-02	  -1.6421778167558893e-01	  -1.5068685102961887e-01	  -1.9442046744002298e-01	  -7.7430744658457132e-02	  -1.6914542661612106e-01	  -8.2908424384924920e-02	   3.8380290261121650e-02	   2.3550128834525874e-01	  -8.2694274483275543e-02	  -7.6868013949601965e-02	   3.3418713327324281e-02	   1.9449407661793115e-02	   1.8529677335360534e-01	   2.7695418920474857e-01	  -1.3862196686664661e-03	   1.9882395461993885e-01	  -9.8172015532246748e-02	  -8.0135180559041674e-02	   2.2606267308024641e-01	   3.6407992944864570e-01	   1.0412426153148706e-01	  -5.1181797510050080e-02	   8.8944348694659087e-02	  -1.6201546950098530e-01	   3.7513573443484388e-01	   3.3812710878829078e-01	   9.6268526315760702e-02	   1.4563309251004197e-01	   2.3825928528922369e-01	   1.1189236298542860e-01	   2.7746174420757097e-01	  -8.3481646339880616e-02	   2.2014572367427032e-01	   2.1541827684334103e-02	  -1.7651416626393468e-01	  -3.4951992999717818e-01	   7.5239010434533765e-02	   3.2621579595674237e-02	   2.3240968147260999e-01	   1.9376370357561540e-01	   4.2922792924712419e-02	   7.0020801538113575e-02	   3.0287885137771042e-01	  -2.5361889224477248e-02	  -1.7111719370261003e-01	  -1.6716205120390804e-01	
   5.6203677910223915e-01	   1.8443025696972451e-01	   4.6569004748220205e-01	   5.0437286934201131e-01	   5.5723648051275765e-01	   5.5920818495252744e-01	   4.9207656953365742e-01	   6.1530638033092788e-01	   4.3573218202687802e-01	   5.4423534790002015e-01	   4.8160177605223070e-01	   5.7973261979255908e-01	   0.0000000000000000e+00	   8.0703428336194416e-01	   9.3960206020689940e-01	   7.4932909177282425e-01	  -3.0669794538286721e-01	  -1.8179671522434893e-01	  -4.3916619506240179e-02	  -7.5800659063650605e-02	   1.3051542523462470e-01	   4.8116640025014909e-02	   2.1455243600547058e-01	   2.2551421434745367e-01	   3.0539574324431498e-03	  -6.5425079512556241e-03	   3.1408702384602427e-01	   3.0589183099654649e-01	  -2.0548421103244013e-01	  -2.0344907305737570e-01	  -2.2138828293892437e-01	  -1.8515336435265126e-01	   2.3221965537252764e-01	   1.6391565550857906e-01	   1.4945426002241413e-01	   2.0086478413897862e-01	  -2.5699972190795718e-04	   1.1799196908518086e-01	   2.5920136910482294e-01	   1.1264555315564481e-01	   1.4256741787797989e-01	  -7.3043333330047838e-02	   2.2567582754059251e-01	   1.6431896970578941e-01	   2.0936835297648651e-01	   1.8111514984297084e-01	   2.2803075664373318e-01	   2.0674742232780130e-01	   3.6569081002163195e-01	   1.8977804719711375e-01	   6.8346726467542440e-01	   5.0394367950719843e-01	   3.8383151855366249e-01	   5.3575744081776211e-01	   3.9650968736756842e-01	   3.5853429470308090e-01	   1.6918805321713204e-01	   2.2568747256633062e-01	   6.0919594009138922e-01	   3.7921223047132147e-01	   9.4429018607760939e-01	   6.8537924179480214e-01	  -9.6230058114662870e-02	  -4.0158453315870930e-02	   2.7840971725747010e-01	   5.5700947686090596e-01	   3.3222561090921127e-01	   2.1557173935055582e-01	   2.9835499563236073e-01	   3.0629701612294075e-01	  -3.7622614805431207e-02	  -8.0686876964564030e-02	  -1.6349929253363027e-01	  -1.8468501319874714e-01	  -2.0669746731859806e-01	  -1.7158069960232841e-01	   1.5459746807040170e-01	   1.3909548325180823e-01	  -1.0362166791249926e-01	  -2.8332812092693060e-02	  -1.7167341489075669e-01	  -1.0724963725978306e-01	   4.9174634650813492e-01	   2.2664573945059574e-01	   2.5866759509453108e-01	   4.2444806381001809e-01	   3.4950660829964059e-01	   1.2244660036853355e-01	   8.6313024181741294e-01	   6.5634739031042744e-01	   2.8058169570347780e-01	   3.3586329669720422e-01	   3.0393438652480886e-01	   1.8551686031900941e-01	   4.1683149403717523e-01	   3.5355936498141177e-01	   2.3205635109621753e-01	   1.9855372979198477e-01	   2.9829711607932174e-01	   2.9323193346895321e-01	   4.0480160116518693e-01	   3.0466774964625110e-01	   2.0857785393982681e-01	   2.1176022462265212e-01	  -4.8992224148729877e-02	  -1.7694039246900889e-01	   3.8253684934055443e-01	   4.2210411525601210e-01	   4.1341652394916872e-01	   1.5706578243602715e-01	   1.4720880747810369e-01	   1.9916419186739143e-01	   3.0853779116984692e-01	   2.1735138488586908e-01	   5.7194694958617849e-02	  -9.8718508490147808e-02	
