   0.0000000000000000e+00	   1.1686944326083919e+00	   7.5403113154690660e-01	   7.9318108204489701e-01	   7.0406497565447845e-01	   6.8957929698467779e-01	   8.0662106391374411e-01	   6.7509659454438831e-01	   6.1568147100177129e-01	   5.4437969089523341e-01	   1.2354775852705810e+00	   1.0438491394875113e+00	   1.0567482474086887e+00	   8.6956346413524488e-01	   9.3136072340671838e-01	   1.1160486726242362e+00	   4.7635896689408219e-01	   6.3634276475388907e-01	   9.5488962121938215e-01	   1.0738134807975108e+00	   4.4006430780914713e-01	   3.5230006445954681e-01	   4.5590421586947577e-01	   6.4466759514693694e-01	   5.2192078159254296e-01	   5.2383733348349160e-01	   9.4655457211833449e-01	   9.2136161477607048e-01	   5.8638449112170932e-01	   4.7770349188679728e-01	   3.6593379636318507e-01	   4.0717389266685727e-01	   7.2013312807829610e-01	   6.2908126563348965e-01	   2.0362231920244056e-01	   2.8740216517129008e-01	   3.2611195343500982e-01	   4.2815176544240097e-01	   4.3801952385907433e-01	   2.2500250439641595e-01	   7.9476138933148199e-01	   6.0930030101467980e-01	   4.3924148331782889e-02	   3.5235070329412387e-02	   6.7437113352019129e-02	   1.4699213134851832e-01	   1.3495139653768140e-01	   1.2388140119950948e-01	   2.5257111634897600e-01	   2.2810670106612876e-01	   8.4058223092727447e-01	   5.3569711780091200e-01	   9.5871481138743408e-01	   9.2054025491709002e-01	   9.2064615561415719e-01	   6.8696583147722412e-01	   1.0372731290061854e+00	   8.6992472043545821e-01	   8.7879600455614104e-01	   4.8769844945640550e-01	   9.9955431852282284e-01	   5.1752211905392331e-01	   4.5670847845871504e-01	   4.8406384402262115e-01	   3.5556734362169812e-01	   5.3895130614893394e-01	   6.2771453756704176e-01	   4.9076443562210481e-01	   7.9579011497987018e-01	   8.2823483440045531e-01	   5.2921411619677894e-01	   4.2191832730501799e-01	   6.8495406827305982e-01	   6.5608851185566197e-01	   6.5271729667388323e-01	   4.3403305984085627e-01	   6.6031843961858439e-01	   6.8435525415627874e-01	   3.5039991759825656e-01	   3.5339340319246609e-01	   5.6597169110698964e-01	   8.2522483903225297e-01	   6.5299375851776975e-01	   1.0784995493361449e+00	   7.8365820197162483e-01	   8.8134086799193867e-01	   4.0259129063260640e-01	   2.1159391157533219e-01	   9.1156984598995638e-01	   1.1508904502269224e+00	   5.5315683704320695e-01	   3.8929037012868672e-01	   5.2675929009882638e-01	   4.5316750477099160e-01	   1.1593979710023152e-02	  -5.6422927789091762e-02	   3.6908406646204650e-01	   4.8809105843748707e-01	   4.1382750192772783e-01	   4.3500990862602551e-01	   6.6700336005259209e-01	   7.3501135525608985e-01	   6.3465001161932144e-01	   6.0777997183213428e-01	   6.0016141426036107e-01	   4.6452327556572393e-01	   4.5613251132919969e-01	   4.5131119174403267e-01	  -1.5703716615729954e-01	   3.5569334228200900e-01	   2.0984493277269306e-01	   4.0281036270034704e-01	   5.5414341900022079e-01	   8.4394398646942359e-01	   4.2316645170139677e-01	   1.3798916427398666e-01	
   1.1686944326083919e+00	   0.0000000000000000e+00	   4.6052396690540975e-01	   6.0496191097499419e-01	   4.1326851586219721e-01	   4.6577590446804290e-01	   4.5147812442445667e-01	   5.0134919436592496e-01	   3.3900181714980709e-01	   2.7194737388584694e-01	   8.3392792000804328e-01	   1.1753377686946473e+00	   6.2265298893626508e-01	   8.6209966925993187e-01	   5.6671794742284376e-01	   8.6565717012000165e-01	   7.6476622381947579e-01	   8.7331656082784781e-01	   6.6887682278888927e-01	   8.8187783591555469e-01	   4.0245919119407253e-01	   2.6713394880516123e-01	   3.1111604838001877e-01	   4.9702537862275403e-01	   3.8293194976519473e-01	   3.7656824329268446e-01	   6.4054579248855203e-01	   6.5641452969166736e-01	   5.5314986747242889e-01	   4.9645504630572485e-01	   2.8612188062261273e-01	   2.9252957849849259e-01	   5.6338688393803449e-01	   4.9558218865419035e-01	   1.1772493803237685e-01	   1.7250499842643346e-01	   1.6583511300507567e-01	   2.8083609202348891e-01	   2.2897824929236510e-01	   6.2696277666547132e-02	   7.0260592272931421e-01	   6.5948374764887896e-01	  -2.8991602978098167e-02	  -4.9703867881505527e-02	   5.3894045238251795e-02	   1.6116219496296441e-01	   1.4652271961799171e-01	   9.4562694961445440e-02	   3.0216942980939010e-01	   4.4900994680754791e-01	   8.5905843013825134e-01	   7.4582894915007714e-01	   1.2757624775890066e+00	   1.2058504304997055e+00	   8.2468982930294055e-01	   8.2917274330574708e-01	   1.5296775930040230e+00	   1.5906980357705192e+00	   7.0720889628014039e-01	   6.7381384765404040e-01	   7.1163853456528137e-01	   6.1127408338313183e-01	   5.9637499495355828e-01	   8.8216173514626750e-01	   1.1248483663633127e-01	   4.2713730352417373e-01	   4.4897076635325717e-01	   3.7902900088551861e-01	   5.1958937241461500e-01	   7.2346291202005641e-01	   4.8281498691086300e-01	   4.4874930776475741e-01	   7.3931334520502712e-01	   7.2381009361252280e-01	   6.3567502094801176e-01	   4.8078799149440776e-01	   6.6473858954698917e-01	   7.7758643982263931e-01	   5.3841376278932240e-01	   3.2178709069897266e-01	   8.3976441503100863e-01	   8.9829650634204061e-01	   4.7217918872600789e-01	   8.1408827898411062e-01	   5.5393948329305376e-01	   1.0748741069206900e+00	   3.0999231650191955e-01	   2.6738979651745931e-01	   5.4196403532478199e-01	   1.0009111929717132e+00	   4.9816789466632316e-01	   2.2994500871634674e-01	   4.5335185735702543e-01	   2.5692861166469116e-01	  -9.8549270063884725e-02	  -2.4073052543006013e-01	   2.9924146711130417e-01	   3.7339427120393731e-01	   4.6448338779456333e-01	   4.3773721392920928e-01	   5.5203969629668048e-01	   4.7933967885812778e-01	   5.8582237152604788e-01	   3.7087271543402955e-01	   4.6170075815807288e-01	   2.8931684413220810e-01	   3.5689421620975859e-01	   3.1272164209281894e-01	  -9.5923304182062255e-02	   1.6423276508393841e-01	   5.7722854526028280e-02	   3.4460483224561433e-01	   4.4360742096100297e-01	   6.1678492673289731e-01	   3.6478888088801698e-01	   2.9556765175032969e-02	
   7.5403113154690660e-01	   4.6052396690540975e-01	   0.0000000000000000e+00	   1.0146337155624630e+00	   1.3345956106859829e+00	   7.7861303798645565e-01	   1.1096798912059507e+00	   6.8580887711515903e-01	   9.0612399027199508e-01	   5.7897807207085683e-01	   7.2902845110214831e-01	   4.3069632859903362e-01	   8.6934318588655657e-01	   4.3932681347455038e-01	   1.1175304913012705e+00	   8.0787744000249784e-01	   1.2959347604439508e-01	   1.4991034162467767e-01	   9.7175958339834478e-01	   8.5033512284340707e-01	   6.0015199406829167e-01	   4.0128036889002960e-01	   1.3846729014010659e+00	   1.2304409156977782e+00	   1.1831219526193597e+00	   8.7168722739099114e-01	   1.1450705489425164e+00	   9.6496316993085263e-01	   3.3239241797689589e-01	   2.7134475318172852e-01	   8.7026692089898805e-01	   8.5167314003446903e-01	   7.5962835133905149e-01	   7.4259894047830988e-01	   7.0003213814847920e-01	   6.8336446602429179e-01	   4.1622059132343947e-01	   4.2409783757679864e-01	   5.2199836681320688e-01	   1.3157644946942418e-01	   8.1602732074863804e-01	   5.6459643793901937e-01	   1.1598257369539364e-01	   1.0061012697779405e-01	   2.1003088606094822e-01	   2.1458057491203339e-01	   5.7575902889476289e-02	   1.5585590415574735e-01	   1.7669007119421595e-01	   1.0009329837665271e-01	   5.3160087025455716e-01	   3.0505681434153126e-01	   4.9905150446126056e-01	   6.2137517776722850e-01	   7.7544910545174273e-01	   5.2579433263256048e-01	   4.3291519654416594e-01	   3.5439923301514348e-01	   4.2657572714587738e-01	   2.1274805648761536e-01	   5.4680060818706311e-01	   2.6603887733036097e-01	   1.1634633757222651e-01	   6.1510517441091213e-02	   8.7886185286061069e-01	   5.0333005821224008e-01	   6.3428732022371226e-01	   5.3340940890440747e-01	   8.6636695276244380e-01	   7.5088948491914964e-01	   7.6517616450491022e-01	   5.6102723003443378e-01	   6.0536363879456601e-01	   5.4008038777191003e-01	   6.2997760137131953e-01	   5.1325092329556332e-01	   5.7622235741404004e-01	   6.5032530130755495e-01	   1.9992064486613279e-01	   1.7901869401205339e-01	   1.3753405840174929e-01	   4.3548845307110734e-01	   8.9030171761179677e-01	   9.3839775268193037e-01	   7.7205352073489597e-01	   6.6660704441430607e-01	   7.4765630691359708e-01	   5.8984290687681007e-01	   1.1355431886777032e+00	   9.0143158984242322e-01	   8.0049078505732874e-01	   7.8584518327474906e-01	   9.7301284758892148e-01	   1.0242400541189172e+00	   1.6496999513496288e-01	   1.2422768222802404e-01	   4.6733436393459638e-01	   4.1999100875499684e-01	   4.6368133646527143e-01	   5.7276388110480958e-01	   8.6653005801007899e-01	   1.0030486184314686e+00	   5.8420097760482204e-01	   5.4369570126377065e-01	   4.9083998909300541e-01	   5.8664251965739467e-01	   7.4172121759421217e-01	   6.1045880052245793e-01	   9.7130226166369391e-02	   4.3544930485672417e-01	   3.9828268942154715e-01	   5.3254235622797608e-01	   8.4709051575320093e-01	   7.3930753110109748e-01	   4.5190999525936570e-01	   1.5159202156409818e-01	
   7.9318108204489701e-01	   6.0496191097499419e-01	   1.0146337155624630e+00	   0.0000000000000000e+00	   1.1007842243663177e+00	   1.3448571987531552e+00	   1.1866306882427988e+00	   1.3523536559163272e+00	   9.3812500684459610e-01	   8.6882039275276779e-01	   6.9101405825261075e-01	   7.9874572901925978e-01	   9.4013013888268693e-01	   7.8734316307239594e-01	   8.8090440646150536e-01	   1.1158253709861661e+00	   3.1980087148448139e-01	   1.8487736032631072e-01	   6.2489713534990721e-01	   9.0013263123722886e-01	   8.4088746763952804e-01	   6.2491859005281869e-01	   8.3226675371897496e-01	   1.3908501141634835e+00	   9.7415296291572839e-01	   1.1304874743728814e+00	   1.0428906768400539e+00	   1.1461372240715679e+00	   4.8161921574574251e-01	   3.2498672277390206e-01	   7.5062250941169917e-01	   8.9099607407613401e-01	   1.0877663732725928e+00	   1.0988293889399170e+00	   7.8951660271949864e-01	   9.3552476274552332e-01	   4.5232123728084922e-01	   5.5474530818526113e-01	   5.8312684904857415e-01	   1.4438855472748136e-01	   1.1277237001969793e+00	   7.9376731305104031e-01	   2.5020675968658967e-01	   2.1719841735495340e-01	   4.2240509090938350e-01	   4.8410348804551318e-01	   3.0611339187065983e-01	   3.6859912402486816e-01	   4.2968688318418558e-01	   3.2581053990406617e-01	   8.0622299582684298e-01	   4.3844972343666899e-01	   6.1621456351347870e-01	   6.9400686238091669e-01	   1.2347074424047149e+00	   8.7347728470241182e-01	   5.4243416643225906e-01	   3.7584732186126990e-01	   6.0991020817665831e-01	   4.5121926491543152e-01	   6.5866798436673069e-01	   5.4711942185386853e-01	   2.4445746086842707e-01	   2.8320905651040551e-01	   8.0742854641205564e-01	   1.1891759346698985e+00	   1.0903906726568815e+00	   1.0556284416343444e+00	   7.9063069701134736e-01	   7.8236897044571618e-01	   5.8537297968775714e-01	   7.4170685184266449e-01	   7.3584423275899613e-01	   6.1867411431648389e-01	   6.4145978780223079e-01	   5.2941726679595669e-01	   6.3712447429182839e-01	   7.7263899202468955e-01	   2.9297130864614529e-01	   3.3092081254488613e-02	   3.4329881535575579e-01	   4.1952546777530958e-01	   7.1292101573007260e-01	   9.5739171144183322e-01	   8.8637733698138421e-01	   8.8616321047995406e-01	   5.6447813635870847e-01	   7.2575048853333712e-01	   1.4339144607657979e+00	   1.2124517252287792e+00	   1.1000316750512769e+00	   7.3659412157488446e-01	   1.0820782707604089e+00	   7.3837467825350933e-01	  -6.8386459124143581e-02	  -4.3748781571806589e-02	   7.9388905789905473e-01	   6.8109488884518210e-01	   8.1336251568830753e-01	   7.3786395426862705e-01	   1.2885447071009235e+00	   9.3730465815737085e-01	   8.2133826098071139e-01	   5.4758674791984463e-01	   6.6066437090390118e-01	   6.0166409683162247e-01	   9.3273313449470163e-01	   7.4655371701235806e-01	  -1.4679930247165407e-01	   5.2886474278895934e-01	   6.3544907356010760e-01	   6.8204812707266638e-01	   9.8205021393941139e-01	   6.9392994315098044e-01	   4.8342457069281825e-01	   6.8299554618966155e-02	
   7.0406497565447845e-01	   4.1326851586219721e-01	   1.3345956106859829e+00	   1.1007842243663177e+00	   0.0000000000000000e+00	   1.2249663146712388e+00	   1.4282952816665728e+00	   1.0458912605764465e+00	   1.3796205473627321e+00	   9.9762205508071100e-01	   6.4343072139379287e-01	   5.2894597603630678e-01	   8.5324867294514684e-01	   5.2279290216761565e-01	   8.6479316496301628e-01	   7.7209750791805321e-01	   1.6175534531946109e-01	   8.6700701162215732e-02	   5.8802081949809348e-01	   6.5390580378523289e-01	   6.1125453064766699e-01	   4.9735566134132947e-01	   8.9075616848772587e-01	   1.0399089856798585e+00	   8.4743279916343717e-01	   8.1059567264990795e-01	   1.0123886927568932e+00	   8.7216695136098255e-01	   3.8992909161187994e-01	   2.5541116843276701e-01	   6.5377450010113869e-01	   7.6529072598709913e-01	   7.0891258334333140e-01	   7.9378648377876437e-01	   5.6645135709845251e-01	   7.0990235249951783e-01	   2.0496696083829574e-01	   2.8374727110911424e-01	   3.3062693934270271e-01	   1.8742066020090355e-02	   6.6040344744011970e-01	   5.1356744109435004e-01	   2.8048752193800930e-01	   2.6405312109428319e-01	   4.1759222966036968e-01	   4.2592674467190317e-01	   2.3375031295828358e-01	   3.4011792299644988e-01	   3.6008503891939808e-01	   2.3297195088397765e-01	   5.7982783009494943e-01	   3.1362191785412058e-01	   4.4428533161915768e-01	   5.9152942053297419e-01	   7.9575945605437026e-01	   6.4721428925764679e-01	   3.7668441379641976e-01	   2.4317651188927070e-01	   4.5770407118582990e-01	   3.0180587580698964e-01	   6.0903065318265381e-01	   5.2622795253845323e-01	   1.9676345858620370e-01	   2.0140266872711041e-01	   9.1573681893827430e-01	   7.8486851985035089e-01	   7.9880536769465682e-01	   7.4975109682344121e-01	   5.9303667174154528e-01	   6.4809407861914714e-01	   4.7988010906945566e-01	   4.8967840432116166e-01	   4.5769325887764989e-01	   4.1343575480570816e-01	   4.4983933021559064e-01	   3.8843157349361629e-01	   4.4657456590303196e-01	   5.7467526943157321e-01	   1.7919872001338599e-01	   4.7044405064074465e-02	   2.1444398682288759e-01	   3.7964728862612152e-01	   7.3453597352890299e-01	   7.7354749506148868e-01	   7.6807728974475031e-01	   6.5301049936074529e-01	   5.0328985597490983e-01	   4.7220023287320867e-01	   1.1487416723406796e+00	   8.6911842263667316e-01	   8.7919568410175897e-01	   8.0643047702085580e-01	   9.2266619270042838e-01	   8.8366348189133193e-01	   1.0048637754413939e-01	   2.7354106897020038e-02	   5.4190489721567248e-01	   4.0232013096347669e-01	   6.2898069634597109e-01	   7.1089193157905173e-01	   1.0246714766038754e+00	   1.0408923090942408e+00	   7.0583009037643440e-01	   5.6339428435142613e-01	   4.5843807709218209e-01	   5.0893383613809962e-01	   7.8598259720223340e-01	   6.8839531081170091e-01	  -1.0065837463688611e-01	   4.5534452286619953e-01	   4.8122668822625925e-01	   6.0625034876440553e-01	   9.2545860520136913e-01	   6.9320636627109233e-01	   3.3630025646672740e-01	   3.0797071048497864e-02	
   6.8957929698467779e-01	   4.6577590446804290e-01	   7.7861303798645565e-01	   1.3448571987531552e+00	   1.2249663146712388e+00	   0.0000000000000000e+00	   1.4715898421472262e+00	   1.8544436692945492e+00	   1.2912731803161686e+00	   1.3994825797458539e+00	   5.9281570963965824e-01	   8.5329790113981485e-01	   8.8627394845234098e-01	   7.8639740088742005e-01	   7.2680156477589997e-01	   1.0013118127289231e+00	   2.8106951234397715e-01	   1.3170104792330392e-01	   4.0397805174121049e-01	   6.4757677288496296e-01	   7.7412781073089443e-01	   6.0630270823863019e-01	   5.8951961445599343e-01	   9.8018099616166621e-01	   7.0340376131740701e-01	   9.9270598822979284e-01	   8.4757743805288355e-01	   9.5273778794546238e-01	   5.3105986327010246e-01	   3.2807329352362480e-01	   6.0258683349276909e-01	   7.8569314617091113e-01	   8.4326943096497642e-01	   9.7555963982161287e-01	   5.5014207505586699e-01	   8.0643607299984688e-01	   2.5590241796005819e-01	   3.4967271534991679e-01	   3.9401490345051293e-01	   2.7060980681662104e-02	   7.4145619351504755e-01	   6.2024664171804622e-01	   3.5380673074445729e-01	   3.2676242119041554e-01	   5.5539671050236017e-01	   6.1155494341989225e-01	   4.0397397866123524e-01	   4.6493424132896910e-01	   4.9019405164537716e-01	   3.2209336656445331e-01	   6.8129857956848661e-01	   3.0500220809948353e-01	   4.8316697316285823e-01	   6.1621037035975723e-01	   9.4066475984899878e-01	   8.0143371853782985e-01	   3.9737316002380807e-01	   2.3004453524877333e-01	   4.8489802115857072e-01	   3.5783011699886641e-01	   6.1348645033915850e-01	   7.3710607004247775e-01	   2.2195859755121894e-01	   2.7630795935932562e-01	   7.3761841510948467e-01	   1.1908553876098273e+00	   9.5388567139194147e-01	   1.0058323354738157e+00	   5.3383218228403750e-01	   6.2524914400178444e-01	   4.3931224855594914e-01	   6.3829184215320778e-01	   4.9745905203007679e-01	   4.0135126544069161e-01	   3.9923462974182861e-01	   3.2836581692247913e-01	   4.4332005601430668e-01	   5.7654458441400080e-01	   2.3021648813560552e-01	  -7.4072885911999772e-02	   3.2762852628994915e-01	   3.4907832393741034e-01	   6.0990678767415007e-01	   7.8150542259068689e-01	   7.5726758995130772e-01	   7.5479981054051026e-01	   3.4867022427086358e-01	   4.5955962766184077e-01	   1.0632484026336979e+00	   8.7143847857864309e-01	   8.9087239051108125e-01	   6.4721441826934545e-01	   7.8799829301948709e-01	   5.7742130571257322e-01	  -4.8348993408542533e-02	  -6.1209997200849874e-02	   6.8699208136654355e-01	   5.5385271267268732e-01	   7.4998069240438536e-01	   7.0699406277995880e-01	   1.0155574127984004e+00	   8.7729466952396618e-01	   7.1363825711863993e-01	   4.7217065767893351e-01	   5.2562283510102681e-01	   4.4648104397965366e-01	   7.4005628513703936e-01	   7.2766634202241898e-01	  -1.7935765786628699e-01	   5.1638672535835073e-01	   5.9481849670248277e-01	   6.6205526634047329e-01	   8.8645014185481086e-01	   5.7203238756925079e-01	   3.5401152501088662e-01	  -1.5788977656598268e-02	
   8.0662106391374411e-01	   4.5147812442445667e-01	   1.1096798912059507e+00	   1.1866306882427988e+00	   1.4282952816665728e+00	   1.4715898421472262e+00	   0.0000000000000000e+00	   1.4303842375827303e+00	   1.4503604719431651e+00	   1.1775128192100508e+00	   6.6268477434996198e-01	   6.6364651990875223e-01	   9.6827244956534453e-01	   6.0790063840283137e-01	   8.5158310833242878e-01	   1.0058250462334726e+00	   2.5856553605810106e-01	   1.9320659192620010e-01	   6.9071940886900396e-01	   8.2381370313227076e-01	   6.4396055175871303e-01	   4.7839789569595809e-01	   7.5892198425795987e-01	   1.0607457082683103e+00	   7.5511056149246591e-01	   9.0515572067739414e-01	   8.4773313170517750e-01	   8.3194590386344014e-01	   5.4007356532211948e-01	   3.7264730604958801e-01	   7.3706337631517516e-01	   8.8138239367138649e-01	   9.0273262557752398e-01	   1.0315354721128935e+00	   5.4671982399415586e-01	   7.3581203886179236e-01	   2.9848217489815421e-01	   3.7517126873888296e-01	   4.3953372540194108e-01	   1.6722827055098900e-02	   7.0426743828421567e-01	   6.2320621759029604e-01	   2.8672572968157067e-01	   2.6346166402371601e-01	   4.1087452726696128e-01	   4.2361967198539169e-01	   2.6043041703752695e-01	   3.2825989292356378e-01	   2.8278889030282611e-01	   1.0761172874916476e-01	   5.1174481330313615e-01	   1.8889460720675294e-01	   4.1530460770285693e-01	   5.7571631798388112e-01	   7.6315715557593922e-01	   6.0472131079007208e-01	   4.3426179563530792e-01	   2.4648451199853399e-01	   4.2506877315363967e-01	   1.9215830999654859e-01	   6.3862816590517246e-01	   5.8302012687284377e-01	   1.9012782339942785e-01	   1.7067635462229333e-01	   9.0495736034697527e-01	   8.7042675744120279e-01	   8.2423288940163175e-01	   7.7844818302497865e-01	   7.1939510953056451e-01	   6.1099298941826008e-01	   5.6198778920381998e-01	   5.8922738087954118e-01	   5.8387833911651821e-01	   4.7473167796103827e-01	   5.4048913421879041e-01	   4.2775515077508047e-01	   5.4124373718970653e-01	   6.1865679775927407e-01	   2.5989921976879843e-01	   8.2197109597608078e-02	   2.3995699595335271e-01	   4.2450220438369729e-01	   6.6410314739421605e-01	   9.2785643976663879e-01	   7.4039678983230151e-01	   7.0929425130294133e-01	   3.9747186085644587e-01	   4.8682526803975101e-01	   1.0388816573501354e+00	   8.3659901385764479e-01	   7.1856932471920565e-01	   6.2738824176477137e-01	   7.7065612233323033e-01	   6.5671272284098248e-01	   1.3376973813982125e-02	  -1.6170225718290663e-02	   5.4516297168184280e-01	   5.0142835284420006e-01	   5.2389956800341908e-01	   5.9137565366451794e-01	   9.5463723504012010e-01	   9.5609091167312965e-01	   6.6207377547968627e-01	   5.4558383898662122e-01	   5.0048981322977681e-01	   4.3810729859435238e-01	   6.7906110443904144e-01	   6.7353920610452822e-01	  -1.0375456889396820e-01	   5.0432825259027525e-01	   4.8614967184830005e-01	   5.4567940589747832e-01	   7.7577678434167607e-01	   7.4463114389953033e-01	   3.9554282938931040e-01	  -1.5929143690917909e-02	
   6.7509659454438831e-01	   5.0134919436592496e-01	   6.8580887711515903e-01	   1.3523536559163272e+00	   1.0458912605764465e+00	   1.8544436692945492e+00	   1.4303842375827303e+00	   0.0000000000000000e+00	   1.1267810923011772e+00	   1.2374906273411785e+00	   5.6961433418835339e-01	   8.5612599801314215e-01	   8.3143477139254429e-01	   7.7712695936257559e-01	   6.7633479131955099e-01	   1.0415830358708273e+00	   3.9952979110856884e-01	   2.5484917624339637e-01	   4.0266645938018003e-01	   6.7359832760360316e-01	   7.1547492443082927e-01	   5.9688095138190655e-01	   5.5278082207334434e-01	   9.8717494133126604e-01	   6.7760205888962199e-01	   9.8489697955820865e-01	   6.9364002212614062e-01	   8.0029000803331829e-01	   6.5527413559631054e-01	   4.3637623912177348e-01	   6.5593399196027624e-01	   8.5806132840791505e-01	   9.5187981592838433e-01	   1.1627204008097476e+00	   5.7978912920200854e-01	   8.4745951558384958e-01	   2.2336622533022865e-01	   3.1805999106204502e-01	   3.4476710839890373e-01	  -3.2757298254805944e-02	   7.6753887836093393e-01	   6.2427186483768127e-01	   3.6915913086280516e-01	   3.3471505441133870e-01	   5.9478879686097230e-01	   6.5752353702104482e-01	   4.4029375242473134e-01	   4.6396234293691641e-01	   4.5922026471209171e-01	   2.7479813374281414e-01	   6.0129915185593619e-01	   2.4095505385475563e-01	   4.1434931502753902e-01	   5.4907368164331416e-01	   8.4309868061608118e-01	   7.5402918934735585e-01	   4.8619769474993169e-01	   2.6987366222979253e-01	   3.8772691090607092e-01	   2.8235342842541000e-01	   5.4022225700452553e-01	   7.6300938794075179e-01	   3.0784377535635976e-01	   3.7630068498964714e-01	   8.0597500007209755e-01	   1.3432402526487033e+00	   9.6363548655634357e-01	   1.0562212824503043e+00	   5.1333792812918988e-01	   5.2023667601949886e-01	   3.9166028495807981e-01	   6.1870885503127659e-01	   5.8205599968539434e-01	   4.9657392475979822e-01	   4.6803237281757282e-01	   3.9452451845664221e-01	   5.0723393686308382e-01	   6.3450050163037874e-01	   3.2196719831459653e-01	   1.6267795670243368e-03	   4.3902919188804174e-01	   4.5772757024131172e-01	   5.7924556116981973e-01	   8.3342516649544618e-01	   7.9681645342956442e-01	   8.0081180265635810e-01	   3.3896244242672446e-01	   4.8837992280464992e-01	   9.5890572515543870e-01	   8.0047021719353062e-01	   7.6202835400176538e-01	   4.8747743021148632e-01	   7.1623547819434297e-01	   4.3976117313375901e-01	  -1.4796963797143578e-01	  -1.6233267632623841e-01	   6.5838364391469495e-01	   5.2756443603609893e-01	   6.9406639917885715e-01	   6.3748903911646171e-01	   1.0025096285515025e+00	   7.3485128411836775e-01	   7.1715913117857610e-01	   4.4622208702753619e-01	   5.3692840947452092e-01	   3.4818762427004679e-01	   6.3271745429209902e-01	   5.8884963816239799e-01	  -1.7467067142394110e-01	   4.3349236511825578e-01	   5.2777525819158166e-01	   5.4768165164225791e-01	   6.9851051259470509e-01	   6.0439852428319396e-01	   3.4591353774641037e-01	  -1.4706626448139126e-01	
   6.1568147100177129e-01	   3.3900181714980709e-01	   9.0612399027199508e-01	   9.3812500684459610e-01	   1.3796205473627321e+00	   1.2912731803161686e+00	   1.4503604719431651e+00	   1.1267810923011772e+00	   0.0000000000000000e+00	   1.2613827100843171e+00	   5.4521096887504517e-01	   5.4006022608173221e-01	   8.4227039084187316e-01	   5.2760711408649363e-01	   7.6360785221098426e-01	   6.9542581920306956e-01	   1.5227082614663903e-01	   4.0826236363982048e-02	   5.2798955611881171e-01	   6.1291473392819773e-01	   5.7849535653399353e-01	   4.3505853439841174e-01	   5.6445145397465579e-01	   7.4446729633110176e-01	   6.2234821615906566e-01	   7.0405904207621184e-01	   7.4591800267270902e-01	   7.2290226767376342e-01	   4.4273354490514560e-01	   2.6090774947832324e-01	   5.4725104984195383e-01	   6.6565081193721276e-01	   5.7733712250709623e-01	   7.2572967172481329e-01	   3.7624396398899440e-01	   5.5784720530041265e-01	   1.6407184681962225e-01	   2.9340626052613161e-01	   2.7575296336580557e-01	   8.2163568591182099e-03	   5.6016889983291385e-01	   5.4230564663528180e-01	   1.7548890867961989e-01	   1.7419031558155298e-01	   2.9507472523762202e-01	   3.0607451851476614e-01	   1.0485845674457517e-01	   2.0658619647416085e-01	   1.9558025374530594e-01	   6.5947048192490268e-02	   3.7873072851919815e-01	   1.4444538817451694e-01	   3.6213362988768466e-01	   5.2177050781955903e-01	   5.8954002842941211e-01	   4.7180557835147807e-01	   2.7747438942269853e-01	   1.6839889144521808e-01	   3.6317622420922979e-01	   2.0021994855378558e-01	   6.1246115646381150e-01	   5.7342081277281509e-01	   6.4824331335824770e-02	   8.1158014417538463e-02	   6.9798672607765733e-01	   6.8177200228761503e-01	   5.7253950456998914e-01	   5.7410571462297300e-01	   5.0338631113855448e-01	   5.5298766122163956e-01	   4.2363695287885950e-01	   4.6644908992812140e-01	   4.1154773111922771e-01	   3.3456517219364507e-01	   3.7846990193365093e-01	   2.9571760234653077e-01	   3.2971794394144377e-01	   4.1770805909716802e-01	   1.6558733494837108e-01	  -2.9129921233894487e-02	   1.2909291750043458e-01	   2.5288533876217295e-01	   5.4362258026433241e-01	   6.1220488903705705e-01	   5.3255544354588424e-01	   4.9085573911629821e-01	   3.1933787619780413e-01	   4.3124968296282273e-01	   8.4430474962965762e-01	   6.5203460843574079e-01	   6.4373655143254171e-01	   6.0933160992635904e-01	   6.4643160014446865e-01	   6.0169760320838661e-01	  -2.0112604602072218e-02	  -3.6211944534671588e-02	   3.7283596679985187e-01	   2.4925921898683545e-01	   4.1712557530917382e-01	   4.8232107915531064e-01	   7.4704453482114419e-01	   8.6412897008167999e-01	   5.1587596521014722e-01	   4.1696627083669502e-01	   3.5891312097441286e-01	   3.8016349965368035e-01	   6.6510820736313880e-01	   6.2614648243328830e-01	  -1.0558295896240773e-01	   3.8720736990350341e-01	   3.5644002470080283e-01	   4.7784433976381357e-01	   7.6022369991950955e-01	   5.4121014525111533e-01	   3.6535103765686172e-01	   3.2525436625229755e-02	
   5.4437969089523341e-01	   2.7194737388584694e-01	   5.7897807207085683e-01	   8.6882039275276779e-01	   9.9762205508071100e-01	   1.3994825797458539e+00	   1.1775128192100508e+00	   1.2374906273411785e+00	   1.2613827100843171e+00	   0.0000000000000000e+00	   4.5780991829884043e-01	   6.1070067088887192e-01	   6.8908620006342203e-01	   5.8012119950273344e-01	   4.5117532808683813e-01	   7.0570513998768480e-01	   2.0722063751984607e-01	   3.9239357319570838e-02	   2.2252721310836554e-01	   4.1284871789536615e-01	   6.1843720496793919e-01	   4.8871088688995568e-01	   3.8508454085016197e-01	   6.4784093220359751e-01	   3.6627486260814002e-01	   5.3890604475084647e-01	   5.1652512306706266e-01	   5.5960173233117849e-01	   4.7131522506280321e-01	   3.6162673629297665e-01	   4.0637300287013384e-01	   5.7306529359988834e-01	   4.7414822776265564e-01	   5.9357366386270405e-01	   2.6967460269722587e-01	   4.6498642321829342e-01	   1.3386105296247647e-01	   2.4005630041925652e-01	   2.0208582953659260e-01	  -4.5511304242627573e-03	   3.9580663810646727e-01	   4.4075764016727093e-01	   1.6250153438505505e-01	   1.4124409901955401e-01	   3.0264506189151336e-01	   3.3636898747311333e-01	   1.8123103181482042e-01	   2.2092228588807045e-01	   2.0382390184557650e-01	   6.6849847476165472e-02	   3.4813246405508275e-01	   9.0495573805225965e-02	   2.9660752472950225e-01	   4.0874552670710113e-01	   5.1623756042588087e-01	   4.3122513567584908e-01	   2.5910586618758347e-01	   8.9454802050708299e-02	   4.0817903109413900e-01	   2.6970762669879400e-01	   6.7165862265622067e-01	   8.1138809787393118e-01	   2.5103429858012077e-01	   2.0341746318490772e-01	   5.8980429614507468e-01	   8.7588302193663836e-01	   6.1881099172918641e-01	   6.3454891442890682e-01	   3.3085109946798574e-01	   3.5110264934903879e-01	   2.8907238636399518e-01	   3.9756575994115295e-01	   3.3104195588990348e-01	   2.3801457755560471e-01	   3.0645353381803003e-01	   2.1623383188946385e-01	   2.8699092431801770e-01	   3.6688232551166383e-01	   1.9993530434934106e-01	   5.4385377223001882e-04	   2.1859620560239157e-01	   2.2854303247095628e-01	   3.9123658562378305e-01	   5.3925775062576065e-01	   5.0058815108199306e-01	   4.4782955389917156e-01	   1.2650622974779491e-01	   2.6181882796902545e-01	   7.1209141000319331e-01	   5.8696431569329088e-01	   5.9935235259694486e-01	   5.3924614882687105e-01	   6.4262902597274851e-01	   5.1283592612001727e-01	  -6.7047925474513645e-02	  -3.4428839222836544e-02	   3.6380173167670793e-01	   3.0288628494958114e-01	   4.0879769806442101e-01	   4.1291451604235974e-01	   7.6781039801513551e-01	   6.9209573945466318e-01	   5.6536723206087713e-01	   4.1509459172191498e-01	   3.7696713949488309e-01	   3.2958722330550866e-01	   5.2169185985361910e-01	   4.9943720078661402e-01	  -1.8018963713866640e-01	   3.9488730178900655e-01	   3.0337830054140275e-01	   3.6671016226948960e-01	   6.8236239242738272e-01	   4.3789559727372845e-01	   2.6062375174629349e-01	  -5.0342020456083367e-02	
   1.2354775852705810e+00	   8.3392792000804328e-01	   7.2902845110214831e-01	   6.9101405825261075e-01	   6.4343072139379287e-01	   5.9281570963965824e-01	   6.6268477434996198e-01	   5.6961433418835339e-01	   5.4521096887504517e-01	   4.5780991829884043e-01	   0.0000000000000000e+00	   8.8265499163355365e-01	   1.1982021134360226e+00	   8.2596526295960770e-01	   9.0881142664035719e-01	   7.9774028913697814e-01	   3.3221208398584107e-01	   5.5353644204574048e-01	   8.4894020947115878e-01	   7.5564628259674127e-01	   2.8788535203708560e-01	   2.1606157144795793e-01	   4.3819056375169274e-01	   5.2914376612271941e-01	   5.0237734778008314e-01	   4.8142216854937725e-01	   8.1433565977594835e-01	   7.6347678570285527e-01	   4.9082375431768599e-01	   4.5225067789758516e-01	   3.6206381677849619e-01	   3.7829922446698416e-01	   7.6122429145102710e-01	   6.4579492690803275e-01	   2.7262146242617569e-01	   3.3446001542864634e-01	   2.2200993743396763e-01	   3.2787194519987595e-01	   4.4263783105803495e-01	   2.1551961546712955e-01	   6.2489034263473153e-01	   3.8573242373551075e-01	   8.7839774759863876e-02	   9.4731625792412885e-02	   8.6327816310555874e-02	   1.7258602620189284e-01	   1.4159624620195638e-01	   1.4515417281829834e-01	   3.0245362863400360e-01	   3.1368078835216584e-01	   8.7840074604094276e-01	   6.6222067431627318e-01	   8.4108695705076020e-01	   7.7502094207365335e-01	   8.3426380502510455e-01	   6.2979559900323279e-01	   7.2055427344003609e-01	   6.9235841053898617e-01	   7.5675557682577321e-01	   4.2120251248583934e-01	   8.0913645131951661e-01	   3.6648249725316440e-01	   3.8075885950168126e-01	   3.1319331407797690e-01	   3.0654015903813048e-01	   4.3744524283659170e-01	   5.7509166238582154e-01	   4.4377592382331904e-01	   6.6765950697531973e-01	   6.9536352942422841e-01	   5.4544338568557349e-01	   3.8433623457585503e-01	   6.8689762544684552e-01	   5.9294589898906891e-01	   6.8635793385327082e-01	   4.3029167936521406e-01	   6.7941008415924942e-01	   6.9085914902561985e-01	   2.2890010650870060e-01	   4.7548382198062361e-01	   4.5272978048513729e-01	   7.3615857075532598e-01	   7.5344931359265244e-01	   8.4144517098233973e-01	   7.9544507246315399e-01	   6.9988481591880380e-01	   5.3386677487432121e-01	   1.0557056831327589e-01	   8.1935148801307289e-01	   8.6250213265114350e-01	   4.1551060581198107e-01	   2.4477700163028196e-01	   3.3108173543382652e-01	   3.2298839563115561e-01	  -1.1253336182438316e-01	  -1.2247442279387177e-01	   3.5239813154946181e-01	   4.2221687109397227e-01	   3.4165643281951091e-01	   3.3031282883984986e-01	   5.2665137579501198e-01	   5.5287456423575820e-01	   4.4949855234183239e-01	   4.0258252532715877e-01	   4.8740657523057762e-01	   3.7500259160994998e-01	   3.0325413833341186e-01	   3.0438343658397221e-01	  -2.8766199059004401e-02	   1.8799631493106636e-01	   1.6391994667401821e-01	   2.6125909798247021e-01	   3.8768797977296710e-01	   5.4025540320732057e-01	   4.1365581589801365e-01	   1.0603086050822760e-01	
   1.0438491394875113e+00	   1.1753377686946473e+00	   4.3069632859903362e-01	   7.9874572901925978e-01	   5.2894597603630678e-01	   8.5329790113981485e-01	   6.6364651990875223e-01	   8.5612599801314215e-01	   5.4006022608173221e-01	   6.1070067088887192e-01	   8.8265499163355365e-01	   0.0000000000000000e+00	   8.9109789130448680e-01	   1.5365261489708173e+00	   6.6416199815954502e-01	   1.1005496783443534e+00	   5.3873788813570289e-01	   5.9472531705519549e-01	   4.5181822885995870e-01	   6.7260924586095605e-01	   5.6792508801771979e-01	   4.7146440595028027e-01	   2.7707802338920162e-01	   5.6818176963394940e-01	   3.7264276562702331e-01	   5.5452894615501602e-01	   6.8279763455350084e-01	   8.0976324649233167e-01	   6.4897073890257695e-01	   5.4056563656354595e-01	   3.4190171574788553e-01	   4.0246388202551231e-01	   6.5962506655941922e-01	   6.5244820247491764e-01	   1.9027018035727966e-01	   3.3725326379489323e-01	   2.4577869729341081e-01	   3.5748342024107560e-01	   3.2499636183776831e-01	   1.4105182573751140e-01	   7.7989634909122441e-01	   7.0475748678448258e-01	   1.0718418084724964e-01	   7.3131388135554906e-02	   2.1435145111208481e-01	   3.2688280985308321e-01	   2.7456684897057082e-01	   2.2193880884840428e-01	   3.9163132073517726e-01	   4.7148404937504346e-01	   9.1546689007976267e-01	   6.7261569266837617e-01	   1.0778403313568363e+00	   1.0256671188443818e+00	   8.8388128531941224e-01	   8.5940491021457122e-01	   8.6809196640771813e-01	   9.0387599012978703e-01	   7.4241433671162582e-01	   6.5248731368559543e-01	   7.9232094853419188e-01	   8.7910998449179445e-01	   4.2981110763437036e-01	   7.2506274034564222e-01	   2.0357736264253642e-01	   6.9457424835287496e-01	   5.8408390557508105e-01	   5.5211964055296514e-01	   4.3356549621065421e-01	   5.9477355781225172e-01	   4.5055274301991882e-01	   6.2210778786733878e-01	   7.4048972004981573e-01	   7.0713026735992390e-01	   5.8569983673664860e-01	   4.4693441914785564e-01	   6.1686566365805418e-01	   7.5399049862695589e-01	   3.8216901580049345e-01	   1.8304285522550098e-01	   6.1265265947042147e-01	   5.9040446022582782e-01	   5.3242770531748673e-01	   7.8053714356892423e-01	   5.4402472008023794e-01	   8.3201420711293594e-01	   2.9135758845899462e-01	   1.6574439320748133e-01	   6.0744081105982106e-01	   9.7670567077549675e-01	   5.3871554629233898e-01	   2.3767305978432351e-01	   4.3158348655087070e-01	   1.8611519787074726e-01	  -2.4771257698517624e-01	  -3.4306997228570818e-01	   3.8843080206601349e-01	   4.2302396921770480e-01	   5.1248126172199571e-01	   4.1427843931738006e-01	   6.1862954415271765e-01	   4.7298622464308326e-01	   5.5635830443940515e-01	   2.9726310233050790e-01	   4.5696860728124106e-01	   2.4820281597780469e-01	   3.7845045156857754e-01	   3.3586732613612008e-01	  -1.7106661378308427e-01	   1.9424386448012526e-01	   2.0556607167805713e-01	   3.6611109576190259e-01	   4.9546447232015883e-01	   4.7323950820364286e-01	   3.3340504552019556e-01	  -4.2927975212601298e-02	
   1.0567482474086887e+00	   6.2265298893626508e-01	   8.6934318588655657e-01	   9.4013013888268693e-01	   8.5324867294514684e-01	   8.8627394845234098e-01	   9.6827244956534453e-01	   8.3143477139254429e-01	   8.4227039084187316e-01	   6.8908620006342203e-01	   1.1982021134360226e+00	   8.9109789130448680e-01	   0.0000000000000000e+00	   1.1379919464959292e+00	   9.9629802229741982e-01	   8.5681814373708742e-01	   2.5458291177475950e-01	   3.1042355466934701e-01	   6.6825824463762340e-01	   6.4315663328282802e-01	   5.9885180220412426e-01	   4.2408485014343922e-01	   5.5200661863637979e-01	   6.9118483605159065e-01	   6.5478037546911949e-01	   6.9228199441953642e-01	   1.0127675927693236e+00	   1.0450784919450526e+00	   4.7107496092593310e-01	   4.3993083271136890e-01	   4.9580935388483943e-01	   5.4386894314356193e-01	   8.5635485281349333e-01	   8.7048584567048537e-01	   4.7736877341836415e-01	   5.9049273462449769e-01	   4.2622476458334835e-01	   5.2565498927061882e-01	   6.3311523007778103e-01	   2.7586297494169387e-01	   7.8982411792330076e-01	   6.3126136471311745e-01	   8.7286836040679439e-02	   5.4842127862481681e-02	   1.8147725376096488e-01	   2.4920754807285916e-01	   9.7551286237835641e-02	   1.2520402002882983e-01	   2.1231562114281546e-01	   1.4281855040340324e-01	   6.3718418412244604e-01	   3.4255488036456788e-01	   5.9038097670152545e-01	   6.3260996508003287e-01	   7.9778039621932961e-01	   5.7539292645361451e-01	   5.4250495302778923e-01	   4.8767108718852936e-01	   6.2020935864806570e-01	   3.2648606627107873e-01	   9.2133612500801765e-01	   5.5333268506290190e-01	   1.6396056801068029e-01	   2.0375882815193538e-01	   5.7056256228538460e-01	   7.1178589988766916e-01	   6.8372423311848163e-01	   5.9771402752816727e-01	   6.8580387783918006e-01	   6.4558852067884731e-01	   5.5847540945346386e-01	   5.5368781888848395e-01	   7.1679338488226352e-01	   6.3276608222588426e-01	   6.8095747414588903e-01	   4.7235617500326055e-01	   6.2042945924723991e-01	   7.3938942027803034e-01	   2.4996206092520395e-01	   2.9251738543424527e-01	   3.2003672610582751e-01	   5.0759668112523992e-01	   6.2915324925088900e-01	   8.3878126872971459e-01	   7.5020096449168905e-01	   5.6126552758918158e-01	   5.8530158637259577e-01	   2.5506496657287481e-01	   1.0096967660047917e+00	   9.1123580983796204e-01	   5.1606154973386298e-01	   3.6986471584576930e-01	   4.7236400290256109e-01	   4.6376152678819099e-01	  -4.1692843497890347e-02	  -3.7463551737971973e-02	   4.4850658103946517e-01	   4.3455091646155242e-01	   3.6211479113932504e-01	   3.6699170542647530e-01	   6.8008243460246898e-01	   7.4431326563704259e-01	   5.4717261944566187e-01	   4.6552528340173893e-01	   4.7504316557618820e-01	   3.9401255218531928e-01	   4.5715736155107539e-01	   4.1333991118301111e-01	  -4.9854453980380631e-02	   3.8214276364100713e-01	   3.0899037446378741e-01	   3.4486406233257899e-01	   5.6107975005062949e-01	   6.5084888771159621e-01	   3.9472175048379005e-01	   1.8514523262547466e-01	
