   0.0000000000000000e+00	   9.9306522767130778e-01	   9.0526820393527518e-01	   7.9397933710116586e-01	   5.7043831427154668e-01	   4.0018619448571047e-01	   8.1309783180190454e-01	   6.3708001283431337e-01	   5.4553811617686687e-01	   3.2072338197438055e-01	   6.8914987158795138e-01	   3.0639157892909441e-01	   6.3324344228904017e-01	   4.2614713939888743e-01	   8.3225686914403996e-01	   5.9839988589358206e-01	   6.0480398163407589e-01	   5.5486089065324329e-01	   8.1151912354887790e-01	   7.7316465479439178e-01	   4.4981207284532332e-01	   2.6271438058114083e-01	   4.9617917914274623e-01	   5.9619708664619653e-01	   4.9971704725267774e-01	   5.7253716347343919e-01	   4.6693441149494547e-01	   4.6350980279299642e-01	   4.6973070808988299e-01	   4.4819768640903401e-01	   4.6049228088399885e-01	   4.5389739423946956e-01	   6.1708383933276501e-01	   5.6917106963422581e-01	   2.8477302291517004e-01	   3.1185943993433957e-01	   8.0082990527288428e-02	   1.9350204424639256e-01	   4.7427263021758115e-01	   6.8191700038914094e-01	   6.3994378255380413e-01	   2.4474441962324028e-01	   6.6291314420711123e-01	   5.7404772408983418e-01	   5.4898640934366671e-01	   5.7243081201746693e-01	   7.0752180030427314e-01	   6.6904608256030751e-01	   4.8495344253857486e-01	   4.1096002895873035e-01	   3.5032125871882969e-01	   1.9329137435624330e-01	   3.1013927247032774e-01	   4.4232148981623109e-01	   6.5205967519558139e-01	   7.4088346412618344e-01	   1.0664964225380114e+00	   8.4050071607793841e-01	   6.4896877574666079e-01	   3.9699379364323656e-01	   7.1395815722861655e-01	   2.5216583940984821e-01	   6.6071674764323785e-01	   5.4702525207220964e-01	   3.6520619294395124e-01	   2.2115328019607425e-01	   5.2900474553223442e-01	   4.1583745418476764e-01	   5.7530182503441019e-01	   4.8810754327694778e-01	   7.8566934872995675e-01	   6.9469848524342848e-01	   4.8233502661129513e-01	   3.2759505993737814e-01	   3.3164826206296377e-01	   2.3814538157654053e-01	   6.6618303750090269e-01	   3.9925059153387565e-01	   5.2244142816422456e-01	   5.5410142323584721e-01	   6.0524896747505019e-01	   6.8200935850770494e-01	   7.7090227416495982e-01	   9.7324078573551676e-01	   6.6578236657637047e-01	   7.8878841678828127e-01	   8.5398439464514364e-01	   8.1259997066272471e-01	   9.2048561279324737e-01	   8.7738817936367497e-01	   5.0672417416751581e-01	   3.4831331050185643e-01	   3.6328824695829826e-01	   4.7207609319511068e-01	   1.0327910534311072e-01	  -1.8623085794313095e-02	   4.8047006526943853e-01	   5.2302006185334393e-01	   6.7221191433790373e-01	   8.2256826696539509e-01	   3.2296684917593327e-01	   6.6687763595122573e-01	   3.1711263234708448e-01	   6.9933613311018927e-01	   1.6613590373343667e-01	   2.4481989786329966e-01	   2.0349332999733383e-01	   1.3188996556440824e-01	  -2.0086218493086283e-02	   3.4497542086074667e-01	   2.3414209701403083e-01	   5.6217878269998600e-01	   5.2570723433311461e-01	   1.6066285752103657e-01	   4.9209657026533090e-03	   1.9455916211770061e-03	
   9.9306522767130778e-01	   0.0000000000000000e+00	   5.7201378490672283e-01	   5.9536345380670053e-01	   4.8008632908652610e-01	   4.7424873182388927e-01	   5.2440620782894842e-01	   5.2810520102317660e-01	   4.5653044868636522e-01	   4.1167447297160920e-01	   4.9419272392425728e-01	   3.6316936765176044e-01	   5.2575127787346632e-01	   3.3410523103226741e-01	   5.7415099776260992e-01	   5.3887251006732995e-01	   6.3103443813130367e-01	   7.9110240042476454e-01	   5.5152656304868686e-01	   5.4683456348735171e-01	   3.3411480885240841e-01	   2.2007672178992782e-01	   4.2977691495513481e-01	   5.1445978791119018e-01	   4.8720247110770898e-01	   5.4501348913128389e-01	   3.3234923102901970e-01	   3.3886423728297621e-01	   3.8299111770453903e-01	   4.2718646515787589e-01	   5.1959979460918082e-01	   4.9732934261970452e-01	   5.1241770015239707e-01	   5.3510909518340299e-01	   4.0956451070662725e-01	   4.8380230549328129e-01	   1.9057748456110479e-01	   2.0432049980148181e-01	   3.0341091343554949e-01	   5.8234659691578650e-01	   7.4157055387636472e-01	   3.8470890211086328e-01	   4.9963819178461616e-01	   5.0020956027865393e-01	   4.6415043536716549e-01	   5.0324421367285477e-01	   5.8304508752649764e-01	   5.5749275099881213e-01	   4.6579341010222219e-01	   4.9119505068488045e-01	   3.1323096470102285e-01	   2.4684348857859079e-01	   3.8104630143340745e-01	   4.6425441275776441e-01	   5.6035511192814247e-01	   6.9121592483430616e-01	   6.6887291177517694e-01	   1.2854877413308381e+00	   4.0741031249942311e-01	   3.5398054420640357e-01	   3.7374894790307556e-01	   3.6382022163883670e-01	   5.1042258764441184e-01	   4.7859719565257786e-01	   3.7200302081769643e-01	   3.4896125692335328e-01	   2.8191115604074823e-01	   2.6638266819540485e-01	   3.4093905916982709e-01	   4.1797176598583019e-01	   7.3289976830666825e-01	   7.2658463760641723e-01	   5.3353074791217969e-01	   5.4553376353309613e-01	   4.6695922017032210e-01	   4.6158683990512506e-01	   6.1851308178815867e-01	   5.6302668272429557e-01	   5.3840566191527106e-01	   6.9773312441039292e-01	   6.4888937390320511e-01	   7.2048636970656033e-01	   8.2657220903239359e-01	   7.7981442231131270e-01	   7.4359316785604412e-01	   7.3959901291977970e-01	   8.3836133254940193e-01	   6.0386635960176538e-01	   7.7856004651184418e-01	   9.1020196415451360e-01	   5.9886731252747616e-01	   3.6628069156012216e-01	   5.0561194208896576e-01	   4.0607054721743618e-01	   1.1247239394080816e-01	   5.6774223932653679e-03	   5.7726229403909990e-01	   4.1704462031381478e-01	   6.4766496976835541e-01	   6.3276195968319049e-01	   4.8167850006630458e-01	   4.5807209465732673e-01	   4.1000697083447374e-01	   5.0430288537429802e-01	   2.6791536326907067e-01	   2.4818435694366958e-01	   2.3012577549884972e-01	   1.4390449912384781e-01	   9.5935536658810869e-02	   3.4229884704390795e-01	   2.4694791856332318e-01	   4.5786912034610766e-01	   4.9385774118090375e-01	   7.7089961656124362e-02	   2.7580331426840142e-04	   1.2155178915259711e-01	
   9.0526820393527518e-01	   5.7201378490672283e-01	   0.0000000000000000e+00	   1.1982691452319834e+00	   4.0016315541271941e-01	   2.1378032950087750e-01	   1.4640508069261544e+00	   8.1220401364850447e-01	   6.5550272822080557e-01	   2.6923471065565574e-01	   3.5449881218706114e-01	   1.4705408154054500e-01	   5.1790410172662837e-01	   3.6849036863359763e-01	   8.9242701570560579e-01	   5.5982985461173329e-01	   2.8047681846205197e-01	   3.5338049455229287e-01	   8.3025527415230638e-01	   4.8885195635518480e-01	   2.2059737736671736e-01	   2.2211996122711710e-02	   1.0331035442828238e+00	   8.4862258959520942e-01	   4.2428002125455194e-01	   4.7296811414216844e-01	   2.2662723585341504e-01	   1.9457367600636688e-01	   4.4428910551110290e-01	   3.8334633006319596e-01	   9.1260321653353460e-01	   7.7041889533448560e-01	   6.0847294969534205e-01	   6.1680498397421224e-01	   3.5380947946950886e-01	   3.1974950261608326e-01	  -4.9609941101988034e-02	   3.8047512833008315e-03	   2.5010805690879273e-01	   4.5622453277234615e-01	   2.8857233689024525e-01	   1.0060130555503026e-01	   6.1084603938604087e-01	   4.8700660387116218e-01	   4.9925255730535489e-01	   5.1994739387957789e-01	   5.9136166090632636e-01	   5.9541303733729500e-01	   4.0876923139583249e-01	   4.1852389376574906e-01	   4.0808059013698683e-01	   2.9028714633414227e-01	   2.9013475009380663e-01	   5.4734750357872808e-01	   5.6496818630496093e-01	   6.4494490154367734e-01	   4.3112587291836435e-01	   5.9549021572790972e-01	   4.0536630419381658e-01	   2.3540319667788484e-01	   6.5085944191409972e-01	   2.1607923037263527e-01	   5.5854223712374462e-01	   4.2482680101270187e-01	   7.7246319200953883e-01	   3.7642877519947038e-01	   4.8125938564447535e-01	   4.3360902974018639e-01	   4.1173285796583270e-01	   3.7606104600794871e-01	   7.6182737569623260e-01	   5.6535913548752903e-01	   3.1337059224762615e-01	   1.2748143717686988e-01	   1.5380065460433345e-01	   4.4378225920322041e-02	   5.6958662018884443e-01	   4.2773906067389833e-01	   2.7914168610107504e-01	   2.7331384485942417e-01	   2.8493572454540245e-01	   3.9876408080320130e-01	   8.8814262554785217e-01	   7.7460707989719635e-01	   6.2126687075657883e-01	   7.3848508756280706e-01	   7.4697524240465019e-01	   5.5661940334718585e-01	   8.5901130994557007e-01	   7.2562128290474037e-01	   6.1349988468579209e-01	   6.5115652725241968e-01	   4.9583536941258705e-01	   7.5989710863298465e-01	   5.0862154101724760e-02	  -1.3737034083113131e-01	   3.9442956731983930e-01	   3.0636549378858813e-01	   6.5714088386373581e-01	   8.3324006790493221e-01	   4.9993898814138005e-01	   1.1248604131906275e+00	   4.7990639552100689e-01	   8.9484560709533567e-01	   3.6227680501610260e-01	   3.6137533987160814e-01	   2.9365342554463270e-01	   5.4677176573839625e-01	   1.5216664225643955e-01	   3.8277501837145844e-01	   1.9025646740946567e-01	   5.7011909639209346e-01	   6.7760742742531843e-01	   1.9499560453819692e-01	   8.5608532659892683e-02	   1.8162546081350842e-01	
   7.9397933710116586e-01	   5.9536345380670053e-01	   1.1982691452319834e+00	   0.0000000000000000e+00	   4.8924490648694718e-01	   4.3893512952609026e-01	   1.1090364318755670e+00	   1.4057843952505671e+00	   7.0372513842778617e-01	   5.9405439654078807e-01	   3.0638049713808724e-01	   2.7628217099547059e-01	   5.4632645199753871e-01	   5.5765335106094882e-01	   9.2143785787546850e-01	   8.0798936999971527e-01	   2.1871172132784752e-01	   2.7441068856424800e-01	   6.5645132348317803e-01	   4.4209185067511270e-01	   2.5041884341676646e-01	   8.0045520288147445e-02	   8.4100722525103533e-01	   1.0813849838464007e+00	   4.2059700907611880e-01	   5.6962247798692933e-01	   2.4304789790966805e-01	   2.4314499544324075e-01	   3.3448516259656902e-01	   3.1335177776801404e-01	   8.5749995815385072e-01	   9.8017771030733913e-01	   4.9455858702049293e-01	   6.1627202350628840e-01	   4.7252126884019691e-01	   5.5978696200494060e-01	   1.0210387016418267e-01	   7.2186726185921979e-02	   3.3948485444603921e-01	   5.5907520299801661e-01	   4.2028508563329808e-01	   2.4325668993631377e-01	   4.6100287012218893e-01	   3.5796687107595104e-01	   4.6553040814746083e-01	   4.6832161890233320e-01	   4.9796181240696119e-01	   5.2620142924213886e-01	   3.6375244137787066e-01	   4.6258143663026086e-01	   3.4761814109524386e-01	   2.7174151276041508e-01	   3.3506865196610203e-01	   5.1203364505593962e-01	   5.6197484203030823e-01	   5.5943032255437419e-01	   3.3157134714409991e-01	   5.8731530946976029e-01	   3.7377254402350163e-01	   4.5457079849559434e-01	   5.9096911379209172e-01	   5.9713478111312024e-01	   3.4036134844518978e-01	   3.6067046998545771e-01	   7.9740379885613522e-01	   7.4795416520157565e-01	   4.6381469646428264e-01	   5.6093049233181491e-01	   3.7453278449324584e-01	   5.1408752787532519e-01	   8.4220465798802147e-01	   8.0082256978913235e-01	   3.7334587962699783e-01	   2.6726059150068832e-01	   2.7158673896284324e-01	   1.6620020775031652e-01	   5.7935396021459207e-01	   5.7778144177811497e-01	   2.7180486708281809e-01	   2.6205202596824606e-01	   2.7588864866449231e-01	   4.1227885344587079e-01	   7.2853732719025333e-01	   8.6567004898021072e-01	   6.0574067337759030e-01	   7.3595600692377938e-01	   7.1995823841732398e-01	   6.2950125254674827e-01	   8.4914596813498799e-01	   7.0275328150919203e-01	   6.0810271914032055e-01	   4.3427365297270987e-01	   7.5069329987354039e-01	   5.0382176203522833e-01	   4.4807112360856674e-02	  -1.7276149768531052e-01	   2.9246619057883699e-01	   1.5734764619932282e-01	   5.7709859939023445e-01	   6.1419047374848645e-01	   6.5744305800966685e-01	   7.7530030951501461e-01	   4.6417691420067142e-01	   7.0684621821645910e-01	   3.8814773775541522e-01	   2.7511811148872123e-01	   3.3414394793877872e-01	   5.3206136210168831e-01	   2.3395056802844846e-01	   2.4280499730584773e-01	   4.5869992316015983e-02	   4.2847612031820270e-01	   6.2605841240492355e-01	   1.7718111630001965e-01	   3.8829181289832461e-02	   9.9909249548123774e-02	
   5.7043831427154668e-01	   4.8008632908652610e-01	   4.0016315541271941e-01	   4.8924490648694718e-01	   0.0000000000000000e+00	   1.5141333979441784e+00	   3.5558683167194804e-01	   4.3319181593735445e-01	   1.0996165141625516e+00	   1.0054271090381686e+00	   1.7661701968605087e-01	   1.1213906467764825e-01	   3.1001297180868609e-01	   1.4010875958772234e-01	   6.4523722507441228e-01	   4.4228550574084657e-01	   1.5746443991897910e-01	   1.2361390018532062e-01	   9.0175445732998752e-02	   7.2246953859035554e-02	   1.1180493445602639e+00	   7.9926630084344386e-01	   2.5709251739582317e-01	   3.6961196433757437e-01	   1.3097021150264045e+00	   1.3617816032051360e+00	   1.3684281846020481e+00	   1.2557611274852616e+00	  -2.3190542208985112e-02	  -1.8551441270935717e-02	   1.4240070549064082e-01	   1.3713768111185973e-01	   2.7700424828633035e-03	   2.8044555952340965e-02	   1.2280169917257810e-01	   1.3610794427987766e-01	   3.2977433628566433e-01	   4.4956782156538672e-01	   5.6967267646298159e-01	   8.7498495126096754e-01	   8.4117757030458684e-01	   4.5112558770806965e-01	   2.7244448709466529e-01	   2.3835667073613942e-01	   3.5505258122093397e-01	   2.8914030326645401e-01	   3.7648196152000479e-01	   3.0290545478287095e-01	   4.1138613276050073e-01	   3.3978096593798995e-01	   2.7308671657960143e-01	   1.9094978405575805e-01	   3.8301230712647943e-01	   3.9261562076574169e-01	   4.4015379058860837e-01	   4.5445191814002905e-01	   4.0953373880281774e-01	   3.4435834723584224e-01	   2.8553727574292648e-01	   5.1728944903663054e-01	   2.0649049655488025e-01	   4.0469856189928721e-01	   1.6703939970939302e-02	   2.0580036971649503e-02	   2.3352803571423522e-01	   3.8719407843136688e-01	   1.3365246021021485e-01	   1.8456139054653012e-01	   5.8497776932607971e-02	   2.0308550520626104e-01	   5.9233738742629882e-01	   7.1172774821083462e-01	   1.4587247684086493e-01	   1.5877722573964295e-01	   1.0347362703085600e-01	   7.3721501371056319e-02	   1.7257433092134386e-01	   8.8780945329441183e-02	   1.0850104572473968e-01	   1.8024550599914918e-01	   2.1879146440363176e-01	   2.4892144423511575e-01	   3.0627403899674782e-01	   4.2747006504639379e-01	   2.7503767820456732e-01	   3.0607065577441134e-01	   8.5504590139690317e-01	   9.6368408729056465e-01	   7.4132612479311011e-01	   6.2917574786610964e-01	   1.7993562610718272e-01	   2.1462588857369450e-01	   2.4931558591663233e-01	   4.0668091982745480e-01	   1.9552935678952663e-01	   2.2094820495396716e-01	   2.6805287178340714e-01	   1.4757688538353950e-01	   3.1763573695623215e-01	   3.5545461606882522e-01	   1.3767365707160500e-01	   2.5957096924236822e-01	  -1.3355946141418936e-02	   1.1581742890656400e-01	   9.4782399142469997e-02	   2.0082296286632842e-01	  -1.8014215046700266e-01	  -2.2037272373451780e-01	   3.6991695264577068e-01	   2.5753264699744088e-01	   7.1076926236861127e-02	   2.1878839534045855e-01	   3.8740947491281219e-01	   1.0264636101143136e-01	  -1.0395512202561995e-01	   7.9494793103892306e-02	
   4.0018619448571047e-01	   4.7424873182388927e-01	   2.1378032950087750e-01	   4.3893512952609026e-01	   1.5141333979441784e+00	   0.0000000000000000e+00	   1.9207142781859224e-01	   4.3262810559976034e-01	   8.7927295126652716e-01	   1.3672041760612506e+00	   8.6944377790622751e-02	   8.8396254845863623e-02	   2.5748521228938220e-01	   1.3404766653658876e-01	   5.2714240654318700e-01	   4.9458586033469787e-01	   1.0866020134083239e-01	   7.6672633226089151e-02	   2.0714937596297757e-02	  -7.6548298918076782e-03	   8.4129681113190924e-01	   7.6819144279819584e-01	   2.1894017964636805e-01	   4.2006588211693413e-01	   1.1254566529186578e+00	   1.2307660991259770e+00	   1.0146908272029704e+00	   1.0049232051342767e+00	  -1.2368246579832161e-01	  -1.0317305373039810e-01	   1.1911980537959307e-01	   1.6082126103408828e-01	  -9.0960534360533848e-02	  -6.9801789176869300e-02	   1.5562317906039269e-01	   2.4818392793860394e-01	   4.7457972285079325e-01	   5.5112513227448912e-01	   5.3482647605275768e-01	   7.9004022125483253e-01	   8.4625766182076700e-01	   5.6471163110935607e-01	   1.1448363778721474e-01	   1.1752796984749314e-01	   2.2629986939372232e-01	   1.6451552055889884e-01	   2.2852264643605211e-01	   1.7196304494010145e-01	   2.5713584837157344e-01	   2.7107414648128558e-01	   1.2414574667542549e-01	   1.0960992236273659e-01	   3.1212967175195189e-01	   3.8099290179459933e-01	   3.0185144226204347e-01	   3.0494577627949565e-01	   2.8781185261761066e-01	   3.0448025656026068e-01	   6.9106826731574408e-02	   4.2951564224385735e-01	   2.6775236005735316e-02	   4.5900017724736086e-01	  -1.2253009056933001e-01	  -1.1414451356952683e-01	   2.1473126104668910e-01	   5.0968364261947063e-01	  -6.4504586875986751e-03	   1.0450875179135669e-01	  -3.6950545612948059e-03	   2.1469535779383553e-01	   4.7298012760457747e-01	   7.0026341019706029e-01	   9.9972392276888533e-02	   1.8184735531254992e-01	   1.2354571048666541e-01	   1.3090943019556700e-01	   1.2065063799415120e-01	   1.2224138705334027e-01	   7.3192930344575968e-02	   1.2790897031144166e-01	   1.6681833336657090e-01	   1.9512170814476401e-01	   2.4229172811606625e-01	   3.2434241754378662e-01	   2.9394489654570727e-01	   2.5810907701533409e-01	   6.3512583883871565e-01	   7.5310488580350310e-01	   6.8461938981586612e-01	   5.8502168507605357e-01	   2.4584912729837696e-01	   2.2597797271840736e-01	   4.1506133187851607e-01	   3.1050509624647793e-01	   2.3344127733576719e-01	   2.5072409098722037e-01	   1.5106457456211392e-01	  -1.8972166573624341e-02	   2.3023930076828308e-01	   1.9651619234471690e-01	   2.2400202649720455e-01	   1.3121042086606621e-01	  -2.1448262365584239e-02	   1.4203872750336494e-02	   2.0928987353049477e-01	   2.4754074699831652e-01	  -2.1257398421395263e-01	  -1.9737165615276187e-01	   3.5073081410285051e-01	   1.7514392365474560e-01	   1.3635739120922228e-02	   1.4351322964026669e-01	   3.2551782241398780e-01	  -9.7374599512714041e-03	  -1.3432660635753635e-01	   1.3682402406269012e-01	
   8.1309783180190454e-01	   5.2440620782894842e-01	   1.4640508069261544e+00	   1.1090364318755670e+00	   3.5558683167194804e-01	   1.9207142781859224e-01	   0.0000000000000000e+00	   1.1852149189225885e+00	   7.2526736844765338e-01	   3.4779769792097603e-01	   4.5531599931449518e-01	   4.0831615642605912e-01	   7.4878585162392508e-01	   6.5204557488916692e-01	   9.2224161172749131e-01	   8.0821198956518725e-01	   2.5001195977011437e-01	   3.4358538295712554e-01	   7.0699022261508038e-01	   4.4738038574977984e-01	   1.5817839708026984e-01	  -8.6393992345079287e-02	   6.7823755499376104e-01	   6.8677073341750527e-01	   2.5507111418121109e-01	   3.4845738707400803e-01	   1.2056493226953272e-01	   7.7364551653366420e-02	   6.3203835217988502e-01	   5.4205366078558392e-01	   1.0011843181913351e+00	   9.4108460347655809e-01	   6.7953913420556311e-01	   7.6005203218426343e-01	   3.1954494296854102e-01	   3.5232498535197537e-01	   1.2843905890232698e-02	  -4.2629062363989945e-02	   1.7634567553452934e-01	   3.0687266267727614e-01	   3.4068762691655258e-01	   9.7767612546178287e-02	   6.1074645140015416e-01	   5.2363051080730172e-01	   6.0987797744390759e-01	   5.9649708606267371e-01	   6.3191610298302847e-01	   6.3469328118702140e-01	   4.8335172834534745e-01	   4.7718698153755357e-01	   4.1238111634760927e-01	   2.8759645356868035e-01	   3.2639172838026620e-01	   4.6644607013795908e-01	   6.1304491628284419e-01	   6.1929855261039324e-01	   2.9348201386805151e-01	   4.6159516136415624e-01	   4.9921137687471406e-01	   3.1188519251922631e-01	   8.3575305134420375e-01	   4.3005674980938352e-01	   4.3344725343715329e-01	   4.2716987260758849e-01	   7.5836970820235572e-01	   4.4275478410908464e-01	   5.4649577940425909e-01	   4.9155285857443443e-01	   2.4912301558379649e-01	   3.1973819532341685e-01	   7.4564150500768445e-01	   5.0495322167525569e-01	   4.1550462631439122e-01	   2.5326926932108174e-01	   2.9559668405641126e-01	   1.9147163417080129e-01	   5.8738563764429708e-01	   4.9072156482294527e-01	   3.4901813122290831e-01	   2.5943706526444976e-01	   2.3651162574609813e-01	   3.7078364303339062e-01	   8.2664135251534032e-01	   7.3544216454073341e-01	   4.8983247106063849e-01	   6.4305236665391674e-01	   4.9806480476436399e-01	   3.4973861092280883e-01	   6.5898177464415197e-01	   5.7515335514369148e-01	   6.4351274432435457e-01	   6.7096787211700104e-01	   5.8443816056326658e-01	   7.0280131057363004e-01	   3.0686550659625472e-02	  -8.5855261407666819e-02	   3.6985297692210767e-01	   3.0456370381641723e-01	   6.9814791634916873e-01	   8.0265346070708710e-01	   6.2101794864305671e-01	   9.3968190525392781e-01	   4.7131068751887029e-01	   8.0710351949205505e-01	   3.4419927099029612e-01	   2.8870018659175167e-01	   4.2240057784065926e-01	   5.2318900922611566e-01	   2.0734888850698091e-01	   3.7057584749010131e-01	   1.7109243274413366e-01	   5.7070039542507334e-01	   8.0247677529422590e-01	   2.1035641509529768e-01	   1.5270336148751085e-01	   1.6318471027637727e-01	
   6.3708001283431337e-01	   5.2810520102317660e-01	   8.1220401364850447e-01	   1.4057843952505671e+00	   4.3319181593735445e-01	   4.3262810559976034e-01	   1.1852149189225885e+00	   0.0000000000000000e+00	   7.7410987074008930e-01	   7.4223352086138916e-01	   3.3040794438847426e-01	   4.8936867970875580e-01	   6.6705073235515566e-01	   7.4978878833813845e-01	   7.8418367963394342e-01	   1.0025993047771555e+00	   1.6549204871647813e-01	   2.3736941381781429e-01	   4.4609405974307026e-01	   2.9842205414510392e-01	   1.2745269398354059e-01	  -2.3011770518010224e-03	   5.3843708644809041e-01	   8.2274361828994280e-01	   2.6501191889250836e-01	   4.2972203185370728e-01	   1.0982216547565506e-01	   1.0506559398011724e-01	   3.8336126246243318e-01	   3.6219701640025903e-01	   8.4136001568064511e-01	   1.0685457581652436e+00	   4.7260267032422604e-01	   6.1522820281678614e-01	   4.1841557201238988e-01	   5.8073694965989686e-01	   1.9990079071217903e-01	   8.2952156550323897e-02	   3.0161655543600346e-01	   3.6767073031947078e-01	   4.3968899033351505e-01	   2.8706907212505961e-01	   3.8128323744259962e-01	   3.3100625963937091e-01	   4.9838625041089296e-01	   4.5693214430193119e-01	   4.6524465376741381e-01	   4.8298301631983187e-01	   3.6794496357912782e-01	   4.6546386858526423e-01	   2.7009371852214503e-01	   2.2080627811206835e-01	   3.3295389686110904e-01	   4.3543049711095999e-01	   5.1947397292372521e-01	   4.7215453818134212e-01	   1.8425278984875151e-01	   4.2537698371813015e-01	   3.4881415780535252e-01	   4.3771412872255050e-01	   6.5351762785777889e-01	   9.2173803092960560e-01	   1.6329144734724982e-01	   2.7032403170134323e-01	   7.8931200236293309e-01	   8.9136421227340579e-01	   4.2037868350544938e-01	   5.3611732044323290e-01	   1.5785834896598885e-01	   3.9748503246966305e-01	   7.4155143554893410e-01	   6.9275005573790216e-01	   4.0727276100879023e-01	   3.4870994425937973e-01	   3.5823053521608433e-01	   2.8235754607185531e-01	   5.2221912533957759e-01	   6.1162820546515839e-01	   3.1168507513966581e-01	   2.3129093486258540e-01	   1.9802698370135516e-01	   3.4158382988736652e-01	   6.1157128221497814e-01	   6.5772555205445238e-01	   4.7183598035213548e-01	   5.6450543841380119e-01	   4.4347772731683466e-01	   3.6537323725554971e-01	   6.3025315262172910e-01	   5.3998222770042703e-01	   6.5430581717934322e-01	   4.8787289687542057e-01	   9.3372330500502065e-01	   4.7236071932906687e-01	   8.9489441546891799e-02	  -5.2962235516445647e-02	   2.6185846003590008e-01	   9.6215984216551156e-02	   5.3682865064255736e-01	   5.0833693591989870e-01	   7.5227230187687077e-01	   5.6990694253341678e-01	   4.3410042608474358e-01	   5.3733159708555933e-01	   4.0791488776659041e-01	   2.4790094856901196e-01	   3.8210090337014885e-01	   4.0157907557131289e-01	   2.2850706054375247e-01	   2.0343299765575076e-01	   6.5754423343381857e-02	   4.1223937291843221e-01	   7.2040628935647166e-01	   1.2882129217362656e-01	   8.9867803109865210e-02	   8.4655779521361843e-02	
   5.4553811617686687e-01	   4.5653044868636522e-01	   6.5550272822080557e-01	   7.0372513842778617e-01	   1.0996165141625516e+00	   8.7927295126652716e-01	   7.2526736844765338e-01	   7.7410987074008930e-01	   0.0000000000000000e+00	   1.1271732089017541e+00	   2.7753769434898434e-01	   2.5927837676843862e-01	   5.5195197009629970e-01	   3.7368429991065893e-01	   7.6712741812132734e-01	   6.1618810181864248e-01	   2.6166655974557140e-01	   2.9569388206117508e-01	   2.6246841348414968e-01	   1.0692186478072692e-01	   4.9537152386624561e-01	   2.5688993627995499e-01	   4.9202395572527519e-01	   6.2327240959759633e-01	   8.2182771123263954e-01	   9.5455881420375288e-01	   5.0078354993707108e-01	   4.5815408030296134e-01	   3.0597944647227898e-01	   2.5419142820976087e-01	   5.5118293468653090e-01	   5.5295025150087596e-01	   2.9181551265967604e-01	   3.3181231905965974e-01	   2.3994901276068639e-01	   2.8010545400255804e-01	   2.6736049036415371e-01	   2.7323773848073668e-01	   1.8251188894870038e-01	   3.8500204939903793e-01	   6.8613085055403300e-01	   3.8814431516809988e-01	   4.2733523609935559e-01	   4.2104447848101811e-01	   5.5999124514134657e-01	   4.6977212696048076e-01	   5.2590882309297837e-01	   4.6428232287438498e-01	   4.7168135126023947e-01	   4.8587918798545987e-01	   3.7872204982662760e-01	   3.4923378197097815e-01	   4.5849661267418329e-01	   5.3500239534032890e-01	   4.0238670241046398e-01	   4.0159749118573262e-01	   3.5039886818210031e-01	   3.2118958183597923e-01	   2.5569096721049361e-01	   3.5090269902957449e-01	   3.9060734497575161e-01	   6.3571726549548102e-01	   1.7581610325217772e-01	   2.0652992278587592e-01	   5.7090419770891632e-01	   5.8783292405539855e-01	   1.9397013176981470e-01	   2.5678277728459964e-01	   6.5608106035961788e-02	   2.5278173724986724e-01	   6.3766831863923268e-01	   5.8841315168622954e-01	   3.8195044883994889e-01	   3.2130382039947541e-01	   3.2265055949649274e-01	   2.6133336795478934e-01	   3.7383510655990376e-01	   3.1648066631903304e-01	   2.8765148903521809e-01	   2.8738278924905236e-01	   3.0886750996504941e-01	   4.1606288263359836e-01	   6.2685921702334391e-01	   5.6175861280825745e-01	   4.4486763899110116e-01	   5.2435455617574056e-01	   6.9831745508626009e-01	   5.8917564908016984e-01	   5.4795077691121929e-01	   5.1888305573228677e-01	   3.5595983339616555e-01	   4.8074608926131618e-01	   4.7269411224669466e-01	   4.9102972785226950e-01	   1.0351607041289637e-01	   1.7286220881452860e-02	   2.4328861062089696e-01	   8.6810346141591416e-02	   4.7496715631173636e-01	   4.8340569061755401e-01	   3.2962718408517006e-01	   3.9431612347865802e-01	   9.6768948802093441e-02	   2.4125459110925448e-01	   2.2434961573871082e-01	   2.1119010671025754e-01	   1.3620333283316898e-02	  -1.8237971276124223e-02	   5.3096920975588113e-01	   2.2857184078727730e-01	   1.0774441525629844e-01	   4.6969584521256774e-01	   6.7103645220013919e-01	   9.5174482841414720e-02	  -8.4265980060710122e-02	   1.6648679090333857e-01	
   3.2072338197438055e-01	   4.1167447297160920e-01	   2.6923471065565574e-01	   5.9405439654078807e-01	   1.0054271090381686e+00	   1.3672041760612506e+00	   3.4779769792097603e-01	   7.4223352086138916e-01	   1.1271732089017541e+00	   0.0000000000000000e+00	   1.1682511508907736e-01	   2.4364802309588085e-01	   4.0812057201880797e-01	   3.3150088726698024e-01	   5.8837884040243638e-01	   6.6663763651325059e-01	   1.4461456783945170e-01	   1.5030745623966368e-01	   7.7147367712866247e-02	  -1.4639277547022992e-03	   4.2156239792241001e-01	   3.6571236878945490e-01	   3.2239787759794369e-01	   5.5983381788185604e-01	   8.0134281132419816e-01	   9.1946466648588476e-01	   4.8503035121375065e-01	   4.6282942037277724e-01	   5.2170308810722425e-02	   5.9590671964969283e-02	   3.5243138753190939e-01	   4.4066129961097555e-01	   7.4889496229314900e-02	   1.3011311100993481e-01	   3.0340480570624195e-01	   4.1325089262234399e-01	   4.6319609514515486e-01	   4.0536863436360604e-01	   3.3087187931568901e-01	   4.7138968598822195e-01	   7.0010746908921495e-01	   5.5516665392495157e-01	   1.5610455049453578e-01	   1.7961578949287868e-01	   2.8500732112051130e-01	   2.2518408778475613e-01	   2.7402625129256236e-01	   2.3937404670494539e-01	   2.2441553103277898e-01	   3.2724598434737623e-01	   1.1282751530102021e-01	   1.4030309402904131e-01	   3.3365057331070408e-01	   4.3588803998640957e-01	   2.5976312519181660e-01	   2.3254601439774636e-01	   1.8626144219215540e-01	   2.3538650453291388e-01	   2.8509636484315821e-02	   3.4446748731823457e-01	   1.1454614514598234e-01	   8.2262508645457566e-01	  -7.4161482016384353e-02	  -3.0391406244888428e-02	   4.6005857563615732e-01	   8.5654758001312792e-01	   2.0656992690241245e-02	   1.7530288047323977e-01	   4.7888526886230697e-03	   3.0265541418189834e-01	   5.2847703545472358e-01	   6.6374055796514508e-01	   2.8334532908544818e-01	   3.5460408912107111e-01	   3.2363201484944959e-01	   3.1140151382150483e-01	   2.6696956927667292e-01	   3.4920046515332198e-01	   1.8377536010411299e-01	   2.0439196598293846e-01	   2.0804818854527490e-01	   2.7957573389769597e-01	   3.6996800003563196e-01	   3.3368105164500511e-01	   4.1320745083581345e-01	   3.6465790003814225e-01	   4.4927612424906577e-01	   4.4499456117665587e-01	   4.9190069129895286e-01	   4.3899478816034915e-01	   3.4062166492232893e-01	   3.5115463529956031e-01	   6.4050450304224804e-01	   3.1420563766701476e-01	   2.8260160376671412e-01	   1.8331907061909880e-01	   1.3661546354061505e-01	  -7.4498993737279307e-02	   2.9460504676226829e-01	   1.9923647886481197e-01	   3.6713508383238125e-01	   1.3749363753321764e-01	   1.1282299902247470e-02	   1.1710865109244349e-02	   3.0475499380020893e-01	   2.3277511344411933e-01	  -6.7233659744290131e-02	  -9.4406571327468838e-02	   4.6726265737648259e-01	   1.9426907933441528e-01	   6.0099484037355856e-02	   2.8346876376836333e-01	   4.4671461071356366e-01	  -2.8759156268622840e-02	  -8.4987159957998298e-02	   1.0961461327294607e-01	
   6.8914987158795138e-01	   4.9419272392425728e-01	   3.5449881218706114e-01	   3.0638049713808724e-01	   1.7661701968605087e-01	   8.6944377790622751e-02	   4.5531599931449518e-01	   3.3040794438847426e-01	   2.7753769434898434e-01	   1.1682511508907736e-01	   0.0000000000000000e+00	   6.6452236506667395e-01	   1.0691809708109246e+00	   6.6164716223158404e-01	   4.8543183672251528e-01	   3.7183339222878292e-01	   8.6965680740358564e-01	   7.7984503249300141e-01	   6.3909302545197810e-01	   7.6721383594979242e-01	   1.4034506535500349e-01	  -1.1652747891150222e-01	   1.4136301597521558e-01	   2.8949947356289563e-01	   1.0254035513398761e-01	   1.1383837396278002e-01	   1.0306341387973947e-01	   9.6360001323032088e-02	   7.8951923891270903e-01	   5.6587082809389411e-01	   2.1117727368344172e-01	   2.3674752650221961e-01	   7.0075542447329897e-01	   7.4344211665578441e-01	   2.9979811205526724e-01	   3.9818755217440660e-01	   1.7897295892340451e-01	   3.6361080475323264e-02	   9.1603337553995870e-02	   1.5379796794499984e-01	   4.5150571270677553e-01	  -3.7040625192265912e-02	   4.9352285247262068e-01	   5.6431009164053714e-01	   4.1864897522741162e-01	   4.9629129828939622e-01	   4.7378342658767331e-01	   5.1824466370227562e-01	   3.7904173349924386e-01	   3.5325998136446884e-01	   3.4925001962089741e-01	   2.0805791818478814e-01	   2.0045825953807703e-01	   1.0934960071428491e-01	   4.0879116032110907e-01	   2.9460468580074578e-01	   5.2725643032376834e-01	   4.2668919753689583e-01	   6.9389159824015945e-01	   3.8853703063042944e-01	   7.4951844605586482e-01	   3.3096399511484892e-01	   6.2471910834876976e-01	   7.0861568539685815e-01	   8.8734016438239458e-02	   9.4740438789963077e-02	   4.9525386005729100e-01	   3.4557947256349136e-01	   5.7992241466601346e-01	   4.9817630695604365e-01	   5.2166065576080722e-01	   3.8705790311401406e-01	   7.8180239033879129e-01	   7.2190293073242062e-01	   8.0096590988951166e-01	   7.2495892732283851e-01	   7.3529287128786602e-01	   4.9077717388471720e-01	   8.2568939779873141e-01	   7.5111474784789278e-01	   7.1299461916541895e-01	   8.2504139646544350e-01	   5.1648810011987634e-01	   5.7988487083744844e-01	   4.5181542782002249e-01	   6.7199779538800963e-01	   3.5324619921286460e-01	   3.1148986574571907e-01	   2.6917036074787654e-01	   2.7085605372383670e-01	   2.8770464704013032e-01	   1.1021174083603556e-01	   1.4595132669812977e-01	   1.0039293442317490e-01	   1.7625332299231813e-01	   9.1495293277042741e-02	   3.0744307002421217e-01	   5.6073494782746280e-01	   5.7199467845079555e-01	   5.2144597786681302e-01	   1.8014087949080543e-01	   2.5331646424567028e-01	   1.6509540218564311e-01	   3.9443460895974763e-01	  -4.6537906789787531e-02	  -2.5417139634549772e-02	   1.5854944836027438e-01	   1.9391341616806414e-03	   2.5003467236128629e-01	   3.8810465134456618e-01	   3.8890704841719054e-01	   6.3883634988132154e-01	   3.7908769330958747e-01	   1.8791040448202723e-01	   3.2231096063073304e-02	  -1.1907924026813586e-01	
   3.0639157892909441e-01	   3.6316936765176044e-01	   1.4705408154054500e-01	   2.7628217099547059e-01	   1.1213906467764825e-01	   8.8396254845863623e-02	   4.0831615642605912e-01	   4.8936867970875580e-01	   2.5927837676843862e-01	   2.4364802309588085e-01	   6.6452236506667395e-01	   0.0000000000000000e+00	   8.6565717389116903e-01	   1.2763885318099268e+00	   4.2087270681133004e-01	   6.3222509264037496e-01	   5.0582804292439376e-01	   5.2156045658691008e-01	   4.0911305312615753e-01	   4.7850990648850755e-01	   5.8418816714348051e-02	  -1.5072009573584116e-01	   4.0269916183290995e-03	   2.0919749846753244e-01	   5.5360161592802867e-02	   1.0379552318578188e-01	  -2.7879687102023563e-02	  -7.5661484156894596e-02	   7.2276373891028523e-01	   8.5081731534291372e-01	   4.1307057675130515e-01	   4.4078520560733675e-01	   6.2354992010470678e-01	   7.2747396206346293e-01	   3.7516470268463803e-01	   5.0133003703934353e-01	   1.2547314377264179e-01	   5.6699045799749069e-02	  -5.5429474944669981e-02	   6.5260782305019707e-02	   4.6859684089140580e-01	   1.9102306879515352e-01	   5.1178081637523265e-01	   5.7510281915939099e-01	   5.4369503946971176e-01	   5.6958767490734097e-01	   5.7349841491187359e-01	   6.1410491705204640e-01	   5.5801459418066679e-01	   6.2253907103194961e-01	   5.2474053287459355e-01	   5.2110295622810066e-01	   6.7163971979420423e-01	   4.1094899473342411e-01	   5.6757373249175602e-01	   5.2038069179727764e-01	   1.1050748573488470e-01	   1.5482138360075978e-01	   5.1248299251697382e-01	   4.9626647661969664e-01	   3.4409763724378328e-01	   5.6405248086003068e-01	   3.2005299646850338e-01	   5.0233971242475817e-01	   1.7726728376451679e-02	   1.3096189019225724e-01	   4.5229549499448324e-01	   4.1947517829367903e-01	   1.1202089963739921e-01	   3.5527268633376491e-01	   4.8596474565299519e-01	   3.8698648728342017e-01	   7.6676844089007223e-01	   7.7528317295038074e-01	   7.3722492295487885e-01	   7.5726765708605281e-01	   4.5258093906565056e-01	   5.8799737237360161e-01	   5.8689104194207742e-01	   5.6989313669386998e-01	   5.7141116242139067e-01	   6.1334826724351810e-01	   4.8871778513065955e-01	   5.4136977000499853e-01	   2.7833340560810699e-01	   5.3161452025970624e-01	   7.8060524814238197e-02	  -8.7832724414464262e-03	   7.7693958619799178e-02	   3.3948883973618166e-01	   2.1097832732662797e-01	   2.1780166519883221e-01	   1.5305610197102901e-01	   1.0229930748144034e-01	  -1.3958968210394471e-01	  -1.1475330939468677e-01	   2.3205649374464812e-01	   2.7033066062106326e-01	   4.5993131604285459e-01	   5.0355347289381358e-01	   3.1640299018885087e-01	   8.4690483018528412e-02	   1.1987839633636792e-01	   1.8878789926340572e-01	  -1.5874611026177696e-01	  -3.1053745431616364e-01	   3.6058806143131023e-01	  -1.0099877507815312e-01	   7.0130165026160013e-02	   1.1519472894088090e-01	   2.1730749507246322e-01	   4.5069334700754438e-01	   5.5172902436996640e-01	   2.6429367966433009e-01	   8.4732932558482035e-02	  -1.8906837522232386e-01	
   6.3324344228904017e-01	   5.2575127787346632e-01	   5.1790410172662837e-01	   5.4632645199753871e-01	   3.1001297180868609e-01	   2.5748521228938220e-01	   7.4878585162392508e-01	   6.6705073235515566e-01	   5.5195197009629970e-01	   4.0812057201880797e-01	   1.0691809708109246e+00	   8.6565717389116903e-01	   0.0000000000000000e+00	   1.1287666428806520e+00	   7.8086796865553831e-01	   8.2238860255218038e-01	   5.6081937901807299e-01	   5.6409119304196143e-01	   5.4162606933296187e-01	   4.4193484633505281e-01	   1.0312369725817766e-01	  -1.3863375677224168e-01	   3.7825176924649573e-01	   4.7273084705103718e-01	   2.7608816416689963e-01	   2.6396973887404485e-01	   9.9361019596824904e-02	   5.4591566461611500e-02	   6.7547555227021627e-01	   5.5838659048610972e-01	   5.3123072202887156e-01	   5.6157783170354958e-01	   7.4109916647989715e-01	   7.4573607158540900e-01	   6.0209283952954662e-01	   6.5786269789620866e-01	   2.4876297372536391e-01	   1.1440100392326769e-01	  -1.0636880285810717e-02	   2.0482417568918990e-01	   4.9031561751192276e-01	   6.4051569014150739e-02	   6.6740690154862881e-01	   7.1779766965833414e-01	   6.6562765194352358e-01	   7.0799703491163546e-01	   6.2138684280694267e-01	   7.0211828942847698e-01	   5.4907822864409139e-01	   5.8988733126777326e-01	   4.2619819441982831e-01	   3.3624434154174743e-01	   3.6628231826843877e-01	   3.5696560054357629e-01	   5.2215829639381894e-01	   4.4885878443193639e-01	   3.3296363814521712e-01	   2.8570570970694581e-01	   5.4452484613145047e-01	   3.2578966420637223e-01	   6.8600024172799112e-01	   5.0853668332688717e-01	   3.9987289831603789e-01	   3.7845577006767328e-01	   4.7771423806614216e-01	   4.3096861086582450e-01	   5.3499169159215709e-01	   4.8949541939450858e-01	   2.5029868028456748e-01	   3.6519526059595997e-01	   6.0070289862988346e-01	   4.6892244946961353e-01	   6.1910935091731290e-01	   6.1644076247854807e-01	   7.0535193938330587e-01	   6.7519072125835000e-01	   6.7758957279969323e-01	   5.1406317311647642e-01	   6.7812848546219606e-01	   5.3470091941882147e-01	   5.2630853781093179e-01	   7.1926048582284974e-01	   6.5698341815970374e-01	   5.8224892752014412e-01	   6.9532944375152361e-01	   7.3701183640902646e-01	   3.4423555048360982e-01	   2.4527577665670558e-01	   3.3064104759067353e-01	   3.2764492510796667e-01	   2.9159383541595640e-01	   3.8637210496149454e-01	   3.0671318811143755e-01	   3.1545623083013730e-01	   5.6259470019178880e-02	  -5.0346506746750161e-02	   3.3023015961213631e-01	   4.1513134812397656e-01	   5.2902208889561586e-01	   6.1486854718540074e-01	   3.6675432520426016e-01	   3.7311290635969147e-01	   1.3089215939769719e-01	   3.0284898967268442e-01	   5.1393893435843503e-02	   6.7891863388756621e-02	   2.5484349578554755e-01	   1.5375922228889885e-01	   3.2139788986929801e-01	   3.4022290671396088e-01	   3.5818129273453314e-01	   7.2574054199153704e-01	   6.7026844137009400e-01	   3.3067478581273163e-01	   1.5060827143126665e-01	  -1.5528458859433083e-03	
