   0.0000000000000000e+00	   7.0492409139697554e-01	   5.4990147695580494e-01	   3.8198905834649716e-01	   1.4099829268357600e-01	   1.8696891362289353e-01	   3.1863620102877366e-01	  -6.2609183999571869e-02	   3.8438183763844314e-01	   3.9033574929610637e-01	   2.3375678008538175e-01	   1.5178321454108022e-02	   3.0361151860794111e-01	   3.2059386678086443e-02	   1.3045846031162472e-01	   1.4679496888345134e-01	   1.6551249092300321e-01	   1.5500399785550956e-01	   5.4909904561102896e-01	   5.1690997238362213e-01	   2.4468940294192601e-01	   1.9031671939538725e-01	   3.9384312578475339e-01	   3.0560983772905564e-01	   2.5849386820702935e-01	   4.2170534489139022e-01	   3.7700450949101333e-01	   5.0569077221688530e-01	  -7.5296779114015236e-02	  -1.7143584919494090e-01	   1.9822191053528165e-01	   1.2876384630491133e-01	   4.4449328463998961e-01	   1.3309345598575312e-01	   5.3018939450233019e-02	   1.0378389543253856e-01	   4.2045035750334309e-01	   3.6730423458293260e-01	   5.1015255652772329e-01	   3.7583804871091286e-01	   4.8550919999950570e-01	   3.1275828136418632e-01	   2.4458624867217288e-01	   2.1571134547063661e-01	   4.5338601463411315e-02	  -3.1854725255577821e-03	   2.0875970013042716e-01	   2.7733669294482055e-01	   1.3589271433422973e-01	   1.2437082164659903e-01	   3.5489744367213799e-01	   2.4835143320946199e-01	  -1.5926275886205782e-01	  -2.0456760872126400e-01	   5.8562969990355074e-01	   4.9428624318283021e-01	   9.0820303751031328e-01	   7.9703044643884424e-01	   5.0890735068536874e-01	   1.2864405308013213e-01	   4.2538832352218031e-01	  -1.9269066168195983e-02	   9.6144165429637787e-02	  -8.1407309813910964e-02	   2.6505094842213595e-01	   2.3116127417739310e-01	   2.8699897460089829e-01	   2.0443006513549022e-02	   6.1946488997802984e-01	   2.5700823997813971e-01	   4.3356099354535388e-01	   1.8443051274818414e-01	   2.9134534978931570e-01	   1.3214727474746699e-01	   4.2091018400666558e-01	   2.7973560603520869e-01	   7.1298135383478489e-01	   5.1856049810785265e-01	   9.6967969707049170e-02	   3.1080130046619953e-01	   2.9702678866990251e-01	   3.9999486167643816e-01	   4.0193857664947658e-01	   1.7947305539864725e-01	   4.6174263531111825e-01	   4.7694943590031569e-01	   5.4912954808314818e-01	   5.7756776111483243e-01	   7.6957837837833432e-01	   5.7169821976157020e-01	   4.6652102862497524e-01	   3.5594935649380854e-01	   3.1467239443704453e-01	   3.9907456363138799e-01	   3.1342422994184249e-01	   2.3808934759322320e-01	   5.4963016357409933e-01	   2.9103677157569419e-01	   4.1317652826602230e-01	   6.3091712907331199e-01	   2.5866917366029946e-01	   4.3418509235187774e-01	   2.4919877945031677e-01	   4.9569253685126741e-01	   4.0060772901189773e-01	   5.5678509463762837e-01	   3.3755567018200056e-01	   2.9752542391130854e-01	   3.7229063006967246e-02	   2.7380030412142431e-01	   3.9558488200711761e-01	   3.6812798515884654e-01	   7.6327077282885514e-02	   1.9999938011012061e-01	   3.2262004765633190e-01	   1.2028817880858274e-01	
   7.0492409139697554e-01	   0.0000000000000000e+00	   7.6862747780795604e-02	  -4.5340416143618084e-02	  -1.6116933987504314e-01	  -5.4001689063962466e-02	  -8.5803927160704618e-02	  -1.5247365990243214e-01	   8.0807966294142899e-02	   1.2493193942792108e-01	   8.6516556175045028e-02	   5.4545886030721941e-02	  -2.6491977759768220e-02	   3.9570261256958630e-02	   1.4921758999904670e-03	   6.5470308057547083e-02	   2.8873804926057306e-01	   4.6038875835291504e-01	   3.4840673713342091e-01	   5.7389725761923305e-01	   1.6462341603398825e-01	   1.2841535198497547e-01	   1.1862705187206199e-01	   1.0499464470489028e-01	  -1.9140766113496283e-03	   1.6163428597430418e-01	   1.9052026253177309e-01	   3.1463129855138283e-01	   6.9317259384898924e-02	   6.2440029305270116e-02	   1.1978895239313531e-01	   3.5968667715649640e-02	   1.8395758404555340e-01	   1.0722508616200252e-01	  -7.6475257357526194e-02	  -4.3190430454086798e-02	   2.1735933050779091e-01	   1.7142545682753429e-01	   2.7841269475080915e-01	   2.8271917062025737e-01	   2.4874764800094312e-01	  -3.1450700180631598e-02	   4.8525860465966297e-01	   4.3537580236907858e-01	   1.7940797324994240e-01	   1.6078867026782021e-01	   4.3981785234889642e-01	   4.5413881908014492e-01	   2.7067021756131660e-01	   2.4492904877689689e-01	   2.8691243848728537e-01	   2.6725567746756279e-01	  -7.1182306405003878e-02	   3.2603981148623576e-02	   5.4276806841678105e-01	   6.0771518677747682e-01	   7.8184287795493401e-01	   7.5517295927754935e-01	  -1.1386721446662230e-01	  -4.7338949187598268e-02	  -1.3699521840247963e-01	  -2.1502983374992568e-01	   2.5975210783341439e-02	   9.4286067591672545e-02	  -7.1515727932620456e-03	  -9.1622715932019483e-02	  -1.3669671534489200e-01	  -2.7364256754661420e-01	   4.0299002040410459e-01	   1.9186446241895197e-01	   1.0586434632183224e-01	   6.8410944288840314e-02	   2.5037388620160689e-01	   2.6513022935867736e-01	   2.9853466848595955e-01	   2.8853094542703828e-01	   3.5011213707963162e-01	   2.4948706055201911e-01	   2.9168310607974968e-01	   4.0961828110693671e-01	   3.2585498131579838e-01	   3.4092752228763407e-01	   2.1644941369868553e-01	   1.5347157325294274e-02	   2.0617452099057970e-01	   1.1626519776563485e-01	   2.6995401772470845e-01	   2.1669315045137080e-01	   2.1425707761174256e-01	   1.3892364386225803e-01	   2.7583254536026203e-01	   6.6212443679650637e-02	   8.9784901125155053e-02	   3.3224544616086323e-02	   1.2018110075175399e-01	   1.9249238353116691e-01	   6.1722058594519402e-01	   4.9519682238200757e-01	   7.7674653672398630e-01	   6.4149358109535726e-01	  -1.2818713371346862e-02	  -9.4608799594819562e-02	   1.5521727542985420e-01	   1.0502841619214633e-01	   2.8363961777492282e-02	   1.4239957404165454e-01	   1.8806085906615136e-01	   2.0503104939165101e-01	   6.9139965528580205e-02	   1.7376356903669668e-01	   3.2265153682213704e-01	   4.9168522181426594e-01	  -1.5606525653601275e-03	   2.5700342038028906e-01	   2.8474070114593841e-01	   8.6968443035890575e-02	
   5.4990147695580494e-01	   7.6862747780795604e-02	   0.0000000000000000e+00	   9.8162679935807229e-01	   7.8888407452906251e-01	   5.7371130882514454e-01	   1.1279202817658336e+00	   3.9205842253404805e-01	   8.8646052328654101e-01	   6.1791610599278490e-01	   8.0586292827053221e-02	   6.2610422882248301e-02	   5.6530008649312646e-01	   2.0670028189141360e-01	   6.1912189475758983e-01	   5.8591363459858947e-01	  -3.1234688290302981e-01	  -2.7780408149147695e-01	   5.3109371647895920e-01	   1.7023485782636702e-01	   8.0492603974154564e-01	   6.5686837012999577e-01	   1.3934246884239747e+00	   1.0688074184223642e+00	   1.3444512006699636e+00	   1.1471837252444959e+00	   9.4348632458710202e-01	   8.9051712189117105e-01	  -1.1473473881278196e-01	  -1.2689931083547454e-01	   7.4862174611500920e-01	   6.1680618121724096e-01	   8.4746734071249419e-01	   4.8925607246671232e-01	   9.0982419293030414e-01	   8.0854991788164043e-01	   7.2837837611727585e-01	   5.5512016295819999e-01	   6.7974278230536034e-01	   3.5475291383634089e-01	   4.3591508546976598e-01	   1.7697254126291073e-01	  -1.2140174067976794e-01	  -1.7373517858065313e-01	  -1.5251071628656335e-01	  -2.0568349697034638e-01	  -2.5491423564078469e-01	  -5.0236933997244493e-02	  -3.7502752139268514e-01	  -1.0245210073996090e-01	   4.2261689838068917e-01	   1.3837382368154127e-01	  -4.1936097661469572e-02	   6.9295158862070383e-02	   3.1462299533472626e-01	   1.4003825334982120e-01	   2.8399714295832379e-01	   6.4887879668184967e-01	   2.2280946024322457e-01	  -1.5917148955938640e-01	   3.9835466811123110e-01	   3.5835815234955298e-01	  -8.0361025598984615e-02	  -1.2338749736034384e-01	   1.3269243297284128e+00	   1.1363219909759370e+00	   8.1016184562368432e-01	   4.4368208045997504e-01	   4.7775493843273970e-01	   5.4695044816457461e-01	   6.5842975498010647e-01	   4.6180016381339523e-01	   2.1277997261665002e-01	  -8.0721232282079031e-02	   3.5578107858725327e-01	   1.2018231146174306e-01	   5.1191464417961974e-01	   5.1660959717119048e-01	   6.0534407629900790e-02	   3.3351759151454058e-01	   4.8869746827270100e-01	   6.8712677757266583e-01	   9.3507558204299501e-01	   7.3855294759038503e-01	   1.1879901325804210e+00	   1.0318973575036170e+00	   9.3867294536458978e-01	   9.1219702112386347e-01	   1.2045889540515584e+00	   8.7792416295800801e-01	   9.3946067911550568e-01	   8.5123063448437897e-01	   1.0345768273531535e+00	   1.2420568574984647e+00	   1.5014102599359294e-01	   1.4876005905877734e-01	   1.4799174665377454e-01	  -4.7062959326323463e-02	  -1.5813249885269767e-01	   1.9641120732440226e-01	   6.6613804075156513e-01	   9.5719335810658368e-01	   2.2964254379775442e-01	   5.0769522009266532e-01	   5.8503612648341896e-01	   1.0039297135671497e+00	   2.2631660244049176e-01	   4.4908862710176989e-01	   1.2181324336712493e-01	   3.8400253380754873e-01	   6.1031944222036483e-01	  -1.5398444536395585e-02	  -1.8183610106177008e-02	   1.5701179885381858e-01	   3.4442618419429205e-01	  -1.3057048563619156e-01	
   3.8198905834649716e-01	  -4.5340416143618084e-02	   9.8162679935807229e-01	   0.0000000000000000e+00	   7.1165057960435074e-01	   1.0255281394183917e+00	   7.7454964378011570e-01	   8.1007978169319372e-01	   7.1992682576755418e-01	   8.5660240302050605e-01	   1.8612853155798625e-01	   4.7125917069693923e-01	   4.9204024400409979e-01	   5.4325179155913284e-01	   8.0730105339431635e-01	   9.9844689472014392e-01	  -1.4779095737328829e-02	  -1.0020262379744516e-01	   3.9228294571810568e-01	   3.4802460843854988e-01	   8.2398187209416140e-01	   9.7293811042258793e-01	   8.7358262985423496e-01	   9.7352646387906949e-01	   8.2148414911971268e-01	   9.6544268748151318e-01	   7.7962742604842494e-01	   7.0302451882459160e-01	   1.4707572709162656e-01	   2.1911739061275645e-01	   6.6367734540501888e-01	   7.1597862519127520e-01	   8.7586840807441613e-01	   7.7000898405623508e-01	   4.6655831232817674e-01	   4.5299805137359272e-01	   4.4299432493378132e-01	   3.5039681553035767e-01	   4.0638513929242920e-01	   1.9480925315422887e-01	   3.2357793148416047e-01	   1.6554953199221811e-01	  -1.8519318288043679e-01	  -2.2331077114001024e-01	  -2.7174424011224024e-01	  -2.4615655546019277e-01	  -1.9531847636387384e-01	  -1.1797163092423929e-01	  -3.3480398990074062e-01	  -1.3177554023478261e-01	   3.3041852981794423e-01	   1.5566388406011217e-01	   1.3492749716323391e-01	   1.3842330634616812e-01	   1.5354034069673150e-01	  -1.6855681419713945e-02	   2.9496376078538455e-01	   5.4053975841115753e-01	   2.4727746838492612e-01	   1.9479632143343231e-01	   3.8948401060084364e-01	   5.9031280368548822e-01	   1.2297195765014671e-01	   1.7917312989183046e-01	   7.3264688702553638e-01	   7.7653788379663324e-01	   5.8161814174365922e-01	   4.5911156053877877e-01	   4.3602253778388178e-01	   2.3004313811310972e-01	   6.7890476459720805e-01	   6.6476539603875062e-01	   1.8104365756123192e-01	   7.4678841698277459e-02	   2.5020449503785847e-01	   1.3191920026148307e-01	   3.1395731763603818e-01	   4.3452422308427152e-01	   3.5121713162993362e-01	   5.0909372679157605e-01	   7.4178978535993900e-01	   7.6620528051628167e-01	   7.3983039051945265e-01	   8.5427793926615925e-01	   7.5636845606865155e-01	   8.6179061649836497e-01	   4.8343649876469463e-01	   6.2418479793922388e-01	   6.2905323037814442e-01	   7.5869736454489267e-01	   8.8274531726736927e-01	   6.2882721420582710e-01	   9.6665305334404961e-01	   7.1902357637834879e-01	   2.8993568010073695e-01	   1.2730571643894625e-01	   9.2930843492023713e-02	  -5.0831869257015910e-02	  -2.0428294410739534e-01	   7.7236160192875212e-03	   9.4602817149586760e-01	   6.3669695393559300e-01	   5.7751639773521013e-01	   6.2096326358718357e-01	   1.2058797657276326e+00	   1.2351556848279928e+00	   3.9230657958221338e-01	   3.8193960774072988e-01	   1.1802548679279680e-01	   4.1937913737856725e-01	   2.7171737982067423e-01	  -1.5012217546818077e-01	  -1.5489052336914121e-02	   9.0070270595697402e-02	   3.1103881345037826e-01	  -3.8895072918782303e-02	
   1.4099829268357600e-01	  -1.6116933987504314e-01	   7.8888407452906251e-01	   7.1165057960435074e-01	   0.0000000000000000e+00	   7.0366647911519253e-01	   1.1533194507396050e+00	   7.3776288250217981e-01	   1.0212679702259069e+00	   4.1002012707036795e-01	   3.0879238111649582e-01	   3.6745055470364990e-01	   6.0308275646371579e-01	   3.8734942315878385e-01	   7.5557412490395726e-01	   6.1908998213455702e-01	   4.9406397078442538e-03	  -1.4382118778985536e-01	   2.3672290091672910e-01	   1.5494913723682058e-01	   4.4865079801967778e-01	   5.7942447177694834e-01	   6.0905162689177839e-01	   6.0091396973965538e-01	   8.1510755795889311e-01	   4.9452027562659051e-01	   7.0970829381899347e-01	   4.1844362590933493e-01	   1.9257110784255402e-01	   1.0839064830765571e-01	   3.0068996863550768e-01	   2.7757742749695530e-01	   5.7182596636073901e-01	   5.5009481521357029e-01	   3.6977746329954736e-01	   2.9580388069200142e-01	   2.9864178381537382e-01	   1.1321267526750106e-01	   2.4555772246864765e-01	  -5.1450839833965284e-02	   2.0692956256170278e-01	   9.4659374096864146e-02	  -2.4197490477543315e-01	  -2.9214968257880802e-01	  -2.0504900077961391e-01	  -2.3259607669631882e-01	  -2.5700095167240411e-01	  -1.9238215001890063e-01	  -2.3220499864629740e-01	  -1.0859190433842240e-01	   2.3566210197204246e-01	   6.4156627920629192e-02	   2.5414332344476909e-01	   3.2425674113660574e-01	   7.8154941342195947e-03	  -9.1903635888294741e-02	   2.0402483139380412e-02	   2.1087804139527888e-01	   3.4981524980034490e-01	   1.2457814279721718e-01	   5.6983659129831887e-01	   8.0456926274373541e-01	   4.4685765349339507e-01	   3.9771695484850095e-01	   7.6548201650668324e-01	   6.9614724793119931e-01	   4.9950667787701786e-01	   2.5272629859953083e-01	   2.4362866047002538e-01	   3.7749318895791251e-01	   4.6835356168279130e-01	   4.5192837503281524e-01	   4.6183669053527748e-02	  -1.7181878153085423e-01	   4.0766741541621146e-02	  -1.2491134767197155e-01	  -5.4951354743179887e-02	  -4.0397154251254230e-02	   1.1847894352086508e-01	   2.0034903459666342e-01	   4.6834038758718810e-01	   4.3181047825705038e-01	   7.6404060134448593e-01	   7.4693142377037636e-01	   5.0595766018993360e-01	   5.6977104147873503e-01	   2.6859949228249019e-01	   2.9615674256539393e-01	   5.4007739230688001e-01	   6.9856930625571123e-01	   4.9543103354071566e-01	   6.8110601081736533e-01	   5.3367982043187312e-01	   6.1248897048174811e-01	   2.5675278410996327e-01	  -1.5304762822137796e-01	  -4.1435071826576506e-02	  -2.1846023329679010e-01	  -1.8669688699634057e-01	   6.4981018582691520e-03	   6.9610851890063508e-01	   7.8326332663884612e-01	   2.9827894306394204e-01	   5.0826570623208334e-01	   5.0988745605377483e-01	   5.5319707440508348e-01	   5.4751990197402817e-02	   3.3735854979180901e-01	   3.7530378511746447e-02	   4.8793433538286901e-01	   1.9541179388655944e-01	  -3.3052561584043777e-01	  -1.0895711436746825e-02	  -1.0558852843161508e-01	   2.7803235096606267e-02	  -2.1482885716296590e-01	
   1.8696891362289353e-01	  -5.4001689063962466e-02	   5.7371130882514454e-01	   1.0255281394183917e+00	   7.0366647911519253e-01	   0.0000000000000000e+00	   7.0825837974119688e-01	   1.0099008500703228e+00	   6.8479733997112613e-01	   1.1537481675227528e+00	   3.6354302826444412e-01	   6.3513107433898608e-01	   4.9787606543232199e-01	   7.2766690670532386e-01	   5.2201323245354381e-01	   8.1934841424645044e-01	   1.5203479964464009e-01	  -1.7895760683448805e-02	   2.7919958830524039e-01	   3.2545261901558498e-01	   6.1052263491541292e-01	   6.6911880039931193e-01	   4.8813406989658187e-01	   5.7085291073342914e-01	   4.7042213670661964e-01	   5.2262969358669442e-01	   5.8992136270334705e-01	   4.7872018256413273e-01	   1.9413141988238297e-01	   2.1535302746921689e-01	   3.5225101848629681e-01	   3.6537540789802592e-01	   7.1240792447903878e-01	   7.1975452322820954e-01	   2.2498030212153353e-01	   1.4803789936150644e-01	   2.5912521158759250e-01	   1.7776522488362481e-01	   1.9276548419538081e-01	   8.5023101401905693e-02	   1.5381771099241220e-01	   5.0904069957784959e-02	  -9.3283964479592141e-02	  -7.5918342445487369e-02	  -3.2249516482191101e-04	   1.0159070356774885e-01	   3.3616716461143774e-02	  -5.2815673977867333e-03	  -1.7043670116546036e-01	  -8.3168758194430800e-02	   1.4909171610972446e-01	   3.1162013478796598e-02	   1.8059513948429207e-01	   1.5252226448647929e-01	   1.5317557582132219e-01	   1.8020667839122716e-02	   1.7145568397974659e-01	   3.0264865284301834e-01	   1.9673558437262534e-01	   2.1460517715570793e-01	   4.5027813648260961e-01	   6.6944154388791954e-01	   3.6184967651623534e-01	   3.7335663268345515e-01	   4.6214635161046330e-01	   3.8933197715320750e-01	   4.2831731309686494e-01	   3.1939209929555751e-01	   4.5979932531518697e-01	   1.9755803687762508e-01	   3.4331241254990913e-01	   4.3484873244149669e-01	   1.0311311242869876e-01	  -6.7059066700151833e-03	   5.7874734927473789e-02	  -3.8613960991754626e-02	   1.4455619695632846e-01	   2.0573385979791167e-01	   3.0070539245227340e-01	   3.6929623112395243e-01	   6.3369731726313427e-01	   5.9618270614456492e-01	   4.8191241053056899e-01	   6.9650151002496330e-01	   4.4455907547840301e-01	   4.8711348703481777e-01	   1.6761355223013963e-01	   3.1927039128559270e-01	   4.2237289863295174e-01	   5.2259585711970291e-01	   6.2436686654845219e-01	   4.1418246349809035e-01	   6.3954478117337232e-01	   4.6721061573971590e-01	   2.5968734141249178e-01	   1.9079960030400356e-01	   1.3724291615745951e-01	   1.1834843789768969e-01	  -9.0173671748301640e-02	   1.0106084072542772e-02	   7.3899173104585936e-01	   5.2811082542889998e-01	   6.0140113588428690e-01	   5.9379215498421800e-01	   7.6389506478456648e-01	   7.3130393758791334e-01	   1.8796667819193291e-01	   4.7726166015609395e-01	  -7.9788890198931942e-02	   2.8066688587863398e-01	   1.9964803266050515e-01	  -1.6413779321851907e-01	   4.9024648733477248e-02	   1.3822156134060312e-01	   1.9525555198391575e-01	   3.3922757413910293e-02	
   3.1863620102877366e-01	  -8.5803927160704618e-02	   1.1279202817658336e+00	   7.7454964378011570e-01	   1.1533194507396050e+00	   7.0825837974119688e-01	   0.0000000000000000e+00	   7.8712757251201826e-01	   1.1410382024801524e+00	   5.8153150749799221e-01	   4.6833793391257433e-01	   3.4470002999257882e-01	   9.6972652500775580e-01	   3.9226218348488806e-01	   7.3983927528827054e-01	   5.9497364412883835e-01	  -8.4307483168265654e-02	  -1.3948311389683044e-01	   3.8260070490172920e-01	   1.7825861847763366e-01	   4.5193212449634385e-01	   4.6548309705189717e-01	   6.8847125085045824e-01	   5.5497749362154547e-01	   7.4434576283382192e-01	   5.5405868719182871e-01	   5.8543289701323997e-01	   4.2228012848073354e-01	   1.5137640963638388e-01	   8.9187759119068344e-02	   4.0145082987418407e-01	   3.6672147214907996e-01	   7.6405208332410135e-01	   5.6581131822828024e-01	   5.5519956466786702e-01	   4.5535451291757545e-01	   4.2724439409374537e-01	   2.2268903149243729e-01	   3.3387895977522419e-01	   1.7449819763418948e-02	   3.0332314216516360e-01	   1.5405298155587294e-01	  -2.6019496748232357e-01	  -2.3309564723234144e-01	  -1.3489636204607833e-01	  -1.5561565277291403e-01	  -2.3652209037578703e-01	  -1.4019373522986084e-01	  -3.6112785039006201e-01	  -2.1431852372918861e-01	   2.3376030099751002e-01	  -4.2713521496227837e-03	   1.8180404484163482e-01	   2.6995008924671260e-01	   1.4156130224370905e-01	  -1.3093587658955668e-02	  -3.7612968601914140e-02	   2.4167258315184509e-01	   2.8071274041338873e-01	  -1.2752804509752710e-01	   7.2283993764427157e-01	   6.9756726506575462e-01	   2.7870891404349057e-01	   2.1446018089856217e-01	   1.0666885261858094e+00	   7.6027737783440508e-01	   6.9591101951116563e-01	   3.7386899188921313e-01	   4.1131493051850460e-01	   4.3273847104341517e-01	   4.2639112918137140e-01	   3.2857497511894601e-01	   1.3158566054807669e-01	  -1.3405798323636139e-01	   1.7596851122824109e-01	   4.1095350563927331e-02	   2.5993530685599325e-01	   2.2828906655335673e-01	   5.2234985771071260e-02	   2.9299122021695728e-01	   4.9230689326365001e-01	   4.9795535525981166e-01	   7.2173756345691309e-01	   6.9884300337763550e-01	   6.8412584236638674e-01	   5.7088664355987884e-01	   3.0704679863271600e-01	   4.0069672452975635e-01	   7.0152861531135857e-01	   5.7365505254601568e-01	   6.5251868221939668e-01	   7.9918073622295560e-01	   6.0580205070298698e-01	   8.4350562321945621e-01	   1.3763795304711077e-01	  -5.6728890699776387e-02	   3.2565560573389247e-03	  -1.5313224715372023e-01	  -1.7491985921002773e-01	   9.5119773688407752e-02	   8.2502638541533624e-01	   1.2665349867858624e+00	   3.7045321688792399e-01	   6.5438992623963244e-01	   6.0031625873535455e-01	   7.9449875465617004e-01	   2.6861769867321122e-01	   4.8902676436901343e-01	  -6.5500975921628540e-02	   4.0383263795755792e-01	   3.5007067039024625e-01	  -1.7883049324593014e-01	   1.6770489297283886e-01	   4.8884895581699075e-02	   1.6573097719171578e-01	  -1.0577545807154547e-01	
  -6.2609183999571869e-02	  -1.5247365990243214e-01	   3.9205842253404805e-01	   8.1007978169319372e-01	   7.3776288250217981e-01	   1.0099008500703228e+00	   7.8712757251201826e-01	   0.0000000000000000e+00	   5.7589141984357806e-01	   6.2691512715331710e-01	   5.3931532074989175e-01	   9.4019950059453228e-01	   6.5695176152550305e-01	   9.5506963778701737e-01	   9.5095753760765755e-01	   8.8676709548430410e-01	   3.7534876714124227e-01	   2.5429469749744588e-01	   1.2769875170201331e-01	   3.1355196509866007e-01	   4.2133996583551636e-01	   5.3135420453051352e-01	   2.7453258969746253e-01	   3.2102119054226869e-01	   3.4046959719916481e-01	   2.6253048430750570e-01	   3.5351117538021309e-01	   1.1670221043561288e-01	   6.9658568538528998e-01	   7.2703921751503020e-01	   2.5951414693427988e-01	   3.4493148821489983e-01	   6.1141601992166739e-01	   8.6905885617779233e-01	   2.3506360127864484e-01	   1.6600495942162033e-01	   6.4038507931563210e-02	  -8.5258330807697111e-02	  -2.8841628559825624e-02	  -2.0242622684206218e-01	   1.6641311452397012e-01	   1.3814086153936497e-02	  -2.3715890978129961e-01	  -1.8775157746997326e-01	  -1.8817303900595345e-01	  -1.1095152156703504e-01	  -9.5069316762202621e-02	  -1.4558683988957863e-01	  -3.3626085421284369e-01	  -2.4689792715351691e-01	   7.0982200893850945e-03	  -6.5706675135147039e-02	   3.8120228874939877e-01	   4.4178033746135520e-01	  -6.3797967329930177e-02	  -1.8162228270691966e-01	  -7.5046032698841983e-02	   1.2347415471491610e-01	   2.6764077418871841e-03	   1.2300488252368955e-01	   3.7433224297424389e-01	   9.3055176845013832e-01	   5.2423010375789514e-01	   7.3504984761056946e-01	   4.7394526259998271e-01	   3.8808149796895536e-01	   2.9229589998540706e-01	   3.1309803561896488e-01	   3.5532816718677368e-01	   1.9514676384370505e-01	   2.9038505350051680e-01	   4.7284282378075781e-01	   2.5558688648778294e-01	   2.3060322822652707e-01	   1.8424672721422383e-01	   1.9425990828011624e-01	  -3.2756876575914959e-02	   5.5254744871581496e-02	   5.2200844386537992e-01	   5.8164364226065679e-01	   7.8743687583539368e-01	   5.2597624926480635e-01	   4.2093466991740297e-01	   5.9468817690577147e-01	   3.0703281911405783e-01	   2.5266898760059620e-01	  -7.3503486659400694e-02	   2.8371931421174026e-02	   1.0138580361776581e-01	   2.4800195179886503e-01	   4.4770582993277208e-01	   2.8067981820886601e-01	   3.5945088175273798e-01	   2.5836034812593323e-01	   1.4439704189376190e-01	   3.7112625296614834e-03	  -8.6192205358787286e-02	  -8.3380599891364829e-02	  -1.6496408365944409e-01	  -1.5884230556239995e-01	   8.5346119939863996e-01	   4.4927604476462479e-01	   6.6910830648137765e-01	   6.1131241509405654e-01	   6.9864054844777168e-01	   5.4336254945452966e-01	   1.9179294709994549e-01	   2.8253390912443305e-01	   1.3328260890603303e-02	   2.7723527044403373e-01	   4.0183652939260968e-02	  -2.9746767693477333e-01	   1.3498705378646236e-01	  -2.5212712759677913e-02	   7.5608392713600814e-02	  -7.6163214701158791e-02	
   3.8438183763844314e-01	   8.0807966294142899e-02	   8.8646052328654101e-01	   7.1992682576755418e-01	   1.0212679702259069e+00	   6.8479733997112613e-01	   1.1410382024801524e+00	   5.7589141984357806e-01	   0.0000000000000000e+00	   8.0030877918992493e-01	   4.8194958051355080e-01	   3.1144353994784929e-01	   9.4715682023523118e-01	   5.0531733291323944e-01	   7.0703942540199705e-01	   6.4143623448173726e-01	  -1.0487434791255253e-01	  -1.4474248151709548e-01	   3.6908398241269841e-01	   1.8155864210071063e-01	   5.6393625389650937e-01	   6.1930121700191154e-01	   7.5827738102209286e-01	   6.4102616551712754e-01	   7.8190300359255593e-01	   7.1304786968836376e-01	   8.5016414830621556e-01	   6.7618737251436789e-01	   1.5716658646424145e-02	  -1.8520652796878749e-02	   3.8420165284014718e-01	   3.2728253418043823e-01	   5.4328756559132119e-01	   3.6826628750765927e-01	   5.0873476216788405e-01	   4.1411398350658146e-01	   2.8628402519833007e-01	   1.2439320946578307e-01	   3.3220403532399329e-01	   7.0499062005577581e-02	   1.9520135750398093e-01	   4.2936961589755449e-02	  -2.2392899667593386e-01	  -2.3771542053324057e-01	  -1.3061212445403628e-01	  -1.6256444928954381e-01	  -2.5494463437210058e-01	  -1.5022522720765483e-01	  -2.8865272604856385e-01	  -1.1337802119800688e-01	   2.8500996216964231e-01	   1.3593325985616439e-01	   8.3107930588306969e-02	   1.9130786553613094e-01	   2.0577035125483820e-01	   7.2654055567317896e-02	   1.1846647393390014e-01	   4.3926944072060187e-01	   3.0375483904973838e-01	  -4.4719682236701879e-04	   6.8600569424451008e-01	   5.3284415103223093e-01	   2.6524612748700332e-01	   2.1603894028464449e-01	   1.0199222419668985e+00	   7.8398541020644574e-01	   5.8448411937543743e-01	   3.0013007953739057e-01	   3.6420352993029370e-01	   4.7511076644805272e-01	   3.7589702153073778e-01	   2.6519349744007836e-01	  -9.4199388129325767e-02	  -3.2519250596458887e-01	   8.8220262311665097e-03	  -2.0071969951571494e-01	   5.0357150830283290e-02	   3.0554702040628871e-02	   1.4668272700576057e-01	   3.5427198182175718e-01	   5.6075085739605979e-01	   6.5612371381918677e-01	   6.9107999596961778e-01	   6.6649831331155340e-01	   8.6668081690251852e-01	   7.4305048425777875e-01	   4.0448612366338355e-01	   4.9898448621747915e-01	   7.7030591390075831e-01	   6.2436198363510109e-01	   5.6626286557670846e-01	   7.8321808615712507e-01	   6.6725221273161783e-01	   8.6312013717174141e-01	   3.4851632718735448e-01	   6.5858700923567025e-04	   6.0644900711862154e-02	  -6.0158269713555687e-02	  -1.3806541895044019e-01	   9.1689665865957254e-02	   6.0604541364446829e-01	   8.1460624061519726e-01	   2.6939360639660714e-01	   3.7332702949334401e-01	   6.3603689381150552e-01	   7.5758576606880557e-01	   4.0556450019422519e-01	   4.5129338974497235e-01	   2.9919167342082949e-02	   5.3430482688089564e-01	   2.9790783238824198e-01	  -2.6105994551032041e-01	  -3.7877768772620203e-02	  -2.5992211468078424e-02	   2.2582944496571913e-01	  -1.3861665139270379e-01	
   3.9033574929610637e-01	   1.2493193942792108e-01	   6.1791610599278490e-01	   8.5660240302050605e-01	   4.1002012707036795e-01	   1.1537481675227528e+00	   5.8153150749799221e-01	   6.2691512715331710e-01	   8.0030877918992493e-01	   0.0000000000000000e+00	   2.7802059565813780e-01	   3.7914543135306567e-01	   4.9110227600250372e-01	   6.3048638219071051e-01	   4.6706674049591701e-01	   7.7939227860653515e-01	   3.4979174684028128e-02	  -3.0400056372708876e-02	   4.4714738492137174e-01	   3.6636824842922361e-01	   6.3612769583471440e-01	   6.1866961174533197e-01	   6.1494516466283755e-01	   6.5346127681495780e-01	   4.9744910010380106e-01	   7.2163107145912964e-01	   6.7137166064136578e-01	   7.2176873711642642e-01	   1.6813228586481425e-02	   6.6109543444475477e-02	   5.0143294859061283e-01	   4.7261798652112619e-01	   6.7247027979032625e-01	   4.5534153060705090e-01	   3.3211815171186865e-01	   2.5310273566122471e-01	   2.4663697491718417e-01	   1.8792571242765724e-01	   2.5696518911983901e-01	   1.8788797701916285e-01	   1.4667555647100841e-01	   1.0566726884001934e-02	  -1.5248052744656213e-01	  -1.3386542659341474e-01	  -6.0727432026286048e-02	  -9.3645506282616781e-03	  -6.0992261934223579e-02	  -6.1754775658719424e-02	  -2.8547032477629475e-01	  -1.3303302504473588e-01	   1.7438558715739799e-01	   5.6568042010902986e-02	   8.3667420407723611e-02	   5.5799067347469596e-02	   2.5545076870542333e-01	   1.3688487009890640e-01	   3.3200602024412346e-01	   5.0364854700958395e-01	   7.5592449968022640e-02	   2.4485085461583112e-02	   3.8935052315509577e-01	   3.9609971765665375e-01	   1.3565414013275434e-01	   1.1109394747822990e-01	   5.7889412918517169e-01	   4.7012470853552996e-01	   3.4282103214083914e-01	   2.0865692367733205e-01	   6.3342065538152093e-01	   2.9176275271267393e-01	   3.5098898111084137e-01	   2.9358558117914030e-01	   5.5255666168068068e-02	  -4.9657102468746113e-02	   1.3237660082766603e-01	  -3.3248280973455425e-02	   2.2514622933333447e-01	   2.4645466904375790e-01	   3.0476433761870708e-01	   4.9056726608932177e-01	   6.3294450189988216e-01	   7.1968421786782244e-01	   4.5587348631336871e-01	   5.6204589693013751e-01	   6.6961612534999049e-01	   6.3428525263373270e-01	   3.5176914750857607e-01	   5.4905656551314508e-01	   5.4038467452339278e-01	   4.8412807463025975e-01	   6.5370396021086508e-01	   4.9857917320066275e-01	   7.2762145716972038e-01	   6.3905638962212274e-01	   3.2419798600218308e-01	   3.2244136918436200e-01	   1.8836418477555714e-01	   2.1520267303631144e-01	  -8.2057420901024289e-02	   8.8141142110731985e-02	   5.3364076046283326e-01	   4.6965886517174688e-01	   3.9309253753777357e-01	   3.8283283862698242e-01	   6.4392845562414247e-01	   7.7048436909656126e-01	   3.0093932209761198e-01	   3.6073665023699963e-01	  -2.1582632118999977e-02	   3.2811882881612836e-01	   2.8035213298616352e-01	  -1.0958104394748960e-01	  -6.4808997713358546e-02	   1.7494277697509178e-01	   3.9340827447357773e-01	   4.4676538296064279e-02	
   2.3375678008538175e-01	   8.6516556175045028e-02	   8.0586292827053221e-02	   1.8612853155798625e-01	   3.0879238111649582e-01	   3.6354302826444412e-01	   4.6833793391257433e-01	   5.3931532074989175e-01	   4.8194958051355080e-01	   2.7802059565813780e-01	   0.0000000000000000e+00	   9.1513161911765428e-01	   1.1802159937399055e+00	   8.4106270737386479e-01	   4.9831896137613596e-01	   3.7203195740758821e-01	   4.8302599555645542e-01	   3.7038688876147680e-01	  -5.0946935002063841e-02	   1.0204467019529660e-01	  -6.0896133757657378e-03	   3.9199109829842982e-02	  -1.1609244964524081e-01	  -1.5685725309876786e-01	  -1.2406571015045718e-01	  -1.3798760957809583e-01	   1.4978039668436710e-01	  -2.9311127383701379e-02	   4.8457252787032701e-01	   3.8152449076217426e-01	  -2.5373466849860254e-01	  -2.5017477131337973e-01	   1.1040422885268092e-01	   2.1110413536628370e-01	  -1.6269328162919716e-01	  -1.4409633862218127e-01	  -1.2028555924115224e-01	  -1.9762345544361143e-01	  -6.7492102238696117e-02	  -1.3103611405364124e-01	   1.4954517249815719e-01	   4.5863788482303464e-02	  -1.9795810756666998e-01	  -7.7744940253880887e-02	  -4.5556400515924821e-02	   4.0240805617867081e-02	   1.3508520508308071e-02	  -1.0423696397976025e-01	  -4.3328334890136738e-02	  -1.3459580210484851e-01	  -4.8165324908225594e-02	  -3.9990794570558118e-02	   1.5201749774820347e-01	   1.2040518310331733e-01	   1.8508839041801717e-01	  -1.2123551244026562e-03	  -9.6230190359347240e-02	   1.1638336959914637e-01	   3.8846920524430001e-01	   2.0730460016738608e-01	   6.4818886031314893e-01	   3.7685009578674333e-01	   8.2278046500905211e-01	   7.7540213028202176e-01	   8.6922327123266210e-02	   1.9979279826347490e-02	   1.9239098354541911e-01	   1.1076671495234706e-01	   2.7047862253731880e-01	   2.0607769805293838e-01	  -1.3054925041722140e-01	  -1.1106168514714793e-01	  -8.5975573229255635e-03	   2.7399271508168871e-02	  -4.8388918926962683e-02	  -2.2295542996849556e-03	  -1.6396885063695599e-01	  -1.8926312017070990e-01	   2.4412790026839007e-01	   3.4480142171791323e-01	   4.8920223835514576e-01	   3.5283340891665060e-01	   2.0361646180771897e-01	   1.9247925204568114e-01	   1.2270740598854024e-01	   8.8305014103453427e-02	  -2.0411395956587450e-01	  -4.3863277015102856e-02	   1.6297006676062614e-01	   1.0919541425744347e-01	  -6.4531761879751515e-02	  -9.1128990732171122e-02	  -1.5239261526329445e-01	  -6.8744457118743343e-02	   1.8753297220731069e-01	   6.3033255122355789e-02	   1.1376840620296964e-01	   7.2452242069668008e-02	  -1.7504678940355112e-02	  -1.4120756031861656e-01	   2.0072431492598053e-01	   2.9558641065372976e-01	   2.5076095615671046e-01	   3.4557912671385399e-01	   3.3652568920126907e-01	   2.1216325371279340e-01	   2.9401345892641578e-01	   1.8183382450080740e-01	   5.7624531410555617e-02	   2.8583456646327143e-01	  -7.6481091622170885e-02	  -3.6997628845487590e-01	  -7.8607112301207985e-03	  -4.7164451906346619e-02	   6.0069790374026211e-02	   2.4140283765346895e-02	
   1.5178321454108022e-02	   5.4545886030721941e-02	   6.2610422882248301e-02	   4.7125917069693923e-01	   3.6745055470364990e-01	   6.3513107433898608e-01	   3.4470002999257882e-01	   9.4019950059453228e-01	   3.1144353994784929e-01	   3.7914543135306567e-01	   9.1513161911765428e-01	   0.0000000000000000e+00	   6.0669981875951517e-01	   1.3364392920161658e+00	   7.2269535347348468e-01	   8.2384182794880556e-01	   4.9129629859275559e-01	   3.8738284287245800e-01	   4.3465539201024223e-02	   3.6875134342849647e-01	   2.1557016659326061e-01	   3.8998373128226116e-01	  -1.7512483620553923e-02	   7.3776380372667497e-02	  -4.2547430633785429e-03	   2.2585336652380605e-02	   2.6160826071812671e-01	   6.5238314842345047e-02	   6.6333514353744572e-01	   7.1852917535946492e-01	  -2.9306544156274629e-02	   4.2802772843994211e-02	   3.1588845475357996e-01	   6.6005493142786231e-01	  -1.3324466856592934e-01	  -8.3912884225153223e-02	  -1.0191644884075052e-01	  -1.3430812960849181e-01	  -1.3089938739493670e-01	  -1.0296547933223246e-01	   6.2049511503785383e-02	  -8.4717501986395528e-03	  -2.2665186522318126e-01	  -1.4457093401383431e-01	  -1.6684063691363277e-01	  -3.9772666631643500e-02	   1.4548256454948014e-02	  -1.3821231102183448e-01	  -1.2899308815860211e-01	  -1.4365144486585349e-01	  -3.8887809485666891e-02	  -2.1741478320758120e-02	   3.1643441547265522e-01	   2.5639295530108519e-01	   3.2526437405372588e-02	  -8.9113312899106012e-02	  -8.2324444113743747e-02	   1.2808672962222115e-01	   1.1262038542874228e-01	   3.4849581897621962e-01	   2.7937355667744257e-01	   6.7391748360279591e-01	   7.5088043859767106e-01	   1.1532966941716714e+00	   3.5988440931394576e-02	   5.8465435583945943e-02	   6.7979037773038209e-02	   1.4006860529879081e-01	   3.1088382041151746e-01	   1.4769889289798521e-01	   2.1689455382766749e-02	   1.8873322585551322e-01	   4.0322604166458137e-02	   2.1596290364314194e-01	  -4.6845918094072077e-02	   9.7726783680821952e-02	  -1.9235352860337174e-01	  -5.9777448615895887e-02	   4.2295389676591116e-01	   4.2895296700602314e-01	   7.6783372951488105e-01	   4.8973030247923827e-01	   3.3814390914653814e-01	   4.5031560626222950e-01	   1.0909063774332012e-01	   1.6491762997342663e-01	  -2.2599242579773599e-01	  -2.7698728689483840e-02	  -2.5044419807559466e-03	   1.8944371519191805e-01	   1.0364962462215056e-01	  -4.4178384808611165e-02	   5.8938970482012971e-02	  -9.2924889719069093e-02	   2.1277622565483958e-01	   7.4269613450784880e-02	   5.1350766741832560e-02	   5.5532875201611751e-02	  -6.8281985922468619e-02	  -2.4341057286592946e-01	   4.5172755246864865e-01	   1.3472280848138951e-01	   4.8679805216306848e-01	   4.2413663940806356e-01	   5.0644794163113527e-01	   3.1821923245375183e-01	   2.6633765392744380e-01	   1.7065820692583558e-01	   8.8393001957382922e-02	   3.5173020352768258e-01	  -8.5845067128733549e-02	  -3.9960344427346617e-01	  -9.6927825817874486e-03	   3.9218564210698470e-02	   1.6395679601420077e-01	   1.3921918010902619e-02	
   3.0361151860794111e-01	  -2.6491977759768220e-02	   5.6530008649312646e-01	   4.9204024400409979e-01	   6.0308275646371579e-01	   4.9787606543232199e-01	   9.6972652500775580e-01	   6.5695176152550305e-01	   9.4715682023523118e-01	   4.9110227600250372e-01	   1.1802159937399055e+00	   6.0669981875951517e-01	   0.0000000000000000e+00	   7.5609811993328835e-01	   7.8636872923932855e-01	   5.6387729899770123e-01	   1.5356254439298217e-01	   1.3904277040651597e-01	   9.2609499550988988e-02	   1.1252082914042455e-02	   2.9783740614699711e-01	   2.7125952847716456e-01	   3.6060974456648015e-01	   2.3626805428924214e-01	   3.3182848424195927e-01	   2.6132327947985118e-01	   4.6067469372474990e-01	   2.7928530984996008e-01	   2.8792816259927617e-01	   2.3880740549227231e-01	   1.1076882681276913e-01	   7.7033199932638435e-02	   3.6963442194026525e-01	   3.4746351220773181e-01	   3.2609915182016558e-01	   2.7084265258543766e-01	   9.7161440833840026e-02	   4.6037940699816000e-03	   1.5678732124887443e-01	  -1.3069388751516038e-02	   2.2050328292330076e-01	   8.9181636064858655e-02	  -2.4072724677832574e-01	  -1.6826821411784740e-01	  -1.1215810970118362e-01	  -8.6386737426472029e-02	  -1.6490470961104789e-01	  -1.2822984340049931e-01	  -2.2929281323156214e-01	  -1.2216713558925721e-01	   1.5381567708600538e-01	   7.5000221576375953e-02	   1.5287216396364484e-01	   2.3309903470917906e-01	   2.0989596997466681e-01	   5.5036627992130537e-03	  -7.6468322806609756e-02	   2.8741786474502962e-01	   3.4149674201325486e-01	   6.1421559346208791e-02	   7.6862699351794717e-01	   5.1351073359416433e-01	   4.5008291785842131e-01	   4.2139734791254868e-01	   6.3853921667447300e-01	   5.0425230847729918e-01	   4.9478941349435918e-01	   3.3477527074526336e-01	   3.3036136180643588e-01	   3.7070012213951492e-01	   1.1345647071978780e-01	   6.2781286894573185e-02	  -4.2584624327758353e-03	  -8.8931438420073269e-02	   4.1016647892724932e-02	  -1.1857771292526062e-02	   4.1716291984672568e-02	   2.4635814733986818e-02	   2.3309202829258011e-01	   4.5593449702177824e-01	   5.8567043192177626e-01	   5.4368753823743521e-01	   4.3562079472449811e-01	   3.8237197795259009e-01	   5.4491918456146826e-01	   4.0819024672267240e-01	   1.1840936518976600e-01	   2.0089937375097541e-01	   4.8500846910111617e-01	   3.3310949107100052e-01	   2.7904257463179882e-01	   2.2751150662163419e-01	   1.9986205699419193e-01	   3.6531124374426954e-01	   1.3453959926736322e-01	   5.2793133502497903e-02	  -4.8216232620438672e-03	  -7.7817299682267721e-02	  -1.6634046842954636e-01	  -7.8635273356204086e-02	   3.9841700320495038e-01	   6.4204489963638067e-01	   2.2023711468169199e-01	   3.6364225154068125e-01	   4.9488816042019917e-01	   5.4726367769198647e-01	   3.6830189640987671e-01	   3.6177620531341248e-01	   5.3596463703255132e-02	   2.9544638352310792e-01	   1.2028318288365053e-01	  -3.4254827660700393e-01	   9.8032781776601421e-03	   2.8122065952275888e-02	   2.0345119161607006e-01	  -9.0398699594229099e-03	
