   0.0000000000000000e+00	   1.4181146947950045e+00	   3.1584749448707583e-01	   3.0806327035543435e-01	   2.8939994603557812e-01	   1.9884538325967721e-01	   1.5263517327963677e-01	   9.1970760447478830e-02	   2.7145344362880341e-01	   2.2046943245406549e-02	   6.7733815986986179e-01	   4.1026132735579840e-01	   2.9690209305506454e-01	   3.0371492827040303e-01	   3.8120220066120986e-01	   3.5417285394331022e-01	   9.8913246664728049e-01	   9.6597857453298053e-01	   9.3289025809090498e-01	   9.2433747342611838e-01	   2.9912173636082218e-01	   1.6989787012725127e-01	   1.5842230487608638e-01	   1.0112827034651964e-01	   2.3060791513768480e-01	   1.5787901076337804e-01	   3.0594226802302399e-01	   2.1908863619063151e-01	   6.2996872582971264e-01	   5.2365859367713607e-01	   3.0060587187213894e-01	   2.5699060546389918e-01	   7.5245534797085634e-01	   6.2448183356089648e-01	  -9.2326341536466239e-02	  -4.7640571348390261e-02	   4.9661143584443102e-01	   5.0662392074928131e-01	   5.0962172810381279e-01	   8.1785208926036679e-01	   5.5545039609297975e-01	   5.1959482670207668e-01	   2.7601641735041516e-01	   2.8357665474985166e-01	  -2.3109442883707371e-03	   3.7717245022768832e-02	   3.9391849000284851e-01	   4.9388089540204771e-01	   7.8076536002204988e-02	   4.4405367952018243e-02	   3.1465414137210768e-01	   2.6291048170960191e-01	   7.1959564464361292e-01	   5.3953623064038192e-01	   7.0087962480026922e-01	   5.8633926348555354e-01	   1.2064908789086601e+00	   1.0531262334205620e+00	   6.8175268674117528e-01	   1.8651734121423755e-01	   5.0696724656872372e-01	   2.2769884081102282e-01	   8.7230381816830604e-01	   6.4048943937400138e-01	   2.2639166309384978e-02	   1.1033562820276585e-01	   3.6320679905751829e-02	  -4.4976854673104756e-02	   6.4607426943840496e-01	   6.7497617570249280e-01	   2.0376872029255344e-01	  -6.1351069870523717e-02	   5.5281318361213327e-01	   4.7885190658388743e-01	   4.3871531371360573e-01	   3.0969260310625524e-01	   3.2502469962146663e-01	   1.9937596774090482e-01	   6.4575345085105051e-01	   7.1087351186869430e-01	   6.8607682220420640e-01	   7.5985912009183609e-01	   5.1529633318336288e-01	   4.1585419583514599e-01	   3.7646036154467177e-01	   3.7211470540950475e-01	   4.2934863651642041e-01	   8.9491838548079211e-02	   5.8732329886906132e-01	   5.3386701815779958e-01	   2.7686310488483445e-01	  -7.6632035595742304e-02	  -5.6263117919090722e-02	   4.8348170952548918e-02	   2.5124678523278499e-01	   1.2169309144019051e-01	   6.1972675323088278e-01	   4.4857829710600761e-01	   3.9568652971410367e-01	   4.5837477182696235e-01	   9.4549565750641135e-02	   2.7707664541466182e-01	   4.3253633264371238e-01	   5.2226212800389749e-01	   3.7088081290889130e-01	   3.5493238464820459e-01	   2.9711672955472029e-01	   3.4033961692868049e-02	   1.6737783554647884e-01	   4.6942786080169430e-01	   2.4990557329275173e-01	   4.3553067765115439e-01	   4.2069991347473235e-01	   5.3132275475923574e-01	   5.1360608400460273e-01	   1.6635070521910553e-01	
   1.4181146947950045e+00	   0.0000000000000000e+00	   2.4619097606061691e-01	   4.3553418159363244e-01	   1.9051512593433562e-01	   2.5757857453805122e-01	   1.5853829566948188e-01	   2.0051453967908617e-01	   2.3112769710068884e-01	   1.7900391352990672e-01	   5.1582397997714569e-01	   4.2972757512250426e-01	   2.9544878799195901e-01	   3.8443451870683915e-01	   4.0998389705058536e-01	   4.3929166242849993e-01	   1.0025373763632264e+00	   1.0368164785156246e+00	   6.6719999893483328e-01	   9.4075477582067080e-01	   2.9237081721173819e-01	   2.0008811770618426e-01	   2.2985273343490698e-01	   2.1683862290228109e-01	   2.8302845414942418e-01	   2.9258219828612569e-01	   3.3358589709244318e-01	   2.5199452326739397e-01	   5.5021071029347279e-01	   5.7476924431856102e-01	   3.1422328983440512e-01	   3.2082524513981542e-01	   6.2483811925056776e-01	   6.2676392087488286e-01	   4.8012407247574954e-02	   9.6607341097272051e-02	   6.1924959052180917e-01	   5.7312164239381280e-01	   5.0076300769532489e-01	   8.2888382853625053e-01	   6.0605996299180542e-01	   5.6271038454279398e-01	   2.4802075091064893e-01	   2.6091976804093386e-01	  -5.4472601358494434e-03	   7.0670497791588210e-02	   3.4814852563431453e-01	   4.6113370184370683e-01	   3.9927463504677685e-02	   1.4423576859360954e-01	   3.9099707507563464e-01	   3.6639229861502132e-01	   7.3399650326999510e-01	   6.5060822470501367e-01	   6.5960421709584349e-01	   5.9471264565308135e-01	   1.2204539026305921e+00	   1.3466031572678674e+00	   7.5581176726070809e-01	   4.1186613184285115e-01	   4.5130750614410881e-01	   3.5730312045699125e-01	   6.2647494667563020e-01	   5.3263572802520986e-01	   1.3970184718376449e-01	   3.0815895969462381e-01	   7.3733283907818234e-02	   4.2911509465011530e-02	   6.2919989728789960e-01	   8.7148032789584473e-01	   2.9990746942152646e-01	   1.1407569253067289e-01	   5.3029601294651496e-01	   5.2835550626416783e-01	   4.6447424876599169e-01	   3.7171729378492047e-01	   2.9658505965836701e-01	   2.7557153579034266e-01	   7.9378339993392966e-01	   8.9623219990748904e-01	   8.4289017493631546e-01	   8.5007613824022576e-01	   5.8349144961375832e-01	   4.6206281895284895e-01	   5.0291223217372594e-01	   5.2915467540025174e-01	   4.3965375471254187e-01	   2.1753284104347739e-01	   6.0515423868095042e-01	   6.3269695629432487e-01	   3.2607346685824035e-01	  -6.6769866458257998e-02	   9.1349379385597368e-02	  -5.6222356923402964e-04	   1.3184625866557090e-01	  -5.0000160708548553e-03	   6.6408593907222768e-01	   4.3585843795478152e-01	   4.0172465164142684e-01	   4.6106520139963603e-01	   1.7947433249108199e-01	   3.1024268910493796e-01	   5.0539703985944062e-01	   5.1229390282457654e-01	   4.8661663379081788e-01	   4.3231949922823582e-01	   4.2720638419027024e-01	   1.4242577700390260e-01	   1.1218319176227123e-01	   4.1335740750758659e-01	   3.1210475833960238e-01	   5.5216672996843474e-01	   4.9158015771169816e-01	   6.2846671867398707e-01	   5.5672991227156432e-01	   3.1750920036835911e-01	
   3.1584749448707583e-01	   2.4619097606061691e-01	   0.0000000000000000e+00	   9.8095427842652205e-01	   5.5340745024853299e-01	   6.0750208785343718e-01	   9.4297818505306474e-01	   6.4158285549185412e-01	   4.6430806120074219e-01	   2.9105819480056805e-01	   4.1266265044005479e-01	   3.8532678568452405e-01	   5.4662222917117009e-01	   4.8625664736103014e-01	   6.2485205179295089e-01	   4.4998587364305176e-01	   2.7399419809116765e-01	   2.1723599914600281e-01	   6.1600040182228377e-01	   5.9066025244016829e-01	   6.6801120550459570e-01	   5.7638922815256044e-01	   1.1082851971666341e+00	   8.3056862529435505e-01	   6.4782843604835516e-01	   5.7428696903407350e-01	   5.8228095315548278e-01	   4.4501811481395959e-01	   3.0323670145742421e-01	   2.0027691261269751e-01	   8.5955055774469846e-01	   6.1365859638006615e-01	   8.2129368978914907e-01	   6.7404629852429199e-01	   5.9627619303434043e-01	   6.0614093120435120e-01	   6.5272752273988865e-01	   4.2372993795783614e-01	   6.9104830614346413e-01	   4.0950670547720042e-01	   7.8430041038488951e-01	   3.7302679708415032e-01	   1.5165403312176681e-01	   1.8005324786621060e-01	   3.0087273735527892e-01	   3.3850868796595940e-01	   3.0405422773935381e-01	   5.5380395681215444e-01	   4.6980983389337366e-01	   4.4941940842257999e-01	   8.9244912140484178e-01	   7.0248896572912756e-01	   5.1069326483971011e-01	   6.5517791967826100e-01	   9.4625921599240892e-01	   7.0119397220109170e-01	  -5.6451725805508994e-03	   5.9328152732993716e-02	   3.6497343125288290e-01	   2.0425819774766679e-01	   6.4227438410465221e-01	   3.0864872071277416e-01	   7.0517394731583971e-01	   5.7193776130863672e-01	   7.2419932982732793e-01	   6.2763401600395741e-01	   8.7088748385831649e-01	   7.0450016698939288e-01	   2.6290386072241162e-01	   4.7203149023383556e-01	   7.8700383438938737e-01	   5.9135979388951865e-01	   5.5582073852592606e-01	   5.0740418867714121e-01	   5.1985822113943536e-01	   5.3545861024814478e-01	   8.9287512383646361e-01	   6.7208789297655924e-01	   9.2270367083738133e-02	   1.4790343019334129e-01	   3.2461459361823453e-01	   4.4451555392925612e-01	   6.5033202564073611e-01	   3.2528914499791378e-01	   9.3570655384333279e-01	   7.5761069207744691e-01	   5.9518104388403925e-01	   4.0829071751550833e-01	   9.0754896352509840e-01	   6.9468548906610483e-01	   9.8123364434485993e-01	   6.5177896606910823e-01	   5.6965486009570698e-01	   8.1360156985906629e-01	   1.1484027230149138e-01	   7.7771517458726791e-02	   6.9255968145749158e-01	   3.4220698532882499e-01	   8.2488509675940802e-01	   8.1255179303017921e-01	   6.8729176274470627e-01	   7.9918137380644516e-01	   7.2521131866620547e-01	   9.2585563168769069e-01	   4.2390576703467314e-01	   5.0865619069541834e-01	   4.9292552033363829e-01	   4.9511519229753298e-01	   2.8101037329031026e-01	   4.5071197387977113e-01	   5.5728175134166913e-01	   6.4319888035196249e-01	   4.9482089286845460e-01	   4.3052989635300293e-01	   4.4097717124791702e-01	   3.5895922005087386e-02	
   3.0806327035543435e-01	   4.3553418159363244e-01	   9.8095427842652205e-01	   0.0000000000000000e+00	   5.4015332828432161e-01	   1.0334006160701017e+00	   7.1418801100068030e-01	   9.9598186842450886e-01	   4.5144230133970514e-01	   7.4970390605982085e-01	   1.6374586753393991e-01	   5.0031801438636503e-01	   4.4541224221642983e-01	   7.0757878283968156e-01	   4.9634812520133309e-01	   8.0116210402724652e-01	   4.5898884177619159e-01	   4.1014781599985151e-01	   3.4677841616332988e-01	   6.1248990739083997e-01	   7.3525639829384748e-01	   7.4115056037875315e-01	   1.1885927290993739e+00	   1.4518470776566739e+00	   8.5553645037934034e-01	   1.0705430328335894e+00	   7.9112077905576395e-01	   6.9244234303414609e-01	   1.8046871399252956e-01	   1.8770835550253123e-01	   9.6071673266215030e-01	   8.7541557492930122e-01	   8.1049838215181946e-01	   8.4628117711270168e-01	   9.7192568721100481e-01	   1.1085963108111359e+00	   7.0102117330835212e-01	   3.7606238650020496e-01	   6.6155245122902739e-01	   3.7838124329790290e-01	   7.3916667077586162e-01	   2.7184841488315425e-01	   8.4303671130377025e-02	   4.6034590016037186e-02	   4.3656578475699581e-01	   5.3155993398962498e-01	   1.6018077510423834e-01	   4.6713690801401936e-01	   2.8294976873121908e-01	   4.8813581516978310e-01	   7.9629479475243747e-01	   6.3575358103920188e-01	   4.0026838657246899e-01	   6.2209184981605903e-01	   6.7621844206503112e-01	   5.5140837202490967e-01	   1.2988852907893333e-01	   2.8166989639471762e-01	   3.1416593988070524e-01	   4.9432245806695241e-01	   4.6118984547837305e-01	   6.3418614998885892e-01	   5.4874862540460834e-01	   4.1938072990145170e-01	   9.8706455698816875e-01	   1.1752517984212507e+00	   9.0903500171316898e-01	   9.8387246813559703e-01	   4.3751888473157446e-01	   7.7419391856025499e-01	   6.9133693824778364e-01	   7.9264959921947831e-01	   4.5315334128644980e-01	   5.2248757887719566e-01	   4.3154042732956693e-01	   5.4679802568968072e-01	   6.4292292456834299e-01	   7.2687722816968825e-01	   3.5174320528238001e-01	   3.5736991433727022e-01	   6.0578612221426809e-01	   5.8993592581671950e-01	   7.2380383792130942e-01	   3.2877164230434958e-01	   1.1051009301505943e+00	   1.2078870741322247e+00	   6.3155949946412937e-01	   3.8762568582849538e-01	   9.3145908344843154e-01	   8.7140692278241505e-01	   1.1008391119957721e+00	   5.6263710707952763e-01	   8.6375553210640654e-01	   7.3085391777087427e-01	   9.4055708572518340e-02	   1.8669282112444070e-02	   6.3467612229376047e-01	   3.1465942729413499e-01	   6.3763609768956375e-01	   6.7002493861710410e-01	   9.6397316925875665e-01	   8.5889325166943409e-01	   8.4903660076630927e-01	   8.2871476860682924e-01	   4.2828098542708365e-01	   4.9135579100732885e-01	   6.9817201021701758e-01	   6.9133271653607686e-01	   3.0525432256605411e-01	   4.0260440825999882e-01	   7.1550993939221519e-01	   8.8404602385728737e-01	   6.2991523783310033e-01	   5.9744134682544514e-01	   3.8005047183338714e-01	   6.1094503157188756e-02	
   2.8939994603557812e-01	   1.9051512593433562e-01	   5.5340745024853299e-01	   5.4015332828432161e-01	   0.0000000000000000e+00	   1.1679670521448811e+00	   6.3099967516983102e-01	   6.4605788927700469e-01	   1.0734578457773010e+00	   6.5205158501406357e-01	   3.5660105358806560e-01	   5.3298477321116833e-01	   4.8566564796778500e-01	   5.7169509051389955e-01	   6.2957495616346548e-01	   7.4264170055275969e-01	   2.4989389066599796e-01	   1.4931556947085961e-01	   3.5427478985204436e-01	   5.2609604600221394e-01	   8.6374653975788784e-01	   8.2436154475440715e-01	   4.8599847225996429e-01	   4.6350378095202394e-01	   8.8319700009147750e-01	   5.7328577555657800e-01	   1.1141247608307132e+00	   9.9552595395927634e-01	   3.3309977998621643e-01	   1.9983945392276239e-01	   7.3197940935962724e-01	   6.0492507967354225e-01	   3.4873754036663307e-01	   3.7844167599885614e-01	   3.1186574629073377e-01	   3.3088875670997142e-01	   1.9927171142963629e-01	  -2.8638880405604850e-02	   1.6576495000149247e-01	   8.6943371549527845e-02	   3.6596513914534351e-01	   1.3026520937024369e-01	   3.4715593859776717e-01	   1.9305273842266163e-01	   5.3067513691778578e-01	   4.6149346856234424e-01	   2.6344174677457621e-01	   4.1726626271508005e-01	   4.8494050258023075e-01	   3.7681823697563555e-01	   3.7749966875777685e-01	   2.1306440225522791e-01	   3.7880433873453306e-01	   3.0804506614697502e-01	   3.6653156485762250e-01	   3.6469198593131708e-01	   3.5417317442729877e-02	   1.6287498617325924e-01	   2.2736559051749478e-01	   4.0755665922482981e-01	   6.5998371147974666e-01	   5.4707400689307628e-01	   3.2986894209119794e-01	   2.2672072373838992e-01	   2.9122358566797590e-01	   2.9478018944469125e-01	   3.9007431238472434e-01	   3.3323013947401775e-01	   4.0241167650504800e-01	   4.4108049451282316e-01	   5.9725883560077597e-01	   4.4048674941986460e-01	   4.3022380088863610e-01	   2.7828805589418454e-01	   3.4644382473638274e-01	   2.3670305130443164e-01	   3.7048233063770702e-01	   3.7301585535272974e-01	   1.9199580288049400e-01	   1.7905972747191867e-01	   4.0954276330475886e-01	   3.2597975188212819e-01	   4.1740381722783892e-01	   3.1728310566813045e-01	   4.1056384332606710e-01	   3.8325625278598136e-01	   3.2104500332676877e-01	  -3.7678622156333838e-03	   6.5168426225195464e-01	   6.0512974212178838e-01	   6.9402153256567189e-01	   4.3215696554202698e-01	   2.6100414911586123e-01	   4.3598981839486461e-01	   1.1404575348661661e-01	  -1.1470126914148195e-01	   1.7978683600174028e-01	   2.6206733662705851e-02	   4.4076117284806404e-01	   4.0853805088701683e-01	   3.1281393901907473e-01	   2.8793865133115482e-01	   2.2192321639790286e-01	   2.2545274661199374e-01	  -9.9821963708337333e-02	  -6.4737900328750101e-03	   1.8978143723115007e-01	   5.6505799656036637e-02	   6.9840134809617649e-01	   3.3406888852842087e-01	   3.6378608879654550e-01	   4.6503795332796694e-01	   3.8505101866983965e-01	   1.7598000399523958e-01	   1.6755940873411865e-01	  -2.2923618295236969e-01	
   1.9884538325967721e-01	   2.5757857453805122e-01	   6.0750208785343718e-01	   1.0334006160701017e+00	   1.1679670521448811e+00	   0.0000000000000000e+00	   5.8974300320996687e-01	   9.5123858167340813e-01	   7.5442454658735048e-01	   1.0799885214835383e+00	   1.5423917109759167e-01	   5.5401886331804551e-01	   4.0840298653048535e-01	   6.9854188070078249e-01	   5.2483066514606103e-01	   9.6024534513209603e-01	   3.1144887642492119e-01	   2.4195058990301113e-01	   1.9175887298726219e-01	   4.8941544493051919e-01	   1.0438195094012168e+00	   1.0294754000649253e+00	   8.7968211664663776e-01	   1.0539341076205038e+00	   1.2944829658988746e+00	   1.2212115443386495e+00	   1.3775445517384795e+00	   1.1983398187533574e+00	   1.7542099299646186e-01	   1.4868462135671892e-01	   1.0256723604357161e+00	   9.0057842155796497e-01	   4.5998675702379754e-01	   5.4705722351331521e-01	   7.4646368515738426e-01	   8.1418816243881842e-01	   4.1883483019863021e-01	   1.2541580445533981e-01	   3.6775418535262311e-01	   2.1880044763669415e-01	   5.4540511054356478e-01	   1.9875368450725051e-01	   1.1030591812600624e-01	   1.3481053622438665e-02	   5.0365955870280965e-01	   5.2245271254361025e-01	   6.8427660732229667e-02	   3.1054490270258439e-01	   2.7873253544037591e-01	   3.9487209833769249e-01	   4.6440310053034461e-01	   3.6179203880900085e-01	   3.0959730141458902e-01	   4.7930477657410447e-01	   4.0050327592484092e-01	   3.6970368398107079e-01	   6.7965444284804416e-02	   2.0249192096933302e-01	   1.8606886063664704e-01	   6.3800076863790289e-01	   4.9039647266085196e-01	   7.5387602692443034e-01	   3.1334514615063186e-01	   2.4327440871052616e-01	   6.5567844688113841e-01	   7.8168351850951834e-01	   5.7526506284061785e-01	   6.2495009623887665e-01	   4.9502609614357468e-01	   6.4363140274308772e-01	   6.3928575145369548e-01	   7.1660686073520297e-01	   4.4972075907121961e-01	   3.8432051104955400e-01	   3.7223823358528402e-01	   3.8339342633805684e-01	   3.9498801771044806e-01	   5.3774291447191247e-01	   2.6775120500570687e-01	   2.2437867711364537e-01	   5.0946645037655358e-01	   4.2741556866847363e-01	   5.8965133073062714e-01	   2.8351492074238360e-01	   6.6147106569126779e-01	   7.4807936664616559e-01	   4.8654230642974466e-01	   1.0196610313755933e-01	   7.5883523953594334e-01	   7.7010665187206928e-01	   9.1029956759616415e-01	   5.2131527658030197e-01	   6.4993465242615256e-01	   5.7319956696291785e-01	   9.8491540576642084e-02	  -5.8746510007475952e-02	   3.1339459893317689e-01	   1.9016671163841423e-01	   4.5495155365492490e-01	   4.1783627916894928e-01	   6.7762789769211551e-01	   5.3919090185656871e-01	   5.2556248957661200e-01	   3.9781554795605834e-01	   1.4377085492466660e-01	   2.2356384981273522e-01	   3.8241468121523470e-01	   2.7622645492700093e-01	   6.3235509410190416e-01	   4.0933009289797179e-01	   5.8691564574774235e-01	   6.5064387181128958e-01	   5.4065973478420559e-01	   4.1919458684250355e-01	   2.5195316932773604e-01	  -7.5352282260664649e-02	
   1.5263517327963677e-01	   1.5853829566948188e-01	   9.4297818505306474e-01	   7.1418801100068030e-01	   6.3099967516983102e-01	   5.8974300320996687e-01	   0.0000000000000000e+00	   1.2398183103111111e+00	   1.0012887142995550e+00	   6.7368721466581560e-01	   5.2823333998560518e-01	   6.4790019022626277e-01	   1.1337961299677319e+00	   9.2045155850416949e-01	   8.7958643251825497e-01	   6.6569774516071123e-01	   1.5203478921716176e-01	   8.6320020802229322e-02	   3.0613764541257094e-01	   4.0749750938701990e-01	   4.2854207481782397e-01	   4.4094131697265776e-01	   6.0112085541431526e-01	   5.2771324888072701e-01	   4.0081520356279154e-01	   3.2582108458245557e-01	   3.7921684982095860e-01	   2.8635481662226192e-01	   4.3493829468512463e-01	   3.5736978529484731e-01	   6.8246564660379294e-01	   6.1644778673496059e-01	   3.4993933274757139e-01	   3.9971937912183059e-01	   4.5925830085147851e-01	   4.8117145995522875e-01	   4.0466411752430032e-01	   8.4835389351768903e-02	   2.9707772499675872e-01	   1.2006631475331689e-01	   5.8874123697736680e-01	   8.7093571748147233e-02	   2.0702206031834514e-01	   1.4518188225321083e-01	   4.5852603360383570e-01	   4.4054311891497805e-01	   3.4033213183847921e-01	   5.1055029956156106e-01	   4.8558986106574809e-01	   5.2563363494328041e-01	   5.8806603060257323e-01	   5.0808963023208931e-01	   5.1228573411630074e-01	   4.0554154477266197e-01	   5.6504904937581568e-01	   5.1529545518043551e-01	  -1.7633232724599654e-01	   5.5346186292841035e-02	   2.6212574106824160e-01	   6.1312341455224939e-01	   9.3177442913450914e-01	   7.0122295683144098e-01	   3.2408670520811350e-01	   2.2099892715123609e-01	   5.4062811606650896e-01	   5.3823443459511877e-01	   4.7753910332728755e-01	   4.5044420631617471e-01	   7.1044907117643755e-03	   2.8396332058825635e-01	   7.3637317286052273e-01	   6.8035205046327318e-01	   4.3056026310158224e-01	   3.5880322486288013e-01	   5.6597159352278248e-01	   5.8659905608294471e-01	   5.8294674536489999e-01	   5.4936122686161237e-01	   1.3812230212813995e-01	   1.4814842161872679e-01	   3.2575857750381870e-01	   2.0853349828068080e-01	   3.6861497648226677e-01	   3.1992518133080489e-01	   7.2180583396383635e-01	   5.4275629704809225e-01	   3.2669349231933226e-01	   2.8876927534168501e-01	   8.0881595674706874e-01	   7.8079422100437612e-01	   7.5886519109221251e-01	   4.3301331899810602e-01	   3.1875150967771382e-01	   4.2606629766133070e-01	  -1.6303494320180512e-01	  -2.6645074128368562e-01	   3.3688997590416264e-01	   4.2965119908345971e-02	   6.7602981214955438e-01	   6.1795692306030214e-01	   5.0530915897498607e-01	   4.9405778655948440e-01	   3.9353038022365938e-01	   5.8472001807522500e-01	   1.3030999840950128e-01	   2.1022827286442447e-01	   4.4447992453377400e-01	   3.4361026135278661e-01	   2.2007579221164791e-01	   3.8365138002029245e-02	   3.5833440921932469e-01	   5.7226051527104471e-01	   5.1061160293082941e-01	   2.0493447756415897e-01	   2.6887829833780019e-01	  -5.4349737100833108e-02	
   9.1970760447478830e-02	   2.0051453967908617e-01	   6.4158285549185412e-01	   9.9598186842450886e-01	   6.4605788927700469e-01	   9.5123858167340813e-01	   1.2398183103111111e+00	   0.0000000000000000e+00	   8.6225707854519573e-01	   1.2243328092528376e+00	   2.4109630839359769e-01	   7.7171707762414377e-01	   8.4033402476107610e-01	   1.1740056338046949e+00	   6.8000112525889111e-01	   1.0149632593585887e+00	   2.5743487532840015e-01	   2.0507036048945693e-01	   9.5560910411074132e-02	   3.6331338449699657e-01	   5.0794602076384388e-01	   5.5719447104598552e-01	   6.6626732694394120e-01	   8.1718851076915044e-01	   5.6331231201510856e-01	   6.3173694774773226e-01	   5.3093140972223285e-01	   4.8570944766008906e-01	   3.3959208913526467e-01	   3.7936164421029273e-01	   8.1779720350377683e-01	   9.3935651890961769e-01	   3.0906095718593890e-01	   4.9925805347292596e-01	   6.9798670490140202e-01	   7.5609788795037136e-01	   3.9898384733692044e-01	   3.7511887002847633e-02	   2.3992773618217916e-01	   7.2964906364819976e-02	   5.4801020152181557e-01	   3.0372902867143118e-02	   1.4964284463466668e-01	   5.5738345371336664e-02	   6.2184294731874246e-01	   6.2911959201112433e-01	   2.2102246242578283e-01	   4.6096511795704787e-01	   3.9835014839141142e-01	   5.5925598347145700e-01	   5.3084300998574763e-01	   4.7229789296776348e-01	   3.7718992535632950e-01	   3.9794247503881985e-01	   3.9224651599264659e-01	   4.0287790975509785e-01	  -1.1515367982711504e-01	   9.4439588594524948e-02	   9.4497026947729823e-02	   7.7002787799256078e-01	   5.8265515449545391e-01	   1.0432787846863438e+00	   2.0871659177008861e-01	   1.0770958884478229e-01	   7.0384881603951943e-01	   8.5018802163202889e-01	   4.7084772674340036e-01	   5.7280737109360980e-01	   8.7613139228189293e-02	   3.5901829975785965e-01	   6.4895896714035362e-01	   8.6530858372545505e-01	   3.4448494657325479e-01	   3.4382583690278284e-01	   4.3748904691456492e-01	   5.5650445075936061e-01	   4.7807517867903987e-01	   6.6791752607302590e-01	   3.1703031726003200e-01	   2.8312609320114523e-01	   5.0312902547998029e-01	   3.1483475522181470e-01	   4.2837265169932537e-01	   3.2072570311286114e-01	   8.0772244099800605e-01	   7.4966616798134877e-01	   4.0429256551431603e-01	   2.4967685481581753e-01	   7.4644386657117323e-01	   7.5300382780702368e-01	   7.8200318375501110e-01	   3.6289298643836942e-01	   4.7580933477953702e-01	   3.9277375613736198e-01	  -2.0541386358535846e-01	  -2.9177936567787638e-01	   2.6973315986873964e-01	   7.7316298804093159e-02	   5.8651860016788415e-01	   5.3994806250708360e-01	   6.6137313507834250e-01	   4.6772369957812016e-01	   4.3134558117537658e-01	   4.9109932321648042e-01	   1.5766732115049514e-01	   2.7156974291575242e-01	   4.9554692958626240e-01	   4.2916500685371711e-01	   2.6724331842104648e-01	   1.2976759946079200e-02	   4.2621323650586507e-01	   6.7474157294051429e-01	   6.5359104642384225e-01	   3.0376791201257203e-01	   2.4003976263175036e-01	  -4.2045532955528674e-02	
   2.7145344362880341e-01	   2.3112769710068884e-01	   4.6430806120074219e-01	   4.5144230133970514e-01	   1.0734578457773010e+00	   7.5442454658735048e-01	   1.0012887142995550e+00	   8.6225707854519573e-01	   0.0000000000000000e+00	   9.3147878233274906e-01	   4.9933939815373574e-01	   5.7846013417721964e-01	   8.7526983417357007e-01	   7.7001170107585226e-01	   9.4848667068212245e-01	   8.5687693390178254e-01	   1.3331768778480291e-01	   1.9205354447892172e-02	   2.7963200793889542e-01	   3.8773250452527264e-01	   4.4817802061300221e-01	   4.2044634120456853e-01	   3.3519531366593253e-01	   3.4446534738606088e-01	   4.8687556783404207e-01	   2.8741544972699407e-01	   5.6723456537390360e-01	   5.2738540126970690e-01	   3.2232995833382649e-01	   2.5645978574880751e-01	   4.1387653659185614e-01	   3.9192019203814088e-01	   1.7105031837804943e-01	   1.9015524789284668e-01	   1.8811983028309084e-01	   2.0012538458693094e-01	   1.6024382620137753e-01	  -1.0434655666308228e-01	   4.8112388944316478e-02	   1.2646562796171944e-02	   3.4910681015704126e-01	   9.7660580561505242e-02	   2.8428911349141950e-01	   1.3451550530058540e-01	   3.3925809707770604e-01	   2.8174416718080347e-01	   2.5510351994646824e-01	   3.7574193074810908e-01	   3.2155946267600072e-01	   3.3508485909213231e-01	   2.7841682058089073e-01	   1.7518093142342833e-01	   4.7211876735454950e-01	   2.4591967426370132e-01	   3.1019027620884210e-01	   3.3237492795103085e-01	   2.0789621615119405e-02	   2.0686414077970677e-01	   3.0617132045444784e-01	   7.3832304618502609e-01	   1.0210706180362410e+00	   7.3640924825249676e-01	   1.3412835941347803e-01	   1.3944663352492679e-02	   3.1088222995719644e-01	   3.6570325337067205e-01	   2.0240083607611148e-01	   1.3064741728776291e-01	   2.0653634756450442e-01	   2.9628649193915446e-01	   5.4433478400470880e-01	   3.9701228852593556e-01	   3.5082438276403638e-01	   2.0303353478600325e-01	   4.3378491240928574e-01	   2.8728246092507548e-01	   2.8987833266416108e-01	   2.8835607055400742e-01	   1.0970333154303112e-01	   1.1585028599642413e-01	   3.0191597124941638e-01	   1.4461889868973973e-01	   2.7036968242761605e-01	   3.3411005893982132e-01	   4.1888589943301846e-01	   3.8653147534891330e-01	   1.4140366972999430e-01	   1.7004965873509442e-02	   8.2030252891225985e-01	   8.5351352247311663e-01	   5.6383199158448383e-01	   3.7174795160289520e-01	   1.4863519553406154e-01	   2.6000961032201536e-01	  -1.1718889325128916e-01	  -2.9867590752824646e-01	   7.2531646181241610e-02	  -6.0289587746897973e-02	   4.1477046544867147e-01	   3.8942637476461273e-01	   2.7013059814248164e-01	   2.7949982808483098e-01	   1.1796882714357411e-01	   2.8817610391736814e-01	  -1.6989997776755830e-01	  -6.6184499784539608e-02	   2.5205115977479342e-01	   7.8063520671453238e-02	   4.5145317318656836e-01	   5.1051051597085596e-02	   2.1424236409835845e-01	   3.9859456839430424e-01	   3.3279235538955965e-01	   6.1161387804984473e-02	   1.8160672201089634e-01	  -2.1295632894192476e-01	
   2.2046943245406549e-02	   1.7900391352990672e-01	   2.9105819480056805e-01	   7.4970390605982085e-01	   6.5205158501406357e-01	   1.0799885214835383e+00	   6.7368721466581560e-01	   1.2243328092528376e+00	   9.3147878233274906e-01	   0.0000000000000000e+00	   1.2533623508037114e-01	   5.8199166653343715e-01	   6.0459936406039816e-01	   9.1059813373752274e-01	   5.9965324280810151e-01	   1.1044709865453159e+00	   1.0072542054560749e-01	   3.2852246295116135e-02	  -2.5947159753904984e-02	   2.5096095862719747e-01	   4.6230041488723261e-01	   4.9927003157717043e-01	   4.7895126898211926e-01	   7.1687587656106655e-01	   5.7270299872470687e-01	   6.3045693531709990e-01	   5.7487930182282543e-01	   5.9471091825683875e-01	   1.0216071798411383e-01	   1.6127742730529263e-01	   5.0363470165832380e-01	   5.9334172763119164e-01	   1.0572692473957920e-01	   2.3395294793249310e-01	   4.8547049100017892e-01	   5.3732035481994289e-01	   1.6767567837992975e-01	  -1.5828862236486965e-01	   2.6786176948532674e-02	  -8.0113539430860983e-02	   3.0288131129945628e-01	  -5.8744907757710650e-04	   1.8172287548538016e-02	  -1.0803324462190333e-01	   3.6996415555927537e-01	   3.8629121937738248e-01	  -2.5510353109426558e-02	   1.4919259940220284e-01	   1.4777418622364338e-01	   3.9133617695076833e-01	   2.4133654172311375e-01	   2.2730878814420294e-01	   2.3093688042986596e-01	   2.6286987190026379e-01	   1.2216621842706651e-01	   1.5488758728584809e-01	  -6.1059019938755725e-02	   1.3270123182942306e-01	   8.0232216940295420e-02	   9.7103409436977595e-01	   4.7258368365326558e-01	   9.8198646031771908e-01	  -2.2270961651187807e-02	  -1.0481944644628383e-01	   5.2650600847583262e-01	   7.3705062925556974e-01	   2.6787132537099229e-01	   3.4407628978659954e-01	   2.0573080939147348e-01	   3.5417126810750788e-01	   4.5757272108580144e-01	   6.6365216152386231e-01	   2.1679323585580576e-01	   1.7998932844811716e-01	   2.7446346870275895e-01	   3.0834984672351196e-01	   1.5080130342096673e-01	   3.6430821319820195e-01	   1.5040533791104832e-01	   1.4030070054604876e-01	   3.3322580515040201e-01	   1.6448130911482642e-01	   3.1035020090523169e-01	   2.7258776152521719e-01	   4.8093432421273158e-01	   6.0528621722292186e-01	   1.4355872404816278e-01	   4.0870439156590693e-02	   5.8786540245358665e-01	   7.2814487534278094e-01	   5.6604221591949677e-01	   3.2872656931641614e-01	   4.0685107767747219e-01	   2.3783215075819297e-01	  -2.2891512011856041e-01	  -3.0221180921279472e-01	   2.6061993702237822e-03	  -7.9442650539874468e-02	   2.4899749409375327e-01	   2.3064387196791494e-01	   4.7338162097068448e-01	   3.0521515221980966e-01	   2.2600039443318884e-01	   2.0599733072666690e-01	  -4.0548214870882941e-02	   3.1131561573829031e-02	   3.7968876981711830e-01	   2.4596692996274677e-01	   3.2143080694662729e-01	  -1.7613835995032908e-02	   2.4686554589282630e-01	   4.4882416694533578e-01	   3.9504242530496503e-01	   1.7671648440124602e-01	   1.2958208081398645e-01	  -1.1349001721775759e-01	
   6.7733815986986179e-01	   5.1582397997714569e-01	   4.1266265044005479e-01	   1.6374586753393991e-01	   3.5660105358806560e-01	   1.5423917109759167e-01	   5.2823333998560518e-01	   2.4109630839359769e-01	   4.9933939815373574e-01	   1.2533623508037114e-01	   0.0000000000000000e+00	   7.8717679766359405e-01	   9.2629464238468850e-01	   6.1424797198086700e-01	   6.8436641763042572e-01	   3.9438061055531026e-01	   4.8328060893380076e-01	   4.8847575416160643e-01	   8.2235788043047131e-01	   6.7838060866347694e-01	   1.8002910820541801e-01	   1.6876691215165468e-01	   9.8177401228451214e-02	   1.2511785256582999e-02	   4.1203459369994151e-02	  -9.6313354331523104e-02	   1.4304368756879349e-01	   6.7400010142162639e-02	   1.0159567128796583e+00	   7.1146436539173397e-01	   3.5181287636799585e-01	   2.7053629619890829e-01	   5.1146918619806758e-01	   4.6959566841135925e-01	  -2.2730972874369448e-01	  -1.7514053438600466e-01	   3.5991545629353683e-01	   2.3339516432425128e-01	   2.9807529332572641e-01	   4.1623711863766827e-01	   6.3167742018410244e-01	   5.3544402003594871e-01	   8.9792152773612771e-02	   1.3931704652641116e-01	  -9.6405304443951609e-03	   5.1374369506330198e-03	   3.1103497817484649e-01	   3.3922613573139915e-01	   1.8417541929932510e-01	   7.6734929242004757e-02	   1.6275953654378925e-01	   2.1051596902793540e-01	   5.9977923388851373e-01	   3.4254551489812968e-01	   6.4707353546102109e-01	   5.6200580337908301e-01	   3.3962914212430984e-01	   4.5156969573073608e-01	   3.4614701871205333e-01	   2.3407870461988295e-01	   8.2791101872676887e-01	   3.9537682861270884e-01	   7.4069978365746025e-01	   5.8641298973808176e-01	  -9.9501810035758739e-02	  -6.4716554980029220e-02	  -1.1733997611670156e-01	  -1.3535275674947272e-01	   4.8437929024397412e-02	   2.5510428935725449e-01	   2.5753120715290034e-01	  -3.7520502916579393e-02	   7.8052724609374990e-01	   6.1546700285624856e-01	   7.5062492458268915e-01	   5.8835589703134916e-01	   3.4659418952621979e-01	   1.3537062171352099e-01	   3.5991698558400065e-01	   4.1948396018727385e-01	   4.2189335270443196e-01	   4.2867809951298419e-01	   3.6500672361520042e-01	   5.3361824918259182e-01	   2.4737034186486589e-01	   2.2191896928869212e-01	   1.6495897153628269e-01	   1.7322322995393322e-01	   5.3939340534730107e-01	   4.6663842375740411e-01	   2.4885253474257135e-01	  -3.2304780976830323e-02	  -1.8817580578429619e-01	  -5.4399691338071314e-02	   1.4062905041755518e-02	  -6.8846237066311503e-02	   3.7961083331877377e-01	   2.6546069251328186e-01	   3.8538098193231235e-01	   3.8960028544604730e-01	  -5.0765133056522145e-02	   1.8817627444925270e-01	   2.3324537626013456e-01	   2.8681754228985434e-01	   2.5265120143106329e-01	   1.5125145056373274e-01	   1.8064781748634601e-01	  -1.6103987776383055e-01	   1.8809468745871133e-01	   2.1564025424086342e-01	   1.4989081003703147e-01	   3.2296280522267412e-01	   3.1386004273913803e-01	   2.7367185993362597e-01	   4.8257583805203452e-01	   9.9620262560304831e-02	
   4.1026132735579840e-01	   4.2972757512250426e-01	   3.8532678568452405e-01	   5.0031801438636503e-01	   5.3298477321116833e-01	   5.5401886331804551e-01	   6.4790019022626277e-01	   7.7171707762414377e-01	   5.7846013417721964e-01	   5.8199166653343715e-01	   7.8717679766359405e-01	   0.0000000000000000e+00	   1.1170252554438915e+00	   1.5599554379216010e+00	   7.4667926788432359e-01	   9.6899717321491485e-01	   5.9322462901558537e-01	   5.9810922709109615e-01	   3.9442544112327632e-01	   6.5644471680056971e-01	   4.4888225966748346e-01	   4.9156174526782914e-01	   2.8581407636645551e-01	   3.8234560282867613e-01	   2.5966056993377667e-01	   2.6958029486917578e-01	   3.9189873201209841e-01	   4.0501321428087306e-01	   1.0894647516738716e+00	   1.0019148559882933e+00	   6.9209897573355139e-01	   8.2069478634683912e-01	   4.5797865476317862e-01	   6.8619423146868519e-01	   1.4244751952693696e-01	   2.2604610724516400e-01	   4.0480274108559205e-01	   1.6257714051226496e-01	   2.3124438878807207e-01	   2.9868603314004183e-01	   6.8789380443914994e-01	   2.8685657655323127e-01	   1.6621348588050067e-01	   1.3420843286918094e-01	   3.8655343344030307e-01	   4.7049244360707349e-01	   3.6737637547680096e-01	   4.5648250215027264e-01	   3.2267423572501752e-01	   3.1447792737834446e-01	   2.7346855728003772e-01	   3.2805366675705377e-01	   3.7172572981010776e-01	   3.4859854895082437e-01	   5.1901931515881294e-01	   5.1628477177433696e-01	   1.6084405054033959e-01	   3.3976121213089450e-01	   1.0501392149821218e-01	   4.3559761636182426e-01	   6.4093468701571499e-01	   1.1179012636303689e+00	   6.1133220976438452e-01	   5.4345502834986081e-01	   2.3891231590611012e-01	   3.3302174502372123e-01	   5.9831009381837538e-02	   2.0971913135237330e-01	   6.4027613704988218e-02	   3.6630629936424042e-01	   4.2076531634036896e-01	   3.6402358688120462e-01	   6.0048403574303244e-01	   5.4722511011083252e-01	   5.9620778953023945e-01	   6.3434464824865056e-01	   3.6061492069730738e-01	   3.8507269646565406e-01	   6.8692894200368382e-01	   6.7537941305065807e-01	   8.5662718201646304e-01	   7.0390178376868595e-01	   4.4604941761132544e-01	   5.2581160079785816e-01	   5.8421715752347980e-01	   6.5196962265504421e-01	   2.4809686215003091e-01	   2.1109959918635368e-01	   5.6864996468589912e-01	   5.3873302947772272e-01	   4.3744171048022734e-01	  -1.9535046528059728e-02	   8.4194459275565181e-02	   4.6107402856145563e-02	  -2.7457959785234132e-01	  -3.2194964236107582e-01	   3.4991093232327414e-01	   1.5996018625364927e-01	   3.9393174147414273e-01	   3.8934626335411848e-01	   2.9851408991040063e-01	   1.8864695072840376e-01	   3.9546626671140706e-01	   2.6604929791031140e-01	   3.5222572073756458e-01	   3.0209335928710085e-01	   3.0989115898819819e-01	   3.7177341664928892e-02	   1.9535522134419361e-01	   1.0878612727393565e-01	   3.0610128530513048e-01	   5.2512062798365655e-01	   5.7641064194201075e-01	   4.4349337144198203e-01	   4.6605760329515294e-01	   1.1857667176065267e-01	
   2.9690209305506454e-01	   2.9544878799195901e-01	   5.4662222917117009e-01	   4.4541224221642983e-01	   4.8566564796778500e-01	   4.0840298653048535e-01	   1.1337961299677319e+00	   8.4033402476107610e-01	   8.7526983417357007e-01	   6.0459936406039816e-01	   9.2629464238468850e-01	   1.1170252554438915e+00	   0.0000000000000000e+00	   1.3274401857940110e+00	   1.2589656950828925e+00	   8.4463246490290889e-01	   2.6393876116054199e-01	   2.2195910042565531e-01	   4.3509319464686058e-01	   5.2883269544041311e-01	   3.5178898863347779e-01	   3.6519204351326451e-01	   3.2533033875788553e-01	   3.1272987570721228e-01	   1.5100155935593923e-01	   1.1385567717754258e-01	   2.4562321526170855e-01	   2.5434379413295061e-01	   7.9176351687719226e-01	   6.2724036476986544e-01	   5.3625068910440965e-01	   5.6914062901856499e-01	   3.2771662327633982e-01	   4.2784902601625591e-01	   1.3558869265478163e-01	   1.8309732318130351e-01	   3.0563928737111407e-01	   5.0870998484795135e-03	   1.3883285167603460e-01	   1.3266795076320445e-01	   6.2683426688363708e-01	   1.9337795506189900e-01	   2.0621572410896472e-01	   1.7576964038752552e-01	   3.1997047015480512e-01	   3.6886086561542503e-01	   3.6677493024252833e-01	   4.5359538051448822e-01	   3.4522063191564001e-01	   3.5330743757799521e-01	   3.1041947784435853e-01	   3.2401322821703776e-01	   4.1171531523623373e-01	   2.6289594151394602e-01	   4.7834359635550189e-01	   4.1936870792000125e-01	  -4.4374326876131329e-03	   2.3046148573347353e-01	   2.3047717319339170e-01	   5.6450437115635621e-01	   9.5113438992899646e-01	   8.9975041322519345e-01	   4.2300916407220457e-01	   3.1549518216103878e-01	   2.9193684969159456e-01	   3.5329364798506546e-01	   1.5368956108058068e-01	   1.9626465703398863e-01	  -7.3445955953699030e-02	   2.2650065769986122e-01	   5.5473215062165415e-01	   4.4279940312721483e-01	   4.9333046235544264e-01	   3.7607165081438348e-01	   6.2950767611658665e-01	   5.6260041137318773e-01	   3.5066798242649588e-01	   3.0509863787302693e-01	   3.5419955093439598e-01	   3.7113633301958554e-01	   4.9382665854321084e-01	   3.6574355242057616e-01	   3.7240582041433495e-01	   4.2718926500104515e-01	   6.4949506446529492e-01	   5.7776572181388086e-01	   9.1877988485939546e-02	   2.8263966375994898e-01	   6.9388309399456793e-01	   7.0838335180833134e-01	   4.6708646596647724e-01	   1.7290776153370963e-01	   8.0997637339768905e-02	   1.6092310909808732e-01	  -4.1820901192483734e-01	  -4.2709063412751835e-01	   2.4913597140036486e-01	  -8.5516487957581939e-03	   4.3806448215791421e-01	   4.2794836588163782e-01	   2.7508187881102431e-01	   2.6314843743198124e-01	   2.6367297510703080e-01	   3.6239099628310600e-01	   2.2206476569128739e-01	   2.2882032572142452e-01	   3.4822322615559193e-01	   7.4428910333949064e-02	   1.4778863132020831e-01	  -8.9155996345764613e-02	   1.9732586119056328e-01	   4.5224780113361140e-01	   4.9852650335962989e-01	   2.9891163495804784e-01	   4.4586148132536951e-01	   2.6309389877771108e-02	
