   0.0000000000000000e+00	   8.9439789998143204e-01	   6.8345219703577009e-01	   7.6855577683258436e-01	   3.8394262295227388e-01	   3.9508016540455348e-01	   8.0537575541824769e-01	   7.8505144643372238e-01	   3.6358919279578544e-01	   4.2943608536600181e-01	   1.3832193151526753e+00	   1.0790727664706106e+00	   1.0149665444074325e+00	   9.0314072259788269e-01	   7.1396630640883119e-01	   7.1697345610247143e-01	   7.2798004698388119e-01	   8.3699771354588537e-01	   1.1385422500272302e+00	   8.7198485355008704e-01	   1.5041543267888902e-01	   8.3920702300570721e-02	   6.0961564780823829e-01	   5.4929396430949207e-01	   2.2895272456333271e-01	   2.5989727851774047e-01	   3.0927131204643399e-01	   3.3809713016697185e-01	   9.1418799403112805e-01	   8.4924587808562624e-01	   5.4111873343839911e-01	   5.3661833296531358e-01	   8.8367278467426102e-01	   6.8765516833098383e-01	   2.1018688960927492e-01	   3.1086373268727163e-01	   3.4819090903273836e-01	   2.3577052076976479e-01	   4.0180108608947773e-01	   2.5662806803339322e-01	   5.5349601804219806e-01	   1.4973617622726770e-01	   6.3736647238115984e-01	   5.5949823754776906e-01	   7.0996657920184436e-01	   8.0464741393034167e-01	   8.1755141015372690e-01	   9.0879618880356439e-01	   8.8747442727111481e-01	   7.3184836958159583e-01	   9.7971275300258454e-01	   9.5320139421541827e-01	   8.6385993851442899e-01	   9.5493791903530822e-01	   8.5109078752380540e-01	   7.6476390966143404e-01	   9.1458925976600158e-01	   8.2091261931095705e-01	   8.7191545534200399e-01	   6.9812324736053566e-01	   1.2905038598317993e+00	   8.0378259334859092e-01	   1.0143891411898998e+00	   9.6603861482242159e-01	   3.4915229159784716e-01	   3.9314235061347724e-01	   5.1192064949358684e-01	   4.0768490617387243e-01	   7.2497887347652856e-01	   9.0011092605000353e-01	   4.7966756385543108e-01	   3.4777985919803966e-01	   8.2957916124943576e-01	   9.1709934621273193e-01	   8.0135322263269793e-01	   7.8856045923598594e-01	   6.9869406269088918e-01	   8.1223009321601269e-01	   6.8553703435594793e-01	   5.6708360427510507e-01	   9.1541287070813881e-01	   8.5855412920805163e-01	   9.0498204855865527e-01	   9.3627156035395720e-01	   6.6229946794810368e-01	   7.6617744011843303e-01	   4.1907939646655612e-01	   5.0138319156682476e-01	   7.2071543966030149e-01	   9.1265911477231088e-01	   6.9772960571534726e-01	   3.9667387964467776e-01	   1.5794300782013804e-01	   2.8188099304141656e-01	  -2.9281727500904201e-02	  -9.6896207982485646e-02	   6.2199349800737969e-01	   4.1389907706576923e-01	   1.0169997968906030e+00	   8.0951948149092501e-01	   5.7802199370326779e-01	   6.8785518372157017e-01	   7.0503596768191634e-01	   7.1020722499560807e-01	   3.3676362938603926e-01	   2.8883041602811554e-01	   1.4078431585632528e-01	   3.3189194749150763e-01	   1.5263461228641714e-01	  -9.4932582184470149e-03	   3.2898435851911101e-01	   4.4097149512548067e-01	   4.6111673699810296e-01	   5.5292703352823125e-01	   2.0204474138390660e-01	  -3.0064528223620903e-02	
   8.9439789998143204e-01	   0.0000000000000000e+00	   2.9613241731883450e-01	   4.6496771157841937e-01	   2.0008361638442815e-02	   5.7249178037731795e-02	   3.3500191820037928e-01	   3.7626374199844026e-01	   1.0973323186270841e-01	   2.8975122263046910e-01	   6.9882235455580499e-01	   6.4307426379422916e-01	   4.8010941985182393e-01	   4.7566336542630933e-01	   3.0442344889567363e-01	   3.0601462583644873e-01	   7.9674320949884525e-01	   1.0965738074642526e+00	   8.2872957845944439e-01	   8.4519771372012831e-01	  -2.1549741658886809e-01	  -2.2795672520257459e-01	   2.7271526788814643e-01	   2.5403959917545516e-01	  -9.0067137438510761e-02	  -5.7198178880748511e-02	   3.2819439694367087e-03	   3.6599606549751570e-02	   7.3283852880719391e-01	   8.3646573503942168e-01	   1.6573030803512206e-01	   1.9752829287860271e-01	   4.5427805655159759e-01	   3.6053159457869161e-01	  -6.3167659277651306e-02	  -2.9072743656990297e-02	   9.7178994032375177e-02	   2.0352804416228963e-02	   1.6997233235370018e-01	   3.2703176516562411e-03	   4.0678923147334567e-01	   2.7929234692743499e-02	   4.3103045881728036e-01	   4.2991930794457034e-01	   3.9711039903861794e-01	   4.9089620654111665e-01	   5.5991007459993880e-01	   6.0588812510723133e-01	   5.4725215488721912e-01	   5.1116739835992775e-01	   5.6558724076007261e-01	   5.5055081341837941e-01	   6.3943919127365489e-01	   7.3167599099302394e-01	   5.3561613454069146e-01	   4.9109449922797521e-01	   1.2182158227483011e+00	   1.4514535839147007e+00	   5.5984919476210426e-01	   4.9309985895584540e-01	   7.5807513622910372e-01	   4.6409273113590377e-01	   7.5342000993883762e-01	   7.1379029156515672e-01	   1.9779639538238217e-01	   6.6408839918520868e-02	   1.5729480266748516e-01	   6.6681790352431991e-02	   5.3028624417769410e-01	   7.1401810926651832e-01	   1.1135040931045898e-01	   1.1921797335797844e-02	   6.4299346500254517e-01	   7.3851511370416401e-01	   5.8736743346055431e-01	   6.3238675227015217e-01	   4.0961685194841185e-01	   5.4821407430026869e-01	   6.8654054348370197e-01	   5.9236286258468251e-01	   7.8786841847875122e-01	   6.5932753051786941e-01	   6.2306242932891631e-01	   5.6452967451028124e-01	   3.9800955700130403e-01	   4.5536016093359311e-01	   2.2737329748940960e-01	   1.8205750417265332e-01	   5.0604763222223603e-01	   6.4093609984525368e-01	   5.4263894744951968e-01	   2.5787825019386401e-01	   1.4593031781573657e-01	   1.5402078196449032e-01	   1.6804972984812511e-02	  -7.2814540677140896e-02	   3.5654074385201795e-01	   1.1541455945584361e-01	   9.7540814471515747e-01	   5.9070827126397107e-01	   4.6006443102161582e-01	   3.8099993502294810e-01	   6.2532508313228929e-01	   4.0208301642570821e-01	   1.2288377883997759e-01	  -1.4924253717807951e-03	   1.3225237770106979e-01	   3.5777989183511494e-01	   1.2280346153273447e-01	  -3.9801492466372046e-02	   9.6714062810475981e-02	   3.6359664112655626e-01	   3.1894925753271491e-01	   3.6916588341981238e-01	   1.6247662894562899e-02	   8.9833656411399093e-02	
   6.8345219703577009e-01	   2.9613241731883450e-01	   0.0000000000000000e+00	   9.1330052831353781e-01	   8.8195997773516144e-01	   6.9669455015519899e-01	   1.2411436801285500e+00	   7.3960478814551911e-01	   9.3027642885946760e-01	   6.2420830900596924e-01	   7.3942374555512558e-01	   6.5694886239880845e-01	   7.3157957507944660e-01	   6.9207166974016121e-01	   1.2597831559551369e+00	   9.3007847589850068e-01	   2.0315549602608940e-01	   2.9614228280498189e-01	   5.2383034838808373e-01	   3.7372656712495267e-01	   5.2281166604554141e-01	   4.0526348596010070e-01	   1.3384524401762101e+00	   8.2649504657225503e-01	   3.9903845977483704e-01	   4.3712604848170250e-01	   5.7290423237874577e-01	   5.3980607668106106e-01	   3.6345384661231356e-01	   3.0407804574785685e-01	   9.2828864693662683e-01	   7.8680428848693662e-01	   7.2586663386220762e-01	   6.3490865092205850e-01	   2.7844095265943458e-01	   3.4229334143131962e-01	   4.1558252429785886e-01	   2.4093135586866327e-01	   4.8605184826403480e-01	   2.8520663824066206e-01	   5.1834571212264702e-01	   1.4483258733059215e-02	   2.4464971631848581e-01	   2.0309793330202847e-01	   2.9084874253170484e-01	   3.1490830807613440e-01	   3.3905859427892665e-01	   4.1044964429719588e-01	   3.7025521842004117e-01	   2.4904502878496890e-01	   5.3086622088496216e-01	   4.3689302115569806e-01	   3.0135061067165353e-01	   4.5995758840913564e-01	   3.8953890939709057e-01	   3.3402784897585880e-01	   1.8481734289838403e-01	   2.6656273578318535e-01	   4.0903783233608804e-01	   3.7644800092186581e-01	   6.8814840948448264e-01	   7.5767547503328347e-01	   6.6304349393501993e-01	   7.2663348708790454e-01	   8.9622532851069936e-01	   4.5359495918638032e-01	   5.0151038018608785e-01	   3.9027068834403755e-01	   5.5996330551310902e-01	   5.7103275796896302e-01	   6.2668959147577519e-01	   5.1134738858523443e-01	   5.7412402791818717e-01	   5.6044775280747172e-01	   6.0483715704972163e-01	   5.6966088307511353e-01	   4.2714033114103728e-01	   4.2362655893892642e-01	   2.7448612438365311e-01	   3.2318098619534708e-01	   4.0366184383866527e-01	   5.1027560896694513e-01	   7.3585928192889416e-01	   6.2282441548859868e-01	   7.4655212817044780e-01	   5.8315264538635536e-01	   5.1126326060889793e-01	   5.4009625285027385e-01	   5.2596112492639446e-01	   5.4366222689659982e-01	   4.7624524963460613e-01	   5.0505414575845986e-01	   2.4210643235632312e-01	   5.3188355933152698e-01	   2.1469256082173451e-02	  -1.6490116645945663e-01	   3.5719823062004202e-01	   2.8739968703753288e-01	   3.5710158669282727e-01	   3.7387108120985779e-01	   3.9957170871076075e-01	   4.7799268124961358e-01	   3.7149043557518413e-01	   4.5938530532460264e-01	   3.1653811053078751e-01	   4.6669844918588438e-01	   2.5230481873612032e-02	   2.2897587074894205e-01	   1.6526299463231670e-01	   7.7228251943730290e-03	   3.0026612091044391e-01	   2.9937814389937789e-01	   2.0693569018820063e-01	   4.2756181672662980e-01	   2.8814505943779489e-01	  -1.4924109724326982e-02	
   7.6855577683258436e-01	   4.6496771157841937e-01	   9.1330052831353781e-01	   0.0000000000000000e+00	   4.2989701075513287e-01	   6.3983759669917095e-01	   9.0986869349930155e-01	   1.4442458362514710e+00	   4.5328588691468452e-01	   5.0839178378564320e-01	   7.9510709058598039e-01	   1.0731524993558250e+00	   7.2371641082185922e-01	   1.1863308086027968e+00	   7.3849079860178191e-01	   1.0130931551088127e+00	   5.9110437694511941e-01	   6.6008751461716453e-01	   8.8995300592682769e-01	   9.0913434947466221e-01	   2.7585376757777758e-01	   2.2540906534088428e-01	   8.7946524563563966e-01	   1.1462524320060195e+00	   3.3047578687602991e-01	   5.1382207626103826e-01	   3.3698462946013547e-01	   4.1880290107560236e-01	   6.5710781347203051e-01	   7.0612672081575223e-01	   8.0412025220390937e-01	   9.4854910910115398e-01	   1.1276571614927657e+00	   1.1368407605166164e+00	   3.9706686630017818e-01	   5.2185338124717073e-01	   4.4132306574409313e-01	   3.5595351574678430e-01	   4.4201809709960616e-01	   3.3803174509367329e-01	   6.5563812508383379e-01	   1.0051758793641984e-01	   4.6568586112189703e-01	   3.6541139297050723e-01	   4.7297614050345360e-01	   5.3837357347316139e-01	   5.3279423785540292e-01	   5.9558646299662077e-01	   3.6233013531661834e-01	   2.2155400437131498e-01	   6.3397114127897158e-01	   4.3934596647077084e-01	   3.6775304505081097e-01	   4.2266726644536451e-01	   5.6538895884109097e-01	   4.7649670804544086e-01	   4.1316364472641670e-01	   5.1499623017462404e-01	   5.1460961116847526e-01	   7.7651727708705076e-01	   7.5193767828926072e-01	   1.1496814617070237e+00	   7.7579187130065030e-01	   1.0276801066085550e+00	   6.8035000575444382e-01	   6.7688701772424398e-01	   6.5601964514010902e-01	   6.9567612900418407e-01	   8.8329442714592965e-01	   1.0628106465244229e+00	   5.9071063305571492e-01	   5.8350079141938682e-01	   8.3155765433003870e-01	   9.3481218930440957e-01	   8.0834615289252842e-01	   9.9920383012980452e-01	   7.0326651564133991e-01	   8.4270040441790162e-01	   6.1253337563503996e-01	   6.7517369383664949e-01	   8.9875448857877471e-01	   1.1603138689969525e+00	   8.8054459296889820e-01	   1.2732180198224694e+00	   9.1010653489488780e-01	   1.1188495436598236e+00	   5.4584391907132690e-01	   7.6309156109916043e-01	   6.5776193619893475e-01	   6.7083815466724406e-01	   7.0918386577101622e-01	   3.2945871179636455e-01	   4.3739423199109650e-01	   3.1041291748047461e-01	  -2.2342753285159667e-02	  -1.2106879014213848e-01	   4.9395917002153167e-01	   2.4312189585989108e-01	   4.7945795994902463e-01	   3.5280270656574247e-01	   6.4824237481907410e-01	   4.4976924708740157e-01	   4.9547340235120396e-01	   4.9426642464099790e-01	   3.7890760627378667e-01	   3.7442593203988117e-01	   5.1191756092385368e-02	   3.2931186582298932e-01	   1.9050391593082575e-01	   2.0541023161676074e-02	   3.8761907193766543e-01	   3.4055286755393244e-01	   3.3162853376512152e-01	   5.2896884054143034e-01	   3.5189149825615668e-01	  -3.0222808840794677e-02	
   3.8394262295227388e-01	   2.0008361638442815e-02	   8.8195997773516144e-01	   4.2989701075513287e-01	   0.0000000000000000e+00	   1.1589689473397844e+00	   8.1320930022883664e-01	   4.3305391818783184e-01	   1.3275653018654778e+00	   8.4778420768228691e-01	   4.4633545214185771e-01	   4.0000452180082274e-01	   5.4400899037733885e-01	   3.9712113727430454e-01	   9.5622778683629917e-01	   7.6206404519391735e-01	  -7.9222450007325924e-03	  -1.9228350194404192e-02	   3.1958788298660123e-01	   1.5600161952247132e-01	   8.6414456999453937e-01	   7.1121777860710245e-01	   8.7037928732069592e-01	   5.6522018841042532e-01	   5.7037185953529701e-01	   5.8025895027377006e-01	   8.5914302326901393e-01	   7.1329724454411425e-01	   1.2775112364389571e-01	   5.6102077707875495e-02	   6.0543924144967498e-01	   4.4541902402286648e-01	   3.1021538910555768e-01	   2.6330342802822271e-01	   1.3577242982551349e-01	   1.7579518296330732e-01	   3.3091290397196976e-01	   2.2067106235784997e-01	   4.1047264662311123e-01	   3.2676396675630870e-01	   3.3662146450168945e-01	   1.0182346466930864e-01	   4.4868940269903304e-02	   6.8394318585848256e-03	   8.6769692615895913e-02	   8.2443736857859065e-02	   1.2206648144666174e-01	   1.9759033880726445e-01	   2.3035794246407593e-01	   2.7233334571403667e-01	   3.3944991752290909e-01	   4.0427114094241590e-01	   2.1438941512139364e-01	   3.9365190569981962e-01	   2.5336413374476091e-01	   2.3358730554230825e-01	  -6.2395727252155711e-02	  -7.5458148851921800e-02	   1.6115593497050973e-01	   1.9689505738662413e-01	   4.0483965246159526e-01	   5.2994918665352286e-01	   3.0198266878111213e-01	   4.4912791469548258e-01	   5.5819340615301294e-01	   3.1836324195980270e-01	   2.3590108609265265e-01	   1.6366702363828317e-01	   3.0899470971103626e-01	   1.8493772180524148e-01	   6.6466815222674014e-01	   6.2008700162717623e-01	   2.3747779781054423e-01	   2.4860981203042751e-01	   2.4559768666013893e-01	   2.5502696011148379e-01	   1.1800774882713180e-01	   1.0704810527560639e-01	  -1.5861423144563774e-02	   7.1690286008502649e-02	   1.6475612173199264e-01	   2.0708805634851216e-01	   4.4301707080931940e-01	   3.3523612467059000e-01	   3.9924967867410577e-01	   3.5392535902242694e-01	   3.9241877269885261e-01	   5.0132585374005267e-01	   3.3381229758465719e-01	   3.8190510236850328e-01	   4.6964210043892196e-01	   5.7172245977963310e-01	   3.7647718933374974e-01	   6.6496650084120157e-01	  -4.0829280485030699e-02	  -2.1784287592315354e-01	   1.8462756180708126e-01	   2.3033090993888605e-01	   2.0172279458621464e-01	   3.5418711926391239e-01	   3.0526898819892234e-01	   5.9512468434060029e-01	   2.2285177004505183e-01	   3.9059178725847787e-01	   3.2301016324382531e-01	   4.1939739362498391e-01	  -9.5696489657506947e-02	   1.0920973878519719e-01	   1.0334631396354575e-01	   9.3826415591125631e-02	   3.6359694116861474e-01	   3.3310997150156291e-01	   1.5609310628663045e-01	   1.4806135639423296e-01	   1.9768979750632645e-01	   4.1594597425970881e-02	
   3.9508016540455348e-01	   5.7249178037731795e-02	   6.9669455015519899e-01	   6.3983759669917095e-01	   1.1589689473397844e+00	   0.0000000000000000e+00	   6.5980272608071955e-01	   6.7995299031992240e-01	   8.6540027518871221e-01	   1.0954992634805643e+00	   4.5670642977603165e-01	   6.2182456892810134e-01	   5.2702510222423071e-01	   7.1450805938856832e-01	   8.9466040531404201e-01	   1.1089046496401671e+00	   8.4047623315289116e-02	   9.2143239432218943e-02	   3.7052236548148521e-01	   2.3615390141617815e-01	   9.2348095296051436e-01	   9.5438001036534137e-01	   9.5808602935394716e-01	   9.6147077179710139e-01	   7.3863090761899786e-01	   9.4048221999338288e-01	   9.9628377877101826e-01	   1.0138626489975724e+00	   2.0896607201010009e-01	   2.0508302323692701e-01	   6.8632540493168293e-01	   6.2930860311538805e-01	   5.1728853677208098e-01	   5.1368469434340713e-01	   4.1108612500627129e-01	   4.5428435256244315e-01	   4.7710953828177105e-01	   4.7596162691285449e-01	   5.4519579740020208e-01	   5.6867623578611348e-01	   5.1989948162467603e-01	   2.9172832805709192e-01	   1.7734208052735831e-01	   1.0260927031114785e-01	   1.8086342447975870e-01	   2.1212441320361866e-01	   1.6158338627052474e-01	   2.6449389305707333e-01	   2.4697270525160803e-01	   2.1710827697071389e-01	   4.7113510842685274e-01	   4.3085452428514115e-01	   2.8211025343122376e-01	   4.1297167679682634e-01	   4.0099797939449966e-01	   3.8723844789179179e-01	  -1.7825871665235783e-02	  -1.9687447946044989e-02	   1.5475556750265870e-01	   4.2971140748043024e-01	   3.9537054459725468e-01	   8.2733148412615787e-01	   3.6740081663497232e-01	   6.0047733521085633e-01	   6.6477445019387482e-01	   6.2733463755260233e-01	   3.6945061284333808e-01	   4.5243759469062800e-01	   4.5762021095060457e-01	   3.4901279342826386e-01	   7.8444068223449626e-01	   8.2774534745584882e-01	   2.8166308095523918e-01	   3.5030851131550961e-01	   2.9142694422013354e-01	   3.7214850842177039e-01	   2.2918457866724817e-01	   2.7260087289681323e-01	   1.1054316582554768e-01	   1.7559459882930717e-01	   3.0798131002107859e-01	   4.1150033255412788e-01	   5.3508481889330628e-01	   5.8903678580815477e-01	   6.4906265574157140e-01	   6.7527304699526314e-01	   4.9523176294017135e-01	   6.9195157319829015e-01	   5.2949970534974100e-01	   5.7031153330962903e-01	   5.9576924723198554e-01	   4.0314884326335654e-01	   4.5931988275450369e-01	   4.4681324953496393e-01	  -8.7401126767488471e-02	  -1.4698077369909796e-01	   2.4195600493166183e-01	   2.2838384755238306e-01	   1.1621229307327550e-01	   2.4282430440084052e-01	   3.3847990220535762e-01	   4.0747729623222828e-01	   1.7508708199747475e-01	   2.8351322019164943e-01	   3.0309001965536109e-01	   3.6313145102568878e-01	  -1.3153396257614292e-01	  -1.3450441542276471e-02	   2.1387309159228335e-01	   7.4442715304547435e-02	   3.6500382095743211e-01	   2.8160052148028392e-01	   2.2845842307302500e-01	   2.9498317306041560e-01	   3.7532126963718304e-01	  -5.5422881187348109e-02	
   8.0537575541824769e-01	   3.3500191820037928e-01	   1.2411436801285500e+00	   9.0986869349930155e-01	   8.1320930022883664e-01	   6.5980272608071955e-01	   0.0000000000000000e+00	   1.0416835302936718e+00	   1.0125371888469674e+00	   6.5649590501502253e-01	   9.8260584466260603e-01	   7.9612618969852178e-01	   1.1331485583452827e+00	   8.5500338273063226e-01	   1.1245349795266761e+00	   1.0939050639858265e+00	   3.3460990513255262e-01	   3.9654945747901804e-01	   6.5603995312513430e-01	   5.0931370618953919e-01	   4.8101323856249562e-01	   3.7305334218648262e-01	   9.9113550632498570e-01	   7.9640396549355830e-01	   3.7479996071617139e-01	   4.3894394935414560e-01	   4.4014011212249482e-01	   4.3358486069535840e-01	   5.4631490324560461e-01	   5.0558313350236894e-01	   9.9354456124914903e-01	   8.8611904853205969e-01	   8.0884724863301860e-01	   7.1936852682498686e-01	   1.8624004133816813e-01	   2.5481058712177618e-01	   3.3467781770022337e-01	   2.2258354140026410e-01	   3.8260771526450682e-01	   2.4758190956739989e-01	   4.2235398651493744e-01	   4.7274270409236499e-02	   2.7415671819117837e-01	   2.2109523468320513e-01	   2.5874807321621179e-01	   2.8426602473455298e-01	   4.2584688407983762e-01	   4.3080260257363112e-01	   3.8367043668864886e-01	   2.3278743288091333e-01	   6.0651408914891791e-01	   3.9992175607814884e-01	   2.7602436515704104e-01	   4.2738371735961161e-01	   4.1225372445381397e-01	   3.3011705526796919e-01	   2.6068568362137545e-01	   2.9334999644835835e-01	   5.5219376369274586e-01	   4.3681844661402675e-01	   9.2774908776876397e-01	   8.7201044434716679e-01	   7.2036606296031769e-01	   8.4532564657471343e-01	   6.1703258293219487e-01	   4.7234369427934342e-01	   4.8055166703212182e-01	   3.0983323196222978e-01	   5.1077638675985038e-01	   6.0437917323881896e-01	   7.4024258722921454e-01	   5.5509223255301232e-01	   6.5242133462788299e-01	   6.7745948471958417e-01	   6.7246946084192993e-01	   6.6951068257029878e-01	   4.8025794572857627e-01	   4.8810851914889408e-01	   3.8806877700944176e-01	   4.4659547788855758e-01	   5.9028886129296287e-01	   6.6748958902283739e-01	   6.7832948119009140e-01	   7.5663079965112345e-01	   5.8427218562614014e-01	   5.7920623821606809e-01	   3.2963045729228285e-01	   5.3204928169822241e-01	   5.3598423194459410e-01	   5.5068174435444572e-01	   5.4961506402649607e-01	   4.3252907603997826e-01	   2.7917071341193828e-01	   4.3923334810323811e-01	  -9.7990138059789469e-02	  -1.7131818770876270e-01	   4.0956403981748057e-01	   4.2507055739090693e-01	   4.8414058629164974e-01	   4.3772115492494357e-01	   4.9470669833432707e-01	   5.8047244438550827e-01	   4.5619709254404978e-01	   5.0520285652056984e-01	   3.0385376689058524e-01	   4.2169268252612463e-01	   1.1970548983135333e-01	   2.6081718184456637e-01	   2.0546049404844874e-01	   4.3611374374661720e-02	   3.5404775491367174e-01	   3.6270533374539266e-01	   1.7445177837757928e-01	   2.5770671893940472e-01	   1.1902097110184834e-01	  -1.6767676054308489e-01	
   7.8505144643372238e-01	   3.7626374199844026e-01	   7.3960478814551911e-01	   1.4442458362514710e+00	   4.3305391818783184e-01	   6.7995299031992240e-01	   1.0416835302936718e+00	   0.0000000000000000e+00	   4.6081217829348947e-01	   5.3284771982639156e-01	   7.7027409641606515e-01	   1.1295435503370235e+00	   7.4439711018450794e-01	   1.3992677300773793e+00	   6.9960702036764477e-01	   1.0774666352977798e+00	   5.7032311406946812e-01	   5.9444194423702101e-01	   7.4584393117034420e-01	   7.6064472030236963e-01	   3.5395697033472390e-01	   3.2417453000976837e-01	   7.8985732213668491e-01	   1.1801800956760553e+00	   4.6977645860711037e-01	   6.7920521561717251e-01	   3.9126233641918268e-01	   4.9750520443588836e-01	   6.8577582051223174e-01	   7.3474513163375987e-01	   8.9676146499456144e-01	   1.0527862852234040e+00	   1.2350914413252305e+00	   1.2299012064865282e+00	   5.0946154189654080e-01	   6.3329861650879182e-01	   4.4369036692882158e-01	   4.4543693194281309e-01	   4.5699766978346412e-01	   4.4755263672119899e-01	   5.9613616224650057e-01	   1.7004174643406703e-01	   4.8349583568883270e-01	   3.4897490801762521e-01	   4.9227646105428757e-01	   5.2891779572071351e-01	   5.1027797947456066e-01	   5.7310942035952928e-01	   3.8804510454974483e-01	   1.7486555784589958e-01	   7.4752043054108097e-01	   4.0534242162959394e-01	   3.4017976344378381e-01	   3.5767695273113109e-01	   5.6420712285242525e-01	   4.6454775113975089e-01	   4.1460039070354310e-01	   4.2133155160868979e-01	   6.0385617522652268e-01	   7.9131871007626309e-01	   8.3795901927799510e-01	   1.4402344779647507e+00	   7.1415539039043796e-01	   9.9250858528798602e-01	   6.3423725371714179e-01	   8.9516987956440652e-01	   7.2699270769168689e-01	   7.6249117351196216e-01	   6.7623869605419218e-01	   8.5339828988370192e-01	   7.3998370910264999e-01	   6.8681907519874241e-01	   8.3043461567279220e-01	   9.2886868694263092e-01	   8.3552783035268230e-01	   9.5360011228031505e-01	   6.9073213576483050e-01	   8.6677834538663956e-01	   6.4891990696032575e-01	   7.1112142073947726e-01	   9.2919470385416836e-01	   1.0918159484250103e+00	   7.4156624207365462e-01	   1.1447474912351505e+00	   8.0388140111120665e-01	   1.0804298849069638e+00	   4.8352016150106147e-01	   7.2209561558649038e-01	   6.6274231455733279e-01	   6.7669062219866338e-01	   6.2990982070052415e-01	   1.8701967031341774e-01	   3.7484749560053249e-01	   2.0772291472912119e-01	   1.0663697694651610e-02	  -4.0932788680530713e-02	   5.6230963657665356e-01	   3.4403574084701777e-01	   4.6193403035172431e-01	   3.0805687738081677e-01	   6.0170797362135364e-01	   3.8378687271804196e-01	   4.4188126645504283e-01	   3.8537722173132921e-01	   3.4377359077937464e-01	   2.8805595093841885e-01	   4.7264654869022135e-02	   2.1934321614429284e-01	   2.0832727055222386e-01	   8.8011739089619179e-02	   4.0667978568278201e-01	   2.9522388690006734e-01	   2.1968002228828626e-01	   3.6920536838595086e-01	   2.5224199321817770e-01	  -1.7074345141391195e-01	
   3.6358919279578544e-01	   1.0973323186270841e-01	   9.3027642885946760e-01	   4.5328588691468452e-01	   1.3275653018654778e+00	   8.6540027518871221e-01	   1.0125371888469674e+00	   4.6081217829348947e-01	   0.0000000000000000e+00	   9.7653863752455738e-01	   4.6413200665427956e-01	   4.1475467166095831e-01	   6.2022048874057345e-01	   4.1006897209813120e-01	   9.8628680084191278e-01	   8.7528602665898281e-01	  -1.9096383352301263e-02	   4.5051094891770792e-03	   2.9143930606974011e-01	   1.3930023503307201e-01	   7.4987312526373495e-01	   6.0828415763948351e-01	   8.7073765770757250e-01	   5.6874652499534228e-01	   3.8947761867900088e-01	   4.1532996243205145e-01	   5.5276777180258008e-01	   5.0910987134281083e-01	   1.7254926612005983e-01	   1.1065130548877450e-01	   6.6810772733247314e-01	   4.8506691014896053e-01	   2.8589778555343043e-01	   2.4809781906430578e-01	  -3.7119622083042293e-02	   2.1511983119581889e-03	   2.5809477530209146e-01	   1.3096249455801798e-01	   3.3709393105093910e-01	   2.2276674121591361e-01	   2.9579985117496310e-01	  -5.2011914863018625e-03	  -2.2561066548734975e-02	   2.8182034118720035e-03	  -6.3439874751600372e-02	  -9.5074742052378113e-03	   1.4806072109899263e-01	   1.9776084128940438e-01	   1.9013225588231569e-01	   2.7350324323859893e-01	   2.9393495838267880e-01	   3.3478543996590521e-01	   2.0926652683012578e-01	   4.1314364917424884e-01	   2.0447380989081432e-01	   2.0233267687790557e-01	  -8.7551444300790440e-02	  -7.3603945687318909e-04	   9.5931885580681039e-02	   1.2898444752354718e-01	   4.7866225144472518e-01	   4.9919608714579794e-01	   3.7309398183723791e-01	   5.7207791870441149e-01	   4.8894070845231030e-01	   1.7547574251698439e-01	   5.2632469342832749e-02	  -4.6131442032856212e-02	   2.7246175819259039e-01	   2.0436592860774527e-01	   6.2538407157992693e-01	   5.1458303405828698e-01	   2.3199510312570126e-01	   2.6204062602107492e-01	   2.6507008373547575e-01	   2.9826938610213199e-01	   5.3861927603430011e-02	   6.5407357438906258e-02	  -3.0186989451465904e-02	   2.2744331124300830e-02	   1.4173984369546666e-01	   1.9705952440622129e-01	   3.8970663174775372e-01	   3.2638213715150649e-01	   2.3115490312632303e-01	   2.3231400896868490e-01	   1.7666105694651488e-01	   3.2173160727922201e-01	   2.7805846042300320e-01	   3.3812362577035182e-01	   5.0507670084042722e-01	   5.9904248269747973e-01	   3.4002703880284579e-01	   6.0157282646696952e-01	  -1.6565651310018206e-01	  -2.6012500251761694e-01	   5.8876804238700224e-02	   2.2430601548446213e-01	   2.4329152530736828e-01	   3.5667984579649054e-01	   3.2615483563783743e-01	   5.4754087764332193e-01	   2.2669812016751884e-01	   3.5503267263699539e-01	   1.6612040380346754e-01	   3.6083647532230551e-01	   3.1973474720582269e-02	   1.0622354482236250e-01	   5.9809252590171558e-02	   6.1135133886757150e-03	   2.5100716574635568e-01	   3.3653044179941011e-01	   1.6185317434130980e-01	   1.1310254077298466e-01	   1.0492930106717184e-01	  -6.1663873472189726e-02	
   4.2943608536600181e-01	   2.8975122263046910e-01	   6.2420830900596924e-01	   5.0839178378564320e-01	   8.4778420768228691e-01	   1.0954992634805643e+00	   6.5649590501502253e-01	   5.3284771982639156e-01	   9.7653863752455738e-01	   0.0000000000000000e+00	   4.6640193891837300e-01	   6.5374578843833764e-01	   4.9130784130628058e-01	   6.1463677534123495e-01	   7.0214333599550804e-01	   1.0262104118937996e+00	   1.1079982929416443e-01	   1.7383041462023055e-01	   4.6026380973975672e-01	   3.3291923555382807e-01	   7.3119207420151489e-01	   6.9171650275554675e-01	   7.8220696103462262e-01	   7.0646135655444409e-01	   5.2104090908165279e-01	   6.2352452978114570e-01	   6.5805257435106457e-01	   6.4898754269121506e-01	   2.7166642941056229e-01	   3.2470969022721163e-01	   5.4420001746703006e-01	   4.6542359056357918e-01	   4.0837412382674576e-01	   3.9201124658562214e-01	   1.1181424737766199e-01	   1.4023525373047260e-01	   3.1510545120325867e-01	   2.8947071338306835e-01	   4.2150479516617911e-01	   3.4986013191256216e-01	   4.6401958959231177e-01	   2.2975357040099598e-01	   1.6803969257815796e-01	   1.5674347945767120e-01	   9.0537309312755013e-02	   1.8258183686233215e-01	   2.9242306141320817e-01	   3.2644117273555778e-01	   2.9121141223669794e-01	   3.7595738395405798e-01	   4.2795503966945014e-01	   4.7865187899337724e-01	   4.6265756802606572e-01	   5.6117155628004078e-01	   4.1228382339620351e-01	   4.0217661516754727e-01	   5.5549567544341864e-02	   1.8616007721143674e-01	   1.2911578937154591e-01	   4.0612236554937275e-01	   4.4955248925970476e-01	   6.7243956257159476e-01	   3.7587652592640536e-01	   7.1537287529137628e-01	   5.1507959802741998e-01	   2.7741042619573542e-01	   8.3462648892226321e-02	   8.7582451562547903e-02	   4.1618327580793785e-01	   4.0294634477322627e-01	   6.7367247784451179e-01	   6.7136526356279747e-01	   2.9556259459725281e-01	   4.1024012930346043e-01	   2.6975101534365992e-01	   3.9046283827371225e-01	   1.0706077297965791e-01	   1.6756118414333437e-01	   1.1539407449866870e-01	   1.2024664392374745e-01	   2.8931082056052404e-01	   3.1884423150845803e-01	   4.3047279030665425e-01	   4.6589768315124847e-01	   3.2131797813415430e-01	   4.0638341670448047e-01	   1.3501198381095220e-01	   3.2119450183377551e-01	   4.8940033390887572e-01	   5.8692609704044141e-01	   7.4214510038450177e-01	   4.5561718317360977e-01	   4.8362078994613356e-01	   4.6176542171382540e-01	  -2.3914609488561617e-01	  -2.2420005471428556e-01	   1.7330926045419925e-01	   1.9359259293771647e-01	   2.7060875358984082e-01	   2.8921671025405782e-01	   4.1944136929629594e-01	   4.4101169231824289e-01	   2.4071245057338259e-01	   3.1030377900863637e-01	   1.5535172215978083e-01	   2.0412618994547216e-01	   2.3698287596975356e-02	  -2.5407994393228356e-02	   1.6856775566859564e-01	  -6.3491403369534932e-02	   2.1786221301432496e-01	   3.3506878857465716e-01	   2.3552723821052821e-01	   2.9237659778728742e-01	   2.1040323669900876e-01	  -6.8362395173592605e-02	
   1.3832193151526753e+00	   6.9882235455580499e-01	   7.3942374555512558e-01	   7.9510709058598039e-01	   4.4633545214185771e-01	   4.5670642977603165e-01	   9.8260584466260603e-01	   7.7027409641606515e-01	   4.6413200665427956e-01	   4.6640193891837300e-01	   0.0000000000000000e+00	   1.1801542113210119e+00	   1.5964449258546454e+00	   1.0568468218022449e+00	   9.1550737122910886e-01	   8.8528680057674980e-01	   7.1110374963709466e-01	   7.7868889326451685e-01	   1.0633983674107825e+00	   7.7231018986371591e-01	   2.7565015540248350e-01	   1.4792481846641287e-01	   7.2879666613268257e-01	   6.5501545579320364e-01	   2.4446421747530300e-01	   2.8439641572761143e-01	   3.7345390145333768e-01	   4.0674679122954571e-01	   9.7324861176767308e-01	   8.3139298984363619e-01	   6.1981007036175106e-01	   6.1100423440273910e-01	   8.2297740124786967e-01	   6.6359265225626218e-01	   1.6867751907627673e-01	   2.7339270060842580e-01	   4.4615838202582792e-01	   3.0075155986309848e-01	   5.3346933528524176e-01	   3.2522071655293283e-01	   6.1789622341771910e-01	   1.7837367790618866e-01	   6.2848146496141166e-01	   5.2505331358159568e-01	   6.2096447499306429e-01	   6.8727073883730583e-01	   7.7641549666322873e-01	   7.3317428118469952e-01	   8.0261376664643236e-01	   6.1370958431442302e-01	   9.8392260402178044e-01	   8.1040619772722178e-01	   7.3328878682232668e-01	   7.0605875835363663e-01	   9.3508639820728356e-01	   7.1444838814393141e-01	   6.7086228166780404e-01	   6.7082265843036848e-01	   8.9061385146247551e-01	   7.1329516848331487e-01	   1.3079275133082613e+00	   7.8749950978187233e-01	   1.1097904592457604e+00	   9.8075880030763418e-01	   3.9437061076684121e-01	   4.5744373339433131e-01	   5.1522387054372842e-01	   3.9694260749062482e-01	   7.1258712186569051e-01	   8.4976165169433904e-01	   5.8071680717647400e-01	   4.4742043924595853e-01	   8.6254528129562891e-01	   8.9845171934807277e-01	   8.4575176148914721e-01	   8.0843989959056439e-01	   7.7421402271216289e-01	   8.2482565454458789e-01	   6.6458396462688774e-01	   5.4052014995103714e-01	   9.4193421885948048e-01	   9.6930173828219846e-01	   1.1232099761754275e+00	   1.0721781612377932e+00	   7.6644531919927861e-01	   8.2886753745176123e-01	   4.3768781672079843e-01	   6.2486450569997154e-01	   8.4753379707888898e-01	   9.3667020323559480e-01	   6.6376782293138892e-01	   4.1594235681828445e-01	   2.0636874523105045e-01	   3.3991611551635853e-01	  -1.1747400605282282e-01	  -2.2591279846372153e-01	   5.7452321170862364e-01	   3.6518762756366641e-01	   7.7343193241159791e-01	   6.5843887429717296e-01	   5.5528329299573120e-01	   7.0819286939231074e-01	   6.2642440867225979e-01	   7.4004659666791717e-01	   4.2203440629307726e-01	   4.6326704676840258e-01	   2.4810818754547867e-02	   3.2744519925374510e-01	   1.1912778593541642e-01	  -5.2986145101771277e-02	   2.9311346267147864e-01	   3.5958633146886532e-01	   3.5786076501011732e-01	   5.6133851575181404e-01	   2.4173598349122893e-01	   5.1467270463907838e-03	
   1.0790727664706106e+00	   6.4307426379422916e-01	   6.5694886239880845e-01	   1.0731524993558250e+00	   4.0000452180082274e-01	   6.2182456892810134e-01	   7.9612618969852178e-01	   1.1295435503370235e+00	   4.1475467166095831e-01	   6.5374578843833764e-01	   1.1801542113210119e+00	   0.0000000000000000e+00	   9.5482541426195899e-01	   1.7061743850302424e+00	   7.4955165382023592e-01	   1.1157545638268176e+00	   6.7856197412485031e-01	   7.8910940250185069e-01	   9.8548571062527279e-01	   8.6988021198930610e-01	   2.7634125088596490e-01	   2.1666543363018281e-01	   7.5682562717912483e-01	   1.0029641683683466e+00	   2.7701787267989769e-01	   4.3431532035578196e-01	   3.7124765776203333e-01	   4.5920896110506809e-01	   9.0456507964912591e-01	   9.1482647395316752e-01	   5.5959442513104907e-01	   6.4026499944573367e-01	   9.2823919915702779e-01	   8.3487458120599900e-01	   2.4410899013697551e-01	   3.7393612461036824e-01	   4.8930582333282691e-01	   4.3011855918569386e-01	   6.2267597021031240e-01	   4.8239251160542063e-01	   7.4233657410855702e-01	   3.0611331568482458e-01	   5.7765104534488998e-01	   4.7052241334314726e-01	   6.0428608993201904e-01	   7.1926916881540792e-01	   7.5584273370561383e-01	   8.6787360588122864e-01	   6.8509605083038905e-01	   6.1674853215868586e-01	   9.4864855534509485e-01	   8.3795433234717842e-01	   8.4517191698600769e-01	   7.7329470640284681e-01	   9.8318434943071542e-01	   8.8771136910492654e-01	   6.0297050635302973e-01	   7.2841779837990450e-01	   6.4467822140835840e-01	   9.6136202140995430e-01	   1.1105244777871710e+00	   1.1784975523779078e+00	   1.1287737488570484e+00	   1.4527461243608406e+00	   4.4970863879439271e-01	   5.4593804173871008e-01	   4.4760355936751517e-01	   4.9326964595839773e-01	   8.5804929659481866e-01	   1.0109621377322902e+00	   5.7477429924410772e-01	   5.5785068551150352e-01	   8.6617399468507394e-01	   9.8458949955324992e-01	   8.2723736830226957e-01	   9.3067682489209713e-01	   6.9326507322954656e-01	   9.6136355972209675e-01	   6.8579384163773160e-01	   5.1376869008056625e-01	   1.0455733120836543e+00	   1.1140097208741702e+00	   9.0367216107660731e-01	   1.2825696240899100e+00	   8.0555579907243580e-01	   1.1514279234775329e+00	   4.5307325771002388e-01	   6.7903329709164417e-01	   9.1638720701894572e-01	   1.1336983066868633e+00	   9.3026850293761043e-01	   3.7097175233821889e-01	   4.5395664307867922e-01	   3.2418537905720907e-01	  -1.1266872990299931e-01	  -6.1545572924883094e-02	   5.6345582884834888e-01	   3.8244758254065542e-01	   7.5643659547805797e-01	   5.5334050618196484e-01	   8.0265834526940871e-01	   6.5023897058794944e-01	   6.7045820995621785e-01	   6.1976562154199322e-01	   4.3741789239239015e-01	   3.5204645493743159e-01	   6.9151313873894102e-02	   1.6561375212204599e-01	   1.2182165295716195e-01	   2.5051422941944391e-02	   3.8888460155295401e-01	   3.4467353969421982e-01	   4.2893696211472854e-01	   6.4258260841919035e-01	   3.3083959008633013e-01	   6.6004843415124220e-02	
   1.0149665444074325e+00	   4.8010941985182393e-01	   7.3157957507944660e-01	   7.2371641082185922e-01	   5.4400899037733885e-01	   5.2702510222423071e-01	   1.1331485583452827e+00	   7.4439711018450794e-01	   6.2022048874057345e-01	   4.9130784130628058e-01	   1.5964449258546454e+00	   9.5482541426195899e-01	   0.0000000000000000e+00	   9.5955361267978523e-01	   1.0214889951519266e+00	   9.7525578467757890e-01	   4.8039664066622134e-01	   5.3711810823537554e-01	   8.7599669531080737e-01	   6.0681726794079172e-01	   3.0853809136959176e-01	   1.9250793324984486e-01	   7.4489245113236147e-01	   6.4237681989395734e-01	   2.4144856724831537e-01	   3.0069909074409285e-01	   3.2860058308248308e-01	   3.9365238549774906e-01	   8.0555690577049266e-01	   6.9509103018022733e-01	   7.1502374732859431e-01	   6.6007082001766348e-01	   7.1315377392710655e-01	   5.9786596102059519e-01	   1.0534440855244331e-01	   2.0876731175884394e-01	   3.6450738641595493e-01	   2.9243522966105517e-01	   4.1954415784704918e-01	   3.2335579643513013e-01	   4.9948383846327865e-01	   1.8045680530833635e-01	   4.8401547376236759e-01	   4.0098825124202664e-01	   4.7668389029222991e-01	   5.1540198505462764e-01	   6.2064338223785542e-01	   5.8563375795800776e-01	   6.8307373971959928e-01	   5.2981122617332654e-01	   7.8449927212797710e-01	   6.7399227063987621e-01	   5.5971492598537365e-01	   5.8298754221181992e-01	   7.4959387888864315e-01	   6.1897242671700980e-01	   4.1562042468565852e-01	   4.3386193938616513e-01	   6.9383035617139432e-01	   5.7894774140011052e-01	   1.0194939463987540e+00	   6.5546461657705468e-01	   8.9035968400553878e-01	   8.2507680305722586e-01	   3.1450501398691699e-01	   3.8273399037398687e-01	   4.0297178362579494e-01	   2.8525063132580242e-01	   6.2242230394299858e-01	   6.6793728505066663e-01	   5.7310528046790354e-01	   4.1618318192347709e-01	   6.4798464168149073e-01	   6.7830057472522798e-01	   6.7264546537087000e-01	   6.6428149022915828e-01	   6.1719846653629062e-01	   6.6402341989699698e-01	   4.8460023302960314e-01	   4.3782339252536506e-01	   7.1600060259205078e-01	   7.7234204228302272e-01	   8.7794273574583614e-01	   8.8620805798479363e-01	   5.8706408290241274e-01	   6.5484803288580962e-01	   3.4430226273368802e-01	   6.0780161166025704e-01	   6.7976809139719896e-01	   7.6290847171981180e-01	   5.2367749722516432e-01	   3.1683778133647689e-01	   1.6515867252178998e-01	   2.4238108349587836e-01	  -1.7996575366066769e-01	  -2.0292289269036839e-01	   4.7330587813648017e-01	   4.0597034763089462e-01	   6.0032203368793391e-01	   4.9708332151772061e-01	   4.7022740714778682e-01	   6.2151800820871261e-01	   4.2770692427854934e-01	   5.1249156982538413e-01	   2.5634792378928534e-01	   3.4859961128700873e-01	  -1.1574357003849060e-02	   2.9118050641432519e-01	   1.1795653371340797e-01	   5.4910943762233703e-02	   3.0499271660195404e-01	   2.7602465187513037e-01	   2.3421629100267793e-01	   3.4678687854155554e-01	   8.9614928707146560e-02	  -9.2159961038912844e-02	
