   0.0000000000000000e+00	   1.1453404244797132e+00	   7.9663192471101252e-01	   7.1898499657708537e-01	   6.5111229243076618e-01	   5.2005239593504660e-01	   7.8408437619321592e-01	   7.8418630140781953e-01	   6.4357392123709345e-01	   5.1116534481871456e-01	   9.6174313905282227e-01	   8.1525758234394330e-01	   8.9909023568744184e-01	   6.9490838212800032e-01	   8.2139272820774134e-01	   7.7332423873472622e-01	   4.8466664880585025e-01	   3.4841401457087590e-01	   1.1787866947838668e+00	   7.5634927936482377e-01	   6.8457964057245591e-01	   5.2992076077941663e-01	   6.6527651194169701e-01	   7.1161202143180113e-01	   7.3527123465073496e-01	   6.2994981803890171e-01	   5.5757174006923638e-01	   6.5560875884383552e-01	   7.3511724401364886e-01	   5.5674563198217153e-01	   7.2447718647834203e-01	   7.4618218122307167e-01	   9.3816106983720093e-01	   9.1436977771879635e-01	   5.2457739507753076e-01	   6.1396265867480559e-01	   6.4637439502432104e-01	   7.0445827102519387e-01	   7.9023871064857554e-01	   7.9584629613941216e-01	   6.7417560085630823e-01	   6.2290719302399999e-01	   9.6780550280950384e-01	   8.9562575249543264e-01	   7.4729113302520467e-01	   7.6387506962706331e-01	   1.0224887076424487e+00	   1.0270615516358299e+00	   5.3740071782380261e-01	   5.5744557945640105e-01	   7.7083748992367473e-01	   5.5967844499062436e-01	   7.5774570269430475e-01	   6.1853287866007378e-01	   9.6577146226775401e-01	   9.0620660892295690e-01	   6.9009071615782491e-01	   7.2393499587306787e-01	   1.1380497308237050e+00	   9.1685814903978291e-01	   1.3447378546075113e+00	   7.8004874952957015e-01	   8.0897793188882361e-01	   6.2490919164177572e-01	   5.6200289231941469e-01	   5.8705741767796138e-01	   1.0130631868243878e+00	   8.3597691681722752e-01	   6.9152369119453871e-01	   6.3923121987248666e-01	   8.2014598544288730e-01	   8.2949807228857564e-01	   1.1758155028551540e+00	   8.0306428750008352e-01	   1.0331376566881854e+00	   6.8281075765125365e-01	   1.1947402476696165e+00	   8.9253877824714301e-01	   7.3573946887754582e-01	   7.2228677474818725e-01	   5.9952262301554327e-01	   8.4339789338997817e-01	   5.9594612269089919e-01	   4.0591061218562841e-01	   8.6872368329146843e-01	   1.1157299050114571e+00	   7.0825637150649223e-01	   6.1699683268135819e-01	   9.8257605005061577e-01	   1.0047685544020359e+00	   7.4303875920663842e-01	   1.6830532088777453e-01	   1.5881160103188752e-01	   9.5455424861595292e-02	  -1.2009542914185989e-01	  -2.8822445484767045e-01	   4.6726068506587132e-01	   7.7735331763622839e-01	   8.9565888247102987e-01	   9.2274212420081669e-01	   3.5176096639368576e-01	   2.3042666107183335e-01	   1.1567787702024780e-01	   3.3752409230992253e-01	   2.6587299300999823e-01	   2.1228427820368950e-01	   4.7220241988079020e-01	  -6.0185986281758697e-02	   2.7858579889974927e-01	   6.0925934463559972e-01	   5.1535288184201344e-01	   5.6432551371195760e-01	   3.4751143610589991e-01	   4.6267880304932379e-01	   3.0484250319274547e-01	   1.9833425672323832e-01	
   1.1453404244797132e+00	   0.0000000000000000e+00	   5.8274340427910076e-01	   8.2162352954282603e-01	   5.7764884821085605e-01	   6.3530195664762990e-01	   5.6632957725569133e-01	   9.2297173121880716e-01	   5.9623134570572700e-01	   6.0921260027253621e-01	   7.3979036784533625e-01	   9.8024660986979584e-01	   7.2443220334912484e-01	   8.5968758775570731e-01	   6.1134728829581886e-01	   8.5542225066481281e-01	   4.3677154778075900e-01	   3.8586302555723478e-01	   8.0361906755050838e-01	   8.5566622733681563e-01	   6.1291774215875949e-01	   5.2344271921602914e-01	   6.4738729658764216e-01	   7.9210946511747782e-01	   6.9789834453158262e-01	   6.8940378989416085e-01	   5.5558785192264359e-01	   6.5924023022957412e-01	   5.5371001687768562e-01	   5.8907025418751136e-01	   6.7646500469038262e-01	   8.2884506562427351e-01	   8.3951855355580363e-01	   1.0842215378823663e+00	   5.7654254916874803e-01	   7.2283999302006574e-01	   6.6405732410821872e-01	   8.1147107831863841e-01	   6.7924752475054495e-01	   7.2956537890713413e-01	   5.4171883308666291e-01	   4.5188412225446839e-01	   1.0365005486321404e+00	   8.0374302720311186e-01	   7.6874234276177056e-01	   8.0915458729135237e-01	   1.0090047977457171e+00	   8.9284912244621295e-01	   6.3345925743050091e-01	   6.1227607941840001e-01	   8.8765168005859540e-01	   5.6564136463154713e-01	   9.0223257273378721e-01	   6.8893830617565510e-01	   1.0473084458104338e+00	   8.7711844032287545e-01	   6.8536918307348460e-01	   9.8160758054372332e-01	   7.6380180944276477e-01	   8.0068169237277387e-01	   1.1191013043539748e+00	   1.0128688955602703e+00	   7.0983390565742011e-01	   7.8568117695943196e-01	   5.0913530351385572e-01	   6.5538092711903750e-01	   7.9949734439275544e-01	   8.6976684993588915e-01	   6.0403841772543654e-01	   5.7443043972824293e-01	   6.4734729609164998e-01	   8.1832446679655146e-01	   7.3161018287387236e-01	   6.8612291779158263e-01	   7.6329523050108750e-01	   5.8962104155541939e-01	   9.4900119944308980e-01	   1.0638280041672588e+00	   8.1760642463163125e-01	   7.5736429231048441e-01	   7.3067801070219596e-01	   1.0089337241718133e+00	   5.5496693403482611e-01	   4.7245551943103764e-01	   8.9117148970008198e-01	   1.2756288246329972e+00	   6.1400095135288568e-01	   6.5776125820782649e-01	   8.3490730622576914e-01	   1.0417214694481554e+00	   9.0710989412217558e-01	   1.5642227461743563e-01	   2.5475840186005966e-01	   6.2515978403868147e-02	  -4.5763401106675275e-02	  -1.7987207667035957e-01	   4.3106060346017960e-01	   6.8402554036241570e-01	   9.4416735976137900e-01	   6.5224727808819538e-01	   4.1827763866431233e-01	   7.1602693356504349e-02	   2.2904290390453907e-01	   1.1041203154830795e-01	   1.4733734817080324e-01	   1.0067810422280099e-01	   4.3096332961515277e-01	  -1.7478436460208113e-01	   3.1385474587712747e-01	   5.9332719364565278e-01	   3.4856453113648800e-01	   4.8928552877640274e-01	   2.9395368839989777e-01	   3.3339154156075923e-01	   2.4242784937051581e-01	   1.9380039492012927e-01	
   7.9663192471101252e-01	   5.8274340427910076e-01	   0.0000000000000000e+00	   9.9746530794031807e-01	   9.3102098777899167e-01	   5.8401288327921919e-01	   1.3476085817398455e+00	   7.7518626185541828e-01	   1.2276913548974100e+00	   7.1976239152589483e-01	   8.0989826751602045e-01	   4.5024112374087877e-01	   1.0305970031939371e+00	   5.8311597660512804e-01	   1.2538106358924361e+00	   9.4606362733925686e-01	  -4.3715550054508161e-02	  -1.4901082158441617e-01	   5.8488617706297830e-01	   3.1354747069516603e-01	   8.1022390215366213e-01	   5.9286944909103445e-01	   1.4456916061699450e+00	   1.0833389268964075e+00	   9.6760763689134988e-01	   7.2033390461789437e-01	   9.8880774170963270e-01	   9.2339179824465412e-01	   2.5068918396392087e-01	   1.1036832113111131e-01	   9.0968048155955916e-01	   8.0045147946082540e-01	   8.5453347053784778e-01	   5.9081738591635324e-01	   6.6489383119167522e-01	   4.7378960081635046e-01	   4.9170395971069492e-01	   5.0888566105663857e-01	   6.6223668087856813e-01	   6.1017298521531882e-01	   4.7953073379568489e-01	   2.6234604484132062e-01	   5.4277774935504852e-01	   4.3857997356178718e-01	   4.0988637426450164e-01	   4.2124166006992203e-01	   5.1907947134944499e-01	   4.7807211282459222e-01	   2.2506172575907935e-01	   2.8310706133384966e-01	   3.0331905749409172e-01	   1.3152966898351562e-01	   3.5905358066128673e-01	   3.3780384347370196e-01	   6.1514229417260147e-01	   4.5985219019033335e-01	   3.6019197753391158e-02	   2.6084613150791580e-01	   6.2734087044969544e-01	   5.3694292551391987e-01	   8.3553669546024589e-01	   5.1160140154525990e-01	   2.2910770834446340e-01	   2.7652432667722182e-01	   9.8379973982570679e-01	   5.7188483439913940e-01	   7.4394792652832731e-01	   5.2690010477444660e-01	   4.2957880236215917e-01	   5.4797542002589461e-01	   8.0943492137369843e-01	   7.0545811696190841e-01	   4.5765041545074908e-01	   1.6969000384062838e-01	   4.5499171034333941e-01	   2.6103345671601941e-01	   7.8708925792593298e-01	   5.3156114773872010e-01	   2.0402558584366137e-01	   2.5255667740001853e-01	   1.0302615971248551e-01	   3.6990641756414833e-01	   6.0765191981359723e-01	   2.3120559072935887e-01	   9.7528406868603601e-01	   8.4500448712642551e-01	   8.5111405579808064e-01	   5.9689986986114496e-01	   1.1719807105166979e+00	   8.5057351305641293e-01	   5.5448386192989740e-01	   4.6713794342598031e-01	   4.5856120120660526e-01	   5.0591099719949484e-01	   2.4399291101957779e-01	  -8.2117133253105060e-02	   5.0759350278186388e-01	   4.6583140816341190e-01	   3.0652776096213752e-01	   4.7661577489668588e-01	   3.6998286462103397e-01	   3.2720684278211309e-01	  -3.8708836928773117e-02	   1.4205460033115769e-01	   3.5895155036076384e-04	   8.7328686894283275e-02	   2.1401317747948889e-01	  -2.5777573275875310e-01	   1.3832261285515835e-02	   5.8948852992964373e-01	   4.0380401618312717e-01	   3.3013171076197811e-01	   4.1914411906145438e-01	   5.6655051107191667e-01	   3.3194007557186744e-01	   2.8812081468649031e-01	
   7.1898499657708537e-01	   8.2162352954282603e-01	   9.9746530794031807e-01	   0.0000000000000000e+00	   1.0309771207872198e+00	   1.1155223990742753e+00	   7.3483738141122168e-01	   1.0559979310080383e+00	   1.0116489496349332e+00	   1.1838060356360134e+00	   5.5823762018053924e-01	   6.6121524953898647e-01	   7.6712158332654734e-01	   8.4697570022836066e-01	   9.2178820484148138e-01	   1.4118861697745777e+00	  -1.2147571730385714e-01	  -2.1360377145732609e-01	   4.7869661123292351e-01	   3.3419449871577284e-01	   9.7672713783384224e-01	   9.9283749782257646e-01	   1.0353948446886896e+00	   1.4630313460408833e+00	   1.1119493886220910e+00	   1.2724822827250157e+00	   1.1815340023232253e+00	   1.3984703886202789e+00	   1.1448079310067386e-01	   2.1599453236877460e-02	   7.3935161435156294e-01	   8.6441249418443067e-01	   9.2260825327683849e-01	   7.7975837580081875e-01	   7.5206584597710235e-01	   7.5835972626569803e-01	   5.0943008488573838e-01	   5.6222294183658683e-01	   6.1417873439116044e-01	   6.7837816846281995e-01	   4.0193366857550061e-01	   1.9733899751817749e-01	   6.4922725558226813e-01	   5.0101101518783886e-01	   5.3996905657773941e-01	   5.7752440074486255e-01	   6.2208031032116151e-01	   5.8432274726504152e-01	   2.5383722776501028e-01	   3.7956868883016742e-01	   3.6959191586766232e-01	   2.1080701097543580e-01	   3.7671987076645874e-01	   3.5402816982753238e-01	   6.9882932538803155e-01	   5.0778259968307204e-01	   9.7556037508246166e-02	   3.1999626067260667e-01	   6.5619151468395354e-01	   7.8312975052463418e-01	   9.1543562393809574e-01	   9.0272933035695935e-01	   2.4298591883712312e-01	   2.9086130753726702e-01	   1.0020595773348244e+00	   1.1720824277022204e+00	   8.5475004201327942e-01	   9.4282684862590083e-01	   4.4763369280752385e-01	   8.9546344498825159e-01	   5.7924355390261661e-01	   7.5037126632445028e-01	   2.9087386199491955e-01	   1.0810274946169218e-01	   3.2418173479514095e-01	   1.3747795223556539e-01	   5.7341575019827473e-01	   4.9285163184052466e-01	   2.0539115150379830e-01	   1.9036114033445731e-01	   1.3560455265493951e-01	   4.0336824177771935e-01	   5.5271861562037095e-01	   2.3667133896048423e-01	   8.4015599198555035e-01	   1.2875379075830220e+00	   6.9065697454049990e-01	   6.7270363560097923e-01	   1.0574463414301336e+00	   1.1097638548495592e+00	   8.7695054247911730e-01	   3.5867492195607686e-01	   6.5909507427917791e-01	   3.8824794803559670e-01	   1.8776422567462175e-01	  -2.8427843254387798e-03	   4.4701780835052762e-01	   4.1484487097764494e-01	   4.1264349013073809e-01	   4.0020532714046481e-01	   5.7891098568425470e-01	   2.1816120746218748e-01	   4.5568762430086972e-02	   1.9960000621601581e-02	  -2.0846649513671031e-02	  -1.9691748238367526e-02	   1.5154598317685150e-01	  -3.3690623991914176e-01	   7.3776145998944165e-02	   4.6868935916939980e-01	   3.3158441313151676e-01	   2.9370040762532862e-01	   4.6424920820146187e-01	   4.1152607362155885e-01	   1.3837284968751384e-01	   2.0940463144483151e-01	
   6.5111229243076618e-01	   5.7764884821085605e-01	   9.3102098777899167e-01	   1.0309771207872198e+00	   0.0000000000000000e+00	   1.3083541538401395e+00	   1.0742317059697588e+00	   1.0149532425645031e+00	   1.3369610095606739e+00	   9.3858416682191026e-01	   6.5026596464926067e-01	   6.5677357998172470e-01	   8.2407880648958054e-01	   7.7968019083597950e-01	   8.7192246953129038e-01	   9.9476407299575254e-01	  -2.6583909656495330e-02	  -1.7961340156507596e-01	   5.3664653644095750e-01	   2.9816129572239819e-01	   9.3231247994525535e-01	   8.5329157049082127e-01	   9.9418410079794717e-01	   1.0579501952194701e+00	   1.1856860062805754e+00	   1.0973067639323162e+00	   1.2889157724635503e+00	   1.3679562654751729e+00	   1.8653814450213688e-01	   5.1319129776753430e-02	   6.1732677073970654e-01	   6.4986998855964251e-01	   6.8150740303262003e-01	   5.5759556593886694e-01	   6.0048171782916704e-01	   5.8576590965112407e-01	   4.5735976554783009e-01	   4.1057405426856064e-01	   6.4510076477395817e-01	   5.3768286330335224e-01	   4.0192901534837772e-01	   3.3417623003358110e-01	   7.1275648179751339e-01	   5.6696444656965661e-01	   7.1828810472602367e-01	   6.7180399531391155e-01	   6.8857781377213712e-01	   6.1101954952686066e-01	   4.8124100105287471e-01	   5.5285472348473075e-01	   5.7424685504838735e-01	   4.2151162903318967e-01	   4.7929920736005949e-01	   5.2952785082510734e-01	   7.5805409068661334e-01	   6.3912804065053719e-01	   2.0570929858303548e-02	   1.3753439559614997e-01	   7.8336345464460466e-01	   7.5420699812455450e-01	   8.0696159190516759e-01	   6.7904988607434080e-01	   3.4404070246205060e-01	   2.8658095445371506e-01	   7.3059152541298222e-01	   8.3889241732066899e-01	   9.9577288592383151e-01	   9.2463690238533336e-01	   5.3681775481646787e-01	   9.3345396138377423e-01	   6.9625791099089263e-01	   8.4436470044285050e-01	   2.9162838845807287e-01	   9.2746305712343463e-02	   2.0509506237219274e-01	   2.3874784987559759e-02	   4.8526357463946568e-01	   3.5010824433768889e-01	   1.0941992856769689e-01	   8.2129208236274440e-02	   1.5425177767355130e-01	   3.0751749751636243e-01	   6.1728670628336368e-01	   2.0102318640472588e-01	   7.9010938792915053e-01	   9.1154297964610209e-01	   7.0020287548993587e-01	   6.5698640276110298e-01	   1.1302962831527199e+00	   1.0783288595437897e+00	   8.5614992498677989e-01	   4.3344041771634290e-01	   5.3224015796125457e-01	   4.6139277262428396e-01	   1.7496502446083567e-01	  -2.6463148363725930e-01	   5.6378745269129449e-01	   4.0405108964384268e-01	   5.8520478660653430e-01	   6.1803802741632996e-01	   6.5519869378276718e-01	   4.3137137191399166e-01	   1.8539276197317692e-01	   1.9143451565637895e-01	   2.6328050705310857e-01	   2.7748259255142466e-01	   3.9912419639873814e-01	  -7.2869513696499286e-02	  -3.0400282979120331e-02	   3.6038025948595565e-01	   4.1735341686700889e-01	   5.9960901150520884e-01	   6.6649668433132447e-01	   4.4489623434018777e-01	   2.6439292481986881e-01	   2.9233158343423071e-01	
   5.2005239593504660e-01	   6.3530195664762990e-01	   5.8401288327921919e-01	   1.1155223990742753e+00	   1.3083541538401395e+00	   0.0000000000000000e+00	   6.7256800560881624e-01	   1.1433954727462883e+00	   9.1052231531605909e-01	   1.1469881165305609e+00	   4.7950981103905477e-01	   8.3260753376902663e-01	   6.0534258340143499e-01	   9.3446700711697173e-01	   6.4401272913903795e-01	   9.9198669909359372e-01	  -1.1709080382161886e-01	  -2.5190229730204050e-01	   3.9200622389196893e-01	   2.1737648968440412e-01	   8.7327665035736857e-01	   9.4505477427223905e-01	   6.5137751286305334e-01	   9.0739419043564218e-01	   8.5007048377813532e-01	   1.0401250957102208e+00	   9.5020757927612687e-01	   1.3167912937233737e+00	   9.6657853846954009e-02	   1.2590873454664355e-02	   4.7951991110529835e-01	   6.0736374431550666e-01	   5.2733885813043002e-01	   5.3355024333080947e-01	   4.4884968122723895e-01	   5.1257236930679406e-01	   3.7489792725522503e-01	   3.4196942245778772e-01	   5.0954106064118221e-01	   4.7039695228758138e-01	   3.1618036233017294e-01	   2.3680459073588495e-01	   7.2446466963065570e-01	   5.4823059137959251e-01	   7.5776448491625492e-01	   7.2488778288453215e-01	   6.5924550015696526e-01	   5.8102461768082159e-01	   5.6463425294617187e-01	   7.1072073667241031e-01	   6.0948802692684845e-01	   5.4745783199330722e-01	   4.8945225069770004e-01	   5.4633791696883161e-01	   7.9016593208941177e-01	   7.0163010003477766e-01	  -1.6792478129618538e-02	   7.5079782627964262e-02	   7.0645356850520691e-01	   9.3188936054617766e-01	   7.1104326812193186e-01	   9.2313015643544249e-01	   2.4633174362257265e-01	   2.9706158500395646e-01	   5.2788517678788138e-01	   9.8991321250360975e-01	   7.1677759252602491e-01	   9.2276783518253336e-01	   3.3806182852476296e-01	   8.1802628574245762e-01	   5.3600810423193002e-01	   8.5655562004978325e-01	   1.7952197048278090e-01	   3.5042362691252334e-02	   1.4925151753118643e-01	   2.2752597143751844e-03	   3.3667929288938175e-01	   3.5620590446327777e-01	   5.9619975773321822e-02	   6.8214287417399126e-03	   1.3045271326104121e-01	   2.8518457707368855e-01	   4.2525713815564808e-01	   8.4997452684086386e-02	   5.4572228017993307e-01	   9.5724897216356419e-01	   4.7980210072152946e-01	   5.6187666684541782e-01	   8.0952998309214053e-01	   1.1522557914580909e+00	   9.3171375354865016e-01	   3.5338423245212730e-01	   5.5565879310594202e-01	   2.9942228729239778e-01	   1.4085785288249114e-01	  -2.2281645876009137e-01	   4.1427330822568331e-01	   3.0486575004654826e-01	   5.8865645227617369e-01	   5.1449101574002187e-01	   7.6204582615481808e-01	   2.5124117758784242e-01	   2.2677888542716756e-01	   5.2459470320975261e-02	   2.1784727795735634e-01	   1.1278791218074120e-01	   4.5587855131865940e-01	  -7.3233925789112059e-02	   8.7303711494349415e-02	   2.3187522387839576e-01	   2.4543662855191001e-01	   4.1879794697524320e-01	   6.8823564545690086e-01	   3.0624193476452238e-01	   1.7317824045342625e-01	   2.2117177531440621e-01	
   7.8408437619321592e-01	   5.6632957725569133e-01	   1.3476085817398455e+00	   7.3483738141122168e-01	   1.0742317059697588e+00	   6.7256800560881624e-01	   0.0000000000000000e+00	   1.0733682368788751e+00	   1.4653482836946057e+00	   7.4862908486097157e-01	   1.1152194198193297e+00	   7.2897597735197339e-01	   1.3763811845681075e+00	   8.1849863152129965e-01	   1.1667017126479027e+00	   9.1114851045138678e-01	   1.3582505418727361e-01	  -3.0481386824590621e-02	   7.1417905219792854e-01	   4.1934183208508446e-01	   7.2017782454295154e-01	   5.1344013632802610e-01	   1.0925076963370712e+00	   8.8243993826841682e-01	   7.0129798552152633e-01	   5.1931194255036006e-01	   7.8764224648110659e-01	   7.9928830793510752e-01	   4.9687321780192761e-01	   3.0913464673518054e-01	   8.3507107351973975e-01	   7.8546898489650729e-01	   7.8829359618533501e-01	   6.4687615089166706e-01	   3.2908797259878747e-01	   2.4956923462206521e-01	   3.2138493273694241e-01	   2.9076151930486460e-01	   5.7995968057837688e-01	   3.9819689873200614e-01	   4.5945361018123843e-01	   3.0397873960037425e-01	   6.3633889098049545e-01	   5.4818041308486443e-01	   5.3482586506535967e-01	   5.3895893949410723e-01	   5.8219483949319439e-01	   4.8354400422606253e-01	   3.4667970872796333e-01	   3.8555185654897961e-01	   4.6080386553064107e-01	   2.7094956018266314e-01	   3.9225420292298052e-01	   3.7110536779298653e-01	   5.9799886122288415e-01	   5.2056377645904339e-01	   6.0637768717917713e-02	   2.1362842392305578e-01	   7.3161182319843598e-01	   6.3271687985666047e-01	   8.7936947537285470e-01	   6.4489099722058829e-01	   4.7206726912686325e-01	   5.1242737025921192e-01	   6.2537865875506249e-01	   5.0039578596265499e-01	   7.9899608303254988e-01	   5.5942462305691276e-01	   4.9584765457761898e-01	   6.1748871760908697e-01	   1.0481471757569834e+00	   8.7008625991959088e-01	   5.6693873251995042e-01	   2.4792843011005461e-01	   4.7219345720216849e-01	   2.2938099227980413e-01	   7.7167317135017865e-01	   4.9634767426896026e-01	   2.8505527115872609e-01	   2.4229765451603630e-01	   2.7092062618781160e-01	   4.8275931720435994e-01	   6.5042640208153613e-01	   2.1065712145780957e-01	   9.0358804073042598e-01	   8.3803555382782335e-01	   7.0867570202474217e-01	   4.6983694800741271e-01	   1.0973637495164239e+00	   9.1980314316783662e-01	   5.9406270708487019e-01	   3.7811454232365521e-01	   4.2128590584509867e-01	   3.7752531997600997e-01	   1.5400233379458494e-01	  -4.0298300127027892e-01	   3.5682772334153340e-01	   3.4046022076146903e-01	   4.1560673021338912e-01	   5.5394084912535269e-01	   5.6772082365483456e-01	   3.7039796964482524e-01	   6.4297393169031325e-02	   1.9614813019964161e-01	   1.6222119040948499e-01	   2.0082463599365469e-01	   4.3252058889841699e-01	  -9.0700482258144186e-02	   6.7353569662389118e-02	   4.1147414592725384e-01	   2.8471929555953190e-01	   5.0804823750965233e-01	   4.5004373217554972e-01	   4.1663509924088021e-01	   3.4221529317782096e-01	   2.5950905294205179e-01	
   7.8418630140781953e-01	   9.2297173121880716e-01	   7.7518626185541828e-01	   1.0559979310080383e+00	   1.0149532425645031e+00	   1.1433954727462883e+00	   1.0733682368788751e+00	   0.0000000000000000e+00	   1.1505207865111144e+00	   1.1915800244867663e+00	   1.0051838124450163e+00	   1.3804027328956066e+00	   1.1613081798581348e+00	   1.3768124826440389e+00	   1.0223789773965373e+00	   1.2709391449264069e+00	   1.7694230200968897e-01	   4.6187963038074598e-02	   7.5206978927102541e-01	   5.9025050179969063e-01	   8.7236961345544817e-01	   7.6985324392100962e-01	   8.6395230075044172e-01	   1.0584956044819087e+00	   6.6867552569506306e-01	   7.2360067388834914e-01	   7.3979412856785132e-01	   8.9823366043340158e-01	   5.0480363397745309e-01	   4.1661984085525855e-01	   8.4604614830264968e-01	   1.0551816240153316e+00	   8.1913519485816222e-01	   9.2557436723052866e-01	   3.0735840106460877e-01	   3.7411838763448396e-01	   3.3785605526958717e-01	   3.5990505925132921e-01	   5.5173188972499254e-01	   4.3601485847718563e-01	   4.8646875566614256e-01	   3.2091386268164035e-01	   8.1223834467504408e-01	   6.1991597684926980e-01	   7.5452467545765578e-01	   7.8581211402960338e-01	   7.2747520531661325e-01	   5.9549625494998248e-01	   4.6014091660961753e-01	   5.4492261759546412e-01	   5.6684528351234942e-01	   3.6502185134680237e-01	   5.3041002206029131e-01	   5.2017188312242713e-01	   7.3445999400675088e-01	   6.3633061674055502e-01	   1.9551415003621828e-01	   3.3443677876897671e-01	   6.8162176099180094e-01	   8.5215720536517492e-01	   9.5960290927192382e-01	   1.2622322676445927e+00	   5.8430360164109918e-01	   7.2450791570266670e-01	   5.6076371521780499e-01	   8.1688005308093592e-01	   7.5080508565391579e-01	   7.8229657178504797e-01	   5.1290900602235323e-01	   8.5232535659736341e-01	   8.9549197005049741e-01	   1.0031334821506510e+00	   4.9043825725351220e-01	   2.8730689436445578e-01	   4.4881573043338374e-01	   2.4460277462700819e-01	   6.8508107901610260e-01	   6.5588534420781275e-01	   3.6832759077011162e-01	   3.1395981946192114e-01	   4.4745576366765516e-01	   6.8117398435712795e-01	   7.2786120725108139e-01	   3.6796651860302221e-01	   8.8033089955747434e-01	   1.2131837614736307e+00	   5.8813870608831897e-01	   5.5155554496180204e-01	   9.7030541787907765e-01	   1.1861602388278538e+00	   9.8796129038345315e-01	   2.9536688597886257e-01	   5.2954036724444609e-01	   1.9425071680960718e-01	   1.5787369089956887e-01	  -3.4111463334971082e-01	   3.1400969213132840e-01	   3.1359170107929812e-01	   6.0803602681508895e-01	   5.5923804454366233e-01	   7.8834907893930473e-01	   1.8416031725405185e-01	   1.6015213952838200e-01	   3.9909316043264392e-02	   1.4927648149802819e-01	   4.6481437937801282e-02	   4.5459416239901584e-01	  -1.5309258079620258e-01	   1.6701985419886800e-01	   3.7532953193723351e-01	   2.6950716924558837e-01	   4.6565814321693516e-01	   4.3028067723371438e-01	   3.5453911521713333e-01	   2.8190501534605955e-01	   2.3369704504461747e-01	
   6.4357392123709345e-01	   5.9623134570572700e-01	   1.2276913548974100e+00	   1.0116489496349332e+00	   1.3369610095606739e+00	   9.1052231531605909e-01	   1.4653482836946057e+00	   1.1505207865111144e+00	   0.0000000000000000e+00	   1.0522082538932085e+00	   8.6801104414116059e-01	   6.7216563420885744e-01	   1.1295177602374475e+00	   8.3774980070838256e-01	   1.1814872052760670e+00	   1.1347555989018148e+00	  -5.0433830545563246e-02	  -2.0081718968731166e-01	   5.2593339392196259e-01	   3.4299873419432397e-01	   7.6691831446953296e-01	   6.0697258202268789e-01	   1.1928246591785954e+00	   1.1116755561070140e+00	   8.7226292984994580e-01	   7.8554181005938228e-01	   1.0248380261976588e+00	   1.0036353087908163e+00	   2.7771184321008530e-01	   1.2817980822015648e-01	   7.4496166037620570e-01	   8.1334620918381895e-01	   7.0421272440532356e-01	   5.6879388391155661e-01	   4.4237906145909045e-01	   3.8830560804466252e-01	   3.5021905921510593e-01	   3.1603169032986611e-01	   5.5875721780909982e-01	   3.9713219756645052e-01	   4.1458965738822551e-01	   1.8451557902533006e-01	   6.3682804629039080e-01	   4.9364106386695988e-01	   5.5003127450500022e-01	   5.5339169234906693e-01	   5.9099618054987191e-01	   4.7187139355378827e-01	   3.2170416501722110e-01	   3.4590780622350958e-01	   4.4951077847688797e-01	   2.0647228149217459e-01	   3.7921483217656404e-01	   3.5927416172218091e-01	   6.2397518583136835e-01	   4.5748907794314159e-01	  -4.9037367032245531e-02	   1.8912474525776132e-01	   6.9165216233628024e-01	   6.9386930954777470e-01	   8.7240140004580458e-01	   7.5885280454930537e-01	   3.3454416538197945e-01	   3.8729416469713673e-01	   7.8719653932501277e-01	   7.0420627886245224e-01	   8.6899499876069008e-01	   7.1095369614167880e-01	   5.3659682624317362e-01	   8.3997493901673392e-01	   7.4374803845013293e-01	   7.6122137407015333e-01	   3.4924352437282757e-01	   1.0467095747953929e-01	   2.9015810373158496e-01	   8.0935562792383092e-02	   6.0140303457704247e-01	   4.3675079479459916e-01	   1.1516819804893058e-01	   1.0908969491555834e-01	   1.6544491820113416e-01	   3.7328399660958744e-01	   6.7055670913002108e-01	   1.9116874587976115e-01	   1.0570096660114188e+00	   9.9212619029751881e-01	   7.9558034851456405e-01	   4.9742482318991860e-01	   1.2918761358753215e+00	   1.0637467827288165e+00	   7.8713290718505735e-01	   4.3916258384884305e-01	   6.6632756737566279e-01	   4.6933465512459338e-01	   2.8114021225295244e-01	  -3.1516847859156677e-01	   5.0621382955517935e-01	   3.2670437780486961e-01	   4.2086913097039685e-01	   4.2104244838655636e-01	   7.1297247267529296e-01	   3.2189550115286386e-01	   9.9469520965610153e-02	   9.2106369351979231e-02	   1.5240864942679330e-01	   1.6848699952351273e-01	   3.1985426222224123e-01	  -1.5558635223659720e-01	  -2.9677306924420895e-02	   4.2809671120515091e-01	   3.6959498860334278e-01	   4.8468492076427988e-01	   4.7765077571773285e-01	   4.2062843933635935e-01	   2.8947604305928237e-01	   2.8601271651116678e-01	
   5.1116534481871456e-01	   6.0921260027253621e-01	   7.1976239152589483e-01	   1.1838060356360134e+00	   9.3858416682191026e-01	   1.1469881165305609e+00	   7.4862908486097157e-01	   1.1915800244867663e+00	   1.0522082538932085e+00	   0.0000000000000000e+00	   5.9071937571773192e-01	   7.8418786927667083e-01	   7.5567643693296527e-01	   9.5799622917692739e-01	   7.6468123667269383e-01	   1.1973073193440742e+00	  -1.0199810260345796e-01	  -2.4826975171650101e-01	   3.6500147509074637e-01	   2.5341040169249462e-01	   6.2786496333935160e-01	   6.8548294020773282e-01	   7.8926415753173462e-01	   9.9106162711917178e-01	   6.5334697261814112e-01	   7.3545729875667543e-01	   8.2350988639957723e-01	   1.0462938534057080e+00	   1.2550746430128001e-01	   2.6524292178115454e-02	   4.4584280353215056e-01	   6.2766385798041680e-01	   5.5697729103373084e-01	   5.4637723177169639e-01	   3.4179288162212629e-01	   3.6318756381057937e-01	   3.8949387545212655e-01	   3.9612486184916407e-01	   3.9589149104079113e-01	   3.4295162652751321e-01	   3.3358375783277516e-01	   1.3425088774109351e-01	   5.2899903329750486e-01	   3.5963822689620872e-01	   4.3634579663514883e-01	   4.1682061051370661e-01	   4.6911181220608367e-01	   3.6467073214141871e-01	   1.9830849347238083e-01	   2.9385271280141279e-01	   3.4270237769590745e-01	   1.8837325403178223e-01	   2.6702643584123636e-01	   2.3965926848283325e-01	   5.1999832550512015e-01	   3.2776745412197067e-01	  -5.9860540437326450e-02	   1.2602692266177365e-01	   5.4216797177983933e-01	   7.5467886683282448e-01	   7.0269206479984447e-01	   1.1611954691263291e+00	   2.7347454999056064e-01	   3.7598775082387231e-01	   5.9586143535399838e-01	   1.0101540544387571e+00	   5.9679914323885042e-01	   7.0929266802660418e-01	   3.5630034397753130e-01	   8.5977436418767927e-01	   5.5633275394485027e-01	   7.0542117919850778e-01	   2.7785060980369714e-01	   1.3475632929349590e-01	   2.4137608214893530e-01	   1.2680475399627480e-01	   3.9929319485840514e-01	   4.3494846692285793e-01	   7.8710723051123282e-02	   4.9258720928467576e-03	   1.6092598094743546e-01	   3.0980029564589073e-01	   3.6105776317645577e-01	   1.2121695968903815e-01	   6.9493174355357168e-01	   9.8981813638928873e-01	   3.7382661471319695e-01	   3.1442963262332568e-01	   8.4990150212148197e-01	   9.6306640591459325e-01	   1.0489242339616560e+00	   5.2747517926426879e-01	   1.0517759310317016e+00	   4.9324804899656138e-01	   1.9203524824299306e-01	  -1.8367165171497918e-01	   2.9847271653661755e-01	   1.8277878345025489e-01	   4.8091746413111058e-01	   3.8079743686124035e-01	   8.7196821057010299e-01	   2.5336289982892046e-01	   9.0055124879020620e-02	  -3.1591339234274651e-02	   1.3049380400611146e-01	   6.4414349295596265e-02	   2.8485091017919434e-01	  -2.6802890236066912e-01	  -1.3456767813149905e-02	   3.1582606076577469e-01	   2.7792672260569334e-01	   4.9017890079925786e-01	   7.1770468095739737e-01	   3.6988420783746245e-01	   1.8396275126478978e-01	   2.5770396862169331e-01	
   9.6174313905282227e-01	   7.3979036784533625e-01	   8.0989826751602045e-01	   5.5823762018053924e-01	   6.5026596464926067e-01	   4.7950981103905477e-01	   1.1152194198193297e+00	   1.0051838124450163e+00	   8.6801104414116059e-01	   5.9071937571773192e-01	   0.0000000000000000e+00	   1.0997792038533274e+00	   1.5880390974480230e+00	   1.0440596740569150e+00	   1.1796074948528916e+00	   8.6952333440807494e-01	   5.0593236370839034e-01	   3.4535310435976774e-01	   1.0568752347179724e+00	   6.9065542320481466e-01	   6.2053422223324850e-01	   3.9145878221456298e-01	   7.9600953125400653e-01	   7.6160037404147807e-01	   4.9685053314799021e-01	   3.5786246731445592e-01	   5.2897461740252616e-01	   5.7335101572642377e-01	   8.5695464418921818e-01	   6.6077438199812355e-01	   7.0370499555420862e-01	   7.2591301051705093e-01	   6.4582408419344106e-01	   6.8001736329223395e-01	   1.6105594871393900e-01	   1.6151446602042049e-01	   4.6726501072812693e-01	   5.0436082234739599e-01	   6.6580093092284720e-01	   5.0363839644031672e-01	   7.2237945268464043e-01	   4.7803503229478250e-01	   6.7221931647726119e-01	   6.2991647624719826e-01	   5.9322109486771857e-01	   6.0483320891720493e-01	   6.6131625384592752e-01	   5.5008116068733226e-01	   4.2822325510906845e-01	   4.1552467822659395e-01	   5.1097009023457307e-01	   3.1278388904379478e-01	   5.1604880124416430e-01	   4.4813479871300865e-01	   6.5892642590186301e-01	   5.9364523594916907e-01	   3.6130306974300569e-01	   4.4780970265831205e-01	   6.6831615022802326e-01	   5.5978004211407817e-01	   8.8042224717751094e-01	   7.0533448811286270e-01	   8.3920818055098834e-01	   7.9079880444266260e-01	   4.1337609093239797e-01	   4.2821390086927752e-01	   6.3475366531134203e-01	   4.9263119372921182e-01	   5.1923817894027913e-01	   4.9495865583425747e-01	   1.1135832467693023e+00	   9.0621578702863448e-01	   8.5860314963788475e-01	   5.9209934959547561e-01	   8.1074987876075055e-01	   5.5952720113448384e-01	   9.9354847443131900e-01	   7.8464384600597903e-01	   5.9248452880956803e-01	   5.8454212698332109e-01	   6.1981101576346909e-01	   8.0182042667884612e-01	   8.6518811916962202e-01	   5.1239576729665925e-01	   1.0140210366123752e+00	   9.0200893900745105e-01	   6.6492443488395914e-01	   5.1600649005539734e-01	   8.9336800612890432e-01	   8.0658753233905089e-01	   5.6306531085824163e-01	   8.5857468294078670e-02	   2.6877580679273821e-01	   1.8624106395180640e-03	   2.2684883078081100e-02	  -4.5333467642831593e-01	   2.9369184630223122e-01	   3.8993590332458050e-01	   5.6947638625807340e-01	   5.6315698274963499e-01	   4.7574296188921700e-01	   1.4616682183907459e-01	   1.5112551431738416e-01	   2.0950421784890430e-01	   3.4477399517178703e-01	   2.2985480878298409e-01	   4.6073251517479519e-01	   2.4145999735191787e-02	   1.7762487685617379e-01	   4.5184933902930818e-01	   3.3587813662972271e-01	   4.4592597316514260e-01	   2.1377210954253234e-01	   3.9786207460093026e-01	   4.7450772190736612e-01	   3.5865893937749671e-01	
   8.1525758234394330e-01	   9.8024660986979584e-01	   4.5024112374087877e-01	   6.6121524953898647e-01	   6.5677357998172470e-01	   8.3260753376902663e-01	   7.2897597735197339e-01	   1.3804027328956066e+00	   6.7216563420885744e-01	   7.8418786927667083e-01	   1.0997792038533274e+00	   0.0000000000000000e+00	   9.9482447165723031e-01	   1.5205099437010363e+00	   7.3111946377765968e-01	   9.9821631244665421e-01	   4.8953301989889908e-01	   3.6543816210481223e-01	   8.3302300795373996e-01	   7.0467729464967754e-01	   6.5550962081950126e-01	   5.7417677004666345e-01	   5.5259628916452330e-01	   7.2883569520956981e-01	   4.4122563227751771e-01	   4.6522747166249229e-01	   4.4615009494384067e-01	   6.4152527249355040e-01	   7.9489143225152070e-01	   7.5470377546377276e-01	   6.5997223921542580e-01	   8.3054573509405394e-01	   6.5681384192971171e-01	   9.2012526785849091e-01	   1.4446995247001676e-01	   2.4299510415573711e-01	   3.7070056593516454e-01	   4.3749176082503372e-01	   4.7035722783351830e-01	   4.2203373455063764e-01	   5.2874265787352903e-01	   4.1443226898151758e-01	   7.9952559569979231e-01	   6.9064391378726986e-01	   7.8569429943648761e-01	   8.3230584772375305e-01	   7.5554560211472532e-01	   6.3815527717705811e-01	   5.5760552985194345e-01	   6.2857057809870032e-01	   6.5359690487176147e-01	   5.0169569597863384e-01	   5.9731103910589589e-01	   5.5940169453036859e-01	   6.9882050059736844e-01	   7.3145807220973946e-01	   4.0216867875313922e-01	   4.2742599475574816e-01	   6.5100919930177614e-01	   7.9518526718706062e-01	   8.4703893630089389e-01	   1.1678636888616307e+00	   8.5515261252754460e-01	   1.0178302487211990e+00	   2.4388395777690747e-01	   5.7584478736400391e-01	   6.0417812389639991e-01	   6.6660188688402200e-01	   3.9215904323282280e-01	   5.9145687257569279e-01	   8.7045212179047704e-01	   1.0497085273990858e+00	   6.9969982626459248e-01	   5.6842004213091812e-01	   6.1556399044069177e-01	   4.5331815549105092e-01	   6.9970338244084496e-01	   7.7814401610328199e-01	   6.3159391568941570e-01	   5.4288629131221733e-01	   7.6699930727312982e-01	   9.2538371888110738e-01	   6.9788164467378289e-01	   4.9756661100993527e-01	   6.8594656970305179e-01	   1.0487779150238656e+00	   4.3718403481652823e-01	   5.3048600261389323e-01	   6.8030097037737891e-01	   9.7844866036529932e-01	   7.9939392912414053e-01	   1.1618282816509368e-01	   3.3797482978240279e-01	  -2.5902840068822805e-02	  -4.5885116300022580e-02	  -4.0144149902904214e-01	   1.9068843422272969e-01	   3.7120836585747380e-01	   7.3290168338571238e-01	   6.2719987000313049e-01	   6.5566519703474468e-01	   8.1240936845100142e-02	   2.7293722575030366e-01	   1.3144384068750128e-01	   2.9747871306974571e-01	   1.3883408208419123e-01	   5.1776534623493053e-01	  -4.1736907167967109e-02	   3.0122801475887040e-01	   3.5542421271894853e-01	   2.4923961231819008e-01	   5.2786178660137351e-01	   3.7172442913676157e-01	   3.0167360812734334e-01	   2.9580860657878938e-01	   2.0284071542644105e-01	
   8.9909023568744184e-01	   7.2443220334912484e-01	   1.0305970031939371e+00	   7.6712158332654734e-01	   8.2407880648958054e-01	   6.0534258340143499e-01	   1.3763811845681075e+00	   1.1613081798581348e+00	   1.1295177602374475e+00	   7.5567643693296527e-01	   1.5880390974480230e+00	   9.9482447165723031e-01	   0.0000000000000000e+00	   1.1358876685517303e+00	   1.3821497225948813e+00	   1.1361518131283073e+00	   2.8090003690022569e-01	   1.2074016757911314e-01	   8.3520833838476172e-01	   5.4369782805125000e-01	   7.8180585129625391e-01	   5.5909417700087394e-01	   1.0105709866645636e+00	   9.8186636369183566e-01	   6.8874504961703564e-01	   5.3013562382098689e-01	   7.2551864514763054e-01	   7.4726882159926900e-01	   6.4545364995435228e-01	   4.6528746529497927e-01	   8.7286960350341247e-01	   8.6751622092735825e-01	   8.1423057694202372e-01	   7.2062682629585550e-01	   2.9047269626144578e-01	   2.6813539548480325e-01	   4.0843525318324503e-01	   4.3990190491187642e-01	   6.4034557203078646e-01	   4.7882730343087415e-01	   5.9337557883225778e-01	   3.4804124041730122e-01	   6.6217116592049008e-01	   5.8956780798936681e-01	   5.5144692022818209e-01	   5.7568445974826665e-01	   6.4102430788951437e-01	   5.4597741229162344e-01	   3.3267046138879364e-01	   3.7346719904961989e-01	   4.8211715579268954e-01	   2.7712231544781818e-01	   4.8493476971046479e-01	   4.5262903992466175e-01	   6.5363527581084835e-01	   5.5735869405828486e-01	   1.9431439675403511e-01	   3.2464754674593033e-01	   6.8959409711894326e-01	   6.0530071397250340e-01	   1.0044730560416257e+00	   7.8311883661120940e-01	   6.2498634737341807e-01	   6.1750485044333381e-01	   6.4397579527688209e-01	   5.9803367411574937e-01	   7.8078788532694754e-01	   6.0467244431950040e-01	   5.2611710153579350e-01	   6.1079914254212375e-01	   1.1148385217139181e+00	   9.5861856314068938e-01	   6.9517143213298060e-01	   4.0495650141634315e-01	   5.8228383643118742e-01	   3.6397869941458533e-01	   8.6782644813542398e-01	   6.3596033369726679e-01	   4.8107611511007786e-01	   4.3871678161356931e-01	   4.5826384824178695e-01	   6.8058738377330841e-01	   8.7205624160779505e-01	   4.4412267136221290e-01	   1.1149239454760893e+00	   1.0407881347709047e+00	   7.3543862647794989e-01	   5.9049936537389891e-01	   1.0375416646801365e+00	   9.1406111862350214e-01	   6.2790648228738222e-01	   1.9185883411961524e-01	   3.6434090291823995e-01	   1.5798100610852261e-01	   1.5968280863253059e-01	  -3.0296891505317153e-01	   3.3472155648158952e-01	   4.0319898496567275e-01	   4.3810995499115785e-01	   4.4305165004899449e-01	   4.8647952455782106e-01	   1.8770695376630009e-01	   2.3735118132028003e-02	   1.0769173651274762e-01	   2.2344832682881094e-01	   2.3010177086528061e-01	   4.1372293204027344e-01	  -7.8040308361563254e-02	   1.1593561040299999e-01	   4.9037290827836405e-01	   3.4856413143672815e-01	   4.4589555856381363e-01	   3.0441476865489642e-01	   4.3338984844904749e-01	   4.1562069577838501e-01	   3.4775559527991257e-01	
