   0.0000000000000000e+00	   9.3421224505231626e-01	   5.5874724331131487e-01	   5.2177551452620297e-01	   4.2965513203154737e-01	   3.3394558548796083e-01	   5.3350963745862723e-01	   5.7430260137918854e-01	   3.7056681443901818e-01	   2.0593335974921886e-01	   7.7767022126861030e-01	   4.5082348374227427e-01	   6.2007573819023820e-01	   3.5090797300800353e-01	   7.6154988703320103e-01	   5.3458783893943540e-01	   5.8352267534245217e-01	   5.3412997928770811e-01	   1.0432895760248859e+00	   9.0261197836905860e-01	   2.5296177889177940e-01	   2.3393981376291451e-01	   5.8051818992546000e-01	   4.8517840588383898e-01	   3.3303644642641755e-01	   3.6114986709729152e-01	   4.3966079194795671e-01	   3.6709729500448651e-01	   6.6871416242704074e-01	   4.6277649742175547e-01	   4.3723385485532135e-01	   5.1605396466504083e-01	   6.2687116407904986e-01	   5.9374020406145345e-01	   2.3686884828382443e-01	   2.5456731203001598e-01	   1.4359409263664896e-01	   2.8548275410255758e-01	   2.3118535105920668e-01	   1.8911294358994460e-01	   6.1972746704338166e-01	   3.8426137933245597e-01	   5.2408346981170706e-01	   4.6585844416518291e-01	   3.4269765190829876e-01	   3.5584720259816027e-01	   5.5826995017188719e-01	   4.9848125694564116e-01	   3.1993227763689897e-01	   2.9158245055256615e-01	   3.6338364806157958e-01	   2.8014069263462482e-01	   4.7488374391851540e-01	   5.9465838814285044e-01	   4.0799287420471775e-01	   4.4695119457540644e-01	   1.1401525830311434e+00	   8.4003888648658342e-01	   5.8840789213487710e-01	   7.3421966921991355e-01	   5.9391477065401577e-01	   4.2579660871489472e-01	   5.7915970744650180e-01	   5.9634152309378818e-01	   3.3282473360114390e-01	   3.3481267193248598e-01	   3.7915867576322787e-01	   5.1664072175779063e-01	   4.4532106918565362e-01	   3.2659598585880079e-01	   5.0400407315353357e-01	   6.1697088387563104e-01	   4.2990612354131974e-01	   3.0751171229243474e-01	   4.9670764103330678e-01	   4.7134085060950831e-01	   7.2365731908451547e-01	   6.7856834859255022e-01	   8.4487169945704943e-01	   5.9794390202615455e-01	   6.5455579116671325e-01	   5.8278114701959527e-01	   8.5643050622786965e-01	   7.6119099177110938e-01	   6.8165454403790771e-01	   6.5446482017507690e-01	   2.4289048473185951e-01	   1.0370125556857865e-01	   4.7510178547343418e-01	   6.7657322757364957e-01	   5.1143128334583920e-01	   6.2859698502754935e-01	   4.3961069708410727e-01	   4.2253025123408766e-01	   4.8226361008280122e-02	  -1.1047914069351085e-01	   3.0820051427041850e-01	   2.9470860811214478e-01	   7.8675721454031200e-01	   8.0254581091028077e-01	   6.0455468908028898e-01	   4.4597649673196837e-01	   5.2782936829808513e-01	   4.5958335709585107e-01	   4.7214596686183052e-01	   3.9366567118305823e-01	   4.4675328932039926e-01	   3.5917333311615701e-01	   1.8377963664999020e-01	   1.9741049255992948e-01	   5.5379948409740054e-01	   7.5547868575034227e-01	   6.2640568554749110e-01	   4.6370126180951332e-01	   3.0759708437185201e-01	   4.4390522572570174e-02	
   9.3421224505231626e-01	   0.0000000000000000e+00	   6.5614620520867140e-01	   7.0235679194560563e-01	   4.8756003693241212e-01	   3.8795796236731084e-01	   6.5401927041627583e-01	   7.4647282961315342e-01	   3.0819586749010974e-01	   2.3089255835642966e-01	   6.3853063950299815e-01	   5.7878747496015126e-01	   5.0062257741186167e-01	   4.3420024765657339e-01	   6.4873174759921703e-01	   6.0570086040649507e-01	   5.3416196173445463e-01	   5.7259398978224307e-01	   1.0914197796281546e+00	   1.2154753891792254e+00	   1.5058334566870121e-01	   1.4056137648667558e-01	   7.5466961889761996e-01	   5.9588059887934031e-01	   4.1333237354137331e-01	   3.6874937597871804e-01	   4.6070878835057882e-01	   3.6101790814813961e-01	   5.0539878862557475e-01	   4.5799541942952382e-01	   4.1789512570620740e-01	   3.9870655701773400e-01	   6.9374538887875192e-01	   6.4232674153711022e-01	   3.1703126903803258e-01	   2.8596938867081506e-01	   1.1849377947436879e-01	   2.3108955200042103e-01	   2.2342123448666457e-01	   1.3136133019907542e-01	   5.0147281726578186e-01	   3.5875771987630212e-01	   4.5011665272834300e-01	   3.3874207823926872e-01	   3.1180520503701670e-01	   2.8155058649552783e-01	   4.4500255055498894e-01	   4.1528110549205921e-01	   3.4971407621257578e-01	   3.1602085396878582e-01	   3.9391566382564858e-01	   3.5719729823854918e-01	   5.2990310646354388e-01	   7.5577924523057771e-01	   4.2604348239731316e-01	   4.3006599053549899e-01	   6.0832719470679097e-01	   9.7327727077345250e-01	   3.0870594590766404e-01	   7.4667210551884278e-01	   3.7851804747176165e-01	   4.1160761004374313e-01	   5.0277231176394221e-01	   6.5057741925297929e-01	   2.4483989973030812e-01	   1.6803314271497577e-01	   4.1702922784341695e-01	   4.0127326321032530e-01	   8.4369163196332220e-01	   6.5351919704271666e-01	   3.5788668616484254e-01	   6.3692520125669927e-01	   2.8122756688838424e-01	   2.3354062622339203e-01	   3.1931139066623021e-01	   3.4330784225439132e-01	   4.3853340041213140e-01	   5.1003970092280704e-01	   7.1182366420275567e-01	   5.4660009795656050e-01	   7.9696148748251450e-01	   6.8634655473957495e-01	   9.9060336338978561e-01	   8.6249628656452382e-01	   6.1271562579558836e-01	   5.1632003992131725e-01	   3.2694201278261259e-01	   1.1899347889143087e-01	   5.0584821107229638e-01	   5.6418843038284328e-01	   7.3698335981429419e-01	   7.4988880237823297e-01	   6.5216908716048250e-01	   5.0873481259775277e-01	   2.1502690255806658e-01	   2.0202830143604508e-01	   3.2199313888290804e-01	   2.8495513293213215e-01	   7.1654538131878354e-01	   6.4949386824433086e-01	   6.4930770746037780e-01	   4.5534454084948750e-01	   7.8769650502452360e-01	   4.6297097001362697e-01	   4.4154582491869798e-01	   3.6458199622563914e-01	   6.1613855814028784e-01	   2.7439210266853242e-01	   3.0062127034402869e-01	   3.5190496421564976e-01	   6.2102081516675256e-01	   7.8443221458863044e-01	   5.6954080286501962e-01	   4.0086917555467855e-01	   3.1539480504877282e-01	   1.7745737352568713e-01	
   5.5874724331131487e-01	   6.5614620520867140e-01	   0.0000000000000000e+00	   1.1397338246505753e+00	   9.9658959064046659e-01	   5.9038253258660256e-01	   1.2947311882809331e+00	   6.1558441486954529e-01	   4.6497220293245123e-01	   2.4116720385349583e-01	   2.9756484355667356e-01	   1.4857464318728242e-01	   2.3931915428017703e-01	   5.5650379709013681e-02	   3.4083614853220862e-01	   2.8866982734865809e-01	   1.8162296980053197e-01	   1.8090258495184239e-01	   7.1172676176509331e-01	   7.3048620461696612e-01	   3.5340871343772290e-01	   3.7085893311877105e-01	   1.7132482355207652e+00	   1.1574481567769668e+00	   1.0375182236875065e+00	   9.3308489295009411e-01	   9.8366894716666564e-01	   8.4380184034816297e-01	   1.4553683618654747e-01	   5.0498420994238256e-02	   7.6978347612436360e-01	   8.1353870745657353e-01	   7.7351105578305346e-01	   7.4314572471868223e-01	   7.9510650494811197e-01	   7.0822829880027627e-01	   2.2757842308529053e-01	   3.0624652904384331e-01	   4.7500456822888876e-01	   3.3054132050893348e-01	   3.5543186318372305e-01	   2.9065472301477735e-01	   3.2108486473717801e-01	   2.0304173614008081e-01	   3.1924208992956710e-01	   2.9925456230466851e-01	   2.8013173839287331e-01	   3.0992946681831623e-01	   4.0375363377526274e-01	   3.3372293946072806e-01	   6.1807315551367337e-01	   5.0034048550384325e-01	   4.4793471547068370e-01	   5.9692210999818140e-01	   4.2681524342414578e-01	   3.8364702803702533e-01	   3.4045338166986100e-01	   5.9654200436345661e-01	   3.0213910488818241e-01	   5.2495895716846874e-01	   3.3663497507681189e-01	   3.5747211260206729e-01	   1.6431440512245302e-01	   3.0972761372571045e-01	   9.6243506296056358e-01	   4.4713667390467993e-01	   6.8450419672004947e-01	   6.0485205257274355e-01	   4.9167922382318463e-01	   4.8997338090528009e-01	   4.5767119338623474e-01	   4.0171868922968479e-01	   1.7365994431526369e-01	   6.6231123984560478e-02	   2.1020905388689290e-01	   1.7762071780103200e-01	   3.5615791317578516e-01	   4.1926329108416593e-01	   3.5517302989614019e-01	   2.9483646707240663e-01	   3.2148539368372153e-01	   1.8298217277144910e-01	   5.7456136331027896e-01	   3.1057547508257288e-01	   6.5912708808186404e-01	   4.9669796936641802e-01	   5.9206295493551941e-01	   4.1360596235870611e-01	   7.6700414943246087e-01	   6.3576711209404912e-01	   5.4624450455098961e-01	   7.7634801193435965e-01	   6.9857550317719774e-01	   6.2489104299319986e-01	   3.3839502470431215e-01	   4.4855847767725297e-02	   2.1190393358186788e-01	   1.3896166289577749e-01	   4.4522930488596407e-01	   3.5002673422524672e-01	   4.8897766500829704e-01	   5.0594886194779232e-01	   4.2031264775315869e-01	   2.7827055090266495e-01	   3.5262172127406649e-01	   4.4596515380426394e-01	   4.2334390478826345e-01	  -2.2831926108380734e-02	   2.0954200979070944e-01	   3.7447423418065956e-01	   5.1994873317486046e-01	   3.0568312395529795e-01	   4.1659327657410150e-01	   3.4235448954117215e-01	   2.7094824176498122e-01	   9.2389773938481440e-02	
   5.2177551452620297e-01	   7.0235679194560563e-01	   1.1397338246505753e+00	   0.0000000000000000e+00	   8.9812025447696897e-01	   9.3159819244824293e-01	   8.8164562631376353e-01	   9.7706700523555945e-01	   4.7825071632966820e-01	   5.5819665748075697e-01	   2.0280077464852325e-01	   2.8153554491632499e-01	   1.8540310176455971e-01	   1.7374715036188224e-01	   2.9986847823998375e-01	   3.4109174742308862e-01	   9.6490471148502066e-02	   1.0764344223734412e-01	   5.2854120565028184e-01	   6.6072810706313656e-01	   2.6351267596833949e-01	   3.2905997090411931e-01	   1.1363252402588546e+00	   1.4769306020403730e+00	   7.5412633617254765e-01	   8.2195727056848278e-01	   7.3931619637843415e-01	   7.1079789744037702e-01	   1.6322968199027569e-02	   2.3710983014563355e-02	   4.1874731787730862e-01	   5.4553578321250007e-01	   5.1386218505667935e-01	   6.3328079634005918e-01	   5.5347891324280629e-01	   6.1341524005305859e-01	   2.2534020566481036e-01	   4.1093081754454047e-01	   4.2778118052046010e-01	   3.5854183277327750e-01	   3.2080394144569918e-01	   3.5613306636570097e-01	   2.6940652290449874e-01	   1.5856244647684001e-01	   2.9812801261160154e-01	   2.4617017246424258e-01	   2.1771198636567812e-01	   2.4150602394705534e-01	   4.8920441371977597e-01	   3.8808801332391979e-01	   6.5943181369213366e-01	   6.0130225225457112e-01	   4.9482511686039465e-01	   5.8039006554117545e-01	   4.1008026020614902e-01	   3.8043362824541327e-01	   2.5016477268008280e-01	   4.5112456363040587e-01	   4.2063269197883185e-01	   6.2660997081181102e-01	   2.7119528565640627e-01	   3.6520280348878725e-01	   4.2658173579241676e-02	   2.4484677361565998e-01	   6.9864666626722838e-01	   5.1737440254552702e-01	   6.8794471387081535e-01	   7.0594616936660237e-01	   5.5407076485131856e-01	   4.8860840855961707e-01	   1.6529566301030724e-01	   2.9384008537453232e-01	   2.4149845783442082e-02	   4.6302250220752732e-02	   8.1149040968249667e-02	   8.0337069064980449e-02	   2.6537456249949565e-01	   4.5567787067375509e-01	   2.8888922760974223e-01	   1.6812637513525869e-01	   2.9012620826310043e-01	   1.9063197477427654e-01	   6.2209201901832945e-01	   3.1021603354223998e-01	   6.0591686129751088e-01	   6.5630369004415889e-01	   6.0719098246572156e-01	   4.3272051644990461e-01	   6.9058984776986299e-01	   7.8591466781452723e-01	   6.9264948474235843e-01	   6.1489385915025141e-01	   8.2386006644692400e-01	   5.2642900804699877e-01	   2.4513518294062031e-01	   5.6060597486151380e-02	   1.5763161199658654e-01	   1.3609389572470182e-01	   3.5950926168198799e-01	   2.6195134461016556e-01	   5.3645222840239914e-01	   4.6303863192762940e-01	   4.4371986215675585e-01	   2.5135639651495667e-01	   3.7567679952453026e-01	   3.7484078484261435e-01	   4.7236331418378469e-01	   7.8841448698027533e-02	   1.4086133823585723e-01	   3.3855353039194203e-01	   4.8285867263502535e-01	   2.5053013071008279e-01	   3.4618778443887094e-01	   2.1014084682191433e-01	   1.3021379469138791e-01	   1.5384014725747734e-02	
   4.2965513203154737e-01	   4.8756003693241212e-01	   9.9658959064046659e-01	   8.9812025447696897e-01	   0.0000000000000000e+00	   9.4134313327847807e-01	   9.4911867191316557e-01	   7.3543375385246335e-01	   9.1946476178631220e-01	   5.4172836617451070e-01	   3.8947821565932217e-01	   2.3585683535752763e-01	   3.7105091987073346e-01	   1.5187989264799842e-01	   3.0267562766821587e-01	   2.7299977939928216e-01	   2.8007981650770586e-01	   1.2664006337433531e-01	   5.1354469153504256e-01	   5.8522997888025763e-01	   6.2428383147411159e-01	   6.3990124949119220e-01	   1.0489362407210303e+00	   7.5037362221157455e-01	   1.0248325348501468e+00	   1.1251828339614081e+00	   1.0522061955492128e+00	   1.1118131078547306e+00	   1.6644130009966634e-01	   5.4423155427979722e-02	   6.5223176146031259e-01	   6.0529805923864632e-01	   6.5090697559123945e-01	   6.9360107866298260e-01	   7.8643122193056647e-01	   8.7457550596122713e-01	   2.7650183194257805e-01	   3.6385619724981083e-01	   6.0710854797735159e-01	   4.3556580344941809e-01	   3.4401662862378662e-01	   2.3790348706114448e-01	   5.8287066236235852e-01	   4.6111282978856971e-01	   6.6376801473266478e-01	   5.6191813985339278e-01	   5.1689014907605302e-01	   5.3424060950054275e-01	   7.2790936635332426e-01	   6.3395040321207863e-01	   1.0693273495013018e+00	   8.0887598055966914e-01	   6.4068165182344039e-01	   6.0987003004210227e-01	   7.0161209780769973e-01	   5.6012408880831410e-01	   1.7278357676952671e-01	   2.6600001658003869e-01	   5.6239423214536544e-01	   7.8368061082076512e-01	   4.7344640550485650e-01	   5.3223462929429677e-01	   1.9455535473092345e-01	   2.4730113465548814e-01	   8.9507477228624477e-01	   5.8720749140391926e-01	   1.0100444234656611e+00	   1.0424549727250441e+00	   5.0094891881899617e-01	   5.3836502575050160e-01	   4.2266482491474655e-01	   4.4088239287534159e-01	   1.3595979768155531e-01	   7.1624053180940173e-02	   1.3980524227530192e-01	   1.1924892910935904e-01	   3.4591617856046769e-01	   4.7616784274130758e-01	   4.1443198189473229e-01	   2.9012252057788346e-01	   4.2306476723482467e-01	   2.2222598052698159e-01	   4.3312683515568084e-01	   2.5087408039427272e-01	   7.9229947308785953e-01	   6.4859160442504360e-01	   4.4617569808632496e-01	   3.6714412736632240e-01	   1.0348869514160006e+00	   7.2326813141324120e-01	   7.8156794727783674e-01	   9.1477683904603391e-01	   7.7738241110516171e-01	   5.7908650173579335e-01	   3.1563958822021770e-01	   7.6112157897100963e-02	   3.9825835136776438e-01	   3.5392557020636040e-01	   6.5164818694856674e-01	   5.0430126933798713e-01	   7.3214768761000881e-01	   4.7377075958064296e-01	   5.5859682047269232e-01	   3.0346950404356826e-01	   5.0455733268003333e-01	   4.7395386662884653e-01	   5.9739770376106160e-01	   1.4212228282109982e-01	   2.4175539873758972e-01	   4.1988933708328402e-01	   7.5114113965563245e-01	   4.5790001751681686e-01	   6.1447868954403484e-01	   3.9523781175284362e-01	   3.5471626458367639e-01	   7.7251625488698364e-02	
   3.3394558548796083e-01	   3.8795796236731084e-01	   5.9038253258660256e-01	   9.3159819244824293e-01	   9.4134313327847807e-01	   0.0000000000000000e+00	   5.3831709444430964e-01	   7.4763647100192232e-01	   5.8411241742506115e-01	   8.9252235449418182e-01	   1.9349827194898131e-01	   2.8056674667191422e-01	   2.2032561065586651e-01	   1.7068358722150712e-01	   2.1408318706649104e-01	   3.0170076564803261e-01	   1.6132158571154345e-01	   6.8233458582572903e-02	   3.6436513966582768e-01	   4.5436079937550716e-01	   4.6099440933168501e-01	   6.2274823365103271e-01	   7.4868846814115142e-01	   7.4088572991233326e-01	   6.1548885210317728e-01	   8.4972191893776194e-01	   6.9538403099043211e-01	   8.7763254452731632e-01	   9.5631313863859771e-02	   9.9092951401962476e-02	   3.3516360863183986e-01	   4.0711868441853494e-01	   4.3080113168875106e-01	   5.5134114984163562e-01	   5.5968769481624903e-01	   6.9395836944818290e-01	   2.7265073361267733e-01	   4.4327425413087895e-01	   5.1156090519882025e-01	   5.4384554077609160e-01	   3.0277588686000473e-01	   2.8782326168984096e-01	   2.8767334876630957e-01	   1.9074669131614802e-01	   4.2121628146241252e-01	   3.3490332804532452e-01	   2.7433782875397050e-01	   2.8255969631376687e-01	   5.1061113367076805e-01	   4.8350032355570427e-01	   7.0793117331969124e-01	   6.4370523107744404e-01	   6.0961491286051206e-01	   4.9553514100342655e-01	   5.2699424529844519e-01	   5.0787634659695258e-01	   1.3873577726848776e-01	   1.9575462803778626e-01	   5.3803093308220107e-01	   7.2130843971802339e-01	   4.1547902933262221e-01	   5.2532704730134705e-01	   1.3093129135703560e-01	   2.7094639125357101e-01	   6.2864386766187774e-01	   5.3725944317784569e-01	   7.3929449810185766e-01	   8.1616467915344659e-01	   4.4667763016678697e-01	   4.3495154298071148e-01	   1.2577759462504867e-01	   3.5572442105599439e-01	   4.3203081138000851e-02	   1.2373993036332351e-01	   9.8145262119542762e-02	   8.4502667064154616e-02	   3.1109754678595647e-01	   4.8943225712405269e-01	   2.4376869291610562e-01	   1.5120916981681018e-01	   2.8146235193356861e-01	   1.9300896915542165e-01	   4.5173435939228734e-01	   1.8868188776707673e-01	   5.4633469076873875e-01	   6.7774219488031262e-01	   4.8733499954787651e-01	   4.0356131228282871e-01	   7.3617213792040448e-01	   9.7181237561927847e-01	   6.7233938754184908e-01	   6.5775922079047688e-01	   7.6774947908833735e-01	   6.1222942319369633e-01	   1.3179996069628666e-01	   5.8481398628524299e-02	   2.6219375314536786e-01	   3.6051458516946611e-01	   4.7921767438538643e-01	   3.7576685121170550e-01	   6.0132952573055487e-01	   5.7347630665407334e-01	   4.6919912686253984e-01	   4.3571514015571777e-01	   5.7113132165690650e-01	   5.2823069633247943e-01	   2.8048534951283349e-01	   1.5218722240109772e-01	   5.4475077421173267e-02	   3.1969965515127857e-01	   5.2906201202920544e-01	   3.7404485550016836e-01	   5.1776017066829050e-01	   3.9066870524156228e-01	   3.4387007439798778e-01	   4.3135013514276951e-03	
   5.3350963745862723e-01	   6.5401927041627583e-01	   1.2947311882809331e+00	   8.8164562631376353e-01	   9.4911867191316557e-01	   5.3831709444430964e-01	   0.0000000000000000e+00	   1.0132384143372857e+00	   6.9950484035296479e-01	   3.4360091083231681e-01	   5.5305997508507754e-01	   3.0740376308443251e-01	   5.6484156693478516e-01	   2.4784384097528361e-01	   4.7799134383389585e-01	   3.9951218516363857e-01	   3.5548693028605194e-01	   3.0596664198707302e-01	   7.7552899765683925e-01	   8.2054352873885084e-01	   4.7083174379549203e-01	   4.4827393444878988e-01	   1.2737114665385809e+00	   7.4411150284528671e-01	   7.5638179789731308e-01	   6.9043375947947494e-01	   6.0278866017198585e-01	   5.7425037510404942e-01	   2.9921269585577887e-01	   2.3882406727631422e-01	   8.5397616135820686e-01	   7.6823124155457034e-01	   9.6508543855302042e-01	   9.0460372945268186e-01	   5.9185747624633112e-01	   5.4112519897538114e-01	   1.6413446609351177e-03	   1.1380894475537190e-01	   3.2008131514625388e-01	   1.8212376170697139e-01	   2.6601399209766036e-01	   1.6489598368967676e-01	   4.7716188134911852e-01	   3.2831315911422021e-01	   4.3803039021451373e-01	   4.1257025381784257e-01	   4.4774913854617565e-01	   4.0594313957777517e-01	   5.1178591536188311e-01	   4.5335528088067056e-01	   7.5616242575493531e-01	   6.1846366545412201e-01	   5.3306079941801410e-01	   6.6170491818936195e-01	   4.6761797650984843e-01	   3.9861729712719363e-01	   3.2106391481399349e-01	   4.7985010325852684e-01	   4.1571212129144053e-01	   6.7333125741224364e-01	   6.2632871501141851e-01	   5.8547694742311684e-01	   3.1459537830638529e-01	   4.5114370742043192e-01	   7.1279075623027988e-01	   4.0266265188391498e-01	   8.0958226848398795e-01	   6.8824958643552769e-01	   4.5019127462044184e-01	   4.8533272159111129e-01	   5.3931385921792352e-01	   6.1570189466298575e-01	   2.4611415968506944e-01	   2.0085608164173005e-01	   2.0988534808580267e-01	   2.5326170378033142e-01	   2.9392264050444727e-01	   4.1957365009806863e-01	   4.7778461882380219e-01	   4.1181567113511602e-01	   4.8055245862830609e-01	   2.9164475620979119e-01	   4.6564995838351453e-01	   3.3738835982708021e-01	   5.7244559798400418e-01	   4.5655179952646602e-01	   2.2176867943481937e-01	   1.4981871660058199e-01	   6.8180234958996844e-01	   5.4664813257900746e-01	   6.8903355931848920e-01	   8.1050715329843881e-01	   7.0630080720376698e-01	   6.5693352540788164e-01	   3.3078224735364570e-01	   5.6804769696818767e-02	   2.8671593143419016e-01	   2.1390518253822938e-01	   6.4841145935663980e-01	   5.1238786066493403e-01	   7.0189856697326980e-01	   6.4282682315914819e-01	   6.4622653019515353e-01	   3.8805488042643704e-01	   3.5498780647134975e-01	   4.1404155317548319e-01	   5.1902326001829524e-01	   1.3456164471133100e-01	   1.4283073263156376e-01	   2.5362527017518521e-01	   5.9034317299771022e-01	   4.8656466414603960e-01	   5.5138178378153624e-01	   3.9988423291595454e-01	   2.7983883433696027e-01	   6.7564380868200519e-02	
   5.7430260137918854e-01	   7.4647282961315342e-01	   6.1558441486954529e-01	   9.7706700523555945e-01	   7.3543375385246335e-01	   7.4763647100192232e-01	   1.0132384143372857e+00	   0.0000000000000000e+00	   7.4276270437516045e-01	   7.2291133833607391e-01	   6.2226108382496925e-01	   6.4354020601300344e-01	   6.7154335803194165e-01	   5.9102709416312971e-01	   5.5638939987293301e-01	   5.8495290549985068e-01	   4.0891535871305751e-01	   3.7989836537375016e-01	   6.7234743919157303e-01	   8.0048512847088116e-01	   4.1177754819285178e-01	   4.0548618535302988e-01	   7.4342276593280154e-01	   6.6322549876712589e-01	   4.3134684248122968e-01	   5.0776931296304850e-01	   3.5270326280913211e-01	   4.0678934803614364e-01	   2.9968512558277044e-01	   3.5391356593041706e-01	   4.2080047780763025e-01	   4.4109045479355397e-01	   6.4126165698340842e-01	   7.3106152378648381e-01	   3.2888448085204353e-01	   3.8205335918855943e-01	  -3.4569142232397890e-02	   2.0464337261207571e-01	   2.2099285636424668e-01	   1.8100058190912888e-01	   2.8193604386041310e-01	   2.3510092421211407e-01	   5.1117334535216696e-01	   3.6826130294905568e-01	   4.5067564193035620e-01	   3.8053712950783286e-01	   4.6034226444671822e-01	   4.2842730864437495e-01	   5.8265009709714022e-01	   5.1825482144558133e-01	   7.1800087702494886e-01	   6.3894544762358141e-01	   5.6191062504113842e-01	   6.0973181804339638e-01	   4.6961149593404450e-01	   4.5827885940051150e-01	   3.1421594451037205e-01	   3.5289486801880293e-01	   6.0810286306324723e-01	   8.6237063972057226e-01	   7.0085493882161376e-01	   7.6252573180250272e-01	   3.1338759363166746e-01	   4.6966984185161287e-01	   4.3505820693432634e-01	   4.6496008888202461e-01	   7.0522437508307800e-01	   7.2330581589922405e-01	   4.8593574752176250e-01	   4.3645785019993499e-01	   2.5673236771267505e-01	   5.7074911055597932e-01	   1.4903062437837125e-01	   2.4149932288420867e-01	   1.3827746725864681e-01	   2.3498904114875166e-01	   2.4306995351774585e-01	   4.7707043397303783e-01	   5.3187837564464058e-01	   3.9672040328918889e-01	   5.8067198332677794e-01	   4.6213058028993781e-01	   5.4175146338301117e-01	   4.7143796488772483e-01	   5.4361333291244085e-01	   6.5025709761986583e-01	   1.3162993163796213e-01	   7.8662739664070502e-02	   5.9092045494698708e-01	   6.8647099736612471e-01	   8.3528138923007700e-01	   6.3319929470963365e-01	   6.9003226556202413e-01	   4.5900931539465406e-01	   1.4861731390997759e-01	   4.1820254689507105e-02	   2.7417788665203985e-01	   2.8809731613826356e-01	   6.5525835273705779e-01	   5.5394909416483684e-01	   8.1116643612104078e-01	   5.3182172469103672e-01	   7.1038103235819594e-01	   3.6477335716372922e-01	   3.5842499442863973e-01	   3.1351377928961899e-01	   5.3761358023985018e-01	   3.0720137990874352e-01	   9.1504446437993908e-02	   2.0372325666660407e-01	   5.9400774901344033e-01	   5.7004420448100079e-01	   5.4339285929733083e-01	   2.8172338941872233e-01	   1.7284541074637244e-01	  -3.4362077785949928e-02	
   3.7056681443901818e-01	   3.0819586749010974e-01	   4.6497220293245123e-01	   4.7825071632966820e-01	   9.1946476178631220e-01	   5.8411241742506115e-01	   6.9950484035296479e-01	   7.4276270437516045e-01	   0.0000000000000000e+00	   8.4369592732817145e-01	   4.9707580233145260e-01	   2.7908506643495479e-01	   4.9944533628902088e-01	   3.2595442493788612e-01	   4.7246083417882312e-01	   4.3445177696417414e-01	   3.2470242145754080e-01	   1.8073875477752094e-01	   5.5722897699638185e-01	   5.3028008991639752e-01	   3.2609834950458400e-01	   3.6953798447031905e-01	   5.2351583181005990e-01	   2.6237370511432212e-01	   2.5255409271920787e-01	   3.5038084373501543e-01	   3.6476393709390054e-01	   4.0514659058387531e-01	   2.4767396764033653e-01	   2.5058027132525651e-01	   2.4733602112582970e-01	   2.1257435536528607e-01	   3.2866183388912223e-01	   4.1240002861659036e-01	   2.5960670526288510e-01	   4.2070113242678236e-01	  -7.2920826177706273e-03	   1.0184539547398688e-01	   2.6357573768943449e-01	   1.6705181804476910e-01	   1.7468991213060781e-01	   3.3106252320631913e-02	   4.0093455424706770e-01	   2.7742889183917929e-01	   3.1263940384467120e-01	   2.8485156729061856e-01	   3.8334897233103854e-01	   3.4707623369425911e-01	   3.4580251391168554e-01	   3.5497948862401651e-01	   5.4584890473446257e-01	   4.4067994674160454e-01	   4.1199032024453253e-01	   4.7868548086436319e-01	   4.4440365866703313e-01	   3.8331065683570770e-01	   9.7118944845413613e-02	   1.3066455357162375e-02	   4.6949254872899154e-01	   6.1398643228539795e-01	   4.6254135000027041e-01	   5.7503760307210339e-01	   1.1182974668135018e-01	   1.7714898095182990e-01	   4.4116533077539316e-01	   5.2633355921484926e-01	   4.7406833298663886e-01	   5.9567176366900643e-01	   2.9440203561576367e-01	   2.3809954466256944e-01	   2.8600105052496161e-01	   4.1186952770353769e-01	   1.2328816990092109e-01	   1.8136611657241697e-01	   1.3329201966441362e-01	   1.9532197515761821e-01	   2.1236575094312546e-01	   3.8210350076255506e-01	   3.9227491277245419e-01	   3.4072437060653354e-01	   4.5676444242333392e-01	   3.8475391189365804e-01	   2.7775729475534705e-01	   3.6600972109935742e-01	   4.3885684187596657e-01	   4.9393540824873627e-01	   3.9602762865076940e-02	   1.1855703789271850e-01	   6.4911255776513443e-01	   5.7314083202422406e-01	   6.4568312010462858e-01	   5.8794446516388621e-01	   5.4171422097938116e-01	   5.2544862783103663e-01	   1.7591898372241815e-01	   4.5793309295977441e-02	   2.6107114663979053e-01	   2.8962866433377193e-01	   6.5509570535419004e-01	   5.2533133880376159e-01	   6.6232641592407726e-01	   6.0839042631383988e-01	   5.0981211005739913e-01	   3.7861883490839887e-01	   3.0468952041906883e-01	   2.9967818263644125e-01	   3.8746482358675804e-01	   2.2341622904045466e-01	   1.0784956438934240e-01	   2.1445349984107737e-01	   4.0990510592857510e-01	   5.0775571507795858e-01	   6.3827302196686020e-01	   2.8584805464360630e-01	   2.5131679911722232e-01	  -7.5389975840837231e-02	
   2.0593335974921886e-01	   2.3089255835642966e-01	   2.4116720385349583e-01	   5.5819665748075697e-01	   5.4172836617451070e-01	   8.9252235449418182e-01	   3.4360091083231681e-01	   7.2291133833607391e-01	   8.4369592732817145e-01	   0.0000000000000000e+00	   2.3939593725403502e-01	   4.4859561224316957e-01	   2.8705491051787890e-01	   4.9474234988321231e-01	   3.2519102883633227e-01	   6.4945959376228934e-01	   9.7342515800573182e-02	   9.4857193690135899e-02	   2.8436028292698767e-01	   3.1603731279623182e-01	   2.9421461505490809e-01	   4.5588149981543685e-01	   3.4253099874324455e-01	   3.6429798172217154e-01	   1.4378937789846719e-01	   2.5175552190016187e-01	   3.2574648248297489e-01	   3.9158881442061161e-01	   5.3007164951206415e-02	   2.8575330273521071e-01	  -2.7276375071612822e-02	   3.3882635385023417e-02	   6.8427745986334970e-02	   2.0457770137648282e-01	   1.4842088050463770e-01	   2.8268207088756447e-01	   3.2559416778150045e-02	   2.4023629567816562e-01	   1.6902411340030285e-01	   2.7337065405867683e-01	   1.5189764562041475e-01	   2.1573716839361184e-01	   1.0725623759911937e-01	   2.9738552811883544e-02	   1.2461182836938468e-01	   5.6465747619255033e-02	   8.8018050981990670e-02	   1.0074511879284123e-01	   2.0479108619106751e-01	   2.1309151033023707e-01	   3.5067483735241717e-01	   3.0460440528078403e-01	   3.6746820341444758e-01	   3.1548157215297085e-01	   2.5855504872379398e-01	   2.6898320295318195e-01	  -5.2703368205591274e-02	  -5.4922995052715765e-02	   4.1316760519551748e-01	   5.7825643530082704e-01	   2.7666160005877000e-01	   5.3872717509602186e-01	  -1.6972291155359361e-02	   1.6631040177419262e-01	   2.5180694669059012e-01	   4.6144334656793484e-01	   2.9729653946177559e-01	   4.2456442937056837e-01	   2.0821936079988670e-01	   1.1327352848379896e-01	   9.0999094381286810e-02	   3.3727487443394827e-01	   1.6355883352780074e-02	   2.9089620900524138e-01	   3.7128002537202089e-02	   1.5970155964333180e-01	   8.8492445048041907e-02	   3.2992818028323134e-01	   1.4694675242065466e-01	   1.3905166518003836e-01	   2.9372858632016913e-01	   4.1417529539231740e-01	   3.0019400569639121e-01	   4.0765631230533872e-01	   2.9530324825627774e-01	   6.3784277358031194e-01	   1.9128558440540339e-01	   2.9580447040655011e-01	   4.6510576194444481e-01	   7.5809491687047503e-01	   4.5720312905542532e-01	   2.8294212783795986e-01	   4.7996920833288670e-01	   4.6352469826559572e-01	  -2.0735450789863503e-02	   2.7159178244909342e-02	   1.3180616637876580e-01	   2.2722205612836233e-01	   3.5659698752416874e-01	   2.7906247404503559e-01	   4.6885766503898507e-01	   5.2172367089877858e-01	   3.6325600787667295e-01	   3.5865088209580287e-01	   2.8043904389020419e-01	   2.6020848177743527e-01	   1.7315975715904475e-01	   2.7719308789745378e-01	  -5.5065882161309559e-02	   1.0577359632231653e-01	   2.3425628375794244e-01	   2.7998600947535796e-01	   4.0197310469861025e-01	   2.1096919185560997e-01	   2.1415978934007313e-01	  -1.1705009415372046e-01	
   7.7767022126861030e-01	   6.3853063950299815e-01	   2.9756484355667356e-01	   2.0280077464852325e-01	   3.8947821565932217e-01	   1.9349827194898131e-01	   5.5305997508507754e-01	   6.2226108382496925e-01	   4.9707580233145260e-01	   2.3939593725403502e-01	   0.0000000000000000e+00	   9.3529580737633922e-01	   1.4902328778367393e+00	   8.4221061720797197e-01	   9.4864621865971754e-01	   8.0312705501541704e-01	   1.0597629904287431e+00	   7.8329547715914249e-01	   7.6584320126050720e-01	   7.5702916535993503e-01	   4.4011152649966356e-01	   2.7778285046714868e-01	   4.2622569627362039e-01	   2.3465651801378140e-01	   2.3587152207345530e-01	   2.6176549551453143e-01	   3.0788514086639096e-01	   3.2253342785618155e-01	   1.1776903851315745e+00	   9.1938752732446871e-01	   5.1458258040868499e-01	   4.7468881399820079e-01	   6.5963771561354922e-01	   6.0568257873223019e-01	   1.7820952946850308e-01	   1.9362028480396781e-01	   1.4495608368313159e-01	   2.5819923479050289e-01	   2.6509605052674723e-01	   2.4079594396214071e-01	   6.1826936880035299e-01	   3.6245368552560620e-01	   6.4506435214079827e-01	   6.0684937615049150e-01	   4.4445059686209182e-01	   4.4662165712244550e-01	   7.3332177421381883e-01	   6.0803517468687418e-01	   3.0155626201539631e-01	   3.1237661955120000e-01	   3.4600351749876557e-01	   2.2307121965780385e-01	   4.0178097127028700e-01	   4.1853518663504974e-01	   5.4223174011322572e-01	   5.2284266939949964e-01	   4.7277396630739354e-01	   3.9407145279493760e-01	   2.7839066051800343e-01	   6.1463018774344413e-01	   7.0178268621623485e-01	   8.2455944212640064e-01	   9.5867106647259470e-01	   8.1133961417295919e-01	   1.5565787714995696e-01	   3.8259857579533985e-01	   2.7773545308686681e-01	   4.1262151035994094e-01	   2.9861174484080300e-01	   2.2477913708111144e-01	   7.8546229527934319e-01	   8.0527793306538964e-01	   8.4427512115452408e-01	   7.6622384962098988e-01	   7.8844023317516343e-01	   9.1378061639385577e-01	   7.3156313923731398e-01	   7.5337783514334189e-01	   1.2146592182551370e+00	   8.8775061692840340e-01	   1.2272575622362212e+00	   9.5549709818451356e-01	   6.4460957993716295e-01	   9.0869925155572384e-01	   7.8320692459115171e-01	   6.8260741228775479e-01	   1.0266668369081371e-01	   6.9724901597698202e-02	   4.3756377104008637e-01	   4.7525620505863936e-01	   3.8404970287245455e-01	   4.6723982384838042e-01	   2.4953548032084946e-01	   2.7498391891069068e-01	   2.3260004182502433e-01	   1.7669095347775937e-01	   5.7263782429350929e-01	   4.3035943972586643e-01	   9.2755695017947737e-01	   8.5325906807445873e-01	   5.6611299243708602e-01	   3.1966897333747046e-01	   5.5715816722147748e-01	   3.8467114691708654e-01	   4.5393345722313788e-01	   3.5513723437591754e-01	   2.9216804067882129e-01	   2.0159850006601868e-01	   4.1663479783304735e-01	   2.6653018775160292e-01	   6.3315576053540501e-01	   8.5982858121586925e-01	   6.7941409831870625e-01	   4.9151107415574802e-01	   5.1468088976441417e-01	   3.0383746650056465e-01	
   4.5082348374227427e-01	   5.7878747496015126e-01	   1.4857464318728242e-01	   2.8153554491632499e-01	   2.3585683535752763e-01	   2.8056674667191422e-01	   3.0740376308443251e-01	   6.4354020601300344e-01	   2.7908506643495479e-01	   4.4859561224316957e-01	   9.3529580737633922e-01	   0.0000000000000000e+00	   9.6276172341784483e-01	   1.6832343506308334e+00	   6.3016172957270922e-01	   9.7173226922129574e-01	   7.5217527217228275e-01	   9.5595017411764727e-01	   4.3417304611817548e-01	   5.2849516036342481e-01	   4.5667377183133445e-01	   3.7323051819974240e-01	   3.2775762122590635e-01	   3.4989949861577602e-01	   2.0932159135338191e-01	   2.3278810666825506e-01	   3.0726565058299188e-01	   3.1251105602788842e-01	   7.2504031917811240e-01	   1.0672214950957852e+00	   3.4345976638956571e-01	   3.7567008412574654e-01	   4.2223443621715118e-01	   4.3199086467233638e-01	   1.4458407890371330e-01	   1.3780812207862214e-01	   2.5425321814524388e-01	   5.0629684613150172e-01	   2.3231917094787069e-01	   3.4451133030555786e-01	   5.7185746561952566e-01	   5.5825348626942495e-01	   3.4572447512240295e-01	   3.5828071107406040e-01	   2.4542039836254614e-01	   2.1676411656559477e-01	   3.8994701131640658e-01	   3.9875195610808811e-01	   1.9223207286166355e-01	   1.7517666672726062e-01	   2.4860341179335549e-01	   1.6500212210258902e-01	   3.0275452396412433e-01	   3.9597907460792897e-01	   3.9982411133514384e-01	   4.8718097423657325e-01	   2.8610781024438614e-01	   3.1419136572342166e-01	   1.0333250023409944e-01	   3.3196574863371875e-01	   4.5549467345161354e-01	   6.2654826841234657e-01	   7.1524121501748916e-01	   7.9820508812236990e-01	   9.3748308370414632e-02	   2.9376991494927829e-01	   1.0128264899917234e-01	   2.0055346914017025e-01	   2.9735312672341874e-01	   1.7233572682165416e-01	   4.5884407774839547e-01	   6.6434100340869495e-01	   6.4849867506977288e-01	   9.2292862337005288e-01	   5.4596140952442318e-01	   7.6650892169048157e-01	   4.9594841081079388e-01	   6.5999181833763843e-01	   8.1369641499042999e-01	   8.1709320765386051e-01	   1.0437971036501474e+00	   1.2348973652141879e+00	   5.0787070410239465e-01	   8.3600766614669841e-01	   6.9954181466726073e-01	   8.1778851863033619e-01	   2.5549895238990877e-01	   3.2877832518277278e-01	   3.7644101100347849e-01	   5.0735014327445060e-01	   2.1527944254741949e-01	   2.8692976861954800e-01	   1.3591888561967766e-01	   2.3800392812069834e-01	   1.9237241896176377e-01	   3.3023635043143662e-01	   5.0924113382928693e-01	   5.4591829480195975e-01	   4.7578309384397754e-01	   5.6809452494243717e-01	   2.6597275813229493e-01	   2.5119443678999387e-01	   3.5459007360306061e-01	   3.5914446181939025e-01	   4.1037926843511452e-01	   4.0020438812877945e-01	   9.3273690303340609e-02	   1.6436410702494872e-01	   3.8753049086895364e-01	   3.0774527056754020e-01	   4.7742834275838997e-01	   5.8657833430192952e-01	   4.2749828758201042e-01	   4.8402177137847902e-01	   5.0491132470858069e-01	   2.6001416307413433e-01	
   6.2007573819023820e-01	   5.0062257741186167e-01	   2.3931915428017703e-01	   1.8540310176455971e-01	   3.7105091987073346e-01	   2.2032561065586651e-01	   5.6484156693478516e-01	   6.7154335803194165e-01	   4.9944533628902088e-01	   2.8705491051787890e-01	   1.4902328778367393e+00	   9.6276172341784483e-01	   0.0000000000000000e+00	   9.8031166106936418e-01	   8.0028582117279423e-01	   7.3853535892541877e-01	   9.7923688468657799e-01	   7.7889329487728909e-01	   6.0870325046389007e-01	   6.6808570386829869e-01	   5.9171537443521183e-01	   4.2741944128702913e-01	   3.9415939838512287e-01	   2.0951111674999764e-01	   2.7090586139658202e-01	   3.1833483522901418e-01	   2.8880512922477619e-01	   3.4022405824929552e-01	   9.3763470905635482e-01	   8.8175378896808077e-01	   6.0355627265665834e-01	   5.7830425401217411e-01	   7.4938579509293168e-01	   7.3001940021477674e-01	   2.0429723461397808e-01	   2.1479220126407633e-01	   7.2943848910329373e-02	   2.2153417342151405e-01	   2.4284221889874480e-01	   2.3143779210548512e-01	   4.3303130694271552e-01	   2.3360495303980902e-01	   7.0833799641322215e-01	   6.5922166891383105e-01	   5.1833969759672627e-01	   5.3401843220809508e-01	   7.7042112871388724e-01	   6.6790762717230290e-01	   4.1280530052682479e-01	   4.5276728714716302e-01	   4.4654467344997556e-01	   3.9556456044379662e-01	   3.9558981316306385e-01	   4.8920833279451392e-01	   5.5877145638018066e-01	   5.7500438222524641e-01	   4.5814566227192427e-01	   3.3217089631138069e-01	   3.6660531483114600e-01	   6.0940371313062203e-01	   8.1474451179966434e-01	   8.2286958130080778e-01	   8.2375089353432340e-01	   7.9518224483858257e-01	   1.5181135225818676e-01	   3.4477484030701477e-01	   3.6115872916622838e-01	   4.7908059822505733e-01	   2.8542945825006555e-01	   2.7158300485746140e-01	   7.1027670088884831e-01	   7.9412030480288487e-01	   7.0332001826985424e-01	   7.2464049853173806e-01	   5.7037020258521220e-01	   7.2553191659984251e-01	   5.4205226378016202e-01	   6.4409819409528790e-01	   9.3961221970388842e-01	   8.2410287690071393e-01	   9.3980649004913341e-01	   7.7633412170366367e-01	   3.9481348366144342e-01	   6.3112406983241931e-01	   6.0390527734459354e-01	   5.9006205204670126e-01	   1.3885291124822730e-02	   8.2983689016550052e-02	   3.6749230892214779e-01	   3.9549270832597105e-01	   4.0346070893345476e-01	   5.2794480443455605e-01	   2.1647033175914959e-01	   3.2324207274594158e-01	   2.3239021634164686e-01	   1.9752572095835363e-01	   6.2712256283571965e-01	   5.6924123122163195e-01	   8.9297601659433912e-01	   8.7473639785798218e-01	   5.0083792631229829e-01	   4.0984211100952250e-01	   5.7986863846650227e-01	   4.7597376146206394e-01	   5.2881018534342517e-01	   4.5265540595134901e-01	   3.0499020392134835e-01	   3.0130720118766718e-01	   2.9332412131570129e-01	   2.0348223312729513e-01	   6.3246363665969885e-01	   8.1450788339764602e-01	   7.5466125044803722e-01	   6.4067360206590296e-01	   5.8695702168899533e-01	   1.7557511411774901e-01	
