   0.0000000000000000e+00	   1.4932703322122540e+00	   9.0320969335808399e-01	   8.5944045612506625e-01	   5.1237156880589874e-01	   5.8919585354701298e-01	   9.9052946534200692e-01	   7.9337110118551579e-01	   7.4044616716553957e-01	   6.3792540517234331e-01	   1.4477035990180571e+00	   1.1500790591579191e+00	   1.2352469524408038e+00	   1.1246451824863599e+00	   8.9266664808960672e-01	   7.9312148103121682e-01	   1.3661020266214690e+00	   1.3156749238535497e+00	   1.1111004586274802e+00	   1.0213184549032597e+00	   5.5781453236859158e-01	   5.2627455441743154e-01	   5.4678933446432354e-01	   4.5863126253435249e-01	   4.6947163629535205e-01	   4.5459723308186062e-01	   4.8498064280725639e-01	   4.4933123216880339e-01	   9.9237499004186425e-01	   1.1088883902890860e+00	   5.6851333475056820e-01	   4.3559951753329490e-01	   1.0295624767823919e+00	   1.0803157523469120e+00	   4.1390432317388187e-01	   5.1704362403895687e-01	   6.9562405724613097e-01	   8.8979887182870887e-01	   9.2966922893200687e-01	   1.0162152899694288e+00	   1.1878847742035850e+00	   1.2289884157928139e+00	   6.0181149676221546e-01	   5.3866108747551866e-01	   1.3478899436182715e-01	   1.8462705359953882e-01	   8.4899668848564258e-01	   9.1663127720917992e-01	   4.7629282815195217e-01	   5.1938363099892459e-01	   7.3123755218287367e-01	   3.7031221507279799e-01	   7.2885979758142094e-01	   7.9072847571301452e-01	   9.6996427104765248e-01	   1.0598377413469751e+00	   1.7404242247017481e+00	   1.3692325166102002e+00	   8.3853875815736856e-01	   9.2833790626918178e-01	   1.2082660111174797e+00	   1.0167744561576848e+00	   8.6330328593278038e-01	   1.0244309012447845e+00	   6.7515039338576721e-01	   8.4041793656174302e-01	   5.9631069981902218e-01	   6.2254049830087665e-01	   9.5196497092143095e-01	   6.6579840652373057e-01	   6.3112361016526575e-01	   6.1941268522160886e-01	   1.2785953050368939e+00	   1.4114127833470476e+00	   1.1361519545013610e+00	   1.3100314808161231e+00	   9.9653100083962520e-01	   1.0077294750095980e+00	   1.3320570101501197e+00	   1.3148854938023484e+00	   1.4567248142743630e+00	   1.3536406624691109e+00	   1.0284378771976761e+00	   1.0354584872115273e+00	   1.1043592645685496e+00	   9.5647878941349451e-01	   5.6977954304022449e-01	   7.6375649113454558e-01	   9.6487036333961074e-01	   1.1267326002082108e+00	   5.3040497667704489e-01	   3.7169130720975141e-01	   3.9420743341372677e-01	   2.6604185369762179e-01	   4.0643823503922993e-01	   3.5912625660717090e-01	   9.2381088863605554e-01	   1.0712379236952492e+00	   7.4990338955605784e-01	   8.9083727871555851e-01	   3.7502068572578567e-01	   3.9081668548239445e-01	   5.2844468059181537e-01	   4.1526058946401512e-01	   5.5228434605645471e-01	   5.0003747684042121e-01	   5.4642584817587303e-01	   2.5559814891039356e-01	   1.6374373765283948e-01	   7.5853547951786471e-01	   7.4871929143172689e-01	   8.4803677738069372e-01	   5.2103906358876262e-01	   8.4035691254037004e-01	   7.7790999121481874e-01	  -2.0146542453824179e-01	
   1.4932703322122540e+00	   0.0000000000000000e+00	   8.5872756845228293e-01	   8.4468093148740842e-01	   4.9354646698984472e-01	   5.5399144104671971e-01	   8.9701218276577699e-01	   7.6091237662450262e-01	   6.4974995873179364e-01	   6.2698535777810360e-01	   1.1237412629007235e+00	   9.8639235032720107e-01	   1.0597585598839812e+00	   9.9286080379485120e-01	   8.1768572300429765e-01	   7.4829005137945648e-01	   1.1484064674443450e+00	   1.1862626067408186e+00	   9.7115768494351906e-01	   9.1531651767261379e-01	   5.4578795548365788e-01	   4.9526554474444162e-01	   5.5174538398588013e-01	   4.4599490466258679e-01	   4.6910765722527720e-01	   4.5292857089164112e-01	   4.4161050234307231e-01	   3.7644050914905308e-01	   9.8365576180093184e-01	   1.0922865457672262e+00	   6.4286440792024258e-01	   5.0724048783772946e-01	   1.0804518924037119e+00	   1.1887565625716470e+00	   4.7492176947750020e-01	   5.9442790898738695e-01	   7.1576215822994516e-01	   9.6496757578006087e-01	   8.3625590442698960e-01	   9.5723285353999099e-01	   1.0283871812742185e+00	   1.1255072737060590e+00	   5.6650194637657414e-01	   5.2232550358495466e-01	   1.0105963298366052e-01	   1.5553960117447135e-01	   7.9168166712473020e-01	   7.9198771259444822e-01	   3.0689324801440621e-01	   4.3691860832145829e-01	   5.8343649512250406e-01	   3.0968483197695540e-01	   5.5812796021308531e-01	   6.0752928630252123e-01	   8.5799607250006948e-01	   9.2106696303890723e-01	   1.4157781771500555e+00	   1.4664145387523064e+00	   6.8926373855623013e-01	   7.1525456390728659e-01	   1.0853430909050634e+00	   9.4949856204616756e-01	   7.9675912060553977e-01	   9.1694397387165905e-01	   6.8789947143142294e-01	   7.9245887086719302e-01	   5.6263656530033490e-01	   6.0229808010410568e-01	   8.0885724581381013e-01	   5.4545089001737090e-01	   6.8089604365713086e-01	   6.0005391910868222e-01	   1.1587928067555835e+00	   1.2966122418716732e+00	   1.1351673251859280e+00	   1.3004804620760553e+00	   1.0162951038895620e+00	   1.0682271668855545e+00	   1.2020508407061077e+00	   1.2572042413286679e+00	   1.3704908364353539e+00	   1.2078973088475997e+00	   9.1922671077916795e-01	   9.6657140475430348e-01	   1.0096396987222604e+00	   8.3908896025401325e-01	   5.1692574540695291e-01	   7.3688982795947311e-01	   8.1949558734161299e-01	   8.8123374092875406e-01	   5.0286462579271596e-01	   3.4689548408542470e-01	   4.1538981955410792e-01	   3.4470421048630601e-01	   3.2821514396726448e-01	   3.5209865191466305e-01	   8.7252138191207851e-01	   1.0705653511673630e+00	   7.0698355146167091e-01	   8.1474663502626166e-01	   3.9132342806491205e-01	   4.2254412398442559e-01	   4.8071695569219247e-01	   3.8421665201929556e-01	   4.8645161161566430e-01	   4.2256911084842486e-01	   5.2739546445134722e-01	   2.9218778239614063e-01	   6.6998484531943847e-02	   7.1426845127739635e-01	   7.6572816810315192e-01	   7.6651976428125135e-01	   4.7752977506633598e-01	   7.1294060834824902e-01	   6.3343053494360602e-01	  -3.1115610042308317e-01	
   9.0320969335808399e-01	   8.5872756845228293e-01	   0.0000000000000000e+00	   1.5403471798467105e+00	   1.0234226065142902e+00	   8.9095584375853509e-01	   1.8889468551839310e+00	   1.1328375320028823e+00	   1.2214913097271025e+00	   8.2438884823375025e-01	   9.3041371268964090e-01	   8.3147843758789897e-01	   1.1188249636967140e+00	   1.1089451830237442e+00	   1.2883908041647434e+00	   1.0704276379855293e+00	   8.6966636379611462e-01	   9.2862503732773405e-01	   1.1102499498202374e+00	   9.8013120725377545e-01	   9.3540377520280837e-01	   9.1576452610692238e-01	   1.2366081079900115e+00	   9.9671834501121503e-01	   1.1039584052950606e+00	   9.9422945096436222e-01	   9.1322382201994778e-01	   8.5372124812905503e-01	   7.1357612905819368e-01	   7.7077645810445983e-01	   1.0303195673953798e+00	   8.3517045262433531e-01	   1.1494839176550653e+00	   1.1890781748655657e+00	   1.0365017256780604e+00	   1.0392715596573807e+00	   6.7046192017244921e-01	   9.0680746694035741e-01	   1.0269480704497369e+00	   9.4337991552676215e-01	   7.9723533153027137e-01	   8.8315491540664515e-01	   5.6563509385895527e-01	   3.2138383209351534e-01	   1.6869426182685204e-01	  -1.3850197956001925e-02	   7.4138002990206520e-01	   7.3190284954125129e-01	   2.2928114845400516e-01	   3.0469934745568694e-01	   6.5733965593189780e-01	   2.1667561427882667e-01	   7.2101045863555724e-01	   8.4518882232961845e-01	   8.7829660001348620e-01	   8.6021917388773350e-01	   9.7055521945389989e-01	   1.0006792927347454e+00	   6.7535632719370753e-01	   7.2884574307856886e-01	   1.0614363361438999e+00	   6.6584326802525318e-01	   6.6606422038505009e-01	   6.6459804574478798e-01	   1.0643790959301835e+00	   9.4229153361497064e-01	   8.8984897810804964e-01	   7.1042313063894047e-01	   1.1038118574811080e+00	   9.2893984085841874e-01	   9.3392583819167829e-01	   8.1826655407064663e-01	   8.4145180243747864e-01	   8.8483196690990173e-01	   7.9514607432453488e-01	   8.0745767850838268e-01	   9.7679384785178869e-01	   1.0130573837509798e+00	   1.0689482915747359e+00	   1.0560593451103564e+00	   9.9227865173599938e-01	   1.1016017594955929e+00	   1.1525406553808430e+00	   8.3608937675370409e-01	   1.1781614974160572e+00	   8.7078056369972290e-01	   8.0942595098211056e-01	   1.0125551129120645e+00	   1.0836719995254560e+00	   1.0691639037781475e+00	   7.2081334167812683e-01	   5.7882635492024936e-01	   5.8194198594514923e-01	   5.1593082101395549e-01	   7.5275035275207058e-01	   5.3045688049031980e-01	   9.3923012730093247e-01	   7.8096677974726114e-01	   6.1888395606092461e-01	   7.3467675840617541e-01	   3.7963391858246381e-01	   6.0239887417992299e-01	   5.0773325310299655e-01	   5.2399972927695537e-01	   6.8763536646249124e-01	   5.8191275169148982e-01	   3.6625213849783561e-01	   2.6666547975544641e-01	  -2.3430802985782265e-02	   7.7866142317101494e-01	   7.6517735983220847e-01	   6.7367286200844245e-01	   4.2099687153128501e-01	   5.2734295601231806e-01	   6.3619761929135832e-01	  -2.1470932312398119e-01	
   8.5944045612506625e-01	   8.4468093148740842e-01	   1.5403471798467105e+00	   0.0000000000000000e+00	   9.7385488905312090e-01	   9.3188738183932074e-01	   1.3639293794283203e+00	   1.4208561067922860e+00	   1.1095548344908965e+00	   9.2526706235174327e-01	   9.2481257086495017e-01	   9.0701402857273994e-01	   9.9197272878097520e-01	   1.3111462361520314e+00	   1.1235320479375779e+00	   1.0788914506090086e+00	   8.8226101510625887e-01	   9.7085633462433507e-01	   1.0523082253107707e+00	   1.1106772154979154e+00	   8.9686138657864989e-01	   8.8160788604521934e-01	   1.1238566721385665e+00	   1.0921143576320729e+00	   9.4008402567262395e-01	   9.0734802308686957e-01	   8.6036828941723809e-01	   8.4796532981413031e-01	   6.7050101655640337e-01	   8.1077781023886275e-01	   8.7132844085645256e-01	   8.3052965085301933e-01	   1.0255965960568614e+00	   1.1340124152100755e+00	   8.2518588013019045e-01	   9.2573967753202668e-01	   5.3525041057246336e-01	   8.1566921146282190e-01	   9.0110198356198534e-01	   8.7091415127765992e-01	   7.3749352782370725e-01	   8.5780498978878783e-01	   4.3234761090180679e-01	   2.3956478691823949e-01	   2.7115394030306886e-02	  -1.2269945263561172e-01	   6.7590327213751744e-01	   6.8249750709235146e-01	   2.2502598859491765e-01	   2.5335180191089424e-01	   6.9380635904043630e-01	   1.1546113806592317e-01	   7.5469888945094121e-01	   8.1757575047303432e-01	   8.8557040576697299e-01	   8.6422963333778524e-01	   9.8307938637873937e-01	   1.0099857581762883e+00	   7.2627800904789352e-01	   8.5298586128191856e-01	   1.0331764166737283e+00	   8.2872240800192709e-01	   7.7721784546980965e-01	   7.6979488811067964e-01	   9.3811855626019303e-01	   1.0416820030767346e+00	   8.9807905081341444e-01	   7.0597812552561823e-01	   1.1035656425619493e+00	   9.1975764076025279e-01	   7.7022423765305925e-01	   7.7085842861539722e-01	   7.6362442541980569e-01	   8.7758233631106342e-01	   7.0851152758864433e-01	   7.5556988959718996e-01	   8.7509790246909613e-01	   1.0179566330752414e+00	   1.0377783908022704e+00	   1.0280421747854629e+00	   9.9553499394474509e-01	   1.0660681827331930e+00	   9.8523614400086612e-01	   9.1966612889372568e-01	   1.0954575796915562e+00	   8.7577087851922175e-01	   6.9519130193720857e-01	   1.0176615980767130e+00	   1.0783218180282093e+00	   1.0923279996335939e+00	   8.2098590340505384e-01	   5.6093212736832765e-01	   7.1881752243611818e-01	   4.9780133522472025e-01	   8.3583220177110928e-01	   6.6790575900906313e-01	   9.4620824697918116e-01	   7.9221198247380720e-01	   6.5624594610480658e-01	   7.3219875375579035e-01	   4.9634130992490610e-01	   6.0472628220015390e-01	   5.1206343144448874e-01	   5.5026369819857024e-01	   6.5375467038676349e-01	   5.3387478598494309e-01	   3.9933166185875030e-01	   2.8128800868514692e-01	   1.0742631271488447e-01	   9.1099954086952484e-01	   7.2312747555077850e-01	   6.7212913849311662e-01	   4.3852236850836845e-01	   4.9857516573129762e-01	   5.4330755578092638e-01	  -2.5101429312129397e-01	
   5.1237156880589874e-01	   4.9354646698984472e-01	   1.0234226065142902e+00	   9.7385488905312090e-01	   0.0000000000000000e+00	   1.7865627664314152e+00	   1.0692537496407042e+00	   8.5603309780997328e-01	   1.4447414389353179e+00	   1.2388860405021769e+00	   4.5690819323199849e-01	   5.0805542424820627e-01	   5.5464624593361533e-01	   7.1557969067938421e-01	   6.7049540548912712e-01	   8.4109082684563319e-01	   5.0554990006628964e-01	   5.5425630853081809e-01	   7.4036669988917858e-01	   7.1715743061324366e-01	   1.3692825199076084e+00	   1.3475248999733023e+00	   7.0947220957261936e-01	   6.4897588376336035e-01	   1.2557759974541716e+00	   1.4458515069708540e+00	   1.7145906275626190e+00	   1.5623264454901993e+00	   2.7674673525517357e-01	   3.8877743259808195e-01	   5.9737845816710677e-01	   4.8100681664955786e-01	   7.2127437451675280e-01	   8.1479676987682981e-01	   9.2175474067696828e-01	   9.0968490862179252e-01	   2.4436237486710821e-01	   4.6612970902355094e-01	   5.5763286112755883e-01	   5.1867059747590516e-01	   2.5691637313338855e-01	   3.6690404817544747e-01	   4.1272340815524317e-01	   1.9039690125116746e-01	   3.0650865078868017e-01	   4.0828417431387556e-02	   4.9852253642109368e-01	   5.5253444593129264e-01	   2.6573237076655393e-01	   4.1669690405999671e-01	   5.6439920831162271e-01	   3.0884514554564596e-01	   7.0809327870231398e-01	   6.8875578661454151e-01	   6.0354399780926116e-01	   6.2972966074888037e-01	   6.6271904186991271e-01	   7.0113670999263988e-01	   7.2511608318301690e-01	   7.8203375390859642e-01	   7.4913984838922498e-01	   5.2140869117648159e-01	   3.7832598653842042e-01	   3.7290950198889061e-01	   7.5587111028993414e-01	   7.3123837307058570e-01	   1.0199066017974814e+00	   7.8665939947175811e-01	   8.5554369927792262e-01	   7.7657771557253363e-01	   6.8894454993726506e-01	   1.1121902973910180e+00	   3.1369103980255353e-01	   3.8664195409400248e-01	   2.3099112601916405e-01	   2.9229804254946756e-01	   5.5170968266746612e-01	   6.0072357013725231e-01	   6.5529727444882413e-01	   5.7596318056967388e-01	   5.7814580756833012e-01	   6.7032636380650001e-01	   6.0919666919098148e-01	   5.8547740797450942e-01	   6.7518004451202418e-01	   5.2298615827048023e-01	   6.2537236520573269e-01	   8.7270343303477294e-01	   7.8246568055991927e-01	   8.4858164679393888e-01	   8.8337720470782444e-01	   8.6026598822017730e-01	   7.8268729380363267e-01	   6.7548351933792794e-01	   6.7010368120477959e-01	   5.3696378933493527e-01	   7.6074669951544638e-01	   6.4285612076523946e-01	   6.1880179465195628e-01	   7.2941356964023107e-01	   5.7321517081977147e-01	   7.9614665930541695e-01	   8.1742305227426504e-01	   9.1089299229930343e-01	   1.0459390303285916e+00	   9.7375322446673385e-01	   4.1482000574270028e-01	   5.0517452792512141e-01	   1.1934989410025132e-01	   6.5359762322186965e-01	   6.0567881321520423e-01	   6.7896911869359278e-01	   5.7227087876809524e-01	   5.0827747402340773e-01	   6.2534041796846618e-01	   8.1923844525545589e-02	
   5.8919585354701298e-01	   5.5399144104671971e-01	   8.9095584375853509e-01	   9.3188738183932074e-01	   1.7865627664314152e+00	   0.0000000000000000e+00	   9.5504042160525582e-01	   8.7439539675276645e-01	   1.2851325455072029e+00	   1.5509343430520997e+00	   5.1014735714314741e-01	   5.7212007377002061e-01	   5.7052755487491280e-01	   8.1302838008960598e-01	   6.4562845373088940e-01	   8.7648045586497969e-01	   5.7392006454304001e-01	   6.3663238109735187e-01	   7.3098416316180659e-01	   7.1504475738891193e-01	   1.2034807567788106e+00	   1.1804994922185257e+00	   6.4862781722977958e-01	   6.0165874934710373e-01	   1.1182616502508520e+00	   1.3057727261544596e+00	   1.5906255976169201e+00	   1.5201633531345080e+00	   3.4031749620556279e-01	   4.8932741041366457e-01	   5.6540336178267603e-01	   4.5979189611487503e-01	   6.8134647628729506e-01	   7.8015733265044673e-01	   7.3052528294940067e-01	   7.3516053461497100e-01	   2.4182667439207806e-01	   4.7189861583969817e-01	   5.5310640826952917e-01	   5.6167610183668581e-01	   2.7008741843665890e-01	   4.0977090425950879e-01	   3.7000265990353159e-01	   1.5439563515844965e-01	   2.2954413416235747e-01	   1.3760995125143335e-02	   4.8569691978753055e-01	   5.4187393266725370e-01	   2.7599178542114305e-01	   3.7144233631566248e-01	   5.3767832583593744e-01	   2.2332891937745369e-01	   6.5524328070697613e-01	   6.5200798799660686e-01	   5.6247362842997173e-01	   6.4183200804524709e-01	   6.8909759975707052e-01	   6.9316999282991387e-01	   7.4968081420244637e-01	   8.5622692990504623e-01	   7.1991207848367456e-01	   5.6754386047400729e-01	   3.9279821063103471e-01	   3.9759790802950212e-01	   6.8645452618310920e-01	   7.2257961757802880e-01	   8.9544491642300061e-01	   6.9918408141672372e-01	   7.9664941223676311e-01	   7.0089154634941797e-01	   6.1481114690594418e-01	   1.0060438925999304e+00	   3.4260020825042875e-01	   4.5138068536827636e-01	   2.7914462130804862e-01	   3.5551797309766969e-01	   5.0624289410500545e-01	   5.7252223880042064e-01	   6.9428728716908039e-01	   6.4745034645804322e-01	   6.4723955765018493e-01	   7.3194287219664378e-01	   5.7168774736543360e-01	   6.5284358784784569e-01	   6.6027466407896318e-01	   5.2133200591781048e-01	   5.6757948568465799e-01	   8.4828267929376189e-01	   6.4368938483191762e-01	   7.8062153909915943e-01	   7.4453103694620892e-01	   6.8868335071012443e-01	   7.1638996970482438e-01	   5.3605940530677287e-01	   6.1851907818779694e-01	   5.5668282638436151e-01	   7.5196182976434456e-01	   7.0686459253737677e-01	   5.8834246506836207e-01	   6.9471583762438083e-01	   5.1048192057425501e-01	   6.2212485875875978e-01	   7.1558364245786177e-01	   7.6074095948118436e-01	   9.3606983301856606e-01	   9.7375699728577325e-01	   3.6105067947688702e-01	   3.7604410634453056e-01	   1.9393352755901988e-01	   7.1627578587045670e-01	   5.7389314725910223e-01	   6.7297457743108025e-01	   5.7141099695354458e-01	   5.3880252981140120e-01	   6.3912823382707440e-01	   1.0832517935039121e-01	
   9.9052946534200692e-01	   8.9701218276577699e-01	   1.8889468551839310e+00	   1.3639293794283203e+00	   1.0692537496407042e+00	   9.5504042160525582e-01	   0.0000000000000000e+00	   1.2554264875200885e+00	   1.4568426765952949e+00	   9.7926206024217199e-01	   1.0380935167631078e+00	   9.0886650160162563e-01	   1.3175611940827474e+00	   1.2459707444383450e+00	   1.2012411830505523e+00	   1.0383452537344326e+00	   8.8064810564769624e-01	   8.8792716929759630e-01	   1.0142812490426674e+00	   8.6655945041171623e-01	   8.7517402626973373e-01	   8.7144683910295295e-01	   9.9180876089136039e-01	   7.9681624499587944e-01	   9.5855296715835381e-01	   8.9813281974258319e-01	   9.0841378369400672e-01	   8.4821157615611464e-01	   6.8732041752025053e-01	   7.5632899521303421e-01	   7.8744525071111160e-01	   6.1162815109662905e-01	   9.7888317614183173e-01	   1.0746825787286234e+00	   7.8313813351716255e-01	   8.0166039954115376e-01	   5.6619169459798946e-01	   7.8432689294875657e-01	   9.0375144641515104e-01	   8.8826153520126105e-01	   7.9628838935491397e-01	   8.2894456765820523e-01	   4.6555154516901720e-01	   2.9338014777234600e-01	   1.4712432604439973e-01	   1.4665049687625128e-02	   6.4930255898219724e-01	   6.9493469169362210e-01	   2.6496794469199980e-01	   3.5422974574524296e-01	   6.5232555730060737e-01	   2.4809625941911972e-01	   7.6876623750537221e-01	   8.6254820824420408e-01	   8.2320434353229865e-01	   8.4748507435797515e-01	   1.0412838208298185e+00	   1.0238592089670695e+00	   7.6262487450953065e-01	   9.1892748785993961e-01	   1.2492030023006722e+00	   8.8791057453722733e-01	   6.6220800183492046e-01	   7.0037570506301017e-01	   1.1415623673366162e+00	   1.1089851401882671e+00	   8.1095032576757853e-01	   6.7553262715943141e-01	   9.8775927498205673e-01	   8.4187310985646413e-01	   8.6765575130008121e-01	   8.2921816777475166e-01	   8.4914113254789358e-01	   9.0011216300517571e-01	   8.0436959783319073e-01	   8.3004656366986995e-01	   8.4135683400156591e-01	   9.0023030056102349e-01	   1.1058758841693803e+00	   1.0099160031805072e+00	   9.8900869344971776e-01	   1.0854940738672219e+00	   1.0386917375789384e+00	   8.4168372770544941e-01	   1.1168538383616124e+00	   9.0942606803354598e-01	   7.1698852181867734e-01	   9.1595289538490421e-01	   1.0438380806696093e+00	   1.1080762868062366e+00	   6.5398416156044703e-01	   5.8343918677083073e-01	   5.7347072631064389e-01	   4.7021761841975807e-01	   6.2280471154074568e-01	   4.3765883812989359e-01	   8.5432972403179575e-01	   8.0448852707411356e-01	   5.7556252016021470e-01	   7.4060058589130873e-01	   3.8196346950136539e-01	   6.0379059178639871e-01	   5.1127507574745645e-01	   5.3250059437563513e-01	   6.9900026082273448e-01	   6.1905497081957939e-01	   4.1420594172720659e-01	   2.8106243383796548e-01	   4.2692385182633685e-02	   7.8676421941735619e-01	   6.4748112215540066e-01	   6.6949929470971592e-01	   4.7308016230323768e-01	   5.8126106106667663e-01	   6.5993629749542659e-01	  -1.3423758622041709e-01	
   7.9337110118551579e-01	   7.6091237662450262e-01	   1.1328375320028823e+00	   1.4208561067922860e+00	   8.5603309780997328e-01	   8.7439539675276645e-01	   1.2554264875200885e+00	   0.0000000000000000e+00	   9.8353544362937306e-01	   1.0059597142727588e+00	   9.5948487712390285e-01	   1.0412278176398635e+00	   1.0349395436917066e+00	   1.4100792874216921e+00	   1.0606254273126370e+00	   1.1093469606810622e+00	   8.8030983533530061e-01	   8.7596669004000149e-01	   8.9599549591596506e-01	   9.2646858144609556e-01	   7.9436663094568871e-01	   8.0462684253937500e-01	   8.9947995767705780e-01	   8.6704716228966006e-01	   7.1088814939247802e-01	   7.2293776667192067e-01	   7.3537073379900675e-01	   7.4345382567977092e-01	   7.1641674060930005e-01	   8.5402967499635296e-01	   7.4233009768521163e-01	   6.8859772384578677e-01	   9.2622100225056769e-01	   1.0575835075305258e+00	   5.9476488696175100e-01	   7.1020434899234608e-01	   4.6508057352097182e-01	   7.1227888495364478e-01	   7.3996563178621622e-01	   7.9828630746075402e-01	   6.7791111315052188e-01	   8.4489986023712149e-01	   4.3002074603594026e-01	   3.2957298382920164e-01	   5.1438602178202161e-02	   1.8570412063446669e-02	   6.7093392947612140e-01	   7.0911267522728172e-01	   2.6544278162636215e-01	   3.6292793473406537e-01	   6.7238479325671419e-01	   2.1236637578181794e-01	   6.4053505561892654e-01	   7.5712541993616167e-01	   7.4664159475673475e-01	   8.3236018036718051e-01	   9.6207636128079199e-01	   9.3491406581963810e-01	   7.0289231737271618e-01	   1.0345717296478691e+00	   1.1022328247487445e+00	   1.1109272252474971e+00	   8.6498896020000160e-01	   9.0088550551356272e-01	   9.0688615579423737e-01	   1.2748419157575512e+00	   7.6039228236729084e-01	   7.0098611315899217e-01	   9.3643873393529398e-01	   8.1881342886581243e-01	   6.2849495604352368e-01	   6.6040715422916441e-01	   7.8731969825245485e-01	   8.9841303347303247e-01	   6.9688374702493372e-01	   7.8982083157797001e-01	   7.6174509883620956e-01	   9.0217312397127525e-01	   9.8430439448405183e-01	   8.8957417454352727e-01	   9.7640302955488001e-01	   1.0541943027672278e+00	   8.5454254240841288e-01	   9.8505182318147944e-01	   1.0039492565037187e+00	   9.7276132936662163e-01	   5.3575381536362188e-01	   8.5526527001280606e-01	   8.0118332218613753e-01	   1.0028497005672115e+00	   6.1417053575328462e-01	   4.3231571422120790e-01	   5.5058990304303368e-01	   3.1557178655469725e-01	   6.4690076281428177e-01	   6.0491282157354098e-01	   7.9054952553984692e-01	   7.4546581536343759e-01	   5.8115949017924184e-01	   7.1518921790003676e-01	   4.5542257965520849e-01	   4.7653206137276238e-01	   4.2967886087387031e-01	   4.5051351899299308e-01	   5.5022964231088889e-01	   4.6774790620346657e-01	   3.5002372362261813e-01	   2.2047065462299426e-01	   9.3509260630624202e-02	   8.1282752692591564e-01	   6.4372791559539033e-01	   5.9965858549853968e-01	   3.8845184465186888e-01	   4.8208864228422688e-01	   4.6977049242659885e-01	  -2.6173030778487166e-01	
   7.4044616716553957e-01	   6.4974995873179364e-01	   1.2214913097271025e+00	   1.1095548344908965e+00	   1.4447414389353179e+00	   1.2851325455072029e+00	   1.4568426765952949e+00	   9.8353544362937306e-01	   0.0000000000000000e+00	   1.3072207261208020e+00	   7.6454051852769667e-01	   7.2665212841754279e-01	   9.7325706066574691e-01	   9.9223636448888919e-01	   9.2926123493093615e-01	   9.2567689752101900e-01	   6.9578099322677522e-01	   7.0453790790110427e-01	   8.6934385975163853e-01	   7.9849776828655616e-01	   9.9674785845784053e-01	   1.0070466324764258e+00	   8.1539765451455337e-01	   7.1354166474614111e-01	   9.7459854870718787e-01	   1.0228528250361852e+00	   1.1694443863974622e+00	   1.1403912475177824e+00	   4.6911620785870711e-01	   5.6241652146257692e-01	   5.9137630030264554e-01	   4.7080979657077282e-01	   7.5947533889149810e-01	   8.2005677076031436e-01	   7.4396945295590744e-01	   7.2074384694738947e-01	   4.0843194145354389e-01	   6.1432244470861219e-01	   7.4789299980988599e-01	   6.8433823888006196e-01	   5.0661357858559575e-01	   5.5167054374993396e-01	   4.0036701631223381e-01	   2.3322421610948729e-01	   1.4778740332554482e-01	  -4.5748428700994860e-02	   5.6154088124960611e-01	   6.3470207869825601e-01	   2.9059274915647393e-01	   3.6162798453117406e-01	   6.7811937405545164e-01	   2.5877634104303460e-01	   8.6873145845685429e-01	   8.8624573261532280e-01	   7.4843539342094656e-01	   7.6581367386669441e-01	   8.1845974615775696e-01	   7.9996662363516702e-01	   7.9981026548069389e-01	   8.6795359970513630e-01	   1.0089783493290825e+00	   7.6566267307563340e-01	   4.4909601930880610e-01	   4.7154876201304063e-01	   1.0702108242707415e+00	   8.7939055427513324e-01	   7.9986757467051195e-01	   5.9175809455702977e-01	   9.1680301190062585e-01	   7.5559560384882141e-01	   6.9564858200905533e-01	   9.4095709588212206e-01	   5.5926353636245307e-01	   5.9903297966174651e-01	   4.7892122355656841e-01	   4.9368808865716202e-01	   6.3593323012578651e-01	   6.6328796943462875e-01	   8.9911272685890231e-01	   7.8827163921514287e-01	   7.4103446012586072e-01	   8.1226879257041540e-01	   7.6333232460541633e-01	   6.8390681757915162e-01	   8.8364309463228985e-01	   6.8270845988630935e-01	   6.7118195798982494e-01	   9.3433425514548940e-01	   9.7716800809309678e-01	   1.0267400666669839e+00	   7.5772077666784121e-01	   7.6673690391630711e-01	   7.2674928188575594e-01	   6.1324861282174337e-01	   6.8620558381044117e-01	   5.5584031731964678e-01	   8.3422253279299197e-01	   8.0097789476825287e-01	   6.1938188829055374e-01	   7.5524667558272940e-01	   4.4645888154469182e-01	   7.1266844069545832e-01	   6.1096278418318506e-01	   6.8677017954099884e-01	   8.7690052671584440e-01	   8.4901202224216576e-01	   3.9506990898133587e-01	   3.4687671067228742e-01	   2.1295601652279864e-01	   7.8868089340138881e-01	   6.2197279484772472e-01	   7.3614817069463423e-01	   5.9981411005220286e-01	   6.3114278622020425e-01	   7.1235355876892203e-01	   2.5849131954043588e-02	
   6.3792540517234331e-01	   6.2698535777810360e-01	   8.2438884823375025e-01	   9.2526706235174327e-01	   1.2388860405021769e+00	   1.5509343430520997e+00	   9.7926206024217199e-01	   1.0059597142727588e+00	   1.3072207261208020e+00	   0.0000000000000000e+00	   6.4750269213333522e-01	   6.9505574216314492e-01	   7.5072653300631653e-01	   9.7348112312649693e-01	   7.5341689921870592e-01	   9.9329178439303967e-01	   6.6266775133613587e-01	   7.0582714385793754e-01	   7.5388327475734029e-01	   7.3209943161819580e-01	   8.5750659482240343e-01	   8.6551634899275309e-01	   6.7421211818570659e-01	   6.0788845442527806e-01	   7.4291956089608568e-01	   8.4538090072513405e-01	   9.8385599750539809e-01	   1.0108324216161844e+00	   4.7251436214435161e-01	   6.1475082101878786e-01	   4.8841034840989445e-01	   4.2127069237564985e-01	   6.1327124468095640e-01	   7.0099934432404343e-01	   4.9808350062450946e-01	   5.3703197184130236e-01	   2.8269478728938507e-01	   4.9243663240324487e-01	   5.2930612160618062e-01	   5.5604798878253880e-01	   3.7123733512005586e-01	   4.9014580535947705e-01	   2.7052274730437037e-01	   1.3411399758057668e-01	   5.5011782047189914e-02	  -7.9720521273240905e-02	   4.3875926474071036e-01	   5.0784097031622544e-01	   2.0280745187698640e-01	   3.0909004421568159e-01	   5.1644604845587327e-01	   1.6352951082646783e-01	   6.0090517731312509e-01	   6.5549072935843267e-01	   5.3056613259367780e-01	   6.4039337208359504e-01	   7.1617592958139853e-01	   6.7295945710271809e-01	   6.6159783624158186e-01	   8.6368517562745417e-01	   7.6816510419770689e-01	   7.7661933900632363e-01	   4.3781091027205210e-01	   4.5862245869269114e-01	   7.5756660409030352e-01	   8.3504340919317899e-01	   6.3938479932307335e-01	   5.0263676646176614e-01	   7.4663438302559026e-01	   6.1101506291572794e-01	   6.2081146989982039e-01	   8.8672831338781255e-01	   4.9557570375061522e-01	   5.8670823943182870e-01	   4.3041833545490521e-01	   4.8488223747824288e-01	   4.9413659530662757e-01	   5.7076482056381239e-01	   7.9803499547831280e-01	   7.2270246032551000e-01	   6.8994969377185622e-01	   8.0279902760241306e-01	   5.5093866277898906e-01	   6.8433316968995195e-01	   6.7740140541560512e-01	   5.8016566133008640e-01	   4.4133214382135622e-01	   7.3848670069684486e-01	   5.7453949313484276e-01	   7.4444508560721201e-01	   5.8313476150670240e-01	   5.2869060003106472e-01	   6.8194313672443496e-01	   4.4436502382046067e-01	   5.8775008088780312e-01	   6.1951816139836702e-01	   6.9729074798873159e-01	   7.5687026047083983e-01	   5.1574157159786094e-01	   6.5578822712170259e-01	   4.4484490468815319e-01	   5.2807358387064873e-01	   5.5994745997725559e-01	   5.6780944604096428e-01	   7.1994268289364127e-01	   7.4045152389354008e-01	   3.5102588962797032e-01	   2.4784679209734475e-01	   3.4149231378806327e-01	   7.5555940129274912e-01	   5.3729253966209489e-01	   6.3323676123588424e-01	   5.1226624059084347e-01	   5.7366988482214676e-01	   5.7894926315973860e-01	   3.2855242663732992e-02	
   1.4477035990180571e+00	   1.1237412629007235e+00	   9.3041371268964090e-01	   9.2481257086495017e-01	   4.5690819323199849e-01	   5.1014735714314741e-01	   1.0380935167631078e+00	   9.5948487712390285e-01	   7.6454051852769667e-01	   6.4750269213333522e-01	   0.0000000000000000e+00	   1.6248870472371513e+00	   1.5844743146252644e+00	   1.4011785478103591e+00	   1.1815968795674550e+00	   1.0034139251577112e+00	   1.3125257373739099e+00	   1.2962979413770654e+00	   1.0470431865754910e+00	   9.8119596666389941e-01	   4.6941121552699278e-01	   4.5270506608584832e-01	   7.0375688562290983e-01	   6.1153533257843440e-01	   4.3852982089475651e-01	   4.0836815949413069e-01	   4.1323173223842702e-01	   3.9347322000257601e-01	   1.1439192802247702e+00	   1.2616259424311096e+00	   6.4577382426699936e-01	   5.3932001311379563e-01	   9.6389983979540250e-01	   9.6718253065464499e-01	   3.7640622842174765e-01	   4.5635674380837948e-01	   7.0591808924789734e-01	   8.6938946529731098e-01	   8.6466959447302849e-01	   9.0566571128592188e-01	   1.2741844894194267e+00	   1.2175636061843178e+00	   5.9811049117729376e-01	   5.4274697419943585e-01	   4.2176814722252189e-02	   1.4971501125321476e-01	   8.7078228694731408e-01	   9.2128350427370687e-01	   5.2761636218409169e-01	   4.7284825041217865e-01	   8.1805661144371999e-01	   2.9970572863084810e-01	   7.3540991808494838e-01	   7.9696197154327797e-01	   1.0619219744691828e+00	   1.0970741882559385e+00	   1.4730404945600393e+00	   1.2718938553637453e+00	   8.2342064660965852e-01	   8.1688017901013055e-01	   1.3268020939556744e+00	   1.0549246947239641e+00	   1.1354135699156600e+00	   1.2831235360960564e+00	   7.1155227955144063e-01	   7.8707570763342216e-01	   5.8122055947928652e-01	   5.8030030434246371e-01	   9.2227726721131542e-01	   7.2015077159339680e-01	   5.9249358130258178e-01	   5.4080283094701875e-01	   1.2815523503650945e+00	   1.4206927422848181e+00	   1.1163888598519995e+00	   1.2640157291393663e+00	   9.7686690295800471e-01	   1.0015447291730077e+00	   1.2026795546362925e+00	   1.2460863909901920e+00	   1.3454096602906178e+00	   1.2650618243416401e+00	   1.0488763631698408e+00	   9.8385132688432131e-01	   1.1521997261197623e+00	   8.7832129314538232e-01	   4.5259009931779193e-01	   6.9210386839399218e-01	   9.4689769573985261e-01	   1.0606347352208993e+00	   5.1213292692315160e-01	   3.5105174427261615e-01	   4.0085970655228309e-01	   2.5740856419803210e-01	   4.5462506440275985e-01	   3.6237377640806018e-01	   9.1065338192944800e-01	   9.7574058530459895e-01	   7.8412403037234202e-01	   9.1644452260398657e-01	   3.7314986007398482e-01	   3.9260344257071833e-01	   4.4011718138914979e-01	   3.6297372245439680e-01	   4.4115044897291306e-01	   3.8114935447396409e-01	   4.3664046455547267e-01	   1.7014878215137252e-01	   1.0379255536746523e-01	   7.1214036183752794e-01	   8.1571746965591607e-01	   8.3562266594993395e-01	   5.3971198362922945e-01	   8.6652620792474333e-01	   6.7353180251392442e-01	  -3.8523569837080895e-01	
   1.1500790591579191e+00	   9.8639235032720107e-01	   8.3147843758789897e-01	   9.0701402857273994e-01	   5.0805542424820627e-01	   5.7212007377002061e-01	   9.0886650160162563e-01	   1.0412278176398635e+00	   7.2665212841754279e-01	   6.9505574216314492e-01	   1.6248870472371513e+00	   0.0000000000000000e+00	   1.1343960362207233e+00	   1.4600618451751819e+00	   1.0649843650441948e+00	   1.1756944945646217e+00	   1.1102085233576326e+00	   1.1059583265135497e+00	   1.0121744897173888e+00	   1.0219306538017079e+00	   5.9269370271806354e-01	   6.0477822776783419e-01	   7.0528376430902806e-01	   6.8780727978872025e-01	   4.9773337291556863e-01	   4.9517101220944115e-01	   4.5939214832356923e-01	   4.6811025759673724e-01	   9.8931966444052510e-01	   1.2104307063487911e+00	   7.3123809203986556e-01	   6.3046790710766820e-01	   9.8062693148499203e-01	   9.9750095443899423e-01	   4.0691077003147902e-01	   4.9466314814765738e-01	   6.9450699467096522e-01	   9.2319196976029050e-01	   8.4480045415502059e-01	   9.2705054612189264e-01	   1.0709370279182093e+00	   1.2477539225638055e+00	   6.5288147303038735e-01	   5.8666930063183997e-01	   5.8811972437060531e-02	   1.7008112459444852e-01	   9.5910795264582038e-01	   1.0529133146767224e+00	   6.2048856119643292e-01	   5.7077444440014513e-01	   9.5689994882695362e-01	   3.3289995738138967e-01	   8.8656393852832549e-01	   9.2208450367229355e-01	   1.1295430979993906e+00	   1.2058450460178440e+00	   1.3366393037753350e+00	   1.1880166740298268e+00	   9.1840954263469188e-01	   8.6354391239637684e-01	   1.3360540246968935e+00	   1.1497729379581634e+00	   1.1718466393001894e+00	   1.4316200186345598e+00	   6.7057335968987763e-01	   7.8265666530425015e-01	   6.2013541888130896e-01	   5.7707260920348846e-01	   9.2008971386902849e-01	   6.9740274378755418e-01	   5.2782929952507196e-01	   6.3388765278735071e-01	   1.0094881086085674e+00	   1.1596493231758691e+00	   8.4546368733608945e-01	   1.0034192463395333e+00	   9.9018928702995601e-01	   1.0700170002794798e+00	   9.9928015686463589e-01	   9.9570652261904014e-01	   1.1988992836189256e+00	   1.1683515551201300e+00	   9.6943556610013615e-01	   1.0455703235762979e+00	   1.1250760973018950e+00	   9.0279933387071087e-01	   3.9205155540575826e-01	   7.4885440876417197e-01	   8.5778216371927085e-01	   1.1226138512054833e+00	   5.9911679675031992e-01	   4.0385881683894920e-01	   4.0901414330230590e-01	   2.6187901246417844e-01	   5.0579931588275073e-01	   4.4465429490105701e-01	   9.6557511766294923e-01	   1.0397156977438382e+00	   8.6998567158901219e-01	   9.5032519181205843e-01	   4.3041956972754281e-01	   4.0835559679707473e-01	   5.0590229304159151e-01	   4.0544173292974683e-01	   5.1187852819344926e-01	   4.5163097370324540e-01	   3.3181381725569942e-01	   1.7568125890881509e-01	   9.6711056591245903e-02	   6.8673965200677511e-01	   9.3112201794055083e-01	   8.4978766580848097e-01	   5.5839336234978476e-01	   9.0265587886525589e-01	   6.8495766202409891e-01	  -4.6546873266608957e-01	
   1.2352469524408038e+00	   1.0597585598839812e+00	   1.1188249636967140e+00	   9.9197272878097520e-01	   5.5464624593361533e-01	   5.7052755487491280e-01	   1.3175611940827474e+00	   1.0349395436917066e+00	   9.7325706066574691e-01	   7.5072653300631653e-01	   1.5844743146252644e+00	   1.1343960362207233e+00	   0.0000000000000000e+00	   1.4642718369838243e+00	   1.4056595656340654e+00	   9.8375499044707504e-01	   1.1451441260266084e+00	   1.0717909321652410e+00	   9.9853542223965241e-01	   8.5380007292455651e-01	   4.8034688907277856e-01	   4.6882081437318818e-01	   8.4971921912589887e-01	   6.5966568039407658e-01	   5.0594400789177096e-01	   4.5639589139576103e-01	   4.6321937839802657e-01	   4.4054683623460894e-01	   1.0507523380114274e+00	   1.0956689939748032e+00	   6.8926714526958188e-01	   5.7021137519593323e-01	   9.0532498598471611e-01	   9.4433679873830045e-01	   4.5566950235967424e-01	   5.1843184999723624e-01	   6.9560156429367004e-01	   8.9596962973695216e-01	   9.1219430587056982e-01	   9.2942528601923824e-01	   1.1257208085886212e+00	   1.0335539283443633e+00	   4.6840527330874976e-01	   4.1077806601995676e-01	  -7.9028186404481414e-03	   2.2578759145660706e-02	   7.1633250523577474e-01	   7.3557958473995388e-01	   3.3698448361996880e-01	   3.4837741562790098e-01	   7.5983188916980038e-01	   2.4096007858577212e-01	   7.0123553571610020e-01	   8.3650361297893461e-01	   8.8921230450102562e-01	   9.3221182978087858e-01	   1.1062393168972422e+00	   1.0007345852212755e+00	   6.9402001012034098e-01	   8.4940674082008205e-01	   1.2159712517372190e+00	   1.0713772606549086e+00	   7.7252008779736092e-01	   8.3531663385429167e-01	   1.0003218695210698e+00	   9.6362349924154500e-01	   5.0717493843375561e-01	   4.7664764967264850e-01	   8.5166233371116973e-01	   6.3898355639001314e-01	   7.4935824230556958e-01	   5.6106345418672865e-01	   1.2714381555167107e+00	   1.3022200997382980e+00	   1.1961153532610469e+00	   1.2254406319308138e+00	   8.7904911547540554e-01	   9.0560675193646600e-01	   1.2376711899711694e+00	   1.2176217512875591e+00	   1.1746763806931264e+00	   1.1670571707760953e+00	   1.0813623702398520e+00	   9.0462188570942370e-01	   1.2463780568876299e+00	   9.8794885553159195e-01	   5.5528157991548022e-01	   7.2040235982289114e-01	   9.0888717729907420e-01	   1.0070416403418161e+00	   4.0876141921244424e-01	   2.9820395104456804e-01	   3.5174828829308813e-01	   2.1831541083973066e-01	   4.4665308604632026e-01	   3.7533384892212224e-01	   7.7442340214400396e-01	   8.5062355176491766e-01	   5.7150874820502695e-01	   7.0251009004187170e-01	   2.4294823662402354e-01	   3.2226184159546456e-01	   2.9248430759714339e-01	   2.5285596128380966e-01	   4.0060010948441649e-01	   3.5868260305444805e-01	   4.1324331081430637e-01	   1.0675221420571931e-01	   9.2793264982131973e-02	   7.1369149631063189e-01	   6.3254148981734271e-01	   6.7795117328315657e-01	   4.4241444699926147e-01	   6.8923856999240907e-01	   6.2337092554888240e-01	  -2.5755726632345455e-01	
