   0.0000000000000000e+00	   1.0479315314339286e+00	   6.6978652497944369e-01	   8.3201602305273636e-01	   3.9263419383958831e-01	   2.6805927139662866e-01	   5.6647625439372540e-01	   6.3937930601920623e-01	   5.4173050520850563e-01	   2.6826329435437291e-01	   8.5409700899093044e-01	   8.8248835989560159e-01	   7.1498656955016315e-01	   6.7204890609570644e-01	   7.4437218108888037e-01	   7.9711760069879301e-01	   6.0419374185170172e-01	   6.7594457875012426e-01	   1.1663890246614705e+00	   1.1030739175639499e+00	   4.4965794812521298e-01	   3.4451005615394947e-01	   7.3305866162702249e-01	   5.9334323861315574e-01	   3.8853504432936170e-01	   2.5398646214445719e-01	   7.5306839040534118e-02	   6.8364626357421840e-02	   3.2158136643975443e-01	   3.2682058833037331e-01	   4.5564431134587619e-01	   3.7179779527878398e-01	   5.9511897741023168e-01	   7.5215277265216152e-01	   5.2949670564090279e-01	   6.3593050360742209e-01	   5.0109032912727047e-01	   2.9952453365140530e-01	   3.7354054828162186e-01	   3.8024403504034282e-01	   4.0592903855912871e-01	   2.3553330235146755e-01	   3.9733756794176572e-01	   4.2784473177063176e-01	   2.9071695793488450e-01	   4.1368270646767630e-01	   5.7483681874320780e-01	   7.9209296766780446e-01	   5.1835740763004845e-01	   7.2825015988894770e-01	   8.6080335068494995e-01	   8.7064506385549523e-01	   1.0165265339207983e+00	   1.0610528906724137e+00	   8.9890542970109111e-01	   8.1243005201287588e-01	   1.0730618830054870e+00	   9.5576821676009949e-01	   6.5722219050703212e-01	   7.8689178191942655e-01	   4.1175492041495537e-01	   3.2119380280280907e-01	   6.9694973787936365e-01	   8.2635891171804954e-01	   4.5599788514399553e-02	   3.2196024173735308e-02	   5.4798004166980196e-01	   5.7386490406058455e-01	   5.8868909552144888e-01	   7.1322420686327082e-01	   4.5018110581628040e-01	   6.0475836519381487e-01	   5.6878951321565252e-01	   4.7845058135516461e-01	   4.7312751084603810e-01	   4.6083898529381767e-01	   6.9281621173047769e-01	   7.1911355853031345e-01	   3.7173933573201545e-01	   2.7064088059056091e-01	   6.8939341310420088e-01	   8.1680985523161465e-01	   6.8492064705519828e-01	   5.0987364251787193e-01	   6.0156316452154512e-01	   8.9396403983620909e-01	   2.4610651660746302e-01	   2.9281949620102588e-01	   7.1974852978600168e-01	   8.6251796156477523e-01	   7.4859605845215604e-01	   5.2289876411871106e-01	   4.5721492936064295e-01	   4.2436470156842071e-01	   5.0561560036538544e-01	   4.6943618556922373e-01	   6.4690439896327889e-01	   6.8640876850565968e-01	   8.2499517132364664e-01	   7.9462250384951028e-01	   3.1524914700132323e-01	   3.3856711292319785e-01	   5.3072848115609084e-01	   3.0862932044544999e-01	   5.5269553687034056e-01	   2.2771551736423770e-01	   5.7738024753693473e-01	   5.9369097412817529e-01	   1.3035235485425883e-01	   5.3909793151662133e-01	   7.7606958515377489e-01	   6.3909954043479300e-01	   7.3405976162818243e-01	   4.7602415758567768e-01	   2.4999120680861686e-01	   6.0227210343620455e-02	
   1.0479315314339286e+00	   0.0000000000000000e+00	   5.6470951171860828e-01	   6.8942721945411733e-01	   3.1099263414211575e-01	   1.1349091215115069e-01	   4.8248560921490791e-01	   6.3130133725753956e-01	   4.2478298507610435e-01	   1.5082383666978849e-01	   8.4700779826991035e-01	   9.2674790305487720e-01	   7.3508128992062838e-01	   7.1135872803682343e-01	   5.3425819059805146e-01	   7.4851831229688859e-01	   8.4464632980449705e-01	   1.0131114798043668e+00	   8.1605973352632433e-01	   1.0264250536035011e+00	   2.1894022543018626e-01	   1.1886484755908776e-01	   6.6190887632380391e-01	   4.6977850605194249e-01	   3.9397813401766757e-01	   2.1378434458880152e-01	  -1.1829239145502288e-01	  -1.1740000545258975e-01	   5.3654663620625875e-01	   6.3567405620495221e-01	   5.1034428450160829e-01	   4.4602572046597211e-01	   6.0826155025586826e-01	   8.3853088247551055e-01	   5.9990795067161384e-01	   6.5340912208152924e-01	   7.1026763237979340e-01	   3.3791303147534490e-01	   3.9205993091623043e-01	   2.0758463034194519e-01	   6.2900705421011371e-01	   4.3913537740865932e-01	   4.6568672768703501e-01	   5.2939876978079758e-01	   4.3151108361366225e-01	   5.3605600601187553e-01	   6.0721885648152241e-01	   6.8060916776248703e-01	   5.2013977645536214e-01	   6.3908995746219488e-01	   8.0304201066413694e-01	   8.0512160623919060e-01	   8.2797760570879164e-01	   8.9274010081891608e-01	   7.5448716267363403e-01	   7.5118227479244404e-01	   1.0651796203637789e+00	   8.1681859845538773e-01	   4.2781847100339265e-01	   5.1577633752167951e-01	   2.5509539999436198e-01	   1.7777217411185370e-01	   6.5626932018935669e-01	   8.0385870843740570e-01	   4.3486122731438211e-02	   4.9761520947751894e-02	   5.2085233856172541e-01	   6.3954799209340218e-01	   3.8048612052643443e-01	   5.8828534099323060e-01	   7.1190761623548338e-01	   8.0013460284180671e-01	   7.2340998607639839e-01	   7.5058643506479661e-01	   6.5558591617942552e-01	   7.2462088598702890e-01	   8.1278505075836727e-01	   9.2666291498807218e-01	   3.3798825545728362e-01	   5.8558730926745040e-01	   8.3532401515035171e-01	   1.1292847992693655e+00	   5.6926246488972920e-01	   7.7926561043019060e-01	   5.9080105649408243e-01	   8.3363907197703058e-01	   1.9606206760993511e-01	   1.8611381869311705e-01	   6.1032878185882100e-01	   6.7477505556487249e-01	   7.2978143610427004e-01	   3.1642990055939813e-01	   2.6140263053183599e-01	   2.4251917686357416e-01	   2.4094224386996288e-01	   3.5647205555672917e-01	   6.5672244763057108e-01	   6.8554315778874786e-01	   7.8280156629161279e-01	   6.7624762579436715e-01	   1.3260853499659597e-01	   2.6236363141683172e-01	   4.5434211395139024e-01	   2.8828789373361807e-01	   3.2322176471693764e-01	   1.1705148388228662e-01	   2.3365491934251581e-01	   3.8632802705081015e-01	   2.4852075265012163e-01	   4.0141970612549904e-01	   7.5448056039535993e-01	   6.1871374419675962e-01	   5.8457291309641213e-01	   4.1609841294322147e-01	   1.0593095160343688e-01	  -1.8253372476096966e-01	
   6.6978652497944369e-01	   5.6470951171860828e-01	   0.0000000000000000e+00	   1.1063692690709650e+00	   8.5972637830123322e-01	   6.6600643189093611e-01	   1.0487705880857803e+00	   6.5520003502627411e-01	   8.8029865327243351e-01	   3.7092191248056261e-01	   4.7149846229964121e-01	   4.1008831476876761e-01	   5.4343883020196793e-01	   3.8667900107642350e-01	   1.0826224706456506e+00	   6.7558827867420757e-01	   3.6915096401352882e-01	   3.9033141929271042e-01	   7.6346446558319503e-01	   6.5762214089170112e-01	   6.8383535382784866e-01	   5.2895776209637857e-01	   1.2306071898231170e+00	   7.7867679405620771e-01	   9.8687951419311060e-01	   7.7618690685826486e-01	   5.7971007445330280e-01	   5.5558502018262235e-01	   1.0940034243436586e-01	   2.5889649205231024e-02	   6.1945878694675938e-01	   3.4081272445508543e-01	   6.5524566616720725e-01	   5.5333950188790193e-01	   8.0497429311967261e-01	   6.6910582769347471e-01	   2.6664559186751807e-01	   9.6346106862756423e-02	   3.4968107619451461e-01	   2.3672760552565791e-01	   1.4977024107685896e-01	   2.0666506236800075e-01	   3.1670399377262271e-01	   3.3144407909153423e-01	   2.8207202524886132e-01	   2.9314106659929562e-01	   3.7690823476792124e-01	   4.8031700415117651e-01	   3.9323757590243380e-01	   4.5699395273277899e-01	   6.1293863150254257e-01	   5.9265552619982032e-01	   5.8123632292931438e-01	   6.3408572918486428e-01	   6.1726537603694487e-01	   5.3626870048709263e-01	   5.2742172959816847e-01	   5.5037714540291982e-01	   5.2701759143572668e-01	   5.4478681398054141e-01	   4.3711537396469102e-01	   3.2987848816571264e-01	   6.3987178483405960e-01	   6.0461995183352069e-01	   4.7230114354466113e-01	   3.6527049879365742e-01	   7.5586914308488162e-01	   6.5983419752755768e-01	   6.3025957413673794e-01	   8.3356718194557600e-01	   5.1712035428515035e-01	   4.3813579415030096e-01	   2.1825905283416924e-01	   1.9105586455371251e-01	   1.9623811605210711e-01	   1.6672163710840129e-01	   4.4510919502907248e-01	   4.4339265699289254e-01	   3.2938067911747043e-01	   1.5075124860677835e-01	   6.3748595253227625e-01	   6.5848145735707941e-01	   7.5750856761929286e-01	   3.4024424508199397e-01	   9.8849022772911233e-01	   8.2853028170900633e-01	   6.9560309031809220e-01	   5.3954919471027418e-01	   1.0972718173938059e+00	   9.2182973338218921e-01	   7.3426565935903143e-01	   7.5707464103820399e-01	   9.9604140653668383e-01	   9.9317843222947466e-01	   4.4702435211345060e-01	   2.4828741748647790e-01	   5.9945083541270006e-01	   4.8052507337922590e-01	   5.3380296602296518e-01	   6.0712036492968813e-01	   7.5597998927657750e-01	   9.1232613419564668e-01	   7.8847330228797108e-01	   7.4490616721407310e-01	   7.6320653215396062e-01	   5.8745280081541762e-01	   4.8026285225115445e-01	   3.9714593639708079e-01	   2.9657363442283269e-01	   6.0244894204973576e-01	   7.7786475517967091e-01	   6.5915600420583509e-01	   6.9612164876613458e-01	   4.8661903632295334e-01	   3.7976964649723716e-01	   1.0613520637908405e-01	
   8.3201602305273636e-01	   6.8942721945411733e-01	   1.1063692690709650e+00	   0.0000000000000000e+00	   6.7075271763571431e-01	   6.5274303129468103e-01	   9.8246247948191434e-01	   1.1714620294181881e+00	   9.2726585389199512e-01	   5.7838555660940350e-01	   7.2317975188597516e-01	   7.6724321101779747e-01	   7.6259700784867890e-01	   8.1256680084443011e-01	   9.4287222677616866e-01	   9.4665858176694395e-01	   3.5713436862956821e-01	   4.8190914573995075e-01	   7.9834904298486975e-01	   8.4243696636596921e-01	   5.7329956886875866e-01	   4.5914928053017917e-01	   1.1189851479285553e+00	   1.1345227281552570e+00	   6.4423430820281280e-01	   6.1158090898345696e-01	   3.2449884028245463e-01	   3.6314828762307771e-01	   2.6418407668169724e-01	   1.9926106920294787e-01	   7.1324436482458209e-01	   5.6744239675532593e-01	   6.7219786012236171e-01	   7.4304499550901226e-01	   7.2882088384797683e-01	   7.4688093732768723e-01	   1.8285185079395241e-01	   2.9724107743240663e-02	   2.1312458310254087e-01	   1.7095248554201958e-01	   2.4719360832117965e-01	   1.3629631287301314e-01	   2.9948450309973551e-01	   3.6090990990647320e-01	   2.8380731175404222e-01	   3.7101720107741143e-01	   4.2745678662924458e-01	   5.5281750488113812e-01	   5.1726376605085167e-01	   6.5893040812912618e-01	   7.7926126969321630e-01	   8.5825522179223035e-01	   6.3017097275387468e-01	   7.4206500180367896e-01	   6.7892509508731280e-01	   6.5131875964235075e-01	   4.4268674344430325e-01	   5.2665704865634810e-01	   7.8506353765169923e-01	   7.7250375337825883e-01	   7.1016137806121304e-01	   8.4324289685856080e-01	   6.6180437708347573e-01	   9.2499532118768446e-01	   4.0133030711618284e-01	   6.5695821042335334e-01	   7.0786689611342113e-01	   7.8861855685606674e-01	   3.5796283396169259e-01	   5.8934262881636368e-01	   5.6805575986370738e-01	   6.0984971859109571e-01	   3.7122798933809342e-01	   3.0432493727660070e-01	   3.2659435850287827e-01	   2.7094140478249956e-01	   5.2110981818156821e-01	   6.1032478341450513e-01	   3.9382896404792511e-01	   2.7385054767278705e-01	   5.5114972862472289e-01	   6.6094173865193140e-01	   6.6242901088381700e-01	   3.7520699483840597e-01	   7.2818420243304049e-01	   8.8233255503728314e-01	   4.9324337915494249e-01	   3.8644095869199668e-01	   7.8147805775093848e-01	   9.0579794005396796e-01	   6.8217403940041899e-01	   4.9715014266576935e-01	   7.2907082370995657e-01	   5.6613819108017371e-01	   3.2255443115768967e-01	   1.6257701797959748e-01	   4.8932315797911541e-01	   4.4114192150059128e-01	   6.0866373338509472e-01	   6.0504260169377044e-01	   6.7763146717388256e-01	   5.0688922414836080e-01	   6.5807592102495227e-01	   4.1659998169873441e-01	   5.2061196242021945e-01	   2.1808122801106375e-01	   4.7532562202282097e-01	   5.6431607265058503e-01	   1.8206051241469381e-01	   4.6182948470755708e-01	   6.7446790729385475e-01	   5.2703198589916156e-01	   5.8237238972777505e-01	   2.3110246469587989e-01	   1.4195318811562777e-01	  -2.9926125771456806e-02	
   3.9263419383958831e-01	   3.1099263414211575e-01	   8.5972637830123322e-01	   6.7075271763571431e-01	   0.0000000000000000e+00	   1.0070780191930089e+00	   1.0288730881346566e+00	   6.4967434096241305e-01	   1.0767739321386376e+00	   5.3482508686269870e-01	   5.8200455706550602e-01	   4.3464764461074423e-01	   6.7883204344100523e-01	   4.4378577552993870e-01	   6.8177807067817975e-01	   5.9695304485121181e-01	   2.1664323861171420e-01	   3.1161230561479336e-01	   5.4464554749045524e-01	   4.8584569519683751e-01	   8.5670725682633031e-01	   6.1207536256257822e-01	   6.1784750037600955e-01	   4.7407291755828451e-01	   5.6642863571969604e-01	   5.4173809848497390e-01	   8.6827390613499555e-01	   7.8881506023700421e-01	   3.4414676624922133e-02	   9.1972887077879914e-02	   4.0703619174891031e-01	   1.9375668433042562e-01	   3.9378638480892575e-01	   3.2727451802255619e-01	   4.0151174716167526e-01	   3.5569790370917781e-01	   1.1533073879373505e-01	   6.8233571133238163e-02	   3.7370687657681839e-01	   2.8299127861908341e-01	   1.0234521816682732e-01	   1.8481378753798253e-01	   5.3657945656779160e-01	   4.4477981414276885e-01	   4.8957932276329286e-01	   5.2615567079477876e-01	   5.3476104694545645e-01	   5.5887328656324808e-01	   7.2829069796204682e-01	   6.6624797084604859e-01	   6.8469922752363788e-01	   6.6356307455467323e-01	   4.6351546717443176e-01	   4.3781682369745573e-01	   6.7759510490576680e-01	   6.5298217890402133e-01	   2.9533369035107154e-01	   2.6611710844337200e-01	   6.3938789253829409e-01	   5.0043738059803444e-01	   5.5710684195568794e-01	   3.0346540894121349e-01	   5.9211970897236121e-01	   5.6620549995957470e-01	   6.1210106749091317e-02	   2.1024610550526437e-01	   7.5176652095110974e-01	   6.0767446036727057e-01	   3.9528127716311190e-01	   5.4572447713296546e-01	   4.9826787338824230e-01	   4.0567051056077252e-01	   2.1548091185015047e-01	   1.8772146134868331e-01	   1.6888687053903356e-01	   1.4270791239630759e-01	   4.6603192140636912e-01	   4.1540182715234458e-01	   2.6200089542704086e-01	   3.7869473948756553e-02	   3.1131765192217370e-01	   4.0268006718027666e-01	   4.6519645818541888e-01	   2.8879199072508827e-01	   4.4080887102978161e-01	   4.3062609172569055e-01	   5.3886227973232759e-01	   2.9745119002899933e-01	   8.3121216327530656e-01	   6.7572315751155054e-01	   6.3711867273746670e-01	   5.8914196414980347e-01	   7.1469596261919144e-01	   6.5291719166567330e-01	   2.2879842764643454e-01	   1.8000138836604015e-01	   5.5178393391058000e-01	   4.9489431824804087e-01	   6.5128696149754195e-01	   8.1249004348607812e-01	   6.5158412430113777e-01	   7.0416556229185367e-01	   5.5989003283721595e-01	   6.9486135353850198e-01	   3.9290970495184790e-01	   2.5779921626458269e-01	   4.6135144103006570e-01	   2.9460662968291723e-01	   7.4349637442663000e-02	   2.6556700806318861e-01	   5.7631282384303062e-01	   6.6630641451196437e-01	   8.6950333462877460e-01	   3.6594786066497181e-01	   1.2044624866955299e-01	   6.8956609230349117e-02	
   2.6805927139662866e-01	   1.1349091215115069e-01	   6.6600643189093611e-01	   6.5274303129468103e-01	   1.0070780191930089e+00	   0.0000000000000000e+00	   9.7084651214845819e-01	   8.3563688963016081e-01	   8.4533485158584964e-01	   8.3109493591449091e-01	   4.3572409396579603e-01	   4.2143495458789065e-01	   5.6869999961743267e-01	   4.7487940162111675e-01	   7.1872293114350838e-01	   7.4580100067153943e-01	  -2.9660632873939009e-03	   2.2598471811496625e-02	   3.4782794755536056e-01	   3.6959322427372499e-01	   7.6281629050063482e-01	   7.7139618934101750e-01	   5.6212071907401839e-01	   6.8665217125870870e-01	   3.3333657246108100e-01	   3.6862519300415714e-01	   8.4784510020762716e-01	   9.3294399584260435e-01	  -1.4680223473618448e-01	  -1.3090183163044236e-01	   2.8027319609569956e-01	   1.5259497230437397e-01	   1.8423525845688513e-01	   1.2446961928153105e-01	   2.9057532445471068e-01	   2.7948129715947478e-01	  -8.3917220414828034e-02	  -4.5798076023094290e-02	   1.9898076265191889e-01	   2.8856203418862797e-01	   2.3612632016206198e-02	  -7.5397682188491327e-02	   2.8751858042135231e-01	   2.4359670093806632e-01	   2.0176163996776655e-01	   2.4852196709278870e-01	   3.2533878584042208e-01	   3.6202038552216936e-01	   4.1345737663698812e-01	   4.6058703256523909e-01	   4.7233004992988148e-01	   4.5930809953414709e-01	   3.8923823593661949e-01	   4.3696038086365829e-01	   4.6758248086636894e-01	   3.8036713222323038e-01	   1.4712122465526724e-02	   1.2369292325858444e-01	   4.3590764492446943e-01	   4.2230468432524843e-01	   4.5798856207862371e-01	   6.3793146438132575e-01	   3.6093425382178457e-01	   5.4966842300917962e-01	   7.5572445695096732e-02	   3.7369529760516640e-01	   3.5653934422826278e-01	   3.4590353354246617e-01	   1.9910461819226352e-01	   3.2690541664157968e-01	   2.1568687703869857e-01	   3.4803762611682298e-01	  -1.8532743730699665e-02	  -5.5054209525814558e-02	   3.2123280586989593e-02	   1.5896164720116900e-03	   1.6252395728796751e-01	   2.0410984732315371e-01	   1.2809602063475325e-01	  -2.0796134009945982e-01	   1.7564330298334008e-01	   2.7021671069831454e-01	   5.0897166030787877e-01	   1.7530981527128145e-01	   3.3037366810325580e-01	   3.9341013857815765e-01	   3.8007565019956308e-01	   1.3841733678992393e-01	   6.1568287474503225e-01	   5.8747932959005589e-01	   5.7942797185208650e-01	   3.7113371989161509e-01	   7.2390094825631079e-01	   6.9443396565054805e-01	   2.7544950798582435e-01	   1.7113898148806558e-01	   2.6917164547686240e-01	   1.5303503912331382e-01	   3.9828712528739535e-01	   5.0068998953153465e-01	   1.0513628524644862e+00	   6.6186998317050172e-01	   5.8924617607191387e-01	   4.3513124048632401e-01	   2.8962938674894634e-01	   1.9247304443351917e-01	   7.1799610577696849e-01	   3.5184663686001583e-01	  -1.0954198217610739e-01	   2.7782679329317395e-01	   4.1246591934218002e-01	   5.4898493199597520e-01	   6.8514177020232825e-01	   2.3050216075953689e-01	   2.2125357573212812e-01	   2.1176907926793440e-01	
   5.6647625439372540e-01	   4.8248560921490791e-01	   1.0487705880857803e+00	   9.8246247948191434e-01	   1.0288730881346566e+00	   9.7084651214845819e-01	   0.0000000000000000e+00	   1.2445581603208422e+00	   1.4507450663409489e+00	   9.2305151272470698e-01	   7.2758422384425614e-01	   5.9282955246797897e-01	   7.8081585217651539e-01	   5.6024394394766808e-01	   8.3168079660188310e-01	   8.3135201026763217e-01	   2.0848400100286246e-01	   2.7510488630684965e-01	   5.2191760779932639e-01	   5.6490988251336727e-01	   4.9399084757543288e-01	   3.7551782203757522e-01	   8.1101095478899665e-01	   7.4840344775534995e-01	   3.6118807819351734e-01	   3.5883765947527418e-01	   4.0596057038699340e-01	   4.2687501722148813e-01	   7.1354467655567799e-02	   1.0047613000718275e-01	   4.0995619075988066e-01	   2.9591469601787845e-01	   3.0665384181789934e-01	   2.8393461388635904e-01	   4.1440485116810682e-01	   3.6867329441257363e-01	   6.6228643993884742e-02	   5.1798826003969668e-03	   1.8086670588255210e-01	   1.4351259988279833e-01	   1.2843601623843182e-01	   1.9975979435940303e-01	   3.6711690268150310e-01	   3.7092276825107068e-01	   3.0030083420545473e-01	   3.8375812724418379e-01	   4.2870684849897150e-01	   4.9794295423564944e-01	   5.7855238033408340e-01	   6.2117377109609317e-01	   7.5932200486656953e-01	   7.2676454940367752e-01	   5.8476534598886598e-01	   7.3106302018796065e-01	   5.8271766520694568e-01	   5.8001677131455698e-01	   2.6579106804358649e-01	   2.4534958638605764e-01	   7.0942839087692666e-01	   5.7135190522312984e-01	   6.4766657682297402e-01	   5.7892222070072008e-01	   6.5634970395109782e-01	   8.3203323972316090e-01	   1.2461686652084428e-01	   3.3842177191408379e-01	   5.7503334979944820e-01	   5.3015857557487522e-01	   2.7977047775641983e-01	   4.2549794005419783e-01	   4.6732068987672459e-01	   5.4922100946440977e-01	   1.8754592675394752e-01	   2.0121300672765496e-01	   1.2453495641907381e-01	   1.6321757327321218e-01	   4.1626127114051209e-01	   4.3196888504793990e-01	   1.9478067846650199e-01	   9.7094021672203254e-02	   3.5167376582397586e-01	   4.3328034274011545e-01	   5.0929724157064915e-01	   3.4218046802798435e-01	   4.9329091368826311e-01	   5.5117073265969130e-01	   2.6413843811607973e-01	   1.5317178783252822e-01	   8.0331058621988194e-01	   7.6846962739203495e-01	   8.0124528656116256e-01	   4.9444159580393299e-01	   7.3664487125228106e-01	   7.2106885516796237e-01	   2.5786388416593542e-01	   1.8467957756990455e-01	   3.6990195478060633e-01	   3.6265190973186923e-01	   5.7320245914991474e-01	   6.3734872540774767e-01	   7.3490516215022683e-01	   7.7553012338644112e-01	   7.5172929714390224e-01	   6.4166496276422236e-01	   3.8403449802768574e-01	   2.6280105382661706e-01	   4.9852367241288670e-01	   5.3933650104242581e-01	   1.1751864092498582e-01	   3.8254008271575107e-01	   5.6864326948657962e-01	   5.4590062856822685e-01	   7.7162387607484439e-01	   3.9107210127766612e-01	   1.7378852549194002e-01	  -2.7868574009081631e-02	
   6.3937930601920623e-01	   6.3130133725753956e-01	   6.5520003502627411e-01	   1.1714620294181881e+00	   6.4967434096241305e-01	   8.3563688963016081e-01	   1.2445581603208422e+00	   0.0000000000000000e+00	   1.0318316045756757e+00	   1.0733486687698086e+00	   8.8284577528459296e-01	   9.3559107620761717e-01	   8.8456865906253612e-01	   9.3996023845966892e-01	   7.5761304921980299e-01	   1.2104653249456758e+00	   1.9546183152390981e-01	   3.2416837735937182e-01	   5.4676735339532434e-01	   7.5052010725285967e-01	   3.7715416892851467e-01	   2.8475450958920012e-01	   8.0228553659228297e-01	   1.0710468377715534e+00	   2.3878614402996295e-01	   2.3741082871431610e-01	   1.5367585366719680e-01	   2.0134942303733788e-01	   2.2637476076204210e-01	   2.9534526681483153e-01	   4.8928396507692118e-01	   4.8770496264922780e-01	   3.0778168839602393e-01	   4.0228393346592251e-01	   4.3170303451194619e-01	   4.8343294824069227e-01	   6.3880755584064086e-02	   1.3303370532520988e-02	   1.2822642620550717e-01	   1.0476255752652373e-01	   2.8271617831051460e-01	   1.1389718358277275e-01	   3.6245508163802215e-01	   4.2334044242549240e-01	   3.3137048603425867e-01	   4.6572752922971150e-01	   4.7950208343492723e-01	   5.7054087315639312e-01	   6.3670176754951635e-01	   7.5483277000174664e-01	   8.1546001665676537e-01	   8.6933514655887334e-01	   6.0849740981727141e-01	   8.6312464688107193e-01	   6.0859820592658009e-01	   6.4412955664303972e-01	   2.2192456972396885e-01	   2.3569870898109740e-01	   6.8362650854308182e-01	   6.2234505340722412e-01	   6.1175122846907515e-01	   9.4772869905366441e-01	   5.5971949171821345e-01	   1.0910742955950457e+00	   6.6250360395471483e-02	   4.7001127690574651e-01	   4.2602883763501864e-01	   5.5056901980128981e-01	   8.5053509895134882e-02	   2.9921316554395705e-01	   4.5370656323873315e-01	   7.1817700228547965e-01	   3.1373917574843724e-01	   3.0268029349684628e-01	   2.8225705815027968e-01	   3.1466229315338923e-01	   4.4729293176258184e-01	   6.0086064111362703e-01	   1.9537989614284607e-01	   1.7206343132046348e-01	   3.2114156023474388e-01	   4.9166756751873020e-01	   5.0115126299627821e-01	   4.6147065374703483e-01	   3.9433423465411571e-01	   6.1627501489261283e-01	   1.4619451373575401e-01	   7.1419838396010529e-02	   5.6992929345761345e-01	   7.0392146520830556e-01	   7.7615724305596734e-01	   2.9118055660691400e-01	   5.4745495694315360e-01	   4.3622653703991254e-01	   1.5537686053885144e-01	   1.6417638957132538e-01	   3.1173580106413884e-01	   3.2895730382535371e-01	   6.2348836934510554e-01	   6.0288745484564166e-01	   6.2229864701534454e-01	   4.5884672837456919e-01	   6.4753469779079409e-01	   3.0679775847746193e-01	   2.5297811524503361e-01	   4.1087334477363166e-02	   4.5238473123154771e-01	   6.1283303003774603e-01	   3.5343447357172673e-02	   3.0376548998320985e-01	   5.3762305869937788e-01	   4.7892787170394169e-01	   6.2740394776756581e-01	   1.9731204665979041e-01	   5.4528937968537666e-02	  -1.0784946361048520e-01	
   5.4173050520850563e-01	   4.2478298507610435e-01	   8.8029865327243351e-01	   9.2726585389199512e-01	   1.0767739321386376e+00	   8.4533485158584964e-01	   1.4507450663409489e+00	   1.0318316045756757e+00	   0.0000000000000000e+00	   8.0924735409708537e-01	   7.6544895064092677e-01	   6.3205230757095932e-01	   8.9162680759269608e-01	   6.0945690726281132e-01	   6.9881075722448516e-01	   7.1677273406624598e-01	   1.1717831255812364e-01	   2.3282211185490059e-01	   6.3916497745132272e-01	   6.6774409590062200e-01	   4.6728717269765491e-01	   3.0034809423562192e-01	   7.0719961087639338e-01	   6.0862774932466301e-01	   3.3422430529236569e-01	   3.4540664508763486e-01	   4.8165959812868392e-01	   4.7457110739463210e-01	  -1.1403596765575817e-02	   4.6375994546863003e-02	   2.4712808614258797e-01	   1.1221695032205746e-01	   2.6100980998038870e-01	   2.6992079606610148e-01	   3.3362356434267088e-01	   2.7953115819218294e-01	   3.2573310092656398e-02	  -1.0822761628522226e-01	   1.5103858840703530e-01	   4.0162753532897680e-02	   6.1672553243802927e-02	   1.9436906430691533e-01	   3.5718835959078954e-01	   3.4255992581821421e-01	   2.9562922711805534e-01	   4.0397717594662902e-01	   4.5944870965160389e-01	   5.3543053179099864e-01	   6.6673688853282942e-01	   7.7082666940622036e-01	   8.2354367637133308e-01	   8.2142936340046269e-01	   5.9987123045933277e-01	   7.5810097567804502e-01	   6.5591304912790205e-01	   6.4416535767472516e-01	   2.0755439402615897e-01	   2.8380059232165900e-01	   8.6402945629804873e-01	   7.0509764776545314e-01	   7.5880756542208472e-01	   6.4433161446333620e-01	   5.0151883916034845e-01	   7.5426486427737605e-01	   1.1518986521812681e-01	   2.6379680052014909e-01	   5.8300034069799911e-01	   5.0270837781431876e-01	   4.2247985709403230e-01	   5.7868028885275435e-01	   4.5170109622031857e-01	   4.3906382813884093e-01	   2.0514987865437345e-01	   1.9843007141530963e-01	   1.4133023822821825e-01	   1.3360063678774112e-01	   3.1307439306366930e-01	   3.2651906874370351e-01	   2.3771943312050919e-01	   3.1256397423728065e-02	   2.5717489103950952e-01	   2.9824212067111794e-01	   3.3264894926773442e-01	   2.2138575219542236e-01	   3.7138892227262316e-01	   4.4264427450652516e-01	   2.4595094522891303e-01	   8.5030357985114671e-02	   7.3743217367243585e-01	   8.1606381848868159e-01	   7.7753710055869973e-01	   5.6127646611052739e-01	   6.6389106091198047e-01	   6.6295352854108247e-01	   3.0992127686391457e-01	   1.6142212716633389e-01	   3.8023204300323948e-01	   3.4896692242282906e-01	   6.6254668659672500e-01	   6.8216119147992671e-01	   6.2703336448110947e-01	   7.1768914170577824e-01	   6.6438729665230889e-01	   5.8370813660098042e-01	   3.5580406865079794e-01	   1.8968246123133770e-01	   3.9438133187325308e-01	   4.7658809572160105e-01	   2.0252056615647454e-01	   4.4225344367135883e-01	   5.5637435667691926e-01	   5.3119743350326820e-01	   6.8967557704335314e-01	   3.3758831446538434e-01	   1.0239760679073096e-01	  -6.7649972170435363e-02	
   2.6826329435437291e-01	   1.5082383666978849e-01	   3.7092191248056261e-01	   5.7838555660940350e-01	   5.3482508686269870e-01	   8.3109493591449091e-01	   9.2305151272470698e-01	   1.0733486687698086e+00	   8.0924735409708537e-01	   0.0000000000000000e+00	   4.7323011297460593e-01	   4.7840908028353057e-01	   4.4857264828273380e-01	   4.6698482360253069e-01	   4.2716205756018327e-01	   5.9077638934819510e-01	  -6.7156347163571607e-04	   5.8584069547817794e-02	   2.0971838172153348e-01	   3.3334807511591852e-01	   2.9008242757554403e-01	   2.5833859817845761e-01	   4.1162062940568089e-01	   6.4730214947990172e-01	   6.6545252864800453e-02	   1.6559737109791317e-01	   1.9373238900771766e-01	   2.4431790645832641e-01	   8.8927404209223543e-02	   1.3845437400952909e-01	   3.2268508788767014e-01	   3.3481770537760985e-01	   1.5477297748455703e-02	   6.9417961228761149e-02	   1.0281460011014738e-01	   1.3744327204956780e-01	  -2.2247782934662566e-01	  -1.5031685407871465e-01	   1.4751595520488932e-02	  -1.0755584440523427e-01	   5.4680965627754360e-02	   9.4870914788497573e-02	   2.8519995177010082e-01	   3.6025018089396832e-01	   2.2522612871022676e-01	   3.2885308241394123e-01	   3.3809620242762400e-01	   4.1022724976554714e-01	   4.6835511131682961e-01	   5.2285844744237886e-01	   5.1373402304595994e-01	   5.3861488965317772e-01	   3.4767738244449903e-01	   5.0787595533087448e-01	   3.4206968663784104e-01	   3.9694014672765010e-01	  -1.1743316157076267e-01	  -1.5864118894621612e-01	   4.9603162368375525e-01	   4.2070078686649021e-01	   3.9160890945983851e-01	   6.8762683500855004e-01	   3.5952743134214366e-01	   6.9230169349501791e-01	  -4.8282688281471052e-02	   2.8793928311725697e-01	   2.0891718772069651e-01	   2.6703822121919507e-01	  -1.0233762037116977e-01	   1.7756491897190658e-02	   2.7492554284665094e-01	   5.1529050911220886e-01	   8.6574451991069334e-02	   6.9879771525086634e-02	   1.5702716701581979e-02	   6.6898437752709941e-02	   1.9303674660515860e-01	   2.8713850730833723e-01	   9.1988069610615342e-02	   6.8725212598576843e-03	   3.1966387186734946e-02	   1.1141746212350459e-01	   1.9453020786914385e-01	   2.1337313290068646e-01	   1.3068525404632911e-01	   2.0336635209348713e-01	  -3.7981648694919456e-04	  -1.9800308785619312e-02	   2.8868128897378764e-01	   3.7609410334452947e-01	   4.4127099780228263e-01	   1.9620021514712627e-01	   3.2134660470408255e-01	   2.8579253777718894e-01	  -6.5041388144020010e-02	  -1.1360343009442625e-01	   9.5202647808750998e-02	   3.9617972126178264e-02	   3.5201257636057282e-01	   3.6780173479483902e-01	   4.9940948586218459e-01	   3.3676109140644173e-01	   4.8451595468956282e-01	   2.9745137386527876e-01	   1.6724120393032674e-01	   9.8170705746455048e-02	   2.8466445608275859e-01	   5.1039786051545988e-01	  -5.0630705431931418e-03	   1.3081750083686396e-02	   2.5567199023626386e-01	   2.3371770020217048e-01	   4.1376452691481819e-01	   1.7717249384013631e-01	   9.1709056772614581e-02	  -1.0638389140016770e-01	
   8.5409700899093044e-01	   8.4700779826991035e-01	   4.7149846229964121e-01	   7.2317975188597516e-01	   5.8200455706550602e-01	   4.3572409396579603e-01	   7.2758422384425614e-01	   8.8284577528459296e-01	   7.6544895064092677e-01	   4.7323011297460593e-01	   0.0000000000000000e+00	   1.3953584190224695e+00	   1.7062975933430296e+00	   1.1967635761826685e+00	   5.9002831534925726e-01	   9.9710834667277748e-01	   6.0816692993208865e-01	   7.4343411115477542e-01	   8.5172682303043656e-01	   9.0686132768128502e-01	   3.4413196484891206e-01	   2.0222206479546348e-01	   6.3358627954171254e-01	   5.5274067802752069e-01	   1.4706510718875332e-01	   1.5805395798973348e-01	   1.0495953817736033e-01	   1.3731606061373855e-01	   4.6226302935110558e-01	   5.9263549006328686e-01	   4.1747232244770210e-01	   3.5416695249517866e-01	   4.2353003309354798e-01	   5.5729033172398301e-01	   4.3342329554453157e-01	   4.8222918638998918e-01	   3.4346292839485620e-01	   1.3200990651385291e-01	   4.0772159477716413e-01	   1.4418166579638586e-01	   5.1230868980371835e-01	   3.5620590617341724e-01	   5.4879478807745974e-01	   5.8266883746797471e-01	   4.3068239496158106e-01	   5.9104006171144796e-01	   7.2692907062700796e-01	   7.7497855301286456e-01	   7.5377718810559435e-01	   9.1165319091505104e-01	   9.5168742545668017e-01	   1.0085140507653039e+00	   7.4063782337312445e-01	   8.5250758262148929e-01	   1.0079634929831833e+00	   1.0178190898527713e+00	   5.5381504586621211e-01	   4.4893001190881676e-01	   7.4553931580518873e-01	   6.2535257709289471e-01	   7.6503733547365460e-01	   4.7917447036589556e-01	   8.2496386556663259e-01	   1.0452549892828245e+00	  -7.1455701090622589e-02	   1.4866976662992867e-01	   5.5080741828900615e-01	   5.7879223856181850e-01	   2.5048884466624616e-01	   4.6121988731228680e-01	   6.1742052231848110e-01	   7.1630929223602480e-01	   6.4473120920595195e-01	   6.5737288021319618e-01	   6.0549070026731511e-01	   6.6244579356512368e-01	   8.1088840711578714e-01	   9.0001010324260844e-01	   5.6220080521623028e-01	   4.5023298003932816e-01	   5.3767727556626266e-01	   6.5139645127944545e-01	   3.0216973079406001e-01	   4.4115648377159622e-01	   3.5986072929320906e-01	   4.8175318461635663e-01	   6.3783794678421907e-02	  -2.5905629507193873e-02	   6.3652578687337591e-01	   6.9216620001881113e-01	   5.8927572096590763e-01	   3.0586304089380595e-01	   3.0311119567999911e-01	   2.7329192130810581e-01	   1.1259213468438758e-01	   8.4316069192102744e-02	   4.8337983568566545e-01	   5.9661423583144346e-01	   8.5784261447799359e-01	   8.0384810006521878e-01	   2.0618163562758160e-01	   2.0810792360755284e-01	   2.8437783979825904e-01	   1.6936701022631001e-01	   1.4195465347980402e-01	  -1.5438059381748856e-01	   2.3089590966803503e-01	   3.6249593039740169e-01	   1.7194376693686417e-01	   2.1120345186110412e-01	   7.8760269166066976e-01	   6.6290923616432584e-01	   7.1253627946119780e-01	   1.8199167121901033e-01	  -1.3264201800946068e-01	  -2.5896740770887661e-01	
   8.8248835989560159e-01	   9.2674790305487720e-01	   4.1008831476876761e-01	   7.6724321101779747e-01	   4.3464764461074423e-01	   4.2143495458789065e-01	   5.9282955246797897e-01	   9.3559107620761717e-01	   6.3205230757095932e-01	   4.7840908028353057e-01	   1.3953584190224695e+00	   0.0000000000000000e+00	   1.2437173313370691e+00	   1.6828831235926920e+00	   5.7310333540299085e-01	   1.0632814916280406e+00	   4.4750109489288947e-01	   6.5507609571556291e-01	   7.8432355613256743e-01	   9.0695020395347803e-01	   2.5964901256024991e-01	   1.9215560673831478e-01	   6.0841129093782231e-01	   5.8023831516482349e-01	   2.1637831872406280e-01	   1.4354395561952632e-01	   3.3952084688926680e-02	   1.0554238735299265e-01	   3.5982947815365796e-01	   5.0604676311916430e-01	   3.4976217748937849e-01	   2.8289883307214442e-01	   3.7338285647075015e-01	   5.6489288980143471e-01	   4.9928308643328145e-01	   5.7454413284087757e-01	   3.5870277065378964e-01	   1.7423312130761170e-01	   2.5664510711662447e-01	   1.0507853437710887e-01	   5.5212059233897903e-01	   3.3360125587112710e-01	   4.8176907967001370e-01	   5.1373904067130116e-01	   3.8345543831942003e-01	   5.4495465060708814e-01	   7.1665031122187506e-01	   7.7451623593619567e-01	   7.7299424803331018e-01	   1.0962113691590101e+00	   1.1077834976689447e+00	   1.2983140693418167e+00	   9.8946572166663427e-01	   1.0644327279849171e+00	   1.1126092306587236e+00	   1.1006799150998665e+00	   5.5723784769335005e-01	   6.1365529070914282e-01	   7.9904498205692176e-01	   8.5190348482369294e-01	   6.6877951100282218e-01	   6.6032732037480091e-01	   6.5846156762619168e-01	   1.2436461533951839e+00	  -2.9996043606156136e-02	   1.3031206620111055e-01	   4.9407469366943146e-01	   6.0207620539218265e-01	   1.9548544310782140e-01	   3.9893518021754026e-01	   5.7906265082891650e-01	   7.9231779980472217e-01	   5.6174768173254097e-01	   5.5248700839571119e-01	   5.1811917700923349e-01	   5.4513803498848468e-01	   6.4288591507692761e-01	   9.4467574678085620e-01	   3.4074994307556850e-01	   3.9392192567723966e-01	   4.0580271823042474e-01	   5.6131058349354146e-01	   3.8655337836166875e-01	   5.7551221218753779e-01	   3.6845742399238873e-01	   5.0470315482967032e-01	   8.3823076782799280e-02	   5.4619690064967004e-03	   6.3445072674121683e-01	   8.3873942485124175e-01	   6.4731548432894459e-01	   2.5424628592161380e-01	   1.9044835659144888e-01	   1.7542287604660589e-01	   1.1814064305695329e-01	   1.6209480952190106e-01	   4.3145341632747070e-01	   5.2016891397731813e-01	   9.4984917247245959e-01	   7.8458732856335400e-01	   1.5398736183869230e-01	   1.5742570783508425e-01	   3.2986973342793596e-01	   7.5736943404303037e-02	   1.3225385620927807e-01	  -1.7342804305985918e-01	   3.1029748942748703e-01	   5.0394828693107108e-01	   6.0576150268242826e-02	   1.9484715306952230e-01	   6.6913030251565309e-01	   5.5617448073078957e-01	   6.6195337793736941e-01	   1.1000364753777196e-01	  -1.2084884411688579e-01	  -3.2267961380935650e-01	
   7.1498656955016315e-01	   7.3508128992062838e-01	   5.4343883020196793e-01	   7.6259700784867890e-01	   6.7883204344100523e-01	   5.6869999961743267e-01	   7.8081585217651539e-01	   8.8456865906253612e-01	   8.9162680759269608e-01	   4.4857264828273380e-01	   1.7062975933430296e+00	   1.2437173313370691e+00	   0.0000000000000000e+00	   1.2862891318740670e+00	   6.7426628134712574e-01	   1.0082731304325618e+00	   4.7143114937164482e-01	   6.7335177638932697e-01	   7.4348313872786076e-01	   7.7563726598777616e-01	   3.2464305797860848e-01	   2.1497246305969633e-01	   6.7030147428800058e-01	   5.4432347843909301e-01	   1.8136325225153421e-01	   1.6525708651308940e-01	   2.1951855518079091e-01	   2.6883477164629460e-01	   3.3821178463604085e-01	   4.6450444464396473e-01	   3.4128438939699896e-01	   2.3475593922603247e-01	   4.2592922686989182e-01	   5.0301166725573887e-01	   4.6647143721194850e-01	   4.6941479438004519e-01	   3.3223956583981484e-01	   1.3706988307646317e-01	   3.6645443883890011e-01	   1.0562737564541383e-01	   4.8375527081276060e-01	   4.0893291489997402e-01	   5.1028326964943704e-01	   5.1359133456948802e-01	   4.0243595608771016e-01	   5.6002200581467554e-01	   6.9172197997518858e-01	   7.3532168576154733e-01	   7.1388074672315216e-01	   8.8211162973535984e-01	   8.2756150592213440e-01	   8.8456066892492002e-01	   6.4616696911549742e-01	   7.6801628824222179e-01	   9.6877045737804801e-01	   9.8999866054803620e-01	   4.7917645706202250e-01	   5.1320234444351798e-01	   6.7637842026838924e-01	   5.9865665200845597e-01	   8.5221144763023859e-01	   5.7442485414398825e-01	   7.6540442783961704e-01	   9.9324423579175170e-01	   4.6569959318527879e-02	   2.0761045398264932e-01	   5.6077272856987204e-01	   6.0904066421444769e-01	   3.2583577541933612e-01	   5.3107966243785332e-01	   5.6338606967739213e-01	   6.1776437573608711e-01	   5.4550229336580447e-01	   6.0000692807363243e-01	   5.5445200571816255e-01	   5.7417955776991769e-01	   7.3782537150481431e-01	   8.2070099544803665e-01	   4.7927565967872804e-01	   4.0478102997023885e-01	   4.9391961401418560e-01	   6.0054756006320897e-01	   3.2749376828262577e-01	   4.4196326218999676e-01	   4.1080664094756464e-01	   4.5114810199437594e-01	   1.2995047302096155e-01	  -3.3127056928776891e-02	   7.0178230538586073e-01	   7.4371549759019318e-01	   5.8500687062702916e-01	   2.9667872149755758e-01	   3.5865963437428283e-01	   3.4718024283835214e-01	   1.6356645001797859e-01	   7.7189319293666070e-02	   4.8133567385144899e-01	   5.9623415551402548e-01	   8.6851131995474562e-01	   8.1692123162822383e-01	   2.9770209998622627e-01	   3.0634836528713166e-01	   3.1983254880555689e-01	   2.1762807425736799e-01	   1.0311843201382710e-01	  -2.0179394361724731e-01	   2.7264667890035932e-01	   3.7503158031528433e-01	   1.5931568448293792e-01	   2.8842445449016835e-01	   8.1211883754725145e-01	   7.5309089172450505e-01	   7.0033614716271098e-01	   1.7326673472771165e-01	  -1.3743241648471552e-01	  -3.1943226168625516e-01	
