   0.0000000000000000e+00	   7.1391246750072768e-01	   3.0465128355623993e-02	   2.9255305723908567e-02	   3.1302306298982147e-01	   3.1970213269089420e-01	   6.9056423677958931e-02	   8.6825441395713271e-02	   5.0968864791648338e-01	   6.2946371474504115e-01	   1.1608193450897655e+00	   8.8415804648154539e-01	   7.5006492841158967e-01	   4.5862253613429860e-01	   4.4079537307135414e-01	   4.6500318934806578e-01	   8.7207520273465100e-01	   7.8442551510154890e-01	   1.0126408706624950e+00	   8.2158846040382305e-01	   3.6011861502047410e-01	   3.4942261265479202e-01	  -5.1441093608370167e-02	  -2.3967649640014715e-01	   2.1411854550902537e-01	   3.4448126328562347e-02	   5.9059283298617804e-01	   4.4661569625599595e-01	   7.0306936896161942e-01	   6.5768767193686084e-01	  -2.9020040325499791e-01	  -3.3823321867394018e-01	   2.3771552062742907e-01	   2.2831414455204857e-01	  -5.6363743583795922e-02	  -2.4333785572855871e-01	   3.8731101426125303e-01	   1.3137670687704900e-01	   4.9278306094702162e-01	   3.3662949654950564e-01	   6.4486206562600457e-01	   4.0703874761979236e-01	   3.3952409922543736e-01	   3.5602289714664043e-01	   1.0476887244832883e-01	   1.7181851478522786e-01	   4.6973985994128231e-01	   4.2158928500747178e-01	   1.6714280586595770e-01	   3.2619221486339978e-01	   4.0179871410946111e-01	   3.1092527318096613e-01	   5.2363915508490233e-01	   3.7071392192347752e-01	   5.0611721917744312e-01	   3.2999808886614923e-01	   9.0596967369610648e-01	   6.0941345992784812e-01	   4.4725945066830164e-01	   4.4146909891357916e-01	   5.5622033622744649e-01	   5.0456333796564845e-01	   6.2279963516318848e-01	   6.7134379231801022e-01	  -2.9494665084233450e-02	   8.9477271852050899e-02	   1.1241024832730312e-02	  -7.6260232873521738e-02	   4.1313366659712297e-01	   3.1711692568265221e-01	   3.4513408201066209e-01	   1.6895315443642617e-01	   6.8006055399674870e-01	   6.3104218377689558e-01	   8.1710468326154695e-01	   5.8844083994821206e-01	   5.7215951247260266e-01	   4.6636143549710762e-01	   5.0780499547473168e-01	   5.9427833931925700e-01	   7.5844350269519700e-01	   5.0366316206409156e-01	   6.1577713472756457e-01	   3.3313018997755700e-01	   5.7853412364960732e-01	  -2.0879917121529281e-02	   1.3202136167117892e-01	  -2.7332170790010063e-01	   4.0767622541586379e-01	   5.9632406028129037e-01	   5.0324837369712028e-01	   5.4709359913552924e-01	   6.9044377947088459e-03	   6.4174837054295067e-02	   1.6220522320722902e-01	   7.6983749279147418e-02	   4.2256084418688789e-01	   5.6671547174498382e-01	   6.7813234338828154e-01	   7.4689314187549805e-01	   8.8889132066085841e-02	   2.5731909697944716e-01	   4.6717977948937328e-01	   6.2896880474362238e-01	   3.1155543627820198e-01	   1.5287770341020068e-01	   2.1221112687575039e-01	   1.8023866888680792e-01	   2.0247616609143293e-01	   1.6387957340912424e-01	   5.0242000857880442e-01	   7.6150580096767562e-01	   9.0783207384627151e-01	   6.4120794321014041e-01	   1.3517561291099151e-01	   1.2308416547709278e-01	
   7.1391246750072768e-01	   0.0000000000000000e+00	  -4.1331021110907817e-01	  -4.1113825493888928e-01	   2.3138609072519033e-02	   1.4738235900439065e-01	  -4.3061967967452053e-01	  -2.9291228881547865e-01	   2.1663063309159269e-01	   2.7499522003025179e-01	   5.0190621478908271e-01	   4.3468757032135052e-01	   3.4580890848922158e-01	   2.2324677075974828e-02	   4.8795920247764246e-01	   2.6790481375929326e-01	   8.6120642185313145e-01	   1.0759281718378308e+00	   5.3594902833513991e-01	   4.7409570775478094e-01	   2.6309319719807978e-01	   3.7585844510614191e-01	  -3.0170976969986285e-01	  -4.9004957348961609e-01	  -2.4060889956528012e-02	  -1.1529470180344831e-01	   3.4046789208678568e-01	   3.5312728732020993e-01	   7.3202495142331447e-01	   9.1444623022582916e-01	  -1.7407302213125753e-01	  -2.4881611514261240e-01	  -9.3987826641698784e-03	   6.1941712845267657e-02	  -3.3506987087195450e-01	  -5.1400850321368752e-01	   2.3743095603242800e-01	   3.4504447911268082e-01	   4.2732945955548640e-01	   4.1271226201169092e-01	   5.0187200951636357e-01	   3.9382781017830604e-01	   1.9124804680430668e-01	   2.9252711186303204e-01	   3.2646049058933875e-02	   1.0918481863265264e-01	   3.7579040752542719e-01	   3.4025689307178925e-01	   1.6151872211864499e-01	   3.2928061414733723e-01	   2.1589962796481868e-01	   2.7420112262038010e-01	   4.0788267002371226e-01	   4.1583822492861588e-01	   5.6005004838647710e-01	   5.0979113501365547e-01	   1.2500119475251290e+00	   1.1996772883542559e+00	  -9.0338287245900623e-03	   1.8850436913850235e-01	   1.6408802202127974e-02	  -1.2691413809946079e-02	   2.2855548155623376e-01	   4.8742064510095606e-01	  -2.0360432532935818e-01	  -2.2657982084614037e-01	  -2.7291368457892112e-01	  -3.3910547910129690e-01	   9.7671062102154693e-01	   1.1051038526828789e+00	   6.0954894069309734e-02	   1.5888035211083668e-01	   4.2314811758325610e-01	   6.4878592236942501e-01	   3.2530122690308488e-01	   2.7321478005270750e-01	   4.0714893129944402e-01	   4.3647980668150654e-01	   7.6335336090506190e-01	   8.7696283660014862e-01	   9.0846984414662346e-01	   7.9032974041638004e-01	   4.8892163079526768e-01	   4.0491159604122540e-01	   3.3145141264338307e-01	  -2.0550485092361032e-01	   3.8476156561869555e-02	  -2.3094891075563551e-01	   1.1133440414811313e-01	   3.7424286969804416e-01	   2.5989233332814404e-01	   2.7992170444599862e-01	  -2.1088056289815968e-01	  -2.0965664121872921e-01	   5.5030022367816733e-01	  -9.8736765404381588e-02	   6.1307113163724802e-01	   6.8850239591360418e-01	   5.6882103713030796e-01	   7.0166332131629550e-01	  -1.6309867062139616e-01	  -1.5218292141781858e-01	   3.0304724575578895e-01	   2.7909409163964671e-01	   1.7571818658857866e-01	   8.3774077079339856e-02	   2.6898834440981739e-01	   5.9858593043102933e-02	   1.1984718226589976e-01	   2.2275009486585184e-01	   3.2729914584574626e-01	   4.9863561675260504e-01	   5.9940296557306361e-01	   6.0788469318090976e-01	  -5.1531956546456467e-02	   9.4931138530466780e-02	
   3.0465128355623993e-02	  -4.1331021110907817e-01	   0.0000000000000000e+00	   7.7711657594150074e-01	   6.5464549206979727e-01	   3.7058544887879197e-01	   1.2221836010995850e+00	   6.5515725148551218e-01	   4.1675741241556402e-01	   1.7898618082939541e-01	   1.2302811973825163e-01	   1.1918949004077208e-01	   2.4354368050445871e-01	   3.3716601344796016e-01	   1.7592776362743787e-01	   1.2388884331492893e-01	  -1.9012123549430657e-01	  -2.5979914245776858e-01	  -1.3320185255992745e-01	  -1.1906620688363596e-01	   4.0215853941249580e-01	   4.2634767789967543e-01	   9.6067023472878388e-01	   6.8604385144474589e-01	   9.0298311528914177e-01	   7.0852175206603496e-01	   3.7064713465808979e-01	   3.0324205327691023e-01	  -9.5126689916009921e-02	  -2.2843791536069163e-01	   6.7779967506758176e-01	   5.8019924981203042e-01	   5.6053365728672233e-01	   3.4191180483136346e-01	   8.9376695830800623e-01	   7.4391268423629453e-01	   5.2480043929994247e-01	   3.8548062489254922e-02	   4.6894993917038130e-01	   1.2930900309628288e-01	   1.0392852304199578e-01	  -1.8276195387852401e-01	   2.7906623265862796e-01	   1.6910102252344997e-01	   4.5957230386063863e-01	   4.4724578498466255e-01	   2.8865868716118276e-01	   2.9769962599660216e-01	   4.6435966989441441e-01	   3.2373251540315229e-01	   6.1976211852088625e-01	   2.9673731939147913e-01	   2.6260617961215521e-01	   1.3047328548995935e-01	   2.8440488757469135e-01	   1.6847766887780341e-01	  -3.6720976745992340e-01	  -3.1750735772300021e-01	   6.1895482969658133e-01	   3.3766289179946124e-01	   5.0813682727541332e-01	   4.2380303068737496e-01	   2.1417231261588821e-01	   1.3649250056440979e-01	   8.8917933060486098e-01	   6.5430939601214488e-01	   8.6297622346677771e-01	   7.4626602850086676e-01	  -5.9191653355640661e-01	  -3.7370210483947719e-01	   6.2071146190224324e-01	   2.7097407519393985e-01	   6.2324818167523527e-02	  -2.2849224629774917e-01	   5.1626222881781744e-02	  -5.6708977974339402e-02	  -4.3904096142832576e-02	   4.3756070192946292e-02	  -1.0622219160599734e-01	  -1.1304768172052485e-01	  -1.6978647668069954e-01	  -7.0550026886897182e-02	   9.4020349984895210e-02	   1.2746430061021410e-01	   3.8266871184449408e-01	   5.2071054699689123e-01	   1.6789178082201328e-01	   3.8909023857223041e-01	   6.6934038439429100e-01	   3.9189623708466009e-01	   3.2397441357798967e-01	   5.4093795037166892e-01	   4.8031482144592935e-01	   6.4491187026236618e-01	  -1.2042207295801827e-01	   2.1946716871045081e-02	   2.3457285592715604e-01	   5.1776836354265166e-02	   2.3631932289819912e-01	   1.0642646163264746e-01	   4.5249316421559238e-01	   9.0026785501577744e-01	   3.2809238950312491e-01	   3.3870551000595034e-01	   4.1984970299469404e-01	   4.2360252838908741e-01	   1.5792132649768589e-01	   4.7986764540604732e-01	   8.8741104378851687e-02	   1.7397241963218336e-02	   3.8852851909546887e-01	   1.2267220886196603e-01	   5.3569210365091588e-02	   3.9069256957552180e-02	   3.9206892682313726e-01	   4.1263293318375326e-02	
   2.9255305723908567e-02	  -4.1113825493888928e-01	   7.7711657594150074e-01	   0.0000000000000000e+00	   4.3608908496186927e-01	   4.4231541865161422e-01	   9.6360763173855124e-01	   1.2363909084698081e+00	   1.9137053960820247e-01	   4.6869224824140526e-01	  -6.9048031967958307e-02	   2.4186413749034294e-01	  -4.9928883402790829e-02	   3.7498437607355378e-01	  -1.6162578344441272e-01	   2.0752996089746281e-01	  -1.4176590004949782e-01	  -2.3043119663144068e-01	  -1.4677423760966418e-01	   2.0046602337822791e-02	   2.8990069963528931e-01	   2.8055183681467100e-01	   4.5883544396645171e-01	   8.4525212298397834e-01	   5.1144204154778516e-01	   6.8226300907154458e-01	   1.9945000789870779e-01	   1.0292866662665898e-01	  -1.0993387145820666e-01	  -1.4427090326261172e-01	   4.3008755287887501e-01	   5.5657584832702689e-01	   4.4614469306354959e-01	   3.9600487320795386e-01	   5.5861236016274851e-01	   6.3935993978538475e-01	   1.7661172365970584e-01	   6.9656973729416594e-02	   1.1260684691633012e-01	   9.2754338556078605e-02	   2.2531282225837015e-02	  -8.3993136140856670e-02	   1.3488339038627936e-01	  -9.8179468242369922e-03	   3.0803138865737689e-01	   2.9922835605308729e-01	   1.3816473709698271e-01	   1.0214581447973149e-01	   1.4093574707054515e-01	   9.3399050916190995e-02	   3.3165164904436212e-01	   1.8609608772722416e-01	   8.7521822010889525e-02	   6.4477732454577136e-02	   7.6685725531621618e-02	   4.6627490218353357e-02	  -3.2319723703485248e-01	  -4.0329485869101706e-01	   3.2890593200603130e-01	   1.4569399512168998e-01	   3.8025076072115949e-01	   5.7908904007986650e-01	   1.3026332372451116e-01	   4.8230993811503579e-02	   6.1144431543886568e-01	   1.2058413438226925e+00	   7.5519091795090987e-01	   7.6824549534491260e-01	  -4.3998582459636237e-01	  -4.4612712599741300e-01	   4.0180366485523888e-01	   4.7520079309955032e-01	   7.0020680427070547e-02	  -8.5978875489732237e-02	   1.1226692302038006e-01	   1.4076748294208441e-01	  -5.1617701290774349e-03	   1.6425950942701983e-01	  -1.0291817338347403e-01	  -2.5262606816829231e-01	  -1.3920648553947620e-01	  -7.3335353322282484e-02	  -4.4980008864498898e-02	   1.8404866993881902e-01	   2.4278050168334414e-01	   7.5780406021194324e-01	   7.7505648079195175e-02	   4.8191302617140619e-01	   3.4027398598267411e-01	   3.5086841764396620e-01	   5.3936068107171753e-01	   3.8991902386698940e-01	   8.4761017304867137e-01	   3.1167178954074654e-01	  -1.7906031864333904e-01	   4.8387473014144602e-02	   1.3026985038256167e-01	  -3.4632560115548008e-02	   2.1317714003559785e-01	   1.4385596920104476e-01	   8.6949017719804400e-01	   6.1091616355526412e-01	   4.5097772620524479e-01	   2.5286988613557682e-01	   5.2963988170809218e-01	   4.0110743651520125e-01	   3.1583960489173440e-01	   6.4801264821545501e-01	   2.1617128789368171e-02	  -1.0551895732594566e-01	   2.9459074343403491e-01	   1.4789264046823189e-01	   1.0359473127430215e-01	   5.4631274335250717e-03	   3.8022304853662603e-01	  -4.0398544342284674e-02	
   3.1302306298982147e-01	   2.3138609072519033e-02	   6.5464549206979727e-01	   4.3608908496186927e-01	   0.0000000000000000e+00	   1.1858476677909031e+00	   6.2789652157299214e-01	   5.2575898188430203e-01	   9.7907366770934012e-01	   6.0497022658799082e-01	   1.6236637892734765e-01	   2.7223415742578277e-01	   1.3951236124023675e-01	   2.2263817282227760e-01	   3.1339105434707742e-01	   2.0923368131654912e-01	   2.3019346106649355e-01	   2.3943336460232845e-01	   1.7223273219018773e-01	   2.3568015015413346e-01	   9.6535681775341986e-01	   9.5429546350173067e-01	   3.8094992333153932e-01	   1.9473167691373064e-01	   1.0978431715069421e+00	   9.4760557156400549e-01	   1.1167168531880955e+00	   9.9429201353638463e-01	   2.7997746972336474e-01	   1.9897076716447071e-01	   3.7669709698515363e-01	   2.6696480297342412e-01	   5.3674707352799989e-01	   5.3126311992260455e-01	   4.7851938088669166e-01	   3.6892577898775619e-01	   5.7206443243218530e-01	   2.8365953544368955e-01	   7.8161890441380588e-01	   5.0348345858509969e-01	   2.2769859343652649e-01	   1.7840604908026048e-01	   2.7958400823360019e-01	   9.1283774336243767e-02	   4.1352755368032662e-01	   2.5467926188932766e-01	   3.6026826684821028e-01	   2.5749741242344826e-01	   5.4157533586502049e-01	   2.0302077566425328e-01	   6.3850445231075481e-01	   2.7780903084174918e-01	   1.9523549575182578e-01	   6.1569851370253420e-02	   5.3573421634035645e-01	   2.8804844700763216e-01	   9.3281354729058699e-02	   8.5875632864540544e-02	   5.6816827991248975e-01	   3.6934424380864062e-01	   6.6886404858379100e-01	   4.7852292119932366e-01	   3.4975193888870565e-01	   4.0561308064172408e-01	   4.6852951139280452e-01	   5.0658620438069679e-01	   5.6964146007467764e-01	   4.9149504213291317e-01	  -1.3760710213240868e-01	  -1.7751732409401423e-03	   5.2692272902440429e-01	   2.8957666375846053e-01	   2.7444438696187323e-01	   1.2572995448320909e-01	   2.2539416299631213e-01	   1.3591702913989928e-01	   1.8346077516854603e-01	   3.0421924603700656e-01	   2.0130498078582082e-01	   1.3968636116557390e-01	   1.0915151396837869e-01	   1.2243091100382600e-01	   1.0164112194603804e-01	   4.7496731790951247e-01	   2.6146649635451547e-01	   2.2710032766238067e-01	  -1.2439058925383574e-01	   1.4067433478449425e-02	   7.5037573307416150e-01	   5.8742277622666184e-01	   3.9468864288059508e-01	   5.7808829601556611e-01	   1.6917517129594234e-01	   2.6498036307081785e-01	   1.5133569298090424e-01	   8.9538675049302963e-02	   6.6856375745828900e-01	   4.0126134248342094e-01	   5.2276123526237694e-01	   3.5328614347570703e-01	   2.4877120125629371e-01	   6.0871526978039714e-01	   4.2438471135732947e-01	   3.4945761408202802e-01	   5.0564761815726078e-01	   6.5151871976211140e-01	   7.5883160715714243e-02	   3.3241738730238413e-01	   2.4862000461550909e-01	   2.2704100317031611e-01	   6.6692233474582341e-01	   4.6968938273453448e-01	   4.6661391794994767e-01	   4.4702316574738477e-01	   2.1561464389828708e-01	   9.8650230849918960e-02	
   3.1970213269089420e-01	   1.4738235900439065e-01	   3.7058544887879197e-01	   4.4231541865161422e-01	   1.1858476677909031e+00	   0.0000000000000000e+00	   5.2135812831918316e-01	   6.4575862512094118e-01	   6.5890705348989598e-01	   8.8548326042114467e-01	   1.7744970218343037e-01	   3.3926091800164387e-01	   1.2275063582034576e-01	   1.7608519270849790e-01	   1.9406542532242718e-01	   3.3594387729448683e-01	   3.9163736520193992e-01	   4.1380487199220961e-01	   1.4410494607352489e-01	   2.6733303863778124e-01	   7.7939952818969549e-01	   8.5034660252519556e-01	   1.2802292785729627e-01	   6.6735979698454087e-02	   7.1677509561859609e-01	   8.1374578266582487e-01	   9.3658835913429228e-01	   1.0530657972617254e+00	   3.7518406024719880e-01	   3.9067507875319973e-01	   2.4639268466192307e-01	   2.0499090029449921e-01	   4.1594006974508474e-01	   5.1956766060943349e-01	   2.3214310683902362e-01	   1.7645949766266492e-01	   2.0820554916380102e-01	   1.7290652500460452e-01	   5.5920309614665165e-01	   5.6490994517112947e-01	   1.3453493562143298e-01	   1.8686993078607697e-01	   9.5869033227480388e-02	  -1.0183445952410417e-01	   2.1533771540476729e-01	   1.1761489082801553e-01	   2.5569213968293930e-01	   1.6162051680217071e-01	   2.8038443671589108e-01	   7.4954618958114755e-02	   3.9618514744290056e-01	   1.1117499828963563e-01	   1.0004069472294795e-01	   5.9579067529258303e-02	   4.0687631537662150e-01	   2.4082499917858019e-01	   2.3120552519311185e-01	   2.1515807464719350e-01	   3.5210324799998366e-01	   2.1370378214467245e-01	   6.2551750698062714e-01	   5.6107178510732114e-01	   4.1905357102907587e-01	   5.2026565862963492e-01	   4.0010231005625679e-01	   6.2639867358119528e-01	   4.3074037865402848e-01	   3.3568750660328145e-01	   2.8688837891020290e-03	   1.0814892577134669e-01	   2.1096370594107777e-01	   2.3175010057917730e-01	   1.5269376767284804e-01	   1.5004407622288884e-01	   1.3493909613943172e-01	   1.5170438377112214e-01	   1.1908169524805631e-01	   3.3341901243884403e-01	   3.4920033158490021e-01	   2.6676922413611592e-01	   3.2708259779219340e-01	   3.0357910738628069e-01	  -1.0489331270916159e-02	   5.6814907489894084e-01	   2.7534718234334132e-01	   2.5797691839700404e-01	  -1.3436285523445418e-01	   2.6098611351688731e-02	   5.2402582073308834e-01	   4.7912848953959197e-01	   3.1975311169025311e-01	   3.4288403669164802e-01	   6.6685650567760713e-02	   3.9613191052267849e-02	   2.0173247338278796e-01	   1.5038998223456782e-01	   7.3550925318057470e-01	   5.2758639307757238e-01	   4.3105232157372375e-01	   3.0918415687230044e-01	   1.7651172012890448e-01	   4.9332787812794787e-01	   3.8851570496937027e-01	   3.0415388689380979e-01	   4.7084185270035755e-01	   6.2514824006532010e-01	   1.8060903693834243e-01	   3.6461255321659913e-01	   3.1819249311284609e-01	   2.5631186281278417e-01	   6.2059245586638279e-01	   3.4559453161249570e-01	   3.1236349603011854e-01	   4.5906205902590125e-01	   1.5494882164083834e-01	   1.9535619017334938e-01	
   6.9056423677958931e-02	  -4.3061967967452053e-01	   1.2221836010995850e+00	   9.6360763173855124e-01	   6.2789652157299214e-01	   5.2135812831918316e-01	   0.0000000000000000e+00	   1.2524526138340673e+00	   3.0059748504752953e-01	   2.9579404106485946e-01	   4.0365478762412768e-02	   2.8260888212570914e-02	   1.0195323355043349e-01	   1.3076384011611236e-01	  -1.1265824894975365e-01	  -6.1139789723555833e-02	  -4.5469112130515743e-02	  -1.4147879192581647e-01	  -1.1729700863354912e-01	  -7.2985185507314504e-02	   2.9804034167397803e-01	   2.7273374986495569e-01	   4.3456715010151281e-01	   4.0052181962027172e-01	   5.4433294138520649e-01	   5.9143550262579325e-01	   2.2123976546235510e-01	   1.9507511593545221e-01	   7.0376339786680966e-02	  -8.2841575816416296e-02	   5.2211737163858907e-01	   6.6572413865003266e-01	   7.5072489200230308e-01	   6.5520178870147339e-01	   6.3687340271931236e-01	   5.8503470417857895e-01	   2.8751553592633905e-01	  -2.8808444253263524e-02	   2.6343947158468312e-01	   4.4591530011486760e-02	   1.1359943445185633e-01	  -1.3580116013334032e-01	   1.8498804009604969e-01	   1.3306568192138039e-02	   4.7668230490998065e-01	   4.2924531207754413e-01	   2.0989905834281183e-01	   1.5462190221977953e-01	   4.3174034262604621e-01	   2.0825655247117497e-01	   5.9340319924646323e-01	   2.0051579933218183e-01	   9.9860185629835396e-02	   1.6980636629534529e-02	   1.2150797182553240e-01	  -1.4951203291722498e-02	  -3.2756226510780284e-01	  -3.5483794593969142e-01	   6.0695593723890473e-01	   2.1471803437062842e-01	   6.9412141724934784e-01	   5.3868865578157310e-01	   3.3043214840259488e-01	   1.5896944090078610e-01	   7.6029635901549031e-01	   9.2244716810795802e-01	   1.0356882642473715e+00	   8.5560131586248511e-01	  -6.3431974670399283e-01	  -4.0868214220214172e-01	   4.6779387336529310e-01	   3.0159614554350728e-01	   8.0322717927930568e-02	  -1.3919271527478849e-01	   4.7352815051168055e-02	   3.1033538810445000e-03	   1.7180438497121878e-02	   1.1606406875565542e-01	  -1.0798678846358321e-02	  -1.3404888941086468e-01	  -6.4969923168906527e-02	  -3.7581535962320965e-02	  -4.2128901677462402e-02	   1.3901667673359513e-01	   2.8075705463613720e-01	   4.4132768350969964e-01	   8.6249678281524050e-02	   2.1030126562512583e-01	   5.3115682922025453e-01	   3.0128432046850356e-01	   2.7598576388081758e-01	   4.2575725015338295e-01	   3.6632156026024165e-01	   4.8884625520129588e-01	  -5.5990864045227740e-02	   4.2863994924352868e-02	   2.6299929115387244e-01	   6.6223687222262207e-03	   2.0830966012718810e-01	   9.3435666492556885e-02	   5.3625863755621950e-01	   1.0222987086702962e+00	   4.4018944191498410e-01	   4.8374234405006800e-01	   4.5965535602783736e-01	   5.4896800600788342e-01	   2.7815798828577593e-01	   6.6915310231386316e-01	   8.8594413328531157e-02	  -3.9482739282044956e-04	   3.9350671781723290e-01	   1.0560140869251518e-01	  -7.2356167929350746e-03	  -8.3673133983017372e-04	   2.6414139349022825e-01	   5.4200994649314667e-02	
   8.6825441395713271e-02	  -2.9291228881547865e-01	   6.5515725148551218e-01	   1.2363909084698081e+00	   5.2575898188430203e-01	   6.4575862512094118e-01	   1.2524526138340673e+00	   0.0000000000000000e+00	   2.3628273861349469e-01	   5.1120292277773571e-01	  -1.9775361195624692e-02	   1.0202832401850193e-01	   2.2944666573347598e-03	   7.5692482970158667e-02	  -2.6534391883693559e-01	  -6.4603866990770156e-02	   1.1152469017033102e-01	   3.4129114599538268e-02	  -1.0063406999395745e-01	   3.0450545190456698e-02	   3.4287175842789669e-01	   2.6409595716012935e-01	   1.5243749717475327e-01	   3.4960149881317559e-01	   3.3670287655815384e-01	   5.2131683542662022e-01	   1.8231684021646816e-01	   1.3297622547009480e-01	   1.0041354684074635e-01	   5.4030459196101902e-02	   3.4096505542545780e-01	   5.8359017079189712e-01	   5.8403795463673869e-01	   6.8157834594287581e-01	   3.8572387761509452e-01	   4.2088700610900220e-01	   8.7918330536574565e-02	  -1.7323929389517833e-02	   1.1893993775496081e-01	   5.1286981001476460e-02	   7.9121567982574775e-03	  -1.1671801053642850e-01	   7.5675552063441467e-02	  -1.1568257017323948e-01	   4.3204144814334772e-01	   3.8676577369146126e-01	   1.1831790227241348e-01	   6.0701012948217239e-02	   2.8895225279988718e-01	   1.5134257023309772e-01	   4.0885214878383375e-01	   1.8379057305090868e-01	   1.3891724294383203e-02	   5.3633405903477926e-02	   1.6067156663690237e-02	  -3.4970290130752722e-02	  -1.6709400021190549e-01	  -3.1047534171415042e-01	   3.2780587103134529e-01	   6.9886137248121885e-02	   5.0993307664795418e-01	   6.1780713494365525e-01	   2.8301369354462047e-01	   1.8503801375546658e-01	   5.4233756092041274e-01	   1.1776256609040459e+00	   7.9639441646307407e-01	   6.9933694369926380e-01	  -3.3586034233582912e-01	  -2.7985476416225674e-01	   3.6341709878076844e-01	   4.2933631641094844e-01	   1.0110232186931625e-01	   4.4840586268141630e-03	   7.4449581103857479e-02	   1.1917936650641318e-01	   2.5376293633571561e-02	   2.1021122719944368e-01	   1.2768893012145813e-01	  -5.3461969243452971e-02	   9.6193940043781290e-02	   7.3747511180529024e-02	  -1.0260693258373017e-01	   1.6251622592983372e-01	   1.7317471040589422e-01	   4.0959101582454627e-01	   2.6817043433303147e-03	   1.3986952911782896e-01	   3.1884165049202035e-01	   2.5916875070148748e-01	   3.9885460336282103e-01	   3.2715764728074376e-01	   4.6745278373097537e-01	   2.9366423259280916e-01	  -2.9908405381267645e-02	   1.8619679131870744e-02	   2.4007041767653187e-01	   1.9697793781816818e-03	   2.1283872029562015e-01	   1.3767521052833448e-01	   7.2162043747158056e-01	   7.3547820956365573e-01	   5.0955892872393271e-01	   3.6349506179860402e-01	   5.2992427057907909e-01	   5.8776418267841035e-01	   4.4851446212884782e-01	   8.0854000580421781e-01	   8.0479699635001775e-02	  -6.4778975812077561e-02	   3.1189664758175517e-01	   1.5544277075929408e-01	   5.2405992941217727e-02	   1.0371944311286575e-01	   2.8078281677879585e-01	   7.7527310220178031e-02	
   5.0968864791648338e-01	   2.1663063309159269e-01	   4.1675741241556402e-01	   1.9137053960820247e-01	   9.7907366770934012e-01	   6.5890705348989598e-01	   3.0059748504752953e-01	   2.3628273861349469e-01	   0.0000000000000000e+00	   7.5344714728643269e-01	   4.9222457815137260e-01	   5.5308666555547914e-01	   5.6464098734742074e-01	   4.0723141037402988e-01	   6.6338536529647085e-01	   3.0508379296626886e-01	   2.5450922331333248e-01	   3.0097089109591341e-01	   3.5245387955811081e-01	   3.4710596353596262e-01	   5.9011614425348335e-01	   6.2844282022569498e-01	   3.1625231339435611e-01	   7.2482080720098416e-02	   6.3195673896662374e-01	   3.8230372028562470e-01	   8.8988467312661435e-01	   6.2879288038577341e-01	   3.5198515314476958e-01	   2.6395704724408431e-01	   3.6221386275907052e-04	  -1.3067604157313803e-01	   1.7536383618748064e-01	   1.3509674271619260e-01	   1.4644216680524103e-01	   3.2081180183611634e-02	   7.1319474896236879e-01	   2.2507229538982759e-01	   7.5418380857287204e-01	   4.8696868259086568e-01	   3.7132752670335128e-01	   3.6929321528370834e-01	   4.5993242195759654e-01	   4.1130488342684707e-01	   2.1538986494350149e-01	   2.0950616083572340e-01	   5.4205654641373502e-01	   5.1779188675029009e-01	   3.9873421942664433e-01	   3.7035677175268139e-01	   6.4108631125413307e-01	   5.3151939721913488e-01	   5.6571272584569632e-01	   4.6522554548137679e-01	   8.1411908955163126e-01	   6.6393427715607678e-01	   2.0154010322757188e-01	   1.3864169995601480e-01	   5.4956703401586371e-01	   5.2877474267114488e-01	   7.2209491112987845e-01	   6.1607326271485685e-01	   2.0901257546876362e-01	   3.2854769835517011e-01	   2.0291192766689428e-01	   3.0431771399094898e-01	   1.2314533480893532e-01	   8.1113431630700394e-02	  -5.6140582887716022e-04	  -3.4375622675263139e-02	   5.0428732830807399e-01	   1.6752850909051864e-01	   3.9894686272363389e-01	   2.4834739207059800e-01	   3.8157673035834977e-01	   2.0142581742694576e-01	   3.3133074954888725e-01	   2.8163189587710979e-01	   1.7944636592301702e-01	   1.5488049641420606e-01	   1.7319733517096828e-01	   1.0531419314795304e-01	   3.1708744979146425e-01	   4.2525328262837236e-01	   2.3758790185247039e-01	   1.6742811987101848e-02	  -1.4106257322738866e-01	  -2.2297368534301337e-01	   7.6164947449051856e-01	   7.6366834685912777e-01	   6.3164487428831506e-01	   8.4084189883148630e-01	   1.4864574085471197e-01	   4.4290490293634155e-01	   1.1831980863568098e-02	   5.2367677848780304e-02	   4.9596610264052732e-01	   5.7266281792689144e-01	   7.1112322750305490e-01	   7.0824995458373619e-01	   2.2107539951591340e-01	   3.7768094615668629e-01	   4.8258432176853328e-01	   3.4525691290982730e-01	   4.4414563539389917e-01	   3.8492923081587599e-01	   1.7496315362426371e-01	   1.4163486494775740e-01	   1.4175210535686619e-01	   5.9970394735547633e-02	   4.3638527133974025e-01	   6.0920992771235638e-01	   7.7016007987892809e-01	   4.8289686537072463e-01	   3.4093342119117392e-01	   1.9331030606851649e-01	
   6.2946371474504115e-01	   2.7499522003025179e-01	   1.7898618082939541e-01	   4.6869224824140526e-01	   6.0497022658799082e-01	   8.8548326042114467e-01	   2.9579404106485946e-01	   5.1120292277773571e-01	   7.5344714728643269e-01	   0.0000000000000000e+00	   4.9768457090285928e-01	   6.9269380590742013e-01	   4.2437091139998701e-01	   4.8518139397182092e-01	   3.8721142266621461e-01	   6.5227643703941052e-01	   4.0659330740057886e-01	   3.9386560425785955e-01	   3.2327400029116155e-01	   4.2170514934419245e-01	   4.1848373971301839e-01	   4.0584924023823715e-01	   9.1355379093541814e-02	   1.1338151077973077e-01	   3.7432794878704467e-01	   3.6296144139932890e-01	   6.8146528432292441e-01	   5.9106884472771870e-01	   3.4485931347620347e-01	   3.4425130375574120e-01	  -7.3849810268766192e-02	  -1.0679253496716679e-01	   1.5803995708301133e-01	   1.8627686859910031e-01	   6.1675657485159401e-02	   2.0478644709593839e-02	   3.2993985353005345e-01	   1.5125154964464918e-01	   4.1879744134118857e-01	   3.7902043615985537e-01	   3.6674616448056491e-01	   4.3421850444044918e-01	   1.6207867508016682e-01	   3.4408927505547859e-02	   2.5837232767757040e-02	   9.8785270283291704e-03	   2.1613402742966351e-01	   1.7440289214748272e-01	   5.3427968448698480e-02	   7.9469459659593442e-02	   3.0360077183537360e-01	   2.1828006558176946e-01	   2.5035135651962742e-01	   3.0754568426039075e-01	   4.0396687175432966e-01	   3.2711068434943574e-01	   3.5600798387121363e-01	   1.9793387200100362e-01	   3.7243651964010005e-01	   3.1476259455420236e-01	   7.0132951034566671e-01	   8.0635337695123899e-01	   3.5523861825158359e-01	   4.3757119928288674e-01	   2.5845387070743703e-01	   6.6307939269588556e-01	   1.8997788110391092e-01	   1.4245057723827675e-01	   1.8501128858748955e-01	   7.3170762022295152e-02	   1.8553661839312829e-01	   3.0935376390963593e-01	   1.8761965473729614e-01	   1.9395442628693038e-01	   2.8663298874529763e-01	   2.7223330257385370e-01	   1.6758993586394505e-01	   2.3810293952955394e-01	   2.1451336023549022e-01	   1.7365173296924816e-01	   4.2715444528140545e-01	   3.1248345810700723e-01	   2.8206051760754158e-01	   6.1047361933982169e-01	   4.3455246772848788e-01	   2.6350316705866805e-01	   1.8550183456871538e-02	  -8.2060715226852751e-02	   6.5389888860998702e-01	   7.1930580562069779e-01	   6.9749115291877217e-01	   5.6321511876641317e-01	   3.3355273346753234e-01	   1.6818008757610925e-01	   7.3359269617681147e-02	   5.5499807348944628e-02	   4.1268278381331441e-01	   4.3451463610379659e-01	   4.9753152748323920e-01	   5.3091029333276274e-01	   4.4804968021124292e-01	   4.7254360273596163e-01	   5.7949769474181445e-01	   3.6350856524910807e-01	   3.9302591953968846e-01	   2.9824397145720355e-01	   3.4609801749996116e-01	   3.9174827769724813e-01	   1.7738718690529032e-01	   1.1249666353463117e-01	   3.9725873538377443e-01	   4.3614766260964694e-01	   6.2822340974007063e-01	   4.1572585300233023e-01	   2.4667337580589571e-01	   8.9749174221266645e-02	
   1.1608193450897655e+00	   5.0190621478908271e-01	   1.2302811973825163e-01	  -6.9048031967958307e-02	   1.6236637892734765e-01	   1.7744970218343037e-01	   4.0365478762412768e-02	  -1.9775361195624692e-02	   4.9222457815137260e-01	   4.9768457090285928e-01	   0.0000000000000000e+00	   9.7423446965435079e-01	   1.6128793165676318e+00	   5.2190084592444685e-01	   7.7505053762649811e-01	   4.9194311190603945e-01	   5.1181806079620251e-01	   4.6863177031803593e-01	   7.7487624660879628e-01	   5.2538636937439376e-01	   1.8454484628641551e-01	   1.9207610935036748e-01	   1.7529347041361831e-01	  -9.6697234928799100e-02	   1.7469403772430656e-01	  -8.2707527786024734e-02	   4.9277052666120547e-01	   3.6050434587246533e-01	   4.4298385115941941e-01	   3.7809705110244696e-01	  -2.6115244568980400e-01	  -4.0822572609372587e-01	   1.2974299380364013e-02	  -7.9443143219594572e-02	  -6.8129369656490094e-02	  -3.0876437606792057e-01	   4.6511659414666129e-01	   7.7867001613004763e-02	   4.0440504933846710e-01	   3.2529474023815791e-01	   4.8072127608718318e-01	   3.2724636685555103e-01	   3.4064820211341162e-01	   4.1608687846583164e-01	   4.8323929781997018e-04	   1.0487905709736654e-01	   3.9779719735255487e-01	   4.4692529768421363e-01	   9.8451391625720253e-02	   3.1571518850407632e-01	   2.6445510862082866e-01	   2.3421914843740477e-01	   5.2126543129298664e-01	   4.3848544180658300e-01	   4.4244226082026916e-01	   3.9115852721164523e-01	   5.3406364127046757e-01	   3.8097607287252533e-01	   2.7922303584356528e-01	   4.3493847855538265e-01	   4.7986355779361201e-01	   6.4586125462960520e-01	   3.3859768241215182e-01	   4.6025144198396750e-01	   1.1346493133383431e-01	   6.6445752866534868e-02	  -1.7215148447938822e-01	  -2.7623856985630180e-01	   3.0586216587362491e-01	   1.5463463684963544e-01	   2.8829251268650841e-01	   3.4532743437183530e-02	   3.4806051807219307e-01	   2.7088810561327736e-01	   5.0334937848808847e-01	   3.1385840623385419e-01	   3.4784638752823288e-01	   2.5486816988307270e-01	   2.5600272185695355e-01	   3.7030255631287778e-01	   6.1652873456035773e-01	   3.5333420086475331e-01	   8.0769918377219629e-01	   2.7499516457191775e-01	   7.6002940342700764e-01	  -2.1133947561925489e-02	   4.1567041705394192e-01	  -2.0753449291004980e-01	   4.7873772666580994e-01	   5.5940053413684687e-01	   4.5743323399467090e-01	   5.5290143986352058e-01	  -2.4470439334490092e-02	   2.0566255175507581e-01	   8.4260132625333758e-02	   2.1548899769387633e-02	   2.1941290798900137e-01	   4.6131576088836496e-01	   4.3691035339626177e-01	   5.3053150256769765e-01	  -3.7354583218446990e-03	   2.2974343340253162e-01	   2.6065561846127916e-01	   3.9177348766460612e-01	   1.4141789538491320e-01	   4.5862037834630595e-02	   1.3969357568247884e-01	   2.3468995317665414e-02	   1.6652749055663652e-02	   1.4228457912046477e-01	   3.0764294204207399e-01	   4.8052086608430744e-01	   6.3316904157173448e-01	   4.2546182418989592e-01	   2.0929191561393842e-01	   2.4799178455779233e-01	
   8.8415804648154539e-01	   4.3468757032135052e-01	   1.1918949004077208e-01	   2.4186413749034294e-01	   2.7223415742578277e-01	   3.3926091800164387e-01	   2.8260888212570914e-02	   1.0202832401850193e-01	   5.5308666555547914e-01	   6.9269380590742013e-01	   9.7423446965435079e-01	   0.0000000000000000e+00	   8.0164628558674833e-01	   9.3231057135397399e-01	   6.2173968967152315e-01	   8.0017064425082929e-01	   3.8024791610578978e-01	   3.7750918431655645e-01	   4.9873178362569204e-01	   4.9262367864703605e-01	   2.4487288168489979e-01	   3.3059322188716639e-01	   1.8150578104664436e-01	   1.3243408468829862e-01	   3.8557923139811290e-01	   2.1538661127777473e-01	   6.4347693428824104e-01	   4.7254002348677415e-01	   2.9021703811964089e-01	   3.4584238183397231e-01	  -2.4362458279996096e-01	  -3.7214434553789599e-01	  -5.3033203017713706e-02	  -7.5622324190662199e-02	   3.9542170179791780e-02	  -1.0590553429846630e-01	   3.9278687910550925e-01	   2.7231884442840937e-01	   4.1649478264703171e-01	   5.3228395113620308e-01	   3.8195717398517809e-01	   4.1530904069792762e-01	   3.7798345000058420e-01	   4.4185581151935061e-01	  -5.8261169040136521e-02	   7.3047718717714413e-02	   4.1673456259872710e-01	   5.0723392975231829e-01	  -1.5899593727087588e-02	   2.0600110218954049e-01	   3.0473806408284565e-01	   2.7419997210563718e-01	   5.4151882390947181e-01	   3.8920448053425216e-01	   5.8924032009213767e-01	   5.9405947423422978e-01	   3.9994160141753199e-01	   3.0802200376515798e-01	   1.8426310825181483e-01	   4.0965702978521129e-01	   3.7814263605080944e-01	   6.8967225980707092e-01	   1.5687959068335183e-01	   3.3741070560574099e-01	   1.2938571990885941e-01	   3.1901178660972623e-01	  -8.1955807872039751e-02	  -8.5654137954245466e-02	   2.5023383215642980e-01	   6.4662353747613893e-02	   2.3279573173184812e-01	   2.1660042130948334e-01	   3.1860046622307209e-01	   3.1617289034454810e-01	   4.6768163060318579e-01	   3.9538104304821980e-01	   2.6009400404575805e-01	   3.0862990151544484e-01	   2.2840201624578288e-01	   2.6164386778615378e-01	   4.2021190863821478e-01	   3.2207735440150226e-01	   4.3690886134742768e-01	   4.1509281584902785e-01	   5.5412477600786958e-01	   3.3027695847207217e-01	   1.2564344054054205e-01	  -1.8712756681894517e-02	   3.8113985485013413e-01	   7.4132685584829638e-01	   6.5597498480927019e-01	   5.7616116342926504e-01	   2.3488536534860860e-01	   9.9640593532190069e-02	   1.7144548081272126e-01	   7.2754107415632152e-02	   4.0663427958356307e-01	   5.7245127637648463e-01	   5.0024472622408334e-01	   6.4171741705910268e-01	   1.2346204745854561e-01	   1.2653659350894983e-01	   3.0655467983319395e-01	   1.9531987082553029e-01	   3.6818594842156699e-01	   1.8768969993737633e-01	   1.4547184557390855e-01	   4.0529188338307480e-02	   2.1507810796429383e-02	   2.5722069644123968e-01	   4.8889095226693913e-01	   5.3029000426396888e-01	   7.4225663234784567e-01	   4.4631423839438100e-01	   3.5117448464553130e-01	   2.7831518302323593e-01	
   7.5006492841158967e-01	   3.4580890848922158e-01	   2.4354368050445871e-01	  -4.9928883402790829e-02	   1.3951236124023675e-01	   1.2275063582034576e-01	   1.0195323355043349e-01	   2.2944666573347598e-03	   5.6464098734742074e-01	   4.2437091139998701e-01	   1.6128793165676318e+00	   8.0164628558674833e-01	   0.0000000000000000e+00	   5.2801725681027167e-01	   8.7852400760396421e-01	   4.1982612282405396e-01	   3.2218548219079191e-01	   2.9226444493590231e-01	   5.3324484854639642e-01	   3.3830355307440152e-01	   1.1583000151614345e-01	   1.6344036429564207e-01	   3.1478025050024466e-01	   1.6695196684408567e-02	   1.7143515645259130e-01	  -1.1635318167505564e-01	   4.1727210042129825e-01	   2.8534843453046960e-01	   2.7807406172876992e-01	   1.9394421092433750e-01	  -1.6462180630246945e-01	  -3.1015092141028100e-01	  -7.6214795637282701e-02	  -2.0115843543063675e-01	  -1.9703985623621637e-02	  -2.2515945500343040e-01	   5.4231145083453547e-01	   6.2993254441735147e-02	   3.9012751098929921e-01	   3.1423075108459042e-01	   3.2718901063385064e-01	   2.2846706862709382e-01	   4.1739834626838912e-01	   4.8780248639153445e-01	   4.2732737495109967e-02	   1.5390670349985758e-01	   3.9753441099978681e-01	   4.9729334619607035e-01	   1.5167596356697524e-01	   3.9523377874291560e-01	   2.8654040290904625e-01	   3.3789127354791215e-01	   5.4323769188017035e-01	   5.4170492342142396e-01	   4.5018034382503469e-01	   4.7678533118386440e-01	   3.2693160577524960e-01	   1.9491402915846862e-01	   2.4870801680489468e-01	   4.4692330849111450e-01	   4.2182393841157328e-01	   5.7733927306336952e-01	   1.4566772164766570e-01	   2.5730307909754380e-01	   1.7495079454402063e-01	   1.0255505457797551e-01	  -1.6750156723954307e-01	  -2.6687844178338249e-01	   2.1981699096307467e-01	   6.0533397566099927e-02	   3.2545704134452097e-01	   1.3770037947810855e-02	   2.2935648431527578e-01	   1.2038815919992903e-01	   3.2957205106533216e-01	   1.4958833613753827e-01	   2.4277670247355732e-01	   1.3385296168124144e-01	   1.7648805082880289e-01	   2.7537128352429796e-01	   4.3718892146261379e-01	   2.3298019805247738e-01	   7.5180286009991792e-01	   2.4077089959706496e-01	   6.3593230990032390e-01	  -3.8523424475704976e-02	   4.0076668898203804e-01	  -1.6142371756800528e-01	   5.1417713986687519e-01	   5.2292174413251702e-01	   4.7823367733665056e-01	   6.0203265757921764e-01	   7.6067299925754561e-02	   3.6982167631414298e-01	   1.4624515879095027e-02	   9.6121879463179072e-03	   1.3419267368722707e-01	   4.0459060862539209e-01	   3.4884450792620725e-01	   4.5726315227466274e-01	   8.2618492991735848e-02	   2.7916602749511821e-01	   2.8459987803979192e-01	   3.2116842680806523e-01	   1.9093661127982825e-01	   8.8036244441780528e-02	   2.5290919944915596e-01	   5.4683842772258073e-02	  -3.5646305176398184e-02	   9.4410044963051415e-02	   2.4674034121425059e-01	   3.7027004274043401e-01	   4.9178921254976582e-01	   3.9571654040233989e-01	   4.1254656786157456e-01	   3.4569071613227731e-01	
