   0.0000000000000000e+00	   1.3724371110020663e+00	   2.6945175849264874e-01	   8.7125612195444499e-02	   1.7922353123263893e-01	   2.1530338444077249e-01	   2.7997519344066735e-01	   1.6392035130453975e-01	   1.1753827553369195e-01	   1.5461549175569667e-01	   9.5867252561656535e-01	   5.6498384921757505e-01	   6.6343835165854215e-01	   5.3759901803315047e-01	   5.4169720707414237e-01	   3.1396512873052329e-01	   8.3051431931939534e-01	   6.2529258776812324e-01	   9.5892304213210833e-01	   7.2571377630109213e-01	   3.1110378277462647e-01	   2.7556045300285803e-01	   2.0194967512058881e-01	   7.2928347363019050e-02	   3.3630503592592903e-01	   2.9224734451433509e-01	   3.5753217986650315e-01	   3.5040506074481120e-01	   3.8067514837854305e-01	   5.0911999684341280e-01	   2.5105223071657939e-01	   1.3024399718442703e-01	   2.9022789657520093e-01	   3.3742881850572326e-01	   2.8391433158753848e-01	   3.4692089792192343e-01	   6.1306803490121720e-01	   5.4374245423216294e-01	   6.6388881804496946e-01	   5.5947054216397629e-01	   5.0969879075971614e-01	   4.1678705310546171e-01	   3.1401586773276030e-01	   1.9671356055361885e-01	   3.2820740553817862e-01	   3.3580248170122817e-01	   3.7119495240947065e-01	   3.6529989677426272e-01	   2.7789343087718632e-01	   2.4182316360535688e-01	   4.4149024629229316e-01	   2.5057781611596436e-01	   3.5001699764877642e-01	   2.5178125452014832e-01	   7.5092602117720630e-01	   6.4081313200186085e-01	   1.0501945277613640e+00	   6.7701486896469587e-01	   4.2662258588392982e-01	   8.0819741844070911e-02	   5.6481261976160357e-01	   1.1867159290174446e-01	   2.1830454713231903e-01	   1.8982818816626673e-01	   1.3888158019842831e-01	   1.2988182366785872e-01	   2.1558741714653937e-01	   1.5920342781953550e-01	   7.2224054651179703e-01	   5.8571975116239194e-01	   1.5737163852228997e-01	  -1.0077939264666497e-01	   3.5228245046202938e-01	   3.6067378843662912e-01	   4.2343091704951408e-01	   3.9397214591575735e-01	   9.7977742249666089e-01	   7.2324079985558087e-01	   4.6584650160687702e-01	   5.0281855185465607e-01	   7.1004682963338595e-01	   6.5000865908141936e-01	   4.4918968416320887e-01	   5.7615890820540849e-01	   3.4478518160584731e-01	   2.7449947309757400e-01	   1.4458296885330998e-01	   3.0614163397033262e-01	   8.3778863776987800e-01	   6.6921721148680058e-01	   6.5236568670324735e-01	   7.0576494937726253e-01	   1.5298791722895944e-01	   3.4489214981466576e-01	   8.4296658131029023e-01	   6.4597410601634597e-01	   7.4539632634080710e-01	   8.2182725750519448e-01	   6.5058220214073836e-01	   7.5555942970643353e-01	   2.6233929038542481e-01	   5.9044196022868101e-01	   7.3512252285321045e-01	   8.9698560066360689e-01	   4.6614235529738118e-01	   4.2907132197653197e-01	   4.7777589525664732e-01	   3.6212904259721090e-01	   5.1221764335649911e-01	   7.1339080931856613e-01	   8.2196055904044629e-01	   5.8478380455483547e-01	   6.7439645957878558e-01	   5.8727109122713250e-01	   4.8809296244771272e-01	   1.4676459684821411e-01	
   1.3724371110020663e+00	   0.0000000000000000e+00	   9.1408402123529311e-02	   2.6688536016609608e-02	   1.2998741538414137e-02	   1.2629672482797011e-01	   1.0767901595672884e-01	   8.2850025909209021e-02	  -8.1132198322879842e-05	   1.0169147919745071e-01	   7.4948809879392442e-01	   7.1145281547907058e-01	   5.2011455206167323e-01	   5.6698585820946001e-01	   4.4832012701443869e-01	   2.5844973230029344e-01	   7.4166738464987270e-01	   7.5537973927990265e-01	   5.9692213423920570e-01	   6.5664649391496754e-01	   1.9172910468521856e-01	   1.5980169948918899e-01	   3.5288164133196770e-02	  -5.7626989587196607e-02	   1.6910432341851214e-01	   2.1864843518499946e-01	   3.2380242645721519e-01	   3.0427911911383732e-01	   3.0595472066609236e-01	   5.7287971237242807e-01	   1.0393123487755576e-01	   2.9664550188312298e-02	   1.7396382422912923e-01	   2.7905016533579763e-01	   2.1728166746982774e-01	   2.3576307624597104e-01	   4.3648568441572466e-01	   3.6337297073781399e-01	   4.4877735929710549e-01	   4.2205549509935603e-01	   3.7404571120227093e-01	   3.6180702994195996e-01	   1.7618013229406077e-01	   1.2667658502761278e-01	   1.4488440572133221e-01	   2.1317949930285002e-01	   2.8813701903161332e-01	   3.2946346835210705e-01	   2.9478622105145491e-01	   3.5919093360754917e-01	   5.4105906539997939e-01	   4.4582446283073690e-01	   5.5184115661138411e-01	   4.3182926747581030e-01	   8.3684075335327446e-01	   7.8785963738846532e-01	   1.0386293683700247e+00	   9.0225318096432061e-01	   5.2941025648668716e-01	   3.5058080634183186e-01	   6.6774612753618645e-01	   2.8332554005794014e-01	   1.2092906365412061e-01	   3.6838258137296204e-01	   5.4256810770883582e-02	   8.8091685780174733e-02	   1.2043483410002613e-01	   1.1109924299244377e-01	   5.3540383843783768e-01	   5.0494552240069690e-01	  -2.8083370697343946e-02	  -2.1920448700847597e-01	   1.6345850184580635e-01	   3.3581256942596988e-01	   2.0529864401573408e-01	   2.3894387448406296e-01	   7.2925807635235318e-01	   6.2454326958508011e-01	   4.6824276765702777e-01	   4.8231892363657014e-01	   6.4094265368633663e-01	   5.8088494598607299e-01	   3.3091266206064857e-01	   4.5193745446186334e-01	   3.2012423918908789e-01	   2.2508454872104963e-01	   9.0409964022734449e-02	   2.6828223040510052e-01	   8.7584148852437693e-01	   9.4017552080287836e-01	   5.1202914455999660e-01	   4.3064147951017540e-01	  -1.8635865155173525e-03	   7.4607034365327798e-02	   6.9165793256956032e-01	   5.0101275321108574e-01	   5.7783619699258781e-01	   7.4237081000559935e-01	   5.5608724419333488e-01	   6.4180543001313928e-01	   1.7832204346631711e-01	   3.2781185785562977e-01	   6.4939553613633960e-01	   5.7517903392689784e-01	   4.7652454291797752e-01	   3.4332731420448148e-01	   5.6027794234129291e-01	   3.4748044492793323e-01	   5.5254522193164657e-01	   5.9739671361071878e-01	   5.7569648805127871e-01	   3.8620237635558957e-01	   5.4776882173823394e-01	   5.7504254111905595e-01	   4.3861013412236288e-01	   7.0476156414917362e-02	
   2.6945175849264874e-01	   9.1408402123529311e-02	   0.0000000000000000e+00	   8.9497394654532048e-01	   1.2281110595352844e+00	   1.0070587124728150e+00	   1.4489200309686796e+00	   7.5469950575077194e-01	   1.3094249896436447e+00	   8.8287670060456092e-01	   2.7529746707893699e-01	   9.2957946355032586e-02	   8.3901831911955582e-01	   3.7604165416587071e-01	   1.0967445335444881e+00	   6.9293539406693772e-01	   1.5727640246474073e-01	  -4.5119119063774984e-02	   4.4651199793170249e-01	   2.3689831924937610e-01	   6.4038666847040848e-01	   5.2707235504229311e-01	   1.4540001572554082e+00	   8.4387547889225134e-01	   9.6504333187375557e-01	   8.6310206282331459e-01	   6.1951891303373241e-01	   7.5112419748154324e-01	   6.7076381748988179e-01	   1.5205569635113025e-01	   8.0193800461668130e-01	   7.2307421856651799e-01	   8.1900322086871280e-01	   5.6071034303821798e-01	   6.7808238487941708e-01	   5.7636418212122709e-01	   2.3358148222660563e-01	   2.5311657312625768e-01	   6.4765838301789347e-01	   3.8393170632109558e-01	   5.5924962079811147e-01	   2.3141170051609805e-01	   2.0417990816910150e-01	   5.0523842347449860e-02	   4.0190429969198860e-01	   1.5479084950284655e-01	  -1.7664511519663098e-02	  -2.6090745220314370e-03	  -1.8565573195478330e-01	  -2.5146089853532877e-01	   1.9013295621682958e-02	  -1.5677024441073076e-01	  -1.1557162736989654e-01	  -6.2944243917733046e-03	   3.7429884157124067e-02	  -8.8267965500095219e-02	   2.1577843377371936e-01	   1.0654766178613635e-01	   3.0138510644001476e-01	  -1.5303782673187466e-01	   7.4617300899020222e-01	   2.9789076275734061e-01	   1.9505215244126101e-01	  -2.9507281569112270e-01	   1.0737773154271992e+00	   6.3435942425971081e-01	   6.6993578587479441e-01	   4.6513413893989780e-01	   6.3310939591593729e-01	   7.0725318459240361e-01	   8.1307919159947684e-01	   3.7914601134961268e-01	   6.7667154699571930e-01	   2.3358317084089186e-01	   7.3586917051982070e-01	   3.7356509065642679e-01	   4.0291512710084593e-01	   2.3557485173817266e-01	   4.0947612490130236e-01	   4.0427791469239654e-01	   3.2977415706459801e-01	   3.4956024936129237e-01	   6.7049817731974004e-01	   4.4775622528043807e-01	   7.7535795164239263e-01	   5.5410204909720195e-01	   3.1365607234765680e-01	   2.8432154775218677e-01	   6.1082588508458291e-01	   1.3846179659744640e-01	   2.1830538459405055e-01	   7.1155772640045101e-01	   7.7111731490758584e-01	   1.0064809287702068e+00	   5.3944567715488612e-01	   4.4446996095830221e-01	   4.9684543835102435e-01	   2.9387662324990682e-01	   2.8450658789796232e-02	   1.0093439446536083e-01	   9.0709901583151753e-01	   9.7645003278880160e-01	   4.7683523577972897e-01	   5.1036122372534776e-01	   1.4864832371774339e-01	   4.9781729854368578e-01	   3.9865327837633191e-01	   4.6329715799959104e-01	   3.5581632699540588e-01	   2.5385769054641338e-01	   3.2998176569661664e-01	   1.9835793768041335e-01	   1.3018701490459972e-01	   1.8997908960028903e-01	   3.5792737900358562e-01	   4.3844196331479325e-02	
   8.7125612195444499e-02	   2.6688536016609608e-02	   8.9497394654532048e-01	   0.0000000000000000e+00	   8.2381913479927760e-01	   1.0646498438636964e+00	   8.2227383097139750e-01	   1.1053899468155475e+00	   9.1921723257935739e-01	   9.7293711395683546e-01	   1.5105781445223684e-01	   1.9682430097521325e-01	   4.7058128941725874e-01	   4.2238986771374071e-01	   7.0216145115682871e-01	   1.0226145848224710e+00	   2.8913637665084813e-01	   9.9973686386615371e-02	   2.5126469133797125e-01	   3.4751979260666760e-01	   4.1291587537599816e-01	   3.7573638663153164e-01	   9.7064082559133391e-01	   1.5180077485244650e+00	   4.5725331815979836e-01	   8.3732064853170562e-01	   4.7707941761041589e-01	   6.5696177996499572e-01	   5.4029078115025442e-01	   3.3303059337218965e-01	   6.1698251847648844e-01	   1.1184023693300356e+00	   9.8237278280656815e-01	   9.0629009540779459e-01	   5.6079275409756402e-01	   5.4379576162728172e-01	  -2.1373760081151112e-02	   7.2416800815923998e-02	   3.6202986984387764e-01	   2.0603906727805368e-01	   4.5489685321267087e-01	   1.7621961286559218e-01	  -8.3270999329471823e-02	  -2.8717225335816332e-01	   5.6194258666953288e-02	  -1.0842846254318153e-01	  -3.0453775672953720e-01	  -3.2598396277658015e-01	  -5.9679926214669632e-01	  -5.9861844267769182e-01	  -2.7961421481784948e-01	  -4.3721771622230943e-01	  -2.1174821251097653e-01	  -1.4953718143109412e-01	  -2.2948836796195987e-01	  -2.8710589691569760e-01	   3.4582717317616324e-01	   3.1286200178299051e-01	   1.4535044611458700e-01	   8.1793576771068809e-03	   4.5669027687934699e-01	   5.6425446836655191e-01	   3.8652553395536327e-01	   3.4187180210919774e-03	   8.6868944480104171e-01	   8.6471823682224436e-01	   5.3887876561203951e-01	   6.1773155996346896e-01	   7.2589817710559423e-01	   8.6906023622588813e-01	   4.0605961332275592e-01	   3.8214433519566782e-01	   4.3380207364626205e-01	   2.6203856743403431e-01	   4.4777963008457522e-01	   2.5437118065180153e-01	   3.3219705047916931e-01	   4.2339362636922401e-01	   6.5918182576751527e-01	   6.0006643827885098e-01	   4.9306033653151676e-01	   5.6299307217837369e-01	   7.2945709775950940e-01	   5.6161851510296235e-01	   7.1547155314393407e-01	   9.9483085093046597e-01	   5.4187907916244571e-01	   5.1647139535082598e-01	   3.1901341552583506e-01	   4.9871716718441587e-02	   5.4007746571803017e-02	   3.2043572695445799e-01	   1.0132782267488585e+00	   5.2399026157733508e-01	   3.3714251606402568e-01	   3.0810379556005218e-01	   2.0598318211421843e-01	   8.8057597161501910e-02	  -2.1574804260645131e-01	  -1.3327712147115800e-01	   9.4852496150951759e-01	   5.1492429718417232e-01	   5.1168843800707875e-01	   4.9046573483518785e-01	   3.1574851483417044e-01	   3.1499604900736750e-01	   3.3646347719979541e-01	   3.4732529026256870e-01	   1.7170480780615627e-01	   1.5199165093003575e-01	   2.5328043947730772e-01	  -7.7056636478749540e-03	  -6.8200591403517544e-02	   1.6074293435836159e-01	   3.7965090152739733e-01	   9.7239581509511244e-02	
   1.7922353123263893e-01	   1.2998741538414137e-02	   1.2281110595352844e+00	   8.2381913479927760e-01	   0.0000000000000000e+00	   1.2717014638494033e+00	   1.2049638807802407e+00	   9.5245089698529095e-01	   1.4400473396373386e+00	   9.3391080867252363e-01	   2.5691349312150363e-01	   2.4708920668563172e-01	   6.2450758756241953e-01	   5.2768165755184382e-01	   7.0936007263471090e-01	   7.7607448383343969e-01	   9.8524162922134520e-02	  -9.1456620642376030e-02	   3.2505914904311140e-01	   2.6132022267047006e-01	   7.5665882883483215e-01	   6.4759553618877130e-01	   9.6046638740130219e-01	   7.6088014501262380e-01	   8.3681515060625988e-01	   6.5967092475211986e-01	   4.1561449682168283e-01	   4.7869601160668251e-01	   8.3833367432378414e-01	   3.5249249406884864e-01	   1.1369368818478773e+00	   9.6991463468084160e-01	   8.1378133673314790e-01	   5.6054717579399416e-01	   3.0719583155216446e-01	   3.0006466924513719e-01	  -5.7372675325846320e-02	   1.1960578598778452e-02	   3.5730352289502004e-01	   1.7721134318756734e-01	   3.8728149231551168e-01	   1.2156837944659311e-01	   9.1540616097454827e-02	  -6.4821188701553803e-02	   3.4126945336492354e-01	   9.8648663665062281e-02	  -9.0215673722030418e-02	  -1.2009579745014574e-01	  -1.7216743255797637e-01	  -2.5188999279666058e-01	  -7.7188820594953259e-02	  -2.0775004904368594e-01	  -1.5117350842439850e-01	  -5.3199436765854043e-02	   1.2994013316943623e-02	  -1.4554419850182043e-01	   1.1009138799143227e-01	  -5.5598565930365919e-02	   3.5604431805552611e-01	  -1.2030259806078870e-01	   7.4304176750664852e-01	   2.9948431291465522e-01	   4.0464142814462728e-01	  -2.1032269177514937e-01	   6.0413879256403957e-01	   4.1264894763050525e-01	   7.0559947368267362e-01	   4.9983031289958757e-01	   5.8866941936097439e-01	   7.3690185881798975e-01	   7.7177808101452339e-01	   4.5520048958878695e-01	   7.4465500999141065e-01	   3.8787639844922928e-01	   6.6637689226233310e-01	   4.4048697846619345e-01	   1.4046366342208941e-01	   5.6886544875198786e-02	   3.4725905339167673e-01	   3.5757689425305494e-01	   2.2904712515939804e-01	   2.5726880710559918e-01	   4.3711488231597617e-01	   3.7045621776513954e-01	   3.4954006132774196e-01	   3.0736443329170310e-01	   1.1769721831665142e-01	   9.9618286231030917e-02	   4.7446942312505158e-01	   2.8496227726417439e-02	   2.5912213227877567e-01	   5.2575292836621657e-01	   5.6585819500840107e-01	   6.2346646580109633e-01	   3.0258215475810657e-01	   2.2182416076516220e-01	   2.6413913469444239e-01	   1.2932427300183078e-01	  -5.1959615337352348e-02	   7.5065197550871461e-03	   8.3128569016214748e-01	   8.1221363272763702e-01	   5.2749760354151798e-01	   4.3431459887968271e-01	  -3.5784245304988672e-02	   3.7245759016893271e-01	   2.9638482973234132e-01	   3.5922243812562499e-01	   1.4195933713089856e-01	   4.6340730584611779e-02	   1.0744455988355478e-01	  -3.8448545500037845e-02	  -7.9959359297788496e-02	   9.4485855415301998e-03	   1.3031760265239989e-01	   1.9015387233824943e-01	
   2.1530338444077249e-01	   1.2629672482797011e-01	   1.0070587124728150e+00	   1.0646498438636964e+00	   1.2717014638494033e+00	   0.0000000000000000e+00	   9.1967964423295179e-01	   1.0358698544257654e+00	   1.2999822985223621e+00	   1.4888519346108369e+00	   2.5761628144584686e-01	   2.9239656921610963e-01	   6.5124978898023267e-01	   5.9339882121145826e-01	   9.3830910921610533e-01	   1.0701107420163571e+00	   1.7446120800005566e-01	  -4.4057835859957137e-02	   3.3292630866128142e-01	   2.7420153743752423e-01	   5.8664917613941414e-01	   5.2430494876221578e-01	   1.0306031636948494e+00	   1.0018803550701767e+00	   7.1292776514556633e-01	   8.5534860331750706e-01	   5.3826199638314920e-01	   7.1533814451058231e-01	   6.3776778670543188e-01	   3.3637261707095367e-01	   7.7368121313607019e-01	   9.4525331522929545e-01	   6.9854783904893547e-01	   5.6677593808123483e-01	   4.5248852592824235e-01	   4.2368411366496528e-01	  -7.2706533133702858e-02	   1.5608487651509463e-02	   3.3803523806068808e-01	   1.5396209260208130e-01	   3.6112664675495565e-01	   6.3505615548942712e-02	  -1.1222682707755535e-01	  -3.0119876091985176e-01	   1.3339306518630992e-01	  -1.7270364033753191e-02	  -2.8516718500604099e-01	  -3.1536325548162880e-01	  -3.2739793011242696e-01	  -3.4163379106006336e-01	  -8.0557414199353597e-02	  -2.4028660908265473e-01	  -6.3081990264103549e-02	  -5.0591225056534864e-02	  -1.5609191501147725e-02	  -1.8904264505311483e-01	   2.6270249742826712e-01	   1.4070325529895039e-01	   4.0690798798724576e-01	   8.6101183697215658e-02	   7.2483603125430784e-01	   6.4110906869211925e-01	   2.2942135232890526e-01	  -1.6531709822826018e-01	   7.5692239655507076e-01	   7.3855162785943318e-01	   6.0335404719546570e-01	   5.9208068160594574e-01	   7.3917566917810940e-01	   8.6157826764408407e-01	   5.7450503968223421e-01	   3.2527761960932428e-01	   4.8772531810114067e-01	   2.4397275556637732e-01	   5.2545291039017084e-01	   3.1512101863434727e-01	   1.9594025728073108e-01	   1.7871007776803433e-01	   4.2253275844716964e-01	   3.7822808260853769e-01	   3.3216110230243023e-01	   3.4668580806219768e-01	   6.0836299387145343e-01	   4.2983466066595277e-01	   6.0139397775778802e-01	   6.7150184364718191e-01	   3.0183794575907680e-01	   3.6715141188625972e-01	   5.8909708767425084e-01	   1.8419347435579406e-01	   2.4438450163070713e-01	   4.2694236161650667e-01	   7.4768892112735152e-01	   5.3051416412971608e-01	   3.9096566071220462e-01	   2.6889986242788888e-01	   2.1563545541292267e-01	   1.1208521490969861e-01	  -1.5000145325309483e-01	  -1.1045021817453154e-01	   1.0213509479779956e+00	   6.6302559173199960e-01	   5.8921337813991348e-01	   4.6293974258518505e-01	   1.2569619735568022e-01	   3.3780067512421752e-01	   3.9528420134275155e-01	   4.5009986478041131e-01	   3.2856012224085962e-01	   1.5219984005874204e-01	   1.2841772464597251e-01	  -1.4755511944867161e-01	  -6.1156772344037276e-02	   1.6707581581946124e-01	   2.3013553099734918e-01	   1.1140221856276186e-01	
   2.7997519344066735e-01	   1.0767901595672884e-01	   1.4489200309686796e+00	   8.2227383097139750e-01	   1.2049638807802407e+00	   9.1967964423295179e-01	   0.0000000000000000e+00	   1.0951731702476126e+00	   1.4465548280036042e+00	   9.5613867644530870e-01	   3.8938994901405177e-01	   2.9328004182291878e-01	   1.0799422280890962e+00	   5.4643932401461692e-01	   9.1616076797517143e-01	   7.7082991923839761e-01	   1.8748565130181249e-01	   1.9878877587464054e-03	   4.5733033223898067e-01	   2.7641596203986452e-01	   6.2479266551391455e-01	   4.5519836482483839e-01	   9.6885015403165098e-01	   7.0701368393351305e-01	   8.1047539711545291e-01	   7.7982657250538645e-01	   4.5837534819658055e-01	   5.8366482440462852e-01	   8.2569464180105545e-01	   3.3735142286975034e-01	   7.7901251427180540e-01	   7.5002932881879625e-01	   8.9154694724677452e-01	   6.7812760317465282e-01	   4.6767022676958009e-01	   4.7543641621257726e-01	   1.8900299807602478e-01	   2.1543112631208231e-01	   5.8066260681448001e-01	   3.4170589975851345e-01	   5.6268895322111367e-01	   2.6200137518393274e-01	   1.5986388386476891e-01	   1.4667187495211127e-02	   3.3534404211448893e-01	   5.7193242291150581e-02	  -4.0322914395293667e-02	  -1.8401585124600522e-02	  -2.5160176572315551e-01	  -3.4771540131391054e-01	   5.1905265509503480e-02	  -1.9677774939216106e-01	  -7.2756887708421827e-02	   8.9185354948654455e-02	   4.1982220337187709e-02	  -8.4296385415595435e-02	   1.9682916932284916e-01	   8.2838481352061719e-02	   2.0020561796017194e-01	  -2.6521987598623298e-01	   8.3032333071445286e-01	   3.7878363411932670e-01	   2.7076933493099098e-01	  -2.0471511266783715e-01	   9.4230735112365360e-01	   6.0250680700625625e-01	   5.2749760464164186e-01	   3.8046330289871011e-01	   6.3384661791002594e-01	   6.8776605133197322e-01	   1.0333246547102659e+00	   4.1352679940888676e-01	   9.2891248267091631e-01	   3.4427319267777501e-01	   9.7541482113518052e-01	   5.5757454833310294e-01	   3.9276022826424917e-01	   2.4668342537793164e-01	   4.9811594443540852e-01	   4.3452020325489582e-01	   3.6104048090895535e-01	   3.3753074775438408e-01	   5.1795039100156393e-01	   3.9837259831918154e-01	   5.5946472855025520e-01	   3.9696472420802825e-01	   1.7192213163798217e-01	   1.0754294894999190e-01	   5.4476091747355326e-01	   5.0631575863002716e-02	   2.9532644200636177e-01	   7.2156964257754519e-01	   6.9960609839377930e-01	   8.4921688144252172e-01	   4.8972346501856268e-01	   4.1881597269276305e-01	   3.8290309880017870e-01	   2.1991889008699855e-01	   4.2720624034624108e-02	   9.5341841868514757e-02	   9.1555793460819335e-01	   1.1158355498345232e+00	   4.5374370438417766e-01	   4.8531831037998008e-01	   3.7394529591547307e-02	   3.6691203638984737e-01	   1.6896335002750695e-01	   2.0448273950853538e-01	   3.1223530063861005e-01	   1.2263456625359756e-01	   3.3334458407769335e-01	   1.7163428572299444e-01	   2.0121123647009459e-01	   1.2883462657809155e-01	   3.5250721215809633e-01	   1.9660270449720149e-01	
   1.6392035130453975e-01	   8.2850025909209021e-02	   7.5469950575077194e-01	   1.1053899468155475e+00	   9.5245089698529095e-01	   1.0358698544257654e+00	   1.0951731702476126e+00	   0.0000000000000000e+00	   1.0127294061630387e+00	   1.1680888851106368e+00	   2.8033780099332717e-01	   5.1528327491361359e-01	   6.4398336293053859e-01	   6.3778741489859492e-01	   5.6904054517025626e-01	   1.0101968729981303e+00	   2.5008236402568762e-01	   1.2388946315039327e-01	   2.7595615434085286e-01	   3.5629254433127311e-01	   4.5582731858862036e-01	   3.4051219131122457e-01	   6.8490983308870945e-01	   8.8323704444919937e-01	   4.5048112669656470e-01	   6.0234600702912411e-01	   2.1328731767203771e-01	   3.3592181861208520e-01	   8.5685510678657384e-01	   6.3438086155728957e-01	   7.8660269802211258e-01	   1.1603397195076726e+00	   8.9799060446719448e-01	   8.6012144881326880e-01	   2.4574737715752321e-01	   2.8736312531802799e-01	  -9.1804819038729918e-02	   5.4102908724121416e-03	   2.7136595273705699e-01	   1.4460491795573577e-01	   4.0203817581948409e-01	   1.4679389643231142e-01	  -6.4656162300084752e-02	  -2.0818396558728658e-01	   1.3450787912340495e-01	  -5.0788697268421293e-02	  -2.1421410741948008e-01	  -2.3898882675250571e-01	  -4.0809284630068066e-01	  -4.9406076285263473e-01	  -4.6668347336066014e-02	  -2.6597558904203733e-01	  -7.5118339074094695e-02	   2.4198486093820172e-02	  -7.2699337586170656e-02	  -2.1594704931141187e-01	   1.9436845408011383e-01	   1.0340938460104210e-01	   6.9360652385407090e-02	  -2.1792661203127281e-01	   5.7615484586256149e-01	   5.9937369624972392e-01	   4.0980678199649440e-01	   5.8442982708837618e-02	   6.5232099078773975e-01	   6.0926971856744783e-01	   3.6272382834406441e-01	   4.0873914826745544e-01	   6.2455004368131717e-01	   7.9323327478617267e-01	   6.0081606890342121e-01	   4.5600372945564788e-01	   7.1229044296240396e-01	   4.8943418224941382e-01	   6.4372628055657477e-01	   5.4427869351840130e-01	   2.3114303118003332e-01	   2.8020456901497648e-01	   5.4436415944133076e-01	   4.9846013159832336e-01	   4.1383466559258597e-01	   3.8844319888499207e-01	   4.3262047732857067e-01	   4.0547493194141010e-01	   3.8718922793426769e-01	   4.8635122553015619e-01	   1.9429793554084188e-01	   1.3024916391489097e-01	   3.2800783827554197e-01	  -5.8304333402448207e-02	   1.8566554341673408e-01	   3.4597047101198958e-01	   6.8143684262379045e-01	   3.6276815325898681e-01	   2.6891345990383353e-01	   2.4860940669046655e-01	   1.4175812448655822e-01	   6.1813687552338820e-02	  -9.4389779537046942e-02	  -1.0663298125666998e-01	   9.7088247141108697e-01	   5.9425768039209559e-01	   5.5187053308405498e-01	   3.8764772825739502e-01	   9.8102969288920566e-02	   1.8814464041663709e-01	   1.9561098704769098e-01	   9.5406349134662283e-02	   1.7539113125092434e-01	   4.5559754882367895e-02	   1.9703877820996124e-01	  -5.0556637813253341e-02	   2.6127683180362137e-02	   4.8341441327341972e-02	   2.6282410307306181e-01	   2.6087566651146671e-01	
   1.1753827553369195e-01	  -8.1132198322879842e-05	   1.3094249896436447e+00	   9.1921723257935739e-01	   1.4400473396373386e+00	   1.2999822985223621e+00	   1.4465548280036042e+00	   1.0127294061630387e+00	   0.0000000000000000e+00	   1.2806399057025120e+00	   2.2990504913487919e-01	   1.7320045573652157e-01	   8.5907564732457309e-01	   4.9301996400546388e-01	   9.0526727330268608e-01	   8.4605995539331713e-01	   1.0327055578083835e-01	  -1.0981836629963643e-01	   2.7434405260582412e-01	   1.3120392554986285e-01	   5.4742539489562736e-01	   4.2603700863418570e-01	   1.0580812454796582e+00	   8.2246977117208897e-01	   8.0839235423650924e-01	   8.7013654577316113e-01	   4.7562614629339206e-01	   6.2415491364199804e-01	   7.1374594996819285e-01	   2.4584102343843542e-01	   7.4184117246563097e-01	   8.0161790518504039e-01	   7.8025466485524198e-01	   5.6719312037135783e-01	   4.4789413757446533e-01	   4.5186909973580536e-01	  -1.0926290651522015e-02	   6.2955725363868370e-02	   3.7930933503306508e-01	   1.4951561045914102e-01	   4.2134293378781690e-01	   1.2006250274888586e-01	  -1.9436207342774504e-02	  -1.8930242801208755e-01	   2.0420106190166942e-01	  -5.0118279121015581e-02	  -2.1226131876358384e-01	  -2.2507678076575033e-01	  -3.5413268023234412e-01	  -4.0483689068369999e-01	  -1.0815084339735953e-01	  -3.0353819218592615e-01	  -1.6838261686374978e-01	  -5.7163934002876969e-02	  -1.0447864802201715e-01	  -2.5352399354990063e-01	   1.3092726331428639e-01	   2.7952500779290439e-02	   2.5208796457167248e-01	  -1.4925867796545514e-01	   7.5692472739974859e-01	   4.7685089775998135e-01	   1.7535936508005279e-01	  -3.1423160917849341e-01	   9.5399104449628802e-01	   7.0542235225121086e-01	   5.3347060654956224e-01	   4.3017114095230480e-01	   6.4655009018220555e-01	   6.7826073963415434e-01	   8.7024042601971996e-01	   4.0670099130959692e-01	   6.8720157184460695e-01	   2.2213701032376040e-01	   7.4479497680148610e-01	   4.1539187847341630e-01	   1.9514727917286195e-01	   1.0068239947116979e-01	   4.5237707857429194e-01	   3.7428836071732524e-01	   2.5138244516565045e-01	   2.7917178027943929e-01	   4.6231034611205535e-01	   3.6492862328168169e-01	   5.7783465792677269e-01	   4.9380640668303510e-01	   1.8137675619776286e-01	   2.0164752236420547e-01	   4.4061060723161871e-01	  -6.4028162794846667e-03	   1.9469178153969535e-01	   5.6506590816239455e-01	   8.0565484703993928e-01	   8.0524895300907551e-01	   4.2700867345449833e-01	   3.0261871428933956e-01	   2.8527488173581267e-01	   1.4086912550250480e-01	  -1.2608266277324795e-01	  -7.4918486654183714e-02	   1.0033192352857345e+00	   8.7280773360159303e-01	   4.0388367337202630e-01	   3.5962735094279419e-01	  -4.4327169688445509e-02	   2.6423666743173158e-01	   1.9599747821770813e-01	   2.7275528615551964e-01	   2.5061483669580559e-01	   4.7910491761194267e-02	   1.4391225847333780e-01	  -5.4666170775203561e-02	  -2.1418610993602424e-03	   1.0509543369260074e-01	   2.4271098786022183e-01	   1.4417146940938225e-01	
   1.5461549175569667e-01	   1.0169147919745071e-01	   8.8287670060456092e-01	   9.7293711395683546e-01	   9.3391080867252363e-01	   1.4888519346108369e+00	   9.5613867644530870e-01	   1.1680888851106368e+00	   1.2806399057025120e+00	   0.0000000000000000e+00	   1.8937444445011273e-01	   2.4568375755607985e-01	   7.0834535217572758e-01	   5.0928978854665952e-01	   8.0095090407596503e-01	   1.0091219339263391e+00	   1.6664723454407723e-01	  -3.1540748619683548e-02	   2.2445797541715598e-01	   1.5330341143362367e-01	   3.7830994444039212e-01	   3.1353029523650744e-01	   8.6428628501127203e-01	   9.1670598704156603e-01	   5.9514413401166610e-01	   8.8024586293657436e-01	   3.6451239652834710e-01	   6.0089589361796758e-01	   5.8836876261207982e-01	   3.0872774133279762e-01	   6.1382681916920090e-01	   8.4128089793975114e-01	   6.2539673380892147e-01	   5.5657126448743754e-01	   4.3021978130689764e-01	   4.1936211469081863e-01	  -5.6190695775443771e-02	   2.0554682067825316e-02	   2.9749456566468691e-01	   9.3304048274924903e-02	   3.6717512515570055e-01	   1.7518609968946289e-02	  -1.4629677891272652e-01	  -3.5273386122775019e-01	   7.7653903037699853e-02	  -7.8863590089486929e-02	  -3.0640102063552360e-01	  -3.9563572267010111e-01	  -4.0274610247230008e-01	  -3.9089726400157371e-01	  -1.0915836751110999e-01	  -2.4922545599993967e-01	  -1.2196014075958661e-01	  -8.3874933372315469e-02	  -7.3580911146975431e-02	  -2.2161745481145537e-01	   1.8153749238311245e-01	   9.1653985922066805e-02	   2.1532384452541889e-01	  -5.6812281755286950e-02	   6.3781642164804508e-01	   7.7198071467792040e-01	   7.7364841953452390e-02	  -2.6844708638720349e-01	   8.9382002556996309e-01	   9.3133695470355216e-01	   3.8644466349086576e-01	   4.3468124663649155e-01	   6.4061468241429564e-01	   7.3463354703925532e-01	   5.4343308570313953e-01	   3.6259588665188269e-01	   4.7580066673562310e-01	   2.1721892288712702e-01	   5.3282959354925508e-01	   3.8279109768650160e-01	   1.7349473578367278e-01	   1.6883832159298007e-01	   4.6057463630657336e-01	   4.0893008594081459e-01	   3.2089136278123026e-01	   3.1583624543316774e-01	   4.8878658245433854e-01	   3.3397453411256778e-01	   6.3809852837785863e-01	   7.0208164156954811e-01	   2.3549307329197505e-01	   3.2850376453263103e-01	   4.6070585268036823e-01	   6.6686097039298523e-02	   1.5467304655247152e-01	   3.5965121716415921e-01	   8.0536826470874867e-01	   4.6618864213274347e-01	   3.5604112632655627e-01	   2.4977134886661398e-01	   1.7878568574814876e-01	   7.8929347378176265e-02	  -1.5948544018694519e-01	  -1.5607315587148152e-01	   9.7526470941433407e-01	   5.8020674526868887e-01	   4.1923629566241311e-01	   2.9941885959326586e-01	   1.0933449837841744e-01	   2.1929712961192077e-01	   2.3744911267280294e-01	   1.8648841775164665e-01	   3.3664079389948853e-01	   3.1593158790886297e-02	   9.4225252547848970e-02	  -1.6850444648269791e-01	  -2.9083563630588810e-02	   1.7429486867646649e-01	   2.5373150881693163e-01	   1.0760502370574127e-01	
   9.5867252561656535e-01	   7.4948809879392442e-01	   2.7529746707893699e-01	   1.5105781445223684e-01	   2.5691349312150363e-01	   2.5761628144584686e-01	   3.8938994901405177e-01	   2.8033780099332717e-01	   2.2990504913487919e-01	   1.8937444445011273e-01	   0.0000000000000000e+00	   7.4290010834865283e-01	   8.8403253241239999e-01	   5.1374075683577325e-01	   4.8727656979679440e-01	   2.3744335961883678e-01	   6.7421840785815856e-01	   4.1941781302681147e-01	   9.0778952556265302e-01	   5.3054607154202593e-01	   1.7991849586251674e-01	   7.8894763205531751e-02	   1.0258964428867709e-01	   6.3155608001507439e-03	   1.3806462782540516e-01	   1.0179320144900922e-01	   1.1015243874280869e-01	   1.4387318215889999e-01	   4.6065675565399899e-01	   4.3852215612521361e-01	   1.7790213629423457e-01	   1.2643942401776331e-01	   2.6506108337929024e-01	   2.4072317763659762e-01	  -7.5634729817270424e-03	   2.6705497703307858e-02	   3.2546803031663940e-01	   2.3221493641617080e-01	   2.8148258602391957e-01	   1.5448477435354430e-01	   3.4179065539321207e-01	   1.6267232206130605e-01	   2.2538998733885990e-01	   1.2517999854002002e-01	   2.1319620785267734e-01	   1.4407970861058014e-01	   2.5978644568641157e-01	   2.4436878829912240e-01	   1.9378454042976817e-01	   1.2263433179702833e-01	   2.3402538760765290e-01	   9.4954315357882124e-02	   2.2188758503985900e-01	   2.2525103985225950e-01	   4.2163308212738437e-01	   3.6162522905802363e-01	   5.5610729364524591e-01	   3.7887209702436392e-01	   2.1480149914107680e-01	   4.5156105359111062e-02	   5.6057104620183618e-01	   1.5311316082801263e-01	   4.4633979026980830e-01	   2.4294358179259662e-01	   1.2368050887829980e-01	   2.2993213028871312e-03	   1.0792795409399648e-01	   8.2783970905331850e-03	   6.2025892410990779e-01	   4.1003926881453562e-01	   2.5237262258778514e-01	  -1.3768849613777451e-01	   4.9861860962291921e-01	   3.3368984992044465e-01	   5.4568019737125573e-01	   3.8147118839905575e-01	   6.4604994063073473e-01	   4.5809827713416562e-01	   3.2659101139414204e-01	   2.8087115454920941e-01	   5.2953359968214964e-01	   3.9485017810263306e-01	   3.1479601252009021e-01	   3.0074106634432174e-01	   3.5799219854036057e-01	   8.9405798685679660e-02	   2.1925693930476506e-01	   1.1265375129920766e-01	   5.7521342401544717e-01	   4.0785927203204336e-01	   5.4374429361017240e-01	   6.2553380826857274e-01	   2.6237066603776681e-02	   2.8004029328428476e-01	   5.8694000428403370e-01	   4.0352505925524568e-01	   4.1333955943149758e-01	   4.4831044138766535e-01	   4.5097803626779559e-01	   5.4990432374343712e-01	   2.5744033791866777e-01	   5.9434921053012069e-01	   6.0859402948359353e-01	   8.3400104047886081e-01	   1.3754351629317335e-01	   1.4905701672987962e-01	   3.8719674646772945e-01	   3.4270742125939113e-01	   4.5859570707099195e-01	   4.7288962249023225e-01	   5.0079961072449075e-01	   4.4862720743751638e-01	   5.5229826972195450e-01	   4.2403567702927664e-01	   3.6491719669714162e-01	   2.7117900954561591e-01	
   5.6498384921757505e-01	   7.1145281547907058e-01	   9.2957946355032586e-02	   1.9682430097521325e-01	   2.4708920668563172e-01	   2.9239656921610963e-01	   2.9328004182291878e-01	   5.1528327491361359e-01	   1.7320045573652157e-01	   2.4568375755607985e-01	   7.4290010834865283e-01	   0.0000000000000000e+00	   4.6207259143443735e-01	   1.0040328666781602e+00	   3.4683510608548107e-01	   5.1999827265183063e-01	   4.4453864642506313e-01	   4.5598380777996161e-01	   3.2521746063267193e-01	   5.6993824070142396e-01	   3.5896452909035537e-01	   2.1343052357036005e-01	   6.1810361138603560e-02	   6.4798386384604112e-02	   1.0487370635197096e-01	   7.4530837519353854e-02	   9.4746469184313384e-02	   7.2489636348099698e-02	   6.3742973485862120e-01	   8.8899071994623147e-01	   3.7073038280436160e-01	   3.6956708667030336e-01	   3.2575537617160599e-01	   3.7419580828285331e-01	  -1.0264578755923422e-01	  -6.5217580554872590e-02	   4.2714058290735601e-02	   4.2643901260659749e-02	   1.9190017522981928e-01	   1.5653518950387996e-01	   3.3138821742389957e-01	   2.4185916937017651e-01	   1.6776233593708634e-01	   7.2629198093615441e-02	   1.5749822171316030e-01	   1.3433689127403386e-01	   1.7832548355822656e-01	   2.0937228294089408e-01	   2.1322571609477498e-01	   1.4198138622723247e-01	   3.2626539676732469e-01	   2.6770386791180933e-01	   3.2250847879701239e-01	   3.5636100354048877e-01	   4.5902456447750994e-01	   4.0488475585651257e-01	   4.3138196966120962e-01	   3.6663065214089602e-01	   2.7132267019692391e-01	   1.6243789705909401e-01	   6.1933777215044039e-01	   3.3858927504959574e-01	   5.7052109257922290e-01	   7.3817340124294129e-01	  -1.8825050685026618e-02	  -5.2591445062945837e-02	   1.3699840213171449e-01	   1.2475074270014774e-01	   4.5638626513368169e-01	   5.2791028807385476e-01	   2.2066032761212190e-01	  -4.2086970018455058e-02	   3.5565707117215667e-01	   4.9060426873734153e-01	   2.9049847861326777e-01	   3.0744863521762000e-01	   2.5706325362919996e-01	   3.3866703304388662e-01	   4.2995275077204786e-01	   2.2363377076412932e-01	   4.3303353809064893e-01	   3.0947418971165847e-01	   2.7900291975088970e-01	   3.7977706103426234e-01	   1.2130841589096490e-01	   7.4000708532948545e-02	  -2.2720322492427059e-02	  -5.0637688901827384e-02	   4.7440811389193410e-01	   3.9119342969499582e-01	   4.7756544696131858e-01	   2.2500920019451975e-01	  -4.3853302735083359e-02	  -7.6730674874544713e-02	   2.5628407010408211e-01	   1.5494516347443807e-01	   1.7021475379528223e-01	   1.8547802280336309e-01	   3.4102443509557434e-01	   3.0226514345067074e-01	   3.3271732789918657e-01	   3.5237378943300557e-01	   6.6669892641956419e-01	   4.4669052655283159e-01	   1.3007776874349680e-01	   1.6079890373007527e-01	   4.9975674284010307e-01	   1.6638206373295333e-01	   3.7553778374472030e-01	   2.3804124919093855e-01	   2.9830030992907269e-01	   1.8908711162976444e-01	   2.9980222985192018e-01	   2.8307634953038097e-01	   2.4249619294952826e-01	   3.6618857497801666e-01	
   6.6343835165854215e-01	   5.2011455206167323e-01	   8.3901831911955582e-01	   4.7058128941725874e-01	   6.2450758756241953e-01	   6.5124978898023267e-01	   1.0799422280890962e+00	   6.4398336293053859e-01	   8.5907564732457309e-01	   7.0834535217572758e-01	   8.8403253241239999e-01	   4.6207259143443735e-01	   0.0000000000000000e+00	   6.3168228805962157e-01	   1.1651507729215356e+00	   5.8895553098492048e-01	   4.2321879259910500e-01	   2.3368904054774042e-01	   7.5501161128781424e-01	   3.7049784968280802e-01	   4.0891527060127447e-01	   2.6222137533962780e-01	   5.9533095354091814e-01	   3.6572711708336825e-01	   5.4987355605403287e-01	   6.1788315145202666e-01	   4.5983248555845946e-01	   5.8240675555070498e-01	   6.5917195821415375e-01	   3.9399015261493647e-01	   4.1265399539259856e-01	   3.7767659979800949e-01	   5.9289249906702213e-01	   5.0606936786303436e-01	   4.3450070287754294e-01	   4.4305749667331024e-01	   4.0494401556912024e-01	   3.8695929190243872e-01	   5.9324083245958470e-01	   3.5034565611911428e-01	   5.8775709617025129e-01	   2.9664220351064602e-01	   1.4322491708482091e-01	   3.3164038669835215e-02	   2.7760975731274534e-01	   9.8591991389289341e-02	   2.9937237692289481e-02	   8.2297118425463583e-02	  -1.1773964329207416e-01	  -1.5549237937911956e-01	   2.0693266125410711e-01	  -5.4026924220470264e-02	   1.0938398061400992e-01	   1.8849223615881758e-01	   2.1610738497276771e-01	   1.1214644939687662e-01	   4.6756674889716854e-01	   3.7253178830841549e-01	   2.5610633260193238e-01	  -1.0186406433160815e-01	   8.9768537906681145e-01	   4.0752269930406876e-01	   1.3555413767640967e-01	  -1.2350987073917584e-01	   7.2828219474968792e-01	   5.1858657283039133e-01	   3.4047811305622916e-01	   2.6113259475090511e-01	   7.2735190101332936e-01	   6.1151831879451535e-01	   7.3820386980932950e-01	   1.5208710785671198e-01	   7.4643907583913327e-01	   3.1421956455658601e-01	   9.5331382963979383e-01	   5.5267055056189873e-01	   6.7239073144406891e-01	   4.3327456999770114e-01	   5.0271780332709193e-01	   4.7613476584313419e-01	   5.5854734083510083e-01	   4.8310248577284803e-01	   5.5896503836804878e-01	   4.4960436376873902e-01	   7.6050718826333219e-01	   3.9328014769137132e-01	   2.9909182172572402e-01	   2.5512286646211491e-01	   7.5461196737007696e-01	   2.9501454388389209e-01	   3.7200961758572909e-01	   8.1112705861991063e-01	   4.7037563748154598e-01	   7.6619614130686231e-01	   7.8194405644273624e-01	   5.7081253542886812e-01	   4.8641760120364980e-01	   4.1964456494908908e-01	   1.7371466283574435e-01	   2.4416650210321500e-01	   7.0913987466079420e-01	   1.1053496898650863e+00	   5.2840513914780929e-01	   6.3127924828489412e-01	   1.1246549280902371e-01	   2.7150327317917433e-01	   3.0730971902614285e-01	   2.5925610554215783e-01	   5.8153449453299710e-01	   3.4274229193245603e-01	   4.5001765790902770e-01	   3.0649342721329065e-01	   4.6813743151152376e-01	   3.2332361870072895e-01	   4.3117146970293008e-01	   1.4682479643718865e-01	
