   0.0000000000000000e+00	   1.1548803152765281e+00	   4.0312378238803581e-01	   4.7441981969761071e-01	   4.3878797575602446e-01	   4.8307470892860105e-01	   8.4871849713455849e-01	   6.8446072665902269e-01	   3.1897258811972973e-01	   3.9482928115772936e-01	   1.0496974247048583e+00	   6.0490958096092595e-01	   8.9165542952408738e-01	   7.4422595555670801e-01	   4.4598382713952844e-01	   5.5496261706473571e-01	   1.2218430321583154e+00	   1.0735694712375412e+00	   8.0386917650342127e-01	   6.3000411136565915e-01	   3.0780816404960939e-02	   2.4974752240847886e-01	   3.1456273439307331e-01	   2.8380894363811704e-01	   3.7437585018512221e-01	   3.5670591883630265e-01	   3.9398545027197152e-01	   5.5931498552430126e-01	   9.7887127765781146e-01	   8.9687838700848910e-01	   2.1265817011352667e-01	   1.8860055450187316e-01	   6.0300029073568984e-01	   5.9592741064983279e-01	   1.7138250128621402e-01	   3.1467998898935973e-01	   7.1308823628988116e-01	   6.2694738662872818e-01	   7.7261605722224902e-01	   8.8915569398714767e-01	   9.7359970064735624e-01	   7.4802375788839937e-01	   3.6882546689524676e-01	   2.9948211216515275e-01	   5.2409107451288905e-01	   5.0392128533982217e-01	   5.6237367798127402e-01	   5.3907652474038981e-01	   5.5582216598651912e-01	   3.8026609049647331e-01	   5.4696206498252797e-01	   3.9762597555760543e-01	   8.0756667897477930e-01	   3.9625411047097225e-01	   1.1993248152650946e+00	   7.6724432266415343e-01	   1.1780050460235163e+00	   1.0683864610219973e+00	   1.0258312086632346e+00	   4.9871838701727911e-01	   8.2682574889379101e-01	   3.2407015566616620e-01	   5.2308197084293984e-01	   5.0224291426324830e-01	   1.0519097768580597e-01	   1.1933060259799337e-01	   4.3706301345020010e-01	   3.5839456505029427e-01	   5.5611788949233576e-01	   5.5051148017837992e-01	   4.3907181005158180e-01	   3.1827595753205384e-01	   1.0239712890025090e+00	   9.4141478411093416e-01	   9.3014219352899685e-01	   8.4024809780745313e-01	   1.1406263835277766e+00	   8.6845733003540082e-01	   1.0941427684997069e+00	   9.3722014265557352e-01	   1.1422275641470727e+00	   1.0232067934754387e+00	   9.1659906950216030e-01	   7.3029959207237960e-01	   4.9175340720316507e-01	   5.4113630455261585e-01	   7.1914601005003431e-01	   6.6438396291422663e-01	   6.6657195110073031e-01	   6.0336607005441856e-01	   4.1404017154860645e-01	   4.2511950381701596e-01	   1.2494580631678522e-01	   3.8497944633089914e-01	   3.6424682198891623e-01	   2.2849623211236852e-01	   7.0872128201203921e-01	   7.0762226044726473e-01	   7.3511581325889297e-01	   8.0841373761660185e-01	   4.1360947488320238e-01	   5.4399317902219602e-01	   4.7143798173588264e-01	   5.5474327158847248e-01	   5.9261062184734881e-01	   5.8540958127458753e-01	   1.3126117942701077e-01	   2.1112721070183010e-01	   2.9436543172421847e-01	   4.5464464531824467e-01	   5.3682759475415098e-01	   4.7222953353290009e-01	   5.3124428039388805e-01	   5.9849191717899897e-01	   3.5020632501994392e-01	   1.8376096235527373e-01	
   1.1548803152765281e+00	   0.0000000000000000e+00	   2.6220442968413515e-01	   5.8454876893678909e-01	   4.9233764567644545e-01	   5.6058705277305099e-01	   5.3747482187957252e-01	   7.1567323101727931e-01	   4.6985266754283878e-01	   6.7731706420726057e-01	   8.6855544090357872e-01	   9.5784755911717745e-01	   8.2381234497631128e-01	   9.9779745399527853e-01	   6.1361007292150782e-01	   7.0819921148785192e-01	   1.0704447015532497e+00	   1.3674808350892402e+00	   6.8622996138328829e-01	   5.4919440133463548e-01	   1.5016346001767356e-01	   3.9577494453689033e-01	   3.8451321848216591e-01	   4.3076463770772905e-01	   4.3673967151405990e-01	   4.0943475943503094e-01	   5.6870404419428533e-01	   7.1025779178765658e-01	   9.0107237572875787e-01	   9.3630062678027970e-01	   2.9384319157693861e-01	   2.4317645090058868e-01	   4.7400635513432354e-01	   5.3634270063423928e-01	   1.2211658402212427e-01	   2.8298557136478603e-01	   5.6575680913659110e-01	   5.4007969066558381e-01	   5.7745887249779537e-01	   8.9898394185735209e-01	   8.0696872048439749e-01	   7.8420232515642285e-01	   3.1154812305070517e-01	   2.7540292364836350e-01	   5.5442347670712044e-01	   5.6509303364670560e-01	   4.9477259203515750e-01	   5.2332623434834991e-01	   4.9036051669561243e-01	   5.8219158983750152e-01	   4.1485460715806177e-01	   4.6426478356147111e-01	   8.3704004045664326e-01	   6.4272133428193456e-01	   8.5096606093133342e-01	   8.2143695728902211e-01	   1.2879583125337495e+00	   1.5820716388286296e+00	   5.7251887050698269e-01	   7.5700910618613360e-01	   7.0030805266795670e-01	   6.8983904986791322e-01	   2.0768444071405698e-01	   7.5519094297620237e-01	   2.0040987157864629e-01	   1.6458599967329557e-01	   1.0517953166365360e-01	   1.8918353470164562e-01	   4.7476273277490438e-01	   4.5833006271315690e-01	   3.4034311537861178e-01	   3.1836663000437865e-01	   7.9896254475512263e-01	   1.0111512155199875e+00	   8.4578335165476770e-01	   8.7912921645412723e-01	   7.4524983355740670e-01	   6.9197196881472967e-01	   1.0815967943265319e+00	   1.1295007780869084e+00	   1.1160445622112378e+00	   9.6291039370951359e-01	   1.1205573627638024e+00	   8.8602597664794847e-01	   4.3706766901499544e-01	   4.1602735429948945e-01	   8.7326934575847326e-01	   7.8276959520423439e-01	   4.6499348904106003e-01	   8.0952155703934336e-01	   2.9918351179651087e-01	   3.8398385568754756e-01	   1.8490039931768468e-01	   2.1183112886597269e-01	   2.3656301659961798e-01	   1.4348220799228373e-01	   5.4669012824278651e-01	   6.5809925605229969e-01	   5.9512271078484313e-01	   6.1947520363642450e-01	   4.5874367982765657e-01	   2.2464286927520641e-01	   2.3486820923850515e-01	   1.6072381587610740e-01	   4.2345645113523844e-01	   3.9240170411380082e-01	  -5.2660865024105614e-02	  -1.4934240338519275e-01	   2.6537473804032075e-01	   2.2156955865228362e-01	   3.9619775202554186e-01	   3.9672697202366519e-01	   4.9867594155425160e-01	   7.1434240410702377e-01	   4.2195655028900619e-01	   1.2255804643952996e-01	
   4.0312378238803581e-01	   2.6220442968413515e-01	   0.0000000000000000e+00	   7.4042931464147588e-01	   7.7884370505127465e-01	   5.0536165980049896e-01	   1.0339670311456350e+00	   5.9581068854647612e-01	   4.6684055383076756e-01	   2.6003327634474560e-01	   3.0340552376516366e-01	   1.2291806470903668e-01	   5.0359280658164418e-01	   3.5577198746004024e-01	   6.9012123963884187e-01	   6.5367488424042786e-01	   4.9042083524060176e-01	   4.4409502588034000e-01	   4.9215973407933111e-01	   4.3534142111578000e-01	   4.8513476976249181e-01	   5.7653141039598288e-01	   1.0420114544051864e+00	   7.9607675417532053e-01	   1.0585852167326917e+00	   9.2622385233704219e-01	   7.7837721825841688e-01	   6.2916986933122099e-01	   4.0316920285159441e-01	   4.4502980913537582e-01	   6.9546271018347239e-01	   6.4093775407269993e-01	   5.6318685733395557e-01	   6.3136318155494320e-01	   6.2721569839644153e-01	   5.7416286965472463e-01	   7.3460183726058037e-01	   6.7318481722078005e-01	   9.5295225544959072e-01	   8.4370354966772476e-01	   6.3085328050511214e-01	   5.8977796637235580e-01	   2.6269087834121596e-01	   1.7360290830022554e-01	   4.8349375917295800e-01	   4.3761262766837700e-01	   3.2371559970791142e-01	   3.9980298130108016e-01	   3.2374108229438470e-01	   8.5101442474619232e-02	   4.0722503095640089e-01	   1.2450754925942145e-01	   1.8267893394940610e-01	   1.9163803739884125e-01	   6.3361054100447778e-01	   4.6451924935322747e-01	   4.7720128890998015e-01	   3.7318685052004363e-01	   3.4566802604530972e-01	   1.2789850513998346e-01	   2.8939247717827804e-01	   2.2276949750549896e-01	   1.8356592903178376e-01	   1.6979461109248706e-01	   7.3577178128726972e-01	   5.7243820126094636e-01	   5.3649566858289099e-01	   4.9822973186134506e-01	   5.0062293563641214e-01	   4.2042387159932459e-01	   5.0095439063610414e-01	   3.4070400728793659e-01	   3.5590969274940809e-01	   3.6309106071945885e-01	   3.0682772509964085e-01	   3.1064803502341271e-01	   5.0660076691773459e-01	   5.1887769833516018e-01	   5.7384431500273214e-01	   5.1342597665719159e-01	   6.0693248920480880e-01	   7.3679966011489362e-01	   6.0788408723804044e-01	   5.6132613809448428e-01	   7.3602017305103495e-01	   7.4795501846390555e-01	   6.1082763302693965e-01	   6.8071919199723674e-01	   1.0167097763119202e+00	   4.5830179473892574e-01	   4.4912732290849761e-01	   5.8729231993126840e-01	   4.2029751199201915e-01	   8.8427840743925412e-01	   3.1241735136360432e-01	   3.1481220905056145e-02	   6.4648354951550768e-01	   5.4605384513160637e-01	   3.5045857717294776e-01	   4.0123326569832235e-01	   3.4820864731975981e-01	   6.1962456370396646e-01	   3.2473770640729355e-01	   2.5863514881912147e-01	   2.8065137627520365e-01	   6.4588567480554937e-01	   1.7062157211451567e-01	   2.9846389404714946e-01	   2.7651772107293032e-01	   2.1183817009394545e-01	   6.8682727234886420e-01	   2.3687691122114718e-01	   1.8952044682841468e-01	   2.1553819174559474e-01	   2.9132256101481302e-01	   3.5605364081426766e-01	
   4.7441981969761071e-01	   5.8454876893678909e-01	   7.4042931464147588e-01	   0.0000000000000000e+00	   6.5947628220870658e-01	   9.0375048119523915e-01	   5.7323485714029876e-01	   1.0883389152110747e+00	   7.3552354721369029e-01	   9.5459376256267037e-01	   3.7246086070021212e-01	   5.5008404879537731e-01	   4.9848178440309315e-01	   5.8082031184694183e-01	   6.1737643328717484e-01	   7.6709233377445796e-01	   5.6869116299129951e-01	   6.0315265512862393e-01	   2.5733619848585421e-01	   3.6414798040397706e-01	   4.3343790621585093e-01	   7.5898347759433160e-01	   6.3280533364305658e-01	   9.3616253254709814e-01	   7.5909602992301628e-01	   9.3888344678219371e-01	   9.7791564029727374e-01	   1.0737919008899561e+00	   4.2226315312268675e-01	   4.9834923666363989e-01	   5.6981997611035373e-01	   5.9538404277121426e-01	   3.4638683942356091e-01	   5.4041347317873545e-01	   5.3296877191820413e-01	   6.7844456014839849e-01	   4.7231239773648748e-01	   6.0573886507657726e-01	   5.9165252693137071e-01	   7.9415704979380219e-01	   5.1042127616130251e-01	   5.5528866715914948e-01	   2.1002947253816159e-01	   1.3094280292673677e-01	   5.0794495597798273e-01	   4.8859123217721090e-01	   3.1708322661262950e-01	   3.9525951056052366e-01	   2.9260331658236832e-01	   4.2110582835056914e-01	   3.5098600828768467e-01	   3.0768953281493144e-01	   4.2610769148745820e-01	   5.7020196158659031e-01	   5.7186519837410055e-01	   5.4572568584953696e-01	   6.5650435179336553e-01	   5.4991602345031076e-01	   4.0812276515819312e-01	   6.1121721574250432e-01	   4.0598652749676634e-01	   8.7281469057665462e-01	  -7.2855136317298341e-02	   3.7165996121512257e-01	   6.8157819842845235e-01	   7.6305546840866922e-01	   2.1778658460322825e-01	   3.9702372519887263e-01	   4.2188124956243139e-01	   3.6313219139298203e-01	   2.3642126428957241e-01	   3.5170114161974453e-01	   3.0025132598945992e-01	   4.3982293033477493e-01	   2.8202012786422459e-01	   3.8341310449073079e-01	   4.1987185319092768e-01	   4.8017940479408194e-01	   6.7838831979579584e-01	   6.0278213386262247e-01	   5.8009635074642096e-01	   6.5257098075712339e-01	   8.2716234246765830e-01	   7.0685486034855793e-01	   5.7754309649298463e-01	   6.0730752659684661e-01	   6.1514837385946119e-01	   6.6403352797041004e-01	   8.2520977377626481e-01	   9.8425641853822654e-01	   6.5520669763384476e-01	   6.0005408927747750e-01	   6.8161879572249140e-01	   6.1843069608722800e-01	   1.2202120086889538e-01	   4.5298458451241884e-02	   3.4394219292618733e-01	   3.1246009925910240e-01	   4.4391359839539679e-01	   3.6677937652752557e-01	   7.7624827086862247e-01	   4.2875699473621010e-01	   3.8370885097023927e-01	   1.9738263170564013e-01	   3.9394302552188015e-01	   4.6624967089534908e-01	   1.1618774210543853e-01	   5.7493323827514944e-02	   4.0750509894890563e-01	   6.8977905215286156e-02	   4.3104957871361871e-01	   2.9486917614442587e-01	   3.0172845204415705e-01	   3.3674491161767228e-01	   3.3997343548641362e-01	   1.8510199285292550e-01	
   4.3878797575602446e-01	   4.9233764567644545e-01	   7.7884370505127465e-01	   6.5947628220870658e-01	   0.0000000000000000e+00	   1.1076817254965208e+00	   5.8243466685781919e-01	   8.4764452028457504e-01	   5.9226572900752239e-01	   5.0913343617028839e-01	   3.1914087213145509e-01	   4.6290365632764496e-01	   3.4705777376993641e-01	   5.4432051010460125e-01	   7.0430637736920665e-01	   7.6749738609282647e-01	   4.7482427878219746e-01	   6.3852833736364134e-01	   5.7887896031816011e-01	   4.6016040308318618e-01	   3.6000392611215248e-01	   5.2490574031400683e-01	   7.5951769104910849e-01	   6.4423867881448715e-01	   8.4763438706564820e-01	   8.5728269713487559e-01	   1.1718829984319936e+00	   8.5778471936820133e-01	   4.9171569925202363e-01	   5.1975287263671843e-01	   7.2479076678477761e-01	   5.7590719809930813e-01	   5.3700192086657450e-01	   5.7774911268547091e-01	   5.4174320404771548e-01	   5.6423502413571747e-01	   5.5852389726256724e-01	   6.2440923647306978e-01	   5.9735424947342097e-01	   7.4338105386144526e-01	   4.9662130614996014e-01	   3.8292701376923188e-01	   5.4728365591060923e-01	   4.8035531757348682e-01	   9.8743780475445353e-01	   9.4726351163294831e-01	   6.9018028159122713e-01	   7.4943429899406311e-01	   6.6137869307149721e-01	   6.2260259772207793e-01	   6.2108655026790593e-01	   5.5294465405727311e-01	   6.1586464789753670e-01	   5.7885428230691038e-01	   7.7607674443336205e-01	   8.1272919366158280e-01	   5.1692570666091653e-01	   5.2896683337753347e-01	   3.7054604681259773e-01	   6.7464145732781466e-01	   2.9230330965052070e-01	   5.5961032132284205e-01	   1.3436350279795317e-01	   4.9914126935912528e-01	   5.6425358844293272e-01	   4.1934499162551331e-01	   5.9611260824387236e-01	   7.6809717028046742e-01	   4.2103565770184037e-01	   2.7990018093656477e-01	   3.4413115778025510e-01	   4.0699132797357424e-01	   3.5184454862364178e-01	   4.0461486722002982e-01	   3.3102032550439497e-01	   3.5944959014624150e-01	   5.6829097353251634e-01	   6.7402232394461536e-01	   5.4053502711897727e-01	   5.7715211539981615e-01	   6.5374771746475580e-01	   7.0637294439213238e-01	   9.2160495821079569e-01	   6.4112730812044638e-01	   7.1404179406639634e-01	   6.9060904472291695e-01	   9.2605430301359304e-01	   8.2808544937943585e-01	   6.7361915965575336e-01	   6.7494139604019643e-01	   6.0273701906272559e-01	   7.8163893843578802e-01	   3.8905397718955265e-01	   4.6397924787178724e-01	  -1.2732182230056224e-02	  -2.5624758706111289e-01	   5.8009040968377501e-01	   4.9332029569106006e-01	   7.5704068430971683e-01	   7.0326274050638471e-01	   5.4148778461870328e-01	   1.8036745968202880e-01	   5.5096410608885882e-01	   2.3830263694176934e-01	   4.6886115715101612e-01	   5.9706668300144172e-01	   4.5817259319157183e-01	   1.3480834098906685e-01	   1.0821970429476571e-01	  -4.2752746566662161e-03	   6.5622333895954899e-01	   5.0285770717632972e-01	   5.2826728673039303e-01	   4.6862331343571395e-01	   2.8864146298537247e-01	   7.4265951280900161e-02	
   4.8307470892860105e-01	   5.6058705277305099e-01	   5.0536165980049896e-01	   9.0375048119523915e-01	   1.1076817254965208e+00	   0.0000000000000000e+00	   5.7503912102085553e-01	   1.3438053435908788e+00	   7.2715556532731274e-01	   9.0626534604682862e-01	   3.8707685715699502e-01	   6.6205184288611152e-01	   4.0878185356384500e-01	   6.0014156947138064e-01	   6.2081687441714040e-01	   7.2065791541491186e-01	   5.4549813831110971e-01	   6.7270391333470847e-01	   4.6263572831624755e-01	   4.4851032116221456e-01	   2.2266484012083218e-01	   5.7634106046686462e-01	   3.7135787604825760e-01	   5.0338837822528659e-01	   4.7206331841029536e-01	   6.4643563593147835e-01	   9.0127897241438693e-01	   1.1891180344408443e+00	   6.2386486880654235e-01	   5.7333786730809722e-01	   4.6926334221322008e-01	   4.2604557320921194e-01	   3.6314272666398234e-01	   4.6970478015246175e-01	   3.1269331648481091e-01	   4.8036778061430274e-01	   5.3279348006711558e-01	   6.3985243708644335e-01	   5.3327960774786265e-01	   7.0277141654949338e-01	   5.1023409064990655e-01	   4.8209861157897316e-01	   4.8348000950317960e-01	   4.1090662424705565e-01	   8.8899573817543631e-01	   8.7775542220360980e-01	   6.1640485279669799e-01	   7.1801343675489682e-01	   5.0346666250475502e-01	   7.0614446085345550e-01	   4.2080404501424218e-01	   4.6423062167229762e-01	   6.5624464678611316e-01	   7.9231089020441048e-01	   7.3383992966625233e-01	   7.7078642527624186e-01	   5.7688261573394672e-01	   4.7179711778294015e-01	   4.0119651074009277e-01	   8.8996063438457607e-01	   3.8664141116898265e-01	   7.7596826754551884e-01	   1.1965273643059557e-01	   6.1631698669262935e-01	   2.9193388799964898e-01	   2.9131282757917421e-01	   3.6912659352126265e-01	   6.1112158946958883e-01	   2.2623875282317418e-01	   9.0870914575942471e-02	   2.3065901403486380e-01	   3.8221160085415606e-01	   3.3303745955937580e-01	   4.3558552933613581e-01	   2.6456690376982228e-01	   4.0175832814695200e-01	   4.2091537249816813e-01	   5.9467786034091874e-01	   5.8468318005747966e-01	   5.1499345262195506e-01	   6.5913617623716036e-01	   6.6252422613246709e-01	   9.6820295134297174e-01	   8.1020055041403394e-01	   3.9070306340840832e-01	   4.5261823111267613e-01	   7.3819508865868111e-01	   7.3712776194556306e-01	   5.1700023708835263e-01	   8.8216462457184308e-01	   9.6638409917423096e-01	   8.3315363727117697e-01	   5.9304723480401111e-01	   5.1956687821196024e-01	  -1.6997223380322696e-02	  -1.9610081520857497e-01	   4.0377883230668599e-01	   3.1310326867811700e-01	   8.6823912233185863e-01	   7.4047027788028474e-01	   8.8219377140115562e-01	   3.4949010596706420e-01	   7.2102054140930516e-01	   3.4449317449365802e-01	   5.7500360455607302e-01	   4.8020839688669614e-01	   2.9303986847643965e-01	   1.4864992751449310e-01	   7.7936924823259937e-02	   1.4974087726394518e-02	   5.4809720168309406e-01	   6.8033017801771700e-01	   7.0645749989399542e-01	   5.3903029482674936e-01	   3.5096407273364477e-01	   3.3494277895099504e-02	
   8.4871849713455849e-01	   5.3747482187957252e-01	   1.0339670311456350e+00	   5.7323485714029876e-01	   5.8243466685781919e-01	   5.7503912102085553e-01	   0.0000000000000000e+00	   8.3105590835658250e-01	   4.1270155559371291e-01	   3.2028916788271361e-01	   7.1024095220779548e-01	   3.3155442201649249e-01	   7.9347051274688873e-01	   5.0689321035672541e-01	   5.9658348668531369e-01	   5.9926207343211535e-01	   6.4746324575644454e-01	   5.8781510505632695e-01	   6.3643691789204637e-01	   4.8060534222696194e-01	   2.5696629455187286e-01	   4.1461154752498985e-01	   4.8538990088159478e-01	   4.0362050761701024e-01	   5.4459259585476028e-01	   5.3897998127237579e-01	   4.7304103305164669e-01	   6.0917463039275643e-01	   6.7766263792970027e-01	   6.2588766914232763e-01	   3.4993091822470401e-01	   3.1345088479118949e-01	   6.3148475924960579e-01	   6.3874293679794847e-01	   4.0408624810328009e-01	   5.3626101248877323e-01	   7.0389256488230523e-01	   5.6095117689945284e-01	   9.8036621701219684e-01	   8.9795304241389062e-01	   7.7793030380666772e-01	   7.5076551438895345e-01	   3.1770999682758216e-01	   2.2050466151571549e-01	   6.2301072270344393e-01	   5.8880264423522055e-01	   4.4441998423713391e-01	   4.6694879995260991e-01	   4.7882001919432504e-01	   1.6430971041227938e-01	   4.9771702908195714e-01	   1.8548726661380782e-01	   3.9503458531222385e-01	   2.1482940129562764e-01	   8.6578042696669755e-01	   5.8533010260747675e-01	   6.9203175719572363e-01	   5.5328472479143254e-01	   8.0704397873999745e-01	   3.0647704674902165e-01	   7.4498486327622215e-01	   2.7215914654123852e-01	   4.0334299875545049e-01	   3.4253164472538722e-01	   3.5554867651351413e-01	   3.4393893213482074e-01	   6.8873898231311947e-01	   6.2328158199761619e-01	   4.1086772700069574e-01	   3.1461401560008939e-01	   5.3698405651044212e-01	   3.2204349041793534e-01	   5.6794293689239006e-01	   5.6936506321824276e-01	   4.9633295094872210e-01	   4.8540776764800281e-01	   7.8411606000369261e-01	   6.6683108298302884e-01	   7.1195487669141666e-01	   5.6799191929269122e-01	   7.7548315717743732e-01	   8.2717649953780170e-01	   6.9283721504307005e-01	   6.5575618295981675e-01	   4.6464769059513988e-01	   5.6693550735400267e-01	   6.2256882743372866e-01	   7.3124897227694663e-01	   7.3614838687605477e-01	   4.5799866453508015e-01	   5.1178344020796651e-01	   6.2605319413670235e-01	   2.6410641332316093e-01	   6.6336027920652874e-01	   4.2099605748359192e-01	   9.7224359243203121e-02	   7.2103946261228302e-01	   5.7023528797176826e-01	   5.4149233386594775e-01	   6.4877341026016055e-01	   4.8913183817031614e-01	   9.0887827332472582e-01	   5.1354762713479329e-01	   4.6236012786153197e-01	   4.9810000944728944e-01	   6.9317858844232316e-01	   1.5807538192020668e-01	   3.3785243712839669e-01	   2.4436705844037671e-01	   3.0783110728559249e-01	   6.8190312268596276e-01	   3.5461160722868923e-01	   3.5866290955338864e-01	   3.3923392405990754e-01	   3.4453230904918608e-01	   3.1190433796624228e-01	
   6.8446072665902269e-01	   7.1567323101727931e-01	   5.9581068854647612e-01	   1.0883389152110747e+00	   8.4764452028457504e-01	   1.3438053435908788e+00	   8.3105590835658250e-01	   0.0000000000000000e+00	   6.5411069697496738e-01	   8.7813286872888929e-01	   5.5552503905030381e-01	   7.3684926806054474e-01	   5.8249952637936153e-01	   7.3805946758890306e-01	   6.6817947285479773e-01	   7.7958436490397320e-01	   6.9624669954415419e-01	   7.2923638066245888e-01	   5.3145559529658626e-01	   5.7652987826727553e-01	   2.9605204469425095e-01	   6.3669810351189904e-01	   4.0949439674996979e-01	   5.6240411279230840e-01	   5.0437025151675963e-01	   7.0254904481156888e-01	   7.2515783554536772e-01	   9.8484272618074953e-01	   7.7382158862938433e-01	   7.3884049060830903e-01	   5.3094709773312920e-01	   4.8945469350721516e-01	   6.0028918433085765e-01	   7.3704270149175422e-01	   4.2803393785731408e-01	   6.5001114235168378e-01	   5.4876369237951295e-01	   6.1491264344610141e-01	   6.7003032985270616e-01	   8.4672195132027084e-01	   6.2654742227147397e-01	   6.0987731633698294e-01	   3.9758072807011241e-01	   2.9798801126048402e-01	   7.9050150160534316e-01	   8.1113967067050352e-01	   5.5074795915697927e-01	   6.0098431224009097e-01	   4.2421405152709302e-01	   4.9770503953765727e-01	   4.9126092856685116e-01	   3.8646588254355391e-01	   6.1108787758712824e-01	   7.0222965858268305e-01	   7.5732134130003959e-01	   6.8154460753084511e-01	   6.7392752714076598e-01	   5.6013856171007492e-01	   6.0140382083177935e-01	   8.1769520127717044e-01	   6.2915100780203426e-01	   8.2740612899890409e-01	   2.6309950114619990e-01	   7.4438512888368258e-01	   3.8599204588158309e-01	   4.5523859506502407e-01	   4.4466909868821136e-01	   6.7629041206275808e-01	   3.1416693967661496e-01	   1.9298018068418199e-01	   3.3376466455146603e-01	   4.7853346212036729e-01	   5.1663168042712515e-01	   6.3862105450240669e-01	   4.4859654083958089e-01	   5.7384616093985186e-01	   6.4648059976573091e-01	   7.4970019170345903e-01	   7.2588099457797783e-01	   5.8404237351398369e-01	   7.8393197976009266e-01	   8.2190289595167632e-01	   1.0432594754798288e+00	   9.1461974192214801e-01	   4.9072777483903041e-01	   5.8795505316701790e-01	   6.8353125204626641e-01	   7.6922758635995958e-01	   5.8249004129154047e-01	   8.1172781412957429e-01	   7.6476553277875370e-01	   6.9849819185831452e-01	   4.6187207910931649e-01	   4.7082109099655595e-01	   9.0596080326429795e-02	  -6.2616601961499305e-02	   4.8883855596731518e-01	   3.9232089375658252e-01	   7.3423126164676622e-01	   6.3119865466626346e-01	   9.2099262644740698e-01	   4.7516804576014526e-01	   6.9328946970667804e-01	   3.6063860220785993e-01	   5.2617016343989897e-01	   4.8882854840300971e-01	   2.1589767899948836e-01	   1.0049986507057118e-01	   2.2993155063722343e-01	   8.4091775002982844e-02	   6.0259909506002229e-01	   5.1166648767865719e-01	   5.1296073552887900e-01	   4.3599265729871889e-01	   3.2713327737613618e-01	   1.6996457319143010e-01	
   3.1897258811972973e-01	   4.6985266754283878e-01	   4.6684055383076756e-01	   7.3552354721369029e-01	   5.9226572900752239e-01	   7.2715556532731274e-01	   4.1270155559371291e-01	   6.5411069697496738e-01	   0.0000000000000000e+00	   1.1794722833076188e+00	   5.1592974652278745e-01	   7.2095361453957763e-01	   6.3172132311704177e-01	   8.6565240121297837e-01	   8.0045770452609544e-01	   6.8594065848413421e-01	   4.2548214967717751e-01	   4.9837568304517910e-01	   1.0125664367611507e-01	   1.2686205794709796e-01	   3.9457308994497531e-01	   4.5731912606633923e-01	   2.1118595528441986e-01	   3.4300811557680716e-01	   4.0022972861617973e-01	   4.8738262969558643e-01	   6.9196046861408511e-01	   6.9064950391843571e-01	   3.7135649388092196e-01	   4.3936221820619570e-01	   1.4172030235016905e-01	   1.7389605708048697e-01	  -9.2111375841390050e-02	   2.8309428225171109e-02	  -6.9475623714654169e-02	   2.7535027450536365e-02	   2.4192644105539446e-01	   4.2656808103327998e-01	   3.1903194603505225e-01	   4.8048488807596357e-01	   2.7083328204468649e-01	   3.7301622190838307e-01	   5.2019446425506077e-01	   5.0313728651917866e-01	   4.8092467928214794e-01	   5.1706158964135940e-01	   5.7000730271461597e-01	   6.5892604722578740e-01	   3.9778157424587868e-01	   6.6224724376991284e-01	   3.7384786824439209e-01	   4.4890139279112307e-01	   6.0088853746040294e-01	   7.3646968764726617e-01	   5.9838467524091654e-01	   6.0899763619478398e-01	   4.4753262869103427e-01	   4.1636912600284015e-01	   3.0905299870223640e-01	   5.5924451544313425e-01	   4.7045430835249441e-01	   5.5692502116414699e-01	  -4.4460197507933945e-02	   3.6087227786859927e-01	   1.4809959061287403e-01	   2.1415067065914883e-01	   1.3853400174269960e-02	   9.9266044862521677e-02	   1.0186019286221310e-02	   5.7501673293567139e-02	   2.7433133204556021e-01	   3.4450863260885917e-01	   1.6853002870520992e-01	   2.3855287742144560e-01	   1.4086059723138245e-01	   1.8274255994408783e-01	   1.0090404373061494e-01	   1.5574682572982451e-01	   4.7650016800761130e-01	   5.4821974250742156e-01	   4.6074738468699084e-01	   5.3283200102388228e-01	   5.8326891586301999e-01	   5.1037790965302543e-01	   1.3221224723496039e-01	   3.5117240182055970e-01	   3.3993077821308371e-01	   2.6580657758415632e-01	   4.8580575825101424e-01	   8.3971269384215352e-01	   6.7969812436107546e-01	   3.3001042280936327e-01	   6.8771821864368832e-01	   4.1262900418804771e-01	   1.7933387300574083e-01	   1.6853616515973644e-02	   3.8428176646530465e-01	   3.2024935521809472e-01	   6.4689732420056545e-01	   4.5942902955508902e-01	   9.1460292402108756e-01	   4.1245386785769411e-01	   3.7845367552044196e-01	   2.1123249648473005e-01	   3.9706817279507400e-01	   2.4884935483256476e-01	   5.8008538957728679e-02	   1.1454048957624506e-01	   2.0021413774028421e-01	   1.3047104755384628e-01	   3.5708336389928624e-01	   6.1137240586824437e-01	   6.0895428866265966e-01	   6.0006612499120315e-01	   3.8961384792679032e-01	   1.5751992073639695e-01	
   3.9482928115772936e-01	   6.7731706420726057e-01	   2.6003327634474560e-01	   9.5459376256267037e-01	   5.0913343617028839e-01	   9.0626534604682862e-01	   3.2028916788271361e-01	   8.7813286872888929e-01	   1.1794722833076188e+00	   0.0000000000000000e+00	   5.5691455731666117e-01	   9.9060907666855913e-01	   6.4221178439581827e-01	   9.4242402895669564e-01	   7.5688335746529223e-01	   7.7320588645786814e-01	   5.1610258612825710e-01	   6.2190058491579037e-01	   1.7513080863058345e-01	   1.7927028498352207e-01	   3.6520975252836696e-01	   6.2312519216823326e-01	   1.5727410846842857e-01	   3.9893530223352824e-01	   3.0825778385203129e-01	   4.3268098124213450e-01	   6.7334043750056782e-01	   8.7141514116516550e-01	   4.8034047339924846e-01	   5.3779262269287986e-01	   1.6970108806783443e-01	   1.8782218516819482e-01	  -2.0280410643052943e-02	   1.1600620264508210e-01	   3.1128004215390678e-02	   2.0500125386611748e-01	   2.5862785526410298e-01	   4.0377358803015279e-01	   2.6277482621808240e-01	   4.9467338158979290e-01	   3.3564525143800000e-01	   4.6353449674544317e-01	   3.6962163569826806e-01	   3.3954055130462490e-01	   4.8708360502555087e-01	   5.3233971853785111e-01	   4.6620346385207578e-01	   5.4578487895121841e-01	   2.4573975666918474e-01	   6.8867791491280428e-01	   1.8036013101946641e-01	   3.2365963632586214e-01	   5.7534445118477118e-01	   8.1855832612904544e-01	   5.5012142757409355e-01	   5.5238052088129574e-01	   5.9642319813633016e-01	   5.3200063568400346e-01	   2.9148886249352701e-01	   7.8038764091771073e-01	   5.4529666427512935e-01	   1.0071304636683560e+00	  -1.5690800139851063e-01	   5.2150472565058126e-01	   2.0180155374845105e-01	   2.7568833476371019e-01	  -1.0829011676168578e-01	   7.5726204510460846e-02	   3.7218556027835560e-02	   3.2303976130094371e-02	   2.5789467991784559e-01	   4.2931520470408174e-01	   2.6086068416221664e-01	   3.9962473109838170e-01	   2.0934870305005909e-01	   3.2542301106869276e-01	   1.7164600380044759e-01	   2.6672806847887398e-01	   5.9847092183817507e-01	   6.4027812833257636e-01	   4.6680516698105956e-01	   5.4256830706245673e-01	   7.5051136023784204e-01	   6.8227283562697916e-01	   1.2225775593951013e-01	   2.1558802245747377e-01	   4.7493862872461778e-01	   3.8086614706842004e-01	   4.5280040277906974e-01	   1.0718187561266663e+00	   6.6143973276853030e-01	   3.5399459767207664e-01	   7.4937999469772476e-01	   3.5629841598119805e-01	   3.9809555437671361e-02	   3.7111107567640968e-03	   2.8601146712964270e-01	   2.2200239698323973e-01	   6.2726785016116016e-01	   4.1321742107681192e-01	   9.5351978832745954e-01	   2.5607941823219599e-01	   3.7853340168196531e-01	   1.6537329163224662e-01	   4.5387159191110471e-01	   2.2356399500899637e-01	  -1.6707817386823521e-03	  -3.4546889431370624e-02	   1.5679455077146193e-01	   6.9053188575834085e-03	   3.2422798777673018e-01	   5.4963811387218553e-01	   5.2949759419837861e-01	   6.1466689808612407e-01	   4.0102399580991277e-01	  -6.4666929115022422e-03	
   1.0496974247048583e+00	   8.6855544090357872e-01	   3.0340552376516366e-01	   3.7246086070021212e-01	   3.1914087213145509e-01	   3.8707685715699502e-01	   7.1024095220779548e-01	   5.5552503905030381e-01	   5.1592974652278745e-01	   5.5691455731666117e-01	   0.0000000000000000e+00	   9.5020531569856159e-01	   1.6084076291270768e+00	   1.1113626767660516e+00	   5.3897159776219916e-01	   4.6869008701359532e-01	   8.6951734886893384e-01	   7.5489680456879649e-01	   4.8553718503350674e-01	   2.4495819372024930e-01	   6.4809096046838655e-02	   2.0177271615095221e-01	   8.7635513788169347e-02	   5.4589577181259848e-02	   2.1707328792296174e-01	   1.8045748978886705e-01	   3.0489331020380533e-01	   4.8393067986561333e-01	   7.2070622544355967e-01	   6.7478341577023360e-01	  -2.6883301945389973e-02	  -8.8489729803935990e-02	   2.3268096348467784e-01	   2.9148221115478729e-01	  -4.6558059349339542e-02	   1.1630771757975394e-01	   4.2872817399186941e-01	   3.4522025947183671e-01	   4.7491196166938632e-01	   6.1872064133532678e-01	   6.8667147580784071e-01	   5.6451116015605707e-01	   3.9990290045105281e-01	   3.7778397456797058e-01	   3.9602195521117611e-01	   4.5711100117836911e-01	   5.4026496056956796e-01	   5.1268557072170118e-01	   3.7613933136523670e-01	   4.2543117580389422e-01	   3.3446220437986668e-01	   3.3500085341441327e-01	   6.9422362990776565e-01	   3.9583220034995109e-01	   9.3535371639975884e-01	   5.9525350322990311e-01	   7.4784365372908246e-01	   8.6186467223782837e-01	   9.5026934323791812e-01	   5.1989513576981272e-01	   1.6506436387229340e+00	   4.7209306048689559e-01	   4.0194279028348412e-01	   5.5669938414689590e-01	  -3.3871847303947558e-02	   3.9880509659659856e-02	   2.1407234262327221e-01	   1.8887790873359966e-01	   2.6504525413921609e-01	   4.2096452073627127e-01	   3.5986390126657297e-01	   3.0782225037239486e-01	   7.2500270815070522e-01	   6.8424752172630632e-01	   7.4942931589615625e-01	   7.0050249702712852e-01	   6.7247800504900412e-01	   5.1458314363047541e-01	   8.3419572645953477e-01	   8.3387523383938644e-01	   7.0349049744027381e-01	   7.0235454193973923e-01	   6.2753309887624165e-01	   4.9348539250203033e-01	   1.4257688205456917e-01	   2.4177167946176109e-01	   4.9427785854786521e-01	   4.5288416763942063e-01	   6.3344120692870187e-01	   6.8939477071323041e-01	   3.7551587666562325e-01	   2.2430777951670883e-01	   1.6338517440698838e-01	   2.1610382804688388e-01	   2.7700170408588187e-01	   2.7551174585162042e-01	   5.9152846243930424e-01	   5.6651609525359836e-01	   6.2285781566275411e-01	   5.4819375222751576e-01	   5.3598340337652939e-01	   5.4609769351078741e-01	   3.2209843019967455e-01	   4.3424357704529026e-01	   5.8390074623974630e-01	   4.2434914678645874e-01	   1.1040468794086571e-01	   1.6539921555983747e-01	   2.1895166083902617e-01	   4.0676942925916126e-01	   4.5239617797719472e-01	   4.1912528443160851e-01	   4.9354847682195568e-01	   5.7953413321122427e-01	   3.2923026134191935e-01	   1.4050239311143234e-01	
   6.0490958096092595e-01	   9.5784755911717745e-01	   1.2291806470903668e-01	   5.5008404879537731e-01	   4.6290365632764496e-01	   6.6205184288611152e-01	   3.3155442201649249e-01	   7.3684926806054474e-01	   7.2095361453957763e-01	   9.9060907666855913e-01	   9.5020531569856159e-01	   0.0000000000000000e+00	   8.9064683113481535e-01	   1.5458010235109829e+00	   7.6461287584043425e-01	   6.9429990445258416e-01	   6.1803086709033450e-01	   7.4375805521485872e-01	   3.0112718033744923e-01	   1.2386585603154805e-01	   2.0747531716206291e-01	   4.1819003467250082e-01	   1.2590495634823856e-01	   2.0278478819631304e-01	   2.8026504603741842e-01	   3.5222242062443204e-01	   5.1004871501004689e-01	   6.8259964835416709e-01	   6.7338868732188972e-01	   7.2274927249921106e-01	   1.5587043114326432e-01	   8.3631112760576290e-02	   1.3656263431000312e-01	   2.5134707153264563e-01	   1.8424670670361777e-02	   2.0411042131098012e-01	   3.2925385902542215e-01	   4.4706980040690436e-01	   3.4155464551821491e-01	   6.1481914511176050e-01	   5.0101597767617689e-01	   5.6073316876490309e-01	   4.8158042879878804e-01	   4.7341931444541629e-01	   5.0751966862557385e-01	   6.1843471877290790e-01	   6.1483952338922709e-01	   6.1969060641403440e-01	   3.2038635650494146e-01	   8.3211102659727065e-01	   3.0705318142459426e-01	   5.7835976521274712e-01	   7.8332815222429208e-01	   9.1604471014546829e-01	   6.8791120887437807e-01	   7.1563609485196589e-01	   5.9789458433159481e-01	   7.6188889059665821e-01	   4.6872427439924302e-01	   9.1166631855078095e-01	   9.0389032856452944e-01	   1.1441631942217945e+00	   6.0588392251494379e-02	   8.2055904928256851e-01	   1.4299614600829483e-01	   2.2684645741500908e-01	  -2.6675640125836599e-02	   1.4757096714396825e-01	   6.7791661392622896e-02	   1.2168121954764363e-01	   3.0546272460040674e-01	   4.7705101513491188e-01	   4.9544337999088572e-01	   6.0952777367462130e-01	   5.7491938925202868e-01	   6.2599877576393548e-01	   4.8013752844412150e-01	   5.2495804542400692e-01	   7.0644914397380354e-01	   8.1767747141077740e-01	   6.0595054329840514e-01	   6.2684242671896540e-01	   7.9386171381153048e-01	   6.4079310139732959e-01	   1.9560716203999309e-01	   2.2309642703789459e-01	   6.0626760860367912e-01	   4.6536982105420843e-01	   4.0126553142614296e-01	   1.1136050322131414e+00	   3.6553612752643488e-01	   2.4018078042717028e-01	   1.7936257727784613e-01	  -2.0850283994100278e-02	   1.4079479081791926e-01	   7.1126733714219181e-02	   4.5812307519180534e-01	   4.5418590241817386e-01	   6.2104904351204981e-01	   4.7915692727124598e-01	   6.8290382567537933e-01	   1.7410500832853140e-01	   2.2907253271531153e-01	   1.0584038967574254e-01	   5.0246279806432692e-01	   2.5358779436431705e-01	   3.3400867365204243e-02	  -6.7885705013155911e-02	   2.4409907462808988e-01	   1.7607758141280827e-01	   4.2317161379244506e-01	   5.3258476722580927e-01	   5.4120194303953062e-01	   6.3825249746240076e-01	   3.2783790097233156e-01	   1.2200425027368650e-01	
   8.9165542952408738e-01	   8.2381234497631128e-01	   5.0359280658164418e-01	   4.9848178440309315e-01	   3.4705777376993641e-01	   4.0878185356384500e-01	   7.9347051274688873e-01	   5.8249952637936153e-01	   6.3172132311704177e-01	   6.4221178439581827e-01	   1.6084076291270768e+00	   8.9064683113481535e-01	   0.0000000000000000e+00	   1.2552863831314856e+00	   8.3016292243055156e-01	   6.8461962712186342e-01	   9.2731848643547299e-01	   8.6797445109934990e-01	   4.7062770145320754e-01	   2.8468795446735612e-01	   1.8436957539476029e-01	   3.4448287043359771e-01	   3.0267325704811315e-01	   2.5903761627423394e-01	   4.3195410329208744e-01	   3.7344051596699734e-01	   4.5112076144286811e-01	   5.9661138523720736e-01	   7.8759781041226118e-01	   8.1674499189019278e-01	   1.2254518166279632e-01	   8.8488019687406883e-02	   2.4522805899340724e-01	   3.3861879113856214e-01	   8.6158035352503187e-02	   2.1772469086102894e-01	   6.0885233002243244e-01	   5.2562425564143411e-01	   6.6338591804970803e-01	   7.8842218720066648e-01	   9.0821972481276148e-01	   7.9285189172988479e-01	   3.7189381460851639e-01	   3.3158552616392162e-01	   3.6052921466653287e-01	   4.2228089627429422e-01	   4.7386355030802035e-01	   5.0159536169587671e-01	   2.4824452829386487e-01	   3.3567900461211514e-01	   2.7951474723194353e-01	   2.2800128242920867e-01	   5.6391219541853432e-01	   4.7163699602763798e-01	   9.5895993796436840e-01	   5.6172150393123932e-01	   7.8958644063301497e-01	   8.0968377098291333e-01	   7.3301128822956552e-01	   3.8812499697722447e-01	   1.1829770689874979e+00	   4.8457394690183919e-01	   2.4535393712187054e-01	   4.8020314427632299e-01	   1.3160461780052091e-01	   1.4127903938727462e-01	   1.2462983113977397e-01	   1.0074135758022544e-01	   2.9378138882340266e-01	   4.4708368018335198e-01	   4.4687573074114534e-01	   4.0013130574902095e-01	   7.6304174882887832e-01	   7.6280847545377417e-01	   7.8853529439898906e-01	   8.0022204327455482e-01	   6.3211765292632804e-01	   5.3838695310271145e-01	   9.6891698153495787e-01	   1.0544601237408304e+00	   7.8723060518436061e-01	   9.3533137954622059e-01	   7.5317108153660983e-01	   6.8289535139331292e-01	   2.5501867730844935e-01	   3.5257130998786801e-01	   5.9027759752449260e-01	   5.2449118989539500e-01	   8.2458213027483851e-01	   7.4552856462527761e-01	   3.8136558548645877e-01	   2.1160485307567603e-01	   2.6780898913365075e-01	   3.2235298397925349e-01	   3.1830748442023193e-01	   2.5867045669240907e-01	   6.9489760412067125e-01	   5.9961292220334583e-01	   5.4955105360970402e-01	   4.5992686863760873e-01	   5.1592566495035319e-01	   5.7641005166251258e-01	   2.4477883587702037e-01	   3.1144725419195807e-01	   5.0880931198334478e-01	   4.3201143585821689e-01	  -1.7735203406820766e-02	   1.3147897450930293e-01	   2.4782262136921646e-01	   4.7662982469782811e-01	   6.0611151875137392e-01	   4.5564842860743426e-01	   4.8368280902598082e-01	   5.9568883258504068e-01	   3.5711078931988466e-01	   1.9883698716898157e-01	
