   0.0000000000000000e+00	   9.6675600523698391e-01	   3.2271660719258222e-01	   2.0791019323529036e-01	   1.1643586302100993e-01	   3.3873423054860230e-01	   3.4840527907040586e-01	   2.9169340073394034e-01	   3.4864147238405724e-02	   3.5944358034095436e-01	   7.2931754114740921e-01	   5.4274210552678959e-01	   5.9036935512929511e-01	   5.6264369356672050e-01	   4.0318146864929683e-01	   4.8414432534072427e-01	   7.5253118471938762e-01	   6.6628848753958680e-01	   8.3459272514975802e-01	   7.6071845656214110e-01	   4.3812916985906036e-01	   6.3169584714446914e-01	   2.8583750073348108e-01	   2.4083240417414276e-01	   3.1625619605822597e-01	   2.1124116353204098e-01	   3.5421199349659316e-01	   4.1570819280560489e-01	   4.5136166988121362e-01	   5.9260213478762047e-01	   2.5787523595676726e-01	   2.2037190845900201e-01	   6.5686815207554039e-01	   5.6625255502293537e-01	   2.2716082381294483e-01	   3.7168190855631228e-01	   3.2518889096652553e-01	   2.9817726059404848e-01	   5.5614650654516651e-01	   5.6865053669557031e-01	   5.2605514517243690e-01	   2.5126366868708744e-01	   3.5531331692179419e-01	   3.3348553545247095e-01	   3.7641311188903076e-01	   3.3153122692734310e-01	   5.2667645802571639e-01	   4.5197643331479509e-01	   4.4498730768806538e-01	   4.6612465958130650e-01	   6.8086522334072108e-01	   5.9616778224348277e-01	   4.8742576892545730e-01	   3.4732689002096639e-01	   8.9958020590541843e-01	   8.6598443316854345e-01	   9.9452913600182113e-01	   5.0474512575247621e-01	   6.8863395611104050e-01	   5.0145630617661086e-01	   4.4183900907073997e-01	   2.7846481942412304e-01	   7.3809769087741517e-01	   5.6923294405373825e-01	  -4.6148931758352753e-02	   1.5829856931897540e-01	   5.0259201861240221e-01	   4.0893886916434685e-01	   4.4530163478228318e-01	   3.2937735007865554e-01	   1.2561178240371670e-01	  -6.7792741547370444e-02	   5.1264570001737009e-01	   5.3329140528708097e-01	   4.3050526970041519e-01	   6.6861720955030879e-01	   4.7490929719325581e-01	   3.8232487586861763e-01	   5.8816788243465989e-01	   5.6813110636588848e-01	   7.4429937285049241e-01	   7.8944691536268385e-01	   5.9126412826210228e-01	   5.2651237030465547e-01	   8.2807493449991987e-01	   7.3396571525441412e-01	   4.1459688273609557e-01	   2.5266116595349919e-01	   6.8186993139003305e-01	   7.5946920613389512e-01	   5.6286867568130727e-01	   5.6207742643366831e-01	   4.6542214612829480e-01	   3.9629524284474499e-01	   3.6776699460087864e-01	  -2.5915701164404448e-02	   6.8551942083197781e-01	   7.5923179890940673e-01	   8.3331994127366327e-01	   7.6996329194312818e-01	   4.2455979309503739e-01	   4.1373809615409907e-01	   7.4962388200856678e-01	   8.1235750094634651e-01	   5.5668905528914003e-01	   6.7032543439677583e-01	   2.4537535646351544e-01	   5.1278032817173136e-01	   8.2663819611150754e-02	   3.4879208170283466e-01	   7.1869987715975692e-01	   8.4111033247804601e-01	   7.9344631443279701e-01	   6.3138924288258669e-01	   6.0107520754396804e-01	   3.0040777428818427e-01	
   9.6675600523698391e-01	   0.0000000000000000e+00	   1.2702794102122708e-01	   1.4813981781834770e-01	   1.3159426433140575e-01	   1.3122567332291807e-01	   1.7562568001983303e-02	  -1.6475184599021180e-02	  -9.1195429944110201e-02	   3.6064895239084370e-02	   3.5063136597121758e-01	   3.8857354272010430e-01	   1.8250178881355261e-01	   2.8441306330243410e-01	   2.1043494112680788e-01	   3.1247251495417178e-01	   5.4047390141604457e-01	   6.9064466876141772e-01	   4.3932258506149097e-01	   6.5672493186166814e-01	   6.4351217165822860e-01	   5.2501729795543162e-01	   3.3276909419087403e-01	   9.0276665074652401e-02	   5.3527657251515715e-01	   3.2917435914729026e-01	   4.7709079350743933e-01	   4.0168086111930495e-01	   2.3139543821720920e-01	   3.4056022833690286e-01	   1.8977070675137320e-01	   1.3558873635603663e-01	   3.8048625527022756e-01	   3.0549235300681954e-01	   2.6470084734690408e-01	   1.5855099513304755e-01	   2.7708235575096229e-01	   2.1411990451621327e-01	   4.2530449087486127e-01	   4.1509833171354193e-01	   5.1892698020031980e-01	   1.2982562403625064e-01	   2.2919918763412594e-01	   2.0318144871583593e-01	   2.2146835132298734e-01	   1.5286487851883893e-01	   3.5847143827613165e-01	   2.6634926258945396e-01	   2.8660211468047625e-01	   3.1243598431147157e-01	   7.1032158016613944e-01	   6.3205629517923145e-01	   4.8461695827375506e-01	   3.4356234486405163e-01	   6.7850447432134631e-01	   5.8542028404460855e-01	   9.2131111796969500e-01	   7.5999382529563164e-01	   3.9086782262917585e-01	   4.2788374511430660e-01	   5.2850583232701739e-02	  -2.7772286502699750e-02	   3.4064979730469830e-01	   3.6145675928750487e-01	   9.1286883921987264e-02	   1.2481085289972757e-01	   3.1778826990127457e-01	   2.3246264187049501e-01	   6.5769248070021191e-01	   4.9986707394593488e-01	   3.5302029365790105e-02	  -1.7926725267817720e-01	   1.7287979158626934e-01	   2.2281247392109255e-01	   1.3478154848121790e-01	   3.7705512180195877e-01	   1.7557930268317834e-01	   2.7961732238780690e-01	   5.8866470327458498e-01	   5.9681992146363694e-01	   5.8566416046051728e-01	   6.8143357045216268e-01	   3.8841949286814670e-01	   3.6707692523832131e-01	   6.4615203148612410e-01	   6.2770416153089836e-01	   3.3076427145353671e-01	   2.2821457676454235e-01	   3.8313393631833365e-01	   5.1234170242167831e-01	   3.5460761536540597e-01	   3.2564934035006848e-01	   2.9046630032516019e-01	   1.7021851817927722e-01	   2.8516491535806077e-01	  -5.3636236200862206e-02	   5.7722547937058821e-01	   5.5187403151042547e-01	   5.8811132945740430e-01	   4.5559278545481574e-01	   3.5565240170156942e-01	   1.2164410208762344e-01	   5.9954296388380246e-01	   4.1486581295668046e-01	   2.5545302790528024e-01	   3.1399882008081126e-01	   1.9977997077185228e-01	   2.9892988529667536e-01	   1.3983520276874745e-01	   3.1176494386455517e-01	   5.8110897383699811e-01	   6.1814315208916160e-01	   6.1676802180146106e-01	   4.8319422049378380e-01	   4.1930212327040289e-01	   1.4739734395688597e-01	
   3.2271660719258222e-01	   1.2702794102122708e-01	   0.0000000000000000e+00	   1.2213395972620005e+00	   6.0967740585113017e-01	   7.7425351517393559e-01	   1.1687385183366141e+00	   1.0950342182593931e+00	   5.9705217631136376e-01	   8.2231011408713073e-01	   4.4411064580097592e-01	   2.9552008240625843e-01	   4.2305821663275767e-01	   2.3878786167512264e-01	   7.7807601179838737e-01	   7.7079622013742621e-01	   3.2080194211281393e-01	   1.6475299399724885e-01	   5.9614032517698357e-01	   5.2756180745848136e-01	   1.4693794649947017e-01	   1.9216611915366033e-01	   7.7731931661526776e-01	   9.3129542271098309e-01	  -1.1652919647454393e-01	   2.5209243305630839e-02	   4.0020832114000454e-01	   3.4924364341421227e-01	   5.5950131004234682e-01	   4.6125452431224984e-01	   9.3842702300651948e-01	   1.0131742934886319e+00	   6.9445528592287920e-01	   6.8456862520915807e-01	   4.4889846997007299e-01	   4.9123932052237418e-01	  -1.4389695572569439e-01	  -6.7838198121987325e-02	   8.4434868306908134e-02	   1.1687554530917341e-01	   1.1383157521027522e-01	   1.4396150657478700e-02	   4.6885786951049002e-01	   3.2667753298360269e-01	   4.6757218659809346e-01	   4.0800424475727509e-01	   5.1352791557686950e-01	   4.4240937838105565e-01	   3.9324991025477030e-01	   3.6953269331402550e-01	   4.0999860532396470e-01	   2.4542047088056873e-01	   5.3866512141493161e-01	   4.4993997358337712e-01	   3.4332807208055938e-01	   4.4349848353061172e-01	   6.8835246230034147e-02	  -1.0189936103229261e-01	   2.1586120959478561e-01	   1.2963476167012888e-01	   7.1195419017869954e-01	   6.1211639280832608e-01	   6.2052464142527564e-01	   3.8618119588522892e-01	   5.9824186008003133e-01	   7.6864158806511873e-01	   5.2751818430282515e-01	   4.3254425933323060e-01	  -1.9265086216112859e-01	  -1.3875174966060261e-01	   6.3556907722995892e-01	   4.7557754996062407e-01	   5.0929079037964897e-01	   3.9044513053466934e-01	   4.9384056924654762e-01	   4.9392928054611585e-01	   3.4449284509257461e-01	   3.1060081260379019e-01	   3.4195549454902502e-01	   9.5910589193472756e-02	   3.4662517762644091e-01	   3.2274132052861682e-01	   7.5235127095842824e-01	   6.0769875819021557e-01	   4.9786928370144790e-01	   4.2106948888686058e-01	   3.5996531057501047e-01	   4.9218887397801192e-01	   4.7561358136440290e-01	   6.4910568438088079e-01	   9.1198459862692860e-01	   8.8259971582588703e-01	   7.7808778593104999e-01	   7.1970685705510062e-01	   3.6383599243764324e-02	  -1.5882120197324845e-01	   1.4551517005364722e-01	   4.7709216283321192e-02	   6.1558147894875859e-01	   6.9142505627380646e-01	   8.6487774080421154e-01	   5.6838977715573269e-01	   5.0952478133238632e-01	   2.9347953729104487e-01	   2.9049996765697433e-01	   2.8540559801794180e-01	   1.4265650238401811e-01	  -9.2526749217070586e-03	  -6.7820987628540969e-02	   5.2515158353252531e-02	   1.6001440369977193e-01	   3.1869222968312150e-01	   2.6547415811952552e-01	  -8.0866454173319244e-04	   2.0894650633729747e-01	   2.4761240197831449e-02	
   2.0791019323529036e-01	   1.4813981781834770e-01	   1.2213395972620005e+00	   0.0000000000000000e+00	   4.2456066988391533e-01	   7.3743416972107678e-01	   8.9606915802881071e-01	   8.9784255499030563e-01	   4.3970492392525451e-01	   7.0326299743833087e-01	   2.3917501293699053e-01	   1.1635629575581161e-01	   2.4691982925291162e-01	   2.0093100530655446e-02	   4.7481895027134979e-01	   4.2926813673085240e-01	   3.0427357750254141e-01	   1.9163509411748439e-01	   2.9117915598364352e-01	   3.4556126663103293e-01	   1.2459921690822057e-01	   3.0395413686916861e-01	   7.6665632829851926e-01	   1.1424395572933368e+00	  -5.1256056911815701e-02	   1.2960021782809120e-01	   3.9947230487985197e-01	   4.9954003632596616e-01	   3.6333182458171309e-01	   2.9996160223634566e-01	   8.2412161655028182e-01	   1.0553977300657464e+00	   7.0083700931910975e-01	   7.3224204436153162e-01	   5.2614464726243071e-01	   5.9610893530219233e-01	  -3.6604660388639881e-02	  -6.4844267534610034e-02	   7.0428347414968992e-02	   6.7210200986092497e-02	   1.6773178855754178e-01	  -3.3598801541451270e-02	   3.5982394233035458e-01	   2.1830139360907075e-01	   3.7138440281281787e-01	   2.8064417339457431e-01	   3.4162188306763297e-01	   3.4582990662031027e-01	   2.0080767323922755e-01	   1.2136470684030674e-01	   1.6449386699544263e-01	   2.5127983698079007e-02	   2.8558743502964873e-01	   2.3094686498567624e-01	   2.3179623447464670e-01	   2.8296904219123875e-01	   2.8570971974764704e-02	  -1.0861065092931969e-01	   8.0684272234926593e-02	   7.7506041660922887e-03	   5.6653809396758759e-01	   4.5262579684407456e-01	   4.3427494885983481e-01	   2.5802446690964687e-01	   8.0503234272738267e-01	   1.0862335595029036e+00	   5.6617430933649404e-01	   5.5000026733620322e-01	  -5.7383214915423107e-02	   1.7860729523982679e-02	   5.2378672233715384e-01	   4.4696728844794642e-01	   3.5211226321285571e-01	   2.7572214197542211e-01	   3.2108080616735835e-01	   3.4506870023749164e-01	   3.0998874357393957e-01	   2.9726993128635981e-01	   3.9595698826847392e-01	   1.4118939100569730e-01	   2.5198881187092020e-01	   2.9781250463356268e-01	   5.1594212197424261e-01	   4.0261397338270410e-01	   5.4619571533145972e-01	   4.9337903066624522e-01	   2.2742523109282969e-01	   4.1521366478311994e-01	   5.1001256026596886e-01	   5.1678274783299882e-01	   7.7129716258715253e-01	   7.4146551837766861e-01	   7.9659750793424677e-01	   6.6329037481833031e-01	   6.1024873445986710e-03	  -2.7349059046319790e-01	   1.8720978658678389e-01	   2.4167913397043151e-02	   4.4831564050705208e-01	   5.4296165601302615e-01	   6.8354318041387574e-01	   4.9128821956065294e-01	   3.7570120572068044e-01	   2.4481432935991673e-01	   2.9725214899339081e-01	   2.9017450189347616e-01	   2.7125504150143637e-01	   7.5527878563134213e-02	  -2.3428757880746026e-01	  -4.8762367056592433e-02	   2.0683442003857611e-01	   2.7798921546931205e-01	   2.5607173288174612e-01	   1.3438708801436813e-01	   2.0230939859827518e-01	  -3.7394355605090729e-03	
   1.1643586302100993e-01	   1.3159426433140575e-01	   6.0967740585113017e-01	   4.2456066988391533e-01	   0.0000000000000000e+00	   7.9047438310684770e-01	   5.7582210473081707e-01	   3.6672367660502697e-01	   1.2440319365081374e+00	   3.1045530895837847e-01	   2.4173390161405761e-01	   5.8256145954361745e-02	   2.0592036942678371e-01	   5.1642252084540645e-02	   4.6329781681621368e-01	   4.2251871933023899e-01	   1.8720923656485119e-01	   1.3056840720610283e-01	   3.0633972977692142e-01	   2.5267279859556135e-01	   3.6631448735760108e-01	   1.5431748572558074e-01	   6.6502793478848521e-01	   5.2430141166414002e-01	   2.6291234309320166e-01	   4.5228081536368264e-01	   6.8110298884859444e-01	   5.1127528527220267e-01	   1.2610587107224300e-01	   1.4488292646867140e-01	   3.8280848928678440e-01	   3.9043614407791494e-01	   3.4455471629008755e-01	   2.7179749571183953e-01	   5.1734327051008266e-01	   3.8429687268024221e-01	  -2.8488148344994263e-01	  -1.1811855123993238e-01	  -3.2915265255500904e-02	  -9.7951264900221578e-04	  -5.9734965365683595e-02	  -7.9993352763510925e-02	   6.6600310467006341e-01	   5.3264976606462555e-01	   5.7932546427154319e-01	   5.2589755394079196e-01	   6.0089756223398361e-01	   5.3569443817132167e-01	   5.9254829933042175e-01	   5.0100301912563827e-01	   4.0160636643390568e-01	   1.9506060992566310e-01	   2.4685422319492903e-01	   2.3320486991051689e-01	   3.4928191867390035e-01	   4.6721377832300970e-01	   8.1276342403501442e-03	  -6.5690977945522019e-02	   2.3832002667021401e-01	   1.3864854386295103e-01	   4.0772946217231631e-01	   2.5126414866414043e-01	   1.8951177226553323e-01	   1.4325178387843718e-01	   6.7348519143291097e-01	   5.5321253497234968e-01	   4.6872938977311140e-01	   3.6272900673790504e-01	  -1.3497135286974959e-01	  -1.3382227819740194e-01	   5.2368799721398518e-01	   2.9613305771548870e-01	   3.0374786350646465e-01	   2.3730239871325046e-01	   3.1372553110271251e-01	   3.8423853230110211e-01	   1.1368440095291779e-01	   3.0251337224126973e-01	   2.1038625959221580e-01	   1.7618033813690243e-01	   8.8091767595958985e-03	   5.5127750099510917e-02	   1.9522102078020376e-01	   2.2788318033113480e-01	   2.2225773890493405e-01	   1.6903582045136525e-01	   3.0443768565070006e-01	   2.3610605563898496e-01	   2.2554254696853709e-01	   3.1046852483630316e-01	   5.4265595109782760e-01	   5.7859547184415250e-01	   4.6058482799656064e-01	   5.4883031456573916e-01	   6.0156471634363981e-02	  -3.0505828406297603e-01	   2.1361203586238331e-01	   1.6411072477497704e-01	   5.3478363376026317e-01	   6.6248064511140148e-01	   6.6699236450654431e-01	   5.2730692859756123e-01	   3.0109172005414953e-01	   1.4155418975032130e-01	   2.8150012615088250e-02	   1.1761969641185592e-01	   3.0188254321024840e-02	   1.1976588664357914e-01	   9.6425760012242012e-02	   2.0458502354452915e-02	   9.0404972417013590e-02	   2.9600566565234454e-01	   1.2831033755694399e-01	  -1.8688313880499971e-01	   1.2892026556748212e-01	  -1.2553887416330103e-01	
   3.3873423054860230e-01	   1.3122567332291807e-01	   7.7425351517393559e-01	   7.3743416972107678e-01	   7.9047438310684770e-01	   0.0000000000000000e+00	   1.0191102379493437e+00	   9.0146978208445094e-01	   7.6931556028874704e-01	   1.1194816541056254e+00	   5.3366263705110339e-01	   2.1713732778484032e-01	   7.4814236067073692e-01	   3.8787080123849405e-01	   8.2869342498870779e-01	   6.5258984788229635e-01	   4.2725400590041113e-01	   2.8592537851108235e-01	   5.1516490448407859e-01	   3.4469962980896901e-01	   3.3754327084107477e-01	   4.9229550337410921e-01	   6.7058376848518408e-01	   9.8232867596216167e-01	   7.8245541253895476e-02	   3.1990651234181633e-01	   5.3712326131922050e-01	   7.7201386216730117e-01	   4.4395133244749535e-01	   4.4832384442944345e-01	   5.2864518361478829e-01	   5.6820284010687294e-01	   6.3279950165345600e-01	   7.0843408367670513e-01	   4.7633572982508199e-01	   6.2973075813631330e-01	  -1.1377599410637984e-01	  -6.2724209012307283e-02	   6.0516544585665952e-02	   1.1286446363325150e-01	   2.1800031839252648e-01	  -4.1450150424370488e-02	   5.7932168071810031e-01	   3.9626390895453195e-01	   5.4534850579010818e-01	   4.6020658732120490e-01	   4.8124748380295479e-01	   5.0884568510585759e-01	   4.5590552339737928e-01	   3.6874474577106109e-01	   2.9094353736991929e-01	   6.5204317500498959e-02	   3.3788611999409307e-01	   2.6992411033487734e-01	   4.1260300527623173e-01	   5.8324789592057280e-01	   1.1590146258854833e-01	  -2.9652571486133424e-02	   3.6483711482940401e-01	   2.2234920122600002e-01	   9.3110209798394394e-01	   6.3041858934407258e-01	   5.3523978719280163e-01	   3.9472274008097707e-01	   4.7429087265957809e-01	   7.6299014141956401e-01	   6.1543701381713634e-01	   5.0018043338390372e-01	  -1.4225555914218957e-01	  -5.0024827156581735e-02	   6.6774902177352213e-01	   4.9899133293153142e-01	   5.9364115838429998e-01	   5.1794417959035077e-01	   5.6254064917755786e-01	   6.2711364269998415e-01	   4.4129623792837552e-01	   5.6208142563500751e-01	   4.9263055908489911e-01	   3.6101807420515647e-01	   3.0523359455565874e-01	   3.1234945967964878e-01	   5.5302299200526606e-01	   4.3552370244095540e-01	   4.6875449348238590e-01	   4.0665080587654906e-01	   3.7506713520737778e-01	   3.4641951639703644e-01	   6.7998232950246640e-01	   6.4887429388731266e-01	   8.5249776986225756e-01	   9.6100150673919649e-01	   9.0513190151968348e-01	   7.9000673281487477e-01	   3.4901648488647380e-02	  -3.7446591537369245e-01	   2.7553352471897585e-01	   2.9528802486546468e-01	   6.7857766193732494e-01	   9.4432373646035495e-01	   1.0020417905348353e+00	   8.0017275046428660e-01	   5.7707157075530535e-01	   4.6027010922774808e-01	   4.1417147826004208e-01	   4.7175137125187405e-01	   1.5778858599935300e-01	   2.7529117750618376e-01	  -6.4430717998016692e-03	   4.7134306980090353e-03	   2.5525069944247358e-01	   6.1605191255224823e-01	   4.2533518313921698e-01	   2.8166555697631085e-01	   4.8766396783376065e-01	   2.2356748966416504e-01	
   3.4840527907040586e-01	   1.7562568001983303e-02	   1.1687385183366141e+00	   8.9606915802881071e-01	   5.7582210473081707e-01	   1.0191102379493437e+00	   0.0000000000000000e+00	   1.7374899669576738e+00	   6.8851738926878470e-01	   1.1760380265986778e+00	   6.7212719574218471e-01	   3.9653417244810335e-01	   8.3952834341300575e-01	   5.4107327483307566e-01	   7.2627956090556522e-01	   8.0446426801354987e-01	   4.1742913435126161e-01	   1.2657806607114069e-01	   7.4407052029364740e-01	   5.4856596241975453e-01	  -5.7842424056715009e-03	   1.9473161178114629e-01	   4.2221821525441183e-01	   8.1753087401967495e-01	  -2.1877798839271326e-01	  -1.4944421295840038e-02	   2.2966700780292379e-01	   2.8525799923278433e-01	   5.6533273586450605e-01	   5.3021549727323591e-01	   5.5895475291789098e-01	   5.9937402245175309e-01	   8.7076224972597338e-01	   9.1411870050549260e-01	   2.7352011932300585e-01	   5.3015362069144600e-01	  -1.2535985947999195e-01	  -5.1323936151402016e-02	   9.4349948402265113e-02	   9.1980481341653070e-02	   1.7878525488797933e-01	   3.9568536720452165e-02	   5.9626924246980639e-01	   4.3206303174613109e-01	   5.8249095382299332e-01	   5.2857261915015008e-01	   6.5164148709568326e-01	   5.9257300015903935e-01	   6.0044838323716621e-01	   5.1901812092995514e-01	   4.2206950041959013e-01	   2.1628087436517018e-01	   4.6279437785931543e-01	   4.0786263538261275e-01	   4.7786600850895911e-01	   6.1272448036761462e-01	  -4.2325690431764096e-02	  -3.0317833724536947e-01	   3.4261172669364359e-01	   1.5237720282604367e-01	   1.1837729218904018e+00	   8.9849001981029319e-01	   5.8122621395246477e-01	   4.0132611992161926e-01	   3.4591570614837319e-01	   6.8552557345919884e-01	   6.6997151862514970e-01	   5.3766141948864710e-01	  -1.9137514549762807e-01	  -1.3397785875812893e-01	   5.1569645381646712e-01	   4.2835032043763288e-01	   7.1582452648658990e-01	   5.2907009733496491e-01	   7.7400103681685595e-01	   7.3384695698835722e-01	   5.4659575776986391e-01	   4.1619283235865423e-01	   3.0819332574489533e-01	   5.3126920013657403e-02	   3.0403378378153800e-01	   2.8717643816510052e-01	   5.0566669051755442e-01	   4.9848223544988629e-01	   4.4840725877704946e-01	   3.4921007507513979e-01	   1.3127340162776976e-01	   2.1307265511159901e-01	   6.6297419984856654e-01	   7.0123683939071813e-01	   9.2779574191495351e-01	   8.7808990184237068e-01	   7.8678786647599952e-01	   7.3124126594149097e-01	   1.1707678169242063e-01	  -2.1269628792321352e-01	   2.7672123928791825e-01	   1.5498335471006153e-01	   7.4981895877854476e-01	   9.1453621944912111e-01	   8.9680761534159492e-01	   7.9695541920482627e-01	   5.4174167304336618e-01	   4.4369928465254255e-01	   4.9280985541722222e-01	   5.0014268035197873e-01	   1.8546278508657588e-01	   1.8707989771612810e-01	  -3.5963175236957620e-02	   4.5965948051244444e-03	   2.2066340805947104e-01	   4.7364556601705532e-01	   3.4058053962902357e-01	   1.8385857797621649e-01	   4.3447317969392596e-01	   2.2512202950081744e-01	
   2.9169340073394034e-01	  -1.6475184599021180e-02	   1.0950342182593931e+00	   8.9784255499030563e-01	   3.6672367660502697e-01	   9.0146978208445094e-01	   1.7374899669576738e+00	   0.0000000000000000e+00	   5.1411429034116818e-01	   1.2755248539942927e+00	   5.7487174860296464e-01	   4.3451787815324094e-01	   7.4625672420247391e-01	   5.8243788756937309e-01	   6.8140224973292585e-01	   8.6492506833474592e-01	   3.7018982121855221e-01	   8.5926283330148540e-02	   6.3079980182069573e-01	   5.1982266570246205e-01	  -1.6601548503148860e-02	   2.2481982182622054e-01	   3.2811388805934877e-01	   7.7618605153973064e-01	  -3.5278267739311947e-01	  -1.3029949628670587e-01	   1.0790326870266989e-01	   2.0629415677109569e-01	   6.3911455781169746e-01	   5.7235870015365775e-01	   6.1411821228366215e-01	   6.6336549696648373e-01	   7.7570252319094901e-01	   9.4902017756748669e-01	   2.2206101208467441e-01	   5.2577486131662143e-01	  -8.9767798521354386e-02	  -4.3992239505808134e-02	   8.5042798428091010e-02	   9.6770389915613583e-02	   2.3229032012181444e-01	   4.8528060593357278e-02	   5.4493744881632278e-01	   4.1458007968805394e-01	   5.4174064852099213e-01	   5.0190949328740131e-01	   6.0288014329593342e-01	   5.8964777063835205e-01	   5.3683622465779046e-01	   4.9740266223420382e-01	   3.7683941491570294e-01	   2.1759037855407551e-01	   4.9675469248935872e-01	   4.2383403973867556e-01	   4.0997011869452260e-01	   5.5739470717878858e-01	  -5.3717355674805595e-02	  -2.9259284790425921e-01	   2.7689609151203187e-01	   1.3994544602163644e-01	   1.1020048054739184e+00	   1.0753380141090878e+00	   5.2954023026513508e-01	   3.9494534006340093e-01	   2.9933510822380882e-01	   7.1862599669632077e-01	   6.0265944279916772e-01	   5.2594530663413330e-01	  -2.7813707760770734e-01	  -1.5678624953146325e-01	   4.8256052588441767e-01	   4.6418693729002297e-01	   6.6061444780841772e-01	   5.0676767935517086e-01	   6.7190347008008589e-01	   6.6326523447492991e-01	   5.6059127495429983e-01	   4.5137323410350172e-01	   3.1445294803999618e-01	   1.0059913599868473e-02	   3.3005956996693053e-01	   2.7026421935182238e-01	   5.6160603672623588e-01	   5.2052762573522815e-01	   3.8683585265809983e-01	   3.2731110295300908e-01	   7.6483187368614786e-02	   2.0262702143791120e-01	   5.6862749567613480e-01	   6.7493461556713485e-01	   8.9314611753296580e-01	   7.6314756075548462e-01	   7.7150849493909668e-01	   5.9270895546679270e-01	   8.9695422534733255e-02	  -1.5096257526540494e-01	   2.4800108416577782e-01	   1.3905283542187830e-01	   7.3692422037742289e-01	   8.4080316195047511e-01	   9.2112355123429590e-01	   6.3865302534601764e-01	   5.6589935618047327e-01	   4.1442178457643586e-01	   5.2213992567520684e-01	   4.7927703394651272e-01	   1.5187618244906773e-01	   7.8718600356498067e-02	  -6.4287731248085636e-02	  -1.6704913230429993e-02	   2.4089756636800080e-01	   4.9890139781787446e-01	   3.7510986947273833e-01	   2.5829362588817251e-01	   4.4360294547603901e-01	   3.1694780974366149e-01	
   3.4864147238405724e-02	  -9.1195429944110201e-02	   5.9705217631136376e-01	   4.3970492392525451e-01	   1.2440319365081374e+00	   7.6931556028874704e-01	   6.8851738926878470e-01	   5.1411429034116818e-01	   0.0000000000000000e+00	   3.9402546128480243e-01	   2.7981211569435316e-01	   4.8418180302031405e-02	   2.5683844583841869e-01	   4.5098500860500254e-02	   3.5100414275616793e-01	   3.5504164539091693e-01	   1.7951554169260608e-01	   4.8310222994279194e-02	   2.4642754155822694e-01	   1.9955913857867724e-01	   1.0145690889804994e-01	   7.3002888191224163e-02	   3.7448237551808722e-01	   4.9763879444129600e-01	   2.1583961752318540e-02	   3.1986700632362536e-01	   2.3473738732267591e-01	   2.1966643710018904e-01	   1.8331262259300968e-01	   1.6726844512025779e-01	   3.6851473112947403e-01	   4.2873850721448353e-01	   3.7405717639216879e-01	   3.6433969965774449e-01	   3.0588633047430852e-01	   3.4371353117175468e-01	  -2.3355394501344645e-01	  -1.8209606612277476e-01	  -1.4584598496919603e-02	  -2.8454965003915735e-02	  -6.4330367656455015e-02	  -3.9715118554954999e-02	   5.2633654936123753e-01	   4.4755735116794682e-01	   4.4633832803066775e-01	   4.3880749225100973e-01	   5.0923394274953382e-01	   4.7132722269160604e-01	   4.9651551405479166e-01	   4.4802041146625793e-01	   2.3756459639548325e-01	   7.5365422921756312e-02	   2.1542198361756190e-01	   2.1856540331330704e-01	   2.5452449279042560e-01	   4.0327043813252733e-01	  -1.5321477439452674e-01	  -2.6444008967918065e-01	   2.5590478379782861e-01	   1.0871054379856117e-01	   5.4009889187423399e-01	   4.0211447021503721e-01	   1.6837483288402944e-01	   1.1991357593484796e-01	   4.5727058716437352e-01	   5.2005323572200335e-01	   3.4132934460956454e-01	   2.8418314727621202e-01	  -2.4713649813078986e-01	  -1.2812809237175396e-01	   5.4094538689424698e-01	   3.8454890991795138e-01	   5.0696381214155117e-01	   3.1905173573111645e-01	   4.9011828708659028e-01	   4.5653444466843257e-01	   1.3550639738942913e-01	   3.1226962027250565e-01	   1.5044914807986998e-01	   1.0398394795580365e-01	  -4.2704282516334756e-02	  -2.0752152508330901e-02	   1.3241767827839471e-01	   1.6329190599825602e-01	   8.7127498440408624e-02	   5.1844074037259748e-02	   1.2788840720613986e-01	   4.6314900518324029e-02	   2.0745949521082915e-01	   2.6674609415657630e-01	   4.4811194020861511e-01	   5.9316229830531053e-01	   4.1880171997928650e-01	   5.8072024963619906e-01	   1.0504043779807161e-01	  -2.0703232880693212e-01	   9.0753948765240650e-02	   8.9035434849199527e-02	   3.4138236530112970e-01	   5.7257095491224863e-01	   5.6217031844477972e-01	   6.6920838208613531e-01	   1.0621898112843392e-01	   4.1553347952215852e-02	  -5.5209341267095625e-02	   3.0106259975671616e-02	  -1.0111333551589397e-01	   1.0463847634096293e-01	   1.0993064038297573e-01	   2.3418862077195155e-02	  -8.1848016777223989e-02	   1.6642524797121028e-01	   1.5499318518664545e-02	  -2.3578072837981007e-01	   1.2124910365617832e-01	  -1.5162073328439063e-01	
   3.5944358034095436e-01	   3.6064895239084370e-02	   8.2231011408713073e-01	   7.0326299743833087e-01	   3.1045530895837847e-01	   1.1194816541056254e+00	   1.1760380265986778e+00	   1.2755248539942927e+00	   3.9402546128480243e-01	   0.0000000000000000e+00	   6.1413042940890405e-01	   3.5616376841999464e-01	   8.9107564354118785e-01	   6.2262983261610338e-01	   8.9914454813618849e-01	   8.5133468394961498e-01	   3.1456230857195666e-01	   1.0341656450612842e-01	   6.4050456679045331e-01	   3.9244964479880229e-01	   2.9141672325706650e-02	   3.2755871508979562e-01	   3.9489707815585717e-01	   7.7048162364196304e-01	  -3.0421047441427457e-01	  -1.6071786144155081e-01	   2.2742454155643677e-01	   4.2448827973245318e-01	   6.4999501135263971e-01	   5.2933924563571111e-01	   4.7160993251008765e-01	   5.1241968454896702e-01	   6.1346842511118527e-01	   7.8530979614157215e-01	   1.5172072478817009e-01	   3.5334359199999060e-01	  -6.4059622217292542e-02	  -7.1736675176121367e-02	   3.6878348420113706e-02	   9.7577296270992306e-02	   2.1458854600947519e-01	  -3.8299766491701651e-02	   3.5597276122959903e-01	   2.1857677230347278e-01	   3.4815715280013426e-01	   3.1320759563684364e-01	   3.7569531643528026e-01	   3.6027675685877186e-01	   3.1173857690683537e-01	   2.7948260601833019e-01	   3.0418639126519359e-01	   1.0680230352487269e-01	   4.8354704555699518e-01	   3.9280330176979816e-01	   3.1275165664555399e-01	   4.5511742286608697e-01	   6.0584183082106675e-02	  -1.0619813428615107e-01	   3.5866308623145582e-01	   2.1533174622664256e-01	   9.9915035714961231e-01	   8.6950086387203007e-01	   5.9657183672156178e-01	   4.1858006816113347e-01	   1.9642530918034437e-01	   5.0244127352522128e-01	   4.5553804865140723e-01	   3.2173414212481694e-01	  -1.5562085730581277e-01	  -9.0921431419637780e-02	   4.8867319482881943e-01	   4.6749550279280372e-01	   5.9015950492945657e-01	   4.0664188190519629e-01	   6.4350591056579687e-01	   5.1600371669878242e-01	   5.8298141849133966e-01	   3.4435607872214757e-01	   2.9706754901220678e-01	   4.1384347792106611e-02	   3.7789894234192090e-01	   2.9262092256437283e-01	   5.9285827539875369e-01	   4.4295688651919285e-01	   4.1206259513693433e-01	   2.6609751108206048e-01	   1.1665340949704485e-01	   1.3766781578926884e-01	   6.6596295346721868e-01	   7.3108791037231013e-01	   7.7087536050059824e-01	   7.6975249537056656e-01	   7.7253639944528485e-01	   6.2268248551942262e-01	  -7.6771635177746531e-02	  -2.8613820746717306e-01	   1.3995858162758418e-01	   1.1369507299586464e-01	   6.0930132581010588e-01	   6.9952920614083891e-01	   8.1815795789663170e-01	   6.1264358346437953e-01	   6.6570192351851898e-01	   5.5585063558876624e-01	   6.2166670891120857e-01	   6.3808336227561191e-01	   3.3453803408151328e-01	   2.7139426363447761e-01	  -1.9108528690799739e-01	  -1.0111718472862813e-01	   1.7872241438156700e-01	   5.0457573985531923e-01	   4.4865461065294293e-01	   2.9669853737564417e-01	   3.9376797732317498e-01	   3.1836204908486321e-01	
   7.2931754114740921e-01	   3.5063136597121758e-01	   4.4411064580097592e-01	   2.3917501293699053e-01	   2.4173390161405761e-01	   5.3366263705110339e-01	   6.7212719574218471e-01	   5.7487174860296464e-01	   2.7981211569435316e-01	   6.1413042940890405e-01	   0.0000000000000000e+00	   9.0427918953744435e-01	   1.1423507472765111e+00	   8.9795261033373852e-01	   6.4054747610263252e-01	   6.2070328059787938e-01	   8.2712114882352838e-01	   5.1284429880046023e-01	   8.9856101718045156e-01	   6.6186100642775647e-01	   2.2056387921676950e-02	   2.0690567025588877e-01	   2.0949680685792610e-01	   3.1666971020907853e-01	   2.3895532607013849e-02	   4.9387241828617964e-02	   2.9817984846994494e-01	   2.2745275576914686e-01	   6.8451339399918021e-01	   7.9728649532489260e-01	   1.9446071827864914e-01	   1.7544456859485155e-01	   5.2764640890000880e-01	   5.2440762665331242e-01	   9.1705782886100845e-02	   3.6270083005187453e-01	   2.0874585298293208e-01	   1.6879904572946658e-01	   4.9277127141750743e-01	   4.0974397844342225e-01	   5.2640381897458433e-01	   3.0039581610796762e-01	   3.1300818484306603e-01	   2.8769111171922668e-01	   2.6356771008975532e-01	   2.4795758148198260e-01	   4.9926814217188031e-01	   4.1538053748394016e-01	   4.5886775750153569e-01	   5.8775168806945777e-01	   6.0998017791091752e-01	   5.4370868735371480e-01	   6.1152260779622636e-01	   4.1431704059733954e-01	   9.1428522909897103e-01	   9.9121144451415677e-01	   2.6539308080611906e-01	   6.0159546134435971e-02	   6.0837856971029847e-01	   4.7042145586908157e-01	   7.5670845200828174e-01	   5.7821088060999115e-01	   7.3286157119742990e-01	   6.8991452964004474e-01	  -1.1225626160464341e-01	   1.8789932072946167e-01	   4.0356792703998734e-01	   2.9612161457365854e-01	   5.9266102221524009e-02	   2.0851109114146602e-02	   2.1065686420632909e-01	   2.1149079324687858e-01	   8.4443096256243588e-01	   7.9943188876869797e-01	   9.6275935390726375e-01	   9.5717929058786300e-01	   8.7770215537106622e-01	   6.2656797268806697e-01	   5.2130385686667258e-01	   3.1530842109027429e-01	   6.8148446569643650e-01	   6.9988442065843470e-01	   6.3379023433563797e-01	   6.5532661560349292e-01	   7.2812342901141835e-01	   5.5972441274473672e-01	   2.8138420976339074e-01	   1.2356907673780307e-01	   8.8464628467743522e-01	   9.4996706820196597e-01	   5.4849558507919016e-01	   5.5092636433035480e-01	   3.7979857646618137e-01	   3.4910843279676701e-01	   2.8926460181934371e-01	   7.2261350618721765e-03	   4.2510981995748032e-01	   5.0695869254953629e-01	   7.1375965364148219e-01	   7.7217121775900444e-01	   4.6125031446817905e-01	   3.9562758049194519e-01	   5.0340519316954380e-01	   4.0001446957508391e-01	   3.2820193332291514e-01	   4.4236665326096286e-01	   1.6057067029107105e-01	   3.1784252507322913e-01	   3.2904585558912881e-02	   9.2370407896398901e-02	   4.0644900635077480e-01	   4.8349089048870386e-01	   2.6545706540835085e-01	   2.7338236923592762e-01	   5.1574218142804229e-01	   2.1708424992590317e-01	
   5.4274210552678959e-01	   3.8857354272010430e-01	   2.9552008240625843e-01	   1.1635629575581161e-01	   5.8256145954361745e-02	   2.1713732778484032e-01	   3.9653417244810335e-01	   4.3451787815324094e-01	   4.8418180302031405e-02	   3.5616376841999464e-01	   9.0427918953744435e-01	   0.0000000000000000e+00	   5.1350425759536233e-01	   1.2158618297418682e+00	   2.1629955162322873e-01	   6.6383948419407823e-01	   5.9885442026824398e-01	   4.5249387136530933e-01	   7.3490256027331702e-01	   9.2204414027934911e-01	   1.9709711095571838e-03	   5.0123751792830573e-02	  -1.2681279750265181e-01	   2.4445293204154662e-02	  -1.8033587333517781e-01	  -1.6263449402206054e-01	   1.2738288156526608e-02	  -9.0472349910997119e-02	   7.1128178682060028e-01	   8.7000571982491681e-01	   1.5551517236644086e-01	   1.7506471991265815e-01	   4.4641955308071568e-01	   4.6842088248545832e-01	  -1.7145287721049344e-02	   2.4120997169617478e-01	   5.5305184036533291e-02	   5.3544074566203928e-02	   2.4957576095853776e-01	   1.4240366218641548e-01	   4.6800097718808986e-01	   1.6107008057038474e-01	   2.1867125296377693e-01	   2.1048711733202380e-01	   2.1172078833078148e-01	   1.7017147477422789e-01	   4.4231979176806757e-01	   3.1692051064558474e-01	   3.8071972870125481e-01	   6.3207834490094861e-01	   8.3043535542829017e-01	   9.1481360323645666e-01	   7.5907814656913586e-01	   5.9614698343237604e-01	   6.8819200267405578e-01	   6.9632775789845469e-01	   2.2351324543595474e-01	   1.7072661030087180e-01	   4.1916726304513169e-01	   6.7688192610542963e-01	   4.8625179493333431e-01	   6.8291619063013875e-01	   6.5959498215001844e-01	   9.5203018636097891e-01	  -1.4779380153355584e-01	   2.1787657136237720e-01	   3.8031712652899730e-01	   3.3428132389698573e-01	   5.5732813772230196e-02	   4.1748525364321588e-02	   2.0609727250917018e-02	  -2.9562506552631661e-02	   6.3293850650923567e-01	   7.4644052644291659e-01	   6.1415036288766744e-01	   7.9226856018981795e-01	   4.9744768013662255e-01	   4.8231558945325925e-01	   4.6842353634087225e-01	   1.6196848661872895e-01	   6.0009165700554101e-01	   5.8130038788440386e-01	   3.9832143037593193e-01	   5.7488140647479380e-01	   6.0784628165452070e-01	   5.1210573337119902e-01	   1.4984451145942282e-01	   8.1964671560260091e-02	   2.9075080646941315e-01	   7.3288036315666982e-01	   4.6717668622199632e-01	   2.2913698194826548e-01	   2.3811626420855384e-01	  -2.0615827006062550e-02	   2.9371937597248843e-01	  -1.7645168550634541e-02	   3.0852044859757449e-01	   3.4466875559745375e-01	   6.0480858941886906e-01	   3.9872839767612267e-01	   4.6589650924502923e-01	   3.9565311882376011e-02	   5.6454514485273322e-01	   2.2383400265467948e-01	   1.2620817009748067e-01	   1.7045811059373170e-01	  -2.0389080858520679e-02	   5.5748791296166347e-02	   1.4408222732383685e-01	   1.4214330905972941e-01	   2.9425487117698812e-01	   3.1394484456160171e-01	   2.3317282247385324e-01	   2.4670383269986634e-01	   3.5680814525335203e-01	   1.8443949765904355e-01	
   5.9036935512929511e-01	   1.8250178881355261e-01	   4.2305821663275767e-01	   2.4691982925291162e-01	   2.0592036942678371e-01	   7.4814236067073692e-01	   8.3952834341300575e-01	   7.4625672420247391e-01	   2.5683844583841869e-01	   8.9107564354118785e-01	   1.1423507472765111e+00	   5.1350425759536233e-01	   0.0000000000000000e+00	   9.0265664537126789e-01	   8.7003582832998616e-01	   6.5581522388279267e-01	   5.6826162193481844e-01	   3.2323973684928109e-01	   8.7956541760136575e-01	   4.7996942832294659e-01	   1.1208041038256630e-01	   3.1836601772325879e-01	   2.0151379764448174e-01	   3.8101513921606417e-01	  -4.8042894060869833e-02	   2.2698970156858983e-02	   2.8368856839546247e-01	   3.1209871600970035e-01	   5.9743199868938035e-01	   6.1021608921516113e-01	   1.4748162739054221e-01	   9.2421896921343047e-02	   5.1920499762640904e-01	   5.7664649074126295e-01	   6.1111824128280229e-02	   3.6602705144361941e-01	   2.4254504108431466e-01	   2.5814227641562781e-01	   4.3368408071312553e-01	   4.3476447753638392e-01	   5.0052764400990846e-01	   3.2368233965536686e-01	   3.2035416540753314e-01	   2.4390554631114941e-01	   3.2536476016423654e-01	   3.0743937306993058e-01	   4.0049617924630898e-01	   3.7234932895238942e-01	   4.1709406983582686e-01	   4.2216015899933113e-01	   3.8810433757874430e-01	   2.8433983236564847e-01	   4.2325399166243272e-01	   2.7108129820245119e-01	   7.0245087728270850e-01	   7.8967349598873848e-01	   1.3249100032066363e-01	  -5.0887324774134185e-02	   5.7339688844750469e-01	   3.3529463846186175e-01	   9.6971566960313615e-01	   6.0066092265076809e-01	   6.0709053630955578e-01	   4.7017142086965541e-01	  -9.9983308545791794e-02	   1.8537907802621448e-01	   5.0315081957498742e-01	   3.6835780687786185e-01	   2.6769492368216092e-02	   6.2768424409124612e-02	   3.2165478646003115e-01	   2.7252436177230294e-01	   7.0455283669011814e-01	   6.2256830169199229e-01	   8.5153396141007209e-01	   7.5749353752033277e-01	   8.0283642399079225e-01	   6.0489385761305514e-01	   3.5262646028260336e-01	   2.9941092911411804e-01	   5.5487755980256237e-01	   5.2607998564102276e-01	   6.2728856481471373e-01	   5.7769728385982255e-01	   5.4553524859836300e-01	   4.1194428056355908e-01	   2.4446131054220022e-01	   1.6156696651163494e-01	   1.0847155939847184e+00	   8.2532607889942167e-01	   6.1410939346339644e-01	   7.0559341236916917e-01	   5.3390206513654648e-01	   5.0106609054632356e-01	   2.0137770696662899e-01	  -1.0717018709958785e-02	   4.2197098792058757e-01	   4.8291106933546324e-01	   6.9524433997062085e-01	   7.8503777247030293e-01	   5.8775905733179667e-01	   6.2964889754765452e-01	   5.9994693936309140e-01	   6.1537820717559522e-01	   6.2576194057174583e-01	   6.1954734559472968e-01	   1.4132568451947361e-01	   3.7884107410910017e-01	   4.9338719901881260e-02	   1.1152006939238392e-01	   4.4212135867532126e-01	   6.6537256874560891e-01	   3.7931203859505169e-01	   4.1630376399834690e-01	   6.6118515017480262e-01	   3.1306024256226278e-01	
