   0.0000000000000000e+00	   8.8444680387185781e-01	   5.9806061921402465e-01	   5.3695205400731560e-01	   5.9804799493517469e-01	   3.5882091891720075e-01	   7.0333780308097082e-01	   6.1689265415866901e-01	   6.6566089479614909e-01	   5.1450282930189972e-01	   7.9818572004755972e-01	   7.0573437166525987e-01	   7.3230992228199832e-01	   6.5438016805870358e-01	   7.2149973330976214e-01	   6.2258033349269537e-01	   7.0338285632866770e-01	   7.4523773211372857e-01	   8.5133983820686121e-01	   4.1005438734617672e-01	   4.0262992523575808e-01	   3.8232735789285072e-01	   6.1813668773304153e-01	   6.1921181933797631e-01	   4.6906941630809651e-01	   3.9443818777204487e-01	   4.2717923103666300e-01	   1.1979105953898295e-01	   7.5370055963466498e-01	   6.7971072578352676e-01	   4.8287975595532023e-01	   5.4018902880501440e-01	   7.1770042296357395e-01	   6.8944816793190011e-01	   3.4226749939290757e-01	   4.0988506704746042e-01	   3.2206707004912855e-01	   1.9276612074160260e-01	   1.2055389384386843e-01	   7.2051017417991581e-02	   3.3729542981585664e-01	   4.0944648431342900e-01	   6.9773657236097708e-01	   6.5982186758610428e-01	   6.0059106369896709e-01	   6.0602444686419754e-01	   6.8070750785050826e-01	   6.4050248953387978e-01	   6.8733891034222627e-01	   6.0331419071532932e-01	   5.3644740429508575e-01	   5.3450762457168588e-01	   5.1917715777793205e-01	   5.2850176892548517e-01	   5.2223536816595573e-01	   6.0973963149280219e-01	   7.6803242111909042e-01	   6.8318654416392299e-01	   3.5786814051975824e-01	   4.7472262280559763e-01	   6.5599200036730698e-01	   5.6704757899872338e-01	   7.0229562618025865e-01	   6.0676794225299713e-01	   3.5632071686580086e-01	   4.1265623751999619e-01	   4.4899204399354398e-01	   3.8098683710501963e-01	   5.4921500567142245e-01	   9.4689933670433823e-02	   5.6868630597284131e-01	   4.3821308055988095e-01	   7.2073020741116045e-01	   7.0267143910737095e-01	   6.9809730729236374e-01	   6.5683801115299156e-01	   6.4364610446493797e-01	   5.8028076452519983e-01	   6.7866436890569737e-01	   7.0562319036418153e-01	   7.4205090701317167e-01	   7.5303926084273942e-01	   6.0107981447856740e-01	   6.7252189075380353e-01	   6.9381357920335196e-01	   6.6199393297785547e-01	   3.9800179862317497e-01	   5.6677098494412059e-01	   4.8169327743284635e-01	   6.4758310099565441e-01	   4.9574031578322358e-01	   6.8013928587286343e-01	   4.2843809999540816e-01	   5.4746304110650279e-01	   2.6673334903370416e-01	   4.5473179743572283e-02	   5.0793780909582220e-01	   4.8640939935928207e-01	   5.7692427384821465e-01	   6.4807801915780783e-01	   2.3091054473154218e-01	   4.2527145408259798e-01	   2.3816173752189504e-01	   2.3917520273231785e-01	  -3.4218233827549793e-01	  -2.9228101835145104e-01	  -4.9856955872847875e-01	  -3.0571481490582142e-01	  -1.3674594086176495e-01	   1.8804804479508880e-01	   5.4422200782944996e-01	   5.6403630680085048e-01	   4.5902559606401955e-01	   3.2744541899545665e-01	  -9.3355072774210721e-02	  -3.4909680827779854e-01	
   8.8444680387185781e-01	   0.0000000000000000e+00	   4.9891754686086626e-01	   6.0364059704190876e-01	   4.7977774412168339e-01	   3.5668275758656259e-01	   5.2470208007636843e-01	   6.0483765036847958e-01	   5.2414593377865193e-01	   4.8291221305465726e-01	   7.6783619593217323e-01	   7.2500608345180417e-01	   6.5098380845600068e-01	   6.7308371254022914e-01	   7.0404932907082829e-01	   6.1410144864293004e-01	   7.9791503590318658e-01	   8.5400143753712787e-01	   8.4673913927456890e-01	   5.8274661997148924e-01	   3.0950366455735662e-01	   4.3990945160852413e-01	   5.5243122938314304e-01	   6.0825738586059275e-01	   4.0903798330562535e-01	   4.3252717466101953e-01	   2.3195593145742502e-01	   1.2390532409312319e-01	   7.9668256836931950e-01	   7.0239422780609861e-01	   4.7443094881901626e-01	   5.4464290516631264e-01	   7.1255414931420458e-01	   7.3985611101143633e-01	   3.7067953384851848e-01	   4.9633186865523637e-01	   3.9749030956092968e-01	   2.4127796615361846e-01	   1.9323968880508571e-01	   2.5312552037041403e-01	   3.7038190670566484e-01	   5.5870865464065933e-01	   7.2685638720902213e-01	   7.3474934080870147e-01	   6.2625469899446073e-01	   6.7196712914137491e-01	   7.7051716461702435e-01	   7.5580001901832339e-01	   6.7796997651195423e-01	   7.0363755223589763e-01	   4.6570136044979460e-01	   5.3257270296332870e-01	   5.7957853403068582e-01	   5.4354218317515224e-01	   5.8829999246435183e-01	   6.7809650350581308e-01	   7.9371220563814759e-01	   7.9758919243783555e-01	   3.3214077177365997e-01	   5.4386168798830548e-01	   5.3095454211917414e-01	   5.8126958351520108e-01	   7.7215439861025859e-01	   7.1166357000921998e-01	   2.6758265868811643e-01	   4.2139262732498600e-01	   3.9669318776254148e-01	   4.1145550371735545e-01	   6.4376476492192225e-01	   2.7844713250145220e-01	   5.7085456203240492e-01	   4.4756014692720947e-01	   7.8721560503738619e-01	   7.7751141860185080e-01	   6.9652885816356103e-01	   7.4773780574706739e-01	   7.0480894926488036e-01	   6.7371500451958333e-01	   7.7587156578177718e-01	   7.5071675538102989e-01	   8.1858251662033776e-01	   8.2281706025878087e-01	   6.5902676888717093e-01	   6.6951963995522279e-01	   6.4008492990685895e-01	   6.5272042023183352e-01	   4.4107999829240696e-01	   5.8788792693084668e-01	   5.3995300566300775e-01	   6.9952879283292890e-01	   5.3047543402690533e-01	   6.6232565790508702e-01	   4.4003602960696264e-01	   5.2577106979276744e-01	   2.7505494773969774e-01	   2.0092185616741712e-01	   5.9403895595819078e-01	   6.3962863175106444e-01	   6.9703571214087490e-01	   7.3208523427370098e-01	   3.2471437489224070e-01	   4.0108673532009603e-01	   3.3237669133070236e-01	   2.8076406806840531e-01	  -2.8529304634520047e-01	  -2.3523209521873756e-01	  -4.0854748545771269e-01	  -2.1467249408882022e-01	  -2.6824666048251747e-02	   2.7030815777607936e-01	   6.5403480884544063e-01	   6.5127468689044443e-01	   5.0086690772698017e-01	   3.9186719962558425e-01	  -6.3526559817321415e-02	  -3.0962463037967508e-01	
   5.9806061921402465e-01	   4.9891754686086626e-01	   0.0000000000000000e+00	   5.4919601385819616e-01	   3.7743593640156142e-01	   1.7269078244848030e-01	   7.9701349389250453e-01	   3.3073006051685794e-01	   3.9087600202522921e-01	   2.6346017897862262e-01	   5.4963510061267207e-01	   4.0786532904407091e-01	   6.4223967545229188e-01	   3.2531323504040127e-01	   7.3506061309563486e-01	   4.7751294150169454e-01	   2.5822952958615042e-01	   2.9218110317689988e-01	   6.9046523743798227e-01	   2.5577269929528912e-01	   3.8470117941502652e-01	   1.8863593575492504e-01	   9.3126733442556964e-01	   6.3638267917486102e-01	   5.0873884863869279e-01	   3.6187315803204667e-01	   3.0582697814321869e-01	   1.1467035272950453e-01	   4.1881671920924579e-01	   2.7700995092641778e-01	   5.4897999373534567e-01	   5.4113339774422087e-01	   5.7359362451989537e-01	   4.3049978465956795e-01	   6.2828610063356893e-01	   3.7204682857778415e-01	   2.7436176648093363e-01	   1.2231147575255277e-01	   7.5350103286679737e-02	   7.1770254138066855e-02	   2.6340582805705681e-01	   1.7621167292762246e-01	   5.8470154694413912e-01	   5.0240001187433270e-01	   4.0935862926580979e-01	   3.6031995573514480e-01	   4.7516344587610482e-01	   4.2587405596504307e-01	   4.5172833977518850e-01	   2.6063158903106121e-01	   3.8583593308771313e-01	   3.3854770190727801e-01	   3.8929687935616120e-01	   5.8706846207604113e-01	   2.6300418575383089e-01	   4.4722660574870515e-01	   3.3380063131382415e-01	   3.4706072515338759e-01	  -1.2213406119642160e-02	  -5.9791745947059341e-03	   3.3162531446565385e-01	   1.5118620576878863e-01	   3.7744368085178892e-01	   1.5149289064448387e-01	   6.8330745230537238e-01	   3.7580610637443546e-01	   4.4642666872137754e-01	   1.3442811890982234e-01	   3.4621506910089705e-01	   2.1008212689148063e-02	   5.0093825385997370e-01	   4.4626255347392174e-01	   5.4764758104546296e-01	   5.6526512212104651e-01	   5.2261821262186037e-01	   5.0294055011647409e-01	   5.5304680596587352e-01	   3.8435989195411940e-01	   2.9465675982229411e-01	   3.2929432184300927e-01	   3.6636290509375397e-01	   3.9996691086385705e-01	   5.2306081204060773e-01	   4.6419717165739383e-01	   8.1100616587609708e-01	   5.8454253722207183e-01	   5.0055062842917775e-01	   5.9451565090024350e-01	   4.4775844246702812e-01	   4.7441454411032158e-01	   3.8557666795986445e-01	   8.1266004357664468e-01	   3.1066486391962983e-01	   8.0319391603727830e-01	   4.7656815796300371e-02	  -9.0240387745354186e-02	   2.0906220117576146e-01	   1.8632505271236671e-01	   3.1917766784610535e-01	   4.6215517335684164e-01	   2.7112055799031815e-01	   5.3700776056441957e-01	   1.2834777651984453e-01	   4.1830347909955948e-02	  -3.3213474573359947e-01	  -3.5807471458782519e-01	  -4.3973348353539710e-01	  -4.0966273393311226e-01	  -2.4828752394445835e-01	  -1.1842144942598273e-01	   3.1292591741621856e-01	   2.7102588522567500e-01	   2.4807737827646145e-01	   2.4722781494059470e-01	   3.1276846816546119e-02	  -1.9861353050508640e-01	
   5.3695205400731560e-01	   6.0364059704190876e-01	   5.4919601385819616e-01	   0.0000000000000000e+00	   3.8114752392698042e-01	   4.6507312440231974e-01	   5.1935404603547275e-01	   7.8797525834873638e-01	   1.7423671428875642e-01	   5.0903286948997351e-01	   5.7025039974029146e-01	   8.0851749165553632e-01	   4.9577964529915719e-01	   5.9413327842428798e-01	   4.1641711342203780e-01	   5.7144634904605418e-01	   6.0757697548613687e-01	   4.5382269547104670e-01	   6.9336463189414266e-01	   2.2057423262561943e-01	   1.6704376864968876e-01	   2.6261431986822670e-01	   6.9385457798738703e-01	   9.3549842892848101e-01	   3.5519674182604055e-01	   5.7763953023715031e-01	   4.6142142313539247e-02	  -4.8194561397748283e-02	   4.0092075455521903e-01	   3.6833668792421148e-01	   4.9418652099354488e-01	   7.4272194288405680e-01	   5.7977199171494487e-01	   6.4461204747928980e-01	   4.9435317635852916e-01	   6.3163805853233690e-01	   3.6781308540187019e-01	   3.7525112717938536e-01	   2.5843472481609597e-01	   4.3094861385292671e-01	   3.4881525574647498e-01	   4.4281406570457371e-01	   6.8437279843046683e-01	   6.0823781393227838e-01	   5.5113966102750145e-01	   5.7570308882452803e-01	   6.8045892162036281e-01	   5.4430306034592968e-01	   5.7728307451550731e-01	   5.4530167724685730e-01	   3.6790663417829628e-01	   2.8257867763537747e-01	   6.2786579297976841e-01	   6.3007095861821638e-01	   5.0434832288156961e-01	   5.7231001623214672e-01	   4.6105809822392968e-01	   3.2605174617043975e-01	  -1.1946103450451141e-02	   2.8510178081709370e-01	   2.9683441162151847e-01	   6.0991957088206605e-01	   5.3394635726592732e-01	   3.2954424767613200e-01	   4.9706288753133998e-01	   8.3056676333383472e-01	   4.3604067259908685e-01	   4.7965351743222673e-01	   4.5460081284225645e-01	   9.7186821083900157e-02	   4.3785273457470841e-01	   3.9087221379404480e-01	   4.9784779680287927e-01	   6.0992444585817174e-01	   3.5874933154495925e-01	   6.2490256854906256e-01	   6.0147948148381336e-01	   7.1405364796479642e-01	   5.9525030774720999e-01	   3.4290467591094859e-01	   6.3953308987990287e-01	   5.4360243469326575e-01	   6.2043514580187431e-01	   6.3279466890638170e-01	   6.9415399286403234e-01	   8.7222869371991774e-01	   5.7898212705007246e-01	   6.9022503335307150e-01	   6.7709483581252050e-01	   6.2362795804688154e-01	   7.6016977860704016e-01	   6.3709073766536617e-01	   7.2353214068767979e-01	   4.9122086057836190e-01	  -1.5069802281526504e-02	   2.4476235294517140e-01	   3.7239111048670082e-01	   4.2197579926970680e-01	   5.2508271252442107e-01	   5.2727558062416335e-01	   4.4104357897390356e-01	   2.6615307362312313e-01	   2.9754127931584540e-01	   2.4885248295638357e-01	  -4.9096153724001751e-02	  -1.1166241585334089e-01	  -2.2936484129458801e-01	  -1.3883455300450986e-01	  -4.6001323447782835e-02	   5.1414761955947894e-02	   5.2380833907204905e-01	   4.8393305916383433e-01	   4.8552709942667382e-01	   4.1239833548653709e-01	   1.9756147331068033e-01	   9.4440168110736609e-03	
   5.9804799493517469e-01	   4.7977774412168339e-01	   3.7743593640156142e-01	   3.8114752392698042e-01	   0.0000000000000000e+00	   6.6561864270821924e-01	   5.6345421325698930e-01	   5.6788032637978003e-01	   4.6371930258349503e-01	   3.9011710720123627e-01	   4.2765823582481682e-01	   4.7507352376508943e-01	   4.6051340547347835e-01	   4.7161970910258838e-01	   4.1447976495674227e-01	   4.6370323158151810e-01	   4.7264326098642684e-01	   5.5521328188249508e-01	   5.4041846580975317e-01	   8.7087797474953932e-02	   3.3169539998275688e-01	   4.3850892661113644e-01	   4.0997043347759476e-01	   4.9413390482862996e-01	   5.6511351773282470e-01	   5.2485773216558962e-01	   6.2726101001645196e-01	   2.9078270917792803e-01	   5.8174623176731932e-01	   6.0167622362956485e-01	   4.9920399647586045e-01	   5.3757886817840905e-01	   6.9127370859399373e-01	   6.7160696201781289e-01	   3.3275992185524950e-01	   4.3192275071063158e-01	   3.1968950331444768e-01	   3.8225197187264670e-01	   7.9172156811629493e-02	   2.1939783824068842e-02	   3.1291053518362621e-01	   3.5371380124596941e-01	   6.1807242096346315e-01	   5.1934239774371960e-01	   6.8935017513776564e-01	   6.4929617757396851e-01	   5.9223594482139219e-01	   4.5816094541519703e-01	   6.4274787235558728e-01	   5.6565376719624227e-01	   6.0227008509271496e-01	   5.4345143738984292e-01	   5.6357033011721991e-01	   4.3645853425166126e-01	   5.3289167482238242e-01	   5.4220551396296224e-01	   5.8166244205240536e-01	   4.7292608794759805e-01	   5.7230569956789756e-01	   6.3637576165961018e-01	   7.0976010121591626e-01	   5.3820511892305123e-01	   6.4156650337626675e-01	   5.5915648817389418e-01	   1.8806707373001136e-01	   2.7361951461093559e-01	   6.1436726587753965e-01	   5.7565662789858685e-01	   5.9841420710203452e-01	   1.3790251928670300e-01	   7.2432628853403291e-02	   6.0960644563248324e-02	   3.1816431733388434e-01	   2.5280543244538867e-01	   2.5908109970071669e-01	   2.4478256570237267e-01	   3.6101734278164965e-01	   3.4353202111913628e-01	   5.2585607145754132e-01	   5.3146470992445694e-01	   5.8611280161592805e-01	   6.1716059388425859e-01	   5.7373316053820411e-01	   5.7787830192368905e-01	   5.2033226850350922e-01	   5.5770503478735289e-01	   3.8257830386943942e-01	   3.7646578417800580e-01	   5.6027372032159928e-01	   6.1600341063479735e-01	   5.0535763429306291e-01	   5.3229242557532408e-01	   5.0053068128300948e-01	   3.9418097619845260e-01	   3.5053129233921732e-01	   1.6831095432877285e-01	   5.4215525861698255e-01	   3.8970643577542885e-01	   5.3399861639093582e-01	   5.6020410916967267e-01	   3.7045544463707830e-01	   3.8189198118709045e-01	   3.3387897294015095e-01	   3.3383494519373558e-01	   2.0981052717369511e-02	   1.8694970810738454e-02	  -2.7089043800113732e-01	  -2.2396047082023345e-03	   2.4107134246667075e-01	   2.4833074839086766e-01	   4.3659796599969847e-01	   5.9381194167680051e-01	   5.3451242681140310e-01	   3.8660304690748931e-01	   8.9113999035461106e-02	  -1.3673198894781766e-01	
   3.5882091891720075e-01	   3.5668275758656259e-01	   1.7269078244848030e-01	   4.6507312440231974e-01	   6.6561864270821924e-01	   0.0000000000000000e+00	   4.1217416217174685e-01	   6.7471638349870178e-01	   2.1922543307617331e-01	   5.7336711702392174e-01	   2.4825086921470721e-01	   4.3444451431616016e-01	   2.9980894354124343e-01	   4.4543491461263518e-01	   1.8258504073051648e-01	   4.5101376056792952e-01	   4.9954340387343893e-01	   4.4782991365760072e-01	   4.2148363493715313e-01	  -1.4729951542025882e-01	   3.0576148741748477e-01	   5.9533045438872767e-01	   3.2353669497228377e-01	   5.6906450138515885e-01	   4.5542471120731592e-01	   6.1009886565963900e-01	   2.7511073080204312e-01	   3.9192671534000101e-01	   4.6457765546513746e-01	   5.5825248724605736e-01	   3.8765160645681196e-01	   4.9045715735898177e-01	   5.5788069200192603e-01	   6.4408991825479456e-01	   3.4444905502961409e-01	   5.0319454171585520e-01	   4.3707169178565369e-01	   5.1483496210808566e-01	   2.7795411864422725e-01	   2.6412068067623173e-01	   3.4803235780200747e-01	   5.2689977465650117e-01	   5.8828309205602147e-01	   4.9186698270678192e-01	   6.3256934680620946e-01	   5.8988245430474329e-01	   6.3783791520651079e-01	   5.0432516677563821e-01	   5.5957921843384684e-01	   6.0854833741014069e-01	   4.5280221270836696e-01	   4.5721290438827783e-01	   5.6272857310594482e-01	   4.7455686342269521e-01	   6.2146328551370567e-01	   6.2630246532613354e-01	   4.3709552825603515e-01	   3.7205226506237765e-01	   4.2349538046005364e-01	   6.2181993984274975e-01	   5.3713935864163376e-01	   6.6440034230734679e-01	   4.2475536156390659e-01	   3.9543677499448832e-01	   2.0628799824517388e-01	   5.2734971190222646e-01	   5.0531409297316743e-01	   6.2415880761118658e-01	   5.6092005842402570e-01	   2.6814941957151261e-01	  -3.4062174851407834e-02	  -4.7309522252889910e-02	   2.0006052520097750e-01	   2.3114372896800847e-01	   1.0017632933907047e-01	   2.0498551842169688e-01	   4.1473645932948078e-01	   3.9967356886967559e-01	   4.8327953180900984e-01	   4.0927341190187394e-01	   5.2662225979536337e-01	   5.5435899265294020e-01	   4.7152666968833978e-01	   5.9956499576094502e-01	   2.7952808865612222e-01	   5.5032810705675361e-01	   4.1465133402174459e-01	   4.6845270308587206e-01	   6.4646866950152637e-01	   6.2656856921276782e-01	   6.8772011783848797e-01	   4.4531915469582223e-01	   6.0467594415133252e-01	   2.9241087899081419e-01	   3.2057272098098033e-01	   3.3747126765316049e-01	   6.2451003258140325e-01	   5.2345503331007603e-01	   6.6945095766228624e-01	   5.9111940906242855e-01	   4.1143352288621832e-01	   4.4578122143179233e-01	   3.8716170040576331e-01	   5.1364120409396097e-01	   2.5328320242475011e-01	   2.2215015608319855e-01	  -1.3452481731532273e-01	   1.7014660719240490e-01	   4.0095599047544572e-01	   4.0523048661184691e-01	   4.4936154728963573e-01	   6.2655345249867633e-01	   5.3055026823485985e-01	   3.7498388431439372e-01	   1.4831921413176616e-01	  -9.2317725297953068e-02	
   7.0333780308097082e-01	   5.2470208007636843e-01	   7.9701349389250453e-01	   5.1935404603547275e-01	   5.6345421325698930e-01	   4.1217416217174685e-01	   0.0000000000000000e+00	   5.9987016854097497e-01	   6.3306442188446688e-01	   5.4032877732165541e-01	   6.7219169254692601e-01	   5.4445723271688273e-01	   7.8632786854711922e-01	   6.1485698141212974e-01	   6.6266472441440250e-01	   6.0724120771299672e-01	   4.4618441818549404e-01	   3.7716960011013462e-01	   7.3795772183986696e-01	   1.2527958157088778e-01	   5.1885834650135898e-01	   3.2151276294579989e-01	   7.8357110888134129e-01	   6.4113702733156819e-01	   5.0878433161101821e-01	   4.1011519123062112e-01	   4.1590279335672209e-01	   1.4207811705594081e-01	   4.9263733144614330e-01	   3.4148918705642350e-01	   5.1265457665125791e-01	   5.5166232262922366e-01	   6.6022710009197083e-01	   5.7012969901380506e-01	   5.0299460143788011e-01	   4.4057377567864686e-01	   2.8968217839661642e-01	   2.7797650104264371e-01	   2.6573792754269476e-01	   1.8452663655359308e-01	   4.2210555428792301e-01	   3.4839835643230016e-01	   6.2779720781195147e-01	   5.7285406514193904e-01	   5.4293879915089549e-01	   5.0560117444085717e-01	   5.3906644315136298e-01	   4.5697167798744476e-01	   5.5119083764431964e-01	   4.4228221599321366e-01	   5.4053834493143071e-01	   4.6177051429943872e-01	   4.3863478470698175e-01	   6.0714943746765038e-01	   4.3291885662053331e-01	   5.8207113970167701e-01	   4.4957052852267176e-01	   3.1932361259793474e-01	   2.2647885933431772e-01	   2.2524066411433338e-01	   6.8919659891414176e-01	   4.4794074443737292e-01	   4.4404285533806886e-01	   2.9392091051490993e-01	   6.6089246386832023e-01	   4.8818493201788277e-01	   5.8239168285225928e-01	   3.5366890244432136e-01	   3.9886289756123811e-01	  -2.5097985956597034e-02	   4.9229434530435734e-01	   4.7905113915492137e-01	   5.8224854619086264e-01	   5.8590083252225433e-01	   5.7946027619578866e-01	   5.7717707637881643e-01	   6.0302254690052115e-01	   5.1892698852579633e-01	   4.6183094764624721e-01	   4.0574627538192565e-01	   4.7077857239225351e-01	   4.8586985465147531e-01	   5.6727367835892384e-01	   5.9417770821037397e-01	   6.9366080939708952e-01	   6.8153337733440711e-01	   4.9985993053018429e-01	   5.7777465980870590e-01	   5.5312308431721247e-01	   5.6463942043371318e-01	   5.0918646432193004e-01	   7.4417056644218704e-01	   4.2319642979552802e-01	   6.6507446297305317e-01	   4.1771183167053486e-02	  -8.9216391447793753e-02	   2.7098214085303118e-01	   2.6808577813240619e-01	   3.8746027252062654e-01	   5.0227295226691504e-01	   3.1230634572954130e-01	   5.4778488511699686e-01	   1.8058741445828930e-01	   3.0409415750360162e-02	  -3.3953403121044601e-01	  -4.0172366594016390e-01	  -4.2806359276174494e-01	  -4.1283248554823915e-01	  -1.8199771974362633e-01	  -1.5449144632646061e-01	   3.6923815343675181e-01	   3.4265198938951691e-01	   3.1844449497135163e-01	   2.6390945748854755e-01	   1.3264260596394732e-02	  -1.4437472823389366e-01	
   6.1689265415866901e-01	   6.0483765036847958e-01	   3.3073006051685794e-01	   7.8797525834873638e-01	   5.6788032637978003e-01	   6.7471638349870178e-01	   5.9987016854097497e-01	   0.0000000000000000e+00	   4.0341527524303633e-01	   7.3862401376516873e-01	   5.7158180467300745e-01	   8.2355250048346162e-01	   5.0084982989438642e-01	   7.9000387000225403e-01	   3.5473218567279285e-01	   6.6935467129394011e-01	   6.8605595798517960e-01	   5.3023467920748724e-01	   6.8413473063008212e-01	   7.0643875756246005e-02	   2.8508211855034471e-01	   4.8597401522766071e-01	   4.7094916664961062e-01	   7.9527154486866825e-01	   3.4642756782322071e-01	   5.5755023487274968e-01	   1.6739914435189368e-01	   8.8239187523848475e-02	   5.3723767891466001e-01	   5.5978324337284735e-01	   4.0622691935210353e-01	   6.3394742605577659e-01	   6.0585629793849183e-01	   7.3968683298110915e-01	   2.7593936055114243e-01	   5.7945758720957885e-01	   3.5431628493303136e-01	   4.5400403861158511e-01	   3.6405945480653812e-01	   4.5452848511538385e-01	   3.4109626073769606e-01	   6.0254946316117552e-01	   6.7536297376118926e-01	   6.0031318100514797e-01	   5.8350837517142207e-01	   6.3948501363420962e-01	   7.1274969837361080e-01	   5.4593982575402011e-01	   6.5051168138794879e-01	   6.6836528578167154e-01	   5.0738760113860348e-01	   4.2311122996067063e-01	   5.9870986150668104e-01	   5.0072864443649789e-01	   6.6678511763126536e-01	   6.7863272696169497e-01	   5.3937118968787623e-01	   3.5170149407302231e-01	   2.6020412797775361e-01	   5.6993674773100622e-01	   5.4792811544810016e-01	   8.8110886832623458e-01	   5.5656239869776825e-01	   4.7203929615957335e-01	   2.5388245400739862e-01	   7.5714182653795847e-01	   4.8547552531566268e-01	   6.4706287191517298e-01	   5.7722964674559163e-01	   2.3834869578362022e-01	   3.8422259813750942e-01	   3.1545121218911681e-01	   4.6921306791511241e-01	   5.7376524494562886e-01	   3.2096082155903316e-01	   5.5872853445124848e-01	   5.8204289082018246e-01	   7.2762062971198260e-01	   6.4232155111773870e-01	   4.3169728991644907e-01	   6.6844469266678597e-01	   5.9469826629815792e-01	   5.4987828524563487e-01	   6.9893266512021635e-01	   4.6725072135323942e-01	   7.7336087947796084e-01	   4.9213732949596084e-01	   6.0585019141144669e-01	   6.7833171715302421e-01	   6.6104424790133920e-01	   8.2771856394074472e-01	   5.6312996344779609e-01	   7.3164192410934015e-01	   3.6596680326089887e-01	   8.7585126605507463e-02	   2.7279576909403397e-01	   5.0853390639391116e-01	   5.2758539715520403e-01	   6.4151198707725365e-01	   6.0759915923240571e-01	   3.9876850252528362e-01	   3.9301832460108488e-01	   2.8592881070968507e-01	   3.4037244587484772e-01	  -4.5615471446050937e-02	  -7.5762564324179896e-02	  -2.8366938575342671e-01	  -7.7671110574801347e-02	   7.6786332408355737e-02	   1.0826761732229012e-01	   5.5858439165198481e-01	   5.9387805360333346e-01	   5.6278365071162351e-01	   3.5518401994859872e-01	   1.1746416959308215e-01	  -3.0591809256460378e-02	
   6.6566089479614909e-01	   5.2414593377865193e-01	   3.9087600202522921e-01	   1.7423671428875642e-01	   4.6371930258349503e-01	   2.1922543307617331e-01	   6.3306442188446688e-01	   4.0341527524303633e-01	   0.0000000000000000e+00	   6.7183682617478935e-01	   5.2662820189389747e-01	   4.1703638648448194e-01	   5.7165828364929716e-01	   6.0791947056588413e-01	   7.1846466567846357e-01	   6.8964787025538188e-01	   4.2791039988855728e-01	   4.8367185608814567e-01	   5.3701536107256653e-01	   1.0221190017440313e-01	   4.1238257071097656e-01	   3.8790380113384659e-01	   3.8678842034645533e-01	   3.0565707737032366e-01	   3.9921033068781231e-01	   2.7281609045850730e-01	   3.8619627366356413e-01	   1.7739805170433201e-01	   5.0005083889285207e-01	   4.3006194461998309e-01	   2.5082982813024823e-01	   2.5287835719160245e-01	   4.9175818858980225e-01	   4.3936427616109502e-01	   2.1761403981310234e-01	   2.7536783761086248e-01	   2.8947870491827510e-01	   1.9469560653001217e-01	   2.4428252051722976e-01	   4.4034577975580969e-02	   3.0307484894116393e-01	   2.9824395975860440e-01	   4.5687567665445844e-01	   3.5251017909570648e-01	   4.3542095927659458e-01	   4.1236640177214023e-01	   4.7751569314897657e-01	   4.6978303432672619e-01	   5.4115136223411897e-01	   5.2285554221279251e-01	   4.9909221897185063e-01	   4.8407346521540701e-01	   4.3965009933658405e-01	   4.2325306065101848e-01	   4.5823007850601394e-01	   5.0315309418121368e-01	   4.7555707890294030e-01	   4.4070974307992689e-01	   3.2159689700227206e-01	   3.7946197108292939e-01	   6.2186156972063389e-01	   4.4333914487012172e-01	   3.9661337711750477e-01	   3.6491541815632278e-01	   3.3468974765863085e-01	   2.7558989394884104e-01	   3.6425601728233925e-01	   2.8558867283540068e-01	   3.3215998710878847e-01	  -1.4913227523813744e-02	   3.1660949022154172e-01	   2.6178795226520030e-01	   5.1217358857404061e-01	   4.4341622464933289e-01	   5.2250703551019584e-01	   4.1130732667179004e-01	   3.3865203736144411e-01	   3.0467639464433294e-01	   4.3902090895132118e-01	   5.3507878249909357e-01	   4.1678280357255726e-01	   4.6820776675124381e-01	   3.8795108841567749e-01	   4.3190709019454532e-01	   4.2388640073253558e-01	   3.9797123105056242e-01	   3.3383725420225019e-01	   3.1574451591678282e-01	   3.8099907817235695e-01	   5.0642079153942687e-01	   3.6378557832198666e-01	   5.2561459268815613e-01	   2.6557473495102929e-01	   3.9405488972127928e-01	   2.1867627868777034e-01	  -1.5833542921546570e-01	   3.5714131205693023e-01	   3.3717486945324088e-01	   4.3331957014047157e-01	   4.8461517471726945e-01	   1.5038561849870269e-01	   3.5775612604421797e-01	   8.5498477661609243e-02	   2.2241122287712460e-02	  -2.8180181237708474e-01	  -2.2116400291912516e-01	  -2.7108340801067754e-01	  -2.4444998500034854e-01	   2.5451816918943364e-02	   8.2558260162454128e-02	   3.6435527649263999e-01	   3.5907852978072685e-01	   2.0318168403263384e-01	   8.2696499622837788e-02	  -1.6564203465877145e-01	  -2.7763566297950931e-01	
   5.1450282930189972e-01	   4.8291221305465726e-01	   2.6346017897862262e-01	   5.0903286948997351e-01	   3.9011710720123627e-01	   5.7336711702392174e-01	   5.4032877732165541e-01	   7.3862401376516873e-01	   6.7183682617478935e-01	   0.0000000000000000e+00	   4.3530093584187518e-01	   5.6864694087726364e-01	   4.2463105438615478e-01	   7.1855963115763499e-01	   4.9381529926662071e-01	   8.0202237710577606e-01	   5.8501895686379723e-01	   4.5888200985866684e-01	   5.7268783167695292e-01	   1.1950599012703319e-02	   3.8789045370190867e-01	   5.6440638088509587e-01	   3.9229309033765103e-01	   5.8141328563741734e-01	   3.8693722656617102e-01	   5.0027791102724906e-01	   1.5211214211799101e-01	   2.2986210786999250e-01	   4.4634033365529080e-01	   4.3072188265720512e-01	   2.8493471593149344e-01	   4.2894445694418054e-01	   5.2856396197592748e-01	   6.0275783091845736e-01	   3.2180106431823563e-01	   5.4136680712355434e-01	   4.7123453068756477e-01	   4.4042702890062008e-01	   5.6038298293602029e-01	   4.7220190980141419e-01	   4.2571750706691369e-01	   6.1688351859022972e-01	   6.0080043995141441e-01	   4.8128150910090478e-01	   5.6562985422841983e-01	   5.7719425121962864e-01	   6.8424146455002932e-01	   5.9244849700557167e-01	   6.7001273014064333e-01	   6.9225257583427902e-01	   5.6957257819271034e-01	   4.8767559124056814e-01	   6.0446444811249633e-01	   5.1173952095173136e-01	   7.2815886611996228e-01	   7.3473420398064726e-01	   4.7748055439830506e-01	   3.4912617373305199e-01	   3.1296349241296950e-01	   5.2450509535609080e-01	   5.2196583152538267e-01	   7.1700193934967349e-01	   4.0129463978408086e-01	   3.4135332499292670e-01	   3.6278871601359114e-01	   6.6346744334776797e-01	   4.6737438413494953e-01	   5.8056580009229464e-01	   4.8073897777101915e-01	   1.7987526894457240e-01	   2.1015738817248228e-01	   1.6962403310040103e-01	   4.7969255546610429e-01	   5.2210753763804663e-01	   3.8648895983084353e-01	   4.8196538035161179e-01	   4.0092941793205994e-01	   5.2219871071267465e-01	   5.2885581156871442e-01	   4.4809645590116720e-01	   5.2317246271354245e-01	   4.9501917861548095e-01	   4.5416363178717523e-01	   5.7961755628976674e-01	   3.6656865582807674e-01	   5.9275973920477376e-01	   4.8423937805661477e-01	   4.6821724861012581e-01	   6.6199531752912832e-01	   6.6603547602733759e-01	   7.0958240482344315e-01	   4.9153633343765080e-01	   5.5726410343052823e-01	   2.8635450696821396e-01	   1.6553575475152915e-01	   1.4832073274871999e-01	   5.2913702320118106e-01	   6.1435125368222310e-01	   6.6324746694400338e-01	   6.3742666677166715e-01	   3.1533087661133707e-01	   3.3162094712406170e-01	   1.5366468816976978e-01	   2.0324441696554479e-01	  -7.0799169626780220e-02	   3.5280604011132268e-03	  -1.7826161020134312e-01	  -4.1524825337860699e-02	   2.7016760657753658e-01	   1.9374020220861971e-01	   5.7381176777035869e-01	   5.4489014609824971e-01	   3.6091288098812768e-01	   1.4935876037440024e-01	  -1.1062554930090392e-02	  -7.8928658208599900e-02	
   7.9818572004755972e-01	   7.6783619593217323e-01	   5.4963510061267207e-01	   5.7025039974029146e-01	   4.2765823582481682e-01	   2.4825086921470721e-01	   6.7219169254692601e-01	   5.7158180467300745e-01	   5.2662820189389747e-01	   4.3530093584187518e-01	   0.0000000000000000e+00	   7.9301912955253295e-01	   8.5886748385344203e-01	   7.5993404299633449e-01	   6.8631273105836010e-01	   6.3614548372561530e-01	   7.4593761959178539e-01	   5.6504081993963440e-01	   8.4401120058362034e-01	   4.4109268420234360e-01	   4.3677873381871235e-01	   3.2406344533551351e-01	   6.1471112053343069e-01	   6.1627288164931326e-01	   3.1202085213639497e-01	   3.1305286895949935e-01	   2.8197744144851244e-01	   5.5725666122048621e-02	   6.0426440795450587e-01	   4.3555028954103703e-01	   5.0511236422094985e-01	   6.1773440996870654e-01	   6.8483269574237338e-01	   6.5424260714799287e-01	   2.8005071841797607e-01	   4.5110348795933264e-01	   4.7507143289661857e-01	   3.7300727902707925e-01	   2.6945292428753848e-01	   2.9312077800895575e-01	   5.5617255017220357e-01	   4.4027047275268694e-01	   7.1695148169759260e-01	   7.1331536241886351e-01	   5.5647954719172721e-01	   5.4696132971607880e-01	   6.5193955342967236e-01	   5.8780381913199520e-01	   5.9971047143194434e-01	   5.6058855428477883e-01	   4.6178952710577231e-01	   4.0621928483414999e-01	   5.3958044289683693e-01	   6.2764618874474953e-01	   4.5728765055904341e-01	   5.7706839829536205e-01	   5.6840239462819830e-01	   4.4851875979900901e-01	   2.2540825068156811e-01	   2.9829720607861226e-01	   6.8610031677413374e-01	   4.9685869353900569e-01	   6.9955831743517138e-01	   5.7881531873342063e-01	   4.1154088874956951e-01	   4.3148981661467339e-01	   4.1603473041219091e-01	   3.2012802177211497e-01	   4.6216528345803781e-01	   5.3397767089563508e-02	   6.1342607577068464e-01	   5.5208003689052143e-01	   7.0832656082385292e-01	   7.5988919929955701e-01	   7.4922774524873825e-01	   7.9624936127091717e-01	   7.5436948236835477e-01	   7.2379908606067167e-01	   6.4285537388062552e-01	   4.5119231285365979e-01	   7.3555166185007226e-01	   6.0353876160215436e-01	   6.9315823861236869e-01	   6.6178800891033651e-01	   6.9413676605014474e-01	   6.8489614999881809e-01	   3.6380279302640628e-01	   5.1982435662788506e-01	   5.0404922159299592e-01	   5.6978979949828956e-01	   5.5601435298350443e-01	   6.3284786141464533e-01	   4.7141077036577639e-01	   5.0193171951399629e-01	  -1.0575333059971727e-01	  -9.7578368419949435e-02	   2.4971489341294378e-01	   3.5102306230434399e-01	   4.8931026535419475e-01	   5.8624834132324910e-01	   4.4268585777358893e-01	   2.7528265272042163e-01	   2.7006182595542827e-01	   8.2882177999501302e-02	  -2.8716115100098277e-01	  -2.9633717407853932e-01	  -2.4180320700556251e-01	  -2.1464861108831929e-01	  -2.1769299324447872e-01	  -1.0370732950049059e-01	   5.7292968942637124e-01	   5.1307021640203820e-01	   4.8960845140817255e-01	   3.8948271543396912e-01	   1.2286184550568002e-01	  -1.1215024303228151e-02	
   7.0573437166525987e-01	   7.2500608345180417e-01	   4.0786532904407091e-01	   8.0851749165553632e-01	   4.7507352376508943e-01	   4.3444451431616016e-01	   5.4445723271688273e-01	   8.2355250048346162e-01	   4.1703638648448194e-01	   5.6864694087726364e-01	   7.9301912955253295e-01	   0.0000000000000000e+00	   6.8286046766446884e-01	   8.3053495702872271e-01	   5.2060401529133660e-01	   6.9738139712458191e-01	   7.2444639784452225e-01	   6.1134539098247820e-01	   7.7096803075441223e-01	   2.6085996586992877e-01	   2.4611252815073212e-01	   3.6526889921419065e-01	   5.7361270356380234e-01	   8.1514999413663103e-01	   3.1103321295530062e-01	   4.7729146499865505e-01	   1.3490137049744186e-01	   2.1552948019594394e-02	   5.7907546048181535e-01	   5.4354585254574195e-01	   4.5384528375293676e-01	   6.7413324059063096e-01	   6.2918385714344216e-01	   6.9619211393005875e-01	   2.7623679597801770e-01	   5.4921340840329247e-01	   4.8700680732948715e-01	   4.6474545629012909e-01	   2.7977817191369592e-01	   3.6914249345887362e-01	   4.0798469005636462e-01	   5.0169170002330532e-01	   6.8640427560404627e-01	   6.2564111793199728e-01	   5.4113596472451531e-01	   5.7189357865732671e-01	   6.9026431541220235e-01	   5.3971010567173128e-01	   5.7327199979532517e-01	   5.8920349022543150e-01	   3.5421129507807747e-01	   3.1703738709536555e-01	   5.7193788599391282e-01	   5.5892371449135192e-01	   5.4069139790091503e-01	   5.8674584461150714e-01	   5.0004302248417221e-01	   3.9481944397827151e-01	   1.2517718072803719e-01	   4.1654646576751486e-01	   5.5289342350257520e-01	   7.4049255663999269e-01	   6.4501461419549977e-01	   5.3971826238336074e-01	   3.3012887330209856e-01	   6.8214562841589432e-01	   3.7763180187352074e-01	   4.5367363821017281e-01	   4.7903140527270560e-01	   9.1112800686421178e-02	   5.4542997105544111e-01	   3.9906822823214771e-01	   5.2101161452528055e-01	   6.3590203225285102e-01	   4.4680419683499206e-01	   6.5786143042784651e-01	   7.0782647965470002e-01	   7.4491707741845414e-01	   6.7730318341170759e-01	   4.3434735777054873e-01	   7.5597863623371864e-01	   6.1616492842383452e-01	   6.9038007797662293e-01	   7.6094100042180979e-01	   6.2902264007715103e-01	   8.2954121218034116e-01	   3.6906015688256105e-01	   6.3840593499754039e-01	   6.1153190527853885e-01	   6.2139556942457164e-01	   7.7901685346795713e-01	   6.0751376163344017e-01	   7.4334752304433582e-01	   4.4366731477300730e-01	  -1.7778997826226765e-02	   1.0322411949389643e-01	   3.8348641489919943e-01	   3.9777450987666635e-01	   5.7801602016693632e-01	   5.6872812841917719e-01	   4.5277569029353459e-01	   2.7014892462254675e-01	   3.2769448214149954e-01	   1.9617043271188153e-01	  -9.9204122128690328e-02	  -1.4086875646012012e-01	  -1.6718073486042151e-01	  -9.1278116983581584e-02	  -8.4490608403826398e-02	   5.0961138714455123e-02	   5.8759852546591862e-01	   5.8757766530558508e-01	   5.8715134709008643e-01	   4.5226007692665060e-01	   1.7585159091243052e-01	   2.3952968713105253e-02	
   7.3230992228199832e-01	   6.5098380845600068e-01	   6.4223967545229188e-01	   4.9577964529915719e-01	   4.6051340547347835e-01	   2.9980894354124343e-01	   7.8632786854711922e-01	   5.0084982989438642e-01	   5.7165828364929716e-01	   4.2463105438615478e-01	   8.5886748385344203e-01	   6.8286046766446884e-01	   0.0000000000000000e+00	   7.3219263146829827e-01	   7.4137158589161101e-01	   5.9051097345658976e-01	   5.3454734563713857e-01	   4.9138706747863137e-01	   7.2558104623168118e-01	   2.6094704541344149e-01	   4.1676186723644243e-01	   3.3584048637885144e-01	   7.0117630675171594e-01	   5.7610985045263374e-01	   3.4752573910661694e-01	   2.6616171495817137e-01	   3.0839413121789278e-01	   1.0408418966119082e-01	   5.3669766944006569e-01	   3.5384885798152882e-01	   4.3360073585165482e-01	   5.0296132281832939e-01	   6.1613033621633062e-01	   5.2438415355072832e-01	   3.0246185749696708e-01	   3.4923343598416701e-01	   3.7605604610552512e-01	   3.5574712273717474e-01	   1.9646760218383444e-01	   1.8700085108644737e-01	   4.7378864304429241e-01	   4.0996942676755643e-01	   6.1994258613996123e-01	   5.7867687416709024e-01	   5.0154531850240880e-01	   4.4773405497981278e-01	   5.3358563534650605e-01	   4.7982962187813427e-01	   5.2471539835182723e-01	   5.1600885585390932e-01	   4.4145948654945616e-01	   3.9781224825420802e-01	   4.7285604935157977e-01	   6.1292081041389535e-01	   3.6304557120065417e-01	   5.1751398920806935e-01	   4.2477497130654196e-01	   3.5570216425645740e-01	   1.7747375549511679e-01	   2.6359131304146266e-01	   6.6917360632068568e-01	   4.3630075929565659e-01	   5.5619634190549239e-01	   3.9640082938304544e-01	   5.2816385541204469e-01	   4.1242951917696524e-01	   3.7257001534353196e-01	   1.9034202197877051e-01	   3.6071985038543908e-01	  -4.0621187212334667e-02	   5.6706572815801259e-01	   5.3936468902231594e-01	   6.5242342536370823e-01	   6.6065825973093739e-01	   6.9915861048211558e-01	   6.9266999447302546e-01	   6.7518308654974990e-01	   5.4594733410263663e-01	   5.6927143774322109e-01	   4.5459931183718699e-01	   6.1646315608170577e-01	   5.5612699145114708e-01	   7.0129695092270028e-01	   6.2103783181290440e-01	   7.4931065960707666e-01	   6.5973817604852514e-01	   4.1838447584476207e-01	   5.4072353268344819e-01	   5.8369241560633411e-01	   5.9560567288061983e-01	   5.1550577998019353e-01	   7.5454915863942773e-01	   4.4963057083306252e-01	   6.6175691780139467e-01	  -2.1615208042516106e-02	  -1.1610382636627836e-01	   2.1338533364798595e-01	   2.3078368405430283e-01	   3.9813559586109165e-01	   4.9273982769304853e-01	   3.7428428703992367e-01	   3.7544178345010221e-01	   2.6872526939596109e-01	   4.4504109876810777e-02	  -2.5482194667710478e-01	  -2.8503733585096186e-01	  -2.1404605209738695e-01	  -2.3297269473884713e-01	  -1.8823452004959235e-01	  -1.0274716031423077e-01	   4.2398835427976544e-01	   4.0169999398030504e-01	   3.6087512609722661e-01	   3.6404029894799800e-01	   1.3386442347025254e-01	  -3.5130642422654165e-02	
