   0.0000000000000000e+00	   9.1915657781632532e-01	   6.1781286155650972e-01	   7.0007631120770764e-01	   3.5230146920761707e-01	   3.0547722256208698e-01	   6.7670596295794705e-01	   6.5861843467502990e-01	   5.1565268753796711e-01	   5.0335021604898722e-01	   8.4058301041167494e-01	   7.2536141487558004e-01	   7.2337955490270334e-01	   7.4298609421083150e-01	   5.9609145492234294e-01	   5.4349960902391414e-01	   7.0185961044068146e-01	   7.0723320586458671e-01	   8.1166949992278825e-01	   7.6708094430838281e-01	   5.1449026190116309e-01	   4.1022714981353081e-01	   4.1878035871792102e-01	   4.0726417062657949e-01	   4.1957610279878643e-01	   3.5900620177507275e-01	   5.1858879142780934e-01	   4.0939442790136843e-01	   4.9986608705469565e-01	   4.4728450916766005e-01	   3.2282420983616211e-01	   2.4377673698212118e-01	   5.7341389067247839e-01	   6.0712499210825011e-01	   1.5704468978927777e-01	   1.6026161804852251e-01	   2.8336533577630346e-01	   1.0622646634974335e-01	   4.0880851397788798e-01	   3.6622572857081720e-01	   3.6771833509160812e-01	   4.5512363348701462e-01	   4.7048707185772254e-01	   5.2781686286333573e-01	   1.2225763412109629e-01	   3.6219281258516667e-01	   6.3938600063409901e-01	   6.2944932221253258e-01	   6.4387028003941771e-01	   7.0641657186176599e-01	   6.4463513805114103e-01	   7.0527685843314558e-01	   7.6210402819925960e-01	   5.8050153889696743e-01	   7.4183352537948311e-01	   7.0121488198753745e-01	   8.8037532115878614e-01	   8.2017360036582032e-01	   7.4596777279173343e-01	   7.5191786186704557e-01	   7.5188891977807792e-01	   6.4206130854194843e-01	   5.3593850838815871e-01	   5.8005089433390766e-01	   2.2094658614960111e-01	   4.5198055350266197e-01	   3.5186448849985541e-01	   3.3823248445479481e-01	   7.4957221539004548e-01	   6.9856951216447549e-01	   5.3214947369327725e-01	   5.1055350089674589e-01	   7.1463736601691463e-01	   6.4689021239631384e-01	   7.4225460038666136e-01	   7.0480514075012113e-01	   7.3286294880251623e-01	   6.6763973886634487e-01	   6.3877678903595481e-01	   6.2363420863255814e-01	   7.0296114284154354e-01	   7.5047449173960334e-01	   6.2254337918150970e-01	   6.3059024591107504e-01	   5.6245338071557005e-01	   6.3551302259456632e-01	   4.7298122513741891e-01	   4.8118056984303537e-01	   7.1488110219473666e-01	   7.5507158992285417e-01	   4.6655126969859506e-01	   3.4091927633665242e-01	   2.9698609212106913e-01	   2.6767829292334672e-01	   3.6195261423699909e-01	   4.6576942778875413e-01	   6.3216007943907626e-01	   7.0440072628037154e-01	   6.2668275070248225e-01	   6.6069499535546794e-01	   3.3047798096064962e-01	   1.9171768483430732e-01	   4.8517935464319439e-01	   3.5937707973330446e-01	  -3.2262218866803305e-01	  -1.8881193082066494e-01	  -2.4876384576461802e-01	  -1.0395429791526850e-01	   1.4319190533902293e-01	   4.3081144437858887e-01	   3.9621625355930323e-01	   4.2299670646099741e-01	   4.7977045178542199e-01	   5.0739746694539334e-01	   1.0281412233725593e-01	  -6.1151004715491941e-01	
   9.1915657781632532e-01	   0.0000000000000000e+00	   5.3996074980590414e-01	   7.0114925999281830e-01	   3.9011401364257009e-01	   3.1748283564792690e-01	   5.5115828497240238e-01	   6.5254876194037492e-01	   5.0632355649353245e-01	   4.5928984452905086e-01	   7.8199307375540039e-01	   7.4533341843879541e-01	   6.8731063021854966e-01	   7.1567050821747080e-01	   6.2390539062792993e-01	   6.0054873351055926e-01	   7.0355163380222185e-01	   7.5810643462845961e-01	   8.4008633997978455e-01	   8.2717496958223302e-01	   5.0797323724874233e-01	   4.2581456193481770e-01	   4.6059214061699355e-01	   4.2691284169372401e-01	   4.3831178430884504e-01	   3.7961719384314008e-01	   5.1813683514976205e-01	   3.6956352560739009e-01	   5.5094183996811785e-01	   5.4543699656587741e-01	   3.5899724787259163e-01	   3.1009746966324836e-01	   5.3957297907179447e-01	   6.0896620688109815e-01	   7.7002768693017851e-02	   3.1398448796286851e-02	   2.3972814920813851e-01	   9.4350091414797055e-02	   3.8856169472098473e-01	   3.9697589882851059e-01	   3.4610499447153520e-01	   5.1038252123111949e-01	   4.6050913888453182e-01	   5.4534352625910465e-01	   4.4291192332659213e-02	   3.0923055458714249e-01	   6.6442095770774556e-01	   6.4179030123680469e-01	   5.5755333567561327e-01	   6.8196501443381763e-01	   5.6593829708809928e-01	   6.3809306611937522e-01	   7.1132378232364635e-01	   5.5376133175793218e-01	   6.7699529045546147e-01	   6.2539331400420406e-01	   8.5595041575158115e-01	   8.8683849620849386e-01	   6.5835334017117009e-01	   6.8863123181688557e-01	   6.2780827871329636e-01	   6.1322937731420968e-01	   4.6214526648671655e-01	   5.7490547598070829e-01	   1.9110713469036172e-01	   3.8443295475385247e-01	   2.1966945029081375e-01	   2.2192984712939831e-01	   7.5472288949578192e-01	   6.6933328890345878e-01	   5.4450551106765721e-01	   4.7081928097766873e-01	   6.9505214508638713e-01	   6.9644921251712899e-01	   6.6197761868824601e-01	   6.9999307424995094e-01	   6.8299446179675205e-01	   6.2681346652996228e-01	   6.4509421280877544e-01	   6.2922491099989009e-01	   6.8642827955781127e-01	   7.0369754535214935e-01	   6.4145405350586071e-01	   6.5454149980031473e-01	   5.1004034652883468e-01	   5.3307099042994310e-01	   4.4907582456821599e-01	   4.1620383786980120e-01	   6.7268462367112880e-01	   6.6111505485582789e-01	   4.9324981754932801e-01	   2.9477532411498275e-01	   3.1550437948908899e-01	   2.7135746933088578e-01	   3.9553047926078677e-01	   4.3482868366731736e-01	   6.1455394670753682e-01	   6.6191837105675244e-01	   6.1804238459211602e-01	   5.9913444955828932e-01	   3.0836590055604524e-01	   1.3085575818094955e-01	   4.2260557249824482e-01	   2.8049788189950015e-01	  -3.1261052922243815e-01	  -1.8669749186690959e-01	  -2.3594846043106033e-01	  -9.2425997939686241e-02	   1.5548307031759717e-01	   4.1641126090738712e-01	   3.7176833209977656e-01	   4.0352800442794057e-01	   4.1189048882738860e-01	   4.7646441883990664e-01	   1.2638334303296067e-01	  -6.0561928924298414e-01	
   6.1781286155650972e-01	   5.3996074980590414e-01	   0.0000000000000000e+00	   6.6689993946208559e-01	   4.7797681952428983e-01	   4.3242218474474509e-01	   7.7819391507659863e-01	   4.1326627470528177e-01	   5.4418673772682991e-01	   3.9245169926259826e-01	   5.2975055527277770e-01	   3.1154505383083120e-01	   6.3389175524400432e-01	   5.3628309066504221e-01	   6.4278972629510511e-01	   4.1298660868506387e-01	   3.1539275229524599e-01	   2.8498327121168809e-01	   5.2484030733345555e-01	   4.1848683224027988e-01	   6.7062981537117439e-01	   5.6523123296488320e-01	   6.2562756845785650e-01	   5.0528807529631181e-01	   7.8217098784050909e-01	   6.9938691205786130e-01	   7.2729203189608138e-01	   5.8749704697706584e-01	   2.2079336045012782e-01	   1.6614435846786380e-01	   4.4550287899778895e-01	   3.6751865768841446e-01	   6.2388834623952649e-01	   5.0967486563539899e-01	   6.9828089179303543e-01	   6.1760138140402332e-01	   4.6412412421559768e-01	   2.7365868268154464e-01	   6.3531490044642858e-01	   4.8408417994187303e-01	   4.5068083608804210e-01	   5.2518487311760187e-01	   6.7243424461261470e-01	   6.6862046562393129e-01	   3.4598136123943113e-01	   5.8634322003982420e-01	   6.7383470386276068e-01	   6.8392508490010584e-01	   7.8415721453530840e-01	   7.4784048290522576e-01	   8.7173529965199847e-01	   7.8884906056928572e-01	   6.9803756428530128e-01	   5.3729539653260905e-01	   7.7076165152988696e-01	   7.1547882831935261e-01	   4.5929232211911791e-01	   4.6740609344963924e-01	   6.7220325016324334e-01	   6.2366685077071948e-01	   6.0236319435222185e-01	   4.2865715461655540e-01	   1.3318357447577281e-01	   8.2500591484784447e-02	   6.7919925070120990e-01	   7.0738955147066518e-01	   7.8519583520324732e-01	   6.8526469206439922e-01	   6.4879051382090613e-01	   6.0572978554713230e-01	   2.6666403922753423e-01	   3.0423132069221931e-01	   4.1915045727203692e-01	   3.3470023371147262e-01	   4.3100735796613859e-01	   3.6404454523189200e-01	   5.7875178134719640e-01	   4.9602778354754806e-01	   3.7786031884844734e-01	   3.9635494619188877e-01	   3.7561488654284664e-01	   4.2337706771009170e-01	   5.5130555423287508e-01	   5.8421668904667179e-01	   6.5881789090071419e-01	   6.3581448759559178e-01	   7.5108055177075939e-01	   5.9731663381402178e-01	   7.9285182091467177e-01	   6.3081885170105034e-01	   4.1322125637926865e-01	   4.7803034434117031e-01	   3.6801538178769921e-01	   5.0397311068798789e-01	   3.0479234008846168e-01	   4.4793428084261944e-01	   7.3222656755106996e-01	   6.7253292906679141e-01	   4.9869395315635862e-01	   6.1800549350314982e-01	   3.8481481561583308e-01	   5.2309653541647849e-01	   4.6782468188362814e-01	   4.3381101585028481e-01	  -1.0562387156758088e-01	   1.8667467928146331e-02	  -4.1312001557519691e-02	  -1.2315036360569676e-01	   2.2585114295857883e-01	   2.6204659567589605e-01	   6.8831780336765480e-01	   4.8649627935741596e-01	   4.3288249562313463e-01	   3.8164356268259286e-01	   1.2380768351177819e-01	  -3.6437564022976254e-01	
   7.0007631120770764e-01	   7.0114925999281830e-01	   6.6689993946208559e-01	   0.0000000000000000e+00	   5.4362163709665690e-01	   5.7789004905174490e-01	   7.1067021397920693e-01	   8.5676452621788868e-01	   5.8358179061784954e-01	   6.1178965441561339e-01	   6.2141052959253307e-01	   7.3273850258856554e-01	   5.1971466609321837e-01	   7.4787863140720134e-01	   6.1596214646218628e-01	   7.6754479312642832e-01	   5.2840292563074009e-01	   5.5221795671738882e-01	   7.6815686433087504e-01	   7.8181865648337645e-01	   6.0383577856179305e-01	   6.3024779464482150e-01	   6.8440191491218172e-01	   7.8365350551481483e-01	   6.2501611152645742e-01	   6.4758976179851169e-01	   6.3396015369207370e-01	   4.7189841345659150e-01	   3.6840103449797512e-01	   4.8127188923707132e-01	   6.0491909950590150e-01	   6.3444758537471757e-01	   7.8256322046187776e-01	   8.3360900730217646e-01	   3.4614437832198608e-01	   4.0949422886573295e-01	   3.1973153156401901e-01	   2.4756797744960940e-01	   5.0443806571917349e-01	   5.0186049929587417e-01	   3.2597379851803021e-01	   5.9180650866462736e-01	   6.0030549527650234e-01	   6.5229365915488735e-01	   3.2834602408973701e-01	   6.1446589616496672e-01	   7.4532393431570598e-01	   7.4111943808820335e-01	   6.4119946431063746e-01	   7.6853356110338311e-01	   6.4501522133087541e-01	   7.0626879922415942e-01	   7.6356024894631902e-01	   6.1527440326779226e-01	   7.4442930688567821e-01	   6.9866039532734514e-01	   5.4809875028452315e-01	   6.3050375949573900e-01	   6.5845284619118116e-01	   7.2525838489598693e-01	   5.1586662987672416e-01	   7.4493179911985918e-01	   3.1335978827134847e-01	   5.2853117717984222e-01	   3.9577863897125581e-01	   7.6895410525429075e-01	   5.4393396090464519e-01	   6.6140149679616178e-01	   8.0920960464132818e-01	   8.0373975694597943e-01	   4.7637182045758186e-01	   4.3437321380418648e-01	   5.6037222492156047e-01	   6.8703152111924837e-01	   5.0422837735806425e-01	   6.5348749688739949e-01	   5.7518811124628932e-01	   6.5892302933776481e-01	   5.4758904560797150e-01	   4.9686796605844918e-01	   5.9603429737550107e-01	   7.0768576338693800e-01	   7.1459171103373431e-01	   7.1363397377852733e-01	   6.6849135585837005e-01	   7.8373338071035670e-01	   5.2641343893504977e-01	   4.6246555784150656e-01	   7.0333432268080698e-01	   7.0159515894239388e-01	   6.9230925726211801e-01	   4.6824888246091573e-01	   4.9778798593807649e-01	   4.3477261869959172e-01	   2.9869513240574919e-01	   4.6751514995272225e-01	   6.5766297623045122e-01	   6.2635707864176293e-01	   7.0468068987282628e-01	   6.1214320097581187e-01	   4.8415648184006849e-01	   3.4379475517453190e-01	   5.0373821006808461e-01	   3.7081530672980861e-01	  -1.5516803935043957e-01	  -6.7598859381686360e-02	  -2.0149032916756371e-01	  -1.6788385720064056e-01	   1.7422348938123403e-01	   2.0058289537893831e-01	   5.5399627563983656e-01	   5.2898680762154693e-01	   5.3304085113648358e-01	   5.2306884126293318e-01	   1.4684843901796651e-01	  -4.5996209088699203e-01	
   3.5230146920761707e-01	   3.9011401364257009e-01	   4.7797681952428983e-01	   5.4362163709665690e-01	   0.0000000000000000e+00	   7.8904905840063144e-01	   6.5682541389583560e-01	   5.3577430222403877e-01	   8.1850539860534877e-01	   6.7458465969543469e-01	   5.3177085862647033e-01	   4.4575498336028990e-01	   4.7734672828793201e-01	   3.9177702436790662e-01	   6.7971538087951799e-01	   6.0822121820993913e-01	   5.4409201662352746e-01	   5.0358364050518423e-01	   5.3708293235860172e-01	   4.9337247787814686e-01	   3.7879972267133649e-01	   4.6930148931578086e-01	   6.5090382816080683e-01	   6.0945811487594415e-01	   3.5541369919999932e-01	   2.8188383504258363e-01	   5.4269853912769317e-01	   4.0918691712925515e-01	   5.2678765437773245e-01	   5.4404743934159328e-01	   5.7782520884190824e-01	   5.5097639266316578e-01	   7.0035341526172723e-01	   6.0231082034626604e-01	   3.0464897093236831e-01	   3.1299007788222655e-01	   1.8099934755081354e-01	   9.0810740373782561e-02	   2.8563424373380897e-01	   1.6155252203471962e-01	   2.2669887347614809e-01	   3.8244954662170888e-01	   3.2272423130310196e-01	   4.2705088617913239e-01	   6.1439695427958529e-01	   6.2748570147909255e-01	   4.2230222427640818e-01	   4.6667703089468060e-01	   5.4895021539814426e-01	   5.7371210316730581e-01	   4.6203663583284504e-01	   4.6402890291185384e-01	   5.7994283187874895e-01	   5.8148036702509498e-01	   4.0990862546328277e-01	   4.4624276443448951e-01	   4.3082302968722852e-01	   5.4463036215608318e-01	   5.2482057056973963e-01	   4.8881010762559662e-01	   5.1405859998938275e-01	   3.2948175131593771e-01	   4.5477125892158476e-01	   4.0678736734197757e-01	   5.4453870035572638e-01	   3.2881530791244357e-01	   5.2231393962180905e-01	   4.9076229324232090e-01	   5.2543070277703730e-01	   4.6911616111486398e-01	   3.7135222531431333e-01	   3.0506577026740034e-01	   4.4985903465698912e-01	   4.6314170909661112e-01	   4.2448472361009670e-01	   3.2515565835090821e-01	   5.3137616595733572e-01	   4.8049774847590299e-01	   6.3341430626487161e-01	   6.4087387790327499e-01	   5.1288873585210759e-01	   5.9886630235314264e-01	   6.9559678192235264e-01	   5.9519214336522375e-01	   5.5495927951813739e-01	   3.5628263499098878e-01	   3.6152021507388199e-01	   2.1991400022479157e-01	   4.4783531414036565e-01	   4.6902437778093564e-01	   4.8987590438428374e-01	   4.4212820724594493e-01	   3.7829788087541838e-01	   4.1659607135800852e-01	   2.4869584020582688e-01	   1.2370470171752741e-01	   4.1164385040927753e-01	   3.2500934053352731e-01	   4.5889117012868863e-01	   4.5129483063029319e-01	   1.4477392676636469e-01	   3.0347018208648424e-01	   2.2103752962895992e-01	   3.1103903075875317e-01	  -3.4515035871041225e-02	   1.1252197585663286e-01	  -1.1396405739088161e-01	   5.6969869765045984e-02	   2.6853283400804168e-01	   2.6162310949100587e-01	   3.1670471775791842e-01	   3.7223117489882601e-01	   3.9787554784707835e-01	   3.2752836360867599e-01	   5.7799264539544197e-02	  -2.7446215531735574e-01	
   3.0547722256208698e-01	   3.1748283564792690e-01	   4.3242218474474509e-01	   5.7789004905174490e-01	   7.8904905840063144e-01	   0.0000000000000000e+00	   5.9141501866115376e-01	   6.3101263614322078e-01	   7.6590638320993976e-01	   8.2748779865970667e-01	   4.5946602876659781e-01	   4.7907241840397358e-01	   4.0171739691236419e-01	   5.0845273948015668e-01	   5.7258080729426264e-01	   6.7439865520754094e-01	   4.3243055833763711e-01	   4.2243144524198556e-01	   4.8872705005190714e-01	   4.5933561017871177e-01	   3.9275682901960607e-01	   5.7138041591110456e-01	   5.7645202783476046e-01	   5.8370975576168860e-01	   4.2701239990157747e-01	   4.6472486908248856e-01	   5.7314948149868405e-01	   4.9895831685899350e-01	   3.7990725517935164e-01	   4.8127150377599665e-01	   5.1760823538232736e-01	   5.4278433827907757e-01	   6.9067937472257435e-01	   6.5921517422848808e-01	   3.2487887218896883e-01	   4.1025936907191485e-01	   2.2870166065287822e-01	   2.0771069338083198e-01	   2.5259053008303689e-01	   2.0679220051949987e-01	   1.2986394363141412e-01	   4.4684126242966965e-01	   4.3185887577680809e-01	   5.2103037186322720e-01	   5.7698753076105513e-01	   6.9373176637561396e-01	   5.1201585714843034e-01	   5.6347052044853640e-01	   5.8732113864794466e-01	   6.1059087665732292e-01	   4.5566629326815100e-01	   5.1455750426280322e-01	   6.0211250111891235e-01	   5.5826008803742211e-01	   4.6465060985694323e-01	   4.9689750296271384e-01	   3.1105503845945676e-01	   4.4132434871575177e-01	   4.5147370972954171e-01	   5.3121595904541719e-01	   4.3571719504544953e-01	   4.8238428386916621e-01	   4.0610430995642488e-01	   4.0772509302488558e-01	   3.9506764000726735e-01	   4.0808791403880373e-01	   5.1124402614174902e-01	   5.8272542119313242e-01	   5.1803082530893496e-01	   5.6005609811240120e-01	   3.1462366167041056e-01	   1.9961432837721060e-01	   3.3008098340978687e-01	   4.5581830819189872e-01	   3.1170935135858541e-01	   3.0916687613322058e-01	   4.1106998974331560e-01	   4.8391225873165578e-01	   5.0316909889599970e-01	   5.2045136929070601e-01	   4.6359950116552950e-01	   5.4516274017500033e-01	   6.2541706218527338e-01	   5.5790812652100308e-01	   4.7505779336271542e-01	   3.9761037221359330e-01	   2.8863759395709110e-01	   1.8045581327305946e-01	   4.6279888942195108e-01	   5.0309609057950366e-01	   5.5921580563155571e-01	   5.0501745106382745e-01	   4.6510778207210302e-01	   4.8194539744110332e-01	   2.1946578987896892e-01	   1.2225878385669278e-01	   5.1092388578405912e-01	   3.5634559903491025e-01	   5.4786472974555633e-01	   4.8702941868860183e-01	   3.2975352957681270e-01	   4.2714082566602884e-01	   4.1990281083584713e-01	   3.7958808342307360e-01	   1.1522721079992279e-01	   2.3680111937837311e-01	   5.4423138549534317e-02	  -5.5006893099078094e-02	   2.3414872306472095e-01	   2.1573306017824628e-01	   5.0613892279199180e-01	   4.8630599765452820e-01	   4.9064865407721869e-01	   4.9187226710646514e-01	   2.5108224769965481e-01	  -1.8644110673092543e-01	
   6.7670596295794705e-01	   5.5115828497240238e-01	   7.7819391507659863e-01	   7.1067021397920693e-01	   6.5682541389583560e-01	   5.9141501866115376e-01	   0.0000000000000000e+00	   7.0482911826443828e-01	   7.1302081992214683e-01	   6.0849758680073918e-01	   7.1901318893012600e-01	   5.8992910980259028e-01	   7.0308553639858606e-01	   6.7520380019097659e-01	   6.8566458589654578e-01	   5.9381195844876467e-01	   5.3940663986179804e-01	   5.0124447629861835e-01	   6.3536479661364897e-01	   5.7558013739742686e-01	   5.2927171865235445e-01	   5.0562255654869048e-01	   6.2766497823104961e-01	   5.7898327968879282e-01	   4.7893557598293263e-01	   4.1128013657499751e-01	   5.8728629007569944e-01	   5.0464363079957009e-01	   4.8135314094269216e-01	   4.1466223205843555e-01	   4.8363401012288315e-01	   4.0929077780186740e-01	   7.2632549629316800e-01	   6.6113409992850591e-01	   3.7956613350714385e-01	   4.1483604490792597e-01	   2.1072595062188038e-01	   8.7358606608100117e-02	   3.8954687168900520e-01	   2.2266559296937846e-01	   2.9174455033179103e-01	   3.8953531826695148e-01	   4.4660586311033423e-01	   4.9079431423125047e-01	   4.5280566156607049e-01	   5.9331418080462550e-01	   5.5023175901235388e-01	   5.8871730952359069e-01	   7.7595583995395145e-01	   7.1457896794281028e-01	   7.6457716225030592e-01	   7.2891303192207824e-01	   7.8007610847228115e-01	   6.2586805853128236e-01	   7.0901218155703927e-01	   6.6984435209626292e-01	   5.4140118340545595e-01	   5.5975535259799469e-01	   7.6931557149613916e-01	   7.0434269512688386e-01	   7.7623941169823651e-01	   5.9485426819298048e-01	   5.2376920981731123e-01	   4.8071558580072815e-01	   5.6987050741527101e-01	   6.3298337718272002e-01	   7.3033586666935468e-01	   6.6240704582552667e-01	   6.6601342093660487e-01	   6.3425031899727269e-01	   4.6276917021401248e-01	   4.0838516669180719e-01	   5.8675744620216419e-01	   4.8064116014203495e-01	   6.0558401696634401e-01	   5.2861612173817396e-01	   6.5781399501982296e-01	   5.8248539061204208e-01	   5.7423314641697798e-01	   5.8341531903159827e-01	   6.0059217372773088e-01	   7.0073359964606130e-01	   6.8902265237986760e-01	   6.1544440520083876e-01	   7.3568722151963373e-01	   7.0020271346723340e-01	   5.3351980030139856e-01	   4.0992059690523508e-01	   7.3382665842897310e-01	   7.1689282047461711e-01	   4.9239640745472057e-01	   4.9819442321826701e-01	   4.0096286920090524e-01	   4.4287282837731584e-01	   3.5585156858430117e-01	   3.9927232931155665e-01	   6.3029363747634970e-01	   5.7481482110835558e-01	   5.4748224711514337e-01	   6.4130015580014677e-01	   3.8301249278090532e-01	   3.9940459048142951e-01	   4.8862347411002721e-01	   4.0377584895546392e-01	  -1.3589120991160575e-01	  -3.2286156009402475e-02	  -1.2722167534695478e-01	  -1.4473812500587985e-01	   2.8943740174872390e-01	   3.2776830122515538e-01	   4.7272785951923957e-01	   4.5572431334418145e-01	   5.0115812798711978e-01	   4.5511982218973873e-01	   7.7637071792265075e-02	  -4.0746413926879854e-01	
   6.5861843467502990e-01	   6.5254876194037492e-01	   4.1326627470528177e-01	   8.5676452621788868e-01	   5.3577430222403877e-01	   6.3101263614322078e-01	   7.0482911826443828e-01	   0.0000000000000000e+00	   6.0366708706454242e-01	   7.2304473032083294e-01	   6.9696923662163979e-01	   8.8025198955147910e-01	   5.3733002458112078e-01	   7.8984550781792517e-01	   5.7745443034313881e-01	   8.3460078421974404e-01	   6.8275351419890784e-01	   7.2738898934739293e-01	   7.6440416172113546e-01	   8.2455778461776019e-01	   4.1575447135631238e-01	   5.3366293430637268e-01	   5.6566826649236801e-01	   6.5830279783488543e-01	   3.5622309136244379e-01	   3.9837574953904997e-01	   4.3430673509541573e-01	   3.1530889411766516e-01	   5.7705716018703157e-01	   6.9091788623523032e-01	   5.1687743507420270e-01	   5.5725104332431630e-01	   7.2648607004451149e-01	   8.5405797827882135e-01	   3.1814226167064745e-02	   1.2603375763692604e-01	   7.6058964239900148e-02	   6.1280837031735549e-02	   2.4104127600375752e-01	   2.7057500383266220e-01	   1.2736626982999780e-01	   4.6875702979140721e-01	   4.1674713837071653e-01	   5.0079142618475070e-01	   3.0342194108393838e-01	   5.1480974160704562e-01	   6.5199146332575286e-01	   6.4540696377769713e-01	   5.2817978166290724e-01	   6.7424311605699017e-01	   4.8825109889947338e-01	   5.8402779407245520e-01	   7.3390743609944353e-01	   5.9911718739320596e-01	   5.9134730586450912e-01	   5.7241652109756158e-01	   5.6581181825338223e-01	   6.6601055545329246e-01	   6.2149430724616972e-01	   7.0954242549045721e-01	   5.3218279783171485e-01	   8.3726017109082296e-01	   5.7666904640154693e-01	   7.8461609444869085e-01	   2.2134497743520420e-01	   5.6709157943267230e-01	   3.3629360726888458e-01	   4.6710845791380251e-01	   7.4903019238700830e-01	   7.4429176913497530e-01	   4.9340396817864673e-01	   3.9866288187134419e-01	   5.6381383991481071e-01	   7.1968173048310113e-01	   5.3173234545983472e-01	   6.8019330742091477e-01	   4.9499608446488197e-01	   6.0062785120530893e-01	   6.6402698619497191e-01	   6.1771357834736629e-01	   7.4505067419600324e-01	   8.2147469273533225e-01	   7.0996503558800461e-01	   6.6474314747607766e-01	   5.5750058633268718e-01	   6.2394378264262729e-01	   2.0327214355600259e-01	   1.6667585731182702e-01	   5.7488247831462036e-01	   6.3929779724091373e-01	   6.0992430669203479e-01	   3.8183129541481359e-01	   3.9001490515278797e-01	   3.0067391305850738e-01	   3.2471516397040801e-01	   3.7046153595996678e-01	   5.4751593826660394e-01	   4.9184861203283703e-01	   6.6529315143620638e-01	   5.4264755972555234e-01	   4.2657838791297875e-01	   1.5614696200753217e-01	   4.6157216090376096e-01	   2.7165742223614342e-01	  -1.5972583666222562e-01	  -1.0768201609691380e-01	  -1.5306936257501186e-01	  -2.3754395995711158e-01	   2.0361175561281711e-01	   2.8543627570007446e-01	   3.7691067337739803e-01	   4.6968653548755834e-01	   5.2494782720856437e-01	   5.7550457977183456e-01	   1.6355011336360772e-01	  -4.5454251032830173e-01	
   5.1565268753796711e-01	   5.0632355649353245e-01	   5.4418673772682991e-01	   5.8358179061784954e-01	   8.1850539860534877e-01	   7.6590638320993976e-01	   7.1302081992214683e-01	   6.0366708706454242e-01	   0.0000000000000000e+00	   8.4435728511393349e-01	   6.4801832627560207e-01	   5.3603448047229207e-01	   6.5770677417780266e-01	   5.8389758384990409e-01	   7.9708556512195072e-01	   7.1948181205232520e-01	   6.3966246399117166e-01	   5.8348273829135622e-01	   5.9951991338216737e-01	   5.5618738903603548e-01	   4.0491478741112497e-01	   4.0648079311315261e-01	   6.0378681476804719e-01	   5.5564766623423067e-01	   4.6705831861520009e-01	   3.9190995537405648e-01	   6.3023825262334410e-01	   3.8895038375061097e-01	   5.7459244661470443e-01	   5.2760433320761502e-01	   4.7472085887844007e-01	   3.8671818382458822e-01	   6.4396269503946613e-01	   5.7166900921437480e-01	   2.4670631976729973e-01	   2.7286513182406968e-01	   3.7458461838172114e-01	   2.4727288858670401e-01	   4.7556671622017943e-01	   3.9376833520612547e-01	   3.9896761855073515e-01	   5.1158604885123382e-01	   3.5306279078013186e-01	   4.4527547268469259e-01	   3.6821035840969163e-01	   4.6145758757343053e-01	   4.9923743898934136e-01	   5.5554655071836145e-01	   5.7263901484710944e-01	   5.8808065511508689e-01	   5.0343789469096034e-01	   5.2929262080149242e-01	   6.6711613949969006e-01	   7.0403535265267658e-01	   5.7025604920002959e-01	   6.3808665485846827e-01	   5.3861769420010064e-01	   6.0936984622572932e-01	   5.7544996640812252e-01	   5.7843818150727100e-01	   6.2247773050674093e-01	   4.7553386830434830e-01	   4.9832192039006273e-01	   4.1902402366458813e-01	   4.9158401940475438e-01	   4.2801849399457126e-01	   4.9070725121510977e-01	   4.4890429244575436e-01	   6.1135195643874418e-01	   5.8653371001085475e-01	   4.8904471666175925e-01	   4.2556480290207666e-01	   5.5437618167917990e-01	   5.0714658696348014e-01	   5.5491623787333388e-01	   5.0342251404740979e-01	   5.8279139354623122e-01	   5.5469352173430120e-01	   7.2625917333666734e-01	   7.4356588331895113e-01	   6.2169976807751937e-01	   6.7352579110684396e-01	   7.4191107735447914e-01	   6.8681912833572700e-01	   5.1307318660138235e-01	   4.6290683687260892e-01	   4.6444796608381533e-01	   3.3939349588155610e-01	   5.7701907667409635e-01	   6.8493501847281790e-01	   5.6841296323151802e-01	   5.8634461146672590e-01	   4.9883984159275024e-01	   5.5668080560953370e-01	   2.1366756328191303e-01	   2.6557020698601586e-01	   5.6263058682020661e-01	   4.9813133101375073e-01	   6.0423889559242694e-01	   6.0645480697263232e-01	   2.5241246114177762e-01	   3.5289181291458632e-01	   4.3697594235663528e-01	   4.1594173261321232e-01	   1.2389363652829347e-01	   2.3340445037367294e-01	   9.3946082331000560e-02	   4.5971288772429786e-02	   2.1054909417164402e-01	   3.9174085752323762e-01	   4.3923323033854894e-01	   5.5476153087780333e-01	   5.7923064283830195e-01	   5.3477762737738099e-01	   2.6009569315562986e-01	  -2.2368274512117348e-01	
   5.0335021604898722e-01	   4.5928984452905086e-01	   3.9245169926259826e-01	   6.1178965441561339e-01	   6.7458465969543469e-01	   8.2748779865970667e-01	   6.0849758680073918e-01	   7.2304473032083294e-01	   8.4435728511393349e-01	   0.0000000000000000e+00	   6.1743875302598150e-01	   6.4891957420298585e-01	   5.3047070499374716e-01	   6.6879052582669574e-01	   5.7987532129427899e-01	   7.4929915422745785e-01	   6.5485255928326358e-01	   6.3588332271704640e-01	   6.3522747595430273e-01	   6.1643355150772838e-01	   3.6972003969265255e-01	   4.6287528895642904e-01	   5.0270124369187430e-01	   5.2495160998473878e-01	   3.7827341279304111e-01	   3.9523982385064160e-01	   5.1591402536983555e-01	   3.5099323032011709e-01	   5.2765632615619418e-01	   5.5267306829019613e-01	   4.6258974604235298e-01	   3.9141246010289255e-01	   6.7802045829322988e-01	   6.6527278781770849e-01	   1.3791645047011719e-01	   2.5093791625919332e-01	   2.6947807170336557e-01	   2.5847978510043268e-01	   3.0509649712419717e-01	   3.2763425743667535e-01	   2.3429008877251298e-01	   4.8647871762923667e-01	   4.1310729346666875e-01	   5.0012231016946052e-01	   3.9779125238586466e-01	   5.2576920305052155e-01	   5.6653741258614765e-01	   6.0805421960484840e-01	   5.8807049170995696e-01	   6.1511795223886645e-01	   4.6380275361602386e-01	   5.8002824776665507e-01	   6.9534485691477410e-01	   6.9654283068123113e-01	   5.5927207268405021e-01	   6.4207573787373895e-01	   4.9961754975608863e-01	   5.8393232147428087e-01	   5.7524970040834567e-01	   6.6012116020315781e-01	   5.5537614840292582e-01	   5.6781958226214324e-01	   5.9062165971155345e-01	   5.8424119646885941e-01	   2.1319273668189023e-01	   3.6781288705605247e-01	   4.1569612801255201e-01	   4.8105740640674544e-01	   6.1376109218839503e-01	   6.6737209517387586e-01	   4.7097691979043105e-01	   4.0730569339848066e-01	   5.0944591407912909e-01	   5.9004761536969763e-01	   5.5945634222499629e-01	   5.6032104710815700e-01	   5.3419801502912589e-01	   5.9217053871395575e-01	   6.8300130349960098e-01	   6.9970708347902866e-01	   6.0976032478350717e-01	   6.8370482910996266e-01	   6.5653501197123798e-01	   6.1322111106657018e-01	   3.7490006473164639e-01	   4.2758511619411055e-01	   2.1566976450902478e-01	   1.6462275281019420e-01	   4.7858851029337179e-01	   6.7092357318543949e-01	   6.1471797888232560e-01	   5.5509001468836827e-01	   4.9297414834842912e-01	   4.9205143064045404e-01	   1.5912529357035246e-01	   2.1502879650646042e-01	   5.6411523943220776e-01	   4.5969783709840573e-01	   6.8038118611392839e-01	   5.9051446915889416e-01	   3.5869338328338513e-01	   3.3006765694866397e-01	   4.8630105903982090e-01	   4.4880628022586250e-01	   1.4616627998267370e-01	   2.5360915705789416e-01	   4.6342165619557299e-02	   1.3476195037235691e-03	   1.4034040065443557e-01	   3.4136069717714590e-01	   4.9422539977902058e-01	   5.7816406766141459e-01	   6.3657834527228796e-01	   6.2753458453926247e-01	   3.1585606861320914e-01	  -2.3339117599818432e-01	
   8.4058301041167494e-01	   7.8199307375540039e-01	   5.2975055527277770e-01	   6.2141052959253307e-01	   5.3177085862647033e-01	   4.5946602876659781e-01	   7.1901318893012600e-01	   6.9696923662163979e-01	   6.4801832627560207e-01	   6.1743875302598150e-01	   0.0000000000000000e+00	   8.2851734087601425e-01	   8.7198172506067273e-01	   8.2995333833371276e-01	   7.0856140619433061e-01	   6.6007537312725539e-01	   7.6263795822848490e-01	   7.6538044818694795e-01	   7.8334598457805082e-01	   7.7145341306523962e-01	   4.2242535872442444e-01	   4.0305072311116930e-01	   4.8862173644596507e-01	   4.3903543205868722e-01	   3.4120439763265631e-01	   2.5463593810463608e-01	   5.3177713574216634e-01	   3.8399335045296451e-01	   6.4755473103518990e-01	   5.7387492954342967e-01	   3.0828998479724434e-01	   2.2092816390788550e-01	   6.1309231403402498e-01	   5.8348916086266067e-01	   4.1037002284325004e-02	   9.3098339542595568e-03	   1.7976143387960031e-01	  -4.1288786634333260e-02	   3.1576272151813106e-01	   1.9731341736522728e-01	   2.4535768954191689e-01	   3.9321729100866543e-01	   3.9875077563774874e-01	   4.9165409920295894e-01	   1.3623904310434720e-01	   3.3252457124245072e-01	   5.9625957681205810e-01	   6.1223537462930289e-01	   5.5136915574889978e-01	   6.5057847884244957e-01	   5.2706404026381404e-01	   6.2157596692084416e-01	   7.3891005442097502e-01	   6.0745983407808446e-01	   6.7100205846526106e-01	   6.3290498578313570e-01	   7.5258269434060421e-01	   7.5563322437687952e-01	   7.1067456108530080e-01	   6.9576209574267533e-01	   7.5131796737980883e-01	   5.9933106051271101e-01	   7.0358965607188040e-01	   6.7779243333201933e-01	   2.9269166034135835e-01	   3.6238346924747322e-01	   3.1080669392847438e-01	   2.4268833123158381e-01	   7.5249009499346320e-01	   6.6833405024552872e-01	   4.7812260537966844e-01	   4.5374656122568557e-01	   7.1710113821005428e-01	   6.5499054607935892e-01	   7.5779129123374900e-01	   6.7160868792685169e-01	   6.4795550392494961e-01	   5.7044104648208416e-01	   7.2428283326359044e-01	   6.9459074187754455e-01	   7.9917069024761145e-01	   8.4369118159880441e-01	   6.7317410203359151e-01	   6.4711354561280787e-01	   6.9264595721021793e-01	   5.9194037781431152e-01	   4.1036015173651741e-01	   3.6079980558588598e-01	   7.3762887361287099e-01	   7.3038240248218278e-01	   4.3857816217721168e-01	   3.5284276067194253e-01	   2.7206000328524094e-01	   2.5951211440763167e-01	   3.3580083854940102e-01	   3.3230933981353550e-01	   5.8186324004426393e-01	   5.8266770484707786e-01	   5.9483939182845358e-01	   6.2117172036988255e-01	   3.5308481495366639e-01	   1.6294700212492852e-01	   4.5131615805387737e-01	   3.0928932525495390e-01	  -3.2131946212118262e-01	  -1.8003574076326179e-01	  -1.4276912164153294e-01	  -9.1987720101626508e-02	   1.6165765176057270e-01	   4.9116482930788202e-01	   3.4617017014573548e-01	   4.0825291321419932e-01	   4.1788205419112440e-01	   4.7864875266361573e-01	   5.7216536102870044e-02	  -6.1137322573042341e-01	
   7.2536141487558004e-01	   7.4533341843879541e-01	   3.1154505383083120e-01	   7.3273850258856554e-01	   4.4575498336028990e-01	   4.7907241840397358e-01	   5.8992910980259028e-01	   8.8025198955147910e-01	   5.3603448047229207e-01	   6.4891957420298585e-01	   8.2851734087601425e-01	   0.0000000000000000e+00	   6.5862816112153877e-01	   8.7530455148072650e-01	   5.7091973727141077e-01	   8.0436553622163109e-01	   7.4115045163561866e-01	   8.2495626444627812e-01	   8.1595090212990395e-01	   8.9420654347085260e-01	   3.5297033209293283e-01	   4.2989622196140975e-01	   4.4208537549823401e-01	   5.1774425071118269e-01	   2.2778901425637502e-01	   2.4597008300349038e-01	   3.7331357214042987e-01	   2.6137203686609323e-01	   6.8333110951019638e-01	   7.2769606800587738e-01	   3.8229981037562932e-01	   3.8447599561006907e-01	   6.2023089798427233e-01	   7.4084184921321228e-01	  -1.5719874270527742e-01	  -1.1174220294121279e-01	   6.3924688089778359e-02	  -4.5469042325700072e-02	   1.8549860486654063e-01	   2.2350722648372029e-01	   1.0812221739129262e-01	   4.0671636532587196e-01	   3.4021540705067244e-01	   4.4051483686116000e-01	   1.0746972213300252e-01	   3.0596463605951502e-01	   5.9140283506524116e-01	   5.8688949702648041e-01	   4.3795982982904136e-01	   5.8603738447614384e-01	   3.9017077958110447e-01	   5.5426362560641096e-01	   6.8370345471735450e-01	   5.5763992095858284e-01	   5.8062957358659051e-01	   5.5175083203040320e-01	   6.2040364357209388e-01	   7.0491608962003782e-01	   6.2522903530540885e-01	   6.8617441417439462e-01	   5.5559097104328303e-01	   7.0609242023030150e-01	   6.7339220015007917e-01	   8.5141302517926198e-01	   4.3423900612726093e-02	   3.6139420162809333e-01	   1.5311133252848627e-01	   2.3651798925312240e-01	   7.6054438829247806e-01	   7.2618101830223269e-01	   5.0892755698746539e-01	   4.2828845946143629e-01	   7.0556949100595490e-01	   7.8974223183822467e-01	   6.4680726843714331e-01	   7.4607270708609030e-01	   5.0294899170680329e-01	   5.5737750456560420e-01	   6.9547778780639768e-01	   6.0584738912703062e-01	   7.9225902741799936e-01	   8.5512906434485758e-01	   6.6026924724145697e-01	   6.3610102963931259e-01	   5.2224881364870201e-01	   5.9877331002182621e-01	   1.7900933052132051e-01	   1.8451446092910101e-01	   5.3924307057232534e-01	   6.4860044697402253e-01	   5.4323521114188966e-01	   3.1824909345080077e-01	   3.3435684659308046e-01	   2.3280524267052768e-01	   3.0562533008374715e-01	   3.7472100915749323e-01	   5.1178490738962090e-01	   5.1614781787700192e-01	   6.3543501430687499e-01	   5.3230898797740556e-01	   3.8645618583880315e-01	   3.3227976227803976e-02	   4.1183485623456173e-01	   2.0614335443379606e-01	  -2.2887010249090564e-01	  -1.6613444100144534e-01	  -1.6774236995027947e-01	  -1.5460191888130359e-01	   1.3440107865423775e-01	   3.7020381856828638e-01	   2.9116346296891521e-01	   4.0630717297228247e-01	   4.3482038637345366e-01	   5.1791339602172581e-01	   1.3921896957672114e-01	  -5.1590408478707639e-01	
   7.2337955490270334e-01	   6.8731063021854966e-01	   6.3389175524400432e-01	   5.1971466609321837e-01	   4.7734672828793201e-01	   4.0171739691236419e-01	   7.0308553639858606e-01	   5.3733002458112078e-01	   6.5770677417780266e-01	   5.3047070499374716e-01	   8.7198172506067273e-01	   6.5862816112153877e-01	   0.0000000000000000e+00	   8.0140614359859463e-01	   7.9471912989119220e-01	   6.0822359959050476e-01	   5.5853122371682395e-01	   5.6291276398949186e-01	   5.9971404523377725e-01	   5.6791368466204606e-01	   4.2748225479378188e-01	   4.1986830853183887e-01	   4.8011807882292978e-01	   3.6177192773337530e-01	   4.6155430689043075e-01	   3.8061022923500520e-01	   6.1468311286420341e-01	   4.3491427836131702e-01	   5.2263004524616175e-01	   4.2615476692207943e-01	   2.1922595998944738e-01	   1.3748664501308283e-01	   4.7150442130218134e-01	   4.2348803684946895e-01	   1.8566636730379840e-01	   8.3824427749722291e-02	   3.2958665424036071e-01	   5.7394502483973757e-02	   4.4282412284372630e-01	   2.7978299240230237e-01	   3.4256670435401415e-01	   4.2637925178324598e-01	   4.4922118501832237e-01	   5.2592890655354774e-01	   2.3548652562328451e-02	   2.7925628561572480e-01	   6.1093102508198927e-01	   5.9967513628806213e-01	   5.5054764236243869e-01	   6.0449158889760535e-01	   5.8855051091425692e-01	   6.3175365952668916e-01	   6.4109637780854611e-01	   5.0647667014383857e-01	   6.5324651625281516e-01	   5.8895388275993887e-01	   5.8298729443733033e-01	   5.8517655730444962e-01	   5.9969571835813951e-01	   5.5586948594582020e-01	   6.9352919420080372e-01	   5.0525353271725026e-01	   4.5470742064264835e-01	   3.8781094528987747e-01	   3.8782763538981818e-01	   4.1648555416637340e-01	   3.0182776190557215e-01	   2.0413219511059455e-01	   5.9247749544840322e-01	   5.2213929318769126e-01	   4.0721897315532807e-01	   3.9418246548120628e-01	   6.0056964988110761e-01	   5.2363397541176904e-01	   6.1815992787643770e-01	   5.7049967600795193e-01	   5.4790779675126589e-01	   4.5530139528444746e-01	   5.7124634291484788e-01	   5.9773711487124181e-01	   6.3763952753691477e-01	   6.6527078424054731e-01	   5.8431666018209394e-01	   5.8303389620943846e-01	   6.1912853037140114e-01	   5.4115272636878342e-01	   5.2839298050702277e-01	   4.1206298572970657e-01	   7.2158114188876266e-01	   6.3072987777039502e-01	   3.5747181462559235e-01	   3.3113231100253293e-01	   2.8429938633052093e-01	   3.3350663891836235e-01	   2.2193615166284020e-01	   3.0460981587511160e-01	   6.0081467344647765e-01	   5.9944089026896830e-01	   4.9950237495955091e-01	   5.3661818919958026e-01	   3.1769566361710022e-01	   1.7092447217782530e-01	   4.1999154536993455e-01	   2.7397247794616464e-01	  -2.6154388346851221e-01	  -1.6173566119826133e-01	  -6.9778397941278242e-02	  -1.9469073216232241e-01	   7.5471216352975989e-02	   3.8068007110180480e-01	   3.9469224206310766e-01	   4.0774256702638934e-01	   3.5972172290484727e-01	   4.1055773942165308e-01	   8.6617059188636145e-02	  -5.4385102464283386e-01	
