   0.0000000000000000e+00	   8.3434216578802500e-01	   6.5060406089774414e-01	   6.3084462957879950e-01	  -5.9985072356005219e-02	   6.2349531124887645e-03	   5.9903432175899685e-01	   6.0584833537098892e-01	  -1.5411725705318230e-01	  -3.7436393528221999e-02	   6.1623983396189763e-01	   5.0524260411812427e-01	   3.9138127448721338e-01	   5.7396096099210125e-01	   3.4767622772215401e-01	   5.6027405107990846e-01	   6.5552202005148108e-01	   7.5199434102818685e-01	   7.7708784469846015e-01	   7.4096966575471368e-01	   3.0405259907379695e-01	   3.5595921335441760e-01	   5.5775204872400774e-01	   5.4124853385226523e-01	   2.8066251883383356e-02	   6.6221297643633895e-02	  -9.4171979288518171e-02	  -6.5129781959257810e-02	   5.7897353529681017e-01	   6.0574615045110269e-01	   3.0162594004708521e-01	   4.2279658266326164e-01	   7.0006162510266357e-01	   7.0787725407373669e-01	   3.6036578472589287e-01	   4.4748644818008015e-01	   4.6368437254470951e-01	   4.6976475071892693e-01	   6.1970770342432258e-01	   6.7980515959270882e-01	   4.1077453836217592e-01	   3.0013342654983044e-01	   5.5327293386657272e-01	   4.1016370894321041e-01	   3.2610986311518719e-01	   3.8932813128460086e-01	   5.5245292935858203e-01	   5.4390218827038006e-01	   3.4217519591808226e-01	   3.4255869067144723e-01	   3.9010587922380247e-01	   3.5158709158343970e-01	   6.8127196468086115e-01	   6.6228327861860747e-01	   7.4664438156439661e-01	   7.3939005124336787e-01	   8.9069001617446308e-01	   7.6725675704458429e-01	   7.2473064154420230e-01	   7.1845509289430054e-01	   6.3483018314952311e-01	   5.1251415877425788e-01	   5.4916357643099933e-01	   6.7866387673276785e-01	   3.8931030320749704e-01	   4.9013130853344922e-01	   6.9848052560357199e-01	   6.2516634778059244e-01	   7.6402172394767787e-01	   7.2294499727592942e-01	   4.1239656197703045e-01	   4.2691990749823555e-01	   5.9309628045109108e-01	   5.3021626352832607e-01	   3.8440042927248153e-01	   2.7774095870812260e-01	   5.9883853674279464e-01	   6.4436792310101176e-01	   6.4500874671969521e-01	   6.5782487274344914e-01	   7.1478509612825869e-01	   6.1867193934858022e-01	   6.2581450833951147e-01	   6.4370082380719940e-01	   5.9163303993041527e-01	   6.3718731075109258e-01	   4.5448205760294669e-01	   4.8589408805776835e-01	   7.6244331415985034e-01	   6.9471069955542253e-01	   4.9173215651493885e-01	   3.6056243629745821e-01	   2.4850820831272780e-01	   3.4488376944261157e-01	   3.3411835017713643e-01	   2.0198521658173843e-01	   5.5151831788151184e-01	   6.2694308225339723e-01	   6.5903228587032192e-01	   6.1710701496490439e-01	   3.2200209056718077e-01	   6.2427617959106763e-01	   5.7943216052949875e-01	   5.6363878920618249e-01	   3.3317020638384087e-01	   4.6041062206855415e-01	   3.6788909299095651e-01	   4.0010421358505932e-01	   9.3675229966597884e-02	   6.3608685782971569e-04	   2.6047040983091629e-01	   5.2435757820464923e-01	   3.7698898328492214e-01	   5.4536042310928790e-01	   5.0516956311657291e-01	   2.9151899356503730e-01	
   8.3434216578802500e-01	   0.0000000000000000e+00	   5.8098969214290697e-01	   6.1542620301335715e-01	  -3.2066136079379937e-01	  -2.4166461035834949e-01	   5.1305070655891216e-01	   5.2900475486768128e-01	  -3.8094526068659007e-01	  -2.5860189199559597e-01	   5.0406507227949549e-01	   5.3798125905159000e-01	   3.1287905409366534e-01	   5.6205848729173280e-01	   1.6270340473508263e-01	   5.5958908573799460e-01	   7.1167687722889483e-01	   7.8202930757338307e-01	   7.1779433449942376e-01	   7.1935948031555619e-01	   1.2933566815738767e-01	   2.6092569336918658e-01	   4.8743490278421370e-01	   4.9598702671141587e-01	  -2.1728061478371558e-01	  -1.9247708580197240e-01	  -3.2097429000119981e-01	  -2.6400000096335635e-01	   6.6891324300052057e-01	   6.7651350947537003e-01	   1.9488513419528747e-01	   3.8179671982903729e-01	   7.6687738623037549e-01	   7.7231945709196670e-01	   4.0055894427413907e-01	   5.0447524670642407e-01	   5.8825470820527437e-01	   5.6951793837700282e-01	   7.2702508906113983e-01	   7.3014848475819139e-01	   4.8766416135834151e-01	   3.0322327551122757e-01	   7.0385048543273288e-01	   6.2908633807024683e-01	   5.3689120873866414e-01	   6.0875099218633699e-01	   7.0473702599778143e-01	   7.3345305079337997e-01	   5.4511273447040998e-01	   5.3294948867523206e-01	   6.3568816719322840e-01	   5.4528799592608990e-01	   7.0949326091482923e-01	   6.6862094701093000e-01	   7.8205297257412953e-01	   7.7792716469727186e-01	   8.9824196711890469e-01	   8.8031390645069041e-01	   6.8140829470640885e-01	   6.7995512092539934e-01	   5.9379239173013909e-01	   4.6172363352642087e-01	   6.8763326840448558e-01	   6.8330348666209095e-01	   3.3980803271594157e-01	   4.2355268332778506e-01	   7.0664622345429307e-01	   6.6765613362534926e-01	   7.8721392745659990e-01	   7.4045891378311013e-01	   3.2535825409402880e-01	   3.2174331140815088e-01	   5.2424466660814828e-01	   5.0380716304198814e-01	   2.8515783558749885e-01	   2.1692390543495702e-01	   6.6540291039879818e-01	   6.4745126569713696e-01	   7.5066903542869046e-01	   6.2334678580926006e-01	   8.0392140218748209e-01	   6.3396859647211312e-01	   7.3797091652799063e-01	   7.8832244468654245e-01	   5.1774844589243385e-01	   6.8307263326821022e-01	   6.4919456974308942e-01	   6.6969446014407807e-01	   6.6560958627264877e-01	   6.7763048809645987e-01	   5.3288241818186299e-01	   3.9359153492250692e-01	   2.9734189451562149e-01	   3.9983230306893913e-01	   4.8852925441189432e-01	   2.0035703211933378e-01	   7.4535154329488429e-01	   7.5557137762818627e-01	   7.7372525050069763e-01	   7.1502863202652978e-01	   3.9643213004131411e-01	   5.9923292553480778e-01	   6.2985605301659997e-01	   6.1339898183570218e-01	   3.3275850816190433e-01	   4.7278462492937123e-01	   4.0472090773858416e-01	   4.8345661500922521e-01	   6.8690666586983778e-02	   2.6064788261006033e-01	   5.1159285560320433e-01	   6.8964088299303405e-01	   5.2270032796641464e-01	   6.3250099717661945e-01	   5.5471321184650313e-01	   1.6640499891632302e-01	
   6.5060406089774414e-01	   5.8098969214290697e-01	   0.0000000000000000e+00	   8.4466578610048826e-01	  -1.1300592400077417e-01	  -1.3907345414275371e-01	   7.9578985842304850e-01	   6.1289530398405434e-01	  -1.4746555709578962e-01	  -1.8199200045842873e-01	   4.3648935801842381e-01	   2.0892207782997901e-01	   5.9109303835923543e-01	   6.0509105119644779e-01	   4.3503170839174227e-01	   4.2851408911984035e-01	   3.8177975375476880e-01	   4.3988515171736797e-01	   8.2131510333385160e-01	   7.7556441360850747e-01	   3.0577765036050703e-01	   3.0536699991848354e-01	   8.9825539553726030e-01	   8.3834642179060825e-01	  -2.7027524586026128e-02	  -6.3541561236189731e-02	  -2.7280534148125118e-02	  -1.7233450913518043e-02	   3.5439372256595286e-01	   3.8571979453608540e-01	   4.3473304425748560e-01	   5.2409240646233191e-01	   5.8940907723281899e-01	   5.4704954346267498e-01	   6.1326721896485725e-01	   6.0952600309419991e-01	   3.8891980631318673e-01	   3.9055227037432444e-01	   3.6955880067644042e-01	   4.3469648257149718e-01	   3.2331175323909234e-01	   1.9458042668174125e-01	   6.7657068314563329e-01	   5.3432801869079383e-01	   4.2934454354105178e-01	   4.1311426033523607e-01	   6.2023305684261798e-01	   5.2578019504829054e-01	   3.5472976988860816e-01	   3.4658017268811525e-01	   4.9771325391414395e-01	   4.8342267203577605e-01	   5.2701038220956864e-01	   6.2519106384384093e-01	   6.3494686314197879e-01	   6.8410956105228693e-01	   5.5293483017599887e-01	   4.8811413290052830e-01	   4.5776619982706701e-01	   3.9521697283971424e-01	   3.8374219638979745e-01	   2.9196989083086516e-01	   3.6293014760825137e-01	   5.4088353282474610e-01	   6.0973040005680224e-01	   5.1493297948661898e-01	   5.9210866832425579e-01	   4.3281498023586468e-01	   6.1803932335357847e-01	   6.1650238883394559e-01	   4.7768998877703728e-01	   4.5794110587795100e-01	   4.8980622734314549e-01	   4.6496786581463595e-01	   3.6176818133514044e-01	   4.0777653872064973e-01	   5.1094041496448550e-01	   5.5458147181108552e-01	   3.5850796233985838e-01	   6.1731038509291836e-01	   5.3134414624987070e-01	   6.3222554088592087e-01	   5.1400684127600194e-01	   4.6584350505998484e-01	   7.4159646679341540e-01	   6.4286595569355587e-01	   3.9888313891456573e-01	   2.3017402710000806e-01	   6.3437891087203135e-01	   5.9230284111104936e-01	   4.8750089844710709e-01	   4.0110552179211517e-01	   2.6740144084092571e-01	   2.4494066020597818e-01	   2.1693509647946263e-01	   2.8594447057284877e-01	   3.9901067278564073e-01	   5.1824506694577832e-01	   6.0753382103428311e-01	   5.6112008227219201e-01	   3.2387024782522744e-01	   3.9054907692984642e-01	   5.8084385203360267e-01	   4.6467923402118366e-01	   4.4468334563389678e-01	   5.8582448102041851e-01	   1.6834529333561465e-01	   1.9488134784910632e-01	   2.0274910083045050e-01	   8.3178363069956060e-02	   3.5149004025267072e-01	   5.3802523784518019e-01	   3.5213781857696075e-01	   4.7596387927436345e-01	   5.5242163972719871e-01	   2.6517636904466069e-01	
   6.3084462957879950e-01	   6.1542620301335715e-01	   8.4466578610048826e-01	   0.0000000000000000e+00	  -1.4590071229369866e-01	  -1.4991453097624377e-01	   7.5920544317629712e-01	   8.1874534485862149e-01	  -1.5479887282930779e-01	  -1.6614447964932044e-01	   4.5912911564781833e-01	   4.0202612122434278e-01	   4.9018488807280414e-01	   6.0786635772031761e-01	   3.6167077197653569e-01	   4.0109131466354742e-01	   4.0559258480717159e-01	   4.9435248694920653e-01	   7.4573581607238548e-01	   7.0992257444691642e-01	   2.6691796419705055e-01	   3.2338924115704137e-01	   7.7614496450882520e-01	   8.4984339196857739e-01	  -7.2958072415972047e-02	  -7.0394089630719428e-02	  -7.3459317320016676e-02	  -5.9982270910197644e-02	   3.9533300750775591e-01	   4.7259905240538003e-01	   3.8917262905239636e-01	   5.5992581791355467e-01	   6.3896878640173249e-01	   6.6683595799648643e-01	   5.0602867884881575e-01	   6.0738827913385696e-01	   4.7595775961355924e-01	   4.6745355831590413e-01	   3.8419589740974719e-01	   4.4557710238152559e-01	   4.1004198576725259e-01	   2.3717188022785057e-01	   7.1489558302884504e-01	   6.1417139615198546e-01	   5.2768948768429913e-01	   5.6224672234039386e-01	   6.6050108995069412e-01	   6.1784048283530368e-01	   4.8694613679249388e-01	   4.5721204371456980e-01	   5.3777907136175895e-01	   5.2664054433340002e-01	   5.7021771770729179e-01	   6.0491494828404957e-01	   6.4359492600906221e-01	   6.5020304899066317e-01	   5.7533719918371373e-01	   5.2832390443564936e-01	   5.1397126167957463e-01	   5.1362427718161596e-01	   4.7897575628615879e-01	   4.8667780692010998e-01	   4.2229098797890940e-01	   6.3811232093832559e-01	   4.8187288652634780e-01	   5.5109836964471315e-01	   6.6339199154144413e-01	   5.9474441391617483e-01	   6.2195646884592160e-01	   6.3074157040437362e-01	   4.5144920589711074e-01	   4.5874725910533076e-01	   4.2578768441501569e-01	   5.1552062645701546e-01	   3.2424605833348186e-01	   3.9351002625928011e-01	   5.4151369541429539e-01	   6.1669923159072426e-01	   3.4378956952890266e-01	   5.6493109841651024e-01	   5.5262433541321176e-01	   6.6969040702336535e-01	   5.1000094164122922e-01	   5.2947575607104291e-01	   5.9090308829264804e-01	   7.0108512989258243e-01	   3.7748706668879978e-01	   3.1139564826231786e-01	   5.6537792656441799e-01	   5.9073387409792943e-01	   5.3749984728796019e-01	   3.9328884532160124e-01	   2.7023126924382534e-01	   2.7438675074218000e-01	   2.9919983375878756e-01	   2.7720733230748218e-01	   4.9320424306784644e-01	   5.9689637814080476e-01	   6.9234745370806938e-01	   6.2185582988488441e-01	   4.7197541377823726e-01	   4.0992508536265088e-01	   6.6978599177722176e-01	   5.8418405910398741e-01	   3.9962491452106919e-01	   5.1263346948990529e-01	   2.3958871722112382e-01	   1.6325543896423289e-01	   1.7773151399181730e-01	   1.8794990237323414e-01	   4.6605550193047818e-01	   6.1781610064363857e-01	   4.3270466531052576e-01	   5.9256739876712472e-01	   5.2315650463891927e-01	   1.7284618497609272e-01	
  -5.9985072356005219e-02	  -3.2066136079379937e-01	  -1.1300592400077417e-01	  -1.4590071229369866e-01	   0.0000000000000000e+00	   8.9763610979876007e-01	  -1.8379682636538325e-01	   2.8520899051989734e-03	   9.4238765222120802e-01	   7.6008737751106525e-01	  -7.1463497538608672e-02	  -3.1816312424179272e-01	   9.9216800502411259e-02	  -1.7915335776390950e-01	   5.8311858458644150e-01	  -1.8649198536178141e-01	  -1.4198571178934766e-01	  -1.8559033349181414e-01	  -6.5016854195340840e-02	  -5.7939348444019011e-02	   6.0761378734601224e-01	   5.6241313782695923e-01	   7.9054372737723481e-03	  -4.8252621504239715e-02	   9.6388533936124632e-01	   9.4337944300391929e-01	   8.8480948023556161e-01	   8.7027944050972805e-01	  -2.0145496764708587e-01	  -2.3855890051595982e-01	   5.6440445390683835e-01	   3.2185499485998581e-01	  -4.4236306229833799e-01	  -4.3747876717670242e-01	  -6.7485353832171788e-02	  -2.0201394781523160e-01	  -2.9920092742654092e-01	  -2.4527896017350362e-01	  -2.3717247487934337e-01	  -8.0949844372460639e-02	  -2.7755239988297092e-01	   1.2121769327801990e-01	  -3.6081822620262061e-01	  -5.0166938257207905e-01	  -5.3169942484283950e-01	  -5.2439567184474989e-01	  -3.4428956638825214e-01	  -3.8487035484554655e-01	  -6.2377467898486927e-01	  -5.7850563692228008e-01	  -6.3225415545132435e-01	  -5.6759178791464826e-01	  -2.4436724385007921e-01	  -1.0537655148562702e-01	  -2.3463628107898488e-01	  -3.1346470100325097e-01	  -2.0389163694638340e-01	  -3.5462592155636957e-01	  -3.3756335937297943e-01	  -3.0747596618528711e-01	  -3.2602076138199965e-01	  -2.5921333686601683e-01	  -3.1041738815748493e-01	  -2.3909965110709067e-01	  -1.1391580642918109e-01	  -2.9327669771195830e-01	  -3.3452340629919358e-01	  -3.7732944823625647e-01	  -1.7692758854085239e-01	  -1.3069218782724651e-01	   4.4426729869475473e-01	   3.8863134529879956e-01	   2.3817463066281705e-01	   2.1651114864523002e-01	   3.9315591593254395e-01	   3.9489300158421781e-01	  -1.5687317457285491e-01	  -5.2242220870988620e-02	  -2.4672182324108710e-01	   6.5534872888681414e-02	  -3.1669383586558819e-01	  -1.3893626512761142e-01	  -3.6063484663453055e-01	  -4.2757147805412687e-01	  -5.0451774108977415e-02	  -2.8932059029912000e-01	  -5.9857040707462472e-01	  -2.9232190586444012e-01	  -1.7733559826363338e-01	  -3.2879580291681698e-01	  -2.8971864057923591e-01	  -2.0584513969068211e-01	  -2.8887323371431395e-01	  -2.4227235124011565e-01	  -2.0811239770266124e-01	   1.1690775743007645e-01	  -3.7554188098991048e-01	  -3.7764979092413509e-01	  -3.1259432672938514e-01	  -2.9508925961207705e-01	  -1.4521817017261424e-01	  -1.8799584917785134e-01	  -2.3442023955161179e-01	  -2.1650982646845857e-01	  -1.4546668370234309e-01	  -6.3372648315904778e-02	  -5.7470514160924524e-02	   9.8719717099075063e-03	   6.0790279602730535e-02	  -4.5407136725267427e-01	  -4.1622835008569192e-01	  -2.9801329570881480e-01	  -3.7491122992430104e-01	  -2.4562187469888935e-01	  -2.2039160181037720e-01	   9.1901110919974695e-03	
   6.2349531124887645e-03	  -2.4166461035834949e-01	  -1.3907345414275371e-01	  -1.4991453097624377e-01	   8.9763610979876007e-01	   0.0000000000000000e+00	  -1.6573663162089852e-01	   2.2766125902880963e-02	   8.4406334100730396e-01	   8.4456818808974488e-01	  -4.6826494777547564e-03	  -1.8157088760001050e-01	   7.2152611971948041e-02	  -1.0803481153186406e-01	   5.7202149600495122e-01	  -1.7979420159895336e-02	  -5.2661548498460539e-02	  -1.4087286670171553e-01	  -1.0466579817782928e-01	  -7.4185443416857982e-02	   5.2564099002703879e-01	   5.7927870701209327e-01	  -1.7311587147722636e-02	  -3.5327074947825422e-02	   8.9970665870230193e-01	   9.0226315218279640e-01	   8.0351959819933927e-01	   8.4070594316136149e-01	  -1.3875721553364873e-01	  -2.2549446758598191e-01	   4.8732690692988823e-01	   2.9908911235231894e-01	  -3.5427271224895568e-01	  -3.1896810053279456e-01	  -1.3895429672115142e-01	  -2.7538202538330081e-01	  -2.8322266779527494e-01	  -2.2175158456781263e-01	  -1.8736668299424020e-01	  -5.1050864004649164e-02	  -2.1640111583105659e-01	   1.6430509376917563e-01	  -3.5299627777276915e-01	  -4.8690827978789791e-01	  -4.6982218869479653e-01	  -4.6577976238428909e-01	  -3.1475996128635930e-01	  -3.4721902810466782e-01	  -5.1460609226858522e-01	  -4.8942047688687795e-01	  -5.4932657833871890e-01	  -4.9051079232345857e-01	  -1.6975783611412548e-01	  -8.6284901811265566e-02	  -2.0263871168414893e-01	  -3.0856754798257191e-01	  -9.2896195104665624e-02	  -2.4933253317849513e-01	  -2.2296108491163369e-01	  -1.8360659987669986e-01	  -2.1823587704186032e-01	  -1.1992063224881840e-01	  -2.1080334230765407e-01	  -1.6711376514466025e-01	  -1.5838132719200587e-01	  -2.6813752157638171e-01	  -2.8767570494582873e-01	  -3.2056308204527056e-01	  -1.5802153820731171e-01	  -1.0895444173679752e-01	   3.6821291577696436e-01	   3.2859260676932067e-01	   1.9431994117639378e-01	   1.9231999840557285e-01	   4.0872493464599180e-01	   3.2114420011628608e-01	  -1.3415568051101046e-01	  -4.2625712755842385e-02	  -1.6555262680399729e-01	   3.5557883758152289e-02	  -2.4790446036265129e-01	  -1.7840502563572469e-01	  -2.7865364667474041e-01	  -3.2747515192712573e-01	  -1.2219019066546963e-01	  -2.6980248906713705e-01	  -5.2955241480962578e-01	  -2.1106167158122990e-01	  -2.0324752523305917e-01	  -3.1417147348477581e-01	  -2.9152581554083329e-01	  -2.4389038552018469e-01	  -3.2536981501606010e-01	  -2.5381778077411632e-01	  -2.2787587286353608e-01	   2.6782522676658121e-02	  -3.2325754699274178e-01	  -3.4798731854622206e-01	  -2.8357530645415840e-01	  -2.9359987354481798e-01	  -1.4361448383471020e-01	  -1.0983900985089748e-01	  -2.4070291908263974e-01	  -2.0506021149930947e-01	  -1.6623703640820292e-01	  -1.0240259932547380e-01	  -7.2487913704713663e-02	   6.4861050974501594e-02	  -6.5130843161736479e-02	  -4.7949706283623222e-01	  -4.2220186285664735e-01	  -3.1032330979538142e-01	  -3.9597355149201341e-01	  -2.5999569680405643e-01	  -2.6367175961938233e-01	  -1.6586758792087413e-02	
   5.9903432175899685e-01	   5.1305070655891216e-01	   7.9578985842304850e-01	   7.5920544317629712e-01	  -1.8379682636538325e-01	  -1.6573663162089852e-01	   0.0000000000000000e+00	   7.9510838676726769e-01	  -2.3140599531619124e-01	  -1.5995326705157697e-01	   6.1468187738264435e-01	   3.8096916726174967e-01	   4.8647803085706254e-01	   6.5435192244797902e-01	   2.2314013104619879e-01	   3.9967056918441168e-01	   4.4370772121073343e-01	   4.4957265475465946e-01	   5.9600326306661122e-01	   5.5550459818994324e-01	   1.0108966577735307e-01	   8.7610776296591281e-02	   7.8399640080528998e-01	   7.6970203077645527e-01	  -1.4271284742304965e-01	  -1.0005160910597624e-01	  -1.9240459235351370e-01	  -1.5069754793005916e-01	   3.5155028615847134e-01	   3.9448071910032423e-01	   2.8970565094753981e-01	   4.9557892750344046e-01	   6.6063239848097977e-01	   6.6279731204785697e-01	   4.4555639152795457e-01	   5.1730456312524442e-01	   2.6573173396519834e-01	   3.3198716623571722e-01	   4.3265872345748568e-01	   3.9611572190057803e-01	   2.3431524827499312e-01	   3.5692369053211673e-02	   6.4828450397304582e-01	   5.6512870095679901e-01	   5.9322975375418796e-01	   5.9574970336659250e-01	   5.7046327375305350e-01	   5.4687855656184237e-01	   5.3893535186813601e-01	   5.6847409989121700e-01	   5.7965834760381729e-01	   5.9167042179915563e-01	   4.3763784649836635e-01	   5.2282751308896214e-01	   6.0783970517452968e-01	   6.3608519795152763e-01	   5.2782628237505180e-01	   4.3236859654023302e-01	   5.2219641363750036e-01	   4.8181095178897171e-01	   5.7194328324767807e-01	   5.8850519738417917e-01	   4.3258335744576576e-01	   6.4045708585745098e-01	   6.3150271779807987e-01	   6.7336706768388843e-01	   6.9276201265695980e-01	   6.1797941693541203e-01	   4.6345708226011434e-01	   5.2447451564359782e-01	   2.7571111168476997e-01	   2.7536424187075675e-01	   2.8164313550665554e-01	   2.6124908168919547e-01	   2.1760253386130921e-01	   2.0533103156815558e-01	   4.6460288958937507e-01	   4.9147032205755858e-01	   3.8510875465246686e-01	   5.4442007300666717e-01	   5.3754764915477127e-01	   6.2073201496896602e-01	   4.9467151313099422e-01	   4.2196402842370584e-01	   5.8239619154764710e-01	   6.1590416067852893e-01	   4.3832653415052675e-01	   2.4171969684798944e-01	   5.6712626243135533e-01	   5.8970394136135185e-01	   4.7926961261311152e-01	   3.9704036044221469e-01	   2.1423316221899255e-01	   2.8416649327495203e-01	   3.1625402279413484e-01	   1.0234944838388035e-01	   4.5708357973236102e-01	   5.0511490667250958e-01	   5.8086405589261469e-01	   5.4033548192407466e-01	   2.9223157411115974e-01	   4.8923769939131961e-01	   5.8784978946368172e-01	   5.5438424882314497e-01	   4.8583909425326033e-01	   6.1734920179879293e-01	   1.3133768013684533e-01	   1.0471131350530415e-01	   7.9676084986248938e-02	   1.2491309003022930e-01	   3.9686433522268427e-01	   4.9931850072343537e-01	   3.3559891269396724e-01	   4.4760063946227208e-01	   4.9999398988703858e-01	   3.5226375025296230e-01	
   6.0584833537098892e-01	   5.2900475486768128e-01	   6.1289530398405434e-01	   8.1874534485862149e-01	   2.8520899051989734e-03	   2.2766125902880963e-02	   7.9510838676726769e-01	   0.0000000000000000e+00	  -3.8302826021653642e-02	   3.0087545707287916e-02	   5.7038789378091337e-01	   4.7222815776913518e-01	   3.7166384086837873e-01	   5.7345071652299617e-01	   3.1994002435248514e-01	   3.3270673348648661e-01	   4.8432590247968932e-01	   4.8648430197634429e-01	   5.6743302021798236e-01	   5.3607203043145202e-01	   2.9472729538950337e-01	   3.3223622848272216e-01	   6.0618461693278003e-01	   6.9674497114922795e-01	   4.4521567767091548e-02	   9.7015666614607296e-02	  -2.0594970084574220e-02	   2.2472443737961090e-02	   3.9111512128856746e-01	   5.1403750985498831e-01	   3.6732532867136791e-01	   5.6566223641113367e-01	   6.0999620846662994e-01	   6.5170149769684049e-01	   4.0252759003040861e-01	   5.1779230952701349e-01	   4.0685599052460192e-01	   4.8724289783210689e-01	   4.2419065128697242e-01	   5.0046877966445302e-01	   2.9995066400283987e-01	   1.9397628709899933e-01	   6.2400044815121758e-01	   5.5775734792211429e-01	   4.8288162426345332e-01	   5.6611180730054211e-01	   5.7688073278668073e-01	   5.9453083780312077e-01	   4.4162837037872027e-01	   4.6335531156445875e-01	   4.7243799732698599e-01	   4.6262218344857675e-01	   4.5626572288511924e-01	   4.8337217476037070e-01	   5.7528776125571068e-01	   5.7465646607304288e-01	   5.4594192095221838e-01	   4.3150775021378285e-01	   4.6419830305675491e-01	   5.2648497644318137e-01	   5.3474630503723009e-01	   6.8771641927799476e-01	   4.2720361802119944e-01	   6.6599922338070949e-01	   4.4575266352507936e-01	   6.4178062344612896e-01	   6.6250162622254805e-01	   6.8227177804787809e-01	   4.5911139447482924e-01	   5.5084774981305173e-01	   4.0049438621364403e-01	   4.2842184279658541e-01	   3.4566362628762637e-01	   4.5233676122732525e-01	   2.5449210505290221e-01	   3.3419855714972657e-01	   4.6103433373886343e-01	   5.6163003705086256e-01	   3.7709546419157491e-01	   5.8045517848547168e-01	   5.4503219349039433e-01	   6.7920910580331129e-01	   4.6775274945050771e-01	   4.5398667229689116e-01	   4.8491194946285238e-01	   6.4674699058114959e-01	   2.8805471414542266e-01	   3.4015025155456463e-01	   4.7989565362588982e-01	   5.4365493413562271e-01	   5.0658587098017360e-01	   3.6447242326142504e-01	   2.4405273524376594e-01	   3.0702916906773065e-01	   3.4416094133697245e-01	   2.1212360300975119e-01	   5.0394692941027608e-01	   5.7719753149010122e-01	   6.2079564619917083e-01	   5.7378397448448859e-01	   3.6912805849461261e-01	   5.1724617129529471e-01	   5.3458911860773761e-01	   5.3611062224367223e-01	   3.3486387818342123e-01	   4.3666825565473666e-01	   2.5647875788865576e-01	   1.3174382032204882e-01	   1.1740998053181169e-01	   1.8403429302120375e-01	   4.6977204943142520e-01	   5.4894387228742925e-01	   3.6072541268498759e-01	   4.6028422565432603e-01	   4.2100612023271844e-01	   2.0673232666797223e-01	
  -1.5411725705318230e-01	  -3.8094526068659007e-01	  -1.4746555709578962e-01	  -1.5479887282930779e-01	   9.4238765222120802e-01	   8.4406334100730396e-01	  -2.3140599531619124e-01	  -3.8302826021653642e-02	   0.0000000000000000e+00	   7.9398919281370395e-01	  -1.3810403620447126e-01	  -3.4322805704515236e-01	   1.3011164299389541e-01	  -2.6025826247027234e-01	   5.7725152279542535e-01	  -2.3600602603537441e-01	  -1.9443107710044888e-01	  -2.6450564673327731e-01	  -1.6213403782395630e-01	  -1.4990942735759460e-01	   5.7995253066234531e-01	   5.7062225768973462e-01	  -2.0049781266595366e-02	  -4.4928396871479870e-02	   8.9997519998989750e-01	   8.7580184711581954e-01	   8.8364251413414463e-01	   8.6872899538905768e-01	  -2.7534162578418880e-01	  -3.0575996533263894e-01	   5.6731521502559756e-01	   2.8491575794398605e-01	  -5.2945227430768993e-01	  -5.3245965287530062e-01	  -1.0666135746730006e-01	  -2.5108480844657377e-01	  -3.0440726506259153e-01	  -2.5493450814952096e-01	  -2.7168703854576154e-01	  -1.0702187702110898e-01	  -2.8533326857104951e-01	   2.1748039245607761e-01	  -3.8925258388758821e-01	  -4.7801047924960893e-01	  -5.1820043738918908e-01	  -5.2375501068319785e-01	  -3.8722620219360449e-01	  -4.1118112124379502e-01	  -5.9679954987731443e-01	  -5.8837460873253300e-01	  -6.0623643147532746e-01	  -5.5603279819168383e-01	  -3.1527225411477267e-01	  -1.9720368426265505e-01	  -2.6979140575747795e-01	  -3.9929758064818521e-01	  -2.7153592879222144e-01	  -4.6056193328672784e-01	  -4.1083053972201333e-01	  -4.0158796426878207e-01	  -3.7850240860642026e-01	  -3.0822399387554711e-01	  -3.3185020411694288e-01	  -3.0908019838753314e-01	  -1.2201388028937463e-01	  -3.4332708694190561e-01	  -4.1954245240143023e-01	  -4.4559630800804839e-01	  -2.7979854458312203e-01	  -2.3769221857221678e-01	   4.0863369661196025e-01	   3.7628072594973511e-01	   1.7701969469760970e-01	   1.5317676053252599e-01	   3.4319613265138510e-01	   3.5205542403993173e-01	  -2.4463249217177005e-01	  -1.5592071922294282e-01	  -3.0536398440372098e-01	  -9.9268707673224824e-03	  -3.8102069218138651e-01	  -2.0225104342209510e-01	  -4.4382238196364848e-01	  -4.6370023989864184e-01	  -1.5433366461387243e-01	  -3.3441495631081231e-01	  -6.3581224311140849e-01	  -3.3938652036014261e-01	  -2.4695122807438319e-01	  -4.0892018476752984e-01	  -3.5043129080526575e-01	  -2.8472093045845109e-01	  -3.1142277022373482e-01	  -3.1228392825962836e-01	  -2.5419874792219382e-01	   9.3523353496365452e-02	  -4.1409651014412369e-01	  -4.2334000979642028e-01	  -3.6024840347245984e-01	  -3.4335462531348659e-01	  -1.2864720830619999e-01	  -2.2055417189323345e-01	  -2.6834864770081673e-01	  -2.5105044417346911e-01	  -2.1141418576826512e-01	  -1.4029243535590949e-01	  -8.4802538796203253e-02	  -8.4281888523144083e-02	   4.2062137814509815e-03	  -4.3938466953848176e-01	  -3.9404983605742372e-01	  -3.4373876659736669e-01	  -3.9544791059160145e-01	  -2.4973569935137346e-01	  -2.9767534908353527e-01	  -6.1356200788091501e-02	
  -3.7436393528221999e-02	  -2.5860189199559597e-01	  -1.8199200045842873e-01	  -1.6614447964932044e-01	   7.6008737751106525e-01	   8.4456818808974488e-01	  -1.5995326705157697e-01	   3.0087545707287916e-02	   7.9398919281370395e-01	   0.0000000000000000e+00	  -3.2641475385902487e-02	  -7.7424602252892744e-02	  -5.5025430862910623e-03	  -1.0313163200493827e-01	   6.0893830133348503e-01	   1.4437091044101150e-01	  -8.8841200806952514e-02	  -1.3906209652369100e-01	  -1.2936106237286063e-01	  -9.5114555189649688e-02	   3.6682974296033344e-01	   4.6564529545334638e-01	  -3.7328175277693103e-02	   3.7482467420316710e-02	   7.4092167247448437e-01	   7.7463383012744957e-01	   6.1105955978485538e-01	   6.4134150476324336e-01	  -2.0498367486130759e-01	  -2.4662068211330948e-01	   3.2052796606032641e-01	   1.0997769246602430e-01	  -3.8049193877223908e-01	  -3.4349346929665153e-01	  -1.9955403022848284e-01	  -2.7099404434356145e-01	  -2.2804797520750203e-01	  -1.3989801207499636e-01	  -1.3586285143808444e-01	  -4.6002835631471214e-02	  -1.4517337429917732e-01	   2.9020202294054009e-01	  -2.8041690264674668e-01	  -3.4976548629917231e-01	  -4.1130557952647845e-01	  -4.1365447307773978e-01	  -2.5356846556808649e-01	  -2.5405981478001738e-01	  -4.2941936872343162e-01	  -4.3206880867821584e-01	  -4.7215187648005330e-01	  -4.0867278927374773e-01	  -1.3266771074664566e-01	  -3.8421572039206708e-02	  -1.6785730007537070e-01	  -2.4068186228631006e-01	  -8.1948538739476759e-02	  -2.6845530747563551e-01	  -1.5626723996026998e-01	  -1.0577578804637879e-01	  -1.7069463653692982e-01	   2.1794727644533454e-02	  -2.5462286935853762e-01	  -1.5799811854001691e-01	  -1.4658725845425941e-01	  -1.4421954783389937e-01	  -2.5173364279295840e-01	  -2.3568784496408471e-01	  -1.4170605985419732e-01	  -9.6646163644182062e-02	   2.5465658279673353e-01	   2.4284444455806001e-01	   1.0098191561440775e-01	  -1.2709668832882351e-04	   3.9051978432822720e-01	   3.0002121064686421e-01	  -1.2021477430422724e-01	  -5.8895363395011648e-02	  -1.1658935954386448e-01	  -4.3361466016213775e-02	  -1.9476718605967541e-01	  -2.1014104494308422e-01	  -2.2700355532788052e-01	  -2.6710630024522075e-01	  -1.3354314769526757e-01	  -2.5092075187454965e-01	  -4.5448880093757926e-01	  -2.8570728305614035e-01	  -1.4063939808558099e-01	  -2.1730934160236062e-01	  -1.8333769670557298e-01	  -1.3854014395181430e-01	  -2.1649765598471205e-01	  -1.4479127241892414e-01	  -1.3805020587307623e-01	  -6.6565354036464755e-02	  -2.6988003976040237e-01	  -2.9445947164934294e-01	  -2.1463184981921424e-01	  -2.3370832425840271e-01	  -2.5785136788719947e-02	  -1.4756507592233062e-01	  -1.6666808486261650e-01	  -1.9286431627140982e-01	  -1.7927873663664062e-01	  -8.4238728749639308e-02	  -7.9163194706840134e-02	  -8.0485087335238431e-02	  -9.5218364890685692e-02	  -4.0139325642550022e-01	  -3.1162017415091303e-01	  -2.3990203050372366e-01	  -2.5488795653108820e-01	  -2.2915726588951810e-01	  -2.6423824288179515e-01	  -9.1475844497739739e-02	
   6.1623983396189763e-01	   5.0406507227949549e-01	   4.3648935801842381e-01	   4.5912911564781833e-01	  -7.1463497538608672e-02	  -4.6826494777547564e-03	   6.1468187738264435e-01	   5.7038789378091337e-01	  -1.3810403620447126e-01	  -3.2641475385902487e-02	   0.0000000000000000e+00	   6.6037494464628277e-01	   6.4295493828321737e-01	   7.1509427869609432e-01	   1.8549115027424978e-01	   4.6312034942449432e-01	   7.8054429658371471e-01	   7.3170490621341100e-01	   3.8148592960548994e-01	   3.3066281437348749e-01	   2.9750088528979968e-02	   1.1105437214475075e-01	   4.7238835302461651e-01	   4.9210173264736767e-01	   1.1865976354563997e-02	   5.1731875746580835e-02	  -1.3348705191385107e-01	  -1.0936821154578570e-01	   6.9078503460479168e-01	   6.6119941013493189e-01	   2.3732073365234074e-01	   4.7276762010457740e-01	   6.6992423310281157e-01	   6.6473467546682152e-01	   4.1419398421556947e-01	   4.6947212740064737e-01	   3.6960160468403480e-01	   4.0160811610087849e-01	   4.7427248645042308e-01	   5.2488726328445878e-01	   2.0680243508717711e-01	   3.8325294897068557e-01	   3.9085075463536290e-01	   3.5919066878681927e-01	   4.9320069550079093e-01	   4.5441885020764378e-01	   3.0410887933095443e-01	   3.7067263948705520e-01	   5.1035770423869908e-01	   4.7080394746345261e-01	   4.4495220022770926e-01	   4.3508960068970237e-01	   2.3880470882174226e-01	   2.7300198994392066e-01	   4.5885902991057836e-01	   3.8845694621275106e-01	   5.9044437071864730e-01	   4.7318705516731185e-01	   5.3366767557095818e-01	   4.7609932639501501e-01	   7.1264173359986138e-01	   5.9373067560939508e-01	   6.9809807567145010e-01	   7.5656011761352304e-01	   5.3333740696600884e-01	   5.5444337796787102e-01	   5.7687747026311609e-01	   5.8365027241829237e-01	   3.0340529092668922e-01	   3.4296124952256313e-01	   3.3305018732221786e-01	   4.0920516378806315e-01	   4.6224140704409100e-01	   4.2851257872711696e-01	   3.1220324922490339e-01	   1.8095780196124273e-01	   5.8484542599046097e-01	   6.1242527396538993e-01	   5.9725375094373268e-01	   6.0083433353637228e-01	   6.3160370496157880e-01	   6.7406383807591019e-01	   4.9265871987048160e-01	   4.7599093359709344e-01	   3.7775915931657866e-01	   5.2883586708134900e-01	   3.0640654643700693e-01	   3.2507339448910905e-01	   4.6097326008822936e-01	   3.6230044201212369e-01	   2.2118570804525264e-01	   1.3115606181358638e-01	  -8.5470613932168968e-02	   1.0605059150210656e-01	   1.5776162293551543e-01	  -7.0482749387719312e-02	   3.7599318491494577e-01	   3.4939221654000940e-01	   3.7685834115225314e-01	   3.5216514631216456e-01	   2.4807216885630551e-01	   6.3948158350396223e-01	   4.4722440090121923e-01	   4.6485846061856717e-01	   2.5584435774774539e-01	   3.7983397459042567e-01	   2.3266542456230765e-01	   3.4694663877086845e-01	  -2.1706773484168401e-01	  -4.7407990857403395e-02	   3.1318835375200749e-01	   3.2626646676126680e-01	   1.4846385358205322e-01	   2.8911967008527478e-01	   2.7246150954761333e-01	   1.8507143875162452e-01	
   5.0524260411812427e-01	   5.3798125905159000e-01	   2.0892207782997901e-01	   4.0202612122434278e-01	  -3.1816312424179272e-01	  -1.8157088760001050e-01	   3.8096916726174967e-01	   4.7222815776913518e-01	  -3.4322805704515236e-01	  -7.7424602252892744e-02	   6.6037494464628277e-01	   0.0000000000000000e+00	   3.9303703824147151e-01	   5.8067082102038348e-01	   4.4229681593462050e-02	   4.7227889049977467e-01	   6.0001747601713795e-01	   7.0232704064456408e-01	   3.9022233788751925e-01	   3.8508050351250600e-01	  -1.3806237516897679e-01	   2.8296731443559542e-02	   2.6860849124938047e-01	   3.6067027558074660e-01	  -2.1771814454454633e-01	  -1.5314599923232253e-01	  -3.5506974425988030e-01	  -3.4995408108379500e-01	   6.3284679574239977e-01	   6.9557856887709923e-01	  -1.2548466200165054e-02	   1.9753452907071323e-01	   6.1916021351701833e-01	   6.7560806801755313e-01	   2.2753278056062365e-01	   3.6397854678884500e-01	   4.5742985052814039e-01	   4.0919617689247967e-01	   4.6772954599213024e-01	   3.9375608610406210e-01	   5.5065296414726261e-01	   3.3445579656394442e-01	   4.1060963962981917e-01	   4.1124695953439361e-01	   3.9845803513341516e-01	   4.0969852463829737e-01	   4.0605223312168792e-01	   4.7952167105730070e-01	   5.4232672499881873e-01	   4.0064737953589641e-01	   4.3064391981466488e-01	   3.6657523593613145e-01	   4.2010695270696746e-01	   3.6873912503756967e-01	   4.1734142810149233e-01	   3.8349631018566455e-01	   6.2782880004156283e-01	   5.9387833864684691e-01	   6.0573121594762558e-01	   6.4698676185284798e-01	   6.4684503840350382e-01	   6.5294232674925889e-01	   5.4135032092181168e-01	   6.6918636503507378e-01	   2.3311970096791818e-01	   4.2657178673984159e-01	   5.4748372130865852e-01	   5.8811007023524708e-01	   4.1497865258008548e-01	   4.3309483579711933e-01	   2.7501946092175811e-01	   2.8757056221577726e-01	   3.8151236100809849e-01	   3.4637818641429324e-01	   3.6046001518744941e-01	   2.3869545850333473e-01	   5.7318483038927681e-01	   5.7069923808291600e-01	   6.0454163881146838e-01	   3.6739881747838599e-01	   6.1950693276274604e-01	   5.1251771208472863e-01	   5.4430251311657041e-01	   6.2427542767988364e-01	   1.6040778096313285e-01	   4.8685506835447151e-01	   4.0013555717383142e-01	   3.2339947316902329e-01	   3.0491163400136184e-01	   3.8988693104502703e-01	   3.1340779230983951e-01	   1.6084242353546616e-01	   6.2276251212064454e-02	   2.2157457243775902e-01	   3.1477075621601580e-01	  -1.3659159706329452e-01	   4.4794227965819888e-01	   4.2208700307519731e-01	   4.2922083547642287e-01	   3.6305794997259272e-01	   4.9810861677175877e-01	   4.9965645711071638e-01	   4.3989215103957524e-01	   4.5598453242447279e-01	   8.9258375957326816e-02	   2.3685709440880687e-01	   3.5012000428644707e-01	   3.2243999243514798e-01	  -2.1836229451360312e-01	   1.4772171907700840e-01	   3.5586043725381999e-01	   3.6047717472252971e-01	   2.2790284557627952e-01	   2.7463375399847012e-01	   2.4105944968732626e-01	  -2.7177013450587782e-02	
   3.9138127448721338e-01	   3.1287905409366534e-01	   5.9109303835923543e-01	   4.9018488807280414e-01	   9.9216800502411259e-02	   7.2152611971948041e-02	   4.8647803085706254e-01	   3.7166384086837873e-01	   1.3011164299389541e-01	  -5.5025430862910623e-03	   6.4295493828321737e-01	   3.9303703824147151e-01	   0.0000000000000000e+00	   5.5554600018780120e-01	   4.1164565558187205e-01	   2.5762671772250079e-01	   4.7494435361077136e-01	   4.9687674285133454e-01	   4.0857281631877762e-01	   3.7314007579195219e-01	   2.3608400937796303e-01	   3.2420240003515055e-01	   6.5453118385666653e-01	   5.9115302518146129e-01	   2.1550262975255555e-01	   1.7872578832482111e-01	   1.6438739345997741e-01	   1.3431135587295415e-01	   5.1631949106484143e-01	   4.2463526110634409e-01	   5.6783785375517981e-01	   6.1433633193108572e-01	   4.5981477620968070e-01	   4.0927973920018312e-01	   5.6109352613448749e-01	   5.1353567175320636e-01	   2.6361079914360436e-01	   2.9982422549926924e-01	   3.1468232193768353e-01	   3.8601652475999954e-01	   2.4701940823911295e-01	   4.4580254133636837e-01	   3.3336678487979110e-01	   2.2959251342241949e-01	   2.3723043793284609e-01	   1.4610819201521089e-01	   2.6616301337967685e-01	   2.3801518806704819e-01	   2.5999531379247059e-01	   1.3192259303504031e-01	   2.7335241195033338e-01	   2.4667220505607507e-01	   2.0917101796586601e-01	   3.0100406632669030e-01	   3.8261983415128831e-01	   2.8971691526797916e-01	   3.8698902594406931e-01	   2.9669382280064416e-01	   3.2098474751232980e-01	   2.5266831655959932e-01	   4.2198324521518504e-01	   2.2467763738976709e-01	   4.2577707620561089e-01	   4.9234023806964838e-01	   5.4706292550236091e-01	   3.3196170782392764e-01	   3.6031325741441494e-01	   2.5669199903536349e-01	   1.8695779690624004e-01	   2.5529195612907252e-01	   5.6086068381012455e-01	   5.6454236747632813e-01	   5.4848405871185935e-01	   5.1492329666993841e-01	   4.8196130645168267e-01	   4.1306156224676738e-01	   5.0413657116355948e-01	   5.0052913695543400e-01	   3.7303502297623087e-01	   5.5592730034747362e-01	   4.3820800775328150e-01	   5.6596508417908009e-01	   3.4107156422213758e-01	   3.4202952054751717e-01	   3.8494663592749856e-01	   4.6508027598140811e-01	   2.2073008681956044e-01	   2.1585903246010479e-01	   3.2465283315231153e-01	   2.0441583857323997e-01	   8.3974416981697608e-02	  -4.4045947891842184e-03	  -1.1706882267589358e-01	  -4.7270012710178812e-02	   8.2121929310415606e-02	   6.5069892090564166e-03	   2.1352620681385442e-01	   2.0156280289903844e-01	   2.1830498464130743e-01	   1.8690903303370918e-01	   2.7907532123988027e-01	   3.9925305213796486e-01	   3.1732126192634624e-01	   2.6416371622592327e-01	   1.3779495290660854e-01	   3.2233798853754642e-01	   2.1994370259352189e-01	   3.2567088214741258e-01	  -1.3404762489366603e-01	  -1.1337167162066046e-01	   1.7889914954834502e-01	   1.7723103349725999e-01	  -4.1157737791826063e-02	   1.3223682630943639e-01	   1.8729624083158514e-01	   8.2965800736846076e-02	
