   0.0000000000000000e+00	   8.3568198190358656e-01	   5.6391577799447379e-01	   4.0265688008141320e-01	   4.1969299727694653e-01	   2.7207788731751537e-01	   6.0758651391971419e-01	   3.9142489873155917e-01	   3.6496423508593567e-01	   3.6312175752407122e-01	   7.5005697513696878e-01	   5.6969154975743086e-01	   6.6137765284842831e-01	   6.3067929674978596e-01	   5.8618589827090317e-01	   6.6014948256724748e-01	   6.6542982110353877e-01	   4.9960700117860612e-01	   7.6220837817428722e-01	   6.4553141194576480e-01	   4.3404283595819015e-01	   5.1698789931076661e-01	   3.6639563971109634e-01	   3.3016930964068980e-01	   2.5393273050193627e-01	   1.7997653472369493e-01	   3.8701653180536499e-01	   4.6133442401653246e-01	   4.5297347406609867e-01	   5.4826596826845320e-01	   2.2905221144588639e-01	   2.5041459131957516e-01	   5.8593632315678656e-01	   4.2657166861480184e-01	   8.1314070398263327e-02	   3.7307556903308420e-02	   3.8021824906187149e-02	  -6.1919813528344303e-02	   4.1017546767641522e-01	   2.1011633110161002e-01	   5.1424838739092482e-01	   4.3881714783068754e-01	   5.9066267547910101e-01	   4.4959246871297331e-01	   3.6768783990785714e-01	   3.9262702377948688e-01	   5.4462927382485871e-01	   4.2313308493772184e-01	   5.3883468154925152e-01	   4.7287866535486622e-01	   6.0321468966324865e-01	   5.0281520947417446e-01	   5.4486186294286298e-01	   5.0245158333406625e-01	   6.3243430389175148e-01	   6.2023003493088613e-01	   7.5661891410353554e-01	   6.4279789423173650e-01	   6.6336331959500638e-01	   5.1230697698062500e-01	   6.4464724963041231e-01	   3.5345819547639956e-01	   7.0106731670355837e-01	   5.0105723978117855e-01	   1.2309945613716713e-01	   8.5392432333059987e-02	   4.7664851540118641e-01	   3.8214518653082608e-01	   6.6181149535053285e-01	   5.6815871365912551e-01	   5.7305727362822800e-01	   4.7276493818708437e-01	   5.5293686027002020e-01	   6.1998437960546771e-01	   6.0677384878882057e-01	   6.0370432974787847e-01	   5.3044391442454386e-01	   5.4024998292883231e-01	   6.1348186934811988e-01	   5.7975803827909600e-01	   6.7033945526878047e-01	   7.0653307213842398e-01	   6.2373446970542701e-01	   5.7445454924504080e-01	   4.7983262347062150e-01	   6.1442723096948570e-01	   4.4595657021071100e-01	   3.2879273286329330e-01	   6.0547936617891429e-01	   6.0677412630420169e-01	   3.2759792856872427e-01	   4.3124317077293473e-01	   2.7475660709875399e-01	   3.1901067919932374e-01	   1.0881505504902117e-01	   1.8674461645713561e-01	   4.7814264153294628e-01	   4.3702714464496095e-01	   6.2843221560130147e-01	   7.3855491433153464e-01	   5.4559541467753281e-01	   4.2637969414792481e-01	   4.7951954610851005e-01	   5.4144041578006530e-01	  -2.0657058990446131e-01	   8.5576957465750697e-02	   2.3758606225539702e-01	   3.6527456436444294e-01	  -1.8245697863709043e-01	  -1.0999400151813053e-01	   7.3056460403505025e-02	   4.4634174502201585e-01	   4.7975422762288811e-01	   5.1753329187105090e-01	   1.5723828140585705e-01	   3.0705470682756409e-02	
   8.3568198190358656e-01	   0.0000000000000000e+00	   3.8649930800307775e-01	   4.3320191304276451e-01	   3.8705494297732140e-01	   2.4997288075146368e-01	   4.7760969042014173e-01	   4.3613210955694426e-01	   4.1902411672339857e-01	   3.6317306425315377e-01	   5.6663109011954726e-01	   5.9989240043535030e-01	   5.1757223220630777e-01	   6.2127297854060304e-01	   5.9444582968717929e-01	   6.3947842831355350e-01	   6.8753014313790140e-01	   6.1778923419683429e-01	   7.7460187781462819e-01	   7.6258175000066009e-01	   4.1606888405593867e-01	   5.1050004633254609e-01	   3.3365945706439060e-01	   3.5971599883200295e-01	   2.4342715742228788e-01	   2.0102349492985910e-01	   2.9652433842019665e-01	   3.5129454867685966e-01	   4.6951129109070461e-01	   6.0085639425814008e-01	   2.1395742731912593e-01	   2.5500809343113107e-01	   5.4663362336229371e-01	   4.4745984859173338e-01	   4.2877592496025504e-02	   2.8645523572193281e-02	  -2.1746126646355796e-02	  -4.2737209314262115e-02	   3.9856438882171208e-01	   2.7015769620655977e-01	   4.7966895250851205e-01	   4.5827978287931659e-01	   6.0658078874138355e-01	   4.5799312859422753e-01	   3.6241924010305365e-01	   3.7507954127224113e-01	   5.7899786826803690e-01	   5.0393809718121596e-01	   4.8725096891940312e-01	   4.6225773675442411e-01	   4.7759082373262057e-01	   3.8687307357867506e-01	   5.5436227304710606e-01	   5.3876050817560395e-01	   5.9176923095049827e-01	   6.4969949739560451e-01	   7.7200263652344425e-01	   7.9036623057348665e-01	   5.3135451593540628e-01	   5.0120706125675851e-01	   5.1587232643781555e-01	   4.4952724981666048e-01	   6.5055302254214886e-01	   5.9894271116315334e-01	   5.3060504009431589e-02	   1.1497000504888293e-01	   3.6387957034563112e-01	   3.5088495740137332e-01	   6.6865426601805034e-01	   6.0241563142445875e-01	   5.0171831795936528e-01	   4.8438631915393532e-01	   5.5231096344197539e-01	   6.5555922390796351e-01	   6.1479436076383720e-01	   6.3072283886961245e-01	   3.7852626472135692e-01	   5.1665849674772368e-01	   6.6174961930792553e-01	   6.3364807622401598e-01	   7.1470446904837526e-01	   7.2986602388002786e-01	   6.5620670286753624e-01	   5.7577474744500401e-01	   4.1074909780464292e-01	   6.0198478107677300e-01	   4.9718762700712116e-01	   3.3800750836851756e-01	   5.4481047877077238e-01	   6.0598642643603196e-01	   3.0268153245214535e-01	   3.0133113758927355e-01	   2.5969638740333445e-01	   2.1866916036127959e-01	  -3.0316871805333091e-02	   1.0764688272735014e-01	   4.6107379325672238e-01	   4.6993784520202919e-01	   6.8542259604911593e-01	   7.0547366440383685e-01	   5.2358630836759212e-01	   4.3778844759755786e-01	   4.1928192265336067e-01	   4.5753908132097915e-01	  -3.6503688772467313e-01	  -1.1105059252494807e-01	   1.2184732799473175e-01	   2.8559588541290620e-01	  -2.2219550549392750e-01	  -9.6500598323391057e-02	   1.3902511244592752e-01	   5.3811680135589268e-01	   5.8245139031070825e-01	   5.1681286548091010e-01	   9.5928662002342305e-02	  -2.1965989505095436e-02	
   5.6391577799447379e-01	   3.8649930800307775e-01	   0.0000000000000000e+00	   5.8659590430438024e-01	   5.4135334085650100e-01	   3.6232606775161180e-01	   8.7619654063805452e-01	   4.1089517334702597e-01	   2.7397806412373593e-01	   3.2025776587719151e-01	   7.0274458234088932e-01	   3.3890061229846591e-01	   6.7502143444366758e-01	   4.5239673117037327e-01	   6.1855323422096753e-01	   5.1925116588877551e-01	   4.1902601280720979e-02	  -9.6125014415515742e-02	   4.4759848456358114e-01	   3.2019392378146355e-01	   5.3115611064785906e-01	   5.8061301779766161e-01	   7.5143391460319164e-01	   7.1070067280194260e-01	   6.5704033863141120e-01	   5.8209574180265422e-01	   6.3867584565503832e-01	   6.4876253015769181e-01	   1.5874029201626880e-02	   7.9948831379251933e-02	   5.3873912919128053e-01	   5.0793247617913462e-01	   6.3788414855068709e-01	   6.0796897609825251e-01	   5.2958539056341758e-01	   4.0149438977261986e-01	   2.0678929461278839e-01	   7.7676240243837198e-03	   4.2379250666941848e-01	   2.8135921580570172e-01	   2.7383799965461186e-01	   3.9188910450780090e-01	   4.7856595915602862e-01	   3.6623538504944303e-01	   4.9086168275090297e-01	   4.4970014567021166e-01	   4.4903236525103918e-01	   3.9937932455060632e-01	   4.2011515216910150e-01	   3.7405159206161082e-01	   6.5885696874683120e-01	   5.2721584743913119e-01	   4.4959898248114483e-01	   4.6772072763870182e-01	   5.5252031689949610e-01	   5.4401386612396385e-01	   3.3141600427087076e-01	   2.5922313578678602e-01	   4.7120765947336929e-01	   3.5203746305354078e-01	   5.0326154180573723e-01	   3.3907112404342366e-01	   1.9116031953282958e-01	   7.9311039425581133e-03	   6.5369177555457780e-01	   4.4053584420641423e-01	   7.3093084047524493e-01	   5.5396231469134904e-01	   7.0780006901304771e-01	   7.0142029542519646e-01	   5.7573335635089673e-01	   5.7055705102981247e-01	   3.3187779210049573e-01	   3.7054879879773595e-01	   3.7005279531092078e-01	   3.1105095480479228e-01	   5.2031261803998996e-01	   5.0205040655322830e-01	   9.1299784706441234e-02	   2.2145610222712742e-01	   1.5766930701816945e-01	   2.5471719209791638e-01	   4.7386756212772385e-01	   4.1522891433294973e-01	   6.5229855624206712e-01	   5.0487008065038130e-01	   5.4304495099466543e-01	   4.8954453256438035e-01	   7.3070845850977939e-01	   5.6341501420540485e-01	   3.9936769171620667e-01	   6.2172863864979666e-01	   4.7735298155154238e-01	   6.8383917287114360e-01	   9.5444087848013549e-03	  -2.1625842670039516e-02	   4.5645210938237007e-01	   3.8663930879680330e-01	   3.9750812941860170e-01	   5.3341143018717330e-01	   5.8970523628225358e-01	   4.3982023159337025e-01	   5.9867777629556129e-01	   4.7033455222679277e-01	  -3.7855854787419652e-02	   2.7390530113253042e-01	   3.4275787376498801e-01	   3.6374718824948782e-01	  -2.3387805647291321e-01	  -2.4727976921858824e-01	   2.1695378191925940e-01	   3.1444533197965324e-01	   2.8623296154584299e-01	   5.5954026336954099e-01	   4.5119639873166728e-01	  -1.0724208443556690e-02	
   4.0265688008141320e-01	   4.3320191304276451e-01	   5.8659590430438024e-01	   0.0000000000000000e+00	   5.8502232461712511e-01	   6.4653005242985395e-01	   7.0501841247131347e-01	   9.1342236386209053e-01	   5.2937209003415708e-01	   6.0070483511652595e-01	   4.8258402607391304e-01	   7.5110041600354216e-01	   5.2139033248642819e-01	   7.3949410681245076e-01	   4.7270928414402746e-01	   6.7601633852961007e-01	   1.5368736548509121e-01	  -6.0261224175081948e-03	   4.8516180621358085e-01	   5.3162436832922655e-01	   3.7302296712790883e-01	   5.5184457947309840e-01	   3.9143975003045894e-01	   7.3276138019269998e-01	   3.7059525756294737e-01	   6.4730013070660863e-01	   3.2062881679072519e-01	   3.8740545428243323e-01	   1.0956032239641303e-02	   2.6368998882676720e-01	   4.2647814429042685e-01	   5.2701110796080464e-01	   5.8198848298146533e-01	   7.1494996715215675e-01	   2.9666767241384984e-01	   4.2608284231974636e-01	  -6.6285001181529440e-02	   6.9800776202843279e-02	   3.1862922169892810e-01	   3.6454453363901473e-01	   1.7290187458650208e-01	   3.5441724600295499e-01	   5.1380211562492772e-01	   4.1193876884256853e-01	   4.1038571320208483e-01	   4.6305224456457805e-01	   5.2111067353002105e-01	   5.1031008436392311e-01	   4.0592319189245069e-01	   5.0135621995920476e-01	   5.2189662105494627e-01	   5.9416860775361902e-01	   5.3388051239240120e-01	   3.7446266079367019e-01	   5.4992548986904188e-01	   5.4756420624158342e-01	   2.2859052366558819e-01	   3.1563355738553467e-01	   4.0625585104274503e-01	   6.1004948139300619e-01	   5.3081299322038111e-01	   8.3794452756175275e-01	   2.2489457414352315e-01	   2.7835261679303613e-01	   5.0289533405420905e-01	   7.8582954232194568e-01	   5.7896692810365014e-01	   6.6358331275196325e-01	   6.2181579519973629e-01	   6.3088972450712477e-01	   3.6877125440374631e-01	   4.9023887533530131e-01	   2.0552548715873067e-01	   4.1199963524570954e-01	   2.9921317331158359e-01	   3.9111310824643231e-01	   3.3226588037957583e-01	   4.4344318330215804e-01	   3.0201949274849960e-01	   1.9553740417855442e-01	   4.0212116675199971e-01	   4.4951104522819257e-01	   3.8968739562785615e-01	   5.3817161787272472e-01	   4.6292142496879629e-01	   7.2714992444687143e-01	   3.7556541234410651e-01	   3.8703868695288018e-01	   5.9285651994889366e-01	   7.0479732150985885e-01	   6.5619053557304896e-01	   3.9782560634981845e-01	   6.0814181928933575e-01	   3.7237698418581300e-01	   4.9536908642332456e-02	   2.5807438508895242e-01	   5.5361671222271069e-01	   5.5441944723740411e-01	   5.7856643102305760e-01	   4.1223270773758897e-01	   6.2932952097933748e-01	   3.9649607057612213e-01	   5.8139979827273758e-01	   2.2623998395425007e-01	  -1.5247538617274461e-01	  -1.0716837092797343e-01	   2.5026679247647815e-01	   2.6851925022102596e-01	  -1.4679202900005711e-01	  -5.2452538695442377e-02	   2.5174613472078788e-01	   3.3819013874295439e-01	   4.2411676826572270e-01	   2.9077193810117719e-01	   1.6105413376253730e-01	   9.9638773794263238e-02	
   4.1969299727694653e-01	   3.8705494297732140e-01	   5.4135334085650100e-01	   5.8502232461712511e-01	   0.0000000000000000e+00	   6.5129305458512965e-01	   6.1295849669313596e-01	   5.4647132830113998e-01	   6.7663324132397018e-01	   6.4404054841301095e-01	   4.0282029750450643e-01	   3.5713932011780913e-01	   4.7652707876359557e-01	   3.7100064153648615e-01	   7.2030598850107763e-01	   6.3135777157992490e-01	   1.1754924488365603e-01	  -4.2956427709222589e-03	   3.4159571240174991e-01	   3.5217987729975675e-01	   4.7870409204096687e-01	   5.8312506180026225e-01	   3.1375061296663709e-01	   4.8895651690830166e-01	   3.8580749576073914e-01	   4.0849266052564148e-01	   5.3886042570531967e-01	   5.1477902331996939e-01	   1.5528360449226898e-02	  -1.1156731694522141e-04	   2.9553288224325180e-01	   2.5788413800546239e-01	   2.9854377466916338e-01	   3.7163821309482170e-01	   1.4912808458669738e-01	   2.0429508312275052e-01	  -7.4915587002346799e-03	  -2.0581436796629460e-01	   1.9459224847281051e-01	   1.0007984775299814e-01	   5.1812299947261858e-02	   1.7487666336885493e-01	   2.7719083534542543e-01	   1.9057380708523408e-01	   2.0972810506172340e-01	   2.2835731489657357e-01	   3.8538167282195945e-01	   3.4088654391166434e-01	   2.1209855930519370e-01	   3.1525116240176343e-01	   3.8181058367080534e-01	   3.7349868906634853e-01	   4.4461442321165695e-01	   4.1022128477809772e-01	   4.0663808133752122e-01	   4.8756603783083541e-01	   3.3549455875875589e-01	   3.3235849254404259e-01	   4.1504833802880620e-01	   4.0687827748025851e-01	   5.2318519060788815e-01	   5.2412647037091853e-01	   2.0748091682545108e-01	   1.8079966507108158e-01	   4.9192524266632820e-01	   4.9765312640669407e-01	   3.9032839769632943e-01	   3.3033154719869795e-01	   5.4191173453364949e-01	   4.8543454790126045e-01	   4.0299947406213649e-01	   4.3832864596930216e-01	   2.6710221636520881e-01	   2.6399342140476739e-01	   3.1994359378016490e-01	   3.9909842761108055e-01	   1.4162652893854583e-01	   2.1216301346340721e-01	   1.1473534019732749e-01	   5.2206073834276306e-02	   2.2766752286442421e-01	   3.0386317686740061e-01	   2.2515561848710058e-01	   3.4808155546033742e-01	   2.9952977754867316e-01	   4.2347984298330288e-01	   3.0028547668849226e-01	   5.0961977167388772e-01	   5.4073744759817866e-01	   5.3457620396497596e-01	   4.7419997591330826e-01	   4.5323439209479399e-01	   4.0988820433084205e-01	   4.8847852209512577e-01	  -2.0000232100653714e-01	  -1.2301239893093517e-01	   2.9968894054271794e-01	   4.1635680347631865e-01	   4.7620901614766314e-01	   4.8483008770590846e-01	   5.0772063189758621e-01	   3.7926435319070434e-01	   5.3519906373612436e-01	   3.3134869219515051e-01	   6.9454529111362143e-02	   2.0348452988519727e-01	   3.0196050092249782e-01	   3.7121477837827915e-01	  -3.0518083783710653e-01	  -1.2148108483341184e-01	   1.7375254832079612e-01	   3.0913808473652371e-01	   3.6446268573656893e-01	   3.7915663201741528e-01	   1.8678232700150219e-01	   8.5761270099284581e-02	
   2.7207788731751537e-01	   2.4997288075146368e-01	   3.6232606775161180e-01	   6.4653005242985395e-01	   6.5129305458512965e-01	   0.0000000000000000e+00	   4.7673144747798368e-01	   6.5085756674480044e-01	   4.7632553038678771e-01	   7.1485936651493098e-01	   2.0071419848848848e-01	   4.6076988754038462e-01	   3.0042513388972814e-01	   4.0964014004658533e-01	   3.5895927808628225e-01	   5.7406407596965581e-01	   9.8540847461902184e-02	  -1.7701710912827552e-02	   2.2827132456886901e-01	   2.9937308250167538e-01	   2.4183156919520377e-01	   4.1990688968051759e-01	   8.7840403312701154e-02	   3.9019068056737194e-01	   6.6804759521817844e-02	   2.9398117738574558e-01	   4.5655408000467579e-01	   5.0204636397001901e-01	   1.6384318247314577e-02	   1.0705999535298202e-01	   1.1895297883543271e-01	   1.5898858095211577e-01	   2.8918259828584897e-01	   4.0776370071370505e-01	   1.0829382640237377e-01	   2.6344022882502827e-01	  -1.7295197156664399e-01	   2.3705208583343757e-02	   1.5260563274721056e-01	   2.2225622077586585e-01	   1.0321185470655383e-01	   2.0314342252296830e-01	   3.3545228224640306e-01	   2.5441277383145322e-01	   2.7869951725705377e-01	   3.5741290241722667e-01	   3.9627843783076944e-01	   3.8542803905851175e-01	   3.0702009610400127e-01	   4.1846313599577878e-01	   4.1654318715789335e-01	   4.2717367186291116e-01	   4.3466146540990708e-01	   3.0558957461531722e-01	   4.3415622575112811e-01	   4.0730686982252201e-01	   1.4490102678536002e-01	   2.3881331106617834e-01	   4.0742972082181772e-01	   5.1945855176995503e-01	   4.1006882489164331e-01	   6.4190647084370056e-01	   1.4490901139998466e-01	   2.7668021303764267e-01	   2.7156688325868089e-01	   5.9327489428355573e-01	   3.7365163980359301e-01	   3.9988757397157254e-01	   4.2091595119391656e-01	   4.7346070680693686e-01	   1.9646907739486313e-01	   2.8675919416074647e-01	   7.5128016828909211e-02	   8.8207094382478174e-02	   1.4808361636971518e-01	   2.1717616135901918e-01	   3.0759417681655205e-01	   2.7404293328242435e-01	   1.1469597152926148e-01	  -5.1121762473721279e-02	   2.6199019999840384e-01	   2.6450821855133516e-01	   1.4587075412519626e-01	   3.8687683058480049e-01	   2.0662585666169397e-01	   3.9023285754281328e-01	   1.6556826056476773e-01	   2.9417294208565975e-01	   4.3487820395329352e-01	   5.0823314252608243e-01	   5.7881914809169399e-01	   3.5059604942871703e-01	   4.6607379595599741e-01	   3.3339961501448834e-01	  -1.1724379631941448e-01	   7.0923984934855014e-03	   3.0957252158265691e-01	   4.0823225366988403e-01	   4.8192987520629960e-01	   3.7019470345968608e-01	   4.4608152258596551e-01	   1.6994660539048884e-01	   4.1514168213312697e-01	   1.1431258319587648e-01	   9.2742822005930758e-02	   6.6695493893836388e-02	   2.5924983338823893e-01	   2.0599697350861529e-01	  -3.5872498970355998e-01	  -4.7206728819228057e-02	   1.4594519973760794e-01	   2.6329840035169716e-01	   3.6543224243376482e-01	   1.5443564193967571e-01	   8.4678393124968752e-03	   5.3918420657951438e-02	
   6.0758651391971419e-01	   4.7760969042014173e-01	   8.7619654063805452e-01	   7.0501841247131347e-01	   6.1295849669313596e-01	   4.7673144747798368e-01	   0.0000000000000000e+00	   6.5485561623446775e-01	   4.5887705025617315e-01	   4.4614497749141147e-01	   7.6176437510840056e-01	   6.0272032231700234e-01	   7.7579106772145956e-01	   6.5737164805601311e-01	   6.4269865510230195e-01	   6.3591976597063526e-01	   1.5894079890042176e-01	   5.3174893842664649e-03	   4.9088162844895722e-01	   4.3685782456727668e-01	   4.9539134389567874e-01	   5.6272248588763829e-01	   6.1358698074676521e-01	   7.0103317821749389e-01	   4.5787013454816722e-01	   5.2826231896947484e-01	   4.7560862735761700e-01	   5.0538975621432847e-01	   1.5632247841916685e-01	   2.6827177617262793e-01	   4.6328785161254482e-01	   4.9981841703891983e-01	   6.8446354112017471e-01	   6.9494248067756392e-01	   3.8493989179994664e-01	   4.0817299880941921e-01	   5.6343483437414035e-02	  -2.7887508560824094e-02	   3.1268117915629934e-01	   1.8108976682212974e-01	   3.0027420013186484e-01	   3.8026765872189322e-01	   5.4488794149223074e-01	   4.1923633397719279e-01	   4.9546370620762320e-01	   5.1081577552193302e-01	   5.2888859276586131e-01	   4.6852620769862635e-01	   4.7999023237820876e-01	   4.5014626090092336e-01	   6.9433729375184061e-01	   5.4463173197135650e-01	   5.6768298489435032e-01	   5.1372242036672988e-01	   5.4383786696056879e-01	   5.4648838275634115e-01	   3.3514925162932752e-01	   3.4558889175580809e-01	   5.3766803657717566e-01	   4.6933998253090514e-01	   6.1260215294902665e-01	   5.3633207582009557e-01	   3.7461489138194459e-01	   2.4365865456732871e-01	   5.2801600448872399e-01	   5.1704092120097800e-01	   7.2055792460603241e-01	   5.8335296175925078e-01	   7.6041274187448682e-01	   7.2449607673862770e-01	   6.1945024936171911e-01	   6.2624653363755578e-01	   4.4683013414872175e-01	   4.8484188778461174e-01	   4.5608986834424203e-01	   4.7847316164010428e-01	   5.6689698522101417e-01	   5.7384714867661712e-01	   2.5513191753204628e-01	   2.9157611068287781e-01	   3.6635761299433101e-01	   4.5052633717160140e-01	   5.3745071779064491e-01	   4.8608763467886446e-01	   5.8370747785740917e-01	   6.3362873448349366e-01	   4.0313716686253087e-01	   3.7685264569782495e-01	   6.7574561980307712e-01	   6.2130989802284586e-01	   4.9413602419241387e-01	   5.8744324810136406e-01	   5.2689438575898573e-01	   6.1777115853285602e-01	   9.1163703669500440e-02	   9.3719627059425589e-02	   5.5249137241079282e-01	   4.5617940927736800e-01	   4.9278063737750544e-01	   5.5702662380586632e-01	   6.4400510420227897e-01	   5.1339140746984369e-01	   5.6302247763187885e-01	   4.3052135697939337e-01	  -1.1312808635905860e-01	   1.2246218838612979e-01	   1.8116126855097264e-01	   2.4888579555580231e-01	  -1.9873973515794727e-01	  -1.2230728101339552e-01	   2.6823065718129441e-01	   4.0471051745154962e-01	   4.5257865168145683e-01	   5.3229599253795090e-01	   2.1943054604559659e-01	  -3.8157144593888269e-02	
   3.9142489873155917e-01	   4.3613210955694426e-01	   4.1089517334702597e-01	   9.1342236386209053e-01	   5.4647132830113998e-01	   6.5085756674480044e-01	   6.5485561623446775e-01	   0.0000000000000000e+00	   5.8482279981995677e-01	   6.4008993770139289e-01	   4.1631544580095492e-01	   8.3464937585942089e-01	   5.0378716862600692e-01	   7.9619261954073783e-01	   4.4441413013506265e-01	   7.0300563025698892e-01	   2.5532163898577093e-01	   1.4637972355880380e-01	   4.7670539708289716e-01	   5.7239637660468701e-01	   3.4333099880782159e-01	   4.8886398053760383e-01	   2.4160015912300553e-01	   5.9790524350120489e-01	   1.3259614315185270e-01	   4.6464302095988630e-01	   1.5562021549673133e-01	   2.3677805210826347e-01	   1.7106227541118330e-01	   4.5925415146044557e-01	   3.4742367319554351e-01	   4.6781903604662867e-01	   5.3378433056943630e-01	   6.5635875128292598e-01	   8.4491263717230619e-02	   3.0234807575058442e-01	  -2.0003411607466570e-01	  -4.2833683343241708e-03	   1.4713660348925611e-01	   1.9432894465964218e-01	   1.2399182064917169e-01	   2.8853189605632362e-01	   5.0930447484773189e-01	   4.2020765912676028e-01	   3.4316392128040274e-01	   4.5299822690918123e-01	   5.2529282408941913e-01	   5.0186914173158892e-01	   4.3574042867538942e-01	   5.6252742841660686e-01	   4.4394623357258767e-01	   5.5964405965736808e-01	   5.7429651456953945e-01	   3.9293793137384136e-01	   4.8073492450237454e-01	   4.9073216997034846e-01	   2.3981839522063980e-01	   3.7717613177075149e-01	   4.3022184632357213e-01	   6.4975876760467655e-01	   5.4280965467495357e-01	   8.9581267123472219e-01	   3.6901494387710077e-01	   4.6371918449703114e-01	   2.6592220792839044e-01	   6.7441070086391730e-01	   4.2130004830214618e-01	   5.3503434489740309e-01	   5.3093619639234690e-01	   5.1667172840581044e-01	   3.8289008231213295e-01	   5.1074998995995735e-01	   2.2839533651840516e-01	   4.7698334424356237e-01	   3.4188362048012022e-01	   5.1487336009072082e-01	   3.2837517453780946e-01	   4.5662309697093512e-01	   3.7575588779280100e-01	   2.4971271647057727e-01	   4.5929344332676131e-01	   4.9800873974153792e-01	   3.6317990273990031e-01	   5.2093146796181533e-01	   2.6964288495546707e-01	   6.4735148375108376e-01	   2.1167349396281759e-01	   2.3547711676915997e-01	   4.8789501427885434e-01	   6.6463685097625524e-01	   6.4860308835423608e-01	   3.0868786393576086e-01	   5.6880908784735140e-01	   2.3444966243525550e-01	   5.2570696595757915e-02	   2.8834791756451261e-01	   4.9746098655581988e-01	   5.1231312102726301e-01	   5.8541023736718656e-01	   3.6966935675330670e-01	   5.8709095691204527e-01	   3.6815308436137784e-01	   4.7415882348018290e-01	   1.3737540060169348e-01	  -2.3676864972517631e-01	  -2.1186508043309396e-01	   1.5959538448866478e-01	   1.7941378062408189e-01	  -1.1534645201784238e-01	  -3.7253395176849370e-02	   1.9538626366407624e-01	   3.5327280364382507e-01	   4.5955370152205743e-01	   1.9228082228418611e-01	  -4.6327461241756726e-02	   7.2347880736313819e-02	
   3.6496423508593567e-01	   4.1902411672339857e-01	   2.7397806412373593e-01	   5.2937209003415708e-01	   6.7663324132397018e-01	   4.7632553038678771e-01	   4.5887705025617315e-01	   5.8482279981995677e-01	   0.0000000000000000e+00	   7.9311169294295980e-01	   2.8749705251281682e-01	   4.1668968795071665e-01	   4.6255923143721872e-01	   4.3543194985394890e-01	   6.8156470507155720e-01	   7.1460620755980053e-01	   2.4778965479237736e-01	   8.1034285251503593e-02	   3.4814206906878498e-01	   3.6290908872048383e-01	   3.7753131130827627e-01	   4.8057740532620852e-01	   2.0618997895741431e-01	   4.0209465149070800e-01	   2.1105947178842527e-01	   3.8879657867428641e-01	   2.5978248930039149e-01	   2.7159832686794655e-01	   1.6168846982991394e-01	   2.7594450878375859e-01	   1.5266588751964733e-01	   1.7394485843690749e-01	   2.6808860688879388e-01	   3.1381746482833173e-01	   2.9325904602238061e-02	   1.5824467332500841e-01	  -1.5475110342863618e-01	  -1.0019767538498499e-01	   3.0389671078647686e-02	   5.2181301665732281e-02	   1.7475374781348871e-01	   1.4782660449794433e-01	   4.9956507317663917e-01	   4.2771156044566605e-01	   3.7101703949270071e-01	   4.0433996358244351e-01	   6.0229305650527043e-01	   5.9252762689647154e-01	   4.4167655451102511e-01	   5.3549773955800017e-01	   3.9756054103573979e-01	   3.8686097814686998e-01	   5.9924702259556795e-01	   5.8350135623579313e-01	   4.0278474167853656e-01	   5.3789527711290652e-01	   3.2957873612639194e-01	   3.4791402591044179e-01	   3.4799793242844823e-01	   3.9613827489995984e-01	   4.0360939624100733e-01	   4.6988162948670570e-01	   2.6902064653829594e-01	   3.1238373748124987e-01	   1.8820516629030015e-01	   3.5462590416967654e-01	   2.1360285613729296e-01	   2.0636546374359899e-01	   5.2500922503986058e-01	   4.1052152946841375e-01	   2.8736649018065136e-01	   3.2455706196810019e-01	   2.5292344814695522e-01	   4.0699958015824966e-01	   2.3130794249917619e-01	   4.9900400894538333e-01	   1.7999288222025703e-01	   2.8520236068693328e-01	   3.7750201727134658e-01	   2.0160019596342127e-01	   4.4044986792823526e-01	   4.1507486400292593e-01	   3.1418857573986991e-01	   3.8330506591608005e-01	   1.9981580271420130e-01	   4.1461092559471446e-01	   2.2270979277880559e-01	   2.6787967827596115e-01	   3.8833029573134520e-01	   5.0251959432105764e-01	   4.7099283453117352e-01	   3.5444850678695905e-01	   4.1093509901475456e-01	   2.4103101776968416e-01	  -2.1740295769431456e-02	   1.2040250817981260e-01	   3.9203666841347062e-01	   5.6922024177129060e-01	   5.8255821046173395e-01	   4.9972639600328550e-01	   3.6967849974033173e-01	   2.1766267018970442e-01	   2.7721173551634581e-01	   1.2052516321100186e-01	  -9.1354375461396853e-02	   5.6667636401730003e-04	   1.9684827322954418e-01	   2.1628138300400351e-01	  -9.3039838208915981e-02	   2.0381970957989669e-02	   3.1700122327097602e-01	   5.1870953957253996e-01	   6.2118316182346600e-01	   4.6542022789617565e-01	   5.1128814074006837e-02	  -3.3219121312889302e-02	
   3.6312175752407122e-01	   3.6317306425315377e-01	   3.2025776587719151e-01	   6.0070483511652595e-01	   6.4404054841301095e-01	   7.1485936651493098e-01	   4.4614497749141147e-01	   6.4008993770139289e-01	   7.9311169294295980e-01	   0.0000000000000000e+00	   2.1841793160475956e-01	   3.8931392204083054e-01	   3.0550579331932876e-01	   3.3917900224088371e-01	   5.4549087488856074e-01	   7.1166351890199986e-01	   2.0472431223547422e-01	   3.7453828067741876e-02	   3.8083990208183965e-01	   3.9439375104297625e-01	   2.7576543873828124e-01	   4.0906906018711775e-01	   1.6849211228512750e-01	   4.0371605607970967e-01	   1.6257312316488556e-01	   3.2507411079705217e-01	   3.5153707724089378e-01	   3.6235174891459243e-01	   4.6552684169246746e-02	   1.9447769211281093e-01	   1.2265709249915217e-01	   1.5361566238736246e-01	   2.6059914579246962e-01	   3.5781912310618968e-01	   7.4657669124915019e-02	   2.1654427344315383e-01	  -1.7425239697502937e-01	  -4.9730429277042403e-03	   1.2676663568457935e-01	   1.8660324289830563e-01	   1.1212727826875415e-01	   1.9560054914416769e-01	   4.3023801602512662e-01	   3.2299661921114114e-01	   3.2738676780773956e-01	   3.7827763390632119e-01	   5.6544748792885247e-01	   5.7950554294142198e-01	   4.1378847465801338e-01	   4.8981439491083845e-01	   4.6581081829509952e-01	   4.2098323829468887e-01	   6.2647957114017405e-01	   5.8639454970606208e-01	   4.8844195878090768e-01	   5.4954610495040601e-01	   2.4336299819263843e-01	   3.1530409471343890e-01	   3.7779161840220032e-01	   4.4203861027391705e-01	   3.5689659323999434e-01	   5.3216167159230432e-01	   1.9323096505143453e-01	   2.8283931819592834e-01	   2.1948560774268858e-01	   4.3836043758389309e-01	   3.0547374977466235e-01	   3.0603210597651270e-01	   5.5804457886334857e-01	   5.4063106022579599e-01	   2.2575308127339325e-01	   3.2327165835641014e-01	   1.8659077958434198e-01	   2.9485223088550172e-01	   2.0287775727517676e-01	   4.1489095459645420e-01	   2.6648057523103380e-01	   3.3675585915790085e-01	   3.3861469217385554e-01	   1.2487743332726273e-01	   3.5869002056621729e-01	   3.3642098587596730e-01	   2.7320826819947558e-01	   4.1876971794257539e-01	   2.2890799668389689e-01	   4.1389451290198209e-01	   2.1665178731121132e-01	   2.5840052830482507e-01	   4.3911962143347494e-01	   5.0842191110639934e-01	   5.9725169574693759e-01	   4.4496469665561206e-01	   5.0366745902973720e-01	   3.0160814550283316e-01	   7.0018072528683171e-03	   1.3276994243851062e-01	   3.9497363001526575e-01	   5.5807414384449783e-01	   6.0631764540801403e-01	   5.2021190168387688e-01	   4.0138894448185408e-01	   1.5036256123741445e-01	   3.5215701597860849e-01	   8.7619471002602423e-02	   5.0330980131418866e-02	   1.1172715279574727e-01	   3.2838283195444695e-01	   2.5939498984739590e-01	  -2.2148841485869267e-01	  -1.6461501337987300e-01	   2.2569073034262274e-01	   5.3971921070429496e-01	   6.1762012718638903e-01	   3.7120641110060959e-01	   1.0892015729277549e-01	   9.9573651931508522e-03	
   7.5005697513696878e-01	   5.6663109011954726e-01	   7.0274458234088932e-01	   4.8258402607391304e-01	   4.0282029750450643e-01	   2.0071419848848848e-01	   7.6176437510840056e-01	   4.1631544580095492e-01	   2.8749705251281682e-01	   2.1841793160475956e-01	   0.0000000000000000e+00	   5.5184219795218592e-01	   8.5713410876331619e-01	   6.3300995048400177e-01	   5.9698624886684204e-01	   5.4748887128366275e-01	   4.2279348427044766e-01	   1.7624086375969669e-01	   6.2580100152082374e-01	   4.6320419908198113e-01	   3.1222858167837175e-01	   4.0972470309652514e-01	   5.3656886653697411e-01	   5.2598425255263703e-01	   4.1656130232536281e-01	   3.5283721567133608e-01	   3.7803196475835532e-01	   4.2285141619668620e-01	   2.5797827784050859e-01	   3.1630301672744476e-01	   3.6414179185071527e-01	   3.8072164450819151e-01	   6.6477241392865838e-01	   5.9479602571228518e-01	   3.7694156684182623e-01	   3.6163912199513920e-01	   2.1401708429724922e-01	   8.9248184932540123e-02	   4.5999021714685628e-01	   2.8360038600737547e-01	   4.0435192548009491e-01	   3.9196518620999932e-01	   5.2289308982368454e-01	   4.0806493041887215e-01	   4.2511766724163025e-01	   3.9521179924093774e-01	   4.6659274231338788e-01	   3.9362356964021672e-01	   4.0012288451755196e-01	   3.3057113900677670e-01	   5.3926947987475649e-01	   4.0530554983076361e-01	   3.9774374381222172e-01	   4.1782072980718610e-01	   5.0812174128733034e-01	   4.9750379761764346e-01	   3.6143010168732803e-01	   2.7742329761015461e-01	   4.7768191655878428e-01	   3.2016387332783552e-01	   5.9937366611065468e-01	   3.3200746530413694e-01	   4.8571949221357891e-01	   1.8817255049612014e-01	   3.8916294223819081e-01	   3.2039219445352363e-01	   5.8608463196836524e-01	   4.4177484912281184e-01	   6.7840877258445909e-01	   5.8047674497850699e-01	   6.2344090578760303e-01	   5.5476800098060663e-01	   5.1309187157138114e-01	   4.9781125409234495e-01	   5.2017820109221502e-01	   4.2345174241277295e-01	   5.5388277973604094e-01	   5.0790186583313990e-01	   3.9831461055525641e-01	   4.2098398289757688e-01	   5.1034691907996588e-01	   5.4842090114073061e-01	   6.0698470849337038e-01	   4.8731081579715185e-01	   6.0792889377226744e-01	   5.5577316227221529e-01	   4.4297597671151029e-01	   3.5466110934015593e-01	   6.2628249891361232e-01	   5.2315111436085648e-01	   3.5205047386654154e-01	   5.0213669378807180e-01	   3.8348442995288201e-01	   5.0666128386693565e-01	   1.4988419124360494e-01	   1.4819760458701114e-01	   5.2299498097443997e-01	   4.3405089491666565e-01	   3.9580815969843658e-01	   5.3822692404907480e-01	   4.4689031923074063e-01	   4.1756164287583825e-01	   4.2648559143773118e-01	   4.0809987834616474e-01	  -9.7429188291414059e-02	   1.0126917906911340e-01	   1.6453296916979901e-01	   2.3751921338028406e-01	  -1.6447766173542877e-01	  -1.5022239233068357e-01	   2.2977080801584820e-01	   3.4170946262378776e-01	   3.4357662953566204e-01	   4.7045964614122870e-01	   3.0195253437208508e-01	   5.8408315319331994e-02	
   5.6969154975743086e-01	   5.9989240043535030e-01	   3.3890061229846591e-01	   7.5110041600354216e-01	   3.5713932011780913e-01	   4.6076988754038462e-01	   6.0272032231700234e-01	   8.3464937585942089e-01	   4.1668968795071665e-01	   3.8931392204083054e-01	   5.5184219795218592e-01	   0.0000000000000000e+00	   5.6716524161707205e-01	   9.2456685259493199e-01	   3.3760527454133810e-01	   6.5124125510376718e-01	   4.1065817991632581e-01	   3.0925716035735251e-01	   5.5273774702625633e-01	   6.1293360207141712e-01	   2.8330122543118491e-01	   3.9869841304385162e-01	   2.6049611207254769e-01	   5.5974553950757922e-01	   4.4380988310844152e-02	   3.2371688424652578e-01	   7.4433925961240016e-02	   2.0053961910161322e-01	   2.8474678673405796e-01	   6.1007334012819958e-01	   2.5021095239718738e-01	   4.0315377708225936e-01	   6.0559962623192920e-01	   6.0989029634733183e-01	   3.6023483246396273e-02	   2.3631371936678250e-01	  -2.0777663477892938e-01	  -6.2423457751704780e-03	   1.0313047842733435e-01	   1.1006547189835834e-01	   2.1292853891680982e-01	   3.0607956138578873e-01	   6.0272941200957153e-01	   4.8588046437155763e-01	   3.7652775341041156e-01	   5.0612171596768629e-01	   5.5618598735257074e-01	   4.7843522282404505e-01	   4.9689468883366344e-01	   5.2728421011290394e-01	   4.4979866313489913e-01	   4.7864300888621247e-01	   5.1601321222703156e-01	   3.1832937646848025e-01	   4.1745447042818518e-01	   4.1739981594249254e-01	   3.1782906038979930e-01	   3.8408682535267191e-01	   4.1095929689274291e-01	   5.7196357992566793e-01	   5.2844468833774449e-01	   8.2786578751629358e-01	   5.5277717940349302e-01	   5.5836756152716427e-01	   1.5136123030808482e-01	   5.3790460825718556e-01	   3.9685813796066782e-01	   5.1466148059640193e-01	   5.0504160971614553e-01	   4.7170727740857998e-01	   5.0995363549600869e-01	   5.3569269263595998e-01	   3.8583424341284389e-01	   5.3610354997772480e-01	   4.5466068626812173e-01	   5.4066788371332697e-01	   4.2013538491023250e-01	   4.8314849112213309e-01	   4.9508833387929446e-01	   3.8805223187912169e-01	   6.7836085575205085e-01	   7.0402822511827046e-01	   4.2667007019945358e-01	   5.2725229365203496e-01	   3.5936319058659244e-01	   7.5243879710212980e-01	   1.4810732950971814e-01	   1.5438958497511751e-01	   3.9923253519236790e-01	   5.8087199788801747e-01	   4.8028186435289272e-01	   1.9525712855503286e-01	   4.4342186838775793e-01	   1.5035957864305530e-01	   4.5869893200604465e-02	   2.9301980988994125e-01	   5.0621772504920970e-01	   4.5427645326743954e-01	   5.1925620797265815e-01	   3.6587542148896546e-01	   4.9683040690537073e-01	   3.1077784437390776e-01	   3.5119251202235413e-01	   1.3660699565027454e-01	  -2.9450336615856132e-01	  -2.7642626031806383e-01	   2.0644665729723479e-02	   6.4361950934140003e-02	  -1.5797475765162100e-01	   8.6694173049892909e-02	   1.8633528567835633e-01	   3.5776565659987142e-01	   4.4882162960335026e-01	   2.2343693332597819e-01	  -1.0294269217673088e-01	   5.3075651510365973e-02	
   6.6137765284842831e-01	   5.1757223220630777e-01	   6.7502143444366758e-01	   5.2139033248642819e-01	   4.7652707876359557e-01	   3.0042513388972814e-01	   7.7579106772145956e-01	   5.0378716862600692e-01	   4.6255923143721872e-01	   3.0550579331932876e-01	   8.5713410876331619e-01	   5.6716524161707205e-01	   0.0000000000000000e+00	   7.0234526394104524e-01	   6.5409879421030848e-01	   5.3220019261964402e-01	   3.8843778942861784e-01	   1.6541094920713320e-01	   4.8131616379150594e-01	   3.9651010446620610e-01	   2.8081043227436386e-01	   3.5776317931196477e-01	   4.2499096994467178e-01	   4.5959194330478864e-01	   3.6843576496533437e-01	   3.3625047796640950e-01	   3.1922908172596676e-01	   2.9400587757640029e-01	   2.4740132149995803e-01	   3.4755162647463334e-01	   2.3094403992947052e-01	   2.6430453675785037e-01	   5.5199541575279043e-01	   5.2602863838650626e-01	   3.3997407898302284e-01	   3.5385166982123317e-01	   4.3991723985385457e-02	  -3.3133797767235336e-03	   2.7407896729887588e-01	   9.9464344690382997e-02	   3.3368830180994846e-01	   2.1852492529274348e-01	   5.5450701328792495e-01	   4.4377151390152481e-01	   4.4795924014027955e-01	   4.4992878321246615e-01	   4.9068591789587840e-01	   3.9548642528810940e-01	   4.4219374000058714e-01	   4.5445845330725376e-01	   5.2067032234380406e-01	   4.2370583857911176e-01	   4.2805336281295003e-01	   3.8554233199004551e-01	   4.6104036872278209e-01	   4.5761566739124321e-01	   3.3315550793157966e-01	   3.1484517999801065e-01	   5.1229979142321747e-01	   3.7378879434128209e-01	   7.2656681858001770e-01	   4.5457839016675161e-01	   4.1111409210822264e-01	   2.6183267060212212e-01	   3.9533699375674669e-01	   3.9623005054293614e-01	   4.9242258050962912e-01	   3.7935395939317273e-01	   6.3972618678782722e-01	   5.2515991901127346e-01	   5.2436918008135169e-01	   4.6321588181632889e-01	   4.9440503516587919e-01	   4.8627137293511824e-01	   5.0891701089819175e-01	   4.3490534439507178e-01	   4.6962854322843589e-01	   4.2914112102860325e-01	   4.0139636060198280e-01	   3.7644813607971039e-01	   4.9800350706567287e-01	   5.3862381096096845e-01	   4.8204035824424729e-01	   3.6268260840519456e-01	   4.3756472294697801e-01	   4.5171658537468151e-01	   2.8953428175573304e-01	   1.9167445857380064e-01	   5.7379908012592995e-01	   5.1345386949169280e-01	   3.6428959854541121e-01	   4.5456105136286729e-01	   3.6623542629118599e-01	   5.0437895227797758e-01	   1.0142402105783527e-01	   1.1605890587041534e-01	   5.4203942803321903e-01	   4.6082020548993941e-01	   4.1621577638407387e-01	   5.0419488221263664e-01	   4.8522936047809362e-01	   4.5465600606538698e-01	   4.4662410115245460e-01	   3.0906842487721087e-01	  -1.8802487939940632e-01	  -4.0724850177637772e-02	   5.6684725823455885e-02	   1.6726297326379264e-01	  -1.2686839560442117e-01	   4.6335532433862708e-02	   3.6364675918314604e-01	   3.4139092819085914e-01	   3.9361308314327814e-01	   4.9283198789047417e-01	   1.8172389016595641e-01	  -5.0726616607673870e-03	
