   0.0000000000000000e+00	   7.4756583065711057e-01	   2.9957481756961074e-01	   1.3623481693663420e-01	   2.5564866179954238e-01	   1.7821795523116285e-01	   3.2187707699451751e-01	   1.2235114202598982e-01	   1.4921974515694658e-01	   1.7428977913109756e-01	   5.1947297911493595e-01	   2.2088045325881217e-01	   3.5708474905324894e-01	   2.6782544649684881e-01	   1.4280743565875725e-01	   2.3866043633152395e-01	   4.5898814513180042e-01	   3.4965886958317549e-01	   5.4569929322010713e-01	   3.7863611146042653e-01	   3.6496243823501190e-01	   2.5349518590121201e-01	   1.7523741196208248e-01	   1.3967170138502405e-01	   1.1637580920661246e-01	   3.9440858422025708e-02	   2.7510397098972911e-01	   2.4580390617776982e-01	   1.7150816977602917e-01	   2.1380170048802211e-01	   1.7425345317689342e-01	   1.2171931373402720e-01	   3.7950179009679763e-01	   3.5714025698925672e-01	   6.2697181781118688e-02	  -3.3905631100642784e-02	   6.3341382723577713e-02	   2.2244496148196569e-01	   8.1568968975441747e-02	   1.5682539405199872e-01	   4.4808447345397640e-01	   3.5902475184761329e-01	   3.6378176321057826e-01	   2.9797570269029550e-01	   3.8723125846244610e-01	   3.2479527475778858e-01	   3.3435051716060993e-01	   3.8009707927385394e-01	   3.7466911378915024e-01	   2.6957506876318299e-01	   3.5746700034608225e-01	   3.9545543169704955e-01	   4.8302942263548954e-01	   4.3533161172809642e-01	   3.4267051335290133e-01	   4.5707893920030124e-01	   7.3260102609744848e-01	   5.4354698639744758e-01	   2.5272059796792357e-01	   4.0800469506781366e-02	   2.3479133676509512e-01	  -2.1552071353919032e-02	   3.8257038771186136e-01	   1.7041164264073891e-01	   1.0953525248659743e-01	  -4.3005311249241396e-02	   1.8364681550175266e-01	   6.2237888172411576e-02	   5.3381366490949711e-01	   3.0010881214811863e-01	   4.9190732137400200e-01	   2.9993284903555079e-01	   4.6104628349792315e-01	   4.7196250881647583e-01	   3.7470415420646835e-01	   3.2160328720990511e-01	   5.3725895785017641e-01	   4.2000164879454666e-01	   4.2809704060872777e-01	   3.1598222534897413e-01	   4.0486864181093518e-01	   4.2221770659584357e-01	   3.6633701684381514e-01	   2.9454850924774756e-01	   4.0793447586876830e-01	   4.6646749385559105e-01	   2.0471390114132959e-01	   3.1088900548011078e-01	   4.3548032692588767e-01	   4.0987766951855681e-01	   1.2910126045887738e-01	   9.2594375945334123e-02	   6.0691844491341788e-02	   1.8799636308208689e-01	   1.6546060077796201e-02	   1.9756237381452570e-02	   1.0770892800079404e-01	   2.3663923750753674e-01	   4.4028508462921950e-01	   5.7449959139918427e-01	   1.1073521140123510e-01	   2.7037101482490100e-01	   2.2013110648955730e-01	   3.5195037476316748e-01	  -2.0957695750049263e-01	  -2.3633965117551198e-01	   1.3517917783081129e-01	   2.3380214268355909e-01	  -6.7343928810512932e-02	  -7.2486633392485289e-02	   1.3074123728324955e-01	   3.6986313097737777e-01	   3.7296974282155060e-01	   2.4021635260013724e-01	   6.6189658696363243e-02	   9.8290124887291178e-03	
   7.4756583065711057e-01	   0.0000000000000000e+00	   1.7207839022902718e-01	   2.8349479612300066e-01	   2.3447797374399015e-01	   1.9639993236619238e-01	   2.8634217418164981e-01	   3.1770748033072177e-01	   2.3089476559752475e-01	   1.9215002383103927e-01	   5.2984409106045327e-01	   3.8221661669465584e-01	   4.1202750208906702e-01	   4.2710626856458800e-01	   3.1319634329115031e-01	   3.5154111553911416e-01	   6.8837632455043796e-01	   6.3074265863083223e-01	   5.9239045818098579e-01	   6.3618044095185000e-01	   4.1491062141373397e-01	   2.0236493442268727e-01	   1.7058685434443430e-01	   1.5609812258572459e-01	   7.9572130655696238e-02	  -2.8272337886338886e-02	   3.1984772196091521e-01	   2.2709522542149041e-01	   4.3198991055720426e-01	   4.9869754210517753e-01	   2.2875191542204065e-01	   1.1969350501566513e-01	   4.6237611011754148e-01	   4.7181438305278151e-01	  -9.8411363354900999e-02	  -1.4542749985561387e-01	  -1.3522163971386919e-01	   6.8363004952825490e-02	  -1.5247256512234147e-01	  -1.4310350512189198e-02	   3.8687592992556702e-01	   4.1737930154814984e-01	   3.4710020386643048e-01	   3.0865460865115912e-01	   3.3839335638295215e-01	   4.0779725650433113e-01	   3.1530094160009586e-01	   2.7876852403657415e-01	   3.1345252742750696e-01	   3.3815097653760273e-01	   1.2071801823474257e-01	   2.9571361547125025e-01	   3.9596205742436480e-01	   4.4628749675065105e-01	   2.9863917055788247e-01	   3.5887824422147346e-01	   5.7942704918911381e-01	   6.6479998963934306e-01	  -3.0032731928911698e-02	   1.2272402985817110e-01	   3.3406223854414019e-01	   2.0415793799545376e-01	   5.8607995927380985e-01	   4.7717417267702367e-01	   4.6640172952754529e-02	  -1.0428291822209107e-01	   1.8120318276781764e-02	   7.6203283873737954e-03	   6.0913633879618589e-01	   4.0362504692895806e-01	   5.0236486481422582e-01	   3.3770512346580506e-01	   5.4572717217088884e-01	   5.4603859815766664e-01	   3.9139378287655630e-01	   3.7246198232910116e-01	   3.7155988459195510e-01	   3.6716777197900313e-01	   6.0543585264775934e-01	   3.6627440974615677e-01	   6.4218333367559000e-01	   6.0219280822682020e-01	   4.3634034158271606e-01	   4.7886119049354925e-01	   3.7126149873151371e-01	   4.1562368383442527e-01	  -1.0785118012637923e-01	   7.6092857170073178e-02	   3.8237165235291071e-01	   3.3190149772742472e-01	   1.6304313819772351e-01	   2.1565066973518409e-02	   1.7579849188397449e-02	   3.9421308965461491e-02	   7.4160722364657941e-03	   1.1048951713291377e-02	   6.0258373407366297e-02	   1.0758840313129042e-01	   5.4536568598130464e-01	   4.3084490197663194e-01	   2.5831647609551694e-01	   1.2203414419348896e-01	   2.0545145305679233e-01	   3.0027643982125718e-01	  -1.7893726162091250e-01	  -2.7966113181908925e-01	   1.1593003296805926e-01	   8.5308294770035195e-02	  -4.8353314014421708e-02	  -5.4701090587503887e-02	   1.2582565872069559e-01	   3.6166185483536484e-01	   1.9455062884122296e-01	   1.2650583921050623e-01	  -6.6058228907988917e-02	   4.4562109085285039e-02	
   2.9957481756961074e-01	   1.7207839022902718e-01	   0.0000000000000000e+00	   3.9022622045662769e-01	   5.8807076495828225e-01	   2.4572627791360574e-01	   7.0593310502779549e-01	   1.2507852082992883e-03	   3.9572822393911777e-01	   1.6130966737146724e-01	   2.8475504785787148e-01	  -2.1639335992771090e-02	   3.7889302317214346e-01	   1.2240746604271274e-01	   5.7270190512092267e-01	   4.6819249755486791e-01	  -1.4988284864025575e-01	  -2.0955552278685013e-01	   5.1703440990135507e-01	   2.2038748848913001e-01	   3.6188694809747629e-01	   2.6041630595162607e-01	   8.4565735219922311e-01	   7.4561736613261120e-01	   6.7528025158741223e-01	   4.5187681179061201e-01	   5.6462734802890313e-01	   5.6839478026084944e-01	  -3.7800262557906306e-02	  -1.4834028933439650e-01	   5.4105718499944022e-01	   4.7197320717312963e-01	   5.0397500378032212e-01	   3.1966935654919948e-01	   5.5151713551007897e-01	   3.6896559150673319e-01	  -1.1627856822791587e-02	   1.7832850418446882e-02	   1.3456832518762979e-01	   1.4474814860321739e-01	   2.2847022510401532e-01	   1.4742760193582063e-01	   4.2523500597454239e-01	   3.5348991697233945e-01	   3.0968008738832975e-01	   1.9445109522435072e-01	   3.7929910392539501e-01	   3.8089220742744850e-01	   3.1362324471250780e-01	   2.4013298385406334e-01	   3.4420114153403769e-01	   3.2638493905010690e-01	   3.6988967049293936e-01	   5.3809583211515366e-01	   3.5148651289259181e-01	   3.4965688854231347e-01	   1.5052381088774150e-01	  -1.1002052434013433e-02	   4.2687732511942811e-01	  -1.7047872273911494e-01	   3.2822963199566735e-01	  -1.3944656780089190e-01	   2.2537037200394297e-01	  -8.9569071596390049e-02	   7.0889373123567101e-01	   1.6568331386335391e-01	   3.5634091558107961e-01	  -3.1950890029010852e-02	   4.9626198940377686e-01	   2.0292570049435757e-01	   2.1165482494351689e-01	   1.5285246433896696e-01	   1.6339468698834431e-01	   7.1764766310247294e-02	   1.7712818653500240e-01	   5.5990262384540915e-03	   2.1358882062620943e-01	   5.9384615542241059e-02	  -8.2474925554601841e-02	  -1.5646333112783362e-01	   5.0239204259322823e-02	   1.5719063131747713e-01	   4.7562131409885322e-01	   2.9262008006513490e-01	   6.9087557310930736e-01	   4.7780208483997866e-01	   4.2454954462697470e-01	   3.0005002914352158e-01	   6.0369246556992984e-01	   4.1717808577645377e-01	  -1.9553521200179697e-02	   4.0562582666503305e-01	   1.3714201376928813e-03	   4.7776857887135138e-01	   2.1727203775609572e-01	   1.8134396692721522e-01	   2.9900956884769542e-01	   2.7510848330034021e-01	   4.7075604633477437e-02	   3.6012407171708338e-01	  -1.8556667834612869e-01	   1.7289548391795945e-01	  -1.4501367581121624e-01	   1.8030527499694943e-01	  -1.0681359731560904e-01	  -8.2281464996103240e-02	  -9.4005270077554257e-02	   1.0152845331680951e-01	   6.7285451113165140e-02	   5.8955091594032269e-03	   1.9549578280765062e-01	   2.7088330151183138e-01	   1.9412979727105506e-01	   2.9223730686409616e-01	   2.4775402362609428e-01	   1.3180605821502975e-02	
   1.3623481693663420e-01	   2.8349479612300066e-01	   3.9022622045662769e-01	   0.0000000000000000e+00	   4.5680203686824150e-01	   7.4053316371568312e-01	   6.4314262316454340e-01	   7.8890613313160252e-01	   4.5461554065499199e-01	   5.2448451472996005e-01	   4.5345768536028563e-01	   5.6985439515900260e-01	   5.0574807528023402e-01	   5.1922439036098633e-01	   5.4768229151251935e-01	   6.1834680148345389e-01	   1.8938919516188352e-01	   8.7281442011483967e-02	   3.7415536717601849e-01	   4.4321605309967071e-01	   3.0547285381473516e-01	   2.8997141906117330e-01	   5.1650941425363495e-01	   7.0279681326278398e-01	   3.4590878521163893e-01	   4.7444207956962520e-01	   3.1073130794715875e-01	   3.7393955447325211e-01	   2.9399260223286561e-01	   3.2369820067935257e-01	   4.5176628581915168e-01	   4.8042336352731152e-01	   5.1629419307859536e-01	   5.9079083019088685e-01	   7.6144232472088458e-02	   1.6335751875389276e-01	  -2.5709956719463134e-01	  -5.3438502016935174e-02	  -2.7992186928294110e-01	  -1.5499964555560790e-02	   9.9527865342155852e-02	   1.3517300476732352e-01	   4.0832616383803222e-01	   4.3221215902535048e-01	   3.1473744795432557e-01	   4.4379401519687500e-01	   3.0169984249907900e-01	   2.7206210906752376e-01	   1.8387659026416447e-01	   2.9723642662657535e-01	   1.7084960704891389e-01	   2.7508419654423455e-01	   4.0336154223237725e-01	   4.5834308804286189e-01	   2.4462116450508736e-01	   3.3833255130984929e-01	   2.8545119013629183e-01	   2.4256676746419847e-01	   3.4084132033492831e-01	   4.6658999806207591e-01	   5.7096679431588226e-01	   5.9181354608584036e-01	   5.5148056638284682e-01	   4.5832264541442458e-01	   3.1121537802667065e-01	   3.9740612683578680e-01	   2.2423919778544110e-01	   2.7584917160595224e-01	   3.5230307968262520e-01	   3.5912092946009944e-01	   2.7540128816760090e-01	   2.9304758229917949e-01	   3.1841947000016946e-01	   2.8112745115709864e-01	   3.5490231289641994e-01	   2.8546872676792334e-01	   4.7238778056531330e-02	   1.1012673253128880e-01	   2.0124841129996035e-01	   6.8700899648404423e-02	   4.1620736500328870e-01	   4.2367368904844627e-01	   3.0651100708912465e-01	   5.3771900763553382e-01	   4.4059178840862595e-01	   5.3371905125339292e-01	  -6.4801665760270952e-02	   3.2283873180627851e-02	   4.3972530837715174e-01	   5.5784947666215812e-01	   3.9315792081349332e-01	   2.7943096934971889e-01	   4.8589041632336533e-01	   3.0492172278967755e-01	   1.1405935949435830e-01	   1.3439834872947437e-01	   6.1651667614882312e-02	   1.4448799617555741e-01	   2.6124594962478775e-01	   3.4662304373592578e-01	   4.5172318019469193e-01	   3.2998346124418876e-01	   3.0385229997137958e-01	   3.5492522023727735e-01	  -5.4090524089338669e-02	  -3.2827931842731978e-01	   6.8468503827295676e-02	   2.7513771243382116e-02	   9.6974854026854074e-02	   1.8722126331824529e-01	   1.3754911294033434e-01	   2.3798720387227254e-01	   2.2071311451460882e-01	   1.3968071581005503e-01	  -3.6585556544741812e-02	  -1.1781588975159708e-01	
   2.5564866179954238e-01	   2.3447797374399015e-01	   5.8807076495828225e-01	   4.5680203686824150e-01	   0.0000000000000000e+00	   6.0128053977794393e-01	   6.4147191161989081e-01	   3.2932971591904747e-01	   8.0295226189196411e-01	   5.3540707715515934e-01	   4.8098569716691464e-01	   2.3214425318157633e-01	   6.3240403343258944e-01	   3.7926902517219768e-01	   5.4033032255919022e-01	   5.6293668996439661e-01	   8.1121715578248085e-03	   2.1812025517876754e-02	   2.1287937294340667e-01	   1.2099208368317685e-01	   4.7044880882990958e-01	   3.1661411618208762e-01	   4.2631180456328460e-01	   4.7644506740946790e-01	   5.4313787526433954e-01	   3.7027323236643944e-01	   5.8391657337711012e-01	   5.4508476306269449e-01	   9.2583344560425676e-02	  -9.0800972926490982e-03	   2.6406263681742759e-01	   2.5025775213960294e-01	   3.9932895520771527e-01	   3.0279342441669860e-01	   4.6600219172299717e-01	   4.0636625280211414e-01	  -6.4078553299461841e-02	  -5.3790268435321253e-02	   3.7869959165961559e-02	   6.0792091475874541e-02	   1.7912871936630709e-01	   1.3221766334325291e-01	   1.9871500717320639e-01	   2.6140833157294463e-01	   2.8875742180907815e-01	   3.8352614043946587e-01	   1.0780253724641273e-01	   1.4313680706691440e-01	   1.4463171845679412e-01	   1.9855420234363907e-01	   2.4149669902985055e-01	   1.2745981064077466e-01	   2.1674022286864603e-01	   3.1333602209960576e-01	   2.6559510136580633e-01	   2.0061634037201237e-01	   8.0728307366369573e-02	   1.2528174838522568e-01	   4.7312379784142167e-01	   1.9425461720318452e-01	   6.5759876393289529e-01	   2.7350024030386477e-01	   2.2751446783737256e-01	   2.2425186287410966e-02	   6.3421023691784950e-01	   4.9463827003696059e-01	   5.6997643127106656e-01	   3.0665809185984927e-01	   3.5030337725967231e-01	   2.3337933130413915e-01	   1.8449178134803193e-01	   1.0775253389654858e-01	   2.1952048222198034e-01	   8.9892777382041086e-02	   2.1615957836209254e-01	   6.7585030356031042e-02	   7.5973037666010768e-02	   1.2727399385307085e-02	   9.3080289001887889e-02	   5.3757247293289137e-02	   2.1274928614915767e-01	   4.1909086545685414e-01	   2.6416504906074134e-01	   2.7794362504017522e-01	   6.1287187957998968e-01	   6.2615008055573451e-01	   1.1506137122207173e-01	   1.6927011963167377e-01	   4.2563024347032391e-01	   3.7503663524982800e-01	   1.9429719994828859e-01	   3.2376597178148214e-01	   3.1131817459990069e-01	   5.1412100983803555e-01	   2.8680337753787377e-01	   3.3274652871787180e-01	   2.7904763698458779e-01	   2.9192222205996254e-01	   7.7786501473277730e-02	   2.8388335182569369e-01	   7.9179930082012406e-02	   4.4856956371656070e-01	   8.2195945190554662e-02	   2.8863903749539260e-01	   6.8107793391988719e-02	  -1.0285285936815208e-01	  -1.7213124167465624e-01	   1.1668595864788894e-01	   2.6879276507797673e-01	   1.8166584078804471e-01	   3.2309811225550419e-02	   1.7886753032323011e-01	   3.8791031696323941e-01	   2.7028608839269941e-01	   1.8210286378022211e-01	   1.4744384877066607e-01	
   1.7821795523116285e-01	   1.9639993236619238e-01	   2.4572627791360574e-01	   7.4053316371568312e-01	   6.0128053977794393e-01	   0.0000000000000000e+00	   5.6221056102943878e-01	   7.3586850160960970e-01	   5.1072894472373975e-01	   7.3499986186233102e-01	   4.1703563148968714e-01	   5.1543927239017573e-01	   4.9090202147161571e-01	   4.8574838112900581e-01	   3.6438802706903972e-01	   5.3684519981384671e-01	   1.4723011178902040e-01	   8.7537944004433016e-02	   1.8030456243788812e-01	   2.0155141773704277e-01	   4.7390410980949216e-01	   4.6557755498188763e-01	   2.7179453161987482e-01	   5.0322007429088822e-01	   4.2918936240469396e-01	   5.7818819440421720e-01	   3.9732957255500412e-01	   4.9735830465608388e-01	   2.1014544088811787e-01	   2.3843848769965020e-01	   3.5984330781551999e-01	   4.6601594115987144e-01	   3.6159355552087685e-01	   4.4593451183896676e-01	   1.2385656972202497e-01	   2.6600251770511657e-01	  -1.8369095045801789e-01	   1.3578857916881772e-02	  -1.6307790939830705e-01	   7.7273962333988755e-02	   1.1544707020250397e-01	   1.0722397913613130e-01	   1.9149943628277308e-01	   2.4211181065929918e-01	   2.4089980250054921e-01	   4.3946636516511717e-01	   1.5841744668902552e-01	   1.7865602831000160e-01	   1.2729366300054867e-01	   3.1899164234505301e-01	   1.8516025011284284e-01	   1.6817889872466035e-01	   3.3243630545201186e-01	   3.6416584466106705e-01	   1.7067645486429281e-01	   2.9315268348330148e-01	   2.0554412487388574e-01	   1.3835159331129671e-01	   3.9787223729179710e-01	   4.9601918088625885e-01	   5.8141054141526372e-01	   6.5071757976733902e-01	   2.8764941227157786e-01	   2.3337628915133260e-01	   2.6489547558632376e-01	   5.3937823938462737e-01	   3.2618941422079645e-01	   3.3674690149490139e-01	   3.0239512091496934e-01	   3.1501688499608194e-01	   2.8065281634293093e-01	   3.2241096265917635e-01	   2.5994415320979658e-01	   2.3122078725530540e-01	   2.5674357207459692e-01	   2.2436580123730623e-01	   3.8752829532350097e-02	   4.6833777847460963e-02	   2.2886219103029892e-01	   1.5581704253839224e-01	   3.4602975047937706e-01	   3.9693596252292873e-01	   1.6887712259576043e-01	   3.4873361695587896e-01	   3.5097762008030892e-01	   4.8413917533609063e-01	  -1.1278533660540666e-02	   6.6567137550610972e-02	   3.1340085974156373e-01	   4.6217085152591431e-01	   3.2157353959307949e-01	   2.9212738153941370e-01	   5.0322973792152148e-01	   3.2527403243164676e-01	   3.2743597815040881e-02	   9.6351101629194968e-02	   3.5667325137121210e-03	   1.0818674636573117e-01	   9.5931741638342893e-02	   2.5511154989905843e-01	   3.5486391774138815e-01	   3.7820853850382835e-01	   2.2753117808964074e-01	   2.4401157707346255e-01	   1.1671299089600178e-02	  -2.0691980646351343e-01	   8.3312028894811957e-02	   1.0884639831135251e-01	   6.2056061269155458e-02	   1.2069890210533990e-01	   6.9717833992203271e-02	   1.0411061580298350e-01	   2.0292563537413091e-01	   8.3928498658857820e-02	  -4.8495994755246866e-02	  -5.4069605171687143e-02	
   3.2187707699451751e-01	   2.8634217418164981e-01	   7.0593310502779549e-01	   6.4314262316454340e-01	   6.4147191161989081e-01	   5.6221056102943878e-01	   0.0000000000000000e+00	   4.9371073189770187e-01	   6.4872862197527903e-01	   4.0226120993429071e-01	   6.0178419291308649e-01	   3.9671671336661951e-01	   6.3935069516834342e-01	   4.0612213187414747e-01	   5.4282113690713030e-01	   5.3221412616978681e-01	   3.2619557622821989e-02	  -3.0657340880333441e-03	   4.7482148823818693e-01	   3.6072701876657559e-01	   3.5347100776107476e-01	   2.3071852870695986e-01	   6.1044471075432150e-01	   6.1337725738805615e-01	   4.6507525425189866e-01	   4.4697428347564216e-01	   3.0758640738691667e-01	   2.9519797840579587e-01	   1.8053375249291870e-01	   1.6631107123358704e-01	   5.4120716165811045e-01	   5.5572435783601848e-01	   5.9349109532103772e-01	   5.5102417069501630e-01	   2.0549906824582337e-01	   1.7382448427993796e-01	  -2.0686992269871377e-01	  -1.7658463818112366e-01	  -1.3082725641445342e-01	  -2.6128125535067097e-02	   1.0023514565873394e-01	  -4.2787041958725722e-02	   3.6179267021026340e-01	   3.8077924435961108e-01	   3.7713902511349651e-01	   3.9171180290110474e-01	   2.6438793014562539e-01	   3.0650834832089446e-01	   3.1483929167198954e-01	   3.0391056661033722e-01	   3.3065913999177160e-01	   2.9272625447529932e-01	   3.9368801793320757e-01	   6.0881383328160776e-01	   3.2711086463600220e-01	   3.8355655880684680e-01	   2.1028205090029317e-01	   1.3181425690568133e-01	   4.8092573843737813e-01	   1.0857841547380109e-01	   7.4852457862259980e-01	   2.6022570643114890e-01	   4.5190335279110794e-01	   2.4517954297287478e-01	   4.0933048146134537e-01	   1.9847925854830584e-01	   3.3057072268074328e-01	   9.0158654716005468e-02	   4.1545442106189212e-01	   1.9382126531114993e-01	   2.2134859204686064e-01	   1.8959199905933338e-01	   2.5451678707790637e-01	   1.7705240562365382e-01	   2.9750325212824963e-01	   1.5193483043479272e-01	   5.8026068854395277e-02	   1.4058647165203842e-02	   6.5074239529296932e-02	   4.0722720944360538e-02	   2.7077469720076586e-01	   3.7778231180091182e-01	   2.7748799526456480e-01	   3.4795498100394973e-01	   4.9018890485388500e-01	   4.8878003361475530e-01	   3.3565288427243274e-02	  -1.6987554306365067e-02	   5.3403561131451316e-01	   5.1060426095408795e-01	   3.0499923131508355e-01	   5.8010641195247525e-01	   2.5765269600113871e-01	   5.8133025210634470e-01	   5.9832853082902926e-02	   5.9926593747109194e-02	   7.6658185574439777e-02	   9.2763764210303079e-02	   2.1449470757563208e-01	   4.7004826328284049e-01	   2.3133330184583537e-01	   4.7054409806449060e-01	   9.3862387514663637e-02	   3.8516123166937621e-01	  -1.5130099174350903e-01	  -2.0926742303746176e-01	  -7.0779533058035429e-02	   2.4312980500900111e-02	   6.6869020449663891e-02	   9.9565269464454070e-02	   8.4431401472841006e-02	   2.3058201116573193e-01	   2.7750632157565891e-01	   1.3937931002822856e-01	  -5.5975818644520295e-02	  -1.5647308125472145e-01	
   1.2235114202598982e-01	   3.1770748033072177e-01	   1.2507852082992883e-03	   7.8890613313160252e-01	   3.2932971591904747e-01	   7.3586850160960970e-01	   4.9371073189770187e-01	   0.0000000000000000e+00	   4.3937061603127503e-01	   6.3051854212805925e-01	   4.2426160068775209e-01	   6.9188701673519448e-01	   4.3009136057936864e-01	   5.7389859974455415e-01	   2.4390869226944289e-01	   3.5758325010393910e-01	   3.2466737903490445e-01	   2.4156215733155695e-01	   1.8912015503885599e-01	   3.6072061502630193e-01	   2.0883311803063248e-01	   2.3555073045667288e-01	   7.1103756475475552e-02	   2.8061613318904333e-01	   7.8636745305940281e-02	   2.8092370539510791e-01	  -2.0423806625549275e-02	   8.5907349029742147e-02	   2.2268324931634026e-01	   3.8579497497754517e-01	   1.9156180107928769e-01	   2.8274070297689047e-01	   3.3498509031207457e-01	   5.1156809964746952e-01	  -1.4467216782756911e-01	   6.0587300811685313e-02	  -3.3906201802486546e-01	  -1.4233404137302996e-01	  -3.1805488226821466e-01	  -1.1875129972950996e-02	   1.7457907138589725e-02	   6.9968877667510060e-02	   2.2331237518340807e-01	   2.6273718532857604e-01	   1.7916552924199008e-01	   4.2892744959183143e-01	   2.0173899293311376e-01	   2.1259895604291262e-01	  -2.6525484050839453e-02	   2.5200945133044633e-01	  -1.1481928655023459e-03	   8.9750944917893802e-02	   3.1835328883334202e-01	   3.7748060602851424e-01	   1.6194099423349653e-01	   3.0318189686170127e-01	   2.8061322977225450e-01	   3.1924235850403920e-01	   2.5684343261588916e-01	   6.9950557578732697e-01	   6.1771874995023102e-01	   8.3639662272946502e-01	   4.2708037122329023e-01	   5.4470187722528163e-01	   3.0351345150363305e-03	   4.1711032569024359e-01	   2.2086954227848321e-01	   4.0864824008008915e-01	   2.1350311668249189e-01	   3.3641660090769077e-01	   1.8175678951757912e-01	   2.5163380099491817e-01	   2.9447732869237081e-01	   3.5235054642384389e-01	   2.8434290047060379e-01	   3.7995526565075155e-01	   2.4138642609664793e-02	   1.6924786668049557e-01	   3.1091126299723981e-01	   1.6136088821696881e-01	   4.7672080898110963e-01	   3.8506205981447661e-01	   9.4475981684659191e-02	   3.1302097486662017e-01	   1.6589508655216917e-01	   3.1910208957683256e-01	  -2.6904692439494282e-01	  -1.4933966975936311e-01	   2.6827845256585148e-01	   5.0770465925862140e-01	   5.4627909324846935e-01	   2.8760336839940792e-01	   5.7781651026813630e-01	   2.7833800799345176e-01	  -5.7561364738078880e-02	  -4.8274335405101669e-04	  -8.1547755228191077e-02	   1.4421926488985512e-02	   3.6027981758682848e-01	   3.4685353192681234e-01	   6.2850817036968143e-01	   4.9667816256042552e-01	   3.6930608102002904e-01	   4.2155983345163417e-01	  -9.1546563050426601e-03	  -2.1036148622727896e-01	   1.9830559584963900e-01	   4.4096186255011945e-02	   2.8155507723826197e-03	   1.2943625977065781e-01	   1.5802996826263604e-01	   2.1157591829603137e-01	   2.4654590684803199e-01	  -1.2292312401826497e-02	  -1.8916882669085411e-01	  -1.6182380210343805e-01	
   1.4921974515694658e-01	   2.3089476559752475e-01	   3.9572822393911777e-01	   4.5461554065499199e-01	   8.0295226189196411e-01	   5.1072894472373975e-01	   6.4872862197527903e-01	   4.3937061603127503e-01	   0.0000000000000000e+00	   6.2595093236235244e-01	   6.0143046664390432e-01	   3.8233076969754459e-01	   7.4968729216670027e-01	   4.7908066812294847e-01	   5.8948054954452855e-01	   5.8960767712972773e-01	   3.3351663648732016e-02	   2.2476813367627444e-02	   1.3030336315732483e-01	   1.3424433396845922e-01	   1.8902995921607915e-01	  -1.6365194056275286e-02	   2.8170551815211553e-01	   3.2268608510800201e-01	   2.4683362731293818e-01	   1.2968854403691654e-01	   1.9653365229108308e-01	   1.4596364007943310e-01	   1.3410082304079982e-01	   3.2573240111991128e-02	   6.8378584709902823e-02	   8.4830755983677161e-02	   1.4579402780270442e-01	   1.2082754467073620e-01	   1.2395149353045992e-01	   1.0785346524781904e-01	  -1.0781685051494333e-01	  -1.4099384281611776e-01	  -1.5851565711068136e-01	  -1.0757679498281400e-01	  -5.3075307865142127e-03	  -6.4662377364055459e-02	   1.6362436299165456e-01	   2.4363132566317802e-01	   2.4786955607145780e-01	   3.6069020025899368e-01	   5.6081807750173171e-02	  -1.0843494047370809e-03	   1.9471728428140003e-01	   3.4491026330380525e-01	   2.4772905773434184e-01	   1.6707160263683402e-01	   2.1320715458900327e-01	   3.7948355832761560e-01	   1.9065595427873008e-01	   1.2555517247294776e-01	   1.6042076529086284e-02	   1.2877826183456284e-01	   3.6634782717491038e-01	   2.3428732244936076e-01	   7.9015418047103503e-01	   4.1155589769463924e-01	   2.3086956912250309e-01	   3.4114777717009610e-02	   4.1811295912295543e-01	   3.4944439073888561e-01	   2.4131535985827107e-01	   4.3412485117726544e-02	   2.0553023858264610e-01	   8.0328448646294154e-02	   8.2302408032584623e-02	  -1.5006854782435788e-02	   2.1796214048818757e-01	   3.3523028788120843e-02	   2.6539764172454516e-01	   9.7734828958216044e-02	  -1.4860809915736961e-01	  -2.0360854934866876e-01	   6.6815816134439501e-02	   5.5814571639036574e-02	   1.4246303165299673e-01	   3.3574975471239843e-01	   8.4449932671529587e-02	   1.8938193544545345e-01	   3.4882808713709385e-01	   4.3768992913133331e-01	  -1.1164872997459833e-01	  -1.1913969503819052e-01	   2.8572264540509007e-01	   3.2247872300144570e-01	   2.8530176989231454e-01	   2.9735279630671546e-01	   3.6001378389779759e-01	   4.8491592558356489e-01	   2.5282845351074063e-01	   3.1816245037209478e-01	   1.9582586663400992e-01	   2.2083728843410841e-01	   1.6684268718151885e-01	   2.1500574180954274e-01	   2.2453529760185847e-01	   5.0590822003631564e-01	   1.3651926018699520e-01	   2.7065911198343179e-01	  -3.7727598126266512e-02	  -2.6887160801192111e-01	  -2.8891066834680773e-01	  -2.8471394768685994e-02	   3.4360958452688123e-01	   2.5308660716299175e-01	  -1.5271606752650577e-01	   1.1514545294215929e-01	   3.9544519444990706e-01	   2.0923235126326545e-01	   6.2065637042101789e-04	   6.0444441975487519e-02	
   1.7428977913109756e-01	   1.9215002383103927e-01	   1.6130966737146724e-01	   5.2448451472996005e-01	   5.3540707715515934e-01	   7.3499986186233102e-01	   4.0226120993429071e-01	   6.3051854212805925e-01	   6.2595093236235244e-01	   0.0000000000000000e+00	   3.8294140767642343e-01	   5.8100321833631785e-01	   5.3919794370133323e-01	   6.1980219280110926e-01	   2.7495140906370497e-01	   5.2393818763917333e-01	   7.8893603070222557e-02	   2.7110012354276913e-02	   1.1476725786213639e-01	   1.4292953702042291e-01	   2.0729890613416127e-01	   1.1254681699721476e-01	   1.3777519787785827e-01	   3.2543392434930263e-01	   1.9641893155541365e-01	   2.4880852906211137e-01	   9.1757372707828050e-02	   1.6865933522593571e-01	   1.6528705516191254e-02	   9.0492163855286981e-02	   1.3989619410937420e-02	   1.6553603436980999e-01	   5.7049481353719275e-02	   1.6468227313698569e-01	  -2.7301645013708409e-02	   1.6144403434612747e-01	  -1.6617677486129831e-01	  -3.4738978636476042e-02	  -1.8616386300436294e-01	  -5.8073519898453253e-02	   1.0179499171722417e-01	   4.0983345396111981e-02	   2.6343539219818446e-01	   2.6885157074640875e-01	   1.8968356350729682e-01	   3.8453869320919387e-01	   2.7283207896468697e-01	   1.8197889951074619e-01	   1.6637987959624975e-01	   4.0675579805866674e-01	   2.0199644239284020e-01	   1.3406888581431506e-01	   4.1962743447251560e-01	   4.2654230139046140e-01	   1.5179884056363938e-01	   2.2658169198075262e-01	   1.9255507242156145e-01	   1.9350181567431643e-01	   3.4036070976816402e-01	   5.0851206298836471e-01	   5.5797370262901236e-01	   6.8086533618354927e-01	   1.3471709805644574e-01	   1.1216110042967369e-01	   1.9313683384294156e-01	   4.1249865066242486e-01	   1.2346841449031914e-01	   1.0864689115006002e-01	   2.1887560354857361e-01	   1.9260584137939965e-01	   1.8927532029569993e-01	   2.1268792292663186e-01	   3.2593945470724356e-01	   3.0563859339682747e-01	   3.4925202271149086e-01	   3.4901534166952919e-01	   3.4588926761593489e-02	  -2.4699755553158266e-02	   1.0587083729913326e-01	   6.0055947650690861e-02	   1.3169927344574001e-01	   1.9222215465215287e-01	   4.0120266223854249e-02	   1.3871522847770068e-01	   2.2922816384105749e-01	   3.7024595109161951e-01	   1.7138888074280476e-02	  -2.7617445042648917e-02	   3.0353272485255267e-01	   4.5697638863185558e-01	   3.8339488199162219e-01	   3.0037044031263810e-01	   5.2541260521834043e-01	   4.4505587178412420e-01	   3.9361305637203171e-02	   1.0729152498147043e-01	   1.5373037092966876e-02	   1.2425448374881765e-01	   2.6257098720354005e-01	   3.1617582227184454e-01	   2.7463163129866963e-01	   4.2516136552329475e-01	   1.1122287225119273e-01	   2.2866138262402186e-01	  -4.7783589435054473e-02	  -1.8488558047463821e-01	  -8.9306347903696473e-02	  -7.9759580997698452e-03	   1.1821106461267608e-01	   3.9155561936861483e-02	  -2.7181901886167911e-03	   1.7968443607162909e-01	   3.7102842191818686e-01	   3.0779910009615975e-02	  -9.7602585354291796e-02	  -6.5845172607162383e-02	
   5.1947297911493595e-01	   5.2984409106045327e-01	   2.8475504785787148e-01	   4.5345768536028563e-01	   4.8098569716691464e-01	   4.1703563148968714e-01	   6.0178419291308649e-01	   4.2426160068775209e-01	   6.0143046664390432e-01	   3.8294140767642343e-01	   0.0000000000000000e+00	   6.1755019844600378e-01	   7.7905992313786543e-01	   6.2775265239120048e-01	   5.2539914566807833e-01	   6.1854861580239373e-01	   3.8118289953198908e-01	   3.0236646964460612e-01	   4.1479042691361734e-01	   4.2377809468296396e-01	   2.9622553534852808e-01	   6.3663012919065773e-02	   2.6998279971777783e-01	   2.8484811633429979e-01	   4.9228652984379853e-02	   5.0408146705050269e-02	   2.1158717685601897e-01	   1.1575031209347314e-01	   4.5531604766855971e-01	   3.6242940368505844e-01	   1.8614176642341812e-01	   1.6739717559131012e-01	   3.4133738649038270e-01	   3.6621000507730861e-01	  -1.3485859376560880e-01	  -1.8352938412078781e-01	  -1.9300166646864345e-01	  -1.1937473282298386e-01	  -3.1449151899129490e-01	  -1.4941428141025487e-01	   1.3858384903023388e-01	   4.9976497824814517e-02	   2.8229651319942861e-01	   3.3379590942187953e-01	   4.1876738019673782e-01	   5.0234889504604263e-01	   1.0923015395705740e-01	   6.7027362304520513e-02	   3.6677684080124950e-01	   3.6955502749121838e-01	   1.7062535383475150e-01	   2.5983755301902356e-01	   3.1602996403482098e-01	   3.2077907034997200e-01	   1.3884937878448969e-01	   2.2274993153327138e-01	   3.3669661214761537e-01	   3.0787825801386870e-01	   2.4313955968430134e-01	   1.7448021901577188e-01	   7.3356116339895794e-01	   3.5586839275177223e-01	   6.4705114526944763e-01	   3.8418819167453055e-01	   9.9723809685189554e-02	  -5.5881613086224136e-02	   5.0681052372635784e-03	  -9.8749874383254527e-02	   3.1762784618122220e-01	   1.7071326078496998e-01	   3.4487334767133859e-01	   1.9682662825542019e-01	   3.7994639962363669e-01	   2.6449706715193838e-01	   3.8583786297978551e-01	   1.9722699600254978e-01	   5.5805923513699382e-02	   1.7697480951638044e-02	   3.0417963024595818e-01	   1.2137654312693238e-01	   5.2244341341995626e-01	   4.8179130827044381e-01	   2.6890785934644729e-01	   4.5255447114808922e-01	   3.3690495585267716e-01	   3.9854921741114219e-01	  -1.5168892720511645e-01	  -1.6753921086439330e-01	   3.5677989067443566e-01	   2.8135672378196430e-01	   2.9872236811619668e-01	   7.0507725874123447e-02	   2.9243958891779986e-01	   2.3225028202997938e-01	   1.2450722525941547e-01	   1.5954091780834490e-01	  -3.0062655610804630e-02	   1.2618702897151510e-01	   2.7621756323112118e-01	   3.4129667450964724e-01	   2.7745200788482094e-01	   3.0551833792786942e-01	   2.8916667644850180e-01	   2.5516109332398668e-01	  -2.3284960630762816e-01	  -4.8968424030875735e-01	  -8.2679810744657106e-02	   1.3826331123366703e-01	   1.0925783631657621e-01	   1.2073940248948417e-01	  -1.4524789628659052e-01	   1.6736209621974499e-01	   3.2184300689010620e-01	   2.0178578019105159e-01	  -5.1277425402265805e-02	  -4.1368449483010369e-02	
   2.2088045325881217e-01	   3.8221661669465584e-01	  -2.1639335992771090e-02	   5.6985439515900260e-01	   2.3214425318157633e-01	   5.1543927239017573e-01	   3.9671671336661951e-01	   6.9188701673519448e-01	   3.8233076969754459e-01	   5.8100321833631785e-01	   6.1755019844600378e-01	   0.0000000000000000e+00	   5.6656722126211390e-01	   8.8785910702690063e-01	   2.7011141823025836e-01	   5.9497607013793052e-01	   3.6730980606323038e-01	   3.2839884191057223e-01	   2.6223296115589384e-01	   4.7517409650453424e-01	   1.8916059141712721e-01	   5.6080849549680865e-02	   1.1351172260872078e-01	   2.8697992950179230e-01	  -5.0626187849595619e-02	   1.0447417964781919e-01	   4.9823252307786739e-02	   5.1359309898915663e-02	   4.2343992467471908e-01	   5.1286542548368796e-01	   1.4755871652373009e-01	   2.7241730669038844e-01	   3.1106910519061759e-01	   4.9649523771277992e-01	  -2.8358227876164926e-01	  -6.9759729888215369e-02	  -8.3936743375193329e-02	   1.2366131418549073e-01	  -2.5811066529643201e-01	   9.0575965703825151e-04	   2.8590328239492119e-01	   2.4948290733715750e-01	   3.6356541065262893e-01	   3.6611991222715690e-01	   4.1631388512238882e-01	   5.6426027792576061e-01	   2.9651944386639140e-01	   1.9555348939924333e-01	   3.5119287743203226e-01	   3.3691822923044490e-01	   1.4423970200852060e-01	   4.7749757095054197e-02	   4.2230577589046092e-01	   2.6446363951972329e-01	   1.8866906608469330e-01	   3.4960030952173032e-01	   2.9650946181149651e-01	   2.7432291377530077e-01	   1.6315219225059435e-01	   4.3441460213684469e-01	   5.5980264383626732e-01	   7.1178584502325482e-01	   4.8955049464133094e-01	   6.2298672931514743e-01	  -1.5782571126042166e-01	   5.3532540243077131e-02	  -4.0054514526333344e-02	   8.7866115817499577e-02	   1.7013072965722059e-01	   1.4461816134972455e-01	   3.2861426479864353e-01	   3.4013332958359405e-01	   4.8426130594096761e-01	   4.7892816649870656e-01	   4.8739629939801654e-01	   4.8346316124505029e-01	   5.6066510629231438e-02	   1.9999112394873098e-01	   3.1971148094991697e-01	   1.3680958975450275e-01	   5.9338274009843972e-01	   4.6773863021551532e-01	   1.6955162993456310e-01	   4.6561441927253960e-01	   2.0119190452681546e-01	   3.6155425330354968e-01	  -1.4923828481610169e-01	  -1.2669707009843589e-01	   3.8161595280522786e-01	   3.8325214456766971e-01	   3.7013530371831793e-01	   1.1319638513881430e-01	   3.9358801153416756e-01	   1.9018944169299087e-01	  -9.5042279283921158e-02	  -5.5976918020959152e-02	  -1.0955886950932112e-01	   4.1881739246653490e-02	   3.8989717082483910e-01	   3.4215322150477989e-01	   3.8017996154150852e-01	   1.8225791745690878e-01	   2.8501960670095283e-01	   1.9439278021540812e-01	  -2.6087114882376633e-01	  -3.8388918340284578e-01	   1.4767249789349363e-01	   1.6458519007865269e-01	  -1.0889010045739266e-01	   7.3609724796226877e-02	   9.8710197662318047e-02	   1.9292918079210319e-01	   2.3344917773939972e-01	   7.6492264244200692e-02	  -1.1478435481323737e-01	  -1.3390441956029711e-01	
   3.5708474905324894e-01	   4.1202750208906702e-01	   3.7889302317214346e-01	   5.0574807528023402e-01	   6.3240403343258944e-01	   4.9090202147161571e-01	   6.3935069516834342e-01	   4.3009136057936864e-01	   7.4968729216670027e-01	   5.3919794370133323e-01	   7.7905992313786543e-01	   5.6656722126211390e-01	   0.0000000000000000e+00	   7.2517873930508181e-01	   7.3485732063062836e-01	   7.1786389861610234e-01	   1.2259211075870641e-01	   1.0150434066608577e-01	   3.6274176579028150e-01	   3.7229367556413495e-01	   3.4807404524854973e-01	   1.0574527107274127e-01	   4.1573575854083855e-01	   4.6536903242782640e-01	   1.5210691440416135e-01	   1.1333980436401644e-01	   2.9182403513978322e-01	   2.2804093498159084e-01	   2.0773938142811771e-01	   1.7254468272501586e-01	   1.9294170380227121e-01	   2.0626478396720932e-01	   3.1632080856693767e-01	   2.9526362812902357e-01	   3.8744468822528397e-02	   6.9805907776218812e-02	  -1.5346331810650551e-01	  -1.1044332660867322e-01	  -2.5849122819342685e-01	  -1.6279043652189723e-01	   1.7313627470162618e-01	   6.4753264289293830e-02	   3.1645727932150070e-01	   3.7538532238398392e-01	   3.8095910246894482e-01	   5.2537494357189307e-01	   1.7521627340420992e-01	   1.0419030655994961e-01	   3.6102560422783120e-01	   4.6451890619366454e-01	   1.9709049831135428e-01	   2.1652700687302270e-01	   3.9844971943175367e-01	   4.1553808604696024e-01	   2.6923062142950810e-01	   2.1959852510771635e-01	   1.3590455777539473e-01	   2.1241383271844080e-01	   3.0892476764055876e-01	   2.3457302300530239e-01	   7.5754298549890886e-01	   4.4869412732453196e-01	   4.3248910907867383e-01	   1.9752850726642385e-01	   2.9889056789290136e-01	   8.7504762913091644e-02	   1.0225296274163639e-01	  -4.9395849481669113e-02	   3.5199185204951766e-01	   1.6582654414212766e-01	   3.2000346281793546e-01	   2.1619643460041760e-01	   3.7555195744273068e-01	   2.6888433364593523e-01	   4.5127662927714146e-01	   2.5578204562195750e-01	   4.8172843288410685e-06	  -6.6579100484453271e-02	   1.3700240675381747e-01	   6.4016995221504586e-02	   3.5702365493617849e-01	   4.7681751453327370e-01	   3.0894581536630894e-01	   4.3616982941037502e-01	   5.3254703488133270e-01	   5.8216727428005210e-01	  -1.1163290137756848e-01	  -9.7185921399282199e-02	   4.3840737138439995e-01	   3.6140330135767074e-01	   2.3423742572978409e-01	   1.0820885911950694e-01	   2.6464065801485387e-01	   2.7990716194836002e-01	   2.1231343836997413e-01	   2.5665048553856817e-01	   7.9428111964074455e-02	   1.9170985653716005e-01	   2.3024136459132585e-01	   2.5892102211916496e-01	   1.5234475590118743e-01	   2.9844179563450435e-01	   1.5504177676012448e-01	   2.0444019785004322e-01	  -2.2760209106772089e-01	  -4.5251198324634828e-01	  -2.3976843111897089e-01	  -4.1999438764633412e-02	   2.3763063617338073e-01	   1.6578351002822972e-01	  -2.0121757817555036e-01	   1.3169491251409551e-01	   3.4813142603065850e-01	   2.1193971210373880e-01	  -3.7004952758580581e-02	  -2.2610793092358614e-02	
