   0.0000000000000000e+00	   7.7589909505611865e-01	   5.2635018636968900e-01	   5.6393381223971295e-01	   2.3069985774610244e-01	   3.0850215417930071e-01	   6.5070516526843492e-01	   6.4235073630041528e-01	   1.3174372357826442e-01	   1.2772563487586971e-01	   7.6244853885984720e-01	   7.0862437019634050e-01	   7.4426059941421030e-01	   7.3923268654639540e-01	   6.7521593528148638e-01	   6.7180245786583459e-01	   5.8568445366738975e-01	   6.9602043660620150e-01	   7.9064765948005578e-01	   7.8070454596315153e-01	   6.1568736010819913e-01	   6.1856800415550850e-01	   5.2953569807493139e-01	   5.5116104998140947e-01	   3.9917850148029516e-01	   3.3653848928297503e-01	   2.0957608156093882e-01	   3.1015622541733828e-01	   5.8424163656798833e-01	   5.9688084850971523e-01	   5.0548662978183190e-01	   4.8919983700737379e-01	   7.3411638240184240e-01	   7.0428583844504200e-01	   2.1959072292912291e-01	   3.6869114113524870e-01	   4.1786805474174915e-01	   5.0365030186929771e-01	   6.4894549947217084e-01	   6.4495823642379113e-01	   7.8172113893589956e-01	   7.3521943578643223e-01	   3.4754462440621059e-01	   2.6354795760213079e-01	   1.7204667873692925e-01	   1.4632595695996209e-01	   3.2948428087349474e-01	   3.6646365198247433e-01	   2.3778442977099040e-01	   2.0611045221218749e-01	   5.1049470965027655e-01	   2.9685703224076426e-01	   5.3454384467956118e-01	   4.1617173077019393e-01	   5.9189590119058033e-01	   5.3156552817906499e-01	   8.3845548290981331e-01	   6.9851520864470640e-01	   7.6743387452261924e-01	   7.6027770462478683e-01	   7.3921271120857168e-01	   5.7693287503705726e-01	   5.3591670392705326e-01	   6.3464685606521853e-01	   2.6961488694856489e-01	   3.5412526277193201e-01	   4.9769576907880220e-01	   4.8883673838545211e-01	   7.2236393078113448e-01	   5.5746865454172223e-01	   4.2403491464030491e-01	   4.7441463001646333e-01	   7.8270640493772348e-01	   7.5558535576530728e-01	   7.9715796916821269e-01	   7.2508251950826519e-01	   7.9975166872057957e-01	   7.1691143109584055e-01	   6.0574188335063539e-01	   7.8339827199622181e-01	   6.9119479088830038e-01	   7.2930035591974440e-01	   7.6040353956537110e-01	   7.6369050877356881e-01	   7.0413506323307740e-01	   6.7594843790298098e-01	   4.6693464598940237e-01	   4.6997028551545128e-01	   6.9443172518156537e-01	   7.0225185469739149e-01	   4.5465088352618799e-01	   4.8304380769804367e-01	   2.8856686007837073e-01	   5.2223297026075999e-01	   1.3574876326551838e-01	   4.8247682834239558e-01	   4.8309272436711914e-01	   6.1835272898653015e-01	   5.3537397165110601e-01	   6.4322644560261399e-01	   4.0034745372187136e-01	   6.8644817552374093e-01	   5.5145823311143272e-01	   6.8439927790682942e-01	   8.8701720449033697e-02	   1.3642237791976081e-01	  -1.7781339198483434e-01	   2.7222663604451869e-01	   2.5660455565841211e-01	   1.2113403755503821e-01	   5.7595391570491472e-01	   6.3072046577567242e-01	   5.7131622590306441e-01	   6.6099315698525407e-01	   3.5697337317166200e-01	  -3.3752073260385773e-01	
   7.7589909505611865e-01	   0.0000000000000000e+00	   3.2979217314539022e-01	   4.6915132053202369e-01	   1.1558008338563730e-01	   2.5790201514067274e-01	   4.1030396327912211e-01	   4.9896530379526027e-01	   1.1469580780971933e-01	   9.3212227352220983e-02	   5.6102969225732746e-01	   5.7734626226699093e-01	   5.4527557628787426e-01	   5.7775740558135047e-01	   4.6083436620819629e-01	   4.7073803684566218e-01	   4.6971748163265964e-01	   6.1348518507353966e-01	   6.1513697974379311e-01	   7.1406643771528999e-01	   5.2702185746519137e-01	   6.0067466378004342e-01	   3.0485433559826303e-01	   3.5538598326131449e-01	   2.6873534197842514e-01	   2.6249088116297759e-01	   2.8735268755348298e-01	   4.1574868722281161e-01	   4.0470875623936620e-01	   4.2349276130119118e-01	   2.5934681422744571e-01	   2.6346154001168526e-01	   5.7411837887532935e-01	   5.8487255439307584e-01	   1.7874026553516692e-01	   3.1794630308542043e-01	   4.2827007567275777e-01	   5.0363888874493268e-01	   5.2613692678395985e-01	   5.1160950270358463e-01	   5.7925691331317997e-01	   5.6796471805740267e-01	   3.6263598964171517e-01	   3.0736797595971699e-01	   1.8755169061725213e-01	   2.0108297531697689e-01	   3.4934423937400094e-01	   3.6643712487317182e-01	   2.5928070302707362e-01	   2.3010713922730797e-01	   4.7018449416827368e-01	   2.8577987364896840e-01	   4.6971798426745215e-01	   3.6941470515802988e-01	   5.0918091102178220e-01	   4.4995067168419661e-01	   7.5078442749200736e-01	   8.6531238184191006e-01	   5.6854561175163254e-01	   6.7440667537567056e-01	   5.7185965181570220e-01	   4.7422259608511796e-01	   3.8474427270152201e-01	   5.2688980980430156e-01	   1.5562983770799663e-01	   2.9707795986044250e-01	   3.6409349680736208e-01	   4.1938691232389846e-01	   5.5422174062189078e-01	   4.3428986900690414e-01	   3.0748920042041367e-01	   4.0370136601045659e-01	   6.1113143505042034e-01	   6.6806904317564753e-01	   5.8396733022405578e-01	   6.1566529656660829e-01	   5.8683134860872888e-01	   5.9262427683331942e-01	   5.0784824143365870e-01	   6.7180946362045579e-01	   5.8397368222771728e-01	   5.9328583286939529e-01	   5.0219961050789108e-01	   5.0600400792454714e-01	   5.5274994608900963e-01	   5.6036215500494457e-01	   2.7702047180064004e-01	   3.0491214863473354e-01	   5.0654358863294502e-01	   5.2303185866097135e-01	   3.7526106618614030e-01	   3.6431137584243273e-01	   2.5817822718241634e-01	   4.0588168877412334e-01	   1.2722107440384675e-01	   5.1113934705601938e-01	   5.5268861075180342e-01	   5.6126536646408365e-01	   5.1864758255383603e-01	   5.6300864543654627e-01	   3.3528576837022334e-01	   5.6668752713060011e-01	   5.1756175172609020e-01	   5.7424196232778579e-01	   1.7340635822202624e-01	   1.1308877971642647e-01	  -4.2276897044522491e-02	   2.2641577532754242e-01	   2.2086478873341225e-01	   7.2249568290205762e-02	   5.4962781908894009e-01	   5.7465867290684935e-01	   5.1769870268072871e-01	   6.2617367162052739e-01	   3.2629867127416901e-01	  -1.8766792316718583e-01	
   5.2635018636968900e-01	   3.2979217314539022e-01	   0.0000000000000000e+00	   7.3878087066080778e-01	   7.4037901420783747e-01	   6.4159827915531253e-01	   8.8269773593716938e-01	   5.3929754230436955e-01	   5.3593739196320767e-01	   5.3623215215024389e-01	   4.5631489921512813e-01	   2.9474345016594794e-01	   5.8143604371126489e-01	   5.0188594700544620e-01	   8.4892746040512845e-01	   7.2429833641154739e-01	  -5.8331328963505236e-02	   1.1054699445496050e-01	   6.4110837861311465e-01	   5.0379395792621251e-01	   4.4677870965844624e-01	   4.6863045443027646e-01	   9.4134405178770564e-01	   8.4479780708639818e-01	   9.0950722852900390e-01	   7.7901183307765687e-01	   6.8518432829447873e-01	   5.4909229655764547e-01	   1.5719485148273801e-01	   1.8949434516730965e-01	   7.8788096883750280e-01	   7.0825116266077737e-01	   5.3575184285628819e-01	   4.8488779912974622e-01	   5.7517774462277571e-01	   4.1911474236125917e-01	   5.1781272978659265e-01	   5.1557646066896357e-01	   6.8927520464247305e-01	   6.1701736144437591e-01	   4.2865864703983270e-01	   4.0385435544143056e-01	   4.9866474733172128e-01	   4.3292295702118533e-01	   4.3841551310490900e-01	   3.6836341881133655e-01	   4.4941727982550833e-01	   4.4935087984412669e-01	   4.8313639037521350e-01	   5.0700456583086539e-01	   6.4270802488370538e-01	   5.4113368658374383e-01	   6.3017992417477142e-01	   6.4342238301446963e-01	   6.7698996276105672e-01	   6.5580943420006488e-01	   1.9442166744287137e-01	   2.2076798965555935e-01	   5.1018994455185307e-01	   3.9307231066448794e-01	   5.0989102650668516e-01	   3.2614643054154363e-01	   4.7883584468750504e-02	   1.1200005288189763e-01	   8.0080520241829256e-01	   4.8443364340999867e-01	   5.4896818483010934e-01	   4.2646547667720314e-01	   6.4201617121819998e-01	   5.0364358868009229e-01	   6.0037695726257123e-01	   5.4817058953543429e-01	   4.3506351545735350e-01	   4.8643747647376362e-01	   5.4678422732539778e-01	   5.5883533154581788e-01	   4.6456842451161751e-01	   3.2434752602447303e-01	   2.0074528148725546e-01	   2.8430702165803390e-01	   1.8555703811996485e-01	   4.0504353242179209e-01	   7.5038049157360454e-01	   6.8044832172251701e-01	   7.1042506880383605e-01	   6.8492536297757123e-01	   8.2448765349715625e-01	   7.9784222517189474e-01	   8.7261335054721179e-01	   8.4719912123944652e-01	   5.6674031963433791e-01	   6.0463554857685231e-01	   4.6552107055593167e-01	   6.9767022761964292e-01	   8.0648660233265612e-02	   3.4112395420042796e-01	   4.8767360085211980e-01	   5.2793582720544807e-01	   5.1150570063633172e-01	   4.9662476224041274e-01	   4.0580864480433165e-01	   4.7889540152611243e-01	   4.0235198383734982e-01	   5.5491692060451880e-01	   3.3917553724412119e-01	   4.5170526377884906e-01	   4.9397998069663746e-02	   2.5384674760001263e-01	   1.2028700131088743e-01	   2.9826945679762173e-01	   5.1758642268378752e-01	   4.8597015672952459e-01	   4.7526332878162253e-01	   5.7226304913128345e-01	   5.1440078682252899e-01	  -1.1870076784542176e-01	
   5.6393381223971295e-01	   4.6915132053202369e-01	   7.3878087066080778e-01	   0.0000000000000000e+00	   5.5892145020580963e-01	   7.5992044619588661e-01	   7.2651428142393004e-01	   8.2996848474837104e-01	   3.5151526006874456e-01	   5.2805615886818558e-01	   3.4940835909486745e-01	   4.2591775852389535e-01	   4.0719663053335342e-01	   5.1766874541480234e-01	   6.5746801596138837e-01	   7.5841158633204253e-01	   7.7590834656947535e-02	   2.1055176167696868e-01	   6.6833490393660899e-01	   6.5709667711152031e-01	   5.7751399380357937e-01	   6.4483537881751585e-01	   7.6355745528695451e-01	   8.7062301548878351e-01	   7.2053336781742083e-01	   7.3946495294495906e-01	   5.4346659408267417e-01	   5.6699024685760024e-01	   2.1357053462403289e-01	   2.8139262432177720e-01	   6.9910507592171189e-01	   7.6125909156832061e-01	   6.2678090279486054e-01	   6.8480293726784458e-01	   4.7358498891530093e-01	   5.1997691777953570e-01	   4.7463030446153720e-01	   4.6265213125885341e-01	   6.6190694859603316e-01	   5.5926593201265506e-01	   5.2082975415301092e-01	   4.4467672326408325e-01	   4.8641289134684207e-01	   4.1089936889620710e-01	   4.3028147098263847e-01	   3.5810403727478474e-01	   4.4575773092686632e-01	   4.5682101588739787e-01	   4.2294417210798679e-01	   4.3191819603508730e-01	   5.3530628361151522e-01	   4.1726909468129675e-01	   5.8764479993003105e-01	   6.2589946607022240e-01	   6.0330520602221094e-01	   5.9306926157839868e-01	   3.5142477413258189e-01	   3.3927467839945713e-01	   5.6476302192886296e-01	   6.4199677597149396e-01	   5.3417170225042276e-01	   7.2946465249522507e-01	   7.3752052553547442e-02	   3.1219179768557415e-01	   6.2462778321074963e-01	   6.3545121802788140e-01	   6.2952968785181085e-01	   6.1645086003754357e-01	   6.9004671535395401e-01	   6.0562074989026571e-01	   4.0090737504703583e-01	   5.2607389272434579e-01	   4.3389896175305082e-01	   5.0264756917818298e-01	   4.9793607320396788e-01	   5.6911745488947485e-01	   4.5211325562131199e-01	   4.5725976220225151e-01	   3.3084718564568827e-01	   4.4180339878346037e-01	   3.6953886159561272e-01	   4.8415483221049110e-01	   6.6379274967549962e-01	   7.4732599333751948e-01	   6.7480262296593008e-01	   7.2889024685028658e-01	   6.3065581267617876e-01	   6.8803865288231747e-01	   7.8155441310263685e-01	   8.9727515001428204e-01	   7.4266821519543536e-01	   7.0085314402389642e-01	   7.8310873401610781e-01	   7.4028049347964697e-01	   2.9205747273234811e-01	   5.5828898223363688e-01	   5.7458759344439270e-01	   6.3338899931508674e-01	   6.0275222012707341e-01	   6.2965846793866509e-01	   7.4945537749956559e-01	   6.5231670760482396e-01	   6.8429772837438929e-01	   7.2341143687114073e-01	   4.0343931453413834e-01	   4.1177509902512849e-01	   1.8183709534764711e-01	   4.5950465481756458e-01	   3.7677822040979364e-01	   3.4774424898226725e-01	   6.6924887908779018e-01	   6.3066120592121067e-01	   6.2713510481303136e-01	   7.1758381152032413e-01	   5.5475470918815994e-01	  -1.0888293355591008e-01	
   2.3069985774610244e-01	   1.1558008338563730e-01	   7.4037901420783747e-01	   5.5892145020580963e-01	   0.0000000000000000e+00	   6.8950935233330535e-01	   7.5916115063332312e-01	   4.8191560541013045e-01	   7.5303042889405414e-01	   7.4433331917640322e-01	   2.6940768292805206e-01	   1.3503495611377386e-01	   2.7556201254775781e-01	   1.6049740450290634e-01	   6.0825896969604865e-01	   5.2907518787332586e-01	  -6.1848669950925000e-02	   1.0261297279067889e-01	   4.9605400410235301e-01	   4.1169406862173297e-01	   2.7744989672423359e-01	   3.6893434062118580e-01	   6.5434652351449663e-01	   5.6720090182766336e-01	   7.6126672292956876e-01	   7.0325759816410538e-01	   6.7654508934685786e-01	   6.5638371152031127e-01	   2.3320396768871102e-01	   2.1786175428732155e-01	   7.0075850288816988e-01	   6.3876194174848333e-01	   3.7057702314903773e-01	   3.7529626490147699e-01	   2.1647861837346632e-01	   7.8607308420602401e-02	   2.1171032581077898e-01	   2.0415779044355301e-01	   3.5843432320957358e-01	   2.6487668083407934e-01	   2.3903464969068883e-01	   1.6526258780113262e-01	   4.0335518551471500e-01	   3.4733573882851726e-01	   4.2665348059962360e-01	   4.0243257844556507e-01	   3.9046019916553365e-01	   3.7526384143914093e-01	   5.5746191934063594e-01	   5.3535554600873636e-01	   4.8585672025223237e-01	   5.2416033399227013e-01	   5.4715257519267047e-01	   6.4343837328635134e-01	   4.3902113515603963e-01	   4.4529604325922867e-01	   1.4435537775238268e-02	  -7.9947596314191433e-03	   3.4739860317314497e-01	   2.6569687599266373e-01	   3.7220249046435483e-01	   2.3151584257391172e-01	   7.0045981171257113e-02	   1.3708109178326594e-01	   5.0531482573370590e-01	   1.7876168474790596e-01	   2.9806206436156935e-01	   2.3222561265899555e-01	   4.0800344734179966e-01	   3.2778087204608014e-01	   5.2678946959404827e-01	   4.3475028547521044e-01	   3.1619388935345766e-01	   3.7886852766144574e-01	   3.4686551898417672e-01	   4.1990499633881329e-01	   1.1968023927421251e-01	   6.2430593728362238e-02	   1.2009217056822533e-01	   1.5189957792821532e-01	   1.5228123925264730e-01	   3.2866050429998084e-01	   5.6727511026255362e-01	   4.4943655499985080e-01	   4.1649893184156006e-01	   4.4514013060444796e-01	   5.2352127113559521e-01	   5.2901111313295912e-01	   5.1740404947642760e-01	   5.6263139313671051e-01	   4.9917382222733053e-01	   5.2587139342085309e-01	   3.4257488127932190e-01	   5.0629225774354214e-01	  -6.9273900751687711e-02	   9.4256035573934305e-02	   2.3165652229603872e-01	   2.5431834201573500e-01	   4.1613004114138119e-01	   3.8332581440995317e-01	   3.9696989455212633e-01	   3.8984069870303861e-01	   3.1184429495934440e-01	   4.1236755008390263e-01	   2.4590311593509034e-01	   3.7680593833129628e-01	   2.0461031923600390e-01	   2.4206841323756551e-01	  -7.1817060110924294e-03	   1.4525210221999643e-01	   2.7740094336028032e-01	   3.0748586894913787e-01	   3.3587117665991861e-01	   3.5606228223488690e-01	   2.9265543468793476e-01	   2.4152075929482191e-03	
   3.0850215417930071e-01	   2.5790201514067274e-01	   6.4159827915531253e-01	   7.5992044619588661e-01	   6.8950935233330535e-01	   0.0000000000000000e+00	   5.9545337605203330e-01	   6.3716598293252447e-01	   6.3407435555589764e-01	   7.8995801718890235e-01	   2.1635697953340532e-01	   2.4365615416280600e-01	   3.0333747244813247e-01	   3.6212894075436897e-01	   5.5847940428718679e-01	   5.8834957475118199e-01	   3.1771247714986690e-02	   1.0597443896160538e-01	   4.6210549656933736e-01	   4.3076718423745058e-01	   4.8119228221839272e-01	   6.2997401963895616e-01	   6.5994459201368327e-01	   7.2671312463514681e-01	   7.6199147665643452e-01	   8.8663386007177214e-01	   7.9474046845542845e-01	   8.3276487629676321e-01	   9.6738566165889828e-02	   1.4137293613356705e-01	   5.9403247953988692e-01	   6.4868295988797753e-01	   4.6860022341810814e-01	   5.2870577716638389e-01	   4.8280059295168570e-01	   4.7085796892010290e-01	   4.4637333208376895e-01	   4.2449735770848085e-01	   5.3736829974274380e-01	   4.2063492981446360e-01	   4.2982506320736680e-01	   3.6413525487945575e-01	   5.4175260664539349e-01	   4.7637353737830446e-01	   5.1182784180742413e-01	   4.8509746674591059e-01	   5.0731635275261366e-01	   5.0293412173864782e-01	   5.3562036345782449e-01	   5.6352301451621156e-01	   5.5938181708668422e-01	   5.0361358226989017e-01	   6.2370608962676855e-01	   6.5326325383167116e-01	   5.3582740129544948e-01	   5.1836855664854276e-01	   1.1904653407747397e-01	   1.4640218529655785e-01	   3.9326573630185713e-01	   4.2282420273041427e-01	   4.0728946283232748e-01	   5.6635142074437317e-01	  -1.8069475662455488e-02	   1.0940500552976883e-01	   5.9133777400685983e-01	   5.3529201670225413e-01	   5.2059512884985892e-01	   5.1504297273379418e-01	   4.8179731404598314e-01	   4.3577504319802940e-01	   4.7640894684598400e-01	   5.4923762263657472e-01	   3.4250285628426147e-01	   4.5771128625221308e-01	   4.1505406242780368e-01	   5.4827102289714902e-01	   2.4566492049361571e-01	   2.4467911551422744e-01	   3.0943347933111193e-01	   2.6461732931516918e-01	   2.9559127126548146e-01	   4.1439445952788723e-01	   5.2484878126899592e-01	   5.2656226966247677e-01	   5.8714144512562660e-01	   6.3509422744654698e-01	   5.6800771877862322e-01	   5.6663149351370146e-01	   6.3994658160777962e-01	   6.9769529328331648e-01	   5.7509804417063537e-01	   5.1148329867574727e-01	   6.4706093615382121e-01	   5.6996227417546230e-01	   7.3425632109937827e-02	   3.9532261676544889e-01	   4.3726972703364508e-01	   4.2796858431718249e-01	   5.1344857980880387e-01	   4.7767275346428606e-01	   5.6178605423598760e-01	   4.1158530571857155e-01	   4.7439878120241874e-01	   4.9904334548098733e-01	   3.3415844806313544e-01	   3.2260866534910154e-01	   2.2447004713554924e-01	   3.4767356699580004e-01	   1.4751153529014327e-01	   9.2647135533244412e-02	   4.8078053243670732e-01	   4.6008821420119306e-01	   4.6618795997257856e-01	   5.8243256665900067e-01	   4.3407356130663310e-01	  -2.1442077568058601e-02	
   6.5070516526843492e-01	   4.1030396327912211e-01	   8.8269773593716938e-01	   7.2651428142393004e-01	   7.5916115063332312e-01	   5.9545337605203330e-01	   0.0000000000000000e+00	   7.2574401176894621e-01	   5.4668781731041904e-01	   5.7258148355207261e-01	   6.2179625525700688e-01	   4.9308407489670780e-01	   6.3769209884847922e-01	   5.6727565935008750e-01	   7.9858803776042242e-01	   7.4702364843254743e-01	   1.3828229938603998e-01	   3.2360148679322442e-01	   7.1273007859265969e-01	   6.2579493624158777e-01	   5.0080840617609435e-01	   5.4337647180192539e-01	   8.0333058494339482e-01	   7.4545606689441690e-01	   7.6818075586376855e-01	   6.5278185104609365e-01	   5.1329357044132129e-01	   5.0971569042310616e-01	   4.5135469579575344e-01	   4.3579280895491540e-01	   8.0204804292627541e-01	   7.3023280834624804e-01	   6.8087878080361264e-01	   6.3391059367841940e-01	   3.6894191166007484e-01	   3.3417169767856342e-01	   4.0014867530639175e-01	   4.8952204399183996e-01	   6.6815755555972256e-01	   6.2060657182605006e-01	   5.6301458460420695e-01	   5.1131587033567771e-01	   4.4380739322370005e-01	   3.6257186066841707e-01	   3.9237759079338769e-01	   3.4465431941706431e-01	   4.3249296895809608e-01	   4.3387903899032837e-01	   4.9222728586932946e-01	   4.8094672885183121e-01	   6.6682776853567771e-01	   5.4651411934500227e-01	   6.5779528772333007e-01	   6.3182225474963116e-01	   6.5604254884239965e-01	   6.0711281521452687e-01	   3.4998588324717089e-01	   2.4932657708889100e-01	   6.5491105117952220e-01	   5.3150880372362375e-01	   6.9786952609866004e-01	   4.5021625537305110e-01	   3.8605224435073160e-01	   4.4943131863744368e-01	   5.8087162480363941e-01	   4.2774318667758021e-01	   5.8024862615050743e-01	   4.9061323269724311e-01	   6.6820838770054536e-01	   5.3077202864818529e-01	   5.5854108394682223e-01	   5.1906429249531261e-01	   5.9863633300057340e-01	   5.8990681103448328e-01	   6.4899280713893404e-01	   6.3202967061361615e-01	   5.5755960338578325e-01	   4.2670227752250722e-01	   3.5047635471323124e-01	   4.4933448499632572e-01	   4.2139727479680555e-01	   5.8650623806358604e-01	   7.9865379495489164e-01	   7.5267612602050504e-01	   7.0768232338064530e-01	   7.0537871259262785e-01	   6.5314166894805181e-01	   6.7951627277829929e-01	   7.9964258897798368e-01	   8.2561450984988649e-01	   6.0220218459778818e-01	   6.3988415534444198e-01	   3.9711206546931438e-01	   6.5216157584291845e-01	   1.0860077127909484e-01	   3.6902470257266534e-01	   4.6050252081343912e-01	   5.2894141794676675e-01	   5.5750571058924869e-01	   5.5575221958312260e-01	   5.2223821738136789e-01	   6.4246021754365523e-01	   5.2761571189376377e-01	   6.5869249006224873e-01	   2.2780449674644934e-01	   3.7542268764097625e-01	   2.8175037949314610e-02	   2.8406969335218768e-01	   1.2207290334073570e-01	   2.6890972889958581e-01	   5.3449759070258163e-01	   5.4323222717455710e-01	   5.3179694000290734e-01	   6.0181856507433218e-01	   4.3803891850282217e-01	  -1.7968987656483437e-01	
   6.4235073630041528e-01	   4.9896530379526027e-01	   5.3929754230436955e-01	   8.2996848474837104e-01	   4.8191560541013045e-01	   6.3716598293252447e-01	   7.2574401176894621e-01	   0.0000000000000000e+00	   4.0096953504346172e-01	   5.5407065478055628e-01	   6.0076249320602537e-01	   6.9404751962684574e-01	   5.7337913180418276e-01	   6.6702402059186250e-01	   6.2644151622958111e-01	   7.5287545441248482e-01	   2.1395361359028253e-01	   3.4388759207741132e-01	   6.4226644253515297e-01	   6.6068308862265934e-01	   4.9731764279259516e-01	   5.9828909637272487e-01	   5.5510911824869680e-01	   7.1946150407397014e-01	   4.6330178699763080e-01	   5.0601292532666697e-01	   2.9400155037195436e-01	   4.4924793669837415e-01	   4.6310932747469935e-01	   4.4773322189364212e-01	   5.6593149868108583e-01	   6.3689915078030312e-01	   6.6057737834018937e-01	   7.3631587905880069e-01	   2.8566322287890195e-01	   4.1537814209146839e-01	   2.9026451639513362e-01	   3.9090150502884596e-01	   5.2262810171201912e-01	   4.9412713576453920e-01	   6.0167268807099161e-01	   5.0872969928053280e-01	   4.1088585725550464e-01	   3.4842263759919734e-01	   3.6597330695837793e-01	   3.5650174935123552e-01	   4.0646377222512498e-01	   4.1672437669321893e-01	   4.2279667735131765e-01	   4.1364165279705190e-01	   5.3172526690856714e-01	   3.7289898410135475e-01	   5.2507856669781183e-01	   4.9910963344777093e-01	   5.5122726861232374e-01	   4.8262267427048022e-01	   3.9387846653320890e-01	   2.6953937880743550e-01	   6.0823423858225856e-01	   6.9332488565990791e-01	   6.9181754957223018e-01	   8.3059926245472482e-01	   3.9572398610842063e-01	   6.1101137399624439e-01	   3.7149336963444091e-01	   5.5126532201236145e-01	   5.5214174581916087e-01	   5.9545112961256841e-01	   5.5326864864325653e-01	   4.7515795847156184e-01	   3.3771959714151245e-01	   4.8522631646472997e-01	   5.2302302761537034e-01	   5.3373906794878034e-01	   6.0086163203699927e-01	   6.3755389470403312e-01	   5.2669517319604742e-01	   5.3839889668808139e-01	   4.2230257690176776e-01	   4.8963010971327742e-01	   5.6118441039947686e-01	   6.2376075260936326e-01	   6.6010569287616516e-01	   7.4005827617967490e-01	   6.6785753046784402e-01	   7.3342091717286828e-01	   3.7499438555183207e-01	   4.5726971203704203e-01	   6.7697336502246430e-01	   7.6922072284820953e-01	   5.9463142282412873e-01	   5.3338507266375945e-01	   6.3885210158938688e-01	   5.5336043960372983e-01	   1.6076874189059470e-01	   4.8714659849397368e-01	   4.1218305740423911e-01	   5.3488096748208291e-01	   5.4656125185613069e-01	   5.6155333986655021e-01	   7.6500269904741025e-01	   7.2036144436536742e-01	   7.1986420769112258e-01	   6.8352475203210528e-01	   1.0623020363618779e-01	   1.6476275003379248e-01	  -2.3347075540823919e-02	   2.7181481847082484e-01	   3.0193640649998221e-01	   2.3116657336607185e-01	   5.3567703488061891e-01	   5.6851442683152387e-01	   5.4601613576223473e-01	   5.9287780748777441e-01	   2.7494724697122325e-01	  -3.2286687468735675e-01	
   1.3174372357826442e-01	   1.1469580780971933e-01	   5.3593739196320767e-01	   3.5151526006874456e-01	   7.5303042889405414e-01	   6.3407435555589764e-01	   5.4668781731041904e-01	   4.0096953504346172e-01	   0.0000000000000000e+00	   8.3225018793554728e-01	   3.9319297093406957e-01	   1.3829182469491116e-01	   3.2943335206724966e-01	   1.4699519317883397e-01	   5.1082591194055826e-01	   3.3640074545758869e-01	   5.8292684358973584e-03	   1.0584915015143621e-01	   2.8792075989451049e-01	   2.3078100450847422e-01	   1.0149076344255251e-01	   3.0569141807006467e-01	   4.2654165376447972e-01	   3.6655292542753265e-01	   5.3592365706970990e-01	   5.7526906823745971e-01	   5.8587618130203878e-01	   6.4019690341188817e-01	   1.8545269509634160e-01	   1.4194746918482756e-01	   4.0148630538926111e-01	   3.5043027709022057e-01	   1.7633844511441152e-01	   1.9703430085367710e-01	   1.5283118568951490e-01	   6.5057670210537488e-02	   2.2897544416709398e-01	   2.4719600811413880e-01	   2.6522213751921608e-01	   2.2366883999567352e-01	   2.3181208073661316e-01	   1.8658583912388113e-01	   4.3703422146265664e-01	   4.0693062599879043e-01	   4.0616955804487409e-01	   4.3699633968158247e-01	   4.3623773641898478e-01	   4.3032705555507511e-01	   5.6412832365790089e-01	   5.6534522103677987e-01	   4.8427986931995248e-01	   5.4547763532376037e-01	   5.0235529932820910e-01	   5.6066084325992094e-01	   4.0147908299561752e-01	   3.8178518792878086e-01	  -4.6066300234589130e-02	  -4.8105396279265078e-02	   2.5729924040524810e-01	   1.9419844719866208e-01	   3.8565224293785683e-01	   2.0905832344295161e-01	   1.5616949392088994e-01	   1.6830430654861248e-01	   3.4942144701047112e-01	   7.6274785697682784e-02	   1.3220462682500425e-01	   1.1678278239480798e-01	   1.9974521301055492e-01	   1.4683987324975700e-01	   4.2830825003437067e-01	   3.8599631308801080e-01	   3.2382905194030809e-01	   3.9239420279551507e-01	   4.0171117863986849e-01	   4.8080307834512259e-01	   5.0353689747197838e-02	   1.8211771095713626e-02	   1.5215408213611711e-01	   7.7645203593591894e-02	   2.2490967430364794e-01	   3.8501010717193618e-01	   3.9847510950066239e-01	   2.7769219907130982e-01	   3.3918848646607402e-01	   3.9998472787772205e-01	   3.0026872923761827e-01	   2.5702792443930805e-01	   3.6091946328564029e-01	   3.7465753411887653e-01	   2.3577779558776479e-01	   2.2364912655194039e-01	   1.6366235943068447e-01	   1.8789771473367517e-01	  -2.7403151997356900e-01	  -4.0199435274255790e-02	   7.2559054836724202e-02	   1.2559840650716037e-01	   3.0951475303131837e-01	   2.1838560241320187e-01	   2.5402724619059963e-01	   2.3688928632171025e-01	   1.8926835179587503e-01	   1.6103166002751440e-01	  -1.0976464740427867e-02	   1.0474316241663550e-01	   2.0635806311947329e-02	  -4.8919519436027334e-02	  -1.7079365787992837e-01	  -1.0047954127091763e-01	   1.0935412891344987e-01	   1.1098971925917422e-01	   1.0829518319059590e-01	   1.7148850057987197e-01	   3.1401797127976430e-02	  -1.6070531362615761e-01	
   1.2772563487586971e-01	   9.3212227352220983e-02	   5.3623215215024389e-01	   5.2805615886818558e-01	   7.4433331917640322e-01	   7.8995801718890235e-01	   5.7258148355207261e-01	   5.5407065478055628e-01	   8.3225018793554728e-01	   0.0000000000000000e+00	   3.1581946648789105e-01	   2.7018048042114651e-01	   2.9398322612441913e-01	   2.3484549881081290e-01	   5.1762284807377390e-01	   5.4302605618517275e-01	  -7.7711473032997316e-02	   3.8048492379452473e-02	   3.2979501506758130e-01	   2.7615369207514151e-01	   1.5601284075117988e-01	   3.7141398220004745e-01	   4.8461175438410897e-01	   5.2882919432617115e-01	   5.8127953640851571e-01	   6.6997135396937291e-01	   5.7449109862210368e-01	   6.7271322217511398e-01	   2.4143470628213476e-01	   2.5264676553792575e-01	   4.8849757666653848e-01	   4.9456749025741314e-01	   2.0323263410105818e-01	   2.5951399252857066e-01	   1.4129973382347932e-01	   3.0059053082230697e-02	   1.6624090458640078e-01	   2.2095970991233807e-01	   2.8266956376860897e-01	   1.9670493783214943e-01	   2.4764294328009248e-01	   1.8797909428585352e-01	   4.2703720335346185e-01	   4.0827340293545422e-01	   3.6293440937271831e-01	   3.9993728472575663e-01	   4.1867342719236977e-01	   4.2386648195055210e-01	   5.3521370025347625e-01	   5.5893718364648104e-01	   4.3714746166083551e-01	   4.8732472954096706e-01	   5.1361540794632543e-01	   5.5357449009691073e-01	   3.9229463345159232e-01	   3.6925042919731998e-01	  -7.7015076152131406e-02	  -1.0520724866484209e-01	   2.1716807869567933e-01	   1.7270622420515322e-01	   3.8438301700496680e-01	   3.7051826370362340e-01	   1.6134414081743137e-01	   2.4330892272501889e-01	   3.8413185692337115e-01	   1.9884620446897200e-01	   1.3211372251137640e-01	   1.1201912070500246e-01	   1.8345348040401616e-01	   1.1941950860273412e-01	   3.9967152890011559e-01	   4.6527580447665001e-01	   2.5921306255628729e-01	   3.5839470145463087e-01	   3.3691272590014620e-01	   4.7525673689940828e-01	   3.4159496800906006e-02	   4.2286146774526238e-02	   1.1947436871869836e-01	   5.7775890522474081e-02	   2.3336473994270698e-01	   3.6743533547318785e-01	   4.4466989346933616e-01	   4.2753881292805818e-01	   4.2282395860854688e-01	   4.7874878740916488e-01	   3.5746163935194586e-01	   3.3551142223885672e-01	   4.5163763465703877e-01	   4.6839463996622499e-01	   3.3320511961334875e-01	   2.6347506704276208e-01	   3.1213589747695891e-01	   2.6267705912568928e-01	  -2.6994861264329978e-01	  -1.0360353862377158e-02	   8.2329636746518942e-02	   1.2264264389977247e-01	   3.4047532374188993e-01	   2.4686301254709700e-01	   3.6294244226137595e-01	   2.8126463558010195e-01	   1.9702714813724195e-01	   2.1462538675713766e-01	   5.9298295843798574e-02	   9.5958110168353344e-02	   3.2758834748438485e-02	   3.6239223108140747e-02	  -1.1140496439888314e-01	  -2.6160055151282099e-02	   1.3736123306769193e-01	   1.5595948594698456e-01	   1.7477384551929026e-01	   2.7198008818054353e-01	   9.0489826677824459e-02	  -1.2282844203501200e-01	
   7.6244853885984720e-01	   5.6102969225732746e-01	   4.5631489921512813e-01	   3.4940835909486745e-01	   2.6940768292805206e-01	   2.1635697953340532e-01	   6.2179625525700688e-01	   6.0076249320602537e-01	   3.9319297093406957e-01	   3.1581946648789105e-01	   0.0000000000000000e+00	   7.9612394449300239e-01	   8.6739982486909573e-01	   6.8468015989721220e-01	   7.2723706171571478e-01	   6.2763794929606309e-01	   4.2254053025548854e-01	   5.1888574342307403e-01	   6.5033125325364161e-01	   6.0364842167802746e-01	   3.5201054357351808e-01	   4.4451791513189287e-01	   4.3163020370102523e-01	   4.3910396454516232e-01	   2.7837959792344147e-01	   2.1248598479120859e-01	   1.1672621301414168e-01	   2.7748838907616991e-01	   6.4834297891353798e-01	   5.9226111570629580e-01	   4.1300392988814727e-01	   3.6274627535439435e-01	   5.2169206773338006e-01	   4.9952544858484849e-01	   7.5637409319982640e-02	   1.3774842856689534e-01	   2.4916603614215760e-01	   4.5826128934591526e-01	   4.4021156837534725e-01	   4.7920921200117039e-01	   6.2892863088653272e-01	   5.7599724950092335e-01	   2.5896973982618599e-01	   2.3147776882366228e-01	   9.3375005557599561e-02	   1.4253727911386135e-01	   2.5369953871854473e-01	   2.9308970089048836e-01	   2.4007358542724089e-01	   2.5575426618592084e-01	   4.2789837056813257e-01	   2.7509609467088658e-01	   3.6165949133978526e-01	   2.7979236192253926e-01	   4.4645341743239919e-01	   3.6354900941208462e-01	   4.7473012705830031e-01	   3.1022907143007816e-01	   5.5189062878308714e-01	   4.9796931323435234e-01	   7.4844501864905111e-01	   4.3423403435070007e-01	   6.6428888229408223e-01	   6.8656766112805745e-01	   1.8326609958131279e-01	   1.7626365044052505e-01	   2.1416725355268046e-01	   2.0829807100871639e-01	   4.0119150012694987e-01	   2.2527304473657195e-01	   3.8531812348298838e-01	   4.2913115125241280e-01	   6.3735924121415466e-01	   6.2869997637091857e-01	   7.1647815797396586e-01	   6.6248517669403606e-01	   6.2518174521962289e-01	   5.3948526063184943e-01	   4.5338696898178749e-01	   5.3591483890556513e-01	   6.3391028855793585e-01	   6.8501197966092942e-01	   7.0911351883668239e-01	   6.6760862866083981e-01	   5.9712108169172351e-01	   6.0082557356767952e-01	   2.7730077026245226e-01	   2.4314167192378827e-01	   5.2679630335433136e-01	   4.8839132653748407e-01	   1.9997029816776946e-01	   2.2653578306632507e-01	   7.3046202890388934e-02	   2.5249122138831420e-01	  -1.5321315770285043e-01	   2.0494532985920594e-01	   1.5993279781635000e-01	   2.9564452903004484e-01	   3.1807255702008974e-01	   3.4625958346875280e-01	   2.3399168559482375e-01	   4.6702269055315931e-01	   3.2342990503617441e-01	   3.7359867291263194e-01	  -2.2851080803589452e-01	  -1.3038935049928421e-01	  -3.5906646739871562e-01	  -1.0313632985646531e-01	  -2.6231997715391479e-02	  -5.3502394079472264e-02	   2.5382633630103080e-01	   3.3335022585717466e-01	   2.7895542017057418e-01	   3.5408615670029253e-01	   2.4412551816675943e-02	  -4.9971201810652732e-01	
   7.0862437019634050e-01	   5.7734626226699093e-01	   2.9474345016594794e-01	   4.2591775852389535e-01	   1.3503495611377386e-01	   2.4365615416280600e-01	   4.9308407489670780e-01	   6.9404751962684574e-01	   1.3829182469491116e-01	   2.7018048042114651e-01	   7.9612394449300239e-01	   0.0000000000000000e+00	   7.4330509541400080e-01	   8.2927198063729646e-01	   6.2785423862320944e-01	   7.5266551044139551e-01	   4.1186820868683305e-01	   5.5219131005963207e-01	   6.7040721950941873e-01	   6.7765173083372532e-01	   3.6999803009859367e-01	   5.0416599259286587e-01	   3.5770558473645103e-01	   5.0166315944090900e-01	   1.3771659062197253e-01	   1.2381206254791889e-01	  -8.7369017138568400e-03	   1.9762061927587687e-01	   7.2947066996801457e-01	   7.3774003381899211e-01	   4.1816144844118563e-01	   4.4840237983392262e-01	   5.7670568497012720e-01	   6.0892252240814826e-01	  -3.1452709339866873e-02	   1.1388817401599835e-01	   1.6010304540444920e-01	   3.6791178868214941e-01	   3.5973407957414538e-01	   3.9435727177303154e-01	   5.9825572862951693e-01	   5.3630025205677001e-01	   2.9157649335285651e-01	   2.5009215531382811e-01	   1.2535934806606966e-01	   1.7413783958254614e-01	   2.8240739370910434e-01	   3.1519915651886055e-01	   2.2946557676404949e-01	   2.3707419609381691e-01	   3.8221940766786466e-01	   2.3966318099457617e-01	   3.7774610955450916e-01	   2.3016672757452353e-01	   4.2785939271344564e-01	   3.6217994326078451e-01	   4.3966022090512014e-01	   2.9512070858819539e-01	   4.8549342383958871e-01	   5.6186459752746087e-01	   6.0851448858593438e-01	   5.6915472091077102e-01	   6.6140830208522561e-01	   7.8269143210410153e-01	   4.7610233580136982e-02	   2.1079446305763136e-01	   1.8479519833633001e-01	   2.4333555981098365e-01	   3.4613773350233695e-01	   1.6033975930521427e-01	   3.0439829796776918e-01	   4.6942341408871102e-01	   5.7052328216449510e-01	   6.2025204678888923e-01	   6.2282926172019015e-01	   6.4475293047005122e-01	   6.2043641324457555e-01	   6.2815586971251469e-01	   4.8562469987714046e-01	   5.7732579934926276e-01	   6.6894610842132896e-01	   6.5528914007863537e-01	   7.0329742548411389e-01	   7.5681552084852555e-01	   6.0063442931631883e-01	   6.4118699589693540e-01	   2.5385338062512253e-01	   2.3303356633896830e-01	   4.9549233883187860e-01	   4.9053706116224738e-01	   2.8022004647115989e-01	   2.1441110885654879e-01	   1.8225675325290355e-01	   2.2325413216311954e-01	  -1.2186937250641239e-02	   3.7935705175378687e-01	   2.2557157772448047e-01	   3.7567193151696099e-01	   4.0101180064065650e-01	   3.9939611241682338e-01	   3.6350758935806082e-01	   4.9556955146869186e-01	   3.8928641917912155e-01	   4.1984722580091338e-01	  -1.7985096485846963e-01	  -1.5262004810797966e-01	  -3.4079180595654956e-01	  -8.9982934002397364e-03	   1.9966500223833600e-01	   4.2210648879538834e-02	   3.1277632504661801e-01	   4.0315472364484328e-01	   3.2872254646080606e-01	   4.1070760037949233e-01	   1.1151450703975151e-02	  -5.2006199718759727e-01	
   7.4426059941421030e-01	   5.4527557628787426e-01	   5.8143604371126489e-01	   4.0719663053335342e-01	   2.7556201254775781e-01	   3.0333747244813247e-01	   6.3769209884847922e-01	   5.7337913180418276e-01	   3.2943335206724966e-01	   2.9398322612441913e-01	   8.6739982486909573e-01	   7.4330509541400080e-01	   0.0000000000000000e+00	   8.3125499325855823e-01	   8.1863731738167544e-01	   7.1748131600165044e-01	   3.2389335566485866e-01	   4.0022004545622880e-01	   6.3409573643953676e-01	   5.5247021244976069e-01	   4.3571839958139968e-01	   4.7909533095870982e-01	   5.9776957176423229e-01	   5.8938220993780832e-01	   4.2109337348591658e-01	   3.2720794682152121e-01	   2.0764118049808253e-01	   2.9118044555154421e-01	   5.0703015422309217e-01	   4.4741756140766059e-01	   4.5125829919918381e-01	   3.9911161679563006e-01	   5.5886391825580273e-01	   5.0349595145419834e-01	   3.0288902791259908e-01	   3.2779373490709440e-01	   4.4855383018620776e-01	   5.9987343931392667e-01	   5.2770842650708505e-01	   5.3843738644417338e-01	   6.6417469925657735e-01	   6.4569905044277065e-01	   3.4006337152514376e-01	   3.0122260326073214e-01	   2.1839082599395951e-01	   2.3382364981779299e-01	   3.1788344548532366e-01	   3.5559677708574533e-01	   2.9762271977780008e-01	   3.1727015543374865e-01	   5.2500333497536100e-01	   3.5362020774606251e-01	   4.5315239649135119e-01	   3.4040379968647033e-01	   5.5929642080227815e-01	   4.6492218183046974e-01	   3.9907644841103590e-01	   3.0802158743264851e-01	   4.8292240207158688e-01	   4.4647403096689003e-01	   5.9684884160469642e-01	   3.7616912003627823e-01	   5.2970860617126270e-01	   5.1867857066305068e-01	   3.4962245768074962e-01	   3.1917700654748504e-01	   3.6851656342331518e-01	   3.3655357936276131e-01	   4.6209656692282153e-01	   2.7962956705011360e-01	   5.0910835892059914e-01	   5.5672528824600920e-01	   6.5938809721831604e-01	   6.2941473726076358e-01	   7.5512803939144824e-01	   7.0873579150777433e-01	   6.8423429630831223e-01	   5.7964568622159596e-01	   4.6589468401510181e-01	   4.9298427246697318e-01	   5.9567495846028595e-01	   7.0150363744981059e-01	   7.7625160121643033e-01	   6.9136361490863085e-01	   8.1245373436521051e-01	   7.7484379916905721e-01	   4.6111239740829729e-01	   4.4533858341429400e-01	   6.9369567906738161e-01	   6.1390743515982182e-01	   2.7474349724767633e-01	   2.8598300551203026e-01	   2.0888298898791866e-01	   3.9356381604489399e-01	  -1.4847060169757170e-01	   2.7958932158833594e-01	   2.9050432587924330e-01	   4.0750955068219519e-01	   3.5794351126587565e-01	   3.8238561209680788e-01	   2.3831740876070989e-01	   4.1248801531942969e-01	   3.2949227502810896e-01	   4.3107279058451375e-01	  -7.2356868867041069e-02	   4.8521048554774947e-03	  -3.3961767864424874e-01	  -3.7248041773727994e-02	   4.6027368662633447e-02	   3.4033371001245948e-02	   3.7519807751360768e-01	   3.6110993142028414e-01	   2.9732191132465008e-01	   4.3989273869730300e-01	   1.1522408308989540e-01	  -4.8573491129225388e-01	
