   0.0000000000000000e+00	   8.4029896572421081e-01	   6.4186260031078590e-01	   7.8204644387247768e-01	   5.4242297940254292e-01	   6.8518683038680273e-01	   6.4789245360430836e-01	   7.4286620237107115e-01	   6.0507367552672131e-01	   5.5062231609416157e-01	   7.6250926537665664e-01	   8.0117006222595821e-01	   7.0364199989960230e-01	   7.7482569315095529e-01	   5.7973829896412321e-01	   6.9112628807617960e-01	   4.5449711373466684e-01	   4.8917958874141493e-01	   7.0372355687489452e-01	   7.1770881145239529e-01	   4.7745938571796886e-01	   3.1707022786307282e-01	   5.4594119390297169e-01	   5.6268795176773856e-01	   4.0844155504083884e-01	   6.0319457080700478e-01	   4.1236497214910517e-01	   4.9616341203599867e-01	   3.9780360263034953e-01	   5.5333510279012410e-01	   5.1620568894003549e-01	   5.7769196375726828e-01	   7.1815872938853254e-01	   7.4171372554575266e-01	   5.0237690548734526e-01	   5.7029050854520191e-01	   1.2979503858972202e-01	   2.7773985781076121e-01	   4.1170104479003411e-01	   5.5480476153160874e-01	   4.1740058958545441e-02	   5.0573219744059217e-01	   7.3473508479169147e-01	   7.4043495053885178e-01	   6.9066492240328625e-01	   7.6537693799542317e-01	   6.5280214526574043e-01	   7.3162435765584866e-01	   8.3275635164957373e-01	   8.5106638931588408e-01	   7.6238749238956216e-01	   7.8997604667517873e-01	   7.2243897020509562e-01	   7.4810659250488731e-01	   7.9591064628437780e-01	   8.1457345335098674e-01	   7.0220657882640614e-01	   7.6746071759957357e-01	   7.7567979297009593e-01	   8.3920566717973388e-01	   8.6324625882780559e-01	   7.5291129102676546e-01	   4.8627663248804787e-01	   5.8727998297142880e-01	   4.5755671320413893e-01	   7.1310347444118594e-01	   6.2555509699506384e-01	   6.5894751462119050e-01	   5.3553134125775281e-01	   5.3248892828390393e-01	   6.5035103203591671e-01	   7.2321134735473724e-01	   6.3816416498896222e-01	   6.6870397139222981e-01	   6.1166249252094140e-01	   6.9572993201407662e-01	   5.6606462159973647e-01	   6.8361176305358506e-01	   3.9107713016348633e-01	   4.4241259250319709e-01	   5.8827596272731641e-01	   6.8202015969913632e-01	   6.3675498157041721e-01	   6.6185428643949118e-01	   6.2568438945606952e-01	   6.9766936981216454e-01	   3.3554243744124335e-01	   4.7657281033898552e-01	   7.4021250702122410e-01	   8.4945133565176367e-01	   5.2140777307570452e-01	   5.1015125603742395e-01	   4.4023404132619159e-01	   3.7431700658151168e-01	   2.7122478006965978e-01	   3.5071680197331406e-01	   6.1116143797889122e-01	   6.8043314379925390e-01	   7.9764598372612605e-01	   7.4537360324571211e-01	   6.6816487248762879e-01	   5.3831295586450623e-01	   7.2191190527976978e-01	   7.3740322199070385e-01	   2.6040049917370751e-02	  -5.6340210934114739e-02	   4.3197315196148228e-01	   5.7662284912352896e-02	   2.0760255686138648e-01	   3.3517072215154864e-01	   5.2602919543616289e-01	   6.5901062736615079e-01	   6.1451298381608166e-01	   5.2348522919176410e-01	   3.7080362419633150e-01	   2.2552115245219637e-01	
   8.4029896572421081e-01	   0.0000000000000000e+00	   3.2875011346743255e-01	   5.6182154040232035e-01	   4.0024792164116069e-01	   5.2508713631980763e-01	   3.4505187142972343e-01	   5.4546738367753511e-01	   4.4217651989471424e-01	   4.1972736179364722e-01	   5.6096533847028507e-01	   6.8482770052917308e-01	   4.8631737778128536e-01	   6.1088462212195727e-01	   4.3311042414278061e-01	   5.4303443526796680e-01	   7.0300052801283497e-01	   7.2622461332089916e-01	   6.6640288155819394e-01	   7.5130643252862772e-01	   3.4133595503257791e-01	   3.1601101107409119e-01	   2.9258888243880427e-01	   3.0724706846478056e-01	   2.1968917813728356e-01	   4.0984333992426802e-01	   2.8619906659586725e-01	   3.8912901937239219e-01	   5.8211684397884267e-01	   6.9906546367099276e-01	   3.6948150480634767e-01	   4.5301556460789061e-01	   6.1919176980257107e-01	   6.9049694120794114e-01	   2.6201421588004103e-01	   3.3164821791430144e-01	   6.4286452595910135e-02	   1.3914480298404688e-01	   2.5403877148261661e-01	   4.1152846996383025e-01	   1.1299709446308170e-01	   5.3976151004752138e-01	   5.5107865208553497e-01	   5.2544789700660810e-01	   5.5615857196300167e-01	   6.3439506286040115e-01	   5.4406494391180948e-01	   5.7690747478384630e-01	   6.2965333126018597e-01	   7.4085043060941491e-01	   5.6025182221878167e-01	   6.7007760155689478e-01	   6.2513370287212455e-01	   5.9358553510368051e-01	   5.8314546249511834e-01	   5.9565939504956078e-01	   8.7214674247524160e-01	   9.1231854227556441e-01	   5.4973240180433880e-01	   7.1107763735900342e-01	   6.2713269936230942e-01	   5.7819820047265424e-01	   5.1494801258515699e-01	   6.6277604206409513e-01	   1.5431029390682871e-01	   4.2713001998639732e-01	   3.5758425992379095e-01	   4.5243945587310874e-01	   5.2361645716824712e-01	   4.3219873198031805e-01	   4.8029402557934053e-01	   5.2982582599692341e-01	   6.1866292496902475e-01	   6.8442875237120360e-01	   5.4641749201196566e-01	   6.3562684608894771e-01	   4.5397585489914682e-01	   6.2676222193108444e-01	   5.9423492762824881e-01	   6.1460797543685275e-01	   6.8397321955874968e-01	   6.7648909626014120e-01	   5.1866595798319093e-01	   5.5811791604031147e-01	   3.9439898861980738e-01	   4.5674840958919338e-01	   1.5097189081731774e-01	   2.4867509293267123e-01	   4.8455839161777442e-01	   6.3060684367353292e-01	   2.9303839229352391e-01	   2.6099852173014104e-01	   1.8452166866853287e-01	   1.0838659538006637e-01	   2.1583795268988187e-01	   3.2242306617659572e-01	   5.1515213046306718e-01	   5.7037281719930011e-01	   7.4382134784702769e-01	   6.1747626140337741e-01	   4.8119225040567648e-01	   2.5876147766162577e-01	   6.5539789401329474e-01	   5.8912608700814084e-01	   9.1866061786886805e-02	   2.0807401477523992e-02	   2.1023968149371969e-01	   1.5014665001342679e-02	   1.4682499548998551e-01	   2.5292477773030830e-01	   4.1579918430972640e-01	   6.4187245262198611e-01	   4.9805309801831521e-01	   4.7105842434578415e-01	   2.6490287293197251e-01	   3.4362029154419038e-01	
   6.4186260031078590e-01	   3.2875011346743255e-01	   0.0000000000000000e+00	   8.5885020636666942e-01	   6.5612678706921379e-01	   5.3032953012326922e-01	   9.6299090418706390e-01	   8.0433989620750368e-01	   5.9225622257306476e-01	   4.2177975686403596e-01	   6.8874305110369394e-01	   5.8037678621681077e-01	   6.9421825371837964e-01	   5.9262681155316299e-01	   7.3367466398313530e-01	   6.0016742205067075e-01	   1.4977801609064811e-01	   1.8220365088130369e-01	   7.3914704264676168e-01	   5.8041689739576674e-01	   5.4061024710722272e-01	   1.9643191411942551e-01	   8.8958417748597174e-01	   8.0506404740662441e-01	   5.6983664293741199e-01	   6.6908036209020638e-01	   4.6026159422186036e-01	   4.0269807068381858e-01	   2.1634227775630022e-01	   2.9835697149796836e-01	   8.1158823123277779e-01	   7.8567831904295649e-01	   7.6353301517494154e-01	   6.9896258377720177e-01	   7.2086147285948743e-01	   6.8972622580364940e-01	   1.5663383869944131e-01	   3.2325144835387998e-01	   3.5405767798471588e-01	   4.8062718545022287e-01	  -1.8583588295567735e-01	   2.7522604605245488e-01	   7.0253848842927158e-01	   7.3822719029007311e-01	   6.8981758978498386e-01	   6.8518845083791269e-01	   5.7288402145943085e-01	   6.6245285380102481e-01	   7.2460429862945053e-01	   6.4823022142308795e-01	   7.4516434109979790e-01	   6.7746876242516807e-01	   5.7235753923103883e-01	   7.7504638162314654e-01	   6.6031273016673031e-01	   7.2759288015270251e-01	   2.5040247772368257e-01	   2.8833020238472051e-01	   6.6837816620549717e-01	   5.7268315298531136e-01	   6.6438403694146919e-01	   6.0149556848172725e-01	   4.0911614528969159e-01	   4.2630303105495121e-01	   7.6240647932734840e-01	   7.4055388719180670e-01	   8.0896587642089179e-01	   7.4188519393694996e-01	   3.1159095409464377e-01	   4.1814215794702936e-01	   7.5354533914069999e-01	   7.4667352273897347e-01	   5.4472348963854023e-01	   5.1082425690556565e-01	   6.2641234310010407e-01	   5.6953120329132045e-01	   5.4028929694798977e-01	   5.0911071175148270e-01	   1.4206075934384993e-01	   1.5479136628525303e-01	   3.5107349570770247e-01	   5.3597845495527496e-01	   6.3586389787239417e-01	   5.3445988949170764e-01	   7.0959370842537750e-01	   7.8190714328624544e-01	   4.1123501378119731e-01	   5.4656834683207678e-01	   7.3324781494962243e-01	   7.7787228848815759e-01	   6.5430430478150470e-01	   7.9516540480246989e-01	   5.6896227345873851e-01	   7.1990089930620060e-01	   2.2775123883875859e-01	   3.1516679490306787e-01	   4.7606013795528146e-01	   5.2800506313930728e-01	   6.0026223557676972e-01	   6.6981585271945177e-01	   6.7711019141288264e-01	   8.3183315375531075e-01	   6.4406877438985644e-01	   7.1797162004275183e-01	  -4.4689279883981234e-02	  -5.4257164014324039e-02	   5.9514494799447903e-01	   1.6155316919241458e-01	   2.7317514583943248e-01	   2.8638764892594470e-01	   4.4828921778022135e-01	   5.4968468599067988e-01	   6.3196840352201233e-01	   4.7198841088822724e-01	   4.9325499027571618e-01	   1.2993940883284763e-01	
   7.8204644387247768e-01	   5.6182154040232035e-01	   8.5885020636666942e-01	   0.0000000000000000e+00	   6.9024864212194026e-01	   7.5837823215103983e-01	   8.2759832143416667e-01	   8.8129394500755920e-01	   5.9296661069774703e-01	   5.7209693734096023e-01	   6.8228930468349103e-01	   7.5478654136570322e-01	   6.4347527750147582e-01	   7.4116194618190478e-01	   7.1422502928342291e-01	   8.2308452455085956e-01	   3.2914985342164627e-01	   3.5338352158132336e-01	   8.1942468478675079e-01	   7.4753100061013811e-01	   5.7105669978816920e-01	   3.1662733660576214e-01	   8.2390764360570368e-01	   8.8375762508714351e-01	   5.8329872563218332e-01	   7.9608477585175885e-01	   5.5385030623304621e-01	   5.8885625485588544e-01	   3.0947673579844120e-01	   4.7081485767996833e-01	   7.5984177252362106e-01	   8.0954999357619672e-01	   7.9823499470167869e-01	   7.9099576234587199e-01	   7.2876132575536112e-01	   7.3538358762545153e-01	   1.8149440080733933e-01	   3.4202321845561201e-01	   4.0224533587962313e-01	   5.7097188900521989e-01	  -1.2327772633786835e-01	   3.7900162231785306e-01	   8.1709507622134969e-01	   8.1597830640065405e-01	   7.8975223874196909e-01	   8.1219492405425264e-01	   6.7681762095732645e-01	   7.9613316710051563e-01	   7.7107515490551015e-01	   7.6809829627657811e-01	   7.6855359660264444e-01	   7.4422931772448619e-01	   6.7902274162222953e-01	   8.3985767344152462e-01	   7.1813108837989925e-01	   7.8804956539231985e-01	   4.7118802808799198e-01	   4.9902409376617030e-01	   6.7012532776828526e-01	   6.8669948146312865e-01	   6.9700157980845279e-01	   7.5320574630994752e-01	   4.1531200066070495e-01	   5.0985053615638787e-01	   7.3570032129351148e-01	   8.4805780936994779e-01	   7.7661100284048623e-01	   7.9634256363726452e-01	   4.7631859364580881e-01	   5.0037615772425548e-01	   7.3158553050077324e-01	   8.2730775577939786e-01	   6.0773389455352111e-01	   6.3574121510890824e-01	   6.2767368256160694e-01	   6.8991585804245337e-01	   5.3619341817236388e-01	   6.1630341401109789e-01	   2.9571949279773857e-01	   3.0194369791404796e-01	   5.1693711467225767e-01	   6.8655716031604830e-01	   7.0272424152218993e-01	   6.7115732423935914e-01	   7.3462278980112461e-01	   9.0539316839216544e-01	   4.6395093109917573e-01	   6.1492772334007473e-01	   8.0495966150655174e-01	   8.6794159293723105e-01	   7.3695538382968584e-01	   7.2558232036056225e-01	   6.6025182493039902e-01	   6.0422036912740162e-01	   2.0777373497532756e-01	   3.1774752922568028e-01	   5.5418502605329234e-01	   6.2795779276202324e-01	   7.4930483049667529e-01	   7.6229292384725356e-01	   7.2882353820939350e-01	   7.1436823546098172e-01	   7.4173909207602118e-01	   7.7562895498030260e-01	   1.7302077869020729e-02	  -6.2465219357404150e-02	   5.8388719926821431e-01	   1.6302176655041700e-01	   2.4525915814628388e-01	   3.4966253980988782e-01	   5.6829968148423282e-01	   6.5047955133274682e-01	   6.4315844229086050e-01	   5.4307927512138632e-01	   4.8992897678778524e-01	   1.5123528507080031e-01	
   5.4242297940254292e-01	   4.0024792164116069e-01	   6.5612678706921379e-01	   6.9024864212194026e-01	   0.0000000000000000e+00	   7.7817011150290849e-01	   6.5646650053868794e-01	   5.9661156713520036e-01	   8.2735056413755426e-01	   7.5753898483680460e-01	   5.8248741943544302e-01	   5.4022849046848598e-01	   6.0912334239062427e-01	   5.2423754824711322e-01	   8.7748903279026469e-01	   7.5337427975659632e-01	   3.3914355720119116e-01	   3.4767908836691924e-01	   5.8394431872762331e-01	   5.1551405138852813e-01	   5.4377407090226826e-01	   2.6292214228243865e-01	   7.3223744306452465e-01	   6.8863941427820929e-01	   6.4139623180285532e-01	   7.0937347145419338e-01	   7.4799625608800402e-01	   7.3546368263265527e-01	   2.8549367434076112e-01	   3.5573281132021262e-01	   5.1705886626928965e-01	   4.9242028676955274e-01	   5.1279683573515333e-01	   4.8711752188756841e-01	   5.0482658803528524e-01	   4.4386226111642813e-01	   4.1528450127560061e-02	   2.4924819616087268e-01	   3.0123273049854571e-01	   4.8973414948038985e-01	  -3.7272846722942510e-01	   1.6470466599790401e-01	   5.1201638687772377e-01	   5.0625168923959030e-01	   5.5435513826999216e-01	   5.4550827579247296e-01	   4.6324101060353290e-01	   5.3966866484333276e-01	   5.6507444147474717e-01	   5.1129954142304546e-01	   5.7671718916221348e-01	   4.7517979862685233e-01	   4.8005309782167072e-01	   5.9872633402134090e-01	   4.9212910555190326e-01	   5.4158055986244580e-01	   3.6266515098016289e-01	   3.7179264386592548e-01	   5.2518797029546338e-01	   4.8819928040352545e-01	   5.0532843565220131e-01	   5.3913703878614139e-01	   1.3768129545322921e-01	   2.7363969990833026e-01	   6.7073686917072850e-01	   6.8850338464116656e-01	   5.6268391811032925e-01	   5.2802571081672889e-01	   5.0524035968217074e-01	   5.4940095251271681e-01	   3.6158436852334447e-01	   4.9479597126389263e-01	   2.6971020717335759e-01	   3.0046145751343378e-01	   3.1036022126609808e-01	   3.2305313612714726e-01	   1.4467070148788658e-01	   2.0799334894349886e-01	   2.9865262859416580e-01	   2.9920940942132429e-01	   4.1235887960538897e-01	   5.8229101657595383e-01	   4.5445660324780013e-01	   4.3939619070190750e-01	   5.6770716521644060e-01	   7.0834576530901761e-01	   2.7365896876763995e-01	   3.5820432817284309e-01	   6.1095626042092477e-01	   6.6011285136154740e-01	   5.3913315120492666e-01	   5.9826285994939832e-01	   5.6260590104696884e-01	   5.6438882650537192e-01	   1.9568571689940831e-01	   3.7643610656181647e-01	   3.7347845357513265e-01	   4.7453222583066912e-01	   5.2279510766087434e-01	   5.1947666056887820e-01	   6.2049981822039579e-01	   5.7472480679044591e-01	   5.8563140561942117e-01	   4.9614674855186769e-01	   3.2009333764548492e-01	   2.4071694321467649e-01	   4.4105300582877804e-01	   1.0453763011923395e-01	   2.2042175500506672e-01	   2.2260689496150796e-01	   2.8346553240733480e-01	   4.0508358713176978e-01	   6.5425802477548445e-01	   5.5512545557479753e-01	   4.5415373411546001e-01	   3.2304804491565120e-01	
   6.8518683038680273e-01	   5.2508713631980763e-01	   5.3032953012326922e-01	   7.5837823215103983e-01	   7.7817011150290849e-01	   0.0000000000000000e+00	   5.3608141794915443e-01	   6.1608673197071950e-01	   7.0820342813617621e-01	   8.1981317477795612e-01	   5.8924346140573658e-01	   6.3342338531359588e-01	   5.7021834527384141e-01	   6.6036656142440475e-01	   6.6924396822733589e-01	   8.4748988471919418e-01	   3.5239444631108541e-01	   3.6603470118895365e-01	   5.1124301952743345e-01	   5.3991750564586771e-01	   4.4914290091254028e-01	   2.2465697364941389e-01	   5.8244095267724116e-01	   6.7856611180933757e-01	   5.8267569677151831e-01	   7.9086025421013617e-01	   6.3090513498056611e-01	   7.5793771492697193e-01	   2.2090565923922853e-01	   4.0042410683735830e-01	   4.4538738837191116e-01	   4.7920119861539689e-01	   5.3213307421066924e-01	   5.2663752457353408e-01	   5.1716556653308432e-01	   5.2783239435078433e-01	   1.1473882025932917e-01	   2.4927875057766011e-01	   3.5143368965411770e-01	   5.1223904093850448e-01	  -2.4429150706712463e-01	   2.0765523230027486e-01	   6.3900861310296331e-01	   6.1819369794491053e-01	   6.7379357950373930e-01	   6.7562598532561990e-01	   5.3630755755781279e-01	   6.6919206060664060e-01	   6.5993273062767877e-01	   6.2417314270741919e-01	   6.1215776491892671e-01	   5.3035592136648702e-01	   5.4173176096235198e-01	   6.6139149226128624e-01	   5.8304855508133957e-01	   6.3373843704263821e-01	   4.9215730873182140e-01	   4.9630126570293204e-01	   5.5749389113196468e-01	   5.6246872804772519e-01	   6.1399254874795206e-01	   6.5038477221395463e-01	   1.3149603934527893e-01	   2.3742465424785253e-01	   5.9080054547374850e-01	   7.3212919208325311e-01	   5.4300529317931145e-01	   5.4917944575102462e-01	   6.4189145770761735e-01	   6.0808709575568454e-01	   3.7140041448352673e-01	   5.4645014241647138e-01	   3.1860563564518862e-01	   3.9380951980069911e-01	   3.2110592590495618e-01	   4.0793678376417231e-01	   1.7672699341805517e-01	   2.9643566742819344e-01	   2.7375344593765999e-01	   3.3369594474471725e-01	   4.3589405012766314e-01	   5.9681945687173021e-01	   4.7640360926851349e-01	   4.9447875700208577e-01	   5.9441945327024581e-01	   7.4463561386956156e-01	   3.4691768731584649e-01	   4.5285640723500303e-01	   6.5858330972000556e-01	   6.9557798656250991e-01	   6.0272512169636716e-01	   5.4641076314348491e-01	   6.2967972301692576e-01	   4.7196427277169078e-01	   2.4012340120460998e-01	   3.7694189209626344e-01	   4.9448105600833098e-01	   5.9096558185027892e-01	   5.9411254515043943e-01	   5.8116711702491708e-01	   6.1437251393387216e-01	   4.5897395113519812e-01	   5.2589856696096426e-01	   5.1228838764680629e-01	   2.6423441431128325e-01	   1.3560173692546296e-01	   5.0233044858965359e-01	   1.3386464398724573e-01	   2.1606937984067509e-01	   3.1322222332776917e-01	   4.4583125765843956e-01	   4.4709599711786435e-01	   6.1141075529894862e-01	   5.5696772964330066e-01	   4.5706613492367287e-01	   2.6066447985405033e-01	
   6.4789245360430836e-01	   3.4505187142972343e-01	   9.6299090418706390e-01	   8.2759832143416667e-01	   6.5646650053868794e-01	   5.3608141794915443e-01	   0.0000000000000000e+00	   8.5766256100930061e-01	   6.4649127879070989e-01	   4.6342484049871974e-01	   7.7127429663654012e-01	   6.4865552976116259e-01	   7.8856375055243533e-01	   6.6747416759240263e-01	   7.3687310536656458e-01	   5.9619742522745089e-01	   1.5401083511654495e-01	   1.9357308530333256e-01	   7.3957472265089230e-01	   5.8832014246494013e-01	   4.9876461631395141e-01	   1.8119123406388254e-01	   8.2198466694179495e-01	   7.3373732514301482e-01	   4.7198617478558613e-01	   6.0999845612308057e-01	   3.5381648246288566e-01	   3.3238200641771487e-01	   2.7564722798937019e-01	   3.7154601211021288e-01	   7.8913007619097952e-01	   7.7816976232170942e-01	   7.5584023868749939e-01	   7.1198687731001264e-01	   6.4413210969301338e-01	   6.6029094550209855e-01	   6.8170278973716053e-02	   2.3795113570579055e-01	   2.8380053922888421e-01	   4.4130117290982129e-01	  -2.3379478540925530e-01	   2.3407269884983295e-01	   6.6539244520757168e-01	   6.9613723657233073e-01	   6.9425562128635177e-01	   6.7714548277105735e-01	   5.2311996245437808e-01	   6.0986738995148881e-01	   7.5408555213159656e-01	   6.5641145572831539e-01	   7.3954190706956491e-01	   7.0154459837050587e-01	   5.4574665231306219e-01	   7.6148285213284206e-01	   6.4880566133574380e-01	   6.9348423965702111e-01	   2.2782944335428884e-01	   2.6018032802702179e-01	   6.2996509477469265e-01	   5.6221873533290445e-01	   6.8680844805186092e-01	   6.4746360626335142e-01	   4.0996926283501706e-01	   4.6580654308029784e-01	   6.8940745198313513e-01	   7.3453939219706865e-01	   7.7492184573628498e-01	   7.2299218747652783e-01	   2.9139250883289564e-01	   4.2050302663248318e-01	   7.2355973171184074e-01	   7.3122441544025230e-01	   5.6585674817465836e-01	   5.1956725619557309e-01	   6.1984973270854749e-01	   5.6829666044775773e-01	   5.2113420295132662e-01	   4.7284641986209874e-01	   1.3778195819271483e-01	   1.6083988650623915e-01	   3.5249969509730800e-01	   5.3096995706893169e-01	   5.5228909086438682e-01	   4.9428270654968615e-01	   6.2330571988767736e-01	   7.3144507171334916e-01	   2.4793404511766054e-01	   3.9600788271419274e-01	   7.0256334541210674e-01	   7.5952038457421966e-01	   6.2804246028082300e-01	   7.4494675106866226e-01	   5.1927330109025815e-01	   6.7703326969980915e-01	   2.3260890950965663e-01	   2.9616724548158907e-01	   4.2567375387274625e-01	   4.9221708399013336e-01	   5.8063139643491324e-01	   6.2711149162878699e-01	   6.9061041169129522e-01	   8.0285212230312875e-01	   6.0508439283288329e-01	   6.6968421576149217e-01	  -3.4939745567034122e-02	  -4.0197447263981348e-02	   5.6020079705429771e-01	   1.3998376548397357e-01	   2.5335543256118997e-01	   2.7389747965391131e-01	   3.8703307930950959e-01	   5.1372675351195785e-01	   6.2528384148720151e-01	   4.2240631382128579e-01	   4.3596698102537701e-01	   1.2883670969181643e-01	
   7.4286620237107115e-01	   5.4546738367753511e-01	   8.0433989620750368e-01	   8.8129394500755920e-01	   5.9661156713520036e-01	   6.1608673197071950e-01	   8.5766256100930061e-01	   0.0000000000000000e+00	   6.0319237156547667e-01	   5.4279090495959248e-01	   8.1824975875209027e-01	   8.7684573094398988e-01	   7.8354812932259044e-01	   8.5370771953527902e-01	   6.3995533104954749e-01	   6.7874830646796147e-01	   3.2807299585877042e-01	   3.3948833618679319e-01	   7.9618823059715171e-01	   7.4706825222633466e-01	   4.5383411133877893e-01	   2.4173941880777891e-01	   6.5199260105434109e-01	   6.7265289319939980e-01	   3.0663284329526697e-01	   5.8024703655010512e-01	   2.9060198309863117e-01	   3.4331824961433305e-01	   4.4432572239267260e-01	   6.3290512769274410e-01	   7.6369072157513762e-01	   8.4106210260957337e-01	   7.9411175939936263e-01	   8.2389438027358874e-01	   4.9929326456712253e-01	   6.0287896228387694e-01	   4.4040884746532104e-03	   1.3614820075564449e-01	   2.1167536052733271e-01	   4.0519998503475640e-01	  -2.1207369074481494e-01	   2.7766785400883554e-01	   6.7990858835092582e-01	   7.0854857418936179e-01	   7.1802304665216676e-01	   7.3423282231144127e-01	   5.3022295008835885e-01	   6.2098593645128064e-01	   7.7891345015346036e-01	   7.4039323716843186e-01	   7.2136728566169950e-01	   7.6016186556148635e-01	   5.8930635923825614e-01	   7.4548383864998802e-01	   6.9044614971420215e-01	   7.0397790423308360e-01	   4.0647983553647560e-01	   4.0692211946745938e-01	   5.6664811209100407e-01	   6.6158774593413416e-01	   7.4114725145015525e-01	   8.3748008534327611e-01	   5.5056605723047647e-01	   6.9051765807901344e-01	   4.7674454751473627e-01	   7.4846221447824002e-01	   6.4351945180340242e-01	   7.0931951047926112e-01	   4.0037548382129173e-01	   4.9036406876777783e-01	   7.2081591155668812e-01	   7.9817839635888954e-01	   6.9107263888622850e-01	   6.9947269818865487e-01	   6.9136201651993545e-01	   7.5431849387601757e-01	   5.0608940620849907e-01	   5.3962369265130894e-01	   2.4573452090996079e-01	   2.4150183997413976e-01	   5.0064171397639878e-01	   6.2060186851968624e-01	   5.3361153393730776e-01	   5.3589518448915519e-01	   4.9091698410971540e-01	   6.8501137868714657e-01	   1.5492311431113387e-01	   3.0632278910649258e-01	   6.7785452562549220e-01	   8.0293997914960014e-01	   6.0193348192542628e-01	   5.6432907106989183e-01	   4.4356716688889042e-01	   4.2881620294512346e-01	   3.0382932276885688e-01	   3.4829639215403430e-01	   4.7221073709401140e-01	   5.7206928170589166e-01	   6.8119135036636380e-01	   6.5276572486015705e-01	   7.5564575514230958e-01	   6.8717130402316651e-01	   7.0916506011336944e-01	   7.3165772995098588e-01	  -1.1387303366401896e-01	  -1.6469541436326035e-01	   4.8154035830745578e-01	   2.0395938049623412e-02	   2.7732906589246870e-01	   3.5507925248174677e-01	   4.0030803972095474e-01	   5.9054114408849112e-01	   5.6916024571299961e-01	   3.9874121697736131e-01	   3.8287261718511023e-01	   1.6487092049335680e-01	
   6.0507367552672131e-01	   4.4217651989471424e-01	   5.9225622257306476e-01	   5.9296661069774703e-01	   8.2735056413755426e-01	   7.0820342813617621e-01	   6.4649127879070989e-01	   6.0319237156547667e-01	   0.0000000000000000e+00	   8.6986104682151888e-01	   7.5644359635081593e-01	   5.9809185021848066e-01	   7.6372172491472767e-01	   6.0321122137513083e-01	   7.6027583797643716e-01	   6.4863578831209612e-01	   2.9059566517316648e-01	   3.2514824863056385e-01	   4.9411855406196359e-01	   4.7392092715618722e-01	   4.3290393715979697e-01	   3.2493710266236334e-02	   5.5524527254175604e-01	   4.6235049065746658e-01	   3.9939984758559377e-01	   5.2451653302872336e-01	   5.2495262360937889e-01	   5.4080152785246183e-01	   2.2894983436146066e-01	   3.1512959546608466e-01	   3.5589594172018485e-01	   3.5293571751540465e-01	   4.2681611912899253e-01	   4.1484706448942066e-01	   3.2507940254486301e-01	   3.3392564629186239e-01	  -1.2537335000846148e-01	   4.4005210375928347e-02	   1.0526182300782516e-01	   2.8406322005660434e-01	  -4.5024733820762447e-01	   3.9838051331865056e-02	   3.8662544261600873e-01	   4.3297828585614684e-01	   4.8454066518707428e-01	   4.8133278272519103e-01	   3.6414295230119836e-01	   4.2714461728307368e-01	   6.3241824602271091e-01	   5.3149361647791538e-01	   5.5635379247854710e-01	   4.9437690025173286e-01	   4.5777716563625126e-01	   5.2873656168197825e-01	   5.3601999433543934e-01	   5.6322723562672083e-01	   3.4876218488828115e-01	   3.8986299361566945e-01	   6.3764907250679581e-01	   5.7287144958399461e-01	   7.2514059449680035e-01	   6.7131899996918498e-01	   1.5086507492596174e-01	   2.7575549025997287e-01	   5.0905988298180871e-01	   7.0036582087708810e-01	   4.3437289291253228e-01	   4.0246204904663374e-01	   5.1880507655309371e-01	   5.5701169252464944e-01	   3.3816725613182130e-01	   4.3356261562002130e-01	   2.7121304133686785e-01	   2.2196042708457805e-01	   3.0500286827937184e-01	   2.6904490899450523e-01	   1.0702494231107898e-01	   1.5837777149068732e-01	   2.1395702573955394e-01	   2.6297895318774056e-01	   3.4516352131917422e-01	   5.0142774350444852e-01	   2.8831038113234758e-01	   2.8208248019978266e-01	   4.6983823243978196e-01	   5.8584665560343963e-01	   1.5510426007551600e-01	   2.0466593732666205e-01	   6.1695721090911904e-01	   6.9435131005092821e-01	   5.1169007229855912e-01	   5.4209211585046968e-01	   5.0307646939055761e-01	   5.0205767784378885e-01	   3.3955713678554755e-01	   4.4130989754067196e-01	   4.1176227377341368e-01	   5.0288246814762982e-01	   5.5916728089647960e-01	   4.8135780082906665e-01	   6.4644115611894093e-01	   5.2749712763638401e-01	   5.7652204706779364e-01	   4.8467579251384996e-01	   2.8388499349414109e-01	   2.1710820878922960e-01	   4.6371234481805412e-01	   7.1075145987767679e-02	   3.4587933480842104e-01	   3.4521054508031140e-01	   2.1029050798932628e-01	   3.9745352743723000e-01	   6.8390557189825396e-01	   5.3744359164228428e-01	   4.2451078741194426e-01	   2.8112341965619042e-01	
   5.5062231609416157e-01	   4.1972736179364722e-01	   4.2177975686403596e-01	   5.7209693734096023e-01	   7.5753898483680460e-01	   8.1981317477795612e-01	   4.6342484049871974e-01	   5.4279090495959248e-01	   8.6986104682151888e-01	   0.0000000000000000e+00	   6.3536863118165321e-01	   5.8024778178829939e-01	   6.5793556179336576e-01	   6.1077626791876427e-01	   6.3442397524042682e-01	   7.2491727395806271e-01	   3.4011215579907716e-01	   3.6049794551521791e-01	   4.2283221236075286e-01	   4.8509773728342320e-01	   4.1556318979034279e-01	   2.4850956736792319e-02	   4.5133350792609617e-01	   4.7239356857923553e-01	   3.8896338331713087e-01	   5.5947715760275518e-01	   5.3924684569165837e-01	   6.1860158702189327e-01	   2.2590140569031414e-01	   3.5150516903525691e-01	   2.8209793124621740e-01	   3.0119412976349413e-01	   3.6998744959817131e-01	   3.5654147187232854e-01	   2.9187212022856812e-01	   2.9570809379558594e-01	  -1.1555049394523649e-01	   3.6041758641958827e-02	   8.8741487170896277e-02	   2.3884907144083864e-01	  -4.7521588742622067e-01	  -2.7478400510401697e-02	   3.8233247624346545e-01	   3.8538646026274276e-01	   4.9479139079178824e-01	   4.6960173837166308e-01	   3.3353192850814545e-01	   4.3348256728926071e-01	   5.9458105451752763e-01	   4.9958332652610393e-01	   5.2529918347420845e-01	   4.5879723290351287e-01	   4.4930407674749095e-01	   4.9526030161590234e-01	   5.0215717982464880e-01	   5.1160535718065614e-01	   3.9686401407330968e-01	   4.0351961258569558e-01	   4.9562837721021191e-01	   4.9668308634062797e-01	   6.0229387818780356e-01	   6.1248034200386170e-01	   1.6337391827682701e-01	   2.3281959099709520e-01	   4.3322317022399359e-01	   6.2125075660760387e-01	   3.3273451986542474e-01	   3.3186406859958184e-01	   6.5333379364883370e-01	   6.3343076886992433e-01	   1.8840928624495512e-01	   3.4803922448463037e-01	   1.9052871583882347e-01	   2.2694724110314951e-01	   2.0688256398811036e-01	   2.2262606642941793e-01	  -6.7108947827558482e-02	   1.5355542180326013e-02	   2.2355013190592446e-01	   2.7179227209141765e-01	   3.7456232507347442e-01	   5.2889912752657742e-01	   2.4777534197477868e-01	   2.6308832843894081e-01	   4.6238931785813808e-01	   5.8328324041590407e-01	   2.1818398925117247e-01	   2.2620767470378317e-01	   5.3272664420227145e-01	   6.4029864918770851e-01	   4.6707429841867820e-01	   4.1187268815196265e-01	   4.9108172976814679e-01	   3.5458349820372703e-01	   4.0928795061294598e-01	   4.8067064687681826e-01	   4.4526393797121777e-01	   5.3891488629020823e-01	   5.1169001493790955e-01	   4.1085747502988845e-01	   5.6740862351941679e-01	   3.7233042389126420e-01	   5.0372694205655810e-01	   4.0175032679409539e-01	   2.7636576117741440e-01	   1.8061501012090023e-01	   3.8865391900288310e-01	   6.3503515727821314e-02	   4.1053377071360841e-01	   4.5250565723808289e-01	   2.3468199913474017e-01	   3.6727892411817892e-01	   6.2369792181543493e-01	   5.2626874358398279e-01	   4.3223001571973030e-01	   2.9456613950075339e-01	
   7.6250926537665664e-01	   5.6096533847028507e-01	   6.8874305110369394e-01	   6.8228930468349103e-01	   5.8248741943544302e-01	   5.8924346140573658e-01	   7.7127429663654012e-01	   8.1824975875209027e-01	   7.5644359635081593e-01	   6.3536863118165321e-01	   0.0000000000000000e+00	   8.1616726424641084e-01	   9.3969423126982177e-01	   8.2738886703640069e-01	   6.5939014731337564e-01	   6.1224979388471401e-01	   3.1498872260229338e-01	   3.3338900487128553e-01	   6.3156540265360217e-01	   6.1342894896794919e-01	   2.9894322476473056e-01	   4.5096680259254160e-02	   5.1903054389810355e-01	   4.6505482392431929e-01	   1.5913977926009609e-01	   3.9287375558959314e-01	   1.8404550598935177e-01	   2.6989875904462346e-01	   4.4286100392155980e-01	   5.4960767421608681e-01	   5.2110710240884650e-01	   5.8118536370073282e-01	   5.9714290338087406e-01	   6.2800855988208704e-01	   3.1449186324450251e-01	   3.8635872276731542e-01	  -1.5531050350534917e-01	  -1.8242115281612726e-02	   7.7341834729367176e-02	   2.8838404060186879e-01	  -2.6472503380213108e-01	   1.5994070042338221e-01	   4.8483366843856057e-01	   5.4869634378282872e-01	   5.6683199607691814e-01	   5.6326740004388909e-01	   3.4421284177267519e-01	   4.2194777888559309e-01	   7.1570233960331020e-01	   6.1940835826790075e-01	   5.9925117880589251e-01	   6.3256546288828885e-01	   4.6488252602555524e-01	   5.8177637783086655e-01	   6.0162078634828631e-01	   6.0031763708046770e-01	   3.6500208582075722e-01	   4.3930775671139127e-01	   6.0957100906750850e-01	   6.3544516213910129e-01	   8.3911307030925431e-01	   7.7004349756507140e-01	   4.9862953449352859e-01	   6.0609885852504308e-01	   3.7994091912235106e-01	   6.2884209740342623e-01	   4.6199842820295028e-01	   4.7071854015188319e-01	   3.6494981215600580e-01	   4.5804494119845807e-01	   5.1434390171374123e-01	   5.6924211298356986e-01	   5.7019300527895433e-01	   5.3697547747199648e-01	   5.4702851626665427e-01	   5.5527094462087923e-01	   3.2843481831316634e-01	   3.5620020177447531e-01	   2.0254578643695459e-01	   2.3314125916368350e-01	   4.1920627576895597e-01	   5.2120899054812120e-01	   3.8982061249969735e-01	   3.7060293408531286e-01	   4.4661270746355963e-01	   5.3720875754606123e-01	  -9.4935047323860544e-03	   1.1874560314151339e-01	   5.8539302295622075e-01	   7.4408172393249539e-01	   3.9855180646424243e-01	   4.4116001452351833e-01	   3.2130456714431155e-01	   3.1972162440886059e-01	   3.1506608130918190e-01	   3.9099196743664821e-01	   3.5769030378019362e-01	   4.5100462145031861e-01	   5.4094105723925612e-01	   4.7284720458288532e-01	   6.8753552901498294e-01	   5.4631249954215177e-01	   5.7348264929626469e-01	   5.8502425453369511e-01	   7.6629542782330274e-03	  -4.3925963823774700e-02	   4.0961967295758250e-01	  -3.4924301387593684e-02	   2.7636433320071385e-01	   2.5047983722507772e-01	   1.7804100350601601e-01	   4.0394672970297685e-01	   5.7414485185172404e-01	   4.1682556184176806e-01	   3.6581408744387728e-01	   2.9643407491196994e-01	
   8.0117006222595821e-01	   6.8482770052917308e-01	   5.8037678621681077e-01	   7.5478654136570322e-01	   5.4022849046848598e-01	   6.3342338531359588e-01	   6.4865552976116259e-01	   8.7684573094398988e-01	   5.9809185021848066e-01	   5.8024778178829939e-01	   8.1616726424641084e-01	   0.0000000000000000e+00	   7.4590510850350478e-01	   9.4768226702477643e-01	   5.8480977635729670e-01	   7.1520210420196872e-01	   4.5987299740218623e-01	   4.7156863104783192e-01	   6.9288329873219279e-01	   7.1547800631055303e-01	   3.8107583774616210e-01	   2.3115555273305527e-01	   4.8017440181484666e-01	   5.3928918083670563e-01	   2.0480058876563106e-01	   4.8275334923519109e-01	   2.4303501146737405e-01	   3.1347652145665311e-01	   5.5145693798365913e-01	   7.4003766758822631e-01	   5.7308240396312193e-01	   6.7309873630988282e-01	   6.4977242802597412e-01	   7.1564556617671282e-01	   3.3725368110929971e-01	   4.5178798935344389e-01	  -4.4797419176566544e-02	   8.3383707374905872e-02	   1.8133348852727219e-01	   3.7768116749354430e-01	  -1.1761867495773189e-01	   3.6794210671856026e-01	   5.8903576206936570e-01	   6.3370214977740558e-01	   5.7680167020961626e-01	   6.1778914691232534e-01	   4.4053193560181875e-01	   5.4448032313909600e-01	   6.7594584103713840e-01	   6.5530366433376397e-01	   6.0429317738965116e-01	   6.5388042193433238e-01	   5.0975595495671022e-01	   5.9904222567007359e-01	   6.3537907922195958e-01	   6.4739946651561620e-01	   5.0516571304057134e-01	   5.4251376455061817e-01	   5.2240900663831202e-01	   6.7866994171904527e-01	   7.5281115109536367e-01	   8.5003825526394761e-01	   5.3420178571105059e-01	   7.1795608171085468e-01	   3.0148330299690923e-01	   6.6892921500566804e-01	   4.5774739631677508e-01	   5.4640281331367879e-01	   3.6564110440917541e-01	   4.2259661642196944e-01	   5.6846603247496363e-01	   7.1627330783438214e-01	   6.8155681990294159e-01	   7.3663742315040814e-01	   6.2091276286651276e-01	   7.3624270026781491e-01	   4.3627828653680328e-01	   5.3856313896722818e-01	   3.2322082550540243e-01	   3.6809571830322668e-01	   5.4338332582910664e-01	   6.0845497855946462e-01	   4.5746430307076996e-01	   5.2962139024819388e-01	   3.5897129544872058e-01	   5.8562357428381473e-01	   5.3375912643147352e-02	   2.0434087853040542e-01	   5.8862495886494670e-01	   7.3314708958878860e-01	   4.7143838082056100e-01	   3.6795779694034114e-01	   3.4168848516144418e-01	   2.2737536125338770e-01	   2.9392432532537516e-01	   3.4111154909953612e-01	   4.3602519920028160e-01	   5.3456786948073320e-01	   6.4169678477655134e-01	   5.7047933166274212e-01	   7.2421675774974326e-01	   4.9634332636541362e-01	   6.7735891769028200e-01	   6.3840132583746800e-01	  -9.2121031735006687e-02	  -1.8194025679952744e-01	   4.0151590725392405e-01	  -1.9638984778153713e-02	   2.6808955293026837e-01	   3.4019312405176816e-01	   3.1213069411872579e-01	   5.1933322386436132e-01	   4.8199435196385770e-01	   3.7796879779202652e-01	   3.1089840242204758e-01	   2.0350786576166230e-01	
   7.0364199989960230e-01	   4.8631737778128536e-01	   6.9421825371837964e-01	   6.4347527750147582e-01	   6.0912334239062427e-01	   5.7021834527384141e-01	   7.8856375055243533e-01	   7.8354812932259044e-01	   7.6372172491472767e-01	   6.5793556179336576e-01	   9.3969423126982177e-01	   7.4590510850350478e-01	   0.0000000000000000e+00	   7.9935775784239271e-01	   7.0197531367479282e-01	   6.0635973550272537e-01	   2.6496302982549685e-01	   3.1351835589814936e-01	   6.1624437472755500e-01	   5.8206711903449326e-01	   3.4433964335287737e-01	   9.3198457289562442e-02	   5.5985773951119455e-01	   4.7734937826047580e-01	   1.9900871759922950e-01	   3.9856695663248864e-01	   2.3504064803973246e-01	   3.0350472650192351e-01	   3.9647118664070030e-01	   5.0882478116416996e-01	   5.4093209700749734e-01	   5.7410087224947692e-01	   5.9552722186577234e-01	   5.9947104059455214e-01	   3.1928378872672197e-01	   3.6255894729529453e-01	  -6.2385066965171543e-02	   3.8042672622261214e-02	   1.2110906625917180e-01	   3.1484978235603017e-01	  -2.3577406857558902e-01	   1.6787436650580653e-01	   4.8358775099299384e-01	   5.1202879042193006e-01	   5.8041468399602647e-01	   5.5552419351008264e-01	   3.5246382211809857e-01	   4.1758589398092294e-01	   7.2620305115840189e-01	   6.1008793294949193e-01	   6.3867342080402900e-01	   6.3831858884871739e-01	   5.0009550856636353e-01	   6.2506079845361318e-01	   6.0596366152111358e-01	   5.7511124417462545e-01	   3.2414734277741919e-01	   3.6142930406152807e-01	   5.3260955665890553e-01	   5.3358276144742067e-01	   7.6690588389490655e-01	   6.9138378773314124e-01	   4.8272992588983926e-01	   5.4044343800802364e-01	   3.9540177178049646e-01	   5.8233186254589842e-01	   4.5376294997310185e-01	   4.4183283838216991e-01	   4.2949573987682366e-01	   5.6025607159885393e-01	   5.1190520168665110e-01	   5.4466848609221319e-01	   5.2527587896137340e-01	   4.7266373051033483e-01	   4.8789513359446957e-01	   4.7872802909921830e-01	   2.6926996858703739e-01	   2.6738949787504840e-01	   2.0197448779278726e-01	   2.6592326131849947e-01	   4.4836931751903675e-01	   5.4906011788656373e-01	   4.1029811723381171e-01	   3.9288218218311488e-01	   4.9961916308536880e-01	   5.5577631172551401e-01	   1.6815549638405432e-02	   1.4124065905426691e-01	   5.8284176297441148e-01	   7.2862401024645163e-01	   3.7083303615629681e-01	   4.4355601936475625e-01	   2.7741486336003029e-01	   3.4147045159098416e-01	   3.2374012700296140e-01	   3.9926694739464791e-01	   3.3895093703468682e-01	   4.4634667592508281e-01	   5.0142231398754222e-01	   4.3175817504514469e-01	   5.8454769125772887e-01	   5.3932245318010286e-01	   5.0061929452943577e-01	   5.3145587118182824e-01	   1.8856133678245977e-02	   1.0071457524193569e-02	   3.2504525459171851e-01	  -1.0307336673732452e-02	   2.7951375972221215e-01	   2.3660183994822662e-01	   1.6835330052980083e-01	   3.9248989672620904e-01	   5.6559929246993157e-01	   3.8390751990234195e-01	   3.4612317138711723e-01	   2.7999776622409273e-01	
