   0.0000000000000000e+00	   9.1691428181676060e-01	   6.3996067455806416e-01	   6.5584342067947854e-01	   6.1916257946554676e-01	   6.4298118640413038e-01	   7.4913078456690230e-01	   6.8767317929806460e-01	   6.7919626796238386e-01	   4.9601892458269997e-01	   6.9242970401744874e-01	   7.1083624259635170e-01	   6.4307372495615278e-01	   6.6646450046070149e-01	   7.1259603078819667e-01	   6.9115011733786846e-01	   5.7156577009361942e-01	   4.8825168787371531e-01	   8.2840373948284574e-01	   7.8587416832549828e-01	   4.9899297184827957e-01	   5.8381208486605496e-01	   5.9192383378164326e-01	   4.4883628023127514e-01	   3.6221381265318120e-01	   3.2534439384189545e-01	   4.7142227760561400e-01	   4.7581809748205978e-01	   6.2597038566909013e-01	   6.0824131618753174e-01	   6.3567913453870073e-01	   5.8030854630370909e-01	   7.6654980929914274e-01	   7.4996509238753428e-01	   3.4202286148267458e-01	   4.1379288545661547e-01	   5.3520870809679466e-01	   4.7981218955801658e-01	   5.1034186722539521e-01	   6.2673767789854939e-01	   6.2225927573033624e-01	   4.3919255719957595e-01	   6.8071557938747240e-01	   6.7129823163754643e-01	   6.1251330141331528e-01	   7.3529113419187753e-01	   7.5031432387329200e-01	   7.9154692001747040e-01	   7.1987958296003884e-01	   7.0296126996553210e-01	   6.8095259902109317e-01	   7.2591589550212443e-01	   7.0839859238690850e-01	   7.2465455939777490e-01	   7.6582145518442246e-01	   8.0301702898986460e-01	   8.4993119735942657e-01	   7.4501970084983860e-01	   8.0633997784923694e-01	   7.7362242240550416e-01	   7.8761009625209832e-01	   5.5975960381648404e-01	   7.6140961515224836e-01	   6.9457021121240647e-01	   3.8740783686535418e-01	   3.9877421416836301e-01	   6.8183934078385344e-01	   6.6023633649098112e-01	   7.7667533589149595e-01	   5.7056800497493976e-01	   4.2713160880904866e-01	   3.5329904964590020e-01	   7.7631940803051447e-01	   4.2852926536205155e-01	   4.2577187186035670e-01	   7.2279534799062950e-01	   5.7277797039612366e-01	   5.1756282262078435e-01	   6.3267165916439816e-01	   4.1715423396731710e-01	   8.4025399139919554e-01	   6.9587220002818340e-01	   6.8354011165046580e-01	   7.8948620741514486e-01	   7.9691832570492771e-01	   6.8759287150278769e-01	   4.5505218772132772e-01	   4.7095859178245703e-01	   7.1894266277373475e-01	   6.7666221209567212e-01	   6.6553759037380056e-01	   4.6617357502981271e-01	   5.2669819612027424e-01	   6.1497515329033592e-01	   2.4002806020430739e-01	   2.8379188117202320e-01	   5.9941133787761980e-01	   6.9783109881215355e-01	   6.5593624045031707e-01	   7.6835509801495239e-01	   5.5798338961137683e-01	   5.9899060621902611e-01	   4.8126508322552436e-01	   6.2134932546482446e-01	  -2.4642111823613316e-01	  -3.8794706225733550e-01	   8.8385472539286747e-02	  -4.5564648925899079e-02	   9.7331789671458321e-02	   2.5896527627061228e-01	   5.5071253281627108e-01	   6.4502127002066012e-01	   7.2123272984747033e-01	   4.6280634597009385e-01	  -2.1652325392181176e-01	  -3.6729469781043089e-01	
   9.1691428181676060e-01	   0.0000000000000000e+00	   5.7059693770275344e-01	   6.8161888378430135e-01	   6.2773672893898858e-01	   7.4198929736212993e-01	   7.8477505689340155e-01	   7.2325243797349847e-01	   6.5518163420365449e-01	   5.7651434613594765e-01	   7.0020122273072771e-01	   7.1037588895902148e-01	   6.4230487861006558e-01	   7.4026201447773388e-01	   6.4997308204033877e-01	   7.1338117436576920e-01	   6.3320633372709512e-01	   6.5197990871495348e-01	   8.6579324159562576e-01	   8.5174635733749349e-01	   4.7523860020749431e-01	   5.6899977009421487e-01	   5.2496322626454084e-01	   3.9552496835711026e-01	   2.9779346277312696e-01	   2.9127819651480913e-01	   4.2016038133902300e-01	   3.7720800693907197e-01	   6.3867005338515503e-01	   7.4436059966203294e-01	   6.1368629951949938e-01	   5.5359925643187058e-01	   8.2364356540497341e-01	   8.5814668714576448e-01	   3.1280366836345697e-01	   4.1418386012801878e-01	   5.4069324805910413e-01	   5.0610482119301792e-01	   5.6210831146513884e-01	   6.4518605154164366e-01	   6.6333333123943494e-01	   4.8643468224701203e-01	   6.9589798414717730e-01	   6.9581801834115575e-01	   6.3339969643718974e-01	   7.6394001530866584e-01	   7.7665017178350593e-01	   8.2440889399557582e-01	   7.1095297368059951e-01	   7.2512683074305762e-01	   6.8221598595426525e-01	   7.2290114565506614e-01	   7.6075214493099153e-01	   7.4968827534568916e-01	   7.8652386078204328e-01	   8.2932741935178600e-01	   8.9193115902153841e-01	   8.9294092236223443e-01	   7.4733120519203278e-01	   7.8602511175227185e-01	   7.1516410469944336e-01	   5.9078340579118538e-01	   8.4911288154281117e-01	   8.2135934998735027e-01	   2.6626152913581996e-01	   3.4992350750187767e-01	   6.7128619372574505e-01	   6.7473467422999056e-01	   8.4776787320899383e-01	   6.3883149127654948e-01	   4.1875881407537757e-01	   3.8116316690502028e-01	   8.2433325452131179e-01	   5.5399032358117317e-01	   4.4391739659979340e-01	   7.7241146735616384e-01	   6.0452604917375719e-01	   5.8687783408663707e-01	   7.1611290077959044e-01	   5.4453091974552803e-01	   8.9668205056277928e-01	   7.9411184038407034e-01	   7.0012596751850376e-01	   8.4334245105169869e-01	   7.8563436216444948e-01	   7.0737407541387542e-01	   4.4736986663336847e-01	   4.6359948976216042e-01	   6.6739675314084590e-01	   6.7327314103053559e-01	   6.9669213747134129e-01	   4.4874242027387506e-01	   5.2854408237640405e-01	   5.4130321879168464e-01	   2.3948789224215189e-01	   2.7025927710105357e-01	   5.8905638008338945e-01	   7.0923338456845286e-01	   7.4227834601088616e-01	   8.0207984078232619e-01	   6.3198553841003979e-01	   5.9308125485585350e-01	   5.6309988187037141e-01	   6.0360542865360722e-01	  -2.1585913112042437e-01	  -3.7781263274125737e-01	   6.6488861601295746e-02	  -5.4744436099006588e-02	   9.5495313158318565e-02	   2.4234748895731834e-01	   5.7796186440541775e-01	   6.7465563471058976e-01	   7.2523177250090820e-01	   4.3271072281053269e-01	  -2.1800474005082313e-01	  -3.3382183317972391e-01	
   6.3996067455806416e-01	   5.7059693770275344e-01	   0.0000000000000000e+00	   8.1714608378568232e-01	   6.9736686075342891e-01	   3.6396339334373606e-01	   8.0362971996803456e-01	   7.1579998644762777e-01	   6.2256562721497521e-01	   3.2526415073400139e-01	   4.0798625215280215e-01	   3.3348685280295720e-01	   5.6662522463200460e-01	   2.9009804938576306e-01	   7.2382167613273518e-01	   5.7732411652436344e-01	   2.1401222686541968e-01	   6.6235692055121323e-02	   7.0324944561018565e-01	   6.3882575146493403e-01	   4.6104796920681734e-01	   4.6675440229996512e-01	   9.1604338853490508e-01	   8.4435161786776247e-01	   6.7743131391968403e-01	   4.9153786496515922e-01	   6.7647535595673469e-01	   5.2246030773311669e-01	   2.9684296241902663e-01	   2.8360322667843041e-01	   7.3994237531728868e-01	   7.7800784411858748e-01	   6.1897002623471920e-01	   5.9251004094770987e-01	   7.0774988314643583e-01	   6.4746832645765429e-01	   6.5311381524052048e-01	   5.3240516388611003e-01	   5.9217723634867636e-01	   6.6350413244214135e-01	   5.5767562792653791e-01	   2.6818717286138960e-01	   7.5461420398902790e-01	   7.2746903551396214e-01	   6.3095368736653745e-01	   7.4688991337001309e-01	   7.4733769101365377e-01	   7.5912504397620872e-01	   7.5694580102817999e-01	   6.6484051988495285e-01	   7.8533914350530010e-01	   6.9492889139925373e-01	   6.9711607926138952e-01	   6.4735181180882861e-01	   7.2010822354749959e-01	   7.5257076186891458e-01	   5.2187195150794330e-01	   3.6787348888260873e-01	   5.9960020172562922e-01	   4.3573551922529830e-01	   6.5097134162972070e-01	   5.5314275677669156e-01	   4.2952474546824182e-01	   3.2050922893068029e-01	   7.2703307560631703e-01	   6.3721780800453742e-01	   7.5909110227370746e-01	   6.6852604006179006e-01	   4.6884035593402196e-01	   3.3186804398202518e-01	   4.3210218222011526e-01	   3.9803672200438206e-01	   6.2183704596166633e-01	   1.3436400716054456e-01	   2.7533164830167051e-01	   4.9489300956957549e-01	   6.5611489130044798e-01	   5.8233972674384593e-01	   4.5529923028387365e-01	   1.1751254322097957e-01	   5.0782114859322702e-01	   4.5432085024999908e-01	   6.5470933704329115e-01	   6.2183610976663517e-01	   7.7326269640252887e-01	   6.8700711460684150e-01	   5.6344111724754220e-01	   7.1305466219401503e-01	   7.5440704202199849e-01	   7.1967866462204233e-01	   7.1662041912981123e-01	   5.6359817796939193e-01	   6.8836935676016398e-01	   7.4116304154615964e-01	   1.8223309156792999e-01	   2.0233936203344755e-01	   5.5730161752439578e-01	   6.4205475618935071e-01	   6.1797002907859677e-01	   6.8871229275530910e-01	   4.9936097493174036e-01	   6.6120774168517116e-01	   4.4809519396952002e-01	   5.4820327720402406e-01	  -1.8374792394196726e-01	  -2.9475811061531404e-01	   1.6764171206351430e-02	  -7.2158637061539743e-02	  -3.1770963916361115e-03	   1.9571595712976866e-01	   6.4618105202368081e-01	   6.3515173599895380e-01	   6.6033265492347559e-01	   5.1045617519316622e-01	  -1.4353544474144847e-01	  -3.7735307272998120e-01	
   6.5584342067947854e-01	   6.8161888378430135e-01	   8.1714608378568232e-01	   0.0000000000000000e+00	   6.8666728904121554e-01	   5.5837446109910316e-01	   8.3031463813431994e-01	   9.1950256084008553e-01	   6.7001503691463016e-01	   6.1284333993720252e-01	   5.2378857152513758e-01	   4.6631816013550964e-01	   6.9799210405090573e-01	   4.8970866017032177e-01	   6.6712586475058933e-01	   7.5738503813564151e-01	   2.2553570802307454e-01	   1.1785288737195498e-01	   8.1874720792957079e-01	   7.9407438231949001e-01	   3.6831067353119212e-01	   4.1177306552382537e-01	   7.9431932996337851e-01	   7.9417702658309675e-01	   5.3428036095807629e-01	   4.6216314482882065e-01	   4.8712564595997909e-01	   3.5304765124771625e-01	   3.3007166668226889e-01	   3.9018260928129539e-01	   6.8861240759388209e-01	   7.3534708090215672e-01	   6.9389056469361132e-01	   7.0682520418941830e-01	   6.1523435366687695e-01	   6.9646800963544564e-01	   6.1970352517939564e-01	   6.1335700160775286e-01	   5.6898361518883567e-01	   6.9731192107878681e-01	   6.0582871478756850e-01	   3.3311403937883577e-01	   7.3569435458594679e-01	   6.7183613030947453e-01	   5.6561870749479737e-01	   6.9205996593473829e-01	   7.7337923693558308e-01	   7.8966075936635471e-01	   6.9721331547688392e-01	   7.0194979498828824e-01	   7.1464901518833857e-01	   6.1193520015253544e-01	   7.8465426998858545e-01	   7.0357042005661219e-01	   7.2309977431558736e-01	   7.6160203361520040e-01	   6.0223841175502879e-01	   4.6705822507774236e-01	   6.1931071943833871e-01	   5.5173631239398069e-01	   6.8342554188515447e-01	   7.6512748784917373e-01	   5.2620819449378220e-01	   4.0149457368568620e-01	   5.3505144367119151e-01	   6.8615278415462155e-01	   7.1129478713108596e-01	   6.6524789358534175e-01	   5.8948988645163269e-01	   3.9356151336296574e-01	   3.9694462861107599e-01	   4.8789257130879515e-01	   6.6639740411981574e-01	   1.8914479671278722e-01	   2.4745548367564291e-01	   6.0018567403245360e-01	   7.7404159867087186e-01	   7.3279931344247717e-01	   4.4267131617245536e-01	   9.1754027532287147e-02	   5.7095835635324699e-01	   4.5783600397300150e-01	   6.6594959736805182e-01	   7.3414619973102346e-01	   7.2057329447703966e-01	   6.8440231124175421e-01	   4.8146408504169369e-01	   6.6726859569138108e-01	   7.1141049552122204e-01	   8.2513541111420063e-01	   8.4684063399128573e-01	   6.2716658047748042e-01	   8.0288368713878389e-01	   6.9049617370379701e-01	   2.1003312573959038e-01	   2.2894966864208285e-01	   5.2933289319396049e-01	   6.6088473259219849e-01	   6.8423140570571916e-01	   7.3576647953469765e-01	   5.1558935163020836e-01	   6.3861859987146641e-01	   3.6679731509310243e-01	   4.9221784610650454e-01	  -3.3313319997713892e-01	  -4.0832516682517495e-01	  -2.4315159921460907e-02	  -1.3492645822759811e-01	   5.1369008831127133e-02	   2.2679987465755272e-01	   7.3438931051286838e-01	   6.8255904171733450e-01	   6.8436194123668836e-01	   4.3103666332040919e-01	  -2.6385386774920139e-01	  -4.6705663057881608e-01	
   6.1916257946554676e-01	   6.2773672893898858e-01	   6.9736686075342891e-01	   6.8666728904121554e-01	   0.0000000000000000e+00	   7.2557613029977475e-01	   8.1885988591783898e-01	   6.4281342353650350e-01	   8.3283879721238008e-01	   6.3910489892738687e-01	   3.4244103292775840e-01	   3.7298126709623747e-01	   4.9893266416832893e-01	   4.5667943582062609e-01	   6.5368251256344412e-01	   6.2017844249900200e-01	   3.7372851088137704e-01	   3.2134296777288029e-01	   7.3300176712875564e-01	   7.1983796042604264e-01	   6.1984353041946982e-01	   6.3232784506242123e-01	   5.9130829502987903e-01	   4.5890701555144298e-01	   5.0011804215163802e-01	   3.1152573266560757e-01	   5.1737354653728063e-01	   3.2962307891749576e-01	   3.8627088616156174e-01	   4.8389637466782909e-01	   7.6310595187546881e-01	   6.6502231146331514e-01	   6.2412285690434055e-01	   6.1033551995360225e-01	   3.2414327696361855e-01	   4.2820935269688931e-01	   3.8905231209098257e-01	   2.2512837241597144e-01	   3.2419421264332043e-01	   3.8309442224276824e-01	   4.4340439919862085e-01	   1.3496480605829572e-01	   6.0761762845651612e-01	   5.4195994996710017e-01	   6.6969080642320900e-01	   6.1565591807405151e-01	   6.8262011946705858e-01	   6.5131752201726989e-01	   5.9742155497556626e-01	   5.7710592142765427e-01	   5.6694474432448005e-01	   5.0363015891604657e-01	   6.8995818343851234e-01	   7.2345062800296844e-01	   5.6703295198526760e-01	   5.7644377671859737e-01	   6.0434820465648531e-01	   4.8002758119599453e-01	   5.5796763110751535e-01	   5.4021533049365489e-01	   4.4777961526296844e-01	   5.0821496230391172e-01	   5.6151637738560067e-01	   4.6239229591255859e-01	   1.9176973861487898e-01	   3.3537657399628940e-01	   5.7611001217838198e-01	   4.9400538623866980e-01	   5.6853970792365438e-01	   4.5138385939386250e-01	   4.6268661057195221e-01	   4.1093008630231731e-01	   6.9335082632802081e-01	   1.7738735868119435e-01	   2.9820179181365464e-01	   4.6806063034594148e-01	   4.8251261557498937e-01	   3.7826289411485148e-01	   4.4828666254863042e-01	   2.4387592946347270e-01	   6.3520622439356789e-01	   4.9871899108022316e-01	   5.7815567114992295e-01	   6.4722935534052473e-01	   6.7181658527323251e-01	   4.5797493729804861e-01	   3.1003367105923951e-01	   3.8489363697572665e-01	   4.3830323937190857e-01	   5.0896518993674977e-01	   6.8390452630222076e-01	   5.2282824798515548e-01	   5.7053515671936172e-01	   5.2545893361152107e-01	   2.4266189802283925e-01	   2.4702999153102401e-01	   4.3507142062213566e-01	   5.1012545356116679e-01	   6.3343683208521462e-01	   6.9131527339528742e-01	   6.1375723737199539e-01	   5.8868069210650353e-01	   4.9931267768046517e-01	   5.6708725672341420e-01	  -6.9577428240926664e-02	  -1.8359739479085466e-01	   8.9774068754181202e-02	   1.0596475234413999e-01	   1.2657314287848881e-01	   2.4206591569123170e-01	   5.3347237673590686e-01	   5.8156379344738685e-01	   5.5951594055205334e-01	   3.8993544386970763e-01	  -5.8044078345016507e-02	  -1.4806797239436523e-01	
   6.4298118640413038e-01	   7.4198929736212993e-01	   3.6396339334373606e-01	   5.5837446109910316e-01	   7.2557613029977475e-01	   0.0000000000000000e+00	   6.8006134037932175e-01	   6.3617931725035093e-01	   7.4061171682384275e-01	   8.3527533264581155e-01	   4.3354282337614769e-01	   5.8217777752361988e-01	   5.1794333614450527e-01	   7.4147846899670677e-01	   5.4993583170276550e-01	   7.3717727579895498e-01	   4.2591346516095030e-01	   5.1306079902665847e-01	   7.1474540187410374e-01	   7.4583541607030157e-01	   4.7942450666251546e-01	   5.3471564375745584e-01	   3.0113510128957122e-01	   1.7285625980720057e-01	   1.6495614228531313e-01	   1.8038640560962310e-01	   3.5921821949399879e-01	   3.4942238783094459e-01	   4.2037049860139181e-01	   6.0026472352700744e-01	   4.6545634694690663e-01	   3.4250714961389067e-01	   5.6923988082134469e-01	   6.1632256922739626e-01	   2.1318694303452772e-02	   1.9352514765715750e-01	   2.4452843976892297e-01	   2.8262675458088854e-01	   2.9886989386398310e-01	   3.9875087264688880e-01	   4.7158616679170473e-01	   2.4434995526325898e-01	   5.0376281128103173e-01	   4.5602245591757418e-01	   5.3912982060854486e-01	   5.0605335472775925e-01	   5.7915286284544742e-01	   5.9741857034951451e-01	   5.4703287836053760e-01	   6.0234254616501692e-01	   4.6599324098095979e-01	   4.7570416304061747e-01	   6.7258095632587955e-01	   6.2851954216789685e-01	   5.6063979078419113e-01	   5.9228585963014491e-01	   6.7722559257127135e-01	   6.3835150805878282e-01	   5.8032999959120324e-01	   6.9032179492211787e-01	   4.6006467375457943e-01	   5.3011363717049231e-01	   6.4165218978629068e-01	   6.4611836639302211e-01	  -6.7874920311050579e-02	   1.4067942892700264e-01	   3.7090257793891257e-01	   3.7833102060597779e-01	   6.5168937614590827e-01	   5.2757806264463791e-01	   3.3884141412524055e-01	   3.7763291019437384e-01	   6.6688051959665784e-01	   3.3106368873526593e-01	   4.0392773483709943e-01	   6.4833688660933109e-01	   3.9754952318175718e-01	   3.7851331726330351e-01	   4.8855218632745934e-01	   3.7603425694857862e-01	   6.6098466986574467e-01	   5.8678768953816718e-01	   5.3100558738030279e-01	   6.6425208495521870e-01	   5.6085764329914034e-01	   4.1465704732039166e-01	   2.7137114502990378e-01	   2.2160927341740977e-01	   4.6353690571248307e-01	   4.8100975773203997e-01	   6.2277133257886774e-01	   4.2067027925822326e-01	   4.6974933145454634e-01	   3.7466233746693417e-01	   8.4539393609827623e-02	   1.0091394870098491e-01	   2.9202790607941043e-01	   4.0681187736746710e-01	   6.0192896841297516e-01	   6.3519874429923950e-01	   6.5689663391553088e-01	   4.9439996468934511e-01	   4.9127808690128794e-01	   4.4499952798409703e-01	  -1.0992197283800716e-01	  -2.1927431904353201e-01	   1.2373982982294285e-01	   1.1564486619123904e-01	   2.3903238026120960e-02	   1.0133174426595289e-01	   4.6571762109341602e-01	   4.5412102045719893e-01	   4.8989674642799619e-01	   2.3968599168971752e-01	  -1.5466507708566785e-01	  -1.7049380954159865e-01	
   7.4913078456690230e-01	   7.8477505689340155e-01	   8.0362971996803456e-01	   8.3031463813431994e-01	   8.1885988591783898e-01	   6.8006134037932175e-01	   0.0000000000000000e+00	   8.4146868450618606e-01	   7.5030229340379928e-01	   5.7776789252299676e-01	   5.9655249271597299e-01	   5.3494412612548659e-01	   7.1820491351773696e-01	   6.3468943426414071e-01	   6.9611743255483416e-01	   6.9522425368153540e-01	   3.9653592327130188e-01	   3.6237400612748843e-01	   8.0933908576962343e-01	   7.9875448939358762e-01	   4.9597960903680427e-01	   5.4091290203698994e-01	   6.8049718384205415e-01	   5.7196735324122083e-01	   4.2602475296088965e-01	   3.0345627204996251e-01	   4.7696790859476995e-01	   3.1138160119541569e-01	   4.2760501640989357e-01	   5.1327587804487562e-01	   7.4586306735934293e-01	   6.9590281001084553e-01	   7.8747128844656633e-01	   7.9455546685969658e-01	   4.4400071996920121e-01	   5.4897616758956436e-01	   5.8122234689224961e-01	   4.9906385847493068e-01	   5.2783508446839766e-01	   5.9963725590796035e-01	   5.7564165428695779e-01	   3.2394387591935669e-01	   7.2658737564586839e-01	   7.1030096019640565e-01	   6.9178964804272403e-01	   7.8280654496605684e-01	   7.9139625438470551e-01	   7.9285483921510558e-01	   7.4067328288950107e-01	   7.4410528054773484e-01	   7.0988993612276796e-01	   6.7028791071544624e-01	   7.5559979383323039e-01	   6.9813258902399478e-01	   7.1730486286920725e-01	   7.6311678338837796e-01	   6.8671680082417286e-01	   6.1581630227799256e-01	   6.2698290154262226e-01	   6.2038397144705182e-01	   6.8394151201872577e-01	   6.5312414608505587e-01	   7.1909448389991026e-01	   6.5463129990860003e-01	   3.8676752729236730e-01	   5.1605552084712647e-01	   6.9713209333322590e-01	   6.6774717026578412e-01	   6.3989435430630892e-01	   4.3624678479549400e-01	   4.0258705747345824e-01	   4.1756433271194149e-01	   7.7913856307502549e-01	   3.0720271686879308e-01	   3.4213840616672486e-01	   6.1658863995734026e-01	   6.6743394786494048e-01	   6.1906217583364387e-01	   5.1305964497119305e-01	   2.5285134295296041e-01	   7.2803754859238179e-01	   6.0893536103949653e-01	   6.2682167459460025e-01	   7.4659061546325844e-01	   7.7722329174203808e-01	   6.2772489593397229e-01	   4.3505594407655857e-01	   5.3019454379557840e-01	   6.1804711376537402e-01	   6.6357921605856596e-01	   7.7081535806108115e-01	   6.0774123889611842e-01	   6.6088935986502950e-01	   6.4441223130018765e-01	   2.9300137383594149e-01	   2.9345404118063312e-01	   5.8615501247617630e-01	   6.6255191800422264e-01	   7.6348163031038141e-01	   8.1415911373262073e-01	   6.3587736576250498e-01	   7.0002548545304777e-01	   5.3500258021297109e-01	   6.4676216878648740e-01	  -2.2715175685877181e-01	  -3.5018226729007496e-01	   2.4026787358469130e-02	  -1.1061600109809656e-01	   1.1311137071414554e-01	   3.2861991769461502e-01	   6.6059808416667387e-01	   7.3037641819797638e-01	   7.4138347659154713e-01	   4.6189147335603087e-01	  -2.0640038219547113e-01	  -3.4516703499176093e-01	
   6.8767317929806460e-01	   7.2325243797349847e-01	   7.1579998644762777e-01	   9.1950256084008553e-01	   6.4281342353650350e-01	   6.3617931725035093e-01	   8.4146868450618606e-01	   0.0000000000000000e+00	   6.8451349292981467e-01	   6.3010909061368259e-01	   6.2252951127669875e-01	   5.9216278266380440e-01	   7.6163348815904297e-01	   6.1673958652690197e-01	   6.4392622560530832e-01	   7.5094813021633167e-01	   2.9239605845335181e-01	   2.2351297217428012e-01	   7.7026714118277995e-01	   7.4806138571826497e-01	   3.7011954640424777e-01	   3.7378360961226464e-01	   6.8295232827022723e-01	   6.7461441506466968e-01	   4.4860022869395011e-01	   3.8931824256704106e-01	   4.2893360595646013e-01	   3.2310543248007151e-01	   3.7947499356540115e-01	   4.3246668060556193e-01	   6.3212846790324106e-01	   6.5054942833242668e-01	   6.3643897645244585e-01	   6.7775804121459715e-01	   4.6426142119240865e-01	   5.3544031282960469e-01	   5.7316897692546431e-01	   6.0756620210299417e-01	   4.9355216139613750e-01	   6.0699259792858240e-01	   5.5349274687280803e-01	   3.6343862002865579e-01	   7.3379779462589423e-01	   6.8943479918728823e-01	   5.6066554845249228e-01	   6.7004499196582779e-01	   7.3471534692763329e-01	   7.4192305391671476e-01	   6.6865454873855146e-01	   7.3309953092679292e-01	   6.6909570945786867e-01	   6.3279082201553127e-01	   7.5457591795338974e-01	   6.6538519251071426e-01	   7.0505662834411509e-01	   7.3012984430295835e-01	   6.3531452284314049e-01	   5.1396502518956455e-01	   5.9882456071832979e-01	   5.7211182886940659e-01	   7.0671480300512557e-01	   7.7812577516523351e-01	   6.0941524416541126e-01	   4.9779529559125935e-01	   4.5871496868197226e-01	   6.5489385120906440e-01	   6.1611972044460861e-01	   6.0406954049712380e-01	   5.6781596762031472e-01	   3.1317254885341766e-01	   3.3689021178508832e-01	   4.7683617718283666e-01	   6.5230136560086716e-01	   2.3257885330578670e-01	   1.7364796991582238e-01	   6.3228084459282852e-01	   7.0524220719501396e-01	   6.8281395366709696e-01	   4.5823625694586101e-01	   1.3992297136225557e-01	   6.0665215321898502e-01	   5.2572145505097656e-01	   5.8940213445763623e-01	   6.7783881460864204e-01	   7.2913840347710779e-01	   6.7773387125842843e-01	   4.3196899138725697e-01	   6.1521653600599668e-01	   6.9410451289942632e-01	   7.3357392181529146e-01	   8.2196293722182168e-01	   5.6478294408597540e-01	   7.8879737993971777e-01	   6.2246845881858293e-01	   2.7240597350097839e-01	   3.2012433697130782e-01	   5.3605844808679470e-01	   6.3292205534302681e-01	   6.9610013130013459e-01	   7.3755620801833377e-01	   5.4450409891982765e-01	   5.8288688496385410e-01	   3.8011084209158702e-01	   4.8524345383521200e-01	  -3.0089185387165585e-01	  -3.7723181927876709e-01	  -1.2555060106739291e-01	  -1.7849081973612366e-01	   1.5300578460134590e-01	   2.8825446701792840e-01	   6.9918457460484706e-01	   6.8953807965187630e-01	   7.8038670080972583e-01	   5.1552239968431468e-01	  -1.9186355163216731e-01	  -3.7148331716008814e-01	
   6.7919626796238386e-01	   6.5518163420365449e-01	   6.2256562721497521e-01	   6.7001503691463016e-01	   8.3283879721238008e-01	   7.4061171682384275e-01	   7.5030229340379928e-01	   6.8451349292981467e-01	   0.0000000000000000e+00	   7.3343724412175515e-01	   4.8187096592184192e-01	   4.8207323986623984e-01	   6.8461091424850440e-01	   5.8698628828746324e-01	   7.6151993400772811e-01	   7.2563665450668569e-01	   3.3070244626445600e-01	   2.6694320190736909e-01	   7.0787240634209758e-01	   6.9695065199368045e-01	   4.5330701684742192e-01	   5.0793282471560064e-01	   5.6392370574909689e-01	   4.2733503791059635e-01	   4.7460590399141139e-01	   3.3212018633201174e-01	   4.7396994522156477e-01	   3.8866381857318411e-01	   3.7444432969643004e-01	   3.8592507115517738e-01	   5.3748808842122986e-01	   4.5808292622352431e-01	   5.2725239032201587e-01	   4.9303466830431658e-01	   2.6113734698469265e-01	   3.3976296238740311e-01	   4.2271310095521142e-01	   3.5087750620373148e-01	   4.1445732224103304e-01	   4.6711541001476897e-01	   4.3994448120968543e-01	   1.3260164536999938e-01	   6.4846686192283731e-01	   6.1379477744870925e-01	   6.1666309071907310e-01	   6.1425448722174891e-01	   7.3573322897614912e-01	   7.1166747624674309e-01	   6.6308872250823880e-01	   6.6311970588342684e-01	   6.3202948897049671e-01	   5.6999559834534130e-01	   7.3705577124501798e-01	   7.3977508051302698e-01	   6.8561699675451815e-01	   6.5426429352485749e-01	   6.6034224081058013e-01	   4.9950296648661807e-01	   6.3807430850253233e-01	   5.6752417561314028e-01	   5.9630212255382442e-01	   5.8625639088794390e-01	   5.3804012733319351e-01	   4.5639852400642034e-01	   2.9566159734643777e-01	   4.2596997654048363e-01	   5.4732734082792533e-01	   4.5225756461811228e-01	   6.1297316405645119e-01	   5.1635361948372771e-01	   4.0741411740878375e-01	   4.3819486044713729e-01	   5.9791599448255706e-01	   1.1787871545804132e-01	   1.6794939800987213e-01	   4.7888082657872311e-01	   5.2095186288069228e-01	   4.3923634231076636e-01	   4.0460581176928501e-01	   1.8429047524390771e-01	   6.1011741292537613e-01	   5.7034550915059401e-01	   5.5327592277023641e-01	   6.3330283968289247e-01	   6.7886516477165448e-01	   5.3019187469751794e-01	   2.5926493694997332e-01	   3.7989647397099657e-01	   5.8309562842576024e-01	   5.7586993400805764e-01	   7.4179316599982037e-01	   6.1272705468591682e-01	   6.4054846215434735e-01	   6.5641039932559220e-01	   2.6604599412336710e-01	   2.5125957422344647e-01	   5.2309480130750197e-01	   5.4839740711326301e-01	   6.7002811998348011e-01	   7.3087400068263142e-01	   6.0842155305343459e-01	   6.6100900102407745e-01	   5.2058422697261919e-01	   6.2212355335907776e-01	  -3.8717076010695822e-02	  -1.4948369915157766e-01	   1.0837071133557749e-01	   1.1416317934737052e-01	   1.1787148874766558e-01	   2.2790069742519997e-01	   5.7922575930177511e-01	   5.8188340913829684e-01	   5.8286555884604474e-01	   4.3615720303290967e-01	  -3.7661136336590628e-02	  -1.4030301965300168e-01	
   4.9601892458269997e-01	   5.7651434613594765e-01	   3.2526415073400139e-01	   6.1284333993720252e-01	   6.3910489892738687e-01	   8.3527533264581155e-01	   5.7776789252299676e-01	   6.3010909061368259e-01	   7.3343724412175515e-01	   0.0000000000000000e+00	   3.5394595001212287e-01	   4.5095150634876735e-01	   5.2543991548861302e-01	   6.4008070588532262e-01	   5.5599162454715712e-01	   7.9865847489036246e-01	   2.2800915335607025e-01	   2.4548586638214617e-01	   6.0996018158926169e-01	   6.5998642550119735e-01	   3.0693047473892854e-01	   3.2615399460046290e-01	   2.8847477064455096e-01	   2.1101916099373136e-01	   5.8116666108793964e-02	   1.7046535650129993e-02	   1.9320850190867722e-01	   1.7942336617569016e-01	   3.0258627631527285e-01	   4.0299877973338161e-01	   3.1280838691209800e-01	   2.3602100534523235e-01	   4.3545524420159309e-01	   4.6183688201640549e-01	   4.2369002075270681e-02	   2.4399138021395844e-01	   2.6397406662074541e-01	   2.6067078386478404e-01	   2.8032896947877917e-01	   3.4341725746728791e-01	   4.2781261618509420e-01	   1.0592091037193191e-01	   4.4598314588197924e-01	   4.0221208620678051e-01	   4.4107995131489974e-01	   4.0471561634716596e-01	   5.4360403834748894e-01	   5.3420613993790911e-01	   4.4929887254601214e-01	   5.4091026904784234e-01	   3.8427498044931924e-01	   2.9513232503155834e-01	   6.5658092012598834e-01	   5.5037331603530648e-01	   5.3118953703839478e-01	   5.2647540510930069e-01	   5.5800233334040772e-01	   4.4079653025038007e-01	   4.6632008534620134e-01	   5.6289208531410906e-01	   3.7713459900757673e-01	   5.4614205555418249e-01	   4.7211350041022021e-01	   4.3842724987164489e-01	   1.2491318832914482e-02	   2.2929975960790278e-01	   2.7134290387961257e-01	   2.5964616898095283e-01	   5.1463742979110927e-01	   3.9139074933084139e-01	   1.9291515634626252e-01	   2.8962001678283134e-01	   4.2737017108199987e-01	   9.1081274247517302e-02	   1.3405747291070244e-01	   4.7199504534904529e-01	   4.1385817408880921e-01	   4.0534204108532434e-01	   3.0769586752198280e-01	   1.2832621101565317e-01	   4.8162829959629405e-01	   4.2348610803761916e-01	   5.2686942345532228e-01	   6.3010706783063708e-01	   4.9603529126120249e-01	   3.7283582434902812e-01	   2.0574379444655072e-01	   1.9766215361456965e-01	   4.4613430245987928e-01	   5.0301431610832614e-01	   7.0246293339286603e-01	   5.6402071114093777e-01	   5.8049533286117716e-01	   4.3247206179598419e-01	   1.8995707301546338e-01	   1.6493135660373301e-01	   3.1341873371686985e-01	   4.1804241524264735e-01	   6.2399512539370583e-01	   6.1712943668912723e-01	   5.7460954753917948e-01	   5.1205318946798384e-01	   4.0200963315807081e-01	   4.5207245152182085e-01	  -9.8552531609603797e-02	  -1.6736821568735738e-01	   8.5937585884906381e-02	   1.1250778434641501e-01	   1.0319786727147867e-01	   1.4581393683931451e-01	   5.0271411803165755e-01	   4.8956817535254316e-01	   4.5737101610260322e-01	   2.4670561114806555e-01	  -7.4563677036405637e-02	  -1.1051230607196177e-01	
   6.9242970401744874e-01	   7.0020122273072771e-01	   4.0798625215280215e-01	   5.2378857152513758e-01	   3.4244103292775840e-01	   4.3354282337614769e-01	   5.9655249271597299e-01	   6.2252951127669875e-01	   4.8187096592184192e-01	   3.5394595001212287e-01	   0.0000000000000000e+00	   7.3123805947921328e-01	   7.9414695399429491e-01	   7.0362842668715642e-01	   5.7454891007266984e-01	   5.3049590843499306e-01	   3.4051244039588535e-01	   4.0382818812854443e-01	   6.2198278950364694e-01	   6.1550908357644429e-01	   1.7572342601588165e-01	   1.9818159051203907e-01	   4.1222190161313610e-01	   3.1712008294279975e-01	   1.9307694492695765e-01	   1.8659904132886973e-01	   1.9192175215767202e-01	   1.7320478650237975e-01	   5.1531518872790305e-01	   4.8393042794683794e-01	   4.4423932754432371e-01	   4.2034585825712611e-01	   5.4945272038257675e-01	   6.5016605885821399e-01	   1.8322241176871429e-01	   2.3749523192746907e-01	   3.7360431553669088e-01	   4.5293788585580808e-01	   3.2299897425971802e-01	   4.1943189187368080e-01	   3.8394751337031707e-01	   3.6651136400538731e-01	   4.4962043444631244e-01	   5.2274485380256563e-01	   3.8759446589048430e-01	   4.9780606721195197e-01	   4.8791919218414159e-01	   5.2204510745103694e-01	   5.1164915571111913e-01	   6.4689758262043617e-01	   4.9500605070641579e-01	   5.6487462333560590e-01	   4.7445462214087009e-01	   4.7322053676638764e-01	   5.0234193152757989e-01	   5.5956536196773021e-01	   5.7911478999910704e-01	   6.1881241540305909e-01	   5.2234009251355529e-01	   5.6012651441743588e-01	   6.5252885645852898e-01	   5.7522236682227867e-01	   7.2043248546194416e-01	   6.4719477331292130e-01	   2.7717228966052870e-01	   4.1978612596309051e-01	   3.8820618524734285e-01	   4.1142071998360569e-01	   4.8412463532239663e-01	   2.0852366087635327e-01	   1.9083456081452754e-01	   1.6219340335387297e-01	   5.8097004691201160e-01	   3.1118735032673145e-01	   3.0084637829777372e-01	   6.1444230140135159e-01	   3.4889868239723554e-01	   3.1145338957751706e-01	   3.8951448918735565e-01	   2.2971364419121748e-01	   5.7380679785399646e-01	   5.6739413189044829e-01	   4.3418281175760953e-01	   5.5627600439258162e-01	   6.1100247315214151e-01	   5.0650074960822500e-01	   2.6438608128764962e-01	   3.3023725940522408e-01	   5.1126754414883013e-01	   4.5291052114271024e-01	   4.7861117427526934e-01	   3.6050331294562254e-01	   4.7611756447884224e-01	   4.5995427128493205e-01	   4.1054985712025149e-01	   4.8193732976446746e-01	   5.0542927842915508e-01	   5.5455313786872995e-01	   4.3684803352387569e-01	   5.3864835354723373e-01	   3.3699420184687368e-01	   4.2296639431157840e-01	   1.8956176361858135e-01	   4.3426529110597367e-01	  -3.0354073202147364e-01	  -3.5611184696057768e-01	  -1.3135613474245078e-01	  -2.1217482695109752e-01	   3.1083022523107606e-01	   4.3346176716531715e-01	   4.8235640609873937e-01	   5.2782940360885455e-01	   5.9837961034265064e-01	   3.7072004969113115e-01	  -1.6306428425511532e-01	  -2.2781152472763289e-01	
   7.1083624259635170e-01	   7.1037588895902148e-01	   3.3348685280295720e-01	   4.6631816013550964e-01	   3.7298126709623747e-01	   5.8217777752361988e-01	   5.3494412612548659e-01	   5.9216278266380440e-01	   4.8207323986623984e-01	   4.5095150634876735e-01	   7.3123805947921328e-01	   0.0000000000000000e+00	   6.0437826073694301e-01	   8.3469717764608986e-01	   6.4692491399694863e-01	   6.9155099884866933e-01	   3.0945371798099580e-01	   3.5491936862900347e-01	   5.9062611161594958e-01	   6.3177001389987875e-01	   4.5574379972453982e-01	   4.1469375399699338e-01	   3.5451317266348825e-01	   2.9183021217324201e-01	   1.4509585301544045e-01	   2.4056182928280001e-01	   3.8341184293022379e-01	   3.9787187529731100e-01	   5.2357069764653652e-01	   5.9292208313437400e-01	   4.6799108278567420e-01	   4.3237528418664306e-01	   4.5229060766686624e-01	   5.9993927899690891e-01	   1.1891650479353373e-01	   2.1188632974878233e-01	   2.8240331256213080e-01	   3.6393520710904259e-01	   2.0498421760625654e-01	   4.3878634069710071e-01	   4.1459446296385916e-01	   3.0210800414924571e-01	   4.8852916017859549e-01	   4.6839648926932165e-01	   3.9408064949182831e-01	   4.3540732888411615e-01	   4.6913913597556028e-01	   4.9684727120448757e-01	   3.8770460199368789e-01	   5.4812485177180470e-01	   3.8281820283728463e-01	   4.6500436279223956e-01	   3.9424565456376526e-01	   3.5592802730356726e-01	   4.3118157967439863e-01	   4.9381388602324650e-01	   5.0007602136495921e-01	   5.0033981015956308e-01	   5.1045970277523978e-01	   6.3054773017034027e-01	   5.7700828448336106e-01	   6.2006423390788068e-01	   5.9256835057336121e-01	   5.8772728164507737e-01	   2.2653205393145637e-01	   3.7671338662535109e-01	   3.0623061384757411e-01	   3.9113867673795250e-01	   5.5662285672019796e-01	   3.5246366029600545e-01	   3.2127744008898146e-01	   2.6776146322292310e-01	   5.3094054999567764e-01	   2.8281571838863451e-01	   3.8392327829988759e-01	   6.1446400624552477e-01	   2.5750752087388329e-01	   2.7359685867920591e-01	   4.2067819691606567e-01	   2.7963697917253683e-01	   6.2742991156520578e-01	   5.5273099222812028e-01	   5.9237577733140079e-01	   6.5371299372499247e-01	   6.9265673422320184e-01	   5.8171145885525322e-01	   2.2284447083244024e-01	   1.8821548928231568e-01	   5.2083458682025519e-01	   4.6476892563657796e-01	   4.1974025944198090e-01	   1.4561266624768313e-01	   3.5495574454814899e-01	   2.2298264243734539e-01	   1.7489668354634991e-01	   3.0013147073125274e-01	   3.6245236133386194e-01	   4.7205750784359518e-01	   3.4023855464194525e-01	   3.9291207689040969e-01	   3.4710929805188395e-01	   1.7285168480716717e-01	   1.3839119890980345e-01	   1.9222554848384085e-01	  -1.9518853315759288e-01	  -2.6107485793652557e-01	  -1.7080029204540315e-01	   1.7750652623392732e-02	   1.9747151115315198e-01	   1.7401094118372723e-01	   3.9379801862896524e-01	   3.9807026270721468e-01	   5.4404354556065448e-01	   3.9617277816582497e-01	  -1.9399862818268235e-02	  -1.3232545220171654e-01	
   6.4307372495615278e-01	   6.4230487861006558e-01	   5.6662522463200460e-01	   6.9799210405090573e-01	   4.9893266416832893e-01	   5.1794333614450527e-01	   7.1820491351773696e-01	   7.6163348815904297e-01	   6.8461091424850440e-01	   5.2543991548861302e-01	   7.9414695399429491e-01	   6.0437826073694301e-01	   0.0000000000000000e+00	   6.8330062494709698e-01	   6.8974487443242449e-01	   6.9181552686044279e-01	   3.1244177628491487e-01	   2.7408917086369378e-01	   6.4430655668743997e-01	   6.5534706369334716e-01	   2.4339117763995582e-01	   2.5030319702673126e-01	   6.1026400379215373e-01	   5.1236096418731458e-01	   3.9636689437749284e-01	   3.4283501664236798e-01	   3.2428623748485508e-01	   2.0748651612459496e-01	   4.9911338839080255e-01	   4.4446696817952158e-01	   5.3439563805561363e-01	   5.2515204380440583e-01	   5.6129091743209925e-01	   6.0046336176082593e-01	   2.8917485817371236e-01	   3.5492640185299129e-01	   5.3496966011253833e-01	   5.8094734113793844e-01	   4.8881848319768806e-01	   5.4743734401249466e-01	   4.4106401855946770e-01	   3.4268556485580703e-01	   6.2058471803505044e-01	   6.4526543192656227e-01	   5.1392691381796818e-01	   5.6575309741599789e-01	   6.8215579632088730e-01	   6.7206878653689217e-01	   6.2585065319160105e-01	   6.8200834110634778e-01	   5.9932202894463005e-01	   5.2677354356049255e-01	   6.6833583198939872e-01	   6.0243256313157234e-01	   6.5596929480714083e-01	   6.4239679937210625e-01	   5.6990950113038008e-01	   4.8635908201905914e-01	   4.8303454599939710e-01	   4.4150104798099238e-01	   6.4323898348114139e-01	   6.5592439687734516e-01	   5.7938666241123205e-01	   4.9431356834477169e-01	   4.3243965042758292e-01	   5.3702432104760378e-01	   4.2053912286399420e-01	   3.9176781073153522e-01	   5.0292547718793201e-01	   2.9553134836755734e-01	   2.0658755940593743e-01	   2.3900455432324938e-01	   5.8865037357954597e-01	   2.1548224947273326e-01	   1.4135580395334249e-01	   5.8464749056048537e-01	   4.6570293425793235e-01	   4.3481020758765010e-01	   3.9071231081448604e-01	   2.2054606172776459e-01	   5.8876814458607396e-01	   5.6980002003655961e-01	   4.4093033872927556e-01	   5.9011440891326905e-01	   6.2804408826301739e-01	   5.4038594113607752e-01	   2.9242976661668191e-01	   4.1548778009316295e-01	   5.6304875778481001e-01	   5.3249563947710365e-01	   6.7967890486251026e-01	   5.7067376885228360e-01	   6.2379355855186325e-01	   6.0669900309453906e-01	   5.0081230963980972e-01	   5.2617141145008328e-01	   6.6031070337321041e-01	   6.9242724187944948e-01	   6.3517020670887059e-01	   6.8112792298424885e-01	   3.9873413251618550e-01	   5.6556969076522723e-01	   3.3773242584362934e-01	   5.7811679373673475e-01	  -1.6625391326111918e-01	  -1.9346822342824796e-01	  -8.1956810930502777e-02	  -9.4931486961970818e-02	   3.3607910323956092e-01	   4.9238149412105181e-01	   6.9849810441110960e-01	   7.1126696149883673e-01	   6.7697657267661759e-01	   5.3308627133032382e-01	  -4.1359594310759286e-02	  -1.8258400471538502e-01	
