   0.0000000000000000e+00	   5.0523388948141146e-01	   5.3844157302350248e-01	   5.2739534478790739e-01	   5.4213746795384621e-01	   5.3381016040156015e-01	   6.5385844527464432e-01	   4.3421872891709057e-01	   5.3860144213763128e-01	   1.2046045713737177e-01	   5.6875235777573752e-01	   3.0662122455863527e-01	   4.4133317185765175e-01	   3.3870673840217663e-01	   4.5153557112007614e-01	   3.2939369668326979e-01	   5.0477324036615416e-02	   8.9420258904687744e-03	   5.1523975159581936e-01	   4.2899069857507882e-01	   4.1958421533390944e-01	   3.5048750939887002e-01	   3.5398148668427570e-01	   3.2725500881155034e-01	   3.4286317249579096e-01	   3.8617985728572268e-01	   2.8333394589442223e-01	   2.8139345348976152e-01	   2.0388998706452849e-01	   1.3722507244497925e-01	   3.2106916004774372e-01	   3.1631520069276331e-01	   4.2853808875466454e-01	   3.9181017801669749e-01	   2.6828536430742322e-01	   2.7628500333583067e-01	   3.2723519216674030e-01	   3.0959868219209308e-01	   5.0395381593278799e-01	   3.1118884330315277e-01	   4.3537514024686108e-01	   3.1921232783625653e-01	   5.1623175510389852e-01	   4.8672353605845164e-01	   4.7123469856773692e-01	   4.5571954419151339e-01	   4.4556109829797053e-01	   4.2790662444617478e-01	   4.4123049262488234e-01	   5.5868933650055164e-01	   6.3681154602721368e-01	   4.8141005185685437e-01	   5.5369955059993969e-01	   5.1143209859948957e-01	   5.2442003492660683e-01	   6.0765326202748504e-01	   3.4509347459552975e-01	   3.1665535063857320e-01	   6.2045710448444447e-01	   4.9384176900906562e-01	   6.1506828537596658e-01	   2.9788620025199597e-01	   5.4959745867741094e-01	   2.4918957415074991e-01	   4.8134426769333943e-01	   4.4480618288343415e-01	   6.7909274952351284e-01	   5.4901476654385339e-01	   6.5548687372257564e-01	   6.2247577132038068e-01	   4.8409893086593303e-01	   3.8879507368783317e-01	   3.5678904570411318e-01	   3.3961956309295660e-01	   3.9405704905581329e-01	   2.3205215770082316e-01	   5.5436576665413539e-01	   3.8507843310453238e-01	   1.9395717838423832e-01	   2.4379315385273082e-01	   3.7615335391644789e-01	   4.1136550536323246e-01	   3.9376311106447415e-01	   3.1606328903074937e-01	   4.8926842577668123e-01	   5.6457503551537702e-01	   4.1792869724288739e-01	   3.1410192378535051e-01	   5.7881842887826906e-01	   6.2157806120698533e-01	   3.8526419851573424e-01	   4.8064494024946547e-01	   2.0258976305650189e-01	   3.9782932182795050e-01	  -2.5531062864157083e-02	  -4.5048153643851743e-02	   2.1730750335772275e-01	   2.7382336032699595e-01	   3.3597393994806712e-01	   4.1395508170054662e-01	   5.1744534416477736e-02	   1.8073106462899879e-01	   1.8456778001299365e-01	   1.6575730788067033e-01	   2.6306049571484375e-01	   1.6573423664188253e-01	   2.4712108793387616e-01	   3.4572850656906473e-01	   9.1145241607163863e-02	   4.2697196313862831e-02	   2.0634478404890177e-01	   2.6008323844839626e-01	   2.9055777098193170e-01	   2.6354221466025529e-01	   2.0549174889143829e-01	  -1.8166030705546143e-01	
   5.0523388948141146e-01	   0.0000000000000000e+00	   2.8917534975423298e-01	   4.1820538765450765e-01	   3.5963632708082449e-01	   5.1754538614870149e-01	   3.1095670815233828e-01	   4.1463016671327080e-01	   3.3846811869553439e-01	   4.1068997053083156e-01	   3.0981626754149516e-01	   5.5893734275994911e-01	   3.5733179369519530e-01	   5.4889417410249608e-01	   4.1660342641513631e-01	   3.7738472670325579e-01	   4.3851434180132398e-01	   4.0537940223211472e-01	   6.0758614690928869e-01	   6.5351676632642797e-01	   4.4948492724487082e-01	   4.4878045242857117e-01	   2.7539445183968864e-01	   3.1114575693815505e-01	   4.0884752013982023e-01	   4.3299638904346116e-01	   1.1438841366288531e-01	   2.0289093001634784e-01	   5.5712813041760922e-01	   3.4715232753827208e-01	   3.8362900465976885e-01	   3.5386586164496492e-01	   4.4055776313517381e-01	   4.6881897654516258e-01	   2.5158849831175922e-01	   2.6881604850846053e-01	   4.2898437191773897e-01	   4.6324446884478171e-01	   5.6853926541080013e-01	   5.3672749960109667e-01	   4.7365696261740375e-01	   4.7003753432434636e-01	   5.4460593665808488e-01	   5.6022905813974933e-01	   5.3168745303182230e-01	   5.3087117783244209e-01	   6.3097978919957531e-01	   6.4788311980700275e-01	   5.9969212693818974e-01	   6.1323611289516955e-01	   5.5293712478666202e-01	   5.4077234099220262e-01	   6.3885534175557468e-01	   6.0442133141461596e-01	   6.0689766200563833e-01	   7.0982550290471902e-01	   6.6053249252793123e-01	   5.1819095536840321e-01	   2.8944542163040077e-01	   3.6103571948331920e-01	   3.3026241595719941e-01	   5.3434615107544781e-01	   2.0004979135536663e-01	   3.5328406642101023e-01	   2.7952517395909193e-01	   4.4646672767688489e-01	   3.6467229306641791e-01	   4.4569652573987262e-01	   6.9303495454990061e-01	   6.5089932866335309e-01	   4.1513552488157457e-01	   5.8736088690193033e-01	   6.5261737836287459e-01	   6.7744465831533662e-01	   6.6920456964006358e-01	   6.8205803709033419e-01	   5.9293292317294366e-01	   6.0788275527733715e-01	   5.7112733256637493e-01	   5.9329392815429927e-01	   6.6520175529030623e-01	   6.5142980231824765e-01	   4.5881156390218969e-01	   3.2476211118049175e-01	   4.0989362227027915e-01	   4.5810414300243807e-01	   4.3596090552651184e-01	   3.7630481113628717e-01	   5.1644696742855722e-01	   6.3470554185732364e-01	   4.6400519296020859e-01	   3.7681413767810917e-01	   2.5410460242428118e-01	   2.4750076138936261e-01	   1.6840995417686694e-01	   2.0825065497852011e-01	   3.2015088862060831e-01	   5.3545959201704951e-01	   5.6087849610695883e-01	   5.3266079342564943e-01	   2.8765101077740829e-01	   3.4334342965418685e-01	   3.6481733611670553e-01	   2.0735848341789753e-01	   2.5626594761664739e-01	   1.3726530939956949e-01	   3.8165503511926813e-01	   3.4404146086550724e-01	   9.8522734720216318e-02	   2.0657561708435163e-01	   3.5246147943641093e-01	   4.1492386706163203e-01	   4.9671281581600346e-01	   5.0814106068190956e-01	   3.8162291664547465e-01	   1.3162803995727707e-01	
   5.3844157302350248e-01	   2.8917534975423298e-01	   0.0000000000000000e+00	   7.6401474110255196e-01	   3.3388296778192561e-01	   3.4179791032915163e-01	   8.1947776401655792e-01	   3.6435090830440409e-01	   2.5070576715634707e-01	  -4.6122207098182544e-02	   2.2225901314979823e-01	   1.3363242519876783e-02	   3.3800177412382104e-01	   1.7458690621149686e-01	   6.6801790049667653e-01	   4.2705170227595013e-01	  -2.6032911337381537e-01	  -1.9379995247088611e-01	   6.4119021269578091e-01	   5.2817338206460673e-01	   3.1370901903570003e-01	   3.0093587019382101e-01	   8.5231765833725837e-01	   7.3500227366751525e-01	   6.8897198029941498e-01	   6.5061951362377957e-01	   2.5811731835662066e-01	   2.2448165503011175e-01	  -2.2900990764950113e-02	  -1.2599567741881049e-01	   5.2237748947212270e-01	   5.3614037001319348e-01	   4.0892097983876974e-01	   3.0776945549884638e-01	   7.2631247317575287e-01	   6.2814440750002420e-01	   4.4724841654673092e-01	   2.8380666027096146e-01	   4.4843417016079223e-01	   2.5685243586142037e-01	   2.9085153747808135e-01	   1.3932011381870921e-01	   6.9348943969213506e-01	   6.2951341110827452e-01	   6.0747310534440346e-01	   4.3640576124113695e-01	   5.8884704590998271e-01	   5.7423512420604617e-01	   4.4702341521974248e-01	   3.3522943235944003e-01	   4.0197197595866496e-01	   3.5100542934800033e-01	   3.7598004665145057e-01	   4.8348479526684435e-01	   4.9700331033747414e-01	   5.1482586011347964e-01	  -7.5820128706442225e-02	  -9.6436494206524462e-02	   1.9350568487095032e-01	   5.6355059527201049e-03	   3.9856547484391708e-01	   4.1034241586687149e-03	   8.9728805189640284e-02	  -1.2794547724920408e-01	   7.4474950689220576e-01	   3.8132286712605179e-01	   6.2618673736548036e-01	   4.4377027101875188e-01	   6.6099647386094784e-01	   6.2909528947727611e-01	   3.9456360425295928e-01	   3.7469128790692791e-01	   1.2070715486437898e-01	   9.8641350565797245e-02	   2.5556166498619115e-01	   8.9568321583514840e-02	   3.5008184738308668e-01	   2.3218985153000574e-01	   3.6237987827830762e-02	   1.6253978838749933e-01	   6.5255357460362373e-02	   4.9491493976806283e-01	   4.8935245267702693e-01	   3.4701776764676240e-01	   8.2877857921562692e-01	   6.7538740470597480e-01	   5.6837805400185504e-01	   5.7362529727219935e-01	   7.3688812561892370e-01	   5.9250578765219564e-01	   4.0800000837066430e-01	   5.2082651619103548e-01	   4.0252871345959529e-01	   6.2992759927331177e-01	  -4.0167110666814804e-02	  -3.8318253530356151e-02	   3.0973240066291308e-01	   2.0212984639004763e-01	   3.5027739936281732e-01	   2.9526049540291832e-01	  -2.9016009777915737e-03	   3.1549211820207895e-01	   9.4977247871969372e-02	  -9.3399282484119949e-03	   2.5165951944459336e-01	   2.3058113613191589e-01	   1.1313466503321520e-01	   1.4272560448971622e-01	   9.9785305779913763e-02	   1.2844636838654125e-01	   4.3802776047364284e-01	   3.3949051616778303e-01	   2.6639384134788591e-01	   4.0886571927218834e-01	   4.2245509520306934e-01	  -1.5317630720551273e-01	
   5.2739534478790739e-01	   4.1820538765450765e-01	   7.6401474110255196e-01	   0.0000000000000000e+00	   5.4345173211703512e-01	   5.9826242475330504e-01	   7.5184496087817831e-01	   7.8604168915334449e-01	   3.6136202704210452e-01	   3.1640868740658229e-01	   1.0765626333488578e-03	   3.3650348298855542e-01	   3.8422947895433178e-02	   4.0228528175562284e-01	   4.9588006389146355e-01	   6.9915215145062315e-01	  -2.0375990949702566e-01	  -2.2315421017044546e-01	   5.8711313068515147e-01	   5.6709024305384814e-01	   3.0828124665287820e-01	   3.8553697793147801e-01	   7.7613794495492816e-01	   8.7307204441374520e-01	   6.1379876897748409e-01	   7.0283354281497035e-01	   2.6032612948272738e-01	   1.4265504699820131e-01	  -1.1303165933971301e-01	  -7.1733603302648233e-02	   4.2245741498133615e-01	   5.6067792159920049e-01	   4.3520108070320368e-01	   4.6546185703412812e-01	   6.7795511662643237e-01	   6.7565436486586639e-01	   3.6254210530186370e-01	   3.3936948777945131e-01	   4.7069313461284135e-01	   4.2789993030199636e-01	   2.7263407647110438e-01	   2.3663284731022921e-01	   6.8113565791252073e-01	   6.5541349020434003e-01	   6.0373002009719490e-01	   5.4659854210566672e-01	   5.8792203110430441e-01	   6.0635228865711222e-01	   4.3951780471041091e-01	   3.8522008504567262e-01	   3.7422299603060438e-01	   4.2090358522157667e-01	   4.5154320730052433e-01	   6.0933472219275209e-01	   4.1772648125970352e-01	   5.1666470291688726e-01	   7.6372605177220165e-02	  -1.3851901900788791e-01	   1.2397038297497102e-01	   1.3856382736021017e-01	   3.2455845528998239e-01	   3.7437657122514506e-01	  -8.3571807943124105e-02	   5.7735939725321705e-02	   7.2449429521022513e-01	   6.6230440955339298e-01	   6.2094861926525502e-01	   6.5413495468266269e-01	   7.4160859900728848e-01	   6.7234784528158742e-01	   3.8794008745698427e-01	   5.0524899683700153e-01	   1.5118934562053521e-01	   1.8696163479931588e-01	   3.2204011002920685e-01	   2.6324142202029716e-01	   3.9030309834983951e-01	   3.9939512905779045e-01	   5.5358691200502949e-02	   1.4157807566941139e-01	   1.7754576104888048e-01	   5.4336226313829095e-01	   5.5518905827181253e-01	   4.9834706318551814e-01	   8.0136103483108290e-01	   8.2474162315570032e-01	   6.2780021239501926e-01	   6.8392636718593036e-01	   7.7689730094222698e-01	   8.0144115354062917e-01	   5.7531570383735975e-01	   5.1742551890372068e-01	   6.8150839526031393e-01	   6.2877449258894136e-01	  -1.7534339058537471e-01	  -9.8565590390058966e-02	   1.0810666656658434e-01	   1.2673757082505827e-01	   3.1786758055783609e-01	   3.0331491678979139e-01	   2.7248342753584176e-01	   3.9453813325050019e-01	   2.7236490555816117e-01	   8.2835539267717223e-02	   2.1903515869193840e-01	   1.5994764585978444e-01	   2.3436774181781445e-01	   1.7843711834914522e-01	  -6.9004570253532127e-02	  -4.3833210935060027e-02	   4.1292371164053493e-01	   3.2562061907003637e-01	   3.0438808527012612e-01	   5.3827268819275631e-01	   4.3930108989826322e-01	  -2.4858932276308099e-01	
   5.4213746795384621e-01	   3.5963632708082449e-01	   3.3388296778192561e-01	   5.4345173211703512e-01	   0.0000000000000000e+00	   7.0348471210361885e-01	   5.6651006232475054e-01	   6.0449911828036507e-01	   7.4872725026184495e-01	   3.7399900749783904e-01	   1.7917513172526592e-01	   4.0664468152459704e-01	   1.6368426424781030e-01	   2.9679807152826437e-01	   3.4447560963925034e-01	   5.0779279405931499e-01	   2.6068643890816409e-02	   4.2641750407977554e-02	   5.6147944697917074e-01	   5.4093207932241572e-01	   2.7150642238314715e-01	   1.9015775721104128e-01	   3.3321453509301319e-01	   3.9361596079105676e-01	   3.4631337313435617e-01	   3.5039910535421226e-01	   3.0294312682476532e-01	   1.9038036273452016e-01	   2.0499159691985386e-01	   2.8311563968393305e-01	   2.2300834703914940e-01	   2.7469216976215383e-01	   2.6392773734664970e-01	   3.3545654789833790e-01	   1.3016259761090399e-01	   1.1104307279906545e-01	   1.5498319255500087e-01	   3.6663858154885864e-01	   2.1273439334889907e-01	   2.1026516615767610e-01	   1.2531241403654125e-01	   7.6874809622549320e-02	   3.6118067075890792e-01	   3.7309379667278747e-01	   3.5252851964048482e-01	   3.5989113479669022e-01	   3.6481214870685630e-01	   3.8157734429961399e-01	   1.7676021815753717e-01	   3.0960973222328780e-01	   2.1356963814342272e-01	   2.5343565343096874e-01	   3.4811049862358512e-01	   5.2209232985057308e-01	   1.1006157985703718e-01	   3.5051818892170888e-01	   2.0427298373265290e-01	   1.3470262836509489e-01	   2.7852927484645223e-01	   2.7920635587341747e-01	   3.6393073380798291e-01	   2.8431444313137788e-01	   2.6570072679144185e-01	   2.3749708352487578e-01	   3.5770847801677036e-01	   3.5618172609237675e-01	   4.6394861639671292e-01	   4.6267803233537685e-01	   6.2532918632442258e-01	   5.4092391942982365e-01	   4.1260574956991247e-01	   3.8587746917965415e-01	   3.0777083908613623e-01	   2.9871522070262135e-01	   3.2012588744775172e-01	   2.5489491890598814e-01	   3.6828429801613849e-01	   4.3114827622822494e-01	   2.9959606347275056e-02	   1.5343974784351927e-01	   2.9809029805103715e-01	   3.8535769678083609e-01	   3.5420821980148326e-01	   3.1668422587239065e-01	   3.4595717246727276e-01	   4.9946060333603143e-01	   3.2558241975603414e-01	   3.3779782871803415e-01	   4.1218971786997993e-01	   5.2959012276694484e-01	   5.7871732208128690e-01	   5.7023208594382579e-01	   5.3406662553194906e-01	   5.0982581758672829e-01	  -1.3593676490534981e-01	  -1.8202559165158483e-01	   1.1104349244765435e-01	  -5.5308967922003342e-02	   3.3586206142042974e-01	   4.1679469506964578e-01	   3.5422430470221822e-01	   3.9839225005976453e-01	   3.0985460477640647e-01	   2.5555856530218246e-01	   3.3933293873955406e-01	   2.8162634024624700e-01	   2.8363934469020713e-01	   2.1432799994632978e-01	  -7.8658655808492794e-02	   4.4812598083812757e-02	   2.7509422915315063e-01	   3.8629923876319677e-01	   4.3759111963147690e-01	   3.6662010707571369e-01	   2.6625561737220099e-01	  -2.0790272301520318e-02	
   5.3381016040156015e-01	   5.1754538614870149e-01	   3.4179791032915163e-01	   5.9826242475330504e-01	   7.0348471210361885e-01	   0.0000000000000000e+00	   4.3108490090141305e-01	   5.8504747291401138e-01	   6.2142253302192696e-01	   5.7950588924527069e-01	   2.4566513543414471e-02	   4.6572883910112750e-01	   6.1848796615112632e-02	   5.4782315744912868e-01	   4.6019104775135089e-01	   7.1491591314707736e-01	   5.1074122882849675e-02	  -6.4629792528314856e-02	   5.6233816892381749e-01	   5.5952824064093398e-01	   6.4689988316833547e-01	   6.5016462211051906e-01	   4.4910512768958943e-01	   5.1426097134474347e-01	   5.7017923741728160e-01	   6.5361727965636740e-01	   6.3128030383918521e-01	   5.9104677592775112e-01	   2.0503070794689243e-01	   3.4627054495730114e-01	   4.9356539484396544e-01	   5.5027054529355635e-01	   3.7035414576277004e-01	   4.5052327745400989e-01	   3.3769546092476510e-01	   3.5875882527617942e-01	   2.5339331286371269e-01	   3.5977043543197557e-01	   2.7602996666492330e-01	   3.2002804332647983e-01	   3.5652124284601350e-01	   3.3932358178173949e-01	   4.3077954350774927e-01	   4.5598570767146218e-01	   4.5351329535060414e-01	   4.7173169155082861e-01	   4.5481221006509620e-01	   4.7176884252840623e-01	   4.0591593351929778e-01	   3.9680196092832654e-01	   3.4153478916404545e-01	   3.4114561810157584e-01	   4.8952642639470989e-01	   5.2953205387832614e-01	   2.2800339637239070e-01	   4.4499305675220502e-01	   3.0264067654431204e-01	   8.8862253252414231e-02	   2.6029375012576272e-01	   2.7748508421360074e-01	   2.0747989238995171e-01	   3.8954703357240433e-01	   1.2611207967825733e-01	   1.6853331875100647e-01	   2.8575736435197974e-01	   3.7493636907568978e-01	   3.9678974382976406e-01	   4.6964886278644824e-01	   6.6097697323816951e-01	   5.7814197942494339e-01	   5.6415549704641754e-01	   6.7111766408504081e-01	   4.0540371578257695e-01	   4.7346534980864796e-01	   4.2331212241021732e-01	   5.1030256856081702e-01	   4.2844786604876861e-01	   4.4618836426000841e-01	   2.9758729306490661e-01	   2.4276896157799971e-01	   4.0253903518183981e-01	   5.0472730875994820e-01	   5.1127495269375178e-01	   5.5091657708222175e-01	   5.0095865791520489e-01	   5.8621936437119060e-01	   3.8187525427407593e-01	   4.5815085230994668e-01	   4.5774246568770760e-01	   6.8561907187329285e-01	   4.3436015473751144e-01	   3.3448995008524868e-01	   4.0991728650028147e-01	   2.9732950730085805e-01	  -2.0700778999799105e-01	  -1.3120277763569979e-01	   6.5837763291821130e-02	   1.4555393057055785e-01	   3.7427711175657508e-01	   3.5274293991943284e-01	   3.8911146385316409e-01	   2.9716349145763504e-01	   3.9155407981257656e-01	   1.1936420062813846e-01	   1.0478753589338721e-01	   1.0631539816167755e-01	   3.0778845274525590e-01	   2.5001149407012219e-01	  -1.0201264004165819e-01	  -1.0118158833783578e-01	   2.6805368352414899e-01	   2.8984922288348008e-01	   4.2090369988236254e-01	   3.9055133935115816e-01	   2.2996288069848600e-01	  -2.0081182745335141e-01	
   6.5385844527464432e-01	   3.1095670815233828e-01	   8.1947776401655792e-01	   7.5184496087817831e-01	   5.6651006232475054e-01	   4.3108490090141305e-01	   0.0000000000000000e+00	   6.5895562281349518e-01	   4.7463230390305289e-01	   9.0219093510751663e-02	   3.4377253513051043e-01	   1.5388660099700682e-01	   4.2167780059311016e-01	   2.2068311048036232e-01	   5.4226628415455924e-01	   3.5918207692889909e-01	  -2.2183598414156352e-01	  -1.7960072007222275e-01	   6.0752149972457103e-01	   4.6485814942653242e-01	   2.4362004327337050e-01	   2.0637715418460789e-01	   6.3032373434098932e-01	   5.8670929344791545e-01	   4.1098503039959167e-01	   4.4502553294582631e-01	   1.9050256106792576e-01	   1.7612463972312520e-01	   4.7770126959084863e-02	  -3.3729083920609200e-02	   3.3215568633353210e-01	   3.8184877148195756e-01	   4.1827907090137839e-01	   3.3920809037096455e-01	   4.5645911080715090e-01	   4.1315298473914996e-01	   2.2502066809358126e-01	   1.5443681256206884e-01	   3.3781788284420866e-01	   2.1720005210953658e-01	   2.0906460272997168e-01	   2.0161478114999887e-01	   5.6315827348168201e-01	   5.2161737627689875e-01	   5.5692049405527866e-01	   4.8057431805324180e-01	   4.8334299118256963e-01	   4.9580338340203345e-01	   3.3368563664242962e-01	   3.6039276341167736e-01	   3.8939343731956300e-01	   3.4315906550716818e-01	   3.4856841038827668e-01	   4.9651258815783994e-01	   3.8313143494232715e-01	   4.7894419193217264e-01	  -1.6211542669119394e-02	   7.9745760560099715e-03	   2.6870564855469042e-01	   1.8346291815364951e-01	   5.7662455424416770e-01	   1.9423457247635845e-01	   2.4810239497456815e-01	   9.5848293169260426e-02	   6.7853983354393210e-01	   4.8054073349582188e-01	   6.9204147458352872e-01	   5.7253075983540003e-01	   6.5402973371901574e-01	   6.2441460557650541e-01	   3.6891810018138382e-01	   3.5129156005200596e-01	   1.6578144843258910e-01	   1.5506515736318405e-01	   2.5377984539372134e-01	   1.2260577542677700e-01	   3.6466056208711423e-01	   2.4956401106341414e-01	  -5.6893476099241835e-02	   1.2890002014063948e-01	   1.0252871575391481e-01	   4.1334357160180968e-01	   4.5408519870154840e-01	   3.4057222191285608e-01	   6.2827232660303878e-01	   6.0729175210625663e-01	   5.6659527570298507e-01	   4.6697074450517306e-01	   6.3431837443287598e-01	   6.2026306042257551e-01	   4.0836009281052521e-01	   5.0167060140933939e-01	   4.1127058071068334e-01	   5.7784785105485859e-01	  -1.3891406895976383e-01	  -1.3558957696475937e-01	   1.4818762599346075e-01	   6.5384376834730085e-02	   2.4514224530531642e-01	   2.6490646140058383e-01	   7.6824495972048074e-02	   3.7335803762550784e-01	   1.3298192612789106e-01	   4.1972774500023464e-02	   2.2722689779140887e-01	   1.3857630423402129e-01	   1.6557427581664053e-01	   1.4189204309790260e-01	  -1.0452752102556942e-01	  -5.4822329862745482e-03	   3.4356525224697654e-01	   2.5264107893344123e-01	   2.6293799389813799e-01	   3.2228804728809946e-01	   2.6620833077160938e-01	  -2.5079638900516577e-01	
   4.3421872891709057e-01	   4.1463016671327080e-01	   3.6435090830440409e-01	   7.8604168915334449e-01	   6.0449911828036507e-01	   5.8504747291401138e-01	   6.5895562281349518e-01	   0.0000000000000000e+00	   4.7137053331272782e-01	   5.0088830558367792e-01	   3.3698591811986651e-02	   5.2700344852703473e-01	   6.5874292726255917e-02	   5.1290436816122909e-01	   2.4098350014906228e-01	   5.3452948504229802e-01	  -8.1282556203751549e-02	  -1.4203667932474878e-01	   4.4042350834186567e-01	   3.8120464483576000e-01	   1.9628060606552325e-01	   2.6266674852828270e-01	   4.0545124371781727e-01	   6.0846968360265008e-01	   2.5065216563402959e-01	   4.2238882698748587e-01	   1.6163296810537597e-01	   4.9520047569324821e-02	  -3.0864150417730676e-02	   6.1829690653657510e-02	   1.6922840402721295e-01	   3.3566577615601301e-01	   3.6886848271368844e-01	   4.5701029114473224e-01	   3.0997594569696540e-01	   3.9069835391790991e-01	   9.9868117314970140e-02	   1.9823471003234189e-01	   2.7170425075092414e-01	   3.7007419492666055e-01	   1.5522114558679478e-01	   2.4280435402617279e-01	   4.4309738327010006e-01	   4.5619493914650799e-01	   4.8136408415854859e-01	   5.3042873781558020e-01	   4.1603492678385445e-01	   4.7377133351232736e-01	   3.1766011917764037e-01	   3.7678554868371361e-01	   2.7009632369648406e-01	   3.4853784645748570e-01	   3.8398556837694764e-01	   5.2413806997542012e-01	   2.4993606196691559e-01	   3.9891449566837528e-01	   1.2384586939454906e-01	  -5.7731830784246777e-02	   4.8614719705977985e-02	   2.2729642848989254e-01	   3.6292472252540142e-01	   5.9139450787509729e-01	  -3.5891629902502081e-02	   2.5837620239568315e-01	   5.1406114302093298e-01	   6.9443402602110615e-01	   4.6683256415185448e-01	   6.4262957295043821e-01	   6.0841967130163133e-01	   5.5553749125715801e-01	   2.7837595187209380e-01	   4.1000550395070845e-01	   1.5496766488955849e-01	   2.3433865696137934e-01	   2.5587950681019977e-01	   3.1845067677452360e-01	   2.8773560113208674e-01	   3.9496237652835847e-01	  -1.5935126126992113e-03	   9.3086992278295713e-02	   2.3924261139533920e-01	   3.6137021192777641e-01	   3.8121826231364303e-01	   3.8214355565032865e-01	   4.4497116128934333e-01	   6.0307441823902130e-01	   4.5999206803405235e-01	   4.4951102968242396e-01	   5.1047722310036292e-01	   6.7709500215950003e-01	   5.2863103451398918e-01	   3.9292029020734148e-01	   6.5326106152963637e-01	   4.2055652698720869e-01	  -2.8017046751490715e-01	  -1.9023462489165102e-01	  -3.3534081227905001e-02	  -4.0446305955360140e-02	   2.3442505943935757e-01	   2.8537402706088677e-01	   4.2203037761216078e-01	   3.9685977192619554e-01	   3.3714099010778792e-01	   1.2695036307245733e-01	   1.6394848522618752e-01	   6.1165263239708251e-02	   3.1217627792131691e-01	   1.4467865137402117e-01	  -2.6653508660812719e-01	  -1.8980617688060678e-01	   3.1550599622643294e-01	   2.1309811444889037e-01	   2.7023300707050801e-01	   3.8232086368739010e-01	   2.2970470881795030e-01	  -2.7176172632670381e-01	
   5.3860144213763128e-01	   3.3846811869553439e-01	   2.5070576715634707e-01	   3.6136202704210452e-01	   7.4872725026184495e-01	   6.2142253302192696e-01	   4.7463230390305289e-01	   4.7137053331272782e-01	   0.0000000000000000e+00	   4.8693892713689901e-01	   3.2588509237367858e-01	   4.5205903861554325e-01	   2.3280730263779520e-01	   3.0281577377890845e-01	   4.7420519973487330e-01	   4.6830582739956006e-01	  -4.9760285731252227e-02	  -1.1747023222941700e-02	   4.4559154956377728e-01	   3.8759065625630312e-01	   4.4136296352469379e-01	   2.4826047166590853e-01	   1.8921587199112261e-01	   2.4611910195106174e-01	   3.1467402352283602e-01	   2.4144975616924763e-01	   4.9101914345497821e-01	   4.3396215559857837e-01	   1.0137079856536073e-01	   1.7459786893206736e-01	   1.2949073520171395e-01	   1.2906752427067433e-01	   1.3376102199785544e-01	   1.9140876672620824e-01	  -2.4313253374386494e-02	  -8.0322279672015190e-02	   3.7652533878626583e-02	   3.5430838919563956e-01	   1.8234541385578540e-01	   2.8460992771795890e-01	   3.6732456186066666e-02	   8.6846941198976998e-02	   2.0191566904524977e-01	   2.2357072942201595e-01	   1.4370761366686130e-01	   1.1304323439800831e-01	   2.1353121889920307e-01	   2.1874116906263541e-01	   8.4487278779015490e-02	   2.2994805890570533e-01	   1.5488080208047356e-01	   1.6105208910087904e-01	   2.1687836097546431e-01	   3.4669680484772364e-01	   6.5558715051851679e-02	   3.0705095358331430e-01	   2.1939569287288518e-01	   1.8815675495012274e-01	   3.5341241968891679e-01	   3.3097820799449629e-01	   5.0283218792935236e-01	   3.7248468615543673e-01	   3.4445690157495823e-01	   2.4598108216600412e-01	   3.7759113613763862e-01	   3.7497930610121188e-01	   3.3210431982424660e-01	   3.0722212452253184e-01	   5.5733085360416279e-01	   4.8832268506027510e-01	   4.3384246302726193e-01	   3.6101518874840566e-01	   2.7226554158333216e-01	   2.3589086968494391e-01	   1.8836599021603118e-01	   2.8802343882382486e-01	   1.8391299671082226e-01	   1.9594740506668856e-01	  -4.8756299917062332e-02	   9.2823327806284647e-02	   2.1754623124179931e-01	   2.8298031221574654e-01	   1.4025381797252959e-01	   1.4027807995846947e-01	   2.0177178826718656e-01	   2.5921603424043460e-01	   1.2253521661252198e-01	   1.3116122656100165e-01	   2.1298237883698212e-01	   4.3616918930480197e-01	   4.6161794212215551e-01	   5.0004544120396155e-01	   3.7312472602980029e-01	   4.2896693467187885e-01	  -1.7377725039181563e-01	  -6.5509030427266537e-02	   4.1084490687971445e-02	   9.2126720373971654e-02	   2.8691831526426481e-01	   3.9996329932864982e-01	   2.7810182403375422e-01	   4.4423026588491299e-01	   3.2682134918757810e-01	   3.7801758597039514e-01	   3.3228297550623798e-01	   3.1742545336150063e-01	   2.9134179174037028e-01	   3.8650846329182742e-01	  -5.3991648371392621e-02	  -7.3949780059576281e-02	   9.2817301578778849e-02	   1.9549273589007204e-01	   4.4800120339485022e-01	   3.4927420497386130e-01	   2.4942355860652804e-01	   8.0116896443888572e-03	
   1.2046045713737177e-01	   4.1068997053083156e-01	  -4.6122207098182544e-02	   3.1640868740658229e-01	   3.7399900749783904e-01	   5.7950588924527069e-01	   9.0219093510751663e-02	   5.0088830558367792e-01	   4.8693892713689901e-01	   0.0000000000000000e+00	   2.7443415362452948e-02	   6.2474110254828719e-01	   3.7249926652448619e-02	   5.2221813696094943e-01	   2.0534177090359512e-01	   4.7773828412553049e-01	   3.2119930794191183e-02	  -7.9451399663225244e-02	   1.7938130907420077e-01	   1.3717431376653924e-01	   2.0061757607312558e-01	   2.0746674346881069e-01	   5.1237684960111246e-02	   2.2784156362998581e-01	   2.2194554010240808e-01	   2.2832577156245731e-01	   2.5389586815949539e-01	   2.0730349845395085e-01	  -3.1844040053589526e-02	  -3.2206094269064386e-02	  -2.5679357891436570e-02	   3.3885123315612067e-02	   7.5636526089822242e-02	   1.7650540823762556e-01	   3.0412402462108259e-02	   6.3735436243258031e-02	  -3.9630816776157665e-02	   1.2830675075004710e-01	  -2.7470975807472445e-02	   1.2619436057468764e-01	  -5.1064566402984200e-02	  -1.9062799873876698e-02	   1.2887487304186224e-01	   1.4715589189459677e-01	   9.6065035480590560e-02	   1.6609593488456748e-01	   2.0184071047319840e-01	   2.1312853995420117e-01	   1.4813761756609420e-01	   1.3829889324897907e-01	   6.5050486789978573e-02	   7.9699530746424052e-02	   2.8064098120169767e-01	   2.3638986481857321e-01	   1.3776978182579952e-01	   1.9045127570080275e-01	   3.1616615647978086e-01	   1.5392688915347664e-02	   1.0948129480803362e-01	   2.8792856508690723e-01	   2.1144815778581486e-01	   6.8690353712451646e-01	  -2.6853411774963232e-01	   6.0986565928210786e-02	   2.6553984641125883e-01	   5.2680066660693781e-01	   1.1715955868153667e-01	   3.0025961633598480e-01	   3.9412427365008518e-01	   3.4784126871320586e-01	   2.5906022857409405e-01	   3.0307473702880033e-01	   1.4244096654867194e-01	   1.9367008809493758e-01	   2.3479070643393596e-01	   4.3539259772328942e-01	   1.4706432754849003e-01	   1.8441752258376556e-01	   5.1301740320096940e-02	   1.0081546254546941e-02	   1.4845987973428346e-01	   1.5761487318237530e-01	   6.0826940183300093e-02	   1.1897812415361037e-01	   1.1959755172757811e-01	   1.2748175345036356e-01	   1.6324689537740383e-01	   9.4036112611616235e-02	   2.7578502112545422e-01	   4.4330329287363246e-01	   2.6674172887326530e-01	   1.6593128013644221e-01	   3.2352377025966716e-01	   1.2593104260932736e-01	  -4.7899863582449582e-02	   7.3761775022175333e-02	   2.6610293032562342e-02	   1.9063477171845689e-01	   1.7780010790978079e-01	   1.9341520892406983e-01	   2.4508874333100672e-01	   3.0363066237998931e-01	   2.3691708701417913e-01	   2.3530206177656571e-01	   3.9726902367057171e-02	   2.7525822195981011e-02	   9.9601481091806832e-02	   2.3233092636898423e-01	  -5.5905943867573457e-02	  -1.7200296844404528e-01	   9.6427040454011875e-02	   1.1411242525302775e-01	   2.6744452084219761e-01	   2.2690805219087617e-01	   1.4156306491696663e-01	   2.5659710699922060e-02	
   5.6875235777573752e-01	   3.0981626754149516e-01	   2.2225901314979823e-01	   1.0765626333488578e-03	   1.7917513172526592e-01	   2.4566513543414471e-02	   3.4377253513051043e-01	   3.3698591811986651e-02	   3.2588509237367858e-01	   2.7443415362452948e-02	   0.0000000000000000e+00	   3.1800356478800462e-01	   8.1767378171343508e-01	   2.3282163034401054e-01	   3.9161481167754203e-01	  -1.4801538532135428e-01	   1.5204459588146108e-01	   2.2563802342209793e-01	   2.0657497477570710e-01	   1.3146263572563592e-03	   1.3569811743931887e-01	  -7.0271099682741138e-03	  -1.0494214827443771e-01	  -1.6415543073401981e-01	  -2.2997474106097402e-02	  -1.2197686087078642e-01	   2.6065941841844693e-02	   5.0289162051817035e-02	   3.0696740508625742e-01	   1.6448144695211324e-02	  -1.0902752326766167e-01	  -2.6043130209654913e-01	   3.2062637457889773e-02	  -3.8242071697550437e-02	  -1.9213385245251327e-01	  -2.2994738689993435e-01	   1.3723403853986493e-01	   1.1895492637630239e-01	   2.3479815184731478e-01	   2.9672469217675780e-02	   1.6081837086436476e-01	   1.3801625443884424e-01	   2.5398576946070639e-01	   2.2031350107845177e-01	   1.5596967525698791e-01	   1.2893911562157573e-01	   2.3895179080850135e-01	   2.1981434461277791e-01	   2.7975237906068695e-01	   4.3311921124354791e-01	   4.6867912321259053e-01	   2.7782833027548148e-01	   4.1928055506518624e-01	   2.0264114736013897e-01	   4.4099940508508173e-01	   3.6623453865961525e-01	   1.5382246613913053e-01	   3.1220414849832018e-01	   6.2873155939917746e-01	   5.2418677429578486e-01	   7.3394858621676007e-01	   2.9927103850873799e-01	   5.0643521500747801e-01	   1.1723852874688440e-01	   2.5938146806723039e-01	   3.0816580682852646e-01	   3.4156977088352630e-01	   1.5539846571312024e-01	   2.3877728664267744e-01	   3.1593046237390410e-01	   2.3885881590077601e-01	  -8.5134136993653096e-03	   2.1732539841192991e-01	   1.0395697929337189e-01	   1.0179238734201587e-01	  -1.9671493572101080e-02	   2.3364877165673445e-01	   2.8744579320360491e-02	   1.2142012905771490e-01	   2.5459150777127526e-01	   2.9394724599490307e-01	   1.7591196775297324e-01	   7.1791968972939657e-02	  -6.4985283663773596e-02	   6.0489761757281296e-02	   8.3371162779579504e-03	   1.0341875109348575e-01	  -8.7503803997775825e-02	   2.4381517370511463e-01	   1.7592297985199917e-01	   7.8320864448339217e-02	   2.9376427613465012e-01	  -1.3597166504289659e-01	   1.9390017427131723e-01	   1.1422033163063827e-01	   8.7796786081524941e-02	   1.8523015379374458e-01	   3.3332925884558112e-01	   1.5561649711408948e-01	   2.7071168639852344e-01	  -1.3372155319419210e-01	   2.0039855871613477e-01	   5.4786349129522058e-02	   2.4790685870031751e-01	   2.4315554854271798e-01	   1.8176682086418067e-01	   1.4596212172766907e-02	   2.3037531441369130e-01	   1.6113799342950347e-01	   2.1039351559372660e-01	   2.5709731740249459e-02	   6.7348828134181971e-02	   1.4652678331605618e-01	   6.5212845450020901e-02	   5.3294360921196909e-02	   6.7930750529325984e-02	
   3.0662122455863527e-01	   5.5893734275994911e-01	   1.3363242519876783e-02	   3.3650348298855542e-01	   4.0664468152459704e-01	   4.6572883910112750e-01	   1.5388660099700682e-01	   5.2700344852703473e-01	   4.5205903861554325e-01	   6.2474110254828719e-01	   3.1800356478800462e-01	   0.0000000000000000e+00	   2.3707298168743879e-01	   7.5487493065067768e-01	   3.4118549373555562e-01	   4.3653274274981591e-01	   1.5274091170218679e-01	   1.4460486222485047e-01	   2.1440267000970134e-01	   2.4585532311234060e-01	   3.3882154664894676e-01	   2.8152792032337171e-01	   5.9957459255877969e-02	   2.4196003032637245e-01	   1.9819133368228053e-01	   2.2796627702205496e-01	   2.6621565372297884e-01	   1.9724031592941701e-01	   2.0775889003870698e-01	   1.1651832410360431e-01	   4.9080194981892394e-02	   7.6176472701031922e-02	   1.1490686869468122e-01	   2.3220287875668738e-01	  -2.6889276422533127e-02	   1.5060234599685519e-02	   1.4809936757166889e-01	   2.7733939821148990e-01	   2.3276334683213765e-01	   2.7484763965745318e-01	   1.7547245274939610e-01	   1.6439728622730920e-01	   2.7052549768067286e-01	   2.6730918347601640e-01	   2.0727397382094714e-01	   2.2177465421834794e-01	   2.2868633836217153e-01	   2.2657163560260557e-01	   2.9303282934573655e-01	   3.6774643340535629e-01	   1.9878430746390757e-01	   2.3260006391990076e-01	   3.6661354419371250e-01	   2.6210721888626454e-01	   2.1599825449395002e-01	   3.1638169017087059e-01	   3.1269939747886910e-01	   1.5983580610445680e-01	   3.1812545241103279e-01	   5.3150978889797207e-01	   4.3034964368346473e-01	   8.4375328650105563e-01	   4.0636836783401131e-02	   2.9238389873525095e-01	   2.6812890931524141e-01	   6.4171017112383166e-01	   1.8076104069999707e-01	   3.3278659576149427e-01	   3.8960785135314580e-01	   4.1208721017297290e-01	   3.2472932000676308e-01	   3.6893436218650844e-01	   3.7301848581560693e-01	   2.8303272707901561e-01	   3.1150336168695836e-01	   4.1367574467257640e-01	   1.8618292332951350e-01	   2.6733666725371963e-01	   2.1752730252322608e-01	   2.1942453218125152e-01	   3.5973517150742718e-01	   2.6834555014385386e-01	   2.6463649892853169e-01	   9.3005155408742532e-02	   2.1937017650094864e-01	   2.4671100252268918e-01	   2.4810722018500814e-01	   1.2506151656382419e-01	   3.2352513682997242e-01	   5.0906258012047167e-01	   3.5002534058187718e-01	   2.6025938738190740e-01	   3.4238283390395258e-01	   2.4337991309522233e-01	  -8.2609908817843775e-02	   6.3796707854012327e-02	  -2.0256276491484267e-02	   2.2900674377144811e-01	   1.6106206378908983e-01	   2.5539909848942438e-01	   3.4517302993119309e-01	   3.5887933966664054e-01	   4.1611660951134849e-01	   3.2163126993745533e-01	   1.9631452739064664e-01	   1.1965031889166332e-01	   3.2498654329640381e-01	   3.7473090237385820e-01	  -2.6068131417243956e-02	  -9.7204239572417275e-03	   1.6407205032042400e-03	   3.9811631887235681e-02	   2.6333186820244536e-01	   3.3155764447612979e-01	   1.5234734639971578e-01	   2.4645904260947794e-02	
   4.4133317185765175e-01	   3.5733179369519530e-01	   3.3800177412382104e-01	   3.8422947895433178e-02	   1.6368426424781030e-01	   6.1848796615112632e-02	   4.2167780059311016e-01	   6.5874292726255917e-02	   2.3280730263779520e-01	   3.7249926652448619e-02	   8.1767378171343508e-01	   2.3707298168743879e-01	   0.0000000000000000e+00	   3.1387165246207782e-01	   4.8560787391752913e-01	  -1.1788507363423738e-01	   1.7228668250248866e-01	   2.4590063549954022e-01	   4.4329189774337480e-01	   2.2124064389324360e-01	   1.2779623807743160e-01	   5.9003091898196545e-02	   1.0217418999382284e-01	  -3.1537367278672769e-02	   1.2251327182694430e-01	   3.3438291068418266e-02	  -6.5206343206151443e-02	   3.7016168905084162e-02	   4.6941672711379195e-01	   1.5050966224350160e-01	   7.4747839993489551e-02	  -6.1600643835804547e-02	   1.7745846119312764e-01	   6.2117979241987246e-02	   1.4757240702091461e-03	  -5.5129232131123224e-02	   2.4174237967247292e-01	   1.7516109207840747e-01	   1.8934769655150099e-01	   5.2306486981374030e-02	   2.5240473649300227e-01	   1.5336306333337787e-01	   3.0069784049162274e-01	   2.5779530183092525e-01	   3.0462061131544627e-01	   2.3118726815000695e-01	   3.3561655538626800e-01	   3.2955739195076206e-01	   3.5425942444172920e-01	   3.9659514416133285e-01	   3.9678226891574619e-01	   2.3953737147627385e-01	   4.0334475378988366e-01	   2.6413722273450152e-01	   4.4229759221018899e-01	   3.7006730117856179e-01	   1.1792172942031674e-01	   2.7912854159180167e-01	   4.0575044065157395e-01	   2.6474575280905754e-01	   5.3219606515404771e-01	   1.5607658873396246e-01	   4.1197396858258351e-01	   7.2716180283217885e-02	   2.7339105306523903e-01	   1.8359235106135754e-01	   3.0037723501364666e-01	   1.1391744630734110e-01	   3.2791835235818373e-01	   3.5550729398744252e-01	   2.7125407544759084e-01	   1.4325378577572512e-01	   3.4625349074785383e-01	   2.0815730722968856e-01	   2.9726695473575687e-01	   1.4420658984193671e-01	   3.3439931051084665e-01	   1.7912701853414145e-01	   1.6114543525798769e-01	   2.7646895932076865e-01	   3.7279466261625471e-01	   2.6680032594890302e-01	   2.3311082403289735e-01	   5.4162195004805166e-02	   2.0229519439582822e-01	   6.3208168337972215e-02	   2.7572395390747356e-01	   1.2064050711260977e-02	   3.1815856592837655e-01	   1.7365539735910504e-01	   8.5315246336464673e-02	   2.6322567144694337e-01	  -1.2940628922936265e-01	   1.8021682604663594e-01	   2.3248128001500515e-02	  -3.4447218707494745e-02	   2.2303731774617169e-01	   1.9414850598489761e-01	   2.8116576058325971e-01	   2.8998739785946970e-01	  -1.3919773356542750e-01	   9.1614931376488740e-02	  -1.4216101219929975e-02	  -2.2861731413182634e-02	   1.0504470955340721e-01	   7.1459608849393147e-02	  -1.1664790020453116e-03	   9.3402874929814320e-02	   2.5102462545588830e-02	   1.7909103637097146e-01	   1.8442182221291836e-01	   2.1239615144332963e-01	   1.9456394832939305e-01	  -2.6020679553240261e-03	   5.2599978003923589e-02	   4.5700904557109324e-02	
