   0.0000000000000000e+00	   7.6808847226017907e-01	   2.6291878640991767e-01	   4.8540424940551863e-01	   1.0216783118482872e-01	   1.9563790558759275e-01	   4.8400091806589352e-01	   4.5477295612195617e-01	   2.2975381281611984e-01	   3.6341592573221404e-01	   8.1523276103903086e-01	   7.5286778215456440e-01	   6.5462997579447002e-01	   7.2145655201251468e-01	   3.2427571304815717e-01	   4.4401920422571006e-01	   5.8969591805387844e-01	   4.6330401865411397e-01	   7.5253223063671759e-01	   6.6338910070599200e-01	   2.0152119923131179e-01	   7.1641645604072324e-02	   1.5550271685158509e-01	   2.5940548966396293e-01	   4.2196604639969482e-01	   3.3766175528680620e-01	   1.6305868637170179e-01	   2.8580644987587023e-01	   4.8203903371572893e-01	   4.1345329496048777e-01	   1.1300179010153674e-01	   1.5174807239071472e-01	   1.8224901866438120e-01	   2.3646052228689279e-01	  -8.2966176159947683e-03	  -1.4952294967879485e-02	   3.4445939681826743e-01	   2.2979830129672374e-01	   3.6881515766454143e-01	   4.1318602777994651e-01	   3.5087643242064687e-01	   4.6121035759608886e-01	   4.5614147372745534e-01	   4.0411596226790758e-01	   2.6086456785441869e-01	   2.6292643395199761e-01	   4.6289477287845049e-01	   4.5243072361411080e-01	   3.4352382164130874e-01	   4.7069452030314796e-01	   5.2092912449527984e-01	   5.3939820038507158e-01	   5.7264455725084051e-01	   4.8299751998626084e-01	   5.7523983874977969e-01	   5.6343239349979901e-01	   8.0790990360819914e-01	   6.9421502110870303e-01	   6.5189513685234768e-01	   5.2762153972701298e-01	   7.2512589653556092e-01	   5.1844233722858146e-01	   7.4672153517122419e-01	   4.6612816341630064e-01	  -7.9152847484956934e-02	   2.1771642273098005e-01	   2.0644397255641508e-01	   1.7390247389691707e-01	   6.7759238456799553e-01	   6.0387915105791068e-01	   5.7001689846959724e-01	   4.6377160869146450e-01	   5.0687274953677774e-01	   4.5076380702166291e-01	   5.2780607612727581e-01	   4.8535808419204152e-01	   6.3095788124815544e-01	   5.6575723460201288e-01	   4.8647542880038519e-01	   4.7070147747310664e-01	   5.7973464001115182e-01	   5.2188417252146380e-01	   5.3043246284639622e-01	   5.5133254099427709e-01	   5.9148619409921865e-01	   6.3091887357154230e-01	   2.8263711546018150e-01	   2.6941034524513313e-01	   5.0182599469123812e-01	   5.9983762142237751e-01	   5.0853626817707698e-01	   4.6728928912901713e-01	   4.6738137566570254e-01	   4.9895917277685770e-01	   9.8290200433446603e-03	   1.5071514039283423e-01	   3.5908671314343693e-01	   4.8538898341475623e-01	   5.7701108626216968e-01	   7.1474155649104454e-01	   5.4785907190136829e-01	   5.7525155635245673e-01	   1.9978760000921564e-01	   4.0496249309573468e-01	  -1.3220930591881805e-01	  -2.1036272919611390e-01	   4.7860242176978610e-02	   6.8871985734313357e-02	   6.4149247399255871e-02	   7.3273062650291196e-02	   4.6289670408314060e-01	   5.1284625309989107e-01	   4.5682145153383857e-01	   3.3482079111862606e-01	  -8.7926934360222642e-02	  -2.3125237212022010e-01	
   7.6808847226017907e-01	   0.0000000000000000e+00	   1.0355690380303619e-02	   4.0563575647199684e-01	  -1.5950890917165311e-01	  -7.4366031506636785e-03	   2.0434664142714437e-01	   3.4571208801263376e-01	  -3.3510002651664574e-02	   1.3416093684001720e-01	   5.1088724400879892e-01	   7.1893418683428367e-01	   4.2052628290432115e-01	   6.3657918571793703e-01	   1.4528666563397921e-01	   2.0938827257795728e-01	   7.7438793109862958e-01	   7.1979802847423624e-01	   7.6086716390105269e-01	   8.2307259837570590e-01	   2.8567876843329854e-01	   1.7522636078938561e-01	   6.1533765134409533e-03	   9.3680103229466974e-02	   4.1080807211745413e-01	   3.4558431746164120e-01	   8.8077090491908164e-02	   2.3135712720085927e-01	   4.8247147252257461e-01	   4.7793059907516411e-01	   1.1331312112935230e-01	   1.3609943590791765e-01	   2.4620606113265386e-01	   3.5423682557907044e-01	   4.9539235448814349e-03	   2.4069810372411966e-02	   4.3675412297265853e-01	   3.5927069952896640e-01	   2.5206599732118279e-01	   3.9610764592197822e-01	   4.8426484635102185e-01	   5.3276729531478417e-01	   2.1886045222762901e-01	   1.7706072791806404e-01	   7.4697456614062407e-02	   7.8266834138543143e-02	   2.9042287678719758e-01	   2.5596205129071464e-01	   1.4434449830231527e-01	   3.0060552223810932e-01	   4.4577819463209251e-01	   3.8496708018038417e-01	   5.6805137636381731e-01	   3.3706227214862305e-01	   4.1131865610799012e-01	   3.4861685633453110e-01	   8.5622223159663113e-01	   8.5323675090946471e-01	   5.3903276969811609e-01	   4.7165450814273602e-01	   4.2783451270414663e-01	   3.3871985346294298e-01	   7.4906899558848394e-01	   5.7522543336106557e-01	  -2.2173234980232442e-01	   8.9020649487075845e-02	   2.6752755706049869e-01	   2.4261810103251827e-01	   7.1401826387333966e-01	   7.3033767543733230e-01	   6.3259679944748770e-01	   5.3662871272190493e-01	   5.9501430463834648e-01	   6.0678308336774367e-01	   5.3081054052484178e-01	   5.7540732004174844e-01	   6.0110488368780302e-01	   6.2102847869904498e-01	   5.8053448916829575e-01	   5.4915529480827807e-01	   7.0534585349955137e-01	   6.2981421986178043e-01	   4.9472868281273752e-01	   5.7122230979056465e-01	   5.0004997192485834e-01	   6.4165369483598145e-01	   2.0845733639511624e-01	   2.2017062582781544e-01	   3.8800990030842109e-01	   5.0101804879744694e-01	   4.7244740394726037e-01	   3.3529553401776852e-01	   4.8098055689365948e-01	   4.4852618694817081e-01	   1.1385342018370266e-01	   2.4999954471611907e-01	   5.0290031583619177e-01	   5.6229842199491198e-01	   6.1644276885345295e-01	   6.5164322108819428e-01	   6.3291007153937529e-01	   5.4953638413264105e-01	   4.5293965409477116e-01	   5.9782365982188534e-01	  -4.1974826606873725e-02	   2.9695860068386353e-02	   1.0860761222039800e-01	   2.8435198930624356e-01	   2.4498343952843804e-01	   1.5780239373243993e-01	   5.4996944146996740e-01	   6.3180126511867019e-01	   5.7028630305851613e-01	   4.7973161809883108e-01	   2.6650859775505440e-02	  -6.4354749544541054e-02	
   2.6291878640991767e-01	   1.0355690380303619e-02	   0.0000000000000000e+00	   7.1180488494530003e-01	   3.2445912444993080e-01	   1.0971807820699345e-01	   7.8753865386088617e-01	   4.7109869089855394e-01	   3.1652254672181368e-01	   1.9218769181931389e-01	   2.1565076931481408e-01	   1.2604693757497301e-01	   2.4549696185492720e-01	   9.7761023132152070e-02	   5.7496500342296497e-01	   5.5124082980563172e-01	  -1.4583939727152506e-01	  -1.3112770402507595e-01	   3.8400039207281206e-01	   2.0838528647843482e-01	   3.9400354468892268e-01	   7.2740002738348075e-02	   8.5686173661516030e-01	   8.2333422063721673e-01	   5.2547036423814708e-01	   4.7648042832349541e-01	   2.9701681302665545e-01	   2.2063530619936117e-01	   6.0236321382176855e-02	   1.2584922113299821e-01	   7.5581624932322244e-01	   7.2597523011569154e-01	   6.4818263580031621e-01	   5.6572771820331047e-01	   5.9297794386543967e-01	   5.4022377581927894e-01	   1.5292510605615489e-01	   1.4726553651585994e-01	   5.9460864048118278e-01	   4.0910996559808427e-01	   2.3995076798385304e-01	   9.6237472056657794e-02	   2.8866028837961288e-01	   1.8997448299558450e-01	   2.6573639190774767e-01	   3.3971520895768947e-01	   2.5419947519812858e-01	   2.3021597673207900e-01	   1.7270854980315331e-01	   1.8658753608424705e-01	   1.4405163920336919e-01	   2.2027167903870976e-01	   1.9173641241337319e-01	   3.2404773773389434e-01	   2.4607679216867090e-01	   3.9387991330729394e-01	   1.0090633268655440e-01	  -5.7043245376906158e-02	   1.0083742558821615e-01	   3.6307019464973479e-02	   4.7431810181481227e-01	   3.4799063516125106e-01	   1.4806547366799264e-02	  -9.8735526272537233e-02	   7.4174488607353317e-01	   6.2913446210624879e-01	   4.9898668904417554e-01	   4.1565135436965506e-01	   4.2549910498513477e-01	   2.8706031461141213e-01	   3.0614483593276487e-01	   2.3429852160715653e-01	   3.1178089161221945e-01	   2.3477111272224749e-01	   3.1489700570684531e-01	   2.9159746619953408e-01	   2.7415851083642473e-01	   1.0193955761164952e-01	   9.6004090157710414e-02	   1.6916655678257869e-01	   1.7306946043450863e-01	   2.8898318373119214e-01	   3.7936029441796892e-01	   4.0296789307761072e-01	   5.7619454331804398e-01	   5.0121449664562090e-01	   5.9039674877991910e-01	   5.8751711249862926e-01	   6.5011448594557297e-01	   6.0193676445860733e-01	   2.4444076457369029e-01	   4.8263078685892047e-01	   1.8187367347508465e-01	   5.7452021834165790e-01	  -2.7589557277965121e-01	  -2.2179124997710647e-01	   1.8430016030812769e-02	   1.7665036941907447e-01	  -5.1602101867007175e-03	   2.2469031593822175e-01	  -1.1208947948214765e-01	   2.0280324139285141e-01	  -2.0640326103240864e-01	  -1.6395975272787230e-01	   1.2398576240850491e-01	  -1.8414416490350088e-01	   8.0374109956791909e-02	  -1.2969071933212817e-01	  -2.4115755641091285e-01	   5.6298192096195616e-03	   2.1938550434188914e-01	   1.0578051441876642e-01	  -1.7111299941588548e-01	  -1.1504040446728658e-01	  -1.5057114967262419e-01	  -3.4629111836983473e-01	
   4.8540424940551863e-01	   4.0563575647199684e-01	   7.1180488494530003e-01	   0.0000000000000000e+00	   2.8893546007478565e-01	   2.7033159927423694e-01	   7.3703047414111245e-01	   8.0238155081010776e-01	   3.3189979471324238e-01	   3.8600841894990606e-01	   3.5343649485389927e-01	   5.7895813408632324e-01	   3.2793005462511826e-01	   4.8120378049919171e-01	   4.3217668620077088e-01	   6.3965210308861964e-01	   2.4033519476402823e-01	   2.5639665107608789e-01	   6.4022299318230447e-01	   5.6808427495543501e-01	   3.2371921538555748e-01	   1.0628421035738106e-01	   6.0074539871171240e-01	   7.6682139301359187e-01	   5.6559391216697230e-01	   5.3213461189466171e-01	   2.3957190530099742e-01	   1.8918715169422895e-01	   3.3321852059368284e-01	   4.6391414093312050e-01	   6.4360029528912444e-01	   6.8563845488186814e-01	   6.8607171239634468e-01	   7.0638823154456976e-01	   4.9895200160797520e-01	   5.6719796562971547e-01	   2.1547587845835869e-01	   2.3515180138888009e-01	   4.6905434571055427e-01	   4.9606622114153553e-01	   3.6164267229274133e-01	   3.5633834769312545e-01	   3.6390607913911327e-01	   2.4718842455627482e-01	   3.3447723490306924e-01	   3.7992745785477861e-01	   4.5355753224497752e-01	   3.6299696311962260e-01	   2.6253796788174794e-01	   4.7120984900354601e-01	   4.2459641510198498e-01	   4.6455324775869439e-01	   5.4955244988581742e-01	   4.6431457632901341e-01	   4.7322961980554895e-01	   4.8654276495390464e-01	   4.1466968576595742e-01	   3.5789984155916277e-01	   4.2141599477204494e-01	   4.4912472976265005e-01	   6.3172688363667628e-01	   5.9935690879118209e-01	   3.8266628687082760e-01	   2.8750696017755212e-01	   4.0373986544869322e-01	   7.0258536160252949e-01	   7.0263069604743345e-01	   6.9079130852763360e-01	   6.7346998440329975e-01	   6.2613391764908943e-01	   4.9265150805983726e-01	   4.4541260390625592e-01	   4.7537659475948957e-01	   4.7977700383880162e-01	   4.4051244073428608e-01	   5.0455715017026592e-01	   4.8012295089942275e-01	   4.3956451383190986e-01	   2.8372700170708931e-01	   3.3907671579714843e-01	   4.7495213595957458e-01	   5.1812799421814304e-01	   4.7139418569919789e-01	   6.5896640639812998e-01	   6.4620491612697017e-01	   7.7269343454691741e-01	   4.3644850690680870e-01	   4.9172063293616086e-01	   6.6550617836337578e-01	   6.8780996047165754e-01	   6.1397541306390835e-01	   5.5474918104463689e-01	   5.7744518869152084e-01	   6.5083135541788106e-01	  -5.3361853823265942e-02	   1.2621281825734271e-01	   2.8703799360458765e-01	   4.9034262496201658e-01	   4.0115572081618384e-01	   5.0593496007962158e-01	   3.0034544734150459e-01	   3.6570476044172928e-01	   1.6492782985883803e-01	   1.9228329831400984e-01	   9.4517806235165341e-02	  -6.4542429173685745e-02	   1.7919570853628355e-01	   8.7293731114745005e-02	   5.0812175370279454e-02	   1.1349521263775507e-01	   4.2821443956309202e-01	   4.5486068580515421e-01	   2.9690695349438173e-01	   2.3450467813245351e-01	  -5.0895926088083146e-02	  -2.3454188110418678e-01	
   1.0216783118482872e-01	  -1.5950890917165311e-01	   3.2445912444993080e-01	   2.8893546007478565e-01	   0.0000000000000000e+00	   8.0089339525458825e-01	   3.4011783624397557e-01	   2.0703969146755999e-01	   8.7773583228587171e-01	   6.4981159922921861e-01	   7.9832398059160009e-02	  -7.5983785546285251e-02	  -1.1754225021456668e-01	  -8.8353655137859533e-02	   3.2937815555950328e-01	   3.9360391408945128e-01	  -1.9109295435932366e-01	  -2.0081944136826577e-01	   6.4663238841740661e-02	  -1.0945363002655717e-01	   3.7219203570560333e-01	   3.5040098054551844e-01	   1.5316515914263162e-01	   2.0237265638673213e-01	   3.7898501134637486e-01	   3.0271415592362338e-01	   7.2416616573158066e-01	   5.6534743781239849e-01	  -9.4513938347784127e-02	   1.0894524342341711e-02	   1.7805418305320331e-01	   1.3674735743795485e-01	   5.2155100026621763e-02	  -1.5716145090689568e-02	  -1.8910261947986180e-02	   7.9219832436198373e-02	  -4.1421633797673052e-02	  -8.2494555771848634e-03	   1.8113784790508675e-01	   1.2405936089078815e-01	   2.5935039815313754e-02	   2.2852536152186151e-01	   2.5728098765078600e-01	   2.3658825838987388e-01	   2.4612805202332791e-01	   2.2566646594531048e-01	   3.6021076982896272e-01	   3.2396952413849583e-01	   3.1188168550033274e-01	   2.2971022934761476e-01	   2.1697148270419009e-01	   2.7847507482220207e-01	   2.5751942763232805e-01	   3.7551490265313647e-01	   4.9360006778042742e-01	   5.0064585937045558e-01	  -7.5745861457315877e-03	  -2.5476624526727311e-02	   2.1420804255271375e-01	   1.4943694222267440e-01	   2.5680113775123559e-01	   1.8349537090886192e-01	  -1.1483461057184302e-01	  -8.9077935866811023e-02	   1.2549162209580794e-01	   1.9649069783306497e-01	   1.0310254930190901e-01	   4.0227184414911132e-02	   7.2768341953876395e-02	  -2.6272433739640923e-02	   1.0954079214220488e-01	   9.8748735056942372e-02	  -5.6483950423401236e-02	  -4.8965654391876917e-02	  -1.9142540872102071e-02	  -1.4810114511702702e-01	  -3.5022965506529155e-02	  -5.9573401109777574e-02	  -2.3941860607689386e-01	  -2.1327171985980864e-01	  -2.4298096042272843e-01	  -2.4359817644037954e-01	   4.0881894463607016e-02	   9.0500129569102278e-02	   8.7046913598365999e-02	   5.1908477533042161e-02	   4.2421506709145934e-02	   1.7638949794836295e-01	   3.5162147475043282e-01	   3.2070312856239885e-01	   2.2960436936287487e-01	   2.8628690071217722e-01	   1.2909510118202439e-01	   2.6298573471579023e-01	  -8.8717035557958970e-02	  -6.2156262757642883e-02	  -1.6018373595956589e-01	   2.1172492538975858e-02	   1.8664748736858289e-01	   1.8761977482472120e-01	  -1.1855833775233939e-02	   2.9857255321682086e-01	  -1.4935690043896838e-01	  -2.5730457348710708e-02	  -1.6333453115380908e-01	  -2.1180129833924366e-01	   1.6583402520375098e-01	   3.2656181601206744e-02	  -2.4818886812337699e-02	  -1.1759313658871805e-01	  -1.5242561018548403e-01	  -8.3651703129082142e-02	   4.2091061820935367e-02	  -3.1747146728849360e-02	  -1.6774307108023917e-01	  -1.4658866859531003e-01	
   1.9563790558759275e-01	  -7.4366031506636785e-03	   1.0971807820699345e-01	   2.7033159927423694e-01	   8.0089339525458825e-01	   0.0000000000000000e+00	   2.0790309766254475e-01	   2.7348332384908675e-01	   7.5034358145326685e-01	   8.2011082237686761e-01	   1.7499278228195661e-01	   1.3316304884482844e-01	  -1.0471303803591446e-02	   1.7742967386394082e-01	   1.8616582978158991e-01	   4.4138907134948241e-01	  -6.0204911543888816e-02	  -1.0867117879241556e-01	   4.3374954659913770e-02	  -5.3792507962998448e-02	   9.1249111156844892e-02	   1.8416772515992313e-01	  -4.3782883555328972e-02	   1.2080074530955906e-01	   2.5814910000594543e-01	   3.0876912561606717e-01	   5.6787839661583350e-01	   5.3187341227863172e-01	  -9.3002654809740765e-02	  -2.8080855795748261e-02	  -6.3647130630225146e-02	  -7.3218129313148167e-02	  -1.4954274860411385e-01	  -1.4301199504161455e-01	  -8.4610944884012620e-02	   1.6249599676945382e-02	  -8.8697533381935631e-02	  -5.6046811823064681e-02	   4.7337031824825127e-02	   8.0988397406576762e-02	  -8.6664331789303481e-02	   1.8892343634367026e-01	   3.5103916677612362e-01	   3.2032994266838744e-01	   3.0149828299733705e-01	   2.8604783714629478e-01	   4.0910177716823526e-01	   3.8763087766547816e-01	   3.9636075794640502e-01	   4.4599962670992599e-01	   3.6860020965204726e-01	   4.3105066309015461e-01	   4.1424987708610173e-01	   5.2250876207385866e-01	   5.7889267265295441e-01	   5.0761912166466483e-01	   9.6938505718912701e-02	   5.4511650927830439e-02	   3.0802367847119932e-01	   3.3032808153378168e-01	   2.9361998449298365e-01	   3.0112389060344563e-01	  -3.8877724554108629e-02	  -7.0412841316110669e-02	  -3.5656772311014343e-02	   2.2927024556971537e-01	   6.6011224896688592e-02	   4.8292839274657495e-02	   1.1285779721658454e-01	   5.7174192594552406e-02	   6.9244231996715810e-02	   6.0875566983592658e-02	  -1.7291010623538575e-01	  -8.8646654229855903e-02	  -5.7632754423568189e-02	  -1.1743546274750349e-01	  -8.2887221719781703e-02	  -6.6865328141863911e-02	  -1.4305566236202780e-01	  -1.5829279204496410e-01	  -1.4313230677410624e-01	  -1.3092098748666570e-01	   2.2418257970993200e-02	   6.8622336889846661e-02	   1.0744809395393461e-01	   9.4981890913179406e-02	  -2.3163655894832783e-02	   1.0870539899228594e-01	   3.4866255909746241e-01	   3.6327575268372703e-01	   3.7829531199026051e-01	   2.7852877853435287e-01	   3.2207157386413915e-01	   2.6295021927468326e-01	   6.3405809327164220e-02	   1.0027042476534923e-01	  -5.1007491920115007e-02	   1.4046561819506589e-01	   3.3914037495424876e-01	   2.9281086961615832e-01	   1.5359186566403749e-01	   2.9465348087761645e-01	  -3.1677581402112381e-03	   1.4893009506927776e-01	  -2.6762634982689665e-01	  -6.2271146043828073e-02	   2.3176514813827798e-01	   2.3606204298080952e-01	   8.9001151826783045e-02	  -3.9731345540150849e-02	  -4.6223933678916571e-02	   5.8456465752265006e-02	   2.6975536010487405e-01	   9.9535274460042941e-02	  -1.2112761289971970e-01	  -1.5754243904733242e-01	
   4.8400091806589352e-01	   2.0434664142714437e-01	   7.8753865386088617e-01	   7.3703047414111245e-01	   3.4011783624397557e-01	   2.0790309766254475e-01	   0.0000000000000000e+00	   7.8893816256900640e-01	   3.7700331734169512e-01	   4.2891516648397277e-01	   4.9861683751179342e-01	   4.1083174692542734e-01	   3.4297364536307162e-01	   2.6432949274026107e-01	   3.7735644596517748e-01	   4.6264019007559692e-01	   7.5733546356831827e-02	   1.3626693914021454e-01	   6.1600786224365434e-01	   4.4896124350909272e-01	   2.8349194557556223e-01	   5.9486486103369360e-02	   5.8500066806445061e-01	   6.1549468213867375e-01	   2.8791345541966551e-01	   2.1323055580667613e-01	   1.0597341175389811e-01	  -6.7962240081898655e-03	   3.3876150780234382e-01	   4.4035775453106707e-01	   5.5088895986067921e-01	   5.9412168138739774e-01	   6.0896640666873014e-01	   5.6139475596620847e-01	   2.4655548120918666e-01	   3.0806016277100556e-01	  -1.1447910521850648e-02	   3.3540128175628941e-03	   4.1919833716471544e-01	   3.1982708214971178e-01	   9.9489103959765970e-02	   1.8082680801296111e-01	   4.4761277257124132e-01	   3.2532385488180771e-01	   3.7950341652989866e-01	   3.9540909672990299e-01	   4.2435085147513030e-01	   3.6119518745247187e-01	   3.1991492303954877e-01	   3.5254035871912731e-01	   2.3950181284340191e-01	   2.5098646816323067e-01	   3.9959928096509562e-01	   4.2013887066650285e-01	   3.1579829028305711e-01	   3.6889142530471564e-01	   2.2493457505558651e-01	   1.4745853136832926e-01	   3.4826108336555600e-01	   2.5855213282397072e-01	   7.5047330611335394e-01	   6.0880972685225976e-01	   1.9620824687639710e-01	   1.4456744225554888e-01	   3.6792196041404313e-01	   5.0788606637537270e-01	   4.7816801681499399e-01	   4.0336724185700262e-01	   4.4937721748485288e-01	   3.7350618989804413e-01	   5.0130761844911553e-01	   3.8919783918212575e-01	   3.6463434750997886e-01	   3.7090251509109562e-01	   3.5834211611885469e-01	   3.8404301832062060e-01	   4.5726167339515411e-01	   2.7978050884372851e-01	   1.5670832984374289e-01	   3.1846444280169239e-01	   2.7589551437549098e-01	   3.6510996880348878e-01	   3.3657214001123814e-01	   4.0441482617593866e-01	   4.4187374686495762e-01	   4.3208977917285857e-01	   2.8740986242059463e-01	   2.5189761658312182e-01	   5.3676382396144318e-01	   5.3340867508147083e-01	   4.6770221027070857e-01	   6.1313178340162555e-01	   3.4147351503238477e-01	   5.8572082049555618e-01	  -2.1881462784294231e-01	  -8.7801124287039442e-02	   7.4883253469296474e-02	   1.8652684130531533e-01	   2.7070749244471781e-01	   4.3722920467911885e-01	   1.0678068141658338e-01	   2.3573775020107401e-01	  -9.8391409298816360e-02	  -5.6072043524475874e-02	  -7.9728778294158462e-02	  -2.3973645444639163e-01	   6.9000992521682764e-02	  -9.9649435060754299e-02	  -1.5728220052015685e-01	  -2.4093328312422242e-02	   2.6281328380440860e-01	   2.6054660115696837e-01	   8.2004149933876475e-02	  -4.3548230332200066e-02	  -2.5788827039986528e-01	  -3.0675131408080630e-01	
   4.5477295612195617e-01	   3.4571208801263376e-01	   4.7109869089855394e-01	   8.0238155081010776e-01	   2.0703969146755999e-01	   2.7348332384908675e-01	   7.8893816256900640e-01	   0.0000000000000000e+00	   2.2800009810734212e-01	   5.1665655770562058e-01	   4.1290207355133873e-01	   6.3229417741071181e-01	   2.4861240961983638e-01	   4.3224474519773592e-01	   8.9769141972901229e-02	   3.7890156458206337e-01	   2.7179668408940982e-01	   3.2448207982023264e-01	   6.1435599329763335e-01	   5.4789138719210517e-01	   1.4053085356790829e-01	   7.1152742149383302e-02	   3.1553204116293765e-01	   4.9927807354687803e-01	   1.8662607452549779e-01	   1.9522485061666378e-01	  -2.4460073510761186e-02	  -1.2302637784069052e-01	   4.2346954175777096e-01	   5.9211561372977584e-01	   4.3281344595517085e-01	   5.3018856112743018e-01	   5.5724626899690000e-01	   5.9438706025074539e-01	   2.0747849733507603e-01	   3.4748388828878274e-01	  -1.0087813952328889e-01	  -5.6365121557222411e-02	   1.9789650265337694e-01	   2.8000027249823933e-01	   2.7148019131165893e-02	   1.9313342873910522e-01	   4.1004581549855157e-01	   2.9133308011116749e-01	   3.8370223927561176e-01	   3.9585694839126839e-01	   4.4497751425841192e-01	   3.3337750621775086e-01	   3.1562625802683397e-01	   5.5146142441215329e-01	   3.0081323649152136e-01	   3.2907618339996159e-01	   4.9066208295047253e-01	   3.5452134492095488e-01	   3.1257182913448922e-01	   2.6228561991341071e-01	   2.7772223137309371e-01	   2.4099414419254303e-01	   3.8215517328778725e-01	   5.1175048195607387e-01	   6.9712345264099485e-01	   8.0435256833486513e-01	   2.5914095312928759e-01	   2.9470826673536632e-01	   1.0681324130946307e-01	   5.4654038443038044e-01	   5.7854557741894341e-01	   5.9566170959627618e-01	   4.6278028659232062e-01	   4.6702764170327637e-01	   4.6864756812478081e-01	   4.3417899365721113e-01	   3.4703276274539430e-01	   4.3634117346059675e-01	   3.1414981123351615e-01	   4.2693349077811238e-01	   4.4936611441038182e-01	   4.0626894025914295e-01	   2.2187007271658421e-01	   3.7161781818321971e-01	   4.2319934764460726e-01	   4.6895368301151896e-01	   2.6084504459500890e-01	   4.1884357770793279e-01	   3.7218430373567735e-01	   4.4972821254461792e-01	   8.9621226845354257e-02	   6.1739154139329636e-02	   3.7816910186626784e-01	   4.1379297052773534e-01	   6.0718773669934589e-01	   4.7465644386194550e-01	   5.6799757190113165e-01	   4.4576361440934109e-01	  -6.8718695167062166e-02	   1.4070484907396094e-01	   1.7378979919219478e-01	   2.9913929363747738e-01	   4.3469055271878587e-01	   4.3893825857281432e-01	   3.6515785875230944e-01	   2.0819989286633539e-01	   1.2488288721844219e-01	   9.1208653010105362e-02	  -1.0549263346953995e-01	  -1.0655982311401471e-01	   9.0129418990424315e-02	   1.2891760477942843e-04	   1.4362570607968949e-04	   2.5141832407588154e-02	   3.0511205851461887e-01	   3.9381794695705047e-01	   3.5130548387145000e-01	   1.1757693475132963e-01	  -2.0829534554115064e-01	  -2.1940143302872944e-01	
   2.2975381281611984e-01	  -3.3510002651664574e-02	   3.1652254672181368e-01	   3.3189979471324238e-01	   8.7773583228587171e-01	   7.5034358145326685e-01	   3.7700331734169512e-01	   2.2800009810734212e-01	   0.0000000000000000e+00	   6.4537407810775138e-01	   2.2523839080086733e-01	   8.8981481293338244e-02	   1.2181429143528599e-01	   1.4752087821220541e-01	   4.3117407460577434e-01	   5.3650939407817233e-01	  -1.2332059622745370e-01	  -1.0879962940061128e-01	   1.5621246479801679e-01	   7.1173517984155013e-03	   3.3033718948392415e-01	   2.9138400242545265e-01	   1.4912928169510614e-01	   2.3812742719825500e-01	   4.2844694182759308e-01	   3.7138607760869807e-01	   6.5492959963205788e-01	   5.3113102374175869e-01	  -6.2443105388573311e-02	   9.1497262776367383e-02	   1.5648324094317392e-01	   1.3579111374139155e-01	   5.6143533250072028e-02	  -2.5712085202388756e-03	   2.6622759606334697e-02	   1.0551099408887589e-01	   4.2728693026097268e-02	   8.6744492231805026e-02	   2.5888401310444803e-01	   1.9703767833513885e-01	   6.0018784719302172e-02	   3.1010991281165834e-01	   3.1503313615645723e-01	   3.3679174190880029e-01	   2.5071142520386519e-01	   2.3910054807345951e-01	   3.3925669704405093e-01	   3.4032159801854933e-01	   2.5849950086942963e-01	   2.4607034615095863e-01	   2.7093591315108334e-01	   3.0863266328754757e-01	   2.7475307455169679e-01	   3.5906158726992465e-01	   5.2119426331170016e-01	   5.0253428146022960e-01	   4.3284249669976335e-02	   9.3167858476605178e-02	   3.3329070696638929e-01	   2.4420814211637809e-01	   3.6093109952558922e-01	   2.3129223584787273e-01	   4.2794095948939362e-02	  -6.3493782274677783e-03	   9.0058200239821057e-02	   2.2773361887434759e-01	   1.6152353037673048e-01	   7.8039731789430522e-02	   2.0598534459700302e-01	   1.2100395057582250e-01	   2.1619615037672515e-01	   1.8745326721342020e-01	  -7.5727890137738552e-03	   2.0598478278035945e-02	   5.2985676309821303e-02	  -8.1771035050970144e-03	   9.9201469482563878e-02	   6.9131176140072553e-02	  -1.2672182239887603e-01	  -1.0981749264150684e-01	  -1.2568418789689895e-01	  -1.4835107620423324e-01	   8.1014217414240794e-02	   1.6443317107178437e-01	   1.4411426598564259e-01	   1.6414048443242080e-01	   4.8920791025541199e-02	   1.7202445517706641e-01	   3.5651721500231170e-01	   3.6378769367734043e-01	   1.9513485603253439e-01	   2.5376286283294097e-01	   1.5507459451233546e-01	   2.9577171912452555e-01	  -4.6327403167013066e-02	  -5.9186958268792438e-03	  -9.2341957742240188e-02	   7.0238333368304387e-02	   1.8800739445231113e-01	   2.2662774042518474e-01	   5.2938488596030245e-02	   3.4721898029340420e-01	  -1.1640709749855441e-01	   6.7573431549754473e-03	  -8.2078576380106794e-02	  -2.6952082940493155e-01	   9.9184363215186505e-02	  -1.1865866059432467e-02	   1.2926397966949638e-02	  -1.2418592646092180e-01	  -8.2864261391486144e-02	  -3.9308608901128722e-02	   1.2731068637841092e-01	   4.8336420623770082e-02	  -8.1455335277878238e-02	  -7.5630153298521560e-02	
   3.6341592573221404e-01	   1.3416093684001720e-01	   1.9218769181931389e-01	   3.8600841894990606e-01	   6.4981159922921861e-01	   8.2011082237686761e-01	   4.2891516648397277e-01	   5.1665655770562058e-01	   6.4537407810775138e-01	   0.0000000000000000e+00	   2.8302521545950887e-01	   2.5498609560564633e-01	   4.9708824028919546e-02	   2.1991230230023512e-01	   1.1150710000720068e-01	   4.3661408408925584e-01	   6.5967606191944831e-03	  -6.1686352746612216e-02	   2.4755627527354790e-01	   1.0664122943458496e-01	   1.3146503383535785e-01	   2.5024234113160737e-01	  -3.9583671303184055e-02	   1.3605382128126026e-01	   2.2517766444477372e-01	   2.6606738050842865e-01	   2.9110129101849536e-01	   2.7448463113718319e-01	   2.4698357830942617e-02	   1.3656685529154752e-01	  -1.7539196164709007e-02	   1.0441630165087843e-02	   2.4497223802703801e-02	   1.8839527734568914e-02	  -9.3570590910170323e-02	   5.5337474760059562e-02	  -8.9473130671311560e-02	  -7.2810224253878619e-02	   1.3568225921543725e-01	   1.5984492165170244e-01	  -1.6746092847873401e-01	   2.7515679484608196e-01	   4.0843071096643235e-01	   2.9884786280648457e-01	   3.0690827499213091e-01	   2.7274908713072776e-01	   4.9113203256577254e-01	   4.4439097963416230e-01	   4.0964846284925427e-01	   5.0928844975573029e-01	   3.8232169539861249e-01	   4.0490887712553386e-01	   5.6659606087197456e-01	   5.7745613174773525e-01	   5.3458943718663454e-01	   5.1536402114465685e-01	   2.0456113726592812e-01	   1.0969985491776069e-01	   3.8393723753084791e-01	   4.2469970203931190e-01	   4.8998290774386172e-01	   4.8690804021055367e-01	  -6.3932279094930692e-04	  -6.9783900417117184e-02	  -1.0097236359359800e-01	   2.8564229623317905e-01	   1.7268370088326157e-01	   1.5519698117651998e-01	   2.2800023693492133e-01	   2.3963974528812140e-01	   1.5360332491600742e-01	   1.4777729354359617e-01	  -1.1449898366513730e-01	  -4.4231270611870793e-02	  -7.8470148917337862e-02	  -1.0358061290704813e-01	   8.4044518988634270e-02	   8.6832113852019763e-02	  -8.5276809403621021e-02	  -1.0750052372437749e-01	  -8.2335173043581993e-03	   4.0128151001318328e-03	  -4.1780944198245420e-02	   8.7743890176016831e-02	   1.7230168351194836e-01	   1.5019963474491579e-01	  -1.3043921301209196e-01	  -4.6980178950724247e-02	   4.0426114314292916e-01	   4.2708819495359929e-01	   5.3344005039421571e-01	   4.8557643638880049e-01	   4.4434275536085888e-01	   3.6296443185376759e-01	   1.0114171299549671e-02	   1.2755176998260537e-02	  -5.2289410994430963e-02	   2.0079774868472097e-01	   4.2260077676211832e-01	   5.0285608081757338e-01	   2.5258022299826610e-01	   3.7401536878206831e-01	  -1.1185023037935905e-02	   1.3747042909024104e-01	  -2.5328665851827192e-01	   1.0240165716280272e-01	   3.7366674874635097e-01	   2.4161955063326335e-01	  -6.4294224385376589e-02	  -2.0509703249567557e-01	   5.8377715391821627e-02	   1.8331462129872039e-01	   2.6851812179519047e-01	   3.7651588833187734e-02	  -2.1636839811193273e-01	  -2.2765100431061325e-01	
   8.1523276103903086e-01	   5.1088724400879892e-01	   2.1565076931481408e-01	   3.5343649485389927e-01	   7.9832398059160009e-02	   1.7499278228195661e-01	   4.9861683751179342e-01	   4.1290207355133873e-01	   2.2523839080086733e-01	   2.8302521545950887e-01	   0.0000000000000000e+00	   7.2023356198411403e-01	   8.3282656708613201e-01	   7.1223682578268788e-01	   4.4165449653473821e-01	   4.8998106319023216e-01	   4.5954213093887447e-01	   3.7838205036452155e-01	   5.8232680495242573e-01	   4.9765169033981427e-01	  -6.9820950384712172e-02	  -2.4356979969854789e-01	   2.1815570543365731e-01	   2.7426729586267101e-01	   2.4533804004066667e-01	   1.6097000593196698e-01	  -8.4287340427812232e-03	   6.3963554142411616e-02	   5.4323541735897685e-01	   4.0744421797534774e-01	   3.6766806207328376e-02	   8.6683179512956454e-02	   3.3237112337413346e-02	   7.4003425182220695e-02	  -9.5219223314161341e-02	  -1.6285367944300250e-01	   2.1901658880741698e-01	   1.5556437205503082e-01	   2.0869424284236074e-01	   2.7479392845049100e-01	   2.8108745275522851e-01	   2.7205027578132768e-01	   5.3262579164047752e-01	   4.9543928387532399e-01	   3.6123630146870012e-01	   3.0925118565059995e-01	   4.5290439246850211e-01	   4.1881349344211627e-01	   4.6167413130966872e-01	   4.1059250170524475e-01	   4.2108297926027832e-01	   4.0592604772037355e-01	   4.2589791824298806e-01	   4.7104676297710801e-01	   4.1053412783027354e-01	   4.3370688410798086e-01	   5.2483018389274694e-01	   4.1743587048957853e-01	   4.6831088827652062e-01	   2.9656752347777010e-01	   6.4816844297790066e-01	   4.3128960484118550e-01	   6.2835862986521218e-01	   3.4932939284334874e-01	  -3.9344537685208403e-02	   1.4696084532929199e-01	  -3.9649489055019554e-02	  -8.8426541634357661e-02	   4.8774665112834659e-01	   3.6967515970820319e-01	   4.2006760615847516e-01	   2.6818799990951325e-01	   3.7177673984406523e-01	   2.8703094553772623e-01	   4.7336165955934195e-01	   4.0358800412012868e-01	   5.4084151761724897e-01	   4.1159378488559040e-01	   3.9835753473473490e-01	   4.2443947392237763e-01	   4.8615594233982595e-01	   5.0245936525415358e-01	   5.9598100265638099e-01	   5.0660995351012217e-01	   5.4616251803711524e-01	   4.4258008274480687e-01	   3.0246687373960446e-01	   2.4729346572127089e-01	   2.8809014862270554e-01	   4.2916777410176982e-01	   3.9930939269724297e-01	   3.9484627739480571e-01	   2.8875901148962213e-01	   3.8163639216241080e-01	   1.3007360884269475e-01	   2.6574220232070672e-01	   3.8423606239973845e-01	   4.2572645336031933e-01	   4.2542194147671430e-01	   5.7218318204321961e-01	   3.1283853893977831e-01	   3.2048312624716324e-01	   8.2006886988288258e-02	   2.2175653837582518e-01	  -5.2237834828847640e-02	  -2.2300623210122825e-01	  -6.8915194543384434e-02	  -2.6761042104505748e-03	   1.2541361395015546e-01	   1.3930364923686317e-01	   3.6439801917882630e-01	   3.9765009647085137e-01	   3.7705894818267771e-01	   3.0415363249037580e-01	   4.0403168514704803e-02	  -8.5776540414057939e-02	
   7.5286778215456440e-01	   7.1893418683428367e-01	   1.2604693757497301e-01	   5.7895813408632324e-01	  -7.5983785546285251e-02	   1.3316304884482844e-01	   4.1083174692542734e-01	   6.3229417741071181e-01	   8.8981481293338244e-02	   2.5498609560564633e-01	   7.2023356198411403e-01	   0.0000000000000000e+00	   6.9673156487403709e-01	   8.9358308498960515e-01	   2.3055317841130529e-01	   4.6256862510235536e-01	   6.8661970097069758e-01	   6.6393972676377033e-01	   7.0101990969900096e-01	   7.1849685420980747e-01	  -8.4063422423085311e-04	  -1.2946317468642093e-01	   1.7752841911556944e-01	   3.6112463781478388e-01	   3.0263527809230767e-01	   2.7200060536257187e-01	  -3.5633681930905048e-02	   2.1730416583816223e-02	   6.3305866048070758e-01	   6.6350050324496834e-01	   2.0795802153922799e-01	   2.9378667512919587e-01	   3.3345272609847965e-01	   4.2360359959644017e-01	   9.5480588237162878e-02	   9.8292354783610730e-02	   2.6978685482266490e-01	   2.1506944468508482e-01	   2.3885374353388372e-01	   3.9053799903991859e-01	   4.1199155424240047e-01	   3.6038289319865374e-01	   4.3250952493801409e-01	   3.7579895992521828e-01	   3.4953106977742737e-01	   3.1657576022290163e-01	   4.7181878901506447e-01	   3.7386895665537107e-01	   3.4793285238885369e-01	   5.1404883113949418e-01	   4.8175590826495346e-01	   4.8766389681003441e-01	   5.4848694837668832e-01	   3.6870390791108310e-01	   4.3248815467000862e-01	   3.4654310654253306e-01	   6.5177209294581773e-01	   6.1468080117113399e-01	   5.2113833224907058e-01	   5.3547639314360418e-01	   5.9122749154734522e-01	   5.9009146419436964e-01	   7.3750615817205500e-01	   6.2573077900246021e-01	  -1.2285732813384218e-01	   2.7356234891795683e-01	   2.9118305600420663e-01	   2.9861498906839129e-01	   6.5986679707751206e-01	   5.8993005754388750e-01	   5.1858089254214512e-01	   4.5137637610747028e-01	   5.1401030512380153e-01	   5.3342382206313288e-01	   5.3177185168520014e-01	   6.4176805170379392e-01	   6.6069321679295645e-01	   6.6596656221443729e-01	   5.7175410417449324e-01	   5.6846690200499950e-01	   7.2604100062176613e-01	   6.7256563040343886e-01	   6.0412054928435599e-01	   6.8193517195906250e-01	   5.0683788926280882e-01	   6.5161900347073032e-01	   2.3577680843522378e-01	   1.9256526211949554e-01	   3.5458196931386843e-01	   4.6573709232407801e-01	   5.2670509148284039e-01	   3.0859362719175698e-01	   5.1018387578711266e-01	   3.6624226809373311e-01	   1.1464235478972869e-01	   3.5942850513802815e-01	   4.9825570117507240e-01	   5.5691625163989178e-01	   5.7124948632873129e-01	   5.6924928059752400e-01	   5.7550434520516858e-01	   3.5423962837445722e-01	   3.7215714604521760e-01	   4.2245589804699224e-01	  -6.6189333361547642e-02	  -7.1208340901641839e-02	  -6.0270552383886428e-02	   1.0192258414369731e-01	   2.1078804554817038e-01	   2.5536179370056755e-01	   5.3986717332548473e-01	   6.2107759570904353e-01	   6.0949830808852135e-01	   4.6622721738681094e-01	   3.5447838608078583e-02	  -8.9262731193261072e-02	
   6.5462997579447002e-01	   4.2052628290432115e-01	   2.4549696185492720e-01	   3.2793005462511826e-01	  -1.1754225021456668e-01	  -1.0471303803591446e-02	   3.4297364536307162e-01	   2.4861240961983638e-01	   1.2181429143528599e-01	   4.9708824028919546e-02	   8.3282656708613201e-01	   6.9673156487403709e-01	   0.0000000000000000e+00	   8.1157343095754730e-01	   5.5025383468216471e-01	   5.9378470349775658e-01	   3.6526055289936621e-01	   3.1688292632187554e-01	   3.8212018514541080e-01	   3.6265050927538711e-01	  -1.2458687615211976e-01	  -3.7394458822549453e-01	   3.2598176033094156e-01	   3.9644206431345241e-01	   3.4645654082501831e-01	   2.8430568917556120e-01	   1.0216678203243686e-02	   9.2482974008759739e-02	   3.6661820520660626e-01	   2.9532333391981658e-01	   1.4037556401010010e-01	   1.6683484051867653e-01	   1.0942053925959472e-01	   1.2824615174185400e-01	   1.3660615450801544e-01	  -2.7963215343414009e-02	   2.9254333822391376e-01	   2.1365936910026592e-01	   2.9607901036611028e-01	   2.7919637831489730e-01	   3.6050681893763548e-01	   1.4339104749666068e-01	   3.4025370583710585e-01	   3.2249602747872641e-01	   2.5116990699696295e-01	   1.9474389709262355e-01	   2.2588412145069869e-01	   2.0179130609167073e-01	   2.7638622861308099e-01	   3.0758436711601295e-01	   3.5339585586600197e-01	   3.9376600627568525e-01	   2.2673162738246508e-01	   2.6917290208720335e-01	   2.5799161505119289e-01	   2.7723848562803000e-01	   4.0827897242901090e-01	   3.4125955422863158e-01	   3.9280805666518781e-01	   2.7561535866103321e-01	   5.4536182191059068e-01	   3.2075901645784322e-01	   5.8204756849124972e-01	   3.2328475305564086e-01	   1.6324504525076133e-01	   2.4700558708129011e-01	   5.6357623424721566e-02	  -1.8214302127629648e-02	   4.9377797528035089e-01	   3.7211752921080288e-01	   2.6567959641520944e-01	   1.5159657933108783e-01	   3.1092322312546344e-01	   2.1805165895067186e-01	   4.0206522031757974e-01	   4.3297570177004596e-01	   4.3049226351946879e-01	   3.4117864108365858e-01	   4.7242997958452654e-01	   4.1319425603948506e-01	   5.2361062457091134e-01	   5.5212372181102243e-01	   5.7435653825325272e-01	   5.3574538550707340e-01	   5.9374168093503110e-01	   5.4315272987768504e-01	   4.5243581764039109e-01	   3.5699969067774234e-01	   2.8671094218898607e-01	   4.0372693451030855e-01	   1.8009316407989312e-01	   2.0951913661264288e-01	   2.2201893622776775e-01	   3.4282828802219778e-01	   1.5911549750236698e-01	   2.6634969856213364e-01	   4.1801949809529548e-01	   4.3302903418762606e-01	   1.7709854116655752e-01	   3.7614190884760512e-01	   2.4911598211693031e-01	   2.5559450551297447e-01	   1.2246077854036268e-01	   2.1663640030688897e-01	   1.4638069135211165e-01	  -1.2588401309281333e-01	  -6.2009279876870139e-02	   5.0036803356105837e-02	   6.4059561966474055e-02	   1.6949910826584810e-01	   3.3258031979952041e-01	   3.2526351995751263e-01	   3.0119993916223420e-01	   3.4283151497440245e-01	   1.5237054706810432e-01	   2.7473985124085790e-02	
