   0.0000000000000000e+00	   9.4233823465982791e-01	   8.0136280725762266e-01	   7.9142997737143750e-01	   6.7940020195191597e-01	   7.1085371620840154e-01	   7.4397722300906433e-01	   6.4195712592301857e-01	   4.7165464996263823e-01	   7.7377161938659378e-01	   8.0648341458482709e-01	   6.9125973673536856e-01	   8.4251805789919776e-01	   7.2856680847158428e-01	   6.8799463175011011e-01	   7.2258343148824677e-01	   8.0488500804752439e-01	   7.6460723302322720e-01	   9.0793344413087040e-01	   9.2212844050121001e-01	   7.2287060693738081e-01	   7.2397192574985536e-01	   6.6720905741331638e-01	   6.4372277525220278e-01	   3.5980546107980071e-01	   3.9918126804833387e-01	   6.9965310890794474e-01	   7.3204964613311962e-01	   6.6095041145133471e-01	   6.6103194473619720e-01	   5.8100756206560200e-01	   5.8392861971353949e-01	   7.2746937714179705e-01	   7.1923990157503870e-01	   1.9355073130699625e-02	  -1.1804718033482760e-02	   2.6918954351254681e-01	   5.1980796077328573e-01	   6.4038292993784052e-01	   6.5577394028872560e-01	   5.7447249627273889e-01	   6.3888010575852938e-01	   5.9582479826087664e-01	   5.6066187134887158e-01	   3.3592682531358820e-01	   3.0509212034613825e-01	   6.7538051729623905e-01	   6.3378292925946866e-01	   4.1019716504483850e-01	   5.1206565692968820e-01	   6.2037226443757687e-01	   5.7961416667501120e-01	   7.8036540875722160e-01	   6.8204310698541737e-01	   8.1104298408906295e-01	   7.5698472815110984e-01	   9.0457802468760629e-01	   8.7746690134363847e-01	   7.6671913570647532e-01	   8.5328781494148032e-01	   7.8123295563653827e-01	   5.9166716684981813e-01	   8.3418321052735245e-01	   7.6936555636272874e-01	   3.1216544393027945e-01	   5.2612042032286965e-01	   4.6537748344240293e-01	   4.3453612128935271e-01	   8.6332959168685930e-01	   7.7506128768003191e-01	   6.9170873632493668e-01	   6.0222333642237103e-01	   7.1364692465754787e-01	   7.3867429402706963e-01	   7.6955013074455025e-01	   7.4411698673002435e-01	   7.5169738224192506e-01	   7.8242263288256231e-01	   7.7760389092349325e-01	   7.5768516461098689e-01	   7.4354426884919200e-01	   7.7861593291403663e-01	   6.6396731580836110e-01	   6.9821890770170736e-01	   8.1495776583429902e-01	   7.7130282212113344e-01	   5.8527524185187563e-01	   5.1515650257674472e-01	   8.2431828159656284e-01	   8.2629892225027246e-01	   6.6866470621561358e-01	   4.7937399863112096e-01	   4.0909113088195581e-01	   3.7714169843591794e-01	   3.6213947823740644e-01	   5.8074857066463359e-01	   6.3303790959965944e-01	   7.1108959247052383e-01	   7.3772985318037665e-01	   7.2684336759187440e-01	   4.0689055373262462e-01	   5.5289952060643888e-01	   6.8907616533711069e-01	   7.8475720733221999e-01	   5.5935732791478468e-02	   3.2041155005294683e-02	   3.3132434975292557e-01	  -5.9175704323251768e-02	   2.6359219562219555e-01	   1.7481028732795822e-01	  -1.7281099992328162e-02	   6.2915367939337041e-01	   6.8838728220279999e-01	   6.6314445367304597e-01	   4.8562943538085213e-02	  -1.5766323461218218e-01	
   9.4233823465982791e-01	   0.0000000000000000e+00	   7.5944619688702031e-01	   8.1860715589668942e-01	   7.1267236441344062e-01	   7.3852143565005213e-01	   7.5429260395852338e-01	   6.9635410581368506e-01	   5.7627581869862499e-01	   7.9539237391724615e-01	   7.8139383915020533e-01	   7.7233141681923223e-01	   8.3643148802838940e-01	   8.0930064944803726e-01	   7.0381377662082123e-01	   7.8900071126631821e-01	   8.2497661256793842e-01	   8.3225647943508030e-01	   8.9926604146483735e-01	   9.4892032191231868e-01	   7.3162733739823027e-01	   7.3341674447589500e-01	   6.6546908026587248e-01	   6.7986533135553162e-01	   3.8501642800772506e-01	   4.4965546257572919e-01	   6.4448799168925575e-01	   6.6251616329941876e-01	   6.8551345833018651e-01	   7.4110685259493558e-01	   6.1677517454700714e-01	   6.4098335362754688e-01	   7.7903424428935186e-01	   7.9779784936751319e-01	   8.6758739409947536e-02	   1.0647578868355960e-01	   3.6342369954118814e-01	   5.7999174336249926e-01	   7.0398619935840856e-01	   7.2260176912882335e-01	   6.4412406594881366e-01	   7.1622762297398856e-01	   6.4990798102086100e-01	   6.3193098547561610e-01	   4.5341147057452369e-01	   4.4275014401945378e-01	   7.2772002587343698e-01	   7.1161748392674129e-01	   5.0433237954170529e-01	   6.1737038026330626e-01	   6.5339018325834486e-01	   6.1925417567102836e-01	   7.7870954996422981e-01	   7.0563177564740165e-01	   8.1940994861299787e-01	   7.7627309131171796e-01	   9.0308012316347441e-01	   9.3460798758021557e-01	   7.3248791190128815e-01	   8.4377331723542670e-01	   7.5247318646174488e-01	   6.2387371817339765e-01	   8.3183477837804332e-01	   8.0677154869974976e-01	   3.3327969055052753e-01	   5.7003273101199436e-01	   5.3200636425399395e-01	   5.3642474252841743e-01	   9.1273683482105672e-01	   8.7949034564336281e-01	   7.0576798415222219e-01	   5.9828759973376378e-01	   7.6118274621407012e-01	   8.1425348051154234e-01	   7.7592021307453707e-01	   7.7260664194292694e-01	   7.7426162529115705e-01	   8.2371751394436288e-01	   8.2772520569226327e-01	   8.1346326073146091e-01	   7.8876050076962290e-01	   8.3127663070556701e-01	   6.9238885142080409e-01	   7.6787907528931321e-01	   8.0446681494111683e-01	   7.8989701831570835e-01	   5.9259243990813582e-01	   5.1864159320758396e-01	   7.8170580534033873e-01	   7.9943417358609303e-01	   7.1925089111201557e-01	   5.1274849639917486e-01	   4.9199217189912231e-01	   4.3249495858013026e-01	   3.8146902572232688e-01	   6.5783537792468993e-01	   6.7940550222999974e-01	   7.7288553585803499e-01	   8.0493568679339067e-01	   7.6067540893507735e-01	   5.0030810180583929e-01	   5.8826836706059482e-01	   7.3329461822307629e-01	   7.8096586887604924e-01	   5.3590210038548088e-02	   3.3261790987469592e-02	   3.8885037554930041e-01	  -6.0685688226371159e-02	   3.2215802821021566e-01	   2.3231583796834593e-01	   4.7685656753549882e-02	   6.8572740419854505e-01	   7.3105657909596367e-01	   7.0259353927283330e-01	   9.5756624670969459e-02	  -1.6508152505491708e-01	
   8.0136280725762266e-01	   7.5944619688702031e-01	   0.0000000000000000e+00	   8.6697303277340820e-01	   8.1822940923061460e-01	   7.6096725991081771e-01	   9.3392228236554908e-01	   7.1314110161991373e-01	   6.5741974435033546e-01	   8.0020861830721624e-01	   7.1649152060815902e-01	   5.9208352526784958e-01	   7.9570601763134374e-01	   6.6890191611998762e-01	   7.9300899455836715e-01	   7.8410121681411782e-01	   6.5675442948771867e-01	   5.9022775928779037e-01	   8.7429777444829437e-01	   8.4741603518932473e-01	   8.1965881045427302e-01	   8.0675170507022653e-01	   8.8070813686663185e-01	   8.1607677595289840e-01	   6.1020543481831835e-01	   6.3336025632524984e-01	   7.4510028462548705e-01	   7.7032064815797541e-01	   6.4254888935516119e-01	   6.4627870921623276e-01	   7.9895003612522741e-01	   7.6580614156146409e-01	   8.0148170955590370e-01	   7.9066756881624989e-01	   3.5277659709341824e-01	   2.3826911288640151e-01	   3.5305530529120993e-01	   5.0689247379916724e-01	   7.0805983687391549e-01	   6.4754530069686966e-01	   6.3514121043707983e-01	   5.9455190048650175e-01	   6.5280527372803965e-01	   5.7893792110892295e-01	   4.6925942449351410e-01	   4.3513431011844933e-01	   6.8070934383159587e-01	   6.0450820211869716e-01	   4.7549342844050918e-01	   5.1581477312262491e-01	   6.8984003622036172e-01	   6.7196255525798221e-01	   7.6082418830318876e-01	   6.7817352939935516e-01	   8.0528490720286627e-01	   7.7674606535978696e-01	   6.5852643194637106e-01	   6.4540360645898176e-01	   7.3358829750940846e-01	   7.6061150363140639e-01	   7.9068682318480477e-01	   5.2490103948438982e-01	   7.0500021640358801e-01	   5.9154236078779276e-01	   6.5970938589627037e-01	   6.8847153230621005e-01	   6.7335147003242268e-01	   5.7920154963758619e-01	   6.9998634880006483e-01	   6.0651393825068078e-01	   8.0895784839101215e-01	   7.0922137311373845e-01	   7.3512799668230389e-01	   7.0090933473059391e-01	   7.6987311865959662e-01	   7.0899362623780293e-01	   7.9894257145989700e-01	   7.3643837178619020e-01	   6.6332962697051157e-01	   6.7487850110312331e-01	   6.0327192891914305e-01	   6.1836189965103439e-01	   7.1120902416267406e-01	   6.9898026012986758e-01	   8.0190315303075921e-01	   7.5641100144237594e-01	   7.1891776994116496e-01	   6.1461018852109039e-01	   8.7562846032986963e-01	   8.5384808259623191e-01	   6.2600790704467224e-01	   5.3025943372164130e-01	   4.3514418176566938e-01	   4.5780890248628386e-01	   4.5626169962783303e-01	   6.1509531813198370e-01	   6.4410853144951197e-01	   7.0711998289682576e-01	   6.8599907582668618e-01	   6.6241143422282367e-01	   3.1555706977392645e-01	   5.6544398404449159e-01	   6.4812315244179519e-01	   6.7999901386074202e-01	   7.7511486009800235e-02	   1.1713921590051629e-01	   2.8142912903800182e-01	  -1.3219807525755231e-01	   3.5966678725919632e-01	   2.1976255789269794e-01	  -4.7810443436021532e-02	   5.6793410051471183e-01	   6.5543345321956448e-01	   6.6311640497418911e-01	   1.7354850403709246e-01	  -1.0961487401197054e-01	
   7.9142997737143750e-01	   8.1860715589668942e-01	   8.6697303277340820e-01	   0.0000000000000000e+00	   7.4547916753990628e-01	   8.3487784168385848e-01	   9.0139197255283388e-01	   9.2893691194257211e-01	   6.1911972395931025e-01	   8.7577037931765922e-01	   7.8244014680605400e-01	   8.2570248243929245e-01	   8.8436195839337006e-01	   8.8358766126355781e-01	   7.1995184297715720e-01	   8.0197451125347774e-01	   6.1121487585543699e-01	   5.8455088322958537e-01	   8.4346583542714315e-01	   8.4833759305597534e-01	   7.2037920046572723e-01	   7.2632541123747063e-01	   8.0905625887353472e-01	   8.9528288083428853e-01	   4.2864632360696986e-01	   6.1274923804649539e-01	   6.1767614869532572e-01	   6.7342534009328170e-01	   5.7270186695637948e-01	   6.3504204100517114e-01	   7.5578279149285388e-01	   8.2482337057941912e-01	   7.7667767147227074e-01	   8.4220304076569596e-01	   2.8291822550052548e-01	   2.9236462356921122e-01	   3.1843558785611614e-01	   5.0784112736016340e-01	   6.4477542355296025e-01	   6.5978467466420399e-01	   5.5393108719156836e-01	   5.7485759333618502e-01	   5.9561909989100381e-01	   5.0484102594838820e-01	   4.4390508380335203e-01	   4.7286182746266825e-01	   6.2066217020012859e-01	   5.5244129733910963e-01	   3.9896639328973366e-01	   5.0598497197989944e-01	   5.9969552892625200e-01	   6.4073589499033767e-01	   6.8295478630619555e-01	   5.8005877024466335e-01	   7.4846083570805733e-01	   7.1342584656412389e-01	   6.1276877467546620e-01	   6.4575416308232136e-01	   6.2858839726583671e-01	   8.0698688086433878e-01	   8.2080171778326427e-01	   7.9455740763972615e-01	   7.2968294713333659e-01	   6.5914006123942326e-01	   5.5921357061930776e-01	   8.6075198872820002e-01	   6.5051152623463926e-01	   6.9752695896891059e-01	   7.0870057937622710e-01	   6.8830200144685738e-01	   8.0380416978316782e-01	   6.7174699515005365e-01	   7.3026474461121271e-01	   7.7828166823866463e-01	   7.7727824639775311e-01	   7.9479757185906696e-01	   7.9144803617127280e-01	   8.1471592037688212e-01	   6.5798791436221515e-01	   6.6419665959587637e-01	   6.1763386987832236e-01	   6.5419791586222376e-01	   6.7532109877313651e-01	   6.8867078918724445e-01	   7.9887794320615257e-01	   8.0853225088727765e-01	   6.3565720906452849e-01	   5.8186096639565166e-01	   8.0160193438634952e-01	   8.2143241080441176e-01	   7.0095756494317829e-01	   4.8649701409077617e-01	   5.4482882972446878e-01	   4.2226783279054048e-01	   4.4896728397955238e-01	   6.9306176301057187e-01	   6.6695581433635320e-01	   7.2550867072813097e-01	   6.5560270972232582e-01	   6.2240088611242861e-01	   3.1658077920127692e-01	   6.3203572183253720e-01	   6.6338361317395489e-01	   6.6349839694557566e-01	   3.5226659188341128e-02	   6.1608034145180193e-02	   3.0472606078976699e-01	  -1.9807549930765828e-01	   4.5259075464795684e-01	   3.0432914003935752e-01	  -1.5196708357330002e-02	   5.2225730466064324e-01	   6.3322737641109295e-01	   6.6644427044685628e-01	   1.9022109854037750e-01	  -2.0274494574855084e-01	
   6.7940020195191597e-01	   7.1267236441344062e-01	   8.1822940923061460e-01	   7.4547916753990628e-01	   0.0000000000000000e+00	   8.2609132142140140e-01	   8.6046450261224494e-01	   6.6976291725557058e-01	   8.3377071402633818e-01	   8.3473757744110511e-01	   6.1723372136232890e-01	   5.8311542364450175e-01	   7.3502071188785756e-01	   6.4689146473378800e-01	   7.3046105361057101e-01	   7.7429409057688436e-01	   6.4690867758508097e-01	   6.1662748266531775e-01	   7.4838257304548694e-01	   7.6601206455185578e-01	   7.5113479449285636e-01	   7.1243447577952557e-01	   7.9475108112521731e-01	   7.5197448701153169e-01	   6.1750930361094225e-01	   6.8722943329725372e-01	   7.5797629277499634e-01	   7.3625039597719921e-01	   6.1544981606654292e-01	   6.2444646228996825e-01	   7.6012806004295552e-01	   7.3220959663429308e-01	   7.7626004497624768e-01	   7.5653805819975473e-01	   3.2408796194639267e-01	   2.9366270983733411e-01	   3.1916825117446368e-01	   5.2759934103535377e-01	   5.7958131855808881e-01	   5.8734978957042439e-01	   5.9867915119090820e-01	   5.4542763846662312e-01	   6.8774273591818580e-01	   6.1874916181015682e-01	   5.4771177308971497e-01	   6.0170721472750732e-01	   6.7655560816248650e-01	   6.9439161021337370e-01	   5.6276643873304910e-01	   6.4618507749896092e-01	   6.5099012849411220e-01	   6.4147889748995590e-01	   7.0190119227084469e-01	   7.2972124971694008e-01	   6.9251446267508920e-01	   7.0350285900260934e-01	   6.1446847710888597e-01	   6.1081496305303751e-01	   5.5770907379689272e-01	   5.7727518086474117e-01	   6.9548508357287475e-01	   5.2144717253134354e-01	   6.4885816248963912e-01	   5.0486636334638546e-01	   6.1666255605605480e-01	   6.2088412192361342e-01	   6.8501179981255400e-01	   6.0232441922808244e-01	   7.2026448545573629e-01	   6.7746611672324386e-01	   7.5866411963308522e-01	   6.2031556939616395e-01	   5.9032321985005609e-01	   5.3998160431426023e-01	   5.7599997224634414e-01	   5.3316454796377188e-01	   6.6578641792006721e-01	   6.0035477046267860e-01	   6.5473674682966920e-01	   6.6346197437399446e-01	   5.9207165684345608e-01	   6.1342620892118305e-01	   6.6153039880102649e-01	   6.9423781817444197e-01	   7.3450940881791449e-01	   6.6163483634707998e-01	   6.5979197679528490e-01	   5.1668699461475021e-01	   7.8336791015613294e-01	   7.3281824619832514e-01	   6.6423999229936659e-01	   6.0560950454679130e-01	   5.4607281007162167e-01	   5.2086294838035807e-01	   2.9502368807231116e-01	   5.1896239777981013e-01	   5.1953388259607003e-01	   6.4588760054075833e-01	   7.1015437970918005e-01	   6.9064186493448654e-01	   3.7789068230075712e-01	   4.3148680109786280e-01	   5.4876134393268294e-01	   6.2514244843239908e-01	   1.6182938642572750e-01	   1.5437937060656753e-01	   4.0840796407931429e-01	   4.5727686487993390e-04	   2.3123106621062883e-01	   1.6625399443424171e-01	  -6.6853548844137564e-02	   6.4873778649893488e-01	   6.5776069675840354e-01	   6.4423629587568620e-01	   2.8485684781736864e-01	  -3.4864597974625461e-02	
   7.1085371620840154e-01	   7.3852143565005213e-01	   7.6096725991081771e-01	   8.3487784168385848e-01	   8.2609132142140140e-01	   0.0000000000000000e+00	   7.8901931767883560e-01	   7.7223282275595173e-01	   6.1649394736506491e-01	   9.4451346510590151e-01	   5.7932031658965411e-01	   6.1284713825883186e-01	   7.0366037784705182e-01	   7.4879350646304599e-01	   6.5791401896649182e-01	   7.8723321617006992e-01	   6.5754570241152122e-01	   5.7045224684648832e-01	   7.3630852721287954e-01	   7.6855810143050585e-01	   7.6182542327683100e-01	   7.7051564961575392e-01	   7.6258905654017495e-01	   8.1557915844465712e-01	   5.7369655050865997e-01	   7.4521650518537319e-01	   7.6475644709240109e-01	   7.6573448320730075e-01	   5.6637600401429489e-01	   5.8205934419066541e-01	   7.4223016848543288e-01	   7.7059054869651789e-01	   7.6905810001791619e-01	   7.9932110603636575e-01	   3.9074612433639999e-01	   4.4586599291362683e-01	   3.3837279253238395e-01	   5.8582278041369840e-01	   6.5590607335072026e-01	   6.9601824084338382e-01	   5.8986424560861994e-01	   6.0361002537659858e-01	   6.5024801748865779e-01	   5.3732904652063795e-01	   4.8403372339324308e-01	   5.7566253905201137e-01	   6.2626678817264225e-01	   6.5391173957274051e-01	   4.0466340914674359e-01	   5.6890098537795231e-01	   5.7087578289545471e-01	   6.5733341795065803e-01	   6.8851380705425291e-01	   6.7096146024904035e-01	   7.2387261281117721e-01	   7.1112356432889090e-01	   6.0519779661993101e-01	   6.2279584072805583e-01	   5.7664002865956798e-01	   6.9915254166919416e-01	   6.7033747642607500e-01	   6.4539983795908751e-01	   6.1066538510019419e-01	   4.9072699029056865e-01	   5.4295702160708181e-01	   7.2037678788876836e-01	   7.1965786641066920e-01	   7.4414574625360763e-01	   7.1823463328230641e-01	   7.1680349757644013e-01	   7.4987928855976282e-01	   6.2451106406968471e-01	   5.5634616153671446e-01	   5.7007510426057495e-01	   5.7301031890201837e-01	   5.7009833786590169e-01	   6.6925089603095711e-01	   6.9240147737502178e-01	   6.5515338097190978e-01	   6.6320884141829306e-01	   6.2863255444256438e-01	   6.5476328900699721e-01	   6.8380560660270473e-01	   6.8750911899654832e-01	   7.7521689305935337e-01	   7.0925927662378130e-01	   7.2960353299287872e-01	   5.5058332948426569e-01	   8.3361619733812264e-01	   8.1193710866435964e-01	   7.0161926849348322e-01	   6.0907763526496383e-01	   5.7723243374900668e-01	   4.8380435786215070e-01	   3.8184649265719328e-01	   6.4820721277141091e-01	   6.0062525624963325e-01	   6.9013973433084774e-01	   6.8631767025311408e-01	   6.8557348185609779e-01	   3.2324485063896036e-01	   4.7252178212050056e-01	   6.2341726866898273e-01	   7.2177592616973896e-01	   6.9499500784600154e-02	   8.1152437433104338e-02	   4.3928389818172081e-01	   5.7893150586775348e-03	   4.1070684572249472e-01	   3.7765382141426607e-01	   1.0274248799828362e-01	   6.5288763990837673e-01	   6.7382273734020570e-01	   6.9471500115809648e-01	   2.9302121234551259e-01	  -1.2473694395859339e-01	
   7.4397722300906433e-01	   7.5429260395852338e-01	   9.3392228236554908e-01	   9.0139197255283388e-01	   8.6046450261224494e-01	   7.8901931767883560e-01	   0.0000000000000000e+00	   8.4254494588711171e-01	   7.3301700505192535e-01	   8.3066884817798281e-01	   7.6098001944907478e-01	   7.0792665827250523e-01	   8.5457094742219497e-01	   7.8690896655711073e-01	   7.6685837877564345e-01	   8.0883423613194927e-01	   5.9308848926595714e-01	   5.8692205254763707e-01	   8.3562629842052250e-01	   8.1589630463155005e-01	   7.3051340653319774e-01	   6.9890893201818582e-01	   8.5461324026735563e-01	   8.4664699195257032e-01	   5.4861428037786875e-01	   6.4531218709418336e-01	   6.2775021438187206e-01	   6.5522358630535071e-01	   6.0029260478531221e-01	   6.5044209913825024e-01	   7.9934553360241156e-01	   8.1167652378025934e-01	   8.0771797800795597e-01	   8.2144695033922766e-01	   3.5879361358350592e-01	   3.1006831956920011e-01	   3.7681021749406940e-01	   5.1245969108713763e-01	   6.6047259478428888e-01	   6.3227676402660327e-01	   6.0797236264763299e-01	   5.7693318271954164e-01	   6.4216138958830282e-01	   5.4682050787270531e-01	   4.9142760307519473e-01	   5.0816609394744738e-01	   6.4321053062662059e-01	   5.9851503732196709e-01	   4.8600445064894993e-01	   5.6539540989770631e-01	   6.6731447247142683e-01	   6.5566856948926555e-01	   7.3404950030856897e-01	   6.6652431137229629e-01	   7.4279305418404173e-01	   7.1918923742411478e-01	   5.8209126525745669e-01	   6.0361647181135303e-01	   6.6129554575255689e-01	   7.3885862985732165e-01	   8.2368757244237512e-01	   6.8511474552170259e-01	   6.9416026948794740e-01	   5.8684073911712753e-01	   6.8068274114621219e-01	   7.8654106060362294e-01	   7.1439189276214154e-01	   6.6299021480821207e-01	   6.7795286056547355e-01	   6.1615210919233376e-01	   8.2391495593437103e-01	   7.1767820499382640e-01	   6.9546822298810318e-01	   6.7682246756584774e-01	   7.3623633814648581e-01	   6.8505034040668744e-01	   8.0398999307265751e-01	   7.4913759169334626e-01	   6.1338386057829541e-01	   6.4541123360973673e-01	   5.6728258766785755e-01	   5.9457439145577295e-01	   6.7802219818411458e-01	   7.0803262841033865e-01	   7.7148508360730195e-01	   7.3725054845222870e-01	   6.6492511616883920e-01	   5.3969923633276251e-01	   8.5651442093554353e-01	   8.3562039476249628e-01	   7.4357949930356515e-01	   6.2943687739350307e-01	   6.1329442958060798e-01	   6.0093319846940552e-01	   3.7372579478916329e-01	   5.9312025456188566e-01	   5.8627597230379147e-01	   6.6110770654590523e-01	   7.0192591770059753e-01	   6.6912274030282082e-01	   3.4281723126438124e-01	   5.6458536240544688e-01	   6.8247537481089993e-01	   6.8468228452641322e-01	   1.3896406551655749e-01	   1.6293805602362321e-01	   3.6822286150431965e-01	  -7.4417972755628309e-02	   2.9730258581870805e-01	   1.8069350936116071e-01	  -4.7946439644393539e-02	   6.1875943274295031e-01	   7.0628018125997039e-01	   7.0180455127170271e-01	   2.8377925567421475e-01	  -8.0133717084071590e-02	
   6.4195712592301857e-01	   6.9635410581368506e-01	   7.1314110161991373e-01	   9.2893691194257211e-01	   6.6976291725557058e-01	   7.7223282275595173e-01	   8.4254494588711171e-01	   0.0000000000000000e+00	   6.0284396399479068e-01	   8.2574938449150981e-01	   7.0155972200186378e-01	   8.4237261572979683e-01	   8.4438654108968070e-01	   9.0365433981274623e-01	   5.7048876803852366e-01	   6.8207098702423075e-01	   4.9763982452161837e-01	   4.9350532431304678e-01	   7.1274621748174571e-01	   7.0458668786226641e-01	   5.5168851900989535e-01	   5.6895344570713724e-01	   6.7408901217484174e-01	   8.1827917415634410e-01	   3.1269566600041215e-01	   5.6251580223935504e-01	   4.1395059036990745e-01	   5.0354330769677724e-01	   4.6578714115966940e-01	   5.5586847737126754e-01	   6.7571673948329547e-01	   7.8717028294803448e-01	   6.9253519540519870e-01	   7.7621875338482671e-01	   2.4549318494006445e-01	   3.3037979139618556e-01	   2.6507972010229502e-01	   4.3430498688841684e-01	   5.1285198116141695e-01	   5.7583312964159672e-01	   4.3431895927734310e-01	   4.7073778856210441e-01	   5.1712939262234869e-01	   4.0778638380795856e-01	   3.7967699498114094e-01	   4.6645943262481615e-01	   5.1289039597573549e-01	   4.6636251780346194e-01	   2.9860682789027460e-01	   4.4541399108685753e-01	   4.7780578659385686e-01	   5.4954847098987303e-01	   5.6788238057448159e-01	   4.6699003909291048e-01	   6.0930013468735222e-01	   5.8498131012243726e-01	   4.5648375900118338e-01	   4.9778981268618383e-01	   4.8374036507013363e-01	   6.9288503918635369e-01	   7.7457376139564349e-01	   8.9273470891174111e-01	   6.5202591407817323e-01	   5.9998879741445599e-01	   4.9312913095450928e-01	   8.7320245544556607e-01	   6.1260382707667160e-01	   7.1341554849941979e-01	   5.8661946917525820e-01	   5.7415630956685149e-01	   7.4236231083644677e-01	   6.4800448037064484e-01	   6.2344073212773010e-01	   6.8385282392532631e-01	   6.6740575310999850e-01	   7.0438433087306362e-01	   7.2680982245530590e-01	   7.5223829852112800e-01	   5.3790127413671240e-01	   5.5549742812682723e-01	   5.1632313666036722e-01	   5.5608259594486364e-01	   5.2842715008054530e-01	   5.7877895032587889e-01	   6.8363742019839968e-01	   7.0291223572084416e-01	   4.8449973494652554e-01	   4.4796075198383833e-01	   6.6664622380609972e-01	   6.8939673538916857e-01	   7.2184948571058294e-01	   5.0097443357964433e-01	   6.2611987681086823e-01	   4.4776160827558492e-01	   3.7314238559759660e-01	   6.2839150406124000e-01	   5.6585161730853872e-01	   6.2116048098081156e-01	   5.8070881200305102e-01	   5.4467679545186731e-01	   3.0944393404437720e-01	   5.6753449267287825e-01	   6.0537565328281695e-01	   5.5756727860108046e-01	  -9.0218136034453840e-03	  -9.8012137831913343e-03	   3.2244159587424648e-01	  -1.9219477564786053e-01	   3.9115193373645302e-01	   2.7568394998407619e-01	   2.8138944744863031e-02	   4.8380269217289767e-01	   5.6325791989980933e-01	   6.0062667379644086e-01	   1.9567536863174534e-01	  -2.4010255423188279e-01	
   4.7165464996263823e-01	   5.7627581869862499e-01	   6.5741974435033546e-01	   6.1911972395931025e-01	   8.3377071402633818e-01	   6.1649394736506491e-01	   7.3301700505192535e-01	   6.0284396399479068e-01	   0.0000000000000000e+00	   6.5049648988701403e-01	   4.8312495248001219e-01	   5.3722519163961391e-01	   6.2754322533144691e-01	   6.2717158916126881e-01	   6.8810745866485634e-01	   7.3356626845515183e-01	   5.3137365737463282e-01	   5.8146101677212858e-01	   5.6404071645504295e-01	   5.9864837138392712e-01	   6.0990274714517234e-01	   6.0671906566261280e-01	   6.6648090997228604e-01	   6.7812105147453405e-01	   6.7570352519501165e-01	   7.1715099435137131e-01	   5.0267492205891595e-01	   4.7541638612580217e-01	   5.4736764457840981e-01	   6.1822360181732361e-01	   7.1956514633756963e-01	   7.2290227103857974e-01	   7.5404232344128164e-01	   7.5530816421603597e-01	   4.5180362336905011e-01	   4.5517583428150110e-01	   4.1786142205841381e-01	   5.1365393366901868e-01	   5.5247596990406533e-01	   5.3354427346585831e-01	   6.0638371094361021e-01	   5.3336810639827281e-01	   6.4625637541447944e-01	   6.1677147317066283e-01	   6.2916059243560818e-01	   6.6002947224735786e-01	   6.1253248248623826e-01	   6.2881855967064615e-01	   6.1494058800573570e-01	   6.3500770955920305e-01	   6.2942295349526756e-01	   5.8608979698390462e-01	   5.8179143484606866e-01	   5.9521743878782007e-01	   5.7637364442817940e-01	   6.0287943272490818e-01	   4.7929958555137769e-01	   5.0831659591826250e-01	   4.0792912533400877e-01	   4.2884892724608953e-01	   5.8603331082907262e-01	   4.3351946730394253e-01	   5.1682929632272201e-01	   4.7924249930594898e-01	   6.3723786300722418e-01	   5.9845258673218105e-01	   6.7002790641783871e-01	   6.2310952307905498e-01	   6.0009507492754488e-01	   5.9197197921068756e-01	   6.4719883795390243e-01	   5.5242961764161325e-01	   5.6609727337931137e-01	   5.3311674916941409e-01	   4.9457133328281450e-01	   4.7891052918260396e-01	   6.2502771225369225e-01	   5.1399279467956682e-01	   5.5115221081481813e-01	   6.0452876067542261e-01	   5.0553882983817267e-01	   5.2036031303634300e-01	   5.9174585595977525e-01	   6.3859959174875525e-01	   5.7750574799480892e-01	   6.1999944844020416e-01	   5.7339147407081881e-01	   5.7297153716621818e-01	   6.1543357650798058e-01	   5.7889260840300483e-01	   5.6498581305199935e-01	   5.4593712097721081e-01	   5.4926355480107547e-01	   4.8009801033926869e-01	   3.3322557537872771e-01	   5.1367722795500104e-01	   5.1853434287191502e-01	   5.9277235965259101e-01	   6.6287934798902892e-01	   6.1440788430577908e-01	   3.5664810242205952e-01	   4.0656287415236814e-01	   5.2798533018496174e-01	   4.8962811524163352e-01	   2.0786098164613426e-01	   1.7493274109624996e-01	   3.5540411597360316e-01	  -6.5437445843919168e-02	   2.0221303079006225e-01	   1.2469690726168917e-01	   6.6848276197949391e-02	   6.0926584339387635e-01	   6.3369584759004571e-01	   6.2017681332345631e-01	   3.8348581921001007e-01	   1.4600469026853576e-02	
   7.7377161938659378e-01	   7.9539237391724615e-01	   8.0020861830721624e-01	   8.7577037931765922e-01	   8.3473757744110511e-01	   9.4451346510590151e-01	   8.3066884817798281e-01	   8.2574938449150981e-01	   6.5049648988701403e-01	   0.0000000000000000e+00	   6.3895643658450152e-01	   6.8483278598201691e-01	   7.9551403934095832e-01	   8.0547511236860758e-01	   6.9008698916487532e-01	   7.8865248983401226e-01	   7.0135821398914266e-01	   6.1523542617419147e-01	   7.8550871742797046e-01	   8.0431992466692037e-01	   7.5249022687164135e-01	   7.7261698040256011e-01	   7.5891994103415072e-01	   7.9392352228070340e-01	   4.7530185182729984e-01	   6.3704121741446240e-01	   7.1977101964066681e-01	   7.3939062576317638e-01	   6.2501732555530598e-01	   6.3763169003478648e-01	   7.1780639615602881e-01	   7.5887372620049831e-01	   7.7557647190012946e-01	   8.1074192064218520e-01	   2.7207519401170432e-01	   3.1359579549028593e-01	   3.4557513619397001e-01	   5.7666909498664198e-01	   6.7484752190276842e-01	   7.0011546100496902e-01	   6.0167982134343900e-01	   6.1810540428786909e-01	   6.4692647523842506e-01	   5.4899215218392516e-01	   4.5767178873446052e-01	   5.2794676829906406e-01	   6.6800524198108835e-01	   6.4997864674064587e-01	   4.3708668418452229e-01	   5.8052915952103024e-01	   5.9781485054495798e-01	   6.5508246217268384e-01	   7.3881842625526994e-01	   6.6161267578937000e-01	   7.6532231511219773e-01	   7.4035429197504932e-01	   6.6358772457369231e-01	   6.7544664225918083e-01	   6.1592489660828176e-01	   7.5257373755853929e-01	   7.5448550099164180e-01	   7.0652966399851247e-01	   6.8253067422720615e-01	   5.7035521421141278e-01	   5.0942404908780337e-01	   7.1674734179607569e-01	   6.4408495498155860e-01	   6.6942103090384575e-01	   7.4406212329918464e-01	   7.3084013074627130e-01	   7.5758568368185175e-01	   6.5379913722315930e-01	   6.3043464271867755e-01	   6.5632766188902414e-01	   6.5064639285566228e-01	   6.6185010988223059e-01	   7.1916377989331859e-01	   7.3485200777431947e-01	   6.8828667977862190e-01	   6.8015914459888560e-01	   6.6452405219567168e-01	   6.8801563290401924e-01	   6.9769336441006291e-01	   7.0257465646826578e-01	   8.0492542741967799e-01	   7.6075824921576829e-01	   6.7279466679270850e-01	   5.4083885974816726e-01	   8.3442740992577136e-01	   8.1610126608377298e-01	   7.1483879332048617e-01	   5.6366598253224720e-01	   5.4206702679639396e-01	   4.5957088663887380e-01	   4.5467804707452480e-01	   6.8422771267170190e-01	   6.5064535574942184e-01	   7.4439392290510653e-01	   7.2466927303799755e-01	   6.9938377310376842e-01	   3.7586987934510308e-01	   5.4449005771648695e-01	   6.6698691915585517e-01	   7.0750338675540758e-01	   1.8323546202946142e-02	   4.4184236347323694e-03	   3.6764780304302125e-01	  -8.5039819557758536e-02	   4.3258367122101604e-01	   3.5328687166541362e-01	   6.7900162158445826e-02	   6.3308357231156154e-01	   6.7059002059060102e-01	   6.8578463708032300e-01	   1.7531978558429806e-01	  -2.0713755029801501e-01	
   8.0648341458482709e-01	   7.8139383915020533e-01	   7.1649152060815902e-01	   7.8244014680605400e-01	   6.1723372136232890e-01	   5.7932031658965411e-01	   7.6098001944907478e-01	   7.0155972200186378e-01	   4.8312495248001219e-01	   6.3895643658450152e-01	   0.0000000000000000e+00	   8.4095994892573889e-01	   9.1535366362957671e-01	   8.0604384640526239e-01	   7.7008223930868946e-01	   7.3356834753197941e-01	   5.9028877377112365e-01	   6.5182768560911997e-01	   8.2706247611923367e-01	   8.0313285259004474e-01	   5.8930123770901544e-01	   5.7484010350163528e-01	   7.1574240757806951e-01	   7.2274528909901503e-01	   3.1795060426457195e-01	   4.0880681826578247e-01	   4.8124738996575772e-01	   5.0026418512971838e-01	   6.6119803424532197e-01	   6.8258476022833570e-01	   6.1753297651463557e-01	   6.5106027402588129e-01	   5.8516778169268591e-01	   6.3094993934107546e-01	   3.2963391243239208e-02	  -1.5677775665552387e-03	   3.0308309526118948e-01	   4.1811788862386501e-01	   4.9379891444231500e-01	   4.6868536152988227e-01	   5.0689181075311829e-01	   5.5697923022587958e-01	   4.6759609161914079e-01	   4.2699476341055420e-01	   2.6907007995907511e-01	   2.5347313706741259e-01	   5.0448798822540464e-01	   4.3810014228778454e-01	   3.2758701920011585e-01	   4.5353221733036908e-01	   5.2293167803863438e-01	   4.8559612676510400e-01	   6.3221479086395671e-01	   5.2953401353827390e-01	   6.0934974330303537e-01	   5.5232001764239746e-01	   5.9076446415328621e-01	   6.1855689377680911e-01	   4.5816529037687798e-01	   6.5431617634068806e-01	   6.9033202993771481e-01	   6.3317314533538283e-01	   7.7917294121002578e-01	   6.9052405543083262e-01	   4.0160223127772976e-01	   6.3302256218794761e-01	   3.5940564710190814e-01	   3.6830504446234436e-01	   6.2643701771733007e-01	   5.8997326530523020e-01	   7.4205318444724477e-01	   6.0978053383991604e-01	   7.2789144842954290e-01	   7.3981960229714394e-01	   7.6806821523870028e-01	   7.8530895805774881e-01	   7.1299401445279120e-01	   7.2657471369814863e-01	   6.4343261242953587e-01	   6.4146652924344005e-01	   6.3404218954711045e-01	   6.7420571999399304e-01	   6.9861949094451736e-01	   7.0542722123636636e-01	   7.4780878751781166e-01	   7.1013841136091527e-01	   4.5356996732711125e-01	   4.6672821565634498e-01	   6.5804572817711648e-01	   6.4968965175127058e-01	   6.6833763889257669e-01	   4.2761060510124821e-01	   4.9470364864832794e-01	   4.3623665499532693e-01	   3.6852244030195075e-01	   5.3872513882994943e-01	   5.5605087536959386e-01	   5.8259949920612686e-01	   5.9057563962847415e-01	   5.7853781398913018e-01	   2.5841087064945101e-01	   5.7115667659656344e-01	   5.9757817231572308e-01	   6.4010317405362094e-01	   1.5065620164826082e-01	   1.1645597074447722e-01	   1.6408894819951136e-01	  -1.3900367154089988e-01	   2.9202650129293140e-01	   1.3898373404758110e-01	  -1.6544861380027509e-01	   4.9300433118497572e-01	   6.2026658830229975e-01	   6.1881404061241796e-01	   2.4608772732499695e-01	  -4.0801342663706539e-02	
   6.9125973673536856e-01	   7.7233141681923223e-01	   5.9208352526784958e-01	   8.2570248243929245e-01	   5.8311542364450175e-01	   6.1284713825883186e-01	   7.0792665827250523e-01	   8.4237261572979683e-01	   5.3722519163961391e-01	   6.8483278598201691e-01	   8.4095994892573889e-01	   0.0000000000000000e+00	   8.5702756932277502e-01	   9.1596313315022648e-01	   6.8020255708561383e-01	   7.3982197540209027e-01	   5.6802263423824739e-01	   6.6356410152834722e-01	   7.4709374181420729e-01	   7.6154059171119493e-01	   5.2380445356224936e-01	   5.3650889105113819e-01	   6.0714567006578146e-01	   7.2526438686688044e-01	   2.2362498574660611e-01	   4.2037465891945736e-01	   3.2405031147848118e-01	   3.9439597075468474e-01	   6.0042478748890349e-01	   6.9812869556317136e-01	   5.9700441497540102e-01	   6.8962498470535871e-01	   6.1304925004106514e-01	   6.8957068952577194e-01	   4.4213995474312005e-02	   1.0679004116714680e-01	   3.0743557493043705e-01	   4.2719540095166786e-01	   4.7797223902773367e-01	   4.8811353916072731e-01	   5.0868014424093766e-01	   5.7167146128269963e-01	   4.5149144210358427e-01	   3.9353455086046318e-01	   3.1586522910077963e-01	   3.6415677169544441e-01	   4.8621290716697219e-01	   4.3260163704744098e-01	   3.1688673745722207e-01	   4.5827067592392834e-01	   4.4614900319696782e-01	   4.4230997564081243e-01	   5.3707723467136259e-01	   4.7072046049340005e-01	   5.5188861097568931e-01	   5.0385461813508581e-01	   5.3054333353787486e-01	   5.7529293126156222e-01	   3.8536376382244547e-01	   5.9169677406897281e-01	   6.1443775777663734e-01	   7.3385983218285133e-01	   7.7176849720980201e-01	   7.3181064592052658e-01	   3.2580795874421242e-01	   6.7334420673121365e-01	   3.8711337163621684e-01	   4.8471696175835588e-01	   6.0322044867079561e-01	   6.0956870564655308e-01	   6.9466813841650576e-01	   6.1056429462962503e-01	   6.9685467555543701e-01	   7.8241533130490382e-01	   7.0342411790897375e-01	   7.7971621839303951e-01	   6.8054366679589240e-01	   7.3289920086310301e-01	   6.3218049059449410e-01	   6.1986757712728457e-01	   6.6375040220757997e-01	   6.9977761897463986e-01	   6.4412235617636993e-01	   7.2332714733096071e-01	   7.1825585398542746e-01	   7.0814120798458391e-01	   4.0088856503349035e-01	   4.1042762932314047e-01	   5.3935655743639643e-01	   5.5924810849054474e-01	   7.1002102028325598e-01	   4.1465783685634522e-01	   5.9780734344070985e-01	   4.1756693075381046e-01	   3.7607957843077938e-01	   6.0594264164684086e-01	   5.4100278411482594e-01	   5.9748540966586106e-01	   5.7978108259575101e-01	   5.5712167653721256e-01	   3.1488317209234162e-01	   6.0729074811383221e-01	   5.7769034870674607e-01	   5.3894321664028066e-01	   1.0975762136286714e-01	   4.1004818840939733e-02	   2.5372635763038309e-01	  -1.0849796786300277e-01	   3.2867533942261673e-01	   1.7631966569569391e-01	  -1.0580088607477817e-01	   4.8469805929512483e-01	   5.7060123321215928e-01	   5.5666609048534865e-01	   2.2470808679459475e-01	  -1.0588148913465019e-01	
   8.4251805789919776e-01	   8.3643148802838940e-01	   7.9570601763134374e-01	   8.8436195839337006e-01	   7.3502071188785756e-01	   7.0366037784705182e-01	   8.5457094742219497e-01	   8.4438654108968070e-01	   6.2754322533144691e-01	   7.9551403934095832e-01	   9.1535366362957671e-01	   8.5702756932277502e-01	   0.0000000000000000e+00	   8.9196937284114530e-01	   7.5009986381384297e-01	   7.4261124494706943e-01	   6.6318869807224812e-01	   6.5845339490638422e-01	   8.4223485238695028e-01	   8.3403152833718852e-01	   6.4930315678652584e-01	   6.6102917117766313e-01	   7.4603265793901441e-01	   7.9093008624241723e-01	   3.7187772711737316e-01	   4.9809725849819575e-01	   5.5048078717691729e-01	   5.9670524765732802e-01	   6.5116169464393014e-01	   6.8327541665482516e-01	   6.6855771014641219e-01	   7.3597524264795333e-01	   6.9902316762489691e-01	   7.5715683711928283e-01	   1.1758632849154543e-01	   1.2336505244019855e-01	   2.9062190387777748e-01	   4.7378491161398123e-01	   5.8461779020453997e-01	   5.9083174983390241e-01	   5.4766811919996683e-01	   5.8787573001340732e-01	   5.8249304384009981e-01	   5.3025225161418921e-01	   3.7971776658940681e-01	   3.9296814050502066e-01	   6.0797901585575409e-01	   5.3778057355660280e-01	   4.1337758603539471e-01	   5.2913651205829793e-01	   6.2015429466517302e-01	   6.1078033134251886e-01	   7.1054687922280235e-01	   5.5734254685896578e-01	   7.1881037131768544e-01	   6.6287209518316281e-01	   6.5914566655157125e-01	   6.8154692749756041e-01	   5.7894189672320273e-01	   7.5952478584989891e-01	   8.5680342992500569e-01	   7.8793109164176189e-01	   7.8949994061374706e-01	   6.9904020946536027e-01	   4.8107284652408688e-01	   7.7283391801413082e-01	   5.2901279280274072e-01	   5.5770760878961334e-01	   7.0133066729440807e-01	   6.7513899585622095e-01	   7.8945726602249344e-01	   6.6897623873997758e-01	   7.5206278672827986e-01	   7.7724830846231752e-01	   7.8760857856660593e-01	   8.0240132285110510e-01	   7.9747151313894005e-01	   7.9736433213430868e-01	   6.9376150921125501e-01	   7.0409093597447736e-01	   6.5675760348973267e-01	   7.0382851719188966e-01	   6.8030733030740953e-01	   6.9432563322921359e-01	   7.9928096358990719e-01	   7.9791936888274151e-01	   5.2637324147511411e-01	   5.5121349760053950e-01	   7.5401476924350319e-01	   7.4531795442161330e-01	   7.1404136997468959e-01	   4.7226824298363995e-01	   5.3243570359042880e-01	   4.5295879169946263e-01	   4.6744305196705771e-01	   6.5774674900594521e-01	   6.6518770510938496e-01	   7.0563586996838223e-01	   6.8809242765629230e-01	   6.4669241180206616e-01	   3.8240324215344584e-01	   6.3830571630849531e-01	   6.7867576578014044e-01	   6.8923842607652608e-01	   7.0681438494404891e-02	   5.2313869482755876e-02	   2.2495813546934351e-01	  -1.7585433704235398e-01	   3.5438093495922451e-01	   2.0911046479166281e-01	  -7.7540653118928424e-02	   5.6420440115806159e-01	   6.8170709124343221e-01	   6.9374275935498153e-01	   1.8315355201969097e-01	  -1.7292202252368896e-01	
