   0.0000000000000000e+00	   7.4891459684560646e-01	   5.9489808765113661e-01	   5.2452860674107227e-01	   4.8931176847700675e-01	   4.9947147033643913e-01	   6.5580875246007353e-01	   4.8314966582317054e-01	   4.8686810474806669e-01	   3.3462825932189344e-01	   6.7047082183870854e-01	   4.6496877670295600e-01	   6.0859788270622306e-01	   5.0730674877376836e-01	   5.1812936086562555e-01	   4.9548709223450726e-01	   4.7136500467536946e-01	   3.4031366934742813e-01	   6.8591645687330849e-01	   6.2740973787882703e-01	   4.2112132781462314e-01	   4.5995279402640882e-01	   4.5813063004325827e-01	   4.5674928422388195e-01	   3.4883990713667112e-01	   3.7309963756550862e-01	   2.2640465223060025e-01	   3.9931310119556856e-01	   3.0271205388923828e-01	   2.5420641487907819e-01	   3.3085206519087806e-01	   3.1188209996431115e-01	   5.4501538613291534e-01	   5.0498524336132289e-01	   4.1031704434761362e-01	   3.4337629946964399e-01	   4.0593854284661313e-01	   1.7172558191255402e-01	   4.0884188631601925e-01	   2.7718620870579314e-01	   2.1186378050428001e-01	   2.8496947099860531e-01	   2.2209266167523675e-01	   1.4007933471732753e-01	   1.4807266676397454e-01	   1.9903485729250106e-01	   3.0039707302636115e-01	   2.4221817024195827e-01	   1.3073997226016040e-01	   1.0713536259680125e-01	   3.2506656425041847e-01	   2.6371463103063886e-01	   4.4676482145812285e-01	   4.3136893368218399e-01	   4.6299843996087170e-01	   3.1949474379448517e-01	   6.9691991132093389e-01	   5.5226680850224041e-01	   3.2723151426158215e-01	   3.6003198572349970e-01	   5.8861120371134235e-01	   4.5347855411747590e-01	   4.9082017521077581e-01	   3.7305746400032846e-01	   3.8593363486529275e-01	   4.3639078183987734e-01	   4.5009764652658552e-01	   3.5636285948199525e-01	   7.0683170480458390e-01	   5.9263217460096618e-01	   5.7596978994100589e-01	   5.0941697756133708e-01	   4.9913496231881549e-01	   5.2382444485296575e-01	   4.9716249842006144e-01	   5.8951300832309972e-01	   5.8360471455964857e-01	   4.0368282337639244e-01	   6.0471468623658131e-01	   5.1007869629985736e-01	   5.9341054326594556e-01	   5.7298970680041961e-01	   4.3561647752040261e-01	   4.3438727644241443e-01	   6.2255766802033019e-01	   4.6535387951940471e-01	   4.8060621188593533e-01	   2.4690869530059179e-01	   6.5785992820715622e-01	   5.5872180086139622e-01	   3.3763496981233865e-01	   4.6170303563271620e-01	   2.2427591118957341e-01	   4.5338963336604077e-01	   2.9766804419930237e-01	   1.9012924915678098e-01	   4.0693043211214969e-01	   4.6231535709438731e-01	   3.8164323847143805e-01	   6.0398501709009977e-01	   1.0436190152146860e-01	   5.0798219403770717e-01	   2.0154326070204953e-01	   4.0192274342746115e-01	   9.4057808784341973e-02	   1.7952866208942081e-01	   1.8050697076488850e-01	   2.4401786340466608e-01	   1.3670732581174816e-02	   6.2994170510836070e-02	   3.0231659523660592e-01	   4.5006848543866274e-01	   4.4290035406952144e-01	   3.7987377810204975e-01	   2.3992132457006418e-01	  -2.1058158000508015e-01	
   7.4891459684560646e-01	   0.0000000000000000e+00	   5.3049352812948602e-01	   7.2281102038232159e-01	   4.9489122604787195e-01	   5.4431247383522285e-01	   4.5614556806722562e-01	   6.1071965901427583e-01	   4.7350791606364201e-01	   4.0648389715116584e-01	   4.0530060080487057e-01	   5.7254114181171256e-01	   3.8401071430915928e-01	   5.6571690159777943e-01	   4.3315181286388282e-01	   6.0338393608256469e-01	   5.8790238282952689e-01	   4.7339852203395805e-01	   6.9411006208576742e-01	   7.5173445978027131e-01	   4.1111566968247615e-01	   4.7546173336925285e-01	   4.7662835249900548e-01	   5.3813572278807642e-01	   4.9989345403409169e-01	   5.8470708238025260e-01	   2.4702273697868590e-01	   5.3409110134942639e-01	   2.5530878463909706e-01	   3.4692440419884396e-01	   4.5548811998414740e-01	   4.7580319979220154e-01	   6.3791930840004030e-01	   6.7549782251991508e-01	   5.8521841255635865e-01	   5.5693798605297418e-01	   3.6745072977559312e-01	   2.6305610500200588e-01	   4.6405699748966756e-01	   4.7439785193483641e-01	   3.2361096943928319e-01	   4.0033650363083240e-01	   4.0205692070111537e-01	   3.1652412533005736e-01	   1.7834772928739831e-01	   2.2997723356167177e-01	   5.0382913839255195e-01	   4.5824054606378950e-01	   1.8078609973173301e-01	   1.5777146856816257e-01	   4.1682527610072040e-01	   3.3770528434008584e-01	   6.2414926850083696e-01	   4.7357895461788868e-01	   6.4372705062856805e-01	   5.0026109161067200e-01	   8.0575330039930393e-01	   7.1883771268967978e-01	   2.1682823266784690e-01	   4.1247046458356695e-01	   2.9903651945182308e-01	   4.9814734079665735e-01	   4.1396145321860761e-01	   5.3406239715735704e-01	   3.7564159580275458e-01	   5.6063024914421555e-01	   4.9024259415485377e-01	   4.8428568874368588e-01	   7.6530605487103032e-01	   7.2928545357969843e-01	   4.7013448585156503e-01	   4.0245918622231763e-01	   5.5683402942191695e-01	   6.2225933003754585e-01	   6.1832484886202965e-01	   7.3745689749633581e-01	   5.6249721230018057e-01	   5.7448756781120847e-01	   7.0400414261055122e-01	   5.7476500801213404e-01	   6.7580373222902468e-01	   6.5692970973633669e-01	   6.2366319175847262e-01	   5.5858995015967083e-01	   6.6335703433663973e-01	   6.4717446416298163e-01	   6.3645981292147313e-01	   5.0587499980669182e-01	   7.2892761548590657e-01	   6.7003540380494631e-01	   4.8943709244537309e-01	   3.3519330966625371e-01	   4.2781945843503377e-01	   3.5699231396944575e-01	   3.2224923636009151e-01	   2.3435806554038993e-01	   6.4268653645526630e-01	   6.1402306289425490e-01	   5.9289390730387548e-01	   5.7752936590844739e-01	   3.5863644998848210e-01	   4.7587000744218449e-01	   2.9931117275690688e-01	   3.1015979994572995e-01	   5.3348594129328561e-02	  -1.0042104393771066e-02	   1.9055968525549744e-01	   1.8661716908679593e-01	  -6.9185180063255997e-02	   8.1443489653077905e-02	   4.8355478745266367e-01	   5.6126760081813187e-01	   4.4830334295790442e-01	   4.4784901773512176e-01	   1.8525659585608012e-01	  -3.5928732887368470e-01	
   5.9489808765113661e-01	   5.3049352812948602e-01	   0.0000000000000000e+00	   7.5144394730078967e-01	   5.6544408328055384e-01	   4.1283477238487465e-01	   7.8206468177316735e-01	   4.1787815127175576e-01	   6.1119020162236359e-01	   1.2995279055008366e-01	   3.6839392380827696e-01	   1.1129661181797051e-01	   4.3734105619317853e-01	   1.5514591998684688e-01	   6.4615400228173392e-01	   4.4113314175467649e-01	   2.6177557160186615e-01	   1.1201960266854959e-01	   6.1514145356039218e-01	   5.6006290354470023e-01	   3.0754004845988714e-01	   1.1095950425920587e-01	   7.5242866139795761e-01	   7.3915413741614522e-01	   7.5940591470570451e-01	   6.4853599027130127e-01	   1.2368823792992084e-01	   1.6276188400950886e-01	   1.0689280430514403e-01	   7.3207491682797379e-03	   4.8205834809488290e-01	   4.2253960127700729e-01	   6.9888433928039073e-01	   5.5970500300455717e-01	   7.6834029332419596e-01	   6.5331484011350915e-01	   4.5579219879581778e-01	   3.3030494271077981e-01	   3.8664604635067423e-01	   3.6160929300764522e-01	   1.8238455968464212e-01	   1.7861469301926852e-01	   4.9116465419966637e-01	   3.4748026545757138e-01	   3.0873972877821870e-01	   2.6920190416798334e-01	   4.3827626985730522e-01	   3.5066368875457887e-01	   1.7567004771574282e-01	   2.2488467371450918e-01	   5.2810768921962326e-01	   4.5283315323749174e-01	   4.7598299330369453e-01	   5.5898478095235760e-01	   5.4958521048441411e-01	   4.7334765276640772e-01	   3.8702867756033299e-01	   3.6258377811969478e-01	   2.0011324517922693e-01	   1.8279184697611900e-01	   2.5381399932024051e-01	   2.1650484314654905e-01	   2.8454976240980479e-01	   1.4801224175345834e-01	   7.4617227407918296e-01	   5.2699152985647235e-01	   7.1423829137349470e-01	   5.6168489779440955e-01	   7.2630664603171202e-01	   7.0208965570919524e-01	   5.3607807684845554e-01	   2.7151195210638157e-01	   4.0949992542947722e-01	   3.5716045484926151e-01	   4.4357726369583483e-01	   4.3936769582802387e-01	   5.8503447254959118e-01	   5.3821641969103096e-01	   4.2456443750507022e-01	   3.5556566958005459e-01	   4.1610234626330356e-01	   5.2646450600225569e-01	   5.9226169308049947e-01	   3.9303203408389553e-01	   7.4078372976625506e-01	   7.0404270354105081e-01	   6.5295345891763323e-01	   4.5345374487568491e-01	   7.4101894411252223e-01	   6.4283103490547577e-01	   5.4387012324242101e-01	   6.9928473976714167e-01	   5.1233597967828726e-01	   7.6197105134879961e-01	   2.0266009741182112e-01	   1.9134751313798215e-01	   5.6005161927949121e-01	   5.7476557264752270e-01	   4.8435700831314799e-01	   5.9822953795502665e-01	   2.2572816293453696e-01	   6.4773672161876672e-01	   3.6721950961760152e-01	   6.1586507095697995e-01	   3.2384338318003897e-01	   4.0977721481318868e-01	   3.2237980736586569e-01	   4.7512691619980296e-01	   2.8714240385376417e-02	   5.3128826789320793e-02	   6.0805996307811760e-01	   5.4826230303131440e-01	   6.1246680699196077e-01	   6.0160252633250266e-01	   5.8607082187098591e-01	  -4.5264453858051661e-02	
   5.2452860674107227e-01	   7.2281102038232159e-01	   7.5144394730078967e-01	   0.0000000000000000e+00	   6.0163059362712190e-01	   7.0177204979211905e-01	   5.7834975117776588e-01	   7.6068184296128760e-01	   6.0115774087039175e-01	   5.2426954121005553e-01	   1.9546719338521754e-01	   3.4549267804840755e-01	   2.6896126630506295e-01	   3.4261509906408144e-01	   4.6200230414737797e-01	   6.0867760707957130e-01	   3.2564899465744118e-01	   2.0338537695272849e-01	   6.8231147629575462e-01	   6.9994638533585474e-01	   2.7618866229777472e-01	   2.1263291374792370e-01	   5.7836904857663984e-01	   7.2542772793602728e-01	   6.5639908634201438e-01	   7.7931748422816605e-01	   2.0561532407264130e-01	   4.3681715359085110e-01	   1.5163098675418690e-02	   1.1013162824143211e-01	   4.2681806153611013e-01	   4.7598699451416504e-01	   6.2419180898801740e-01	   6.7830734459354525e-01	   7.5532073382816722e-01	   7.9321075454664058e-01	   3.4982043703831756e-01	   3.7015187614050216e-01	   4.7352576707907823e-01	   5.6578238320788488e-01	   2.7274736397832178e-01	   3.8409432565923529e-01	   5.2810099379596409e-01	   4.0567360052923773e-01	   2.9975065969571557e-01	   3.6002526565275372e-01	   5.2755880782754117e-01	   5.1688283984315009e-01	   2.9247892034064271e-01	   3.5421887917411521e-01	   5.6963345703822377e-01	   5.7629056921855171e-01	   6.6337954190221904e-01	   5.8944903210825872e-01	   7.5605373017584676e-01	   6.5590998506928577e-01	   4.7016955709007624e-01	   5.4433176015607709e-01	   3.5460967550337746e-01	   5.2810984681152950e-01	   2.6183876286626262e-01	   4.9674047393421261e-01	   2.1327282068452810e-01	   3.1450788480252634e-01	   4.4497189651398300e-01	   7.3989131528481455e-01	   7.0585032429655592e-01	   7.3482858386424543e-01	   7.8180122051593826e-01	   8.1108658234824915e-01	   4.2153935317009045e-01	   2.0289728996892381e-01	   3.9020301339912244e-01	   4.9772067765038930e-01	   4.9820869303154974e-01	   6.0328711467910101e-01	   5.6079804046194337e-01	   6.7169940321674060e-01	   4.9841145084912203e-01	   4.0331886456309463e-01	   4.4093415322903662e-01	   5.0912024550794144e-01	   6.9970309322519197e-01	   4.6025709343126414e-01	   6.0776506573751266e-01	   7.1910758311443113e-01	   7.3678190383475528e-01	   6.3617656290442726e-01	   7.6497148085741229e-01	   8.3744879704321717e-01	   7.1821246411710626e-01	   5.9970685466921392e-01	   6.8150889706932172e-01	   6.1151193597855880e-01	   1.7195419608071760e-01	   2.1765902016317323e-01	   6.9435652145496607e-01	   6.4594197020892796e-01	   6.8432537283704975e-01	   6.3632382016103894e-01	   5.0155658786137391e-01	   6.6167094625863310e-01	   5.7750055229438657e-01	   5.6778778714934630e-01	   3.0608223799770207e-01	   1.9677139782753553e-01	   3.4958725810353913e-01	   4.0591277319696406e-01	  -7.1470244458521764e-02	  -2.3047947232987882e-02	   6.2267074231654862e-01	   6.6144226535220829e-01	   5.9465116228489412e-01	   5.7273630767018535e-01	   4.0649849945057237e-01	  -1.9311589053830741e-01	
   4.8931176847700675e-01	   4.9489122604787195e-01	   5.6544408328055384e-01	   6.0163059362712190e-01	   0.0000000000000000e+00	   7.2675137941001799e-01	   7.1508735883500907e-01	   6.6196588935615175e-01	   7.7313456842401562e-01	   4.2749596860190053e-01	   3.2711791755429176e-01	   4.5892964897802380e-01	   4.9378400792546262e-01	   4.4567921368178831e-01	   4.5362645149374314e-01	   5.1098021049458064e-01	   1.1207018231753292e-01	   5.2702512110687993e-02	   6.7490422737138234e-01	   5.9189052638077122e-01	   3.2433243675089629e-01	   2.2315715076634390e-01	   5.2557215483964992e-01	   5.6248843813441007e-01	   4.8247047685917049e-01	   5.6186329342885311e-01	   3.6330604125300192e-01	   4.8886657224800589e-01	   2.7773000852930690e-01	   2.8961182662752832e-01	   5.0835655386536749e-01	   4.9591130640586800e-01	   6.1109077437609838e-01	   6.0279899314262819e-01	   4.7310612932994767e-01	   4.8779098956821404e-01	   2.5609645788981750e-01	   5.8957817151940456e-02	   3.3797452708453324e-01	   3.0512493771324750e-01	   1.1477644615296669e-01	   1.1209392791998359e-01	   5.2607540150773158e-01	   5.2951797090721464e-01	   5.0875945371242048e-01	   5.8454385042033308e-01	   5.2048167261634781e-01	   4.6994523721075598e-01	   4.8048594814707368e-01	   5.3222970437896311e-01	   5.8448609720672284e-01	   5.9083513912870456e-01	   4.8921198186707404e-01	   5.1207423214373138e-01	   6.1004285243065148e-01	   5.8842556622233300e-01	   1.8031090237487574e-01	   1.5321110051808043e-01	   2.9439726627543183e-01	   4.1314133974880490e-01	   3.1903219842954944e-01	   3.4384066789274426e-01	   3.3923228995881843e-01	   3.3313480085180658e-01	   2.8965866824512576e-01	   4.3073741424312062e-01	   6.3893639903777100e-01	   5.9014527094033697e-01	   4.6346485406123017e-01	   5.0129760763424458e-01	   3.9412263319890639e-01	   2.8019790456503946e-01	   3.0193439262088312e-01	   3.9872650342346982e-01	   4.2771520149659847e-01	   4.9267647449145519e-01	   5.1663582073874403e-01	   4.6508794063854908e-01	   3.6130853570805521e-01	   3.1689577996636686e-01	   3.6283614747013382e-01	   3.2810779140363105e-01	   5.0175852002506383e-01	   3.1053234911175165e-01	   4.9417775004560122e-01	   4.9693125039399333e-01	   4.0492313106803546e-01	   2.6469730247483764e-01	   6.4120055953395017e-01	   6.5110336215039810e-01	   5.8463508409678444e-01	   5.2539867741614144e-01	   4.7845445501165451e-01	   5.3597726459145412e-01	   2.1770415512729002e-01	   2.5007766710055462e-01	   4.5448212418332390e-01	   4.8108215168093826e-01	   5.7639932295556928e-01	   6.5753816437220225e-01	   5.0167387582234868e-01	   6.2673833401674583e-01	   4.4204380867135301e-01	   5.3727364588173043e-01	   1.3841977713190609e-01	   1.1571427074030363e-01	   7.8310792433489984e-02	   2.7162471482188127e-01	  -8.6279203532749371e-02	   2.0358523747044298e-02	   3.8305685841093345e-01	   5.4387698185782130e-01	   6.0485748998866684e-01	   4.8577191241127726e-01	   2.7477528279568675e-01	  -3.1416991674839972e-01	
   4.9947147033643913e-01	   5.4431247383522285e-01	   4.1283477238487465e-01	   7.0177204979211905e-01	   7.2675137941001799e-01	   0.0000000000000000e+00	   5.1751726695407152e-01	   7.3525597321225744e-01	   6.5692058684584165e-01	   7.1145973999063661e-01	   2.1080904764414352e-01	   4.1311243183417767e-01	   2.9865715134588999e-01	   4.0082029150316312e-01	   3.0296719261657068e-01	   5.5740169922694460e-01	   2.0964286715050046e-01	   1.4345183746258222e-01	   6.0885987441795175e-01	   5.4121153602870953e-01	   2.5740871375713714e-01	   2.4238370284070629e-01	   3.1076350255311219e-01	   4.5493511620886484e-01	   3.3045194175989145e-01	   5.5138468285325759e-01	   3.9196609473778737e-01	   5.2814998335961527e-01	   6.3076766389385183e-02	   2.3625662018786983e-01	   2.6676755254737972e-01	   3.2202281973664271e-01	   4.3863939914038219e-01	   5.3905478164983101e-01	   3.7915773813454157e-01	   4.7342956638114897e-01	   2.3622580862482004e-01	   3.5255397572888147e-02	   3.8862184340977213e-01	   3.2470419259483352e-01	   1.1531101600480625e-01	   2.6167271558791189e-01	   4.1622444594128971e-01	   4.4084421959446252e-01	   3.6347714639580969e-01	   5.0071028078870383e-01	   4.8908072191720869e-01	   4.8372892809105827e-01	   4.6160869488196488e-01	   5.3689170868023195e-01	   5.2821018591191427e-01	   6.0470139127025591e-01	   5.5778116789397281e-01	   5.1327632363150100e-01	   6.1899219431105656e-01	   5.7285459218796475e-01	   3.1531209868920090e-01	   3.6137354722822845e-01	   4.6457800621056761e-01	   6.1763165506573015e-01	   4.3622445450903446e-01	   5.3219543359309307e-01	   2.4998235581350714e-01	   3.7150548557567697e-01	   1.3000244756017779e-01	   5.3353172845494212e-01	   5.5011074724320042e-01	   6.0024257192479979e-01	   5.2356440177909946e-01	   5.4777870997479905e-01	   2.7114434779952501e-01	   2.0933631098511937e-01	   2.2319485689794133e-01	   4.5003685918858316e-01	   3.1798808375057735e-01	   4.6159501928793839e-01	   4.3852937144817633e-01	   4.7105530463148215e-01	   3.8921664124857280e-01	   3.6585305431832493e-01	   3.3102650422450142e-01	   3.0651040639281824e-01	   4.3088692284870950e-01	   2.6244290405808435e-01	   3.7462025338551086e-01	   4.0868706495074225e-01	   4.0190057204113461e-01	   3.0520804426666293e-01	   5.7717463105035693e-01	   7.2037950017579855e-01	   5.6210767100552084e-01	   4.2806012552316802e-01	   4.1241866705060681e-01	   5.0074368299365224e-01	   1.7255995736061780e-01	   2.7035862999204402e-01	   4.3140207143677145e-01	   4.6838939124451207e-01	   5.7445112030355228e-01	   5.8255581852895277e-01	   5.0523717355597508e-01	   5.8829987743602707e-01	   6.1323436138231258e-01	   5.6527984877497528e-01	   2.1093003384948111e-01	   1.0592583772305153e-01	   2.4848492262627653e-01	   3.5910966906614139e-01	  -1.6648416842899340e-02	  -7.4496549243063597e-04	   2.8782670328758075e-01	   5.0313272787314089e-01	   5.2079628621281204e-01	   4.6147040274882933e-01	   1.8544975483643555e-01	  -2.5652530919148159e-01	
   6.5580875246007353e-01	   4.5614556806722562e-01	   7.8206468177316735e-01	   5.7834975117776588e-01	   7.1508735883500907e-01	   5.1751726695407152e-01	   0.0000000000000000e+00	   5.9053140177701158e-01	   7.1644776159850032e-01	   1.9182209804251060e-01	   6.6284622334155796e-01	   4.4739635568541158e-01	   7.4407036663658777e-01	   4.1915217472391181e-01	   5.8200131577586045e-01	   4.0402339913765967e-01	   3.0348846353726927e-01	   2.0451683437437612e-01	   7.3575618568556211e-01	   6.3981395238945360e-01	   2.7586791856630954e-01	   1.4290553313583509e-01	   6.5637443571872867e-01	   6.4621697237423237e-01	   4.4452286269843311e-01	   4.0562956118937255e-01	   1.8156146449502514e-01	   1.4594429856133184e-01	   3.9569347661263299e-01	   2.7604550564386421e-01	   5.0008112232277668e-01	   4.6214320846437174e-01	   7.0168769748770288e-01	   6.3185206196335875e-01	   5.0582103647024812e-01	   4.3360953573705685e-01	   3.5056755145450946e-01	   9.8159701418311582e-02	   2.5526050295798852e-01	   1.5718377495058772e-01	   8.3812824302257737e-04	   1.3191094840672868e-01	   4.6251477273449898e-01	   3.5501324366647957e-01	   3.2627045707063929e-01	   3.2265475003808047e-01	   4.4361446984690933e-01	   3.4956235203785180e-01	   1.7654311634197101e-01	   2.5723826663269767e-01	   3.8446644846740896e-01	   3.6870957574920160e-01	   4.3529395512302116e-01	   5.6585347939568986e-01	   4.2163408049572559e-01	   3.4318409671448025e-01	   2.8349779922974960e-01	   2.2721992501724220e-01	   1.4764765905852556e-01	   1.6584858745245973e-01	   4.6718350112187423e-01	   4.3315264127503866e-01	   4.7660207605248978e-01	   3.2547414515420869e-01	   5.7675119276928477e-01	   4.7064446721357600e-01	   5.6511040919657762e-01	   4.3120848972003661e-01	   6.3817328846145638e-01	   5.9363922471124253e-01	   5.8424985852966371e-01	   3.9586158307161856e-01	   5.1978976374683106e-01	   4.9438924872422657e-01	   5.4855235896982735e-01	   5.2864787110958023e-01	   5.9285537635685015e-01	   4.7085224151892197e-01	   4.7513823795076532e-01	   4.1824510352101579e-01	   4.7844113543175115e-01	   5.1086876181428575e-01	   5.4318865874119104e-01	   3.8737671066984097e-01	   6.1736081682419508e-01	   5.2296872706609421e-01	   4.4219132154183516e-01	   2.1391616960133375e-01	   5.7379671015436173e-01	   5.8865440863272922e-01	   5.3277501680382733e-01	   7.0216733328409253e-01	   4.6608444306235791e-01	   7.3151660627923221e-01	   2.5077784636356609e-01	   2.6621193839048196e-01	   4.1308130542711269e-01	   4.5935637100987986e-01	   4.8946973741396527e-01	   6.4318338796384189e-01	   3.3998150864861454e-01	   7.0352241266641691e-01	   3.1622507273613165e-01	   5.9113337734875815e-01	   1.2809584999795939e-01	   2.5576802677129612e-01	   1.3763733025645208e-01	   3.3997266721559588e-01	   3.5652686745748535e-02	   4.0619486603071762e-02	   4.2626417155406077e-01	   5.2268681394097327e-01	   5.9976025793163390e-01	   5.4772027025680692e-01	   3.9840081573723030e-01	  -1.8797293409309479e-01	
   4.8314966582317054e-01	   6.1071965901427583e-01	   4.1787815127175576e-01	   7.6068184296128760e-01	   6.6196588935615175e-01	   7.3525597321225744e-01	   5.9053140177701158e-01	   0.0000000000000000e+00	   5.9111017518962683e-01	   6.8760678585458757e-01	   3.1138404287060245e-01	   6.2411282746598673e-01	   4.0198227032980094e-01	   5.7981501454870488e-01	   3.0668724804215031e-01	   5.4720233310958588e-01	   2.0010624672194194e-01	   1.2769378938457018e-01	   6.2774037749947009e-01	   6.1121078580060184e-01	   2.2917728341983093e-01	   2.1330660107622348e-01	   3.7538096270493715e-01	   5.3624342825370919e-01	   2.9893871621355272e-01	   5.0379476193023287e-01	   1.3726339690296016e-01	   4.5128763607635558e-01	   1.3653847512364087e-01	   2.4893626171910427e-01	   3.6313442190057121e-01	   4.3355820822066699e-01	   5.3647993321869969e-01	   6.6697124135507413e-01	   4.7884032615400629e-01	   5.6968674227637184e-01	   1.3316002060249676e-01	   1.5471521133978844e-01	   3.0258109006435108e-01	   3.7175163844519998e-01	   1.1342377398678687e-01	   3.2106709422468943e-01	   4.2813163681823468e-01	   3.7267982822548451e-01	   3.6049801737518639e-01	   4.5461319988860927e-01	   4.4061937267691742e-01	   4.5542976227110754e-01	   3.4054935517803353e-01	   3.5683117912828349e-01	   4.3659534117403498e-01	   4.7718560027075096e-01	   5.1025472105082281e-01	   4.3546268883561595e-01	   5.9950872150710088e-01	   5.1423065215052344e-01	   2.7550717143449832e-01	   3.3311098416770057e-01	   3.1277812450379344e-01	   5.7103795049458483e-01	   4.2587543476564915e-01	   7.6779718369038474e-01	   3.4049236166406710e-01	   4.6713512100346111e-01	   2.2770931747858369e-01	   7.4470886842818640e-01	   5.7868992948389597e-01	   6.6936371334178635e-01	   5.9944763500065257e-01	   6.3950603639098957e-01	   2.9652021493274849e-01	   1.7306919421143085e-01	   3.7689490483533550e-01	   4.9059279894558044e-01	   5.2537382591649806e-01	   5.5272003917101686e-01	   4.1364321877690258e-01	   5.4079100620602083e-01	   4.0167077090202863e-01	   2.8950093469242233e-01	   3.7900032669721956e-01	   3.3349915690318921e-01	   5.4018059443590816e-01	   3.2741172563902166e-01	   4.1375311523398794e-01	   5.1036075322250807e-01	   3.8096109741376150e-01	   3.5775261231627276e-01	   5.9190263988746106e-01	   7.3803181476535817e-01	   6.9948057926909846e-01	   5.0027504366945696e-01	   6.9745916425536847e-01	   4.4159163745730440e-01	   1.5700015469820061e-01	   2.0268714847403102e-01	   5.0673186089175970e-01	   4.4988763753506644e-01	   6.0299558373506223e-01	   5.4931193829947855e-01	   6.5700383422382203e-01	   6.3574985720126032e-01	   5.3417007784558146e-01	   4.5583525044502587e-01	   1.5785835207282162e-01	   5.3798331332283807e-04	   1.7578013989761618e-01	   2.1653704976577165e-01	  -8.2503080848310956e-02	  -4.7831874686481826e-02	   3.8357816520787325e-01	   5.3571608050665565e-01	   5.2768258900274601e-01	   4.2672682952963120e-01	   1.4487828801238112e-01	  -2.9910717886566818e-01	
   4.8686810474806669e-01	   4.7350791606364201e-01	   6.1119020162236359e-01	   6.0115774087039175e-01	   7.7313456842401562e-01	   6.5692058684584165e-01	   7.1644776159850032e-01	   5.9111017518962683e-01	   0.0000000000000000e+00	   4.9366219696198077e-01	   4.2299976220541885e-01	   3.8682287672298793e-01	   5.0918145662560277e-01	   3.8712562670960288e-01	   6.8830282066107429e-01	   5.9045792838056277e-01	   2.2203117123958688e-01	   1.6404307053147149e-01	   6.4670054201059246e-01	   5.6746719621721575e-01	   1.5660485667727303e-01	   7.0950537758081134e-02	   5.6356924340333436e-01	   5.7388269110707246e-01	   5.5857324874628433e-01	   5.6165222386908242e-01	   3.7846718770046428e-01	   4.0208705870118844e-01	   2.8901830956330293e-01	   1.8507593401427244e-01	   3.7975664310764667e-01	   3.8185008170488494e-01	   5.1859042999854976e-01	   5.1597198367459840e-01	   4.4066995651390251e-01	   3.7239326957039476e-01	   1.7326573561693531e-01	  -2.8297547249628102e-02	   3.2160150509212271e-01	   2.2254686224908365e-01	   3.5197844049201954e-02	   1.9778937399790936e-02	   4.8470387915957364e-01	   4.0892806983322272e-01	   3.2554061617240948e-01	   3.4043525404488684e-01	   4.7078448483984636e-01	   4.0561052001420772e-01	   2.2849156508794477e-01	   3.8558099141332597e-01	   3.9520806669892339e-01	   4.2544560286978517e-01	   4.9702048624793660e-01	   5.2105791622246622e-01	   4.6078777851810437e-01	   4.4819084948101406e-01	   2.4032629562965710e-01	   2.6840717966920191e-01	   1.2579358263640356e-01	   2.6048734833785914e-01	   3.0704601956433075e-01	   3.9697843221987145e-01	   4.3007243607797419e-01	   3.6638642795521648e-01	   5.2486343713271921e-01	   4.1628436670174163e-01	   4.4789566138905090e-01	   3.7584285286106034e-01	   5.4236357597524187e-01	   5.1224015717338744e-01	   3.2194601269528045e-01	   9.7682888239972870e-02	   3.0650400554384638e-01	   2.9275387159367777e-01	   4.6459330454944603e-01	   4.3879437251310127e-01	   3.9575033094216383e-01	   4.4205577645192645e-01	   3.9463776586091637e-01	   3.2841572984381218e-01	   4.5813582038503770e-01	   3.8755929154789587e-01	   6.0107895459807892e-01	   3.4680060584745470e-01	   6.1334038929540013e-01	   5.5499782350479054e-01	   4.2514797298418683e-01	   3.4627135124498326e-01	   6.1044446885209591e-01	   6.4310027309370510e-01	   5.1702776829296759e-01	   5.0859051482882389e-01	   4.2349423592938679e-01	   5.4964831509617929e-01	   5.2422600840916822e-02	   1.2869283661989411e-01	   2.5413748382541623e-01	   3.6752069126707643e-01	   4.6619275801994642e-01	   5.1769926521465781e-01	   3.5484652799683708e-01	   5.3753988632265060e-01	   3.4509190111731486e-01	   4.2291376776813017e-01	   5.6687116782042336e-02	   1.1005157054045087e-01	   1.2989209083238304e-01	   3.5909218266906107e-01	  -6.5736984479299862e-02	  -5.4441814810208197e-02	   2.9398557054166297e-01	   4.4837362153726290e-01	   4.5616247109513514e-01	   4.4835634340541514e-01	   2.2644105945238391e-01	  -2.5557721695904878e-01	
   3.3462825932189344e-01	   4.0648389715116584e-01	   1.2995279055008366e-01	   5.2426954121005553e-01	   4.2749596860190053e-01	   7.1145973999063661e-01	   1.9182209804251060e-01	   6.8760678585458757e-01	   4.9366219696198077e-01	   0.0000000000000000e+00	   4.5047382326498721e-02	   2.9760084788213914e-01	   1.0128828343314467e-01	   3.6153918012402392e-01	   1.5616597468486149e-01	   5.2312495086842514e-01	   7.3605453166228074e-02	   6.4545903241771854e-02	   3.0324921685704659e-01	   3.0873137125232170e-01	  -1.8442019477535328e-02	   7.6405515326078616e-02	  -1.3948435578162052e-02	   1.5964616763688444e-01	   1.6576507922967168e-01	   3.5887013058494099e-01	   1.1544291871288623e-01	   5.5416880636193455e-01	  -1.2890251863524649e-01	   2.2654681703864539e-02	  -7.0483888033587183e-02	   1.0578476042252391e-02	   1.7809742955168265e-01	   3.3194609492636129e-01	   2.4468107630510580e-01	   3.2801207817071765e-01	  -3.9122208614409605e-02	  -9.0651457715342401e-02	   2.7731386723015738e-01	   2.1228605515469751e-01	   1.2101331725194403e-02	   1.4402030153073722e-01	   2.7171992918034898e-01	   2.6081129245430529e-01	   2.2714286268964121e-01	   3.3423256719471917e-01	   3.1866808154834508e-01	   3.8575610345991346e-01	   3.5886846439326103e-01	   3.9009248195882573e-01	   3.4623877792238067e-01	   3.6788094349099276e-01	   4.5173330518857785e-01	   2.2559372756047827e-01	   4.9403297997993711e-01	   4.4769340526965873e-01	   2.5170400494450451e-01	   4.0929143466002621e-01	   4.6845672092548096e-01	   6.4909477920038783e-01	   4.2206437886929549e-01	   5.8345388258137210e-01	   1.0037397778198134e-01	   2.3599711336032553e-01	  -1.5684156853309865e-02	   5.4168839986966133e-01	   3.1842265639076384e-01	   4.1791386798088753e-01	   3.4644598942854377e-01	   3.8742643883457362e-01	   9.9308325812406985e-03	  -4.2583323243032808e-02	  -4.9598346051550465e-03	   1.5642999119138656e-01	   2.0043256216194472e-01	   2.7493375363448258e-01	   1.6193729441795551e-01	   3.6637047299720438e-01	   2.2078645203515276e-01	   1.2050290166411950e-01	   2.0184575004392186e-01	   3.5917454283873523e-02	   2.9814864659227991e-01	   9.6755812038925554e-02	   1.4558281710581936e-01	   2.0895814353212122e-01	   1.9334250852702919e-01	   1.8610740002314471e-01	   4.2302217456254776e-01	   5.9432583846765541e-01	   4.9549499883098069e-01	   2.5205743158078042e-01	   3.9322494170190714e-01	   1.3699556741856392e-01	   2.8481098814473822e-02	   6.5051527909986917e-02	   2.7611658946785467e-01	   3.2105014632859663e-01	   4.4720309158896265e-01	   4.2512098257676362e-01	   4.2693558240754126e-01	   3.4184520766586324e-01	   4.5088721534146858e-01	   2.4907321080083078e-01	   4.4851731201019332e-02	  -1.2329261145637711e-01	   1.7949584353304313e-01	   1.6276947334835001e-01	  -7.4917756793906082e-02	  -5.9184054814883244e-02	   1.5288714832045161e-01	   3.7398199165026452e-01	   3.3831822521205740e-01	   1.6981406971172652e-01	  -1.2896165068615786e-01	  -2.7694728524827461e-01	
   6.7047082183870854e-01	   4.0530060080487057e-01	   3.6839392380827696e-01	   1.9546719338521754e-01	   3.2711791755429176e-01	   2.1080904764414352e-01	   6.6284622334155796e-01	   3.1138404287060245e-01	   4.2299976220541885e-01	   4.5047382326498721e-02	   0.0000000000000000e+00	   6.1231009141723136e-01	   8.8145143832505224e-01	   5.3769619538914171e-01	   5.8022113766151973e-01	   3.7734179504977089e-01	   5.4464443662139428e-01	   4.6868559422011252e-01	   6.2838987510698396e-01	   5.6287458072061636e-01	   2.6837880182027535e-01	   3.5271190888205795e-01	   5.2973057248684796e-01	   4.6083244481959340e-01	   2.1309669758358313e-01	   1.2689317048426346e-01	   1.8206798544555403e-01	   1.7695803479461678e-01	   6.8378565088833487e-01	   4.7584176921652033e-01	   4.5637812252785814e-01	   4.3380263391983853e-01	   5.2605148472871299e-01	   4.4688837743174836e-01	   2.3053198770234318e-01	   1.1331655292673604e-01	   2.3167041509047195e-01	  -5.7754636973144979e-02	   1.5427886347372372e-01	  -3.8346330385327053e-02	   9.8508759801384255e-03	   1.2443085884213026e-01	   2.4244530603017142e-01	   7.4186567861280334e-02	   5.5737635175891573e-02	   2.1216463673089724e-02	   2.4362444928529259e-01	   1.4854817453052832e-01	  -1.1946751081010684e-01	  -1.7250295300463486e-02	   2.0286896321426742e-02	   1.4707191585673230e-02	   3.1544549968219271e-01	   4.8093789101780415e-01	   1.1121700675648977e-01	   8.7577599207649404e-03	   3.4958652277211916e-01	   1.9995882344236593e-01	  -1.6410624464843537e-01	  -6.0256125198550267e-02	   3.9719119493540889e-01	   3.8251427418421968e-01	   7.1166358397209828e-01	   5.3842241244084521e-01	   4.8096128661149895e-01	   2.0255922015691336e-01	   1.0871611845211487e-01	  -8.5694491917823832e-03	   5.1830900114043976e-01	   3.6372674949897543e-01	   5.5466169795656450e-01	   4.5778179330427465e-01	   6.1627970687051514e-01	   5.4395443606685312e-01	   5.7018034743496659e-01	   5.6052923145903821e-01	   4.8291071487301840e-01	   2.7486701158170102e-01	   5.6144276473327814e-01	   5.2394621708178901e-01	   6.5812511552635822e-01	   6.4488790957266673e-01	   4.7858358792020306e-01	   5.0271946037892012e-01	   6.0960450869750527e-01	   4.0825474770964471e-01	   3.5077634470801766e-01	   9.4163733887885639e-02	   3.6103051467744468e-01	   3.1775227145060692e-01	   2.3888158281495578e-01	   3.7476577933811228e-01	   1.4521107441138120e-01	   4.1540984994669611e-01	   1.7571906109537666e-01	   6.9195964628435885e-02	   9.4785228909697192e-02	   1.6310565401962682e-01	   3.0772555348125658e-01	   4.3307568960277842e-01	   7.7249341153492176e-02	   3.2968358162021755e-01	   1.4185045361035025e-02	   2.1949610273364506e-01	  -8.0121698526896351e-02	   7.3577716861940423e-02	   1.3756556659979971e-02	   8.9133873555751114e-02	  -6.0648637107547219e-02	  -1.3207286562729650e-03	   1.6111374112857435e-01	   3.3047448370022847e-01	   3.3090301810275452e-01	   4.1157552396929475e-01	   2.0309209061060568e-01	  -2.1676154825815930e-01	
   4.6496877670295600e-01	   5.7254114181171256e-01	   1.1129661181797051e-01	   3.4549267804840755e-01	   4.5892964897802380e-01	   4.1311243183417767e-01	   4.4739635568541158e-01	   6.2411282746598673e-01	   3.8682287672298793e-01	   2.9760084788213914e-01	   6.1231009141723136e-01	   0.0000000000000000e+00	   6.3475514482992557e-01	   8.6115711312986098e-01	   3.1896021548409231e-01	   5.9702068631352045e-01	   5.0719235401737373e-01	   5.3837735886346505e-01	   6.1492889352530311e-01	   6.5980124349696245e-01	   2.2288905318715502e-01	   4.4992947274500539e-01	   3.3625909486502881e-01	   4.2897195962239310e-01	   8.4445941995210064e-02	   1.6844699438733773e-01	   2.2281554549267213e-01	   4.2013287584791820e-01	   5.7670571655349878e-01	   7.1250907541236508e-01	   4.4585195670728428e-01	   5.1269584926359446e-01	   5.1886605798671348e-01	   6.2868717936825469e-01	   2.4171835802905561e-01	   2.2605523586205778e-01	   1.8639369051951055e-01	  -5.5223504232144879e-02	   2.7738122948591037e-01	   2.1628341327311429e-01	   1.5576977392370686e-01	   4.0842366923407963e-01	   2.8542250110691281e-01	   2.2955829911925371e-01	   1.6884673195342847e-01	   2.2822002293457369e-01	   3.4473927956162320e-01	   2.8999473148918886e-01	   1.0144242987683061e-01	   1.7909981973027622e-01	   1.5630861479167821e-01	   2.3017123423921632e-01	   4.1941410259696643e-01	   3.6488021280551086e-01	   3.2549549974399083e-01	   2.1520408235683711e-01	   3.2688251364241061e-01	   2.2412915237647227e-01	  -1.6801237725085825e-02	   2.2862039405883408e-01	   2.7712078925399580e-01	   5.9033363700901842e-01	   5.9405902655974085e-01	   7.8822725758054624e-01	   1.3353947024012700e-01	   3.4092823117457233e-01	   1.6284509388220281e-01	   2.0465821101735299e-01	   4.5521269125272901e-01	   3.9030908480457827e-01	   3.9342776388085188e-01	   3.9527792581199067e-01	   5.9782051340204867e-01	   6.8064258385302046e-01	   5.9666420726825298e-01	   6.4474581152790900e-01	   4.1912375826393405e-01	   3.8046036246006443e-01	   5.8924317293211415e-01	   5.7789087225120328e-01	   6.4146445754512871e-01	   5.9142117815548034e-01	   5.3777556929863746e-01	   6.2911214884996070e-01	   4.6431299025266087e-01	   4.5120273632897101e-01	   2.3961611948752937e-01	   1.9988078221660360e-01	   3.2151903043087099e-01	   3.9322552464667143e-01	   3.2759570467077964e-01	   1.4612694162209328e-01	   2.8422556940109195e-01	   2.4461323176272720e-01	   2.0581910056217984e-01	   2.4363248789155734e-01	   2.3873885703718870e-01	   2.5039953180277541e-01	   4.5262168121941204e-01	   3.8213204629679592e-01	   3.9003927973338981e-01	   3.7537404051687906e-01	   1.9977744972859068e-01	   1.6237873006126730e-01	  -6.9031362345915961e-02	  -2.0877232875458820e-01	   4.3984382856326297e-02	   5.5865189332388779e-02	  -2.2412059466553938e-01	  -9.9101109899599651e-02	   1.0656159362878956e-01	   3.1414973264930562e-01	   2.8292113450432255e-01	   3.3689358960261762e-01	  -5.0396597147459379e-02	  -4.7200646202809571e-01	
   6.0859788270622306e-01	   3.8401071430915928e-01	   4.3734105619317853e-01	   2.6896126630506295e-01	   4.9378400792546262e-01	   2.9865715134588999e-01	   7.4407036663658777e-01	   4.0198227032980094e-01	   5.0918145662560277e-01	   1.0128828343314467e-01	   8.8145143832505224e-01	   6.3475514482992557e-01	   0.0000000000000000e+00	   6.4247908422496836e-01	   5.6926159159025491e-01	   4.2056978763948244e-01	   4.3086881805748117e-01	   3.6090168704517434e-01	   6.1489821425613045e-01	   5.5302104701503518e-01	   2.8154387667607222e-01	   2.8181427793170155e-01	   5.4360939494998251e-01	   5.0340506846522637e-01	   2.8535317352009693e-01	   2.1839994824422326e-01	   1.8158290380866299e-01	   1.7298007451718647e-01	   6.1700618180084543e-01	   5.0153900664474815e-01	   5.1756943749112683e-01	   4.8187358525459967e-01	   6.4180323445177878e-01	   5.7435868495495834e-01	   3.1553008941613381e-01	   2.2092320911192082e-01	   3.6055517285437716e-01	  -3.1359530455860485e-02	   2.5886779731348869e-01	   6.8648310475902183e-02	  -1.2733819803512649e-02	   1.3196646249476912e-01	   3.2818898390735696e-01	   2.6201774692669755e-01	   2.1235826206166208e-01	   2.0650382005295398e-01	   3.9043242837097342e-01	   2.9834165579455552e-01	   3.5748859856210402e-02	   1.4680324406799378e-01	   2.1122455078176694e-01	   2.0165430629447101e-01	   2.8373073320893549e-01	   4.5128306375024280e-01	   2.8290349025503164e-01	   2.1585366687781291e-01	   2.2857861048696790e-01	   7.1918883718349480e-02	  -7.7498106281623930e-02	   3.1072760123165735e-03	   3.6876732872415047e-01	   3.6617668638359346e-01	   5.9113709594112662e-01	   4.6437861739863873e-01	   3.9025662108074954e-01	   3.0459046401790318e-01	   2.8341550842464924e-01	   1.7371931161908594e-01	   5.1775031623865508e-01	   4.2974776394800029e-01	   5.2852944920466294e-01	   4.4045905763519477e-01	   5.8050290942198468e-01	   5.5978474986988624e-01	   5.6899078091505895e-01	   5.5557416937990145e-01	   5.8116354267149550e-01	   4.2026931444863780e-01	   5.7301071610605603e-01	   5.0471775798672702e-01	   6.1850384974112926e-01	   5.9508515202548462e-01	   5.0515059064497037e-01	   4.6506674169212892e-01	   6.0378076146153969e-01	   3.8945283349661097e-01	   2.9739837187868029e-01	   1.5187837483561058e-02	   4.1448674740902092e-01	   3.7591130194976602e-01	   3.5422632855764952e-01	   4.4654717122947629e-01	   2.3753941088619066e-01	   5.2937281209615028e-01	   2.5026903061499983e-01	   2.3938319814206022e-01	   2.5948843587429693e-01	   3.6199647719110239e-01	   3.9637342293608124e-01	   5.3956054625498495e-01	   2.5462257667194427e-01	   4.6648188078300629e-01	   1.9637389199735400e-01	   3.4008918396118665e-01	   5.4538902546810264e-02	   1.3788955458376784e-01	   8.3695375838888336e-02	   2.3956694891157465e-01	  -3.7143699310237900e-02	   7.8606364006045454e-02	   3.2402074552275928e-01	   4.3725733352294061e-01	   5.0920065484479315e-01	   4.7405625370483107e-01	   2.8220878405714306e-01	  -2.6621969288234604e-01	
