   0.0000000000000000e+00	   4.6843527859415701e-01	   2.9955018968874314e-01	   2.3187916320340901e-01	   4.2117780623666456e-01	   4.7698749606014423e-01	   1.6224469992237883e-01	   1.0864742790306432e-01	   2.2348583433663538e-01	   4.4687850816126451e-01	   6.4839036835827413e-01	   3.6904033216660592e-01	   5.8138832459160117e-01	   5.9572770580716639e-01	   6.0131450551516807e-01	   5.6845857844693470e-01	   2.7399159582358790e-01	   8.5197701633625417e-02	   5.4602778187286150e-01	   4.6063750747127369e-01	   2.3809508187856102e-01	   2.3586711916765979e-01	   2.8858880538184783e-01	   3.5903571698918674e-01	   2.6898525383544336e-01	   2.3239866323637801e-01	   5.5499218804435313e-01	   5.7877766623098548e-01	   2.2129877184314850e-01	   1.5756753739895463e-01	  -6.3078663125142848e-02	  -8.1819699658149073e-02	   2.0889739858913650e-01	   1.1204677455182012e-01	   1.7937964537070764e-01	   1.7193338030952290e-01	   3.4111554231832680e-01	   3.1531501744402163e-01	   4.8122337723627212e-01	   3.9429730172837352e-01	   3.7283769739616235e-01	   3.2137985012131087e-01	   4.2374128695302860e-01	   2.6187835597874348e-01	   1.6243872686759631e-01	   2.0684035412121238e-01	   4.7740522553105447e-01	   4.6945330066702018e-01	   3.8222698092763191e-01	   3.0121368893170702e-01	   2.9500868323885771e-01	   4.0597149482374397e-04	   4.4328074163540065e-01	   2.5262421891069692e-01	   5.6909927148236816e-01	   4.6020817237559736e-01	   5.0420993782214041e-01	   2.8544674757795929e-01	   6.7358166554446164e-01	   5.6648149058838593e-01	   5.4496264504912306e-01	   3.1444448371231082e-01	   3.6348198305326357e-01	   6.9714924974701623e-02	   1.4515408425409146e-01	   1.9468632232620084e-01	   2.7307565687637253e-01	   1.8400090544303438e-01	   4.8784174238183403e-01	   4.1858315445048944e-01	   2.3354213791456625e-02	   5.9283538522337781e-02	   1.9494008583268552e-01	   1.5639399172486526e-01	   2.8522733315666371e-01	   2.0367284187778345e-01	   5.3435166750450647e-01	   4.2504517605080955e-01	   3.1558845973409849e-01	   1.6221362595746797e-01	   3.8437288729493624e-01	   3.4706626149066427e-01	   5.6007964815787881e-01	   5.1153151421877241e-01	   5.9962201302820684e-01	   4.8755960305516355e-01	   5.7143381782031000e-01	   5.5708845978490684e-01	   6.3849449117188750e-01	   6.2856751885157502e-01	   3.0575704568382300e-01	   3.4928164142887330e-01	   2.4481030274368865e-01	   2.6940705441214469e-01	  -1.5180462370895961e-01	   1.1355339404830309e-01	   2.4820138529038061e-01	   4.8412748617108892e-01	   4.4634240567470129e-01	   4.7229109547302295e-01	   2.2170852803889718e-01	   2.8427951076066871e-01	   3.5677515510717350e-01	   4.3420391505059719e-01	   2.4270864437610981e-01	   1.8649482346606744e-01	   2.8953164657149244e-01	   3.6635158313384714e-01	  -6.6336530741435307e-02	   2.7734804337107383e-01	   3.2823730314080468e-01	   3.4378588777089458e-01	   4.9720946444381681e-01	   5.3790291679614610e-01	   3.4801989665740152e-01	   1.5724081135620066e-01	
   4.6843527859415701e-01	   0.0000000000000000e+00	  -1.3303441436811420e-01	   1.0521609939417910e-01	   7.5126434671665646e-02	   2.5579523015971883e-01	  -1.2466207866222548e-01	  -4.7066421880271922e-02	  -8.1732187276857798e-02	   1.3911639759728589e-01	   3.4326795388101800e-01	   5.4341518253169996e-01	   1.7199744100409151e-01	   4.8793531440493920e-01	   2.6479278710081139e-01	   1.3665947780013515e-01	   8.4924420811652102e-01	   8.0383373100851352e-01	   5.6473459795743963e-01	   7.7897570393375926e-01	   3.0374539702356418e-01	   3.5384094006871836e-01	  -1.4263239559943347e-01	  -6.8283954079662867e-02	  -4.5851258928759128e-03	   8.0639924024414139e-02	   2.1641990884341289e-01	   2.2626780498074653e-01	   7.6075950970837347e-01	   7.7189684964906369e-01	   1.6288204423333516e-01	   1.3795744400996435e-01	   7.7574251817971673e-01	   6.8852329792008193e-01	  -2.1891644403479130e-01	  -6.8637857099933235e-03	   2.2758634955926071e-01	   5.6268129540909673e-01	   1.3178819712319295e-01	   3.6742085914244621e-01	   6.2725865935846437e-01	   7.1249139387218774e-01	  -3.2013087689880801e-02	  -1.6249804675014751e-01	   5.5653777505222457e-01	   4.9605045065381270e-01	   2.2808104029152709e-01	   3.0718427967774176e-01	   5.9503329876068101e-01	   5.5694928888749229e-01	   1.6878180153359665e-02	   2.9127377109393993e-01	   6.2608718402101138e-01	   5.3964756512785628e-01	   4.7287242672840424e-01	   6.3130966458317161e-01	   8.4184339128729124e-01	   8.7146276356658525e-01	   4.7593910650651750e-01	   4.7729007419721836e-01	   7.2443762017631114e-02	   8.7614445162126825e-02	   6.4253344095797682e-01	   4.3581328917680778e-01	  -3.7218793992051169e-01	  -3.7485271855415614e-01	  -1.5333121838890455e-02	   7.1339894911709695e-02	   7.4207306619754609e-01	   5.2819381801964860e-01	   5.3457094788431664e-02	   3.5729192665288366e-02	   6.6499840955226297e-01	   6.9325316844317197e-01	   6.3130909586475692e-01	   6.7163671876584996e-01	   3.5824576882012926e-01	   3.4193538857793637e-01	   6.9746524161826995e-01	   7.3161732779245658e-01	   8.8892830659879729e-01	   8.5420736049836521e-01	   7.3603826769987468e-01	   8.3725847009581167e-01	   2.0324900822360190e-01	   2.3570447811949946e-01	   3.2743013205733734e-01	   3.6250233578570629e-01	   1.4130255360077959e-01	   2.6401648145001089e-01	  -5.8863547148527325e-02	  -2.2423368218068074e-01	  -2.9796960349273383e-01	  -3.4105176126177766e-01	   1.5444374378751258e-01	   2.2375632690348590e-01	   7.9067557535615021e-02	   5.1477010523198907e-01	   6.2784557350987080e-01	   4.0980944153981447e-01	  -1.0594838692968239e-01	  -2.2069392314202474e-01	   2.2997338984913150e-02	   1.6374563821997368e-01	  -4.3719010474530293e-02	  -1.5262337060759573e-01	   1.0192682294480976e-01	  -2.2085250034644316e-01	   1.1959724989431926e-01	   5.2403133634328181e-01	   2.0658368777565997e-01	   5.3020265690074653e-01	   2.8797852319190864e-01	   3.0080210923577477e-01	  -2.2100629909965303e-01	  -9.5375868551386064e-02	
   2.9955018968874314e-01	  -1.3303441436811420e-01	   0.0000000000000000e+00	   6.8746327254475392e-01	   5.1876719876957944e-01	   4.2736336744338699e-01	   8.5165802953936520e-01	   4.7303819867946878e-01	   5.4044556408776845e-01	   4.4803567983320242e-01	   5.9684541530694568e-01	   1.0858092031295753e-01	   6.9356108733504507e-01	   3.2675429499553749e-01	   6.1890819757211535e-01	   6.7759749272256742e-01	  -1.9185255793347347e-01	  -1.9393509105898829e-01	   5.4524297280238487e-01	   2.5842567224867846e-01	   3.0736571098905274e-02	   1.4582325403492366e-02	   7.6335100649802157e-01	   7.9969149420046493e-01	   3.5243970065336983e-01	   3.1121885385339126e-01	   4.7361343069954354e-01	   4.1257022453337899e-01	   4.1066914170316979e-02	  -4.1089187886043516e-02	   3.0011778737056666e-01	   2.5102109034151188e-01	   8.0177250743694278e-02	   8.4387523968409706e-02	   2.6649059831249455e-01	   8.7640757109515334e-03	  -7.4683294831519670e-02	  -1.7378815441869300e-01	   1.5726343193013886e-01	   3.7912059549996421e-02	  -3.3971808273817516e-01	  -2.9798649787317849e-01	   2.9071037509401210e-01	   1.5106901422953814e-01	   8.3412700215465874e-02	  -4.3147969701437694e-02	   1.2635673914647000e-01	   1.0584978256493695e-01	   1.9694056678612992e-01	   5.3085654513128092e-02	   4.9391793701290071e-01	  -4.3279296337092196e-02	   1.1579050147422060e-01	   2.7936351478595113e-02	   1.8351579526837336e-01	   5.7612403803989867e-02	  -3.0211184855466633e-01	  -1.7290965444203479e-01	  -3.2615387037900151e-02	   1.2292841908735884e-01	   5.1421954428277727e-01	   3.1875387502490221e-01	   1.2857141236778169e-01	   1.2244269694783166e-01	   7.4258282418190702e-01	   4.3859032837933198e-01	   3.6872548817647988e-01	   1.5784685694217493e-01	   1.1006211553044151e-01	   1.5931955481845811e-01	   2.6204462281413932e-01	   2.6330145317049020e-01	  -2.7812598369849273e-01	  -3.1753973438562150e-01	  -1.1237996662174437e-02	  -2.2395052819412642e-01	   2.0081299140117792e-01	   1.6957417107016748e-01	  -2.0196566125553450e-01	  -1.8420145858709464e-01	  -1.6768992787849804e-01	  -1.3364849485033858e-01	   1.8042495168307876e-01	   7.3331153962455597e-02	   4.5779070587752391e-01	   2.2739568045075340e-01	   4.2914242172387801e-01	   2.7548810003115326e-01	   5.9089644524705565e-01	   4.7926171930216177e-01	   4.7057506617079237e-01	   5.3189381833145921e-01	   5.0552300730065813e-01	   5.1231411976375330e-01	  -1.4057807838448311e-01	  -1.6119878401156595e-01	  -2.7821398827072769e-02	  -1.6048588857564941e-01	   5.2201037913076349e-02	  -2.7106859153582748e-02	   3.9825114120975874e-01	   6.1638611965723333e-01	   4.6462825492463905e-01	   4.2003829237582191e-01	   3.2901973984697125e-01	   2.3296457251054969e-01	   2.4602130898135305e-01	   3.6493638727730920e-01	  -1.3421800265793482e-01	  -1.4289049990813496e-01	   1.5685432734136254e-02	  -1.7331975467222323e-02	   2.6453188721583459e-01	   3.3212650025412666e-01	   3.7936486619077764e-01	   2.3849463001239521e-01	
   2.3187916320340901e-01	   1.0521609939417910e-01	   6.8746327254475392e-01	   0.0000000000000000e+00	   3.3767912803726186e-01	   4.3605027175146494e-01	   6.2493401866523346e-01	   6.4743590590492683e-01	   2.3949360464155861e-01	   3.9899090734133846e-01	   3.8619890608202589e-01	   2.9296480425479593e-01	   3.6788672068643469e-01	   3.8218978752302046e-01	   3.7082788275821249e-01	   5.1456189307916256e-01	  -6.6661031404670321e-02	  -8.4656122247787319e-02	   4.4457088535190381e-01	   3.8239170614018403e-01	   1.2816003091373063e-01	   2.2448590743913222e-01	   6.0408652811987817e-01	   7.7669570615676053e-01	   3.8414396795279987e-01	   5.0267176186799212e-01	   3.6447000975211497e-01	   4.0716942356662267e-01	   1.5011168374340705e-01	   1.2112143458114599e-01	   5.4307354524016682e-01	   5.8849195351975570e-01	   3.1472178175503601e-01	   3.9576458291703276e-01	   3.4945125130275745e-01	   3.2099025124023095e-01	  -1.6456794883417092e-01	  -4.9697111295939990e-02	   1.0482911474900294e-01	   1.6091752146156604e-01	  -2.8367320208719016e-01	  -1.8106470181407489e-01	   3.4892096759321178e-01	   1.7249378914039681e-01	   3.3088039242982625e-01	   2.6315727860326077e-01	   2.0342283179274157e-01	   2.2450363855493821e-01	   3.1865156136249378e-01	   1.3385291644525521e-01	   3.9366922893826778e-01	  -3.3174398398788676e-02	   2.0446770379727908e-01	   5.6601152843435365e-02	   1.3697473058167894e-01	   1.1635700866228729e-01	  -6.2617616902154880e-02	  -4.9862462983225348e-03	  -5.7085886811203768e-03	   3.1036232690503840e-01	   3.1074864213788778e-01	   4.6643498346669326e-01	   1.4946262346712905e-01	   3.1857553631071228e-01	   5.3634800550266226e-01	   5.3399143256998127e-01	   4.6425376350812420e-01	   4.9165511696683023e-01	   1.8714590142632134e-01	   2.8904272614830140e-01	   3.0443806453654376e-01	   2.8187044214586621e-01	  -2.0963612310252644e-01	  -1.1899767472590550e-01	  -1.7292399799621085e-02	  -4.9475792056044202e-02	   1.3440326782826659e-01	   2.8827231695228683e-01	  -6.0617094942992750e-02	  -9.2539124372612691e-02	   2.2615993367337293e-02	   3.4831643436908775e-02	   2.9007423069042115e-01	   2.5364350113780276e-01	   3.8654890016066018e-01	   4.9520593891515841e-01	   4.2518755811151959e-01	   4.0850452149344757e-01	   4.4773505260218882e-01	   5.6199528852768010e-01	   4.4368937783794332e-01	   3.2052134150294848e-01	   4.6465907160349090e-01	   3.2700168388866291e-01	  -2.4432743114484348e-01	  -1.1754935917624357e-01	  -6.8309921277086919e-02	  -1.4102500578554386e-01	   6.6993497918375597e-02	  -1.1572267618937879e-01	   6.1942765350178686e-01	   4.0871350347258140e-01	   5.0117964647378233e-01	   2.9445476005713223e-01	   1.7622436111449563e-01	   2.9209735339079832e-03	   3.3073510542075768e-01	   2.0530938747634869e-01	  -1.9531523540507278e-01	  -3.2762030865242334e-02	   7.4049565444712973e-02	   5.7551506170711170e-03	   1.5601990894642973e-01	   3.7984223780518633e-01	   2.0487017085121489e-01	   1.3476674121701637e-01	
   4.2117780623666456e-01	   7.5126434671665646e-02	   5.1876719876957944e-01	   3.3767912803726186e-01	   0.0000000000000000e+00	   8.9489811411098241e-01	   5.4439846258127234e-01	   3.1903850066034928e-01	   8.3399400065926388e-01	   8.0532019183653047e-01	   4.4692655667470110e-01	   1.8803174901760061e-01	   4.7474413910322066e-01	   3.4839543292868713e-01	   6.6137353094673468e-01	   7.5374108450429878e-01	   3.1037715892288785e-02	   1.7580196702585101e-02	   2.6621719342092393e-01	   1.8513755574388013e-01	   2.0199767363160231e-01	   1.8058622231294919e-01	   3.2087892120731093e-01	   4.3179414210405676e-01	   3.1665299908769634e-01	   2.7371712618624267e-01	   7.6948848478662557e-01	   7.3184605724226270e-01	   3.7430763248729348e-02	   6.2794626684969893e-02	  -1.8915963448495188e-01	  -2.2023940505345738e-01	   2.4237418503785132e-02	  -1.0116130078632586e-02	   1.3685425044149693e-01	  -7.2712218018800064e-03	   1.6809531457043497e-01	  -1.7724061725375200e-02	   1.9953659195898563e-01	   3.6748194367778382e-02	  -9.2532526121549802e-02	  -1.6386361072543676e-01	   1.2865255676478074e-01	  -3.2299528543410880e-02	   1.3626675262130344e-01	   1.9102773613135710e-01	   2.7837998537878483e-01	   1.7287784981276416e-01	   2.0549527978988760e-01	   1.9867087283652785e-01	   3.9388729498265301e-01	   1.9566634857229642e-01	   4.2464905887332582e-01	   2.4952500121694576e-01	   4.0513090519225797e-01	   2.9299402515215361e-01	   1.4018736712169239e-01	   7.6575092431181935e-02	   3.8132334283146208e-01	   3.9982508980483294e-01	   5.1184003381195697e-01	   3.3619027837956839e-01	   1.6723461793685557e-01	   1.3744722567125200e-01	   3.4217209486731920e-01	   3.0758228787482234e-01	   4.3704132740465818e-01	   3.4046909613622267e-01	   4.0505085257107692e-01	   4.8467748057112270e-01	   4.5169194538267628e-02	   1.0493452249736018e-01	  -8.7682338623889439e-02	  -1.7596727245614446e-01	   1.6872514519292292e-01	  -1.2309246926774900e-01	   1.0276036772900562e-01	   1.1706218611163138e-01	  -6.0382561612509683e-02	   4.3246026794455529e-02	   1.4171274815691648e-01	   2.1857971586678779e-01	   3.2850464844693034e-01	   2.4272045926164343e-01	   3.5222146857417463e-01	   3.6163619595424218e-01	   3.6570935092334289e-01	   2.4009752025835543e-01	   5.6046293445122164e-01	   5.1286132355209879e-01	   4.4310661691185022e-01	   3.1432939269489035e-01	   3.8874346574508212e-01	   2.8913123775516547e-01	  -1.9372568712373522e-01	  -1.6123427683277863e-01	   1.1279215007962376e-02	   1.4729197994533852e-01	   2.8118383796421498e-01	   1.3363155964863754e-01	   3.4675106615960588e-01	   4.7128864989342267e-01	   4.7560638378595338e-01	   5.1307359564550858e-01	   2.1510116806538046e-01	   3.0130541377190090e-01	   2.6274428270086087e-01	   2.5641466105210609e-01	  -1.3810957323922443e-01	  -2.0995645472433327e-01	  -5.2967708815344276e-04	   1.1970643995827490e-01	   4.2578108651876290e-01	   2.0745821967323469e-01	   8.2619229773210734e-02	   1.1058213234350391e-02	
   4.7698749606014423e-01	   2.5579523015971883e-01	   4.2736336744338699e-01	   4.3605027175146494e-01	   8.9489811411098241e-01	   0.0000000000000000e+00	   4.8752292805677311e-01	   4.4866636255902309e-01	   6.7855983054771651e-01	   8.6567108300272455e-01	   4.1370584325025750e-01	   3.1290392368272169e-01	   3.6961643582439896e-01	   4.1025101183388235e-01	   5.7287256917158391e-01	   7.6475523396749945e-01	   1.2431693090741555e-01	   1.1457157276667662e-01	   3.1323055553859114e-01	   3.0966604764795469e-01	   2.6027890873638715e-01	   2.8676597203785464e-01	   2.3033169225561909e-01	   4.2069938903775395e-01	   2.9421043443404565e-01	   3.5173968852534282e-01	   7.8718824063415327e-01	   7.9281373072438743e-01	   1.3348261725328689e-01	   2.2721190563159954e-01	  -5.5559355519026105e-02	  -3.2609794853154191e-02	   2.0251083931503550e-01	   2.0409150020023817e-01	   8.1883864575442208e-02	   7.5041918031520188e-02	   1.3723585925483769e-01	   8.8390027300521715e-02	   2.8259371324840382e-01	   1.6919770412927959e-01	   7.1700007539835572e-03	  -3.1057551720706598e-02	   1.0109423586823210e-01	  -1.0391919761406722e-01	   2.3496347928573161e-01	   3.0104071890048656e-01	   2.4764035619164987e-01	   1.5771602597514181e-01	   3.0998199318885888e-01	   2.5637273372637209e-01	   2.9613028188492341e-01	   1.8441263660693089e-01	   5.3797712384601026e-01	   3.5498554333406879e-01	   4.3986475792285362e-01	   3.7802472465015785e-01	   3.1870184178290356e-01	   2.1449642603604735e-01	   4.6417697705252547e-01	   5.7294561255951548e-01	   5.0207472825595645e-01	   4.4353671333341793e-01	   2.2724232674215256e-01	   2.6699708648012477e-01	   2.0555883808979131e-01	   2.9474836933961907e-01	   3.9125796640224475e-01	   4.0128875963168142e-01	   4.6498912117197666e-01	   5.3945074722855457e-01	   1.3775850989824753e-01	   1.5667907824791893e-01	   9.2324443989790818e-03	  -6.4756182503922052e-02	   2.2588864293286223e-01	   1.8067767039865019e-02	   9.6945553559939529e-02	   1.7716731326143281e-01	   3.1108766933721690e-03	   1.2299594193011110e-01	   2.6422896778512828e-01	   3.1149176396305778e-01	   4.3824408312150198e-01	   4.4038877891369410e-01	   2.8678604219529624e-01	   3.7714242920753027e-01	   4.1406563290121590e-01	   3.1180411942835995e-01	   5.8284445016222119e-01	   6.0352065023454349e-01	   4.5081014272341891e-01	   2.2284868913971054e-01	   3.7439117796333882e-01	   1.7533673709888831e-01	  -2.2456010086205125e-01	  -1.0864160821992137e-01	  -6.3287311862517792e-02	   1.7790081599029811e-01	   3.1732831943084128e-01	   1.2383066087539653e-01	   4.5906501831929925e-01	   3.7473956242038081e-01	   5.1601392531146884e-01	   4.9475687170707633e-01	   2.2252329492689293e-01	   2.2544910293863935e-01	   3.0529452120263989e-01	   2.1990815294017868e-01	  -1.1669628582725936e-01	  -1.3367618423054056e-01	   9.0623826313387928e-03	   1.4392710279045362e-01	   4.5011469353753075e-01	   3.0200802410026317e-01	  -8.2794894010016781e-06	   1.2856900046611689e-02	
   1.6224469992237883e-01	  -1.2466207866222548e-01	   8.5165802953936520e-01	   6.2493401866523346e-01	   5.4439846258127234e-01	   4.8752292805677311e-01	   0.0000000000000000e+00	   7.0983105342206920e-01	   6.8594416355297216e-01	   5.5648762389525386e-01	   6.0929073657449384e-01	   3.0647142031423208e-01	   6.4356635891432434e-01	   4.1715031253005541e-01	   4.3676003861929197e-01	   5.8631539301985258e-01	  -1.1846653008791388e-01	  -1.2073856204209646e-01	   4.3606418916939726e-01	   2.2362303200348094e-01	  -1.6690526666194694e-01	  -1.0608274142934154e-01	   4.4120847640341671e-01	   5.7962429442992625e-01	   1.0519012803487662e-01	   1.2867808984825294e-01	   3.1187015714328076e-01	   2.8548927568258653e-01	   9.6887042832729420e-02	   8.0577285524049497e-02	   1.3027381629162021e-01	   1.6852430485183489e-01	   1.1814697380564614e-01	   2.0393489522866923e-01	   9.2972994361172026e-02	  -9.4362762269416742e-02	  -2.5854178821992702e-01	  -3.0749942546213249e-01	  -7.4568046743475447e-02	  -1.8659154379594015e-01	  -4.7126490605326699e-01	  -4.1141106593315802e-01	   1.1054358431550151e-01	  -5.6212795407013877e-02	   8.2926788155050959e-02	  -2.8869296003697670e-02	   1.6319812105554754e-04	  -7.5799399784030289e-02	   1.1383869085646628e-01	   1.2595682349730587e-02	   3.7740301862608738e-01	  -2.1169368484580384e-02	   5.7320063439239066e-02	  -1.6311067389750097e-03	   2.8518941746482077e-02	  -9.0507880432167731e-02	  -3.2200350722866994e-01	  -1.9087726266817120e-01	  -1.4566705042949044e-01	   1.0025773688257658e-01	   6.1841331230325036e-01	   4.9631532191399519e-01	   1.4139844592937961e-01	   3.6052652029183935e-01	   6.1412439381986694e-01	   4.7946554184685086e-01	   2.9369285174361143e-01	   1.8795267963948933e-01	   3.2114300548852157e-02	   1.1579198704567391e-01	   2.8661907156209565e-01	   3.0764396636971403e-01	  -1.9021059363363313e-01	  -1.9580813830663901e-01	   8.0751793522530188e-02	  -1.1325814881572066e-01	   1.1771738110782212e-01	   1.5349504218487947e-01	  -1.8052089136581267e-01	  -1.4491981945064414e-01	  -1.2723143501691270e-01	  -1.1395324687600841e-01	   6.3639068895514586e-02	   5.9882689147425908e-02	   8.7532044144896015e-02	   3.7701086896525474e-02	   1.1992222385585244e-01	  -4.8236747302145493e-02	   3.6074673367989923e-01	   3.3949921244108283e-01	   4.3748238957741015e-01	   3.7504773152256221e-01	   4.8533635226474747e-01	   3.4337014072818883e-01	  -1.3895595643170572e-01	  -1.5759515938229660e-01	  -1.7228423277753369e-01	  -2.7484889397642931e-01	  -1.3408679892194023e-02	  -1.6823397650068428e-01	   5.1085451609664556e-01	   5.8511716529366964e-01	   5.0916099683859839e-01	   4.1315267615544327e-01	   2.5101892921512015e-01	   1.5543725180356865e-01	   1.8574712331282617e-01	   2.2641808628313875e-01	  -1.1956980449852331e-01	  -2.5412131335393517e-01	  -1.9401661311317830e-01	  -1.4804614308378011e-01	   2.3966229914100751e-01	   2.2614424491044716e-01	   2.2448600799602728e-01	   1.2221705323898177e-01	
   1.0864742790306432e-01	  -4.7066421880271922e-02	   4.7303819867946878e-01	   6.4743590590492683e-01	   3.1903850066034928e-01	   4.4866636255902309e-01	   7.0983105342206920e-01	   0.0000000000000000e+00	   5.0065683781795944e-01	   6.2814541267877200e-01	   4.0237004815262428e-01	   5.1985855175143358e-01	   2.8189221660706104e-01	   4.3087952269116592e-01	   1.0896067002502706e-01	   4.0585688027202771e-01	  -1.1272634103033968e-01	  -1.2213401898536785e-01	   2.2790667158322125e-01	   1.4488842250861653e-01	  -2.5773371997317551e-01	  -5.9460427783378081e-02	   1.8825474827798963e-01	   4.3618038306062407e-01	  -5.1607055529669786e-02	   1.4611397171662888e-01	   7.5294420493566744e-02	   1.4242697845778252e-01	   1.7471025638782008e-02	   1.8423570729491934e-01	   2.0559991918591075e-01	   3.8747421760606671e-01	   1.3432489858177757e-01	   3.6984728689399499e-01	   3.1448853483036020e-02	   5.1017013305158412e-02	  -4.7833929409156262e-01	  -3.6238330823766163e-01	  -2.0314592231606390e-01	  -2.3520866380615868e-01	  -5.4186293464430557e-01	  -4.2636733160715545e-01	   1.1455123612914184e-01	  -2.4161522080481924e-02	   5.3850037727863377e-02	   4.6625318113059810e-02	  -4.9854269851019442e-02	  -1.0599235435244639e-01	   2.8428801600018962e-02	  -4.2458422839821090e-02	   1.3002742175095611e-01	  -2.3626290665162145e-02	   2.2999650462557125e-02	  -9.2288633868085723e-02	  -2.6203447043218508e-01	  -2.7252312120661598e-01	  -1.8985014409075435e-01	  -1.3216120077407303e-01	  -1.8319459199104926e-01	   2.9723139557352440e-01	   5.4685575204763337e-01	   8.0213888439463199e-01	   7.5432480293070439e-02	   5.5039702837011695e-01	   4.3340382868400884e-01	   6.1557614074788514e-01	   1.8315376985218262e-01	   3.3490941852666656e-01	  -3.0053270546926893e-02	   1.5946116538588334e-01	   2.6049549108962755e-01	   2.8406906277498262e-01	  -1.5168500829392745e-01	  -2.8829165514286097e-02	  -7.2354483220116632e-03	  -1.7501701003970074e-03	  -4.0720073421005795e-02	   1.8269496160505988e-01	  -6.6356144698504926e-02	  -8.6367075810267452e-02	  -6.9775877131227404e-02	  -1.1845945730810026e-01	  -9.9124323747789039e-02	   5.6929590887764697e-02	  -1.1074686210718540e-01	   1.6465781947178099e-02	  -6.9548709370028619e-02	  -1.7537660976987679e-01	   1.6809475848497149e-01	   3.1401975880306754e-01	   3.7509328601096859e-01	   1.5918533258293299e-01	   5.2647736093981223e-01	   1.6655943382853444e-01	  -3.3684911100188586e-01	  -7.2327531205593557e-02	  -3.5265977283368466e-01	  -3.5159591499172049e-01	  -2.4370428408789083e-01	  -3.8905645701880642e-01	   7.8294654555469978e-01	   2.8454475216224506e-01	   4.7517877256753527e-01	   1.6116335693562020e-01	   8.0368466640082806e-02	  -6.4663114429857740e-02	   1.4711447019422375e-01	   9.7435396940151242e-02	  -1.5798160124866245e-01	  -2.5734675557470021e-01	  -2.2997697425646177e-01	  -2.8561210052022629e-01	   6.9423538514958166e-02	   2.2518624414746707e-01	   1.6588941052577755e-01	  -1.5463188927878804e-02	
   2.2348583433663538e-01	  -8.1732187276857798e-02	   5.4044556408776845e-01	   2.3949360464155861e-01	   8.3399400065926388e-01	   6.7855983054771651e-01	   6.8594416355297216e-01	   5.0065683781795944e-01	   0.0000000000000000e+00	   7.8794543901109815e-01	   5.5505161030847128e-01	   3.4550868976899840e-01	   5.0696147295916183e-01	   3.9432684208291779e-01	   5.6364090477582240e-01	   6.5919193109851637e-01	   2.7500318842841907e-02	   3.6452801390117674e-02	   2.5678057254981440e-01	   1.2810820757797403e-01	  -1.1888630696533758e-01	  -9.9412291291717095e-02	   1.9876635672576792e-01	   3.3149265441658360e-01	   4.3355564814523944e-03	  -3.4350574198708283e-03	   4.0335678302732542e-01	   3.4771758423960109e-01	   7.9999522648102284e-02	   1.5596224586433077e-01	  -2.4401681628680894e-01	  -2.3759302315464217e-01	  -4.5727646762379864e-02	  -7.1839388263207418e-03	  -1.2784486816018992e-01	  -2.9840028629210918e-01	  -6.0207624794578987e-02	  -2.1518374868446119e-01	  -7.3559454867411084e-02	  -2.5296123275986021e-01	  -3.0329336755679337e-01	  -3.1212582549737755e-01	  -6.5297260483278025e-02	  -1.5512457221390608e-01	  -9.3486575703214350e-02	  -1.0471189761338197e-01	   5.7998502855568151e-02	  -8.2855408069244241e-02	   1.3801486697081478e-02	   9.5586636051837759e-02	   2.6157254355865528e-01	   2.2689021389937616e-01	   2.2499744126426335e-01	   7.8392122373980869e-02	   7.9493050154334305e-02	   2.9345289152935945e-02	  -1.0333380834346233e-01	  -2.2717642783062406e-02	   9.1695033946073395e-02	   2.5445915740544517e-01	   6.3114434179563428e-01	   4.8636904460788177e-01	   2.4430920625747998e-01	   3.6071194920931349e-01	   4.0186702611715608e-01	   3.1722769825333874e-01	   1.8555512941016794e-01	   1.2101829196224065e-01	   2.4536481556590056e-01	   3.4631355368967071e-01	   6.9086297446061623e-02	   1.6309596007542915e-01	  -8.5638335298022311e-02	  -1.4899145014330581e-01	   1.4251760042675427e-01	  -1.4172822752687914e-01	   3.9828015347031821e-02	   5.9775018034227530e-02	  -2.1925636744452911e-02	   3.5513738093338548e-02	   6.1872090950979480e-02	   9.6064146828831007e-02	   1.0964842477362417e-01	   7.8731190734672801e-02	   1.1741181598185411e-01	   6.9816987706655509e-02	   1.0192378148955927e-01	  -1.0729971713821126e-01	   3.6526969142832344e-01	   3.3374054610407033e-01	   4.0753961741121231e-01	   2.8897600809368396e-01	   3.9896236138895513e-01	   2.3668101034731570e-01	  -8.2700344494322758e-02	  -9.2619068922108638e-02	  -1.7263427566681955e-01	  -7.0118425437058957e-02	   3.0619935465957239e-02	  -8.8042846648331161e-02	   3.5421713802929367e-01	   4.5054712621336751e-01	   3.8349726753872521e-01	   3.7243314125430471e-01	   1.5549752899204322e-01	   2.2748989064858915e-01	   1.1327855020334793e-01	   1.3117581896719727e-01	  -1.7481678753584796e-03	  -2.4999366595487346e-01	  -2.3672584230972793e-01	  -4.6353299146184759e-02	   3.2249046530563130e-01	   1.2136395887204215e-01	   1.5733060717872260e-01	   1.7036668690745302e-03	
   4.4687850816126451e-01	   1.3911639759728589e-01	   4.4803567983320242e-01	   3.9899090734133846e-01	   8.0532019183653047e-01	   8.6567108300272455e-01	   5.5648762389525386e-01	   6.2814541267877200e-01	   7.8794543901109815e-01	   0.0000000000000000e+00	   5.3439154321349114e-01	   4.5555194956314549e-01	   4.5792090846181038e-01	   5.0139646823210837e-01	   5.6259031226778677e-01	   7.8736184314759172e-01	   3.7795976182673593e-02	   1.5208209065403872e-02	   3.1847567800405663e-01	   2.4821719220761684e-01	   4.3931989684663192e-02	   1.3995722805187452e-01	   2.5693073740121319e-01	   4.7453024658479670e-01	   1.6181059078856613e-01	   2.5084040087437409e-01	   5.6696178088668436e-01	   6.0040546510966153e-01	   9.8598663005456388e-02	   2.1044860524028963e-01	  -9.1439500836165158e-02	  -2.0117764763071630e-02	   4.7087023444483726e-02	   1.2960826577337667e-01	   5.0650302732862362e-02	   1.5417705401679330e-03	  -1.5155125188499059e-02	  -8.3770398194298074e-02	   1.4970678399284063e-01	   9.1755738759315680e-03	  -1.7354215946655666e-01	  -1.5462552821374992e-01	   1.1964022684956604e-01	  -3.7746158571078520e-02	   3.9314418719654909e-02	   1.2078762019449409e-01	   1.7021858560182204e-01	   8.0209393981738639e-02	   1.7709055495994028e-01	   1.7611307238264126e-01	   2.3651900815692350e-01	   1.2399742188599787e-01	   3.6353167707537160e-01	   1.4797180834268717e-01	   1.9879235048178051e-01	   1.6654860834588597e-01	   1.2732245795952785e-01	   9.4397842059003353e-02	   2.2764464607937274e-01	   4.9702317852461042e-01	   6.1826023634608829e-01	   6.5097182690716182e-01	   1.8492171662178347e-01	   3.6136545740567455e-01	   3.6588721677174962e-01	   4.6122929063903761e-01	   2.5795664986243905e-01	   3.0964165839070412e-01	   3.1362591553927355e-01	   4.0385541015326509e-01	   1.6139211585031918e-01	   1.7800158168457272e-01	  -4.5500345969242198e-02	  -4.7026085024226158e-02	   1.8469193858127067e-01	   1.1731292950471687e-03	   1.2211500750909293e-01	   2.1663500606036562e-01	   5.6842435498840792e-02	   9.0222637010699311e-02	   1.6279227502609681e-01	   1.7220799502509071e-01	   2.8270091117608015e-01	   3.1108262694943378e-01	   2.5140545641961143e-01	   3.0312945745638392e-01	   2.8026982725105359e-01	   1.7153731502165265e-01	   5.1052751895698090e-01	   5.9518390737572191e-01	   3.9363826676647778e-01	   2.0182060119654663e-01	   4.4071514021180663e-01	   1.9951399033141221e-01	  -2.8632975189466986e-01	  -2.1557081114008808e-02	  -1.7662787192026680e-01	   2.0414217956329563e-02	   2.7514816952268401e-02	  -1.4601240984050604e-01	   5.1200377638767658e-01	   3.3802006375658533e-01	   3.7542167820355127e-01	   2.5693664776906633e-01	   7.0332159608243058e-02	   1.0361990878618030e-01	   1.2133527149627146e-01	   1.1564630699047843e-01	  -1.1458604406862288e-01	  -1.6992881111184410e-01	  -9.1655728493024211e-02	  -8.4990513253148325e-02	   3.0354515212957023e-01	   2.7168168985621605e-01	   1.2812734631733541e-01	  -1.5307024027692585e-02	
   6.4839036835827413e-01	   3.4326795388101800e-01	   5.9684541530694568e-01	   3.8619890608202589e-01	   4.4692655667470110e-01	   4.1370584325025750e-01	   6.0929073657449384e-01	   4.0237004815262428e-01	   5.5505161030847128e-01	   5.3439154321349114e-01	   0.0000000000000000e+00	   6.9863195245677046e-01	   8.3289428559089196e-01	   8.2619756943315059e-01	   7.4423298720656894e-01	   6.9747163161821657e-01	   3.5920518076660068e-01	   2.5484078234138874e-01	   7.8304842160567567e-01	   6.4166852473791647e-01	  -7.3624423958185498e-02	   1.2385895276093573e-02	   3.0491478757605955e-01	   4.7112304036824215e-01	  -4.3501657334349110e-02	  -3.1018902044396671e-02	   2.9019620615918895e-01	   2.7115531352845551e-01	   5.3029142660329098e-01	   4.4847905056091603e-01	   4.2035509333567006e-02	   2.1475172413496276e-02	   3.3326167766807341e-01	   2.8735161285146021e-01	  -1.5706587222111001e-01	  -2.1492035184718897e-01	   3.6137573672952707e-02	   7.6325037372244622e-02	   4.4073783252609723e-02	   6.5011568156683186e-03	   1.2645820978212801e-02	   1.0923043562202034e-01	   1.1565996758158845e-01	  -3.0351056039077132e-02	   3.5588251317621167e-02	  -9.2158105970331972e-02	   1.3718987816875605e-01	   9.6583307686358241e-02	   1.9293044982890303e-01	   2.3245477693620045e-01	   1.4859454689540286e-01	   2.4327000511374687e-02	   3.4398708145080859e-01	   1.0983741331750690e-01	   2.3501983351231598e-01	   2.0422483344113151e-01	   1.3662761785965608e-01	   2.1469072227070590e-01	   2.4148819081515388e-01	   3.6648396292873520e-01	   7.5230571700318605e-01	   5.5783575944188313e-01	   6.1870855835868854e-01	   5.1684751429714793e-01	   3.2251146611700687e-01	   2.0097652537440802e-01	   5.2805888126068526e-02	  -4.4696525109411300e-02	   3.8564063486166533e-01	   2.9592136985786510e-01	   1.4118442357045227e-01	   1.8666963508298726e-01	   2.2120860930765027e-01	   1.8677045082676627e-01	   4.2335716579462768e-01	   2.4240518342950124e-01	   4.3112417701824446e-01	   3.6754320625321124e-01	   3.3724702217368308e-01	   2.5841329281723258e-01	   3.6193934139501915e-01	   3.2938817561728961e-01	   5.0286960636542788e-01	   5.0092618500750263e-01	   3.5848150515533428e-01	   1.7532634111033596e-01	   3.1629099211279349e-01	   2.1919467273719639e-01	   4.0947821950438024e-01	   4.5918753338665624e-01	   3.4850125517721464e-01	   2.8666120395047612e-01	   2.7310385343160537e-01	   1.6478830582903908e-01	   5.3165875462299589e-02	   1.6821361107361199e-01	  -6.9216395865134589e-02	   1.6390022443701233e-01	   2.3333250456549076e-01	   1.6957664384486260e-01	   3.2287090339467961e-01	   4.1431934625768813e-01	   4.0469198915494031e-01	   3.7759763886889275e-01	   1.4560429549311693e-01	   3.8411510618571745e-02	   1.1162761935706950e-01	   1.7467335501480624e-01	   1.2743175351207658e-01	   2.3345281259422995e-01	  -5.6458510739942153e-02	   1.7087470989845249e-01	   4.1281021027612608e-01	   4.8453387252716229e-01	   3.0876605428534987e-01	   2.0406550960452302e-01	
   3.6904033216660592e-01	   5.4341518253169996e-01	   1.0858092031295753e-01	   2.9296480425479593e-01	   1.8803174901760061e-01	   3.1290392368272169e-01	   3.0647142031423208e-01	   5.1985855175143358e-01	   3.4550868976899840e-01	   4.5555194956314549e-01	   6.9863195245677046e-01	   0.0000000000000000e+00	   3.6623584971905587e-01	   8.2248336116892506e-01	   3.7038978374677733e-01	   3.9312400332063846e-01	   5.3284897809286225e-01	   5.2271806849026536e-01	   6.1904895788462566e-01	   6.8946826266118466e-01	  -2.3256100972169316e-01	  -2.2368543923293613e-02	  -1.8533385787615553e-01	   9.0255906641422495e-02	  -3.7191119311268128e-01	  -2.1582827484722752e-01	  -6.1403559156235993e-02	  -1.3742227562082038e-02	   6.3208565627590407e-01	   7.3716478484750281e-01	   5.6038406978725808e-02	   1.3303263412491681e-01	   5.0400934758600013e-01	   5.6437916516896003e-01	  -4.4433734831498611e-01	  -2.6590355804558863e-01	  -2.3382060099088042e-01	   3.7242889771457025e-02	  -2.6210261829119436e-01	  -1.9324301555137147e-01	   9.4411825394208459e-03	   1.8394724759172659e-01	  -1.2992926727127690e-01	  -2.6581516518885451e-01	   1.3339822890173142e-01	  -1.3108054638009594e-03	  -5.5179063939339371e-02	  -8.8691738172343104e-02	   1.7051713199757756e-01	   2.9578317516956465e-01	  -1.9341869507023768e-01	   1.5613157872985337e-01	   3.5770925754972871e-01	   1.7313535652048456e-01	  -5.6452297560519699e-02	   9.2513106490724556e-02	   3.4371528963752163e-01	   4.3789426722177804e-01	   1.4604331547495383e-01	   4.6170560234983837e-01	   5.0732794866901543e-01	   6.9090108536053796e-01	   6.5513101386260375e-01	   8.2172775799009201e-01	  -4.6402442088010504e-02	   4.4576902415398627e-02	  -1.9510555489238596e-01	  -2.5732819692267692e-02	   3.5899105262183945e-01	   2.7129420805459303e-01	   6.7853146640921680e-02	   1.3043670551580888e-01	   3.9397729823084343e-01	   4.9423574460035541e-01	   5.2101024280887553e-01	   5.4425023074328649e-01	   2.0390984776924825e-01	   3.2751410717801588e-01	   4.7173228329291628e-01	   4.5381567030486736e-01	   5.2932748650333561e-01	   4.9076759763959399e-01	   4.3681985374740634e-01	   6.0803090867385967e-01	  -2.9701995468514864e-02	   3.4555629848418777e-02	  -3.5009709748863846e-02	  -8.8129739855112688e-02	  -2.3493593712262126e-03	   2.0902657555281762e-01	   1.2555725443228161e-01	  -1.2993162537992237e-01	   4.1130630285126646e-02	  -2.5386320601355988e-01	   6.8259837726673100e-02	   2.6986112036347898e-01	  -3.0503722383028914e-01	   1.1816493554869913e-01	   1.8980122752562695e-01	   4.3013736674891043e-02	   3.1920902916861937e-01	  -2.4243667851264302e-02	   1.8691090055978338e-01	   8.6031181784677613e-02	  -1.7287741336936363e-01	  -2.9643551036088889e-01	  -2.1051356908832156e-02	  -1.5859561323235496e-01	   2.7594572090312375e-01	   2.5604846372308437e-01	  -2.4354189975591017e-01	   1.7383497497302008e-01	   2.9410992616401344e-01	   3.7765922207645591e-01	  -7.0533484372156223e-03	  -3.4551282712824025e-02	
   5.8138832459160117e-01	   1.7199744100409151e-01	   6.9356108733504507e-01	   3.6788672068643469e-01	   4.7474413910322066e-01	   3.6961643582439896e-01	   6.4356635891432434e-01	   2.8189221660706104e-01	   5.0696147295916183e-01	   4.5792090846181038e-01	   8.3289428559089196e-01	   3.6623584971905587e-01	   0.0000000000000000e+00	   7.1989240879169691e-01	   7.3940684935383205e-01	   6.6391425709114515e-01	   1.7648622515786910e-01	   5.2249922369758506e-02	   5.8304041380443938e-01	   3.8138210152520269e-01	   6.0661944003621765e-02	   9.4917871466236953e-02	   5.5229470223112265e-01	   5.8563380194066261e-01	   2.7149992963593500e-01	   1.6952265680033396e-01	   4.8088252618611033e-01	   4.5003892619148567e-01	   3.1424241511145079e-01	   1.5872757588495703e-01	  -6.9635142973119919e-04	  -3.8378322820839868e-02	   1.9639320136427313e-01	   1.3769073777134916e-01	   2.1769552076994494e-01	   2.7886923278437323e-02	   1.3302872682149863e-01	   5.3715030042474840e-03	   2.1531643028002775e-01	   9.4886443319045000e-02	  -2.2969442021869131e-02	   1.4792190763355254e-02	   2.8498799328050423e-01	   1.7318737694469907e-01	   1.2404379399728084e-01	   5.5598211211002099e-02	   2.4093670821835345e-01	   2.3697155927172203e-01	   3.1156373595156439e-01	   2.6243803458443354e-01	   4.8868362501229157e-01	   4.8052477582230364e-02	   2.1049197923131385e-01	   4.4667227696351057e-02	   4.0792023396458166e-01	   2.5405395638506523e-01	  -2.0171090453684863e-02	   6.7962272300774035e-02	   2.1175437629907073e-01	   2.4494207920510452e-01	   6.6507227796368207e-01	   3.4241444258704867e-01	   3.5337096722473837e-01	   1.8632579054374890e-01	   5.0158680393315480e-01	   3.3105457724526538e-01	   3.0934865099440961e-01	   1.0947007723113714e-01	   3.0665095908814755e-01	   2.6928371103029680e-01	   1.2479746280741362e-01	   1.4824987516284549e-01	   6.8735460458555053e-02	   1.1994774904492607e-02	   2.4869484898823002e-01	   1.4034991499370493e-02	   4.5613100199744638e-01	   2.7095403948557445e-01	   2.4036224692504243e-01	   1.7105965484628249e-01	   1.7310739079490933e-01	   1.7682928996515879e-01	   3.8404091394101725e-01	   2.8743185236281266e-01	   4.4781747267884336e-01	   2.6417226690340551e-01	   4.1329481726403577e-01	   3.2827119314998171e-01	   5.4748183703342068e-01	   5.3250847463243201e-01	   2.2063141635220890e-01	   3.0262476400475807e-01	   2.5717781733989742e-01	   2.9905259077964580e-01	   9.5378527683472922e-02	   2.0433063745691296e-01	   2.1418403944941691e-01	   2.2609621214332382e-01	   1.4719716883374612e-01	   6.5704531264006313e-02	   2.2345003654673620e-01	   4.2756846970854157e-01	   4.1415750475958729e-01	   3.6373067132206760e-01	   2.5013631647572826e-01	   1.6604207220248937e-01	   1.9334020305168642e-01	   2.7882320497608148e-01	  -3.3590949098959828e-02	   2.0847962014628119e-01	   8.8861214531619687e-02	   4.4459578293902395e-02	   3.2282045678415633e-01	   3.6403076776146476e-01	   3.6686989504999301e-01	   2.1718871650873381e-01	
