   0.0000000000000000e+00	   8.6428028689473368e-01	   3.0851767524144974e-01	   4.6525617915790690e-01	   1.1271461630790885e-01	   2.8958948906281479e-01	   3.6951193918610059e-01	   5.9727276373139138e-01	  -6.8793259737098952e-03	   1.4052182879493265e-02	   4.0313664880432382e-01	   5.2735234186343649e-01	   3.9820457271620441e-01	   4.5068924753554956e-01	   1.3754721052325078e-01	   7.3725370868503184e-02	   3.8932649564281041e-01	   2.4633571259085585e-01	   7.4731377095701912e-01	   5.5365715746070676e-01	   1.6790760313619954e-01	   2.3248046116787577e-01	   3.1671872612299878e-01	   4.5656745346621092e-01	   7.3244988743608061e-02	   1.9087870904735307e-01	   2.2310673995609950e-01	   3.5801449800416452e-01	   5.5816880676432687e-02	   3.8957220547236604e-02	  -4.8123891606037188e-02	   4.1550106007959886e-02	   3.2577695347073199e-01	   2.7487941075196992e-01	   9.1834480826900849e-02	   3.1781289719405990e-02	   1.9176175912780677e-01	   1.7616057725898793e-01	   2.1958634900164922e-01	   3.1170548160638750e-01	   2.8240366015054980e-01	   3.5693266759096148e-01	   6.6748285335467583e-01	   8.2563852450839459e-01	   5.2383361891712921e-01	   6.2271356650658138e-01	   6.2420400004408350e-01	   6.2772798563928789e-01	   5.1074475841222522e-01	   5.9469016635213556e-01	   5.7427261783659989e-01	   5.4840607881325565e-01	   6.2996508916914817e-01	   7.8889268760756304e-01	   5.1943115830076170e-01	   5.8653389562717173e-01	   9.7217424337796143e-01	   5.5393204988823519e-01	   3.2328703480222021e-01	   2.5874025818081803e-01	   2.0174078498341247e-01	   5.8018130775423471e-01	   2.5476193041614043e-01	   3.4224999593002259e-01	   1.5683371009180339e-01	   4.5105595639716722e-01	   3.1407293679855391e-01	   4.1800874268083854e-01	   5.7948518490824497e-01	   5.5977322719557798e-01	   3.5978891141973568e-01	   2.5081792749013115e-01	   4.5009427559666293e-01	   2.8793178534224767e-01	   4.5662537134720566e-01	   4.5193164660783680e-01	   3.2950581962813569e-01	   1.7362255455028403e-01	   3.7683290815247367e-01	   2.8230496172191943e-01	   4.6691632806444522e-01	   3.1008086762205267e-01	   4.2409083979457474e-01	   3.3797094974911462e-01	   6.0720968679766851e-01	   7.1658353422459697e-01	   2.3073784826292715e-01	   1.4923453247310664e-01	   5.6897221236854767e-01	   5.9044707166637633e-01	   7.5284381644738585e-01	   7.5604795490645371e-01	   6.3151336291621707e-01	   6.5676068926827824e-01	   3.0406553500824590e-01	   1.7034298874490669e-01	   4.2150974052413459e-01	   6.2018199473860181e-01	   8.9777246412527523e-01	   9.1233715265400439e-01	   6.8714893319497794e-01	   5.7897557617326811e-01	   5.4558733079610833e-01	   7.0235339068926272e-01	   4.4896356571232432e-01	   2.4347046502907854e-01	   2.8519375876918113e-01	   4.4068598526306624e-01	  -3.9548779125602382e-02	   1.7658950032846099e-01	   2.9536648220452244e-01	   6.2152106067978707e-01	   4.4945139998430889e-01	   3.3192763277599252e-01	   2.6596103570586410e-01	   2.0716713856345467e-01	
   8.6428028689473368e-01	   0.0000000000000000e+00	   6.7318855770290661e-02	   4.0920267950645228e-01	   1.1347224372969290e-02	   1.5211251860097827e-01	   7.2621324686023211e-02	   4.8399629133191291e-01	  -1.5412961206503800e-01	  -1.8446940513748120e-01	   9.9904694008902423e-02	   7.3301399866850425e-01	   1.7608201057634487e-01	   3.9394878263091343e-01	   1.7201771250305066e-02	  -2.9370493506530791e-02	   5.2385956924526400e-01	   4.7062527681604427e-01	   6.5023174180903798e-01	   7.2386348455184224e-01	   1.2740046781586253e-01	   1.4369795429716628e-01	   1.8136164656463977e-01	   4.7135663797954114e-01	  -2.3049668123612754e-02	   1.2868803315508304e-01	   1.6770824397029616e-01	   2.8850239663529487e-01	   1.1216121879627457e-01	   7.1370617749553666e-02	  -4.2768007792013271e-02	  -1.7950230724201394e-02	   3.8562775418201295e-01	   3.7475160846081251e-01	   9.7090634257938582e-02	  -6.9211182689349424e-03	   1.8346221973174850e-01	   1.6012730944365666e-01	   1.4715080968480376e-01	   2.2719990448307953e-01	   3.1313556248143543e-01	   3.1769292376252212e-01	   4.8589812041159497e-01	   5.6573104637984795e-01	   4.7870772414546592e-01	   4.7608453959795854e-01	   3.9526233519271664e-01	   4.9447519550901409e-01	   3.2254679724000268e-01	   5.1831741342018089e-01	   4.0295815124977902e-01	   5.2270813706446440e-01	   5.3466690659467075e-01	   5.9303704156380699e-01	   3.4678925401030769e-01	   3.5363625756051037e-01	   8.4742701746666516e-01	   8.0254044480968756e-01	   4.8693046109574679e-02	   1.1202210249601424e-01	   2.5621651581064615e-02	   3.1992796411384045e-01	   2.9045100320354311e-01	   5.5802016518269437e-01	  -7.0959633838203967e-03	   2.4989108556963396e-01	   2.8895522474025670e-01	   4.9196413341844647e-01	   6.6373567740134098e-01	   6.2121058852657707e-01	   2.1828546950069325e-01	   2.0998901275089393e-01	   3.7333998123736545e-01	   3.5178505992773051e-01	   2.8408764097574568e-01	   4.2081431995406349e-01	   3.3024958177702646e-01	   2.0036855600531336e-01	   4.5792736347408697e-01	   4.4018770238013449e-01	   5.9279397057346406e-01	   4.0547202764162638e-01	   3.5647958538439561e-01	   1.9422873062080653e-01	   3.2482943260552916e-01	   5.7883812972023319e-01	   1.4006079422413995e-01	  -7.2095361963166798e-03	   3.6339627505480365e-01	   4.5103845533968812e-01	   7.9921099163102272e-01	   5.6859063957023348e-01	   6.6431304329548935e-01	   4.1485223076259614e-01	   2.3870558718003645e-01	   2.7033156893682286e-01	   4.5872308978955617e-01	   4.4943723605783525e-01	   8.4812403469731723e-01	   6.8357409115801326e-01	   5.6850259786418467e-01	   3.7051091393142604e-01	   6.9157861688355859e-01	   6.3429240188821390e-01	   4.7067841584421288e-01	   3.3049045590041570e-01	   2.3499515633281270e-01	   3.2607506925935342e-01	  -1.2517898813823602e-02	   1.2340466260627155e-01	   3.3619709068736658e-01	   7.3019791578418758e-01	   5.1143933928868945e-01	   4.5829522615011192e-01	   3.7570764301861831e-01	   4.8654398780438271e-02	
   3.0851767524144974e-01	   6.7318855770290661e-02	   0.0000000000000000e+00	   7.3269921086478818e-01	   8.6475560765999593e-01	   6.1267603208791976e-01	   1.1292751229398010e+00	   5.1757555691023438e-01	   7.1013697112082752e-01	   4.5619637080788877e-01	   3.9054346263579587e-01	  -1.0142209995454458e-02	   4.1745671297239284e-01	   2.8319535928911810e-01	   8.1273165458713903e-01	   5.2425708689886397e-01	  -1.2506542890332745e-01	  -1.7003577134406811e-01	   6.3940593235875753e-01	   3.3484948497840833e-01	   2.5294863486667185e-01	   2.9385328815785317e-01	   9.7374671760305831e-01	   5.4595951549794763e-01	   5.1538018367179672e-01	   4.3193680600959850e-01	   4.9495089533271813e-01	   4.2066289452894556e-01	  -5.3746208874393547e-02	  -4.1095912153248232e-02	   2.3421687738928854e-01	   1.7311251220333548e-01	   3.4833967893040851e-01	   2.4199281899009417e-01	   2.6379715008743188e-01	   1.2226318807867337e-01	  -1.5104706425876005e-02	   4.5745878588718765e-02	   3.3494816587691051e-01	   3.0875362514420218e-01	   2.9260306924696455e-01	   3.6183715972812125e-01	   3.7417024159703666e-01	   3.6308849869519910e-01	   2.2748513316457009e-01	   4.1949480748273016e-01	   1.8478779334353806e-01	   2.2297258594321076e-01	   3.0974072739168246e-01	   3.0292857490730984e-01	   4.7569763957133326e-01	   3.0351688433540219e-01	   1.9234259162409975e-01	   4.8059772664426181e-01	   5.1754659976274464e-01	   4.8731719682007224e-01	   4.1555926602678199e-02	   1.2016116417767234e-01	   8.0905992892229139e-01	   4.3262074554949537e-01	   5.2334536570074253e-01	   4.1552028726763202e-01	   1.2167140434284050e-01	  -5.9211069204805712e-02	   5.4354271509783403e-01	   4.9081082354586031e-01	   5.4590581552439832e-01	   4.6238021810734559e-01	   1.8739035012080046e-01	   3.5093229068798504e-01	  -5.7405430865857851e-02	  -2.0482032288820995e-01	   3.9142795940565467e-02	  -7.2232541641626680e-02	   1.6286555196409147e-01	   5.5705908696469693e-02	  -1.0581699951897859e-01	  -1.8431309578171631e-01	  -1.8988885857685769e-01	  -1.1374628357469184e-02	  -6.0949872904188504e-02	   1.1083691971830642e-01	   6.7238086580926804e-01	   5.8382337467284984e-01	   6.0913691518121671e-01	   4.2977072243865322e-01	   5.3296198736851796e-01	   4.6958700446674673e-01	   7.3058970219318042e-01	   5.7056268757930317e-01	   2.2770697094191444e-01	   5.3667325141477695e-01	   2.0176813727103243e-01	   5.5396432103120241e-01	   4.3068966960827509e-01	   3.7632318259574998e-01	   2.2523852740880826e-01	   1.6524388133295026e-01	   1.7352502223184718e-01	   2.2787940864080791e-01	   2.5573622619674025e-01	   5.4560210785700913e-01	   1.9358401388448954e-01	   4.4390436783677101e-01	   4.8298202429355772e-02	   5.7542849802769906e-02	   1.2819049335375635e-01	   1.7265881953645762e-01	   1.9142967148307832e-01	   6.8466610776039369e-02	   6.4970413739432839e-02	  -3.5941567563115104e-02	   1.2295992417702924e-01	   3.6769309204246294e-02	   1.3132934915910652e-01	   3.4144733783341907e-01	
   4.6525617915790690e-01	   4.0920267950645228e-01	   7.3269921086478818e-01	   0.0000000000000000e+00	   5.3658894989211225e-01	   6.4477070439963524e-01	   4.1927466706952210e-01	   7.6848469654910989e-01	   3.8029947141675180e-01	   2.7718854488986616e-01	   8.9364926082208265e-02	   2.6683968018439858e-01	   1.4231179134666405e-01	   5.1060817294379435e-01	   4.6627347919258166e-01	   4.5703008186636473e-01	   2.3921722062008863e-02	  -1.6128349830185854e-02	   6.5133828602149668e-01	   4.2978072226979341e-01	   4.8288290401707668e-01	   5.7288113194831403e-01	   4.7807633421917928e-01	   8.8651798308515350e-01	   4.4017248801867820e-01	   6.1688892767583503e-01	   6.2657490367613755e-01	   7.0976349754054535e-01	  -5.3356108835265259e-02	   2.7884049370404270e-03	   1.0577776856237461e-01	   1.8063872816476964e-01	   9.6527050584420362e-02	   7.5934732141513167e-02	   1.9995853085471388e-01	   1.3664010247204603e-01	   2.0486238910129181e-01	   3.2579777292992068e-01	   4.7448222969672160e-01	   5.1512156168339196e-01	   3.8918622700602923e-01	   4.6404100307831447e-01	   5.1470893192992251e-01	   5.4746811961451503e-01	   2.5876395293844606e-01	   4.9446388782612161e-01	   4.2401888894597506e-01	   4.5788023461552169e-01	   2.4962882628739969e-01	   4.9698950788156765e-01	   4.5570753930495006e-01	   6.9747560679558129e-01	   5.0934322359576301e-01	   6.7629993417097056e-01	   6.8976183886807862e-01	   5.8087628428827875e-01	   2.4585107980516846e-01	   2.4050303271454332e-01	   2.7011130847457765e-01	   3.1395496133497686e-01	   2.2339662654147011e-02	   4.4450720403031313e-01	  -3.4173178272160931e-02	   7.2696873495149444e-02	   2.7429787671055428e-01	   7.5251752756506518e-01	   2.3320902104156493e-01	   4.5916234775170017e-01	   2.5068831702601790e-01	   2.9242044257278921e-01	   9.0535859853299899e-02	   1.0955335745585952e-01	   1.1958911285827284e-01	   1.3712601386232057e-01	   1.2718053501268076e-01	   1.3348633903642970e-01	   2.2627235519101677e-02	   1.5787077621105244e-01	   1.1813242497004245e-01	   1.5654251324351512e-01	   1.1990062354124895e-01	   2.2977099846333626e-01	   4.8929908569242719e-01	   4.6110222072056228e-01	   4.8204634218616338e-01	   7.7444465824938380e-01	   6.0724376576184613e-01	   4.8213358899057557e-01	   5.6263666125181566e-01	   6.6928463637179925e-01	   6.3750015863313203e-01	   3.9090434929328743e-01	   6.1117786848785849e-01	   2.6784884022398514e-01	   3.5939955691850467e-01	   4.8207668754722111e-01	   5.0678470789393748e-01	   4.1784820001106815e-01	   5.3880786704435013e-01	   3.8544863102826349e-01	   4.6865843585696332e-01	   2.9359647975405784e-01	   3.8955019919770029e-01	   4.1350159201035852e-01	   2.6404012385871789e-01	   5.1250576772024346e-02	   2.6845587686498940e-01	   1.8890044318929938e-01	   1.8266556467228764e-01	   1.8576753274366292e-01	   2.8472563944397267e-01	   2.4519498439214815e-01	   1.8503504680267571e-01	   1.7297386613670029e-01	   1.9837626754895057e-01	   2.3589225420282706e-01	
   1.1271461630790885e-01	   1.1347224372969290e-02	   8.6475560765999593e-01	   5.3658894989211225e-01	   0.0000000000000000e+00	   8.6254852618769340e-01	   5.3188584786917126e-01	   3.2019670577638365e-01	   1.0729899168117074e+00	   7.8532567247040130e-01	   8.7994737923307739e-02	  -1.0392151158127831e-02	   1.4997211599460300e-01	   2.6110940353669942e-01	   7.6697435349567200e-01	   8.0990471704923062e-01	  -2.7980263782839321e-01	  -4.3368197693557825e-01	   4.1903593669909234e-01	   2.1046587989066581e-01	   2.7852918439838131e-01	   3.1561085553305962e-01	   4.3353521585866261e-01	   3.0506939655840393e-01	   7.2408471151745335e-01	   6.5846973337279391e-01	   6.5230701629934973e-01	   6.1179205603178310e-01	  -1.2965051790253435e-01	  -1.2078260506423712e-01	   9.3984224133810343e-02	  -5.9542843956539165e-02	   1.3291576755700893e-01	   2.9811083813088894e-04	   8.1750539095868144e-02	  -8.5976937906618284e-02	   1.8276292366731117e-02	   4.3937085350301587e-02	   2.6632830879167224e-01	   1.8945224797090066e-01	   2.1297211728979404e-01	   2.1368420908224089e-01	   1.4937240227042020e-01	   1.1235426555502535e-01	   3.1666731650438318e-01	   3.2253004176563432e-01	  -3.3321730032008168e-02	  -8.3845751038180441e-02	   4.3988923817369679e-01	   4.0752402709693647e-01	   3.9118532966381975e-01	   3.3820832292565661e-01	   2.6102079883279750e-01	   3.1922026187702918e-01	   4.4316468471420839e-01	   2.9193816964737135e-01	   2.4362123570190941e-03	   1.0303256938736367e-01	   6.4815901538365883e-01	   5.9209810109440142e-01	   2.7138499187572729e-01	   2.5057059378106311e-01	  -1.2041552176476444e-01	  -2.1432614050702070e-01	   1.9137996223594750e-01	   2.1629965006318444e-01	   5.4895758285973861e-01	   4.4262410519859763e-01	   2.7126473944519591e-01	   3.1245963333072374e-01	  -3.3700426256823707e-01	  -4.6875020140274115e-01	  -2.6492687474014798e-01	  -3.9968178160547946e-01	  -1.7906527173981079e-01	  -2.9082123759468470e-01	  -2.8253112651515178e-01	  -3.1621246943445741e-01	  -2.5483427829203642e-01	  -2.5764872503642799e-01	  -1.4403596524850348e-01	  -1.5063773554795779e-01	   4.1548453229759430e-01	   5.1126414602794212e-01	   3.6845837342420801e-01	   2.7781479398813291e-01	   5.0664419490829438e-01	   5.0389944480717541e-01	   6.6603201382251431e-01	   5.7020312357350811e-01	   1.9392289088998468e-01	   3.4551758410418820e-01	   1.6099065852634206e-01	   3.3410458799920717e-01	   2.1547712038977207e-01	   4.1316897974207084e-01	   5.4534038707196395e-03	  -3.5367658432272964e-02	   5.4435674666756577e-02	  -2.0974737270797406e-02	   1.4849556032452826e-01	   2.8311231936559789e-01	   7.0529919430815047e-02	   3.0776257233568910e-01	  -3.6676713594781515e-02	  -1.1827058102824291e-01	   2.0485243871073561e-01	   1.7286136739162761e-01	   3.7147532247914444e-01	  -1.3638168786227922e-01	  -1.2581431523463840e-01	  -1.5929510814807601e-01	   8.9204853217542179e-02	  -3.3876240838408539e-02	  -6.7124796013583565e-02	   5.0357129100109137e-02	
   2.8958948906281479e-01	   1.5211251860097827e-01	   6.1267603208791976e-01	   6.4477070439963524e-01	   8.6254852618769340e-01	   0.0000000000000000e+00	   5.4957319483704414e-01	   7.3339267810728326e-01	   7.3834742728829972e-01	   1.0880071784672463e+00	   2.3533863175114678e-01	   3.1366052574091280e-01	   3.7723488751242273e-01	   7.3984089817156695e-01	   7.3086487396353816e-01	   1.0253463628676844e+00	  -1.6110422642118524e-01	  -3.1366736835111475e-01	   4.1270732891516249e-01	   1.8038674173450153e-01	   2.5902657557862913e-01	   3.3593201934868211e-01	   3.7748892046054316e-01	   4.7407423365092416e-01	   2.9664912786674386e-01	   4.5071777571545552e-01	   5.3514721828093470e-01	   7.3005774669254531e-01	   6.4833224656797736e-02	   8.7041946660647462e-02	   7.7401348434239015e-02	   6.5427793076711191e-02	  -4.8172650299375196e-02	  -1.0035036967379019e-01	  -3.5444405349716823e-01	  -4.3352333001610244e-01	  -6.3097158568887465e-02	   3.1583754155418510e-02	   2.8340657204023068e-01	   2.4605989086271607e-01	   1.8255022112315211e-01	   2.2295618714037724e-01	   2.1695768838094323e-01	   2.2852626614483415e-01	   4.2956785571963280e-01	   4.5073348829357912e-01	   5.1647460861764229e-02	   1.7230316465517696e-02	   6.1257731821441452e-01	   6.8208610236866418e-01	   4.6771391278108115e-01	   6.0454272297723799e-01	   4.3733054845856906e-01	   3.4444612838228728e-01	   4.4166058879722658e-01	   3.6947052715677875e-01	  -3.1038097822876898e-03	   8.4659197534093927e-03	   5.6749161843658946e-01	   7.4145108738524346e-01	   2.4255448670259161e-01	   4.9370924400074900e-01	  -3.8979406794809913e-02	  -1.7177632219273747e-01	   1.0026304665879955e-03	   3.8936139008572479e-01	   2.7650812616539044e-01	   3.1206293594388096e-01	   1.8293374084064851e-01	   2.7666145526552055e-01	  -2.0316481158560695e-01	  -2.8466115412753895e-01	  -1.4259372433139741e-01	  -2.1653943424309413e-01	  -1.2903155663633642e-01	  -1.8844318379273656e-01	  -3.4608836221571593e-01	  -3.1238066935555936e-01	  -1.1829100232361743e-01	  -1.8977476294224460e-01	  -2.1723800443639307e-02	  -1.4983396975342747e-02	   5.0955006220313070e-01	   6.7823740530829513e-01	   3.3593223330393429e-01	   3.7229664082369957e-01	   7.3732170177656742e-01	   6.0194848252813071e-01	   7.1742457291305306e-01	   6.2102986112589154e-01	   3.5436967405838471e-01	   3.4095619489558310e-01	   4.3104448481911084e-01	   2.2281851553663939e-01	   3.0963708298097797e-01	   4.1814288095599877e-01	   6.8135393797277163e-02	   3.1600355256141063e-02	   2.1768898900305761e-01	   8.4651810375913517e-02	   3.5112266916455570e-01	   1.8348554845393733e-01	   2.0375373350943135e-01	   2.4826570457776342e-01	   7.0148688397110692e-02	  -2.0285536483735833e-01	   3.6872455479550276e-01	   2.6020314873591865e-01	   3.7963775182150372e-01	  -9.3761939947900233e-02	  -1.4730434734102246e-01	   3.0974983363103913e-02	   1.2579904539088121e-01	  -6.7619844695778572e-02	  -2.5844240882899879e-02	   1.3611068990024261e-01	
   3.6951193918610059e-01	   7.2621324686023211e-02	   1.1292751229398010e+00	   4.1927466706952210e-01	   5.3188584786917126e-01	   5.4957319483704414e-01	   0.0000000000000000e+00	   8.3053351762899674e-01	   5.1477701785598817e-01	   4.5422491319452712e-01	   7.6520678175078927e-01	   2.5304131737971669e-01	   9.3146907023755232e-01	   4.3996231086963128e-01	   4.9882083523656201e-01	   3.5103276788020177e-01	  -1.1011410141318149e-01	  -1.0898918593498218e-01	   3.7420659444161219e-01	   1.7296108268673907e-01	  -1.0506429145636452e-02	   5.5737883132753782e-02	   7.7416222377615951e-01	   3.5003794974433955e-01	   2.5724743501108754e-01	   1.5707919865943856e-01	   1.8984798516353088e-01	   1.4145282937914472e-01	   4.2570295287607890e-02	   7.0251641069908846e-02	   2.3926111974841191e-01	   2.7278168559308352e-01	   4.3690707718170962e-01	   3.7463333497012763e-01	   7.9695186939949716e-02	  -3.8473805763044384e-02	  -6.0497401120886071e-02	  -6.6316895110071841e-02	   2.1475228581420611e-01	   1.2971124224564531e-01	   1.4863733308717397e-01	   1.6323756704097225e-01	   3.6296735247270118e-01	   3.8585131247113341e-01	   2.6008617186007049e-01	   4.0531964433252410e-01	   1.9839483657457119e-01	   2.2565018658627051e-01	   4.2913740535300526e-01	   4.2171565114821091e-01	   5.7709522226001597e-01	   3.4057102384763321e-01	   1.3040542011883824e-01	   2.4973797656165891e-01	   3.7839940032838554e-01	   3.7318709166127817e-01	  -1.0774249527681803e-01	   2.5929510477967821e-02	   9.7148266222646384e-01	   4.2310417409544709e-01	   9.7259130496569690e-01	   5.9965606773044100e-01	   1.9669311134416195e-01	   1.0186629123844780e-01	   4.7152079652865048e-01	   3.8436523374377962e-01	   5.1018414796126010e-01	   3.2570601799955595e-01	   9.8914626217633764e-02	   2.5138932949839010e-01	  -2.2126680309551733e-04	  -1.0612706378210213e-01	   1.3518952949455976e-01	   5.8889776131680290e-02	   2.3521082194745258e-01	   2.0516053743511883e-01	  -1.1265355076593773e-01	  -2.1590984993756240e-01	  -2.3189251435233335e-01	  -3.3670802101165025e-03	  -5.9440829262784857e-02	   9.9089038455000167e-02	   4.8186549325036165e-01	   4.6168571952620591e-01	   5.3071231836384147e-01	   2.5164488246944905e-01	   3.4732535796014913e-01	   3.3490153937828737e-01	   6.0612929428440965e-01	   3.6149425505392146e-01	   1.8547322985384290e-01	   5.3510243430763094e-01	   1.3830287421671167e-01	   4.2099394783605093e-01	   3.9476785677651127e-01	   2.2009009543258332e-01	   1.5480336182268911e-01	   1.4155446762591006e-01	   1.6585641719095989e-01	   2.8970293711386308e-01	   2.9777853685364308e-01	   4.1098523818527710e-01	   1.0577800880018608e-01	   2.5870725654966531e-01	  -4.0333943027274909e-02	  -3.6674794291090142e-02	   6.7713942927515708e-04	   1.5865838186064657e-01	   1.4581516786443871e-01	   5.3999293967798526e-02	   8.3505627685490552e-02	   9.9382936226352789e-02	   1.4729341477406935e-01	  -5.8600995660943759e-03	   8.9447478902653782e-02	   2.7341803938060449e-01	
   5.9727276373139138e-01	   4.8399629133191291e-01	   5.1757555691023438e-01	   7.6848469654910989e-01	   3.2019670577638365e-01	   7.3339267810728326e-01	   8.3053351762899674e-01	   0.0000000000000000e+00	   2.6721210713258292e-01	   3.8844599637543947e-01	   4.9837383583260308e-01	   8.0076291793250232e-01	   7.4003816156803515e-01	   9.1789609639917757e-01	   3.9679747459064785e-01	   3.8847957819949935e-01	  -2.0259678643686344e-03	  -3.0358322854578327e-03	   4.2613947127970520e-01	   3.0598836397110046e-01	   1.4848392508734046e-01	   2.2295587253352214e-01	   5.3800554300823911e-01	   6.1961464035621872e-01	   1.2574354487299624e-01	   2.0481271936181142e-01	   2.5606164719381913e-01	   3.5408846991903453e-01	   3.0522375474191801e-02	   9.2836596403186214e-02	   3.2858461735238355e-02	   1.5896621685179674e-01	   1.4803900908746997e-01	   1.4781783759353359e-01	  -8.5986121035853014e-02	  -1.2652490623454943e-01	   4.7324430817424414e-02	   1.4794596721432116e-01	   3.2761180670372481e-01	   3.1366063277141620e-01	   1.9583036609519180e-01	   1.9245061156317744e-01	   4.1161282033071567e-01	   5.0418016196253468e-01	   3.9468358534426096e-01	   5.6868179366911709e-01	   3.4355747904973938e-01	   3.9115858462167358e-01	   5.1717587369926366e-01	   7.7135069554564195e-01	   6.0793795831221076e-01	   7.1696804317566920e-01	   4.4807491426424589e-01	   4.6752667660987113e-01	   4.6865806212622740e-01	   4.8514029205307008e-01	   7.7678385972444045e-02	   1.6286728668509101e-01	   5.3777439322320120e-01	   4.6953836714544284e-01	   5.4949141070298035e-01	   9.2618567709032151e-01	   1.1504504028879155e-01	   2.4080808717491450e-01	   2.5470180601763831e-01	   5.9812826243714456e-01	   3.0344825591503199e-01	   3.6978747248901900e-01	   2.5764065989309132e-01	   3.3910404148617401e-01	   6.4456963361976385e-02	   8.4636708591681639e-02	   1.2552533720188527e-01	   1.5163442199336633e-01	   1.1674092349374854e-01	   1.9320944188794706e-01	  -5.5560071746267203e-02	  -1.6936179377631436e-02	  -2.9575413130249742e-03	   5.2961005141739223e-02	   1.2860449526902576e-01	   2.1665603915637735e-01	   4.5026813252348158e-01	   4.3132761392343449e-01	   5.4332251171928425e-01	   6.1512754433855865e-01	   5.0357711605299027e-01	   3.9432291295577365e-01	   6.5431995171433011e-01	   5.8985490978572752e-01	   7.4467341722884706e-01	   6.0108000017396512e-01	   6.5433077032449782e-01	   3.4617903475574285e-01	   3.3674956558941688e-01	   3.3637382597199339e-01	   2.9792322676795580e-01	   2.8761620831258378e-01	   5.6344180065243810e-01	   5.4277753332841860e-01	   6.2985597703872209e-01	   3.3400535566466744e-01	   4.3704351294869281e-01	   3.3691113882842993e-01	   1.8894387978066293e-01	  -1.4348724179392475e-02	   2.1257178092824011e-01	   2.4428778791747724e-01	   1.9046990870643035e-01	   1.0876833069457012e-01	   2.1709382399827595e-01	   4.5493774014824506e-01	   2.9702030527795276e-01	   8.1690796500436327e-02	   1.3467316814831592e-01	   9.5084686870778465e-02	
  -6.8793259737098952e-03	  -1.5412961206503800e-01	   7.1013697112082752e-01	   3.8029947141675180e-01	   1.0729899168117074e+00	   7.3834742728829972e-01	   5.1477701785598817e-01	   2.6721210713258292e-01	   0.0000000000000000e+00	   1.1224393405205657e+00	   2.3631794372179832e-01	  -4.1835459184867675e-02	   3.0577179396755411e-01	   3.9728752873554091e-01	   9.2638655839538342e-01	   1.0155276135226285e+00	  -4.7743073278533904e-01	  -7.1309421284549035e-01	   2.7960124909504869e-01	   4.3122028369561874e-02	   4.7799062487046490e-02	   1.2671042193858434e-01	   3.1383813200448052e-01	   1.7393874799320164e-01	   3.1065187358308044e-01	   3.1535640707508972e-01	   3.0008481184284092e-01	   3.4294447217189905e-01	  -2.0391939488262006e-01	  -1.9755018816137321e-01	  -3.5718057324918347e-02	  -1.3377539206853289e-01	   3.1861502883424827e-03	  -6.3746247522598831e-02	  -1.4938076174626791e-01	  -2.2155789169912421e-01	  -2.9370206402727128e-01	  -2.6440036822383683e-01	  -7.4926231284343295e-03	  -1.0959498091091366e-01	   6.0115958812856475e-03	  -6.9856959499554937e-03	  -9.6519396825396189e-02	  -1.4494343381083974e-01	   5.9761919309936316e-02	   1.6753640138947043e-01	  -2.7943496429888082e-01	  -3.6836690266505034e-01	   2.5203566896798801e-01	   2.5931540281121102e-01	   1.6022567075016256e-01	   1.3011105360899089e-01	  -2.5211592697354516e-02	   7.3015111395849222e-02	   1.2482188299507270e-01	  -1.7494585263842604e-02	  -2.0659311340299349e-01	  -5.4643004676931964e-02	   7.2882974990987204e-01	   6.2588085866643184e-01	   3.7888924005300773e-01	   3.3685818832096143e-01	  -2.7115930653460568e-01	  -4.5687092356846709e-01	   1.0826475751643840e-01	   2.8267744364980690e-01	   2.3633315394235807e-01	   1.6908415502609406e-01	   3.6803269661334514e-02	   1.0865018877072043e-01	  -4.0012030709633051e-01	  -5.6454603788441804e-01	  -2.9514440009406029e-01	  -4.9924561571149789e-01	  -1.1526565320488900e-01	  -3.1282011495686546e-01	  -6.1214801802932162e-01	  -5.0019118880100777e-01	  -5.0556818597114961e-01	  -4.4851501510238651e-01	  -4.0675324254445283e-01	  -3.9966848466539778e-01	   2.4188947844015884e-01	   4.8545246020924282e-01	   1.4852800354679252e-01	   5.2252848987518329e-02	   4.5768106436563327e-01	   6.1914664898011795e-01	   3.8645873282247700e-01	   2.8389466769673244e-01	  -5.7558976351370257e-02	   1.2084147936007018e-01	  -1.2274486155886971e-01	   1.0107856406921703e-01	   9.1658111545964718e-02	   1.6391590948799234e-01	  -2.2253067669109095e-01	  -2.7714796959870647e-01	  -1.4436692767997034e-01	  -2.5846288085295988e-01	  -1.6405520781430852e-01	  -5.0897401449802159e-03	  -1.8647961434131644e-01	   4.0700942450118321e-02	  -1.9319144065579777e-01	  -2.9521444304719202e-01	   2.4311008149068133e-01	   7.2890605055814933e-02	   3.1297746675606597e-01	  -3.5506516020664675e-01	  -4.0931543346921295e-01	  -4.1058774956471505e-01	  -1.6096633709857927e-01	  -3.0486018269576565e-01	  -1.8348341142430383e-01	   1.8273574802618711e-01	
   1.4052182879493265e-02	  -1.8446940513748120e-01	   4.5619637080788877e-01	   2.7718854488986616e-01	   7.8532567247040130e-01	   1.0880071784672463e+00	   4.5422491319452712e-01	   3.8844599637543947e-01	   1.1224393405205657e+00	   0.0000000000000000e+00	   2.6207558679279652e-01	   9.0579881157184766e-02	   3.4828663782321528e-01	   5.8164117111315361e-01	   7.7314170591075926e-01	   1.2697887322097026e+00	  -4.7790685214153822e-01	  -6.4593837533153675e-01	   8.1762402355247926e-02	  -1.5236262297786857e-01	  -9.0198293804267873e-03	   9.8425651791642380e-02	   1.7379958084712513e-01	   7.5617790833228213e-02	   1.5943925501636638e-01	   2.0686640579475646e-01	   2.3964893061649245e-01	   3.4889560956119448e-01	  -8.2813148274078888e-02	  -4.0273215566762749e-02	  -3.5392710243493601e-02	  -1.1093013098950202e-01	  -1.8660402219048780e-01	  -2.4278547235836606e-01	  -3.9529060310153685e-01	  -4.2318308507032576e-01	  -2.4768015981026459e-01	  -2.1074708967246752e-01	   3.8000376211479253e-02	  -1.0588862861577245e-01	  -7.3731997973166680e-02	  -7.5798857475590314e-02	  -1.1154784926964029e-01	  -1.8399869480042974e-01	   9.8005803221323948e-02	   1.5947602812279177e-01	  -2.6101736636181327e-01	  -3.8336712565860614e-01	   3.4789184406580637e-01	   3.4849201325601037e-01	   1.6250899774518859e-01	   2.0468267158977657e-01	   3.6831111586884883e-03	  -3.3129177738819224e-02	   7.3551690485861312e-02	  -2.7586422109820936e-02	  -2.8333775080440127e-01	  -1.3546043999942639e-01	   6.5290170698041949e-01	   7.9289163924999984e-01	   3.1726871596886697e-01	   3.5959973669347567e-01	  -2.6979676163810329e-01	  -4.9957044449510402e-01	   1.6587969816070403e-02	   2.4627556196671851e-01	   1.2475288925294786e-01	   7.9478747374175165e-02	  -9.2122670508617707e-02	   1.4364181795756138e-02	  -3.4401465049278457e-01	  -4.1626122060784987e-01	  -3.3666422103654231e-01	  -4.2796849065979886e-01	  -1.9301715582387341e-01	  -3.2766529331325267e-01	  -5.8923943952307745e-01	  -4.5064575057912187e-01	  -4.3734827821577710e-01	  -4.4847417065257394e-01	  -3.6039675122311249e-01	  -3.7240245829884988e-01	   1.6467716560652657e-01	   5.3662743584535977e-01	   8.0936598448566835e-02	   1.5472128430691035e-02	   4.6885235335247022e-01	   6.8827525224098018e-01	   3.6545839433589350e-01	   2.8373915831349400e-01	  -5.5301922988320706e-02	   6.4851161584215146e-03	  -6.3993563098850487e-02	  -5.4704764713966757e-02	   7.3332631364874223e-02	   9.4001412927288169e-02	  -2.6848590131238470e-01	  -3.4772731379882921e-01	  -1.7881859645311626e-01	  -3.0924627567549717e-01	  -9.6214644430477614e-02	  -1.6859177218543195e-01	  -1.7824747916887604e-01	  -1.2842575132162240e-01	  -2.2224337287095050e-01	  -4.4661111312042201e-01	   3.2504392281236172e-01	   1.2517463675072679e-01	   2.7814821870150902e-01	  -3.4027558508120742e-01	  -4.5666292886514703e-01	  -3.2779608640680102e-01	  -1.7825436869483413e-01	  -4.0496739258482650e-01	  -2.9958365326305825e-01	   2.1515032742046050e-02	
   4.0313664880432382e-01	   9.9904694008902423e-02	   3.9054346263579587e-01	   8.9364926082208265e-02	   8.7994737923307739e-02	   2.3533863175114678e-01	   7.6520678175078927e-01	   4.9837383583260308e-01	   2.3631794372179832e-01	   2.6207558679279652e-01	   0.0000000000000000e+00	   4.9347545615077359e-01	   1.3752727449570346e+00	   5.7980323576408854e-01	   2.3435254813475465e-01	   6.3125439852166745e-02	   4.2060740117680309e-02	  -2.4001007941949180e-02	   2.0894603114165849e-01	   8.4551472260262051e-02	  -2.4916100840998337e-01	  -1.6048174140593288e-01	   5.8996718418583483e-01	   1.8267021817804255e-01	  -5.1197626004823436e-02	  -4.7973712318442815e-02	  -1.4397530423773020e-01	  -1.8027172042918646e-01	   1.3558557407560562e-01	   8.1126010936971554e-02	   8.7958230474647278e-02	   2.3156693929173083e-01	   3.9482731423774281e-01	   3.8162434319082789e-01	   5.8823646813675419e-02	  -2.0655869365436872e-02	  -1.9635236406039719e-01	  -3.2278146273109576e-01	  -2.2172526967643416e-01	  -3.1382063220103407e-01	  -1.5795305606376087e-01	  -1.9874296510630568e-01	   2.1422522291979504e-01	   2.7342722928948571e-01	   3.9273024366415256e-02	   1.7944648949993333e-01	   1.2498836344725434e-01	   1.4730447665740562e-01	   2.5144210465656153e-01	   2.5192070550254536e-01	   3.3172670554514000e-01	   2.0514473798863736e-01	   9.3254318973784917e-02	   8.7758635682942010e-02	  -5.1065696173036433e-02	  -1.0100650654861210e-02	  -5.3573221547377654e-02	   6.6645831067656161e-02	   7.2569990959319597e-01	   2.0180873117748563e-01	   1.0439742769077198e+00	   4.2194908608580106e-01	   3.1208212900045479e-01	   1.4291702030100017e-01	   3.3108895599832239e-01	   2.1780265814685798e-01	   2.5129134996802516e-01	   8.4510197432162329e-02	   1.3135245482572894e-01	   2.1587396857087487e-01	   8.6816001410421229e-02	  -2.4789047868679963e-02	   3.2836277261406766e-01	   8.7436159153717177e-02	   4.4838807074611614e-01	   1.8757222814657859e-01	   7.0394356055388622e-03	  -2.0429229834393783e-01	  -1.5184364309677337e-01	   3.7252716285174257e-02	  -4.4599571760894803e-02	  -1.5036323283667099e-03	   2.0043930469293821e-02	   1.8500778787724943e-03	   4.4176189343356398e-01	   5.9428755331082508e-02	  -6.8894824799048848e-02	  -1.6212591239302378e-02	   1.5586995426591216e-01	  -3.1077928811564553e-02	  -1.7485752240383980e-02	   2.8345022278849152e-01	  -1.1387080985606755e-01	   1.7395145051522198e-01	   6.0664164374672994e-02	  -1.5490300681948058e-01	  -8.2030159732384103e-02	  -1.0143878749382942e-01	  -1.0623517642674857e-02	   1.3214935065934558e-01	   5.2329858026475135e-02	   1.2043678643361991e-01	  -2.6443781115983922e-01	  -1.1684302273819377e-01	  -2.6520689374188472e-01	  -1.9769208533767013e-01	  -2.8062868310099215e-01	  -2.3436285263874485e-01	   5.8096304223391078e-02	  -3.1891714416932130e-03	  -6.5679690239188293e-02	   6.7517978451184846e-02	  -8.8922141975145544e-02	  -2.0435679218170960e-01	  -4.9555607917590491e-02	   1.8791075492951881e-01	
   5.2735234186343649e-01	   7.3301399866850425e-01	  -1.0142209995454458e-02	   2.6683968018439858e-01	  -1.0392151158127831e-02	   3.1366052574091280e-01	   2.5304131737971669e-01	   8.0076291793250232e-01	  -4.1835459184867675e-02	   9.0579881157184766e-02	   4.9347545615077359e-01	   0.0000000000000000e+00	   6.2179009150813869e-01	   9.3415865298203893e-01	   9.3722882245389508e-02	   1.5152817375497871e-01	   3.1333031825682239e-01	   3.1213910245886012e-01	   2.6032560311065311e-01	   3.4735182167833550e-01	  -1.1497887802293502e-01	  -1.1595018917906262e-01	   2.1571028218234067e-01	   3.7547231429166861e-01	  -2.9770944454956100e-01	  -8.3451070392059096e-02	  -1.5919294882600396e-01	  -5.4145096099439634e-02	   3.7433128278336886e-01	   3.9344813268891959e-01	   2.3843128742033731e-02	   2.1105087574352124e-01	   2.3867383765115840e-01	   3.1441630372264318e-01	  -1.8606487747005604e-01	  -2.9799851427557073e-01	   5.5841805006827512e-02	   1.6369235472522647e-01	   2.6850044604453189e-02	   6.3721427164236052e-02	   1.2984965196688658e-01	   2.1550576177850050e-01	   2.3538850368549913e-01	   3.3313646519303364e-01	   2.4227366261063318e-01	   2.5195344547346910e-01	   2.5516415581240048e-01	   2.5578340769726921e-01	   2.8705291545621164e-01	   4.8385545029075222e-01	   2.5406735601812447e-01	   4.4985546195429915e-01	   4.3284037041806483e-01	   2.2162079783114652e-01	   1.6480960519058074e-01	   2.4083629692998976e-01	   1.9831174946332081e-01	   3.3492376143911678e-01	   1.4917162582475332e-01	   1.9499047185754254e-01	   3.4445738668824466e-01	   5.1556233113234351e-01	   3.3433140143890355e-01	   5.3430249691230047e-01	  -1.8198680058574901e-01	   1.2803171593917131e-01	   1.2977076271662185e-02	   9.7861511999367073e-02	   2.1995378921793562e-01	   1.9379577520290053e-01	   1.0469097353131651e-01	   1.3153433403069142e-01	   3.9764302915906347e-01	   4.0076161521434966e-01	   2.3814387096786341e-01	   3.8786835784072071e-01	   7.2648048183824102e-02	   2.3950405903581395e-02	   2.6876990157680691e-01	   2.9732857522610145e-01	   3.6175209082236265e-01	   3.4998609700416322e-01	   2.4525505631963965e-01	   2.4116172780132575e-01	   2.2766598552031114e-01	   3.9781947990654765e-01	   1.9273095537066115e-01	   9.4960474269651124e-02	   2.4904660664712716e-01	   2.4590695740776758e-01	   5.3349515893430477e-01	   2.6512567900644701e-01	   4.6988813887253478e-01	   7.4786601353813070e-02	   2.8973805766641847e-01	   2.9408613728005928e-01	   2.5592266339176123e-01	   2.2254683971769795e-01	   4.8975079249459141e-01	   4.3029321474850513e-01	   4.8234136740023392e-01	   8.4215075639447648e-02	   3.6419346054535179e-01	   1.3405639781123366e-01	   2.4160670808303805e-01	   2.4307995399219035e-02	   4.5199129276253261e-02	   3.3851115883565090e-02	   2.5046239294155620e-01	   1.6083712102629691e-01	   1.0174008557826289e-01	   5.6910903898355880e-01	   3.9678331104163111e-01	   2.5901052277861270e-01	   2.9430787133872965e-01	   8.3808074988934639e-02	
   3.9820457271620441e-01	   1.7608201057634487e-01	   4.1745671297239284e-01	   1.4231179134666405e-01	   1.4997211599460300e-01	   3.7723488751242273e-01	   9.3146907023755232e-01	   7.4003816156803515e-01	   3.0577179396755411e-01	   3.4828663782321528e-01	   1.3752727449570346e+00	   6.2179009150813869e-01	   0.0000000000000000e+00	   7.3283831042766479e-01	   3.4482416611445926e-01	   2.2285615820327542e-01	  -1.5258466324754459e-02	  -7.3735162741850754e-02	   2.1521652686651688e-01	   9.9931029520311604e-02	  -2.3799087850265838e-01	  -1.2661458297590125e-01	   4.7274699234137263e-01	   2.1915070882486673e-01	  -6.6850787567463391e-02	  -4.2576077385458724e-02	  -1.2545669750269120e-01	  -9.6983947588264369e-02	   1.6933415110932826e-01	   1.3391348394688410e-01	   8.4576613596806113e-02	   1.9863855136915626e-01	   3.4379505860759701e-01	   3.5812852720365679e-01	  -7.9068339985726391e-02	  -1.5250187298729417e-01	  -1.5892555190851695e-01	  -2.2015253041059468e-01	  -8.1591950540329250e-02	  -1.6464743183839287e-01	  -6.6192761030688066e-02	  -1.0546517794884054e-01	   2.5376836413288389e-01	   3.1798893508693377e-01	   1.8978058076087956e-01	   2.8072265497262311e-01	   9.1523555865990702e-02	   1.3440557724512758e-01	   3.8853934866213152e-01	   4.0045069934573868e-01	   4.4468520328517058e-01	   3.1930917911156564e-01	   1.6079798456220740e-01	   1.1592645710468595e-01	   4.9802572873653785e-02	   1.0281985348886095e-01	  -1.1454756597639729e-01	   6.1643040272152408e-02	   7.5908748931286207e-01	   2.9600090772065035e-01	   1.0309432104794352e+00	   5.2253475621184853e-01	   3.0118444309527270e-01	   1.7055243145256541e-01	   1.9396892309302560e-01	   2.4696486087811736e-01	   2.6544742775480779e-01	   1.3916581553879476e-01	   9.2873036724675534e-02	   1.9701162126191701e-01	  -5.4147925594322202e-02	  -1.2107295040384124e-01	   2.3893236790141328e-01	   5.9300846518506027e-02	   2.6836285461945192e-01	   1.5105654371732119e-01	  -1.6451130118274662e-01	  -2.9684085242909364e-01	  -1.9884438753244735e-01	  -3.7146914997261610e-02	  -6.5867727743228882e-03	   7.3841364364961776e-02	   2.0248870007960329e-01	   2.2630594357151551e-01	   4.1657441059114808e-01	   1.8448674004863644e-01	   1.2676771907048734e-01	   1.4728306884757936e-01	   2.7683498624340114e-01	   9.7117616438733206e-02	   5.4620837308346978e-02	   3.2807434443525235e-01	  -2.5730122627102673e-02	   1.5141120734845465e-01	   1.0227614991762025e-01	  -2.7081300957950494e-03	  -9.0311785223276250e-02	  -6.5813811439364434e-02	   5.5622443943493242e-02	   1.8262222125553665e-01	   1.0910307371847321e-01	   1.2752455298286333e-01	  -1.2836650773353392e-01	  -2.8191217031533568e-02	  -2.0431897091200735e-01	  -2.5975989292241064e-01	  -1.1661612830127568e-01	  -8.8825716344503078e-02	   1.4881676117410028e-01	  -9.7687682587732805e-02	  -5.4437433250133845e-02	   1.1922981291357854e-01	  -9.2202690591540362e-02	  -2.1639934308396305e-01	  -1.0459617499269182e-01	   2.5565808093221332e-01	
