   0.0000000000000000e+00	   1.1593996507035635e+00	   8.5340120375722595e-01	   9.2683747947829187e-01	   3.6476772421061940e-02	  -2.4007167622087208e-02	   9.4700438711875179e-01	   7.0412604693790981e-01	   1.3667809597032474e-01	   6.7210056072885618e-02	   9.2567656625166794e-01	   8.4739211127126812e-01	   8.2172439656445007e-01	   7.0298275786826869e-01	   3.1820813687059896e-01	   4.0524830361520464e-01	   4.8552667625949864e-01	   9.8142109136731803e-01	   1.2999221134917436e+00	   1.1149427929677076e+00	   2.7783172038404697e-01	   1.7108412426032646e-01	   4.3519041223578103e-01	   5.1390090143947642e-01	  -7.8230505784406795e-02	   1.9398345577302792e-03	   6.6819208064243102e-02	   9.7942043613821583e-02	   3.3866617876563515e-01	   5.1299299688275113e-01	   5.3965741677004098e-01	   5.7322514870756003e-01	   4.2192288189532190e-01	   3.3214100602456137e-01	   1.5391424678970667e-01	   1.5131861834896609e-01	  -2.0438202729552835e-01	   2.0220220307842460e-02	   1.9141390611459688e-01	   3.4882081861917841e-01	   6.1017539424052109e-02	   4.4002484659351621e-01	   6.2196677727108274e-01	   5.6855556765402571e-01	   6.1250534779420274e-01	   6.3317884373525124e-01	   5.8851660526238547e-01	   7.0576763797398934e-01	   6.8825455836710669e-01	   5.0899342386991209e-01	   6.4568466065347152e-01	   6.6076555458233699e-01	   6.3090268020238482e-01	   8.2279246987859400e-01	   6.0843978072430138e-01	   6.8319804488164571e-01	   1.2134296982276658e+00	   6.9430785975985587e-01	   1.5115698830127469e-01	  -1.9823000441937966e-02	   7.3543705527656256e-01	   2.5265257940851904e-01	   9.3332753249139699e-01	   9.1591438052406937e-01	   4.2312266017373396e-01	   1.4277846696666821e-01	   1.6550287034801553e-01	   1.0813637505141231e-01	   6.0918013171612184e-01	   3.9907669201726659e-01	   5.4899524572117075e-01	   2.7990415611534969e-01	   5.8623515931031078e-01	   5.1909570849579767e-01	   5.4458055110465287e-01	   7.8633197847347036e-01	   3.5972019095546531e-01	   2.3963245970261868e-01	   2.2158394745743606e-01	   9.5236592877915804e-01	   6.8743868634786220e-01	   1.1463910058667623e+00	   3.7847166780267744e-01	   3.7567138240743492e-01	   7.2581105243329391e-01	   7.4291457804198480e-01	  -7.8362382575060618e-02	   2.9250228879600620e-01	   4.8479639567416277e-01	   6.6018848967209331e-01	   4.8713933734065357e-01	   5.2901927538294791e-01	   5.8078066471773127e-01	   6.6863789092547976e-01	   1.7312057625302008e-01	   1.7870411328705726e-01	   1.4148803459970902e-01	   2.0043026902173341e-01	   5.4974092058750135e-01	   4.5309950671732985e-01	   5.1821754752965177e-01	   6.6432710691621766e-01	   2.6611735414181914e-01	   2.0294207085459268e-01	  -2.4418550695707225e-01	  -1.5248655714276141e-01	  -1.2560256980361334e-01	   2.0328170395720843e-01	   1.0468526513583402e-01	   5.8216981495991416e-02	   4.1358544994467000e-01	   3.5225757891502324e-01	   2.6380594780449940e-01	   1.2101931813953593e-01	   3.1755646584213804e-01	   3.5140607514028055e-01	
   1.1593996507035635e+00	   0.0000000000000000e+00	   9.9829664606599922e-01	   1.2201604863018403e+00	   1.7270868256410948e-01	   1.1371716760965658e-01	   9.7508145566224735e-01	   8.6110812996355490e-01	   2.7410430809547065e-01	   2.0459649958459952e-01	   7.4867233575125247e-01	   7.0217260452973551e-01	   7.4399625789455415e-01	   6.4126052633885078e-01	   5.4184096984356178e-01	   6.1317879885861648e-01	   2.7503890925934971e-01	   8.0832580152076594e-01	   1.3843518394841963e+00	   1.5669071852762955e+00	   4.2066034988454032e-01	   2.2606552955477957e-01	   6.7108092861948287e-01	   6.9447860393267136e-01	   1.3045030037633915e-01	   1.8941100901557156e-01	   2.3819716606083546e-01	   2.2908981112150753e-01	   2.4260307490145711e-01	   4.8688412917552548e-01	   6.5109700738655774e-01	   6.0763757827939702e-01	   5.2381136605257894e-01	   4.8319483148730469e-01	   2.8229981757930106e-01	   2.5990316254851681e-01	  -2.4188839208483807e-02	   1.8400754962027827e-01	   4.9993469183357475e-01	   5.4477978089899914e-01	   2.4686875744411921e-01	   6.0192918799751072e-01	   9.3735131410790873e-01	   5.4994933693616965e-01	   7.8119640970809123e-01	   6.8461540290105638e-01	   6.8769310964417696e-01	   8.1871320405689596e-01	   7.9042627862804593e-01	   5.6837188897038615e-01	   8.1781641022805518e-01	   7.4384226373206441e-01	   9.7119408439741906e-01	   9.7580143874840020e-01	   9.4340664536595087e-01	   8.9113905365388202e-01	   1.0598185662446247e+00	   1.0414711323483004e+00	   4.7035248885913117e-01	   3.0762940801045352e-01	   9.1011102876204109e-01	   3.6876457690203651e-01	   9.2791387572912765e-01	   8.2711192036277958e-01	   6.8274286637972037e-01	   3.8739785209425126e-01	   4.6431691877811654e-01	   3.9425814415492899e-01	   1.0582182775953299e+00	   8.4861696314227320e-01	   5.9360812308432931e-01	   2.6364493648056825e-01	   5.8463701840409055e-01	   5.3651436822161269e-01	   6.1814391123033563e-01	   7.7891754087170062e-01	   4.9424348709577065e-01	   3.9571847217723205e-01	   6.0142418942452855e-02	   7.6883325129644864e-01	   7.6211570511979332e-01	   1.0006389235350301e+00	   6.7002627160011397e-01	   6.3132513037481797e-01	   1.0378286106551264e+00	   8.7198915138103750e-01	   9.4896561856093867e-02	   5.5534185389817492e-01	   7.9238178707314122e-01	   9.3228902863042906e-01	   6.8955916764671943e-01	   5.8435573601654145e-01	   9.1267629723466515e-01	   9.0951203855697604e-01	   3.4438924636595127e-02	   3.9208722212218869e-02	   1.1749730593554784e-01	   6.4904695008921362e-02	   7.3042940552139157e-01	   3.3549571849330567e-01	   7.9451268899472594e-01	   7.3231813339337393e-01	   4.4114373121151340e-01	   2.4265841412286623e-01	  -1.6444121842876311e-01	   6.2942456906881689e-02	  -3.8780950983266851e-03	   1.9891078661438499e-01	  -5.5436072227803827e-02	  -1.3240802118165312e-01	   3.9225027207708574e-01	   4.3859897115984658e-01	   4.7553184317222819e-01	   2.4648667944778123e-02	   3.9553410556838026e-01	   2.6686394849918771e-01	
   8.5340120375722595e-01	   9.9829664606599922e-01	   0.0000000000000000e+00	   1.4486220343553067e+00	   5.3252147384095316e-01	   3.9919266101651640e-01	   1.5746271423347240e+00	   1.2102751263498965e+00	   6.1162741214388827e-01	   4.7827091578666081e-01	   8.3897774660070223e-01	   8.3526603229991458e-01	   1.1825336625727838e+00	   7.8052390771911584e-01	   8.0760372571242212e-01	   8.6445699107155249e-01	   3.9679611523856129e-01	   7.0151513927766329e-01	   9.8154699420520775e-01	   9.7234815314196266e-01	   2.0594898242877274e-01	   1.7413025717882846e-02	   1.2227230303731500e+00	   1.0945565338131182e+00	   4.1500139311742984e-01	   4.8662166179381217e-01	   3.6198083576126988e-01	   3.4810543857909942e-01	   3.6618486714827686e-01	   5.1603373002297703e-01	   8.4893891809249267e-01	   8.0614002966821330e-01	   3.0656335343551733e-01	   3.6165536879761123e-01	   4.2408898316234850e-01	   3.1939938777904936e-01	   9.9977253254176821e-02	   2.3672379309820379e-01	   3.8589941155445245e-01	   4.3649074080675998e-01	   1.8226416472092893e-01	   4.9352142226674522e-01	   7.0718885678982157e-01	   6.4683455467882334e-01	   6.4653873674743800e-01	   6.1260761542208919e-01	   6.8938127297567253e-01	   6.6499160423503945e-01	   6.8585434992816918e-01	   5.9533377902158491e-01	   9.3874185543742161e-01	   8.8917717984879974e-01	   8.9854121021306588e-01	   9.0132705276049252e-01	   9.4432005161586774e-01	   6.9157600233488370e-01	   8.1521859068275626e-01	   7.4830110047135778e-01	   4.1626426707737829e-01	   1.2352149522856501e-01	   1.1396207576083246e+00	   5.7648590503875430e-01	   8.2835289242807952e-01	   9.8550595455768109e-01	   9.4896923329006899e-01	   5.9260508193798755e-01	   4.7750347339749671e-01	   3.7726809878840345e-01	   7.0762250187168396e-01	   5.6286331474491469e-01	   5.7855764687153921e-01	   2.6759145826539882e-01	   7.9834770787312870e-01	   7.5988197093469068e-01	   1.0141665193228857e+00	   9.0582896731760632e-01	   3.8091575517176590e-01	   3.8935318280894271e-01	   7.6623952597917253e-02	   9.0697592008800076e-01	   5.0757498594780714e-01	   8.8617473681317349e-01	   6.4279933651238319e-01	   5.4880168136326790e-01	   1.0550550265064120e+00	   8.7561083560313790e-01	   2.1213038092388325e-01	   5.7754454344072115e-01	   8.0599138063688203e-01	   7.8232190444723182e-01	   6.4917482525728631e-01	   4.0062204413385516e-01	   7.3976033780853834e-01	   8.2886894897008057e-01	   8.0485833475153756e-02	   1.1296112078171304e-01	   2.4711933615428683e-01	   1.6978925275972984e-01	   7.8381339626072000e-01	   2.1375869553865157e-01	   8.6758382098627340e-01	   8.3390123248409687e-01	   5.4021007917716524e-01	   3.7419161232334547e-01	  -4.3205585578011341e-01	  -2.9687887245787442e-01	   8.9123421117929508e-02	   2.3576365082845790e-01	   1.4959756334889209e-03	   4.0911175672357893e-02	   4.9163044647877185e-01	   4.5167230358443189e-01	   4.5670486027820129e-01	   9.1741870409190029e-03	   1.5753440250639772e-01	   1.6913277926816783e-01	
   9.2683747947829187e-01	   1.2201604863018403e+00	   1.4486220343553067e+00	   0.0000000000000000e+00	   3.1781995439487071e-01	   3.0816186450903216e-01	   1.4236205622014444e+00	   1.6456465046306203e+00	   3.8891174006734824e-01	   4.2267292577827165e-01	   7.3795772782253743e-01	   9.3295465873848116e-01	   9.1473621036652697e-01	   9.7532868104679604e-01	   6.5103047793705870e-01	   8.2747811137320249e-01	   2.6378547061456320e-01	   7.2763545215808689e-01	   1.1022818405551273e+00	   1.2245648901626371e+00	   3.7869056815723912e-01	   1.9601207512190374e-01	   9.2029807540231878e-01	   1.1851240119501056e+00	   2.5729474233248106e-01	   4.4545095985912408e-01	   4.7750439493104779e-01	   5.2313601544837196e-01	   2.5066600841047726e-01	   5.1923366064288379e-01	   8.9840694698969303e-01	   8.5253322063908932e-01	   5.1103666873483466e-01	   5.9898090991173070e-01	   4.7987414687310964e-01	   4.5812708541343133e-01	   1.5894207527783230e-01	   1.9580365466517358e-01	   6.4409421817673929e-01	   5.6540716024765825e-01	   3.1209491098069808e-01	   5.6227263697129526e-01	   8.7285270065414078e-01	   5.9206882922739923e-01	   9.0191761328683773e-01	   7.5518842361663530e-01	   7.9186375686721377e-01	   8.9781067599116215e-01	   9.1854394995251987e-01	   6.8881474925636177e-01	   1.1661179701180531e+00	   1.0056053819940454e+00	   1.1526275633257916e+00	   1.1352761510155169e+00	   1.1371919752615174e+00	   7.7665612122742411e-01	   8.9548632842690745e-01	   9.7090784757562609e-01	   5.7568212589880274e-01	   3.0584760974934577e-01	   1.2077501848710168e+00	   7.4634967053055834e-01	   9.1487545609730836e-01	   9.6567261265768289e-01	   8.8720869631357746e-01	   7.3086161791503468e-01	   6.4323711323139643e-01	   5.6317582931688048e-01	   8.7981635210547260e-01	   7.4904494004590916e-01	   4.5416353769278628e-01	   2.3604202866837554e-01	   6.2094063959429402e-01	   6.6960221995478242e-01	   8.9850256127150963e-01	   8.2029548259010043e-01	   5.2855630310929191e-01	   5.9344715874632414e-01	   9.9735361147901443e-03	   8.0019231357455523e-01	   6.5570988461112534e-01	   9.5431761991739950e-01	   8.6518452130481283e-01	   8.2584140371164172e-01	   1.1643071733100014e+00	   1.1410432078775361e+00	   2.8323242170609475e-01	   7.5575935893282997e-01	   1.0040190339282351e+00	   1.1063259853661296e+00	   8.6066938076337340e-01	   4.5274929351477988e-01	   1.0466926419431153e+00	   7.4039058749813091e-01	  -8.3671206831272341e-02	  -3.3221689296380391e-02	   4.3590484445471367e-02	   5.2977196066436088e-03	   7.7293202335771904e-01	   2.3271487446632380e-01	   1.0249321790081840e+00	   7.5722324468474189e-01	   5.2476611723324440e-01	   3.4247556514726724e-01	  -2.6897856813054383e-01	  -1.1372610918002057e-01	   6.5880178840081682e-02	   1.6845373547114756e-01	  -1.6959983892449082e-01	  -1.5366724595820189e-01	   3.1902809449463637e-01	   3.0989493360473708e-01	   3.5325066312343639e-01	  -3.5893288842682336e-02	   2.0636348893557616e-01	   1.1048853421070504e-01	
   3.6476772421061940e-02	   1.7270868256410948e-01	   5.3252147384095316e-01	   3.1781995439487071e-01	   0.0000000000000000e+00	   8.4031635248448888e-01	   3.4667889186402523e-01	   3.4212276135186348e-01	   1.6277673299300361e+00	   8.9176144666114132e-01	   3.7975407024069645e-02	   1.6026026932185214e-01	   2.9059136478470265e-01	   1.1153501896754123e-01	   9.3284327293759794e-01	   6.2525863192199427e-01	  -7.4673830053828757e-02	  -1.1000395170683526e-01	   9.3081752819130614e-02	   1.2022104473413875e-01	  -1.9329808199500392e-01	  -3.5341374675538634e-01	   8.1630604245234395e-01	   6.3318049593109249e-01	   1.0600963498210267e+00	   7.9210872725671300e-01	   4.6972228554025963e-01	   3.3970104067039669e-01	   9.7041412673392655e-02	   1.1246447009000171e-01	   3.4300094882588467e-01	   2.3547958379756223e-01	   6.1543434595566382e-02	   2.0747310362587545e-01	   2.3082498746194066e-01	   1.6836417474561077e-01	   2.6276538891314405e-01	  -1.5826591195913120e-02	   9.3444790338387193e-02	  -1.9340614780776802e-01	   9.5646957000711449e-02	   6.5826504204751085e-02	   1.1142124173564887e-01	   5.3826038420097214e-02	   9.1237208748273860e-02	   3.8256267344528833e-02	   5.7894780692614944e-02	  -2.9166420687588679e-02	   1.7760409959777115e-01	   2.4340016347779558e-01	   2.9938173163520593e-01	   3.2773916526142755e-01	   2.9770820522983743e-01	   1.8451077967488008e-01	   1.9906874512024461e-01	  -7.7265504200655269e-02	  -1.8049194761401224e-02	   6.7928473126134120e-02	   2.3828136986848814e-01	   1.1857225489258907e-01	   2.7541007963216807e-01	   3.0867387361862941e-01	   4.1486996834674210e-02	   2.9388118372058031e-01	   4.4496856253985551e-01	   5.0606774447926051e-01	   2.2495377774659070e-01	   2.1689073297445380e-01	   1.9056213516679529e-01	   2.6052184782335014e-01	   3.7153804028345873e-02	  -1.7372746644970981e-02	   3.4082083200972318e-01	   3.9111397840155632e-01	   5.1162648155737134e-01	   4.6692583000555343e-01	   2.6697448774467506e-02	   5.5694762141479746e-02	  -2.0125538105160420e-01	   1.3235024798042466e-01	  -9.9798798620122156e-02	   2.8878860891790301e-02	   2.1575499750574417e-01	   5.0199874624035454e-02	   2.6583663393341561e-01	   2.2910407938081370e-01	   9.4681315692514673e-02	   1.9317274656207911e-01	   1.3365432206465966e-01	   7.2887833343537628e-02	   9.1088427685547049e-02	  -2.3766980640947235e-03	   1.9545512351074185e-01	   1.3468438987456655e-01	  -1.2650770706007686e-01	  -1.3621314164109621e-01	   5.2744753017560861e-02	  -1.0724633298872285e-01	   1.2656954919254379e-01	  -2.5120635275091446e-01	   2.0900576823442943e-01	   1.3812993178689215e-01	   1.0787226966241723e-01	   1.0085965804731246e-01	  -2.3332531410308971e-01	  -1.3071346040913440e-01	   2.7817998919090497e-01	   3.2251330351582386e-01	  -7.9765586625971732e-02	  -3.1037356126019024e-02	   1.2814882577419992e-01	   8.8849165155293591e-02	   1.6769606352168023e-01	  -1.6067466371189912e-01	  -8.7421966290998049e-02	  -2.4820762953614638e-02	
  -2.4007167622087208e-02	   1.1371716760965658e-01	   3.9919266101651640e-01	   3.0816186450903216e-01	   8.4031635248448888e-01	   0.0000000000000000e+00	   2.0179791087635776e-01	   2.7245091163344315e-01	   5.8345191096256099e-01	   1.1438677796776155e+00	   2.6391498846102337e-02	   1.6567683867769870e-01	   2.4446080164451633e-01	   2.1204435898483970e-01	   2.7502088143982450e-01	   6.2450097702170515e-01	   4.4340529853400291e-02	  -8.7907107784066879e-02	   6.2146901728001830e-02	   6.5896920912547646e-02	  -1.7308136300581156e-01	  -1.6632755579627756e-01	   6.6451162192916280e-01	   5.3496283186077154e-01	   1.3985645152466104e+00	   1.4560384176829810e+00	   4.4738860854893325e-01	   4.4705905919618105e-01	   9.6633634327135232e-02	   1.6570854008851471e-01	   4.7415810441010209e-01	   2.8431108315462378e-01	   6.1503936233812770e-02	   1.4719785710689409e-01	   2.2952143724130383e-01	   1.8611168959186106e-01	   9.7651254626757528e-02	   6.6518567486980609e-02	   6.5596027133657375e-03	  -1.3077667464339321e-01	  -1.4999410136850386e-01	   9.9248073420353966e-02	   2.6264166582480908e-01	   2.1661843196591712e-01	   1.6232291727780152e-01	   1.5028048648755399e-01	   3.0962575592702291e-01	   2.0992192574863597e-01	   2.4622103461929137e-01	   3.0130899270630596e-01	   4.0539731717112776e-01	   3.6948542859353195e-01	   3.6152509495140905e-01	   1.7279860736835395e-01	   1.7765375094624272e-01	  -2.9250978782355087e-02	  -2.4561065342855706e-02	   9.0938878804037865e-02	   4.0964327245467774e-01	   3.8682296371727770e-01	   2.6230786086720870e-01	   3.0226211693092714e-01	   2.0111567279740124e-02	   5.6643459899741268e-02	   2.6596250087249723e-01	   5.3313885280287032e-01	   3.7111032810847877e-01	   4.3862951078336160e-01	   2.7093997637435385e-01	   2.7498379326895439e-01	   1.8568482172250347e-01	   2.9520944599436882e-01	   2.3253980734964835e-01	   3.0439497503466767e-01	   3.1072290851515560e-01	   3.3361338576269001e-01	   4.5098299062132925e-02	   2.1914056686963446e-02	   2.3489063957346412e-03	   7.3388983712091002e-02	  -1.1110087995760368e-01	   3.6444909120732526e-02	  -4.2514635997820668e-02	  -7.9401958533088388e-02	   1.0465978822996364e-01	   2.5441226467778055e-01	   4.6780328906557762e-02	   2.6449207366524063e-01	   1.0535596071117620e-01	   2.0724197201576913e-01	   2.0003218172394432e-01	   6.5371407169523207e-02	   1.4275340754766266e-01	   6.3568205005234316e-02	   4.0345513321414339e-02	   5.0950468896734082e-02	   1.7478193242083226e-01	   2.9292004945057806e-02	   2.9003082425469306e-01	  -5.0496439538802763e-02	   9.0470133787333928e-02	   7.9627557304142504e-02	   9.8852906749732766e-02	   9.6234545077442543e-02	  -3.7063369435541241e-02	   3.1809347783492883e-02	   3.9036358274496108e-01	   2.7183623775726495e-01	   3.7025588962910159e-02	  -3.0810127566753033e-02	   1.7844181569550066e-01	   9.6159592266155752e-02	   1.8082517308441351e-01	  -2.4266078880368247e-02	   2.2223607036694473e-02	   5.4934878572514584e-02	
   9.4700438711875179e-01	   9.7508145566224735e-01	   1.5746271423347240e+00	   1.4236205622014444e+00	   3.4667889186402523e-01	   2.0179791087635776e-01	   0.0000000000000000e+00	   1.4665771152246081e+00	   4.1664934130337494e-01	   3.3124520275948133e-01	   8.4182873292749583e-01	   9.0790667961533000e-01	   1.0988021942103527e+00	   8.2016873166206361e-01	   6.2164350274129498e-01	   7.1073160321104867e-01	   3.4454258049175657e-01	   7.0645254978062555e-01	   1.1251797827193206e+00	   1.0704079144440513e+00	   2.9875728547811647e-01	   1.4092666261974474e-01	   9.1703286759131863e-01	   9.6278074228757282e-01	   1.8339774546546672e-01	   2.9472418244239024e-01	   2.7465089708910062e-01	   2.7881185501746408e-01	   3.4110316190383982e-01	   5.1439716526106338e-01	   7.2302713372136895e-01	   7.7674778204081196e-01	   4.1351328297607093e-01	   4.1390814585327995e-01	   2.7477030765740390e-01	   2.2942400610423130e-01	   5.2828194738135860e-02	   1.0245748824798458e-01	   4.3969771189065260e-01	   4.3707199636215099e-01	   1.9019588253947306e-01	   4.7408328297936031e-01	   6.8997739838024041e-01	   6.7954433235561940e-01	   8.4789439183571280e-01	   7.7779632013953304e-01	   7.4127378011339373e-01	   7.9414727390763584e-01	   8.8516662104172339e-01	   6.5577441608451581e-01	   1.0288023328170133e+00	   9.7610104107138795e-01	   8.8286862576259639e-01	   1.0121380653515308e+00	   9.5391846693951499e-01	   7.6480366328116367e-01	   9.0163172861884811e-01	   7.5847314516256192e-01	   3.4719496595135979e-01	   2.4476010643759212e-02	   1.0226626199496949e+00	   4.5435494914352204e-01	   8.3865263042984561e-01	   9.8137464125912344e-01	   9.1839077435684313e-01	   4.2290977894701620e-01	   4.6510771177454835e-01	   3.2939193924803911e-01	   6.4996554472723922e-01	   5.5972902596671958e-01	   5.1621546714181066e-01	   1.9691726744747071e-01	   7.9451773913051893e-01	   7.1379274266413262e-01	   1.0158716970672781e+00	   8.8285409614087629e-01	   4.5036401558497990e-01	   4.1816541205038310e-01	   8.2923171891614827e-02	   7.9928852656993277e-01	   6.0670982010256025e-01	   8.7759017214334434e-01	   6.5674562079827536e-01	   6.2102100252935843e-01	   9.8489294293058294e-01	   8.3211168138673619e-01	   1.8584690979516774e-01	   5.2979731400717500e-01	   7.6853614171497142e-01	   8.1014773020951580e-01	   7.2330677486046158e-01	   4.6960039325992442e-01	   7.8831386648175539e-01	   8.1768107521237321e-01	  -4.8863410242811997e-04	   3.8488271622429154e-02	   9.5041167097289977e-02	   8.6423423145957717e-02	   7.4053001623900561e-01	   2.5639425220134560e-01	   8.1444406149290749e-01	   9.0409266087628049e-01	   5.1886037524225515e-01	   3.7942079989275274e-01	  -3.1037174995132938e-01	  -2.3852919793510496e-01	   1.0036007187804142e-02	   1.4663542930847864e-01	  -7.3137490801952046e-02	  -4.2616543033521019e-02	   3.9534825839478049e-01	   4.0780501248295453e-01	   4.3086649636985169e-01	   1.1045311211029318e-02	   1.8203639465846194e-01	   1.5641882977449922e-01	
   7.0412604693790981e-01	   8.6110812996355490e-01	   1.2102751263498965e+00	   1.6456465046306203e+00	   3.4212276135186348e-01	   2.7245091163344315e-01	   1.4665771152246081e+00	   0.0000000000000000e+00	   3.8666096466617572e-01	   4.0946118587641561e-01	   6.6909817830912988e-01	   9.9455779925901477e-01	   8.9475578544201961e-01	   1.0226153094678225e+00	   6.2485489104634850e-01	   7.2802867440798069e-01	   2.4474941820493762e-01	   5.5101575357093258e-01	   8.6190575864191143e-01	   9.2842846229147691e-01	   3.5476291287336031e-01	   1.8665072999216165e-01	   8.8877511686289978e-01	   1.1692980542113764e+00	   2.3040345607817184e-01	   4.0506463424892070e-01	   5.0967602182977478e-01	   5.4908632060146689e-01	   2.3488307323043900e-01	   4.6167934611349115e-01	   8.1260065245144131e-01	   8.1673547919937839e-01	   4.9335566037438233e-01	   6.0578840898778141e-01	   4.9632824249577834e-01	   4.8772792131929810e-01	   2.0236035219549345e-01	   1.8106191319700077e-01	   6.1357614668141214e-01	   5.1979857993108669e-01	   3.5426704294326933e-01	   4.9928147451912069e-01	   7.3314267904172681e-01	   5.8814559108303155e-01	   9.1764403840428022e-01	   7.4381611250831381e-01	   7.1868497823169608e-01	   8.1332202237928553e-01	   8.9356651846598856e-01	   6.7026358149266974e-01	   1.1135757946694580e+00	   9.7899026142411605e-01	   1.0025731028274256e+00	   9.8024007954785619e-01	   9.8938237093090142e-01	   6.3161163548785138e-01	   7.3653869993536769e-01	   8.2767435833262382e-01	   5.8997390927322946e-01	   2.6183335313349998e-01	   1.1718498223125513e+00	   8.4350653824279509e-01	   7.9880327274194252e-01	   9.5702392433794736e-01	   9.4399291741975000e-01	   7.4142590303314693e-01	   7.0624190008581045e-01	   5.8306707136251190e-01	   7.5493409091657360e-01	   6.8573594370355273e-01	   3.1037415288012665e-01	   1.1069493095540413e-01	   5.6522043877361172e-01	   6.0665132007454337e-01	   9.2933826530482666e-01	   7.0621782827729673e-01	   5.3559985648232911e-01	   5.7711847557860074e-01	   2.4328373279339264e-02	   6.8374466962384395e-01	   6.1213741301718350e-01	   7.6078113992433827e-01	   8.8044282787467010e-01	   7.8667666984482032e-01	   1.0995006036327415e+00	   1.0067069195023346e+00	   3.6798802753120008e-01	   7.7705328378838090e-01	   9.7580412176782205e-01	   1.0215685950312954e+00	   7.9945180948253469e-01	   3.9548975508170336e-01	   9.5645289316314086e-01	   6.3269464327964109e-01	  -1.0199396343307046e-01	  -4.2796810250238751e-02	   2.0484932407854206e-02	   2.4943464704534359e-03	   6.4508436345673292e-01	   1.2945438873371579e-01	   9.4008131144800788e-01	   7.2636527123144468e-01	   5.0529073862311158e-01	   3.7436008104426660e-01	  -2.8730803085835271e-01	  -1.9164636570357166e-01	   4.6053135959747568e-02	   1.5541808594667245e-01	  -1.8057507549236584e-01	  -1.2437980066749087e-01	   2.8222853124465552e-01	   2.1851700745602642e-01	   3.3351288526140843e-01	  -7.3759288931741791e-03	   1.5493705282256554e-01	   7.9724391990277435e-02	
   1.3667809597032474e-01	   2.7410430809547065e-01	   6.1162741214388827e-01	   3.8891174006734824e-01	   1.6277673299300361e+00	   5.8345191096256099e-01	   4.1664934130337494e-01	   3.8666096466617572e-01	   0.0000000000000000e+00	   8.0395152783794810e-01	   2.0478981473254085e-01	   2.8872013590385959e-01	   4.5046318484135628e-01	   2.0079676107543645e-01	   1.3082980371318063e+00	   7.0221494407506380e-01	   6.5130877125296291e-02	   8.2413342718678131e-02	   1.9896848820263849e-01	   2.1681546058544701e-01	  -1.1296471997979379e-01	  -3.5851473546904422e-01	   8.6167259134765928e-01	   6.0302282625075954e-01	   8.1610665446419983e-01	   5.9660317843446686e-01	   3.7526465702015721e-01	   2.4116296376750956e-01	   3.1834048466792336e-01	   3.3135561021829424e-01	   4.4330464359960192e-01	   3.4531241582894917e-01	   1.8481992870884392e-01	   3.1894734633003485e-01	   2.0473553278385304e-01	   1.2402413209528694e-01	   3.2085153770001096e-01	   9.8431332361302443e-02	   1.8583979067100345e-01	   9.9391530032763992e-03	   1.6856725060529579e-01	   2.4487600273592777e-01	   1.2953330456002937e-01	   9.0448864700338916e-02	   1.2154276599896346e-01	   9.8902494490676021e-02	   1.0417781529878528e-01	   2.2170981036475988e-02	   2.2143273462338994e-01	   2.4568968916620471e-01	   3.1147876508304334e-01	   3.5835337172731158e-01	   2.9879354294910476e-01	   2.7122261283477722e-01	   2.7633874043415374e-01	   6.2727240936197429e-02	   1.3108483639023250e-01	   1.9221208009289806e-01	   3.1051861061105185e-01	   1.2498901780187643e-01	   3.8728903160031947e-01	   3.7098355869387789e-01	   1.9730036680096405e-01	   4.2659982537206304e-01	   4.9806812983456417e-01	   5.0357251359434652e-01	   2.6959888025520956e-01	   2.3376217085042719e-01	   2.8893354775292823e-01	   3.3457963428380971e-01	   7.6586592691459954e-02	  -8.5898986506775937e-02	   4.7490422300277590e-01	   5.5852642062055291e-01	   5.6621933430512106e-01	   5.5265666621177800e-01	   1.2087335560795176e-01	   7.4833845384025044e-02	  -7.6884432523080040e-02	   3.1506908564761210e-01	   8.4985496325154855e-02	   2.0799295407332799e-01	   3.5934701356978538e-01	   1.7235984450716860e-01	   4.2989747507221265e-01	   3.4350051696111605e-01	   1.2057473341421358e-01	   2.2216390116308851e-01	   2.2660986861726429e-01	   1.5861288572031981e-01	   6.5551317179914526e-02	   4.5609375065781561e-02	   1.7407336476391447e-01	   1.7332262185813666e-01	  -5.1947078980342648e-02	  -4.8844889561323906e-02	   1.1500054446198443e-01	  -2.2927587364375293e-02	   1.5097901045915227e-01	  -1.6246980765745508e-01	   2.3024485735874026e-01	   1.5431177460499254e-01	   4.5078196873216424e-02	   6.5069075806646684e-02	  -2.5018046205177435e-01	  -1.1140577587563905e-01	   9.3549104744532083e-02	   2.8219258332870406e-01	  -1.4670508233203074e-02	   3.4243825081836675e-02	   1.6654370298825968e-01	   1.7428291845832203e-01	   2.1646410533123334e-01	  -6.3381927546610081e-02	   7.6751116695066554e-02	   1.0045740238193220e-01	
   6.7210056072885618e-02	   2.0459649958459952e-01	   4.7827091578666081e-01	   4.2267292577827165e-01	   8.9176144666114132e-01	   1.1438677796776155e+00	   3.3124520275948133e-01	   4.0946118587641561e-01	   8.0395152783794810e-01	   0.0000000000000000e+00	   1.2973385849607308e-01	   3.6344362900332627e-01	   3.1933920693926310e-01	   2.7165045568558921e-01	   5.5748156245591474e-01	   1.0439364187995330e+00	   4.4120381734508878e-02	   1.8716863502273810e-02	   1.8882266476441503e-01	   1.9453081106420966e-01	  -1.1330541665390820e-01	  -1.2510121658928644e-01	   7.2759500256712673e-01	   6.1501098430045553e-01	   8.7116777980750426e-01	   9.0550018518008457e-01	   3.9534866982072725e-01	   3.9463486524525021e-01	   2.0458818806364440e-01	   3.6209734889052925e-01	   5.3046029484828994e-01	   3.7029102928545526e-01	   1.8882581693312911e-01	   3.2095977422879446e-01	   1.3022541495907938e-01	   8.1731034748672424e-02	   8.8877287521226978e-02	  -7.5136769057637665e-02	   7.5795774782693712e-02	  -2.2844777742399652e-02	  -3.5665980281170011e-02	   2.7838645109807081e-01	   2.6312975995217819e-01	   3.1134486840438125e-01	   2.9386560306117521e-01	   3.1590471508889745e-01	   2.7778012436816085e-01	   2.3588672211675921e-01	   3.6836662460825276e-01	   3.7390013041842157e-01	   4.8355571747081144e-01	   4.5964000017151696e-01	   3.7297198743181315e-01	   2.8132045309225662e-01	   2.7854295137363944e-01	   1.4836671269518642e-01	   6.6406724785227481e-02	   2.0125146414194325e-01	   3.5418184206364223e-01	   2.3620457408362136e-01	   2.7378830451259367e-01	   3.2554060177805128e-01	   1.1782143839923730e-01	   2.7569973131556491e-01	   3.5056101593834188e-01	   5.4039067953932540e-01	   4.0792482234003241e-01	   4.2027555815397782e-01	   2.8891342256354491e-01	   3.5100586439716985e-01	   1.2255585546452023e-01	   9.6433797955118611e-02	   2.9656584642797823e-01	   5.3185940932734155e-01	   3.4453917042350857e-01	   4.6110045629021168e-01	  -7.1087013059233678e-02	  -8.5913961651292864e-02	  -3.7249575404129051e-03	   1.9465813241919072e-01	   1.5251867718447498e-02	   1.5325764889903026e-01	   2.2799249569294533e-01	   1.2102890622165369e-01	   2.5857449979959513e-01	   3.1143466142003839e-01	   2.2770064697777834e-01	   3.5701722871238317e-01	   2.3683371657780683e-01	   2.4190627396097392e-01	   1.4650375031568866e-01	   1.4853491479301051e-01	   1.6475607283263782e-01	   9.6387563382873326e-02	   1.3921137336762379e-01	   1.5904608118307859e-01	   2.5556566966299610e-01	   1.8006607279692116e-01	   2.2158477611840588e-01	   1.7385066646361669e-01	   8.6249951798863744e-02	   1.4907329166556788e-01	   3.0097438460645800e-02	   6.7006572213754292e-02	  -2.0826596000006806e-02	   5.2574391448860135e-02	   1.4583740174664089e-01	   3.1510626470319703e-01	   1.5713472219612365e-01	   1.4231546812427356e-01	   2.6271772186822717e-01	   2.2848885678009884e-01	   2.8892595543009775e-01	   5.7815035610717269e-02	   1.6746136709463005e-01	   2.1564229715331112e-01	
   9.2567656625166794e-01	   7.4867233575125247e-01	   8.3897774660070223e-01	   7.3795772782253743e-01	   3.7975407024069645e-02	   2.6391498846102337e-02	   8.4182873292749583e-01	   6.6909817830912988e-01	   2.0478981473254085e-01	   1.2973385849607308e-01	   0.0000000000000000e+00	   1.0546207771442302e+00	   1.5000068415890668e+00	   7.6381841267359252e-01	   3.4827915118728059e-01	   5.0166133595924300e-01	   8.6980872839920198e-01	   1.0224587546498594e+00	   8.1130361018854813e-01	   7.3759848718697041e-01	   2.8938784062959783e-01	   9.7792015082795017e-02	   4.9359783265030660e-01	   3.5109928847215566e-01	   2.7030390434992450e-02	   4.9789310219374161e-02	  -9.2730329520141985e-02	  -9.4252868685410190e-02	   7.2086513036191879e-01	   8.5003307607395029e-01	   8.4272654662869573e-01	   8.2697796686744574e-01	   2.6692569175668496e-01	   2.1235476882885837e-01	   6.2441984721331723e-03	  -4.4011127083638579e-02	  -1.2237797690455147e-01	   3.6116896877485921e-01	   6.8107436617508094e-02	   5.3468501455448214e-01	   1.0776755114276773e-01	   6.1546510654556796e-01	   4.3119851123992614e-01	   6.6225362733797910e-01	   5.5743032983650376e-01	   6.5549732999139876e-01	   6.3359016818175562e-01	   6.6327038846136721e-01	   6.0080997011639170e-01	   4.2670902944891198e-01	   5.2947175259150903e-01	   5.1156320686639001e-01	   4.8837648635774988e-01	   7.1761181206118707e-01	   4.8677800157926010e-01	   6.0197622240864135e-01	   1.1234518127042805e+00	   8.1858254469024450e-01	   1.7585140219448225e-01	  -4.8238772037480747e-02	   7.5502149296151655e-01	   2.8210276760200237e-01	   1.0560804684238920e+00	   9.1385436035238987e-01	   4.3910771049732361e-01	   1.0366330475833820e-01	   1.3462871976882582e-01	   6.7255667762191954e-02	   5.8261726635367939e-01	   3.7670324854986492e-01	   6.6577739028932370e-01	   2.9791669459916847e-01	   9.2549159167243256e-01	   7.4621584108214467e-01	   5.7663007501133501e-01	   7.6582589348570296e-01	   6.1679246159986079e-01	   3.2061684288278880e-01	   5.0945847375971043e-01	   1.0582539846946439e+00	   7.8919755329661234e-01	   1.1580964371289968e+00	   3.1575334977632602e-01	   3.5852114288658649e-01	   7.4011639959710451e-01	   6.6679523773811245e-01	  -9.8176250698066680e-02	   1.4398140038946378e-01	   4.1448561233987735e-01	   5.0097117701319216e-01	   4.4160551793803371e-01	   6.2329910543287825e-01	   3.8357825933081213e-01	   6.4603808905483817e-01	   3.6225991517154793e-01	   4.1614329563371066e-01	   3.7664745756046136e-01	   4.1872596769099446e-01	   5.8501469111103377e-01	   5.5498455916239142e-01	   4.1805802608945497e-01	   6.2862718595461031e-01	   1.8187099259915906e-01	   3.0944545636404852e-01	  -2.4205101378044896e-01	  -1.9936966905616124e-01	  -3.3766594421303880e-01	   7.2878402731433603e-02	   2.6859952858553438e-01	   2.8642033323127952e-01	   4.9496052208982244e-01	   5.5235844388406907e-01	   4.8450206274673635e-01	   1.0768690294159493e-01	   3.2157889827783265e-01	   4.5638067539522426e-01	
   8.4739211127126812e-01	   7.0217260452973551e-01	   8.3526603229991458e-01	   9.3295465873848116e-01	   1.6026026932185214e-01	   1.6567683867769870e-01	   9.0790667961533000e-01	   9.9455779925901477e-01	   2.8872013590385959e-01	   3.6344362900332627e-01	   1.0546207771442302e+00	   0.0000000000000000e+00	   1.1516290383219805e+00	   1.4331776077214742e+00	   4.0332704658330265e-01	   6.2512850114291896e-01	   7.0673767914795849e-01	   8.6885072664024388e-01	   8.1811554950963339e-01	   7.2413483709170356e-01	   1.9016023047900707e-01	   7.0631248625148496e-02	   6.2988834055966403e-01	   6.5090119997309492e-01	   1.1749939903439199e-01	   2.1018162336904314e-01	   1.4705085561853576e-01	   1.8667833342023779e-01	   6.7678853592327148e-01	   9.0500415556566138e-01	   9.5527872369150135e-01	   1.0253397702243474e+00	   5.5437660542151279e-01	   6.1938233058065850e-01	   1.9268900431321678e-01	   2.2747482570175129e-01	  -1.6694649106298745e-01	   1.4284046480471563e-01	   1.4998389871677134e-01	   5.2734824815401793e-01	   3.5882613444842754e-02	   4.8422710705189875e-01	   5.5071026205126083e-01	   7.4117994093097783e-01	   7.5455904093124815e-01	   8.5439572973649147e-01	   6.7167458680645087e-01	   7.5465474439415914e-01	   8.3821822147547009e-01	   5.3918557365978581e-01	   8.0502819552121296e-01	   7.1677910882275153e-01	   5.1226180418395395e-01	   7.4141281417695082e-01	   5.4030893378924227e-01	   6.7760272976747993e-01	   9.0152763852787587e-01	   7.7894528154679388e-01	   4.1675217148616567e-01	   1.2388537216307796e-01	   9.8491523635565870e-01	   6.0114632067889329e-01	   7.8959196809354759e-01	   9.9316126065696120e-01	   5.2259811742966067e-01	   4.4021088575435352e-01	   4.3843569203989197e-01	   3.8592233897429873e-01	   6.2407098051818444e-01	   4.1131383407707289e-01	   4.4673126996045665e-01	   2.3180087400047678e-01	   7.4161764413669695e-01	   7.5258724473334082e-01	   6.3393561375235685e-01	   8.2460770245846948e-01	   4.7680124744440666e-01	   2.5648632916759795e-01	   4.2204457757967095e-01	   1.0019317197822901e+00	   6.8514010918227541e-01	   1.0859370820482477e+00	   4.4665479836640420e-01	   3.6097454515995991e-01	   7.5114974583246019e-01	   8.7909552709575056e-01	   9.1232700636980718e-02	   3.9642097303998780e-01	   5.1541888541493641e-01	   7.0781272895947089e-01	   4.4770644359307760e-01	   3.8928947053740814e-01	   4.3665549698894995e-01	   3.7504590462079929e-01	   3.2920467486006744e-01	   4.1330811052731231e-01	   2.9312750717771990e-01	   4.0863068403655844e-01	   4.8814660772370572e-01	   4.7046131313183970e-01	   3.9246099335577839e-01	   4.8059179155531506e-01	   1.0470816168183758e-01	   1.4257787557306981e-01	  -2.4160959620193423e-01	  -1.7948972287765017e-01	  -2.0978539781394595e-01	   1.7552384636823631e-01	   3.0049486769984651e-01	   3.0553345647007069e-01	   4.2375665414088381e-01	   3.0515038118038468e-01	   3.3121945827542226e-01	   1.2699379878844141e-01	   3.4891421164218411e-01	   4.4149465142075889e-01	
   8.2172439656445007e-01	   7.4399625789455415e-01	   1.1825336625727838e+00	   9.1473621036652697e-01	   2.9059136478470265e-01	   2.4446080164451633e-01	   1.0988021942103527e+00	   8.9475578544201961e-01	   4.5046318484135628e-01	   3.1933920693926310e-01	   1.5000068415890668e+00	   1.1516290383219805e+00	   0.0000000000000000e+00	   9.6825890420109617e-01	   5.5472808368765802e-01	   6.7533921781294071e-01	   8.0173694752120261e-01	   8.7212482978811257e-01	   8.7305646145389992e-01	   7.7202000357696487e-01	   2.5953247839596905e-01	   7.9495625249666191e-02	   8.4088670541971378e-01	   6.2389646887475936e-01	   2.5292599048959513e-01	   2.9298999573203965e-01	   1.3224468915970294e-01	   1.2297996683159403e-01	   8.3646908765833905e-01	   8.5296569935705058e-01	   1.0063097012743829e+00	   9.5577198588034229e-01	   3.3827479600669119e-01	   3.2586923592554456e-01	   1.9914417545217439e-01	   1.3009682770911524e-01	  -3.6427972925457665e-02	   3.5323457706368200e-01	   1.3241459981577858e-01	   5.1657219733511206e-01	   6.9604897014251585e-02	   5.5380478991355120e-01	   5.8237352416836197e-01	   8.4241968976040471e-01	   6.6113981835684377e-01	   7.4454981686318245e-01	   8.0101004792947306e-01	   7.6649810358888892e-01	   7.4240383365282203e-01	   5.7481597921201166e-01	   8.1893924992844225e-01	   8.0860570236614959e-01	   6.1380296151983704e-01	   8.0671689287658488e-01	   6.2352067362246189e-01	   6.1334569132820427e-01	   9.5832529936505906e-01	   7.4008796981848146e-01	   3.4721289543573425e-01	   5.0815109035697907e-02	   1.0043440256942282e+00	   4.5214601589834580e-01	   9.4762138205712887e-01	   1.0077499384764175e+00	   6.7519977226498129e-01	   3.3715749703703174e-01	   3.5285252288338081e-01	   2.7044160897071856e-01	   6.6273557147417861e-01	   4.5455423284421964e-01	   6.7691753752558004e-01	   3.4268361374869777e-01	   1.1029269488673863e+00	   8.9894763960487689e-01	   8.7386600355480726e-01	   9.2761372027600886e-01	   5.3906698415597931e-01	   2.7385562984008915e-01	   4.6828746711052388e-01	   1.0849696278999534e+00	   7.1001065025606180e-01	   1.1605496335184049e+00	   4.1192284642852067e-01	   3.5099748047359608e-01	   9.3189936803128082e-01	   9.1706042857105641e-01	   6.1823919968184322e-02	   2.8700871115387466e-01	   5.4015643703808125e-01	   6.2245462062113166e-01	   5.6278060584754286e-01	   5.2848601607387136e-01	   4.3685734781907770e-01	   5.9487164635597356e-01	   3.7857479694583301e-01	   4.3416321909864608e-01	   4.6705432367736915e-01	   4.3475862665139875e-01	   7.2499387013093597e-01	   4.2118479226012351e-01	   4.7026136504359722e-01	   6.3648453609308131e-01	   2.5223533197924136e-01	   3.3998483405372626e-01	  -2.6720077077213222e-01	  -2.3753973677469137e-01	  -1.0882718296340214e-01	   2.0454031402273898e-01	   2.8723784336434427e-01	   3.0576699684726094e-01	   5.9106904629394807e-01	   5.0361569943722129e-01	   4.6798779919911399e-01	   2.0515599233606210e-01	   3.5533539188678565e-01	   4.7507833463415050e-01	
