   0.0000000000000000e+00	   5.8655393384968446e-01	   5.0826697076477723e-01	   3.1151262793907902e-01	  -4.1069830388197462e-02	   6.9560969070035381e-02	   6.2634920113784442e-01	   4.8626842545869686e-01	   2.1904361290899124e-01	   2.1027617140451654e-01	   3.5063041591309130e-01	   4.2539431748963924e-01	   5.0858039975458458e-01	   5.3669974809899634e-01	   3.1189708761221591e-01	   2.4757080318947824e-01	   3.0690291991934021e-01	   3.3913703897056213e-01	   7.7520332635460465e-01	   6.2847644987389495e-01	  -1.6823212270347765e-01	  -1.5784732267991479e-02	   2.3256160610940130e-01	   1.2734213447887330e-01	   3.8702389745223678e-02	  -2.4619076219416745e-02	   1.0577322456896580e-01	   8.8527945361853832e-03	   3.6369213517879700e-01	   2.5106476544471079e-01	   1.6549895936991629e-01	  -1.8685307631266579e-02	   5.2039811296225780e-01	   4.5019172222256554e-01	  -3.7490420178776512e-01	  -3.2622006716454222e-01	   6.8868627347647635e-02	  -2.5399659039481531e-01	   5.3879804524912456e-01	   2.7467480333023742e-01	   4.7949159087969739e-01	   5.6336356604753524e-01	   2.8843908455089984e-01	   9.3506691848687012e-02	  -1.9417974339225702e-01	  -2.8965155748867391e-02	   2.0914473312337203e-01	   1.3739387865580169e-01	  -2.7239356668005449e-02	   5.5903176086046814e-03	   2.1332389061500245e-01	   2.0801528597437446e-01	   2.3564690415181971e-01	   1.2048779202317504e-01	   3.4222489834655373e-01	   2.6686962590997232e-01	   1.0864336861936137e+00	   8.5509656910065091e-01	   4.3250974548821775e-01	   4.6113286653832630e-01	   5.5203171575853360e-01	   4.0781090213137827e-01	   7.0296460757311430e-01	   6.0623614792127445e-01	  -3.0580986506683927e-01	  -2.4612899071163624e-01	   1.4639937602205982e-01	   1.9439869117362779e-01	   5.3282317888008890e-01	   4.6281571344441902e-01	  -1.7296575680539911e-01	  -1.7385514825036158e-01	   4.3065624901605726e-01	   3.0558816618221257e-01	   5.2431333216660669e-01	   4.8749455777047601e-01	   3.4297610927252274e-02	  -8.4403386933583374e-02	   4.5180429639703373e-01	   3.6322931785508061e-01	   5.5058635267650713e-01	   3.7980324900042362e-01	   6.0903161448951104e-01	   2.8957152887846416e-01	   2.0526341779375773e-01	   1.2134059786850906e-01	   2.4155082480896989e-01	  -1.1982573928584214e-01	   2.4005500070197738e-01	   4.4991089002658213e-01	   2.2787396906215451e-01	   2.3131938748216579e-01	   5.6122239176911642e-02	   3.3259015187962665e-01	   1.2955816086277819e-01	  -4.2737540722719430e-03	   2.2166402824466408e-01	   7.3139004078295489e-02	   3.0048083831046679e-01	   2.5492050754151374e-01	   2.6219203201697278e-01	   5.8896535770605951e-01	   2.0108217208161355e-01	   5.3178539473304731e-01	   1.7124614243032986e-02	  -3.8700546410994030e-01	  -1.3335550701750877e-03	  -8.6127099027819926e-02	  -4.1872282154925479e-02	   1.0546085914835723e-01	   4.1239103685850188e-02	   3.7743144670860346e-02	   2.2490383580874018e-01	  -1.9991431557949974e-01	  -1.3455625831871654e-01	  -3.5928246849338780e-01	
   5.8655393384968446e-01	   0.0000000000000000e+00	   1.1727828333332833e-01	   1.7714389062831665e-01	  -2.9090020672051609e-01	  -2.3303964196543847e-01	   1.6337543836601134e-01	   3.0329687428814933e-01	   2.1960094659427505e-02	  -1.1592725070501271e-01	   3.3674562239980771e-01	   5.5817079248749546e-01	   5.1351022554422487e-01	   8.3821308886027546e-01	   4.8898147153612326e-01	   3.1874804594162770e-01	   2.8368703529058198e-01	   2.5066548151050200e-01	   7.0212844319821632e-01	   8.5403070295368910e-01	  -1.9409327690768782e-01	  -2.8241358068638256e-01	   2.9488491399725109e-01	   2.0754483282427338e-01	   3.2193063464852963e-02	  -6.8167745562988283e-02	  -2.0777670534226589e-01	  -2.0558136583460976e-01	   5.4511317355103261e-01	   2.9291275609694345e-01	   2.0200412913133511e-02	  -1.7515604984787403e-01	   5.7110785644024520e-01	   5.6680087894921471e-01	  -2.4304019461100851e-01	  -5.2702915430228237e-01	  -4.1782894768184892e-02	   1.4164484684142309e-01	   1.4678857405069912e-01	   2.9637528059972634e-01	  -1.4201047433589803e-01	   1.4214171503591522e-01	   2.4615203789179413e-01	   1.1028910236316951e-01	   2.9081006665607712e-01	   2.8977903992299570e-01	   5.8199309396056242e-01	   4.0872711860489408e-01	   4.9432517327621484e-01	   2.5767844995341749e-01	   2.6777839879030696e-01	   1.0022693720581204e-01	   1.5611520757598732e-01	  -6.8982915173148834e-02	   1.1720627388143234e-01	   1.6066802004707947e-01	   7.6956385214147904e-01	   1.1668267547461366e+00	   7.1093531247788042e-02	   3.4474925945540233e-02	   1.7169770381953101e-01	   7.0141802707704107e-02	   4.3991424319872013e-01	   3.4931040615701314e-01	   7.7489035523983951e-02	  -7.8806125773787150e-02	   5.0324380531712551e-02	   1.8101249263343406e-02	   8.4638349915129174e-01	   8.0665626212402408e-01	  -5.5067058441472960e-01	  -5.9536662733818813e-01	   3.4991434995728515e-01	   2.1673773008193636e-01	   3.0914175093499929e-01	   2.2147419597846515e-01	  -1.4361798573731388e-01	  -3.4617566909055192e-01	   3.6910474328859832e-01	   4.0449276563464265e-01	   5.2000240287843968e-01	   5.1347581857121172e-01	   3.7663879436986564e-01	   3.2494046809962507e-01	   1.8407541978107461e-01	   2.5273032091043612e-01	   3.6743931423442600e-01	  -5.5760035183426225e-02	  -2.0334150376664187e-01	  -2.7409037551587467e-02	   1.5501722973315432e-02	  -5.2425128032502398e-02	  -1.2497144343140256e-02	   1.8357848018092640e-01	   6.1615404631313542e-01	   4.5225658667516871e-01	   8.2428412828376885e-01	   5.7000814985849091e-01	   3.3180569584692832e-01	   1.3307862279083119e-01	   3.2250870086569533e-01	   4.4864508697384275e-01	   4.2976639082983831e-01	   3.0976004020964432e-01	   4.6962065054892488e-01	  -8.1540854582180411e-02	  -2.4322351864062597e-01	   8.3574214283731657e-02	   3.8425926422310414e-01	   7.2822054356333044e-01	   3.4403825247059006e-01	   1.6197901432331885e-01	   2.3543738565440986e-01	   3.2252372899306936e-01	   3.2720615557246879e-01	  -2.4934934435135322e-01	
   5.0826697076477723e-01	   1.1727828333332833e-01	   0.0000000000000000e+00	   1.1414053278707239e+00	   9.6248073260209899e-02	   1.6137727956653455e-01	   1.1445478188005120e+00	   7.1146248171923709e-01	   3.5047102427960844e-02	   1.2502807018074999e-01	   3.4028122929684608e-02	   6.2971729251203590e-02	   8.8866609522025117e-02	   3.0221980046743724e-01	  -1.7287746944098917e-02	   2.8278523313548698e-01	   1.5766223207842579e-02	   6.2866903531345317e-02	   6.8635324073936144e-01	   6.2202482028358408e-01	   2.1119766151600664e-01	   3.1192662804446109e-01	   7.6759705189295246e-01	   9.2708886456029127e-01	   5.9087521158996181e-01	   5.6160903854348510e-01	   2.4381277953085201e-01	   2.9198483052659663e-01	  -5.0383474822641605e-02	  -9.6053068665262753e-02	   6.2532852208185230e-01	   4.0574059714970850e-01	   4.2840505437180942e-01	   1.7914053572391234e-01	   1.2815149951910079e-01	   1.0858748183053409e-01	   8.2291852998799736e-02	  -1.4511306710238802e-02	   4.3472766752745456e-01	   4.9225820317527780e-01	   1.5714084253108615e-01	   9.9910373505957994e-02	   3.2747840666660277e-01	   1.9455294021332681e-01	  -7.5067035385969509e-03	   1.0534970343636553e-01	   1.1339522761836054e-02	   1.2503120492786812e-01	  -7.0897974636848396e-02	  -1.0058246665122857e-01	   6.6643920463403772e-01	   4.0982754487343509e-01	   9.8790545194325577e-02	   1.3212579884519382e-01	   4.1273431237205377e-01	   2.7303063533540450e-01	   3.9331421534785438e-01	   4.6447380095485585e-01	   4.8884687410593697e-01	   1.4498899123741629e-01	   5.8529614478857994e-01	   3.6465031522295116e-01	   1.3494847281576622e-01	   1.7912986244266596e-01	   1.8576423216232099e-01	   4.4932420224681247e-01	   5.4515566849102526e-01	   5.4463230444007915e-01	   6.7707858036407220e-01	   6.6794239919917553e-01	   2.3583270111725763e-01	   1.8761699848363222e-01	   2.1412192229675323e-01	   4.3572596324029145e-01	   2.2131519439608477e-01	   4.3283730869202502e-01	   1.9101125237534336e-01	   1.9535027736641336e-01	   2.8184224059877283e-01	   2.7339151001553869e-01	  -7.6113609143770161e-02	   2.4163031347972055e-02	   2.0706480910157166e-01	   3.1436624421964549e-01	   1.5215767145807485e-01	   4.2648303937424659e-01	   3.0813596703397822e-01	   1.8814630106755653e-01	   5.7402679698144421e-01	   8.7793828054871859e-01	   5.1451350257703232e-01	   4.7184852214482387e-01	   6.3117528895015662e-01	   7.3610275327467067e-01	  -3.5204863017412985e-01	  -3.6327466129911579e-01	  -1.6563317851417442e-01	  -2.0810123946146958e-01	  -1.2295229375419253e-01	  -3.8278654974073810e-02	   4.0158359915200337e-02	   7.0060921784275421e-01	  -5.7577960233847723e-02	   4.4249587864461776e-01	   8.7806401225440280e-03	   3.1587297981304246e-02	   1.9999565666079466e-01	  -5.4548852236040168e-01	  -4.9572913422323561e-01	  -1.3666780656559940e-01	   1.2651485235047313e-01	  -1.5581332908958143e-01	   1.6006691711167259e-01	  -2.7897009917058896e-01	  -2.0414124719607193e-01	  -6.2191488524002214e-01	
   3.1151262793907902e-01	   1.7714389062831665e-01	   1.1414053278707239e+00	   0.0000000000000000e+00	   3.2188762015335443e-01	   4.3482097844890477e-01	   8.0635164010184635e-01	   1.0877396091471312e+00	   3.4789064146266195e-02	   3.2341654908214090e-01	  -1.8542762514695244e-01	   1.8403066769207047e-01	  -1.2456340464250995e-01	   3.2629894597691739e-01	  -1.5083542720320200e-01	   4.5895831704701068e-01	  -1.8306838283322796e-01	  -1.4571072611775035e-01	   5.1392315793506371e-01	   5.7910434622019347e-01	   2.3901196184379678e-01	   4.2471709765152721e-01	   4.9141603953120594e-01	   9.7212788374473624e-01	   4.7114816548992622e-01	   7.7002591988864111e-01	   2.2734552955972753e-01	   3.2860300368968220e-01	  -1.8996038936334864e-01	  -1.6430847242819863e-01	   4.8168573013480065e-01	   4.7700559355233796e-01	   3.3206936442929552e-01	   1.9276165270532750e-01	   5.3425697006310321e-02	   4.1495372808781072e-02	  -7.1928355792578350e-02	  -8.3433598977326814e-02	   3.8274451882063365e-01	   4.8078027318363714e-01	   2.5726200662439841e-03	   1.7219992527763714e-01	   9.4345523142838741e-02	  -4.8715219906057497e-02	   5.0470723441945892e-02	   1.2304237478345238e-01	  -8.2829430165279244e-02	  -8.3079258879142238e-03	  -2.5538865508740828e-02	  -4.5090960652524922e-02	   6.2593790359172852e-01	   4.3248274698991873e-01	   2.6910833066327472e-01	   1.3508612048308999e-01	   2.5694461846584282e-01	   1.1758177094619422e-01	   2.9852951061979593e-01	   4.2459433642836536e-01	   4.7794570669940284e-01	   2.5928435036401676e-01	   4.4973536177846307e-01	   4.1373356116950466e-01	   1.2753056949945760e-01	   2.3053539982131968e-01	   1.5101182898636600e-01	   6.4256352999083677e-01	   5.7583587249473800e-01	   6.7051508652129954e-01	   6.8477277439485240e-01	   9.2475838086940276e-01	   1.0207495823964469e-01	   7.8870667857760049e-02	  -7.9440462226000891e-03	   2.6578965561755458e-01	   1.6734170583271275e-02	   3.4225093350174002e-01	  -5.3395496003967959e-02	   4.1812907828947969e-02	   5.4435407652640329e-02	   5.7749344339775702e-02	  -1.4989607422446385e-01	  -7.6149266711432583e-03	   1.0776834834780311e-01	   2.7708990966050645e-01	   7.2886718483396784e-02	   5.8581927462431904e-01	   1.9749532034542261e-01	   1.1670008060756015e-01	   4.8910036468869295e-01	   7.3008984578957592e-01	   8.2852312848928844e-01	   3.7484132313793650e-01	   9.7062138661027952e-01	   4.7759248564109752e-01	  -2.1803761111986250e-01	  -2.2684143764460007e-01	  -2.0067475812939589e-01	  -1.7886350791846506e-01	  -3.2671022591147243e-02	  -1.3312446980009601e-01	   3.1328904036739708e-01	   5.7860088270936960e-01	   2.0448418888906159e-01	   5.0034956415048049e-01	   2.4898882221518359e-01	   3.4919338588979235e-02	   2.3003427711896526e-01	  -2.8388865806596769e-01	  -2.6594768298532984e-01	  -1.0465902861994941e-01	   2.1123320406205324e-02	  -7.1388247894303605e-02	   2.7304351061659532e-01	  -9.0541239204339805e-02	  -1.7437728934157792e-01	  -3.8525987448138710e-01	
  -4.1069830388197462e-02	  -2.9090020672051609e-01	   9.6248073260209899e-02	   3.2188762015335443e-01	   0.0000000000000000e+00	   1.2611041093081876e+00	   1.6795088577832895e-01	   2.4877480916580919e-01	   3.6922815465561964e-01	   6.0160452028290479e-01	  -4.0021450348038606e-01	  -3.1279950129475591e-02	  -3.5229313482256036e-01	  -1.9562294918246159e-01	  -9.1944068892853101e-02	   2.4786645323008677e-01	  -7.4288070250498506e-01	  -4.7328076539105246e-01	  -1.5869740628322873e-01	  -2.1566820555349386e-01	   1.7006439250232955e-01	   6.2412120942970650e-01	  -3.0737042853765018e-01	  -2.8141869556067532e-02	   2.8393868247262536e-02	   2.6057547794459168e-01	   5.6767067646127956e-01	   2.5898618145213625e-01	  -4.4712288472336087e-01	  -2.5891252159651701e-01	   2.7975123762007548e-01	   5.6492230419167377e-01	  -4.1414080572794565e-01	  -1.8180606879739170e-01	  -1.6161450433359220e-01	   6.3911041745932000e-03	  -2.4164622328472227e-01	  -5.7129631676738413e-01	   1.8175308202797235e-02	  -1.8270702806389874e-01	   1.6992017280985375e-01	   3.5064083146455155e-01	  -6.5519435601012740e-02	  -2.7801426699401877e-01	  -1.6318047860157481e-01	  -3.1136562205578901e-02	  -2.9373976050691553e-01	  -3.2246552745287593e-01	  -1.7178079718891451e-01	   4.9324562846476384e-02	   1.3794924879430184e-01	   2.5976737199577338e-01	   3.8439451110746814e-01	   3.1842142221858843e-01	  -6.7280512473601548e-02	  -1.1629952734888428e-01	  -1.9602501445309173e-01	  -2.7511066051164423e-01	   3.7709315533184140e-01	   5.9851210629320151e-01	  -1.1919099259451289e-01	   1.2961866373385506e-01	  -1.4860790591387618e-01	   2.5129540549778506e-02	  -2.8746412873942245e-01	   3.0287713359197412e-03	   1.1291169471473128e-01	   1.9239182050526599e-01	  -2.1240959809678581e-01	  -1.0591794464307262e-01	   9.5739813037627505e-02	   3.4354928053755934e-01	  -2.7114224351502625e-01	  -1.9983048894633018e-01	  -1.5643778466188213e-01	   9.5736288053963222e-04	  -3.1418745749213528e-01	  -1.2880579135820702e-01	  -6.9997387118694743e-01	  -6.5944027031834695e-01	  -2.8504262643735767e-01	  -2.9718456909334534e-01	   2.8217292707780506e-01	  -6.0350447362381342e-02	  -1.3270572848425921e-01	   1.4779021763367983e-01	  -3.5583009293342266e-01	  -2.4675493447226529e-01	   2.4718532874990193e-01	   9.7862190698290955e-02	   7.0539579416801101e-01	   3.7127699546729853e-01	   3.9479830202734600e-01	   5.0140717022497464e-02	  -3.3825967658657241e-01	  -3.0486582591917055e-01	  -5.6778125784367861e-01	  -4.0730443502429525e-01	   1.6404095657070772e-01	   1.2029726356633325e-01	   2.5144100445129730e-01	  -5.8290184342895443e-02	   2.1523268210968061e-01	   2.1870004100041066e-01	   8.3644185846407773e-02	   2.6993444864913198e-02	   5.8293774025770484e-01	   3.8228919645082626e-01	  -2.0515214638687193e-01	  -5.2531836746295602e-01	  -4.9145567328632439e-01	   6.3084449587519405e-03	   3.3151925145304345e-01	  -9.1692404409160280e-02	  -1.0495077447145795e-01	   3.3279218191786725e-01	
   6.9560969070035381e-02	  -2.3303964196543847e-01	   1.6137727956653455e-01	   4.3482097844890477e-01	   1.2611041093081876e+00	   0.0000000000000000e+00	   2.6464756381500210e-01	   3.9648215656988811e-01	   2.5384708910815823e-01	   7.9252145199560087e-01	  -2.3255002605949213e-01	   1.5372436976453271e-01	  -2.2497913108193901e-01	  -1.0018415473419551e-01	  -1.7660652685096745e-01	   2.9299891502133435e-01	  -5.8941017711817045e-01	  -3.1456417542387033e-01	  -2.0879716085727254e-01	  -2.3901732514254348e-01	   2.9941701451900571e-01	   6.3617723956036831e-01	  -2.6672385580924540e-01	   5.2509318282132803e-02	   4.5751685241411627e-02	   3.0838765261424073e-01	   7.2762191121238773e-01	   4.6260672707158518e-01	  -5.0327454826305185e-01	  -1.5346003899614577e-01	   1.9178314062963625e-01	   4.3514633415264348e-01	  -4.4313903454820780e-01	  -3.0717835055579545e-01	  -7.8847093379488781e-02	   1.7766619427187438e-01	  -1.1895120796043265e-01	  -5.2060275340784878e-01	   2.2914590073625757e-01	   8.5448401836716609e-03	   1.4035165245875478e-01	   2.6576548474625616e-01	  -1.7996522542462878e-02	  -2.4588055280361620e-01	  -1.2147118905752011e-01	  -2.2017791632123529e-02	  -2.7478443839918965e-01	  -3.2263618345837847e-01	  -1.5827403204890741e-01	   3.6233719251983286e-02	   1.7774072787122375e-01	   2.4161228899011863e-01	   3.7044551695499006e-01	   1.5778830175690245e-01	   1.5287317160427489e-02	  -1.6146333400922588e-01	  -4.4662279718237385e-02	  -1.6393951482374391e-01	   3.9969140187321484e-01	   6.7160415875715662e-01	   6.2847332575265216e-02	   3.3402697400896336e-01	  -1.0586929745550541e-01	   6.5630985948517392e-02	  -2.3872523061513812e-01	   1.0922704367666385e-01	   1.6653036575980093e-01	   3.0305234370925843e-01	  -1.1436230979030698e-01	  -9.4594768878273425e-03	   1.5564370707201855e-01	   4.0655544245747921e-01	  -2.4462497581587622e-01	   2.0344965108262562e-02	  -7.6512366101436288e-02	   2.2447702207080805e-01	  -1.2524719280692753e-01	   7.1976124232212293e-02	  -5.9454184244228503e-01	  -5.6849651646729304e-01	  -3.1342445231615512e-01	  -3.4300704954760336e-01	   2.5569267772619486e-01	  -1.4509527108192472e-02	  -9.4605640314588846e-02	   7.6572095605934656e-02	  -3.9481603736711635e-01	  -2.5941810964413869e-01	   4.0792061654337253e-01	   2.4960578142137907e-01	   7.3332388628225453e-01	   3.4565493285608895e-01	   4.5154263936061911e-01	  -9.6351139518488105e-03	  -4.5566211021267744e-01	  -4.4054479650514849e-01	  -6.2807808995937042e-01	  -4.8316236778644034e-01	   1.2283575328004419e-01	   6.5081522554406033e-03	   3.2929278391817524e-01	   6.9101746705750216e-03	   2.1316383122386415e-01	   3.4260487594872285e-01	   4.7965960891498446e-02	  -3.1509630138088260e-02	   4.6234875156118410e-01	   2.3371481418823564e-01	  -3.1998193731143459e-01	  -5.7893594662500858e-01	  -4.0509986095453926e-01	  -8.5920408911492913e-02	   2.9382462549719118e-01	  -1.2895073365878620e-01	  -1.1527602640530922e-01	   3.1724943568168285e-01	
   6.2634920113784442e-01	   1.6337543836601134e-01	   1.1445478188005120e+00	   8.0635164010184635e-01	   1.6795088577832895e-01	   2.6464756381500210e-01	   0.0000000000000000e+00	   1.0193684245193326e+00	   3.9628636403679895e-01	   3.7567577928447848e-01	   2.6411958731635554e-01	   3.7698600220205292e-01	   3.1914774264398565e-01	   3.6290900736991888e-01	   9.0061257426592989e-02	   2.9241253200776252e-01	   1.8048540492040330e-01	   2.6577516816362784e-01	   5.4993247690526448e-01	   4.6468956390571942e-01	  -3.4861347277258597e-03	   2.0306451607287837e-01	   4.8383197075887252e-01	   5.6233155025591341e-01	   2.1822408513311298e-01	   2.9326170024234444e-01	   5.9401811025260966e-02	  -1.8672070665409612e-02	   1.0411513626181446e-01	   8.4994324364083204e-02	   4.7959292669722753e-01	   3.0221474845083612e-01	   4.2862125996106748e-01	   1.7640922588788155e-01	   2.9900543211878107e-02	   4.6349578510209308e-02	  -4.7696022526858887e-02	  -5.8141618507091007e-02	   2.5697480024099084e-01	   2.7551577727976145e-01	   1.9693942131240749e-01	   2.9460356555024114e-01	   4.7148143245240770e-01	   3.1146508332557865e-01	   2.0615431373313686e-02	   2.0089615094085966e-01	   1.2895795617806657e-01	   2.3578449322502579e-01	   3.0775186695597274e-02	   1.3183753924905092e-01	   6.1158522456904851e-01	   5.9765646596523592e-01	   1.5401717586531216e-01	   2.9061150750044457e-01	   4.1719569164250253e-01	   3.6335838395294917e-01	   3.8054586967463927e-01	   4.6073909331134899e-01	   6.9522348238542564e-01	   3.6549163859887146e-01	   8.7315282357551682e-01	   7.0341955629232644e-01	   3.3278336517417273e-01	   4.3430236567047442e-01	   1.7085407755202686e-01	   3.2595481335799714e-01	   6.2850491022146471e-01	   6.3725377805343630e-01	   5.4004719559012782e-01	   5.1365636898108835e-01	   2.1999001638595159e-01	   1.5444990712311835e-01	   3.2198319611421428e-01	   5.7330449066805866e-01	   4.2638168396851089e-01	   6.2050338067085631e-01	   3.5949463518121361e-01	   2.9511313202436412e-01	   2.5907362859698946e-01	   2.9891036791099923e-01	   6.6671904930731607e-02	   1.2597814002191060e-01	   4.0812767938226052e-01	   5.0222545681176989e-01	   1.0534820795830750e-01	   3.4139866101108096e-01	   4.5804729473594979e-01	   1.8313863170030562e-01	   4.1690719998364156e-01	   7.9892708234954424e-01	   6.4870542610822690e-01	   6.3904268176958556e-01	   5.7935603518728340e-01	   8.7517310620657029e-01	  -2.6787982604907390e-01	  -2.7448139013975598e-01	  -7.6375452053723272e-02	  -1.1505468750206466e-01	   2.3632213208506764e-01	   2.3268531412753563e-01	   3.7059584328473300e-01	   9.3602727681012576e-01	   1.7020672800865805e-01	   5.2861139101852817e-01	  -7.1027245993035407e-02	   1.6399116395399618e-02	   1.6684177430411154e-01	  -3.3471329225716567e-01	  -4.1276297110660976e-01	  -9.2710271645631032e-02	   2.1266081959186492e-01	   6.1248747875128101e-02	   4.2052115479442392e-01	  -9.1581936532797587e-02	  -5.1566296719327220e-02	  -6.0936058477570521e-01	
   4.8626842545869686e-01	   3.0329687428814933e-01	   7.1146248171923709e-01	   1.0877396091471312e+00	   2.4877480916580919e-01	   3.9648215656988811e-01	   1.0193684245193326e+00	   0.0000000000000000e+00	   1.9909815184446594e-01	   5.0025102117278930e-01	  -5.8627611161566444e-02	   5.2438087079707785e-01	  -2.8607427550451130e-02	   3.9269927860662551e-01	  -1.9186201738895270e-01	   3.4752029813258434e-01	   3.0759385270819478e-02	   5.1885641060183937e-02	   4.8232684900667577e-01	   5.6447322194327687e-01	  -9.2157657024801415e-02	   1.4701598884331951e-01	   1.7346974154283926e-01	   4.6685708059374864e-01	   3.7390228489754145e-02	   3.9057472788961983e-01	  -6.2314344188364248e-02	  -8.5095919968522001e-03	   6.2336026385428941e-02	   1.0613916606866214e-01	   3.2882303412047059e-01	   3.3511671398263088e-01	   5.3196081379608418e-01	   4.0420929701303149e-01	  -1.5392261568324322e-01	  -1.7336547221311963e-01	  -2.5606510734886345e-01	  -1.8094468893079213e-01	   1.8654586621455702e-01	   3.0066518466374292e-01	  -5.9802569883355928e-03	   3.5626472327385966e-01	   1.2905129589037834e-01	  -3.2825618778793988e-02	   3.9334449421646656e-02	   1.2430059870762013e-01	   3.9229732136029961e-03	   4.0572825229403447e-02	  -7.5318419236751182e-03	   3.4752040711065260e-02	   4.3342271202908633e-01	   3.7495162204076404e-01	   1.7543725148800349e-01	   7.9665752846190110e-02	   1.2310134175615783e-01	   5.1757428353688968e-02	   3.9962627976903603e-01	   5.4732444509019951e-01	   6.3545499556189133e-01	   4.8141386659601026e-01	   8.7507137693501436e-01	   9.7446322936468588e-01	   3.8380740135330937e-01	   5.4871839174047643e-01	   9.8732027212442106e-02	   4.6665419123226815e-01	   5.7202788613923061e-01	   6.3840127843154182e-01	   5.5489967550413988e-01	   7.7596977451696869e-01	  -3.5028231908069439e-02	  -6.9945528948196042e-02	   4.8994510407090144e-02	   3.1478089925200320e-01	   2.5704200513549386e-01	   4.4677130583017782e-01	  -3.3615271741359717e-03	   1.8046750437053210e-02	   9.0754886494875495e-02	   1.2852302066117810e-01	   1.2324803812941658e-01	   1.4308461168070585e-01	   1.3849250727803561e-01	   3.3949719399508316e-01	  -3.6994824349290731e-02	   3.9882345135658526e-01	   3.3402439371697501e-01	   3.9261545856960477e-02	   2.2050267043886235e-01	   4.9813611866990370e-01	   6.7982097041315592e-01	   2.8439751687931952e-01	   6.3807389592354335e-01	   3.8860702488744819e-01	   1.4940869833016217e-02	  -2.4190531952575242e-02	  -4.6577555485642685e-02	  -4.9799064512194596e-02	   2.4461695100891689e-01	   6.0493324175257936e-03	   6.2695226107757973e-01	   6.7846526739154289e-01	   3.7862159257249056e-01	   5.5137763918577076e-01	   8.8067731362546600e-02	  -1.5827968259161299e-01	   1.9883421909066820e-02	  -1.6831824230832848e-01	  -6.2335054286656241e-02	   4.7441947532987298e-02	   3.5967012633867319e-02	   1.1045295793621575e-01	   4.2488554004512624e-01	  -1.4801883555276875e-02	  -1.4058461537573380e-01	  -4.1008976990213547e-01	
   2.1904361290899124e-01	   2.1960094659427505e-02	   3.5047102427960844e-02	   3.4789064146266195e-02	   3.6922815465561964e-01	   2.5384708910815823e-01	   3.9628636403679895e-01	   1.9909815184446594e-01	   0.0000000000000000e+00	   5.9931440187009177e-01	   3.7373254420682966e-01	   3.9939742715705490e-01	   4.3190661172917683e-01	   1.6713676629328220e-01	   6.6998509875230716e-01	   3.4464199679721369e-01	  -2.3639854709683092e-02	   1.1831432842323387e-01	   1.4416377975400185e-02	  -9.2103499587498666e-02	  -2.8715001156204473e-01	   8.4624730693198952e-02	   6.1849071572088812e-02	   5.1810531649645733e-02	   2.3167753696442736e-03	   4.1904058169860018e-03	  -2.9092615753776037e-02	  -3.1209485368138690e-01	  -2.2214549080033599e-03	   4.8369277371352763e-02	   6.1170802412017750e-02	   1.5838359080133715e-02	  -2.1858266535302075e-02	  -6.4083879688602271e-03	   9.5473454847080919e-03	   6.7002267012016406e-02	  -1.3415006899014595e-01	  -1.8413190191843631e-01	  -5.8233032910809550e-02	  -1.7516387736663697e-01	   3.3617068947459905e-01	   4.6447796199954805e-01	   3.5190184314553358e-01	   2.1541615435250414e-01	  -4.1232176218547134e-02	   1.4915966027474517e-01	   1.5732603901906789e-01	   1.3525478740246244e-01	   5.1546125624815378e-02	   3.8771213400191679e-01	   8.2640002442662369e-02	   4.1812344573644705e-01	   2.1213486085825195e-01	   4.8227725470873817e-01	   2.0078265231928452e-01	   3.4782702376431779e-01	  -6.1813410005475584e-02	  -4.1403628087240275e-02	   4.2150935321932420e-01	   4.3588331551588733e-01	   1.7174677998764509e-01	   2.2623212482814808e-01	   1.4231813988608211e-01	   2.0622522962109521e-01	   1.0957224029381905e-02	   2.2434986314886374e-02	   1.3749259870752634e-01	   1.6909155292600678e-01	  -9.5718228009669722e-03	  -6.5050930418156086e-02	   3.6849805877667501e-02	   1.8104805899415318e-02	   1.1831439907160340e-01	   7.0633372390867935e-02	   2.2611739083263149e-01	   1.4895460654766898e-01	   1.4815502527440727e-01	   1.0678900112244785e-01	  -5.6338885492258635e-02	   7.0941123887036618e-03	   7.7367616643554488e-02	   8.0390907007914292e-02	   6.3711021874474338e-01	   2.9218607430249549e-01	   7.1449713970160228e-02	   7.7889293145787353e-02	   1.7529022176209075e-01	   7.1868911803562169e-02	   9.3374682951589918e-02	   2.0077986251629917e-01	   4.5162243123576029e-01	   4.2911029865028710e-01	   1.7589112558571066e-01	   4.2074617859988023e-01	  -3.8623064511638897e-02	   3.7074263042448145e-02	   5.9337183975140269e-02	   7.9198305702291763e-02	   5.9878583275682418e-01	   5.9490620007508133e-01	   4.1679922230142408e-01	   2.8785890905791500e-01	   3.0668216842933782e-01	   1.3351577319578420e-01	  -3.6161127213131895e-02	   2.3756612120258643e-02	   2.5695781028593145e-01	   2.2120083093235973e-01	  -4.8778686438532656e-02	  -1.1302504994825213e-01	   1.3161813839974602e-03	   2.7558021424549872e-01	   5.3765248039243096e-01	   2.0848564838128683e-01	   2.7985019968413166e-01	   5.4951684761315567e-02	
   2.1027617140451654e-01	  -1.1592725070501271e-01	   1.2502807018074999e-01	   3.2341654908214090e-01	   6.0160452028290479e-01	   7.9252145199560087e-01	   3.7567577928447848e-01	   5.0025102117278930e-01	   5.9931440187009177e-01	   0.0000000000000000e+00	   9.0503411443011786e-02	   4.1654209420878296e-01	  -6.4466200275074645e-02	   7.5005281009710135e-04	   3.0266623083857924e-02	   4.6320915956377345e-01	  -2.3769918175744759e-01	  -1.6143950909930033e-01	  -1.3993506007439688e-01	  -2.0229897756052651e-01	   1.3069439015151063e-01	   6.5163677017994837e-01	  -8.4457878527063823e-02	   1.2051467582657584e-01	   8.3494139754074576e-02	   3.5274140675898585e-01	   2.6200138906275100e-01	   2.6444124899465854e-01	  -3.3423213120537060e-01	  -2.1095464003285772e-01	   1.2160845265256616e-01	   2.2487781113187205e-01	  -5.8156747798217903e-02	  -1.1337151848745871e-02	  -1.3142623654311938e-01	   7.9090009495144678e-02	  -1.4299652199097113e-01	  -4.0695996011344276e-01	   8.4914869200764062e-02	  -1.7335124178131933e-01	   2.9715898663992346e-01	   5.0951602831014453e-01	   1.9751505690827501e-01	  -1.4514360914713777e-02	  -2.9823174725677892e-01	  -1.5064378587149549e-01	  -2.0622786668422324e-01	  -3.0746108582989229e-01	  -2.7677322132693705e-01	   3.8722990322825154e-02	   1.6112146916492285e-03	   1.4724706071627205e-01	   1.5878871198925899e-02	   1.5917391562271042e-02	  -7.6527020801933923e-02	  -1.7824809255232443e-01	   1.9320784630705559e-03	  -5.3902847039600757e-02	   3.5286486987619542e-01	   6.1940455832342467e-01	   3.3498096996849763e-01	   4.6456127769344258e-01	  -3.5084825023803563e-02	  -3.2211825178544103e-02	  -8.0973368230634737e-02	   2.5378343500363909e-01	   1.1368665063263581e-01	   1.7294272064469346e-01	   5.9428506674093863e-02	   1.4223820706877946e-01	   9.0766394162667879e-02	   1.3791845893962862e-01	  -3.0328588723997651e-01	  -6.2977084599517036e-02	   2.3400152806177911e-03	   2.2584991013121836e-01	  -1.8506557753022252e-02	   7.1164093679111487e-02	  -1.2295435386479979e-01	  -1.4740445628897259e-01	  -1.4487212759410656e-01	  -1.7723702137035452e-01	   2.1339948993219021e-01	   6.0984496120526865e-02	   8.5864284335497393e-02	   9.1311405543130358e-02	  -2.4121614842406469e-01	  -1.9522107761584015e-01	   2.6320762881693449e-01	   3.0462255135222749e-01	   3.8622197728175234e-01	   8.8475563844147842e-02	   2.6913572858769974e-01	  -3.1078803004991482e-02	  -2.4655785268075656e-01	  -1.6609971034088378e-01	  -4.0419022536815619e-01	  -3.8698318074340654e-01	   1.5440456383151649e-01	  -2.7516068032308272e-02	   1.9381614901497821e-01	   1.8359963155108544e-02	  -7.0912339611282404e-02	   3.7881725605534426e-02	  -2.2170466033487773e-01	  -1.5593542601009330e-01	   4.2563110467058718e-01	   1.8968413097177395e-01	  -1.9869424289581872e-01	  -4.3537160259257401e-01	  -3.4856142512325861e-01	  -1.7988751154880196e-02	   2.4425303802911741e-01	  -5.1674427571087631e-02	   3.8808140964912974e-02	   2.9511056365867042e-02	
   3.5063041591309130e-01	   3.3674562239980771e-01	   3.4028122929684608e-02	  -1.8542762514695244e-01	  -4.0021450348038606e-01	  -2.3255002605949213e-01	   2.6411958731635554e-01	  -5.8627611161566444e-02	   3.7373254420682966e-01	   9.0503411443011786e-02	   0.0000000000000000e+00	   6.1483484385444276e-01	   1.2228507479713286e+00	   4.6677512852430081e-01	   7.8034683052374376e-01	   2.7933812992119794e-01	   5.5741505800312940e-01	   6.8657186789305791e-01	   1.0890848873431504e-01	   1.0617653765967057e-02	  -1.2382373648075146e-01	  -2.2978874400154076e-01	   5.1839012859082811e-01	   2.2528682948402323e-01	   2.4792131427974126e-01	  -2.3456248616597467e-02	  -8.1728600390913175e-02	  -1.7340499033472218e-01	   3.2326578687547336e-01	   3.6713118376661991e-01	   7.0845600337245254e-02	  -2.1927894291671979e-01	   1.1512930055541998e-01	  -1.0523987194502800e-01	   2.7417075879956593e-01	   2.4663142646733099e-01	   2.8961185726422273e-01	   3.3047316071620936e-01	   5.4342497967734382e-02	   3.2181389393172381e-02	   7.9914721872053632e-02	  -9.0963618141436928e-02	   8.4191504667712813e-01	   8.2915819612634045e-01	   2.8999431283370802e-01	   4.0938266562369474e-01	   7.1601844009074433e-01	   6.4998552304917978e-01	   4.1475993750665596e-01	   4.8867018389539674e-01	   2.3383063479778127e-01	   3.0468562147132883e-01	  -5.5858471152387755e-02	   1.3992575980137384e-01	   2.5572078206932225e-01	   4.0359840695714444e-01	   2.3437540461893910e-01	   1.9852485614643747e-01	   7.6218223048590446e-03	  -4.0371509569478839e-02	   1.8107206723897618e-01	   9.9788586453944828e-04	   2.5068027226845480e-01	   6.2338647218617274e-02	   3.1869304883572791e-01	  -2.4651880399969437e-02	   6.2616387406072699e-02	   4.5253076044402998e-02	   2.1862086138700090e-01	   5.2936572640264093e-02	   9.8013643213798990e-02	  -1.9620768956161581e-02	   5.2309894671791912e-01	   4.5040874817660181e-01	   3.8031796278872837e-01	   3.6667095876804556e-01	   7.0367556021854605e-01	   4.2999941339146397e-01	   5.4599140478146724e-01	   7.0606388014045085e-01	   3.3041246764835508e-01	   5.1707113253286430e-01	   5.0615861363416059e-01	   5.0046550545671498e-01	   5.1607098841648258e-01	   1.7395845558958983e-01	   3.1447069887551016e-01	   3.2166201922259147e-01	   1.3206296120909736e-02	   2.0532433337704895e-01	  -5.5709920138108930e-02	   1.5289125070144344e-01	  -2.4676627133929076e-02	   2.5968811922744006e-01	   8.9989961292745169e-02	   3.9007663250144917e-02	   4.4914414141134296e-01	   3.1039465376906078e-01	   4.2430634414377189e-01	   4.4633618837333372e-01	   9.2959847659977196e-02	   1.9785067979535673e-01	  -7.0142158863407585e-03	  -2.9689873677230697e-02	  -1.1459643496831667e-01	   6.0436548438219106e-02	  -4.4899487000227625e-03	  -3.8316114731177145e-02	  -3.7459562849614679e-02	   2.9355632670214171e-01	   6.2659824678877329e-01	   3.4485275561600953e-01	   2.3856386061289114e-01	   3.4432152606827332e-01	   3.7731633749351595e-01	  -2.9797865423848824e-01	
   4.2539431748963924e-01	   5.5817079248749546e-01	   6.2971729251203590e-02	   1.8403066769207047e-01	  -3.1279950129475591e-02	   1.5372436976453271e-01	   3.7698600220205292e-01	   5.2438087079707785e-01	   3.9939742715705490e-01	   4.1654209420878296e-01	   6.1483484385444276e-01	   0.0000000000000000e+00	   4.7757678818608629e-01	   8.8642623801086273e-01	   3.7769960612343040e-01	   7.1837848614160205e-01	   1.5467988142348546e-01	   2.7395461617206951e-01	   1.9296723309193928e-01	   2.3433021032755061e-01	  -3.6246502002646880e-01	  -1.9527852540140944e-01	   6.9306476071888820e-02	   1.7034832067843986e-01	  -1.1435050849606725e-01	   4.8291920722394917e-02	  -1.8392004497232989e-01	  -2.4007009190342843e-01	   2.6044025835487772e-01	   4.2335923830844813e-01	   6.7178659373627006e-02	  -3.3562944334734571e-02	   3.1472685848759552e-01	   2.1245866293093227e-01	  -8.1260550167665258e-02	  -7.2338128159350659e-02	  -1.2095677561349390e-01	  -8.3390321906563827e-02	   8.3105147853263825e-02	  -2.8681525840362484e-02	  -7.9966104413507447e-02	   1.6323056982027628e-01	   4.1763998609475522e-01	   2.2111016784989440e-01	   1.5458317718626213e-01	   2.1375751429453019e-01	   3.6038813798889113e-01	   2.3876201155516585e-01	   2.4142487661094333e-01	   2.7830298635693773e-01	   2.2610595363602332e-01	   2.8755152983744536e-01	   6.4358269124842925e-03	  -4.4238702817695017e-03	   2.2889210497334712e-02	   1.5356909367766446e-02	   3.2459529586114716e-01	   3.6281109667915346e-01	   1.3123777781682011e-01	   2.8139122273472383e-01	   3.4282095128739437e-01	   5.1467909100488718e-01	   3.2046850671938421e-01	   3.4871286317790789e-01	   8.2095064153128727e-03	   1.0912690341527671e-01	   1.4218454020570040e-01	   1.9387840542621315e-01	   2.8365432288798481e-01	   3.6542218303306651e-01	  -8.0461530455563895e-02	  -1.4138003675627167e-01	   2.3400647932120133e-01	   3.0378644502788593e-01	   3.6246226256087866e-01	   4.3522573272162002e-01	   2.9536780510742172e-01	   1.9888441948160585e-01	   1.5998265176215359e-01	   3.5730627765055484e-01	   4.1968499332554149e-01	   4.8454970440612005e-01	   3.8865815432480877e-01	   6.4654405272165627e-01	  -2.1412172698537270e-02	   2.3604843198226524e-01	   1.9271204271472669e-01	  -5.1809046111386320e-03	  -1.5303553376892531e-01	   6.8964971170460521e-02	   2.4372878814237997e-01	   3.2855591858574007e-02	   1.3801231958555668e-01	   9.0626302359071070e-02	   3.0839668515468338e-01	   2.4860407225183845e-01	   3.4162593563422333e-01	   1.8034882012775627e-01	   5.8303189845662284e-01	   2.5952117546144637e-01	   5.2462265457715485e-01	   2.2291451198337081e-01	   3.2113027212201506e-01	   1.5562084602358678e-01	   3.1872314647887610e-02	  -2.1885366934344108e-01	  -4.2162504934347561e-02	   1.5193452275032712e-01	   2.1766499338627357e-01	   2.8583738081766752e-01	   1.7867533706439734e-01	   2.9798820004046422e-01	   3.8782585924854174e-01	   1.9063333775595084e-01	   2.6915552802213721e-01	  -5.5443484450212480e-02	
   5.0858039975458458e-01	   5.1351022554422487e-01	   8.8866609522025117e-02	  -1.2456340464250995e-01	  -3.5229313482256036e-01	  -2.2497913108193901e-01	   3.1914774264398565e-01	  -2.8607427550451130e-02	   4.3190661172917683e-01	  -6.4466200275074645e-02	   1.2228507479713286e+00	   4.7757678818608629e-01	   0.0000000000000000e+00	   6.7007670834250721e-01	   9.8389041115720821e-01	   2.3450244205393656e-01	   5.7752408422158819e-01	   6.9020775955252223e-01	   2.7113555164323799e-01	   1.8425237834025310e-01	  -1.7611049657943198e-01	  -3.2300899499457669e-01	   4.3593782109930446e-01	   1.4025751266727304e-01	   8.1258738296348387e-02	  -1.9720809576497567e-01	  -7.1068960778503790e-02	  -2.9385493341746471e-01	   5.0689185577345208e-01	   4.7073033402133918e-01	   9.8394682107189610e-04	  -2.7702163408136360e-01	   1.7562868008828519e-01	   9.0043169795586495e-03	   1.0331192174569725e-01	   4.7146698486964511e-02	   2.3264825505872905e-01	   2.9138193096182885e-01	   1.8763327503577765e-01	   1.9913508291790305e-01	   1.4064112960940872e-01	  -4.3423606044589821e-02	   5.6784010244128669e-01	   5.6418452875126612e-01	   1.7666343975522364e-01	   3.1421506238886288e-01	   6.7537301473088929e-01	   6.6459815355812668e-01	   3.6511630488948715e-01	   3.8412586491955369e-01	   2.4880526771542952e-01	   3.1013437180428427e-01	   1.5820355575625211e-01	   2.4754627883056671e-01	   4.0513940795069303e-01	   5.4344764746450047e-01	   4.2200112017020308e-01	   4.0397246691921790e-01	   1.0074424824394496e-01	   6.2279071701310328e-02	   1.5454124080867848e-01	   9.4742522071833007e-03	   4.5629673052480352e-01	   3.3905092580985535e-01	   1.1295521530496869e-01	  -2.2816270753458595e-01	   7.8119579242547990e-02	   1.0487312298949381e-01	   3.2872570038128585e-01	   1.0846393037002262e-01	  -9.9359497033408378e-02	  -1.8933133554507026e-01	   7.4261116928131576e-01	   4.7976059483028177e-01	   5.1237311260764584e-01	   3.7220646433847160e-01	   4.8624685927424438e-01	   2.2179330568038702e-01	   4.8837032918468570e-01	   5.5071460306047582e-01	   4.6613967058364214e-01	   4.7539320978505778e-01	   6.9951604337775830e-01	   4.7599364285955376e-01	   3.5312645530573739e-01	   7.3041678759133949e-02	   4.1886440776579026e-01	   2.1474901570224561e-01	   5.4845967716761465e-02	   2.0081654087703710e-01	   3.0016567557350719e-02	   3.3254162209304222e-01	  -6.7764688778588170e-02	   5.0333417322449825e-01	   1.5400495170320863e-01	   9.8328808415666227e-02	   5.7111878411054051e-01	   4.5031313856587513e-01	   4.0177182427202812e-01	   5.3022373308937321e-01	   1.7104288983986229e-01	   4.6728587392235604e-01	   2.0468143512558792e-01	   2.7461986000128974e-01	   1.0359751509701337e-01	   1.4261584271641961e-01	  -1.3222318195722549e-01	   1.2872266716860474e-02	   4.0265519197151371e-03	   3.9645387766696094e-01	   6.1338222649923702e-01	   3.0917631485611641e-01	   2.4204204612930119e-01	   3.5239497342035730e-01	   3.8007866723087852e-01	  -1.8438067125522459e-01	
