   0.0000000000000000e+00	   1.1073492576345088e+00	   7.1878927268597437e-01	   3.5797591867435619e-01	   5.2943480358713178e-02	   9.6130775346542838e-02	   6.4975513177463196e-01	   4.7895709201630471e-01	   1.9917055107471832e-01	   1.8021424820615101e-01	   1.0761088884049834e+00	   8.3322404409480977e-01	   7.7585388684329704e-01	   5.7070802390330388e-01	   7.7970498274956435e-01	   4.5002572233174537e-01	   4.8488920031174032e-01	   2.6844564167020701e-01	   8.5177305641079082e-01	   6.0553186030076378e-01	   5.2757797499409384e-02	   4.8241329456585880e-02	   9.5025851729018673e-02	   1.2592045363827678e-01	  -1.6566334855724502e-01	  -1.0642536512177275e-01	   6.7754350566579954e-02	   1.1625986564705442e-02	   8.3013466580816264e-01	   3.7202617446794922e-01	   9.1862818409595856e-02	   5.8197645005706074e-02	   2.9886593607500489e-01	   3.0806684165707232e-01	   2.1093785853231167e-01	   2.4975940083801529e-01	  -8.6029602804184693e-04	  -1.0001167548312040e-01	   5.8474639862614641e-02	   1.5689984361049858e-01	   6.3683467051901499e-01	   4.4903026891624964e-01	   5.6866797348203868e-01	   3.0591427540124827e-01	   2.0667406767305491e-01	   2.2172331929368855e-01	   5.0611231146190827e-01	   3.5134332673911139e-01	   6.4826522299523104e-01	   5.2656638313239024e-01	   6.3515589767945313e-01	   5.5623839556734600e-01	   2.9180404790053244e-01	   3.9441331544660718e-01	   3.2323170138301743e-01	   4.0933265006250846e-01	   1.3139567889126795e+00	   1.0351556231621251e+00	   8.2951609750136379e-01	   6.0860427439853049e-01	   6.9244303719388500e-01	   4.8111304645510050e-01	   1.0831321399528382e+00	   7.1080311854638689e-01	   1.6246418632710777e-01	   3.4345481866424171e-01	   4.7434572306785289e-01	   2.3283981059592523e-01	   3.9734979372763046e-01	   4.3713447004047057e-02	   2.1131079727445498e-01	  -2.5946400372326528e-01	   7.1738132829041368e-01	   5.7564757212404805e-01	   6.9056543032390139e-01	   6.1194121767989929e-01	   5.4121669200490419e-01	   3.9927726853536050e-01	   8.6488059846236620e-01	   2.3266649754264968e-01	   8.9830705526360743e-01	   7.6596831546596067e-01	   5.9488576393703252e-01	   6.7609472246890656e-01	   6.8053914082997469e-01	   4.6757593814924098e-01	  -9.8190669321344279e-02	   9.7324183928892027e-02	   2.7484761796945201e-01	   6.7080444987911714e-01	   5.1147570352973648e-01	   4.8487590854345458e-01	   3.2825449554433250e-01	   1.6428254868913517e-01	  -1.0225092855459405e-02	  -1.4290102853489420e-02	   1.1549889881185790e-01	   4.4965177986365491e-02	   8.4827750214674591e-01	   9.4983268588015157e-01	   5.3381777731975144e-01	   6.6694953036451765e-01	   5.3584958020777140e-01	   8.0530134110910045e-01	  -1.9224205276827816e-01	   1.1059638275046593e-01	   1.2105856312846824e-01	   3.5686784500639807e-01	  -3.5598714443456955e-02	   1.1953082000969091e-03	   2.6919138294089046e-01	   5.4899610049660941e-01	   5.6525884687149208e-01	   5.6483292330984125e-01	   3.7547243895063342e-01	   9.7660834247917508e-02	
   1.1073492576345088e+00	   0.0000000000000000e+00	   4.6711442443186080e-01	   7.4571107418500882e-01	   2.2603505100574420e-01	   4.1182182077300789e-01	   3.8271190690606988e-01	   7.0617858800179478e-01	   6.1121354735813489e-02	   2.8751829756648406e-01	   5.9527743244678089e-01	   7.5360597436073129e-01	   5.0801385479787109e-01	   5.9586982178526493e-01	   5.4623636447893931e-01	   8.2360815045155356e-01	   8.3143749886766605e-01	   6.0555429245362036e-01	   8.9866358256803047e-01	   1.1785824992828691e+00	   3.9409787508812583e-01	   4.1057141758214633e-01	   4.1791061518457789e-01	   4.9544557588779592e-01	   2.7660887458187672e-01	   3.2721234838191754e-01	   4.2856011525735532e-01	   3.3182035833622103e-01	   1.0011724873900489e+00	   8.4244494237700762e-01	   5.5460952357403881e-01	   5.0373820622273546e-01	   4.7611743095753933e-01	   6.4612228383352210e-01	   2.7290273003001725e-01	   3.2317964243897973e-01	   1.1716983322708306e-01	   2.3493460061199473e-01	   4.5910765122524438e-01	   5.6694962160046414e-01	   8.2309426670537622e-01	   7.2460550156494818e-01	   9.3877093381670240e-01	   7.5808956160833818e-01	   6.6203827523034375e-01	   6.4091712903763620e-01	   8.3209189305675657e-01	   8.0429519730386800e-01	   9.6365302542168985e-01	   7.5721430738088158e-01	   9.3212268735710690e-01	   9.3463129216794794e-01	   4.8615155348012085e-01	   6.1447176166420814e-01	   6.7109346568249173e-01	   9.2526968918227337e-01	   1.1005337048693089e+00	   1.3353165684519803e+00	   4.2655127737948734e-01	   5.2211616612119172e-01	   2.2223516023733761e-01	   4.2246824715299747e-01	   9.7142245292705853e-01	   8.4871719041115379e-01	   1.4255637016467965e-01	   4.9072597203998736e-01	   5.1033654318196664e-01	   5.2015948763525588e-01	   9.3060829304987558e-01	   4.4794023257755322e-01	   3.3856000077283555e-01	   3.6855338146370799e-02	   7.8477350832389670e-01	   7.8543244656530664e-01	   6.7535898254604321e-01	   5.9153433165642866e-01	   5.5755378293599400e-01	   4.3362630092863552e-01	   1.0300608521891930e+00	   4.7770850563672718e-01	   1.1414357578517245e+00	   1.0750820548502817e+00	   1.1278163374850372e+00	   1.3011910029283573e+00	   9.9143503028058932e-01	   9.9696074340101315e-01	   3.8652260538483046e-01	   5.1651023519819128e-01	   3.5154725551450383e-01	   9.9673659424704886e-01	   7.6395870998461546e-01	   5.2519712565603549e-01	   6.9085670363184992e-01	   1.8358960791170537e-01	   7.0634613374568264e-02	   7.7208625926098839e-02	   3.3800295801025304e-01	   4.1267814595447755e-01	   1.2238833384107788e+00	   1.0630258063040359e+00	   8.7162269925109936e-01	   4.9075855735092377e-01	   8.0478301019054155e-01	   8.3939992808216901e-01	  -1.2502121469231461e-01	   1.6238797681345180e-01	   2.9982759307071016e-01	   4.7215201073842994e-01	   4.2130975913127179e-02	   1.2088932484441857e-01	   4.4337494655667709e-01	   6.1961513310569161e-01	   5.8576808990273133e-01	   6.9449757918089372e-01	   3.6910270550216817e-01	   7.1424325635982985e-02	
   7.1878927268597437e-01	   4.6711442443186080e-01	   0.0000000000000000e+00	   4.2403406697209006e-01	   2.6844344344763615e-01	   1.0426320740858093e-01	   1.3904719275889101e+00	   6.0492131755709799e-01	   6.1215698450366496e-01	   1.8845845869138170e-01	   6.5108856449855068e-01	   5.2574541433354105e-01	   6.6403036632776591e-01	   5.0452908935274277e-01	   5.6493830861557193e-01	   3.4170897874970146e-01	   9.4362731884838971e-02	   1.8921362361241464e-02	   6.5077053334032609e-01	   3.9882389544511870e-01	  -8.2891157563390869e-02	  -2.5736610548624006e-01	   3.5974253814046941e-01	   2.2158712475354431e-01	  -1.1626476240696269e-01	  -9.1507931624762506e-02	   7.1306463201845447e-03	  -5.9667936804722460e-02	   4.3678201671388373e-01	   9.0151858356988704e-02	   1.9627607756664933e-01	   6.0332771779490355e-02	   5.5850379211114118e-02	   3.9285837950374984e-02	   7.6593016173410244e-02	   1.0763122200559778e-01	  -1.3093128458640618e-01	  -4.5506262961706961e-01	  -9.7529509086515045e-02	  -6.1392173554773402e-02	   2.5107849956606454e-01	  -3.9842675737046522e-02	   3.0099199618468747e-01	   6.9395076193800503e-02	  -1.0436144774814903e-02	  -1.5940176180328329e-02	   2.5924251100844287e-01	   1.0076156333261749e-01	   4.2869606876519223e-01	   3.2364139375653089e-01	   5.1972757360804034e-01	   4.0792162324892906e-01	   2.3313934462244898e-01	   3.1883937429131304e-01	   8.7077432498378973e-02	   9.6975271101818278e-02	   5.0413898996241235e-01	   3.7143116731058451e-01	   5.4719249976579176e-01	   4.1408064884527856e-01	   6.0665370719719769e-01	   4.3843900142655151e-01	   5.9958295434394926e-01	   4.7794901049590593e-01	   3.0796830112850276e-01	   2.8397179550056073e-01	   2.1385938176281533e-01	   1.5620261097992782e-02	   1.2952622973767491e-01	  -3.6557100709644567e-02	   3.6957973980247377e-01	  -1.7775110694093152e-01	   3.6033957969031943e-01	   2.8829642991939175e-01	   5.5395114807596757e-01	   4.2195131209400161e-01	   3.4068982346496207e-01	   2.5540033712119992e-01	   4.3708355845878438e-01	   4.3205634728562474e-02	   4.2651900713099611e-01	   4.0414007104975913e-01	   2.8343932059120103e-01	   3.3069211149533251e-01	   3.1993976269259472e-01	   2.5725796388723854e-01	  -1.1297957033774560e-01	  -8.0380980628288988e-03	   3.9097134035765052e-01	   3.6627006155117392e-01	   2.5286107220909165e-01	   4.0046073033850771e-01	   1.4817020842022738e-01	   2.2578497950010001e-01	  -3.8947969888882293e-02	  -4.7724332055791213e-02	  -1.1251609178017978e-01	  -1.7922849748236708e-01	   3.3413351672161790e-01	   3.8127744326100421e-01	   1.2802005133734545e-01	   5.5670130838853105e-01	   8.6295204070045040e-02	   3.4973875972530766e-01	  -3.2188854198441808e-01	  -1.6873586695516149e-01	  -1.7466670238710191e-01	  -1.9089250949396543e-02	  -1.4935048319895122e-01	  -1.1703056643681740e-01	  -2.7656971113518736e-03	   8.1183073321090066e-02	   1.7242498658666719e-01	   1.0950914653198299e-01	   2.0577815133103469e-01	  -1.3259429368801556e-01	
   3.5797591867435619e-01	   7.4571107418500882e-01	   4.2403406697209006e-01	   0.0000000000000000e+00	   4.5002345725582477e-01	   9.5356560521434985e-01	   4.2539538637990926e-01	   1.4837804824296026e+00	   3.4963117164604658e-02	   6.4783365110795033e-01	   7.2686386131782882e-02	   3.1705499306862894e-01	   6.6271596708764854e-02	   3.8667533490190420e-01	   1.9853782461023034e-01	   9.6664844761562785e-01	   2.7997379290913182e-01	   1.2341742664835212e-01	   5.5149833882679111e-01	   8.2706040290482319e-01	   5.7044825464688642e-01	   5.2979391983516233e-01	   8.0711883006707108e-01	   1.1699739279196675e+00	   6.0187139863555283e-01	   7.4755036870559433e-01	   6.7210831669924265e-01	   7.0416322927599051e-01	   3.6060149712340006e-01	   4.4391764237861875e-01	   9.3352857240495679e-01	   1.0414655472726562e+00	   3.2108161846708105e-01	   5.4419475412627194e-01	   4.0658018241619198e-01	   5.8493750177614068e-01	   7.2800213106796074e-02	   1.0157650335395002e-01	   5.8572848314666992e-01	   5.7746472367041135e-01	   5.4823771247611741e-01	   2.3227989838979179e-01	   6.3395013869257466e-01	   5.4551086839588736e-01	   5.1511399262441915e-01	   5.9780812981490594e-01	   5.2987178426580439e-01	   5.4617508204185594e-01	   5.4650834494344647e-01	   5.3735739168138785e-01	   7.2196075840488438e-01	   6.7391315394310825e-01	   4.8228450638823023e-01	   5.0040017746373067e-01	   5.7067476910279724e-01	   6.6903450918699892e-01	   4.6994089643549197e-01	   5.0136351886246000e-01	   1.2683971684950532e-01	   4.5665941933201476e-01	   1.0088611539940930e-02	   6.6717124959012930e-01	   4.7025094279005047e-01	   7.1917416816137125e-01	   2.2567141676167449e-01	   8.4823451594625676e-01	   3.3902913319733158e-01	   5.5570945825840079e-01	   5.8428260669540966e-01	   4.3357483507421968e-01	   4.4206270213874937e-01	   9.9548702074138448e-02	   3.9240362413454777e-01	   4.2180710786614128e-01	   4.9182523825447233e-01	   3.9168727640290502e-01	   3.4037476982268183e-01	   4.8994403302809902e-01	   4.1717985761246812e-01	   1.6353315509088162e-01	   3.8060654444438935e-01	   3.7669244894065929e-01	   8.4183571320016926e-01	   8.3208784422519921e-01	   4.6514200612467332e-01	   1.0667631228722407e+00	   5.7329672025688649e-01	   6.3353357255467102e-01	   4.6406486839225408e-01	   8.4233410538850373e-01	   6.2119466136150503e-01	   2.2185117728746162e-01	   1.0082847706098834e+00	   1.5711779018157578e-02	  -4.4746522889626453e-02	   1.0303303883105187e-01	   5.5627131255010426e-02	   3.0695895828338626e-01	   5.6736010323648756e-01	   3.2917980461856422e-01	   6.2291038374952246e-01	   1.4275684090545507e-01	   2.8854918333858171e-01	   3.5427781946398113e-01	  -1.6790736541597623e-01	  -1.1533832356265582e-01	   1.2981297702211461e-01	   3.6230674358640538e-02	  -1.6512183722790785e-01	  -3.4754240696538347e-03	   1.3747920353030141e-01	   5.0774504456855600e-02	   1.0588267211871519e-01	   2.1459408597568053e-01	   1.7628600113869353e-01	  -9.1454631929235544e-02	
   5.2943480358713178e-02	   2.2603505100574420e-01	   2.6844344344763615e-01	   4.5002345725582477e-01	   0.0000000000000000e+00	   9.3168694901569893e-01	   2.6716681508910828e-01	   4.6447464291959456e-01	   4.9489674414959745e-01	   6.9613445456404721e-01	  -8.2374451173198762e-02	  -4.1496426854179300e-02	  -1.5380396811555727e-01	  -6.7292321771550617e-02	   2.9937407668931076e-01	   2.1088788895592050e-01	   3.4371812507583274e-03	   2.0781706032467726e-01	   3.0518282864268714e-01	   3.2994290934237486e-01	   7.2711597270783768e-01	   4.9005093052989024e-01	   3.4919162146499222e-01	   3.6647040795206992e-01	   5.0818106470607294e-01	   4.3750124650348410e-01	   5.8153190042781944e-01	   4.8387939179212242e-01	   6.6575034415951462e-03	   2.1758474085282450e-01	   2.9736788940850967e-01	   2.8970072195758118e-01	   2.0166972231668151e-01	   3.1759896983818936e-01	   3.6924649155108086e-01	   3.9625881383833877e-01	   1.6208047954860669e-01	   9.7446307273863872e-02	   5.2776794313458897e-01	   3.7278097048952524e-01	   2.7338769985614253e-01	   5.0085679133454880e-03	   3.9683826584331011e-01	   4.0235877922283214e-01	   2.8935390870020711e-01	   2.9072580053148966e-01	   4.7456300029363574e-01	   5.0341683887794075e-01	   2.8586870585058904e-01	   1.7800894935888503e-01	   3.1262333845235585e-01	   2.0971845387293725e-01	   1.6715884956070420e-01	   1.8821390406788835e-01	   2.5022330602657272e-01	   3.9155601644557236e-01	   1.0575157600953208e-01	   2.8164949348162333e-01	   1.7554196970570624e-01	   2.4780605961072333e-01	   2.3772581113182506e-01	   4.7619906761722858e-01	   8.6061888530016423e-02	   2.0491804392123253e-01	   5.0923290389887121e-01	   3.6436911864717719e-01	   3.2085591308563000e-01	   2.3829202421768675e-01	   2.9654693914450775e-01	   2.6372784645486258e-01	   3.5326736153630678e-01	   8.7311746179029454e-02	   1.8339350663245502e-01	   2.5059924075207485e-01	   3.0316437755065295e-01	   1.8459849345366985e-01	   1.6374357347108598e-01	   2.9755781132264991e-01	   1.3230182099080515e-01	   2.0670979844478196e-01	   5.2721700628969033e-02	   1.5666191927977227e-01	   3.8202849807051409e-01	   2.5249712217827669e-01	   2.8238897994532164e-01	   3.3524726459985904e-01	   3.3329050949626460e-01	   3.5718612353875540e-01	   5.3564160943432226e-01	   4.2559050907659257e-01	   1.8726193407190067e-01	   3.8771308435446926e-02	   2.6755760466271072e-01	  -2.4707010422256656e-01	  -9.5842008753143550e-03	   6.1706273033350668e-02	   2.4149604589771084e-02	   2.1944505787584570e-01	   1.0337481005393426e-01	   1.0948440652437583e-01	   7.8814744203408692e-03	  -5.8131618746552816e-02	   2.0484994366116640e-02	   6.5837818343772322e-02	  -2.0246170834291713e-02	   6.6840923673249980e-02	  -1.8518085708661677e-01	  -4.8123112287689479e-02	   2.6285145546849397e-03	   2.0650410271445593e-01	   2.7115546413914660e-01	   1.2592430058037504e-01	   6.1149398095187740e-02	  -1.5178965934788549e-01	   1.2646828147962902e-01	  -2.4802182498385583e-01	
   9.6130775346542838e-02	   4.1182182077300789e-01	   1.0426320740858093e-01	   9.5356560521434985e-01	   9.3168694901569893e-01	   0.0000000000000000e+00	   1.1289893413806802e-01	   8.0829771697881947e-01	   3.2764554756786822e-02	   1.0749041251520224e+00	  -2.0539929891896894e-01	  -3.7339266353912028e-02	  -2.9807725296439719e-01	  -3.2419597960392219e-02	   1.9341769644140186e-01	   4.5967173621300433e-01	   1.1863267665819378e-01	   1.2702086305646876e-01	   3.7176394057279810e-01	   5.5482366366107327e-01	   8.3842747892504765e-01	   8.0267714025708259e-01	   4.4567418814253612e-01	   7.3641013097480557e-01	   7.1069248370675497e-01	   8.5713280386852775e-01	   8.2356729592036615e-01	   8.7352277855489258e-01	   7.2639450678452414e-02	   3.6021318035115957e-01	   5.6029792600868933e-01	   6.9844094817874580e-01	   3.5685288169635571e-01	   6.0790724135963869e-01	   5.5798134147488399e-01	   7.3029050747013224e-01	   1.3954063035994635e-01	   2.7973413868443042e-01	   8.1544220864424999e-01	   6.8054581426212002e-01	   4.0209382553782713e-01	   1.0814895138283842e-01	   4.9421594718474487e-01	   5.5319499653468518e-01	   4.9098905389602704e-01	   5.9700662870491139e-01	   4.6235006321582151e-01	   6.1261249788760652e-01	   3.5510692253377207e-01	   2.9755851303489261e-01	   4.5901999819929529e-01	   4.0491024396710956e-01	   3.6081700188146720e-01	   3.0146173086524791e-01	   4.7681368477838582e-01	   6.1714751297181125e-01	   1.7665078408958329e-01	   4.0153357938886969e-01	   1.3772879858834081e-01	   4.1156171059496954e-01	   3.7408133853568726e-02	   6.9068613047803640e-01	   9.3506699803544216e-02	   3.4114351187762670e-01	   5.2830541965108113e-01	   8.7997646296180820e-01	   4.8414011243545979e-01	   6.3558748958370126e-01	   5.7874476771953010e-01	   6.0679274709669750e-01	   3.6519559729647066e-01	   2.0384616304008368e-01	   2.0793131159572592e-01	   3.0560941809937220e-01	   3.0328750481869821e-01	   2.0953536749079729e-01	   2.2657434910578772e-01	   3.9563348861764530e-01	   1.5835925875191842e-01	   1.8853710883119620e-01	   1.2893125985673881e-01	   1.9101480818082528e-01	   6.1665051120108072e-01	   4.8670096910059829e-01	   4.1143137549245296e-01	   7.4647197157805256e-01	   5.2306514187653841e-01	   5.4995762469196607e-01	   5.5657103552650078e-01	   7.3179245991217623e-01	   5.6668718945155439e-01	   5.4920150570788681e-02	   8.8776966301192761e-01	  -1.3194502799811025e-01	  -1.9958377971258521e-02	   1.7100830270634504e-01	   1.2713758741632325e-01	   4.5252956729854349e-01	   3.4305439644794095e-01	   1.7712840639873487e-01	   4.3492997938915928e-01	   4.4509613522708208e-03	   2.0913182466227029e-01	   2.2802325351538333e-01	   7.4073085043546774e-02	   1.7009534855468370e-01	   1.8413901099761620e-01	   1.5794546837744636e-01	  -3.1256004188113203e-02	   2.4480407149526151e-01	   3.0510495046064812e-01	   1.3196165104694046e-01	   9.8044708838852648e-02	   9.7996335226425216e-02	   3.1471718511445523e-01	   1.4043174332471538e-02	
   6.4975513177463196e-01	   3.8271190690606988e-01	   1.3904719275889101e+00	   4.2539538637990926e-01	   2.6716681508910828e-01	   1.1289893413806802e-01	   0.0000000000000000e+00	   6.7050499321835377e-01	   6.2918203487210422e-01	   2.9406171267306125e-01	   7.6151300097359176e-01	   5.6731749545448540e-01	   8.2255702936408859e-01	   6.1241717786416949e-01	   5.0039373489332095e-01	   3.1796697959486497e-01	  -5.2255275648638688e-02	  -1.2606423785471593e-01	   5.2467191049756168e-01	   2.5462101066767617e-01	  -1.7557757257869061e-01	  -3.1240589365960697e-01	   2.6464409005819423e-01	   1.5857495239737671e-01	  -2.5612167702077937e-01	  -2.0357541574167401e-01	  -1.0634422419307483e-01	  -1.7284631681726031e-01	   3.7112512315743573e-01	  -4.0953030388941533e-02	   4.4392831333483429e-02	  -1.3312559451946435e-02	  -5.6764568295402953e-02	  -8.2191319415574046e-02	   3.0037543816742292e-02	   9.9358795616918558e-02	  -5.3307410555221271e-02	  -5.2687076706372538e-01	  -7.2343590431964533e-02	  -1.1428477333889420e-01	   2.7733941125879191e-01	  -1.9241480583007856e-01	   1.8235799627086174e-01	  -8.8857111065957770e-02	  -1.1782439367799830e-01	  -1.0805765488529322e-01	   2.2267888037871353e-01	   3.3430281607077339e-02	   3.5050617195469175e-01	   3.1358781639215555e-01	   3.8183062179337729e-01	   3.5079685365234842e-01	   1.6387494816800255e-01	   2.1719614477023058e-01	   1.6259201974618387e-01	   9.9003246013879165e-02	   4.0634884378278929e-01	   3.2574796587498989e-01	   4.9407672684751835e-01	   4.1681018183055785e-01	   6.8662845913699133e-01	   5.7749206105706141e-01	   5.4237005359045198e-01	   5.2425407971320714e-01	   2.8904565759064382e-01	   3.5301282479128426e-01	   1.0863572199546727e-01	  -9.2446264133825867e-02	  -3.6653181189517360e-02	  -1.7255564247436431e-01	   3.8516509782571756e-01	  -4.0148729009056322e-01	   4.1264283792024836e-01	   2.5564957359657836e-01	   6.6027534929574072e-01	   5.1093017374929495e-01	   3.1113817457630016e-01	   3.2945356089010119e-01	   3.6300890097291211e-01	  -1.7727203018069293e-01	   2.4736538560106641e-01	   1.9031714883201242e-01	   1.5584355495029054e-01	   2.0657174063167807e-01	   1.2557613811642648e-01	   1.0828201331799904e-01	  -2.1481007612299111e-01	  -1.2683435861604286e-01	   4.4676127712098090e-01	   3.0704437137403029e-01	   2.0939185056415310e-01	   3.9043893699951338e-01	   1.3894995479251832e-01	   1.9897560373255907e-01	  -7.0411213940129919e-02	  -3.0192472264804739e-02	  -1.5765741339321909e-01	  -2.5061037509640721e-01	   3.2730843290441924e-01	   3.1130918079294534e-01	   6.0891685489973667e-02	   3.8586804611221820e-01	   2.7224047926864739e-02	   1.8415125750392677e-01	  -3.4801659013406405e-01	  -3.1937758964935298e-01	  -2.6818350865194174e-01	  -1.8361812983979928e-01	  -1.0381237454065569e-01	  -8.2960879874052373e-02	  -2.9508305247307742e-02	   2.2160658638167425e-02	   1.9538517565956195e-01	   2.1813886835627495e-02	   1.0078221387729201e-01	  -2.7598368847387839e-01	
   4.7895709201630471e-01	   7.0617858800179478e-01	   6.0492131755709799e-01	   1.4837804824296026e+00	   4.6447464291959456e-01	   8.0829771697881947e-01	   6.7050499321835377e-01	   0.0000000000000000e+00	   2.4240845528737129e-01	   7.9837458905505154e-01	   2.8047598320417566e-01	   4.8288546430149043e-01	   2.7453599131419965e-01	   6.3420222594475884e-01	   3.8685524984693215e-01	   8.8167202889892538e-01	   2.7617409113722685e-01	   1.4819051378743162e-01	   6.2929371090291930e-01	   6.8687238433212161e-01	   4.0091174925420570e-01	   3.3852421880235040e-01	   5.5084916108113180e-01	   7.3792249088381967e-01	   2.7740337196428222e-01	   4.1379977335079832e-01	   4.0046305082886952e-01	   4.0491041664841271e-01	   4.6762138024644417e-01	   4.2802794557580631e-01	   6.4474045440064720e-01	   6.9066126334858580e-01	   3.5541430874224089e-01	   5.1474483315363784e-01	   3.6103753191847193e-01	   5.4228357368604807e-01	   5.0725247021653611e-02	  -8.8203647910879465e-02	   4.5740936772571067e-01	   3.6926322514861271e-01	   6.1222403686327509e-01	   1.8126990302348164e-01	   6.5242065592732890e-01	   4.9106572477409371e-01	   4.6399951541631618e-01	   5.6575714218764350e-01	   5.0944852171368205e-01	   4.8248656079889374e-01	   6.4371673863718826e-01	   6.0113466584133457e-01	   7.2668763774414613e-01	   6.8011219518507537e-01	   4.1987252665868890e-01	   4.2743193245489602e-01	   5.3615352164143393e-01	   5.4301543159572097e-01	   4.7067849694349329e-01	   4.8208750799255856e-01	   2.7921238412781446e-01	   5.5399084540598464e-01	   2.5943330229060779e-01	   1.0243596486901678e+00	   5.8476164241236439e-01	   8.3668707441759849e-01	   2.9750040662314176e-01	   9.8639457350608739e-01	   4.1885986817891840e-01	   4.9970639357364760e-01	   3.9741626257404333e-01	   2.7978920643512006e-01	   6.0399052105546336e-01	   1.1244619727796500e-03	   5.0819828834670233e-01	   4.9576612049011465e-01	   7.0072969700499566e-01	   5.5095847426305844e-01	   4.0490237517530003e-01	   5.4068838716765788e-01	   5.7696081890818585e-01	   1.5475573646681792e-01	   4.7625531788127823e-01	   4.3476193587221695e-01	   7.3707491817730764e-01	   6.6712259496951520e-01	   4.1544611924146901e-01	   7.1115469979350199e-01	   2.3885862889331577e-01	   3.0409513426053486e-01	   3.9266136768188925e-01	   7.1064196092428655e-01	   5.1499842006744934e-01	   1.6873318212315266e-01	   6.8575420212741012e-01	  -6.0747109188453836e-02	  -6.5392219145468514e-02	   6.7197744069985216e-02	   6.4048041613965837e-02	   2.6351676050927597e-01	   5.8357292965107577e-01	   3.9926213178377135e-01	   5.4945968905885367e-01	   2.3122688658519175e-01	   2.6948258794891849e-01	   3.7132523669840256e-01	  -2.0435885375420124e-01	  -1.6275548376742233e-01	   1.0733989018345075e-02	   3.2144842562233093e-02	  -9.0708528740559277e-02	   5.5941958341696275e-02	   1.9690432145302486e-01	   1.1001704791067898e-01	   1.6024832142078760e-01	   1.8559492869875915e-01	   2.3629500671944501e-01	  -7.9298246798135255e-02	
   1.9917055107471832e-01	   6.1121354735813489e-02	   6.1215698450366496e-01	   3.4963117164604658e-02	   4.9489674414959745e-01	   3.2764554756786822e-02	   6.2918203487210422e-01	   2.4240845528737129e-01	   0.0000000000000000e+00	   3.8227364717642232e-01	   3.7758702100929681e-01	   3.3077223070914574e-01	   3.4217532415172675e-01	   3.0831612498067168e-01	   5.2545485389807034e-01	   1.2721766122291012e-01	   3.1441406009656142e-02	   1.6047948340299264e-02	   1.5758502541988817e-01	   1.3767729736003605e-02	  -2.9051364388580862e-02	  -2.2594217922727702e-01	  -2.0178606460791119e-02	  -1.2042361170461105e-01	  -2.3908073421825016e-01	  -2.7753824276769162e-01	  -1.8291932897544277e-01	  -2.7694252488095450e-01	   2.2461891984123425e-01	  -7.3833136551367556e-02	  -1.3302453885652407e-01	  -2.0230182193071172e-01	   1.3926172070035832e-02	  -7.9635285015650405e-03	  -6.6044463083917565e-02	  -4.8775363008039460e-02	   1.5576377017173543e-01	  -3.7791540607667023e-01	   5.6597036830189976e-03	  -2.5830267917321970e-01	   1.7571043317201213e-01	  -1.9706456061413874e-01	   1.5335173417017980e-01	   4.8857727820345809e-02	  -7.2061783122204209e-02	  -6.1151189420882490e-02	   2.2341114637605394e-01	   1.3408402391674054e-01	   2.0640790233445436e-01	   1.0386680626921457e-01	   1.3342278362616231e-01	   1.1567505246849240e-01	   1.2683866891554954e-01	   2.0088992138604963e-03	   7.2763327813552339e-02	  -2.5038022757638629e-02	   1.8100690597203414e-01	   2.1312024920581879e-01	   4.8956707452462528e-01	   3.2144583472967342e-01	   6.3638653171843917e-01	   3.6869329583200444e-01	   3.5580611081122326e-01	   3.6286427682952133e-01	   1.8198372155531173e-01	   3.0594111800960257e-02	   1.4248736553620192e-01	  -7.3388541694732828e-02	  -1.4317705604241313e-01	  -2.0731018837998516e-01	   3.4055569001325287e-01	  -2.3547815916979348e-01	   2.8833832006753202e-01	   1.3190442596472624e-01	   3.7126863846412600e-01	   3.3437888236910646e-01	   1.9874806668690456e-01	   1.8153453372911299e-01	   2.7467350258090401e-01	  -5.2761058888779841e-02	   1.3790816825293647e-01	   1.6711766679279397e-01	   1.4838914803928877e-02	  -1.4752937226083535e-02	  -8.1090594337609914e-02	  -1.3427573210347679e-01	  -2.8409626357345275e-01	  -3.0408094285050907e-01	   2.1967272582273573e-01	   7.0867383271092654e-02	  -2.5881906773967431e-02	   1.1429015484601435e-01	  -2.2358398753122127e-01	  -8.2657310514183374e-02	  -1.8722783775553039e-03	  -9.2698676324111676e-02	  -3.2852253017583030e-02	  -1.2683976769100158e-01	   7.0240282658147676e-02	   1.7970434213848230e-01	  -1.0372065914612205e-01	   2.4335314963799132e-01	   3.7353480158781112e-03	   3.6762104829275229e-02	  -1.8003062998354014e-01	  -1.5840873113533419e-01	  -4.8076109254162980e-01	  -1.5987722884423908e-01	   9.0662939251706376e-02	   1.2040431069031578e-01	   1.7178373919576434e-01	   1.6839143017977226e-01	   2.2805311180749011e-01	  -1.2055580132429788e-01	   2.9803459880805426e-02	  -3.7835791171791833e-01	
   1.8021424820615101e-01	   2.8751829756648406e-01	   1.8845845869138170e-01	   6.4783365110795033e-01	   6.9613445456404721e-01	   1.0749041251520224e+00	   2.9406171267306125e-01	   7.9837458905505154e-01	   3.8227364717642232e-01	   0.0000000000000000e+00	   2.9966277535499204e-02	   1.2797955017316254e-01	  -1.1947303541638946e-01	   1.2407181389482839e-01	   3.7796209550199583e-01	   4.3506639169102607e-01	   1.1261443791397727e-01	   4.9300304533093350e-02	   2.8653897180277399e-01	   3.1993527257245713e-01	   3.4389238792117138e-01	   3.2643594676915871e-01	   1.5928822180874980e-01	   3.7258851531624937e-01	   2.1143869431820964e-01	   3.0289307806907395e-01	   3.3959120599189957e-01	   3.8815621351474455e-01	   1.2413520939796335e-01	   2.1384788553729378e-01	   1.8114321370241143e-01	   3.1940996441346231e-01	   2.2806579522051784e-01	   4.1114129755148004e-01	   3.3577747175645306e-01	   5.1224562994214762e-01	   7.0187877355039605e-02	   7.6926467292496963e-03	   5.2440527064691056e-01	   3.1030528039272676e-01	   3.4474823411400923e-01	  -6.6342514031309849e-02	   3.6409942559829295e-01	   4.0695206184571525e-01	   2.9342848833595458e-01	   4.1306304664043897e-01	   3.6210646807448427e-01	   4.8369550757171847e-01	   3.6548983875816066e-01	   3.1021301383209571e-01	   3.6819378658687602e-01	   2.9689654498525936e-01	   3.0248797746452488e-01	   1.2962397434175565e-01	   4.0822646120375072e-01	   3.7198876085395938e-01	   2.2834615301993993e-01	   4.1791093359406872e-01	   3.3110670159672867e-01	   5.5103680064135574e-01	   3.1127725240156173e-01	   9.7045283487204215e-01	   2.3749080424234570e-01	   4.9396393074866635e-01	   5.5106141424231692e-01	   7.8723776349098762e-01	   4.0477316294562410e-01	   3.8380394746786223e-01	   2.4160063302876059e-01	   2.2129534813867144e-01	   3.3090691906965558e-01	  -5.5758977334729516e-02	   2.4761577120642461e-01	   2.6016638484245669e-01	   3.8261250666941971e-01	   3.6618996416906785e-01	   2.7488274145275571e-01	   4.6703017134461822e-01	   2.6092927408336730e-01	   5.5893648047782712e-02	   8.1749871792613157e-02	   1.1920966820237683e-01	   3.8221165443518457e-01	   2.8621172501307701e-01	   1.7347513121361574e-01	   3.5204540778521987e-01	   1.3280844268971523e-01	   1.2286258091287387e-01	   4.4254504608637835e-01	   5.2242222961889895e-01	   3.9726544057105462e-01	  -4.2347385942156618e-02	   5.2643724046588491e-01	  -1.5237827570898801e-01	   3.2558171392560509e-02	   1.6563105388840088e-01	   1.5135437819160086e-01	   3.4863650540173963e-01	   3.1688274097756097e-01	   2.1739219270280513e-01	   3.1941046215654828e-01	   1.5341385417252981e-01	   1.8465235443191064e-01	   2.0648838988984056e-01	  -3.2292489790739135e-02	   4.7512630063467898e-02	  -1.6135967894590344e-02	   9.3536641293138753e-02	   6.2156361682789291e-02	   3.1158719193538670e-01	   3.1806546653627360e-01	   1.5841788348690428e-01	   2.0263685564872230e-01	   1.0733999761882032e-01	   3.3170547802363459e-01	   2.5455271463730424e-02	
   1.0761088884049834e+00	   5.9527743244678089e-01	   6.5108856449855068e-01	   7.2686386131782882e-02	  -8.2374451173198762e-02	  -2.0539929891896894e-01	   7.6151300097359176e-01	   2.8047598320417566e-01	   3.7758702100929681e-01	   2.9966277535499204e-02	   0.0000000000000000e+00	   1.0265500137709345e+00	   1.4141286389134788e+00	   7.1868994914764417e-01	   8.1815886355087963e-01	   2.7618744216014646e-01	   3.0856439699468291e-01	   1.9410785711081788e-01	   7.1347145955145441e-01	   3.5767341794077229e-01	  -3.1196264506355353e-01	  -3.3081371307251350e-01	  -1.1959628509098039e-01	  -1.7510853954306185e-01	  -5.6211122762746468e-01	  -5.0822813805914602e-01	  -3.0611785834302546e-01	  -3.8877087663819210e-01	   8.5127218821377981e-01	   2.6898005881292270e-01	  -1.7522014800900862e-01	  -2.1702955277108604e-01	   8.4308914526874182e-02	   4.5300396994964166e-02	  -8.3904739189975708e-02	  -5.8638630182165502e-02	   4.0573406714144444e-03	  -1.4482111009814008e-01	  -8.8280184291999589e-02	  -3.8598706317249327e-02	   3.1787430002362105e-01	   2.6898654902793501e-01	   3.0344672125857808e-01	   1.0454261313473873e-01	  -6.1209964289001169e-03	  -3.7161420441538917e-02	   3.5364459709249041e-01	   1.9474162636899156e-01	   4.4877063135476247e-01	   3.9549663962203885e-01	   3.0961180162824520e-01	   3.9586780522105836e-01	   9.7879481542729588e-02	   2.0817115610139370e-01	   2.0950635747162633e-01	   2.5036752852590927e-01	   5.6715815061157482e-01	   5.4199414757591446e-01	   6.5215027579630347e-01	   4.0628152016961716e-01	   7.9477432784310165e-01	   3.3233707251755101e-01	   9.0846061174945880e-01	   5.4430241284214032e-01	   5.0741103132733174e-02	   1.2050059691790983e-01	   2.1937643918382471e-01	  -5.7561378525507328e-02	   1.1285816675659015e-01	  -1.1354655800220242e-01	   9.8254263517641924e-02	  -3.2645382122892225e-01	   5.9972161588247963e-01	   4.8729871163615346e-01	   6.6354078544126183e-01	   5.7592931398614844e-01	   4.6379647360627596e-01	   2.2991523658471213e-01	   6.8803529615329539e-01	   1.5189030662956310e-01	   6.7632744689418700e-01	   5.9160529438835030e-01	   2.2067691250183119e-01	   3.1044637263211405e-01	   3.5624244274471717e-01	   9.3700631611224189e-02	  -4.1904432295047161e-01	  -1.9805932080317101e-01	   1.3789173588045456e-01	   3.7898822684951483e-01	   3.1357755934768272e-01	   4.9163811362863258e-01	   3.2776903618584054e-03	   1.2828471213841916e-01	   1.3706708246918087e-01	   1.5980370077173695e-01	   2.3447475375599969e-01	   5.1900870375754977e-02	   6.1435226569703416e-01	   7.8897014146729860e-01	   2.4139895066520731e-01	   4.9455621249594961e-01	   3.6882905442927066e-01	   4.7569013111441816e-01	  -6.4177651953773465e-02	   7.1911772895709644e-02	  -7.5823633254490000e-02	   1.9009418003787035e-01	   2.1346881113915314e-01	   1.2719678634741863e-01	   3.0936305187729563e-01	   5.8313255264000696e-01	   6.5354869669154692e-01	   5.2845244535385361e-01	   4.4905900492597323e-01	   1.6266084702911415e-01	
   8.3322404409480977e-01	   7.5360597436073129e-01	   5.2574541433354105e-01	   3.1705499306862894e-01	  -4.1496426854179300e-02	  -3.7339266353912028e-02	   5.6731749545448540e-01	   4.8288546430149043e-01	   3.3077223070914574e-01	   1.2797955017316254e-01	   1.0265500137709345e+00	   0.0000000000000000e+00	   8.3797833985320935e-01	   1.1325871722475171e+00	   5.4802727549938002e-01	   5.2286740478436688e-01	   3.5868811393743077e-01	   2.5290312893533984e-01	   6.2273837639411034e-01	   4.6320101254476181e-01	  -6.3334032077767360e-02	  -1.2371064074064077e-01	  -6.6048124914225348e-02	  -1.7743473415539224e-02	  -3.3852696000665433e-01	  -2.8813434370066315e-01	  -1.7659988863292497e-01	  -2.5259575639692389e-01	   9.2641946584633239e-01	   4.9598026586875815e-01	   4.6215154597937486e-02	   1.1994104354467487e-02	   3.6721659632099579e-01	   3.5261648340793594e-01	   6.7938974668591848e-02	   9.8993688814100728e-02	   2.3980296037387805e-01	  -5.5761057988785889e-02	   2.0643465588104845e-01	   1.6130174769914593e-01	   5.4069450479405923e-01	   4.2421957568949825e-01	   5.8765088176375224e-01	   3.4280589902815856e-01	   2.2470958318341916e-01	   2.1963341163787806e-01	   6.2613947241438983e-01	   4.2200868947013959e-01	   7.3456421142677664e-01	   5.1947048050538280e-01	   5.1405798516676071e-01	   5.9159207348051290e-01	   3.2856268945128808e-01	   1.4903475168618555e-01	   5.8479972943116665e-01	   4.3860102433346188e-01	   6.0955596103040377e-01	   7.5025525392169734e-01	   6.6407307448279529e-01	   6.5809063929432321e-01	   6.1615002349189518e-01	   4.8008233185882176e-01	   1.0882436489993601e+00	   9.4557412625782866e-01	  -1.1334028167635248e-01	   2.3915181749727860e-01	   4.1273503745290058e-01	   2.6341747062779242e-01	   3.1717484083511999e-01	   1.1994751384437595e-01	   4.1178144392157900e-01	  -6.8081048875289291e-02	   7.9051534001434542e-01	   5.9923387869706402e-01	   7.5879739322637163e-01	   5.7063976131995420e-01	   7.1324006013177521e-01	   4.1350645308612793e-01	   6.9410575929514484e-01	   1.6941095599195194e-01	   7.4248189865720537e-01	   6.6513833799737543e-01	   3.9780617773058741e-01	   5.4886812638454141e-01	   2.8291329752677424e-01	   2.9017874623913248e-01	  -1.7963255334728090e-01	  -1.0012655452096926e-01	   1.9891130319908712e-01	   5.6434434159012337e-01	   4.4129849460506376e-01	   2.9764991682596303e-01	   1.3266774698334566e-01	  -4.5720042709002193e-02	   4.4774607973881018e-02	   5.3435352181897627e-02	   2.4465075828201899e-01	   1.8326399127552784e-01	   7.8594649037650122e-01	   6.6434150571416517e-01	   5.3958225942273186e-01	   5.1115366999253420e-01	   5.2119880621319037e-01	   5.6242975250258986e-01	  -2.6976630964993850e-02	   4.0643801816969582e-02	   1.8147037438120472e-02	   2.2453451751943776e-01	   1.0682011052256697e-01	   5.5397035669977564e-02	   3.2772535981872269e-01	   5.7432722134600689e-01	   5.5574637732581145e-01	   5.0419141145305402e-01	   3.2755806532696680e-01	   4.4415675580541582e-02	
   7.7585388684329704e-01	   5.0801385479787109e-01	   6.6403036632776591e-01	   6.6271596708764854e-02	  -1.5380396811555727e-01	  -2.9807725296439719e-01	   8.2255702936408859e-01	   2.7453599131419965e-01	   3.4217532415172675e-01	  -1.1947303541638946e-01	   1.4141286389134788e+00	   8.3797833985320935e-01	   0.0000000000000000e+00	   8.8496575755353846e-01	   6.2172918444362057e-01	   2.9114600224506948e-01	   2.3690419488033904e-01	   1.6786309024068807e-01	   5.5125258118317699e-01	   2.9928980209751932e-01	  -3.2994813177612442e-01	  -3.5399203490402598e-01	  -2.3822886677222214e-02	  -1.2285440095483431e-01	  -5.0120848692146036e-01	  -4.5968864428988432e-01	  -3.4344386521228731e-01	  -4.9120556996629111e-01	   7.8099086877204971e-01	   1.9555837552609401e-01	  -1.0387871604572028e-01	  -1.9255022258960616e-01	   3.8941494013535867e-02	  -1.3638407924928028e-02	  -1.4286391784656696e-01	  -1.2211267390181275e-01	  -1.2362248517298459e-02	  -2.4630602400007856e-01	  -1.8113538824049907e-01	  -1.5288676944411905e-01	   2.7904981359876180e-01	   1.6699103790805467e-01	   2.1277727644649763e-01	  -1.0412129163294049e-02	  -2.4877184350898932e-02	  -6.4926587806162339e-02	   2.1079350560759147e-01	   4.4877038802928586e-02	   3.4526770976360077e-01	   2.8114118344487404e-01	   2.6009601332998827e-01	   3.5277343525235544e-01	   2.2671234694292955e-02	   1.8598035954649697e-01	   1.6066055820462324e-01	   1.4611466369232620e-01	   4.2146435870786064e-01	   3.6259047002334699e-01	   4.3565350615184151e-01	   2.2557341132179076e-01	   5.3287036288144007e-01	   1.7644624567835587e-01	   6.5113285147196109e-01	   3.9777234475630047e-01	  -6.8424406351678263e-02	   6.6235573644244164e-02	   1.1913266164506299e-01	  -7.9072209085740849e-02	   8.9923128369490873e-02	  -1.1740605714917715e-01	   1.7174268359579897e-01	  -2.2969035718333400e-01	   5.7634871447131342e-01	   4.0711198271130988e-01	   5.9703153641270545e-01	   4.8929377839950816e-01	   3.2220049405061962e-01	   1.2315567960477326e-01	   5.7254893159295994e-01	   7.5330777619113637e-02	   5.6934923740333843e-01	   4.7107295825475137e-01	   1.1561986285536871e-01	   2.3169502955371135e-01	   2.6120452761914148e-01	   3.5111532783553688e-02	  -3.7235103085614379e-01	  -2.2245249031222719e-01	   6.7988658851480199e-02	   1.6980079196312531e-01	   1.3356746721285181e-01	   4.0963858224690014e-01	  -6.5260310206648658e-02	   2.1487247356569672e-01	   3.3642386187555433e-02	   3.9610867056296011e-02	   1.1226641553526379e-01	  -4.6714848439412364e-02	   4.4635510440372533e-01	   5.2352473241715336e-01	   1.2729506197629495e-01	   4.0488815007203999e-01	   2.3509327919750284e-01	   2.6336431814823813e-01	  -2.5295803286856183e-01	  -1.7984034217140710e-01	  -1.2531325607165700e-01	   2.9951668234693467e-02	   1.1625042324836225e-01	   4.4249855386122056e-02	   1.0718333749011225e-01	   3.2899086801784172e-01	   4.0881104347980923e-01	   2.8474518365154899e-01	   1.9833453250008939e-01	   5.8301338216686900e-03	
