   0.0000000000000000e+00	   8.7617014471001431e-01	   7.6769086587011093e-01	   8.2399410933356776e-01	   6.0711332669498685e-01	   6.4641632367736424e-01	   9.1831664676114055e-01	   7.5348216982241456e-01	   5.4873282842016013e-01	   5.2071270136795733e-01	   8.8369566156717416e-01	   6.5466046326396021e-01	   8.4799565840913882e-01	   6.7469218902555883e-01	   6.1241479916687092e-01	   6.1185340082976358e-01	   6.0226585838536184e-01	   5.8544768863321661e-01	   1.0329029853624656e+00	   8.4184715413391642e-01	   4.5079366060691450e-01	   6.0393621565619093e-01	   4.7222089166996178e-01	   4.6462996825062031e-01	   2.7308696052405268e-01	   1.5136879469925443e-01	   3.5033487226691884e-01	   3.0382433463606517e-01	   4.4154053344589600e-01	   4.9029901130808184e-01	   3.5893732479298479e-01	   3.6701038684867426e-01	   5.6978596008869242e-01	   3.2676104942962841e-01	   3.6192301988321257e-01	   2.0322886740163496e-01	  -3.6385636066131412e-02	   5.3020876114068027e-01	   3.7328493017022035e-01	   5.5594447159025284e-01	   3.5221226912133857e-01	   5.7127483700776560e-01	   5.8352786538561685e-01	   5.5610070298558600e-01	   3.1535543052983550e-01	   4.8163241047302735e-01	   5.3630020998121408e-01	   5.4797142734163384e-01	   5.8816697892064307e-01	   4.4066116291511487e-01	   5.3333249740816191e-01	   5.3674065964054973e-01	   5.8442700588892882e-01	   6.8932026933296331e-01	   4.7074916852675480e-01	   6.5278380369220479e-01	   8.2594027578751650e-01	   8.2225611113109975e-01	   6.3815616934531194e-01	   5.3737398693630145e-01	   8.3171713613458476e-01	   5.5042684510364270e-01	   6.5474915330645145e-01	   5.3704345340632353e-01	   6.5354605314877823e-01	   6.6443394365779940e-01	   5.7519290251205779e-01	   5.9080759989982545e-01	   9.2018137937177924e-01	   6.7374423090368762e-01	   4.1098309320638304e-01	   2.7288252606968200e-01	   6.4057468102831228e-01	   7.2208180924421916e-01	   8.8194155139591734e-01	   9.4252667012929614e-01	   5.5293137277666426e-01	   4.4128464257457045e-01	   4.7571634569059407e-01	   4.2198726912078260e-01	   7.5172347244933124e-01	   6.7548415204725554e-01	   8.3643029094749044e-01	   7.3641429892006027e-01	   7.7271713510469520e-01	   8.0476148865495400e-01	   3.3816245102413844e-01	   3.8121210576835746e-01	   6.1753764001727174e-01	   7.6395467347317325e-01	   8.1713575268104999e-01	   6.8753172064224799e-01	   5.9886702882567622e-01	   6.2958299730393064e-01	   4.1061915549039429e-01	   4.1601167691199886e-01	   6.9334616302038798e-01	   6.5689933811966805e-01	   8.2156520570409275e-01	   1.0393047673814260e+00	   6.7995543639258715e-01	   7.1719685659964805e-01	   6.5276240358722071e-01	   8.1569554955905055e-01	   5.2830169225355317e-01	   4.4368941711344778e-01	   3.9484949113495371e-01	   5.2558883795039846e-01	   3.4140453108962077e-01	   3.4671426257427590e-01	   4.2043374367490649e-01	   7.2571957731691428e-01	   8.9909866920776005e-01	   6.6151024006716352e-01	   3.9960558733484397e-01	   2.7316876192719525e-01	
   8.7617014471001431e-01	   0.0000000000000000e+00	   5.1727126244917021e-01	   8.5387939413714353e-01	   4.5387355012017455e-01	   5.0096410664892799e-01	   7.7366206060199161e-01	   9.0140590174495328e-01	   4.5263365020490903e-01	   4.7193963239397935e-01	   6.2737212768302408e-01	   9.6573627594805944e-01	   5.8330400649909653e-01	   6.8666607793500356e-01	   4.9064269173754260e-01	   7.8350609289583339e-01	   8.8490211188420020e-01	   9.4688278037097007e-01	   8.8130702187699406e-01	   1.1743907395672741e+00	   7.0158775469074031e-01	   7.7623259072024509e-01	   4.2712586644352069e-01	   4.5322787846481655e-01	   3.2517111062850768e-01	   2.2989464180589195e-01	   3.3297377761121011e-01	   1.8167437523539637e-01	   6.2919861570226820e-01	   7.7545988926464848e-01	   5.4790031571265574e-01	   6.1725933275791400e-01	   8.3588171133077505e-01	   7.0641593137735470e-01	   3.1471250288727776e-01	   2.0510308629946244e-01	   2.6864221565893125e-02	   3.1023986998959363e-01	   4.1292093618549075e-01	   3.9519245281011417e-01	   4.6862485788860209e-01	   6.8727597992748568e-01	   5.5795495492296032e-01	   5.3122730698885956e-01	   4.5835047876792190e-01	   6.1711966222970427e-01	   6.9846771994222634e-01	   6.3590690609412792e-01	   6.4330852455679166e-01	   6.0529171337155219e-01	   6.2436799213064953e-01	   5.3350893267938537e-01	   5.7982908870437555e-01	   6.2786384306708465e-01	   5.6167503936861884e-01	   5.9280187899229098e-01	   5.4168418905036164e-01	   8.4493391605754620e-01	   3.3612828519299059e-01	   4.1671152299867664e-01	   4.3765608116574217e-01	   3.8172917927440658e-01	   7.4565677111832673e-01	   6.6514331743018684e-01	   4.3926356465040250e-01	   5.1958120433270383e-01	   5.5150270032954318e-01	   6.4000492140684817e-01	   7.9930724246043894e-01	   8.0395499923155500e-01	   4.7461244566898497e-01	   4.0825032165975161e-01	   6.8046170757563351e-01	   7.3417217665497780e-01	   6.0926064688504455e-01	   8.2076645496890666e-01	   4.8558313413038806e-01	   4.3204203726339852e-01	   7.9083893251708604e-01	   8.7167883871409768e-01	   1.0642876923412730e+00	   1.3094209205709970e+00	   7.7413338979945523e-01	   1.0780823946358384e+00	   6.7699259396443878e-01	   9.0284030599555720e-01	   2.1182550683104506e-01	   1.0379769644612773e-01	   4.5012930260402617e-01	   4.4800467841315367e-01	   7.8569042680888979e-01	   4.7698757336528064e-01	   5.8036548916891451e-01	   4.6680893485108510e-01	   1.5414428596298912e-01	   5.1257934551947423e-02	   5.4071971666254837e-01	   2.3521288175080690e-01	   1.1066576319996133e+00	   7.9607649347661813e-01	   8.5015374797350174e-01	   4.1644423675318010e-01	   8.9334295700992317e-01	   5.7195348867349316e-01	   4.4205343961871307e-01	   4.0525375962248106e-01	   3.0912124784956330e-01	   4.0635907781552033e-01	  -4.0884305549377546e-02	   3.5884401546032985e-03	   2.8431611872344958e-01	   7.5675838787390382e-01	   6.9483424314209241e-01	   5.4190731670329628e-01	   3.3210323032146000e-01	   5.7938621048991765e-02	
   7.6769086587011093e-01	   5.1727126244917021e-01	   0.0000000000000000e+00	   8.4494934831443458e-01	   9.9253073090422494e-01	   5.4831897642424088e-01	   1.6347777038656730e+00	   6.7427724811962775e-01	   9.6080408410466700e-01	   5.3652981417668610e-01	   6.1038987876691153e-01	   3.2262983977977011e-01	   7.7596026222847181e-01	   4.0655260639612273e-01	   8.9885979460180510e-01	   6.7936591758803200e-01	   3.4109503958275533e-01	   2.8227903367970092e-01	   1.1745228349083388e+00	   7.8241627497691102e-01	   4.7191718941337957e-01	   4.3213936243164902e-01	   1.3848189345968338e+00	   1.0519047694719468e+00	   7.7239806096172858e-01	   5.6863108781103899e-01	   6.8722046204866172e-01	   5.7315893725909306e-01	   6.0699872546955091e-01	   3.1558497633519339e-01	   1.0749955176965071e+00	   9.0158982346328442e-01	   9.5106240632852324e-01	   5.8773509407893920e-01	   8.1530954205627426e-01	   3.8198849996166462e-01	   1.5123044477573125e-01	   3.5453111677732613e-01	   5.2530085920884162e-01	   5.1150145491814025e-01	   3.7984910355146628e-01	   3.6131626417256152e-01	   8.2574218553405343e-01	   7.7374510556312004e-01	   6.8818987159794154e-01	   7.2618085198253457e-01	   6.5248389333655099e-01	   7.4229566289176518e-01	   8.1781449523138494e-01	   5.6143215925734902e-01	   7.8668695685425583e-01	   6.2569824808643815e-01	   6.0759758201427327e-01	   9.5930633243802266e-01	   6.3004999673372208e-01	   6.4825069381744882e-01	   3.4100570431721033e-01	   4.2221124204218485e-01	   8.7716252776283965e-01	   4.8618568681994956e-01	   7.0643478628811585e-01	   3.2682857015323230e-01	   4.5972349551438207e-01	   2.7128013248431382e-01	   1.3305041722721103e+00	   6.9489994745173045e-01	   1.0880203449884285e+00	   8.2956441911911105e-01	   9.5463265895953575e-01	   7.1463007676486789e-01	   4.5850824224462994e-01	   3.7061252156612839e-01	   4.0855149218514047e-01	   3.0021187198391258e-01	   4.8580250999652830e-01	   4.0574470846044441e-01	   5.5448086763702953e-01	   2.8411320744043433e-01	   2.7614465093429497e-01	   2.7629712684414920e-01	   5.6613195920263359e-01	   4.6756705028973533e-01	   9.2021797414160000e-01	   6.3670101636566201e-01	   7.8203584702805273e-01	   6.9777695796584971e-01	   3.5397268075654204e-01	   2.6464714266634631e-01	   7.0669571945148835e-01	   7.4966616975095213e-01	   7.6408411325787151e-01	   1.0034899281229412e+00	   4.9166778470981387e-01	   9.1611911107788646e-01	   2.3863345048812684e-01	   1.3193454777716471e-01	   5.5292903114999925e-01	   4.6164686758982237e-01	   4.5633405858240683e-01	   8.4722382149127773e-01	   4.7235180708991309e-01	   8.8170688084184567e-01	   5.3339153133257833e-01	   8.0965120474617036e-01	   3.6792333826715884e-01	   5.9296567821357171e-01	   5.4005307690187532e-01	   8.1103320170377047e-01	   8.5411738502291681e-02	   5.9427723386461406e-02	   3.9798673494594872e-01	   4.7677693310294234e-01	   5.5757606513237101e-01	   6.3325687737870517e-01	   5.3935372993759312e-01	  -5.1718529068070255e-03	
   8.2399410933356776e-01	   8.5387939413714353e-01	   8.4494934831443458e-01	   0.0000000000000000e+00	   6.7421000682201071e-01	   9.5775497528508979e-01	   1.1091721178579419e+00	   1.5905311140552745e+00	   8.7711674452656596e-01	   8.6302580699161879e-01	   6.3741330856430523e-01	   9.8872776736272361e-01	   7.2423777879592099e-01	   1.0016054610142362e+00	   4.4232064564830087e-01	   9.2227745780656223e-01	   7.1820589833505155e-01	   7.1862290250355276e-01	   1.0349441727613189e+00	   1.2404379506682888e+00	   5.4332241786278690e-01	   7.2651670783429623e-01	   5.9387859250747999e-01	   7.6870593972667467e-01	   4.1282118737910090e-01	   4.0675061246406330e-01	   3.5330954770775796e-01	   3.0155477804716146e-01	   5.4144172167734916e-01	   7.0983999168753065e-01	   6.9296455754377639e-01	   8.4105097104769988e-01	   9.1508926917138655e-01	   7.2212529182436369e-01	   6.2870370287418176e-01	   4.3139323093465054e-01	   8.8487155808911366e-02	   5.3128242277091897e-01	   5.9589598624395024e-01	   6.7503629478012073e-01	   3.2542187996321148e-01	   6.9239689076070954e-01	   7.9389565888421920e-01	   7.5606692502981998e-01	   4.6842551360478368e-01	   5.6415568761209045e-01	   6.6145151596254892e-01	   6.7860354110692400e-01	   6.7819463766844212e-01	   5.0650782688186391e-01	   8.2697236006335617e-01	   8.1079540134590455e-01	   5.3534159619219279e-01	   6.6459170421146008e-01	   6.3916474929435840e-01	   5.9655391501297594e-01	   5.8844368757632626e-01	   1.0148989957661485e+00	   7.8507052701300872e-01	   1.0633899638890829e+00	   8.9617985931122857e-01	   9.0575627632953815e-01	   9.5249237048035329e-01	   9.9918090910103874e-01	   6.9784245294873837e-01	   1.1871705265756916e+00	   8.9582507972676928e-01	   1.1114091011154550e+00	   1.1184278175057496e+00	   1.0643325766545717e+00	   3.7764134667695171e-01	   3.4515519416937984e-01	   5.6329053187828992e-01	   6.2637305761411066e-01	   5.9002328467246212e-01	   7.7077376165501543e-01	   6.3580252197159404e-01	   5.4249972773849964e-01	   6.9797937020747824e-01	   6.2816704915427668e-01	   8.6734498890739853e-01	   7.8461474712513291e-01	   7.4841906435877037e-01	   8.5442981194605494e-01	   5.0162599676956909e-01	   7.6251946509332680e-01	   2.2345235982022560e-01	   9.7539280713884735e-02	   7.7843215664999477e-01	   8.6505986837637083e-01	   1.2206937096504096e+00	   7.3193222470308428e-01	   1.0856383035387580e+00	   7.4341979165588312e-01	   3.4699033754213227e-01	   2.4571213231105987e-01	   7.7574237059952744e-01	   5.0147564845358128e-01	   8.9832283860183415e-01	   7.9814652973301525e-01	   1.1524100000689430e+00	   7.2190954177154854e-01	   1.1205237739770224e+00	   9.0552070646524996e-01	   7.6454862540040325e-01	   7.1048302784957218e-01	   6.9644029225325499e-01	   7.3177748648785912e-01	   9.3453730220180803e-02	   2.0193013285080103e-01	   5.3485907162558854e-01	   8.6756489663472336e-01	   9.0578193301485266e-01	   6.4064905694833063e-01	   5.6755921965426537e-01	   2.0463517606675322e-01	
   6.0711332669498685e-01	   4.5387355012017455e-01	   9.9253073090422494e-01	   6.7421000682201071e-01	   0.0000000000000000e+00	   8.1922270487872884e-01	   1.0337592389868933e+00	   6.3511116905190801e-01	   1.1095259337404819e+00	   6.7944317223499140e-01	   4.4415511608320535e-01	   3.8192096566296863e-01	   5.4357794523872227e-01	   4.3583436763834027e-01	   6.5265264915822030e-01	   7.2802411913028808e-01	   3.0801879827020007e-01	   2.0991270395966066e-01	   9.0950837924621042e-01	   7.1152776114638228e-01	   7.4368447270529126e-01	   7.0040057430672875e-01	   8.2912039646160118e-01	   8.1875304202763943e-01	   6.3619466656826917e-01	   5.9507735262542349e-01	   5.3598926580255024e-01	   5.3346360034271945e-01	   4.2276590929940139e-01	   2.4717651540005009e-01	   8.5408276530274874e-01	   8.0368729839082687e-01	   8.7104268686817110e-01	   4.5541318881809417e-01	   5.4062860928855638e-01	   2.6470045408343235e-01	   4.0371970047934927e-02	   5.0493442417104384e-01	   5.8247333275345903e-01	   6.6370818434959566e-01	   3.0218158164649278e-01	   5.8746044596824620e-01	   7.5781101306741727e-01	   8.3924564061027462e-01	   6.3530340583130174e-01	   6.5068966459706956e-01	   6.2203071392660803e-01	   6.3562760875027924e-01	   6.7609971878757058e-01	   4.6590164622463226e-01	   6.2555280188298978e-01	   6.0501943696014793e-01	   5.4763784588843822e-01	   7.9435057162369238e-01	   5.5545177528661960e-01	   6.2297006414859812e-01	   2.8357673360311675e-01	   3.4092820890630454e-01	   6.5372743453575310e-01	   4.9202028579412771e-01	   5.2027999063714681e-01	   3.1744421134124851e-01	   4.7302122173744643e-01	   2.9862670031049876e-01	   8.1356992464905842e-01	   5.9143966693275107e-01	   9.1507741225567640e-01	   8.3619057154580123e-01	   1.0158905924271036e+00	   8.5114122400062453e-01	   5.7669328712987300e-01	   4.7535388447090737e-01	   2.8155019015771382e-01	   2.1582907705390533e-01	   2.9890388492715964e-01	   3.2870490055593216e-01	   3.3970763144270905e-01	   1.8082994604508645e-01	   2.6909784689039878e-01	   2.1001584868882028e-01	   5.3030258696382993e-01	   4.8770954386970300e-01	   7.3144157276480637e-01	   6.2335275348574193e-01	   5.9879033182911301e-01	   6.5296671246877980e-01	   3.3983499677010071e-01	   1.9464479268422039e-01	   5.7504156363636705e-01	   6.9098526835711016e-01	   7.2956422142394417e-01	   8.5339302469415890e-01	   5.3369852367215109e-01	   7.7823450922804971e-01	   3.6550871138163932e-01	   2.4636434019226611e-01	   5.0160015399654045e-01	   4.4402513847088998e-01	   3.7421251678968531e-01	   6.8773360566784136e-01	   4.5913830513494819e-01	   7.8252208692062752e-01	   4.7949245900642301e-01	   7.4570716525527014e-01	   5.0574549910323752e-01	   6.8988223196621690e-01	   5.5240347823828717e-01	   6.2847254953037257e-01	   1.6155873773679741e-01	   9.0204785156473122e-02	   2.9176346548448640e-01	   4.7823990939348304e-01	   5.5159553017917717e-01	   6.1216321331490731e-01	   3.9578865558429865e-01	   9.0542524087520754e-02	
   6.4641632367736424e-01	   5.0096410664892799e-01	   5.4831897642424088e-01	   9.5775497528508979e-01	   8.1922270487872884e-01	   0.0000000000000000e+00	   7.5102696218173082e-01	   9.1463829572797750e-01	   7.1981388305862792e-01	   1.0190958162997021e+00	   5.8954786878392273e-01	   7.0138123179065837e-01	   6.2676529891583632e-01	   9.1884236530992547e-01	   4.2243947237796575e-01	   7.3542132538776728e-01	   5.7848213087624789e-01	   5.2932208205372433e-01	   8.1396498741320122e-01	   8.2436732378390098e-01	   6.2731338704167927e-01	   8.1240922627730927e-01	   3.9282046005249571e-01	   5.1488154970354216e-01	   4.3021790323232290e-01	   5.4476098837652331e-01	   3.9580066795703389e-01	   5.1721533298686817e-01	   3.6581031384084006e-01	   4.3500452427814740e-01	   4.4768988630923434e-01	   5.5189698722028879e-01	   6.2958508578047789e-01	   3.4615388510677714e-01	   5.2880116978699165e-01	   3.6484389941231521e-01	   1.5049176980084716e-01	   7.9974029431533722e-01	   7.4953010917334351e-01	   9.1059045609635736e-01	   2.8250789033625140e-01	   9.0852137838025793e-01	   8.2163835774967087e-01	   8.1683984465877624e-01	   4.8870035127340505e-01	   5.2573418088835389e-01	   6.4289774623304641e-01	   6.4959160718798725e-01	   6.8840664963149534e-01	   4.7396749442286856e-01	   7.6170152341902209e-01	   7.7838206206887617e-01	   6.3121915935813888e-01	   6.5665055625217739e-01	   7.2407981554664724e-01	   6.2193350011627035e-01	   4.5409185904034094e-01	   8.1072233729632759e-01	   6.7515456116839034e-01	   1.0130988511943608e+00	   7.1994202445912081e-01	   8.8427509599973664e-01	   6.6486282057365809e-01	   6.6015897336563223e-01	   5.6823391965493664e-01	   8.4351581226875250e-01	   8.1351893906783723e-01	   9.4122265142324646e-01	   1.1790423542862858e+00	   1.2635863486859960e+00	   5.2493488628929663e-01	   5.2775279323592084e-01	   6.3013109099124587e-01	   6.2589277678376276e-01	   5.6380673008451154e-01	   6.2623638183886965e-01	   4.1445651391984645e-01	   3.3250171367542525e-01	   6.4657307716647994e-01	   5.1740601165758593e-01	   7.6398821267076555e-01	   5.8956979015355326e-01	   5.8284822356871968e-01	   5.6248257682440816e-01	   5.2262705325068981e-01	   6.2165900073976443e-01	   1.1583416881352909e-01	  -8.0725032024926979e-02	   8.8294062255174310e-01	   9.9527713390015449e-01	   1.1797363563589818e+00	   8.7640255111891419e-01	   1.1921001239623004e+00	   8.1903823163879819e-01	   4.3897218016822870e-01	   4.1556194248239287e-01	   8.0901715264556739e-01	   5.6697128100248650e-01	   7.3624603844014869e-01	   6.9178930693983842e-01	   8.9701086031652200e-01	   8.5531164043221242e-01	   7.8281963217597439e-01	   9.1997917441711330e-01	   8.3756491395917398e-01	   8.1573365711813128e-01	   9.0285479654506584e-01	   7.1528984613250757e-01	   1.7316529791581259e-01	   2.1629773387931472e-01	   6.1191405036748081e-01	   8.7421490521341760e-01	   9.8496679303293599e-01	   6.6916097872637836e-01	   5.1454138837315000e-01	   3.0200408051279504e-01	
   9.1831664676114055e-01	   7.7366206060199161e-01	   1.6347777038656730e+00	   1.1091721178579419e+00	   1.0337592389868933e+00	   7.5102696218173082e-01	   0.0000000000000000e+00	   1.0744763102182142e+00	   1.0069142760608958e+00	   7.4701266381977782e-01	   8.4503214129073412e-01	   6.3003144474437989e-01	   9.8913064256291894e-01	   6.7532482344885225e-01	   8.0991189292023757e-01	   8.1306647237827023e-01	   5.4034135129415017e-01	   4.8677398483390522e-01	   1.4411529525748346e+00	   1.0672540123517562e+00	   5.8776356978403155e-01	   5.9994669374038867e-01	   1.0510329359263986e+00	   9.4296410081528237e-01	   6.0208544110212125e-01	   4.6603524303737709e-01	   5.3608629881338343e-01	   4.1822450394353544e-01	   6.1862952794274384e-01	   4.7817607464558010e-01	   1.0263648542172479e+00	   1.0228405252348203e+00	   9.9749229765508041e-01	   6.0818895870773049e-01	   7.1617857603658974e-01	   3.1099691400602913e-01	   1.3050958072633312e-02	   3.9305013908635344e-01	   4.7963770206459405e-01	   5.4205294320094610e-01	   3.2373161291252234e-01	   4.8615404581262039e-01	   1.0583884532924297e+00	   1.0088130602697489e+00	   7.5637892002992102e-01	   8.3372181354990316e-01	   8.2164880434043197e-01	   8.6483343200792206e-01	   9.5249089041848078e-01	   6.9713635926362061e-01	   8.9387828279095727e-01	   8.4175815535111775e-01	   6.7627541086232534e-01	   1.0245755965165670e+00	   6.5343087203464800e-01	   6.7449885753435979e-01	   3.1958517019648752e-01	   6.3488576783064810e-01	   8.2338176988968903e-01	   6.6805537548411198e-01	   7.9619098799611088e-01	   5.4269026389869535e-01	   6.7455472689759932e-01	   5.4258310827724054e-01	   1.1413255778648834e+00	   8.3426194938442810e-01	   1.1283123111576252e+00	   1.0131596167023815e+00	   1.1087528667348894e+00	   9.3221341346522113e-01	   6.6273263389463766e-01	   5.0844316098610265e-01	   5.2289125251473179e-01	   5.1316998310647954e-01	   6.3860358753361846e-01	   6.5589561440592170e-01	   5.5929088979238595e-01	   3.2976426631082406e-01	   4.9821907837794360e-01	   4.2208468659281323e-01	   8.3285135875599070e-01	   7.2588922642990739e-01	   9.4079054636307735e-01	   8.0560420015468925e-01	   8.7714181515545775e-01	   8.1966919764544888e-01	   3.2531594774893841e-01	   1.8373331828554573e-01	   7.6592156824459168e-01	   8.1477930718265101e-01	   1.1121012202352751e+00	   1.0774204546770187e+00	   7.6829551023841369e-01	   1.0156875405751800e+00	   3.7888878464831127e-01	   2.7504232509364834e-01	   7.4985166548589210e-01	   5.3966344419375989e-01	   7.2489442982651775e-01	   1.1037716576220571e+00	   7.9162362234733663e-01	   1.0226631764962681e+00	   7.7876398351667686e-01	   9.9753452975744827e-01	   6.1471574141061258e-01	   7.7782913193852088e-01	   6.8949269620238596e-01	   8.9351796390297511e-01	   1.5710267556567914e-01	   1.6250397415788637e-01	   4.6638868270421757e-01	   7.5108120450386984e-01	   7.9683743993986422e-01	   7.6186425533159197e-01	   6.4815441583308320e-01	   1.8735259663421486e-01	
   7.5348216982241456e-01	   9.0140590174495328e-01	   6.7427724811962775e-01	   1.5905311140552745e+00	   6.3511116905190801e-01	   9.1463829572797750e-01	   1.0744763102182142e+00	   0.0000000000000000e+00	   7.8623531802838831e-01	   9.4690902620027095e-01	   6.4283050362869520e-01	   1.2569922787798802e+00	   6.6928694187378357e-01	   1.1787571016033480e+00	   3.1153197187573006e-01	   8.0598141919285538e-01	   8.4930615832069378e-01	   8.6614211806617036e-01	   9.3611702137354180e-01	   1.2802097648209227e+00	   6.3242774774449417e-01	   7.8206595650039246e-01	   4.1137434476552676e-01	   5.5019516887662001e-01	   2.9072190454515645e-01	   2.9706235308285789e-01	   1.8230894068890666e-01	   1.0146564256778373e-01	   5.7268753624576607e-01	   9.0320366727394985e-01	   6.0479243888530576e-01	   8.2799395944094789e-01	   8.7797134378047259e-01	   7.2951905100706349e-01	   4.9281553688107038e-01	   3.4957291633731002e-01	  -1.6180128519522753e-02	   4.5256167520193991e-01	   4.3581698085167064e-01	   5.5525652073056331e-01	   2.0473637454385768e-01	   5.7372523020309196e-01	   8.0714540030165971e-01	   7.9109392842488957e-01	   5.0824792766723192e-01	   6.2856338977589221e-01	   7.7290352579668697e-01	   7.7524279322751055e-01	   6.4135513246808451e-01	   6.1879768322667605e-01	   6.6059979631401766e-01	   8.1620756552958451e-01	   4.7538956456057657e-01	   6.6680787484362358e-01	   4.8796512291850974e-01	   4.9343411953060895e-01	   4.3799443990720038e-01	   9.2466570494514189e-01	   5.5015224746753089e-01	   9.7923758071582656e-01	   6.6527343557348928e-01	   1.0231663619653588e+00	   8.1625333196511218e-01	   1.0592323548001632e+00	   5.0411179071470391e-01	   1.0155266505421940e+00	   7.4162598580786243e-01	   1.0134548935722179e+00	   9.4515709209079646e-01	   9.7918951129898735e-01	   4.5326590680731643e-01	   4.1321717920203815e-01	   5.6596793094758990e-01	   7.5641042475757669e-01	   6.1007763436786810e-01	   8.5132647414260099e-01	   5.6843357661639426e-01	   5.4741894946422853e-01	   8.5910953117728783e-01	   6.9345249588514069e-01	   1.0672532125706191e+00	   9.7807009105913667e-01	   6.2086765079571937e-01	   8.4579209167250746e-01	   4.6348327404531386e-01	   6.6455480391272126e-01	   9.7436376516935860e-02	  -4.8455305883254696e-02	   5.1820875601861904e-01	   6.1358213145549612e-01	   1.1712147698583661e+00	   6.2980351239789623e-01	   1.0785412786291280e+00	   5.8724763793741763e-01	   3.7316446787017932e-01	   3.0209784586042276e-01	   8.1006733519894880e-01	   5.4014164774143048e-01	   1.0205886868366976e+00	   8.4813650295453913e-01	   1.3469332559784026e+00	   6.5050328251546086e-01	   1.0769492835541301e+00	   7.6528165221772648e-01	   7.8353770187275940e-01	   6.9698160936961639e-01	   5.6003976036614533e-01	   6.0084244061211700e-01	   1.4912102047463532e-01	   2.7203025996973351e-01	   5.7976252011349727e-01	   9.7706832955625622e-01	   9.8373701802579683e-01	   5.8388615086324935e-01	   4.9524606348436495e-01	   2.7491223536315507e-01	
   5.4873282842016013e-01	   4.5263365020490903e-01	   9.6080408410466700e-01	   8.7711674452656596e-01	   1.1095259337404819e+00	   7.1981388305862792e-01	   1.0069142760608958e+00	   7.8623531802838831e-01	   0.0000000000000000e+00	   9.9161741216452493e-01	   5.1266744564631017e-01	   5.0932690625762178e-01	   5.3546962396358544e-01	   5.1662592040553124e-01	   6.3786650562124192e-01	   9.2392303924853802e-01	   3.3415303311039496e-01	   2.6321863116219163e-01	   8.8726562601902503e-01	   7.1623791802477066e-01	   4.5014344055093869e-01	   4.7427999309076069e-01	   7.6643629020435511e-01	   8.8450043150209745e-01	   4.5070882007049934e-01	   4.1706869225771520e-01	   3.4581183442106733e-01	   3.1551563508255370e-01	   4.1823548692172541e-01	   3.4021473231698030e-01	   8.0326798140149369e-01	   8.3703319498853990e-01	   7.9057342626420379e-01	   5.5095112662046253e-01	   4.5853587934579332e-01	   2.5819084136634202e-01	  -2.6250613201255778e-02	   3.8483626848772623e-01	   5.0947350084847443e-01	   5.1853237185905854e-01	   3.0231833801863112e-01	   4.1109770114574551e-01	   6.3502988932863969e-01	   6.2416098264414799e-01	   4.9231156476875693e-01	   4.7043119085253982e-01	   4.3715678273062314e-01	   4.6762845706875478e-01	   6.3791959662806019e-01	   3.6873403976909902e-01	   6.6552295479087931e-01	   5.8504054576704867e-01	   4.4199962756506916e-01	   5.7781028983018734e-01	   5.3407223697341566e-01	   4.7296922594032653e-01	   3.0749286151146249e-01	   3.6130872237654060e-01	   8.1561947250198996e-01	   5.8475657335943787e-01	   6.7867751389829145e-01	   3.9322679240656755e-01	   7.2042550695677254e-01	   4.5375183505712913e-01	   6.5689488928194262e-01	   6.5357760813872734e-01	   8.2958283990163351e-01	   7.7916656807391527e-01	   8.0452507234827630e-01	   6.6670440085887528e-01	   3.8958590729296172e-01	   3.2005518434938374e-01	   1.6538437664185968e-01	   2.6901309253689704e-01	   2.5278073627109199e-01	   3.2535537475677040e-01	   4.0600719633019949e-01	   3.0047875793643891e-01	   2.7272889002010159e-01	   2.5604119109196466e-01	   5.3073309235004595e-01	   4.6331663648980514e-01	   6.5367408887826350e-01	   6.0591360321971777e-01	   4.5072253385188182e-01	   5.7752356434437380e-01	   3.2921705816893732e-01	   2.1402733920696002e-01	   6.3631075138665105e-01	   6.8323076784084735e-01	   7.2246750289362949e-01	   7.0580162471979901e-01	   6.2575703262497628e-01	   7.3510855065089620e-01	   3.8547383079147307e-01	   2.7249604487949797e-01	   5.0042470784434157e-01	   4.6282654839659226e-01	   4.2611899613689713e-01	   6.5082991459846040e-01	   5.8250946462580744e-01	   7.9746114300708604e-01	   5.3070500244021335e-01	   8.4133320296521408e-01	   5.1900557484362198e-01	   5.8657603840971884e-01	   5.8500449884447736e-01	   8.1650573377846980e-01	   2.2093292403205891e-01	   1.4393392311001271e-01	   3.2546554192779953e-01	   4.5881856488767536e-01	   5.1693069596664931e-01	   5.5170253995610219e-01	   4.3928246147838157e-01	   1.0765191713713879e-01	
   5.2071270136795733e-01	   4.7193963239397935e-01	   5.3652981417668610e-01	   8.6302580699161879e-01	   6.7944317223499140e-01	   1.0190958162997021e+00	   7.4701266381977782e-01	   9.4690902620027095e-01	   9.9161741216452493e-01	   0.0000000000000000e+00	   4.5067619510126811e-01	   7.1234372453446759e-01	   4.4574860241410913e-01	   7.2896363145252485e-01	   3.3582423584145438e-01	   8.7774176618312305e-01	   4.2346494035899013e-01	   4.2914214409810780e-01	   6.7731487548233993e-01	   7.1109908071701589e-01	   4.8832834054247409e-01	   6.0762163499948141e-01	   3.9914837528271785e-01	   5.8494769875407349e-01	   3.9991135518874799e-01	   4.3757848543466593e-01	   2.7973310659661749e-01	   2.6759235682916471e-01	   2.9735589894268499e-01	   4.4829926293256189e-01	   4.6071017662229197e-01	   6.0137637528548971e-01	   6.0294438721067034e-01	   4.1708093813401392e-01	   4.2095857396787928e-01	   3.1153744723122856e-01	  -4.7194730499409750e-03	   5.9116556879781079e-01	   4.2369495027888537e-01	   5.9333549619407377e-01	   2.2614594327326973e-01	   5.9129302883533552e-01	   6.2540562795357757e-01	   5.9448864171771076e-01	   5.3206612099467088e-01	   4.7944490925125127e-01	   4.2510554941552514e-01	   4.6650851687641892e-01	   7.0736758665493438e-01	   5.1059761760492772e-01	   6.4077837640241986e-01	   7.0294413482107065e-01	   4.2279553100693751e-01	   4.9037811832228073e-01	   4.5845778746581312e-01	   4.3013877071287165e-01	   3.4344843799385666e-01	   5.2718710573158589e-01	   6.3236923259803990e-01	   8.5554830743316335e-01	   5.9773835107287043e-01	   6.8775618472125988e-01	   6.7064573553164653e-01	   6.5094815270460593e-01	   4.5592399220923530e-01	   8.2908535249239557e-01	   6.9816934550341259e-01	   8.5314953807294658e-01	   7.0515805377678553e-01	   6.8397569880699727e-01	   3.7672182389634473e-01	   3.7256511775581336e-01	   3.0468941715628095e-01	   4.6980495179999571e-01	   3.4243573958829809e-01	   4.0628654381565210e-01	   3.1136839975552200e-01	   2.5279293981241219e-01	   4.7007168846959002e-01	   3.7463340195187345e-01	   6.4786056598317265e-01	   5.6196636199745320e-01	   4.7814849354948941e-01	   5.6432479307910377e-01	   3.7625455791285456e-01	   5.1724212548477078e-01	   2.1248323020464810e-01	   7.7741566744688378e-02	   6.0515457838758968e-01	   6.7635001728825839e-01	   7.7761022025217719e-01	   5.2667630254873632e-01	   7.9432463619321425e-01	   5.1911829542304344e-01	   4.3807902062488363e-01	   4.1570873906975481e-01	   5.5891014018789087e-01	   5.0136445047796996e-01	   5.4501303437214399e-01	   5.3542184822878136e-01	   7.2277042126491975e-01	   6.0161659494342579e-01	   5.2518757931957749e-01	   6.6049622863307023e-01	   6.2326882739765188e-01	   5.4583146193060772e-01	   5.8272356754754151e-01	   5.8074391060910457e-01	   2.2739180633417275e-01	   2.5223884099170762e-01	   3.9961283840268980e-01	   5.7157963899112851e-01	   7.2094752362522874e-01	   5.2144560511526861e-01	   4.1839401566468892e-01	   2.7304328556759355e-01	
   8.8369566156717416e-01	   6.2737212768302408e-01	   6.1038987876691153e-01	   6.3741330856430523e-01	   4.4415511608320535e-01	   5.8954786878392273e-01	   8.4503214129073412e-01	   6.4283050362869520e-01	   5.1266744564631017e-01	   4.5067619510126811e-01	   0.0000000000000000e+00	   7.2851995815822335e-01	   1.7026069267044555e+00	   8.1782950242893093e-01	   7.9637451401353554e-01	   5.5721147403569238e-01	   5.8010785864958636e-01	   4.6433060716730301e-01	   8.8305925399616092e-01	   6.0157716919688364e-01	   2.3134144797962425e-01	   3.2968376883277084e-01	   3.6659658255018401e-01	   3.4120200341761781e-01	   2.1036291210030460e-02	  -5.4828099356948469e-02	   1.7979413052336488e-01	   1.9003839854340152e-01	   4.3527911060386609e-01	   3.5641095688540941e-01	   2.5960779038964932e-01	   3.0666658350743015e-01	   2.7775465505125801e-01	   1.0685624345770868e-01	   1.2473938044397886e-01	  -5.5055041102424235e-02	  -2.8914900411652461e-01	   2.4627333234590743e-01	   2.2757350378757835e-01	   2.8293543683467237e-01	   1.1388583521558719e-01	   3.4508850715394113e-01	   5.9255317757973525e-01	   5.8969860147214992e-01	   1.7255209127159266e-01	   2.6805829139065029e-01	   3.4983044754945603e-01	   3.6144435370966077e-01	   4.4370551341724607e-01	   2.3682600256302422e-01	   4.7493470477405397e-01	   4.9013411083803998e-01	   4.4454663968453945e-01	   4.5771014522141779e-01	   3.7421020314077935e-01	   3.8479220097054978e-01	   1.8467935924423967e-01	   7.4083783285188165e-01	   7.0493664394385291e-01	   5.6010958176201597e-01	   1.0288023324091604e+00	   6.2136913020335405e-01	   7.5296760571289534e-01	   5.7071159677467787e-01	   5.1544343757725641e-01	   4.1793473737154313e-01	   4.6132985032719565e-01	   3.6627857227885696e-01	   6.3081698319440238e-01	   5.9054061545773584e-01	   5.4548781681172498e-01	   4.1772750502547695e-01	   5.2869623488997419e-01	   6.0256953255992440e-01	   7.8632035880386220e-01	   7.8963901011336146e-01	   2.9400799960518675e-01	   1.9899204447990154e-01	   5.1198638343222969e-01	   3.4754145740376996e-01	   6.5895435465948959e-01	   5.0610182292615669e-01	   5.8502075793164177e-01	   5.5478996540501790e-01	   6.5630573784206514e-01	   4.7174029134720596e-01	   8.8497106670436851e-02	   7.7380679028043325e-02	   6.8940611263329887e-01	   8.0137514773382268e-01	   8.0893406984737037e-01	   7.6892806140246539e-01	   7.7772623835833865e-01	   8.7391944142170275e-01	   4.2992892620232154e-01	   4.1040631532760818e-01	   5.4416664156036099e-01	   3.7634216976866758e-01	   5.9938525857521230e-01	   7.7556918747266956e-01	   7.3876052964356109e-01	   9.9641610259117952e-01	   6.5629070550539048e-01	   9.3157627670821919e-01	   6.0229315764363422e-01	   5.6098591069001102e-01	   6.7933853485298779e-01	   7.7728150282186415e-01	   2.5782452236307268e-01	   2.0855673504357661e-01	   3.1461118008954353e-01	   6.0819842145281355e-01	   6.4738588514031892e-01	   6.4472801681525738e-01	   5.9221081749376492e-01	   3.0814046184017757e-01	
   6.5466046326396021e-01	   9.6573627594805944e-01	   3.2262983977977011e-01	   9.8872776736272361e-01	   3.8192096566296863e-01	   7.0138123179065837e-01	   6.3003144474437989e-01	   1.2569922787798802e+00	   5.0932690625762178e-01	   7.1234372453446759e-01	   7.2851995815822335e-01	   0.0000000000000000e+00	   6.2273416318497998e-01	   1.3828122094017847e+00	   2.7429935354184054e-01	   7.7005173579361619e-01	   7.7905103229532402e-01	   8.3837237709575463e-01	   6.1409392539691054e-01	   8.6436536082916482e-01	   4.9630613214290159e-01	   6.1867166573676124e-01	   1.5032770455517389e-01	   3.3666757083716231e-01	   4.9806920046859056e-02	   5.4205777764902686e-02	   5.4997462642411656e-02	  -1.0174427393065450e-02	   4.2055629923027360e-01	   8.1535628847031483e-01	   2.7487964425753236e-01	   4.7510450255603021e-01	   4.8296564018020849e-01	   4.3593405793525830e-01	   1.9134695927269241e-01	   1.5121505009957109e-01	  -1.6644384181352737e-01	   3.9311252794979207e-01	   3.3176963191870423e-01	   4.0208571594947440e-01	   1.0600925198725750e-01	   5.2947603360879769e-01	   5.0781884637000319e-01	   5.5163855180331156e-01	   2.1704111325197498e-01	   3.3317401623614396e-01	   4.7101216622162734e-01	   4.5668854578685808e-01	   4.0636696110220766e-01	   3.6611612910513031e-01	   4.2775942832377878e-01	   5.6855775569354128e-01	   3.0944626088400734e-01	   3.0642661747877242e-01	   3.2750613225969444e-01	   3.1049890196852697e-01	   3.5043394842604014e-01	   8.9722184022960871e-01	   3.7971857623845184e-01	   8.1667289109302832e-01	   6.0583034815128056e-01	   9.2556802431326191e-01	   8.3044460467058057e-01	   1.0054346458385139e+00	   2.2397718330375149e-01	   7.1493442097471860e-01	   3.8200919542197609e-01	   5.6624274981590383e-01	   6.1887483948930289e-01	   6.7381153409814487e-01	   3.4541845096374529e-01	   2.7963861321493394e-01	   4.4637713979561977e-01	   7.1261403705212423e-01	   5.4788771694733895e-01	   8.0766008374707032e-01	   2.7378207253548142e-01	   3.9352848802763174e-01	   7.8412144654877081e-01	   6.2739578616788572e-01	   8.9518501269091777e-01	   9.6820526731528600e-01	   4.5207458865196826e-01	   7.9735130802495224e-01	   3.3670098290869005e-01	   5.4561386164544778e-01	   1.2988692684584299e-02	  -1.0732017132165016e-01	   3.5812936653267785e-01	   4.5079481101010699e-01	   7.6886727397314258e-01	   3.3685027848781335e-01	   8.6077313064743044e-01	   3.5345651959568708e-01	   3.5751385900726923e-01	   2.2598943115133488e-01	   5.7257906613965015e-01	   3.3422078596121457e-01	   8.0470722305284459e-01	   5.0385309996046401e-01	   1.1028111406772649e+00	   4.0865791797986811e-01	   8.3699145485497806e-01	   5.0039001345970457e-01	   7.0315680332602082e-01	   4.8902681715137619e-01	   4.4856746909706618e-01	   3.9803254709891894e-01	   6.9882369018835044e-02	   2.4740998502148129e-01	   3.7753779862924752e-01	   6.6053920576964842e-01	   6.7816026030188559e-01	   3.8367617288086819e-01	   3.7682764112129852e-01	   3.3027530386509324e-01	
   8.4799565840913882e-01	   5.8330400649909653e-01	   7.7596026222847181e-01	   7.2423777879592099e-01	   5.4357794523872227e-01	   6.2676529891583632e-01	   9.8913064256291894e-01	   6.6928694187378357e-01	   5.3546962396358544e-01	   4.4574860241410913e-01	   1.7026069267044555e+00	   6.2273416318497998e-01	   0.0000000000000000e+00	   8.7753678799680934e-01	   8.6866435008337328e-01	   5.6157402170419290e-01	   5.0763690579982690e-01	   3.8578511504902196e-01	   9.2977580197125453e-01	   6.2602753447839410e-01	   2.6042060823984714e-01	   3.5568787565719756e-01	   4.9401920136280786e-01	   4.5224858897154518e-01	   1.8531184035320014e-01	   1.1684483495695878e-01	   3.4121153139409094e-01	   3.5454441729523828e-01	   4.2413220408990909e-01	   2.7305136657334950e-01	   3.8135570652547474e-01	   3.9830882973848525e-01	   3.6837834739060282e-01	   1.7928379332851313e-01	   2.6562258496474378e-01	   3.8176855681992271e-02	  -1.4378766537649582e-01	   2.7067186976037710e-01	   3.5321263919349111e-01	   3.8096169027211013e-01	   1.4655091703449455e-01	   4.0716366936339426e-01	   6.8525047232998726e-01	   6.7886017620382799e-01	   2.3167939952143449e-01	   3.1777498725956332e-01	   4.0705473606649356e-01	   4.2312888325622444e-01	   4.8244074065928833e-01	   2.7707736876618033e-01	   5.9171224011798318e-01	   5.6522571773611863e-01	   5.1275979201885902e-01	   5.2631660334870367e-01	   4.9015375258526733e-01	   4.2748840123956167e-01	   1.8635793670998471e-01	   7.4305446563530198e-01	   8.0823514902943472e-01	   6.7350340182274582e-01	   1.1129979134676071e+00	   6.5796547576321684e-01	   5.9962289578331340e-01	   4.7992390180301170e-01	   6.7024508650293080e-01	   5.1048072739698891e-01	   5.6771609311719340e-01	   4.5697393402281106e-01	   6.9640896962927823e-01	   6.8783234666001747e-01	   5.3404122007606158e-01	   4.8139469884542208e-01	   4.9348879199171464e-01	   4.4152010547085224e-01	   6.8307423691656799e-01	   6.7392679443544923e-01	   3.0031763671150702e-01	   1.7489520835519504e-01	   4.6182986733733555e-01	   2.9526604113815608e-01	   5.7803566756173941e-01	   4.3472783681504829e-01	   5.7656223614211710e-01	   5.1659985618028703e-01	   6.5436714775463423e-01	   4.6203874890831387e-01	   6.0966499012798013e-02	   4.9001553449087604e-02	   8.2544004704113849e-01	   9.1060404020644803e-01	   8.8393380965959467e-01	   8.8779136898323274e-01	   8.0030269641106688e-01	   1.0549073038336818e+00	   3.4831086712244241e-01	   3.0312580177363130e-01	   5.1191145157009976e-01	   3.1303390941414722e-01	   5.3506688581413253e-01	   7.4719514567581291e-01	   6.7797859954717943e-01	   1.1149729883977195e+00	   6.0372681960211094e-01	   8.5801116649587916e-01	   5.1304155719813993e-01	   5.7228891371782242e-01	   6.7649346679075562e-01	   7.5306592783876325e-01	   1.8366420657553831e-01	   1.2296084707721200e-01	   3.2707979155036115e-01	   6.0656286552151151e-01	   6.2748610978081654e-01	   5.7026113636850362e-01	   5.7215940141401478e-01	   2.5895126085663017e-01	
