   0.0000000000000000e+00	   1.0287753597367262e+00	   4.9890198050601298e-01	   5.3399261985926394e-01	   3.0462161638806756e-01	   3.8419319296912763e-01	   5.9597076553940243e-01	   5.3489400873302828e-01	   2.1200771787036923e-01	   2.8525189538159423e-01	   8.4972958206722982e-01	   6.5742496626556512e-01	   7.4290098302777341e-01	   5.2569402168455892e-01	   3.7117030581563420e-01	   4.5419511559796588e-01	   8.7182094843325630e-01	   8.3112703321590897e-01	   9.3571095178659836e-01	   9.0500752882140723e-01	   4.8381875005470842e-01	   5.6645801720675804e-01	   2.5838527587805216e-01	   2.8735432536949945e-01	   1.6233654956948315e-01	   2.0192218350397997e-01	   2.3281193032725980e-01	   3.3982908230033004e-01	   5.9862728427514933e-01	   7.5110333541297702e-01	   1.7739073252904036e-01	   2.7356352260393224e-01	   5.5148147598323205e-01	   4.1053397311896750e-01	  -2.1258987449225414e-02	  -4.5590754232423265e-02	   4.8960461607782037e-02	   3.9581473303072066e-02	   4.9492279876555256e-01	   5.3962826511151629e-01	   6.5531111498952066e-01	   7.2261606839117842e-01	   4.3358160831554260e-01	   4.4003856242312150e-01	   3.3936665441370062e-01	   3.3977510979653569e-01	   3.5551548023905849e-01	   4.3815998039846077e-01	   3.5474042619363116e-01	   5.1292947586972581e-01	   5.3815760457920159e-01	   5.0684375758569722e-01	   5.6603568688144990e-01	   5.8311845982060972e-01	   5.6960531081088561e-01	   5.8007027184737192e-01	   1.3496517938109658e+00	   1.0035006149378347e+00	   3.7562472440307004e-01	   4.0594948234759354e-01	   4.2510154064079148e-01	   2.7670393393967241e-01	   6.6882075375722128e-01	   8.1701592214687346e-01	   8.6953223673831084e-02	   1.6341196008517511e-01	   4.0075214989102864e-01	   3.8088563658511165e-01	   5.6224516075209863e-01	   5.7389148586240646e-01	   4.8740317107041559e-01	   3.4918190604134541e-01	   8.2684058963268203e-01	   7.6905441282639597e-01	   8.0249169427888845e-01	   6.6873165742096685e-01	   8.5989381137357723e-01	   5.6094534497483872e-01	   7.0873467052126760e-01	   5.8100704989758500e-01	   6.7179821065813705e-01	   6.3394780657304761e-01	   4.5791139144935034e-01	   5.7019897126726171e-01	   2.1735377620411137e-01	   3.9156978194659725e-01	   2.1327212605849971e-01	   2.1629653629447526e-01	   4.1970408346937682e-01	   5.0990437154241874e-01	   3.9945067524934313e-01	   3.0377184910216076e-01	   4.7761503459726701e-01	   4.5100071425548793e-01	   2.3657328637181299e-01	   5.3435851290670688e-02	   4.2255366036377229e-01	   7.7947615483712263e-01	   7.9933557740892858e-01	   8.4389239952995965e-01	   7.5773727511279765e-01	   8.9218313641476754e-01	   8.1524071450504509e-01	   1.0248195816491896e+00	   3.1612823695924008e-01	   1.2426965680784531e-01	   4.7595991545610106e-01	   6.6178631266213783e-01	  -9.5447376097442291e-02	   1.3142542493889278e-01	   3.9339576270262150e-01	   4.3106479875383785e-01	   4.8835663586587386e-01	   4.0189414859308725e-01	   9.1480421597478920e-02	  -1.9616473754682315e-02	
   1.0287753597367262e+00	   0.0000000000000000e+00	   6.6270044198027900e-01	   6.5268986321413980e-01	   3.9688028192009600e-01	   3.9647076949293891e-01	   6.1744135233207142e-01	   5.2317496598571400e-01	   3.8426872443804494e-01	   3.4608642259224948e-01	   7.7074536470613986e-01	   6.8692405453581129e-01	   6.2322280525406670e-01	   6.9164593483086412e-01	   4.0060578520497159e-01	   5.0192922871937218e-01	   7.3115595617672813e-01	   7.7109736192981071e-01	   9.6743034043396603e-01	   1.0463603220908955e+00	   5.0726009030934938e-01	   6.1768777737812497e-01	   5.8637495815013252e-01	   5.7401064703543558e-01	   2.3094307490248533e-01	   2.6119666346321863e-01	   5.4810795620530284e-01	   6.3639000447421579e-01	   2.8059459909903017e-01	   6.0192897435299064e-01	   1.5463745836200349e-01	   2.0643295914794291e-01	   5.8926240797854224e-01	   4.7338727899113719e-01	   2.7702199287202567e-01	   7.6532423327389798e-02	   2.3351090969233906e-01	   1.9545556790921406e-01	   8.9148748455372318e-01	   8.9824535816638029e-01	   7.9194222708490059e-01	   1.0140526156599530e+00	   6.8344827604119818e-01	   6.7042508537612844e-01	   5.3553566942299746e-01	   5.5770495745039317e-01	   5.3655425675926816e-01	   5.9246667358925631e-01	   5.3084403473209862e-01	   7.9083730454324974e-01	   7.3847646878686679e-01	   7.4701484906854443e-01	   8.7178383466844211e-01	   8.7464887910962541e-01	   9.1814854368836285e-01	   9.0183239684776062e-01	   8.9764562283139093e-01	   1.1301022271951857e+00	   5.5297777565466699e-01	   6.4027604857640286e-01	   4.6501466282742482e-01	   4.0089212897245452e-01	   4.7345548443596902e-01	   6.0505500652742827e-01	   4.3461210460604444e-01	   4.2522351484921567e-01	   6.1940160862240834e-01	   6.6932368556736932e-01	   8.9843992628755354e-01	   9.7312740887067617e-01	   3.8476116667776994e-01	   2.2736112206383319e-01	   6.1477835824724048e-01	   7.0932268485590910e-01	   5.9336289765080030e-01	   7.3201675316098636e-01	   7.1700330188130912e-01	   3.7784447687978834e-01	   6.7594893555153801e-01	   6.0972792828807076e-01	   8.3575377047304722e-01	   8.4899961617765418e-01	   5.6250800962654268e-01	   6.9378063920423139e-01	   5.9007600485830969e-01	   7.4170902934222738e-01	   5.9813414688083921e-01	   5.5770880384464849e-01	   8.3579946592254295e-01	   9.5071921468087828e-01	   5.1378686557032982e-01	   4.4506254034059944e-01	   6.9551419096867007e-01	   6.1528811881007273e-01	   4.2624168004492313e-01	   2.6038400292458969e-01	   6.2641403012710029e-01	   8.5057920175958990e-01	   6.8504039909892112e-01	   6.9586658110334199e-01	   6.3200821829466758e-01	   7.6882927256249012e-01	   7.4766059915035299e-01	   7.6617428739401294e-01	   4.1977079142575247e-01	   1.4729788523022611e-01	   6.7946597059960501e-01	   5.0956248447459562e-01	   1.0082656901496811e-03	   3.3517349493689064e-01	   5.5027291049192661e-01	   4.7390819907775800e-01	   6.9866731402192439e-01	   6.7092911494371399e-01	   4.5024087066198426e-01	  -8.3798467421462963e-02	
   4.9890198050601298e-01	   6.6270044198027900e-01	   0.0000000000000000e+00	   1.1972903106937363e+00	   9.3090602156057389e-01	   7.9010722853701854e-01	   1.6262047796644907e+00	   9.1356567252895726e-01	   8.5277246443302657e-01	   7.5269563995257149e-01	   7.4591251609515408e-01	   6.0656998204073853e-01	   8.0200446416174898e-01	   7.4846142412561145e-01	   8.3253167201644740e-01	   8.7358230597028053e-01	   3.0990935831552141e-01	   1.8402711176374720e-01	   1.1079568944082034e+00	   1.0748184628757669e+00	   7.4997313978427782e-01	   8.2327441865724837e-01	   1.2959309434611164e+00	   1.1154065215355153e+00	   6.5418697630914635e-01	   6.3775373414595460e-01	   9.7795726557763207e-01	   1.1457128380189314e+00	   3.5611980987701830e-01	   4.6463853776260622e-01	   6.7082744305637187e-01	   6.5303994785272901e-01	   8.8288194522852337e-01	   6.0627097294374854e-01	   3.5793224503736698e-01	   1.1905294715167762e-01	   2.5855196778694900e-01	   7.0261256544230599e-02	   7.3972137544772554e-01	   7.5270843903995488e-01	   3.8248144846662596e-01	   6.1654835763270366e-01	   7.9630986063981546e-01	   7.1049131822453759e-01	   7.2570211806485585e-01	   8.3379435514905775e-01	   6.4992855926846171e-01	   6.8992179998216896e-01	   7.0472790062831792e-01	   1.0237758576562241e+00	   9.6966714794127618e-01	   8.5682160829058907e-01	   9.9399052634343299e-01	   1.2656411820740459e+00	   8.4083201538099628e-01	   8.4638176539647458e-01	   7.4478545825146236e-01	   6.5589120036483173e-01	   9.8525660251490144e-01	   8.0058608715622104e-01	   9.7908198147574355e-01	   6.0625505714861783e-01	   4.2656266642672841e-01	   3.5830221562477066e-01	   7.2141782713628522e-01	   6.5707982301618917e-01	   1.5336169852959072e+00	   1.1344266633313538e+00	   8.4529250261803579e-01	   9.3033850774440996e-01	   5.1424346241570196e-01	   2.8658474178051917e-02	   4.7098266625711699e-01	   4.0638425673824052e-01	   5.2506089508995935e-01	   4.5877552018013229e-01	   6.1311332859485201e-01	   3.2631797627813264e-02	   4.2496763227424839e-01	   3.2403197637517622e-01	   5.8403778491276603e-01	   6.1981754439232606e-01	   8.3949653149716530e-01	   8.6933873167975317e-01	   7.0271478538372012e-01	   8.9305459097796225e-01	   8.9014258419097425e-01	   8.6216283790526571e-01	   9.9682277128953645e-01	   1.0757395188842314e+00	   7.7663251761479746e-01	   8.8970681382865680e-01	   7.9471084295297101e-01	   1.1176160836346387e+00	   3.8445766203423193e-01	   1.1818846106933537e-01	   4.5512695455157115e-01	   6.6539985588285300e-01	   5.6628471788797485e-01	   6.8467529012775974e-01	   6.1107675980424581e-01	   9.3676681091802239e-01	   7.2201778253294535e-01	   7.1771657456759586e-01	   3.6466537667765120e-01	   3.4626285989191646e-01	   6.2573602731592026e-01	   7.6060469432104483e-01	   3.0642532693418160e-02	   2.8619751756440703e-01	   4.1327801015191823e-01	   3.2568628618757522e-01	   5.2201811838996104e-01	   4.8466765512268989e-01	   4.4705359683558987e-01	  -2.8159899836314034e-02	
   5.3399261985926394e-01	   6.5268986321413980e-01	   1.1972903106937363e+00	   0.0000000000000000e+00	   1.2447744332337844e+00	   1.1573954209726747e+00	   1.0682833326613208e+00	   1.5769846191082462e+00	   1.0435014466334596e+00	   1.0470007180779286e+00	   7.0698104694721742e-01	   9.5157865694882904e-01	   8.0676967798859556e-01	   1.2079465545521377e+00	   9.5307950844913136e-01	   1.2816311837281189e+00	   3.7873523728306813e-01	   2.1518819578238363e-01	   9.2436093006474462e-01	   1.0965643277973627e+00	   3.5235577411200375e-01	   5.3058253085102591e-01	   9.1992404075643541e-01	   1.1717901750266351e+00	   7.4211097024425920e-01	   7.9679422957202373e-01	   7.9737042806647784e-01	   9.1891322535491815e-01	   3.1688673631878073e-01	   5.6758751500008797e-01	   5.9183448562714858e-01	   7.3007117195409876e-01	   6.3006393138877703e-01	   5.4820759435182931e-01	   2.3797759491996529e-01	   8.2228494614269426e-02	   6.3403689139993821e-02	   2.6038051352784520e-02	   5.4732148378356849e-01	   5.8368405073078966e-01	   1.6983199887293482e-01	   5.3350083688765182e-01	   6.9458730251444190e-01	   5.9301211668024201e-01	   6.7910812484807592e-01	   7.4033572978710294e-01	   5.7484376148230865e-01	   5.7339691063591081e-01	   6.5853373978940288e-01	   9.2424072529998258e-01	   8.7749074102054969e-01	   7.4951819974764788e-01	   9.6934604035942074e-01	   1.0265589648379758e+00	   7.5003652849936919e-01	   6.7175700574642405e-01	   6.6054864847665073e-01	   5.2680719495237982e-01	   1.0190978077014481e+00	   1.3131087311417982e+00	   1.0362937699899712e+00	   1.1377252063395313e+00	   4.1675647339777216e-01	   4.1849608962162371e-01	   5.9279899766316979e-01	   9.3624486506171345e-01	   1.0563332661503519e+00	   1.2876873909198920e+00	   7.1581243424341212e-01	   8.2571034292709944e-01	   4.2181504427197603e-01	   9.1887707329782936e-02	   4.2319410844650618e-01	   4.2303157239288519e-01	   4.6907443663942844e-01	   4.1092808015404519e-01	   4.1563511871718117e-01	   1.2321431060025019e-01	   4.4466955596654034e-01	   3.0445944963786253e-01	   7.8391731048507785e-01	   6.6160707502773486e-01	   7.5178670385922275e-01	   1.0656552070958900e+00	   6.3357831816283094e-01	   8.7086526392207220e-01	   8.5510913167961156e-01	   8.6390844908635711e-01	   9.3900067770571893e-01	   1.0388395023830994e+00	   9.0248747006192032e-01	   6.6516241873304593e-01	   9.5234778562224587e-01	   7.4879199003258146e-01	   3.1912008670952419e-01	   1.5527510454822274e-01	   3.6564783992003469e-01	   6.8174815064065430e-01	   6.6479646040554241e-01	   6.6150000402373177e-01	   7.3879869840492740e-01	   8.7578594809124755e-01	   8.1999086978898506e-01	   7.4258727684392589e-01	   4.1374976066819746e-01	   2.9357347311916970e-01	   6.3749693973642763e-01	   5.9314462693043846e-01	  -3.7350838018641572e-02	   2.4275546793598957e-01	   3.6920723011512629e-01	   3.7304074070487164e-01	   5.8362758585328267e-01	   4.5039949849279504e-01	   3.2614542108217492e-01	   9.8253506815340792e-03	
   3.0462161638806756e-01	   3.9688028192009600e-01	   9.3090602156057389e-01	   1.2447744332337844e+00	   0.0000000000000000e+00	   1.9046905102935925e+00	   7.7732399339195246e-01	   1.0187915773235627e+00	   1.8656954804976043e+00	   1.6642674207225563e+00	   4.2729087164834217e-01	   6.1904545994812166e-01	   6.0902498391978210e-01	   9.8611371405079606e-01	   1.2825345722901060e+00	   1.5928895170084247e+00	   1.0069888658744625e-01	  -2.7364516283863577e-02	   6.5481506170082482e-01	   7.5159499286103093e-01	   2.7335368171782481e-01	   4.1387487701219100e-01	   8.6346618961901733e-01	   1.0280701503702483e+00	   1.1620278124258097e+00	   1.2255725094206193e+00	   9.1969002588676407e-01	   9.5900476920585476e-01	   1.1071838097096415e-01	   4.3967452419589836e-01	   4.4505958831389170e-01	   4.7518692664851264e-01	   5.4369789467046847e-01	   4.6038133095000100e-01	   2.8011920584623518e-01	   1.7463348390832406e-01	   2.1636112032242882e-01	   7.6006927763904455e-02	   4.4198610426486196e-01	   4.3089631830721481e-01	   1.8416704908229056e-01	   4.3228318010567957e-01	   6.8634582364625807e-01	   5.7428800998074658e-01	   7.1169213617274618e-01	   7.6424010591712144e-01	   4.7779229284085645e-01	   4.9609647667189744e-01	   6.9473316473531088e-01	   7.9814922062163363e-01	   7.2983721654466827e-01	   5.5267526948646428e-01	   8.4372567707693880e-01	   7.6360352922210095e-01	   5.6229806136557525e-01	   5.1538941427409302e-01	   3.7548621331480880e-01	   2.5270426731790507e-01	   9.2683340556888172e-01	   1.1729800700504858e+00	   7.8646916753362461e-01	   9.7187941629500818e-01	   1.4744616312189193e-01	   1.4790370738330941e-01	   5.7104927510236902e-01	   8.5070320060925320e-01	   9.0885707773881508e-01	   1.1708390633100261e+00	   6.3549548057632699e-01	   6.8531775824896268e-01	   3.0162021753625257e-01	  -2.9376518909635902e-02	   1.7290263392917238e-01	   2.3169046374245172e-01	   2.1920352516591027e-01	   1.4844870463446005e-01	   2.5871220972737680e-01	   1.8961373007067170e-02	   2.5147920735633283e-01	   2.3975588863839359e-01	   5.6594446485361316e-01	   4.8283783669482105e-01	   7.7344512014833677e-01	   1.1156027876868355e+00	   6.1150392143242682e-01	   7.3181868631678104e-01	   7.9883947952545475e-01	   8.5673250851252247e-01	   8.3517900892179386e-01	   8.9013300765182035e-01	   7.3708368340424435e-01	   6.0577345564767615e-01	   7.3259402237760229e-01	   6.3374180415972348e-01	   9.0856383936282592e-02	  -2.0012073555622120e-02	   1.4684981288073221e-01	   3.8060929033210172e-01	   3.6467672573234394e-01	   3.6220097368808329e-01	   4.1992385668595100e-01	   6.3521407975647270e-01	   5.6678073811632568e-01	   5.0327364223439064e-01	   3.8738313495034754e-01	   2.2058547069142564e-01	   5.6558782516191308e-01	   5.1422411003274315e-01	  -1.2116903818073785e-01	   7.6514115039129854e-03	   2.4099890398965806e-01	   1.0392744932687609e-01	   3.0533244501771550e-01	   2.3348807619649206e-01	   2.2310277877078405e-01	  -4.3412875272269981e-02	
   3.8419319296912763e-01	   3.9647076949293891e-01	   7.9010722853701854e-01	   1.1573954209726747e+00	   1.9046905102935925e+00	   0.0000000000000000e+00	   7.1635138181530833e-01	   1.0547853373820619e+00	   1.4859480281108257e+00	   1.9857555927183406e+00	   4.8435914078619891e-01	   6.4453340739046294e-01	   6.3972505281852954e-01	   9.3862019094881011e-01	   1.1985498368389009e+00	   1.7366084882047927e+00	   1.3519314426314138e-01	  -9.6681995239830121e-03	   6.2584242802330614e-01	   7.1042768973046566e-01	   2.1651291324298383e-01	   3.5092960697496584e-01	   6.7894279332073559e-01	   8.6036570475724194e-01	   1.1683218671430269e+00	   1.3272970112807077e+00	   7.0799746895017734e-01	   7.5563946850353958e-01	   1.9437709904828637e-01	   4.7152716232067199e-01	   5.1403314958020263e-01	   5.4532507748432713e-01	   4.6780412164598723e-01	   4.1004345795116343e-01	   1.3932792444765973e-01	   7.3633502488868616e-02	   1.0758598697558423e-01	   2.4838462937016456e-02	   3.1042586296559177e-01	   3.3903797453223444e-01	   1.1266715068201164e-01	   3.4729022288327299e-01	   6.3641463417307564e-01	   5.1912258803791622e-01	   6.8352502355785383e-01	   7.2262105209134830e-01	   4.3097711987413884e-01	   4.4040408355699290e-01	   6.7849815079676912e-01	   7.3432049701091562e-01	   6.7872894743211432e-01	   5.1241846868786178e-01	   7.2460265759376330e-01	   6.5289454367573874e-01	   4.4010852490150637e-01	   4.1987131176983178e-01	   4.0814836298317797e-01	   2.2387671586455565e-01	   8.4324576859956435e-01	   1.0604039588117227e+00	   8.2563992653155327e-01	   8.8397576518756038e-01	   2.3061691498532258e-01	   2.3684065645733265e-01	   4.1508707785420668e-01	   6.7187638267152749e-01	   7.9134423094634343e-01	   1.0153789517320433e+00	   5.2187597163808797e-01	   5.7674457781088750e-01	   2.5801851089585154e-01	  -6.7631678202885862e-02	   1.5822180526642954e-01	   1.9726631712352904e-01	   1.7817325593806646e-01	   9.3155368594399213e-02	   2.0882530702055105e-01	   5.8366079167233549e-03	   2.5669154185332305e-01	   2.1426116834852005e-01	   5.3524655789809461e-01	   4.4133265914620218e-01	   6.6180308888303618e-01	   1.0490121700230488e+00	   4.4610223371506669e-01	   5.9991539976834984e-01	   5.6122657978304114e-01	   6.6229410888484030e-01	   6.2410838470060948e-01	   7.2811776030570485e-01	   6.4079232332508562e-01	   4.9789857254012615e-01	   6.1739882062173401e-01	   4.8253884842740846e-01	   6.3884955737313079e-02	  -3.4145205875354419e-02	   1.4310292668187349e-01	   3.9249775219050198e-01	   3.9081220282211182e-01	   3.8185683201071885e-01	   4.6943576893333328e-01	   6.2888094861929689e-01	   5.5689066787456754e-01	   5.0122213162334228e-01	   2.7845673324535619e-01	   1.6490043295291207e-01	   5.0570717644687069e-01	   4.9687148374810253e-01	  -1.3207306925770640e-01	  -4.1277252916288468e-04	   2.1526823887555435e-01	   1.1868692280683124e-01	   2.7023551833831666e-01	   1.4488054894412986e-01	   7.0311967943272005e-02	   1.0558221494224199e-02	
   5.9597076553940243e-01	   6.1744135233207142e-01	   1.6262047796644907e+00	   1.0682833326613208e+00	   7.7732399339195246e-01	   7.1635138181530833e-01	   0.0000000000000000e+00	   1.0948507305559794e+00	   6.5017636796847711e-01	   6.6540696179146286e-01	   1.0060829480174691e+00	   7.6651779536181297e-01	   1.1078036848855157e+00	   7.5294522563399313e-01	   7.9596728584951282e-01	   8.5660932791983535e-01	   4.2281902003741456e-01	   2.5927277844394608e-01	   1.2338312102212083e+00	   1.1544597665233514e+00	   7.4275705038610929e-01	   7.6315756595457207e-01	   8.6263638434275813e-01	   8.4403494043202509e-01	   5.3630910022660316e-01	   5.0670200435054813e-01	   6.0797696453105121e-01	   7.5257573433161418e-01	   6.2355377213810914e-01	   6.0172422427781291e-01	   7.4700672491637476e-01	   7.8673182177185608e-01	   7.5353227577516468e-01	   5.4732864735817111e-01	   1.2137894067802496e-01	  -1.7088146547613953e-02	   1.6721808525902898e-01	  -1.5860994686910542e-02	   5.7844127685927982e-01	   6.0535079804299052e-01	   3.0105302854098731e-01	   4.7824478343488408e-01	   7.4702624900164616e-01	   6.7300438499683313e-01	   7.2704737862070434e-01	   8.1516220399516481e-01	   7.3419008399769825e-01	   7.2246393877147219e-01	   7.2613943262439107e-01	   1.0200812648289739e+00	   9.6201775733726247e-01	   9.1812574166034200e-01	   9.1157167434940722e-01	   1.1736119021087796e+00	   8.1708953435798970e-01	   8.2620264306680014e-01	   7.4479300327566555e-01	   6.6218387034859960e-01	   8.2737345243147487e-01	   7.2752867543283717e-01	   1.0723110538739720e+00	   6.2601594766743773e-01	   6.9519674361852635e-01	   6.1841434233194992e-01	   4.4039815799831017e-01	   4.6331258744712461e-01	   1.2973432002454683e+00	   9.5612773985368060e-01	   6.5701382312716083e-01	   7.2183212597417001e-01	   6.8306204548959693e-01	   6.3245218298071448e-02	   5.5257145231785132e-01	   3.7838807398987384e-01	   5.9200425649244959e-01	   4.3004348760703748e-01	   7.1417505481155041e-01	   1.2621852799676311e-01	   3.9593651857440704e-01	   2.8884590567955787e-01	   6.1775086413975377e-01	   6.2021737695603241e-01	   7.5612751857701621e-01	   8.3941931132140168e-01	   4.8802830955002263e-01	   7.4331614186845951e-01	   6.7334798005150787e-01	   6.7368617510543083e-01	   7.5000562038190144e-01	   8.7929964609093658e-01	   8.6234506421577062e-01	   8.8425368943637028e-01	   7.9566964594734690e-01	   1.0251313101301311e+00	   4.4548608365619707e-01	   1.5258742182510093e-01	   5.3274749890783979e-01	   6.6313435537927834e-01	   7.9329671940121738e-01	   9.0827101369430463e-01	   8.7012173792922021e-01	   1.2310465118041565e+00	   8.1159875020572680e-01	   8.8153969790443287e-01	   3.2798622882567374e-01	   3.9584469313686244e-01	   5.6357301404393512e-01	   8.4530611771446829e-01	   1.0720173783276779e-01	   3.0893195441462773e-01	   4.0248642342986857e-01	   4.3436678839754667e-01	   5.8127461784755030e-01	   4.8048698094918080e-01	   3.1630851603601029e-01	   9.7323753942077873e-02	
   5.3489400873302828e-01	   5.2317496598571400e-01	   9.1356567252895726e-01	   1.5769846191082462e+00	   1.0187915773235627e+00	   1.0547853373820619e+00	   1.0948507305559794e+00	   0.0000000000000000e+00	   8.0689840058121498e-01	   9.5205013921015902e-01	   8.4807348286260176e-01	   1.1172481134861483e+00	   1.0646587196190351e+00	   1.1232958955870023e+00	   9.1118334313050608e-01	   1.2315346911051852e+00	   3.9505566192678304e-01	   2.1085681618927654e-01	   8.5886065070107942e-01	   9.4409657092855237e-01	   3.6276493104648755e-01	   4.9217752919516250e-01	   5.5485177895335069e-01	   7.3913323830564548e-01	   5.9209739768745484e-01	   6.4914626272801723e-01	   4.2362703633279708e-01	   5.2961760689278048e-01	   5.0938221378980253e-01	   6.1235041741953222e-01	   6.1624123063462510e-01	   7.5929248529049331e-01	   4.0898875734120871e-01	   4.2102372189130549e-01	  -9.2804692842470476e-02	  -1.4935656223338092e-01	  -9.6576411460011807e-02	  -1.1360218423504477e-01	   3.1346296410251573e-01	   3.8573001336116575e-01	   6.4001184040876472e-02	   3.8109632695323531e-01	   6.7019269048222374e-01	   5.6147671959728718e-01	   7.4918031941532570e-01	   7.8919750552174017e-01	   6.1837617663910838e-01	   5.5912991237477849e-01	   7.5316878513206098e-01	   9.1275893883118830e-01	   8.5679533625076254e-01	   7.5717135724880968e-01	   8.4451320990325995e-01	   8.2971270732293023e-01	   5.8946834779258417e-01	   5.3280487429898837e-01	   5.4989468721035517e-01	   4.2181840506270890e-01	   9.2746081808211178e-01	   1.1842087428908674e+00	   1.0904399171674537e+00	   1.1377636578453560e+00	   5.2087702080775855e-01	   5.6875121810250229e-01	   2.7452966807489454e-01	   6.1987443527791530e-01	   8.6510609290770191e-01	   9.9225498041186888e-01	   4.7600660189766120e-01	   5.4379857786742170e-01	   4.9855066551910560e-01	   9.0775095803556152e-02	   4.2970810147816424e-01	   3.1362243439173959e-01	   4.2677938629124129e-01	   2.8648822208048813e-01	   3.6403412105286831e-01	   6.4273480215789713e-02	   3.6883825243510154e-01	   1.7497073536783875e-01	   6.7171804802507284e-01	   5.2610806247510600e-01	   5.8096706273496046e-01	   9.2419031845102728e-01	   3.1461767818240954e-01	   5.4844171361762295e-01	   5.8870967017576759e-01	   6.1839474734451705e-01	   6.1948788379133468e-01	   7.1130592077404353e-01	   9.1598270173912277e-01	   6.3664788158248531e-01	   8.4730770083951357e-01	   6.4734009572876716e-01	   2.9072664986975988e-01	   1.4120910212315124e-01	   3.3239833517894962e-01	   5.5553687521305417e-01	   7.9401806541916253e-01	   7.3728911220347715e-01	   9.1833004497462878e-01	   9.7623112366678122e-01	   7.7047348874166155e-01	   7.5933473248481931e-01	   3.8581911707329519e-01	   3.8475909731566249e-01	   5.0393566639386922e-01	   5.8745923100830888e-01	   2.5301208191743016e-02	   1.6063749057254334e-01	   2.7543467164704144e-01	   3.7786081009916012e-01	   5.5683628434533394e-01	   3.4263072206823353e-01	   1.4367520577883958e-01	   1.5383952785745927e-01	
   2.1200771787036923e-01	   3.8426872443804494e-01	   8.5277246443302657e-01	   1.0435014466334596e+00	   1.8656954804976043e+00	   1.4859480281108257e+00	   6.5017636796847711e-01	   8.0689840058121498e-01	   0.0000000000000000e+00	   1.6323568260485439e+00	   3.6628992524934745e-01	   5.1632211067672062e-01	   5.0951107985650101e-01	   9.0131049573288480e-01	   1.2538886710340829e+00	   1.3635271722151980e+00	  -2.9448403127992323e-02	  -1.1836084871906713e-01	   5.4274946950852354e-01	   6.1026815207639062e-01	   2.1264426015134080e-01	   3.1993475204136229e-01	   9.4139224013073908e-01	   1.0981817697404954e+00	   1.0914461651508782e+00	   1.2324039885908382e+00	   9.9493333503533476e-01	   9.7662223534128489e-01	  -1.8429939666977077e-02	   3.3844435368243830e-01	   3.8040819072136239e-01	   3.8062856871181605e-01	   5.7986981791308900e-01	   4.7424550611024885e-01	   4.2823457919108099e-01	   3.0711064595127829e-01	   2.7757155101186948e-01	   1.1834657014684069e-01	   4.5250611248257921e-01	   4.3773933889520761e-01	   2.2166040839203616e-01	   4.2302370187900101e-01	   6.7474129561476637e-01	   5.5914066713545141e-01	   6.9944303265662577e-01	   7.3533478517157846e-01	   4.0657492261230982e-01	   4.3510683640690195e-01	   6.6505569548497467e-01	   7.0885456893599819e-01	   6.8171273133025934e-01	   4.7099441915119844e-01	   7.7551293077510952e-01	   6.5776847671059679e-01	   5.0714170050021112e-01	   4.4681126417414824e-01	   3.0844617597337598e-01	   2.0251277070121315e-01	   1.0420512122977936e+00	   1.0645000183608657e+00	   7.9932497675017422e-01	   8.9890606908186554e-01	   4.9464103424772046e-02	   3.5007759748978448e-02	   7.2536727078597463e-01	   9.6019005987135753e-01	   8.7424900323151122e-01	   1.0893825112461595e+00	   7.1298949401624379e-01	   7.2756650327892614e-01	   1.1698906447807707e-01	  -1.5496283201331829e-01	   4.0546095506017593e-02	   1.5099862855378823e-01	   1.1020738112919075e-01	   1.2127124481943599e-01	   2.1631926989325403e-01	   1.4489555876812000e-03	   1.8841781395383916e-01	   1.8668074903267942e-01	   4.7225822845169246e-01	   4.3477948891502827e-01	   7.8446497520452740e-01	   1.0578853163926518e+00	   7.0519885426150075e-01	   7.5760011931988269e-01	   8.0623810310163502e-01	   8.6118407423641830e-01	   8.4255963236329223e-01	   8.6545386152791848e-01	   6.2979645523082950e-01	   5.3954974166339720e-01	   6.2301814332047156e-01	   5.7607845877649844e-01	   5.5000841702287598e-02	  -2.5746075226033782e-02	   1.2541174971329461e-01	   3.3262580299766131e-01	   2.3675973820061741e-01	   2.4727070585754007e-01	   2.8409122317714719e-01	   4.8813192808820571e-01	   4.5483926427813071e-01	   3.8377551002355514e-01	   3.3969953975092099e-01	   1.7009646093447109e-01	   5.3802667565036866e-01	   4.1355534085499285e-01	  -1.8058433323997652e-01	  -1.9353178147754727e-02	   2.3118378615952384e-01	   1.3660269214837881e-03	   1.9309594039296027e-01	   1.8925298471598284e-01	   2.5737544853651140e-01	  -1.3639901790496503e-01	
   2.8525189538159423e-01	   3.4608642259224948e-01	   7.5269563995257149e-01	   1.0470007180779286e+00	   1.6642674207225563e+00	   1.9857555927183406e+00	   6.6540696179146286e-01	   9.5205013921015902e-01	   1.6323568260485439e+00	   0.0000000000000000e+00	   4.6320428230947575e-01	   5.8817769127146668e-01	   6.0118594055060670e-01	   9.0173427444948306e-01	   1.1263400028280541e+00	   1.5546616900703369e+00	   6.4941576180407634e-02	  -7.4124721364630317e-02	   5.1699364136114645e-01	   5.6170521694944475e-01	   1.5147257594208444e-01	   2.5300278986954639e-01	   6.9446106521453976e-01	   8.5694816623128078e-01	   1.1133851272582029e+00	   1.2829878571720053e+00	   6.9188592565028295e-01	   7.0354576166191496e-01	   1.7783309050384141e-01	   3.8082180116778813e-01	   5.2604012086699903e-01	   5.0799540372623864e-01	   3.9218634339025854e-01	   3.1343722591250678e-01	   1.6105929779305259e-01	   8.0870524193330573e-02	   1.2645966347650336e-01	   2.0749919406921655e-02	   2.7677455643228338e-01	   2.9017341337246488e-01	   7.3979450784425999e-02	   2.5000338742968586e-01	   6.8474507576067312e-01	   5.3847272745647612e-01	   7.1892524702419980e-01	   7.2777310640215498e-01	   4.2012107277547328e-01	   4.2580691384687686e-01	   6.8515942559048282e-01	   7.1270493545360913e-01	   6.4690747583350550e-01	   4.7636946814667147e-01	   6.4793956826870946e-01	   6.0091512824998450e-01	   3.8588736041725441e-01	   3.5926277699351811e-01	   3.5757027984239909e-01	   1.8582007170661491e-01	   9.3770408560911367e-01	   1.0298971177979819e+00	   8.6626532202301365e-01	   8.6102928837067216e-01	   1.8079248144542204e-01	   1.7175042226756351e-01	   4.3861872555102777e-01	   6.4767058525922006e-01	   7.9806661359654951e-01	   9.8733439340710338e-01	   5.0768026975777047e-01	   5.5175403315711291e-01	   1.9506599422273321e-01	  -1.4346279372948900e-01	   7.2870836702356390e-02	   9.5739496437326335e-02	   1.0809485444081296e-01	   4.5744503750949059e-02	   1.8495341992100711e-01	  -2.9175500732388567e-02	   1.7622956075054511e-01	   1.6578895272719207e-01	   4.3809415882537084e-01	   3.4085084566384477e-01	   6.0892751407919066e-01	   9.2757328745862444e-01	   4.2896295118212358e-01	   5.3631465292836455e-01	   5.6535512956164879e-01	   6.7041105782351407e-01	   5.7752087253442419e-01	   6.5586965304720801e-01	   5.3534434834613032e-01	   4.3270150552192371e-01	   4.9834006320012258e-01	   4.0748561631179808e-01	   7.2881582983835569e-02	  -1.9560675198779246e-02	   1.1572315412858084e-01	   3.5193756117724606e-01	   2.9846989033480137e-01	   3.1625658389219408e-01	   3.8980470612872620e-01	   5.4583792919399809e-01	   5.0949465365467927e-01	   4.3125009729739799e-01	   2.3637508399803595e-01	   1.0136359229875325e-01	   5.0668300908973396e-01	   4.4365409475724976e-01	  -7.2591724585990489e-02	   2.3132480391106876e-02	   2.0369347423666290e-01	   8.0060786406566650e-02	   1.9677153707942438e-01	   1.4161244161519915e-01	   7.4752668102262707e-02	  -5.8211530068841826e-02	
   8.4972958206722982e-01	   7.7074536470613986e-01	   7.4591251609515408e-01	   7.0698104694721742e-01	   4.2729087164834217e-01	   4.8435914078619891e-01	   1.0060829480174691e+00	   8.4807348286260176e-01	   3.6628992524934745e-01	   4.6320428230947575e-01	   0.0000000000000000e+00	   1.0433863380292936e+00	   1.5986960189502912e+00	   8.5546212243613529e-01	   5.7626628393037638e-01	   6.8308674234922984e-01	   6.7449709567171168e-01	   4.3232822236518464e-01	   8.5814789297358485e-01	   8.6075691975558966e-01	   4.1384524116148036e-01	   4.2418813406023970e-01	   4.2204174580841880e-01	   4.5167802887047620e-01	   2.6887617265694252e-01	   2.9542233246805810e-01	   2.2851651464326414e-01	   3.2517986528769904e-01	   8.4831000993856542e-01	   6.7226595198803329e-01	   5.4176626645490389e-01	   5.8525307802010895e-01	   4.7908472028852733e-01	   3.9389671967432410e-01	  -1.3938958797388687e-01	  -2.3830491126208128e-01	   3.8306287308413366e-02	   2.1193358281838159e-02	   4.1473592617177879e-01	   4.7250069318115528e-01	   2.3292806344096678e-01	   4.0288442069962804e-01	   8.2918563137856471e-01	   7.9328997542492818e-01	   7.5577853894997771e-01	   7.8491748953935381e-01	   8.1377892136357166e-01	   8.0269385366818358e-01	   7.2233371518382428e-01	   9.6149863644514988e-01	   9.1495678328533991e-01	   9.6330726177066839e-01	   8.5483682994583721e-01	   8.7333153900641336e-01	   6.9654330171613699e-01	   7.5272922519622931e-01	   8.0763675800394197e-01	   7.1291431500450786e-01	   7.0033947680882458e-01	   6.2527761491099243e-01	   8.2483363127876763e-01	   4.4046631364753747e-01	   7.2058825671862625e-01	   8.7524773605642425e-01	   8.0252522842951021e-02	   2.0521186308285499e-01	   7.0797568246497544e-01	   5.9718844718227770e-01	   4.9651474809624463e-01	   5.4034905567325875e-01	   5.4602182500178931e-01	   1.2744238252929044e-01	   5.1913201233054940e-01	   3.2415799276077473e-01	   5.0113403299228754e-01	   3.6655961250136138e-01	   6.7466752936882846e-01	   2.2159366243761994e-01	   5.3901646608432885e-01	   3.4099128004413015e-01	   7.4133155494899650e-01	   7.1917947316705488e-01	   4.1496388385605681e-01	   6.0857313966144366e-01	   2.4234056252923653e-01	   5.4735067467675447e-01	   3.4745805940643198e-01	   3.8619318892969207e-01	   4.7871803883925912e-01	   6.2041881709549329e-01	   6.5477906466368030e-01	   5.2976158294897369e-01	   6.7043222879680953e-01	   6.3520543018122788e-01	   4.4046307656349148e-01	   2.1548038052145546e-01	   6.0910460795096821e-01	   7.5375506141040638e-01	   9.7531640623531624e-01	   1.0175909003077919e+00	   1.0119289205478017e+00	   1.0095032788290712e+00	   8.0136055331394729e-01	   8.2518227524142662e-01	   3.2888807472659171e-01	   2.7894252698121574e-01	   5.6918844403069657e-01	   6.6639296035235185e-01	   1.1468692162542524e-01	   3.1566490721022300e-01	   4.4382935881869112e-01	   5.5762589668479812e-01	   7.0608101272129176e-01	   4.9186806726065918e-01	   1.9218234213818494e-01	   2.0930491043985117e-01	
   6.5742496626556512e-01	   6.8692405453581129e-01	   6.0656998204073853e-01	   9.5157865694882904e-01	   6.1904545994812166e-01	   6.4453340739046294e-01	   7.6651779536181297e-01	   1.1172481134861483e+00	   5.1632211067672062e-01	   5.8817769127146668e-01	   1.0433863380292936e+00	   0.0000000000000000e+00	   1.1256625349383642e+00	   1.4843380558097108e+00	   6.7819616935086136e-01	   8.2885315140977955e-01	   5.5709316895806837e-01	   4.3680947278032944e-01	   7.0695807917219322e-01	   8.4202751805357368e-01	   1.9433461922816397e-01	   2.5150787989346146e-01	   4.7596736034626641e-01	   6.5480751593601905e-01	   4.1060562631780462e-01	   4.4041641397849579e-01	   2.9733065109601287e-01	   3.9692625665847048e-01	   5.7425153621700353e-01	   7.1457101870151718e-01	   4.7881524076172349e-01	   6.0525722466363219e-01	   4.1970317620323994e-01	   4.6931808420664900e-01	  -8.0831668852381772e-02	  -1.1473373333696389e-01	  -1.5988486459751233e-01	  -9.1837484077931381e-02	   2.7194078317764603e-01	   3.3381466291508438e-01	   8.8395937466563157e-02	   3.8486740307401590e-01	   5.4262400914007480e-01	   4.9503745375336483e-01	   5.3507818086825143e-01	   5.3842839463853986e-01	   5.3730751897119122e-01	   5.1844032562793885e-01	   5.6147680953829160e-01	   7.3483902196925777e-01	   6.7908576698863221e-01	   6.5642476838868391e-01	   7.5495505759306647e-01	   7.1737620439508298e-01	   5.3624747854269750e-01	   5.2150873530347552e-01	   5.1770146824445051e-01	   4.9934350383693671e-01	   6.6326265183177580e-01	   1.0260248375544148e+00	   7.3852015540487603e-01	   9.5680326613870414e-01	   4.3533750191456527e-01	   6.5404847676733524e-01	   1.8091885487696246e-01	   5.0851897524767975e-01	   5.1554006861035084e-01	   6.3315340437850998e-01	   4.6660025177060827e-01	   4.9216182845052714e-01	   4.5230118888430154e-01	   1.1059233549681427e-01	   5.2735255629879330e-01	   3.7482228573818693e-01	   5.9715590482475078e-01	   3.8363710114005761e-01	   4.7993277966644621e-01	   2.6447437590069311e-01	   5.4286560087954461e-01	   3.6966974149744525e-01	   8.1127590568473917e-01	   7.3033204046718547e-01	   3.9844822735027008e-01	   6.5293329214347540e-01	   3.4996691179609785e-01	   6.0356679857357864e-01	   4.1563333428227073e-01	   3.9592613863048620e-01	   5.0976706653324633e-01	   6.2877833838200337e-01	   7.0998369545861295e-01	   4.7315783063128281e-01	   8.1388485643682651e-01	   5.1253112986338112e-01	   3.2506112882471561e-01	   1.5737258495944267e-01	   3.8047180035198813e-01	   5.7628566571178341e-01	   7.2496449810761232e-01	   7.5118581440800702e-01	   7.8184917662451525e-01	   8.0490973167589974e-01	   6.2547053828444765e-01	   6.7589908226888396e-01	   4.4644535344315023e-01	   2.7922207049063730e-01	   5.8366406778369984e-01	   5.0000117521804721e-01	  -2.8609472016882301e-02	   2.4528823663774649e-01	   2.8188213646206373e-01	   4.4350777837850835e-01	   6.9588286672031929e-01	   4.9608657084387042e-01	   2.4966663298308595e-01	   2.4453284408321907e-01	
   7.4290098302777341e-01	   6.2322280525406670e-01	   8.0200446416174898e-01	   8.0676967798859556e-01	   6.0902498391978210e-01	   6.3972505281852954e-01	   1.1078036848855157e+00	   1.0646587196190351e+00	   5.0951107985650101e-01	   6.0118594055060670e-01	   1.5986960189502912e+00	   1.1256625349383642e+00	   0.0000000000000000e+00	   9.9623010704616699e-01	   7.4694050637731835e-01	   8.0009016429079205e-01	   4.7222477619187098e-01	   2.8944415756513669e-01	   8.4393159215705515e-01	   8.3133285041394844e-01	   4.2683201473516563e-01	   4.3881783950664255e-01	   4.2373577879884294e-01	   4.9484193910270063e-01	   3.7518904077555304e-01	   3.8633283812210761e-01	   2.4519197376639679e-01	   3.3082306665643896e-01	   7.2666650627621932e-01	   5.6767763642226421e-01	   4.9511069054162771e-01	   5.5080851373442996e-01	   4.0128040910258206e-01	   3.3599322301037188e-01	  -1.8116962260212119e-01	  -2.4835020639897404e-01	   2.8174225534863297e-02	  -3.1516527232135813e-02	   3.4670497714987514e-01	   4.1207743715734629e-01	   1.9075612687372956e-01	   3.6878446074341065e-01	   7.9865048910897329e-01	   6.9701988606060783e-01	   7.5531695050428371e-01	   7.5744594114412300e-01	   7.3532823459130303e-01	   7.0622441820570248e-01	   7.7629656703643068e-01	   9.4513157691717908e-01	   8.8241934899046148e-01	   8.7664202642782929e-01	   8.6621860086701330e-01	   8.1674032065162805e-01	   6.3553837384305545e-01	   6.8936893834733648e-01	   6.3852849349774388e-01	   5.1506786127595638e-01	   8.3853112340458913e-01	   7.6853979813330942e-01	   8.8949621078718810e-01	   5.7625315352405604e-01	   5.3138099594130339e-01	   6.5069560826782691e-01	   8.2790104463177042e-02	   2.8176710447407305e-01	   7.8483482262158455e-01	   7.0179500744574319e-01	   4.4474696671511027e-01	   4.6542848173614254e-01	   6.9021428088253667e-01	   1.7718724298072117e-01	   4.7962876045941433e-01	   2.7234434046950401e-01	   4.7773321071894420e-01	   2.8431276842364184e-01	   6.4215552063635584e-01	   2.2152961491503029e-01	   3.8974807284333357e-01	   2.7135956091148328e-01	   6.0604890438755699e-01	   5.9316896252913864e-01	   4.9154079494765696e-01	   6.3758243170594153e-01	   1.9809371078404164e-01	   5.0843681457842227e-01	   4.0130420504893327e-01	   4.3842896357762834e-01	   4.5843239477188302e-01	   5.8033560047936861e-01	   7.0461479871851584e-01	   5.8416809236653600e-01	   7.2901302231829701e-01	   6.5762080080568608e-01	   3.6971392076459419e-01	   1.5993318640977081e-01	   4.8395000956404177e-01	   6.5080925795027922e-01	   8.7711292537168895e-01	   9.4281374754292191e-01	   9.6563482293959080e-01	   1.0337903024353563e+00	   7.8857743090286192e-01	   8.0263445954844748e-01	   3.9801620643567115e-01	   3.7606238487611454e-01	   6.3933711475059496e-01	   7.0843255904058244e-01	   1.3830189704384982e-01	   2.1533373939824280e-01	   3.8813656989633483e-01	   4.5655213788828997e-01	   6.2789351468664345e-01	   4.0667114363843160e-01	   1.8191892878413346e-01	   2.6994443888782527e-01	
