   0.0000000000000000e+00	   1.1571499882114820e+00	   5.4791082388653256e-01	   4.6011178458395907e-01	   3.0759562339676766e-01	   3.4080949426037493e-01	   6.2117047756316246e-01	   3.7740888993919258e-01	   3.0603159820444992e-01	   2.0714123667331641e-01	   7.5944713044654544e-01	   6.3423813526768569e-01	   5.1799634058273059e-01	   3.8712795102189090e-01	   5.3185808918738564e-01	   3.9351063623581839e-01	   7.6118235824251190e-01	   5.4980191993861849e-01	   1.0295655903112184e+00	   8.0575364652569526e-01	   2.2033913976466404e-01	   5.9807136399555656e-02	   3.6483060310781973e-01	   3.9791844978570190e-01	   2.1013932032490468e-01	   7.9015325459773120e-02	   3.5858514986475526e-01	   3.0410607202230749e-01	   3.2975104565282487e-01	   3.1998791082901290e-01	   2.5454604875421127e-01	   1.8611613365068116e-01	   1.8019257946067777e-01	   5.2885460352019881e-02	   1.7347652503233817e-02	  -1.2328165927854517e-01	   2.8251670554411612e-01	   1.2286532647045220e-01	   4.2230156215537562e-01	   2.9651484054874139e-01	   6.6935192022815626e-01	   3.0813595064486932e-01	   3.2223157263345575e-01	   1.5134754225234998e-01	   4.5590511650060317e-01	   3.7016797797294582e-01	   2.5103236659126216e-01	   3.0621523576739834e-01	   5.5931534055728649e-01	   5.5251796789594620e-01	   3.4669442344831924e-01	   3.7185006023962325e-01	   3.9857560214123361e-01	   6.0737798104815510e-01	   5.0501983015085616e-01	   4.4932601531199257e-01	   1.1300335936512036e+00	   7.8498615521292425e-01	   5.2505652966776140e-01	   3.9537963528402886e-01	   3.4090924589014160e-01	   2.4346814367483591e-01	   4.8022298333648289e-01	   3.2377989712319588e-01	   1.7829276057998769e-01	   2.1611309079620400e-01	   3.3651727384096342e-01	   1.8210658797450954e-01	   4.8105155083131412e-01	   5.3178063082958449e-01	   1.3625516947083191e-01	   8.2745791254219589e-02	   6.9172998962306032e-01	   4.2999450220296603e-01	   6.6536893465514557e-01	   4.1097316731374089e-01	   2.4677566848889426e-01	   3.6290035452829150e-01	   5.6335320860405347e-01	   5.5483715610599160e-01	   8.1335740884246266e-01	   8.5970966955171035e-01	   7.9500037493607711e-01	   8.2580635224819721e-01	   6.3598169631046841e-01	   5.8231645094540485e-01	   5.9954789217864224e-01	   3.2940176702218926e-01	   7.2541231172587584e-01	   6.7307656829117424e-01	   5.0092134093054108e-01	   4.4221176870200007e-01	   2.3064015430728257e-01	   2.8140105050230796e-01	  -6.1695325533235736e-02	  -1.8541099640968811e-01	   1.3759836499336542e-01	   5.3353939424770009e-03	   5.2854572518868759e-01	   6.4185069972818543e-01	   2.8143461913218043e-01	   3.9340182199640489e-01	   4.5043684644270432e-01	   4.5700042387361184e-01	  -9.2147165156617639e-02	  -1.4663659475121238e-01	  -7.1193070806801304e-02	  -3.2169140725710477e-02	  -2.4171692864814992e-01	  -2.5795222857397115e-01	   2.1322871109426897e-01	   4.4241828352069312e-01	   2.4067498599816139e-01	   2.9242092661657609e-01	   1.5264201838268621e-01	  -8.0416200967185630e-02	
   1.1571499882114820e+00	   0.0000000000000000e+00	   5.6893642246851028e-01	   4.9568178716074718e-01	   2.3127537699399481e-01	   3.6839034128112141e-01	   5.0734792017026442e-01	   4.1593886647787692e-01	   1.5454623757409822e-01	   2.0598128894958659e-01	   6.9768271767784551e-01	   4.9662514719852335e-01	   3.7383477941955062e-01	   2.5328996741991922e-01	   3.5392074811474872e-01	   4.3621208120404220e-01	   8.1188965772546728e-01	   6.3373497150350444e-01	   8.0679530313390369e-01	   9.1475153363371919e-01	   2.3500424093803340e-01	   1.7173173864124938e-01	   3.8093182722242913e-01	   3.9129429105012042e-01	   2.6687165959003922e-01	   1.7465002273771787e-01	   4.3284772982045044e-01	   3.6327062846822961e-01	   4.2005008201654392e-01	   4.2904773982862193e-01	   4.4887694161940073e-01	   3.3397260036091242e-01	   2.5283035728073500e-01	   1.5259282220715928e-01	   1.1345259449949872e-01	  -7.9797420324464713e-02	   2.7321896366107623e-01	   2.8894090542135537e-01	   3.6671198447475850e-01	   4.1731775151800699e-01	   7.4971666995680764e-01	   3.2169831520336611e-01	   4.5267746621145011e-01	   2.7922060660394887e-01	   6.1497247323056137e-01	   4.8643291914696607e-01	   3.9684748488255439e-01	   4.3813535065332765e-01	   7.9042444991622629e-01	   6.9776936524546518e-01	   5.1470058929514662e-01	   3.7668037319032815e-01	   5.3141279208086067e-01	   8.6460921610839625e-01	   5.4327169522689667e-01	   4.9853535509275188e-01	   1.3103211274048299e+00	   1.2340247479980659e+00	   4.6439874933964509e-01	   5.3353741278844924e-01	   2.4627745463353914e-01	   3.5587645638790261e-01	   6.2939140138518757e-01	   5.5062667807987198e-01	   9.1922220901345900e-02	   2.8880553910509085e-02	   4.7629523064241541e-01	   3.0943821337076671e-01	   5.2575700466993358e-01	   7.4049312545119583e-01	   9.2089550820752999e-02	   1.0451674541813896e-01	   6.5670469471723214e-01	   5.1959240419639574e-01	   5.5476555407051042e-01	   4.0503335975699362e-01	   3.2710582088977125e-01	   4.0397420422310798e-01	   5.4175980372178389e-01	   6.4873585784074617e-01	   9.5192983322408320e-01	   8.8941772865599700e-01	   6.9646270044558134e-01	   6.9739739866293526e-01	   5.0337503023071761e-01	   4.6619692546663200e-01	   3.6040772478383565e-01	   8.1503147786338284e-02	   4.6577831053289964e-01	   5.1439513510397206e-01	   6.1080241099336774e-01	   4.0986229993876333e-01	   3.1531799031594271e-01	   2.7271141715374680e-01	   1.0732728711334530e-01	  -6.5616161132777726e-02	   3.0913090009565775e-01	   1.2767320956760303e-01	   7.2898658730427124e-01	   8.3379213912015260e-01	   4.2462537731047351e-01	   3.3242549521439058e-01	   6.0890161447683488e-01	   5.6555779060960121e-01	  -7.9121619377899008e-02	  -1.0302901987362352e-01	  -8.6478564440690631e-02	   5.3205431314073084e-02	  -1.2229359563434167e-01	  -1.0953581793666298e-01	   3.5890211081474344e-01	   6.5943661152686850e-01	   3.3427500880960020e-01	   3.6682738246915336e-01	   7.1295758368870574e-02	  -9.8692973153896635e-02	
   5.4791082388653256e-01	   5.6893642246851028e-01	   0.0000000000000000e+00	   7.9090576933346990e-01	   1.0168341555529723e+00	   7.9007656478898403e-01	   1.1417568673477247e+00	   5.6580275786681555e-01	   7.7473367580734909e-01	   5.7131976950100494e-01	   2.3698318114076264e-01	   6.0540447626245102e-02	   2.8525671187463780e-01	   2.0772871386450473e-01	   6.3157117673636565e-01	   4.2726495728222202e-01	   4.0621061491770982e-01	   2.7518706243835900e-01	   6.1159992609377734e-01	   5.0778209940856989e-01	   4.0644819752078276e-01	   2.9569525730008794e-01	   1.1226801646956959e+00	   6.5193181166908043e-01	   8.2508492612811124e-01	   6.7633010269494243e-01	   6.9748793712214641e-01	   5.1835746916444558e-01	   7.6694579801681095e-02	   1.8102804705918524e-01	   7.6674414442255667e-01	   6.4423984982721150e-01	   2.9138776947902401e-01	   1.0188464377204025e-01	   3.7554547361416113e-01	   7.9385034502707050e-02	   9.1979754559288404e-02	   1.0736378491053163e-01	   1.4578760835306295e-01	   1.1407157037993045e-01	   2.0225889930660804e-01	   1.4372620095337771e-01	   5.2258697473758287e-01	   3.1004357985061443e-01	   7.3388850032791397e-01	   5.2801699167850902e-01	   3.3430373734147312e-01	   3.3979186128937217e-01	   4.7404928407737595e-01	   3.4830669542932563e-01	   3.4918185182450545e-01	   2.7061839085532163e-01	   1.4859980127365857e-01	   4.5651070528588966e-01	   1.3078707379449780e-01	   6.8820594846731628e-02	   4.6875793484180395e-01	   5.6811306516000804e-01	   2.1357476571526762e-01	   1.7922127520333159e-01	   2.0461292721535507e-01	   4.2174955660436136e-02	   2.8870083873207453e-01	   1.1949574837529485e-01	   6.0242487784987020e-01	   2.6208317272577736e-01	   6.7666297640482520e-01	   4.2614821249864065e-01	   3.2246466902777299e-01	   3.3682544034975376e-01	   4.5437151548062782e-01	   4.1729667521698405e-01	   2.1749972633794887e-01	   1.6856237488893189e-01	   2.5819684007268962e-01	   1.4855756383633340e-01	   2.2273024172618797e-01	   2.3220281524126146e-01	   3.7460957336640388e-01	   4.8673477848659913e-01	   4.2652302928854025e-01	   4.8849534773897307e-01	   4.9430625314035803e-01	   3.9932053400603806e-01	   6.8592518222173882e-01	   3.2400102409708487e-01	   3.7045280110137546e-01	   1.9948238987225020e-01	   6.4000359737319679e-01	   2.4167348688944162e-01	   5.6833036281411109e-01	   5.2732534876856862e-01	   5.3884748860509624e-01	   6.7948496184811813e-01	  -4.2282485141338609e-02	  -2.6473622627753052e-01	   1.1901997098017185e-01	  -1.5182016913412719e-01	   4.2378578634834108e-01	   4.2584239389889078e-01	   3.0828656242956665e-01	   5.5510946241503589e-01	   2.4091391510044502e-01	   3.1267701919195040e-01	  -1.3527696416183227e-02	   1.0771801612052982e-02	  -3.9735054860385352e-02	   3.0580629610191142e-02	  -5.6442977481510156e-02	  -4.8759132011089827e-02	   2.1504930166776970e-01	   4.8023571813601851e-01	   2.5205051465951622e-01	   8.7821770460435405e-02	   1.3842835235065971e-02	  -3.2620309118584123e-01	
   4.6011178458395907e-01	   4.9568178716074718e-01	   7.9090576933346990e-01	   0.0000000000000000e+00	   4.2954831689141260e-01	   6.9111475753872620e-01	   7.5398530130459440e-01	   1.1062587484331947e+00	   3.9176008713227223e-01	   4.1995280016349690e-01	   1.8014903265350310e-01	   4.0260921334808797e-01	   2.6021545500181587e-01	   5.1766265878875817e-01	   4.2421669857274846e-01	   4.2763265765919356e-01	   1.1581862429325598e-01	   6.7712440785042891e-02	   4.8000523206848911e-01	   5.3455558698342109e-01	   3.7796832823216725e-01	   3.3712489366597648e-01	   6.4430761173785456e-01	   1.0312801327762882e+00	   3.9870873144149532e-01	   4.2739702175570404e-01	   5.7102323961160262e-01	   5.5707656762490121e-01	   6.4492858898875294e-02	   9.9064516245344417e-02	   2.5474425752159974e-01	   3.8859541183347146e-01	   1.2437230821312541e-01	  -3.0480197426237074e-02	   4.2567687623253969e-01	   2.8931636209264933e-01	   2.9681001961063069e-01	   2.0665691685102436e-01	   3.2035378364112499e-01	   3.5744978064116534e-01	   4.3317207737259944e-01	   3.7954174470942154e-01	   7.3656973129540715e-01	   5.2315193371736468e-01	   7.3212479422104049e-01	   6.5449128676626311e-01	   4.2346093450325156e-01	   3.6347111205392402e-01	   5.2751366974515668e-01	   4.2379386534648111e-01	   4.5616384158614809e-01	   5.4466011674473880e-01	   3.0623757723893519e-01	   4.7440773973649641e-01	   3.6027723885794116e-01	   2.8474939312276892e-01	   3.6135274520572813e-01	   3.1937098557486571e-01	   2.8364726035401711e-01	   2.0750845226738573e-01	   3.1060308724751040e-01	   2.1082373638004434e-01	   2.1538580860744441e-01	  -1.2096489198985396e-02	   5.2493665658024258e-01	   7.3013638258420221e-01	   8.4270189772729809e-01	   7.8751621751479828e-01	   4.4972727585116773e-01	   4.6516168098418498e-01	   8.6392144202190976e-02	   2.9435536627656989e-01	   2.8605073959682825e-01	   3.3500279102471170e-01	   2.7528953142881440e-01	   2.7548640477125869e-01	   3.5779127991383702e-01	   4.7361171674976499e-01	   1.4694708896402764e-01	   3.0430743377470604e-01	   2.5129401313994859e-01	   4.1598874403284086e-01	   4.4133622334633010e-01	   4.8074782089470525e-01	   6.3121230114516824e-01	   7.1933719672345475e-01	   4.2549209333935567e-01	   3.6272397712678461e-01	   6.3426479447804640e-01	   6.4139051558202453e-01	   8.2593371528664439e-01	   5.2558422467427057e-01	   8.3967642247290553e-01	   5.5346384121865755e-01	   1.4524179405416687e-01	  -1.0396651550675734e-02	   4.1410918898583537e-01	   7.7444812500426216e-02	   5.5589978458016620e-01	   6.1423971801747446e-01	   4.7393139038037474e-01	   5.5977882329789197e-01	   3.7826169544285698e-01	   4.1752412193550170e-01	   1.3064673865360993e-01	   7.7044437585880796e-02	   6.0563816265059467e-02	   1.7042318184333630e-01	   5.0920052091306730e-03	  -1.2328470008228520e-01	   4.0636985075636478e-01	   4.7679890077321985e-01	   4.4374843120738366e-01	   3.0167221529769095e-01	   2.9645183159256167e-01	  -5.0725327732158265e-02	
   3.0759562339676766e-01	   2.3127537699399481e-01	   1.0168341555529723e+00	   4.2954831689141260e-01	   0.0000000000000000e+00	   7.9820742554956436e-01	   1.0691015237595001e+00	   5.0834164489147127e-01	   1.0578839029248306e+00	   6.6792678878950196e-01	   1.6458989825901327e-01	   6.5093981707030929e-02	   2.9329926661031824e-01	   1.9021285416326358e-01	   7.3548916302598011e-01	   4.3437293360746421e-01	   1.6218584900576005e-01	   1.0840205286428330e-01	   3.8168804456257366e-01	   3.0520147846322965e-01	   3.2270559625141287e-01	   1.4096362449998734e-01	   8.2094750337523958e-01	   4.6388640525223906e-01	   4.1315857426980013e-01	   3.2966057439123919e-01	   3.9344188679459829e-01	   3.1508104383599123e-01	   1.6800836420161700e-02	   1.0040207238931184e-01	   3.7399977533230011e-01	   3.5048131926975168e-01	   9.8767251671846523e-02	  -4.1660587500604085e-02	   9.3906243134030162e-02	  -8.4345082797609272e-02	   4.6110459546594304e-02	   3.1663806551587105e-02	   1.0271237363625293e-01	  -6.7993142895206027e-02	  -3.4579907007627836e-02	   1.1937129826644863e-01	   2.8058593397687642e-01	   1.9848935198612297e-01	   3.0167087695639644e-01	   1.8797528837668639e-01	   3.1095124497342952e-01	   1.9446264780289982e-01	   1.6561986015842362e-01	   8.7575342843317028e-02	   1.1911946167398518e-01	   7.0404627654933633e-02	   8.8078649470198327e-03	   2.3660486117725185e-01	   1.1502668578764477e-01	   2.5514512968465189e-03	   1.6003274293804251e-01	   1.0925607591006195e-01	   1.1770750828521179e-01	   6.1517981541226889e-02	   2.2442463583675473e-01	  -1.6454139532360385e-02	   3.0946816252413406e-01	   4.6692601500111688e-02	   5.0720736135692879e-01	   2.1291786723388761e-01	   2.8647719900340257e-01	   1.3728147243174291e-01	   2.6693552045376834e-01	   1.7145656962237832e-01	   3.3284333790464954e-01	   5.1038938616730001e-01	   1.0928855655218625e-01	   3.5137039720438488e-02	   1.7706459612446315e-01	   1.7565777838541194e-01	   9.9664532162317257e-02	   1.1592061117986641e-01	   2.2134934040855078e-01	   2.2944434919945578e-01	   2.2988224045242084e-01	   2.5979491792577869e-01	   3.6899307340930848e-01	   2.5117192147637091e-01	   5.1814595133424701e-01	   1.8770274435244336e-01	   3.5944727193855991e-01	   1.6309428659814626e-01	   5.8107913081741669e-01	   2.3026571815392824e-01	   4.2311831446782283e-01	   4.8140550404016358e-01	   4.2289351841724110e-01	   7.0392867940447290e-01	   7.5694454439090893e-04	  -9.6655652986558260e-02	   8.9971554212108729e-02	  -1.0714578246001931e-01	   2.7641662659916139e-01	   2.8591727473934042e-01	   2.1676662555477186e-01	   6.1121262153305789e-01	   9.9671713781547294e-02	   2.7699603431639275e-01	  -1.2694640965340813e-02	  -1.5941191092039501e-03	  -1.3302911003761031e-01	  -8.9736014683776694e-03	   2.7325108273119184e-02	  -5.0061572506267069e-02	   8.7701971133931619e-02	   3.2825466374138407e-01	   2.6544025174288338e-01	   1.1207766359737815e-01	   6.8659952088836074e-02	  -5.2033946874135584e-01	
   3.4080949426037493e-01	   3.6839034128112141e-01	   7.9007656478898403e-01	   6.9111475753872620e-01	   7.9820742554956436e-01	   0.0000000000000000e+00	   7.3633441261218313e-01	   8.6675226353075341e-01	   5.9844072835430673e-01	   1.0730956332801613e+00	   1.3578679371743627e-01	   3.3501789149139638e-01	   1.3578917918636135e-01	   4.9993719645381396e-01	   5.2871392224079183e-01	   6.9606414687017415e-01	   3.4843021824379938e-01	   3.1436048066985167e-01	   4.5925241020712088e-01	   4.1545552672160013e-01	   3.4637274722987726e-01	   3.6247113433421829e-01	   6.3283033239314013e-01	   6.5036711667603442e-01	   3.3213911136718149e-01	   3.3550929056651563e-01	   4.5672411478633657e-01	   4.4742330442664768e-01	   2.9445687706111695e-01	   3.6650041060381677e-01	   5.1791523155963703e-01	   6.3606161829845875e-01	   1.4967564187494217e-01	  -4.4430463550503958e-02	  -2.1366025153480329e-02	  -1.9649331868993050e-01	   1.2885962371353013e-01	   1.3816303892518472e-01	   1.0711912565491756e-01	   8.6648908876161723e-02	   1.4136939961294065e-01	   3.3648572448754238e-01	   5.3784712992031936e-01	   4.1122465493685745e-01	   7.0680874564081919e-01	   6.9037565737488449e-01	   4.5245837696003205e-01	   3.1660346486768692e-01	   4.6704686047396676e-01	   3.6663637525951498e-01	   2.0361159864948286e-01	   2.0471977214877574e-01	   1.5030960410383565e-01	   3.4368132419307335e-01	   2.2223191445693166e-01	   7.3181066241526857e-02	   2.9593360648774053e-01	   3.1506902794300240e-01	   1.3466690717659818e-01	   3.1910547903505937e-01	   4.6244796701319923e-02	   3.4213166060756278e-01	   5.5616166818402613e-01	   2.7854166229364841e-01	   2.1734294960320155e-01	   2.4313896296199705e-01	   5.6262120402651195e-01	   5.2393153972740247e-01	   3.8374127407920833e-01	   3.2038361366697193e-01	   3.2651114829832545e-01	   5.6137351855515571e-01	   3.3756203502263687e-01	   4.1176530366217390e-01	   2.8335262627658075e-01	   3.3782408559225369e-01	   2.5800926258903245e-01	   3.0907134839700967e-01	   3.5007668552591203e-01	   3.4417199876552884e-01	   5.0134554932948205e-01	   4.1328901986545846e-01	   2.9885161570176977e-01	   5.2715670271876836e-01	   4.4124564357144747e-01	   3.6212017569711868e-01	   2.7956287438076355e-01	   1.8106079841936948e-01	   4.0179099568913051e-01	   3.7677602471300403e-01	   7.6062912234351920e-01	   4.9031181104333121e-01	   6.5100303316335739e-01	   5.7672221220511444e-01	  -5.2543641582336029e-02	  -1.0844898922662474e-01	   1.4728324262707040e-01	  -1.0290189404599374e-01	   6.5100367760321065e-01	   5.4138579414344778e-01	   5.4883398985431109e-01	   6.9976237826785037e-01	   4.3220009685160327e-01	   5.1678977387415648e-01	   2.6174198518808001e-01	   1.9417272473970884e-01	  -4.0210183613394221e-02	   1.5244738533663327e-01	   1.7150843345554501e-01	  -1.5350191542996780e-01	   1.0589629267450179e-01	   4.3422467495128758e-01	   4.8053294446925487e-01	   3.9922724188030256e-01	   1.9478373789676096e-01	  -1.8432883832597252e-01	
   6.2117047756316246e-01	   5.0734792017026442e-01	   1.1417568673477247e+00	   7.5398530130459440e-01	   1.0691015237595001e+00	   7.3633441261218313e-01	   0.0000000000000000e+00	   8.7504233168139167e-01	   8.1876305334815891e-01	   5.5170192434059562e-01	   4.9331294477559035e-01	   3.5861613314464008e-01	   5.1823573021100133e-01	   4.2530359755793956e-01	   6.5429531161555421e-01	   4.7581858936874794e-01	   3.1395767439545130e-01	   2.3925570873797750e-01	   6.4434624379678285e-01	   6.1043161191387474e-01	   3.8061001083704099e-01	   1.8407244511132076e-01	   7.4422832907267644e-01	   7.2339124427341583e-01	   2.9695872105758864e-01	   3.1148930244012440e-01	   3.6405689573589506e-01	   3.2694174813807753e-01	   9.3373013011229591e-02	   1.5611225559881683e-01	   3.7925127672248571e-01	   4.6990989286647022e-01	   3.2088517462295080e-01	   7.2617550705874293e-02	   1.5722991781024917e-01	   1.1508585166139147e-01	   8.1995619755960925e-02	  -1.8976298168632230e-04	   1.9466834520504628e-01	   5.3148062647009914e-02	   1.7934743043020862e-01	   2.5818057021833984e-01	   5.0053651011260714e-01	   3.7750349574130915e-01	   5.2643715927999990e-01	   4.8842440464322251e-01	   3.7391691011785055e-01	   3.3416854083389491e-01	   4.1691226607588200e-01	   2.5865515354559121e-01	   2.8003232424050867e-01	   2.6497546093681146e-01	   1.4208854259015286e-01	   4.1959686728276802e-01	   2.6915911259903985e-01	   1.1369265050824824e-01	   4.3887193272229158e-01	   3.7071191107908824e-01	   3.4390404243873279e-01	   2.0447841953153023e-01	   4.1495792696396860e-01	   2.1316082916739654e-01	   4.3864859258260691e-01	   2.3955209139984024e-01	   3.8443224816755328e-01	   3.5564787855169255e-01	   6.3998020759172791e-01	   4.8736359345619096e-01	   3.8060031430729840e-01	   3.4973860037276017e-01	   2.6140733371978025e-01	   3.3668918022992939e-01	   3.2788852627892273e-01	   2.9629867632015344e-01	   4.2232976327889432e-01	   3.4528053578928602e-01	   2.6482750172881381e-01	   3.8956842890681409e-01	   1.7883148732864726e-01	   3.3703919407114519e-01	   3.7878050335887115e-01	   4.4846311820278673e-01	   4.8629492528380946e-01	   4.8017061273761774e-01	   5.9719097798555854e-01	   4.1254186864594300e-01	   4.8604968988185904e-01	   3.4700951324024293e-01	   6.1517201426657242e-01	   4.1354940897171616e-01	   4.9303707927526585e-01	   5.2082809519820328e-01	   4.0969124011450836e-01	   6.1811878388336494e-01	   8.1945300817253874e-02	  -1.5085334298059250e-01	   1.6386261922723924e-01	  -1.4302656160977426e-01	   3.6173266229680801e-01	   4.6579451140466610e-01	   2.4464560068930563e-01	   6.7158778970807498e-01	   1.6427500947420065e-01	   3.5868592756760120e-01	  -1.4053639527182765e-01	  -1.0894434813338573e-01	  -2.2880051850703237e-01	  -1.1835597164191647e-01	  -9.1949206258017446e-02	  -1.6564187189368210e-01	   2.6472595330662552e-01	   4.8018263805744477e-01	   2.9635976068010977e-01	   8.8720366591744218e-02	   5.7446047709834698e-02	  -4.9751046677017763e-01	
   3.7740888993919258e-01	   4.1593886647787692e-01	   5.6580275786681555e-01	   1.1062587484331947e+00	   5.0834164489147127e-01	   8.6675226353075341e-01	   8.7504233168139167e-01	   0.0000000000000000e+00	   3.9301928179082618e-01	   6.3817443584951938e-01	   2.5977309651488012e-01	   5.9426413794184552e-01	   3.0263286165654057e-01	   6.0526928087166476e-01	   4.0077780223474657e-01	   4.4436567588134446e-01	   8.3249440011853443e-02	   1.1639104205922385e-01	   4.2956013008260774e-01	   4.6469008414801388e-01	   2.5087676113586854e-01	   3.0280114900380195e-01	   5.2790724309571246e-01	   9.0203224224484324e-01	   7.4643201865357930e-02	   1.8107754573856200e-01	   2.1704249211685434e-01	   2.1918955805447859e-01	   2.0228729202176154e-01	   2.3057399376054633e-01	   2.8002548335658140e-01	   5.1853209054376315e-01	   1.4618178979274479e-01	  -1.2674031401759037e-01	   9.4086382080805220e-02	   1.0833493328186308e-01	   1.1598133352412332e-01	   2.2922237539586051e-02	   9.2696315693375997e-02	   4.3293083897072530e-02	   1.9521405501535749e-01	   4.9244091225406489e-01	   5.3730719466491950e-01	   4.2347718991367911e-01	   6.1821657409091690e-01	   6.2800270995604490e-01	   3.9256195464012511e-01	   2.0096935203421340e-01	   3.9270417231477556e-01	   2.7958593534709020e-01	   1.3189549374388232e-01	   2.2554630232896306e-01	   9.7682600964541608e-02	   2.7415495131945811e-01	   2.7755993978208765e-01	   4.4532107416655781e-02	   2.9132938066946507e-01	   1.9770752029633132e-01	   1.5106731450087263e-01	   2.2298195087106396e-01	   3.2955810290706505e-01	   6.0989614203258902e-01	   4.4978606460832182e-01	   1.9421555446227654e-01	   2.3077589852673208e-01	   6.6129606240256433e-01	   6.4914799884655150e-01	   7.6197149394312291e-01	   3.3879089836853515e-01	   3.6361229107014842e-01	   8.9913902901998202e-02	   4.3225285240897288e-01	   2.8710356654858316e-01	   4.2769576086745448e-01	   3.3381688718395836e-01	   4.4998332345341602e-01	   3.0620143275349537e-01	   4.5236268778382405e-01	   5.1211497817028911e-02	   1.9971336624263825e-01	   2.8038873833485900e-01	   2.9499049852558845e-01	   2.7990703109085724e-01	   4.2143368025551642e-01	   4.0448148615240892e-01	   4.8073928238685676e-01	   2.0873744412428627e-01	   1.5358661184298611e-01	   3.3634299354392538e-01	   4.8926346544142552e-01	   7.2486307904404423e-01	   4.0481832229949405e-01	   6.3570103588565019e-01	   4.5245386579016167e-01	   1.3023362384241291e-01	   5.2516632588559584e-02	   2.4731402866019603e-01	  -1.1569547288123402e-01	   5.0136839835464742e-01	   4.9856664180974281e-01	   4.6705256744266344e-01	   6.6477868669379048e-01	   2.8030786966035304e-01	   4.1765564612587786e-01	   7.3901929741996317e-02	   2.6001565871144772e-02	  -1.4344718954334593e-01	   1.7386233972510389e-02	   6.1762157075847049e-02	  -2.8746384932612418e-01	   1.7720634138569796e-01	   3.8540342496705249e-01	   4.1653766521868463e-01	   2.9707615978866103e-01	   1.0757873371850239e-01	  -2.2322079343443871e-01	
   3.0603159820444992e-01	   1.5454623757409822e-01	   7.7473367580734909e-01	   3.9176008713227223e-01	   1.0578839029248306e+00	   5.9844072835430673e-01	   8.1876305334815891e-01	   3.9301928179082618e-01	   0.0000000000000000e+00	   7.1783606542680756e-01	   1.0403559013912718e-01	   1.5067303042816052e-01	   5.2347252219820384e-01	   4.3276471834719915e-01	   1.0651057072482060e+00	   4.6276483194340917e-01	   1.0268650252229949e-01	   1.2605881133038771e-01	   2.9319321089507799e-01	   1.8153742630011058e-01	   2.9237654404279861e-01	   1.0881075066977121e-01	   6.4506640753704070e-01	   4.1195707222095446e-01	   3.6779803192955696e-01	   2.7716904660331826e-01	   8.9533366292855965e-02	   2.7030564488654849e-02	   4.4114054398748263e-02	   1.7172774568145538e-01	   2.8589257581836530e-01	   3.1087420346778050e-01	   1.5927153521790860e-02	  -6.8197752514013360e-02	   1.4188507995144145e-01	   9.2709577150559663e-02	   8.4016688805508333e-02	   5.0388051768053076e-02	   7.9847196752750441e-02	  -1.0700632413144275e-01	   7.6386704303030545e-02	   2.9839546448156357e-01	   3.6856136350548196e-01	   2.8673432040346952e-01	   3.0398131661310440e-01	   2.2651497753490338e-01	   3.6375180909702953e-01	   1.9396571367119317e-01	   1.9871996739440609e-01	   1.4224945169405451e-01	   2.7177375641216200e-01	   2.0392918142993580e-01	   1.1639275227036197e-01	   1.4642868160110961e-01	   8.9360079583125251e-02	   3.7162874772653488e-02	   9.8324972624496243e-02	   4.8922556814722511e-02	   1.3540847383457971e-01	  -5.2933467299129733e-02	   2.8577201907087946e-01	  -9.3538815637239994e-03	   8.0985271237210249e-02	  -8.4718582433685172e-02	   5.9606116202996784e-01	   3.2900460442180413e-01	   2.2785290237014416e-01	   1.2126606232585257e-01	   1.9865420881183343e-01	   4.5774994166750682e-02	   1.4325295336037253e-01	   2.8991476340539796e-01	   7.0619617162860193e-02	   8.5360713754687095e-02	   8.1063669017373177e-02	   2.0469369537040960e-01	   1.4359068478222659e-01	   1.8918199454330864e-01	   2.7250505662937091e-01	   3.3019800810365918e-01	   1.9067466752049234e-01	   3.1848481639482662e-01	   3.3021271045464740e-01	   2.0993225628322151e-01	   5.0162041337337926e-01	   2.6395455615605273e-01	   1.9981628725381867e-01	   1.9067740581715939e-01	   4.5282443810575823e-01	   1.3675379389396086e-01	   4.2437556283034034e-01	   3.7309381718029444e-01	   4.0187391121127086e-01	   5.8285139995682411e-01	   3.6982180857186159e-02	  -3.7356128293276232e-02	   1.1179823494473354e-01	  -1.0770867499964089e-01	   2.8033663284959198e-01	   2.3360952532038143e-01	   2.1325081779361038e-01	   6.9262456189850308e-01	   5.0456597684910391e-02	   1.8664015246394483e-01	   5.5723611158933033e-02	  -1.9585544762007780e-02	  -5.1236611034969320e-02	  -6.3024827912094974e-02	  -2.3284320082892843e-03	  -9.9637564286925856e-02	   9.8881531139439816e-02	   3.9228621828596144e-01	   4.3118189793300776e-01	   2.0000840975163794e-01	   1.2209406269607874e-01	  -2.9108446847573249e-01	
   2.0714123667331641e-01	   2.0598128894958659e-01	   5.7131976950100494e-01	   4.1995280016349690e-01	   6.6792678878950196e-01	   1.0730956332801613e+00	   5.5170192434059562e-01	   6.3817443584951938e-01	   7.1783606542680756e-01	   0.0000000000000000e+00	   5.9326403895200629e-02	   2.9323741088756761e-01	   3.2005084907649572e-01	   5.6290465211311003e-01	   5.0610459497052507e-01	   9.1696632210422380e-01	   2.7172467556297619e-01	   2.8464328024205154e-01	   2.4039807650685624e-01	   1.7856829051708067e-01	   6.8951424977125003e-02	   2.2848539881543606e-01	   4.0100053662168356e-01	   3.9649579556281012e-01	   7.1177440139696679e-02	   8.5127833946462960e-03	   1.1883132160829815e-01	   5.9350858872450743e-02	   2.6311611582143712e-01	   4.1312911628370969e-01	   2.9831540655833066e-01	   3.3153339262682219e-01	   8.0504554813576865e-02	  -7.2998604988894045e-02	  -1.6785159250451334e-01	  -2.9577008756176820e-01	  -1.1591358072303794e-01	  -6.6569250080133369e-02	  -1.2988851767111942e-01	  -2.0555852998462248e-01	   2.9002285918135574e-02	   3.5392529869016093e-01	   2.4899187679033880e-01	   1.9058258718499177e-01	   4.6270022187083304e-01	   4.1477297515200140e-01	   2.3933758878938333e-01	   4.2034518269283984e-02	   3.3551230524255232e-01	   2.3717798927036352e-01	   5.1366693577551595e-02	  -3.8101940273708314e-02	   5.3982804125928166e-02	   7.7785599526353513e-02	   3.0183664191882089e-02	  -1.0215796262366236e-01	   2.8344911617588492e-01	   1.9990828317494980e-01	   1.5867906028763643e-01	   3.3510622973032372e-01	   2.6228891981650743e-01	   4.1991683577452044e-01	   5.3819439410326364e-01	   3.1180018629457001e-01	   7.5360317200912602e-02	   8.7007766737622450e-02	   3.3412148349148935e-01	   3.1398897178325297e-01	   2.6059650455363859e-01	   1.5286935697355872e-01	   7.0946050443651501e-02	   2.8975171727724358e-01	   1.2607403850853716e-01	   2.3918275400896583e-01	   8.5541079973134010e-02	   1.5175862506422869e-01	   4.8785316501696173e-02	   3.4951180410492950e-02	   2.5758850619872964e-01	   2.5594863926800215e-01	   3.9425026905869570e-01	   2.1898648745532603e-01	   1.4725315179573739e-01	   3.9308712523196171e-01	   1.4249689209318117e-01	   9.7897855658686597e-02	   8.8869758474263469e-02	   3.8369834468343612e-02	   1.7671567469101288e-01	   1.6233778948935579e-01	   4.8841347758452180e-01	   2.7691675574198138e-01	   4.4680860665152883e-01	   3.5436015751706412e-01	  -3.5089990299585906e-02	  -6.1230942790465606e-02	   2.6599203049809138e-02	  -1.8797715099810128e-01	   3.9308314538606859e-01	   3.4134361065221386e-01	   4.9910218855706395e-01	   5.1721253947936274e-01	   3.2851729147991199e-01	   3.8123814656114435e-01	   3.3044614508020981e-01	   2.8896509640756701e-01	   8.1233371499311133e-02	   1.8444326451638574e-01	   1.8878168033552972e-01	  -1.8069145083561922e-01	  -1.0919938940805528e-01	   2.8192670562091210e-01	   4.3388781482139266e-01	   4.1448702158355161e-01	   1.2832716205133177e-01	  -1.1949669016018294e-01	
   7.5944713044654544e-01	   6.9768271767784551e-01	   2.3698318114076264e-01	   1.8014903265350310e-01	   1.6458989825901327e-01	   1.3578679371743627e-01	   4.9331294477559035e-01	   2.5977309651488012e-01	   1.0403559013912718e-01	   5.9326403895200629e-02	   0.0000000000000000e+00	   8.2158745674522149e-01	   8.4271488984721832e-01	   5.0180988442320085e-01	   3.2560034871375476e-01	   4.0430937629964692e-01	   7.4119196489345729e-01	   5.5437864575528406e-01	   7.5986947386221482e-01	   8.8046932686384416e-01	   1.2593351999564462e-01	  -2.0742632740796251e-02	   3.7976715865605665e-02	   1.2870772083591139e-01	  -1.2369063680342922e-02	   2.4387929904564863e-02	   8.0751022208478088e-02	   1.8664885390661390e-01	   6.3863212289159177e-01	   4.8524671937922126e-01	   1.4902790015062639e-01	   1.6446116844491432e-01	   3.6965955669628714e-01	   3.1172115061671207e-01	  -4.1972754252707259e-02	   1.0665242250331136e-03	   3.7082598986150345e-01	   2.8194073342599768e-01	   5.1932022580613979e-01	   3.3029256216215325e-01	   5.5810172665119573e-01	   1.3398755278131874e-01	   2.7605974500073149e-01	   2.2286133039144171e-01	   1.4530010903606455e-01	   2.1931521307536361e-01	   3.2289139389968924e-01	   4.2846374057915415e-01	   4.6622774729851379e-01	   4.1230149277947248e-01	   4.2613953358288348e-01	   4.0399210301410893e-01	   6.2304612414729077e-01	   5.8753252180512705e-01	   6.8646656764145053e-01	   4.7317578934409638e-01	   6.9883517186246391e-01	   5.3998493253650048e-01	   5.2810418564288564e-01	   4.9620366239438268e-01	   3.8603022685222155e-01	   3.6956064037232178e-01	   6.6504788279914617e-01	   7.1496272224598933e-01	  -2.0223996241159417e-01	  -6.3892053946297503e-02	   1.8511474706898520e-01	   1.3341990490947239e-01	   3.2404608803770130e-01	   3.7959199507326807e-01	   2.1112839185853169e-01	  -1.1745135756819458e-01	   7.9573344355830422e-01	   4.9437815245234840e-01	   7.5018171897188235e-01	   5.6673594844739594e-01	   4.8786575346836969e-01	   5.4871304114243569e-01	   4.5854278136202481e-01	   6.1894591594220649e-01	   7.9017504777974101e-01	   7.5711255899258245e-01	   6.5484220257732040e-01	   4.6556829784349096e-01	   3.7322249179599826e-01	   3.2202609464721171e-01	   3.5828560400870835e-01	   6.4132120797283226e-02	   3.0290540874844296e-01	   4.2383991024819101e-01	   1.4667589793409658e-01	   1.2297693317080069e-01	  -1.6026510318168535e-01	  -5.8213211235157547e-02	   3.2564665517044841e-03	  -7.5974982622155823e-02	   1.9489841782764888e-01	   8.4585519898312755e-02	   2.8087658315749586e-01	   3.8184152138000765e-01	   3.7051218248587169e-02	   1.6850123523885913e-01	   2.2093218726722685e-01	   2.6222670789476504e-01	  -3.8737399012824636e-01	  -3.4270330679288802e-01	  -3.1450056342017130e-01	  -3.9528234363844850e-01	  -3.6812108163345530e-01	  -9.3711200587308113e-02	   2.4076060815361222e-01	   3.9548032730205107e-01	   6.6190173655615123e-02	   2.2671420359079826e-02	   2.3282720306199149e-02	  -6.7681309906629086e-02	
   6.3423813526768569e-01	   4.9662514719852335e-01	   6.0540447626245102e-02	   4.0260921334808797e-01	   6.5093981707030929e-02	   3.3501789149139638e-01	   3.5861613314464008e-01	   5.9426413794184552e-01	   1.5067303042816052e-01	   2.9323741088756761e-01	   8.2158745674522149e-01	   0.0000000000000000e+00	   7.1177180803799223e-01	   1.0745494684150620e+00	   4.7492177030971050e-01	   6.2669084544333231e-01	   4.3357853097867949e-01	   4.1938627289864505e-01	   5.9691994260808090e-01	   6.5842070786438722e-01	   1.4619836288870514e-01	   1.8668217645944754e-01	   6.3402247096486494e-02	   4.5486303190359506e-01	  -1.8875964129599626e-01	  -1.5211164465933671e-01	  -4.4242644717596383e-02	   7.2867897742248500e-02	   6.3521899570091078e-01	   6.7181209006887166e-01	   1.7341251776013623e-02	   1.5242815033273643e-01	   1.1357565216114593e-01	  -1.6965605363609714e-03	  -2.0914196412990527e-01	  -8.1882136882704737e-02	   3.5633429415567947e-01	   2.0373886705625260e-01	   3.8688173619049954e-01	   2.7507221009194827e-01	   5.6726693797482697e-01	   6.3776234447200053e-01	   3.6098377487094874e-01	   2.2271213232489845e-01	   1.8951290503816376e-01	   2.3829403006988076e-01	   3.2272395650477892e-01	   1.9242332373827820e-01	   3.2349848874267600e-01	   2.7035750604153991e-01	   2.4332203423963966e-01	   2.9062800288692092e-01	   4.5880598159126162e-01	   2.9714351259216426e-01	   5.6384513566424277e-01	   3.5632092182350106e-01	   4.6024603973339218e-01	   2.6829253647455009e-01	   3.4882819607417553e-01	   3.3388485281452790e-01	   3.7421075813718263e-01	   6.6351727762588142e-01	   5.1307387520184666e-01	   4.8873170329336996e-01	  -9.5287658111439244e-02	   2.9625228612079363e-01	   1.4578431634863528e-01	   1.8893337716983583e-01	   3.3369509414809523e-01	   3.2509830340079382e-01	   1.0254405734765655e-01	   9.6403012854111500e-02	   8.0866374777606487e-01	   7.3848035735433970e-01	   7.2718495179623621e-01	   6.8874615124866245e-01	   4.5086191742685089e-01	   5.8279934513498066e-01	   3.2153831415907519e-01	   4.4698054455245895e-01	   5.9915154299287821e-01	   6.5203576422123721e-01	   5.6008920952227181e-01	   6.6359711580169378e-01	   3.6757598215209647e-01	   6.4116660678749438e-01	   2.6897461258653577e-01	   1.2655258028578956e-01	   3.1074149493530112e-01	   6.2667155482710113e-01	   3.4027784375836218e-01	   5.0163692455352307e-02	   1.0529532045528160e-01	  -1.1777916614347451e-01	   1.0923472819536774e-01	   1.3500511414649902e-01	   2.3085717591376803e-01	   3.4058874867234239e-02	   3.7044606420111298e-01	   3.7311208911823446e-01	   2.4666263487746246e-01	   2.6665157084061963e-01	   2.7843335410803416e-01	   2.4770028235091568e-01	  -2.3913491220356690e-02	  -5.5049224051567001e-02	  -9.1708519214029852e-02	  -1.9510863914937282e-01	  -1.8416757926311456e-01	  -3.2391055175969541e-01	   1.3180292795572013e-01	   2.8234300068508256e-01	   2.6800193452471510e-01	   2.4226262441196511e-01	   2.1237997879278747e-01	   1.6396259048045941e-01	
   5.1799634058273059e-01	   3.7383477941955062e-01	   2.8525671187463780e-01	   2.6021545500181587e-01	   2.9329926661031824e-01	   1.3578917918636135e-01	   5.1823573021100133e-01	   3.0263286165654057e-01	   5.2347252219820384e-01	   3.2005084907649572e-01	   8.4271488984721832e-01	   7.1177180803799223e-01	   0.0000000000000000e+00	   8.3180105251543890e-01	   7.2220252946841279e-01	   6.0334646149353865e-01	   3.0443890957864495e-01	   1.9005210016482657e-01	   3.8509285114089015e-01	   4.4207719599003398e-01	   2.6844320380162837e-03	  -3.1999109354170344e-02	   1.6843838883142526e-01	   2.7167460563412982e-01	  -3.3341752715331699e-02	  -5.1202873889437596e-02	  -1.3612510406486572e-01	  -1.3723416298555902e-01	   4.2981079886781332e-01	   3.5133415490943970e-01	   2.7866291892066040e-02	   6.7099399495103809e-02	   1.3987279900767469e-01	   2.4389361035576201e-01	  -3.0837266164589726e-02	   4.8973171035662275e-02	   1.5444301196727200e-01	   1.9749568527130415e-01	   1.9371585311756323e-01	   8.6615217434864195e-02	   3.9164998731041378e-01	   2.4090717078593177e-01	   2.5323367455291901e-01	   1.9393191174976238e-01	   8.5063369254156571e-02	   1.0386565097726440e-01	   2.0138690412222121e-01	   1.9275024787472392e-01	   3.7575999336012822e-01	   3.7337481128624245e-01	   3.8414686484621330e-01	   3.5784800189430938e-01	   3.9819063991476611e-01	   2.8082620564805855e-01	   2.8912964204946007e-01	   3.2658201918617275e-01	   4.1194938648375445e-01	   1.7862842973388124e-01	   4.8849838656637634e-01	   2.6690662530008380e-01	   8.5174647897415467e-01	   2.8864012504693259e-01	   2.9276270711483526e-01	   2.4920165971707736e-01	   5.0465163192652977e-02	   1.5215561959203519e-01	   9.1573405836778060e-02	   4.1028591823633671e-02	   1.4160638482999885e-01	   1.1054869546636126e-01	  -6.1487053095153760e-02	  -1.1108948027461391e-01	   3.8266096441246261e-01	   2.2756571350792601e-01	   3.3982332361105277e-01	   2.8819099015352068e-01	   2.6748317699024804e-01	   2.5671989508630338e-01	   3.1792580230776479e-01	   3.9000215323591636e-01	   3.4842994080012413e-01	   4.5310412473176020e-01	   5.3116172068494949e-01	   3.0504015403124207e-01	   2.2928005147577712e-01	   3.0895903862834556e-01	   1.6409379412856429e-01	  -8.5754743757529457e-03	   2.7326992153507917e-01	   2.9340995561762989e-01	   1.8597069752218909e-01	   1.7446857852561587e-01	   1.9620360565888187e-02	   8.1372734341803366e-02	   1.3156791588804861e-01	   1.6100115167565565e-01	   1.5426459014695837e-01	   1.3578256036376612e-01	   1.4767058791173984e-01	   2.5856024619111057e-01	   1.0191697002043143e-01	   2.9738456234939614e-01	   1.0532765494182576e-01	   9.7862641073493850e-02	  -2.4743469053788883e-01	  -2.4494870373976829e-01	  -1.4866256813294676e-01	  -2.5498827712519007e-01	  -9.7077993600530238e-02	   4.6312646655474035e-02	   1.6938410244217109e-01	   3.9853611481526524e-01	   2.9965752156773834e-01	   1.2855154603769922e-01	   1.5502850143114877e-01	   2.5428901233960563e-02	
