   0.0000000000000000e+00	   1.2891061654270384e+00	   1.0731004186435154e+00	   8.5736482105591261e-01	   7.3356785410025438e-01	   6.7607460304921141e-01	   9.6067671831778190e-01	   7.1914487425695006e-01	   6.2105698297462675e-01	   3.7196918645516458e-01	   9.1892684399108460e-01	   6.7400259232167692e-01	   7.3379915817241470e-01	   6.9018045038700515e-01	   8.0017250440588827e-01	   6.9385291156921847e-01	   9.3141808160041095e-01	   4.9324306873175450e-01	   1.1555434089868002e+00	   1.1140150716827295e+00	   3.7952668506428588e-01	   2.7775352549618543e-01	   6.5526852778824707e-01	   5.7689502564800399e-01	   4.6578546032933676e-01	   6.6092565221224298e-01	   6.7097522377387653e-01	   5.0396529710899618e-01	   7.2836653674842688e-01	   4.4796768745695609e-01	   6.0887454620801429e-01	   4.5257720286790076e-01	   7.1714159767548247e-01	   5.8993505932824342e-01	   5.2930357861428252e-02	  -1.8965535360101168e-01	   6.2740860790661213e-01	   4.9629408026442640e-01	   6.1946338344775054e-01	   7.2736087971760921e-01	   3.6533119948613219e-01	   5.9973588122411559e-01	   9.7745081113087262e-01	   9.7868824112891706e-01	   4.4791350189524221e-01	   6.2496316466877977e-01	   6.7492323304322843e-01	   8.9679670462963734e-01	   7.3756813774075591e-01	   7.1978161083009140e-01	   8.3690682596472332e-01	   7.1441963577000789e-01	   8.0614413222380477e-01	   7.1178995684281121e-01	   7.3068086045234371e-01	   7.7438282029402228e-01	   1.0797012554631737e+00	   8.8222094378641680e-01	   6.6237956205543214e-01	   5.8181851558639364e-01	   6.5836532211005416e-01	   4.2843966904723607e-01	   7.6624305910474333e-01	   4.3408715823674981e-01	   9.6255567790410924e-03	   2.2962514692724950e-01	   5.9604647405506439e-01	   4.5273153656236231e-01	   1.2304764185789148e+00	   1.1137950034706456e+00	   2.5770281411485968e-01	   2.8280904081543745e-01	   8.1227149134496557e-01	   3.2701965954148476e-01	   7.5765629563060921e-01	   6.4854867518877701e-01	   2.6738937377291516e-01	  -8.5542652348267217e-02	   8.3985343011467117e-01	   4.3214351888927188e-01	   1.1663699451647125e+00	   8.6637524657665210e-01	   1.0192077167020739e+00	   7.8630855863881344e-01	   9.5045817939145771e-01	   8.6129394089143752e-01	   8.7908458510867504e-01	   8.2091021820185406e-01	   8.2529665040758404e-01	   1.0110819298066063e+00	   5.3043593649501330e-01	   9.1622593138224517e-01	   5.5376629670835953e-01	   7.5734104036380290e-01	   5.6310368097831975e-01	   5.5016409683167722e-01	   6.0692284763296211e-01	   7.1332379662078993e-01	   9.6056027241923980e-01	   1.0272193275131936e+00	   7.0114704283482143e-01	   8.7125331986025212e-01	   6.6578245206298847e-01	   8.2435001672621411e-01	   4.7261972969369592e-01	   4.3346782874855594e-01	   5.5720986501813445e-02	   9.0099046806554159e-02	   5.4652520574182895e-01	   6.1221889825320464e-01	   5.7970360198836879e-01	   7.9039724884758333e-01	   9.9445191847988212e-01	   7.0402213765483557e-01	   5.5565589669384285e-01	   3.9996116280347688e-02	
   1.2891061654270384e+00	   0.0000000000000000e+00	   8.8118090091474888e-01	   6.6325423206603307e-01	   6.9378880583999802e-01	   6.2377097680834726e-01	   5.9224717632844370e-01	   4.3348775788983401e-01	   5.5119576716019547e-01	   4.0574339938920456e-01	   7.0450388005160092e-01	   4.6867315888158051e-01	   4.4241956508939118e-01	   3.7561404902855633e-01	   7.3354420849242985e-01	   3.6447503979619833e-01	   1.0341499345878480e+00	   7.1344265724273481e-01	   1.2186989200445144e+00	   1.1864565669474645e+00	   5.1552525528387116e-01	   3.7374399678331377e-01	   7.0254787584790435e-01	   5.0875097745151376e-01	   7.8375943474006560e-01	   8.3197779424205276e-01	   7.9698668049879384e-01	   5.8620006386446377e-01	   7.9022455790300772e-01	   4.1146653393149263e-01	   7.0253859360686954e-01	   3.8792493743801271e-01	   8.0682869163635329e-01	   7.4062518523273635e-01	   8.9909870960788257e-02	  -2.5173584454177789e-01	   5.5082226839693615e-01	   4.8632021151937166e-01	   6.1226790574873691e-01	   7.6594734095885419e-01	   2.9138604660433032e-01	   4.9640297342763029e-01	   9.2901639914229328e-01	   9.0268471283131757e-01	   3.8572201874876727e-01	   5.1031328290978206e-01	   5.9527565590429854e-01	   7.8086668700795292e-01	   6.0337118927856559e-01	   5.9638686383113182e-01	   5.7613385891307412e-01	   6.3080644422748999e-01	   7.1862718742357978e-01	   7.8179277248236700e-01	   6.7570375357243595e-01	   7.2157503932119982e-01	   9.6447711452441021e-01	   1.1268321636609535e+00	   4.5706428192784659e-01	   4.5603530552652149e-01	   4.6146469999319695e-01	   2.7172691264092863e-01	   6.0765941516701005e-01	   3.5383175589986132e-01	   6.7440021324502997e-02	   2.3854076324867127e-01	   4.5559791016839274e-01	   3.0526020506722729e-01	   1.2074215899768539e+00	   1.1140434411323314e+00	   2.5398597535827161e-01	   3.0755842334707606e-01	   7.7809613112801723e-01	   3.5174198151161079e-01	   7.5543191347084004e-01	   6.1994560406622523e-01	   1.0861986740841670e-01	  -1.9897549411275917e-01	   8.6249717178003071e-01	   4.6939868721084155e-01	   1.0266785177224393e+00	   7.9892851784927621e-01	   9.7064961045119680e-01	   6.1961674822257340e-01	   6.3824671773684527e-01	   5.8505718145237673e-01	   7.1228511533547800e-01	   5.2949265427720626e-01	   5.9210530871425404e-01	   7.0560328824333540e-01	   4.0147641463204126e-01	   7.7648028362464672e-01	   4.9485546211251114e-01	   6.5066246684748230e-01	   6.2050963728241126e-01	   6.0420751883150059e-01	   6.3093798288056147e-01	   6.8403943812406875e-01	   7.4201154174624706e-01	   8.2836471105629017e-01	   5.5822693480427588e-01	   7.0353755700863785e-01	   5.4070508730525668e-01	   6.7998388345339433e-01	   3.2021690076381898e-01	   4.0047120223949317e-01	   1.6971632067524584e-01	   3.6269266523011004e-02	   6.1349525616492417e-01	   5.9007173543837010e-01	   4.9367836457598868e-01	   6.1798000089425009e-01	   7.2889562942973629e-01	   6.4945729476200098e-01	   5.1670465757804163e-01	   1.4385766756074003e-01	
   1.0731004186435154e+00	   8.8118090091474888e-01	   0.0000000000000000e+00	   1.1196801535489465e+00	   9.3299565953721275e-01	   9.0516489757987961e-01	   1.3559515966943601e+00	   8.8815896086704216e-01	   8.5061545889764167e-01	   6.8130387416277827e-01	   9.4597416258083489e-01	   8.1669934836575053e-01	   9.4813859004302303e-01	   7.3801836764743567e-01	   8.2065809534312362e-01	   7.1609158653099469e-01	   8.6638361928425434e-01	   5.4032338999919671e-01	   1.1087622572023550e+00	   1.0832203706702097e+00	   2.3733565326691819e-01	   2.2126136546223696e-01	   1.0228946361617159e+00	   6.9594217108998924e-01	   5.9903050872641339e-01	   6.3146957195914444e-01	   7.6055479966771267e-01	   5.5259832582217983e-01	   7.7948554793375702e-01	   5.2541512676315638e-01	   9.9088059737179834e-01	   7.8868330811574849e-01	   6.4252840712185888e-01	   6.1597013513112409e-01	   1.5443784934129043e-01	  -2.8037449031729211e-01	   5.4901645434605739e-01	   5.3602695656444443e-01	   5.4637771526009482e-01	   6.7490348787654797e-01	   2.9629978676670454e-01	   4.2662551963412676e-01	   1.0060932576216945e+00	   1.0241108189745758e+00	   5.3682140505818632e-01	   6.8868350216754637e-01	   8.2837535638064330e-01	   1.0791994437736454e+00	   8.8690035725080274e-01	   8.2629780224901872e-01	   8.5343436449958643e-01	   9.2384180947125927e-01	   6.6749182284320818e-01	   6.6214839380786517e-01	   6.3581471123185807e-01	   7.4791652795612418e-01	   6.8998239715025367e-01	   8.5777551247618067e-01	   7.6293396281982129e-01	   8.3845918913613393e-01	   6.4678883533098519e-01	   5.4450416531600632e-01	   7.4094112624601616e-01	   5.1464076915362522e-01	   2.1281835017131023e-01	   4.6571373867660554e-01	   8.4484664500164874e-01	   5.8940274237877588e-01	   9.6966481786663083e-01	   1.1138237810409037e+00	   3.3245964176568210e-01	   4.2387152605521200e-01	   8.1944963532970017e-01	   4.0880887580353936e-01	   7.5526955936886131e-01	   8.0297978201905984e-01	   1.6891509982219680e-01	  -1.9277037557155113e-01	   8.8239185029546574e-01	   4.4293377913179344e-01	   1.0178163727685567e+00	   9.2736419295537720e-01	   9.5747433248243963e-01	   7.5993331542204501e-01	   9.1781388085111704e-01	   8.4391960032600521e-01	   1.0333344225386487e+00	   8.2726411843300496e-01	   8.1955243891049234e-01	   1.0772368440653062e+00	   5.9590318408435583e-01	   9.5936137708728086e-01	   6.4235102969745039e-01	   7.6710316500791731e-01	   6.5682437697540952e-01	   5.6567630463669683e-01	   7.7876764552188393e-01	   8.7333319254837827e-01	   9.4565837187625412e-01	   1.0421483497277590e+00	   8.0661953449791124e-01	   8.9751938121027663e-01	   7.3657177747187130e-01	   7.7570159750159151e-01	   6.2761036966461048e-01	   6.3054775620625358e-01	   5.7415035729115438e-02	  -2.7673596326456473e-03	   6.3254865306349706e-01	   7.9167112133802020e-01	   7.6381699348619125e-01	   9.1711878132910540e-01	   1.0433885247081247e+00	   7.2171393465160028e-01	   5.8636660171931365e-01	   2.5993743545111782e-02	
   8.5736482105591261e-01	   6.6325423206603307e-01	   1.1196801535489465e+00	   0.0000000000000000e+00	   6.2005839243561489e-01	   9.8530543435096041e-01	   1.0402763670627573e+00	   1.5302790033553422e+00	   6.5974802765179552e-01	   4.3130746006131315e-01	   5.7988504566499000e-01	   9.7787039222100292e-01	   6.6531104557869902e-01	   6.3984645742338087e-01	   5.7823011384598610e-01	   8.4850580307269385e-01	   6.0714118383372506e-01	   5.7158693842739616e-01	   8.0318188638269017e-01	   9.3157124336755603e-01	   2.2505730946343125e-01	   3.6252376293956601e-01	   9.2209069640332653e-01	   1.0309080496332015e+00	   2.0184974491577035e-01	   5.0213097717268640e-01	   5.6715272351021850e-01	   4.3685181573596504e-01	   4.5765616541641718e-01	   7.0168960260727797e-01	   9.2104555874735328e-01	   7.1511226026688535e-01	   6.9027362344321042e-01	   4.7441036081385313e-01	   2.7357037722698918e-01	   5.0233204245328206e-02	   4.0051409306939378e-01	   3.2809293712270698e-01	   4.1892092674099712e-01	   4.2507724764643012e-01	   3.0714239372681018e-01	   3.5642054712680071e-01	   7.3896990497194570e-01	   7.7711493234289797e-01	   5.4577969393018166e-01	   8.0036538774961596e-01	   6.7453249447008967e-01	   8.2170020715384962e-01	   8.6685473961239901e-01	   7.6255675975193882e-01	   6.8415208946064276e-01	   8.2642371015145555e-01	   4.6421427146288363e-01	   3.7448074006979165e-01	   4.2623028810337354e-01	   4.3531173816749663e-01	   6.6914408243645518e-01	   7.6908003565059913e-01	   6.4769176843467391e-01	   8.8473372169324049e-01	   6.1969377646377310e-01	   8.5933496423514510e-01	   8.2009324776063020e-01	   9.1981581152969383e-01	   1.5973662679733444e-01	   6.2444055167773682e-01	   9.2646092291265081e-01	   9.8738053964650507e-01	   9.0968463837392521e-01	   1.0277815039150171e+00	   4.0967106149899696e-01	   4.8325294513795580e-01	   6.4611658606396172e-01	   5.5743793295944255e-01	   5.8021735064430702e-01	   8.5382786056319182e-01	   3.8533338386378990e-01	   1.1073069940844460e-01	   6.1838566771154291e-01	   5.6759162551487075e-01	   8.6118036091779659e-01	   1.0182652478769565e+00	   7.6829726010025023e-01	   9.6458779334315004e-01	   8.2338776867926211e-01	   8.3954872073261610e-01	   6.8324955902500673e-01	   7.1314946221902920e-01	   8.2044041471549956e-01	   9.3528640193321178e-01	   7.0597121784664352e-01	   7.8064491045231577e-01	   7.5607674341170772e-01	   5.9123788115057274e-01	   2.9917117072979560e-01	   2.4260334576108022e-01	   4.2478715934663042e-01	   4.9036175032020579e-01	   7.3238774558844144e-01	   6.3180260146474931e-01	   9.9812827916051838e-01	   7.7021878508273978e-01	   7.9151729602579601e-01	   6.5344587377891472e-01	   6.4989439408400596e-01	   3.4414492749711734e-01	   1.4652957404985922e-01	   1.9130267314681110e-02	   2.9293846993119704e-01	   4.5316320208698735e-01	   5.6439913765691885e-01	   6.1465959921981772e-01	   6.4037813656193876e-01	   4.6153146401092621e-01	   4.4044179000738959e-01	  -2.0111596058981032e-01	
   7.3356785410025438e-01	   6.9378880583999802e-01	   9.3299565953721275e-01	   6.2005839243561489e-01	   0.0000000000000000e+00	   8.6409537765590427e-01	   7.5184478396198884e-01	   5.2973830653918064e-01	   1.3905100420915006e+00	   6.6353199987062339e-01	   9.4770820753028706e-01	   4.7695017302043929e-01	   8.2405763626774808e-01	   5.0427545716506827e-01	   7.6503857693175070e-01	   3.7884440497718674e-01	   7.0109976247260153e-01	   4.3493376803125117e-01	   5.9145995922195882e-01	   5.9566218316897868e-01	   4.2627751529955693e-01	   3.3877412494055154e-01	   4.0207610663319643e-01	   2.6802540952976195e-01	   5.8050296078948493e-01	   7.3318033325984000e-01	   5.2359115677311974e-01	   5.2471594377333919e-01	   7.5805447193674513e-01	   3.4667123178590170e-01	   6.2218610253688267e-01	   4.8921814405798919e-01	   4.6769711758140670e-01	   5.8071055474411870e-01	   9.7480848048748098e-02	  -2.1402529291990335e-01	   5.5132714483474254e-01	   4.4495345926114488e-01	   6.3295936294496780e-01	   6.5382427046130576e-01	   4.3205261726216815e-01	   5.3719521075903942e-01	   6.1559986289607527e-01	   6.9865990729414862e-01	   3.5298004257467369e-01	   6.2468886206045471e-01	   3.8338979669651918e-01	   5.4757246667036208e-01	   6.1573784114380381e-01	   8.0442153432574004e-01	   6.7424681596326586e-01	   6.8923205467980986e-01	   4.4399062536155914e-01	   5.0900488621288487e-01	   5.3034020554715955e-01	   5.9698806053874653e-01	   6.1794362166922623e-01	   7.4039258286282306e-01	   8.1084697987540177e-01	   8.7457657795466193e-01	   7.5806263575895749e-01	   4.6389412588943268e-01	   5.9368538297109807e-01	   3.4027217310314095e-01	   1.3356703505426232e-01	   2.7590329983762818e-01	   7.3816318813914916e-01	   5.4500708360809036e-01	   6.5503144699874116e-01	   7.0828485853128376e-01	   3.1685928915810430e-01	   3.4602691265175606e-01	   5.9614395927648212e-01	   1.1941636815174483e-01	   5.3698149269868145e-01	   5.1610415034328838e-01	   1.2230763100702527e-01	  -1.8156106552451712e-01	   6.2152864137012065e-01	   2.9171818722111698e-01	   7.4224942528132631e-01	   5.8785081695109997e-01	   7.6515318531910870e-01	   4.9957751265421063e-01	   5.5126475166898170e-01	   4.8856531779240642e-01	   8.5842535432897615e-01	   6.0679413680392658e-01	   5.3676752761966662e-01	   6.8143606488787856e-01	   2.3326574474479722e-01	   5.3048472667753921e-01	   2.3939100434534791e-01	   4.3213563964351009e-01	   5.4207730421116118e-01	   5.1147711722105216e-01	   5.0950177389864959e-01	   5.3144551275571006e-01	   5.2638149232332299e-01	   5.7144038835768107e-01	   4.3779941736557193e-01	   5.6039750758333406e-01	   5.2935584311943518e-01	   6.2280245613440655e-01	   3.6323261297195780e-01	   3.5663982425354573e-01	   1.9783374619527597e-01	   2.6457765893525453e-01	   4.7704593019906910e-01	   4.5344496017352798e-01	   3.4842242349319830e-01	   4.2404912102144626e-01	   5.9832991253344092e-01	   5.6722559231015746e-01	   5.1930202530088765e-01	   1.4538438043426827e-01	
   6.7607460304921141e-01	   6.2377097680834726e-01	   9.0516489757987961e-01	   9.8530543435096041e-01	   8.6409537765590427e-01	   0.0000000000000000e+00	   8.4534406350370950e-01	   1.0072360457707623e+00	   6.8141617526662845e-01	   6.5995435722694284e-01	   5.9654381309335403e-01	   7.3233321131720019e-01	   6.3331164835565312e-01	   6.9909112535581630e-01	   8.9088954227827832e-01	   6.9419786842169617e-01	   4.8763132137050919e-01	   4.1098269137211429e-01	   6.5918671335732626e-01	   7.0945271837496637e-01	   5.0176903356649427e-01	   5.6806916495519943e-01	   8.4630364948733305e-01	   8.9277178112381872e-01	   4.3483975405998160e-01	   7.4800987904697436e-01	   7.9252202819328565e-01	   8.1592087700418614e-01	   4.6033111239117214e-01	   4.7536326882687718e-01	   6.7861596226222776e-01	   4.7942131128975984e-01	   6.0666040499752816e-01	   6.6460629395493853e-01	   3.3791696665548232e-01	   3.6319646972051117e-02	   4.6333749931225482e-01	   3.2778805677485584e-01	   5.5954327311341634e-01	   6.4176364459339941e-01	   3.1062231288209574e-01	   5.5312773327771980e-01	   7.0888862797431451e-01	   7.4152709111141413e-01	   5.7614101068527035e-01	   8.7364759187617302e-01	   4.6770949687017205e-01	   5.6022301702085286e-01	   7.8392619295635324e-01	   7.4915065107936496e-01	   7.4683190998173277e-01	   7.6174953787624067e-01	   4.7430109881791610e-01	   5.5259341972850806e-01	   4.6732944599527038e-01	   5.6380106876788805e-01	   5.8859428046696727e-01	   6.8672568705782178e-01	   6.2281950718677703e-01	   7.4680337065041258e-01	   8.1764832207255411e-01	   8.1485263339680980e-01	   7.6106357297453575e-01	   6.7065141595201005e-01	   4.1279348393519943e-01	   8.0507527351117347e-01	   8.8059935642141141e-01	   9.2921463582813080e-01	   8.0922348082040707e-01	   8.4533682710899638e-01	   2.9346928792083277e-01	   5.8453303194575135e-01	   5.4157062958359736e-01	   2.8386958940914697e-01	   5.2735778698365565e-01	   6.3442480364360487e-01	   2.1500417696246063e-01	  -3.6616614352210884e-02	   4.9101281620586296e-01	   2.9839614777232992e-01	   7.3992537191068930e-01	   7.9717574187832752e-01	   6.7628617777492572e-01	   9.6820365827095056e-01	   8.1700122721056712e-01	   9.2856070470219587e-01	   7.8180688803552678e-01	   7.7300420460637720e-01	   8.7509370738380565e-01	   9.8981451699028766e-01	   5.7897122687709990e-01	   7.6298570126852638e-01	   7.7758331456503016e-01	   5.5642120823059904e-01	   3.9801355413982592e-01	   4.1556841520558829e-01	   3.6286500225974988e-01	   4.0656720410965025e-01	   5.2595286382923567e-01	   5.7098459292420389e-01	   8.4760860687330908e-01	   5.9451670687478564e-01	   6.3826615409032139e-01	   5.4546608065971913e-01	   4.4065682435034914e-01	   2.3342391031138465e-01	   1.4169742958555515e-01	   1.0937077484072179e-01	   3.4749931786162119e-01	   3.0323064592998333e-01	   2.8478850911894099e-01	   3.7943151608517317e-01	   5.2733563066217715e-01	   5.4937190616983334e-01	   5.2313125382941816e-01	   1.7907013408921566e-02	
   9.6067671831778190e-01	   5.9224717632844370e-01	   1.3559515966943601e+00	   1.0402763670627573e+00	   7.5184478396198884e-01	   8.4534406350370950e-01	   0.0000000000000000e+00	   1.1993226121827349e+00	   7.0161257290186252e-01	   6.4373822423997529e-01	   9.9018935932676533e-01	   9.4552522104579617e-01	   1.1769006923344105e+00	   9.7535706852648119e-01	   9.4375881327127098e-01	   1.1170132429309558e+00	   6.5612382324877727e-01	   3.8728750838907361e-01	   7.9034657315726642e-01	   8.1715078254150386e-01	   2.1735802546018307e-01	   2.6648027986004508e-01	   8.2404241585719551e-01	   6.9798001697909062e-01	   2.9940025255988612e-01	   4.0338677365878567e-01	   5.1935697536537806e-01	   3.2298691867307344e-01	   5.6076162690381448e-01	   6.3513865944766046e-01	   7.1127962844257087e-01	   8.1049797946232582e-01	   5.4418151426152872e-01	   5.3159667807439559e-01	   1.5800100580862259e-01	  -1.0860880305548685e-01	   4.9812974508017988e-01	   4.0941112600845408e-01	   4.3803988283549516e-01	   5.4276163264042632e-01	   3.1448346078074840e-01	   5.8945879725159533e-01	   8.0695255535767685e-01	   8.5814811305544270e-01	   6.4503419515987981e-01	   8.4903320007772876e-01	   7.3258250022697191e-01	   8.7894401449683490e-01	   9.4140660922347008e-01	   9.0743453926971018e-01	   1.0127785823804849e+00	   9.1494908054830892e-01	   6.2849206675369895e-01	   5.3396450388983197e-01	   5.8788654404786322e-01	   6.7268849297475508e-01	   5.9565148020495651e-01	   6.0509263472974717e-01	   7.3979128120280524e-01	   7.7341008962107638e-01	   7.7420139934226218e-01	   7.5242812025773964e-01	   8.9412522724615529e-01	   7.1165663290135506e-01	   2.1328691112630310e-01	   4.9102832716658923e-01	   9.7048190449859939e-01	   7.5154526359361440e-01	   8.5295785342803110e-01	   1.0630916717025496e+00	   4.8259141061129318e-01	   5.5648919818498821e-01	   7.3812846351957806e-01	   5.0271412722181041e-01	   6.1316850024530067e-01	   9.7537296160559772e-01	   3.5397653582053645e-01	   2.6233200790678271e-02	   7.1683960712286265e-01	   4.3275348904562155e-01	   9.3124702821727334e-01	   8.9216033983723819e-01	   9.2464760614265873e-01	   9.7783577751472051e-01	   1.0044295043076885e+00	   9.6101224400965579e-01	   7.6822569083090819e-01	   8.4551189652027914e-01	   8.8737667238837026e-01	   1.1887857768005534e+00	   7.6387531741678383e-01	   1.1885253814157040e+00	   7.9935283223772291e-01	   8.7858406786596044e-01	   4.5596168588244179e-01	   4.2377073051218189e-01	   5.5261204672479902e-01	   6.3386253478887733e-01	   9.7288247222153557e-01	   9.7230874202398132e-01	   1.0094104610061609e+00	   1.0020218013856113e+00	   8.5186424965647678e-01	   8.1456038107286211e-01	   6.8842151556549691e-01	   5.4091257708810114e-01	   5.1223522110663909e-02	   8.2480733256234159e-02	   4.4184074924556616e-01	   5.4680267760889434e-01	   6.3625575308264715e-01	   8.1632050117383959e-01	   1.0750401609886773e+00	   7.3161000985987634e-01	   5.3069691742382952e-01	  -4.0929383034474069e-02	
   7.1914487425695006e-01	   4.3348775788983401e-01	   8.8815896086704216e-01	   1.5302790033553422e+00	   5.2973830653918064e-01	   1.0072360457707623e+00	   1.1993226121827349e+00	   0.0000000000000000e+00	   5.4741586036346779e-01	   4.9617482637281485e-01	   5.9935915495025061e-01	   1.0351489754137555e+00	   8.1426375928934625e-01	   8.8264432153124739e-01	   6.6238666055834583e-01	   1.1514463803455057e+00	   4.4231134799098804e-01	   3.1500238124446373e-01	   6.1102614357023222e-01	   7.2334527080641797e-01	   2.3935207591774302e-01	   4.0809513006432213e-01	   7.7379090008131368e-01	   9.7392739167482278e-01	   8.2228462128843494e-02	   3.7609960424140204e-01	   4.2881030699867384e-01	   3.3890974572079685e-01	   3.4667529335001507e-01	   6.2043948653723502e-01	   6.8888090435262495e-01	   6.0671559212772241e-01	   6.2110906667676202e-01	   4.8949590321255021e-01	   2.5976439257697120e-01	   1.0404442678913954e-01	   3.3793301039074797e-01	   2.1437189685945102e-01	   3.4495079669514211e-01	   3.9050111038441571e-01	   2.6265637150335103e-01	   4.5909090589397394e-01	   6.4291682009515827e-01	   6.7237509576874221e-01	   6.6776249147418310e-01	   9.8010266216434905e-01	   5.9284554340266815e-01	   6.8593674108687785e-01	   8.9324169171118450e-01	   7.8979731305943857e-01	   7.5577592977275221e-01	   7.3464482284699772e-01	   4.3571180585455660e-01	   3.4822833232911576e-01	   3.8269387829416868e-01	   3.8661725508393713e-01	   5.0725765477341656e-01	   4.9734362852276670e-01	   5.6640697253666428e-01	   7.1284306399291752e-01	   6.7806083261159300e-01	   1.0346094909633219e+00	   8.6532770707016926e-01	   1.0019044056391917e+00	   2.2384388795171328e-01	   6.6342110444616753e-01	   9.7226441669290220e-01	   1.1486273452216709e+00	   8.0996067689360940e-01	   9.0020678667583232e-01	   4.4917387835866279e-01	   5.4181920344059908e-01	   5.4921911686937741e-01	   4.3922335427223846e-01	   4.5162059541621691e-01	   8.2840140924400707e-01	   3.5060862260793457e-01	   1.2056429551245428e-01	   5.0664514639380542e-01	   3.8174751200938772e-01	   7.6365445394509535e-01	   8.8629227937841271e-01	   6.8244155362351744e-01	   1.0822239356322216e+00	   9.4162176565473799e-01	   9.0770747778037530e-01	   5.9012758539989763e-01	   6.7585177172327093e-01	   9.7357370929640563e-01	   9.4573695991939677e-01	   8.3431612267805610e-01	   8.7090113203501396e-01	   9.2440929518886272e-01	   7.0213361659009077e-01	   2.3842723635024893e-01	   2.4023886401757349e-01	   3.2697521766757665e-01	   3.8696070130515725e-01	   6.8640581766729658e-01	   5.8967218577569058e-01	   1.1078109421503934e+00	   8.0124935406001796e-01	   8.0248008111523195e-01	   6.4660231880340202e-01	   6.6806405519814072e-01	   3.4254273392573276e-01	   1.3697870372198717e-01	   9.4554188827267543e-02	   2.2500983333126001e-01	   3.2184466652372107e-01	   4.6793755631356004e-01	   5.4378641043730047e-01	   6.5703896944586970e-01	   4.9430611421423648e-01	   4.1445967062837158e-01	  -1.6550217530183914e-01	
   6.2105698297462675e-01	   5.5119576716019547e-01	   8.5061545889764167e-01	   6.5974802765179552e-01	   1.3905100420915006e+00	   6.8141617526662845e-01	   7.0161257290186252e-01	   5.4741586036346779e-01	   0.0000000000000000e+00	   6.4994908128193851e-01	   8.7935561492842518e-01	   4.3636553385864674e-01	   8.3734923860196475e-01	   4.9776648544342367e-01	   6.4092349000560223e-01	   3.2125121013941099e-01	   7.3982005027380771e-01	   5.3868696533373106e-01	   4.5768162849806776e-01	   4.8094620756369927e-01	   3.3286340949913445e-01	   4.1097136702287790e-01	   4.2382964073339163e-01	   2.8445594661617513e-01	   4.6882792651649341e-01	   6.6702951161930890e-01	   4.4415664375276342e-01	   4.2069664101101045e-01	   7.4693670883030860e-01	   4.8933749971747997e-01	   6.4452678336508140e-01	   6.2503015061068523e-01	   3.3448897465793154e-01	   3.6067600735694960e-01	   2.2210611248390633e-01	  -1.4113778354394083e-01	   6.7103543177621838e-01	   6.3616916399219381e-01	   6.2552887505867427e-01	   5.6835083946911358e-01	   5.6058549057246843e-01	   5.6147911741967627e-01	   6.1100880548050251e-01	   7.3814419710788048e-01	   3.9854498472973937e-01	   5.9303026309826978e-01	   5.1128354972815793e-01	   6.8476808085756480e-01	   6.1147436722098236e-01	   6.2509059708977655e-01	   6.0388618431154395e-01	   6.4896718002514742e-01	   2.9319101643180384e-01	   2.8542496393905220e-01	   4.5402347038294355e-01	   4.4311490807724874e-01	   5.1667010657351753e-01	   5.9627130656867744e-01	   6.8446614570020015e-01	   7.9373273658046573e-01	   5.6233844343151884e-01	   4.0115567110845313e-01	   6.2718969473941177e-01	   3.8608920402550162e-01	   1.6216858834290082e-01	   2.7783737549469406e-01	   7.8397668898875861e-01	   6.1484322535537683e-01	   6.1205332887809671e-01	   6.8429540625644047e-01	   3.2799702883751319e-01	   2.8197974437477963e-01	   6.5758345938231488e-01	   2.9403964040404917e-01	   6.1738113046131426e-01	   5.8947293730641792e-01	   2.5364881660575389e-01	  -3.3478458038673845e-02	   7.0992278800651365e-01	   4.8294300216297348e-01	   8.1205973168704682e-01	   7.2297089751494292e-01	   8.1140305706529559e-01	   5.2533100955947865e-01	   6.3421690947009468e-01	   5.4895710601591252e-01	   8.0976609824781010e-01	   6.7309110107296266e-01	   4.8832370841096961e-01	   6.4803494544831430e-01	   2.6508727711023117e-01	   4.7123613553800359e-01	   2.4839110244186646e-01	   4.5002519053652901e-01	   4.8137432865344476e-01	   4.1478985975568061e-01	   5.8557191039680612e-01	   6.0622390520909519e-01	   5.5392466462073187e-01	   5.5632910140944603e-01	   4.6639445450191086e-01	   5.2671140277464690e-01	   6.0453282236516692e-01	   6.3991904458113225e-01	   5.5383342035121663e-01	   4.5450242468739749e-01	   1.7964757229418288e-01	   2.7268864470394583e-01	   4.3626100224001202e-01	   5.7382442523782795e-01	   5.4577743746990948e-01	   5.4330709706810731e-01	   6.8131967416776607e-01	   5.9568952594577451e-01	   5.8610320934019589e-01	   1.3178147943377686e-02	
   3.7196918645516458e-01	   4.0574339938920456e-01	   6.8130387416277827e-01	   4.3130746006131315e-01	   6.6353199987062339e-01	   6.5995435722694284e-01	   6.4373822423997529e-01	   4.9617482637281485e-01	   6.4994908128193851e-01	   0.0000000000000000e+00	   5.7108082577185537e-01	   5.0181416544790491e-01	   5.3323678647581385e-01	   3.6228021729271487e-01	   7.5785128731061324e-01	   4.7603726635357929e-01	   3.9297867510975087e-01	   4.4941600049416225e-01	   3.9219223896794891e-01	   3.8657458272332834e-01	   1.3127104253434055e-01	   1.3843042492016455e-01	   5.9018052875135574e-01	   4.2554632314815860e-01	   5.2794724943756743e-01	   5.3709667174753373e-01	   4.7223075102354450e-01	   4.5950512722425085e-01	   3.4790778254886501e-01	   4.4776637617676329e-01	   4.4162106060203865e-01	   3.2708225822997361e-01	   3.4100084568981759e-01	   3.8959122880053731e-01	   3.1163110720223619e-01	   1.0486885335563731e-02	   3.4070135505166887e-01	   2.8394132796061444e-01	   3.4209568540382590e-01	   3.7230796857471554e-01	   2.8025294670346979e-01	   3.5428242205294946e-01	   4.8234571408149296e-01	   5.2307491541158202e-01	   5.7318296390815515e-01	   5.7646490997798661e-01	   3.1858396845287373e-01	   3.9200941552568586e-01	   6.0293102364809803e-01	   4.7874523706263183e-01	   5.0490908541820945e-01	   5.5606704740927226e-01	   2.7234067144507446e-01	   4.4566336868466716e-01	   3.5432571821011449e-01	   3.6790062745111546e-01	   2.4711580266682226e-01	   4.4402297990245565e-01	   3.0909934565475744e-01	   3.6424517734231854e-01	   4.7934126628103935e-01	   4.9791736895404176e-01	   5.7600752453762882e-01	   4.6431387929010481e-01	   6.6567132477329016e-01	   5.8689725494858891e-01	   5.8982741624491342e-01	   4.6624424333325032e-01	   4.9092544460254062e-01	   5.9003426655876823e-01	   1.8015326464666237e-01	   3.2604246595011227e-01	   3.9645792758919951e-01	   3.4409126510443661e-01	   4.0347339537977389e-01	   5.5287391675140940e-01	   1.2241770875832915e-01	  -1.5426592121926977e-03	   3.8502188909442292e-01	   3.5649240676697086e-01	   5.1196912401090666e-01	   5.2993339353300684e-01	   5.5831795601021916e-01	   5.6438442101942154e-01	   5.7964386708734383e-01	   4.3824791314320305e-01	   4.1107874971714220e-01	   3.6004312507187308e-01	   5.1192472746559381e-01	   6.1066380733154269e-01	   4.1991214984911496e-01	   6.3572008975281680e-01	   5.2962214647966677e-01	   6.1158370948283036e-01	   2.8129204612318492e-01	   2.8260507943659979e-01	   2.9593810157338934e-01	   3.3089940899105097e-01	   4.2931587200130245e-01	   4.7271168253287654e-01	   4.6698095179821331e-01	   3.8979121036574982e-01	   4.9303538413007231e-01	   4.2448491610992500e-01	   3.4118314673852923e-01	   3.5003625628453633e-01	   1.3428505682205993e-01	   9.9841181299465953e-02	   2.4164135530272141e-01	   2.8804041924045959e-01	   3.3721604686629636e-01	   3.9496552976919652e-01	   5.2370719969070412e-01	   6.5509074149944735e-01	   5.9703080989143897e-01	   1.0785235957510193e-01	
   9.1892684399108460e-01	   7.0450388005160092e-01	   9.4597416258083489e-01	   5.7988504566499000e-01	   9.4770820753028706e-01	   5.9654381309335403e-01	   9.9018935932676533e-01	   5.9935915495025061e-01	   8.7935561492842518e-01	   5.7108082577185537e-01	   0.0000000000000000e+00	   7.7456123672457100e-01	   1.4581686004459264e+00	   8.7082757095802765e-01	   9.6538989265258679e-01	   5.7574204629959613e-01	   7.5711713800067360e-01	   3.9287601313912718e-01	   6.0150549424633759e-01	   5.4546419559317139e-01	   3.7080547992176316e-01	   2.6656868170835690e-01	   4.2490022722295007e-01	   2.8370767281569431e-01	   5.6975191317654050e-01	   6.1182737370244955e-01	   5.7039017633433942e-01	   4.6799910727028926e-01	   7.1653500578752527e-01	   4.6156206706614217e-01	   5.7912591258079749e-01	   4.1042692466195596e-01	   4.7774153769544908e-01	   4.7219493226947923e-01	   6.7998365884476192e-02	  -1.7945902673779174e-01	   7.8405060176386243e-01	   5.4110835784158551e-01	   6.3100433904289344e-01	   6.9730196018403467e-01	   4.3774513191946662e-01	   7.3606463281482193e-01	   7.3856793637001672e-01	   7.8941496860897276e-01	   4.0555409910599399e-01	   5.7461722088562617e-01	   5.5099602646040657e-01	   7.4611258206628472e-01	   7.0441084922709762e-01	   8.4332485767634935e-01	   9.5845084014991255e-01	   8.0968556637440370e-01	   7.5380711604479711e-01	   6.8252211830718268e-01	   9.1340479265680941e-01	   7.7530719663337266e-01	   5.4457259014711157e-01	   6.1980454013232411e-01	   7.4979794134646560e-01	   7.0907391773278605e-01	   7.0898088902847822e-01	   4.6829224175075956e-01	   6.5678993761401516e-01	   4.3943598530687933e-01	   1.5845291434685597e-02	   1.8498590323262534e-01	   6.7157561009498035e-01	   4.1865358802524044e-01	   7.1299891066154431e-01	   7.7737009177531446e-01	   3.7763147718374085e-01	   2.2550822479860441e-01	   8.1225868592504769e-01	   2.5513928972584887e-01	   6.9738687573498481e-01	   6.3366019972136367e-01	   3.6217051810205619e-01	  -1.5690193933698218e-02	   7.1006022801606139e-01	   3.4032874484420633e-01	   9.7790308313969365e-01	   6.8714553370682885e-01	   9.2503157890978960e-01	   6.6117673704152058e-01	   8.3785444978494250e-01	   6.2149561405673914e-01	   6.5199558361319665e-01	   5.7773610189210567e-01	   6.9637779250988163e-01	   8.0786592271285407e-01	   3.5341193677495747e-01	   7.6490351309081406e-01	   3.5692565024868134e-01	   6.8942132385702692e-01	   4.6301679347204533e-01	   4.8140430505731596e-01	   5.7860394709907148e-01	   6.9915353266591118e-01	   9.2429618572906946e-01	   8.7879100164440582e-01	   6.0298893480645444e-01	   7.6398937369220599e-01	   6.5861837241445442e-01	   7.6208254709936096e-01	   3.9672961134257112e-01	   4.0834779396254239e-01	   2.4323798271328417e-01	   2.7376677023883311e-01	   4.4886111126954303e-01	   5.0300837682202204e-01	   6.0683027791825694e-01	   7.1719277232275003e-01	   9.4821264979266451e-01	   7.0299931868182808e-01	   5.1023697225678166e-01	   2.9186570959663247e-02	
   6.7400259232167692e-01	   4.6867315888158051e-01	   8.1669934836575053e-01	   9.7787039222100292e-01	   4.7695017302043929e-01	   7.3233321131720019e-01	   9.4552522104579617e-01	   1.0351489754137555e+00	   4.3636553385864674e-01	   5.0181416544790491e-01	   7.7456123672457100e-01	   0.0000000000000000e+00	   8.1209108285399567e-01	   7.3819356972081540e-01	   6.6336315223792808e-01	   1.1640518517207354e+00	   4.7167751360550647e-01	   4.6770285301910586e-01	   5.5716954480746350e-01	   5.9997125042798705e-01	   1.1525549652669997e-01	   2.2103259630599720e-01	   6.9347779947210952e-01	   8.2349578301249327e-01	   1.1224751223546409e-01	   3.3706318277321345e-01	   3.6671382662433616e-01	   2.2883458507988053e-01	   3.9819671556588571e-01	   7.9158081590527807e-01	   7.4340995085806993e-01	   5.3626106644572580e-01	   6.0333184778320637e-01	   4.5413493132332283e-01	   8.6219047086114040e-02	   3.6726216838158222e-02	   3.2980739477449733e-01	   1.6371277821663743e-01	   1.8016292883845553e-01	   2.3939184747569087e-01	   1.5686551594601819e-01	   4.1905201594642161e-01	   5.6907505596500318e-01	   5.8447195705649513e-01	   4.2389048871465890e-01	   6.7482084703463296e-01	   5.3216320151172247e-01	   5.8232071704054811e-01	   9.1659962657412908e-01	   8.6740427697681777e-01	   8.6096379761408925e-01	   7.4103760923355633e-01	   6.2244133722362738e-01	   4.6042590929914706e-01	   4.5172334697214095e-01	   3.7644389160466452e-01	   4.7555470503462605e-01	   5.3942879264205479e-01	   6.5263732892196447e-01	   7.2028311262033118e-01	   7.3770352890812729e-01	   9.2897041272200864e-01	   8.4154406275067806e-01	   9.9358397352841754e-01	   1.0510486619535964e-01	   3.5520364879864835e-01	   6.9369301815546813e-01	   6.3329513978706686e-01	   5.6636040865106785e-01	   6.5295753557405822e-01	   4.6912899166079730e-01	   5.5593707585557772e-01	   6.4448899044811869e-01	   5.5239219708628506e-01	   5.7869730005636111e-01	   8.0048764166020292e-01	   5.2498636614701499e-01	   2.1536270270641295e-01	   4.3999376644597576e-01	   4.3145686526034477e-01	   7.9094084391720432e-01	   8.4814905395925422e-01	   6.3362386559466466e-01	   1.1266651520414586e+00	   7.7734386753115237e-01	   6.9419996969100572e-01	   3.9901282359605883e-01	   5.0172097193559606e-01	   6.3836306129170572e-01	   7.1039500227677310e-01	   4.9798661899513286e-01	   7.2488004315316135e-01	   5.4501257641854561e-01	   5.6685987235512381e-01	   1.9571985957122995e-01	   1.9867649683323435e-01	   2.8233842174680701e-01	   3.9303601192868953e-01	   7.6648832645153364e-01	   6.5744962099893867e-01	   8.1182644265353809e-01	   6.8745194525399422e-01	   7.0501973562574771e-01	   5.0883744795226205e-01	   3.1662306228355375e-01	   1.2072963263231179e-01	   6.2648521814963845e-02	   3.7844335744661420e-04	   1.8415095793531294e-01	   2.8654543614696609e-01	   3.9912877087033277e-01	   5.2275754011516928e-01	   6.6458009373777960e-01	   4.6252175666331641e-01	   3.7599833764612556e-01	  -1.3974960920763083e-01	
   7.3379915817241470e-01	   4.4241956508939118e-01	   9.4813859004302303e-01	   6.6531104557869902e-01	   8.2405763626774808e-01	   6.3331164835565312e-01	   1.1769006923344105e+00	   8.1426375928934625e-01	   8.3734923860196475e-01	   5.3323678647581385e-01	   1.4581686004459264e+00	   8.1209108285399567e-01	   0.0000000000000000e+00	   1.1684826412048950e+00	   8.1811617123772207e-01	   7.6673966846465191e-01	   6.0297132486493410e-01	   1.9146816679978540e-01	   5.5254301726768895e-01	   5.3911898139254655e-01	   2.6740452107575924e-01	   2.4052670650293917e-01	   4.2102450525545615e-01	   3.3776505990016426e-01	   3.2243065699026907e-01	   3.6977348227259121e-01	   4.7021450307850976e-01	   3.7406368358269493e-01	   6.4961356122518699e-01	   3.8158141048735872e-01	   5.7409989754470947e-01	   4.7886234547084439e-01	   4.0811461054515624e-01	   4.6029772537751090e-01	  -1.3332825185858791e-02	  -2.6027119502961099e-01	   6.4597269232072740e-01	   4.7646380848639636e-01	   4.8540851776007843e-01	   5.7923220773438644e-01	   3.5125571297511665e-01	   6.6484548028515567e-01	   6.3611448755066602e-01	   6.9097824905382410e-01	   4.4664968576745567e-01	   6.5447772380087710e-01	   6.2816317103869201e-01	   7.8487093457756218e-01	   7.7895923068093653e-01	   9.5521704654733519e-01	   9.7603723437013223e-01	   8.0898140908536420e-01	   6.9087995373171585e-01	   5.5993201259585046e-01	   6.9278543738223597e-01	   6.4564675000654592e-01	   4.3591534333411991e-01	   4.4684376133624704e-01	   7.7068190454797769e-01	   7.6265737160353630e-01	   7.3035860888990423e-01	   5.9126012283826934e-01	   6.2388911037943950e-01	   4.7710346824800576e-01	   1.0652916335399436e-02	   2.5137927379160269e-01	   7.6246012014480746e-01	   5.4803777953402055e-01	   6.2609921797589596e-01	   7.4383884531157518e-01	   3.9990595802933432e-01	   3.5854046021891667e-01	   7.7545968253009345e-01	   1.8547990000684797e-01	   6.0965356654940184e-01	   6.1466599131893507e-01	   2.8039847142763386e-01	  -7.3508591195546674e-02	   6.5042309540101717e-01	   2.0558637483928710e-01	   8.1097621452163282e-01	   6.2423194657087488e-01	   7.1026311555412580e-01	   6.5621991610910213e-01	   9.2515913049414422e-01	   7.5485918167234367e-01	   6.8031022892387083e-01	   6.8445400152214908e-01	   8.1228468769910622e-01	   9.3153117649646322e-01	   5.0774602829822146e-01	   7.9612836752132987e-01	   4.6068052000290832e-01	   7.1905387871678128e-01	   4.8745053881827283e-01	   4.9747170383655565e-01	   5.9409998706612499e-01	   6.8216574399188556e-01	   9.4159071824103924e-01	   8.6011163691519199e-01	   6.9889730900236124e-01	   8.1599102833830728e-01	   7.4750623964459995e-01	   7.9619469370777329e-01	   5.7777237051862584e-01	   5.3189612743767090e-01	   2.1255440761639038e-01	   2.7286445648902469e-01	   4.6114924245840244e-01	   5.0442958748162536e-01	   6.2093178213195421e-01	   7.3093149996973439e-01	   9.6163332827364145e-01	   6.7395252964159480e-01	   5.0207479310077119e-01	   2.7517689724309676e-02	
