   0.0000000000000000e+00	   1.1283330942733458e+00	   5.9372523389167453e-01	   6.5469500328522456e-01	   5.5796180734117395e-01	   3.5003856756231488e-01	   8.7419818117590875e-01	   6.8471567964960611e-01	   6.3679933628457996e-01	   4.1288497823616405e-01	   7.5421586159815679e-01	   6.8867477175609104e-01	   7.1579475921903413e-01	   6.8703521722445537e-01	   4.9189253756855561e-01	   3.9655685081500691e-01	   8.0218740753101536e-01	   6.3538223818242912e-01	   6.6976826341776363e-01	   5.5311016668065749e-01	   1.8175430868206910e-01	   9.7480660382262829e-02	   5.5816651554640839e-01	   5.5026688880103125e-01	   3.0339660436093441e-01	   3.6039751848125323e-01	   2.0618164451002977e-01	   2.1721393449438475e-01	   6.7301790070766443e-01	   7.2212282552662432e-01	   5.0679449487426609e-01	   6.4057807369644026e-01	   6.4775418681817587e-01	   3.6337198242260010e-01	   2.5132841710935536e-02	  -1.6399749346479997e-01	   1.9777136389510028e-01	   1.8954241733519145e-01	   3.8771265599737748e-01	   3.0875050029270401e-01	   1.0562752707480277e-01	   3.4122054326308970e-01	   3.8638817606573128e-01	   4.2745941837623630e-01	   3.5822024883285802e-01	   4.3668942199351263e-01	   7.8482248372174268e-01	   7.1507184306884930e-01	   7.5107049372320678e-01	   6.6106181048776691e-01	   5.6597936362088763e-01	   5.2400989567560030e-01	   7.2396165887041686e-01	   4.5983324121938390e-01	   6.5104222909310239e-01	   4.9580428671997623e-01	   1.2902805742095005e+00	   7.5085207094053730e-01	   8.0359313534615762e-01	   4.9368593147181217e-01	   1.0805504715180334e+00	   7.3674543497832801e-01	   6.7450360189860681e-01	   4.9525544362544027e-01	   2.8636081130439134e-01	   4.1084780637544616e-01	   3.4548909338494826e-01	   1.9932141156875713e-01	   7.7960598385292879e-01	   3.5920441225802618e-01	   4.4771294581445975e-01	   1.2359932928361168e-01	   1.0602246985323516e+00	   7.3923147659650135e-01	   9.5679992807759795e-01	   6.1556953702832762e-01	   3.1604912891004522e-01	  -4.8828265101469440e-02	   5.9501160060836411e-01	   8.8566874555363861e-01	   7.7405466998365791e-01	   9.6822917903686712e-01	   2.9870603732466128e-01	   4.8625662074512294e-01	   3.5346485699399144e-01	   4.6767258044149784e-01	   2.0765993340201702e-01	   2.9202793463590526e-01	   5.0183655798533888e-01	   6.0575535841790606e-01	   3.3190936199115850e-01	   3.1848085504448265e-01	   2.7659248256930913e-01	   2.9572035893808407e-01	   5.3971328119945072e-01	   5.1481770530963165e-02	   6.3634334350860122e-01	   5.7474138362865157e-01	   5.4573018214646118e-01	   4.7640526216505452e-01	   2.8884138857386465e-01	   3.6712925112619699e-01	   2.6898410755954300e-01	   5.2027715172654765e-01	   2.2586914003380787e-01	   2.9788668420001396e-01	   2.1948058008862412e-01	   2.1746218847402957e-01	   2.1265739287125440e-01	   3.9537040793839695e-01	   4.9790853214041497e-01	   3.7385688989845417e-01	   3.3194735170644502e-01	   2.2965833218586218e-01	   1.4430591451135014e-01	  -3.9115650544495346e-02	
   1.1283330942733458e+00	   0.0000000000000000e+00	   3.7431554193370092e-01	   7.7988477680021417e-01	   4.9334446857066949e-01	   5.4729282446871608e-01	   6.7125639302107742e-01	   7.9233293722348086e-01	   4.5442000748194877e-01	   4.5371305822102348e-01	   4.3799314622529889e-01	   6.3018079531031268e-01	   4.6646818445791061e-01	   6.6683484177615082e-01	   3.1278149407073064e-01	   4.2533557757157620e-01	   8.8267658357261869e-01	   7.5632297862537312e-01	   5.0982150519989000e-01	   5.0247148570843847e-01	   1.1928319946301076e-01	   1.5795047145720487e-01	   3.8688188782531269e-01	   5.5258261900358896e-01	   1.8570670086929225e-01	   3.9085783306505151e-01	   2.0510570734248060e-01	   2.3935330284167528e-01	   6.5645403392084201e-01	   8.0424584004589517e-01	   3.4178909284974079e-01	   5.2713665037043822e-01	   4.7927571028110338e-01	   3.4582427921704045e-01	  -1.9209268550638292e-01	  -3.0002422441488263e-01	   2.4446917123767581e-01	   3.4392526680999846e-01	   3.3199751302246888e-01	   3.5975110233283347e-01	  -5.7080911022553645e-02	   2.6739701885522688e-01	   4.3538495830988627e-01	   5.0793341690842908e-01	   3.2211011864103989e-01	   4.6691464865172932e-01	   9.4723331745679451e-01	   9.0674842157413149e-01	   7.9547510195772042e-01	   8.0280324571347328e-01	   6.5978731964973736e-01	   7.6597381026095457e-01	   9.7157795518636814e-01	   7.4600558373493631e-01	   7.5830175135816735e-01	   7.4132725184242054e-01	   1.2762591101600098e+00	   1.2752954843396598e+00	   8.1988503646749034e-01	   8.1935985643331277e-01	   8.2837465872610971e-01	   8.1517322202781406e-01	   7.5544284399418216e-01	   7.4167631806558576e-01	   9.7018633738400820e-02	   3.4704757127898062e-01	   3.6762426954786220e-01	   3.1327060531707307e-01	   8.7764564268394096e-01	   7.1382829066958309e-01	   3.6043189887783278e-01	   5.6950355847917217e-02	   9.3235269628386652e-01	   9.3088283579242059e-01	   9.0295116877832204e-01	   6.9842308005275422e-01	   2.5327287339154519e-01	  -1.3650635895509123e-02	   5.7513324645310215e-01	   8.6481985572740849e-01	   6.1387745086816303e-01	   9.2564197053190145e-01	   1.1064583508968652e-01	   4.5417417617476757e-01	   1.9056889846155653e-01	   4.7169993217718020e-01	   1.6764573000060648e-01	   3.6974550132464939e-01	   4.0977808956222717e-01	   7.6533947752379716e-01	   5.8448967179758182e-01	   4.6888574763475538e-01	   4.9859696702155165e-01	   3.2887849661668905e-01	   5.2216378428338384e-01	   4.4043660749066488e-02	   6.6964726663433871e-01	   6.3101806866542798e-01	   9.5938376407754156e-01	   7.6045473810591058e-01	   5.1393272184866989e-01	   2.8633563826308472e-01	   6.1605510798857388e-01	   6.7135033609665717e-01	   4.2371025129015771e-01	   3.6963656205604090e-01	   3.7500277138663063e-01	   4.6712595079638486e-01	   3.3197458700804255e-01	   4.8747502334984738e-01	   5.9166072838953021e-01	   7.2325546878833624e-01	   6.8579756067941677e-01	   3.5158499601122600e-01	   4.8474964777494099e-02	  -1.8575793189697956e-01	
   5.9372523389167453e-01	   3.7431554193370092e-01	   0.0000000000000000e+00	   9.4933025883436895e-01	   9.9681222560434191e-01	   6.2896055041713728e-01	   1.1993701791508395e+00	   5.8650137612338693e-01	   6.0705989812823091e-01	   7.2979210054039478e-01	   2.8570905451981682e-01	   8.5064921038797162e-02	   6.7680241791597273e-01	   5.4386260531975883e-01	   1.2505609077202693e+00	   9.5412020397104247e-01	   2.3424989900324042e-01	  -1.1168750516714204e-01	   8.8271172499122708e-01	   7.3540222871520822e-01	   5.4831839003328164e-01	   3.8868807426925439e-01	   2.1751135247836517e+00	   1.4430831569639166e+00	   1.1953931411536987e+00	   1.1480717742111259e+00	   8.5517427189173367e-01	   7.7938757715787577e-01	   1.6133026355679581e-01	   1.7498498179924940e-01	   8.3144538613198149e-01	   7.5655299310929580e-01	   4.5466006564103173e-01	   2.6564413597458802e-01	   5.3934367398486904e-01	   1.8371193188056453e-01	   4.4809412558580536e-01	   3.1482757543640688e-01	   6.1930491329798665e-01	   5.5009465332310448e-01	   2.5574486666634133e-01	   4.4536603716793821e-01	   1.0449740455271950e+00	   7.6716157947829644e-01	   1.1476724480139067e+00	   1.0105075992825077e+00	   7.9048355887522193e-01	   6.6486116942497642e-01	   7.0074351433820237e-01	   6.7000564057755174e-01	   6.4757799013010076e-01	   6.6291396232293165e-01	   4.7210780844396105e-01	   7.6977888337209932e-01	   6.4040997907221642e-01	   5.5581472485751537e-01	   3.6658272617348447e-01	   1.8989676284569784e-01	   8.1263281197467485e-01	   4.4842971718500274e-01	   8.1477641639524889e-01	   6.6982679220556740e-01	   1.6111357219864064e-01	  -5.3186299769959713e-02	   1.4793184734929992e+00	   1.2443966895033503e+00	   1.0789406062181184e+00	   7.6926002201789134e-01	   7.2737128296280718e-01	   4.4754566317976752e-01	   4.0373688417869819e-01	   3.5753487574942805e-01	   5.3600310843676002e-01	   2.2683990367547366e-01	   3.6316549864336117e-01	   1.2353801063594280e-01	   2.9683190410602239e-01	  -2.9901762935853455e-03	   2.1784552907679511e-01	   3.3251970933142161e-01	   4.8413554775567269e-01	   6.7952582301150832e-01	   7.7196117666802933e-01	   6.5495940804901276e-01	   1.2206386089190742e+00	   1.1813447847259642e+00	   7.8562108198495206e-01	   8.2586895260177240e-01	   1.3055988458334782e+00	   9.6305374231957819e-01	   5.0727829121217749e-01	   5.7349689274753979e-01	   5.9060827840808361e-01	   7.9796551155115580e-01	   9.3232780400580501e-02	  -1.0495703570266557e-01	   2.3230349473835360e-01	   1.3634760259562623e-01	   3.9622652119762697e-01	   4.2355587599838079e-01	   3.3326069096215699e-01	   9.9408987023374007e-01	   2.6894502643200957e-01	   6.1435121018445848e-01	   3.0664985485398155e-01	   4.2202877080441425e-01	   4.7087686747732560e-01	   3.6655525526623817e-01	  -1.1597104010873296e-01	  -4.9702034269528066e-02	   1.5322094653825249e-01	   1.4508193538609884e-01	   1.1933348782152259e-01	   2.2264192775029940e-01	   2.6388859826236466e-01	   1.0330718036407313e-01	
   6.5469500328522456e-01	   7.7988477680021417e-01	   9.4933025883436895e-01	   0.0000000000000000e+00	   7.8449283919789792e-01	   8.3239921790569782e-01	   1.0702432771386374e+00	   1.2680701969332648e+00	   6.4099156319695139e-01	   7.5471248063130802e-01	   3.0954748229267803e-01	   3.3513798138933437e-01	   6.4542699237931200e-01	   7.7757782653297525e-01	   8.0105571879752480e-01	   9.2541718380139015e-01	   4.4660902692623872e-01	   1.7528672125047048e-01	   7.8296640845642285e-01	   8.2984706962011356e-01	   2.9209234802371919e-01	   2.9400716174878572e-01	   1.0234602366636283e+00	   1.5083303454169128e+00	   6.1661664328489918e-01	   9.6470599741358187e-01	   5.6324752056392313e-01	   5.7498133172110266e-01	   3.6054037872453804e-01	   4.4896199839007456e-01	   7.3953791652772261e-01	   9.9811442840529763e-01	   5.2498367778397337e-01	   4.0686739672415018e-01	   2.3710784553435904e-01	   4.3733526382110949e-02	   3.4461835248500633e-01	   3.1076372525012119e-01	   5.6498109604030389e-01	   5.3874702737328073e-01	   7.5727620507670262e-02	   3.7512676399009032e-01	   9.6400961865912516e-01	   9.7318671310308424e-01	   8.6049128064819680e-01	   9.1860902376339726e-01	   1.2562725055254655e+00	   1.0648527702955406e+00	   9.2253935734526427e-01	   1.0005174146783884e+00	   9.9709949886638971e-01	   1.1612508503724115e+00	   7.8978164084443414e-01	   8.7618639300731782e-01	   9.4378770640675314e-01	   9.3465182566762917e-01	   5.9378448514652149e-01	   5.8026267961647426e-01	   9.3835807717892428e-01	   8.2323515411236980e-01	   8.3398531607332460e-01	   1.0150807655372649e+00	   4.4307644588035155e-01	   3.3777053103202415e-01	   6.0577200819002675e-01	   9.7133326682663279e-01	   8.9923850094157565e-01	   7.9514616569439833e-01	   8.7022386145709596e-01	   8.1586170011262982e-01	   4.6195671710539377e-01	   2.5238989397177253e-01	   6.5536017456074225e-01	   5.9294401250976836e-01	   7.1599721281111928e-01	   4.8012621448517973e-01	   3.3405569330412538e-01	  -1.6650522883578857e-02	   3.6870776596106103e-01	   4.7682620653092389e-01	   6.0946604676744676e-01	   9.0943177192075397e-01	   4.4318994048195276e-01	   7.4341152135618005e-01	   8.0275386548341343e-01	   1.3116678161268136e+00	   5.6062360863459426e-01	   7.7320988179719152e-01	   9.7711617838171505e-01	   1.1402798742680076e+00	   7.4174527922766409e-01	   6.4796637113355482e-01	   7.7345963297981191e-01	   6.5577127446022321e-01	   2.8815081400752257e-01	  -4.5321692802677151e-02	   5.4008444421733914e-01	   4.5759001945721417e-01	   8.1382237323770956e-01	   7.2982391415007564e-01	   6.2378873286780079e-01	   7.0846975040962212e-01	   6.1264409958927335e-01	   7.0408915355733248e-01	   5.7237731540357650e-01	   5.5866454474540206e-01	   6.1171931880355268e-01	   6.0712284032494057e-01	   3.7720942681390396e-02	   2.1082378085981862e-01	   4.9237581517136353e-01	   4.9491084452778439e-01	   4.9726867513855133e-01	   4.2652784542227140e-01	   2.8729378406362555e-01	   6.4915725749138162e-02	
   5.5796180734117395e-01	   4.9334446857066949e-01	   9.9681222560434191e-01	   7.8449283919789792e-01	   0.0000000000000000e+00	   1.1419594921955334e+00	   1.1270369886374270e+00	   5.8131685167640945e-01	   7.2679633919452902e-01	   7.5282531604139524e-01	   4.0858394086574890e-01	   2.5615167153227958e-01	   5.3657382760973926e-01	   5.2233093954721932e-01	   7.8266569631651484e-01	   7.9477522857657612e-01	   3.1012741759509682e-01	   4.9187345412948877e-02	   6.2996525784637092e-01	   5.0896140593176442e-01	   5.8219695051340803e-01	   5.6709398917000708e-01	   1.0190283728245892e+00	   1.0560378757732731e+00	   6.5336676918393199e-01	   7.9836876492455389e-01	   6.5866384186536675e-01	   6.9839221507473503e-01	   3.7104344453754490e-01	   3.0926723551289986e-01	   7.7464703644718191e-01	   6.4870987514576606e-01	   2.3848827615777110e-01	   9.2980440537801815e-02	   5.3189627832834242e-02	  -1.5733036123661265e-01	   5.2889250069858951e-01	   4.6096448668596524e-01	   4.9148970354759297e-01	   4.2342530265143552e-01	   5.3949764992723664e-02	   3.0966795767506261e-01	   6.5576705123973666e-01	   5.5832240028270541e-01	   8.2386350320648893e-01	   8.3873571291123250e-01	   6.1323249140252722e-01	   5.2410216039940005e-01	   7.8680347955169627e-01	   8.2125395710109361e-01	   5.9674825088440620e-01	   6.3034090915825203e-01	   6.4544296630452702e-01	   7.0183494924037604e-01	   4.4820842448192072e-01	   3.8303854683398347e-01	   4.3997449837875396e-01	   3.4762939996056408e-01	   9.7080454971264918e-01	   6.5817814356127802e-01	   9.6828452074710991e-01	   7.3108644597972017e-01	   4.6027222623419017e-01	   2.2184201242110324e-01	   6.5418517252034158e-01	   6.9766835848781616e-01	   8.6884399923758737e-01	   6.8381301958475793e-01	   7.0154051484687607e-01	   5.8396407017499197e-01	   2.9942278384670246e-01	   3.4874475063781701e-01	   4.7375757326338264e-01	   3.0021809189844595e-01	   2.4027070631079206e-01	   2.4441216107777003e-01	   1.7180111660978387e-01	  -5.3148406978703643e-03	   1.3199755517327438e-01	   3.1273120772222163e-01	   4.1317460415190149e-01	   6.1104211138783582e-01	   6.0737775188844512e-01	   7.4572259357005177e-01	   7.2528294106211466e-01	   8.3456641224078232e-01	   5.6931928319630432e-01	   6.0978439302570298e-01	   8.0043416337676476e-01	   8.4811092740051708e-01	   6.4560623170078257e-01	   7.2431731112727238e-01	   6.1625965046523079e-01	   6.7246972011205597e-01	   8.7304173535871929e-02	  -1.7269980740872376e-01	   2.5272667850698322e-01	   3.8280646360806386e-02	   3.9284549802032476e-01	   4.2814216230464902e-01	   3.3484975086098706e-01	   7.6236934574342730e-01	   4.7751789938691341e-01	   7.7136293071351925e-01	   4.1819023380376674e-01	   4.4106840850227502e-01	   7.9967361713525564e-01	   5.7086960569502609e-01	  -3.0836738019682071e-02	   7.6710147187926930e-02	   1.6774484653522145e-01	   1.1615372987439002e-01	   3.2380653145177857e-01	   5.2319071180196623e-02	   3.8863393517086592e-02	   9.3478386819637063e-02	
   3.5003856756231488e-01	   5.4729282446871608e-01	   6.2896055041713728e-01	   8.3239921790569782e-01	   1.1419594921955334e+00	   0.0000000000000000e+00	   7.6115086521814335e-01	   7.0434290296302182e-01	   5.0688801412050177e-01	   8.3249796345821137e-01	   2.2093954986875292e-01	   2.4786113292304440e-01	   3.4073385882232138e-01	   5.2521027257850961e-01	   5.2325635678912386e-01	   6.9866912026565264e-01	   2.4301261289900031e-01	   8.3118706396135611e-02	   3.6367152059641528e-01	   3.6440478402615933e-01	   5.8814338749983897e-01	   7.1043790489710767e-01	   6.7313708398463945e-01	   8.8767192315533405e-01	   5.8309782423265277e-01	   8.5411517376301171e-01	   7.2661967009216233e-01	   7.9556182764341488e-01	   2.1567968765347451e-01	   2.3774837809496047e-01	   5.0319613829102683e-01	   4.8759767483140826e-01	   1.2074074657624846e-01	   1.0143192544118586e-02	  -1.7025202950776749e-02	  -1.3095728797386053e-01	   7.0384741072712675e-01	   7.3323377026585967e-01	   5.8346866173888989e-01	   6.1640206962795863e-01	   1.1113900003088965e-01	   4.5302263062817866e-01	   7.2029347218785267e-01	   5.3210017755572492e-01	   7.3056665480403504e-01	   7.8094806652715998e-01	   7.2799603005430191e-01	   6.9293687289027295e-01	   7.8668929144729682e-01	   1.0178778624312026e+00	   7.5414285226266453e-01	   8.5968277668573145e-01	   7.9881182221574987e-01	   9.0346512366533749e-01	   6.5998871797976000e-01	   6.8825004718341387e-01	   3.0834307666357941e-01	   4.5046352543952195e-01	   8.2891747231745938e-01	   9.0155001552024894e-01	   6.0660949126574992e-01	   6.6796993313873443e-01	   4.2554197223600987e-01	   2.8437172413296297e-01	   3.9435330812170366e-01	   6.3711632548858022e-01	   9.3434129995455240e-01	   9.1272319449178574e-01	   6.6936048910837387e-01	   9.7509371128924349e-01	   2.3219650504467032e-01	   3.1789783832763313e-01	   4.0611419976804153e-01	   4.5293639670165953e-01	   2.4682248304969884e-01	   3.2543148537912703e-01	   2.3332354301086261e-01	   1.6802809968786206e-01	   1.1265022606010058e-01	   2.7846648372723504e-01	   4.3325453816173087e-01	   6.6596717522901039e-01	   4.7674733805962616e-01	   6.8783222343156059e-01	   5.5514239009873512e-01	   8.2035729992071005e-01	   4.7977836966725096e-01	   6.8705795576647877e-01	   6.7154474684983334e-01	   1.0616619925700750e+00	   1.0322399775292688e+00	   9.5806912795288879e-01	   1.0056783940383647e+00	   7.6697696381043456e-01	   8.5348272227610211e-02	  -1.7089790208587172e-01	   3.4215461656960927e-01	   2.4146559719355382e-01	   7.8598630850569984e-01	   7.8893269772422681e-01	   6.1051634450301362e-01	   7.7190519060813545e-01	   8.2428957369631906e-01	   9.0188505792385032e-01	   5.8333948197970109e-01	   5.6130229186459857e-01	   1.0645749822712640e+00	   9.5089070390653663e-01	   5.4668826240386173e-02	   1.7046010566047567e-01	   3.2442681416616409e-01	   4.5201045117676525e-01	   7.0302510748815661e-01	   1.4429487196263346e-01	  -5.3723760513928501e-04	   3.7420482539212954e-03	
   8.7419818117590875e-01	   6.7125639302107742e-01	   1.1993701791508395e+00	   1.0702432771386374e+00	   1.1270369886374270e+00	   7.6115086521814335e-01	   0.0000000000000000e+00	   1.0125902072184005e+00	   8.6144310213076358e-01	   6.9624522335257333e-01	   5.5976498464500279e-01	   4.8618380837824859e-01	   8.7398679338324481e-01	   8.1738910475242232e-01	   7.5893915783194510e-01	   7.0875114515896742e-01	   3.5396787710341571e-01	   9.1905194451950126e-02	   7.0437833243099646e-01	   5.7387211142879369e-01	   2.2717410116175368e-01	   2.0205455929710253e-01	   1.1804418631096958e+00	   1.1876446676165571e+00	   5.6242401781889495e-01	   6.9659273757692231e-01	   4.3655751816074384e-01	   4.3717875833962266e-01	   3.9834157201013570e-01	   3.6178902449765032e-01	   7.8839056992348033e-01	   7.3540216716667417e-01	   4.6515096095360314e-01	   2.0115483365893239e-01	   1.4217632839279915e-01	  -1.3105850083501042e-01	   2.4349025992538201e-01	   1.6606167046513942e-01	   4.0769738447957948e-01	   3.0977506240497832e-01	  -3.7888845833876292e-02	   2.3809424525978651e-01	   6.2584164621241167e-01	   5.2257979156846557e-01	   8.3403802221038226e-01	   8.9451255710044142e-01	   8.6951114953069708e-01	   6.8894697644592873e-01	   8.6353753222126595e-01	   8.8742148748712513e-01	   8.3227365857591429e-01	   8.3224747541596189e-01	   7.5318144217934813e-01	   6.4942423098134638e-01	   6.8331859572374531e-01	   5.8153144286110448e-01	   5.9866052862421693e-01	   5.2746577551653617e-01	   1.3981785266099267e+00	   7.6591220150227346e-01	   1.3951211193980373e+00	   1.1314009368051341e+00	   6.0543420036816442e-01	   3.8492018798730787e-01	   7.5295919875915929e-01	   9.0839917425948191e-01	   9.7681948054376633e-01	   6.7017292217204261e-01	   8.2195987610025911e-01	   5.3946667145948557e-01	   2.9908455093577163e-01	   9.9227243525143990e-02	   6.6930152835492651e-01	   4.8734469121698171e-01	   6.2244573049819674e-01	   4.9184155318893991e-01	   1.8612978824963822e-01	  -1.8283800576817927e-01	   2.5810243049806109e-01	   4.6603023683695705e-01	   4.4410785639301298e-01	   7.8488100130677241e-01	   4.1383418078171563e-01	   6.1034133919033151e-01	   7.7775340130730264e-01	   9.7433281285820006e-01	   4.7350309838222782e-01	   5.8438179006171276e-01	   9.6221259639993417e-01	   1.0158796246049651e+00	   7.3728771525492809e-01	   7.7535205383042893e-01	   7.2183670833675861e-01	   7.9731522645887087e-01	   4.6640152186110473e-01	   9.1379629920901123e-02	   6.5540901101312643e-01	   4.2775207317101083e-01	   6.0603136370079647e-01	   6.5829684459290350e-01	   6.2945939420745700e-01	   8.9531126626201618e-01	   5.6591261669105231e-01	   7.7404623573857068e-01	   3.9679552052894740e-01	   4.0604703641283058e-01	   5.7056036668716836e-01	   6.1207259808566816e-01	   1.7275105398697477e-01	   3.2684163507047803e-01	   4.8419419236354899e-01	   2.2076074411513033e-01	   3.9930808795774853e-01	   2.4992303073889338e-01	   1.7558689462256052e-01	   6.0104631941790561e-02	
   6.8471567964960611e-01	   7.9233293722348086e-01	   5.8650137612338693e-01	   1.2680701969332648e+00	   5.8131685167640945e-01	   7.0434290296302182e-01	   1.0125902072184005e+00	   0.0000000000000000e+00	   7.7729894788132670e-01	   7.5967757153675186e-01	   5.0200345420633274e-01	   7.3886887593092287e-01	   8.1316203492375183e-01	   1.1834207654458759e+00	   4.9082160128520896e-01	   5.5879831996816320e-01	   4.7588871198380706e-01	   2.6970897441657926e-01	   5.0059402001225073e-01	   5.5082046975058319e-01	   4.6188704255204431e-02	   4.9945442569047711e-02	   6.2163667469392603e-01	   8.4486960156171853e-01	   3.0397028354605787e-01	   5.1693576500211602e-01	   2.4393821585015724e-01	   2.2895386169255125e-01	   4.8879460029938354e-01	   4.8891491153719424e-01	   5.7573747844886802e-01	   7.2473238220056202e-01	   5.1500379713257871e-01	   4.0882723567368634e-01	   3.3937842027669418e-02	  -1.3360615966079681e-01	   1.0341144435646066e-01	   1.1280595518183514e-01	   3.5544911354177366e-01	   3.3283867913943743e-01	  -7.0217523022263403e-02	   2.8129540845472345e-01	   5.8143229253868611e-01	   6.2522662645323224e-01	   5.9436199520140542e-01	   7.1625904555286823e-01	   9.5954209567214577e-01	   8.6453839557901291e-01	   8.4653109491740341e-01	   1.0347393505944420e+00	   1.1322096723359565e+00	   1.1200629008164107e+00	   8.0976444947452542e-01	   5.3423883422278018e-01	   9.2196006773148187e-01	   8.6592734900893320e-01	   5.9496282736687123e-01	   6.3729629828471013e-01	   1.0070359603680041e+00	   8.6547845482004471e-01	   8.4599598369848483e-01	   1.1628422649082455e+00	   6.1641797178717206e-01	   5.3840382094129735e-01	   3.4378879522516564e-01	   7.9659409287161742e-01	   7.3505932391781159e-01	   6.3283840688702375e-01	   6.2896088048482934e-01	   5.9059072401745394e-01	   2.5858385088592806e-01	  -3.8638963576243775e-03	   6.4532249527968377e-01	   5.9499130854265636e-01	   8.5351541086367178e-01	   6.1911594713980889e-01	   2.2481840661307068e-01	  -1.7169717217177818e-01	   4.5885750164959993e-01	   5.2245091710305769e-01	   5.3063463725724391e-01	   8.4514452629766890e-01	   1.4871568070561877e-01	   4.3577213738513731e-01	   4.9974177393983543e-01	   8.7344973080572963e-01	   3.3747881965308191e-01	   5.7385179041549672e-01	   6.5226799164354721e-01	   9.2086998933242437e-01	   6.9207872746967802e-01	   5.6706365651751001e-01	   6.9003767860987042e-01	   5.1250922858315995e-01	   4.8813491613148086e-01	   1.2662650795998437e-01	   7.9045755996944700e-01	   7.2138525503337381e-01	   8.2829911675129930e-01	   7.8632078659884819e-01	   8.8751285873636931e-01	   5.8866851250721819e-01	   6.5235068900978388e-01	   5.7440413820811576e-01	   5.8818150342472086e-01	   4.8833921985560569e-01	   4.6517592606677466e-01	   5.7330864908981571e-01	   1.5675912319797647e-01	   3.8127980842685066e-01	   6.9477296665273813e-01	   4.5035937061308462e-01	   6.7580818704602930e-01	   4.5813119496480803e-01	   3.2717604217383217e-01	   1.2251638827668077e-01	
   6.3679933628457996e-01	   4.5442000748194877e-01	   6.0705989812823091e-01	   6.4099156319695139e-01	   7.2679633919452902e-01	   5.0688801412050177e-01	   8.6144310213076358e-01	   7.7729894788132670e-01	   0.0000000000000000e+00	   7.4145571677957889e-01	   7.1420124957760600e-01	   4.5178913388894637e-01	   9.7313024126719272e-01	   8.0248994699528331e-01	   6.3350310995813364e-01	   4.5411070332041698e-01	   3.3769587284992980e-01	   3.1361868780007685e-02	   6.6266974260740685e-01	   6.2075683408781379e-01	   1.0869210792181588e-01	  -4.6486586925364379e-02	   6.0573377506617943e-01	   6.5706494612660693e-01	   3.5265169319587097e-01	   4.9317477330950238e-01	   2.1730402345028285e-01	   2.1545072456184036e-01	   4.6336957357705233e-01	   3.6237145259426484e-01	   5.9819141087024164e-01	   5.8995838609835516e-01	   4.1902516839524750e-01	   3.3757564965700565e-01	   7.2157386835338816e-02	  -1.4482926950192967e-01	   5.1948428147332290e-02	  -5.1231989833027758e-03	   2.2889715313678305e-01	   1.9387262757287943e-01	  -4.0126785402798910e-02	   1.2640798130640538e-01	   4.6152455318054125e-01	   5.4676632136890324e-01	   6.9916109047885444e-01	   7.2170014110074732e-01	   5.9460472599876169e-01	   4.7609018636059131e-01	   8.0259007201781651e-01	   7.8196555496647613e-01	   6.7862039557457177e-01	   6.0198058044050029e-01	   5.8049476475233552e-01	   3.4166894209991305e-01	   4.7061896804417852e-01	   3.7752186963358236e-01	   4.0978744002011902e-01	   2.1429519414658815e-01	   6.9179724476029647e-01	   3.0326780807152209e-01	   7.6692017675478674e-01	   6.3079859787316817e-01	   3.3226793589582049e-01	   1.5523871424936700e-01	   4.3023333157311239e-01	   5.9855866932656898e-01	   5.2280351525830804e-01	   3.3290733656369753e-01	   7.0945394054274780e-01	   3.5496527060870775e-01	   2.3308586998823633e-01	   6.4151708783533427e-03	   5.6966768903277898e-01	   1.2611353738103878e-01	   5.9584062540225913e-01	   1.1718563526787074e-01	  -3.6488747173857160e-02	  -3.9698389374073961e-01	   3.3151421071136111e-01	   3.3251046735889972e-01	   4.4238781115336917e-01	   5.7137638163586812e-01	   3.0500599423258512e-01	   3.1208336034456818e-01	   6.1827956096800052e-01	   6.6386965415738486e-01	   4.0016225548435430e-01	   3.9859199961890668e-01	   6.0140209999972860e-01	   5.6969045277749664e-01	   3.9583767366917211e-01	   4.2845720287426314e-01	   4.1505402232071170e-01	   4.7606784142403263e-01	   2.2468023665288733e-01	   4.4126282688208771e-02	   3.4969283191808970e-01	   3.0280918691429337e-01	   3.0103650824849337e-01	   3.5607044103186136e-01	   4.3039601988609399e-01	   5.2985101828224035e-01	   2.2053921265629622e-01	   3.1243353174694505e-01	   5.2133621042241651e-01	   6.3243377231787534e-01	   3.8652485014903964e-01	   3.7713123740120852e-01	  -3.0414288305761983e-02	   1.1712260451902841e-01	   2.3107269412112896e-01	   1.5477569351230178e-01	   3.4104377225841898e-01	   4.7721250682244742e-01	   4.5906943234158704e-01	   3.7945293011160419e-01	
   4.1288497823616405e-01	   4.5371305822102348e-01	   7.2979210054039478e-01	   7.5471248063130802e-01	   7.5282531604139524e-01	   8.3249796345821137e-01	   6.9624522335257333e-01	   7.5967757153675186e-01	   7.4145571677957889e-01	   0.0000000000000000e+00	   3.1395559778214022e-01	   2.6051419663646486e-01	   5.9939717690326644e-01	   7.0420750388862974e-01	   7.4144511377817590e-01	   7.1175890053878899e-01	   3.5551535723232702e-01	   4.2850842880839568e-02	   5.4896895880692043e-01	   6.0157883236702048e-01	   3.5705653408023508e-01	   2.7173222499708521e-01	   7.5248221136228732e-01	   8.5416955368427439e-01	   6.0418836876949145e-01	   7.1818970451397424e-01	   5.5631120920095989e-01	   4.6309108420617462e-01	   3.9444546706836270e-01	   3.5001213031061706e-01	   5.8718087225638027e-01	   5.5530689804948086e-01	   2.7191188774421288e-01	   2.9180485869138284e-01	   4.6001000350313750e-02	  -1.6497065340809397e-01	   3.2515688274772336e-01	   3.1555334313046812e-01	   3.9596379705777734e-01	   4.2713808159118216e-01	   7.6587879922732569e-02	   3.6906673328915590e-01	   8.1887983262125297e-01	   6.5737565798532160e-01	   8.2577104281863434e-01	   7.3663661972850325e-01	   6.7561794597580604e-01	   5.5204827774904597e-01	   8.1114288878998975e-01	   8.1611417127280483e-01	   7.1759897169825759e-01	   6.6036303817565678e-01	   5.0138770272359656e-01	   6.1346781834804176e-01	   5.3004322265323567e-01	   4.3858019830787820e-01	   2.9496467591282916e-01	   2.3260823040730794e-01	   6.0912742563348421e-01	   5.1399069986277213e-01	   4.9932039267974582e-01	   6.3195433306595028e-01	   2.3375959115479700e-01	   8.6048151111695725e-02	   5.5083311661035073e-01	   7.0362880464986444e-01	   6.8187656347055148e-01	   5.2126951944985800e-01	   5.4712904891821634e-01	   5.1281954172358191e-01	   3.0998629174291897e-01	   2.1039794093804542e-01	   4.6533374098105401e-01	   1.5729603455298888e-01	   4.9351909155230095e-01	   8.4951621143195322e-02	   9.3053734313440051e-02	  -1.4657937784494449e-01	   3.9058716489661904e-01	   3.1448567735387989e-01	   4.7966192370645283e-01	   5.9815821424607907e-01	   3.8746505807725096e-01	   3.6405617196241741e-01	   6.5715218445333679e-01	   7.6204711872299735e-01	   5.3342619781447009e-01	   6.4804997210524873e-01	   6.9698457312747208e-01	   7.8958616525469272e-01	   6.0734538925175374e-01	   5.5961263685173968e-01	   6.2310173035241689e-01	   5.4241563127525649e-01	  -2.3293059654444871e-02	  -1.5109747338118018e-01	   1.7789346017092325e-01	   1.2686401224990776e-01	   5.6792018015794199e-01	   4.7245405457685324e-01	   4.9145043823511270e-01	   5.7661813467366241e-01	   4.0682832688951232e-01	   5.1684710980889803e-01	   7.8148160773629283e-01	   8.0238351304578581e-01	   5.8115329698981333e-01	   4.5532981332886063e-01	  -1.0847119320853334e-01	  -3.7998021619500978e-02	   1.4672558757276027e-01	   3.0140604852301345e-01	   3.9405145503594452e-01	   3.3367186969515483e-01	   3.1948298051078061e-01	   2.9379941623817529e-01	
   7.5421586159815679e-01	   4.3799314622529889e-01	   2.8570905451981682e-01	   3.0954748229267803e-01	   4.0858394086574890e-01	   2.2093954986875292e-01	   5.5976498464500279e-01	   5.0200345420633274e-01	   7.1420124957760600e-01	   3.1395559778214022e-01	   0.0000000000000000e+00	   1.0007660285260949e+00	   1.1384466173226857e+00	   8.2225473152691397e-01	   4.2434471744867208e-01	   2.4280937802862179e-01	   6.2440964859596815e-01	   3.8801545234123713e-01	   3.6092441280316867e-01	   3.0729743085657291e-01	  -2.6230781350441362e-02	  -1.2509768620229461e-01	   3.3406624803252516e-01	   3.2555956753135096e-01	   5.0762299141136310e-03	   7.9060186317618256e-02	  -9.6352209300602662e-02	  -9.9927151484535029e-02	   8.6622985441391243e-01	   6.8964341112188488e-01	   5.0891686675490311e-01	   4.8257327854176180e-01	   3.7564645092185922e-01	   2.2801995952325160e-01	  -2.3073384068326938e-01	  -3.7412793012721313e-01	   6.6017221192432715e-03	  -4.8687724812060476e-02	   9.3616192453606750e-02	  -1.1434409661390532e-02	   1.5865670101446516e-02	   1.1592626654418657e-01	   1.4977342067883073e-01	   2.4549963990981050e-01	   2.5483261281561226e-01	   2.6983231841104821e-01	   3.4970206286427169e-01	   2.6905723690322003e-01	   5.3397672957106368e-01	   4.4415169825210465e-01	   3.9509688983283076e-01	   2.5719449934561733e-01	   5.0209115140102201e-01	   4.4090654167603445e-02	   2.5999942088079375e-01	   1.0334247283690866e-01	   4.2824511750776123e-01	   2.2841242156454777e-01	   4.0140056919099687e-01	   7.4173275670561672e-02	   6.9855603456601045e-01	   4.6194946124107972e-01	   7.3979551279676459e-01	   4.7140229922335597e-01	   1.1623623152471386e-01	   1.4637247142814477e-01	   7.0380440856881041e-02	  -7.5461169148894267e-02	   2.2680736765617254e-01	  -4.5804647895006344e-02	   4.1397506027758701e-01	   1.2012582100344030e-01	   6.8365829001991174e-01	   3.0520617553612261e-01	   6.5247727048927273e-01	   2.9881115006902365e-01	   3.5778350705093005e-02	  -2.7825969693771252e-01	   5.4053891757378547e-01	   5.8775674583026072e-01	   5.2693376050504048e-01	   6.1931862544439165e-01	   1.2607753658374538e-01	   2.4630056413253767e-01	   3.4459465209854906e-01	   2.9200142071645974e-01	   1.0693181394228962e-01	   4.2715101911526249e-02	   2.6813581093555727e-01	   2.8493970048761963e-01	   1.4319644528093625e-01	   1.2816120154932042e-01	   7.4884243635529452e-02	   6.3404375034515265e-02	   3.7853963611343006e-01	  -3.6871146851460965e-02	   3.5353649701903506e-01	   2.6851835682249581e-01	   1.4206739125374748e-01	   9.0451401865976597e-02	   1.2192889915533439e-01	   1.2495923952103956e-01	   6.7296953261351405e-02	   1.3869739160420957e-01	   2.6698815973691736e-01	   2.9978005597099078e-01	   1.0654741797876371e-01	   8.5392779213230591e-04	   9.1620671551181795e-02	   2.7845763953272545e-01	   2.8933165120853060e-01	   8.4893677199007450e-02	   2.4086360838825477e-01	   1.7038963139130131e-01	   3.2432714649169270e-01	   3.4305099448010345e-01	
   6.8867477175609104e-01	   6.3018079531031268e-01	   8.5064921038797162e-02	   3.3513798138933437e-01	   2.5615167153227958e-01	   2.4786113292304440e-01	   4.8618380837824859e-01	   7.3886887593092287e-01	   4.5178913388894637e-01	   2.6051419663646486e-01	   1.0007660285260949e+00	   0.0000000000000000e+00	   6.6418689778249762e-01	   9.5325012854785818e-01	   1.5955861815180095e-01	   1.9236603640906555e-01	   6.7995861112495115e-01	   7.3310225104195248e-01	   2.4102047613500727e-01	   2.4746581087951655e-01	  -1.0838362381415202e-01	  -6.9520048121951922e-02	   1.3087338950772315e-01	   2.0303981056814593e-01	  -1.8728329946973679e-01	  -1.0282509326506534e-01	  -1.4613815107134953e-01	  -1.6874511055254238e-01	   8.0395887847462177e-01	   8.4913357828860137e-01	   4.2756364401277241e-01	   4.9982207398704281e-01	   4.8778690665763313e-01	   3.4191274967892638e-01	  -2.5612006131965070e-01	  -3.2866784424595485e-01	  -1.1870958023238141e-03	   7.2932363755798483e-03	   8.2819609599897856e-02	   3.8979455600222604e-02	   7.1921662281417623e-03	   1.6553719320801949e-01	   6.8055867228253797e-02	   1.6244284477152041e-01	   8.4181515907271014e-03	   1.3476340610125601e-01	   3.5857853847076648e-01	   3.4589417729179983e-01	   3.5286604787828513e-01	   3.8146137739360891e-01	   3.8876502827275805e-01	   3.3132907162795527e-01	   4.3911110595877911e-01	   2.9992354398767296e-02	   3.7125104386729874e-01	   2.4746826335970493e-01	   5.3744697879601522e-01	   5.4406979355421647e-01	   5.3195165747528694e-01	   4.4379971186859474e-01	   6.8084982459833143e-01	   6.8207107447418436e-01	   1.1082143477349482e+00	   9.3456151829610212e-01	  -8.7275343556816321e-02	   1.1430942883020423e-01	   1.0490191836973194e-01	   5.1587600129838519e-02	   1.9098982598419145e-01	   3.7896750036624530e-02	   3.1221198660522453e-01	   6.4758554918663572e-02	   7.0193632763587677e-01	   6.0917719275433901e-01	   6.9659703717803356e-01	   6.1976427579279736e-01	   2.8136179279708085e-01	  -5.5988154791990014e-02	   5.3902171649920594e-01	   7.8861709717332040e-01	   5.0639090968300071e-01	   7.0231567752625823e-01	  -4.5950929210372880e-02	   2.4998708916436407e-01	   1.2311271820206576e-01	   2.3493744422640872e-01	   3.6897586256327247e-02	   8.9655826406738220e-02	   1.4181986238372943e-01	   3.1755009048882349e-01	   1.5933889620802333e-01	   6.4877782943733836e-02	   9.5781696966715305e-02	  -4.9584820282710891e-02	   4.3674973863898625e-01	   1.1486259740816721e-01	   5.4757080965051497e-01	   5.3833388066289167e-01	   2.9936908003956642e-01	   2.3045905324831928e-01	   3.0805719934941683e-01	   2.9285852172069790e-03	   3.0859116137024528e-01	   1.8373895521009426e-01	   2.4635163930215626e-01	   1.0321594702357210e-01	   8.5272966883015569e-02	   7.7962547433412077e-02	   1.2598800983559416e-01	   3.6505405848515832e-01	   4.8521922868777556e-01	   1.6287969666195412e-01	   3.8481988268610318e-01	   1.6950236615717873e-01	   1.7019414374421227e-01	   1.1575696664049605e-01	
   7.1579475921903413e-01	   4.6646818445791061e-01	   6.7680241791597273e-01	   6.4542699237931200e-01	   5.3657382760973926e-01	   3.4073385882232138e-01	   8.7398679338324481e-01	   8.1316203492375183e-01	   9.7313024126719272e-01	   5.9939717690326644e-01	   1.1384466173226857e+00	   6.6418689778249762e-01	   0.0000000000000000e+00	   1.1195911900057254e+00	   7.3681609740862064e-01	   4.2304838861883809e-01	   4.4862072856668311e-01	   9.6489467767542442e-02	   5.1031373270617975e-01	   4.8353311599171456e-01	   7.7046438081776303e-02	  -7.1829697285997376e-02	   6.9029999562034550e-01	   6.6272585363942849e-01	   3.3750074213487508e-01	   3.9445121687518192e-01	   1.8732141822134535e-01	   1.2161238429460720e-01	   5.2996105511902969e-01	   4.1294503456188852e-01	   5.6204215036322325e-01	   5.4738829467014083e-01	   3.3494810678734044e-01	   2.5211308962425166e-01	   5.2289634267007619e-02	  -1.6648303570431366e-01	   3.6862016016512941e-02	  -7.0395761415966027e-02	   2.3636348106153524e-01	   1.5835506413331016e-01	   5.7291751699802565e-02	   1.7317814348182858e-01	   5.2951087609355119e-01	   5.5868790507538113e-01	   6.7076409343347021e-01	   6.3679868892540814e-01	   6.0072753141560120e-01	   4.7975238548869398e-01	   8.0644651409226609e-01	   7.1454445753071305e-01	   8.1001401893230940e-01	   6.2489166528824536e-01	   6.9528077467029314e-01	   3.1625660024983510e-01	   5.1638035472221766e-01	   4.1253408622442389e-01	   4.1922564153613140e-01	   2.1260400689572789e-01	   6.9635647198930861e-01	   2.1845596280409732e-01	   8.6810077978196398e-01	   6.1306763441989820e-01	   4.1432520831980618e-01	   2.1485577325202421e-01	   5.4119844753286572e-01	   6.1552309035914166e-01	   4.1449043689621190e-01	   2.3411795695123089e-01	   4.8829358398188405e-01	   1.7501387867869228e-01	   3.5152956765128035e-01	   6.3892306948492378e-02	   5.7742052190530746e-01	   1.7347115319794154e-01	   6.3602133585085818e-01	   1.6464921250027620e-01	   4.4441862190472317e-02	  -3.7133605295803890e-01	   5.2487823924809152e-01	   4.4758977423282825e-01	   4.9214532751566986e-01	   6.4488855498778030e-01	   2.1233102216893882e-01	   2.3413798738121969e-01	   6.0761271141276074e-01	   6.0776078366684794e-01	   2.5141953065739836e-01	   2.6009300557039972e-01	   5.8491228033676845e-01	   5.6989859512379049e-01	   3.2626023603170118e-01	   3.1031254096848915e-01	   3.1238095338904848e-01	   3.5625272913730183e-01	   3.8410304529586109e-01	   1.0104718275359076e-01	   3.9017786173099378e-01	   3.8902082543643596e-01	   3.2473609764163436e-01	   3.1880732537390116e-01	   4.2724794229440488e-01	   5.1405243099019793e-01	   2.2047221579480406e-01	   3.3616865640899629e-01	   4.2338692579639886e-01	   4.8011856159923377e-01	   2.6976708321406950e-01	   1.6122911057685907e-01	   5.3299359931593814e-02	   1.7363937647393007e-01	   2.7150801768098748e-01	   1.5455815196471817e-01	   2.3632645940815403e-01	   4.6130366895078934e-01	   5.4837604345924729e-01	   3.8545293206302889e-01	
