   0.0000000000000000e+00	   1.1659853969175606e+00	   7.1748989439937461e-01	   6.5727662800444486e-01	   6.1697854790114282e-01	   5.1235930425155385e-01	   8.5554934691322970e-01	   6.4294684201462593e-01	   5.4793182023384879e-01	   3.1143206137773816e-01	   9.1739113888351642e-01	   7.2703065760594754e-01	   1.1230381825993994e+00	   8.0512946401112140e-01	   6.6099216943286487e-01	   6.0549006672453154e-01	   6.2765610265522453e-01	   5.9715925681673365e-01	   7.8121639930034281e-01	   8.3212845528200530e-01	   6.9409211539452176e-01	   4.4051558887847658e-01	   5.5017332630007665e-01	   4.9185942063992816e-01	   6.1379080345144232e-01	   6.1303260830892825e-01	   5.2117692949015904e-01	   4.7935171288721862e-01	   4.7928959389055686e-01	   4.5936279770638311e-01	   4.4698752490527571e-01	   4.6300355493949163e-01	   7.4027746228843738e-01	   6.4138340849856845e-01	   3.2698832610601830e-01	   3.0506256910416157e-01	   3.8667584189890369e-01	   4.7671713567404561e-01	   4.8425575398104614e-01	   5.3439040681436389e-01	   8.5272026989068772e-01	   7.8473335006802902e-01	   8.5046204072005294e-01	   7.1297705628214902e-01	   4.8361931882502029e-01	   5.0190590605025209e-01	   8.3255305641939259e-01	   7.5140830378566348e-01	   7.1015976234098577e-01	   8.1272908434860769e-01	   9.7523580993983405e-01	   7.4023307306399166e-01	   8.6178598606108903e-01	   8.6398903803992466e-01	   7.2419190644123799e-01	   7.1715604105961028e-01	   1.2211300568130585e+00	   9.4956149432144976e-01	   5.7344328074677353e-01	   4.5372639217287536e-01	   7.2065534471819248e-01	   5.4743993379463274e-01	   4.2466174278998742e-01	   6.5757042546664290e-01	   5.5257407993874885e-01	   4.4564968409308026e-01	   5.4209210372209560e-01	   3.8343776358696002e-01	   1.1038295039209327e+00	   7.4761419666484241e-01	   3.8964136580285796e-01	   6.6268383958057051e-02	   8.2785364604034217e-01	   7.0126077971270384e-01	   9.2274904661225077e-01	   6.4722180459078416e-01	   9.5285079687037477e-01	   7.1950145099541263e-01	   6.5668081088422980e-01	   4.7916606036241460e-01	   9.5833236209807016e-01	   8.7685059455616521e-01	   8.5089512669286682e-01	   7.2918635940875520e-01	   7.9349834079498327e-01	   7.2023788512901621e-01	   4.5198231031415254e-01	   3.9188997327279934e-01	   6.7397826634492697e-01	   8.2072050222499460e-01	   7.6633557793310036e-01	   7.1054065439412073e-01	   6.3632366750930736e-01	   6.8421162816069769e-01	   2.8246345284957186e-01	   2.1855174308716480e-01	   8.8701943584757259e-01	   7.2505785186193761e-01	   1.0719758150956455e+00	   1.2326940438441554e+00	   8.5582241391422287e-01	   8.4810878169389259e-01	   9.6368898996834507e-01	   9.9644753635937600e-01	   7.4650375971984773e-01	   7.5984010377718469e-01	   8.9818470547282869e-01	   9.2459555924048431e-01	   1.2477584262229978e-01	   2.1362942342060856e-01	   5.4033701630703290e-01	   8.6035153975678857e-01	   8.7510361925335478e-01	   8.9963951186842328e-01	   7.6023877973115928e-01	  -1.1177749866798224e-01	
   1.1659853969175606e+00	   0.0000000000000000e+00	   5.7547917782250424e-01	   6.6992175135055076e-01	   4.0762680500482906e-01	   4.7455722109379683e-01	   5.8489570087668419e-01	   6.4123246785264798e-01	   3.4937978746349979e-01	   2.7873218680283990e-01	   6.9682224845352525e-01	   7.7748477586808540e-01	   7.4587237250100424e-01	   8.4484858638387428e-01	   5.3896652121252853e-01	   5.1696546103888696e-01	   6.0726332529338922e-01	   5.7194782551682544e-01	   8.2574039208910599e-01	   9.8106117296447115e-01	   4.7097407117684326e-01	   1.9828158507079754e-01	   5.2599077727087107e-01	   4.7586592048841214e-01	   5.1217246129544081e-01	   5.2899883402909753e-01	   4.3708422818001291e-01	   3.8838536280202540e-01	   3.2245503219882704e-01	   3.8782017246257594e-01	   3.2054839085560566e-01	   3.7495299709958613e-01	   7.3601744959147175e-01	   7.5641542034092524e-01	   3.2408704611260869e-01	   3.3928414233037296e-01	   3.4431974136939447e-01	   4.4880356051882286e-01	   4.7185303864096428e-01	   4.6144195809242372e-01	   8.7176923128549344e-01	   8.0397894932900871e-01	   8.7451291331123637e-01	   6.7948880341824824e-01	   3.2929440027439405e-01	   3.9206266799833883e-01	   7.4379540958925106e-01	   6.7436694491091698e-01	   3.9961553486053120e-01	   5.5618639976864681e-01	   5.7380534026290242e-01	   4.6993268042743519e-01	   6.6083474328930769e-01	   5.8858727315493842e-01	   6.1892604529245565e-01	   5.9325663920842564e-01	   1.1158884297311926e+00	   1.2857431073221923e+00	   3.4390491495202824e-01	   5.4541443052876593e-01	   5.8155081981913159e-01	   7.6720948919339504e-01	   3.9166395667783477e-01	   7.1130957821681384e-01	   5.9087793666261335e-01	   5.0407855118636946e-01	   3.4044397587131381e-01	   2.9414512603582249e-01	   1.0883793856129027e+00	   8.4568519245360485e-01	   2.9554746080221611e-01	   1.1656320584867012e-03	   7.2902164486619359e-01	   7.0881359029262747e-01	   9.2500476303576362e-01	   8.4124027969659521e-01	   8.3160654987021576e-01	   7.2367173394702511e-01	   7.0576312567907207e-01	   5.2785240283068202e-01	   8.6024910489401263e-01	   7.2337825873205897e-01	   7.5520283991141568e-01	   6.3151647631900421e-01	   7.1423679033116272e-01	   6.1891753061941135e-01	   5.0505270268827551e-01	   4.8104595939360029e-01	   6.5793023323772470e-01	   8.2238095364786423e-01	   6.8101750067580258e-01	   5.1508290438528881e-01	   5.8576786622680155e-01	   5.2348856177651459e-01	   1.8602606883937933e-01	   2.0791505156520806e-01	   7.0030914204116634e-01	   5.7315914506595267e-01	   8.9073156771809936e-01	   7.5534107183864629e-01	   8.7359186935044009e-01	   6.4490860801283678e-01	   9.6294829920616465e-01	   6.7572819259179540e-01	   6.0704888280303804e-01	   4.7489950846468787e-01	   7.9148044460068334e-01	   6.0082321612085665e-01	   2.1151520615888521e-02	   1.3738329957747511e-01	   4.7835647363123657e-01	   7.5143312406402307e-01	   6.3622503105787143e-01	   6.7804058720676763e-01	   5.8999166358953858e-01	  -1.2530311454633314e-01	
   7.1748989439937461e-01	   5.7547917782250424e-01	   0.0000000000000000e+00	   1.2504048187987868e+00	   9.6906015335722950e-01	   6.5044790045023182e-01	   1.2144709061276147e+00	   8.4164541667794568e-01	   7.5853902061386713e-01	   5.0306371287129159e-01	   7.4032808795947269e-01	   1.5806053267635237e-01	   8.1050751032585511e-01	   4.2370930642938442e-01	   1.0415086995000640e+00	   8.4756854310869456e-01	   2.6184138511287203e-01	   2.0700210936790803e-01	   1.1350338029803275e+00	   9.6091277546450160e-01	   6.7234761393679343e-01	   6.0484610881292000e-01	   1.4128288875243755e+00	   1.2118093696165984e+00	   1.1893100847238232e+00	   9.3109915471069382e-01	   8.4400206394593014e-01	   8.7570967565494739e-01	   2.6734405123047167e-01	   1.5178396967894484e-01	   8.3691222576105939e-01	   8.7737514199081978e-01	   9.0843949020967052e-01	   7.7566196599062809e-01	   5.0582212310555630e-01	   3.0755835491181222e-01	   7.3207723526771906e-01	   8.3920815321256370e-01	   7.3060021288959454e-01	   9.0680432475357486e-01	   7.8806842631048313e-01	   7.9476175427039242e-01	   1.0833796274602383e+00	   8.9042684612068945e-01	   9.0929185259934264e-01	   9.1765732346694850e-01	   9.8314414924775606e-01	   8.2364433239585455e-01	   7.8748030071790343e-01	   5.9959072491906484e-01	   4.8695674267307609e-01	   2.5503115769889312e-01	   5.3417677532040675e-01	   9.4399857019215716e-01	   7.8925277462858223e-01	   7.8336956049344197e-01	   4.0841106597003957e-01	   4.1781117191366207e-01	   3.1607878351971802e-01	   1.8203810191480749e-01	   3.8625068505918558e-01	   4.8084753698753763e-01	  -8.3140816090972236e-02	   1.0784432655229992e-01	   1.0720091538428105e+00	   7.5197852551782962e-01	   8.8083784466135850e-01	   5.4972501963271414e-01	   1.1159907510450575e+00	   8.7070512775546005e-01	   4.2659314491969286e-01	   3.0959468208584257e-01	   5.5461681638634319e-01	   3.1102533883583022e-01	   5.9797174065035574e-01	   4.5113884929443715e-01	   7.0777422205166962e-01	   3.0165114670072563e-01	   2.5843427406263442e-01	   1.7834379195395245e-01	   5.3552100973918604e-01	   5.9230668843963019e-01	   1.0570202424103039e+00	   7.3704703942198468e-01	   1.1983473596442948e+00	   9.3716237798279789e-01	   1.0480539852340875e+00	   8.8015465225382683e-01	   1.0863633291589476e+00	   9.0795053175659302e-01	   1.1391280628922298e+00	   1.0426028473555649e+00	   9.5141928599383874e-01	   1.0138347014831421e+00	   3.0334908358405410e-01	   2.5476050382176302e-01	   6.9848479609908842e-01	   5.2486910199393422e-01	   8.4058767294899617e-01	   7.6052236615652891e-01	   5.6988630430301856e-01	   7.2726810401880060e-01	   7.5858948569144824e-01	   6.7326992994420221e-01	   5.3136859357577126e-01	   7.3998773042449129e-01	   7.4779895139209285e-01	   4.8547674170175392e-01	   2.5427889589912073e-01	   1.5668784333379293e-01	   4.6921357914345702e-01	   8.3738575416580663e-01	   6.2111378143690410e-01	   5.2500747735058162e-01	   5.7445154976273671e-01	  -1.5030792126483553e-01	
   6.5727662800444486e-01	   6.6992175135055076e-01	   1.2504048187987868e+00	   0.0000000000000000e+00	   8.7925382946623998e-01	   9.9406763277048982e-01	   8.3834526916890051e-01	   1.3761975130626016e+00	   6.8809491300814019e-01	   7.6536815077466880e-01	   5.2418676151783439e-01	   4.0073533333729422e-01	   6.2371295804094906e-01	   6.6170894398027946e-01	   8.5697728593408196e-01	   9.8982935705750053e-01	   2.4647603014650665e-01	   1.0689729535600827e-01	   8.9230810577572051e-01	   9.3685852536076875e-01	   7.4407352949280181e-01	   6.3868387250385994e-01	   1.0039793670278698e+00	   1.1279011358784892e+00	   9.5142819806817325e-01	   1.0770816071850091e+00	   7.4928036968300982e-01	   7.6350558584422523e-01	   1.1744806132746030e-01	   6.4592852035233211e-02	   6.3319933302163600e-01	   8.5511957629625712e-01	   7.5542184268264900e-01	   9.2099606951549873e-01	   4.5475948977189784e-01	   4.0139384555655866e-01	   6.8748064380929008e-01	   8.2318452001770581e-01	   8.2174134108185126e-01	   9.9440545351016185e-01	   9.1218584032142491e-01	   7.9584865680088279e-01	   1.0679569046507302e+00	   1.0017709618717947e+00	   7.4467271268465707e-01	   8.0792128980840561e-01	   8.7895175989206942e-01	   8.3053058921105261e-01	   6.4877851806382048e-01	   6.6308897618519824e-01	   5.0614546825972972e-01	   3.6956287016298861e-01	   6.9293423785646246e-01	   1.0191409947056342e+00	   9.0062671723621268e-01	   9.5399257431722884e-01	   4.8353266806653339e-01	   5.4289192395491837e-01	   3.4608594132904136e-01	   4.9475713083549777e-01	   3.8099750071014438e-01	   9.1028996561038222e-01	  -1.4740803221687229e-01	   1.5406267934405221e-01	   1.0332681749515913e+00	   1.2437660648943030e+00	   7.4844960178673758e-01	   7.4577691479397434e-01	   1.0744585887863289e+00	   1.1103057924333954e+00	   4.1841533685750720e-01	   3.6935904305084671e-01	   4.5228998313733049e-01	   2.6321064984742554e-01	   5.4898302121064479e-01	   4.5405345969326888e-01	   5.4819062980357969e-01	   3.1715292575990139e-01	   2.7845889880330066e-01	   1.4335256962305223e-01	   4.7180270199641561e-01	   5.1169908131625408e-01	   8.7760583357882960e-01	   5.7939345279509513e-01	   9.8382588560673234e-01	   1.0246081445553532e+00	   9.5984120954611174e-01	   8.3312127159983729e-01	   1.1593903847921196e+00	   1.1576322062156819e+00	   1.2703810278882646e+00	   9.2101952745511617e-01	   1.1885603465679888e+00	   8.3286872487746222e-01	   2.2547217070522116e-01	   3.0349936594118615e-01	   6.6011957049565151e-01	   5.4914629427564599e-01	   9.0069944648971689e-01	   6.8371773465938890e-01	   8.1643258381722761e-01	   6.9200008069706653e-01	   8.0572243337358762e-01	   6.2805925381699823e-01	   6.6188123945885402e-01	   5.5874557766305610e-01	   8.7436300825729141e-01	   5.0309578137493172e-01	   1.3929408959000217e-01	   5.8807582592581599e-02	   4.1056342136140672e-01	   8.3025349936985415e-01	   6.4945495371190121e-01	   6.1181503206030063e-01	   6.0131412579473542e-01	  -1.1078847335222808e-01	
   6.1697854790114282e-01	   4.0762680500482906e-01	   9.6906015335722950e-01	   8.7925382946623998e-01	   0.0000000000000000e+00	   1.0278060899716044e+00	   9.8467791734956533e-01	   7.9833737175733788e-01	   1.1558447700466541e+00	   7.5748652576004116e-01	   5.2844778842504425e-01	   1.8595516441209842e-01	   6.8914437714380083e-01	   4.2359271039507534e-01	   9.1201128336514725e-01	   7.6739318783071375e-01	   1.1546248525719721e-01	   3.7140532828931865e-02	   7.3300494003948358e-01	   6.4681039788743744e-01	   9.3284848886408134e-01	   7.8643751907182968e-01	   7.3095509286601146e-01	   7.0505583694427443e-01	   7.9315005990036302e-01	   9.4267317863353284e-01	   6.8277578602706102e-01	   6.6980784839527685e-01	   2.6868111134721823e-01	   9.5704825435996121e-02	   7.1961156422082839e-01	   8.7333769184104160e-01	   6.6309361950178924e-01	   6.9473159637181836e-01	   2.7304763926146319e-01	   2.0635491310214260e-01	   5.3275778755373393e-01	   5.3945692501511333e-01	   7.5595771284596314e-01	   7.8939049941238482e-01	   8.0890565054839869e-01	   5.1256905421305243e-01	   5.9591300792429669e-01	   4.7346991591779097e-01	   7.8664173869240783e-01	   6.6107556660540046e-01	   5.5914239337615801e-01	   4.9927030608298451e-01	   7.4270457590838834e-01	   6.2320105894321653e-01	   6.3131680239459853e-01	   4.0190494330101101e-01	   6.0157331127141367e-01	   7.0648318631630813e-01	   7.5330153269906919e-01	   6.7100705252515636e-01	   3.8808719353087590e-01	   3.8960213444658970e-01	   5.8697189983696663e-01	   3.6457907586523330e-01	   5.1128052119686651e-01	   4.2569701170967278e-01	  -4.1643397710236417e-02	   1.5837599547434875e-01	   5.5907919462242384e-01	   4.9556504266637080e-01	   9.7790369414757339e-01	   7.3448142052343957e-01	   8.8784980037750394e-01	   8.7598907213859611e-01	   2.1562947599106888e-01	   1.1552020584117700e-01	   3.5115349292207687e-01	   8.1384312986320928e-02	   3.9448123560429127e-01	   2.7631278573721657e-01	   4.2969125933322394e-01	   1.5545287465149732e-01	   8.1845732887856529e-02	   3.2520088644583986e-02	   3.5290689524990992e-01	   4.3012825889443046e-01	   8.8942806162056609e-01	   5.5314721116092402e-01	   7.3363641691932691e-01	   7.6997911730303348e-01	   6.0872172578314843e-01	   5.6726593810259562e-01	   8.8076197529761613e-01	   8.6516285237674251e-01	   9.0504404978687025e-01	   9.1465315586064788e-01	   8.1688390853826132e-01	   8.8530074295064987e-01	   2.3155747128269966e-01	   2.0257354891652266e-01	   5.0204009669697236e-01	   3.2998804170386475e-01	   6.6901114104495696e-01	   6.5590285448976782e-01	   6.2878715457863310e-01	   8.7961269174224843e-01	   6.6721925004578797e-01	   7.9073866406284454e-01	   4.4470863406030348e-01	   4.8912001399852501e-01	   8.6353288395811645e-01	   4.3153332462219318e-01	   2.2117183943539948e-01	   6.3098383680175910e-02	   2.8144990216323146e-01	   6.1502079984713076e-01	   5.9219431356492980e-01	   4.5925082331047568e-01	   4.3094681359915521e-01	  -2.5295751299207259e-01	
   5.1235930425155385e-01	   4.7455722109379683e-01	   6.5044790045023182e-01	   9.9406763277048982e-01	   1.0278060899716044e+00	   0.0000000000000000e+00	   4.8578826915810236e-01	   9.2621013371435224e-01	   6.7455482549814105e-01	   9.6401444326723729e-01	   2.6831799093921732e-01	   3.6908474004942615e-01	   4.7868770609284239e-01	   5.9921866784692623e-01	   6.7730305992783846e-01	   9.3540717790837202e-01	   9.3341355782663560e-02	  -6.3888363097828083e-02	   5.1809336633016301e-01	   5.3666447085086721e-01	   1.0033950007199048e+00	   8.6164214517680260e-01	   6.4650952036905751e-01	   6.9664911941993812e-01	   8.1833254136943112e-01	   1.2094113829790762e+00	   8.3974293207752415e-01	   7.7654003469459587e-01	   3.0024423964995901e-02	  -1.1400202095010603e-01	   4.5035905050498876e-01	   7.7006719975910476e-01	   4.2796897504811038e-01	   6.1698564897719244e-01	   4.3554965918165989e-01	   4.4246675159510207e-01	   6.1592460352273937e-01	   6.8554878095108363e-01	   8.5091746338454421e-01	   9.3091174821364864e-01	   8.2625954773873167e-01	   5.7854221119303084e-01	   5.8984194136078139e-01	   4.8982466233045585e-01	   5.4825820918929913e-01	   5.1953275406611832e-01	   4.4367171440040576e-01	   4.4600492693519722e-01	   4.5169156068179417e-01	   6.0139761155125715e-01	   4.4808755786309312e-01	   4.3369558103455441e-01	   6.2406066308883901e-01	   6.7776012261288743e-01	   8.5509733186614356e-01	   8.0744248605371038e-01	   3.5206459037977061e-01	   4.6051504230728818e-01	   4.0212434462738478e-01	   6.5935150947047150e-01	   3.3803175879189312e-01	   7.8753457892021328e-01	  -1.9987349884941130e-01	   3.3415958079963559e-02	   6.8411176986624900e-01	   8.2792559600299098e-01	   6.2408642506356737e-01	   6.8759771790896718e-01	   7.3380415482425143e-01	   8.6886606136509514e-01	   1.8610666864071390e-01	   2.0788724886788029e-01	   2.7227239989005869e-01	   3.1090030454799134e-02	   3.0327646226684002e-01	   2.5381664507047391e-01	   2.9940814166723984e-01	   8.2355965167430711e-02	   1.5512814723987131e-01	  -4.3212720932744371e-02	   3.4452092868100032e-01	   3.1932077271455406e-01	   6.9827125286796565e-01	   4.1994302079840634e-01	   6.4281244617578159e-01	   6.3290025585038767e-01	   5.4391234495292728e-01	   5.5548991696264971e-01	   9.9356779440037224e-01	   1.0781329923350349e+00	   1.0096901008016199e+00	   8.5341428982981804e-01	   1.1220239497228166e+00	   8.8147419333085086e-01	   2.1913579729883062e-01	   3.1196418796196856e-01	   3.6638270770350012e-01	   2.9897351439356201e-01	   7.0648186495281184e-01	   6.0812729810822408e-01	   8.6004687774767297e-01	   8.1845411972787419e-01	   6.5718234122351937e-01	   6.1564150485797042e-01	   5.6182765913910981e-01	   4.3789464193900285e-01	   9.4091123122841924e-01	   4.5102612579937496e-01	   1.7198624722562933e-01	  -8.4471325243283435e-02	   1.6180554843659314e-01	   6.5289651508633351e-01	   5.7529958051129759e-01	   5.5160745043238968e-01	   6.1323168817994378e-01	  -1.6513377551922453e-01	
   8.5554934691322970e-01	   5.8489570087668419e-01	   1.2144709061276147e+00	   8.3834526916890051e-01	   9.8467791734956533e-01	   4.8578826915810236e-01	   0.0000000000000000e+00	   8.6741912465910176e-01	   7.7863096923801056e-01	   3.4363674831011654e-01	   1.2383428904204392e+00	   3.8561686536847706e-01	   1.2311485407001981e+00	   5.4552026502247519e-01	   8.4748369255960188e-01	   6.0561615913054079e-01	   4.5623249318706205e-01	   4.5217748888039405e-01	   1.1402465622496822e+00	   9.9564430495779210e-01	   6.5732420110003553e-01	   5.3345386376339110e-01	   7.9927435649345402e-01	   6.4613981073761484e-01	   6.2783605075429350e-01	   5.5072504122067611e-01	   4.4790781682908359e-01	   4.7989066351776877e-01	   6.5906102622374929e-01	   4.9877363888735682e-01	   8.8738690625229366e-01	   7.2033295948861276e-01	   9.9077648083901682e-01	   9.0087482785019013e-01	   1.2290006250682745e-01	   1.0199736795609789e-03	   2.9252186802742802e-01	   4.5004554197244545e-01	   4.1138786021559692e-01	   4.6795086280603271e-01	   6.6005588657442504e-01	   5.8191761652249518e-01	   8.2059533415534336e-01	   6.9581144152138941e-01	   7.0606883396306375e-01	   7.2867645972806827e-01	   9.9777902898643023e-01	   8.2576168805719807e-01	   9.0659409473922226e-01	   6.6285651980921190e-01	   7.4927361925137081e-01	   4.1212570688569927e-01	   6.1690364124220631e-01	   8.7775321879769330e-01	   5.3618987389932538e-01	   5.2686751243748109e-01	   5.4594790765501711e-01	   4.4986511588802119e-01	   5.2041487540340592e-01	   1.8213025874246405e-01	   7.5493828274970376e-01	   4.1420214489918378e-01	   2.1700299049440350e-01	   4.5488258343627902e-01	   6.7990010490600994e-01	   4.6994922936211270e-01	   8.1746527324784868e-01	   4.8555996968419857e-01	   9.8623271968878701e-01	   7.3182814936564178e-01	   6.0487126271376268e-01	   2.8634168696706530e-01	   8.2024776568105073e-01	   5.9544746536386206e-01	   8.8440093124328367e-01	   7.0326595117617052e-01	   8.3399535376266964e-01	   4.5345611606386393e-01	   4.7501439030814108e-01	   4.5421556677629615e-01	   6.9376424025877526e-01	   8.7034041249558181e-01	   9.4284271145049048e-01	   6.9388865816113610e-01	   9.1671891453430676e-01	   9.9827139213872595e-01	   5.5176428973452607e-01	   4.3526521523437156e-01	   6.5126246335239646e-01	   6.0599358644325196e-01	   8.4486030403181955e-01	   8.3802846815114218e-01	   6.4975578198085671e-01	   7.3611456971588829e-01	   4.0234852110788760e-01	   3.0841691407670790e-01	   7.7628733040853926e-01	   7.1353266639406365e-01	   8.3761646272519774e-01	   9.0878896902115036e-01	   5.2511313698192086e-01	   7.3133527223720718e-01	   7.0268840079869577e-01	   7.7485985751138564e-01	   4.9455174634032689e-01	   6.0788718834455890e-01	   6.3723659158217871e-01	   6.0498180141308022e-01	   3.1138560409517752e-01	   3.7284646952618350e-01	   5.1839400868421626e-01	   8.5834781076647715e-01	   7.7195026921855270e-01	   6.2434185651956897e-01	   5.0846534560344225e-01	  -2.3851355062001246e-02	
   6.4294684201462593e-01	   6.4123246785264798e-01	   8.4164541667794568e-01	   1.3761975130626016e+00	   7.9833737175733788e-01	   9.2621013371435224e-01	   8.6741912465910176e-01	   0.0000000000000000e+00	   6.6674874520677174e-01	   7.7204452541336044e-01	   6.3235452569860007e-01	   7.1108983016960070e-01	   7.5730493842007474e-01	   1.0028688374427399e+00	   7.6839088437946168e-01	   9.6921650485688016e-01	   2.9368704582730121e-01	   1.8297576589114081e-01	   8.5364832403668411e-01	   8.6376225095397841e-01	   8.6684959963756869e-01	   6.6873826295317573e-01	   7.2821203520251687e-01	   8.2236384882798097e-01	   6.0967265769799628e-01	   7.9255731293951215e-01	   4.5171944295087596e-01	   4.4356763213955225e-01	   3.1750618745315240e-01	   2.3643457333661150e-01	   6.6517093676569650e-01	   7.6765059300958871e-01	   7.4842494366873313e-01	   9.9515293029992624e-01	   2.8362827479859498e-01	   2.9522289383265554e-01	   4.2687736725710868e-01	   5.4838416176294680e-01	   5.7003102245313597e-01	   6.4295798818351213e-01	   7.7991771612702843e-01	   6.5472144969596602e-01	   9.0456426272556656e-01	   7.8377562162976988e-01	   6.0174161382257063e-01	   6.1808034476021423e-01	   8.0629783470622141e-01	   7.5021333667959145e-01	   6.1660528773505607e-01	   6.2429764968673440e-01	   5.9168382162453870e-01	   4.1412972710966373e-01	   7.8159343249021496e-01	   9.5462499922649280e-01	   6.2313376362120421e-01	   6.1446675087460878e-01	   4.4952722363999142e-01	   5.4695765556851128e-01	   3.8713867923085188e-01	   5.9568781340559585e-01	   4.7410253044719491e-01	   1.0951359469596600e+00	  -3.0137617726451876e-02	   3.2683066719940990e-01	   6.9753425856078455e-01	   9.9445094814333446e-01	   6.6451543053553952e-01	   7.0219705533658283e-01	   8.7777250319651334e-01	   1.0040753909195306e+00	   5.4728123690569996e-01	   3.6616187450843052e-01	   5.9826239673781922e-01	   4.0600210711858037e-01	   6.7118447063745734e-01	   6.1898080609804074e-01	   5.5136200051697104e-01	   4.0711801498623945e-01	   3.8788527163734332e-01	   2.2984330271374981e-01	   5.5096613119183835e-01	   5.5676402857216645e-01	   8.1311728008180162e-01	   5.5385037063521758e-01	   7.9069618742739700e-01	   9.3330768867069336e-01	   6.0372060933393568e-01	   4.7629760558031631e-01	   7.8459084518239330e-01	   8.5313913444094003e-01	   1.1829018056227618e+00	   8.3553466146154143e-01	   1.0793478916631560e+00	   6.9018708733873191e-01	   2.1178282058809347e-01	   2.8013766049397493e-01	   5.5831559803430375e-01	   4.9310655146643501e-01	   8.7906877035781106e-01	   7.1535222174093138e-01	   9.0007480512427962e-01	   6.7608098020297402e-01	   7.5608166715223390e-01	   6.3786929567956563e-01	   5.9694907181601320e-01	   4.2523601928869481e-01	   7.8709749244663174e-01	   5.8054785779221729e-01	   1.1685858208424976e-01	   9.6320392706132810e-02	   3.1100015384318114e-01	   8.4796150586660435e-01	   7.7860602084592501e-01	   6.8694994590587866e-01	   5.4522528318063546e-01	  -1.0778291201353096e-01	
   5.4793182023384879e-01	   3.4937978746349979e-01	   7.5853902061386713e-01	   6.8809491300814019e-01	   1.1558447700466541e+00	   6.7455482549814105e-01	   7.7863096923801056e-01	   6.6674874520677174e-01	   0.0000000000000000e+00	   9.8424494193028167e-01	   5.0687625835105143e-01	   1.9343663740983136e-01	   6.6042852957327247e-01	   4.4352357043159280e-01	   1.2530781690447872e+00	   8.5362766838835491e-01	   1.8555676942204868e-01	   1.2353163756041179e-01	   6.7461090056619066e-01	   5.8858466429356326e-01	   7.8927013420377645e-01	   8.3486461444715621e-01	   6.3739457787398124e-01	   5.9588563777443460e-01	   6.0282255718422006e-01	   6.6531871312085900e-01	   4.7964583473405009e-01	   4.5478405123296306e-01	   3.9809462720467276e-01	   2.9325312473559506e-01	   6.6040976787292194e-01	   6.7618895774470678e-01	   6.3880592231554656e-01	   5.7997814039988427e-01	   2.7983690472544281e-01	   2.4541340750738225e-01	   5.7160464920417597e-01	   5.5626907778110346e-01	   6.4064604486586718e-01	   6.8924485262464219e-01	   7.7230949338030652e-01	   6.6462631641902603e-01	   4.2613046843916591e-01	   3.4447192311000502e-01	   6.4651206142645135e-01	   5.6233817955536081e-01	   5.3763259648245110e-01	   4.5888070422308469e-01	   5.4996025229874212e-01	   4.0560364166944113e-01	   4.3100203358086125e-01	   2.7000927678604281e-01	   4.0871634112836608e-01	   5.9261101451892584e-01	   5.9691635933321407e-01	   5.4961241519223014e-01	   2.6879399175001017e-01	   3.1883913401180408e-01	   2.8525954495302558e-01	   1.6015654870390439e-01	   3.1762650436639395e-01	   3.5813916892813558e-01	   4.6538876395593946e-02	   3.2810779065707102e-01	   4.8178190557381051e-01	   3.8585445771293270e-01	   6.6194278047816124e-01	   5.2054489259149572e-01	   7.1200741426967373e-01	   6.7438892824517727e-01	   1.8167499111382801e-01	   4.6628499922156404e-02	   4.1499863946897686e-01	   1.8346216306348095e-01	   3.6415922140350021e-01	   3.1543622768488722e-01	   4.7947445873043976e-01	   3.0665880055175060e-01	   8.7058457025170233e-02	   8.1519923420012463e-02	   4.1637840249792912e-01	   4.4785364487220736e-01	   9.0176133308523632e-01	   6.5200790119000973e-01	   6.8846182558391766e-01	   6.1690655246346027e-01	   5.1246062651747559e-01	   4.8811469572802835e-01	   6.6629135711802956e-01	   6.7941281003680343e-01	   7.9041087420945721e-01	   7.7860876205023288e-01	   6.2803138328114283e-01	   7.0080586727289129e-01	   3.8564574637153529e-02	  -6.9772490097272127e-02	   4.6114631967234143e-01	   2.2012204639360738e-01	   6.4247653161301332e-01	   5.7335686297562127e-01	   4.9209156459832731e-01	   5.7210558520740595e-01	   6.2496547768442690e-01	   6.3399042315047693e-01	   4.3723295708696353e-01	   5.0695966181754215e-01	   6.9470326134579530e-01	   3.6420531427488623e-01	   1.2152644710255149e-02	   3.1141167789488569e-02	   2.4621896121144141e-01	   5.3983615736893498e-01	   5.5235443200963152e-01	   3.7699902435969057e-01	   3.5430619882297409e-01	  -1.8683154605685698e-01	
   3.1143206137773816e-01	   2.7873218680283990e-01	   5.0306371287129159e-01	   7.6536815077466880e-01	   7.5748652576004116e-01	   9.6401444326723729e-01	   3.4363674831011654e-01	   7.7204452541336044e-01	   9.8424494193028167e-01	   0.0000000000000000e+00	   1.4155508558447347e-01	   1.9115121025073048e-01	   3.3346604086902804e-01	   4.6140108487532927e-01	   8.6064145032475003e-01	   1.0998553448467248e+00	  -1.3430172238319299e-02	  -1.2216300658478507e-01	   4.8017294312319286e-01	   4.5956377779848784e-01	   6.4304484682107188e-01	   7.4230280700740447e-01	   5.4424938602531259e-01	   5.9610615249319709e-01	   5.2374466181199020e-01	   7.0874464721450958e-01	   4.8174061246963307e-01	   4.2418449547868481e-01	   9.8032220505455021e-04	  -8.2970855824832813e-03	   3.0356434052131787e-01	   4.3078907732587518e-01	   3.5053430918190986e-01	   4.9731121162244357e-01	   3.0438094270439375e-01	   3.2093440654845662e-01	   5.5728487214811961e-01	   6.0901871266995111e-01	   5.4493425087752212e-01	   6.5416880897188445e-01	   6.7910600953993772e-01	   5.4024622475427075e-01	   3.2921285215092977e-01	   3.3483524089543659e-01	   4.9412724725250501e-01	   4.6969762096270640e-01	   3.3487445137640831e-01	   3.7577719685124489e-01	   3.1420453266418247e-01	   3.2428244116230853e-01	   1.6111912026536296e-01	   1.9416338635055508e-01	   3.6916910375628020e-01	   5.3545513385981880e-01	   5.6140537524255041e-01	   5.3179927787269443e-01	   1.2071008806218968e-01	   2.6446674681713905e-01	   1.1643994763060339e-01	   3.1364929553985477e-01	   1.2259499841084290e-01	   6.3786143227219116e-01	  -2.6378311921251002e-01	   3.8494076292286197e-02	   5.6376850363941233e-01	   6.5662835719607493e-01	   3.5875098345671025e-01	   4.4387416999039214e-01	   5.0354034027737482e-01	   6.3797762317883622e-01	   1.0124344445313183e-02	   7.1419462586504834e-02	   1.3031617693233816e-01	  -4.2020244820165087e-04	   1.1872165671907897e-01	   1.5237003401841387e-01	   1.9318360976922683e-01	   9.9949933539702329e-02	  -4.9013109161126681e-02	  -9.2677753250404935e-02	   1.8899350364848547e-01	   2.0130027811161177e-01	   5.9625064694266627e-01	   4.0765278801122717e-01	   5.4746944833147104e-01	   4.4857196706028130e-01	   5.3790897033964313e-01	   4.8313738561871089e-01	   7.0537531885324423e-01	   6.7010400467670428e-01	   8.0162688823980865e-01	   6.7142210332042418e-01	   7.4189070176916805e-01	   5.8088422280199192e-01	   5.6135613208921652e-02	   8.7192113248952055e-02	   2.6134360847575616e-01	   1.4615197171409464e-01	   5.5151255949453648e-01	   3.9419625241018358e-01	   4.9369361573304865e-01	   3.6952374130802840e-01	   4.7134591021692324e-01	   3.5215522047447373e-01	   3.5910391235207084e-01	   3.2971862050063511e-01	   5.6270272116229170e-01	   2.3832020036620458e-01	   1.3863257775016409e-02	  -1.0544303472351824e-01	   1.3811575119119698e-01	   5.0837526527838472e-01	   4.4576000648973557e-01	   3.5601322111011274e-01	   3.8827997249703128e-01	  -1.5049547164493710e-01	
   9.1739113888351642e-01	   6.9682224845352525e-01	   7.4032808795947269e-01	   5.2418676151783439e-01	   5.2844778842504425e-01	   2.6831799093921732e-01	   1.2383428904204392e+00	   6.3235452569860007e-01	   5.0687625835105143e-01	   1.4155508558447347e-01	   0.0000000000000000e+00	   6.5692694523363793e-01	   1.6737714863812945e+00	   7.3853914719635450e-01	   6.9129671292838712e-01	   5.0724057396722821e-01	   7.6613629421732743e-01	   8.0142147017690968e-01	   9.5707549801254743e-01	   8.9172976166518481e-01	   5.0769478368512289e-01	   3.2272015177101820e-01	   6.1400270747459773e-01	   4.0292015578814261e-01	   4.4997545804387806e-01	   3.2456357908306765e-01	   2.7235234912676137e-01	   2.4437928205136319e-01	   9.4711536119300832e-01	   8.3704691064443371e-01	   8.2853897677068278e-01	   5.4383672100207325e-01	   9.9947387927978792e-01	   7.9676375973811209e-01	   1.0528611576588502e-01	  -2.8056335405916403e-02	   1.4544368273424152e-01	   3.7170028359624518e-01	   2.4393518468948544e-01	   2.8693381308840410e-01	   5.1110386508561123e-01	   5.7056458974144997e-01	   7.3866389853042203e-01	   5.6953156720992815e-01	   3.7372024298322026e-01	   4.1254861808432303e-01	   9.3859365572418252e-01	   7.4952850914768132e-01	   5.6067917422488800e-01	   4.7170398969282956e-01	   6.2740389609233727e-01	   3.6086794053013371e-01	   5.9058343568260441e-01	   7.1073011463503277e-01	   4.1966950628954547e-01	   3.7016908774318541e-01	   6.4248440583133459e-01	   5.8312299271163170e-01	   4.9237532160547287e-01	   1.9753822568795865e-01	   7.9393266163832410e-01	   3.6415535923840875e-01	   5.3004935854026292e-01	   6.7037882269868487e-01	   5.5328742671286846e-01	   3.0942605917349020e-01	   5.4844228276921136e-01	   2.4650847220682193e-01	   7.7823055681326780e-01	   5.4092592851778887e-01	   5.7772384772017071e-01	   2.3271093775542775e-01	   1.0141978777577623e+00	   8.6338286625981076e-01	   1.0347486065900389e+00	   8.5689702877777407e-01	   1.1287026978347940e+00	   6.1057398582174127e-01	   7.9939166428511443e-01	   7.3327732484422481e-01	   9.1718761927984560e-01	   1.0432087386584195e+00	   8.0265669931738559e-01	   7.4204223605090436e-01	   7.8285336570080055e-01	   7.4816097319301822e-01	   3.7470894976733604e-01	   2.7021604288027251e-01	   4.6266907120407641e-01	   4.3166255175403961e-01	   6.5843854611411978e-01	   6.6390514316191318e-01	   4.9924496473674657e-01	   5.8743913897878353e-01	   5.4279243275541145e-01	   4.1243832646930301e-01	   7.6670898758633499e-01	   8.0124312346913196e-01	   7.5157472467144171e-01	   8.3409510450866919e-01	   4.7097903232182209e-01	   5.9391933739400837e-01	   7.1222338882469272e-01	   7.1160901094124773e-01	   5.7868179059272773e-01	   7.1426920635997404e-01	   4.8406982028498335e-01	   7.0467639439616980e-01	   3.9275982840305107e-01	   5.3590482049118759e-01	   5.1331347749751366e-01	   8.3907055022285970e-01	   8.0584897289405155e-01	   7.9265205219288548e-01	   7.1081841299011672e-01	   2.0245851359833875e-01	
   7.2703065760594754e-01	   7.7748477586808540e-01	   1.5806053267635237e-01	   4.0073533333729422e-01	   1.8595516441209842e-01	   3.6908474004942615e-01	   3.8561686536847706e-01	   7.1108983016960070e-01	   1.9343663740983136e-01	   1.9115121025073048e-01	   6.5692694523363793e-01	   0.0000000000000000e+00	   7.1323073322878494e-01	   1.4215666684688637e+00	   2.7435192918048090e-01	   3.8912732603923750e-01	   5.8664578752926722e-01	   4.4849651400491108e-01	   4.1088632978481543e-01	   4.6283486689505460e-01	   5.2240187561101459e-01	   2.0439041120982268e-01	   1.2813856492377498e-01	   1.2668394884459480e-01	   1.2522873170478205e-01	   2.7827279723576459e-01	   1.0193966338974766e-01	   1.5680636842389826e-02	   4.9890327251103450e-01	   5.0522815510066932e-01	   3.5340227612366476e-01	   2.9811263328141363e-01	   5.0060902538233920e-01	   5.4938309192328905e-01	   1.2038330302650997e-01	   2.3379785716898205e-01	   3.6031572509400540e-02	   2.1608321035809841e-01	   2.0436291480078583e-01	   1.9614574583756925e-01	   5.0596225989017707e-01	   3.8686058171556981e-01	   5.8932499140727534e-01	   4.6140126812330284e-01	   6.7404855425337654e-02	   6.4945892395107119e-02	   5.7426673168149078e-01	   4.6833302031693236e-01	   2.6281504680131723e-01	   4.2577752450415957e-01	   6.9003545909573494e-01	   6.5674843156360541e-01	   6.7460953161983328e-01	   4.3728636563899359e-01	   4.3853546080142924e-01	   3.5440034003085563e-01	   6.2014257081541913e-01	   6.8901574354707074e-01	   4.1562451315451698e-01	   6.9326431688357526e-01	   5.0244090771776451e-01	   6.9074389914731482e-01	   4.3728482483328557e-01	   6.6424324804429369e-01	   1.9950574802575119e-01	   3.8614382341498354e-01	   2.2636612720263893e-01	   3.0707026973446133e-01	   4.6997684878472690e-01	   4.6428761233138499e-01	   5.4576122909693936e-01	   2.2088516729522889e-01	   7.7030943580093747e-01	   7.4451526220205666e-01	   8.0772360262208065e-01	   7.7627862824555083e-01	   7.2518883734709350e-01	   7.1442166772822735e-01	   7.3139255282069227e-01	   4.6728554167792569e-01	   6.6828621486250250e-01	   5.2619296896484213e-01	   4.1013615444077062e-01	   3.6773852887456743e-01	   3.9209500736118735e-01	   5.2182873083323877e-01	   1.1640919442107071e-01	   3.5712108893445532e-02	   2.8141855580740077e-01	   4.1748623863281509e-01	   4.4227635756974260e-01	   2.9854619073755057e-01	   4.2684246250037294e-01	   2.1971683564340955e-01	   2.6746227975352516e-01	   2.9955200552954492e-01	   5.9344976000970007e-01	   6.3511874918679212e-01	   6.5841691661945911e-01	   6.3914647690297843e-01	   7.9851812996859983e-01	   4.6278300339339490e-01	   5.7763520601388063e-01	   5.3915489706760966e-01	   7.2175909757319201e-01	   4.0354745060457037e-01	   5.0055274908076197e-01	   7.4356770853404763e-01	   8.3501625195731732e-02	   2.4864619288200474e-01	   2.7457651571562686e-01	   5.4016218946269068e-01	   7.0228531485985168e-01	   7.7244974025144086e-01	   6.4528475767846072e-01	   2.0461513609689544e-01	
   1.1230381825993994e+00	   7.4587237250100424e-01	   8.1050751032585511e-01	   6.2371295804094906e-01	   6.8914437714380083e-01	   4.7868770609284239e-01	   1.2311485407001981e+00	   7.5730493842007474e-01	   6.6042852957327247e-01	   3.3346604086902804e-01	   1.6737714863812945e+00	   7.1323073322878494e-01	   0.0000000000000000e+00	   9.0310125789140949e-01	   8.5780732565663631e-01	   6.7727524711795839e-01	   6.8354728538012588e-01	   6.3575353721390782e-01	   9.3715950027604888e-01	   8.2922489749231421e-01	   6.8330628684287176e-01	   4.7384795506221744e-01	   6.5240617303225734e-01	   4.5354380867368144e-01	   5.6237033378220946e-01	   4.4882370977530361e-01	   4.1743124810644483e-01	   3.4723191484982086e-01	   8.8770265394958425e-01	   6.7692121115950787e-01	   8.3095217507678376e-01	   6.1515761769578814e-01	   1.0629680470194227e+00	   8.9745144025527845e-01	   2.3544948430213086e-01	   1.4392362605623538e-01	   2.6761482120453739e-01	   4.9148148709670542e-01	   3.8075738276084803e-01	   4.2478047493915155e-01	   7.4227966495560782e-01	   7.3855226446170452e-01	   7.6375544110775884e-01	   5.7804805740279530e-01	   3.7067955773407452e-01	   4.2486126439470567e-01	   9.4097771891720905e-01	   7.3530876918667243e-01	   6.0186239752124970e-01	   6.0140144949722152e-01	   7.1243786260937458e-01	   4.4617052465078022e-01	   8.0694282900067360e-01	   8.8148837059676466e-01	   6.0777497569003680e-01	   5.2077749077220092e-01	   6.8593490345510677e-01	   6.2386886575649325e-01	   5.9758596287539545e-01	   3.2488166213945247e-01	   8.1793126849613651e-01	   4.8644763154476156e-01	   4.3220131587685162e-01	   5.6423877477682494e-01	   6.0902637938800797e-01	   4.4056379570211524e-01	   5.7325803406781706e-01	   2.8539501361218267e-01	   8.7584669348890221e-01	   6.0038097211374353e-01	   5.3249191304711652e-01	   2.4450789230666822e-01	   1.0921475676127104e+00	   8.2226115542581790e-01	   1.0270198062544702e+00	   8.4731642683479524e-01	   1.0726686287068739e+00	   5.5207777866394769e-01	   7.8862685217559181e-01	   6.1897504764903499e-01	   9.8379250603571733e-01	   1.0000080999143830e+00	   9.7296473896159663e-01	   7.7592916501445841e-01	   8.6164349525800721e-01	   7.8903743566664331e-01	   4.4151712753722172e-01	   3.2848754564241966e-01	   6.5333975663485289e-01	   6.2458625959020431e-01	   8.3983737687870941e-01	   8.0501971147755791e-01	   6.6170531204390026e-01	   7.4952627518753734e-01	   4.4339425123043053e-01	   3.7796695597077251e-01	   7.2022552847843702e-01	   7.2599973134530538e-01	   9.1510637572675924e-01	   1.0625252708677453e+00	   6.8300244513245179e-01	   8.2109310611674302e-01	   8.3759262107132404e-01	   8.7788622112070080e-01	   6.3690933308312314e-01	   7.6550474410256342e-01	   6.6139998804328104e-01	   8.1445922550714467e-01	   2.4628844393555649e-01	   3.1370597103580983e-01	   3.7841188679593957e-01	   9.2763516013590419e-01	   8.8804491344979841e-01	   9.2731371781426308e-01	   8.4419190332528948e-01	   1.1406419429358691e-01	
