   0.0000000000000000e+00	   1.3511877856102692e+00	   6.3098410438424146e-01	   4.6516853047937073e-01	   5.9258937321068066e-02	   1.1639208873742025e-01	   4.3294904230962677e-01	   4.4299474752055129e-01	  -1.1509031092552958e-01	   5.7023148652806332e-02	   9.6352756994546673e-01	   7.3677933196507150e-01	   6.8480188160531152e-01	   8.5879912562837502e-01	   1.6954526726565503e-01	   2.5777222014157064e-01	   7.9592370837587889e-01	   6.1498320844165610e-01	   7.0425825205853487e-01	   8.7254100436514404e-01	   3.0215517328503827e-01	   2.7309060140388647e-01	   2.6960409869373053e-01	   2.8285566792667727e-01	   7.8239359843866471e-02	   2.1314104928506342e-02	   2.9681669501533314e-01	   3.8970023182823194e-01	   4.1048304195347129e-01	   2.0965530386202774e-01	   4.2714714422714538e-02	   1.0502382763313678e-01	   5.0334571176651477e-01	   2.3906193411551946e-01	   2.9344367049238346e-02	  -8.2312472775374013e-02	   2.0407532846472992e-01	   6.0928141743576247e-01	   4.1192330471585559e-01	   6.0122006554703322e-01	   5.3274229425523723e-01	   7.4459940039767103e-01	   3.2317757634868671e-01	   3.0976057268376994e-01	   2.2419252272224705e-01	   1.7885187598320426e-01	   2.5024937394155050e-01	   2.5698932289341037e-01	   1.9113777806315518e-01	   1.2758380168027791e-01	   3.3064752210365894e-01	   1.7059240925678998e-01	   2.1178818869515950e-01	  -2.6786717683059441e-03	   6.3759357953748663e-01	   4.6986701088138239e-01	   1.3834589102726322e+00	   8.8428181074290868e-01	   4.8048176599732728e-01	   2.1711418924839795e-01	   6.8582918286095518e-01	   2.4269163423297194e-01	   5.7927562967540669e-01	   3.7094805718771073e-01	   2.5675189349831429e-01	   2.0447764680049896e-01	   4.7168270126796552e-01	   4.0529535455848315e-01	   9.2614320654155668e-01	   8.0840476509092374e-01	   4.6007289069670537e-01	   1.0976953214663863e-01	   6.6311105822370009e-01	   7.8421242305129368e-01	   7.2274200291359958e-01	   5.5578910108347512e-01	   3.6468476640977388e-01	   9.9784157723014272e-02	   7.0230994025763505e-01	   6.3954395004541420e-01	   8.7990743936459359e-01	   8.4926955947067506e-01	   4.9909182801360585e-01	   6.2240336063127444e-01	   5.8117953072701223e-01	   6.4651167032294943e-01	   2.4888743717871403e-01	   4.4311996091421485e-01	   6.2831027143245000e-01	   7.5532987884494385e-01	   5.4617562021582622e-01	   4.1132837182184340e-01	   6.6585183578360696e-01	   3.8473034745846835e-01	   5.2817247576550118e-02	  -3.3895041695360222e-02	   4.0250916092044603e-01	   4.8291381083730273e-01	   4.3819452155793892e-01	   4.3185224977657505e-01	   6.2965640289246882e-01	   4.5291025871128154e-01	   4.8029054534698268e-01	   3.6286974277942419e-01	  -9.5903252757313217e-03	  -9.0993039359549360e-02	   1.7305424455432228e-01	   3.1256049819814735e-01	  -1.5641534275800251e-01	   2.9148639933809306e-01	   3.6089544623574915e-01	   5.2657282070146660e-01	   3.4947742351255268e-01	   1.1738056003642208e-01	  -2.0951270458337126e-02	  -3.1516559036949987e-01	
   1.3511877856102692e+00	   0.0000000000000000e+00	   6.9742919164660766e-01	   5.8852119022928229e-01	   2.5625579826321684e-02	   1.4270804127013897e-01	   4.8391905241671018e-01	   4.3169624019902703e-01	  -2.0044931725275453e-01	  -3.3685873488534475e-02	   6.8536758585984348e-01	   4.5719806097303267e-01	   4.7704889005639611e-01	   5.1585112804210531e-01	   1.0738916936898953e-01	   2.0926695193239456e-01	   9.1911616020928699e-01	   7.9684521996648683e-01	   8.3491880290509024e-01	   1.0512646423851253e+00	   4.5456758599545755e-01	   4.2074425051020625e-01	   3.6069757928574120e-01	   3.0591424912546150e-01	   9.0575329703510538e-02	   1.3658657542037894e-01	   3.8215638709097388e-01	   5.2516130898813973e-01	   4.3097381011083991e-01	   1.4691359500752915e-01	   8.5697156790638801e-02	   1.3864421272196967e-01	   6.1154946723412684e-01	   3.6432415593347700e-01	   4.4685807842989339e-02	  -1.6285530295818088e-01	   1.9964323780961574e-01	   5.5151432435472825e-01	   2.7603694432230363e-01	   4.4311032439169895e-01	   4.5286121398858159e-01	   5.5864599706135798e-01	   3.2198788853401866e-01	   2.8349916372771899e-01	   2.3822148942436577e-01	   2.3161893854125329e-01	   2.4673870259238462e-01	   2.1928224103939201e-01	   2.0025885143272931e-01	   1.8672408695967138e-01	   3.8335501636675040e-01	   2.3089513042299509e-01	   3.5057933945534198e-01	   1.7859082743089866e-01	   5.4771120550681929e-01	   4.1349582991873080e-01	   1.5494183894129354e+00	   1.2935371533894855e+00	   5.1556757435819556e-01	   3.4369297298552887e-01	   6.5392634863193932e-01	   3.1498324205798700e-01	   7.2504996375580033e-01	   4.5588403469145955e-01	   3.6676106123846824e-01	   2.6853339972926765e-01	   4.2904243158483718e-01	   3.9400506757751552e-01	   1.1177494501027447e+00	   1.1705988804681118e+00	   5.2645224919401334e-01	   5.9113039615072166e-02	   6.0121135815464255e-01	   6.6305852594187720e-01	   5.9410239390195374e-01	   5.1975234641429791e-01	   3.7375001480641307e-01	   3.6851805383476037e-02	   8.3036446036183986e-01	   6.6915740740101004e-01	   8.9881275437779495e-01	   8.6205105399323989e-01	   4.5272581782885224e-01	   5.0471884626190278e-01	   5.9038090910269414e-01	   6.2644975045126527e-01	   2.6090742126976713e-01	   3.6161034139819664e-01	   6.1944713166089260e-01	   7.7391638460005630e-01	   6.2419070506683705e-01	   5.0828731987977560e-01	   8.0905142433758237e-01	   4.6107997187546357e-01	   1.3115230013764817e-01	   3.1676051038561394e-02	   3.7987857207678655e-01	   5.1321006720328122e-01	   5.2463969628027418e-01	   4.4997606388669070e-01	   7.9200899162929461e-01	   5.8301920495876047e-01	   7.5132289972163380e-01	   5.7696273531695741e-01	   2.0868964003722450e-02	  -1.0050982159286947e-01	   2.1179830141886252e-01	   2.8779621431459251e-01	  -3.1048012564795887e-02	   3.2948807795272861e-01	   2.6908804185141227e-01	   5.0716277158479228e-01	   3.7035190312648270e-01	   2.4560114396608421e-01	   6.3558177142252176e-02	  -3.6831115677796294e-01	
   6.3098410438424146e-01	   6.9742919164660766e-01	   0.0000000000000000e+00	   9.7356475423012401e-01	   3.6757208429730688e-02	   1.7047542318120279e-01	   1.1627728921878275e+00	   6.3216682602512730e-01	  -2.1510811235626595e-01	   4.6625348718028339e-04	   7.7646211662182252e-01	   3.5634194963475757e-01	   6.9566129924151210e-01	   5.6427623594607201e-01	   1.9534741900594521e-01	   2.9658389834587501e-01	   4.8660010554335714e-01	   4.6200177708597173e-01	   8.8448498941638010e-01	   7.9862630284438207e-01	   5.0777083505660647e-01	   6.2273996503376328e-01	   1.2012743188537338e+00	   1.1727792475227909e+00	   3.4652615666414449e-01	   4.6747282796864631e-01	   4.2902426344700062e-01	   6.0543519733261908e-01	   3.3534313891180051e-01	   3.9143389957677167e-02	   5.6330792244397387e-01	   6.8154885677869137e-01	   3.5626927801093111e-01	   1.9312088454517859e-01	   3.5684234551523575e-01	   1.6117849659936945e-01	   4.3370859514345367e-01	   3.5196321767444361e-01	   5.9896669878984377e-01	   5.0290244467389777e-01	   5.9835228661369033e-01	   3.5183627401691880e-01	   4.9069009676891329e-01	   3.8065016317988276e-01	   4.5712107094579491e-01	   4.1710437397986655e-01	   4.0671973981716814e-01	   3.4078293775636975e-01	   3.6939539961238982e-01	   3.3055551537762956e-01	   6.3069895534800990e-01	   3.7991657914303845e-01	   5.0646702438947677e-01	   3.1683739741883699e-01	   7.5505579514367982e-01	   5.3957669606363834e-01	   6.0714512340768723e-01	   5.8256679871076134e-01	   5.4039419166840419e-01	   2.7964231380336746e-01	   6.7704575118325017e-01	   3.0328123685853881e-01	   5.6854869488281623e-01	   3.9185255994826190e-01	   6.9195542647558339e-01	   4.8893402422152343e-01	   7.5828242323530348e-01	   7.4348985595968753e-01	   5.4053188426232790e-01	   6.3684175112105901e-01	   7.9896616763187511e-01	   4.1014171602646032e-01	   3.8515493875748852e-01	   4.6457607527662359e-01	   5.4041654935438577e-01	   4.7522789787115449e-01	   3.4773948086847689e-01	   1.5569807901503954e-01	   4.8967357044839177e-01	   5.4270505006721403e-01	   7.5257664179134920e-01	   9.4233025149327510e-01	   6.7205964773944493e-01	   7.9530281915412548e-01	   1.0390504621808105e+00	   9.3088453154839934e-01	   4.7083496196696978e-01	   5.7913385491160374e-01	   7.8427140096930814e-01	   9.7895869856251316e-01	   8.1862228952014493e-01	   7.4045341905754425e-01	   9.0481802359163988e-01	   6.1089155222230052e-01	   4.6058549332822815e-02	  -9.3759226865099937e-02	   3.3582705942665175e-01	   3.7304428669328837e-01	   4.4727726947397556e-01	   3.4647004148674754e-01	   9.1132083663910435e-01	   5.3915727892876752e-01	   6.0856242877144962e-01	   4.2632901626246256e-01	   4.0315620871690126e-02	   4.8324394958898986e-03	   8.4886417853488438e-02	   2.0389135841042691e-01	  -5.6480340628840976e-02	   2.4386102891078199e-01	   3.7480110238242814e-01	   5.2434820983760666e-01	   3.1721478029980621e-01	   6.5898479942222088e-02	   1.6441490098191369e-01	  -2.0988469134260224e-01	
   4.6516853047937073e-01	   5.8852119022928229e-01	   9.7356475423012401e-01	   0.0000000000000000e+00	   1.9098287085245863e-01	   3.7853708826826860e-01	   1.1658389428917664e+00	   1.1094778234566787e+00	   4.0658239936883250e-02	   1.3614243123344472e-01	   4.9391942169454928e-01	   5.2711499793387717e-01	   5.0511927820706437e-01	   5.5357516961104636e-01	   3.9577961493609803e-01	   5.9284849868236955e-01	   4.1049653250353285e-01	   4.8117618099732873e-01	   7.2822264132462111e-01	   7.0045309302412695e-01	   2.1910649493725032e-01	   5.2509041487804220e-01	   6.5271249778081541e-01	   9.7218949323801063e-01	   2.4501551691259854e-01	   5.4829473146559515e-01	   2.9031168294178467e-01	   4.5295462971772127e-01	   4.2802642463970675e-01	   2.1354291167567699e-01	   5.5150139129430842e-01	   7.6670920259787101e-01	   3.4113010135400068e-01	   2.6885524031303532e-01	   2.9461905815195216e-01	   2.2233886946940490e-01	   3.9569901010107533e-01	   2.5288343934828078e-01	   4.1514910810438466e-01	   3.6008735151372706e-01	   5.7692309878080306e-01	   2.4002705516356698e-01	   2.9295263150454642e-01	   1.4880553430091506e-01	   2.7390667948569836e-01	   2.7831176134093266e-01	   2.9062260803831319e-01	   2.3550439354145769e-01	   2.5009738220043820e-01	   2.2965076366749143e-01	   4.8332944225496488e-01	   3.0522560880145772e-01	   4.6129280584729448e-01	   2.9967589847741788e-01	   4.3241462097107397e-01	   3.0837048491708463e-01	   4.6108582248500674e-01	   7.3468429717457806e-01	   3.2223113352278387e-01	   3.2454639654751399e-01	   6.3324173490734892e-01	   8.0008328266767592e-01	   7.0870339262273940e-01	   5.6691061229107897e-01	   5.5365669104781112e-01	   5.0872193024002543e-01	   6.1749322305075838e-01	   7.8598894919656548e-01	   4.3141869036837210e-01	   6.2208624073161722e-01	   5.1127636191482628e-01	   3.9772002221353009e-01	   3.7845261885727977e-01	   5.8687113129707047e-01	   5.0097945492993623e-01	   5.4105923986726090e-01	   4.8785965136983889e-01	   3.3402538874611803e-01	   3.9340240474602040e-01	   5.4880084634140713e-01	   6.6603306588707067e-01	   6.7123921488827420e-01	   5.9292449653734092e-01	   7.1890236431000720e-01	   7.6684826347910562e-01	   8.4008452695401492e-01	   2.9344185534273892e-01	   3.2549942565615320e-01	   4.7814985216582495e-01	   7.1709751049003922e-01	   7.5019547157985200e-01	   5.5569369048969752e-01	   9.0060901340913468e-01	   4.4337781781511526e-01	   1.2058588098936862e-01	   1.3757872065581361e-01	   3.5398774989832277e-01	   3.5372838442025456e-01	   3.6957541619286410e-01	   1.9413067968425932e-01	   1.0336702061127803e+00	   4.6404104643782967e-01	   6.0088191330153806e-01	   4.2417463882789747e-01	   1.5601495534828291e-01	   5.5192961861936139e-02	   1.0255923355310476e-01	   2.1956447214635119e-01	   9.8399134973508537e-02	   3.7454619662770439e-01	   3.8704983370279633e-01	   4.3116491640394655e-01	   2.7128306508306282e-01	   1.3335988683250116e-01	   2.1025593498571032e-01	  -1.4457975050044694e-01	
   5.9258937321068066e-02	   2.5625579826321684e-02	   3.6757208429730688e-02	   1.9098287085245863e-01	   0.0000000000000000e+00	   1.2748884578170756e+00	   1.5484435919491157e-01	   2.2047209135057325e-01	   1.1387931991985647e+00	   1.2253031283164375e+00	   6.7252849442863014e-02	   3.0141542271581601e-02	   2.5951805001931799e-01	   8.1492177215054140e-02	   7.0125453647904734e-01	   5.3761923404487988e-01	  -1.0222191776202326e-01	   9.2917178307984072e-02	   1.3709140846714171e-01	   9.9219701451889047e-02	   9.6400472220059291e-02	   6.6037047845609931e-02	  -5.6362862101007452e-02	  -5.7674158695205729e-02	   8.3403457124694214e-01	   7.5579563177543241e-01	   4.6965639705567397e-01	   3.0276945948280926e-01	   3.0336693925642805e-01	   3.1190002440004544e-01	   2.6584825536223677e-01	   2.6238612025726632e-01	  -8.0493344410000570e-02	  -1.1659104628235750e-01	  -2.1510349031530629e-01	  -3.4319026959202394e-02	   4.1299519651226263e-01	  -5.2712647628853776e-02	   6.8481219111054939e-02	  -7.3191316577505411e-02	   1.3724987067928607e-01	  -1.4909601563945035e-01	  -8.6481795954742882e-02	  -1.0298233965721762e-01	   1.0753610235584736e-02	  -1.4348778317085874e-02	   1.2246935328710695e-02	   1.9305230520862204e-02	  -2.9237555887376885e-03	   4.3917738563206202e-02	   2.3994841156274874e-02	   9.2026688539006307e-02	  -1.1599361782097325e-01	  -3.0865865448191303e-02	  -7.5985613982354733e-02	  -1.6909331755521143e-01	   4.9905114641987422e-02	   2.0142168579610953e-01	   1.1482827280615449e-01	   2.8969897448848714e-01	   8.4162230546021136e-02	   3.8454091332722551e-01	   1.5791935805422316e-01	   2.5520441654168996e-01	  -2.9513714356961618e-01	  -1.9283628838283037e-01	   9.8471862256880135e-02	   1.2889249719595658e-01	   1.7979841320799994e-01	   1.7773445535658566e-01	   1.8060143253277275e-01	   8.6614437962130336e-02	  -1.6642780586886596e-03	   1.0094221244363211e-01	  -7.7983767601329620e-02	   8.3057413795908100e-02	   4.8317008620819002e-01	   2.7580337593887277e-01	  -7.0631419632739584e-02	   5.4209323843500247e-03	  -4.5496518229883279e-02	  -2.3680357234741417e-01	   2.3583483924219339e-01	   1.9129951991969552e-03	  -2.1132621565461929e-01	  -1.5384870690907565e-01	   8.4719230723190264e-02	  -1.0340300205685904e-01	   2.0157997559188134e-02	  -1.1933483222194470e-01	  -1.3483261962632151e-02	  -1.0071380172817450e-01	  -4.2706482372146283e-02	  -3.9745223467338504e-02	   6.4606901238595707e-02	   8.9742272440255288e-02	   7.6424195577488002e-02	  -4.7649816762314223e-02	  -2.9489208018248447e-02	  -7.9019293548251851e-02	   1.5725415912010962e-01	   1.6483950706384667e-01	   7.2941771750486439e-02	   2.2487479140616187e-01	  -5.8964087581024255e-02	  -4.6177848221930426e-02	   9.0627611850605125e-02	   4.3096400225459208e-01	  -9.0207049685935098e-02	  -1.2853233551317667e-01	  -1.5537055392004643e-02	  -9.9356587301732899e-02	  -2.1191620576461276e-02	  -2.1097950618217655e-02	   2.6132463880300227e-03	   1.5836724895339022e-01	
   1.1639208873742025e-01	   1.4270804127013897e-01	   1.7047542318120279e-01	   3.7853708826826860e-01	   1.2748884578170756e+00	   0.0000000000000000e+00	   2.4779522114628683e-01	   4.0551780275141852e-01	   6.3822859817904443e-01	   1.1961322924400515e+00	   1.1381195664388777e-01	   2.1559211136651418e-02	   2.6810425838744228e-01	   1.4159043498197940e-01	   5.3796405272180003e-01	   5.4373641067176948e-01	   1.1683010252746828e-02	   9.0945116347194127e-02	   1.7068208507753685e-01	   1.2359068830389972e-01	   1.1488573561759528e-01	   2.6061401062038353e-01	   4.7270667769516585e-02	   6.4534716165508835e-02	   7.4544746836466436e-01	   8.5293468059389477e-01	   5.5489091013978609e-01	   5.2561931854486310e-01	   2.4926305100814111e-01	   2.2728183047099018e-01	   2.7667622525902130e-01	   3.1394173522796004e-01	  -2.2493003518708091e-02	  -2.9973288905781003e-02	  -1.8431499986247601e-01	  -5.4852257495286362e-02	   3.6376694162476242e-01	  -8.1429056315033166e-02	   1.2116536335690237e-01	  -7.1423875362191067e-02	   1.1879076487493287e-01	  -2.3168625297993467e-01	  -2.4320142994230323e-02	  -7.6608490241081975e-02	   2.2929841849000914e-02	   1.6289320335585236e-02	   5.7786155363790163e-02	   5.5018419752834134e-02	   4.0569778200962477e-02	   1.2023633497578021e-01	   1.0984627264098791e-01	   1.7164356815375437e-01	   6.9534050833038154e-03	   1.3979961284474993e-02	  -4.5933685524461226e-02	  -1.7533153979694416e-01	   1.2097839689175117e-01	   3.6009365397867560e-01	   1.9026563487564699e-01	   3.7170383057205642e-01	   2.3090418555221001e-01	   5.6290427526238029e-01	   2.1396434797192773e-01	   2.9604625370477849e-01	  -9.7911711348504543e-02	   2.0169361045135802e-04	   1.3048975949679764e-01	   2.1504765634979486e-01	   2.5456132134701154e-01	   2.9629113617145930e-01	   2.4285463418942221e-01	   1.7139303690364119e-01	   2.8095435626422395e-03	   1.7856644662215210e-01	   4.4316471793958674e-03	   1.0629587731521022e-01	   4.7454809461559533e-01	   2.7445305339728193e-01	   5.0369086161836905e-03	   1.0064222586983178e-01	   5.8222010830571080e-03	  -1.2314972658633694e-01	   1.7408003456159882e-01	   4.8419028898448457e-02	  -5.8955128165556571e-02	  -4.6013594454432462e-02	   3.4695897466908515e-02	  -1.4465274029565378e-01	   1.0265728900135535e-01	  -2.2019428156806801e-02	   8.8537294994569998e-02	  -1.1749469755178082e-02	   1.5027589394233243e-01	   2.2345763679492790e-02	   8.6471049249230061e-02	   9.6968607985744193e-02	   1.2762088888451054e-01	   2.0715423474224837e-02	  -6.7735958939940354e-03	  -1.1142828786075784e-01	   3.6114694239226980e-01	   3.0104564428913955e-01	   3.1386017554473972e-01	   4.3792164686730262e-01	   9.4274833932949637e-02	   7.3729516531219466e-02	   1.6303676941668110e-01	   5.2432334337931408e-01	  -8.8312711717763823e-02	  -3.4930476339203487e-02	   8.1033021810220277e-02	  -4.0225191795377306e-02	  -2.1921800324929571e-02	  -4.0085035094333732e-03	   9.2964566786629649e-02	   8.5035659521189202e-02	
   4.3294904230962677e-01	   4.8391905241671018e-01	   1.1627728921878275e+00	   1.1658389428917664e+00	   1.5484435919491157e-01	   2.4779522114628683e-01	   0.0000000000000000e+00	   1.0338365440116632e+00	   5.8791191436000902e-02	   1.5931787688364593e-01	   6.1970006862470095e-01	   6.6450936718139553e-01	   6.4747178660995608e-01	   6.0888317062742714e-01	   4.4944343811235504e-01	   5.9436519378619379e-01	   2.4422695335546823e-01	   3.7538101939181012e-01	   8.3993120250806186e-01	   7.3730397752217669e-01	   1.5392242504622894e-01	   4.4461471634487448e-01	   6.5013077903331662e-01	   8.0391098980498366e-01	   1.8211959389993859e-01	   4.3958847669480089e-01	   6.1853390293367540e-02	   2.2700448285709740e-01	   4.3043843520538283e-01	   1.2227675717534622e-01	   7.5430345147848377e-01	   9.1745319864940167e-01	   2.5551044276668439e-01	   1.1187377835214975e-01	   1.5246557852089668e-01	   1.6791303577776684e-01	   2.9271983299791671e-01	   1.3808086984394868e-01	   3.8249598470667390e-01	   3.0496210977570209e-01	   5.6902060993376435e-01	   2.1100847080220334e-01	   5.4563008287902615e-01	   4.1982066994173356e-01	   5.9568421291888862e-01	   5.9187951389186422e-01	   4.9018242619261798e-01	   4.2655386973760201e-01	   5.1978403318699562e-01	   4.5321338887198542e-01	   6.7595625430428408e-01	   4.8227878119177564e-01	   5.8420274439798303e-01	   4.7811900415915543e-01	   4.8906394082727311e-01	   4.1843889997467709e-01	   3.2051499686570556e-01	   5.4278679873240743e-01	   3.2242490731182544e-01	   3.1965369261497345e-01	   4.6682414260039007e-01	   5.1200246818509199e-01	   8.0500148694098939e-01	   6.6979936481188784e-01	   3.2534880065693056e-01	   1.2763290649398207e-01	   7.2451341486402965e-01	   8.2623832701100475e-01	   3.5116412427240890e-01	   4.8666570951142041e-01	   6.1892464548832193e-01	   4.9433684254028099e-01	   3.6096186879997572e-01	   4.3539284333382822e-01	   4.7979953872987491e-01	   5.3852060286451042e-01	   3.5328004903887583e-01	   2.7025977677431612e-01	   2.8341221813054956e-01	   4.1367237408982976e-01	   7.2979117149576578e-01	   6.9731495333183868e-01	   6.4366442324286910e-01	   8.6668024628052953e-01	   6.2035492546613780e-01	   6.2488171913235713e-01	   3.6047516798238427e-01	   3.8917264737448243e-01	   3.6714150041239613e-01	   6.3874322575367581e-01	   8.3723507660333496e-01	   5.0740377739728237e-01	   7.3378562274411552e-01	   3.4663593560092909e-01	  -7.2638295167747877e-02	  -9.8027730231100160e-02	   2.2080619508264612e-01	   2.8306514104043512e-01	   3.8981299036712153e-01	   2.1365099209834915e-01	   1.0417985389358058e+00	   4.4706074336456836e-01	   6.1491277989573168e-01	   4.4513093564706441e-01	   5.0946890096352705e-02	   2.2666740638735208e-02	  -2.8552524655964940e-03	   1.3974154556426960e-01	  -6.8178604369836152e-02	   1.4723722468170322e-01	   3.5566331985586352e-01	   4.0810098015842650e-01	   2.7737840259044966e-01	   1.8240540763225031e-02	   1.6387793934045153e-01	  -1.7988188729238463e-01	
   4.4299474752055129e-01	   4.3169624019902703e-01	   6.3216682602512730e-01	   1.1094778234566787e+00	   2.2047209135057325e-01	   4.0551780275141852e-01	   1.0338365440116632e+00	   0.0000000000000000e+00	   1.3781356063826344e-01	   2.7190861049499704e-01	   5.1817590812769598e-01	   7.5957432428207983e-01	   4.7942830033374362e-01	   8.0055952801867691e-01	   3.2943167923035288e-01	   4.6611231283781057e-01	   2.1536273830261218e-01	   2.6871466761258761e-01	   4.8218608106936156e-01	   5.3306017906714454e-01	  -3.1585015330888193e-02	   3.3498869451551816e-01	   2.3029452882677293e-01	   5.2999760458710854e-01	   1.0606869397073884e-01	   3.0460945367674219e-01	   9.8079844032991040e-02	   2.7351483654117392e-01	   2.9611550575899970e-01	   9.7188533366839053e-02	   3.0797112368278212e-01	   5.0062553203043603e-01	   1.1813497559578329e-01	   3.4560727029871771e-02	  -5.7527422775248943e-02	   7.1763262816732596e-03	   3.4162709588635831e-01	   3.0441139245019233e-01	   4.9784649296860617e-01	   5.2815582649992043e-01	   4.9808294358605132e-01	   2.9735148984499638e-01	   5.4206323334891615e-01	   4.3807210319464629e-01	   5.1073609996135594e-01	   5.5861710944650644e-01	   5.8586808496903409e-01	   5.8276666515572251e-01	   5.3303973480973177e-01	   5.5634286029286528e-01	   6.4658830508550236e-01	   6.0325393431707108e-01	   4.9494687606829524e-01	   3.9085525515210534e-01	   5.2474298126918084e-01	   5.0067915878290026e-01	   2.6859563780896151e-01	   5.4056192282454063e-01	   2.8415247320836334e-01	   3.4560500785483134e-01	   5.0592117171446505e-01	   7.3243515494648892e-01	   5.1389551333347872e-01	   4.9596224150236101e-01	   9.4892119148124884e-02	   1.8162296516608209e-01	   5.7588041017442015e-01	   8.1301137086318420e-01	   3.1469966181263087e-01	   4.3930362038650078e-01	   4.8625863436733674e-01	   4.5702059208202384e-01	   3.2074647231251008e-01	   5.3627434886488312e-01	   3.4724453255725252e-01	   6.3353277641641736e-01	   3.6405630810603867e-01	   3.6189568082495949e-01	   2.8657218829153447e-01	   4.0715474780450644e-01	   6.6388530979094595e-01	   5.3764792724613752e-01	   4.6333982756900144e-01	   7.5402019442550483e-01	   3.8342155570334141e-01	   4.4752855048744161e-01	   2.4093907973409726e-01	   2.6174710617026825e-01	   3.5820193671003286e-01	   5.2324933801658124e-01	   9.2235305302137904e-01	   5.7278528288681718e-01	   8.4666963683310148e-01	   3.4676338780706106e-01	   1.5276520551752329e-01	   2.1065908728337043e-01	   5.2084298312225963e-01	   5.5294124778345832e-01	   5.2799003323119209e-01	   3.0083459386191191e-01	   1.0422192023017349e+00	   4.6104787235245387e-01	   5.6212151479958783e-01	   4.2157271933671286e-01	   2.6802315554989148e-01	   1.5694622138777092e-01	   2.5909581004319576e-01	   3.9998575785149026e-01	   1.4345871041998756e-01	   4.7712413052113484e-01	   6.4989661402442223e-01	   5.7834485685190196e-01	   4.5779719680893172e-01	   2.8294977851088099e-01	   4.5385218767584956e-01	   7.8797807994839930e-02	
  -1.1509031092552958e-01	  -2.0044931725275453e-01	  -2.1510811235626595e-01	   4.0658239936883250e-02	   1.1387931991985647e+00	   6.3822859817904443e-01	   5.8791191436000902e-02	   1.3781356063826344e-01	   0.0000000000000000e+00	   9.1259389904540922e-01	  -1.0204041479715545e-01	   6.0391771972644906e-02	   1.7188871028244318e-01	   5.2387261928050289e-03	   8.2977463529182194e-01	   4.9680887381586070e-01	  -2.8909334162435357e-01	  -1.2382194115823854e-01	  -2.4771789201635787e-02	  -5.2223799318149730e-02	  -1.2128933970037030e-01	  -1.0569118696104858e-01	  -3.3844351100926601e-01	  -2.7513593278675141e-01	   3.5041801864122080e-01	   3.5212316285357775e-01	   2.4870656373439277e-02	  -1.1393724039410737e-01	   1.8489182645973942e-01	   2.2807153455866230e-01	   1.0034443862990647e-01	   6.5802577443483917e-02	  -1.9971555252389611e-01	  -1.6375611478640628e-01	  -2.7683046233031189e-01	  -1.3631871747361503e-02	   2.5624651660871789e-01	  -1.3786945532235226e-01	  -6.4207137543404971e-02	  -1.3745674008196868e-01	   7.1418499240274380e-02	  -1.3293170130869739e-01	  -1.7213372971131352e-01	  -1.8245337314756827e-01	  -8.9479098231497495e-02	  -7.6475336971177588e-02	  -6.6016760603796229e-02	  -5.6047481692820499e-02	  -8.0356208035188142e-02	  -4.1953783250532818e-02	  -1.5443909589039079e-01	  -4.2119667728599160e-02	  -2.6003534446797050e-01	  -8.4627802242656147e-02	  -1.8849305357848478e-01	  -2.2983548606245996e-01	  -1.8139716228458991e-01	   8.2404923698933194e-03	   3.7991113551813241e-02	   3.5545210242083503e-01	  -6.8792020683377419e-02	   2.7850129976029908e-01	  -4.2734078019225713e-02	   5.3024931673031475e-02	  -4.8579318022386941e-01	  -3.5009361038385073e-01	   2.8444725706494357e-02	   3.2649564432337255e-02	   1.2997937001840661e-02	   2.2042354498199895e-02	   7.5985218111520619e-02	   1.0604335352303525e-01	   1.9376237007919801e-02	   2.1679180980959896e-02	  -8.8908627333968857e-02	   4.8684092693585479e-02	   3.6292482459787639e-01	   2.4173798826195203e-01	  -1.8614422952306153e-01	  -2.1666714617289129e-01	  -1.4986153130870344e-01	  -4.3348961712812467e-01	   2.4959871667227324e-01	  -3.1052960619902592e-02	  -4.0454841530108665e-01	  -3.4678072846102370e-01	   1.9698835108420282e-01	  -8.6634545172016492e-02	  -1.2061050089988867e-01	  -1.9710350366461374e-01	  -1.0517591510614423e-01	  -2.9050291053013555e-01	  -2.3229585231569999e-01	  -2.6437792819273814e-01	  -3.5269038674953006e-02	   8.9766816242202147e-02	  -8.4423428060345279e-02	  -1.7206073735473770e-01	  -1.3841534708902348e-01	  -2.2125720170308869e-01	  -4.8328947463082118e-02	  -1.4216043693764930e-02	  -1.1853230591337012e-01	   5.4645078690858905e-03	  -1.8705681076957623e-01	  -1.3839045694153648e-01	  -1.1426270641067290e-01	   1.3588550044439762e-01	  -7.9692077000390535e-02	  -1.9805036266380591e-01	  -1.1224288503264745e-01	  -2.6711227500414880e-01	  -1.3288768612536561e-01	  -9.5779122497275146e-02	  -9.3319284199941316e-02	   8.1128162528933651e-02	
   5.7023148652806332e-02	  -3.3685873488534475e-02	   4.6625348718028339e-04	   1.3614243123344472e-01	   1.2253031283164375e+00	   1.1961322924400515e+00	   1.5931787688364593e-01	   2.7190861049499704e-01	   9.1259389904540922e-01	   0.0000000000000000e+00	   1.4650031279300710e-01	   1.0714323786813855e-01	   3.8274403562318504e-01	   2.0699627870672918e-01	   5.6229338461297673e-01	   5.7197320399956775e-01	  -1.4053749534054011e-01	  -4.8589556818732269e-02	   8.8886408584193055e-02	   7.3206026622551920e-02	  -1.6018851766875017e-01	   1.3198690929964705e-02	  -1.8196391344624038e-01	  -1.2255072150853563e-01	   5.7050133464344466e-01	   5.5432416204441892e-01	   2.2708496070722378e-01	   1.4716207335039819e-01	   2.2511628761538033e-01	   1.7399916538477411e-01	   1.5270564688581983e-01	   1.6068277671965556e-01	  -1.7853074679387915e-01	  -1.3865343232233843e-01	  -2.2097402711272651e-01	  -1.7265542598579854e-02	   3.3934320054400957e-01	  -5.8822194254848734e-02	   1.5997277879925753e-01	  -1.7921286077384649e-02	   1.3054908436923240e-01	  -1.5846147305666269e-01	  -2.4291567485387546e-02	  -1.0993117781244817e-02	   4.9248947316127313e-02	   3.8737124489215818e-02	   5.3162253180164730e-02	   1.1671930315202783e-01	   4.4653074139409610e-02	   7.7127550903823033e-02	  -3.7707557975599985e-02	   6.4304016175159850e-02	  -2.2990761615612199e-01	  -1.3385011684765408e-01	  -2.0447310793048012e-02	  -1.0929788143281038e-01	  -3.8425729732658655e-02	   1.2595921601735710e-01	   5.9588697685663675e-02	   2.1768480344691676e-01	   1.3980071239936184e-01	   3.9636393748819870e-01	   7.1801863176481809e-02	   1.6484127698963130e-01	  -3.1072553789932383e-01	  -1.9706806998973980e-01	   4.4263782831797410e-02	   8.4958115175424231e-02	   1.0565919737645407e-02	   2.8340836091118513e-02	   1.6587940945154184e-01	   2.5624476558649878e-01	   1.3826507778006343e-02	   9.8092418890329491e-02	  -5.2422632261615663e-02	   9.4399366950856781e-02	   4.2242194076959716e-01	   2.6908013906273781e-01	  -5.2705819496374477e-02	  -6.8397220408275519e-02	  -9.7198963610013650e-02	  -2.6039981359828451e-01	   1.8557029832766611e-01	   7.8898408166335338e-02	  -2.5027129307965962e-01	  -2.4111230396205963e-01	   7.4952457818823010e-02	  -4.6017045481881992e-02	   5.2394390974817240e-02	  -6.4433380661975098e-02	   1.8095271172285456e-02	  -7.7403018676460031e-02	   6.3333153668846528e-03	  -5.0242435035764157e-02	  -1.3006727650968797e-01	  -1.0624374639602815e-01	   7.2414070347645689e-03	  -9.6292912682414800e-02	  -2.2826467098625687e-02	  -3.4989930602187254e-02	   1.7235540037631047e-01	   1.9954019581651206e-01	   1.2220716787518607e-01	   3.0299725909229697e-01	   1.2091831997615840e-01	   1.2392747219987407e-01	   2.0018517999412802e-01	   4.6987068842251045e-01	  -3.3688370941290707e-01	  -2.2682647046979909e-01	   9.1798317011309152e-02	  -8.3916451272893641e-02	  -9.0768145338451511e-02	  -9.1481194983889069e-02	   3.4156236658401474e-03	   1.4715294488745223e-01	
   9.6352756994546673e-01	   6.8536758585984348e-01	   7.7646211662182252e-01	   4.9391942169454928e-01	   6.7252849442863014e-02	   1.1381195664388777e-01	   6.1970006862470095e-01	   5.1817590812769598e-01	  -1.0204041479715545e-01	   1.4650031279300710e-01	   0.0000000000000000e+00	   7.9489597022166358e-01	   1.3810627322884077e+00	   1.1874613005374082e+00	   1.6643223739124877e-01	   2.6609804536504078e-01	   4.2857709741262723e-01	   4.4804594445812096e-01	   5.0398389243409869e-01	   5.9215313363767008e-01	   2.7275743840702937e-01	   3.6394822230731400e-01	   4.4562307148983815e-01	   4.7457093156212704e-01	   2.6199968022872394e-01	   1.7603031819859136e-01	   2.9680915145330367e-01	   4.0846506757370338e-01	   3.0423243098085850e-01	   9.6674577398432854e-02	   2.2281259043387924e-01	   3.1269700942723022e-01	   1.4065136316389609e-01	  -1.2924952259623493e-01	   3.6543755239686393e-02	  -5.5817101869363277e-02	   4.4778106628349146e-01	   6.2063702842630164e-01	   5.1388516649084404e-01	   5.1119081056115501e-01	   5.0102802624849629e-01	   4.4675290589028321e-01	   3.3761217084268541e-01	   3.4333475690739484e-01	   3.1293278207947423e-01	   2.3150495581663327e-01	   2.8619349168786040e-01	   2.8702263359071489e-01	   2.1733606287657403e-01	   1.5758405043128260e-01	   3.6308959355113790e-01	   2.1572857480675620e-01	   2.5670489812792197e-01	   6.3611017679514936e-02	   5.8973280160099928e-01	   4.5430207771432313e-01	   6.3363429026390716e-01	   4.3985311066910854e-01	   3.2806128947476437e-01	   7.5150250129373125e-02	   7.1025815047342089e-01	   2.8907414612748333e-01	   4.4803840308163934e-01	   2.3016820542822264e-01	   2.7497196055279621e-01	   2.2808132237115808e-01	   4.2572213540309917e-01	   3.8369346080894895e-01	   4.8016555641243241e-01	   3.1936646196050611e-01	   6.9090870135526949e-01	   2.7626812199396134e-01	   4.9851989875968106e-01	   6.7695811144737106e-01	   6.1326145593795034e-01	   6.2935080864329018e-01	   3.8918407045588638e-01	   8.6473719409695143e-02	   4.6047632213367717e-01	   3.7585896439858357e-01	   6.8039032887185835e-01	   7.8899256539802709e-01	   5.8500903598347376e-01	   5.7624686564121208e-01	   6.3203782155897037e-01	   6.8516643703849622e-01	   3.4453888807137173e-01	   3.5676479725265975e-01	   6.1060972756266729e-01	   6.0651210435583658e-01	   6.4813046439282129e-01	   4.7113022374721358e-01	   5.4813727049533267e-01	   4.2242415960091428e-01	   2.2118024906174152e-01	   7.0589218767458994e-02	   5.1166836881167077e-01	   6.1075889823249052e-01	   4.9972981052569088e-01	   4.6698873673173125e-01	   4.6373812314969531e-01	   4.0359201039349590e-01	   2.4427330535570801e-01	   1.1983515956333156e-01	  -1.6721802378268694e-01	  -2.0178529010727750e-01	   8.2540226546847270e-02	   2.5552433062104624e-01	  -8.1656662005529776e-02	   3.8876289571848655e-01	   4.3890928666566642e-01	   5.3378880312795507e-01	   3.7965318033324602e-01	  -5.0680657919175823e-02	  -4.6073338664809692e-02	  -1.2194548517517088e-01	
   7.3677933196507150e-01	   4.5719806097303267e-01	   3.5634194963475757e-01	   5.2711499793387717e-01	   3.0141542271581601e-02	   2.1559211136651418e-02	   6.6450936718139553e-01	   7.5957432428207983e-01	   6.0391771972644906e-02	   1.0714323786813855e-01	   7.9489597022166358e-01	   0.0000000000000000e+00	   7.2992537267642943e-01	   1.1736531282996387e+00	   3.5255869182870803e-01	   4.8280285810787293e-01	   2.0957122783389059e-01	   2.6509285657797538e-01	   4.5746553174253834e-01	   5.2237288565838158e-01	  -2.0077889740492416e-01	   3.9217152890061599e-02	   3.3237799291565777e-02	   2.4746701711303853e-01	  -1.1754726586715533e-01	  -6.3541823601089453e-02	  -1.8605895044223528e-01	  -5.9047362159026479e-02	   3.9190488881764685e-01	   2.0897135402929437e-01	   2.1671076615964113e-01	   3.0799048470162349e-01	   1.8489613437509711e-01	  -1.3118734138590703e-02	  -1.0521130393581830e-01	   5.4421680575172639e-02	   7.1407463713462252e-02	   3.1876240194385208e-01	   3.2021879271895931e-01	   3.9789365698090950e-01	   4.7944656179648648e-01	   4.4222447531115372e-01	   4.4084590182607297e-01	   4.3321971797881009e-01	   4.2355796743140633e-01	   3.9484871551047340e-01	   4.0585459306472471e-01	   4.2281245701364606e-01	   4.1677942526269440e-01	   2.8026598472253761e-01	   4.0128409394317838e-01	   2.9478929813932192e-01	   3.4580388629504560e-01	   1.5433967712842639e-01	   4.0836776624647214e-01	   4.0622648305656656e-01	   3.1963912189570720e-01	   4.1663147249986804e-01	   2.0244032392989289e-01	   1.2991422995188007e-01	   3.8465799315001742e-01	   4.5291028305796560e-01	   5.7300008013653303e-01	   5.1512583825629499e-01	  -4.0356496471308803e-02	  -7.6186987958643204e-02	   4.5138784078561839e-01	   4.8070638462023418e-01	   2.6034916365808092e-01	   2.4155262914905357e-01	   1.7212944312327599e-01	   2.5816058002293335e-01	   4.3352200096247595e-01	   5.8219662097965108e-01	   4.7638860081541168e-01	   5.7944148206454482e-01	   3.0008775668785775e-01	   2.8861756494212587e-01	   2.2684875619733155e-01	   3.4307186901359477e-01	   6.9231205237476878e-01	   5.8473527160515282e-01	   4.6763057788869744e-01	   6.6793785706491782e-01	   3.2066394713605073e-01	   4.5437968856985161e-01	   1.8562189158823583e-01	   2.4325185297574853e-01	   1.9184257006930014e-01	   3.7741663276317616e-01	   5.1680231653570385e-01	   1.7225684121707407e-01	   4.0010353927468589e-01	   5.0929504146727887e-02	  -6.4787550463563298e-02	  -2.6055665800520052e-02	   3.2366560744416212e-01	   4.0257589063607790e-01	   3.1986923614720936e-01	   2.0452506818280283e-01	   5.0242040095816431e-01	   1.1156086507196469e-01	   2.2312125213492656e-01	   8.6896397974647765e-02	   3.9167149439439407e-02	  -2.7188751469996073e-03	   5.3205376289955822e-02	   1.0402954921280586e-01	  -1.3038035700348746e-01	   1.9901079158191737e-01	   4.7569167565983494e-01	   4.2580265229244524e-01	   2.9079206317676065e-01	  -6.4342845008716648e-02	  -2.0723022405466373e-02	  -1.0734840833333251e-01	
   6.8480188160531152e-01	   4.7704889005639611e-01	   6.9566129924151210e-01	   5.0511927820706437e-01	   2.5951805001931799e-01	   2.6810425838744228e-01	   6.4747178660995608e-01	   4.7942830033374362e-01	   1.7188871028244318e-01	   3.8274403562318504e-01	   1.3810627322884077e+00	   7.2992537267642943e-01	   0.0000000000000000e+00	   1.0059364595066624e+00	   4.3089044667632037e-01	   4.9164284080344162e-01	   2.9935229230248361e-01	   2.9471959619749089e-01	   4.6194212458024886e-01	   4.9475119420678071e-01	   1.7318198673059707e-01	   3.6669176178852869e-01	   4.0660856746176655e-01	   4.1835094757378299e-01	   3.0687648199776618e-01	   2.7899714960272254e-01	   2.3907654965931230e-01	   3.1761493239520344e-01	   4.0352448648045641e-01	   1.4377063450862007e-01	   2.7080172925560270e-01	   3.5410064758493304e-01	   6.0076813336717161e-02	  -1.0832430894868096e-01	   1.2021203083380121e-03	  -1.0259033542523114e-02	   4.5404866772478830e-01	   3.9466696715090471e-01	   4.6474938438775348e-01	   3.6210646781381978e-01	   5.5968282253498014e-01	   2.7954719293298225e-01	   2.0310246202365256e-01	   2.1074819660300076e-01	   2.2892365849095597e-01	   1.5702189005227205e-01	   1.7793053856555727e-01	   1.9003719487513540e-01	   1.3029565839342619e-01	   5.4038587034637008e-02	   2.1387124226253912e-01	   9.0322753288570853e-02	   1.0394473298486620e-01	  -2.7545158908338578e-02	   4.0910357381842222e-01	   2.7788558354646675e-01	   4.0173650876713934e-01	   3.5348290461948351e-01	   3.6493074908593892e-01	   2.2000702806613845e-01	   6.5538827323381177e-01	   3.9583948124589008e-01	   4.0403755070453740e-01	   2.2742265887531549e-01	   2.5843602439381264e-01	   1.9774760193682328e-01	   4.1631244001370687e-01	   3.4113221766640150e-01	   3.6638377278850820e-01	   2.7683844756808756e-01	   6.2052429728103176e-01	   3.2341802212868270e-01	   4.3770192041096417e-01	   5.5377947692152163e-01	   5.2062089149742607e-01	   5.7727016957146193e-01	   4.6032733038616802e-01	   1.4503203027576125e-01	   3.6515820757819450e-01	   2.2936401049146765e-01	   5.2292297591463210e-01	   5.4161553110882554e-01	   7.4205558545982409e-01	   5.9522772473809038e-01	   5.3498443988429789e-01	   5.5004321143605206e-01	   4.1588849247460724e-01	   3.1743377347972407e-01	   5.2725245744615168e-01	   4.6631850468230934e-01	   4.9372087107495377e-01	   3.3386723149485248e-01	   4.2955601474007599e-01	   2.7887923675002813e-01	   8.4933598363048160e-02	   3.8876754137816529e-02	   2.7531459723430479e-01	   3.9097328923577512e-01	   3.0676877819584925e-01	   2.5359626843699651e-01	   3.8923450656285646e-01	   3.3319876991808739e-01	   1.6487937501073666e-01	   1.1909932532244222e-01	  -1.6229727778812963e-01	  -1.5341703645484278e-01	  -1.5643051267637022e-02	   2.0590141861875208e-01	  -1.3696981216808993e-01	   1.9195542981380295e-01	   3.0449854382943348e-01	   3.2421833365057579e-01	   1.6358146424401787e-01	  -1.7451191459946516e-01	  -1.1757076466182870e-01	  -1.2183421865126300e-01	
