   0.0000000000000000e+00	   1.0662905825042461e+00	   5.3650529568221161e-01	   7.2675261966698512e-01	   7.7722924020797146e-01	   6.9609905792026516e-01	   7.9722018685933749e-01	   3.2366780277639012e-01	   6.7061328374385254e-01	   5.1408753048975631e-01	   8.3003796350665282e-01	   4.6945802842956119e-01	   7.5152770391084167e-01	   4.3147781872211011e-01	   6.4131082476259171e-01	   7.5769032794363034e-01	   6.0697026579602964e-01	   3.4217414775604843e-01	   1.4999080838178394e+00	   1.2372648624251124e+00	   4.0290138127849345e-01	   4.5903133227134907e-01	   2.2633815617815115e-01	   6.1752055652252689e-02	   7.8435229747684979e-02	  -6.5320543062463883e-03	   3.0594107306918678e-01	   2.3648797909618652e-01	   5.4185978762425679e-01	   4.8205332406395851e-01	   3.2235185416394596e-01	   1.5963512995890805e-01	   7.3028290249310646e-01	   4.7811569798992826e-01	  -1.7675517081123873e-02	   1.8738616084540791e-01	   7.0902727719179784e-02	  -1.9688311477677470e-01	   2.9555603667955899e-01	   2.7052846379224310e-01	  -1.1209213652751641e-01	   2.9309662341739151e-01	   5.0532933577158445e-01	   3.7586353020107610e-01	   4.4363689795321382e-01	   4.8602642182345113e-01	   4.3336399608601611e-01	   3.4263353800952517e-01	   3.7495177023837500e-01	   3.2901608102236429e-01	   4.6156294753600124e-01	   3.3698932360729816e-01	   8.5202700809685106e-01	   6.6221872076086563e-01	   4.9454553988345540e-01	   6.2392259051793697e-01	   1.3612124603841504e+00	   9.9558492267992671e-01	   1.3131932939551867e+00	   7.4034479345103243e-01	   8.2274113270533267e-01	   4.3782121274588837e-01	   8.0685853171167965e-01	   7.1572486907809574e-01	   8.5205316626298933e-02	  -3.7371897077136361e-02	   4.8208551362425378e-01	   3.0527688048074358e-01	   9.3985200300062910e-01	   6.8245128576112613e-01	   3.0159521468573919e-01	   8.7674634422566525e-02	   7.6072790708809479e-01	   6.4038960145070201e-01	   7.8632303368810796e-01	   6.5796124061066130e-01	   5.5679275473923673e-01	   1.9995012969772372e-01	   4.2392332734643834e-01	   2.5581340462126834e-01	   7.2033666674687125e-01	   3.7753156904273444e-01	   7.2618352417914966e-01	   7.7563058519110450e-01	   7.6567382923550054e-01	   4.9173939768009145e-01	   6.5168370632557004e-01	   4.9149235838048339e-01	   9.1989848408241925e-01	   1.0939875595674797e+00	   4.1333686661107527e-01	   6.4176584108708745e-01	   3.3356892513323894e-01	   8.0197444583978039e-01	   1.9793139341868732e-01	   4.0788671156896925e-02	   2.4475199956541316e-01	   1.3189549060987804e-01	   5.0059183090777815e-01	   6.9547957617627787e-01	   4.9130422845967525e-01	   1.2558750301941080e+00	   6.8057971301938225e-01	   9.6418374953148878e-01	   3.2301148320543045e-02	   1.0942765850208211e-01	   6.4989470273310757e-02	   1.4747338055348058e-01	   1.5010088641203390e-01	   1.1961811474900064e-01	   1.6884103726647445e-01	   3.9132760689197127e-01	   4.9490628280939192e-01	   2.5737396851404309e-01	  -2.6138537942172076e-04	  -1.1038616597207861e-02	
   1.0662905825042461e+00	   0.0000000000000000e+00	   2.4530380581842243e-01	   7.0619109401674407e-01	   3.2277944489496768e-01	   6.0076330116827037e-01	   4.2295894748149487e-01	   3.5709199289666849e-01	   3.6823477563769841e-01	   3.7740537194500012e-01	   5.2453724426462800e-01	   5.0789100262205866e-01	   4.1936570900499998e-01	   4.4804731507921669e-01	   4.9313074248461930e-01	   8.5129160305451590e-01	   5.7964062999067867e-01	   2.8667346939341709e-01	   7.7229865743559201e-01	   8.7358689027602543e-01	   5.2661230047040108e-01	   5.8632813597849598e-01	   2.3980175649777148e-02	   1.0268097303897179e-01	  -6.6136759248313859e-02	  -8.0014980477100858e-02	   2.1200039112560420e-01	   2.1528297498568572e-01	   4.6176673278788083e-01	   4.1314133394726521e-01	   4.4427902722183950e-02	  -9.0513096182472871e-02	   5.0173664399484652e-01	   2.7420982664801918e-01	  -1.5101430723407971e-01	   6.6767922646982933e-02	   1.2719258167724826e-01	  -2.3661530566192222e-02	   4.4264552339616092e-01	   4.8741820124001639e-01	   3.4990156318238264e-02	   5.1108726683302230e-01	   4.3844868620042993e-01	   2.5678398751585180e-01	   4.3119693187866248e-01	   5.2790984652468520e-01	   4.0004020835879983e-01	   2.8856889845238254e-01	   4.6210715592971235e-01	   4.5923053773516720e-01	   6.0613463297371950e-01	   4.9187995930006656e-01	   6.9460122080251696e-01	   5.8676232625007918e-01	   5.2529465919228413e-01	   7.0396338202387365e-01	   1.1753095067526644e+00	   1.3402683466527938e+00	   7.9770287265754181e-01	   8.7707022575183946e-01	   6.6946035621713318e-01	   5.5103396161572782e-01	   7.3395648634468635e-01	   9.6255286591293776e-01	  -1.4636146075939813e-04	   7.0677518047174911e-02	   4.7850633220432287e-01	   3.4910638745389144e-01	   7.9924710626656492e-01	   7.2386944511201889e-01	   1.0158954904852896e-01	  -6.4282861563397395e-02	   5.3078437615795437e-01	   5.9002965357443304e-01	   4.4696336376512041e-01	   6.6257294513298626e-01	   4.6033784195617922e-01	   3.5385108293308082e-01	   5.6157106320586481e-01	   1.8458742742610865e-01	   8.5512120630230626e-01	   3.8187686234990520e-01	   7.1186045690631439e-01	   1.0476139192130056e+00	   6.0581755345105426e-01	   5.5231482887236827e-01	   5.0790379617059567e-01	   6.7767602281050676e-01	   5.9578513425556168e-01	   9.9588084826053724e-01	   4.8241036565873141e-01	   5.0005018714552907e-01	   4.0822420872369836e-01	   4.8145524021895392e-01	   3.1677050167717347e-01	   1.3938671998979885e-01	   4.2801417309099971e-01	   2.8637120818978140e-01	   5.8930711150808790e-01	   5.9520777908427736e-01	   5.7605701045111968e-01	   8.1608262451462266e-01	   8.0992475430835509e-01	   1.0006912081600858e+00	   2.6694084314239097e-01	   1.4601992868883720e-01	   1.9457610600995162e-01	   2.6285784279406438e-01	   3.4418398137250922e-01	   3.2971626477296667e-01	   1.3483043866044686e-01	   3.3917173032072934e-01	   5.1767740099979709e-01	   4.0504659617318306e-01	   8.9395907253578669e-02	   3.7748150684144548e-02	
   5.3650529568221161e-01	   2.4530380581842243e-01	   0.0000000000000000e+00	   5.4178025439285793e-01	   7.2049433489611281e-01	   3.1130066531066913e-01	   1.2038737909672852e+00	   4.2791994925826937e-01	   7.6484559556421439e-01	   3.5355221579098628e-01	   3.5312802230496543e-01	   1.8993379676403671e-01	   7.1940185432920245e-01	   2.2766958104108057e-01	   7.6841221681818295e-01	   3.3436944078168634e-01	   6.7849695400136745e-02	   6.3784190267637222e-02	   6.4089594129173355e-01	   3.4946263857882265e-01	   2.6288090602502390e-01	   2.8277305636621725e-01	   1.0394928117101061e+00	   5.6409466701215272e-01	   5.4744797821952584e-01	   4.6306321515280063e-01	   4.2166566035961278e-01	   3.7264720275646335e-01	   2.2316709640759580e-01	  -3.9382852851381853e-03	   7.9830481775096407e-01	   4.9499629622477831e-01	   5.5637929355767679e-01	   3.3241930208051951e-01	   6.4360288912655617e-01	   4.0550949937347480e-01	   9.8784957515855379e-02	  -2.4926636661144318e-03	   2.3010201162073282e-01	   3.1538593386500452e-01	  -2.0731562168636786e-01	   1.4735749405599302e-01	   1.7241479125104897e-01	   8.1948424902349742e-02	   1.1815773795121556e-01	   1.3071831904616343e-01	   9.7700330890983844e-02	   8.5911293850113396e-02	   2.0837169210503197e-02	   5.1251593220682623e-02	   2.2664401245732696e-01	   1.6907477960331174e-01	   3.7694494169195047e-01	   3.7526204325663093e-01	   1.3082620356485400e-01	   1.8065872449534834e-01	   2.8761465373831901e-01	   1.8055654573012503e-01	   4.5227919260260485e-01	   1.3565110404414352e-01	   5.2473074226269234e-01	   1.7785545552625401e-01	   3.7915244786135038e-01	   6.7434592670813504e-02	   8.8531111860501577e-01	   2.5559216594462708e-01	   4.7357737286951596e-01	   2.1101638899360489e-01	   3.9886132210467723e-01	   2.6174614964511833e-01	   3.0333671632003090e-01	   1.4195639859911707e-01	   5.5069860796962522e-01	   2.4706876872141026e-01	   6.5491598321126376e-01	   2.9490186491448483e-01	   1.2193150572263872e-01	  -2.1117655574252558e-02	   4.7019010986456729e-02	   9.9912226414985580e-02	   2.4750384189048263e-01	   2.8597795460689568e-01	   4.6201962045130629e-01	   3.4552935461892120e-01	   9.2881295266233221e-01	   4.9501577334645397e-01	   7.4697836130187367e-01	   4.0702428539167801e-01	   9.4090693877018139e-01	   5.5369763927497295e-01	   4.8091990485600256e-02	   4.6467249837552987e-01	   1.4510661371249117e-01	   7.9618057734399161e-01	   7.5153082503201171e-02	   2.0051798775036826e-02	   6.3562666568029960e-02	   1.1709793011493655e-01	  -2.2977698869102149e-02	   1.4601897310333106e-01	   2.0512919380133218e-01	   5.8364647636096256e-01	   1.8663872450205635e-01	   2.2326730284169291e-01	  -8.4590972015346710e-02	  -2.6679629004783094e-02	  -6.2417060074812174e-02	  -7.8556129381943104e-02	   3.5747331112825909e-02	   6.2131231057128540e-02	   4.2386079563585664e-02	   7.9275869387613399e-02	   1.4045640151991140e-01	   1.9290943783344142e-01	   5.7962196569924886e-02	  -3.1399714765611257e-02	
   7.2675261966698512e-01	   7.0619109401674407e-01	   5.4178025439285793e-01	   0.0000000000000000e+00	   4.5842308289903161e-01	   5.4644908080413768e-01	   9.3187408402623451e-01	   1.2868980089060131e+00	   7.7974538544460437e-01	   8.5024090277155273e-01	   4.8360503856331949e-01	   6.8993412274835930e-01	   6.3191783634130116e-01	   7.8747905836686960e-01	   4.2562890583874757e-01	   7.1123768113577668e-01	   1.8163806565556878e-01	  -8.6910538224286668e-02	   7.8043802534784679e-01	   5.9989793507736433e-01	   2.1392278068485554e-01	   2.6750839329285148e-01	   2.8137498896965113e-01	   4.8375145857608465e-01	   2.9030980299067182e-02	   1.7112502640825433e-01	   5.5658962512221515e-02	   1.5598274672367576e-01	   3.9753933482263248e-01	   1.9263105360641186e-01	   1.7157277904926521e-01	   1.6534611965709597e-01	   4.6734817603078715e-01	   3.6050777032754328e-01	   1.9775932182301864e-02	   2.3545007258944708e-01	   1.5261618882418140e-01	  -3.2485313533457190e-02	   2.6903642885156559e-01	   3.0279962932070770e-01	   1.3903975695634291e-01	   2.3961573148410481e-01	   2.5219200211250453e-01	   1.0445143041996444e-01	   2.3280862292389481e-01	   3.6647485578015643e-01	   2.5110387758339064e-01	   1.9790217780137156e-01	   2.6931086991191111e-01	   3.6232160826455773e-01	   5.5178777335296514e-01	   5.5606614160677870e-01	   4.7444464475940296e-01	   2.7772296335019742e-01	   3.0060570265297271e-01	   4.1169618779190975e-01	   5.4550845941166792e-01	   5.1062002527105088e-01	   6.2962457588491527e-01	   8.0267724982624533e-01	   7.8647084200706896e-01	   9.8962709289679485e-01	   5.0641780503855305e-01	   5.5340301841506812e-01	   3.8874916340221666e-01	   5.8535020104770030e-01	   7.2928838222514569e-01	   7.2404683124959501e-01	   4.8233564029716708e-01	   4.5401445229607529e-01	   2.9906638735419155e-01	   2.9951109507446796e-03	   6.8584289132015652e-01	   4.2023884980646181e-01	   6.1244695234655333e-01	   6.1317059303557142e-01	   4.0156151051072053e-01	   4.3353892652536569e-01	   2.7407342052318884e-01	  -9.1906841415320226e-02	   4.7526101330811005e-01	   4.5213729023234048e-02	   6.1494235478738479e-01	   6.9301588399078629e-01	   6.5383037635759855e-01	   7.3718075025567131e-01	   5.2768423381985730e-01	   6.1350732965288912e-01	   6.0002259766671773e-01	   1.0002716415206978e+00	   6.2537875944032639e-01	   5.6979379171022992e-01	   7.0097547641560820e-01	   5.2766153471953436e-01	   3.0594262817850582e-01	   1.2501500861070478e-01	   2.8538357914847828e-01	   2.9374510163724449e-01	   3.8963460457489929e-01	   4.3370885347823696e-01	   7.3222251531105265e-01	   7.0436054387195324e-01	   6.2302039405230702e-01	   5.9877834840650013e-01	   3.1171600982305309e-01	   1.3561817147968408e-01	   3.8429367256181340e-01	   3.7372230632079623e-01	   2.2955095537033404e-01	   3.2572456956504836e-01	   1.4138893122961524e-01	   3.2563317177826923e-01	   4.6512455620448562e-01	   4.7471968077398835e-01	   3.2337094532598620e-01	   1.1317298413597829e-01	
   7.7722924020797146e-01	   3.2277944489496768e-01	   7.2049433489611281e-01	   4.5842308289903161e-01	   0.0000000000000000e+00	   7.6324785470884449e-01	   8.1770053772193363e-01	   2.7558289294010208e-01	   8.6656742684612975e-01	   5.0195617430385553e-01	   4.9937513950925927e-01	   1.9914692409970997e-01	   6.8743434790805535e-01	   1.4763908492702152e-01	   6.0735456065409621e-01	   4.6107656082448867e-01	   4.2309871933961080e-01	   2.9537886239263567e-01	   7.5868266893485059e-01	   6.4817175761173440e-01	   4.4970040152535679e-01	   4.6801244469085657e-01	   5.0492148577590723e-01	   1.9235322197557056e-01	   5.3560254090763948e-01	   4.5877638438413676e-01	   6.8490306642506404e-01	   5.7587521240936779e-01	   3.6812206211725612e-01	   3.1749318804774956e-01	   7.3906468591402696e-01	   5.5473533877961700e-01	   6.4654077579967573e-01	   4.2097514686100873e-01	   4.8623414040651403e-01	   4.3365753590961992e-01	   1.6119250418991199e-01	  -6.5321661091388705e-02	   3.1173399267882523e-01	   1.7638408786316728e-01	  -1.5436426657926852e-01	   1.3294713873469288e-01	   5.2580838005718356e-01	   4.5504530241320246e-01	   3.0705984488611859e-01	   2.7295775040571985e-01	   3.7770709730590035e-01	   3.7475111037450587e-01	   2.1659941115399928e-01	   6.0398411270213559e-02	   2.8773398881292667e-01	   1.1430483159395056e-01	   5.2397094905175057e-01	   4.9426925004803318e-01	   3.8834272101165168e-01	   4.0082196232161799e-01	   4.5191216734164724e-01	   2.8638584029978120e-01	   6.4052893692521606e-01	   1.8629243318346855e-01	   4.0365149483903495e-01	   1.5291487093160694e-01	   3.2112809100685918e-01	   1.1588440254208056e-01	   4.7977032477535991e-01	   1.4579682582158612e-01	   5.5448602957851989e-01	   3.4694360951586356e-01	   6.3986976919843019e-01	   5.1334528916259670e-01	   3.4096438204192875e-01	   2.8365873837380828e-01	   5.2713088082718862e-01	   3.8379007946349275e-01	   5.8592335082260061e-01	   2.7409350945173561e-01	   4.1684242280590894e-01	   1.2761448704695305e-01	   3.0831183898272257e-01	   3.8326645672079379e-01	   5.3742277690896678e-01	   4.6024347048270331e-01	   5.1955573770425012e-01	   4.1420019879503617e-01	   7.8068616480290309e-01	   5.1912711655020161e-01	   6.2831158746772098e-01	   3.3954439371663275e-01	   9.0897471096775750e-01	   5.8376086889732404e-01	   2.8545080424004271e-01	   6.4164731113870166e-01	   2.6640072721407854e-01	   8.7402786519516407e-01	  -1.0393421208236292e-01	  -1.6849217991455284e-01	   2.7279913137818995e-02	  -7.9680784225742679e-02	   2.8501847108022399e-01	   4.4539370835023934e-01	   2.7767432661118163e-01	   7.5432291225454562e-01	   3.5209894380516921e-01	   4.6779884441994679e-01	  -2.9646971795276672e-01	   1.6864216058108505e-01	  -1.5862204191965648e-01	  -4.2739226020422905e-02	  -1.8091972778390519e-01	  -1.5680781930949131e-01	   3.0267245742693144e-01	   3.2673926950960541e-01	   3.6825000949910919e-01	   1.3978531317129955e-01	  -8.6824083829642571e-04	  -1.6895885101726699e-01	
   6.9609905792026516e-01	   6.0076330116827037e-01	   3.1130066531066913e-01	   5.4644908080413768e-01	   7.6324785470884449e-01	   0.0000000000000000e+00	   3.6920332663851124e-01	   3.6597377787320301e-01	   4.0686174699114752e-01	   7.6913835217773086e-01	   2.2748711116386530e-01	   2.3643515193857279e-01	   2.7077554402940895e-01	   2.6912727859674529e-01	   3.9063228411288592e-01	   7.1563633752683331e-01	   3.6157636045785252e-01	   1.4317082919720778e-01	   6.1920057751909441e-01	   6.1553209018645816e-01	   7.4266369427741108e-01	   8.3195359687254067e-01	   1.2578279454210539e-01	   1.0573689668585542e-01	   3.3011441016947290e-01	   4.1036887403816324e-01	   6.8078344343594688e-01	   5.9936909552263451e-01	   2.8616280798830335e-01	   2.0276109014420812e-01	   3.6070136673024972e-01	   1.9380981823026966e-01	   5.4746047421669908e-01	   3.3256385870928462e-01	   5.0745163800243111e-02	   9.8814167946596337e-02	   1.0394841897437165e-01	  -1.1804047612328432e-01	   4.3077538091432543e-01	   3.8309482542691209e-01	   1.1933745422936955e-03	   1.9274067468529266e-01	   6.2491298196506539e-01	   5.1258788492387430e-01	   6.5775967526455914e-01	   6.9390431099512706e-01	   5.0966856034802244e-01	   4.9238728657989489e-01	   5.1032387074497854e-01	   5.1390729298303139e-01	   5.2781874406740059e-01	   4.6373892890321994e-01	   4.5918088398958123e-01	   5.0539461219264470e-01	   3.5112402788809138e-01	   6.4549432808866825e-01	   5.0961261695699733e-01	   4.8416198413663236e-01	   5.6402938607076891e-01	   4.9511189047756654e-01	   3.5593319611162094e-01	   4.4092414790248141e-01	   2.3912590447645582e-01	   2.2805574586799043e-01	   2.5020354285464874e-01	   2.3615496324424767e-01	   5.4690143362405308e-01	   5.4185849299982203e-01	   4.9095948357375496e-01	   4.6091033397632525e-01	   2.4179414651959771e-01	   2.1387571467440236e-01	   4.7469313650715250e-01	   2.9689194343669872e-01	   4.7150572532081653e-01	   3.7314856088311510e-01	   4.9600548913521891e-01	   4.0966244805532992e-01	   4.4471308194455667e-01	   2.7987119836366237e-01	   5.1912244907688621e-01	   2.4532121230773438e-01	   6.1003511783374142e-01	   6.9408701914494086e-01	   4.7919969278736080e-01	   4.4312071839172040e-01	   5.7921339805943484e-01	   6.9100594897940337e-01	   6.0577341860887690e-01	   7.3812331431907674e-01	   4.2057175028271460e-01	   3.8143592062164910e-01	   3.7975898957515358e-01	   4.0312868910772381e-01	   1.6723844472452748e-01	  -1.1778395681211268e-02	   2.7055606451321829e-01	   1.4346300645907109e-01	   3.7853758944755317e-01	   3.9201143182805054e-01	   3.3416453475004199e-01	   5.7509068221249549e-01	   3.9686696795782961e-01	   5.7389623817945323e-01	  -1.3068907176864862e-02	   7.8731007290140681e-02	   1.2519228141782260e-01	   2.0321262424606459e-01	   1.0777987825292838e-01	   1.6832965612745290e-01	   2.9056433658239550e-01	   2.8669436899825251e-01	   3.9278652154178417e-01	   3.1958080549542622e-01	   2.1258700003505898e-01	  -8.5280256510424590e-02	
   7.9722018685933749e-01	   4.2295894748149487e-01	   1.2038737909672852e+00	   9.3187408402623451e-01	   8.1770053772193363e-01	   3.6920332663851124e-01	   0.0000000000000000e+00	   8.3554966162333089e-01	   1.1201196930240842e+00	   5.8268517655396579e-01	   6.7610070829259927e-01	   5.2904128259441741e-01	   1.1519831795245599e+00	   5.8410943453007669e-01	   7.0764594497240429e-01	   4.5021021097764324e-01	   1.1095682260803262e-01	   5.2340674388749078e-02	   9.1344843496600958e-01	   5.4149461236552099e-01	   1.3987789151070537e-01	   1.8449466802456910e-01	   7.4226697972785705e-01	   5.3733674567284284e-01	   1.8713003757883881e-01	   2.1612507049217672e-01	   1.4081116013895559e-01	   1.2473390376649326e-01	   3.3657162239959604e-01	   1.7099232651379456e-01	   5.5823989104984584e-01	   4.4935859893485031e-01	   6.6980174261980718e-01	   4.9998620910717562e-01	   4.3856532172788310e-01	   4.4745599280656140e-01	  -2.8677415363406764e-02	  -8.2513888456905451e-02	   7.7639117973574784e-02	   1.5130808384976138e-01	  -2.4351106188538080e-01	   2.4437508390689619e-01	   2.4179484096130627e-01	   1.4380071932873537e-01	   1.8182085349371255e-01	   2.5769737914923285e-01	   1.6309010144611885e-01	   1.2281437666123333e-01	   1.4058079794602402e-01	   1.9697943293782147e-01	   4.0768723351975400e-01	   3.5913172891467010e-01	   5.8578187856720232e-01	   4.2954684567178580e-01	   1.7259615306591752e-01	   2.4535027344357946e-01	   5.0771620726750011e-01	   4.0106932769245551e-01	   8.2282435963252409e-01	   4.5239098822133217e-01	   9.5992534651239225e-01	   5.0174922287931700e-01	   6.4674642546254468e-01	   4.0087306067173889e-01	   6.1766904571209658e-01	   3.2896513887675938e-01	   6.1183279648499556e-01	   4.6615859383519326e-01	   5.4509721446956316e-01	   4.0325440863028239e-01	   1.7805506152328149e-01	  -4.9035248251176798e-02	   7.0287722864243851e-01	   3.9228395920203052e-01	   8.1715470560913150e-01	   4.8549956481642942e-01	   2.2465100286698991e-01	   4.2037051866295076e-02	   8.8241647688723862e-02	   6.5728004473223814e-02	   3.5718931114895602e-01	   1.8686762166619281e-01	   4.7206855892580851e-01	   4.3783944712901224e-01	   1.0089400863329994e+00	   6.2517804216962125e-01	   5.6203320628234055e-01	   3.1562824082411789e-01	   9.0195769913773505e-01	   8.7124135574787298e-01	   2.7553893424055370e-01	   6.8389180559409279e-01	   3.0884037730843628e-01	   8.7925267052425149e-01	   1.3625260627744115e-01	   1.0580437512850613e-01	   4.3629407329222450e-02	   1.4889489027217059e-01	   1.6853009716931619e-01	   3.5577616879466389e-01	   4.6310721603297633e-01	   8.5696394152869826e-01	   3.9571532487447525e-01	   4.3625247270172984e-01	  -6.9824806252582342e-03	  -3.6640626475246754e-02	   5.3532172332376778e-03	   1.0816752514101758e-02	   6.6509071604537631e-02	   5.3184238873458689e-02	   3.9631732387240499e-02	   2.1667510552530950e-01	   3.0732281462847627e-01	   2.1579554929938763e-01	   9.7338014961498368e-03	   5.8830581446817638e-02	
   3.2366780277639012e-01	   3.5709199289666849e-01	   4.2791994925826937e-01	   1.2868980089060131e+00	   2.7558289294010208e-01	   3.6597377787320301e-01	   8.3554966162333089e-01	   0.0000000000000000e+00	   6.5430998946059116e-01	   8.3655544823725836e-01	   3.5029551680612442e-01	   7.3861964143566983e-01	   5.5969553816567008e-01	   9.3407954429932416e-01	   2.9678679508290234e-01	   4.3688935564973574e-01	  -1.2411413675794465e-01	  -2.9274252663990691e-01	   4.1487791540468621e-01	   2.0169049490990576e-01	   4.2684386657826194e-02	   1.0525800496343289e-01	   3.4034498248402040e-01	   6.9853660822784713e-01	  -5.3380204864565184e-02	   2.2722591924205593e-01	  -1.2653008794516207e-01	  -2.1239640930202443e-02	   1.8620037787434882e-01	   9.5504796919292125e-03	   1.5833143253300447e-01	   2.3442293096938055e-01	   2.8777019672167403e-01	   2.2592458252859876e-01	   1.1506321030086847e-01	   2.2561166662200949e-01	  -1.8244755973956112e-02	  -4.8932197697452842e-02	   1.6858489305419614e-02	   8.8050019686095868e-02	   2.5742858180923849e-02	   1.7899681208537946e-01	   1.4530379063829790e-01	   6.9254680619700332e-02	   1.0382070369239710e-01	   2.7622415852584242e-01	   1.1404628381255959e-01	   8.6344449789679395e-02	   1.6006478888816625e-01	   3.8089880659752290e-01	   5.0223314087855597e-01	   6.3213134708066920e-01	   3.1976286001417448e-01	   1.2272576042792183e-01	   2.4305291229397018e-02	   1.5904268812237277e-01	   2.2801356390495056e-01	   2.6336435853149021e-01	   4.4058584335281054e-01	   6.7546192513182435e-01	   6.9770907182152941e-01	   1.0469987186700289e+00	   3.6668544382377938e-01	   3.8146095101028304e-01	   4.2590959537044815e-01	   8.0121204201392726e-01	   6.0467873177905218e-01	   8.3879312818395024e-01	   2.2463426275822865e-01	   2.3012696673263561e-01	   1.2057939457660893e-01	  -1.2982976974809279e-01	   5.2112765196991240e-01	   2.5175756616949646e-01	   4.8083541712409761e-01	   4.8219485185580480e-01	   2.1743619371675943e-01	   3.7588778928642114e-01	   8.6566401011120980e-02	  -1.8186839942453095e-01	   2.2902414284504302e-01	  -1.4588431150568876e-01	   3.5133904814975769e-01	   4.0825919800103533e-01	   5.0148834676916598e-01	   5.5867641803865897e-01	   2.8521832109798906e-01	   3.6318546168852150e-01	   3.2790316295071192e-01	   6.7312583270204773e-01	   5.1704221432971575e-01	   4.1641815027107021e-01	   5.8597094553340967e-01	   3.1387235177954914e-01	   2.8239327953084203e-01	   2.1678998100285099e-01	   1.2909606898821191e-01	   2.7910359867961654e-01	   1.8554187086857671e-01	   1.8720577162087165e-01	   5.6364238061262162e-01	   4.2465377444304087e-01	   3.9704005577342638e-01	   3.3907633899754785e-01	   2.3854872710333958e-01	  -2.6802872267161215e-02	   2.9598216040418801e-01	   2.3256526106102485e-01	   2.1913592785576158e-01	   3.0144259226466191e-01	   5.1031206593675403e-02	   1.9839984484697409e-01	   3.7835794249081411e-01	   3.6424093050950673e-01	   2.4576099231603638e-01	   1.5963605803317271e-01	
   6.7061328374385254e-01	   3.6823477563769841e-01	   7.6484559556421439e-01	   7.7974538544460437e-01	   8.6656742684612975e-01	   4.0686174699114752e-01	   1.1201196930240842e+00	   6.5430998946059116e-01	   0.0000000000000000e+00	   8.2309196147611563e-01	   6.3900193667920768e-01	   4.9844462059259476e-01	   9.6572916716103219e-01	   5.6747040321842923e-01	   8.2315067541624720e-01	   5.5320825134432139e-01	   1.0518953156869476e-01	  -7.1906090190736710e-02	   7.2539532626773484e-01	   4.2595795328459451e-01	   1.3146057976573478e-01	   1.7185305450589888e-01	   4.3639355185797052e-01	   3.0149779323943143e-01	   8.2720943417526088e-02	   1.2432310085140155e-01	   1.3293653753180279e-01	   1.2916762962701042e-01	   3.5561143823688179e-01	   1.9308661646422837e-01	   2.9681272571906053e-01	   2.0602739702275849e-01	   2.8152672879532781e-01	   1.7569945106811563e-01	   3.4736568036524573e-01	   4.9486880690330787e-01	   1.7977845685529814e-01	  -2.3244900956472525e-01	   1.4974424738608316e-01	   5.7088138018125796e-02	   4.2455376200624659e-02	   9.8634588568030201e-02	   1.9072837901053677e-01	   6.2520207979777281e-02	  -1.9138934476895568e-02	   1.1087118805621579e-01	   1.2728023746555225e-01	   1.0766831896506537e-01	   3.0923561902487424e-02	   1.0955028042805744e-01	   1.2189973985205631e-01	   1.4040465302186131e-01	   4.5569194052054318e-01	   2.9760581310833484e-01	   2.0170687449315239e-01	   1.7660505879252097e-01	   4.0236211078439948e-01	   2.5196095032572619e-01	   6.4733243530174178e-01	   4.7112301721739958e-01	   8.4810304993650454e-01	   5.6233347066520156e-01	   4.3188806562595916e-01	   2.8615918243015581e-01	   4.6787520114449144e-01	   3.2997926335074368e-01	   4.0317405186528205e-01	   2.5457842332078529e-01	   6.2484234017283069e-01	   5.4494900374457478e-01	   3.6624235476585926e-01	   1.3622659836387069e-01	   5.6330848902150998e-01	   3.8199473052506949e-01	   5.1620936421452235e-01	   3.3027649118000579e-01	   2.0676569026019256e-01	   1.8139051386408994e-01	  -1.5894227069516143e-02	  -8.2265613383355363e-02	   3.6096026477595777e-01	   1.0046634025521993e-01	   5.5565643927113162e-01	   4.3327091967370490e-01	   7.7688901104477437e-01	   4.6558024076833843e-01	   4.4479411509214584e-01	   2.6184494624219273e-01	   8.1291849768765612e-01	   6.9197425615037755e-01	   3.8265806432738175e-01	   6.6899918870210417e-01	   4.7031508867731375e-01	   7.7313641821957291e-01	  -7.4822375300549037e-03	  -8.6486077370393988e-02	  -7.4631878583486258e-02	  -3.1180929799475524e-02	   1.6063549806250976e-01	   3.8010172233444173e-01	   4.8234158073627298e-01	   6.9766660399296276e-01	   3.9589232570359745e-01	   4.1561489271739088e-01	  -8.1780225328494268e-04	  -1.2204590290150759e-01	   4.6032562734385926e-02	   9.7542427717713029e-02	  -1.3150998632937722e-01	  -6.3053700987869901e-02	   4.9172264981713919e-02	   1.9950764612601521e-01	   3.6381447646955284e-01	   1.2225163426289995e-01	   2.3916659571919113e-02	  -3.4256735988594800e-03	
   5.1408753048975631e-01	   3.7740537194500012e-01	   3.5355221579098628e-01	   8.5024090277155273e-01	   5.0195617430385553e-01	   7.6913835217773086e-01	   5.8268517655396579e-01	   8.3655544823725836e-01	   8.2309196147611563e-01	   0.0000000000000000e+00	   3.3353643026533464e-01	   4.4237817236598032e-01	   4.9094064485803224e-01	   6.4960202156283764e-01	   4.4590673896597788e-01	   6.1698732242897780e-01	  -9.2917531338337120e-02	  -3.1718783873080064e-01	   5.7354374714908141e-01	   3.2880190663337855e-01	   6.5008689115046717e-02	   1.3632804656974934e-01	   1.2948708107843965e-01	   2.5660165476041868e-01	  -2.1097212462284329e-02	   1.7347494436697777e-01	   1.5122400647131543e-01	   1.6619299535843843e-01	   1.3052615780319354e-01	  -1.4339252014463445e-02	   5.7612207555757411e-02	   6.2423591757218263e-03	   2.2599150558108222e-01	   1.1613364344611754e-01	   1.0629920746887254e-01	   2.9231848602863386e-01	  -8.4001158705776756e-03	  -2.6460679641489016e-01	   2.5673037119778350e-02	  -4.6307089599595348e-02	   2.9126994807958991e-02	  -5.1857718536364979e-03	   1.5835386976799148e-01	   7.6953589047928581e-02	   1.8149424684369431e-01	   3.2570438024992743e-01	   1.7743885745156476e-01	   1.2856008094427954e-01	   1.7856315453921884e-01	   3.9168044953803094e-01	   1.7717720342144888e-01	   2.9650389952314626e-01	   2.2016110959188936e-01	   1.4421207014305276e-01	  -2.4963688862044961e-02	   1.4967405548228302e-01	   2.7600370104609956e-01	   2.3968434297617774e-01	   4.3516062925402488e-01	   5.8538184627518475e-01	   6.7699801545056726e-01	   9.2131926891862859e-01	   2.4844882107447885e-01	   1.8692369786596869e-01	   2.8468177941122730e-01	   5.3290143818852476e-01	   3.7689133690718191e-01	   4.6365475194054229e-01	   3.8835948706866008e-01	   3.8808632589571218e-01	   2.8280652888206154e-01	   5.6315384284136849e-02	   5.0411160032262248e-01	   2.2767785148249803e-01	   5.0837849015000991e-01	   3.7743986069069618e-01	   3.0081926014058513e-01	   3.2844201962080799e-01	  -8.2575519250948595e-02	  -2.4414279557111043e-01	   1.5054027751957832e-01	  -1.7457228945146744e-01	   4.6488304775147732e-01	   4.1065711793452170e-01	   4.3739357399071349e-01	   3.2012968217280685e-01	   4.4008026777315856e-01	   4.5024579338763893e-01	   5.0715229624963465e-01	   6.7479504400118173e-01	   4.7088802714445516e-01	   3.6549285366242856e-01	   5.7888498323560511e-01	   3.7936961524521029e-01	   2.5475803697708188e-01	   1.5411587388390405e-01	   6.5682674493461754e-02	   1.4645271859847828e-01	   1.7663979352039996e-01	   2.2880355610680697e-01	   3.9369035984374451e-01	   4.4348124448872805e-01	   2.7428274737734559e-01	   3.3937826901014589e-01	   1.1138069464332152e-01	  -1.2429451889156687e-01	   2.6020272874387784e-01	   2.3767577055069999e-01	   1.9494264925167035e-01	   1.6919890934996623e-01	   5.9459636736598639e-02	   1.9522129899874474e-01	   3.5933862305694975e-01	   2.5753326623931755e-01	   2.9065928039204814e-01	   1.4175670550844480e-01	
   8.3003796350665282e-01	   5.2453724426462800e-01	   3.5312802230496543e-01	   4.8360503856331949e-01	   4.9937513950925927e-01	   2.2748711116386530e-01	   6.7610070829259927e-01	   3.5029551680612442e-01	   6.3900193667920768e-01	   3.3353643026533464e-01	   0.0000000000000000e+00	   1.0754638910529595e+00	   1.4120505539733192e+00	   8.0206128931511367e-01	   6.7288559314922558e-01	   7.0251836483574159e-01	   4.4908731154205234e-01	   3.9665204395977455e-01	   7.8472724398620630e-01	   6.7688410437883684e-01	   1.1478485294783025e-01	   8.8462010291416884e-02	   3.4596823623962381e-01	   2.4667347420959512e-01	  -2.9044241138473004e-01	  -2.7103215098404693e-01	  -1.5666053939634947e-01	  -2.1308469927912579e-01	   8.1568873039605494e-01	   8.0998037776579013e-01	   2.5734066890768226e-01	   3.1737446053843987e-01	   5.9330705663347449e-01	   4.5130786414351609e-01	  -3.8435280611956620e-02	   2.0841975712107383e-01	  -9.7787746121410751e-02	  -2.4212356015274633e-01	  -5.0836656576249993e-02	  -4.2088262148948202e-02	  -2.7384407781133757e-01	   1.4687235000742838e-01	   3.1621481120923989e-01	   2.8000721863887612e-01	   1.1442017391478808e-01	   1.7327902937259149e-01	   2.6221299888907590e-01	   1.6269222887700069e-01	   6.6953475787020864e-02	   8.0153805452020027e-02	   1.7878274256580229e-01	   1.4264042156361467e-01	   7.2606791561777173e-01	   3.3999166483969862e-01	   3.0310504623903883e-01	   3.2192980017135187e-01	   7.5809242161247714e-01	   6.0296288492803340e-01	   8.7096682458591423e-01	   5.5858678993041633e-01	   8.8097430265033727e-01	   4.0777555836819973e-01	   1.1490722297686957e+00	   8.6394885075471750e-01	  -1.9048281975388467e-01	  -2.2023792061552230e-01	   1.5329815805491520e-01	   1.2938991965376512e-01	   6.0437535160968547e-01	   3.9121303708898408e-01	   1.3565126616606410e-01	   1.0043281233238345e-02	   7.0967285392238588e-01	   6.3533966452467971e-01	   6.3650532269000526e-01	   4.7065062335538255e-01	   2.8334598526155352e-01	   1.1056822573956010e-02	   2.6610318649436165e-01	   2.3248185299677221e-01	   6.4600327527244938e-01	   3.3667051049115582e-01	   4.8180006394443886e-01	   5.6398897586515107e-01	   7.7588091004842297e-01	   4.9749134018085206e-01	   2.5757885611712894e-01	   1.4637829340023634e-01	   5.6997151795968359e-01	   7.0927565762186451e-01	   3.0323975383748586e-01	   4.8627019708841890e-01	   2.0690251325763850e-01	   5.3083275564167054e-01	   6.3573219111227139e-02	  -5.7982125375372923e-02	  -3.0876294043030827e-02	  -1.1405849196958900e-01	   3.3391011146610605e-01	   4.2745587224904585e-01	   2.6575368152350426e-01	   7.4254553595435169e-01	   4.0616624907101129e-01	   4.7103678413790945e-01	  -2.2750425790838100e-01	  -1.3572926338826900e-02	  -1.4501333428076954e-01	  -1.7977375006911861e-01	   4.2116038885198097e-02	   1.0967281770764083e-02	   1.4951234383118436e-01	   3.2450204290056200e-01	   3.8841340813161090e-01	  -3.3763930679838322e-02	  -3.9199367918384787e-01	  -8.7030010344941091e-03	
   4.6945802842956119e-01	   5.0789100262205866e-01	   1.8993379676403671e-01	   6.8993412274835930e-01	   1.9914692409970997e-01	   2.3643515193857279e-01	   5.2904128259441741e-01	   7.3861964143566983e-01	   4.9844462059259476e-01	   4.4237817236598032e-01	   1.0754638910529595e+00	   0.0000000000000000e+00	   9.8932429074921169e-01	   1.5687195764867878e+00	   4.9842653976359935e-01	   8.1132362868279395e-01	   2.8786780487861718e-01	   2.4077702016535224e-01	   4.9875067794520478e-01	   5.0850318663454130e-01	   9.8102150688040207e-02	   1.1951306775455482e-01	   2.1723991236085805e-01	   3.7904069814457075e-01	  -3.5581370326963108e-01	  -1.6566985026756770e-01	  -2.9630337150804453e-01	  -2.6302376886856438e-01	   6.4800591000885921e-01	   7.4840664701374082e-01	   1.3253857232682822e-01	   3.0050613602546494e-01	   4.6444301858708587e-01	   4.2004214411179841e-01	  -1.4011475236749474e-01	   1.1417594648506592e-01	   2.6644571886924102e-02	  -1.1573291417067362e-01	   2.9170722098138997e-02	   1.0527116192010597e-01	  -7.8571975709021552e-02	   2.7796797628670167e-01	   3.2706740032092996e-01	   2.5399248751458070e-01	   1.3014720185211415e-01	   2.7275292817022756e-01	   2.6468286561488502e-01	   2.2737904407226811e-01	   1.3195610664019555e-01	   2.4731722111751028e-01	   3.1290831580317890e-01	   3.4316086381036642e-01	   6.2996350373984888e-01	   2.4094679777546429e-01	   3.1699918806907273e-01	   3.4809775778577451e-01	   5.3264437724017510e-01	   4.6539915463400527e-01	   6.4427450598484060e-01	   7.9823380907757724e-01	   7.2442744699879469e-01	   7.1441016059889562e-01	   7.5754825337857123e-01	   8.7037639634616948e-01	  -1.6279127393086343e-01	   8.7885161950342225e-02	   2.7210217719942953e-01	   4.2512051269499646e-01	   4.9991393467365208e-01	   4.1041701246665552e-01	   5.2859474707375530e-02	   4.1985289620262746e-02	   6.6518193147522908e-01	   6.9333721842214913e-01	   4.8551405896348743e-01	   5.1310875174712245e-01	   3.0448109228649650e-01	   2.9860794894373699e-01	   2.6913148616863924e-01	   1.5804540621245011e-01	   6.4741621953235651e-01	   2.5306073556998832e-01	   4.5420841514657789e-01	   6.5340705730208026e-01	   5.8864286837232460e-01	   6.0536656022395674e-01	   7.6653959215035650e-02	   1.8274590813916386e-01	   2.7320407876622144e-01	   6.8873017742513776e-01	   5.4477607632805858e-01	   4.5978097347026126e-01	   4.4362164321911696e-01	   3.6118298031611112e-01	   8.9053833988320452e-02	  -6.7576239624749943e-02	   5.6803556457545284e-02	  -2.7388205320412359e-02	   4.1580830619452186e-01	   3.7138265752200245e-01	   4.5099867415536032e-01	   5.6473558294995696e-01	   5.6654791445489372e-01	   4.8109021242255173e-01	  -9.4854825331991605e-02	   8.3437494094205394e-02	   5.6355950430824978e-03	  -7.9107459901850197e-02	   1.0871143759254551e-01	   1.8652916779472437e-01	   2.7672923674883954e-01	   3.7135813286697145e-01	   4.9358108066005801e-01	   1.5209729442238415e-01	  -2.4833276989973591e-01	  -1.5249137700721067e-02	
   7.5152770391084167e-01	   4.1936570900499998e-01	   7.1940185432920245e-01	   6.3191783634130116e-01	   6.8743434790805535e-01	   2.7077554402940895e-01	   1.1519831795245599e+00	   5.5969553816567008e-01	   9.6572916716103219e-01	   4.9094064485803224e-01	   1.4120505539733192e+00	   9.8932429074921169e-01	   0.0000000000000000e+00	   8.4718588844027143e-01	   9.4407402485479475e-01	   6.9661405782875396e-01	   2.6657881668535999e-01	   2.9323556737043166e-01	   8.6232422067800352e-01	   6.4664716318963478e-01	   8.2593844292531027e-02	   8.5366598824515111e-02	   6.3225118556631421e-01	   4.3391625611354345e-01	  -7.3255012051934951e-02	  -4.5002063673524599e-02	  -2.5502931427058551e-02	  -6.8276326391918746e-02	   6.2717453389486488e-01	   5.9692699398121263e-01	   4.5326334798379853e-01	   4.7112972463512082e-01	   6.7863421981429517e-01	   5.3373742330253815e-01	   2.5705013444145397e-01	   3.9214344791967776e-01	  -5.5165922597305461e-02	  -2.1824199984024836e-01	  -1.1943623880456635e-02	   1.4344580564644415e-02	  -3.2902886795283837e-01	   1.6118902644977356e-01	   2.9990827295352934e-01	   2.2481818591665770e-01	   1.2928389303775809e-01	   1.9708927717335673e-01	   2.2685167790087424e-01	   1.6275177398059618e-01	   6.6804475539893160e-02	   8.8776754871689345e-02	   2.1601253329196671e-01	   1.6391787851518863e-01	   7.0418291995361748e-01	   4.2264303080626220e-01	   2.5296092915095725e-01	   2.7498309809246180e-01	   5.4749331760383868e-01	   4.0371600050086281e-01	   8.4845464175879137e-01	   4.7428246669774726e-01	   9.5997524634048570e-01	   4.3321590735564441e-01	   8.9838652210562775e-01	   5.9650804129205537e-01	   1.7476875481943555e-01	  -7.8549258838461703e-03	   3.3649521909865926e-01	   2.5749479765538186e-01	   6.4626584259999431e-01	   4.5228753103238684e-01	   1.2030783364328819e-01	   5.3530785863273804e-02	   7.1225981458903131e-01	   5.8758003039712059e-01	   7.0662177783264657e-01	   4.1036544412716575e-01	   2.1084432459306507e-01	  -1.0554996335312049e-02	   8.7350194419054686e-02	   1.9555534788326090e-01	   5.3772679699813086e-01	   3.5951762750683258e-01	   5.3855664365045885e-01	   5.5693296706570339e-01	   1.1037393779285423e+00	   6.5578551274560115e-01	   3.8436433178892543e-01	   2.0243713975396690e-01	   7.8447554549647358e-01	   7.7856731794903722e-01	   2.9476717234028765e-01	   6.2615200294076845e-01	   2.6187935582032956e-01	   7.8272520412846847e-01	   8.6628138611161457e-04	  -1.0466440207902078e-01	  -7.6945964175716905e-02	  -1.0728467946675826e-01	   2.2754440931210243e-01	   3.6555218203549911e-01	   3.0975917715250401e-01	   7.8811366006173822e-01	   3.8757970582467527e-01	   3.9578740029190068e-01	  -2.8627893589295006e-01	  -2.6332749823170982e-02	  -1.6881588174057338e-01	  -2.0813905196645252e-01	  -1.1983765909991711e-02	  -2.9626973674648113e-02	   1.7037501883513012e-01	   2.8579202779235996e-01	   3.7536567107991498e-01	   4.0603678901883510e-02	  -3.0798066229556764e-01	  -5.3706132536280628e-02	
