   0.0000000000000000e+00	   1.1423199119628431e+00	   7.9249721106229198e-01	   3.3385898755070664e-01	   4.7994660613605838e-01	   4.5060160508963776e-01	   4.4585927567631339e-01	   2.1964679900700149e-01	   1.9329203988341537e-01	   9.5974157361088067e-02	   8.4249487984942473e-01	   2.6425584504399147e-01	   7.1344236023839813e-01	   3.3296538085032973e-01	   7.2242889789145770e-01	   3.9465745890004428e-01	   7.2734965996811396e-01	   5.6740302794129782e-01	   1.1007919905832542e+00	   7.5404928471773724e-01	   1.4416808218136640e-01	   1.3758758891681477e-01	   7.9865142111388454e-01	   5.0582771731840004e-01	   6.1428875764701618e-01	   5.0083489753108434e-01	   6.1781283496315931e-01	   5.8955524378835245e-01	   3.1805269808317677e-01	   2.9213571971974728e-01	   6.5308106702317281e-01	   5.7530016325317079e-01	   2.9413656797881993e-01	  -9.5286020466263957e-02	   3.6910409025808516e-01	   1.5245135313569647e-01	   4.0129858371140320e-01	   3.6463480971120227e-01	   4.0263174045883210e-01	   5.7862251513800667e-01	   3.4218399431654922e-01	   4.8055677343338704e-01	   8.4655711154365609e-01	   6.4416725577131717e-01	   7.0575419366476333e-01	   5.7140076784832583e-01	   8.0054533142478324e-01	   8.6281532402201011e-01	   6.9613389112711299e-01	   5.6844561757354162e-01	   8.0276515574728180e-01	   5.7867555514048119e-01	   6.8011158245050707e-01	   7.1925802134268391e-01	   5.5618205032107004e-01	   8.9810435021119495e-01	   1.2259345051515935e+00	   7.2977428360666052e-01	   6.0017211707512008e-01	   4.1765524579619340e-01	   3.3501813324477081e-01	   1.8951019255635121e-01	   6.0734990061756522e-01	   5.8144822452093725e-01	   4.2026738836151672e-01	   1.0371925342909130e-01	   5.9235637917107187e-01	   4.8099238255462029e-01	   8.3922721169807768e-01	   6.7995199195358735e-01	   1.2804834640563131e-01	  -1.1018854381669610e-01	   5.0216500224969152e-01	   4.0316998848385893e-01	   5.6067955235200273e-01	   5.5182114196243959e-01	   2.9837431146789711e-01	   2.4534743164550388e-01	   6.4925806534881758e-01	   6.1051639877070474e-01	   9.6627393082363267e-01	   1.1011812560338261e+00	   1.1230635703850136e+00	   7.0128726699721311e-01	   1.0220272838226450e+00	   8.0474258849835933e-01	   5.1400657244863401e-01	   6.4033900705263180e-01	   6.4991897570149315e-01	   6.0474280251495804e-01	   5.5007142682068033e-01	   8.4297777369991034e-01	   5.1710941870012728e-01	   7.7385434020413213e-01	   4.2213589623192521e-01	   4.1077395405186273e-01	   7.0815607404769099e-01	   5.9245925735627425e-01	   9.9325859539884509e-01	   1.2445120519659407e+00	   4.5542012591600312e-01	   7.2450405344154356e-01	   6.2116589639791930e-01	   9.0893947434202182e-01	   3.0043270622502621e-01	   3.2954989333836360e-01	   3.4435787692409081e-01	   5.9063082746936169e-01	   3.3062863663754061e-01	   4.2446009231433834e-01	   5.9162771327423547e-01	   6.5573111063575906e-01	   5.1180849518111271e-01	   7.0286863019028301e-01	   3.6631619727975318e-01	  -2.8109828294281447e-01	
   1.1423199119628431e+00	   0.0000000000000000e+00	   4.7687006784516650e-01	   1.3365650149289582e-01	   3.2857875980814094e-01	   2.5500412226683067e-01	   1.6300027654326654e-01	   1.0822531052126369e-02	   8.8063163633871372e-02	  -2.5275233441619162e-02	   4.7074301270194280e-01	   2.0662381236260766e-01	   4.0683980634471312e-01	   3.1894137166880787e-01	   5.6719564904171105e-01	   3.0028533332614610e-01	   7.5225089808277523e-01	   6.3610811933659250e-01	   8.3565485258515959e-01	   7.8709795735360011e-01	   1.2756644127993216e-01	   1.4228759355616949e-01	   4.4491735247197939e-01	   3.1043885591439668e-01	   4.6229474399423509e-01	   3.5532934157889351e-01	   4.5107025578089088e-01	   4.0366386806558169e-01	   4.1619422570734704e-01	   3.4096635229120242e-01	   5.3930068006487042e-01	   4.3586691434119007e-01	   4.2584518392889281e-01	   1.8357347265556517e-01	   8.1715765360498585e-02	  -5.9367756504633731e-02	   3.3207002691580639e-01	   2.3653872501614343e-01	   2.7255341860223892e-01	   2.8383125651201130e-01	   3.0355497943042953e-01	   5.8734978583699649e-01	   6.5289801595668473e-01	   4.9872491294020438e-01	   4.4052382850603167e-01	   3.5330149644181713e-01	   6.5964733406694209e-01	   6.3320171369095302e-01	   5.6211877502179353e-01	   4.2142173405063937e-01	   5.2347270081721842e-01	   3.4057655777101387e-01	   5.5584611640962966e-01	   5.2576541623501050e-01	   4.0924886414383560e-01	   6.1974502244158824e-01	   9.4924698943723973e-01	   5.7741288021612269e-01	   4.9903363184380656e-01	   3.4737718322045735e-01	   1.3245259482755162e-01	  -1.0871662204645668e-01	   4.3103300651215160e-01	   3.3942973568299001e-01	   1.3288380078706472e-01	  -1.2641350505508903e-01	   4.6004086145170359e-01	   3.3546994013664816e-01	   6.8470652107826990e-01	   5.5135276854953863e-01	   4.4895963022241844e-02	   2.3923496152578976e-02	   4.2407430257857837e-01	   2.7991378106721110e-01	   3.3217878477795987e-01	   2.9051298867697417e-01	   1.3273936030084149e-01	   1.2489545686158690e-01	   6.9767598647909534e-01	   5.5969143324980675e-01	   9.3168842748320857e-01	   9.6297626446312223e-01	   6.7644387872373979e-01	   6.5079709931077800e-01	   6.3611576060271857e-01	   6.5204954487735134e-01	   2.7870368777162702e-01	   3.9008687881798598e-01	   3.9511935912488660e-01	   3.3151414029437143e-01	   4.0080507142895533e-01	   5.5881271431100898e-01	   3.4336692918219758e-01	   5.2867195188596727e-01	   1.2661294394934763e-01	   8.2997905707202696e-02	   4.2695526824064151e-01	   2.9446749574788134e-01	   7.2690823625937173e-01	   8.4367797112134091e-01	   2.9530149626343177e-01	   4.9459463317325569e-01	   4.5344988292881522e-01	   7.3805918433978035e-01	   3.7354616555334336e-01	   4.4205655817721301e-01	   3.0926127256206148e-01	   3.7846350706340648e-01	   3.3105072617654058e-01	   1.4586377117727289e-01	   2.4713490000810617e-01	   6.6902907157518743e-01	   4.7367812512077412e-01	   4.0235885253426990e-01	   2.6296220279331828e-01	  -2.7870951681010989e-02	
   7.9249721106229198e-01	   4.7687006784516650e-01	   0.0000000000000000e+00	   6.5339300864274641e-01	   1.1144559568248638e+00	   8.6543491740215150e-01	   1.1626528395678546e+00	   5.4505341543773411e-01	   5.7894521123920928e-01	   5.3886033560367474e-01	   4.8861520857173896e-01	   2.0725259208239141e-01	   8.4758441964814735e-01	   2.9401261372690579e-01	   1.0705655055586862e+00	   6.4317262701239331e-01	   9.4159693310811893e-02	   2.9605179717592512e-02	   8.8116386034972871e-01	   6.5253767731814583e-01	   4.1151049508310683e-01	   3.5587163209480205e-01	   1.1969516995486913e+00	   8.8624464259075253e-01	   9.3645945464195446e-01	   8.4411571374460448e-01	   9.1580715125000833e-01	   9.3977146591258964e-01	  -1.2797795132450647e-02	  -3.6223349530581636e-02	   6.2906943112523783e-01	   5.4184128657721708e-01	   4.8600879856083343e-02	  -2.0175628462471237e-01	   6.7078701698132992e-01	   3.7605274414816220e-01	   4.2082041259944658e-01	   4.5242221741686128e-01	   4.8517527289920809e-01	   7.0247465895234917e-01	   3.8397177378111264e-01	   2.6131931163454114e-01	   6.7789484681661138e-01	   5.4549588564913165e-01	   7.6600390656807482e-01	   6.9756205349481271e-01	   8.1458815715508048e-01	   7.9414460532449038e-01	   8.1655353381631457e-01	   7.9947311536212962e-01	   1.0943626687887964e+00	   1.0281401243548338e+00	   7.9150624621044463e-01	   7.8733341183002126e-01	   9.8067336064027710e-01	   8.6286295843046368e-01	   4.3438938530038257e-01	   2.4519341256756710e-01	   7.7631300018758886e-01	   4.6148285566662450e-01	   5.1058183724742812e-01	   3.9331400470664063e-01	   2.8337355935694697e-01	   3.9450998163783690e-01	   9.9362777459914975e-01	   5.4728575156046921e-01	   1.0573378715408082e+00	   7.7614030361237807e-01	   7.1221410867451196e-01	   7.2970539129738676e-01	   2.6520288775950390e-01	   5.0418056655535904e-03	   2.7759491826720128e-01	   2.3552139306061454e-01	   4.4961132547171928e-01	   3.8723223447025057e-01	   3.4687898112803395e-01	   2.4207120583458389e-01	   7.7703368874753542e-02	   1.5618162129559821e-01	   2.6151035061202588e-01	   4.3808455728617679e-01	   7.1606963110683142e-01	   3.4540044019458271e-01	   1.0335789340942079e+00	   9.4428059493975303e-01	   9.0945746127022820e-01	   6.5421374005037569e-01	   1.1934101819611709e+00	   9.2430700508948327e-01	   9.8269466010218642e-01	   1.1436977640553048e+00	   9.5938310207354105e-01	   1.1855545766993849e+00	   3.4619376803958557e-01	   3.9132799215315756e-01	   7.4709948750204191e-01	   6.0791644531334521e-01	   1.0813424405128347e+00	   9.8680140586550780e-01	   7.0533338865558537e-01	   1.2581452846306906e+00	   7.4377735945678136e-01	   8.6160481224593499e-01	   2.6293303320594053e-01	   4.6601238958109581e-01	   3.0247191622790148e-01	   8.1429363661182186e-01	   2.5223746288153370e-01	   4.5103784983675899e-01	   6.7291995751752531e-01	   7.0581035729214803e-01	   8.2977248270598059e-01	   5.8148796672820169e-01	   1.2290775812785973e-01	  -2.9738308993347690e-01	
   3.3385898755070664e-01	   1.3365650149289582e-01	   6.5339300864274641e-01	   0.0000000000000000e+00	   6.7462571282353812e-01	   8.5632453433284272e-01	   8.9224513703158403e-01	   1.8585624647235153e+00	   5.7428360671899203e-01	   8.8203757201838862e-01	   2.6278557239381006e-01	   5.9211665928361890e-01	   4.5928127705363148e-01	   3.5376758707851652e-01	   4.9860948168895697e-01	   8.0630878800464911e-01	  -2.4082113204650916e-02	   2.4401216225959064e-02	   3.8022569225768071e-01	   6.7549631943603039e-01	   3.3705002725104438e-01	   5.0109450406847722e-01	   4.7984161742229642e-01	   9.0953431612413493e-01	   3.1119462911873430e-01	   5.3150935651386577e-01	   4.0247354626169252e-01	   5.8845764343847085e-01	  -6.4844187842897957e-02	   1.8567844800091138e-01	   3.8312419763025657e-01	   4.6241518133405513e-01	   2.7651252365839651e-01	   8.1346179310559721e-02	   5.8160821939729002e-01	   6.4307565691419044e-01	   4.7521779647122431e-01	   5.3549903875305160e-01	   5.8094005521549730e-01	   7.9629529554460432e-01	   6.3127927129311456e-01	   4.5928663859571561e-01	   4.2947551176982224e-01	   5.0666334308219474e-01	   5.3639374465750345e-01	   7.7832950522928557e-01	   4.5026524307197036e-01	   5.3327520014002161e-01	   6.8868461224389499e-01	   6.7598965794983445e-01	   6.9691505064442438e-01	   8.1118614989017135e-01	   5.7156320992850473e-01	   3.4448381550607460e-01	   7.6092417486092623e-01	   6.4838003306357395e-01	   3.4615148370756105e-01	   3.7318587323559116e-01	   7.5621637262476471e-01	   9.9074447833947565e-01	   6.4201652182203983e-01	   1.2201632626345242e+00	   4.9004223691187326e-01	   7.5023886506697357e-01	   5.0514967227114360e-01	   8.4299709567910552e-01	   8.8310918789449533e-01	   1.0645618356696354e+00	   5.9843980225795634e-01	   8.3784146675424120e-01	   3.1249802110196995e-01	   1.0916572716351894e-01	   2.6088696819395552e-01	   4.2103631661727947e-01	   3.7119466242921201e-01	   4.9230731230002567e-01	   5.8276713279631331e-01	   5.4317001131821141e-01	   1.0568502606005307e-02	   2.1834968669757335e-01	   9.0246374054591960e-02	   2.4119171486305432e-01	   4.4835892026071855e-01	   5.1413167769333978e-01	   3.7585398087955946e-01	   5.7057526344394205e-01	   4.9051520871847915e-01	   4.7450481005933964e-01	   7.3298045109124277e-01	   9.2975551045646621e-01	   6.5931485546980761e-01	   4.6555208325653519e-01	   8.8095116998343204e-01	   5.3422020781113400e-01	   4.0197563989556617e-01	   4.4447729689296228e-01	   7.3561648624674303e-01	   5.7057703699796425e-01	   6.1295263502897068e-01	   3.8882129671052457e-01	   9.9082706793226816e-01	   6.7405277584913825e-01	   9.0099509103908315e-01	   7.1427199993165424e-01	   5.7832369082406043e-01	   2.8852966542169206e-01	   3.3868057870995844e-01	   5.9239315844230156e-01	   6.6339183335368576e-02	   5.1547093478345352e-01	   5.9259162351459160e-01	   2.3749408141660874e-01	   3.1552844656743045e-01	   4.5344289722296366e-01	   1.5541638833096050e-01	  -3.9825806231361560e-01	
   4.7994660613605838e-01	   3.2857875980814094e-01	   1.1144559568248638e+00	   6.7462571282353812e-01	   0.0000000000000000e+00	   1.2920526998823942e+00	   1.0433640712230559e+00	   6.4971379410862440e-01	   6.2251456462483434e-01	   6.8842548822322591e-01	   4.2100236971631377e-01	   2.9790294483624435e-01	   5.2322199906460132e-01	   2.2967292698752567e-01	   7.6687429689831532e-01	   6.3724738260520775e-01	   1.5847635459220227e-01	   1.3592396698123788e-01	   6.5489880155319236e-01	   6.2033070202199603e-01	   7.1909630754899367e-01	   6.7896770256124872e-01	   7.2040285907626223e-01	   6.9769369731090414e-01	   7.4502826199850780e-01	   8.2108209344821947e-01	   1.0141459185523982e+00	   1.0235367122248196e+00	   1.6320141274407615e-01	   1.2700249245819367e-01	   5.7429214153299790e-01	   5.4630729994486327e-01	   2.2648806995431714e-01	   8.4501754612293770e-02	   5.1902112198208405e-01	   3.5356056932271179e-01	   4.3619828075103606e-01	   2.5653651084293599e-01	   6.0508813679445861e-01	   4.9561592197315985e-01	   3.3047507431483047e-01	   1.7677835124854757e-01	   5.9808123753609543e-01	   4.6056095103749989e-01	   6.9225341800467721e-01	   5.5803810526288899e-01	   7.5031771442717043e-01	   5.6993934100785981e-01	   7.2678948424443546e-01	   5.6371863826032120e-01	   8.4007870288949538e-01	   7.1761519377822014e-01	   7.7869432426486263e-01	   4.9088598664328659e-01	   7.6076837600976099e-01	   5.1398278201515213e-01	   3.6073637759762700e-01	   1.8017421948503301e-01	   7.2306199218745570e-01	   4.8703578021797761e-01	   4.9765018248551651e-01	   4.2886529225145331e-01	   3.6048211175169109e-01	   4.0692152568021300e-01	   7.1674303295589603e-01	   5.2072809327657099e-01	   9.3039566650243988e-01	   6.7434593433074119e-01	   4.8614628588648107e-01	   5.1699298116587666e-01	   3.2419713294102770e-01	   1.8832871657695527e-01	   2.6077937919816496e-01	   2.1128034884132377e-01	   3.1997537154221672e-01	   3.0615725807224226e-01	   2.1627300584610878e-01	   1.8340540077001583e-01	   1.6504611618220127e-01	   1.8852321983611120e-01	   2.9616466056696811e-01	   3.6565885748192900e-01	   5.4617182867821445e-01	   4.4687426919813583e-01	   6.6154622430461285e-01	   6.9116086202259974e-01	   4.7019750170028862e-01	   2.8657521114554418e-01	   8.4327881756752021e-01	   6.9672761961992025e-01	   6.6741142529860287e-01	   6.7338753365935156e-01	   7.4294273892760354e-01	   7.7539769869874808e-01	   2.7620746802439344e-01	   1.7601459914698933e-01	   7.2718286577627489e-01	   3.6277877289219246e-01	   8.0573138081216078e-01	   5.8393478387999598e-01	   6.0867388955862600e-01	   8.4599704111942253e-01	   5.3683997500337055e-01	   6.4142029442196102e-01	   3.8613200872273640e-01	   3.8722410064762214e-01	   1.4309918202035860e-01	   3.9708696178051400e-01	   1.5091155287297814e-01	   2.8761926399080867e-01	   5.3299943799701111e-01	   6.0949779031472395e-01	   7.2759346209422382e-01	   4.2509300445845150e-01	   1.6568944300772770e-01	  -1.4460442723223974e-01	
   4.5060160508963776e-01	   2.5500412226683067e-01	   8.6543491740215150e-01	   8.5632453433284272e-01	   1.2920526998823942e+00	   0.0000000000000000e+00	   8.6030898266117550e-01	   8.9899947134399449e-01	   7.8344608601517440e-01	   1.1908503492534750e+00	   4.1221343533695975e-01	   4.2526973479500618e-01	   6.6621102529525111e-01	   3.9572489672673239e-01	   8.7792176274998335e-01	   9.2605641561092367e-01	   8.1310521131202726e-02	   3.9238951078576778e-02	   5.2195339483935843e-01	   6.1223571247311981e-01	   6.9892057428763354e-01	   8.6623798661493212e-01	   7.6295043912503580e-01	   9.8636157767640509e-01	   8.0864294359785949e-01	   9.8159869562166380e-01	   1.1332979456241170e+00	   1.4159264721048981e+00	   3.1142176138835367e-02	   1.0647644202206569e-01	   5.3710449293921725e-01	   5.6601514856433655e-01	   1.8605877357490622e-01	   3.4857497324369123e-02	   5.2606724564486784e-01	   3.3621328374375514e-01	   4.6232332616348687e-01	   3.5114817394958103e-01	   6.0215732141172706e-01	   6.0183221744912441e-01	   4.0838018309748186e-01	   2.4728625721254485e-01	   5.1768901362057762e-01	   4.4424181724906014e-01	   6.0837170677555330e-01	   6.2086289467462497e-01	   6.4319567014058210e-01	   5.4611928388759567e-01	   7.1115322984839391e-01	   6.1415500937561274e-01	   8.2663101527039551e-01	   8.5488160752414921e-01	   7.3476819787461689e-01	   5.3845534056400302e-01	   7.9148996680085182e-01	   6.0060029733111397e-01	   2.9243400074679970e-01	   1.5461379222168656e-01	   7.2475524349778142e-01	   6.6964314935369962e-01	   4.3293748025963696e-01	   6.4650881006590255e-01	   2.9411549778010254e-01	   4.2426228019908857e-01	   7.4342058796377941e-01	   7.7130834986059083e-01	   9.0101426851487787e-01	   7.6406449307475588e-01	   5.6557165838322299e-01	   6.3053425570316457e-01	   2.5681615924271978e-01	   1.4462991705560660e-01	   2.5314337250654828e-01	   2.2181825973154251e-01	   3.2784965617632372e-01	   3.3809311630125560e-01	   1.2408968093030037e-01	   1.1999387871895276e-01	   6.4976720478272978e-02	   1.4711001167866014e-01	   2.8753995099828344e-01	   3.7319051302481809e-01	   6.1453699954720498e-01	   5.9208059026047655e-01	   6.8786342776960518e-01	   7.9815048485927864e-01	   6.1869665889180281e-01	   5.3069482953584102e-01	   1.0075297878480030e+00	   9.8896149875835093e-01	   7.2122619968614987e-01	   6.6375382664941429e-01	   8.7364743780425180e-01	   7.4931244304179090e-01	   3.5729280354287407e-01	   2.4620959362440703e-01	   7.3837532918141124e-01	   4.3609173059281886e-01	   6.7764802518805622e-01	   4.8054926196754721e-01	   6.6320208466778563e-01	   7.8748421812558567e-01	   6.5497148233413116e-01	   6.3161104673902502e-01	   5.1248579802462590e-01	   3.4636597189368140e-01	   1.3998090656365922e-01	   4.4338266049317043e-01	   7.9217189700039728e-02	   3.6604247679120716e-01	   6.5440807975909154e-01	   5.2987320974337282e-01	   5.5016052249478631e-01	   5.3076887247937943e-01	   2.7816726117164048e-01	  -1.6564397629941674e-01	
   4.4585927567631339e-01	   1.6300027654326654e-01	   1.1626528395678546e+00	   8.9224513703158403e-01	   1.0433640712230559e+00	   8.6030898266117550e-01	   0.0000000000000000e+00	   9.5378230529980368e-01	   5.2962105795555614e-01	   6.5330414823897798e-01	   4.6774301440256144e-01	   5.2422894106369988e-01	   7.0126809913606603e-01	   4.2272246856091711e-01	   6.3222923471022274e-01	   5.8244577158048205e-01	  -1.7545476864331246e-02	   2.5379592384430882e-02	   5.4424980130703959e-01	   5.3774851570654869e-01	   4.9540571494484514e-01	   4.8559035359034619e-01	   6.3383098498971036e-01	   6.5311766617797817e-01	   4.0851046609585245e-01	   4.7660989070989979e-01	   5.1479209448273400e-01	   6.6068777050284844e-01	  -4.4289021042148970e-02	   2.7161088195039405e-02	   3.4219456991044894e-01	   3.1907340551426144e-01	   1.4609013591559905e-01	  -1.1233533515301825e-01	   5.6998361688854815e-01	   5.4154216953148504e-01	   4.1819687754640672e-01	   5.2247563388247542e-01	   5.9198856367289632e-01	   9.1525908629135588e-01	   5.2846957427008290e-01	   3.4721238048895947e-01	   5.1777723161978884e-01	   5.3963299105794693e-01	   6.4726938256018585e-01	   6.8099396057614159e-01	   5.5883788862730011e-01	   6.7964912398230826e-01	   7.1519284686666340e-01	   6.1615957320215708e-01	   7.6606176510710100e-01	   8.6139128492789374e-01	   5.9766491682258649e-01	   4.1954535342820271e-01	   9.2545002561459599e-01	   7.2409647095279706e-01	   3.5756825822707267e-01	   2.8361044217739995e-01	   9.0054873808671532e-01	   5.8328240613606597e-01	   8.7687624477730530e-01	   7.6207123613102401e-01	   4.1128829294596275e-01	   6.3110694311145188e-01	   7.0659616432757344e-01	   6.7995012881728334e-01	   1.0090143492379127e+00	   9.4235636961773395e-01	   5.6110769344407174e-01	   6.5051151629572657e-01	   3.9264036000487046e-01	   6.6816531321646500e-02	   2.3098236823535040e-01	   3.3810225547578437e-01	   4.2226314451550262e-01	   4.6210190982666227e-01	   4.8043896641448758e-01	   3.6443468265349255e-01	  -8.3706539154478916e-03	   1.5364464939194564e-01	   9.7954906350918691e-02	   2.7829658358455395e-01	   4.9896724078098365e-01	   3.2711331448727277e-01	   5.3673941021008864e-01	   7.2842374104143959e-01	   5.8844859603536859e-01	   4.2115100930474192e-01	   1.0466661350025908e+00	   9.0243824592743582e-01	   8.7641971539409735e-01	   8.0217891076253633e-01	   1.0155961217873106e+00	   9.2827035020229642e-01	   4.8525803052673733e-01	   6.4692508120621883e-01	   7.6635826089964110e-01	   7.5293400931026866e-01	   8.8937936594884714e-01	   6.9645893905478495e-01	   9.8979972017192297e-01	   1.0708130896567041e+00	   9.0929851845987064e-01	   8.4997469245102741e-01	   3.6541806605955507e-01	   3.2130006002317901e-01	   2.7109761958381628e-01	   6.8914006322840071e-01	   1.7503874762440363e-01	   5.4433416926030165e-01	   7.8298234954972656e-01	   4.5578409612834547e-01	   6.7666307040064599e-01	   6.1537712483503637e-01	   1.8866496640717512e-01	  -4.4028986760217215e-01	
   2.1964679900700149e-01	   1.0822531052126369e-02	   5.4505341543773411e-01	   1.8585624647235153e+00	   6.4971379410862440e-01	   8.9899947134399449e-01	   9.5378230529980368e-01	   0.0000000000000000e+00	   5.3685106185445364e-01	   9.5831683888791663e-01	   2.5617857052704629e-01	   7.4991949961468940e-01	   4.6336837606156128e-01	   4.8872831242454345e-01	   4.1356414512001199e-01	   7.9811211495647549e-01	  -8.8489428392404257e-02	   9.2361302299730328e-04	   2.7848848676008431e-01	   5.6061320276867099e-01	   4.0516455266111212e-01	   5.8050582509085868e-01	   3.8864108755425519e-01	   8.0098557231874912e-01	   2.1420472839193969e-01	   4.3296165577883050e-01	   3.4791823464093025e-01	   5.4377398493555151e-01	  -9.1488508082220643e-02	   1.9863486481876985e-01	   2.8943018672990439e-01	   3.6654321287695768e-01	   2.4286918707129895e-01	   4.2651072812709474e-02	   5.1211538120895284e-01	   6.1246617990078023e-01	   4.4183909520186920e-01	   5.1905480854917863e-01	   5.8880157709898850e-01	   8.3003847536242503e-01	   5.8370764934011043e-01	   4.3423800538497137e-01	   3.5987534681292199e-01	   4.9620404722968192e-01	   4.5344763434109348e-01	   7.1037549778182674e-01	   3.8145787799557723e-01	   4.7778904086865359e-01	   5.7800646170715586e-01	   5.5513226998365428e-01	   5.7399783721683506e-01	   7.4886866136134655e-01	   4.5531027472214508e-01	   2.2673868210208231e-01	   6.9762085415639108e-01	   5.8338068401342880e-01	   2.3179800765670400e-01	   2.6101141068686484e-01	   6.8815208756707602e-01	   8.9951501237074560e-01	   6.4993934836835809e-01	   1.3169964799292899e+00	   4.3282438368798287e-01	   7.3168285587349113e-01	   4.4002948856984198e-01	   8.5265381907984517e-01	   7.6534640666866927e-01	   9.8972125620137630e-01	   4.3987846307651779e-01	   6.4921204258022547e-01	   3.6064788094056877e-01	   1.1791227438449974e-01	   2.4507038261068770e-01	   4.4601631063664049e-01	   3.7596653167409966e-01	   5.4013771902767593e-01	   5.1790366686241440e-01	   4.8656565666396612e-01	  -3.8617268646424202e-02	   2.0092497194653200e-01	   3.9622283137738183e-02	   2.1213489084557166e-01	   3.9039266057683519e-01	   4.9541735696468664e-01	   2.9712646521016045e-01	   5.3259824294088343e-01	   4.0909703933847630e-01	   3.8715644130268967e-01	   6.9472607873075187e-01	   8.6467466650862956e-01	   5.8972045400584239e-01	   3.8140364530825471e-01	   8.5363555885341980e-01	   4.7173209600577509e-01	   4.8278385115768063e-01	   5.3403452151582798e-01	   7.3065728539960673e-01	   6.1448309603551732e-01	   5.4897007706189516e-01	   3.0644826847151779e-01	   1.0007928070911090e+00	   5.7700727961091725e-01	   8.6449549109632606e-01	   6.1566287472004200e-01	   5.7630594650269362e-01	   2.2715077446814930e-01	   2.9754002363299970e-01	   5.0368244253842986e-01	   2.7357353538465645e-02	   5.5383563134931391e-01	   6.6267930920894402e-01	   2.0656542612252149e-01	   2.9838671611073403e-01	   5.0441888411531344e-01	   2.0910531302724961e-01	  -4.4084532527610676e-01	
   1.9329203988341537e-01	   8.8063163633871372e-02	   5.7894521123920928e-01	   5.7428360671899203e-01	   6.2251456462483434e-01	   7.8344608601517440e-01	   5.2962105795555614e-01	   5.3685106185445364e-01	   0.0000000000000000e+00	   1.0942414406161625e+00	   3.0476724140195377e-01	   2.3680778438760158e-01	   6.7776073877745269e-01	   3.3191471051187788e-01	   7.6091155284406886e-01	   6.1313509609770100e-01	  -1.0215131731546934e-01	  -2.8062497607241221e-02	   2.4958012082217951e-01	   3.3401646241185828e-01	   2.1564600631084085e-01	   4.3362527121029704e-01	   4.4612644663288176e-01	   5.4612649435477090e-01	   4.5908941092867700e-01	   4.5994341676376216e-01	   5.5196601316482552e-01	   6.8698492329102256e-01	  -9.2930365250099012e-02	  -2.1551709100839646e-04	   1.7867210400295511e-01	   1.4594110267947019e-01	  -2.1919404202018092e-01	  -2.5289650202934155e-01	   5.1378985163169588e-01	   3.1848364677471724e-01	   1.4788790411291020e-01	   3.5586548866870221e-01	   2.5705078264213632e-01	   3.7439662498548160e-01	   1.7059065236414367e-01	   2.2534111984662111e-01	   2.4912474157367462e-01	   1.9310284441224468e-01	   3.5859576422609335e-01	   4.4259113006401812e-01	   3.1090080148813848e-01	   2.8813620829488262e-01	   4.1774511189906638e-01	   5.8676627109107726e-01	   3.7147549744907332e-01	   4.8364634467942952e-01	   2.9907205626810224e-01	   3.7899770307255731e-01	   4.8539949501989649e-01	   3.5222475962995003e-01	   1.2817684760239756e-01	   1.8730980715695353e-01	   4.9377307763455547e-01	   5.4953377521355429e-01	   4.6124661850728260e-01	   4.8727523180407317e-01	   7.0751574556428359e-02	   2.0155202721996907e-01	   5.9567394682473895e-01	   6.6905084088187394e-01	   5.1718526965805645e-01	   4.6523363617001490e-01	   3.8745725701965927e-01	   4.5983534347391608e-01	   3.0455160952243915e-01	   2.8310577411562976e-01	   3.0628667938639085e-02	   2.0557564254073774e-01	   1.6029953261269941e-01	   2.8702850681563985e-01	   9.8099052921948302e-02	   1.3507828078154918e-01	  -1.2718371715038077e-01	   5.5460969679696125e-02	   8.9231763450216481e-02	   1.8649218531088393e-01	   4.0013925426024749e-01	   2.7518633205907439e-01	   3.9125240235560443e-01	   4.3728239742593933e-01	   6.3117453872957319e-01	   4.7188861376845948e-01	   6.4295327999609986e-01	   6.0437904650626417e-01	   4.1114337748349628e-01	   3.9557310304432486e-01	   5.6598923643084742e-01	   4.2783764007528419e-01	   1.3353949567882106e-01	   3.8731818597084508e-02	   3.0372526644147624e-01	   1.7717043618742431e-01	   3.0010221258342312e-01	   2.5301937907595573e-01	   5.1509167303325409e-01	   5.7345308943442008e-01	   4.4026300972584265e-01	   3.8618909021641007e-01	   2.9281966683822602e-01	   9.0077079244209268e-02	   9.6985559637433827e-02	   3.3898413350684548e-01	   3.0232873437214355e-02	   2.5550780588477634e-01	   3.0337313460881621e-01	   2.4664715290046785e-01	   3.2244362811981903e-01	   3.1800215521170638e-01	  -7.1052969234394012e-02	  -2.2895320969633631e-01	
   9.5974157361088067e-02	  -2.5275233441619162e-02	   5.3886033560367474e-01	   8.8203757201838862e-01	   6.8842548822322591e-01	   1.1908503492534750e+00	   6.5330414823897798e-01	   9.5831683888791663e-01	   1.0942414406161625e+00	   0.0000000000000000e+00	   1.6834068337376226e-01	   3.8112970790031031e-01	   6.0397471015521675e-01	   3.2207362078130503e-01	   6.9648921544472031e-01	   8.1027394588884583e-01	  -2.6486644183976510e-01	  -2.2885950743500655e-01	   1.1375749560382752e-01	   2.9350731942735209e-01	   4.3992411902123374e-01	   7.4030457231439561e-01	   5.0334608904437805e-01	   7.8962597919666344e-01	   5.2045640047251873e-01	   6.4972166491882155e-01	   6.5405209845952650e-01	   9.1684554906910787e-01	  -2.5381739193066044e-01	  -9.2099516953318555e-02	   1.9985993672233965e-01	   2.1008497779581636e-01	  -5.9124219510763347e-02	  -6.9451878264682923e-02	   4.4775843335049370e-01	   2.9455609878210931e-01	   2.4504961109485268e-01	   3.1851708973327136e-01	   3.4908675841403558e-01	   4.3656864860962163e-01	   2.8937344942039195e-01	   1.8025656844835158e-01	   2.4991865015330941e-01	   2.6652228858079902e-01	   3.2975653207720618e-01	   5.0109245975317462e-01	   3.2320423334822351e-01	   2.9969801902861770e-01	   4.8145337419706302e-01	   5.8567598585220670e-01	   4.7745505376985881e-01	   6.9211519695272694e-01	   3.8232560623854989e-01	   3.6095420580412729e-01	   5.6978206449902358e-01	   3.8376792804897575e-01	  -1.5070112540279259e-02	   2.3817315760959839e-02	   5.4610109910467286e-01	   6.9878399250198142e-01	   4.3375958267124520e-01	   7.7875692784597739e-01	  -2.6802709506230373e-04	   2.0514078366675312e-01	   6.5640716885489003e-01	   1.0132740337534885e+00	   6.3980532710616556e-01	   6.2553640144672595e-01	   3.8612199415176351e-01	   5.2189219258289121e-01	   2.1200162712126003e-01	   2.0695096307078664e-01	   3.2293305953316365e-02	   9.9200966940598934e-02	   1.3073800923607737e-01	   1.7187388157529040e-01	   5.5227368058264871e-02	   6.2098273465647405e-02	  -2.5363021733403662e-01	  -5.6741682030641366e-02	  -6.2191649806709944e-02	   5.4644907230025401e-02	   2.8360893018595201e-01	   2.7572062236423139e-01	   4.0047089125592944e-01	   4.9964984372929966e-01	   6.1295902406493608e-01	   4.7348393081625878e-01	   8.0020376549967431e-01	   8.9081898225300549e-01	   5.3948539522503836e-01	   4.0156278713863552e-01	   7.7844077595046324e-01	   5.0461426825430755e-01	   2.0997087459295405e-01	   1.2784731658676188e-01	   4.1163837914616869e-01	   2.5852299654306732e-01	   3.2267735465921804e-01	   1.6407232882151063e-01	   6.6480062748553193e-01	   6.2053920835130205e-01	   5.3816347849935819e-01	   4.0975108132325300e-01	   4.4409659269059326e-01	   2.1217477954367611e-01	   1.2972921859767061e-01	   3.9051201202338670e-01	  -3.0799867990551736e-02	   2.6031974000138458e-01	   4.1568010712360315e-01	   2.8575831951268704e-01	   3.7232034648599205e-01	   4.0266348991383233e-01	   8.4869061876750071e-02	  -1.3879542657499566e-01	
   8.4249487984942473e-01	   4.7074301270194280e-01	   4.8861520857173896e-01	   2.6278557239381006e-01	   4.2100236971631377e-01	   4.1221343533695975e-01	   4.6774301440256144e-01	   2.5617857052704629e-01	   3.0476724140195377e-01	   1.6834068337376226e-01	   0.0000000000000000e+00	   3.8941884052499492e-01	   9.4340301562093021e-01	   4.8993083012488220e-01	   4.8875170047763217e-01	   2.1871449781605148e-01	   5.8871545492038135e-01	   5.8127448247766156e-01	   5.8569659869627599e-01	   3.9948288007974919e-01	   2.5748474852988518e-01	   1.6149717416938450e-01	   4.1618747588241561e-01	   2.4512924900280841e-01	   2.2024641056988373e-01	   1.6419228418220955e-01	   3.8198962812470350e-01	   4.4195846025867253e-01	   4.2387236464702965e-01	   3.6390937591286876e-01	   2.6485196270322342e-01	   2.8292601805725182e-01	   5.4632278392509157e-02	  -3.1745494692973730e-01	   1.6651040859467725e-01	   1.0255210081314835e-01	   3.1048928367705358e-01	   4.4973085015183434e-01	   3.2928920285987112e-01	   5.4509994818471630e-01	   2.9272674930063980e-01	   2.7823400307164681e-01	   5.4891828925084674e-01	   5.0622806507523510e-01	   3.6195670292439708e-01	   3.4321454068551871e-01	   5.4615023736602208e-01	   6.5748128805413941e-01	   4.4185723682226780e-01	   4.5846221257475284e-01	   4.6786061032264609e-01	   3.7368032025113962e-01	   5.1881273068491340e-01	   3.7617132767883144e-01	   4.8434947438697828e-01	   5.8253520201474673e-01	   7.8799953525099553e-01	   7.5352038843478175e-01	   4.4707475945428871e-01	   3.4548948718976458e-01	   4.9447575950642564e-01	   2.3287016346486505e-01	   6.7831899339464441e-01	   6.8428051717380634e-01	   2.0344719853540810e-01	  -2.9290329211784732e-02	   2.8078982634760541e-01	   2.4606996913575832e-01	   4.4924816779654669e-01	   3.4450426419835239e-01	   4.7083654794467872e-01	   8.2910757024141399e-02	   4.4149610487118818e-01	   4.6960390926436629e-01	   5.2184355249259706e-01	   6.6912924425593490e-01	   3.6469041214659637e-01	   3.3902579698760876e-01	   4.3997872442138702e-01	   5.6682761401926429e-01	   7.4594419679787050e-01	   7.7743205746430721e-01	   8.0271621267751248e-01	   4.9437917291247124e-01	   5.5201465745101008e-01	   5.0190088483517670e-01	   2.0894988842394596e-01	   3.2748182035273066e-01	   4.9233043384806952e-01	   4.1710627388142285e-01	   3.3246097884999665e-01	   4.5186652349653522e-01	   4.0290907729200859e-01	   4.8330047267757459e-01	   5.2671876629904146e-01	   4.9016008579599513e-01	   5.5305682641953147e-01	   5.4381963068507821e-01	   6.5320708496333579e-01	   6.6395871512503202e-01	   5.0446550923825484e-01	   4.8909427609244727e-01	   4.9264790958560956e-01	   6.5495269541380308e-01	   3.3775046765147493e-01	   1.1853361697215457e-01	   1.6733121125870715e-01	   3.9626848855797425e-01	   3.8110140127672687e-01	   6.1420953712539628e-01	   5.9502618150423969e-01	   3.5969425989571435e-01	   3.0035097834467955e-01	   6.2187046947000824e-01	   2.0839029603245618e-01	  -4.4090189205872621e-01	
   2.6425584504399147e-01	   2.0662381236260766e-01	   2.0725259208239141e-01	   5.9211665928361890e-01	   2.9790294483624435e-01	   4.2526973479500618e-01	   5.2422894106369988e-01	   7.4991949961468940e-01	   2.3680778438760158e-01	   3.8112970790031031e-01	   3.8941884052499492e-01	   0.0000000000000000e+00	   3.4592266215779699e-01	   1.0576015848517972e+00	   2.0317681680548308e-01	   5.7258554291101793e-01	   1.8757373082554027e-01	   3.5433589146163619e-01	   3.0151223569085078e-01	   5.3700606260481765e-01	   3.8154537717864573e-01	   4.2835426758030387e-01	   4.1503965409290251e-02	   2.8466969427128197e-01	  -8.5683787564557218e-02	   6.0952263592043421e-02	   9.5050846304948367e-02	   2.6234708373614329e-01	   2.3625337618790948e-01	   5.7311087731393118e-01	   1.9500386395548289e-01	   2.0418641934752724e-01	   5.0048154421389879e-01	   1.2768866977532373e-01	   1.7107342669337747e-01	   3.9369471768150877e-01	   3.8351517492544002e-01	   5.9233912336167316e-01	   6.2114044755501796e-01	   7.7267551728325423e-01	   5.3453142695590028e-01	   6.0631235245435577e-01	   2.3422436194970431e-01	   4.1333652435479940e-01	   1.7872527751682277e-01	   3.2544907959711727e-01	   2.0004807207510220e-01	   3.9103414438705086e-01	   2.2184615185566095e-01	   1.0266854752669750e-01	   1.3442538742407453e-01	   3.0152990508846650e-01	   1.7400951314426583e-01	  -1.4712063310192058e-01	   4.1185320360266686e-01	   3.8180860914838960e-01	   3.3853669505318007e-01	   2.9149384146179419e-01	   4.3504950611670934e-01	   5.1478113054723629e-01	   4.7223839185610944e-01	   6.0827851030596980e-01	   5.3252201628315954e-01	   8.0755226027100013e-01	   5.6480238304554599e-02	   3.2855513498336830e-01	   4.2844436543028180e-01	   6.4434745064258903e-01	   2.7610014000775618e-01	   3.4150513886124378e-01	   3.1436031903434591e-01	   2.9268445395118303e-02	   2.3439871445277322e-01	   5.0109913213651569e-01	   2.8133550870256463e-01	   5.2952010560663432e-01	   4.8417652043367532e-01	   4.7645206196660483e-01	   1.8056901490993255e-01	   3.5493217206576622e-01	   2.7342553118820312e-01	   3.8670608068265427e-01	   4.1411320585722106e-01	   6.8100315804874534e-01	   1.1690992622233899e-01	   3.7929917376681349e-01	   7.0758571925022773e-02	   1.8153061957036012e-01	   2.8417019639728042e-01	   3.0700484910277287e-01	   2.9491228474784725e-01	   2.2075843231470579e-01	   4.0276929747347195e-01	   2.8170988890190918e-01	   5.0526210361424639e-01	   5.4535876795755689e-01	   5.7950666949840002e-01	   5.2637393828965995e-01	   3.6268351857201991e-01	   2.2521059773950136e-01	   5.3648640568481365e-01	   3.5023336189264109e-01	   6.1093286579927142e-01	   4.8466862999176685e-01	   5.8447433569866925e-01	   9.3490617896343553e-02	   2.4324285186356112e-01	   1.8567624370224117e-01	   2.9623212484719758e-01	   5.8881332619923754e-01	   6.0771297873451913e-01	   1.7614897964420792e-01	   2.2217620290408982e-01	   4.8387027988603204e-01	   4.4001489056989890e-01	  -4.6128826626553932e-01	
   7.1344236023839813e-01	   4.0683980634471312e-01	   8.4758441964814735e-01	   4.5928127705363148e-01	   5.2322199906460132e-01	   6.6621102529525111e-01	   7.0126809913606603e-01	   4.6336837606156128e-01	   6.7776073877745269e-01	   6.0397471015521675e-01	   9.4340301562093021e-01	   3.4592266215779699e-01	   0.0000000000000000e+00	   6.2868108229481034e-01	   1.1244952084430528e+00	   6.3894003148532119e-01	   7.1661491591808749e-02	   6.4828433929009346e-02	   4.7867968589112120e-01	   3.7865176449128635e-01	   3.1609231098994828e-01	   3.6375062453967355e-01	   8.6927391145672006e-01	   6.7172494376890757e-01	   5.5415292563763141e-01	   5.1112696847512007e-01	   6.0569446219407053e-01	   7.7434856167556143e-01	  -2.9537506624368957e-02	  -7.5872346352230070e-03	   3.8662515420166288e-01	   3.3364738105267266e-01	  -1.5185845746284346e-01	  -4.6288573211971751e-01	   4.1200448680590401e-01	   1.8862257797316240e-01	   2.9852912751696253e-01	   4.8374953594272441e-01	   3.1227556584528332e-01	   6.5754640061106051e-01	   3.4624975463113677e-01	   3.6967157507923593e-01	   5.5242883698461753e-01	   5.3956767225359181e-01	   5.4500839246465116e-01	   6.6217686771838924e-01	   5.5746404099079805e-01	   7.1597214591514302e-01	   6.8329520273980227e-01	   8.2917852359224087e-01	   6.9883053837169484e-01	   7.6564654912236518e-01	   5.2336714574555143e-01	   6.2912147077729852e-01	   6.9793531809612308e-01	   7.5275918349035476e-01	   4.0007785634331228e-01	   3.3907153637520993e-01	   6.3618382783334937e-01	   4.2509135205391546e-01	   6.0062799732403005e-01	   4.3182614469542913e-01	   1.9760065881081695e-01	   3.2932800909262788e-01	   7.0764073178209042e-01	   4.3603320329907258e-01	   5.8707102304114678e-01	   5.1131908246761393e-01	   6.7507916510023558e-01	   6.4773564874292233e-01	   3.8291774361576819e-01	   1.2683445609001295e-01	   2.5884784502950647e-01	   2.9869531712426822e-01	   4.2947192997260519e-01	   4.8706201304884955e-01	   2.3739199774183534e-01	   1.6995882267965581e-01	   5.8652659366045704e-02	   2.2333679777568866e-01	   3.8688762542397004e-01	   5.8483613660559863e-01	   7.9403142062919863e-01	   3.9982701158497097e-01	   9.6480365985540706e-01	   8.8329671627880169e-01	   7.1616892795146614e-01	   7.0788560620301133e-01	   1.0895548435103801e+00	   8.3428244683633479e-01	   6.1027079304605458e-01	   7.3820644887392017e-01	   7.6762796424125834e-01	   8.2233660802053943e-01	   4.2085929202943528e-01	   4.3479239785432472e-01	   5.3498660273709409e-01	   6.0961131639484045e-01	   7.0972771883015084e-01	   7.2387244856809707e-01	   7.0756414486656882e-01	   8.3105145632429445e-01	   6.7807357113062650e-01	   6.9952252780422308e-01	   3.1336790416132065e-01	   1.8066173554411483e-01	   3.0643864109960167e-01	   6.8141276862895583e-01	   2.3912432252253196e-01	   5.3152140646750823e-01	   6.1640726731550555e-01	   4.9793882085349994e-01	   5.4960497585828505e-01	   7.2943102443594077e-01	   1.5189872202251017e-01	  -3.9832513437457218e-01	
