   0.0000000000000000e+00	   1.2621724271235941e+00	   2.3038550805562738e-01	   1.2984591386043395e-01	   4.1084452140914934e-01	   3.0362273415073815e-01	   8.2734920141600421e-01	   4.8584558184062487e-01	   3.7096011712820515e-01	   3.8833829039033274e-01	   8.2594697997668676e-01	   8.2206932836114532e-01	   9.4165095180574232e-01	   5.6459296100733147e-01	   5.5356507861683379e-01	   4.3615164339129064e-01	   3.0776432330790188e-01	   3.4539900383664562e-01	   1.1384424018593005e+00	   1.0775201849694127e+00	   1.0874032486543596e-01	   8.7970607592695899e-02	   5.6037491119037920e-02	   7.6899800611276480e-03	  -1.7413507165143399e-01	  -1.4365710112443986e-01	   1.2817677862818816e-01	   2.9658349028828845e-01	   4.5968617567173520e-01	   3.7042221648740631e-01	  -4.3250004046188964e-02	   4.3343177929280628e-02	   4.5262509727851058e-01	   3.8400784069173893e-01	  -4.1289893780869069e-01	  -3.7069330478782775e-01	   5.6596527257502867e-02	   1.1950580246348413e-02	   2.1482713353708568e-01	   1.4876398489459575e-01	   3.3161027904941587e-01	   3.1861172344309341e-01	  -7.4393116166590154e-02	   1.2775043937946959e-01	   2.5067103036241138e-03	   1.2759351134037766e-01	   1.3059224880659107e-01	   3.4660291042206866e-02	   3.6893133109033110e-01	   2.4440889342093305e-01	   3.6069683302292282e-01	   2.6872529836252196e-01	   1.3042253060487252e-01	   1.7316510590674572e-01	   4.5507553496958042e-01	   4.0297937455310101e-01	   9.5409672885622743e-01	   5.1741440918041737e-01	   4.8078959701922014e-01	   1.3932819829531468e-01	   6.6206956321245869e-01	   3.3103465227905871e-01	   4.4735280023346358e-01	   4.4244254571365244e-01	  -1.7097660703865227e-02	  -1.4941656926524591e-01	  -1.7195855517193906e-01	  -1.9944396465540729e-01	   9.9631654794953861e-01	   5.8944864109421868e-01	   8.9213603185089460e-02	   2.4695453967578976e-01	   5.3910241684879567e-01	   5.0981936936882566e-01	   4.9074012540463141e-01	   5.0212431388855006e-01	   4.9984370544433020e-02	  -3.1962022321551646e-02	   1.6072863288932943e-01	   4.1039112613364248e-01	   4.6838506182080275e-01	   5.0969924370523012e-01	   6.4331479600809471e-01	   7.3525378823603882e-01	   5.2246990638845281e-01	   2.6754521323459746e-01	   4.3571586124142991e-01	   1.8901820991772531e-01	   6.0229367210655893e-01	   5.3262667261484542e-01	   1.2809655775812362e-01	   1.4882688498544033e-01	   2.0486928195433041e-01	   2.8391996421277949e-01	   2.7638609881819859e-01	   1.7139981969097248e-01	   2.9499294525739939e-01	   2.5002556495176925e-01	   3.8447496027022238e-01	   2.0669890995106674e-01	   4.1676968238167156e-01	   4.6457756139723527e-01	   3.6765764656325883e-01	   4.6861414663351253e-01	  -7.1186192493790268e-02	  -2.7709315240746357e-01	   1.8544987453657888e-01	   1.7332903249746168e-01	   4.3931685223059305e-02	   1.4627288559247667e-01	  -3.5500621126446738e-02	   2.6029910203678543e-02	   2.8166971062533706e-02	   4.0162168588112106e-02	  -5.0618974246736455e-02	  -1.3991037325810940e-01	
   1.2621724271235941e+00	   0.0000000000000000e+00	   1.4585057385597983e-01	   2.2762452048416570e-01	   3.3837790663543504e-01	   3.9332401810145579e-01	   6.0316454529775243e-01	   5.4909947640007506e-01	   2.7359577719684919e-01	   3.5800264508213764e-01	   5.7885002373749872e-01	   8.0043583443736199e-01	   6.6495073196057242e-01	   5.0944780165252102e-01	   4.9628967506222660e-01	   3.1543335417807139e-01	   3.9338453895910219e-01	   4.5252445325836255e-01	   7.6909952556628380e-01	   8.7512537652093192e-01	   2.0659015574199951e-01	   1.6277817123507651e-01	   8.4170459416159069e-02	   6.2845154030715111e-02	  -5.4767368395043897e-02	   2.6769463137256699e-03	   2.2849296474304331e-01	   3.8554026323057444e-01	   4.8172275025757294e-01	   3.9292935633569004e-01	   8.3246023654166001e-03	   8.9033372134910513e-02	   4.0383297182460731e-01	   4.5213656249062134e-01	  -3.1244172991928526e-01	  -2.1630659821442816e-01	   2.2580422287288571e-01	   2.3527480304857629e-01	   4.7987221645970679e-01	   3.6826202699471972e-01	   5.8536243076227934e-01	   4.2616533976694287e-01	   1.4119941603400984e-01	   3.3577948053459983e-01	   2.1460063409392124e-01	   3.8512172419276747e-01	   2.4472070132355389e-01	   2.4669342202470071e-01	   5.2654970035409476e-01	   5.1181563024662580e-01	   4.1919759956205338e-01	   5.1811888231740766e-01	   2.8442034826974150e-01	   3.6768727853107352e-01	   6.2423246934266419e-01	   7.1209573625278866e-01	   1.1173092609738073e+00	   8.7271413263501074e-01	   4.8786877629975151e-01	   2.2665561184310065e-01	   4.1541435114460507e-01	   3.0750327989432907e-01	   6.2982522587907919e-01	   6.2249077598588354e-01	  -1.5574870398366547e-01	  -9.5428760533842111e-02	  -5.2213316549635014e-02	  -2.7442585970712887e-02	   7.5770842449162934e-01	   6.0299152524358124e-01	   1.9698238241786167e-01	   4.4720431338304900e-01	   6.2075690454948340e-01	   5.6329141082767165e-01	   3.7512479418573341e-01	   4.9749472244387538e-01	   2.7388181366814106e-03	   3.4466210188643645e-03	   2.3578212556806094e-01	   4.5771663155279552e-01	   6.5565133146946963e-01	   6.1381362377124604e-01	   7.1649366909142853e-01	   6.7872457828473176e-01	   5.2206467119012634e-01	   3.4753822982752069e-01	   4.2685097382580484e-01	   3.2695750203263058e-01	   5.3411991546037330e-01	   7.4331749799111602e-01	   1.5455634890566988e-01	   1.9595705369870720e-01	   2.3869228784535135e-01	   2.8362348106248969e-01	   1.8197347586519008e-01	   1.4908772520846070e-01	   2.4486859727181984e-01	   2.0565653856147248e-01	   5.0328614823075557e-01	   3.0575159442761224e-01	   4.8571222112491674e-01	   4.8744263547959127e-01	   4.0730480277024256e-01	   5.4988178321015735e-01	   1.9877542421194128e-01	  -1.0230419692142831e-01	   3.0963169523062173e-01	   2.3003911333472624e-01	  -2.0239673044918673e-02	   8.6579175442828921e-02	  -4.6120981608059046e-02	   9.1969344115808108e-02	   1.0094199027590575e-01	   1.1001405649867591e-01	   1.1984376678156387e-01	   3.7137683528084157e-02	
   2.3038550805562738e-01	   1.4585057385597983e-01	   0.0000000000000000e+00	   5.8449113647292306e-01	   5.1876954929023354e-02	   1.7140409666701600e-01	   3.9365054143767009e-01	   8.8175181983197931e-02	  -6.8968291227649622e-02	   9.6202375822358063e-02	  -3.2840004358328789e-02	  -5.8991722196715744e-02	   9.2541697743455206e-02	  -1.2058512931005465e-01	   8.5879827258004346e-03	   2.2617725994865717e-01	   2.2989861681794510e-01	  -5.1121659063136371e-02	   4.6349496503683413e-01	   2.5592934023587333e-01	   5.6720943530496792e-01	   5.9337979523912832e-01	   1.1056540831937369e+00	   8.9539665569928517e-01	   8.7927943938648223e-01	   8.2372293623656445e-01	   6.6551413778296487e-01	   5.8461537508701400e-01	  -3.0439425445591192e-02	  -4.1176903342685811e-02	   7.0172899951863521e-01	   7.1403359328478988e-01	   4.6468498729572327e-01	   5.0256557172987359e-01	   5.2279521510210269e-01	   2.3812015165976819e-01	  -5.9483485637561909e-02	   1.2600830276190056e-01	   8.4375078346071553e-02	   7.6549566790804921e-02	  -1.5244856399418702e-01	   2.8223324527634247e-01	   4.8050553026363563e-01	   3.4019295648670411e-01	   5.7474284748545035e-01	   3.8010867151598826e-01	   3.3310306662545602e-01	   2.5666590913399767e-01	  -1.1945150123847957e-01	   4.4869602033218041e-02	   2.2009274744157992e-01	   5.8530960592562215e-02	  -1.0656575755584526e-01	   2.2114645061591240e-01	   1.7306316379724027e-01	   2.8955757431151941e-01	   1.0878155284766730e-01	  -2.1294110128322988e-01	  -1.2833899625026363e-01	  -3.1813161932526168e-01	  -1.1513085348662622e-02	  -2.3389048078190280e-01	  -9.2034616523490501e-02	  -2.0268896642859777e-01	   6.8271837682578773e-01	   5.3712312478277413e-01	   5.6475384950152074e-01	   3.6619349392237222e-01	   3.0205573722675277e-01	   3.1408768259100739e-01	  -8.3309443772986401e-04	   3.3402323639716083e-02	   8.0416585422495385e-02	   1.2030690928072318e-01	   1.8354935125184321e-01	   3.2126330758679800e-01	   6.0779119341748948e-02	  -1.3399579580215554e-01	   1.5173775045211660e-01	   1.6357025055778820e-01	   7.8080662140400825e-02	   2.3153192145415560e-01	   7.9613111816408774e-02	   1.6566938392698277e-01	   5.9033412595779866e-01	   4.5943243855265098e-01	   2.8386071900734045e-01	   3.8276867237531831e-01	   2.0584184706635705e-01	   3.0442350979390265e-01	   3.6110851402447608e-01	   5.7346616039679943e-01	   4.5793472985365880e-01	   7.3763142740713550e-01	   1.0343192993686470e-01	   1.4715299809504853e-01	   2.3837773002924600e-01	   1.6370320558912912e-01	   2.6419539681106191e-01	   2.9039472803072236e-01	   3.1478309023727141e-01	   2.8526521381845754e-01	   2.7168392198249025e-01	   1.0525451283814555e-01	   2.7179563193709223e-02	  -6.5054089163665519e-03	   3.4991535194081586e-01	   2.2178080554277593e-01	   1.2135864008286142e-01	   1.6196260330323919e-01	   4.0128757299823604e-02	   2.1348988835646932e-01	   8.2939198810165995e-02	   1.4351385037444678e-01	   1.3212547113306383e-02	   3.4466247333446783e-02	
   1.2984591386043395e-01	   2.2762452048416570e-01	   5.8449113647292306e-01	   0.0000000000000000e+00	  -4.6375214130762149e-02	   7.3958625327982819e-01	   4.7993378727888274e-02	   4.3657722101728513e-01	  -4.0457974604299160e-02	   3.3545258801697764e-01	  -2.1239329088579750e-01	   2.5698307510876511e-01	  -1.4890644687782298e-01	   2.8619863004368179e-01	   3.4236151983726294e-02	   3.7711875309764570e-01	   3.4880265778201808e-01	   5.1878791337724633e-02	   2.3094735443942349e-01	   3.4074905043014325e-01	   3.9903758790983396e-01	   5.2504934262322833e-01	   4.6968990626108464e-01	   8.7704381149443356e-01	   4.9564339551008352e-01	   7.0354340179726993e-01	   5.2427607909984331e-01	   5.8585638296007392e-01	   8.7243549393627537e-02	   2.5376073831902508e-02	   3.4403784587014880e-01	   5.6938460008027536e-01	   5.1191076346197817e-01	   7.0430145614762896e-01	   4.5198121610065811e-01	   3.4985689706567508e-01	   2.7709434639367727e-02	   2.1049191921834684e-01	   4.3150169164625696e-01	   5.7628500178927899e-01	   2.8786567296886728e-01	   2.4874750927986827e-01	   6.2107118282658869e-01	   4.5787825455656617e-01	   7.5751500213325484e-01	   7.4271314968208391e-01	   2.7426510435573503e-01	   2.9972949472866028e-01	   2.7055741372247100e-01	   2.2355924528413651e-01	   3.5828694255506477e-01	   3.0637276884112874e-01	  -3.2284352254521973e-03	   5.2132956503043712e-02	   3.4132337462135937e-01	   4.4585820847400526e-01	   1.9147791575456613e-01	   7.8200734923470724e-02	  -4.6229248283628219e-02	   1.6658517148001278e-01	  -2.0286970003101534e-01	   1.9020537333758336e-01	   1.0444945439585057e-01	   3.6380664610503571e-02	   2.9435627381441881e-01	   9.4532716201984457e-01	   7.9543945430393215e-01	   8.2354768366589215e-01	   2.4367886361594920e-01	   2.4449743087579523e-01	   1.6167149222939926e-02	   2.2036546724867784e-01	   6.3372140458043069e-02	   6.8092438690092932e-02	   7.5008871793893345e-02	   1.8931956916494536e-01	  -5.5197677384404266e-02	  -1.0134757338341385e-01	   2.2824539594875137e-01	   1.7598439012110020e-01	   2.5346001996202111e-01	   3.2544032182292676e-01	   2.9692077150806989e-01	   2.8341317503013036e-01	   5.2123687798049467e-01	   8.7907410930831631e-01	   3.4655989659152303e-01	   5.7649024024609774e-01	   1.8859906508780638e-01	   5.2447100813514891e-01	   2.3888240016695744e-01	   8.9183616828406309e-02	   5.5596345677422820e-01	   1.4256421577040854e-01	   3.0707464755549568e-02	   1.2699799731259864e-01	   6.7268679967221134e-02	   5.3791830739647953e-02	   1.9188853648446677e-01	   6.4323753138575178e-03	   5.0107814329498757e-01	   1.6886143611379847e-01	   2.4843037582071126e-01	   1.4181414240219167e-01	   3.6322379450041259e-01	   1.7294948013526917e-01	   2.4287488400912555e-01	   2.9351715852109515e-02	   8.1265282263526389e-02	   1.1638363876087486e-01	   3.4801393205093496e-04	   4.3374098997997976e-02	   5.8650206823565885e-02	   6.0801392790402704e-02	   1.3327515388194142e-01	   1.5042565321902965e-01	
   4.1084452140914934e-01	   3.3837790663543504e-01	   5.1876954929023354e-02	  -4.6375214130762149e-02	   0.0000000000000000e+00	   1.5775273670654277e-01	   3.5245478628715432e-01	   3.2237472953130830e-01	   1.2142166438651221e+00	   9.7262089079562453e-01	   3.0810953951792264e-01	   4.3954968710958031e-01	   3.7287481835911845e-01	   5.1728450793968617e-01	   1.1558092567779430e+00	   9.0867891187140437e-01	   1.5888657994757061e-01	   8.4832677723412214e-02	   3.2947352103521621e-01	   2.9343386634191410e-01	   1.0251373612500878e-01	   1.7958501310259359e-01	   2.4607218665330565e-02	   2.7166573097674854e-02	  -2.0179359839182089e-02	  -1.0320235191589866e-01	   1.6852557398157414e-01	   1.9954543099448957e-01	   4.3673723983757184e-01	   2.7855464023748566e-01	   1.1281437196877213e-01	   9.5099337142440413e-02	   3.2375538144504312e-01	   2.4996761358130370e-01	  -1.7855700848804146e-01	  -2.7533415453683312e-02	  -1.2313946139876704e-01	  -1.6708145291833038e-01	   4.8458904413615549e-02	  -2.2029976938970269e-01	   2.1905042537927050e-01	   9.1466873074377703e-02	  -1.3529110904490754e-01	  -6.4455894255383825e-02	  -1.5825870536528608e-01	  -6.1465919524395202e-02	  -1.4410089953938321e-01	  -1.4105194654377773e-01	  -6.5827838268958747e-03	   1.4420619132189061e-01	  -4.8424335662440129e-02	   1.1872415108389198e-01	   7.3766190885283203e-02	   1.8866370001045615e-01	   1.1505399464943761e-01	   4.5843828100184864e-02	   3.2501486301824350e-01	   1.5453720243724878e-01	   8.3994793480102956e-02	   2.0544090221549949e-01	   1.7274576199175917e-01	   3.7450535589236383e-01	   9.3871607730857690e-02	   3.4578963978724807e-02	   2.4183881760370510e-02	   1.2902905322483627e-01	  -2.1452982322751432e-01	  -1.8039603661483947e-01	   3.0945344087022808e-01	   2.8156838718247224e-01	   1.4727549702580947e-01	   2.8689845003463671e-01	   2.6782354119246515e-01	   2.6588397255597790e-01	   1.4307776255968152e-01	   1.8568949592831796e-01	   1.5639403055990841e-01	   1.5859821185992551e-01	   4.3885751582628627e-02	   7.2054798566237602e-02	   2.1259094981357290e-01	   1.6050796961338573e-01	   8.1120288737176394e-01	   3.1297250779555424e-01	   3.1716947204731855e-01	   1.6823264956715964e-01	   6.0454683803708065e-01	   2.1802484259688040e-01	   5.0971713365684135e-01	   4.7742788788285789e-01	  -1.5745871651032020e-01	   1.0282255110536541e-02	  -3.9669660300126572e-02	   7.9809934997446194e-02	  -1.5530212684812816e-01	  -1.5157564197524959e-01	  -2.9173016013595005e-01	  -2.8220557824205450e-01	  -5.4522781668947737e-02	  -1.5041355297671399e-01	  -1.5959755841842316e-01	   1.2926771473560211e-01	  -1.4893073856737973e-01	  -1.2773878509159511e-01	  -2.5161824663911797e-01	  -4.0582739485795161e-01	  -8.0712336182374944e-02	  -8.1167099662088502e-02	  -1.2929291043482477e-01	  -2.6407206284257462e-01	  -3.5169790050484084e-01	  -3.8784587973495011e-01	  -2.6294839365277067e-01	  -2.8509937311351174e-01	  -2.6880480910619187e-01	  -6.0624168248046569e-02	
   3.0362273415073815e-01	   3.9332401810145579e-01	   1.7140409666701600e-01	   7.3958625327982819e-01	   1.5775273670654277e-01	   0.0000000000000000e+00	   3.8144830533938238e-02	   4.1781012783359578e-01	   3.8288546042477056e-02	   5.5824346738909103e-01	  -5.7441945162652858e-02	   5.4254689959443692e-01	   3.8034018549884252e-02	   4.7686897713474696e-01	   1.6382944805959573e-01	   5.9173242193792164e-01	   3.7944721287621069e-01	   1.4654640634256147e-01	   2.5611492450012574e-01	   4.8524666680423734e-01	   4.5205258974022267e-01	   5.8805392005858059e-01	   1.5861824219357651e-01	   5.0231424353809784e-01	   1.6620566967654579e-01	   3.8605939498546665e-01	   5.5550174978008149e-01	   7.5437347624973516e-01	   1.7598282435349485e-01	   2.0572696499953688e-01	   4.2927326580026202e-02	   2.3046955714784870e-01	   3.8452989181369834e-01	   6.0011841010879607e-01	   1.1535690827995154e-01	   8.4261085935626853e-02	  -2.0983678166115117e-02	   1.8934891522776696e-02	   2.0500022621371733e-01	   4.0263921095875987e-01	   3.2531419700883435e-01	   3.9820442413606555e-01	   4.6099377048593426e-01	   5.2006935251611963e-01	   4.6328829154794565e-01	   7.3744514329849775e-01	   1.1492466177116814e-01	   2.6386023715434259e-01	   5.2773793913590916e-01	   4.4498639151003849e-01	   5.4075214238171643e-01	   5.6425805622667546e-01	   3.2083664698859482e-01	   3.0927456315360530e-01	   3.9098976067300428e-01	   5.5675277209339580e-01	   4.9024401710918430e-01	   4.7345931992808277e-01	   2.6161289672029542e-01	   5.1426605883097232e-01	   2.8246237064773833e-02	   4.2864904018217609e-01	   4.3960391810986577e-01	   4.2124960598578604e-01	  -7.5484662886009163e-02	   4.4540561699311310e-01	   5.3563490748713283e-01	   6.0905982091070143e-01	   5.1150498661831034e-01	   5.2611584281390789e-01	   3.7110918259527083e-03	   3.1987935133233558e-01	   8.7145277323906589e-02	   6.1527920043160302e-02	   1.3218635694985209e-01	   1.1290209423449776e-01	  -2.5941736839030460e-01	  -1.2810970025723792e-01	   1.8311986002568192e-01	   2.8029489590153484e-01	   4.2588025388844108e-01	   4.5748682506108534e-01	   4.4055149024694218e-01	   4.9425350923185341e-01	   3.3606202336831070e-01	   6.2185955033739504e-01	   5.0205430627251024e-01	   5.5052890162398449e-01	   4.4424073965168942e-01	   7.7065016599255143e-01	   2.5807833065254188e-01	   1.0900666640751498e-01	   6.0589037196383078e-01	   1.7454679984551247e-01	   1.2386593890215483e-01	   2.1191799898807820e-01	  -1.5967966160109204e-02	   7.8793385160013205e-02	   1.4709432937256500e-01	   1.1606377518802435e-01	   5.1268321763083691e-01	   3.3643505492968545e-01	   3.1900050833174698e-01	   2.7644618177432262e-01	   1.7698347858014812e-01	   4.0290152597938333e-02	   2.2567900977032798e-01	   5.2867064069132413e-02	   9.9748535146358980e-02	   1.4211381193628606e-01	  -9.8213702072747891e-02	  -8.0504170966576426e-03	   1.2654826975214920e-01	   1.0802691919303861e-01	   1.1728986007605828e-01	   1.2767345237997391e-01	
   8.2734920141600421e-01	   6.0316454529775243e-01	   3.9365054143767009e-01	   4.7993378727888274e-02	   3.5245478628715432e-01	   3.8144830533938238e-02	   0.0000000000000000e+00	   7.4073817154478250e-01	   4.2039434038272161e-01	   2.0977666715494611e-01	   8.5364507100947629e-01	   6.2789606763029449e-01	   1.0572241284042878e+00	   3.9253046734825009e-01	   4.5485642622555816e-01	   3.4860630181311592e-01	   3.5394431179462765e-01	   2.3028619379058402e-01	   8.8266792253008131e-01	   8.1850699679258376e-01	   8.4480456401109058e-02	   1.1460229600847413e-01	   1.2603383534801993e-01	   1.4520798572715277e-01	  -1.6639643672087112e-01	  -1.6971602482423342e-01	  -8.5703961344740481e-02	   4.3079456988047035e-02	   5.0710663473202267e-01	   3.2576671596065926e-01	   1.5306185131668015e-01	   1.4465346007187702e-01	   4.5260683091471793e-01	   3.7227085915169045e-01	  -3.4867330541352431e-01	  -3.1704364427179954e-01	   3.0426350700162388e-02	  -1.5557155382328758e-01	   2.3991457749116457e-01	  -2.7564083433649997e-02	   2.3785384788504535e-01	   3.5579585475386805e-01	  -1.7348351703406262e-01	  -1.3991866620537474e-02	  -4.9008269986925874e-02	   1.5785191917579402e-02	   1.9976870063697236e-01	  -3.3022838514072318e-02	   1.4825955963968793e-01	  -8.7036498953721008e-04	   9.3017680013361193e-02	  -9.9570315538270421e-02	   8.9205805946834804e-02	   1.2788166780187113e-01	   5.2200661925527925e-01	   2.2492622650929844e-01	   3.9646346150580075e-01	   1.9206236442815039e-01	   4.0340285721494451e-01	  -7.6742033364721905e-03	   7.6058205011785796e-01	   3.8845421108466260e-01	   3.7769527665409652e-01	   3.4568608491469244e-01	   2.2193771326891661e-02	  -1.5903533113991630e-01	  -1.6149178218029062e-01	  -1.9027347565887229e-01	   6.4357609671156635e-01	   5.0864779297396068e-01	   1.4032416636124256e-01	   1.2590905582113282e-01	   4.9737061970107166e-01	   4.9904224670049879e-01	   6.3188278660812547e-01	   6.0098362182475729e-01	   2.7747223517265995e-01	   5.9142177631848557e-02	   1.1997050360849565e-01	   3.0089024764041028e-01	   4.1427670389630045e-01	   4.1341835851252756e-01	   4.7973635942763049e-01	   5.2962036408075031e-01	   4.1019223763908164e-01	   2.2299952078647023e-01	   3.5244532687020508e-01	  -2.7626068971831948e-02	   4.7950938887065570e-01	   2.9502546199236457e-01	   1.8357551178620604e-01	   1.9002229306905283e-01	   1.7749943561986781e-01	   2.9318443154414553e-01	   3.2790891683133172e-01	   1.8232255273437992e-01	   3.8639557033691718e-01	   2.0676617011055909e-01	   5.1053077603283925e-01	   2.7620108454841252e-01	   3.6366690770381582e-01	   4.4166866980005165e-01	   4.3352717260643669e-01	   3.9258445800453251e-01	  -1.5142817215907703e-01	  -2.7203295616825512e-01	   3.1027040013936991e-01	   1.7131349250227212e-01	   2.5186432574180562e-01	   2.5446647092725216e-01	   1.2360185167681935e-01	   1.3837593035551066e-01	   1.5811002914157540e-01	   2.3735161637283578e-02	  -1.9442224343814987e-01	  -1.5225751671087015e-01	
   4.8584558184062487e-01	   5.4909947640007506e-01	   8.8175181983197931e-02	   4.3657722101728513e-01	   3.2237472953130830e-01	   4.1781012783359578e-01	   7.4073817154478250e-01	   0.0000000000000000e+00	   4.0119063680363587e-01	   4.5168871289518292e-01	   3.8776709241957563e-01	   9.4371233839034108e-01	   4.9081190389284446e-01	   8.3243901808295373e-01	   3.2721851035476418e-01	   3.8151614436277942e-01	   4.6492800380172611e-01	   2.9454289216654456e-01	   4.3409850432620301e-01	   6.5031475798351612e-01	   3.2111185302419951e-02	   1.1556648343969594e-01	  -1.0284128368440561e-01	   1.7151934313120404e-01	  -2.1300703136870169e-01	  -8.9287827888097832e-02	  -1.0621996019924289e-01	   2.5890830103393131e-02	   5.6318431219224796e-01	   4.4104056445242512e-01	   3.2986159338471821e-02	   1.4296827059094314e-01	   5.5031722773069225e-01	   6.1305934051791477e-01	  -3.1016346637160191e-01	  -1.3561961945532591e-01	   7.5064536908863708e-02	  -1.1922672642735067e-01	   4.8021673907202223e-01	   1.7678617930682078e-01	   4.4988926419338027e-01	   3.2088067245844171e-01	   6.6372016344136628e-02	   1.7945698877817395e-01	   1.8320316477126727e-01	   3.2279858866120853e-01	   3.2715366347827618e-01	   1.7354689546362001e-01	   4.7366542670035927e-01	   1.6334683927974691e-01	   2.7676971315807486e-01	   1.4180773715450651e-01	   3.5372872115288712e-01	   2.0531878777217979e-01	   6.4764181562919576e-01	   3.2330575318114108e-01	   4.3062783345395056e-01	   4.2237224320996125e-01	   4.2338590006285676e-01	   3.7593600372322405e-01	   4.9378328143363182e-01	   9.7178492008102624e-01	   5.8068879993344658e-01	   6.1606642540532486e-01	  -1.6741832173873528e-01	   1.5218358777965568e-01	   6.4821047384790650e-02	   1.9367869608229296e-01	   4.6007629315159987e-01	   4.7196300646870343e-01	   2.1814940153305518e-01	   3.2175853768857343e-01	   4.2828470620997622e-01	   4.5834383089193931e-01	   4.7589873934198834e-01	   5.2876168848584326e-01	   1.5906346004285404e-01	   8.3579875204676857e-02	   2.5396580513668177e-01	   2.7612030104847096e-01	   6.3003694058440907e-01	   4.5058572705333688e-01	   5.4709390340047792e-01	   5.5009280916973569e-01	   2.6408326950301120e-01	   3.8324908472759900e-01	   3.1224399041255757e-01	   9.0218459572665964e-03	   4.3460579360814611e-01	   4.4954837422181892e-01	   2.3246892362997268e-01	  -3.9631068944447845e-02	   3.7492821429645445e-01	  -5.3400657033101651e-02	   1.7812231286331129e-01	   1.5208678755616706e-01	   1.9788597235834807e-01	   1.2077586435147242e-01	   5.0531031086518508e-01	   1.5115837959830403e-01	   5.5613269898104756e-01	   3.7740906047575928e-01	   4.5551847265793666e-01	   4.5161564469723181e-01	   1.5764975933962858e-01	  -8.3479955886627211e-02	   2.1296958894699555e-01	   3.1236284966765438e-02	   1.7658032750255945e-01	   2.3685863825407971e-01	   1.7458558995328879e-01	   1.4814390652169449e-01	   2.1409143026336125e-01	  -2.9897327427178638e-02	  -1.5731672950820430e-01	   5.0496156496916536e-02	
   3.7096011712820515e-01	   2.7359577719684919e-01	  -6.8968291227649622e-02	  -4.0457974604299160e-02	   1.2142166438651221e+00	   3.8288546042477056e-02	   4.2039434038272161e-01	   4.0119063680363587e-01	   0.0000000000000000e+00	   7.9046260647304378e-01	   3.1198564675662205e-01	   4.5258086074622839e-01	   4.0744354747726896e-01	   5.3989213397707392e-01	   1.3685656678931930e+00	   8.2880217714280835e-01	   1.1314949068967985e-01	  -6.1838406876118676e-02	   2.3937279643484444e-01	   2.5161449528744489e-01	   7.6800956324852163e-02	   1.3824997710646686e-01	  -1.5603593901760604e-01	  -3.0452592928850868e-02	  -2.7669728254601456e-01	  -3.0954543172295540e-01	  -1.5282179537289503e-03	   4.8275818516539074e-02	   4.7801690076213310e-01	   2.3497079735484933e-01	  -1.6134979475355454e-02	   1.1378681441933196e-02	   2.3478030305496025e-01	   1.8894318662726808e-01	  -2.4454060984698142e-01	  -3.4546666313000081e-02	   3.1206558256119926e-02	  -1.8355136812844486e-01	   1.7949641409432138e-01	  -2.4253678752892671e-01	   3.4729185441895621e-01	   6.1518771279281355e-02	  -4.3616609881369617e-01	  -3.0636361312653898e-01	  -3.0357922751007743e-01	  -1.6450622642246293e-01	  -2.2430294260764105e-01	  -3.5591529381808462e-01	   8.7371120945572880e-02	   1.6964192663418615e-01	   3.0042296981781732e-02	   9.7571921562944919e-02	   1.1896275374298293e-01	  -8.2517289120682645e-03	   2.3099327828576438e-01	  -9.8377286393675725e-02	   2.7601571453361073e-01	   1.6251428672890864e-01	   3.6517688718208902e-01	   3.7798819725256455e-01	   3.8934347687998749e-01	   4.9881365957904622e-01	   1.8055506802836505e-01	   8.1861810176312513e-02	  -7.3242518077515320e-02	   7.7498866097502811e-02	  -2.4044384325684592e-01	  -1.8372317716462927e-01	   3.1447359869870473e-01	   2.8613507091522028e-01	   2.7922827266668993e-01	   3.2668086237442157e-01	   2.3949341104359079e-01	   1.8368360072071774e-01	   1.7823695231913161e-01	   6.6175890217683261e-02	   2.9561408813305745e-01	   3.0252583928955035e-01	  -6.2612686349591287e-02	  -3.1646799752884903e-02	   1.1733262473463331e-01	  -1.4927723303130237e-02	   6.9990003887048469e-01	   1.8806827907339674e-01	   1.7120638016200213e-01	   9.6516425874925746e-02	   5.2250314369215956e-01	   6.7470380501685731e-02	   5.3384911398160395e-01	   4.5256368366693234e-01	  -2.1514225108114968e-01	  -1.6841776657576191e-01	  -1.7417392113703231e-01	  -8.7378341896841558e-02	  -1.4662570897905197e-01	  -2.7604377121572310e-01	  -2.0399155896031917e-01	  -3.2193550592100584e-01	  -5.8467337610439506e-02	  -2.9270343685203737e-01	  -1.9116509328523290e-01	   1.4897358152262830e-01	  -1.3573369025224918e-01	  -5.9606240439344600e-02	  -1.8636247893633451e-01	  -3.6685230198591301e-01	  -4.5088820308561615e-02	  -4.1078931684441246e-03	  -2.1076292988677420e-01	  -3.1995826165946878e-01	  -3.4951723460919815e-01	  -5.1408316937772380e-01	  -3.5661972664062058e-01	  -4.7411270054562055e-01	  -4.1050321960723890e-01	  -6.0903757872847505e-02	
   3.8833829039033274e-01	   3.5800264508213764e-01	   9.6202375822358063e-02	   3.3545258801697764e-01	   9.7262089079562453e-01	   5.5824346738909103e-01	   2.0977666715494611e-01	   4.5168871289518292e-01	   7.9046260647304378e-01	   0.0000000000000000e+00	   1.4694698810851647e-01	   4.9438772763904626e-01	   2.7458904512833088e-01	   6.7928215732149722e-01	   7.4818798094674810e-01	   9.3787806873584156e-01	   1.9368002151114835e-01	  -7.4995141844442269e-03	   2.8073908154036592e-01	   2.9676186850062847e-01	   2.1728262582217517e-01	   3.0952663742130831e-01	   6.6323761428201039e-02	   2.1500911847650167e-01	   1.6817089195981273e-02	   3.2012076603298904e-02	   2.7855701952696255e-01	   3.3080506978752650e-01	   2.7379867445148492e-01	   1.5974541958142205e-01	   1.6450478361037125e-02	   9.4084679208593258e-02	   3.2301901448210257e-01	   3.6222671241845966e-01	  -2.8705516603732290e-02	   6.2103291328981666e-02	  -9.9740704862706142e-02	  -2.1391944227654408e-01	   8.5748692711286975e-02	  -3.8836025258393345e-02	   2.5307034001210582e-01	   1.2801740103068135e-01	   3.9451586404351140e-02	   9.2766463691190307e-02	   3.6442419780425707e-02	   1.5992599543101474e-01	  -7.0764973070705076e-02	  -3.8467857782267939e-02	   2.5975717239005225e-01	   3.4355312903794599e-01	   2.7893657499362190e-01	   4.2467846011576910e-01	   2.4950890153350458e-01	   1.6317869861544448e-01	   2.0387974531356473e-01	   1.2393378760252900e-01	   4.0973559214599253e-01	   3.1799263425383345e-01	   1.8965183560807400e-01	   5.5476783141319719e-01	   9.7159157201980248e-02	   6.5700947614385230e-01	   7.4557748705655416e-02	   6.7266975911418628e-02	   2.9433215642609666e-02	   4.5626379058714067e-01	   2.1533226969784894e-02	   1.3413399687016250e-01	   3.5593788969871004e-01	   3.6941991861411466e-01	   2.3390327394048394e-01	   3.5611462865930338e-01	   1.5665869085508782e-01	   2.1492446759280365e-01	   8.6061767890325935e-02	   1.1966402302328981e-01	  -5.4646655564659162e-02	   4.7891183813078164e-02	   3.9819167525460240e-02	   7.6361082356413312e-02	   1.7347083263927543e-01	   1.7273065995481690e-01	   6.7166756630708735e-01	   2.7051880644667925e-01	   3.7522578868630846e-01	   3.5284414681889981e-01	   5.1661936278417975e-01	   3.2272401108036464e-01	   5.9295180484731635e-01	   6.6045395008798180e-01	  -3.4844967754411094e-02	  -1.5560487032829692e-02	   1.7193658540609136e-01	   1.0675995211996971e-01	  -2.0317410030431277e-01	  -1.6374840650423012e-01	  -2.9782316745366183e-01	  -2.3625525068459149e-01	  -1.0508604408896435e-02	  -1.9603035406350749e-01	   1.5024994057213874e-02	   2.8291087583202967e-01	  -9.5013700610543234e-02	  -4.0322149917314861e-03	  -1.7697943167092589e-01	  -2.9719002895484048e-01	  -2.5089362690032004e-02	  -6.6684297957217531e-02	  -6.9967527663806428e-02	  -1.5483400937672556e-01	  -2.8726969694334126e-01	  -2.9966352444349426e-01	  -2.0731338984926440e-01	  -3.1565380919248986e-01	  -2.9872140920195112e-01	  -6.3835054005108985e-02	
   8.2594697997668676e-01	   5.7885002373749872e-01	  -3.2840004358328789e-02	  -2.1239329088579750e-01	   3.0810953951792264e-01	  -5.7441945162652858e-02	   8.5364507100947629e-01	   3.8776709241957563e-01	   3.1198564675662205e-01	   1.4694698810851647e-01	   0.0000000000000000e+00	   8.0478301051747636e-01	   1.1981090632063911e+00	   6.3234621009068870e-01	   4.6709755750033477e-01	   2.1281827449738944e-01	   3.2095105697594650e-01	   5.4146750716766456e-01	   6.9521913665316459e-01	   6.2267081078391195e-01	  -1.5329538983387628e-01	  -2.0284604761552413e-01	  -4.1935381427086971e-02	  -1.4733468582967787e-01	  -3.2742252417423284e-01	  -3.8406525491826188e-01	  -2.7592767006323415e-01	  -1.2601186195524208e-01	   5.8974706645191266e-01	   5.1072986318590030e-01	  -3.1092004488394127e-02	  -4.5888283712671028e-02	   1.6586915943800856e-01	   3.5848941762115928e-02	  -5.8471244852769599e-01	  -5.0622507079859613e-01	   4.9371664462606914e-02	  -8.2128755681313309e-02	   6.3496869818974219e-02	  -2.1583308557093214e-02	   2.8605191801122365e-01	   2.0346755896030855e-01	  -1.8827799986331176e-01	   6.6901805435676961e-02	  -2.4749881273805552e-01	  -7.9617136294759069e-02	   1.8680538060819449e-01	   3.9251098855489996e-02	   2.0813634728201080e-01	   2.8526477231995140e-02	   2.4400371954696572e-02	  -5.8143283447506758e-02	   6.9512442117683690e-02	   1.3473004319083906e-01	   3.1483380273125106e-01	   1.7684604961186856e-01	   3.3477295435149534e-01	   2.3499726132932147e-01	   2.1910125954117962e-01	  -2.4352197571013007e-02	   5.5175210217347237e-01	   2.9160750241161770e-01	   4.0997016016608973e-01	   4.1566946489645584e-01	  -9.1540407418102376e-02	  -4.1687730538182100e-01	  -5.5706072941833440e-01	  -5.6063993761805364e-01	   3.7386081864182141e-01	   1.5587032595183253e-01	   2.1346718584890276e-01	   2.0581753281871756e-01	   7.0370263668389255e-01	   6.6214932674172899e-01	   5.6505088869671860e-01	   5.8662017495197449e-01	   3.1999759804718869e-01	   1.1174683591927466e-01	   2.3430762853198173e-01	   4.8823654796656835e-01	   5.5934288493990592e-01	   5.7400353166828832e-01	   4.0303930328562326e-01	   5.0557402527763506e-01	   4.2041526660796003e-01	   1.7637029995418180e-01	   1.8052504148313966e-01	  -3.9918031551226453e-02	   1.9715101170409594e-01	   9.9351023177373599e-02	  -8.7624664435131103e-02	   5.8539100419954193e-02	  -1.3923212629293483e-01	   6.2263206793831766e-02	   3.4266447047823240e-01	   2.5764907939502607e-01	   2.6819378791799864e-01	   2.2242708640478653e-01	   3.3140760648849060e-01	   2.3197997745889495e-01	   6.4830603809738041e-02	   8.1930948897185205e-02	   1.3107996536336022e-01	   1.9884397013761448e-01	  -2.3657278081115329e-01	  -2.5898071870022721e-01	  -2.6561741801344088e-02	  -2.7515108479231873e-02	   2.0029713374796262e-01	   1.9839770441305057e-01	   9.6891112436949103e-02	   1.3015940118501071e-01	   1.7585432595014608e-01	   1.5576952857749621e-01	   4.3243717417410940e-02	  -1.6352651745864397e-01	
   8.2206932836114532e-01	   8.0043583443736199e-01	  -5.8991722196715744e-02	   2.5698307510876511e-01	   4.3954968710958031e-01	   5.4254689959443692e-01	   6.2789606763029449e-01	   9.4371233839034108e-01	   4.5258086074622839e-01	   4.9438772763904626e-01	   8.0478301051747636e-01	   0.0000000000000000e+00	   7.0559383078409765e-01	   1.2694201271701129e+00	   6.3109021935490539e-01	   6.4581205843643330e-01	   5.0646237580047415e-01	   5.4460995433352499e-01	   6.3324748827290978e-01	   8.5362823205908112e-01	   1.2617648041394255e-01	   1.4114013963874822e-01	  -3.9036883657876935e-02	   1.3269676245631790e-01	  -2.3781012036923221e-01	  -1.3874489584592078e-01	   4.0443860827242009e-02	   2.2713412767605937e-01	   7.6228833325916501e-01	   7.8341450013143432e-01	   6.2297685060544769e-02	   1.8340488732697316e-01	   4.9815639918480537e-01	   4.8687059149070705e-01	  -4.8466287572001843e-01	  -3.0111244983689256e-01	   9.3185256865924937e-02	   2.8324403597533215e-02	   3.5076585605303162e-01	   2.8975146108405042e-01	   6.3498180363585421e-01	   3.8467191027691822e-01	   1.4011877211353638e-02	   2.1304146113186923e-01	   1.5517519737133993e-02	   3.0261801759849122e-01	   1.4188942394190959e-01	   1.0473668201272600e-01	   4.7699988068997334e-01	   3.4265801292917597e-01	   2.9322071896820384e-01	   2.9480965010571442e-01	   3.0382202607903408e-01	   2.6258729102883760e-01	   5.7442780693541040e-01	   4.0314113473119384e-01	   6.6326897761156034e-01	   5.5303420083882648e-01	   4.3019457542779538e-01	   3.5948825267298729e-01	   5.3158255108932084e-01	   7.2265402695121339e-01	   7.9724890430009299e-01	   7.7033678642683134e-01	  -2.0335598458954302e-01	  -7.2059884709632944e-03	  -1.9409793762531580e-01	  -1.0143571835808526e-01	   5.8516841183623436e-01	   4.1636282081841397e-01	   2.7874537929735743e-01	   4.3776368295741852e-01	   5.9870541982337910e-01	   5.6569019865668635e-01	   5.1257477881959124e-01	   5.3660549739813357e-01	   2.3052674009170357e-01	   1.9698639444801638e-01	   3.4611241209645333e-01	   5.7055830365982885e-01	   8.6747109010338552e-01	   7.3197595591319298e-01	   6.8987148846854918e-01	   7.7418877452482804e-01	   4.3065227319339966e-01	   4.9627296190350983e-01	   3.7689829588064261e-01	   1.2427843721129439e-01	   4.1135199595962157e-01	   5.3681091365645162e-01	  -3.3416035813678850e-02	  -8.1129237688624040e-02	   1.1591441775662628e-01	  -1.1457704182027989e-01	   1.6912088323160646e-01	   1.6557633582503831e-01	   9.1184102208914916e-02	   9.0586452617653732e-02	   2.7958130485527088e-01	   6.6602244728001345e-02	   2.8341630115617600e-01	   1.4358661863058247e-01	   2.1771337681212508e-01	   3.0290731117088532e-01	   5.3470668996261593e-02	  -1.3745548651802153e-01	   6.2263466516146365e-02	  -1.5867333847235397e-02	   1.8999232559051581e-02	   9.4628192970014555e-02	  -6.2406134639600125e-02	  -7.2997722158175446e-02	   1.9040187176388199e-02	  -2.0482516900602994e-02	  -2.7797654748124585e-02	   7.0458212698496173e-03	
   9.4165095180574232e-01	   6.6495073196057242e-01	   9.2541697743455206e-02	  -1.4890644687782298e-01	   3.7287481835911845e-01	   3.8034018549884252e-02	   1.0572241284042878e+00	   4.9081190389284446e-01	   4.0744354747726896e-01	   2.7458904512833088e-01	   1.1981090632063911e+00	   7.0559383078409765e-01	   0.0000000000000000e+00	   5.5156351719566887e-01	   4.9748473877566329e-01	   3.2329490208068756e-01	   1.8144701159125443e-01	   2.4747673830682662e-01	   6.6112187254617816e-01	   6.1426415511000021e-01	   9.4295617144512026e-02	   4.0963835504184941e-03	  -5.1468334643460144e-02	  -9.1216847620894798e-02	  -3.5804804080065866e-01	  -3.5455098613132907e-01	  -1.2341464232713999e-01	   3.7789910699928604e-02	   4.0343281945074722e-01	   3.0149078719189337e-01	  -1.1588251606749754e-01	  -8.9038015795973188e-02	   2.5310659268038710e-01	   2.1063668275633088e-01	  -3.8327557667561230e-01	  -3.2930551961222226e-01	   4.4214815550163988e-02	  -1.5513816165215605e-01	   9.4505681485660756e-02	  -1.0433307618031987e-01	   2.1734299356758499e-01	   2.1696481080434571e-01	  -2.5215099648961981e-01	  -9.8478929638276827e-02	  -2.1972272825203504e-01	  -1.0848844757873730e-01	   1.0815560623510967e-01	  -8.4707314141786852e-02	   2.5785476314791628e-01	   9.7998413700873366e-02	   1.6530250305292127e-01	   2.7631087351888850e-02	   1.1613401764709087e-01	   6.5598820826581833e-02	   2.8144243474735614e-01	   7.9010144089057682e-02	   3.6768490538259013e-01	   2.7001027864560101e-01	   4.4417907531109246e-01	   9.0000372279191498e-02	   9.1275967555472914e-01	   4.5098062201572375e-01	   3.4165064713132676e-01	   3.3187470743714503e-01	  -2.2554031208914870e-02	  -2.7067267721290750e-01	  -4.1815520668306877e-01	  -4.4881278200374003e-01	   4.6701210839739082e-01	   3.2889007428146455e-01	   1.5063329451734242e-01	   2.3163818873684400e-01	   5.4558823672750001e-01	   4.6951596604918799e-01	   5.0366616521605190e-01	   3.8824849794013755e-01	   3.0912070047487783e-01	   1.0837973949515742e-01	   5.6246512241155289e-02	   2.5766557423234571e-01	   3.1547875734023550e-01	   3.2194405291753586e-01	   3.4590810547830864e-01	   3.7290863874373970e-01	   3.0988296732943393e-01	   2.7107031628787526e-02	   1.5374962588214514e-01	  -1.3888976950115822e-01	   3.8298046021266913e-01	   1.7325941489949290e-01	  -1.6771018019332291e-02	   5.4789873049109351e-02	  -1.6903570911729223e-02	   1.6868531501297296e-01	   1.1773355739019092e-01	  -2.4912904705971049e-02	   1.6474623042264286e-01	   3.0258695055747045e-02	   2.9348275700261639e-01	   1.1321859410182188e-01	   1.4753057015953225e-01	   3.5729549209526346e-01	   1.9058207217344261e-01	   3.4077117637514465e-01	  -1.8217667538436352e-01	  -3.1019075296750348e-01	   1.4866349468765239e-01	   1.8672891210354861e-01	   3.4485269792287651e-02	   4.3745305540824488e-02	  -8.2147656175447517e-02	   1.4136265038308168e-03	  -1.4999749753251083e-02	  -8.5558888815300826e-02	  -1.7423113389536266e-01	  -9.8981049129131540e-02	
