   0.0000000000000000e+00	   3.6848203762986487e-01	   7.9251394009074627e-01	   6.9527425363588247e-01	   4.6524162724999296e-01	   5.4517246606027991e-01	   8.7281632103549867e-01	   6.7990185436084838e-01	   2.1464887788547704e-01	   2.4755368213116474e-01	   8.5648951004550478e-01	   4.4572231683066604e-01	   8.9563884428504426e-01	   3.0479508087371665e-01	   1.6936470900713774e-01	   2.8505103243448161e-02	   3.8495956445610285e-01	  -5.4090393737489403e-02	   8.4973714146384038e-01	   6.6968355934111079e-01	   3.4538862056824959e-01	   1.3033099059919276e-01	   4.3199093135379807e-01	   3.4721424885638313e-01	   3.4046251102268632e-01	   2.9202115079333746e-01	   2.0856610195358746e-01	   3.6933675339856094e-02	   3.6329853195776746e-01	   6.1612039579808063e-02	   9.8385983869706733e-02	   1.3590059395657600e-01	   5.9956086712749257e-01	   4.5822189014219894e-01	   9.5639601994062046e-02	  -7.6502211553554827e-02	  -1.4606019115322794e-01	  -3.0437689102207383e-01	  -1.2371287607273115e-01	  -1.5219738981002859e-01	   7.0272158359667686e-02	  -2.5214885423225442e-01	   1.5564107049809373e-01	   1.4037436565532546e-01	   2.9013073407740848e-02	  -2.1201668270785769e-02	   9.2636973443301230e-03	   1.6775256692518620e-01	   1.1403554938116563e-01	   4.1740838079229299e-02	   1.3549269058808550e-01	   3.4634009828621769e-02	   3.8838700245312296e-01	   3.0624714429060484e-01	   2.6782389967320941e-01	   1.4964020956013291e-01	   3.9920657511256519e-01	   2.6012887482247754e-01	   6.4658785735644853e-01	   1.5292166568934873e-01	   1.0880135415710959e+00	   2.0123531732576580e-01	   6.0928878054591951e-01	   1.9511887588385696e-01	   1.8772592155481174e-01	   8.9860388634565400e-02	   1.2372045503778138e-01	  -4.2037738729075597e-02	   1.3217999354661120e-01	  -5.4450491608440857e-02	   3.2920936038906118e-01	   2.9813609815415165e-01	   4.0184788207608652e-01	  -1.7638562488880839e-02	   2.6005876999054423e-01	   1.3035010295368857e-01	   7.8396843521024422e-03	  -1.3712314615272368e-02	   8.2050087084259024e-02	  -1.4486359024620987e-01	   2.3843672289178663e-01	  -7.0373821565236555e-02	   2.1087319222393930e-02	   6.5181818953811269e-02	   4.3023635837090568e-01	   1.0550241768218867e-01	  -5.7551614541764572e-02	   9.6974909484477071e-03	   3.9048484771756564e-01	   3.7700115645350113e-01	   3.1531397099798619e-01	   1.9198629588014027e-01	   3.8132447607819087e-01	   2.0675208648745755e-01	  -3.2809596005301178e-01	  -3.1911007547445186e-01	  -1.4935585982269384e-01	  -3.1931125252920904e-02	   2.1510903779081256e-01	   2.5379585254221276e-01	   4.0165968228039745e-01	   7.8397288132142015e-02	   3.6301803176934055e-01	   2.0265433640640124e-01	   1.3489444287132329e-01	  -4.5394624201969769e-02	  -1.6824590359574734e-01	   1.6696034991336461e-01	  -4.5091640640010322e-01	  -3.8298589896470603e-01	  -9.5567016961197473e-02	  -5.2454880013040155e-03	  -7.4423191963956482e-03	   1.7417028909177665e-01	   1.6481456052289922e-01	  -3.1445384454028835e-01	
   3.6848203762986487e-01	   0.0000000000000000e+00	   2.2757337080094500e-01	   6.2319811211844378e-01	   4.8110029249354846e-01	   5.5227898485641291e-01	   2.3613543536697229e-01	   4.9418511341525750e-01	   3.6761877385024089e-01	   3.6438400045683417e-01	   1.7051546095746475e-01	   5.5046619442529032e-01	   1.8446626784242515e-01	   2.9978377237440962e-01	   3.7097782551340508e-01	   2.2906075754942626e-01	   1.3402710292798403e-01	   5.3600499859573159e-01	   5.7177958545889196e-01	   8.3565959330524242e-01	   4.3433309936180214e-01	   2.7280464533589543e-01	   3.2595685373168687e-01	   2.6144724906559608e-01	   3.5644047131690954e-01	   3.5939670443764149e-01	   2.0068676406620839e-01	   1.4001850061486987e-01	   3.0470678631499368e-02	   1.7624045089131629e-01	   1.0322730153689103e-01	   1.1307089192898388e-01	   3.0397159529965551e-01	   3.4121695723546164e-01	   1.2607053020991721e-01	   2.1356330685339289e-01	  -3.9970051134274480e-02	  -9.1007667857516322e-02	  -4.4109267065212822e-02	  -1.4386636955644712e-02	  -8.1789516450465529e-03	  -2.3227942499239296e-01	   3.5059804651034621e-01	   4.1696362668406206e-01	   3.7955850157876309e-01	   4.1138782546220676e-01	   3.0497261953081845e-01	   2.4342665922402318e-01	   4.0409216575703216e-01	   4.2612388582814537e-01	   3.2530875963829675e-01	   3.4708781830710095e-01	   2.4530748200209807e-01	   2.6613068132789292e-01	   2.6111063632546117e-01	   1.9855805451008465e-01	   3.3419043240678292e-01	   1.1589964191593505e+00	   2.0594660603606355e-01	   4.0151604845638045e-01	   4.4940329597869388e-01	   5.1237347638952180e-01	   2.5538651605055640e-01	   6.4593576856019719e-01	   3.1689214872216454e-01	   3.4088494532447255e-01	   2.1868532559125500e-01	   2.8596430307056786e-01	   2.6253909979241719e-01	   6.4201214461208989e-01	   1.3897057731619256e-01	   1.7858721980836795e-01	   1.1299363111365876e-01	   2.2965976818953227e-01	   6.5156842529852210e-02	   3.5360819337461558e-01	  -6.4851579771973714e-02	   4.2150325832850610e-02	   3.1800641950608571e-01	   2.8258964643556850e-01	   1.8623366723741050e-01	   2.1629269878083421e-01	  -1.3237611824187367e-01	   3.1785935234395365e-03	   2.6303436650848827e-01	   2.9292344186649205e-01	  -8.7821291642387028e-02	   2.0871095997667568e-03	   3.0700189564318681e-01	   3.5483597067590206e-01	   1.4324573278559652e-01	  -1.6486381748481202e-02	   4.0131889987509445e-01	   5.7324519591919705e-02	  -2.7972587710549351e-01	  -3.0693300514881533e-01	   1.7289050121462902e-02	  -1.2232901236960783e-01	   2.3891364895030440e-01	   1.4924865620481934e-01	   4.0884775138460333e-01	   2.4764268210375161e-02	   4.9511349160619023e-01	   2.2656777714730203e-01	   3.7383250268843937e-01	   1.9704425109345874e-01	   3.0926193079929931e-03	   1.8043731122966947e-01	  -4.6414534101874172e-01	  -3.3144902804736848e-01	  -7.0549437327953490e-02	   1.0028500177891460e-01	   9.6119243310212515e-02	   3.8742071882451085e-01	   4.4276009274036110e-01	  -1.4276698523186893e-01	
   7.9251394009074627e-01	   2.2757337080094500e-01	   0.0000000000000000e+00	   8.7099468158621540e-01	   3.8157481035698804e-01	   4.2410168671303800e-01	   1.2154170397048174e+00	   6.4933083723754581e-01	   2.6043706420566853e-01	   2.2063819285340602e-01	   7.1029504682721001e-01	   3.5136108919434944e-01	   8.6239615865320096e-01	   3.9185017320276028e-01	   3.2595784501722125e-01	   3.6446786499776029e-01	   3.2010213922673941e-01	   8.3125696714287836e-02	   3.9743833937566964e-01	   3.9267779398432279e-01	   3.5041791763533997e-01	   1.8053153091786328e-01	   1.0374132803602589e+00	   1.0013304155737124e+00	   5.4559956317417790e-01	   4.4159789470791899e-01	   2.8184944452234217e-01	   5.3241827587987525e-02	   5.2617069768563640e-01	   2.9615898810037006e-01	   5.8952347458258103e-01	   6.3916558622957731e-01	   6.9303533037366249e-01	   5.2750601190709567e-01	   3.0379537847381227e-01	   1.1927441440632695e-01	  -1.4786902693652168e-01	  -2.5111578817688351e-01	  -1.6723169632891277e-01	  -1.6263729487448936e-01	  -9.0584781139484039e-02	  -2.9004109170848319e-01	   2.3070855522828693e-01	   2.0144843381937713e-01	   1.0795335158172753e-01	   7.3288774386425115e-02	   1.1177024351662453e-01	   1.8189104713642931e-01	   5.0706860154170308e-02	  -2.2629641315229546e-02	   1.7116723940409001e-01	   3.1823433980028730e-02	   3.4598915318737367e-01	   2.5232451908779879e-01	   1.5435084982429384e-01	   3.5343963232092768e-02	   2.0673672212980604e-01	   2.7969939267920874e-01	   2.3305398321405879e-01	  -6.7068805973831150e-02	   5.8995268125859524e-01	   1.7330486936143988e-01	   3.2086288394530654e-01	  -9.6095088110259463e-02	   3.8220839258165318e-01	   3.0304573039054461e-01	   3.6886001850903904e-01	   2.3796941766681046e-01	  -1.0485123696277878e-02	  -3.5974884976636576e-02	   6.3774012227750121e-01	   5.0671360781121455e-01	   5.3918877137035293e-01	   2.8445546243541664e-01	   3.7827101674223662e-01	   3.3121565248417406e-01	   8.5072234253959461e-02	   4.2325258409797228e-02	   2.8299572721931854e-01	   1.4381529396822501e-01	   3.7348723726981015e-01	   8.9437222692768395e-02	   3.5772125222079071e-01	   3.1962961663519468e-01	   5.5958810322078889e-01	   3.0734373886842109e-01	   1.8473397786042128e-01	   1.0043890415535664e-01	   2.7630206017891684e-01	   2.7230348117892106e-01	   2.9264345591984237e-01	   2.3079733413177156e-01	   3.4574610039283254e-01	   1.5092854725986565e-01	  -2.2887700655296594e-01	  -3.6825355955636480e-01	  -1.2142499303105943e-01	  -1.3148844640897966e-01	   2.2755209974943896e-01	   2.0980352117893922e-01	   3.0100654520388848e-01	   2.7892653088300821e-02	   1.4676989598397899e-01	   5.0725780389649602e-02	   1.2900617205008630e-01	  -4.2029073866149042e-02	  -3.5851536919587201e-02	   3.3690944895153330e-01	  -2.9241411175444509e-01	  -3.0861743887506488e-01	  -1.1892118502123647e-01	   3.9362406125500050e-02	   1.0905136493586123e-01	   1.6217510743660649e-01	   1.7986618802939716e-01	  -3.5645862664401817e-01	
   6.9527425363588247e-01	   6.2319811211844378e-01	   8.7099468158621540e-01	   0.0000000000000000e+00	   6.1293753832868247e-01	   6.9008518697409316e-01	   1.0543911834775126e+00	   1.2643429697873709e+00	   4.6717178052626107e-01	   3.9005843898751857e-01	   5.4928810162575292e-01	   6.2028247802410530e-01	   7.0062984786866067e-01	   4.6193763910801267e-01	   4.4220069410283408e-01	   4.1954446812172974e-01	   4.0538895196708591e-01	   1.8703448718266699e-01	   5.8872652130582870e-01	   7.6293714237350008e-01	   3.1917647292031526e-01	   2.6520036418558807e-01	   7.9479276404358257e-01	   1.0084834878049223e+00	   5.4165948148610465e-01	   4.8201530634230216e-01	   5.1689686234098475e-01	   3.0173695914578474e-01	   3.5706088945566100e-01	   2.9575186546414617e-01	   4.1745834962138745e-01	   4.7442350601271543e-01	   5.6369198745830129e-01	   5.5879575427218264e-01	   7.8752843683342635e-02	  -5.7199690720679944e-02	  -2.4038520542879496e-01	  -3.8191125326589004e-01	  -2.0057706516009671e-01	  -2.2435729269675675e-01	  -8.7243764612872851e-02	  -3.5009416452184050e-01	   2.7186279682676429e-01	   2.9497194209221728e-01	   2.2329925286160152e-01	   2.2937780858401882e-01	   7.0347972120667235e-02	   1.1194601955752465e-01	   2.5611669638559109e-01	   2.6933271842553536e-01	   2.3300207171672688e-01	   2.5976534435515636e-01	   2.7375315391637478e-01	   1.5177420300768527e-01	   1.1521661474349359e-01	  -5.5233902136903983e-02	   7.1080724848895382e-02	   3.9467077358171376e-01	   1.3918183359403125e-01	   1.1571466951521821e-01	   6.0946303553415671e-01	   6.1777077335974551e-01	   2.6531914266890333e-01	   2.6440890891514268e-01	   3.3886016937763763e-01	   5.6278736416836450e-01	   1.9645345238294165e-01	   2.2805656293470911e-01	  -2.1099454454940503e-03	   1.5817832845868590e-01	   4.9628820746703622e-01	   5.0148519798968272e-01	   3.3130169461697423e-01	   2.4325953863542271e-01	   1.8305313141147075e-01	   2.7608503401051360e-01	  -1.8552300750969117e-01	  -1.1568206713045009e-01	   2.0288390217190846e-01	   1.0213022033513434e-01	   1.8972303224439074e-01	   6.3860679242716073e-02	   9.8365372634365254e-03	   1.8771439858281068e-03	   3.6066009674779903e-01	   3.0684059791184970e-01	   2.6275992935250687e-02	   1.4143317679743228e-01	   3.6842677976428084e-01	   3.2739924305160883e-01	   2.1202979519520357e-01	   3.3075025081702965e-02	   4.6711198950607824e-01	   1.2556608473311995e-01	  -3.8976360989339742e-01	  -4.3659127513405371e-01	  -1.8310958452022918e-01	  -2.7045326829435329e-01	   9.2524843593322345e-02	   4.8229207882387125e-02	   3.9991815477161829e-01	   5.8304393964990153e-02	   2.9823644511147684e-01	   1.5022625414083568e-01	   2.0504456548480843e-01	  -7.6703493855795307e-02	  -3.8921893071984973e-02	   2.3788065442963244e-01	  -3.8727944911791246e-01	  -3.2583046937920085e-01	  -2.5298491055507022e-01	  -7.6690528356843868e-02	  -4.5882765598000842e-02	   2.0427390920112268e-01	   1.6195925295398600e-01	  -3.2037902832117882e-01	
   4.6524162724999296e-01	   4.8110029249354846e-01	   3.8157481035698804e-01	   6.1293753832868247e-01	   0.0000000000000000e+00	   1.1991823115244422e+00	   4.5257451189274084e-01	   4.7526470576493163e-01	   9.9440804247707770e-01	   9.3525271783511787e-01	   3.3951344033325737e-01	   2.8978901141870844e-01	   1.7714659679584416e-01	  -1.4784336324975110e-02	   1.7396727799869138e-01	   5.4889900056965618e-02	   5.1414560950213586e-02	  -7.1394869752118742e-02	   4.1738780904637846e-01	   5.5301067054033082e-01	   1.3924787796734692e-01	   1.4936111734177959e-01	   3.0687130146181996e-01	   2.0421437711146373e-01	   6.1766022130980536e-01	   6.2317735747319580e-01	   5.8926093619068021e-01	   4.0000253229563548e-01	   6.4464335972416742e-02	  -8.9793032488809960e-02	  -5.3856954618314986e-03	   1.0366171039638521e-01	   1.5530084880003264e-01	   1.0800457839553730e-01	   1.5082246004474801e-02	  -3.8613957044760672e-02	  -1.7663856270374317e-01	  -1.9644606548933147e-01	  -2.0259657004640613e-01	  -8.2696708087846890e-02	  -7.4133323930436715e-02	  -2.2163123056855413e-01	   2.8806394693135007e-01	   3.2139009721162115e-01	   2.2045142217062905e-01	   1.9559142194739262e-01	   1.6556345580793944e-01	   2.7294475788367634e-01	   3.5732884838147216e-01	   2.7343358804782980e-01	   1.9786509958075016e-01	   1.6740182335461959e-01	   1.8189870155145155e-01	   2.5538654449089421e-01	   2.4504915349287926e-01	   1.9127171592189654e-01	   2.2562024262985725e-01	   3.1128793798794713e-01	   1.8101498888685325e-01	   1.4213998786209125e-01	   3.8620185134742552e-01	   3.1420771740541542e-01	   1.2860465578689631e-01	   2.2681516000161997e-01	   2.6820045829344233e-02	   1.0089772253678550e-01	   1.3925720206324857e-01	   6.1414742499861917e-02	   1.1930593563426113e-01	   1.7657063334674128e-01	   1.3504698211363664e-01	   2.5116560070591182e-01	   6.2044638829558380e-02	   3.2495501402708682e-02	   2.3053911566367682e-02	   1.1257850163286534e-01	  -1.7620221079076270e-01	  -1.0331707167958676e-01	  -1.6805397366178650e-02	   8.2564900977992310e-04	   7.9740610156078195e-02	  -4.2255229830105635e-02	  -1.8716721715232085e-01	  -1.0734513058499571e-02	   1.3910593927908810e-01	   2.0314650787958710e-01	  -1.1886228008713605e-02	   2.1332674919962602e-01	   3.7559522709612425e-01	   5.0303478418027536e-01	   1.9418560062892931e-01	   3.2078349533039308e-01	   4.5497741037832190e-01	   2.9778400045441733e-01	  -1.4761012427948453e-01	  -2.6032627785745066e-01	  -1.9318924688993322e-01	  -1.6467838430676199e-01	   8.9252563308150262e-02	   2.1288215216755957e-01	   4.2764855056088724e-01	   2.4082776892764685e-01	   5.7541665098523642e-01	   4.8810586908183451e-01	   4.8615799848596519e-01	   2.8135203620173782e-01	  -6.4925741162768157e-04	   1.2605313199511498e-01	  -3.0489696006023204e-01	  -4.0103669465012248e-01	  -2.1642082720233072e-01	   7.6783923223234504e-02	   7.8439449186411339e-02	   3.6347063924883916e-01	   2.8222454826351073e-01	  -2.5099786996280343e-01	
   5.4517246606027991e-01	   5.5227898485641291e-01	   4.2410168671303800e-01	   6.9008518697409316e-01	   1.1991823115244422e+00	   0.0000000000000000e+00	   4.7093005618895800e-01	   6.1733460332879109e-01	   8.3079021606771986e-01	   1.2412503456078501e+00	   4.5024780949292598e-01	   4.4762902894227274e-01	   3.4163927576268688e-01	   1.8090065955481266e-01	   1.5194007780530003e-01	  -3.8617951401885156e-03	   1.9006451830045273e-01	   1.0486209383624949e-01	   4.4841739999991781e-01	   5.4723983733035908e-01	   2.6283780082495778e-01	   3.8896808392574179e-02	   4.1344877633104837e-01	   3.0028684774440623e-01	   5.8405268290609547e-01	   6.4963309393126112e-01	   2.7184624121045081e-01	   1.0370663454425574e-01	   1.1114207882565628e-01	   5.3530451882771099e-02	   6.8658583845211951e-02	   1.3977076216377629e-01	   2.6417734217185596e-01	   2.2441414072797061e-01	   4.8273495694466748e-02	   2.6847536552300634e-02	  -2.0824911060290044e-01	  -1.9220719629577382e-01	  -2.1247445835117784e-01	  -1.2332193682551666e-01	  -1.4310090511426890e-01	  -3.0023244997620407e-01	   2.8807320100025519e-01	   3.7605077407057885e-01	   2.1925983723455261e-01	   1.8626641982730502e-01	   1.7416139600213709e-01	   2.6342631056223093e-01	   3.3667914774353369e-01	   2.9466057585349892e-01	   2.2533334591739745e-01	   2.0860841179514106e-01	   3.1564689688438619e-01	   3.1732668309175460e-01	   1.5492241165861892e-01	   1.5276797543803156e-01	   2.1756471342101139e-01	   4.2572183034431055e-01	   2.8681158875697715e-01	   1.3608558506191401e-01	   5.1861904025785455e-01	   3.7634322466201153e-01	   2.9393481859244264e-01	   2.9897077390779464e-01	   1.1096257891372814e-02	   1.4384069908331690e-01	   1.2412872415538830e-01	   5.7892130212995045e-02	   8.8608735618155354e-02	   2.1762086284370932e-01	   8.7277446325685473e-02	   2.1445517393181163e-01	   1.1186558624714517e-01	   1.0963422264111435e-01	   1.4258382009873123e-02	   1.2929823102513427e-01	  -1.5300864064371700e-01	  -6.3894484312965294e-02	   1.3431565760236835e-01	   1.4964949769418973e-01	   9.5852515422747031e-02	   6.1449546000292531e-02	  -2.2606170725613511e-01	  -9.6020664917789936e-03	   1.8604905844804803e-01	   3.0778440626028364e-01	  -1.5236362530501285e-01	  -5.1729555301147236e-02	   2.5082711451481404e-01	   4.4062124726303714e-01	   9.6154036840538221e-02	   1.7649918295687980e-01	   3.7531699669607305e-01	   1.5252334531403733e-01	  -2.0774822616862307e-01	  -2.7628123851982633e-01	  -2.3503302487568783e-01	  -1.5511086000247820e-01	   1.2528124641770775e-02	   1.7478907426912532e-01	   3.4421021110971012e-01	   8.5329683431947148e-02	   2.6410877959378221e-01	   1.7869607282749125e-01	   3.1458941969837451e-01	   1.1343756664160867e-01	  -2.9202257698965139e-01	   3.0217970156779200e-03	  -3.5644298638282645e-01	  -3.2068742911875919e-01	  -1.4382356036361865e-01	   5.7770436874201130e-02	  -4.4374494582547211e-03	   3.0435665731536782e-01	   2.7279930964426613e-01	  -3.4287305432853710e-01	
   8.7281632103549867e-01	   2.3613543536697229e-01	   1.2154170397048174e+00	   1.0543911834775126e+00	   4.5257451189274084e-01	   4.7093005618895800e-01	   0.0000000000000000e+00	   8.5797822628204035e-01	   3.2998647678849857e-01	   2.4599837683951287e-01	   8.6221731189724615e-01	   5.0464405946357016e-01	   1.0291333481078224e+00	   3.5253185758751482e-01	   2.6347403767796784e-01	   2.1792061916416669e-01	   4.1481571272081857e-01	  -5.6314536026022557e-02	   4.9997074064821800e-01	   4.1730349020625596e-01	   2.3279754659496710e-01	   1.1155532205275245e-01	   6.7765252589258373e-01	   7.6865337459296112e-01	   2.6383827932676895e-01	   2.0681357924084398e-01	   3.8108932016452002e-01	   1.8255036767406774e-01	   5.6840553084362200e-01	   2.6138144773121230e-01	   3.9601548347814841e-01	   4.2232070262760446e-01	   6.2721747249888660e-01	   5.2735029841833891e-01	   1.2759078477070956e-01	  -3.7054499081419362e-02	  -2.0586347256852205e-01	  -3.4243770610279389e-01	  -1.8548731929802867e-01	  -1.9101971721109473e-01	  -7.5291530621642108e-02	  -2.8626185554724420e-01	   1.8392767928280410e-01	   1.5437334040561718e-01	   1.3642410681615630e-01	   1.0605506706791873e-01	  -4.9535472603373055e-03	   3.7335729608374085e-02	   1.6838059562437699e-01	   1.3476174736559871e-01	   2.0620312725587381e-01	   1.8138629411682117e-01	   3.8044093038978943e-01	   2.3280679908674204e-01	   1.7350791534264429e-01	  -3.1350885796778222e-02	   9.8749660806812092e-02	   1.4066935447504181e-01	   3.3433516154636644e-01	   1.0440120301210319e-01	   6.8549900095370120e-01	   3.6821162209872527e-01	   1.8675237519092183e-01	  -2.1363943544272599e-02	   3.5188766566936458e-01	   3.2818664559505317e-01	   3.2555642480487651e-01	   2.1219057694101018e-01	   1.8269911361396614e-02	   1.3866502264871843e-02	   4.6670084280920532e-01	   3.6903930238759802e-01	   3.5990983131392690e-01	   1.5082067920803652e-01	   1.5112079244510188e-01	   7.9863307000802825e-02	  -5.6363348761534635e-02	  -5.6864686456155257e-02	   7.1311730379529023e-02	  -8.1045909679598932e-02	   2.0725438933772258e-01	  -2.1072343489380852e-02	   1.3164309699452051e-01	   8.7004603915032674e-02	   3.4338909182092769e-01	   2.1808731329373873e-01	   3.0636820307583384e-02	   7.1409061099615187e-02	   3.4049468917020714e-01	   2.9736723841578427e-01	   3.0382710505007349e-01	   2.2394484794858394e-01	   3.2248154071229995e-01	   1.6158558412429092e-01	  -2.5513320450723326e-01	  -3.5185295888437251e-01	  -1.3328294391238585e-01	  -1.8340206961478658e-01	   1.7095249023766848e-01	   1.2361986268070289e-01	   2.0615520489983444e-01	   7.3465893363436161e-02	   1.6050467362351603e-01	   1.0468878914612782e-01	   6.6344124469152319e-02	  -1.3814608154209640e-01	   3.9514162177125847e-02	   3.8083986356330440e-01	  -3.3028740925935057e-01	  -2.8010183886831563e-01	  -2.3647331398744803e-01	  -6.2020594840208158e-02	   5.8627850478116486e-02	   5.2955255207829545e-02	   4.8852280303092632e-02	  -3.6654185059636846e-01	
   6.7990185436084838e-01	   4.9418511341525750e-01	   6.4933083723754581e-01	   1.2643429697873709e+00	   4.7526470576493163e-01	   6.1733460332879109e-01	   8.5797822628204035e-01	   0.0000000000000000e+00	   3.9634091351949663e-01	   3.6735687560238833e-01	   5.6618167942015396e-01	   7.3083446806095931e-01	   7.4063130099128061e-01	   6.2015251062430887e-01	   4.1862148142837580e-01	   3.7505354075897929e-01	   3.6582669069134782e-01	   1.2135966672669518e-01	   6.3636057467330864e-01	   6.9314325369308971e-01	   3.6054635872029983e-01	   1.5783556102840138e-01	   6.2015601685441557e-01	   7.5102231424824228e-01	   4.5118617141635403e-01	   4.2924609830375582e-01	   3.4165653402249063e-01	   1.9998246011432058e-01	   2.8628795711637367e-01	   2.6499535839790861e-01	   3.2510333476771280e-01	   4.0524256250825047e-01	   4.7555354809687511e-01	   5.5118249552734577e-01	  -2.7886678744471486e-02	  -2.0020819327223835e-01	  -4.4302108385049044e-01	  -5.5274423662152050e-01	  -3.7377301330735352e-01	  -4.0804155481034010e-01	  -2.2304863386421642e-01	  -4.2607107631562596e-01	   6.2861612923409568e-02	   1.1845992860659385e-01	   1.1203445356697495e-01	   1.0219799106625625e-01	  -9.5595181270640123e-02	  -8.6242252064029044e-03	   1.4752286744209947e-01	   1.6329931232754355e-01	   3.1880344730018932e-02	   7.2408821391422823e-02	   1.1986244987341949e-01	   6.2738491913761643e-02	  -1.4607836879823430e-01	  -2.2131846060663601e-01	   6.1993720782538370e-02	   2.6543233109460290e-01	   7.6148458898211299e-02	   5.0621088134425354e-02	   6.2093153793528111e-01	   6.7863353403280624e-01	   3.0925580022313531e-01	   2.7322699624699043e-01	   2.4566439025109493e-01	   4.0142712841838718e-01	   6.2639195695091729e-02	   6.8007303037570146e-02	   8.0278881704764327e-02	   1.1421870064549475e-01	   4.6559400363944603e-01	   5.9444392489916453e-01	   3.3087118267796911e-01	   2.3147557418639503e-01	   1.6892384518138315e-01	   2.6233041742328589e-01	  -2.6881221161448959e-01	  -2.1537842098405408e-01	   6.8229870114754357e-02	  -4.8077296803882398e-03	  -9.5397331839538885e-03	   5.1054519524067086e-03	  -7.9569053911917861e-02	  -4.5383018291441223e-02	   1.8467713888657161e-01	   1.4916534765219647e-01	  -7.1634934965886077e-02	   6.1006093526326965e-02	   1.8520104540619425e-01	   1.9025272654066255e-01	   2.2149595302138243e-02	  -4.9346506295406239e-02	   4.8266587184680665e-01	   1.2152918887998507e-01	  -5.7055284725295363e-01	  -5.4347049367013223e-01	  -3.3894033018989927e-01	  -2.4753728938797165e-01	  -8.3448711036538489e-02	  -3.7748085440231817e-02	   4.7161669251950666e-01	   6.9929771640048835e-02	   1.5433837626979002e-01	   8.9623707187371296e-02	   6.5738003595060920e-02	  -1.4001351559526054e-01	  -1.9307567918698884e-01	   2.4980301089757757e-02	  -6.0029058920570910e-01	  -3.4705448589270016e-01	  -2.7395382845231686e-01	  -1.5469747571335099e-01	  -1.1226664622693322e-01	   3.1069132679179373e-01	   1.8983412532512473e-02	  -4.3564344217860279e-01	
   2.1464887788547704e-01	   3.6761877385024089e-01	   2.6043706420566853e-01	   4.6717178052626107e-01	   9.9440804247707770e-01	   8.3079021606771986e-01	   3.2998647678849857e-01	   3.9634091351949663e-01	   0.0000000000000000e+00	   1.2218273324361848e+00	   2.6583234361628594e-01	   4.4489264648057675e-01	   1.1625328477171248e-01	   6.2183608103330165e-02	   3.3624287938661507e-01	   1.8139187829661990e-01	  -4.5917240995694532e-02	   7.2586150022906859e-02	   2.8747783330470850e-01	   3.9760946781544654e-01	   1.6816930983166031e-01	  -1.1864544944317865e-02	   2.5873731070504991e-01	   2.1709042928645267e-01	   4.2282953259273154e-01	   5.8108065791220820e-01	   2.4644593934158249e-01	   2.1846337618244971e-01	  -1.6541698932765421e-02	  -1.1110753053589516e-02	   8.2933285941430401e-02	   1.6193949665008200e-01	   1.1198388611415266e-01	   6.7059409005511134e-02	   3.0904320916307727e-04	   3.8414794737983531e-02	  -3.1646562281444424e-01	  -2.3914914168335380e-01	  -3.3193767720752032e-01	  -1.9709859618539555e-01	  -4.1499953670342815e-01	  -3.3152325329320453e-01	   1.7001764845930059e-01	   2.2414858136646235e-01	   1.3332324928071235e-01	   1.0530271480983434e-01	   7.4656099987309488e-02	   1.2046174942251477e-01	   2.2563095781400172e-01	   1.6354465603501170e-01	   1.2227042114225703e-01	   1.2849505987847251e-01	   8.0543303179463066e-02	   2.3157711504603984e-01	   1.9594235488889809e-02	   8.2800034930200616e-03	   1.0850137826616327e-02	   2.0829774790963129e-01	   2.9267684069315086e-03	   1.3834838478886510e-03	   2.5037913830200698e-01	   3.1442692272575551e-01	   7.7683301971782116e-03	   2.1615497986701845e-01	   1.9389480563143484e-02	   9.6501992297849754e-02	   4.6248611782134880e-02	   6.2085595683155559e-03	  -3.0295845370953967e-02	   9.0784383723245682e-02	  -4.2363233639712679e-02	   1.8717485179719492e-01	  -5.8810994320653051e-02	   1.3235170316958822e-01	  -1.9590648302467417e-01	   6.7136472775835315e-02	  -3.3871580153633701e-01	  -2.0959389009510959e-01	  -4.2373813273504932e-03	   4.7144548347453311e-02	  -1.3220199812321423e-01	   1.4585047926820957e-02	  -1.9619891907564033e-01	  -4.0770896427210788e-02	   5.9068117686794534e-02	   3.2380680309010790e-01	  -4.2613874109408700e-02	  -3.1340685020339348e-02	   8.6688640940925196e-02	   2.2639809093496163e-01	   1.1610749391726950e-01	   2.6312742390340865e-01	   2.6725902223266856e-01	   2.5677167663985834e-01	  -1.5387299528711201e-01	  -3.0714744564752328e-01	  -2.7851395814171770e-01	  -3.0671625803055658e-01	   4.4405414493570085e-02	   1.2259553714826020e-01	   2.6814469835088078e-01	   2.9113666079657236e-01	   2.9097339376274728e-01	   2.2999070599814597e-01	   2.6592026360016874e-01	   1.8981819344323436e-01	  -2.8771866697214127e-02	   6.8549158553342579e-02	  -2.8577412556124193e-01	  -4.3356947155933567e-01	  -3.4110545019142807e-01	   3.8993200626809367e-02	  -5.7707593814519606e-02	   2.0925572677641452e-01	   2.2661572251938289e-01	  -3.0476181726663992e-01	
   2.4755368213116474e-01	   3.6438400045683417e-01	   2.2063819285340602e-01	   3.9005843898751857e-01	   9.3525271783511787e-01	   1.2412503456078501e+00	   2.4599837683951287e-01	   3.6735687560238833e-01	   1.2218273324361848e+00	   0.0000000000000000e+00	   2.7698898890272317e-01	   3.9815067314533936e-01	   1.3715381497958590e-01	   1.0368787413822787e-01	   1.2133915813631228e-01	   5.5737529360226891e-02	   3.5193358840552836e-03	   6.4716279093531698e-02	   2.4069548055488393e-01	   3.1207851858273772e-01	   2.3184378114770299e-01	  -8.6604585356113289e-02	   2.5755935005317798e-01	   1.2894596456514207e-01	   4.7317114912472952e-01	   6.0466237916398846e-01	   6.9248292009320894e-02	   7.6881027720259384e-03	  -5.4846756105310653e-02	  -2.4405171727443872e-02	  -1.4493201291371322e-02	   4.5858686680694954e-02	   1.1601327102835299e-01	   5.9034122101693988e-02	   6.0765270426698992e-02	   9.7930777235591224e-02	  -2.4652221509311256e-01	  -1.3292534174601162e-01	  -2.4373901752387223e-01	  -1.2781667440945774e-01	  -3.2072425681126310e-01	  -3.1541472403154419e-01	   2.7286445214655625e-01	   3.3615473770653315e-01	   1.8568409661447202e-01	   1.5082578288369272e-01	   1.8107953361128806e-01	   2.5840412273877317e-01	   2.8960709657492556e-01	   2.5632775994017876e-01	   2.3050041152636702e-01	   2.0009006368982105e-01	   2.4607452887065392e-01	   3.6176378383416435e-01	   7.0293326030148512e-02	   1.1997329917583589e-01	   1.7241334701272470e-01	   3.1746450937701748e-01	   2.1805351952465199e-01	   8.2173578996087349e-02	   3.5078770865118025e-01	   2.9833335850707049e-01	   1.6945210417170922e-01	   2.4157167801747326e-01	  -4.5605166692714222e-02	   9.0494061992095171e-02	   1.1670883923798279e-01	   3.2659552470577752e-02	   1.0453977818477642e-01	   1.9183706106039997e-01	  -1.4727342382161401e-01	   6.7378477439806045e-02	  -7.2923203500164804e-02	   9.0587279993867176e-02	  -1.6074567718800239e-01	   6.6361091736473740e-02	  -2.4696811444571767e-01	  -1.4539658152547721e-01	   3.1598214264352088e-02	   7.9060820979497112e-02	  -4.1208264542305750e-02	   7.4419425407394255e-02	  -2.2662555897884074e-01	   3.8467494493681781e-02	   1.0296106127387170e-01	   4.2860581570636525e-01	  -1.8379517945814597e-01	  -2.0180919814088333e-01	   5.1801010713687493e-02	   3.2013074476715081e-01	   1.3837213517398039e-01	   2.8900087568343069e-01	   3.1169200297938210e-01	   2.0862458168922823e-01	  -1.4484046845733126e-01	  -2.1043740206912304e-01	  -2.9096465985393105e-01	  -2.0436670328997150e-01	   1.1232326523473102e-02	   1.8307309818115489e-01	   2.4257432931782694e-01	   1.6380850113458839e-01	   1.7847018777391135e-01	   1.6373984753467580e-01	   2.5608798954839501e-01	   1.7329424954536174e-01	  -1.8485842918390127e-01	  -1.4341115549600098e-04	  -3.0923318683375267e-01	  -3.8613875706874923e-01	  -1.9263915988002414e-01	   7.6648923847951037e-02	  -4.6878193948867226e-02	   2.6025990403077726e-01	   3.0928710453600644e-01	  -3.0333735338547985e-01	
   8.5648951004550478e-01	   1.7051546095746475e-01	   7.1029504682721001e-01	   5.4928810162575292e-01	   3.3951344033325737e-01	   4.5024780949292598e-01	   8.6221731189724615e-01	   5.6618167942015396e-01	   2.6583234361628594e-01	   2.7698898890272317e-01	   0.0000000000000000e+00	   7.0071131177029411e-01	   1.1331865531582590e+00	   4.3717796910639495e-01	   3.0257568291640091e-01	   7.5672421172608056e-02	   7.0776357999881789e-01	   2.6939222646072059e-02	   7.1421342740848415e-01	   3.8470153370308469e-01	   3.0513205435465562e-01	  -1.4357748179248248e-03	   5.0500010122487138e-01	   3.8969824601760167e-01	   1.5803706535301992e-01	   2.0684474431757749e-01	   9.1024297523864581e-02	  -2.8710406139926134e-02	   7.2653818144678572e-01	   3.3794834767367904e-01	   2.7403177704972087e-01	   2.6628893753600241e-01	   5.7117624370003373e-01	   3.6806731706478824e-01	   1.1178522988770363e-01	   2.8830845664236496e-02	  -3.0973626228660067e-01	  -4.2704469408080320e-01	  -3.0731662203989923e-01	  -3.5437786201299992e-01	  -1.5779974364376245e-01	  -3.3231013831990086e-01	   1.4250354540963314e-01	   1.3784909764079195e-01	   7.1303928433244443e-03	  -3.6493163242196619e-02	  -2.6431341084935743e-02	   1.6459044059204182e-02	   6.5793491733734041e-02	  -4.6910678174030752e-02	   1.3696597280266654e-01	  -8.8872371272621362e-02	   3.3832723561122202e-01	   2.4593979967633994e-01	   1.4585967584488624e-01	  -8.9604927160062992e-02	   1.2807071312909565e-01	   8.9968931306385030e-02	   4.4166369174269904e-01	   1.3791498191989543e-02	   6.4482038829759025e-01	   1.3430893170450711e-01	   4.4835110800626155e-01	   2.2138449861446748e-02	   1.8912199465967883e-01	   5.0161238612216316e-02	   1.7793164117891744e-01	  -5.6669471709003896e-03	   1.3408945872410948e-02	  -5.3180339625057908e-02	   3.0536758396460095e-01	   2.4350933196301694e-01	   5.0577528865710353e-01	   1.6276285803038876e-01	   2.5703229617615775e-01	   9.6037475164655994e-02	   1.9000732588712481e-02	  -5.5671864909092976e-02	   1.8371976917823296e-01	  -1.4078402474461157e-01	   3.3406856944025226e-01	   2.6003947383833891e-02	   1.2660957423651639e-01	   1.0201702720725243e-01	   5.2232362544573974e-01	   1.9416436825036551e-01	  -1.9384033761668559e-01	  -8.7951998481200222e-02	   1.5103989979744231e-01	   1.3778049594003247e-01	   1.6013281142101499e-01	   1.1717326669683178e-01	   7.9403426341227212e-02	   1.5738802238711344e-01	  -4.0716235541883466e-01	  -4.4553440904430380e-01	  -2.0153892055529951e-01	  -3.4149686643371246e-01	   1.4452470967471917e-01	   1.7384255588031090e-02	   1.1815803104681211e-01	   6.9124924203646076e-02	   1.0359978928182562e-01	   6.5396409414246931e-02	  -1.7566505254548898e-01	  -3.4630669466829717e-01	   7.3411440983775542e-02	   1.4489861608275759e-01	  -3.6349508207029585e-01	  -3.9892654233769953e-01	  -3.4871977800921344e-01	  -2.0072471673731584e-01	  -1.6852644192755470e-01	  -1.3474865723855192e-02	  -1.7149472983051944e-01	  -6.0398346968488670e-01	
   4.4572231683066604e-01	   5.5046619442529032e-01	   3.5136108919434944e-01	   6.2028247802410530e-01	   2.8978901141870844e-01	   4.4762902894227274e-01	   5.0464405946357016e-01	   7.3083446806095931e-01	   4.4489264648057675e-01	   3.9815067314533936e-01	   7.0071131177029411e-01	   0.0000000000000000e+00	   6.4041533589502542e-01	   7.7081762662593667e-01	   4.6111395530889920e-01	   2.9183996176817356e-01	   5.3440168405755528e-01	   4.4804392627802547e-01	   6.2564516662283132e-01	   5.5100782960741324e-01	   6.7336973463608851e-01	   2.0804183078179839e-01	   5.3068368307857305e-01	   4.7633490363123865e-01	   2.8608044165118596e-01	   3.4336274301452246e-01	  -4.8798675938625982e-02	  -8.4002245909313086e-02	   5.3411628606980255e-01	   6.5364424885352701e-01	   4.5309196588569384e-01	   4.3522845430097468e-01	   6.2019955032088547e-01	   5.2375155160860065e-01	   1.7089149242113649e-01	   1.8005310220316123e-01	  -3.4917373267407015e-01	  -4.3403906138653947e-01	  -3.1615497169579848e-01	  -3.7470233358339022e-01	  -2.4512041724152317e-01	  -3.2794667812505063e-01	   3.1125153928317217e-01	   3.7813319345363716e-01	   2.9434192419774102e-01	   2.2959334455492383e-01	   2.2552985983695342e-01	   1.3498274215855066e-01	   3.9756300894518465e-01	   2.1506842125303124e-01	   3.0599206964534609e-01	   1.3232823757475656e-01	   3.9005772083804735e-01	   2.4764680371333614e-01	   1.0216743933468424e-01	  -6.1563556772828758e-02	   8.2594062908078761e-02	   3.3225322667455359e-01	   2.5225514240937319e-01	   1.3908602978808013e-01	   3.7121767516196946e-01	   3.6287080370718439e-01	   2.1816740300521825e-01	   4.5588017184773705e-01	   2.2646192483385169e-01	   1.2325364616883287e-01	   1.6430810603831980e-01	   9.7941878683336189e-02	   1.0837118088085845e-01	   1.8295860534675568e-01	   3.2353266540057013e-01	   4.2703471436007062e-01	   4.2664391954013126e-01	   4.1290688996376340e-01	   1.3983274849415639e-01	   3.2351976995609566e-01	  -2.0598364273369618e-01	  -1.7591281695684527e-01	   3.3813105799618060e-01	   1.9020109318406048e-01	   1.4059423872359236e-01	   2.9528647967556731e-01	   6.9384133896852107e-02	   2.6355765664125539e-02	   3.3896150625478788e-01	   4.5087351840217549e-01	  -2.4007668456349818e-01	  -1.9796834511653996e-01	   4.4017714016174235e-02	   1.3963962872372615e-01	   1.2088014188741202e-01	  -1.5385397090893119e-01	   2.8520212745562051e-01	  -9.5904341520917591e-02	  -4.4593135473846290e-01	  -5.5593714613856549e-01	  -1.3709251851463561e-01	  -3.2743445680455818e-01	   2.0994588464792122e-01	  -6.8751323069959264e-02	   3.4553625283494377e-01	  -1.1862929848184683e-01	   1.3820185415223982e-01	  -1.3227021803775041e-01	  -9.1615465408468932e-02	  -2.3711087008651441e-01	   2.3462022864826613e-03	   2.3122788374437628e-01	  -5.6352760013394043e-01	  -3.4665632111063421e-01	  -2.6373764853310200e-01	  -4.1119228898202180e-03	  -8.4775515167058765e-02	   1.7709198598679779e-01	   5.7539527075711840e-02	  -6.1842520967804748e-01	
   8.9563884428504426e-01	   1.8446626784242515e-01	   8.6239615865320096e-01	   7.0062984786866067e-01	   1.7714659679584416e-01	   3.4163927576268688e-01	   1.0291333481078224e+00	   7.4063130099128061e-01	   1.1625328477171248e-01	   1.3715381497958590e-01	   1.1331865531582590e+00	   6.4041533589502542e-01	   0.0000000000000000e+00	   6.7446945837160832e-01	   3.0618694682017833e-01	   2.2342430980884248e-01	   4.8068292906010035e-01	   9.0797496628937283e-02	   4.4072213659659443e-01	   3.0464499955427804e-01	   3.9585796697680053e-01	   1.3032795462254010e-01	   5.6318966500559431e-01	   5.9954986593343007e-01	   2.1096355894174254e-01	   2.0115934804594993e-01	   1.5692934367112907e-01	  -1.9802987340233072e-02	   6.4067995626059215e-01	   3.8563372235943316e-01	   4.3238603326509678e-01	   4.6443087546701500e-01	   5.4477067923998546e-01	   4.3787736475536820e-01	   9.6049420572803579e-02	  -4.7926808407743396e-02	  -2.4395734696205595e-01	  -3.7986635954219039e-01	  -2.2295976447635732e-01	  -3.1574872713393703e-01	  -6.7854585650562044e-02	  -3.2148565071863205e-01	   9.0684204208249311e-02	   8.0732359290381916e-02	  -3.1019961703532162e-02	  -4.0530033310633637e-02	  -1.9930614957222870e-02	   1.2134069693644816e-02	  -9.8949396735426350e-03	  -2.4071934036021068e-02	   9.2093681425984786e-02	   2.4650921967543777e-02	   3.9729669824735980e-01	   1.5213848401387803e-01	   8.4020076874553568e-02	  -1.3839887802448506e-01	   5.2313037314037789e-02	   1.3691485825862115e-01	   3.3557370846320661e-01	   5.1959129322044349e-02	   7.0794693113127416e-01	   1.8659152019414019e-01	   5.0677105469795858e-01	   4.1510710384344909e-02	   2.4192045011090590e-01	   2.1615232674438689e-01	   1.9065504120518967e-01	   1.0281255924570336e-01	  -1.0326442873022969e-01	  -1.2876901849307618e-01	   5.6135834866187728e-01	   4.4359877456870156e-01	   5.5367556429346321e-01	   2.4867776796650282e-01	   3.2297574329111872e-01	   1.8512947198434518e-01	  -4.4904219665272103e-02	  -1.2732156276897927e-01	   1.4145321039710176e-01	  -1.1383005535146681e-01	   2.6855884790496043e-01	   4.0513829646135716e-02	   1.4906643981550463e-01	   8.0437729063979016e-02	   4.3573171593511861e-01	   1.9747825038443362e-01	  -1.6027286985464262e-01	  -1.5083953429587685e-01	   6.8340506099292986e-02	   9.4478625823164950e-02	   1.9786322584368723e-01	   9.1806005754525188e-02	   2.3212521727264385e-01	   1.6212425837226399e-01	  -4.2484776236649124e-01	  -4.4044109820586685e-01	  -1.9661453569715795e-01	  -2.1848543070762705e-01	   1.6378260950516205e-01	   1.1074739781519190e-01	   2.2380417139627828e-01	   3.6195749469950397e-02	  -3.1544905527309514e-02	  -7.2224822813144698e-02	  -2.0189508748929588e-01	  -3.9674770638231033e-01	  -1.8490359857524931e-02	   2.8072323498123464e-01	  -3.6632700998828882e-01	  -2.8216058024920415e-01	  -2.2575977365000405e-01	  -8.1314602066886760e-02	  -8.7502531649494925e-02	  -1.6749684554250598e-02	  -1.3052304141602472e-01	  -4.8417283925203936e-01	
