   0.0000000000000000e+00	   1.0843798929198931e+00	   6.9934902344427463e-01	   5.2623884047440983e-01	   3.4155608799813192e-01	   4.4507066267552881e-01	   6.7490740021932938e-01	   4.0533678800396550e-01	   3.9085858721121147e-01	   3.7975910159362608e-01	   8.4116549421084463e-01	   5.4918619567625038e-01	   9.2923118039632868e-01	   6.3805046002104826e-01	   8.0078515837115671e-01	   4.5279931498632470e-01	   1.8885096347417543e-01	   4.0715169526126710e-01	   9.9346373614631822e-01	   6.7578370109292407e-01	   2.4155751593805869e-01	   3.3924874408193539e-01	   5.4379293925108418e-01	   2.9681141596834049e-01	   3.3299827498734974e-01	   3.7849418659266210e-01	   3.0898161350972220e-01	   2.6934228938854621e-01	   4.0181351629689865e-01	   2.7775094432199565e-01	   3.2409420950238621e-01	   1.9796029629219369e-01	   5.7669393516316136e-01	   3.9361003658295513e-01	   1.0535158006006463e-01	   3.4588143004152805e-02	   6.9160561277726032e-02	  -2.2926272699788756e-02	   4.2394852695487395e-01	   4.6364819861088846e-01	   1.4265136215790597e-01	   2.5513749642201122e-01	   4.8715165697266094e-01	   5.8943387329076047e-01	   3.1706149849134951e-01	   3.7015413683548720e-01	   4.3241132594502785e-01	   6.7565840835122548e-01	   1.8644763724246957e-01	   3.8830891736459877e-01	   4.5548019835549824e-01	   4.2199549736461794e-01	   7.4153000241149114e-01	   7.5309835737800812e-01	   5.2455324614578713e-01	   5.6304114574210051e-01	   8.3289042436484118e-01	   5.2746232620908173e-01	   6.1939897963085278e-01	   4.5303927899537116e-01	   6.1377083716587288e-01	   3.0986207014050637e-01	   3.8182271581031307e-01	   5.7376159671533322e-01	   6.5812075003853082e-02	   1.1133715052410181e-01	   3.9135053759184008e-01	   2.4862836897125878e-01	   6.8156006602061414e-01	   4.3590137746280816e-01	   3.0436217910673496e-01	   1.8621026673240496e-01	   8.1541021591328500e-01	   4.2138615947945568e-01	   5.1801454994759522e-01	   1.9370720011122081e-01	   4.4635193321111027e-01	   1.4724712464062809e-01	   1.1921258598996709e-01	   5.8906592119647855e-02	   3.9350792021261782e-01	   4.9432801944016602e-01	   3.6301117132602582e-02	  -3.8802365575437904e-02	   4.6952669728021057e-01	   3.4730883846258059e-01	  -1.0300727400061298e-01	  -1.3082139046012667e-01	   5.4235935455725126e-01	   3.4435134887927898e-01	   9.2627653005395472e-01	   9.5826639830789206e-01	   5.3438688170251292e-01	   7.8819934826153493e-01	   3.0006614693843420e-01	   4.1675504533584223e-01	   5.3462280690486619e-01	   7.3758448197957061e-01	   7.9082986370592168e-01	   1.0258570081171865e+00	   3.7168445646375614e-01	   8.3841650106455612e-01	   6.7187605675025774e-01	   8.9213239519193532e-01	   4.6929621135983346e-01	   5.1190504307486151e-01	   4.8190749237786157e-02	  -6.1990131056907101e-02	   1.5668586012447913e-01	   2.5247527008097631e-01	   8.6582962028254284e-01	   9.0974429708177107e-01	   7.1669679972037392e-01	   4.3394444831644863e-01	   2.9285812432960578e-01	   4.2841138002495494e-01	
   1.0843798929198931e+00	   0.0000000000000000e+00	   6.6631838088962292e-01	   5.8955989578168111e-01	   7.7985113850367230e-02	   1.4365627512920590e-01	   5.8147939665017356e-01	   4.7286432017578273e-01	   2.1245609162559298e-01	   1.6946614578277663e-01	   6.4988360507649057e-01	   6.8306122972776528e-01	   6.5384021073605758e-01	   5.0337109620907383e-01	   5.0104361628691241e-01	   3.5132175303626928e-01	   1.1810820994978827e-01	   4.0720792691640922e-01	   8.5362126133022198e-01	   6.1730198265224445e-01	   9.2048598212326041e-02	   1.0906455257749589e-01	   5.1129842468652398e-01	   3.7002239807033332e-01	   2.1965300855568515e-01	   2.7183022431993697e-01	   1.6179362760208901e-01	   1.5083597939362159e-01	   2.1163965242422328e-01	   2.6192681666020007e-01	   3.0954216635046200e-01	   2.4839364972884231e-01	   5.4710313622184570e-01	   5.1456971384771610e-01	   2.1464782091488405e-01	   1.5683449622901985e-01	  -5.5071821100973417e-02	  -7.7849057903181779e-02	   2.2952234929153276e-01	   2.9565339434100146e-01	   9.6601882644178391e-02	   1.3483332984366458e-01	   3.5615147239508693e-01	   4.1544982395565733e-01	   2.2950041747479413e-01	   2.8419082142230656e-01	   3.7335985857031395e-01	   5.2470387793203088e-01	   1.2730328276060451e-01	   3.2955054367045750e-01	   4.4363300234878045e-01	   3.8345965663375359e-01	   7.4398343664122901e-01	   5.1711807664093556e-01	   3.7333271236455967e-01	   4.0767318934617236e-01	   5.9927128636697846e-01	   9.1574779653141403e-01	   5.8332502495659966e-01	   5.1123485052567452e-01	   5.8444030167451555e-01	   3.9384321684870005e-01	   3.1074612354297926e-01	   7.0377507533958539e-01	   1.4256405689038187e-01	   1.2722469030920333e-01	   4.3482686527043291e-01	   3.8236298837170540e-01	   6.4603336879734929e-01	   5.2621735477730702e-01	   3.7090447884409017e-01	   3.3323744733932492e-01	   6.0988432471366028e-01	   5.1746675882651250e-01	   4.9787937380687453e-01	   3.6041428026811495e-01	   5.7890128529102947e-01	   5.1305604591299880e-01	   6.9598180242721422e-02	   1.7811834211370670e-01	   1.8785311990447642e-01	   5.0226205262699430e-01	  -2.8690593271811435e-02	  -6.0346302995532404e-02	   2.6803656904956075e-01	   2.3950181437063378e-01	  -1.5353499651580227e-01	  -1.3272532332075609e-01	   3.6315016032407826e-01	   3.4312370093396505e-01	   7.5169923114379267e-01	   6.0248214572419889e-01	   4.2463135359185028e-01	   5.1980098489342663e-01	   1.9234641891751439e-01	   2.2461191302776096e-01	   3.6124285913750015e-01	   4.0253060515715933e-01	   6.1517881432991384e-01	   6.1772075792026360e-01	   3.5938204315911559e-01	   5.6045338296944136e-01	   5.1235897344192594e-01	   5.9602220895623670e-01	   3.8567141743268796e-01	   2.4912126602592460e-01	   1.5526609262245353e-01	   6.0252585587078016e-02	  -6.4555904075847520e-02	   1.7567329674037407e-01	   5.4990916208595642e-01	   6.9463782851529665e-01	   5.6415728893445549e-01	   3.1276779165377522e-01	   1.6313310953104806e-01	   3.0137896986568485e-01	
   6.9934902344427463e-01	   6.6631838088962292e-01	   0.0000000000000000e+00	   1.0170083142817943e+00	   3.5235776797668461e-01	   3.6247899879830864e-01	   1.1985610668416422e+00	   7.3845735611838470e-01	   4.3186470478896744e-01	   3.0514744214747969e-01	   7.0600635082722951e-01	   6.2169265047579514e-01	   9.6685656315929236e-01	   7.0623279215255874e-01	   6.2493552030934030e-01	   5.2299684991089668e-01	   9.1074904919026867e-02	   1.9592860297595310e-01	   5.4053395600225340e-01	   5.4295591397052312e-01	   1.2399078041279976e-01	   2.2783095840336950e-01	   1.1039365886502501e+00	   7.6699526745574009e-01	   4.0088119532918198e-01	   4.7747197589141654e-01	   3.4700619291609108e-01	   2.8818986914525363e-01	   2.6826353568582345e-01	   1.8488778590354035e-01	   4.1101353362828008e-01	   3.9854352946319782e-01	   4.9494424657298652e-01	   4.5130489042088173e-01	   2.5057326074314246e-01	   1.0675772969535646e-01	   8.6487913103839992e-02	  -2.8399655044151387e-02	   3.1001407754868698e-01	   2.4563169684951147e-01	   8.2827930129174887e-02	   4.8389560844855795e-02	   3.8771161123657572e-01	   3.5338274338649095e-01	   2.3637609436881882e-01	   2.6046605407735596e-01	   4.1073754423306963e-01	   4.6719651636188858e-01	   1.9979817967129632e-01	   3.7917256909236013e-01	   5.9638433892004361e-01	   6.8294204009778592e-01	   7.9223203863575564e-01	   6.8976888063314057e-01	   4.5775177281526142e-01	   5.7886284140909294e-01	   2.3939232251712006e-01	   3.1351238832926825e-01	   2.4278671807097357e-01	   1.9485033483389863e-01	   2.1938978827592134e-01	   2.0890220654855673e-01	  -8.9367983926512025e-03	   2.0739861073110252e-01	   1.7185624163269417e-01	   3.5511715505850089e-01	   2.4863275706937804e-01	   2.1603234752244585e-01	   3.2213031606149983e-01	   2.9889035742987058e-01	   6.4704134254272849e-01	   4.7806222412110133e-01	   6.5776948703920468e-01	   4.3196535900901051e-01	   4.6131780156012675e-01	   2.8305896044628731e-01	   4.4679177566043871e-01	   3.0724734421935335e-01	   7.2903180557715233e-02	   1.3557332570277453e-01	   9.6913014201450168e-02	   1.3423972394883474e-01	  -6.6877642473422191e-02	   1.0613887499001226e-02	   3.2794119881411898e-01	   4.1170440347304321e-01	  -7.8948921769807945e-02	  -2.8728499741684708e-02	   3.9569677242066431e-01	   2.8065401461185779e-01	   7.0541361155789073e-01	   6.0097432171521215e-01	   7.6981360939880961e-01	   8.6315184667687439e-01	   1.1217150373009012e-01	   1.6226720584194620e-01	   3.1339621810752871e-01	   4.3547708611172253e-01	   5.4119072813259705e-01	   5.5329358896668046e-01	   6.5326505298429904e-01	   8.1684191339099876e-01	   5.2735068292947118e-01	   5.8605307972722820e-01	   3.3831727810700896e-01	   3.9029227444721615e-01	   2.0364585630175325e-01	   7.9699364804000444e-02	   1.9557736645319436e-02	   9.3063595456597578e-02	   5.3168891586707567e-01	   6.6837814066427248e-01	   6.7171027429234531e-01	   3.1282334548575275e-01	   2.5951637212788753e-01	   1.7602349686593674e-01	
   5.2623884047440983e-01	   5.8955989578168111e-01	   1.0170083142817943e+00	   0.0000000000000000e+00	   1.5810450113877089e-01	   2.4144919397198072e-01	   8.1752500669624184e-01	   9.8350396462276057e-01	   2.0616330833461277e-01	   3.0964874575554457e-01	   5.2159652813348456e-01	   4.8610609326379928e-01	   4.8005807302371617e-01	   4.8368970227160502e-01	   2.7166793377602971e-01	   6.2216673096565978e-01	   2.6827344717269663e-02	   9.3917035046969730e-03	   3.2071808555633818e-01	   5.9913997040220790e-01	   9.3894867789668893e-02	   1.7397151363292879e-01	   9.4264277324358570e-01	   1.0886748909048440e+00	   2.7355776919618691e-01	   7.0057912490167196e-01	   2.3008826279094660e-01	   1.4418528988047288e-01	   8.7289292717536132e-02	   1.1799035727826501e-01	   4.7634252642751357e-01	   5.7666004743645283e-01	   3.9282722187800478e-01	   5.3693051642214307e-01	   2.3499364614199991e-01	   2.7044714770262684e-01	  -7.8689011666315714e-02	  -1.7124377558558307e-01	   3.0688803962774003e-01	   2.2008371812156813e-01	  -2.0098624504535069e-02	  -1.0131394126295530e-01	   3.2864150179153107e-01	   3.2678480281455513e-01	   1.0498906999946378e-01	   2.1982392449900201e-01	   2.8503125326767148e-01	   3.6360640959992541e-01	   1.3989257490670770e-01	   3.5646200332276018e-01	   6.2042642961649996e-01	   7.1725464152051810e-01	   5.4998692967548113e-01	   4.7621795177851045e-01	   3.7975464839782147e-01	   4.5686835213266591e-01	   1.2831225936472246e-01	   2.5594614541103172e-01	   9.3141728748039707e-02	   2.0829564458243158e-01	   7.6975131695634511e-02	   2.8565157760890308e-01	  -1.4656656739468993e-01	   6.5705437547557560e-02	   1.9143041143209760e-01	   5.7725820238409609e-01	   1.6969608225600563e-01	   2.6011775310281671e-01	   2.3693015886247909e-01	   2.6625642463282329e-01	   4.4772433267143752e-01	   5.3462840454465588e-01	   4.1435328912301861e-01	   3.2233252158216785e-01	   2.3604459088022145e-01	   1.9433623427406402e-01	   3.4162555981700204e-01	   4.5741395032132148e-01	  -3.3012683968479256e-02	   1.2774698591565764e-01	  -7.3241207543754308e-02	  -1.1429126721126654e-02	  -3.4891564665140956e-01	  -1.1194931253481919e-02	   1.3365621555751497e-01	   3.6682936306309383e-01	  -4.2694395006345219e-02	  -5.2062237222980479e-02	   2.0230063783432439e-01	   3.3103465119125636e-01	   5.4971105445059754e-01	   3.9182010414869889e-01	   7.2683556236717584e-01	   6.4833935606554527e-01	   1.7507262844426032e-02	   4.1927314546370172e-02	   1.9272725009396391e-01	   3.0905972932259473e-01	   4.5534727628234745e-01	   4.6526276883084178e-01	   5.7476315434584824e-01	   6.7613940389880967e-01	   4.2120354435327428e-01	   3.6645791448117393e-01	   4.4762861626547307e-01	   2.2454944332841376e-01	   1.4312685612021442e-01	  -9.7294033065636748e-03	   9.1867786625384640e-02	   9.5908392818538135e-02	   3.9135833412564419e-01	   4.7406641733643140e-01	   4.4662771172019511e-01	   1.1733950589919746e-01	   7.0626188327363268e-02	   1.6587840579083168e-01	
   3.4155608799813192e-01	   7.7985113850367230e-02	   3.5235776797668461e-01	   1.5810450113877089e-01	   0.0000000000000000e+00	   1.2340545117670152e+00	   4.7482145633427753e-01	   1.4534780272020664e-01	   1.0839730410995694e+00	   6.7473804422636707e-01	   2.1487215957327269e-01	   9.4501018089884842e-02	   2.8156543663216477e-01	   2.7815935983244666e-01	   7.4469529536360324e-01	   5.5466608788926230e-01	   2.5611790422350789e-01	   2.2527945496254378e-01	   2.5450518533523592e-01	   3.9465753973281853e-01	   3.5252955085092691e-01	   5.4141652582268729e-01	   1.1803849872967966e-01	  -2.0166398975052464e-02	   4.2744238755231068e-01	   3.7789167231682935e-01	   5.8138969571492916e-01	   4.0072038204549293e-01	   2.9880938449230732e-01	   2.2881995731332974e-01	  -5.5082740389271322e-02	  -1.7069999154381760e-01	   3.8042700133079854e-01	   2.2596884035722720e-01	   1.5561371495093712e-01	   8.1830096739549066e-02	   1.8675645001583691e-01	   2.8239682623839268e-01	   4.7053993091969226e-01	   6.5473058438218246e-01	   1.6028022075842380e-01	   5.2967521902608561e-01	   2.3094073193455053e-01	   3.9056743827659712e-01	   4.6203655481930805e-01	   4.4962106293653992e-01	   1.3033420265334689e-01	   2.7031063590767762e-01	   3.8645695000207086e-01	   4.7483675825962418e-01	   3.5618603489006895e-01	   5.6536520450153205e-01	   2.5633645664149385e-01	   4.7219411704850306e-01	   5.6233739444065622e-01	   7.0152277641150718e-01	   1.7060016784835316e-01	  -1.6899345003228563e-02	   4.0539361380508954e-01	   2.5958836798328405e-01	   4.0130078911113876e-01	   3.8383445251767445e-01	   3.9648216806954939e-01	   2.6562980238925088e-01	   2.8873447594130841e-01	   4.8624090799327202e-01	   3.9834893527448578e-01	   3.9589559524693063e-01	   3.8275389648442903e-01	   3.1984471862024694e-01	   1.0879259945086765e-02	  -1.8585934391781542e-01	   2.1941321120939378e-01	   7.4368428602591408e-02	   5.4846466242528105e-02	  -3.6058932182207459e-02	   3.7401244283707752e-02	  -2.4466786033968507e-01	   1.4879033743481948e-01	  -3.0113764685980676e-02	   3.4632483532963915e-01	   1.9852266551113354e-01	   4.1649535594339815e-01	   3.2887725453909322e-01	   4.5176309939852116e-01	   5.2304247184784602e-01	   2.7459903001970498e-01	   2.0208679391418763e-01	   5.1405394753012257e-01	   3.4979171908047790e-01	   3.7769833083195320e-01	   6.3620616473669722e-01	   4.1273943521132805e-01	   4.5969251250325638e-01	   1.6239255749560133e-01	   3.4227008972555439e-01	   2.4989863191619113e-01	   4.1114809188737744e-01	   1.5834983390252641e-01	   4.2268761575416403e-01	   3.8736293218037327e-01	   6.2703847469274487e-01	   4.2567826898605859e-01	   6.4636391502439983e-01	   1.1365361125300763e-01	   4.0892125228375753e-01	   1.5216790634772111e-02	   3.7422615718043423e-02	   2.1153439011509173e-01	   5.5729771009900758e-02	   2.9219505193674433e-01	   1.7394749487934227e-01	   2.3937989148320565e-01	   1.1447068315164807e-01	   1.8794319168320084e-01	  -1.9755665845434966e-04	
   4.4507066267552881e-01	   1.4365627512920590e-01	   3.6247899879830864e-01	   2.4144919397198072e-01	   1.2340545117670152e+00	   0.0000000000000000e+00	   5.3584891282289548e-01	   2.5927939091005814e-01	   1.0761915278356171e+00	   9.9395039925393913e-01	   2.8794811099279150e-01	   5.6055627497809388e-02	   3.3669816762173660e-01	   2.4102569302190521e-01	   9.0638570941225183e-01	   7.1993664383402356e-01	   2.6575221088510431e-01	   1.4934109736307752e-01	   2.5580766947768924e-01	   3.5728903659505951e-01	   3.6343788459871829e-01	   6.1220401350802423e-01	   7.3904843736480652e-02	  -1.3697378782905986e-02	   5.2883690626125557e-01	   6.0043731311521109e-01	   5.9087267737258253e-01	   4.6438009970147592e-01	   2.7797704628563974e-01	   1.8247636023272953e-01	  -8.4592258624203873e-02	  -2.5932610923798188e-01	   3.0722766065565643e-01	   1.2761358003416695e-01	   7.1237065299889615e-02	   1.4509049042891742e-01	   1.8825298811476240e-01	   2.2435309365562023e-01	   6.4316023816109014e-01	   7.9645477573667267e-01	   1.8513243017037662e-01	   4.6944437817806495e-01	   2.3245270844619234e-01	   3.6826929413474707e-01	   3.7021240397482774e-01	   3.8252766611807448e-01	   1.6948121379697617e-01	   3.3109971029501778e-01	   3.4160015326290027e-01	   5.4427855172423589e-01	   3.9070087205671639e-01	   6.9792372386656976e-01	   2.5742610657592335e-01	   4.9459862074225280e-01	   7.1074511897793724e-01	   8.6226532766521558e-01	   1.8411001955456827e-01	  -4.5603047291184647e-02	   4.1124984173436885e-01	   3.3261215035624109e-01	   4.0270372811236893e-01	   5.2255047073841598e-01	   3.5533930511832484e-01	   3.1497503300518198e-01	   2.8275281350591330e-01	   5.6352725749439447e-01	   4.5236139664937919e-01	   4.2288862557732088e-01	   4.3713448823776052e-01	   3.8870799734017697e-01	  -1.3480211270494261e-01	  -2.8539731705640659e-01	   2.4616540470981282e-01	  -3.3910313690079082e-02	   7.8559444813700752e-02	  -3.5078287863190449e-02	  -6.4417476526670882e-03	  -2.3874079673757437e-01	   1.3506712662132145e-01	  -2.2965839704626057e-02	   3.8288141489009769e-01	   1.9265864044865272e-01	   2.5880781562834376e-01	   2.9260398205513038e-01	   3.6928485421300167e-01	   3.9820744121642332e-01	   3.0806449235736649e-01	   1.9197895252855926e-01	   6.7023097257312059e-01	   3.8076896627595802e-01	   3.3247106931554216e-01	   7.8494926522367481e-01	   3.5162643012371497e-01	   4.7284160447910561e-01	   2.6136701743064167e-01	   3.7377740983755631e-01	   4.0273431523610581e-01	   5.2338346610820907e-01	   2.1791956512643185e-01	   6.0189260954988344e-01	   4.5789407579729663e-01	   7.1134069902775054e-01	   5.3974326673453565e-01	   7.4956681631575239e-01	   2.5493098207687925e-01	   5.4120623977428384e-01	  -5.6871573638457316e-02	   1.0440476309747555e-01	   2.9051976740156038e-01	   1.5097056585006158e-01	   3.9234835083871417e-01	   2.2303382220819909e-01	   2.2197092229422516e-01	   8.2003532548119332e-02	   9.6264905672165516e-02	   1.9799089549806675e-01	
   6.7490740021932938e-01	   5.8147939665017356e-01	   1.1985610668416422e+00	   8.1752500669624184e-01	   4.7482145633427753e-01	   5.3584891282289548e-01	   0.0000000000000000e+00	   1.1199452179484524e+00	   5.9240946898075197e-01	   4.5774588757177825e-01	   9.4834955504571739e-01	   8.1307282151754989e-01	   9.8768171762296919e-01	   7.4744662019299291e-01	   5.5095824369140545e-01	   3.8352597812792177e-01	   3.6073441078879859e-01	   4.1773533851320627e-01	   5.4206336872431482e-01	   5.5101816224852840e-01	   8.4538506644162792e-02	   2.9544851385021043e-01	   6.3510390866943833e-01	   4.2997185820363165e-01	   1.3962346550270829e-01	   3.4664964128650666e-01	   2.0077843084406488e-01	   2.2302413008400412e-01	   4.9167586872527547e-01	   4.6050683167577350e-01	   3.7233066304218737e-01	   3.4562240086640583e-01	   6.7617269005766734e-01	   6.5065013671158956e-01	  -3.2030355834499410e-03	   2.2731374167239290e-02	  -1.0320700711898566e-02	  -5.9136322506515217e-02	   2.5343314166919340e-01	   2.7150312284892975e-01	   3.7746463075788141e-02	  -7.7000787301477851e-03	   4.2664994217274038e-01	   4.2626484032155176e-01	   2.9652092481493841e-01	   3.5156343278056823e-01	   4.4962077417290536e-01	   5.4618531944172521e-01	   3.0608567113182006e-01	   4.6997765964340532e-01	   5.1187043563032186e-01	   5.7606238697169254e-01	   7.4539746132901807e-01	   7.7393991773843163e-01	   4.4445269166223211e-01	   6.0628141086470455e-01	   2.2827923770683253e-01	   2.4778656987671671e-01	   2.8140654889442257e-01	   2.2254742217061194e-01	   4.2575146036941391e-01	   4.8058030181861361e-01	   1.9280004079657007e-01	   3.3794345608476839e-01	   2.8805367136711046e-01	   3.6616990695679352e-01	   1.7771310479307190e-01	   1.2307368198300761e-01	   3.1933378743436869e-01	   3.3212211790707014e-01	   4.5601422256168833e-01	   3.8669040210107986e-01	   6.6557836365443601e-01	   5.3529752026734179e-01	   4.8829076361008067e-01	   2.8287921632245483e-01	   3.8062493049030927e-01	   3.1069991909125877e-01	   2.4220516664928582e-01	   3.5144758172286822e-01	   3.9715084828822539e-01	   3.6095798904381182e-01	  -1.5152664155111129e-02	  -4.1052636385087524e-03	   2.8797877557904550e-01	   1.8708404392294298e-01	  -2.2293160158646760e-01	  -1.8353906686561364e-01	   5.1558004204385732e-01	   2.1783208904598561e-01	   6.9395939665555528e-01	   7.3133426973396898e-01	   5.2461119818085988e-01	   6.6517955947452201e-01	   1.9177435812992275e-01	   1.8695215863800788e-01	   3.5555478334227325e-01	   5.1071487235216773e-01	   5.4357760229585850e-01	   6.6968397366299504e-01	   4.6794240251208080e-01	   7.7645757632752932e-01	   6.2236534601718041e-01	   6.9711330768721791e-01	   2.7778956193864623e-01	   3.8076156634305125e-01	   1.1524761105206568e-01	   1.3950996440831659e-01	   4.4764898775868721e-02	   1.1308684201454411e-01	   4.5709837630657901e-01	   6.2673763006979966e-01	   6.5589782585692324e-01	   3.6886794545945867e-01	   2.9632477541148955e-01	   3.3888817342889888e-01	
   4.0533678800396550e-01	   4.7286432017578273e-01	   7.3845735611838470e-01	   9.8350396462276057e-01	   1.4534780272020664e-01	   2.5927939091005814e-01	   1.1199452179484524e+00	   0.0000000000000000e+00	   3.1239747700222203e-01	   3.6012941359924566e-01	   5.8226230420906244e-01	   8.5497032328710654e-01	   5.4176140795880534e-01	   6.2638880798544516e-01	   1.6391592771015895e-01	   3.3055462551967096e-01	   2.0565458953133950e-01	   2.2919888291377799e-01	   2.5797684887559547e-01	   4.4516553115071733e-01	  -8.9287283790256605e-02	   6.2934911046443706e-02	   4.9076108106391747e-01	   6.0091522334476610e-01	  -1.3541077735304741e-01	   2.8364293157210385e-01	   6.0708266697036845e-03	   3.0683851623496822e-02	   2.1230680957917722e-01	   3.3250525970557110e-01	   3.2480823513661350e-01	   4.6471925064547059e-01	   4.9975909487314940e-01	   7.0327147296576131e-01	   3.0479080514164338e-02	   1.7467557185220245e-01	  -2.6943227513675938e-01	  -2.0091912485553201e-01	   8.4943386835356127e-02	   1.1309488639493147e-01	  -1.4814677304085472e-01	  -1.9542046990809336e-01	   3.4211711364899888e-01	   2.6402390781964125e-01	   1.1682662720430807e-01	   1.6992859709537025e-01	   3.9652851417514939e-01	   3.4712992738738796e-01	   2.4287054724112478e-01	   3.4507517035154034e-01	   5.4769319625865687e-01	   4.8378228526246175e-01	   5.2896240922417381e-01	   3.8215949489789192e-01	   3.9315356239742627e-01	   4.2701031247163401e-01	   1.0059911823737480e-01	   1.4483495213840045e-01	   1.0805774166196319e-01	   9.8717464612764233e-02	   2.5526433307964835e-01	   5.2797792432923474e-01	  -6.8202147289738155e-02	   9.1803870652493597e-02	   3.7728063441078358e-01	   5.1478042938592616e-01	   7.0498696826228717e-03	   2.0534608497616491e-03	   1.7376271156812528e-01	   2.5960908293185320e-01	   2.1979962669679001e-01	   4.0072464221006160e-01	   3.4141070532412665e-01	   3.8288694398443135e-01	   3.1714937396403281e-01	   3.5987919183794903e-01	   2.6313565806519834e-01	   4.6731130128005216e-01	   1.7621035851389957e-01	   4.2195503719234562e-01	   1.2815575882062163e-01	   1.8406171740254312e-01	  -2.5569112321676801e-01	  -3.4076941529213069e-02	   5.2896000719461017e-02	   8.9100599608467682e-02	  -1.9645859431224769e-01	  -1.9416867447625494e-01	   3.7410617763654191e-01	   2.3322999042775300e-01	   4.6818799508617587e-01	   3.4340908757536620e-01	   3.6916607089134318e-01	   2.8722171396541507e-01	   1.4520947756346697e-01	   3.5767325564230262e-02	   2.5325605417123831e-01	   2.8974222809341571e-01	   5.0421220088512486e-01	   4.8467664048236414e-01	   4.0728281058562538e-01	   3.8887017498107451e-01	   3.9575156359886754e-01	   3.1327098006050980e-01	   2.5364343489367519e-01	   1.7195875007954087e-01	   6.3531373079901449e-02	   2.3903994412418400e-01	   5.1893010233694872e-02	   1.5218784300842617e-01	   2.8375256060880477e-01	   4.7288706373514278e-01	   3.7118950326623973e-01	   1.3895986288873541e-01	   7.1930671270614893e-02	   3.4884208082559881e-01	
   3.9085858721121147e-01	   2.1245609162559298e-01	   4.3186470478896744e-01	   2.0616330833461277e-01	   1.0839730410995694e+00	   1.0761915278356171e+00	   5.9240946898075197e-01	   3.1239747700222203e-01	   0.0000000000000000e+00	   9.7492709449166792e-01	   2.6042626946085828e-01	   2.2990176896229972e-01	   3.7265788633206359e-01	   2.8350525550498934e-01	   7.3175035231499663e-01	   5.9824379437985609e-01	   1.9445798189158917e-01	   1.8086324742682652e-01	   2.6319271724390003e-01	   4.4972465360497121e-01	   5.6423989805866839e-02	   2.3220075960815198e-01	   7.5211080746680467e-02	  -1.9243273407769466e-02	   3.2881163750530329e-01	   2.2609124217521168e-01	   3.6967033917968778e-01	   2.5188687913949637e-01	   1.7639902120718134e-01	   2.2341134052547040e-01	  -2.8778977543032425e-01	  -3.5346072847097493e-01	   3.6789787756593761e-01	   1.9239329602805993e-01	   1.7282111633616179e-01	   1.1563787079098761e-01	   9.4301610827886892e-02	   1.6286787387019719e-01	   4.1008859855507174e-01	   5.5096281933129099e-01	   1.2639758063417217e-01	   4.0342438761270522e-01	   9.5804443163070491e-02	   1.6825297247796489e-01	   2.3361611957768871e-01	   1.8410413503059397e-01	   2.6408489974334665e-02	   1.2656073309565041e-01	   1.5650932183122571e-01	   3.3489106707738742e-01	   3.4235155757196095e-01	   5.4447231521051787e-01	   3.6567697102075158e-01	   4.4788177952661312e-01	   6.7488642634540685e-01	   6.6350600381690494e-01	   6.8828482526373164e-02	   3.5453574050231723e-02	   5.7084664328217527e-01	   4.2286594756896551e-01	   5.5531610622942296e-01	   6.8587746107578018e-01	   3.4385364474681468e-01	   4.6313093577072056e-01	   3.6306232807566408e-01	   5.7841947664369320e-01	   4.8016334314335885e-01	   4.1975130900101271e-01	   5.2982338536684792e-01	   5.1076294101832731e-01	  -7.7219311953206055e-02	  -2.1734566370759764e-01	   2.8846288075613230e-01	   2.1245716528028519e-01	   1.9374979502762013e-01	   2.2509501905433776e-01	   2.2241312242105241e-02	  -1.5362419713252140e-01	   6.9926145168685228e-02	   2.4236397893596880e-02	   2.5478988790270429e-01	   2.0696982168092495e-01	   2.6378553568350083e-01	   3.6504360872918745e-01	   3.6287945198130672e-01	   4.1815391436458421e-01	   2.0990432461468178e-01	   2.5090519899035035e-01	   7.1672524907229973e-01	   4.1036431716804411e-01	   3.6655504800591232e-01	   6.4205320147304323e-01	   3.0411748587204346e-01	   4.7184650822411811e-01	   2.7647929678214811e-01	   2.4405265682949512e-01	   2.2440681843686178e-01	   3.5826924574701613e-01	   1.7179388275584151e-01	   4.0661571977891153e-01	   4.4737842444824483e-01	   6.6626883847851393e-01	   5.2245358548298859e-01	   7.2347093881241753e-01	   1.3004565322136438e-01	   3.5149810437329781e-01	  -1.9080637081803850e-01	   3.0162970547995138e-01	   3.5468649476997988e-01	   1.6579163100155597e-01	   2.5396852187169727e-01	   1.4892421896709024e-01	   2.4626636737459701e-01	  -5.3910408600495119e-02	   9.8681955306236038e-03	   1.3020050908929753e-01	
   3.7975910159362608e-01	   1.6946614578277663e-01	   3.0514744214747969e-01	   3.0964874575554457e-01	   6.7473804422636707e-01	   9.9395039925393913e-01	   4.5774588757177825e-01	   3.6012941359924566e-01	   9.7492709449166792e-01	   0.0000000000000000e+00	   2.3253877340601539e-01	   1.2126987082957284e-01	   2.2959188435229158e-01	   1.8333641349365878e-01	   6.0691042660647920e-01	   8.1002765365096785e-01	   1.6729005405205175e-01	   5.4712903905104623e-02	   2.5357226196469951e-01	   4.1395749962244799e-01	   9.7813015855109958e-02	   2.9308364940200815e-01	   4.0315594223816621e-02	   5.3749997911905018e-02	   2.2048939505942253e-01	   3.7887416747388969e-01	   3.9346638513728338e-01	   3.0133906185610898e-01	   1.4685990635547699e-01	   1.4269036556672560e-01	  -2.4678886433599551e-01	  -3.3335147699061896e-01	   2.6963004124035450e-01	   1.3533771255090610e-01	  -4.4855937636382399e-05	   9.1002132119875803e-02	   9.5567733019481668e-02	   3.2630403656101682e-02	   3.8355515803178469e-01	   4.9546185978507717e-01	   1.1635822082292858e-01	   2.8714537285515002e-01	   1.7225721862201346e-01	   2.1263279504389843e-01	   1.7425250350846466e-01	   1.4222246999694835e-01	   7.6035003786689898e-02	   1.6826841371658036e-01	   1.9581556108247433e-01	   3.9773278021874486e-01	   4.3139856918480035e-01	   5.7122157315858146e-01	   2.6906495777201650e-01	   3.5639534113483523e-01	   5.8600391759673343e-01	   6.2145832589389405e-01	   5.3247555748694331e-02	  -1.0924472526020151e-01	   3.1849722875742403e-01	   2.7899709034314352e-01	   4.1813528646119702e-01	   7.0105347607642043e-01	   2.3263611913502422e-01	   3.4394136284146126e-01	   3.9127703905248151e-01	   6.2148938742581117e-01	   2.9498346311158113e-01	   2.3643710016153660e-01	   3.7239707837991637e-01	   3.3599581505208981e-01	  -2.3799811144048560e-01	  -2.7735752220797366e-01	   2.3808060732728095e-01	   1.3193944984364683e-01	   1.7615841623135570e-01	   2.3499165950094406e-01	  -6.8961716388525147e-03	  -1.4321923502497952e-01	  -3.8069112306370764e-02	  -7.4684535708078439e-02	   1.9017035630684498e-01	   9.8011790606823510e-02	   1.2562135029550159e-01	   2.9986978013950749e-01	   2.5813677654203343e-01	   3.0455620398793903e-01	   2.3808228532639883e-01	   1.1969089689248240e-01	   7.0360563723769232e-01	   3.6415990256871422e-01	   3.3608326062744326e-01	   6.1104727320039176e-01	   3.4683358227594552e-01	   3.7544665967979685e-01	   2.2683763436332655e-01	   1.6981584138175126e-01	   2.8087917995896283e-01	   3.2587205835471195e-01	   2.1002967702129538e-01	   5.3222855307222328e-01	   4.6324671350036639e-01	   5.3533194229363268e-01	   5.9841735857398182e-01	   6.0549626721144356e-01	   3.2491411222502675e-01	   4.3211333635834220e-01	  -2.1859221345666677e-01	   1.9364448464306011e-01	   4.0306432667110614e-01	   1.6196483400468395e-01	   3.0061890288916510e-01	   1.3967656053661548e-01	   2.0732477986773187e-01	   3.0013018494669200e-02	   2.4779090355317217e-02	   2.1064617505383884e-01	
   8.4116549421084463e-01	   6.4988360507649057e-01	   7.0600635082722951e-01	   5.2159652813348456e-01	   2.1487215957327269e-01	   2.8794811099279150e-01	   9.4834955504571739e-01	   5.8226230420906244e-01	   2.6042626946085828e-01	   2.3253877340601539e-01	   0.0000000000000000e+00	   6.5690207765581343e-01	   1.1104496304001013e+00	   6.6080201359988844e-01	   5.0437964672664015e-01	   2.5299554678210895e-01	   4.9130883445453249e-01	   6.0446324257855255e-01	   7.3916915059543198e-01	   5.1031267369581435e-01	   1.8245011328826408e-01	   4.1649521415878743e-01	   5.8287760299348135e-01	   3.5323654152467393e-01	   1.8692108306887281e-01	   3.7782376446927241e-01	   1.3109343238733950e-01	   2.6660438607632397e-01	   7.3141799656540729e-01	   4.8753150061812883e-01	   5.6598900878465241e-01	   4.5152831748791888e-01	   4.2222418373580878e-01	   4.3960233283027411e-01	  -7.4665214475940045e-02	  -9.8726286648478934e-02	   2.2705868153576222e-01	   4.2601728281492966e-02	   3.4837854246625111e-01	   2.9771285715513141e-01	   1.4361159858172690e-01	  -2.6847868185524679e-02	   5.0931863297814561e-01	   5.3410369099577504e-01	   2.1065506608160395e-01	   3.1651504848367312e-01	   5.3689412652072277e-01	   8.1737541037900430e-01	   2.4081565508777072e-01	   4.5290636036614157e-01	   2.7688307866944523e-01	   4.2722908343185706e-01	   6.8898613168269474e-01	   9.1738639949210155e-01	   4.4313572379520672e-01	   5.9489613306932276e-01	   4.7513164473901942e-01	   3.4350356492438316e-01	   2.2178946750598688e-01	   1.6983853671100718e-01	   3.0906041615819524e-01	   2.0609847483939592e-01	   1.8759055373935266e-01	   3.2847768450464238e-01	  -1.3795833912665556e-01	  -3.2737540853447322e-02	   4.7709098322495036e-02	  -9.0235238156253939e-03	   2.9405257112600069e-01	   1.6357645200222209e-01	   6.5271156290298427e-01	   6.1475434367410409e-01	   8.9874010874971111e-01	   6.6731404408320749e-01	   6.0758747985940775e-01	   2.5036859113041726e-01	   6.3279052370083311e-01	   4.1429439803243800e-01	   4.1809198146095078e-01	   3.5810456534941104e-01	   5.8378357119584123e-01	   5.0088825222398381e-01	  -2.4505270951911667e-02	  -1.4516888844657879e-02	   3.9606178022542166e-01	   1.3861340644752232e-01	  -3.5970251044632451e-01	  -2.3617161573653528e-01	   3.4298958821345604e-01	   1.2355900880340366e-01	   7.2479305358807833e-01	   5.6259242309154400e-01	   3.6923904619686643e-01	   6.3265120104865269e-01	   2.6406273838828309e-01	   3.0856956586207895e-01	   4.6671804640931358e-01	   7.4230158240018995e-01	   6.8619662227714029e-01	   8.0013218382248352e-01	   1.4622470701112164e-01	   6.8367451798169121e-01	   4.5814849669698549e-01	   5.4457983803170373e-01	   2.2132375551353958e-01	   3.6083433866148873e-01	   2.6949965034978046e-01	  -1.0356670792904521e-01	   1.7126208364756340e-02	   2.5504062003793937e-01	   6.8190256702837138e-01	   7.4225056361431385e-01	   6.6370761403329959e-01	   4.1191558856562960e-01	   4.4264647965895942e-01	   3.6845310047171753e-01	
   5.4918619567625038e-01	   6.8306122972776528e-01	   6.2169265047579514e-01	   4.8610609326379928e-01	   9.4501018089884842e-02	   5.6055627497809388e-02	   8.1307282151754989e-01	   8.5497032328710654e-01	   2.2990176896229972e-01	   1.2126987082957284e-01	   6.5690207765581343e-01	   0.0000000000000000e+00	   7.3465835061154583e-01	   1.2974923308644704e+00	   2.2984994273173187e-01	   2.2555601748775023e-01	   3.1961436934719206e-01	   6.8102744903120616e-01	   5.0311473167013365e-01	   4.6450933961100765e-01	  -1.1990959298123159e-01	  -5.4115703667504900e-02	   5.3329241795585658e-01	   4.9460088036539329e-01	  -2.1450965404647337e-01	  -8.0293359403953740e-02	  -1.0266853920094665e-01	  -9.7802950379428322e-02	   3.7918806143440692e-01	   6.3739761919970528e-01	   4.3169861996041126e-01	   5.6793888662044067e-01	   5.0674246819048663e-01	   6.4044093866895213e-01	   4.3270755801226982e-02	  -1.9609073278388029e-02	  -1.6774807522822599e-01	  -1.0906049298234510e-01	  -1.5355174455055364e-02	   2.3410068221056010e-04	  -7.9036611503190968e-02	  -1.6195836330041105e-01	   2.2310399523604801e-01	   1.6922213935416372e-01	   4.5749730244725013e-02	   7.4270591776580991e-02	   3.3967736280443794e-01	   2.9274200474189505e-01	   9.5724421526972275e-02	   1.1386683028549255e-01	   3.3772774866182687e-01	   1.5701122344192281e-01	   5.7847263777076008e-01	   4.8438882746194623e-01	   3.2443126392799870e-01	   2.8573765062002626e-01	   3.5060342635353203e-01	   3.2781974659384794e-01	   1.5860092975526280e-01	   1.2432954945654759e-02	   3.5737981060714752e-01	   4.1384795740247116e-01	   1.4494219220546303e-01	   3.3583292181861135e-01	   3.2831004339684994e-01	   1.9757587280840125e-01	  -6.9498896489251255e-02	  -9.8581544741791219e-02	   2.2331728528448258e-01	   2.2812402126727693e-01	   4.2893399118171971e-01	   5.5013537861290485e-01	   4.1452808639335370e-01	   6.3334615778278947e-01	   5.2975259366823324e-01	   5.1893531710473240e-01	   4.2566556511907633e-01	   4.1197343515063056e-01	   1.8698640763355434e-01	   5.0752835448393530e-01	   2.5287016586205946e-01	   5.2914242918582177e-01	  -8.4267007146444944e-02	  -3.6227211302156830e-02	   9.1031369716623525e-02	   1.7597022672160118e-01	  -3.5890091886460018e-01	  -2.1160242626260850e-01	   3.6639220059445926e-01	   1.2149585367584848e-01	   5.3540438606354468e-01	   3.2414585294743592e-01	   3.2722684609019459e-01	   3.0685152133846288e-01	   2.3538385714658408e-01	   1.5454974900795931e-01	   3.1842076699854566e-01	   2.8471504340421916e-01	   6.3105510058190284e-01	   4.8995972571219853e-01	   2.2829794263843517e-01	   3.7440412735018369e-01	   3.8903118743314463e-01	   3.8015573554479826e-01	   8.8690160968169493e-02	   1.2589830422199652e-01	   1.0095557385057552e-01	   2.5814819397099159e-01	  -2.2624928359157746e-03	   2.7469231634440483e-01	   2.9799574353482949e-01	   7.4336289150894586e-01	   6.0401621118252058e-01	   2.5770662817028139e-01	   1.1602436348484946e-01	   3.0046271183972528e-01	
   9.2923118039632868e-01	   6.5384021073605758e-01	   9.6685656315929236e-01	   4.8005807302371617e-01	   2.8156543663216477e-01	   3.3669816762173660e-01	   9.8768171762296919e-01	   5.4176140795880534e-01	   3.7265788633206359e-01	   2.2959188435229158e-01	   1.1104496304001013e+00	   7.3465835061154583e-01	   0.0000000000000000e+00	   8.5822213314394269e-01	   7.1708607556453741e-01	   2.2297234331113361e-01	   1.8592979316465846e-01	   4.2706391512544079e-01	   6.9729449628349494e-01	   4.0096488987292600e-01	   1.8121939469248910e-01	   2.4772055146964284e-01	   7.8774547218789992e-01	   3.9875585494421129e-01	   3.3495632828331556e-01	   2.9941573917782788e-01	   3.1967095519907984e-01	   3.3034550307708543e-01	   4.9553328804147734e-01	   3.1729584549791812e-01	   5.0920144473252904e-01	   3.7378580323836097e-01	   3.6397917207589087e-01	   3.0125378398789204e-01	   1.0182832524394611e-01	  -7.2618608415213892e-02	   1.3968179974559933e-01	  -5.0484475941153482e-02	   2.9212312096742876e-01	   2.6875305070232919e-01	   1.5688193760558533e-01	  -3.2571911110382379e-02	   5.9849472533667381e-01	   5.3039366073466832e-01	   3.3734342486348995e-01	   3.3068038853590115e-01	   5.9961218883472789e-01	   7.0717449830736723e-01	   2.6901093332161585e-01	   3.9946271724400334e-01	   4.4846765656080378e-01	   4.1558223421551105e-01	   7.1909045549850059e-01	   8.6846830200172920e-01	   4.4030041939080350e-01	   5.5228078960724702e-01	   4.1112011228789996e-01	   3.4938533019485646e-01	   2.9687559856734247e-01	   2.0172629757598720e-01	   2.6286493144653544e-01	   8.8655625485956263e-02	   8.2905137147964492e-02	   2.7552629557717517e-01	  -3.0637971542211508e-02	  -7.2443468085294185e-02	   1.3645247325426971e-01	   4.7048783145736246e-02	   2.5814906132812743e-01	   2.6646034308213079e-01	   5.6569281666089111e-01	   4.1390019444907905e-01	   7.5369086078797998e-01	   4.6039230930440089e-01	   6.0357826460496555e-01	   2.2733483544942318e-01	   3.5816546292655643e-01	   1.0919859693340633e-01	   1.9509418400249129e-01	   2.8857520932193698e-01	   4.7132073409739494e-01	   4.3833910978607860e-01	   3.6349746417894187e-02	  -2.9441746683034536e-02	   6.3940579024003630e-01	   2.5831814365461903e-01	  -1.9927885322767039e-01	  -1.5739911639860205e-01	   4.5583348226196296e-01	   1.5390721258337345e-01	   8.6141961880470352e-01	   5.8459273675667112e-01	   4.7713706672438067e-01	   7.0018347858070995e-01	   1.7561553298894469e-01	   2.7462170124977037e-01	   4.3697508090245019e-01	   5.3168207200306816e-01	   8.1655365334240315e-01	   7.4243665379165402e-01	   3.1587322567659964e-01	   6.3652842897799244e-01	   5.1830712814686186e-01	   5.4756818726975176e-01	   2.3227650474950950e-01	   4.1919729827362662e-01	   1.3766191452089926e-01	  -1.8098265088654343e-02	  -1.2223913874248298e-02	   1.5753386852494022e-01	   6.6308825703899998e-01	   8.9497963405885461e-01	   7.7626571198423733e-01	   4.0745790084039568e-01	   3.0954266179844248e-01	   4.0913573243142487e-01	
