   0.0000000000000000e+00	   4.5139617841837032e-01	   3.5808611097974119e-01	   1.8939339319400775e-01	   4.7817083259813931e-01	   2.0020520394640146e-01	   7.2077839484521433e-01	   2.5044945711394229e-01	   3.4969897313299381e-01	   1.7771088471447766e-01	   8.8777281216101378e-01	   1.1080273527715186e-01	   4.9167787317387790e-01	   2.9386696350914260e-01	   5.1536545826979308e-01	   2.7249505551516728e-01	   2.6843635273903549e-01	   1.2994528987552112e-01	   6.7018646568553841e-01	   2.8598953703510077e-01	   1.0483797605585187e-02	  -2.0236895991270076e-01	   1.9047362741009546e-01	  -1.9761385969813812e-02	   3.3106580731656171e-01	   2.7662936680842176e-01	   2.9865850488365520e-01	   2.7904539024691594e-01	   1.1393186634516891e-01	   3.1999047152916224e-02	   1.7578570764418769e-01	   1.3656847291049816e-02	   5.8034018462892523e-01	   2.7109200810200645e-01	   3.0098318216646447e-01	   3.3251875880101917e-01	   2.2596530749883606e-01	   2.6514785372331140e-01	   4.6030072323903365e-01	   3.7671802525073533e-01	   1.7001111845928826e-01	   3.1297150692899045e-01	   4.6806187267098559e-01	   4.0792483170277216e-01	   4.0732400470070779e-01	   3.6390586335671710e-01	   4.8377686487405702e-01	   4.1117483984775333e-01	   3.1769768549309907e-01	   4.6326043444090481e-01	   5.9136526955009960e-01	   5.6087891349999919e-01	   4.0201389451100844e-01	   7.2533810346317812e-02	   3.9262514481590854e-01	   2.9303611543109159e-01	   5.3829660075202113e-01	   3.6171454653734669e-01	   7.7755820871042947e-01	   4.6651751646431594e-01	   8.0544990359616209e-01	   2.9789534152802483e-01	   6.8827071943506302e-01	   3.0075132560429274e-01	   4.3271174905608145e-01	   1.6994042428138523e-01	   5.6639014042804481e-01	   3.9825432703544672e-01	   6.8725724450631309e-01	   4.1853992636114523e-01	   3.4058182269284731e-01	   1.7036552937152935e-01	   4.3092196764818780e-01	   5.2168166325059351e-01	   6.6965674816395326e-01	   4.4176386059296380e-01	   4.6250152192864513e-01	   3.8969615100125765e-01	   1.1753524693024552e-01	   1.9544715590848322e-01	   1.9743528067588972e-01	   1.2576173733881721e-01	   2.7260418315662116e-01	   2.7496214040795675e-01	   1.1581544398902519e-01	   3.3573497322261381e-01	   2.6242333531596485e-01	   1.7155070545735010e-01	   4.4173622761423581e-01	   5.9028967093363149e-01	   3.5408989383709849e-01	   7.7051647327708395e-01	   3.5550866769250128e-01	   5.3779923517502004e-01	   1.5176940836566891e-01	   2.1834163288480049e-01	   3.7003868441072235e-01	   3.1442975869158174e-01	   3.0445674294402653e-01	   8.8485825110334038e-01	   2.7352467879647191e-01	   5.9653749147743418e-01	   3.4153229702985882e-01	   9.4677446892177464e-01	   2.4804457021566986e-01	   2.0942926886505675e-01	   5.1411161129418614e-01	   5.8929078182665795e-01	   7.6158218988837553e-02	   2.2382433801150353e-01	   5.8592097272458188e-01	   6.1084649160193849e-01	   8.3737697763886221e-01	   5.3892173567348700e-01	   2.3672153265296522e-02	   1.1190755494286520e-02	
   4.5139617841837032e-01	   0.0000000000000000e+00	   6.7595509744865209e-02	   2.2771149769506940e-01	   2.1152486800251533e-02	   2.2011875316107102e-01	   1.5624388355717767e-01	   2.0188986531189521e-01	   2.2124539953371394e-02	  -1.8097213843134372e-03	   3.0369183530061705e-01	   2.5218659952945588e-01	   2.0878270626986967e-01	   2.9219283460649537e-01	   2.7367099848209286e-01	   3.4171683964451732e-01	   2.8138808646063462e-01	   2.6831334233636517e-01	   4.2066922696838827e-01	   7.0273760470383706e-01	   1.8188827831564428e-01	   2.5557940872603144e-02	  -6.0950099464383073e-03	   8.6410697302542708e-02	   6.5623979198813728e-02	   2.1903092052679002e-01	   7.4567449140142197e-02	   6.1629266182764431e-02	   2.4531605665517298e-01	   4.7495886948433758e-01	   1.4485065151016357e-01	   1.6663066354764586e-01	   3.9820404536139675e-01	   5.1890865999443436e-01	   8.5594458793231035e-02	   1.0168507213605966e-01	   2.7329210312375157e-01	   3.0851834755789470e-01	   4.1236932784879426e-01	   6.2298154226740077e-01	   3.3798672526119977e-01	   4.6314643698681673e-01	   1.7297739380120722e-01	   1.3666715235829965e-01	   2.0261868405837771e-01	   2.4194527003122107e-01	   4.4500639866651259e-01	   3.8338025008209270e-01	   1.3333370673783768e-01	   3.2586980607194005e-01	   2.4211933515395856e-01	   2.7603315425877828e-01	   3.0848207628806634e-01	   3.4118291417709240e-01	   4.3113699302843650e-01	   7.0024779722505126e-01	   5.7382842611536844e-01	   1.0083561410084720e+00	   2.1433646361826067e-01	   4.6832967628069155e-01	   3.3371757633731580e-01	   2.7569074366108315e-01	   3.0639412158475388e-01	   6.8509089705160320e-01	  -2.2520760116951838e-02	  -3.6102648941406081e-03	   1.2987712711028873e-01	   1.1479989372235505e-01	   2.1004667159077201e-01	   3.4541596527366164e-01	   1.6032165912892568e-01	   1.1119921733884608e-01	   2.3229850194332047e-01	   5.9606845271053166e-01	   1.8970809924705567e-01	   3.8618274792990726e-01	   5.2027233964818864e-01	   6.3954124909276322e-01	   3.0207649327936986e-03	   5.7537804049126534e-02	   1.7533690503571470e-01	   1.5346862083035590e-01	   3.5354491667525856e-01	   4.1800311850968358e-01	   9.8337941190367775e-02	   1.9181485737488310e-01	   3.3146409926606535e-01	   3.2149703300104965e-01	   3.0803192162428844e-01	   5.2849175253024061e-01	   4.1482445385342148e-01	   2.4767984327992379e-01	   3.4909731073801076e-01	   2.3213385606808185e-01	   8.9365527208449563e-02	  -1.0960873552655076e-01	   4.5567428520110809e-01	   4.9606596458985619e-01	   6.3234759600329848e-01	   5.7558508133178354e-01	   2.9415730359846443e-01	   2.5454692802804646e-01	   3.9412145971613383e-01	   3.0727752607011916e-01	   2.5903070391511157e-01	  -1.1277746926328636e-01	   4.1639186967272868e-01	   5.1266596622626233e-02	  -4.2898696888832598e-02	   3.0845716803981954e-01	   3.8723455682618080e-01	   4.6754021515131705e-01	   3.8006055223558066e-01	   6.8249969601744642e-01	   8.4695788768991316e-03	  -2.0912781584849982e-01	
   3.5808611097974119e-01	   6.7595509744865209e-02	   0.0000000000000000e+00	   4.7405654993352464e-01	   8.4543251925723162e-01	   3.8621061664632766e-01	   7.5094449858332657e-01	   2.5012204383562020e-01	   2.8322400789557989e-01	   1.1882338302965111e-01	   1.9743714039250537e-01	  -5.8873393146217340e-02	   2.8795038953218477e-01	   1.0531118281771178e-01	   5.1520247782709605e-01	   3.8894184570644619e-01	  -4.6388980233892530e-03	   2.9676425462531301e-02	   1.3729300569292890e-01	   1.3905802911949031e-01	  -6.7554444409768056e-03	   6.5585379986702816e-02	   1.0568433414662404e+00	   6.2317985389384301e-01	   8.6686148072715441e-01	   6.4799306260063694e-01	   4.7667376701249531e-01	   4.6735610374966130e-01	  -3.2441972792305102e-01	  -1.7237239253887701e-01	   8.1017121670677539e-01	   4.9176412237993394e-01	   5.6848336535467037e-01	   3.6280300441352448e-01	   7.4864286853378814e-01	   4.5639135377252277e-01	   2.0566324687204757e-01	   6.0713518059905387e-02	   2.8649988626717721e-01	   2.4676869592820508e-01	   5.3996094188362237e-02	   1.8621770283505712e-01	   5.5413713704300549e-01	   3.8509611067789629e-01	   6.1899902208411706e-01	   4.5674109511519634e-01	   4.6601812922032815e-01	   3.8891741998508733e-01	   3.5380832674382962e-01	   2.5705022739243433e-01	   4.9343851365945929e-01	   2.7330635943986376e-01	  -6.7460685790706243e-02	   5.7548681096925416e-02	   3.0374991805275459e-01	   2.4231094214645865e-01	  -1.4359651779120462e-02	   1.2263461677973934e-01	   3.9806868344019641e-01	   2.1806256436735671e-01	   1.0298515482465428e-01	  -4.0484700526785676e-02	   2.8099493964181626e-03	  -4.0722302572878649e-02	   7.9650109276953407e-01	   4.1067927569825730e-01	   8.0779262422940445e-01	   5.9515030608641628e-01	   3.1438838107512374e-01	   1.8041529687152108e-01	   3.9491227850844390e-01	   1.8388337158724471e-01	   2.1318137582137880e-01	   1.5604347040900296e-01	   4.2277422226142136e-01	   2.6835853118524872e-01	   1.5192168253835076e-01	   2.1061322751725450e-01	   2.6383862608397934e-01	   3.5545463851844855e-01	   4.8028531934809805e-02	   1.0904122372514323e-01	   5.0521555972734267e-01	   2.2436653096151937e-01	   5.7922909407099499e-01	   4.9171221251941077e-01	   4.3037944491473112e-01	   3.0325359023813242e-01	   6.0000571532741265e-01	   2.8749810809157605e-01	   3.7617204396761367e-01	   6.0095399015083661e-01	   5.8959281367818095e-01	   7.1227046789166826e-01	   8.0057804244997116e-02	   3.5622065371207629e-01	   2.4006914168557392e-01	   1.9632972808592544e-01	   1.8635638194264137e-01	   3.9104237147724119e-01	   3.1119856810537039e-01	   5.0832328201949495e-01	   1.5656895177949154e-01	   3.1108750333510382e-01	   1.0159098692753854e-01	   2.1375524782208208e-01	   2.0482135517139610e-01	   2.5965024536943071e-01	   2.6179384139358153e-01	   2.7972338010687808e-01	   4.9647290842469821e-01	   2.7290077873080704e-01	   4.4931931484763921e-01	  -4.9837561816995127e-02	  -3.8468414711540208e-02	   2.5424898014319342e-02	
   1.8939339319400775e-01	   2.2771149769506940e-01	   4.7405654993352464e-01	   0.0000000000000000e+00	   3.2220561204792736e-01	   6.7275682836641670e-01	   3.9072332235013191e-01	   1.3953948543653438e+00	   3.1711150623840417e-01	   4.0250453141013531e-01	  -7.6124646917073546e-02	   5.3371181935111256e-01	  -2.8891919876761274e-01	   3.7746123978614932e-01	  -8.7673411668727039e-02	   5.9913488591966457e-01	  -2.6360512059311830e-01	  -1.4105523451994420e-01	   4.2874331853260290e-02	   4.2344039180397491e-01	  -9.0652533401486157e-02	  -4.8420582077754085e-02	   3.9530888283626936e-01	   7.8839366468796757e-01	   3.3809884963519388e-02	   2.5281390371438450e-02	  -1.8917245760016263e-01	  -3.7758374032312553e-02	  -2.1028233441807215e-01	   1.2783287061594439e-01	   5.4351983257568892e-01	   1.0013386980778669e+00	   3.4271247211432981e-01	   5.4742689836381431e-01	   5.0130920528588796e-01	   5.5113498711536091e-01	  -1.8114956856985703e-01	  -1.5996488303679221e-01	   2.3457307904212701e-02	   5.3736666919896897e-02	  -1.4756499605288928e-01	   1.6059630905897571e-01	   1.9720797207103569e-01	  -2.7539895185135964e-02	   4.8434511904959832e-01	   6.3353338105474977e-01	   3.0390895959088249e-01	   1.9598904220786512e-01	   4.0088912686248285e-01	   3.5858975189454273e-01	   3.1309961544707399e-01	   4.0827307920676320e-01	   4.8812157133788288e-02	   4.4666298931181771e-02	   1.4844448172220576e-01	   2.5806484562216431e-01	  -1.1428628758573170e-01	  -1.0118498803332914e-02	   4.3792158421321270e-01	   6.2342375337671108e-01	   1.3443989419288005e-01	   5.9261151170043891e-01	   2.6715664662227644e-02	   2.8795992976003915e-01	   5.2174062164000867e-01	   9.7005756849507419e-01	   6.2644571800694471e-01	   7.8201480457808059e-01	  -1.5036205508859088e-01	  -2.2764815285606035e-01	   1.8976675868388956e-01	   2.4850703838813740e-01	  -6.6432008125516639e-02	   2.5088004885656945e-01	   1.9170665781869278e-01	   3.2594742297948098e-01	  -1.8490217164960177e-02	   4.8728810359979863e-01	   1.8787268377002592e-01	   1.7226270987923509e-01	  -3.3182795056392697e-02	   8.8160874553926599e-02	   1.2123010561364100e-01	   6.5114538361003360e-01	   4.8119168521338551e-01	   9.9460637967434373e-01	   3.6016501579122695e-01	   7.3875033257573763e-01	   3.1906669495088313e-01	   5.4922256879198095e-01	   1.0063231525114893e+00	   3.3432863811911584e-01	   9.4997247467569434e-01	   2.1512254863198904e-01	   7.7173451182414685e-02	   1.9120017205976475e-01	   1.2292988715000497e-01	   8.5232039984597191e-02	   4.4395760734729617e-01	   2.5463357440232870e-01	   1.0659026697842653e+00	   2.9327526165645568e-01	   8.6514747685177507e-01	   2.5821721747940807e-01	   2.8647457524458064e-01	  -7.3893557933629277e-03	   3.5802352294111839e-01	   2.7135115987294112e-01	   6.1181551204906655e-02	   3.5165682363922002e-01	   3.2835007567206975e-01	   2.6650873044275258e-01	   4.5067284646014383e-01	  -1.0643068606961176e-01	  -6.6309249532895687e-02	  -1.5208526547125253e-01	
   4.7817083259813931e-01	   2.1152486800251533e-02	   8.4543251925723162e-01	   3.2220561204792736e-01	   0.0000000000000000e+00	   5.3205203322003425e-01	   7.0999950459043359e-01	   2.6878272685128990e-01	   6.8352259514710334e-01	   4.5535309409183122e-01	   3.5413986502998496e-01	   4.4813585778258454e-02	   2.4769607114750974e-01	   1.0925832592807704e-01	   5.6140062260560453e-01	   4.2502865920427080e-01	   1.4906672181718925e-01	   1.9675809423726959e-02	   2.0320539701514184e-01	   2.3058536799313561e-02	   1.3418643119459428e-01	   1.4667933643981135e-01	   6.8244266812483179e-01	   3.6247237201654664e-01	   6.2575385080652302e-01	   3.9288375921929886e-01	   2.9561589874840066e-01	   3.0368664278776414e-01	   1.8697530948019625e-02	   3.2080414380037318e-03	   3.9503443314700365e-01	   3.6416865721288072e-01	   4.4407360710063293e-01	   3.1418459970749563e-01	   4.2393190968661321e-01	   3.9673717058953428e-01	   2.1671008114754145e-01	   4.4035528181600392e-02	   2.9826375088718760e-01	   2.6218931578389887e-01	   2.8789052976912660e-01	   9.2015657443157914e-02	   3.8963674623333205e-01	   2.7856653806880782e-01	   4.9258123330458875e-01	   3.0463654364360737e-01	   3.0288944654986660e-01	   3.1623143087569228e-01	   3.3402804303227901e-01	   1.7333595389874729e-01	   3.9556782483859154e-01	   2.4737379881696026e-01	  -4.7545076647934933e-02	  -9.6164180108051681e-02	   2.1341834864361825e-01	   1.0184046424032908e-01	   9.3063587692246055e-02	   1.4067076987707958e-01	   4.6266438845870911e-01	   2.6866032579273375e-01	   3.9127500604780507e-01	   2.1265434037718467e-01	   2.3451812546656492e-01	   1.8208774849345044e-01	   6.5637485022574904e-01	   3.9403975137835734e-01	   5.1537209040205689e-01	   3.7940422903921034e-01	   3.9185395233451492e-01	   2.1734524166242686e-01	   2.0215269104770536e-01	  -9.3841088661664716e-04	   3.3669304645255754e-01	   1.1649536318877093e-01	   4.0006531667048972e-01	   6.6409787729057201e-02	   3.6738181244827237e-02	   5.9269473408784183e-02	   1.1452076680853829e-01	   9.2649722806096388e-02	   7.8634635785084617e-02	   6.9940339620572597e-02	   3.2792116672923605e-01	   2.2761291110955145e-01	   2.3366461030623364e-01	   3.3570918115716930e-01	   2.4504508566327293e-01	   2.2444302696102597e-01	   4.6370472489193748e-01	   3.9775489348829801e-01	   2.8273728783922308e-01	   5.5437894551621325e-01	   4.7117303210375777e-01	   6.1380583505791253e-01	   5.6591252605668108e-02	   1.8972556386985501e-01	   1.5103105406210107e-01	  -1.9483802107575554e-02	   8.6225854442661218e-02	   3.7145087913174196e-01	   3.1513283860102304e-01	   5.7379694200811115e-01	   1.7212783797540768e-01	   4.7543833741123781e-01	  -5.0817196883011784e-02	  -5.1817982866393469e-04	   8.7340918138715667e-02	   1.7118247216566401e-01	   1.2854374254099821e-01	   1.3589190298016599e-01	   3.5749050573891006e-01	   2.5033289313019147e-01	   3.7852155997518888e-01	   5.1122228216259308e-02	   6.5077114460817001e-02	  -5.3753501278618492e-02	
   2.0020520394640146e-01	   2.2011875316107102e-01	   3.8621061664632766e-01	   6.7275682836641670e-01	   5.3205203322003425e-01	   0.0000000000000000e+00	   5.0037018627483043e-01	   5.9617768080042510e-01	   6.4223697343744302e-01	   8.5263771093128360e-01	   3.0142865705093825e-03	   2.6154946454893768e-01	  -1.2543634699771172e-01	   8.7949685640443725e-02	   1.3293490170468791e-01	   5.0902333087079732e-01	  -7.5092902010594265e-02	   1.4951886581902739e-02	   1.0930985935630168e-01	   2.1578179251923355e-01	   8.3581951578976466e-02	   1.0368293680852909e-01	   2.7419376119507827e-01	   4.0712853824378331e-01	   1.8646786799552642e-01	   2.2332045706936088e-01	  -8.6118578483384070e-02	  -1.6643115031527361e-02	  -4.2406258887697536e-03	   1.8607154278176885e-01	   2.5783702007556891e-01	   5.1296156470460885e-01	   4.3728478123058734e-01	   5.6489373603316417e-01	   4.2330870661667452e-01	   5.3291040267185885e-01	  -7.9101224279840759e-02	  -1.3126090190054937e-01	   1.7772810187762234e-01	   1.4426470087585661e-01	   5.7677241064113670e-02	   5.8848934975900200e-02	   2.3533593525488977e-01	   8.7738542104455572e-02	   3.9715743492165223e-01	   4.8378594069985925e-01	   2.8003409156206038e-01	   3.4381494671454138e-01	   2.2199740805138779e-01	   1.8941096367419277e-01	   2.5315835248987273e-01	   3.3460069713372936e-01	  -1.5457971644283997e-01	  -5.4239078620909069e-04	   1.4891812991927927e-01	   1.4409544114312761e-01	  -3.8097999633976871e-02	   1.8181070110479766e-01	   3.5287147284618703e-01	   6.4067084085214854e-01	   2.9980180664462375e-01	   6.7818353535221776e-01	   1.6192649704813625e-01	   3.3363724634133346e-01	   4.6365598117642021e-01	   6.9704141619865756e-01	   5.7612688399843626e-01	   6.2460859484508069e-01	   5.9477532868611759e-02	   1.4582599480180081e-02	   1.6718230016403196e-01	  -4.3639865322187096e-02	   7.3231752045936127e-02	   2.2590418999856976e-01	   1.3104810235913103e-01	   1.1295083588950826e-01	   8.6413046300101770e-02	   3.5722349519922381e-01	   1.8575395654581897e-01	   7.4460985906584995e-02	   2.7949247437924468e-02	   1.1171712338497894e-01	   6.1167928021715182e-02	   3.3306439552489103e-01	   1.6835098050998681e-01	   5.0694193871665938e-01	   8.7468982399915948e-02	   3.5699140336106744e-01	   2.9372808944911877e-01	   4.8062701669903862e-01	   4.1352014517558106e-01	   2.2855542351389929e-01	   5.2668185329633188e-01	   1.1826621468242843e-01	   9.1713000774416492e-02	   2.6868258541686001e-02	   2.4609726194387019e-01	   2.6376124989253961e-02	   2.1576291283238069e-01	   1.0815894896501788e-01	   6.1262726224146802e-01	   1.7564491686296901e-01	   5.8375308628042089e-01	   2.9917823312477426e-01	   4.0024068977536444e-02	  -2.5464349691549248e-01	   3.2826972029564533e-01	   1.8989659988501267e-01	   7.7458754881675584e-02	   3.0878717933997180e-01	   3.9578710998727246e-01	   1.6094665369932468e-01	   4.2840695681756336e-01	   5.0810637581960236e-02	   4.1580930431206503e-02	  -2.1768853724735054e-01	
   7.2077839484521433e-01	   1.5624388355717767e-01	   7.5094449858332657e-01	   3.9072332235013191e-01	   7.0999950459043359e-01	   5.0037018627483043e-01	   0.0000000000000000e+00	   4.4303531443216337e-01	   5.3615703561180494e-01	   2.5831944629571757e-01	   6.0348382074411755e-01	  -3.3747776794941467e-02	   3.2511189801716978e-01	   1.0572887061545012e-02	   3.6333734354353825e-01	   2.6715265804687161e-01	   8.5447323293731878e-02	  -2.5983889283892683e-02	   2.6653826510391332e-01	   1.9518255257236883e-02	  -6.8514022812286607e-02	  -9.3792130686941810e-02	   4.0014597749723413e-01	   1.8743168614897651e-01	   3.8323188784871831e-01	   3.3452054802683989e-01	   2.4784253894416197e-01	   2.7218951246724143e-01	  -1.5482196600571820e-02	  -8.1461271470329943e-02	   2.1456677224620899e-01	   1.8037090722757640e-01	   6.0734310120072410e-01	   3.3218344653938692e-01	   5.1776575398246094e-01	   4.8967472785536581e-01	   6.8555516360255961e-02	   8.2808308580548454e-02	   3.5813482965818649e-01	   2.6196676916546269e-01	   1.6034144147015705e-01	   1.1673595101054290e-01	   5.7272624713285247e-01	   4.2221704242667613e-01	   5.1163653902668760e-01	   3.7208533805556832e-01	   4.5310776982422296e-01	   4.5443852587043859e-01	   1.9479750046735844e-01	   1.4902098795295618e-01	   4.6034271784603492e-01	   3.5059296963953523e-01	  -9.1753348209079988e-02	  -1.7143802309705444e-01	   3.2897630191472915e-01	   1.9939336649617789e-01	   8.2284557043450696e-02	   1.8264615403720247e-01	   7.0468671222803969e-01	   5.0866101901637284e-01	   7.8836593727946447e-01	   3.8961679309193159e-01	   4.8341037538456350e-01	   3.4166755043254599e-01	   9.4989086839596015e-01	   4.6045899710168392e-01	   9.2623012040547348e-01	   6.4371370483534784e-01	   4.1521264337553632e-01	   1.4687019270063245e-01	   3.2007055728983708e-01	   3.6948319196021570e-03	   2.6976747875556911e-01	   2.5930777575268210e-01	   4.1834854734402160e-01	   1.7928606138218783e-01	   1.4861957253907018e-01	   2.4326097424767626e-01	   1.7735132233086795e-01	   1.2622999212938690e-01	  -9.0174184761859455e-02	  -1.1004373514397862e-01	   5.6031111779187938e-02	   2.3812703799076611e-02	  -2.5870332434356131e-03	   2.8785318018429906e-01	  -1.5734302203780710e-02	   3.9647680805027161e-03	   3.8079858819009760e-01	   4.4689691942016568e-01	   2.9107250914280386e-01	   5.6859099337385854e-01	   4.2848855255921509e-01	   5.4172541973997757e-01	   1.5669962562373191e-01	   3.1193662426490654e-01	   4.1000917690127581e-01	   2.4150382669306825e-01	   1.7369526298211546e-01	   4.7998687477777474e-01	   3.5011566855443377e-01	   8.7286393979961407e-01	   3.9820216484343707e-01	   7.0229790989128327e-01	   2.0194569006542584e-01	   2.9373548256943610e-01	   2.7366790211249176e-01	   4.8109922728177729e-01	   2.5488844513909648e-01	   4.4357396656333015e-01	   6.9874272948550009e-01	   4.9176949926238334e-01	   6.5007772565188249e-01	   2.6539291028412931e-01	   9.3805435599825612e-02	   1.3863047359900657e-01	
   2.5044945711394229e-01	   2.0188986531189521e-01	   2.5012204383562020e-01	   1.3953948543653438e+00	   2.6878272685128990e-01	   5.9617768080042510e-01	   4.4303531443216337e-01	   0.0000000000000000e+00	   3.6721480859574340e-01	   4.4123504745744013e-01	   1.4416864888299802e-01	   7.8649836085726887e-01	  -1.5515991862082040e-01	   5.8196396619970847e-01	  -9.9412944124804836e-02	   6.3677109886803207e-01	  -1.8977024838907877e-01	  -5.9622625595428969e-02	  -2.9957535611925185e-02	   2.3837764398416156e-01	  -1.8197359389627596e-01	  -1.6787017380486596e-01	   2.5908598181174441e-01	   5.7905452197732821e-01	  -1.4840842920862826e-01	  -1.5807516183631878e-01	  -3.1631098014429926e-01	  -1.5143549031807335e-01	  -6.1869573990475789e-02	   2.6843130210794253e-01	   3.0713050455039337e-01	   7.2305986468554784e-01	   2.9334876988701686e-01	   4.8205093855516989e-01	   4.9722568721641153e-01	   6.4290994249904676e-01	  -1.2634498825398802e-01	   2.5385465029595718e-02	   1.0794968093094473e-01	   1.0533963669502573e-01	  -9.8722395484827724e-02	   2.5097494038419149e-01	   2.3198435101677622e-01	  -1.6182992963819018e-02	   5.2031359828457524e-01	   6.3171151781210522e-01	   3.5594975950281682e-01	   2.8536590362338438e-01	   4.0800820435359297e-01	   3.7708271182902997e-01	   3.2826055639439400e-01	   4.3957282159608368e-01	   8.2687032445759714e-02	  -3.8023661772230023e-04	   1.5182942073755945e-01	   2.4611471137603830e-01	  -1.4661894501768480e-01	  -7.6020459101834262e-02	   3.3593161263782650e-01	   5.6087963273336205e-01	   2.1199047442559707e-01	   8.1522130928263858e-01	   4.9081481133407413e-02	   3.7510512151711800e-01	   5.4853361614987706e-01	   9.7790045245631618e-01	   5.8009104821022772e-01	   7.5014192587645856e-01	  -2.0359708298297832e-01	  -2.7826309665838300e-01	   1.3882394482710789e-01	   2.7780098139266995e-01	  -5.3070113230477223e-02	   3.2636308674196107e-01	   2.5284959740702195e-01	   4.5160952642248037e-01	  -2.8872951652238521e-02	   5.4446115644161441e-01	   2.8181115084189579e-01	   1.6491812400278272e-01	   6.3857714918049313e-02	   1.2156664453690810e-01	   1.9856176583087415e-02	   6.7451395918931656e-01	   3.6706962783006380e-01	   9.1868299033543011e-01	   1.7045516995608498e-01	   5.9434230643798314e-01	   2.0644779418357709e-01	   5.8034910315621291e-01	   9.8284382196751863e-01	   3.0877570523875730e-01	   8.5384743985545952e-01	   1.7530215377527408e-01	   5.7037521687208902e-02	   2.0674451729198753e-01	   1.3778924259256767e-01	   3.6017635691800040e-02	   4.9111505269044897e-01	   2.4835768738655586e-01	   1.1255039412683654e+00	   3.0909838593364680e-01	   9.5702305340962801e-01	   2.8509649115754904e-01	   3.4315378420438725e-01	  -1.5270202408890567e-02	   3.4718058200370960e-01	   2.9204474403754982e-01	   6.8522704850979138e-02	   3.3854119118805726e-01	   3.9759789443464849e-01	   4.1276216108584263e-01	   5.0275257596365996e-01	   9.2198515209178258e-04	   3.5256773659794613e-02	  -1.0087555062488571e-01	
   3.4969897313299381e-01	   2.2124539953371394e-02	   2.8322400789557989e-01	   3.1711150623840417e-01	   6.8352259514710334e-01	   6.4223697343744302e-01	   5.3615703561180494e-01	   3.6721480859574340e-01	   0.0000000000000000e+00	   8.4934837008256037e-01	   1.5735192282877422e-01	   4.1741904981327412e-02	   4.5629525242231316e-02	   5.1791994227122481e-02	   3.9381207164338233e-01	   4.8136967260690861e-01	  -1.1988709727071246e-01	  -1.4539518503610094e-01	  -1.2648210189589530e-02	  -1.3141271534455287e-01	  -1.5627527848473287e-02	  -1.4045327324480752e-01	   1.9841870632432154e-01	   7.8487693745968007e-02	   1.1166609641243368e-02	  -7.6208403341877354e-02	  -2.0729834867135813e-01	  -1.8058881707520336e-01	   2.5092938938410438e-02	  -1.1351111482304457e-01	  -4.4328434472664068e-02	   1.7737070155941406e-01	   1.1378648929280144e-01	   1.4208478295566460e-01	   1.0904438750583842e-01	   1.6936657650049741e-01	  -1.2638335154074243e-02	   1.0309632261526610e-02	   4.6889246977218184e-02	  -7.2480546220673903e-02	   1.4720362913185933e-01	   1.2413551846015617e-02	  -2.6981781772874837e-02	  -9.2123764844951397e-02	   1.1884298558742222e-01	   4.1511037241382810e-02	  -3.4039820273679697e-03	  -4.3087724993443877e-03	   8.9213307134448805e-02	   6.0817342755092298e-02	   1.2229992544756281e-01	   1.2190884750364513e-01	  -8.4861253159566719e-02	  -1.4998768738137058e-01	  -3.3489542553560722e-02	  -6.7367513937320447e-02	  -8.6022862461158200e-02	   3.9936226785239781e-02	   2.7914402661220944e-01	   2.6566149972415826e-01	   4.3534744676436876e-01	   4.2486565826327644e-01	   1.3306907128588918e-01	   1.3952169740697679e-01	   4.7977505059909958e-01	   3.9360259636487893e-01	   2.2043880119313222e-01	   1.3671681430667781e-01	   1.2598533439031520e-01	   3.8067542230306728e-02	  -9.6827190917930045e-02	  -3.4399347288936566e-01	  -1.8283264402374544e-02	  -1.0887526975289745e-01	   1.2772703913758335e-01	  -5.6549213853932863e-02	  -7.8293526323733556e-02	   6.3729354265787519e-02	   7.2601902645410568e-02	   1.2704291377232554e-02	  -3.0948566738680218e-02	  -4.3967923351449570e-03	   2.8791226879893040e-02	   1.4508029325792193e-01	  -3.2885624617667447e-02	   2.1002597535812856e-01	   2.7326893910275790e-02	   2.8051324771758503e-02	   2.1168902557191491e-01	   3.8078440169535566e-01	   9.1106913258964889e-02	   3.1884165182915336e-01	   3.2444902009302329e-01	   2.8438966523865633e-01	  -1.0122029177136592e-01	  -7.1319421610420708e-02	  -7.1245544577276443e-02	  -2.0229909201917182e-01	  -8.4528155136727817e-02	   6.3057514315804503e-02	   3.9224194634065029e-01	   3.8698892948193042e-01	   2.5135358059732554e-01	   3.2834250984603341e-01	  -1.9574684506160206e-01	  -2.7339396960206130e-01	   2.0769062155873633e-01	   1.9405924268919975e-01	  -8.1419729746731409e-02	   1.0113593244986080e-01	   2.0908017816696950e-01	   1.1830414443631501e-01	   3.6780715203524483e-01	   1.2456145604748463e-01	   4.0655212921199599e-02	  -1.7256256413262616e-01	
   1.7771088471447766e-01	  -1.8097213843134372e-03	   1.1882338302965111e-01	   4.0250453141013531e-01	   4.5535309409183122e-01	   8.5263771093128360e-01	   2.5831944629571757e-01	   4.4123504745744013e-01	   8.4934837008256037e-01	   0.0000000000000000e+00	  -8.8623417173232036e-02	   2.4099485954408523e-01	  -2.1489886406611497e-01	   9.9134494850198929e-02	   1.3734313651318178e-01	   5.5837532699789660e-01	  -1.7496163319592892e-01	  -1.4665744743898837e-01	   4.8220409032982456e-02	   1.9683991339688362e-02	  -6.3667450496986119e-02	  -1.3046231637327910e-01	   1.5000440919991664e-01	   2.1315493179866790e-01	  -7.7853571247510106e-02	  -2.3012970597819260e-01	  -4.0103833420135221e-01	  -4.3056592456227505e-01	   6.1635500546048529e-02	   2.1337764395055130e-02	   3.9271023498959568e-03	   2.7118328778143519e-01	   1.4043355290563853e-02	   1.3058709809265029e-01	   7.7894247422781782e-02	   2.4759754033986536e-01	  -1.4399526875205859e-01	  -1.8948698159859553e-01	   1.5723767003809654e-02	  -2.6061590183197918e-02	   7.1013983688108254e-02	  -1.5451368903031898e-03	  -1.0225933804010726e-01	  -2.1512593022439550e-01	   1.5864363374453738e-02	   7.7479893374085826e-02	   5.1523828098035884e-03	   4.9217444353711622e-02	   6.6668019076777413e-02	   1.8677561205786793e-02	  -5.5319680298946863e-02	   9.1563231569075879e-02	  -1.3222466376058123e-01	  -2.0229074301630238e-02	  -1.6587719381311589e-01	  -1.5731436323375367e-01	  -6.3625619112180468e-02	   4.4032908181101081e-02	   2.5652230715704377e-01	   4.0184667291802650e-01	   2.1275536828610220e-01	   5.5313331041232261e-01	   8.1825758906398635e-02	   1.3605038334940298e-01	   2.1015005923585497e-01	   3.8989283128216440e-01	   2.1559120131146378e-01	   2.4321428516918836e-01	   2.8344558960372846e-02	  -2.8932562562654855e-02	  -1.2138750826299541e-02	  -1.2178785818412638e-01	   2.5080415410330976e-02	   6.1131784686589072e-02	   8.0958037669219898e-02	   5.1691553608765269e-02	  -5.2440936744581605e-02	   1.2709241047597641e-01	   1.0830725204971070e-01	  -9.9669719398900583e-02	   7.6388635543117797e-03	   8.7642470954963358e-02	  -7.7177191217881996e-02	   3.2024256524535388e-01	   3.1883277021182745e-02	   3.2624541003097995e-01	   1.0555254813378551e-01	   3.0270982410999414e-01	   1.7742038656791564e-01	   4.0275757177159044e-01	   2.6234760340407037e-01	   2.0088378206799770e-01	   3.7051772540735012e-01	   5.1903448924640251e-02	  -1.3309197919524776e-01	  -9.4275532695697301e-02	  -1.0588983902115630e-01	  -3.6773187401710472e-01	  -1.4859655890763059e-03	  -3.2369586355290782e-02	   5.2098376264118151e-01	   6.9989341458785312e-02	   4.3625244913424777e-01	   2.7692796226539507e-01	  -2.1505231328286853e-01	  -4.1456737445920372e-01	   1.8970656915999640e-01	   1.6116257869062847e-01	  -1.0815956238650218e-01	   1.2124268585068688e-01	   1.9880547132575369e-01	   5.6027004472513846e-02	   2.7620325531681628e-01	  -1.1579279138285960e-01	  -5.4725349131205712e-02	  -3.6522080666089651e-01	
   8.8777281216101378e-01	   3.0369183530061705e-01	   1.9743714039250537e-01	  -7.6124646917073546e-02	   3.5413986502998496e-01	   3.0142865705093825e-03	   6.0348382074411755e-01	   1.4416864888299802e-01	   1.5735192282877422e-01	  -8.8623417173232036e-02	   0.0000000000000000e+00	   2.4787384597529583e-01	   9.3626860915591459e-01	   4.5984438132572003e-01	   5.4213925324173184e-01	   1.9923391706931751e-01	   5.0250392588038184e-01	   2.6096498602788565e-01	   4.2415217282362572e-01	   6.2986588619720424e-02	   6.8761428013708020e-02	  -2.6756921115255884e-02	   1.3944439538656445e-01	  -1.6578614208982198e-01	   2.6391729506162431e-01	   2.3303799431928618e-01	   3.6107768209632318e-01	   3.3869110870709573e-01	   4.1026593626616814e-01	   2.5227630827749675e-01	   4.2244492129452603e-02	  -1.4343571780334635e-01	   4.5711260775308643e-01	   1.7385062874769214e-01	   2.6316814239796388e-01	   2.7416729684033198e-01	   2.9043690821256130e-01	   3.9478253660695367e-01	   3.7804474433137847e-01	   3.4510760094954407e-01	   1.9220685498096124e-01	   3.3624859440068516e-01	   4.6522830917375890e-01	   4.6472685377124301e-01	   3.6967549264360039e-01	   2.7287161502501273e-01	   4.5248057870333114e-01	   4.7870734428506279e-01	   1.4589046461746963e-01	   2.4582516473512470e-01	   4.1272146221429673e-01	   3.3743072602418273e-01	   3.1070595312569710e-01	  -3.1945059794978234e-02	   4.9998914774606040e-01	   3.5275069616722182e-01	   2.8357955069609453e-01	   1.9973294544498421e-01	   2.9086041321320472e-01	   1.2242582978143753e-01	   5.2790603474892839e-01	   1.6858727436314574e-01	   5.1489472690683646e-01	   3.2472149132068995e-01	   3.2407482485012057e-01	   5.1962700885564983e-02	   3.2702572390127937e-01	   1.8140091372182657e-01	   4.5843372378344116e-01	   3.2704642129125017e-01	   1.6221329910677063e-01	   1.4273933681272760e-01	   4.0763965281550335e-01	   4.6680952476348070e-01	   4.8042849215364292e-01	   3.3242833080056955e-01	   4.0544125016154642e-01	   2.4420249321787663e-01	   1.0394767490132714e-01	   1.6759998786829153e-01	   2.4628024963901196e-01	   1.8017594234764311e-01	   1.9210770349410983e-01	   1.1704567331289131e-01	  -5.0833262446749766e-02	   1.3141059146256026e-01	  -1.2886022490787993e-01	  -7.6923255439342669e-02	   2.8000250582592140e-01	   3.8609944991427303e-01	   1.5048268006231225e-01	   4.5653544662274254e-01	   1.5883534589056841e-01	   3.9011719825646191e-01	  -4.0495760445578448e-02	   9.0015832284364453e-02	   2.6957270769250252e-01	   1.8950357411593677e-01	   2.4834184373235169e-01	   5.3883917820191152e-01	   1.6453212507058067e-02	   4.4025916513296248e-01	  -1.6155090888702671e-02	   5.1385772011606856e-01	   5.9536153561081849e-02	   9.6183476879452445e-02	   2.3897298112370394e-01	   2.9657237049667612e-01	   6.9628142828179551e-03	   2.9751609191722841e-02	   4.8900019218839974e-01	   4.7699648364479419e-01	   3.9210066142287192e-01	   3.6112051524670569e-01	   6.3245204071709707e-02	  -2.0502325286823508e-02	
   1.1080273527715186e-01	   2.5218659952945588e-01	  -5.8873393146217340e-02	   5.3371181935111256e-01	   4.4813585778258454e-02	   2.6154946454893768e-01	  -3.3747776794941467e-02	   7.8649836085726887e-01	   4.1741904981327412e-02	   2.4099485954408523e-01	   2.4787384597529583e-01	   0.0000000000000000e+00	  -2.9853404298491232e-02	   8.5840468135682324e-01	  -1.3346029965986528e-01	   4.1002843202793499e-01	   1.7424285045471302e-01	   2.0121662398028159e-01	   6.5199199208057543e-02	   4.2167522262314971e-01	   2.4129844724758820e-02	  -5.3993959854207359e-03	   5.9438820841889790e-02	   2.8938603791586825e-01	  -2.3888164903282399e-01	  -2.3852509370462716e-01	  -2.9819422629470604e-01	  -2.1157776372042175e-01	   4.3423755524120161e-01	   6.9468650460423054e-01	   2.3754440399584190e-01	   4.3932511351803960e-01	   1.2955414562318540e-01	   4.1408517115284227e-01	   1.9714257691172921e-01	   3.1850838981381507e-01	  -1.2953530143831354e-01	   6.8803726151463407e-02	   3.4785087264984908e-02	   1.3149956155027501e-01	  -5.6623912949309053e-02	   3.5455208106916053e-01	   1.4438830570759176e-01	   5.8899469847600708e-02	   3.5183295554376254e-01	   5.0938535370876770e-01	   2.0045354228597637e-01	   2.4085820482653753e-01	   2.6769735155521157e-01	   3.3511798844909751e-01	   2.3739246796615272e-02	   1.7083234871541875e-01	   1.5553279398817788e-01	   9.2337888401521281e-02	   5.8150274636318472e-02	   2.4401469746951232e-01	  -1.1728228688219791e-01	  -1.6719223624325547e-01	   3.1080159279191676e-02	   2.1747248486832885e-01	  -5.5510891555886246e-02	   5.5830835877844542e-01	  -3.5709507491198805e-02	   2.6370498831029904e-01	   8.3018816905149728e-02	   4.4111154928067070e-01	   1.1278024748364977e-01	   3.0183877625028155e-01	  -3.1084994327500576e-01	  -2.0968249099130704e-01	   1.1226044360383795e-01	   4.0155951946691060e-01	   2.4125175540640220e-01	   5.3567876411365190e-01	   2.1361454106689914e-01	   4.5792733380945316e-01	   2.2282059761071671e-01	   4.8362556270802359e-01	   1.5574705021897850e-01	   1.2115934559169071e-01	   4.5324710637046173e-01	   4.4507602129821405e-01	  -4.1289546049072832e-02	   6.2387056671638041e-01	   2.9394116374997897e-01	   4.9286853687739929e-01	   2.9898848271503690e-02	   3.9422451843268752e-01	   1.0146071020860303e-01	   3.6475264502093768e-01	   6.9893217948391329e-01	   1.4472901043836800e-01	   5.0608878408472169e-01	   6.1105847835920416e-03	  -2.6078731404886629e-01	  -1.3375938207615962e-01	  -6.2264276152679848e-02	  -1.3408919474474371e-01	   4.8337046807652939e-01	   1.5682342103757890e-01	   5.6480230923237440e-01	   1.0121385319182111e-02	   4.5408615534309549e-01	   4.1290542567890443e-02	   6.1810695452276909e-02	  -3.1019719685697350e-01	   1.0125740276066716e-01	  -1.7718637882105193e-01	  -2.3180105254034172e-01	  -2.1947087540879873e-01	  -2.1713641142722799e-03	   1.4523512841504746e-01	   1.2724027219427081e-01	  -5.4304208264878757e-02	  -1.7349078548825214e-01	  -4.6425524188684525e-01	
   4.9167787317387790e-01	   2.0878270626986967e-01	   2.8795038953218477e-01	  -2.8891919876761274e-01	   2.4769607114750974e-01	  -1.2543634699771172e-01	   3.2511189801716978e-01	  -1.5515991862082040e-01	   4.5629525242231316e-02	  -2.1489886406611497e-01	   9.3626860915591459e-01	  -2.9853404298491232e-02	   0.0000000000000000e+00	   4.6011484834893251e-01	   1.0639706464218601e+00	   3.3453968369467152e-01	   2.6668304836212237e-01	   2.1887883530516092e-01	   1.6217515871682261e-01	  -1.4216395960792705e-01	   1.9325892002167436e-01	   1.9274468112634566e-01	   4.0809007403212894e-01	   3.0108764136777641e-02	   4.9630413703262938e-01	   4.5144888009769280e-01	   5.5111609082197544e-01	   4.3464523171514918e-01	   1.1188028489237060e-01	   3.3667053625528472e-02	   1.5971953683875278e-01	  -1.1314478519143396e-01	   3.7077874168788011e-01	   6.6620185149944194e-02	   4.5424923441973508e-01	   3.1597486565485489e-01	   6.6834857570609274e-01	   6.1657529734401817e-01	   4.7198242092539022e-01	   3.9695389420452099e-01	   4.1469130268988563e-01	   4.1313205587170027e-01	   4.3076808907690922e-01	   4.7011736039637053e-01	   3.9264985257833390e-01	   2.6688320434593865e-01	   4.8381807335319449e-01	   5.2670537390296823e-01	   9.2401657504368406e-02	   3.3903375384031725e-01	   4.5078661563017725e-01	   3.4492878775292929e-01	   2.0459342548701429e-01	   1.2008919134989930e-01	   6.2581878459038864e-01	   3.6878671992190276e-01	   2.6619780572713703e-01	   2.0493392026154991e-01	  -7.7926938147756947e-02	  -2.1232832922186506e-01	   1.5540351870617261e-01	  -2.1858039435929924e-01	   9.6422849591642823e-02	  -5.6669596870925057e-02	   2.7425393763988909e-01	  -7.0296486245588680e-02	   2.4036807291219142e-01	   1.0343564993033454e-01	   4.9984208038315536e-01	   5.6754672517618687e-01	   1.1486476354110323e-01	   8.3388279777014088e-02	   2.3571119891946296e-01	   2.3132385448479215e-01	   3.6884227959222854e-01	   2.5119900403872930e-01	   3.8086722572289150e-01	   1.3647506136198856e-01	   9.4419608155590418e-02	   1.9737442438399480e-01	   2.4231078168832443e-01	   2.7829538219869276e-01	   6.2065214763709320e-01	   1.1449266276739067e-01	   1.9349793129828574e-01	   9.5599908341862827e-02	   1.0920596735479876e-01	  -2.9896513330659617e-02	   3.6699759643101454e-01	   1.7948195908516501e-01	  -1.6381977841382381e-01	   2.3129940495414328e-01	   9.1192519238497222e-02	   4.0968483357722196e-01	  -7.4474731976156144e-02	   1.7314416377860180e-03	   3.5440369042119646e-01	   2.5586010905364864e-01	   9.3900888036431429e-02	   3.0056174694321053e-01	  -1.7131581220312292e-01	   2.2330052428717950e-01	  -4.1561291930733785e-01	   1.5022646876381851e-01	  -7.0844820368347133e-02	   5.4362026023016874e-02	   1.7480642702306498e-01	   1.2638053552121989e-01	  -9.7576886650320618e-02	   9.0074491190059572e-02	   5.6473997467620995e-01	   3.7664549483026499e-01	   2.7421099433353968e-01	   2.7239342592034338e-01	   2.0014152233525773e-01	  -6.6569687338733224e-02	
