   0.0000000000000000e+00	   7.2942074788824640e-01	   1.4484631468665304e-01	   9.1489069582727775e-02	   9.0285346062130498e-02	   8.1664376075991613e-02	   2.9298261314773610e-01	  -1.4561369271948930e-02	   1.0797875775803567e-01	   1.0572716150844119e-01	   6.0275426855428771e-01	  -2.8786440824848106e-02	   3.3994744655083386e-01	  -2.0226862580559621e-01	   3.4613675313544773e-01	   1.2591914885048752e-01	   5.1658561275465020e-01	  -2.1834243934887473e-02	   8.5425347671376761e-01	   6.1315505989958441e-01	  -1.2287482598837668e-02	  -6.5716341274298137e-02	   3.5312342082316442e-02	   9.5696387543729347e-02	   1.4872839860024828e-01	   2.1288627875403487e-01	   1.2561551104817120e-01	   2.8631014812340688e-01	   3.1090397265695385e-01	  -3.4243870266807225e-01	  -1.5856040899696972e-01	  -2.2778172043323153e-01	   2.2565667939522033e-01	   9.7545107126888006e-02	   5.6782007886753132e-02	  -1.4729609306305919e-01	   2.4177946395919958e-01	   5.3207141764434716e-02	   2.3785809392660212e-01	   1.0071547554114194e-01	   3.7438097918687535e-01	   1.3686670815207092e-01	   4.5564797166943299e-01	   3.7381871818345858e-01	   4.0420814582060233e-01	   3.3196413969594107e-01	   2.9781829981293212e-01	   2.2749984167229839e-01	   3.7964092750449696e-01	   4.0396703812382007e-01	   4.9086530314212407e-01	   4.3288169663245540e-01	   4.1356325419371764e-01	   5.8709365228844312e-01	   4.0172775744401595e-01	   3.4966127638359412e-01	   6.6459046119779963e-01	   2.0524830822301149e-01	   5.4832397434125346e-01	   4.2449904325396093e-01	   7.8736425175918001e-01	   3.5026116546602493e-01	   7.1052547097743513e-01	   4.5744965088642914e-01	   3.0670419212495781e-01	   1.3600657077367218e-01	   2.1403134422773223e-01	   1.2980157819948968e-01	   3.8461274541176821e-01	   1.8293950787903887e-01	  -1.8257959426928011e-02	  -5.6074583702225615e-02	   3.1957962906692378e-01	  -1.1107366117846813e-01	   3.8564016199546447e-01	   2.6997672436984044e-01	  -2.0680284748639477e-02	   1.1480936948454531e-01	   3.8447469909255966e-01	  -2.1089605998248384e-01	   4.7213548386739135e-01	   7.2914211708752286e-02	   1.8550465578411779e-01	   2.2588096873238245e-01	   5.4366377743098981e-01	   4.6873277045270245e-01	   3.3881804457457654e-01	  -6.0611785636712025e-02	   2.7651782667921404e-01	   3.7117106611066647e-01	  -1.0330792110217075e-01	   2.4700225139706374e-02	  -1.5049706737785024e-01	  -5.4705894922793326e-02	   4.0357698456545105e-02	  -9.8595580690706799e-02	  -2.6076790705438072e-02	   7.3807521015212166e-02	  -9.2398444131976509e-02	   2.0279514797490461e-01	   2.7020676400228777e-01	   9.3396716884366016e-02	  -9.1328773239577840e-04	   1.4822913619029077e-01	  -1.9715926534863967e-01	  -2.3403152023395765e-01	   8.5790216491843943e-02	   1.9765630304794460e-01	   1.4691640407610160e-01	  -1.5117239691720227e-01	   4.0519253092492276e-02	   2.2286368542092407e-02	  -2.1723257733203813e-01	   1.3985423502434650e-02	   3.2786793688843019e-02	  -1.0300652924828541e-01	
   7.2942074788824640e-01	   0.0000000000000000e+00	  -7.7918206350485214e-02	   3.1452581346378947e-02	  -1.0555295951050056e-01	  -2.8031660159477688e-02	   7.1039570386394718e-02	   1.3525447109910393e-01	  -6.4228744285968670e-02	  -3.8146953982071255e-02	   5.2095512425876600e-01	   4.3848742756904907e-01	   1.1514463985843859e-01	   6.1407120366034962e-02	  -3.6426322469194174e-02	   1.0994197657290029e-02	   3.9060413166316044e-01	   5.1368589281658072e-01	   4.9055532871237861e-01	   7.6771290854763874e-01	   2.1754212273416221e-01	   1.7670929656523932e-01	  -1.4984577344112793e-01	  -6.4622736327333230e-02	  -2.1644740285055317e-01	   2.2296585127600985e-01	  -3.8877899665383880e-02	   1.8097024571517578e-01	   3.3601398209012934e-01	   1.3140936827952737e-01	  -1.7906966485602188e-01	  -1.5343220755259609e-01	   5.4442179175694834e-02	   7.5583193504049170e-02	  -2.1465077219040676e-01	  -1.1368355939243993e-01	   2.7021910985092096e-01	   1.2129445727812246e-01	   3.7721579049819387e-01	   2.8364498214086664e-01	   3.4490017692156183e-01	   1.9872432450885905e-01	   3.0689559106219805e-01	   3.0029517353173779e-01	   1.6161734182891493e-01	   5.1659258999923019e-02	   2.0546391006543208e-01	   8.0015838831267699e-02	   3.2044835252058657e-01	   3.2043668273001918e-01	   2.9005860019501994e-01	   2.0874846347678067e-01	   1.8586186781956959e-01	   2.6665197986252026e-01	   3.8275934838167402e-01	   1.5849808161945531e-01	   2.0677167708711591e-01	   5.1468480718633525e-01	   2.5517538632380699e-01	   7.9202299821544264e-01	   2.1422063683815429e-01	   2.4132201478613644e-02	   6.0884188448374021e-01	   7.3918469283545529e-01	  -1.5306202171450292e-01	  -2.5295885575815480e-01	  -5.1403561650363083e-02	  -6.1108521510111161e-02	   2.6431825298803008e-01	   4.2477214810651109e-01	   1.1632171331479614e-01	   2.6105148686645768e-01	   2.2034601446994492e-01	   2.1740538245779656e-01	   2.5786390905357609e-01	   5.1960574827309181e-01	   7.7729231481966587e-02	   3.6489348952705736e-01	   2.9103564528932302e-01	   1.7142257157565560e-01	   1.3884056225120681e-01	  -2.4812422479868094e-02	   1.9502948092742950e-01	   1.5597369568812078e-01	   1.3964089093775944e-01	   2.2005250022099537e-01	   2.8666904349667532e-01	   1.9933009756176276e-01	   2.4220269420173116e-01	   4.7751991442333214e-01	  -2.8643470578345587e-01	  -2.8527812554796106e-01	  -1.2539938280672413e-02	   2.4032098801129734e-02	   5.6320143944223254e-04	  -8.8385853599645986e-02	  -1.4023571204156129e-01	  -8.1771539846619792e-02	  -4.9151570191528035e-02	  -9.4423024820011539e-02	   2.6698124252221545e-01	   7.3605388423745893e-02	   1.3378465661219907e-01	  -3.4525535011112954e-02	  -1.4056194182782406e-01	  -3.7570103810252120e-01	   4.7421685339074024e-02	   2.4308342977697642e-02	   2.7616715925127051e-02	  -2.8688373543827733e-01	  -1.1152351846788744e-01	   4.3137315026743075e-02	   5.7576847417177009e-02	  -9.6697211876972222e-02	  -2.3181520942210798e-01	  -1.6058220268995274e-01	
   1.4484631468665304e-01	  -7.7918206350485214e-02	   0.0000000000000000e+00	   1.0591012520701892e+00	   1.8840651286033194e-01	   5.0898892735749726e-02	   1.0874416785542744e+00	   1.5563085551159883e-01	   2.3471895390824310e-01	   3.6023708034011731e-01	   8.7280361332695872e-02	   1.1823912980021059e-01	   5.3431904361901150e-01	  -5.1837067452952357e-02	   4.5241871074557743e-01	   4.7929489250655305e-01	   2.5527789601075285e-01	   1.4547661959396926e-01	   1.6538101719684167e-01	  -3.0683894972466062e-03	   2.2130691205896219e-01	   2.6489186481262456e-01	   9.5346447245312604e-01	   8.5107054371983892e-01	   3.9235957575501701e-01	   3.5682482413063876e-01	   2.7440683218320944e-01	   2.6098098743248399e-01	   5.1997264850516955e-01	   2.3562724657768708e-01	   5.4075313439017803e-01	   4.1160930771676996e-01	   5.0389245467990529e-01	   4.4182068100039823e-01	   4.5632848608104748e-01	   1.0915945668144333e-01	   4.7820129437046477e-01	   3.1437453145377126e-01	   2.3685135167979815e-01	   2.2645694016411250e-01	   4.3786128109316896e-01	   4.6971620109105050e-02	   3.6608923584261277e-01	   1.8858223005168726e-01	   3.0088320373359778e-01	   2.7963899193799513e-01	   3.2889496985838729e-01	   4.0273744041137027e-01	   8.8241802121386589e-02	   6.1224848054246002e-02	   3.3463509356558396e-01	   2.0834772396550660e-01	   4.5892322414620490e-01	   3.8366572879518757e-01	   3.8288683459360651e-01	   2.4839494916674931e-01	   6.2439987252171397e-02	  -6.1952268359836755e-02	   5.4033397256720739e-02	  -2.0637247673946887e-01	   2.0637958855657279e-01	   1.4341076181578388e-01	  -1.6234236786109002e-01	  -2.2504611211752096e-01	   5.1695207523136610e-01	   4.7561449979242720e-01	   5.7174498964810827e-01	   4.9964062202871018e-01	   8.7259962045141554e-02	   2.1223811490750116e-02	   4.5268144328885790e-01	   1.1596554386969721e-01	   7.6960912945499704e-01	   3.9315772198576265e-01	   6.9162206312372920e-01	   3.3532205128604065e-01	   3.3886628457200674e-01	   3.8987372508070889e-01	   3.8271646306027107e-01	   1.3050910137147514e-01	   4.8426288292562714e-01	   2.1398211018502417e-01	   5.2008076749058207e-01	   2.3654258571250569e-01	   6.0636372577133668e-01	   3.1165651550424389e-01	   2.1354990858448902e-01	   1.3195326394117365e-01	   4.2961558992610011e-01	   7.1500689185347785e-02	   4.3004555106136283e-01	   3.3509207019320419e-01	   4.9798637407338320e-01	   4.7106712559195474e-01	   2.7741598814026613e-01	   2.0659169185852852e-01	   2.2640267215746507e-01	   2.0365759016020543e-01	   1.5645499223218484e-01	   2.0493179190045804e-01	   2.8832696588939677e-01	   4.0660879853559850e-01	   4.2795492083489578e-01	   3.7446586929769288e-01	   3.6576228105782765e-01	   1.0347433645126554e-01	   2.1879320122837075e-02	   3.3062213263001006e-01	   2.3442095833201954e-01	   1.0317605427572543e-01	   1.9853939414573099e-01	   2.2234285122196945e-01	   2.2609439756796912e-01	   4.6829815781159856e-01	   3.8068168207017006e-01	   1.0076948833126254e-01	
   9.1489069582727775e-02	   3.1452581346378947e-02	   1.0591012520701892e+00	   0.0000000000000000e+00	   3.6554020191111279e-02	   5.2989786298382656e-02	   7.9463249338530106e-01	   3.5316379120664565e-01	   4.9700037762497991e-02	   2.4978319060144522e-01	  -2.6507026374804978e-02	   2.3026909234148779e-01	   3.6350184561363919e-01	  -5.2912554623967573e-02	   1.2120865432384825e-01	   3.6192407938846693e-01	   1.6848955396001686e-01	   1.7695811054971178e-01	   1.9106268961444051e-01	   1.1014712867564261e-01	   5.2167242433984029e-01	   4.3036212627971460e-01	   6.4977276209643908e-01	   8.4338864028248062e-01	   3.2781581829890649e-01	   6.3555188890427095e-01	   2.7116632131989049e-01	   1.9971137751335705e-01	   3.8282559015630230e-01	   3.6115616026423786e-01	   5.1350813231465620e-01	   4.8425573320143800e-01	   3.9273951971739579e-01	   4.6988392195584716e-01	   3.1810080911846050e-01	   2.0376795867939743e-01	   2.9226964236779462e-01	   2.7875989184495575e-01	   1.5024523299641099e-01	   2.3793877262025034e-01	   3.2078673161436505e-01	   1.2038776868192466e-01	   2.6294662001444630e-01	   1.7874563622060913e-01	   5.0337443748034512e-02	   1.5656929292444879e-01	   2.9281746706618322e-01	   2.9326218336466764e-01	  -7.4214558650503984e-02	  -7.2950230430617324e-02	   1.8592071524072198e-01	   3.6658524894936602e-02	   3.0995456729034138e-01	   2.8359702563610167e-01	   2.8379353869445173e-01	   2.6390272976906320e-01	   1.4901550769179438e-02	  -9.0300258998260802e-02	   2.0566706122086123e-01	  -4.7787968198997471e-02	   1.2048429123420908e-01	   1.8299310448798706e-01	  -9.8104558656598201e-02	  -2.3016131533264850e-01	   3.7513784870469807e-01	   4.0924358325573618e-01	   4.7864631403699265e-01	   4.6467209439582502e-01	   1.6723313719798000e-01	   1.3488709657281467e-01	   4.9446786332321702e-01	   2.3549890632199422e-01	   3.9897892333794727e-01	   5.0862894648987922e-01	   4.4542603398386665e-01	   4.1911765020973246e-01	   3.2524657808557689e-01	   3.1066246464256408e-01	   2.1256542485148874e-01	   2.5407575105151170e-01	   2.9067385378686378e-01	   2.0348217189500231e-01	   4.5834455017163239e-01	   2.9866564601698614e-01	   4.2353222312973415e-01	   4.9344408402591972e-01	   1.6200302137890987e-01	   3.1931015246134731e-01	   3.2723612487643378e-01	   1.9436993019237736e-01	   5.7882430457503364e-01	   3.1287717891367589e-01	   6.0290161498994288e-01	   4.1096601586062897e-01	   1.1747217488029875e-01	   1.9729567297689213e-01	   1.8842865353798591e-01	   2.5235645776313698e-01	   2.6008315909874680e-01	   2.2698482568042760e-01	   3.4504794052742799e-01	   3.8520058637683408e-01	   3.3075913475770718e-01	   4.3452100244694031e-01	   3.7353283392009806e-01	   2.1131542250904409e-01	  -8.6134812149014205e-03	   2.5951787635769391e-01	   1.1934905096611523e-01	   1.5051170737548253e-01	   2.6757767838014090e-01	   2.3216711682177457e-01	   2.0563270557999880e-01	   4.5390371572292132e-01	   4.0197858456036373e-01	   2.1383090672313476e-01	
   9.0285346062130498e-02	  -1.0555295951050056e-01	   1.8840651286033194e-01	   3.6554020191111279e-02	   0.0000000000000000e+00	   8.6580839158328315e-01	   6.2680974509772037e-03	  -2.1467950865646815e-01	   1.0106751458109171e+00	   1.1167498863654417e+00	  -1.6055169205420078e-01	  -2.0994967347786059e-01	  -1.1931106784655510e-01	  -2.3730039241466716e-01	   5.8121282832014787e-01	   5.5725608773062352e-01	   1.8228368761386643e-01	  -1.9212195160792100e-01	  -1.4552196107646803e-01	  -2.5014524885116074e-01	  -1.7269779335105928e-01	  -5.1554592698518323e-02	   1.9019801543197640e-01	   1.8082305843135438e-01	   5.1248285964457041e-01	   2.1565566704833120e-01	   5.8121426557812517e-01	   4.8511175685138963e-01	   9.8368776294792848e-02	  -2.0983709107712667e-01	   3.1317752966045262e-02	   3.0729901678973760e-03	  -4.4589264478947344e-02	  -1.5512247177431013e-01	   1.1134818561691245e-01	  -3.1736403505305467e-02	   2.5026262069407984e-01	  -1.5221879575512529e-01	   1.5697366624321971e-01	  -2.0044125723408293e-01	   3.3891351366049749e-01	  -3.0119681390495562e-01	   2.3461728069777976e-01	   2.1060626890195422e-01	   2.4869967304377860e-01	   2.6340853405037890e-01	   2.7897449729731238e-01	   3.2050747294505982e-01	   2.1205651314151874e-01	   2.7514089190703334e-01	   3.3532220146782243e-01	   2.6789908937366308e-01	   3.3125575367883131e-01	   3.1693292622712532e-01	   1.8118696212343025e-01	   4.7767629059865792e-02	   2.1121603258648969e-01	  -1.4713376874410877e-01	   1.0168900777121369e-01	  -1.0301016634335790e-01	   2.6263294740954568e-01	  -4.2552719830388129e-02	   3.1662809450788150e-02	  -3.8790993678192984e-02	   1.0400553493575249e-01	   1.9591631612321341e-02	   1.0579367653848817e-01	   1.1314282694338486e-01	  -5.5607089807572292e-02	  -9.6982078914155986e-02	  -9.6211100369106892e-02	  -5.5708229855043624e-02	   1.7193290434668163e-01	  -2.7245039820404371e-01	   1.7741902023595163e-01	  -6.4001121416967205e-02	  -6.8919724707949520e-02	   3.0870156948371297e-02	   1.8916202876685134e-01	  -1.8511144996632134e-01	   2.3390643446270670e-01	  -1.0042823948872054e-01	   1.5743568026975319e-01	  -5.3395917648134004e-03	   2.3619000672385854e-01	  -1.3804558736248244e-03	   2.1401789594101875e-01	  -2.6548564979816502e-01	   3.6786713096482593e-01	  -4.5250066991414775e-02	   4.6768023939587657e-02	   2.5524359403529928e-01	   3.8398047850163521e-02	   3.4749664418573173e-01	   1.2600482425494031e-01	   1.8530739904578913e-02	  -2.0963593651085775e-02	  -8.4194358566881913e-02	  -1.2044276163147881e-01	   1.0902413553841489e-01	   2.4675199811229198e-01	   3.5438604915855071e-01	   1.9654603952933281e-01	   1.3793170755002462e-01	  -4.6367046108933080e-02	   8.7572046502082723e-02	   3.8763785684217855e-01	   4.4898708314898383e-01	   9.3475406251572885e-02	   4.5199483916438798e-02	  -1.9485240693145067e-02	  -1.5995488593875354e-01	  -1.5241516324247320e-01	  -7.3945406317238338e-02	   1.3243371090825368e-01	   1.8530107886160915e-01	
   8.1664376075991613e-02	  -2.8031660159477688e-02	   5.0898892735749726e-02	   5.2989786298382656e-02	   8.6580839158328315e-01	   0.0000000000000000e+00	  -9.1774118493293103e-02	  -1.9540332135641664e-01	   6.9438392460879472e-01	   9.4837935965105868e-01	  -1.8711748122853605e-01	  -1.4401676855340112e-01	  -1.8936765925191437e-01	  -2.2036774973223999e-01	   3.7764160671469837e-01	   5.4898691191697224e-01	   1.0337657484047272e-01	  -2.4533050381599861e-01	  -1.2002108262116160e-01	  -1.0243139781958285e-01	  -6.2888485238482630e-02	   5.6798186334772929e-03	   6.8442996522087546e-02	   1.6288341650823959e-01	   5.0531400997104559e-01	   4.2316351180315331e-01	   6.2371655921743585e-01	   6.8628477955970046e-01	   4.3223094678897449e-02	  -2.4577101055713502e-01	  -4.8951066438757802e-02	  -2.8296312900775316e-04	  -1.7665583536410490e-01	  -2.1497611148358098e-01	  -1.0047773216876318e-01	  -8.5527475690055671e-02	   1.2800355117189399e-01	  -2.5589084213250235e-01	   1.4376758467085315e-01	  -2.7336777043976757e-01	   3.5918310069765358e-01	  -3.0248242125746710e-01	   1.2406720884496478e-01	   1.4664788467061010e-01	   9.9182067621300080e-02	   1.2341389377987826e-01	   2.6705843245580241e-01	   2.7362397667575322e-01	   1.0959044824529221e-01	   2.3443954148655136e-01	   2.8187433566843956e-01	   2.9152930427392298e-01	   2.4385587988363011e-01	   4.0385509482628867e-01	   1.8946024185579222e-01	   3.8713745950722023e-02	   1.5993746068847947e-01	  -1.3501095407895367e-01	   9.5141135889707018e-02	  -1.3133264655065284e-02	   9.0505470759021101e-02	  -1.4050936967185140e-01	   1.9326349881745385e-02	  -7.8904686051653322e-02	   1.0996684683332529e-03	  -1.1410369174873355e-01	  -7.0377916533666367e-03	  -2.8635206852203415e-02	   4.9137763053198100e-02	   7.8577334490786306e-03	  -1.1234948731572347e-01	  -6.4344404201448933e-03	   1.3395883398924102e-01	  -2.7607956884021301e-01	   1.7141808183626275e-01	   2.7365980213799743e-02	  -6.3110150159931377e-02	   2.6394214015557069e-02	   7.8674045822833064e-02	  -2.9678374181708422e-01	   1.8046423174353948e-01	  -1.5588642445391784e-01	   8.5578251869987576e-02	   3.4015169204943949e-02	   9.5863601269322390e-02	  -2.1687936724901033e-02	   1.3101099055383617e-01	  -1.8070241085300578e-01	   2.6230512318855559e-01	  -4.7944113620761390e-02	  -2.9373537642538776e-04	   1.5900435805014473e-01	  -1.7627040541231816e-02	   1.7569512788997252e-01	  -7.0626614538924437e-02	  -1.3973054542039151e-01	  -1.3516863367520085e-01	  -1.6567842774300068e-01	  -9.9756381597105356e-02	   7.9605807574965173e-02	   1.4435889981845751e-01	   2.2222772214132247e-01	  -3.5779698974885053e-02	   1.6262440499195999e-01	  -2.9336179134506146e-01	   6.8376960068110282e-02	   3.8653824656293645e-01	   2.9976944019951196e-01	   1.3442249823542498e-02	  -7.6173457388685500e-02	  -2.2662334459748960e-02	  -7.1230289903279689e-02	  -4.4281096267938538e-02	  -2.0640259996975460e-01	  -1.0336056133789472e-01	   2.3319565351748117e-01	
   2.9298261314773610e-01	   7.1039570386394718e-02	   1.0874416785542744e+00	   7.9463249338530106e-01	   6.2680974509772037e-03	  -9.1774118493293103e-02	   0.0000000000000000e+00	   5.0468279334224586e-01	   2.3034801877789623e-02	   9.8169153608541726e-02	   1.6096606718582776e-01	   2.6992314957130226e-01	   6.9617915607609981e-01	   1.2895316323910894e-01	   1.3090367101314446e-01	   3.5923155387444944e-01	   1.5981348404639265e-01	   1.7427810799447005e-01	   1.0078215045090466e-01	  -7.5420948896208720e-02	   3.9972187220911576e-01	   2.4936849135854547e-01	   4.2642071060485209e-01	   4.3075229977899959e-01	   1.0900688134605088e-01	   3.0529673436671101e-01	   1.7777640015396642e-01	   1.4054391013474787e-01	   4.2118510754461869e-01	   2.0295231541610512e-01	   4.5252253733249775e-01	   3.5173131038860550e-01	   4.1633475960572119e-01	   4.6736006155518045e-01	   2.6443723885965981e-01	  -8.5897879876419680e-03	   1.5562190895917585e-01	   3.8113396107800103e-02	   1.0906142605230004e-01	   3.9906566300104619e-02	   2.0200697882834651e-01	  -5.1808340366079154e-02	   1.4405482487957658e-01	   7.2601356783651358e-02	   2.8132068148480160e-01	   2.5360740588637076e-01	   1.0438352877158236e-01	   1.6882583466001810e-01	   1.1322875054116502e-01	   8.1118275678119953e-02	   2.3127858974654483e-01	   1.1186659381465869e-01	   3.0272870119082185e-01	   1.9950739591499800e-01	   1.5658404285024183e-01	   3.2959769148896138e-02	  -1.0381302053655459e-02	  -1.4027636346199118e-01	   6.9218447699748262e-04	  -1.8799489391218491e-01	   1.2887987211732307e-01	   1.9128472716293951e-01	  -1.7571605388155662e-01	  -2.2161386386265627e-01	   3.4523320154192766e-01	   3.7375219697903561e-01	   3.1470919282046794e-01	   2.1101444757373569e-01	  -1.7258303126721153e-01	  -2.0311288254989218e-01	   5.4447186907828726e-01	   2.8546021990761772e-01	   5.4957598118828899e-01	   3.1856328525832611e-01	   4.0122086803567536e-01	   1.9820549880938051e-01	   1.1355701266704560e-01	   1.3546926643834131e-01	   1.4050326261301840e-01	   8.5394791523887181e-02	   2.9979634017232271e-01	   1.6952263778633317e-01	   3.0410839769760228e-01	   7.8757266177258631e-02	   4.4981249436913567e-01	   3.1602048571815627e-01	   5.9894895308631922e-02	   1.3171412409772693e-01	   2.7328882814109845e-01	   8.4343676560317618e-02	   2.9488975632286291e-01	   2.9023965291068904e-01	   4.6539339462750318e-01	   3.4503500507772589e-01	   5.9507219505491919e-02	  -8.5741934955550127e-03	   5.1891275232270329e-02	   1.5660884475367880e-02	   4.9002511236917998e-02	   1.3405103977094582e-01	   1.4272379198419616e-01	   2.1158795288575544e-01	   1.5854273871839644e-01	   2.0228381119399205e-01	   2.2710291865749094e-01	   2.2440994577324031e-02	  -3.7211455512947689e-02	   1.9250818677626708e-01	   1.7601014296167602e-02	  -5.2158527735388316e-02	  -2.2297983681704703e-02	   5.9806448032744298e-02	   5.3930943574780017e-02	   2.3000666901730588e-01	   1.3189924434202363e-01	   2.6713862834445031e-03	
  -1.4561369271948930e-02	   1.3525447109910393e-01	   1.5563085551159883e-01	   3.5316379120664565e-01	  -2.1467950865646815e-01	  -1.9540332135641664e-01	   5.0468279334224586e-01	   0.0000000000000000e+00	  -1.9372915129557058e-01	  -2.8134211824095362e-01	  -1.2263984108218931e-01	   2.8711463680464339e-01	   2.1698929304593012e-01	   7.7533752309661641e-01	  -5.2453555167125021e-01	  -2.2229426667671623e-01	  -9.1185410818802076e-02	   2.9664327957366859e-01	  -8.9397770433414986e-02	  -1.5952673310670493e-01	   5.3922679305863175e-01	   9.6674067786526485e-02	  -2.6356767120342250e-01	  -2.5438108605857213e-01	  -2.9680478362974660e-01	  -3.5819273979221439e-02	  -1.8074417420159417e-01	  -1.6638645722448461e-01	  -2.1204279364208406e-01	   2.2213216312686018e-01	   2.9533659293738534e-01	   3.1544669175923074e-01	   9.2608250050727176e-02	   4.1624983487022094e-01	  -1.1557712845193058e-01	  -1.0288229675326782e-01	  -4.1280043130763561e-01	  -3.0252943539827071e-01	  -2.3398567203575424e-01	  -2.6327575023149441e-01	  -3.9962629239801023e-01	  -3.8685687622081594e-01	  -3.2251876359236642e-01	  -1.9821573226572878e-01	  -1.6036155647244282e-01	  -9.5725510461250912e-02	  -3.4181927179984484e-01	  -3.3108348321163511e-01	  -1.5808396254244911e-01	  -1.4302126657298647e-01	  -2.3101395048298218e-01	  -2.0078489695822568e-01	  -2.5613772550513664e-01	  -3.2969558047122172e-01	  -3.5774994527266479e-01	  -3.1810491250442957e-01	  -1.6857653817432361e-01	  -2.2471488820688973e-01	  -6.0130362812044306e-02	  -1.0352080515366642e-01	  -8.3766467143215409e-02	   3.5671951538528546e-01	  -1.0890750556620563e-01	  -8.4742729346058601e-02	  -1.0860186407865131e-01	   2.1613421854664988e-01	  -1.3129987203979654e-01	  -1.2555956327774725e-01	  -2.8256445502892080e-01	  -3.2660831754427933e-01	   3.6131842848151302e-01	   6.2717383162411511e-01	  -2.0788637720215108e-01	   2.6656593530425293e-01	  -2.5986104039402680e-01	   6.1070104313353944e-04	  -1.3369312146328782e-01	  -1.7712472536325222e-01	  -2.5173068849055125e-01	   3.5373392396564851e-01	  -2.0287680398109387e-01	   2.4645980890941810e-01	  -2.2259047560008816e-01	  -1.8484685664824915e-01	  -2.0952930874814815e-01	   2.0416784048699252e-01	  -3.7067458174716550e-01	   7.4764574336823750e-02	  -2.7147890663291391e-01	   1.2288089982649759e-01	   2.3999223096675870e-01	   3.3985902808134495e-02	   3.7408808258107074e-01	   5.6484191505254043e-02	  -2.5849719431526530e-01	  -1.9240406524476619e-01	  -1.7027046555480987e-01	  -1.6932791888958343e-01	  -4.6956523068570261e-02	  -1.1562762759394607e-02	  -1.2537611905564600e-01	  -1.8583232834926594e-01	  -1.2214523528313534e-01	  -7.3852441016808115e-02	   5.1301126891765768e-02	  -4.8250812305958166e-02	  -8.4445201232254935e-02	   3.1556775367122161e-02	  -2.7180052326370707e-01	  -5.9119242077291079e-02	  -1.3385706858797777e-01	  -1.2304515829614816e-01	  -7.6325271967203762e-02	  -1.2878975681209373e-01	  -2.2864728678013829e-01	  -2.2989180591896394e-01	
   1.0797875775803567e-01	  -6.4228744285968670e-02	   2.3471895390824310e-01	   4.9700037762497991e-02	   1.0106751458109171e+00	   6.9438392460879472e-01	   2.3034801877789623e-02	  -1.9372915129557058e-01	   0.0000000000000000e+00	   1.2173106803592919e+00	  -5.1651300842511016e-02	  -2.8050124025116296e-01	  -5.4137679566650526e-02	  -1.1369590000645553e-01	   8.6473715781446869e-01	   5.1839468924968413e-01	   3.0110463243481134e-01	  -8.7291280527456674e-02	  -1.0613126035736346e-01	  -1.5725806079010143e-01	  -2.1399851884096791e-01	  -5.8907755520934427e-02	   1.7791519430353231e-01	   1.6615178739699191e-01	   3.6894974847987988e-01	   1.0008665626374241e-01	   3.3983471671129245e-01	   4.6624147864680510e-01	   1.1339137792095555e-01	  -1.5651809524559512e-01	   8.3035490992671657e-02	   3.3290211988350228e-02	   3.2995337358738834e-03	  -9.0484483340435948e-02	   4.5724416321385603e-02	  -3.7130088752933298e-02	   2.3331506334451380e-01	  -5.1674432157605810e-02	   7.5307348841263333e-02	  -1.5233005468885721e-01	   3.3456670591396587e-01	  -2.4222743559848134e-01	   2.0046755236986161e-01	   1.8053816718684315e-01	   2.0065496964620264e-01	   1.9365328682810784e-01	   1.8736002319473938e-01	   2.6564448843252769e-01	   8.2370480550043534e-02	   1.9925242015238409e-01	   2.9785185909026562e-01	   2.8320394365337742e-01	   1.8769280996915735e-01	   2.4665694876391275e-01	   2.0733295955155065e-01	  -2.6453984550316244e-02	   2.0381978878387572e-01	   4.5370390700321027e-02	   3.5538588106925818e-02	  -9.6760330195708205e-02	   2.2328643120363253e-01	   1.0568983608075132e-02	   7.5500305081698388e-02	   4.6873473257339751e-03	   2.6475186088775110e-01	   1.7255078132848337e-01	   2.1976595795866655e-01	   2.4249185990491018e-01	   8.5002637703119888e-02	   7.0140404580742111e-02	  -5.4907192276846348e-03	  -2.6971085561867895e-02	   2.3202541590895953e-01	  -1.4985319851770221e-01	   2.0175197043368640e-01	   2.4887106887924282e-02	   5.1592875743555068e-02	   1.7455323809641055e-01	   2.7643111011032673e-01	  -1.7085171430692672e-01	   3.2310735666284685e-01	  -4.6925025327452644e-02	   1.4737244171493688e-01	   1.3373040703643371e-01	   3.4832306055197543e-01	   2.2666140269986548e-02	   1.9587086818239705e-01	  -2.6229299331144240e-01	   3.1559391827477351e-01	  -1.2531057625309419e-01	  -6.1277441559323992e-02	   1.3408687360163046e-01	  -8.4026598384334364e-02	   3.0038770538345810e-01	   6.6057287279952429e-02	   3.3745694868341933e-02	  -1.4727873868684974e-02	  -6.3941143231607961e-02	  -1.2590534558138086e-01	   4.4550103364870822e-02	   1.9790660580845720e-01	   2.8200144019151768e-01	   2.0742500642262945e-01	   8.8150148601002842e-02	  -5.6319113073230981e-02	  -1.7080786980743338e-02	   2.6567895069790598e-01	   2.9739164680142371e-01	   1.4618404393539727e-01	   5.7498399361691759e-02	   1.0549060985766862e-01	  -2.6584532447932716e-02	  -1.3160706018707696e-01	  -5.3406721265996403e-02	   1.5421920139983525e-01	   6.8978543186858837e-02	
   1.0572716150844119e-01	  -3.8146953982071255e-02	   3.6023708034011731e-01	   2.4978319060144522e-01	   1.1167498863654417e+00	   9.4837935965105868e-01	   9.8169153608541726e-02	  -2.8134211824095362e-01	   1.2173106803592919e+00	   0.0000000000000000e+00	  -1.2945170867875916e-01	  -1.3168596783329556e-01	  -6.4318120946477028e-02	  -3.0564350014639502e-01	   6.5395515612513289e-01	   6.6129879950606263e-01	   2.9030138007458101e-01	  -4.3391446256923788e-02	  -8.4954823028937240e-02	  -1.0832187913654877e-01	  -1.1724814225246806e-01	   5.9299151973065088e-02	   3.1760357664346561e-01	   4.0533521970296493e-01	   5.6278767935124507e-01	   3.8680795172280791e-01	   5.5977770546167316e-01	   6.3593919632908424e-01	   2.4367376588648010e-01	  -3.2044189208062512e-03	   8.4449481987798891e-02	   7.2676724906083623e-02	   7.2302201607845298e-02	  -6.1212744160439723e-02	   9.9729033567855646e-02	   7.0159823120538686e-02	   3.9056019998396124e-01	   9.3404125975517019e-02	   2.2247892043586553e-01	  -2.4484773915785518e-03	   5.0025345970984836e-01	  -8.4757195566603258e-02	   2.9291799102663774e-01	   2.8350580847975321e-01	   2.1955374921959819e-01	   2.7436958595527106e-01	   3.8561247042599411e-01	   4.3058056737124922e-01	   1.5980967689795925e-01	   2.9879459247891138e-01	   4.3776679358299098e-01	   3.5793449563223267e-01	   3.8525812464534931e-01	   4.5440401208661052e-01	   3.7463616460720434e-01	   1.6816390862885278e-01	   1.8881199812568861e-01	  -2.1997991855648776e-02	   1.4508740131716857e-01	  -6.6599356950765741e-03	   1.9961387957677917e-01	  -1.0644270267929011e-01	  -1.4598804066442648e-02	  -9.4600523076854778e-02	   1.5569003787980312e-01	   4.3708037748557117e-02	   2.1998645020870311e-01	   2.4918547130554466e-01	   1.2052191140419247e-01	   1.0919628251299958e-01	   4.1871843750192284e-03	  -6.5315439114206397e-02	   3.0715446300923166e-01	  -4.7523728534459839e-02	   3.0056524530152118e-01	   1.6960492873115568e-01	   1.1163315841907560e-01	   1.9996843768829281e-01	   3.0327366623749130e-01	  -1.1756597301647502e-01	   3.0887960338185588e-01	  -8.3457815189221213e-02	   2.3476297568099172e-01	   1.6346401071091352e-01	   3.0937472139510724e-01	   1.1989592544703098e-01	   2.2584912191541190e-01	  -1.1086563453975132e-01	   4.1536719782244236e-01	   4.7621936693577525e-02	   7.3385786657364421e-02	   2.0494632263843146e-01	   1.0992604401378211e-01	   4.3543198663226246e-01	   1.5247405807271358e-01	   8.6538064164184331e-02	   4.6364318696594714e-02	   3.6735878077665905e-03	   3.4392590573631580e-02	   9.4709296643100571e-02	   3.1747281194078142e-01	   4.3597263446370238e-01	   3.1839984626680679e-01	   2.6039974642117775e-01	   5.9212921502824901e-02	   1.1009543134151360e-01	   3.4409739452389693e-01	   3.8322019582738359e-01	   1.8959364052324965e-01	   1.0212442735305974e-01	   1.0793310014201940e-01	   4.2359546980143832e-02	   1.7980302151801218e-02	   5.0138393771371560e-02	   2.1322374103076602e-01	   3.1631303629490420e-01	
   6.0275426855428771e-01	   5.2095512425876600e-01	   8.7280361332695872e-02	  -2.6507026374804978e-02	  -1.6055169205420078e-01	  -1.8711748122853605e-01	   1.6096606718582776e-01	  -1.2263984108218931e-01	  -5.1651300842511016e-02	  -1.2945170867875916e-01	   0.0000000000000000e+00	   4.4988628591540009e-01	   5.1532045658011794e-01	  -7.5249400864514562e-03	   2.0978398603005199e-01	  -8.7632623661716043e-03	   8.6447309580017295e-01	   3.0352472084904597e-01	   4.3929410524307072e-01	   5.3420213539898398e-01	   1.5700393540647842e-01	   6.3524811951392479e-02	   7.4430030466319325e-02	   6.4362856847626437e-02	   8.1698738431056264e-03	   1.3247721315432570e-01	  -3.6086878407448693e-03	  -1.9637516624205489e-04	   6.7261936539603784e-01	   8.4172371542483027e-02	  -1.5163888238814766e-01	  -2.8687759994832285e-01	   2.3655629775156123e-01	   2.5252481514826275e-01	   4.0930105676757186e-02	   6.3778717895104142e-02	   2.8226226036128266e-01	   1.6050544532278593e-01	   1.9403949391739639e-01	   2.6914986473489666e-01	   3.7216864688188822e-01	   4.8451870604853653e-01	   1.9019984754197156e-01	   5.2981972487057105e-02	   1.3423432596843718e-01	  -3.1569953686923571e-02	   5.8123104919198601e-02	   1.1667910735327175e-01	   5.9916489933258328e-02	   3.3678426199360151e-02	   1.9398887966743525e-01	   3.5288550655816917e-02	   1.8455899830314720e-01	   2.5421582528963782e-01	   2.5202768999616010e-01	   1.9094357793035455e-01	   3.2160896218445234e-01	   2.3728003595389158e-01	   9.3847000407372858e-02	   1.4890374374186244e-01	   3.1189105319834703e-01	   2.1561504599473336e-01	   5.9947325193433221e-01	   6.7025051853823470e-01	   4.4194313442839739e-01	   1.1763091124477568e-01	   1.3894668482379693e-01	  -1.5119435391492873e-02	   2.4963342153329970e-01	   2.9213977839046201e-01	   8.5088919397300122e-02	  -3.7355203437410660e-02	   4.8617564174151923e-01	   2.1674664596219551e-01	   5.1279401282780235e-01	   3.2933751996149840e-01	   2.2366742019362856e-01	   3.9475383825751137e-01	   6.9092892975047537e-01	   2.0358165268956049e-01	   8.4086710681633781e-01	   4.1409411500932469e-01	   4.1170478523918186e-01	   1.6575463124855197e-01	   6.5375743473950754e-01	   2.2193979572697931e-01	   1.7492040899466405e-01	   1.1161611683195341e-01	   3.8817684432452226e-01	   1.8081125325215147e-01	  -1.2324333392869224e-01	  -9.8099258415587837e-02	  -4.3321761721945670e-02	  -1.1872195427379673e-01	   2.6140385295345947e-01	   1.2431808255824150e-01	   1.7886850509020752e-01	   1.4130354052531646e-01	  -1.2491833289955487e-01	   6.3195299018324630e-02	   2.1771062888520007e-01	   3.9653059463571068e-02	   5.3539053466370286e-02	   4.8082093195914596e-02	  -5.8390653768202135e-02	  -3.8647870905106152e-01	  -8.3613056351761028e-02	   6.4674801110535377e-02	   2.2185678288031058e-01	   6.1945522314866219e-02	   5.6423541114666236e-02	  -6.3743135897288000e-02	  -1.2848177421374568e-01	  -4.1649728839522906e-02	  -3.2269280053676880e-02	  -1.5101763725756520e-01	
  -2.8786440824848106e-02	   4.3848742756904907e-01	   1.1823912980021059e-01	   2.3026909234148779e-01	  -2.0994967347786059e-01	  -1.4401676855340112e-01	   2.6992314957130226e-01	   2.8711463680464339e-01	  -2.8050124025116296e-01	  -1.3168596783329556e-01	   4.4988628591540009e-01	   0.0000000000000000e+00	   1.2544715947774510e-01	   4.4693964937299163e-01	  -3.5529244664306592e-01	  -2.2619702131893904e-02	   2.1095313085408784e-01	   7.7480949153229395e-01	   3.2767171300011992e-02	   2.7005322578460489e-01	   3.7678327528353123e-01	   2.3007027656113083e-01	  -3.9420928001163681e-02	   3.0729192711776796e-02	  -2.5347134895261392e-01	   1.7426300148167373e-01	   9.7115737764581156e-02	  -9.1224668285808955e-02	   4.4101826095930902e-01	   7.5499409515621441e-01	  -8.0617453752471008e-02	  -6.5538161267978762e-02	   2.0680715745227993e-01	   4.7479645907568946e-01	  -5.1024258239818709e-02	   2.0775579376844880e-01	   1.0181358469509688e-01	   1.4087897998376139e-01	   1.5836101836832109e-01	   2.2164137239757425e-01	   1.2924278204715725e-01	   3.8675915158525603e-01	  -8.6948791823161911e-02	  -1.1963049687600442e-01	  -9.3493936083495668e-02	  -2.1618222166854334e-01	  -5.4939406714978704e-02	  -6.6568835574403393e-02	  -5.3642823762351952e-02	  -1.4726422428996341e-01	  -1.1770228978220967e-01	  -2.5670692134308309e-01	  -1.3753605176577867e-02	  -9.0727650712582847e-02	   6.9077661217036186e-03	  -6.3075343916450421e-02	  -2.7590202080543963e-01	   4.7098874308758656e-02	  -1.8574381468053086e-01	   3.1095089469217940e-03	  -2.9614757148704757e-01	  -1.3218957599665759e-01	  -3.5031058581967291e-02	   1.7791503417842477e-01	  -1.1731113749524547e-01	  -1.1547923754591201e-01	  -1.6337381576731788e-01	  -2.1132477688216958e-01	  -9.8912017471219860e-02	   1.2754118994209887e-01	   2.6535630313407721e-01	   3.3707020921304648e-01	   1.9448515249354936e-01	   6.0437597869733883e-01	   1.6490156054686053e-01	   3.7596799343118825e-01	   7.9431151649476006e-02	   3.6565836991932466e-01	   1.2721624494759592e-01	   6.7654913226231861e-01	   8.3362541100439891e-02	   4.4883315906970078e-01	   1.7561586897565470e-01	   5.3929641694690444e-02	  -4.7846394949131593e-02	   5.7873939976394270e-02	  -1.2244598631501012e-01	   3.0372863798465083e-01	   1.5539624451698300e-01	   1.9922329832499550e-01	   5.4831675111414180e-02	   1.1090502464719224e-02	   4.7922211488068306e-01	   2.7015507479760392e-01	   3.5375970902677426e-02	   7.2387031443149286e-02	  -7.0163731736234580e-02	  -8.5980705613881783e-02	   6.2701438461304757e-02	  -7.8793921870860179e-02	   9.6292120042634599e-02	   1.2928656405782579e-01	   7.6249971681893264e-02	  -5.5651936985585036e-02	   1.0580683751346592e-01	  -1.0052954346533272e-01	  -5.7354387857418268e-02	  -1.0334734545596608e-01	  -4.4192477903744920e-02	  -2.9645399084100146e-02	  -1.2267859263229762e-01	  -6.3236753161593370e-02	   1.5096066888187329e-01	  -1.2831736388073617e-03	  -1.7233230018478590e-01	   7.8837246098843947e-02	
   3.3994744655083386e-01	   1.1514463985843859e-01	   5.3431904361901150e-01	   3.6350184561363919e-01	  -1.1931106784655510e-01	  -1.8936765925191437e-01	   6.9617915607609981e-01	   2.1698929304593012e-01	  -5.4137679566650526e-02	  -6.4318120946477028e-02	   5.1532045658011794e-01	   1.2544715947774510e-01	   0.0000000000000000e+00	   1.2997199718984670e-01	   2.2235195300958832e-01	   1.3312941312677792e-01	   3.8964309498619892e-01	   2.4699476139417209e-01	   1.1272820710923930e-01	  -3.8606004843877259e-02	   4.9919545074889682e-01	   4.6665807809132465e-01	   5.5238075537445896e-01	   4.5242632687171680e-01	   1.0560179663980614e-01	   3.3323626193877398e-01	   1.6042505142787417e-01	   3.4366951198123316e-02	   5.8437382778717750e-01	   2.3616046487734293e-01	   6.1775968872640896e-01	   4.4993969424294394e-01	   1.4479308011216940e-01	   1.5387852464314727e-01	   2.0195857399215694e-01	  -1.9148913920521603e-02	   1.5940956658669811e-01	   1.3317150589276311e-01	   1.1156505108300301e-01	   1.3980404294678095e-02	   1.5579610420872872e-01	   1.6930133141765899e-01	   1.6776637269581840e-01	   4.9945939369747068e-02	   4.8242249407666624e-02	   1.0076740633889027e-03	   6.7135063656216853e-02	   1.4019701687895877e-01	  -8.3550286247279781e-02	  -3.0493092997375095e-02	   3.3979877698883382e-01	   6.2453998684199138e-02	   3.3184905273330473e-01	   2.0849370021723496e-01	   1.3773908080496727e-01	   4.0455708800137824e-02	   1.4949975941698615e-01	   2.5784797539070425e-02	  -1.4337963341498139e-01	  -2.2482089566949198e-01	   1.1539066192692689e-01	   4.2134950990459975e-02	   4.1025177734962531e-02	   7.1682834925285849e-02	   4.9357168892422632e-01	   1.5078892540830388e-01	   2.3150417209322843e-01	   4.1725881548287908e-02	  -5.1931976913208430e-02	  -1.2073205228504054e-01	   4.9842721636935727e-01	   2.2956686480113583e-01	   6.0261718774728512e-01	   2.8961134224976604e-01	   3.8727232714359461e-01	   1.4885859230817289e-01	   3.5400872806472489e-01	   2.1548327476079693e-01	   3.8249673434087500e-01	   6.2216718777122391e-02	   6.4061165642989082e-01	   2.5392772523642831e-01	   6.2195554766771566e-01	   4.4020128520816670e-01	   5.8537163741757048e-01	   2.4937767556222429e-01	   1.2666097113814795e-01	   2.7624564276303881e-01	   1.5478979202463347e-01	   6.1144415650838189e-02	   1.6474526451367533e-02	  -1.8827153832949264e-02	   1.4015060052894857e-01	   5.8831195683045290e-02	   1.1462198699434804e-01	  -1.2020970619975883e-01	   4.0215526722139974e-02	  -9.1098908410403107e-02	  -1.2292271032966599e-01	  -1.0674896474582845e-02	   1.3126383312766046e-01	   6.2061090087779575e-02	   1.2842599549841546e-01	   7.2423967655696531e-02	  -2.1971015116058680e-02	  -1.6878501971334853e-01	   2.2795943626761898e-02	   2.2725839203903131e-01	   5.3461628287537782e-02	  -1.0801800903285291e-01	   2.4650006482008970e-02	   2.0238137817010272e-02	   7.8075359711715807e-03	   2.3730993623820232e-01	   1.0604003413604463e-01	  -2.4982731085859983e-01	
