   0.0000000000000000e+00	   1.0814933905068700e+00	   7.4108275494730802e-01	   7.1140370385862628e-01	   2.9402974327184894e-01	   4.0655783154199854e-01	   5.8662661010345196e-01	   8.3810278743399347e-01	   3.9720887798107424e-01	   5.1407217599634936e-01	   8.0615946217417722e-01	   8.2478697995039885e-01	   8.0430357479662529e-01	   9.6158198933453720e-01	   8.0115157453108399e-01	   9.9093124703893087e-01	   7.7711173861680727e-01	   8.0005539294061234e-01	   8.1950773353145245e-01	   9.1039324757289442e-01	   4.7962955801526819e-01	   4.1762512808350899e-01	   6.8093331616910002e-01	   6.5064954497267546e-01	   5.0720152536036700e-01	   3.1302453919157275e-01	   4.1809236762417834e-01	   4.0195959824961375e-01	   5.9600089555928526e-01	   7.0459252088355651e-01	   3.8207947919444024e-01	   3.2625579066183413e-01	   9.0468786653445521e-01	   7.9780600790274081e-01	   3.5864966566150025e-01	   4.4777231928872674e-01	   5.5742310862833344e-01	   3.4300313628060203e-01	   6.4161027566286077e-01	   5.0633296392009441e-01	   6.0778987062553802e-01	   6.7829722001849480e-01	   4.5489346019558941e-01	   4.2153367932580016e-01	   4.6696917225740847e-01	   4.9925984347977864e-01	   5.9745643218636157e-01	   4.7965961574205085e-01	   4.7990523032871635e-01	   4.6427973164862280e-01	   6.6076197593808039e-01	   4.3721193254629853e-01	   6.2357417283177830e-01	   6.7882860593888739e-01	   6.7734796618217541e-01	   5.9198714384005913e-01	   1.1200761764890050e+00	   9.8240188631186420e-01	   8.3580514557333774e-01	   4.7312908002798237e-01	   8.3210966955970966e-01	   6.2616363760046057e-01	   6.8352138690035635e-01	   6.4628466804964668e-01	   2.4388318843940884e-01	   5.2754673413549824e-01	   6.3188243835038571e-01	   5.3747368112443372e-01	   8.7258404870668005e-01	   9.5042824174609108e-01	   1.7580419291326105e-01	   1.8271928180940447e-01	   1.0381437294068487e+00	   9.4899847303037888e-01	   8.1892103152518636e-01	   9.0204541773777169e-01	   6.7657734676123538e-01	   5.3547530400001597e-01	   7.5893026246243933e-01	   7.9819678828367668e-01	   8.3663193869515184e-01	   1.1489073058418826e+00	   8.6763369853334971e-01	   8.1735806251906662e-01	   1.0419695478239599e+00	   1.1936353500453942e+00	   6.4851644161989808e-01	   6.9814427906118759e-01	   1.0749165544014383e+00	   1.0088773564041997e+00	   1.0210031829095647e+00	   1.0876822599962190e+00	   8.5175170909455544e-01	   8.7090270310577589e-01	   2.9285895558367964e-01	   2.2348711842413338e-01	   7.9738566134082933e-01	   4.6477807992715281e-01	   8.8999977620794857e-01	   9.2114233681727686e-01	   6.7233969584165787e-01	   5.1299614582276543e-01	   6.5375983187102915e-01	   7.1460771661913947e-01	   4.6370957495172987e-01	   4.8000276212086013e-01	   1.8869859281281914e-01	  -7.9167438777494898e-03	  -9.1112572583355686e-02	   4.8191697650693900e-02	   7.2108079752073029e-01	   8.4141895761738816e-01	   6.0542165701505124e-01	   5.3603998053817170e-01	   4.5233483625641285e-01	   3.9199639485525051e-01	
   1.0814933905068700e+00	   0.0000000000000000e+00	   4.4922843009668767e-01	   7.7133360305891197e-01	   2.7340823821245941e-01	   4.1893149831059229e-01	   2.8686710170576357e-01	   8.6222754554577419e-01	   3.2460648339845155e-01	   4.5646818401727124e-01	   5.7256497655265526e-01	   9.1996189784484161e-01	   5.3270436062417992e-01	   1.0537320659091338e+00	   6.2565230601220656e-01	   9.0327102905699252e-01	   7.5010812592953013e-01	   7.8793955364811052e-01	   1.0417787402481158e+00	   1.2881936436160373e+00	   4.1570671565476824e-01	   4.1157595369214223e-01	   5.8211008437792211e-01	   7.6533736721532741e-01	   5.3281258650763619e-01	   3.8093726111478626e-01	   4.3417798971739446e-01	   4.4179776292923634e-01	   5.3081305435917536e-01	   7.0711388356054661e-01	   3.5954501665243122e-01	   3.0395452739996615e-01	   9.8524257647261704e-01	   7.8056778302850971e-01	   1.9486677963707014e-01	   4.1384744765463927e-01	   5.3674901666249542e-01	   3.1148071934694616e-01	   6.8730795611476514e-01	   4.5926766767811744e-01	   5.5575768060418784e-01	   5.3780004412897731e-01	   6.6277288328251360e-01	   5.9705618961127715e-01	   6.3242129677306280e-01	   6.8217261375366989e-01	   7.4630455984949418e-01	   5.9282444247144250e-01	   6.7844360369673151e-01	   6.4882960181391269e-01	   7.6311453113032668e-01	   5.1345054496130027e-01	   7.5184680331597242e-01	   7.4328762023065287e-01	   7.5933271496156840e-01	   5.7874967279485212e-01	   9.8950795875087461e-01	   1.3402855317845068e+00	   6.8254665133826975e-01	   5.0344779204763412e-01	   4.3762533372717366e-01	   4.8072103043892267e-01	   5.6271034923620522e-01	   7.6651096445939348e-01	  -3.8651848069556578e-02	   3.1252852633190320e-01	   6.8581355995731874e-01	   6.6591145587217671e-01	   8.7129152484499550e-01	   9.8375556541305187e-01	  -4.9237930950603276e-02	  -5.8309111543129663e-03	   7.6405949760154002e-01	   8.2858361421247417e-01	   5.3492167438301230e-01	   6.7930448309889835e-01	   3.7900228956173948e-01	   4.3774493470222026e-01	   6.8095282328996243e-01	   5.6318702192157255e-01	   8.9523759512591150e-01	   9.3700003909632901e-01	   8.1813527094208105e-01	   7.3550462879240608e-01	   8.1556771223168167e-01	   1.0730695252361886e+00	   7.9939437768706945e-01	   8.6161745268205037e-01	   8.9894588593687952e-01	   9.5372983038054304e-01	   1.0420166255069492e+00	   7.9654117887979137e-01	   8.2036967198679134e-01	   4.6672577477644361e-01	   1.5040384274020033e-01	   3.8811397631680088e-02	   7.1876952201941613e-01	   4.2014969512028355e-01	   9.8003402828975950e-01	   7.6824462940217109e-01	   6.1263297898836122e-01	   1.3453204210837527e-01	   6.6017815246021661e-01	   4.2257308027489293e-01	   4.4404938477525346e-01	   3.2186229279315898e-01	   3.0079063848788201e-01	  -1.4176339923953055e-01	  -1.2724141101159667e-01	   2.2412429309014912e-02	   6.9612783063632000e-01	   7.7246708552446175e-01	   4.7241256540036441e-01	   4.1518564925288115e-01	   3.5218242455043025e-01	   3.5038188063274189e-01	
   7.4108275494730802e-01	   4.4922843009668767e-01	   0.0000000000000000e+00	   9.0811170463113822e-01	   5.3352764367654215e-01	   5.0600973799637794e-01	   1.5030986023456241e+00	   9.8932390174023122e-01	   6.0348991976177535e-01	   4.9623590682580465e-01	   6.3925323030214831e-01	   6.1048470599439875e-01	   9.1255671661666049e-01	   7.0236193737646491e-01	   8.5178777795593064e-01	   6.9919969507733237e-01	   3.1507310899050900e-01	   2.7781320891247546e-01	   2.9921096250066470e-01	   3.6254225443478194e-01	   6.8572402739300387e-01	   6.6048026936945170e-01	   1.3470177266870007e+00	   8.4503127451788196e-01	   6.3608915884076489e-01	   6.6507719277200861e-01	   4.7938100851782939e-01	   4.9513613127924216e-01	   5.3115150848492854e-01	   5.3124702682559488e-01	   8.8612763567491248e-01	   7.9381402203806140e-01	   6.6769795162044554e-01	   6.9414987990750887e-01	   6.3480047266362227e-01	   5.7261145011064829e-01	   3.0417877958008799e-01	   6.5229240194334862e-02	   4.4172738361214597e-01	   3.1147087751614533e-01	   4.2474012843049669e-01	   4.8449218609899841e-01	   3.9748468886997262e-01	   4.4497043782197354e-01	   3.8630071155315188e-01	   5.5987871482438545e-01	   5.7831323969869008e-01	   5.4614759964289705e-01	   4.8434426801156494e-01	   6.1282483141334454e-01	   6.9601145748233773e-01	   5.6350972049604198e-01	   5.3045488427559484e-01	   6.0078174471129819e-01	   6.1530928917844108e-01	   5.7683012448906834e-01	   3.7754638008948005e-01	   4.4337784947839720e-01	   5.2743655503170872e-01	   4.7889729749223314e-01	   6.5551415082937614e-01	   7.3975875358135668e-01	   3.6436657067199435e-01	   4.7779061117170640e-01	   5.1758468948946335e-01	   6.1758922392179405e-01	   5.6116575085745379e-01	   4.9571371066785697e-01	   2.0195157356022772e-01	   3.7551808055102787e-01	   7.9869423339959600e-01	   5.5201787085553544e-01	   9.6834029509398334e-01	   8.4156334890282414e-01	   9.3910197320729638e-01	   1.0573928769967660e+00	   5.4027607418751211e-01	   2.4972646607935728e-01	   3.9220934879586211e-01	   3.7736004494208086e-01	   3.8472818185976321e-01	   6.1537873101243346e-01	   8.1305339125579446e-01	   5.4472986166844750e-01	   9.6561322350158463e-01	   7.5298738296471823e-01	   6.0398571083548536e-01	   6.0587083162673239e-01	   7.9626589135348202e-01	   6.4809441245737531e-01	   8.4720968257282725e-01	   8.2465708291397688e-01	   8.3163987151900232e-01	   1.1566875818531162e+00	  -4.1811270378372706e-02	  -3.1336246956809061e-02	   7.0145544871980836e-01	   4.6233959855979961e-01	   6.7333995755332199e-01	   7.6380194004182522e-01	   8.1129340788630577e-01	   9.8775658562498325e-01	   5.6984647904443320e-01	   7.7262649950034457e-01	   4.5892779190681909e-01	   6.3112989315049717e-01	   1.9313920131302301e-01	   6.6377640241416014e-02	  -3.4105135881454729e-01	  -1.6800099517205483e-01	   6.1319458670351934e-01	   6.7003025798667981e-01	   5.9386480667029473e-01	   5.2932755691748845e-01	   4.4201723673914917e-01	   1.6728433600432599e-01	
   7.1140370385862628e-01	   7.7133360305891197e-01	   9.0811170463113822e-01	   0.0000000000000000e+00	   8.6115328543521164e-01	   7.3420498591591377e-01	   7.0983188469693448e-01	   1.3791289665409272e+00	   6.4838975231757046e-01	   5.2664739840590991e-01	   4.9897721892032887e-01	   8.4078125342819554e-01	   5.6200362759060185e-01	   7.9023912741815039e-01	   8.1881510136051072e-01	   8.6177785966416875e-01	   6.3927628347747378e-01	   5.2270430026920955e-01	   6.1721985782336519e-01	   8.3674906252240078e-01	   9.2037939697800142e-01	   1.0582546004672666e+00	   1.2892874327135586e+00	   1.4458250642448305e+00	   9.0811972381399864e-01	   9.6818000162138973e-01	   8.4725023173967307e-01	   8.0869156756838412e-01	   7.6708493118342314e-01	   8.8159422188562764e-01	   8.4952393233161883e-01	   8.6987304851034919e-01	   9.4620746093786290e-01	   1.0228419803525410e+00	   2.5064687711113837e-01	   5.2524098290564725e-01	   4.3854867125438540e-01	   2.0306841171176779e-01	   6.6967896691912965e-01	   4.7974146710332605e-01	   6.0116079591448124e-01	   7.2135219507525572e-01	   5.6038742744987424e-01	   6.9668765941738819e-01	   4.9196379924614975e-01	   8.0903365578402697e-01	   8.5057957853977717e-01	   7.4292553936327599e-01	   5.2012795934354850e-01	   8.3356255718888006e-01	   6.2362434702437852e-01	   7.1436969761192859e-01	   6.4819545266976863e-01	   7.0792260214187785e-01	   5.2856155161811447e-01	   6.4709869499148331e-01	   5.3470633577849147e-01	   6.6983840841385156e-01	   4.6009493433078708e-01	   7.5745327209817548e-01	   3.9660575053685154e-01	   9.8696343102802475e-01	   6.3536962788769824e-01	   1.0307540880136279e+00	   8.1041610321172797e-02	   4.7455163984790327e-01	   7.6949400490917874e-01	   9.5784478391621630e-01	   3.3467905629283584e-01	   4.1316906540842241e-01	   4.9434051108348198e-01	   5.3806408291901264e-01	   9.7188816551163382e-01	   1.0319597956429885e+00	   5.9120652960731279e-01	   7.8828790326051035e-01	   3.3428864016115367e-01	   3.4804006401615617e-01	   5.4037721160166763e-01	   3.0236978711706286e-01	   7.6692681566780918e-01	   7.6162098492527264e-01	   1.0960684416838737e+00	   8.4350509060095613e-01	   7.1969006698249871e-01	   9.9794423332526805e-01	   8.6787596400939526e-01	   1.0201719457198390e+00	   6.3608478857546069e-01	   9.0827291039097857e-01	   1.0829117563471184e+00	   9.0242704243303096e-01	   1.3138016612572507e+00	   8.2623936377168195e-01	   4.9673614544746690e-02	  -1.1614649782856450e-01	   8.0708000421342418e-01	   6.3486919406402142e-01	   9.4266170367270175e-01	   8.4246742006345898e-01	   1.3134752533550134e+00	   5.7760657133182336e-01	   1.0616028765477816e+00	   8.1861273220836051e-01	   8.8541577933810811e-01	   6.1443201460398900e-01	   4.8127537319835650e-01	   5.5566789945056962e-02	  -2.6200693701815925e-01	  -6.7700138235808643e-02	   8.0035376837709282e-01	   9.8418091734408364e-01	   8.3230365029383091e-01	   7.4723967919430956e-01	   5.7719138543522686e-01	   1.2859560993181218e-01	
   2.9402974327184894e-01	   2.7340823821245941e-01	   5.3352764367654215e-01	   8.6115328543521164e-01	   0.0000000000000000e+00	   1.1273930477976548e+00	   6.3579940601154183e-01	   5.5740510385886655e-01	   1.0880658334059752e+00	   5.9782708833925402e-01	   2.6268108163894527e-01	   3.5082386223548795e-01	   3.7135397446644569e-01	   2.6248430505660042e-01	   8.7100925112837824e-01	   5.3384019252472936e-01	   4.3798422971100553e-01	   2.9677611610778909e-01	   1.4997219232549883e-01	   3.2417836375454073e-01	   1.0872424104486755e+00	   1.1456791527068615e+00	   6.9089893564408755e-01	   6.2535607620143030e-01	   8.1313540844239540e-01	   1.0154665538269332e+00	   1.0281430212646194e+00	   1.0049392733072227e+00	   6.3812362881497031e-01	   4.8900003403300296e-01	   6.6473642714201753e-01	   6.3398613057031850e-01	   4.3136464457428125e-01	   4.8436410894828141e-01	   2.0457658892319866e-01	   4.1746579287794938e-01	   2.7415587442617728e-01	  -2.0435077751141510e-02	   5.7364836249180251e-01	   3.1226954440965116e-01	   4.8070390993559542e-01	   5.1158791174171236e-01	   3.4740629892922137e-01	   4.6011193946432472e-01	   3.6929208225764937e-01	   5.4625172553969792e-01	   5.7639671899871703e-01	   5.1484136772012912e-01	   2.6097920061842589e-01	   5.8323664275502773e-01	   2.6142442456797832e-01	   5.2435364434095422e-01	   1.8135433051970840e-01	   3.2032798078726504e-01	   3.0172840178999366e-01	   4.1409522462061926e-01	   3.0557282401976021e-01	   3.2952119824581966e-01	   3.4461783645483191e-01	   7.1290395657651451e-01	   3.7322152971796507e-01	   7.3155001426246458e-01	   5.1102157999820186e-01	   6.9118611857204382e-01	   2.0082962006294983e-01	   2.8300434398058005e-01	   5.9437813991620470e-01	   6.9487256850212187e-01	   8.5912271545645263e-02	   9.6052432875100655e-03	   5.4112402859272724e-01	   4.8042074918421662e-01	   6.2914624951418197e-01	   5.3473064884817367e-01	   2.9742907400126994e-01	   3.1741158536742026e-01	   1.6905103491908952e-01	   1.0985649838374642e-01	   2.3135100945250681e-01	   6.2928574694671141e-02	   4.2622758618356260e-01	   3.7011054020743972e-01	   8.3127613255795019e-01	   5.9071537317597300e-01	   3.9966158797698492e-01	   4.3156521410489801e-01	   6.1982020186652265e-01	   4.5084056564398300e-01	   3.8678382441341885e-01	   5.3905175985840859e-01	   4.8573298619178795e-01	   7.3779692279198916e-01	   6.3688654491766683e-01	   6.8443032672936466e-01	   2.6827173863048736e-02	  -1.7260042239246617e-01	   5.5320012570406485e-01	   4.9139214221796018e-01	   5.4163963023247497e-01	   5.6622488086608813e-01	   1.0045514570105729e+00	   6.5656465206668491e-01	   9.4433309271023669e-01	   8.7146536518111328e-01	   8.6887554937758937e-01	   7.2538888491264542e-01	   6.1473603921910192e-01	   2.1691557878911708e-01	  -2.1694399365935038e-01	  -6.1111913836967673e-02	   5.3315135465365449e-01	   6.3020192034226041e-01	   7.2893192503986060e-01	   6.9185701682639511e-01	   5.5184049445177652e-01	   6.0403779592702930e-03	
   4.0655783154199854e-01	   4.1893149831059229e-01	   5.0600973799637794e-01	   7.3420498591591377e-01	   1.1273930477976548e+00	   0.0000000000000000e+00	   4.6556248676703660e-01	   6.4860500550623235e-01	   1.2342821660484107e+00	   1.3197118926288645e+00	   9.6745100827384273e-02	   3.0166869737368240e-01	   2.6747343923722916e-01	   3.3347305985201459e-01	   8.3277446729552052e-01	   9.4014199384861352e-01	   4.9742777853911957e-01	   4.8674530212472011e-01	   1.9204665985163311e-01	   3.8784849528560089e-01	   9.4139478853187053e-01	   9.9856496236646908e-01	   6.0451508126447673e-01	   6.0988711063350920e-01	   8.5971687838992550e-01	   1.0254249066490686e+00	   6.2264641365421103e-01	   1.4458886297280331e+00	   4.9721820370084535e-01	   5.6534695710355098e-01	   5.7801626902546976e-01	   5.8053918461224752e-01	   4.3849537511637421e-01	   4.2840020266152401e-01	   2.5033429442148619e-01	   4.9011680304585836e-01	   1.3091187812669106e-01	  -1.2516693134431917e-01	   5.2579742484769798e-01	   2.1271021324546027e-01	   2.6918550782331613e-01	   6.2664026179791954e-01	   2.4214372061033318e-01	   3.1767972700731079e-01	   3.8068738768814636e-01	   4.8450089395604190e-01	   4.6543005548644861e-01	   4.0217394037622595e-01	   1.7679296688644189e-01	   3.3552342764352144e-01	   1.3835797230877786e-01	   2.5057690226385287e-01	   6.2726137914403124e-02	   2.1451505894082989e-01	   2.5659595588428502e-01	   2.1742010208943460e-01	   4.8201359581279507e-01	   4.5826240521284051e-01	   4.6635607193871820e-01	   5.2913040731741878e-01	   4.6316174828636608e-01	   6.4089228336040616e-01	   4.1117840403793893e-01	   6.5735334909082188e-01	   3.2627738811993845e-01	   4.4268923790454073e-01	   6.3957729682172559e-01	   7.1213917343591138e-01	   2.7397847903091388e-01	   1.9597791774133197e-01	   4.5356458502701635e-01	   4.9863188228370281e-01	   6.8646887870212503e-01	   7.2750209845263381e-01	   4.4401973868698996e-01	   4.3354881103772219e-01	   3.1849235515735141e-01	   2.5018191895169528e-01	   3.9705336589670170e-01	   2.2226876751014588e-01	   4.0820368825757336e-01	   4.5746688625728749e-01	   9.0107224701449729e-01	   7.4147913208717642e-01	   5.1968601591872166e-01	   6.3534223472294804e-01	   9.1326278910809999e-01	   6.3814981934620352e-01	   5.5881351215390718e-01	   4.6981556876670150e-01	   6.1631228606784094e-01	   7.1849545107650503e-01	   8.2557809725823694e-01	   5.4007437979975970e-01	  -1.0456579499398688e-01	  -2.7064550761967920e-01	   4.8346698033131907e-01	   3.2459912536274149e-01	   5.1126466197215070e-01	   5.2913355335957069e-01	   9.7260734208771016e-01	   4.3104076673922487e-01	   1.0362024285725768e+00	   7.3000600432869800e-01	   7.6414448097092802e-01	   6.5668606341780178e-01	   4.1984582440389728e-01	  -1.1270458278585176e-01	  -1.3493523170811858e-01	  -1.7998411902790230e-02	   6.0087702065884874e-01	   6.3856505037698297e-01	   5.1458707709455487e-01	   7.2161367740133298e-01	   6.3016102661732409e-01	   6.7319999201476844e-03	
   5.8662661010345196e-01	   2.8686710170576357e-01	   1.5030986023456241e+00	   7.0983188469693448e-01	   6.3579940601154183e-01	   4.6556248676703660e-01	   0.0000000000000000e+00	   8.0956121832179617e-01	   6.8167158254792870e-01	   4.1906178026615154e-01	   7.0594995130379734e-01	   5.1413280229864844e-01	   1.0380083904585118e+00	   5.5803788001790755e-01	   9.1865693478414645e-01	   5.5663909879255569e-01	   3.1035857187718652e-01	   2.1484233739496356e-01	   1.3960110596113320e-01	   2.0086668803776175e-01	   6.4249947672909891e-01	   5.7808841375167674e-01	   9.7673900437229588e-01	   5.5733203949044685e-01	   4.5538051731686963e-01	   5.2239024456559302e-01	   4.6796821190519977e-01	   4.0644780839865569e-01	   6.3803262371129976e-01	   4.7298781487153807e-01	   7.2192848263430942e-01	   6.0656121462915646e-01	   5.5180092625706689e-01	   5.7290506560837318e-01	   6.5383393749259189e-01	   5.2155973750575302e-01	   3.7889780172296827e-01	   2.6918455999412394e-02	   4.6478959406828579e-01	   3.1278542035323265e-01	   5.2246519312712214e-01	   3.7176613076228099e-01	   2.7836184854671808e-01	   2.9902843344193086e-01	   3.0711277108000112e-01	   4.2178723993339451e-01	   4.2454261544726146e-01	   3.6320745540484323e-01	   3.3849660888122912e-01	   5.1438721789684116e-01	   5.4710208261974635e-01	   4.9896794548830525e-01	   3.6695417364491584e-01	   4.1361659024646991e-01	   5.0529978020061461e-01	   4.8085296757065499e-01	   2.5977761958681383e-01	   3.2247372324014939e-01	   4.2912002641144953e-01	   4.4566350940667832e-01	   6.9741906729337189e-01	   7.0862817849477711e-01	   4.2223613082031053e-01	   4.4935261551861272e-01	   6.2659991188823916e-01	   5.4916282507486736e-01	   4.8127060661929133e-01	   4.2389427293225135e-01	   1.1654010300830457e-01	   2.4097996769241564e-01	   7.0802521821996278e-01	   4.8318937096527087e-01	   8.6595130774793949e-01	   6.3520593993962038e-01	   7.6881939802935118e-01	   7.6358658689121761e-01	   4.7282127163689225e-01	   1.5557333040792726e-01	   3.1136431736536641e-01	   3.1248942419640779e-01	   3.5512213036916346e-01	   5.2766419781679019e-01	   7.1285709486069171e-01	   5.1179947688565885e-01	   8.8280021452956570e-01	   5.6173928808320628e-01	   3.8864281760964009e-01	   3.8683371173071834e-01	   7.0673705043423440e-01	   5.3795069057856904e-01	   6.2619040211310673e-01	   7.5535076714683280e-01	   6.4924942960214072e-01	   1.1708777014868459e+00	   7.6786714527367073e-02	   7.0083343822526609e-02	   6.0080127522521476e-01	   3.1895216650461544e-01	   5.0446102363444845e-01	   5.6886905137421051e-01	   7.4909095414997551e-01	   1.2273465729980020e+00	   4.9994339297384094e-01	   7.5753707714614515e-01	   4.2903152001587874e-01	   6.5306152561499564e-01	   1.8340077865777074e-01	   1.2725222384297069e-01	  -3.0643141756923409e-01	  -1.5536179387325189e-01	   4.5589802558872866e-01	   5.4496457166051770e-01	   5.3030331852659485e-01	   4.3787639188745209e-01	   4.2136619601700381e-01	   1.0351129039238047e-01	
   8.3810278743399347e-01	   8.6222754554577419e-01	   9.8932390174023122e-01	   1.3791289665409272e+00	   5.5740510385886655e-01	   6.4860500550623235e-01	   8.0956121832179617e-01	   0.0000000000000000e+00	   6.2933707231180069e-01	   6.6015343538985982e-01	   5.6057922434103002e-01	   8.8891546684688982e-01	   6.6702799322710604e-01	   9.9104711652595689e-01	   7.7161084322019091e-01	   1.0810321777992169e+00	   5.7683017427095740e-01	   5.3125314528104950e-01	   5.8710802189994560e-01	   7.4309648601079314e-01	   5.7470553493627219e-01	   6.1645892946699077e-01	   1.1048848021648161e+00	   1.0564115295221987e+00	   5.9884166399104655e-01	   6.0443789439959272e-01	   4.5241582942190572e-01	   5.6656161012806705e-01	   7.0975470270592700e-01	   9.0184302073572675e-01	   7.1679227076262697e-01	   7.0607042788109009e-01	   1.0082078278042579e+00	   9.7778810757743306e-01	   3.6551576839470196e-01	   6.0978871783838606e-01	   3.7651151795712912e-01	   1.7757156724970136e-01	   6.1778639390401746e-01	   4.3897753620349450e-01	   4.9266614291332872e-01	   6.5867446525648188e-01	   5.2080315085073359e-01	   6.0726127547537312e-01	   5.9930326555927760e-01	   8.4960023398912798e-01	   7.0836815690928612e-01	   6.3325514459459009e-01	   6.1982672281562867e-01	   8.0087598669436844e-01	   6.9916632092990361e-01	   5.9252342467216168e-01	   6.1051073024520330e-01	   6.9030690239916126e-01	   5.4394444378363960e-01	   5.2740197847435555e-01	   5.4118585482316484e-01	   6.2573427575102736e-01	   6.3226335445123527e-01	   6.2453043650113060e-01	   5.8489279432629238e-01	   8.9418393910264682e-01	   6.5669048844204425e-01	   9.1105787218750500e-01	   2.6518803032985372e-01	   5.9925795854902342e-01	   8.2553783270254821e-01	   8.8363888881863195e-01	   3.5919550682125662e-01	   5.1240992433294141e-01	   3.4267274300137351e-01	   4.3952077877174178e-01	   9.6101171562894827e-01	   1.1010058814342762e+00	   7.1356217629222074e-01	   9.5995186531226717e-01	   4.3560964808049329e-01	   3.4928091108697207e-01	   5.7025616458963824e-01	   4.0558067038131812e-01	   7.2411561667710589e-01	   8.3275492615590496e-01	   1.0083650096414258e+00	   8.8137626888883747e-01	   9.5321159688302892e-01	   1.0888312684399055e+00	   8.4299430592640523e-01	   9.6487867818324280e-01	   8.6749860861559736e-01	   8.3478265688484365e-01	   1.2930666810861877e+00	   8.6084655695078238e-01	   1.4018546693234433e+00	   7.6060076467812976e-01	   6.8988985226731359e-02	  -7.6634452700158479e-02	   7.1822525709962881e-01	   4.5957875209432175e-01	   9.6750530688878011e-01	   8.2957183122072242e-01	   1.1807216319441800e+00	   4.8538956705535247e-01	   9.4089450808806618e-01	   7.2201054704695444e-01	   6.2760251784056165e-01	   5.3665750896417319e-01	   2.8702964648407736e-01	  -5.1997644506285585e-02	  -2.7029198520834641e-01	  -1.4195418459932746e-01	   6.9239449762916716e-01	   8.8517382955106960e-01	   5.9396222946309574e-01	   5.4241690105126206e-01	   4.9791690577252934e-01	   1.7141539888560681e-01	
   3.9720887798107424e-01	   3.2460648339845155e-01	   6.0348991976177535e-01	   6.4838975231757046e-01	   1.0880658334059752e+00	   1.2342821660484107e+00	   6.8167158254792870e-01	   6.2933707231180069e-01	   0.0000000000000000e+00	   1.1393446071125815e+00	   2.3559233711644278e-01	   3.3344034649078885e-01	   5.0194096156779600e-01	   3.8917200633025584e-01	   1.2470866230382389e+00	   8.7959097638169303e-01	   4.4885407629591723e-01	   3.8841565986406290e-01	   6.2473364816904936e-02	   2.4164687433183185e-01	   9.4456200575456506e-01	   7.7495868319188133e-01	   7.1289489466202194e-01	   5.5321216701758136e-01	   6.1983651010177554e-01	   7.4314115515189860e-01	   5.6897280180276821e-01	   1.0861127159624424e+00	   6.1337396866978611e-01	   5.2076996767938155e-01	   6.0175388724561696e-01	   5.8056845427332959e-01	   3.4420322998171227e-01	   3.1107953713180614e-01	   1.9273197662256084e-01	   3.0317286452777431e-01	   1.4821336395253609e-01	  -1.0558606974387455e-01	   4.6740337825100087e-01	   1.8050683532723336e-01	   4.2358893833948369e-01	   4.8189598586536131e-01	   6.6259600679670447e-02	   1.4673339881383057e-01	   1.9371547396313754e-01	   2.8485905650431625e-01	   2.9695833473950434e-01	   2.5173606926054864e-01	   1.5384027918374038e-01	   3.2553855408371951e-01	   1.5283063287359894e-01	   2.6359712779869354e-01	   5.2191323997171857e-02	   1.6451929940917312e-01	   2.2705119421453734e-01	   1.8364074163533534e-01	   4.0178090004359407e-01	   3.9110564656625163e-01	   4.9251554210164927e-01	   4.4161677751482392e-01	   5.1499450455360773e-01	   5.6710211421021683e-01	   4.8268451243869481e-01	   6.0470481443562218e-01	   3.4089987518519005e-01	   3.9754203865949633e-01	   5.6706687386000731e-01	   4.9126878291267595e-01	   2.2511553054039413e-01	   2.3043474853502594e-01	   4.3185892719117869e-01	   4.4056080031330946e-01	   7.4633591631264018e-01	   6.5548491591571956e-01	   5.1346784464440542e-01	   4.3706102157148052e-01	   2.0870771503960645e-01	   7.3303162002171462e-02	   2.8273351794282775e-01	   2.1393165212372278e-01	   3.5068760351673561e-01	   4.2519520470433364e-01	   8.3613296211939447e-01	   6.5251505165585910e-01	   6.4897716290471685e-01	   5.5583620618595964e-01	   7.2668829128524026e-01	   4.7043805091644786e-01	   5.9055733830898938e-01	   4.3239010474377987e-01	   5.0052021989728002e-01	   7.0768216317737831e-01	   7.0169575500789227e-01	   6.8251067072740268e-01	  -3.4957295951779238e-02	  -2.4669859230224206e-01	   3.4762605448400363e-01	   1.9708835584104456e-01	   3.7436667442195593e-01	   4.0313369574977054e-01	   9.2995615921820729e-01	   5.8136281878925256e-01	   8.4926276539741097e-01	   7.6632149766363766e-01	   5.7320704814007661e-01	   7.2115729564693887e-01	   3.7069618847051544e-01	  -9.0063848107025876e-02	  -2.2265305332332924e-01	  -1.9265452223811588e-01	   3.4089249641704528e-01	   4.2665371268942570e-01	   3.9348397827791370e-01	   5.3198040610207431e-01	   5.0022889136684467e-01	   2.7046826582155611e-02	
   5.1407217599634936e-01	   4.5646818401727124e-01	   4.9623590682580465e-01	   5.2664739840590991e-01	   5.9782708833925402e-01	   1.3197118926288645e+00	   4.1906178026615154e-01	   6.6015343538985982e-01	   1.1393446071125815e+00	   0.0000000000000000e+00	   1.1235266780232309e-01	   3.4074754550689351e-01	   3.1999547012765533e-01	   4.4301301083160227e-01	   8.2723389878132880e-01	   1.1538635183224881e+00	   4.0646699380301798e-01	   5.3261438361789004e-01	   1.0880259467565510e-01	   3.0071626840746002e-01	   6.4892277398428222e-01	   5.8149549315479743e-01	   5.1454788791369621e-01	   4.7336438072450571e-01	   6.0855550396057301e-01	   6.2854298112026441e-01	   2.8915672743978449e-01	   9.9155427211898228e-01	   3.7097768369533446e-01	   4.9036254123494666e-01	   4.0694025189858418e-01	   3.7534932608397092e-01	   3.9813590678830418e-01	   3.3399838745577970e-01	   2.6522027158562700e-01	   3.8115606716343597e-01	   6.4232232369045281e-02	  -9.0004369257138922e-02	   4.2039304850574766e-01	   1.6333123914368858e-01	   2.1712309232152763e-01	   6.2131876296328992e-01	   1.7630123443424347e-02	   7.5100262076920804e-02	   2.4740025272149907e-01	   2.7987553288080991e-01	   2.5787429602359885e-01	   1.7556707200081723e-01	   1.6282264802857813e-01	   2.1559711358118977e-01	   1.4380684303335839e-01	   1.2129382048082049e-01	   7.7387895830041867e-02	   1.6693940587135242e-01	   2.8039004557721964e-01	   1.2364399706243395e-01	   5.1172732815958288e-01	   4.8920977016965039e-01	   5.5206571926270542e-01	   3.7413031662522050e-01	   5.5984131914928725e-01	   5.5728375488868109e-01	   3.7555990986761817e-01	   5.5605806215749065e-01	   4.0288465795248718e-01	   5.0487079133771173e-01	   6.0526089762558799e-01	   5.1822790087110204e-01	   3.7782420047287862e-01	   4.2065978656071967e-01	   2.3876272867391191e-01	   3.1881068273052371e-01	   6.9928896888485792e-01	   7.5437296519409802e-01	   5.3488211086965221e-01	   5.1728841520709268e-01	   3.4021767053826457e-01	   2.0011235916512254e-01	   4.3112971642333553e-01	   3.6150078738044228e-01	   3.4945659030864124e-01	   5.3306423524898561e-01	   7.5031956198430916e-01	   7.6936589629314434e-01	   7.0093030997264949e-01	   7.4476746231028246e-01	   9.0935522777747979e-01	   6.3494504734674440e-01	   7.6597418642061332e-01	   4.5776382712398467e-01	   6.2968465618328628e-01	   5.9763718281292388e-01	   7.4763040702621242e-01	   4.0612007629051555e-01	  -1.5738719779161969e-01	  -3.3528953995405059e-01	   3.5037458433778251e-01	   1.1545462710754080e-01	   4.3312767607470493e-01	   4.0852473125119165e-01	   8.0214380730463997e-01	   2.8239999893989731e-01	   7.7987037788208147e-01	   5.5643626448449002e-01	   5.1484032104030619e-01	   5.7810365976245404e-01	   2.6248585386312528e-01	  -3.4178189455715158e-01	  -1.8912495106793714e-01	  -1.8631998515904205e-01	   3.9926141754187022e-01	   4.1212474492216317e-01	   1.9714652547210285e-01	   4.3339558507570686e-01	   4.2654141882492252e-01	   7.4060595212564986e-02	
   8.0615946217417722e-01	   5.7256497655265526e-01	   6.3925323030214831e-01	   4.9897721892032887e-01	   2.6268108163894527e-01	   9.6745100827384273e-02	   7.0594995130379734e-01	   5.6057922434103002e-01	   2.3559233711644278e-01	   1.1235266780232309e-01	   0.0000000000000000e+00	   1.0047583028924083e+00	   1.2160259202206993e+00	   1.0260052202354681e+00	   6.3437882345119323e-01	   5.1094233728646310e-01	   6.5012973511316619e-01	   5.6243642965238960e-01	   5.6253776251508825e-01	   5.5332899385200296e-01	   2.7909941997678794e-01	   2.5750861389499374e-01	   5.9771495567059052e-01	   4.7457186380366567e-01	   3.0966121106391703e-01	   1.4180867763488564e-01	   4.8406226823162568e-01	   1.6724567316517747e-01	   6.4211146642433958e-01	   5.6409195412327273e-01	   2.5543344161974024e-01	   1.2579962796736149e-01	   6.4533276929949268e-01	   5.9657855319780573e-01	   2.3561621685479647e-01	   2.7287591663833999e-01	   7.5037537718654002e-01	   5.2970996566888962e-01	   5.4360531163336012e-01	   6.5485375334224438e-01	   8.1454332943440499e-01	   4.3159018866063426e-01	   3.7237412841159734e-01	   3.9028149662717504e-01	   1.8663854830861298e-01	   3.0765083231777240e-01	   4.8492437887838330e-01	   3.9687867064874732e-01	   3.9933758666120373e-01	   5.9949235288496183e-01	   8.4587832931322304e-01	   7.7899330059348726e-01	   8.0140238417400089e-01	   8.0586781554095155e-01	   8.3796180235357931e-01	   9.1278853118313275e-01	   4.9038367234095165e-01	   6.5797057523839031e-01	   4.3476753986242633e-01	   5.2085852949091005e-01	   3.4210438330621928e-01	   4.5172387453806717e-01	   6.1170282104534535e-01	   4.6223077554374836e-01	  -6.1664944197508892e-03	   2.0738025224326315e-01	   4.5651457985835109e-01	   3.6490913881122033e-01	   4.7758926461029449e-01	   4.9237855737702174e-01	   1.6345773237710035e-01	   1.6627837921940572e-01	   7.4889820764728321e-01	   6.3522956039436662e-01	   6.2894211426192670e-01	   7.2013700643144751e-01	   4.8700085453915265e-01	   3.8970902151921877e-01	   5.0951075860586248e-01	   6.2816370167538560e-01	   7.3096310562933553e-01	   7.7611497605749380e-01	   5.5994375250216766e-01	   5.4551280709603489e-01	   6.4575675066053317e-01	   5.7461058475149895e-01	   2.6504188901709003e-01	   2.9912067821758048e-01	   5.5989995837430850e-01	   8.2057365865799858e-01	   6.2514975761948843e-01	   6.6969583577696734e-01	   4.6120875788210186e-01	   7.0470659654040824e-01	   3.2056440720995638e-01	   3.8325364886622915e-01	   7.1908854336637074e-01	   4.9141090195265835e-01	   7.4210638056246614e-01	   6.8784805981727914e-01	   4.6622735746404886e-01	   5.3581533081560440e-01	   4.0280089859985657e-01	   4.8952757036958860e-01	   4.1046141485592713e-01	   4.4862209517444868e-01	   2.5276205784656308e-01	   2.7469377812567597e-01	  -2.7936735977604166e-01	   1.6802312281435791e-02	   3.6627523647381194e-01	   5.5155960369517887e-01	   6.0725184717522551e-01	   3.1444209077457902e-01	   2.4845716620971181e-01	   3.2116817882939086e-01	
   8.2478697995039885e-01	   9.1996189784484161e-01	   6.1048470599439875e-01	   8.4078125342819554e-01	   3.5082386223548795e-01	   3.0166869737368240e-01	   5.1413280229864844e-01	   8.8891546684688982e-01	   3.3344034649078885e-01	   3.4074754550689351e-01	   1.0047583028924083e+00	   0.0000000000000000e+00	   7.7000000771147914e-01	   1.6720737646428365e+00	   6.2270326832097855e-01	   7.9346562880322025e-01	   5.9376673401388924e-01	   5.3701830173195109e-01	   7.2687107770199411e-01	   8.2217381903701559e-01	   4.4474286872768687e-01	   4.1312840300296261e-01	   7.2778448157683839e-01	   8.8985978129246690e-01	   4.0192075993051712e-01	   3.3763984962082688e-01	   5.5838408358003766e-01	   3.8767968900754901e-01	   5.5993302363244712e-01	   6.7090345501625337e-01	   3.5437042268559021e-01	   2.7515760046959359e-01	   7.8583880715659016e-01	   7.2195478361517018e-01	   1.1610440783123990e-01	   2.9343553150971369e-01	   5.0759403273157366e-01	   4.1838908374550510e-01	   4.8982796438008175e-01	   5.4590841615139241e-01	   6.3250432868981676e-01	   5.7152529992858403e-01	   4.4414150426315813e-01	   5.4172682455791343e-01	   3.0780477493809505e-01	   4.9298855069855674e-01	   6.4293741341815758e-01	   5.6843080332652163e-01	   5.7119211003731152e-01	   8.4907839888863856e-01	   9.3304009114010178e-01	   9.4369345716447983e-01	   1.1666214533328743e+00	   1.0446400415191317e+00	   9.2052194617898320e-01	   9.3465409215145301e-01	   5.7267530913013731e-01	   7.7815100572167717e-01	   4.0859088383484898e-01	   6.2821570186680697e-01	   2.8782770383461842e-01	   7.0200673695774529e-01	   6.5081654853933324e-01	   7.7859636648377994e-01	  -1.7209322354453188e-01	   2.4376475293618061e-01	   5.8786942268072973e-01	   5.9562099813521252e-01	   4.5129789928812658e-01	   5.6291044913474364e-01	   1.1756422326876358e-01	   1.4771162680289648e-01	   7.2527516234717215e-01	   7.9134506900983692e-01	   4.5744679645769631e-01	   6.9589025650252512e-01	   3.2041951463733975e-01	   3.7128928252581483e-01	   4.9259235970424087e-01	   4.3237315300991841e-01	   7.2928481340098850e-01	   7.0842950843021690e-01	   6.9779251659206343e-01	   7.1760852715291168e-01	   6.6339830452646953e-01	   9.1660922208505902e-01	   5.8018654615582443e-01	   7.3571917570550316e-01	   5.9459762857528187e-01	   1.0917454281274332e+00	   9.6244927215234921e-01	   7.0686578511169651e-01	   7.5387766606417950e-01	   5.7485552378013871e-01	   1.1236531482817255e-01	   2.6252355355592651e-02	   7.3057169080619211e-01	   5.4712212519091730e-01	   9.7425078310064750e-01	   7.8904418589645187e-01	   7.5419132437890113e-01	   3.3532567833963839e-01	   6.6833207995997546e-01	   5.3923670864693096e-01	   6.3180428676576317e-01	   4.3929845705498655e-01	   5.2514929812149136e-01	   7.8851088067668967e-02	  -4.2559868462019013e-01	  -3.1430119798224736e-02	   4.6774433053485320e-01	   6.7152694896767628e-01	   6.2282196405131041e-01	   4.6171205381187863e-01	   3.6532163326755568e-01	   3.0216872597948352e-01	
   8.0430357479662529e-01	   5.3270436062417992e-01	   9.1255671661666049e-01	   5.6200362759060185e-01	   3.7135397446644569e-01	   2.6747343923722916e-01	   1.0380083904585118e+00	   6.6702799322710604e-01	   5.0194096156779600e-01	   3.1999547012765533e-01	   1.2160259202206993e+00	   7.7000000771147914e-01	   0.0000000000000000e+00	   9.3866406751288012e-01	   1.0548850198446886e+00	   6.5438269056050480e-01	   4.3942938906537371e-01	   4.1867767202012940e-01	   3.8607722448812892e-01	   4.0737039486357712e-01	   5.2535654402604104e-01	   4.2712137669606370e-01	   8.7276808817471374e-01	   5.8124106894923877e-01	   4.4395104095499477e-01	   2.7217423669527208e-01	   5.2996420883123097e-01	   3.4546428317402311e-01	   6.2636897716010975e-01	   4.9643214072975933e-01	   4.5995592839886340e-01	   3.3610732793150999e-01	   5.6293029321960986e-01	   5.2724081973907622e-01	   3.1584456881669365e-01	   2.4528433758537452e-01	   5.7364164067468737e-01	   3.1346378139052633e-01	   5.0496615067914474e-01	   4.7078946293471097e-01	   6.7936416965392565e-01	   4.3897692293172802e-01	   2.1252503222588320e-01	   2.2931079181419850e-01	   8.7388889124077287e-02	   2.3115830511087757e-01	   3.4090377948297934e-01	   2.5175652626449269e-01	   2.1841000162778598e-01	   4.4309121276556329e-01	   5.6886826444235750e-01	   5.6147510422088343e-01	   4.6148896397451600e-01	   5.3456529172881817e-01	   5.9902985676443787e-01	   6.1342324029552997e-01	   5.2524389683297634e-01	   6.3669236493726000e-01	   3.6002466872093997e-01	   4.5915568315090588e-01	   4.5328062956581650e-01	   5.6432707904318702e-01	   5.4058824041405740e-01	   5.1003643043304114e-01	   2.2268258884958075e-01	   3.6044461333012551e-01	   4.2196849749162824e-01	   3.3881452035441123e-01	   3.9664535158293135e-01	   5.0670914868704542e-01	   3.1269031748391563e-01	   2.5361136764603981e-01	   8.7143814769913319e-01	   6.7394249185328337e-01	   8.2751481492430068e-01	   7.8113527741194222e-01	   4.6908833835422253e-01	   2.1895013430148538e-01	   3.6464657621521290e-01	   4.1062493655302973e-01	   4.8575272161290167e-01	   6.7038021465061393e-01	   7.2959346012383031e-01	   5.1897999107071047e-01	   1.0722408088505762e+00	   7.1742382468625809e-01	   4.4772137298834469e-01	   3.9963984743397879e-01	   7.0204407206972830e-01	   7.2215823578633864e-01	   5.8249273479942887e-01	   7.2302805769804857e-01	   5.8350370330173951e-01	   9.8407857860049930e-01	   2.6374655944134812e-01	   2.7052837378517547e-01	   5.5944030681066481e-01	   3.0249278766872262e-01	   5.2168509323579049e-01	   5.3843395313820153e-01	   5.6942071779095438e-01	   7.3916188560148743e-01	   4.2657732708033957e-01	   5.7853249956337871e-01	   4.0612212424393274e-01	   6.0334508890184801e-01	   1.6109742512785399e-01	   7.8322541826484696e-02	  -3.0000604944979264e-01	  -6.2457139596501107e-02	   2.8538906924163521e-01	   4.3270732677265833e-01	   5.2461565627367712e-01	   3.8588318030260171e-01	   3.6623392206216532e-01	   2.6098718827604078e-01	
