   0.0000000000000000e+00	   5.4916195168627135e-01	   3.6751666361414737e-01	   3.0071478877119062e-01	   3.0355958331652294e-01	   2.0220394469831171e-01	   4.5557564250650096e-01	   1.7861757218238150e-01	   2.1333579807543998e-01	   3.6395614098651730e-01	   4.3272254009877537e-01	   2.6704536434831483e-01	   5.5075907010461367e-01	   2.2054406366432344e-01	   3.8755403798632992e-01	   1.4032658894599020e-01	   3.4790008404664402e-01	   3.1775154930968802e-01	   4.0390638798903855e-01	   2.6821555213403225e-01	  -2.7794029382262916e-03	   2.3043439709672117e-01	   1.2140308235184465e-01	   1.0121565299281535e-01	   3.3107214939138657e-01	   3.8165137657741466e-01	   4.2128391157954420e-01	   4.1723561317682045e-01	   3.4048558799614229e-02	   5.2826618580803293e-02	   5.7764929783725751e-03	  -1.6628981268751192e-02	   4.3019377154494781e-01	   4.3414725498890783e-01	   2.3339598351652260e-01	   2.6239879693683577e-01	   9.8398671663951828e-03	   9.9264439009583899e-02	  -7.2637707005928032e-02	   8.3321772157222779e-02	   1.3990656114535183e-01	   1.1301164795404553e-01	   4.0899583482874435e-01	   3.5611633840306833e-01	   3.4632102144936333e-01	   5.2632074730590583e-01	   4.9304045843749517e-01	   4.5451119389776834e-01	   3.5550922915614475e-01	   5.0491917093552807e-01	   4.1927759734376185e-01	   3.8980902184728061e-01	   4.3150015148954124e-01	   5.0291732911746725e-02	   3.8983821683094683e-01	   3.2961107183184990e-01	   7.7684590669818021e-01	   5.2790340698616667e-01	   9.0742140874406063e-01	   6.3878537982726269e-01	   9.4180220139608173e-01	   3.2396616451708071e-01	   4.2497265313499538e-01	   2.8038672401264392e-01	   3.3877952628909447e-01	   4.5279703705361773e-01	   6.3499301125302321e-01	   5.7045075405422785e-01	   7.3799450212601148e-01	   4.7446532790476026e-01	   1.4259983672940665e-01	   1.8002701333524473e-01	   5.1598090681631514e-01	   4.8021340241288579e-01	   4.7141772029768070e-01	   3.3847935789369460e-01	   2.1179186309964021e-01	   2.6150854566283122e-01	   5.4324008343687535e-01	   6.0891733314469032e-01	   4.8213193079085004e-01	   6.3188990178205506e-01	   1.4584040069969889e-01	   3.1494957658639350e-01	   6.1311603198987497e-01	   4.6778931722413275e-01	   4.5489593113372540e-01	   3.7632484872285593e-01	   6.2893959025046875e-01	   4.4883580152107172e-01	   2.6686944895305786e-01	   4.5745599476878190e-01	   2.2729596582212144e-01	   3.7686090489137519e-01	   6.3814902326282646e-02	  -2.6123469556749457e-01	   4.0942035115305464e-01	   2.6505407705393647e-01	   4.3986509239792693e-01	   5.9685930553606981e-01	   3.0111289101437294e-01	   4.6456282472821869e-01	   3.6792811747807691e-01	   4.7707697156329387e-01	   1.6099639540733687e-01	   1.4437286860192144e-01	   2.6742221495636626e-01	   3.3549776319637425e-01	   1.6219629022207305e-01	   1.9530416909082984e-01	   2.6723631911814666e-01	   3.1341164079399197e-01	   2.5215824612318383e-01	   4.5696052200987280e-01	   1.2991800183553598e-01	  -1.0571505121039305e-01	
   5.4916195168627135e-01	   0.0000000000000000e+00	  -6.5738673368581121e-02	   2.6039539082025831e-02	   7.3717927740053465e-02	   1.5142666737320734e-01	  -4.7441289293609608e-03	   1.1338602690122580e-01	  -4.8355917047716294e-02	   1.3414539823948973e-01	   2.1890401616521332e-01	   4.5282457469440396e-01	   8.2495486765194692e-02	   1.5649981045079428e-01	  -1.4402092460802859e-01	  -6.3307401409850847e-02	   7.1037027993470581e-01	   9.0073558994362335e-01	   2.2062789567609320e-01	   4.8283158374381663e-01	   9.4835470036046809e-02	   6.5060636772399899e-02	  -2.2532128018132067e-01	  -2.8450802638383998e-01	   1.4524979164470397e-01	   5.1841096312575406e-02	   3.4257752636653965e-01	   3.3544258454178066e-01	   1.3668532974821770e-01	   1.7779983535153562e-01	  -3.2837271482843972e-01	  -3.8183817478061077e-01	   7.5525129552954887e-02	   1.6643915068776749e-01	  -2.1858457046960811e-01	  -1.1144588556271272e-01	   5.4039260835217533e-02	   1.3027246909731757e-01	   1.3146316898702284e-01	   2.1047063882441161e-01	   9.7206695004859761e-02	   1.1163683800189571e-01	   1.7535839058924277e-01	   1.7900604561675612e-01	  -1.5108830326068494e-02	   8.2578448793740433e-02	   1.6370464596319631e-01	   2.0773896897637145e-01	   2.0933949398908999e-01	   3.9865472965935694e-01	   2.4589692718748030e-01	   3.2112280716787178e-01	   2.8123300991350009e-01	   4.1662986477601111e-02	   2.8117583697663051e-01	   3.5245511198183316e-01	   7.2531057097396678e-01	   1.2154709353987885e+00	   2.5937808595058032e-01	   5.0774858925839483e-01	   3.9260698185704540e-01	   3.4054297003624390e-01	   4.3639738264401029e-01	   4.7591428083396253e-01	  -7.6758892940442303e-02	  -2.7481868927494704e-03	   1.8498227599755823e-01	   2.2176478485482537e-01	   4.8799495174703389e-01	   4.9240126023323394e-01	  -1.7138059275458487e-01	  -1.7780377154773935e-01	   3.1774391792376638e-01	   4.2305265023659117e-01	   3.4462872379231768e-01	   3.8438348798165395e-01	   8.8384198110581708e-02	   2.6531317945668409e-01	   3.4281788942955277e-01	   5.2316626040606429e-01	   8.3453797418139763e-01	   6.3360539766429302e-01	  -6.9953584990983019e-03	   4.0879097155361677e-01	   2.1290159273414555e-01	   1.4801076028570126e-01	   1.9872632176733271e-01	   1.2139739122965834e-01	   2.2186116511813206e-01	   3.5049659317086956e-01	   2.7005994983253867e-01	   1.1254897182658123e-01	   7.5273091496504936e-03	  -7.5094653295041322e-02	   1.1296276134953504e-02	  -2.7228303209521754e-01	   5.1609377491476462e-02	   1.0493459115820619e-01	   2.7159553503139267e-01	   1.2287284505681464e-01	   4.3056563348520087e-02	  -4.2680454059338555e-02	   2.5716929475402017e-01	   8.0708831632852390e-02	   1.3350380967323389e-01	  -4.9156149786663224e-02	  -3.7946909083486600e-02	   2.8282981896748487e-03	   7.2878894958267109e-03	  -5.2218052306523086e-02	   4.5525347746953763e-02	   7.1077711219068626e-02	   2.8613403083075101e-02	   1.2086289008834303e-01	  -6.7090258053396162e-02	  -7.7334723594444030e-02	
   3.6751666361414737e-01	  -6.5738673368581121e-02	   0.0000000000000000e+00	   1.0833296551826770e+00	   6.1702396021649930e-01	   6.0062238702853454e-01	   1.4163050138096229e+00	   6.3090957002788217e-01	   4.3347333422745415e-01	   4.9918214207787348e-01	   3.4364848977739937e-01	  -9.8535671273342715e-02	   4.9470147285581306e-01	   1.8195538837346065e-01	   1.0926081427782719e+00	   7.1548876507646131e-01	  -1.0203222187188610e-01	  -1.3591708833006538e-01	   5.4296739577061670e-01	   2.3723026697934479e-01	   1.9568883932633613e-01	   3.7437714794436205e-01	   1.1560237644372897e+00	   8.7562385122557695e-01	   5.0868195785391601e-01	   7.5536296081269694e-01	   2.6214672076129941e-01	   3.9765690369714868e-01	   1.3035842128474365e-01	  -1.8316303334610585e-02	   5.2306472695501260e-01	   5.9365678578122494e-01	   6.8411111248213607e-01	   5.2444208409058457e-01	   5.1882632200999534e-01	   4.5080392556058951e-01	   3.5648235023190228e-01	   3.7404560284069471e-01	   3.0443093216717615e-01	   4.0878415260329420e-01	   4.3421887310667223e-01	   2.1004394074655044e-01	   6.1151077024547362e-01	   4.7485766352584263e-01	   5.2123903716773734e-01	   6.8246781263421052e-01	   6.4457264396092140e-01	   5.5504826935876417e-01	   3.4073058412545731e-01	   3.7549316551430773e-01	   7.2945291225494757e-01	   4.4784398710184109e-01	   7.7279324721293485e-01	   2.9505797798273264e-01	   7.2618920056339964e-01	   4.3627110865724339e-01	  -6.6954077729944203e-02	  -9.5598497762682033e-02	   5.9673520096220323e-01	   2.8681385554165389e-01	   2.8699834330862323e-01	  -3.2872383841036863e-02	  -2.9006216676102654e-02	  -1.2069621248287021e-01	   5.8506695551353050e-01	   4.7595798100343689e-01	   9.3371687039244344e-01	   8.0457647887312445e-01	   5.0402518306112243e-01	   3.1509765919072441e-01	   2.7856973350954173e-01	   3.4284403416830561e-01	   4.6810815619283930e-01	   1.9065160281733567e-01	   4.0703525367280780e-01	   2.6223787760760442e-01	   3.3946420439619907e-01	   2.2039068099927744e-01	   3.5675795450730791e-01	   2.4533526455080479e-01	   4.1881276907300424e-02	   2.7621587549617699e-01	   4.7845588091282332e-01	   3.0798569219989258e-01	   6.5971997588466780e-01	   7.5976374755492038e-01	   4.4598590658992404e-01	   5.9076816511152452e-01	   8.6982380388750302e-01	   5.8849902173755697e-01	   6.0712840651265920e-01	   1.1298785319642501e+00	   9.3894946479277852e-01	   9.6439544681784350e-01	   1.4931496431397109e-01	   4.2451726742967252e-02	   4.3867882987421503e-01	   2.5199432692628754e-01	   6.7665153306455350e-01	   6.9405902709305756e-01	   7.8793588072704046e-01	   8.9497174521117928e-01	   3.9426907968596886e-01	   8.0448265398220142e-01	   3.8026051405132993e-01	   6.4831971674323030e-01	   5.8272960413203490e-01	   6.1030046477734823e-01	   6.9332313031858689e-02	   2.2585639739509722e-01	   4.0635005505781518e-01	   3.7531890334186263e-01	   4.8551271946479380e-01	   4.3360636865244734e-01	   3.6538824772227402e-01	   4.8559582619378820e-04	
   3.0071478877119062e-01	   2.6039539082025831e-02	   1.0833296551826770e+00	   0.0000000000000000e+00	   5.6351536612287179e-01	   7.5550079225544164e-01	   8.8473227798197063e-01	   1.0547307520326568e+00	   2.1021500159013598e-01	   5.0731286197811365e-01	   2.0647778826664454e-01	   1.0492079154005290e-01	   1.8191025626899401e-01	   2.1366409888502214e-01	   6.0513926540653462e-01	   8.5074565769194799e-01	  -9.9296466821506436e-03	  -2.9365401479406621e-02	   4.6632852503264038e-01	   3.8737050753481100e-01	   2.3884046300474540e-01	   4.1785740138011190e-01	   7.1331344109047212e-01	   9.2864133781852209e-01	   4.5857910032257221e-01	   6.9294352434747197e-01	   3.3191470643931387e-01	   4.3530141209267670e-01	   2.3658391324209910e-01	   1.5935931309555693e-01	   4.3158029619490179e-01	   5.7090892667342885e-01	   7.2939753707087518e-01	   7.0201001039302546e-01	   2.3704934354700496e-01	   3.1306039091967824e-01	   2.2476367555704668e-01	   3.7704057642753863e-01	   3.1330735238080709e-01	   5.9470949300956866e-01	   3.0828352085006672e-01	   1.8584257028312212e-01	   6.2760796319092449e-01	   5.1655030631242027e-01	   3.7483811822508240e-01	   6.0693814912158373e-01	   5.5138643229766848e-01	   5.8621002127018773e-01	   3.3127613716286775e-01	   4.8436534544382803e-01	   7.0472115396643442e-01	   5.3860922252716703e-01	   6.3229901436852887e-01	   2.3245965320426587e-01	   5.5751792850176374e-01	   4.6505229636055512e-01	   8.0174347517187328e-02	   6.5152002471569520e-02	   6.1383954990395606e-01	   5.3302185894888843e-01	   3.6968811617045150e-01	   3.0406944828584681e-01	   1.5179556315041376e-01	   1.5509236663593090e-01	   3.7724256094542785e-01	   6.5480190125752136e-01	   7.9614887595403716e-01	   8.2073574299164176e-01	   4.8087617119416715e-01	   1.9918890973462280e-01	   1.2768120481428283e-01	   2.1598987309473322e-01	   3.9887957127665674e-01	   2.4258990392814092e-01	   3.5291434919435155e-01	   3.0215152975217940e-01	   3.6911300342228748e-01	   3.4094824103800919e-01	   4.7967088816678594e-01	   3.1132571442353391e-01	   1.6952420803806781e-01	   4.0992487007027367e-01	   3.1858046530027218e-01	   3.4354487351739310e-01	   4.0554922036231655e-01	   7.9448042209482050e-01	   2.4940247479529462e-01	   5.5625671838634771e-01	   6.9231046536187402e-01	   7.7195412867028668e-01	   6.4793966887491927e-01	   7.8526619785167417e-01	   1.0053506552519342e+00	   5.0447654540068732e-01	   2.1599002495384151e-01	   7.8848440677604867e-02	   3.0272959427782209e-01	   2.8438126014435722e-01	   6.6645463316799036e-01	   6.5111841856714636e-01	   8.8622028929494656e-01	   5.4913974194307735e-01	   5.5377115917840480e-01	   8.1728605575762747e-01	   5.5645912821880161e-01	   7.2783678869172730e-01	   5.6329358474301161e-01	   6.0458387053345675e-01	   1.1574750996855483e-01	   2.5470108128210767e-01	   3.8105593088651907e-01	   4.4195602400888712e-01	   4.4169596820582335e-01	   5.6203864019366756e-01	   3.8577279534504960e-01	   2.3689806262760023e-02	
   3.0355958331652294e-01	   7.3717927740053465e-02	   6.1702396021649930e-01	   5.6351536612287179e-01	   0.0000000000000000e+00	   4.6238963014464574e-01	   5.8147732810886699e-01	   3.6360971413025900e-01	   1.1352701611574505e+00	   1.4011932909574176e-01	   2.4162918553199401e-02	  -5.5020321070053892e-04	   9.6745187916075198e-02	   2.1525087722524167e-01	   5.8117478846476212e-01	   4.1214265460599642e-01	   7.0582495599299716e-02	  -6.7122018452988014e-02	   2.8983443947254339e-01	   2.1284380413643908e-01	   4.7424418891831266e-01	   5.1356258090287554e-01	   4.1766626275389296e-01	   3.4553764178985596e-01	   3.0185336874789881e-01	   5.5979501029206225e-01	   3.8904425678793919e-01	   3.9100839451310176e-01	  -5.9831321278533141e-02	  -6.1878401151684505e-02	  -2.5663830402568182e-02	   1.7406999331052737e-02	   2.7465771354264279e-01	   2.2350172798681522e-01	   1.9259346376940761e-01	   1.6809903262341666e-01	  -6.2362552471535871e-03	  -3.7209558429929391e-03	   4.7892816142950795e-02	   9.9108399824405072e-02	  -5.5015540176278823e-03	   4.4937799080443136e-01	   3.0023954348469040e-01	   2.1823306353458224e-01	   2.5117205768457063e-01	   4.6340440278651562e-01	   3.6668454317125687e-01	   2.3040864669097094e-01	   2.8476499421429891e-01	   3.2162544751514827e-01	   3.6506830864933848e-01	   2.4690520003276170e-01	   4.3783926947571578e-01	   1.1725347396076582e-01	   3.0164790580522699e-01	   2.1189188248037003e-01	  -1.4673244644353108e-02	   3.7106687886850363e-02	   3.6677668022138737e-01	   2.0043647957271327e-01	   2.0534748270541683e-01	   6.7319690476282668e-02	   1.3338514947807467e-01	  -2.2647030870986701e-02	   1.5961047394455749e-01	   3.3336490127832497e-01	   5.2936587427034454e-01	   5.2225897615581540e-01	   3.5264284721813594e-01	   2.8506728301629836e-01	   8.5787870164162928e-03	   7.4573733346636070e-02	   6.4700916814650622e-02	  -6.0992407839842465e-02	   1.4487893530005252e-01	   7.9741934689487898e-02	  -1.0296200337697665e-01	  -8.5155503968478485e-02	   3.4494241680267135e-01	   2.4035326525078038e-01	   2.1414634236444166e-01	   3.7204598654214793e-01	   7.1710421407359184e-02	   4.6539257288319891e-01	   2.8058202043010932e-01	   5.0176127515148716e-01	   2.7858114478865470e-01	   4.0150944022998974e-01	   3.7339715139836815e-01	   3.3193801175068005e-01	   6.1399145769141072e-01	   8.2800395860224896e-01	   6.0731003970377662e-01	   6.3699950338616917e-01	   3.9552571055383692e-02	   3.9884031500983630e-02	   1.2529668946055883e-01	   7.6461843060003143e-02	   4.5866210392623474e-01	   4.3763261717047025e-01	   5.1231192498412637e-01	   3.9249099404968280e-01	   2.9137132191038811e-01	   5.4925270354315603e-01	   1.5135407486839411e-01	   1.9745972679387647e-01	   6.2795530771818031e-01	   4.2893282147797518e-01	  -1.2440924242328423e-01	   3.3611025405052009e-02	   1.6187997212145452e-01	   3.4454901429492452e-01	   4.0086166975925103e-01	   1.1995070299887740e-01	   7.7283601408317762e-02	  -9.4215664172469071e-02	
   2.0220394469831171e-01	   1.5142666737320734e-01	   6.0062238702853454e-01	   7.5550079225544164e-01	   4.6238963014464574e-01	   0.0000000000000000e+00	   5.1995636190194516e-01	   5.6015074423515765e-01	   8.3222953336893529e-02	   1.1912920918472851e+00	   4.4689771620331040e-02	  -1.6798193466082365e-01	   1.1187369954511486e-02	  -2.3975039125148306e-01	   4.7642765001807086e-01	   6.5738580166273730e-01	   9.0746540868005016e-02	   7.7429676709134809e-02	   2.6932012029474123e-01	   3.3798337453119009e-01	   6.5767182055126355e-02	   2.8814957398599550e-01	   3.4992680670544174e-01	   4.0915705154311466e-01	   5.1482057486078525e-01	   5.6306801533631679e-01	   5.9698434832975100e-01	   7.9508204803849114e-01	   1.0403956466073173e-01	  -5.3245909429878870e-02	   5.5771755198371006e-02	   1.8242210390160440e-01	   3.0072152166946831e-01	   3.6016403900478217e-01	   1.5104022336477302e-01	   1.6688634399207875e-01	   3.9896789682651518e-01	   2.7365961433984815e-01	   5.4827324008028078e-01	   4.1449939077540043e-01	   4.9112564774595602e-01	   2.6291640393043724e-02	   2.4538489258018370e-01	   1.9584998121013006e-01	   2.0660662165633270e-01	   3.3522592508352517e-01	   1.6170392081169593e-01	   2.5204600019757789e-01	   8.7912839215581504e-02	   2.9282865036730094e-01	   2.4946872141789114e-01	   3.2399117427995461e-01	   3.0505872989026611e-01	   4.2393557724378556e-02	   4.6396347560051376e-01	   3.4652428458850459e-01	   1.9508441855627009e-01	   1.9899179767759559e-01	   3.7193512005855867e-01	   4.7793996797226923e-01	   3.0367413536673465e-01	   1.9259141311833325e-01	   1.4970469888819804e-01	   1.5857583398094732e-01	   1.5592028629434312e-01	   3.8950034238966813e-01	   4.5159456238813184e-01	   5.8736277248399904e-01	   4.2954023041570105e-01	   3.2369167344230432e-01	   4.3179366003009742e-02	  -2.2791622364373251e-02	   2.4541921545938150e-01	   1.1799974310621243e-01	   1.6077122287939499e-01	   1.3183299893916151e-01	   1.8714143540017841e-01	   1.1188740109222872e-01	   3.4650020754221739e-01	   2.5610064732574672e-01	   1.3022994743078847e-01	   1.5637275223140343e-01	   2.3674698227487995e-01	   9.9766370586019198e-02	   7.6548167752239632e-02	   2.5644779098700343e-01	   1.9789620052348897e-01	   2.1710160987428714e-01	   5.5252473250527734e-01	   7.4310822461721771e-01	   3.5801616561692501e-01	   5.4959115538179937e-01	   6.3090861892500705e-01	   5.0333043698639368e-01	   5.5958825151187747e-02	   7.0982947489624968e-03	   3.1647407912030511e-03	   1.3390543397780236e-01	   4.0928289332177714e-01	   3.0443805946250052e-01	   5.8860715365396943e-01	   6.3475809634275793e-01	   4.8053711990751941e-01	   7.1678192996548240e-01	   2.1338914094467759e-01	   3.3546078123943412e-01	   3.2440764087726376e-01	   1.9936850288589361e-01	  -8.8792314187898392e-03	   2.5507966821534250e-01	   3.1614493551943840e-01	   3.0705092299682485e-01	   2.6311855089383707e-01	   3.1022284946354473e-01	   1.1825410389933538e-01	  -1.7454505103223089e-01	
   4.5557564250650096e-01	  -4.7441289293609608e-03	   1.4163050138096229e+00	   8.8473227798197063e-01	   5.8147732810886699e-01	   5.1995636190194516e-01	   0.0000000000000000e+00	   7.8286529692592088e-01	   4.8683072428147645e-01	   4.2397172465961247e-01	   5.2776127931226657e-01	   1.2390257944420302e-01	   6.9746101642682878e-01	   3.5357511889515592e-01	   9.3168390002448775e-01	   5.6554894786119647e-01	  -3.4147195508346558e-02	  -1.4142397917842198e-01	   4.3294075639076973e-01	   2.0512354018123533e-01	   2.5261520387736386e-01	   3.8512222932031365e-01	   7.3880661956386162e-01	   5.2884036181814853e-01	   2.6496442281472343e-01	   4.9010713615426227e-01	   1.3559496727939749e-01	   2.4195233281628270e-01	   2.8920864102972194e-01	   1.2992290991637867e-01	   5.1334918516694006e-01	   5.1184679635598529e-01	   7.1880441053321753e-01	   5.7860094116727756e-01	   4.6054588717766054e-01	   3.9147054545286541e-01	   2.3947481987847216e-01	   2.6800666702338666e-01	   2.1313876108036917e-01	   3.4421422309733840e-01	   3.3888318720869309e-01	   2.4378380413918346e-01	   4.5304039843333010e-01	   3.5042651433311189e-01	   4.4048245361918126e-01	   5.5172108585569535e-01	   5.1895002874644147e-01	   4.2199862072838024e-01	   3.6695776879095754e-01	   3.4340165925723842e-01	   6.7484248400150593e-01	   4.1644410076501059e-01	   6.9710610925110961e-01	   3.0694624274516441e-01	   5.9756806894938885e-01	   3.5353017997721464e-01	  -4.1610431374753447e-02	  -1.2156665898082576e-01	   6.4026002873099430e-01	   3.0319472983821860e-01	   4.4707241729722330e-01	   6.9831285956511377e-02	   1.0783839715193895e-01	  -2.9133999470279365e-02	   4.6314235509420582e-01	   4.1346289729685670e-01	   8.2715059725016260e-01	   6.3256549825208930e-01	   3.8653128602424092e-01	   1.3025116193130451e-01	   3.5260776677884476e-01	   3.7550550242371045e-01	   4.1001439556594199e-01	   2.0056757782094387e-01	   4.3770413010872689e-01	   3.3453663636433706e-01	   3.8740159713387617e-01	   3.3227187865956992e-01	   3.5814820026420197e-01	   2.1279589256148868e-01	   1.1975692716179187e-01	   2.7139978398599207e-01	   3.6733622219059547e-01	   2.1665605742613891e-01	   5.0254766441792720e-01	   5.7057925432799195e-01	   2.5491608610599736e-01	   3.2331169120239911e-01	   8.8222175930062119e-01	   4.2257941169284374e-01	   6.4328926605809467e-01	   9.0263149833418699e-01	   7.5224837896066188e-01	   8.2791370153257215e-01	   2.0089601956099992e-01	   6.3947131596342147e-02	   4.7800133347420160e-01	   3.0742958238940721e-01	   5.8743692621676069e-01	   5.9945623305253626e-01	   7.8799667570503895e-01	   8.0379035719219327e-01	   4.2702633017265629e-01	   7.5343707394574766e-01	   3.5274069052686263e-01	   4.8848856311566585e-01	   4.9787178871701387e-01	   6.4648254775629155e-01	   2.0650940437300699e-01	   2.9172796765955067e-01	   4.0453726558770559e-01	   3.7766181056057313e-01	   4.4447578210302074e-01	   4.3870164793877775e-01	   3.1787042766062362e-01	  -2.8482477510129642e-02	
   1.7861757218238150e-01	   1.1338602690122580e-01	   6.3090957002788217e-01	   1.0547307520326568e+00	   3.6360971413025900e-01	   5.6015074423515765e-01	   7.8286529692592088e-01	   0.0000000000000000e+00	   2.1370784410687160e-01	   2.5801655502515175e-01	   3.4802562813415344e-01	   4.9066452305877972e-01	   1.6823289354476151e-01	   3.9145747279353305e-01	   3.5986889323733889e-01	   5.5859990134736281e-01	   1.4203626875479750e-01	   1.6007276073070726e-03	   4.2250836641458478e-01	   4.4153540460724489e-01	   2.0163213465991853e-01	   2.1762651910298961e-01	   2.9742988714780977e-01	   4.0054575528697645e-01	   1.5926253471680276e-02	   1.7647933258199736e-01	   1.0078711481801996e-02	   9.0439103825569328e-02	   4.7350381447103318e-01	   4.9157936559623633e-01	   4.4497950972377176e-01	   4.8559137811159908e-01	   7.3525803186037564e-01	   7.7327681944936510e-01	   8.7800331098111223e-02	   1.6538378267838724e-01	   1.1713330118391675e-01	   1.7428193654856894e-01	   2.0929317444732484e-01	   5.0315966368502407e-01	   1.5098166414089137e-01	   5.3262896659820598e-02	   3.1053084841965495e-01	   2.1212726208850297e-01	   2.1599852080427626e-01	   2.7743717353437158e-01	   3.0727666432221856e-01	   3.6306582626953365e-01	   3.0961511702564581e-01	   3.5939242372921831e-01	   5.0178641827617321e-01	   4.1972873390200832e-01	   4.3159096227141647e-01	   1.9191939817244499e-01	   3.7228352513951779e-01	   3.6321410692052442e-01	  -3.0326612985705201e-02	   1.7882886588031405e-02	   3.7410653554642065e-01	   4.2552598959197008e-01	   3.9259121630351412e-01	   4.3654780867083043e-01	   2.7187617169998601e-01	   3.1171675776992219e-01	   7.5794361126156451e-02	   4.1854677372721516e-01	   4.1304467065412115e-01	   3.7803966793886279e-01	   1.7085960351747609e-01	  -4.8889065427327280e-02	   2.3398185423230571e-02	   1.5717577785581499e-01	   2.2043929355137493e-01	   1.5280067499038671e-01	   3.2171256464290421e-01	   2.5061620202187446e-01	   4.5113218892177143e-01	   4.7731737225798493e-01	   4.6613967784138288e-01	   1.3574557083530039e-01	   3.0842421705206580e-01	   2.7775005569579136e-01	   1.0979230374014991e-01	   3.1751334538329223e-01	   7.3691337716913635e-02	   3.2596227881404449e-01	  -1.4083886656542349e-01	   4.4033279009253287e-02	   4.3861520179687780e-01	   3.8388997401823455e-01	   5.3946246755249305e-01	   4.1036113554720566e-01	   6.3096928339428093e-01	   2.1211446132683306e-01	   1.5103296983864695e-01	   7.0705212961156741e-02	   2.0344121555615544e-01	   2.9714183537917510e-01	   5.4757164996682506e-01	   4.5886258993859796e-01	   8.5353815984689774e-01	   2.7807797598838080e-01	   7.2983740621668258e-01	   6.3010181897125117e-01	   5.0496351904185788e-01	   6.2632737160291807e-01	   4.9058261923863689e-01	   3.9560149683332252e-01	   5.9077856028450434e-02	   2.2676343422659950e-01	   1.9025569184553298e-01	   2.3932531606373492e-01	   3.8215038882568236e-01	   5.6663604072941354e-01	   4.8437045719917282e-01	   1.1936452563143780e-01	
   2.1333579807543998e-01	  -4.8355917047716294e-02	   4.3347333422745415e-01	   2.1021500159013598e-01	   1.1352701611574505e+00	   8.3222953336893529e-02	   4.8683072428147645e-01	   2.1370784410687160e-01	   0.0000000000000000e+00	  -1.5523536890865403e-01	  -4.3572412592350923e-02	   2.6849218632508283e-02	   9.8180171020549087e-02	   2.6268698010484637e-01	   4.9304449811590190e-01	   1.4776069862938171e-01	  -1.9236952920610569e-02	  -2.3224105581745513e-01	   2.7986419507681670e-01	   8.9761577987206284e-02	   3.2130461382445141e-01	   2.3405199246334199e-01	   1.9645554027809981e-01	   9.2096629809102284e-02	  -1.0021332316471721e-01	   1.4003319163497022e-01	  -5.4062714873488384e-02	  -5.8792197053695421e-02	  -6.3835027972520955e-02	   2.1197126972677987e-02	   2.3133426823714691e-03	  -4.1351033759150446e-02	   2.0121104148721469e-01	   9.3912184095613749e-02	   1.7025771218356178e-01	   1.2195212574340000e-01	  -8.0690388687629150e-02	  -1.0145170841806322e-01	  -3.4218146855259431e-02	   3.5476563893113346e-03	  -1.9681576202750367e-01	   4.6260974798310284e-01	   1.1059138471316206e-01	  -1.8992976707415616e-05	   1.6869751169786668e-01	   2.3519510023608020e-01	   2.8026505845432814e-01	   8.2221446471077819e-02	   2.2695500027798465e-01	   1.3682871578335909e-01	   2.0791759719433617e-01	   1.1412854078565189e-01	   2.5694633393354338e-01	   6.2574020899993713e-02	   2.0539588976185461e-01	   1.2960911882702084e-01	  -1.9889700036781782e-01	  -1.9631149250909513e-01	   1.4312174920961473e-01	  -4.8868619875131004e-02	   9.0166700724718635e-02	  -2.3616079191957472e-02	   3.5859325926342618e-02	  -1.3022298169342958e-01	   3.9102241774764727e-02	   1.7006312336814999e-01	   2.6538274482458479e-01	   2.3986132151977885e-01	   6.9090937434479430e-02	   1.1331841255834713e-01	  -5.6099491791573960e-02	   8.4076300821897848e-02	  -7.4582001302216164e-02	  -1.9267251127185023e-01	   1.1624804219581367e-01	   1.7371902245575464e-02	  -7.7326455313052211e-02	  -5.6673887084238060e-02	   1.3220779961682205e-01	  -1.1725307828812270e-02	   6.9038820447523491e-02	   1.3530725317060446e-01	  -1.0921560964242667e-01	   4.3271046235236799e-01	   1.1091326092405797e-01	   2.1571906812510408e-01	   2.9810068215169756e-03	   1.2064359601477698e-01	   1.1465705780555895e-01	  -3.1171773941066933e-02	   3.2894050777600625e-01	   4.6494776386014414e-01	   3.0080184426367673e-01	   3.9898157947742313e-01	   7.0091654965931238e-03	   1.1698549522242202e-01	   1.7911375284192496e-01	   1.2162254264777506e-01	   2.8276866135348344e-01	   3.3119122258066158e-01	   2.6879352262338313e-01	   1.9366531615634280e-01	   9.7475988925217499e-02	   3.2589604996950206e-01	   1.8326796299075628e-02	   1.3209911486011866e-01	   4.2188578109025665e-01	   2.5432154662400025e-01	  -8.3007556327385268e-02	   1.3340842447208607e-03	  -6.3390339672910034e-03	   1.2791364244470990e-01	   3.1471203502926814e-01	   5.5796377169655742e-02	   1.5045410939453913e-01	  -5.0889424980562488e-02	
   3.6395614098651730e-01	   1.3414539823948973e-01	   4.9918214207787348e-01	   5.0731286197811365e-01	   1.4011932909574176e-01	   1.1912920918472851e+00	   4.2397172465961247e-01	   2.5801655502515175e-01	  -1.5523536890865403e-01	   0.0000000000000000e+00	   1.3701623024702794e-01	  -3.3328456108084303e-01	   1.8741878574244425e-01	  -4.1182054702017512e-01	   5.3925944812386239e-01	   4.9540459290287103e-01	   8.2207993136282805e-03	   7.6726415628207104e-02	   2.3256734958495828e-01	   2.1673230565851237e-01	  -5.6010499590195884e-02	   2.0601290610770209e-01	   3.3850664379723111e-01	   3.2189803326929395e-01	   6.2211552665002401e-01	   5.9721632654640944e-01	   5.8889957991349473e-01	   7.4682730393161434e-01	  -7.3236740068200502e-03	  -1.9974720475922186e-01	   8.9364729438570933e-02	   1.7920001499313751e-01	   2.4617745523736573e-01	   3.0576476279184250e-01	   2.7861916005299792e-01	   3.0115984893997699e-01	   3.9106564827411661e-01	   3.1310628710788047e-01	   4.5890449986721188e-01	   2.9211480187284189e-01	   6.2912625420058466e-01	  -7.7621484261037696e-02	   3.3605881247642283e-01	   3.2934641961946948e-01	   3.0112368085217894e-01	   3.8332256247096569e-01	   2.1210078070851118e-01	   3.1540611001787089e-01	   5.2462298763424904e-02	   2.1076643132690956e-01	   1.9093941777120466e-01	   2.0586391254090647e-01	   2.1989123358298818e-01	   9.1595672480683801e-02	   4.1547310770421536e-01	   2.5588182502444246e-01	   3.6025399664448043e-01	   2.1897685245058962e-01	   4.2622444962947004e-01	   4.4445954861696274e-01	   3.6631555572830471e-01	   4.8745729909256061e-02	   6.0838203514816891e-02	   4.2772148176760318e-02	   3.4943455094286413e-01	   4.3112916157892489e-01	   4.2778945843048405e-01	   5.0719109505103910e-01	   5.7648841471426748e-01	   3.6667107958000261e-01	   1.6986414754459245e-01	   8.0917143716061124e-02	   3.1593162739739711e-01	   2.1391351388415714e-01	   9.5086250791865584e-02	   1.0721245373818895e-01	   1.4538502570755241e-01	   7.3360012233882152e-02	   2.3395535828663760e-01	   3.4042499375990959e-01	   3.0933935362161939e-02	   7.1554670016564473e-02	   3.3263749475797555e-01	  -8.6131885437282618e-02	   2.1320457892789885e-01	   2.0797578397340374e-01	   3.2450426441361641e-01	   2.7425636897865563e-01	   5.9192367474095964e-01	   6.6367494599748056e-01	   2.2516841985712355e-01	   4.9034794172165713e-01	   5.2549018972323269e-01	   5.4822691372044330e-01	   1.2376689487340093e-02	  -2.0567452349967882e-01	   5.1030730553914418e-02	   6.1470388048984949e-02	   3.1633132097298011e-01	   2.6496325258601711e-01	   4.2726298184153505e-01	   7.9233992613380766e-01	   2.9326740414076835e-01	   5.2273711708287363e-01	   1.0698974296749955e-01	   2.2223423324857117e-01	   1.3348149573939727e-01	   8.4718460081238428e-02	   5.5657876530611425e-02	   1.5099288457097054e-01	   3.8655935841860439e-01	   3.0380929676705193e-01	   1.6117338930816325e-01	   2.7299528917281646e-01	  -1.5232022345407416e-02	  -2.6107458798399263e-01	
   4.3272254009877537e-01	   2.1890401616521332e-01	   3.4364848977739937e-01	   2.0647778826664454e-01	   2.4162918553199401e-02	   4.4689771620331040e-02	   5.2776127931226657e-01	   3.4802562813415344e-01	  -4.3572412592350923e-02	   1.3701623024702794e-01	   0.0000000000000000e+00	   4.8827339733421821e-01	   9.4132396437429899e-01	   4.4097182212031460e-01	   4.0893492845562673e-01	   2.2656293196033997e-01	   3.3662907473790782e-01	   2.2485314677964346e-01	   2.6433634466622768e-01	   1.5617067649887043e-01	   2.6734296708945945e-02	   8.4733253835119954e-02	   2.3842849154070792e-01	   1.2142868850487808e-01	   1.8853237567906778e-01	   1.5093155520525903e-01	   1.3320915741470812e-01	   8.5873536976606088e-02	   3.5264401787780580e-01	   2.8108955900339333e-01	   3.1316688090957362e-01	   2.6850250992761016e-01	   4.7147487222398521e-01	   4.5300812609115676e-01	   2.9488841237524321e-01	   2.2221834604811855e-01	  -4.5555549599475428e-02	  -9.8589831227572696e-03	  -2.0329644047859619e-01	  -3.1166255941058180e-02	   3.9334235779145499e-01	  -1.7373306564873348e-01	   3.0644182472383180e-01	   3.0745670842367040e-01	   3.5038613929852191e-01	   3.2396052913024637e-01	   2.5349263921208132e-01	   2.8073693659101467e-01	   2.8373090987560612e-01	   2.5330679784969728e-01	   3.1582301861289108e-01	   1.8699716478561201e-01	   3.7998508972217271e-01	   3.4116824390043328e-02	   2.1329383494109633e-01	   1.0590000907080011e-01	   2.0764179266610278e-01	   2.0640851533844282e-01	   4.6957657605687791e-01	   2.0684303505609197e-01	   5.7474312505828018e-01	  -4.7709538114822571e-02	   4.4760217908078520e-01	   2.0559311674035149e-01	   2.7531835623377143e-01	   2.0044044146303452e-02	   3.8650321192429765e-01	   2.0158488258143520e-01	   3.0485085461718814e-01	   4.4087105489619922e-02	   2.6850764721306541e-01	   2.7876708462264038e-01	   3.8536333854271498e-01	   4.6508274832926694e-01	   3.5690307851449965e-01	   3.1223682935932962e-01	   3.9659764489578847e-01	   3.6796549564672942e-01	   2.4416467693063620e-01	   3.6838414487476212e-01	   3.5789778731521721e-01	   3.4170162561191947e-01	   2.1013902717095151e-01	   9.3136274012986187e-02	   4.4931254807066767e-01	   3.7435562194342553e-01	   1.9888127468207761e-01	   1.1807864178338257e-01	   5.8058487979777373e-01	   2.4348903267688399e-01	   2.4866012817575461e-01	   2.8019742543837328e-01	   1.7525333351979444e-01	   3.2304460030109883e-01	  -1.6235068634015021e-01	  -3.5563937879016672e-01	   1.5982123717844510e-01	  -3.1001038487570954e-02	   3.2287382130909065e-01	   2.5505935026609189e-01	   4.0580542410896109e-01	   4.4440921289844487e-01	   4.4263348919257639e-01	   3.4583133266052840e-01	   2.2525831754823347e-01	   1.6465314611867654e-01	   2.5318571885941865e-01	   2.7099528671033940e-01	   9.7021978998840547e-02	   2.4036618250446951e-02	   2.3466288512185088e-01	   1.2260119110291937e-01	   2.8783306453892948e-01	   3.3650803337472640e-01	   9.5559927360576530e-02	   9.7377310312566301e-02	
   2.6704536434831483e-01	   4.5282457469440396e-01	  -9.8535671273342715e-02	   1.0492079154005290e-01	  -5.5020321070053892e-04	  -1.6798193466082365e-01	   1.2390257944420302e-01	   4.9066452305877972e-01	   2.6849218632508283e-02	  -3.3328456108084303e-01	   4.8827339733421821e-01	   0.0000000000000000e+00	   1.4167514835867689e-01	   9.1024539233315704e-01	  -2.0520901897607530e-01	   1.4588196165141987e-01	   5.5988501997157936e-01	   3.7929265238955068e-01	   1.9903491164744719e-01	   3.1115051722408116e-01	   5.5783415400947792e-02	  -1.1557800653876732e-02	  -3.0410424781128714e-01	  -1.5053672262133613e-01	  -3.6127121855631944e-01	  -2.9712177958878305e-01	  -1.4399086589125365e-01	  -1.7751550930796778e-01	   5.0677415163103401e-01	   8.2587838521432222e-01	   4.8711125486066278e-02	   5.9502164507784323e-03	   2.5515924296790837e-01	   3.3264184406641523e-01	  -4.2836832320163692e-01	  -3.3198591763679985e-01	  -2.5864566777459674e-01	  -1.7161025910324898e-01	  -1.8639012735678406e-01	   5.9596257136337559e-02	  -2.1895374582711671e-01	   5.3129484057894416e-02	  -7.8292090095333070e-02	  -1.1371701032609453e-01	  -1.9405880978115117e-01	  -1.5290519168774433e-01	  -2.6473132362380358e-02	  -8.5799554127426302e-03	   2.7429471266331107e-01	   3.0645359939747352e-01	   1.3091527771334213e-01	   3.0825832956267124e-01	   1.4149148880240664e-01	  -1.2211856208592280e-01	   1.1080904174857907e-02	   1.9849506512964507e-01	   1.8724073370009051e-01	   2.9937052287148930e-01	   1.8396661364429409e-01	   2.9816159820414834e-01	   4.2607315970751786e-01	   5.2635355764951597e-01	   7.3023361149735133e-01	   7.2745752934399577e-01	  -2.9654584246250859e-01	  -9.2214918326249271e-02	  -4.2113830751823955e-02	  -7.5440644787753697e-02	  -1.0794899873891686e-01	  -2.2247493960852077e-01	  -1.1138218788205043e-01	   4.6943158443981760e-02	   8.5254039194903652e-02	   3.2503310678338981e-01	   3.1820397421000945e-01	   3.6141597723574026e-01	   3.1355781994584075e-01	   4.4000759322864075e-01	   3.5989370416554556e-01	   1.5010330189937512e-01	   5.7703566299335607e-01	   4.2804266321487877e-01	  -1.3520913673351420e-01	   4.1895004522668866e-01	  -5.8501298428247431e-02	   1.2937550286087632e-01	  -2.0396405246235483e-01	  -1.7088388811503843e-01	   1.0818887335916716e-01	   8.2664163208946637e-02	   1.5093238270916359e-01	  -1.5259138277967951e-01	  -1.6820664352087317e-01	  -3.5690038253696343e-01	  -6.6419520418802887e-03	  -8.6719950879057248e-02	   3.2292045155593543e-02	   1.1761084922057492e-01	   1.3054980897542409e-01	   1.8569088810014578e-01	   1.0380307300095067e-01	  -3.4779953359315247e-01	   4.3040656221303919e-01	   8.9737131820794763e-02	   2.7744710171903830e-01	   9.7579886816244202e-02	   9.8011974019185683e-02	   9.9590813236941772e-02	   8.0802448189330162e-02	   1.3550476066973627e-02	  -2.8103585366262041e-01	  -6.7445655289320089e-02	   2.5554901422232514e-02	   2.2130806154960075e-01	   2.0896387862772070e-01	   1.2999943370776068e-01	
   5.5075907010461367e-01	   8.2495486765194692e-02	   4.9470147285581306e-01	   1.8191025626899401e-01	   9.6745187916075198e-02	   1.1187369954511486e-02	   6.9746101642682878e-01	   1.6823289354476151e-01	   9.8180171020549087e-02	   1.8741878574244425e-01	   9.4132396437429899e-01	   1.4167514835867689e-01	   0.0000000000000000e+00	   4.4048346314766573e-01	   6.2070479768603759e-01	   1.7427977757162275e-01	  -6.1316771006130304e-02	  -4.2107494522269084e-02	   1.2904353755512515e-01	  -9.2748800176758808e-02	   2.2804105085546705e-01	   3.3044437908609003e-01	   4.8723291525882079e-01	   2.4488420021580357e-01	   3.7962532610905120e-01	   3.6555983395449448e-01	   2.2145183582156347e-01	   1.8413962358358399e-01	   1.7607917320754821e-01	   4.2765893655536236e-02	   3.4132378567019861e-01	   3.0621664598541487e-01	   3.7928947290462273e-01	   3.4488567666224135e-01	   6.7543794487153097e-01	   5.3328062558256928e-01	   1.1155236206415840e-01	   1.9146125374266690e-01	  -4.8829488458283304e-02	   1.9827995537388204e-02	   4.4744076430316060e-01	   1.9546480913114744e-01	   2.8795718521121533e-01	   2.8116879815741819e-01	   4.7473182684940085e-01	   4.2610368371204704e-01	   3.4075873344801283e-01	   2.2910851474372823e-01	   2.9314910447969333e-01	   1.2911436307564964e-01	   3.6399749124504582e-01	   9.0052025247921177e-02	   3.7873020383087963e-01	   6.4688125287333101e-02	   3.0910186419632990e-01	   2.2337269017372811e-02	  -2.8815932483798829e-04	  -2.2899931638097171e-02	   5.1999586479540305e-01	   2.0019856484780399e-01	   3.9235999774182984e-01	  -1.5236953356514676e-01	   7.3525200487002201e-02	  -8.9394942335857139e-02	   5.9806445209694536e-01	   1.8402497944576293e-01	   4.8447657055516058e-01	   2.8303321570395296e-01	   2.5778682947340975e-01	   4.0999447066229135e-02	   4.5804642772564047e-01	   3.6412970595951560e-01	   3.6667068377813877e-01	   3.1182416011635850e-01	   3.1143994523787794e-01	   2.7835706866515941e-01	   3.1874261501807322e-01	   2.6623656336591250e-01	   2.7781801841174927e-02	   1.6025550623977397e-01	   2.3737494064789227e-02	   1.9862345433224271e-01	   5.7438618328106994e-01	   8.4287758308798436e-02	   6.1444282290905827e-01	   3.3258898560439765e-01	   4.8052687376879588e-01	   2.6362799993561192e-01	   6.3209833390743209e-01	   1.4129179215394930e-01	   3.5642698462609723e-01	   4.1321125238519207e-01	   3.0182988497985713e-01	   6.1850191835613710e-01	   1.2816508023067991e-01	  -1.2151274474626335e-01	   4.5473881194976212e-01	   3.9745751308853154e-02	   2.6059999892576036e-01	   2.4886350744346475e-01	   2.8890714367980824e-01	   6.2244235705393292e-01	   9.0860432362247764e-02	   2.1932568251945120e-01	   1.6988289805545398e-01	   1.4103807151031411e-01	   1.6620843333894858e-01	   3.0451899147012795e-01	   1.5883331528944611e-01	   2.2592260670983522e-01	   4.5244396474086790e-01	   2.6013963185993894e-01	   1.1076837036373333e-01	   1.1830790165869363e-01	  -4.2112212605912892e-02	  -2.0440700216056987e-01	
