   0.0000000000000000e+00	   7.4741764919285791e-01	   9.6720129981061753e-01	   9.3467065900272128e-01	   5.4922549162882162e-01	   6.2379953724742676e-01	   9.9050073067190758e-01	   8.3221354625744248e-01	   4.6811518263697516e-01	   2.8902443175922199e-01	   8.8660041721294569e-01	   5.6203085594426683e-01	   9.8496731031726581e-01	   6.6592128448730692e-01	   1.2102209801193546e+00	   1.0476647290065935e+00	   4.6042358464605243e-01	   5.5079701120451563e-01	   8.8096942274952039e-01	   7.0732518735751593e-01	   3.8751056306231502e-01	   1.2962569681980349e-01	   9.0155418642258212e-01	   9.1452220336690959e-01	   7.6403201462187442e-01	   6.2111233430237300e-01	   5.9199470335361248e-01	   8.3311895545601344e-01	   7.6590083826664968e-01	   5.8393400373340132e-01	   5.8286133825175801e-01	   7.2761685325227943e-01	   6.2035013860341981e-01	   6.0536455071197226e-01	   3.0272000600593429e-01	   3.2655384043455093e-01	   1.9403467444408856e-01	   3.4427849558817275e-01	   4.7329582447541818e-01	   5.1537049268590118e-01	   4.9331801076681991e-01	   5.7901993019605458e-01	   3.8481416968718324e-01	   3.4177729355017311e-01	   5.6860654734797433e-01	   4.1226263374173222e-01	   3.3723493678333122e-01	   3.6545632422666413e-01	   4.7760779352889904e-01	   4.0284494783047964e-01	   6.8906354012696736e-01	   5.2617296614660369e-01	   5.6705662349984187e-01	   6.4392361527669018e-01	   5.5325069799734228e-01	   6.1223146674709406e-01	   5.7202779036989315e-01	   5.6010420793753202e-01	   6.2061889344024324e-01	   3.9030046824669962e-01	   6.9795035414533457e-01	   5.1518960240773526e-01	   6.3964031421990042e-01	   4.2552725736464558e-01	   5.3352653825486396e-01	   4.6498793552337730e-01	   7.3999371815021320e-01	   4.5641301012983376e-01	   4.1741829179609091e-01	   2.8356234371654387e-01	   5.8846795298088250e-01	   2.5162712880776861e-01	   7.2048379092785075e-01	   6.3061923203444492e-01	   8.2328739141563112e-01	   3.0781090360466479e-01	   4.9153229364211054e-01	   6.1909559308986628e-01	   3.7572389876922402e-01	   6.3212595950843986e-01	   6.4200411757347264e-01	   7.8001720951919917e-01	   9.3492223982911227e-01	   9.3346771767959191e-01	   8.8020953602186736e-01	   8.7723365038845247e-01	   4.8193139463393586e-01	   6.0888795262929907e-01	   7.7748933710195811e-01	   7.8877851708017321e-01	   9.6457813105093893e-01	   1.0790860191130873e+00	   5.8553973879129706e-01	   7.2872213475616132e-01	   9.6074032795733413e-02	   3.6874155572487244e-01	   2.7395071476785238e-01	   3.9692540331888643e-01	   5.6675085829552496e-01	   5.9457925262517142e-01	   6.5694278083470958e-01	   6.3690176758361250e-01	   7.0178150482913115e-01	   6.9749223603018351e-01	   5.2461294809531211e-01	   4.4307101829459328e-01	   1.5080472731622463e-01	   5.0759224073816644e-01	  -3.9872189351390606e-02	  -7.6492362292094995e-02	   3.0904685919082026e-01	   5.6460474568681129e-01	   5.8235003300535837e-01	   2.2823479581456230e-01	   4.1398396065904985e-01	   4.0202309248701174e-01	
   7.4741764919285791e-01	   0.0000000000000000e+00	   1.9648963167827641e-01	   9.7446714578504068e-01	   3.0851945940012582e-01	   6.7629678645641178e-01	   2.7052735264095917e-01	   8.9011691932666925e-01	   3.0855757759583996e-01	   3.0744749713235159e-01	   5.3784744825863640e-01	   9.6910594103803460e-01	   3.5320876400028700e-01	   9.4344971362516050e-01	   4.0621509146421131e-01	   8.0765688931644686e-01	   7.5841744166103742e-01	   9.9380491505410673e-01	   2.7254729334091943e-01	   9.1269550863158533e-01	   5.0736311483126895e-01	   2.7298577585420269e-01	   2.5214416547800894e-01	   4.9054145195684745e-01	   4.3711686322707377e-01	   4.3213999528304226e-01	   3.7571161955309729e-01	   5.0132599316806270e-01	   5.6430564312947684e-01	   9.1371813808071478e-01	   2.5292880438435450e-01	   5.1635872914691849e-01	   4.8914201372428046e-01	   8.2809838026073490e-01	   7.6679047557445909e-02	   2.2248010381548039e-01	   5.1109701771459029e-02	   4.3017001745777766e-01	   4.5247254823861904e-01	   8.5565490363317287e-01	   5.9407847865546071e-01	   7.3131294198266439e-01	   7.1391593555941457e-01	   7.6165531183923141e-01	   9.9529536279946829e-01	   9.3916312060606189e-01	   6.9606993178227372e-01	   8.0965208558784274e-01	   9.0999323725255699e-01	   9.4882867350190003e-01	   1.0552582627214071e+00	   1.0818062614108135e+00	   9.8834156808361640e-01	   8.9145146847061318e-01	   9.5549802896842662e-01	   1.1392414981134378e+00	   6.0067435989643725e-01	   1.0756408096986658e+00	   7.6554690208185050e-01	   1.0312093188522298e+00	   4.3839804906828311e-01	   8.1616502107612421e-01	   7.4155544094674009e-01	   1.0267528730400062e+00	  -4.1455051228838920e-02	   2.5539916772378962e-01	   5.6604023723311725e-01	   9.3464939555627158e-01	   2.6418077924690853e-01	   2.5700261960089366e-01	  -1.0857062818283664e-02	   4.2572094164400931e-01	   4.9168548634192738e-01	   8.9919369395060911e-01	   4.0748838051538350e-01	   3.3497422174166380e-01	   5.5009722395539244e-02	   9.6404386923557039e-01	   4.0013081544364587e-01	   6.1961755671540297e-01	   7.9282214243049687e-01	   1.0309226277565939e+00	   4.8972399766855723e-01	   7.8581875811931601e-01	   3.5423924569813880e-01	   6.4792735366287713e-01	   3.0538560964731815e-01	   5.0635540536345247e-01	   6.9274003206610768e-01	   1.1862545127767534e+00	   1.1124292991860785e+00	   5.4891636865416138e-01	   3.5539880535799212e-01	   5.1043337884275210e-02	  -1.0546900538597968e-01	   5.6563353970259567e-01	   5.4030049165721605e-01	   8.6236760752669595e-01	   1.0871484098378128e+00	   9.0916055530380224e-01	   5.5837079118696309e-01	   1.5235864258159329e-01	   8.5250558639664009e-01	   3.9609334515247696e-01	   6.2572648720090696e-01	   3.2488900814682087e-01	   2.4405194005057879e-01	   2.9323826716154555e-01	  -1.0920754422834442e-01	   1.6013566105993499e-01	   4.9125772679200647e-01	   7.1378518736149243e-01	   4.9855991387521170e-01	   3.1466309069458054e-01	   4.3890525055661211e-01	   3.8280537189911840e-01	
   9.6720129981061753e-01	   1.9648963167827641e-01	   0.0000000000000000e+00	   6.5268756778951764e-01	   4.8076318952079022e-01	   1.9742966330895503e-01	   1.4985432505445420e+00	   5.5358320810666051e-01	   3.5424558200235545e-01	   1.9319523045343165e-01	   4.6883698704645405e-01	   7.8056857486475256e-02	   7.3792456948400464e-01	   1.7106001381749883e-01	   1.1167635847132618e+00	   6.9238750096574664e-01	   3.9552549702439051e-02	   9.9879876691196218e-02	   9.7079055955004079e-01	   3.6572864981889325e-01	   2.6667209152253618e-01	   3.3849177160924108e-02	   1.3601439523240102e+00	   9.8175456403552641e-01	   7.1738209451068646e-01	   6.1557001217392582e-01	   4.9070948061764941e-01	   6.9953248184954164e-01	   4.4100671315121109e-01	   1.5092764917980353e-01	   1.0322722786257261e+00	   8.6189929697839540e-01	   6.7459496393428897e-01	   4.7948478213526907e-01	   6.1643826373116095e-01	   5.3676658146836653e-01	   2.5182136702620689e-01	   1.2984850724125352e-01	   3.5636094211651032e-01	   1.5900378205694682e-01	   6.9480905654549299e-02	   1.9085833389405404e-01	  -4.6066908935987992e-02	  -1.4592455349054317e-01	   1.6210175863180537e-01	  -5.8528773015741484e-02	  -1.3435402862351675e-01	  -1.3797961351803689e-01	  -1.8043453642669287e-02	  -7.7042602686608647e-02	   2.1419640568215131e-01	   5.6182904244773894e-02	   2.4191161198254710e-02	   1.9233769850257482e-01	   5.4338531758362250e-02	   5.8267066849544517e-02	   1.7238035123092885e-01	   2.2274617903178423e-01	   3.0766115205945743e-01	  -4.6008295576543429e-02	   6.0706073406782424e-01	   1.3467980587454997e-01	   3.4372122174976089e-01	   4.6476031148435272e-02	   1.0639120699620310e+00	   5.5098830369459328e-01	   6.5611617419341606e-01	   1.1748930424866208e-01	   3.5202700395228598e-01	   3.0296243729400468e-01	   7.6090570380169886e-01	   4.3667054831545149e-02	   4.0053654354037083e-01	   1.7308904870939446e-01	   4.7075463350337710e-01	   2.8562948180671992e-02	   4.8565242769250738e-01	   1.9467689201794131e-01	   3.0012484214807600e-01	   3.5235799589684191e-01	   3.4720266141971406e-01	   3.4902757897395836e-01	   7.4260559831496409e-01	   6.8944092014850367e-01	   8.9247579875856631e-01	   6.7753401874584884e-01	   4.0792636457785070e-01	   6.6140612938423504e-01	   5.8986415450670382e-01	   3.6436303954995042e-01	   3.8410653647909926e-01	   7.3606368668579814e-01	   6.6015872836347333e-01	   1.0681186757638110e+00	   2.7304548287451413e-01	   2.3179857181383168e-01	   8.9760090767758427e-02	  -3.3180534560140265e-02	   4.2576011575854805e-02	   5.3849497587029456e-02	   6.1139752101672229e-01	   7.8167089025852743e-01	   4.5976162195833320e-01	   5.7857521551953128e-01	   3.9934691810283862e-01	   4.2018874932175959e-01	   6.1386485606338269e-02	   5.8131688418800653e-01	   1.0264714392834731e-01	  -1.1415590423192110e-01	   1.4619983094800348e-01	   1.1481618174289621e-01	   2.9065559823661780e-01	   1.0518426563575037e-01	   3.4708009988589550e-01	   3.8938780900493419e-01	
   9.3467065900272128e-01	   9.7446714578504068e-01	   6.5268756778951764e-01	   0.0000000000000000e+00	   3.0611204270997483e-01	   4.3085064397106210e-01	   6.0583613812984694e-01	   1.3412300417808682e+00	   2.6213500035965454e-01	   2.9567932342845510e-01	   3.6238760706436968e-01	   6.1955948400971717e-01	   4.4595440516745710e-01	   6.7804182299492710e-01	   6.8416725820554281e-01	   1.0713382201572945e+00	   3.4372096927292362e-01	   5.4967503600415357e-01	   4.4252098794968781e-01	   7.2657658084117471e-01	   3.8932469883702503e-01	   1.9345659962830583e-01	   7.4956400759600483e-01	   1.2099905548819410e+00	   7.3418353190555119e-01	   8.7684009049046496e-01	   5.3936184584654256e-01	   7.5490669340936800e-01	   3.6425890793925986e-01	   4.3628401508742365e-01	   7.1917437687430907e-01	   1.0192879410231219e+00	   5.8201304714142110e-01	   8.1808266024985399e-01	   5.0548693162347669e-01	   6.6583225008617797e-01	   2.2481000792386327e-01	   3.9699363141908411e-01	   4.5363577479971751e-01	   7.0549672767767513e-01	   4.2332889009961533e-01	   4.4293007584642835e-01	   4.3507817927598702e-01	   3.6263030235227400e-01	   7.0560345142417713e-01	   5.3676632352676756e-01	   3.3924247534618884e-01	   3.5498043904109955e-01	   4.6868841096525216e-01	   5.4420335751968474e-01	   7.6047423205858433e-01	   6.8913290636471747e-01	   5.3152249052611533e-01	   5.5023054834881213e-01	   5.6241556685783467e-01	   6.2008460648116093e-01	   3.6630964109893083e-01	   7.1944984433808323e-01	   5.6111208790117773e-01	   6.0357718022447771e-01	   5.5849443731652360e-01	   6.7945184034897610e-01	   4.2847685026753962e-01	   4.5096124832987877e-01	   5.0269223004720431e-01	   8.2602435449619926e-01	   8.2044502068668024e-01	   7.8745611624364975e-01	   4.0491184112065398e-01	   4.4651078805139699e-01	   3.2575208579710274e-01	   4.9044959464514176e-01	   4.3944631273009704e-01	   5.7436354295042713e-01	   4.9283876151467398e-01	   2.0791193098750355e-01	   1.5094823851914144e-01	   6.5544878220968994e-01	   3.1400159369410408e-01	   5.3590960533991483e-01	   6.1423484714400045e-01	   7.1890111241486920e-01	   6.6766820125992377e-01	   1.0123792388034729e+00	   7.1752096803290177e-01	   8.8287696649158620e-01	   4.2299156795268000e-01	   8.1754755028389159e-01	   7.0910103886631781e-01	   9.9606600167119330e-01	   9.6822627541540118e-01	   7.4398896680211002e-01	   7.3540691293568283e-01	   4.6786467190594994e-01	  -4.0292142856294913e-02	   4.2726204868996986e-01	   3.5462739133496823e-01	   4.6239397306604635e-01	   6.1572029450317944e-01	   5.2501626811214241e-01	   9.4612542228249008e-01	   4.6988683437811718e-01	   8.2767889900121372e-01	   4.9225735553310845e-01	   7.9956901580031836e-01	   4.6789059539699390e-01	   2.5913102991935522e-01	   3.4404449965951089e-01	  -1.0745992485391882e-01	   3.9660396388131201e-02	   4.9534058249480228e-01	   5.7676290792183782e-01	   5.2030705158927026e-01	   2.1207056068255625e-01	   5.0031844372904755e-01	   5.8438950063785600e-01	
   5.4922549162882162e-01	   3.0851945940012582e-01	   4.8076318952079022e-01	   3.0611204270997483e-01	   0.0000000000000000e+00	   5.8092793623897410e-01	   4.9915899503297295e-01	   3.6194035400678126e-01	   1.3566905158028439e+00	   7.0347687959975813e-01	   4.1111671180790971e-01	   3.4550106056120411e-01	   4.0244685003141834e-01	   2.7027902665882225e-01	   6.5752877154157041e-01	   5.2950278062587797e-01	   2.1295360009963957e-01	   2.9054976243660424e-01	   3.3280437331076734e-01	   2.3253280950840177e-01	   1.1614760001959702e-01	   4.3170861940576410e-01	   4.0873815092283444e-01	   3.2840144755844969e-01	   3.6013608361888583e-01	  -2.3478728726205988e-02	  -1.2420846086886422e-01	   2.5843822953619194e-01	   3.3569033802269038e-01	   3.2231555726373529e-01	   1.5970066637052405e-01	   1.9534496909819679e-01	   1.2756528998068822e-01	   1.4176788282789346e-01	  -1.0009640665819797e-01	  -7.8365635059868224e-02	   3.4142566917272898e-01	   2.1245392606546953e-01	   5.2417781818020281e-01	   3.3514647765348576e-01	  -1.0157632743435716e-01	   5.5983491278072074e-03	   2.8935775471614072e-01	   2.7016468227941076e-01	   4.0333300268452554e-01	   2.8600435251803630e-01	   3.0911187077529123e-01	   3.6068047885680149e-01	   4.0419988539851776e-01	   3.4375967326944717e-01	   4.4732179254537796e-01	   4.1956183503361139e-01	   4.7996484411798229e-01	   4.8748224417131503e-01	   5.1588142648564073e-01	   5.0783824358735030e-01	   1.6731843651599476e-01	   1.6479901865455504e-01	   3.0916925064016215e-01	   2.7800307416727710e-01	   2.7105839800191001e-01	   2.3963971942645912e-01	   2.9637633049873746e-01	   2.6674877452385137e-01	   1.8061423752864092e-01	   1.4061246802812916e-01	   2.1645086954971518e-01	   1.5506834322915175e-01	  -9.2697788331475350e-02	  -6.6673014193171509e-02	   2.1395074984460569e-01	   9.7123445456195723e-02	   1.0610331467307947e-01	   1.4910413537511341e-01	   1.5546935758852565e-01	   5.6845924020361212e-02	   2.2359971259366920e-01	   1.7805083200516275e-01	   1.7776533068787342e-01	   6.5661627791899185e-02	   2.1599901190878060e-01	   2.5278529099640767e-01	   3.1378004955068761e-01	   1.4702205703223920e-01	   2.6085843090913624e-01	   2.5783824413439638e-01	  -2.6272337776582677e-01	   2.2919479580934859e-01	   5.7484500343905187e-01	   4.1016820762133244e-01	   5.6637909674810516e-01	   8.0096619264505220e-01	   3.5810327546948423e-01	   4.5065697112810427e-01	  -1.5088167007990034e-02	   1.4972393061992670e-01	   2.9560128226729221e-01	   3.9285654118916258e-01	   5.3141149560664380e-01	   5.1739185411027833e-01	   2.1703380915632006e-01	   3.4033463840996897e-02	   4.4859396456341183e-01	   1.4985540280224594e-02	   1.8145343006667752e-01	  -1.5992319239442818e-02	   6.2083696445007108e-01	   6.6319017658571655e-01	  -3.6017840151517638e-01	  -2.4398414306493960e-01	   2.0184504553158278e-01	   3.0057646717542208e-01	   7.6069895100759521e-01	   3.0414436172693482e-01	   7.8492238571817488e-02	   1.3774725290339301e-01	
   6.2379953724742676e-01	   6.7629678645641178e-01	   1.9742966330895503e-01	   4.3085064397106210e-01	   5.8092793623897410e-01	   0.0000000000000000e+00	   2.6443841590484318e-01	   5.2370960381996667e-01	   6.3130052842828266e-01	   6.5452383725696828e-01	   5.2160763018610634e-01	   7.0301389161438554e-01	   4.6611819721679298e-01	   5.4003452418390685e-01	   4.8315219187161029e-01	   6.3865249268651980e-01	   2.9642843027467813e-01	   4.3693903759040509e-01	   2.9028759920523339e-01	   4.2711755484475172e-01	   2.8210349792322353e-01	   1.9789441689602208e-01	   1.8420987499784380e-01	   2.8137122763982458e-01	   2.3937592740076136e-01	   1.2099085469135433e-01	   2.6173210520144607e-01	   4.6979567189955318e-01	   4.4863468942696311e-01	   4.1269910667690624e-01	  -4.7021459112597339e-03	   1.2052100413603528e-01	   6.7489645091730999e-02	   2.4217652341908391e-01	  -2.0207489104140741e-01	  -8.7219771813490374e-02	  -1.7663334031579192e-01	   8.0858090316712677e-02	   4.4226376329150818e-01	   4.5008289544728908e-01	   2.7625007168114901e-01	   2.6449534276042225e-01	   4.9894965776402528e-01	   5.5848447775199039e-01	   5.4440220792682714e-01	   6.1096910590948950e-01	   5.9990332733918972e-01	   7.2010730827422709e-01	   6.4006586077583139e-01	   6.3261285741229023e-01	   5.7376024242640922e-01	   6.6459230946230452e-01	   6.9592102012738644e-01	   8.2009396076211327e-01	   6.5936280515414891e-01	   8.2200629930253122e-01	   3.0221610036624436e-01	   3.6856350784173142e-01	   5.6286856012031394e-01	   6.2122336056898508e-01	   4.0487680180418767e-01	   6.5371852871517500e-01	   4.9760831365153568e-01	   5.6007029953904797e-01	  -1.9424671469138986e-02	   1.2786795384591765e-01	   1.5486190094194352e-01	   2.9451370991037140e-01	  -1.2885841942933726e-02	  -9.2298836418859123e-02	  -6.8129113681567349e-02	   2.8591881582713591e-01	   2.3323144046968525e-01	   3.6268745574546668e-01	   3.1032120927278856e-01	   2.1426530364556226e-01	  -2.3220027536319354e-02	   2.7997920088761685e-01	   1.8365366618770935e-02	   2.8853697888803559e-01	   2.4313597803068926e-01	   3.5292214778276659e-01	   3.7356513381266271e-01	   1.7118976529494304e-01	   1.6892741305591480e-01	   1.7793440596360607e-01	   1.5662034825978394e-01	   2.7439030717718863e-02	   4.7172690675525941e-01	   6.8466710135213849e-01	   6.8506816103666202e-01	   6.0726316059674834e-01	   2.4715582876869213e-01	   2.2278342059511083e-01	   1.4925914606939119e-02	   2.8109745413269704e-01	   3.4236447261478803e-01	   6.3368230885246202e-01	   6.6669239127035196e-01	   6.9077259574250927e-01	   3.2955254974710241e-01	   2.7059353771765643e-01	   6.0458701082356414e-01	   3.7300161526058201e-01	   3.7329364039261503e-01	   2.0442132442119929e-01	   2.7516750093854953e-01	   3.3295270406475413e-01	   7.5980966812559766e-02	   1.2239958894208419e-01	   2.3837372763246384e-01	   5.4550489945093761e-01	   4.1978707690163092e-01	   1.5799610195551600e-01	   2.6658737853429393e-01	   3.2089848793143039e-01	
   9.9050073067190758e-01	   2.7052735264095917e-01	   1.4985432505445420e+00	   6.0583613812984694e-01	   4.9915899503297295e-01	   2.6443841590484318e-01	   0.0000000000000000e+00	   7.0895288040167792e-01	   4.5054263758034091e-01	   2.2240876362585438e-01	   6.7227523858544569e-01	   2.3004398251687302e-01	   9.4743002647563390e-01	   2.6139486776555593e-01	   1.0156194316032732e+00	   6.1462618684199155e-01	   2.2550663403580379e-01	   1.7703915778084084e-01	   9.1166117151606429e-01	   4.6355044932730360e-01	   2.1851249665472136e-01	   1.1960394923059944e-01	   9.6350854174154210e-01	   7.7745286176630557e-01	   4.3235769079344111e-01	   3.4659098380681042e-01	   2.7830674419400209e-01	   4.6396018017233209e-01	   6.4606018870375093e-01	   2.8124809284181290e-01	   7.9560171933930324e-01	   7.7550264252952616e-01	   7.8144516813576004e-01	   5.7684932941609746e-01	   3.4043492962819560e-01	   3.6561927490126334e-01	   1.0482250141621054e-01	   6.4665673536960885e-02	   2.9065279741610112e-01	   6.2545547807078591e-02	   5.6720517269049558e-02	   1.5602154090428508e-01	  -2.0299254283096861e-02	  -1.0550139801430979e-01	   2.0754789902439919e-01	   3.5815400094687887e-02	  -7.9111018058382193e-02	  -6.2058952557670570e-02	   6.4365051700587664e-02	   2.0063272244934156e-02	   2.1571517085910141e-01	   1.0324571855997704e-01	   1.1811384595921530e-01	   3.1899365327315771e-01	   9.5659546668343740e-02	   1.2705035153873107e-01	   2.9068908250653469e-01	   2.0751960198082445e-01	   2.9762959123952953e-01	  -3.8076523247267138e-02	   6.6470112354995292e-01	   2.3812824886043610e-01	   5.3811157384281816e-01	   1.7600217818547415e-01	   8.1135874696325405e-01	   5.3052737696566810e-01	   5.1058313490897400e-01	   1.0907274018662105e-01	   2.4466304231261107e-01	   1.9094815433328235e-01	   6.4386474541366912e-01	   8.2144111207856335e-02	   5.3866192936190904e-01	   2.4697819156514172e-01	   5.5186937740884534e-01	   9.2744931034196204e-02	   5.6874436777870874e-01	   2.9024973429197609e-01	   4.4701864675428060e-01	   3.8293307163836637e-01	   4.7176484596218543e-01	   4.4164221030430345e-01	   6.4799490724501585e-01	   5.9314337275338280e-01	   8.2653391450168856e-01	   6.7924591591345551e-01	   2.7662729714612844e-01	   5.7616173571857032e-01	   5.2864962509444713e-01	   4.0127339932656775e-01	   3.1871554170303651e-01	   6.7458843985795813e-01	   4.0892571288385932e-01	   8.1546514406267201e-01	   1.8049956044469442e-01	   2.0587971146756437e-01	   3.2713681825972847e-02	   3.0149649579023788e-02	   6.9136879007982127e-02	   1.1498361475578964e-01	   4.1355232211321991e-01	   6.1198371553857234e-01	   3.8397715630486362e-01	   5.0497758049359909e-01	   3.4473472610590256e-01	   3.2695124445258711e-01	   9.4985390640609194e-02	   5.3975565867124664e-01	   8.8454367086495483e-02	  -2.0458564961215117e-01	   2.5803415804256897e-02	   6.4142935759811934e-02	   2.3403004180150999e-01	   1.0731742456931129e-01	   2.5915056087849814e-01	   3.0704354126355549e-01	
   8.3221354625744248e-01	   8.9011691932666925e-01	   5.5358320810666051e-01	   1.3412300417808682e+00	   3.6194035400678126e-01	   5.2370960381996667e-01	   7.0895288040167792e-01	   0.0000000000000000e+00	   4.2821307383129414e-01	   4.8933443621004979e-01	   5.6061268490948646e-01	   8.8591023532249347e-01	   6.3782543116822077e-01	   7.9516661159954538e-01	   6.7821435868749025e-01	   9.0668199929412041e-01	   4.4489867477647876e-01	   5.6226357919891623e-01	   3.4788185646249670e-01	   6.7428037953169773e-01	   2.4500099967132630e-01	   2.8305590287186422e-01	   5.7225970085325562e-01	   8.7528196008512049e-01	   4.1316342145670248e-01	   4.3827614759302974e-01	   3.3621058413342553e-01	   4.7059490742455345e-01	   4.5932980534001894e-01	   4.9827859041285733e-01	   5.7067758877090990e-01	   8.5684385881092684e-01	   5.3319721361605754e-01	   7.4595171531992299e-01	   2.1278343786536094e-01	   4.4209299389860301e-01	   1.4640223087953349e-02	   1.9512806230870125e-01	   2.6490224594823558e-01	   4.5821153357215649e-01	   2.3611008315168031e-01	   2.8825495600707379e-01	   2.8305767061308607e-01	   2.4017797307863306e-01	   5.3905611176514645e-01	   4.7511056070902113e-01	   2.4819589424328187e-01	   2.9769309898568513e-01	   3.9341416207369445e-01	   5.1469508414141096e-01	   5.5566610246701387e-01	   5.7659826951020376e-01	   5.2826280041408102e-01	   7.2315580623619902e-01	   4.2746278158871115e-01	   5.4189546210932626e-01	   3.7485024284105728e-01	   5.3172079968193620e-01	   5.5546273013573133e-01	   5.1298909590784414e-01	   7.3172588794243243e-01	   9.1356200527698883e-01	   6.5633214886147651e-01	   5.8215198261130952e-01	   4.1726398151422589e-01	   8.2621845191409782e-01	   4.6539425976899718e-01	   5.0638558673927514e-01	   1.4988105032321469e-01	   3.3510986275387850e-01	   1.8719755333453525e-01	   4.1827880382559307e-01	   4.4680441326981502e-01	   5.7780682263431471e-01	   5.3097260438822114e-01	   2.7155402256659866e-01	   1.8694016117740989e-01	   5.9826945244289353e-01	   3.8229207905995055e-01	   4.7044802041199163e-01	   6.1520785249417387e-01	   6.7454312344325817e-01	   4.7748348615184338e-01	   6.6972046108550110e-01	   5.6087342296558929e-01	   6.7116231123119963e-01	   2.0210708946402506e-01	   5.0399162663655583e-01	   6.0333141002577417e-01	   9.1558675734785089e-01	   7.5048907812256893e-01	   7.2351614554073373e-01	   5.8278298152360852e-01	   4.5279286363105642e-01	   1.6583992997903426e-03	   4.0181662802239670e-01	   1.6819088193424481e-01	   3.7844941576195174e-01	   5.0761729723829241e-01	   4.4555949382334614e-01	   7.7413565480939961e-01	   4.3118131268936205e-01	   7.1601708656022267e-01	   4.6440653743034510e-01	   5.7734244425346137e-01	   2.7408405950921494e-01	   2.2849467689518638e-01	   2.4247359815700920e-01	  -8.0252417251102617e-02	   3.3142936243666841e-03	   2.5995812454704736e-01	   3.9379258198409389e-01	   3.7355867360761152e-01	   1.3448166642607765e-01	   3.2620988382880983e-01	   4.1460628120559628e-01	
   4.6811518263697516e-01	   3.0855757759583996e-01	   3.5424558200235545e-01	   2.6213500035965454e-01	   1.3566905158028439e+00	   6.3130052842828266e-01	   4.5054263758034091e-01	   4.2821307383129414e-01	   0.0000000000000000e+00	   1.0960719048598331e+00	   4.1434974234196048e-01	   4.0089863699628564e-01	   3.7101176362149263e-01	   2.5497952333456447e-01	   5.2342701353241328e-01	   4.0162459547735274e-01	   2.1752824248845160e-01	   2.9161960832359335e-01	   2.8452364285428344e-01	   2.2587143058399045e-01	   7.5007510453949822e-02	   4.1989495768678431e-01	   2.1315117767707359e-01	   1.8315523636073239e-01	   1.3579640257372730e-01	  -1.5403922838914785e-01	  -1.1182164682389095e-01	   7.6596873456312040e-02	   3.0038517001744658e-01	   3.0947090165039903e-01	   7.5084137086750630e-02	   1.2878086751330556e-01	   1.2734489222774323e-01	   1.5723643511859936e-01	  -2.2314227015464655e-01	  -1.1924173342811349e-01	   1.4823868454520350e-01	   1.5474688823233818e-01	   3.1386973908420374e-01	   2.4794459454905116e-01	  -1.3158253413989612e-01	   6.9121946836907783e-02	   2.4548096134677996e-01	   2.3111340093172333e-01	   3.7528428622401561e-01	   3.2199027754072457e-01	   3.0652968925848345e-01	   3.6253131798107385e-01	   4.0352716461308868e-01	   3.9458868750120490e-01	   3.5412262503047803e-01	   4.0963666080935612e-01	   4.3170795395215944e-01	   5.3104390945136737e-01	   3.8728875144679969e-01	   4.5715720982485641e-01	   2.3145952603458303e-01	   1.4929189666620113e-01	   4.4281643392895270e-01	   3.5309684716359363e-01	   4.8537536310233281e-01	   4.8146615151001587e-01	   4.3248290185721844e-01	   4.2258871640474471e-01	   1.5717849926438870e-01	   2.2790293477730650e-01	   1.0456832129314182e-01	   1.3541869141641588e-01	  -2.2592206662786962e-01	  -8.6068000006783232e-02	   9.3949768125113658e-02	   1.0177371481908916e-01	   1.2668043615042540e-01	   1.5811503833689389e-01	   1.4216944326451858e-01	   4.9068787071783256e-02	   1.7405810748223055e-01	   1.8106076824714348e-01	   1.0926029416138160e-01	  -2.0857908017979567e-02	   1.2176981176393198e-01	   2.0931882322791062e-01	   2.1639642671173823e-01	   9.0123428112697773e-02	   8.7899507403528421e-02	   1.2220852564011686e-01	  -2.0098206471348543e-01	   1.3398873142713569e-01	   4.5118958782795615e-01	   5.0987900542124021e-01	   5.0185839244979891e-01	   6.2148702034774317e-01	   2.6992984217544469e-01	   2.9222720683560804e-01	  -4.1314849090218049e-02	   2.7708996902059380e-01	   1.4190824767819654e-01	   4.4267227181059432e-01	   4.9117848570893213e-01	   4.6818207381656402e-01	   2.2174906216531323e-01	   9.7352442189331562e-02	   4.9779731636344882e-01	   1.6772418263824598e-01	   1.4567597669813276e-01	  -4.4106267176078337e-02	   4.7022105845450890e-01	   5.1711657613408435e-01	  -2.0846910965446674e-01	  -1.2940183416849926e-01	   7.9235516007040666e-02	   2.4069899816542634e-01	   5.0307689768393693e-01	   1.4760227645468030e-01	  -3.4024153443817204e-03	   3.2492298891512505e-02	
   2.8902443175922199e-01	   3.0744749713235159e-01	   1.9319523045343165e-01	   2.9567932342845510e-01	   7.0347687959975813e-01	   6.5452383725696828e-01	   2.2240876362585438e-01	   4.8933443621004979e-01	   1.0960719048598331e+00	   0.0000000000000000e+00	   2.1500953086052232e-01	   4.6857493118123733e-01	   2.2279495240455049e-01	   2.7762401029733091e-01	   3.9332721775453172e-01	   4.1093031321957918e-01	   1.0965616969115619e-01	   2.4739370903364011e-01	   1.4059717750449893e-01	   1.8232779709569177e-01	   6.7479496447803072e-02	   3.0940283925709577e-01	   1.1259399656837135e-01	   1.7109115857302726e-01	   8.8245176317736568e-02	  -7.4630992066680432e-02	   1.2484922531840491e-02	   1.2169912883391629e-01	   9.7988440130076251e-02	   1.2814244780576967e-01	   9.9889019738385140e-02	   1.4733244711557447e-01	   5.8640053338588148e-02	   1.2713280135573754e-01	  -1.7015936144996716e-01	  -1.9645083975132961e-02	  -2.1427621458152649e-02	   7.9392007529361833e-02	   2.4583445885684652e-01	   3.6748602907204447e-01	  -2.1862598628378549e-01	   6.6675970121337122e-02	   6.7762709005249597e-02	   6.2051603512719239e-02	   1.7435319687709361e-01	   1.5405288953564014e-01	   1.2701700746669001e-01	   2.1920713620936844e-01	   1.6609272508709919e-01	   2.4225940262730561e-01	   1.7830397455822722e-01	   2.6378048758050932e-01	   2.7517354605584576e-01	   5.2005784019476353e-01	   1.9445092916323770e-01	   3.4083543728400190e-01	   1.3283953342997171e-01	   1.5694351954207669e-01	   4.1035153169931338e-01	   3.8510265518372705e-01	   5.0068339034445430e-01	   6.3502191277908560e-01	   4.2012224190988756e-01	   4.3086634361126197e-01	   1.3210165264000950e-01	   2.7333226254235005e-01	  -9.6322694433728772e-03	   4.0372883393850825e-02	  -2.8242281871769509e-01	  -3.2742147312590709e-02	  -1.2986804590617068e-01	   1.2860836548214910e-01	   4.2880694003901891e-03	   1.6921664180096124e-01	   9.2278779929648766e-02	   6.8963758534479655e-02	  -1.5520697080271246e-02	   6.1000055603594665e-02	   5.4931881554704035e-02	   1.5080093618450576e-03	   6.1624426152062810e-02	   1.4511005022822535e-01	   1.1454130945031665e-01	   2.1258671512771103e-02	   1.8760231421686428e-02	   1.4372759490631506e-02	  -1.0513926111554701e-01	   4.9189461303775918e-02	   3.2687194575877021e-01	   5.1903229059255163e-01	   4.2092435387683541e-01	   4.5815720745970462e-01	   3.8877073419216457e-01	   2.2933937955807657e-01	   6.0979365530393868e-02	   2.8551293736436872e-01	   9.1779428497586496e-02	   3.4319024409380594e-01	   3.1280627517619380e-01	   2.8621903401705057e-01	   3.9097660079249541e-01	   2.3041239169937622e-01	   5.0830030261010628e-01	   2.1436333093705462e-01	   1.7262383249211904e-01	  -1.0672812087577954e-01	   3.2716796025959788e-01	   2.9874824311866549e-01	  -1.6758217948426964e-02	   1.7023364945408648e-01	   1.3939172239732806e-01	   1.7729253822006399e-01	   2.8588587217788791e-01	   8.7488413761783387e-02	   2.5487204020341176e-02	   6.0813704101729552e-02	
   8.8660041721294569e-01	   5.3784744825863640e-01	   4.6883698704645405e-01	   3.6238760706436968e-01	   4.1111671180790971e-01	   5.2160763018610634e-01	   6.7227523858544569e-01	   5.6061268490948646e-01	   4.1434974234196048e-01	   2.1500953086052232e-01	   0.0000000000000000e+00	   7.1224263739467031e-01	   1.3916113498264437e+00	   8.0603080071992095e-01	   7.9123392529209380e-01	   6.4197353889888542e-01	   6.2559933823779401e-01	   5.3741067067998161e-01	   4.6694509131604883e-01	   5.9212875365245177e-01	   1.8684719703442773e-01	   1.2643853240246150e-01	   4.9450845126991283e-01	   4.3557443920337535e-01	   4.0175946571153881e-01	   1.8498160607660744e-01	   2.9819048193385017e-01	   4.1369656490269857e-01	   9.3987431429388846e-01	   8.5090498804171422e-01	   2.3964826112676213e-01	   3.8864835030846001e-01	   5.0263900873071421e-01	   5.6679145463679059e-01	   3.3261606182323551e-02	   1.0032881743748245e-01	   2.5547406293760077e-02	   1.6171862437166193e-01	   2.3629117397126792e-01	   1.3239123901227332e-01	   4.0682040877565928e-01	   3.8377694602695456e-01	   2.6493143908994937e-01	   2.7218691115543886e-01	   3.6163239584608287e-01	   3.3008132778763527e-01	   2.6407438269079436e-01	   3.0753554431210339e-01	   3.8039011146308732e-01	   2.9776507067341240e-01	   4.7399993538802665e-01	   3.5727695252729774e-01	   5.0275760194923547e-01	   6.1209733927325771e-01	   4.2968395347104565e-01	   4.6252269975002502e-01	   3.6642323531060106e-01	   2.8003347312966304e-01	   3.5345328781604685e-01	   1.7797083854588153e-01	   5.0479019793740609e-01	   4.0376242987670785e-01	   7.1899617429764517e-01	   4.5108467097117871e-01	   2.1243318954091220e-01	   1.6399215129223893e-01	   3.4054399916803041e-01	   2.6541324175231279e-01	   2.1309087224764386e-01	   2.1577526016232981e-01	   3.4558072981121707e-01	   9.6469706435343500e-02	   7.2805878076695507e-01	   6.6444195684463592e-01	   7.2380116449600962e-01	   3.0722665709992214e-01	   5.3756895535740457e-01	   5.7741919419897592e-01	   4.7665577543574111e-01	   6.0404750847568645e-01	   6.5638050934373982e-01	   8.1893654787503301e-01	   6.4334842817705284e-01	   5.3560494358606070e-01	   6.0009764673665700e-01	   6.6360854730544716e-01	   2.3708762199904720e-01	   2.7630032413736461e-01	   5.5194476536123505e-01	   4.8849294395051118e-01	   4.8844514136237044e-01	   5.9179206314668065e-01	   1.5106594209250318e-01	   4.0121323465434128e-01	   5.3339292732536223e-02	   1.4324652478585570e-01	   1.8177514253450364e-01	   2.5489023363390073e-01	   3.7461582837602031e-01	   4.4467620143860326e-01	   2.5545488667178107e-01	   3.5565635763523978e-01	   3.9273549934399282e-01	   5.5118871468858099e-01	   3.1389042587117333e-01	   2.9868456811094707e-01	   8.7317063821662599e-02	   3.3282814937837835e-01	  -6.6009596074573421e-02	  -1.0374799595970319e-01	   1.2917784668235646e-01	   3.8750311833743722e-01	   2.6797951502760153e-01	   2.6493788626516201e-01	   2.5955235852724662e-01	   2.7304952360237322e-01	
   5.6203085594426683e-01	   9.6910594103803460e-01	   7.8056857486475256e-02	   6.1955948400971717e-01	   3.4550106056120411e-01	   7.0301389161438554e-01	   2.3004398251687302e-01	   8.8591023532249347e-01	   4.0089863699628564e-01	   4.6857493118123733e-01	   7.1224263739467031e-01	   0.0000000000000000e+00	   5.5344424571575179e-01	   1.6006758311063480e+00	   4.2284352464902430e-01	   7.6944999064733965e-01	   4.9248097727426821e-01	   6.0893791504258954e-01	   2.0026236139150801e-02	   4.8268567735089402e-01	   1.9605647522349021e-01	   4.1707796301392924e-01	   1.6944958596095844e-01	   3.9782263556134423e-01	   2.3331126630434812e-01	   1.9215445924308322e-01	   1.2904227862929574e-01	   2.9644800243479985e-01	   4.2043654355376581e-01	   6.2620355877296752e-01	   6.7589355841541257e-02	   2.8767062107340879e-01	   1.2700482089255147e-01	   4.0917393031208349e-01	  -1.4285642460104189e-01	   5.9148114384802344e-02	  -3.3160504992227599e-02	   3.0662042796536393e-01	   2.7077305730570345e-01	   5.3322398137165650e-01	   4.0846708636823337e-01	   4.0041810828884433e-01	   4.4095230261947244e-01	   5.1947957804679201e-01	   5.3973480687135844e-01	   6.7437475049883067e-01	   4.9191734037953005e-01	   6.0609565790673903e-01	   7.0683364157460815e-01	   8.5393225324770983e-01	   7.6374759520996682e-01	   8.9958391951271510e-01	   9.6794070820677280e-01	   1.0767700323496066e+00	   7.4364504196309689e-01	   8.9821013041647357e-01	   2.1891875270240518e-01	   3.3640125001710336e-01	   5.6107662796729552e-01	   8.2973283739952941e-01	   4.1514347519817330e-01	   1.0574497363828126e+00	   5.7642679453098966e-01	   7.7082042215501334e-01	  -9.3138308171899317e-02	   2.6206509191684718e-01	   2.0710867275939701e-01	   5.0996998049657061e-01	  -4.8648198737908176e-02	   5.0139130140505000e-02	  -1.0164440158964698e-01	   3.1621905905527076e-01	   3.2456246961778346e-01	   5.8348066057726888e-01	   4.0484397135931999e-01	   2.0169559172335710e-01	   4.5845144077736696e-02	   5.4607333728187724e-01	   2.6286592813789211e-01	   4.7075847814858468e-01	   5.9692428071128034e-01	   6.4860565057953279e-01	   2.9679664304975073e-01	   4.0540646323266150e-01	   3.0637296807524333e-01	   5.1956263773686251e-01	   1.4908053314877488e-02	   2.3498308750505181e-01	   5.6812598618238941e-01	   9.3427820371841575e-01	   7.1518759401412035e-01	   5.3330818769625943e-01	   2.3405918198060124e-01	   6.9947715736331489e-02	  -1.7639135795489913e-01	   2.5446881646107566e-01	   2.2252530872198539e-01	   5.2906082538299382e-01	   6.8839785229320383e-01	   6.6040291315318944e-01	   3.5204933502190944e-01	   5.2318582540065807e-02	   4.9698247218999592e-01	   2.3259719144967522e-01	   3.5414587183527152e-01	   1.1402323678401352e-01	   3.1615451813964718e-01	   1.9325972176210604e-01	  -1.5660000634019128e-01	   8.2095693753855420e-02	   2.7022224698251002e-01	   5.1421560091554497e-01	   3.4674424888925909e-01	   1.7119819022719307e-01	   2.3555726229921353e-01	   2.8574487164178736e-01	
   9.8496731031726581e-01	   3.5320876400028700e-01	   7.3792456948400464e-01	   4.4595440516745710e-01	   4.0244685003141834e-01	   4.6611819721679298e-01	   9.4743002647563390e-01	   6.3782543116822077e-01	   3.7101176362149263e-01	   2.2279495240455049e-01	   1.3916113498264437e+00	   5.5344424571575179e-01	   0.0000000000000000e+00	   6.6752219205236674e-01	   1.1998073883746116e+00	   7.5251937003577563e-01	   3.4022963629058939e-01	   2.9235644176864850e-01	   6.5479966837071668e-01	   5.2940744689514263e-01	   1.8656562836575641e-01	   8.7234279966522263e-02	   7.9031657260223898e-01	   6.7844679131838259e-01	   4.4784024508484832e-01	   3.1967951428702862e-01	   3.8099628885087655e-01	   5.2476796895702726e-01	   9.0340913342132922e-01	   5.6699471192903572e-01	   4.2349447460826617e-01	   5.2964609715608590e-01	   4.9461329315303171e-01	   4.9222309641085560e-01	   1.6989703304245396e-01	   2.2383733615378307e-01	  -3.4501455951975995e-03	   1.4717662022141337e-01	   1.7662167260460215e-01	   8.4124278032336491e-02	   3.1798290171794485e-01	   2.6898957157993370e-01	   1.1295756770451731e-01	   7.4918917159116014e-02	   2.3030030678952496e-01	   1.8150719356234957e-01	   9.4830618507740175e-02	   1.3497457320943423e-01	   1.9229594615383896e-01	   1.5124511823223208e-01	   3.1215811169768432e-01	   1.9404254064340937e-01	   3.0063611221917169e-01	   5.1148075496333445e-01	   2.3471360120006821e-01	   2.8479494379114195e-01	   2.3648543445742287e-01	   1.5904750488260752e-01	   2.5912953220035329e-01	   3.1775996855670653e-02	   5.4016003023362247e-01	   3.4794999996554504e-01	   5.3001447775158272e-01	   2.0327941028607249e-01	   4.9671581964913247e-01	   3.2444309375444857e-01	   3.1153469229904718e-01	   8.7446168776621022e-02	   2.8357401854829917e-01	   2.8107680560559606e-01	   4.6142775782688250e-01	   6.5464001106684058e-02	   6.7781950836132387e-01	   5.1865434813634415e-01	   7.6691499604697655e-01	   2.9506522206636765e-01	   6.0533235824633169e-01	   3.9121952778480834e-01	   3.7560193805665876e-01	   4.9284946673083663e-01	   4.9991226860740168e-01	   6.2564142537962086e-01	   8.4622081100070168e-01	   5.7616492213450687e-01	   8.5214649554982469e-01	   7.3581953358628371e-01	   3.4280471335467566e-01	   3.2889047911065628e-01	   4.7693400311430989e-01	   4.1273152104132399e-01	   4.0846509653038743e-01	   6.9014751236729421e-01	   3.0246805576709268e-01	   6.6239393917050604e-01	   1.4295892706880481e-01	   1.4296094716535279e-01	   6.7037713973140234e-02	   6.9877826875631016e-02	   1.8480090582383579e-01	   2.8305834846202976e-01	   3.2364250174621689e-01	   5.7728481725557357e-01	   3.0939361628623963e-01	   6.0064130262087068e-01	   2.9471162501384529e-01	   3.3695786931212918e-01	  -1.9294133958818186e-02	   3.3064650019555497e-01	   6.6881265611425045e-02	  -1.1874836129523636e-01	   1.0348107878564103e-01	   3.0304718152189075e-01	   2.1597959028617014e-01	   8.2038139414792002e-02	   2.5530501213344658e-01	   3.2531478943928677e-01	
