   0.0000000000000000e+00	   1.3223610301387823e+00	   8.1776996773080712e-01	   5.9228208239652713e-01	   5.7268082072191639e-01	   1.4570008289933709e-01	   6.1065966482733380e-01	   1.7382148642022813e-01	   4.5093599547735475e-01	   1.5953875418224611e-01	   8.6925913343172312e-01	   4.6983517440706368e-01	   8.3175856714287100e-01	   3.7348031721247898e-01	   8.7807468314797132e-01	   6.2172941904988377e-01	   7.9009330710794234e-01	   7.9685372622623185e-01	   1.0966526485207930e+00	   9.3044546968591935e-01	   3.1792823748172938e-01	   3.0887081916954534e-01	   5.1334719860981548e-01	   3.4858528009851403e-01	   6.1368663831726544e-01	   5.3195343364406877e-01	   7.2151363772700750e-01	   5.1165886065047195e-01	   6.6015381167770404e-01	   5.5093243938009495e-01	   2.6576216608547387e-01	   2.7238417124567155e-01	   9.1797856683404089e-01	   7.1235647745142172e-01	   3.5048358228193233e-01	   2.3947366272544676e-01	   3.8818033778144390e-01	   2.1825766072403974e-01	   4.9359584875702334e-01	   5.6252753549198176e-01	   5.9932190976690147e-01	   7.7544134817031929e-01	   6.3192501329014572e-01	   4.4546403107813476e-01	   2.2059112701084224e-01	   1.1209985089827593e-01	   8.3232615204946891e-01	   7.0844973180007198e-01	   4.6075643199017835e-01	   5.0058150987793992e-01	   7.7768072475010785e-01	   6.1525098645976173e-01	   7.1595594604036950e-01	   7.3326142728248533e-01	   9.4988075274171435e-01	   8.3336030811049511e-01	   1.1890594345719698e+00	   1.0733268691653728e+00	   7.2545112076231189e-01	   8.0864695621568794e-01	   8.0052016201967113e-01	   1.7864130053973973e-01	   7.1348316073276641e-01	   2.7641191002938648e-01	   4.0776737159245613e-01	   2.2813904282307629e-01	   3.5222020686479261e-01	   3.0545166406709712e-01	   1.0821300894795742e+00	   7.7659570448746584e-01	   2.3672360361378586e-01	  -1.0963687685277236e-01	   5.8333741387568927e-01	   4.1010945274757149e-01	   6.1608870936064108e-01	   3.4516273538039816e-01	   1.3163485000584682e-01	   5.3254124907380053e-02	   7.9575903867405628e-01	   8.9218338911405315e-01	   1.1335899896306705e+00	   1.0099241885386232e+00	   8.9591657481572828e-01	   8.6182394733044954e-01	   9.1751883995767625e-01	   7.4683312950036818e-01	   6.8975078524876343e-01	   5.7767992727290673e-01	   9.8393601503021921e-01	   7.4005964549172321e-01	   5.0983897190761662e-01	   7.5247903713946163e-01	   1.1511100669514397e-01	   4.4553156905564545e-01	   1.9683050926316359e-01	   3.2918221434432890e-02	   7.7400716826332827e-01	   6.7885315439522032e-01	   8.6123533496634175e-01	   8.5275542421931527e-01	   1.2712644878234233e-01	   5.8766824186659283e-01	   4.4319435867391466e-01	   7.5308723894983687e-01	   3.4150192884046021e-01	   3.5650505240482688e-01	   1.4323901697037728e-01	   2.3436839255384656e-01	   2.8755895668021092e-01	   4.3453724040933439e-01	   7.8249954964399182e-01	   6.4483792129677986e-01	   2.1390451047202585e-01	   3.2511354219424227e-01	   1.5378377800834814e-01	  -1.2322032614230517e-01	
   1.3223610301387823e+00	   0.0000000000000000e+00	   5.8395874100771306e-01	   5.8333965460270432e-01	   3.6115743117428678e-01	   1.2389472754644043e-01	   4.3196194848833303e-01	   1.3552635658454740e-01	   2.4444182076836585e-01	   1.3914006080961600e-01	   6.4678756776710777e-01	   3.7062723500109135e-01	   5.8047412927741260e-01	   2.7449124391336399e-01	   6.4660353524343650e-01	   5.3124091204526869e-01	   8.9786660034943944e-01	   9.7136905614751323e-01	   7.7349126740707597e-01	   8.1450659089595956e-01	   2.7182830112012529e-01	   3.2287599056902277e-01	   3.9488754868477172e-01	   3.5704122475727718e-01	   4.4638763665184233e-01	   5.1599092584664097e-01	   5.4620414722742394e-01	   4.7773910211708442e-01	   5.7683203835651786e-01	   4.9985106537606250e-01	   1.8738521785036696e-01	   2.0559737240132694e-01	   9.1212035003984271e-01	   6.5880032193579430e-01	   3.3742971547493450e-01	   2.8293970445960087e-01	   2.5910617107109774e-01	   6.9446245782880264e-02	   3.9758325495747515e-01	   5.4088911641577819e-01	   4.8855783718018991e-01	   6.0145571157176736e-01	   6.1744162847132866e-01	   5.4286473580901073e-01	   3.6172006189807510e-01	   2.7742947473452612e-01	   8.0858911399796007e-01	   7.5799975720522328e-01	   5.3848825648729914e-01	   5.6175718046640455e-01	   6.4671221670007650e-01	   5.1884966657433085e-01	   5.8438071317522966e-01	   6.8717506906423031e-01	   8.9929036751029012e-01	   8.7483049298169313e-01	   1.1596583952822324e+00	   1.3327276607279788e+00	   6.7934714432483412e-01	   8.1295708263808719e-01	   6.6444925615700323e-01	   1.7934375948847503e-01	   7.9664923375042440e-01	   3.4108447697996347e-01	   3.5784201189241099e-01	   2.3481671387747405e-01	   4.3150102190823503e-01	   4.2330657470338717e-01	   1.1033462255333850e+00	   9.2626034328870688e-01	   4.7121381035481143e-02	  -2.5305123379920652e-01	   4.3355201249353881e-01	   3.3139531456072552e-01	   3.8260400051853249e-01	   2.1754512865851094e-01	  -1.3301634762793878e-02	  -6.1282926358858694e-02	   8.1401167703697752e-01	   9.4740517018526904e-01	   1.1515939880414086e+00	   1.0335749942498229e+00	   7.6646091694983776e-01	   7.7964344530136065e-01	   9.0753409913222527e-01	   7.3036887417667873e-01	   6.7622442970583396e-01	   6.4762151626962416e-01	   9.3946378454506052e-01	   8.2298788086290342e-01	   4.0811605989034294e-01	   5.7787021433347374e-01	   9.3221680579249205e-02	   2.6686634137928589e-01	   1.8246899310868495e-01	   9.1030087403482784e-03	   6.7911656032645651e-01	   7.0459762190951913e-01	   7.4051809372612720e-01	   7.7072275198731688e-01	   1.0811633440750738e-01	   4.1131498348427425e-01	   4.0895512289614039e-01	   6.9397693922100800e-01	   3.0292074721949314e-01	   2.9598239463762155e-01	   3.8976737908595113e-02	   2.4436700883293100e-01	   1.8565322048961103e-01	   3.4654924484608379e-01	   6.7299924778777453e-01	   5.3697929376568376e-01	   4.5720443652072805e-02	   2.0155547581167957e-01	   2.7545604213718988e-02	  -1.3112441341258074e-01	
   8.1776996773080712e-01	   5.8395874100771306e-01	   0.0000000000000000e+00	   6.7330847653373260e-01	   8.0257735151807219e-01	   2.3046413754036887e-01	   1.0456519088762415e+00	   9.8450081182049509e-02	   9.0021670304542667e-01	   2.5489999249091011e-01	   3.5577905961944040e-01	   6.6132570497373325e-02	   5.8286535889848501e-01	   1.0074370570322186e-01	   9.7594763771518989e-01	   5.8565998036066791e-01	   1.5277375970818879e-01	   2.2521367611199516e-01	   1.0376778340918262e+00	   4.6707769851017583e-01	   7.3723778951863128e-01	   6.5056564626253732e-01	   1.3279463744159661e+00	   7.3068657048468832e-01	   1.3598849957722614e+00	   1.0185497847957823e+00	   1.2580819847368523e+00	   8.6944938303453356e-01	   2.4310017124062661e-01	   2.3685732977398100e-01	   8.5176045040868487e-01	   6.5033836235073850e-01	   8.4075112907747818e-01	   5.9604139692172475e-01	   8.0711986204876673e-01	   5.9899784236779507e-01	   7.0410248037308942e-01	   4.8012491127978907e-01	   7.0645289929557586e-01	   5.7025397853225679e-01	   4.0961119119868877e-01	   5.4387270961956635e-01	   6.5391721598417785e-01	   2.6196645310635669e-01	   2.3287039416902050e-01	   5.4303078314870079e-02	   5.6862845763958458e-01	   5.0274662776968626e-01	   2.5810880349263682e-01	   2.9450388161702357e-01	   4.7623188314062198e-01	   2.9340364182101447e-01	   4.1516527079289534e-01	   4.7569096384913440e-01	   7.1036885043179054e-01	   5.4541798586157353e-01	   3.8038588143989366e-01	   3.8375561153584020e-01	   3.4094023780962079e-01	   4.2804409054438564e-01	   5.6999921159936195e-01	   1.5553631368563827e-02	   2.2453348573017051e-01	  -7.0413632722180666e-02	   9.6014814938298265e-01	   3.6358752519536081e-01	   6.2289571504631025e-01	   3.6413896733422779e-01	   6.5548006303124517e-01	   4.5969978895175390e-01	   5.4084863357037161e-01	   9.8707205455292615e-02	   3.5927224023854681e-01	   2.5050892488094867e-01	   4.2563055568266345e-01	   2.0042864522466552e-01	   4.5577899907305797e-01	   3.1346299416473072e-01	   3.2795062301944750e-01	   4.6883220145551896e-01	   5.2087877189890130e-01	   5.3528852073797872e-01	   8.9302186835856046e-01	   7.3179685899987856e-01	   7.6243126642967995e-01	   5.8803795609541942e-01	   8.4213426421770421e-01	   6.1560924803088035e-01	   7.7882277883988527e-01	   4.5276383129952624e-01	   6.4413376917266463e-01	   1.0591931767008387e+00	   4.2141157483808156e-01	   1.1588020345891714e+00	   1.0493623416811834e-01	   2.6172094086554226e-01	   8.0574463852433376e-01	   5.4777995124608880e-01	   7.5955866910826975e-01	   7.3751998763516069e-01	   1.6929911796049779e-01	   9.6176722050819330e-01	   3.3007559652246776e-01	   6.1933876537789712e-01	   6.3126298012798066e-01	   8.8258642643430685e-01	   4.0574814861624947e-01	   4.1062384108371464e-01	   1.1932989399843869e-01	   3.8406955226279121e-01	   9.6527966154262979e-01	   8.3295739267435953e-01	   4.2630055699320440e-01	   3.7660490822856735e-01	   4.1167629912217679e-01	   1.4318277309827107e-01	
   5.9228208239652713e-01	   5.8333965460270432e-01	   6.7330847653373260e-01	   0.0000000000000000e+00	   5.5588517391793135e-01	   6.9789124650983481e-01	   8.8954554494534588e-01	   9.0875707661153826e-01	   7.6878191610767566e-01	   8.7078090643375727e-01	   4.1289813863362246e-01	   4.9866423280596450e-01	   6.5614640055011253e-01	   5.6633062276667712e-01	   7.6455098835633084e-01	   9.1816104604439708e-01	   2.6734254408621239e-01	   2.5740596157315310e-01	   4.3567119058266851e-01	   4.2850801520989878e-01	   3.6979363160862055e-01	   6.3773970578657990e-01	   7.4893259399256862e-01	   1.1625129090581046e+00	   4.7068613292065226e-01	   7.6085418887791567e-01	   6.4653909689335953e-01	   7.3656039325364653e-01	   4.1276958891935056e-01	   4.1443052130299202e-01	   6.6319758172927901e-01	   1.0118334153187800e+00	   8.5887980348495296e-01	   1.0029363315232813e+00	   5.9408835409315086e-01	   6.7948846966527610e-01	   4.2729438925707641e-01	   3.2258180118531221e-01	   5.2570060926710038e-01	   5.3124398149808427e-01	   4.1156611850651514e-01	   6.0803723091481543e-01	   6.5136619954992714e-01	   4.1019753949864551e-01	   4.1317907376204122e-01	   3.7521409012569901e-01	   6.9488333163999472e-01	   7.1690901052981049e-01	   4.7675429180261070e-01	   4.0448122452373958e-01	   3.8270537969281254e-01	   3.0901619000799030e-01	   3.1487320265826868e-01	   3.2455253563079373e-01	   7.9212890384560519e-01	   6.1445099776224921e-01	   3.6331233632919485e-01	   3.6656620510236848e-01	   2.2913877907336919e-01	   7.0593427477461113e-01	   5.0964366086767943e-01	   7.5725123500838154e-01	   3.8077044871392574e-01	   5.2390769651477531e-01	   5.4436037750095134e-01	   7.9267730161726457e-01	   4.6737888916708087e-01	   6.1230601260543471e-01	   3.9664413756816297e-01	   3.0581813816830444e-01	   1.6215190114315536e-01	   1.9344971774530101e-01	   3.6211142605050683e-01	   3.3506441857593583e-01	   3.6195040159050457e-01	   2.2837274451703093e-01	   2.5871564946154701e-01	   3.8341164476624195e-01	   4.4071549134408550e-01	   5.4672716653786813e-01	   5.3928168562127443e-01	   5.6780141480012714e-01	   8.0454535766303636e-01	   6.3831866576064289e-01	   6.9184812283072439e-01	   7.0211813998014772e-01	   7.9620977013015060e-01	   8.3969847157636557e-01	   6.8464834998858848e-01	   7.9812922104718442e-01	   6.6946722373602019e-01	   5.6413382267619105e-01	   8.4687994946865297e-01	   5.0347607475196576e-01	   1.0491560211367652e-01	   7.4135096034832135e-02	   7.9758579569378429e-01	   5.9231072261871809e-01	   8.3841568690501511e-01	   6.3972282813253212e-01	   7.7177474436424998e-01	   4.5855813719508642e-01	   5.7704881340234826e-01	   4.2554954981017246e-01	   8.1158210633250172e-01	   5.7938332370552192e-01	   4.6222688425361191e-01	   2.5873510867820171e-01	   1.0193072356457442e-01	   3.9313916240267904e-01	   6.9837745876996760e-01	   7.0328133386460634e-01	   3.2294273969713710e-01	   5.2069868113350515e-01	   5.1346612288129823e-01	   1.6745587786356264e-01	
   5.7268082072191639e-01	   3.6115743117428678e-01	   8.0257735151807219e-01	   5.5588517391793135e-01	   0.0000000000000000e+00	   7.8005302283260147e-01	   9.8223683095958736e-01	   4.7886111944637466e-01	   1.0778355222432991e+00	   5.5527013294571781e-01	   6.5977169417577053e-01	   4.3705491667630603e-01	   7.5468813304501770e-01	   5.5084507182951592e-01	   8.3126022941869193e-01	   7.7452093605664873e-01	   8.2151081188205646e-02	   5.9718281277027239e-02	   6.7046785750574656e-01	   5.8172790230090909e-01	   4.8562845927805709e-01	   5.1727555968179617e-01	   6.3963686786581997e-01	   4.4088141582353790e-01	   7.5729983406706181e-01	   7.6485665978142037e-01	   7.0369674140266825e-01	   7.4281023461557327e-01	   4.1990074551353268e-01	   4.1511305832135148e-01	   4.4335471658441522e-01	   5.0053373620960118e-01	   6.3616822292156561e-01	   6.2401655257978639e-01	   4.6179210907698837e-01	   3.1044635852553970e-01	   6.1644034369107470e-01	   4.2484588496606834e-01	   9.0043474076703300e-01	   6.5737769343751584e-01	   6.0773166478538498e-01	   5.7026133082107877e-01	   6.4581221094095187e-01	   3.5286230706667099e-01	   3.2649813851410003e-01	   2.5241155906425816e-01	   5.2983732594009869e-01	   4.4050478462168802e-01	   4.3364409305010976e-01	   4.6998772599085120e-01	   6.0717238697113007e-01	   4.4150662479828112e-01	   3.1059560196841585e-01	   2.1129470101873488e-01	   6.1532253835420470e-01	   4.6869623589815046e-01	   2.1697949124653715e-01	   1.2142609322853065e-01	   3.2300841784928980e-01	   4.2241779342069385e-01	   5.5987446137129615e-01	   2.0232233677284500e-01	   1.7915775733282152e-01	   1.3946577270285077e-01	   3.9676877550635486e-01	   1.7563809323673077e-01	   4.3834474173162297e-01	   3.0788763318357776e-01	   3.9844159053542683e-01	   2.8419513634622984e-01	   4.4238363627776744e-01	   2.2861784087245779e-01	   5.2899099083766510e-01	   4.6032337630228265e-01	   5.7879098218334701e-01	   3.7707237488257689e-01	   2.4622723343724598e-01	   3.2272730330563792e-01	   2.1073776637581632e-01	   2.6486901721808986e-01	   3.4200818879949701e-01	   2.9222965680320828e-01	   7.6640978313872310e-01	   5.6369661712612529e-01	   4.1272957839235952e-01	   3.0682098485950943e-01	   5.0862059069780452e-01	   4.6516571767174419e-01	   7.9837749960356708e-01	   3.7763538166617694e-01	   8.1002494973090078e-01	   6.2299902704036281e-01	   4.5062594060745298e-01	   6.8789657919500447e-01	  -2.4936966987170250e-02	  -3.4495921419290670e-02	   5.0483419319512879e-01	   3.5441533858694846e-01	   8.4028543332245131e-01	   6.0216681296232399e-01	   4.9482485429737749e-01	   8.5280409561510195e-01	   5.9845078574788846e-01	   6.5268278538489977e-01	   3.8772219522232809e-01	   5.0708297313142614e-01	   4.5986306891584788e-01	   3.3473956866892979e-01	  -5.9564655596144711e-02	   4.4154847379235647e-02	   4.9296961919629190e-01	   7.5858160585625856e-01	   5.4285065625993090e-01	   3.6867194064806269e-01	   3.5941361774288094e-01	  -2.1826177864753805e-03	
   1.4570008289933709e-01	   1.2389472754644043e-01	   2.3046413754036887e-01	   6.9789124650983481e-01	   7.8005302283260147e-01	   0.0000000000000000e+00	   5.3951769803994076e-01	   7.8883786101390807e-01	   6.5970494249773637e-01	   1.0516991318564410e+00	   3.0461449337965124e-01	   3.6710060869508909e-01	   4.0475055210920052e-01	   5.6043223231760975e-01	   3.9743431566785870e-01	   6.7239241039783670e-01	  -2.8155008658245620e-02	  -7.8985435111201943e-02	   1.1592593085676899e-01	   2.4924997204302513e-01	   1.8734026597619036e-01	   4.1598346045895013e-01	   2.7379089875843793e-01	   4.4718327667159097e-01	   2.6847261412404499e-01	   5.3766030907005447e-01	   4.0646003505814277e-01	   6.8665188076463990e-01	   2.4232089960815401e-01	   2.5519569026349709e-01	   1.6495728355182362e-01	   4.4549849709891481e-01	   3.9311794952713364e-01	   4.6031880119529250e-01	   2.7611273253936330e-01	   2.9140824746723926e-01	   3.2788235922139847e-01	   2.3176768285192098e-01	   5.4413832956011199e-01	   4.8046146970762493e-01	   4.0724695839170050e-01	   3.3831289003654585e-01	   3.9667373460410660e-01	   2.5800277319022324e-01	   2.4854221276279753e-01	   3.0237707430791405e-01	   2.6948019624968589e-01	   2.9548231904958250e-01	   2.9000621342365096e-01	   4.1294940316142603e-01	   2.5950516993485062e-01	   3.3747564738639474e-01	   6.1473457125753514e-02	   6.1065485265298362e-02	   3.3916482093830874e-01	   2.8054775678955224e-01	   2.2950618331126129e-02	  -3.4902366086676885e-02	   1.5214811155491104e-01	   4.8130255581627041e-01	   2.5581552416154690e-01	   5.2718978922747595e-01	  -9.8784255352709349e-03	   2.9242124669035685e-01	   1.4326213346564406e-01	   3.1143386330213141e-01	   2.3041733032853468e-01	   3.3157928402016773e-01	   1.4246436228753998e-01	   1.5835332637770408e-01	   2.0430616467812368e-01	   3.6750108863715147e-01	   3.2982104932387468e-01	   4.0413374970046467e-01	   3.5288698273984120e-01	   2.3886926469657052e-01	   1.2919275346683695e-01	   3.5480834700352687e-01	   4.4355935862163090e-02	   8.0670324310751107e-02	   6.1942271196526726e-02	   1.2347268115468003e-02	   3.8999716521855299e-01	   2.1649543650779401e-01	   1.4317462153991056e-01	   8.5316989713662347e-02	   3.4125318534936416e-01	   3.5701144738880985e-01	   3.7121202257336383e-01	   3.8388232441235615e-01	   7.0449563356309342e-01	   3.0990157673138768e-01	   6.7212226110574702e-01	   3.0993226168318549e-01	  -3.8757456834266568e-02	  -8.8563348807387449e-02	   2.9286586463473657e-01	   2.1146623877772747e-01	   4.3877410257802762e-01	   3.2153824781563894e-01	   7.6590826366555309e-01	   4.2738523491563796e-01	   5.4573923506139110e-01	   4.1683910709110195e-01	   4.0384919677522624e-01	   3.0045239122222628e-01	   4.3268415120641512e-01	   3.4116332320040643e-01	  -5.1829591862533012e-02	   3.4229764713221353e-02	   2.1090890312732188e-01	   5.0676291434998466e-01	   3.3921403333228156e-01	   4.6984611471972298e-01	   5.0340709551156526e-01	   7.3080686064145639e-02	
   6.1065966482733380e-01	   4.3196194848833303e-01	   1.0456519088762415e+00	   8.8954554494534588e-01	   9.8223683095958736e-01	   5.3951769803994076e-01	   0.0000000000000000e+00	   6.5013383068962127e-01	   8.8070168537120630e-01	   4.1515798612041771e-01	   5.5211125468879674e-01	   3.9403320631324157e-01	   7.2773281935744483e-01	   5.0192299660338513e-01	   7.8228633893476118e-01	   7.1781070669880143e-01	   8.0307240394728002e-02	   8.1963389430466230e-02	   7.9427218740466776e-01	   6.1371639852815130e-01	   5.8766361096722197e-01	   6.7300949838079194e-01	   8.1017760909308134e-01	   7.2603347218602021e-01	   7.1596201279431537e-01	   7.7854460502054801e-01	   6.9734802626790615e-01	   6.4251032045073386e-01	   4.1813425485994332e-01	   3.7331097149955400e-01	   8.4053389330827633e-01	   9.1176664953644670e-01	   9.1127345607852839e-01	   9.0217999033076213e-01	   6.2424295644972794e-01	   5.5189283335903094e-01	   5.4636237691455058e-01	   3.3268337156839500e-01	   6.1419948739600583e-01	   4.2294149734739656e-01	   4.5550538281810204e-01	   6.3008016249100107e-01	   6.6495167778682407e-01	   3.8199842539373252e-01	   3.6993315490174383e-01	   3.0407029443458672e-01	   5.7761435387642135e-01	   5.1882600581255089e-01	   4.0678982934653440e-01	   4.4960827706552281e-01	   5.1349426419842392e-01	   3.2525006711083770e-01	   3.0392292815685756e-01	   3.1492666150721776e-01	   5.9664267674926008e-01	   4.3339496972890046e-01	   1.9191638587694379e-01	   1.4257359005609976e-01	   2.0023010054106033e-01	   3.7376601874434084e-01	   6.1518986490185479e-01	   2.6303368342419986e-01	   3.4530300605072423e-01	   2.5224999677259818e-01	   5.5623585583351443e-01	   3.3449883276050535e-01	   5.6444598025820691e-01	   4.5843435616086886e-01	   3.6230383969642155e-01	   2.4056284616095941e-01	   4.6597129256367920e-01	   3.0874986310943880e-01	   4.1549634294069782e-01	   3.4004663923098372e-01	   4.6193282384346745e-01	   2.8722476616664083e-01	   4.3676429277853768e-01	   5.2222685601735086e-01	   2.2799022602384167e-01	   3.2057414770094966e-01	   3.5625792697487313e-01	   3.5683999907711872e-01	   6.6994601039900958e-01	   6.1990601378634358e-01	   5.3429055564237049e-01	   5.1463083674810328e-01	   5.6334738815345575e-01	   5.9164045941596011e-01	   6.6255472496570467e-01	   4.0641836803065778e-01	   7.5515146327926175e-01	   7.0838636246963538e-01	   6.1979812611968377e-01	   8.3124069677885515e-01	   1.7547488757934590e-02	   1.1250263211775006e-01	   5.9780457298550882e-01	   3.5904579205666054e-01	   7.7539250990703146e-01	   6.3957497101544014e-01	   5.9361895489949423e-01	   7.4397383647929971e-01	   5.7534474534005586e-01	   5.9918919197710496e-01	   5.9231352600857157e-01	   6.2842259822738977e-01	   3.2152845438606220e-01	   1.9862528144599759e-01	   4.9271938150409082e-02	   2.2140439396120723e-01	   6.7446814276155942e-01	   7.5489096450045579e-01	   5.8002617234587428e-01	   5.8823397320741788e-01	   5.6730075534964119e-01	   1.2882206921202266e-01	
   1.7382148642022813e-01	   1.3552635658454740e-01	   9.8450081182049509e-02	   9.0875707661153826e-01	   4.7886111944637466e-01	   7.8883786101390807e-01	   6.5013383068962127e-01	   0.0000000000000000e+00	   5.0673883573038436e-01	   8.5524946115388967e-01	   4.8257714310546540e-01	   9.1859290245301239e-01	   5.8174515444806874e-01	   1.1317936314249848e+00	   4.0834831281577988e-01	   7.4734260229653982e-01	   1.2346122400405463e-01	   1.9015236545371485e-02	   9.8547931662905291e-02	   3.6823557764991044e-01	   5.9372720854412232e-02	   3.4494315673091547e-01	   2.3251795749507340e-01	   6.0311644353525917e-01	  -1.1806554734480848e-02	   2.3426331661397731e-01	   6.9896365522957277e-02	   1.9594899680208872e-01	   5.5397452366153588e-01	   5.3249547479410109e-01	   3.6255773642270539e-01	   7.8317631540464061e-01	   4.2225881981361463e-01	   8.3728421744344572e-01	   1.9551391872808987e-01	   2.9456553172780020e-01	   2.2639337261001885e-01	   1.6644919740087219e-01	   3.3658355163837611e-01	   3.0454175720845039e-01	   3.6830663917343476e-01	   4.5957333010277945e-01	   3.4510664706177774e-01	   3.3412439114512449e-01	   4.0191445473852683e-01	   4.9641352944921951e-01	   3.9312730266639195e-01	   3.9424457660817175e-01	   4.6257315983068625e-01	   3.2471122234081690e-01	   1.9096170930196776e-01	   1.5308164124302237e-01	   3.8567569411261417e-02	  -1.6451475463037921e-02	   3.5227964648187088e-01	   2.6300838038097468e-01	   3.1046068484220181e-02	  -5.1552251033073711e-02	  -4.7204275988288989e-02	   3.0684502883812470e-01	   3.1202807182691239e-01	   9.5853414437606388e-01	   3.3405276594222100e-01	   9.0364327473849704e-01	   3.8212776774614238e-02	   4.3877864876825834e-01	   1.5492363421733657e-01	   3.6650775025998789e-01	  -1.9249051194904769e-02	  -6.1559790806141261e-02	  -1.2250052786640009e-03	   3.1169540160008680e-01	   2.8417435399939117e-01	   3.2391535316497450e-01	   2.5660968967118264e-01	   2.5452612675261838e-01	   7.3776242824100183e-02	   3.9633544345254390e-01	   1.7802449150577579e-01	   1.7327516412035693e-01	   1.8520895216961647e-01	   1.7295346649184540e-01	   3.4722663329546533e-01	   2.8479249509937876e-01	   1.8685682059497585e-01	   2.8682073057696983e-01	   2.2204589931112562e-01	   4.4187007469316980e-01	   2.9572981053504488e-01	   3.5138748827451000e-01	   4.3659679674430224e-01	   8.7845450961852048e-02	   6.8054182623067061e-01	   1.0665256615722227e-01	  -1.0382464369573206e-02	  -9.7373328207321835e-02	   2.6814036035154815e-01	   1.9613868056414535e-01	   4.8001468676584857e-01	   2.7851096747012122e-01	   1.1470961375698803e+00	   1.2993731465149250e-01	   6.3704995802861741e-01	   1.7992909076967889e-01	   3.4725033706438840e-01	   1.0909142563938443e-01	   2.6444557324614493e-01	  -4.1703011989450492e-02	  -6.1009464583155114e-02	   4.3930937972828162e-02	   2.0688201569173550e-01	   3.1023302821984172e-01	   2.9443815057794770e-01	   4.1836352658167109e-01	   3.9377452664620682e-01	   5.7782661846041708e-02	
   4.5093599547735475e-01	   2.4444182076836585e-01	   9.0021670304542667e-01	   7.6878191610767566e-01	   1.0778355222432991e+00	   6.5970494249773637e-01	   8.8070168537120630e-01	   5.0673883573038436e-01	   0.0000000000000000e+00	   8.8024680357106944e-01	   3.4969797972099514e-01	   3.4382396501923096e-01	   5.8431879615790194e-01	   3.9000197833284178e-01	   9.2625666633101866e-01	   7.1152196041861215e-01	   3.5744433187297808e-02	   6.3554003796823855e-02	   5.6810523620582876e-01	   3.3446717044601387e-01	   4.4133998095085253e-01	   4.7114027496752031e-01	   9.4684587083202654e-01	   7.1272872533779985e-01	   6.5854477535203459e-01	   6.0505060631379426e-01	   7.6969152581057010e-01	   6.3979000166950029e-01	   3.7123646653100051e-01	   4.0472785906284220e-01	   6.5394622127374646e-01	   7.0715380090515612e-01	   5.4291680924984531e-01	   6.0127773955753250e-01	   4.9636702102911179e-01	   3.6624876486363678e-01	   7.6473576043620384e-01	   5.4394420297134738e-01	   7.4670130334535822e-01	   5.7608754195681189e-01	   4.0977058710867104e-01	   5.5818430803921382e-01	   3.8106828506514173e-01	   9.7484010497093085e-02	   1.3715250195363060e-01	   7.5246711458193366e-02	   3.2538639679298442e-01	   3.0672105181457576e-01	   2.0396299330177534e-01	   2.1407569530211060e-01	   3.1601650490013838e-01	   1.9926513827182449e-01	   2.3294760233373385e-01	   2.3950693410249152e-01	   4.9119508130040140e-01	   3.7009469718161914e-01	   1.9929870704737021e-01	   1.4127394510896377e-01	   2.4681797572632580e-01	   4.3306363108185819e-01	   4.5175332670226825e-01	   3.7914826370168064e-01	   1.1777649989412245e-01	   2.5399466058905978e-01	   5.4503811388929946e-01	   3.7590301279386956e-01	   3.6056137159633828e-01	   2.6410286658613336e-01	   3.0501549933234762e-01	   1.4396860345148463e-01	   4.8740856716288689e-01	   3.1485023250347244e-01	   4.2955722849834665e-01	   3.4203279116669844e-01	   4.4435504737929366e-01	   3.1245029723912709e-01	   4.2250139907286816e-01	   4.4769687144244524e-01	   1.4232504330127665e-01	   2.4302835702826908e-01	   2.8529173898840376e-01	   2.8720670648686120e-01	   7.7793954151719880e-01	   4.9033563253152046e-01	   3.8876850115326833e-01	   2.8386087973761909e-01	   6.0416197796827475e-01	   4.5089943404630006e-01	   5.7145593506397296e-01	   4.1524874759716568e-01	   8.8287206280901165e-01	   8.0470244868658480e-01	   8.0668137484326774e-01	   9.3228016449365858e-01	   4.4143581368278811e-02	   1.5722506159404462e-01	   5.0515575019178016e-01	   3.3515016553284033e-01	   6.4511387859438152e-01	   6.2443494087845652e-01	   6.3592175590456013e-01	   7.8661460964645480e-01	   5.4972885829783813e-01	   4.5372425591896026e-01	   5.7352326532405007e-01	   5.6195881831840921e-01	   5.7108593287279730e-01	   4.7278619171667857e-01	  -3.6655667691150779e-03	   1.8386383913920984e-01	   4.7898159829041742e-01	   6.1139417392296713e-01	   4.9215660140070772e-01	   3.3493497584488074e-01	   3.6626096767156807e-01	   7.6255371827456259e-02	
   1.5953875418224611e-01	   1.3914006080961600e-01	   2.5489999249091011e-01	   8.7078090643375727e-01	   5.5527013294571781e-01	   1.0516991318564410e+00	   4.1515798612041771e-01	   8.5524946115388967e-01	   8.8024680357106944e-01	   0.0000000000000000e+00	   2.1067421442731521e-01	   4.0050656434476700e-01	   4.2301181386221398e-01	   5.3862145458815147e-01	   5.3109180071927109e-01	   7.6179747566870348e-01	   8.4809035419722609e-02	   4.9156636697730668e-02	   7.2251646465633160e-02	   1.3169238226666521e-01	   1.2034207696164380e-02	   2.8201202029983752e-01	   4.4731801638350721e-01	   6.7350692899501796e-01	   1.9210896219541854e-01	   3.8841933387443761e-01	   3.7312467183363635e-01	   5.0324700951930501e-01	   3.3800221240837341e-01	   3.5313786436233996e-01	   2.2799773390001338e-01	   5.2809788485892151e-01	   3.5602357126703721e-01	   5.0295283817057801e-01	   2.8626290035111368e-01	   2.9825441250780593e-01	   3.9312053407500502e-01	   3.3114600676816830e-01	   5.1941700934913482e-01	   5.4950967782846294e-01	   3.1632828285951520e-01	   3.5655307636367972e-01	   2.5166889005888776e-01	   1.0275598061403639e-01	   1.9033213615756067e-01	   2.2610563738944572e-01	   2.4008894047401219e-01	   2.8847348789740157e-01	   2.1543422603713222e-01	   1.7722530233038281e-01	   9.9858623672694491e-02	   1.5555245850752841e-01	   3.2150843452727840e-02	   4.2955287525503004e-02	   3.5604644457312784e-01	   2.9144627105820115e-01	   1.1791261470257233e-01	   9.8328497184868954e-02	   1.6917065386366281e-01	   5.3134382957521775e-01	   2.6607399012634236e-01	   8.1362351981736114e-01	   1.0207573530347054e-01	   5.3522572107786959e-01	   2.1766409866557371e-01	   5.3959515628741661e-01	   2.2988187953020336e-01	   3.4998015857594156e-01	   1.6969437720627936e-01	   9.9530274500460703e-02	   4.0643247771550817e-02	   2.4551279991748873e-01	   3.3459928853745208e-01	   3.3471044628466745e-01	   2.9223447048133061e-01	   2.0487466514864550e-01	   1.3015433096576487e-01	   2.9016641848246416e-01	   1.1623875459149953e-01	   1.4763921188348902e-01	   2.2742897724113320e-01	   2.0301954529646857e-01	   5.2607287564712446e-01	   2.6994310791424192e-01	   2.6398346074507317e-01	   2.2626148816695119e-01	   4.2265083470838760e-01	   4.5365203140951038e-01	   4.0360786865653342e-01	   4.7969660296350036e-01	   5.9013254906107149e-01	   3.1899267283007554e-01	   8.7790473050893314e-01	   2.9628874616785217e-01	   5.8293147474816294e-02	  -3.7368936758307769e-02	   3.3369906339559774e-01	   2.6130916723610315e-01	   4.1288896044001272e-01	   3.3809957948766128e-01	   9.0888593832253184e-01	   3.2190808797585763e-01	   5.0821236568342254e-01	   2.4722233887050313e-01	   3.8751368333888803e-01	   1.8898390998429399e-01	   4.5552014131205854e-01	   3.6521633684014182e-01	  -9.3921911439661956e-02	   5.8631093787554829e-02	   2.3108268988053854e-01	   3.6522218310198834e-01	   1.9127654844680594e-01	   2.0551196309812608e-01	   2.4537076708123642e-01	   5.7808192268748969e-03	
   8.6925913343172312e-01	   6.4678756776710777e-01	   3.5577905961944040e-01	   4.1289813863362246e-01	   6.5977169417577053e-01	   3.0461449337965124e-01	   5.5211125468879674e-01	   4.8257714310546540e-01	   3.4969797972099514e-01	   2.1067421442731521e-01	   0.0000000000000000e+00	   9.9727033055152592e-01	   1.4102917818231977e+00	   9.6231668715421503e-01	   7.1920027079088045e-01	   6.9284726809268193e-01	   5.4537927544586151e-01	   4.2482235893460318e-01	   6.1509000189289720e-01	   8.1501205296808199e-01	   1.3575996822654560e-01	   2.0891183465240376e-01	   1.9230227556771162e-01	   1.5805719314418903e-01	   2.4274734907232037e-01	   2.8247715630177195e-01	   2.9893153460327992e-01	   2.7291731988205181e-01	   7.7913125544250283e-01	   5.9097521377804663e-01	   4.4583334028604267e-02	   1.8171129896057739e-01	   4.9636002155747222e-01	   6.1830619510064599e-01	   9.8087318618602884e-02	   6.4128259549424953e-03	   2.1292208826477005e-01	   1.4275743187753842e-01	   3.6724858938950178e-01	   3.6898507517364287e-01	   5.6255892702834376e-01	   6.4434227722125992e-01	   4.9811608506095639e-01	   4.7149068979968800e-01	   2.8204574075532041e-01	   2.3603411361792925e-01	   6.1557831691737863e-01	   4.8380072709504307e-01	   5.1112087705735432e-01	   4.8593860201253625e-01	   6.2849617448911965e-01	   6.0254610160486211e-01	   5.0812501387918396e-01	   3.7462348163029535e-01	   5.6778642262206680e-01	   4.7283272015408584e-01	   5.7385930775307947e-01	   4.2931565793770171e-01	   3.5809092915412638e-01	   3.8567345752265708e-01	   8.3412771562507981e-01	   3.5443363169856656e-01	   6.4658248515422634e-01	   4.6463297522296815e-01	   1.1423949305497767e-01	   8.8886512709178161e-02	   7.9630691672925275e-02	   1.1983820981552173e-01	   4.6752287144439969e-01	   3.4477916794851748e-01	   6.5833077050381966e-02	   4.5726426370373302e-02	   5.7118557916642632e-01	   5.1852053791559383e-01	   6.1603981261529683e-01	   5.0353251952627831e-01	  -1.0330446520632036e-01	   4.9403044794413098e-02	   5.3590635301805978e-01	   4.4514683216020634e-01	   6.0999259783086857e-01	   4.7275634497138463e-01	   5.4001506365453644e-01	   5.1501508398095175e-01	   4.5549049189653990e-01	   3.9029315198992109e-01	   3.1605727513732584e-01	   3.8463667494432857e-01	   8.3214555316645944e-01	   4.3033570075737659e-01	   2.8611771996470681e-01	   2.6471578961463271e-01	   6.1030550195141156e-02	   1.6572949194088671e-01	   1.0379672269992363e-01	  -1.9254358480033879e-01	   2.9946352288856393e-01	   2.3413685836676118e-01	   5.6109903924953586e-01	   4.0580153973962213e-01	   2.8940297560207112e-01	   4.1262157373500891e-01	   3.9132259966990429e-01	   4.1479493193927564e-01	   8.9443247698587358e-02	   6.1029298418664849e-02	   4.0807798010844533e-02	  -4.6661556984244644e-02	   2.3649808221521856e-01	   1.3005200453769619e-01	   3.2590507862826446e-01	   3.2271455436410429e-01	   2.3372615062202107e-01	   2.5819395721446881e-01	   1.1484977704944659e-01	  -2.1371401064552897e-01	
   4.6983517440706368e-01	   3.7062723500109135e-01	   6.6132570497373325e-02	   4.9866423280596450e-01	   4.3705491667630603e-01	   3.6710060869508909e-01	   3.9403320631324157e-01	   9.1859290245301239e-01	   3.4382396501923096e-01	   4.0050656434476700e-01	   9.9727033055152592e-01	   0.0000000000000000e+00	   8.4190997427329628e-01	   1.4159106999659934e+00	   5.4068591267632438e-01	   7.5008590369911199e-01	   4.4441187128798443e-01	   3.3083351565512348e-01	   3.2519197648655207e-01	   6.7374966951480986e-01	   2.4732223522468743e-02	   1.8699471953262739e-01	   1.4281128810316412e-01	   3.1402271308944907e-01	  -1.3377925311942103e-02	   8.3235342474229090e-02	   4.8757677875963273e-02	   6.5363191565670734e-02	   8.9441542489289949e-01	   8.6900494253002947e-01	   1.3281777924566235e-01	   3.5989277711684331e-01	   3.6636410000109687e-01	   7.0349198326682416e-01	  -6.9856778762084695e-03	  -4.0305058079816323e-03	   2.5271424549928878e-01	   2.6491618208914819e-01	   2.8418256231929079e-01	   3.7771858567164313e-01	   5.4354373594552841e-01	   7.4248845988369527e-01	   3.5501278767944949e-01	   4.7641545299448707e-01	   3.6590411123078126e-01	   4.2854575229683478e-01	   5.5944884075397128e-01	   5.0861182121819981e-01	   6.1423042491270663e-01	   4.6405776562153100e-01	   4.2095381659597453e-01	   3.8804711908470813e-01	   3.0990177464876634e-01	   2.3079884501892767e-01	   5.0369926746357607e-01	   4.9434792310168829e-01	   3.4753363665273318e-01	   2.0405658882216912e-01	   2.0441727378696326e-01	   3.5974931632856710e-01	   6.0274911374652218e-01	   7.5951066005245937e-01	   6.2741069265893656e-01	   9.6915647674147032e-01	  -3.1729225027980409e-02	   2.2598998487398103e-01	   4.0929158105610541e-04	   1.8909074820911401e-01	   1.8721691147635655e-01	   1.1944639567613841e-01	  -9.0350897662285407e-02	   5.8352638008875246e-02	   3.5005788943571314e-01	   3.8538267241119262e-01	   3.4188165024064099e-01	   3.7564376671624949e-01	  -1.2783190146478579e-01	   1.0846836890279088e-01	   3.7970539232325784e-01	   3.9670444377657738e-01	   4.5950942400762346e-01	   4.2842574903275932e-01	   4.8719168058154944e-01	   5.5526698272237618e-01	   3.1046537011778086e-01	   3.6866873010120277e-01	   3.2291430234424701e-01	   4.7177100408569267e-01	   4.8711720143376147e-01	   4.5225387363011554e-01	   3.2832212590372772e-01	   1.5824671793407058e-01	   2.3314519957045607e-01	   2.2330942612883802e-02	   4.9507579049637415e-02	  -5.4834825331096543e-02	   2.6162221950967757e-01	   2.9733044780875789e-01	   5.4409814835739301e-01	   4.2979166680839576e-01	   5.8515638604148501e-01	   1.5274069374911015e-01	   5.4627001814306675e-01	   2.3191036679430338e-01	   1.7868395526173675e-01	   2.5942847473771801e-02	   1.2673083960161419e-01	  -1.0701713899251836e-01	   8.5285765061843100e-02	   9.2434074451715753e-02	   1.7485417140141146e-01	   2.1671128814323551e-01	   2.0249642322168931e-01	   2.5282115809433348e-01	   1.8958938020604088e-01	  -1.2024318841994998e-01	
   8.3175856714287100e-01	   5.8047412927741260e-01	   5.8286535889848501e-01	   6.5614640055011253e-01	   7.5468813304501770e-01	   4.0475055210920052e-01	   7.2773281935744483e-01	   5.8174515444806874e-01	   5.8431879615790194e-01	   4.2301181386221398e-01	   1.4102917818231977e+00	   8.4190997427329628e-01	   0.0000000000000000e+00	   1.0582653445760544e+00	   1.2107466175227084e+00	   1.0765169739352125e+00	   4.0848515665200430e-01	   3.3947107573699647e-01	   6.0669791599211376e-01	   6.1669825413854407e-01	   2.0185335025989382e-01	   3.3253781852569009e-01	   4.8597082185686358e-01	   4.4618163958713064e-01	   4.3185179959204639e-01	   4.7641772838955598e-01	   5.5475736209844462e-01	   4.6408798821903580e-01	   7.2074148572880903e-01	   5.3242882195448460e-01	   2.5594580246446585e-01	   4.0037308387111575e-01	   5.5501982968373231e-01	   6.7942775331573901e-01	   3.4561379586590857e-01	   2.4349556898198571e-01	   3.9570382782789554e-01	   2.9381625301101266e-01	   5.1277460243213513e-01	   5.2346093861732446e-01	   6.8579014344439693e-01	   7.1985015764385396e-01	   5.3315873520853896e-01	   3.5492752271090616e-01	   2.6228846372939690e-01	   1.8993717647568437e-01	   6.4143079896695121e-01	   4.9874781739435525e-01	   3.9597858003116027e-01	   3.8039382975489933e-01	   4.9669734714929115e-01	   4.9557480121824871e-01	   5.3236417509481659e-01	   3.7002264800123780e-01	   6.4401369158205513e-01	   4.4657331130966227e-01	   5.2641138345889849e-01	   3.9657437744152935e-01	   3.1147233107691125e-01	   4.8256155887714836e-01	   8.9579077439959975e-01	   4.9340284149729940e-01	   4.5993011737833245e-01	   3.6577098210497055e-01	   4.0802332795723417e-01	   3.7028764754200011e-01	   2.0705012886047011e-01	   2.2667356855713805e-01	   4.8754938744832843e-01	   3.1441544292558954e-01	   8.9889986314391865e-02	   6.7464779117312593e-02	   4.6239186701715773e-01	   4.2424364837409939e-01	   5.6150636692731148e-01	   3.7141893232317053e-01	  -3.5725531217625853e-02	   1.0637087600565764e-01	   4.9798199017730405e-01	   5.0558933549962359e-01	   6.1932076350382659e-01	   5.3989020271315513e-01	   7.4950084482192214e-01	   6.4560565909209644e-01	   5.9975120250190350e-01	   5.2265156225996412e-01	   5.0008545664537030e-01	   5.4616580463591813e-01	   9.2138390871064302e-01	   5.2532079571681511e-01	   3.9721678974946528e-01	   3.6623465124819199e-01	   3.1293392654645957e-01	   3.8372703540061059e-01	   1.5155911402639066e-01	  -7.9355162790688882e-02	   4.7385444895624151e-01	   2.9504121706938174e-01	   5.7932381148873469e-01	   3.9710523254956637e-01	   3.4884841391355470e-01	   5.9803697017015467e-01	   3.8315032215233924e-01	   4.1093297201638346e-01	   2.6630448122020317e-01	   2.2747872729486537e-01	   1.6340004337132144e-01	   2.8224089175139726e-02	   2.1435644752796049e-01	   2.3754825827892861e-01	   4.9075812985100298e-01	   3.5175370480658380e-01	   2.3311463262143872e-01	   3.4496470124754841e-01	   2.3750559376826888e-01	  -1.0680706098764023e-01	
