   0.0000000000000000e+00	   9.7831079376320074e-01	   7.7948946093632310e-01	   4.9177728565900136e-01	   6.5385170184002095e-01	   6.1174884869012158e-01	   8.2124393300201426e-01	   6.9732189151032420e-01	   6.8355005930996793e-01	   5.2424217579184795e-01	   1.1658348691350768e+00	   7.2121162377708969e-01	   1.0636331423961156e+00	   7.0223302284365130e-01	   9.2394638924096317e-01	   7.1184778612358268e-01	   4.1191996895454797e-01	   5.0829904058014463e-01	   1.1619002269928609e+00	   8.2961516066158147e-01	   2.8896238195042340e-01	   2.9280250445306011e-01	   5.2203134302804166e-01	   5.0645497964754060e-01	   4.0979367416245999e-01	   3.9025964250975748e-01	   6.3400220451885803e-01	   5.2970892614641529e-01	   4.9946862196678987e-01	   4.1970762898616887e-01	   2.1194721252166615e-01	   2.0111781194870118e-01	   7.4874196463420850e-01	   6.0223960107895058e-01	   1.4336405465284571e-01	   1.4021999348025679e-01	   2.6404007727291301e-01	   3.2922280612731974e-02	   3.7795464870643602e-01	   3.0054192010708358e-01	   4.6622745305320640e-01	   3.8069594278740526e-01	   6.0876577128891374e-01	   5.0999443060205596e-01	   6.2128695631157682e-01	   5.7600858665734178e-01	   5.0584100373194718e-01	   4.8742541004000844e-01	   8.5599174665872813e-01	   6.2091027423326972e-01	   8.0748883071944688e-01	   5.5401713735168179e-01	   7.2756281862514660e-01	   5.6579702615944283e-01	   5.3803651628840177e-01	   4.4130684236280127e-01	   7.5278369455282867e-01	   8.0948491437793979e-01	   9.4609490363200499e-01	   9.0519859879415510e-01	   1.0659733457428096e+00	   5.9806704182532267e-01	   6.0096880708756217e-01	   5.4219151476094796e-01	   6.6380206996269742e-01	   3.1265771954246452e-01	   5.1853359724410741e-01	   3.9075954825246667e-01	   7.7934543108537324e-01	   6.3993795172518764e-01	   5.7788761100652633e-02	   2.0344989143813358e-01	   5.0821815346711174e-01	   4.0180489505851874e-01	   5.2757152562269172e-01	   3.9070043635678819e-01	   6.4736116976668434e-01	   4.6213753279343606e-01	   3.0845973969975576e-01	   2.8443408329845143e-01	   6.3047692164237612e-01	   7.6619014647903538e-01	   4.2415834011210729e-01	   3.8225112046123844e-01	   6.1223519590169517e-01	   5.1631570563953644e-01	   4.4387826081911058e-01	   5.4343162909682019e-01	   9.6160653694438425e-01	   9.6007006099494552e-01	   6.7762012497718804e-01	   8.5211532001970713e-01	   2.5487732599557555e-01	   5.3070565352654286e-01	  -9.6112264594721955e-02	   4.2934132024318929e-02	   2.8402565836780136e-01	   2.8481873382526340e-01	   5.0736511221001335e-01	   6.3937121976355882e-01	   3.4637386914652218e-01	   5.8410010053656281e-01	   6.1483108239402873e-01	   7.6332211743367751e-01	   4.3387889432082855e-01	   4.3119828791560538e-01	   3.8186746957595719e-01	   2.8694937056982361e-01	  -4.2448002025204275e-02	   1.8054021349838770e-01	   3.6393118157773297e-01	   6.7133078575810001e-01	   6.6614246520470133e-01	   5.0405982857952580e-01	   2.2754661257788969e-01	   6.2996767306798526e-02	
   9.7831079376320074e-01	   0.0000000000000000e+00	   4.8162818554172915e-01	   6.8644987118078349e-01	   4.7156427074073531e-01	   6.6017391834239536e-01	   4.1149410827651145e-01	   8.4000709129860296e-01	   4.4291713953104078e-01	   4.9379234846934267e-01	   6.4245764587624610e-01	   8.0053180965887372e-01	   6.8671696734942467e-01	   7.5405587593790391e-01	   7.2964751301976860e-01	   9.2839377112205979e-01	   4.3493436136515129e-01	   5.5801753563496481e-01	   7.9543337795345437e-01	   1.1762718804584387e+00	   2.3751680290277832e-01	   3.6624222320136451e-01	   4.5424830567147778e-01	   4.9280463766060911e-01	   2.9861004803159474e-01	   3.2301230183271123e-01	   5.2488856555188423e-01	   4.8204695059103642e-01	   4.7346342748141212e-01	   5.8455297741230661e-01	   2.0490753473644979e-01	   2.3765451707046981e-01	   7.0405055080504297e-01	   6.8667845456492727e-01	   1.0747503570367106e-01	   2.4794596499123903e-01	   4.2915856044116302e-01	   2.1836733992696963e-01	   5.2487416111549245e-01	   5.4772170997607128e-01	   7.1263258240363014e-01	   7.3615916385437519e-01	   5.0791594637069326e-01	   5.0707302657236319e-01	   6.1816533652426586e-01	   8.2358504424821710e-01	   5.1655305486865721e-01	   5.6504097006563481e-01	   7.0826344133606856e-01	   8.8980073084323463e-01	   5.9478238634794667e-01	   7.5478524781053302e-01	   7.6398407892105913e-01	   6.1266424095157712e-01	   7.0058536499111768e-01	   6.5820957929762547e-01	   8.6748638815661216e-01	   1.0453402950024615e+00	   7.9297908599076095e-01	   1.1750261321713387e+00	   9.3566989712605109e-01	   9.4677567167933963e-01	   6.1442272419836885e-01	   6.7237265796576939e-01	   3.5978445608730086e-01	   2.4672500926238206e-01	   4.4255167507290105e-01	   4.9876976499872389e-01	   8.8142258443026544e-01	   8.0012931202213367e-01	  -1.2957513931030713e-02	   2.9125642056249373e-01	   5.4226803085140729e-01	   5.7070692252997546e-01	   6.1048933962331109e-01	   5.7271548004960604e-01	   5.9349368569958361e-01	   7.2997977096435052e-01	   2.2104126203514868e-01	   1.5662791129136078e-01	   6.8378518936351596e-01	   8.4479638729783024e-01	   5.5275420167577138e-01	   4.2958980372642674e-01	   3.6691130160619445e-01	   4.0802896940317779e-01	   4.4849545024788173e-01	   5.0551548084125331e-01	   9.1787167409363901e-01	   1.0789745240244739e+00	   9.2432339306566580e-01	   7.4464090041636632e-01	   4.3312316927039296e-01	   4.5866590410597297e-01	   2.1826742263180543e-02	   1.3324759879411885e-01	   3.7726675721288161e-01	   3.9809266042925018e-01	   7.3871899319035605e-01	   7.3320060417008248e-01	   7.0059863964779479e-01	   4.6065096732697003e-01	   1.1160876613070401e+00	   7.5747705816378519e-01	   6.6608565914702011e-01	   5.0941168113572699e-01	   4.7016610765105205e-01	   4.2855282255008575e-01	   1.5760131019563615e-02	   2.3296992736261679e-01	   4.8677346990295312e-01	   7.9755789963406887e-01	   7.8236245723209319e-01	   6.6385611200403472e-01	   2.8850921214009023e-01	   3.3643292731469286e-02	
   7.7948946093632310e-01	   4.8162818554172915e-01	   0.0000000000000000e+00	   7.5970858220997450e-01	   1.0298747005883133e+00	   7.1325021988674897e-01	   1.2376762831202368e+00	   7.3433346739640160e-01	   8.3915063018476399e-01	   7.3155166405320171e-01	   5.5604866694681554e-01	   5.0053355349770268e-01	   5.8011909283018559e-01	   5.7259702273355273e-01	   1.1267586188145073e+00	   7.7832074670408646e-01	   1.7546995932722495e-01	   2.2695117602128823e-01	   9.5052645191111196e-01	   5.8486660194623985e-01	   6.3049948880513873e-01	   6.4994471549348110e-01	   1.1955842971545509e+00	   1.0878707818529938e+00	   9.0809020608849789e-01	   8.1118401467887402e-01	   1.0664461355144697e+00	   6.5327326580036338e-01	   1.1165689352281341e-01	   1.3500053768279219e-01	   5.2676182838866414e-01	   5.4609274534538998e-01	   5.6053506893741700e-01	   4.1928969423693802e-01	   5.8833518508696914e-01	   3.8112254201750034e-01	   2.9506067288821131e-01	   1.4241840038333267e-01	   3.7868070757874051e-01	   2.4223092651784550e-01	   2.3468218345173483e-01	   3.8149658969497507e-01	   6.2442049753418849e-01	   4.3438643116318121e-01	   8.4304492608384163e-01	   5.9590939589627867e-01	   4.3644385544014030e-01	   4.6495307491898047e-01	   5.1063280746642492e-01	   3.3874280404988655e-01	   8.9709180004148514e-01	   3.4880011207439215e-01	   4.2988758359806828e-01	   5.4876930529009538e-01	   2.9827545235481762e-01	   3.4085898048295815e-01	   6.6071604440325993e-01	   7.0864561383058178e-01	   4.0325512141758824e-01	   4.8539170348762717e-01	   3.8306257854138626e-01	   3.1359542790279282e-01	   3.1458312827929652e-01	   1.5907440205558590e-01	   8.6766720525367313e-01	   7.0235035478952690e-01	   8.0782677359371446e-01	   5.0348152833071969e-01	   6.2482233308847346e-01	   6.0560521154429181e-01	   4.5471776475321357e-01	   4.3114545549502503e-01	   4.4091372831963360e-01	   3.9723713641814729e-01	   5.0507713173645863e-01	   3.8755288489653439e-01	   6.1538837194211538e-01	   4.0385977387894745e-01	   2.1717029928792259e-01	   1.9295500122427514e-01	   4.8961191070826371e-01	   5.8822509132066669e-01	   5.6048129878682029e-01	   5.9488719308649596e-01	   1.1974468930324886e+00	   1.0278950292329851e+00	   6.9103960095944938e-01	   8.3736736794142519e-01	   9.5345508562749759e-01	   8.3812164245996712e-01	   6.6490329927132463e-01	   1.1000003187923328e+00	   5.4841594783195435e-01	   1.2693105253793802e+00	  -5.7102314909655630e-02	   7.8693168688777612e-02	   2.5910824766924601e-01	   1.6429513568671417e-01	   4.3753357961752076e-01	   6.1704791916619706e-01	   4.6394396352350775e-01	   1.1265800759989779e+00	   4.4024081294062467e-01	   8.1545886200594153e-01	   4.3964112694030699e-01	   5.5118952582676572e-01	   2.6328470415367222e-01	   4.8123295599266025e-01	  -1.9378597188685609e-01	   9.9364443046592171e-02	   4.3048532726788735e-01	   6.3640263699691035e-01	   5.4914278733913791e-01	   4.9224889755789597e-01	   3.4841321314888962e-01	   3.4265107615886825e-03	
   4.9177728565900136e-01	   6.8644987118078349e-01	   7.5970858220997450e-01	   0.0000000000000000e+00	   7.6048410497917485e-01	   7.4023092471129659e-01	   6.9556672792190566e-01	   1.1316544621361655e+00	   5.0010926914590836e-01	   5.9689431675106008e-01	   2.2633837567409637e-01	   4.0619033283613182e-01	   2.4260878881662282e-01	   3.9085678096648252e-01	   6.0309674287648929e-01	   7.0490346926141367e-01	   1.6944337032783169e-01	   1.6209195701167090e-01	   5.4391183003612176e-01	   6.5215520381182368e-01	   3.7326501065303935e-01	   6.2712730610030998e-01	   7.4307637775820867e-01	   9.2687007707501612e-01	   4.7400183161787379e-01	   5.7026766183630229e-01	   6.9665822945152811e-01	   5.2706338566369948e-01	   3.8123170882306531e-02	   1.6112672988489077e-01	   4.4516406471790759e-01	   5.9227093899336314e-01	   5.5372102161759895e-01	   6.3521928474092004e-01	   6.2315372993615448e-01	   6.7657817274796017e-01	   3.0322707119568171e-01	   2.7767591589323048e-01	   4.6411565100074448e-01	   4.6560630893807353e-01	   2.7171294798941076e-01	   5.2640532007025720e-01	   4.0233889527286676e-01	   3.3832295792448763e-01	   6.0023419967825298e-01	   6.9018721665522342e-01	   3.0123099275484350e-01	   3.8767562848055798e-01	   2.2260390445676534e-01	   3.8948587670381640e-01	   3.5432634699217269e-01	   3.1874429050511943e-01	   2.4489973587324235e-01	   1.9513693288893746e-01	   3.0909727075023818e-01	   3.0841765043619029e-01	   5.6542757464582805e-01	   6.8118032983331200e-01	   2.9698255838304211e-01	   5.2247293575406595e-01	   3.8436806877387292e-01	   6.6885724259774704e-01	   3.1949199998679584e-01	   3.1800018324497559e-01	   4.8365476367039340e-01	   8.0339794984619073e-01	   7.3082807541244887e-01	   7.5748557342282541e-01	   5.7419821133763582e-01	   6.0224599513146670e-01	   2.2661375504421571e-01	   4.7763511212124837e-01	   3.9559458224219590e-01	   4.3386768772943118e-01	   5.3251671320671123e-01	   4.3438497450120211e-01	   4.8912179153013441e-01	   6.1633908488558564e-01	   1.5269665850205083e-01	   1.0299693010243224e-01	   4.1020666551987606e-01	   4.8764550181146216e-01	   5.2973048124969735e-01	   5.1423055130612993e-01	   7.0486605163170180e-01	   7.8923129678384774e-01	   6.3505681864661134e-01	   6.4034903829410372e-01	   8.2969826625730447e-01	   8.5635131171632772e-01	   5.4519110180882691e-01	   5.7851494380895685e-01	   7.6211439594174635e-01	   7.2726211743159574e-01	   9.2669447210136424e-02	   2.0629741588348355e-01	   2.6345044879997148e-01	   1.6826039504698248e-01	   3.0931295437157402e-01	   3.5058468141174526e-01	   8.1112037357378941e-01	   6.5901523851499888e-01	   5.5418412028819075e-01	   6.6422281968602193e-01	   6.6190881396135215e-01	   6.4314482249516303e-01	   3.9756748089624749e-01	   4.9710181967597150e-01	  -7.5630234746380332e-04	   2.0930634860645669e-01	   4.2831804519016703e-01	   4.7829565351003245e-01	   3.6814208921064928e-01	   4.2040533430683458e-01	   2.3446706720589805e-01	  -3.5789847103303149e-03	
   6.5385170184002095e-01	   4.7156427074073531e-01	   1.0298747005883133e+00	   7.6048410497917485e-01	   0.0000000000000000e+00	   7.1165058610332510e-01	   1.1101739509489952e+00	   6.6963218794124857e-01	   1.1916773343746936e+00	   5.5870486360513605e-01	   3.5934181697987461e-01	   2.5275706596579078e-01	   4.4122053242200460e-01	   3.3383236264124710e-01	   8.1651831038693068e-01	   5.3053621420169494e-01	   1.2775492417283185e-01	   1.8219124421346161e-01	   6.3127081891857040e-01	   4.7968177837612291e-01	   3.4280250523127470e-01	   3.7149249533909151e-01	   5.5959611673695941e-01	   5.7129892488086553e-01	   5.8435343759773617e-01	   4.8323884570553588e-01	   9.0714209652408206e-01	   5.3137209563832777e-01	  -6.1793033345432591e-03	  -1.1951037998176582e-02	   1.7327041523706335e-01	   2.1029694546293501e-01	   4.4507853360776689e-01	   3.3187074562799557e-01	   4.9721551967446320e-01	   3.2927979661789664e-01	   1.9416549212604983e-01	   7.1829946254148833e-02	   3.2562146587274432e-01	   2.1509610035238244e-01	   1.2029722981654287e-01	   2.5649740109712427e-01	   3.6935314846310446e-01	   2.4491940315256544e-01	   7.1814346940100160e-01	   5.2616206218894035e-01	   1.9266238866758270e-01	   1.8067074849887418e-01	   4.2893918272037235e-01	   2.1046291371208700e-01	   6.6085899843864360e-01	   1.3805322555843322e-01	   2.0311321990282588e-01	   1.9617956488349614e-01	   2.0338704943202637e-01	   1.4404720766227230e-01	   4.3334425860929215e-01	   6.0285551599571918e-01	   3.9880205078688036e-01	   3.8674457208568880e-01	   5.2028771113337968e-01	   4.2529718229482272e-01	   3.0454306875217008e-01	   2.6733107534559236e-01	   9.9760633410500410e-01	   5.8568453127338527e-01	   7.9277071073293925e-01	   5.4093733559279422e-01	   5.9049018543693177e-01	   5.7523712318854159e-01	   3.2580488426915138e-01	   2.6320575993105289e-01	   1.6558860254534774e-01	   2.0993069844397844e-01	   3.0779454798474304e-01	   2.3818096429479979e-01	   4.9356722633854000e-01	   3.8522551327285875e-01	   1.2832653826451690e-01	   1.0205871205341682e-01	   3.4799303903917023e-01	   4.3542307641896949e-01	   3.5871871300894242e-01	   4.3801201408177837e-01	   6.4425236436567990e-01	   5.4274054398682936e-01	   4.1870804579774445e-01	   4.8965981673165748e-01	   9.2005993453876989e-01	   6.3539439570990830e-01	   4.2438572128891350e-01	   6.4363431560097162e-01	   5.0056772965147556e-01	   9.7059781734551853e-01	  -4.3583959554573705e-03	   1.2322154156735390e-01	   1.2324538820071043e-01	   1.1935971965637815e-02	   1.9257828716488254e-01	   2.7796986591596934e-01	   3.8003848418298247e-01	   9.5125951979017043e-01	   3.4208743556268628e-01	   6.5116308088097408e-01	   2.9781459713020664e-01	   3.1180061889357957e-01	   1.8946569397739163e-01	   4.8297720382611636e-01	  -2.1131894323935818e-01	   1.1222463199069307e-01	   2.1412374602073470e-01	   4.5958455886822203e-01	   4.0662022314829482e-01	   3.4881881896433703e-01	   1.4761211683436207e-01	  -8.8926873965185949e-02	
   6.1174884869012158e-01	   6.6017391834239536e-01	   7.1325021988674897e-01	   7.4023092471129659e-01	   7.1165058610332510e-01	   0.0000000000000000e+00	   5.1794477940894401e-01	   9.3725678454227812e-01	   6.2126023558955923e-01	   9.3809426740273838e-01	   3.0949155403124373e-01	   4.9886810540179677e-01	   4.6451252993677050e-01	   6.3178876898148528e-01	   9.1285180134107169e-01	   1.0636417677078300e+00	   7.9017879339242814e-02	   1.8140500226975134e-01	   5.8209815906160256e-01	   6.3644505119701944e-01	   6.1698858614655117e-01	   7.9426843470892772e-01	   7.9481418215281741e-01	   9.1915142915471193e-01	   8.3800329109093341e-01	   1.0026578898370828e+00	   1.0931774741978406e+00	   1.1685284730554781e+00	   5.7409869234452453e-02	   1.8478217702435587e-01	   2.8785367486786717e-01	   3.5088769819162413e-01	   4.5252251805144827e-01	   3.9706227809389033e-01	   4.1017250610765510e-01	   3.8814826585692974e-01	   3.6570802138496028e-01	   2.6550767083054622e-01	   5.3652832206487133e-01	   4.6100172749507129e-01	   3.1842013150933302e-01	   5.4962768404237283e-01	   5.8842500577718393e-01	   5.2536164906302518e-01	   6.7154962161411302e-01	   6.1542924032815693e-01	   4.0409197207465469e-01	   5.2976878814783190e-01	   5.9602462580801563e-01	   6.3820918398684945e-01	   7.2234103082297563e-01	   4.2751955021110544e-01	   6.1076226948074419e-01	   5.0710919089125661e-01	   5.1741155272070405e-01	   4.8923384527985847e-01	   6.0651088804428455e-01	   7.3253168233236798e-01	   5.0357299837079705e-01	   6.1465725642336611e-01	   5.4125571999810829e-01	   6.9714476469165709e-01	   2.9509274399294289e-01	   3.5955624598233693e-01	   5.0225559823226051e-01	   6.4781577749523667e-01	   5.7232478223542205e-01	   4.3484924533901048e-01	   9.5603052005276734e-01	   9.7803477963474295e-01	   4.2414973044556958e-01	   5.0936281718643672e-01	   4.3397926660114722e-01	   4.2815008461816062e-01	   4.7950629198170219e-01	   4.4163608256570197e-01	   4.7694965889413915e-01	   5.5781153369051506e-01	   8.3768170974636569e-03	  -6.9552229443051561e-02	   3.7388604160331312e-01	   4.1382695714607004e-01	   6.3501630489045868e-01	   6.8611118578562280e-01	   7.6883647411941247e-01	   6.2527413223040207e-01	   7.5355276080138234e-01	   7.7189763694844116e-01	   9.8782695681379040e-01	   9.0635096602456533e-01	   7.5183937165906223e-01	   8.6744178048552412e-01	   7.6561859355107897e-01	   8.2412797294018114e-01	   2.9186394122162496e-02	   1.7655626892740273e-01	   3.9484791762529703e-01	   3.0834375771699174e-01	   4.5048577099476828e-01	   5.3980249842042061e-01	   6.3848481775681842e-01	   6.8063290651990294e-01	   5.0465062836884522e-01	   5.9038279260828508e-01	   3.7056472457607204e-01	   3.8169117750435311e-01	   3.7305513301399412e-01	   5.5716215966139271e-01	  -6.1167434676414473e-03	   2.3075973700594099e-01	   5.2990950837710116e-01	   5.4156140302647282e-01	   6.1921053261083414e-01	   4.2616289742218461e-01	   7.8844265875919375e-02	  -1.1633965028851639e-01	
   8.2124393300201426e-01	   4.1149410827651145e-01	   1.2376762831202368e+00	   6.9556672792190566e-01	   1.1101739509489952e+00	   5.1794477940894401e-01	   0.0000000000000000e+00	   7.7134339414664899e-01	   1.0072194192583754e+00	   5.5020185777495401e-01	   6.8591075551027658e-01	   5.1902653109583852e-01	   6.5878455910169553e-01	   4.8955459009034219e-01	   8.3469658030092853e-01	   4.6157605177157701e-01	   2.7930169813746691e-01	   3.2432977794333673e-01	   7.7461909514347671e-01	   5.2706366516679515e-01	   3.4006753982135351e-01	   2.9161074041687440e-01	   6.1735034886580709e-01	   6.3602013119436296e-01	   4.4158411409005194e-01	   3.8431603277346632e-01	   7.4804248219048819e-01	   4.8376750156373205e-01	   2.3583290020263353e-01	   2.2880407822199392e-01	   3.4810871345779026e-01	   3.3419042238900515e-01	   6.2078770649763915e-01	   5.0217451660017143e-01	   3.5019732152164401e-01	   1.9897131145159397e-01	   1.0706807307782765e-01	  -1.0778989536752424e-01	   1.9497601620186766e-01	   9.4644109858846082e-02	   1.6661555720328464e-01	   1.5067713524877027e-01	   4.4393931371730733e-01	   2.2913001992655307e-01	   6.5869725502790233e-01	   4.4532174164381716e-01	   3.2861211299992449e-01	   2.5618778683046545e-01	   4.6355877633895487e-01	   2.1300602179820530e-01	   5.8435926848535458e-01	   1.4120521462888258e-01	   2.2387091127483819e-01	   2.6709492792255679e-01	   1.1419497010107278e-01	   8.9695326221305688e-02	   4.0789199066293857e-01	   4.5600728952341796e-01	   4.0072555651639286e-01	   4.3597308292008174e-01	   5.3002367466835543e-01	   3.9150639418433691e-01	   4.0431024481320688e-01	   3.8243922370027678e-01	   9.0317674880945620e-01	   5.5601595005051974e-01	   6.7345351966033917e-01	   3.8401013161345904e-01	   4.5363343300217962e-01	   3.7944076633242518e-01	   3.0836186320765713e-01	   2.8883777725336024e-01	   3.8435312867599231e-01	   3.2934764354727170e-01	   4.6395701274728007e-01	   3.1481190508010315e-01	   5.4825478880835343e-01	   3.2994444898114555e-01	   3.1238163305743039e-01	   3.0361260087639946e-01	   4.5845250067510279e-01	   6.5902208696715769e-01	   2.3945845096118773e-01	   2.2208623193719490e-01	   7.1502813533808041e-01	   6.1246908839607017e-01	   3.3816624608186746e-01	   4.4991571129734143e-01	   7.4913415885085410e-01	   5.8650281996760545e-01	   3.9273165629395163e-01	   6.9621312241642230e-01	   2.8272503157735518e-01	   8.7175989488820937e-01	  -9.1830532464244469e-02	   1.0487948034189604e-01	   7.4690050655339568e-02	   2.6791394004214791e-02	   2.1171621675864313e-01	   3.4423850527478272e-01	   2.9622308783305928e-01	   9.5127543915319779e-01	   3.1273556885177795e-01	   6.5375424981613806e-01	   3.0266494970213986e-01	   4.2352431592914686e-01	   1.8974382745276652e-01	   2.8007408801454936e-01	  -5.2377954644682007e-02	   1.0333657553736347e-01	   1.5333486993200918e-01	   5.0392168583428931e-01	   4.2783802739982424e-01	   3.4477824166039162e-01	   2.6484211069786584e-01	   1.4156155254388750e-01	
   6.9732189151032420e-01	   8.4000709129860296e-01	   7.3433346739640160e-01	   1.1316544621361655e+00	   6.6963218794124857e-01	   9.3725678454227812e-01	   7.7134339414664899e-01	   0.0000000000000000e+00	   6.4081559186914827e-01	   7.4442685723055069e-01	   5.7258503125312155e-01	   8.3387178550531382e-01	   6.1072572920259893e-01	   8.3123142704692654e-01	   7.3105917452088287e-01	   7.8691593133915205e-01	   3.0312496520722948e-01	   3.3211762026700220e-01	   6.8893807331779700e-01	   7.9889370317903663e-01	   3.8516390350324820e-01	   5.2895804442743433e-01	   7.3348389702347505e-01	   8.9253443562757306e-01	   4.3404215591035739e-01	   5.6583621784730975e-01	   7.2394448772212949e-01	   6.8790389579326483e-01	   2.0720295340676773e-01	   3.6346670689355953e-01	   4.8081315555341292e-01	   5.6928336521843859e-01	   6.1235069258948993e-01	   7.1176178898767095e-01	   3.4101761961261723e-01	   4.2150054851018937e-01	   2.2565138313719380e-01	   6.7356822241365050e-02	   3.4508274093765073e-01	   3.1484999278275166e-01	   3.0940089040305407e-01	   4.3605305030867125e-01	   4.7894248136989659e-01	   3.2618153343227202e-01	   5.8829318140544384e-01	   6.1497854757338488e-01	   3.7871179718805170e-01	   4.1560164913209713e-01	   5.0780404686525937e-01	   5.8207045890791664e-01	   4.9780549273513852e-01	   4.0350343845881326e-01	   4.7851250227380593e-01	   4.1554694908680595e-01	   3.3336210959708745e-01	   3.2142646611160253e-01	   6.5610900648448511e-01	   7.1892012015579299e-01	   5.0250936972577653e-01	   7.9877197341279449e-01	   5.7445785868054777e-01	   9.7406450636100939e-01	   3.9523791405513098e-01	   5.1210540635737856e-01	   5.2419099880061260e-01	   7.9905569565542844e-01	   5.8582734739417841e-01	   5.1806968401036890e-01	   7.2811439707528591e-01	   6.8997653420489180e-01	   1.4291476141680859e-01	   4.3856792040187231e-01	   5.6694958859701350e-01	   5.5886920552127872e-01	   6.5538237394116927e-01	   5.3523753349070868e-01	   5.0096357667570079e-01	   5.6521870104593286e-01	   2.6054801974124775e-01	   2.7379769241701662e-01	   5.6890333167110541e-01	   7.3412263916623932e-01	   4.0647492612196673e-01	   3.3173322754624507e-01	   6.8658561461513390e-01	   6.9317988337592096e-01	   5.8277476333135669e-01	   6.1706608411427954e-01	   8.2738349205464590e-01	   9.8990874463416212e-01	   5.8842150866022036e-01	   6.8531187180647035e-01	   5.2251408225225571e-01	   6.5744898623667569e-01	  -7.4531743922785637e-02	   1.4125155229148961e-01	   2.1947198103144633e-01	   1.4325122587060943e-01	   3.5732484721707025e-01	   4.2399056876567498e-01	   6.4574727625410755e-01	   6.3947921516352535e-01	   6.3959248625797793e-01	   7.4074783816145484e-01	   5.9683400021509692e-01	   6.6401672914326515e-01	   3.9375095723082798e-01	   3.6406969627532093e-01	  -1.1568176910181941e-02	   8.9328597111951735e-02	   3.5494502247218240e-01	   5.2590814790562157e-01	   5.0986922580297445e-01	   4.6137145026883186e-01	   3.0117551191760322e-01	   2.1229547837844326e-01	
   6.8355005930996793e-01	   4.4291713953104078e-01	   8.3915063018476399e-01	   5.0010926914590836e-01	   1.1916773343746936e+00	   6.2126023558955923e-01	   1.0072194192583754e+00	   6.4081559186914827e-01	   0.0000000000000000e+00	   7.4972797784574319e-01	   4.7869918122628119e-01	   3.5652845907877878e-01	   5.8137858201109216e-01	   4.7095113728415933e-01	   9.0697385452933310e-01	   5.3361894391006615e-01	   1.1905948754942261e-01	   2.4117437097063082e-01	   5.6502981180875944e-01	   3.7782921721229812e-01	   3.0552738567994464e-01	   2.2392477037039410e-01	   3.9005360589805294e-01	   3.8805056468101057e-01	   3.5199009492728023e-01	   3.1330377024521994e-01	   7.0091065260885899e-01	   3.6942751502103682e-01	   8.5005335747125765e-02	   1.0640568488662913e-01	   1.2219428234582305e-01	   1.2718045296185282e-01	   3.2168256257407185e-01	   1.9811607629023231e-01	   1.3438528622786686e-01	   3.0743577353703096e-02	   1.2008169031951776e-01	  -6.9037372790262397e-02	   2.0888572739899053e-01	   1.7333270720606248e-01	   1.4122790523354983e-01	   1.5371036669048860e-01	   3.4712790083938022e-01	   2.1256542935470543e-01	   5.5693169660718200e-01	   4.1086074933655731e-01	   2.3313529577713443e-01	   2.3443123340839794e-01	   6.0730189868278428e-01	   4.3247492066078219e-01	   6.6140110357630510e-01	   2.8715919218728841e-01	   3.1287927321742537e-01	   3.0231185501004704e-01	   2.6395596155919421e-01	   2.1765358856243333e-01	   3.9612343848800863e-01	   4.7812955834550480e-01	   4.6641204497866173e-01	   5.0903405023994908e-01	   6.1110434358165977e-01	   5.2944543436388181e-01	   2.3513491339097525e-01	   3.4146093098543945e-01	   8.2286758438438690e-01	   4.4756504773219946e-01	   4.2410624196061097e-01	   2.1049535144109149e-01	   4.2383678562104987e-01	   4.2274665089756069e-01	   2.8932236964123592e-01	   2.2497396821888227e-01	   2.2715744784255953e-01	   2.0461584732048321e-01	   3.0705822670273542e-01	   2.1751445569527858e-01	   3.9618621793329362e-01	   3.0948370655926433e-01	   8.0415249554953341e-02	   1.5183104613978304e-01	   2.4758179995748394e-01	   4.3448254167621370e-01	   1.2808955321414961e-01	   1.7618161405606644e-01	   4.3415335637800379e-01	   3.3880414103295897e-01	   2.1584416776753440e-01	   3.1085306941728214e-01	   8.0833213961994188e-01	   5.7954673582681349e-01	   4.2032079884723245e-01	   6.6032833262752910e-01	   3.5744038543236445e-01	   7.3066305134972098e-01	  -1.4277639864675545e-01	   1.7270392047030958e-02	   1.4208063255836384e-01	   7.0938267924815251e-02	   2.7184491370888464e-01	   3.4663388094559927e-01	   3.0795002288491680e-01	   7.1693986739864002e-01	   3.5049914409105110e-01	   5.1180131992921130e-01	   2.7081163681194698e-01	   2.4567717177135096e-01	   1.5468458109092864e-01	   3.5513349637388547e-01	  -2.3849600307998084e-01	   6.7603907476437172e-02	   1.5124753168965335e-01	   3.7857100539862132e-01	   4.9000761830947448e-01	   3.4813361115163793e-01	   9.3039422002856392e-02	  -3.1231507480652433e-02	
   5.2424217579184795e-01	   4.9379234846934267e-01	   7.3155166405320171e-01	   5.9689431675106008e-01	   5.5870486360513605e-01	   9.3809426740273838e-01	   5.5020185777495401e-01	   7.4442685723055069e-01	   7.4972797784574319e-01	   0.0000000000000000e+00	   2.8509880273360516e-01	   4.9362383295245571e-01	   3.5815658129664735e-01	   5.5904234163800659e-01	   7.7384209729054465e-01	   9.3317739645584552e-01	   1.7100051152346296e-01	   2.1957112028485143e-01	   5.9323891308729559e-01	   4.8326620871025217e-01	   3.6502140796277571e-01	   4.2390330813108790e-01	   7.5274209942673975e-01	   7.6762563712153764e-01	   5.3750842632819174e-01	   6.0440061869260131e-01	   8.2433831533548529e-01	   4.8518783807887267e-01	   1.4440443180574150e-01	   3.0488939386949826e-01	   4.1843193060700434e-01	   4.9826491285058927e-01	   3.9779517587478402e-01	   3.8464290276596558e-01	   2.4112302645795730e-01	   1.5642949700851586e-01	   2.7401965603823103e-01	   1.3092744344838611e-01	   2.8613313533614615e-01	   2.9928766258925710e-01	   1.5584114908733643e-01	   2.3595051575860782e-01	   5.2364203499030271e-01	   4.2706919486803269e-01	   4.3122539500254786e-01	   4.3823042701484655e-01	   3.0342795877741358e-01	   4.4579264867725371e-01	   4.8890513321715123e-01	   6.2449005305370120e-01	   5.3478226762849435e-01	   4.1519573352080752e-01	   5.1517189359885907e-01	   4.7206193626015924e-01	   3.5131125522083556e-01	   3.9912506280014770e-01	   5.7499035315975644e-01	   5.8180090144369256e-01	   5.0000334010425751e-01	   6.6502621087046154e-01	   4.0906298645629890e-01	   6.0827917456236991e-01	   2.2490115745457673e-01	   2.0502859611701857e-01	   3.9052889260430812e-01	   6.1980216420156176e-01	   3.6289118700706802e-01	   1.8909803268042435e-01	   4.6122995279566936e-01	   4.9360620449108267e-01	   3.8035612526025481e-01	   4.2064252673711439e-01	   3.8070991492815093e-01	   2.6829718086594551e-01	   3.8584807668174059e-01	   2.7258897751614147e-01	   4.7592029676350961e-01	   4.6660793164818753e-01	   1.9929220537978598e-01	   1.3630406763227615e-01	   3.8646324308949337e-01	   4.5376913647273159e-01	   2.4400014009919430e-01	   3.6485898269891220e-01	   6.8352367457536367e-01	   6.0863179487593477e-01	   4.1837470073422872e-01	   5.0513506952767051e-01	   6.9521899791415220e-01	   6.6464771186304505e-01	   5.8177221224847353e-01	   8.6707044699513425e-01	   6.3738378932323447e-01	   7.6935632397165821e-01	  -1.6068199873803654e-01	   5.0812839389106461e-02	   2.6602380497173561e-01	   2.1515712111230961e-01	   4.1501484230411023e-01	   5.4487289651955573e-01	   5.1414425043204581e-01	   5.4711744148086661e-01	   4.4808208994541132e-01	   4.3918669299182145e-01	   4.1562156523881266e-01	   4.3740092987734647e-01	   2.3894642361293286e-01	   3.2686659683395702e-01	  -1.0407223588952585e-01	   1.2916812035702160e-01	   3.9323302488524098e-01	   3.4288896475397146e-01	   5.1160392908729524e-01	   4.0366094467298558e-01	   1.0488886126530883e-01	   5.3961949252631695e-02	
   1.1658348691350768e+00	   6.4245764587624610e-01	   5.5604866694681554e-01	   2.2633837567409637e-01	   3.5934181697987461e-01	   3.0949155403124373e-01	   6.8591075551027658e-01	   5.7258503125312155e-01	   4.7869918122628119e-01	   2.8509880273360516e-01	   0.0000000000000000e+00	   9.6902432717999387e-01	   1.6244880228269432e+00	   8.7005839721309786e-01	   6.4450521032455510e-01	   4.3082431359714163e-01	   5.5505033975235829e-01	   5.0418130120037807e-01	   7.9299456755103481e-01	   5.3401994755630910e-01	   1.2312850017358433e-01	   5.7761699997167411e-02	   3.4408531964425626e-01	   3.3396132633885395e-01	   1.9518695458651392e-01	   1.8236246831967587e-01	   3.1885721464681865e-01	   2.9756954770995436e-01	   7.0364821685835832e-01	   5.9175485841267639e-01	   1.9366330053999140e-01	   1.3223611504664951e-01	   5.4807807721856572e-01	   4.2336676174919596e-01	  -7.6405138750360729e-02	  -2.5587404062541036e-02	   9.1499859958527677e-02	  -1.4393847217633826e-01	   1.1724038437180530e-01	  -1.3693968440926916e-05	   4.1201127821764727e-01	   1.7512050096299173e-01	   3.8888191792290383e-01	   2.1871104731637808e-01	   3.2485726875183146e-01	   2.2938342815648510e-01	   3.5757068420595600e-01	   2.7765731601651178e-01	   6.9595322856815567e-01	   4.1953043785769906e-01	   5.3713007817314096e-01	   4.7529457872847797e-01	   6.3701334686909206e-01	   5.2363275247279062e-01	   3.9086816889497472e-01	   2.8928587954352769e-01	   5.0516129701449275e-01	   4.7544523734609878e-01	   7.3303810763246546e-01	   7.1233531349293799e-01	   7.4671381204999387e-01	   4.3456485106281484e-01	   5.0775469932752149e-01	   4.5593216425049155e-01	   4.6497285738314653e-01	   1.1627377926578751e-01	   2.5911367923676476e-01	   1.1795274615802415e-01	   4.2669568577317613e-01	   3.1212633543516421e-01	  -1.3608331573571407e-02	   1.7157964457793265e-01	   4.8280146018831593e-01	   3.6378980969767671e-01	   4.1914673829113369e-01	   2.8955490963718872e-01	   5.1007359500746052e-01	   2.7451175992203808e-01	   3.7112318053885168e-01	   4.3126153290215424e-01	   6.5762997627510933e-01	   7.3217624779630153e-01	   2.0916775171894372e-01	   6.2262710119189262e-02	   4.0451487512263612e-01	   2.9970367449031515e-01	   1.6972902886712027e-01	   2.8129486810144261e-01	   6.0214352600756649e-01	   7.0773155808738697e-01	   4.8720936352834021e-01	   6.0971648759317898e-01	   3.1729535273345960e-02	   2.8006594304447374e-01	  -3.0688572510364026e-01	  -1.4210809881274064e-01	   7.6265435212231752e-02	   8.3439428862495987e-02	   4.3207828960193645e-01	   5.0845074909806798e-01	   1.8912855549375168e-01	   4.2066175144849693e-01	   5.6569850360899687e-01	   6.3197413569817384e-01	   3.0952410116371432e-01	   3.9621620313270633e-01	   1.8542226337127288e-01	   4.4908661416256845e-05	  -8.6532088403043064e-02	  -1.0916815785160165e-01	   1.5125837168338996e-01	   4.8085650998876123e-01	   4.5152904128606908e-01	   3.4429493317318721e-01	   2.6852648761471593e-01	   1.6695727956743855e-01	
   7.2121162377708969e-01	   8.0053180965887372e-01	   5.0053355349770268e-01	   4.0619033283613182e-01	   2.5275706596579078e-01	   4.9886810540179677e-01	   5.1902653109583852e-01	   8.3387178550531382e-01	   3.5652845907877878e-01	   4.9362383295245571e-01	   9.6902432717999387e-01	   0.0000000000000000e+00	   9.6518215749450476e-01	   1.3973778116985776e+00	   6.6693260028878698e-01	   7.5934795414978229e-01	   5.7984082307096718e-01	   5.4161636423004023e-01	   6.9433546730998896e-01	   8.8358186041957776e-01	   1.9509040929541474e-01	   2.3937342076683393e-01	   5.3381102613314302e-01	   5.9846386734074564e-01	   2.4122803999495923e-01	   2.8643797324009335e-01	   3.6477372462711977e-01	   3.9280974680986824e-01	   7.9419482646661399e-01	   9.9113365835943967e-01	   4.7425722545362081e-01	   4.1658522947546595e-01	   7.3737147390750113e-01	   7.1543832018224696e-01	  -2.6862530764704566e-02	   5.7647918370868946e-02	   3.6579616776893709e-01	   1.1041424386591581e-01	   3.4358305028482350e-01	   2.9636260358905708e-01	   6.5754257537310323e-01	   4.9785771910459292e-01	   6.5265311675820792e-01	   4.1581155173477835e-01	   4.6916366101710161e-01	   4.6024971009459614e-01	   6.8659524700205676e-01	   5.9142355225839305e-01	   7.3923869024533806e-01	   7.2932865755340104e-01	   4.7442934048487512e-01	   6.5891688895236000e-01	   7.9424803693278756e-01	   7.4713162916706388e-01	   5.7048295346097055e-01	   5.4689114259927996e-01	   5.2174528099790385e-01	   4.9785542202654570e-01	   6.5599643003605568e-01	   8.9227348373018311e-01	   5.3867721862815332e-01	   6.8599256065890690e-01	   4.6983650288002554e-01	   5.9930996022677885e-01	   1.8399840038301774e-01	   2.1067329876857604e-01	   2.4596014038944045e-01	   1.7263733198364695e-01	   5.0544236091277572e-01	   4.0700536007639720e-01	   1.4706048012716164e-01	   4.6677231778121686e-01	   9.3465506184770220e-01	   8.2461932048748476e-01	   8.3989650329894472e-01	   7.4555216036203853e-01	   6.1093781968593264e-01	   6.3221575995965140e-01	   3.5034246331238783e-01	   3.3925762311746427e-01	   7.3437813099158977e-01	   9.2986692689778072e-01	   3.3216203649475745e-01	   1.6031057841052643e-01	   3.6855317880837851e-01	   4.5355514048032930e-01	   2.4388701406841601e-01	   3.7955134156141951e-01	   5.1908273622591627e-01	   7.0628276546406354e-01	   7.6532283128769862e-01	   6.9486007023500385e-01	   2.2481988051808602e-01	   3.1463542166778347e-01	  -5.7397307854294387e-02	   1.1814839151541935e-01	   3.5834269929227530e-01	   3.2310159290513651e-01	   7.0631382407582710e-01	   6.8974664637071037e-01	   4.7949187269285981e-01	   3.4807084079637629e-01	   7.7926590513329885e-01	   5.0086190825498744e-01	   5.4627852529629461e-01	   5.2965188103818417e-01	   3.8175069530041950e-01	   1.4448014615072066e-01	   1.6186951127715318e-01	   1.4189034289790406e-01	   3.7447762764385512e-01	   6.9366970939055284e-01	   6.6502378017196140e-01	   5.4273598730020078e-01	   4.8418791461490535e-01	   4.2012113644194687e-01	
   1.0636331423961156e+00	   6.8671696734942467e-01	   5.8011909283018559e-01	   2.4260878881662282e-01	   4.4122053242200460e-01	   4.6451252993677050e-01	   6.5878455910169553e-01	   6.1072572920259893e-01	   5.8137858201109216e-01	   3.5815658129664735e-01	   1.6244880228269432e+00	   9.6518215749450476e-01	   0.0000000000000000e+00	   1.0796335863929236e+00	   8.2564772409867226e-01	   5.6729812462891838e-01	   3.9584119137139695e-01	   3.4888124303983759e-01	   7.1661367702150802e-01	   5.1129324822690903e-01	   2.2005024304522122e-01	   1.7131045964556857e-01	   3.7749494125748961e-01	   3.7445128407676842e-01	   3.4217753150829050e-01	   3.1365016043404376e-01	   4.2991727998914114e-01	   3.9047792994992059e-01	   5.3403510275054655e-01	   4.8683669609508995e-01	   1.6525978948346526e-01	   1.0772134192393130e-01	   4.7917102604626105e-01	   3.3603054762895568e-01	   2.1424727241004565e-02	   8.5777963180681094e-02	   2.0750476504858517e-01	  -6.0701555074928687e-03	   2.7007641370620328e-01	   1.3396812434241367e-01	   4.5233653350130160e-01	   2.6764880821599718e-01	   3.9829754639048248e-01	   2.7647122859007778e-01	   4.1373686921899483e-01	   3.0573460253234258e-01	   3.6807016545023019e-01	   3.0407504596569501e-01	   8.4036363405844061e-01	   5.1593157582789684e-01	   7.0052692393619165e-01	   5.6691393780697630e-01	   6.8378246204437132e-01	   5.4015018554094296e-01	   5.1648452163651992e-01	   3.8030844745330483e-01	   4.6787392772264635e-01	   4.9539498893164824e-01	   7.5075917985665486e-01	   7.4167140171639334e-01	   6.7613786555710609e-01	   4.8109759799074847e-01	   3.5121931301569326e-01	   3.4877534720312153e-01	   5.5979878868506772e-01	   1.8937944198005280e-01	   3.5210747065216158e-01	   2.1297411478896044e-01	   5.2921456909416054e-01	   5.1549014827223982e-01	   2.1405687654714328e-02	   1.7707647201744903e-01	   4.1808271954561954e-01	   3.5763032997757277e-01	   3.8660623926872389e-01	   2.8071361533733524e-01	   5.0538952031254536e-01	   3.0899391555124273e-01	   2.1214863922086877e-01	   2.2470318851662457e-01	   6.0237781821732750e-01	   6.4315101396468044e-01	   3.0429067476924060e-01	   1.4719554200837684e-01	   4.6217334620914430e-01	   3.3043325953292735e-01	   2.2233479989505361e-01	   3.3606026892506280e-01	   8.1145068338582038e-01	   8.0612414523209441e-01	   5.8730582903836226e-01	   6.8171519146156734e-01	   1.4718884745661009e-01	   3.8141231458397684e-01	  -1.9781448570392987e-01	  -7.7394416993417786e-02	   1.9019777677188870e-01	   1.0345440142414364e-01	   4.7161892962835139e-01	   5.1316213781664044e-01	   2.7352945979944404e-01	   5.1780010657202546e-01	   5.6993745697624443e-01	   6.3395098821085016e-01	   2.1707640952739041e-01	   3.0243871638457376e-01	   1.3804444596941878e-01	   1.0380645783321905e-01	  -1.0918629306885029e-01	  -6.3858934243029214e-02	   2.3792450438712229e-01	   4.9123374758910110e-01	   5.0135364086246081e-01	   3.1035173250886366e-01	   1.9751250232781462e-01	   7.2747456284494000e-02	
