   0.0000000000000000e+00	   9.2160733052287469e-01	   1.0353500109596603e+00	   7.1617327919385454e-01	   4.6770644110416226e-01	   3.6581654704003302e-01	   8.2790305545533638e-01	   8.7666100907747857e-01	   5.2224463657616771e-01	   4.4622052452280364e-01	   1.0122988703828320e+00	   9.5728620941304421e-01	   7.5596544155665890e-01	   8.8106385895306927e-01	   7.8720284957752884e-01	   7.2545574273292746e-01	   6.2855184650320772e-01	   6.3622684950626618e-01	   1.2702779092482157e+00	   1.1376871053779682e+00	   3.6677088343447156e-01	   2.2613535344550315e-01	   6.5981566972977146e-01	   3.9773283434251827e-01	   5.5336146531743546e-01	   5.0050756759794979e-01	   3.7698992794175168e-01	   2.4359834758582366e-01	   5.0952093483297645e-01	   6.5325202159951257e-01	   5.8957061547494227e-01	   5.1935594317914013e-01	   9.9705566159645753e-01	   8.3053888002885978e-01	   6.6316211173160078e-01	   6.0984584956894106e-01	   1.6298583164508473e-01	   2.9784580766957386e-01	   3.3243474740846246e-01	   2.6678833095577054e-01	   6.5009024718460140e-01	   1.6846300729351490e-02	   3.2651375182572118e-01	   2.9829918197063099e-01	   4.6959054025410740e-01	   4.5530645548471810e-01	   5.2145878004940249e-01	   4.4990005092270130e-01	   6.8965244733586650e-01	   4.1871995084029540e-01	   7.8804591712885119e-01	   7.0842125675415402e-01	   8.2707864848644885e-01	   4.9281103260174847e-01	   7.1227475073619251e-01	   9.2158230698446886e-01	   1.4497991996323432e+00	   1.0739778259757427e+00	   7.8731992478961477e-01	   6.5975124185088463e-01	   8.6068174565657962e-01	   6.6108432799274675e-01	   9.2562154370469241e-01	   7.4123901734013564e-01	   4.5741559127697073e-01	   4.9596047388369374e-01	   9.6603751859711562e-01	   7.2988108349375247e-01	   8.8029062189156093e-01	   5.9915527157456805e-01	   2.5283949675974704e-01	   3.7784302243039419e-01	   7.7987764199194587e-01	   7.7699083774049194e-01	   7.2413315609289108e-01	   6.1081092217194388e-01	   5.7931515727411509e-01	   5.7748340411808774e-01	   6.6803947599530777e-01	   6.4120619508961241e-01	   8.4380524134454959e-01	   8.9677452592411788e-01	   5.9752955693533161e-01	   5.5058612769416326e-01	   1.0360344632838554e+00	   9.5090739387091261e-01	   2.5329088311070758e-01	   5.8711695101619732e-01	   8.9212051431289718e-01	   1.0342811898394100e+00	   9.3790265905417058e-01	   8.9786093006963141e-01	   5.4654413721751427e-01	   5.9652178394071675e-01	   2.6980149586242597e-01	   9.2937535943325766e-02	   6.5924007810965257e-01	   6.7001719322390274e-01	   5.5596768188395862e-01	   8.8428303886180881e-01	   6.8727094873991823e-01	   8.8222585257543107e-01	   8.4555580843520695e-01	   8.5660300524659627e-01	   5.1658019887855833e-01	   4.1309165856181246e-01	   5.8638290099017343e-01	   5.1632495029778247e-01	   3.8528154161534697e-02	   5.2016455621266844e-01	   6.2358262260199748e-01	   6.5170971260935218e-01	   4.5227566036730016e-01	   5.0929811962175064e-01	   1.9118490589977419e-01	  -2.5727512258891672e-01	
   9.2160733052287469e-01	   0.0000000000000000e+00	   5.7145228174450891e-01	   5.4789628270928969e-01	   4.9010379220072764e-01	   3.2282437919047713e-01	   3.8501124378965967e-01	   5.7621911728820496e-01	   5.2093532647492424e-01	   4.0424888257020242e-01	   5.6340557877868203e-01	   7.1313960442186553e-01	   3.2417464901745224e-01	   5.9298850607573050e-01	   4.8374717157761093e-01	   4.5224443667721004e-01	   5.3809497374326976e-01	   6.6366190881531473e-01	   7.2912242471729238e-01	   7.5805932535807941e-01	   4.2752595508743552e-01	   3.4423245478746251e-01	   5.5780853430715371e-01	   3.7383750973270913e-01	   6.4611508323221845e-01	   5.7811478403526129e-01	   5.2893529652663318e-01	   4.4553066312156675e-01	   2.8264744389842522e-01	   4.7801494513283854e-01	   4.5198615884150711e-01	   3.3818389574812852e-01	   6.3371152522956242e-01	   6.2311813835342156e-01	   5.6824188894139238e-01	   5.8868182283769099e-01	   3.0336221793793028e-01	   3.8973800976346051e-01	   3.6782262992414455e-01	   2.9135624656948289e-01	   5.5485434871418593e-01	   6.1712233257423171e-02	   2.9780146087675380e-01	   2.4169656621513014e-01	   4.6451566791580101e-01	   3.7451691334387910e-01	   4.2798357943858906e-01	   3.7741178981202894e-01	   4.8849995319435902e-01	   1.8136861130085946e-01	   4.3837749785018704e-01	   3.7180795743802775e-01	   4.0845747350255135e-01	   1.7712208116792499e-01	   6.1327209528692961e-01	   6.2829733019226763e-01	   9.8319340538024869e-01	   8.2153034934309832e-01	   3.3301221551782284e-01	   2.6325150720002372e-01	   3.9529734502233987e-01	   4.4326893210327462e-01	   5.3946130825230187e-01	   5.9890226490729370e-01	   3.1790366249708285e-01	   4.8225996791291031e-01	   6.1107250823360826e-01	   5.4552666741059408e-01	   6.1871449724705274e-01	   4.7147782161373908e-01	   1.3426421849155806e-01	   2.6235324415583616e-01	   4.5709941128197723e-01	   5.5297069557615575e-01	   4.7733138739224956e-01	   5.3528668463188511e-01	   4.0881033228309033e-01	   3.8581012484674732e-01	   5.0427106560070456e-01	   6.1211669213786912e-01	   6.5245351759188819e-01	   7.4019820661580749e-01	   4.0148281049475232e-01	   2.9423865802040472e-01	   7.3756548036356417e-01	   7.6339225671385047e-01	   4.6863406512054373e-01	   6.3715274479121020e-01	   7.3387438664739524e-01	   7.1737769538353791e-01	   7.1035332826139364e-01	   6.3357246291991076e-01	   6.6116553761553631e-01	   5.8509663069615958e-01	   1.8478982769039801e-01	   4.3426053870077828e-02	   7.4186789027883138e-01	   5.7965739525279558e-01	   6.0772384029771720e-01	   6.8703779553829492e-01	   5.8710315341121277e-01	   6.5285740394808411e-01	   6.2884923824159156e-01	   4.8296242380432552e-01	   3.8306770703027665e-01	   2.5135644379744748e-01	   2.5696330831677361e-01	   2.8605395617331464e-01	   2.6950293812521807e-02	   4.6266878381488186e-01	   7.9216467747900210e-01	   6.1656230513645438e-01	   5.3932353009909151e-01	   4.7849761477602409e-01	   2.7880133383170136e-01	   1.0550416154779047e-02	
   1.0353500109596603e+00	   5.7145228174450891e-01	   0.0000000000000000e+00	   8.4876304037265915e-01	   4.9656741239369706e-01	   4.7200172173049604e-01	   1.2164759971709227e+00	   7.7087143331005969e-01	   5.7179298898551278e-01	   4.6180610089234464e-01	   8.4954406445501107e-01	   5.8952211977758273e-01	   5.8923692715495546e-01	   6.2730725858514802e-01	   8.5212746045218490e-01	   6.7871164070208112e-01	   3.7850882848780520e-01	   3.3510385193152364e-01	   9.7213918953288225e-01	   7.6917571308543431e-01	   2.3980581745739604e-01	   1.7106925307744800e-01	   1.1757640241515135e+00	   6.3323609633947786e-01	   5.0680321652688887e-01	   5.3952069351450860e-01	   2.9693855000564195e-01	   2.0381239835178672e-01	   4.9871725912400000e-01	   4.4005882583639566e-01	   7.5047215624928543e-01	   6.6246585438414396e-01	   8.8962295616867504e-01	   6.8593607701934645e-01	   7.4294207962905046e-01	   5.9432345827425337e-01	   3.2849827444730223e-01	   3.0743949027375095e-01	   5.5137255104596283e-01	   4.6075720388663782e-01	   7.2787323912401158e-01	   2.1142011652464088e-01	   5.6042643732873587e-01	   5.1820835208154437e-01	   6.3193284357571189e-01	   5.8570505575570886e-01	   7.4518519849088272e-01	   6.8016484408652034e-01	   6.7222607420019076e-01	   4.3735404579609644e-01	   6.1475668887244961e-01	   6.1297238320478753e-01	   5.9215226638163354e-01	   4.5019372470965890e-01	   6.9147100494903047e-01	   9.1019828266057590e-01	   7.3671456462062801e-01	   5.4728038394833989e-01	   5.0639200036376042e-01	   4.2482702285601093e-01	   5.3494533476723460e-01	   4.6428506769775862e-01	   5.8076047892211624e-01	   3.5175335199596552e-01	   7.3972164461327694e-01	   6.7517820821482999e-01	   8.3054300695288119e-01	   6.6327343749057788e-01	   5.9664937388271921e-01	   4.6398786945704462e-01	   7.2013841193186018e-02	   1.4448350436032498e-01	   5.4024278233669731e-01	   4.4245006200220055e-01	   5.1576364083535053e-01	   4.1130917793353983e-01	   5.6303347962363859e-01	   5.4342387060460451e-01	   4.3184910036471141e-01	   4.4615242268694943e-01	   5.2748043962293301e-01	   5.9054334048874280e-01	   7.9079388005493134e-01	   4.4539717677078289e-01	   9.9952389815500398e-01	   7.9891156576092193e-01	   1.8426108438650807e-01	   5.5975331069174472e-01	   8.6054630049543612e-01	   7.2704339815026486e-01	   7.7912057637759047e-01	   8.1700837199165977e-01	   4.5883932545898642e-01	   5.8680563203832625e-01	   3.0519444527227974e-01	   7.7177380493327452e-02	   7.7850250659535436e-01	   5.9036001697253393e-01	   6.0958770933333617e-01	   7.6820047690854321e-01	   4.8806117139520222e-01	   7.6114818183697819e-01	   6.0144520676870927e-01	   6.7080286848760107e-01	   4.7139219661943504e-01	   4.3306418753334341e-01	   5.5473792132119404e-01	   4.1453592681055135e-01	   4.7231595698060160e-02	   5.7262382964258385e-01	   7.1968507354976674e-01	   8.1237446596280227e-01	   4.6774621804747540e-01	   5.3284624094614397e-01	   2.2373764592871981e-01	  -1.3745532410797132e-01	
   7.1617327919385454e-01	   5.4789628270928969e-01	   8.4876304037265915e-01	   0.0000000000000000e+00	   3.1893374868500746e-01	   7.8060900066696159e-01	   5.5949250468192591e-01	   1.2972863520138529e+00	   4.2508911341085354e-01	   8.7321652783887305e-01	   4.3155613736824239e-01	   6.7729018003582209e-01	   3.4208130894199013e-01	   6.8237992447558049e-01	   5.9425290341433412e-01	   1.0029107216201181e+00	   1.5949605492175811e-01	   9.5922886800009419e-02	   6.4275295640956998e-01	   8.7076362021790943e-01	   1.4751984375333271e-01	   2.0046273574012249e-01	   9.8825573622075902e-01	   1.3514188493511536e+00	   4.6834259313696602e-01	   8.6158636365594399e-01	   3.0499541677413355e-01	   3.5230905207351526e-01	   1.2679930402218356e-01	   1.9760594448293900e-01	   5.0656441282237563e-01	   6.1179362474613841e-01	   5.9638585118120657e-01	   6.1959611400473880e-01	   5.4541504182661060e-01	   7.0245542598700828e-01	   4.9206152762608535e-01	   5.7417846989528321e-01	   7.7975651570853577e-01	   7.4628668658406605e-01	   7.2688446619102409e-01	   2.6493126889606106e-01	   4.8340999163425968e-01	   4.0579397620348379e-01	   5.6636542553353619e-01	   5.8447557365863179e-01	   7.0371612500660596e-01	   5.8974706988107028e-01	   7.3211790386227715e-01	   6.3517491866827469e-01	   7.3283529547474735e-01	   7.9019166451705214e-01	   7.0103794639491712e-01	   5.8452548873346188e-01	   9.0486235552768868e-01	   1.0043574338180454e+00	   5.8598807687772769e-01	   5.1471265265225208e-01	   5.6972483346486302e-01	   7.6460468427311223e-01	   4.6749897786763356e-01	   8.4388611657063839e-01	   3.7871239039880178e-01	   3.2129198182229773e-01	   4.1702634793809462e-01	   9.7398389320881584e-01	   7.6049108036881052e-01	   9.2555370294144657e-01	   8.3237129762908102e-01	   6.3894936597330332e-01	  -3.4373210988675013e-01	   1.6928549986695396e-01	   2.7330078649859857e-01	   4.0451090759861452e-01	   2.4891374406144584e-01	   3.4092659704101624e-01	   2.5040823103617738e-01	   5.0730808817746220e-01	   2.2141656112393199e-01	   1.3549250178898356e-01	   3.0037061701094131e-01	   3.0853700857243505e-01	   4.7856322257777711e-01	   2.8247569848427306e-01	   5.3587750792142808e-01	   7.0318436858255706e-01	   4.3348326291520405e-02	   4.5042995323716895e-01	   6.0511593502527705e-01	   1.0049935501882070e+00	   1.1021719355747162e+00	   7.8978185963190639e-01	   9.7282940025281550e-01	   4.8970177849604923e-01	   2.7286467167904604e-01	   3.0393503105364111e-01	   9.0293791713728022e-01	   7.6373659073155109e-01	   6.8478025786960817e-01	   5.9327582567740877e-01	   1.0665933928398508e+00	   7.0625470476077845e-01	   1.0741794423062305e+00	   6.7581065313488786e-01	   5.9722485229389355e-01	   4.3761035925755076e-01	   7.6607385967902020e-01	   5.2569711538250730e-01	  -1.3561836120592508e-01	   3.8727540185380016e-01	   8.1315812995777659e-01	   8.2915286512234709e-01	   7.0155304407793539e-01	   6.1503267443722964e-01	   2.1702692390232767e-01	  -1.7209173576896314e-01	
   4.6770644110416226e-01	   4.9010379220072764e-01	   4.9656741239369706e-01	   3.1893374868500746e-01	   0.0000000000000000e+00	   4.4446758214198412e-01	   6.7957978408817721e-01	   4.7129267193806534e-01	   1.3390744596762723e+00	   3.4496908090165468e-01	   5.1580018333538402e-01	   4.5919125864926075e-01	   4.5564546554565261e-01	   2.5782107338548299e-01	   6.6424601117862525e-01	   4.2624434972014180e-01	   2.9019831353683906e-01	   3.5935366270899782e-01	   3.5543307596136853e-01	   3.0964252901536482e-01	   3.6173159574155450e-01	   2.9182959266640351e-01	   3.6044231717007119e-01	   1.9878837090332493e-01	   8.1218830981035950e-01	   4.1056105473436000e-01	   6.1394307780510005e-01	   7.3647074637552390e-01	   1.5841846910455462e-01	   2.7859375614138815e-01	   2.3021122831466256e-01	   9.9596984198155838e-02	   2.7603635939072785e-01	   2.6625816660225632e-01	   2.7072410150161014e-01	   2.3468021335088107e-01	  -1.2595526152607944e-01	  -1.2320086921217238e-01	   1.4364581547253338e-01	   1.6831261878551199e-01	   2.0284289351794230e-01	  -1.0803464319910233e-01	   3.4048209405368562e-01	   3.0136868043732884e-01	   4.0183617782330217e-01	   3.4025379345974088e-01	   4.0339045361049036e-01	   3.1016001324978670e-01	   2.0861464600044077e-01	   1.5698319221427282e-01	   2.1054127769477929e-01	   4.0524602679754657e-01	   1.7233315182812675e-01	  -6.9639889692323681e-02	   3.0454348000329917e-01	   4.4240205585507258e-01	   3.9086589862595006e-01	   3.2731421143417555e-01	   2.7761730205508839e-01	   2.1449886426153070e-01	   4.6721427661686787e-01	   6.3733323146857490e-01	   4.3929077583805654e-01	   5.0803860208342377e-01	   5.6966638555349236e-01	   4.8233323180993892e-01	   5.0783381870650901e-01	   4.2271176657134318e-01	   3.3422437386577736e-01	   2.8209672534998420e-01	   8.3507533056605299e-02	   5.9419969703069536e-02	   1.9168137389073911e-01	   1.5062647999052373e-01	   2.0042434992432628e-01	   2.1821227942495616e-01	   2.3434737139874984e-01	   1.0869484163346975e-01	   2.5429311264085708e-01	   3.8891660995727095e-01	   3.2691401189478131e-01	   3.8738182237776997e-01	   1.3013094527029734e-01	   7.2509024761956753e-02	   4.0417445230943461e-01	   3.9639518756267023e-01	   2.0986232140955180e-01	   2.1946360093840431e-01	   4.8049952175183203e-01	   4.5570341112435575e-01	   4.8033364163659586e-01	   4.1051326085186529e-01	   2.7299216418849087e-01	   2.7920283429581477e-01	   2.6456805784443488e-01	   1.5452491730203402e-01	   3.5197440919354511e-01	   2.4350859362277338e-01	   4.6915585885375438e-01	   4.5146386333731059e-01	   2.5489338535272388e-01	   4.3496824089002578e-01	   2.4646702475281251e-01	   3.6089827134239594e-01	   2.3935945599806552e-01	   1.9677720465908494e-01	   4.2763491573989280e-02	   6.3497459147443355e-02	   2.5639511100232343e-01	   3.7373048191837266e-01	   3.8912463913601769e-01	   4.4223600473586050e-01	   3.0660489312871220e-01	   2.1506537170433518e-01	   3.0525222908179483e-01	   3.3915990844930667e-02	
   3.6581654704003302e-01	   3.2282437919047713e-01	   4.7200172173049604e-01	   7.8060900066696159e-01	   4.4446758214198412e-01	   0.0000000000000000e+00	   3.5180351679030658e-01	   6.7616352993690465e-01	   4.5051793628789716e-01	   1.1957194230420511e+00	   1.2360585175043098e-01	   2.4762941536473590e-01	   1.1468491005330014e-01	   2.1246501284844049e-01	   3.5503831142097991e-01	   7.3880632462416063e-01	  -7.4032980498146814e-02	  -1.0552789438861766e-01	   4.0205856264181550e-01	   3.7033149544113408e-01	  -2.9346026583782912e-02	   1.9715224944391282e-01	   4.0359651625650816e-01	   6.1364844250564532e-01	   3.2537132328712765e-01	   5.9300252759219529e-01	   2.2403251611419034e-01	   5.9188295968643290e-01	  -8.2434659044105907e-02	  -1.9619269547680174e-02	   8.1281472418789677e-02	   1.3257717672803612e-01	   1.8188765720656697e-01	   1.9085039496435471e-01	   9.2235310463878714e-02	   2.1978651687443185e-01	   1.5151567443951136e-01	   1.7776068433015899e-01	   3.3972343825590962e-01	   4.1269708443351338e-01	   2.0664397897671041e-01	   1.8408462522741903e-01	   2.6104848084562943e-01	   2.6232481832863019e-01	   5.5636394974690995e-01	   5.6086308694454257e-01	   3.8558733249004951e-01	   2.9511136269562421e-01	   6.3194619911037264e-01	   6.1396665841827502e-01	   4.4261277046898378e-01	   5.8028448755993223e-01	   3.3271696869301126e-01	   4.6452225784117318e-01	   3.8127645468242954e-01	   4.5349140463668303e-01	   3.0385044611743606e-01	   1.8435103241365286e-01	   3.3657032989431740e-01	   4.8541729637019604e-01	   2.2622464525131564e-01	   5.2522119248109356e-01	   9.9341775094700949e-02	   5.9165161402648499e-02	   1.6400648121198880e-01	   5.2900571617551884e-01	   5.0213231414486104e-01	   5.9386216251101942e-01	   4.3688874272347594e-01	   4.3485896094030002e-01	  -3.7392603893368082e-01	   8.0806612023657867e-02	  -4.9890495513860763e-04	   3.7146030676675657e-02	   1.6509970909608956e-02	   1.3043278827348573e-01	  -2.5088290876039133e-02	   1.1958675122231954e-01	  -4.1533665077371447e-02	  -9.4930854898230430e-02	   1.4100614153736908e-02	   1.8624795523226368e-02	   2.1509907060978362e-01	   9.7861030563738724e-02	   1.3349141898327754e-01	   2.3596127214548551e-01	   5.8292835134390764e-02	   2.0574296043558180e-01	   2.3735208254858731e-01	   5.8339783016358071e-01	   7.4689322454566431e-01	   6.2754854232602542e-01	   8.2209643217948125e-01	   5.4609376545957200e-01	   3.1345098231143947e-01	   3.5433001832479522e-01	   4.5641590940954635e-01	   2.7796741476114217e-01	   5.2339144155197637e-01	   3.3286006325332840e-01	   7.9020720673476663e-01	   5.8613229741843376e-01	   6.4645088907639547e-01	   5.7249800679323049e-01	   4.5538706387578964e-01	   4.3351068504034551e-01	   6.0736199251840239e-01	   4.9906336420976816e-01	  -1.4702446346906274e-02	   1.1060496673110282e-01	   4.0645884892876755e-01	   4.5506853942208192e-01	   7.7349956270886544e-01	   5.3963672044621203e-01	   3.0957357203707492e-01	   2.2068179868393944e-02	
   8.2790305545533638e-01	   3.8501124378965967e-01	   1.2164759971709227e+00	   5.5949250468192591e-01	   6.7957978408817721e-01	   3.5180351679030658e-01	   0.0000000000000000e+00	   8.0671405122552931e-01	   7.0937554759944232e-01	   3.5415489456804661e-01	   1.0475857621565079e+00	   6.7850836475879628e-01	   9.6194134236795470e-01	   6.0695169611727984e-01	   9.6416783042707399e-01	   6.1898292762636864e-01	   5.2048764476518250e-01	   4.6961397600676325e-01	   8.0291022699808223e-01	   6.8689271094384030e-01	   3.2797769565225143e-01	   1.7017983485582794e-01	   7.2757403801067866e-01	   3.2238153101015005e-01	   4.6117075299308530e-01	   3.7926249975682635e-01	   2.8103647928242675e-01	   2.0514505707701830e-01	   6.7003190833535309e-01	   5.7921844888242513e-01	   7.4459581777463157e-01	   6.1030587548846760e-01	   9.4270090231399550e-01	   8.0549673023327895e-01	   6.2238773509812839e-01	   5.5204192600486701e-01	   1.0005951211316008e-01	   1.5676637946643418e-01	   3.5415750713902117e-01	   3.4194818908219060e-01	   5.5292151685703994e-01	   1.3162807668588872e-01	   6.0005825942077762e-01	   5.4598093939366132e-01	   6.3213395680985440e-01	   6.0031071887054988e-01	   6.8692187571176255e-01	   6.3810441592152900e-01	   6.0844696664308850e-01	   3.9327166081417148e-01	   6.0315522225752471e-01	   7.0717527498919797e-01	   5.9493546789012575e-01	   2.6748007161213605e-01	   5.6012394555070810e-01	   8.4734484319111869e-01	   6.2876103039186038e-01	   4.8304605055029920e-01	   6.2189435914382818e-01	   4.5596602498842331e-01	   8.2753606576012773e-01	   6.6152558081994217e-01	   8.3888978296279615e-01	   6.1970135827596873e-01	   8.2275531122257972e-01	   6.9450764393534148e-01	   9.4773934096953527e-01	   7.3440233774984487e-01	   3.8797793173527051e-01	   2.8210141163562408e-01	   1.9315630967098713e-01	   2.3301504101930173e-01	   5.9341104500563713e-01	   4.7772201560351879e-01	   5.6452986478071154e-01	   4.1217979141677752e-01	   6.7496588478463149e-01	   6.0611995988038914e-01	   5.1874566876283090e-01	   5.3778888080923559e-01	   6.2393412199756648e-01	   7.1294096625891767e-01	   4.5568248022784996e-01	   4.4189965073398957e-01	   7.7727831936883640e-01	   7.9847398744425069e-01	   6.0183751963704513e-02	   3.3122056743039807e-01	   7.6568233139000430e-01	   7.0633083560528065e-01	   7.2037398245432205e-01	   6.5689233794943891e-01	   2.7679425959991649e-01	   3.9107252961306155e-01	   1.9645265682417332e-01	   3.6722427190495815e-02	   5.2334643393488434e-01	   4.1157312168890320e-01	   5.6284395113998209e-01	   7.6490118663604756e-01	   3.9215066360410689e-01	   7.0003837370614264e-01	   4.5766643781302069e-01	   6.5233355698972340e-01	   3.7341669669610883e-01	   3.5290625242745743e-01	   3.5093284919589723e-01	   3.0874041353538528e-01	   1.3358737246320287e-01	   4.8014618854023999e-01	   5.1612358916520729e-01	   6.7972888711043822e-01	   3.5202573712945640e-01	   3.7275003300306470e-01	   1.6582206363828311e-01	  -2.2298704452989748e-01	
   8.7666100907747857e-01	   5.7621911728820496e-01	   7.7087143331005969e-01	   1.2972863520138529e+00	   4.7129267193806534e-01	   6.7616352993690465e-01	   8.0671405122552931e-01	   0.0000000000000000e+00	   5.6949157817520724e-01	   8.0267898820927275e-01	   7.2253739519662463e-01	   1.0727200041333977e+00	   7.2156719967428795e-01	   1.0300331738372519e+00	   7.6237888875418136e-01	   1.1675029146947193e+00	   4.8759209731627862e-01	   3.9651903303203828e-01	   8.1556577323000368e-01	   1.0004425110136561e+00	   3.2651254137280905e-01	   2.9170985652895609e-01	   7.2499491398893168e-01	   8.2931231413120121e-01	   4.9009125500957418e-01	   7.7326934219023313e-01	   3.0186056979504206e-01	   3.2107001417978359e-01	   3.9779160594009644e-01	   5.0607127512672911e-01	   6.8034639355230031e-01	   7.5837025080383613e-01	   8.3296660982140147e-01	   9.1109390910131816e-01	   4.8656451001612744e-01	   6.9050711328505077e-01	   3.2395690533237576e-01	   5.2767704695133943e-01	   5.7703164670664553e-01	   6.4374713454468069e-01	   7.2083962162888904e-01	   2.5925795752898700e-01	   5.6725357545213084e-01	   4.9872097005924232e-01	   6.5218539403519005e-01	   6.2116574871660934e-01	   7.8986465689133478e-01	   6.4452848889027670e-01	   7.1053437658238849e-01	   5.4529454805477218e-01	   7.7936330261168640e-01	   8.7917680025616884e-01	   7.3805295386930070e-01	   4.8239463205055749e-01	   8.2290820915414031e-01	   1.1120415534039843e+00	   8.1390562999434724e-01	   6.5726761281136103e-01	   6.8230860363267698e-01	   8.0767884994439942e-01	   7.3306090145172309e-01	   1.1722200564776823e+00	   7.6723225168122933e-01	   7.3601336143695029e-01	   4.0207598180219717e-01	   1.0079240196012762e+00	   9.1549086784089573e-01	   1.1033644937727867e+00	   7.8131495080006574e-01	   5.1520236715918077e-01	  -7.2043237763014953e-02	   3.7989443660233724e-01	   5.3333250778115082e-01	   6.7797549571785798e-01	   4.9185216261058268e-01	   5.3009834855707472e-01	   4.5954046437123180e-01	   6.9459369313379016e-01	   5.1027088414616939e-01	   3.6113434367048441e-01	   6.3664194562572851e-01	   6.3445035760574719e-01	   3.9602309412993408e-01	   5.1017382613797935e-01	   6.5000198000633080e-01	   1.0028945795189916e+00	  -1.2662855493782108e-02	   4.1903703086797695e-01	   6.4123676594306800e-01	   1.2448786809315504e+00	   1.4223493747664573e+00	   9.5737923338342257e-01	   8.5579803135620491e-01	   4.9188340500903577e-01	   3.2641136020611367e-01	   3.2302294108926749e-01	   8.4844876987626805e-01	   7.3433623878096477e-01	   7.7426313154420279e-01	   8.0598581482095388e-01	   1.0479175270721448e+00	   8.3249378635657822e-01	   1.0540495473088152e+00	   8.4471955172506086e-01	   4.8367569346860850e-01	   3.4134532985666011e-01	   5.7714111452173544e-01	   5.0858616285668523e-01	   1.9936903509576811e-03	   4.7076753213655248e-01	   7.8109314910815530e-01	   8.6936082303596884e-01	   6.6110378356895694e-01	   6.7741619650872331e-01	   2.9441021207135043e-01	  -2.5190999252182744e-01	
   5.2224463657616771e-01	   5.2093532647492424e-01	   5.7179298898551278e-01	   4.2508911341085354e-01	   1.3390744596762723e+00	   4.5051793628789716e-01	   7.0937554759944232e-01	   5.6949157817520724e-01	   0.0000000000000000e+00	   5.1224739926470420e-01	   6.3604344694030845e-01	   5.8412313452589060e-01	   4.5023801552792053e-01	   3.3958588501455389e-01	   6.7418947686581887e-01	   4.6108635252921032e-01	   2.5108117075570857e-01	   3.4192695147809543e-01	   4.6468476188372537e-01	   3.6760953643245847e-01	   2.5023239092865707e-01	   1.4875344806293428e-01	   4.3710935278584190e-01	   2.7717798931649673e-01	   5.9587104999833218e-01	   3.0078638853275280e-01	   4.0747977187706985e-01	   5.4723394587117591e-01	   2.4940054594848934e-01	   3.9567222854659839e-01	   3.3381766088935028e-01	   1.9575311958368599e-01	   3.3103085885063599e-01	   3.1595362570079066e-01	   2.8946543129578045e-01	   2.2299569784747281e-01	  -6.3374968526639278e-02	  -8.5859796885442596e-02	   1.9551875272981034e-01	   1.7027361615775571e-01	   2.6927867106355408e-01	  -6.4549749142810448e-02	   3.1905129424720924e-01	   2.8018476749835430e-01	   3.6062200282243895e-01	   3.1916611769808434e-01	   4.2155926111694286e-01	   3.4828783669157598e-01	   2.6653570518150160e-01	   1.5633295558578464e-01	   1.7169567893878404e-01	   3.3393654656509225e-01	   2.2846821735478656e-01	   3.3971638210135435e-02	   3.2780940160910121e-01	   4.2111465630241418e-01	   3.8166425641555785e-01	   3.0251623399652544e-01	   2.6814996410384406e-01	   1.8274674649139877e-01	   4.6641903790751249e-01	   6.6344528454988816e-01	   4.1750498763597632e-01	   4.4113829800124948e-01	   7.9851721668315889e-01	   6.5194483170531559e-01	   5.1619293826927115e-01	   4.0795215755347092e-01	   3.8789150625861712e-01	   3.6152492894219568e-01	   2.3604667258285722e-02	   5.9294476767620848e-02	   1.8900086821625797e-01	   2.2338988405949406e-01	   2.2454348855301898e-01	   2.6186398579652037e-01	   2.8228505793796521e-01	   1.9586912020442038e-01	   2.5937968732596001e-01	   4.3580396830353452e-01	   3.2468080129483334e-01	   4.1617502891184632e-01	   2.1816890782687351e-01	   3.0414223908976828e-02	   5.4973992582846609e-01	   4.8776661878687344e-01	   2.3805510594116541e-01	   1.5827523321217229e-01	   6.1338539870566522e-01	   4.7954841737576548e-01	   5.3120776120419166e-01	   4.6277913097885953e-01	   3.6385570272126794e-01	   3.3109623457474369e-01	   2.4337754887815655e-01	   8.5300419976044234e-02	   3.7731022373909640e-01	   2.4310014204180896e-01	   4.6846705387036236e-01	   4.6418117608633730e-01	   2.8452460945348279e-01	   4.3721329949057458e-01	   2.3679006136656602e-01	   2.9156795606426589e-01	   1.8951744718899047e-01	   1.7712267938109685e-01	   3.6276450468152519e-02	   6.9640240758894495e-02	   1.9721239862175624e-01	   3.6607843936060847e-01	   4.7245806453305783e-01	   4.6847202620725176e-01	   3.2702993540226161e-01	   2.3415925932237378e-01	   2.8191535941450147e-01	   2.0984969272944371e-02	
   4.4622052452280364e-01	   4.0424888257020242e-01	   4.6180610089234464e-01	   8.7321652783887305e-01	   3.4496908090165468e-01	   1.1957194230420511e+00	   3.5415489456804661e-01	   8.0267898820927275e-01	   5.1224739926470420e-01	   0.0000000000000000e+00	   1.8583980783716689e-01	   3.9988477345121842e-01	   1.1355813736937652e-01	   3.7839038266904718e-01	   3.9996481222439895e-01	   8.6213915190000279e-01	  -7.1561754863458281e-03	  -3.1699890455202440e-02	   4.3165120620685660e-01	   4.0625782205052130e-01	   3.2796474525004823e-02	   1.9171573571661035e-01	   3.8722554558668060e-01	   6.7029409896399639e-01	   3.0035758756470088e-01	   5.8981330817993016e-01	   2.2753271069184577e-01	   5.0205836793537539e-01	   1.9377756583534026e-02	   1.4429071480515293e-01	   1.8934462128056914e-01	   2.5684731100477065e-01	   2.3841723548010563e-01	   2.6240708754825115e-01	   1.5937882611612414e-01	   2.8872859293103520e-01	   2.1022024798763594e-01	   2.5569332348053286e-01	   3.4259762510181463e-01	   3.3432269254384817e-01	   2.7026979694868886e-01	   1.3667031555441542e-01	   1.6895536995865654e-01	   1.6602626423727862e-01	   4.0763024831674932e-01	   4.0324286833987655e-01	   2.9615465126458762e-01	   2.0954967943363328e-01	   6.3091771935442886e-01	   5.0117447580089081e-01	   4.5852821142070888e-01	   5.4681387677599169e-01	   4.0523345470194860e-01	   4.6932538749729297e-01	   3.2306322016512101e-01	   4.0196127354041955e-01	   4.0986302357912563e-01	   1.8376891611994595e-01	   3.4168891708847793e-01	   5.0379797729267506e-01	   2.5986039937002092e-01	   6.3613587167552088e-01	   1.6766907793852034e-01	   1.4119439961513036e-01	   2.3466480929492103e-01	   7.3050129376208361e-01	   4.6614330989302810e-01	   5.4106071471774486e-01	   4.4169175658072773e-01	   3.2704171800310539e-01	  -3.1503082588054010e-01	   1.3620923979621941e-01	   2.1524972134377467e-02	   1.2334181128760058e-01	   5.9232635352472605e-02	   2.1176383482423147e-01	   5.3207298416521574e-02	   2.4303169591897325e-01	   3.6873555099379875e-02	  -5.2455951817963822e-03	   1.1749707820741868e-01	   1.5573994180214906e-01	   3.2832717866154837e-01	   1.4210519322598664e-01	   2.3707522839850045e-01	   3.6051835177171637e-01	  -1.9774079243534269e-02	   2.6034204813714462e-01	   2.6804242856938537e-01	   6.5854771036767645e-01	   7.3438139750757792e-01	   6.5320354560960558e-01	   8.8975672241422732e-01	   5.7501900909134629e-01	   2.7312590229385264e-01	   2.2907454920563020e-01	   4.1346210498888708e-01	   3.1313815843037662e-01	   3.8671569456854893e-01	   2.9670992755243997e-01	   8.8112955185695530e-01	   6.0340815809058035e-01	   6.1342727256493557e-01	   5.1559221468801697e-01	   3.4701068170158245e-01	   3.0556331848969498e-01	   6.9025229368440699e-01	   4.3774369905768673e-01	  -5.4442570924273223e-02	   2.0666811949412303e-01	   3.9123692260708337e-01	   4.0749869325892318e-01	   6.3675145460672899e-01	   4.9854815373335726e-01	   2.0099250715310710e-01	  -1.0161282748237245e-01	
   1.0122988703828320e+00	   5.6340557877868203e-01	   8.4954406445501107e-01	   4.3155613736824239e-01	   5.1580018333538402e-01	   1.2360585175043098e-01	   1.0475857621565079e+00	   7.2253739519662463e-01	   6.3604344694030845e-01	   1.8583980783716689e-01	   0.0000000000000000e+00	   1.0688831683563849e+00	   1.2580764598583627e+00	   9.1508131920124758e-01	   8.0370400204313019e-01	   5.1905702007405741e-01	   6.9669568342238597e-01	   6.4663395772519305e-01	   8.4943485054382839e-01	   6.7893931943603147e-01	   3.9914508187875702e-01	   1.1359821417064096e-01	   6.2502222366323013e-01	   2.3154533438925579e-01	   3.9564896956215001e-01	   2.1367821926775538e-01	   1.6216921392591743e-01	   5.8693502287486952e-02	   7.9954629386705378e-01	   7.3922847848260242e-01	   7.8009696127672823e-01	   5.7727102898965044e-01	   9.1478203035168382e-01	   7.7461694207705956e-01	   4.9451202082807777e-01	   3.8776779521506688e-01	   5.0599234107177010e-02	   1.8176968167320484e-01	   2.4483830084854971e-01	   1.8785224403282294e-01	   4.7546311805608710e-01	   3.0298942082258636e-02	   4.1054347325129248e-01	   4.0207594669925639e-01	   3.8274766382308462e-01	   4.0112706126995545e-01	   5.3591266835279450e-01	   5.2324726631296903e-01	   4.7101911569953647e-01	   2.6856920556638741e-01	   4.7271493876354276e-01	   4.4951544521309345e-01	   6.3201394266996025e-01	   2.7072696127666152e-01	   5.5207080137680276e-01	   6.6725117294856529e-01	   7.8798577396334046e-01	   7.3909064116396073e-01	   5.7971900683053068e-01	   4.7104365825632794e-01	   8.4188806846219322e-01	   5.7380198863260679e-01	   8.9485675200172199e-01	   7.5982976347453191e-01	   5.8004514073853164e-01	   5.0822375496140315e-01	   7.3365528463712437e-01	   5.4995747294270558e-01	   4.3014494178438911e-01	   2.9407128843196623e-01	   3.1612133436924678e-01	   3.9328941060739475e-01	   6.8383811186792165e-01	   6.0685540857562825e-01	   5.9568688290252059e-01	   4.7267516051952663e-01	   7.3257544698867649e-01	   6.0135013026151274e-01	   7.1006804694297698e-01	   7.6074711555283236e-01	   8.3598789951604613e-01	   9.5240223925727130e-01	   4.5683125823014231e-01	   4.3298685011880189e-01	   1.1399552265580768e+00	   1.0245100027139979e+00	   1.9984483555805568e-01	   3.7203581177506762e-01	   8.2281397604731610e-01	   6.9081811524060199e-01	   6.7522403575381029e-01	   6.0163670427481897e-01	   2.7662182612762065e-01	   3.8113106691012943e-01	   1.3201974515511747e-01	  -6.6980652894425993e-02	   4.9137594284636188e-01	   4.5592868112141244e-01	   4.2973659801141773e-01	   7.0556308671936407e-01	   3.4516561544294927e-01	   6.7551077902818524e-01	   4.6365102689347093e-01	   6.4317848813106493e-01	   3.3890950661544350e-01	   3.3365384832845985e-01	   2.6246756011989303e-01	   3.3538617189828052e-01	   9.7293411745689909e-02	   4.1818404496551120e-01	   5.7079653247314732e-01	   5.1204415540633774e-01	   2.5248539519761604e-01	   2.8277083856034346e-01	   2.2252385012856446e-01	  -1.7876461046480294e-01	
   9.5728620941304421e-01	   7.1313960442186553e-01	   5.8952211977758273e-01	   6.7729018003582209e-01	   4.5919125864926075e-01	   2.4762941536473590e-01	   6.7850836475879628e-01	   1.0727200041333977e+00	   5.8412313452589060e-01	   3.9988477345121842e-01	   1.0688831683563849e+00	   0.0000000000000000e+00	   9.8765031139133297e-01	   1.3743719121798110e+00	   6.8092394727704686e-01	   8.1383652966953557e-01	   6.9140221330753859e-01	   6.6568882301222376e-01	   8.0994518309906538e-01	   8.8617895827675897e-01	   5.1120194903921268e-01	   2.5748886028252521e-01	   5.4628618787387484e-01	   4.3126013080121367e-01	   4.6261663849965573e-01	   3.5284785419718956e-01	   2.0871851307219585e-01	   1.5249019770634265e-01	   5.9729169198577758e-01	   8.2509615058308072e-01	   6.3056460865862840e-01	   5.9177515444623541e-01	   8.4753453601500339e-01	   8.6295313491990766e-01	   4.1006002339695674e-01	   4.6413504312554404e-01	   1.2971652815125179e-01	   3.5252393295080459e-01	   2.4347168641154476e-01	   2.5455992877464095e-01	   5.5324295606912033e-01	   3.2124498332724495e-02	   4.3983909751448669e-01	   4.3264625567376397e-01	   4.9637057317492694e-01	   4.9143095358276079e-01	   6.6990627371009703e-01	   6.1265930311537720e-01	   6.1326994434693471e-01	   4.4546336316261059e-01	   5.8036102194353512e-01	   6.4637331205131998e-01	   7.6739012665837536e-01	   2.7760322143089555e-01	   6.4305698946054957e-01	   8.5682473586341046e-01	   8.9579398222435591e-01	   8.1652043915800987e-01	   6.0142209936831781e-01	   6.8434685732705614e-01	   8.0350190401893795e-01	   9.8321312893284385e-01	   8.7946166661521441e-01	   1.0276456410359904e+00	   3.5031432696964893e-01	   6.1065045120555150e-01	   7.6091728054089058e-01	   7.5791244886718523e-01	   6.4855000559529286e-01	   4.5446712866080086e-01	   1.9660705998748063e-01	   5.5857736283900750e-01	   6.9460332793018975e-01	   8.9073590010580928e-01	   5.9573499536264674e-01	   6.3934204935073691e-01	   6.3393858128708380e-01	   7.2352099575729345e-01	   7.2946558210404089e-01	   6.4969181991640845e-01	   7.9436915793847462e-01	   8.7619071092157930e-01	   3.6570328953092363e-01	   4.5342447779893136e-01	   7.9769028741369374e-01	   1.0386836554213958e+00	   1.5700208437668128e-01	   3.7919878908734145e-01	   6.5358195071818637e-01	   9.2506311119799467e-01	   9.4684058091229306e-01	   6.9173572873554556e-01	   5.3373690814503960e-01	   3.9854037562906491e-01	   2.6923158658280444e-01	   2.1311245039822299e-01	   6.9216082229339937e-01	   7.8807310128911334e-01	   6.7185493393753237e-01	   7.8896585353590065e-01	   5.9644028190340126e-01	   6.7317364857832829e-01	   6.5527424282481750e-01	   6.8698358786712566e-01	   3.0844856527864040e-01	   2.3216745201585287e-01	   3.1788358746143769e-01	   3.7014998515860459e-01	   7.8440749757948847e-02	   5.5929101501539980e-01	   7.7592025745767668e-01	   6.3757022311723643e-01	   4.3498334666372440e-01	   4.8608831475708392e-01	   2.3862454881221815e-01	  -3.1411081428183185e-01	
   7.5596544155665890e-01	   3.2417464901745224e-01	   5.8923692715495546e-01	   3.4208130894199013e-01	   4.5564546554565261e-01	   1.1468491005330014e-01	   9.6194134236795470e-01	   7.2156719967428795e-01	   4.5023801552792053e-01	   1.1355813736937652e-01	   1.2580764598583627e+00	   9.8765031139133297e-01	   0.0000000000000000e+00	   9.5387859687968501e-01	   7.7348918489302998e-01	   5.7743576658432705e-01	   6.7574174242979934e-01	   5.7873871672007660e-01	   6.9328112390221530e-01	   6.5596285362748341e-01	   4.6115772766665591e-01	   1.7942497046312969e-01	   4.3107827892439105e-01	   1.3833348679615401e-01	   3.9216007191557989e-01	   2.1201790599494813e-01	   1.8101848380156135e-01	   8.1265364465420278e-02	   6.9621433321301229e-01	   6.8422786189870555e-01	   5.6140643073594199e-01	   4.6118147977746171e-01	   8.4016083897309102e-01	   7.9366396159360408e-01	   4.2138168020413169e-01	   4.0411350516481664e-01	  -4.7497707945193934e-03	   1.9085154966490314e-01	   1.2985444638965704e-01	   1.6235092103436105e-01	   4.3950693251557837e-01	  -4.3336406152274850e-03	   4.7709536327498309e-01	   4.7375972205923755e-01	   4.3907061360578292e-01	   4.7644046209034274e-01	   5.7144025178848978e-01	   5.6132356168909658e-01	   5.6384192966977564e-01	   4.0723582955189724e-01	   5.6866609090026410e-01	   5.7515519448529340e-01	   7.1114399976377451e-01	   2.0978878212439159e-01	   5.5004381041891515e-01	   7.3345145986105564e-01	   6.5871391598833395e-01	   6.4829886895073829e-01	   8.1193590532605697e-01	   6.1050052924700904e-01	   1.1337405434519801e+00	   7.0529335327799192e-01	   9.9903067138523693e-01	   9.2559912579813286e-01	   3.8124825347580799e-01	   3.6085041970879767e-01	   8.0534939479746281e-01	   6.6536100685060595e-01	   4.0930756214674430e-01	   3.0723186411253223e-01	   2.5631761333943709e-01	   4.1169262662652989e-01	   6.9619477299916799e-01	   6.4625068016563625e-01	   5.6600282734937646e-01	   4.3375458115166593e-01	   6.8136936465623321e-01	   5.8318735073401695e-01	   6.4751745394548899e-01	   5.4145367961846058e-01	   6.9709195118556433e-01	   7.2862691540336433e-01	   2.3587186023663376e-01	   4.7301449286657593e-01	   6.2934430495278726e-01	   7.6602535348802248e-01	   6.0090041557925369e-02	   2.5198977473649903e-01	   5.9215328915720711e-01	   7.3594077164114580e-01	   6.4383454325304001e-01	   5.6097769422191912e-01	   1.5828931614731570e-01	   2.6208687273617637e-01	   1.2892417755576410e-01	   8.6594510718226742e-02	   4.0681542584174657e-01	   4.7612893195875761e-01	   4.5496253757302485e-01	   6.6722368176196534e-01	   3.3040065523070189e-01	   6.1297988308969031e-01	   4.3483056291790101e-01	   6.9174705477811049e-01	   2.9073242716649172e-01	   3.2285247895224745e-01	   2.5135707549878739e-01	   3.9470608989971628e-01	   6.8998992787512772e-02	   3.7444265793657033e-01	   4.5408740909137046e-01	   4.9129918089379909e-01	   2.5942337801616233e-01	   3.5036029188999152e-01	   2.5495812973922111e-01	  -3.3982179725080608e-01	
