   0.0000000000000000e+00	   1.2915464406067385e+00	   2.7139512052133191e-01	  -1.7340470360829102e-01	   3.5271783926313860e-01	   3.4083261992549513e-01	   2.8412087028902788e-01	   1.7335918963155707e-02	   4.8884837874416037e-01	   6.6767250959259089e-02	   4.2134187977112381e-01	   4.6883065697431708e-01	   6.3328207235901202e-01	   1.7253791418183362e-01	   4.7949308062107865e-01	   2.1237900740033028e-01	   9.0242091013775871e-01	   8.3882105050442257e-01	   9.7919665400707290e-01	   1.0032643365820855e+00	  -3.4774267905134831e-01	  -2.7933743972841063e-01	  -7.6894703623108990e-02	  -3.4245547854030561e-01	  -1.2126270322753391e-01	  -1.7796966498893238e-01	   9.8963266124246704e-02	   1.4670796945876619e-01	   9.1558299225517881e-01	   6.6329588372110726e-01	  -2.3143525722104580e-01	  -3.9785004565769339e-01	   6.1979796487535843e-01	   4.5714113448367616e-01	   8.6635360723427202e-05	  -1.3367650521009006e-01	  -2.8526524103276224e-01	   1.4643488017295703e-02	  -2.0923673173468016e-01	   5.6270023959784171e-02	   6.1782493582479958e-01	   4.2370498944410273e-01	   1.2522933819767545e-01	   2.9831887115809136e-01	   1.1457054872888746e-01	   2.0626362783814906e-01	   3.4263981257099618e-01	   2.8906318870283959e-01	   3.9374132536885453e-01	   2.4999275554405942e-01	   2.5445710329858123e-01	   1.2656703836091676e-01	   4.9035082509481481e-01	   5.5715218873818508e-02	   2.2244510257014979e-01	   3.8370089747497271e-01	   8.5076190994160739e-01	   8.8442505444902064e-01	   1.0335648703917197e+00	   7.6468146673889248e-01	   8.2246139012608355e-01	   4.1360951257938411e-01	   7.1005665968778042e-01	   7.3247128201906297e-01	   3.4701937093234957e-02	  -9.4585087116907857e-02	   4.4158004681144192e-01	   2.0326318252628700e-01	   8.6744883561256991e-01	   5.3259394874003729e-01	   2.0032510931400732e-01	   3.0388075412773928e-03	   9.5792758239647913e-01	   7.4622088381462293e-01	   1.0579714357590080e+00	   8.3996603758512067e-01	   7.7666761744398016e-01	   3.5931170891689074e-01	   7.4206681898418658e-01	   5.5250810601842781e-01	   8.8216999099157500e-01	   7.3704171788671480e-01	   6.8050212414889877e-01	   4.7468078436843464e-01	   1.0951715477224951e-01	  -1.6688008904194349e-02	   3.0666612539152743e-02	   3.7587655552893312e-02	   4.5587299686021088e-01	   6.7060883188167963e-01	   5.4230888191564919e-01	   5.4518955664078284e-01	   4.4104892156948766e-02	   4.3157459355488592e-01	  -2.9626493226666450e-02	  -8.5193460105325802e-02	   2.1136591298857096e-01	   2.2829629304729648e-01	   5.9139732749465335e-01	   7.3156685028653035e-01	   2.3077669716194515e-01	   9.0992470538762960e-01	   7.8574713050010048e-01	   9.8290381290346518e-01	   9.9037616784114477e-02	   1.4325814396909112e-01	  -3.8286169190044662e-02	   1.7587958273617271e-01	  -1.3204702815392719e-01	  -2.3833042783933242e-01	   2.4634068636350465e-01	   4.7843435471677065e-01	   4.5437971639859209e-01	   3.5573376310307769e-01	   1.9080493129981674e-01	  -4.1558038298814800e-03	
   1.2915464406067385e+00	   0.0000000000000000e+00	   1.9058803110119468e-01	  -6.8038578784847190e-03	   2.4085134718639511e-01	   4.7113026257293800e-01	   2.0435633307479417e-01	   2.1460896971041948e-01	   3.2244870921035795e-01	   2.2373992899387379e-01	   3.4130301291413290e-01	   6.4380761760354344e-01	   4.6616555712532526e-01	   3.2070407804250683e-01	   3.3587401392439648e-01	   3.3205328157336139e-01	   8.3178949884450426e-01	   7.3454868635106574e-01	   8.2149788110360866e-01	   1.1860052058576180e+00	  -3.3180748459407022e-01	  -3.2843598955948830e-04	  -8.0137688750242311e-02	  -1.9206073424759143e-01	  -1.2339950454453955e-01	  -9.5174797891617424e-02	   5.3864361423824607e-02	   1.0901623898230789e-01	   7.5340268617381512e-01	   6.3525268400973223e-01	  -1.4290956528780741e-01	  -2.0286031130683568e-01	   5.7258508391989982e-01	   5.2948387731078606e-01	  -7.0129299091859068e-02	  -6.9077620948299334e-02	  -8.4549695744123091e-02	   2.0727863497460208e-01	  -9.9671253321418490e-02	   1.3745911909300174e-01	   7.5635178483098775e-01	   7.1365473060390561e-01	   1.4213370502204020e-01	   3.8520021730979959e-01	   2.0845971401522245e-01	   3.6036202033576770e-01	   4.7576502508691293e-01	   3.7234802977672748e-01	   4.8474829089791105e-01	   4.5000796877841731e-01	   3.5244603859789386e-01	   2.8526039524682312e-01	   5.6596020634132982e-01	   9.2937439949919390e-02	   3.4467186651756804e-01	   5.0340072883845521e-01	   8.4289796828699692e-01	   8.9427366657887242e-01	   9.3021743217252117e-01	   8.9514016863006463e-01	   6.7010340021332582e-01	   5.7084375196164638e-01	   5.9936623372885722e-01	   6.9046118355127573e-01	   1.9737060546358109e-02	   7.6511963886708681e-02	   4.4648921175351436e-01	   3.2721388478115976e-01	   6.6985676173975384e-01	   5.2143553534830844e-01	   1.5266527985510264e-01	   1.4570149775849514e-01	   8.9455899753332813e-01	   9.6247083433844371e-01	   9.5408004727708151e-01	   1.0101786885210053e+00	   7.3976809647098063e-01	   5.7551771840078503e-01	   7.7567485893296406e-01	   3.9707976790715338e-01	   7.9221757660132275e-01	   7.0885654819265842e-01	   6.1475344675739796e-01	   5.4693992906248523e-01	   1.7014764924122566e-01	   8.0678628902713920e-02	   9.0767470920462390e-02	   8.8190580032822832e-02	   4.7519014755081207e-01	   7.7007506304295892e-01	   7.5772637418056188e-01	   5.1219997469627576e-01	   2.2436973385977840e-01	   2.9588793870879015e-01	   1.2892633925207297e-01	  -1.0433230094418394e-01	   3.8022148712686793e-01	   3.2316030988322714e-01	   7.1823041593454862e-01	   8.7451504382674727e-01	   4.9017662202338819e-01	   7.3600014844480444e-01	   1.1005576629718674e+00	   9.2669475198590168e-01	   2.3570609349117522e-01	   1.7053983914010248e-01	   2.1021372909911296e-01	   2.2244054329365459e-01	  -7.0839609480237126e-02	  -3.2583043829225770e-02	   2.3946564526069480e-01	   5.1970206912767436e-01	   5.9291629883210428e-01	   4.8774873032293908e-01	   2.3832816164446205e-01	   1.5120778436215442e-02	
   2.7139512052133191e-01	   1.9058803110119468e-01	   0.0000000000000000e+00	   6.4524816329932289e-01	   6.7591191946175266e-01	   3.0970864201210213e-01	   1.1245549195730635e+00	   3.9129388482974953e-01	   1.0370769361160208e+00	   3.9126538530246990e-01	   4.0623205520177041e-01	   6.8620939192662780e-02	   4.7357857206023274e-01	   2.8114375542847525e-01	   9.2545700447883938e-01	   4.9747813939418856e-01	   1.2016915976892309e-01	  -2.6753636184985805e-03	   2.3632683544659278e-01	   1.7664578638562636e-01	   1.0815867184892226e-02	   1.7700027027778517e-01	   1.1276818546351794e+00	   5.7894415726600046e-01	   4.3883068204721221e-01	   5.1301073676579823e-01	   4.9161129068784692e-01	   3.4123125732054588e-01	   7.3406350929951958e-02	  -1.9554117298262234e-02	   6.5650744117157467e-01	   4.0261307511193140e-01	   4.6850556067737709e-01	   3.6354460742381411e-01	   6.9480687927848861e-01	   4.7902010426926689e-01	  -1.4323158646881498e-01	  -4.8327140405046813e-02	   1.7317853412146610e-02	   1.7248758944289733e-01	   1.4693136452167599e-01	   1.6795977277527940e-01	   1.6292624033727979e-01	   1.6715330277765181e-01	   3.4599239375141366e-01	   2.8803228481859816e-01	   1.4772020990738394e-01	   1.6762507016940312e-01	   1.9988983230453725e-01	   1.5706154960602242e-01	   4.5436717230448176e-01	   3.7374151330029287e-01	   1.7990854604375081e-01	   5.7043993804768732e-02	   1.7418586685685654e-02	   2.0552983624459106e-01	   1.1047905160416456e-01	   1.3906813871127888e-01	  -1.7311566991914645e-02	  -8.8687525716373478e-02	  -1.3300862548427261e-01	  -7.8387868546154732e-02	  -1.5366073437355759e-01	  -1.3853395306196148e-01	   8.7230307922994199e-01	   2.8956586038715826e-01	   5.0345332594183134e-01	   4.3794512277697378e-01	   4.0499381542327684e-01	   9.1252427488795118e-01	   3.3178067702563918e-01	   1.7268711197853592e-01	   1.6458202596668042e-01	   5.3946131503284450e-02	   1.9884460555916816e-01	   9.4137083064548918e-02	   2.0945958046020652e-01	   1.5409071731151278e-01	   1.5753923783549850e-01	   6.1995240312060843e-02	  -8.9037359313012265e-02	  -4.1507285905560617e-02	   2.7016198447585893e-01	   1.5068633713947940e-01	   4.7728249029149139e-01	   6.1248205862519867e-01	   2.1406795189487524e-01	   2.4821866631538109e-01	   5.9037780278714547e-01	   4.4721018666638218e-01	   2.8451367400678973e-01	   7.1042732954420251e-01	   5.0690666708456567e-01	   9.8719717475172397e-01	   1.9108803446782907e-01	   1.3809408452651642e-01	   1.3653460080764143e-01	   1.1134565365306469e-01	   5.5108312309713192e-02	   1.5665859553714506e-01	   2.4227873890271809e-01	   5.2078372116293403e-01	   1.7630690038991556e-01	   2.4843602049870434e-01	   2.8574815633505357e-01	   3.2779795994425293e-01	   1.1449240960741050e-01	   2.2122417591345079e-02	  -9.6952292694296741e-02	  -1.7759403293516265e-01	   3.4417762428482496e-01	   1.7792933810008590e-01	   5.3811330766854168e-02	  -2.7679910730979973e-02	   7.4204047021857081e-02	  -8.5284732760708831e-02	
  -1.7340470360829102e-01	  -6.8038578784847190e-03	   6.4524816329932289e-01	   0.0000000000000000e+00	   3.2113208668428944e-01	   4.5774870183596489e-01	   6.4995333686153178e-01	   9.8151435382878427e-01	   2.3790607757533230e-01	   5.2012998689906065e-01	  -3.4370067339183304e-02	   1.6178886467970860e-01	   1.6098626134658050e-02	   3.7078381004121835e-01	   1.2181263385361407e-01	   5.1500022722961447e-01	  -1.0071179561043515e-01	  -2.9891011455217015e-01	  -1.4020560913637853e-01	   8.2904888726349199e-02	   1.7514470376836667e-02	   4.3299139694815869e-01	   6.1905841778137838e-01	   9.5335662540096511e-01	   2.8061346870406428e-01	   6.3962930309685673e-01	   1.7347060822265367e-01	   2.2087235600372074e-01	  -1.4550174679787042e-01	  -2.9035492552276169e-02	   7.0286302554644842e-01	   8.5257078316889423e-01	   4.5141997717462862e-01	   5.8108926098305680e-01	   3.8232508826735168e-01	   7.4785638209328276e-01	  -2.4489170381056118e-02	   1.4378155404073914e-01	   1.6016963867646547e-01	   2.5386175184567267e-01	   1.7019663459626977e-01	   2.9484783201024439e-01	   1.7736577621053154e-01	   2.0630790066817212e-01	   4.1146031420723739e-01	   3.9522118876475232e-01	   1.6135254325273141e-01	   1.7083914196452188e-01	   1.4003005757109580e-01	   2.2477368038540574e-01	   2.5296163194295507e-01	   2.5907472216854716e-01	  -2.3886043426659231e-02	  -2.1623866270494171e-01	  -9.0002385674355201e-02	   3.0290968243077126e-02	  -1.8799368146833892e-01	  -1.6780440374791195e-01	  -1.4006992267268265e-01	   5.2041984765064143e-02	  -1.7442619024546113e-01	   2.3575811127170304e-01	  -1.3127936246948232e-01	  -1.2801270955901567e-01	   4.9696765234352791e-01	   7.5537461934246619e-01	   6.5578648128661865e-01	   8.7043855240445056e-01	   8.2397645623227725e-02	   5.8534383322914296e-01	   1.4902094737206678e-01	   4.3975440415381267e-01	   9.6908821933968676e-03	   1.2135332488863405e-01	   2.4920603662454431e-02	   5.9295190677194534e-02	  -5.9812121180287676e-02	   3.0661385282418052e-01	  -2.9061696343762704e-02	  -1.1883831414084456e-01	  -1.1509925920312827e-01	  -1.0074388106626321e-01	  -5.9812764169709556e-02	   6.4350177945708090e-02	   3.9026040062962991e-01	   8.6272708055768044e-01	   7.9315868645896084e-02	   1.9576819909358223e-01	   2.3321992277234638e-01	   3.2463349128107905e-01	   3.6093035347816010e-01	   2.1023050162198104e-01	   8.3355487713251475e-01	   2.5164130816796465e-01	   1.2966261502755225e-01	   1.8041749933992926e-01	   1.2719222346120510e-01	  -7.5333456571408913e-02	  -6.8713561556260336e-02	   4.1984662508362855e-04	   5.7135943645190634e-01	   1.3053435787437731e-01	   1.4033180905620521e-01	   1.4118430327122974e-02	   2.8587012402760825e-01	   6.1372792715340727e-02	   1.6160017961678733e-01	   1.1184982219306311e-01	  -8.0494736381729215e-02	  -1.3439594156499260e-01	   2.2337380873407048e-01	   1.7042796396878973e-01	  -1.4533047721296488e-01	  -2.5413043934724566e-01	  -1.9184131589170081e-01	  -1.7047038679831988e-01	
   3.5271783926313860e-01	   2.4085134718639511e-01	   6.7591191946175266e-01	   3.2113208668428944e-01	   0.0000000000000000e+00	   5.4068184110701734e-01	   6.3005848608046044e-01	   1.1543164257681926e-01	   1.0440433370729043e+00	   5.1600440185136875e-01	   5.4843376441843183e-01	  -2.8317898429402570e-02	   4.1302810269301760e-01	   2.2966902166817499e-01	   7.0940865495911820e-01	   5.3288308974507881e-01	   2.4765785569360105e-01	   8.9822918185613873e-02	   3.6324244796481919e-01	   3.0114068356742207e-01	  -3.2267429958465876e-01	  -9.6095475370136824e-02	   6.2043270855144184e-01	   4.5428917047148021e-01	   2.9672419197306255e-01	   2.3991434651324578e-01	   5.8872829986297459e-01	   5.2842422406157441e-01	   1.9187836733491087e-01	   7.0842274892141566e-02	   1.7605097282918097e-01	   8.0831626737851936e-02	   2.3922230892344609e-01	   1.0122326458224526e-01	   2.0380516365391749e-01	   3.7402810366289639e-02	  -4.1781837154486323e-01	  -1.0278178451694391e-01	  -3.6810603176711942e-01	   1.4077895090441437e-02	   1.1356010067686036e-01	   1.5067334616691144e-01	   2.2978685870989030e-01	   2.0475507823778133e-01	   3.1261776909688410e-01	   2.4124992702693115e-01	   2.7280836593989410e-01	   2.6364095538879778e-01	   2.9501347298926195e-01	   2.2402379088143265e-01	   3.1981392909724149e-01	   1.8843815065309186e-01	   3.5334569326350862e-01	   3.1541383293749936e-01	   1.1890097504169451e-02	   3.2008258715698407e-01	   2.4315422703508033e-01	   3.0368673003476621e-01	   9.0747748381155666e-02	   4.1753241490498930e-02	  -5.4906086953970659e-02	  -4.5710243384839241e-02	   2.6014220820035662e-03	  -9.7873577723179440e-03	   4.0996465445277896e-01	   7.9875706752664671e-02	   2.5449763136603099e-01	   1.3315680327454177e-01	   4.3829702469209636e-01	   6.4787448954852511e-01	   3.3592284639178288e-01	   9.2725959102014921e-02	   2.1009909849728117e-01	   5.7224776967249279e-02	   2.6375470680138596e-01	   5.7227477419376623e-02	   1.6552766107903782e-01	  -5.7698120553984926e-02	   1.2453065531345647e-01	   1.2429517070806764e-01	  -2.8632761839875915e-02	  -1.5417876456142992e-02	   3.1462820070457465e-01	   5.8476962080134653e-01	   3.4030131699744509e-01	   4.1046516440539293e-01	   2.3724811225476783e-01	   7.6513269894560254e-01	   2.0969590793898105e-01	   5.4594303255939280e-01	   3.2659867154172512e-01	   7.4283613703088203e-01	   3.2808853983002750e-01	   7.5643394954725907e-01	   8.0649879910642278e-02	   2.1255381351294036e-02	   4.3389608296363104e-02	  -7.0317821839512629e-02	   1.0353815346707487e-01	   2.4570212619885151e-01	   9.4287119483939960e-02	   7.2816661773268188e-01	   2.6047926867384436e-01	   4.4969510633105048e-01	   2.4296512450262450e-01	   2.7435775713337129e-01	   4.2298931266314066e-02	   3.7368179286315147e-02	  -4.2991076542928613e-01	  -2.7931529441046232e-01	  -5.8848117041735981e-02	   9.3577282689708607e-02	   1.5093702141140014e-01	   1.7871678075380512e-01	   1.6041688934037962e-01	   1.6730558990713764e-02	
   3.4083261992549513e-01	   4.7113026257293800e-01	   3.0970864201210213e-01	   4.5774870183596489e-01	   5.4068184110701734e-01	   0.0000000000000000e+00	   4.1385930740686466e-01	   6.6966812165109191e-01	   2.9484737632090696e-01	   1.1109948527155904e+00	   1.9961402163563480e-01	   5.1121549149844503e-01	   3.4641685384270143e-01	   5.4701892926832096e-01	   3.4107390461591774e-01	   9.3956186492247229e-01	   2.6135916226176731e-01	   6.2327832817364516e-02	   3.5361213179122519e-01	   5.3689631888036593e-01	  -3.6246887829473873e-01	   2.0457176005658501e-01	   2.9487146216453208e-01	   3.7300113888102293e-01	  -4.7166807829652511e-02	   2.0281944979428923e-01	   1.0469440127256123e-01	   3.2000149135058770e-01	   3.9169103881647738e-01	   4.4702696913972528e-01	   2.6958670705020749e-01	   3.0871217581254634e-01	   4.0602420003404127e-01	   4.1998396107090075e-01	   1.4895568151445748e-01	   2.6096734873050603e-01	  -2.4834949015326163e-01	   1.7163585919803281e-01	  -1.8543316559204925e-01	   1.3251550202761375e-01	   3.8935657788857392e-01	   6.0728861113118271e-01	   4.4194955360360971e-02	   1.3874045351418557e-01	   2.4511713497731752e-01	   2.8837569109393502e-01	   2.2207693998071698e-01	   1.5419727977547526e-01	   2.8660009815576099e-01	   2.9647758752339087e-01	   2.1760627818252662e-01	   1.1236122561038786e-01	   2.0021940439955654e-01	   7.8248398086445875e-02	   2.1685250090840977e-02	   2.5583943590468605e-01	   2.1334216828488342e-01	   1.2651507995173680e-01	   3.1255998444257194e-01	   3.6701406749752402e-01	   1.6485412324210494e-01	   5.3368344158904391e-01	   1.9228587939518732e-01	   1.8769178970599248e-01	   3.6554403279510389e-01	   4.9682454655698122e-01	   3.2743942950758320e-01	   3.5282755862543974e-01	   1.8119360319526387e-01	   4.1038641885279686e-01	  -4.3436945728185537e-02	   3.4352209182852783e-01	   3.4540301749960500e-01	   4.8501060780984617e-01	   4.2267555645851557e-01	   3.8411694916647937e-01	   2.0193230654046626e-01	   3.5071580547357284e-01	   1.9765330100741041e-01	   2.5440488013511928e-02	   2.2524678777592477e-01	   1.9837730447713406e-01	   2.5152847999717326e-01	   5.3590447929518803e-01	   1.6207927417812998e-01	   3.0771900466842278e-01	   8.0680025847938111e-02	   3.7996993354291558e-01	   2.0459737899634220e-01	   5.2369376243505994e-01	   5.3482158781059197e-01	   2.3275462104832984e-01	   5.3413101318227585e-01	   1.9108403240855090e-01	  -9.8304755795325799e-03	  -6.4329367053751377e-02	   6.3378371798701899e-02	  -1.3408637006593138e-01	   1.6309190392854345e-01	   2.4658455163864335e-01	   5.0694320832591011e-01	   5.6046544244187257e-01	   5.1827675588880295e-01	   3.7789804363020585e-01	   2.0814146921045285e-01	   1.0937555461753104e-01	   9.2863795643878075e-02	   1.9768840449898439e-01	  -3.5045335077207879e-01	  -2.1109513382906525e-01	  -9.8777478151614223e-02	   1.4077050586275835e-01	   3.0155507672485582e-01	   9.3907204194999080e-02	   5.4659768370144669e-02	   1.3137635447949998e-02	
   2.8412087028902788e-01	   2.0435633307479417e-01	   1.1245549195730635e+00	   6.4995333686153178e-01	   6.3005848608046044e-01	   4.1385930740686466e-01	   0.0000000000000000e+00	   6.6800470948356738e-01	   7.5189526734624423e-01	   4.2511339677730237e-01	   3.2156673066292712e-01	   3.4664836440155672e-01	   7.0387544316636597e-01	   4.5519809098230357e-01	   6.2494381273682276e-01	   4.4773948640416494e-01	   1.3486585890565239e-01	   4.0222801338673356e-02	   1.5517807297959785e-01	   1.9537766287115119e-01	  -1.7097746587985388e-01	   1.9305607646147416e-02	   5.3287027573303725e-01	   3.1381108040697225e-01	   3.8067720844763564e-02	   1.5263785413725564e-01	   1.1014044045919899e-01	   1.1278370888593789e-01	   2.5792580172924473e-01	   1.1961801980973356e-01	   2.8698657763100077e-01	   1.7182544278278494e-01	   6.0907259127808111e-01	   5.1650997991085990e-01	   3.9009888529458775e-01	   3.5472333621657959e-01	  -3.1665056966062616e-01	  -2.2292717439417620e-01	  -6.4455145583903389e-02	   9.4383618108827644e-02	   2.1909644279207774e-01	   1.5159203582828243e-01	   5.5565095800405244e-02	   1.5936992381080112e-01	   3.9482860977314910e-01	   3.6457431606842483e-01	   1.5071678686577805e-01	   1.8131108359736520e-01	   3.8327631912078225e-01	   2.6455577842606126e-01	   3.6923489434228896e-01	   3.2528997622330308e-01	   1.6957957991797604e-01	   3.4065417423781032e-02	  -5.9836751374118868e-02	   1.4302350715671588e-01	  -3.4694179353572115e-02	   6.8612335422899434e-02	   1.3161319067191549e-01	   6.8244581922868308e-02	   6.3038360849522641e-03	   2.0972878553422675e-01	   6.0790461739312809e-02	   1.2396980560589950e-02	   9.6835441400665201e-01	   5.0209499659762424e-01	   6.4566788173897305e-01	   5.6446547858303620e-01	   2.3089195454890477e-01	   6.7964643471215946e-01	   1.0669731948578080e-01	   1.3612971146936725e-01	   2.0576088417068947e-01	   1.4710501855933528e-01	   2.6189105158404380e-01	   1.5129527379421848e-01	   1.0495447539406479e-01	   1.1419059283056171e-01	   7.5977834380179271e-02	   6.6188425132934714e-02	  -2.3738802837357685e-03	  -5.7369896658610586e-03	   1.8019651200919296e-01	   1.6035496183393702e-01	   1.5604573681578840e-01	   5.0500611268384699e-01	  -1.0855899651789101e-01	   1.2355355239914277e-01	   3.6715600579187424e-01	   4.0390251988126719e-01	   1.9490348040604599e-01	   5.3433903116807258e-01	   4.4574621523041930e-01	   6.8773714412161957e-01	   5.9051360308369598e-02	   1.9239573338581406e-01	   1.0654429754138889e-01	  -5.1523474812604095e-02	  -3.9275900037008260e-03	   1.0804740168271906e-01	   3.7748920826758103e-01	   6.8893609820842427e-01	   1.8763908880510891e-01	   2.6062052314569939e-01	   1.8163402474053988e-01	   8.7391000453619735e-02	  -5.5310047131448083e-02	   5.8047548272263334e-02	  -1.4994278341905476e-01	  -3.4276143718106539e-01	   1.6671882439035840e-01	   1.0321538730523010e-01	  -6.3197556966876400e-02	  -1.9714579325761358e-01	  -1.2951925532700673e-01	  -1.6980294341775146e-01	
   1.7335918963155707e-02	   2.1460896971041948e-01	   3.9129388482974953e-01	   9.8151435382878427e-01	   1.1543164257681926e-01	   6.6966812165109191e-01	   6.6800470948356738e-01	   0.0000000000000000e+00	   8.7062022232450659e-02	   5.9086612179135878e-01	  -4.5903529490691035e-02	   7.4751375257251851e-01	   2.7152449290238884e-01	   7.2516103338802784e-01	   7.2715515144968337e-02	   5.8353058659436463e-01	  -3.0269976212123580e-02	  -1.3065825099855621e-01	  -1.0793768561323632e-02	   2.2631919435440159e-01	  -1.5905558507734555e-01	   3.6147472456462376e-01	   2.3602713515609178e-01	   4.2486262016989135e-01	  -1.7071404349417990e-01	   2.2920747067844963e-01	  -2.5593215247018847e-01	  -1.0813085082307704e-01	   1.7754687204084499e-01	   2.7680881982191108e-01	   3.8176980184513215e-01	   5.0135519203338830e-01	   5.3654448641739938e-01	   7.5105410052503441e-01	   2.6557316981365164e-01	   6.9635531531680050e-01	  -4.5745216869067643e-02	   3.2313936745328745e-02	   1.9155401982394155e-01	   1.9746977648566011e-01	   4.4374999142264454e-01	   3.8178402224651475e-01	  -2.6158058160273598e-02	   1.8361547670698786e-01	   3.7213834977543209e-01	   4.7569921397471032e-01	   1.3214532304766374e-01	   1.5842988836856139e-01	   2.6211720687151874e-01	   3.1489915927945866e-01	   2.0650487765883549e-01	   2.6983497650546007e-01	  -5.4637611686764502e-02	  -2.8288699186111954e-01	  -7.5041391970676705e-02	   6.6172368027894571e-02	  -1.5193400413166558e-01	  -1.7372417540981966e-01	   9.2822570786820255e-02	   2.1095891906212910e-01	   1.3478288785373377e-02	   6.4580735942754508e-01	   6.7090615985222646e-02	   1.6116588318866934e-02	   6.0284429306703680e-01	   1.2428464850795151e+00	   6.0405198488262757e-01	   8.9743458397852205e-01	  -9.1004889371703340e-02	   3.4829400377908432e-01	  -1.1981669176980103e-01	   4.3963172617661272e-01	   1.3539621573459337e-01	   3.3691285211480282e-01	   1.7778438501900548e-01	   2.9935572144759703e-01	  -1.1882577953951597e-02	   4.3915714269349165e-01	   3.7647083695305089e-03	  -1.6864054758550023e-01	   4.8073332460303292e-02	   2.4652428453847870e-02	   3.3362007135558369e-02	  -4.7715529234604349e-03	   6.7991952116968055e-02	   4.7245882559646035e-01	  -1.2329410922010944e-01	  -8.7443781791925884e-02	   2.8080772865765513e-01	   2.3418678096995865e-01	   3.3124834871315051e-01	   7.9277944740143144e-02	   7.5695393949100276e-01	   8.6725887543003297e-02	  -1.2098852767476754e-02	   1.2170160036432839e-01	   8.7898923243095950e-02	  -7.9584418861911324e-02	  -1.9225066420986717e-02	   7.6331246837161318e-02	   8.9162236544935791e-01	   2.9181971689448982e-01	   2.3321862102988039e-01	   7.0015919217312719e-02	   8.2642418364281559e-02	  -1.1983829268900982e-01	   5.1770964773791714e-02	   1.3682099939718706e-01	  -1.0769192990699399e-01	  -2.5854422981927472e-01	   8.9342324024776779e-02	   1.2346742615932391e-01	  -7.6909320161683975e-02	  -3.2426281571477628e-01	  -2.8239457732603307e-01	  -2.4096402068413342e-01	
   4.8884837874416037e-01	   3.2244870921035795e-01	   1.0370769361160208e+00	   2.3790607757533230e-01	   1.0440433370729043e+00	   2.9484737632090696e-01	   7.5189526734624423e-01	   8.7062022232450659e-02	   0.0000000000000000e+00	   3.3876801157042824e-01	   6.4321525127943602e-01	  -1.4558976980775270e-03	   5.9954841266982706e-01	   2.3000819518243371e-01	   1.0635550940507896e+00	   4.1293262317625040e-01	   2.6640313989563391e-01	   1.6617707807988727e-01	   3.8024374177599335e-01	   2.7008777537358969e-01	  -1.5073637001579981e-01	  -7.0686990607657679e-02	   7.6679631205940124e-01	   3.4282273242070943e-01	   4.5493652812708835e-01	   3.6322370627584227e-01	   6.3097106518841195e-01	   4.5615175890018445e-01	   1.6129623014159117e-01	   4.0677318530602481e-03	   3.0254652397422666e-01	   5.9195566064106205e-02	   3.5029096934378495e-01	   1.6971048202921341e-01	   5.5771388085961404e-01	   2.2099071004071019e-01	  -2.0788405114301611e-01	  -5.0035270381200432e-02	  -1.5087047118312252e-01	   7.6728671442904295e-02	   1.9000205726127278e-01	   1.1032167258825340e-01	   1.1295206881591424e-01	   1.3036531719216710e-01	   2.1491978085706820e-01	   1.8330505352785637e-01	   1.7921545487979124e-01	   1.8249935863604502e-01	   1.7345973154635183e-01	   1.7837229901310026e-01	   4.0957570200670146e-01	   3.4173632669646303e-01	   4.1438229115547021e-01	   2.6158693632950647e-01	   6.8106109396291858e-02	   2.7462485337327547e-01	   2.8269566124023732e-01	   3.6706078100862893e-01	   1.4145996123038462e-01	   4.0056988478207885e-02	  -2.6609334962525870e-02	  -1.3539440445806866e-01	  -7.4262018979412869e-02	  -2.9596679141262894e-02	   5.6660066752799709e-01	   9.6645935613027922e-02	   3.6796291203504722e-01	   2.3716774293202714e-01	   6.1224271939540376e-01	   8.0772815209793680e-01	   4.5510794875999211e-01	   9.1556712487608494e-02	   3.1791291313445441e-01	   9.8515925970012103e-02	   3.0019071337096670e-01	   9.8673571777605273e-02	   2.9118408921591488e-01	   1.6555642514230095e-02	   2.0499570229362632e-01	   1.9713696762572092e-01	   9.2274143242575633e-03	   2.6083628584257407e-02	   3.4487356782857620e-01	   2.9289887386673868e-01	   4.4176591999217407e-01	   4.4506200185768402e-01	   2.2223241140289512e-01	   3.9934956032823926e-01	   5.3354093601545083e-01	   5.4076551989732080e-01	   2.7834640894946872e-01	   1.0283981522947507e+00	   3.9939281916233815e-01	   1.4622653853807506e+00	   2.1842531608364305e-01	   1.0622929966850840e-01	   1.4274100044312460e-01	   1.6202968685389954e-01	   1.7338321919698882e-01	   2.7151103139400179e-01	   1.0516575735440817e-01	   7.8916473128794207e-01	   2.7417474737898218e-01	   4.8613473368402116e-01	   2.9366268663475348e-01	   4.5466745794532548e-01	   9.2104290686115933e-02	   4.1696508698824221e-02	  -8.8202591571277106e-02	  -2.0304294602264694e-01	   2.9066324767172474e-01	   2.9455986925273486e-01	   2.4033256398501857e-01	   1.7326737909159659e-01	   1.9315043452801611e-01	   4.6171357775917091e-02	
   6.6767250959259089e-02	   2.2373992899387379e-01	   3.9126538530246990e-01	   5.2012998689906065e-01	   5.1600440185136875e-01	   1.1109948527155904e+00	   4.2511339677730237e-01	   5.9086612179135878e-01	   3.3876801157042824e-01	   0.0000000000000000e+00	   2.6545230405380055e-01	   3.3500862742379367e-01	   2.6515094986906679e-01	   5.2338783938119060e-01	   3.8911126208770619e-01	   9.2859366796058396e-01	   3.5486743967639317e-02	  -1.7692428781583935e-01	   1.8091482994278310e-01	   2.1453823106196296e-01	  -2.8617807139013324e-01	   1.9905375620047139e-01	   5.0705489202824150e-01	   5.7719684103647950e-01	  -1.9304666619502701e-02	   1.4541052273220123e-01	   1.2744539287260340e-01	   1.4031134813170532e-01	   1.2784981376388233e-01	   1.9563073353576382e-01	   3.5918461596459739e-01	   4.1665189018319071e-01	   2.5135265510805016e-01	   2.3167620995801205e-01	   2.5609640750371371e-01	   3.0572793739941956e-01	  -2.1897699788899902e-01	   2.3767307351501225e-02	  -1.9876029059448316e-01	  -3.0234938927763119e-02	   1.1107968818160152e-01	   3.4088076059068834e-01	  -1.1532814520422977e-01	  -9.5530235308464870e-02	   7.9893705792579844e-02	   6.1138935593150354e-02	   1.0979458103344265e-02	  -2.1624296556045180e-02	   6.9246772639638618e-02	   1.1741966064426711e-01	   6.8647979078428317e-02	   5.3982623752365212e-02	   4.4473058775174774e-02	   2.5427943619543005e-02	  -1.0144328316665804e-01	   3.1337166362957747e-02	  -6.2084097578268486e-02	  -1.0878589550350276e-01	   1.9123692508102076e-03	   9.7672673599134771e-02	  -1.5278372650384361e-01	   3.0595657953061495e-01	  -7.7695719721364243e-02	  -5.9917275367205043e-02	   5.1581781100051227e-01	   5.0473817352413008e-01	   1.6014301350878390e-01	   2.3210911882839919e-01	   4.9571777143606409e-02	   3.6401110989755042e-01	  -2.9923863975376486e-02	   2.6954237700918815e-01	   1.3734361760694558e-01	   2.4544723238333260e-01	   1.8111311983610062e-01	   1.2865062130076871e-01	   3.4814797785036135e-02	   1.3904295778429465e-01	  -5.7601166385514130e-02	  -1.8884918421867705e-01	  -1.1070269886557116e-01	  -8.2505290995260119e-02	   6.5491199852287976e-02	   3.3855953704814840e-01	   2.5487651404621819e-01	   3.6611523993114814e-01	  -2.2693635371478817e-02	   3.1849728087280743e-01	   2.0004841258483949e-01	   2.9218756699206294e-01	   2.7118155526572080e-01	   1.6482801987401594e-01	   5.8223597637412017e-01	   2.5768347191938834e-01	   4.7266431899945630e-02	  -1.6777220962250712e-02	  -4.6278187307831078e-02	  -2.6622231794679918e-01	  -1.4979678030979510e-01	  -4.7854348478357712e-02	   3.3491765974267790e-01	   3.5049532721513027e-01	   1.7991255917472287e-01	   5.9646416228951671e-02	   1.9352687710463429e-01	   8.6257032577767928e-02	   8.8229085056252682e-02	   3.5554647727831083e-03	  -2.1325947636170442e-01	  -1.2219830085471120e-01	  -1.5199916459277643e-01	  -2.4708179270928932e-02	   1.0213859166700855e-01	   7.9641561880361422e-04	   7.7098018654365108e-02	   2.2863081313123652e-02	
   4.2134187977112381e-01	   3.4130301291413290e-01	   4.0623205520177041e-01	  -3.4370067339183304e-02	   5.4843376441843183e-01	   1.9961402163563480e-01	   3.2156673066292712e-01	  -4.5903529490691035e-02	   6.4321525127943602e-01	   2.6545230405380055e-01	   0.0000000000000000e+00	   2.1527475346629640e-01	   4.9832980470050131e-01	   4.0573174252063116e-01	   5.4427044221980836e-01	   3.3732004801508442e-01	   3.4989399266180310e-01	   3.1563148339515767e-01	   6.2830781118220214e-01	   3.7525653211307797e-01	  -3.6370949548683884e-01	  -2.5564698449869527e-01	   3.6853681796675597e-01	   9.2398134720076297e-02	   4.2021982658975644e-02	  -1.1240174347294223e-02	   2.9468167044688565e-01	   1.4274424516916881e-01	   4.0109166968249388e-01	   3.2856990002276282e-01	   1.7462140221909231e-01	   6.9787329265026529e-03	   2.6106058004002136e-01	   1.2137893007184651e-01	   1.0908883087012994e-01	  -1.2196312478564138e-01	  -3.7522608502100402e-01	  -2.2084706435416951e-01	  -5.0992919881601961e-01	  -2.8946745115716510e-01	   4.3465556286707667e-03	  -1.6800279227334868e-02	   3.1095290576245910e-01	   3.2288440744259905e-01	   3.1468018931017472e-01	   2.6239276955625973e-01	   3.5765235901255671e-01	   4.4678305464213908e-01	   2.9946392913274100e-01	   3.1871215859609975e-01	   2.7689564505780784e-01	   1.7226707814497599e-01	   4.9767280317306528e-01	   4.6761625513529920e-01	   5.6057263678695748e-02	   3.8411458260178710e-01	   9.4768409209448068e-02	   3.1749687119584075e-01	   9.1693260688384320e-02	   1.6997999016477855e-01	  -3.0605315176338070e-02	   6.5959276753825968e-03	   3.7365805638534366e-02	   1.4936860673128829e-01	   1.7007639718748296e-01	  -1.5222555780750124e-01	   1.9452211887872367e-01	   4.3162906960263474e-02	   3.0616643985200526e-01	   3.9290992854772683e-01	   2.9947536439380323e-01	   5.0033258853782583e-02	   4.0461683954558614e-01	   2.0545715974882361e-01	   3.8986465240337514e-01	   1.5431484757051420e-01	   3.0583029416705387e-01	  -2.4572753606291537e-02	   1.2221286165360379e-01	   3.6019113333579977e-01	   1.0764214582660944e-01	   1.9225430699575383e-01	   5.7364026334062257e-01	   6.0721270986084686e-01	   6.8430982360059012e-01	   2.5466847012754373e-01	   3.3779092194547272e-01	   4.6844165900168383e-01	   1.2501419025696386e-01	   3.1027441908593451e-01	   3.7750813760158280e-01	   6.8689084869732175e-01	   2.4501807127689117e-02	   5.1235977353132622e-01	   5.6092455177126077e-02	   1.0447355549346823e-01	   9.0877965181887191e-02	   1.4852467391836091e-01	   4.1524224884162769e-01	   4.6140494044282621e-01	  -4.5637645819858866e-02	   4.3084624397905746e-01	   2.1387108909678559e-01	   2.8408109511459240e-01	   5.9756586133489796e-02	   1.5414543310328427e-01	  -1.3345324959449614e-01	   1.2100265160161819e-01	  -3.1499185932576074e-01	  -2.9447089141419203e-01	  -1.0919153874266729e-01	   2.8527182495278974e-01	   1.8035962156389934e-01	   7.0540849897611946e-02	   1.0732549267087566e-01	  -4.8903058344901135e-03	
   4.6883065697431708e-01	   6.4380761760354344e-01	   6.8620939192662780e-02	   1.6178886467970860e-01	  -2.8317898429402570e-02	   5.1121549149844503e-01	   3.4664836440155672e-01	   7.4751375257251851e-01	  -1.4558976980775270e-03	   3.3500862742379367e-01	   2.1527475346629640e-01	   0.0000000000000000e+00	   5.1387125834751957e-01	   8.9955722969837937e-01	   2.7893088195741590e-02	   4.5562731870133621e-01	   3.2171640523878842e-01	   3.4580691936086327e-01	   3.7858628017642898e-01	   6.3243870599699525e-01	  -3.0243070250330106e-01	   1.0048943798503497e-01	  -1.8897194574551915e-01	  -1.3610915376133281e-01	  -5.4727301604910406e-01	  -2.5706692777350637e-01	  -4.3110364317392585e-01	  -2.4909297211157147e-01	   6.2207743146849448e-01	   6.9583648519427632e-01	  -7.2333656177881789e-02	  -3.1524023149913746e-02	   6.1308902076260297e-01	   7.2150140552309983e-01	  -3.8056552841672572e-02	   1.7639732776897718e-01	  -1.6217427978654181e-01	   6.9035510214382253e-03	  -1.1715711915542126e-01	   7.0488582725786548e-03	   6.4293810333246204e-01	   4.0951822049537556e-01	  -7.5903208116607584e-02	   2.0895933975151823e-01	   2.2196267107502507e-01	   3.8236353808647400e-01	   1.9616911601622231e-01	   2.0692010146258030e-01	   3.7399898548063260e-01	   3.5447590200258372e-01	   1.3954046419654631e-01	   1.3162087917219895e-01	   1.8796601673386296e-01	  -1.1167140423654584e-01	  -3.2152644712338092e-02	   1.9412575426290693e-01	   1.3835454568007016e-01	   1.5783579994306662e-01	   4.2494970834617873e-01	   4.8203165020678296e-01	   3.6349075901831385e-01	   8.9929618179542803e-01	   4.6980488706794971e-01	   3.9754518452060161e-01	   2.4995360824476309e-01	   5.5558512206377109e-01	   4.6917421372057772e-01	   5.4304969488102628e-01	   3.3389715750567567e-02	   2.3097260104295703e-01	  -1.4102660963007047e-01	   2.6028535421074683e-01	   5.4844852516635623e-01	   6.8123548137263568e-01	   5.5774419874567105e-01	   6.3166947172150412e-01	   2.7292751015207306e-01	   5.5985926224805793e-01	   2.6809778307488541e-01	   1.4468377457652845e-01	   4.5425083585833437e-01	   4.5659195720117951e-01	   2.6994134633994293e-01	   2.1088392811416612e-01	   1.5767041823650272e-02	   1.6910883299915330e-01	  -1.9359873965117105e-01	  -1.2982073888856302e-01	   1.9302432348619294e-01	   2.9155052927842895e-01	   3.8810146331565054e-01	   1.1651188952100140e-01	   2.8149059596573767e-01	  -1.4550398034160038e-02	  -1.9522741881384023e-01	  -1.0286783802129013e-01	   7.3404484324291266e-02	  -3.4241700733882996e-02	   2.9526114147441523e-01	   4.0201195598503120e-01	   6.3417716967430449e-01	   4.9536975087975543e-01	   4.6080105613038219e-01	   3.5172030400850429e-01	  -1.2697046638241710e-01	  -2.4489074105581612e-01	  -9.4744841569392405e-02	   1.2832501602536989e-01	  -1.1521672986221350e-01	  -3.6259193148329605e-01	  -7.5634327038045634e-03	   2.1093425877596306e-01	   1.2386957880833264e-01	  -6.9159487899481079e-02	  -2.2528564505082710e-01	  -3.3150408724237512e-01	
   6.3328207235901202e-01	   4.6616555712532526e-01	   4.7357857206023274e-01	   1.6098626134658050e-02	   4.1302810269301760e-01	   3.4641685384270143e-01	   7.0387544316636597e-01	   2.7152449290238884e-01	   5.9954841266982706e-01	   2.6515094986906679e-01	   4.9832980470050131e-01	   5.1387125834751957e-01	   0.0000000000000000e+00	   5.7779639881038047e-01	   8.6662961645347836e-01	   4.9212417806300851e-01	   1.7782779140941787e-01	   2.2500559132312814e-01	   2.7357875167699719e-01	   3.1738875811878869e-01	  -9.4334655146434993e-02	  -5.9918178334182670e-02	   2.4664461551484634e-01	  -2.4673279122021406e-02	  -1.1136221641250023e-01	  -1.3596183803155681e-01	   7.0849123071826225e-02	   4.1865624903040466e-02	   4.6291870834932858e-01	   3.2349192407139188e-01	  -1.2456865959903232e-01	  -2.5347148169589906e-01	   3.3572180001792856e-01	   2.3549326729809300e-01	   2.1477517128320350e-01	  -9.0546552841077963e-03	  -3.5572596878854484e-01	  -2.5768364528491500e-01	  -2.5399924798432116e-01	   7.4661018271912793e-02	   3.0539898856253256e-01	   3.1007226853464159e-02	   4.1304809767518588e-02	   1.7101641762918349e-01	   2.3948812842149061e-01	   2.1917167017053402e-01	   1.8247190474954866e-01	   1.8829287825540680e-01	   4.3610746666638189e-01	   2.3885994945422384e-01	   3.3947164038006233e-01	   2.0533037624937947e-01	   3.0342259801432192e-01	   5.1773232443223197e-02	   1.0902029192550788e-01	   2.6016024629695683e-01	   1.0357327798411067e-01	   3.4288322130477566e-01	   4.9353296867772489e-01	   2.9700728402468424e-01	   2.4051405651438360e-01	   2.3517266847485285e-01	   1.8658760153371629e-01	   1.8492587479942427e-01	   3.8249361356134548e-01	   9.9310071832301672e-02	   3.5774834148273427e-01	   2.2957931637974960e-01	   3.2965077974199825e-01	   5.0700328329949707e-01	  -5.9160785629029843e-02	  -9.7678056219134973e-02	   2.7176801969420383e-01	   2.1613202565471365e-01	   2.9393643503819783e-01	   2.1472295715718978e-01	   6.4533672075485216e-02	  -7.6522105445343019e-02	   2.1505780246948884e-02	   2.1166045518836454e-01	   1.8615988071153536e-01	   1.2986289403799048e-01	   4.6022278422698543e-01	   2.5039297479771067e-01	   1.7374779086706312e-02	   1.3785383649932983e-01	  -9.6635199658316545e-02	   2.4368790683319010e-02	   4.6163216874033453e-01	   4.1785857677703492e-01	   1.3306238685128208e-01	   3.4931142430287915e-01	   8.9828595631787106e-02	   5.2256984320635047e-01	  -1.3526971770096191e-01	   5.9722436741722319e-02	   5.3845198894800557e-02	   8.9828952424072642e-02	   1.3371050513873992e-01	   1.6834525734103203e-01	   1.6760470402287878e-01	   7.4756895836280213e-01	   1.0990581975166094e-01	   2.4043506296817213e-01	  -2.0106936923544222e-01	  -8.3214411699741003e-02	  -2.4407970849336386e-01	  -7.3671542612991150e-02	  -1.9973348261664836e-01	  -5.5908823104942296e-01	   3.3254747952649301e-02	   5.1949591222630188e-02	  -8.2841911604100843e-02	  -1.3155192435772328e-01	  -2.0269473567035123e-01	  -2.7331131762911204e-01	
