   0.0000000000000000e+00	   1.0553615115879311e+00	   1.1665109590755505e+00	   7.6531494227994989e-01	   6.9611368978963284e-01	   5.7651691283912343e-01	   9.5589931889244684e-01	   7.5182530223391775e-01	   7.8588750247805539e-01	   6.4428985098247160e-01	   1.0069528145990285e+00	   7.5107638435626789e-01	   1.0475745925942981e+00	   7.4088608137781298e-01	   1.0158541318390781e+00	   7.1912516394144899e-01	   8.1452251752455818e-01	   6.3945060615460536e-01	   1.3225490101031534e+00	   1.1861152080063129e+00	   8.3764818440679056e-01	   5.8323342745536988e-01	   8.2119650847004177e-01	   6.8459654018598703e-01	   7.7902555270793161e-01	   5.2590194841909366e-01	   6.1015930845984701e-01	   5.7340242142350450e-01	   8.3590098788522371e-01	   6.5863712708416888e-01	   7.2667630411185391e-01	   5.2621918201209783e-01	   1.2678920641376890e+00	   1.1310234241716708e+00	   6.5346082185036114e-01	   6.3672885509376798e-01	   5.4584748319746168e-01	   4.7469086395909266e-01	   6.7649628911319126e-01	   4.9250865220801615e-01	   8.0537247281518021e-01	   5.1981439041759481e-01	   5.3872053838256218e-01	   6.1183828780466809e-01	   6.6268977294636078e-01	   6.7202461357072019e-01	   6.6293008958480715e-01	   7.4993542942815850e-01	   6.8118132038065871e-01	   7.1711447432331765e-01	   6.8810169976947000e-01	   5.6588383998042535e-01	   5.3743369899970439e-01	   3.9497411954732642e-01	   7.0123718185476458e-01	   5.5703997932616001e-01	   1.1897159805202175e+00	   6.8460935444789162e-01	   9.8955240188996441e-01	   7.8182829298568879e-01	   1.1887815672845328e+00	   8.3868137992507474e-01	   1.0072535469032959e+00	   6.9729617197224614e-01	   7.7165976434003913e-01	   7.4860000189216358e-01	   7.8294549169822547e-01	   7.0950349115767497e-01	   7.9999893017830226e-01	   2.4660543292970530e-01	   4.0928182766797222e-01	   3.4141064378810071e-01	   8.1084040408172220e-01	   5.3887649898484091e-01	   8.4517340270328001e-01	   6.5555696327436752e-01	   1.0192510883159263e+00	   8.4384875896705047e-01	   6.0510624443784522e-01	   7.8834801245938890e-01	   1.0243853975131738e+00	   8.1535808608991345e-01	   9.9953604590161205e-01	   8.3514611264637639e-01	   8.9165525587698080e-01	   8.2400064542369056e-01	   6.8038015314656641e-01	   6.9732538562152957e-01	   8.3482646395530358e-01	   9.8683444054215075e-01	   7.7363244174121681e-01	   4.0227034639012843e-01	   1.3009689246532574e-01	  -3.5854141891626230e-02	   3.3487104025087394e-01	   3.6951128803033889e-01	   5.9123516907080331e-01	   5.6254428263364309e-01	   6.6944251023616230e-01	   6.0082236178985327e-01	  -2.9917351892934870e-02	   3.1329037320695563e-01	   4.6995238325212874e-01	   4.7815879742699585e-01	   5.8675673457597766e-01	   3.4479635648134360e-01	   6.5184920481821718e-01	  -8.2940950069632466e-02	  -2.3513741049435377e-02	   2.3555918155969269e-01	   7.0598206378712702e-01	   4.4992999359655428e-01	   5.0536020099779777e-01	   2.8916355378693115e-01	   1.4753848342742651e-01	  -9.2229978148881217e-02	
   1.0553615115879311e+00	   0.0000000000000000e+00	   9.4665873036244974e-01	   8.7526107030626699e-01	   7.6191467951270420e-01	   5.9331403743854239e-01	   8.3835262780887776e-01	   7.8067901544724305e-01	   7.1259678939801374e-01	   5.7218822803141400e-01	   6.4966663651695589e-01	   7.7751520243054795e-01	   6.5400262549974475e-01	   7.4662560057786564e-01	   8.8139186229334587e-01	   6.9742720440505013e-01	   7.4977877501967549e-01	   8.0130545972524692e-01	   1.0669693871790613e+00	   1.3190655510679585e+00	   7.0499312049011220e-01	   5.8092196256858786e-01	   6.6846147399820177e-01	   5.2910702982221469e-01	   7.3372433993652386e-01	   4.5176764287923260e-01	   6.5611627521281868e-01	   5.8435631216790640e-01	   7.0085571672895985e-01	   6.6538307106908545e-01	   7.1256670696453739e-01	   5.4579820908382615e-01	   1.1426961640031428e+00	   1.1634862313416696e+00	   4.5358156047792664e-01	   5.3144037618737394e-01	   3.5811512705873139e-01	   3.5653937387820528e-01	   6.9723771394244571e-01	   5.4687167705139916e-01	   6.6531896682339764e-01	   3.8155582256157855e-01	   6.1431211232420468e-01	   6.7672856190740771e-01	   4.6791412495640183e-01	   5.7617142195651050e-01	   7.2900619801430377e-01	   7.8262407508352583e-01	   7.1658335933923389e-01	   9.2565241785628627e-01	   9.0804332083638872e-01	   9.7934643852834757e-01	   7.9560742387058492e-01	   5.2815125142337471e-01	   7.8483231057232083e-01	   7.1372272887514498e-01	   1.1245857146973708e+00	   1.1041474304624570e+00	   8.4895621954544831e-01	   9.3805221129795524e-01	   8.6410998419960028e-01	   7.7639218318876968e-01	   8.8297290205840806e-01	   8.8845539422294018e-01	   4.5432898376564346e-01	   5.2113929228178113e-01	   7.2955314396590942e-01	   7.2028891753729707e-01	   5.7946029499889573e-01	   1.1897391625316595e-01	   2.1989708845030354e-01	   2.7358057791708806e-01	   7.5419635924770245e-01	   6.3092043416884080e-01	   7.3531331891729146e-01	   7.3380546607174590e-01	   6.9982580073534140e-01	   8.6333294629868185e-01	   5.7443050914211335e-01	   6.5706784642049276e-01	   9.4253379142008242e-01	   9.0911257031665604e-01	   6.8620685486212862e-01	   6.8928038276941705e-01	   5.7901443917340711e-01	   7.3070229326440961e-01	   3.7242734652124909e-01	   4.8169161245179337e-01	   6.5621767967197486e-01	   9.6349855860234523e-01	   8.4267765579117904e-01	   2.8521583671511463e-01	   2.3875376563598338e-01	  -2.5629655392944956e-01	   2.5028106685913692e-01	   2.3067042558225953e-01	   7.0303890420817705e-01	   5.9085222140385141e-01	   7.2298398733223257e-01	   5.4430410166185694e-01	   1.8011912609451908e-01	   1.3684803955760569e-02	   5.4744790787291531e-01	   2.7865630149387455e-01	   6.2206202478671346e-01	   2.2486902818694787e-01	   5.9830761304335778e-01	  -1.1558959006808307e-01	  -3.0580148388778296e-02	   2.0592439171886739e-01	   6.2701648698074086e-01	   3.5019659790511698e-01	   4.6412013291465204e-01	   1.8352696274159502e-01	   8.9837680238817955e-02	  -1.7595977844673361e-01	
   1.1665109590755505e+00	   9.4665873036244974e-01	   0.0000000000000000e+00	   1.0037650814283814e+00	   9.4124896553566562e-01	   5.9012827391687694e-01	   1.4534444516582623e+00	   8.6832654346009086e-01	   9.7264921325716813e-01	   5.7625629013106017e-01	   8.4254943297115681e-01	   6.7882918804054870e-01	   8.8529239716358954e-01	   6.3484069680009603e-01	   1.0570709620766754e+00	   7.3401331726512165e-01	   7.3095619674142953e-01	   6.6988461943524191e-01	   1.5646002842410998e+00	   1.3167159360407628e+00	   7.6541655027564715e-01	   5.2441924266899309e-01	   1.1370254385089229e+00	   7.5040778851841106e-01	   8.5891988195676583e-01	   5.2205410999390778e-01	   6.8041867871077122e-01	   5.5626454512070667e-01	   9.0329861845962689e-01	   7.1934664056099873e-01	   9.2644112538599499e-01	   6.5174423804326354e-01	   1.3147165689333520e+00	   1.2746267637308824e+00	   6.9950550953459745e-01	   5.9646711798741259e-01	   5.0371148283960132e-01	   4.5936231651688547e-01	   7.6734454652334705e-01	   5.6625549662490426e-01	   7.0560930756183426e-01	   3.7838353540336128e-01	   5.6731430562752228e-01	   6.6233351060392653e-01	   6.5946770356850948e-01	   6.3069224524119194e-01	   6.8894922709093154e-01	   8.2841798632565067e-01	   6.7053230052415691e-01	   7.7341200693469558e-01	   7.1575320141885657e-01	   6.5123361461339302e-01	   5.4590368348482388e-01	   5.9127473437533651e-01	   6.0651075300117707e-01	   6.2567427047971713e-01	   8.7230186147029398e-01	   5.6718004833337132e-01	   7.6543519127301829e-01	   5.3135062338579075e-01	   9.2662481967514698e-01	   7.4182942610566105e-01	   8.0379775924948760e-01	   7.1454868104520985e-01	   1.1170021812663422e+00	   6.5828324957355067e-01	   8.3978592235113547e-01	   6.8799464492969775e-01	   9.3077089332811402e-01	   3.5774591110827203e-01	   4.2541876643071103e-01	   2.9235928950989654e-01	   7.9967887878664912e-01	   5.3449904574699847e-01	   9.0666624692951658e-01	   6.5976887572490406e-01	   8.6513420658964213e-01	   7.2956021209550148e-01	   4.7530947102976512e-01	   7.3050535172504083e-01	   8.9976943726205250e-01	   8.9138004395116488e-01	   1.0544841047084175e+00	   7.8748982540356927e-01	   7.7129776320479837e-01	   7.2757161362711642e-01	   5.3195986135227802e-01	   5.8589788116271990e-01	   7.9470138438527860e-01	   8.0433699624604982e-01	   8.5518511117070461e-01	   5.0346737196477054e-01	   2.8738391575221739e-01	   1.5455324320303016e-01	   3.0225829867533527e-01	   3.9153983439037171e-01	   6.1669630480886217e-01	   5.8981662172153637e-01	   7.0061336582512357e-01	   6.1033571180165480e-01	   9.5825152233204897e-02	   2.9820611213179748e-01	   4.3773825125764187e-01	   4.1996061898827625e-01	   5.2505186666898929e-01	   3.4559074956289132e-01	   6.1615189538931947e-01	  -1.4591589749484751e-01	   1.1142847637265327e-01	   1.8315790988304465e-01	   7.4372290822635867e-01	   5.0280965580552661e-01	   5.8587131273866166e-01	   2.7564094322500821e-01	   1.5660000872701216e-01	  -1.0412042442616155e-02	
   7.6531494227994989e-01	   8.7526107030626699e-01	   1.0037650814283814e+00	   0.0000000000000000e+00	   8.0300030856303861e-01	   1.0404770486383841e+00	   1.1186491669845993e+00	   1.7518588148144594e+00	   8.3523510396100975e-01	   9.5739290582706338e-01	   6.0676463873033382e-01	   8.0242374699599450e-01	   5.9331849255741387e-01	   8.2802882368981412e-01	   8.3648632979909721e-01	   8.4125443840870773e-01	   6.5626958155976112e-01	   5.5487330280010827e-01	   9.7565184898573387e-01	   1.1097693713360059e+00	   7.9229502243262240e-01	   7.5852952432855214e-01	   9.7364217133697362e-01	   1.0236126090494149e+00	   7.5124067923012783e-01	   6.7992907376437084e-01	   6.2017094226033953e-01	   7.3288562765707044e-01	   6.8145616405280440e-01	   6.7057553819065308e-01	   1.0053858502401658e+00	   1.0501987284393228e+00	   9.6038867567711406e-01	   1.2533484864016631e+00	   5.2175998208003072e-01	   5.8866118577555038e-01	   2.0709448654337717e-01	   3.2458091901157499e-01	   4.4984454156562215e-01	   4.3355204961019544e-01	   4.4441966239998959e-01	   2.6684350625795200e-01	   3.3901453506886997e-01	   4.3069390642879773e-01	   3.3641368361712337e-01	   4.5395665426860526e-01	   4.3011959229488744e-01	   5.4652469972362694e-01	   4.0509894608645775e-01	   5.6860349295094892e-01	   6.3110077181736501e-01	   7.3010851291917578e-01	   5.2502742288854198e-01	   6.4124384853776828e-01	   3.5427392910869820e-01	   4.3628225332813564e-01	   6.9696287711885652e-01	   4.5595227651813630e-01	   5.6762539182269744e-01	   4.9105735686167129e-01	   5.8080873088146023e-01	   9.8160466637006416e-01	   5.8567879656044730e-01	   8.5065853596739849e-01	   6.8839276430827911e-01	   9.0029836428971177e-01	   6.3062738882912495e-01	   7.3451733936659580e-01	   6.4738604818904044e-01	   2.7923379972714779e-01	   3.3145486898552867e-01	   5.5332906216424960e-01	   5.7400615868173899e-01	   5.6311361326944465e-01	   5.9216287117879196e-01	   5.7180387852455850e-01	   4.8238652021049455e-01	   6.5250751345524516e-01	   6.1818258594554454e-01	   5.6318446140598388e-01	   9.6335702933846878e-01	   7.8240515140150413e-01	   7.6503731268414388e-01	   6.1057389263263417e-01	   5.6105090745965069e-01	   6.9295652261414087e-01	   3.0532812009169152e-01	   4.7429545699394693e-01	   5.0749970470961370e-01	   8.2408542835306120e-01	   7.3476217803526478e-01	   3.7862790496316573e-01	   4.0444961728943252e-01	  -4.6612637177439985e-02	   2.0590369055551877e-01	   3.1986766349020573e-01	   3.9219489537286895e-01	   4.2273270267094121e-01	   4.7438506715148671e-01	   3.5467222556605676e-01	   2.8977839049060106e-01	   4.2419278284331827e-02	   3.8527872855775896e-01	   1.8867610731710235e-01	   4.3913576980541980e-01	   7.4464856947528149e-02	   5.7507717228014144e-01	  -2.5027054976421809e-01	   1.9476507052810030e-01	   2.4622676348270461e-01	   5.2185948757144551e-01	   2.8903059878535048e-01	   4.2078845872698667e-01	   2.4239729097393131e-01	   1.2684183564648355e-01	  -6.2355290404276689e-02	
   6.9611368978963284e-01	   7.6191467951270420e-01	   9.4124896553566562e-01	   8.0300030856303861e-01	   0.0000000000000000e+00	   7.3328244842761081e-01	   9.0167679474668050e-01	   7.3489459007608782e-01	   1.1652340569341115e+00	   8.1121229667289452e-01	   6.3927906627370201e-01	   6.1187300327582139e-01	   7.0822815864393029e-01	   5.5714872041959951e-01	   1.1794639399930851e+00	   8.3841880672735780e-01	   3.7848215220763726e-01	   5.0502944278416706e-01	   8.2708184434662146e-01	   8.5824142107252699e-01	   7.6082675305171887e-01	   5.6940625832048286e-01	   6.1549484441109692e-01	   5.0069577399524912e-01	   7.3423759988992154e-01	   5.6956546385432860e-01	   8.0756105448876125e-01	   6.5424000587865971e-01	   6.3663703327604138e-01	   5.6040073379069466e-01	   5.3879626140670300e-01	   5.0865246066980108e-01	   7.1568207892701441e-01	   7.6350047874030691e-01	   3.5586405340484017e-01	   3.8949992873027228e-01	   2.7629050633118757e-01	   2.9577210035229873e-01	   4.0924200144656886e-01	   3.4374411834819318e-01	   4.6046923384563493e-01	   3.5426025617349188e-01	   2.8527480225802937e-01	   3.5471313507466812e-01	   3.1628936901758647e-01	   4.0748892456729624e-01	   3.8645075790646471e-01	   4.7151344420453867e-01	   5.0180113472577403e-01	   6.1913270455466918e-01	   6.0234737536033611e-01	   6.4564133327220197e-01	   4.8554944371494418e-01	   3.7877949346988271e-01	   5.1543278208309862e-01	   4.3498832384506164e-01	   4.7310182647801380e-01	   3.9092288222652671e-01	   6.7116966247888199e-01	   5.6104960334298903e-01	   6.4017322409702793e-01	   6.2116127787170794e-01	   5.5643103101530944e-01	   6.4803865980099462e-01	   5.9357684157694812e-01	   5.1306894997713437e-01	   5.6946682427178064e-01	   5.7483670238959339e-01	   7.3229179918512211e-01	   4.4347132654766902e-01	   3.6419271860927765e-01	   3.8442784014357056e-01	   6.4603874670779571e-01	   4.7376841953171617e-01	   5.9695399248560632e-01	   4.9512494011447739e-01	   3.4787184927260567e-01	   3.5509208903906386e-01	   2.9114571011750745e-01	   4.7053425744296962e-01	   6.7186374942829730e-01	   7.7034960948043085e-01	   7.9966076459857205e-01	   6.3379868563998720e-01	   6.6418526033996628e-01	   6.7060337448291429e-01	   4.9191536829654348e-01	   5.0232505935445859e-01	   9.2031058734143933e-01	   7.6495695729427526e-01	   6.9320939436468187e-01	   3.3693561700791635e-01	   2.2515733326873549e-01	   4.1678392383979523e-02	   1.0451680368336106e-02	   2.4549476497026997e-02	   3.3638115454107220e-01	   3.7960133775328453e-01	   4.2954984469470758e-01	   3.0662980467236894e-01	   1.9010191523641437e-01	   3.4113286077842690e-03	   3.1030202998914375e-01	   1.3580174994613126e-01	   2.1381526952406743e-01	  -2.2165925717998677e-02	   4.4059588028306013e-01	  -2.0766207943641638e-03	  -1.3644586260025909e-01	  -1.5004003157521331e-01	   4.4335035152043922e-01	   2.5617586380551061e-01	   1.9810510139756965e-01	  -6.8768295825137410e-02	  -1.9708529757330984e-01	  -3.4710603375471322e-01	
   5.7651691283912343e-01	   5.9331403743854239e-01	   5.9012827391687694e-01	   1.0404770486383841e+00	   7.3328244842761081e-01	   0.0000000000000000e+00	   6.7966427094482140e-01	   1.1584104838676290e+00	   8.2579804784655486e-01	   1.3035105352127163e+00	   5.8252560720727431e-01	   8.1209979383601483e-01	   5.6033425833512696e-01	   9.3362251492467918e-01	   9.2868497062927924e-01	   1.4188925128737921e+00	   5.6461466786054415e-01	   5.9593931183557802e-01	   6.1339954825912901e-01	   7.4094491271916652e-01	   8.0533881216851766e-01	   9.9218760056851552e-01	   6.5220202457024901e-01	   8.8466042052755089e-01	   7.0359424938896775e-01	   9.2177849725985983e-01	   5.2567288782401167e-01	   1.1365884015803545e+00	   5.8306687829208792e-01	   7.5782375295159743e-01	   7.1024032108723456e-01	   8.5447289117327219e-01	   7.1589035797938938e-01	   8.3155708481072865e-01	   3.2251755903122586e-01	   4.2726101671297950e-01	   2.8580388779154875e-01	   5.7760446406155352e-01	   3.9878975743190270e-01	   5.3284841862473509e-01	   3.8461739115675303e-01	   5.6364560644679573e-01	   3.2294314147251624e-01	   4.1393665375359628e-01	   2.6197148824501360e-01	   3.9282063214149310e-01	   4.2700412932436826e-01	   5.1477670689528121e-01	   2.5796101258786219e-01	   3.7977204366940859e-01	   4.5282796382134982e-01	   5.6173084139139418e-01	   4.1566584114209881e-01	   4.6219884870556971e-01	   3.2336222898000355e-01	   4.2416437607738539e-01	   4.3948918519680863e-01	   3.2477284928629147e-01	   4.1969630279307951e-01	   4.0072956424734718e-01	   4.0930966237760835e-01	   8.1747698929549595e-01	   4.9128065140716926e-01	   8.7498476691979798e-01	   4.0883002547406611e-01	   8.5987124411749916e-01	   4.4469278613324958e-01	   6.0853495077443975e-01	   4.7195195763561959e-01	   2.5594564395740027e-01	   4.1646309010489302e-01	   7.7875665663896898e-01	   6.8362756191759888e-01	   8.6881302725186538e-01	   6.0713035910781166e-01	   7.5155886710712017e-01	   3.6939315667013256e-01	   5.6633326292057562e-01	   4.3851019679376468e-01	   4.9876662089823809e-01	   7.9598596373700214e-01	   8.6679097136529748e-01	   6.3642447554580028e-01	   7.5457453757950610e-01	   5.8260015474143434e-01	   7.7702800157799035e-01	   2.9284258338796837e-01	   6.1730687597868983e-01	   5.2188993501746517e-01	   8.7868345121825364e-01	   6.1115354350943329e-01	   3.0116280100481857e-01	   2.5501340974983411e-01	  -1.7629361297589699e-01	   5.0963101287526680e-02	   1.8609910620719558e-01	   3.1812939193796602e-01	   4.0461266062764667e-01	   3.6863359718277039e-01	   3.1529431033318239e-01	   2.4532485752801733e-01	  -4.3926437475170020e-02	   3.4841083196337064e-01	   1.7979157564673126e-01	   2.8318946676161488e-01	  -3.5910980560938215e-02	   4.8373104690839053e-01	  -1.1365954063216160e-01	  -8.5195845721956851e-03	   1.5621882100444803e-01	   4.6821717141051145e-01	   3.2093896816803635e-01	   2.6346483848744784e-01	   1.7819574536153190e-01	   4.4370854217234031e-02	  -1.9718637181618620e-01	
   9.5589931889244684e-01	   8.3835262780887776e-01	   1.4534444516582623e+00	   1.1186491669845993e+00	   9.0167679474668050e-01	   6.7966427094482140e-01	   0.0000000000000000e+00	   1.1493818751905667e+00	   9.7837096144844338e-01	   6.6449574521805455e-01	   7.4000693273435469e-01	   7.8460149469300511e-01	   7.6485321555676056e-01	   6.5438874403925396e-01	   9.3553571096630250e-01	   7.2794200928108987e-01	   7.0133887305209330e-01	   6.9301738645909272e-01	   1.1714920307245125e+00	   1.0608395124041963e+00	   7.4160816478249458e-01	   5.7535118291430787e-01	   8.0579093100566646e-01	   5.9206671573488889e-01	   5.9931538767526515e-01	   4.4171341119249458e-01	   4.4535342735819583e-01	   4.2295115710941755e-01	   1.1698657290886703e+00	   9.4199819297004483e-01	   1.0080670650460402e+00	   8.8398780637639995e-01	   1.3016460142410282e+00	   1.4212407254722890e+00	   5.6531199653312214e-01	   5.8209813069125327e-01	   3.9960827542977734e-01	   4.6241083316375675e-01	   6.0746673145322172e-01	   5.4339450098373432e-01	   6.3212730305734988e-01	   4.7059117422499480e-01	   4.8310409659243214e-01	   6.1370481072146832e-01	   4.6109289566506151e-01	   5.0142395253994498e-01	   6.1052772602722449e-01	   7.8571481443091185e-01	   6.7984827318406971e-01	   7.4528744461474727e-01	   7.7305120470150945e-01	   6.9803051547216721e-01	   6.1080454201051237e-01	   7.3624235906826896e-01	   5.7804002552299893e-01	   6.4734648269055706e-01	   7.4562632359844250e-01	   4.7545854767367696e-01	   8.2219088360718728e-01	   5.5818723208164256e-01	   9.9603646230096643e-01	   9.4936999982830550e-01	   9.6364859702119243e-01	   9.8435678631239798e-01	   9.8053812056800926e-01	   7.0012454539639601e-01	   6.0601903213376507e-01	   5.8592579528803979e-01	   6.1151896192991406e-01	   1.7420380785525816e-01	   3.9391311997987660e-01	   3.6191055040932352e-01	   8.5139601333016857e-01	   6.3637255651272451e-01	   8.9811556250198599e-01	   7.4286962366580789e-01	   7.8605193071351831e-01	   7.1767515064571297e-01	   5.2471411507207477e-01	   8.2388123529013280e-01	   1.0023736016955762e+00	   9.2978879903220024e-01	   8.6616433781514668e-01	   7.4852617172001701e-01	   5.8212443500603883e-01	   6.1330666097837583e-01	   3.1933683211957137e-01	   5.2094833068930391e-01	   7.0390070633780588e-01	   8.6243647016586034e-01	   8.7185514157156230e-01	   5.1533938158331738e-01	   2.3107582725851636e-01	   1.1067094386153609e-01	   2.5634358411920771e-01	   4.5742411993296994e-01	   5.3293369132187451e-01	   6.2592637856473254e-01	   7.4185905586746204e-01	   6.7116043676920367e-01	   1.4392570567082588e-01	   2.8252547877196893e-01	   4.9964999518389153e-01	   4.3478031452686589e-01	   4.9727395478244540e-01	   2.9926856146684389e-01	   6.0810399396318293e-01	  -1.1602444508185671e-01	   1.6430300652674990e-01	   2.1768228361314529e-01	   6.3469281763714047e-01	   5.0756936113074058e-01	   5.7245357397228946e-01	   3.5645153263830459e-01	   2.0700453828048759e-01	  -5.3150826069372631e-02	
   7.5182530223391775e-01	   7.8067901544724305e-01	   8.6832654346009086e-01	   1.7518588148144594e+00	   7.3489459007608782e-01	   1.1584104838676290e+00	   1.1493818751905667e+00	   0.0000000000000000e+00	   8.8437809160079550e-01	   1.0744271180960705e+00	   6.9051849492848039e-01	   1.0331056046769271e+00	   6.6472045958070403e-01	   9.8986464640762528e-01	   8.5557335134736623e-01	   9.4529954976712416e-01	   6.1418583255920345e-01	   5.8465554285255261e-01	   8.6879838229174933e-01	   9.5575625089333072e-01	   7.8788270006187822e-01	   8.1451760793748762e-01	   7.9697802660114414e-01	   9.0008913025098258e-01	   5.6913848406509182e-01	   6.1708404788973692e-01	   4.5430804014311632e-01	   6.4592828148381887e-01	   8.2465429962803316e-01	   9.1836580730685125e-01	   1.0692278497100853e+00	   1.3287836806521924e+00	   9.1678078839248689e-01	   1.2668696370070853e+00	   4.4781180983247793e-01	   5.5155801329684351e-01	   1.7329409935128379e-01	   3.9411427183058056e-01	   3.4831197297704619e-01	   4.2343223003320501e-01	   3.5209524432805994e-01	   3.7849458858106005e-01	   2.9474971927977311e-01	   4.0935501534969054e-01	   2.3497669215392314e-01	   3.4962291403522378e-01	   4.0966997530459387e-01	   5.4511026423189124e-01	   3.9860523006097393e-01	   5.6341500083360097e-01	   5.7560003566516027e-01	   6.9964876745952842e-01	   5.5247974340126293e-01	   7.4423510375685042e-01	   3.5224037079594817e-01	   4.9180025564982999e-01	   6.4456091692107420e-01	   3.6511405714358836e-01	   5.2492830558806802e-01	   4.4555117316309611e-01	   6.3268113840726059e-01	   1.2451185109698377e+00	   6.2142122898736296e-01	   1.0718472757169368e+00	   6.3671140954223493e-01	   9.4691238435178859e-01	   4.3184434153246315e-01	   5.3271525175290202e-01	   4.7648887050815980e-01	   1.5920654528237121e-01	   4.1060084860771462e-01	   6.3945560569698212e-01	   6.4710375499995476e-01	   7.3163088794911169e-01	   6.5435235266252212e-01	   7.3074454638924102e-01	   5.4943089796051825e-01	   7.2462434381589769e-01	   6.0142657528633836e-01	   6.3254456911504175e-01	   9.6161209158602334e-01	   8.9605053333553220e-01	   6.8674700372689190e-01	   6.6196090058094681e-01	   5.2862968050544290e-01	   6.9839831015333809e-01	   2.2971818065906924e-01	   4.7235942764607608e-01	   4.7211327165118167e-01	   8.7018833583117927e-01	   6.6964952728670968e-01	   3.3280405596331486e-01	   2.1818681077244650e-01	  -1.5714263783976967e-01	   1.7787774214413088e-01	   3.4484507059664621e-01	   3.2034407088272548e-01	   4.6118936284293144e-01	   5.1925187910137161e-01	   4.6996823622240530e-01	   1.8390276124216889e-01	   1.9888031324975727e-02	   3.8664506354776118e-01	   2.0576895820899438e-01	   3.9911869537965289e-01	   3.2203446809485912e-02	   5.0111257804392662e-01	  -2.0509503414966840e-01	   2.0677089056371870e-01	   2.6917670085968692e-01	   4.5766643811421376e-01	   3.1743106636826157e-01	   4.0851690897960713e-01	   3.1767311098573658e-01	   1.9396583415657115e-01	  -5.5806067197662707e-02	
   7.8588750247805539e-01	   7.1259678939801374e-01	   9.7264921325716813e-01	   8.3523510396100975e-01	   1.1652340569341115e+00	   8.2579804784655486e-01	   9.7837096144844338e-01	   8.8437809160079550e-01	   0.0000000000000000e+00	   1.0420624593352716e+00	   6.1676451236628171e-01	   6.8938542272562919e-01	   6.3867253802996626e-01	   5.4824481978798556e-01	   1.0339940026943479e+00	   9.2890594828438167e-01	   4.4072431303698822e-01	   5.2454053216814178e-01	   8.5396379782118881e-01	   9.4740154233992291e-01	   5.3644729217375320e-01	   4.6758647097535988e-01	   5.1681064167608515e-01	   4.8051121908421035e-01	   5.5382399036697638e-01	   4.0731281090668597e-01	   4.6720793942604127e-01	   5.3222532637837250e-01	   6.7615658157511060e-01	   7.1635699045448276e-01	   5.0678332481264254e-01	   4.7807213718570396e-01	   7.6735294939056919e-01	   8.5170127276353313e-01	   3.1201174946108179e-01	   3.8412286484811586e-01	   3.2298295443057090e-01	   4.3530355113330166e-01	   5.0453931877960434e-01	   4.6808258604376851e-01	   4.0993799398496777e-01	   4.1522208173105779e-01	   3.6566591834738538e-01	   4.6382099585319769e-01	   3.0400316105078073e-01	   3.4207935663138478e-01	   5.0041377654725006e-01	   5.8353679517499479e-01	   5.4150258634825998e-01	   6.4127441850197886e-01	   6.1152878310265257e-01	   6.4951125761785966e-01	   4.8421661036301644e-01	   4.7993593185600147e-01	   5.1396289672022255e-01	   5.7428560883831414e-01	   4.9987636331678309e-01	   3.3606035980104715e-01	   7.0409487424299289e-01	   5.0474226954045864e-01	   8.2879933394526528e-01	   8.9967214510151972e-01	   6.9209103683874296e-01	   8.0368682693582982e-01	   6.3597696889828281e-01	   6.2047447417649615e-01	   4.9791815695538089e-01	   5.1081999207258311e-01	   6.9408086617403497e-01	   3.2841048323410088e-01	   2.8740476562451239e-01	   2.9221292035510155e-01	   5.8865311630769146e-01	   5.1463773620595044e-01	   5.6584697050171118e-01	   5.7645542393757709e-01	   4.6817734193647037e-01	   4.6344113024217559e-01	   3.3705024887413082e-01	   5.4687558186125618e-01	   6.8901240713819367e-01	   7.6679432208860843e-01	   6.2170448340320483e-01	   5.5920776880009659e-01	   5.7346464001947051e-01	   6.5171883745268222e-01	   2.8448941322881027e-01	   3.8098610689983348e-01	   7.1831192344903005e-01	   8.1858694347228855e-01	   6.6787844141622643e-01	   4.2087252907179673e-01	   9.0449626323702959e-02	   6.4472086144454710e-02	   1.9479369904927768e-01	   2.4042867478884067e-01	   4.3553515190663683e-01	   5.4854089629124736e-01	   6.3786717375537727e-01	   5.3595801885659689e-01	   5.7109445880508952e-02	   1.8595204206685498e-01	   4.8227053822946353e-01	   3.8298883227247882e-01	   3.4485419451101729e-01	   1.9196570417596254e-01	   5.7684417443710434e-01	   4.4632705398727213e-02	   6.8339690449672363e-02	   3.3937580496205724e-02	   5.3092931393672349e-01	   4.3740433495781783e-01	   3.9574206894490949e-01	   1.8427040986203719e-01	   4.2894518267995077e-02	  -1.2963137991138682e-01	
   6.4428985098247160e-01	   5.7218822803141400e-01	   5.7625629013106017e-01	   9.5739290582706338e-01	   8.1121229667289452e-01	   1.3035105352127163e+00	   6.6449574521805455e-01	   1.0744271180960705e+00	   1.0420624593352716e+00	   0.0000000000000000e+00	   5.2127684781586381e-01	   6.2802876696652554e-01	   5.4059484000103886e-01	   6.5322018916914704e-01	   8.1933512469735148e-01	   1.0203656463121245e+00	   5.4552413284892576e-01	   4.8642551971299136e-01	   6.6060637819537738e-01	   7.5840322252302117e-01	   6.2437860234072651e-01	   5.8148994492581196e-01	   4.9902896423125176e-01	   6.7433022615802829e-01	   5.3369758492766928e-01	   5.8784562272433727e-01	   3.8389087331620869e-01	   7.1512301978907300e-01	   5.5131940117149991e-01	   5.8114890721017642e-01	   4.9389769286721530e-01	   5.9315788693673999e-01	   6.1774508678243423e-01	   7.4316232371887836e-01	   2.9152089200449860e-01	   4.1454162813678536e-01	   2.2206856919841689e-01	   3.6227085738228526e-01	   3.3079552947789403e-01	   3.8581993835953177e-01	   3.7172960133585259e-01	   4.4330798412729588e-01	   2.2602538288768173e-01	   3.2688571204564199e-01	   2.1057596413267099e-01	   3.2298154342965379e-01	   3.3325108010927579e-01	   3.9531886818008710e-01	   3.1703834661282942e-01	   4.1266646092268205e-01	   4.2805626082619858e-01	   4.8900818508807298e-01	   3.3657774965115272e-01	   3.0055443704932522e-01	   3.1528057897492356e-01	   3.2202782806528590e-01	   4.4386327074191972e-01	   2.3859325394393133e-01	   5.4454606747502388e-01	   4.8475493357640820e-01	   5.6095715863544660e-01	   1.0038922598798650e+00	   5.3369774959554017e-01	   7.3848253514246198e-01	   4.4469837839174775e-01	   8.7286161111482508e-01	   3.8352800789324859e-01	   5.6246238716250097e-01	   5.5715316054842345e-01	   2.9057915776759174e-01	   2.2183213280116454e-01	   4.7525821245563182e-01	   4.8105494399985094e-01	   4.9197528852012240e-01	   4.3984148182504845e-01	   4.8055583972704452e-01	   3.3834186735582683e-01	   4.4826222348845829e-01	   4.4557506834132138e-01	   4.6447451577429510e-01	   7.2169787195813440e-01	   5.9175302997969048e-01	   5.7904578682971064e-01	   5.1967730369293541e-01	   4.2605639279888236e-01	   5.1963370765169326e-01	   2.5010537921460496e-01	   3.9613160623802463e-01	   4.7337135267243985e-01	   7.5925722712085342e-01	   5.6032965062228468e-01	   3.1557374247954789e-01	   1.2860055617115917e-01	  -1.0575684599881599e-01	   9.6436696453960538e-02	   1.5967858083701569e-01	   2.8525243143344037e-01	   3.8815060291529774e-01	   4.4807041855131768e-01	   3.1799339840987456e-01	   1.6575223638351669e-01	   1.8819424717665578e-02	   4.8370349708871108e-01	   2.6641634053802327e-01	   3.4879292191288502e-01	   3.5866251209670706e-02	   6.3293107281995131e-01	  -6.3115526466241467e-02	   5.4209989672383323e-02	   5.6752471975148162e-02	   4.6414264580003550e-01	   3.1056211842119064e-01	   3.0897662316376545e-01	   1.8870684069689150e-01	   1.2050044485805121e-03	  -1.6008642643325505e-01	
   1.0069528145990285e+00	   6.4966663651695589e-01	   8.4254943297115681e-01	   6.0676463873033382e-01	   6.3927906627370201e-01	   5.8252560720727431e-01	   7.4000693273435469e-01	   6.9051849492848039e-01	   6.1676451236628171e-01	   5.2127684781586381e-01	   0.0000000000000000e+00	   1.0624803673005749e+00	   1.8336397072462955e+00	   9.8398501426616736e-01	   9.9916781127822296e-01	   7.3680150975791470e-01	   7.3560947717529879e-01	   5.9766423256577017e-01	   8.8781961316266678e-01	   8.0882543330867906e-01	   6.7625031299254423e-01	   6.4322592285499591e-01	   6.6314144195758051e-01	   6.8468301315600577e-01	   4.6380640417363395e-01	   4.1129677428112743e-01	   5.5415911034449328e-01	   5.7374499092612596e-01	   9.1539398551288609e-01	   7.9419307911039538e-01	   5.9693985206663658e-01	   6.2730705188963132e-01	   7.7376408892715098e-01	   7.2008964424639021e-01	   2.6473087533963968e-01	   2.3231743499438062e-01	   4.1217538432181455e-01	   4.6033013920579346e-01	   3.9352747094822327e-01	   3.8862049316538427e-01	   3.9030724549279039e-01	   3.8359724453238581e-01	   3.0059057736429390e-01	   3.8061181549456147e-01	   2.5549931269605242e-01	   2.7818879260347540e-01	   4.0989132562992647e-01	   5.2869210250712695e-01	   3.3354028372763334e-01	   4.7566510434914999e-01	   3.3653656591994408e-01	   3.9645678519664429e-01	   4.0229967393279908e-01	   4.7501175082222835e-01	   4.8423187120034505e-01	   4.9034401504319214e-01	   6.3491943259470907e-01	   4.8482396985694876e-01	   4.6453090316477585e-01	   4.3470793567663368e-01	   6.3447519500211091e-01	   5.9191208574355592e-01	   6.3345661215306026e-01	   6.7421368376764812e-01	   5.5900703415156350e-01	   5.2122768656346796e-01	   3.6119745245818158e-01	   2.9370894448279022e-01	   6.0028814695233979e-01	   3.6330027786219565e-01	   6.8241961605614121e-01	   6.3364693328293653e-01	   8.2161301824804422e-01	   7.6625051355843687e-01	   8.6118588993445111e-01	   7.5115109156534143e-01	   7.1591894381101095e-01	   7.2356058518507060e-01	   5.5226996190104993e-01	   7.7393665667467293e-01	   8.7613635800629142e-01	   8.6899354516384220e-01	   9.0090855114021207e-01	   6.9372867219913303e-01	   9.5071662941526880e-01	   8.0273638230174982e-01	   6.7394690357854137e-01	   8.1333186722493844e-01	   7.0173093018944466e-01	   7.4630140391931687e-01	   4.0570016580972323e-01	   1.7935459055442132e-01	   3.1494942723983110e-03	  -1.0528520627933245e-01	   1.5381739409843073e-01	   2.5562985126358023e-01	   2.9453710192606669e-01	   3.6132985265789846e-01	   3.3565547952135694e-01	   3.9610124448550105e-01	  -1.9826003763618971e-01	   1.7849481443184648e-01	   2.1086398801265355e-01	   2.7442320436429801e-01	   3.1367159871409495e-01	   1.4478313296433959e-01	   2.5459203628762722e-01	  -1.2940213334348150e-01	  -1.1024976251716730e-01	   5.2494415497499086e-02	   3.2479770925578039e-01	   2.7012085374002204e-01	   3.1588272328724332e-01	   2.2760299767962855e-01	   1.2794345823307490e-01	  -9.2094717676075744e-02	
   7.5107638435626789e-01	   7.7751520243054795e-01	   6.7882918804054870e-01	   8.0242374699599450e-01	   6.1187300327582139e-01	   8.1209979383601483e-01	   7.8460149469300511e-01	   1.0331056046769271e+00	   6.8938542272562919e-01	   6.2802876696652554e-01	   1.0624803673005749e+00	   0.0000000000000000e+00	   9.4692779051003340e-01	   1.3269833033900396e+00	   9.0889569186040153e-01	   9.5172033610551154e-01	   5.7714363353875753e-01	   7.3128569340473493e-01	   7.1451052535815207e-01	   8.2499658559613787e-01	   7.6465349091469315e-01	   9.0615741219286816e-01	   5.7614762374592177e-01	   6.3059168048166658e-01	   4.6958433307034375e-01	   4.8437575204092642e-01	   4.9547696551134923e-01	   6.0516754242048831e-01	   9.0627540167722476e-01	   1.1900875916314435e+00	   8.4926184672257943e-01	   9.9962762085250023e-01	   7.7214136916589426e-01	   8.5892013442804671e-01	   2.1372069962323248e-01	   2.5987678912321011e-01	   2.0576048496448063e-01	   4.6324597398998590e-01	   2.8423252186235859e-01	   4.1492321934670284e-01	   2.6681701508242667e-01	   5.0036565506123742e-01	   2.8641783055870956e-01	   3.8282640746088847e-01	   1.3841994962703835e-01	   2.2490133289460829e-01	   3.9829355864761751e-01	   5.0635186119758857e-01	   3.4888141303136533e-01	   5.4655617872820317e-01	   4.3317248049630186e-01	   6.0374050259115186e-01	   5.5818763286150885e-01	   6.6611138061442632e-01	   4.1948282942068776e-01	   5.7651032815489001e-01	   6.1369125202154517e-01	   5.0383474810783657e-01	   4.4988253854219051e-01	   4.3702341929188587e-01	   5.3177487834511772e-01	   7.5266324571679710e-01	   6.4069121351724134e-01	   1.0636458010228318e+00	   3.8354838017149551e-01	   5.0792126254939951e-01	   3.4155898042558214e-01	   3.2577902479707060e-01	   3.5926143810778538e-01	   1.3768491518104239e-01	   5.9452659368401517e-01	   6.8403244518806228e-01	   7.6904331790277902e-01	   1.0240933045034741e+00	   7.2576063310568917e-01	   9.6918738354490996e-01	   5.4534590956781581e-01	   7.1262203553744985e-01	   6.0350159758981892e-01	   7.8438048287968876e-01	   9.4857961845602146e-01	   1.2050788581147274e+00	   7.1060192428830460e-01	   7.6645544780248431e-01	   7.0244323302893674e-01	   8.8733293351226905e-01	   4.1031621603501423e-01	   6.4667596701558638e-01	   5.0838280602006303e-01	   8.2291967161645829e-01	   4.0345873088292478e-01	   1.1921162765298844e-01	  -2.0006886779420457e-02	  -3.0779750777856241e-01	   1.3965320132047293e-01	   2.7559957639198185e-01	   2.4783583431539788e-01	   3.8196140812881224e-01	   3.8171643862775162e-01	   4.3677013936387077e-01	  -2.9485723375657157e-02	  -6.3306659550698315e-03	   2.7950420484525107e-01	   1.5135904473720335e-01	   2.7011083655833013e-01	  -8.2154066987789216e-03	   2.5442998650239979e-01	  -1.6374730170600021e-01	   3.7965333026542029e-02	   1.6660925626472384e-01	   2.4510660991637778e-01	   1.9467379779557470e-01	   2.5523244888769769e-01	   2.4970392238053982e-01	   1.6361958693696771e-01	  -8.4033955858985460e-02	
   1.0475745925942981e+00	   6.5400262549974475e-01	   8.8529239716358954e-01	   5.9331849255741387e-01	   7.0822815864393029e-01	   5.6033425833512696e-01	   7.6485321555676056e-01	   6.6472045958070403e-01	   6.3867253802996626e-01	   5.4059484000103886e-01	   1.8336397072462955e+00	   9.4692779051003340e-01	   0.0000000000000000e+00	   1.0188753276628859e+00	   1.1360059713147477e+00	   7.4967256429322404e-01	   6.5965251248483636e-01	   5.4584534142206298e-01	   8.9799519395361282e-01	   8.0233966044788207e-01	   6.9207566208979132e-01	   5.4568994914353675e-01	   7.1402533936042711e-01	   6.8648742406914531e-01	   5.3853663655454054e-01	   4.6462987665001299e-01	   6.3663896980473622e-01	   5.9589390730917335e-01	   8.6854367173846292e-01	   7.2788211903329414e-01	   5.3920944346271560e-01	   5.4628767944603374e-01	   7.7591981684374334e-01	   7.1947615699834433e-01	   3.8500326411254349e-01	   3.6544163733620205e-01	   4.9906816351525990e-01	   4.9190653848681021e-01	   4.4818712101572961e-01	   4.0876789642488393e-01	   4.9522793978398216e-01	   4.0942685154817093e-01	   3.0243513259475069e-01	   3.7227861909665450e-01	   3.5932835862359030e-01	   3.8490862381656288e-01	   4.0520961447052412e-01	   5.2532097358009122e-01	   4.2805590106956426e-01	   4.9979118170562065e-01	   3.7828334787701490e-01	   3.9713242826599326e-01	   3.8889825434307346e-01	   4.1049481458947940e-01	   5.8821177908401334e-01	   4.8081233553628522e-01	   5.8069805744081926e-01	   3.9831206362259314e-01	   5.2316251372309974e-01	   4.8035991988831073e-01	   6.9158098202332585e-01	   6.1490182280811423e-01	   6.1017693039757814e-01	   5.9310464313675704e-01	   6.2530546166067758e-01	   5.5905865374475294e-01	   4.5006402988508198e-01	   3.8765013924773062e-01	   7.1829036971175853e-01	   4.5584827807995343e-01	   6.0893569772431733e-01	   4.9826020593618370e-01	   7.5410671058218437e-01	   6.4348977266696461e-01	   7.8182652199483194e-01	   6.5819181158007189e-01	   7.4403466549663211e-01	   6.9490551571075909e-01	   5.1765906877490764e-01	   7.0070432488998091e-01	   8.7984873391158924e-01	   8.6646889904951885e-01	   9.7336803792341231e-01	   7.5815462696453950e-01	   1.0813459637768017e+00	   8.7766317125654125e-01	   7.2010252500188410e-01	   7.7834778323935039e-01	   9.1702675531117350e-01	   8.0263676025614727e-01	   4.5021455116595743e-01	   2.5028946548232556e-01	  -1.7492825894165922e-02	  -2.9633453395377082e-02	   2.0044891294000244e-01	   2.3351733647452830e-01	   3.0825848935842937e-01	   3.7247034122500483e-01	   3.4181336631203019e-01	   3.8965978420176434e-01	  -1.7045725981448875e-01	   2.1809219783986786e-01	   2.7089426623578128e-01	   3.0489887023768975e-01	   3.1203879115435351e-01	   1.6781303600006267e-01	   3.4929657712039641e-01	  -8.6800936203257517e-02	  -9.4483825255293752e-02	   4.6426683011396089e-02	   4.0512650698038877e-01	   2.4615869024107012e-01	   2.9257213555231071e-01	   1.8436114395037353e-01	   9.2175696951920350e-02	  -1.5448563296271389e-01	
