   0.0000000000000000e+00	   1.2102288613866845e+00	   7.3081485555202352e-01	   5.1392168570983365e-01	   5.6005978397298350e-01	   5.1035276117406725e-01	   5.5044660289026193e-01	   2.5835109851209698e-01	   6.7490442914880866e-01	   3.1008059116905373e-01	   9.0238255260264211e-01	   4.6818473431278529e-01	   4.3779174734688953e-01	   4.2714009853505247e-01	   6.6479592715203850e-01	   5.2700094249266805e-01	   9.9614308037440435e-01	   1.0412333973349299e+00	   8.2611039633515160e-01	   4.2329479864295327e-01	   5.0839439368935335e-01	   5.3345947534096505e-01	   5.1367846659869876e-01	   4.6270888488007650e-01	   7.2921340994300676e-01	   7.1075890075778125e-01	   7.7544337209636693e-01	   7.0707172943326091e-01	   6.0914945629535378e-01	   6.1826275058037650e-01	   5.0186245005980767e-01	   4.6156279568798436e-01	   6.8823902821458027e-01	   6.7814522686836642e-01	   4.9921154829259873e-01	   5.9514353280376731e-01	   7.6306982615981078e-01	   5.5966279401864583e-01	   7.1757729580505103e-01	   6.5173575020189811e-01	   8.1498137019933359e-01	   2.4625626310357757e-01	   3.4654778237154832e-01	   5.0683666036240327e-01	   4.3408675310059319e-01	   3.3089614302974396e-01	   5.2630264406482141e-01	   4.5112335425828365e-01	   2.8117786054021421e-01	   3.6254588165152152e-01	   6.4345636490298252e-01	   2.6895716863500235e-01	   3.8911892172149720e-01	   3.8074641201754506e-01	   7.0840214794043199e-01	   6.2938754967241439e-01	   1.4223874947348829e+00	   1.1830315047987956e+00	   5.3945713602982592e-01	   2.4900054322655257e-01	   7.9423909883824073e-01	   2.2786401331730569e-01	   7.9074373317899349e-01	   3.3367133129389193e-01	   5.5699342108562389e-01	   4.9398750027728466e-01	   6.0441578030253451e-01	   5.3932873357375533e-01	   2.6076762223238370e-01	   2.0388409444171302e-01	   5.4567991739812394e-01	   5.0582948995996735e-01	   7.6735858468034857e-01	   7.5458398264158844e-01	   8.4809264178145016e-01	   7.6451965842688996e-01	   8.7407501924932829e-01	   7.7446729576273232e-01	   5.1072698439735853e-01	   8.4983750279949488e-01	   8.1325250016022288e-01	   7.7393211292126740e-01	   7.1429398046573800e-01	   6.3150912245106183e-01	   7.7894668317553462e-01	   6.3962370845098804e-01	   3.5654161483069458e-01	   3.8967127944591057e-01	   6.1575027523982873e-01	   5.1970803117603404e-01	   3.3832777825867605e-01	   3.7137337282027766e-01	   1.6219173835808628e-01	   3.6380163040119312e-01	   4.8919306269249041e-01	   4.0989985752954067e-01	   9.3745477357373441e-01	   8.4863876309902941e-01	   5.4182451209485782e-01	   9.4391406188915594e-01	   1.9016895399848646e-01	   3.7440601581983657e-01	   3.9027229899458127e-01	   5.7869374480236857e-01	   3.5009908793125544e-01	   4.4802180857739532e-01	   1.5142542404364656e-01	   5.8899922911344056e-02	   6.2045003699554302e-01	   5.1172644474672646e-01	   6.4514913874300428e-01	   7.3064135325175616e-01	   4.8630490314737906e-01	   7.0254513295080712e-01	   6.9638193339724253e-01	   1.1423235619830358e-02	
   1.2102288613866845e+00	   0.0000000000000000e+00	   4.8431049624015732e-01	   5.5298035909804044e-01	   3.6752304876939423e-01	   4.1575470747248550e-01	   3.8448473043413361e-01	   3.3584796770814279e-01	   4.6356740957762932e-01	   2.7003954072343389e-01	   7.2476899067609923e-01	   5.7486530245307477e-01	   2.8253242673208390e-01	   4.5756106895126425e-01	   4.3538844234850943e-01	   4.1473088053837004e-01	   8.9953721716292423e-01	   1.1086741054466813e+00	   6.6756945411563806e-01	   5.0967514396672109e-01	   2.8838305538399889e-01	   3.3900133069949495e-01	   3.0376025954390867e-01	   3.7937808718808108e-01	   5.1974566290143276e-01	   5.5867884732109208e-01	   5.3282981187059519e-01	   5.5053797578020169e-01	   3.8768079188623472e-01	   4.5948895129366352e-01	   3.7451141578095415e-01	   3.7585050623757449e-01	   5.4375377589373253e-01	   5.7822013979685871e-01	   3.9533195257269976e-01	   5.4360753453970112e-01	   4.3714207926580384e-01	   3.5024021824623197e-01	   4.8557461790304857e-01	   4.5372487782631510e-01	   5.0193969841972119e-01	   1.1344062544460362e-01	   3.0357929917722648e-01	   2.9806627170367528e-01	   2.8130626613690607e-01	   2.2804647636212250e-01	   4.1365244156583425e-01	   2.8113549819313211e-01	   2.0984719726110976e-01	   2.9469692592870406e-01	   5.7525008114213205e-01	   2.5783931428841433e-01	   3.4742654017594427e-01	   3.1657440020348687e-01	   6.3091535140119270e-01	   4.9567880582089352e-01	   1.2737738677584656e+00	   1.1327940662718488e+00	   4.0459147407559237e-01	   2.4834670372071574e-01	   5.9664024517261471e-01	   3.0020745817013994e-01	   6.3298028380660831e-01	   3.1370351581990441e-01	   3.8705948331370732e-01	   5.2403756186808104e-01	   4.6090180739321812e-01	   4.7776460717885005e-01	   3.4579571813680610e-01	   2.9648619789576508e-01	   3.1904298703925782e-01	   3.0657623366794995e-01	   4.4455893262184948e-01	   5.1314771685987470e-01	   5.4341571622524631e-01	   5.5507540416647105e-01	   6.3302943185136706e-01	   7.4604281300367770e-01	   5.6377313040742605e-01	   7.0660442319118055e-01	   7.8405611221520488e-01	   7.8337284361455406e-01	   5.3553453778760118e-01	   5.3441333639560762e-01	   5.9358376281212466e-01	   6.1262293070697571e-01	   1.9194087697969611e-01	   3.0598681567294628e-01	   4.8249279770819248e-01	   4.1998345130293069e-01	   4.1838320658094108e-01	   3.2590033018191128e-01	   2.3418846192368181e-01	   2.9786902148642169e-01	   3.8826275893967899e-01	   3.8774921543319563e-01	   7.6325705071724448e-01	   5.7548251445257470e-01	   6.8034446581757990e-01	   8.3730828093041620e-01	   2.5156166081801817e-01	   4.0647075183444581e-01	   4.7875860471731613e-01	   6.7443447886026253e-01	   2.7077340151877527e-01	   2.8685820758707442e-01	   1.7720527220638388e-01	   6.4271073173304508e-02	   4.2383831479401701e-01	   4.5725778209657603e-01	   5.4123132683239938e-01	   6.2961524529653778e-01	   4.4738156920013999e-01	   6.9604710478484522e-01	   4.8349383137829449e-01	  -3.6008537534492874e-02	
   7.3081485555202352e-01	   4.8431049624015732e-01	   0.0000000000000000e+00	   8.4709276104172049e-01	   1.3167647283236041e+00	   7.9298328459636613e-01	   1.3024955310083850e+00	   5.2304648332892401e-01	   1.2220428610378489e+00	   4.7201679199598312e-01	   5.4914668980242554e-01	   2.9534014019144927e-01	   6.3706566794844299e-01	   5.8764599725790867e-01	   1.2917762929269518e+00	   9.7699668196196066e-01	   3.3496736696044821e-01	   4.3965138074368620e-01	   5.2278169366658234e-01	   3.1442394524712272e-02	   8.3403982121914289e-01	   7.8571893093088296e-01	   1.3824770899182779e+00	   1.1742883366318109e+00	   1.1605870995312504e+00	   1.0822426860318373e+00	   1.0846674126654663e+00	   9.0505735084733641e-01	   4.1873650839749432e-01	   5.3207060016346519e-01	   8.5190215178451578e-01	   7.6206845791904654e-01	   6.4602541697103411e-01	   5.7609481162192311e-01	   7.5647691930570660e-01	   6.4559134901680071e-01	   7.7452510948176834e-01	   6.3168167445655055e-01	   6.6918977569715710e-01	   7.4501760446890064e-01	   8.9024659892469882e-01	   1.8343720564582272e-01	   3.9603988720736155e-01	   4.7028833994091507e-01	   2.6565768551006363e-01	   2.0705804066556144e-01	   4.7114173505987883e-01	   5.0669736364490103e-01	   2.7143676931237531e-01	   3.1038169840153285e-01	   7.0128602330275680e-01	   3.0209291045955866e-01	   3.8887837794816732e-01	   5.2619488022925220e-01	   4.8951650004790020e-01	   6.1479645914093017e-01	   3.6996389611615105e-01	   3.8344587196537167e-01	   6.8013353837967938e-01	   2.3145356402122041e-01	   6.9316369648562814e-01	   3.6002917223857900e-01	   4.0208922041917089e-01	   1.8472942534603465e-01	   1.2265364920101114e+00	   6.6218933405129476e-01	   9.8840900370429097e-01	   6.9925533890782221e-01	   4.1971181042720562e-01	   2.6368753724605259e-01	   7.7693097429290192e-01	   7.1119383245718482e-01	   6.7789967711348442e-01	   6.3177923472417130e-01	   7.0168872808998206e-01	   5.9414396646278367e-01	   7.5395430194328650e-01	   6.1627898063376407e-01	   2.5113506081502801e-01	   4.6949416571960434e-01	   5.6810622375073760e-01	   9.8297486098039333e-01	   9.3487245290341625e-01	   7.4589549100527508e-01	   1.1218714941221859e+00	   9.3457632771490784e-01	   7.0496185007024048e-01	   7.5037240264297422e-01	   7.2578288648406131e-01	   6.2185124602802933e-01	   4.5937982268529720e-01	   6.4458928451208353e-01	   2.8484061449129450e-01	   7.8592131929899389e-01	   4.5793995032739809e-01	   2.9393209836176842e-01	   4.9435141265855587e-01	   4.5805116134791124e-01	   2.0659188645910495e-01	   5.1226757395695099e-01	   8.2250368765725015e-02	   5.5205216518700906e-01	   1.8386337713677978e-01	   3.7330289361320240e-01	   2.8167304540638538e-01	   5.6657500391869486e-01	  -5.2776814122898856e-02	   6.5190487118238161e-02	   4.4490888534107453e-01	   3.5468573856279956e-01	   3.4200520605513973e-01	   3.6354656180595418e-01	   4.0755313356561518e-01	   4.5883641029686290e-01	   6.8901664354247971e-01	  -1.6314265655552964e-02	
   5.1392168570983365e-01	   5.5298035909804044e-01	   8.4709276104172049e-01	   0.0000000000000000e+00	   7.5934144556127503e-01	   1.1031259609011574e+00	   1.0545793783986548e+00	   1.3414806655673959e+00	   7.3057141090687305e-01	   8.7306892560314853e-01	   4.9587139805701930e-01	   7.5582502369171745e-01	   4.6782443663052087e-01	   1.0008676765676354e+00	   5.8819891218360310e-01	   1.3421962532074840e+00	   3.4910989436194856e-01	   3.2630512270195416e-01	   3.5933600152768364e-01	   5.1255001204610171e-02	   5.1983206428349682e-01	   6.0767866030834061e-01	   6.5138992574048993e-01	   1.2597417200451895e+00	   6.4601728110816259e-01	   9.5031634775585505e-01	   5.9956991814756411e-01	   6.8565009706254687e-01	   3.1347413952341419e-01	   5.5487844674616182e-01	   6.6901941642926843e-01	   7.9032005337899947e-01	   5.2109003993572789e-01	   5.8626301293607541e-01	   4.0560877344576773e-01	   5.4959790905402528e-01	   4.0075797081882014e-01	   4.5649187482871306e-01	   4.3052952559029695e-01	   5.4940887652481796e-01	   6.5551360630643940e-01	  -4.1725001687684879e-03	   2.6823884382597996e-01	   3.6119393016098073e-01	   1.3336970371978907e-01	   1.4298340965308731e-01	   4.2941180088484504e-01	   4.2821839146371909e-01	   3.7851860469418536e-01	   3.7408706137981895e-01	   7.4065063817047228e-01	   4.6132680705414936e-01	   5.6215272204399080e-01	   5.6512008476940623e-01	   5.0570702139752932e-01	   4.9238821351616735e-01	   3.4062875994838965e-01	   3.0926992264229303e-01	   6.3702476307741274e-01	   4.9673524528367818e-01	   6.4078936989662671e-01	   9.9606644213078865e-01	   4.3162309926915593e-01	   4.3766278438796025e-01	   6.1334521013801302e-01	   1.2788163611872352e+00	   5.3380374167816869e-01	   5.9072372252115524e-01	   2.5530062140796039e-01	   2.2737668453707383e-01	   6.5892982322487192e-01	   6.0594227397567169e-01	   5.5429979189018552e-01	   6.4274697324772045e-01	   5.2768284187316583e-01	   6.0341302184886825e-01	   5.1966709187998195e-01	   7.9929948138736684e-01	   3.9578319411783192e-01	   3.1911735808868735e-01	   7.4857049328338721e-01	   9.3898618932236910e-01	   4.9224722368907725e-01	   6.0099453533934677e-01	   5.5417239123799278e-01	   9.8706590904061176e-01	   2.3120443950254851e-01	   5.1640112857799636e-01	   4.8932547136385740e-01	   4.3803212282308679e-01	   7.1076602734037042e-01	   3.1284801519327754e-01	   6.5500529181412437e-01	   3.1389692933387203e-01	   2.9441174075226090e-01	   4.4678202480315032e-01	   3.4133524553860889e-01	   4.2793622045752178e-01	   4.0702618569195825e-01	   4.0832265137421303e-01	   3.5206182511507411e-01	   4.2273988940755047e-01	   2.2929948316257734e-01	   3.4100580729788804e-01	   5.5171042102326628e-01	   2.2587615156711177e-01	   1.3952611915681445e-01	   8.0262674166757357e-03	   4.5843912137791087e-01	   3.5738540748960745e-01	   2.4229368368300674e-01	   2.5309939633293066e-01	   4.6514594960958600e-01	   4.0524331269127933e-01	   4.5009803511002772e-01	   1.3492999193812255e-01	
   5.6005978397298350e-01	   3.6752304876939423e-01	   1.3167647283236041e+00	   7.5934144556127503e-01	   0.0000000000000000e+00	   9.3241899710579323e-01	   9.6579489984866884e-01	   5.1337575780107358e-01	   1.5859428963038640e+00	   6.8872784851898161e-01	   3.7451240587890089e-01	   3.0140352361146078e-01	   5.5337110183915461e-01	   5.6815365338730961e-01	   1.1840407727916586e+00	   8.9226376262956852e-01	   2.0939180838296489e-01	   3.0996971287966374e-01	   2.2255834553349332e-01	  -1.4025616518693435e-01	   7.8608870577307166e-01	   7.8960692959348733e-01	   1.2860449352039489e+00	   1.0649785256281241e+00	   1.2332160156975855e+00	   1.1458428859075429e+00	   1.0908968614428889e+00	   9.2086686686652619e-01	   3.3530203253015417e-01	   5.2374487202297604e-01	   9.1263590280358642e-01	   8.3240141383033239e-01	   3.7645172857855680e-01	   4.0948646300791192e-01	   7.1203603297232820e-01	   6.0990126389792598e-01	   7.9984579685274892e-01	   6.8114552328385503e-01	   6.0437395603227650e-01	   6.6951892430108428e-01	   8.5548872202024284e-01	   2.2757531542782294e-01	   4.0257458749472802e-01	   4.5716087579147846e-01	   2.3805738663468451e-01	   1.8993528144701396e-01	   4.2184500591121127e-01	   5.2744010221286342e-01	   2.1854502230994538e-01	   2.3663191913590642e-01	   6.2023206666564556e-01	   2.7576611234401099e-01	   3.4311260945242639e-01	   5.5342882285887773e-01	   4.1403849375073176e-01	   5.6901748285719767e-01	   2.0839603976137178e-01	   2.0595894340401560e-01	   5.2081150009707367e-01	   2.1163722599039031e-01	   4.5207683214409783e-01	   3.5429546010004115e-01	   1.7215183725792377e-01	   6.0882672632919368e-02	   1.0143706747515566e+00	   7.3173110370111105e-01	   8.0655534038904397e-01	   6.6318186647665989e-01	   2.5734996791555820e-01	   1.4864702580322972e-01	   7.2253026576347135e-01	   6.9535301281200912e-01	   5.9934377397395822e-01	   6.0856354951692659e-01	   6.4663838533390106e-01	   5.3807331321047547e-01	   6.3849555133082614e-01	   6.1644978827888064e-01	   2.0688750083339591e-01	   3.8459222421113376e-01	   4.2546206528923691e-01	   7.4057367499469673e-01	   8.9155586070250081e-01	   6.7424541972858787e-01	   9.1449812437705535e-01	   7.3375924974982665e-01	   6.7134331685497028e-01	   6.7142025639486702e-01	   5.5170163636489167e-01	   4.5979117375296447e-01	   3.7393083092328688e-01	   4.3528883620215764e-01	   2.5055218686876929e-01	   6.0122255224688648e-01	   3.6602525884812032e-01	   2.8624088092645583e-01	   4.1565435244961435e-01	   3.9798593277909289e-01	   9.0235411444298849e-02	   3.8967659555840450e-01	  -1.7075589783594886e-02	   3.7646514673648479e-01	   9.6349364462718357e-03	   2.3685849114165022e-01	   3.4555306392233925e-01	   5.6980270383455689e-01	  -7.8194070529326448e-02	  -5.8007599262418906e-02	   3.5712381437737389e-01	   2.8959758340661079e-01	   3.4480297932966031e-01	   2.2737253537919005e-01	   3.2918408079365524e-01	   3.5226969661372942e-01	   6.9200128131605820e-01	   5.5504744828532182e-02	
   5.1035276117406725e-01	   4.1575470747248550e-01	   7.9298328459636613e-01	   1.1031259609011574e+00	   9.3241899710579323e-01	   0.0000000000000000e+00	   8.2727954845932672e-01	   8.8632617636180955e-01	   9.1405800476272936e-01	   1.3304378801856240e+00	   4.4815041494526758e-01	   5.8804190583798821e-01	   4.3319379667319236e-01	   7.1090986959588653e-01	   6.4369597396784983e-01	   1.0642504237516786e+00	   3.4304392976940601e-01	   3.4280415379657031e-01	   2.0667112229484194e-01	  -9.3843964661287332e-02	   5.8352179955086758e-01	   5.9501928576697538e-01	   6.7936371415289909e-01	   9.0168526159436724e-01	   6.6860855685443277e-01	   9.5478775942293004e-01	   7.5250270442122758e-01	   8.0335477502165209e-01	   1.6645934224895639e-01	   3.5847676402645023e-01	   5.1136390247804109e-01	   5.4619860524584740e-01	   2.4830583787943425e-01	   2.9843312218278684e-01	   4.6120002543784655e-01	   5.6841350188800643e-01	   4.3068570272415796e-01	   4.4329043726989670e-01	   4.0531385547231585e-01	   5.0453909880755465e-01	   6.1223689756708655e-01	   1.5476218344738757e-01	   3.5678701743392954e-01	   4.1208716328683420e-01	   1.4202725938694383e-01	   1.5218203698076410e-01	   4.3422279739078395e-01	   4.4830405174047333e-01	   3.0173434430507640e-01	   3.8152975147611268e-01	   7.1344632008509079e-01	   4.2924514499265465e-01	   4.5926475919182130e-01	   5.8637117957672968e-01	   4.3307880282177247e-01	   4.4306057463981996e-01	   3.1082343654850442e-01	   1.9818822335645622e-01	   4.8580237808678406e-01	   4.5608349556415378e-01	   4.0608540808030613e-01	   7.4280221643315480e-01	   2.0694529855950466e-01	   8.8854108100821824e-02	   6.4296223528099616e-01	   1.2577959601782740e+00	   4.5934864415455656e-01	   4.8110579722054048e-01	   2.6656569268706937e-01	   2.3088694408286392e-01	   4.9870020533109105e-01	   4.9209201041242800e-01	   4.0883527361045879e-01	   4.6288753768318125e-01	   4.0036241670795114e-01	   4.1894347623800343e-01	   3.6208971156690800e-01	   5.4138508595179136e-01	   3.1872232603516620e-01	   2.6539053471148055e-01	   5.4421251434731099e-01	   6.3045545773335798e-01	   5.3369919977475311e-01	   5.0248661004287054e-01	   5.6072463893467883e-01	   8.1502276535836049e-01	   3.3326774417227756e-01	   5.4449179498429356e-01	   3.5230471770488303e-01	   4.5706707190801515e-01	   5.4443826684238605e-01	   2.1488647417111828e-01	   6.1402045121660609e-01	   2.8866531569586501e-01	   1.5340095273434556e-01	   3.4082682790928981e-01	   2.4246639275356932e-01	   3.9566099879473088e-01	   2.3898279300573122e-01	   3.3683875038399574e-01	   2.2309178861413789e-01	   2.5632304297139036e-01	   7.8609738341100827e-02	   2.0518624310780317e-01	   4.7640839389944367e-01	   2.8889609679689809e-01	   4.9758016177841639e-02	  -3.1351219019266113e-03	   4.2000710539419328e-01	   1.7639425933588834e-01	   3.1994244816588996e-01	   2.0243079953661805e-01	   2.7699729031953535e-01	   2.9435776388508789e-01	   4.8454375078208922e-01	   1.2833537468128445e-01	
   5.5044660289026193e-01	   3.8448473043413361e-01	   1.3024955310083850e+00	   1.0545793783986548e+00	   9.6579489984866884e-01	   8.2727954845932672e-01	   0.0000000000000000e+00	   8.5071643153180110e-01	   9.9379200059047135e-01	   6.7542102435788332e-01	   7.6602086981379491e-01	   5.8320693332862006e-01	   9.8812172898116335e-01	   9.7513154347017095e-01	   1.0334228283293880e+00	   1.2966702438319133e+00	   3.6761683489891855e-01	   3.8448165350867780e-01	   4.4736890658039996e-01	   5.3304009334403955e-02	   7.7899668615373130e-01	   8.2465707105157771e-01	   9.2229980031843184e-01	   1.0904334447464317e+00	   6.7395448484410991e-01	   8.0389874791727789e-01	   6.9704139868872561e-01	   7.1733459877978323e-01	   6.1998643712464685e-01	   6.7326805171310988e-01	   8.2816314695273918e-01	   8.3016104237973432e-01	   6.0364405247993647e-01	   6.3743421215049856e-01	   4.3104800433203211e-01	   4.8800411948802352e-01	   5.2833918366358723e-01	   4.5000487493388630e-01	   5.9232724704345396e-01	   6.0015708236699727e-01	   7.9201285533536891e-01	   7.2594735013922482e-02	   2.2484780534791210e-01	   3.7528120013614269e-01	   1.5131122553265658e-01	   1.6057670016658282e-01	   4.4310451560875463e-01	   4.7872500713906835e-01	   3.6733789472903133e-01	   3.4996352786385582e-01	   6.9576546662454908e-01	   3.9167245102939419e-01	   5.0610553007420100e-01	   4.7845444181265978e-01	   5.5811608812383318e-01	   5.8997287264060072e-01	   3.0102320588972242e-01	   2.5969052059097003e-01	   7.3855432113943398e-01	   3.7656961797233524e-01	   8.3351282390675752e-01	   6.6511387745758088e-01	   4.0305536374860323e-01	   3.8003821221375955e-01	   9.1674939137647571e-01	   7.8393681239181690e-01	   5.8477296270343426e-01	   4.8090149407620991e-01	   3.5396868311027802e-01	   2.2521210214400633e-01	   9.5699037943245469e-01	   7.4768282710215017e-01	   7.1069543372646082e-01	   7.2149322400623539e-01	   6.9442676570322837e-01	   7.1546589503316682e-01	   6.7157741805642224e-01	   7.2218271528706435e-01	   3.4875326650029814e-01	   3.8577797338653363e-01	   6.5642094200470902e-01	   8.9940954687655472e-01	   5.6808783483409897e-01	   5.6990047206168715e-01	   7.1465505346495473e-01	   9.6575479920511953e-01	   3.1183659307130651e-01	   4.4951504042133283e-01	   6.5115132063442016e-01	   5.0450967241270905e-01	   4.9278851462514739e-01	   4.8880988527845742e-01	   3.3219849714714939e-01	   5.0941904044115205e-01	   4.4717982447539517e-01	   3.7749501959475007e-01	   4.1344441273057231e-01	   4.8601250182443545e-01	   2.9228728575602936e-01	   4.1103060004468667e-01	   1.6994243231709655e-01	   5.3642215074718669e-01	   1.2299634897557750e-01	   3.0761888874968818e-01	   3.2965533823336918e-01	   3.2603142754664977e-01	  -3.1981164203919880e-02	   3.0922408762647817e-03	   4.9810513291983061e-01	   3.8043846288036121e-01	   2.3508503315676424e-01	   2.9903373138053424e-01	   4.1286825768624225e-01	   3.2258845248643880e-01	   4.4256876963999431e-01	   3.7369779435135413e-02	
   2.5835109851209698e-01	   3.3584796770814279e-01	   5.2304648332892401e-01	   1.3414806655673959e+00	   5.1337575780107358e-01	   8.8632617636180955e-01	   8.5071643153180110e-01	   0.0000000000000000e+00	   5.4261678142191960e-01	   8.3938587665899256e-01	   4.8511447959455345e-01	   8.9943360948098983e-01	   4.2387832519072810e-01	   1.1752202036921020e+00	   3.9782704584219936e-01	   9.9623167192251738e-01	   2.0420175944930047e-01	   1.1944715491076413e-01	   2.2371029551373423e-01	   4.5885974198610131e-02	   3.1199204236798150e-01	   3.8566435764739021e-01	   3.2501988242853441e-01	   7.7676955550523874e-01	   3.1394450166371013e-01	   5.2270267405799831e-01	   2.9455998694406493e-01	   3.1944649595427399e-01	   1.3474000878401479e-01	   3.6802937835395205e-01	   3.3839618509265457e-01	   4.6841283004031320e-01	   3.3331443404447142e-01	   3.9110165733961233e-01	   1.6237498503114459e-01	   3.4525473502832671e-01	   1.2970043239331505e-01	   1.9430940972417637e-01	   1.9469276248066564e-01	   3.2738917094382680e-01	   4.0037903477100889e-01	  -6.9339243245230303e-02	   1.4419493732169258e-01	   2.3339406943733185e-01	   4.4729636679752882e-02	   8.0487145561914761e-02	   3.0699052319506831e-01	   3.5995292922262317e-01	   4.7297973598617427e-01	   4.6137632546875507e-01	   6.9468054129652479e-01	   7.0347383168101962e-01	   6.5297069834385146e-01	   6.1467062491118218e-01	   4.3587773146777187e-01	   3.8296631165228406e-01	   1.7828993538959059e-01	   1.4196676867422134e-01	   6.8700923965228056e-01	   7.6182897222236434e-01	   5.8522103208007969e-01	   1.4862377709732262e+00	   3.4124756044295051e-01	   4.7005822922296953e-01	   3.9756279563941094e-01	   1.2638608715572952e+00	   3.7092305124460950e-01	   4.0662262443744673e-01	   3.9233440727267782e-01	   4.3308074843265548e-01	   4.9740182830450674e-01	   4.6382424384847731e-01	   3.4251804221698295e-01	   3.8946233682162623e-01	   2.7410348293221964e-01	   4.3713073215258186e-01	   3.6212814165113660e-01	   6.4413395734477163e-01	   2.9535961003155770e-01	   6.6186657994295794e-02	   6.2181068388521754e-01	   7.0625364258601275e-01	   2.4962330618403472e-01	   4.1082111710831049e-01	   3.1773485192218975e-01	   9.3911446897561257e-01	   5.1271161570829907e-02	   3.2546174632840036e-01	   4.7138144815183580e-01	   4.2883441731615318e-01	   9.7363611170320108e-01	   3.5426721681341994e-01	   9.3906693472723402e-01	   2.2838983578572897e-01	   1.7420845101779231e-01	   5.3652095255033450e-01	   2.1529476460667749e-01	   2.8907790043878051e-01	   4.8551776216548137e-01	   3.4092373682388549e-01	   6.4538986137811138e-01	   4.4758551734933649e-01	   3.1471912354553000e-01	   3.7011805544202359e-01	   6.3678593160711250e-01	   1.1682561589938445e-01	   2.8947466018482659e-01	   1.9799598492990109e-01	   3.6328221856395110e-01	   2.6032295109061593e-01	   2.7641639201757690e-01	   2.4037494376298013e-01	   5.8844213529569600e-01	   3.5088500505169551e-01	   2.3403229039600482e-01	   1.1497259989594248e-01	
   6.7490442914880866e-01	   4.6356740957762932e-01	   1.2220428610378489e+00	   7.3057141090687305e-01	   1.5859428963038640e+00	   9.1405800476272936e-01	   9.9379200059047135e-01	   5.4261678142191960e-01	   0.0000000000000000e+00	   6.8138623434842849e-01	   5.6003279959840413e-01	   4.3106502947552405e-01	   7.1166847598928129e-01	   6.4424716482959188e-01	   1.3447398712032268e+00	   8.5268231218291368e-01	   3.7016875929826432e-01	   4.4440343126762483e-01	   3.7931607091438158e-01	  -2.9672866806645652e-02	   6.2445871154011123e-01	   6.2680455489966524e-01	   9.5425551644120621e-01	   8.1315704414988244e-01	   9.0510783126993577e-01	   8.6735724134799153e-01	   8.7689638045925411e-01	   7.0907959700742595e-01	   4.3530878321577787e-01	   6.0692013452772209e-01	   6.5427903805651566e-01	   6.0706128423107675e-01	   3.7933663154874186e-01	   4.0463845703841489e-01	   5.4574534804616459e-01	   4.5874624774965483e-01	   6.6839492298027081e-01	   5.0552464745694936e-01	   5.3483596751910789e-01	   5.4931620797122072e-01	   8.5371772255123535e-01	   1.2651473272832645e-01	   2.9873948768304776e-01	   4.1666917040015788e-01	   1.5010475796954384e-01	   1.3466006242399270e-01	   3.9845199054146896e-01	   4.9849233874757559e-01	   2.3136995333619126e-01	   2.9498773755982149e-01	   6.7803210748400489e-01	   3.5924383585926273e-01	   4.5725691046552996e-01	   6.2366063361558965e-01	   5.0337532487250380e-01	   5.8103852531857803e-01	   3.3489442549615800e-01	   3.1857752998445044e-01	   6.5590670124967621e-01	   3.5978235958155053e-01	   6.4341004140706159e-01	   4.6773931194106638e-01	   3.1382261344176887e-01	   1.5709180155423480e-01	   9.8636956696158962e-01	   7.6679125030692841e-01	   6.5123131496718512e-01	   4.4178720652719622e-01	   2.6934142270097650e-01	   1.3764079087789172e-01	   7.5760958783968824e-01	   6.9675850313179144e-01	   5.9424297317880470e-01	   6.5690635686996535e-01	   6.4935902197931217e-01	   6.4583336740525188e-01	   6.6538381741045671e-01	   5.9899049766556978e-01	   2.4849843024917512e-01	   4.2050333071625917e-01	   5.3411478750291530e-01	   6.8624178940541680e-01	   8.9954921572954316e-01	   6.4792047965031752e-01	   8.5514867276127471e-01	   7.3856033158321799e-01	   4.8908400886170617e-01	   4.3946780312487477e-01	   5.9034712887706098e-01	   5.5201716069990769e-01	   4.9099494642253727e-01	   5.5443663662307374e-01	   3.4832012793055556e-01	   5.7920970811052352e-01	   4.0853348254370270e-01	   4.0348128012564849e-01	   4.8837591583798867e-01	   4.6095014874630824e-01	   2.4976722701901544e-01	   5.4565266284963110e-01	   8.7323131202871773e-02	   4.1424861136258151e-01	   1.3167201309497992e-01	   3.6096158378924398e-01	   4.6691079210728181e-01	   5.7864877419063387e-01	   1.0149224166464800e-02	   2.8067066986503266e-02	   4.8030113382377093e-01	   3.4349555273658378e-01	   3.9728581476256353e-01	   3.7423388767963406e-01	   4.5674083941110233e-01	   5.1376331861354219e-01	   8.4939170879528514e-01	   2.2990110106115541e-01	
   3.1008059116905373e-01	   2.7003954072343389e-01	   4.7201679199598312e-01	   8.7306892560314853e-01	   6.8872784851898161e-01	   1.3304378801856240e+00	   6.7542102435788332e-01	   8.3938587665899256e-01	   6.8138623434842849e-01	   0.0000000000000000e+00	   4.0975337394318928e-01	   6.8614585223282876e-01	   5.2952529849920060e-01	   7.6498128623421002e-01	   4.0795490074447283e-01	   9.2764495129451463e-01	   2.3338005310895671e-01	   2.1679375277577501e-01	   5.4395633590524857e-02	  -1.0622271170099049e-01	   3.7727182090847394e-01	   4.8953701023197349e-01	   3.7733916339570944e-01	   5.8838210525160606e-01	   3.7143772108965323e-01	   5.8897623811631294e-01	   4.4504410985412923e-01	   6.1725746273627458e-01	   2.2186125090765391e-01	   3.9944095553581355e-01	   4.3304659244798716e-01	   5.0128110232292311e-01	   7.6003855591991673e-02	   1.8606651051503187e-01	   1.7380557558791943e-01	   2.5957693619438132e-01	   2.9110124181643987e-01	   4.2687787751430656e-01	   3.0132055087317544e-01	   4.0864129007961836e-01	   4.6691126617392642e-01	   2.1241932038921099e-01	   1.8037065001027291e-01	   2.4866723230870580e-01	  -3.3103914670313143e-02	   2.8640011786830653e-02	   3.3260821477996166e-01	   3.5659255418284147e-01	   2.0511275199630383e-01	   2.4698584518496039e-01	   4.4665617872948682e-01	   3.3438630453987123e-01	   4.0074095395879478e-01	   4.5236875903120111e-01	   3.8754321624468874e-01	   3.7873779223672061e-01	   1.3889854388905715e-01	   7.2296471800931975e-02	   3.5805239864841110e-01	   4.6671853180667905e-01	   3.1923990753460751e-01	   7.8132403685594609e-01	   6.4067756929277297e-02	   8.2698183781972953e-02	   3.9676804212263089e-01	   1.0532717310444684e+00	   1.3016502670779501e-01	   1.9423605195119464e-01	   1.0337316502289932e-01	   8.9641586359676520e-02	   4.7900623317822549e-01	   4.1945276278456345e-01	   4.0835569501778735e-01	   4.7622752111192601e-01	   3.7562578721666062e-01	   4.6533628308348218e-01	   2.2237028807233600e-01	   4.9088021336144944e-01	   3.0540294814227048e-01	   1.9534257365405408e-01	   3.6631169967545768e-01	   3.6885623272233464e-01	   2.6501695799885749e-01	   2.9487640526903991e-01	   2.6795260446694191e-01	   5.2470593596851667e-01	   8.6562743077783000e-02	   2.6703103907583825e-01	   2.3971792655437013e-01	   3.4372366722251774e-01	   3.9559098329032538e-01	   4.2407378915142853e-02	   4.8234783494829098e-01	   3.0073262481434077e-02	   1.7469900688249212e-01	   3.8016086641159252e-01	   1.8802943875274516e-01	   3.9219722548610736e-01	   1.9366785835171718e-01	   2.1609515313096719e-01	   1.6675511165726145e-01	   9.3066447245566813e-02	  -8.4375893983582306e-02	   6.4612458986090790e-02	   4.0150650892118767e-01	   9.5806113071395443e-02	  -4.3541949913723739e-02	  -1.0742829271124169e-01	   3.7855544173922950e-01	   2.3767468146843521e-01	   1.7302606550292876e-01	   6.7366217129853342e-02	   2.0981166223172210e-01	   1.0837965417498611e-01	   3.1216667989088487e-01	   9.8895269144673906e-02	
   9.0238255260264211e-01	   7.2476899067609923e-01	   5.4914668980242554e-01	   4.9587139805701930e-01	   3.7451240587890089e-01	   4.4815041494526758e-01	   7.6602086981379491e-01	   4.8511447959455345e-01	   5.6003279959840413e-01	   4.0975337394318928e-01	   0.0000000000000000e+00	   9.1673258823046533e-01	   9.2299537889758498e-01	   8.7249565370682980e-01	   6.8174026988568559e-01	   6.5206842309692892e-01	   8.3536575359302678e-01	   8.3934740780796435e-01	   7.3807242331309564e-01	   4.5502459914763971e-01	   4.9013730089888158e-01	   5.1779593632569498e-01	   2.7780858563054578e-01	   3.3176852873102802e-01	   3.3268108406413388e-01	   3.8899138585594073e-01	   4.5121095405849238e-01	   4.2740003961152750e-01	   7.8583074813217491e-01	   7.0995390461191199e-01	   3.3704542070003995e-01	   3.5520348671313828e-01	   5.8857482074490775e-01	   6.1321123153006341e-01	   1.4912264452285034e-01	   3.4835292163256537e-01	   4.2063629932274249e-01	   2.8521939055081802e-01	   6.8373873358856740e-01	   4.7967058567703635e-01	   6.5877029912107954e-01	   1.7163591341211062e-01	   1.3067571832880656e-01	   3.9674044218433707e-01	   2.6044987742940345e-01	   2.7204310575451107e-01	   4.7170321875249865e-01	   4.3771796245787298e-01	   4.2270981844941574e-01	   4.8910297044731416e-01	   6.6003749212667773e-01	   4.5555019123646301e-01	   5.8281425186672653e-01	   3.9272102553687016e-01	   7.9287421752305187e-01	   6.2024214603213912e-01	   8.0411162441436901e-01	   8.0744888200530152e-01	   6.9620037424925285e-01	   5.3483977173657182e-01	   1.0046513220646476e+00	   4.9176055369082949e-01	   7.1458380207366767e-01	   5.4418843655402660e-01	   4.0836524157958004e-01	   4.7270278791014231e-01	   2.8428882041706155e-01	   2.1721039450050600e-01	   3.7880808878875299e-01	   2.7232482345050946e-01	   6.8867301805784720e-01	   5.3742611401172524e-01	   6.7914971620551190e-01	   6.9696315471973669e-01	   6.9247538285402688e-01	   8.0477190531303910e-01	   7.3031782373757859e-01	   6.9546318076293356e-01	   5.0475701749818780e-01	   4.9217624965461759e-01	   7.1611550236788035e-01	   6.7045871919597899e-01	   4.0163716328285554e-01	   4.2142781746303665e-01	   4.6976307822370100e-01	   6.6033746701689833e-01	  -2.8113773539665196e-02	   1.5368274681098093e-01	   6.3823351908130921e-01	   4.6933622963234595e-01	   4.5795542222202235e-01	   3.5869412432972747e-01	   2.4314377211172314e-01	   2.4985029547502999e-01	   4.6079923560889918e-01	   4.2328805910732914e-01	   6.8203940859551726e-01	   6.8806907494212755e-01	   6.3284357258397705e-01	   6.8617802598357325e-01	   2.8591701898667277e-01	   4.7971095066740144e-01	   3.8927536888712355e-01	   5.5923861229777139e-01	   3.8451647239318137e-01	   1.4869234862649383e-01	   1.5807591683580841e-01	   1.1716962185347889e-01	   5.5460483330151911e-01	   4.9085357839936872e-01	   4.2341546015549725e-01	   5.3799728633999966e-01	   5.0054037027410492e-01	   5.0472241629347259e-01	   3.3219703371954024e-01	  -2.7938326327421551e-02	
   4.6818473431278529e-01	   5.7486530245307477e-01	   2.9534014019144927e-01	   7.5582502369171745e-01	   3.0140352361146078e-01	   5.8804190583798821e-01	   5.8320693332862006e-01	   8.9943360948098983e-01	   4.3106502947552405e-01	   6.8614585223282876e-01	   9.1673258823046533e-01	   0.0000000000000000e+00	   5.8489765641873326e-01	   1.5075961386378953e+00	   3.6098373380681931e-01	   7.5098084806584076e-01	   4.3931174342378498e-01	   4.8120521430822205e-01	   3.5531237874074184e-01	   3.1294789266003631e-01	   3.1735601978216937e-01	   4.3888273048643922e-01	   6.0889897695427193e-02	   3.4818164574217608e-01	   2.0758499400811561e-01	   3.5747903558300964e-01	   2.5942085144695159e-01	   3.0092841743171928e-01	   4.5063873393481108e-01	   6.5154931485423206e-01	   2.4684417734189312e-01	   3.6770568281797084e-01	   3.0307677734825406e-01	   4.3289403119693104e-01	  -3.0491083588910142e-02	   2.1499011224553238e-01	   1.6823039591558134e-01	   1.8341597295882398e-01	   4.7249576068097998e-01	   3.2365169853549863e-01	   5.1438405356197858e-01	   4.2380581862408846e-02	   1.0948473592150572e-01	   3.7196448976107921e-01	   1.4324610307269742e-01	   2.4763939058703233e-01	   4.3961538385598503e-01	   4.6861061869770471e-01	   6.1182742134594070e-01	   6.5279606849743099e-01	   7.4267002189485332e-01	   7.1777252909997702e-01	   7.4050287915200785e-01	   5.4838211245469948e-01	   7.6074818126662214e-01	   5.9321863065403557e-01	   4.6112652050722414e-01	   4.7683942890402220e-01	   7.4709081641879138e-01	   9.0566171059360090e-01	   7.1106051330497155e-01	   9.4597187530180937e-01	   4.7104729247848298e-01	   5.6165181568079947e-01	   1.6217557536906604e-01	   6.8749303008057572e-01	   1.0529516083684011e-01	   1.6898468820676488e-01	   2.4107446591083731e-01	   3.0193574671833334e-01	   5.9602484230100961e-01	   5.1061512758095984e-01	   4.6446984797537955e-01	   5.4194007326333904e-01	   4.0185538725362452e-01	   5.8867150566397630e-01	   4.0227467709713050e-01	   6.8020854339880166e-01	   3.8367907873765950e-01	   1.7482557798890999e-01	   5.9358621639613363e-01	   5.9339820351881034e-01	   1.9556795280538958e-01	   2.6768459925792387e-01	   2.1316442640558494e-01	   6.9842033799118031e-01	  -2.1757147112802369e-01	   8.7092049449279618e-02	   4.5532495745580537e-01	   3.7390598381957818e-01	   6.8767315225516812e-01	   1.9577859100737804e-01	   4.7534768385949083e-01	  -4.7405484158292658e-03	   2.1271054140982262e-01	   5.9122874921710977e-01	   4.7163358660055754e-01	   6.0318493272046414e-01	   7.3196613073009387e-01	   5.4254741385042538e-01	   4.4806573231718855e-01	   3.2088916980191540e-01	   3.3138191183761206e-01	   4.3751445922237253e-01	   6.2554027785973010e-01	  -3.2745487566691297e-03	   4.1915151339375933e-01	   2.2859081459186065e-01	   3.9705262020319393e-01	   3.9256331899249003e-01	   3.9425512002108531e-01	   3.8099255215767192e-01	   5.5190769351921287e-01	   4.3923448286341882e-01	   2.1317117113763157e-01	   1.5260671782287202e-01	
   4.3779174734688953e-01	   2.8253242673208390e-01	   6.3706566794844299e-01	   4.6782443663052087e-01	   5.5337110183915461e-01	   4.3319379667319236e-01	   9.8812172898116335e-01	   4.2387832519072810e-01	   7.1166847598928129e-01	   5.2952529849920060e-01	   9.2299537889758498e-01	   5.8489765641873326e-01	   0.0000000000000000e+00	   7.5997302118801735e-01	   8.5283232484183602e-01	   6.7877416375410093e-01	   3.3503514319461963e-01	   3.9273551310632104e-01	   3.0008744776519253e-01	  -7.3908217779364337e-03	   4.1425344279236576e-01	   4.7586793176860476e-01	   5.0473904794512614e-01	   4.1828442682718892e-01	   3.1185685143536029e-01	   3.7317206345999870e-01	   3.6373636047859426e-01	   4.3293074403397447e-01	   8.0352542836701757e-01	   6.9000287921640857e-01	   5.2810941491276797e-01	   5.0253832344574834e-01	   3.5982096742429442e-01	   3.9237352633627687e-01	   1.3740815530735070e-01	   1.6181223353459104e-01	   4.1473970491127654e-01	   3.1678823283188101e-01	   5.2481277047322328e-01	   2.9934548758895640e-01	   4.9406773739640092e-01	   1.4711124037886830e-01	   7.0606014543582743e-02	   2.8849420857768743e-01	   2.6339787258896283e-03	   7.3314848291003903e-02	   3.3291039812871687e-01	   4.1574498668532145e-01	   2.4107272082222944e-01	   2.1327434464299477e-01	   4.4361484374247062e-01	   2.3702164314325025e-01	   4.2563579415100949e-01	   3.3102912869971296e-01	   5.6067441457164624e-01	   5.4247100804149317e-01	   2.3464980511854056e-01	   2.6998562572229123e-01	   4.9073331910103890e-01	   2.8844893780762054e-01	   8.0420097496834453e-01	   4.7842158738973861e-01	   2.9231153819731720e-01	   2.9406820653861521e-01	   6.4772284732879426e-01	   4.2557106038118991e-01	   1.5707976044806449e-01	   4.2974763056524395e-02	   1.7491857576015948e-01	   3.4070358245937349e-02	   8.6052797845885076e-01	   5.1540613962937365e-01	   6.3439490222527439e-01	   6.2952535286206102e-01	   7.2663716981636128e-01	   7.3746238568568023e-01	   5.4945761312082997e-01	   5.3381163057051317e-01	   2.7422069606568761e-01	   4.5677402148700541e-01	   4.1795005494921350e-01	   4.0229011320400249e-01	   3.7003756084782408e-01	   2.9362808209936953e-01	   4.8900047605735908e-01	   4.9919544520249631e-01	   1.4217451063662387e-02	   6.5532598246061044e-02	   5.3461261897650680e-01	   3.5236697551599344e-01	   2.4542749944371486e-01	   3.2566438409817572e-01	   4.9442500614439416e-02	   1.9654162491539087e-01	   4.2189808928257638e-01	   2.2365464900615534e-01	   3.8682693722483630e-01	   4.5549437381724700e-01	   2.6769961615337623e-01	   3.7723457014350370e-01	   9.9541012614438682e-03	   2.2223268087696854e-01	  -3.3453533779358995e-02	   1.3029589300900005e-01	   1.5186946832745424e-01	   1.0662979621003134e-01	  -1.0907868134872686e-01	  -2.7424362884324968e-02	   4.2306516268177208e-01	   4.2840370498740954e-01	   6.4984399509969329e-02	   2.0293765421435894e-01	   2.9506130302030564e-01	   2.5051543438921881e-01	   3.7029632118246014e-01	   6.3888409314271977e-02	
