   0.0000000000000000e+00	   9.9112071176099981e-01	   2.7422246482425028e-01	   5.1996417808739381e-01	   7.7368909675548589e-02	  -3.0067204816229091e-02	   2.9855177398346677e-01	   2.6426776261710844e-01	   1.5746838665360141e-01	  -2.8975985132377726e-02	   6.6562170237005425e-01	   6.9153363768914466e-01	   4.5733964869818539e-01	   3.7119778802616704e-01	   4.3203148929432023e-01	   3.4037717391759992e-01	   5.2396868530711593e-01	   6.6001364906559157e-01	   4.6949476430493198e-01	   6.7462748834104047e-01	  -1.5759689218165693e-01	   2.5341855582670493e-03	   2.5253324492495749e-01	   3.2269467623924986e-01	   9.6590140128990740e-02	  -7.5618759374960487e-02	   2.2783442263095771e-01	   2.2978519387829330e-01	   3.8588952861787268e-01	   3.5711675424136374e-01	   9.5216701427318001e-02	   2.4300964371891914e-01	   4.9831974478302010e-01	   4.9808614191105066e-01	   1.1530385338012003e-01	   2.2178892211794990e-02	  -1.6760045725435199e-01	  -1.3201565588718306e-01	  -1.5916610904556866e-01	   9.0363059245195845e-02	  -4.0687495083430697e-02	   4.0952541891674174e-02	   9.1862895036531989e-01	   9.3159828545054835e-01	   7.0206612890839792e-01	   8.8611111057726677e-01	   9.2200441932687116e-01	   9.1319724553225623e-01	   5.1069083772042123e-01	   9.8300677233126643e-01	   7.2308891471790160e-01	   8.9710749209581175e-01	   8.1022568162267727e-01	   5.4610128745251829e-01	   7.8713497129682930e-01	   6.5909939388171368e-01	   1.2620625168246771e+00	   9.7720400373931482e-01	   5.7225662945202060e-01	   3.7068719007201412e-01	   2.5745562731722565e-01	   1.4294987760171066e-01	   7.7765764461448639e-01	   5.6749840898495119e-01	   2.0627621734810758e-01	   2.1644932949567211e-01	   2.6956545367067175e-01	   1.3058363503820081e-01	   7.5406627756008482e-01	   9.2737974922045030e-01	   6.3052751108615260e-02	  -7.1143567045493725e-02	   2.1030793912271800e-01	   3.8258607932578370e-01	   5.9129348404662996e-01	   2.6319290422363983e-01	  -4.9394132460206389e-03	  -5.9775121968027234e-03	   5.2003556781660376e-01	   4.9488228555956393e-01	   9.6649155542510190e-01	   1.0240209539931908e+00	   2.6198016137327518e-01	   3.9859287036638036e-01	   7.6300403724619403e-01	   7.9096046348579285e-01	   2.5204110813009928e-01	   3.6437555049961740e-01	   3.9383985165095492e-01	   4.5216897593529842e-01	   1.5437270143020687e-01	   8.9280623570177908e-02	   5.8532430364458377e-02	   1.7807128882061693e-01	   3.5263629311021083e-01	   2.2201733498166532e-01	   8.1558380620890170e-01	   7.1396212067715503e-01	   5.2091659355870878e-01	   4.2102503497644889e-01	   1.0463100110789118e-01	   3.0339231058878524e-01	   4.2810662457440800e-02	   2.2778077332651081e-01	  -2.2169984512786012e-01	  -3.4780569836376361e-02	  -2.6816245540191557e-02	   2.3625935133725859e-01	   1.0031468667600885e-01	   3.9827450987081126e-01	   5.7381231731347460e-01	   3.0862539343273521e-01	  -2.5211781703281221e-02	   2.7518608206894030e-01	   2.8163868742315027e-02	  -4.5287349103863138e-02	
   9.9112071176099981e-01	   0.0000000000000000e+00	   1.7587262678840618e-02	   2.2960722430615912e-01	  -4.8781617925386357e-02	  -1.5378516275170998e-01	   1.2221608168845879e-03	   7.6514004156940860e-02	  -9.3729199079000153e-02	  -2.1486672843403823e-01	   4.8186443475191032e-01	   6.8417100835491051e-01	   3.1857476291452058e-01	   4.4713334642018876e-01	   2.1338450007842433e-01	   2.3870058113764697e-01	   7.3613988093980365e-01	   8.3024609587250675e-01	   2.4802033152176650e-01	   7.4462710527791709e-01	  -4.3407976372922881e-02	   1.2678788574284122e-01	   7.5687637783398085e-02	   9.3062935297606272e-02	   7.9421088630957343e-02	  -1.4768036532817805e-01	   2.0436199578809289e-01	   2.4172836651218033e-01	   3.4310814120034511e-01	   3.7511910266976656e-01	   5.9220913367157450e-02	   1.1387698369933179e-01	   3.1079241216293624e-01	   3.1404404405032205e-01	   2.4692067906391075e-02	  -6.0496567751107150e-02	  -1.7260145872482674e-01	  -1.1494681342482334e-01	  -1.7610240414959361e-01	  -7.0743325334483810e-03	   6.0860426137261781e-02	   1.5746409472590617e-01	   8.3945293458672143e-01	   8.4907982472858701e-01	   6.1935504076763104e-01	   7.6982384539102400e-01	   8.0461567916809262e-01	   8.1457784080901463e-01	   4.0639253725182323e-01	   8.6339058620323483e-01	   4.6432583484827916e-01	   6.3556156865501046e-01	   5.8112569899568212e-01	   3.3101988072648314e-01	   4.2458020912074657e-01	   3.9682201103553211e-01	   1.5347858687225682e+00	   1.3007366439553671e+00	   3.1133948400485711e-01	   3.5464814581233639e-01	   1.3511467019843346e-01	   6.1332904101807591e-02	   5.9850159495829358e-01	   5.7686470864343387e-01	  -6.0617684231210001e-02	   3.6571976486367022e-02	   2.4672297465117718e-02	  -4.3801016260850825e-02	   1.0002820028788992e+00	   1.1509672629168728e+00	   1.5351373264374774e-01	  -2.3508723713929473e-02	   1.7725411777403113e-01	   3.4139005825038143e-01	   4.1283978155502082e-01	   2.5770833722090358e-01	  -1.1368364039682188e-01	  -8.2059033376013377e-02	   6.4979675741205167e-01	   4.7806996030753651e-01	   7.2056442313938507e-01	   6.4941738891387824e-01	   9.1998241474927078e-02	   3.0607499675933281e-01	   3.0095403694817929e-01	   3.7659479105310523e-01	   1.8924588906248380e-01	   1.8414022483525158e-01	   2.4713627150682410e-01	   3.7692284709358881e-01	   3.0613920209900188e-03	  -9.8595521725209273e-02	  -1.6026861922821711e-01	  -6.5480915636489667e-02	   2.4952017416368188e-01	   6.6856838855459982e-02	   4.7674431216819713e-01	   3.8669406555808372e-01	   3.5873856649896974e-01	   1.9100398896404386e-01	   1.4728260631655251e-02	   1.1009277345910927e-01	  -5.4902627101097078e-02	   6.3607881828201901e-02	  -2.4686386261437604e-01	  -1.3536637290363188e-01	  -3.5614121383223389e-02	   2.5891401916272164e-02	   1.4353482804633635e-01	   2.8564856286410789e-01	   3.8642811210776506e-01	   1.4949725627534577e-01	  -1.0839520289423527e-01	   1.3017472039681882e-01	  -1.5643869395814436e-01	   3.5310085590827094e-02	
   2.7422246482425028e-01	   1.7587262678840618e-02	   0.0000000000000000e+00	   1.0153628036785773e+00	   5.4995953786396257e-01	   5.6096937783186518e-01	   1.2320038719663762e+00	   5.1681630412079194e-01	   5.2291317682469751e-01	   4.0587088138413152e-01	   3.1307013041590037e-01	   3.4021624435436171e-01	   6.9013743331389310e-01	   4.7676042807606922e-01	   1.0472860694666759e+00	   1.1548343606573175e+00	  -7.4195658148645108e-02	   7.6641515404573618e-02	   9.9822550520050835e-01	   5.4904014465790119e-01	   1.7600777386650343e-01	   2.4031716623805358e-01	   1.6470729429116953e+00	   1.3087153941869065e+00	   9.1686522977740625e-01	   9.0071173749551026e-01	   9.1516659548712675e-01	   8.8674960398061053e-01	   2.5087355456603833e-01	   4.2224020551880725e-01	   8.1464181504629218e-01	   1.0807150991734644e+00	   6.7769652243897738e-01	   8.1893039767952525e-01	   9.6314908162844370e-01	   7.0744033698148812e-01	   3.8514561705436878e-02	   1.6404274067849911e-01	   1.7425510259085644e-01	   3.3339825198859946e-01	   6.5631402195767810e-02	   1.5476253456329594e-01	   4.7834808708713006e-01	   3.2301815952075541e-01	   5.3242136799600637e-01	   3.5760265110945566e-01	   4.3877061744869306e-01	   4.6489653426934074e-01	   6.8863925257775127e-01	   3.6467415527820657e-01	   9.0768055729358743e-01	   5.6581512369241582e-01	   6.1863991499415905e-01	   6.5020833294694169e-01	   6.1472776329578227e-01	   7.0974888955483340e-01	   3.4961225661498375e-02	   1.5209426459144945e-01	   7.4154902017646995e-01	   3.8537859170445093e-01	   4.5809619628022069e-01	   3.5878725109377901e-01	   1.7805792484417282e-01	   9.3012246874700916e-02	   1.1953436829140880e+00	   7.3914661875312115e-01	   1.0366924004104980e+00	   6.1197075694543990e-01	   2.2810016512277176e-01	   2.3934254761521606e-01	   4.5769665848284591e-01	   2.6201571791836709e-01	   2.3866524703256975e-01	   2.3743439694335863e-01	   5.4345169746422184e-01	   3.9966204223911356e-01	   3.6119304014959697e-01	   3.1042502644267828e-01	   8.9536025112499987e-02	   2.6164854888752043e-01	   2.4025691991818643e-01	   3.3004451328478046e-01	   9.7234093288148171e-01	   7.9981700906712594e-01	   8.2972887836995457e-01	   7.1241023338779363e-01	   8.5872380842963003e-01	   8.4293723715287383e-01	   1.0841125814049786e+00	   9.5794376072096010e-01	   7.7436867422883493e-01	   9.2457018063997287e-01	   8.2964964527709739e-01	   1.1067099262539384e+00	   4.3075573343146656e-01	   3.4119512092282067e-01	   4.9918433810892254e-01	   4.7726910442369724e-01	   5.9024011420516231e-01	   8.6695784947852172e-01	   4.6395913683792833e-01	   7.4254111678433465e-01	   2.4279621037811200e-01	   6.4229790020821953e-01	   1.5120226349634794e-01	   4.5021694516086785e-01	   3.4253106512849973e-01	   5.3268301904110826e-01	   9.4153887678400230e-02	   3.1001112637607342e-01	   3.9487893577936367e-01	   4.2371450651707976e-01	   3.3993057285789668e-01	   3.9994783766766095e-01	   4.4627544270359559e-01	  -2.1377154360537801e-01	
   5.1996417808739381e-01	   2.2960722430615912e-01	   1.0153628036785773e+00	   0.0000000000000000e+00	   4.5911848362474922e-01	   6.4107776190643240e-01	   8.9377483876573138e-01	   1.0166771917892743e+00	   5.8655034945936546e-01	   5.8597620450881593e-01	   6.1662958563171932e-01	   5.5456003757893635e-01	   6.9806891557362394e-01	   6.4065048761437049e-01	   7.3600157169687053e-01	   9.3593216587933248e-01	   1.6727543609541479e-01	   2.7612468769537346e-01	   8.2074432847109957e-01	   6.3462036937885802e-01	  -8.0709470126690969e-02	   8.7219437140848857e-02	   8.3252622610490024e-01	   1.1222595057191251e+00	   5.9792970984394578e-01	   6.7093700824459912e-01	   6.0214451950063497e-01	   6.4057519664643614e-01	   1.9225901277267587e-01	   3.6656172995301844e-01	   3.9816849336703242e-01	   7.3597949687625130e-01	   7.4240914506316114e-01	   9.3750939817938228e-01	   7.2480599004100132e-01	   6.7836098160905656e-01	  -6.0027676091460182e-02	   2.7263819693071047e-02	   4.5785357074870400e-02	   3.4069072249917787e-01	  -2.1149137401821567e-02	   1.1096516308606828e-01	   6.3740515455660862e-01	   5.4730711336365090e-01	   7.0674522762457626e-01	   6.2615122021893921e-01	   5.3315303373034406e-01	   6.1613041070373165e-01	   7.6550018548921483e-01	   5.5821784136349961e-01	   1.0847264898649567e+00	   7.7964931307990815e-01	   8.2140857098934794e-01	   5.6199418428917325e-01	   6.4974148118823638e-01	   7.6126453824039830e-01	   2.9393555422377704e-01	   3.5170916972813582e-01	   8.1520674622130329e-01	   7.4052689684135731e-01	   4.7345522934031753e-01	   6.3781007998341421e-01	   3.0949852171423708e-01	   3.5257883270423784e-01	   9.5674102877478229e-01	   1.1909984198038273e+00	   1.1186643455499992e+00	   9.0849467858793087e-01	   3.7308690633504504e-01	   3.8021369803688559e-01	   2.1431638542329690e-01	   1.7959021520223165e-01	   1.6850839644678745e-01	   3.9650189206645464e-01	   5.8895103379713698e-01	   4.5738241192511214e-01	   3.5196631775192860e-01	   3.5911193246013484e-01	   3.3118035775300442e-01	   3.9630417722891503e-01	   4.2104783484150154e-01	   5.5769325011273896e-01	   6.9563973982824667e-01	   7.1744401343999398e-01	   9.7647628141287435e-01	   1.0234851833951064e+00	   5.6959622198537185e-01	   8.2267359099205428e-01	   9.5336632734781535e-01	   9.5921256870182536e-01	   8.3805967809247339e-01	   6.5221219496961302e-01	   9.5601714241587721e-01	   8.4463504373665788e-01	   4.8123498971491407e-01	   4.7215109808870875e-01	   6.8265565870359846e-01	   6.2169995456110516e-01	   6.9594083486107494e-01	   8.6861713271351859e-01	   6.0628741378881879e-01	   6.7890975759386907e-01	   3.6110265680320397e-01	   6.6262430941891570e-01	   2.4090934081272128e-01	   3.7851943418475659e-01	   2.6450932360095536e-01	   5.4576283939900239e-01	   3.0014104100371403e-01	   4.3929048497359308e-01	   4.7837050784916202e-01	   5.3366028852129865e-01	   3.7440276369740083e-01	   4.4623934873236965e-01	   5.3325546134464530e-01	  -1.2219908579846608e-01	
   7.7368909675548589e-02	  -4.8781617925386357e-02	   5.4995953786396257e-01	   4.5911848362474922e-01	   0.0000000000000000e+00	   8.7414430386368036e-01	   6.8799545534941409e-01	   3.9166784228110041e-01	   1.1681482969216415e+00	   5.3888866998786544e-01	   2.0908734297447248e-01	   2.4316304031032857e-01	   4.5910405276668032e-01	   2.1049628200756240e-01	   6.1451837811647692e-01	   4.7214797480460668e-01	  -7.8623263848956015e-02	   5.2235262761126222e-02	   4.6367312534845206e-01	   3.0349423062882291e-01	   5.8805953278020751e-01	   3.7429649017378297e-01	   4.1760096205406483e-01	   4.4834222432469745e-01	   5.5001919148584211e-01	   6.6435715627598135e-01	   4.8625721655926429e-01	   4.2694744355645470e-01	   2.0205810106100144e-02	   1.1043690683802554e-01	   3.2791323483644891e-01	   2.7501512536968764e-01	   2.3359684472973213e-01	   3.2117189784006844e-01	   2.8366814953737596e-01	   3.2638012029282426e-01	   3.0366914611230877e-01	   2.1449853465890778e-01	   5.3590052066350569e-01	   5.9616765203072297e-01	   2.5002350344016944e-01	   2.7625937052196337e-01	   2.9134644537256954e-01	   2.6778871363479684e-01	   3.9198138669721383e-01	   3.2574957433546886e-01	   2.6252739441915479e-01	   3.4237584929441761e-01	   5.5798639351518131e-01	   3.5407056316719909e-01	   5.2055231994704276e-01	   3.8563106290251098e-01	   3.5284932224623022e-01	   5.1198877975070500e-01	   3.8688937111758226e-01	   4.7830771252726156e-01	  -4.3134304560730440e-02	  -7.8366120266157562e-03	   6.5560668157639734e-01	   4.8755291964177933e-01	   7.6992342740014363e-01	   5.4700425476552572e-01	   6.7554386596699489e-02	   3.3871503498790057e-01	   5.6851847260988009e-01	   5.0763505354080252e-01	   5.4524307716488618e-01	   4.3566847384937024e-01	  -3.2732495354420028e-02	   5.7779543254434226e-02	   3.4386247169628337e-01	   2.9980622311071414e-01	   2.1768254330008846e-01	   1.9270268754443931e-01	   2.9736980015475029e-01	   2.0418349855034618e-01	   3.0274690422293794e-02	   8.6373273688158461e-02	  -1.1712480169497252e-01	   4.6311263192532093e-02	   5.8770471168726662e-02	   2.9426807303382418e-01	   5.1649049845052786e-01	   5.3535606446744588e-01	   4.4175242165263950e-01	   5.1982536528807632e-01	   5.5312040029588927e-01	   3.5847455770560582e-01	   5.7285687035011057e-01	   6.3632335788175842e-01	   4.4615082932417882e-01	   4.0509868674760685e-01	   3.4210110553952250e-01	   2.9243090065713861e-01	   2.8023028132186617e-01	   4.0151703490351620e-01	   3.3615668204595478e-01	   3.8895386078085969e-01	   3.7985481905749408e-01	   4.8024847637938378e-01	   3.6552267161962260e-01	   1.2649137705030902e-01	   1.8003032741233033e-01	   1.5889049030470423e-01	   1.9767806366936311e-01	   2.8414282041183575e-01	   1.8835851858810887e-01	   1.2195728561747304e-01	   1.2463236952935888e-01	   1.8759153208510876e-01	   3.8930830439448855e-01	   3.7838507663180898e-01	   4.5925385275893499e-01	   4.2863848455691517e-01	   2.7086523577815258e-01	  -5.6201806093272737e-02	
  -3.0067204816229091e-02	  -1.5378516275170998e-01	   5.6096937783186518e-01	   6.4107776190643240e-01	   8.7414430386368036e-01	   0.0000000000000000e+00	   7.6007745895691647e-01	   7.1645540554372622e-01	   9.0710713602789528e-01	   1.1165473609064396e+00	   3.1343107205539461e-01	   3.0732212298730122e-01	   5.2840537125242282e-01	   3.6132245189209727e-01	   4.8871773732103213e-01	   5.7625833360206724e-01	  -1.0494040030106304e-02	   8.7917832982591315e-02	   3.7340507189532979e-01	   3.2202012166421462e-01	   2.5540459061053555e-01	   3.8597727088167605e-01	   3.9802198307975034e-01	   4.8144112440445891e-01	   4.6134750635168359e-01	   7.1934927906996882e-01	   3.3600722113521148e-01	   4.3866831932951311e-01	  -5.7934252509999375e-02	   1.2561670607350453e-01	   3.2951477129756973e-01	   4.0164776891243409e-01	   3.0338595308468874e-01	   4.8668393393802123e-01	   3.8627325429664694e-01	   5.8656971000817504e-01	   1.1716063672181198e-01	   1.1085313315302668e-01	   2.3954511526292316e-01	   4.3020786949369466e-01	   4.3872546527188784e-02	   1.3215100188400689e-01	   2.1456716081027763e-01	   1.9510579492690372e-01	   3.6683452909039782e-01	   2.6086656738889596e-01	   1.1589131631807596e-01	   2.6728595172692532e-01	   6.2365280920328514e-01	   2.3184476005935328e-01	   6.0981185610608246e-01	   5.0854627872951752e-01	   4.3676584564997178e-01	   4.2077036504651766e-01	   2.1341427525394760e-01	   3.9216268562720946e-01	  -1.5521392518569765e-01	  -7.4426700600751100e-02	   6.2227264909077773e-01	   6.0710406243281856e-01	   6.9755699587247200e-01	   8.7772916035853354e-01	   2.6655944330600471e-02	   3.4853612849964399e-01	   5.5573370932410238e-01	   7.7810936510114481e-01	   8.1668044607822432e-01	   8.5020604856560167e-01	  -1.6194513232722089e-02	   1.0905655473281043e-02	   3.7981291170556752e-01	   4.3504340462488011e-01	   1.0061860865264602e-01	   2.9518977441362382e-01	   2.4553107143177944e-01	   3.3272757372027267e-01	   2.5420280987938493e-01	   4.1282540002099177e-01	   8.2598206873452776e-02	   2.0952507689536620e-01	   8.6859722958762764e-02	   3.0023814699703566e-01	   3.6173601483870876e-01	   4.7392057791564057e-01	   4.2185351908023555e-01	   5.1817751724682437e-01	   3.5578584231404958e-01	   3.4490327436148038e-01	   7.3802778037230643e-01	   6.5974556248296123e-01	   8.0288428917346044e-01	   5.4804620587281783e-01	   6.9015367037450848e-01	   5.5898106436798045e-01	   1.6148830091099708e-01	   3.0772289088677146e-01	   3.1320665344208926e-01	   3.6453771810120178e-01	   4.7819606222164146e-01	   5.8242665353492851e-01	   5.6753433037597645e-01	   4.3636900746992108e-01	   4.4292995907133959e-01	   4.5153834124982917e-01	   4.0509876534946410e-01	   5.0164051724161407e-01	   4.0935871911570854e-01	   3.4550696709710965e-01	   1.2841534098915292e-01	   3.1627464501793423e-01	   3.6440594810925997e-01	   4.7010569811960312e-01	   5.0885310736680001e-01	   4.2445992892141010e-01	   5.0389205165560091e-01	   1.9098079789645270e-02	
   2.9855177398346677e-01	   1.2221608168845879e-03	   1.2320038719663762e+00	   8.9377483876573138e-01	   6.8799545534941409e-01	   7.6007745895691647e-01	   0.0000000000000000e+00	   8.5373893835561787e-01	   7.4451146466606188e-01	   5.9150389669718861e-01	   5.2325209029363839e-01	   4.6811820248585528e-01	   1.0163989912476477e+00	   5.3682937659326857e-01	   7.7534571128906205e-01	   8.6601681267428621e-01	  -1.6398632201644007e-02	   9.8376967454650521e-02	   7.2323380214177246e-01	   4.7978715274929196e-01	   2.4505879861779056e-01	   3.1000665720921228e-01	   8.2907879576298127e-01	   8.3621945337987724e-01	   5.2571460778953516e-01	   6.0038611566328559e-01	   4.9461776232283461e-01	   5.4899914055011734e-01	   2.7823907436985146e-01	   3.8555375614357901e-01	   6.6669834634038883e-01	   8.0564706612437820e-01	   6.1152014162682122e-01	   7.2149730642752985e-01	   4.1143386987669694e-01	   3.9221153023669469e-01	  -6.9927049193308485e-02	   4.3106386332519800e-02	   9.2064015494787904e-02	   2.9429340906424140e-01	   4.7896168272230800e-03	   1.4735485164872822e-01	   5.5121705177395108e-01	   4.4308895187777514e-01	   7.1879275398574094e-01	   5.4209418275338062e-01	   5.2716988538805865e-01	   5.6864771767623834e-01	   9.3074569137634178e-01	   5.2521291303254058e-01	   8.2062840401679615e-01	   6.4823998255284654e-01	   6.2889705930973294e-01	   6.4554340454452031e-01	   5.5992800910078355e-01	   6.6821818836943747e-01	   5.0171116623033286e-02	   7.4031267574803453e-02	   9.5787340517193686e-01	   4.8065436015383822e-01	   8.5265136137736863e-01	   6.2092994443960314e-01	   3.2934226942634731e-01	   3.6495597467330376e-01	   8.7091372776896048e-01	   6.5912631039734615e-01	   7.6999674408061747e-01	   5.2580222906269658e-01	   1.0210005745105909e-01	   1.4801512967566910e-01	   4.7457505098832786e-01	   3.8150946350044623e-01	   2.2500888828319837e-01	   2.9179993059876208e-01	   5.0188659000937064e-01	   3.6598099693823838e-01	   2.1178575962508883e-01	   1.9869158653380531e-01	   7.8010837150459672e-02	   2.2835238548953934e-01	   3.6090090269184072e-01	   4.8678255239391499e-01	   5.9140928086279865e-01	   6.3692386627926212e-01	   6.3592574571908600e-01	   7.7955395405735461e-01	   4.5043192832480439e-01	   4.3582023993247387e-01	   8.5439122868683093e-01	   7.7473307723933271e-01	   7.1684632367867984e-01	   6.1757938208079055e-01	   6.4369702261329076e-01	   6.8512370713631776e-01	   3.4090854445574720e-01	   4.2048026059078802e-01	   4.9473647386018116e-01	   4.7741019502637477e-01	   5.8472159017480196e-01	   7.1971092407588322e-01	   5.4154095724420692e-01	   6.6374895916829812e-01	   2.3513803092519059e-01	   5.2195015307466219e-01	   3.9400749462962965e-02	   2.9826716620158156e-01	   2.2612717134465665e-01	   3.2128648398801041e-01	   1.3325505172288493e-01	   4.1259747486337445e-01	   2.9159982474065310e-01	   3.7601897832216735e-01	   4.3278619062150087e-01	   2.9267458021240900e-01	   2.6145245435351011e-01	  -1.8726476585586010e-01	
   2.6426776261710844e-01	   7.6514004156940860e-02	   5.1681630412079194e-01	   1.0166771917892743e+00	   3.9166784228110041e-01	   7.1645540554372622e-01	   8.5373893835561787e-01	   0.0000000000000000e+00	   6.1251515826611114e-01	   8.0243514760943679e-01	   7.5290342681908362e-01	   5.7979971702393773e-01	   8.0425574742736550e-01	   7.5940824570302623e-01	   3.0996265093363878e-01	   5.2185339160665078e-01	   8.9804465216906534e-02	   1.3638026761620173e-01	   3.7805661270093854e-01	   3.9271228770040739e-01	  -7.4657437240190486e-02	   1.4638157184693595e-01	   3.0999987468669682e-01	   5.0469617068603478e-01	   1.5816621374365317e-01	   3.3670448414299331e-01	   7.7368330354902010e-02	   2.1737866568640699e-01	   1.6206974388099998e-01	   2.7683909259875239e-01	   2.1191719352823862e-01	   4.3578865132472316e-01	   5.9489435999446005e-01	   7.2309923029655232e-01	   2.2667540368059147e-01	   3.7934499219463569e-01	  -2.5340182557709806e-01	  -9.6201991917183954e-02	  -1.1385269297316838e-01	   2.1469184002517025e-01	  -1.6280743315356100e-01	   5.7539543294487683e-02	   3.9623515799530240e-01	   3.4405877444681088e-01	   5.5279330232494028e-01	   5.2675317374914776e-01	   3.1187908445768886e-01	   3.9233477306500386e-01	   7.0781575915799710e-01	   4.4470508419613863e-01	   5.8205830624164701e-01	   5.7385571205027386e-01	   4.6787698600560135e-01	   3.0588564764888632e-01	   3.4819482774731819e-01	   4.9001400468213124e-01	   1.0800583580721142e-01	   4.0676208697790955e-02	   7.8364570309068904e-01	   8.3494066776302300e-01	   7.7219592070203535e-01	   1.1075326546432906e+00	   3.2191644818481546e-01	   6.0481593068355188e-01	   5.1147502550906443e-01	   8.9228632106051853e-01	   6.4534287602678575e-01	   7.8442453463465978e-01	   5.9533212831487728e-02	   1.1053224126651308e-01	   1.6079149311724486e-01	   2.7791198502276815e-01	   1.2314981684308493e-01	   3.8522408452794016e-01	   3.9281076606047594e-01	   4.2142798355089450e-01	   2.6505805419602302e-01	   2.4591792856081071e-01	   1.9029292408149895e-01	   1.9766130163872930e-01	   3.2413792193320307e-01	   3.9616098890796381e-01	   2.9206700562554122e-01	   4.0205622064380753e-01	   3.3516775534989363e-01	   6.3959902593951212e-01	   9.2884578827280836e-02	   2.7377959480098307e-01	   5.4132395141610001e-01	   5.5354127623276761e-01	   7.0852008969855695e-01	   2.6984280164747515e-01	   6.6609224047235083e-01	   3.7451206176870738e-01	   2.5882373881782811e-01	   3.7762925946860088e-01	   4.4908532027823167e-01	   4.0849232846805217e-01	   4.9635005925885878e-01	   5.1115275626878198e-01	   7.0779504891843259e-01	   4.9602556726898517e-01	   3.8203569549469701e-01	   4.5838686625760949e-01	   2.4353644198305802e-01	   1.4323218463181825e-01	   1.3987004905632530e-01	   2.4781977569564242e-01	   3.1057390993911926e-01	   3.8512494646236489e-01	   2.0048019779713108e-01	   3.3381345371777987e-01	   3.7350831858654093e-01	   1.3514802938699247e-01	   3.0208733990234582e-01	   7.4802581688846237e-02	
   1.5746838665360141e-01	  -9.3729199079000153e-02	   5.2291317682469751e-01	   5.8655034945936546e-01	   1.1681482969216415e+00	   9.0710713602789528e-01	   7.4451146466606188e-01	   6.1251515826611114e-01	   0.0000000000000000e+00	   8.9447951843897266e-01	   3.7215158929394343e-01	   3.6357636361232937e-01	   5.4558187760191346e-01	   1.9349006979660885e-01	   5.9687014233981539e-01	   4.4811610708052030e-01	  -1.1542566578964708e-01	  -3.5616635304231772e-02	   3.6252242840354626e-01	   1.5860163238166577e-01	   2.2332016188444842e-01	   1.3353554750965696e-01	   3.0928990312474847e-01	   4.1091501287527699e-01	   2.4070190043213385e-01	   4.0241037039891220e-01	   2.2306371376320849e-01	   2.2120676316605514e-01	  -6.7811098465899305e-02	  -6.1380106619326122e-02	   5.2762262603603158e-02	   1.6183377439175048e-01	   2.0643915665050999e-01	   3.3174437961164011e-01	   2.0393796545151302e-01	   3.1023107222492208e-01	   1.2758946005458213e-01	  -5.0181245328067029e-03	   2.4103576674377036e-01	   4.3842497046749351e-01	   5.3445054771575776e-03	  -2.3502928076612764e-02	   3.4636019320169065e-01	   3.0542983851407712e-01	   4.0049122470930154e-01	   3.8190273503599081e-01	   3.1919520521320927e-01	   3.6680060106232537e-01	   5.7995606332212235e-01	   3.7358518051816436e-01	   5.5783559741315658e-01	   4.6464615270230253e-01	   4.5042492562627273e-01	   5.1337155836635451e-01	   3.7986926828351281e-01	   4.8917705587361976e-01	  -2.8066762639265105e-02	  -8.0435435362541025e-02	   7.2001823113959540e-01	   5.6148783965818250e-01	   8.8622177307103023e-01	   8.0102942197702987e-01	   8.6291005359807979e-02	   4.3168100898910755e-01	   6.9730399161979806e-01	   6.7860151008509495e-01	   5.3151966671426620e-01	   5.1087304790901078e-01	  -1.4715306981400908e-01	  -4.5454477035640907e-02	   1.5506255683776293e-01	   1.2897765774788969e-01	  -4.9398885865394628e-02	   2.3037222805133522e-02	   2.1032919446840576e-01	   9.4116524377317337e-02	   5.7534978809711888e-02	   1.3223547583752032e-01	  -1.4512542342654114e-01	  -2.1369242243553230e-02	   5.2409997107098871e-02	   3.2793704615230723e-01	   4.9466987590034978e-01	   3.6042672373612117e-01	   5.6555642136122919e-01	   6.6014620340166408e-01	   3.5282023457576484e-01	   3.4722757042487812e-01	   5.2722505978791401e-01	   5.8454895991636202e-01	   4.8019794675596306e-01	   3.8958821590296033e-01	   4.6921015222626256e-01	   3.3871790290951859e-01	   4.2544521640355476e-01	   5.7386545077885365e-01	   4.0087992441829040e-01	   4.0854802287103170e-01	   3.5518334624876141e-01	   5.2074818517821087e-01	   3.6783244892463957e-01	   1.4391899851804690e-01	   1.4576995492868031e-01	   2.0450341953466616e-01	   2.2612844713624272e-01	   2.0531613685919045e-01	   2.2075238293279881e-01	   2.4523993969437430e-01	   2.7180134797430866e-01	   2.6479632241968909e-01	   3.4042685821603313e-01	   4.1640169246323078e-01	   5.3429457343874032e-01	   3.9538026108282870e-01	   3.2840249715308528e-01	  -1.3811454316502665e-02	
  -2.8975985132377726e-02	  -2.1486672843403823e-01	   4.0587088138413152e-01	   5.8597620450881593e-01	   5.3888866998786544e-01	   1.1165473609064396e+00	   5.9150389669718861e-01	   8.0243514760943679e-01	   8.9447951843897266e-01	   0.0000000000000000e+00	   2.2268405989490955e-01	   2.3807526963703468e-01	   2.8984354457757239e-01	   1.7701536712834340e-01	   2.0329382707642443e-01	   2.9408787906200523e-01	  -9.6835455407128374e-02	   9.2132391878745959e-03	   2.5450126288268415e-01	   1.2384039493534946e-01	  -3.0977863348743008e-02	   3.3738228055284765e-02	   1.6008854484120555e-01	   2.5566326109043774e-01	   1.5942373263837886e-01	   3.9832507201084050e-01	   9.2582667636387998e-04	   4.1186074489117951e-02	  -1.0729823235732244e-01	   9.7299724929123185e-03	   1.1820417845111611e-01	   2.0996235009620626e-01	   2.4641077659272015e-01	   3.8528908639297432e-01	   2.2464639510209794e-01	   3.9095887466199186e-01	  -2.2772904080368807e-03	   5.3421955958281786e-03	   8.8880769863343784e-02	   2.9855205068828666e-01	  -1.8974561651046862e-01	  -2.6530626159362684e-02	   1.9899054486545240e-01	   1.6027554473946304e-01	   3.1776008780981002e-01	   2.6543190911923431e-01	   9.1987575937964389e-02	   1.9364489799500867e-01	   4.6811041215369420e-01	   2.1053916851306409e-01	   4.6635922797823837e-01	   4.5142437574668037e-01	   3.6923080110900164e-01	   3.9326700774170786e-01	   1.7043254267600613e-01	   3.1234421219603009e-01	  -1.5956397747593648e-01	  -1.2065671059856550e-01	   4.7856818742436608e-01	   5.6255717057601418e-01	   4.9446814658509264e-01	   7.5300809886493891e-01	   4.5514051281397003e-02	   2.8569371450592607e-01	   4.3220308368535337e-01	   5.8378340944482687e-01	   6.3761961094224151e-01	   7.7212273832127210e-01	  -1.6008366381698516e-01	  -1.1669694552491437e-01	   1.8338668301119312e-01	   3.2377568999499495e-01	  -1.2322747041837088e-02	   1.8387903581893425e-01	   1.6377544772212582e-01	   3.0139005264354024e-01	   3.0334462798104239e-01	   4.9751386350079324e-01	  -3.2538642276347521e-02	   1.3781383663067473e-01	   5.3927795556712170e-02	   2.3810699191653339e-01	   2.3245805871893069e-01	   2.7707696467387066e-01	   3.2062814459307420e-01	   4.0228679761708552e-01	   9.8006155091243302e-02	   1.6378408887739165e-01	   3.9845145651222458e-01	   3.7127467852354407e-01	   7.4253230022916228e-01	   4.3291091541229321e-01	   7.1055524030289041e-01	   4.4723354513432989e-01	   1.9773275456833206e-01	   3.4101560519667751e-01	   2.4985335230460431e-01	   2.5917810182600975e-01	   3.8528824331355827e-01	   4.3800735507305733e-01	   6.2309411936958936e-01	   3.3638088038393088e-01	   5.5709532901969561e-01	   4.1428607410590784e-01	   5.2980459520257361e-01	   4.6178801943059411e-01	   4.0645412913886569e-01	   4.1113071773022541e-01	   2.6457282076075339e-01	   2.4160266827998561e-01	   2.0708988871029663e-01	   3.5693455640156635e-01	   5.0559014261432500e-01	   2.5278836036348840e-01	   4.4172324531808527e-01	   2.1014435384395569e-01	
   6.6562170237005425e-01	   4.8186443475191032e-01	   3.1307013041590037e-01	   6.1662958563171932e-01	   2.0908734297447248e-01	   3.1343107205539461e-01	   5.2325209029363839e-01	   7.5290342681908362e-01	   3.7215158929394343e-01	   2.2268405989490955e-01	   0.0000000000000000e+00	   9.5871106383824456e-01	   1.1882817107244890e+00	   9.3934234121552385e-01	   4.9312656894131518e-01	   5.4621653061234399e-01	   6.0949701780836318e-01	   5.8510749260580919e-01	   5.4176489180936716e-01	   6.3287447947593645e-01	   7.0124520395323256e-02	   2.5937624321531538e-01	   2.7748497376679515e-01	   3.9902367156501523e-01	   7.8088397765470607e-02	   5.6289712670702194e-02	   1.3180170643969863e-01	   2.6347676807283071e-01	   5.0806308108204323e-01	   5.5775671084490863e-01	   1.7217713982456001e-01	   3.8645868184425042e-01	   6.0847011591067346e-01	   6.1482964729093226e-01	   1.0411823962410739e-01	   1.4328662378427470e-01	  -1.6507712123079957e-01	  -1.7223486319657765e-02	  -9.9231996675286219e-02	   1.8486641101108614e-01	   4.4841505317757949e-02	   8.6003182418851881e-02	   5.5134970201690703e-01	   6.0948021541059860e-01	   5.2541955975660037e-01	   6.1978453572027359e-01	   5.4449906449888208e-01	   6.4467389328290492e-01	   5.9804857150787882e-01	   6.9981729140965387e-01	   5.4596005068878761e-01	   6.8033908277988775e-01	   5.3369372915574864e-01	   2.7915765965183581e-01	   5.2003211859733434e-01	   5.6955034815368977e-01	   5.0424762778069654e-01	   4.2870182279256064e-01	   7.0433836293052288e-01	   6.2223201676053608e-01	   6.8947006962897639e-01	   7.3233466020847460e-01	   8.3209414162338247e-01	   9.1588523327795290e-01	   2.3097757612406550e-01	   4.8219501984111285e-01	   3.7070069638978553e-01	   3.4548327625607189e-01	   4.2468513806317387e-01	   5.5393501378065713e-01	   2.0042187074185522e-01	   5.6491348169894276e-02	   2.2752814548067163e-01	   5.3288199898605493e-01	   5.9547627222586752e-01	   4.7466295409189752e-01	   2.4495723866489544e-01	   1.7564367965822925e-01	   6.1953130479208118e-01	   4.8651212933909255e-01	   7.5227322415444353e-01	   6.9458002718153344e-01	   2.7607153309798327e-01	   5.1945775026926211e-01	   4.6582404073171119e-01	   7.1985491621703279e-01	   1.3668131107292639e-01	   3.2871904234891336e-01	   5.7418248646502490e-01	   5.6383239020486831e-01	   4.1867978852388760e-01	   1.1239118876496509e-01	   2.4673486917303164e-01	   1.9951117468713259e-01	   3.4919145345928487e-01	   4.1089038340830586e-01	   6.8195479189234198e-01	   7.3349575173695092e-01	   5.9558144508644861e-01	   5.5977742468202818e-01	   4.1889903525166927e-01	   4.3236763391048416e-01	   2.5832770083792345e-01	   4.1279360317775970e-01	  -8.0141581573657944e-03	  -1.0915339311800241e-03	   4.4193121233810848e-02	   2.5677587945571845e-01	   2.4747938748804033e-01	   5.6718550313197269e-01	   4.9198534814286926e-01	   3.0946031515187911e-01	   2.9681864583460227e-01	   2.3733198340765690e-01	   1.2446952984365860e-01	  -8.8090405625187371e-02	
   6.9153363768914466e-01	   6.8417100835491051e-01	   3.4021624435436171e-01	   5.5456003757893635e-01	   2.4316304031032857e-01	   3.0732212298730122e-01	   4.6811820248585528e-01	   5.7979971702393773e-01	   3.6357636361232937e-01	   2.3807526963703468e-01	   9.5871106383824456e-01	   0.0000000000000000e+00	   8.3429237021517511e-01	   9.3929973197120897e-01	   5.7033693399151719e-01	   5.7436083188066334e-01	   5.8115345934475149e-01	   6.7604279959910785e-01	   4.3131057397887262e-01	   7.3038337033400402e-01	   9.4749738296027688e-02	   3.6903910107481158e-01	   2.6466408410239284e-01	   3.8846089508291248e-01	   2.3560306441227022e-01	   9.1417447852292236e-02	   1.8346632331523099e-01	   3.8832508664603582e-01	   5.4258555665949360e-01	   5.3191951936315851e-01	   2.2782970549915221e-01	   4.2753449184711589e-01	   6.7711659647845746e-01	   6.4368692842859543e-01	   1.8780037131631533e-01	   1.8967061762127915e-01	  -1.0565440201096980e-01	  -4.9370408173814558e-02	  -2.0796813035139208e-02	   2.6954608318479656e-01	   1.0724454567945269e-01	   1.1746955782309748e-01	   8.4760491350362299e-01	   7.2887801223795012e-01	   7.2026393136578060e-01	   7.8167882363031960e-01	   7.7762148491530581e-01	   8.0038395132076001e-01	   8.9049693575414601e-01	   9.1473127615248429e-01	   8.2576264076035433e-01	   8.9682929107128273e-01	   8.0200290521177420e-01	   4.2991766344036170e-01	   6.7786074740046787e-01	   6.8501910160285817e-01	   6.3039015540896060e-01	   5.3087840389306973e-01	   8.3146737454052588e-01	   7.7408668535514114e-01	   6.6695571183955049e-01	   6.4282363375908513e-01	   6.8166415119123536e-01	   9.5586738063643972e-01	   2.4980949665877422e-01	   4.7785331700163375e-01	   4.1016627567457753e-01	   3.6934331470397924e-01	   5.1066699043501651e-01	   5.0375757141837640e-01	   4.1407652840290610e-01	   2.7806583409368041e-01	   2.3937120728079381e-01	   4.2151792062977667e-01	   6.2263975403762717e-01	   5.1103653809093597e-01	   1.0401934257879711e-01	   1.3953820234128650e-01	   6.1948614737955776e-01	   4.3554722506673305e-01	   7.1601865054008329e-01	   8.3070894510821858e-01	   3.2818677964077075e-01	   6.0769931047714731e-01	   4.7707555611517261e-01	   8.3796364039399596e-01	   1.9631955844979632e-01	   3.2041723141490713e-01	   6.4448768297858183e-01	   7.4005992381826757e-01	   3.9947270370779275e-01	   1.4594408780451001e-01	   1.5332110852933997e-01	   1.8508728891554341e-01	   3.3612850443659581e-01	   4.7379125802941191e-01	   6.2161504054981576e-01	   6.7126921162374187e-01	   6.4100742692013857e-01	   6.1351613907893443e-01	   2.4937013555757565e-01	   4.1060006867761800e-01	   2.5897392580524936e-01	   3.4857997990885836e-01	   2.4694136951877922e-02	   7.0719060285143576e-02	   1.2425558897251124e-01	   2.6997579883618006e-01	   2.2273912742527804e-01	   3.2908200415074307e-01	   4.7235987010339509e-01	   3.5764852029081884e-01	   2.4619661602483867e-01	   2.3537706391758409e-01	   1.6633785051171079e-01	  -3.1807603805446638e-03	
   4.5733964869818539e-01	   3.1857476291452058e-01	   6.9013743331389310e-01	   6.9806891557362394e-01	   4.5910405276668032e-01	   5.2840537125242282e-01	   1.0163989912476477e+00	   8.0425574742736550e-01	   5.4558187760191346e-01	   2.8984354457757239e-01	   1.1882817107244890e+00	   8.3429237021517511e-01	   0.0000000000000000e+00	   1.0064975575628752e+00	   8.0081800350912746e-01	   8.7961715874512336e-01	   3.0933441042620835e-01	   3.4564484817114349e-01	   6.6908091552758286e-01	   7.3458879734565008e-01	   2.7525167333500644e-01	   4.9656706211944135e-01	   6.0109384035562885e-01	   6.2600416918098223e-01	   3.3579570846726392e-01	   3.3632228439016842e-01	   3.7571446630636929e-01	   5.3428232830458189e-01	   4.6777855904385152e-01	   5.3176254570880277e-01	   4.5971525818746106e-01	   6.6135365949289615e-01	   6.1944276545508137e-01	   6.6602075019499751e-01	   2.3522901402566421e-01	   2.4989821869413131e-01	  -1.0808735952526416e-01	   2.8904777689154393e-02	  -4.1673895143292143e-03	   2.5231943862232853e-01	   1.1959183366325353e-01	   1.3795016760832077e-01	   6.5421467722174775e-01	   6.0586871995923341e-01	   6.7486151990059040e-01	   6.3934058083973000e-01	   6.0074193693911504e-01	   7.0962883228828288e-01	   9.0193555353930566e-01	   6.6645446871777425e-01	   7.0094267743750827e-01	   6.8964196792844412e-01	   6.1108262634258093e-01	   4.3731511275380142e-01	   5.4991618269197229e-01	   6.3435952074173296e-01	   3.1179602087511621e-01	   2.5599140811074739e-01	   9.3843091701811554e-01	   5.8423756800818161e-01	   9.9757515405041663e-01	   7.9289737982766406e-01	   5.5092175016827716e-01	   6.8599798681895263e-01	   5.0421293168289405e-01	   6.1025090641830027e-01	   4.9377872749311280e-01	   3.7259520106709393e-01	   3.4580129669742754e-01	   4.4916840568415406e-01	   4.7513389980994164e-01	   2.8769837047709385e-01	   2.1412049664512689e-01	   4.2515384760707425e-01	   5.6418283401129465e-01	   4.4412009187264917e-01	   1.9598889053131480e-01	   1.0428173178059827e-01	   3.7473419686215226e-01	   3.5630864732224443e-01	   5.7108691700083991e-01	   5.6300827193219749e-01	   5.4452144611307440e-01	   6.5237432045085053e-01	   4.9992145565739687e-01	   7.5389475850501131e-01	   3.8856014691778268e-01	   4.2522476198024739e-01	   9.0237886925670197e-01	   8.4386044823454642e-01	   5.7464895048189923e-01	   3.5731994343895962e-01	   3.6884185514758711e-01	   4.3152204782497317e-01	   4.1415273391658503e-01	   3.9676817451556567e-01	   6.8110987779944565e-01	   6.8087432548491600e-01	   6.9162045272161721e-01	   7.4014796751979894e-01	   4.6794980610074727e-01	   6.0351447334543140e-01	   1.7320082588600216e-01	   5.3099023602574724e-01	  -4.7418405117959986e-02	   9.5058353765753598e-02	   1.8279303594996502e-01	   2.9404068168286390e-01	   1.5055188028630281e-01	   6.0236282720650958e-01	   4.5316721640982127e-01	   4.0670311937510872e-01	   3.8731293480483481e-01	   2.4691295799858964e-01	   1.9941057879800175e-01	  -1.2721645355876413e-01	
