   0.0000000000000000e+00	   1.0514175050105232e+00	   6.7390859064790731e-01	   2.4640658115669467e-01	   4.7863788670284191e-01	   4.9363843978585253e-01	   8.3348274857756866e-01	   3.9570314128617584e-01	   6.8428959410285251e-01	   6.0949469355353336e-01	   8.8109367467783906e-01	   3.6150951338855153e-01	   7.0836371048957292e-01	   3.6096919920948745e-01	   5.6403313177158843e-01	   5.8744512354460687e-01	   8.6632405706977655e-01	   7.9535427174971118e-01	   6.3161655379252990e-01	   7.1681300818318949e-01	   2.9378312926354527e-01	   2.9899671222159774e-01	   2.3876941307337124e-01	   1.3723319386916921e-01	  -1.3525204658620724e-01	  -1.6363995756722119e-01	   2.7394282811524007e-01	   2.8403910048759151e-01	   6.2775672580715414e-01	   6.8193654141756788e-01	   5.6831856317465880e-02	  -6.0065330180285842e-02	   5.4722489433561528e-01	   5.5645354734248975e-01	   2.4496852765839235e-02	  -5.9257096642040527e-02	   1.6242651595236693e-01	   1.6820241653541339e-02	   1.7703133598432350e-01	   6.8709684538100696e-02	   2.6043530295284767e-01	   1.9852309199367221e-01	   2.2037158681961064e-01	   2.4713519629819525e-01	   1.5361347473827652e-01	   2.2940408989296229e-01	   2.8878482001037081e-01	   3.5572001813349513e-01	   1.0750161806085340e-01	   1.4653702299087457e-01	   2.9063744946008929e-01	   5.8500726152060728e-02	   4.1699610227122896e-01	   2.3266288868735358e-01	   4.5769691686837005e-01	   3.6570835436914656e-01	   9.0365888124731086e-01	   7.5252846864364631e-01	   7.2161977502643193e-01	   3.6757526763370446e-01	   9.3583398043585309e-01	   3.8935502714857817e-01	   5.7340032409834041e-01	   5.7153735745632706e-01	   2.6957334229587659e-01	  -1.0203833939418284e-01	   2.0996991764726974e-01	   2.6157568953339514e-02	   1.0017424049234298e+00	   6.9788898258664811e-01	   6.1161632257326604e-01	   6.4149581451120108e-01	   6.6952807066226938e-01	   6.3198929821717109e-01	   6.2063464829710657e-01	   3.2485528300899780e-01	   9.0803478127182424e-01	   6.1356984894394440e-01	   6.2003232641077022e-01	   6.1895896584345700e-01	   6.6457712842408567e-01	   5.8714372068249343e-01	   6.9272960222562086e-01	   6.4863870272604940e-01	   5.2188903740190562e-01	   4.1261679476862634e-01	   2.7657358009688637e-01	  -1.7721101892415028e-01	   7.7166468302117108e-01	   9.0502554855457662e-01	   5.2660125360257393e-01	   8.5710771742092540e-01	   2.6394724745614123e-01	   4.6253199756535374e-01	   3.8202555521228271e-01	   1.1053816346928139e-01	   4.1057163857681622e-01	   3.9445340237723969e-01	   6.3517568832854299e-01	   9.4548012147478810e-01	   1.9602958234471243e-01	   5.5444726873666794e-01	   5.1542887040637497e-01	   7.5639706199788592e-01	  -1.5913862241293450e-01	   7.2856240633054445e-02	   5.4507573877860116e-01	  -1.8652752780903406e-02	   4.5121563378169798e-02	   9.8973367442917293e-02	   4.5218562001840601e-01	   5.3994467101130972e-01	   5.4850962159198347e-01	   3.0435283047808093e-01	  -3.0592435202525170e-03	  -1.7262680632867197e-01	
   1.0514175050105232e+00	   0.0000000000000000e+00	   5.1029099014826285e-01	   4.4637299578302991e-01	   3.9318709486327097e-01	   4.0770104868749835e-01	   4.0728260078050887e-01	   3.2400254068992262e-01	   3.9099667747858202e-01	   3.2353556155823276e-01	   4.8153062320498374e-01	   3.9691121246172040e-01	   1.3685889762231621e-01	   1.5782844376369498e-01	   2.2660603632404497e-01	   3.1815552135964220e-01	   8.6635025730210580e-01	   9.3199928903484586e-01	   6.4491559791844377e-01	   8.9067689270890471e-01	   1.5656245274004074e-01	   2.1756747817422092e-01	   1.3439161548147111e-01	   1.9053079121584349e-01	  -1.7741772251413002e-01	  -1.4262398932473844e-01	   2.0131292753597327e-01	   2.4358351954039620e-01	   5.6342022065137343e-01	   6.5838851986675717e-01	  -8.1665549034690407e-02	  -9.5785873778682321e-02	   5.2939782357105813e-01	   5.2085300092202869e-01	  -1.1183598928384351e-01	  -4.0199629129113817e-02	   5.7233964009434611e-02	   2.4132220286116061e-02	   1.0724364765314899e-01	   1.3787204433214267e-01	   3.4179387661009752e-01	   3.8153765454735900e-01	   3.8208454402152658e-01	   3.6652594984231551e-01	   2.8610042214615539e-01	   3.3570516257013566e-01	   4.4397090681106055e-01	   4.6459996638078849e-01	   3.1307493222673688e-01	   2.6976473020134212e-01	   5.1807573620229075e-01	   2.1474822302232077e-01	   6.8363260965530581e-01	   3.8189216233677442e-01	   5.5219350382851196e-01	   5.8434080772672159e-01	   1.1032040060119308e+00	   1.2112739742456486e+00	   5.0457725201848524e-01	   4.7848133840741675e-01	   4.3183657022851724e-01	   2.2572931194554557e-01	   6.2973695077363556e-01	   6.2540031030816590e-01	  -1.1331672478714222e-02	  -1.0154542560482364e-01	   3.7202519402561895e-01	   2.8107085578546775e-01	   9.4955017297633304e-01	   7.6532494728225064e-01	   4.1215357231536209e-01	   4.0722953656988886e-01	   7.2924848934176367e-01	   7.6648391480876688e-01	   7.5906212566176001e-01	   4.2927481422412506e-01	   7.4244190686761502e-01	   5.8612369564081856e-01	   6.3003923146049301e-01	   5.5652236273112021e-01	   6.6156188536403415e-01	   5.7199144020367210e-01	   6.0565053343019271e-01	   6.8592377222370826e-01	   5.3093062663973101e-01	   5.5069075671807799e-01	   3.7397360603058621e-01	  -1.3734301772647839e-02	   5.6260693016162033e-01	   7.9079826041798751e-01	   4.4513683834951673e-01	   4.8013296608003697e-01	   1.2616170016799905e-01	   1.1908457686104647e-01	   3.1344890985938390e-01	   1.0391632126921789e-01	   4.5465987264150842e-01	   3.1972710561603401e-01	   9.2118831963640713e-01	   8.5500026270332341e-01	   3.1259220098701429e-01	   3.1442335070235256e-01	   6.6505189511407881e-01	   6.3944993263594752e-01	  -5.4896811533135671e-02	   6.5751472868441671e-02	   4.7402461734449952e-01	  -5.0122077828262113e-02	   2.4900565635417045e-02	   7.6653766412865892e-02	   4.4440451594210345e-01	   6.0387048849545399e-01	   6.8460679995228346e-01	   3.3920350745799172e-01	  -3.7834539352293244e-02	  -1.9761400962851047e-01	
   6.7390859064790731e-01	   5.1029099014826285e-01	   0.0000000000000000e+00	   4.6215440862441626e-01	   5.4732093760564071e-01	   4.3858446097467696e-01	   8.7777869300543343e-01	   3.3562643791291885e-01	   4.7114321278520532e-01	   5.1415064267774180e-01	   4.6665672064779085e-01	   1.1877860632129153e-01	   3.8615619597745965e-01	   5.6630257072285244e-02	   5.8243353421162236e-01	   5.4419809588716717e-01	   4.8465308219886705e-01	   4.7861968528113474e-01	   7.7876389444073402e-01	   8.6102206104131906e-01	   5.3765684305260930e-01	   3.9612872061468601e-01	   5.4914671422033545e-01	   3.5892091321348091e-01	   7.9143166497338158e-02	   1.4335100427241870e-01	   3.5325076422960472e-01	   2.8723145532102340e-01	   7.4441084738844010e-01	   6.1951199707666904e-01	   6.5724031385376080e-01	   5.2346696829419892e-01	   8.5940269026086402e-01	   7.2129506659166354e-01	   1.7335545242523498e-01	   5.6131305778770998e-02	   3.3000204785113990e-01	   8.4713763709101608e-02	   4.3474682842664802e-01	   2.9213759620257929e-01	   4.1605237819629148e-01	   1.8892482947825118e-01	   1.5158780862191581e-01	   1.8910081380429081e-01	   1.1930594894782483e-01	   1.4831118902979232e-01	   2.0500146943689135e-01	   2.8887647821131046e-01	  -1.7847879817142948e-02	   4.7919374649561586e-02	   1.6061579704505025e-01	   5.4834984134843633e-02	   1.3343692205637928e-01	   4.7237699816231452e-02	   3.6354435227096860e-01	   2.2536451211155323e-01	   5.2866953603610090e-01	   4.8109635125624522e-01	   3.2917357991258428e-01	   1.4265768913514132e-01	   4.0528332366171538e-01	   1.1503081386417223e-01	   2.7883576557905060e-01	   3.3340579953057858e-01	   2.9172788916576214e-01	   5.9597235433496147e-02	   2.5304163421422254e-01	   8.0296435684260009e-02	   5.6713530085559305e-01	   5.1845397474995836e-01	   4.5510652182192990e-01	   5.5071938401029175e-01	   7.1036323060685680e-01	   6.6850867757458987e-01	   7.2791036863119662e-01	   4.7491434563533291e-01	   7.2303712070761528e-01	   5.5023622200841082e-01	   4.5314471311322135e-01	   4.0414168835805458e-01	   3.6339830878012230e-01	   3.2681753051241413e-01	   6.1052534521235957e-01	   5.2682854809178048e-01	   1.4104967168665988e-01	   1.3302861306890512e-01	   2.7927475672011504e-01	  -1.4192052274552594e-01	   5.7851960936125835e-01	   5.8852439318678196e-01	   2.5199495259971116e-01	   5.8468995315402461e-01	   9.6892520788554815e-02	   4.4029970463388185e-01	   3.5786853917452688e-01	   2.1456962545737063e-01	   4.4737974665535207e-01	   3.7764591682136178e-01	   3.7103302412776085e-01	   5.2659829540969683e-01	   1.3920588941293713e-01	   7.3145049219191760e-01	   2.1207463452426248e-01	   5.7915488036716900e-01	  -5.8294954899336247e-02	   2.4555841720833252e-01	   4.3396000191163664e-01	   5.2802983101446592e-02	   1.7312879930322092e-01	   3.7873134540306846e-01	   4.2157365262413438e-01	   3.3573548393436964e-01	   3.0735931560570295e-01	   2.4752370282051656e-01	   4.1280360856361824e-02	   9.8062779303379546e-02	
   2.4640658115669467e-01	   4.4637299578302991e-01	   4.6215440862441626e-01	   0.0000000000000000e+00	   3.1248865241994317e-01	   4.7441107499558216e-01	   2.6214814991918783e-01	   9.4030619360263334e-01	   2.9771819075150652e-01	   3.5789906136738481e-01	   1.3590327629811669e-02	   5.5307027943496245e-01	  -2.1897870625033519e-01	   3.7497461153069528e-01	   6.1198757584056199e-02	   3.3215555903000421e-01	   5.3992346265912217e-01	   6.0360537763956967e-01	   6.0915629081949633e-02	   3.7870069098834336e-01	   3.1029308391997895e-01	   5.2386041669363681e-01	  -1.0646119089620558e-01	   5.2343373397278836e-01	  -9.2839270983987657e-02	   3.0304878967135696e-01	   1.9974017024191315e-01	   2.5995020917304856e-01	   5.6793145091587394e-01	   6.5083265376355126e-01	   1.3457208788985578e-01	   5.0522179166337988e-01	   8.8176146550081724e-01	   8.8189131196265036e-01	  -6.3192743734687917e-02	   3.9304859182219198e-01	   2.5620642855969367e-01	   4.4612381066267903e-01	   5.1016612959337881e-01	   7.3967949871824412e-01	   5.7022828937305514e-01	   5.4331625386891957e-01	   1.9435377893827957e-01	   1.9831660797756234e-01	   1.5699653530448138e-01	   1.1737863177643859e-01	   2.9859622561988042e-01	   3.8029924400145698e-01	   1.4593585109789453e-01	   1.4599243119799388e-01	   5.3258730861155235e-01	   3.7837471156822788e-01	   2.2023480620860481e-01	   9.1688807679996020e-04	   5.0019905872836312e-01	   5.0138373817298842e-01	   5.7504697273860228e-01	   6.2715389124194898e-01	   2.1943077262224775e-01	   8.6778821726894950e-01	   1.3155339269737171e-01	   4.8497203985755472e-01	   5.6109021954093552e-01	   7.4708056688886515e-01	  -2.8603439362066829e-01	   5.6510744870532359e-01	   8.9828437609201328e-01	   1.0387326933065726e+00	   3.7930395291852559e-01	   5.3835214555934918e-01	   3.0671544297002445e-01	   5.1400375478091020e-01	   5.6930180699120769e-01	   5.8585414506587552e-01	   5.8215832135753165e-01	   5.1164517954634925e-01	   4.1284466680021109e-01	   7.5645914822636628e-01	   5.8020669150147930e-01	   3.6070074970856969e-01	   6.7661546954652463e-01	   5.6721920630312217e-01	   3.4283662776284135e-01	   6.0900949044889363e-01	   5.6394321794815860e-01	   9.5247232196039200e-01	   3.5548834775071682e-02	   7.7823809539786445e-02	   3.4368736997109828e-01	   6.5038581684143648e-01	   3.7138127206348770e-01	   1.6814655371377393e-01	   3.2404489088226418e-01	  -2.1520812185192700e-01	   4.0426022836460201e-01	   3.6266752575691003e-01	   6.1678400685303714e-01	   5.9973869745606101e-01	   4.5788670718939017e-01	   2.9546693898960347e-01	   5.5795598826028170e-01	   4.1347469196433298e-02	   5.1219579209499644e-01	   3.2426804207025739e-01	   5.4199984092198117e-01	   4.2153983174414988e-01	   4.9994420671634954e-01	   1.2164721274876861e-01	   2.8399609450581664e-01	   5.6955951248713377e-01	   4.6933846303686499e-01	   3.9095792572842036e-01	   3.7333936412211255e-01	   2.6853957839795839e-01	   1.0734916216203788e-01	   3.0587877791867266e-02	
   4.7863788670284191e-01	   3.9318709486327097e-01	   5.4732093760564071e-01	   3.1248865241994317e-01	   0.0000000000000000e+00	   1.0136733211848421e+00	   5.6008489313337440e-01	   3.9089570178832650e-01	   1.0319468779781014e+00	   8.3972091813548488e-01	   4.7206196836828812e-01	   1.4057511968098793e-01	   3.4340709563726746e-01	   2.4110255197256886e-01	   8.7876267627875360e-01	   9.0614751567039264e-01	   6.1492841103581164e-01	   6.1008530891015578e-01	   4.1474963084291994e-01	   4.1795585157307880e-01	   7.4243179490939015e-01	   7.2606927448948277e-01	   5.1905981602596307e-01	   4.7299907203552805e-01	   1.4734011176346157e-01	   2.3039705130969157e-01	   1.1353482046769234e+00	   9.5693451581705913e-01	   5.4894386769241610e-01	   6.0376746242770685e-01	   2.6333811317489908e-01	   1.9101353597212636e-01	   3.9173130231674769e-01	   3.5847267610660205e-01	   6.2760164971895155e-02	  -2.6151654223605592e-02	   3.3691710769338185e-01	   8.1856945588079988e-02	   2.8825949468995371e-01	   1.9769342841620252e-01	   4.4430802719573120e-01	   4.1980434074387069e-01	  -3.0780214608658471e-02	  -4.4501612458418001e-02	  -1.2591833357424434e-02	  -4.1530802923246402e-02	  -3.1632553232753553e-02	   4.6357257980753899e-03	  -1.0605458950418400e-01	  -1.1822091630504765e-01	   1.4948742475859583e-01	  -1.1300263869587006e-01	   9.2202157759100914e-02	  -9.5667201009207892e-02	   1.7565105312627571e-01	   5.0079256789085883e-02	   5.3854514259158548e-01	   5.6259566459606325e-01	   3.2631423727184361e-01	   1.7349398678946584e-01	   4.8973602103739755e-01	   2.6045582460297578e-01	   4.1831389104682154e-01	   4.6580552428826200e-01	   2.8811150892435100e-01	   5.1319176142738503e-02	   7.2135533093338866e-02	  -2.1729663354574567e-02	   3.5277784020465985e-01	   2.6222589325930312e-01	   5.3159312836403760e-01	   5.3458890492967814e-01	   7.7497212607724064e-01	   5.4315349104029664e-01	   7.6711964199629579e-01	   4.4275971122044777e-01	   5.7075683302918712e-01	   4.0254452686037789e-01	   6.3395920051394039e-01	   4.9405382796768077e-01	   6.2788870196319457e-01	   4.4070891773475063e-01	   7.3122049461068717e-01	   7.7114115891533019e-01	   3.3733318622932762e-01	   2.5191348271056968e-01	   2.0519475252770328e-01	  -2.0885074597539652e-01	   7.3170950118595168e-01	   6.3466074736877187e-01	   1.2310020843390684e-01	   4.3086157316979690e-01	   1.3260029482448776e-01	   2.8123327931755204e-01	   3.8415262249774970e-02	   2.8090493233408662e-02	   1.7533028073387316e-01	   1.1254641191858998e-01	   2.3631363748991102e-01	   3.0486443747948000e-01	  -5.8588722778727592e-02	   2.5888632383518179e-01	   8.9367826188225377e-02	   1.9401078803109445e-01	   1.7574482028215623e-02	   1.4315382537249607e-01	   3.2282147851861853e-01	  -2.5105539432696111e-01	   1.0619862521687755e-01	   9.6926532209221289e-02	   2.1773164264869604e-01	   3.0062332855877461e-01	   1.3434308287574268e-01	   1.1948807185836290e-01	  -1.3429460942707921e-01	  -1.1131330175315489e-01	
   4.9363843978585253e-01	   4.0770104868749835e-01	   4.3858446097467696e-01	   4.7441107499558216e-01	   1.0136733211848421e+00	   0.0000000000000000e+00	   5.5818295282221897e-01	   6.3766752282058925e-01	   1.0632338923432334e+00	   1.0455496456179489e+00	   5.4923525352252645e-01	   4.2686100417988165e-01	   3.6631542821023805e-01	   4.8113784660741044e-01	   7.2974918602557148e-01	   1.0439515110903568e+00	   5.5274153889789990e-01	   6.8036754561558410e-01	   3.6440694125347345e-01	   4.9764738954284399e-01	   9.0521429612373339e-01	   9.2461209954131474e-01	   2.8520352523999248e-01	   5.3908683271877034e-01	  -5.2903980671877272e-02	   1.7833492912995383e-01	   9.6631769478699070e-01	   1.0752423477129081e+00	   5.0772124633156401e-01	   6.5329648242563709e-01	   1.3439773145876316e-01	   1.6048568825666007e-01	   4.1349802919565931e-01	   5.0101427231615336e-01	   5.4975262126497462e-02	   1.1008187166421374e-01	   2.0777976062344941e-01	   7.2003375254913890e-02	   2.4326163835537642e-01	   1.7373477312293667e-01	   2.9652515249248884e-01	   3.4349324644673879e-01	   7.8351001237369475e-02	   1.0668803261303379e-01	   1.9227987253690132e-01	   1.3043306550974931e-01	   6.5383750824692763e-02	   1.6353754643887999e-01	   3.1991878484781307e-02	  -9.2874414552617385e-03	   2.7819029500060333e-01	   4.4471892943569034e-02	   1.6306486939042220e-01	  -5.2447487600587664e-02	   2.2129585563096413e-01	   2.4269279863268406e-01	   5.2268727281332406e-01	   5.0002041348455883e-01	   2.2768310169957848e-01	   2.8050709434211196e-01	   4.9549415923741019e-01	   4.2091793188858168e-01	   4.9260431058695092e-01	   5.9272465814708364e-01	   1.4559395915365692e-01	   1.5573734253693711e-01	   2.2100369663144762e-01	   1.7630035965836624e-01	   3.5556164192856804e-01	   4.1108708919899717e-01	   7.0646701520493271e-01	   6.2146021553145492e-01	   6.4574314463009697e-01	   5.2095381136577412e-01	   7.1706778277285088e-01	   4.5003432484593642e-01	   6.4204101016318715e-01	   5.8660724244911744e-01	   5.7940094660478159e-01	   4.5003164267252987e-01	   7.2428794686072395e-01	   5.6442243313938267e-01	   7.2058951319994646e-01	   9.9196230236910543e-01	   5.3685246590798552e-01	   4.9382596477811680e-01	   7.4251448223859665e-02	  -1.4909876725564464e-01	   5.9550772489938630e-01	   6.7507013993568044e-01	   3.8430191715078049e-01	   4.9749756142402835e-01	   3.1886592066367803e-01	   1.3550829058442443e-01	   1.7913671234690340e-01	   1.2433274627851351e-01	   2.8932853406477865e-01	   2.9668312390789070e-01	   3.8096583322225908e-01	   4.1452210483049240e-01	   1.7372363846194369e-01	   1.2811119818237085e-01	   2.3529533379294881e-01	   1.7677346348376591e-01	   5.9063682122730568e-02	   8.9550578476003173e-02	   3.7759748848797753e-01	  -2.8068792839605405e-01	   2.0085242586614097e-01	   1.4571737722053754e-01	   3.2478841369402578e-01	   4.0599808155149569e-01	   2.5167589771669402e-01	   1.2593888070427431e-01	  -1.3395108960973712e-01	  -2.4497259563323520e-01	
   8.3348274857756866e-01	   4.0728260078050887e-01	   8.7777869300543343e-01	   2.6214814991918783e-01	   5.6008489313337440e-01	   5.5818295282221897e-01	   0.0000000000000000e+00	   7.1200483089604505e-01	   6.3285186570447116e-01	   7.0513995452645739e-01	   8.7537818906809317e-01	   4.7288381186113410e-01	   8.3332195964093381e-01	   5.4848091971733148e-01	   5.7067625569647151e-01	   6.2349313636176307e-01	   5.3312727602046217e-01	   5.4595008359156827e-01	   5.0415634585307134e-01	   5.6672082102229737e-01	   4.1373143712708149e-01	   3.4641876672445698e-01	   2.0300820761148233e-01	   1.4373031689165416e-01	  -2.1205646325634647e-01	  -2.0725778722497851e-01	   2.1358561477125887e-01	   1.8928312365418637e-01	   7.2006149121719687e-01	   7.6771047853415897e-01	   1.2890313946453291e-01	   7.4127646109556050e-02	   6.0570248969951290e-01	   7.0239305621295067e-01	  -8.3179182126317532e-04	  -4.4992979069274068e-02	   1.7407759170824055e-01	   2.6042971011427739e-02	   2.9371264601576413e-01	   6.1430456567831720e-02	   1.9751810821873642e-01	   1.0009927523414561e-01	   1.3827701289002643e-02	   6.1680261564860478e-02	   8.5038790411385692e-02	   9.1111843264187836e-02	   8.7166265587714259e-02	   1.7960773034968824e-01	  -6.6026414202657091e-02	   1.6060221984636747e-02	   8.9241402161054750e-02	  -7.3135258743405235e-02	   9.2996582756769933e-02	  -9.6812779630382085e-03	   2.9078568006585981e-01	   1.3659180810148902e-01	   4.2984302303521621e-01	   3.5564949846104460e-01	   4.5132924508477462e-01	   2.4037146890715683e-01	   1.1625917254210281e+00	   6.8951831871460589e-01	   5.0036298414714275e-01	   6.3366603002346655e-01	   3.7959714750105644e-01	   8.0918982964134883e-02	   1.1146413201762655e-01	  -5.3098375910569463e-02	   5.0289264654374954e-01	   4.1306106512881674e-01	   5.0058318032177729e-01	   4.3426749102561407e-01	   5.7541705673578458e-01	   4.3320142067767342e-01	   4.8519019483407921e-01	   2.4046678420720602e-01	   5.7836321427520665e-01	   4.0712058331314482e-01	   4.6386935620217462e-01	   4.4700827834831103e-01	   4.7442489403214805e-01	   4.6314018722117511e-01	   6.0215807211092121e-01	   5.4028426886067971e-01	   3.9982366147655357e-01	   2.5859432054649600e-01	   1.0165016815692226e-02	  -3.2253569964980017e-01	   7.9554905024238365e-01	   8.2778670032037238e-01	   5.4441731094326684e-01	   8.5465791790395262e-01	   4.3557219880628134e-01	   6.2028301500443495e-01	   2.5606095206016505e-01	   1.4252624537129846e-01	   3.5553090029843026e-01	   3.3971723726284353e-01	   3.4073836505708499e-01	   6.0806534030508552e-01	   1.8437829071295042e-01	   7.0483893928982100e-01	   2.0341449505007000e-01	   5.8657229494454055e-01	  -1.6663110107913334e-01	   1.4602376605412551e-01	   3.2983637593932086e-01	  -1.0780877066231587e-01	   2.6953133217571930e-02	   2.1019884460213673e-01	   3.2870496536303023e-01	   3.9010991243038190e-01	   3.4500348341320958e-01	   2.0268129342831281e-01	  -1.5822434863009877e-01	  -1.0748425158646736e-01	
   3.9570314128617584e-01	   3.2400254068992262e-01	   3.3562643791291885e-01	   9.4030619360263334e-01	   3.9089570178832650e-01	   6.3766752282058925e-01	   7.1200483089604505e-01	   0.0000000000000000e+00	   4.9976857572005906e-01	   6.3264925454468457e-01	   3.9897532244881362e-01	   1.0218130478102838e+00	   2.3816857348774334e-01	   1.0354606144435519e+00	   2.5186095379412976e-01	   5.6692515167743918e-01	   6.1524347370930554e-01	   6.7128454590036513e-01	   6.5079537586982969e-02	   3.2722571224488123e-01	   3.7484000524965722e-01	   5.5458431684287324e-01	  -2.0187255971680768e-01	   3.4041157573615821e-01	  -2.8236253073925804e-01	   8.2776161481671121e-03	   2.0044140766291677e-01	   2.4155017404917728e-01	   6.7631561645112859e-01	   8.8406276982701248e-01	  -8.7220644112229337e-02	   2.0228018959084862e-01	   6.7791566899309719e-01	   9.6384966007976847e-01	  -1.2534011249019789e-01	   2.5315992974385437e-01	   1.7007020789227759e-01	   2.6440925973811807e-01	   3.5456653931169341e-01	   3.0749831714501641e-01	   3.0959976960981833e-01	   2.9430954766138684e-01	   2.5795023668503038e-02	   4.4891982586293296e-02	   1.1135178831784677e-01	   6.4699962922029869e-02	   1.1272634756814073e-01	   2.6336277405812381e-01	   2.5327168522843967e-02	   6.1457417424841877e-02	   3.2684657357781571e-01	   1.2793239055231942e-01	   6.1975796234542149e-02	  -1.0376004138080568e-01	   3.3796696990968628e-01	   3.0565128182126650e-01	   4.0714565622487020e-01	   4.1711561694120730e-01	   2.6178625827676427e-01	   6.8145164547017545e-01	   6.4596047594757811e-01	   1.1994162560403554e+00	   7.4823735339866593e-01	   1.0832590697109330e+00	  -3.4926144502471751e-02	   5.2775955175564648e-01	   5.2571675627960046e-01	   5.4338672202485871e-01	   3.6052203993542126e-01	   4.8466598888779000e-01	   4.3410052969886104e-01	   5.3388778472523657e-01	   5.5109005539700884e-01	   4.6139301687985151e-01	   4.7135187881186796e-01	   3.8779492472183519e-01	   4.1626205071694522e-01	   5.8094341056105514e-01	   5.9472067739456336e-01	   4.1853534603861986e-01	   8.1073941544400574e-01	   7.2448181780352294e-01	   4.0513143625907022e-01	   6.7051077429033068e-01	   8.3034353539075467e-01	   9.4475204878830565e-01	  -2.0882958470247065e-01	  -1.6212108097383740e-01	   5.6715673503774966e-01	   8.8146341260415795e-01	   6.7989970522997289e-01	   5.2941458468431946e-01	   6.9980556083134937e-01	   1.0907766533973413e-01	   3.2754900653575614e-01	   2.4198011674425604e-01	   5.0365278036739114e-01	   5.6100021506548359e-01	   4.0990490070514707e-01	   4.4696129697620623e-01	   5.3315216183039782e-01	   2.0847671880499047e-01	   4.1685258573900297e-01	   3.9179594075705693e-01	   3.0279842887995434e-01	   3.4809714724848978e-01	   4.3757184420589812e-01	  -6.1981979567717019e-02	   1.4470975629589966e-01	   3.7243138138575288e-01	   3.9084963998265099e-01	   4.5666255287453239e-01	   3.8737852445794485e-01	   2.3838048511321741e-01	  -5.0859678616922387e-02	  -2.0680285714155391e-01	
   6.8428959410285251e-01	   3.9099667747858202e-01	   4.7114321278520532e-01	   2.9771819075150652e-01	   1.0319468779781014e+00	   1.0632338923432334e+00	   6.3285186570447116e-01	   4.9976857572005906e-01	   0.0000000000000000e+00	   1.7637924232433444e+00	   6.2467679712340063e-01	   1.6302951482113678e-01	   7.1419778174193738e-01	   4.2913120220907391e-01	   1.1559734137607782e+00	   1.4264073068614755e+00	   7.0822218278632310e-01	   7.1393755746931276e-01	   2.8866506410108073e-01	   3.3577717317793021e-01	   8.4084865412710297e-01	   7.8434275707916556e-01	   3.5002763521318853e-01	   3.4479472512915066e-01	  -1.3876997956373738e-01	   9.5209728041728055e-03	   8.4978980226245271e-01	   7.4220920080960540e-01	   5.4853006665987525e-01	   6.8258193840317516e-01	   1.8674190954378803e-01	   6.8693402559113631e-02	   4.1056114284854311e-01	   4.2139450731010886e-01	   8.5766643803708756e-02	  -5.2140545906000904e-04	   3.4916212610001907e-01	   1.0776514499855479e-01	   2.7848591205659473e-01	   1.4062730319183181e-01	   4.2047741634848429e-01	   2.8319311145582615e-01	  -1.1181488910833981e-01	  -8.3393888075223646e-02	  -8.5291554377825179e-02	  -9.4598687556288863e-02	  -1.1411814612205759e-01	   3.0217642693563473e-02	  -2.7086330001664527e-01	  -2.4520899111619981e-01	   2.6685692763955073e-02	  -2.0454590880094409e-01	  -5.7786677819414559e-02	  -2.2780505627037356e-01	   1.3117587569942904e-01	   6.5872615172376192e-02	   5.1522695294649890e-01	   4.9843241854916165e-01	   3.6053794859180749e-01	   1.4352933571840937e-01	   6.8567690169424922e-01	   3.3352022127134623e-01	   4.9531817345574802e-01	   4.7244755130227534e-01	   2.3918042994051131e-01	  -4.8239025952844648e-02	   1.2160310601501384e-01	  -2.3571228221559673e-02	   4.6527150373665316e-01	   4.8105321799149137e-01	   8.6425335083901733e-01	   6.5419302609951613e-01	   7.2079372676429421e-01	   5.5109313096528623e-01	   7.4130928178357181e-01	   4.1523361868967185e-01	   7.1695556620816925e-01	   5.7841579527134079e-01	   7.1527172191272603e-01	   7.2012240043467435e-01	   7.7821462278660969e-01	   5.8310448605561127e-01	   6.8384592779682585e-01	   7.6696403641864508e-01	   4.2388266044733613e-01	   3.5234054622355671e-01	   3.2010211585343736e-02	  -4.3025861842246821e-01	   7.0664615366702399e-01	   6.5156288845159149e-01	   2.8916024740704549e-01	   6.6946661746907288e-01	   2.6952939710069301e-01	   3.4631700398822296e-01	   2.7137159450927828e-01	   1.2970702258634242e-01	   3.0148875521601393e-01	   3.4335370796060877e-01	   3.2618041761145378e-01	   4.6257573288590637e-01	  -4.8085738140979592e-02	   3.2236738995030584e-01	   1.2969227803522806e-01	   2.5737973177974716e-01	   2.6621855249594678e-02	   3.0494708575711675e-02	   4.8891129484229801e-01	  -1.3670809409965284e-01	   2.2163986422241411e-01	   9.1674126903565065e-02	   3.9519748354805334e-01	   4.4116586688035553e-01	   1.9152421241959477e-01	   1.3101200955312239e-01	  -1.2803226322532216e-01	  -1.0027651632688776e-01	
   6.0949469355353336e-01	   3.2353556155823276e-01	   5.1415064267774180e-01	   3.5789906136738481e-01	   8.3972091813548488e-01	   1.0455496456179489e+00	   7.0513995452645739e-01	   6.3264925454468457e-01	   1.7637924232433444e+00	   0.0000000000000000e+00	   5.9119605959948818e-01	   2.2646409136440404e-01	   7.1417925904865287e-01	   4.8559777212678401e-01	   1.0879973570813104e+00	   1.5263032092065572e+00	   6.7310768888293770e-01	   7.1803770102591147e-01	   2.7802046922997914e-01	   3.3959007578036643e-01	   8.8396489858723371e-01	   7.8848473762073834e-01	   2.7337182840429425e-01	   3.4381703546743958e-01	  -2.0737876718920625e-01	  -3.1081519735227200e-02	   7.3899772512514561e-01	   6.5774982395613690e-01	   6.0703687553435681e-01	   7.6717955948314764e-01	   1.9877215902205203e-01	   9.8025490208400484e-02	   4.5698881046966033e-01	   4.8959561481461383e-01	   4.8305050334789490e-02	   1.9445068507434753e-02	   3.0457693875755620e-01	   9.0362151178490960e-02	   2.8901599511567377e-01	   8.8032713380231012e-02	   3.9869944533374679e-01	   2.0557812024565514e-01	  -2.0622795630666674e-01	  -1.7284043102029209e-01	  -1.5115747587685624e-01	  -1.6662988428433212e-01	  -2.0492356585779123e-01	  -2.2159190949756001e-03	  -3.6723862269623458e-01	  -3.1674762668657719e-01	  -5.7691874059951305e-02	  -2.7281918952213324e-01	  -1.9277883696494705e-01	  -3.3513440530070321e-01	   2.7775786007981723e-02	   7.5597109942509200e-04	   4.9167919600908960e-01	   4.7011307434509908e-01	   2.7211961042813959e-01	   1.1531201303766483e-01	   6.7270982339604435e-01	   4.0643056686365753e-01	   5.1791272396183541e-01	   5.1375110439058624e-01	   2.0888287985057918e-01	  -2.1962693974958390e-02	   1.2231319641969747e-01	  -1.8817740463867701e-02	   4.4719674636698659e-01	   5.0327567827248876e-01	   7.9783419012194623e-01	   6.3214223538866876e-01	   6.4626992395982730e-01	   5.1216643327813083e-01	   6.2423856819546009e-01	   4.1657750174625607e-01	   6.7739260456806683e-01	   5.7350341712944009e-01	   6.8746758253181317e-01	   6.6287706307706096e-01	   7.5381200715326446e-01	   6.0263485140269890e-01	   6.5007319697449417e-01	   7.7101459277024664e-01	   3.9198655966261847e-01	   3.5256559741940652e-01	  -8.0369383513980763e-02	  -5.1091450900126933e-01	   6.8303341076832758e-01	   6.2602969187275859e-01	   3.2488851269733737e-01	   7.1471797178896190e-01	   3.4827749679355280e-01	   3.5274165592491963e-01	   3.2322420725727091e-01	   1.9137041798387408e-01	   2.7890791900513473e-01	   3.4199067845630676e-01	   2.7192213153760286e-01	   4.7441745045362232e-01	  -2.0200186681778313e-02	   3.3473763231737969e-01	   7.4530945050623840e-02	   2.3255042133845416e-01	  -1.4646870334334072e-02	   6.0091519885845553e-02	   4.7150156334806848e-01	  -1.8116812416386688e-01	   2.2237713883639798e-01	   1.3340603969793693e-01	   4.0777642047710932e-01	   4.0059640819861347e-01	   1.8691769445094514e-01	   7.8757504084648017e-02	  -1.6427551133027313e-01	  -7.9864203929161895e-02	
   8.8109367467783906e-01	   4.8153062320498374e-01	   4.6665672064779085e-01	   1.3590327629811669e-02	   4.7206196836828812e-01	   5.4923525352252645e-01	   8.7537818906809317e-01	   3.9897532244881362e-01	   6.2467679712340063e-01	   5.9119605959948818e-01	   0.0000000000000000e+00	   6.1261078818170267e-01	   1.0616479651361466e+00	   6.6645678571451972e-01	   6.2141742225007457e-01	   6.6751764778974820e-01	   5.3780144111026962e-01	   5.4278922537886531e-01	   4.9142897712085176e-01	   5.1896446400425555e-01	   3.4505830207573929e-01	   3.3545223096308224e-01	   1.6908553882855057e-01	   4.9987636370404744e-02	  -3.1196498869088268e-01	  -3.8105875342822004e-01	   2.9038762132474538e-01	   2.6490837480469148e-01	   6.4108725619146023e-01	   6.3666130432342893e-01	  -5.3647015037107580e-02	  -1.7593140891894005e-01	   3.0905579161941332e-01	   3.6591674951372438e-01	  -1.8580694371625012e-01	  -3.0288966145758756e-01	  -6.2477069625953369e-02	  -2.4734925858496060e-01	  -2.9831083972566466e-02	  -1.8521507014420024e-01	   4.4520020497815359e-02	  -1.5661737739605421e-03	   1.1099983497642313e-01	   1.7419267243982917e-01	   1.3754745277232033e-01	   2.0557667423251752e-01	   1.2337732324468034e-01	   1.9904055119452119e-01	   7.0788492441668349e-02	   1.4636589657786939e-01	   1.1422460764831344e-01	  -5.0044401409160159e-02	   2.2597638288689287e-01	   1.6020949613585297e-01	   1.5067294345739995e-01	   1.6563315856993699e-01	   2.9337209703058897e-01	   2.6899722772034185e-01	   2.4554607458679761e-01	   1.1655019153774891e-02	   8.1166292070589430e-01	   4.0307185367234055e-01	   6.2854790468599953e-01	   5.3807110164466787e-01	   2.4653294945380416e-01	  -1.9187897224628028e-01	  -9.0181811896923481e-02	  -2.3680596694253098e-01	   4.1912385936818597e-01	   3.8244106410650924e-01	   5.1676628721633744e-01	   3.2527849284667565e-01	   4.3620584117655070e-01	   2.8046413771668888e-01	   4.3528353199447334e-01	   1.4520064936898891e-01	   6.2125429142939659e-01	   3.6198744651534659e-01	   2.9708699785517934e-01	   3.2239765314491176e-01	   4.7908392166143354e-01	   5.1861936727741864e-01	   6.5237850465629943e-01	   5.8148055015780098e-01	   4.9791903683655830e-01	   2.0783649636187718e-01	  -2.8380134791365020e-02	  -3.4367728382626583e-01	   4.7242827373133539e-01	   5.0956803241897453e-01	   3.2041313015036543e-01	   5.7987705379020271e-01	   9.4854858169041142e-02	   2.9888166788336973e-01	   1.0420784614476614e-01	   7.9306674957020290e-02	   3.2207141791593112e-02	   1.1319087354588261e-01	   2.3883697869438181e-01	   4.7482388197362602e-01	  -9.4324683294025102e-02	   3.2100745880641929e-01	   1.4774967369812794e-01	   3.3119112421815350e-01	  -4.1322358056244834e-01	  -1.9761853057481912e-01	   2.5984899569314351e-02	  -3.5623603876327115e-01	  -1.6223068949165420e-01	  -4.8059468667054996e-02	   3.4048256024657796e-02	   1.5193336481510117e-01	   2.3857174122731445e-01	  -1.1718915316558954e-02	  -2.4943925507519751e-01	  -3.9835096005583687e-01	
   3.6150951338855153e-01	   3.9691121246172040e-01	   1.1877860632129153e-01	   5.5307027943496245e-01	   1.4057511968098793e-01	   4.2686100417988165e-01	   4.7288381186113410e-01	   1.0218130478102838e+00	   1.6302951482113678e-01	   2.2646409136440404e-01	   6.1261078818170267e-01	   0.0000000000000000e+00	   2.0597876513255609e-01	   1.1446736162851754e+00	   5.9288482287599836e-03	   2.5663766704356245e-01	   4.5224229549935585e-01	   5.4013702689051568e-01	   1.2355878774038219e-01	   3.7723709135725247e-01	   7.2751300417469369e-02	   2.2792330648290859e-01	  -3.8158563022813441e-01	   1.3540223187801698e-01	  -3.7183424164919454e-01	  -1.6555042921395779e-01	  -2.2995609360347818e-02	   8.5556998725963243e-02	   5.8022441266631708e-01	   7.2586017676741932e-01	  -3.5147618489243476e-01	  -4.3038335475082755e-02	   3.8184799203419029e-01	   5.8091692465898270e-01	  -3.9475294258028448e-01	   4.8225276392519431e-03	  -1.6990166799588116e-01	  -3.2428258633507262e-02	   1.4229546836688402e-02	   3.8573575435218249e-02	   4.3015927982056355e-02	   1.2853360585321927e-01	   2.5131652805442778e-01	   2.8734007677228018e-01	   3.1794513723668916e-01	   3.2374201178445283e-01	   3.1678665958003266e-01	   4.0645362123910822e-01	   3.6807625821345252e-01	   3.8607133769468122e-01	   4.4821273660414296e-01	   2.9410023722014716e-01	   3.8778137628891141e-01	   2.2454969160748664e-01	   3.2543932650920049e-01	   4.4467097138052120e-01	   2.5065515586223397e-01	   2.8433031310751572e-01	   1.2064520872390203e-01	   5.1085722096295361e-01	   4.6090195523425714e-01	   8.8098886515097941e-01	   7.4418631188859219e-01	   9.6739396450881210e-01	  -1.9490440826049638e-01	   3.0401589217277247e-01	   3.1713264275615199e-01	   3.8490295845811734e-01	   2.7639048622444240e-01	   3.6761774120339596e-01	   2.1730491496172455e-01	   2.3212584209148598e-01	   3.6411194127742080e-01	   2.9119872110953293e-01	   2.9685814837535135e-01	   2.4605049162756493e-01	   3.0101458091855759e-01	   4.3133465697387013e-01	   3.0064487540216389e-01	   1.5659453017426539e-01	   5.6589932822841549e-01	   6.4762842454130509e-01	   3.1839096329903072e-01	   5.2507100239849303e-01	   8.6850858070486037e-01	   7.7168297167799238e-01	  -2.4090749623357122e-01	  -5.5265341248707300e-02	   2.9021943149829599e-01	   5.5822596745096287e-01	   5.6709186118087718e-01	   2.7944613991358935e-01	   3.6912217548530346e-01	  -1.2876244162859174e-01	   1.5089151511869017e-01	   1.8439684164709302e-01	   2.2691239277022679e-01	   2.8951018361882047e-01	   3.4385035493839483e-01	   3.3153529317027447e-01	   4.0777451101467521e-01	  -4.4262768992460150e-02	   4.1661922882807584e-01	   2.5404740180390778e-01	   2.9565295537383577e-02	   1.1900641263564465e-01	   8.4530331053575811e-02	  -1.7002142098599801e-01	  -7.2175570151797389e-02	   1.7827351700849112e-01	   8.7479589216355097e-02	   2.4795192461922022e-01	   3.6861996761808402e-01	   1.0991376723294612e-01	  -1.1636667422573888e-01	  -4.1023176033277986e-01	
   7.0836371048957292e-01	   1.3685889762231621e-01	   3.8615619597745965e-01	  -2.1897870625033519e-01	   3.4340709563726746e-01	   3.6631542821023805e-01	   8.3332195964093381e-01	   2.3816857348774334e-01	   7.1419778174193738e-01	   7.1417925904865287e-01	   1.0616479651361466e+00	   2.0597876513255609e-01	   0.0000000000000000e+00	   5.2307467704955091e-01	   8.6071994763265014e-01	   7.1710975158821122e-01	   2.7871246212866319e-01	   2.6445316681106196e-01	   3.0928717611882500e-01	   2.0069761359818616e-01	   3.5924584216920341e-01	   2.3832126086353367e-01	   2.8393074063356899e-01	   7.0900442012834736e-03	  -1.2942724764382221e-01	  -2.5244387128480567e-01	   2.5776915631152469e-01	   1.8162657092252296e-01	   3.5093695241923056e-01	   3.6225498690899605e-01	   1.2918430324723207e-01	  -1.0007488152294698e-01	   1.7639475862890625e-01	   2.1870484351386238e-01	   1.0446326003723429e-01	  -1.7194358895885414e-01	   1.4606240897031914e-01	  -1.0090553712620509e-01	   1.0243844618047780e-01	  -1.8739040105143387e-01	   2.2155817596425539e-02	  -1.5066626135162273e-01	  -5.3226449320010430e-02	   3.9341532847856657e-03	  -3.4958767014544624e-02	   2.0151145698926259e-02	  -7.7672533217777423e-02	   6.3736029802605954e-02	  -2.0590054253300916e-01	  -9.1732744287178966e-02	  -1.6500240804493743e-01	  -2.8107450745257551e-01	  -1.1438047925549044e-01	  -5.4115779549584443e-02	   3.5464321992212305e-02	  -3.1045366897323057e-02	   1.1617770408488005e-01	   6.2305426745459469e-02	   3.1930198528294806e-01	  -1.4758127274730107e-01	   8.7149585880022884e-01	   2.9688898929884344e-01	   2.0949857845600728e-01	   1.8667090249890941e-01	   5.0072060242536776e-01	  -2.0123465901913062e-01	  -1.9923486049315237e-01	  -4.3042488432188591e-01	   3.1558458194369243e-01	   2.6805519855285587e-01	   4.9656918088027968e-01	   3.0823208048421447e-01	   2.3447503031393055e-01	   1.5201074958080982e-01	   2.1177952249809662e-01	   4.2422257253699656e-02	   5.0162653293962300e-01	   2.5470324336425065e-01	   2.3362409261344175e-01	   3.7052779530260388e-01	   2.9211946646565051e-01	   3.6218578938366575e-01	   4.3991191912321342e-01	   2.7889867805826168e-01	   2.4183126906828584e-01	  -1.5769156576680470e-02	  -1.3248229089925349e-02	  -4.0077590862995266e-01	   4.8911174698258786e-01	   3.5702334531424867e-01	   2.8001199935351345e-01	   7.4670590235277645e-01	   1.8749000806785956e-01	   6.3902332776628179e-01	   1.8256908239536751e-01	   5.9945074478785977e-02	   7.7056450192506440e-02	   1.8858170548071831e-01	   9.4544887179147025e-02	   4.1239485615940508e-01	  -1.9118572558669938e-01	   4.7361184422039559e-01	  -1.9376667553154966e-02	   2.9011369310171120e-01	  -3.0852528221324776e-01	  -6.6804853842127296e-02	   1.3114921791295936e-01	  -1.2109915668761063e-01	   5.2403199966919861e-03	  -3.0181206518378280e-02	   1.1924021375853486e-01	   1.4067299845710415e-01	   6.9755192720568127e-02	   4.6552461543648338e-02	  -6.5810266924148597e-02	  -1.1289639282046619e-01	
