   0.0000000000000000e+00	   1.2134446427543544e+00	   7.1110948223543935e-01	   5.0213737737235520e-01	   3.4291241527038197e-01	   3.3972882717314046e-01	   8.0176611478289295e-01	   6.2669013553142727e-01	   5.5123036577042417e-01	   2.9580777013917886e-01	   9.1169677424907491e-01	   6.5206702669514316e-01	   7.6980919623179422e-01	   7.8492076060306992e-01	   9.1349119210085539e-01	   6.8859793459312602e-01	   8.3110681949460208e-01	   1.1476814170188181e+00	   8.1103846369831412e-01	   6.8827586545144503e-01	   1.9990015195002284e-01	   1.1809524678363967e-01	   5.2379285429016786e-01	   1.7176852342203688e-01	   2.5513841189831554e-01	   2.2707374101619149e-01	   3.8005544358157922e-01	   8.5181654579822907e-02	   8.4270252907741550e-01	   6.3863314640684998e-01	   4.3491736046892376e-01	   3.6239139963509698e-01	   5.9559604546423006e-01	   5.1716989205970498e-01	   1.6192330812117545e-01	   1.4356177912059706e-01	   1.2443790874554179e-02	   4.0321297933963318e-01	   4.0319693442182281e-01	   4.0559355792740237e-01	   2.9744914352404450e-01	   6.9693711458115082e-01	   6.4746460696712393e-01	   5.5363292357240790e-01	   7.7674503284755592e-01	   7.6728748355254506e-01	   4.6507903048496391e-01	   5.7528074561366582e-01	   8.3670232580404136e-01	   8.8470314674947292e-01	   7.9483072112546216e-01	   8.2955639466855424e-01	   7.4349063025714801e-01	   7.3867415554828375e-01	   8.5309015933879140e-01	   7.9717377844578530e-01	   1.2059018818824345e+00	   1.0183861465062429e+00	   8.1511872577218303e-01	   7.1704328875087031e-01	   6.1986871170818525e-01	   5.0489148525394922e-01	   7.3888771059133918e-01	   9.1248466277992779e-01	   2.4565440299998814e-01	   2.3378503398433079e-01	   5.4359886345367592e-01	   5.0668157013323034e-01	   5.7839016998641812e-01	   3.6664906549495946e-01	   3.3759212648181924e-01	   2.5748471739346107e-01	   5.5395024363090628e-01	   4.7163516694484536e-01	   2.5500482532117308e-01	   3.8856914503708984e-01	   5.0427374296042204e-01	   7.0943422745000273e-01	   6.3864521387943951e-01	   8.7060524555066054e-01	   9.8578916566094110e-01	   1.0702941019645480e+00	   8.0734954418985261e-01	   5.8791480167427079e-01	   6.1991535037708756e-01	   6.4797471373559468e-01	   4.8443560269226493e-01	   4.3729560408249468e-01	   5.0759458066569807e-01	   6.6753587116057700e-01	   5.7443796836231920e-01	   5.0816793773866864e-01	   3.9813173129826673e-01	   5.8387370730536625e-01	   2.1419703136426532e-01	   1.8337800197369256e-01	   4.0193879840590746e-01	   4.7221451080734989e-01	   9.2274049581282269e-01	   6.6336467738524352e-01	   1.8990006257097147e-01	   2.6103882295524439e-01	   5.0608229890298728e-01	   4.6136752468838271e-01	   1.4069559139319049e-01	  -4.5184258275134150e-02	   4.3861294419873159e-01	   1.4307302595139335e-01	  -2.1796212776901253e-01	   9.2784273887106999e-02	   3.4948755550855948e-01	   6.8312044519526349e-01	   6.3091838774437592e-01	   4.6315582267447497e-01	   2.3466855859437535e-01	  -4.0216258638182079e-01	
   1.2134446427543544e+00	   0.0000000000000000e+00	   8.6031900415975582e-01	   8.6997441747439663e-01	   3.3328880325484339e-01	   5.2722971700006638e-01	   9.4321059786524719e-01	   9.7849463204047959e-01	   6.9421590341905282e-01	   5.2703667879093774e-01	   8.4289369436683415e-01	   7.5946022186199413e-01	   7.2433941015936343e-01	   7.5041200428175614e-01	   9.0992553847784241e-01	   9.7015398559550015e-01	   7.3657389796946449e-01	   8.8180268059803280e-01	   8.0216586134315504e-01	   8.2602110117463345e-01	   1.8637116193596853e-01	   1.9464303912432335e-01	   7.5515570553699862e-01	   4.6026486402560407e-01	   3.0481172509956245e-01	   4.2585694463828810e-01	   3.9305247967705881e-01	   2.4413603038902276e-01	   7.0090109428344993e-01	   5.4863490110309110e-01	   5.9513823396576537e-01	   6.3959660377862637e-01	   7.9360376275578581e-01	   7.1367869768639614e-01	   3.8190673912302581e-01	   3.7156199940458934e-01	   8.8741960329920933e-02	   5.2820600853219835e-01	   3.8781716749390688e-01	   5.6376522430130516e-01	   3.6135870352783955e-01	   7.6205689338766314e-01	   7.3135693988046446e-01	   6.3121293477142526e-01	   8.0824901316141173e-01	   8.5026041008372533e-01	   4.6139419172288559e-01	   6.6036326594900163e-01	   8.7222866345327810e-01	   9.9822847863552866e-01	   8.3035272511631208e-01	   8.8991414556007153e-01	   6.6256899989259987e-01	   6.6511780400315013e-01	   8.3844080577445268e-01	   7.9605014524999917e-01	   1.0965487923528792e+00	   1.0574826522906089e+00	   7.6682404461026810e-01	   7.2034730028505312e-01	   6.3475416452716860e-01	   6.9952249991816273e-01	   6.2528543046050189e-01	   8.3251235733054596e-01	   4.7275413713136644e-01	   4.7384922330444801e-01	   6.4631131218923143e-01	   6.1329681537030334e-01	   6.6351861256589784e-01	   4.7275217102244732e-01	   4.0864153331201436e-01	   1.4841640811329498e-01	   7.8989455586612367e-01	   7.0852099989789863e-01	   5.1719147465832060e-01	   4.1920714327406405e-01	   6.7359939962269078e-01	   8.3125044879138077e-01	   4.6991809020471725e-01	   7.8079102892979091e-01	   8.5099870182874293e-01	   1.0143944719548434e+00	   6.9227897608215505e-01	   6.8243652244358588e-01	   9.2896464737846562e-01	   1.0042859614361277e+00	   5.6326054685935567e-01	   6.6861448039193772e-01	   6.8400733754726928e-01	   7.5214902072209722e-01	   4.5755775865406662e-01	   3.2841118032571304e-01	   3.8592802894206840e-01	   3.3397435159020472e-01	   1.9288449670216051e-01	   9.5703586043958858e-02	   5.5510701751727098e-01	   5.6145119266793075e-01	   8.3394939387215028e-01	   6.0247143633727152e-01	   1.0744666442387597e-01	   2.2529927680842410e-01	   5.0806520454939863e-01	   4.3154410070335075e-01	   4.9608117359644287e-02	   2.2415923662276898e-03	   3.2446578603021309e-01	  -6.6895651391362151e-02	   7.0808641843171614e-03	   1.8576963052550916e-01	   4.6217896772514916e-01	   5.9442422972280307e-01	   5.4902728549856228e-01	   5.2447267785467877e-01	   2.5289130952772293e-01	  -5.3197485072311823e-01	
   7.1110948223543935e-01	   8.6031900415975582e-01	   0.0000000000000000e+00	   1.0096792433725850e+00	   3.4921241779961426e-01	   6.4426287861215725e-01	   1.3306402240124744e+00	   9.9627429406562973e-01	   5.5576616740655937e-01	   5.8262624170048682e-01	   8.1386279891594582e-01	   3.8901063687991361e-01	   6.1751440409375824e-01	   3.8286393839589361e-01	   5.5747902634857038e-01	   6.6569950513524156e-01	   3.3309289255525593e-01	   4.8457845338767214e-01	   5.5601428515986739e-01	   5.0580108238325128e-01	   3.3972873998830794e-01	   3.2520795437528116e-01	   1.0097260215692283e+00	   5.6972582195622068e-01	   3.3340446637187354e-01	   5.4693257925663052e-01	   4.6931205595663333e-01	   3.9590513183479914e-01	   3.8137247373035221e-01	   2.6079493418606564e-01	   1.0244267643958704e+00	   9.2595810374589105e-01	   6.9461021534733536e-01	   6.1734229853210976e-01	   5.0514182534326535e-01	   3.9951848111136501e-01	   5.9838891765807839e-02	   2.8474699406202286e-01	   3.3888688272639061e-01	   4.1059872026089733e-01	   2.4033488309160567e-01	   5.1808872956647822e-01	   5.7873384802641781e-01	   5.4783552979593841e-01	   8.6899767339762612e-01	   9.6371289030180252e-01	   3.0108321904337265e-01	   6.2472466661513126e-01	   1.0052115841430260e+00	   8.2752205973523818e-01	   8.4877764156160074e-01	   8.3105282972809225e-01	   4.7239701790709765e-01	   5.6613010929925101e-01	   5.2716932489661983e-01	   6.6220458195171794e-01	   5.3894133781390141e-01	   7.5779116301869909e-01	   6.9597219773893193e-01	   7.4048079357687735e-01	   7.1722266792311296e-01	   6.1882013787063572e-01	   3.8203345228669100e-01	   6.5831893606113701e-01	   7.3762733630011745e-01	   6.8209624481495035e-01	   7.5073950536805678e-01	   7.5267481095740862e-01	   4.7201407117232741e-01	   4.3308881983487524e-01	   5.5020155867626208e-01	   2.9093554740641864e-01	   4.3327150184908569e-01	   5.5706462972671378e-01	   2.9336491971643258e-01	   3.5436610069979441e-01	   5.0310327684772105e-01	   7.1889126313550622e-01	   1.9867496336737953e-01	   4.4379644863321144e-01	   3.8688774098925771e-01	   5.2477522661409914e-01	   4.0457475373901292e-01	   3.1794259700271005e-01	   6.8283746601795314e-01	   7.9636885962764092e-01	   5.6386763384191818e-01	   5.1306861232523604e-01	   4.6470714497397880e-01	   5.9056308128151069e-01	   4.8540693177518812e-01	   3.8399421956234092e-01	   3.1180756607878118e-01	   3.6612377213668346e-01	   2.7510892990529418e-01	   7.3125824915015319e-02	   4.3816968194214745e-01	   3.2846856869265961e-01	   5.6073565885847798e-01	   5.9637195806571031e-01	   2.3824423486202009e-01	   3.8885954928154087e-01	   2.7547891699990573e-01	   4.6016861392454900e-01	  -2.4385810882164422e-02	  -9.7070473634961921e-02	   4.2601748238425646e-01	   1.4924824095368538e-01	  -5.0637002770452369e-02	   1.8042492083412387e-01	   2.2695314549818668e-01	   3.4249262657604734e-01	   2.5036671728492166e-01	   2.8818909191773223e-01	   9.5329869677240275e-02	  -6.2133258397991586e-01	
   5.0213737737235520e-01	   8.6997441747439663e-01	   1.0096792433725850e+00	   0.0000000000000000e+00	   3.6865308696025773e-01	   5.0959568488610651e-01	   8.1519922034042003e-01	   1.1343122280721314e+00	   4.2079571717671727e-01	   5.8862835798367996e-01	   4.1570285552072195e-01	   4.2880659132557075e-01	   2.8356899385824386e-01	   2.9283787663403932e-01	   3.2840808066823035e-01	   5.8940754427551589e-01	   3.8148088897953525e-01	   4.2506507614984534e-01	   6.1633140070006065e-01	   6.4629160874723568e-01	   3.3293138835566216e-01	   3.9412289249575755e-01	   7.6797530520519086e-01	   7.7475919946143879e-01	   2.5164705577094221e-01	   5.5900372733744930e-01	   4.0224651108213572e-01	   3.3327449609199195e-01	   3.0414111445473047e-01	   2.1862859492207520e-01	   6.7266892105463438e-01	   8.8981265167457302e-01	   1.0366889967494619e+00	   9.2315341538047158e-01	   5.9192813662453170e-01	   5.4878780334367705e-01	   9.7967228229064215e-02	   3.3485362451740636e-01	   2.9961153411046004e-01	   3.8893966656647661e-01	   1.1868059348488018e-01	   4.0284854291312544e-01	   4.6329440982304676e-01	   4.0227041661336899e-01	   6.9350174225589822e-01	   7.1207055691767351e-01	   1.8317135528035364e-01	   4.0388441105555151e-01	   6.6076814587257315e-01	   5.4423635965042838e-01	   7.9234554741020125e-01	   6.0235201657608117e-01	   3.4769864218768765e-01	   4.5115075320856762e-01	   4.1001260462088518e-01	   4.6476973905704144e-01	   5.7301718142512770e-01	   6.6462517926968134e-01	   6.0448823337916646e-01	   6.4930595343811481e-01	   4.9480705641251321e-01	   6.0341391903655295e-01	   2.9848395161631541e-01	   5.3261993371628724e-01	   7.1477763414838524e-01	   8.2722839657971847e-01	   8.0416640714820453e-01	   8.0312975801477460e-01	   4.7655827666237971e-01	   4.9785596711307267e-01	   4.3681708537835623e-01	   2.3142805435107455e-01	   3.8926479437873074e-01	   5.9888041117824331e-01	   3.6559355749430350e-01	   3.7858570880936310e-01	   5.7961648257105369e-01	   6.3175643233790524e-01	   1.6110199348931500e-01	   5.1487577338581192e-01	   3.5147938520056549e-01	   4.8701974063422732e-01	   2.6375727640153435e-01	   3.6523890316619190e-01	   7.4671058225216869e-01	   9.3828479435930578e-01	   5.9636764693636313e-01	   6.2196170818121044e-01	   5.2118459749107593e-01	   6.2063395375880137e-01	   2.7538578373551997e-01	   2.6415644543418798e-01	   2.3878145645941423e-01	   1.1515525170335240e-01	   1.6437639374693391e-01	  -2.5751965281056839e-02	   4.2932778534553534e-01	   3.5464987517071084e-01	   4.2820174630131164e-01	   3.8603364244888377e-01	   9.0314483370474957e-02	   2.8233188636903517e-01	   3.7299137124413750e-01	   3.4608717074012879e-01	  -9.3787885339535679e-02	  -1.0850351264329772e-01	   1.6126962218021387e-01	   5.2897585073609060e-02	   5.5191712460672115e-03	   1.4452032657693722e-01	   2.7550651124040731e-01	   2.9085610851969951e-01	   1.6080294187580024e-01	   3.0087867911145899e-01	   2.8396654682544393e-02	  -4.1943404160285791e-01	
   3.4291241527038197e-01	   3.3328880325484339e-01	   3.4921241779961426e-01	   3.6865308696025773e-01	   0.0000000000000000e+00	   5.6966314738805457e-01	   3.7258687833983833e-01	   3.3139221884814596e-01	   8.0437741625645942e-01	   5.7177129973292562e-01	   2.6198812387980885e-01	   2.5176789238834629e-01	   2.0051530876700785e-01	   1.7269276226718727e-01	   3.1441939907811084e-01	   1.5292342873960268e-01	   1.5847435072722396e-01	   1.6713166730401913e-01	   2.5577221981371911e-01	   2.7964702354256377e-01	   4.5352232268178078e-01	   1.9580252112009330e-01	   5.1240446879901602e-01	   3.5666922532147322e-01	   4.2143892241705760e-01	   3.1749559889101131e-01	   4.2190332645396056e-01	   2.8382652723348156e-01	   1.0120651834901433e-01	  -4.2532413947762700e-02	   3.9947169324130855e-01	   4.5543019099933935e-01	   3.2026610057421417e-01	   3.1513097943257490e-01	   4.0089907512353434e-01	   2.2225501800887768e-01	  -3.3910401403302320e-01	   8.9001943984592189e-03	  -1.0558025913796275e-01	   5.6269154366798184e-02	  -3.3414944121536411e-01	   3.2955386101240103e-02	   5.7352196100922083e-03	  -1.2597381230276503e-01	   2.6183917512487181e-01	   1.5996544487452777e-01	  -1.3791906241910715e-01	   6.6174627261993108e-02	   3.8430874853668162e-01	   1.8713906574650691e-01	   2.8777447749351148e-01	   1.4224537326454501e-01	   1.5846713526493811e-01	   2.1670536038975347e-01	   7.7886638411221232e-02	   1.2497665502333863e-01	   3.4306343333186984e-01	   2.4680045812851584e-01	   4.0950016591473570e-01	   3.5606498939306769e-01	   4.1354241424528754e-01	   4.1036355422739312e-01	   2.1368711452783554e-01	   2.5720534641139553e-01	   5.4498429000061799e-01	   4.5067189895204457e-01	   4.5136378891890266e-01	   4.5381535105124715e-01	   4.3689431666491524e-01	   3.2613935113898285e-01	   3.3964696708741049e-01	   2.1915092087472668e-01	  -1.4128545977028811e-01	  -3.6772907004996150e-02	  -1.6462963217109566e-01	   1.4164964619979131e-01	   3.4534186457173925e-02	   1.0495105881591957e-01	  -4.7200311493626433e-02	   1.4031554419749628e-01	   2.7097198875166401e-02	   2.0915515089943829e-01	   1.2694799513267849e-01	   2.5211987985709305e-01	   5.3871169904542682e-01	   4.0690407239578696e-01	   3.0923947683941844e-01	   3.2190217817588268e-01	   4.5570403150310329e-01	   6.1787320220604980e-01	   1.4532237601202788e-01	   3.9671633308595528e-01	   3.1933633460300204e-02	   5.2290926140279692e-01	   1.8460642559919138e-01	   2.9812682258939877e-01	   1.1534698926281106e-01	   1.7424015169587181e-01	   2.1101350238698052e-01	   3.0383598245957910e-01	   1.7373466410013799e-01	   9.9162645958603787e-02	   1.0667969229729171e-01	   1.1804468311962821e-01	   1.1942042335105060e-01	   5.0121690692769755e-02	   3.3068354083746593e-01	   2.8551582076770299e-01	  -1.9054978904932234e-02	   3.8733431696588765e-02	   2.8850172658000044e-02	   3.2189089721883879e-01	   8.4187557022352713e-02	   3.2135186271363039e-02	   2.0989719267359899e-01	   2.0898063714883224e-02	
   3.3972882717314046e-01	   5.2722971700006638e-01	   6.4426287861215725e-01	   5.0959568488610651e-01	   5.6966314738805457e-01	   0.0000000000000000e+00	   6.9270568344029115e-01	   6.4029236741994844e-01	   6.6125740205416028e-01	   1.0705673192094955e+00	   4.0855394201478934e-01	   2.8751607441294202e-01	   3.0171722445443599e-01	   2.7531460471295632e-01	   4.8318163930028135e-01	   5.2514246502271600e-01	   2.2820550849765320e-01	   3.4948532835114499e-01	   3.8401396523915909e-01	   3.4858771435192520e-01	   1.8409858527906689e-01	   2.6142703485092789e-01	   5.9273312325554084e-01	   2.6118613296268778e-01	   6.5568927238388683e-02	   2.3806500065091840e-01	   1.6856377141534315e-01	   4.9406678635519785e-01	   1.5487015586657965e-01	   1.2721164701277585e-01	   4.0147705063516931e-01	   4.6574069842687948e-01	   3.9366183267172189e-01	   3.2361642052824091e-01	   1.1494919584169024e-01	   5.9019763442663763e-02	  -2.7862373424735365e-01	  -1.0127566864370174e-02	  -1.3572632260052411e-01	  -1.5797832623242473e-02	  -4.2220164992610096e-02	   1.0196164160349187e-01	   2.4627864287517037e-01	   1.5911230840407278e-01	   3.2429947021345329e-01	   3.8029777388310421e-01	   1.9761758832542842e-01	   3.7020237341778034e-01	   5.9141534766797599e-01	   5.1250724405904358e-01	   4.9034981931318744e-01	   3.9425899384739771e-01	   3.9081023929986924e-01	   3.5294048759523461e-01	   1.0831780326580071e-01	   1.5603206450538723e-01	   2.3171928266553071e-01	   3.1262378747926012e-01	   3.7050515468931949e-01	   4.7433920832103560e-01	   3.2237226865805163e-01	   5.4961743359500392e-01	   3.1104258278499952e-01	   4.2784586578401429e-01	   4.2765873646598085e-01	   4.0001073028399126e-01	   2.7371512977072465e-01	   2.9613317534492645e-01	   5.2733012195169238e-01	   4.7449081027622453e-01	   5.3880273677316670e-01	   3.4414759090209662e-01	   1.5511984477644572e-01	   2.1381698963099610e-01	   8.0353553228053057e-02	   1.2319631968118042e-01	   2.3898340426329959e-01	   2.8564699920332759e-01	  -2.0991592126714791e-02	   2.6340214061581524e-01	   2.5473135080493570e-01	   4.0962114911985692e-01	   3.7185953150436646e-01	   1.7345149446962665e-01	   4.1890254095061458e-01	   3.9693335491356557e-01	   2.3448408625221201e-01	   2.3663810404949154e-01	   2.5757620419879523e-01	   3.6207099390024028e-01	   3.3647636241221707e-01	   2.7957949180737374e-01	   3.4609088505854768e-01	   4.1512719706143852e-01	   3.1985854007112478e-02	   3.9062495391907807e-02	   5.8916140751128498e-02	   1.1849594240368015e-02	   3.4260682889683625e-01	   3.6925107098471105e-01	   1.0733377944160236e-01	   2.1578828608282896e-01	  -1.9617477447280355e-03	   1.7824836431073379e-01	  -1.2968487126711753e-01	  -2.5504836112971333e-04	   3.8488411889613638e-01	   6.7115204801350456e-02	  -4.3431474526869275e-02	  -2.3971626442083570e-02	  -3.3858174654372408e-02	   2.6080581266957181e-01	   1.8875336772656522e-02	   1.0350468416373461e-01	   2.4689595358345340e-01	  -3.2567171352886476e-01	
   8.0176611478289295e-01	   9.4321059786524719e-01	   1.3306402240124744e+00	   8.1519922034042003e-01	   3.7258687833983833e-01	   6.9270568344029115e-01	   0.0000000000000000e+00	   1.2167538763586190e+00	   6.9545397712094725e-01	   5.0908995270072444e-01	   9.2331928260617779e-01	   6.1020931338835793e-01	   6.9792909569859596e-01	   5.4074366223346659e-01	   6.8244078420911147e-01	   8.1337913968459075e-01	   4.2348228106168639e-01	   6.3922692971096373e-01	   6.9581793814722681e-01	   5.8785471988058724e-01	   2.0831287252243882e-01	   2.9605800194800980e-01	   8.3917397235631375e-01	   3.7053140462587741e-01	   1.0565581303403464e-01	   2.9507957207510743e-01	   3.0374392740200923e-01	   2.1585143816143099e-01	   5.5461451915710791e-01	   4.8153189224819476e-01	   7.6788248506731660e-01	   7.3257955295470778e-01	   7.5045893542578934e-01	   6.8192405926643807e-01	   2.3845563849918805e-01	   1.8489877565451918e-01	  -8.9773938917273671e-02	   1.5245158417523746e-01	   2.3131434258594807e-01	   1.7433706195977178e-01	   1.2266902717201766e-01	   4.8837432317381102e-01	   4.1097459293590072e-01	   4.0075150738783988e-01	   6.3152594213909075e-01	   7.4644963295803646e-01	   2.6127243807154299e-01	   6.1614904465234654e-01	   8.4426411942235169e-01	   7.4816009612064416e-01	   6.9957779678239229e-01	   6.5705776513551273e-01	   4.8806326234856678e-01	   6.8190412674085843e-01	   5.3049702103356622e-01	   5.2283795790662257e-01	   5.5160893571810221e-01	   6.4775712533886165e-01	   6.3037611215449152e-01	   7.0708180057240910e-01	   7.3456086289530953e-01	   7.6109483226921570e-01	   4.9577208454131849e-01	   9.1684907927866144e-01	   5.4668539524537463e-01	   5.5659121267042200e-01	   5.7606239298440187e-01	   5.9882164558907025e-01	   5.3147903442000355e-01	   4.2640862365519017e-01	   4.7146508697631367e-01	   2.5017669531397113e-01	   4.4555649689783272e-01	   6.3827679838022089e-01	   2.7212171299800630e-01	   3.6352160636972169e-01	   3.9996186323047767e-01	   5.1331417181324424e-01	   2.1392653833868755e-01	   5.4385236465442621e-01	   4.5500106218211489e-01	   6.2405928672371236e-01	   5.9959908840626752e-01	   4.7449167888372518e-01	   6.3058934383226950e-01	   6.7688115916321057e-01	   5.4082717893249754e-01	   4.2228971942684329e-01	   4.0378954890509311e-01	   6.5577919804812090e-01	   5.3266111286517170e-01	   4.6473933303563963e-01	   2.9121190843368455e-01	   3.5754989205606252e-01	   2.0868410334850190e-01	   7.5166475100818017e-02	   2.7129594117268158e-01	   2.3224001137581263e-01	   6.0369590383280358e-01	   5.7558807762512032e-01	   1.2390150957922115e-01	   3.3256397849308839e-01	   3.9879485207348431e-01	   4.5196209421414835e-01	  -1.4476159674625622e-01	  -9.1306711152445291e-02	   5.2491276727079095e-01	   1.4863571579391874e-01	  -7.7399301144886926e-02	   1.2589299383878733e-01	   9.4191014769574422e-02	   3.6046100542056303e-01	   3.6050650486320746e-01	   4.0905950064793212e-01	   1.6263867414841901e-01	  -5.3884101715715238e-01	
   6.2669013553142727e-01	   9.7849463204047959e-01	   9.9627429406562973e-01	   1.1343122280721314e+00	   3.3139221884814596e-01	   6.4029236741994844e-01	   1.2167538763586190e+00	   0.0000000000000000e+00	   5.7567813802309709e-01	   5.8792719914684566e-01	   6.9164990117211722e-01	   7.5170910651554823e-01	   4.8116787209246104e-01	   6.2331445903076055e-01	   4.5190233591552270e-01	   7.6354612100608943e-01	   4.0535798341061402e-01	   5.3298844138316626e-01	   5.8272401153120912e-01	   5.2631142688510302e-01	   2.3297195404563348e-01	   4.0341899496680861e-01	   7.5298634213801163e-01	   6.0018990712159970e-01	   4.1927160835677581e-02	   3.0255198169263314e-01	   1.9359321418425468e-01	   2.4307204628671805e-01	   3.6413132997127223e-01	   3.5718508388027431e-01	   5.7446747764638295e-01	   8.2743087646064195e-01	   8.1983106288447860e-01	   8.2891188759884438e-01	   3.4358505686699453e-01	   3.9697010603387606e-01	  -3.5528277290978044e-02	   2.0145441677733578e-01	   2.4306314205720614e-01	   2.0363588058963245e-01	   2.0973398678841548e-01	   4.3671207685722135e-01	   3.1956526262728158e-01	   2.6238614855216408e-01	   5.0640424866092892e-01	   6.0523068954514381e-01	   1.3532298541452709e-01	   4.0437746714730111e-01	   5.6266009187193777e-01	   5.8732135854896939e-01	   6.0209036286444029e-01	   5.4734914373243493e-01	   2.9184339700343925e-01	   4.8511715453451776e-01	   4.0532075635160408e-01	   4.1999544229440383e-01	   5.4232458369711556e-01	   5.6266925579995108e-01	   5.7861262601357311e-01	   6.1638889320878243e-01	   6.6933319547978776e-01	   9.8278964091222376e-01	   4.1510149343812280e-01	   8.2493656170019847e-01	   5.6102223304725796e-01	   7.7578586444622444e-01	   5.4887340960745279e-01	   6.3419522362534719e-01	   3.6346413449208115e-01	   3.1939089816853294e-01	   3.7447167144149285e-01	   1.5903443912812412e-01	   4.6663809044514709e-01	   7.4058547345758430e-01	   4.6058495788026932e-01	   4.5252218070831185e-01	   4.6525069582444017e-01	   5.1751533503039282e-01	   1.2866360961884996e-01	   4.7480769276639073e-01	   4.5995682672562893e-01	   6.6510469349646595e-01	   4.8670974851945326e-01	   5.6740169277236441e-01	   6.9134095621516556e-01	   9.2450862695193392e-01	   5.2983295773801320e-01	   6.3167435171634867e-01	   5.1194306228039066e-01	   6.5283232659661761e-01	   3.2475093054022641e-01	   2.0643975779488710e-01	   3.1070169698202887e-01	   9.9643146169896488e-02	   1.2540008511083339e-01	  -1.3796254041249704e-02	   1.6602722377073342e-01	   2.4835813336975204e-01	   4.5137442870680627e-01	   4.5033410821042302e-01	   5.6195355800054386e-02	   2.2282625716219184e-01	   3.4888121192091126e-01	   3.6141515025070231e-01	  -1.0071311359073370e-01	  -1.1683285887363937e-01	   3.1796655683521979e-01	  -1.0017305678281542e-01	   3.3035433894829720e-02	   1.2578625861963105e-01	   1.5661182781944250e-01	   2.7607435511179729e-01	   2.2842046494505888e-01	   2.6805536345174319e-01	   8.0409234648042172e-02	  -5.2815830607422576e-01	
   5.5123036577042417e-01	   6.9421590341905282e-01	   5.5576616740655937e-01	   4.2079571717671727e-01	   8.0437741625645942e-01	   6.6125740205416028e-01	   6.9545397712094725e-01	   5.7567813802309709e-01	   0.0000000000000000e+00	   6.6499894199321252e-01	   6.2085088992841042e-01	   5.2667922638313858e-01	   7.0989866098789445e-01	   5.3523131995534490e-01	   6.0907026394017383e-01	   4.6888157429856070e-01	   3.1353972615858883e-01	   3.9009673854478433e-01	   4.1034227545267205e-01	   3.9816252062235113e-01	   2.4840135158967866e-01	   1.9602608968929261e-01	   6.5133425265147582e-01	   4.1523539300766610e-01	   4.2304309447769750e-01	   3.9911523702304424e-01	   4.4725508795176144e-01	   3.5580729972403247e-01	   2.5872970793197320e-01	   1.3699513868592061e-01	   3.9251642615338000e-01	   4.6745303931174242e-01	   3.8633799543526137e-01	   3.8793974703289869e-01	   4.0217696616567289e-01	   2.9821089398653555e-01	  -3.2634462687196447e-01	   1.6444697497376110e-01	   2.3300350409364151e-02	   2.2834274826076045e-01	  -7.2096650433197407e-02	   3.6159579902153643e-01	   2.8721350600528339e-01	   1.8926564249871852e-01	   4.4199109643012779e-01	   4.2550818269544682e-01	   1.7218641675030921e-01	   3.9344238565900141e-01	   6.1914909993923573e-01	   5.4848745997032189e-01	   4.3302173361901575e-01	   5.1332386421946918e-01	   3.3221649321676761e-01	   4.4962582863832112e-01	   3.3595521582680715e-01	   3.4057979902970897e-01	   4.4069142144318696e-01	   4.2284295509252912e-01	   6.0018618977182392e-01	   5.1703637071102859e-01	   6.4073828680243672e-01	   6.9213392173210941e-01	   2.5354799729592487e-01	   4.5714059615830904e-01	   6.3886275143296145e-01	   5.4250968798206900e-01	   4.6105298020845742e-01	   4.9569847990943910e-01	   7.4479900364178708e-01	   4.7675446034167401e-01	   5.4154344799779641e-01	   1.5375382710436208e-01	   2.9134894021238045e-01	   2.2857118704941828e-01	   2.3207015691086999e-01	   1.3774203578717442e-01	   2.4452090778307964e-01	   3.6832482703271952e-01	   1.4009201434353860e-01	   3.8641327461556330e-01	   3.0889193088467043e-01	   5.0069933554520518e-01	   4.2012456764911094e-01	   4.4640699243876403e-01	   7.5191577659841347e-01	   5.3241658708831874e-01	   3.4537525617725306e-01	   2.9220805731428240e-01	   5.0562547194397212e-01	   6.1390094551985974e-01	   2.7974201537144222e-01	   3.2947451209706735e-01	   2.1661558098419098e-01	   5.3687030229945054e-01	   1.9455998337486835e-01	   1.9827424121477921e-01	   2.4340775898435874e-01	   3.3239341449596888e-01	   3.8030429368085344e-01	   3.8332917641395653e-01	   1.9023758107726599e-01	   2.6096339718248451e-01	   4.2444153258397316e-02	   1.2158118257034045e-01	  -1.7281788171897871e-03	   3.6923835573378874e-02	   4.8758400032320237e-01	   1.9180509850196978e-01	  -1.6002877762985301e-01	   8.8983982957598406e-02	   1.0375795907205410e-01	   2.7995904711658087e-01	   1.9083381440184632e-01	   2.1574780092348408e-01	   1.6942516842646438e-01	  -2.9201048298826981e-01	
   2.9580777013917886e-01	   5.2703667879093774e-01	   5.8262624170048682e-01	   5.8862835798367996e-01	   5.7177129973292562e-01	   1.0705673192094955e+00	   5.0908995270072444e-01	   5.8792719914684566e-01	   6.6499894199321252e-01	   0.0000000000000000e+00	   4.2783122139809443e-01	   4.5368632159421651e-01	   3.1550155170439426e-01	   3.4209723212842619e-01	   4.6766165713294061e-01	   5.0753700147789171e-01	   1.7875833576739672e-01	   3.0270587961978368e-01	   3.2398292332936418e-01	   3.6065674608005638e-01	   2.2691299894860401e-01	   2.6438116497939290e-01	   6.4611148366853444e-01	   3.6149151124709938e-01	   2.1469502637743562e-01	   3.1476708844038287e-01	   2.0800750494436582e-01	   4.6920094152899333e-01	   1.6772228020061081e-02	   1.1072483474285653e-02	   4.0721165327279130e-01	   5.9441345412855506e-01	   4.5145423750963265e-01	   4.0996114048918669e-01	   2.9962050045299260e-01	   2.1046807900567777e-01	  -2.2821547218131583e-01	   1.0051229956897036e-01	  -8.8633732820201996e-02	   1.4784087741468518e-01	  -5.8912286295454995e-02	   1.5776487605518774e-01	   1.6771976556570189e-01	   1.0394958573556880e-01	   2.7148381725327625e-01	   3.7843685938259092e-01	   1.6502957172467081e-02	   2.9222149629458866e-01	   4.0564816570549428e-01	   4.7132463673638347e-01	   3.5041224395768533e-01	   3.1470052492100753e-01	   1.1913422295569837e-01	   1.8915810494447680e-01	   6.9085176747192695e-03	   1.7154141670514192e-01	   2.5530784569160497e-01	   2.9506096477703364e-01	   3.7973851494299826e-01	   3.5461485917457214e-01	   3.6492131228234237e-01	   5.5380892174428398e-01	   1.6799554292761174e-01	   3.1386109421770780e-01	   4.7715883179087965e-01	   5.1416425323334147e-01	   3.1196176298582912e-01	   3.5073524448551097e-01	   4.8417928629872925e-01	   5.4528896242715175e-01	   4.7002020511406112e-01	   1.8009288750734812e-01	   1.7484068928241220e-01	   5.3973146770482316e-02	   7.6670780378792588e-02	   6.5016030801351654e-02	   2.8549410649953233e-01	   3.0499469188311973e-01	  -1.0178717882107022e-01	   2.4516276734322684e-01	   1.8471763221822193e-01	   3.8424016833504665e-01	   2.6803716938231442e-01	   2.9960876885383736e-01	   4.7542795052308262e-01	   4.8721984173705363e-01	   1.3620103464182859e-01	   4.5537254225066559e-01	   3.0854313000881262e-01	   3.9156388298322981e-01	   1.8225800973092543e-01	   1.7006425868558994e-01	   2.9453729934678741e-01	   3.2002882608684574e-01	   8.1274087388648802e-02	   1.0921264253851828e-01	   1.3274152776994902e-01	   2.2005324847923469e-01	   2.0467475963304177e-01	   2.7131375943181368e-01	   1.2798702241969659e-01	   3.0934211294243613e-01	   4.4060766341810893e-02	   1.8644772641782462e-01	  -3.4143846152360761e-02	  -6.5398419517150239e-02	   3.7654779505120684e-01	   9.8353139898690309e-02	  -1.5483428741368837e-02	   8.6383030959212626e-02	   1.7874264806089793e-01	   1.9779066573259496e-01	  -2.9773783081295142e-03	   5.6217833968288833e-02	   1.8779400553516945e-01	  -2.1360553014470432e-01	
   9.1169677424907491e-01	   8.4289369436683415e-01	   8.1386279891594582e-01	   4.1570285552072195e-01	   2.6198812387980885e-01	   4.0855394201478934e-01	   9.2331928260617779e-01	   6.9164990117211722e-01	   6.2085088992841042e-01	   4.2783122139809443e-01	   0.0000000000000000e+00	   7.1442338203281741e-01	   1.1880320248875749e+00	   8.1040703164395633e-01	   9.0202514949654666e-01	   8.0534566025450371e-01	   4.1997051333236668e-01	   6.0411452082126427e-01	   5.0157005465624038e-01	   3.7453539124263685e-01	   2.1548824729801655e-01	   1.4682936478856617e-01	   8.0440351532646603e-01	   3.9048092705399590e-01	   2.6997051419356055e-01	   2.8405504655683289e-01	   3.2938591256518807e-01	   2.2751820365500081e-01	   4.8159386907250223e-01	   4.0251081376129821e-01	   6.1102241962341863e-01	   5.3920562833016616e-01	   4.0728139290766840e-01	   3.9420788436582377e-01	   2.1530514159966160e-01	   1.9665665973333538e-01	  -8.9244276689065455e-02	   2.3869915334565134e-01	   2.6962669628309222e-01	   2.7659106721286431e-01	   3.5738652007601074e-01	   7.0380619240854447e-01	   4.4481738039995339e-01	   4.0503851733906132e-01	   5.1868727753308419e-01	   5.8735038045716836e-01	   2.7597116712493724e-01	   5.5934629055733431e-01	   6.4328633653846634e-01	   8.2364528758447464e-01	   5.2014188259517458e-01	   6.1482267507121380e-01	   4.0000999003823684e-01	   5.3384209234865221e-01	   5.4372704223839330e-01	   5.8987716110666577e-01	   5.3505230916884261e-01	   5.9737432440714622e-01	   6.5878267257548329e-01	   5.3988495284756133e-01	   8.8860380898642466e-01	   7.1360836239595016e-01	   5.2696688478569809e-01	   7.9894657070642183e-01	   4.4505350975647046e-01	   4.0035195029083642e-01	   3.9876310871709175e-01	   3.9965366968006055e-01	   3.5862230780558313e-01	   1.8792106067602060e-01	   4.2648445322928996e-01	   1.7690595336105872e-01	   4.9055118551976862e-01	   4.0013676705953394e-01	   3.2119405400548223e-01	   2.2363095979217060e-01	   4.8589979483588552e-01	   6.0940110145015325e-01	   2.7301981568587314e-01	   6.4423015908581971e-01	   5.3604870242495128e-01	   6.7488341061865775e-01	   6.1547952996550914e-01	   4.8297465774492698e-01	   5.9804371102413867e-01	   5.9229104077215600e-01	   3.3592685741230588e-01	   3.1933557070881247e-01	   5.1505121287374955e-01	   5.6999083257857863e-01	   4.3772541367640677e-01	   3.3965009670273505e-01	   4.1243424232609843e-01	   5.0422426806736564e-01	   1.1676798455548903e-01	   1.0144527174347652e-01	   1.8429845035180747e-01	   3.6319454801797763e-01	   5.4697047535977972e-01	   4.8922676150751049e-01	   2.5370001929278397e-02	   2.3414804673443895e-01	   3.2226482554754277e-01	   3.7385544847299385e-01	   6.2625018153434917e-03	  -1.5153234662827411e-01	   5.4184170633343476e-01	   9.6490644644018089e-02	  -9.8226312127321844e-02	   1.2210375404897907e-01	   2.1635850695972758e-01	   3.3744403970800091e-01	   3.8662193984515192e-01	   2.9077777794173609e-01	  -1.3213631393514317e-02	  -5.7510447479116400e-01	
   6.5206702669514316e-01	   7.5946022186199413e-01	   3.8901063687991361e-01	   4.2880659132557075e-01	   2.5176789238834629e-01	   2.8751607441294202e-01	   6.1020931338835793e-01	   7.5170910651554823e-01	   5.2667922638313858e-01	   4.5368632159421651e-01	   7.1442338203281741e-01	   0.0000000000000000e+00	   6.2249996089449677e-01	   9.3482153927205036e-01	   7.0944192049189436e-01	   7.6068718992028594e-01	   4.8317576648063543e-01	   5.7636119027110244e-01	   3.6793810215411260e-01	   4.2234723838146826e-01	   9.4231833959200845e-02	   3.0649972765698114e-01	   5.1850982581307692e-01	   2.7639872070079657e-01	   2.7983957198971968e-02	   3.5371990475451316e-02	   2.0143298482009953e-01	   1.5198115652332075e-01	   4.6904823186631783e-01	   4.5534800450962443e-01	   2.9926121147345114e-01	   4.7519430643091021e-01	   4.5373730757121011e-01	   3.8000731383448194e-01	   5.7652163575642318e-02	   1.2494690487236160e-01	  -1.8961359872631658e-01	   1.2914501188285615e-01	   4.0802245076812661e-02	   1.2543017934617684e-01	   1.1400477500123145e-02	   5.0473135540007086e-01	   1.7496845167324682e-01	   1.0841250943026325e-01	   1.9316456258899825e-01	   3.3129624806653546e-01	   1.0596027993388096e-01	   2.1576167703075189e-01	   3.1125325446646812e-01	   4.2136465650177035e-01	   2.7817522722284693e-01	   2.8529831151222362e-01	   1.0112894134361960e-01	   3.1690121382973602e-01	   3.5968685427883379e-01	   2.7723078300416287e-01	   5.6765019846448728e-01	   3.4147177544264562e-01	   5.5514674285234078e-01	   3.9394599703802030e-01	   5.8887756641274380e-01	   7.0331975777555800e-01	   3.0388886313401103e-01	   7.0694445479849854e-01	   1.5204785605008864e-01	   3.0570146625496841e-01	   2.3377731023383069e-01	   3.2477126598261974e-01	   3.2413845038080230e-01	   3.4846396536727797e-01	   3.3100229629992201e-01	   2.5961396067124103e-02	   3.9915250644847861e-01	   3.6430413405354733e-01	   2.9527684939666121e-01	   3.4931329728079502e-01	   2.9280124968923082e-01	   3.9780200383148667e-01	   1.9159671446457541e-01	   3.8352779237462925e-01	   4.6097053925771669e-01	   6.3213306073604802e-01	   5.1211069844546930e-01	   6.6047077950792232e-01	   4.7102848856117030e-01	   5.2229230617883837e-01	   2.7353072822823410e-01	   2.9992469909689928e-01	   3.1612013356437141e-01	   5.1904882494728044e-01	   3.5624737842533616e-01	   1.3690345233693843e-01	   4.3732005101782723e-01	   1.8846045578453741e-01	   1.3559907958658080e-01	   2.0161885984704339e-01	   1.6847569395410272e-01	   3.4316442486862603e-01	   3.6798208486825684e-01	   2.3307203128954720e-01	  -1.1779188257352774e-02	   1.0784212620863314e-01	   3.9885533034484288e-01	   2.0411601766856463e-01	   6.7556194350321314e-02	  -6.8756127983813350e-02	   3.1070605735501056e-01	  -1.1815073567708209e-01	  -4.4679545106653805e-02	   1.1502494792609243e-01	   2.2202145525507883e-01	   2.2809435987896370e-01	   4.2386822094125409e-01	   2.9027878108983940e-01	   1.0856166305366380e-01	  -2.6489779925912299e-01	
   7.6980919623179422e-01	   7.2433941015936343e-01	   6.1751440409375824e-01	   2.8356899385824386e-01	   2.0051530876700785e-01	   3.0171722445443599e-01	   6.9792909569859596e-01	   4.8116787209246104e-01	   7.0989866098789445e-01	   3.1550155170439426e-01	   1.1880320248875749e+00	   6.2249996089449677e-01	   0.0000000000000000e+00	   9.8043750440556565e-01	   9.0089091408330901e-01	   7.4697474128682884e-01	   3.9599347965284676e-01	   5.6866876556852342e-01	   3.2856922224413482e-01	   3.0890396636011941e-01	   1.4077722955301450e-01	  -3.7412945151503639e-02	   6.3112287572498671e-01	   4.2008440612094222e-01	   5.2643132297020212e-01	   4.3910599393322253e-01	   5.4533461569434394e-01	   3.3507271098495001e-01	   5.2342575552891757e-01	   3.8746453120562152e-01	   4.8498623618068348e-01	   4.4567982339888557e-01	   3.4403579900122838e-01	   2.9989776448466504e-01	   2.5284625901407737e-01	   2.6982164910769696e-01	  -9.4325674101898016e-02	   3.4902483808853285e-01	   3.2454800778306842e-01	   4.3998727622693773e-01	   3.0146946741184844e-01	   7.4024268309921992e-01	   5.8021200350966251e-01	   5.2580422881720701e-01	   5.7236575822231350e-01	   6.1106082439937492e-01	   3.2683071366663913e-01	   5.6671244262997744e-01	   6.4085090054210703e-01	   7.9084034695311978e-01	   5.3385418509661253e-01	   7.8162877965431532e-01	   4.0321741866252436e-01	   4.4832457962385031e-01	   5.7005978413209180e-01	   4.7307252253148091e-01	   5.0314473784995095e-01	   4.5514920899004496e-01	   7.0077121578741330e-01	   5.6168670164974932e-01	   9.2190747368681958e-01	   7.1544360633278403e-01	   4.7264179587304833e-01	   6.4016190266977124e-01	   4.0590324941793826e-01	   3.9542827707069761e-01	   4.6047378265843875e-01	   4.7192598348949188e-01	   3.8414129249016410e-01	   2.4247693289910760e-01	   3.5410390560486621e-01	  -3.4827539585957426e-03	   5.7914281773450782e-01	   4.3257576801087838e-01	   4.7328927959355577e-01	   3.2309211365372059e-01	   5.5065203889534742e-01	   6.8015093463818399e-01	   4.1936351859456167e-01	   6.4553409225983993e-01	   5.1324359379297380e-01	   6.7490993778426589e-01	   6.0545540457214464e-01	   4.3084571678899786e-01	   5.6505503517126732e-01	   5.6715188775952763e-01	   2.0397078178853628e-01	   2.5854656847198143e-01	   4.8613173279486738e-01	   4.9183003461107011e-01	   3.4658222328534904e-01	   2.0404716289777100e-01	   4.2963705328649487e-01	   4.4810279864672414e-01	   1.8019115052976806e-01	   1.0037082979728262e-01	   2.7988752957974183e-01	   4.3202691284936828e-01	   4.7818423840241503e-01	   3.6175621651542667e-01	   8.3135855305718875e-02	   2.0681818616287612e-01	   2.6525439771331838e-01	   3.2868938324409813e-01	  -9.4805817218964208e-02	  -8.9458311609796393e-02	   4.3911352128975895e-01	   8.3953152534883849e-02	  -1.5415705386983969e-01	   9.8771012377533218e-02	   3.0466913281942326e-01	   2.6808203022828203e-01	   4.4445687206524342e-01	   3.9112067194727246e-01	  -7.5171107599371956e-02	  -7.3846361029273988e-01	
