   0.0000000000000000e+00	   1.2157252432067482e+00	   6.0244980875209264e-01	   2.9055310103678111e-01	  -1.5580910142519913e-01	   3.3294086689870772e-02	   3.8815009040963488e-01	  -5.4621871515927983e-02	   1.3777207714248343e-01	   7.9017057904983590e-02	   7.7578431897551181e-01	   3.6520426867745898e-01	   5.1508155278184664e-01	   1.9801136448061696e-01	   3.8478509329137595e-01	   7.2769644197280589e-02	   4.5927566771514156e-01	   2.6802063513771129e-01	   8.8882268339349202e-01	   6.8839861147078063e-01	   7.7500477475403007e-02	  -1.6141200358269828e-02	   4.4946688447895178e-01	   2.0834569066950592e-01	   3.5874811431875653e-01	   1.9421639376682071e-01	   1.6279285784241401e-01	   1.1634773270314687e-01	   4.1408502278006776e-01	   2.7223132768903763e-01	   3.4344478265851197e-01	   1.1889826847035362e-01	   5.8645560719160805e-01	   3.0325075388819139e-01	   2.6974906488703604e-01	   2.4058342306594677e-02	   3.8599578617680008e-01	   3.4264257137953613e-01	   3.7896787213527916e-01	   3.4898031131658525e-01	   9.5252448168904325e-02	   3.9186928850129898e-01	   3.5643079115295673e-01	   4.0224160079054683e-01	   2.1240221021491440e-01	   1.6256805217458295e-01	   3.3441642213152672e-01	   5.1119415900883669e-01	   3.5070717356980274e-01	   1.9186999823067241e-01	   3.5789097752515736e-01	   2.1763575506735561e-01	   3.1014165381429387e-01	   3.3272118693643493e-01	   2.7493910983937203e-01	   4.9793824682900878e-01	   1.0348643595556191e+00	   9.1965268205439155e-01	   8.5976649329422528e-01	   4.2815967595536564e-01	   5.1034162626694357e-01	   2.8118700581083045e-01	   1.9674521604886858e-01	   1.6661922105418846e-02	   1.9733179302543283e-01	   6.4426723297890773e-02	   3.7125657398044426e-01	   4.5202838961762866e-02	   9.1055260707331376e-01	   6.2071458133206503e-01	   1.2190087656072718e-01	   1.5432121186948211e-01	   4.3589137699994129e-01	   4.0399875377691641e-01	   3.6525271041785956e-01	   4.2798871618481560e-01	   1.7635376843038980e-01	   1.5506616809540070e-02	   2.9129774350315796e-01	   1.9863485882461462e-01	   3.6165628461018440e-01	   3.4595926085791762e-01	   4.0100808904612617e-01	   6.0135510798397274e-01	   4.2667098992783092e-01	   4.4688829819395304e-01	   1.0103951549130337e-01	   1.6616109683430905e-01	   3.6247206243457458e-01	   4.4731684554869394e-01	  -2.0540111035162098e-01	   1.4018932870377460e-01	  -4.7079493794248001e-02	   1.1324959140010332e-01	   3.0964626613377144e-01	   7.7145367608226517e-02	   2.3630601411616073e-01	   4.2371929631147609e-01	   8.1402786813070088e-02	   3.4520082209842035e-01	  -6.2294319865481763e-02	   1.6901493071365981e-01	  -5.6260303086402681e-02	   4.6151931959968494e-02	  -1.0823971768609922e-01	   1.5911922851396040e-01	   2.2508988951997797e-02	  -4.2081794648829399e-02	  -2.7120774948082106e-02	   7.9219669767397013e-02	   2.4686630204983195e-02	  -4.8096805280549455e-03	   7.8214538051248700e-02	   1.9070837543970778e-01	  -6.4146815675934402e-02	   1.1167573778253194e-01	
   1.2157252432067482e+00	   0.0000000000000000e+00	   3.1787962005666426e-01	   9.1207814787823471e-02	  -1.3556732210147304e-01	   4.1440530503737472e-02	   1.0256463531319615e-01	  -2.5540497535003887e-01	   1.9640604777739296e-01	   4.4402699000087892e-02	   5.3116732886356599e-01	   2.8517786946335894e-01	   3.2946214869875884e-01	   1.9002642476587758e-01	   2.8448388002340463e-01	  -1.9456213837190652e-03	   4.6485606345962832e-01	   4.2342274818049108e-01	   5.2665367127738394e-01	   4.8282349990743734e-01	   2.0980568248965180e-02	   5.8920524375747534e-03	   2.0116471260295668e-01	   3.2809886867566068e-03	   2.7886745524632339e-01	   1.4205019553012016e-01	   4.1995192711690818e-02	   4.6070880796332148e-02	   3.3433175737659548e-01	   2.9754691395843452e-01	   1.7570557197740938e-01	  -3.7867344513539299e-02	   5.3227054231472093e-01	   2.7371574833349677e-01	   1.0347845926410719e-01	  -3.8704814459826917e-02	   3.0186630824641619e-01	   1.2506104753632796e-01	   2.1544062881924855e-01	   1.2848157694618215e-01	  -1.9519148613530905e-03	   2.0233563924076112e-01	   3.3142974091352967e-01	   4.3008984607220102e-01	   3.4241946707359722e-01	   3.5110658533622591e-01	   3.3407161810866659e-01	   4.9277738258995363e-01	   4.3919408146460426e-01	   3.5622820441224012e-01	   4.0774446102489592e-01	   2.5607350954451497e-01	   3.1674532396073585e-01	   3.1464908926533963e-01	   3.4309562042312436e-01	   4.8052332691225841e-01	   1.1582690033058265e+00	   1.2378034999131065e+00	   8.1666232882548062e-01	   4.8875295682663583e-01	   4.4256588312072986e-01	   1.6647643066408363e-01	   2.4467960884036261e-01	   6.4894136161821004e-03	  -1.2623493419694820e-02	  -1.7073011608166222e-01	   3.0919948338355507e-01	   6.4956031141210013e-02	   9.4084225330505356e-01	   6.8758835765786064e-01	  -7.2091275784136585e-02	   7.5577379866444583e-02	   3.4052484605877870e-01	   3.1382673838823677e-01	   2.2561730128663571e-01	   3.1199325626836755e-01	   1.2171535694786201e-01	  -2.5914717191273483e-02	   2.9774527074142365e-01	   3.2192059462678141e-01	   3.9401625642367044e-01	   4.0484512566633196e-01	   1.8373467465207946e-01	   4.2689640016159947e-01	   2.4902891765150481e-01	   4.3497879643138293e-01	  -9.9170570166744562e-02	   9.9974785138039132e-03	   2.3596618980667991e-01	   3.9449759129796141e-01	  -3.2237338004536409e-01	  -4.3699154556581306e-02	  -1.9527282202617238e-01	   9.4981057424781690e-02	   1.8303322021613347e-01	   1.3069992970738506e-01	   2.8955727469324194e-01	   4.9588851448351623e-01	   1.5071939880063878e-01	   3.7838711502091837e-01	  -9.7957807948360863e-03	   2.3207967653935402e-01	  -1.3433247767965130e-02	  -5.9571065116680998e-02	  -2.8305783406972523e-01	  -1.9389182495137262e-02	  -1.7499123060682076e-02	   3.0701650422981386e-02	  -3.0000521064916616e-02	   1.0074002109857812e-01	   2.8062022549676560e-02	  -3.6327421880644516e-03	   5.2795838429894167e-02	   6.9292449203119888e-02	  -3.0600137427502189e-01	  -5.0081200005770675e-02	
   6.0244980875209264e-01	   3.1787962005666426e-01	   0.0000000000000000e+00	   7.1941129959722472e-01	   1.1573301120996098e-01	  -2.2692984963338485e-02	   1.3528315076618207e+00	   3.4608981416744766e-01	   2.4463217548184713e-01	  -1.9541696257604154e-02	   6.4247813706028678e-01	   8.8774733476193607e-02	   7.3920595336736894e-01	   1.8891788738842730e-01	   5.0509662821828727e-01	   9.1185804024878872e-02	   4.8798857838205739e-01	   3.6295965507602973e-01	   7.4477105322958648e-01	   7.4269569021117843e-01	   4.9225095754553493e-02	  -6.6060218193680631e-02	   8.4153803255727899e-01	   3.7293719797862745e-01	   2.2276795909916941e-01	   1.9550829680061266e-01	   2.2790800261841854e-02	   4.1037369265105185e-02	   6.4016958907564236e-01	   4.1943661871416815e-01	   9.1836638487644739e-01	   6.7588306782710317e-01	   8.5769014065476745e-01	   6.7981845474518476e-01	   6.3168597509796653e-01	   2.7116185898693246e-01	   3.8473982681013968e-01	   3.0785086173222698e-01	   3.7663477592527295e-01	   3.6336913073910132e-01	   2.2773097802799785e-01	   2.2240585629079859e-01	   4.6918981529642068e-01	   5.5134172211490440e-01	   3.3578258697832480e-01	   3.1735435765044784e-01	   3.4425377422834419e-01	   4.9931095532530523e-01	   3.6176690603184924e-01	   2.6193057457274077e-01	   4.2137148849957795e-01	   3.0223297557860129e-01	   3.5266106693331700e-01	   4.8397574833480506e-01	   5.3382336652965778e-01	   6.4460576806988001e-01	   4.9181500520941901e-01	   4.7820000807851737e-01	   6.4850058713336911e-01	   4.4756581200941942e-01	   6.6389985806500262e-01	   3.9491904322756932e-01	   4.7732981163627392e-01	   3.3740125456493919e-01	   5.2937500944551918e-01	   1.5678073914297919e-01	   7.4917358754338392e-01	   3.5318999886948765e-01	   7.4518156405339553e-01	   7.0856349265417184e-01	   4.4678599770975114e-01	   2.2307623115253900e-01	   4.2444270917295190e-01	   5.0209881356973718e-01	   2.9968116662310701e-01	   3.1690366370659590e-01	   3.4034993746140740e-01	   3.6396152286759376e-01	   4.3181776947203671e-01	   3.9512643418734378e-01	   6.4272596224724221e-01	   6.2346780251768663e-01	   5.1601474060403851e-01	   4.1986453987751760e-01	   8.4158993666647408e-01	   6.1616347960164275e-01	   1.3982563213749133e-01	   1.8413121515710906e-03	   7.0278551932407685e-01	   7.1491366233971720e-01	   2.1943003155150126e-01	   8.3787080254057777e-01	   9.7896317087531493e-02	   4.4977729707709252e-01	   2.5533481609493658e-01	   1.8863743414472550e-01	   2.7176084105390574e-01	   3.9324541196701612e-01	   2.9336472829839788e-01	   6.6057935616963670e-01	   1.9423478027588792e-01	   3.0017900853318835e-01	   1.8377987511949800e-01	   4.4342365142519735e-01	   3.9049918083869199e-02	   4.6689333790202214e-01	   2.2279889885727161e-01	   1.2242358489552001e-01	  -1.2961297816083151e-02	   1.1077885456527134e-01	   1.8949776416046107e-01	   9.7029009964274368e-02	   1.5290110896190084e-01	   4.2197035998263821e-01	   1.6555693563894849e-01	   2.0086885845645011e-01	
   2.9055310103678111e-01	   9.1207814787823471e-02	   7.1941129959722472e-01	   0.0000000000000000e+00	   2.8200968853426434e-01	   2.3852344982882967e-01	   5.3642152258050246e-01	   7.2476863994137830e-01	   7.9835684379298333e-02	   2.4233516127208052e-01	   1.9223788562878102e-01	   2.1971496078731070e-01	   3.0537925850612335e-01	   2.2116338591787701e-01	   3.9399170529830135e-01	   4.2893370615870224e-01	   1.1485882752039508e-01	   2.0689202722022842e-01	   5.0769182379202771e-01	   6.8571725350300650e-01	   1.8510254386200942e-01	   1.7075881361029394e-01	   6.0458453606399420e-01	   6.7764494581702606e-01	   2.3011427540348892e-01	   3.4003884511205318e-01	   2.7420370909246017e-01	   3.7987388258453603e-01	   2.1627510028936400e-01	   2.3792378326659352e-01	   4.6510134617972149e-01	   6.0726489502515635e-01	   4.8243503213347266e-01	   5.8812716487243877e-01	   6.0628054378407559e-01	   5.0622480605954034e-01	   3.3873836804784380e-01	   3.9685817251520111e-01	   6.5052201964589995e-01	   5.4167240229101021e-01	   4.3615476930695579e-01	   2.9150015435477689e-01	   4.4168263429957233e-01	   4.7397569991905752e-01	   2.8489350323646845e-01	   3.9287028232095589e-01	   3.5880504125012119e-01	   4.6565335867179880e-01	   2.9594935357073099e-01	   3.8134623450699134e-01	   4.0944955691228546e-01	   4.3962328628678338e-01	   4.8626558583352075e-01	   4.2388437240799282e-01	   5.9617536954896988e-01	   5.4539943076499298e-01	   1.3111788162848662e-01	   9.3981360244256365e-02	   4.9742597000108646e-01	   4.9382868976445071e-01	   1.0867725915119991e-01	   5.0398056694546967e-01	   4.9962500120992633e-02	   3.0622201863280701e-01	   3.5894892154868835e-01	   5.2090152889444152e-01	   4.6750807848790088e-01	   5.7547672605938405e-01	   2.5708523303171676e-01	   2.7493392787333476e-01	   5.1306300366801583e-01	   3.4073858819744601e-01	   2.4071115204719107e-01	   2.4529000769887008e-01	   1.6655507540195347e-01	   1.2429227287708583e-01	   2.9536241530608071e-01	   5.7534934566128504e-01	   2.6273019723718627e-01	   3.1089069092592081e-01	   2.8203832469362311e-01	   4.8115144905716190e-01	   6.1287430042183844e-01	   5.6065114233794999e-01	   6.6802935906825445e-01	   7.7596322091707504e-01	   3.0114517642258770e-01	   3.6260642992548109e-01	   6.0535958952245272e-01	   6.7263732169794654e-01	   6.5370540552892065e-01	   5.7901673810527632e-01	   5.1818906721265945e-01	   2.3898159071270114e-01	   2.1115934636060626e-01	   1.6801538030217472e-01	   3.6673245456991671e-01	   2.8524689651590807e-01	   6.2158509638407433e-01	   3.8567903278802812e-01	   4.1612993420211530e-01	   1.5384927055723890e-01	   2.1405437271744981e-01	   6.7863548585433675e-01	   2.4954468967381183e-01	   4.7681930069106732e-01	   2.1291191466504025e-01	  -5.1836843636240929e-02	  -7.1676152875704877e-02	   3.2697481881768764e-01	   5.2447785223654897e-01	   4.7236401294133945e-01	   3.7939960003141854e-01	   5.3880033443179620e-01	   2.1963413141974281e-01	   4.5107348199337316e-01	
  -1.5580910142519913e-01	  -1.3556732210147304e-01	   1.1573301120996098e-01	   2.8200968853426434e-01	   0.0000000000000000e+00	   9.5527859578133123e-01	   8.3611361653046029e-02	   3.7080582582496563e-01	   4.5529245662266249e-01	   4.4842733144692298e-01	   1.8186141345727638e-01	   1.8975006407414532e-01	   2.4498692620866691e-01	   3.9460551046990150e-01	   3.3306588438892304e-01	   3.4441962025933159e-01	   3.2220398176787601e-01	   2.5863230187782305e-01	  -5.5160627606926659e-02	   7.3410146073701596e-02	   5.9576127289062442e-01	   5.2615781666138373e-01	   2.2069982163235344e-01	   2.7827503424911498e-01	   3.2100389299125759e-01	   5.7431613487466249e-01	   4.9096918482982471e-01	   6.5307507510001062e-01	   4.2169993389519839e-01	   2.4454141354704745e-01	   9.9037894769540752e-02	   2.9249210511255397e-01	   1.3499866176251202e-01	   1.5349845893726022e-01	  -1.7955064731815254e-02	   8.8280628370510705e-02	   2.6428552813395828e-01	   1.5965377286504151e-01	   4.9009635893118586e-01	   2.9711620184745952e-01	   7.0559121515079748e-01	   1.5094157114259799e-01	  -6.2886042233572331e-02	  -1.3009319320975208e-02	   1.4905285164288706e-01	   1.7926293605635518e-01	  -1.0115343524200844e-01	   2.2987275993780334e-02	   1.0386513169913784e-01	   2.3294119514395487e-01	   1.0883142209681847e-01	   1.8996308718481175e-01	   1.4387918105737088e-01	   1.4067617178080100e-01	   1.5684594546323447e-01	   1.2833398407236968e-01	   2.2380588723744659e-03	  -3.1425997374518663e-02	   3.0623759313105112e-02	   2.6410391089058116e-01	   1.2603879741093338e-01	   2.3007166422564040e-01	   2.1351924397913760e-01	   4.7324227365193255e-01	  -7.2227450363058596e-02	   1.4292608472570786e-01	   1.8581956478172974e-02	   1.4335292671823921e-01	   1.1846220942532088e-02	   1.2163331832441274e-01	   5.4948598703061702e-01	   3.7970455773136913e-01	   1.9655882695105739e-01	  -4.3400815797703086e-02	   3.3409354731019636e-02	  -4.9408462145696296e-02	  -1.7346488600813476e-01	   2.2304888032694259e-01	   3.7834001893869745e-01	   2.1593468732710300e-01	   2.8680082854683153e-01	   2.7182400918105321e-01	   4.1241050381770211e-01	   2.0281281113633456e-01	   2.6451809647973279e-01	   2.8046302922266664e-01	   2.9964850620530881e-01	   3.4362368827709205e-01	   4.9783586111945688e-01	   3.9527361356547142e-01	   9.0373942195452195e-02	   2.4541999227934133e-01	  -9.6088532526728637e-02	   1.0200551269050415e-01	  -5.1950991221052192e-02	   1.4020798519646471e-01	  -4.9903461713554677e-02	   7.1341272017315133e-02	   1.8368575332670948e-02	  -4.9718755421617099e-02	   1.4540047888267510e-01	   2.0775047457222104e-01	  -1.0987743764634841e-01	   2.6268762769408938e-01	  -2.3221083215124869e-01	   1.2165338985422137e-01	  -6.5229506887021046e-02	  -2.9720606623836421e-01	   1.5480988798642908e-02	   4.9209736043441504e-01	  -5.9196202614260646e-02	  -1.8336401508997346e-02	  -1.1165951239496201e-01	   3.2371410938809664e-01	   2.9969396962520958e-02	  -3.2499981901177921e-02	
   3.3294086689870772e-02	   4.1440530503737472e-02	  -2.2692984963338485e-02	   2.3852344982882967e-01	   9.5527859578133123e-01	   0.0000000000000000e+00	  -1.3687297784544891e-01	   2.2788616264894962e-01	   3.2686029186724469e-01	   9.7653041373823313e-01	   1.7779453616164820e-01	   3.2627184978508883e-01	   2.3187680387922924e-01	   4.4010960431347490e-01	   3.5338261729915899e-01	   5.7779604217220715e-01	   2.0389810686379797e-01	   9.6090018319421919e-02	   3.3548706291021420e-02	   7.6130048294259955e-02	   8.4413534035000293e-01	   9.5398034032709733e-01	   2.3971776082879820e-01	   4.8038284992200220e-01	   4.7999442618718652e-01	   8.6682345779889547e-01	   7.9293069089091295e-01	   1.2246218522893484e+00	   2.8889199915010333e-01	   2.5491781080529696e-01	   8.8159331812209932e-02	   2.2101114173064659e-01	   1.4732132118930524e-01	   1.1733031499526730e-01	  -1.3390058622590076e-01	  -1.9306680034712333e-02	   2.5273714855029994e-01	   2.8163169750535583e-01	   4.2856910344315280e-01	   3.5471803335524749e-01	   4.1814648461841619e-01	   2.6665303363852860e-01	   1.2867645120707266e-01	   1.3573648964156371e-01	   9.4867863497354696e-02	   1.2981797409836432e-01	   7.5440598956654351e-02	   1.2374964769682098e-01	   2.0164565263825340e-01	   2.5411608033022115e-01	   2.3910866954048920e-01	   3.3962650505983139e-01	   2.4151641198282203e-01	   2.8217771404203584e-01	   2.2040279192816123e-01	   2.3907235439762453e-01	   3.2848304100201023e-02	   4.8522596961968279e-03	   1.8514478458249248e-01	   4.1141347038193721e-01	   4.1030671342746926e-02	   3.2554244498736457e-01	   1.4488415216749526e-01	   3.3216881720160879e-01	  -1.9595296944648241e-01	   1.2205613159202607e-01	  -9.5592568488796145e-03	   1.1305289879508630e-01	   2.4764247594274744e-02	   1.1887075933610089e-01	   4.8402555319834295e-01	   6.6963527527763200e-01	   3.4665619914034052e-02	  -7.7648606890156263e-02	  -2.3695466798681522e-02	  -1.0282906297554920e-01	  -1.9849591306297470e-01	   7.6830488823706924e-02	   2.2893942060336669e-01	   1.6577466399029733e-01	   2.0976965129328165e-01	   2.3374253462867103e-01	   3.5691958699843962e-01	   3.6899222159851625e-01	   1.2381413861210896e-01	   3.1402085978910788e-01	   4.6132568013067710e-01	   5.5759293464941984e-01	   3.4072172351697050e-01	   4.4045314217556442e-01	   3.6672613935473115e-02	   2.8005229695126921e-02	  -2.0985324675308999e-02	  -7.5678418478521872e-02	  -3.8091566135296823e-02	   5.2358344161016812e-02	   9.6201330430789961e-02	   2.3990862659855819e-01	   9.1213439228128509e-02	  -2.3199063987082772e-02	   6.7091972157950200e-03	   1.2189438376641232e-01	  -9.1377529755258396e-02	   1.0726837095458833e-01	  -6.2284555652541602e-02	   1.2548089990089897e-01	  -3.8270523240319945e-02	  -2.3972167181538490e-01	  -2.0197527742048377e-02	   3.0787022349651749e-01	  -8.0478503083538738e-02	  -1.8200035944816124e-02	  -1.1884730435013310e-01	   2.3936899533231926e-01	  -6.7946442553731001e-03	   7.6183430058637841e-02	
   3.8815009040963488e-01	   1.0256463531319615e-01	   1.3528315076618207e+00	   5.3642152258050246e-01	   8.3611361653046029e-02	  -1.3687297784544891e-01	   0.0000000000000000e+00	   4.8357871678022601e-01	   2.7732720061359029e-01	  -1.0030816311166794e-01	   6.4221971002558054e-01	   3.1558337648373083e-02	   7.6113555128195942e-01	   8.4732457681529719e-02	   4.1291608583801542e-01	  -2.4499081357131870e-03	   4.5265147199892780e-01	   2.6147144142187273e-01	   5.1371642940279738e-01	   4.7453262683388431e-01	   2.3105527136932681e-02	  -1.4088138640231712e-01	   7.0968097951909370e-01	   2.5335302305718771e-01	   1.3347562503732657e-01	   3.4667252828464008e-02	  -5.3304363472404422e-02	  -9.7056364607580117e-02	   4.9038021009297883e-01	   2.1295269358482702e-01	   6.7723903457135692e-01	   4.9927791313317449e-01	   5.3951147830511825e-01	   4.6149997125982245e-01	   6.6985714733694013e-01	   2.5790757736765024e-01	   2.3116453893784961e-01	   2.5133655665512145e-01	   2.4684561449716130e-01	   2.8941841547509994e-01	   2.0478516025982269e-01	   1.2191365969089790e-01	   2.3634720964644029e-01	   3.1578153708291501e-01	   2.2195126890115136e-01	   1.5939672284088316e-01	   1.4275719334984807e-01	   2.6854375988722812e-01	   2.2419073473535900e-01	   1.2407371521709307e-01	   2.4875855073935579e-01	   2.1219407085095954e-01	   1.6302944050022564e-01	   2.9959111104595670e-01	   3.0976519595431234e-01	   4.1767284937078308e-01	   2.7183946340635035e-01	   2.9183519499490906e-01	   4.3004050704083246e-01	   1.4396405377943836e-01	   6.9429986979176106e-01	   4.4360768277773838e-01	   4.2139779453507059e-01	   3.3747085064834692e-01	   8.4398017593267061e-01	   3.0643115355901374e-01	   5.7298997082014758e-01	   2.3198847354189905e-01	   5.1493486710127256e-01	   4.2544978892376173e-01	   4.6175912278949605e-01	   2.1686444596111379e-01	   3.9167369731700619e-01	   4.9604427435674880e-01	   3.2536616287652886e-01	   3.6075575896040335e-01	   3.3085182890025472e-01	   3.0205924661816025e-01	   4.3996171302306797e-01	   3.1134968384046979e-01	   4.8870350633518278e-01	   3.8852206533770295e-01	   3.9477191674439027e-01	   1.6988903608488359e-01	   8.0146128433650621e-01	   3.7826550779288126e-01	   1.0168817957448335e-01	  -4.5858574965262251e-02	   6.1923329159893681e-01	   5.2953604944967148e-01	   2.1885839310416838e-01	   8.8644480919356916e-01	   1.6690257524936025e-01	   5.5776584603222890e-01	   1.8056924817631487e-01	   1.5827468389599780e-01	   9.1849625642086236e-02	   2.2549858051189486e-01	   1.8250846408317897e-01	   5.4262435320896341e-01	   1.5479080543251092e-01	   2.8532980441807382e-01	   2.1184374263137357e-01	   3.8141514018267136e-01	   1.5527506459860804e-01	   5.3147616244800866e-01	   2.3165026143004996e-01	   1.7842189814319501e-01	  -3.5517588777419812e-02	   9.7021881389152548e-02	   1.2457819168681120e-01	   9.7711649647691357e-02	   1.9823368522845125e-01	   4.0964534784565243e-01	   3.0217035316552099e-01	   2.4343994227719709e-01	
  -5.4621871515927983e-02	  -2.5540497535003887e-01	   3.4608981416744766e-01	   7.2476863994137830e-01	   3.7080582582496563e-01	   2.2788616264894962e-01	   4.8357871678022601e-01	   0.0000000000000000e+00	   8.8825220113748854e-02	   1.7517482905438286e-01	   2.2290331020494181e-01	   2.6707573846252614e-01	   1.8926138368568848e-01	   2.8259174302962420e-01	   9.8579192447665928e-02	   1.7013522491748836e-01	   2.0412729516731945e-01	   2.5305220467275868e-01	   8.6919373988905993e-02	   3.3299042845363758e-01	   1.4537123847090244e-01	   4.7649188631099959e-02	   5.8482480718348211e-02	   5.9070865586556463e-02	  -2.1772358192529351e-01	   2.3115701931906507e-03	  -1.5511517804809501e-02	   9.2813364331126622e-02	   2.1242210761983976e-01	   3.0663548906992072e-01	   8.4038463722922896e-02	   2.3631670561979989e-01	   3.0035951450105641e-01	   5.5629203400467164e-01	   3.7893755931248785e-01	   4.8991368466644858e-01	  -5.1388809734676591e-02	   1.4236911326383622e-01	   2.0309870364798255e-01	   2.4335949674627758e-01	   3.7967596809233212e-01	   1.2364491408874452e-01	  -3.1048441379105767e-02	   4.6151226477665494e-02	  -5.5044443120882249e-03	   1.0111948096122512e-01	  -3.0839540173715162e-02	   4.5034039874014491e-02	   2.5104199724263872e-02	   7.1605675491768633e-02	   8.8149545443272317e-02	   2.0600219388811192e-01	   1.3889996240817110e-01	   7.8541064729741122e-02	   2.0100884838296609e-01	   1.2936604083935127e-01	  -1.4938297713388429e-01	  -1.8392210452121741e-01	   2.3189962216314627e-01	   1.7611464987387856e-01	   2.9404118857458650e-01	   7.2376796400253007e-01	   2.4225380911449901e-01	   7.3295537971418545e-01	   2.8606196201616241e-01	   6.9725379867169524e-01	   3.1614531039205002e-01	   4.8341344698393512e-01	   5.8265024233483467e-02	   9.6375607640632785e-02	   4.1635387974209737e-01	   1.9140586539132046e-01	   2.0582814771589431e-01	   1.3853173590957857e-01	   4.3506238406756825e-02	   4.9192542469961548e-02	   1.2245225640245078e-01	   3.8587898209125227e-01	   2.4575053856274570e-01	   1.5631808681766129e-01	   2.6366853988795963e-01	   2.8817414294706234e-01	   2.2974728079233020e-01	   1.1602581914437450e-01	   2.8992658780891289e-01	   1.6211664711719434e-01	   5.0148161927848961e-02	   2.9180670928114067e-02	   3.2544892881481663e-01	   2.4499855584154306e-01	   4.7054626652574910e-01	   3.8814359488464617e-01	   4.3945266675816491e-01	   1.7376733884775497e-01	   7.8978430872378144e-02	   2.4804374668226752e-02	  -5.3642095153169082e-02	   7.7978742201259735e-02	   3.0228991746477674e-01	   1.3975524975191836e-01	   3.7492854313260365e-01	   1.0294010400329043e-01	   1.9058135064040937e-01	   4.1826961611319868e-01	   2.0323429924254569e-01	   3.4172223317601436e-01	   2.5737141157003784e-01	  -3.5726376206515281e-02	   2.1139998044871672e-01	   2.8618462663534039e-01	   1.8151251583125752e-01	   2.9029533445680145e-01	   3.0467282803854751e-01	   3.5926609989819946e-01	   1.9243495156607843e-01	   2.3736393407161047e-01	
   1.3777207714248343e-01	   1.9640604777739296e-01	   2.4463217548184713e-01	   7.9835684379298333e-02	   4.5529245662266249e-01	   3.2686029186724469e-01	   2.7732720061359029e-01	   8.8825220113748854e-02	   0.0000000000000000e+00	   6.0563755525041385e-01	   4.5151713149775446e-01	   3.2366250586065987e-01	   6.9600624469662320e-01	   5.2542991408542805e-01	   6.7213027001614134e-01	   2.1213146252171461e-01	   4.2629169430764979e-01	   4.3784577756935422e-01	   1.1366643888191817e-01	   1.9143195367716240e-01	   1.5071817398944495e-01	  -3.2163109562805062e-02	   2.9059046288195217e-01	   3.7080702294832395e-02	   9.9073560202182026e-02	   1.4328009986539417e-01	  -3.0091600148886392e-02	   1.0003297621103759e-01	   4.3205805290163296e-01	   3.1643828481773023e-01	   1.9276313673441639e-01	   1.4306245756410457e-01	   3.4445249542009543e-01	   3.0529011076726870e-01	  -3.7060941415088054e-02	  -9.9886147316517085e-02	  -3.8582636508614931e-02	  -2.5482825412200710e-01	  -1.0137331619100329e-01	  -3.1024034621622093e-01	  -6.9042859058588965e-02	  -2.9963396706759782e-01	   3.2793552175164000e-05	   5.8704740272309035e-02	   2.0189459139718863e-01	   1.4454222663527644e-01	  -1.9682866161909455e-02	  -3.8614464253917277e-02	   2.0065760796590287e-01	   1.5418246356155241e-01	   7.0095766413222876e-02	   3.2258001575787079e-02	   3.0259789434223722e-02	   1.6220181641994047e-01	   8.5466403349872905e-02	  -1.3069573974055164e-02	   1.3099714828741924e-01	   2.6232224859420478e-01	   2.4284727942781614e-01	   2.4616875050445036e-01	   5.1001877002218432e-01	   2.7612565065144112e-01	   3.5983793894199895e-01	   4.1043586537760457e-01	   1.7147647517882741e-01	  -2.2102224165531348e-01	   2.2793586577503109e-02	  -3.9225314517227931e-02	   4.0526801969287085e-01	   4.1645962301894901e-01	   4.5754115037150267e-02	   2.1652260391705846e-01	   2.6215279756666632e-01	   1.6475954056705394e-01	   3.2003648848708377e-01	   2.5437071152294921e-01	   1.6288648227998037e-01	   6.1550935748065166e-02	   3.6986240125304792e-01	   3.4954911356624280e-01	   3.9609367414257363e-01	   3.7745248825965388e-01	  -5.6743417768965174e-02	  -5.4013510189917818e-02	   1.5294709364696923e-01	   1.5847210108770154e-01	  -1.9343665709806090e-01	  -2.7480255307397838e-01	   2.4924483862924846e-01	   2.0983535203708339e-01	   3.3961494494475920e-02	   3.5388767644863434e-01	  -9.0624347531910135e-02	   6.0107949626787738e-01	   1.7475382087618735e-01	   3.6633745779367821e-01	   9.0668509649246873e-02	   1.5334313502866825e-01	   7.9006334345818732e-02	   1.7559157295917566e-01	   2.5889428781790891e-01	   3.2626219759248765e-01	   3.8458373983900290e-01	  -5.2213247994891243e-02	   3.2333934166448475e-02	   3.2067802764421610e-01	   3.0222361842979706e-01	   3.0795601577390280e-01	   1.0784655128891830e-01	   4.3010944902926299e-02	   8.3929907024239525e-02	  -4.1944033145383135e-02	  -5.4485690191652912e-02	   2.5593751130292253e-01	   7.1075884746461621e-02	  -2.2006146700919160e-02	
   7.9017057904983590e-02	   4.4402699000087892e-02	  -1.9541696257604154e-02	   2.4233516127208052e-01	   4.4842733144692298e-01	   9.7653041373823313e-01	  -1.0030816311166794e-01	   1.7517482905438286e-01	   6.0563755525041385e-01	   0.0000000000000000e+00	   2.2565869576489594e-01	   5.6026526454832504e-01	   4.3005680134185786e-01	   5.0384235576271319e-01	   4.9046353503468854e-01	   6.6029053564399909e-01	   1.2099687420826942e-01	   1.4371005172414592e-01	   1.6379344194551457e-01	   1.5133136391464974e-01	   3.9621788880502645e-01	   3.8382761877050681e-01	   2.4443809864336935e-01	   4.0379567711367964e-01	   2.5980707381354584e-01	   5.1375973562779853e-01	   3.4124853438217290e-01	   6.5913116653683057e-01	   2.2952209400641455e-01	   3.0622666539199189e-01	   4.6053861107087465e-02	   1.2114785214355814e-01	   1.8109755069686262e-01	   2.2240877882911808e-01	  -1.3281518358496089e-01	  -6.7356939183026449e-03	   2.1309672926714117e-02	  -5.6710290666701544e-04	   1.3671424393648557e-01	  -2.9624890670382716e-02	   6.3477158768802416e-02	  -1.8866225392135307e-02	   1.6691094144921187e-01	   1.4052308939555636e-01	   8.1473253242738283e-02	   6.2803219970218108e-02	   1.0745303482475480e-01	   5.6990820764385469e-02	   2.1340507246382334e-01	   1.8661478681870539e-01	   1.5515130463904694e-01	   1.9322359672634271e-01	   2.0945603072383728e-01	   2.2345623470652362e-01	   1.4337924625790655e-01	   8.1866161836344306e-02	  -6.3296382478121513e-02	  -1.6804957099923554e-02	   2.5860373611921805e-01	   3.8952582067645780e-01	   1.1131888261423585e-01	   3.9083274067830170e-01	   1.0358635302539089e-01	   2.9151021081805439e-01	  -8.4585408167965240e-02	   2.5175989182920921e-02	  -9.3683106783777087e-02	   2.6375223317909462e-02	   6.6081461047406295e-02	   1.7523959892908048e-01	   1.9396270786358555e-01	   5.4649441276791300e-01	   6.3855535612914752e-02	  -4.6320526805865965e-02	   1.7394284035028409e-01	   5.9470949188323227e-02	   1.3713804908016455e-01	   1.4690200182931448e-01	   1.5656406997813210e-01	   1.8322017493317228e-01	   1.6123638080598138e-01	   2.0227197296810556e-01	   6.4815883319165699e-02	   2.7026342347503085e-01	  -8.0057655383933193e-04	   1.6087308908852316e-01	   1.2650814332161175e-01	   2.9332195749196105e-01	   1.1631776530814870e-01	   2.0688534174077391e-01	   1.7144268713933286e-01	   8.9224214411184527e-02	   1.4758313303681381e-01	   1.8227501324840165e-01	   1.9121557208837781e-01	   2.5602257837818782e-01	   2.4237447775972742e-01	   2.8952823687181595e-01	   1.8059088434665477e-01	   4.2172449878473649e-02	   2.3851598000456486e-01	   1.3263165772811042e-01	   2.3379410162726527e-01	   1.0334202165621623e-02	   1.4828660652467260e-01	   4.0810657765491587e-01	   2.0696313766155686e-01	   4.7727217311885187e-02	   1.5543912848675567e-01	   1.8103668025389349e-01	   1.3573006421915637e-01	   7.6455595969525503e-02	  -6.0227274207635406e-02	   2.5417424669146410e-01	   8.8262645856199667e-02	   1.5694544277266276e-01	
   7.7578431897551181e-01	   5.3116732886356599e-01	   6.4247813706028678e-01	   1.9223788562878102e-01	   1.8186141345727638e-01	   1.7779453616164820e-01	   6.4221971002558054e-01	   2.2290331020494181e-01	   4.5151713149775446e-01	   2.2565869576489594e-01	   0.0000000000000000e+00	   6.7544620751345719e-01	   1.0189251220140638e+00	   5.9696478263373720e-01	   6.4057802961091859e-01	   2.7505226391701515e-01	   7.5329765099342894e-01	   4.2260707331749148e-01	   5.8498251426161030e-01	   5.7426364806235364e-01	   7.8833892410005504e-02	  -8.1849789840148915e-02	   4.8307906625864022e-01	   5.2411670383243861e-02	   9.4514455462172312e-02	   9.0470978608211877e-02	  -9.5334550167794803e-03	   8.8858804533693603e-02	   9.2720781341897074e-01	   5.6766600840022630e-01	   2.8803714400054448e-01	   1.0483064780630630e-01	   6.2060799490270724e-01	   4.1459776871738940e-01	   1.2797898450196599e-01	  -5.0877760587044636e-02	   1.0499505862225476e-01	   7.1322856589803502e-02	   2.0054429360463094e-01	   1.2207542401058939e-01	   2.5986904336712746e-01	   1.5544077485942664e-01	  -1.0581538635276290e-01	  -2.2099124043215426e-02	  -5.0743769207578511e-02	  -1.2988658856388427e-01	  -1.9558901225176098e-01	  -6.1824733566842455e-03	   2.4873286755472929e-02	  -9.2346154591588667e-02	  -3.3241344598862833e-02	  -9.8928751132999662e-02	  -9.6346270300794637e-02	  -8.0013750254262061e-03	  -5.4272531619436480e-02	   5.7160738088107711e-02	   6.2072699140727661e-01	   6.3790208077744714e-01	   6.0479758570931841e-01	   2.0557605075297847e-01	   9.3360984341742403e-01	   4.1970451672386189e-01	   6.7609806787656346e-01	   4.7737294396549318e-01	   1.8092681707237174e-01	  -2.5707069709680418e-02	   2.2708998900978289e-01	  -1.2786579997329459e-01	   6.7948895016879396e-01	   6.0170065907025494e-01	   2.4220322081220630e-01	   1.6302932189408678e-01	   7.0661046956809026e-01	   5.7463317769788724e-01	   6.6880879400769233e-01	   6.7192322275823413e-01	   2.3577741278244135e-01	   1.7080937015323805e-01	   3.9465188254736622e-01	   2.2712646226783256e-01	   6.5076196252228768e-01	   3.8604508599465553e-01	   3.2334822653661544e-01	   3.5548770183391720e-01	   4.1015471784390395e-01	   1.9034999417822177e-01	  -1.5691451113031385e-01	  -1.0102134206372454e-01	   4.3748022467968045e-01	   2.9780629523441671e-01	  -3.4158932075052878e-01	   2.5378764203168508e-01	  -9.8047981926198569e-02	   3.1648835959842336e-01	   2.1891839677628583e-01	   1.9544609745023417e-01	  -1.3188002484454681e-01	   1.5709290609018400e-01	  -2.1376983511606990e-01	   4.8316897761611598e-02	  -7.0524011305170262e-02	   2.5887953807868125e-01	  -1.1517894633441306e-01	   5.0666419373576591e-02	  -2.6770423781829084e-01	   2.5889253373313392e-01	   3.2132402887652754e-02	  -1.0860250811091494e-01	   5.3251742961381840e-02	   3.3906487330244001e-01	  -2.5568789703173467e-01	  -1.8123331326461625e-01	   1.4366642187087835e-02	   1.7388311515534480e-01	  -9.5778945232137831e-03	   6.6400578994650059e-02	
   3.6520426867745898e-01	   2.8517786946335894e-01	   8.8774733476193607e-02	   2.1971496078731070e-01	   1.8975006407414532e-01	   3.2627184978508883e-01	   3.1558337648373083e-02	   2.6707573846252614e-01	   3.2366250586065987e-01	   5.6026526454832504e-01	   6.7544620751345719e-01	   0.0000000000000000e+00	   4.2219386119429558e-01	   7.8209814087698226e-01	   3.8267879944619365e-01	   4.6290655123643609e-01	   2.0218550950550318e-01	   2.6195162579100500e-01	   3.5257092805864321e-01	   4.1038529046902350e-01	   3.5581403118620521e-02	  -1.9334739034190414e-03	   1.6082447597781924e-01	   8.9148734668946433e-02	  -4.7835904432856152e-02	   9.1132555328942877e-02	   3.2185348326585941e-02	   2.4549908672681686e-01	   3.7618163517552106e-01	   5.2485295000845056e-01	  -9.7957549197470350e-02	  -6.8312668071989685e-02	   3.4141433267080185e-01	   3.2475053600250497e-01	  -1.4728265481526082e-01	  -7.3819723754691535e-02	   9.8020448380061100e-03	  -4.0717067616420279e-02	   7.3846494044022992e-02	  -4.2209085192891037e-02	   2.1858752600536302e-01	   6.6106448754989014e-02	  -1.6662217830463794e-01	  -1.2342437420770073e-01	  -1.1962428974873654e-01	  -1.5171391898798631e-01	  -1.9693216595017937e-01	  -1.1019499961416024e-01	  -2.1555890492713791e-02	  -9.3094223097202194e-03	  -9.5213033705021877e-02	  -9.3107170573473230e-02	  -8.4417908941583700e-02	  -1.1513335773498790e-01	  -1.3054887916344962e-01	  -1.3946731747030666e-01	   2.3319651441545544e-01	   1.7827638105241217e-01	   4.3524123973071965e-01	   1.7792755510783742e-01	   2.8732529159171150e-01	   3.1265564690418274e-01	   1.9944387522229468e-01	   3.2343340468014969e-01	  -1.0039346092237739e-01	   4.7520956406200215e-02	  -7.5925858037511312e-02	  -9.0755818409717276e-02	   2.6697455500599321e-01	   3.3965670992626573e-01	   4.0170716190872466e-02	   7.5784775375839331e-02	   3.6529504385647016e-01	   2.6922621057760010e-01	   3.7094771266091686e-01	   3.1494115721560240e-01	   2.7616290778299957e-01	   2.5614381190173957e-01	   1.2226868230823715e-01	   5.8956090754051033e-02	   2.7235887421002414e-01	   2.3239800837434343e-01	   6.3790203954185484e-02	   4.1277110209890677e-01	   2.8371880030148785e-02	   6.9548077174802506e-02	  -2.2275142232247416e-01	  -1.3576285463919589e-03	   2.6412465460469554e-02	   2.9135549556137272e-02	  -1.0624759165395364e-01	  -6.8478231967971745e-02	   1.3111715091786344e-01	   1.6402398384670630e-01	   2.7778823637433669e-01	   3.1869101186269549e-01	  -4.3532975499797573e-02	   1.5625541840208068e-01	  -7.7066553968427376e-02	  -1.6971127653646262e-01	   1.3292231482599043e-01	   1.7632536311788272e-01	   8.1749683074057288e-03	  -1.9582619767934309e-02	  -6.0008403412146520e-02	   2.2987430043499912e-01	   1.0000696158063550e-02	  -1.4736224091918593e-01	   1.3851123665198151e-01	   2.8233011944797282e-01	  -3.4640437377743659e-02	  -2.0195810344744741e-02	   1.0750393152137789e-02	   6.0682336979621380e-02	  -6.2754778589426657e-02	   8.1075379575915499e-02	
   5.1508155278184664e-01	   3.2946214869875884e-01	   7.3920595336736894e-01	   3.0537925850612335e-01	   2.4498692620866691e-01	   2.3187680387922924e-01	   7.6113555128195942e-01	   1.8926138368568848e-01	   6.9600624469662320e-01	   4.3005680134185786e-01	   1.0189251220140638e+00	   4.2219386119429558e-01	   0.0000000000000000e+00	   4.6896634312565977e-01	   1.0025340352727421e+00	   4.8259405172785441e-01	   6.2990690741588973e-01	   4.9082983560679722e-01	   5.5054608399349669e-01	   4.9151089300782697e-01	   8.6279425826099973e-02	   1.4078840029997843e-02	   7.3435855434463282e-01	   2.7957628464581452e-01	   2.2196309133067865e-01	   2.5862028109549207e-01	   7.6602232306017023e-02	   2.2196684917381859e-01	   7.3885898952163975e-01	   4.8954935652995896e-01	   4.3953684682470151e-01	   2.5921552807219450e-01	   5.1330929341099596e-01	   4.0807327513524583e-01	   2.4832185572057716e-01	  -1.1072663218222882e-01	   9.2008249463253436e-02	   3.9994408607004536e-03	   1.7718672552642095e-01	   8.1208899508893442e-02	   1.5251811245903824e-01	   9.3193339937878678e-02	   1.2991043071595959e-01	   1.9338816317962987e-01	   1.6507515341411624e-01	   8.3640161783506153e-02	   2.7452010750153542e-02	   1.2824107937747406e-01	   2.9178283080137674e-01	   1.7582211698700095e-01	   2.2663688818756411e-01	   1.8681418600907676e-01	   1.6152411339822820e-01	   2.7467592468410307e-01	   1.7287425338735007e-01	   1.9863746690618536e-01	   3.9629975919885013e-01	   4.8923071591900358e-01	   4.3934180532968370e-01	   2.6007797898034818e-01	   7.1594161660949573e-01	   3.8760979608421947e-01	   5.5688943742237040e-01	   4.1499801576879081e-01	   4.1231765813022725e-01	  -4.9330441679360307e-02	   1.6806150496892691e-01	  -1.3463151174559118e-01	   5.5122698916581969e-01	   5.0137976356983072e-01	   2.1666428773607072e-01	   3.2458629381476689e-01	   4.6341949954930151e-01	   4.9470786345413564e-01	   5.0814728925200270e-01	   5.4093865353255033e-01	   2.4591696715970274e-01	   1.3325474368204585e-01	   4.6951433881327764e-01	   4.1754315533390729e-01	   6.9904538849473430e-01	   5.1546986902851177e-01	   3.4156617286928737e-01	   3.8158585026624309e-01	   5.4420338231720233e-01	   3.1080312651447078e-01	  -6.8277016466977522e-02	  -3.7217517025509669e-02	   4.5648150140480015e-01	   4.0018322702976877e-01	  -8.6824060420503835e-02	   4.9853342832011105e-01	  -9.6213857854265922e-02	   4.3459268810961504e-01	   1.9318552164786154e-01	   1.9571951036560936e-01	   3.5459934287197563e-02	   1.5905911776184326e-01	   3.1292392094905423e-03	   1.8753057956962152e-01	  -2.9787381621060875e-02	   2.6819029018327445e-01	   8.0867100592455179e-02	   1.5078233459474807e-01	  -2.4348934536780560e-02	   4.3035750127609490e-01	   4.9871415789276091e-02	   4.0388510565526045e-02	   1.5188328939320093e-02	   1.9319380521450744e-01	  -5.2166158943678015e-02	  -1.2901033876063964e-01	  -2.1648747615517173e-03	   3.1656693384928214e-01	   9.2757182337673202e-02	   1.0619982844284796e-01	
