   0.0000000000000000e+00	   1.0716232413773306e+00	   2.5115574287423525e-01	   6.0986054332125161e-01	   1.0811923107378769e-01	   2.4404297917085579e-01	   3.2100555108009110e-01	   3.9939774936846889e-01	   4.7731525170908992e-02	   3.4127683978754225e-01	   5.8633804655456190e-01	   4.3236899240735793e-01	   7.0322337838134030e-01	   4.2263137218111885e-01	   4.2937229967735668e-01	   6.5740924442370074e-01	   7.8532699391572902e-01	   6.4044975613985988e-01	   9.6969611371733833e-01	   7.0057654070778619e-01	   7.4633694550547844e-02	   8.9118897753662107e-02	   3.8172896788377031e-01	   4.1134213246720280e-01	   5.5117168235842851e-01	   4.1830114674981972e-01	   2.8705499958408442e-01	   3.8902758896676043e-01	   6.9323052627157267e-01	   5.4790869215977611e-01	   1.4193636890902817e-01	   2.3190598851418581e-01	   7.7353347253018823e-01	   5.7121260703608412e-01	   9.5457141986313582e-02	   2.1791414324698058e-01	   6.0462323809002316e-01	   3.1318063855964218e-01	   6.2522595313398033e-01	   3.9974795546277880e-01	   4.0037366850974931e-01	   3.4442974294865474e-02	   7.7977319988676119e-01	   7.9571625045805672e-01	   6.6805451697849516e-01	   7.6725421455286014e-01	   7.6221190192142774e-01	   8.2030628198259625e-01	   9.2694928211874117e-01	   9.1172362143225616e-01	   6.8029649574701789e-01	   7.3496171508559704e-01	   5.4317442411743444e-01	   3.4897579689147329e-01	   6.9840771420560144e-01	   5.6626165720436894e-01	   1.3972429080549242e+00	   9.5238647614431859e-01	   1.0467589373022876e+00	   7.5762324604922759e-01	   3.9389927645906864e-01	   1.8937278280282197e-01	   4.7256825375466982e-01	   1.4308105600148183e-01	   1.3793026519427193e-01	   5.8959464954314289e-01	   4.6548232255534044e-01	   5.9549143461622489e-01	   8.0924504349222570e-01	   8.4724345988631367e-01	   3.7987385955189412e-02	  -5.1664768320779673e-02	   4.7075205482400478e-01	   3.9956934250372628e-01	   3.4418810104331321e-01	   3.0578005068168612e-01	   2.4128138137074776e-01	   1.0119160123386671e-01	   5.4400779968692858e-01	   3.9510441506392641e-01	   8.8206271310278717e-01	   7.5467314389851903e-01	   7.8226791211994340e-01	   7.9128206052866579e-01	   7.9977827715978278e-01	   7.3485593841932251e-01	   3.4494922449289617e-01	   5.8950422545071146e-01	   5.8057520298559984e-01	   6.1375369638140798e-01	   3.6593429450389481e-01	   3.3823671346726353e-01	   3.3791825561252875e-01	   3.1116442668624128e-01	   2.1296698161210323e-01	   9.7065240922259696e-02	   5.9189168159356242e-01	   7.1019054363511236e-01	   5.0197481469000793e-01	   7.0624165547920970e-01	   5.9670904766250921e-02	   1.0452731540675216e-01	   1.0364030195398698e-01	   1.6494109878663560e-01	   1.1052231083815985e-01	   9.6100011197683757e-02	   1.8636731934744261e-01	   8.6626930356135362e-02	  -5.0665829572170071e-02	   3.9293936843950905e-01	   5.1203291810067830e-01	   2.8100199607344784e-01	   2.5280900636416270e-01	   1.8495643400814826e-01	   2.5384421581519545e-01	  -2.0519246193895266e-01	
   1.0716232413773306e+00	   0.0000000000000000e+00	   5.3232264114598429e-02	   4.8779592662681487e-01	  -1.1003144525652991e-01	   1.4342637652649601e-01	   1.2161245008267824e-01	   1.7436516466846164e-01	  -1.2916955205914230e-01	   6.2852198302115164e-02	   4.4031866662176278e-01	   5.4205918595890679e-01	   3.7847817706559000e-01	   3.7937949981892038e-01	   2.2110177766515945e-01	   5.5264918264143970e-01	   8.6800198124501415e-01	   1.0653568442168224e+00	   8.0874112081866245e-01	   8.8212787650385538e-01	   2.3295272299605663e-01	   2.8743407991569875e-01	   2.2018153839384838e-01	   3.0720796224249530e-01	   3.4939691625517921e-01	   4.5499479528820863e-01	   1.1213327366433248e-01	   3.4455702474305966e-01	   7.3557864688383390e-01	   6.3092358577907581e-01	   2.7400549687180215e-01	   2.0995219929839165e-01	   8.3060386888366855e-01	   5.1251703597834608e-01	  -1.1865906941079282e-01	   7.6565536952728164e-02	   4.9594642729463551e-01	   3.8027540824465939e-01	   5.8467946824505557e-01	   5.8046648910448762e-01	   5.5634388014093883e-01	   3.3814538518104925e-01	   8.4568419698397357e-01	   8.3460684057432488e-01	   8.1932231650038034e-01	   8.7143037441110072e-01	   9.2893214153851744e-01	   9.5593928015561935e-01	   1.0472832485294632e+00	   1.0380981971778271e+00	   8.7888246436279038e-01	   8.9051584245487714e-01	   7.5537896094921875e-01	   5.8458016950626845e-01	   8.8685636680319679e-01	   7.8008256701337930e-01	   1.1370474470569316e+00	   1.5580992323869496e+00	   6.9999324027137722e-01	   5.1948156351507457e-01	   2.5250409839077503e-01	   5.2821509571738465e-02	   6.0905503378936732e-01	   2.5793311181825995e-01	  -1.0422308832538901e-01	   3.3422007716967200e-01	   3.5905300150574532e-01	   4.8797863027144162e-01	   9.1365932527870897e-01	   9.2096896301973463e-01	   2.4932659085223435e-02	  -1.9909244301634427e-01	   3.2158473687332567e-01	   4.3198994702624877e-01	   2.6226858324139624e-01	   3.0488543375606642e-01	   1.7716460945798801e-01	   1.5962050685678900e-01	   6.0523159021010686e-01	   4.9065652944841731e-01	   1.1267058251244610e+00	   9.6891868024809846e-01	   8.0648268017227032e-01	   9.0626918067384088e-01	   5.3448468144287786e-01	   6.9002079411921613e-01	   4.8709672239010027e-01	   7.5777204231840600e-01	   5.2775121371888412e-01	   7.2349054175912197e-01	   3.0172794583690499e-01	   1.3726134677135687e-01	   1.1419802355411776e-01	   4.0078645981484640e-02	   7.9927294660090492e-02	   3.1416958577607332e-02	   7.0671183197371801e-01	   7.6906787083909456e-01	   7.0490172963011832e-01	   7.2155631000279474e-01	  -3.7738380129436366e-02	  -9.5970237079043952e-02	   3.8185595398305711e-02	   1.1283561681985897e-01	   5.5118342730114914e-02	   4.0306447335696841e-02	   1.9304838758882512e-01	  -2.3378295207413947e-02	  -8.0064269909639732e-02	   4.2556863710819959e-01	   5.5126256412992525e-01	   3.9614889294067412e-01	   2.4729587775528405e-01	   2.4726068059517248e-01	   1.2287042275262379e-01	  -3.2601377287324845e-01	
   2.5115574287423525e-01	   5.3232264114598429e-02	   0.0000000000000000e+00	   8.6021683857703701e-01	   5.1905239597173525e-01	   6.5562336625614925e-01	   1.0367079333552311e+00	   8.1323082320626627e-01	   7.5708182922678258e-01	   5.8684999983193176e-01	   3.0492911578847826e-01	   1.2355097001609538e-01	   5.5551322268604331e-01	   3.9919265547048655e-01	   9.1580094725252503e-01	   5.9389909222320036e-01	   2.3782479340996215e-01	  -2.5609262429304388e-02	   4.1209031206772978e-01	   3.9789162352001511e-01	   5.0628259611325893e-03	   1.8554548360538489e-01	   1.2349262915378609e+00	   9.2600591588102521e-01	   7.8984224387737823e-01	   4.7050726014146843e-01	   4.2006102342871876e-01	   4.2326355577096264e-01	   4.1635147096396108e-01	   3.2072854178800597e-01	   7.3948325374370272e-01	   8.7039889946130877e-01	   4.5620419138884499e-01	   6.1521704161119484e-01	   9.9192630120843095e-01	   6.3419611302914958e-01	   2.2265313591166672e-01	   8.4404335218036516e-02	   2.0588278360775986e-01	   3.8321614702182044e-01	   1.4106021896405938e-01	   7.4575278015070523e-02	   2.2502698572977287e-01	   9.0572345118683298e-02	   3.3658636915240908e-01	   1.8826631223791068e-01	   1.8828208388621620e-01	   1.2996875183808010e-01	   2.9490088009974502e-01	   2.1927672343791807e-01	   4.5164542003907715e-01	   3.8480747367553175e-01	   3.4666034185970901e-01	   2.3566233886535531e-01	   4.2616498803082326e-01	   2.1756860956020174e-01	   1.3013119388990452e-01	  -4.8711545263898794e-02	   5.3119902138161357e-01	   4.6845185226073532e-01	   4.0502057704202304e-01	   5.4129827816027398e-01	   9.6690707545624838e-02	   1.3126628500363730e-01	   1.4223083221467010e+00	   7.9200203799628344e-01	   9.7641668304969131e-01	   7.8734590547845440e-01	   1.4697152334498237e-01	   1.6649761791438672e-01	   2.2960884053622727e-01	   2.5387735139694767e-01	   3.7538903384311773e-01	   1.6587451893758945e-01	   3.1979412178056676e-01	   3.5959299731761922e-02	   7.0484573212122414e-01	   5.9864919945657358e-01	   1.7222858266226732e-01	   4.3126290251484467e-01	   2.3532053359564742e-01	   3.9293032799588673e-01	   3.8166491419826848e-01	   2.3007016441105377e-01	   7.6681798562711734e-01	   5.8696724728950633e-01	  -1.3207214544823187e-01	  -4.4990674114299717e-02	   7.8756274349762423e-01	   3.9415581568128299e-01	   6.9024543800143212e-01	   8.1811101202913650e-01	   8.3466828752292266e-01	   1.0254182971138130e+00	   6.0675537614020936e-01	   5.7744022295183495e-01	   3.1262613331557010e-01	   2.7173355725370452e-01	   3.9693522226566780e-01	   3.9059792583208336e-01	   4.4139192440559710e-01	   8.2507397201862720e-01	   3.5245257523193718e-01	   4.0041225813506215e-01	   6.5130952556842658e-01	   4.5261101195212916e-01	   1.4705169552423233e-01	   3.2272398727969720e-01	   1.4112670747140640e-01	   7.8425897491687568e-01	   3.6684003842894120e-01	   3.3247893745878299e-01	   5.1575810450273762e-01	   1.6102642945502577e-01	   2.5715093528660504e-01	   2.5164900594499851e-01	
   6.0986054332125161e-01	   4.8779592662681487e-01	   8.6021683857703701e-01	   0.0000000000000000e+00	   2.6658477985161066e-01	   8.2301002083916597e-01	   8.6480214371934605e-01	   1.1881674675454772e+00	   5.1536657388274643e-01	   6.8221167874994171e-01	   5.4763367371644178e-01	   5.2598067090769940e-01	   7.6466041573879051e-01	   8.6110170877909675e-01	   8.5139185032857279e-01	   1.1682353356612016e+00	   7.1892245497790852e-01	   4.6855094968306510e-01	   7.7133789585892276e-01	   7.9643816252587563e-01	   1.2107689670116357e-01	   2.8874028183498424e-01	   1.2296708441862765e+00	   1.3006213173749910e+00	   8.3932437778238356e-01	   6.9881414432451017e-01	   4.2080244114691495e-01	   4.2938601444194513e-01	   6.9445634056318373e-01	   6.7885830861032481e-01	   8.2318285403301505e-01	   1.0573369909002566e+00	   8.7335805254315746e-01	   9.3245077278702315e-01	   5.9938159390773671e-01	   5.7239652933906449e-01	   4.5363079801086881e-01	   2.2262438184465444e-01	   4.5651602412992620e-01	   6.1219551209182577e-01	   3.9791275968744322e-01	   1.5996407609338512e-01	   5.1039589202142355e-01	   4.2674745745178411e-01	   6.6073016518374417e-01	   6.0513999909772598e-01	   5.3938112336700939e-01	   5.0092579710461616e-01	   7.4754934527126382e-01	   7.0214238755659841e-01	   7.5669893354806039e-01	   8.4001451926320536e-01	   6.4058439924056598e-01	   4.5789422449059425e-01	   7.8142997521639124e-01	   5.2168103197191096e-01	   4.5084708913834004e-01	   3.6417484296637459e-01	   7.9564868210460360e-01	   1.0012993873341891e+00	   4.6191758848338560e-01	   7.5125001122898016e-01	   3.8647825812843734e-01	   4.2011146781192266e-01	   8.0016154489514124e-01	   1.1729050356508517e+00	   8.8343383921614138e-01	   1.0786244117580803e+00	   4.4491108874956509e-01	   5.1056480914901514e-01	   3.2178184399999743e-01	   1.4918246515286332e-01	   4.8450949997655185e-01	   3.5316887866823665e-01	   5.0159399103485791e-01	   2.8921346306102236e-01	   6.8353142760355212e-01	   4.5377030797573192e-01	   5.1502428139568979e-01	   5.2544215727312182e-01	   5.7206644494726588e-01	   8.0463112961289851e-01	   6.6266577326564369e-01	   6.4235450292182705e-01	   8.4705506253550444e-01	   1.0037372328500618e+00	   1.7411689041348638e-01	   2.3918034166332244e-01	   9.4455809394444568e-01	   7.2792414853998888e-01	   1.0938133277707043e+00	   7.2973565099666649e-01	   9.1432175972684560e-01	   7.8259446679513323e-01	   4.0533562138542439e-01	   4.8570648940277389e-01	   4.8943028060058347e-01	   5.3460295344750985e-01	   8.1431068489671177e-01	   6.8054147802521892e-01	   5.8990010640406376e-01	   5.7566024749301548e-01	   4.3938465730860077e-01	   3.6814992401879720e-01	   6.3881996817056808e-01	   4.0667382740113289e-01	   4.2291432714174854e-01	   3.7780249122948800e-01	  -1.5129530544470438e-01	   6.1034519227723860e-01	   5.4175332973087176e-01	   5.5095894387083855e-01	   6.4248678375715740e-01	   1.2245817446089054e-01	   3.2878845770553172e-01	   1.4970062112113047e-01	
   1.0811923107378769e-01	  -1.1003144525652991e-01	   5.1905239597173525e-01	   2.6658477985161066e-01	   0.0000000000000000e+00	   6.6052565473387426e-01	   3.9224742279843727e-01	   4.2206732957269177e-01	   9.2684943310442958e-01	   7.8873162512733597e-01	   2.0433464173100610e-01	  -8.2304348352444295e-02	   3.8558909538976227e-01	   2.3730384221643541e-01	   6.3371632174817183e-01	   4.0087246979671776e-01	   5.8108908445549189e-02	  -1.6406228367150547e-01	   9.6542760140159473e-02	   6.1193280625156679e-02	  -1.4431870908061906e-01	   1.8683679520214139e-01	   4.5344217681218418e-01	   3.8646210669646519e-01	   4.8097108942910255e-01	   3.0503601803166147e-01	   7.3365194572435299e-01	   5.1144780871989970e-01	   9.3700782007178976e-03	  -1.1411627994326184e-02	   9.2133573150404754e-02	   3.3362390545440512e-01	  -5.0975412125214871e-02	   6.7503841491362876e-02	   3.6876961245068085e-01	   3.2245512134630006e-02	   4.4101345130387387e-01	   3.6714535601094483e-01	   1.4823962285996928e-01	   2.4103273578706375e-01	   9.4308386670845359e-02	   1.8730148594318452e-01	   2.2889503404084197e-01	   1.5238398935851977e-01	   2.4554958927862031e-01	   2.2726082134921677e-01	   1.6079889378423420e-01	   1.5206095015152898e-01	   1.8915372216281162e-01	   2.0797480828990084e-01	   2.3874741276701150e-01	   1.3171588561912553e-01	   4.5455362358112109e-02	   1.5316902071184263e-01	   1.4439784611291015e-01	   1.1113289073391606e-01	   1.0233301377717891e-01	  -1.3501091180458796e-01	   2.6272808590098745e-01	   2.0727690399552329e-01	  -4.1454681226728671e-02	   1.2175751798582930e-01	  -1.4212149397198953e-01	  -1.5773724981539489e-01	   6.3182393607939957e-01	   3.7065849545888852e-01	   3.0996850822703981e-01	   3.3488862441139972e-01	   2.2198343414991761e-01	   2.1827542543839568e-01	   1.8704677115025903e-01	   2.4260239756664315e-01	   2.1435858308318803e-01	   4.9935351854598270e-02	   2.4817026685435359e-01	  -5.0186802653299965e-02	   9.4430030925575614e-02	   8.0471493805561525e-02	   7.4996955310913063e-02	   9.7739235048032877e-02	  -1.5733775795328312e-02	   1.0335853655135413e-01	   6.6836724178844620e-02	   1.3658845207145270e-01	   5.3400105139825160e-01	   3.7624053090146314e-01	   1.3330949534717479e-01	   2.3386544066471321e-01	   3.9242177227999026e-01	   2.1444401116272241e-01	   4.4650733681914168e-01	   4.3429482564420030e-01	   5.4249720550647851e-01	   5.1392598396532319e-01	   1.5238367621912421e-01	   3.0341357476615954e-01	  -5.2085435416277213e-03	  -1.2042494982142134e-02	   1.1642436536158324e-01	   2.7642798217495579e-01	   2.0068067641115730e-01	   4.1779849195490543e-01	   1.4585109021771381e-01	   4.3260905295224422e-01	   2.3929307189757087e-01	   5.7167659549631877e-02	   1.7738923954339766e-01	   3.9626069356392507e-01	   1.2636513400739856e-02	   1.6393718652461486e-01	   4.5358012145829504e-02	   1.1462706829572916e-01	   1.6222660962295116e-01	  -9.1951968437777323e-02	   1.0524807367829543e-01	  -3.9193837758084639e-02	
   2.4404297917085579e-01	   1.4342637652649601e-01	   6.5562336625614925e-01	   8.2301002083916597e-01	   6.6052565473387426e-01	   0.0000000000000000e+00	   7.9756196741266783e-01	   9.0993508724382988e-01	   8.6428301755785508e-01	   9.8309150028957526e-01	   5.1518037924193893e-01	   4.1168740429141765e-01	   7.4454004899706105e-01	   8.7967532431059947e-01	   1.0943516209070494e+00	   1.1014202626445986e+00	   4.1107698832442102e-01	   2.3743492261891336e-01	   4.8112538826402362e-01	   5.0785352315220200e-01	   2.7166516930171858e-01	   5.9745115125867554e-01	   7.8804167356056243e-01	   7.7270073056189648e-01	   6.5993125080615722e-01	   7.3432402911704220e-01	   6.9833821407852859e-01	   7.6113225873643575e-01	   4.4121588758011299e-01	   4.3941568751167781e-01	   5.6570062348089267e-01	   6.1128064831463047e-01	   4.0024665790058694e-01	   5.0679916480148146e-01	   6.0620201769925275e-01	   5.0803677236441813e-01	   4.9366141953127363e-01	   3.2926413690817563e-01	   3.1294250231019372e-01	   6.3550690971319423e-01	   4.7558458908559892e-01	   2.9877170584645596e-01	   2.8793591655334289e-01	   1.6131953260498344e-01	   4.4202838105382658e-01	   3.3019291715717675e-01	   3.4173715746913852e-01	   2.7052594472150593e-01	   3.6652823690852382e-01	   3.9272321309595709e-01	   5.4072982177933548e-01	   4.8510599442924207e-01	   4.8779172143655647e-01	   4.9719304022387045e-01	   5.9694976026554047e-01	   5.3069784235716422e-01	   1.1716076820870655e-01	   5.2162905251538653e-02	   4.7668945635267002e-01	   6.8361709152227279e-01	   2.9384121143617087e-01	   6.2887709446542717e-01	   2.0908208599703132e-01	   3.0226969693107048e-01	   6.9870768856463461e-01	   6.7368554518334756e-01	   6.1122194418434317e-01	   6.8764496448257828e-01	   3.9743214776585001e-01	   4.4731924856179806e-01	   5.3434600724188730e-01	   4.2420233953876940e-01	   5.4871007383976322e-01	   3.8632189244195581e-01	   5.2881432125686934e-01	   3.1332873880587581e-01	   6.0354014185655191e-01	   4.9124765674845461e-01	   4.0088265624180480e-01	   3.4125605402904824e-01	   3.5357674788008453e-01	   5.5454259998029987e-01	   4.7140412954906380e-01	   5.9164235529811704e-01	   7.1663803621161426e-01	   7.9840284021089680e-01	   1.3217797284992402e-01	   3.1288396984366840e-01	   8.8654250871721774e-01	   6.2252488314700760e-01	   1.0754633267991593e+00	   8.3859138220331220e-01	   9.3952457770426778e-01	   7.4251745639755973e-01	   3.9113676448055540e-01	   5.2077992011411023e-01	   2.9072696220357686e-01	   2.2052357682416635e-01	   6.1560635217791793e-01	   5.6331663591759695e-01	   5.2583427701663044e-01	   5.6979824839209881e-01	   2.4123066123823173e-01	   5.1347869734843654e-01	   5.2039233828432974e-01	   4.4210535789838634e-01	   3.9806342039893472e-01	   4.6233480963361051e-01	  -3.6968356676695555e-02	   4.3260544288433811e-01	   2.9664675979200772e-01	   5.5903852333003601e-01	   6.7500157991445409e-01	   5.9642065343226145e-03	   4.1829519478135402e-01	   2.8940383859894359e-01	
   3.2100555108009110e-01	   1.2161245008267824e-01	   1.0367079333552311e+00	   8.6480214371934605e-01	   3.9224742279843727e-01	   7.9756196741266783e-01	   0.0000000000000000e+00	   1.1806630053800022e+00	   8.4559555906621742e-01	   7.9856120862565483e-01	   6.3686875096886419e-01	   3.9664025331117475e-01	   9.8032919779450500e-01	   7.5572307055036991e-01	   9.8184300390416623e-01	   6.3363806494920261e-01	   4.1663226585298319e-01	   2.3782015643551802e-01	   4.8783110554068515e-01	   4.4602409464010473e-01	  -9.2433358127745988e-02	   2.5708956693695311e-02	   7.6275178370200158e-01	   6.1314075708746762e-01	   4.0474914062664408e-01	   1.8902981237236302e-01	   1.3925719634055425e-01	   1.6923374480916775e-01	   6.5789255774510846e-01	   6.8159448716042226e-01	   5.1982644161443503e-01	   5.9001763907712446e-01	   5.9562936617230522e-01	   7.6280162483216141e-01	   6.2701140666878596e-01	   5.1510088323461289e-01	   2.6347178915251723e-01	   5.3143071453376427e-02	   2.2541788005280156e-01	   3.8504333624938769e-01	   1.7781952219527644e-01	  -2.6377964388495892e-02	   1.7292273908362188e-01	   3.0742748008022108e-02	   2.9473826330244252e-01	   1.6691366142911387e-01	   1.7863179963013595e-01	   7.8813815575860452e-02	   3.1080284058341717e-01	   2.4114215423836327e-01	   5.0205402621291184e-01	   3.9230310722517137e-01	   4.0078846741556795e-01	   2.9187452978098688e-01	   4.6879654380461322e-01	   2.6220043236490648e-01	   3.9986465679990091e-02	   5.1286466359712506e-02	   6.8691530861842243e-01	   8.1849002553086203e-01	   8.4366064108921313e-01	   9.2677874938806770e-01	   4.0026348088438102e-01	   5.3003967388078321e-01	   8.9185347742929044e-01	   6.3405378291982906e-01	   7.7349393844398595e-01	   6.3553987836149672e-01	   1.0355977086843714e-01	   2.0258175988331389e-01	   1.8193039683963219e-01	   1.6687746186842822e-01	   6.4364908739696491e-01	   4.4168486572579480e-01	   5.5310861285891599e-01	   3.0967220093262882e-01	   6.8531763198961471e-01	   5.9050826475292273e-01	   3.4590668190899981e-01	   5.0640088993198562e-01	   3.1564273935907572e-01	   4.4753410817475137e-01	   4.7486739905682396e-01	   4.5865391244112885e-01	   6.8110130529641877e-01	   5.4610552611223895e-01	  -5.0812871664119658e-02	   5.0446263279821664e-02	   7.5280444348720410e-01	   5.3754802989447525e-01	   8.7361269629895899e-01	   9.1784083662143967e-01	   9.4686010863006187e-01	   9.9058148219601605e-01	   7.8420473193513884e-01	   7.2877552367837817e-01	   3.5707288541620835e-01	   3.2919333619674429e-01	   4.8183650163489011e-01	   4.9590004917214747e-01	   6.2166387962565828e-01	   9.4710702530721980e-01	   5.1349632557117852e-01	   7.1719183107499240e-01	   5.7380446994352496e-01	   5.1978263513626510e-01	   4.0303848117413560e-01	   5.8973392623457843e-01	   1.1640758247303663e-02	   6.8509496362689104e-01	   3.8718858640182335e-01	   6.3101380660259987e-01	   8.4956487145884785e-01	   3.0580906161986621e-01	   5.5628775056096025e-01	   4.7645821626610574e-01	
   3.9939774936846889e-01	   1.7436516466846164e-01	   8.1323082320626627e-01	   1.1881674675454772e+00	   4.2206732957269177e-01	   9.0993508724382988e-01	   1.1806630053800022e+00	   0.0000000000000000e+00	   9.3074464489903708e-01	   1.0767059671177353e+00	   6.0908446905617852e-01	   4.6131095296062313e-01	   1.0127341407228350e+00	   1.0234648844952876e+00	   1.0234892344539248e+00	   8.4768612452313841e-01	   4.3425024704644200e-01	   2.4432878747923589e-01	   4.6549379750917846e-01	   4.1016980243333417e-01	  -5.6008321771302244e-02	   4.3172774963077601e-02	   9.2333008783257109e-01	   8.7819847302912812e-01	   5.2066123710918477e-01	   3.2064338947472459e-01	   2.9393379762434418e-01	   2.5501539666529049e-01	   4.6965467703114883e-01	   5.4450052747358801e-01	   4.4115818258787498e-01	   6.9391603939013347e-01	   5.5766221131490634e-01	   6.6102795357655764e-01	   6.0449657596675221e-01	   5.2106053217069137e-01	   3.0251798433896393e-01	   1.0271977286057876e-01	   2.3661751305489395e-01	   3.7710807204928204e-01	   1.3928414864523342e-01	  -2.6098256434897677e-02	   2.4370484258556269e-01	   1.2777237221763507e-01	   3.8199371754023426e-01	   2.9507107610012318e-01	   2.3795907408514111e-01	   1.5505925501315004e-01	   4.1740278440380274e-01	   3.2898979256892741e-01	   4.5798220717893134e-01	   4.2439094264074007e-01	   2.9208510691254902e-01	   1.8720807980767198e-01	   4.2031421228236354e-01	   2.5066059827950904e-01	   1.6087157905664262e-01	   5.7029720435858362e-02	   6.9242923681025348e-01	   1.0376565656325538e+00	   5.4381868371117426e-01	   1.0603587883960366e+00	   2.3299229291237325e-01	   4.6991954067386421e-01	   9.3666809018684072e-01	   1.0043244502848561e+00	   6.2039133153572956e-01	   7.1939429529447663e-01	   2.4427564085614109e-01	   3.5632857618300001e-01	   3.0542528486249598e-01	   2.2852566112005251e-01	   5.7769499873723595e-01	   3.8117345230527394e-01	   5.9651412133356818e-01	   3.7542566211621459e-01	   5.8626609522827045e-01	   3.5091204549579746e-01	   3.5315761366806875e-01	   3.0949902769735627e-01	   2.6282512913920547e-01	   4.4099958101845937e-01	   4.0404253358574621e-01	   4.3459553401022555e-01	   7.0019238224236502e-01	   6.6579834493938750e-01	   3.3208369976384877e-02	   4.8440229803259099e-02	   7.5742271769219205e-01	   4.3923973583809911e-01	   1.0298614407070459e+00	   7.9525027433481421e-01	   1.0821191079716805e+00	   9.0077047725021708e-01	   4.1852104605034335e-01	   6.0898593529134037e-01	   2.4998316513107144e-01	   3.0510341362680021e-01	   4.7994785883093927e-01	   4.4876440090492142e-01	   5.7009527400511151e-01	   7.0340076479813507e-01	   5.4056127612554561e-01	   5.7814849524205181e-01	   5.3311774976237758e-01	   3.9592614021198269e-01	   5.8026398058908046e-01	   5.4750335408224204e-01	  -1.6008407316313772e-01	   4.3954138968898354e-01	   3.5018130481347337e-01	   4.9005285325578568e-01	   7.2662883997509009e-01	   1.7405485893385125e-01	   4.8527836354655163e-01	   2.4063783265099059e-01	
   4.7731525170908992e-02	  -1.2916955205914230e-01	   7.5708182922678258e-01	   5.1536657388274643e-01	   9.2684943310442958e-01	   8.6428301755785508e-01	   8.4559555906621742e-01	   9.3074464489903708e-01	   0.0000000000000000e+00	   1.1255921942291605e+00	   3.7748377559397389e-01	   1.0359050114567617e-01	   5.4754665654071877e-01	   5.7692944257608691e-01	   9.3170445120878709e-01	   5.1132954251015850e-01	   1.2145468618609304e-01	  -1.2587465662117928e-01	   1.2568441186236803e-01	   1.2652055734478154e-01	  -1.3968601882669673e-01	   1.4490429646901162e-01	   6.7523665476070838e-01	   5.6558096028534910e-01	   3.4351908557175292e-01	   2.2200558319084912e-01	   5.0000129514588920e-01	   2.8235374300499744e-01	   1.8903551299576660e-01	   1.8746275894024741e-01	   3.1308186963627110e-01	   5.5860588393585242e-01	   1.4165161550484801e-01	   2.4528599507207635e-01	   5.5226347164756939e-01	   2.5193896909947078e-01	   3.0603002962348780e-01	   1.9699016232104966e-01	   3.6402170399834288e-02	   2.3324873085284922e-01	   1.4544759427646692e-01	   1.0090200748897309e-01	   3.4994576513641740e-02	  -9.1144092903249305e-02	   1.5450888023836543e-01	   4.8322169590364734e-02	   1.6525258080993289e-02	  -6.2765549985878646e-02	   1.1496692529796096e-01	   3.1261275677689472e-02	   1.5155840882919697e-01	   7.1735037560254344e-02	   3.4625859765772128e-02	   5.9994778983141726e-02	   1.4511529549388005e-01	   6.0341041022455827e-02	  -8.4624319432057310e-02	  -2.5269226792978328e-01	   2.3673104784262594e-01	   3.6995823976673192e-01	   1.9514892625261490e-01	   5.3664471274464709e-01	  -3.6160625857943871e-02	   2.0403316663295268e-01	   9.0935352825902316e-01	   4.9920793898695359e-01	   3.3619210713247993e-01	   3.3727871152730887e-01	   9.4939923793845513e-02	   1.4564344575439503e-01	   3.0342987339641270e-01	   3.9262288873612328e-01	   5.1232285754062912e-01	   3.2184814515485971e-01	   5.3213916168455311e-01	   2.7320649678320957e-01	   3.7588248076860231e-01	   2.4314399284482502e-01	   1.0786698986914979e-01	   9.0759760074418064e-02	  -3.2479572084194865e-02	   1.4883862756066332e-01	   1.2841467469494613e-01	   1.6345064047150476e-01	   4.7617409034118635e-01	   3.7065629653723431e-01	  -2.9055577443397457e-03	  -2.5682409949271744e-02	   5.3652865047152209e-01	   2.2536705761965348e-01	   7.3211201113010271e-01	   7.2244704303841101e-01	   9.2219021814356572e-01	   8.5372460659192517e-01	   4.7473597585671312e-01	   5.1705611083266789e-01	   2.3370537490610618e-02	  -1.1894453070043000e-02	   1.6257466992784811e-01	   2.0370056114046983e-01	   3.7306477133239130e-01	   6.9498178434839253e-01	   3.2522825961159652e-01	   6.3761139971689884e-01	   4.9312084049651672e-01	   3.7324580114075884e-01	   3.8158297884549930e-01	   5.8224746838259911e-01	  -2.6787451792023485e-02	   2.1617144750802461e-01	   4.2775614303142959e-02	   2.5318968205961123e-01	   4.7075165976699535e-01	   1.3215382872145293e-01	   3.3647705837384922e-01	   2.3796261107253319e-01	
   3.4127683978754225e-01	   6.2852198302115164e-02	   5.8684999983193176e-01	   6.8221167874994171e-01	   7.8873162512733597e-01	   9.8309150028957526e-01	   7.9856120862565483e-01	   1.0767059671177353e+00	   1.1255921942291605e+00	   0.0000000000000000e+00	   4.7749195492880386e-01	   1.5554217643573606e-01	   7.7616761067937046e-01	   6.8405977942941554e-01	   8.8445727624551573e-01	   7.2388637378014575e-01	   2.6652948682940958e-01	   1.0970682481117172e-01	   3.4055022813538838e-01	   2.5589296328638311e-01	  -1.5439786976721728e-01	   1.0752797893581507e-01	   6.1944582073884957e-01	   5.4034297350679961e-01	   4.6212130693027298e-01	   2.6972394409960154e-01	   6.7625914791010455e-01	   3.7210503849624127e-01	   2.2818673495791542e-01	   2.7876051656943263e-01	   1.7059608122374975e-01	   4.3956872172530426e-01	   2.0872482610844731e-01	   3.5280812892945190e-01	   4.8503397763053474e-01	   2.9022852778063341e-01	   4.9782267352394904e-01	   3.1946486676747626e-01	   1.6518296409980371e-01	   3.3834284592255170e-01	   1.8241915167097950e-01	   8.8088218985803261e-03	   2.1073735759683263e-01	   1.2541908090030740e-01	   2.5467125716687278e-01	   2.1938528367196777e-01	   2.1061603276271867e-01	   1.5788872987751423e-01	   2.6658114242362674e-01	   2.2375120859574665e-01	   3.0546669343858751e-01	   2.2569976069115585e-01	   1.6599505842871831e-01	   1.3047009831432821e-01	   2.6627623164872799e-01	   1.8399674790099504e-01	   1.7449544904729847e-01	  -2.3509209243996422e-03	   4.6859320623138356e-01	   7.2678642762171075e-01	   2.9570299412378909e-01	   6.4747907303870189e-01	   4.4764524496358434e-02	   1.7685909890462548e-01	   7.6709366954993330e-01	   7.4669503573457985e-01	   3.8985990498748646e-01	   4.7645560754817401e-01	   3.2222508231017949e-01	   4.0164912718825940e-01	   2.6576252799052313e-01	   3.7653124457260839e-01	   6.0388922481399065e-01	   4.4280095473635778e-01	   6.3352579362732797e-01	   4.4359835072241494e-01	   3.9726321995232722e-01	   2.0538150041644593e-01	   2.4309827004083140e-01	   1.6102526447359594e-01	   1.5412709293275809e-01	   2.6599299142516608e-01	   2.4102983939478584e-01	   3.7938241535498252e-01	   6.9104038604153994e-01	   5.1644624486299751e-01	   6.0687112455584509e-02	   8.2024441048229604e-02	   5.8150151102949332e-01	   3.6571955069759116e-01	   7.8417539485102095e-01	   6.2897463331562065e-01	   9.4411220307751564e-01	   6.5963671815985481e-01	   3.8623716741521019e-01	   4.1438463747684684e-01	   1.6967209276864381e-01	   9.3322601238851347e-02	   2.7421881238819079e-01	   3.3925253906540059e-01	   4.0012722129470896e-01	   4.5677685841128146e-01	   2.4507572179737275e-01	   5.3936348501588971e-01	   3.2230240001335131e-01	   2.2665763272222883e-01	   4.8607318486771972e-01	   5.5922131355157645e-01	   6.2519268807937484e-02	   3.0617571658007003e-01	   1.4192988433516676e-01	   3.0267010441494435e-01	   4.9047034801066658e-01	  -1.0877145839401979e-01	   2.6836116682399419e-01	   7.5833609362006851e-02	
   5.8633804655456190e-01	   4.4031866662176278e-01	   3.0492911578847826e-01	   5.4763367371644178e-01	   2.0433464173100610e-01	   5.1518037924193893e-01	   6.3686875096886419e-01	   6.0908446905617852e-01	   3.7748377559397389e-01	   4.7749195492880386e-01	   0.0000000000000000e+00	   9.8180429309735828e-01	   1.1592383438580796e+00	   9.1925755359461347e-01	   6.1073308961275175e-01	   6.3719668716478473e-01	   8.6259869186182514e-01	   5.8873854585948060e-01	   7.0911723232706358e-01	   6.3493150061882819e-01	  -3.4595044216384943e-02	   1.4776322215438353e-01	   3.9604976901790234e-01	   4.4369131531523820e-01	   1.8189238529452734e-01	   1.8060544946500709e-01	   5.5893334199507962e-02	   2.3011576919205273e-01	   1.0549290845107067e+00	   9.7136294827863590e-01	   2.5431368029662177e-01	   2.2568254883287098e-01	   6.4499601120204952e-01	   6.9591113833019747e-01	   1.7443897159733390e-01	   1.8324438504401816e-01	   1.5400173007524787e-01	   1.1289557628814613e-01	   1.7149859148770316e-01	   3.2506295195147722e-01	   3.8097634649496925e-01	   1.2724261845404652e-01	   2.0251664920952969e-01	   1.7622352198405453e-01	   2.4287903867830629e-01	   2.3126324288116448e-01	   2.6432277092102757e-01	   1.9541726016261018e-01	   3.7054358337203264e-01	   3.6659441876444032e-01	   3.7831968806729865e-01	   3.4559408811494952e-01	   5.4368912757489163e-01	   2.6953493438343212e-01	   4.8184676742318522e-01	   3.4624169901918656e-01	   3.1956517238480714e-01	   4.3195600499422820e-01	   6.0444448219969993e-01	   7.2208003527300058e-01	   8.1196390902367499e-01	   6.5786679191445141e-01	   9.8208434385769994e-01	   9.0054892472770054e-01	   2.6336757227802299e-01	   3.0037837633084319e-01	   2.7493912437589618e-01	   2.8718881049335232e-01	   4.7838775707443948e-01	   5.3685157437079445e-01	   3.0143802189085711e-01	   7.6358252732646945e-02	   6.5788265712634553e-01	   4.8796562916343156e-01	   5.2980997339523273e-01	   4.4457051833432154e-01	   4.5295431884884019e-01	   3.4900564258721595e-01	   5.0480514839508794e-01	   4.1645440010226370e-01	   7.2080560018418094e-01	   7.8106906264386389e-01	   7.1538336866312380e-01	   7.9502000768749337e-01	   6.0816612025747929e-01	   6.6903583232860897e-01	   2.7228814003285873e-01	   3.9611109591091787e-01	   6.0866047279941249e-01	   6.0634332763372445e-01	   4.5149324161592264e-01	   4.0189746452068337e-01	   4.3601454915327348e-01	   4.1786854347655289e-01	   3.2981321950459075e-01	   2.3502116231825299e-01	   2.0052744664710032e-01	   3.7284773756494327e-01	   4.0691462289618657e-01	   4.7838549339545500e-01	   1.2336944649105425e-01	   2.8845561285000582e-01	   3.2779194287818419e-01	   3.9559182449678815e-01	   2.6264216617794894e-01	   1.7249476362374613e-01	   3.4114255239311381e-01	   4.3043853933064979e-01	  -2.2921391482712741e-02	   2.9247550759645990e-01	   1.4279392551277756e-01	   2.7396446445081246e-01	   4.3326882905292891e-01	   2.3904837701826676e-01	   3.8681528494938472e-01	   6.7879120317673639e-02	
   4.3236899240735793e-01	   5.4205918595890679e-01	   1.2355097001609538e-01	   5.2598067090769940e-01	  -8.2304348352444295e-02	   4.1168740429141765e-01	   3.9664025331117475e-01	   4.6131095296062313e-01	   1.0359050114567617e-01	   1.5554217643573606e-01	   9.8180429309735828e-01	   0.0000000000000000e+00	   7.0184797074183947e-01	   1.0540377963501857e+00	   3.7923327188555123e-01	   5.1267576430527872e-01	   8.6955507970369372e-01	   7.2218668225729055e-01	   5.4008552274688315e-01	   5.2983876323550161e-01	   2.6508079428509101e-01	   2.2253486599938144e-01	   2.9729610844495130e-01	   3.8290479992983617e-01	   1.1669786594030288e-01	   2.5202958903742556e-01	  -1.1075941999555551e-01	   1.8027880354592860e-01	   9.1965477665825113e-01	   9.3881624170704403e-01	   4.3205773095249300e-01	   3.6038163763277425e-01	   6.5746337162050073e-01	   5.6526803207355525e-01	   6.1421350641408870e-02	   1.4188157016844516e-01	   2.2083098964133373e-02	   2.2040580389914560e-03	   1.4948801615784968e-01	   2.8909587201503195e-01	   4.3425177987633906e-01	   1.7968246981518793e-01	   1.8025389503749478e-01	   1.4961730949331414e-01	   2.9478754318639400e-01	   2.7173026515768695e-01	   2.3883621899452362e-01	   1.5808600448419421e-01	   4.5568334919695441e-01	   3.9984412639045913e-01	   4.3559600391060332e-01	   4.3905088456716646e-01	   5.5860851632290986e-01	   2.5956763405098049e-01	   5.0096460359371009e-01	   3.2250488702671315e-01	   2.7996240111117265e-01	   4.7012954646903182e-01	   5.1840609371854274e-01	   6.3823946603436577e-01	   7.4455671229788822e-01	   5.5672427898123933e-01	   9.9210429810232381e-01	   1.0594379488024608e+00	   6.6588559322748042e-02	   2.3305177318650067e-01	   2.2657056153110228e-01	   2.6751428049797354e-01	   2.5917702325158198e-01	   3.6274818575960638e-01	   4.2377128426122346e-01	  -1.0573744459341006e-02	   3.6819069425438938e-01	   3.8707568320012747e-01	   4.4726322153588899e-01	   2.6455976884537491e-01	   3.2563235856270722e-01	   2.5481697124051594e-01	   6.5821472007235415e-01	   4.0049420953556852e-01	   6.9087910155291521e-01	   7.9704312122877008e-01	   5.6064598634286478e-01	   6.5584571281689796e-01	   3.3289537332318869e-01	   5.9334958102882762e-01	   3.7709112748774243e-01	   4.7963511542597148e-01	   5.0376294507385344e-01	   5.5608269022753565e-01	   4.4716914078112141e-01	   2.7600604046551014e-01	   3.1706933595122622e-01	   2.6885058876084866e-01	   1.3117539205207024e-01	   8.6580000040323790e-02	   9.2001321037073022e-02	   2.4938583779608864e-01	   5.0843060979623000e-01	   4.0812550204736087e-01	   2.0343638187505086e-01	   1.5302148422714537e-01	   2.4148906823259828e-01	   2.9686610922717704e-01	   3.2405150805444682e-01	   2.6119643869431891e-01	   2.8408545392981077e-01	   2.4123547740837131e-01	  -1.9607522525369925e-01	   1.4502975481607486e-01	   9.3490562512332176e-02	   2.9086011163541081e-01	   4.1344465291975430e-01	   2.7600185829885371e-01	   4.3020517920692525e-01	   1.1548027906355755e-01	
   7.0322337838134030e-01	   3.7847817706559000e-01	   5.5551322268604331e-01	   7.6466041573879051e-01	   3.8558909538976227e-01	   7.4454004899706105e-01	   9.8032919779450500e-01	   1.0127341407228350e+00	   5.4754665654071877e-01	   7.7616761067937046e-01	   1.1592383438580796e+00	   7.0184797074183947e-01	   0.0000000000000000e+00	   1.0309255196584144e+00	   9.7091207699360094e-01	   8.8063619937878546e-01	   6.7063896568606485e-01	   4.9701888035276426e-01	   7.3224964940354464e-01	   6.1616634980594998e-01	  -5.9200688993699610e-02	   7.0470485298710167e-02	   6.2569215160540337e-01	   5.9906669769955112e-01	   4.4463570958165954e-01	   2.4981806886143690e-01	   1.8021796546645297e-01	   3.0298670121421772e-01	   8.2287664240097513e-01	   8.5015081412407245e-01	   2.5595111685793004e-01	   3.1589981780386711e-01	   7.0032415444095741e-01	   7.9162267130454755e-01	   4.0876041129848761e-01	   3.9982748472054952e-01	   2.8418059710966270e-01	   1.5416377856250765e-01	   3.2877168243348054e-01	   4.0347694691148084e-01	   2.6954165920391876e-01	   2.1872451828898829e-02	   3.2547552426860399e-01	   2.3647144108651280e-01	   3.7642528514793283e-01	   3.4949871809723931e-01	   3.5441565898960514e-01	   2.9258112077807680e-01	   5.0017428879174453e-01	   4.7666460980122494e-01	   5.8771018243296613e-01	   5.0959104784053266e-01	   5.1980063051099612e-01	   2.9517483632478986e-01	   6.0540846695393125e-01	   4.1797427692256861e-01	   3.8333819011066605e-01	   3.7010003678847403e-01	   1.0005374454905016e+00	   1.2318690802639689e+00	   8.5647820716240153e-01	   8.4769691058837060e-01	   6.3224520225756109e-01	   6.0687449041406583e-01	   5.4834929160535151e-01	   6.8225746823006694e-01	   5.9862946401567019e-01	   6.3785609683541544e-01	   4.6649219705845935e-01	   5.9517066585927392e-01	   2.5268145860613922e-01	   5.6730523080242727e-02	   7.1071918696634651e-01	   4.7347728153232593e-01	   6.2976254364140505e-01	   3.3234874424770489e-01	   5.3168435567092120e-01	   3.6764359202122954e-01	   4.8669496277160457e-01	   4.9072810303048675e-01	   6.3727665799829258e-01	   7.3472192915726298e-01	   7.5962188942085651e-01	   7.8742617823778815e-01	   9.2849652385464043e-01	   8.3770015076206028e-01	   1.7819697805948473e-01	   3.8239728148665342e-01	   7.8018155054146199e-01	   6.1329441656260297e-01	   7.2710389954546240e-01	   6.7604186002522937e-01	   8.0944396597642476e-01	   7.0802797759287861e-01	   3.3364134559895664e-01	   4.0440666911720974e-01	   3.1196361000950656e-01	   4.2269364414670535e-01	   4.9833042813667028e-01	   5.7414646441939565e-01	   3.4614837460799908e-01	   4.6437368463478002e-01	   4.7408346773534127e-01	   6.0718853526929117e-01	   3.3331446958581840e-01	   2.6628054448678140e-01	   4.1076382024831015e-01	   4.5058804242323675e-01	  -1.0343813023936461e-01	   4.5894663159294807e-01	   3.2987224778963353e-01	   3.9226484827907288e-01	   6.6360584006691758e-01	   2.1796317839018134e-01	   5.0222596359956717e-01	   1.3695250904154840e-01	
