   0.0000000000000000e+00	   7.4289866381978831e-01	   3.6182153959273672e-01	   3.5701365626485398e-01	   4.7477325011548466e-01	   2.7530632305537184e-01	   4.6124446217656956e-01	   4.5100592218535884e-01	   5.8893433768374071e-01	   3.1158273562466898e-01	   5.8139835089710579e-01	   5.8134388369200862e-01	   6.7960506063225157e-01	   5.3658150888645073e-01	   5.2207629238728914e-01	   4.5334348605252245e-01	   4.2533152275021557e-01	   4.0258734143738134e-01	   2.6967870304559416e-01	   5.2317055017225622e-01	   3.6741025718421211e-01	   9.8899873608799399e-02	   4.0944350823023314e-02	   8.3907799436677477e-02	   1.8881233851506510e-01	   1.0478814611732715e-01	   3.5408315081957159e-01	   2.5613139770140009e-01	   3.3638284469829188e-01	   4.6674771102035639e-01	   8.5223557304997061e-02	   1.0069321915862925e-01	   4.2961455898512080e-01	   5.3225602807076866e-01	   1.7192845068545304e-01	   1.2385291057144962e-01	   2.3067777891058133e-01	   3.1091744790796311e-01	   2.5375741126464613e-01	   1.9640288502686487e-01	   2.4818847567061036e-01	   2.4822310365433725e-01	   3.6642672797408693e-01	   2.9394948736962506e-01	   1.4223677333638016e-01	   2.0750831465937378e-01	   3.7898563180763445e-01	   2.2734245803819941e-01	   3.3214188559526481e-01	   3.8957675664181574e-01	   4.5449787147273701e-01	   2.3827088403960051e-01	   4.3032374012603564e-01	   4.9645124704656696e-01	   3.5455555629760549e-01	   4.5262668660408001e-01	   8.2829573949572877e-01	   6.2165119526835999e-01	   6.6220795453327963e-01	   4.3872001563138530e-01	   5.4711523381725957e-01	   5.4302866632708124e-01	   3.0067126653492737e-01	   5.2614935922245931e-01	   1.2658308912401162e-01	   2.6531098605192538e-01	   2.6927078293646312e-01	   1.0434319710927706e-01	   4.2817398267267631e-01	   3.5093669953348705e-01	   1.2326976225302683e-01	   2.4740295265578227e-01	   2.2829772082676061e-01	   5.0372757268852131e-01	   2.2733743528159411e-01	   2.1913222959848144e-01	   4.3052411123651596e-01	   3.2239265704183040e-01	   3.1380254782227268e-01	   3.3704399319062034e-01	   4.9310392662578018e-01	   5.4215192571215087e-01	   3.7470659577066734e-01	   2.6379327851355017e-01	   4.4051951592489824e-01	   3.9839285159000781e-01	   1.3150374061684578e-01	   9.0201307178986403e-02	   5.3170138201427042e-01	   5.7005061937035117e-01	   3.7881046343786490e-01	   3.5814617700083401e-01	   2.2242490418660801e-01	   2.6672485354557290e-01	   1.7259800848009346e-01	   1.3812002011488084e-01	   3.0194503476300427e-01	   1.7497451847047199e-01	   3.2555367147162201e-01	   3.4831950522591731e-01	   2.3398468804450556e-01	   1.6581789573966743e-01	   3.0608701642156663e-02	   2.7270814788915454e-01	   7.2165136703760263e-02	   1.9486534530682376e-01	  -9.8864183181762724e-02	   1.7959739516329160e-01	   1.8164328323088388e-01	   1.3140280844717878e-01	   1.0796758361724125e-01	   2.4792605658443617e-01	   4.1593408889156247e-01	   2.7331591464403365e-01	   2.2653399509357980e-01	   6.2129571333439833e-02	
   7.4289866381978831e-01	   0.0000000000000000e+00	   9.5954349225810850e-02	   1.0193018592132212e-01	   1.9450475010083601e-01	  -1.0333637426773047e-01	   6.1405411961881130e-02	   9.5229530587626496e-02	   2.2926421128814947e-01	  -7.5269326931373101e-02	   3.9613565102419579e-01	   6.8622776793357154e-01	   3.2486313015822010e-01	   3.7520765642844689e-01	   3.6643648629069170e-01	   1.4214005234562538e-01	   8.1129667653419513e-01	   8.2194182993748199e-01	   4.6374468740347952e-01	   8.3621826348455164e-01	   3.2666870176926205e-01	   1.5808219576886548e-01	  -7.1558543498832965e-03	  -4.7094867604129433e-02	  -1.2762468056311199e-01	  -1.5001881805362924e-01	   2.1920020321246769e-01	   1.7827911976406291e-01	   4.5625809956082125e-01	   6.4943505046981942e-01	   6.3678180543542641e-03	   2.4907183794103796e-02	   1.5429458743989263e-01	   3.3157813876467601e-01	  -2.6131106310112795e-01	  -2.0947421212319917e-01	   1.3425335052737869e-01	   1.8191169211284020e-01	   1.2373389387642122e-01	   8.4566516806083528e-02	   3.1454059693507264e-01	   3.6468108586986131e-01	   2.3949103062460847e-01	   3.1258950039449590e-01	  -1.3609439108963516e-02	   9.7967363235633612e-02	   2.8723382251085472e-01	   1.5581772347018014e-01	   2.3179285129632277e-01	   4.5789757245972657e-01	   3.5890365997505752e-01	   4.1995599920481858e-01	   4.0813419756898572e-01	   3.9205829683544591e-01	   1.9494297418584133e-01	   3.9668839722576699e-01	   1.0032708779613495e+00	   1.2381703128280375e+00	   1.4771715651036230e-01	   3.8301326211847347e-01	  -7.9636170825256564e-02	   9.4640765326205953e-02	   4.9490019534055202e-01	   7.5558437278924229e-01	  -3.4996520471278530e-01	  -2.8313254853773911e-01	  -1.0142156779662956e-01	  -1.9505963338547153e-01	   4.9102533879513011e-01	   4.8041247794430220e-01	   3.4563328832339962e-01	   2.7323486766298444e-01	   4.2603809465180331e-01	   6.3687471449740107e-01	   4.2032972413595382e-01	   4.5089855107271570e-01	   2.3858507015065000e-01	   2.0455068088415163e-01	   5.0970252697313934e-01	   5.6889690795620140e-01	   8.8303462213702133e-01	   6.9712361570316783e-01	   2.8061061945730764e-01	   3.0929018450539847e-01	   2.4408781292418222e-01	   1.8304840500320438e-01	  -7.0125642675088418e-02	   1.0479623818548731e-01	  -1.3829831297386736e-02	   1.1434745310750372e-01	   1.8838605206397863e-01	   9.8917623990323417e-02	  -5.2766763905780313e-02	   2.1132850370344774e-02	   1.9907459537666777e-01	   1.4592164594598722e-01	   2.7240095920057195e-01	   2.2549056704654652e-01	   2.4311853169596581e-01	   4.3742687389726775e-01	   1.7699458430449103e-01	  -7.7744184168088537e-02	   4.1786378612103936e-02	   1.3322239716452806e-02	  -5.4741552782209602e-02	  -1.1367069826765505e-01	   4.0705713617144294e-04	   3.5689157525316047e-02	   2.2311116637265122e-01	   3.9874757405813055e-01	   5.9105269625781005e-02	   3.0925073704014033e-01	   2.9015787707521018e-01	   1.4782785166621326e-01	   2.5801963054423102e-02	  -1.7900018523019195e-01	
   3.6182153959273672e-01	   9.5954349225810850e-02	   0.0000000000000000e+00	   6.8811867360599077e-01	   5.8862067508903959e-01	   4.6640534932968458e-01	   1.3525611495852345e+00	   3.8515920623648187e-01	   4.2491255825226032e-01	   1.2815108160800992e-01	   1.3832113609048191e-01	   1.5504301884753361e-02	   3.7891813897937232e-01	   1.2781072409861680e-01	   3.0457369780775251e-01	   2.9887335256300435e-01	  -1.2592755478067680e-01	  -1.6449235929070988e-01	   3.2598779559820525e-02	   1.3839541934998989e-01	   2.4627732631254654e-01	   3.3331300693236920e-02	   5.3471467294473674e-01	   4.3684184686972283e-01	   5.6150580992987209e-01	   6.4009054072498595e-01	   3.4261715909363122e-01	   3.7731825265670238e-01	  -1.4723419883775971e-01	  -2.7208366496042368e-02	   7.5088244803293658e-01	   5.6149985275166747e-01	   6.3346118422212150e-01	   5.5472803787097391e-01	   5.1378353352023276e-01	   6.4102915436811359e-01	   4.5575317899425538e-01	   6.5458395482256337e-01	   5.6553565959420038e-01	   6.3461515960305515e-01	   2.0994672617339716e-01	   3.0194186385705479e-01	   6.5463171957138300e-01	   3.2468112602431753e-01	   6.4073767861622855e-01	   5.5364682339174132e-01	   6.2464694543235644e-01	   4.7015003240583897e-01	   6.0853299332322441e-01	   1.2447744991351177e-01	   3.7317592003222766e-01	   1.6616369669355252e-01	   3.8798237052987011e-01	   4.2947089212715733e-01	   5.8955182761205116e-01	   5.3264816413507166e-01	   6.3734686664493806e-02	   1.5122613343514740e-01	   4.7708303096350735e-01	   1.0972116314375671e-01	   4.6759195268509601e-01	   1.3064252536340754e-01	   1.1976216941513122e-03	  -1.0290524950557398e-01	   6.4576791164576086e-01	   6.0907503677356323e-01	   1.0375997510908961e+00	   8.3134690190944072e-01	   1.9083172297673867e-01	   3.1549304507665149e-01	   3.7536411936744113e-01	   5.3510664489309767e-01	   4.8098268263180843e-01	   4.0640705169643798e-01	   2.9864959501151861e-01	   3.3834338621748106e-01	   4.7749157642142759e-01	   3.8744459340857634e-01	  -1.2232593271773411e-01	   9.4009228690055471e-02	  -8.4405371573355897e-02	   6.3087632065233282e-02	   3.9043095713135922e-01	   1.6060598109237523e-01	   1.9601873389251168e-01	   2.3830064346254884e-01	   4.2073552945568182e-01	   1.6334684166382196e-01	   6.0203390043727167e-01	   3.9284860136508531e-01	   6.5512477543564551e-01	   6.6391575767764210e-01	   4.6630697479934574e-01	   6.3084421450866324e-01	  -7.1609706467566772e-02	  -2.1751589373683548e-02	   4.8913594866499766e-01	   1.8375402863795867e-01	   5.7553253548940231e-01	   3.5743955310191428e-01	   2.4503067097668407e-01	   5.2332286761031321e-01	   1.3063301180609993e-01	   3.8300179017480279e-01	   3.2187902982025185e-01	   3.6294240805497530e-01	   1.8883957378019942e-01	   4.4242310784941485e-01	  -3.3430490190226042e-01	   1.1391504663997222e-01	   3.6761798835031478e-01	   1.8973064339867032e-01	   1.6136258408781304e-01	   1.5955143981615053e-01	   4.3043916449874681e-01	  -4.5630807837551357e-02	
   3.5701365626485398e-01	   1.0193018592132212e-01	   6.8811867360599077e-01	   0.0000000000000000e+00	   3.6354832571936058e-01	   3.7352715620892923e-01	   9.4542418397914929e-01	   1.2770199003119633e+00	   5.3131262016826852e-01	   4.6073663797797210e-01	   1.6007384331089258e-01	   2.5826455623464706e-01	   2.9318861944707542e-01	   4.2132662271318844e-01	   8.3761863251748961e-02	   1.7184578319875149e-01	  -1.7161285209834629e-01	  -1.1679558097181772e-01	  -1.5609143389510710e-01	  -6.1342272464270826e-02	   1.3128790054817155e-01	   1.2721381195378950e-01	  -9.0838521815023818e-02	   7.4954403101373981e-02	   7.3696508639378211e-02	   1.9806007980248289e-01	  -1.4342338305009019e-02	  -2.3215690018571464e-02	   3.8522753405866847e-02	   8.0936089411536558e-02	   2.8709992278245144e-01	   2.6161738630519227e-01	   3.7046958988672768e-01	   5.9219241422780178e-01	   2.2909383135185546e-01	   4.4752129039669675e-01	   2.0161640534851441e-01	   3.2702421368617418e-01	   2.9030101229765032e-01	   3.4062653989927011e-01	  -3.8445217230604683e-03	   3.0686691401311250e-02	   3.7383439848700217e-01	   2.9693421164844191e-01	   3.7761475013091989e-01	   3.0185097287395030e-01	   4.0589385699494240e-01	   2.8092194368535384e-01	   3.4921137025070104e-01	   6.6050029042652600e-02	   2.9585822993795591e-01	  -7.2158082557296402e-02	   2.2685643795716920e-01	   9.3400644718246856e-02	   4.4236144969301522e-01	   3.6792298128171219e-01	   1.8389199068562759e-01	   7.7072867591119879e-02	   5.1284436353639662e-01	   3.0391131990799586e-01	   5.7500845864503680e-01	   6.5609532753688082e-01	   1.1570917175516648e-01	   7.9662593553870939e-02	   2.1063600822457465e-01	   7.8915367088176380e-01	   6.3504083145692969e-01	   6.4970806297900152e-01	   7.7703405057592004e-02	   9.0170406892420854e-02	   3.5166206999769661e-01	   5.5466689523905355e-01	   2.1751089987420685e-01	   2.0221614512062308e-01	   8.3219930170519221e-02	   2.1906256235361254e-01	   5.9844997505282682e-01	   4.6075397331549911e-01	  -6.0849111122216692e-02	   1.0665599353346250e-01	   8.1247859381651646e-02	   2.2682008557532757e-01	   5.1136338224485343e-02	   6.8748799441921235e-02	  -6.1601249257835049e-03	   3.9935409416366230e-01	  -2.7274867890546561e-02	   8.1991772393841367e-02	   4.3661738146800610e-01	   4.7853701323099840e-01	   6.3383665784155185e-01	   3.0185879537837534e-01	   5.6567150264095811e-01	   2.1435752216668574e-01	  -2.2492234084651883e-01	  -8.7378089481713522e-02	   3.4656397694845409e-01	   1.1449502870545369e-01	   5.8674612579002672e-01	   3.0068228668064112e-01	   3.7379178401559832e-01	   3.7842262597504528e-01	   2.3909610282265192e-01	   4.9003191997096796e-01	   9.6315238079146936e-02	   5.3477551516724620e-02	   3.1082430367704367e-01	   4.7315957314121160e-01	  -1.6991677857056151e-01	   1.3321041536304562e-01	   2.8368929036949375e-01	   1.0062138535713543e-01	   2.7904932114456332e-01	   2.3409588039479073e-01	   1.6607567332635986e-01	  -7.8571581094953588e-02	
   4.7477325011548466e-01	   1.9450475010083601e-01	   5.8862067508903959e-01	   3.6354832571936058e-01	   0.0000000000000000e+00	   7.4872345362476278e-01	   6.3113795555376750e-01	   3.3193251323038420e-01	   6.5852052420935314e-01	   3.1880131410445051e-01	   1.7688742021155693e-01	   2.1027064722245989e-01	   4.2595699726149810e-01	   2.8023721755993181e-01	   4.8749823568032935e-01	   3.5734703245726135e-01	  -6.8863489152925048e-02	  -1.9229771842971467e-03	   1.1545453222452347e-01	   1.7573928908587191e-01	   2.8922079474874196e-01	   2.5957423848063277e-01	   2.7199142453524605e-01	   2.5559116299802953e-01	   5.0083356165967940e-01	   5.2453684261292521e-01	   6.7751269035312955e-01	   5.3193174074477201e-01	   2.6920379813439432e-01	   1.9716073720894661e-01	   2.0222004833296561e-01	   9.2195089827998705e-02	   3.5654252172900602e-01	   4.3118281023113464e-01	   3.0724297257417299e-01	   3.5757348763301261e-01	   3.7193159967347428e-01	   3.5786160620575014e-01	   4.0423617051743904e-01	   4.7372678802600254e-01	   2.9924255451787041e-01	   3.5248221134298247e-01	   5.6047522555344131e-01	   3.6485185237375317e-01	   5.2572200808017167e-01	   5.2591869357513354e-01	   4.8619781965882936e-01	   3.3599956247077856e-01	   7.7359058663538494e-01	   4.2663428621614574e-01	   6.1212984616709365e-01	   3.6618380700599706e-01	   5.2566366541439880e-01	   5.5192394868247185e-01	   5.4162838506961952e-01	   5.0498739370845380e-01	   1.6530166722495140e-01	   2.9175026999405990e-01	   6.1149007051305704e-01	   5.1495883358363770e-01	   5.5359386609263561e-01	   3.8153648937608564e-01	  -3.0557843949371423e-02	   1.3859223522475883e-01	   4.1003065871097061e-01	   4.5721158499090675e-01	   5.3725430403500818e-01	   4.0701949642384166e-01	   1.4161128766211503e-01	   3.7530539728721107e-01	   1.7400910975176054e-01	   2.7205848762279927e-01	   1.1245153492055381e-01	   3.5495574490347009e-01	   6.9285251527292837e-03	   1.0736493188037212e-01	   2.1632946531247102e-01	   1.6443057039116343e-01	  -1.4731122158088257e-02	   1.8709130716027353e-01	   1.3056468571684710e-01	   3.9842782435564628e-01	   4.4883704131759639e-01	   2.6961083466350505e-01	   4.8368163772072198e-01	   5.4269910533253019e-01	   6.0638557519055247e-01	   3.1009422120062075e-01	   5.7530702671653744e-01	   7.1535670222310543e-01	   6.8559754266462669e-01	   5.2560082369221983e-01	   4.0213751756905092e-01	   4.5205745166376932e-01	   9.8036264550081062e-02	  -1.7783937836627489e-02	   2.8714059667857639e-01	   8.7137494234469329e-02	   3.5597210650850714e-01	   2.2583473074054305e-01	   2.9061429226328034e-01	   2.2335246745420467e-01	   7.3502034110818640e-02	   2.4313618982927515e-01	   1.2068605878643521e-01	   3.0258632967675841e-01	   1.5472728382201956e-01	   2.2933053594478081e-01	  -1.7111489463331044e-02	   1.9518995941949704e-01	   1.4771713637241995e-01	   1.2455730363480601e-01	   2.0977347195042531e-01	   2.0191892042583556e-01	   3.7713612682026337e-01	  -6.5221740065522588e-02	
   2.7530632305537184e-01	  -1.0333637426773047e-01	   4.6640534932968458e-01	   3.7352715620892923e-01	   7.4872345362476278e-01	   0.0000000000000000e+00	   5.6683037346498732e-01	   4.2239738195182930e-01	   5.5426070507889680e-01	   7.2934531177803597e-01	   1.3201132017801342e-01	   1.2973457414007880e-01	   3.0794777483352875e-01	   3.7489286960260582e-01	   4.6665644896703673e-01	   6.7251084899455515e-01	  -1.8127248435843446e-01	  -1.1203758560865922e-01	  -3.8009505825226615e-02	  -1.8188631914254388e-01	   1.0167775383790027e-01	   3.0850357242508414e-01	   4.3517653648963150e-01	   4.8406496296918244e-01	   5.7587152106540362e-01	   5.8326431300233983e-01	   6.0601125693886204e-01	   5.3473143589141470e-01	  -1.9087010930584573e-02	  -6.3478790436597890e-02	   2.1060958093660209e-01	   2.1474355126395198e-01	   1.4758891125231388e-01	   9.9692513522072784e-02	   4.4310090541478425e-01	   3.8634772685928370e-01	   2.5765379722368342e-01	   4.4732166150211433e-01	   3.8489286401997869e-01	   5.3837866488318886e-01	   1.3741151866477225e-01	   2.5350733989882146e-01	   2.8649097270453755e-01	   7.2726904167263642e-02	   3.6763181437670595e-01	   3.6655685778820923e-01	   3.2866432906017834e-01	   2.2786965899683420e-01	   4.6688947680934312e-01	   2.0979025182426062e-01	   2.9986214458702981e-01	   1.8801931627762830e-01	   3.4513555022633896e-01	   3.8372702198523023e-01	   3.4710527660278978e-01	   3.4116104095213001e-01	  -9.5855547501576432e-02	  -7.5797436337551469e-02	   3.0503368602740072e-01	   6.6673787578205496e-02	   5.7296023136359131e-01	   5.0749514129074424e-01	  -2.0580968380338885e-01	  -1.4503445322007896e-01	   7.3945944005886310e-01	   8.2451742355090896e-01	   4.5432425489619382e-01	   3.9362680708702824e-01	  -1.1121298647109613e-01	   1.1488930328073779e-01	   4.8844225221223093e-02	   2.6960685817072660e-01	  -1.1970848962890877e-01	  -9.7408237731612876e-02	  -2.1729063466172946e-01	  -1.1143641010416953e-01	   2.1781071480859532e-01	   2.0539642214393633e-01	   6.2459285344598587e-03	   1.3676035824009214e-01	  -1.3046278041722809e-01	   1.6812199996316549e-01	   3.2793103561681614e-01	   1.7909317710484926e-01	   4.3708259020518114e-01	   5.3873497294746131e-01	   5.1878146670026215e-01	   4.0551461078475770e-01	   7.1832603444084331e-01	   8.8855659882800542e-01	   5.6328992101961095e-01	   4.8745758418350005e-01	   6.4836469492533222e-01	   4.7492835308395287e-01	   3.5830315305901327e-02	  -1.2846912181956625e-02	   2.6270099179507389e-01	   9.8671761106560632e-02	   2.5749399356009051e-01	   8.2827688290318807e-02	   1.9719428214745752e-01	   1.7639937387331533e-01	  -5.7921067020516991e-02	   7.9282771333586036e-02	   2.1071567762400956e-01	   2.8460227920468512e-01	   8.4323890338953073e-02	   2.1432384655986236e-01	  -1.6138378115937832e-01	   1.0223481991595088e-01	   2.1046704162683114e-01	   9.8593965451700072e-02	   5.6734446111678258e-02	  -2.8588587730982939e-02	   3.8355647522681674e-01	   2.3840245307318753e-02	
   4.6124446217656956e-01	   6.1405411961881130e-02	   1.3525611495852345e+00	   9.4542418397914929e-01	   6.3113795555376750e-01	   5.6683037346498732e-01	   0.0000000000000000e+00	   7.5936626549661501e-01	   6.8184474037857579e-01	   3.9922514501573553e-01	   2.6235701627708641e-01	   1.5375640913263369e-01	   5.4189338269548593e-01	   2.6928600387683227e-01	   2.4118002499800978e-01	   2.8428581609761533e-01	  -1.5221255441018283e-01	  -1.4003970689809361e-01	  -1.0574793277397582e-01	  -8.3887908302823257e-03	   5.0630575486271694e-02	  -3.9732597348774198e-02	   1.8170847540711602e-01	   1.5138688176792919e-01	   3.2319240135592703e-01	   3.7216728999267656e-01	   1.2937432366640958e-01	   1.3501030549788223e-01	  -9.2778740712180525e-03	   2.0472719654292249e-02	   3.8824894165858670e-01	   2.6029651194258552e-01	   4.6992353872935488e-01	   5.6154284012326894e-01	   4.0252049988047917e-01	   5.1020303092424246e-01	   2.5035566773473489e-01	   4.5094417914437662e-01	   3.7112824060018923e-01	   4.2840481448511691e-01	  -3.0548028482372241e-02	   9.1151574360168422e-02	   4.5961127415734682e-01	   2.7754776849207924e-01	   5.0264601522948538e-01	   4.5080838086618441e-01	   4.7210633843276922e-01	   3.7443693255821381e-01	   5.0393543234129301e-01	   1.2489875855031726e-01	   2.8572015790263644e-01	   1.8280055855244542e-02	   2.3994440047629614e-01	   2.3486138523616815e-01	   4.3111218571479393e-01	   3.9159774742622139e-01	   3.2034293388368530e-02	   9.2735229084814436e-02	   6.2158608919501690e-01	   2.4458091261465725e-01	   7.8362231110796721e-01	   4.5228759784650219e-01	   5.5353978280418777e-02	  -1.4732663205354579e-02	   5.2510830856394786e-01	   7.7141725562442431e-01	   8.8373653253097217e-01	   6.9898137711073183e-01	   4.3983761335837535e-02	   1.8751160964177854e-01	   3.0260843238266233e-01	   5.4931453590952828e-01	   4.2270349885126340e-01	   3.0119297853047350e-01	   2.4411727424156782e-01	   2.5861448100396506e-01	   6.0457753487688104e-01	   3.9352418919430743e-01	  -1.3704584336953007e-01	   5.0280287725364664e-02	  -6.2128696979982773e-02	   1.2406499504350398e-01	   1.7584707143981756e-01	   9.5814151025988573e-02	   1.7003943516990899e-01	   3.0998374455904903e-01	   2.8344318975801963e-01	   3.4297573001405797e-02	   6.1905664412972361e-01	   4.9394600566659413e-01	   6.9196904874554421e-01	   5.6284779720127764e-01	   4.7905305659175323e-01	   5.4980194512334557e-01	  -7.1143577265011387e-02	   1.2872492642257540e-03	   4.3607998689189059e-01	   1.4957942249275108e-01	   4.5984480661728966e-01	   2.5940569303410582e-01	   2.8934560800818659e-01	   5.6138098347787235e-01	   5.2029343668581633e-02	   4.6364345540062668e-01	   2.1677304728070010e-01	   3.5672385674602136e-01	   1.8387786678268159e-01	   3.5360613134455859e-01	  -2.0218346367645593e-01	   1.5850121429713260e-01	   3.2903288564191835e-01	   8.6192206142731473e-02	   1.2022862989358023e-01	   1.7034552296533981e-01	   3.6492786222338780e-01	  -6.8560607236210339e-02	
   4.5100592218535884e-01	   9.5229530587626496e-02	   3.8515920623648187e-01	   1.2770199003119633e+00	   3.3193251323038420e-01	   4.2239738195182930e-01	   7.5936626549661501e-01	   0.0000000000000000e+00	   6.9056162771145790e-01	   8.6703300021651442e-01	   3.3490879134286522e-01	   4.5100899480376311e-01	   4.6085872815719331e-01	   6.5993193601066680e-01	   1.5494231891919605e-01	   3.0229055597036442e-01	  -1.1235290938150701e-01	  -1.4097034537887047e-03	  -1.6368412366317533e-01	  -1.0309034742557696e-01	  -2.4365512237591015e-02	  -3.8997393412390842e-02	  -2.9888565596307026e-01	  -1.2564843444416643e-01	  -1.1989123654046870e-01	  -6.5088540779323592e-02	  -1.7257379186991612e-01	  -2.3285991697612246e-01	   2.1757140540786724e-01	   2.4733207861025702e-01	  -5.3093359887340721e-03	   2.0092725722789230e-02	   2.0941413967488182e-01	   5.0459401047799346e-01	   9.4101156549929510e-02	   3.0052890240048236e-01	   2.7207124906900530e-02	   1.7165449581007602e-01	   9.4454261770105977e-02	   1.1908570029105287e-01	  -1.1446351483298994e-01	  -9.5468817338882780e-02	   1.9789121474192201e-01	   2.3758120409238459e-01	   2.2283544680741774e-01	   2.1443684319755674e-01	   2.6477661184089063e-01	   1.1733172126447011e-01	   2.9874335487388626e-01	   2.3138432460739961e-01	   2.3018647206270160e-01	  -6.4563307210542473e-02	   1.3192132905710399e-01	  -3.4951025643714072e-02	   2.7043472680903086e-01	   2.1004510669606713e-01	   2.2622748093249051e-01	   6.4981322916710270e-03	   5.6503947964944701e-01	   3.4635778811309359e-01	   7.4834861281045406e-01	   1.1559962198308351e+00	   1.6604449860212442e-01	   2.1707852977339548e-01	   1.0831771860917619e-01	   7.7381500533774439e-01	   3.6293167232110674e-01	   3.5283162947153901e-01	  -3.1866397029329590e-03	   1.5572431159680435e-02	   2.1130018856803273e-01	   4.1103042827832137e-01	   1.5340168695161802e-01	   1.3246272192539285e-01	  -2.2209635894050433e-03	   1.5905763021299571e-01	   6.2499523636312682e-01	   4.2951042488879521e-01	   2.5258985781341427e-02	   1.5143156493943205e-01	   1.2327117718767804e-01	   3.4161723193280924e-01	  -3.2975956084578692e-02	   5.7444235648662238e-02	   1.0106306723839044e-01	   4.5809306143803236e-01	  -1.2710564412855155e-01	  -6.0448754055788818e-02	   5.0049877863054681e-01	   6.7317751750848687e-01	   5.5988722775007072e-01	   2.4822308194846349e-01	   5.5675330868811801e-01	   1.5662068051200786e-01	  -2.1180078480820988e-01	  -1.5736544955948240e-01	   2.1490686325140496e-01	   6.6927197085776191e-03	   3.7750725409875197e-01	   1.3532507728484253e-01	   3.9466727275291086e-01	   3.0498241297661827e-01	   2.1493722942389509e-01	   4.7412901908418986e-01	  -1.5411016094023946e-02	   8.9980949549475567e-03	   3.3927584659762622e-01	   3.7405940399838761e-01	  -9.7583469133268902e-02	   9.7336005313265139e-02	   1.5526590135384982e-01	  -1.4176795736807147e-02	   2.3168613001620642e-01	   2.2829502602638302e-01	   4.2648079694557750e-02	   4.9258602931618184e-03	
   5.8893433768374071e-01	   2.2926421128814947e-01	   4.2491255825226032e-01	   5.3131262016826852e-01	   6.5852052420935314e-01	   5.5426070507889680e-01	   6.8184474037857579e-01	   6.9056162771145790e-01	   0.0000000000000000e+00	   8.0843257205134211e-01	   4.2776416806877054e-01	   4.4928927545312541e-01	   7.6278211742048385e-01	   6.9511382569197722e-01	   6.1129502100647659e-01	   4.4951050592380104e-01	   2.3186301912633887e-03	   1.6501729458490216e-01	  -1.6504181777565122e-01	   1.7251272318943142e-03	   6.2461601460059918e-03	   1.0087700957292335e-01	   5.8310906815520662e-03	  -2.6386183013807615e-02	   1.6958344202016884e-01	   1.0142456298090720e-01	   1.1992088222142483e-01	   2.0391558603767842e-02	   1.4771384602893475e-01	   1.3949046725205774e-01	  -3.2880796305100803e-02	  -7.5957812278767287e-02	   2.9786780881501336e-02	   1.7905282205517370e-01	  -1.4055537503508341e-02	   1.4047260964142218e-02	  -1.4249276768880267e-02	   1.7274678978709176e-01	   7.7214826634393136e-02	   1.2388317797996054e-01	  -3.2008018143893986e-02	  -4.2983934408859913e-02	   2.1866077209120144e-01	   2.7346306756707550e-01	   1.2964060707274871e-01	   1.7355067954431469e-01	   2.4121020605428145e-01	   2.1140862483163228e-01	   4.1071883481379318e-01	   3.2291862108452218e-01	   4.1231726923265999e-01	   3.5664267737531036e-01	   3.4361846678827479e-01	   2.6973854595586833e-01	   1.4700282465021025e-01	   2.8455612959702115e-01	   1.5698236545407387e-01	   2.2245201363302403e-01	   4.9852676297222209e-01	   4.5033795630705648e-01	   9.0302204408041842e-01	   8.3420847923887742e-01	   2.1565798602541447e-01	   3.3717673694749734e-01	   2.8933731833674448e-01	   5.2396363702932869e-01	   1.3337267066668040e-01	   5.1367191521186538e-02	  -6.8133624802197271e-02	  -2.7564578816051573e-04	   4.3783767682171355e-02	   1.7469075979021803e-01	   3.3240216330317242e-02	   1.2701601858683731e-01	  -8.8080667446194562e-03	   1.1585741090087241e-01	   2.9897957761290062e-01	   1.5825850100941682e-01	   2.1860410357924156e-02	   1.8222480824543252e-01	   1.4924034420953627e-01	   5.7145899812295076e-01	   8.1476126103750879e-02	   5.4259205961211324e-02	   5.7288655436099223e-01	   7.1592705833810633e-01	   1.9802546073591704e-01	  -1.4445747555965458e-02	   6.8755137239130137e-01	   9.4984148557708581e-01	   8.0414217648347808e-01	   5.2057626102293053e-01	   6.3194982117733101e-01	   5.9429358790001241e-01	   2.1111480122228221e-01	   2.4151178434973518e-02	   2.6022554264413245e-01	   1.8389026992591861e-01	   4.2775079171463370e-01	   2.5257233591274997e-01	   4.8056867237345224e-01	   3.4835671627523951e-01	   2.1366204638724667e-01	   3.8898834445759289e-01	   2.3158648865502030e-01	   3.8355584453304792e-01	   8.5110467309923638e-02	   2.0288708018808019e-01	  -3.3919286213333254e-02	   2.3650900654177401e-01	   1.7769718086379077e-01	   1.2370380274456490e-01	   2.3182795452300770e-01	   2.7642764689828936e-01	   4.5143406801046310e-01	  -1.2053682498888028e-01	
   3.1158273562466898e-01	  -7.5269326931373101e-02	   1.2815108160800992e-01	   4.6073663797797210e-01	   3.1880131410445051e-01	   7.2934531177803597e-01	   3.9922514501573553e-01	   8.6703300021651442e-01	   8.0843257205134211e-01	   0.0000000000000000e+00	   3.2387168959747598e-01	   3.3975120300938072e-01	   5.2455818950271849e-01	   6.5296017856002952e-01	   3.7168869499176288e-01	   5.2693430115677919e-01	  -7.9955597780573290e-02	   6.8063614277275725e-02	  -2.2024448852965822e-01	  -3.4026976363948291e-01	  -2.5714214261834917e-01	  -4.5911983965905914e-02	  -9.5874228643970508e-02	   3.2624431316734211e-02	   2.1892013329519226e-02	  -3.4499860229164812e-02	  -4.2683932161533336e-02	  -1.0079520212648685e-01	   1.9584590019055134e-01	   1.1891651988411236e-01	  -1.4712200908549519e-01	  -8.1257192703771297e-02	  -4.6384182280134641e-02	   6.9578156640850639e-02	   7.0059749259954410e-02	   1.0090664232373882e-01	  -1.0824781562513350e-01	   1.5350581289480214e-01	   5.0149643060240180e-03	   6.6592137971086623e-02	  -1.4102238684691321e-01	  -1.5793872971012515e-01	  -4.3457285587006539e-02	   9.3389103688781023e-03	  -1.4079950736286006e-03	   1.8481240489989802e-02	   3.9532967806189437e-02	   3.5767267723437093e-02	   1.9162280396753464e-01	   2.1396367017442880e-01	   1.5091062250502424e-01	   9.6363213925959090e-02	   1.2218801454085459e-01	  -1.0424716143365863e-02	   1.1660434391397394e-01	   1.2247517683660938e-01	   3.5108282772767473e-02	  -7.3429176357424353e-02	   4.1227240214228456e-01	   1.6644792801309685e-01	   8.8841763235722981e-01	   1.1516118702523943e+00	   9.0747455543432706e-02	   1.6597525056200005e-01	   2.6151668534505162e-01	   7.2043120632288704e-01	   5.2182257245059364e-02	  -5.4488106945314906e-03	  -2.3248647067617786e-01	  -1.7522268720150352e-01	  -5.4995858198525080e-02	   5.4386756370972990e-02	  -1.3745024372762102e-01	  -6.6826968586430668e-02	  -1.2578787513388764e-01	  -7.2878389949088754e-02	   3.7334950348421181e-01	   2.7248568093381198e-01	   1.6453516761227999e-01	   2.1774176256684522e-01	  -7.6336548295962954e-03	   2.9911270834421599e-01	  -5.8775810293909186e-02	  -4.9523850743006560e-02	   3.5382572259954459e-01	   5.9871591898587218e-01	   2.0918343135583831e-02	  -4.8158716065846291e-02	   6.3445337903984966e-01	   1.0255308785391468e+00	   4.3144635383784113e-01	   2.8811607888027835e-01	   6.4008236674710250e-01	   2.6860142550822486e-01	   7.7385284117474459e-02	  -9.0510431280856812e-02	   1.1695503968815371e-01	   4.3065087832538276e-02	   1.7488451390304727e-01	   3.1445061595552395e-02	   3.9432915605724850e-01	   1.7002736454178330e-01	   1.2876984794783466e-01	   1.9610936643784319e-01	   8.4034096391688282e-02	   1.6807335160624931e-01	   7.3469454226878173e-02	   1.4234671591389361e-01	  -4.7504758458397980e-03	   1.6499562208400292e-01	   1.4654807419030563e-01	  -4.0916821513264354e-02	   4.8573345224142833e-02	   4.8101759528362625e-02	   2.0644258914803035e-01	   8.6178845829667977e-02	
   5.8139835089710579e-01	   3.9613565102419579e-01	   1.3832113609048191e-01	   1.6007384331089258e-01	   1.7688742021155693e-01	   1.3201132017801342e-01	   2.6235701627708641e-01	   3.3490879134286522e-01	   4.2776416806877054e-01	   3.2387168959747598e-01	   0.0000000000000000e+00	   8.6068356621423825e-01	   8.8984942242863252e-01	   7.5842748992626374e-01	   6.1242620622670307e-01	   5.4798785299240416e-01	   3.5216303704897151e-01	   4.7684076456522634e-01	   3.8808511132042006e-01	   3.9338084592640554e-01	   6.9619907907087455e-02	  -1.3230373994384168e-01	   8.9379643206729129e-02	   1.3830035746602243e-01	  -7.3698514909632820e-02	  -1.8686865297465377e-01	   9.1582533158622637e-02	   1.3666676613157153e-02	   3.2555641201905666e-01	   6.0111296301754935e-01	  -5.9898286445769500e-02	   1.0124900222309443e-02	   8.7674708910558757e-02	   2.3387665108067313e-01	   1.2319744217194785e-02	   6.4114678670063624e-02	  -1.0089833244072767e-01	   1.5734612581327634e-01	   5.2592352598440646e-02	   2.2483040954810272e-02	   6.5913308369026480e-02	   1.6662121976296440e-01	   1.1091328504355498e-01	   3.1647750198476188e-01	   7.3011685738962953e-02	   1.8244185116786960e-01	   2.1397476624888734e-01	   9.2546145467688370e-02	   2.5839255517213988e-01	   5.1742578124191474e-01	   2.0344005426244247e-01	   2.7994357176655593e-01	   2.0139553007568892e-01	   2.2860801178655663e-01	   4.8001863476173655e-02	   1.2344076154977950e-01	   3.5817918933653792e-01	   2.0837956097208346e-01	   2.1894955741969563e-01	   2.0314701156210727e-01	   2.4527796920690242e-01	   4.6234637220720998e-01	   5.3261397373954178e-01	   5.8624486878282178e-01	   1.0086157215935154e-01	   7.2606905318840911e-02	  -2.2905716041518552e-03	  -7.0148712504105759e-02	   3.1143098017521409e-02	   1.2963205145681256e-01	   8.4484570141562632e-02	   6.5315669553635283e-02	   4.3382798924850358e-01	   2.3195293442023129e-01	   4.5220664885306572e-01	   2.9839426220064885e-01	   4.1632545723160885e-01	   3.6617653712963083e-01	   1.0337486518008410e-01	   2.8207562987960266e-01	   4.5462291503174196e-01	   5.3112240147023015e-01	   1.8695640080926726e-01	   2.7592299387911040e-01	   4.7872675878481896e-01	   3.5985496334244749e-01	   1.7022462378779613e-01	   1.7122469051199884e-01	   6.8337161410761349e-02	   4.0016458498241059e-01	   4.0783271573579588e-01	   3.4564138381600595e-01	   3.5154892777804364e-01	   1.8496495432713272e-01	   1.3826325708920228e-02	  -6.3787188172512582e-02	   5.7541294597012405e-02	   4.9755112875657072e-02	   6.5941542243852430e-02	   1.6085612598730045e-01	   1.9667824066841327e-01	   8.6753936711271712e-02	  -3.4888648530503559e-02	   2.2046559898058074e-01	   9.3617294653756705e-02	   1.1453275730445317e-01	   1.8381742000252006e-02	  -6.1486102997204816e-03	   1.5690353668097484e-01	   4.4408959188093802e-02	   4.5567546032751836e-02	   3.1069492116251714e-02	   1.2841786448287590e-01	   1.2422666236382943e-01	   1.2385665218642873e-02	   8.5730203546030281e-03	
   5.8134388369200862e-01	   6.8622776793357154e-01	   1.5504301884753361e-02	   2.5826455623464706e-01	   2.1027064722245989e-01	   1.2973457414007880e-01	   1.5375640913263369e-01	   4.5100899480376311e-01	   4.4928927545312541e-01	   3.3975120300938072e-01	   8.6068356621423825e-01	   0.0000000000000000e+00	   6.1584777462217422e-01	   1.0280541298985661e+00	   4.3756088115580294e-01	   4.9233219267200667e-01	   3.7364743086339791e-01	   5.9532348322096829e-01	   2.7878057872097728e-01	   4.0960430354637212e-01	   1.8863246456732183e-01	   7.5034829493922997e-02	  -1.5746494286336302e-01	  -8.0423319797834292e-02	  -2.7244606973005836e-01	  -3.0488305835468288e-01	   8.7528428349542733e-02	  -1.8252269092873495e-03	   4.8419714004387798e-01	   7.7564863623070834e-01	  -2.6269613568361211e-01	  -1.5860891400667756e-01	   1.0071704507858587e-01	   3.0894749190530890e-01	  -2.1702952266750972e-01	  -3.6762642488056087e-02	  -2.0072379367007753e-01	   4.0006305239468021e-02	  -5.7023408597973342e-02	  -5.4405729891283235e-02	   6.6845173071959738e-02	   1.5806053569737846e-01	   2.9506176241307150e-02	   2.4837544678432891e-01	  -1.4378877181044980e-01	  -2.1384398364359302e-02	   7.7878503391247952e-02	  -5.4080949118827847e-02	   1.3312334822474348e-01	   3.7508972593310375e-01	   2.7844120278916329e-01	   2.0108993498283426e-01	   1.8753269992863345e-01	   1.1058331419041034e-01	  -2.8481494230132375e-02	   1.1468679935722817e-01	   6.0640671826147896e-01	   4.5880009105770159e-01	   3.2646357526047487e-01	   4.6080436940500435e-01	   2.4017596159652860e-01	   6.0973543685608966e-01	   7.5949025258677028e-01	   9.5928814766041104e-01	  -1.4767163085465027e-01	  -8.2132858270970582e-02	  -1.2012195484522634e-01	  -2.0396538582685780e-01	   1.0444583041744697e-01	   1.9470302755098282e-01	   1.1612030674917964e-01	   1.9802547950430879e-01	   2.6985828564163672e-01	   2.3195210001649125e-01	   2.0942536908052251e-01	   1.9866754519198027e-01	   4.7550060042430398e-01	   3.9879426728119155e-01	   3.2492361519674740e-01	   4.3197853484960808e-01	   8.3284343855783260e-01	   8.7788523181353351e-01	   1.6894059685845952e-01	   2.8026952115500892e-01	   4.9667957004861968e-01	   6.4400325311719997e-01	  -7.6401075677917415e-02	   4.9263458840416705e-02	   1.6663434288749224e-02	   4.2855166834978703e-01	   2.6624977615174172e-01	   6.9366883334008200e-02	   2.2743639230674007e-01	  -9.3535854811452792e-03	  -3.6411841200121947e-02	  -1.3740173209184686e-01	   1.4742849983943443e-02	  -8.3453226239068104e-03	  -1.2630465216759482e-02	   1.7488741073671160e-01	   1.2291736958568591e-01	  -7.2780833626493180e-02	  -1.0407976459749653e-01	   7.9996000637799894e-02	  -1.2694007664765256e-01	  -2.2539006040465553e-01	   2.3415447586003012e-03	   6.2597177822500488e-02	   2.0246609423677403e-01	   1.1131090703200529e-01	  -1.1995711343246440e-01	  -9.9375875668936495e-03	   1.4802419383492496e-01	   1.1019087290033837e-01	  -1.2431558270040453e-01	  -1.6154477429343042e-01	
   6.7960506063225157e-01	   3.2486313015822010e-01	   3.7891813897937232e-01	   2.9318861944707542e-01	   4.2595699726149810e-01	   3.0794777483352875e-01	   5.4189338269548593e-01	   4.6085872815719331e-01	   7.6278211742048385e-01	   5.2455818950271849e-01	   8.8984942242863252e-01	   6.1584777462217422e-01	   0.0000000000000000e+00	   8.0281056154846508e-01	   8.1580583115084693e-01	   5.0094676325140486e-01	   1.4132734823393953e-01	   2.1541265440429658e-01	   8.0161555287102892e-02	   1.7207739913637282e-01	  -7.2854743457567706e-03	  -9.5506294885642135e-02	   5.1079895738544746e-02	  -7.7235312314947527e-03	   1.2696388893408769e-01	  -1.3048623555790843e-02	   1.9554808028885087e-01	   1.2838655222984002e-01	   2.3351633076657707e-01	   3.3177310583452685e-01	  -6.7340103560060788e-02	  -6.2472416681219556e-02	   3.7140908716916936e-02	   1.9326006713258528e-01	   3.9182668919657188e-02	   3.5508639151828725e-02	  -7.7217059707468227e-02	   2.0306449526056003e-01	   8.8197998839845818e-02	   1.2084935129353114e-01	  -8.2400888872891487e-02	  -1.2373183655793253e-03	   5.9967295997550782e-02	   1.5726038107172419e-01	  -1.3107947064708966e-02	   8.6710526334618662e-02	   1.1919119863456369e-01	   1.0411233834797823e-01	   2.6373707771281069e-01	   3.9618466487592763e-01	   2.9949869086998843e-01	   3.5393706923009582e-01	   1.3840374590502569e-01	   2.2626375141009661e-01	   1.6063297849833641e-01	   2.5207290573395447e-01	   2.3886991183872003e-01	   1.8902294624791657e-01	   4.4274949397366092e-01	   2.3740972638725516e-01	   6.5805477580884919e-01	   6.0012365914661348e-01	   4.1440521814889913e-01	   3.9518650558222218e-01	   2.3335935207536115e-01	   2.3961483218150970e-01	   4.3123460546534605e-02	  -9.2896116425333214e-02	   4.2281106009109296e-02	  -6.3114733453305413e-02	  -4.8223264713030071e-03	   4.0951724627942929e-02	   2.6705234011451218e-01	   3.3389276042023691e-01	   3.1862601236614280e-01	   2.4912840688741900e-01	   3.7524500720568388e-01	   2.5713795561526021e-01	   4.3748065555698983e-02	   2.0690663319631236e-01	   2.1505461637748194e-01	   4.6707954687683528e-01	   4.8335698531088607e-02	   2.8149548972347383e-02	   4.7167500901470139e-01	   5.0070925797888555e-01	   1.1788667212318796e-01	  -8.9744581490623032e-02	   3.9367157454256907e-01	   5.6693667103262113e-01	   3.6545989199895745e-01	   3.2548386668831364e-01	   4.0130737182545145e-01	   2.8399831303081191e-01	   7.3105355553200302e-02	  -7.8098343331504588e-02	   1.4661939881174274e-01	   3.4329606084771494e-02	   1.3913245533133317e-01	   1.5505648701103369e-01	   2.3246674969780740e-01	   1.7516049919294951e-01	  -8.6711909986678156e-03	   2.6462081680389948e-01	   1.2025776964053478e-01	   2.3128182077006088e-01	   8.1449179641375977e-03	   1.4668581618204052e-01	  -4.6966586501401633e-02	   8.5263083054092595e-02	   1.1683037851497294e-01	  -5.9216048309534218e-02	   4.3890302532457313e-02	   1.8788289832193852e-01	   2.3882545409704709e-01	  -1.2291502995439411e-01	
