   0.0000000000000000e+00	   1.2872404309538230e+00	   9.0357955827885328e-01	   9.4251932151427931e-01	   3.1953937746087163e-01	   4.3841137696391264e-01	   9.7048538048231503e-01	   8.8774014473296026e-01	   4.6035756164745167e-01	   3.8241116821730747e-01	   1.1127193534423863e+00	   7.5597843391953845e-01	   9.2702832402243684e-01	   7.8513515834556613e-01	   7.3534617095869081e-01	   8.9385849029395648e-01	   9.5723765401117100e-01	   8.9974255210205256e-01	   1.1091109248147508e+00	   1.1753898991522178e+00	   5.4878635756380445e-01	   5.2864514605013702e-01	   5.7910951905902264e-01	   7.4308373666943095e-01	   4.0088333332937753e-01	   5.3407100079856806e-01	   4.0643103607688841e-01	   4.5622930382882237e-01	   7.5186250184796177e-01	   9.0223620049205266e-01	   7.9355502067032546e-01	   7.8064302867684077e-01	   9.5897503925786320e-01	   9.3421322617022151e-01	   3.9909317585948251e-01	   4.7442961323619648e-01	   7.1840519802552638e-01	   5.5755755823498632e-01	   8.6809659160128838e-01	   8.9936985730752073e-01	   9.4256352095557383e-01	   8.1674330925486982e-01	   8.8357396912656339e-01	   8.4042201512883641e-01	   7.6736788870310191e-01	   7.5301933366547535e-01	   9.9188757069282063e-01	   8.6636719017334540e-01	   7.7276621876522888e-01	   7.5266163529447516e-01	   9.1281086688852231e-01	   7.5865689187050467e-01	   7.9178615684078224e-01	   7.7227562423432428e-01	   1.0271489265212941e+00	   9.8871765427165093e-01	   1.4567912146265958e+00	   1.0398068771246833e+00	   9.9488135137638956e-01	   8.6475657876576550e-01	   8.4916899066482965e-01	   6.8949147962939605e-01	   7.2073517205945559e-01	   7.8256364549220769e-01	   4.5444352628835072e-01	   5.9641816791522939e-01	   9.8340149126069754e-01	   1.0253297690940848e+00	   9.3865937184061887e-01	   9.1835635603797272e-01	   8.1681176676857159e-01	   7.9277750455209450e-01	   8.9797567859255567e-01	   9.7414228033844252e-01	   9.1183485826571253e-01	   9.6791570444504615e-01	   1.1576983031145196e+00	   1.0634612480025067e+00	   1.0188887022974376e+00	   1.0447071187247925e+00	   9.8727761529309688e-01	   1.2353079559992910e+00	   9.6592556194723889e-01	   1.0553608638194065e+00	   1.1203947435315511e+00	   1.2513160976815416e+00	   7.1287621559153624e-01	   8.7382569510357366e-01	   9.9436775769176799e-01	   1.1429755286136951e+00	   5.6860102829442416e-01	   5.7751219360947081e-01	   4.4128276477802419e-01	   4.1229828086928549e-01	   3.1835085247939532e-01	   4.3315626815277292e-01	   8.1520867874825065e-01	   9.3800733179354956e-01	   8.8261468387306707e-01	   8.8264327017997279e-01	   7.7239971017350972e-01	   4.8586453780198302e-01	   8.6408896503743859e-01	   7.2696226239955386e-01	   6.4787641457182432e-01	   6.0336827070792520e-01	   5.4860923811322149e-01	   3.9027695113929717e-01	   3.8532863518769889e-01	   2.8180868440857054e-01	   4.4726770418165185e-01	   4.0161757697297540e-01	   4.5049642941697449e-01	   7.6652811474786542e-01	   7.3032669013197993e-01	  -3.1862953060197569e-01	
   1.2872404309538230e+00	   0.0000000000000000e+00	   8.0334073853846333e-01	   9.0593935825472405e-01	   3.9751111237809339e-01	   5.1312040003782899e-01	   8.5171496960812465e-01	   7.2916561880768838e-01	   5.4812186997244083e-01	   4.0985425232109834e-01	   9.1310218601452364e-01	   7.2027954223828849e-01	   8.2885737404882265e-01	   7.5595890389376574e-01	   8.8271559262994514e-01	   9.1480894887347830e-01	   7.9881533999945020e-01	   7.8324709590946573e-01	   9.7787661458525799e-01	   1.1855906955116851e+00	   7.3401513818754049e-01	   6.5674803760320966e-01	   6.3590473476449538e-01	   7.5084335973411631e-01	   4.4596007981383828e-01	   6.2272470613624997e-01	   5.9456691113439808e-01	   6.4575571278810351e-01	   6.2866050180323119e-01	   7.7505217046983321e-01	   8.4824987292193033e-01	   8.1858445688273074e-01	   9.2983515230382652e-01	   9.4228893810919356e-01	   3.8619569084132388e-01	   4.1181985831627832e-01	   6.6072134977674890e-01	   5.1085088703285475e-01	   7.9532777650403341e-01	   8.2884886302516814e-01	   9.3178942735472214e-01	   8.5502066229635765e-01	   6.6648586154086509e-01	   6.3788126885586571e-01	   6.6609900373926956e-01	   6.5075105808096567e-01	   7.8908596116025986e-01	   6.5060737387127343e-01	   6.2702540934582718e-01	   6.6155232951007392e-01	   7.8440043170523910e-01	   7.2747645430410635e-01	   6.7973590294542341e-01	   7.0010759676583767e-01	   8.5082366633653961e-01	   8.5511285581210517e-01	   1.1174340718611036e+00	   1.3376733848231632e+00	   7.7197793889444344e-01	   7.5281999000790045e-01	   6.6840695672111328e-01	   5.2827605730604188e-01	   6.0465457646357235e-01	   6.6688691560856217e-01	   4.1840205090940941e-01	   5.1254110508723350e-01	   8.2918196603318572e-01	   8.6220518273079705e-01	   9.0996867307980989e-01	   9.1914209146436343e-01	   9.4153369066738657e-01	   9.2015680103305986e-01	   8.7579424607653755e-01	   9.6844410856745911e-01	   8.3375941376330753e-01	   8.9790669010090352e-01	   1.0126425085843724e+00	   9.9400711087128024e-01	   8.7840673462462215e-01	   9.7127515091554140e-01	   8.7843272097641789e-01	   1.0379521322671776e+00	   8.8910566429011861e-01	   9.4268646528607691e-01	   9.4715213977733137e-01	   1.0612401877560500e+00	   5.8551122523013177e-01	   7.6028648737157556e-01	   8.7604281354856295e-01	   9.4608929065120151e-01	   4.8248378748309662e-01	   5.0970682443342408e-01	   4.0837316693813663e-01	   4.2274960036247189e-01	   2.6841670293664943e-01	   3.9172074837355209e-01	   8.4491961163144302e-01	   8.6339932336290826e-01	   7.1482074072188828e-01	   7.2327073054649660e-01	   6.9934746465770981e-01	   4.5468729817569442e-01	   8.2844356232450422e-01	   6.8987365263274936e-01	   6.5505748674485020e-01	   5.3784763724733020e-01	   5.9431497333767092e-01	   3.5502784751719230e-01	   3.3972299024811953e-01	   2.7217359032666189e-01	   3.5969788673841352e-01	   3.2978699528292033e-01	   3.4418127949302713e-01	   6.9425078683053276e-01	   6.9713382599394835e-01	  -3.5343196969906354e-01	
   9.0357955827885328e-01	   8.0334073853846333e-01	   0.0000000000000000e+00	   1.2981071713787147e+00	   4.3991901310693393e-01	   5.5090640315442474e-01	   1.2863518258413424e+00	   9.9914600434513412e-01	   6.3322808283530407e-01	   4.5572396727514064e-01	   6.9398924552795138e-01	   4.2724614589567989e-01	   7.1602679261198110e-01	   5.4714797434896700e-01	   6.8112402932956695e-01	   7.8007366435574377e-01	   5.7185612044280365e-01	   4.6432909627148339e-01	   8.4636877210574490e-01	   8.8456619654836610e-01	   5.3216898728912765e-01	   4.4830189551907113e-01	   8.5268553855989238e-01	   9.2296368695296049e-01	   7.0871802637215653e-01	   8.4565322607112070e-01	   4.9763249435553059e-01	   5.5512518213181683e-01	   5.0271551355959421e-01	   5.6178143938326941e-01	   1.0705564598776454e+00	   9.9744067243933865e-01	   8.5232696121917984e-01	   8.5077731922382349e-01	   6.7169570760719632e-01	   6.5092549227683594e-01	   6.8879037804729271e-01	   4.9528753417437404e-01	   8.2260825879356214e-01	   8.0894797754299930e-01	   7.9191159706469927e-01	   6.9528208549700421e-01	   6.2889299565668011e-01	   5.2387584258991926e-01	   6.1068516217682345e-01	   5.1708949310024965e-01	   6.5937625793130983e-01	   6.2501049994448232e-01	   4.7804045664489014e-01	   4.5034147939069047e-01	   6.6453470705444095e-01	   4.9834841047255951e-01	   6.6345166291638447e-01	   6.3709918721309533e-01	   7.8565060412832610e-01	   7.6273910228438946e-01	   8.4949429590631365e-01	   7.0018724457858950e-01	   6.9379780059000029e-01	   5.9326126403876756e-01	   8.4782608817806271e-01	   6.3072966144420184e-01	   4.9598201704531752e-01	   4.4953296156861788e-01	   7.1033015602390404e-01	   6.8109268350086594e-01	   9.1443086230417014e-01	   8.5033719298466293e-01	   9.0108968931900080e-01	   7.7243880667397757e-01	   7.7097500304924838e-01	   7.1624171672093395e-01	   7.8870488321560839e-01	   7.6303675714971053e-01	   7.6587199512981108e-01	   7.5772601356735658e-01	   8.4391358891969770e-01	   8.8725461899876001e-01	   7.4968089697764984e-01	   6.9288887128559040e-01	   6.5302761211896454e-01	   7.9742378721832463e-01	   8.1947950022747484e-01	   7.2059212148893570e-01	   9.2732898778388129e-01	   9.7537700322362408e-01	   6.1908942477285067e-01	   6.7190901565797234e-01	   1.1336325911510672e+00	   1.0458822901940421e+00	   5.2359690270539816e-01	   6.2738539987505659e-01	   5.5222169861306492e-01	   6.4593683767564547e-01	   1.9660833073117473e-01	   3.1797166145276334e-01	   6.1540461403388247e-01	   7.0586011642790703e-01	   6.4861316882895215e-01	   6.9021603021914113e-01	   5.7701150479438956e-01	   6.8965051449264414e-01	   5.4007701880935344e-01	   5.2757800113282804e-01	   5.5040465642048975e-01	   5.9388625361593073e-01	   3.3010953543826443e-01	   3.7250774599308201e-01	   2.3296979657195876e-01	   1.7797962672763246e-01	   3.7093150382486689e-01	   3.7275131307307879e-01	   3.5159210062641333e-01	   5.5293264498573258e-01	   5.1286193510634293e-01	  -2.4126174242834519e-01	
   9.4251932151427931e-01	   9.0593935825472405e-01	   1.2981071713787147e+00	   0.0000000000000000e+00	   3.3198691454380796e-01	   5.8601909770082028e-01	   1.1476181247219051e+00	   1.2840594136909369e+00	   4.9431934025462898e-01	   5.4429653637244924e-01	   5.9946605023897626e-01	   5.1140157795889785e-01	   6.4294313029005756e-01	   7.0015495268914307e-01	   6.9960537843957316e-01	   9.0858278646965718e-01	   4.9907920811028328e-01	   4.1938542809526491e-01	   8.7522127308871189e-01	   1.0346447850998359e+00	   5.1920021724500920e-01	   4.8186934619188015e-01	   9.3955295489045443e-01	   1.2806483961495301e+00	   6.9707108105384585e-01	   9.0270396089618665e-01	   5.6905811593185152e-01	   6.4779864710961110e-01	   3.7056404638665402e-01	   5.0373158976776522e-01	   1.0580848217902892e+00	   1.1111945105368937e+00	   7.9614920094258712e-01	   8.8826351229321909e-01	   7.1541368995343368e-01	   7.5794634251427284e-01	   6.2929047231489155e-01	   3.9695506906781464e-01	   7.7901468274739960e-01	   7.1844316217626836e-01	   7.4995274233946896e-01	   6.6647979600204454e-01	   7.6221294617177937e-01	   6.2888189925737226e-01	   6.9390384779756975e-01	   6.4572558389953727e-01	   7.6967659415409551e-01	   7.6474164691624602e-01	   6.4287598764954390e-01	   6.6883559602526244e-01	   8.7008688118619126e-01	   6.8495638877923670e-01	   7.3909278826386193e-01	   6.8819488067048795e-01	   7.9383594786471479e-01	   7.4426516820507738e-01	   8.7566759721844911e-01	   7.3283632010243260e-01	   7.5180144386640702e-01	   7.7008379285445183e-01	   6.9024130877485756e-01	   7.7692089948725329e-01	   3.9418049741542377e-01	   4.5898242223209973e-01	   7.5505837370249806e-01	   8.9572448929280934e-01	   9.7362181573679085e-01	   1.0160356112274289e+00	   8.5009317300669307e-01	   8.3100350762716024e-01	   7.4348067428946230e-01	   8.2228254940817691e-01	   7.0354674939298467e-01	   8.1824186181432290e-01	   7.0900372864754746e-01	   7.7806376367114360e-01	   7.8112012507112949e-01	   8.7048185898323105e-01	   6.7464985604029326e-01	   6.6200263139516835e-01	   6.0512434957608552e-01	   7.7025732615302300e-01	   8.6331487065332047e-01	   7.8957041210459167e-01	   9.9256966571276739e-01	   1.1761475820285481e+00	   5.5364071055358310e-01	   6.7178419603867023e-01	   1.0191020477448525e+00	   1.1059008754911899e+00	   7.2030997710413081e-01	   7.3482532670305045e-01	   8.1465711839087984e-01	   6.7721322852230903e-01	   2.0391312469309844e-01	   3.4238665343062091e-01	   6.2061237777763878e-01	   7.4182164441833875e-01	   7.3891045772546771e-01	   7.2532975171889913e-01	   7.9255662062503318e-01	   6.5623069756207941e-01	   6.8810903136211432e-01	   5.8293437284454941e-01	   6.9486862112690451e-01	   6.5889123479063039e-01	   4.4410494335440243e-01	   5.1800390318118783e-01	   2.2502086578686026e-01	   2.0808763094803695e-01	   4.1374878537549914e-01	   4.0720695973993171e-01	   4.0844061403783249e-01	   5.9580758545142032e-01	   6.9342681095328018e-01	  -2.6781994584356927e-01	
   3.1953937746087163e-01	   3.9751111237809339e-01	   4.3991901310693393e-01	   3.3198691454380796e-01	   0.0000000000000000e+00	   1.2962871569799217e+00	   4.4966994285281092e-01	   3.0152136782727645e-01	   1.2611351684626337e+00	   1.0619655248207169e+00	   5.2198857154507450e-01	   3.0257129789980575e-01	   5.6240105317781852e-01	   3.5069425696270734e-01	   8.4552393274961379e-01	   6.9637439398089795e-01	   4.3139599040029841e-01	   3.6521016412123480e-01	   3.1440242754302022e-01	   3.7943723157695802e-01	   5.4089248978367732e-01	   4.1319640944764746e-01	   4.7548932311248665e-01	   4.0398580062015127e-01	   4.8301593868589587e-01	   5.1515202111671310e-01	   6.1884662173866201e-01	   6.5310210745776709e-01	   3.9817724113424985e-01	   3.6407523202942593e-01	   3.8299746036387555e-01	   2.7878888349446862e-01	   5.4299068928912875e-01	   4.7739625867423596e-01	   3.3222526946837838e-01	   2.4531441023538153e-01	   4.2755107082387983e-01	   3.1205525085184049e-01	   3.7161772149541189e-01	   4.1419823863404764e-01	   5.3539295246102148e-01	   4.3993798543212626e-01	  -1.9708313250788513e-02	  -4.7932340127635809e-02	   2.7745551136735558e-01	   1.9524882113267683e-01	   4.4282138954615934e-02	   3.2838404342365790e-02	   4.6227427410495125e-02	   1.1319351171089680e-01	   8.9592788716310517e-02	   1.3333327157638511e-01	   1.8933130779559909e-01	   2.5307103318480534e-01	   2.2387715429501820e-01	   2.8266059784609826e-01	   4.2267358955441225e-01	   4.4343899818771343e-01	   2.5686998222377050e-01	   2.4712370899591096e-01	   5.2048139108844982e-01	   3.3830546741812045e-01	   4.6240908300924666e-01	   3.6520875180187495e-01	   3.0831247169194709e-01	   2.3987807784318499e-01	   4.0462640385801230e-01	   3.5398933037815228e-01	   3.4144567206124776e-01	   3.6672000855603210e-01	   3.6791411827696835e-01	   4.0160372002537437e-01	   5.5596239316953378e-01	   4.4985355770055835e-01	   5.4758703942873221e-01	   5.2567576905357516e-01	   4.6913871491742820e-01	   4.9539121825615756e-01	   3.9431343246773537e-01	   4.6401440276951555e-01	   5.3195687211440545e-01	   5.5458741589363381e-01	   6.3704978675071344e-01	   5.0300279753297295e-01	   5.3180229303954718e-01	   4.2125785534430554e-01	   2.5321662373989667e-01	   2.5233270207519520e-01	   5.3442008029682220e-01	   4.6178046467828798e-01	   3.2040951928658412e-01	   4.7026049722557745e-01	   3.8459063135870147e-01	   3.8942048284859293e-01	   2.1603799732676765e-01	   3.1046200000853685e-01	   4.4460762877859139e-01	   3.2691049655083237e-01	   2.3974554152579153e-01	   3.0142008378344842e-01	   2.4037808571718949e-01	   4.0858677825641665e-01	   2.9987777427840639e-01	   3.5072058191133121e-01	   3.0727875927175591e-01	   3.2204469467619357e-01	   5.1160844426088078e-02	   6.0995991449978706e-02	   1.6993930016155956e-01	   2.1823862938488081e-01	   3.0930248287326545e-01	   2.5046547154456850e-01	   1.6954064492833332e-01	   2.7007485423475863e-01	   3.0803769459588870e-01	   2.1169996294001993e-02	
   4.3841137696391264e-01	   5.1312040003782899e-01	   5.5090640315442474e-01	   5.8601909770082028e-01	   1.2962871569799217e+00	   0.0000000000000000e+00	   5.2558442877519873e-01	   4.7843226504405612e-01	   1.0683112137592696e+00	   1.3192331732451910e+00	   4.9753607264164113e-01	   3.1059550186556956e-01	   5.6880540876959707e-01	   4.0253931556893507e-01	   7.9007752130361253e-01	   7.9308167267794982e-01	   3.9026805391261088e-01	   3.2403655732000763e-01	   4.1134126400521975e-01	   4.8182091313338149e-01	   6.1480995515299974e-01	   4.6080969822999124e-01	   5.4912981622417489e-01	   5.7619466423473042e-01	   6.1529514266094676e-01	   7.1178146017234745e-01	   7.4771069809687773e-01	   8.3643406290961475e-01	   3.2010169429587365e-01	   3.4680599312164956e-01	   4.9547277777346332e-01	   4.1910810866000814e-01	   5.5603041285967580e-01	   5.2820457870634097e-01	   5.2647048282335396e-01	   4.6590928529977260e-01	   4.5694764461269261e-01	   3.4375979693005415e-01	   4.1318331825585902e-01	   4.9927647617308313e-01	   5.8521480364351997e-01	   5.1869136288166140e-01	   1.1534396272238685e-01	   7.5540613151668837e-02	   3.7217953535481640e-01	   2.7599773229750518e-01	   1.4148481956246961e-01	   1.5331026093527036e-01	   1.5041441441138428e-01	   2.1300448201126862e-01	   2.3575598039430745e-01	   2.1867725846888655e-01	   2.5494522917944124e-01	   3.0073538079823836e-01	   3.1236776414510969e-01	   3.6999038509103138e-01	   4.9418800276664099e-01	   4.6421935560108585e-01	   3.6149998729040761e-01	   3.3750958154249527e-01	   5.6816112346707603e-01	   4.9370563397208223e-01	   3.4602605605325737e-01	   3.0310856970825090e-01	   4.7153963565963197e-01	   4.3179208133322194e-01	   5.2321758406358387e-01	   5.1717811022995330e-01	   4.2884965647787110e-01	   4.8410268469561907e-01	   5.2235480434361825e-01	   5.6294265064431992e-01	   6.1283383925922397e-01	   5.4879559158393620e-01	   6.5364310405005999e-01	   6.2071420878718808e-01	   5.5711486489354201e-01	   6.0343960189099555e-01	   4.5253339283020338e-01	   5.0954425743635345e-01	   5.0813599263040488e-01	   5.8822621364981675e-01	   7.0214350327974862e-01	   5.4287437628275625e-01	   6.6457856037961494e-01	   5.9924312727786988e-01	   3.2612518151022407e-01	   3.2703999667655936e-01	   6.2039822760785135e-01	   6.1434488901803275e-01	   3.9813401678618243e-01	   5.3256039213556539e-01	   5.5403677353391534e-01	   4.6190293815525441e-01	   2.0068625921476263e-01	   2.6163165075504868e-01	   4.5829743448619137e-01	   3.9148035848443752e-01	   3.0899592314447949e-01	   3.5978005208002928e-01	   3.8016600913497345e-01	   4.5764127308955210e-01	   3.3631363841884648e-01	   3.2655890023850404e-01	   4.0633194440548498e-01	   3.6909833720056495e-01	   8.6247676913746532e-02	   1.1879981729985647e-01	   1.2531501480739110e-01	   2.3238879368546336e-01	   2.9276165606375593e-01	   2.4753876375221842e-01	   1.7187226981205245e-01	   2.9155375694414382e-01	   3.8794588511791794e-01	  -8.4096997599674206e-02	
   9.7048538048231503e-01	   8.5171496960812465e-01	   1.2863518258413424e+00	   1.1476181247219051e+00	   4.4966994285281092e-01	   5.2558442877519873e-01	   0.0000000000000000e+00	   1.3750048574277420e+00	   7.9165476043377792e-01	   5.8226845598154553e-01	   9.3168570874527612e-01	   6.8527659366430660e-01	   1.1528039606546097e+00	   8.4574145693892677e-01	   7.8028006930725780e-01	   8.0923013580943448e-01	   5.5784332141660586e-01	   5.0685902319596110e-01	   9.0467461467707500e-01	   1.0306333302743669e+00	   3.5244593530138463e-01	   2.9807850287990428e-01	   7.6379053472095471e-01	   9.3206997281932713e-01	   5.0480664504347739e-01	   5.6021233775122936e-01	   3.3551996680211527e-01	   3.7088211581690905e-01	   5.6189866197893235e-01	   6.4450880670871613e-01	   9.0296500044261974e-01	   8.7668054678193497e-01	   9.3992941831923238e-01	   9.8420963061385147e-01	   6.0843374289696062e-01	   5.6939002282079254e-01	   5.5141268752744987e-01	   3.2962843481871612e-01	   6.7869948421830406e-01	   6.8321656582417278e-01	   7.8820482140733239e-01	   5.9881470041574825e-01	   6.6639215538262442e-01	   5.3200198901466322e-01	   7.1018242790938424e-01	   6.1454620846449781e-01	   7.0316346604612368e-01	   6.6924219664065276e-01	   5.9033469258244908e-01	   5.6097206214962292e-01	   7.1349503005991821e-01	   5.4855398777626607e-01	   6.7635288265086890e-01	   6.2374217556223477e-01	   7.7342852540348084e-01	   7.2761679780663169e-01	   7.8578642009968214e-01	   6.6188114089002692e-01	   7.4854292690401247e-01	   6.9255843914426340e-01	   1.1309053590712503e+00	   8.5139318852438961e-01	   6.6665483414038862e-01	   6.5593832223242476e-01	   6.4406729152124076e-01	   6.3516231174809745e-01	   1.1057858815019390e+00	   9.9726470135844181e-01	   8.4790863901173208e-01	   7.5959154123621120e-01	   6.0023485933262577e-01	   6.1929006839196754e-01	   6.9348579151287748e-01	   6.9907013109029625e-01	   7.3926143305007586e-01	   7.6874296601212622e-01	   7.9109243043175215e-01	   7.7528836339105256e-01	   6.5290710806591623e-01	   6.2255477415263161e-01	   6.9615783928819452e-01	   7.9560203356944592e-01	   9.5173367258934216e-01	   8.2840464609595421e-01	   9.6545081283963896e-01	   9.9897583865138817e-01	   4.8034937224919660e-01	   5.8248611160389063e-01	   1.2005023273102853e+00	   1.0304820353989688e+00	   7.1648828769416362e-01	   8.3666136998382368e-01	   6.6574632390536082e-01	   6.8018358086727382e-01	   1.6712132548539599e-01	   3.2564658163507904e-01	   5.7440100855737763e-01	   7.1011485631409998e-01	   7.2697598655880247e-01	   7.8707850150320524e-01	   7.4274785849525071e-01	   8.6474215005661914e-01	   7.0430876647166785e-01	   6.5271856134796935e-01	   4.9887403053239077e-01	   5.4041166464212709e-01	   4.5412606511935855e-01	   4.9113538121895067e-01	   3.0620297225535886e-01	   1.7137389855464705e-01	   4.0982772507925719e-01	   4.2332892221566149e-01	   5.2386771355924777e-01	   5.5176929961502086e-01	   5.5404043750077325e-01	  -3.4052108674113046e-01	
   8.8774014473296026e-01	   7.2916561880768838e-01	   9.9914600434513412e-01	   1.2840594136909369e+00	   3.0152136782727645e-01	   4.7843226504405612e-01	   1.3750048574277420e+00	   0.0000000000000000e+00	   5.6247350838927468e-01	   6.0010779859026897e-01	   8.5553980029013332e-01	   8.6492671973779678e-01	   9.1534363610978953e-01	   9.9788685645732977e-01	   5.7330292281640405e-01	   7.1440464806399184e-01	   4.8535095407839257e-01	   4.3626455427694277e-01	   8.4785874402062533e-01	   9.3075832188042418e-01	   3.0234765691472532e-01	   2.8465539568193554e-01	   5.4992233685248348e-01	   8.5250487232683558e-01	   3.4040244236630063e-01	   4.8570166295640782e-01	   2.1755457430151368e-01	   2.6869502912320503e-01	   4.9965268175387917e-01	   6.2489785420612542e-01	   7.4818016364707352e-01	   7.8589135858995807e-01	   8.4270638945422349e-01	   9.5516470104185558e-01	   4.1600717463786463e-01	   4.7342033003232159e-01	   5.2986890294873901e-01	   3.0347483410744791e-01	   6.7483155610471024e-01	   6.4315677089199985e-01	   7.2583004236276216e-01	   6.1373612896539309e-01	   7.3077129664556661e-01	   5.8310317465989570e-01	   6.8646624771689468e-01	   6.2770101971518932e-01	   7.3084907449962333e-01	   7.3364825141505663e-01	   6.6860675823612292e-01	   6.5060916389488654e-01	   8.1235592042618943e-01	   6.4433654933694140e-01	   7.2502411442568371e-01	   6.4817207090694884e-01	   8.3965663208331887e-01	   7.4638564325911727e-01	   7.0014327084071470e-01	   5.6712205584957842e-01	   8.0237834503365590e-01	   8.2795314379364471e-01	   9.8766997859486960e-01	   1.1234412493753683e+00	   6.3920055653356245e-01	   7.1145127334785296e-01	   4.6621868507131287e-01	   7.3023572741429388e-01	   1.0111565600576993e+00	   1.0735379399195042e+00	   6.8573211221823427e-01	   6.7562318173883806e-01	   5.9147432272166933e-01	   6.3154980149114948e-01	   6.3390761985379551e-01	   7.1416197915924162e-01	   6.3995504338564191e-01	   7.2041798437513571e-01	   7.2619609588933853e-01	   7.4066426817732955e-01	   5.8478229395966252e-01	   4.9432382657289309e-01	   6.5324287381550949e-01	   6.8383600666640998e-01	   8.3038877421860957e-01	   7.7820312457104979e-01	   8.1402754704642954e-01	   1.0052064329363022e+00	   3.5704089362314123e-01	   5.1320519770465833e-01	   1.0399474307291414e+00	   1.0431572525910633e+00	   8.0213256723580351e-01	   7.2051796997073780e-01	   6.8959300657792477e-01	   5.1595558967164712e-01	   2.4875464736292002e-01	   3.6134151949977122e-01	   5.2526151441664748e-01	   6.9382910850771429e-01	   7.8234320759500697e-01	   7.9156080526066308e-01	   8.8746921202673490e-01	   7.0215368785281218e-01	   7.0832594397809590e-01	   6.2172227041626393e-01	   5.2466731509414100e-01	   5.1154828499962002e-01	   5.2330835924375152e-01	   5.3731516551228964e-01	   2.5073210606711011e-01	   1.9433035260097070e-01	   3.8885133189961707e-01	   4.1294861793034165e-01	   5.1698644854776243e-01	   5.2412265491076482e-01	   5.9854328097996423e-01	  -3.3393763713035202e-01	
   4.6035756164745167e-01	   5.4812186997244083e-01	   6.3322808283530407e-01	   4.9431934025462898e-01	   1.2611351684626337e+00	   1.0683112137592696e+00	   7.9165476043377792e-01	   5.6247350838927468e-01	   0.0000000000000000e+00	   1.1215424943160193e+00	   7.0427440613262837e-01	   4.3635342046144271e-01	   8.9197106404715365e-01	   5.3034732441180310e-01	   9.9323331762494971e-01	   7.2822574808657448e-01	   4.4421033158805451e-01	   3.7972300328891251e-01	   4.5335501752962903e-01	   5.4239027378188032e-01	   4.3200788457648065e-01	   2.9207451422914088e-01	   5.2820089617360311e-01	   4.9818812702805582e-01	   4.7882986544298067e-01	   5.0623872574444717e-01	   5.0647948243299612e-01	   5.3553036268890764e-01	   4.7104638536752347e-01	   4.5011216132298926e-01	   5.2081660243572592e-01	   4.1445386031065007e-01	   6.5221860686613431e-01	   5.9928380048966368e-01	   3.8193669462022678e-01	   2.9103129776368902e-01	   4.3430662919655083e-01	   2.8961919351057941e-01	   3.9896723275113838e-01	   4.4666156187488187e-01	   6.2900543586185220e-01	   4.8500732609359198e-01	   6.0311335404985456e-02	   1.2869416160349522e-02	   2.9010442578706436e-01	   2.0238177381687988e-01	   1.2666438986740117e-01	   1.2339840841844858e-01	   1.1442024684174239e-01	   1.3386472938829042e-01	   1.8823052024587394e-01	   1.4518777511453232e-01	   2.5238215082196552e-01	   2.9364117566500608e-01	   3.3861082397758729e-01	   3.5991316957911706e-01	   4.7973778820604940e-01	   5.1652450884849344e-01	   3.5521893589836434e-01	   3.1969333174644232e-01	   7.3028260018207192e-01	   4.8424575600630282e-01	   4.9197497840494236e-01	   4.2405775625639031e-01	   3.9119481223812835e-01	   2.8324235462902719e-01	   5.4597214097044888e-01	   4.5046561972400984e-01	   5.0155617756462101e-01	   4.8474634409767026e-01	   4.2378905637781816e-01	   4.2257886794873240e-01	   5.9410684199693420e-01	   4.9037190526119601e-01	   5.8643684368577575e-01	   5.6851280247510705e-01	   5.6168643267085061e-01	   5.6276357301986135e-01	   4.5662023305106442e-01	   4.9347973682244017e-01	   5.6995464471964075e-01	   5.8917222395955049e-01	   7.3934319574723861e-01	   5.6898631152003176e-01	   6.2624407428592255e-01	   5.1353659207855706e-01	   2.4624429470260389e-01	   2.7690733391384081e-01	   7.4940882531381225e-01	   5.9919729333647143e-01	   4.3176423989127116e-01	   6.1518978993644258e-01	   4.8771917783590801e-01	   5.6099803357779587e-01	   1.5297267274837006e-01	   2.6793776414318260e-01	   4.4638389961341107e-01	   3.9897246454535307e-01	   3.0931113003091132e-01	   4.0091806286875875e-01	   3.2660567026726328e-01	   6.5804961327943301e-01	   3.7112176490047083e-01	   4.2683828192920731e-01	   3.2442870608129643e-01	   3.5239753092518361e-01	   1.4359006835788440e-01	   2.1012010577237111e-01	   1.9394659387098676e-01	   2.2052567252419097e-01	   3.2465789163218439e-01	   2.9044118768207244e-01	   2.6431756975263765e-01	   2.8614108769234986e-01	   3.4049710342282963e-01	  -1.3305064342858242e-01	
   3.8241116821730747e-01	   4.0985425232109834e-01	   4.5572396727514064e-01	   5.4429653637244924e-01	   1.0619655248207169e+00	   1.3192331732451910e+00	   5.8226845598154553e-01	   6.0010779859026897e-01	   1.1215424943160193e+00	   0.0000000000000000e+00	   5.5176826513059440e-01	   4.1127693659258480e-01	   6.4161647237587460e-01	   5.5803854293300992e-01	   7.8089127617788134e-01	   7.0157133469213206e-01	   3.4637952480845807e-01	   3.0239983265538306e-01	   3.6203627838268404e-01	   4.4079457874737382e-01	   3.5539466323679214e-01	   2.8690212617299299e-01	   4.8265269544709705e-01	   5.5515772007403563e-01	   4.1711297112087248e-01	   5.2525118100378387e-01	   5.1462119586678878e-01	   5.2180490926328305e-01	   3.1084071458193441e-01	   3.3400074400555851e-01	   4.1391488884852007e-01	   3.7372722466085034e-01	   5.7664734205579260e-01	   5.6286291309962355e-01	   4.3113547053184126e-01	   4.0594484389344720e-01	   4.5400694867829572e-01	   2.7352933755898162e-01	   3.8563692539834232e-01	   4.1631121948613664e-01	   5.8928042731783936e-01	   4.5048487658092246e-01	   8.8467581229836223e-02	   4.2158392379984796e-02	   2.9651234523305642e-01	   2.2490644529392489e-01	   1.3005581048539960e-01	   1.7274502669960715e-01	   1.2231928369457359e-01	   1.6278073659628822e-01	   2.0980216871748300e-01	   1.7082378945133658e-01	   2.0426148824610507e-01	   2.7842373837024248e-01	   2.9895744331222612e-01	   3.2818620765815310e-01	   4.2854692551580087e-01	   3.9170098269644493e-01	   3.3077010053942812e-01	   3.3639411230627048e-01	   6.7743719895173815e-01	   6.5948282767317645e-01	   4.0883168075611431e-01	   3.7970167237691554e-01	   4.3553255540636415e-01	   4.3533929581826186e-01	   5.0470689811155678e-01	   4.9153133523579806e-01	   4.2513539409432755e-01	   4.4616357047532196e-01	   4.1147950846334302e-01	   4.8111651244178272e-01	   5.0834147112134698e-01	   4.5332335708554522e-01	   5.4242672989309570e-01	   5.5721071764596020e-01	   5.1922716898762933e-01	   5.3624136809444423e-01	   4.0066966902666140e-01	   4.4401839778114793e-01	   5.0163567883957327e-01	   5.3017625335439855e-01	   6.6818634033639757e-01	   5.1062689320301913e-01	   5.9473793253447427e-01	   5.3764706877142776e-01	   1.7523527124026414e-01	   1.8682681391439904e-01	   6.1293828220443436e-01	   5.6651542557121770e-01	   4.8490115524628913e-01	   5.8397960874973198e-01	   6.1966248807223356e-01	   4.7620723257232833e-01	   2.1490940562921118e-01	   2.9770793406898949e-01	   4.2169948729944084e-01	   3.4788619259426340e-01	   2.9691045303723657e-01	   3.5240666497366935e-01	   3.9315830778213773e-01	   5.4750233405620718e-01	   3.4792786711658846e-01	   3.5450499727599882e-01	   3.4639832967709178e-01	   3.3799283514211587e-01	   8.7068711645093291e-02	   1.9502090140796266e-01	   1.3166673097689671e-01	   2.6843507064404004e-01	   3.2154607568189969e-01	   2.8101799688093410e-01	   2.3530569035617765e-01	   2.5230031527624985e-01	   4.1785207777165412e-01	  -1.0025879681608652e-01	
   1.1127193534423863e+00	   9.1310218601452364e-01	   6.9398924552795138e-01	   5.9946605023897626e-01	   5.2198857154507450e-01	   4.9753607264164113e-01	   9.3168570874527612e-01	   8.5553980029013332e-01	   7.0427440613262837e-01	   5.5176826513059440e-01	   0.0000000000000000e+00	   1.1486978152778895e+00	   1.4498275060921748e+00	   1.0499072758114383e+00	   7.9913039525866636e-01	   7.6551765451680109e-01	   9.5486791148789540e-01	   9.3226333013548113e-01	   8.2548482347346930e-01	   8.6963838227769430e-01	   4.2886015118951643e-01	   3.8096828908925878e-01	   3.6505353803462531e-01	   4.9048399690641670e-01	   2.2953395442767832e-01	   3.6650375426734244e-01	   2.5168291128425674e-01	   2.7505033216732055e-01	   9.4260454814146677e-01	   9.6805014473894035e-01	   5.5246564265733378e-01	   4.9220743194179606e-01	   1.0136798982792248e+00	   9.6521015974929847e-01	   1.6895530545229040e-01	   2.2330728090574947e-01	   6.3419913075809542e-01	   4.8272458517156830e-01	   6.9562573290897145e-01	   7.4146587780638873e-01	   9.3339013716356822e-01	   7.6899866938601047e-01	   5.1673229108499630e-01	   4.8013010711711240e-01	   5.9521091618310007e-01	   5.3912747034189379e-01	   6.2708399318515351e-01	   5.4207381007052047e-01	   5.7709394419242166e-01	   5.3164043916936088e-01	   6.8505296175529928e-01	   5.9200781953418902e-01	   7.0897928672118327e-01	   6.8091061475672343e-01	   8.9819542512249839e-01	   8.6308580613989339e-01	   9.0239535418837269e-01	   8.2421892980723754e-01	   8.3882671231201344e-01	   7.2902449889064014e-01	   1.1242699563111171e+00	   7.1951180056705188e-01	   1.1822667428543236e+00	   1.0546855432430613e+00	   2.2439106135843978e-01	   3.8501928351142628e-01	   8.6672393561124217e-01	   8.3605984951276213e-01	   6.7741823430685488e-01	   6.5104267407989003e-01	   7.2234220486629996e-01	   6.1642665959828291e-01	   9.2810440245175041e-01	   8.4955223883640429e-01	   8.8489061855247497e-01	   8.8675078990283485e-01	   1.0223054509949305e+00	   8.7253971724452306e-01	   8.1839614996810439e-01	   7.7510900341323685e-01	   1.0869520196790368e+00	   1.0282854862307504e+00	   8.8218169733844176e-01	   9.4452095878609299e-01	   8.4788472321054598e-01	   9.2813830967399213e-01	   4.1081539848753834e-01	   5.0596067473863271e-01	   1.0049822811328142e+00	   9.4902462845746594e-01	   5.6050033801643651e-01	   5.5452642228320759e-01	   3.3593081104996031e-01	   3.0235712758038302e-01	   2.3062278754445542e-01	   3.8607726074251175e-01	   6.3797266902888639e-01	   7.4632670597021533e-01	   7.2861432222163036e-01	   8.2372807861722364e-01	   6.7706856433351492e-01	   5.5715096162831779e-01	   7.6142711546438502e-01	   7.5570719050543156e-01	   4.1069900584288904e-01	   3.9103983367012307e-01	   4.3442322264740429e-01	   3.2805652039210881e-01	   2.7734414088839299e-01	   2.3637100978773129e-01	   3.7227875417501255e-01	   3.5576642852343465e-01	   4.8294993928774377e-01	   6.1974503501322387e-01	   5.5091612946683743e-01	  -3.6596521962025974e-01	
   7.5597843391953845e-01	   7.2027954223828849e-01	   4.2724614589567989e-01	   5.1140157795889785e-01	   3.0257129789980575e-01	   3.1059550186556956e-01	   6.8527659366430660e-01	   8.6492671973779678e-01	   4.3635342046144271e-01	   4.1127693659258480e-01	   1.1486978152778895e+00	   0.0000000000000000e+00	   9.3618504042643536e-01	   1.3192868781211982e+00	   5.8663286035261075e-01	   6.9187127182627062e-01	   7.5795232989842520e-01	   8.0735766692780708e-01	   6.3911182960054791e-01	   7.3542979120821561e-01	   2.7654710529699816e-01	   2.8974646950701244e-01	   2.4626055966471230e-01	   4.6150129853228589e-01	   3.5383495026602464e-02	   1.9677994930395276e-01	   6.9747328490781219e-02	   1.0956996177499718e-01	   8.6831813710928951e-01	   9.8773038630645238e-01	   4.8193898197669027e-01	   4.7863450980526084e-01	   8.5926678235802656e-01	   8.9751191017113130e-01	  -1.1510979689962940e-02	   6.3299487249005373e-02	   4.8427179898653827e-01	   3.9359176355566133e-01	   5.2454954853165048e-01	   5.3313150781266561e-01	   7.7462282216984757e-01	   6.4147467636816968e-01	   4.1711064155756017e-01	   3.8013627665177968e-01	   4.3199092823293078e-01	   4.1583494679208077e-01	   5.5189655344139954e-01	   4.1312688384917789e-01	   5.2417336253799551e-01	   4.9174704655316825e-01	   5.8063985792264672e-01	   5.5182400194065828e-01	   5.3349845397843543e-01	   5.3995878629725813e-01	   7.4839550907079611e-01	   6.8393554998399231e-01	   5.7920986590571188e-01	   6.6054897566613180e-01	   5.7955861761920979e-01	   6.0097120036590757e-01	   7.5881157749421546e-01	   8.1509486573526180e-01	   1.0421185449534451e+00	   1.3441321371812966e+00	   7.9297064640740822e-02	   3.2649767128788582e-01	   5.6140031304784777e-01	   6.2050103396057665e-01	   3.7138313260718797e-01	   4.0430543010182363e-01	   5.5415079400500122e-01	   5.0574080117820364e-01	   7.8964815470029437e-01	   8.5470488022612345e-01	   7.3714120114491977e-01	   8.3326476204765343e-01	   7.3747793882650536e-01	   6.6410615641906245e-01	   6.7452329001903033e-01	   6.0553312539271187e-01	   9.1004785344313288e-01	   7.9849151451251621e-01	   7.4236436879521239e-01	   8.5149919516492423e-01	   6.4742305337799821e-01	   7.7461020695628136e-01	   2.9167080929848960e-01	   3.9067408928079550e-01	   6.2757506075330427e-01	   6.4824190187427655e-01	   4.3517263622466973e-01	   3.5336111416090499e-01	   2.5024718357758158e-01	   1.1111077388511290e-01	   1.5536895141783602e-01	   2.7203909342742577e-01	   4.5885410350857214e-01	   5.7467487894193936e-01	   5.6405564755288895e-01	   5.7955736260696711e-01	   5.9459882604875391e-01	   3.4273691504171561e-01	   6.1490610459085471e-01	   5.7382120470089026e-01	   3.4828084726667280e-01	   2.5122877499684032e-01	   4.1537075144903235e-01	   2.3861235205100512e-01	   9.1611175706750689e-02	   1.2733926060647813e-01	   2.4000071055714847e-01	   2.4181308400620261e-01	   3.5152266642745850e-01	   4.6466903299643858e-01	   4.9761541812561816e-01	  -3.5042047324746328e-01	
   9.2702832402243684e-01	   8.2885737404882265e-01	   7.1602679261198110e-01	   6.4294313029005756e-01	   5.6240105317781852e-01	   5.6880540876959707e-01	   1.1528039606546097e+00	   9.1534363610978953e-01	   8.9197106404715365e-01	   6.4161647237587460e-01	   1.4498275060921748e+00	   9.3618504042643536e-01	   0.0000000000000000e+00	   1.1013600110030548e+00	   1.0025315338007355e+00	   8.1509641096188024e-01	   6.2125227413408679e-01	   5.7509887458474862e-01	   7.4554611552586880e-01	   8.1264019126657483e-01	   3.1615064326154396e-01	   2.4008691637651935e-01	   4.8398105828360594e-01	   5.8651393816869835e-01	   3.3148945185772005e-01	   3.7410832643361658e-01	   3.2024480243602904e-01	   3.2044311323957558e-01	   6.7890357467625551e-01	   7.1404937152520076e-01	   5.4391719570693442e-01	   4.9825571068323937e-01	   8.4792650755763543e-01	   8.4494608834707186e-01	   3.2792409678986506e-01	   3.2729771015367337e-01	   4.7356349588048224e-01	   3.4947364746685672e-01	   5.2449672521459645e-01	   5.9836551550426598e-01	   7.4899951494880601e-01	   6.0158557317618144e-01	   4.4640176418173760e-01	   3.9721189463660811e-01	   5.6061679115705942e-01	   4.9067029883406299e-01	   5.2181376924836742e-01	   4.3991946991476411e-01	   4.6963109953717752e-01	   4.4439077467640176e-01	   5.5587976919211923e-01	   4.5214619527532657e-01	   5.5108874587643952e-01	   5.4189023887751830e-01	   6.9934729255301742e-01	   6.6615623275560520e-01	   6.7314679339098649e-01	   6.5357843874525601e-01	   6.3711628932108721e-01	   5.6964910626762510e-01	   1.1109649066262866e+00	   7.5525554718148125e-01	   7.9158768260370971e-01	   7.6950006620443512e-01	   3.9617517410227510e-01	   4.5226433848214243e-01	   7.7902471006513041e-01	   7.4568957674113767e-01	   6.5194545268208592e-01	   6.1320819952948491e-01	   5.9719619874844077e-01	   5.6127350362794082e-01	   7.5675483533328769e-01	   7.0836562009403237e-01	   7.9572561863406777e-01	   7.8164794195326448e-01	   8.3632893623489601e-01	   7.3194340515512846e-01	   6.2249358539360744e-01	   6.0208580008648749e-01	   7.7754932385366793e-01	   8.0025500664369087e-01	   9.1865065604938945e-01	   8.0295961871867672e-01	   8.5943804465982110e-01	   8.3652508773992273e-01	   4.0209108084451056e-01	   4.4654865877518690e-01	   9.7095884393449583e-01	   8.6497624805686879e-01	   5.2368921970855431e-01	   6.0312244931477033e-01	   4.0623598251203658e-01	   4.2518950280323725e-01	   1.1886755951028249e-01	   2.5124553646046927e-01	   4.9463318643886584e-01	   5.7021376402166291e-01	   5.5855957419286573e-01	   6.4124510052054728e-01	   5.5328849053398343e-01	   6.2876060303822046e-01	   5.4921180385599222e-01	   5.6137382110507117e-01	   3.2895902128095272e-01	   3.5085206312571021e-01	   3.4077831301317912e-01	   2.7207800245991115e-01	   2.2983345747946698e-01	   1.8438102347260527e-01	   2.6672754280043354e-01	   2.5601811410244735e-01	   4.1365989537002790e-01	   4.2551418273066516e-01	   4.8100606472834856e-01	  -3.9539530339306211e-01	
