   0.0000000000000000e+00	   1.1158390175201562e+00	   6.2838427681504583e-01	   6.0056166791050913e-01	   3.2602572993529050e-01	   2.4083119463515096e-01	   6.5976038872203036e-01	   5.0222296470583205e-01	   5.1779625422466702e-01	   3.7537475791505354e-01	   6.5045517560539023e-01	   5.1701115331353731e-01	   3.7195695427692782e-01	   3.4833605832842790e-01	   3.3356334143364541e-01	   3.8846342050049171e-01	   5.1580319928086871e-01	   4.5167352274843409e-01	   7.3395424967485157e-01	   6.9116528556879886e-01	   4.0003305568161351e-01	   2.8966954982207488e-01	   3.2847387357223568e-01	   3.1714660441071069e-01	   2.2481969158170995e-01	   2.3458229260435179e-01	   2.5925336288718603e-01	   3.8387601757650724e-01	   3.4302986754449560e-01	   1.9074454917140524e-01	   1.7215213657429351e-01	   1.1596836224506293e-01	   3.6733289587780638e-01	   2.9296994522299807e-01	  -3.5781389023354197e-02	   2.2840228884231980e-02	   2.1878385989760674e-01	   1.5690080143262713e-01	   4.6377267465585448e-01	   3.7051333102136241e-01	   6.0683466111953788e-01	   5.5625247550360735e-01	   3.4593248888662231e-01	   2.3732345439409330e-01	   2.8395371766727490e-01	   3.6522658215403209e-01	   4.1366069457492760e-01	   4.8513077030785046e-01	   5.4164709379903686e-01	   4.3251498329438720e-01	   5.8912692719903870e-01	   5.1954804084626627e-01	   4.8021606518842141e-01	   5.0144669284959442e-01	   5.2207756044059650e-01	   3.9086842400423433e-01	   1.4973971651770759e+00	   9.6552577316362065e-01	   8.0669451332026476e-01	   7.0947367511221260e-01	   6.5669131907505585e-01	   3.8243728164117080e-01	   6.1144350803871428e-01	   3.4380850142105046e-01	   4.3750142096381797e-02	   1.5174578072258837e-01	   5.2055356161989053e-01	   3.3129321887551910e-01	   7.4119467181431464e-01	   5.9647889712745961e-01	   2.3528222044251507e-01	   2.8487123350625776e-01	   6.8700485290005675e-01	   5.7690796439398295e-01	   5.3592330249520925e-01	   4.3295406875230280e-01	   7.7978161263474199e-01	   6.1395045835936790e-01	   3.2737439067050139e-01	   4.5691763318488243e-01	   5.2575792075716299e-01	   3.5222413948923548e-01	   4.2483039077267648e-01	   3.1192771397302854e-01	   2.3428090254955944e-01	   2.9170618522862973e-01	   4.7898236818456480e-01	   2.7261442549293297e-01	   6.1975040601285347e-01	   7.4238014386846529e-01	   5.4454859750047657e-01	   6.2064120741744366e-01	   2.6227469723587021e-01	   3.9442410507169762e-01	   1.8581979028002607e-01	   2.4516482657439678e-01	   4.9246673525480700e-01	   4.7485334346035513e-01	   7.2820935085848615e-01	   9.8682768076766592e-01	   4.7921927178012591e-01	   6.6026549999745432e-01	   7.2225567868542495e-01	   9.1622709161155957e-01	   2.4402422244917366e-01	   2.4753376922827075e-01	   5.7016066143902322e-01	   5.0562402866991785e-01	   1.1321373189901621e-01	   1.4498549137875941e-01	   2.9531498832553271e-01	   5.0524119374153120e-01	   4.0113179362833878e-01	   2.0811825287548222e-01	   9.1501821718080162e-02	  -1.5316381729090331e-01	
   1.1158390175201562e+00	   0.0000000000000000e+00	   6.1380999235985101e-01	   6.8744095067488076e-01	   3.2290457859442900e-01	   2.6494481733543424e-01	   5.5597708858114114e-01	   4.0479614903617567e-01	   3.7385642770905692e-01	   3.2046366120529202e-01	   5.9944137513706297e-01	   5.1226887867629889e-01	   3.2019761062040070e-01	   2.7998739261426892e-01	   2.8440376262325823e-01	   3.4742200493733388e-01	   7.7266096951839980e-01	   7.7812400058674391e-01	   8.5540554217546361e-01	   9.4546800273676301e-01	   4.4997871390402111e-01	   3.4276053750522650e-01	   4.2414949266666246e-01	   4.3593328304618451e-01	   3.2383155065574282e-01	   3.3496327871996190e-01	   2.6085008411004817e-01	   5.3757859218880566e-01	   4.7258515319691152e-01	   3.9750912267698951e-01	   2.0811908914022184e-01	   1.3760839598628319e-01	   4.6564820930405293e-01	   4.1473806127095458e-01	   1.5926878446099121e-01	   2.5372394053365255e-01	   4.6156604009478586e-01	   3.9054000601178612e-01	   6.1378215172353701e-01	   6.0852130635074486e-01	   6.6539507420159483e-01	   7.2324465508261659e-01	   4.1061830733105659e-01	   3.3282785583762758e-01	   3.9621724973175393e-01	   4.9899633840489693e-01	   5.6957967111410579e-01	   6.8420664782026064e-01	   6.2747830475414312e-01	   5.7310076662432019e-01	   6.6266415962411307e-01	   6.1729601182407479e-01	   6.2300751078766547e-01	   7.0876868496544121e-01	   7.6313803849152750e-01	   6.3011973626431894e-01	   1.1789950015181636e+00	   1.5797392201965739e+00	   7.0016107946609396e-01	   7.4461327725027837e-01	   4.6616903051218028e-01	   3.0856687418965045e-01	   6.1283260664335482e-01	   4.8325984775336833e-01	   1.0137785944943158e-01	   1.5491878532529829e-01	   7.0530996838705418e-01	   5.3197972365295609e-01	   9.2487268588742455e-01	   8.9736538591106929e-01	   1.5164013248305191e-01	   1.4547651690072932e-01	   7.0205728038737047e-01	   6.7605960956387612e-01	   5.5597071722465707e-01	   5.4525194251420417e-01	   8.8830587520615734e-01	   8.2827617317578262e-01	   4.4215919314491309e-01	   6.0929965295637345e-01	   7.0687896859367583e-01	   5.7095507580604010e-01	   5.6608023328068491e-01	   5.2072102684934629e-01	   3.4088718591819617e-01	   4.2037743586955045e-01	   5.0941940023782140e-01	   2.9029874179741239e-01	   6.2153022015900750e-01	   8.2150634929252897e-01	   6.9999896869692346e-01	   7.5354875150337897e-01	   3.4766187348146149e-01	   4.8460366642236191e-01	   1.3748150528897093e-01	   2.4656327022986346e-01	   6.3166182275941662e-01	   4.7595328419570770e-01	   9.4934852927490643e-01	   9.9982551368626882e-01	   4.2724640648985951e-01	   6.7515598424788448e-01	   8.0718769812458380e-01	   9.1172749438918843e-01	   3.6651004118136410e-01	   3.8369939282430221e-01	   4.7467617963607600e-01	   3.8766266989040910e-01	   2.5253667756988096e-01	   1.2395342402400850e-01	   4.9127654844060004e-01	   6.1524699310054864e-01	   5.3673404384699219e-01	   2.9721005616223617e-01	   1.6348194666542529e-01	  -7.4025226052803053e-02	
   6.2838427681504583e-01	   6.1380999235985101e-01	   0.0000000000000000e+00	   7.2338030461548752e-01	   3.9646217158550129e-01	   8.9391405948822028e-02	   9.6144688006612422e-01	   2.9286263799524614e-01	   3.3066380311864685e-01	   4.8543888997172678e-02	   5.1102336386216707e-01	   1.1122615452275939e-01	   4.2825060175132029e-01	   2.7964300525205543e-01	   8.0088209977836822e-01	   3.1874850467393556e-01	   2.5422778452350425e-01	   3.0117204811249387e-01	   9.7843008929522901e-01	   7.7534269400869293e-01	   6.6318592611913862e-01	   4.0399111739789562e-01	   1.2541032698984207e+00	   7.8264109995397091e-01	   6.4271807833687333e-01	   4.3868043657678579e-01	   6.6084042318605374e-01	   6.1617557965926328e-01	   3.1110265497535239e-01	   1.0892558762056881e-01	   6.4386046291705523e-01	   4.3546111732841153e-01	   7.1847737381770038e-01	   4.5223237283263795e-01	   5.2321606637921980e-01	   2.3679891809457515e-01	   2.8440874943825289e-01	   4.8053391007067181e-02	   3.4732275741653135e-01	   3.0864478846911858e-01	   6.2452093628141081e-01	   5.1834626607598133e-01	   1.6192144066006867e-01	   5.5265323667678758e-02	   2.2907261479702107e-01	   2.3331291447540564e-01	   2.6795473361992067e-01	   3.6893640275638756e-01	   2.3939728571632088e-01	   1.5884753713120595e-01	   3.9426797990503348e-01	   3.6160971473953069e-01	   1.6649562785980551e-01	   3.8034412952259133e-01	   4.2723818249132084e-01	   3.6361559870068821e-01	   6.7605840787963345e-01	   5.3414808585690832e-01	   4.3660579014804790e-01	   2.7498204330819537e-01	   3.6955876208523097e-01	  -6.1642709237735727e-03	   6.7490821218637409e-01	   2.2179756994998434e-01	   5.8993463528270262e-01	   3.4357721115963874e-01	   7.2228238069284045e-01	   4.2980348163932464e-01	   8.6217842943970213e-01	   6.4867478465649009e-01	   2.5117500580920415e-01	   2.8710517109962080e-01	   7.7842485078627499e-01	   6.1543688788070039e-01	   6.4984914096203894e-01	   6.1618574376103141e-01	   8.7980074528735164e-01	   5.4999750099936318e-01	   1.0892473260574935e-01	   4.3061569478519834e-01	   3.2482812307874354e-01	   4.2625192463453926e-01	   6.9608291846169701e-01	   4.6232879265655907e-01	   8.0552761896452441e-01	   5.1428264907781474e-01	   7.8275166731953139e-01	   5.2161145501890216e-01	   5.4050411167758150e-01	   6.2683929311791198e-01	   3.1397524957553258e-01	   6.3278346790262252e-01	   2.5212736212284059e-01	   7.6559589038379339e-01	  -4.3720802845278878e-03	  -1.9858779837392683e-02	   3.0151538534064315e-01	   2.9937707607476843e-01	   3.9121078638282136e-01	   5.6167964727967323e-01	   2.1455409569938499e-01	   6.9940726682367482e-01	   4.3141475544404512e-01	   8.2781688563658151e-01	   1.1015932021964185e-01	   2.6917758129427921e-01	   4.8397094383945227e-01	   6.1024916726788325e-01	  -3.0689855957604359e-02	   6.8827328607941711e-03	   3.1718123106908003e-01	   2.4184167685269525e-01	   1.2601347109786942e-01	  -5.6427487884662111e-03	   1.2395943076817771e-01	  -4.4044893138750063e-01	
   6.0056166791050913e-01	   6.8744095067488076e-01	   7.2338030461548752e-01	   0.0000000000000000e+00	   2.5343343047923456e-01	   3.0842607476286993e-01	   8.0895702194147012e-01	   9.8058642194855250e-01	   3.2146059964887835e-01	   5.3274908250388053e-01	   3.9432828804435832e-01	   4.9726781779271284e-01	   2.0703891993418347e-01	   4.6906453918678909e-01	   4.8350082880702294e-01	   8.1099688388480606e-01	   4.3351635452581255e-01	   4.0993836872110256e-01	   7.0870860057307794e-01	   9.6293376341005366e-01	   5.4231620150318149e-01	   4.0659506367618753e-01	   6.8020120889594082e-01	   9.2803396627275481e-01	   2.2304419028372829e-01	   3.2126398955365104e-01	   2.6942028814071717e-01	   4.2445520371966039e-01	   3.8749041482330165e-01	   3.7172385572460959e-01	   5.7113550451813255e-01	   6.6071242043141454e-01	   8.0369729852892369e-01	   8.2879142438587761e-01	   3.4254808242316814e-01	   4.8021786407677053e-01	   2.9507532419823351e-01	   1.9952313197705815e-01	   3.9954122233150635e-01	   4.3284235466609866e-01	   5.7256984267094346e-01	   5.8095837807085848e-01	   2.6136013334774011e-01	   1.9240890155354295e-01	   3.3725388062040734e-01	   4.3819452649887330e-01	   4.1008811321453748e-01	   4.8843914476143124e-01	   3.4697776988222168e-01	   3.3145344175616537e-01	   4.2054082429157014e-01	   4.1694215530891932e-01	   2.7641438283849540e-01	   5.0273835981912518e-01	   5.0457408317645225e-01	   3.6038486918957885e-01	   6.4898478229670742e-01	   5.2127501155599798e-01	   3.4733712717536019e-01	   4.8050321199453394e-01	   3.4840490012046016e-01	   3.3764173462306507e-01	   8.1134560283499968e-01	   6.7234210197707711e-01	   3.8148584946360214e-01	   7.1062062479514942e-01	   6.6204825733424777e-01	   7.8222848844722659e-01	   7.0596011626211608e-01	   7.7767656178611944e-01	   2.8780942657053810e-01	   2.4677946237915935e-01	   6.4307168636907552e-01	   6.6475598097196475e-01	   4.3826553303721888e-01	   5.4138842343825766e-01	   6.9855625273346944e-01	   7.9810047508523529e-01	   2.5341177305076273e-01	   4.6616439436698964e-01	   5.1395230975847095e-01	   4.4931940861718145e-01	   5.5947001578847488e-01	   6.9910181512481095e-01	   4.7546464141619732e-01	   6.0392993866499600e-01	   4.2209667727112787e-01	   4.3059936488710204e-01	   4.6724545745457324e-01	   6.7642360737071860e-01	   7.5436005999300859e-01	   5.1630022867272185e-01	   6.7009905782025958e-01	   4.9981131519553962e-01	   1.0293720992676182e-02	   6.2227934377375976e-02	   4.0971192691533553e-01	   3.6507976010401821e-01	   6.7932647360355691e-01	   5.6674001540969354e-01	   6.2370039839523439e-01	   5.3575966552332743e-01	   6.9800969338898411e-01	   6.8337052337790449e-01	   3.5003762652845555e-01	   2.7631429241067551e-01	   4.4254525463940564e-01	   4.0471106859647177e-01	   1.5130610457583865e-01	   7.4834208084121237e-02	   4.3167347043728055e-01	   3.3629076042468498e-01	   3.0198119839683912e-01	   1.2033471761495630e-01	   2.0570581313081782e-01	  -2.9675411686158004e-01	
   3.2602572993529050e-01	   3.2290457859442900e-01	   3.9646217158550129e-01	   2.5343343047923456e-01	   0.0000000000000000e+00	   1.0754186199962563e+00	   5.7995775371840186e-01	   3.3695263663344804e-01	   9.0572663623654992e-01	   5.8765755797015629e-01	   4.1214701800765502e-01	   2.3586988118648111e-01	   2.0561454870074258e-01	  -1.7912553063663864e-02	   2.1689843608876846e-01	   9.3027790737772773e-02	   1.3517170598018999e-01	   2.4496015251364286e-01	   3.7001350093111351e-01	   3.2144241015366898e-01	   2.3149140605391458e-01	   1.2000968066414426e-01	   1.7298035329117090e-01	   5.2483026119101238e-02	   4.0825294926273664e-01	   3.1613567322234154e-01	   3.7956925134112007e-01	   5.0462789113810058e-01	   1.2059795859689021e-02	  -8.4563507923017742e-02	   6.6723545347775026e-02	  -7.2205738186096477e-02	   2.4750865996710142e-01	   1.6356330725618104e-01	   7.2207664601910929e-02	   5.1416782173181734e-02	   6.9705758391954545e-02	  -3.7416393971389829e-02	   1.9509849411145191e-01	   1.8465626051734160e-01	   2.2848594206624726e-01	   2.5315183326107021e-01	  -3.1091469976696224e-02	  -1.1316075738235699e-01	   1.3592376224522693e-01	   1.0292579823921331e-01	   6.4324989489634790e-02	   2.0551768297812029e-01	   1.5569729024197310e-01	   2.1812675506284016e-01	   2.1079852244772398e-01	   2.2420774735116997e-01	   3.6634067554481398e-01	   3.7760064695117151e-01	   3.0944949517000131e-01	   2.5880580207285425e-01	   2.7611269212940276e-01	   3.2374351471511686e-01	   4.1618748729137800e-01	   3.7439763245823904e-01	   5.1364859012878494e-01	   4.6175353889998794e-01	   1.0971916693737659e-01	   1.6503964009645361e-01	   1.6851080666311075e-01	   1.7044663746428249e-01	   2.8631780820047281e-01	   1.2971190996071175e-01	   3.2117111269344306e-01	   3.2052481116600184e-01	   8.1104692732831579e-02	   1.4173308020144203e-02	   2.2591891725514546e-01	   2.2680302202195207e-01	   2.0859434606571098e-01	   2.5535230518650726e-01	   2.1538750019187025e-01	   2.6957375750876150e-01	  -5.5825420177994321e-02	   4.5845501829307758e-02	   1.3273598074748361e-01	   1.9897029011157830e-01	   1.3041832478085341e-01	   1.3105928876753503e-01	   2.3115022883218755e-01	   1.2718313212147919e-01	   8.3836310402715608e-02	  -3.9274805694479351e-05	   6.1644364347140090e-01	   6.0301668980953094e-01	   4.0761553953338553e-01	   6.0903425266193345e-01	   3.4775066913876984e-01	   4.3443890834215093e-01	  -6.2735891892774898e-02	   7.2914757917271533e-02	   6.8375220823039429e-02	   6.0981356420255060e-02	   3.4812975740137331e-01	   3.3270333540805508e-01	   1.8904194689006254e-01	   5.4855857666128915e-01	   2.4393722163836162e-01	   4.7855969155954470e-01	   1.4297584814353856e-03	   3.9497621839242802e-03	   4.5737240556495466e-02	   1.9595435826019941e-01	   4.2909806693178038e-02	  -1.0219411646598657e-01	   1.0660107360291554e-01	   1.5135920575769138e-01	   1.2920965961814565e-01	  -6.5362659547595903e-02	  -1.5697399769738427e-01	  -1.8094347223707480e-01	
   2.4083119463515096e-01	   2.6494481733543424e-01	   8.9391405948822028e-02	   3.0842607476286993e-01	   1.0754186199962563e+00	   0.0000000000000000e+00	   2.9528919209768506e-01	   4.6434896179411100e-01	   6.3718455087095294e-01	   9.5582542151594763e-01	   2.6758091152395458e-01	   4.5481327914757597e-01	   9.0487212360096880e-02	   6.7963094570226909e-02	   8.5630998313683312e-03	   2.7053776391783319e-01	   2.2986955845225793e-01	   2.7720793599802829e-01	   2.2340092104540382e-01	   2.6509906269528327e-01	   1.9268435059255856e-01	   1.5803852283752465e-01	   2.9916365980596007e-02	   9.7927213862714496e-02	   2.8074958970293828e-01	   3.8457095308746503e-01	   1.9078873696082407e-01	   4.5418571467007474e-01	  -1.0868023943835169e-02	   2.0219394257906063e-02	   1.3137851952035094e-02	   8.5782471041414843e-03	   1.8717949208075971e-01	   2.3951319854279068e-01	   9.3410548948382410e-02	   2.3811815756818094e-01	   1.2911057576201682e-01	   1.7887991279932330e-01	   2.8791130688487054e-01	   3.3300106116773975e-01	   1.9903334117238242e-01	   2.6507974990470773e-01	   1.1046394633848931e-02	  -2.6629865757363085e-02	   9.8946113819126241e-02	   1.3296531931481004e-01	   8.3676015879386695e-02	   2.1592970145029136e-01	   1.9653003504145794e-01	   3.0342535393662762e-01	   2.6957079761429653e-01	   3.0871147118198805e-01	   4.5606357578232837e-01	   4.2432121985876392e-01	   3.8098532946186209e-01	   3.2605261129084018e-01	   2.3045219276129220e-01	   2.9040336179358006e-01	   4.1422379061422077e-01	   5.2971384146022382e-01	   4.4687623460306924e-01	   6.4200159965432779e-01	   1.0259572328372094e-01	   2.6529506013064308e-01	   5.5573813497907236e-02	   2.9272860241315479e-01	   2.4693959455411355e-01	   2.2453729475924683e-01	   1.7655070361745767e-01	   2.8753470137696602e-01	  -6.7412105688689555e-05	  -1.0251959162503238e-01	   1.5160258967369999e-01	   1.9190501934303214e-01	   1.7097790528744727e-01	   2.1160275899761410e-01	   1.1350985589607579e-01	   3.3121624532836380e-01	   1.0616070439877254e-01	   8.0882380152077299e-02	   2.1018451591973436e-01	   2.5055606364796429e-01	   8.2556359350114350e-02	   2.1533747039933196e-01	   9.5177664760157890e-02	   2.1546539987756186e-01	   1.8372157612759479e-02	   4.3076241312289903e-02	   4.7950063285316680e-01	   6.0309155091704802e-01	   5.0070259497289527e-01	   3.6978310640182949e-01	   4.3817230043199318e-01	   1.6812503264936726e-01	  -7.6450984123979424e-02	   7.1911036655599878e-02	   1.2496986357367848e-01	   8.2023212331093900e-02	   3.5516361415770759e-01	   2.3667318825338499e-01	   2.8166435470931239e-01	   3.0380772301521319e-01	   2.9782573375678378e-01	   2.8545342940534851e-01	   1.8010783238932906e-01	   4.9163395038098336e-02	   1.7415424735239628e-02	   4.1118949821198965e-02	  -4.6908304055261916e-03	  -4.4750704243546317e-02	   1.6101398121898919e-01	   1.8970105390883901e-01	   1.6156705270167340e-01	   9.2622503366706268e-03	  -3.3187468227057468e-02	  -5.0294560133239387e-02	
   6.5976038872203036e-01	   5.5597708858114114e-01	   9.6144688006612422e-01	   8.0895702194147012e-01	   5.7995775371840186e-01	   2.9528919209768506e-01	   0.0000000000000000e+00	   7.9698736031206507e-01	   8.5653535132804748e-01	   4.5312283763625932e-01	   6.3800266035791198e-01	   4.0735307022545209e-01	   4.4518947062090858e-01	   3.1684687794905214e-01	   5.7696166068402233e-01	   3.9986461198110301e-01	   1.8428031535307354e-01	   2.6280551356001880e-01	   6.9893809275291119e-01	   6.9646047575291337e-01	   4.1824922245375584e-01	   1.4929691368951606e-01	   5.1473575288930595e-01	   3.8049602566496377e-01	   1.8639528356739818e-01	   1.0875475467866492e-01	   3.6234093932356637e-01	   3.2019911627692732e-01	   2.5195034075987038e-01	   1.5641966552783781e-01	   3.8135085845596167e-01	   2.7771455065238299e-01	   5.4663491411105458e-01	   4.2282746383287773e-01	   7.6982460991777621e-02	   6.2330209335457527e-02	   9.2498220748940790e-02	  -2.9092063336884342e-03	   2.6222021547907937e-01	   1.6286126274924717e-01	   4.5860442028869036e-01	   4.4539985647430291e-01	   1.3332624637091958e-01	  -5.4775927235499013e-03	   2.1906095157842159e-01	   2.5117508707172026e-01	   2.7190062643781360e-01	   3.7052833064128354e-01	   3.4917256344408126e-01	   3.1931743381473165e-01	   4.0309257908364299e-01	   3.5302068284378163e-01	   3.0538069600342044e-01	   4.5646235544881020e-01	   3.9214369092100898e-01	   2.9047166069108088e-01	   5.4483309965368232e-01	   4.7960313480350952e-01	   4.7238112038687535e-01	   4.0237899525244769e-01	   8.0354604457064438e-01	   4.9352769025692966e-01	   5.0258890979346793e-01	   3.1781314468283500e-01	   4.3245392042754038e-01	   3.1752339213989655e-01	   5.1290788082578720e-01	   3.5786513936050113e-01	   6.3731573257799945e-01	   6.3901466764903980e-01	   3.1245830333155011e-01	   2.8206073647241736e-01	   5.4597940787264476e-01	   5.4991163225098072e-01	   4.7320462260445550e-01	   5.4612158715875214e-01	   7.4697249829944989e-01	   6.3071229846061105e-01	   6.0925888732529876e-03	   2.5586311118801908e-01	   2.0659952921639829e-01	   2.9627395822546432e-01	   3.7366156851895199e-01	   3.3066822151282699e-01	   4.4397020917675895e-01	   2.9421160006844227e-01	   3.2528672802809222e-01	   2.3041317978742132e-01	   6.8630346488739224e-01	   7.1605134617332433e-01	   5.6976796941888130e-01	   8.2849609082662590e-01	   4.4335680740636907e-01	   7.9695601326725785e-01	   9.1667080884278884e-02	   1.3945799242782980e-01	   2.8053206778690898e-01	   3.4096167100535868e-01	   6.0501311741688379e-01	   6.0061146217183137e-01	   4.9343907122764818e-01	   1.0591732755546139e+00	   6.1004621617277965e-01	   9.8104740146478542e-01	   1.0372651716453084e-01	   2.3331950024411324e-01	   4.9901354008680721e-01	   5.7436660901681758e-01	   1.5560579528661519e-01	   8.1816015273754886e-02	   2.2720642388351359e-01	   2.1180990102319008e-01	   2.4958718591263665e-01	   5.1653999937963498e-02	   9.9123837053883057e-02	  -3.4964076445072234e-01	
   5.0222296470583205e-01	   4.0479614903617567e-01	   2.9286263799524614e-01	   9.8058642194855250e-01	   3.3695263663344804e-01	   4.6434896179411100e-01	   7.9698736031206507e-01	   0.0000000000000000e+00	   6.2326558788623998e-01	   9.4796329098886767e-01	   3.1905328819997858e-01	   7.8169281747769193e-01	   2.3834040206067092e-01	   5.1340460285474943e-01	   2.8160056172849868e-01	   7.7394289450678966e-01	   2.5450885013046437e-01	   2.6565820352476394e-01	   3.0204071227323970e-01	   4.8728694986965621e-01	   3.1757745852539843e-01	   1.8915050879592030e-01	   2.0326312408055974e-01	   2.9981914295613749e-01	  -3.6867526467485513e-02	   1.1908493307509295e-01	   3.0826577418872358e-02	   9.0280263763345289e-02	   2.6449060196784907e-01	   3.9875608486971220e-01	   3.9113734381570853e-01	   4.6245865005781112e-01	   5.2326371230982993e-01	   6.7789077686347576e-01	   3.9137173705291885e-02	   2.7459539165666041e-01	   1.8726260252497318e-01	   2.0813077811320371e-01	   3.2283346745978769e-01	   2.6597241909725189e-01	   4.6855236637191100e-01	   4.7924151260380426e-01	   3.4268542687478970e-01	   2.0752609339356606e-01	   3.6980166071319642e-01	   4.3653155783836617e-01	   4.0928994196576052e-01	   4.5325371708927431e-01	   4.3415125071403959e-01	   5.1133587198381503e-01	   3.2903524289158498e-01	   3.1382801776495434e-01	   2.5005412440015645e-01	   3.9672452531195973e-01	   3.2029335807778286e-01	   1.6329112334637150e-01	   4.3836259582351239e-01	   2.9157560383430869e-01	   3.5185768812299062e-01	   5.4384976906401339e-01	   5.4402960227156794e-01	   8.5099880116377458e-01	   3.6058159584873523e-01	   5.2177251094452060e-01	   1.4210264199897032e-01	   4.4566428914049644e-01	   3.2284720589329113e-01	   4.7978476272616050e-01	   2.7136816082450788e-01	   3.9617133116394831e-01	   3.4833006181108156e-01	   2.4553533334627076e-01	   3.6640469910176554e-01	   4.3919748174904838e-01	   2.3688680551327040e-01	   4.1567232722366099e-01	   4.5252942184814315e-01	   6.7738107982845308e-01	   1.5276180431975878e-01	   2.3962732483896654e-01	   3.0531538002172021e-01	   2.1691494108593493e-01	   2.7025320409290154e-01	   4.5146125422078637e-01	   1.3408617001977144e-01	   1.9751868196069430e-01	   2.9358348517131476e-02	   9.5914807586567979e-02	   5.2828289215310509e-01	   5.3331285893788749e-01	   7.3595285274868072e-01	   4.3359986848229898e-01	   6.0428831537044203e-01	   3.2259026806421115e-01	   4.6293120868514101e-02	   1.5782900646202280e-01	   2.8398500632104257e-01	   2.8333884205021453e-01	   6.4694089470661409e-01	   4.4832544477702641e-01	   6.6184706377217573e-01	   5.0058738248763024e-01	   6.2340009892083303e-01	   5.1198690456130225e-01	   2.2505639015729439e-01	   1.6539804938211530e-01	   3.6487188046236008e-01	   2.8396982754495131e-01	   1.9043960581675690e-01	   8.0290460033782721e-02	   2.3059409954283488e-01	   2.6088379047402865e-01	   4.0617489437530907e-01	   1.8941099213582541e-01	   1.6671688764101858e-01	  -2.0546905501858154e-01	
   5.1779625422466702e-01	   3.7385642770905692e-01	   3.3066380311864685e-01	   3.2146059964887835e-01	   9.0572663623654992e-01	   6.3718455087095294e-01	   8.5653535132804748e-01	   6.2326558788623998e-01	   0.0000000000000000e+00	   8.4181112574544825e-01	   5.3491137183349813e-01	   4.8837314532341586e-01	   4.5044997234816347e-01	   1.5426770720814947e-01	   2.8102443529816823e-01	   2.6220509067443848e-01	   9.9626791052787975e-02	   1.6651254442814228e-01	   3.0253413354390352e-01	   2.6966727411113667e-01	   1.4850110950921405e-01	  -2.0529497874761830e-02	   5.3579988777526150e-02	  -3.5494530383087475e-02	   1.1334819654598374e-01	   4.1706010257056864e-02	   3.4724241627293839e-01	   2.7674625968395017e-01	   1.1480177292222378e-01	   9.4555708079488709e-02	  -6.6301195557347953e-02	  -1.6634146151146054e-01	   5.3782404834914241e-02	   5.9040627658233175e-02	  -1.8343885260170537e-01	  -1.1162392509409073e-01	   8.0220515500793090e-03	   5.7962803425658776e-03	   1.7114814255401195e-01	   9.7247046500234205e-02	   2.5998443942711269e-01	   2.7833157834388089e-01	   5.3471818070413610e-02	  -5.5980198689625282e-02	   6.3480209145703750e-02	   1.1198868655724553e-01	   1.5359384590132313e-01	   2.5819048533000566e-01	   3.6452844261933726e-01	   4.1623532696940452e-01	   4.0824066867717673e-01	   3.5342188236551181e-01	   5.2341286864958514e-01	   4.4992503512993692e-01	   3.0401419786991751e-01	   2.4976805751670828e-01	   3.3378277629655012e-01	   3.3747471392586575e-01	   5.4091171643161107e-01	   4.8054990133166220e-01	   9.9334442660246203e-01	   7.8493389282697279e-01	   8.2225324731040744e-02	   1.0506340783993504e-01	   1.5578140686508188e-01	   1.3555610560493150e-01	   1.9886646788685811e-01	   6.4245896736835395e-02	   3.0114139959447417e-01	   3.2243429480524821e-01	   1.8650700457665420e-01	   1.0726937778985887e-01	   3.0480110795892323e-01	   3.2589741972758468e-01	   2.8109401119399469e-01	   3.4825644749566576e-01	   3.8468703934848580e-01	   3.9259079607059610e-01	  -7.3111407209703327e-02	   5.7996070469452071e-02	   8.0800019000176054e-02	   1.5534601277876650e-01	   1.6718107742739857e-01	   1.9074076144268870e-01	   1.6822016904574327e-01	   9.7052357416789983e-02	   1.0964155859136135e-01	   5.2041953093094340e-02	   7.3132420056115555e-01	   6.4645109520901767e-01	   4.4290530338825690e-01	   5.7500738732434786e-01	   2.3883998663362627e-01	   4.2203192689907976e-01	   1.3154198418533342e-01	   1.8710156079003848e-01	   1.5069787976885307e-01	   2.2990072638837811e-01	   4.3682867285355720e-01	   4.6028238636417196e-01	   2.9380050919157802e-01	   7.3164092351330523e-01	   3.9555504490462223e-01	   6.2303131668559597e-01	   7.1697909618408995e-02	   1.1987425537728329e-01	   3.0927705425095725e-01	   2.7879761786406065e-01	   8.1636248426913166e-02	   6.5121846072436956e-02	   7.2819055322623880e-02	   1.1386755584576895e-01	   2.3153472549707754e-01	   1.2292399180367447e-01	   6.6698053360165557e-02	  -2.1227815939466033e-01	
   3.7537475791505354e-01	   3.2046366120529202e-01	   4.8543888997172678e-02	   5.3274908250388053e-01	   5.8765755797015629e-01	   9.5582542151594763e-01	   4.5312283763625932e-01	   9.4796329098886767e-01	   8.4181112574544825e-01	   0.0000000000000000e+00	   3.2518803223856929e-01	   6.9325507817837839e-01	   2.0810116353367314e-01	   2.7642349114947617e-01	   1.3064519387690715e-01	   5.7288709687173056e-01	   2.4294373514324225e-01	   2.4335536033648963e-01	   1.8597653003312092e-01	   3.0658654742104802e-01	   4.3643221666438740e-02	  -2.5613495865212620e-02	  -3.6932768920959570e-02	   8.3144411435793611e-02	  -2.4710153326271377e-02	   8.6485678518828560e-02	   8.8311796979852059e-02	   1.8699136296134286e-01	   1.5872632082617585e-01	   2.9332539655321965e-01	  -1.9750620542614339e-02	   2.0316614220970117e-02	   1.4695368497472810e-01	   2.6026902195952129e-01	  -1.2165900881865126e-01	   1.1162201829176256e-01	   3.7681786620643101e-02	   1.5215990074148847e-01	   1.9642798413618934e-01	   2.0723050785215066e-01	   1.8126900663244244e-01	   2.3848585284996379e-01	   1.5008683621800128e-01	   8.2455679617626065e-02	   1.3412703414730576e-01	   1.9510800571188247e-01	   2.1234989461263107e-01	   2.8488851048052721e-01	   3.6705292443983939e-01	   4.6239033234782706e-01	   3.6624312617692462e-01	   3.3681784425650402e-01	   4.6070047406765874e-01	   4.2669150808561296e-01	   3.0236078761829505e-01	   1.9739345344526241e-01	   2.7284330618160069e-01	   2.4398128242527198e-01	   3.6931450821870310e-01	   5.7213453869469244e-01	   5.9477729645526800e-01	   1.0071396705516824e+00	   1.5833669691655447e-01	   3.6988323553644942e-01	   5.5676672682715998e-02	   3.7961466188521931e-01	   1.3359690202873944e-01	   1.9367376087981966e-01	   1.6167715215327899e-01	   2.7853591147511869e-01	   1.1199681012058225e-01	  -5.3501152829548955e-04	   2.2456165021937013e-01	   3.2941956493486635e-01	   1.9557594937440870e-01	   3.1535477446062077e-01	   2.1059469022424665e-01	   4.1878086097870004e-01	   1.1133650611888693e-01	   1.3184569453128409e-01	   2.1315309241985872e-01	   1.6146132609386984e-01	   1.4083009946236449e-01	   3.3094244376482107e-01	   3.5249261160681666e-02	   1.5739527627072836e-01	   4.3459853506234072e-03	   4.7800433960172764e-02	   4.9385439437542056e-01	   5.7755505226892767e-01	   5.8175700357340498e-01	   3.0907131930664505e-01	   4.3842412213172188e-01	   1.7658192327631045e-01	   1.1150835564701173e-02	   1.3485414216052471e-01	   1.8340059479793336e-01	   1.9229940238069010e-01	   4.5738540506230829e-01	   3.1501231278115760e-01	   4.2852797801595888e-01	   3.6625647167370318e-01	   4.3661022028477803e-01	   3.6230482153984628e-01	   1.8620374832175365e-01	   9.5389987911894611e-02	   2.0932073830087328e-01	   7.7425528780919795e-02	   1.0871101162921584e-01	   5.4023221246370629e-02	   1.3878388728607483e-01	   2.0584538930796742e-01	   2.8948641586030455e-01	   1.6453962332052455e-01	   1.6213705271848350e-01	  -7.8496479247263953e-02	
   6.5045517560539023e-01	   5.9944137513706297e-01	   5.1102336386216707e-01	   3.9432828804435832e-01	   4.1214701800765502e-01	   2.6758091152395458e-01	   6.3800266035791198e-01	   3.1905328819997858e-01	   5.3491137183349813e-01	   3.2518803223856929e-01	   0.0000000000000000e+00	   6.0524511422805527e-01	   1.0755120886929315e+00	   4.8315002652008732e-01	   5.0095774258517767e-01	   3.9217869351187512e-01	   5.8802047050200723e-01	   6.0805318177943435e-01	   7.0075999129818145e-01	   5.9952565962705928e-01	   3.5721574522019350e-01	   1.5449414757209093e-01	   3.4788560745387359e-01	   2.8852185144950770e-01	   2.9968251082949915e-01	   1.8567994973670865e-01	   3.7639786336568465e-01	   3.9500184549213385e-01	   4.4929634178153333e-01	   2.8542131580848812e-01	   6.3237917001058436e-02	   1.6137634521330012e-02	   3.1766338144179163e-01	   2.7513102819849100e-01	   3.4962314816568842e-02	  -1.4894861656799726e-02	   1.8138097989422863e-01	   7.6096090948339329e-02	   2.8323973428184163e-01	   2.8626345123872610e-01	   4.8708691211861310e-01	   4.2174187812051894e-01	   1.8195188363307380e-01	   1.6447594615528524e-01	   2.1905942161699105e-01	   2.8555451554127409e-01	   2.5153371825234716e-01	   3.6113343098785428e-01	   3.6385635230082436e-01	   3.6655850949724489e-01	   5.5448176441213548e-01	   4.7237345976746559e-01	   4.5938474108970873e-01	   6.1590981503791287e-01	   4.3568902405986176e-01	   4.6523892391340749e-01	   4.4368133268434695e-01	   4.7255670384542947e-01	   4.5505021662691758e-01	   3.7121813399728315e-01	   5.7819173843185845e-01	   3.6608017237654017e-01	   6.7200133930449180e-01	   4.8310608713054604e-01	   3.0258150260144101e-01	   2.0058692496524014e-01	   3.8668059105697777e-01	   2.0212278526887723e-01	   4.6737117650678378e-01	   4.1004743798628640e-01	   1.8201050360671925e-01	   1.0331460162504465e-01	   6.3767725351094062e-01	   6.1073931269653858e-01	   6.0059557884033465e-01	   4.9235763103253316e-01	   6.3068101486223882e-01	   4.7266496864074992e-01	   3.2667500519709813e-01	   4.8868162159160816e-01	   5.7417539343072821e-01	   5.8752182914877882e-01	   3.3454811858429545e-01	   3.5703983140136558e-01	   5.2775166213979074e-01	   4.5083604888125162e-01	   3.2426012703425028e-01	   3.1701573224626933e-01	   6.5675235037066793e-01	   6.9614480108330457e-01	   4.0785732154490861e-01	   6.8088412936633924e-01	   2.2920144744534138e-01	   4.7014265757474138e-01	   1.8738442334996300e-01	   1.8132254398967126e-01	   3.7852957242266849e-01	   3.5480075548082507e-01	   5.0535259286204615e-01	   5.8517108610225665e-01	   3.1028935861100876e-01	   5.6831943094565462e-01	   5.2191388715398279e-01	   5.7540756011852190e-01	   1.6819289726852793e-01	   2.0514902774640106e-01	   3.0691573846270370e-01	   2.7355683397508523e-01	   2.0166982078170959e-01	   2.4082642945820004e-01	   2.4120912102519104e-01	   3.3624173230807375e-01	   2.5860890985902718e-01	   1.4519258722487355e-01	   1.9009826149296916e-01	  -1.5423986020573041e-01	
   5.1701115331353731e-01	   5.1226887867629889e-01	   1.1122615452275939e-01	   4.9726781779271284e-01	   2.3586988118648111e-01	   4.5481327914757597e-01	   4.0735307022545209e-01	   7.8169281747769193e-01	   4.8837314532341586e-01	   6.9325507817837839e-01	   6.0524511422805527e-01	   0.0000000000000000e+00	   4.5506064072062696e-01	   6.6304094311766326e-01	   2.3607202505319883e-01	   7.1286739138481880e-01	   4.5610266424897133e-01	   5.2207541047606987e-01	   3.1737372373597550e-01	   4.3818252686418230e-01	   2.9345802501090290e-01	   2.7200510185239740e-01	   1.0129555804648943e-01	   2.2869793485784917e-01	   5.6769663230941306e-02	   1.7327012733560437e-01	   4.2983077990689927e-02	   2.1166461147279281e-01	   4.4972482998305113e-01	   5.2961552110845866e-01	   7.2730882312178280e-02	   1.2310860331975887e-01	   2.3315075626312221e-01	   3.8984915922551533e-01	  -3.8443649580916978e-02	   1.9003129909443944e-01	   3.1674717184642559e-01	   3.9512375677533146e-01	   3.8930920587112183e-01	   4.1692983543362350e-01	   5.6495721365467089e-01	   5.8846516486402767e-01	   2.5532955459020307e-01	   1.6702118930880855e-01	   2.2917990809331695e-01	   3.3669648273988073e-01	   3.4802366173584059e-01	   4.1509415913008985e-01	   6.7296938094739300e-01	   7.6416068672215487e-01	   6.2978921096432283e-01	   5.9674798234005344e-01	   6.0792034023382835e-01	   6.2698315878245459e-01	   5.0794464632864167e-01	   4.4357397741699561e-01	   3.6154951310737499e-01	   4.3114014666444511e-01	   5.8882023941867934e-01	   7.3636023915420556e-01	   4.9915441121850096e-01	   7.6256354754570710e-01	   3.7844699614133159e-01	   5.9961315474922461e-01	  -1.0205393357963775e-01	   1.4580964763661150e-01	   3.2716384419824501e-01	   3.4597240219319897e-01	   1.5470013513637768e-01	   2.8841981228501146e-01	   1.3073525500142813e-01	   5.1612894614419348e-02	   4.1151494103332981e-01	   4.8623765474122516e-01	   3.0863127716204924e-01	   4.1289453270204812e-01	   4.3320122528700156e-01	   5.9152034203849890e-01	   2.8926272169314066e-01	   2.8866010947929954e-01	   5.2919996440937267e-01	   5.2599621164319732e-01	   3.6884668702298906e-01	   5.6249322587466255e-01	   1.1868755582929326e-01	   3.7124551043493736e-01	   1.7219138631436307e-01	   3.1761027773938949e-01	   5.1612511526290072e-01	   6.7509143687730933e-01	   5.4599785207151108e-01	   3.2253059151737890e-01	   1.9069842438895995e-01	   6.4486016662833781e-02	   7.3790551930922446e-02	   1.5363688982999926e-01	   2.6457654061657210e-01	   2.5063654596647389e-01	   5.9397223917757569e-01	   4.1580080031820355e-01	   4.9708051060717512e-01	   3.2968483863251447e-01	   7.1541124775460840e-01	   4.6627772918875154e-01	   3.0240872917917716e-01	   1.4598689564576917e-01	   4.1127815382500038e-01	   3.0047250670315634e-01	   8.6926660882614748e-02	   1.0968472876565433e-01	   1.1841576965798882e-01	   2.3187805767110725e-01	   3.6186188406630865e-01	   1.3886249461166689e-01	   1.1314308254660999e-01	  -1.5290288364326418e-01	
   3.7195695427692782e-01	   3.2019761062040070e-01	   4.2825060175132029e-01	   2.0703891993418347e-01	   2.0561454870074258e-01	   9.0487212360096880e-02	   4.4518947062090858e-01	   2.3834040206067092e-01	   4.5044997234816347e-01	   2.0810116353367314e-01	   1.0755120886929315e+00	   4.5506064072062696e-01	   0.0000000000000000e+00	   6.6739816410511865e-01	   7.0048059762847359e-01	   4.6758498199020598e-01	   3.7870671611141238e-01	   4.0391439067987284e-01	   4.7273259545538554e-01	   3.2486467501152150e-01	   3.1607553564712942e-01	   1.3133171699559162e-01	   4.1285875116543802e-01	   2.5865997588331224e-01	   2.9282129395421963e-01	   1.4024341212778474e-01	   3.5922434875094189e-01	   2.4427173464543980e-01	   3.9301989833593254e-01	   3.3223382864424128e-01	   1.0051099707203751e-01	   2.1595991375910818e-02	   1.9274145001571871e-01	   1.9015524071616471e-01	   1.0844161239694164e-01	  -4.9341800373242227e-02	   2.1451136793816528e-01	   1.0302113192491347e-01	   2.0649735979054484e-01	   1.6357034559352243e-01	   4.7178411378648810e-01	   3.5675934313808011e-01	   2.3432005070913131e-01	   2.2405975458732885e-01	   2.3642028440331098e-01	   2.2976790257708854e-01	   2.5774195189960214e-01	   3.1644931401882198e-01	   2.6962410663581576e-01	   2.7468288896372994e-01	   3.5777758963118733e-01	   2.5835009562730593e-01	   1.9783868676180794e-01	   3.2643751885101913e-01	   1.9242275948425827e-01	   2.3950685569232433e-01	   2.3286418524556479e-01	   2.2543228668262755e-01	   2.4689957306665672e-01	   1.4902716014769396e-01	   3.5462051283063933e-01	   1.9274485521470450e-01	   3.6353622943302039e-01	   2.0561832950807199e-01	   3.3499812269477031e-01	   1.0419601020679566e-01	   1.7023634574604163e-01	   1.7583279766275835e-02	   2.3823387021012110e-01	   1.4758036974293812e-01	   3.2163481668137317e-01	   9.4535448982752110e-02	   5.4366545500210162e-01	   4.7167036262218504e-01	   5.7330312777915837e-01	   4.4289979106615984e-01	   4.6382246600692911e-01	   2.8355944373028241e-01	   2.3122800571255114e-01	   4.2890214525536918e-01	   3.8441863408035803e-01	   5.0485193875182155e-01	   4.0028455457250278e-01	   3.5415781256195922e-01	   6.4048133386532269e-01	   4.0494695971178485e-01	   3.2393711670434222e-01	   3.4683059687872891e-01	   5.1932071455362783e-01	   4.3573826690385159e-01	   1.6524582962567791e-01	   3.8188971739181343e-01	   1.0516641869870993e-01	   3.6821276103795031e-01	   2.1808604562121212e-01	   9.9828468777584237e-02	   2.4494033268121229e-01	   2.3379625927393616e-01	   2.6526015466012798e-01	   3.2812746710701740e-01	   1.6615380612093397e-01	   3.3107611469978376e-01	   3.3197227478569696e-01	   3.1305871760966386e-01	   3.5427703811357097e-02	   1.3497426306540708e-01	   2.7426596143924586e-01	   1.8841289997107305e-01	   1.3729867784694952e-01	   1.8733089508339082e-01	   1.0246552557902740e-01	   1.6061457584693453e-01	   2.1788777720413563e-01	   1.8771758893153434e-01	   2.4292787671349747e-01	  -2.2640784619977997e-01	
