   0.0000000000000000e+00	   8.0625155743518673e-01	   4.3650963895706169e-01	   3.3919173329531910e-01	   3.7784925797693569e-01	   3.3105787203279458e-01	   3.4843712730165965e-01	   3.9323563100893622e-01	   1.0603736071393285e-01	   1.0449766891893113e-01	   6.8360000784295138e-01	   6.2382581984629693e-01	   5.1872600273596803e-01	   5.1820831048484106e-01	   4.2590498198307464e-01	   3.1506659862758685e-01	   7.4926264987883318e-01	   8.2600692023204969e-01	   8.5798846784091398e-01	   6.1150693991435712e-01	   6.5470607066737452e-01	   6.7008613061248345e-01	   5.7922472368040911e-01	   3.8986889868500474e-01	   4.9631839336123085e-01	   4.6999630587926672e-01	   4.8050135679103578e-01	   4.2163213470957750e-01	   7.8171811648049117e-01	   8.5878591178503316e-01	   6.3999051577353605e-01	   5.5688708884579441e-01	   8.2982889183895747e-01	   7.8734413818747551e-01	   3.8837838006207870e-01	   3.5420685692030540e-01	   2.1088519296733366e-01	   3.5582299076936041e-01	   3.9444406208532845e-01	   4.1917192767053724e-01	   4.1962417242371819e-01	   2.8823173891259524e-01	   4.7166453125313779e-01	   4.3929496539861579e-01	   4.6798722721519803e-01	   4.3141573138679989e-01	   4.5111084715173594e-01	   4.6110806990338193e-01	   6.1076697765024501e-01	   3.9061471053470997e-01	   3.3821757012857656e-01	   3.5130722141803428e-01	   2.4778029182708111e-01	   2.3195453619792664e-01	   3.7576127133412490e-01	   3.7302956226865969e-01	   1.4145722684384632e+00	   7.8355947436072804e-01	   4.9525978369312440e-01	   4.7101887499693351e-01	   3.2767469974765917e-01	   9.6663222899522103e-02	   4.6753496124555649e-01	   1.5784484938747850e-01	   2.7622628341843047e-01	   1.9905450653618179e-01	   5.7918885501141237e-01	   4.7163343306371003e-01	   4.5164668870615005e-01	   4.6150663982033063e-01	   1.7055623886710208e-01	   2.3602560405321169e-01	   6.6713386465330127e-01	   7.0079249131445231e-01	   4.6453447348814114e-01	   4.8088242279696225e-01	   4.3488905760046220e-01	   3.7212556610572434e-01	   5.2990444490881916e-01	   7.0475291683183083e-01	   4.7780332678740173e-01	   5.5461821104621034e-01	   6.2217026197739911e-01	   5.1793167281982000e-01	   4.8750089460083312e-01	   3.0294581248938462e-01	   6.4927405267081306e-01	   4.8521969341970034e-01	   2.9250868050798806e-01	   2.8468076629371858e-01	   3.0889360914855490e-01	   1.2925391771663544e-01	   1.7793634385611964e-01	   3.1495897194600475e-01	   1.4814060085445319e-01	   1.3653466496873790e-01	   2.5094647075169929e-01	   4.1368213965602330e-01	   2.5848280845566207e-01	   3.9319972189540037e-01	   3.4702870111911821e-01	   4.7400480111258186e-01	   2.8469564977600076e-01	   2.2833537702341303e-01	   1.7030673624763770e-01	   1.9041439378937511e-01	   2.3076480084265605e-01	   6.2370819923940217e-02	   1.0460167477532261e-02	   7.5250435135599744e-02	   2.6348344014338265e-01	   3.7809545387121574e-01	   3.3556377621870602e-02	   2.8681798570148265e-01	   2.2231267079655931e-01	   2.9631450740294751e-01	
   8.0625155743518673e-01	   0.0000000000000000e+00	   6.1965982572585177e-01	   4.7362801306230484e-01	   4.9367048212060394e-01	   2.4271670848306523e-01	   3.8814184785788741e-01	   2.7553131136778658e-01	   3.0104912010216661e-01	   8.9515185316940971e-02	   3.4314166466603879e-01	   5.7710311955088334e-01	   5.0381123471622780e-01	   4.3810787416591818e-01	   6.5399950994238576e-01	   4.0081766581120037e-01	   6.4463755043073490e-01	   8.8972243906830029e-01	   9.3759733267000411e-01	   9.0302031429906160e-01	   7.5734169314745392e-01	   6.9213241550352533e-01	   6.0173158597299636e-01	   4.6624090647746858e-01	   7.3437409368474160e-01	   6.6874114758866887e-01	   7.4569727746095549e-01	   6.4117921866313599e-01	   6.7385531656795905e-01	   8.6594715279867152e-01	   7.4156415984890067e-01	   5.6072090202682423e-01	   8.0320676414381420e-01	   8.7795250571900307e-01	   5.2964813976180325e-01	   5.7664331578067729e-01	   4.4568665679423902e-01	   5.5064330181558829e-01	   5.0299082481591750e-01	   5.7771578172026627e-01	   6.4636837707511119e-01	   4.8470809549989041e-01	   5.9504569774240668e-01	   6.1237207279265027e-01	   6.2295367502902410e-01	   6.0803532101932078e-01	   6.8914761307911243e-01	   6.8130410720691648e-01	   4.6650831599995862e-01	   4.3544190495877227e-01	   3.8979400335781544e-01	   2.6310714860951218e-01	   2.2595983434666406e-01	   2.7130392614198112e-01	   5.4896448533771824e-01	   4.9831764794458877e-01	   7.8892262308904471e-01	   9.9647134816553751e-01	   2.2887412564623569e-01	   3.1981144306113840e-01	   2.4765728363739498e-01	  -7.8426725985405246e-02	   2.0826018980990296e-01	  -1.5193742127984286e-02	   2.7956580924218932e-01	   1.6723187633940595e-01	   7.1838202414381880e-01	   6.4993593094819302e-01	   7.9608396912245649e-01	   8.1336429069710470e-01	   3.9637946472506902e-01	   4.4080967156322109e-01	   8.0284540106646451e-01	   7.2565114558152977e-01	   6.3043607953029923e-01	   6.0439301015694891e-01	   6.0408561816133877e-01	   5.7335321138991591e-01	   4.3652132698077883e-01	   7.5017625161249168e-01	   5.0223743469712423e-01	   5.5979199286897574e-01	   7.1669461686273828e-01	   6.7244629836847869e-01	   3.9326869786878388e-01	   3.6642537920129764e-01	   5.4799165540955952e-01	   5.3884541402597774e-01	   4.1280669491854988e-01	   4.1072267773621673e-01	   2.9570588851706542e-01	   2.2762880631399510e-01	   2.4732049143480872e-01	   4.0528254945489334e-01	   1.4918325048039158e-01	   2.7842994809875532e-01	   5.3873850886954322e-01	   4.7528135406675664e-01	   4.4368447330252458e-01	   4.4456942056036852e-01	   1.0661115325633821e-01	   3.6774192003896367e-01	   1.3563010658682401e-01	   1.4483212169804752e-01	   3.1389580138082829e-01	   3.2917107253603101e-01	   3.4640627530172619e-01	   7.0051318598946810e-02	  -2.6715799722554844e-02	   3.6234217337436800e-02	   4.0526227569840712e-01	   5.1114174820996539e-01	   1.8362314409181579e-01	   2.8843251832730749e-01	   3.0400552281670451e-01	   1.1976408192090583e-01	
   4.3650963895706169e-01	   6.1965982572585177e-01	   0.0000000000000000e+00	   1.2542252482467806e+00	   1.1129976081524338e+00	   8.8324551357227010e-01	   1.3069990166758423e+00	   9.5988402397704475e-01	   1.0601682651158733e+00	   8.6544892181597399e-01	   4.1321728161383042e-01	   6.3694300555281358e-01	   7.5733400961345987e-01	   7.9522198914026576e-01	   9.2420962061693646e-01	   6.2169220045375917e-01	   2.8974714822951125e-01	   4.2457310971065287e-01	   6.9361147599335826e-01	   5.2210084466347662e-01	   7.8168683156946739e-01	   7.0759082742268586e-01	   9.0773782176334372e-01	   6.8646744070490584e-01	   9.6147146918010307e-01	   8.9687130419893391e-01	   9.9861774436147888e-01	   9.6391473027726615e-01	   5.1562500280048718e-01	   6.0826617276292616e-01	   7.6790063857932345e-01	   7.6451531856812405e-01	   7.1888024217965218e-01	   8.2205169538927225e-01	   8.6868159873686457e-01	   7.1362534401484778e-01	   2.5002308513677751e-01	   3.4619409011022456e-01	   5.8123018381387170e-01	   4.2239734654762207e-01	   4.6042052809903478e-01	   2.0646090996036287e-01	   6.1334036382333579e-01	   7.0885884371746000e-01	   4.3709816284725889e-01	   5.3774117786535336e-01	   5.9159270869463565e-01	   6.6848349380787120e-01	   6.6091650934438428e-01	   8.0480286849028004e-01	   8.2540689720199734e-01	   6.6459650204231702e-01	   6.2504935003216433e-01	   5.7730811245024483e-01	   6.4910349111826493e-01	   6.2207314970934147e-01	   3.3926821367661947e-01	   4.8485068475971876e-01	   5.2389067322342453e-01	   3.6980428999627341e-01	   7.7856020429025652e-01	   4.1871657542873819e-01	   4.2642109208914764e-01	   2.6514114850006298e-01	   7.9507959071902135e-01	   6.5931401709607229e-01	   1.0023327902544719e+00	   8.4668273282166850e-01	   3.2013786005400890e-01	   4.5108781073376675e-01	   3.5815609718891023e-01	   3.6650915961687425e-01	   3.8538944527985269e-01	   4.4809106782339153e-01	   3.7696486978624100e-01	   4.5600487329787570e-01	   5.2501300002818951e-01	   5.9052295081472350e-01	   2.4212084801415384e-01	   4.6010823435541304e-01	   4.2127040779435160e-01	   5.9308825600877668e-01	   6.5916625438131748e-01	   6.9109187887990653e-01	   5.0444598718383193e-01	   6.1842515820375932e-01	   5.2316306387170441e-01	   5.7728262678770936e-01	   5.8816117682488911e-01	   6.6330359855821552e-01	   7.2488293876545462e-01	   6.3652431972338341e-01	   6.3065494108590370e-01	   8.2183750881703876e-01	   7.2357841024279917e-02	  -1.9244579177250507e-02	   1.5452163799960766e-01	   1.8801338390185240e-01	   3.1256016075857196e-01	   4.6737400884840519e-01	   3.9973141588666006e-01	   4.3981100162984682e-01	   2.6440731443034293e-01	   3.6613245928248772e-01	   3.3856993749094672e-01	   5.3305735175020774e-01	   4.5358134041173781e-01	   1.0589424985539420e-01	   3.7831613789871883e-02	  -5.5073479450109604e-02	   2.5614695450323555e-01	   3.7390261618431475e-01	   1.9120821301644819e-01	   1.8660611075191905e-02	   1.4356533288063134e-01	  -4.0613707904428066e-02	
   3.3919173329531910e-01	   4.7362801306230484e-01	   1.2542252482467806e+00	   0.0000000000000000e+00	   8.5180386490028315e-01	   1.0206270250451837e+00	   9.6050607818314782e-01	   1.0735760545206561e+00	   9.8285727562349490e-01	   1.0096811964568255e+00	   3.1575287124840679e-01	   6.2644224280682059e-01	   5.9042862591034062e-01	   7.7071521139385857e-01	   6.9723184458805965e-01	   7.0330285925779179e-01	   1.6570834782307620e-01	   3.2336122735114226e-01	   5.4011850974174536e-01	   4.5715074622282237e-01	   5.7273898406652790e-01	   5.2312458483496171e-01	   6.9492487709934492e-01	   6.8265121245667038e-01	   7.6526027387617146e-01	   7.8631643595603784e-01	   7.5718281570686852e-01	   7.1115885215011310e-01	   4.1173080695832259e-01	   4.8344550192075603e-01	   6.0178028713707188e-01	   7.4063267876335281e-01	   5.9639432600197073e-01	   7.4298414618325903e-01	   7.1542158757248009e-01	   6.4737416295893568e-01	   1.7083578599945365e-01	   2.6991156051443321e-01	   4.0487846004644662e-01	   3.8870910129008729e-01	   4.1933116505376344e-01	   8.3733405886987161e-02	   4.2223698368844914e-01	   4.3247822869107488e-01	   3.1839507150955870e-01	   4.1769603241145098e-01	   4.2682092833365520e-01	   4.4209676315554297e-01	   4.9810258342648228e-01	   6.5058004158891369e-01	   6.4608949339575372e-01	   5.3990561759795952e-01	   5.6583766924549639e-01	   5.1626877045206632e-01	   5.5272503060970002e-01	   4.9952904268127518e-01	   2.6487450539053475e-01	   3.9361693595821934e-01	   4.4615517028020668e-01	   2.8630752476796406e-01	   6.8000504815660112e-01	   5.3436730892420925e-01	   3.5224780669334499e-01	   3.4491690897237010e-01	   6.3364236699345067e-01	   5.9783387836059509e-01	   7.8438133355089601e-01	   7.0804801069509637e-01	   2.5782872432000314e-01	   3.3277878823861640e-01	   2.9096614566917350e-01	   3.3485680635747317e-01	   2.6994414106473008e-01	   3.7604371956259375e-01	   2.3150633860427899e-01	   3.2145410932822299e-01	   4.6962358061906961e-01	   5.1096356814611221e-01	   1.2935947324856656e-01	   3.1346067858904242e-01	   2.7021548478535296e-01	   4.5367108816596646e-01	   4.0828108972467320e-01	   5.1075859074984042e-01	   2.8446560876949706e-01	   5.2313209539009786e-01	   2.3197570467423156e-01	   3.5005490624250590e-01	   5.1181553941596736e-01	   6.5129779501298712e-01	   5.7087012778326363e-01	   5.1731426849340889e-01	   6.3577957745381919e-01	   6.4610295875667145e-01	   5.2838385100199760e-02	  -9.8019481816217172e-03	   5.9838906344576545e-02	   1.3783813121944494e-01	   2.1416976683406297e-01	   2.8722305066941300e-01	   3.8942514182254317e-01	   3.5898779772118533e-01	   1.0265787717179241e-01	   1.9326681556464020e-01	   1.9711513186032503e-01	   2.3819226259967449e-01	   3.7729480930445858e-01	  -3.9573361956853029e-02	   6.9583243736452430e-02	  -1.0811760596878463e-01	   1.2254451422422744e-01	   3.2902366625929597e-01	   2.2267323954643181e-01	  -9.2802004019975778e-02	  -2.6372142188317745e-02	  -1.3783195744961190e-02	
   3.7784925797693569e-01	   4.9367048212060394e-01	   1.1129976081524338e+00	   8.5180386490028315e-01	   0.0000000000000000e+00	   1.0685847527570502e+00	   1.0349368991781720e+00	   7.5120092120796911e-01	   1.1977587662258282e+00	   7.9012780091502310e-01	   4.2446507463117417e-01	   3.9793157553967307e-01	   6.5409203845128072e-01	   5.3542222059769518e-01	   9.2902825808429534e-01	   6.0556502261881529e-01	   2.9643522838040104e-01	   4.0889317045697859e-01	   5.9094983234438359e-01	   4.2647385219090267e-01	   5.4215455003574298e-01	   4.6540313463188021e-01	   7.0504177255119227e-01	   5.7483620564287308e-01	   7.8078549510601547e-01	   7.0263149818113269e-01	   7.3432925514943626e-01	   7.2021066941833856e-01	   5.4874785574038742e-01	   5.5848022554656485e-01	   6.1247767585350810e-01	   5.5522404171480322e-01	   5.8199782493148522e-01	   5.6409524420865897e-01	   5.3208330094197176e-01	   4.5402583329599788e-01	   1.6242837476309485e-01	   3.0266452211115780e-01	   4.6890724920824300e-01	   3.7162215619728983e-01	   3.7086699651047900e-01	   1.3668670540618441e-01	   5.1034334637546097e-01	   5.2546587563104374e-01	   3.2116931974286356e-01	   3.8993165287724735e-01	   4.9961792795724064e-01	   5.3349450912148344e-01	   4.6167390786679791e-01	   5.1565125251260679e-01	   5.1983387340222942e-01	   4.3394136342367001e-01	   4.2365132553655593e-01	   4.5888661066265241e-01	   4.8389332110599248e-01	   4.7965013802342571e-01	   3.2497689430806709e-01	   5.2158932145178050e-01	   4.3202257264744842e-01	   3.8021500709709294e-01	   6.0832662174693886e-01	   3.1313163793719134e-01	   5.1313658629109915e-01	   3.5101488341562809e-01	   6.5587090161872152e-01	   4.1227146300584372e-01	   6.7969038654710345e-01	   5.3568006089901432e-01	   3.4670689106384683e-01	   4.5497942470581160e-01	   2.8456279872761436e-01	   2.5653063168616463e-01	   3.7133087578662749e-01	   3.4239667793542583e-01	   3.1503427229757697e-01	   3.3964457697948097e-01	   4.8370719417213948e-01	   5.3333907800036373e-01	   2.8780601300389980e-01	   4.3304097115623852e-01	   4.4290294175469658e-01	   5.0051836792476356e-01	   6.4336267197851582e-01	   6.3942963659806107e-01	   4.3975659758893793e-01	   4.6254846733433286e-01	   3.7885536553086563e-01	   4.5618654024486721e-01	   5.9887867317333054e-01	   6.2566151582912344e-01	   4.5496967671530297e-01	   4.1303899038240854e-01	   3.6236630894081939e-01	   5.6893254538666205e-01	   1.8061322872138180e-01	   1.0864217101313449e-01	   1.9730366094103727e-01	   2.3838715232824223e-01	   2.1250336788180155e-01	   3.4493513379476259e-01	   3.8885125394564424e-01	   3.4367945108011783e-01	   2.8632848952847795e-01	   3.6519329288714625e-01	   3.6413860740890536e-01	   5.1096971186285334e-01	   3.2022569644165083e-01	   2.0752354002829351e-01	   2.2134753069056986e-02	   2.7256515029826511e-02	   2.4433447970346611e-01	   3.3759004580916369e-01	   1.3762342323028594e-02	   1.7809021048175021e-02	   1.8262629033313599e-01	  -4.5012973266890154e-02	
   3.3105787203279458e-01	   2.4271670848306523e-01	   8.8324551357227010e-01	   1.0206270250451837e+00	   1.0685847527570502e+00	   0.0000000000000000e+00	   9.3278470014082127e-01	   1.1920498614992605e+00	   9.6210831040750000e-01	   1.1100637117425178e+00	   3.8029101333310877e-01	   4.0071433263700412e-01	   5.4280003178644631e-01	   5.9984244817933119e-01	   6.4022282846924139e-01	   6.5913295474308697e-01	   2.7174541039397843e-02	   1.8782983628207192e-01	   3.2616275483117679e-01	   1.8853255548123382e-01	   3.1748052310712638e-01	   2.8438096747504138e-01	   4.5571249676379855e-01	   4.1084853931048770e-01	   5.4900129129225661e-01	   5.2352167922942849e-01	   5.1633919772461689e-01	   5.8192889281879034e-01	   2.8308594623163608e-01	   2.9854811952065213e-01	   4.2472869805382124e-01	   5.2057573080971098e-01	   5.2283143611407179e-01	   5.5961975686638066e-01	   5.6382406559998666e-01	   5.0955425893725748e-01	  -1.9909424385350104e-02	   1.3810549384318810e-01	   1.9592252453482958e-01	   2.5978269276868637e-01	   1.8942773027555965e-01	  -6.7154201053249873e-02	   3.9482054134744410e-01	   4.0680522430676613e-01	   2.4914829469041744e-01	   3.2287010622574658e-01	   3.6463249344014559e-01	   3.8381750479515570e-01	   4.9271852809026684e-01	   5.4224519998506848e-01	   5.1962630329075365e-01	   5.1129736607140697e-01	   4.6115529166060865e-01	   4.2258101588340313e-01	   3.9475808057602441e-01	   3.3812472041638814e-01	   2.7009968742186102e-01	   4.1246043630234996e-01	   6.0809149250558248e-01	   4.3653483531063791e-01	   6.9414395691694064e-01	   5.8074712811894202e-01	   4.9619991273684344e-01	   5.3679960439240182e-01	   5.1911476726219441e-01	   4.4648780223123208e-01	   6.1695890554927824e-01	   4.9190032992644361e-01	   1.2624731788587285e-01	   2.5257686601525686e-01	   2.4612689260272194e-01	   2.9491035470860738e-01	   1.6510565437338842e-01	   2.2953164691964328e-01	   1.0480205791384152e-01	   2.1630630800421430e-01	   3.6477306778083785e-01	   4.3060058104515009e-01	  -1.7425490220135720e-02	   1.6104776186998115e-01	   1.2230082758635843e-01	   2.5573179642970323e-01	   2.8995147769664442e-01	   2.9547282880307191e-01	   2.3108670775099260e-01	   3.5650490426623527e-01	   1.6509002894879662e-01	   2.2669992015179719e-01	   4.4380280311344655e-01	   5.5551546226602022e-01	   3.6845957464385198e-01	   3.0699702883990188e-01	   3.7707636831966279e-01	   4.6578577190231063e-01	   1.1923560818889890e-01	  -1.1500977710888611e-02	   2.1753235668436292e-02	   8.3150573650082299e-02	   3.3185569353418563e-02	   1.3782765138190187e-01	   4.1797488975848124e-01	   2.6774896401540399e-01	   2.2406011689988942e-01	   2.7437114396786488e-01	   2.3804377239134350e-01	   1.9538505457940755e-01	   3.1887580871822219e-01	   3.4632162251259882e-02	  -8.1340552924990886e-02	  -1.3012623538892215e-01	   1.0015466300994502e-01	   3.1021561036160339e-01	   6.4988878031022712e-02	  -1.4990494457892954e-02	   3.1349070589301808e-02	   5.9768593246845934e-02	
   3.4843712730165965e-01	   3.8814184785788741e-01	   1.3069990166758423e+00	   9.6050607818314782e-01	   1.0349368991781720e+00	   9.3278470014082127e-01	   0.0000000000000000e+00	   1.0370656102112552e+00	   1.4058453651251810e+00	   9.5712677069578000e-01	   5.5116442902775409e-01	   5.6879255110439109e-01	   8.5925647227039714e-01	   7.3096386229432686e-01	   1.0304341266242463e+00	   6.8105508472504062e-01	   2.2432577328833631e-01	   4.1222227143064560e-01	   6.0715721467642503e-01	   3.6334250262682866e-01	   4.3002743369476215e-01	   3.8954341323172614e-01	   6.9587292042247406e-01	   5.2806552134021456e-01	   5.5871032225889550e-01	   5.4069150791982579e-01	   5.5000975449310863e-01	   5.2409496564919145e-01	   5.0650083914682398e-01	   5.4158667614360656e-01	   5.8815963214258959e-01	   5.9052548448124109e-01	   5.1055771773247716e-01	   5.5970811413043964e-01	   5.9508458313525936e-01	   4.7498433859548261e-01	   6.1080644976223411e-02	   1.4501662533948639e-01	   2.9554228122633563e-01	   1.6160505323236729e-01	   2.7721266987255910e-01	   1.0658668061716145e-01	   4.3106991662944605e-01	   4.6728393078735564e-01	   2.9346314707069165e-01	   3.6041657314154363e-01	   3.8733669102765073e-01	   4.0486237920686763e-01	   5.2958465718655712e-01	   5.9846254357753637e-01	   6.1354885006938265e-01	   5.4829874805097178e-01	   4.3438961602043968e-01	   4.2053947333194613e-01	   3.7483586033021765e-01	   3.8380429261209048e-01	   2.9888040590609893e-01	   4.7806501570019155e-01	   5.6243355706181031e-01	   4.5295893528861131e-01	   9.3436365916843878e-01	   5.1416535179221434e-01	   6.9504863051175025e-01	   5.1551803898097170e-01	   8.1246984456125870e-01	   5.6704785003642744e-01	   6.7110966980832831e-01	   5.1090472220282779e-01	   1.6613641807947008e-01	   2.7029401590382296e-01	   2.3799096281756885e-01	   2.5877586731261792e-01	   2.9089723790845906e-01	   3.5704081703842977e-01	   2.9362183418590926e-01	   3.2027313178655964e-01	   2.7657383795104307e-01	   3.4091091810199042e-01	   1.6554500651991047e-01	   3.8002425125321398e-01	   3.3216876991638772e-01	   5.2754860513370394e-01	   4.8338239736942434e-01	   5.0245567856461537e-01	   3.9267880540148403e-01	   5.0998549548779937e-01	   3.1250841609715296e-01	   3.8695942134412781e-01	   5.1542560576926943e-01	   5.5508112888514294e-01	   3.8898885654492094e-01	   4.4803318250943358e-01	   3.4225039438230470e-01	   5.7981618067852769e-01	  -9.0803868000769537e-03	  -1.1471313926739059e-01	  -1.4497672466540006e-02	   3.2144940382565726e-02	   8.0803784055443834e-02	   2.7643264466243067e-01	   2.5104499006359587e-01	   3.3835331090587545e-01	   2.0030591992231625e-01	   3.5031343512004237e-01	   9.7034685301708556e-02	   2.4411931928136538e-01	   3.4030058782560546e-01	  -8.9218983724582937e-02	  -1.5190075431457088e-02	  -1.6394748995677363e-01	   5.6760136985239712e-02	   2.8070033050820259e-01	   2.7353440863103429e-02	  -2.1921928268386171e-02	   8.0589882582938463e-02	   1.6867178341227081e-02	
   3.9323563100893622e-01	   2.7553131136778658e-01	   9.5988402397704475e-01	   1.0735760545206561e+00	   7.5120092120796911e-01	   1.1920498614992605e+00	   1.0370656102112552e+00	   0.0000000000000000e+00	   9.1431667252773385e-01	   1.0553367502245217e+00	   3.5533076305751959e-01	   5.7500510435816243e-01	   5.6964022732060904e-01	   7.4665752044002298e-01	   5.3671400772239619e-01	   5.4862875038685965e-01	   1.2206335553670865e-02	   1.5909400803240109e-01	   3.0070178796003066e-01	   1.4182075546117265e-01	   4.4445199866885543e-01	   4.3006410124055039e-01	   4.1528971292274286e-01	   2.8678575233250608e-01	   5.6691831891694788e-01	   4.8938867027721233e-01	   5.1302234186760176e-01	   4.9959713376391546e-01	   3.0354659206401263e-01	   3.4196357854826154e-01	   4.8455812186255531e-01	   6.0292143467982773e-01	   5.2974960662318016e-01	   6.3056275296180597e-01	   6.4263974109872768e-01	   5.9981090098810075e-01	  -4.8209925611274872e-02	   6.4713170572553186e-02	   2.7819839131791108e-01	   2.0511662478437626e-01	   1.2413544664412086e-01	  -8.2463133338949099e-02	   3.2377083142883856e-01	   3.4639643660257746e-01	   3.0820995834369580e-01	   3.7447015441892600e-01	   3.3363116669790138e-01	   3.1461270861663343e-01	   6.4294029704336120e-01	   6.7958786143697603e-01	   6.0826984125629113e-01	   6.6393538247459183e-01	   4.4434698350397417e-01	   3.0818139957696095e-01	   4.0042421793733057e-01	   3.0961337606748063e-01	   3.1463421092602212e-01	   4.3615235003795816e-01	   8.2404889239445234e-01	   6.0131588409949022e-01	   9.8038142586966959e-01	   7.9773079628816912e-01	   4.5104715008410984e-01	   5.5871263560059492e-01	   5.3891607446356149e-01	   5.3217569777821960e-01	   7.4168416744020804e-01	   5.7489535841002060e-01	   4.2172300545891633e-02	   1.3514998099924597e-01	   2.1070486573088854e-01	   2.3246387460848406e-01	   1.8753407079486517e-01	   3.1339544582489093e-01	   2.1576827635165807e-01	   2.0511315201355959e-01	   2.6238001615635920e-01	   3.1851758436074568e-01	  -8.0904785516526412e-02	   7.9382619926043882e-02	  -4.8326287251524956e-03	   1.8182233044303259e-01	   1.9177080392420426e-01	   1.9253835282874621e-01	   1.4491034336605013e-01	   3.5252999212528702e-01	   1.7412450116303541e-01	   1.3099725930757145e-01	   4.0613992329389881e-01	   4.3995576719549268e-01	   3.7317736578095861e-01	   2.9780490743183280e-01	   3.8574583833059145e-01	   4.3330172888276114e-01	   3.2863173416388697e-02	  -1.7988281603900927e-01	  -5.6329967166169254e-02	   5.3035231704628878e-03	  -5.2738661487917900e-02	   7.4849553004152358e-02	   4.8157408802391100e-01	   2.6398028831586218e-01	   2.1101377352884704e-01	   1.3155871021811263e-01	   6.5053378236462608e-02	   8.7754777589564695e-02	   1.9363018954710681e-01	  -1.4380247693761877e-01	  -9.4240946430594108e-02	  -1.6927719543549485e-01	   2.4396187079753148e-03	   1.3211823988877125e-01	  -1.5803734162420705e-02	  -1.6576828060382237e-01	  -8.7644151508655024e-02	  -1.9979807720141214e-03	
   1.0603736071393285e-01	   3.0104912010216661e-01	   1.0601682651158733e+00	   9.8285727562349490e-01	   1.1977587662258282e+00	   9.6210831040750000e-01	   1.4058453651251810e+00	   9.1431667252773385e-01	   0.0000000000000000e+00	   1.1171454293398646e+00	   2.9799541959077941e-01	   3.7739988555458315e-01	   7.2575577078616216e-01	   6.0332398041481128e-01	   9.3060961630272110e-01	   6.6435599729803418e-01	   8.8732174941186237e-02	   2.2783097729420460e-01	   4.0991049767706311e-01	   2.4361397345767502e-01	   3.9101062687945193e-01	   3.4026763056508208e-01	   4.5275101232524884e-01	   3.9259214385102409e-01	   5.3436918841131265e-01	   5.0548397998990335e-01	   5.1571026402714648e-01	   5.0689164053042246e-01	   3.4752934643761324e-01	   3.7757383226434749e-01	   4.4801777214665206e-01	   4.7630404810466215e-01	   3.7689209324681183e-01	   4.3950642111999960e-01	   5.6881542027785659e-01	   4.9057608462675151e-01	   8.1470566661908633e-02	   1.5692051332581600e-01	   3.0424676659923505e-01	   1.8195759714340151e-01	   2.6392883155385816e-01	   4.0054716851338733e-02	   3.2294585046360780e-01	   3.3968546104604636e-01	   2.0009090785355813e-01	   2.8396084286421497e-01	   3.2048095785415448e-01	   3.2268005614935896e-01	   3.7941472830471185e-01	   5.1573386041004765e-01	   5.0225666333513375e-01	   4.2759238740852185e-01	   4.0154063533655432e-01	   4.0173557145528810e-01	   3.6356569722145243e-01	   3.1947448865871253e-01	   1.2172211205367504e-01	   3.7510555547671187e-01	   4.4527174614759335e-01	   3.2971286326633881e-01	   8.3396320000102397e-01	   4.8983881300449839e-01	   4.3095786759273980e-01	   4.1468287825606137e-01	   6.4962710762254094e-01	   5.1433447008194333e-01	   5.6034921005507732e-01	   4.3872065510024760e-01	   1.7977144779206070e-01	   2.5242991716170576e-01	   2.5482473274229622e-01	   2.2084092794666280e-01	   1.8195424434428059e-01	   2.1101423663492119e-01	   1.9148139003925047e-01	   1.7343769846572718e-01	   3.5346167691011354e-01	   4.0147928100981134e-01	   1.1475941249907978e-01	   2.7818839605922652e-01	   2.4465832879039623e-01	   3.6638929113412072e-01	   3.5386861533404179e-01	   4.2281429995001590e-01	   2.0581014729557265e-01	   3.8820410241763531e-01	   1.1541705468287811e-01	   2.4051705490562159e-01	   5.0022107846344177e-01	   5.5616619218698971e-01	   3.0123657398627668e-01	   3.8790194100091036e-01	   2.8957065543393506e-01	   4.6556006466909766e-01	   4.3200279594616052e-02	  -3.5041742118235623e-02	   8.3910950812844647e-03	   3.1932489803412525e-02	   1.8451699579377253e-02	   1.5186724391450993e-01	   1.8925938425755909e-01	   2.0061964554758044e-01	   1.2838409346233043e-01	   2.4748204757134787e-01	   1.2137501970349497e-01	   2.9332145742930416e-01	   2.9878684465949973e-01	  -5.7877896497575375e-02	  -9.6977752516971879e-03	  -1.3218563386307208e-01	   8.7224520502606928e-02	   2.3389072809772782e-01	   3.2220665476449598e-03	  -7.4090401455018495e-02	   6.1996984643794592e-02	  -8.8299705921412244e-02	
   1.0449766891893113e-01	   8.9515185316940971e-02	   8.6544892181597399e-01	   1.0096811964568255e+00	   7.9012780091502310e-01	   1.1100637117425178e+00	   9.5712677069578000e-01	   1.0553367502245217e+00	   1.1171454293398646e+00	   0.0000000000000000e+00	   2.6930420566237612e-01	   3.1086287308271054e-01	   4.5480402833944916e-01	   5.4557591822099161e-01	   7.0155886974627946e-01	   7.0984432507050088e-01	  -1.6651023946807481e-02	   8.2827307895703459e-02	   1.4618690694579747e-01	   3.3373895924516450e-02	   2.3632281646403691e-01	   3.3142570406471566e-01	   4.2544145399486222e-01	   3.8304796353633430e-01	   4.7074126976953884e-01	   5.1853545265152601e-01	   6.1525649284041950e-01	   6.4284651170209062e-01	   1.2406809002576297e-01	   1.6043884076675208e-01	   2.5053525152899619e-01	   3.8550043026585074e-01	   3.5924132855789664e-01	   4.1449028960556006e-01	   6.3750361308017989e-01	   5.0434024556772683e-01	  -2.2488770776178080e-01	  -4.1635750685458509e-02	   1.5799610546728765e-01	   8.5736347479201294e-02	   4.9091195213710463e-02	  -1.9848519324629421e-01	   2.9906083476102091e-01	   3.4685698893266076e-01	   1.2330471505174233e-01	   2.2385407945995650e-01	   2.3093905084052102e-01	   2.6634214336313888e-01	   3.6345943798010427e-01	   5.6274022432287030e-01	   5.4443372170264381e-01	   5.5275216588540765e-01	   4.5603870138875424e-01	   4.1451970510912450e-01	   2.8042598719285544e-01	   2.9225541954866213e-01	   6.8706760988642618e-02	   2.2243129041012405e-01	   4.9432973022248405e-01	   2.6985845725264074e-01	   7.3953591539670915e-01	   8.1277228679518965e-01	   4.0995929043272639e-01	   5.2889003997217721e-01	   7.5036605164964898e-01	   8.5196955836778343e-01	   4.9824745132559745e-01	   4.0129905295107210e-01	  -7.4298360957464251e-03	   8.1110363651342776e-02	   1.4257250360343460e-01	   8.5956594305196768e-02	  -2.9331506011257787e-02	   1.1312565900173399e-01	  -1.0971003493684715e-02	   4.7067961624597997e-02	   2.8744010253156077e-01	   2.6935632050737718e-01	   4.1165178222612099e-02	   1.3215827996446386e-01	   1.3869212157214639e-01	   2.7274242483130984e-01	   2.9694114746184591e-01	   3.2167268700676255e-01	   2.5322586947289516e-01	   3.8761733562388784e-01	   2.2689392487119608e-01	   2.4802989291035393e-01	   4.7210156286982180e-01	   5.2701544872081119e-01	   4.6286461130765338e-01	   3.4651802426451322e-01	   4.4861396680788640e-01	   4.4396337949164788e-01	  -3.9359982737710804e-02	  -2.4644054175447455e-01	  -1.7077860812836862e-01	  -1.5364248379082804e-01	   3.4346550206980679e-02	   1.8083468392665297e-01	   4.2669263609707853e-01	   2.1466463518107362e-01	   2.0252253767523881e-01	   1.8101569367127904e-01	   7.5170762288709503e-02	   1.4971339523677241e-01	   2.0815771084465629e-01	  -1.0879770393750551e-01	  -9.8677121856648627e-03	  -2.4403708911049227e-01	  -7.5037302582631971e-02	   1.0577277195497624e-01	  -2.4790839533619997e-02	  -2.5171748486354606e-01	  -1.7298660379466943e-01	  -2.2055631094509018e-02	
   6.8360000784295138e-01	   3.4314166466603879e-01	   4.1321728161383042e-01	   3.1575287124840679e-01	   4.2446507463117417e-01	   3.8029101333310877e-01	   5.5116442902775409e-01	   3.5533076305751959e-01	   2.9799541959077941e-01	   2.6930420566237612e-01	   0.0000000000000000e+00	   6.1035411827341157e-01	   8.8834491243140445e-01	   5.6595190792575756e-01	   7.2747618203404452e-01	   4.7254089869300719e-01	   4.2688154638826376e-01	   7.3916517531973558e-01	   4.7455086068203522e-01	   2.3305410861759324e-01	   1.9008812663760752e-01	   2.8352025854621099e-01	   4.3254756668774486e-01	   3.1689751053689169e-01	   1.0486971536804338e-01	   1.6554484536770084e-01	   2.8237943949285083e-01	   1.8778247071650983e-01	   6.4865504068342017e-01	   6.1624338185824901e-01	   1.8281055464624107e-01	   1.7644503887757337e-01	   3.5058605732468467e-01	   3.3899484386352818e-01	   1.9489088065664489e-01	   1.2730379960737093e-01	   6.8030633075747915e-02	   1.7003658124592630e-01	   2.7855013989829175e-01	   1.6405217956658463e-01	   3.0456195491591159e-01	   1.3236107900403266e-01	   7.8368064124742898e-02	   6.0440169607296319e-02	  -1.3411458763598541e-01	  -1.3281993429656724e-01	   4.3991852474901033e-02	   4.5481251662443919e-02	   1.6273966187162528e-01	   4.0178215908105989e-02	   1.7004610439135809e-01	   2.3548939210219055e-01	   2.7454695747009938e-01	   2.5715545084333769e-01	   2.6089420785588924e-01	   2.8697850785634860e-01	   5.0641689794706923e-01	   6.1000821988402354e-01	   4.3090904144324094e-01	   4.2183597559376740e-01	   5.7365607483244441e-01	   3.6176701339235257e-01	   9.3299576446414656e-01	   5.9678275510487599e-01	   4.5288602827841995e-01	   3.6536212038367893e-01	   9.3487071613710865e-02	  -4.7505121874803491e-02	   1.7281227373105935e-02	   6.3121145508063831e-02	  -6.8066109854230117e-02	  -1.8801384454268977e-02	   3.3614872035300819e-01	   3.5436735085516996e-01	   2.0620190080250500e-01	   2.6956720807303575e-01	   2.0913129316183932e-01	   1.4402672404407355e-01	   4.2239999486314461e-01	   5.5051586799115382e-01	   4.8819913287196354e-01	   5.9478671970629460e-01	   5.6045050737619861e-01	   4.9895013573341396e-01	   5.6050424896331652e-01	   2.4810612863182893e-01	   5.5281873833888384e-01	   4.8011876916229201e-01	   3.8880734679213463e-01	   2.5429227665773768e-01	   1.7634650854605002e-01	   4.0834555925051252e-02	   4.9154484104391633e-02	   2.1103933379193726e-01	  -2.4352707437012611e-01	  -2.7318732413652447e-01	  -2.3225183980503034e-01	  -8.3917660429091906e-02	   7.5445251532153437e-02	   1.8328410442942963e-01	   2.1079580974348699e-01	   2.5214893480015332e-01	   2.3729143955780002e-01	   2.5979511176511605e-01	   4.2428320030525747e-02	   9.6327776327313624e-02	  -1.2968507721749564e-02	  -1.9476120969356667e-01	  -1.2344936939424364e-01	  -3.0787122884360352e-01	  -2.2042833662324418e-01	   1.0537070393569975e-01	  -1.7515774397261430e-01	  -2.9468512275664951e-02	   1.0340608130772359e-01	   2.4874106308439956e-01	
   6.2382581984629693e-01	   5.7710311955088334e-01	   6.3694300555281358e-01	   6.2644224280682059e-01	   3.9793157553967307e-01	   4.0071433263700412e-01	   5.6879255110439109e-01	   5.7500510435816243e-01	   3.7739988555458315e-01	   3.1086287308271054e-01	   6.1035411827341157e-01	   0.0000000000000000e+00	   7.0861453397497198e-01	   1.3095794135529959e+00	   6.4028568497721472e-01	   8.4558810904887161e-01	   5.1793292379706724e-01	   6.9461504304096400e-01	   6.4680357178898529e-01	   5.9680755711242939e-01	   6.9875336172013258e-01	   6.8159972358919774e-01	   7.2575947147484343e-01	   6.3070582791658403e-01	   5.4606939354235640e-01	   5.6444393170187956e-01	   5.7224058580677217e-01	   4.8316797320845539e-01	   7.4523149772405461e-01	   9.5096124983215402e-01	   6.0701193814572296e-01	   5.8375539287645695e-01	   5.3732201077250741e-01	   6.2820498609074904e-01	   4.2795703883869557e-01	   3.9689631830563443e-01	   2.9013798205628721e-01	   4.3857238163913875e-01	   5.3028934738058997e-01	   5.2948166353703341e-01	   5.1109347261230464e-01	   4.1700967141276390e-01	   2.9628578163661901e-01	   2.7511091817141847e-01	   2.5721771887690198e-01	   2.7218009077717487e-01	   3.3332043099501169e-01	   2.9986505584720863e-01	   4.3712611106309690e-01	   3.9469860445188459e-01	   5.2071252290822057e-01	   4.4729861791029035e-01	   4.1862967365650167e-01	   4.8904080870534733e-01	   4.6965589199769664e-01	   5.7582124937326717e-01	   5.4201340321351232e-01	   5.6459773782481104e-01	   3.8596290272763506e-01	   4.0266571229993953e-01	   6.0785923818502019e-01	   3.9696627774664817e-01	   6.7063824489672097e-01	   4.1473838029778454e-01	   5.0299371611663568e-01	   3.5216825878240199e-01	   4.7141620427850461e-01	   3.8354811614628226e-01	   2.7506329586188050e-01	   3.1836764573694287e-01	   3.8066914454904455e-01	   4.4230409532633774e-01	   6.4179641655937880e-01	   7.6676057625605609e-01	   6.0393893392015996e-01	   6.1377653932512555e-01	   2.9292573305041059e-01	   2.8746627542712433e-01	   4.3079926050768219e-01	   5.1628199789607021e-01	   5.1036920133802754e-01	   8.3632413816800533e-01	   5.2713700916218942e-01	   7.4761006550022568e-01	   6.2741368461402913e-01	   9.1168645675817561e-01	   4.5760761081663121e-01	   6.8677639504046228e-01	   4.8796110448778363e-01	   6.1686679525048338e-01	   3.9811889013139529e-01	   3.2044546191563039e-01	   3.1517798810403819e-01	   3.8060146809348239e-01	  -9.5373623618613082e-02	  -4.5889524807414026e-02	   4.0096688241011542e-02	   1.9685262332879558e-01	   1.7479197408569822e-01	   3.7843128034498125e-01	   2.9640888614278904e-01	   2.5510929955850570e-01	   2.8629172882574239e-01	   2.6116280859414803e-01	   2.1271093477305725e-01	   1.1689678362152027e-01	   6.1757019554779143e-03	  -1.6459591795163786e-01	  -1.3062140511964832e-01	  -1.1699415230947910e-01	   4.6538280661719604e-02	   2.7272752328899552e-01	  -4.5274701529477400e-02	   4.3081195472911338e-02	   5.7191298442899337e-02	  -2.5589927583977105e-03	
   5.1872600273596803e-01	   5.0381123471622780e-01	   7.5733400961345987e-01	   5.9042862591034062e-01	   6.5409203845128072e-01	   5.4280003178644631e-01	   8.5925647227039714e-01	   5.6964022732060904e-01	   7.2575577078616216e-01	   4.5480402833944916e-01	   8.8834491243140445e-01	   7.0861453397497198e-01	   0.0000000000000000e+00	   1.0277471792503632e+00	   9.4588026820281312e-01	   5.9884484242261948e-01	   4.3256468347839983e-01	   5.4796012490789625e-01	   6.2213312977574220e-01	   3.9803922013430004e-01	   4.6023623121355428e-01	   5.2302186719014432e-01	   3.9230656456811952e-01	   2.4860061363790914e-01	   3.2703571812252274e-01	   3.1715954206356778e-01	   4.2525816238185760e-01	   3.7307427060487458e-01	   7.3781646384717214e-01	   7.2384195536481810e-01	   4.3602673199428860e-01	   3.8837924454734163e-01	   4.4102698311736838e-01	   5.0182829757586744e-01	   3.8601935658686548e-01	   2.9664953667089350e-01	   3.2103760297561607e-01	   3.8391997876745304e-01	   3.4885029004976098e-01	   2.4752748052652543e-01	   4.6869927303241815e-01	   2.4850546867836765e-01	   2.5609957061948918e-01	   2.6379023438769855e-01	   1.4370965373164857e-01	   1.9146307993589939e-01	   2.7195005811252770e-01	   2.8940351153077409e-01	   3.4776181179990484e-01	   3.4775995252452763e-01	   4.6226153990263485e-01	   3.8736099149876990e-01	   4.5237269588950468e-01	   4.2561991169018110e-01	   4.7701688455163715e-01	   4.3940116150459385e-01	   3.8254975000815788e-01	   5.4860734529369026e-01	   4.0015068218940980e-01	   2.4451665498354910e-01	   8.3629724138144534e-01	   4.0687996524181808e-01	   5.6681387772082326e-01	   3.4784710480007741e-01	   4.5852547561052159e-01	   4.9166005479545266e-01	   4.3095333629640320e-01	   3.2554179338967820e-01	   2.2767814078017787e-01	   2.8855216610920625e-01	   2.5064494252324576e-01	   3.4148174799313624e-01	   4.7710144257730802e-01	   4.2950094864202287e-01	   3.4418702920989047e-01	   4.3178277166833912e-01	   3.5832078603761625e-01	   3.5139614537641295e-01	   3.9439326890013598e-01	   6.1373663575027260e-01	   5.8465457552598532e-01	   6.7589761921191815e-01	   5.5145379540750583e-01	   5.5385107711131643e-01	   5.2488937143285952e-01	   4.1784717681250017e-01	   3.9412584687004770e-01	   4.1694752992917122e-01	   3.8138107531913434e-01	   4.0900432658822605e-01	   2.3234344233908777e-01	   2.4518102626192625e-01	   1.1585671402101819e-01	   3.4578487494951149e-01	  -1.3435006715928258e-01	  -1.3630157341273128e-01	  -4.4623106837995218e-02	   8.3030688245231216e-02	   7.2588850764294166e-02	   2.7886576780149464e-01	  -9.9053277774139511e-06	   1.9196634450837638e-01	   7.1352074893033024e-02	   2.2132302618511826e-01	   9.1406742112408207e-02	   2.8770644638323073e-01	   2.1705242066065539e-01	  -2.1290888471659333e-01	  -1.2750678924622244e-01	  -2.4094752521224422e-01	   3.0119854930999924e-02	   2.2763329594581044e-01	  -5.4731427840244755e-02	   4.9540382596546815e-03	   9.9291642655123330e-02	   2.1222759995145040e-02	
