   0.0000000000000000e+00	   1.2123649789564694e+00	   8.7781102659400445e-01	   6.7513898081139989e-01	   4.5947112236969889e-01	   2.1874320534012345e-01	   7.8445942260441304e-01	   5.3299136285374460e-01	   4.6722544716539871e-01	  -6.8899760772676419e-03	   7.8292822650973348e-01	   4.4259788922111115e-01	   8.6170896540572472e-01	   7.0482753122807962e-01	   5.3449680291659696e-01	   5.3875704460824780e-01	   7.1339577542111599e-01	   6.5861331315562699e-01	   8.6186983277352391e-01	   7.5742022306177215e-01	   3.7794886886343093e-01	   4.7040589166493851e-01	   6.0782994393788115e-01	   4.6927783009164442e-01	   4.1021499674236578e-01	   3.6508445590307698e-01	   2.5126077488569187e-01	   2.7761763249004773e-01	   8.3180110400088125e-01	   6.0074657161478939e-01	   5.5710191183843727e-01	   4.4445520419450724e-01	   7.7206309887269631e-01	   6.6876504485930333e-01	   3.8676383109177942e-01	   2.6351553730067234e-01	   1.0304522536708928e-01	   3.4619070931997842e-01	   4.9659276236026417e-01	   6.4281836767394640e-01	   2.4093372205525956e-01	   5.5343965099628933e-01	   7.8247333286005161e-01	   7.3159318179108768e-01	   6.0010686091079779e-01	   6.0061105631933143e-01	   8.2212444972697030e-01	   8.7581298560743615e-01	   6.9730081842128178e-01	   8.6772360716910413e-01	   8.7168081496114214e-01	   1.0385429719464705e+00	   8.0160764048052835e-01	   8.2510195721416779e-01	   8.8238438772384942e-01	   8.5594282209876571e-01	   7.4650133470598568e-01	   7.5262129252914456e-01	   7.7294785866035598e-01	   7.3109089395255333e-01	   8.3222966559903511e-01	   3.6998622482960875e-01	   7.1279394705192378e-01	   4.9590676592945770e-01	   6.2292886309202500e-01	   4.8583176956752711e-01	   6.3532536630441239e-01	   5.3616633173368244e-01	   8.6149843056097919e-01	   6.9029807280811972e-01	   3.1925492148928936e-01	   2.8188234600001105e-01	   4.1168439228240666e-01	   3.4737136833338222e-01	   4.4429368420750059e-01	   4.0332691826546896e-01	   6.3108977638280972e-01	   5.7560222135948769e-01	   8.0090500437210477e-01	   7.0274504113018321e-01	   7.3473370350420830e-01	   7.6212766261257847e-01	   9.3472889129930170e-01	   8.0844381084074279e-01	   8.8685423210919123e-01	   8.8321164741220393e-01	   7.0671908257211602e-01	   4.2715639227307534e-01	   8.9701533926531907e-01	   9.7090450398119188e-01	   4.0430771050703723e-01	   6.3079993754236319e-01	   1.2351695666000453e-01	   3.7957946904712736e-01	   3.4193514007542725e-01	   6.7514321461288895e-01	   7.0691472051541515e-01	   7.2914157775886790e-01	   6.9304922818071091e-01	   9.7670222698562115e-01	   2.6895468192497185e-01	   4.1194009165356971e-01	  -6.3737785157168035e-03	   1.0891544818220446e-01	  -6.2221418866168887e-02	  -1.9076264523835623e-01	   2.8937739675492946e-01	  -5.0441822711281739e-02	   4.4205385941428393e-02	   4.3482939799843756e-01	   6.7140369360113061e-01	   5.7486411685938110e-01	   3.3499047955647437e-01	   3.7630795860711919e-01	   1.9293510121964877e-01	  -3.9587261991814310e-01	
   1.2123649789564694e+00	   0.0000000000000000e+00	   4.7972523654382188e-01	   3.4889367332870502e-01	   4.2951593893296253e-01	   1.5614010065242007e-01	   3.8223252593258217e-01	   2.2424420919837545e-01	   2.7933517862681828e-01	  -5.9326582790939025e-02	   4.0779124015918078e-01	   1.2368372867792210e-01	   4.2509912766553515e-01	   3.4103942440148904e-01	   3.7443000292107559e-01	   3.1553768784416636e-01	   8.8515755646044980e-01	   9.4088631842522463e-01	   6.2550334533026297e-01	   6.9520527959481482e-01	   4.4563315908888379e-01	   4.5207927889333277e-01	   3.0731001272399527e-01	   2.0270059386186456e-01	   3.9576652816122232e-01	   3.0829843070070917e-01	   2.4701867611481471e-01	   3.0818339703168174e-01	   5.4602895083471048e-01	   4.5336894217580592e-01	   3.5474394886646371e-01	   2.3659637087300467e-01	   5.1218575598204319e-01	   4.2030238422698152e-01	   2.1517088582135407e-01	   9.8282941658699163e-02	   1.4956116169687290e-02	   1.9018293815046014e-01	   3.7820380252339580e-01	   4.9456720091327289e-01	   1.1782491843198103e-01	   3.0737801650575536e-01	   5.8622499841945863e-01	   6.0299715211476346e-01	   6.2488427191341434e-01	   6.8718049536294890e-01	   6.8628722742137005e-01	   7.3888398265508315e-01	   5.5452458622223999e-01	   8.6975997529841642e-01	   6.8214841756870570e-01	   7.2514034250343151e-01	   6.5223846894827775e-01	   7.1355628635872470e-01	   6.6366669776104825e-01	   6.6942094707006050e-01	   1.1459146154059110e+00	   1.2476190034669175e+00	   3.3528800538467718e-01	   3.7026294460905557e-01	   4.6672067431489195e-01	   8.7204035483695902e-02	   5.8292565233763516e-01	   2.1547060145555214e-01	   4.0502870075769259e-01	   2.4798924585094492e-01	   3.6936261583698365e-01	   2.8780116942548062e-01	   1.3273955280683150e+00	   1.1814443546851552e+00	   2.3287020243174492e-01	   2.1365410314880592e-01	   1.6266773225824499e-01	   1.4749199292007151e-01	   2.0756825540519738e-01	   1.6046126146654155e-01	   3.6906868893357081e-01	   3.3609605151974631e-01	   1.0456396800623478e+00	   9.1239561196751606e-01	   9.7115578679599701e-01	   9.4903032543455268e-01	   7.2401606401890140e-01	   6.3431801814308553e-01	   7.5042300429145492e-01	   7.6948610741070200e-01	   6.3168555386528258e-01	   4.5188786805896075e-01	   5.2648383366211804e-01	   5.9075442113873855e-01	   1.3880429763823304e-01	   3.0009240910413698e-01	  -1.3041775796488381e-01	   1.1205891643826046e-01	   4.3904569624546952e-01	   7.4164245833137887e-01	   7.4055174309729499e-01	   6.4682345147950882e-01	   5.1529198715430624e-01	   6.5076296150616975e-01	   1.6000986868757802e-01	   1.9610590366549413e-01	   5.0599299870538708e-04	   6.2569441816719779e-02	  -1.7519073551800635e-01	  -2.7419020779818548e-01	   1.6347309227608794e-01	  -7.9030261119009640e-02	   1.5487097934242336e-01	   3.6564123097861745e-01	   4.7504808641066221e-01	   4.3116646695723437e-01	   1.9756273951684958e-01	   3.2581321513961209e-01	   1.3040280033325830e-02	  -4.7253604679096206e-01	
   8.7781102659400445e-01	   4.7972523654382188e-01	   0.0000000000000000e+00	   1.2103075705310893e+00	   5.1261692822536009e-01	   2.4629370508578663e-01	   1.3884193637390694e+00	   7.5398614026827693e-01	   8.4480247812749942e-01	   1.6561090003361617e-01	   7.1463554436529331e-01	   4.5194738300714732e-01	   1.0354253090517820e+00	   7.0970871313506734e-01	   7.4539077945914878e-01	   7.4196205301851514e-01	   3.0118176450711065e-01	   2.1366545049090072e-01	   7.0492035685872501e-01	   5.4274511428005301e-01	   3.1564986910983034e-01	   4.0811596862011301e-01	   1.4491687793706973e+00	   1.0315106873787490e+00	   5.3201415532360419e-01	   4.9822752805793058e-01	   3.3704170332877970e-01	   3.3410485399212675e-01	   6.8614007720486769e-01	   4.2892855845943889e-01	   1.0041971663272191e+00	   8.4095131912737708e-01	   9.1329122626743831e-01	   7.7044802000474955e-01	   7.8142117532187605e-01	   6.4935551921014567e-01	   9.6542589825634073e-02	   3.3144501338494331e-01	   5.1414212485439925e-01	   6.2236759115007689e-01	   2.2535422880048867e-01	   6.9684663859956553e-01	   9.3785017661928061e-01	   7.0523489210731427e-01	   4.7359008075323572e-01	   4.1602835126475313e-01	   7.8304496923261513e-01	   7.2209023145795348e-01	   5.1308180202422315e-01	   5.3948806070144617e-01	   8.2814721160918481e-01	   9.9601818067046333e-01	   7.8227584191249477e-01	   6.4679924822932244e-01	   1.1264132522205745e+00	   7.7483865274599295e-01	   1.7338633781195267e-01	   2.0511773728056523e-01	   1.0602282872263620e+00	   8.3885705151263534e-01	   7.3524310263253567e-01	   4.6636284460520289e-01	   3.6422138334841780e-01	   4.3459866651658241e-01	   1.0373923785996155e+00	   7.8979351557795019e-01	   1.1534430587479318e+00	   9.7177580343153735e-01	   3.9937275299129060e-01	   2.8524888888044503e-01	   4.4330728287348664e-01	   4.9155039963306807e-01	   5.3551338614175958e-01	   4.4075571152207177e-01	   5.5146765870952141e-01	   5.7259494956762014e-01	   8.2403941661679392e-01	   7.3160762830390313e-01	   4.3211349113187764e-01	   4.6628177896361117e-01	   3.5588865383195123e-01	   4.8626070275484823e-01	   9.5012405396467381e-01	   7.4669678751892510e-01	   8.3657738454930697e-01	   8.5523660310571692e-01	   7.7988072588490520e-01	   3.2835519050866591e-01	   1.0631311196657045e+00	   1.0995870152727321e+00	   7.7559494919434280e-01	   9.6139614867004153e-01	   5.7483674177240252e-01	   7.5521051627514890e-01	   1.1288256117944712e-01	   5.1078816899408019e-01	   5.3549888173724247e-01	   5.3814568294029685e-01	   8.6859005942913281e-01	   9.8400844114018815e-01	   3.7263726995697033e-01	   6.6915136703537892e-01	  -1.9102428859947500e-02	   1.2089504069875941e-01	   2.5893953671021774e-01	   1.7502662756220191e-01	   4.0915224821213514e-01	  -4.0605420738938434e-02	   1.5178255382968864e-01	   2.9989373549138132e-01	   7.3774590100745630e-01	   7.9360069638879671e-01	   6.0677341098238435e-01	   5.0356213874546452e-01	   4.9638854829444912e-01	  -1.3665963034070780e-01	
   6.7513898081139989e-01	   3.4889367332870502e-01	   1.2103075705310893e+00	   0.0000000000000000e+00	   2.4817641479892430e-01	   2.3414505716829453e-01	   1.1278897957778788e+00	   1.1435206291535909e+00	   6.7776343349729418e-01	   2.4071782347028864e-01	   5.6982359509971592e-01	   6.9967034323947608e-01	   7.6610270362260535e-01	   8.8848731715415630e-01	   5.4638103389475190e-01	   7.3031186130525794e-01	   2.2251535613966342e-01	   1.6933858904932700e-01	   5.3455043006538427e-01	   4.8966031843358515e-01	   1.4002875552479838e-01	   2.1889938168556400e-01	   1.1309527635185708e+00	   1.2725221376674123e+00	   3.8346976687506434e-01	   4.9212150492246287e-01	   8.2785766624433182e-02	   1.5336089378358314e-01	   6.3461499573214497e-01	   5.5043963502886484e-01	   1.0210514380915501e+00	   1.1367405653117553e+00	   9.2816846455253499e-01	   8.6476917240541140e-01	   6.6108170505060937e-01	   7.2789465311508639e-01	   2.3773512436945149e-01	   4.4106396648790813e-01	   5.5050801230803659e-01	   6.6561036617559333e-01	   3.3091531220537240e-01	   6.8191129776125925e-01	   7.6204893132960083e-01	   5.6814590929041520e-01	   2.2813255989643938e-01	   2.1782929957156041e-01	   5.7359616182311035e-01	   5.5480880364968788e-01	   3.9470466488625011e-01	   4.1114939848701093e-01	   8.0870839625215152e-01	   8.6322330813967962e-01	   7.2004728867789791e-01	   5.0838980811686563e-01	   9.4955367827094350e-01	   6.4366976850772373e-01	   7.2268986839899158e-02	   5.8842757102189093e-02	   1.0673862947647867e+00	   1.0661801233242527e+00	   9.4214662943236682e-01	   8.7838201406396721e-01	   3.5198737757542337e-01	   5.3245729723503232e-01	   8.8780770770493500e-01	   9.9014891551509143e-01	   8.5491367258657514e-01	   9.3631755307822573e-01	   2.2662767123603028e-01	   2.0311627614554154e-01	   4.8244030880706834e-01	   3.5316808847636871e-01	   6.3785789218642353e-01	   6.0648924250157055e-01	   7.6674591739619458e-01	   7.8887243411756025e-01	   1.0734211229908497e+00	   9.2318048494857496e-01	   3.2554313917490280e-01	   4.0517648446285481e-01	   2.2820798816167398e-01	   3.3567141296492520e-01	   6.0218073096185243e-01	   5.2166107342751467e-01	   6.5571040841178474e-01	   7.3872259910115390e-01	   6.0619275246699766e-01	   2.4693753209195782e-01	   1.1970530941981870e+00	   1.1346203259869858e+00	   9.1618108373170681e-01	   8.8058312112278336e-01	   8.0425285051249462e-01	   7.2088129531366874e-01	   1.4126319855017272e-01	   4.3951739556405589e-01	   3.9704907513566740e-01	   4.4422888528587012e-01	   7.3793875876393145e-01	   7.9113489080830413e-01	   3.8932043745643180e-01	   7.5821852499636955e-01	   3.2158906739939265e-03	   1.8640879641004085e-01	   2.9527990177684887e-01	   2.0589475083851982e-01	   3.0870210892309308e-01	  -1.2262215966288213e-01	   6.9926646281123120e-02	   3.3950934574650021e-01	   5.8038275953154805e-01	   7.1531428738608360e-01	   7.3895365441768324e-01	   5.9233346174147172e-01	   7.0498892225263943e-01	  -1.0691723554701052e-01	
   4.5947112236969889e-01	   4.2951593893296253e-01	   5.1261692822536009e-01	   2.4817641479892430e-01	   0.0000000000000000e+00	   7.3484483222004959e-01	   2.5471349638549284e-01	   9.0297670851246983e-03	   2.7541980039011288e-01	   1.1232762425723991e-01	   1.5278897896025392e-01	  -1.3598158670637867e-01	   3.5573715579401072e-01	   1.4979812628292768e-01	   4.5663032360977612e-01	   2.5269930901972121e-01	   2.0012160786921410e-01	   2.4050303970325934e-01	   3.9237878954620115e-01	   2.5397092355968631e-01	   7.7864532256339569e-01	   7.3708085834794124e-01	   3.9973427102498782e-01	   1.9321737762029195e-01	   9.0140311362152192e-01	   7.4983941539146404e-01	   1.0241894147511026e+00	   8.6851941919824294e-01	   2.2053892410206558e-01	   2.5300604278874980e-02	   3.7852577345141558e-01	   1.4061435210869833e-01	   2.9245624905000833e-01	   1.5785768007241177e-01	   4.7027999469583659e-01	   2.5393208139306506e-01	   3.0286734205689680e-01	   3.7485522517201136e-01	   5.2525733109433348e-01	   5.7336397547423124e-01	   4.4203666787944546e-01	   5.2239790139709708e-01	   3.7684660274679521e-01	   2.6462608011377514e-01	   3.5714272524053298e-01	   2.7402465782093505e-01	   3.7361896208425294e-01	   3.8264943599795431e-01	   4.1254663669592362e-01	   3.4575040302199944e-01	   4.6856555453386745e-01	   4.1535194747773019e-01	   2.7435007147300372e-01	   5.1293522567646377e-01	   3.9155380524519312e-01	   5.7121196867432600e-01	   3.2607370853118384e-01	   2.9779647008258570e-01	   3.7539537679791413e-01	   2.6808385308188865e-01	   1.4496694646707112e-01	  -1.0931363226339649e-01	   3.6958869728453109e-02	  -2.3188546109795891e-01	   5.0236229849575476e-01	   3.8091945550338829e-01	   4.6590520242797712e-01	   3.5948603650999061e-01	   2.9952060578107975e-01	   2.0857365883789683e-01	   1.5352047491619464e-01	   2.4907950075890645e-01	   2.4037780418766291e-01	   1.3611238463730466e-01	   2.8384965404538787e-01	   1.5055105862613063e-01	   1.3931850530532747e-01	   4.5840652413777799e-02	   3.7597862085317035e-01	   3.1459892734132877e-01	   3.3930522792267448e-01	   4.3792345650721581e-01	   7.3569153007893651e-01	   6.9795969606513186e-01	   5.3712806423489101e-01	   4.6671308750362667e-01	   4.8763318603479300e-01	   6.7606847808019244e-01	   3.4987861828015998e-01	   4.4122531821272803e-01	  -1.8036525257539012e-02	   2.1590385916808219e-01	  -1.0173805038385123e-01	   8.6433806165225599e-02	   8.1734456745494552e-02	   5.8908407128619256e-01	   5.2433579049071533e-01	   6.3024431920408397e-01	   2.5723888888983776e-01	   4.1853444488433222e-01	   6.9078809934061264e-02	  -9.8700864640945199e-02	   7.6112956041960569e-02	  -1.2765912952901162e-01	  -9.1853193000325614e-02	  -9.1368159109710259e-02	   8.6070555445677432e-02	  -9.2242842253316595e-02	   1.8777665282017497e-01	   3.7281332540309083e-02	   3.7203354596347266e-01	   2.0305357369395099e-01	   1.4446244423607590e-01	   1.7746860205599299e-01	   1.0026024116362259e-01	  -1.8160394954277068e-01	
   2.1874320534012345e-01	   1.5614010065242007e-01	   2.4629370508578663e-01	   2.3414505716829453e-01	   7.3484483222004959e-01	   0.0000000000000000e+00	   1.7251444106898992e-01	   1.3150536139477415e-01	   1.0556941739840493e-01	   3.2462692832790579e-01	  -5.6565985058811101e-02	  -6.9997464546628668e-02	   1.1965679579502718e-01	   2.1359010334509634e-01	   1.8299659247060845e-01	   1.3135823205389513e-01	   5.9137544204758988e-02	   1.9957688302861445e-01	   2.9605313067129357e-01	   2.1655546387765359e-01	   5.4926444947294351e-01	   6.1774156134463643e-01	   9.8776186489093587e-02	   7.7440193184248399e-02	   7.8096338359245476e-01	   9.1070139346965728e-01	   5.4620470740479132e-01	   5.4005620417266964e-01	   1.5800035668461071e-01	   1.2587115780339375e-01	   4.2903885100226924e-01	   2.8930378429991299e-01	   4.7302758702719727e-01	   4.0349582847427901e-01	   4.3585492155329075e-01	   3.4574377197119638e-01	   6.0526351685252211e-01	   5.5126084898040162e-01	   5.8737943161238981e-01	   6.7517539499177470e-01	   5.6084273642861560e-01	   4.4396415060895128e-01	   4.3203901005777379e-01	   4.0379415408812142e-01	   3.4513374337166325e-01	   2.8904937451546270e-01	   4.2182361834858512e-01	   4.3487080422548507e-01	   3.8256475538946816e-01	   2.6224785555454577e-01	   4.6362487596498286e-01	   2.5449112682957176e-01	   1.6019771725001222e-01	   4.3531081248223524e-01	   2.5565160496504025e-01	   5.7365648643669442e-01	   1.8282328766198749e-01	   1.5967461025709934e-01	   4.7175669605243342e-01	   3.8998460426062964e-01	   3.1480871433737118e-01	   1.6268536440570566e-01	   6.9508252176040189e-02	  -7.6091630445347447e-02	   3.2932415938613846e-01	   4.7751157109054715e-01	   4.8005341485957159e-01	   5.4730159583730398e-01	   7.7195330607947851e-02	   1.0206076040009807e-01	   1.5378470181178683e-02	  -7.6806210749007986e-03	   2.0284087360478725e-01	   1.7507793630896612e-01	   2.5043956792581590e-01	   2.1086514850920485e-01	   1.0107737596781599e-01	   7.8817357414602916e-03	   3.0547539775287169e-01	   3.4392817453494318e-01	   2.8910715718258789e-01	   4.1842134124856512e-01	   4.3050074598622079e-01	   5.7712781914717559e-01	   4.4366229451054978e-01	   5.1834414438256537e-01	   2.5503602145235954e-01	   4.5368068578138870e-01	   2.6111307854686200e-01	   2.9742420997283325e-01	   4.7249012075548692e-02	   1.3570950860969308e-01	  -1.2129339372564293e-01	  -1.2570116647679180e-01	  -4.5614816814249268e-02	   4.2327197497689462e-01	   4.7758473291509590e-01	   6.5555905450188967e-01	   2.2422407946884659e-01	   3.1439897435755781e-01	   8.1199697922625269e-02	  -1.7608465254904046e-01	   1.6342505131545428e-02	  -1.7611456804557835e-01	  -1.4340644984415796e-01	  -3.3887038129295383e-01	   1.6012402680945739e-01	  -8.0934643147733576e-02	  -8.2737130043712914e-02	  -2.5980799018082562e-01	   4.0263336957904600e-01	   1.9565966601576848e-01	   9.5926822466670586e-02	   1.6001117522585864e-01	   1.6796166451638933e-01	  -8.9185427651949298e-03	
   7.8445942260441304e-01	   3.8223252593258217e-01	   1.3884193637390694e+00	   1.1278897957778788e+00	   2.5471349638549284e-01	   1.7251444106898992e-01	   0.0000000000000000e+00	   1.1477354310806831e+00	   1.0887168293611027e+00	   3.6782767650591192e-01	   8.9367844963658127e-01	   6.0971731311786204e-01	   1.1087875095803843e+00	   7.9426742657688831e-01	   8.1342920152668585e-01	   7.6787652763462411e-01	   3.1269866587614975e-01	   2.0170298739846101e-01	   7.9705631194283533e-01	   6.8060342261204199e-01	   2.0532512791591233e-02	   1.2824067137433456e-01	   9.2667746539976559e-01	   7.5378810676611485e-01	   1.9966373851275765e-01	   2.1376602154621371e-01	   9.3563064977199746e-03	  -9.0750519913691402e-03	   8.3492078691524729e-01	   6.2855745142518482e-01	   7.2679615547158993e-01	   7.3027955588346971e-01	   9.3332447500961946e-01	   9.2295100879581915e-01	   4.9734033920004755e-01	   4.2664125938562864e-01	   1.0909938066243198e-01	   1.8720374575675050e-01	   4.4505217830221100e-01	   4.9952707930751672e-01	   1.7616719286126575e-01	   4.9645728342219547e-01	   8.1300138687786860e-01	   6.5421044358291880e-01	   4.2062776651741329e-01	   3.7442000050293317e-01	   7.1436457987411561e-01	   6.3531797975142290e-01	   4.8413103839642591e-01	   5.0534854576497390e-01	   7.0366205664414816e-01	   8.0671110868319107e-01	   7.2092209672624408e-01	   5.3421902575479097e-01	   9.6484431278435190e-01	   6.6699983121045670e-01	   5.0847019226035121e-02	   9.2193292100891056e-02	   9.9904170062278064e-01	   7.9374651112154282e-01	   1.0519368178267319e+00	   6.9389829575412232e-01	   4.7699166494533796e-01	   7.7392512405316405e-01	   6.8293432408404864e-01	   5.8401160730002155e-01	   8.4188909388127320e-01	   7.7359289981926815e-01	   2.5998931943052250e-01	   1.8534677954302220e-01	   3.0396179740298301e-01	   3.3530021429051760e-01	   6.3028718155920049e-01	   5.6324104544117604e-01	   6.1052157993260592e-01	   6.7724744083318511e-01	   8.6872327602609578e-01	   8.4710937750920545e-01	   3.6927719246653917e-01	   4.3428657877240812e-01	   3.6400683973155634e-01	   4.4255286367864527e-01	   7.5050326723795413e-01	   5.9560697267925233e-01	   6.5397901113396317e-01	   6.9789684807931718e-01	   4.5116191624927526e-01	   1.1091947744571029e-01	   1.1123504889137625e+00	   1.1052340715212594e+00	   8.5085111007099234e-01	   1.1225685622236101e+00	   6.7078382278662751e-01	   7.9657233258677718e-01	   1.0040929152133996e-01	   3.6503955453782977e-01	   4.2337022097128807e-01	   4.0772268537714229e-01	   8.9895459128524191e-01	   9.1207155947230933e-01	   3.7179679430815393e-01	   7.2236030779361982e-01	  -4.5012138485523913e-02	   1.5659220566139440e-01	   2.9710430915812147e-01	   1.1297522078493941e-01	   3.6380951148095086e-01	  -3.6270955598291431e-02	   1.3117971547505249e-03	   3.5959573363199870e-01	   6.8830842949412452e-01	   7.7874327272646826e-01	   7.1806040952150696e-01	   5.0509840248684790e-01	   4.7409317014766794e-01	   9.9267114001307024e-03	
   5.3299136285374460e-01	   2.2424420919837545e-01	   7.5398614026827693e-01	   1.1435206291535909e+00	   9.0297670851246983e-03	   1.3150536139477415e-01	   1.1477354310806831e+00	   0.0000000000000000e+00	   8.5787574228425512e-01	   5.0583676606436789e-01	   7.3558607822251787e-01	   1.0054876337636176e+00	   7.9913702021694810e-01	   1.1391224996424110e+00	   5.6702976889355505e-01	   6.2851952217761020e-01	   1.8435738502768217e-01	   6.0079964522990352e-02	   5.5461879059785413e-01	   5.6230041290995081e-01	  -1.5106047242047327e-01	  -5.7895735986058725e-02	   5.8900333832487339e-01	   6.1278191377694335e-01	  -1.9756074740226896e-02	   1.0528529021946140e-01	  -3.3232400161395215e-01	  -2.3764898365007420e-01	   6.5893554035322910e-01	   6.8597820939581833e-01	   5.8511283776372047e-01	   7.5134579767858134e-01	   7.1285270602972117e-01	   8.4357562107903572e-01	   2.8992597975407558e-01	   3.3582213806828048e-01	   1.5120997331858232e-01	   1.9208440279040567e-01	   3.2054211375145031e-01	   3.8798369295730717e-01	   1.8216075033950943e-01	   3.9776230683915836e-01	   4.6975533364661531e-01	   3.4457488786948431e-01	   1.0267556022919928e-01	   7.9418494703783427e-02	   3.5786569220778336e-01	   3.2185891195449912e-01	   2.6349943829235978e-01	   2.8134256072161845e-01	   5.1175814997823732e-01	   5.8228166230016631e-01	   5.9544735739165300e-01	   2.8653549397151995e-01	   6.6611958227899393e-01	   3.9249422978694243e-01	  -8.8900183467083810e-02	  -6.3980478359276671e-02	   8.6602772692942009e-01	   9.1303264191946176e-01	   1.1469681894052173e+00	   1.3726620549058410e+00	   4.5291906540372351e-01	   9.3643757758638069e-01	   4.1398164256953585e-01	   5.3005474598113556e-01	   4.7159433001361251e-01	   5.3708144967127958e-01	   9.6228170895415438e-02	   7.6331231655757698e-02	   2.8328489924347111e-01	   2.6174655005098968e-01	   6.8197134378093904e-01	   7.3946981526979505e-01	   6.7144761840993050e-01	   8.6614982618066894e-01	   9.6116977443421359e-01	   9.4596823171292699e-01	   1.6704324541254886e-01	   2.4128707510447020e-01	   1.9583421969731241e-01	   1.8836384514171145e-01	   3.6346393058524024e-01	   3.2042173283208431e-01	   3.7416381457897147e-01	   4.1985348600451006e-01	   3.4151999034664027e-01	  -1.6957565718821244e-01	   9.6868870250261074e-01	   8.9819648112325257e-01	   1.0086650163303461e+00	   9.6296698634056899e-01	   8.1880342619912538e-01	   7.4673626771782819e-01	   1.4890428232379940e-01	   3.5413237688092503e-01	   1.9679114160569336e-01	   2.1425288164898698e-01	   6.2756598613316794e-01	   5.9774150771958889e-01	   2.7704480666252218e-01	   7.6015096503029045e-01	  -1.4110939020553101e-01	   2.8641259848534817e-01	   2.7734206160151642e-01	   1.5627708679941577e-01	   2.5848299521459661e-01	  -1.9679073096046201e-01	  -2.9134254701127526e-02	   3.8273315555982029e-01	   4.2399574655460853e-01	   6.4338069236491613e-01	   8.6407809907656197e-01	   5.4836053680724228e-01	   6.0191350297674018e-01	   4.4829377949204441e-02	
   4.6722544716539871e-01	   2.7933517862681828e-01	   8.4480247812749942e-01	   6.7776343349729418e-01	   2.7541980039011288e-01	   1.0556941739840493e-01	   1.0887168293611027e+00	   8.5787574228425512e-01	   0.0000000000000000e+00	   6.9986674981500296e-01	   5.6684554630741479e-01	   4.3752425886125412e-01	   7.1920445491579588e-01	   5.1815798849262984e-01	   1.0658267719823411e+00	   7.8185198915891407e-01	   2.5893197927595246e-01	   8.8638101341259157e-02	   5.9251560256478908e-01	   4.9567431861959854e-01	   2.1005362690130532e-02	   1.1650830829306388e-01	   6.4432128711144798e-01	   4.9547137185912998e-01	   3.1057094251622199e-02	   3.3021742092039549e-02	  -3.1508437230325398e-02	  -6.7249072626778148e-03	   5.8192051758040098e-01	   4.5859553663623653e-01	   4.5068636441406801e-01	   4.4436715672208948e-01	   4.7669360903251218e-01	   4.9222821227247382e-01	   3.3185527027161876e-01	   2.8173877505350220e-01	  -1.0892132624641609e-01	  -4.5962394157406737e-02	   2.3764394715939224e-01	   1.8314662466478049e-01	  -6.1766342551860982e-02	   2.7554366584209572e-01	   4.1230601827833985e-01	   3.1686865000536751e-01	   2.7243162866120801e-01	   2.3962470961314133e-01	   3.8433672473128766e-01	   2.8005474366406002e-01	   2.3189826068302660e-01	   2.6220011680223465e-01	   4.0457206741905666e-01	   4.6345000311037177e-01	   6.3188710996165753e-01	   2.9776204858838207e-01	   6.7296689648722996e-01	   3.3141336790438974e-01	  -1.2118286437491596e-02	   5.6861114685779271e-02	   5.5811226729436914e-01	   4.2814175327885950e-01	   6.1599140525749829e-01	   5.8443148511209453e-01	   2.1733179656109824e-01	   6.2631345048016251e-01	   4.0048239874605102e-01	   3.4020533776145806e-01	   4.6373024631387877e-01	   4.2581874206277981e-01	   2.5267395259463921e-01	   1.1080573047592478e-01	   3.0598228727421511e-01	   3.7015305519159081e-01	   3.4377509865475775e-01	   3.4259718246733617e-01	   3.5382682165891755e-01	   4.0784163480768021e-01	   6.3559141986495338e-01	   6.6191128810877298e-01	   2.6381873537896516e-01	   3.1791999569415019e-01	   2.5313648154407753e-01	   3.2752335878476274e-01	   5.7281066849490436e-01	   4.0714026463754138e-01	   4.0264763403619713e-01	   4.9469878181684712e-01	   3.6105783024080751e-01	  -1.0279874524515870e-01	   7.0005802767408332e-01	   7.8606428345294699e-01	   7.3397322681612087e-01	   7.2952001113636444e-01	   6.2136002541820423e-01	   6.7856609134635792e-01	   1.4263565312807910e-01	   2.9638721570648341e-01	   1.8311587527504061e-01	   1.0040615014077049e-01	   6.0186915106630867e-01	   5.4872867377631318e-01	   2.0350411262382451e-01	   5.9651917261219034e-01	  -8.2580624513471049e-02	   1.1374210575626918e-01	   2.5581793919599183e-01	   1.7094233684738527e-01	   2.7125175449885358e-01	  -2.0106004650868661e-01	   8.6611203306213261e-02	   3.1446259909180529e-01	   2.9340597094838750e-01	   6.3784911248932419e-01	   7.0336437954878783e-01	   4.1616767961241213e-01	   2.5304940963066891e-01	   1.7335449486574239e-03	
  -6.8899760772676419e-03	  -5.9326582790939025e-02	   1.6561090003361617e-01	   2.4071782347028864e-01	   1.1232762425723991e-01	   3.2462692832790579e-01	   3.6782767650591192e-01	   5.0583676606436789e-01	   6.9986674981500296e-01	   0.0000000000000000e+00	   2.2527534695202295e-01	   2.5384026086809730e-01	   2.0440311642033873e-01	   2.2554639292720127e-01	   5.7865117360189122e-01	   5.3922637204001111e-01	   3.1228043731524602e-02	  -1.0724817011981740e-01	   2.7382963659680098e-01	   2.2657100093887747e-01	  -1.0065537246230942e-01	  -5.3569440726785128e-02	   7.5093316697843637e-02	   1.1905427585990862e-01	  -1.6637352160304844e-01	  -7.2444068572451503e-02	  -1.3136026343143067e-01	  -5.7526444421830233e-02	   2.4103064124315993e-01	   2.8791067254398744e-01	   1.3131564590493133e-01	   1.6174926123351346e-01	   1.5857773722416973e-01	   2.1482089824768547e-01	  -7.0767961008073421e-02	   1.2567563478459319e-02	   6.2731454539615344e-02	  -9.4646918731451993e-02	   7.7843133819501240e-02	   7.2043066909182940e-02	   3.6010899703196663e-04	   4.6387284923381594e-02	  -4.8391217523883817e-03	  -3.3692134916345089e-02	  -7.2947173568072274e-02	  -7.8718139657501185e-02	   1.1663969010905498e-02	  -6.3774746679163649e-02	  -8.5837931794506106e-02	  -1.4335644842695974e-01	  -2.7231755259440545e-02	  -5.6472591072653767e-02	   1.6752274642866116e-01	  -2.2346340464769375e-02	   1.7909164168762107e-01	   4.4118954108110148e-02	  -1.9126723933240292e-01	  -1.8403051874397072e-01	   5.5198773090081567e-02	   2.8677164568553425e-02	   2.9686277362818497e-01	   3.5543560309771549e-01	   1.4119575051428274e-01	   4.0073505022276534e-01	  -1.4587226945361353e-01	  -6.2349260165048423e-02	  -7.1523454536000355e-02	  -2.4380819816021246e-03	  -8.0867273967056411e-02	  -1.9284011050733396e-01	   2.0398078701426348e-01	   3.0700886743825373e-01	   3.2922943643131064e-01	   3.5855595907227861e-01	   3.1210715924990007e-01	   3.8175478695811593e-01	   3.1446235292094049e-01	   3.2444742718965852e-01	   1.3251123023031355e-02	   4.6494343670819678e-02	   3.6528582598558727e-02	   7.4709452047812111e-02	   1.0037534576584241e-01	   1.7158729626946437e-01	  -3.4502619092980406e-02	   9.0527543884482295e-02	  -1.1588719602529747e-01	  -3.0539365149706926e-01	   2.9796353186430474e-01	   2.9252208623161430e-01	   3.3673004201878676e-01	   2.2989652026195878e-01	   2.9515685448199563e-01	   1.1859516495134051e-01	  -2.1095921617541778e-02	   1.2388593218242225e-01	  -7.8486828299769967e-02	  -5.9984908192880118e-02	   1.6105758214690546e-01	   7.4800594110919660e-02	   4.6061878589409903e-02	   1.2644859953431908e-01	  -6.8969588450038380e-02	  -5.6941593540196116e-02	   8.2668391409724665e-02	  -2.4634794150979390e-02	   2.4596388657198844e-02	  -3.1782000617508127e-01	   2.4008666587375416e-01	   1.0129337075332112e-01	   3.5440965070373948e-02	   2.2636837688736416e-01	   3.3863889135090053e-01	   2.4420984643949384e-01	   1.1194325339404207e-01	   3.4474746626315507e-02	
   7.8292822650973348e-01	   4.0779124015918078e-01	   7.1463554436529331e-01	   5.6982359509971592e-01	   1.5278897896025392e-01	  -5.6565985058811101e-02	   8.9367844963658127e-01	   7.3558607822251787e-01	   5.6684554630741479e-01	   2.2527534695202295e-01	   0.0000000000000000e+00	   8.9575782152888594e-01	   1.4326370168284255e+00	   8.9954640464200775e-01	   8.5305484235078699e-01	   6.6518844056938931e-01	   4.0051213386091589e-01	   2.2557458113390763e-01	   7.4681676865627844e-01	   6.2963249321939685e-01	  -1.7430065322244986e-01	  -7.7909174675554346e-02	   5.9298544948401222e-01	   4.3595291429886435e-01	  -8.3247431229841823e-02	  -7.8184232381054292e-02	  -1.0582213080812056e-01	  -1.3293933338612429e-01	   9.3609801733170128e-01	   7.4330586817701327e-01	   3.0424766739464215e-01	   3.7818882283213889e-01	   4.5525433071263710e-01	   5.1202733953189528e-01	   1.0636388263291484e-01	   7.0932167636797480e-02	   2.5476078967944429e-02	   7.8825173953684907e-02	   2.3638449392122685e-01	   3.0504407614723300e-01	   1.3116361852030578e-01	   3.7496503511470880e-01	   4.6501401667570663e-01	   4.2223174115782791e-01	   2.2147884066637991e-01	   1.8735745335422677e-01	   4.7227732221970331e-01	   4.2132380026707034e-01	   3.6800568206210121e-01	   3.3754153211743387e-01	   3.7598044621817739e-01	   5.2811350432902215e-01	   4.8306039807134438e-01	   3.5347810117105044e-01	   5.6624459946341732e-01	   3.6270555479941557e-01	   9.8791413048725407e-02	   9.4471900023570615e-02	   4.9595270596220914e-01	   4.3269482844354501e-01	   7.1369205065785335e-01	   4.8328396439641941e-01	   7.7438749565003206e-01	   9.6053887411273453e-01	   3.1903756914724229e-01	   1.6085622131537425e-01	   3.0664625489020192e-01	   2.2983760285812166e-01	   2.1413971785151753e-01	   1.4299270337638070e-01	   2.3813002079203810e-01	   3.7651733726340236e-01	   7.0658829504516507e-01	   6.3149374916465606e-01	   6.3100267832301371e-01	   6.4281281930967538e-01	   6.5633827456295435e-01	   6.5637318406219192e-01	   3.1621776596239215e-01	   3.0136098332303157e-01	   3.2143909311710167e-01	   3.1651524580195156e-01	   5.2544581772958687e-01	   4.7125746462572360e-01	   4.2408811101859933e-01	   3.4717513005996281e-01	   2.4020415739029560e-01	  -7.6001050209502014e-02	   7.0751749522914098e-01	   6.1909023545605490e-01	   6.3395925550563093e-01	   8.1000753142711690e-01	   5.0571249871895951e-01	   6.6312319124572328e-01	   7.9502822428005285e-02	   2.4126405086613523e-01	   3.0379802498960395e-01	   2.9915545508347391e-01	   6.8482188082101991e-01	   6.7541599751217019e-01	   3.7713959717145268e-01	   4.4416637119838331e-01	   8.3861692095627827e-02	   3.1242921584223965e-01	   2.5534487826618607e-01	   2.4935003096265332e-01	   1.6973462235261905e-01	  -5.8443316016123639e-02	   1.2583177910341362e-01	   4.6958311376314366e-01	   4.5129933603812200e-01	   6.3591652516214803e-01	   5.3831370774334353e-01	   4.2141102089875326e-01	   3.8543650608769059e-01	  -6.6253832179839572e-02	
   4.4259788922111115e-01	   1.2368372867792210e-01	   4.5194738300714732e-01	   6.9967034323947608e-01	  -1.3598158670637867e-01	  -6.9997464546628668e-02	   6.0971731311786204e-01	   1.0054876337636176e+00	   4.3752425886125412e-01	   2.5384026086809730e-01	   8.9575782152888594e-01	   0.0000000000000000e+00	   8.2765558833608344e-01	   1.3142243209090854e+00	   4.7475210542594448e-01	   6.8191261283718729e-01	   2.0029561762683656e-01	   4.0930524786910165e-02	   4.1470670117199615e-01	   3.7298855105972667e-01	  -2.8816089527853656e-01	  -1.7843186788596033e-01	   4.6303517689208723e-01	   5.3276551887259016e-01	  -2.0857054943591144e-01	  -7.0257781641189732e-02	  -2.9873708919766734e-01	  -1.7414211531460841e-01	   6.8490342764003942e-01	   6.8057165416433441e-01	   3.1250077817174582e-01	   5.4048831740853664e-01	   3.3358914312147026e-01	   4.8428619193934247e-01	   4.0528242261115427e-02	   1.4081596225602058e-01	  -1.3528624311781423e-02	   9.9033083089055313e-02	   6.6633562949267755e-02	   1.3472105813456015e-01	   1.1646469631326987e-01	   3.2855800147460518e-01	   2.4879792438788528e-01	   1.9765143587959105e-01	  -6.9657807593397944e-02	  -7.8182004291943219e-02	   1.5145761502730368e-01	   1.5624601291351964e-01	   1.3643861275774435e-01	   1.2627968127023576e-01	   2.9309597434108592e-01	   3.6910587730392308e-01	   3.4936431038982690e-01	   1.3141696745701592e-01	   3.9520789316718014e-01	   1.2993388406708384e-01	  -1.1298300615095792e-01	  -1.4085421607534640e-01	   4.9151242622899083e-01	   5.7273291573958907e-01	   6.3878694600713626e-01	   9.4926072296877873e-01	   4.8719005223631795e-01	   9.4519880041866711e-01	   2.2161185107028752e-01	   3.1900779417664926e-01	   1.5702424744444432e-01	   2.3359978483423954e-01	  -1.1098450863275497e-02	  -5.8796405028358055e-02	   3.3612874711087903e-01	   3.3468511686211910e-01	   6.4541605814027947e-01	   6.3636209555382295e-01	   6.1361461379640880e-01	   7.5479615722877469e-01	   7.2967513607107448e-01	   6.4467088897379343e-01	   5.3426567843783503e-02	   9.2438598102410868e-02	   1.1284574771438745e-01	   5.5610921967996885e-02	   2.3059326876363692e-01	   1.6217898798396135e-01	   2.7842913207820025e-01	   2.0466455897123140e-01	   2.7326225785125630e-01	  -3.1017502914843831e-01	   6.4616227558033723e-01	   5.2214757166306158e-01	   7.3036097999515370e-01	   6.0647460699914169e-01	   7.6151029156768324e-01	   6.2865335912145726e-01	   7.2568294654866181e-02	   1.5711857908627586e-01	   1.2234653857997262e-02	   6.9807971293705112e-02	   3.4642625571403335e-01	   3.2274819651233644e-01	   2.3377482821265169e-01	   5.6928860870511977e-01	  -3.0132349795915267e-02	   3.5971724559591967e-01	   2.4161000135549676e-01	   2.8206129547517705e-01	   2.4942750181921037e-02	  -1.5252323792613137e-01	  -2.0918538518448253e-02	   3.8583163464859477e-01	   2.2258257599443348e-01	   4.6283285103565253e-01	   5.4632521424790115e-01	   3.9869911344985931e-01	   5.4549620425621681e-01	   8.9267465320724462e-03	
   8.6170896540572472e-01	   4.2509912766553515e-01	   1.0354253090517820e+00	   7.6610270362260535e-01	   3.5573715579401072e-01	   1.1965679579502718e-01	   1.1087875095803843e+00	   7.9913702021694810e-01	   7.1920445491579588e-01	   2.0440311642033873e-01	   1.4326370168284255e+00	   8.2765558833608344e-01	   0.0000000000000000e+00	   1.0817178521806723e+00	   9.4736123003834460e-01	   7.0826814587045150e-01	   3.9191655456246038e-01	   2.5176986589516048e-01	   8.0590133236101513e-01	   6.6382531731419780e-01	  -1.0485818260824327e-02	   8.4256910546256100e-02	   8.3226650265397251e-01	   6.0389834356186345e-01	   1.4361618928809000e-01	   1.5003272297033698e-01	   8.0730329680087726e-02	   5.3437929969640877e-02	   9.9352855943914120e-01	   6.4872441360965705e-01	   4.8243477106908844e-01	   5.1944249848797086e-01	   6.1746093247074607e-01	   6.6134866211089438e-01	   3.6009924883870309e-01	   2.7717147422607091e-01	   8.8594432302893475e-02	   2.2103011700568106e-01	   3.6588954303525822e-01	   4.4838772907219876e-01	   1.9905014167166410e-01	   5.2558255344417015e-01	   6.4730751089678584e-01	   5.2050850249835257e-01	   2.8172762616081493e-01	   2.1207709163488858e-01	   5.9140093890009138e-01	   5.3289872430055873e-01	   4.3470371914668560e-01	   3.9479234010490738e-01	   5.6157581602222328e-01	   6.8716961727565729e-01	   5.7038053005217382e-01	   4.6141149676898752e-01	   7.5275330363209669e-01	   5.0201889586080117e-01	   1.0628626718396798e-01	   1.0528130144849157e-01	   7.7201776501538111e-01	   6.3205908499069752e-01	   7.5699798168778409e-01	   5.3097827412143461e-01	   6.0293997177657155e-01	   7.0023191377905036e-01	   5.6643946085667130e-01	   4.4188469750762416e-01	   5.7375601311729152e-01	   4.7304365912447366e-01	   2.7372742660262034e-01	   1.9154936852949456e-01	   3.3108635783193879e-01	   4.5145477143267393e-01	   7.4544063982172815e-01	   6.6444937779391611e-01	   6.9506355494428163e-01	   7.1268502196751327e-01	   8.4863393856285774e-01	   7.5044343619962284e-01	   3.7364617682835788e-01	   3.8638142942337700e-01	   3.4686682558372889e-01	   3.7809421045321812e-01	   7.3804238363340147e-01	   5.4954727240860790e-01	   6.1975596902175811e-01	   5.3449679319069177e-01	   4.6549678106942566e-01	   4.5125658790437784e-02	   8.6941687889492369e-01	   7.9279035609397164e-01	   7.3326932615365126e-01	   1.0391706141613100e+00	   5.8488831727483626e-01	   8.2411571135285766e-01	   6.7538993418698012e-02	   3.4263891854208833e-01	   4.1411291382025106e-01	   4.0202167811316891e-01	   8.1643078276773284e-01	   8.3868090100677783e-01	   3.9558238629123793e-01	   5.4253997220914019e-01	   9.7329779011792156e-02	   3.1663037316817277e-01	   2.8897076783648001e-01	   2.7203154732815238e-01	   2.7672384427329022e-01	  -6.1216911199796588e-02	   3.5715600784578506e-02	   4.0389492835028307e-01	   6.0529615433867379e-01	   8.5499375049122406e-01	   6.8741455103480098e-01	   5.1007675023824040e-01	   5.2760459100086643e-01	  -8.6226535210349994e-02	
