   0.0000000000000000e+00	   1.1185075856808520e+00	   7.0833311506964614e-01	   8.7510555426584080e-01	   5.4153142026581358e-01	   3.7042892184108034e-01	   7.4985956975672208e-01	   7.7555256191699939e-01	   6.5572777553688411e-01	   5.9562024160752181e-01	   9.2186870229601181e-01	   9.0269247369462802e-01	   8.2540093620873867e-01	   7.6534427412808670e-01	   7.4434447787615965e-01	   6.0659150221024483e-01	   6.5918019816276752e-01	   6.8043128023266231e-01	   9.8752607424299321e-01	   7.8688156771716711e-01	   3.0184587497475945e-01	   2.4776102711403464e-01	   6.1546788239647010e-01	   5.8549476955856894e-01	   3.9469014790059320e-01	   4.4941751454591899e-01	   5.1536989334147787e-01	   3.4902062110793380e-01	   5.9497532453144397e-01	   6.6354139322190153e-01	   5.0847594947656538e-01	   5.3151267292595983e-01	   7.3615912058682298e-01	   8.0594938127206639e-01	   3.7729778071327302e-01	   3.0686395988098653e-01	   5.2157169637276832e-02	   2.9147274261353773e-01	   2.3978036777382411e-01	   3.8589996571998419e-01	   4.0235499184362961e-01	   5.5384798914067312e-01	   4.8435195222157401e-01	   4.3434613356285723e-01	   5.4797328490013997e-01	   5.5001884086298758e-01	   6.0642853304985611e-01	   5.8354709810045924e-01	   6.1881869303469761e-01	   7.1555421012916998e-01	   6.0272751730693752e-01	   4.7878024593324098e-01	   4.7991801386024768e-01	   4.0095244228087878e-01	   6.4547940268478099e-01	   5.3553877942146233e-01	   1.1159041361663424e+00	   1.0662650757739724e+00	   1.0522120142432034e+00	   8.4284535953136108e-01	   1.0184683880474987e+00	   7.4727574865976554e-01	   7.4722974645238271e-01	   5.5813317277013164e-01	   4.3784724141334208e-01	   5.4416725245577835e-01	   5.4087567605705467e-01	   5.0848077255290747e-01	   6.7532138810412579e-01	   7.0342805208031212e-01	   7.2079780389716686e-01	   6.4528943065881539e-01	   6.3076704361703095e-01	   6.9191010020878796e-01	   5.0709632424789508e-01	   6.7601409480447949e-01	   7.1079172276709679e-01	   6.8177396240967947e-01	   7.1597319165632833e-01	   8.1247613032628085e-01	   7.4642625168415211e-01	   8.4568600577164221e-01	   5.8536355181849353e-01	   6.9334323142557019e-01	   9.1293897319307349e-01	   8.1893390092235518e-01	   5.3844461468901450e-01	   3.9477748682253327e-01	   8.9566204379083070e-01	   8.4568720937214992e-01	   4.4814093371134922e-01	   5.5113320272128719e-01	   3.4440808118494987e-01	   4.4642669250595518e-01	   1.0281937712084949e-01	   3.0260771679897113e-02	   4.8040955215569592e-01	   5.6406983795420507e-01	   5.7455307842386516e-01	   7.0133641016129700e-01	   3.7406772505295072e-01	   8.6817625540271920e-02	   2.1072025099128150e-01	   1.3228443459126896e-01	   2.1140079697837637e-02	   4.0209397507641818e-02	   3.3511750832173887e-01	   1.1284966446307326e-01	  -1.2158695075719277e-01	   2.4235725876617631e-01	   4.8983753081834119e-01	   3.3595821181649427e-01	   3.6695735085903158e-01	   4.3476546794860788e-01	   2.5120994632703142e-01	   7.1777098154438418e-02	
   1.1185075856808520e+00	   0.0000000000000000e+00	   3.5401745093959630e-01	   6.1953281040052754e-01	   4.3182049516820736e-01	   3.6932111536109596e-01	   3.9235440506237534e-01	   6.2089885204095663e-01	   3.9119511627651360e-01	   4.4470577020914892e-01	   5.8892754738602671e-01	   6.0208736780871086e-01	   6.0341037192524105e-01	   4.8851658835943101e-01	   4.2539930711124641e-01	   3.1311266115705988e-01	   6.2480101884864303e-01	   5.9175565019655318e-01	   5.4119638921742297e-01	   5.5911767443462856e-01	   2.1240922626353942e-01	   1.4565604639085722e-01	   2.2310576160386067e-01	   2.5682140214716032e-01	   2.3329804437207993e-01	   2.9591527239644633e-01	   3.1732888699442635e-01	   1.9861710689636569e-01	   4.0770529926687105e-01	   4.6596514927764454e-01	   2.2865046929392346e-01	   2.5910000711444531e-01	   4.6656911974924503e-01	   4.8195198349954560e-01	   2.7970730344647204e-01	   1.3607845373749464e-01	  -4.8080178975882834e-02	   9.3241293057575600e-02	   1.9012660562734729e-01	   2.4284230549532682e-01	   2.0746701933313930e-01	   2.9076026231441110e-01	   3.3073089602247624e-01	   2.8647415095975326e-01	   4.5204762186096703e-01	   4.1673992572831825e-01	   4.3037096506311279e-01	   4.2350886956023359e-01	   5.1083795421620359e-01	   6.3413878782642075e-01	   4.8893027050671034e-01	   3.8222984682683803e-01	   3.1927077373375257e-01	   2.4856626854030833e-01	   4.6751632770107887e-01	   3.4520858141087829e-01	   7.6171313865970847e-01	   1.3224671158340460e+00	   9.7785192089240025e-01	   8.4009874163390896e-01	   7.2352058758987148e-01	   6.0583814321433227e-01	   5.9097371677814881e-01	   5.4468202503351204e-01	   3.1733409259817685e-01	   4.3431082962100220e-01	   3.7817901592567033e-01	   3.8384822837129640e-01	   4.1471139278072333e-01	   5.7216239633537636e-01	   5.3183054217590842e-01	   3.4738377022347355e-01	   5.3675055603912181e-01	   5.0840304580713602e-01	   3.3890554257045036e-01	   4.9104287634138050e-01	   4.5292198751773066e-01	   4.1110723116345194e-01	   4.7561129139416203e-01	   6.5265338600104439e-01	   5.9301573068261826e-01	   6.1555657087409110e-01	   2.7006509822258917e-01	   4.8169048310660234e-01	   5.8498998243048128e-01	   5.1930172652347939e-01	   2.2001780554858161e-01	   3.0267416369765610e-01	   5.7414340308118139e-01	   5.2144252128776536e-01	   2.4555567875355444e-01	   3.1950044672599409e-01	   1.2976387886544660e-01	   2.3342880746285805e-01	   1.6061950228921599e-02	  -5.0188289945123872e-02	   5.4922801608141758e-01	   4.0307886507857188e-01	   5.7833497786976940e-01	   4.8137819880729354e-01	   2.7099143970372852e-01	   5.5576298364799125e-02	   3.2935084358880296e-01	   1.0838494015174424e-01	   8.2106795046789388e-02	  -1.2326760930285759e-02	   2.5262026755402228e-01	   6.9159469746013641e-02	  -6.3819388153490059e-02	   2.3889038619657077e-01	   4.1417762093168209e-01	   3.8591135107982505e-01	   2.7407224920665563e-01	   4.4161743435901640e-01	   1.8399749635694493e-01	   1.9063475085869622e-01	
   7.0833311506964614e-01	   3.5401745093959630e-01	   0.0000000000000000e+00	   1.1223644283998082e+00	   1.0250568794699699e+00	   6.1890113535441471e-01	   1.6635799250848118e+00	   9.1542054049716004e-01	   9.3035126372160459e-01	   5.0204316928710291e-01	   4.6587795370448715e-01	   4.3633026273415348e-01	   5.7497077337267655e-01	   5.8591252413806350e-01	   1.1224100075192718e+00	   8.0929291150879401e-01	   1.9848546426797928e-01	   3.5645236664179769e-01	   8.2433279177239605e-01	   5.6533670351702481e-01	   6.0933301216887348e-01	   6.5304132957111360e-01	   1.2625711637559183e+00	   1.1402068806035350e+00	   1.0621385353066299e+00	   9.1182968101654627e-01	   1.0313339836686160e+00	   8.3622083848546169e-01	   3.7740367337334968e-01	   3.3437040755467012e-01	   9.0520497487759766e-01	   6.8449140537484310e-01	   7.0802631162530127e-01	   6.5618463216739231e-01	   6.7176203110386956e-01	   5.8714472446243948e-01	   3.2622612208294427e-01	   6.0255672367744550e-01	   5.6427744081995479e-01	   7.9842577048646501e-01	   6.3311541384767223e-01	   6.7642277210684620e-01	   6.9511658888641159e-01	   5.7673635810210488e-01	   7.0346128804229213e-01	   5.5043512079894086e-01	   7.3815996617636992e-01	   7.4272440179194454e-01	   4.9273435237183660e-01	   3.7094374773556665e-01	   6.8380745822440236e-01	   4.0529026851808420e-01	   6.3976459928520069e-01	   7.3630362265826399e-01	   7.4266270141393831e-01	   7.6547535118270682e-01	   3.9737728913789749e-01	   3.1712809570296141e-01	   5.3666391772092448e-01	   3.9154653031455033e-01	   5.7782511471364384e-01	   1.9173712034273896e-01	   2.3981030717452384e-01	   9.0379130559719009e-02	   8.6307618758972582e-01	   6.5311824761352866e-01	   8.2464564074231739e-01	   6.4171510959365752e-01	   6.7723522555541982e-01	   5.7025506473372345e-01	   6.2995632787214451e-01	   6.9721308021976758e-01	   4.3511084630964059e-01	   4.1683431098199047e-01	   5.1846912153647517e-01	   5.4834489698780720e-01	   7.7955635885395713e-01	   7.8568780883838096e-01	   4.3776557920826992e-01	   4.4633539869211936e-01	   3.8605395921478630e-01	   5.9792369188736438e-01	   8.8519025846568800e-01	   6.1662173373703111e-01	   8.9905019966978517e-01	   8.5026816390478588e-01	   6.6200261908729330e-01	   3.9779044405474895e-01	   1.0704274260727475e+00	   9.7554185212520528e-01	   7.8451937029645868e-01	   1.0939478761170545e+00	   8.8117270709302775e-01	   8.1898784693135318e-01	   4.1296357792394911e-01	   2.0169054969950848e-01	   5.1555549187397864e-01	   6.1959735726152609e-01	   6.0641962561367702e-01	   9.0313566983580573e-01	   4.3587435738639302e-01	  -2.1003514667702294e-02	   2.0753712621640494e-01	   2.7011315671881031e-01	   1.6923119563641714e-01	   3.5659943285606510e-01	   8.3990910548016953e-02	   1.0886900083953097e-01	   2.4016857508553052e-01	   4.8089995981816264e-01	   7.1082844104062604e-01	   4.8002620121524620e-01	   5.8068914620438461e-01	   4.7553589376720906e-01	   5.0310496560313689e-01	   2.4983183450643726e-01	
   8.7510555426584080e-01	   6.1953281040052754e-01	   1.1223644283998082e+00	   0.0000000000000000e+00	   7.5519747395438064e-01	   7.2305697851476358e-01	   1.1447283308942113e+00	   1.5975933501452289e+00	   6.7798997933378657e-01	   7.9040211016065365e-01	   5.2726514121639667e-01	   7.8300319474280999e-01	   5.5110139815931491e-01	   7.7943178209506492e-01	   8.5752678513528424e-01	   8.4526593489181068e-01	   3.5986085801524398e-01	   4.7476952336603701e-01	   8.0706331806876053e-01	   6.2505098034645357e-01	   5.6161421421940139e-01	   5.0364275414943394e-01	   1.0135566952042305e+00	   1.0159012946280324e+00	   8.8275438862150768e-01	   9.1118500624415633e-01	   7.8983861303885028e-01	   6.3602245151310333e-01	   5.2398199510604415e-01	   5.3657390859187082e-01	   8.2120355627986097e-01	   8.3543080859099950e-01	   6.9172341514743452e-01	   7.7694599945375620e-01	   5.7372034803097294e-01	   6.7522246378896900e-01	   1.3865023464496889e-01	   4.0320788276679531e-01	   4.2371533477807072e-01	   5.7102385880241735e-01	   4.2753740587688971e-01	   5.3403534357362381e-01	   5.5656400844887033e-01	   5.1616469125342868e-01	   6.6915824165285431e-01	   6.3820722359563131e-01	   5.9520659345490468e-01	   6.6097060229669147e-01	   5.3967250499980879e-01	   5.4309724882805643e-01	   6.9000457031402218e-01	   4.8119459035711354e-01	   5.6713869947080087e-01	   6.4398580131457683e-01	   6.3244771237836672e-01	   5.9559002166499986e-01	   5.7525640334050399e-01	   4.9642154569548724e-01	   7.2209941615488626e-01	   6.6881599457405438e-01	   7.5215031740196248e-01	   6.5203268084528310e-01	   4.3702922517101161e-01	   2.5758385206773809e-01	   7.5454407506789933e-01	   9.8198942091467067e-01	   6.9756704664140157e-01	   7.0416883849465439e-01	   5.3487187062209207e-01	   5.5068273830570313e-01	   6.8433046137017850e-01	   6.7075661290255939e-01	   5.1999615825517209e-01	   5.8992055029362855e-01	   5.3335342870037161e-01	   7.2096675905257868e-01	   8.0703736071773902e-01	   7.7860851279870169e-01	   6.7072657720033568e-01	   7.1235751644647571e-01	   6.3879904310319113e-01	   6.7253086691197217e-01	   6.9364881808849366e-01	   6.3950316361268600e-01	   1.0208125475203156e+00	   9.4512694847266077e-01	   5.2329129856131151e-01	   3.1812754506550045e-01	   1.0116222265577799e+00	   1.1521846822528401e+00	   7.1471513010721899e-01	   8.2433759070298862e-01	   7.0956273895547028e-01	   5.6828101683599663e-01	   4.5216953725649467e-01	   2.5918459422888052e-01	   5.7099949432234165e-01	   6.3438605107786394e-01	   6.6790730563841305e-01	   8.4546072984981080e-01	   3.8331927574408059e-01	  -5.5318293132204696e-02	   2.3480369042280352e-01	   1.0910348929115325e-01	   2.2915196514355335e-01	   2.8161976753235174e-01	   3.2049122727873788e-02	   1.6709866609200696e-01	   3.5915796573253173e-01	   5.5219081447651508e-01	   8.0672320022903210e-01	   5.1516727964367059e-01	   5.3552413401168719e-01	   5.5662984078112820e-01	   5.7641476491111776e-01	   2.7456169933941060e-01	
   5.4153142026581358e-01	   4.3182049516820736e-01	   1.0250568794699699e+00	   7.5519747395438064e-01	   0.0000000000000000e+00	   1.1555088636244186e+00	   1.0202060234525445e+00	   7.1421475749829222e-01	   9.1497310710596391e-01	   4.3757666566809827e-01	   2.5613883306598634e-01	   2.2252664720378190e-01	   4.7487176544458659e-01	   3.5411127533413950e-01	   7.2500737776782720e-01	   6.9084185894399486e-01	   1.9881895537865510e-01	   2.9653934528030468e-01	   5.6926197721198724e-01	   5.4079079376868289e-01	   5.6260927125812155e-01	   6.7159898448671906e-01	   6.6158983643974023e-01	   6.7758245585737598e-01	   1.1277204767082685e+00	   1.1524144992446230e+00	   8.3420922064574288e-01	   7.5841766643513164e-01	   3.7616467564114875e-01	   4.1131304472266500e-01	   3.9668172447450656e-01	   2.7592659357530358e-01	   7.4494468454361218e-01	   6.2317687116171883e-01	   5.4884737828346153e-01	   4.4047464936351222e-01	   3.7614370845378503e-01	   4.9316714825338426e-01	   6.6034918629019135e-01	   7.5117382448033376e-01	   5.5336973563170222e-01	   6.9702995731610484e-01	   1.1193221693030546e+00	   1.0719784385220221e+00	   9.6317548370282324e-01	   8.6488373780962768e-01	   1.0630853889300980e+00	   1.1272389878312299e+00	   7.7011648666745525e-01	   5.8309348495414048e-01	   1.0662564080829042e+00	   7.3418369159607422e-01	   9.6217415401986384e-01	   1.0590929002077583e+00	   9.1733427342588936e-01	   9.2268964620797067e-01	   4.7189159755444721e-01	   4.2206136829466900e-01	   7.1654681688371924e-01	   5.8140623286734527e-01	   5.6000190287744456e-01	   1.8729590532593510e-01	   3.2215688279748195e-01	   2.3341250777050448e-01	   5.0430446202271273e-01	   3.5579908291794055e-01	   1.2450113756258026e+00	   9.8123330887355831e-01	   7.4185850435515266e-01	   6.6703190318178118e-01	   4.2967485469633709e-01	   5.2139230268674619e-01	   3.5618296607609279e-01	   4.1362126730809573e-01	   3.7576352649078615e-01	   5.2360748124001255e-01	   6.9143836397385261e-01	   7.4505604502876088e-01	   3.3354058440836953e-01	   4.0666057840439201e-01	   5.2328404891582170e-01	   6.3555072137541491e-01	   7.1812207256923255e-01	   3.9484066152540948e-01	   6.6852747603851448e-01	   6.2591461094722978e-01	   5.5305390425077983e-01	   1.9584660480182078e-01	   8.0483527713646208e-01	   6.8879894685048193e-01	   7.2254031060108359e-01	   9.5305294227817972e-01	   6.3658769815808458e-01	   7.0387102607270746e-01	   3.9144007557317401e-01	   3.2107134953121014e-01	   7.3778391708480096e-01	   6.9706174752295402e-01	   9.5478039307438445e-01	   9.6967023745902603e-01	   3.5392090234920492e-01	   1.3309129961879712e-01	   3.1852033911427202e-01	   5.9797187013640951e-01	   2.3458433543647811e-01	   3.6342994467872902e-01	   2.2639780216519420e-01	  -1.9897732012964433e-02	   2.2227847639303835e-01	   4.8971111901927944e-01	   8.2935639217165602e-01	   9.3068379363301013e-01	   8.4622914601133725e-01	   6.4524352657625250e-01	   6.2405152351998794e-01	   3.1588067823588295e-01	
   3.7042892184108034e-01	   3.6932111536109596e-01	   6.1890113535441471e-01	   7.2305697851476358e-01	   1.1555088636244186e+00	   0.0000000000000000e+00	   6.1272769202526123e-01	   6.3017615861953191e-01	   6.5107168487622746e-01	   6.5405424461631112e-01	   9.8323332775352601e-02	   1.5828403699084179e-01	   3.2289619063510150e-01	   2.3928443138538266e-01	   4.1307226851844037e-01	   6.2669691497815005e-01	   2.1992193078821307e-01	   2.3392138060083764e-01	   2.9884423673034299e-01	   2.8183205958650681e-01	   4.5076626806877235e-01	   6.0949026649848392e-01	   4.4550613981238163e-01	   4.7886743523869796e-01	   9.6691849492581738e-01	   1.1773288882022279e+00	   5.7477126917086063e-01	   6.4574747892086704e-01	   3.2389534684425941e-01	   3.8277394094971207e-01	   2.2579788305342979e-01	   2.1471161136336031e-01	   4.5952717773997687e-01	   4.4993868981687685e-01	   4.1413082703277221e-01	   4.5358449404274609e-01	   4.2082125250136165e-01	   4.0698589254993656e-01	   6.6119593818514177e-01	   6.8868597316868363e-01	   3.4052519040591128e-01	   4.7330091751123671e-01	   8.4368615172181627e-01	   8.6618601781033444e-01	   7.7762346035639640e-01	   8.1869719373881378e-01	   7.7480076536055698e-01	   9.0930592920611586e-01	   6.7077251928256043e-01	   6.5543311480600819e-01	   8.5603975081400718e-01	   6.6266980153154387e-01	   7.5862178713105377e-01	   8.2694942561202600e-01	   6.9252147170711598e-01	   6.7700610324798349e-01	   3.5798455009200075e-01	   3.4545546281660222e-01	   6.2550993237716168e-01	   5.9040305572365082e-01	   4.9761465772456781e-01	   2.8226040234049632e-01	   2.3452893401400154e-01	   1.5209077566723833e-01	   3.3399072216314979e-01	   4.1250402365547023e-01	   8.8376297993019859e-01	   8.0928284559432084e-01	   3.6668029575744110e-01	   4.9363042628153325e-01	   1.9707368568545622e-01	   3.5957133690556209e-01	   2.3698045842855098e-01	   3.0544025340964626e-01	   2.1536344094219192e-01	   3.5505825062226376e-01	   4.5384134330053821e-01	   4.8773318403134869e-01	   3.6269471007677928e-01	   3.8971824873067817e-01	   5.0481983311708578e-01	   4.0274087946250692e-01	   4.9484780754155422e-01	   2.2907648003598882e-01	   4.7212873281448842e-01	   4.2172495327332926e-01	   4.0148987951294929e-01	   4.7745901137922403e-02	   6.2670472479695705e-01	   6.2699294120872595e-01	   5.8796569963025858e-01	   6.6794674804303455e-01	   4.9738157329177302e-01	   4.3707879919558379e-01	   4.3067835412840294e-01	   3.6615274062976422e-01	   7.8203150251685549e-01	   5.7863782612925518e-01	   8.0317952897332834e-01	   7.2256215486376452e-01	   1.1413333468400196e-01	   1.4998657379622915e-01	   2.2996165603831198e-01	   4.3774050391935954e-01	   3.3651311470745815e-01	   3.0401581522292004e-01	   1.2350349070585093e-01	   1.4343851077669702e-02	   2.7497702347832526e-01	   5.0673925098200878e-01	   7.8704434987107907e-01	   7.9655608179791693e-01	   6.0233003674825558e-01	   5.1846867976564104e-01	   5.8955619502266687e-01	   2.4798493782981407e-01	
   7.4985956975672208e-01	   3.9235440506237534e-01	   1.6635799250848118e+00	   1.1447283308942113e+00	   1.0202060234525445e+00	   6.1272769202526123e-01	   0.0000000000000000e+00	   1.1443342382875374e+00	   8.5759698261441875e-01	   5.0078416861438124e-01	   4.8284797811178154e-01	   5.6555696910214892e-01	   6.6598825248986571e-01	   7.1795835497840998e-01	   1.0101579651268058e+00	   8.1932051486811863e-01	   2.9833127570520218e-01	   4.8053329698293490e-01	   9.6501524057766086e-01	   7.5615236259380214e-01	   5.5494233983644459e-01	   5.7039968622549364e-01	   1.1596948171858914e+00	   9.8375849646152291e-01	   9.9356853714694282e-01	   8.9578197580947294e-01	   8.6618607853207708e-01	   6.6286532289635858e-01	   5.4323640863883427e-01	   5.0494197213471936e-01	   8.3634496436248940e-01	   6.9382886118109788e-01	   8.6942992087066684e-01	   8.8247969838263163e-01	   5.3593915819922355e-01	   5.6777606435454930e-01	   2.4060532165483745e-01	   5.0149530359985306e-01	   5.0417315060486434e-01	   6.8418769432952664e-01	   5.9738289886689944e-01	   7.2798770171467864e-01	   7.8466926779912449e-01	   7.2875588918109502e-01	   7.5933478051411807e-01	   6.6383451402581384e-01	   8.0620769378283663e-01	   8.4163001539070570e-01	   6.1645229038206562e-01	   4.4818623894490212e-01	   8.2315480681056830e-01	   5.6455796491423282e-01	   7.1449708083066477e-01	   8.2247326415007704e-01	   7.6885203589193096e-01	   7.3373567993889632e-01	   4.7898061751767279e-01	   3.5902577978511063e-01	   6.0638035277494451e-01	   4.5441786751951918e-01	   5.9279943466624085e-01	   2.8527098513729554e-01	   4.0257633165659973e-01	   2.6294493606547026e-01	   6.8036256234463621e-01	   5.7077415705560286e-01	   9.3797987512499292e-01	   7.6682892710006034e-01	   7.0303643314547659e-01	   5.7762457590952354e-01	   6.6364864199973816e-01	   6.8959077238150635e-01	   5.0074026998263754e-01	   5.9980757253455741e-01	   6.2377060146618390e-01	   6.6343741891567298e-01	   8.1551761772222431e-01	   8.5727744949957863e-01	   5.3037262967059851e-01	   5.4023666970083373e-01	   4.9970020001288473e-01	   7.7544150980642845e-01	   8.1685695385141044e-01	   5.9879804724874164e-01	   8.8124512717906045e-01	   8.0289175358698228e-01	   5.9316895758585164e-01	   3.0475053580107125e-01	   9.7522008260753679e-01	   8.2180686184892759e-01	   7.7142807547893211e-01	   1.0350029970703214e+00	   7.8718120652102841e-01	   7.6778864309041861e-01	   3.9453126464942406e-01	   2.1845599767178436e-01	   4.7941786765915895e-01	   6.5482305597726664e-01	   6.8902539265704599e-01	   9.3569158649335171e-01	   4.1102634212244477e-01	   1.2737067981978795e-02	   1.5867228122016380e-01	   2.6318736240718932e-01	   1.4606558335381042e-01	   3.6154608589411508e-01	   1.7986819833718554e-02	   3.1745926370829202e-03	   2.4250113112733435e-01	   4.7942929202686863e-01	   6.6005587676335165e-01	   5.3517703814272100e-01	   6.8121779011571948e-01	   5.9136581157730395e-01	   6.2800079004264053e-01	   3.4939295245221980e-01	
   7.7555256191699939e-01	   6.2089885204095663e-01	   9.1542054049716004e-01	   1.5975933501452289e+00	   7.1421475749829222e-01	   6.3017615861953191e-01	   1.1443342382875374e+00	   0.0000000000000000e+00	   6.2516599478970536e-01	   7.2394328855611667e-01	   4.8377638885471264e-01	   7.9676661908733315e-01	   5.7802644401982017e-01	   8.5212321219050668e-01	   8.1134738602350343e-01	   7.8528302347268275e-01	   3.7198207739338646e-01	   5.1872412250179922e-01	   7.5728591771785481e-01	   6.4649011758154662e-01	   4.9697297743203961e-01	   4.3869783058373313e-01	   8.7223045604404725e-01	   8.5876098309043458e-01	   7.6009093244544246e-01	   8.0031241284743904e-01	   7.1574497525367142e-01	   5.3501550219122551e-01	   5.6716957208206897e-01	   5.6153259533831557e-01	   7.6621966193446112e-01	   7.8887710561891566e-01	   6.9098847803179719e-01	   8.1414870911790604e-01	   5.4494074913248558e-01	   7.1610661236849138e-01	   1.4743306874081133e-01	   3.9516430847971823e-01	   4.2038664156445654e-01	   4.9522529188231323e-01	   4.1871761227911308e-01	   5.2952500692996252e-01	   5.8890938022453820e-01	   5.5408504981988282e-01	   6.9747296721779106e-01	   6.8058723702520296e-01	   5.7672648622665368e-01	   6.4499945183060414e-01	   5.5947934031148805e-01	   5.0914778226229240e-01	   7.1395242137892234e-01	   5.5459705737087828e-01	   5.6837093564511287e-01	   6.6638909258233514e-01	   6.2829041594962043e-01	   5.8957572284818216e-01	   5.8475256653060881e-01	   4.9895576909169570e-01	   7.0919277177866602e-01	   7.0267213082479141e-01	   6.5505026307164960e-01	   6.5709485601086259e-01	   5.2678749979948281e-01	   3.4320312091514321e-01	   6.3085210478762632e-01	   8.8256933519071212e-01	   7.2452997880778625e-01	   7.7861382281529279e-01	   4.8493951898321613e-01	   5.0930870217095781e-01	   6.2098112612700818e-01	   5.8125088662359836e-01	   4.8366225051205508e-01	   5.8791442640462388e-01	   4.9167400136283390e-01	   6.7006588771760756e-01	   7.4576674809927157e-01	   7.2030941243531277e-01	   5.9704643775705624e-01	   5.9420364441057827e-01	   6.1103754248965458e-01	   6.4443041297355230e-01	   6.1962216586764840e-01	   6.3910364487902283e-01	   8.7961019755200287e-01	   8.5786417327378095e-01	   4.5514777366464348e-01	   3.7340183639027186e-01	   8.3563216695761566e-01	   9.1302417720423845e-01	   7.3141171846061914e-01	   7.5996008886213651e-01	   6.6964821042363254e-01	   5.5245783100369295e-01	   4.1236148984600873e-01	   2.3830727848212352e-01	   5.2676200472242929e-01	   6.1249236650825856e-01	   7.2665499528610000e-01	   8.2760699636800217e-01	   3.9462441389181119e-01	  -1.7556803369305943e-02	   3.1607243924589157e-01	   1.0721804029598225e-01	   2.6228995030934882e-01	   3.2170502257076627e-01	   2.9591240181065192e-02	   1.0164611614787680e-01	   3.9094399262235197e-01	   5.1024906320108865e-01	   6.5990237200215485e-01	   5.0391464363952343e-01	   6.0034731778164097e-01	   6.1969636977398812e-01	   6.2438719208108828e-01	   3.4955857514406002e-01	
   6.5572777553688411e-01	   3.9119511627651360e-01	   9.3035126372160459e-01	   6.7798997933378657e-01	   9.1497310710596391e-01	   6.5107168487622746e-01	   8.5759698261441875e-01	   6.2516599478970536e-01	   0.0000000000000000e+00	   9.0546190012638372e-01	   6.3407204001597395e-01	   4.1239981374995288e-01	   8.2816542465080933e-01	   5.2504254432361386e-01	   1.0280427823666189e+00	   7.7424121135767543e-01	   2.5681551668130953e-01	   2.5568662295751632e-01	   6.0344315635027368e-01	   4.3004033292000482e-01	   2.6921384592057929e-01	   4.4191960198471730e-01	   6.0134629234977643e-01	   5.1370594543765324e-01	   5.6093407545512231e-01	   6.6080301657358953e-01	   5.5695696179608500e-01	   6.7724916751532249e-01	   3.7387419731657173e-01	   3.3738631177190143e-01	   3.9278074336806884e-01	   3.3856201300695843e-01	   4.9341442474585906e-01	   6.3118145736604470e-01	   4.4239598151435194e-01	   4.2654399561021317e-01	   4.1479889364604783e-01	   5.1787888098879387e-01	   5.2336656072636423e-01	   5.9349914046444818e-01	   7.0795361024517012e-01	   6.1037872021673689e-01	   7.2422827924722288e-01	   5.6838056767104095e-01	   4.9803649728287469e-01	   4.4070296879865123e-01	   7.6092670987797839e-01	   6.3468095022941573e-01	   5.3525815489622219e-01	   3.4189775191102312e-01	   6.2200307881455363e-01	   3.5767050632077513e-01	   5.8082863956926145e-01	   6.0103459410679705e-01	   7.3799213384190399e-01	   6.6865266843835902e-01	   4.1988361619641951e-01	   2.9965667286703257e-01	   5.9350331901635522e-01	   4.3998863749178158e-01	   7.8653624626014662e-01	   3.0446704193666435e-01	   2.1627041233612115e-01	   6.3296204115757759e-02	   5.3246401331189852e-01	   4.9530597979610957e-01	   6.0121335544215226e-01	   4.3546727716301947e-01	   6.7226568969655276e-01	   5.8622766965032924e-01	   2.8334327315870733e-01	   3.6278374848783107e-01	   2.7915923596668801e-01	   3.4136030864244532e-01	   2.7004008291398762e-01	   2.5901980311310840e-01	   4.6899080515142960e-01	   5.1876529631961843e-01	   3.5704862016511207e-01	   3.4302220373271458e-01	   4.4208249429504964e-01	   4.7190112783193672e-01	   9.4315111697659015e-01	   5.9948089070847510e-01	   7.6360324859128514e-01	   5.7625585125851486e-01	   7.8545921175687283e-01	   2.3183089065822221e-01	   1.0811592136209411e+00	   7.7552654216660977e-01	   7.3986853719800683e-01	   8.4289394911726589e-01	   6.9974205585157723e-01	   7.9300703749303825e-01	   2.8311303599922538e-01	   1.2505443998207005e-01	   3.9568946604845440e-01	   3.9401210738813008e-01	   5.4500592105403933e-01	   7.6319407362579794e-01	   3.8181635359741700e-01	   1.7605048875554249e-01	   3.8593800151633562e-01	   3.6293415411759838e-01	   3.0005263217641226e-01	   3.3399016892438965e-01	   2.1614633321141094e-01	   1.4240496569608721e-01	   1.0226074297975768e-01	   3.1744455162595364e-01	   5.1721376753276216e-01	   4.3144236828878629e-01	   5.6478547068560458e-01	   3.7983142569343570e-01	   4.5064296129445858e-01	   1.9967791361062842e-01	
   5.9562024160752181e-01	   4.4470577020914892e-01	   5.0204316928710291e-01	   7.9040211016065365e-01	   4.3757666566809827e-01	   6.5405424461631112e-01	   5.0078416861438124e-01	   7.2394328855611667e-01	   9.0546190012638372e-01	   0.0000000000000000e+00	   5.3102545042450400e-01	   5.8812978161526275e-01	   6.0456149312838758e-01	   5.3272536815440219e-01	   6.3247604919936018e-01	   6.8496442332810215e-01	   3.0725820164532736e-01	   1.7142225952741263e-01	   3.5452902356466759e-01	   2.4490021245712426e-01	   1.5024503412075474e-01	   2.8335936088106994e-01	   4.5649573966675971e-01	   3.8352831174520036e-01	   3.6291030476672465e-01	   5.2194263899738513e-01	   3.1500540411531364e-01	   3.9303855116183867e-01	   3.6264770091600507e-01	   3.4135125613583883e-01	   3.3828881871817479e-01	   4.3448767545181255e-01	   2.3521762494289183e-01	   4.6362648290844488e-01	   2.5193109394556568e-01	   4.9261316036810421e-01	   2.7347073649470571e-01	   4.2330709438047442e-01	   3.4499637681665229e-01	   3.5682687236775334e-01	   4.0183199191337565e-01	   3.8587431955545470e-01	   4.2748293306093532e-01	   3.2700600254998524e-01	   3.6749691676237523e-01	   3.6849819931533900e-01	   4.6261100041384140e-01	   3.7155866062321957e-01	   4.7848050781852092e-01	   4.5340669816331186e-01	   4.4682515288504843e-01	   3.2204372507183443e-01	   3.5259856566706965e-01	   4.0588215021375373e-01	   4.4163214768164061e-01	   3.6333318383315283e-01	   3.8387807089656706e-01	   3.0563284681341790e-01	   5.4826489158137215e-01	   6.3546394223812452e-01	   7.1214512388929052e-01	   6.8521850318244315e-01	   1.8684639628730962e-01	   4.4116308862014460e-02	   3.6510960280297411e-01	   6.7013104972433313e-01	   3.0422090912060418e-01	   2.9905567850922282e-01	   2.5488087481985305e-01	   4.2941674290495369e-01	   1.9203861932039173e-01	   3.2012613443734561e-01	   1.9398642011208889e-01	   3.2827115408700219e-01	   1.8099397330168857e-01	   1.4809512140193060e-01	   2.4939256119556025e-01	   3.7843057140977154e-01	   4.8751350249962899e-01	   3.9003888932974340e-01	   4.6344954911232289e-01	   2.6966634716771998e-01	   6.6884841834457631e-01	   4.7508425500670476e-01	   6.2226570021029670e-01	   4.5561118148267493e-01	   5.4062611767924618e-01	   1.1352305468116709e-01	   7.8691289125958663e-01	   8.0342601275214198e-01	   5.9467794293943466e-01	   5.2729929933293573e-01	   5.4494222906007961e-01	   4.8186740137686124e-01	   2.7982332254101527e-01	   1.6700611203496701e-01	   3.3592108697354944e-01	   3.0162564378658274e-01	   4.1751784976648082e-01	   5.6565154455093491e-01	   1.6554103134382134e-01	   1.3492025132930957e-01	   3.1799899231915235e-01	   1.4170896984488926e-01	   3.1500630645206878e-01	   2.2285445837756346e-01	   1.4661764280803091e-01	   2.4166165719656313e-01	   1.9279484047013690e-01	   3.0455131950682607e-01	   4.1590972847886382e-01	   2.4125578978057699e-01	   3.4895566782573356e-01	   2.0704869314241814e-01	   2.7734209364621887e-01	   9.2193139979084612e-02	
   9.2186870229601181e-01	   5.8892754738602671e-01	   4.6587795370448715e-01	   5.2726514121639667e-01	   2.5613883306598634e-01	   9.8323332775352601e-02	   4.8284797811178154e-01	   4.8377638885471264e-01	   6.3407204001597395e-01	   5.3102545042450400e-01	   0.0000000000000000e+00	   9.6264518511642649e-01	   1.1243328364885079e+00	   8.2909466854314062e-01	   5.7440289302497849e-01	   4.6133286374115323e-01	   5.4234494745956363e-01	   5.6662576136087828e-01	   6.5587380527673900e-01	   4.5475705240708830e-01	   2.9205152850566088e-02	  -3.1197611592405725e-02	   4.0921628704100049e-01	   3.2015163176251016e-01	   7.7652444570035228e-02	   1.4245586120434972e-01	   3.1315641118451998e-01	   3.1432374267148711e-01	   4.8222769529153853e-01	   4.9964912666197103e-01	   2.4974179191310986e-01	   3.1147897015180698e-01	   5.0091908229820492e-01	   5.9170120887368993e-01	   2.7153302818084230e-01	   3.1526655990074004e-01	  -1.4388265429584442e-02	   2.1415223171922707e-01	   1.5307581353521485e-01	   2.4502171928234934e-01	   3.3613432991991954e-01	   4.7198687395354044e-01	   1.8209311656694821e-01	   1.1370789389505737e-01	   2.0229236829347422e-01	   1.7989969994152932e-01	   2.7004739972200892e-01	   2.1969138454473305e-01	   3.4206476740523806e-01	   3.7896784892960650e-01	   2.9091730409852634e-01	   2.5178064010188783e-01	   2.8897010827556929e-01	   1.8844729787950687e-01	   4.2879016864235286e-01	   4.2921029418755741e-01	   6.9744857383727665e-01	   5.0891622579494589e-01	   5.6466489560105027e-01	   4.7180612690526880e-01	   8.6494335676286671e-01	   6.8632899543809989e-01	   5.3721118724270156e-01	   4.3653022325711621e-01	   2.8939073641267987e-01	   3.9736204640671757e-01	   2.5786718715875240e-01	   1.5954774931646912e-01	   5.3291593301362272e-01	   3.2977480534413811e-01	   3.8816303994592377e-01	   2.8180079874123298e-01	   6.2665761850327051e-01	   5.4682455514157635e-01	   4.8276784589226041e-01	   4.3380460642476149e-01	   4.9077248423045750e-01	   4.2884070570070632e-01	   4.6566085819950359e-01	   5.6474086430453641e-01	   4.5292395958380016e-01	   5.3898402726087680e-01	   4.9645463404599610e-01	   6.0417621665134147e-01	   6.7575807888412021e-01	   5.4050199092542439e-01	   3.7540073730250584e-01	   2.6576957070242702e-01	   6.4261683600730246e-01	   5.7704842909850929e-01	   3.3965123015181731e-01	   3.9044266427299257e-01	   2.9751562496769163e-01	   4.2936966971618384e-01	  -3.5121079665149921e-02	  -1.2592631557167411e-01	   1.5455473174191854e-02	   1.6763465733133348e-01	   2.5112416060205917e-01	   4.6797393971374390e-01	   2.2392846008245107e-01	   5.6257455679100205e-02	   1.7128083277254030e-01	  -7.9576620847228427e-02	   2.7565461317020912e-01	   3.0405076771777234e-01	   1.0777403253237669e-01	   1.3554023343300658e-01	  -1.2593803900708422e-01	  -9.1976368525488822e-02	   8.6156980391030341e-02	   7.2439305209181709e-02	   2.2925083955639536e-01	   1.1380386067565393e-01	   2.6356620534420383e-01	   1.6306466321730362e-01	
   9.0269247369462802e-01	   6.0208736780871086e-01	   4.3633026273415348e-01	   7.8300319474280999e-01	   2.2252664720378190e-01	   1.5828403699084179e-01	   5.6555696910214892e-01	   7.9676661908733315e-01	   4.1239981374995288e-01	   5.8812978161526275e-01	   9.6264518511642649e-01	   0.0000000000000000e+00	   8.7221356617042822e-01	   1.1246271443190663e+00	   4.9535998504375822e-01	   5.0789009211387759e-01	   5.6235440395585923e-01	   6.0149081349596867e-01	   6.1866740720879843e-01	   4.4406558340170044e-01	   1.3607442267792044e-01	   1.1161478737950874e-01	   5.2502148772958090e-01	   4.7043130589604887e-01	   2.3149193708531651e-01	   3.0222627166160110e-01	   3.8483845682053941e-01	   2.5105703289449455e-01	   5.3860824676877184e-01	   5.7148294300580937e-01	   5.0880091873441502e-01	   6.4177146251996686e-01	   5.4792371553215180e-01	   6.6610446738577889e-01	   3.2091746679755800e-01	   4.8436807325838088e-01	  -1.1752002212809880e-01	   1.9201332230712390e-01	   6.5510901013408618e-02	   2.0332744000699834e-01	   2.1038132996436498e-01	   3.6653473671778997e-01	   1.7741302625083127e-01	   1.9731334084789645e-01	   2.9501319992079422e-01	   3.5005850353632972e-01	   2.6903381990272401e-01	   2.6589995605718431e-01	   3.8249636988076141e-01	   4.7482796684937134e-01	   3.6333402409919879e-01	   3.4344817161603830e-01	   3.3662136743777471e-01	   2.4061135303533226e-01	   4.3631304430683365e-01	   3.6458927386564777e-01	   7.1282309350860651e-01	   5.2688524661637359e-01	   6.5749692447482011e-01	   6.2484376671241382e-01	   8.5717777762414493e-01	   9.0921976248516212e-01	   5.6418424363128938e-01	   4.2061662332875421e-01	   4.4513329338509305e-01	   6.9218193380625981e-01	   2.8276648507293045e-01	   3.1694679732500947e-01	   3.7993437704421734e-01	   3.4184799909491792e-01	   4.6232004925154441e-01	   3.1828007839197209e-01	   5.0021601800131854e-01	   5.5098185960664847e-01	   4.6314344630635340e-01	   5.0557597694733858e-01	   5.5486346008610821e-01	   4.5557619115969145e-01	   6.9550498447037812e-01	   7.1342225978471230e-01	   5.7299063787475957e-01	   6.0011096608385284e-01	   4.3841519507684890e-01	   5.7016285535635125e-01	   8.6777438637574411e-01	   7.3130842513316852e-01	   3.7093228475669204e-01	   2.3667170313755742e-01	   6.6316312870933647e-01	   6.6649829315446851e-01	   4.0144122930123738e-01	   3.6121932783210481e-01	   3.7120189407148324e-01	   3.0333292520330757e-01	   1.8756355933004157e-01	   7.6562198101329373e-02	   1.6831372502667033e-01	   4.0966402981188044e-01	   3.3441439330446920e-01	   4.7091790053862931e-01	   2.0350672640250886e-01	  -1.6741197164907427e-02	   1.9213100311638803e-01	  -5.8058008894179509e-02	   2.5837805944266656e-01	   2.7054583855733455e-01	   8.2022122578767516e-03	   1.6111015930219683e-01	   6.6778732357698614e-02	   1.3668308636343079e-01	   2.8745352492137832e-01	   1.0970066717399936e-01	   2.7986381733378318e-01	   3.1367337050264871e-01	   4.0479181376786955e-01	   1.4211867765187408e-01	
   8.2540093620873867e-01	   6.0341037192524105e-01	   5.7497077337267655e-01	   5.5110139815931491e-01	   4.7487176544458659e-01	   3.2289619063510150e-01	   6.6598825248986571e-01	   5.7802644401982017e-01	   8.2816542465080933e-01	   6.0456149312838758e-01	   1.1243328364885079e+00	   8.7221356617042822e-01	   0.0000000000000000e+00	   9.3216154075024582e-01	   6.9863892315895559e-01	   5.9358310556360405e-01	   5.4211540500481292e-01	   5.7189248973236029e-01	   6.6644038677775497e-01	   4.7644925480909661e-01	   1.6266265274711955e-01	   1.4272637123266668e-01	   4.8087858582089560e-01	   3.5886965432150886e-01	   3.1414091869275418e-01	   4.0476837445183145e-01	   4.4466251700908976e-01	   3.8081768950642958e-01	   5.1393773107879004e-01	   5.0088740881127880e-01	   3.1189875219002527e-01	   3.7363313603794956e-01	   5.9237289753357880e-01	   6.8327657376960649e-01	   3.5938906086849481e-01	   3.2426762532677023e-01	   6.8182986918325934e-03	   2.9242492256420494e-01	   2.3211904773636599e-01	   3.3685270146514062e-01	   4.3002627773003771e-01	   5.0306555237198913e-01	   4.4390247987876458e-01	   4.0491123206264901e-01	   4.5901487255539875e-01	   4.0350604059076467e-01	   5.0995521936098809e-01	   4.2745019622076352e-01	   4.6573147700102402e-01	   4.3555893465772971e-01	   4.7847531202400362e-01	   3.4775088238946156e-01	   4.5148175845016070e-01	   3.9985594926223539e-01	   5.4615114940741893e-01	   5.0566658475298687e-01	   6.4988700394349641e-01	   5.1004074875793282e-01	   7.0143988820926095e-01	   5.1282548436200615e-01	   9.4980111109239307e-01	   5.4500193422079379e-01	   5.1716529722078708e-01	   3.9262212603266605e-01	   4.3061113350636870e-01	   4.5279353757329838e-01	   4.6139279193867844e-01	   3.2881670062246432e-01	   5.7887799642105331e-01	   5.0713313776636793e-01	   4.0995578690805295e-01	   2.6358374108332328e-01	   5.9293921994895427e-01	   5.2808505852713916e-01	   5.5472613880927324e-01	   3.4920205329686549e-01	   4.4750637491601858e-01	   4.3281782515229122e-01	   5.0058230726715025e-01	   5.8968424086622973e-01	   4.7341035760515693e-01	   6.4852276242446494e-01	   5.7173116807135149e-01	   6.2972775912038836e-01	   7.9050116202401888e-01	   6.5896167509503234e-01	   3.4887927128195623e-01	   1.7754576433249464e-01	   7.2469251408464874e-01	   5.7004340492885008e-01	   4.0899618904726831e-01	   4.4730731442356136e-01	   3.7694065276287264e-01	   4.7463316025198743e-01	   6.1568115945148799e-02	  -1.2138403917626880e-01	   1.7221630292202084e-01	   2.5666762656831815e-01	   4.0701348658205044e-01	   5.3566374802185623e-01	   2.0626541243369154e-01	   1.1230965015959060e-01	   2.3911069468401303e-01	   8.4533692883588904e-02	   2.4737730887923465e-01	   2.0736159589515721e-01	   1.2688905331505240e-01	   1.6495425753529963e-01	  -6.4936982447486691e-02	   7.2991063348425644e-02	   2.2352197316422354e-01	   2.1434392616770265e-01	   4.0214090855473850e-01	   2.9697107148366797e-01	   3.5397926638581295e-01	   1.5876409707174249e-01	
