   0.0000000000000000e+00	   1.2841612933563542e+00	   5.5417383825489352e-01	   7.0448783818751493e-01	   5.7326242359583801e-01	   5.2452244681998161e-01	   5.1711932886510126e-01	   5.7759796027592103e-01	   5.7765662097769954e-01	   4.8919459014969768e-01	   8.3341591520953640e-01	   6.0076329597249045e-01	   6.9169814195966206e-01	   9.3738313263561923e-01	   1.0233982339905878e+00	   8.9555950278148944e-01	   8.7916111602652558e-01	   8.0087828328675037e-01	   1.2688726392788112e+00	   1.1802329144531936e+00	   4.0822871878853889e-01	   5.0372790272540957e-01	   8.0351159186385446e-01	   7.1016656085410435e-01	   6.7015409897984424e-01	   5.8061104350947512e-01	   5.0842796714433003e-01	   3.8108168629734057e-01	   6.5738969702761429e-01	   6.1737596294417696e-01	   5.1058481862467753e-01	   5.8725061754536534e-01	   8.4091287127351988e-01	   7.4515398778717323e-01	   4.1731214404733469e-01	   4.1091011677065548e-01	   8.9528065023585479e-01	   6.3980907180234603e-01	   5.8666157072047487e-01	   7.8806095422057720e-01	   8.0648760256057972e-01	   6.9847580061659886e-01	   1.0161133858545119e+00	   1.1824097130410796e+00	   6.9347267822778180e-01	   6.6805595838783283e-01	   1.0991663029013805e+00	   1.1772964562673573e+00	   8.3328246890504110e-01	   7.8701834611260291e-01	   9.3470247213009294e-01	   8.8024607614146066e-01	   8.7946940146012620e-01	   9.5857119033314853e-01	   9.7444561305316812e-01	   1.0549761662743269e+00	   1.1625350920921613e+00	   1.0182915132356407e+00	   7.5166094507250703e-01	   6.5310704542036802e-01	   4.8861575508037647e-01	   3.0662776771028810e-01	   7.3137168455698376e-01	   4.0281590500529874e-01	   4.2369660942753767e-01	   2.6611088913891667e-01	   3.8030341916743005e-01	   3.4161395734673022e-01	   1.1057613685214818e+00	   8.7157279526555687e-01	   5.3131005396126785e-01	   6.4199760300393227e-01	   1.0178779406154292e+00	   8.5494012414394638e-01	   9.4620647438795003e-01	   8.9637143342499770e-01	   1.1967323551889226e+00	   9.8936579246557788e-01	   9.0108221936803756e-01	   7.4092212841864080e-01	   8.8292999268235450e-01	   8.0136569500090904e-01	   8.7276473590193304e-01	   8.2248508002192011e-01	   7.3919714274203185e-01	   7.4034392725741960e-01	   4.3914766659427162e-01	   5.4182106415060494e-01	   5.4421954666053518e-01	   7.1858165068167745e-01	   3.9216401296483860e-01	   5.9316792667765217e-01	   4.5000654915502064e-01	   4.9733194129713948e-01	   4.9778350411436545e-01	   4.5187648416717741e-01	   8.9766101401639187e-01	   1.0418619789853105e+00	   9.7597597626855126e-01	   1.2278837083377834e+00	   3.0759852754823552e-01	   3.9224284732151460e-01	   7.3281296164433185e-01	   6.5309211028975334e-01	   6.1985945389257224e-01	   3.2579221701185940e-01	   6.3203749284115818e-01	   1.5322325325830743e-01	   3.5294124170285968e-01	   7.1796849515128935e-01	   9.5001711976036285e-01	   9.6368521128300333e-01	   9.7947299092569495e-01	   9.2465347845374390e-01	   7.4307262246730021e-01	   1.7370240627228820e-02	
   1.2841612933563542e+00	   0.0000000000000000e+00	   6.0985614210815209e-01	   7.5821616686915694e-01	   5.4280966705579947e-01	   4.2732460270517109e-01	   5.4905935481179047e-01	   5.6415719668152164e-01	   5.7946496478972787e-01	   5.0164559627836924e-01	   5.9947677111842057e-01	   5.3691307988734427e-01	   5.3436034013526035e-01	   7.4219555712601482e-01	   8.8355454414199119e-01	   7.6257412781772926e-01	   9.0835589818625329e-01	   9.0884579240735741e-01	   1.1420607959306162e+00	   1.1773348647566393e+00	   3.0750459429162841e-01	   3.4930307799973770e-01	   7.4702969195769831e-01	   6.7370317735882934e-01	   6.1313052570628401e-01	   5.3742572449125370e-01	   5.2234588256763193e-01	   3.8756090612256588e-01	   5.8407687825419385e-01	   5.0014379849656820e-01	   4.7434843183186726e-01	   5.5676981663658709e-01	   9.7418520574812040e-01	   9.0759888925603494e-01	   4.8669042384732175e-01	   4.4071721439714817e-01	   8.5231688070478384e-01	   7.3651375028393562e-01	   6.6207735945834156e-01	   9.5167156284191545e-01	   7.8004686057117845e-01	   8.1049768604486161e-01	   8.2197096415214732e-01	   8.6448606577332532e-01	   6.5079543420517827e-01	   6.4645102466583837e-01	   1.0364010345915611e+00	   1.0264359860534413e+00	   7.2690658847562106e-01	   6.6341995635650586e-01	   8.7870264823178823e-01	   7.3723289968917105e-01	   8.9191716918345809e-01	   8.7803081197256949e-01	   1.0442734724158118e+00	   1.0926986722677043e+00	   1.4466061690555674e+00	   1.5093816652570411e+00	   9.3362470610452963e-01	   7.1276979268803975e-01	   4.3538003429066496e-01	   2.6343267444922513e-01	   6.5443923435195761e-01	   3.7806134393565533e-01	   4.2295967846315441e-01	   2.7823174573671033e-01	   4.5344868913443892e-01	   4.4880107040684225e-01	   1.0698877763884780e+00	   1.0311165949190313e+00	   4.6319879823674859e-01	   4.9631887909562106e-01	   9.6914902912578604e-01	   6.9507476498178067e-01	   9.8705090529013773e-01	   6.7974054940537465e-01	   1.0654399114752953e+00	   9.2062565598806301e-01	   9.6261326999681351e-01	   7.8411904258678267e-01	   9.2493258597144257e-01	   9.4201815867761840e-01	   9.5208533070453627e-01	   9.0009943807358894e-01	   7.9161260597694150e-01	   8.3964002688694339e-01	   4.6956110537930235e-01	   5.7603670790134398e-01	   7.0751916286231320e-01	   7.8985902450112389e-01	   4.3583860739477726e-01	   5.8052283360303236e-01	   5.3057423431408901e-01	   5.5102964823229739e-01	   4.8402316670447521e-01	   5.9863606976566974e-01	   9.1019938738554829e-01	   1.0148525692597676e+00	   9.9347095554349840e-01	   1.0872353743580510e+00	   2.9519607989328017e-01	   5.3565699552317769e-01	   7.6325180903723722e-01	   5.7737412545845646e-01	   5.8280897587479596e-01	   3.3366452949301628e-01	   6.6188870970770741e-01	   2.6298699205942483e-01	   3.7896612141050601e-01	   7.5332403864402064e-01	   9.8679680806651393e-01	   8.8518574698850561e-01	   9.4768423076026442e-01	   8.5374341733296466e-01	   6.8609526075683258e-01	   8.6152572970327468e-02	
   5.5417383825489352e-01	   6.0985614210815209e-01	   0.0000000000000000e+00	   1.1424356985184239e+00	   8.2072701959843664e-01	   4.3855709823167505e-01	   1.2518081436321511e+00	   6.9883352326775516e-01	   7.0013549256943486e-01	   4.2544199261284099e-01	   1.8156458480079368e-01	   1.0279105100452446e-01	   2.1548997536260836e-01	   5.2072810797226232e-01	   6.2760129276699272e-01	   5.8609170951917544e-01	   3.9459512403407965e-01	   3.8881259021333531e-01	   7.8918304222979863e-01	   7.5027665792467135e-01	   4.2029266243516061e-01	   6.1249525151799533e-01	   1.3362579184213690e+00	   1.0702856199447717e+00	   1.0714663716068320e+00	   1.0058876193562025e+00	   7.9425144292065042e-01	   6.9487454926517023e-01	   2.0983837744220740e-01	   2.5361287217773443e-01	   9.5984456141292229e-01	   9.9789374790083218e-01	   9.1418693659677563e-01	   8.0599346608586542e-01	   1.0655372824518612e+00	   1.0407573056981496e+00	   5.9979620047195115e-01	   6.8129526809728791e-01	   8.6982913470871215e-01	   6.1628010288153567e-01	   3.3744522697633139e-01	   4.3190859521079844e-01	   8.1269343971863783e-01	   6.7152265752883178e-01	   6.3033499172342444e-01	   4.9508477132534912e-01	   8.5062955882670721e-01	   7.4136828020528656e-01	   5.8808816190642121e-01	   4.7021306786491829e-01	   6.2733571407280664e-01	   5.8537566828320020e-01	   7.4993627194618395e-01	   8.4597524283530667e-01	   9.5690882358174845e-01	   6.1110768611092459e-01	   4.7068899783421403e-01	   4.5025903781340920e-01	   9.7514831202474339e-01	   4.8757300545649834e-01	   8.5943304407002852e-01	   3.3523867183887884e-01	   4.2310032087239452e-01	   3.8562114918077518e-02	   1.0677724389321650e+00	   6.1049407143737433e-01	   1.2240266138367544e+00	   8.7663708564659193e-01	   1.0498731728133246e+00	   1.0401667304415758e+00	   4.9984473061343199e-01	   5.2514747719535326e-01	   4.0767730456682333e-01	   2.9569560801194283e-01	   3.2126150659148128e-01	   2.5541877743028163e-01	   6.8196110327544446e-01	   5.9873277713458739e-01	   7.4860865917397701e-01	   4.6623108586225237e-01	   5.7922162147626854e-01	   8.7120213322811657e-01	   6.4125121006439700e-01	   7.7645613654114820e-01	   1.1072088171938168e+00	   7.4848611517651831e-01	   2.9981572752036278e-01	   7.3859173675581469e-01	   9.0138491730325121e-01	   8.9334610313857021e-01	   7.8806831741876537e-01	   9.2082021534387359e-01	   1.0007309597422145e+00	   9.4543983031346368e-01	   6.1693357006768157e-01	   5.6037660311862003e-01	   8.8458324286956946e-01	   5.5741088347726209e-01	   6.7121295861575925e-01	   6.2823125922619427e-01	   4.2170012878559376e-01	   5.4764642359877191e-01	   8.1129470448766405e-01	   6.9265542216300746e-01	   5.4457412885885403e-01	   5.7697485876892263e-01	   7.5126814961296962e-01	   2.6775462412572426e-01	   1.0566162062137896e-01	   5.7976770487745333e-01	   8.7313158884049380e-01	   4.5571402034891850e-01	   7.1867250596916366e-01	   5.8645688338158075e-01	   6.0542648985965009e-01	   5.5721294455369684e-02	
   7.0448783818751493e-01	   7.5821616686915694e-01	   1.1424356985184239e+00	   0.0000000000000000e+00	   8.2990170733722224e-01	   6.2447444120269102e-01	   1.0627787250169847e+00	   1.2941735512592030e+00	   8.2290893266462972e-01	   7.5146848413695988e-01	   5.3938319412052538e-01	   4.0870106163751957e-01	   4.6890750760926753e-01	   8.6272694178741904e-01	   7.1589786572589131e-01	   7.4337807480276918e-01	   4.9497734643842806e-01	   3.4553910685022537e-01	   9.6908748515896725e-01	   8.7211656849776342e-01	   3.2669537125485282e-01	   4.9270208519436365e-01	   1.1035087218434945e+00	   1.2134415724342313e+00	   8.8924612399024283e-01	   8.6419993909599968e-01	   7.5422264157232632e-01	   6.0341358979082416e-01	   2.5479857365306569e-01	   2.6983529812033324e-01	   7.0568896291361238e-01	   7.9860451270180910e-01	   8.6904518237832695e-01	   8.8507765442648800e-01	   8.9276573369076573e-01	   9.0827587756546369e-01	   6.4726156571168969e-01	   6.1356703552392355e-01	   8.6148036194219624e-01	   7.4177382401909897e-01	   4.9947634202541347e-01	   4.7372656584059403e-01	   7.4049292166971936e-01	   6.8122457004369086e-01	   5.6731934082803293e-01	   4.7778848512396183e-01	   8.0712898651601450e-01	   7.0636240833317399e-01	   5.2725180704390850e-01	   4.1558483016544678e-01	   5.9690258685176223e-01	   5.9096568188117204e-01	   7.4663237335054833e-01	   7.0883894378057810e-01	   9.1764367534565194e-01	   7.4267492345149222e-01	   7.3867550303041130e-01	   7.4520493062072313e-01	   1.0217284032503249e+00	   9.3971798559941644e-01	   1.0826775915113198e+00	   7.9601931867562736e-01	   5.7072441819001263e-01	   2.7258472592820426e-01	   8.6959206158468483e-01	   7.9820640553278344e-01	   9.4737351849131590e-01	   9.4626244975974882e-01	   1.0928614741364415e+00	   1.1798563622023486e+00	   6.1434081173317934e-01	   5.7629934704003860e-01	   4.8437514037517770e-01	   3.4112907041031387e-01	   4.8983424609073400e-01	   3.4361957085897943e-01	   7.9248239014645683e-01	   7.6838962601223448e-01	   8.7941782374220367e-01	   4.4310724579516914e-01	   6.4096232760716720e-01	   8.1931783236995737e-01	   8.2507161463536638e-01	   8.3881852540068369e-01	   1.0481534575499944e+00	   1.0061642212852655e+00	   3.3203245589802577e-01	   8.3472487432217046e-01	   1.0756388196825470e+00	   1.0523921365816420e+00	   6.0627637887349461e-01	   7.6549038117309454e-01	   8.2716197442567185e-01	   7.8115345904929046e-01	   6.8547881661338272e-01	   5.7370540552013949e-01	   8.0009911952605561e-01	   5.6116972129347176e-01	   7.1603539285437179e-01	   7.5002919937415524e-01	   4.3747571458658152e-01	   5.7927165781261081e-01	   7.8607077103787559e-01	   7.4615920953285875e-01	   5.5917343880243997e-01	   5.8212705200411596e-01	   6.1722773308049628e-01	   3.3929218191464261e-01	   1.2732940348333374e-01	   5.4217224057125679e-01	   8.4162241724067943e-01	   5.2005250926085411e-01	   9.2071661777901503e-01	   5.8606412866572977e-01	   6.9709330420478832e-01	   1.7139128918920310e-01	
   5.7326242359583801e-01	   5.4280966705579947e-01	   8.2072701959843664e-01	   8.2990170733722224e-01	   0.0000000000000000e+00	   8.7721229232181430e-01	   7.2794363707350618e-01	   8.0677241985448755e-01	   9.6056285606665748e-01	   7.4871475541046484e-01	   3.4195187673575717e-01	   4.1325291175218160e-01	   4.1368161558085831e-01	   7.4193880966741577e-01	   9.1666187206774530e-01	   9.6889618829528790e-01	   5.5677793016469845e-01	   4.1720220344080966e-01	   6.8448563639812654e-01	   6.5119927212669748e-01	   9.1399349806212848e-01	   9.8722576196883594e-01	   7.6638323000177000e-01	   6.4544143229954321e-01	   6.5610073549616066e-01	   6.3915595199064068e-01	   1.0460218266508712e+00	   7.5204882283307439e-01	   4.9644562691579874e-01	   5.6522342181789398e-01	   7.5823657806294820e-01	   7.9194310585227778e-01	   6.9791219682730665e-01	   6.6297598200039920e-01	   4.8896551936184662e-01	   5.2644011874988139e-01	   6.9585953519821031e-01	   6.0505287071042535e-01	   8.2172154752536852e-01	   8.3862578582782243e-01	   6.3799198875685836e-01	   5.4652376668619629e-01	   9.9354875288141253e-01	   8.6696799589719442e-01	   9.0997638188268237e-01	   8.2132061543208912e-01	   9.5280252419208911e-01	   8.9590996961005298e-01	   8.8686512202207257e-01	   7.9999526970169710e-01	   8.4797721978582230e-01	   7.5486717997967612e-01	   8.1422826352771360e-01	   9.4673198690054505e-01	   8.9195716473166131e-01	   8.1662707722454098e-01	   4.7704095462184115e-01	   4.7091383031737621e-01	   7.2257952587602725e-01	   6.0257542134157616e-01	   5.8367193668392081e-01	   4.3775782754131010e-01	   3.9214490431783977e-01	   2.5388986748735476e-01	   4.9212700547969812e-01	   3.7736635135785890e-01	   6.5169108425522659e-01	   6.3881631823187823e-01	   8.9116432646656440e-01	   9.1266142127522398e-01	   9.2525746250945329e-01	   9.1108065838384567e-01	   6.6195203403870395e-01	   4.9844841184213923e-01	   5.7154449241239680e-01	   4.8039633904496870e-01	   7.7758343941191066e-01	   7.9062329553540467e-01	   7.1462713324637661e-01	   6.1130420862918422e-01	   7.1683745652680020e-01	   7.2518319917377927e-01	   7.6339000066932261e-01	   7.5365661239631698e-01	   7.5715484179408254e-01	   8.4561055998890367e-01	   4.2052601094895825e-01	   5.6393137525655623e-01	   6.6161942390182438e-01	   7.2511739304430312e-01	   8.1344496414560974e-01	   8.6994097845417850e-01	   8.5008990609837676e-01	   7.5942203085927440e-01	   5.4975909510400933e-01	   4.6878203674688979e-01	   6.0059342971557572e-01	   6.1902697569904519e-01	   8.9692806639101130e-01	   8.2923810019136124e-01	   4.3914122892296997e-01	   4.6828036435502607e-01	   8.1943235690673066e-01	   8.2204265229583517e-01	   6.4688876150375751e-01	   4.9075088030463465e-01	   5.9458268445415241e-01	   2.3993307572726028e-01	   3.4536223728484755e-01	   4.1958035769532043e-01	   5.5630619760423294e-01	   7.4741188490519084e-01	   8.8918690047354287e-01	   8.4061035416852259e-01	   7.9803427693434470e-01	   7.5017726370688043e-02	
   5.2452244681998161e-01	   4.2732460270517109e-01	   4.3855709823167505e-01	   6.2447444120269102e-01	   8.7721229232181430e-01	   0.0000000000000000e+00	   5.8527754775951668e-01	   7.0549318823972151e-01	   6.7604777101156843e-01	   8.9112770400937058e-01	   4.6707982129931414e-01	   4.6671180973254073e-01	   5.6299083675330674e-01	   8.4063328690978190e-01	   6.3120840448455984e-01	   8.2285249062597399e-01	   3.9875638447286599e-01	   2.8428208521877496e-01	   5.6895019534910907e-01	   4.7708696303488196e-01	   6.9213442059788710e-01	   7.7453225873142628e-01	   6.3462588494852701e-01	   6.8307151469369454e-01	   5.3056919378345102e-01	   5.7686611033257840e-01	   9.6290764999171718e-01	   1.0358261963307613e+00	   3.3776369906606196e-01	   3.9452678777620137e-01	   5.3791102405280189e-01	   5.8100308970043213e-01	   4.4523438802026483e-01	   4.0271068981394731e-01	   4.0127588804002834e-01	   4.5327507914802073e-01	   5.1681369742377570e-01	   3.9479678235525634e-01	   5.6853377976587050e-01	   5.8719562716584250e-01	   5.6657253316500478e-01	   4.5585798652011056e-01	   7.1455185658542575e-01	   6.8628398980906813e-01	   6.8546788184322949e-01	   5.8160816236745094e-01	   6.5469919657387243e-01	   6.1183150203502268e-01	   6.5313282544935725e-01	   5.4686911855400466e-01	   6.6121382413751550e-01	   5.4082796758401430e-01	   6.6461837168205584e-01	   6.3083624605052979e-01	   5.7805871120138996e-01	   5.3625623717687287e-01	   4.9228678493198297e-01	   4.9299754527962825e-01	   6.6142341486875178e-01	   8.2407385339617034e-01	   6.4931493490186420e-01	   6.0317425781639145e-01	   4.2006708155253397e-01	   2.4535100216448374e-01	   3.9221319063894500e-01	   4.2254473404598414e-01	   4.9673644553348667e-01	   5.2048791828514496e-01	   6.6483294455698616e-01	   6.9666890125612779e-01	   5.4900105645619734e-01	   5.0707266058784073e-01	   4.0450359676214825e-01	   2.9432473521669628e-01	   3.1292857480013325e-01	   2.4520074519143234e-01	   5.4455011154753208e-01	   6.1508012954943625e-01	   5.4908312494908462e-01	   3.5174668387654084e-01	   5.3207393759721522e-01	   4.8403441639650036e-01	   5.7163058538510880e-01	   5.4187279832843893e-01	   5.8095711454920507e-01	   7.1299763605363675e-01	   3.5716862602746696e-01	   8.2521598859219636e-01	   6.0742346283312798e-01	   6.9685833184956714e-01	   5.0098322120592109e-01	   4.8478444492568279e-01	   5.7602115893090788e-01	   4.6873825507255240e-01	   4.7426416587842907e-01	   3.2225661612385953e-01	   4.5665673117850630e-01	   5.1106026473236010e-01	   6.6764571737636347e-01	   6.9337462942080463e-01	   8.6781046760017619e-02	   4.0473574718373312e-01	   4.6645972778865263e-01	   6.3482814575280966e-01	   5.9057233562349021e-01	   3.0392172548171775e-01	   2.6951028205922495e-01	   2.8052424022833022e-01	   3.4496208343683760e-01	   3.3139739019321629e-01	   5.2245373964720299e-01	   6.5986213966656826e-01	   8.0602954312084607e-01	   7.0799303174431472e-01	   6.8729901495956514e-01	  -3.4226959950910102e-02	
   5.1711932886510126e-01	   5.4905935481179047e-01	   1.2518081436321511e+00	   1.0627787250169847e+00	   7.2794363707350618e-01	   5.8527754775951668e-01	   0.0000000000000000e+00	   1.0359735160107404e+00	   7.6920092027916809e-01	   5.5978472075842634e-01	   3.4577422891074461e-01	   3.0889163931655195e-01	   5.5432852317579018e-01	   8.0521721607626229e-01	   5.9138672859911612e-01	   6.0052754198048730e-01	   3.0320295072361225e-01	   3.2473572282997243e-01	   6.7507309975097030e-01	   6.5886301910977907e-01	   3.0337081996202808e-01	   4.4505284392602706e-01	   9.6204356383071521e-01	   8.5259906706498467e-01	   7.1080188063790972e-01	   6.6976900690105656e-01	   6.0144697533973668e-01	   5.4785072081100394e-01	   1.9505435326421361e-01	   2.8596873957231217e-01	   6.0874550930763927e-01	   6.4219183549719350e-01	   7.8327302455187930e-01	   7.3686653405362790e-01	   7.8331103164024762e-01	   7.1970570966180103e-01	   3.2872350693296681e-01	   3.4546449606524327e-01	   5.9712347045334124e-01	   3.9192026595965218e-01	   2.6162758423426369e-01	   3.7975566334414179e-01	   6.5770721090528106e-01	   5.7048173845977346e-01	   7.4406471310569366e-01	   6.4906383129001755e-01	   6.8579819231762695e-01	   5.9586954468039843e-01	   6.4882062197018897e-01	   5.0844637252072622e-01	   6.3815006936894803e-01	   5.4172381616973508e-01	   6.7879648447415808e-01	   7.9130822219157582e-01	   7.9386030508098804e-01	   5.7385273440449558e-01	   4.6545507036199812e-01	   4.9387380451830387e-01	   1.1016860809742632e+00	   6.5330510700510480e-01	   1.2795560565704629e+00	   5.7882744267595609e-01	   5.9368247756597237e-01	   2.3093876027238525e-01	   8.4254585143528049e-01	   6.0237026001094307e-01	   1.0596328019688284e+00	   8.6913105298559046e-01	   7.7420310888655797e-01	   8.4616888881425112e-01	   3.7942786743600088e-01	   3.9198527016942886e-01	   3.9032860381539031e-01	   2.8838052560336669e-01	   3.5283180176957957e-01	   2.2877542670752360e-01	   5.5864664036613210e-01	   5.0836269097848119e-01	   6.3439936158589516e-01	   3.2951066102352522e-01	   5.9322544400239041e-01	   7.7521964924608378e-01	   6.2906566423164867e-01	   7.2772686899383343e-01	   1.2352865689990304e+00	   8.9918137588647706e-01	   2.7402831874928779e-01	   7.4339879969543310e-01	   8.9479129924792566e-01	   8.7624726489518689e-01	   6.6015226905540159e-01	   7.9248366594289799e-01	   8.2009673276859452e-01	   8.2591858739392610e-01	   4.9384859003696191e-01	   5.1517582089506553e-01	   6.7958532709457575e-01	   5.1592700511266543e-01	   6.0694150370131761e-01	   5.5499104543874633e-01	   3.1707663726556634e-01	   5.6104928857737646e-01	   7.0292821160286867e-01	   5.4848615904716858e-01	   4.3608746676774296e-01	   4.2890719395862936e-01	   5.8494708750035140e-01	   2.3114737526110257e-01	   7.4286593544748342e-02	   3.3861618255780496e-01	   6.9775184725389161e-01	   3.6291810042297146e-01	   7.2183169878224418e-01	   4.8785906470089585e-01	   4.8761250289370878e-01	  -9.5552377149473074e-03	
   5.7759796027592103e-01	   5.6415719668152164e-01	   6.9883352326775516e-01	   1.2941735512592030e+00	   8.0677241985448755e-01	   7.0549318823972151e-01	   1.0359735160107404e+00	   0.0000000000000000e+00	   8.6824628160453865e-01	   9.9729602961779906e-01	   6.5899904013414023e-01	   7.2970258917510000e-01	   7.2162900413239683e-01	   1.1018644030369247e+00	   6.4479024915637284e-01	   7.3575135163197802e-01	   4.2866103251592413e-01	   2.9590528080825063e-01	   7.2532803681155633e-01	   6.7365962578096550e-01	   2.4090916962389966e-01	   3.5941416366098194e-01	   6.4298849312170381e-01	   6.7290081725123119e-01	   4.4409142260482831e-01	   4.2920078573385140e-01	   4.7542293152959059e-01	   3.8171486558172685e-01	   3.0481253996052149e-01	   3.9678689313777504e-01	   4.3097946556554073e-01	   4.8402766609611775e-01	   6.8898668224757442e-01	   7.5924036913744930e-01	   4.6112772177402833e-01	   4.9594362112511742e-01	   3.5387982125690898e-01	   3.2405781383483995e-01	   5.5481923948261991e-01	   4.9080855033392407e-01	   3.6504955538530415e-01	   4.0941959153831986e-01	   6.3273529670694661e-01	   5.7701637284941631e-01	   6.8140369076244367e-01	   6.4704740081600376e-01	   6.5771942028452790e-01	   5.8138950509523613e-01	   6.2581785796969236e-01	   4.6351186513413289e-01	   6.1282948616769906e-01	   5.4468830258234413e-01	   6.6195363376847038e-01	   6.5583789720114261e-01	   7.5271585381257045e-01	   6.5928970377109986e-01	   6.1659181318543632e-01	   6.3973240998834024e-01	   9.3716351819239896e-01	   1.0102123711980431e+00	   1.0189304186642969e+00	   9.5117502601817772e-01	   6.5675779294439807e-01	   5.3267375138998296e-01	   4.6661906653933838e-01	   5.1751720791987532e-01	   7.3618361658543807e-01	   8.8880581414125337e-01	   6.8019010670051039e-01	   8.3370909535717130e-01	   5.8892703173247307e-01	   5.1294422444861176e-01	   4.7243915815644466e-01	   3.7297512136718580e-01	   5.0152198199665110e-01	   3.9447376361293907e-01	   6.0754541625064795e-01	   6.5790631136407984e-01	   7.1177679637281155e-01	   3.6635984514413633e-01	   6.6437782305878135e-01	   6.8191590347542064e-01	   7.8169089215271836e-01	   7.1325212821745465e-01	   7.7705667147591728e-01	   9.1619567593925844e-01	   2.0248451733016315e-01	   5.5884471256523338e-01	   8.0202183319414122e-01	   7.6486517736455950e-01	   5.8436968080744300e-01	   7.1619433250266717e-01	   7.1692983927733289e-01	   6.8635262271025688e-01	   4.7892385478076188e-01	   4.7334206513776445e-01	   5.6959103229483965e-01	   5.1039410474877989e-01	   6.6980843475656027e-01	   6.5634107508007822e-01	   5.0463793237625920e-01	   4.9083008011519669e-01	   7.1574255930985320e-01	   6.0355777865379767e-01	   5.0252878469079931e-01	   4.0269399202694567e-01	   4.8274966940290309e-01	   2.9394423540733805e-01	   8.2005994122216319e-02	   3.1261635083047112e-01	   6.0721257473903933e-01	   5.0312929988876243e-01	   9.3179702907639128e-01	   4.8744820206045891e-01	   5.4004404857058552e-01	   8.1657772385586871e-02	
   5.7765662097769954e-01	   5.7946496478972787e-01	   7.0013549256943486e-01	   8.2290893266462972e-01	   9.6056285606665748e-01	   6.7604777101156843e-01	   7.6920092027916809e-01	   8.6824628160453865e-01	   0.0000000000000000e+00	   1.1981896808573633e+00	   5.3362212516600338e-01	   6.0099378505429102e-01	   5.8107347620960659e-01	   7.2553585402291465e-01	   1.0304059892590556e+00	   1.0577450438421798e+00	   5.4264133193560171e-01	   4.5757990597141701e-01	   7.6510591462283117e-01	   7.4538326318753845e-01	   4.8088514884167333e-01	   5.3744457131238210e-01	   6.5315789864619189e-01	   5.7926370951151962e-01	   4.0734281095162383e-01	   4.2682277829816812e-01	   6.4092031091100821e-01	   4.6597688587116726e-01	   5.4179913076705277e-01	   5.3270926425911691e-01	   5.2128607513471392e-01	   6.1207443380667814e-01	   6.7328265719968960e-01	   7.0732476665402433e-01	   3.6531228721207110e-01	   3.4602856050431097e-01	   5.3984192357923966e-01	   4.7672146545921718e-01	   6.7165427378428821e-01	   5.9708468138185156e-01	   5.4050679609664520e-01	   5.5466847629118987e-01	   8.8410085214077827e-01	   7.7861226666627270e-01	   6.9548614480813009e-01	   5.4966920158395993e-01	   8.2076408654682875e-01	   7.4714054923027851e-01	   8.1971823222682050e-01	   4.9738975717414813e-01	   6.6164263837203574e-01	   4.7668742876380599e-01	   6.9431065882505583e-01	   7.6897488225432165e-01	   8.8151378693906446e-01	   9.3380767042006974e-01	   5.6841391224281990e-01	   5.3504949855399497e-01	   7.5605782826989176e-01	   6.6547817732013248e-01	   7.1106569053223845e-01	   4.9676389044558583e-01	   7.8223115116515562e-01	   4.8143679214806856e-01	   3.8562901309812220e-01	   2.1381195822110921e-01	   4.0069313514679722e-01	   3.8172936683299119e-01	   8.5231470746413929e-01	   8.2736928337211890e-01	   5.7449601641935377e-01	   6.4403081277699359e-01	   6.4211280320013409e-01	   4.6822092884667216e-01	   5.9953531855488729e-01	   5.0881363719087869e-01	   7.0667554599411819e-01	   7.0528072320299706e-01	   6.0824793687474199e-01	   5.2281717255749327e-01	   7.6513186726524618e-01	   7.1976391741573476e-01	   7.6704967744234087e-01	   7.8333333696997598e-01	   8.6129063705626030e-01	   7.9560582629005616e-01	   3.0363740793532867e-01	   4.1048571429603631e-01	   9.4621622757652324e-01	   8.2615086081167632e-01	   7.7966771635361531e-01	   8.7975212039018402e-01	   8.1809592874239778e-01	   7.6654336520054289e-01	   4.3997825727086443e-01	   4.5140998129162457e-01	   5.1550819315840857e-01	   5.6742018859503729e-01	   9.6815989417367454e-01	   9.1658091562240851e-01	   3.7225436453919725e-01	   4.1898149048383293e-01	   7.4250659166367072e-01	   6.3190765999208331e-01	   5.8793590170773824e-01	   3.5167203361292043e-01	   5.8208318012764826e-01	   1.6720354492514694e-01	   2.8008245301239904e-01	   4.3068285094207376e-01	   5.3600442267853321e-01	   6.5497473849409693e-01	   9.2077933735654482e-01	   7.6271090757732474e-01	   8.0493366070747041e-01	   7.1983261190024131e-04	
   4.8919459014969768e-01	   5.0164559627836924e-01	   4.2544199261284099e-01	   7.5146848413695988e-01	   7.4871475541046484e-01	   8.9112770400937058e-01	   5.5978472075842634e-01	   9.9729602961779906e-01	   1.1981896808573633e+00	   0.0000000000000000e+00	   6.8982041804097038e-01	   8.0064909756496905e-01	   7.0332613284978918e-01	   8.7058003963736297e-01	   8.6154081191140297e-01	   1.0712522932527861e+00	   5.6185831357393645e-01	   4.1540716915581427e-01	   6.7560144488017781e-01	   6.1938024390335666e-01	   2.8080997167960609e-01	   3.7044580112783337e-01	   4.7698178761521293e-01	   4.3974368841805700e-01	   2.1471002496525382e-01	   2.4849967336478179e-01	   4.9363143806859144e-01	   4.5107454678585723e-01	   5.6209197637954023e-01	   5.9592015298409118e-01	   3.9037398995034828e-01	   4.4668822082079757e-01	   6.0657571534109156e-01	   6.4325653606738942e-01	   2.1582045266081276e-01	   2.3318740246988973e-01	   4.3821803640563139e-01	   4.0547549277975664e-01	   5.2250292822826061e-01	   5.6816332295579952e-01	   5.3426415957167517e-01	   5.8322564391242415e-01	   6.6798768879881143e-01	   6.0120396422447453e-01	   6.4784771056471557e-01	   5.4552151873612498e-01	   6.6783883968701541e-01	   6.1203559091012483e-01	   6.7243750674633596e-01	   3.4821694834748895e-01	   5.6085816932178134e-01	   3.5567613228812406e-01	   6.5457902454933414e-01	   6.2754220186546894e-01	   7.2882434710476129e-01	   7.7487180170795100e-01	   5.4242271799472341e-01	   5.4490043478257477e-01	   6.3323295463117257e-01	   7.0032683738933221e-01	   6.0983591201123821e-01	   6.7809192504241467e-01	   7.6623437049117915e-01	   6.8222620244227483e-01	   1.6301430420444130e-01	   1.4985079712357843e-01	   3.4343592803236156e-01	   4.2865072460676495e-01	   6.7461011590983144e-01	   7.2996194800506953e-01	   4.6384610873281984e-01	   4.2689340642945117e-01	   4.8149986390812016e-01	   3.9149937861920203e-01	   4.6225957846883403e-01	   4.1999197802421717e-01	   5.9279007652445082e-01	   7.2317103016877959e-01	   6.4529208558149243e-01	   4.8531748520140727e-01	   7.4609063875809079e-01	   6.2256755869183356e-01	   7.6899318716052345e-01	   6.9905356716418021e-01	   5.9474295705481928e-01	   7.7157067634499321e-01	   2.6387457578507556e-01	   4.0539126695153738e-01	   8.0159485824785282e-01	   6.8564149619554837e-01	   5.9399457079164097e-01	   6.8837382296154848e-01	   6.4232737275086338e-01	   5.4875842718994128e-01	   4.7278841768318591e-01	   4.3315813044723250e-01	   4.2168751826801015e-01	   5.4972517662708986e-01	   8.8688300656638375e-01	   8.2126099018236198e-01	   3.1765285273410709e-01	   2.9500956458631977e-01	   6.0059272084271587e-01	   5.0094795023317307e-01	   6.5544866554484049e-01	   2.2903367156439680e-01	   3.3189685725539864e-01	   1.8519699107823118e-01	   3.5314999248513335e-01	   4.1269485075307566e-01	   4.8498486545418268e-01	   6.9853204042566652e-01	   9.8489991602053317e-01	   6.2908361620035469e-01	   6.5944860457445986e-01	   8.2253113073655529e-02	
   8.3341591520953640e-01	   5.9947677111842057e-01	   1.8156458480079368e-01	   5.3938319412052538e-01	   3.4195187673575717e-01	   4.6707982129931414e-01	   3.4577422891074461e-01	   6.5899904013414023e-01	   5.3362212516600338e-01	   6.8982041804097038e-01	   0.0000000000000000e+00	   9.1470813934487405e-01	   1.0822710334350001e+00	   9.5406362111155540e-01	   7.7451960239985973e-01	   7.3814869944334338e-01	   7.5524854326203017e-01	   5.6441037208272649e-01	   7.5896860636757901e-01	   7.1775979650624555e-01	   1.0534359456943013e-02	   1.0659159870499599e-01	   3.9998707189164195e-01	   3.6232641426372059e-01	   2.1732522035591298e-01	   1.5416207444108596e-01	   1.4922164027642354e-01	   7.4849176752045277e-02	   6.0838750908216899e-01	   5.8813130168372729e-01	   1.5645116857688879e-01	   2.4188796125920006e-01	   4.6880587784562067e-01	   4.6151517646221818e-01	   4.1421306626090719e-02	   2.0164015442160468e-02	   4.3323058751393739e-01	   2.1138807517153924e-01	   2.0819641953027918e-01	   3.2674533186377763e-01	   5.2965682785057200e-01	   3.8467732090325768e-01	   5.0000352467519682e-01	   6.0107539814077426e-01	   4.6724070955649011e-01	   5.1455596016987792e-01	   5.4818770865018063e-01	   5.8953486928352983e-01	   5.4117253239341701e-01	   4.9258231693413562e-01	   5.5196796580870067e-01	   5.5562993374961600e-01	   4.8327689338202418e-01	   5.0847950679765619e-01	   5.1453881783122735e-01	   6.6938855820779730e-01	   7.4888427760446674e-01	   6.6084046216623504e-01	   4.3947689082144792e-01	   6.0657704925429534e-01	   4.3304189691307970e-01	   4.9808075093482007e-01	   1.0450451546901494e+00	   7.7525607841800925e-01	   1.0455790893556494e-01	   8.0141133860976363e-02	   1.0679559106376640e-01	   1.4966667387299151e-01	   5.5608573047055132e-01	   5.3046847840912992e-01	   3.1629890159881513e-01	   3.6402516008996427e-01	   6.1563276945183687e-01	   6.2906177689324116e-01	   6.1207046615779503e-01	   6.5099101989369779e-01	   6.8791101702598423e-01	   6.4344335254762375e-01	   6.4166766230071226e-01	   3.3987485145679158e-01	   6.9337746709188408e-01	   4.6382444613887219e-01	   5.4882300025157693e-01	   4.5420943218714249e-01	   4.9755931030767897e-01	   5.8073248973601066e-01	   2.2550414336109756e-01	   2.6268198468419551e-01	   4.1847324901505473e-01	   4.3399035839544320e-01	   1.8371034435721062e-01	   3.7021125557944878e-01	   2.0756024447437776e-01	   2.4856806645878585e-01	   2.1902499265771608e-01	   1.7011800318937426e-01	   3.5285071599335283e-01	   6.3473818147706451e-01	   6.0592052500470384e-01	   6.8161565049682238e-01	   2.3907041858625627e-01	   1.8238656891167770e-01	   3.6619297087610847e-01	   2.8771117532912405e-01	   3.6907282616700082e-01	   1.3591553244820398e-01	   2.6275569823704781e-01	   8.9204362832609851e-02	   2.3364308298233993e-01	   4.7616899150705910e-01	   5.2976822401372448e-01	   5.2837239386315005e-01	   6.7040929937295290e-01	   5.4137467328663846e-01	   4.6919054698335599e-01	   5.5106633469285585e-02	
   6.0076329597249045e-01	   5.3691307988734427e-01	   1.0279105100452446e-01	   4.0870106163751957e-01	   4.1325291175218160e-01	   4.6671180973254073e-01	   3.0889163931655195e-01	   7.2970258917510000e-01	   6.0099378505429102e-01	   8.0064909756496905e-01	   9.1470813934487405e-01	   0.0000000000000000e+00	   8.7182677085729166e-01	   8.1193906566137652e-01	   5.8996730475300962e-01	   6.1360295465247028e-01	   6.6538076539759439e-01	   5.0107178816485021e-01	   6.5950181844331879e-01	   6.8362910920518716e-01	   1.4157823297667105e-01	   1.5574211784177691e-01	   1.4072581605995663e-01	   8.3715955311640389e-02	  -1.4894915387414876e-02	  -4.1466420112628216e-02	   5.1543306435736805e-02	  -2.3941204568022345e-02	   7.7214284567153424e-01	   7.8317631203822347e-01	   1.3413648890076552e-01	   1.6459160638691128e-01	   4.7440522240225180e-01	   5.2581298230487383e-01	  -1.7035826023958889e-01	  -1.3000147002185000e-01	   3.6395422247804787e-01	   2.4753891908421843e-01	   2.3868395662867994e-01	   3.4867299831632637e-01	   3.6205602455017460e-01	   4.4301941627857144e-01	   4.6227203272941314e-01	   5.0519147770603379e-01	   6.0307097988405600e-01	   6.4717445541903496e-01	   4.9884011421982843e-01	   5.4412854887299689e-01	   6.9266653213828144e-01	   5.6011727193116090e-01	   7.0182354173291261e-01	   5.7690177408873944e-01	   5.6344190673848926e-01	   5.4184158472642729e-01	   4.7499318765339960e-01	   6.4019808117750143e-01	   6.7448162540180190e-01	   6.1012238338112312e-01	   5.3271846673173950e-01	   6.5605055619174668e-01	   2.1074286407253467e-01	   3.3455884657215335e-01	   8.3466391636851067e-01	   1.0305884257038305e+00	  -1.9679792949573921e-01	  -1.8334034234469182e-01	   1.1819028799173700e-01	   2.4693937677887695e-01	   4.1506800505048752e-01	   4.0912410459703996e-01	   5.7466171898467311e-01	   5.1358255410784182e-01	   7.1691861640447552e-01	   7.9867870649686279e-01	   7.8928600753888445e-01	   8.0069032182525623e-01	   5.1990271631431639e-01	   5.7991614342134001e-01	   6.5149980326471146e-01	   3.2265607612301483e-01	   7.5269485275498782e-01	   4.7110596499639912e-01	   6.0450785525077033e-01	   5.0408999796000864e-01	   2.8126016702768736e-01	   4.9222251261084937e-01	   8.3481117924126436e-02	   1.5010401525911118e-01	   3.1353151044426664e-01	   2.5457843167879407e-01	   3.0443723572872350e-01	   3.9419135210930756e-01	   2.6934776808070376e-01	   2.8107122358610725e-01	   1.9449688382339045e-01	   2.1576367238581373e-01	   3.5756526999146981e-01	   5.0700823148784258e-01	   6.4696734212259221e-01	   5.7097087351625886e-01	   4.3329427974308388e-01	   2.7855333746615196e-01	   5.2294414481396290e-01	   3.7420321382531629e-01	   4.6414442756147539e-01	   1.6103649036444051e-01	   2.9148602081614494e-01	   1.5621628466802620e-01	   2.2787262618022966e-01	   3.9036455066393072e-01	   4.1548459104917074e-01	   5.1046046675024237e-01	   6.3205991437211939e-01	   4.9319903050097536e-01	   4.4709220682158435e-01	   5.6581015955552816e-02	
   6.9169814195966206e-01	   5.3436034013526035e-01	   2.1548997536260836e-01	   4.6890750760926753e-01	   4.1368161558085831e-01	   5.6299083675330674e-01	   5.5432852317579018e-01	   7.2162900413239683e-01	   5.8107347620960659e-01	   7.0332613284978918e-01	   1.0822710334350001e+00	   8.7182677085729166e-01	   0.0000000000000000e+00	   1.3152864595246712e+00	   8.1409889383518608e-01	   8.0608725504321599e-01	   4.9207280780070206e-01	   4.0354626009656885e-01	   6.9275898527124669e-01	   6.0293536179848950e-01	   6.5604298427064445e-02	   1.4032241899722186e-01	   4.1839769686507805e-01	   3.2926006271978903e-01	   1.3744057747344571e-01	   8.4648257020813397e-02	   2.0312508426140546e-01	   1.5574927009872097e-01	   5.4204782868621670e-01	   5.8746440928926913e-01	   8.9285980344602056e-02	   1.6531972262430683e-01	   4.0856717934564563e-01	   4.2315207574313457e-01	   4.7999177392509113e-03	  -2.4295618775927039e-02	   2.8215248272666527e-01	   1.5356628293824345e-01	   1.6937161465135775e-01	   3.0135858619566780e-01	   4.9062861656146028e-01	   4.3824059416217420e-01	   4.5746547003473664e-01	   5.6039199748506829e-01	   5.9815729016124142e-01	   6.4008616547015329e-01	   5.1997836137356823e-01	   5.3787627587317843e-01	   6.6631116483082298e-01	   5.6242695551207655e-01	   5.7640675893170423e-01	   5.0123132693520678e-01	   5.0121830006257384e-01	   5.5138890835286380e-01	   5.0808321550784541e-01	   6.2781829428572533e-01	   5.3918495952510981e-01	   5.3467081263252136e-01	   5.0699309828141559e-01	   5.0118042350661263e-01	   4.8680685799061985e-01	   4.0498910597456061e-01	   7.9636523429713435e-01	   5.9648945618482685e-01	   7.9442884976497610e-02	   4.6312474587352138e-02	   1.2323365169829102e-01	   1.2145641191533506e-01	   4.8623415088336841e-01	   4.8100818984281457e-01	   2.6394227869046755e-01	   2.4962370535326900e-01	   5.5254741167405153e-01	   5.4352408267362973e-01	   5.9416576102928431e-01	   4.9096033640140596e-01	   5.4536094058864615e-01	   5.5910151210312642e-01	   4.3948675624389982e-01	   2.6195997825046236e-01	   6.0435553006267351e-01	   3.8507256091460895e-01	   6.0177622745625925e-01	   5.0124526824000881e-01	   5.8682353906032603e-01	   5.9639160705424776e-01	   3.4953557417823949e-01	   3.2278928788961475e-01	   4.2542303728926995e-01	   4.4198760341953636e-01	   2.5213254590113254e-01	   3.9481288461588704e-01	   2.3149563043896298e-01	   2.7099031385048794e-01	   2.4746035232232064e-01	   3.5601193387408875e-01	   3.4343666266168665e-01	   5.6059197121083937e-01	   5.9735178401115419e-01	   6.2473009228607179e-01	   7.6923382569812848e-02	   1.7130026036723744e-01	   3.4341933142858394e-01	   2.8789295456531050e-01	   3.8637661443260063e-01	   1.8386795626567520e-01	   2.8809998632949063e-01	   1.1003160588298783e-01	   2.8497243665574856e-01	   3.7293759650258435e-01	   4.6036296529087212e-01	   4.6147900952724363e-01	   6.7724557717407119e-01	   5.2598189538237905e-01	   4.6292777336382218e-01	   1.5974796441862460e-01	
