   0.0000000000000000e+00	   1.3720079785953030e+00	   1.1469813860395133e+00	   1.2027243746363161e+00	   1.0550240283894947e+00	   7.8547029202415208e-01	   1.1464382015428798e+00	   9.3766012574819790e-01	   6.8756729206504208e-01	   6.1426521143943269e-01	   1.1567216265693463e+00	   1.1414063501961738e+00	   9.8041367780947464e-01	   8.7741602920840256e-01	   7.1381792531277555e-01	   9.2874156114756112e-01	   8.7947558826384831e-01	   7.2898421875683617e-01	   1.6447942208271109e+00	   1.3919662348385726e+00	   5.2220750749112288e-01	   4.7807177039505960e-01	   5.2446575457316247e-01	   5.9881499698952434e-01	   2.5155597944188185e-01	   2.8212094067163529e-01	   5.2649789356657184e-01	   5.2734206223164592e-01	   9.2138529134174652e-01	   8.7353751928677414e-01	   3.1595626800515053e-01	   2.6839119318851740e-01	   9.4327057445034412e-01	   9.0445243716668033e-01	   1.6593110085371465e-01	   3.6709668677136187e-01	  -3.6358124326295746e-02	  -1.1514753043401585e-01	   3.0677056579004441e-01	   1.4644119247390447e-01	   3.3005814007126211e-01	   3.4936940333319311e-01	   6.0456924441968563e-01	   5.2397581189757303e-01	   7.1706774397732942e-01	   6.3598836388082147e-01	   5.6358597631346963e-01	   6.1278005926909562e-01	   7.3981889923263089e-01	   8.0581457528445122e-01	   8.2997229543961626e-01	   5.3341876453090276e-01	   7.8676429449615548e-01	   5.8875314306194637e-01	   6.7029899852000630e-01	   6.3353651219111884e-01	   1.4074320606083350e+00	   1.0939720299925810e+00	   1.0826771558545008e+00	   1.0299596003144738e+00	   1.1416756536498092e+00	   9.1018866281370281e-01	   1.0587633143535380e+00	   1.1093294268748586e+00	   4.6821479979041858e-01	   5.3643219174937995e-01	   9.0744805262040518e-01	   5.6901606230566415e-01	   9.0563153089529114e-01	   7.5748518563166722e-01	   8.4686904748946112e-01	   7.6033506563870246e-01	   7.0553683377023779e-01	   6.5911460331479499e-01	   6.6335743344348808e-01	   6.9160602650971548e-01	   8.8644919902507813e-01	   7.4650661020732567e-01	   8.4640929933971021e-01	   5.8454831590501111e-01	   8.7746920595864930e-01	   8.8947880963576809e-01	   5.5094241991681980e-01	   7.4732998512719440e-01	   7.6326698698946649e-01	   7.8342810962409493e-01	   6.3466673206623225e-01	   4.7702529928066667e-01	   8.6289046456151330e-01	   8.5205269557880703e-01	   5.8857519343618625e-01	   4.7636393980862790e-01	   4.4938641747811836e-01	   2.5247294776732448e-01	   2.7510350602844924e-01	   4.5407381786373768e-01	   5.0045795859193476e-01	   4.9606167050280037e-01	   7.8850308679184200e-01	   8.1095931563333479e-01	   1.4072854695512507e-01	   0.0000000000000000e+00	   1.7863925483624890e-01	   3.8823500468550970e-01	  -7.7649353010630001e-02	  -3.0717098362400558e-01	   2.5092510550939556e-01	  -1.8411317561065640e-01	   2.1431145129942109e-01	   4.0498342179210844e-01	   3.7500732329167397e-01	   7.0070850124010209e-01	   7.0871665264000228e-01	   2.3439973336863471e-01	  -1.1859010078167195e-01	  -4.3249307373536205e-01	
   1.3720079785953030e+00	   0.0000000000000000e+00	   9.4738320836545864e-01	   1.0576518251006233e+00	   8.2416847055926512e-01	   5.1332619486738706e-01	   9.7126189367611759e-01	   6.3573781781608463e-01	   6.4003319000051317e-01	   4.3428480225217625e-01	   9.4173676232022907e-01	   8.5045553456475931e-01	   8.4954910270366013e-01	   6.4253880211676462e-01	   8.1854882939386475e-01	   7.7522121931108467e-01	   8.1329980150008974e-01	   8.3188108640811997e-01	   1.2477712994822745e+00	   1.2019558714559890e+00	   5.6934235205360384e-01	   5.3301147418811756e-01	   6.1382702115951571e-01	   6.3183831221200970e-01	   3.7807842885348397e-01	   3.8819067538356039e-01	   6.5836665029031671e-01	   6.0878237945839786e-01	   9.2300982988512814e-01	   9.1062998930631878e-01	   4.3114583542492080e-01	   2.9793255074112795e-01	   9.9437027268976341e-01	   1.0390614468689583e+00	   3.3887031769528159e-01	   4.4902077024014708e-01	   1.8290072001034086e-01	   6.2752995774045528e-02	   5.5235673989853062e-01	   3.5624268580621726e-01	   4.1092890646525948e-01	   4.3640776401467957e-01	   5.3135821635283476e-01	   3.9913754149226038e-01	   4.6768031348636474e-01	   4.4194112901721327e-01	   5.8313829393597882e-01	   6.1275038875614729e-01	   5.3688369637731537e-01	   6.4189318875332635e-01	   6.8160402425582156e-01	   3.7946800412000209e-01	   5.5131087542897905e-01	   4.5252725715988645e-01	   7.6122144903015676e-01	   6.9932425080407068e-01	   1.4569827952130812e+00	   1.5827170641750679e+00	   8.1591495744324638e-01	   8.3955043951737629e-01	   8.6702173687935824e-01	   6.4962187906174973e-01	   7.2292926989040118e-01	   7.2915719347832808e-01	   5.4787353125555427e-01	   4.8149258241937565e-01	   7.8605350928647622e-01	   4.6743041866126633e-01	   9.6083694358519134e-01	   8.0635724112353868e-01	   8.5463371758250473e-01	   7.3512978982102861e-01	   7.9537309480536966e-01	   7.3121943660712918e-01	   6.9287741499511779e-01	   7.6396629472594402e-01	   8.1777150858260628e-01	   6.5744486540709346e-01	   9.2699484044567548e-01	   7.3788509172365824e-01	   8.4410612796009721e-01	   9.2359674888140031e-01	   6.7959041889397198e-01	   8.7871707319197068e-01	   7.1475088056636815e-01	   6.9063705455801150e-01	   8.1975056419101677e-01	   6.8662914829662025e-01	   7.6728398018066357e-01	   7.4667877515519077e-01	   2.9114966705085138e-01	   2.9553183335022326e-01	   3.1941441952103661e-01	   1.4108408924963298e-01	   2.9486274408189705e-01	   4.9603977666622612e-01	   6.5895806035339910e-01	   6.3764271218734581e-01	   6.4832659347674670e-01	   5.9150602274373443e-01	   1.6245517792442085e-01	   0.0000000000000000e+00	   7.7864590791050264e-02	   2.7006908947710961e-01	  -9.0116512279110703e-02	  -2.1958775128937663e-01	   1.6203659620260749e-01	  -2.4376071028181909e-01	   2.7113758873736366e-01	   5.0349135749237450e-01	   4.9088933717580163e-01	   6.9376079460373652e-01	   4.9205359388655012e-01	   1.3812330254678135e-01	  -5.0717637905222906e-02	  -3.6436593388639621e-01	
   1.1469813860395133e+00	   9.4738320836545864e-01	   0.0000000000000000e+00	   1.3996051557625253e+00	   1.0920433982234585e+00	   7.0166229660812307e-01	   1.4252032515362409e+00	   9.6512409451161896e-01	   9.7301103515483978e-01	   5.5074321197701026e-01	   8.6610565026494390e-01	   7.1246364863407496e-01	   7.0038642907810722e-01	   7.1901446668783597e-01	   7.7855467400781486e-01	   8.7369861711400354e-01	   7.6625579666981292e-01	   6.1110550918844242e-01	   1.3126151324510462e+00	   1.0359660791491616e+00	   7.1792704656024897e-01	   6.4166747291364956e-01	   6.9574613731384272e-01	   7.3502342148935429e-01	   3.0651887480787748e-01	   3.2581069228503734e-01	   6.1813506444574906e-01	   5.9585098579016460e-01	   9.2225607403955900e-01	   6.8721333092415671e-01	   4.5271877983279596e-01	   3.6750415104798173e-01	   8.8379202600405471e-01	   8.3284258109472797e-01	   2.9424941958944023e-01	   4.7596114512221199e-01	  -4.2936917566589870e-02	  -6.9914628341703422e-02	   3.9661141194406002e-01	   2.0651144204193853e-01	   3.1579135568484856e-01	   3.6375917462735402e-01	   6.5933503958925499e-01	   5.0428584180851033e-01	   6.6302420437122134e-01	   6.1873315791857741e-01	   5.4657089908924372e-01	   5.4683128177790330e-01	   8.1546984456113158e-01	   7.3803209755324639e-01	   9.3020013459645290e-01	   6.1334601400758948e-01	   5.2304017197827501e-01	   4.2510961551654219e-01	   7.1831737523954986e-01	   6.3920492645024063e-01	   1.0874156515852267e+00	   7.9139009226650237e-01	   9.5666040129548557e-01	   8.7328385037516565e-01	   1.0055208836306730e+00	   7.1144234559087871e-01	   8.1374599310502382e-01	   7.8043281477044513e-01	   6.1070517151739345e-01	   6.1740196568680483e-01	   1.0522426198151249e+00	   6.7880742025738394e-01	   8.6692005522824322e-01	   7.2941120314403141e-01	   1.1272131089821378e+00	   9.2414664420602344e-01	   7.3619039407155062e-01	   6.3573945788481268e-01	   5.9499215365329428e-01	   6.3426285899991097e-01	   7.3439481310248689e-01	   6.8798812973762402e-01	   7.9373909489231398e-01	   6.3307173776359327e-01	   8.6800693814015462e-01	   7.3884677682766908e-01	   5.2081349825267598e-01	   5.1530645807787245e-01	   6.6282971255377543e-01	   6.5165776756712857e-01	   4.5315012731367921e-01	   2.9704859177866483e-01	   8.2536883358901059e-01	   7.8784459131815254e-01	   5.2988376711811724e-01	   2.9710870386833294e-01	   2.8161662122694875e-01	   1.5399421172180405e-01	   2.0198739349515424e-01	   3.2440732766501212e-01	   5.5514974678667950e-01	   5.0151905151139942e-01	   4.9660101800168310e-01	   4.8842248289913848e-01	   2.7640648655890787e-01	   0.0000000000000000e+00	  -4.8196730685773599e-03	   1.5328696659456120e-01	  -2.4761277834118775e-01	  -3.5668149911136099e-01	   3.8743696520076509e-01	  -1.0797287900905625e-01	   1.1979451822792565e-01	   3.2514714244461113e-01	   3.1487363493900239e-01	   3.5098124254999896e-01	   3.7491554591230825e-01	   9.9570043939795114e-02	  -2.5302965292775725e-01	  -5.3763369357422530e-01	
   1.2027243746363161e+00	   1.0576518251006233e+00	   1.3996051557625253e+00	   0.0000000000000000e+00	   1.0092570993682772e+00	   7.6354748741435718e-01	   1.0655892247135257e+00	   1.1218108130394076e+00	   7.5231589784175812e-01	   7.0530644716404400e-01	   7.2060935169522822e-01	   8.2267987843997537e-01	   6.6662190815765043e-01	   6.9343820219351071e-01	   7.7948885255211120e-01	   8.6565664638000106e-01	   8.3599352632435464e-01	   7.0342675715095759e-01	   1.2913908543881019e+00	   1.2551777593512881e+00	   6.9990784424760966e-01	   5.6526332694908599e-01	   7.2431910585432724e-01	   8.8313653399267633e-01	   4.2083249625590752e-01	   4.4408427835303499e-01	   6.1289406011361203e-01	   5.8538898396783401e-01	   8.8858870684436975e-01	   7.5248422556439198e-01	   5.2737232769909448e-01	   5.1857994249636008e-01	   1.0402799047242903e+00	   1.1337853166726817e+00	   3.7369434321007378e-01	   6.0070141682188449e-01	   1.0737821028218419e-01	   7.3388483981607208e-03	   4.3130774657940879e-01	   3.3753368636520692e-01	   3.8620014862288299e-01	   2.8188845438523508e-01	   7.3237383498908082e-01	   5.8076560624434126e-01	   6.7789654163583113e-01	   6.9708551789206685e-01	   7.4238851899288316e-01	   7.3932551088312071e-01	   8.6607972678515577e-01	   8.8153140137179964e-01	   1.1147607678836913e+00	   8.6793726594876586e-01	   5.5416296800315812e-01	   5.5537627509150655e-01	   9.2260019920601910e-01	   8.9051685816262960e-01	   1.2377788299132761e+00	   9.3257882807667158e-01	   7.9139105417912925e-01	   9.2832989353160911e-01	   8.6293863416725292e-01	   7.1221531744121913e-01	   8.0231853418979471e-01	   8.2915236911641688e-01	   5.8107783472857322e-01	   8.4236556430126797e-01	   1.1400601612188921e+00	   9.3699305755837703e-01	   9.5702412032626905e-01	   8.0860344916490701e-01	   1.0818806838317820e+00	   9.5863870695316133e-01	   8.2362962948296126e-01	   6.5796050542629614e-01	   6.6042195682803939e-01	   6.7138327255275809e-01	   9.0450817772277348e-01	   8.2805695560821257e-01	   9.7121123813237120e-01	   7.3600236766721394e-01	   9.2609546913762475e-01	   8.9703670276143321e-01	   5.1451296607645047e-01	   6.7475261014859578e-01	   7.6927880080615729e-01	   8.4667394472020052e-01	   5.5926750078224952e-01	   3.9933960990979911e-01	   7.9567772292137495e-01	   7.6615377862002554e-01	   5.2775210261732597e-01	   3.4865841724631697e-01	   4.2594657722367513e-01	   2.0709079316250359e-01	   2.5058225319912791e-01	   4.3029614710844560e-01	   6.6187948767195126e-01	   6.9379099383133336e-01	   6.8144333722861328e-01	   6.0642641682334975e-01	   1.7628660896146917e-01	   0.0000000000000000e+00	   2.9884221626982971e-02	   1.4396842274939323e-01	  -1.8066646387628210e-01	  -2.8910275497467791e-01	   2.2764593105172570e-01	  -2.1369919285812966e-01	   3.6477351876079270e-02	   4.4765077443190271e-01	   4.9400748802921657e-01	   4.6323870871136552e-01	   4.8127347624385541e-01	   1.0734904446809235e-01	  -2.1513786954042990e-01	  -4.9541192812434798e-01	
   1.0550240283894947e+00	   8.2416847055926512e-01	   1.0920433982234585e+00	   1.0092570993682772e+00	   0.0000000000000000e+00	   1.2467012204968666e+00	   1.3687404419196181e+00	   1.1765359643834499e+00	   1.2063765483471025e+00	   1.0001956678466344e+00	   1.0140793185707340e+00	   8.9436269145073100e-01	   9.8908727602743518e-01	   7.4347753246935255e-01	   8.1436959196525871e-01	   9.7220057978033236e-01	   6.1385204393559356e-01	   4.6697828703340727e-01	   1.1086528528938271e+00	   9.7810170425922871e-01	   5.3773471230460523e-01	   4.6617065063594304e-01	   5.2671756860578300e-01	   5.9263357730031196e-01	   2.5863130399909662e-01	   3.1027971039112112e-01	   5.3686386450044954e-01	   5.9875047360741573e-01	   7.7459189314824606e-01	   7.1893017684161542e-01	   2.9002059161708588e-01	   2.6001277350015539e-01	   8.1018007433728412e-01	   7.4340574011650540e-01	   1.3748453506726852e-01	   3.2146978682738214e-01	  -8.8384953777352768e-02	  -1.9156428099568065e-01	   1.6570643782132372e-01	   6.5549921282781101e-02	   1.5412275056934616e-01	   2.4082873340101985e-01	   6.4910658664691678e-01	   4.4298145308390496e-01	   6.9638054370114577e-01	   6.3604544890477921e-01	   5.3448191385482702e-01	   5.2580695304617320e-01	   8.6101893667909324e-01	   7.9683905922920695e-01	   8.5427774800053724e-01	   5.2734074270313025e-01	   6.3023679706525793e-01	   4.0635368623546420e-01	   5.1006296751196101e-01	   4.4509811604728000e-01	   8.6793803818257009e-01	   8.0316707501379458e-01	   1.0619135948718510e+00	   1.0294591048014146e+00	   1.4262532270226784e+00	   1.1147070083043553e+00	   9.6330898702626877e-01	   1.0628877729377915e+00	   7.6752359613092791e-01	   7.3889878215084415e-01	   8.6561611086605117e-01	   5.5628481183113243e-01	   7.0644128944581031e-01	   6.6905772370704863e-01	   8.7780238843079716e-01	   7.5533741847542379e-01	   6.8832463370468178e-01	   5.0419389209889953e-01	   7.0664078761768057e-01	   6.0562898673047649e-01	   7.5975750504402551e-01	   6.3708991785080726e-01	   7.8734236603842911e-01	   6.2983406539961950e-01	   8.9613384216764336e-01	   8.4143084569351545e-01	   6.0657320080358446e-01	   6.7128850673093532e-01	   7.8684566935461253e-01	   7.7418407224185826e-01	   4.5868148296516487e-01	   2.9350346661786475e-01	   8.7069052905891220e-01	   8.0533858473578834e-01	   5.9508389101844961e-01	   4.8559877213344915e-01	   5.0245505009548386e-01	   2.8166471181359370e-01	   2.2843137319141862e-01	   4.3950076109853259e-01	   5.1911796037995217e-01	   4.4755495648993304e-01	   5.2397526936691541e-01	   5.9109241569728688e-01	   2.8130751116804714e-02	   0.0000000000000000e+00	   2.3152650284505991e-01	   4.2266115389450243e-01	  -5.7224124541984153e-02	  -2.7912492669333866e-01	   3.5481275404699425e-01	  -9.3511739639930508e-02	   4.5679240008318904e-02	   3.4362816451605405e-01	   3.7538318627275036e-01	   5.0466633160015872e-01	   5.4607300565908989e-01	   2.3838689559190299e-01	  -9.4844981438962639e-02	  -4.5429715232631351e-01	
   7.8547029202415208e-01	   5.1332619486738706e-01	   7.0166229660812307e-01	   7.6354748741435718e-01	   1.2467012204968666e+00	   0.0000000000000000e+00	   9.3702042697922050e-01	   1.1506273743355442e+00	   8.0480687976461063e-01	   1.1401414809958905e+00	   7.8912397674326673e-01	   9.2494532196725421e-01	   9.0003214238084206e-01	   7.3171220064490494e-01	   5.8979957820280215e-01	   8.4072358114062506e-01	   3.6639474690866752e-01	   2.7758036344929016e-01	   8.3327646326349014e-01	   8.4546009054770377e-01	   3.8714697149201416e-01	   3.2896300126969652e-01	   3.7781958799844584e-01	   4.7696252770149683e-01	   1.4712889892965131e-01	   2.7793637202477717e-01	   4.7360503856379182e-01	   5.8872190946099456e-01	   5.1525997533997470e-01	   5.3964208067861186e-01	   2.0277817249562663e-01	   3.1612127398544687e-01	   6.3866687428287439e-01	   6.3458051177789754e-01	   6.4944612548263947e-02	   2.8663855388546483e-01	  -1.2315998060611728e-01	  -2.6695447980129849e-01	  -2.1718530424524513e-02	  -1.0403765206853682e-01	   5.0554275660215690e-02	   1.4129424378464689e-01	   4.6987368909268884e-01	   2.9412837288192850e-01	   6.6897530580640763e-01	   5.8275775331468016e-01	   3.1987584326014301e-01	   3.8588342141015342e-01	   7.7487631323423067e-01	   7.2203612328104172e-01	   7.3431299136741912e-01	   6.0585645817186229e-01	   7.2110373217013302e-01	   3.2462937337332887e-01	   3.7613696419532705e-01	   3.1060164831619519e-01	   4.8136936932898600e-01	   5.0693174609541469e-01	   9.3513320421050872e-01	   9.2041961654496984e-01	   1.1769589069565269e+00	   1.1634049745921615e+00	   8.6951784694845780e-01	   1.0919575916160809e+00	   5.7636348551469208e-01	   7.5462312805033327e-01	   8.4063699796004077e-01	   6.5652412142586403e-01	   5.4783195351927760e-01	   5.0900777486098281e-01	   6.3460957799481632e-01	   6.4130944772041831e-01	   3.7743345452305349e-01	   3.4476929339112239e-01	   4.6235050117375998e-01	   4.3952178036598549e-01	   5.9156648256041144e-01	   5.2666804287441971e-01	   4.8694490042809491e-01	   3.6221606002919310e-01	   5.9738362664257960e-01	   6.6181448609300375e-01	   4.1663061436463378e-01	   5.7475926939019817e-01	   7.3772857292107774e-01	   7.8469746526868511e-01	   3.0323457931573405e-01	   2.2738100200728442e-01	   7.5358084582982909e-01	   6.9769074844735623e-01	   6.9548378950544720e-01	   6.3149359641781544e-01	   7.9161575214022173e-01	   4.2058151871644911e-01	   2.0530436241271988e-01	   3.6361733704853572e-01	   3.9034501283465411e-01	   3.0788096014526406e-01	   4.1629169135867494e-01	   5.3298830819147625e-01	  -1.7751078152117503e-01	   0.0000000000000000e+00	   3.1112394846209351e-01	   4.7521520775990073e-01	   4.3584243616207996e-02	  -2.2098634667642300e-01	   2.5894234215893297e-01	  -1.0276886933726287e-01	  -5.5673975631485767e-02	   2.7465602938544609e-01	   2.9929972351927181e-01	   3.4263352288310522e-01	   6.3508319899122523e-01	   2.9274196325671409e-01	  -2.6922876863245439e-02	  -3.6393829723358806e-01	
   1.1464382015428798e+00	   9.7126189367611759e-01	   1.4252032515362409e+00	   1.0655892247135257e+00	   1.3687404419196181e+00	   9.3702042697922050e-01	   0.0000000000000000e+00	   1.1859346303806400e+00	   1.3397129480363654e+00	   8.2834169054440177e-01	   1.1970213333380524e+00	   1.0007582997627260e+00	   1.0685073168324475e+00	   9.2651845481606865e-01	   7.9979635779051717e-01	   9.3617709392367487e-01	   7.8166482419230621e-01	   6.6093068812640721e-01	   1.5067280028198091e+00	   1.2429195719282840e+00	   5.0943448813951264e-01	   5.4228307825542121e-01	   5.5338625313395684e-01	   5.6050950003280609e-01	   1.7429251935151038e-01	   2.4798855832262787e-01	   5.0873343719129949e-01	   5.1149218906254834e-01	   1.0800121359100980e+00	   9.9369291851800756e-01	   3.8037093581280590e-01	   3.0975422569041522e-01	   1.0331914841331713e+00	   9.2473280787578105e-01	   1.8857388958066224e-01	   3.9226859642190326e-01	  -1.1771082616875839e-02	  -9.7905647371692245e-02	   3.1101440669186992e-01	   1.5350071671325591e-01	   2.0468027603239036e-01	   3.8191052517394214e-01	   5.6972029721181461e-01	   4.2488077195642748e-01	   7.6930743754881281e-01	   6.5289266280050517e-01	   4.9774714426084443e-01	   5.5012201934724625e-01	   7.3611341012291742e-01	   7.4889848993213814e-01	   7.9194719821814430e-01	   4.5153063770312629e-01	   7.0243555209737685e-01	   2.8405299940993378e-01	   5.6217239968694943e-01	   5.2085110456617856e-01	   9.1765275213381559e-01	   9.0986137469497330e-01	   1.1878026336482921e+00	   1.1181164310945935e+00	   1.5890372348244008e+00	   1.1686525339772700e+00	   1.0693342508412513e+00	   1.1156726679785327e+00	   7.8717817382270350e-01	   6.0377623469510000e-01	   1.0484058393619349e+00	   6.2422170613734507e-01	   8.8694116861242922e-01	   7.9563937814886865e-01	   9.9354947193127952e-01	   8.2071770682206180e-01	   8.3957219358775426e-01	   8.2540923920130371e-01	   8.3182260561072596e-01	   8.3711902645298331e-01	   9.0444128517120115e-01	   7.6231458352457193e-01	   9.1785746800367052e-01	   7.3603313892300415e-01	   9.9589770587761517e-01	   8.8720755763773562e-01	   5.6555175158900262e-01	   5.9787768269023633e-01	   6.8334247680207827e-01	   6.5402163917070588e-01	   4.4752701637674519e-01	   2.7510221428874398e-01	   8.5880718202386686e-01	   8.4301827741829549e-01	   5.1557966162206581e-01	   4.2018627989230817e-01	   4.0151624077605996e-01	   2.2554423025042081e-01	   3.0195124651698579e-01	   4.1857989318011507e-01	   6.0341656890953910e-01	   4.7560952908817355e-01	   5.5260750802553693e-01	   6.2239070762526549e-01	   7.6402997241805007e-02	   0.0000000000000000e+00	   2.0379904435264343e-01	   3.3406010595743590e-01	  -1.4565434380353204e-01	  -3.0891603394477518e-01	   3.1832638359064602e-01	  -1.9625531061322682e-01	   9.9993185037777280e-02	   3.8453115401118287e-01	   4.0268306386835850e-01	   4.9615672568538161e-01	   4.6350607383674491e-01	   2.0821411213419466e-01	  -1.9183393456024161e-01	  -5.2021376406953312e-01	
   9.3766012574819790e-01	   6.3573781781608463e-01	   9.6512409451161896e-01	   1.1218108130394076e+00	   1.1765359643834499e+00	   1.1506273743355442e+00	   1.1859346303806400e+00	   0.0000000000000000e+00	   1.0245209362483185e+00	   1.1839981544799016e+00	   7.6716332157105049e-01	   9.5997748605276567e-01	   7.2307220385332860e-01	   7.4551803275415762e-01	   4.6524714200103984e-01	   6.8278627300219596e-01	   6.2045175097245664e-01	   3.6305395581380701e-01	   1.1473155086965980e+00	   1.0724780280487745e+00	   4.2901263051188077e-01	   3.6898888141852354e-01	   2.6410672074761132e-01	   3.9176810403411766e-01	   5.1077037981936316e-02	   1.2005987201445896e-01	   2.3178847251736204e-01	   2.8414314834184873e-01	   7.6994531107132236e-01	   7.0355559923830102e-01	   1.9500010868747936e-01	   2.8875039214651882e-01	   8.3335322966234071e-01	   8.4871170963140319e-01	  -3.9380447524390252e-02	   2.6547909830494165e-01	  -4.1351733372093233e-02	  -1.7588286145211229e-01	   7.2714033874028250e-02	   6.6406875705835741e-02	   1.4937870484869895e-01	   1.7393058513668344e-01	   5.9427669767728120e-01	   5.1009931546583243e-01	   8.4419364163668675e-01	   8.2989558132176333e-01	   5.2961920653309313e-01	   5.5993832999411264e-01	   8.8799646991859538e-01	   9.3110403815540388e-01	   7.9405890203131835e-01	   8.2037010320618786e-01	   6.6574480381546042e-01	   4.0276872545522058e-01	   4.4997875470847559e-01	   4.5106741634703645e-01	   7.1610187946475945e-01	   5.7715794572933077e-01	   9.4303408441786751e-01	   1.0633033111181531e+00	   1.1783360837608357e+00	   1.1985087530619074e+00	   9.0508219729964612e-01	   1.0391040022385798e+00	   4.5484845774588650e-01	   6.0382360913301469e-01	   9.6118888199730701e-01	   8.6909447868554768e-01	   6.5763271086505004e-01	   6.0904088350416108e-01	   9.0103013545894806e-01	   8.2530814928863827e-01	   6.5264670643323397e-01	   5.8031831167933468e-01	   6.2257545351362087e-01	   6.4995949541443054e-01	   7.8935404238791840e-01	   7.1740880343089064e-01	   7.3708531404790734e-01	   5.2096759613190535e-01	   7.6842445164247619e-01	   6.2714598376102193e-01	   3.6713136081644826e-01	   5.1894409294043653e-01	   4.9433395816358655e-01	   5.7049043644889308e-01	   1.9933021676998391e-01	   5.2066249265153908e-02	   5.9369726002147583e-01	   5.9468878771259048e-01	   6.3136899190965101e-01	   4.7299487628597414e-01	   5.5448738270352416e-01	   2.7968663760428902e-01	   1.7976462270934393e-01	   3.7182740002035403e-01	   4.3726635316384327e-01	   4.2053625018103424e-01	   5.6573070348727483e-01	   6.4924261607839728e-01	  -8.6574260104189417e-04	   0.0000000000000000e+00	   2.0486082038798231e-01	   3.3822291881745647e-01	  -7.8613899617110114e-02	  -2.8888960140235442e-01	   2.7474358639503282e-01	  -1.7969461600600806e-01	  -1.3567701281489125e-01	   2.8725810545863051e-01	   4.0604595039709840e-01	   4.1629286036486646e-01	   6.2445865522180100e-01	   2.0471221227822523e-01	  -2.0967731771133460e-01	  -4.9137804253330708e-01	
   6.8756729206504208e-01	   6.4003319000051317e-01	   9.7301103515483978e-01	   7.5231589784175812e-01	   1.2063765483471025e+00	   8.0480687976461063e-01	   1.3397129480363654e+00	   1.0245209362483185e+00	   0.0000000000000000e+00	   9.6086613107210084e-01	   8.3981699206330773e-01	   7.1220354317978340e-01	   8.4063574544660868e-01	   7.4418822788400385e-01	   7.7668565838830217e-01	   8.2628149706462484e-01	   4.8282050704156587e-01	   4.0194952788393568e-01	   9.2311053249239128e-01	   8.3969301279833419e-01	   3.8643679352417637e-01	   4.6668019658307408e-01	   4.4561783105654629e-01	   4.3088902565660603e-01	   1.7638042967298614e-01	   1.9281931136216968e-01	   3.6048882684159839e-01	   4.0882158901388543e-01	   6.9394725177336714e-01	   6.5437398510955846e-01	   2.7263209712046693e-01	   1.9735713660390988e-01	   6.8442302988681136e-01	   6.4099128280350415e-01	   1.3648165973025569e-01	   3.6749659208520924e-01	   2.1863254776694742e-02	  -3.6600866665423830e-02	   1.8826575299934273e-01	   1.2533433511890413e-01	   9.6236386565946158e-02	   2.9199133453730353e-01	   5.8190886866060987e-01	   3.7995061741276892e-01	   5.9792188190862494e-01	   5.3559368742637437e-01	   4.8487631028055456e-01	   5.5534988866687629e-01	   6.9515349536340099e-01	   7.1268262149588213e-01	   6.8630892159854229e-01	   4.5698729603708738e-01	   5.3883923299908920e-01	   2.3793659497082320e-01	   4.2687636910970217e-01	   4.0744379601947006e-01	   6.2048579351969735e-01	   6.4922146555128679e-01	   9.7046371084715588e-01	   9.2972238973442556e-01	   1.1944886625255144e+00	   1.0346328333016581e+00	   6.3226640878336604e-01	   7.4484372817866684e-01	   8.5946594509037977e-01	   5.9449471496994810e-01	   7.8555667292807030e-01	   4.9072070310204713e-01	   7.2499851763219891e-01	   6.7987329844723032e-01	   8.5720697957894576e-01	   7.0940820801856497e-01	   6.0980722019470412e-01	   5.5953943522706662e-01	   6.5936136413963886e-01	   7.4771142062656093e-01	   6.3865085270676336e-01	   5.9136532258747598e-01	   6.5750186675099442e-01	   6.1425256431686570e-01	   7.2316698326147411e-01	   6.5053396471534053e-01	   4.9272973577131934e-01	   4.7706893026323716e-01	   4.8090831805343781e-01	   4.9173846814533262e-01	   2.6237480173992844e-01	   1.1498838452840068e-01	   7.1099680828514045e-01	   7.1321474524925565e-01	   5.8850940087591430e-01	   4.1459723262053172e-01	   4.3646407474879972e-01	   2.2016313100541096e-01	   1.8306314624901940e-01	   3.0953910028713305e-01	   6.1126960577512124e-01	   4.8438551972812183e-01	   4.4969609914534692e-01	   5.4729830692882975e-01	   8.9270916279758361e-02	   0.0000000000000000e+00	   1.7792263435420030e-01	   3.2660770647004939e-01	  -3.9688293134907363e-02	  -1.9528102061586988e-01	   3.8120065202605985e-01	  -3.2083084598872630e-02	   3.4944223475215176e-02	   2.8479301000875773e-01	   4.6175508481546801e-01	   4.6866163697596563e-01	   4.0270378038422383e-01	   2.4056339762929141e-01	  -1.8382992341176956e-02	  -3.9050247952418821e-01	
   6.1426521143943269e-01	   4.3428480225217625e-01	   5.5074321197701026e-01	   7.0530644716404400e-01	   1.0001956678466344e+00	   1.1401414809958905e+00	   8.2834169054440177e-01	   1.1839981544799016e+00	   9.6086613107210084e-01	   0.0000000000000000e+00	   6.7840021509074400e-01	   8.7976598744023715e-01	   8.4155007143959493e-01	   7.9506176856834831e-01	   6.3749304946563601e-01	   8.2766954310565144e-01	   3.5980581554673807e-01	   3.0216364635782861e-01	   7.4231247112307464e-01	   8.1892552352875636e-01	   1.4740637677611479e-01	   8.1309484660233758e-02	   3.3592587497329718e-01	   3.9783753023035673e-01	   3.1897837402743524e-02	   1.3485999338198032e-01	   2.5320678076541836e-01	   2.4393682441872336e-01	   5.1597476659378894e-01	   5.8183176519169888e-01	   1.8864886290011820e-01	   2.7367735533445114e-01	   5.8852846192300190e-01	   5.8974155289266172e-01	   8.8973250535999304e-02	   3.3733624765573489e-01	   2.2365744915032005e-02	  -1.5531643398644179e-01	  -7.7690496564640811e-03	  -2.7352390559981801e-02	  -4.3121616530926929e-02	  -8.1739861105996070e-03	   5.4346890023053240e-01	   3.6329425243365820e-01	   6.3100511231568479e-01	   5.4219901942262916e-01	   4.6582856630537972e-01	   5.2956222228141814e-01	   7.3205977551310597e-01	   7.8357047450768602e-01	   7.1385957299005520e-01	   6.2621610681936046e-01	   6.0734361792036606e-01	   2.0798565665419314e-01	   3.6656900335038861e-01	   3.6849792757777411e-01	   4.1702846506735236e-01	   4.6926062016639963e-01	   7.7298422419063595e-01	   9.3359037695901992e-01	   9.9808057945551065e-01	   1.2880687541273366e+00	   6.0418923280417902e-01	   8.7618278472941979e-01	   6.2346688207401535e-01	   7.7141141775829325e-01	   7.0773325617709637e-01	   6.1398350576027350e-01	   5.8854281581374390e-01	   5.8456489868791028e-01	   5.9675896561160968e-01	   5.7142703869489164e-01	   4.9811618015564352e-01	   4.7374183059662539e-01	   6.2699803697705359e-01	   6.5982468851728082e-01	   7.3345825523625685e-01	   6.7533136075304689e-01	   5.3504155607329229e-01	   4.3212540240184699e-01	   5.1583948861199647e-01	   5.8374501995494432e-01	   3.3115189112222054e-01	   4.1962812330033661e-01	   4.9017894663076267e-01	   5.7031459026492592e-01	   1.8432710439702046e-01	   1.1300608439538857e-02	   5.3010918973787458e-01	   5.8549328118862620e-01	   6.4587257209047799e-01	   5.6264447341113866e-01	   7.7434013069491781e-01	   3.4871404666554690e-01	   2.5665280353634795e-01	   4.0811451017362527e-01	   4.8154031111041556e-01	   4.1456740984832285e-01	   5.1389161905520397e-01	   6.3351753986476633e-01	  -1.6460105719802245e-01	   0.0000000000000000e+00	   3.2313779149523281e-01	   4.5835789423702977e-01	   6.9768440062603992e-02	  -1.1922622022060136e-01	   1.9101707099871090e-01	  -1.5352658959631194e-01	  -4.2223474296870206e-02	   3.6853813406433183e-01	   4.2242885500469940e-01	   4.2434558885585716e-01	   6.5049965833598844e-01	   3.7152464818343267e-01	   4.6706683795638998e-02	  -2.5838525756956138e-01	
   1.1567216265693463e+00	   9.4173676232022907e-01	   8.6610565026494390e-01	   7.2060935169522822e-01	   1.0140793185707340e+00	   7.8912397674326673e-01	   1.1970213333380524e+00	   7.6716332157105049e-01	   8.3981699206330773e-01	   6.7840021509074400e-01	   0.0000000000000000e+00	   1.2694017901603007e+00	   1.5551197443587976e+00	   1.1135298756693934e+00	   7.4958619561313911e-01	   9.3918423914649773e-01	   8.3592740444235059e-01	   6.8244338829005480e-01	   1.2032365580637836e+00	   1.1158664714723274e+00	   2.4621453744270050e-01	   3.5455234610348141e-01	   5.2006679586781224e-01	   5.2057832740700527e-01	   1.2613868218915625e-01	   2.5138486984319081e-01	   5.1384560832949888e-01	   5.1118446489722946e-01	   9.4522862250494777e-01	   9.6783993420550662e-01	   3.3285325845317182e-01	   2.6916256724927329e-01	   8.2434461875382081e-01	   7.2685454509980174e-01	   1.8064177135207529e-01	   3.5540470160266224e-01	  -2.0637156151751619e-03	  -6.1437123754221341e-02	   2.7395444524589407e-01	   7.0950343633306295e-02	   1.5546060463916250e-01	   3.5499429902326585e-01	   3.8559679418906445e-01	   3.5171804061652195e-01	   5.8706405847928833e-01	   4.6306090562286684e-01	   3.4557145092907499e-01	   4.0760157626477761e-01	   5.2602387969670361e-01	   5.4797331667790905e-01	   5.4622277465843472e-01	   2.4645653283768271e-01	   6.7540558733315015e-01	   2.3380398425894230e-01	   4.3662005232766754e-01	   4.0754190620607811e-01	   8.0107681373524597e-01	   8.2050407569902173e-01	   9.8543871105279157e-01	   8.0147350644977589e-01	   1.3159500135529671e+00	   1.0110110137725123e+00	   1.1055152756969504e+00	   1.1420257101098246e+00	   5.7342803937111753e-01	   4.7520779385006207e-01	   7.2837714262767206e-01	   3.7690698612005269e-01	   8.4546083424425433e-01	   7.7175432914947562e-01	   7.8906066424504218e-01	   6.7769592909751197e-01	   6.5919617414224452e-01	   6.9511579800360090e-01	   7.7301108130684792e-01	   7.1882965186908909e-01	   8.6951657813104233e-01	   7.4771887853604824e-01	   8.9459205819536580e-01	   5.3835473364739483e-01	   7.6611433224360015e-01	   8.6169680754750089e-01	   4.8531727110679712e-01	   6.1573017973879285e-01	   5.7313207282961964e-01	   5.9183712719443982e-01	   4.9383684330743960e-01	   3.2999749012692220e-01	   6.7995311266841052e-01	   6.5882663885274406e-01	   4.3128574219272864e-01	   4.1530010750956364e-01	   3.5403839771398499e-01	   3.0225531777936526e-01	   3.1987689072634107e-01	   4.1378371402176772e-01	   3.8019328251749496e-01	   3.1191333112745223e-01	   4.8416015836376225e-01	   6.2972523112354040e-01	   4.0210377013553136e-02	   0.0000000000000000e+00	   2.1374453996075921e-01	   3.8262509655278465e-01	  -6.6700256242011008e-02	  -1.3574484208307355e-01	   1.8180162189040516e-01	  -2.8577617397109489e-01	   8.1483879271552553e-02	   1.8043613054317068e-01	   2.6315750911489311e-01	   5.8277118141086737e-01	   4.8657436913816371e-01	   3.1913293900650863e-01	   3.5308888263001631e-02	  -2.9851344531280222e-01	
   1.1414063501961738e+00	   8.5045553456475931e-01	   7.1246364863407496e-01	   8.2267987843997537e-01	   8.9436269145073100e-01	   9.2494532196725421e-01	   1.0007582997627260e+00	   9.5997748605276567e-01	   7.1220354317978340e-01	   8.7976598744023715e-01	   1.2694017901603007e+00	   0.0000000000000000e+00	   1.2559237547370656e+00	   1.4544526709603038e+00	   6.9284990531037349e-01	   1.0582441252771508e+00	   7.6041027526067018e-01	   7.7396542134260937e-01	   1.1263996559183731e+00	   1.2124782118267095e+00	   1.8970608131975542e-01	   3.4833809751826356e-01	   4.6422957188385250e-01	   5.2368944522909855e-01	   1.0158913114829568e-01	   2.4077615662863855e-01	   4.7457685909376202e-01	   4.4587721344752440e-01	   9.2110289146731317e-01	   1.1611112709006661e+00	   3.2523147097584604e-01	   3.4850732487554781e-01	   8.7018738775590354e-01	   8.3072362937425404e-01	   1.7789405915352685e-01	   4.3067310215937932e-01	   1.4994009061396973e-01	   5.4316289555820373e-02	   2.5661862225506737e-01	   1.7468629623395068e-01	   2.4124990249255007e-01	   4.0772797679587636e-01	   5.1770429935447670e-01	   4.7404874617743820e-01	   7.7273205039472226e-01	   6.0034200957805905e-01	   5.5486078974895037e-01	   6.2905601265669675e-01	   6.6076884129755897e-01	   7.3776056267473966e-01	   7.5083247118009022e-01	   4.4082430233283848e-01	   9.4692698951225873e-01	   2.8998592533263001e-01	   5.8373819154283280e-01	   5.4694116874497356e-01	   7.0860899926425402e-01	   7.8919567869150531e-01	   1.0121751165974067e+00	   9.6192595785059132e-01	   1.2714367063539989e+00	   1.1991717792492362e+00	   1.1449056386694718e+00	   1.3504843146438941e+00	   5.2136494411528878e-01	   6.5352761865370590e-01	   8.5876614082237868e-01	   5.7377295311377985e-01	   7.9200106744406751e-01	   7.3116382689539661e-01	   7.1528066397301726e-01	   7.0607949382376767e-01	   6.2321614537240655e-01	   7.6812938811357567e-01	   7.1158051288133095e-01	   8.5908127265870848e-01	   1.0424123085112880e+00	   8.6172733051258654e-01	   8.2560107352443501e-01	   6.1113251734111584e-01	   8.5269271829920656e-01	   9.7209421464279722e-01	   5.2510132924166730e-01	   7.3497518061182698e-01	   7.2298309344588729e-01	   8.2108953464826784e-01	   4.8734970349144452e-01	   3.7160943718639639e-01	   8.0637673361132989e-01	   7.9988671177621984e-01	   6.1583768366975800e-01	   5.8336580174671981e-01	   5.9048006432837019e-01	   4.1774150000575350e-01	   3.0765405290635500e-01	   4.7335395962827809e-01	   4.6527841081149363e-01	   5.0292164243118176e-01	   6.5633081218314260e-01	   8.2386169565802103e-01	  -1.5897509583490643e-01	   0.0000000000000000e+00	   2.7590254329525171e-01	   4.7666581535983449e-01	   5.3732763799982569e-02	  -4.7646308297754021e-02	   9.8639750849685015e-02	  -1.8786000591420121e-01	   9.0588590839526500e-02	   3.7042112035542785e-01	   3.9745416871046485e-01	   6.8789257147891369e-01	   6.6063490021062177e-01	   4.1746143965349358e-01	   1.1185845846744594e-01	  -2.2030453973655986e-01	
   9.8041367780947464e-01	   8.4954910270366013e-01	   7.0038642907810722e-01	   6.6662190815765043e-01	   9.8908727602743518e-01	   9.0003214238084206e-01	   1.0685073168324475e+00	   7.2307220385332860e-01	   8.4063574544660868e-01	   8.4155007143959493e-01	   1.5551197443587976e+00	   1.2559237547370656e+00	   0.0000000000000000e+00	   1.1382371952955870e+00	   9.8005056507626431e-01	   1.1257368302564741e+00	   6.1927685259212417e-01	   6.1484634315827513e-01	   1.0336774260406330e+00	   1.0431229648217160e+00	   1.8369625770297551e-01	   2.8349632629601196e-01	   6.6658212580782661e-01	   6.4700101058120674e-01	   1.8455171088402811e-01	   3.6287022598613244e-01	   5.9572580814474774e-01	   5.9011886540318703e-01	   8.2591967764905616e-01	   9.9724897580087846e-01	   4.3792736882547839e-01	   4.0388148936772289e-01	   8.0357084318914285e-01	   7.2845354582663868e-01	   2.8949890098484871e-01	   4.2685362953330119e-01	   9.3783509101971141e-02	  -4.1565085517969967e-03	   2.3089987138404328e-01	   7.1281921717235741e-02	   5.9820256420393500e-02	   3.3503295654971504e-01	   4.0521723245176122e-01	   3.2681365619894298e-01	   5.6074852579873102e-01	   4.3295673855527345e-01	   3.5300362958384685e-01	   4.5326293753140523e-01	   5.0261582174643904e-01	   5.3278850015157975e-01	   6.0711272642677638e-01	   2.8037908543661466e-01	   6.8769918826229182e-01	   2.1759162013550440e-01	   4.5276882751893577e-01	   4.6248944336321141e-01	   6.3790645425639925e-01	   7.8079988205923578e-01	   8.4345473290565565e-01	   7.5568547355922822e-01	   1.1930871005505033e+00	   1.0575235169111599e+00	   8.8416471308115274e-01	   1.0538829310477291e+00	   7.9594178523399362e-01	   6.4821357864493379e-01	   6.4855463679826431e-01	   3.3581210206679285e-01	   8.0307609962289483e-01	   7.0869207950085877e-01	   6.7106370577707131e-01	   6.5625316263068900e-01	   6.9885563377898374e-01	   7.5775130557674686e-01	   8.5731512141458477e-01	   9.0355907183662643e-01	   9.0818844012338951e-01	   7.6857328833394800e-01	   7.9479988058189377e-01	   5.6118203077930029e-01	   7.3429342640977668e-01	   1.0073449136337147e+00	   5.0695252664767620e-01	   7.1815507163456038e-01	   7.9993947970694868e-01	   7.5872707184473009e-01	   5.9541296247537401e-01	   4.7446921669110537e-01	   7.7090767294390594e-01	   6.6304056637807907e-01	   4.5582564072588366e-01	   4.4039503147271625e-01	   4.9428485031892722e-01	   3.1263037509168917e-01	   3.2840583862528699e-01	   4.4091196906093655e-01	   4.3068016488389538e-01	   3.4588711441526965e-01	   4.9880787459451015e-01	   6.2931772402353570e-01	  -1.2171142149807007e-01	   0.0000000000000000e+00	   2.3958413581977017e-01	   4.2138973569586813e-01	   4.0399902750173571e-02	  -8.6036809410595216e-02	   1.6477683070481561e-02	  -2.7777786447664232e-01	   1.1223224695596391e-01	   3.3640837435649301e-01	   3.2597311135602530e-01	   5.7040083734465452e-01	   4.5673901075498768e-01	   3.6429089198545489e-01	   1.6512184840965355e-01	  -2.6112801956231413e-01	
