   0.0000000000000000e+00	   9.3216490866441737e-01	   1.6705090913318504e-01	   5.5029754363182548e-01	   4.7363062605080575e-01	   6.5897162893885730e-01	   2.2851696654644540e-01	   5.8034405611326223e-01	   3.8942084490415207e-01	   4.7890623163231910e-01	   6.2157576123532532e-01	   6.6895369712030961e-01	   5.8008315658664000e-01	   7.6938804946193218e-01	   4.3173963661085429e-01	   6.2470446595058904e-01	   6.9495815810697914e-01	   5.6373958202422669e-01	   7.6706252032676669e-01	   8.3279451979246399e-01	   2.4734269643753340e-01	   1.5368976830693884e-01	   4.3221920810137843e-02	   1.3641769199353027e-01	   1.2730456777613072e-01	   2.1101177554967526e-01	   4.9707312976994855e-01	   6.1781303232566531e-01	   3.3636896490239476e-01	   4.2321889880702135e-01	  -3.8200577281690568e-01	  -2.1083077354611188e-01	   5.5711061172994036e-01	   4.6259662545608127e-01	   2.0682153918788252e-02	   4.6110399129941276e-02	   2.2384586150697432e-02	  -1.1893129932037561e-03	   3.5789061946185097e-01	   3.8606543430715429e-01	   1.5378672881816929e-01	   1.7835701412547100e-01	   3.1065569044710795e-01	   2.2417892412021906e-01	   4.4389278460994280e-01	   3.5393780825993187e-01	   4.0230272588249205e-01	   3.6466937505690505e-01	   6.5214406206469600e-01	   5.5042193731626965e-01	   7.6864867243238899e-01	   5.5984077120613085e-01	   7.1228779917879581e-01	   5.4123913030477433e-01	   7.5721949707779723e-01	   7.5222518973089503e-01	   1.3102643233371207e+00	   8.4912438738804585e-01	   9.0339460124994853e-01	   6.7612772210103811e-01	   4.9432243059688047e-01	   5.2682781059382333e-01	   3.0970258892621993e-01	   5.6727716815450868e-01	   2.0634265655647552e-01	   3.4387785975925722e-01	   6.8563126196869772e-01	   5.3284421469799859e-01	   1.0315748845554868e+00	   8.4005423615222274e-01	  -4.6301537619441047e-01	  -4.3079228575571377e-01	   2.1181811741015200e-01	   3.3168941104376842e-01	   5.5704632571126914e-02	   1.0731173824910567e-01	  -1.6230719212993966e-01	  -2.1939451506079349e-01	   7.1465396004049786e-01	   6.0506687420341310e-01	   7.7734664104516504e-01	   6.2645388012515590e-01	   5.4332436659782379e-01	   5.9358310519514823e-01	   6.3362291557780581e-01	   6.3229436014104923e-01	   5.2300773983346438e-01	   5.9256288417664571e-01	   7.2693181219472602e-01	   8.5714269040158153e-01	   1.7818042919500027e-01	   2.2162101024311259e-01	  -5.8054176216308331e-02	  -5.3685765940658700e-02	   5.5387262427611224e-02	   1.2423224674237310e-01	   2.8881015461626580e-01	   4.3693273637944419e-01	   4.6171944772031454e-01	   5.3382434052123717e-01	   1.1353781678331192e-01	   9.9805246443918832e-02	   2.8908791989731486e-01	   2.9509617924587511e-01	   1.4304683623656465e-02	   2.0116882690986597e-02	   7.4587181373887063e-02	   1.3599571635898883e-01	  -4.6254109966922988e-02	   2.7258865823935198e-02	  -1.5239874558950263e-02	   1.6199707801410174e-01	  -1.2731220944638413e-01	  -3.9343285453998546e-02	  -2.6907217153907459e-01	  -3.3641479236977395e-01	
   9.3216490866441737e-01	   0.0000000000000000e+00	   8.9949202811854923e-02	   4.7286205523324853e-01	   4.7738331721778404e-01	   5.8183639439572676e-01	   7.2218344894735068e-02	   3.2427299226210299e-01	   2.3509358447293044e-01	   3.1279781068730073e-01	   3.6847480034753677e-01	   5.8531706503333480e-01	   3.3360196910802198e-01	   5.3053559487889945e-01	   3.6778614778204261e-01	   4.5423432833521860e-01	   7.3519586379261026e-01	   7.8453871398744035e-01	   5.8159070209040764e-01	   1.0910322282152745e+00	   2.3689620741372330e-01	   1.2550858552300984e-01	   1.2295194381046022e-02	   9.4246538420479017e-02	   1.1964077157637779e-01	   1.8096151337002622e-01	   5.5543855223702887e-01	   5.8433621766670807e-01	   2.5758195445200027e-01	   4.3244722930754137e-01	  -4.1712849325259727e-01	  -2.8683058184572680e-01	   4.3891952958059965e-01	   4.2598806198602662e-01	   1.8993887354433768e-02	   2.2623014262022432e-02	   4.0475608466861553e-02	   7.7569656778409379e-02	   3.0099507354601046e-01	   4.1415102176132146e-01	  -3.9638341262938387e-02	   8.1175627557791924e-02	   2.9528007707647858e-01	   2.5506753885652544e-01	   4.7747595167900536e-01	   4.2754729473163239e-01	   3.7842247343225233e-01	   3.7934445553011059e-01	   6.0283379173544704e-01	   6.1556567246234484e-01	   6.9972236038303626e-01	   5.4943340217612824e-01	   6.4557733527470595e-01	   5.1678782354346864e-01	   7.2019855070066829e-01	   7.6335759588604257e-01	   9.3781588607070721e-01	   1.1136353471933418e+00	   7.0307727007669008e-01	   6.5590068317944428e-01	   3.0295156050692096e-01	   3.8675396915673055e-01	   3.0748500811820206e-01	   4.9252912002380528e-01	   2.0028802827218697e-01	   2.0038955332068339e-01	   5.6078924841102262e-01	   4.5462597002704058e-01	   9.2064826911693887e-01	   7.8859660951481070e-01	  -5.3629830204383133e-01	  -5.7081442380196712e-01	  -2.5212841996837553e-02	   2.0841591104158413e-01	  -1.5027955916299970e-01	  -4.7225060937705766e-02	  -3.0530821253592910e-01	  -3.8685190705789452e-01	   7.1311760662740520e-01	   9.1764076789978088e-01	   8.1519379898707545e-01	   7.1288737112494938e-01	   4.3540693302204919e-01	   5.7878006220440903e-01	   5.6129114435298089e-01	   5.7207260287018835e-01	   5.8424470761526315e-01	   5.9789544607770961e-01	   6.2138459101990118e-01	   8.2204762592817393e-01	   1.5953877126527094e-01	   1.7183013758649690e-01	  -1.1618721400348189e-01	  -9.4400407067841585e-02	   1.0311133215490799e-01	   2.1433518931817286e-01	   4.8439783747192533e-01	   4.5654120430928824e-01	   5.3902105580261295e-01	   4.4681024496027771e-01	   9.7794296465298775e-02	   2.8031333376251678e-02	   3.7123504046715661e-01	   2.2779244179838637e-01	   5.8560219669254392e-02	  -7.0609718062500243e-02	   5.3890342823119330e-02	   6.8886733720139079e-02	   3.9401061609671988e-02	   9.0101856675789585e-02	   2.4843447628880074e-02	   1.4837498025887613e-01	  -9.4541826955970673e-02	   9.4192132681605242e-02	  -2.5079016645169250e-01	  -2.6764093035279551e-01	
   1.6705090913318504e-01	   8.9949202811854923e-02	   0.0000000000000000e+00	   7.4872398818665431e-01	   6.9947854925367414e-01	   4.4470758275394484e-01	   9.9705821717781729e-01	   4.5428078713451076e-01	   6.3303190638628060e-01	   3.9470023604870696e-01	   3.7776052616757294e-01	   2.1174023432978495e-01	   2.8025359543033401e-01	   2.6537453039225045e-01	   7.0491227818700741e-01	   5.7102930327817147e-01	   7.3298080868353845e-03	  -2.1244710847178935e-02	   3.0083439803009782e-01	   1.1185840837299454e-01	   1.3084297977101172e-01	   4.5436543747990728e-02	   1.1911784912849026e+00	   7.8240694237256148e-01	   5.4032123545282895e-01	   4.5257172225769426e-01	   2.5647527215251614e-01	   3.1126631114760711e-01	  -9.0781035686414685e-02	  -1.2738665977615035e-01	   2.1521894051065407e-01	   3.2066434441218594e-01	   1.9057504011399060e-01	   7.3624102469475816e-02	   4.0480265989069186e-01	   2.1037924451814344e-01	  -1.9943285463918514e-01	  -1.9091431235717510e-01	  -4.0774120877705516e-02	  -9.8835968492588022e-02	   1.2280520300374191e-01	  -8.3148059060415239e-02	   2.2355998477957192e-01	   2.0038261689500175e-01	   1.1579615737213103e-01	   1.7039700842170907e-01	   1.9433800370884566e-01	   2.1099816773690283e-01	   2.3485404725729516e-02	   1.5118863420685871e-02	   2.9467201566144841e-01	   1.3055585891938917e-01	   2.8599898403127622e-01	   3.9450695191308910e-01	   2.0939007528842088e-01	   2.4754558126784892e-01	   8.4251855154866953e-02	  -7.1221563108307719e-03	   3.1037087696871740e-01	   4.3038466730202105e-02	   1.4164355893423669e-01	   9.9045766704372762e-02	  -4.5503824703633650e-03	   4.6876270431235323e-03	   1.0999530256599430e+00	   5.1893599612171226e-01	   3.3578968283573873e-01	   2.1558200070745778e-01	   1.3182038537337812e-01	   9.1424946121102926e-02	  -3.3972790852073206e-02	  -1.3444836868370846e-01	   2.3991882268554379e-01	   2.8778114738004718e-01	   1.9955066943451388e-01	   2.6111926352060427e-01	   2.2607848884542250e-01	   2.4198014838751386e-01	   1.0352549333924432e-01	   1.1222623784012400e-01	   1.1780908681426100e-01	   3.6583766103701804e-01	   2.1153363142287052e-01	   1.0608567724473743e-01	   5.8482135806815605e-01	   4.8968017467880570e-01	   2.5468028861968106e-01	   2.2061935120966764e-01	   4.6935985103514738e-01	   3.7048768135597365e-01	   5.0974039133636118e-01	   5.3309271937941172e-01	   4.5960095077374774e-01	   6.6226074105109556e-01	  -9.5901216790971938e-02	  -1.8987953668175306e-01	   1.7431623897211455e-02	   1.0714630064429233e-01	   2.2839558822422712e-01	   3.1736183249707839e-01	   2.8088896563227639e-01	   4.8095184633487331e-01	   1.3799540792486747e-01	   2.0686777979106963e-01	   8.3182976947399470e-02	   4.0407041448261632e-01	   1.2451252364514673e-01	   1.4906979632081918e-01	  -8.5061194118315739e-02	  -4.3679996675830307e-02	   7.7806120710340293e-02	   1.0936451182514922e-01	   1.5338323034858015e-01	   1.3050750114694820e-01	   1.7246508352985682e-01	  -3.1834760918553438e-02	
   5.5029754363182548e-01	   4.7286205523324853e-01	   7.4872398818665431e-01	   0.0000000000000000e+00	   7.1242476871610272e-01	   1.0565308357140770e+00	   5.4836619935540321e-01	   9.4485251049393737e-01	   4.9886761173237926e-01	   6.9736541571370969e-01	   3.8778747339632530e-01	   5.3947566348211740e-01	   3.2772756118931634e-01	   5.6263227049531195e-01	   5.9477877605951246e-01	   9.2462171834126827e-01	   3.1883384446752611e-01	   2.5185274879455288e-01	   4.4387265025476508e-01	   4.9839775635016059e-01	   3.0758821835570288e-01	   2.6832346342465907e-01	   5.3021481950075056e-01	   9.5627641050328249e-01	   5.7517523993666742e-01	   7.1229142174889726e-01	   6.1955625745307985e-01	   7.6305439752458237e-01	  -1.0185275683815801e-02	   1.4202753412003971e-01	  -4.1626950373767353e-02	   1.7366844736387227e-01	   3.6656550741679989e-01	   3.5824551323021897e-01	   3.8256015357818812e-01	   3.7435501376672059e-01	  -5.4145807670189913e-03	  -7.6214924193323222e-02	   2.3160375773168362e-01	   2.2260060039616117e-01	   1.0735302029888107e-01	  -1.4113896593781317e-01	   2.2400168677470569e-01	   1.7070230011243404e-01	   2.7797168137433226e-01	   2.5288514453558936e-01	   2.6160015271642861e-01	   2.4225440403776571e-01	   2.8106300834763726e-01	   2.3639141677545256e-01	   5.5722651635007592e-01	   2.8111038477336614e-01	   4.5256529515576926e-01	   4.6671809400156922e-01	   5.3141920442003687e-01	   5.7704589093901903e-01	   4.5291112414292239e-01	   3.0979315972620408e-01	   6.9417154118966751e-01	   5.1943879881329735e-01	   3.0732192281521653e-01	   5.0059675190833952e-01	   1.4473314955277684e-02	   2.5102005612637684e-01	   7.6759600426085151e-01	   8.5793657878157847e-01	   6.7819651678766923e-01	   5.8464310250293239e-01	   4.6362854189457864e-01	   3.8870223089412614e-01	  -2.8947795726537878e-01	  -3.0562265127582550e-01	   1.7590617447280393e-01	   3.3860307389536898e-01	   5.1334393935142705e-02	   1.7330333316232149e-01	  -4.2279706576759259e-02	  -7.9474237270292181e-02	   2.9898221664676805e-01	   3.5239692815813856e-01	   3.6554653209645899e-01	   4.6932966299645740e-01	   3.7346882990448421e-01	   3.2854605560534217e-01	   6.5090362878802066e-01	   8.6112701089501931e-01	   4.9586040624467287e-01	   5.0462393158545393e-01	   7.8172034133818991e-01	   8.5636134878673020e-01	   4.4351110573476415e-01	   3.8113450586097175e-01	   4.2086227688860256e-01	   2.2869979010201075e-01	   3.9975767734308304e-02	   5.4119808320283194e-02	   1.9913603861029297e-01	   3.3792065290573903e-01	   3.0636439847742863e-01	   3.6213829689561289e-01	   3.6623238093842170e-01	   2.1080488861958507e-01	   2.7175506563286367e-01	   2.5115496906939516e-01	   2.0869551159846772e-01	   2.2772676065160655e-01	   1.7405442736270010e-01	   1.6035104066121481e-01	  -2.6940405600086856e-02	  -4.7195157162103624e-03	   5.0525043795147044e-02	   1.4654651306409798e-02	   5.1890497298801783e-02	   3.6247007525344890e-02	  -5.2544991934085239e-02	  -1.6386508166831018e-01	
   4.7363062605080575e-01	   4.7738331721778404e-01	   6.9947854925367414e-01	   7.1242476871610272e-01	   0.0000000000000000e+00	   8.8245185949366833e-01	   4.5005431723043304e-01	   4.5066518634309227e-01	   7.8935906651135290e-01	   5.7108382540703262e-01	   3.7394733117635148e-01	   3.8587042439026004e-01	   3.3010400982730503e-01	   5.4650640628345259e-01	   9.2566954251809441e-01	   8.0386240772320006e-01	   2.1642167902830603e-01	   1.5419911527379032e-01	   2.8726388812216930e-01	   3.9991356099676789e-01	   4.6493342835425278e-01	   3.4907550792501341e-01	   4.8290177414797120e-01	   3.7765299423757037e-01	   4.2231976906585134e-01	   3.7319890211503964e-01	   9.6001628108497317e-01	   8.8357159732577617e-01	  -3.1257112828161369e-02	  -1.2207331111243235e-02	  -2.3268842358248346e-01	  -8.8382038239721294e-02	   1.3289737621700939e-01	   1.7324143777089254e-02	   1.1406318405578778e-01	  -4.4212546777223846e-02	  -2.1301261395086610e-01	  -1.6859795070525496e-01	   4.7988265669043927e-02	   6.1407941225275646e-02	  -7.8665874074821007e-02	  -6.2174226108251150e-02	   2.0787023255345452e-01	   1.6621058227277463e-01	   2.1386056676974219e-01	   2.5935990021414390e-01	   1.9330040222410522e-01	   2.2034093874815971e-01	   1.6484046915635486e-01	   1.8080982461737660e-01	   4.3076375049545712e-01	   2.1511447004359913e-01	   4.3834575398520192e-01	   5.4384190978256142e-01	   4.1806070672483020e-01	   4.2728746250985067e-01	   4.1884408743980422e-01	   3.8671555188200124e-01	   4.1844246044779859e-01	   3.1220232664024694e-01	   2.1760371660976865e-01	   2.6044305237209781e-01	   5.6046983876749626e-02	   1.9823982531741929e-01	   6.9570836561271476e-01	   3.3573143863961824e-01	   3.8883474451328154e-01	   3.0309192880069091e-01	   5.1399584869640691e-01	   4.0529233170738016e-01	  -2.5626846205943077e-01	  -3.6833051882865175e-01	  -1.2952082310381958e-02	   9.2809755736970312e-02	  -5.6176017068813297e-02	   6.1217418691962566e-02	  -1.0707750684577703e-01	  -1.0131655336031523e-01	   3.4507262270104028e-01	   3.6343365726279381e-01	   4.1441804014719907e-01	   5.6437669518034572e-01	   4.4852429585077169e-01	   2.7486370285659040e-01	   7.4425316213070847e-01	   6.0579373590784336e-01	   6.7776031946203874e-01	   4.9531168981393137e-01	   7.5912545870866444e-01	   5.3908266899814594e-01	   2.4808860781791808e-01	   3.1661254103914777e-01	   1.2997412319315038e-01	   2.2976071988877125e-01	  -6.6441381161524676e-02	  -5.1983728349895925e-02	   1.1157633339408582e-01	   1.3101872809488554e-01	   2.2598425292727231e-01	   2.3779101407188868e-01	   2.0239868403718175e-01	   2.3496692368237032e-01	   1.9170449235659520e-01	   1.1700905368742623e-01	   5.5287091342552316e-02	   2.1350058917440476e-01	   1.0452166970458583e-01	  -5.7403742232998989e-02	  -3.6666077304474111e-02	   2.0100609833999004e-02	  -1.0862978382854011e-01	   3.1172527769649742e-02	  -1.0617932012317838e-01	   5.1025789052703670e-02	  -5.0663024568888902e-02	  -2.7141434432600164e-01	
   6.5897162893885730e-01	   5.8183639439572676e-01	   4.4470758275394484e-01	   1.0565308357140770e+00	   8.8245185949366833e-01	   0.0000000000000000e+00	   3.3219860898548748e-01	   6.3382296816503847e-01	   4.2554119471473767e-01	   7.4981428064406397e-01	   3.2546272432171691e-01	   4.7911750173568823e-01	   3.3687280455681451e-01	   6.0585204751116095e-01	   5.6063114703266215e-01	   9.1880447719051339e-01	   4.2883396608769231e-01	   3.1638295835529073e-01	   3.5473846333479764e-01	   5.0809954568483540e-01	   6.0791975885571958e-01	   5.8223832842129974e-01	   3.4793532740152844e-01	   6.2682366320547744e-01	   5.6790706129710333e-01	   6.7630553474819799e-01	   1.0594236196880746e+00	   1.3715970488243094e+00	   4.4371721422045166e-02	   2.4782962996067692e-01	  -1.7142660954979655e-01	   2.0319659693203550e-02	   2.5109708223949878e-01	   1.7476436818818947e-01	   2.1164525960826763e-01	   2.1012905393518963e-01	   6.3995352357897523e-02	   6.4375854693935586e-02	   3.6676595767839931e-01	   4.3171282961903712e-01	   9.8919703131229358e-02	   3.7452747538924566e-02	   2.5571281360732312e-01	   1.7115344059427573e-01	   3.1337313862447780e-01	   2.8922190558807953e-01	   3.1895662544048753e-01	   2.9190399000243028e-01	   3.0455579790925402e-01	   2.6358846449225298e-01	   5.9842143410699244e-01	   3.3480068252237316e-01	   6.4902602972562939e-01	   6.7630883575355716e-01	   6.5934936176332359e-01	   6.8205360040854868e-01	   6.4167795603094546e-01	   5.5864950598639473e-01	   6.8881242875582060e-01	   5.5089462911542175e-01	   2.4814646121572881e-01	   4.5390693872606241e-01	   3.0593899767059059e-02	   2.2318806501232033e-01	   4.5670009916567239e-01	   4.9779188577898781e-01	   5.8435925249846177e-01	   4.9312762518164788e-01	   6.5958629379041778e-01	   5.7542825083201721e-01	  -2.8672312071279504e-01	  -3.6184574620438931e-01	   1.3032492926086926e-02	   1.7854440122826692e-01	  -1.0376244862283310e-01	   1.7507419467093898e-02	  -1.9985089211435164e-01	  -2.4440769251295766e-01	   4.3092518014269948e-01	   5.0530747793211939e-01	   4.8395002772080969e-01	   5.0460427045801881e-01	   4.2450941586239532e-01	   4.7003014773493462e-01	   6.2216804556512306e-01	   7.2687736170375616e-01	   5.9771819743725541e-01	   6.5286509139072935e-01	   8.3344167154419813e-01	   8.8233527045907079e-01	   3.7046388326940310e-01	   3.7927035000988740e-01	   2.1413278912154171e-01	   8.8100937472066473e-02	   9.9952508980472921e-02	   1.3431975290265602e-01	   2.0435765546393506e-01	   2.3008236417782285e-01	   2.5229958990817891e-01	   3.3869893988754024e-01	   2.6675531470892283e-01	   9.1399720882209601e-02	   3.4541980346280227e-01	   1.1640488483457728e-01	   2.0569205142419295e-01	   1.7505552568200192e-01	   1.1738212256326321e-01	  -3.6290161272339657e-03	   1.3101177921290388e-02	   3.2921749114320865e-02	  -3.2419809638932991e-02	   6.0602818906223994e-02	  -7.9731806789969176e-02	  -3.9392728049274614e-02	  -1.4537238816414524e-01	  -2.5429511064169280e-01	
   2.2851696654644540e-01	   7.2218344894735068e-02	   9.9705821717781729e-01	   5.4836619935540321e-01	   4.5005431723043304e-01	   3.3219860898548748e-01	   0.0000000000000000e+00	   7.9135378511565047e-01	   6.3786100026690362e-01	   5.2076243904017216e-01	   4.3964359275923331e-01	   2.7953650167630550e-01	   4.4855468541640797e-01	   2.8617719074995357e-01	   3.9624957656575388e-01	   3.3473931432683640e-01	  -4.0814214537292373e-03	  -1.7835907846871443e-02	   5.1495818507913949e-01	   1.5451040349857562e-01	   3.4966725964448206e-02	   1.9008528679064166e-02	   6.6208468452996172e-01	   5.2936896974908343e-01	   1.8463140383659649e-01	   1.3433477988929221e-01	   4.6684741677291620e-02	   1.7015228415709774e-01	   7.8357178289699417e-02	   3.0092056068926485e-02	   3.0020996626413710e-01	   3.1808233337558550e-01	   3.4694800404162435e-01	   2.8045475927973529e-01	   1.6805019279607911e-01	   6.4025152922531942e-02	  -1.9988689575769478e-01	  -2.6776973198583809e-01	  -7.9468110577099335e-02	  -9.4190367272361603e-02	   8.1244394601630812e-02	  -9.4618853513760828e-02	   5.8153730612397911e-02	   6.4702761964786720e-02	  -5.4663143059357946e-02	  -2.4127721008954980e-02	   3.7383056580392288e-02	   5.5277529473087235e-02	  -5.5237321778862009e-02	  -8.9679097023529844e-02	   1.3320082821153978e-01	   2.3303379246192316e-02	   1.7891683857392715e-01	   2.3423332426309248e-01	   7.0598347657717844e-02	   1.2600356796756618e-01	   4.8878481530730981e-02	  -6.2847793182785647e-02	   3.1330008028132289e-01	   3.5750608232322246e-04	   4.6775452531328388e-01	   3.2015373881922105e-01	   2.5829887153170361e-01	   2.0705968654798695e-01	   7.5945931568592906e-01	   4.5893970391281463e-01	   1.8935104923461585e-01	   5.4424931625750864e-02	   5.5467202578624017e-02	   3.7789730925879381e-02	   9.1806034178795334e-02	  -3.7018917035793915e-02	   3.6934431810030272e-01	   3.4065490309802721e-01	   2.4146971459322250e-01	   2.5482758044598541e-01	   2.4727157000210287e-01	   2.0883132050063011e-01	   7.3698275668850011e-02	   8.8023314507714279e-02	   6.5501818818168037e-02	   2.2235125775147863e-01	   1.0674975853019300e-01	   7.9272942769498825e-02	   3.5686849701221324e-01	   2.9755583204046887e-01	   5.7727539733411527e-02	   1.0059656291831198e-01	   4.4216874933915018e-01	   2.5523323137281040e-01	   3.7162595203427223e-01	   4.6799704835087719e-01	   4.3120815185520128e-01	   7.0564856735656345e-01	   3.9075397378886434e-02	  -1.7850269699433682e-01	  -2.3691180349724998e-02	   7.8476690915185082e-02	   1.2977758500314918e-01	   3.0968413271322542e-01	   3.2684077207563733e-01	   6.8193787936705463e-01	   1.8905300626267063e-01	   3.4618202656160685e-01	   7.0653062210040196e-02	   3.1668765308965907e-01	   1.5731865768535017e-01	   1.5386369928239732e-01	   1.3615247584618839e-01	   5.8109227418627001e-02	   9.2442278684636295e-02	   9.9754036118362616e-02	   2.8607393305009693e-01	   2.0134066937267758e-01	   1.6186280377300011e-01	  -4.1225982016378998e-03	
   5.8034405611326223e-01	   3.2427299226210299e-01	   4.5428078713451076e-01	   9.4485251049393737e-01	   4.5066518634309227e-01	   6.3382296816503847e-01	   7.9135378511565047e-01	   0.0000000000000000e+00	   6.5115249616548676e-01	   9.9669422888988113e-01	   4.4047014589139666e-01	   5.5690829667145425e-01	   4.7559266262302624e-01	   5.9818084569650654e-01	   3.4074090900708681e-01	   5.4936041357212617e-01	   2.8871161408064144e-01	   1.6979255404629481e-01	   6.3508817037421272e-01	   4.6602589158214563e-01	   8.0828607652532525e-02	   8.4131240098004323e-02	   2.4952880545006068e-01	   5.0851187305120615e-01	   9.7009997380613833e-02	   1.8192074747990994e-01	   2.4370710219578950e-01	   3.6136301825742062e-01	   1.7225058696798309e-01	   1.8837263106162594e-01	   3.2031426929402980e-02	   1.6636859367501367e-01	   5.6164706186603086e-01	   5.9342271247924938e-01	   1.5805504441349028e-01	   1.8760957322072108e-01	  -1.5781594612383806e-01	  -2.0531843983124973e-01	   5.2847467555369447e-02	   7.6580838144868046e-02	   1.5927147918562739e-02	  -1.5973340498848548e-01	   8.3345187421628802e-02	   4.3880534453606512e-02	   1.2210870996028439e-01	   6.6037108632018143e-02	   1.0433465039020966e-01	   8.5450898172150846e-02	   2.2795958556200591e-01	   1.3723570196147952e-01	   3.4176066479539502e-01	   1.5220690294978240e-01	   2.4167508199831908e-01	   2.1252738048464664e-01	   2.6885351137345120e-01	   3.2016463392298605e-01	   3.8967494725872920e-01	   1.6900893035455122e-01	   6.3914425662304497e-01	   3.7581776015649204e-01	   6.8841074202315378e-01	   8.3952519497158318e-01	   2.1328663402432727e-01	   4.4435351715470528e-01	   5.5127749193343090e-01	   6.8527688939924258e-01	   4.5976754449423429e-01	   3.5639330147812726e-01	   3.9935840005070905e-01	   3.6340052301732934e-01	  -2.5151794702647495e-01	  -2.4545470884124548e-01	   3.2600265274788748e-01	   3.9237060925030759e-01	   1.8186304178324131e-01	   2.6907763180877092e-01	   2.0076561353948572e-02	   1.9491782474786189e-02	   2.7819636474246096e-01	   1.9142328350070503e-01	   2.7424372872681479e-01	   3.0498751097823629e-01	   2.4153078040400380e-01	   1.8007996260272471e-01	   4.0219795475094411e-01	   5.0228828285525473e-01	   2.7751427516104976e-01	   2.8186655687591156e-01	   6.5464017245330108e-01	   5.3643241741483472e-01	   2.9430894376165084e-01	   2.6901604006978108e-01	   3.5899263632930201e-01	   2.3617980984026085e-01	   4.4007750339079915e-02	  -8.6800778471202832e-03	   5.9711621166207873e-02	   1.9632892710220867e-01	   2.1784394928413126e-01	   3.1459459266018430e-01	   4.4842288204947583e-01	   3.5660515341234428e-01	   2.0071928544607373e-01	   2.9771087127275397e-01	   5.9607655633419951e-02	   8.7426203452982978e-02	   1.5659710785338282e-01	   2.0475612699801879e-01	   6.0815529646858031e-03	   6.9582223209888175e-02	   2.1996203576226621e-02	  -2.4183690351820262e-03	   9.9245573968336831e-02	   4.1037591609040310e-02	  -1.0320647923711207e-01	  -1.4481728385752596e-01	
   3.8942084490415207e-01	   2.3509358447293044e-01	   6.3303190638628060e-01	   4.9886761173237926e-01	   7.8935906651135290e-01	   4.2554119471473767e-01	   6.3786100026690362e-01	   6.5115249616548676e-01	   0.0000000000000000e+00	   8.8154773151125876e-01	   4.5420384106828837e-01	   3.0458108163968439e-01	   4.4902144072475003e-01	   4.1831661971400624e-01	   8.3215057920801161e-01	   5.7077649058930846e-01	   1.1905015138940819e-01	   4.8983771435490618e-02	   4.4218877817540070e-01	   2.8489246771681404e-01	   1.7975266413765223e-01	   9.3472768677108367e-02	   3.2966775958975958e-01	   1.9848543115727019e-01	   9.0609104636984003e-02	   6.0458932052238915e-02	   3.2903273692378687e-01	   2.8948878487795232e-01	   8.0854600213017186e-02	  -8.9811792521796080e-02	  -1.5100093596160497e-01	  -1.1598919956566206e-01	   2.6944185103463936e-01	   1.7975216533938834e-01	  -1.7359943437801346e-02	  -1.6782554477585188e-01	  -3.8235368048191742e-01	  -2.4318160894781854e-01	  -1.4206203245900259e-01	  -8.1064644214176335e-02	  -2.2024466501902533e-02	   1.5487242380148575e-01	   2.7300319740245507e-02	  -1.9289501428397055e-02	   8.4242533338355047e-02	   9.8583298136369707e-02	   1.2371798986176548e-02	   3.3141530646180563e-02	   2.2623246946677483e-01	   2.3303819626553843e-01	   3.6032520355758169e-01	   2.6927713281449200e-01	   2.0789106240280228e-01	   2.8637930136168610e-01	   2.2418984532983730e-01	   1.8533758967054248e-01	   2.2326840972837184e-01	   1.1428572170165462e-01	   4.3668846021646762e-01	   2.7994124752298161e-01	   3.9886466261164533e-01	   4.0545290895402875e-01	   9.8321742545152274e-02	   2.4789533576206035e-01	   5.1680609409355904e-01	   3.6624299953285838e-01	   2.7779452067301935e-01	   1.5273213720250658e-01	   4.0433565016065859e-01	   2.9174125569910236e-01	  -1.8909377487459697e-01	  -1.8947938566088623e-01	   1.9602661341696551e-01	   2.4438919984904536e-01	   1.4454136373228774e-01	   2.6059107651301150e-01	   8.2821804404685284e-02	   1.9650666271662956e-01	   1.8677405719892107e-01	   1.4035356221372947e-01	   2.4633561283207200e-01	   3.4833034906445287e-01	   2.9437172497064684e-01	   8.7637545410353693e-02	   4.0714942940763532e-01	   3.5001611319629400e-01	   3.2142959865824305e-01	   1.0416003303668787e-01	   4.8788572995496554e-01	   3.0467478579805446e-01	   2.8343405995024001e-01	   3.0310634620882260e-01	   3.0935420354098692e-01	   4.0974800404611272e-01	  -1.2764345160818069e-01	  -1.0689407250584049e-01	  -5.8168782041073591e-02	   2.2506126641418770e-02	   2.1701713861590322e-01	   1.6516758308338136e-01	   5.1826773829116390e-01	   4.9879748462008838e-01	   1.7381553797026592e-01	   2.9047157060601553e-01	  -6.1388042764139575e-02	   1.6071566852787428e-01	   1.4707310868032125e-01	   1.3551360627347367e-01	  -1.6201027861461040e-01	  -4.9177120417917650e-02	  -1.1948201251311769e-01	   1.1859706431063283e-02	   6.8110874423846085e-02	   9.3827333833998758e-02	  -4.1185841993023276e-02	  -2.2756743607930524e-01	
   4.7890623163231910e-01	   3.1279781068730073e-01	   3.9470023604870696e-01	   6.9736541571370969e-01	   5.7108382540703262e-01	   7.4981428064406397e-01	   5.2076243904017216e-01	   9.9669422888988113e-01	   8.8154773151125876e-01	   0.0000000000000000e+00	   3.2679215974008813e-01	   2.9262177853418841e-01	   3.1317081946814018e-01	   3.6544334142370594e-01	   4.7915708326991480e-01	   5.6158466561245679e-01	   2.1110759338158142e-01	   8.5373823789962555e-02	   4.9312023105383973e-01	   3.7048735181702214e-01	   2.2453184920833474e-01	   2.5813023303285804e-01	   1.9922478868063342e-01	   3.8527447610832832e-01	   8.1275547228474659e-02	   1.1133875714553181e-01	   3.4550220313334434e-01	   4.5359393156495287e-01	   7.3020686530329462e-02	   4.7299915045776957e-02	  -9.9371533150045224e-02	   2.1491400957033531e-03	   3.0245767464082085e-01	   3.0318135550255132e-01	   4.2464147439999090e-03	  -4.2177875691253360e-03	  -1.4085947602800436e-01	  -4.2435520794699852e-02	   4.5135726943740823e-02	   1.2381784928179898e-01	   8.2206749479224989e-02	   9.1919049694677304e-02	  -9.3240658703553376e-03	  -6.4524028701729019e-02	   6.1917087446994534e-02	   3.3791196984702974e-02	   1.8171045438649232e-02	   1.6073150331874508e-03	   1.9429402401608109e-01	   1.5715445700619984e-01	   3.7719274882799309e-01	   2.2248134928207455e-01	   3.0798988627060864e-01	   2.8117060000993588e-01	   2.7662899477329483e-01	   2.3652833534129492e-01	   3.1012396914182755e-01	   1.8389574397681080e-01	   5.6447146245542246e-01	   3.8066556781422312e-01	   4.3662706604254131e-01	   6.4646316096954926e-01	   1.3275305898474071e-02	   2.5440029631039057e-01	   4.2380247118210945e-01	   4.5648881804578817e-01	   3.2021445271273918e-01	   2.0403476603829002e-01	   4.4187984802529995e-01	   3.5082536521688279e-01	  -2.3555373260627105e-01	  -1.8272705467096412e-01	   1.6010636430641559e-01	   2.1416467353267343e-01	   4.4754277623090311e-02	   1.3547540378368228e-01	  -3.5645175798079904e-03	   7.1800194687577867e-02	   2.0022564275867788e-01	   1.4180343466781231e-01	   2.1677193711485301e-01	   2.1569585027959245e-01	   2.7547506972553576e-01	   1.5477531078619142e-01	   3.2261691693371192e-01	   3.5553162055563664e-01	   2.9191612246939275e-01	   2.3911849021002304e-01	   6.3928775492013035e-01	   4.3958916356032102e-01	   3.6991699617482060e-01	   3.6022945070919399e-01	   3.9326856343290906e-01	   3.2125320529339429e-01	   4.2998691483562076e-04	   5.5010827587195221e-02	  -4.8763903283736219e-02	   4.6180024995843706e-02	   1.5565016594886405e-01	   1.7996864323811038e-01	   5.5973321927996789e-01	   3.9819837800296431e-01	   2.6376016519593987e-01	   2.6418824599275115e-01	   1.9569427128355760e-02	   8.6323901034622702e-02	   2.0346560268063552e-01	   2.0660336666603313e-01	  -7.1497448481481762e-02	   2.9187276593302645e-02	  -7.6079912295556537e-02	   2.9822838290667630e-02	   1.3710248556619486e-01	   2.8883817680450129e-02	  -1.0407764480549012e-01	  -1.3037631981048020e-01	
   6.2157576123532532e-01	   3.6847480034753677e-01	   3.7776052616757294e-01	   3.8778747339632530e-01	   3.7394733117635148e-01	   3.2546272432171691e-01	   4.3964359275923331e-01	   4.4047014589139666e-01	   4.5420384106828837e-01	   3.2679215974008813e-01	   0.0000000000000000e+00	   6.0763503107563732e-01	   1.2028597419720874e+00	   7.2107156463365329e-01	   7.2344671218663226e-01	   5.9719858766324307e-01	   3.2409612507806129e-01	   2.3999156985765813e-01	   5.7998404808884418e-01	   4.2496946762851617e-01	   1.8660037753200681e-01	   1.7890025714164695e-01	   3.1316448851831535e-01	   1.8215263194912679e-01	   1.2332655883834322e-01	   1.3660287375494354e-01	   2.6572658225584200e-01	   2.9452287524869331e-01	   2.4525178559393540e-01	   1.8151402729068364e-01	  -1.2604909223035926e-01	  -1.8592856813824832e-02	   4.4197181346335368e-01	   3.2311521761074058e-01	   2.0099660685608145e-01	   1.0494010665426795e-01	  -1.7723443138097233e-01	  -1.0385723555737483e-01	   2.5776037950827117e-02	   1.1992890048199695e-01	  -1.4497046789978521e-02	   1.4662926634249079e-01	   1.0205661566504722e-01	   5.8143504447523239e-02	   2.0571994875142582e-01	   1.8501409946132275e-01	   1.5486820257211464e-01	   1.3345283218352136e-01	   1.9313774784794568e-01	   1.4797602253532435e-01	   3.1992935919169457e-01	   1.8777380168953972e-01	   2.6624717053366004e-01	   2.7954498211954776e-01	   4.5675497772938489e-01	   4.2635744543500648e-01	   3.3643346390534384e-01	   2.0394341365086349e-01	   5.3933659612297769e-01	   2.6309264327868126e-01	   2.9034995132254288e-01	   2.9782325543249361e-01	   2.1107009413689462e-01	   2.3454714995128728e-01	   5.0947080038240578e-01	   4.2701598358343779e-01	   4.6841954128816582e-01	   4.0736144410343000e-01	   3.6891405575379443e-01	   3.7055077169424072e-01	  -2.6536965127953105e-01	  -2.4066402843490523e-01	   2.0184936205259521e-01	   2.8514135437807092e-01	   1.7306980949265696e-01	   1.8855307362279802e-01	  -5.5711370851834217e-02	  -3.2049825820479826e-03	   4.0818214799279412e-01	   3.7947909532712987e-01	   4.5514502242445126e-01	   5.9417276797538465e-01	   5.7867848945604150e-01	   4.0579859920820338e-01	   9.1450526722158898e-01	   6.9205633085204288e-01	   6.1943235731289659e-01	   4.2356615195933495e-01	   5.3718499903702299e-01	   5.3769107473357591e-01	   5.8251461000231632e-02	   1.7542892957162157e-01	   8.0301888071302160e-02	   1.8891763939903947e-01	   1.9786023620722951e-01	   5.8148359477318029e-02	   3.8067965200573201e-01	   4.7355012526356632e-01	   2.6482397107699551e-01	   3.1510023482383254e-01	   1.5340311098437057e-01	   3.0757125445888445e-01	   2.2218915667678801e-01	   3.8503971654679592e-01	   1.5230916912898873e-01	   1.9834727853085632e-01	   1.7433352770754643e-01	   1.0153337703286355e-01	  -1.0478307581083188e-01	   2.8175949046098153e-01	   3.0700141764748862e-01	   9.6202062202614569e-02	   9.0646831550959914e-02	   1.1184451484444929e-01	  -1.7438136442645521e-02	  -7.3773123860319978e-02	
   6.6895369712030961e-01	   5.8531706503333480e-01	   2.1174023432978495e-01	   5.3947566348211740e-01	   3.8587042439026004e-01	   4.7911750173568823e-01	   2.7953650167630550e-01	   5.5690829667145425e-01	   3.0458108163968439e-01	   2.9262177853418841e-01	   6.0763503107563732e-01	   0.0000000000000000e+00	   6.2720063233418732e-01	   1.2398554747583970e+00	   4.9927819815065799e-01	   8.1230424906464949e-01	   6.4302232433838391e-01	   6.6230051234639742e-01	   6.4078140291964414e-01	   8.3062500241123094e-01	   1.6248610777383596e-01	   1.0139517485125904e-01	   1.7036715117185472e-01	   2.2487005897347298e-01	   1.2533463093311231e-01	   1.9413747077493360e-01	   3.0335985455241327e-01	   3.6525299627240265e-01	   6.0134477197192260e-01	   6.1613275065960571e-01	  -7.0852864321122755e-02	   4.6630006328438618e-02	   7.4564992478756220e-01	   7.2240011756160805e-01	   2.0208493408749817e-01	   2.1538110297551830e-01	  -1.0651615979624475e-01	  -4.4083636249311157e-02	   1.6523021153486614e-01	   2.6202371190489626e-01	  -3.7502964320196661e-02	   4.7926336227413921e-02	   2.4525281819994399e-01	   2.2530529744391514e-01	   3.8148619997103200e-01	   3.0174617631123007e-01	   2.7972119308974647e-01	   2.8701331221091253e-01	   3.8166688301042284e-01	   2.8840324968571590e-01	   4.3294235788328361e-01	   2.2131077616174444e-01	   3.2415110162834526e-01	   2.7807182894646731e-01	   5.5013069786627156e-01	   6.7513097872171290e-01	   4.6799758121357959e-01	   3.4386324167050936e-01	   5.9703212974447351e-01	   3.9909072729904288e-01	   5.0014035052523376e-01	   4.4241644467085101e-01	   4.8301851960672032e-01	   5.7993983037048302e-01	   3.6993963610808195e-01	   4.1409347277978853e-01	   5.7078299371633578e-01	   4.9490334672489344e-01	   5.9878915636001440e-01	   5.8417762825409980e-01	  -2.4871134492695626e-01	  -1.9383203523235462e-01	   2.8312055368197786e-01	   5.0349672670382317e-01	   1.9802727625576333e-01	   3.2437172939669690e-01	   3.5167226327812988e-02	   3.1424068105995545e-02	   6.1488429296859726e-01	   6.2532203070705861e-01	   6.9339481357821375e-01	   7.6623759709399986e-01	   5.0293498158377248e-01	   5.8074837537024881e-01	   6.8433388230967240e-01	   8.7854107958271033e-01	   5.0204327814954119e-01	   5.8124567667437610e-01	   5.7620127060387494e-01	   7.1450848689378477e-01	   1.1844799952235280e-01	   1.2092339949305017e-01	   3.4891227196901159e-02	  -5.4392111990673946e-02	   2.2277352669113559e-01	   1.5360219449456036e-01	   4.4032649793859358e-01	   4.4355905405044038e-01	   3.5735779112894783e-01	   3.7039170761618606e-01	   1.3874020808397858e-01	   8.9028712953979863e-02	   2.7857854228404072e-01	   3.1649564229689947e-01	   2.2478610440172184e-01	   2.0438941550685666e-01	   1.2824955398028037e-01	   5.9845344911103326e-02	   4.1184663800688741e-02	   2.7741607440474253e-01	   1.7339531319992041e-01	   6.9824293940333404e-02	   1.8591473657722714e-02	   2.0807711468898690e-01	   1.2150121656611045e-02	  -1.4717185915889863e-01	
   5.8008315658664000e-01	   3.3360196910802198e-01	   2.8025359543033401e-01	   3.2772756118931634e-01	   3.3010400982730503e-01	   3.3687280455681451e-01	   4.4855468541640797e-01	   4.7559266262302624e-01	   4.4902144072475003e-01	   3.1317081946814018e-01	   1.2028597419720874e+00	   6.2720063233418732e-01	   0.0000000000000000e+00	   8.7737568605921767e-01	   7.3963956338888504e-01	   6.2142115396807052e-01	   2.6199511925898522e-01	   1.7015374013654350e-01	   4.8876317081977205e-01	   3.8623576718295133e-01	   2.4354569385438740e-01	   2.1532884846805211e-01	   2.3258919370304817e-01	   9.2384649932331586e-02	   1.3954691205727399e-01	   1.3003682770396424e-01	   2.9195632526933873e-01	   3.2926879157497413e-01	   3.5787358930717472e-01	   2.6547259122527667e-01	  -8.2039836104957659e-02	  -6.1483999112538074e-03	   5.1171674797999467e-01	   3.7452713038703828e-01	   1.2386563511554506e-01	   4.4572582094515589e-02	  -1.3752319475745323e-01	  -1.0834749424896489e-01	   1.2029868344648226e-01	   2.0859993799575552e-01	   4.2397574432859249e-02	   1.6472482033522012e-01	   3.3414900190734995e-02	  -3.3944581730351579e-02	   8.6022187295754948e-02	   5.8219293866620815e-02	   1.1078807555848398e-01	   6.9690724112077773e-02	   2.2106778661787319e-01	   1.2460668581781260e-01	   3.4018401292465139e-01	   2.3114668076292422e-01	   3.0840296495675795e-01	   3.3212777655551273e-01	   4.4628083858191014e-01	   4.1115247604101923e-01	   3.4648001410105234e-01	   2.5851015512255804e-01	   6.1257051431494791e-01	   3.5674738060136585e-01	   4.7007782372459062e-01	   4.2798188318557923e-01	   3.2659221598966676e-01	   3.4701398777374731e-01	   3.5068913731119328e-01	   3.4753133057903746e-01	   4.6137109436709339e-01	   3.7946148198763985e-01	   4.5495366846070268e-01	   4.3214841515551689e-01	  -1.6469307801937857e-01	  -1.7815676129513081e-01	   2.9028968288082169e-01	   3.1141544262622756e-01	   2.7947897028416907e-01	   2.1526955968909203e-01	   8.1603294572367327e-02	   8.7540826235755084e-02	   3.8860482775973421e-01	   3.3770343922297480e-01	   3.7818288973041669e-01	   4.4161415783086549e-01	   6.5779811009180855e-01	   4.1262759678218741e-01	   7.2802751312059200e-01	   5.3217168744815524e-01	   5.6651250875986769e-01	   4.2353006147123706e-01	   6.3920453474785610e-01	   5.4136976330542419e-01	   1.4517235602956610e-02	   1.5460756580366192e-01	   1.2548215529575968e-02	   1.2519043256672427e-01	   2.5136418868836163e-01	   9.5898615760354036e-02	   2.8725436422800510e-01	   3.6464402327412182e-01	   1.6194447655583213e-01	   2.7693612176000171e-01	   1.6826478245953813e-01	   2.8832817707379332e-01	   1.8480545608291568e-01	   3.2499810198081558e-01	   1.7639212349259556e-01	   2.3700576961337638e-01	   1.5350217859965212e-01	   6.4290762731992385e-02	   9.1645659506300412e-03	   3.2684443457207890e-01	   2.1743525210888892e-01	   6.8568275978071781e-03	   4.6408339088169152e-02	   1.1884093804960627e-01	   1.3877395275741805e-02	  -1.7501117728860424e-01	
