   0.0000000000000000e+00	   1.3940165579055774e+00	   5.4783748681615441e-01	   5.7450384527293274e-01	   4.2872233322184383e-01	   5.8309086070216609e-01	   3.2399596210538956e-01	   4.0767408603719368e-01	   2.9594375148187191e-01	   3.1149846728876673e-01	   6.0166062802362807e-01	   7.5592529386839358e-01	   5.9018079383436883e-01	   6.1831985568461445e-01	   5.8477310713027020e-01	   6.1610794427437732e-01	   1.0330835942927459e+00	   9.0946821109882703e-01	   1.0638537596161062e+00	   8.8589926580457123e-01	   4.9139664775846309e-01	   4.3952204479267881e-01	   5.8193610658417316e-01	   6.4185698143174730e-01	   7.2110594233714598e-01	   6.3432862063330098e-01	   7.4460677071334891e-01	   6.0523759387121434e-01	   6.7646912954798943e-01	   6.2514966035895847e-01	   2.2636651230055985e-01	   2.0903084325274338e-01	   9.3626933467973106e-01	   7.8237661054291840e-01	   3.4658394118415842e-01	   4.9554812677918181e-01	   3.4753721955155290e-02	   3.6718648719978580e-01	   5.4713160535882832e-01	   7.0203725589526589e-01	   6.7671215817640817e-01	   6.6060697850920225e-01	   8.7656483054058976e-01	   7.8420026823880673e-01	   7.9406509294821859e-01	   8.8198971231014989e-01	   9.4525059901561981e-01	   7.9939958022288871e-01	   1.1345279813070945e+00	   1.1111574947647931e+00	   1.0962204011588081e+00	   1.0688198983607251e+00	   7.2800281628614549e-01	   6.8615325427578255e-01	   6.9951345010467769e-01	   8.4557562664823616e-01	   1.4262209087564000e+00	   1.3134832952240820e+00	   1.1318190441407701e+00	   1.0139197527406303e+00	   5.7985728344838805e-01	   5.1384501637228719e-01	   5.2670046397432058e-01	   6.0419723225605360e-01	   5.7383428213321104e-02	   2.8167507112770429e-01	   7.7993857960268365e-01	   7.7194225950618811e-01	   9.5029492245542302e-01	   8.0322201685225580e-01	  -5.0345508549249516e-03	  -1.5312844538279244e-01	   3.8443036097378464e-01	   4.2087174686939022e-01	   3.4072206745464101e-01	   4.5874280786398525e-01	   1.7345023815199875e-01	   2.9683804706015671e-01	   6.5506357851093944e-01	   7.3172654563287354e-01	   8.6421280946523393e-01	   7.7080858670630814e-01	   6.8477367016025859e-01	   6.9039063184097949e-01	   4.4809047907409882e-01	   6.7139829800763418e-01	   4.4162112810925952e-01	   6.7980757610183307e-01	   4.4737828896932136e-01	   8.3203811179266984e-01	   3.4291103397373768e-01	   3.4412501598450357e-01	   1.3095848491281115e-01	   3.7129030196383972e-01	  -3.5750494323956955e-03	  -1.0633230808009528e-02	   6.6763705805675211e-01	   6.3049279689894500e-01	   6.5313020777936459e-01	   6.6007861508394727e-01	   2.8142538331899070e-01	   1.0442533140482420e-01	   2.5421269543686280e-02	   1.7379068702156875e-01	  -2.3467500399491209e-01	  -9.9617469370884726e-02	   2.2476626687387574e-01	   3.0005830525412360e-02	  -2.6903972115156305e-01	   8.0589719907549415e-02	   3.9951113181585174e-01	   4.5783322444795976e-01	   2.3742428907093982e-01	   5.0636738196445638e-02	  -1.1582391593061426e-02	  -4.0722314098311219e-01	
   1.3940165579055774e+00	   0.0000000000000000e+00	   4.4084130783317421e-01	   4.4557774747889012e-01	   4.7058859173489054e-01	   6.3055679847822732e-01	   3.1185276869814216e-01	   2.9103054142529533e-01	   3.3518343696374087e-01	   3.2781622635849222e-01	   5.7332303972598908e-01	   7.2199315649037621e-01	   5.3221695911870470e-01	   5.8591731017778026e-01	   5.8863078738043528e-01	   5.4182748498911359e-01	   1.1015014304653676e+00	   1.0033899066591765e+00	   1.1428985698117489e+00	   1.0989213995188070e+00	   5.0669509602549712e-01	   4.4030904001811472e-01	   5.7074647390718136e-01	   5.9182236570330471e-01	   7.3831678932468969e-01	   6.5216889881636053e-01	   6.9858877210593562e-01	   5.4781190446272487e-01	   7.4695038042207273e-01	   6.6522902675153073e-01	   2.9077113567325824e-01	   2.5755215005414100e-01	   9.1797285594669764e-01	   7.4176368072886034e-01	   2.9995162227804545e-01	   4.3858101782192321e-01	  -2.8902692484796176e-02	   3.1371736525807109e-01	   4.2032525965366307e-01	   5.1550657758119955e-01	   5.5066541444123185e-01	   6.8321016146050551e-01	   9.2285465831730407e-01	   8.8075266187559276e-01	   8.3882279535483595e-01	   9.2068351897186262e-01	   1.0075830709202052e+00	   8.8116699480831451e-01	   9.4451046698549901e-01	   9.9205165089031566e-01	   9.2831421047759433e-01	   9.6078558502677314e-01	   6.8735665502046539e-01	   6.9474698853885797e-01	   5.8407101678900308e-01	   7.7466550977657589e-01	   1.3941949650818051e+00	   1.6523647169862665e+00	   8.6307067315357322e-01	   8.3096889728741763e-01	   4.8761787691164360e-01	   4.0560906930649032e-01	   5.7063355557171291e-01	   6.0532204217027341e-01	   4.6311992343854178e-02	   1.4614045583695010e-01	   7.3148049699810225e-01	   6.9994561979186654e-01	   1.0693719861164661e+00	   8.4738397213053751e-01	  -1.8280718134320653e-02	  -2.8581970285418512e-01	   3.2144774269438264e-01	   3.7840624750221441e-01	   3.2758673429872837e-01	   4.0817272050952691e-01	   1.3355779173880206e-01	   2.0837774710182899e-01	   7.1337110768520440e-01	   7.5666256138574250e-01	   8.8350631357782783e-01	   7.6785413497459243e-01	   6.1077500530159090e-01	   6.3089592684294227e-01	   3.9464677397387327e-01	   5.7737112220580644e-01	   2.7488915814573900e-01	   5.6900312782883411e-01	   3.7246625593154314e-01	   7.8148851325323776e-01	   2.8947805035095914e-01	   3.3248353702409617e-01	   8.4464996891013638e-02	   3.2045017458053637e-01	  -1.8198790630024973e-02	  -5.5756456290227484e-02	   7.9800680577747751e-01	   6.3418973977131898e-01	   6.0200289477688673e-01	   6.1569604749103446e-01	   2.1185114932405258e-01	   4.9141646533335283e-02	   1.5834171825429187e-03	   1.2029905958669608e-01	  -1.8438648469359506e-01	  -1.0585967444612440e-01	   1.5313379287523682e-01	   2.7852295902589315e-02	  -2.0535866641245248e-01	   1.2810485247836947e-01	   5.4727674823653727e-01	   4.9460792049582314e-01	   2.2204730624394403e-01	   5.2532444868501699e-02	  -1.5213227601729822e-02	  -3.3266446150480622e-01	
   5.4783748681615441e-01	   4.4084130783317421e-01	   0.0000000000000000e+00	   6.4719902305030974e-01	   1.0254548586875485e+00	   7.7367737033855377e-01	   1.1695348436417832e+00	   3.7164765815383516e-01	   9.7505108096121151e-01	   3.9829961471736314e-01	   5.1450242002470770e-01	   2.0293179196133729e-01	   3.0599397311880544e-01	   2.0066416652806487e-01	   8.6066142798790535e-01	   4.1659536985719947e-01	   4.0048696036829368e-01	   6.3405803741111577e-01	   6.4690933108731552e-01	   3.5896366826264919e-01	   5.0539849473952980e-01	   6.3993818941515102e-01	   1.3854938231317615e+00	   7.8334112016014368e-01	   1.1319661814326858e+00	   8.7402861129246978e-01	   8.5215781983172922e-01	   7.7268485882786808e-01	   4.7235539421065353e-01	   4.4783422811508800e-01	   6.0681957207115922e-01	   3.8180828548719936e-01	   8.4787285668157653e-01	   6.4484945955424522e-01	   9.4831004564412158e-01	   6.4910742107146358e-01	  -4.6806296024079881e-02	   1.7497849813188102e-01	   5.2830348697352936e-01	   6.4618370110642009e-01	   2.2630016675283382e-01	   4.2370862111121926e-01	   7.5301782372585135e-01	   6.5486855340428185e-01	   8.9074556021467866e-01	   8.0509088342469448e-01	   6.9691406235617048e-01	   7.5027059833556264e-01	   6.1887411099026612e-01	   7.2761798879073813e-01	   8.3101880964537633e-01	   7.4240333012953541e-01	   3.6233755828842817e-01	   5.1540415910388115e-01	   4.8171833745750658e-01	   6.7828469168155281e-01	   4.8094259702246389e-01	   5.4102965839945227e-01	   5.2432437952984312e-01	   4.4535639846433178e-01	   3.7575232573388762e-01	   2.9804606918743737e-01	   2.6625950435519075e-01	   1.1082671530612814e-01	   8.4157649955548552e-01	   6.0364675334045281e-01	   1.0819834357989555e+00	   8.8766696517578980e-01	   3.7102714197658848e-01	   4.8855026996046480e-01	   1.7330935750249732e-01	   1.0394804019557588e-01	   1.2149655185790972e-01	   4.1187195142642144e-02	  -1.2481737449115071e-02	   1.2942901051307210e-01	   7.9511286752061983e-02	   9.6075126467991004e-02	   6.7537396687767759e-01	   7.5342228814267997e-01	   6.2159978401984706e-01	   6.4474031840460377e-01	   5.8367319484140956e-01	   6.1952675458122575e-01	   7.2670553188773923e-01	   6.9674936824955380e-01	   5.8478068877820044e-01	   5.6969441907339924e-01	   4.9939949141875351e-01	   7.3229891002008429e-01	   3.6038475427656197e-01	   6.3375006310306325e-01	   3.8791309181164813e-01	   5.1023494826264837e-01	   9.8859939377379330e-02	   5.6660534510449327e-02	   7.0678498583170402e-01	   5.5522921763379474e-01	   4.6531025328186909e-01	   5.8094803738734058e-01	   3.2883396486562472e-01	   2.2205534044495812e-01	  -1.0023365718503943e-01	   1.2434887866265711e-01	  -6.9170263666697956e-02	   1.9326304921577137e-01	   2.4820296201463340e-01	   2.9132813911377200e-02	  -2.9213537575609444e-01	  -2.5942622432764264e-02	   5.8810451719698698e-01	   3.8073928176187932e-01	   1.2141513963299297e-01	   1.4022225640354810e-01	   2.7344109097430090e-02	  -1.6295406910300192e-01	
   5.7450384527293274e-01	   4.4557774747889012e-01	   6.4719902305030974e-01	   0.0000000000000000e+00	   4.2296275920567872e-01	   7.1609460169104044e-01	   4.1022005786226678e-01	   1.4035556799795978e+00	   3.7985402754480108e-01	   7.4520795782664817e-01	   1.7857962113700288e-01	   7.1914704181052624e-01	   2.3240800592233563e-01	   5.4784452885197921e-01	   5.1952984291418081e-01	   6.5219048534808866e-01	   4.6350318022347647e-01	   4.3694461236793314e-01	   6.4881705646490373e-01	   5.1736921348945109e-01	   3.9766383501840202e-01	   4.3471956416747881e-01	   5.7990135179512570e-01	   7.9991175865847686e-01	   5.3466324879732008e-01	   6.0237458067445149e-01	   6.0105377425709627e-01	   5.4919017009667859e-01	   4.6163740377911511e-01	   4.9005281805098183e-01	   4.9871322916340555e-01	   5.1833200760699927e-01	   7.3684685048708387e-01	   8.3270353417679954e-01	   3.4199968463162156e-01	   4.4290302080746785e-01	   1.3429058013317308e-01	   3.0975606903407182e-01	   5.9037867691659152e-01	   7.2971670599015825e-01	   4.2715466153465614e-01	   4.9834575729006847e-01	   6.0997553419692485e-01	   5.4595882428873554e-01	   5.0565356972349895e-01	   5.3838594282814700e-01	   5.9942995567338575e-01	   6.5259894010219965e-01	   6.9506862610879672e-01	   7.0015064905430979e-01	   7.0569152524824641e-01	   7.2724567503048854e-01	   5.7232343019210963e-01	   5.2596364699631815e-01	   6.3061661854380524e-01	   7.2405451264579035e-01	   4.5797538739852628e-01	   4.8115604384417915e-01	   6.7255114229328050e-01	   8.6712666745803102e-01	   2.5509408073155676e-01	   9.0433340115213445e-01	   4.1362961127222053e-01	   5.3215169424401676e-01	   1.3977754704915729e-01	   6.9113829760906320e-01	   7.0045399977597611e-01	   8.8082914693098668e-01	   5.4570305056606894e-01	   7.1625389571885922e-01	   1.0586314431637119e-01	   8.5953092336193571e-03	   2.2426306828533407e-01	   2.7748139346335687e-01	   2.1501104445094739e-02	   2.1168647367270449e-01	   1.0222676958261244e-01	   3.2801812091317578e-01	   4.5626053247716658e-01	   5.2393990718810957e-01	   6.8970830526767124e-01	   6.0667162680621567e-01	   7.0266185330602215e-01	   6.1476090595027755e-01	   5.5606501935972852e-01	   6.9635880146319840e-01	   3.9599432158022552e-01	   4.9839063979962883e-01	   6.3930010655187453e-01	   8.3533597974184504e-01	   5.1808218116884552e-01	   5.0741031158435868e-01	   5.4696340370944629e-01	   4.1354628006201827e-01	   1.2434893030656316e-01	   2.8418911333833413e-01	   4.8762526317324562e-01	   5.5103994380606081e-01	   6.3885796159548358e-01	   6.4648844561374053e-01	   7.2082736422466398e-01	   1.2757469388859907e-01	   3.4446207763221393e-01	   2.6234913319858044e-01	  -5.4293579570034986e-02	   9.4541221052439312e-02	   3.5076737271825614e-01	   1.7795198659690967e-01	  -2.3140685265495653e-01	   1.3448132932263873e-01	   4.3548028779812242e-01	   4.4301139563686576e-01	   3.6060312040622489e-01	   2.1272570164066817e-01	   7.8965952518196880e-02	  -2.6014171960164090e-01	
   4.2872233322184383e-01	   4.7058859173489054e-01	   1.0254548586875485e+00	   4.2296275920567872e-01	   0.0000000000000000e+00	   1.0931487334867154e+00	   1.0654349172321256e+00	   3.1121527183146858e-01	   1.2480461962214064e+00	   4.8498242453618812e-01	   5.7310446153934125e-01	   2.3474194367714679e-01	   2.9399970186147667e-01	   1.7690358076236515e-01	   6.7769797269128096e-01	   2.4705508952278571e-01	   3.8718881552197415e-01	   6.6543172056917932e-01	   5.6887448677533281e-01	   4.5945117014432829e-01	   7.7964773051151937e-01	   7.4999960956056388e-01	   9.1152226135567593e-01	   5.3717792104256212e-01	   9.2634162182391067e-01	   9.1156601135269832e-01	   8.0992706428657291e-01	   9.1158017044903139e-01	   3.9733705642039752e-01	   3.4293715385435525e-01	   4.1216122679491990e-01	   2.9645961938479554e-01	   7.5024696415934200e-01	   5.8583103323541719e-01	   6.8591937118232282e-01	   4.5192648974829419e-01	   8.8893729619206312e-03	   1.8221413837532999e-01	   4.5315972404934107e-01	   4.8246706365848135e-01	   3.1054144979485604e-01	   4.7045324587559367e-01	   7.4001865608873429e-01	   6.3447548402773579e-01	   8.0059572133624679e-01	   6.9303890997340190e-01	   6.7071648211487211e-01	   7.1872198323295478e-01	   5.4801014587460406e-01	   6.0347971547671542e-01	   7.9604345145964672e-01	   6.6300462109706271e-01	   3.4824853291698349e-01	   5.1886194632845029e-01	   3.6914654962091309e-01	   6.0302508423414103e-01	   3.8375140789446793e-01	   5.0468299733011490e-01	   4.6931337053957189e-01	   4.0217741431206916e-01	   3.9061040053661189e-01	   2.4755230919214957e-01	   2.5454816465125618e-01	   1.6311149462656510e-01	   7.4970441574481028e-01	   4.8306572063871211e-01	   1.0373096204808372e+00	   8.2034124437884737e-01	   5.2037164442602601e-01	   5.8830963070728770e-01	   1.9491784806648002e-01	   2.0662179654993024e-01	   1.9105989191080094e-01	   6.2655235831840114e-02	  -1.4549293996563659e-01	   4.3869040424014412e-02	   1.3513232594011740e-01	   1.3920505049829454e-01	   6.4298883348553204e-01	   7.5950626808385169e-01	   5.8444769751699599e-01	   5.7890794876846374e-01	   4.4621087270929549e-01	   4.1272779524669551e-01	   5.9817632985681646e-01	   4.7643923956740408e-01	   3.5554244575546468e-01	   3.2850345148273469e-01	   4.7893164751643358e-01	   5.9493091379920771e-01	   4.0275796773226918e-01	   6.7355345283199575e-01	   3.8610440854127898e-01	   5.1208622176580088e-01	   5.1253765291376124e-02	   7.3471814439474295e-03	   7.3966281669376532e-01	   5.0186155132382382e-01	   4.9119971923303563e-01	   6.1979016343273319e-01	   2.7322638010965594e-01	   1.8633354369146066e-01	  -9.0229113307050170e-03	   9.8455926152966403e-02	   8.8337932153195228e-02	   1.9539291976168763e-01	   2.6877977741934966e-01	   3.6554186360157184e-02	  -2.6673103824842409e-01	   3.6859708643833915e-02	   7.3437711325753308e-01	   4.9647854100736177e-01	   2.9664680079988986e-01	   2.4585616398654120e-01	   9.6110151800396199e-02	  -1.2860482394118600e-01	
   5.8309086070216609e-01	   6.3055679847822732e-01	   7.7367737033855377e-01	   7.1609460169104044e-01	   1.0931487334867154e+00	   0.0000000000000000e+00	   7.0828573903985503e-01	   6.7074132534627484e-01	   7.6267261353317617e-01	   9.3853426972660969e-01	   5.4885782451889420e-01	   6.2433253935638722e-01	   4.1268599463213995e-01	   5.7910257040795754e-01	   6.3580462668645898e-01	   5.6169466550310043e-01	   6.2624708000780949e-01	   7.0587156026810272e-01	   7.0187218524740824e-01	   6.2393173117464973e-01	   9.7711600252613440e-01	   8.0664966113763859e-01	   7.5765728562731560e-01	   7.0557841730506243e-01	   9.3779840115136515e-01	   1.1104454487622502e+00	   8.6963499843077818e-01	   1.0150983240366092e+00	   5.2260703211391746e-01	   5.0294426952230908e-01	   4.6476665992012156e-01	   4.1716853771074258e-01	   8.6810017763258696e-01	   7.8068173001845775e-01	   4.5386227736816276e-01	   4.3286725656514319e-01	   2.9430169302265717e-03	   1.8586353260437036e-01	   6.0144860274249512e-01	   6.3761322172448220e-01	   4.6839908768626920e-01	   5.8678387237170337e-01	   7.4212107649889480e-01	   6.7508488715461057e-01	   6.5554788089492388e-01	   6.3001231391830015e-01	   7.0351261697841527e-01	   8.4241888810074195e-01	   6.4519835821133453e-01	   6.6331536714933781e-01	   8.8167384330795295e-01	   7.9969576744684401e-01	   4.6067055419593489e-01	   6.2800140213486433e-01	   5.5140832269180984e-01	   8.5826065591977052e-01	   5.3031418974231292e-01	   5.7859328567442336e-01	   5.2883930709804816e-01	   5.5153240457271413e-01	   3.3146323144494899e-01	   4.8989370800348730e-01	   3.8200131482897365e-01	   3.6553341544335521e-01	   3.5781772364008790e-01	   5.2951439272097689e-01	   8.7102550841692161e-01	   8.4893612468798119e-01	   7.2073272070539141e-01	   7.8701174918778316e-01	   1.1563300211666974e-01	   3.3560562529081850e-02	   2.9512151992591712e-01	   2.8376931345325707e-01	  -1.0458744597132325e-01	   1.7999616834548068e-01	   1.6780538812540649e-01	   2.4883659784715073e-01	   7.1837792559709324e-01	   8.2485637832681680e-01	   7.4060220684529499e-01	   7.5554536916155757e-01	   5.5515051135743576e-01	   5.3873175654583205e-01	   5.1942601447581660e-01	   6.0671968333221571e-01	   2.9856428779524208e-01	   4.5031467580015766e-01	   5.2039602221197356e-01	   7.3219838355365385e-01	   4.4539173307822072e-01	   6.4283767541821324e-01	   4.3300352867587594e-01	   3.4337039918801743e-01	   7.0635589894572581e-02	   7.6614211453739631e-02	   6.7164837439655478e-01	   6.2162317931201572e-01	   5.4584272378717325e-01	   6.6712450676833579e-01	   2.8230199341295170e-01	  -4.0185305738368031e-02	   1.5230916598048425e-01	   9.2971037278209795e-02	   9.7246425690512089e-02	   7.3086181745341997e-02	   2.7692841629276449e-01	   1.7244446065337045e-02	  -2.7951958505965957e-01	   1.2059409895504554e-01	   6.3025829068228478e-01	   4.5464857786071472e-01	   2.7259493852598438e-01	   2.4290345622278142e-01	   1.2337088596919833e-01	  -3.3218427911684756e-01	
   3.2399596210538956e-01	   3.1185276869814216e-01	   1.1695348436417832e+00	   4.1022005786226678e-01	   1.0654349172321256e+00	   7.0828573903985503e-01	   0.0000000000000000e+00	   3.6736842965142058e-01	   1.0955626602972548e+00	   3.2839544621693323e-01	   6.8048434127389701e-01	   9.6109953006314960e-02	   4.8795688526534536e-01	   1.8610836499148825e-01	   6.5588923700527113e-01	   2.4281279147820128e-01	   2.4065124926449544e-01	   4.1281149933673300e-01	   4.5679082777046265e-01	   3.3423885577864670e-01	   3.4269382175900365e-01	   3.6308544832079165e-01	   8.1948006239119076e-01	   3.4129907341115590e-01	   5.9859048638969137e-01	   4.8739944348819408e-01	   4.2994559516571440e-01	   4.1645931954112059e-01	   4.1007579591942833e-01	   2.8101937866251536e-01	   4.6277539274388851e-01	   2.4033726034664732e-01	   6.4733424782415705e-01	   5.2866968832938155e-01	   6.2374660223292111e-01	   4.2216960004771409e-01	  -9.2745713642175848e-02	   3.4275587767348618e-02	   3.3657502813678086e-01	   2.9802572174510744e-01	   6.5104375993563474e-02	   2.4732221459739667e-01	   5.8273793207986102e-01	   5.5782929793411207e-01	   7.1476381328018745e-01	   6.0938772702161237e-01	   4.8202480789820668e-01	   5.7930262222846718e-01	   4.2721063572626072e-01	   4.9663081091721678e-01	   5.5155753470686120e-01	   4.4163041110366874e-01	   1.2810693163925913e-01	   2.8050035949555996e-01	   1.5140180428469127e-01	   3.5946826602077214e-01	   3.0782157702912838e-01	   3.4299133792744985e-01	   3.7456408346059816e-01	   2.1604085138526954e-01	   6.6391237675835790e-01	   3.5087536287231386e-01	   3.4417679543339563e-01	   1.7459079196813254e-01	   7.8581972423077584e-01	   3.9046152451578886e-01	   8.4726434717995658e-01	   6.2756985616924887e-01	   3.1144083780805965e-01	   3.7749477024710953e-01	   2.5790088921007309e-01	   1.0648519715003574e-01	   8.6203399813119599e-02	  -1.2582474432845001e-01	  -1.3427827184624486e-01	  -6.6226103485937146e-02	   3.9215434963759600e-02	  -1.9279623428558573e-02	   4.2516082314959891e-01	   5.1370182336810388e-01	   3.9519345289041136e-01	   4.8722785241920735e-01	   2.5731577400536848e-01	   3.2320718855616382e-01	   4.7028274285328653e-01	   4.6229979034642271e-01	   1.6171865303319966e-01	   1.7815793374939268e-01	   2.6811660263477577e-01	   4.1162127410807015e-01	   2.1750854647937143e-01	   5.0346685487710074e-01	   2.9968120645066398e-01	   3.2873798656193853e-01	   3.1352173064137359e-02	  -7.8929416045052853e-02	   4.7531508716539977e-01	   2.5796177186115599e-01	   2.3985877253800597e-01	   4.1085273089143470e-01	   2.3204358081572740e-01	   9.6538544212656230e-02	  -2.5813016550533776e-02	   1.1883409832030650e-01	  -1.4087778202781594e-02	   1.5236918694697932e-01	   1.0616913312577995e-01	  -3.0388053526370386e-02	  -2.1285939437546569e-01	  -4.6990748456885348e-02	   4.5462133594553761e-01	   2.6138306242457554e-01	   1.1958215366058352e-01	   2.7295316742071255e-02	  -5.5091702007113760e-02	  -1.9993026075649822e-01	
   4.0767408603719368e-01	   2.9103054142529533e-01	   3.7164765815383516e-01	   1.4035556799795978e+00	   3.1121527183146858e-01	   6.7074132534627484e-01	   3.6736842965142058e-01	   0.0000000000000000e+00	   2.7203525160611686e-01	   8.2326072811601447e-01	   1.2231087770694074e-01	   7.7140285369769390e-01	   3.1204938470661159e-01	   6.8706721661584746e-01	   2.9922463352991741e-01	   5.6994755533362840e-01	   3.5727363028604187e-01	   2.7954128801743583e-01	   4.2398420303346723e-01	   4.6036594747078463e-01	   2.7834852748923161e-01	   3.0529222227046626e-01	   2.6926758151926811e-01	   4.1931321630354568e-01	   2.5840865960558845e-01	   3.7491338395662932e-01	   3.0864844372293132e-01	   3.4936472873547142e-01	   4.3504140625700616e-01	   4.4354077276790593e-01	   3.8262116365608889e-01	   4.6116020140992392e-01	   5.5355006559262199e-01	   7.3557488005343552e-01	   1.0850320179063136e-01	   2.4156529441301799e-01	   1.4246122771545033e-01	   2.7870240076451513e-01	   5.7261911485481387e-01	   5.3567027765162856e-01	   4.0276421552288266e-01	   4.3845931232062385e-01	   4.2963324944288672e-01	   3.8303178310224756e-01	   2.9308364008540555e-01	   3.1226252177661984e-01	   4.0273735940206473e-01	   4.7684968834340957e-01	   5.4824261978133593e-01	   4.8285325829520570e-01	   5.4169946029784788e-01	   5.4538244673890268e-01	   4.6000889130906042e-01	   4.0525659743356313e-01	   5.2151056544584429e-01	   5.9892915578197370e-01	   2.9870713482836353e-01	   2.6767794523485083e-01	   5.9457707570964591e-01	   7.2617314234853303e-01	   3.0219531193900323e-01	   9.5227033514773129e-01	   4.2300806611080477e-01	   6.1538714762550795e-01	  -6.5633386834046514e-02	   4.9734348921854327e-01	   5.3735041058949451e-01	   6.9574465631950755e-01	   4.9833414007459398e-01	   6.6209126981394295e-01	   1.0272656357052304e-01	   5.2363065631846444e-02	   2.9480916250476352e-01	   2.9278722500773380e-01	  -7.1772928848370429e-02	   1.9018726299155639e-01	   2.5631186650865995e-01	   4.6675186527326779e-01	   3.1032199039254621e-01	   3.8999304921945455e-01	   4.9826291014084911e-01	   4.6271559172475640e-01	   4.9881094271649440e-01	   4.4714925171756886e-01	   2.7574724578317522e-01	   4.7645381630692063e-01	   1.5660305368198224e-01	   2.3474690778799040e-01	   4.4893264366147967e-01	   5.9825729792340376e-01	   4.9766308193955550e-01	   4.6595823638362927e-01	   5.6405335971639226e-01	   3.2854562132762127e-01	   1.4198841144031626e-01	   2.3617060093932007e-01	   3.2558488821340420e-01	   3.8380647149585956e-01	   5.4805747638297841e-01	   5.8591400039804598e-01	   6.6761423744178328e-01	   8.3415100084309135e-02	   5.6194943534188768e-01	   3.2694927711549360e-01	   7.5080073767178887e-02	   1.0340120233797304e-01	   4.0869020399701783e-01	   1.8192323817484835e-01	  -1.2224899340869209e-01	   1.9840742860567417e-01	   3.2004203897309902e-01	   4.2566950484796062e-01	   4.7956176656416538e-01	   2.5458277361857812e-01	   1.1760472084852597e-01	  -2.4834906150340022e-01	
   2.9594375148187191e-01	   3.3518343696374087e-01	   9.7505108096121151e-01	   3.7985402754480108e-01	   1.2480461962214064e+00	   7.6267261353317617e-01	   1.0955626602972548e+00	   2.7203525160611686e-01	   0.0000000000000000e+00	   5.7477177114475630e-01	   6.3607497890727738e-01	   1.6318014436797529e-01	   3.3626907896976865e-01	   1.8095428153167881e-01	   7.8123562445013595e-01	   3.0448171421420633e-01	   2.4202080393256192e-01	   5.0331108697681193e-01	   4.2971526248400960e-01	   2.9694633549360083e-01	   5.4301052620299106e-01	   4.9668862058794028e-01	   8.8202168071580789e-01	   4.3674139258647404e-01	   7.3197198939793406e-01	   6.6840854404977246e-01	   5.5455097347252091e-01	   6.0656241397493360e-01	   3.7415907521777658e-01	   3.5863267710639224e-01	   4.7100425624312675e-01	   3.5326781680625047e-01	   7.2815787277103139e-01	   5.7680609880622802e-01	   8.6429852945799968e-01	   5.2999099063799204e-01	  -6.2838570621267895e-02	   1.6076224128101479e-01	   3.2923531028409603e-01	   3.8214058411474650e-01	   9.9026116653142648e-02	   3.8340323265845971e-01	   6.4660676891920177e-01	   5.7196925830783352e-01	   7.5996662174404117e-01	   6.5897273426652903e-01	   5.6287938151469419e-01	   6.0592387658869851e-01	   4.2735146611883007e-01	   4.9772027205943059e-01	   6.3934211915056827e-01	   5.1712842799541447e-01	   2.1777641329176239e-01	   3.7327884104848358e-01	   2.3552389339001931e-01	   4.3690002568233238e-01	   2.5470732985552891e-01	   3.7393343347768149e-01	   2.9978536176528991e-01	   2.4711847822509037e-01	   3.3888847761891899e-01	   2.2539397936228850e-01	   9.5909636198311304e-02	   1.0883629447446067e-02	   1.0013115865262923e+00	   5.0892234815148896e-01	   9.1693296276275538e-01	   7.1247914909048693e-01	   3.9531303068479096e-01	   4.5240164742092071e-01	   1.9504700680197837e-01	   2.0304896270368730e-01	   1.9878709081965533e-02	  -6.8525148480416215e-02	  -2.0169603254233023e-01	   9.8364105964075330e-03	   7.0484137962523050e-02	   3.9448059346970037e-02	   5.1400804365297281e-01	   5.9983747422182510e-01	   4.1690281719853295e-01	   4.8435396830732447e-01	   3.5846885650983940e-01	   3.5477332018379965e-01	   5.2655199643765016e-01	   3.9493654410432077e-01	   2.3764923674337651e-01	   2.0901920358495299e-01	   3.0255503110666626e-01	   4.5720158545931233e-01	   3.1551318347672513e-01	   6.2983275509635273e-01	   4.0481385660123026e-01	   4.7974822162679476e-01	   9.3870912423621340e-03	   7.3117673745414113e-02	   5.4889886763533968e-01	   3.6400720970381872e-01	   3.4163397926294747e-01	   4.7258178918925486e-01	   1.5896441121493499e-01	   6.8441599156402702e-02	  -5.1782002916087602e-02	   7.0509130996008904e-02	   1.1482499617968812e-01	   2.0202808688377927e-01	   9.4128373791730724e-02	  -5.5298868357065288e-02	  -2.0209642881031487e-01	  -9.4765115238645628e-03	   5.7312043362503640e-01	   3.1383222936388150e-01	   2.5587733814321589e-01	   8.7539509520398268e-02	  -2.8685715558669563e-02	  -1.2424932569837781e-01	
   3.1149846728876673e-01	   3.2781622635849222e-01	   3.9829961471736314e-01	   7.4520795782664817e-01	   4.8498242453618812e-01	   9.3853426972660969e-01	   3.2839544621693323e-01	   8.2326072811601447e-01	   5.7477177114475630e-01	   0.0000000000000000e+00	   3.2440091854570990e-01	   7.3460968261188619e-01	   3.1637044940896059e-01	   8.2469326946377997e-01	   6.0080157466994621e-01	   8.4992228887250409e-01	   3.9939517762235005e-01	   3.9104931831790940e-01	   3.1235313018409827e-01	   2.7151941557101439e-01	   4.9922629629360760e-01	   3.9000849163779894e-01	   4.6085684836006691e-01	   6.0400691640593263e-01	   4.8035858014134697e-01	   6.5724872356857844e-01	   4.6693106050797445e-01	   5.9829624129004899e-01	   4.7932775110302545e-01	   5.4053649337409682e-01	   4.1807115686892116e-01	   5.0791286855885764e-01	   5.6935537133294079e-01	   5.3756249290701896e-01	   2.7197133399932832e-01	   2.2994254533399106e-01	   3.3883959569934227e-03	   1.3558632698716114e-01	   4.8210980094530920e-01	   4.5080308673803510e-01	   3.0210538927965758e-01	   4.3928744555599636e-01	   5.2378727875841480e-01	   4.8397857456879811e-01	   4.0411409525363934e-01	   4.0877891079891282e-01	   4.7341839746235603e-01	   5.6928227604904924e-01	   4.1563579735734868e-01	   4.2796016739823461e-01	   5.4161056305802946e-01	   5.1427910565887658e-01	   3.4280014726989833e-01	   4.0831559936567269e-01	   4.4510111548286196e-01	   5.6267053610156548e-01	   2.6451665583391915e-01	   3.1460490185512963e-01	   2.7426566675859265e-01	   4.1846039884933295e-01	   8.2814157167038799e-02	   5.3011668561906533e-01	   2.1055810030512162e-01	   2.0524252193369180e-01	   2.4347057980120879e-01	   6.3509777368454201e-01	   4.6457395306254357e-01	   5.3806396233092757e-01	   4.4662118195001616e-01	   5.0359496674156767e-01	   4.4937221616184825e-02	   2.1185747116231914e-02	   1.6389283164306126e-01	   2.7440766922909698e-01	  -2.0438414132993948e-01	   2.3751125824976377e-01	   1.3794091816433809e-01	   2.1791534049820874e-01	   4.4219438841715819e-01	   5.1851595571042852e-01	   5.2164458435255168e-01	   5.2318344141944917e-01	   5.1078627896836060e-01	   4.2483976047097927e-01	   4.0454544459870589e-01	   4.5340737919898677e-01	   2.4138916162768076e-01	   2.9802862153060800e-01	   3.9263078011932578e-01	   5.4103868693161117e-01	   3.6644079744334174e-01	   4.4699996780076628e-01	   4.1207993809193183e-01	   2.0226886720365353e-01	   3.8395663597861812e-02	   2.4100113975458876e-01	   4.0319905905335157e-01	   4.2627478501422655e-01	   4.1298893591966956e-01	   4.4196654557432485e-01	   1.8477120665639415e-01	  -1.7275163249767905e-01	   2.3283017246773546e-01	   1.7884828401553796e-02	   1.9084410976360550e-01	   5.1127799910934885e-02	   1.9550926354622561e-01	   1.8252094867453786e-02	  -1.7797434531490164e-01	   1.5857035668696789e-01	   3.9839629048376174e-01	   3.1464386235395558e-01	   2.7918562995069568e-01	   2.5806951858389598e-01	   1.1045225307903053e-01	  -2.6557773079756131e-01	
   6.0166062802362807e-01	   5.7332303972598908e-01	   5.1450242002470770e-01	   1.7857962113700288e-01	   5.7310446153934125e-01	   5.4885782451889420e-01	   6.8048434127389701e-01	   1.2231087770694074e-01	   6.3607497890727738e-01	   3.2440091854570990e-01	   0.0000000000000000e+00	   4.3021383291476401e-01	   1.2303122404986579e+00	   6.0254840396238918e-01	   7.4656672851667072e-01	   5.4672837492489501e-01	   5.2599953612130035e-01	   5.3080806993647422e-01	   3.8764579210175498e-01	   3.2060952554216421e-01	   3.7438663260823762e-01	   2.3232147978254047e-01	   5.9648137860461359e-01	   3.7941962949725294e-01	   4.5503994495388678e-01	   3.6128959487374790e-01	   4.1674781427907803e-01	   3.5624152723514829e-01	   4.8986261838542533e-01	   3.3592766198519020e-01	   1.7158094118779263e-01	   5.1172725269849555e-02	   5.1414696362741652e-01	   3.4433688841167237e-01	   2.9456092419915658e-01	   2.1687768058795148e-01	   3.4487986765413502e-02	   1.2061819260930609e-01	   2.6713923034942932e-01	   3.5253037757480832e-01	   2.8310819727995912e-01	   4.1249983302787607e-01	   4.8105235818372510e-01	   4.6846221219595202e-01	   4.9160070991323263e-01	   4.7232543704212626e-01	   4.6524353173416733e-01	   4.4416716875339435e-01	   4.1773806248294254e-01	   4.6815687770257286e-01	   5.1207515386330082e-01	   4.0155395035092561e-01	   1.6853255508714213e-01	   2.5864329182654289e-01	   1.9832648270604447e-01	   3.2108974312670746e-01	   5.3217041532117570e-01	   5.2089908365177506e-01	   3.2059043796092251e-01	   1.8323017339128078e-01	   7.8587753738227617e-01	   3.0412087863749637e-01	   5.4242868185474036e-01	   2.8086543884043313e-01	   4.1028542457039918e-01	   2.2471072758851923e-01	   3.8812371965902465e-01	   2.5851759185408774e-01	   4.2680900298924379e-01	   3.3624917044803176e-01	   2.3895577004358809e-01	   2.3175997984719945e-02	   1.7777347079187092e-01	   9.6599053095883236e-02	   1.5243731648663819e-01	   1.7631958789026006e-01	  -1.3366679712102442e-01	  -1.3282231417200713e-01	   3.9219098272860931e-01	   4.4933232401081957e-01	   5.1329095832156546e-01	   6.2928922435213763e-01	   2.2118940445358504e-01	   3.3604444611637679e-01	   4.0907159541995941e-01	   4.5030612870280395e-01	   1.4758010873716951e-01	   3.0908891576080044e-01	   2.7418213528037449e-01	   3.4105421800335789e-01	   5.3154662330875284e-02	   1.6484958896689050e-01	   2.1800862373757984e-02	   1.0630264259769838e-01	  -1.9028124883009120e-01	  -8.1420267316105938e-02	   2.7632783876167533e-01	   1.6606410479323461e-01	   1.7454344532481023e-01	   2.7864694482237118e-01	  -5.2681815396294865e-02	  -1.4324408880285344e-01	  -1.8293283804645200e-01	   7.9007811398872380e-03	  -2.0712074801652031e-01	  -1.0381147279980615e-01	  -1.7157733644457418e-01	  -2.5442780719423647e-01	  -2.8558867687057327e-01	  -8.2125129154827503e-02	   1.8035759208383648e-01	   9.2063592437750960e-02	  -3.6300636851915452e-02	  -1.1936468632892092e-01	  -6.4585219307352934e-02	  -4.6383612943754027e-01	
   7.5592529386839358e-01	   7.2199315649037621e-01	   2.0293179196133729e-01	   7.1914704181052624e-01	   2.3474194367714679e-01	   6.2433253935638722e-01	   9.6109953006314960e-02	   7.7140285369769390e-01	   1.6318014436797529e-01	   7.3460968261188619e-01	   4.3021383291476401e-01	   0.0000000000000000e+00	   5.0829854275832309e-01	   1.1942904225122195e+00	   4.0838935501417895e-01	   7.8751303181990351e-01	   7.8831377526563762e-01	   6.7440030097295323e-01	   6.1392923328674620e-01	   7.0342182772732387e-01	   5.1979047953887858e-01	   4.4818912354178225e-01	   3.0770956656382364e-01	   5.1722328211448043e-01	   3.8509659133630131e-01	   4.7581890606748195e-01	   4.8496212678686590e-01	   4.6733955093258067e-01	   7.2540068959983428e-01	   8.0944109113121843e-01	   3.0472232577959546e-01	   4.7840612457220189e-01	   6.7219191621829333e-01	   6.7909209614794708e-01	   1.2099006137015464e-01	   2.1968738076204000e-01	   2.0755069280887500e-01	   3.0347496745024061e-01	   5.8433985242951869e-01	   5.3535151196226494e-01	   6.4603945769571258e-01	   5.9738554462341831e-01	   5.3551944903915516e-01	   4.6072029558633104e-01	   3.3971663166957738e-01	   3.6885350931880340e-01	   5.8956580286877236e-01	   5.7323261073076592e-01	   6.2682625568721573e-01	   5.4820139811157031e-01	   6.2974415277368989e-01	   6.7490218620931963e-01	   5.7063018138332855e-01	   5.5704108822763676e-01	   6.2034773795868470e-01	   6.4633895002330188e-01	   5.4230078780383284e-01	   5.6099264825974648e-01	   5.8708623199659460e-01	   7.4077888845916084e-01	   2.9340571309543922e-01	   6.3041083660880581e-01	   6.2511478491164585e-01	   6.9305613407691680e-01	  -9.5059869277698689e-02	   2.3669812299969961e-01	   4.2788009081663902e-01	   5.0798152037459976e-01	   7.3525650117563313e-01	   6.9429343269645838e-01	   2.6935493265194600e-02	  -9.6051247486984764e-02	   4.5658057921771078e-01	   6.7294017597450417e-01	   2.7248087671098331e-01	   6.2768313499593054e-01	   3.0149041554353273e-01	   4.8440840481167680e-01	   5.3425631161473475e-01	   6.1476516347589949e-01	   7.4708054847091809e-01	   6.5610570096232856e-01	   6.3492234141037995e-01	   5.7564437381641731e-01	   2.9927851457616195e-01	   4.2549634906744954e-01	   2.0287911583353507e-01	   3.8856864447220785e-01	   3.9972396303700813e-01	   5.8874185804486179e-01	   4.6195108927131323e-01	   3.8487854405100930e-01	   3.4850224696334414e-01	   2.7696007642039022e-01	   5.6768058164907424e-02	   2.4672646132549650e-01	   5.0641402975914884e-01	   5.3055264778397260e-01	   6.4032961115159481e-01	   6.4487438499800376e-01	   3.8292313650728088e-01	  -8.9327610361250684e-04	   4.5181289061875968e-01	   3.1173299890677653e-01	   7.1433239958675704e-02	   3.7319630657468600e-02	   3.1181513536063132e-01	   5.8022433599534864e-02	  -1.0041753181008778e-01	   2.9438933794582789e-01	   4.5516170117793292e-01	   5.2560129115088028e-01	   4.3409525080391326e-01	   2.7724332939630780e-01	   1.5486268347122234e-01	  -3.2279294740697384e-01	
   5.9018079383436883e-01	   5.3221695911870470e-01	   3.0599397311880544e-01	   2.3240800592233563e-01	   2.9399970186147667e-01	   4.1268599463213995e-01	   4.8795688526534536e-01	   3.1204938470661159e-01	   3.3626907896976865e-01	   3.1637044940896059e-01	   1.2303122404986579e+00	   5.0829854275832309e-01	   0.0000000000000000e+00	   8.5930028236472655e-01	   5.8708007766806036e-01	   6.1101990360824454e-01	   5.1932847061105436e-01	   4.0344677272495377e-01	   2.5315320401950037e-01	   2.9057774039853990e-01	   1.3296615571866433e-01	   4.6791480967439993e-02	   3.5282098013548163e-01	   2.0394860835983356e-01	   2.3714071663598657e-01	   1.4078520524694405e-01	   1.8457095496445913e-01	   1.1180796459662246e-01	   5.9593693494709776e-01	   3.5975211961998665e-01	   1.3231707208845889e-01	   2.5186991647817673e-02	   3.6936158211922726e-01	   2.8152875522879761e-01	  -1.0753710719703416e-02	   7.0448042535296351e-02	  -2.7415234898940056e-03	   5.4845439410934164e-02	   2.4287996960126662e-01	   2.8197897293529484e-01	   2.4558827324390098e-01	   3.7192922368661147e-01	   4.4010761497188566e-01	   4.8032963982945731e-01	   3.8444628769979883e-01	   4.0366757043860935e-01	   4.5502543135652845e-01	   4.1970720136174916e-01	   5.0017430628394477e-01	   4.9030000014595376e-01	   4.2825170821653058e-01	   3.8449444072053107e-01	   1.7776101261669686e-01	   2.1285254585710348e-01	   2.1617725704464191e-01	   3.2170877572612155e-01	   5.8234624731516638e-01	   4.7291130800125641e-01	   4.2486599230393812e-01	   2.6788961830335822e-01	   8.1115876645987195e-01	   3.9254303699762738e-01	   6.9625942660150464e-01	   4.4380880021725977e-01	  -1.6201111122047147e-02	   3.2642817625582292e-02	   2.4604148227993083e-01	   1.7894627145386705e-01	   3.6733566611526314e-01	   3.3398934187636864e-01	   2.0872800348289522e-01	  -2.5039651264417307e-02	   2.2581175408199158e-01	   1.9682023424205025e-01	   1.2805188149125266e-01	   2.5091186474622124e-01	  -1.0561870502009646e-01	  -8.2470193919292889e-02	   2.6749952204947253e-01	   3.0234475696424712e-01	   4.3560566587245075e-01	   5.2307200688886268e-01	   1.5573532864631229e-01	   2.9313982067972688e-01	   1.9227021464355290e-01	   3.5057831436634773e-01	  -4.9934139490426695e-03	   1.7075971713003602e-01	   1.7035317469693947e-01	   3.1403209612918037e-01	  -2.8094913535712224e-02	   3.6453624518955410e-02	  -9.0192229803917542e-02	  -4.6938307179697325e-02	  -2.3767125226752206e-01	  -2.1644575819503822e-01	   1.9719790854515878e-01	   7.0751567092435907e-02	   1.5785422003867450e-01	   2.1481082763869014e-01	  -7.0866080582021179e-02	  -2.4336976225146156e-01	  -7.0729155306565206e-02	   1.4195409677219391e-02	  -2.9220971367996218e-01	  -2.0774810486397685e-01	  -1.1241945923958906e-01	  -2.4809445087209359e-01	  -2.9119456277368333e-01	  -1.1954040705719006e-01	   1.3228840370455821e-02	   3.4285250442461994e-02	  -5.1809737143131224e-02	  -1.3707607298050731e-01	  -6.3786150253862015e-02	  -4.9065790011693544e-01	
