   0.0000000000000000e+00	   1.4330677738829871e+00	   5.2824933585364953e-01	   2.0980441636947350e-01	   1.2237300923607554e-01	  -1.5716504440947959e-01	   2.5268134794924180e-01	  -6.6246801638082123e-02	   1.1158665005250340e-01	  -9.1365287537020258e-03	   9.4974739000339736e-01	   2.1854701316693603e-01	   3.9267696580587319e-01	   1.5016666785297814e-01	   5.0557583676014850e-01	   5.4794971536980847e-04	   6.5991317426068641e-01	   5.0355925702779114e-01	   6.9955354915950130e-01	   6.2282699231035732e-01	   2.3326285302981947e-01	   8.8927614713682324e-02	   3.0147267706468694e-01	   1.3186085444621215e-01	   4.0530506566216662e-01	   2.4841293594198327e-01	   4.2799077938033586e-01	   2.8904531802052347e-01	   1.6242137610662380e-01	   1.1068868589031489e-01	   2.2346853193439282e-02	  -2.5493928274769460e-02	   4.1351985462685004e-01	   2.1191447574303005e-01	   5.9051725302718926e-02	  -3.6312241541781282e-02	   2.3108459200065784e-01	   2.0846892105946049e-01	   5.9799879637324382e-01	   4.5320627542476755e-01	   2.8792131472934790e-01	   1.2260571680441985e-01	   8.3949626879979644e-02	   2.1688711709724698e-01	   4.6903471398062785e-01	   5.6192283811945509e-01	   2.5634915318414586e-01	   3.8169350962473153e-01	   6.7838785294778803e-01	   4.9014701404635658e-01	   4.1307841242087751e-01	   2.1375263099169459e-01	   3.6189806569339783e-01	   1.3894453389841904e-01	   6.2098929509183465e-01	   4.2822319730120639e-01	   1.4348570110148811e+00	   1.3915283228487991e+00	   1.0447815516746297e+00	   6.0825670346921523e-01	   5.1248138892918083e-01	   6.1402109572118078e-02	   1.0598068082916723e-01	  -1.7223534727732892e-01	   3.7097934289641021e-01	   4.8168983686982067e-02	   4.4327535184642269e-01	   3.6345436335587983e-01	   1.0540250820039254e+00	   9.2203449836787799e-01	   1.6058700089490913e-02	   3.6083190050400081e-02	  -9.0038563145573042e-02	  -5.8499361666577807e-02	  -9.9426131239582827e-02	  -1.4708678362145847e-01	  -2.5860110406510067e-01	  -3.2931525269705575e-01	   3.3628003234666126e-01	   3.2545516310927031e-01	   7.1743703495215538e-01	   4.2715877585949563e-01	   3.3541854532849091e-01	   4.5113569485477323e-01	   7.6014557628084578e-01	   5.1026320318200602e-01	   5.2977869402789135e-01	   6.2348628928196970e-01	   6.9210734034303889e-01	   7.3226502845304209e-01	  -2.2027753926558033e-01	   2.8158843918069543e-01	  -1.3872367692976467e-01	   3.8733217898004157e-01	   1.5031870035085612e-01	  -2.1619146453767735e-01	   5.9340593677077569e-01	   4.3440916959374887e-01	   1.3070449486558622e-01	   3.4229358488826944e-01	  -1.4095929065179838e-01	   4.1056439373666015e-01	  -2.0537061700393135e-02	   3.7314771969656402e-01	  -1.4989702953590187e-01	  -6.1698314999300112e-02	   8.4452049290925507e-02	   8.1284848996651254e-02	   2.1485324815494217e-01	   1.7251479541571058e-01	   1.4886963694399055e-01	   8.4534562380711345e-02	   1.5824157110503989e-01	  -9.6391605101985960e-03	  -3.8032256640470130e-01	  -2.1766841711981691e-01	
   1.4330677738829871e+00	   0.0000000000000000e+00	   5.1387947310231863e-01	   1.4152325350621228e-01	   1.2467667061839476e-01	  -1.7820655352690024e-01	   1.5575831643420920e-01	  -1.8111897477120184e-01	   1.0290484332586372e-01	  -8.0929592990898747e-02	   7.5856204840006380e-01	   1.0183931062715437e-01	   4.1042602981950105e-01	   5.7005901889859344e-02	   4.2795936580908989e-01	  -5.5574421225733070e-02	   5.9740692855362187e-01	   5.2545131954458568e-01	   5.6877289938116138e-01	   5.7368456841261173e-01	   3.1390144793760116e-01	   1.2593522556446998e-01	   2.4715517498391359e-01	   1.0603641277758569e-01	   4.5368948856844399e-01	   2.5884893331245334e-01	   4.9545385895637784e-01	   3.3226236127289138e-01	   9.3977990521181609e-02	   3.3781067238903478e-02	  -5.6977492965787642e-02	  -9.0843657024554589e-02	   4.1554880899975066e-01	   2.3630616059081946e-01	   1.1919454466418999e-01	  -9.8887917296609073e-03	   3.0554333022316443e-01	   2.3296251354909114e-01	   7.2828187085421536e-01	   5.1053024197183539e-01	   4.1199107404152813e-01	   2.5881412284141148e-01	  -5.0831299477580687e-03	   1.6765596793724150e-01	   4.4036134091919010e-01	   5.1941346575387137e-01	   1.4727808167882525e-01	   2.7658567962757041e-01	   5.1577724750574183e-01	   4.1968599284515734e-01	   2.7874671433697756e-01	   1.2215458604616590e-01	   2.7306118243907002e-01	   5.6940934287911027e-02	   6.9549882005043351e-01	   4.1061541243597627e-01	   1.3100596226888153e+00	   1.6561326741669447e+00	   8.5457896616591911e-01	   4.9631245814982572e-01	   4.4324863361267841e-01	  -8.1750299031305707e-02	   9.7573593975801148e-02	  -2.8259670105774359e-01	   4.4324727226496080e-01	  -8.4731677892170530e-03	   3.8544871447347656e-01	   2.7587279535073694e-01	   1.0163472773813935e+00	   8.9627761123536964e-01	  -8.5808468185023107e-03	   7.4327731221751639e-02	  -4.0904276519102688e-02	  -1.5081483894564056e-02	  -3.9953045057032011e-02	  -1.3170304388093418e-01	  -2.9681669850546222e-01	  -3.6284087167872897e-01	   2.3094039831225754e-01	   3.4436435302663110e-01	   6.8009764381944970e-01	   4.3704797991642669e-01	   2.9354807419176665e-01	   3.5690132398371588e-01	   7.9405367359860113e-01	   5.1354834632432544e-01	   5.4608882740440723e-01	   6.4317019530464858e-01	   8.2932445164724156e-01	   6.7007465734400218e-01	  -2.3926917553209581e-01	   2.5857726538370079e-01	  -9.5666840312818080e-02	   3.9767771666559038e-01	   1.3490187177904109e-01	  -2.1110064826333563e-01	   5.3872297268195179e-01	   3.6649563352346426e-01	   6.1430076957359622e-02	   2.7965374486216521e-01	  -2.1906769730144390e-01	   4.1556601806581217e-01	  -6.7906662756994779e-02	   3.1339075751500051e-01	  -1.3460470668893484e-01	  -1.2859317959998456e-01	   6.5038982120126404e-02	  -4.5997220314719645e-02	   1.0212139673208986e-01	   3.4711526674463131e-02	   5.2898676873758578e-02	   2.9110219914462599e-02	   5.3645405395256619e-02	  -3.1575807474636029e-02	  -4.2619978816507437e-01	  -1.7590011282829082e-01	
   5.2824933585364953e-01	   5.1387947310231863e-01	   0.0000000000000000e+00	   5.4750901387752804e-01	   1.4447376224076910e-01	   1.4100288952764879e-03	   7.7449105496890602e-01	   1.0687075217415991e-01	  -8.9912094565684133e-03	  -1.1591827513993325e-01	   7.0782497876959516e-01	   1.1561772796454586e-01	   7.7257999536209632e-01	   2.2294194163046882e-01	   8.7838255965346512e-01	   3.5752530001198379e-01	   1.9916361479389255e-01	   1.2533036020725766e-01	   7.6147089756770581e-01	   4.8289416143769398e-01	   5.0002456269491524e-01	   3.3775797764564158e-01	   1.4760544702114400e+00	   1.1394840673967415e+00	   9.9291887825076786e-01	   9.2994019256812388e-01	   6.6590151462686542e-01	   5.3630497358167617e-01	   1.7777777281049995e-01	   1.1841916574078296e-01	   7.3575447674417127e-01	   6.3384156037383133e-01	   5.9190526609483174e-01	   4.6450506148849546e-01	   8.0197015077026790e-01	   5.6983305545782081e-01	   1.3575498092596847e-01	   1.5071742414659745e-01	   4.6050396906639302e-01	   4.2027374329483042e-01	   3.3108119418204490e-01	   2.2828995390343257e-01	   2.0869771347266997e-01	   1.9974476801347318e-01	   2.1789919700944538e-01	   2.7855285546208303e-01	   4.7777716782061708e-01	   4.1228234774963685e-01	   5.9618709567516548e-01	   5.0959768423658880e-01	   7.7822889676216944e-01	   6.2667393436463736e-01	   8.0465000105096041e-01	   6.7343254618927828e-01	   7.7362961485323001e-01	   9.4365265391799102e-01	   2.5355642343991563e-01	   3.3068491777420039e-01	   7.2441578563750886e-01	   4.9535769179492117e-01	   4.0399110088937690e-01	  -1.2175992963235659e-01	   2.3062420624517818e-01	  -1.2488671371074267e-01	   8.5892273143637043e-01	   4.9685664824440923e-02	   1.0421602976179216e+00	   7.5468644897384685e-01	   4.7139713663709620e-01	   5.2780361912319207e-01	   5.3486954230111472e-01	   4.9358185925230047e-01	   5.0991667623583592e-01	   3.4958368735857415e-01	   5.2162298537415008e-01	   2.8937709737072731e-01	   4.5580961781921292e-01	   3.4142981100741349e-01	   3.3004764376707174e-01	   3.0739402173477648e-01	   4.4651070721725966e-01	   4.0626975442565083e-01	   4.0488638895655915e-01	   3.0323163977772200e-01	   8.8690922725041554e-01	   8.2619860002390055e-01	   5.6218607129781006e-01	   5.7998645317002562e-01	   7.1935763332344171e-01	   8.0107874773639476e-01	   2.3342562363353456e-01	   7.2079420946145190e-01	   3.7616698349397554e-01	   8.6011419827806201e-01	   1.9093653554296708e-01	   7.7734920382467015e-02	   6.3567106571880572e-01	   4.6984777132795730e-01	   2.6665845979349312e-01	   7.7684097987935774e-01	   6.3902249749515028e-02	   6.6103147428863573e-01	   2.2771263624288002e-01	   4.6059003716210639e-01	   2.8237424901490671e-01	   4.7870421378194472e-01	   1.4508798716225840e-01	   1.5035157023239781e-01	   2.5758735547958839e-01	   1.6167422276088259e-01	   4.9964492407951255e-01	   2.3097371978537162e-01	   3.3828559751797821e-01	   3.0363742569243229e-01	   1.9901752408365334e-01	   1.9613343732610480e-01	
   2.0980441636947350e-01	   1.4152325350621228e-01	   5.4750901387752804e-01	   0.0000000000000000e+00	   3.6492632787303428e-02	   2.2800995853750222e-01	   8.9902513656857252e-01	   1.1982112690052358e+00	   3.1379415928330595e-01	   4.6936304186040179e-01	   3.5040534549898994e-01	   8.8524165095628948e-01	   4.4523094791465551e-01	   7.8713061774199844e-01	   4.4238591264037186e-01	   6.9555082950767166e-01	  -5.9602111572332805e-02	  -9.6107724051938598e-02	   3.5694748378612268e-01	   3.4837547885438969e-01	  -1.9559005731444538e-02	   7.8578451206057540e-02	   4.4899916300842146e-01	   8.5369348482970442e-01	   2.2060476686663361e-01	   3.6874876270920098e-01	  -2.7719728635777995e-02	  -7.0517319542878446e-02	   2.3123846576059306e-01	   2.3492366068892750e-01	   4.6500210913985884e-01	   5.3733520331444140e-01	   2.6840389221756766e-01	   4.8906256743647147e-01	   2.5788828096642902e-01	   2.9853300606234262e-01	  -1.0545077962231122e-01	   1.5914245157417302e-02	  -2.1487078829104819e-02	   4.6933545216868329e-02	   6.2448917333857407e-02	   8.8915473409408641e-02	   3.5170853735704311e-01	   1.8230013329912184e-01	   7.3285540638421687e-02	   2.2231655087232086e-01	   4.0061234338276980e-01	   3.9518697323811403e-01	   6.3004574549886017e-01	   7.7920546348487973e-01	   8.3210147156325620e-01	   1.0024428838475372e+00	   7.8256612250248514e-01	   6.5147966878498675e-01	   4.6019859076959235e-01	   6.2085060051113761e-01	  -9.9404456285506926e-02	  -8.5346236223541233e-02	   5.6534132648290469e-01	   8.1681737598676263e-01	   8.1635956162354339e-01	   7.9083679203559443e-01	   1.9001970237827570e-01	   5.8717920144946012e-01	   3.9768946616589540e-01	   7.1210619346162407e-01	   5.0620512834866704e-01	   6.7325082552960980e-01	  -1.5011371722696346e-02	   5.3543527126663000e-02	   7.3197283154695936e-01	   5.9752298479236832e-01	   6.2713228492099649e-01	   7.8483242862125979e-01	   6.0066609845422836e-01	   8.1384484894163278e-01	   6.0639734770930276e-01	   6.3116535651723860e-01	   2.0567108347508045e-01	  -1.4165179509740944e-02	   1.3604453749074569e-01	   1.6889532622876802e-01	   8.9478053305005537e-02	   1.5034797729943600e-01	   1.8990202388503982e-01	   4.9872654167302488e-01	  -3.0806421180132385e-02	   3.6526241168912864e-02	   1.9667433950163488e-01	   5.9873969436127716e-01	   4.5876063667255673e-01	   3.2371575785399315e-01	   5.8096485685737498e-01	   3.1761605000331733e-01	   1.6068595267052582e-01	   9.1835827599236461e-02	   2.9770701289246559e-01	   2.6248079823015302e-01	   5.0326663777292402e-01	   5.8808769025794905e-01	   6.0897064550389324e-01	   5.6359064318429319e-01	   5.5675463848391449e-01	   3.0566636268571346e-01	   4.1745674327777021e-01	   2.9250646555977527e-01	   3.4745685090296680e-01	   4.4342041524598763e-01	   8.1954889619281407e-02	   1.5534922995213840e-01	   2.4486516785623630e-01	   2.2088483401533407e-01	   6.3783969768140292e-01	   3.9826259950189918e-01	   5.0763632404441095e-01	   2.3055771124925931e-01	
   1.2237300923607554e-01	   1.2467667061839476e-01	   1.4447376224076910e-01	   3.6492632787303428e-02	   0.0000000000000000e+00	   8.2037936023051095e-01	   3.2825027617960562e-01	   1.2008062154943611e-01	   6.5396361051073848e-01	   4.6488177596056401e-01	   2.6331839197730178e-01	  -2.3113647017324884e-01	  -7.0463858459036396e-02	  -2.2877862806019397e-01	   1.4415359669392908e-01	  -8.3416648244969499e-02	   1.4067352820891629e-01	   1.2784655622162272e-01	   4.1158852002057128e-01	   2.5072720537731563e-01	   4.9011383623830362e-01	   2.3008742498643181e-01	   2.3759049226262452e-01	   1.9887308316881028e-01	   4.6162712590577332e-01	   4.8396352095532791e-01	   5.5209217533604171e-01	   5.2609636025772499e-01	   5.3917528044358343e-02	   6.4119741564014759e-03	   1.6173552924982901e-01	   1.3618326256463642e-01	   2.1241983423307370e-01	   2.0534622961601401e-01	   2.5501227052909331e-01	   1.0062440144967924e-01	  -1.1727188070608535e-01	  -3.3020149967406487e-01	   1.0358207159377503e-01	  -3.5716821364117191e-02	  -1.2651562592659260e-01	  -5.4113999978953206e-02	  -6.6405624874297187e-02	  -4.7462268074283935e-02	   2.1297566507001708e-01	   2.1524562426727750e-01	  -6.0508562920503238e-02	  -7.1965765291867698e-02	  -1.2299702047161302e-02	   3.8491993681295009e-02	  -7.5729977551554278e-02	  -8.9603340697579845e-02	  -8.9934927339700585e-02	  -1.5199737421097298e-01	   6.4554003380168298e-02	  -9.1523570146723493e-02	   1.4186257803873248e-01	   1.2799709309963789e-01	   8.9929288006108762e-02	  -8.6072419578058206e-03	   1.1277547268243593e-01	  -5.5209841505321787e-02	   3.3011317885243269e-01	  -1.9716799749586497e-02	   1.5474794682293513e-01	   8.8455627633234321e-02	   4.7506650281915908e-01	   4.6111721411494533e-01	   1.2589425306389249e-01	   2.0007804148479041e-01	  -2.2305115434285833e-02	   3.1078497284770506e-02	   1.9699419920888839e-01	   9.1266826385135391e-02	   6.6670507926425201e-03	  -4.8778407082572896e-02	   9.7460697624100118e-02	   5.2989554796918498e-03	   5.8778322413760076e-02	   2.6047814697565980e-02	   3.4550167574079071e-01	   2.4109297037941571e-01	   1.4879705091866072e-01	   1.9811687674196185e-01	   3.8336333021132085e-01	   2.5932117073350636e-01	   1.0607746544439110e-01	   1.4945892715453046e-01	   2.2602884660584993e-01	   1.1655646369453709e-01	   1.1778651459290011e-01	   2.8560789986861629e-01	   2.4265874420055344e-01	   1.8565863828848020e-01	   1.9566408494718912e-01	  -9.9752839363614083e-03	   7.6879412330360081e-02	  -6.0729579472702051e-04	   1.3771304962494468e-01	   1.6041531896205041e-01	   1.0368471542339898e-01	   3.0994698412061990e-02	  -9.3548627145659854e-02	   5.9765994570823197e-02	  -5.7825087683837297e-02	   6.6075756771566685e-02	  -3.0874118752300478e-01	  -4.9739091104895002e-02	  -7.7956322100065853e-02	  -5.0584028575444820e-02	   1.7705950640642884e-01	   2.5070834616118781e-01	  -1.8058488216158114e-01	   4.4928032966488736e-02	  -7.1750052234229200e-02	   1.6869960384132754e-01	
  -1.5716504440947959e-01	  -1.7820655352690024e-01	   1.4100288952764879e-03	   2.2800995853750222e-01	   8.2037936023051095e-01	   0.0000000000000000e+00	   2.7236956749071228e-01	   4.0303657573394225e-01	   4.9252722405208249e-01	   7.4647221843897305e-01	   9.6481609847963751e-02	  -5.8090141259700082e-03	  -6.5919145048245475e-02	   4.4308933561314143e-02	   1.6390986952438560e-01	   2.6661614682498491e-01	   4.8051791733353590e-02	   6.8859145976361193e-03	   1.7398688170347359e-01	   1.0586475253697737e-01	   3.2884480497658092e-01	   5.1678080248791414e-01	   1.7227618417330243e-01	   2.5821979437601245e-01	   2.0861684177845918e-01	   4.0799429944182153e-01	   2.6094536281246478e-01	   4.4652583935489015e-01	   1.8378981511544026e-01	   1.4782530382317338e-01	   2.5481950865262065e-01	   2.9665749793747381e-01	   4.9973946701088415e-02	   2.0640161444123659e-01	   6.3504605094070174e-02	   3.9314005520268260e-03	  -1.3121141686685231e-01	  -2.8160553419019546e-01	  -1.5510314639786793e-01	  -8.4447578572425602e-02	  -1.7765677929643511e-01	   2.9223626878419874e-02	   7.7850702652145706e-02	  -1.1204201083826000e-01	  -7.9470276685487590e-02	  -1.2925475776312381e-01	  -1.9008424449470662e-02	  -6.6635833400619210e-02	  -8.4685629119989031e-02	   1.3115399136024827e-02	   3.6006994980441666e-02	   6.4949168299488366e-02	   1.2454872632584553e-01	   1.2449010861632960e-01	   6.2357223535322276e-02	   5.9405688047584428e-02	  -1.4102390206957438e-01	  -1.9722302706197684e-01	  -8.8838416643450019e-02	  -6.7430234334636251e-03	   2.6853987855478465e-02	   1.6332120081527229e-01	   1.8616948666549726e-01	   2.5213493919581537e-01	  -3.4483384343086898e-02	   2.0349820831984106e-01	   5.7744858721302833e-02	   1.2199322436525563e-01	  -1.5941831582177501e-01	  -1.4023943898414479e-01	   2.3200558883680822e-01	   3.5739284261570969e-01	   4.4462350532504280e-01	   3.9669280487434949e-01	   3.3204114823078695e-01	   2.4124158257669165e-01	   3.0023641149310198e-01	   2.7448368152621738e-01	   8.3594322560514245e-02	  -8.9938970932787979e-02	   1.5832683350716562e-01	   1.0332611751032517e-01	   5.0514760538240354e-02	   1.5649695985834194e-01	  -1.7637162673490454e-04	  -9.8141791551587167e-03	  -3.1083551792117539e-02	  -4.2411658693951984e-02	   5.6370228504045654e-02	   5.1672545512494464e-02	   2.9287524580703389e-01	   1.5893683394776462e-01	   2.2838583531315954e-01	  -2.0165065453652750e-02	   1.4752375832632725e-01	   7.8996299816295260e-02	  -7.7060846293981730e-02	   3.2940233757765190e-02	   2.8594122104479641e-01	   2.1350046509242848e-01	   3.0336719015818808e-01	  -3.8150954931117018e-02	   1.8563648433915636e-01	   1.7763424043124393e-01	   1.9440774785713849e-01	   1.1059871806819119e-01	  -1.8531610438698254e-01	   1.3223924717299917e-01	  -1.3369166890216005e-01	   2.0864926078897866e-02	   3.1185503892396776e-01	   3.4792396379369511e-01	   2.0640046370212519e-02	   2.1700573571468798e-01	   2.4331512104105160e-01	   4.2547537714003292e-01	
   2.5268134794924180e-01	   1.5575831643420920e-01	   7.7449105496890602e-01	   8.9902513656857252e-01	   3.2825027617960562e-01	   2.7236956749071228e-01	   0.0000000000000000e+00	   8.3543892425784372e-01	   3.7831081108583747e-01	   2.9889120195068941e-01	   5.2718049963936719e-01	   4.8718834199664207e-01	   5.3676360429615966e-01	   5.1838074860334438e-01	   5.9662921202866492e-01	   5.0382192779212376e-01	   1.0848415300554176e-01	   1.0555883014622416e-01	   7.1984262050597803e-01	   4.8120274062317958e-01	   1.5499048326676920e-01	   9.3434480035178152e-02	   7.4520226889580776e-01	   9.0407140348508441e-01	   3.0986389488468136e-01	   4.4957956190233506e-01	   6.3843140579383034e-02	   5.2402863657650296e-02	   4.4706055562570912e-01	   3.8576874034867981e-01	   7.7394907710201488e-01	   8.9574612716071689e-01	   5.5003807868193100e-01	   6.2466196378737959e-01	   3.8930430674380395e-01	   3.1824281372519753e-01	  -2.5758380333254743e-01	  -2.0877485125246983e-01	  -2.2608948985856164e-02	   4.0278531785387907e-02	   6.6912301519329214e-03	  -1.0641751965988244e-02	   4.3471473554107443e-01	   3.5882119987026245e-01	   2.6519372090441573e-01	   3.3870678288919481e-01	   5.5590802885566815e-01	   4.9386714096704754e-01	   4.6906423297521721e-01	   4.7089611008599630e-01	   6.1470999534687498e-01	   6.3372361378954778e-01	   6.2443349386617930e-01	   5.7850174534274779e-01	   3.6906278281037447e-01	   4.9159360770022575e-01	  -4.5017043334283210e-03	  -1.1007758349312681e-02	   4.7046002674961851e-01	   4.2255767770613017e-01	   6.4057376384113063e-01	   3.2676235729401032e-01	   5.4518916397483708e-01	   4.0814686945291234e-01	   3.7494800914569332e-01	   3.4296754610823976e-01	   8.8785909798045803e-01	   7.6134521013757861e-01	   1.0662722642672062e-01	   2.1335904989708621e-01	   5.0273652336832386e-01	   3.9288806599856191e-01	   6.0241311847267598e-01	   5.8909092406617647e-01	   5.0136360369868638e-01	   5.1226087354195848e-01	   6.8295127452371962e-01	   5.8104461214030068e-01	   3.8298380802301191e-01	   2.6518862171958968e-01	   3.6912510168190610e-01	   4.8542397461095488e-01	   3.0728665813559147e-01	   3.3420728897086133e-01	   4.4478656378184922e-01	   6.9403406308701743e-01	   1.0823737443595527e-01	   1.4619072171920078e-01	   2.7748004102783042e-01	   4.6906584234652549e-01	   4.3320271558010298e-01	   5.4432864797477765e-01	   4.5772018235617129e-01	   4.6790072995315007e-01	   1.3156331682100597e-01	   9.5667653392606675e-02	   3.5682331242352044e-01	   3.2842410886040402e-01	   5.0318008013469440e-01	   6.5539055098385768e-01	   4.5296568581099772e-01	   6.2938185181382911e-01	   3.3907602761302086e-01	   3.3244613513611093e-01	   3.3812782989896883e-01	   3.7618870082007227e-01	   1.5097264980586939e-01	   2.4933538756935511e-01	  -6.7566119831719604e-02	   7.7879554463376827e-02	   4.3692544781771148e-01	   2.6677091084450066e-01	   3.9415229807907354e-01	   2.6053453880211513e-01	   3.7624346580189827e-01	   2.2169892665557689e-01	
  -6.6246801638082123e-02	  -1.8111897477120184e-01	   1.0687075217415991e-01	   1.1982112690052358e+00	   1.2008062154943611e-01	   4.0303657573394225e-01	   8.3543892425784372e-01	   0.0000000000000000e+00	   4.2511748176702152e-01	   6.9906498172632459e-01	   1.1414196423300915e-01	   8.7705060871404705e-01	   1.4755957080264306e-01	   8.0472097234023432e-01	   1.8507413638819001e-01	   6.0485132832135469e-01	  -1.0998710444426421e-01	  -9.5845187412135213e-02	   1.8388143654760336e-01	   1.6661858761920922e-01	  -1.8829990490599582e-01	  -1.1007377524174850e-02	   1.2525262370743487e-01	   4.3825750170324673e-01	  -1.3308622976619466e-01	   7.5276901692252499e-02	  -3.5504439497312545e-01	  -2.9387323995937631e-01	   3.4394753919830356e-01	   3.6821235380071077e-01	   3.6540310880588028e-01	   4.8798133144769218e-01	   1.5718202320082031e-01	   4.3792263795657449e-01	  -2.7077929515192324e-03	   6.5311468928994768e-02	  -3.4171318827406183e-01	  -2.4523975263556164e-01	  -3.2694410427978876e-01	  -1.6567606123466350e-01	  -1.7188649594439359e-01	  -8.3039171381404139e-02	   4.1148768055776874e-01	   2.0259022656218095e-01	   7.3335794152543946e-02	   1.8199637634876081e-01	   3.3423683615019789e-01	   3.2116022050393844e-01	   3.4246911739584623e-01	   4.8222151901515209e-01	   4.4236886618990029e-01	   6.4577145445445638e-01	   4.3548247312417626e-01	   4.2100804209687115e-01	   1.1559744602320696e-01	   2.4616762006863208e-01	  -2.8136839711224798e-01	  -3.4407432761661999e-01	   2.0127327251696850e-01	   4.4251407414930582e-01	   6.1206487086936312e-01	   1.0178323993497589e+00	   2.8303927686079600e-01	   9.3154819704768332e-01	   1.5221224085907474e-02	   7.4605749065078919e-01	   2.5545926784663142e-01	   4.4184367783471157e-01	  -2.7187849504721123e-01	  -1.9639380009417684e-01	   4.3310272854292986e-01	   3.6526616416587576e-01	   4.7165496012727592e-01	   6.7359569603211278e-01	   4.3893530730958341e-01	   6.5344883983519864e-01	   5.3878451425133611e-01	   5.6587628131149170e-01	   2.1353156285844047e-01	  -3.6720111952030336e-02	   3.6903726072456393e-02	   1.5180150518753480e-01	   5.5636932921457334e-02	   1.5070449773188671e-01	  -8.4302971077278785e-02	   2.6204512357174869e-01	  -2.9490971789472298e-01	  -2.1585880842203867e-01	  -1.1229245591437842e-01	   2.4319235605243061e-01	   4.4551711600511246e-01	   1.1284972236823430e-01	   4.3967556032686483e-01	  -4.4814968319946491e-03	   1.4490849758252536e-01	   1.6195675047791841e-01	   7.2467808125693992e-02	   1.5053774957117172e-01	   5.0413871101947927e-01	   3.4736021536004380e-01	   7.5226094025533408e-01	   3.1495650478882764e-01	   4.7695737973216129e-01	   1.6149631043803520e-01	   3.6418346010530983e-01	   1.3791623711585058e-01	   1.9870802588777958e-01	   3.7917345391978452e-01	  -1.0850201229781579e-01	   1.4025871622352745e-01	   1.6308412065069794e-01	   1.8718315820542242e-01	   4.5871076316437076e-01	   2.7590394314591854e-01	   5.0248054459561642e-01	   1.9968902291259347e-01	
   1.1158665005250340e-01	   1.0290484332586372e-01	  -8.9912094565684133e-03	   3.1379415928330595e-01	   6.5396361051073848e-01	   4.9252722405208249e-01	   3.7831081108583747e-01	   4.2511748176702152e-01	   0.0000000000000000e+00	   1.1971699553550019e+00	   2.5017252958324510e-01	   1.8060146427606244e-01	   3.2151118958252289e-01	   3.0868720605047517e-01	   3.3259141972297562e-01	   3.1138213220316935e-01	  -1.0084409843633343e-01	  -1.4815315560292047e-01	   7.4302767621854490e-02	  -1.3750178752071270e-02	  -6.6869696403116352e-02	  -1.5836828732694075e-01	  -6.2897689900817547e-03	   1.0600471585135235e-01	   5.2234439892466511e-02	   3.0062551637773376e-02	   2.6751121965059684e-02	  -3.7827911187822943e-02	   6.9987341142156434e-03	  -7.5477325822614516e-02	  -5.2371755671256771e-02	   1.1197801884468721e-02	  -1.4185093549664282e-01	  -3.4145168190193108e-02	  -8.2242604161853000e-02	  -1.4611037791277395e-01	  -3.4108983052773179e-01	  -4.5180802401018938e-01	  -9.1458669311271622e-03	  -1.9771878862105577e-01	  -2.6887301497364996e-01	  -1.5307040583194628e-01	  -8.2691484992916675e-02	  -1.1565276976892069e-01	  -1.5061128781601372e-02	   1.3469113055845755e-01	  -1.2094973931345790e-01	  -9.3902460463169093e-02	   1.4331139806940077e-01	   3.2529632145413245e-01	   9.7556024637990860e-02	   1.8247800678374418e-01	   9.6282949237580066e-03	  -1.0055398076173627e-01	  -4.4944048022546564e-03	  -8.8446909811544946e-02	   1.4041794833425167e-02	   1.9860614967752648e-02	   2.7614622329202898e-01	   3.3724920347670601e-01	   5.8788869249511566e-01	   4.6284558210402160e-01	   1.3956016977816241e-01	   1.1930358171545583e-01	   1.6579183698210687e-01	   5.3789342004720675e-01	   1.8352357515071699e-01	   2.4087824746497510e-01	  -6.5665070962893438e-02	   5.1623150562209185e-04	   1.9511399251214320e-01	   4.7692334249830791e-02	   2.1238138997256806e-01	   2.9228459262499851e-01	   3.7713030122691261e-02	   2.0202829775098180e-01	  -4.2270993824283440e-02	  -1.1212845324707607e-02	  -1.4155564079208793e-01	  -1.9095043209580054e-01	   1.4189854267078861e-01	   3.9635721262647979e-02	  -3.2713946774982586e-02	   5.1952501921194348e-02	   2.5241083054508467e-01	   3.0743869935605317e-01	  -7.2985791326084876e-02	   6.7992672872542431e-02	   2.2613163887869406e-01	   2.6972195899660650e-01	  -1.8666371780348700e-02	  -3.6925470373322333e-02	   1.3671596301741981e-01	  -1.0321969836391086e-01	   2.3293776986387185e-01	   9.0873846268781835e-03	  -8.6782094267559701e-02	  -1.5889667873029331e-01	  -6.7574582593886379e-02	  -1.4719173688973811e-01	   1.4089760682587818e-01	   8.5320693919679738e-02	  -1.3215573871048780e-01	  -1.1661553547281210e-01	  -2.4762730111060363e-01	  -2.5062559763390535e-01	  -2.8529012276645765e-02	   8.5718338688813997e-02	  -2.3841187109777584e-01	  -1.9463754259990754e-01	  -2.0296909758465598e-01	  -1.2703766773148034e-01	  -4.7395828402802698e-03	  -8.3612036246155680e-02	  -5.6845790637491206e-02	   1.0351199405074503e-01	
  -9.1365287537020258e-03	  -8.0929592990898747e-02	  -1.1591827513993325e-01	   4.6936304186040179e-01	   4.6488177596056401e-01	   7.4647221843897305e-01	   2.9889120195068941e-01	   6.9906498172632459e-01	   1.1971699553550019e+00	   0.0000000000000000e+00	   1.4077931696430213e-01	   2.6491675115140562e-01	   1.3505792925219817e-01	   4.0694828871499161e-01	   2.7068931643649807e-01	   4.9427672004423928e-01	  -9.4730861325841437e-02	  -1.9448494791756621e-01	  -1.9788031849798230e-03	  -8.0468557011755523e-02	  -7.0435023382040884e-02	   4.2776357367752531e-02	  -6.6993037977407133e-02	   1.1313401809458745e-01	  -6.1867819590270053e-02	   1.0572052636446873e-02	  -4.9676633501065520e-02	  -9.3227261231731053e-03	   4.4220200850682186e-02	   4.2344359130983091e-02	  -4.6038568689749038e-02	   2.7506230120627188e-02	  -1.8102942577073755e-01	   3.7191485201353056e-02	  -1.7558696577901073e-01	  -1.7226702534477226e-01	  -2.9370943474195060e-01	  -3.6053837017514767e-01	  -1.4154033871214078e-01	  -1.7203777414798288e-01	  -2.5621054392994880e-01	  -5.2479007022438663e-02	   1.1350936365222639e-02	  -1.4860048891593922e-01	  -1.1166543792924229e-01	   1.0679076622678177e-02	  -6.7295359578641439e-02	  -4.8786291858928937e-02	   1.3539244061595054e-01	   3.3971073359139986e-01	   1.7204244798524504e-01	   2.8874221929546773e-01	   1.2272067207935652e-01	   3.8845394345031044e-02	   1.6668932571832825e-02	   6.4012953015639114e-03	  -9.8419683219624118e-02	  -1.2640733135595744e-01	   1.9750550775587405e-01	   3.7314267092157194e-01	   4.5584107979318506e-01	   7.1534618163734642e-01	   4.9334359341405398e-02	   3.4764729179236697e-01	   5.5418280549654697e-02	   6.7825057084392903e-01	   1.4259879061989592e-02	   1.9027912581492917e-01	  -1.7797129277216395e-01	  -1.3383831588937839e-01	   2.6667813589310851e-01	   2.0049854544085288e-01	   3.1927114235389975e-01	   4.5889528239714161e-01	   1.6575957296743393e-01	   3.2315946510758636e-01	   5.3208048424274935e-02	   9.5915049256671089e-02	  -4.9580515680410206e-02	  -2.4122112182201164e-01	   7.0927172332778787e-02	  -4.0926289875716830e-02	  -3.3296573239333258e-02	   1.0300229606237106e-01	   8.3626572909823421e-02	   1.5187264161862632e-01	  -1.9647325201139704e-01	  -3.8239457375195456e-02	   7.1896257923719231e-02	   2.4277035932416088e-01	   8.7082275405081219e-02	  -7.0139418350946378e-02	   1.8992070383736032e-01	  -2.2372863565458539e-01	   2.9888038217478624e-01	   7.7778906792398447e-02	  -4.0649471773524758e-02	  -6.6563153363339109e-02	   7.5199359480809302e-02	  -4.4237161144343881e-02	   3.1074115141305003e-01	  -1.9186310564539399e-02	   6.3314477500605454e-02	  -1.7580180740163806e-02	  -2.2269334640914226e-02	  -1.6965132788940848e-01	   8.2248269001645394e-03	   2.4212155184405168e-01	  -8.9590444841270461e-02	   2.0981543405934826e-02	  -3.7091794527902636e-02	   3.0197085095649785e-02	   1.4833393199779782e-01	  -1.0015400243814896e-02	   7.5844261327671039e-02	   1.5797949754618049e-01	
   9.4974739000339736e-01	   7.5856204840006380e-01	   7.0782497876959516e-01	   3.5040534549898994e-01	   2.6331839197730178e-01	   9.6481609847963751e-02	   5.2718049963936719e-01	   1.1414196423300915e-01	   2.5017252958324510e-01	   1.4077931696430213e-01	   0.0000000000000000e+00	   2.6467808710190677e-01	   7.1405173271174860e-01	   3.1880860365493791e-01	   7.7762804662220919e-01	   2.7249102683614740e-01	   3.5954452762289912e-01	   2.3260426552768551e-01	   7.4640891950852783e-01	   4.4642370773445955e-01	   2.5327485993907889e-01	   9.4426287573407555e-02	   5.3956436075607817e-01	   4.0649827125638260e-01	   5.1185072905435580e-01	   3.8855738632594816e-01	   5.0036905617738170e-01	   3.7807471043714896e-01	   1.8271048494369238e-01	   1.0094695562212830e-01	   2.1016452185965109e-01	   2.4463327909057433e-01	   3.6574396463397402e-01	   2.2992155517590057e-01	   2.2104131854622081e-01	   6.9149732005225950e-02	  -5.1863757965526301e-02	  -8.9250839944636701e-02	   3.4791193256323594e-01	   2.6635698979147271e-01	   5.6491437371616167e-02	  -5.8475499027503514e-02	   9.7444936368842078e-02	   2.2444215485355995e-01	   3.1354278237533473e-01	   4.1252308739843757e-01	   2.0845357668198761e-01	   2.5706892280663102e-01	   4.9102263289545817e-01	   4.8066827660503553e-01	   4.6712731061541157e-01	   3.4497488632855766e-01	   3.4377458632131719e-01	   1.6186607754748886e-01	   3.8871182115185748e-01	   3.6057440435088089e-01	   6.0002465369415259e-01	   5.9986294908508042e-01	   7.0912440681036459e-01	   5.1969104957724932e-01	   6.0194795400528645e-01	   1.2280569914246385e-01	   3.5485632219329633e-01	  -7.5006117568123032e-02	   4.9794565955108022e-01	   2.4458558430178906e-01	   5.3860313566855789e-01	   4.3991337286147048e-01	   5.0976576965043985e-01	   5.0369290325863947e-01	   1.8270760002587336e-01	   1.1779108597138035e-01	   1.4204266241548472e-01	   7.3112470248213532e-02	   2.0727754993323744e-01	   5.0076063958448713e-02	   1.3686384593273043e-02	  -1.0026447620548187e-01	   1.7939386199366492e-01	   1.5497267093435227e-01	   5.9823190605287013e-01	   3.5819295342105373e-01	   2.8780505370753862e-01	   3.2055011700859265e-01	   8.4180154570799592e-01	   6.8026055487430082e-01	   4.3862436898630863e-01	   5.2923031466902304e-01	   5.9107422072047433e-01	   6.5533583159077458e-01	  -1.6036693562404986e-01	   2.0791223525854699e-01	  -9.3599653328533053e-02	   3.3426652255132638e-01	   2.4625936692402217e-01	  -1.0911768481490683e-01	   4.3009729461484153e-01	   2.7765387784828949e-01	  -4.0182700212515406e-04	   3.3396772273346337e-01	  -1.3839180751053776e-01	   3.8865814742810439e-01	  -2.1168612735592163e-02	   3.8611377903522393e-01	  -1.0263069299049611e-01	   1.0357570892680869e-01	  -1.6312046986638883e-03	   2.5739035844987973e-01	   9.1766035613620213e-03	   1.4169361095315738e-01	   1.6369594714908120e-01	  -5.9213563787202564e-02	   9.8449273083378058e-02	   8.8093223300546489e-02	  -1.0846999712501873e-01	   1.9016544261797840e-02	
   2.1854701316693603e-01	   1.0183931062715437e-01	   1.1561772796454586e-01	   8.8524165095628948e-01	  -2.3113647017324884e-01	  -5.8090141259700082e-03	   4.8718834199664207e-01	   8.7705060871404705e-01	   1.8060146427606244e-01	   2.6491675115140562e-01	   2.6467808710190677e-01	   0.0000000000000000e+00	   2.8991417371192962e-01	   1.1977986456370679e+00	   2.5854116164001811e-01	   6.7180373676615701e-01	   1.3147683609269667e-01	   1.2264272136865967e-01	   1.1807145416955107e-01	   2.6012981332940727e-01	  -3.1408942837651244e-01	  -5.9481684059057224e-02	   6.5088444042346594e-02	   3.3187501831307331e-01	  -1.5065007101290226e-01	  -9.1647430598047024e-03	  -3.6819497679868757e-01	  -3.8167264281213537e-01	   5.2143662210307407e-01	   4.8548894512106577e-01	   3.0741580952693776e-01	   4.1888536815588495e-01	   2.0367150771173564e-01	   3.5702037386807095e-01	  -1.5927598395319265e-01	  -6.9149835738249066e-02	  -1.4977795596658394e-01	  -4.0333162604938647e-02	  -1.1961730267760604e-01	   2.7666863000652072e-02	  -6.5590215045798012e-02	  -7.5535252129854583e-02	   4.4824685731347358e-01	   3.6554108915940442e-01	   1.7756891261916077e-01	   2.7758089862966751e-01	   3.4998892693887984e-01	   4.5683405964049228e-01	   4.3617184839305068e-01	   4.6336507499643520e-01	   4.3332952430793625e-01	   5.9733093271938142e-01	   4.0043326485134462e-01	   3.4031460939032299e-01	   1.3762622110807921e-01	   2.9066773072982449e-01	   2.3244673945473405e-02	  -3.9857469577468982e-02	   2.7260044089803070e-01	   4.6165469492128275e-01	   6.1935911048025116e-01	   8.5320286117879829e-01	   3.3841323037228921e-01	   8.5558490156517197e-01	  -6.7554663888942101e-02	   5.2630732067515307e-01	   1.0603106749138355e-01	   2.3101121348854448e-01	  -7.0328289671811900e-02	  -4.8466915082763504e-02	   4.2277635606631514e-01	   3.5446192000345483e-01	   2.7019316946067584e-01	   4.3147172896478092e-01	   3.2169932415378916e-01	   5.4497788356798749e-01	   2.9139790379802477e-01	   2.9289120700647636e-01	   3.0123066839790819e-01	   1.0509017159882308e-01	   1.9653247456669903e-01	   3.0032712723770638e-01	   8.8312802896586051e-02	   2.3197687947023271e-01	  -1.0836149579395854e-01	   3.9391060226142838e-01	  -1.4708664170044652e-01	  -2.3070649114371528e-02	  -2.0649034519993503e-02	   3.4518869914255956e-01	   1.1869281013183382e-01	  -3.9123307746313930e-02	   5.9878294170009352e-02	  -4.0539067571364093e-02	   2.2290714906292867e-02	   1.2227445472794295e-01	   6.7688206390513067e-02	   2.6209988905583154e-01	   2.8338665706765886e-01	   1.6834658466551741e-01	   3.5218391245898312e-01	   3.7769956638409763e-01	   2.8321830328536307e-01	   1.5937728702916648e-01	   2.4155889980632983e-01	   5.6883287940596980e-02	   3.7198757347892980e-01	   4.1912029424895014e-01	  -7.3510286831382679e-02	   1.5861681623479354e-01	  -1.0740971031863223e-03	   9.5882172866621936e-03	   4.3238388012529322e-01	   2.9015636584870191e-01	   3.4589283084373784e-01	   5.5351732620021764e-02	
   3.9267696580587319e-01	   4.1042602981950105e-01	   7.7257999536209632e-01	   4.4523094791465551e-01	  -7.0463858459036396e-02	  -6.5919145048245475e-02	   5.3676360429615966e-01	   1.4755957080264306e-01	   3.2151118958252289e-01	   1.3505792925219817e-01	   7.1405173271174860e-01	   2.8991417371192962e-01	   0.0000000000000000e+00	   6.5169868362854677e-01	   1.0484240553604101e+00	   6.1769004090068647e-01	  -3.9701735252010227e-02	  -8.8143696839724520e-02	   2.6288223550300194e-01	   8.2559802309952912e-02	  -3.9611044616733211e-03	  -1.0445935645029703e-02	   5.4071484560424632e-01	   5.1314408220816832e-01	   4.0275139282128192e-01	   2.9461992289124306e-01	   2.4630122442304955e-01	   1.9358200745768661e-01	   6.8312612567159745e-02	  -4.5183053582839215e-02	   2.4950075138959799e-01	   2.7782845117922983e-01	   9.4087649188482142e-02	   3.5380896171069411e-02	   3.0002524249970292e-01	   2.0544226992266620e-01	  -1.1282780335602829e-01	  -8.3411707467268240e-02	   3.0518001465088745e-01	   2.3591468733913667e-01	   6.4937293389751793e-02	   1.3041965169664843e-01	   3.8249344242191730e-02	   7.2086139606058655e-02	  -1.5954400925901717e-02	   7.3168629680569613e-02	   1.9758926153652950e-01	   1.6222004639214876e-01	   4.6317049285073497e-01	   5.1750373817677064e-01	   5.9435192387145031e-01	   6.0118432177843018e-01	   5.4345125849494813e-01	   3.8468796246074893e-01	   4.2980840827739430e-01	   5.4612184220589677e-01	   1.3678820556522653e-01	   1.9610390175978246e-01	   5.7699607649955664e-01	   5.0727131192437336e-01	   8.5108404570663621e-01	   2.2383337175531789e-01	   8.9482147200100046e-02	  -9.8711065751353563e-02	   6.8476839938683576e-01	   4.4609695212404243e-01	   3.7701331227661866e-01	   2.1692751039210903e-01	   2.3659968111180502e-01	   2.3475364923721304e-01	   4.8534234694712075e-01	   2.4219999251160743e-01	   3.2611323721991264e-01	   2.6971425216384459e-01	   3.6213384964484741e-01	   3.0729312513278367e-01	   1.4041704933557519e-01	   1.2985651661722383e-01	   3.3569814779352440e-02	   4.9056617049131925e-02	   2.1390624006966455e-01	   1.7904928779482623e-01	   1.7817745594229040e-01	   1.4853932808993356e-01	   5.5568594295453744e-01	   6.4795840671915483e-01	   3.6070983248895311e-01	   4.9550151011549093e-01	   7.0255947400060870e-01	   6.8253858718428739e-01	  -1.0384230358916630e-01	   1.1922927104783307e-01	   7.9359611442914313e-03	   2.3530726601050406e-01	   2.6283110446207952e-01	   8.4924452018668967e-02	   3.1909211531619452e-01	   2.1136624021083467e-01	  -1.5982952224491792e-01	   1.8898924008263052e-01	  -5.2299631820111152e-02	   4.4698717207483774e-01	   3.0015251503294028e-02	   1.7441634241650583e-01	   4.4653899252821826e-03	   3.7590423128595951e-02	   3.0075465886434094e-01	   2.1380318774108054e-01	   4.1124983167530223e-03	   2.1203188221046526e-02	   7.4188184017895828e-02	  -2.1565739299997994e-01	   2.6269629685259915e-01	   1.8895417166278228e-01	   1.1821565215562667e-01	   1.4879105100872064e-01	
