   0.0000000000000000e+00	   9.4884227070942750e-01	   8.7835711693261087e-01	   8.9719751868011677e-01	   6.1424955026061645e-01	   8.5156172085876747e-01	   8.7778339472584599e-01	   8.8390119005637902e-01	   7.3928654064460808e-01	   7.0739731891429813e-01	   9.2698896976809464e-01	   9.1894250689743795e-01	   8.7838295517030129e-01	   9.1462477727646008e-01	   7.8150397772679481e-01	   8.4446007077054486e-01	   8.8249488232024831e-01	   8.3978166971412194e-01	   9.2163475855618371e-01	   9.1547995383154879e-01	   7.9181788466197223e-01	   6.6985140758334261e-01	   8.4773026635544158e-01	   8.7087217408701445e-01	   7.5511234253285808e-01	   7.9294062896407769e-01	   7.7469239616009467e-01	   6.4301947216252819e-01	   8.2636808693031316e-01	   7.8746673950855328e-01	   8.1082336306480018e-01	   7.9628589310363329e-01	   9.0978253992837899e-01	   8.9593421008369123e-01	   7.8953543797524328e-01	   7.8639619617444301e-01	   5.2330650959047131e-01	   6.3301298780648785e-01	   8.3071304744242735e-01	   7.2079229126004307e-01	   7.1899426645923437e-01	   7.1410037122181103e-01	   7.9526141621381496e-01	   6.8340046048004000e-01	   8.0336927974905081e-01	   7.9559192069926643e-01	   8.2543462670211309e-01	   8.2539039012391546e-01	   7.7210248691890648e-01	   7.7779937717403269e-01	   8.5542807023585343e-01	   8.2309894097814917e-01	   9.0090990659873937e-01	   8.9811054876102248e-01	   8.8430200581693286e-01	   8.7234434499315372e-01	   9.6733652686924376e-01	   9.5631832709252118e-01	   9.0795842511382419e-01	   8.6064859628869239e-01	   9.1209512498884515e-01	   8.9456002962307046e-01	   8.7498634330115888e-01	   8.8190340713468007e-01	   8.2297192568160527e-01	   8.3302828421322472e-01	   8.8456161570730363e-01	   8.5225784206095623e-01	   9.1227437536895728e-01	   8.8730325388609532e-01	   6.3419937038831142e-01	   7.6085240286195854e-01	   8.4287194183859571e-01	   8.9112900212551294e-01	   8.4821934900796359e-01	   8.0143512587294286e-01	   8.5675011309924609e-01	   8.3967603380906031e-01	   8.4033919230083676e-01	   7.3396801620624519e-01	   9.0695478245571981e-01	   8.6675089918950121e-01	   8.8109575106545091e-01	   6.2357779797713364e-01	   9.1922142812570951e-01	   9.0496669848371070e-01	   7.5839589725755063e-01	   5.9241742444696599e-01	   9.0390413208680664e-01	   9.3346049949790322e-01	   8.3007589652798586e-01	   7.4362202300791980e-01	   7.3460288009097474e-01	   6.5506447048770966e-01	   5.9853818658350530e-02	   2.4639541173047330e-01	   8.4537146522838769e-01	   8.5884982848162916e-01	   8.6827713046211408e-01	   9.2070164181966530e-01	   6.1129583929518339e-01	   7.1865849152825378e-01	   2.2318734015810890e-01	   5.7082763497361388e-01	  -1.1334196849911780e-01	  -1.3990927642250414e-01	  -3.5580686783919968e-01	  -5.0641366781566766e-01	  -4.8040163532282493e-01	   5.4472154423356089e-01	   8.5069989351563036e-01	   8.5209971318776700e-01	   7.4300366540457885e-01	   6.5561571403444030e-01	   4.9365415505342941e-01	  -3.9187617599862279e-01	
   9.4884227070942750e-01	   0.0000000000000000e+00	   8.8763569161214573e-01	   9.2652634000664880e-01	   6.2586857215903979e-01	   8.6625674402778763e-01	   8.7425861727785548e-01	   9.0413249326866918e-01	   7.7419306762617079e-01	   7.0714126089763929e-01	   9.1717060476320555e-01	   9.5426971797716365e-01	   8.8775437411820435e-01	   9.2089498408457016e-01	   7.9932127978932099e-01	   8.6494649531351242e-01	   8.4587601392937939e-01	   8.4577284586175439e-01	   9.3208993770424153e-01	   9.4299545132245322e-01	   7.8734272827227914e-01	   6.2356366922132922e-01	   8.6661638211946057e-01	   8.8979546541013432e-01	   7.4285556640258465e-01	   7.8795080376047122e-01	   7.5367547768700383e-01	   6.0770548721232465e-01	   7.9747537501135168e-01	   7.9724384301738171e-01	   8.1687437049312006e-01	   8.1040159620741403e-01	   9.3301279917410340e-01	   9.3460680886517433e-01	   8.2349074843879533e-01	   8.3125476828814771e-01	   5.7159935797401495e-01	   6.6492295790544254e-01	   8.4935117659518378e-01	   7.2097640558657838e-01	   7.5342104294188417e-01	   7.2915770810883407e-01	   7.6970515428451081e-01	   6.8885348785461953e-01	   7.8753016725227110e-01	   8.1017797566641303e-01	   8.2657517110454404e-01	   8.3166322662327119e-01	   7.4009048016041890e-01	   7.7181201698020263e-01	   8.5004063294950793e-01	   8.3200837867363153e-01	   9.0390031566218088e-01	   8.8875270358829506e-01	   8.9736523980400629e-01	   8.7841526396628489e-01	   9.2108411490176267e-01	   9.6995936573616270e-01	   8.8234755850644064e-01	   8.5945400041002973e-01	   9.1502832447137161e-01	   9.3175050702167361e-01	   8.5014944799297965e-01	   8.9359004553318300e-01	   8.2427261205313740e-01	   8.7204831501144087e-01	   8.8344734442257034e-01	   8.6734510150434052e-01	   9.0430685681744483e-01	   8.9366373967644908e-01	   6.3099877567847484e-01	   7.4608947729120456e-01	   8.3996666575860979e-01	   8.9869619772215747e-01	   8.5847470797648118e-01	   8.2188878375181185e-01	   8.5215573963051616e-01	   8.6991608996203329e-01	   8.1862597544174054e-01	   7.5892626550712916e-01	   8.9904330727641424e-01	   8.9314172734506880e-01	   8.8112283143545045e-01	   6.7486398002912584e-01	   9.2283364455449368e-01	   9.2979443598062805e-01	   7.8021091084814465e-01	   6.1893484383019293e-01	   9.0750748780650481e-01	   9.1916202002076552e-01	   8.0736653906546119e-01	   7.0616599914429878e-01	   7.1692970412978396e-01	   6.3290343474931920e-01	   1.0059987347041346e-02	   2.0904607099907702e-01	   8.6300841510613169e-01	   8.5206377556979684e-01	   8.6827608870730177e-01	   9.0621730336807982e-01	   5.8381706308726622e-01	   6.6745968051056581e-01	   2.1727507101379492e-01	   5.2178245610562135e-01	  -1.0383579068331414e-01	  -1.5321199868138957e-01	  -2.8116650444084934e-01	  -5.1108769633463502e-01	  -5.1421277097060414e-01	   5.3404492642753876e-01	   8.7210778389631782e-01	   8.5952683192974977e-01	   7.4065383862781986e-01	   6.7494542829161475e-01	   5.1156501910529339e-01	  -3.9796497153891636e-01	
   8.7835711693261087e-01	   8.8763569161214573e-01	   0.0000000000000000e+00	   9.4244592792938797e-01	   7.7859253684093432e-01	   8.9373441772597628e-01	   9.5124774934286993e-01	   8.9049909130670546e-01	   8.2362322134663846e-01	   7.0129066622915870e-01	   8.8442245714031453e-01	   8.5180651558807385e-01	   8.6270521968824920e-01	   8.5370968698181759e-01	   8.2181046216636111e-01	   8.5625611944121904e-01	   7.6138651490448406e-01	   8.1432030548729017e-01	   9.4524513450857661e-01	   9.3458941152186092e-01	   7.9754075768034360e-01	   5.7927708519973908e-01	   9.5793038979489920e-01	   9.5387037401249652e-01	   8.6316077610118669e-01	   8.6662864779736970e-01	   7.9746662422042625e-01	   7.4967688980569336e-01	   7.5255024133630233e-01	   7.7020861701173482e-01	   8.4723243753541810e-01	   8.3565491949461368e-01	   8.9852606710848493e-01	   8.9778097897143372e-01	   8.7162294623172965e-01	   8.4759920483902651e-01	   4.5747110570313643e-01	   6.3183455779306064e-01	   7.8482764038926656e-01	   6.1562991948689638e-01	   7.2259356601442004e-01	   7.0663279295305781e-01	   6.6088477310913041e-01	   5.2030261322784055e-01	   6.4917095986905549e-01	   6.5039553265444050e-01	   6.9261299089044448e-01	   6.9740371405765378e-01	   6.1383754158581261e-01	   6.1880939564284598e-01	   7.8583247797186684e-01	   7.1780733372369987e-01	   8.5861593727740471e-01	   8.2320986919696515e-01	   7.9743479923302840e-01	   7.3072067244649042e-01	   8.1758095195361857e-01	   8.8895557052053009e-01	   8.0268820369034888e-01	   7.0701578414619037e-01	   8.7680031612752507e-01	   8.7731155845159936e-01	   8.2229057467871380e-01	   8.6703885345009490e-01	   9.2194620684234263e-01	   8.5866967060680910e-01	   8.8598573579295725e-01	   8.0928762161301548e-01	   8.9327287420964763e-01	   8.8859322793342210e-01	   5.9232029498726502e-01	   6.4028157903134786e-01	   8.3673538967481265e-01	   8.1471262467983130e-01	   8.6083847986931450e-01	   6.8413707889791020e-01	   7.3624594936055032e-01	   7.6557563745529933e-01	   7.5455202628938367e-01	   7.6796499758910008e-01	   8.4806596035041237e-01	   8.6976869774198673e-01	   8.7503945027040908e-01	   6.0702055280988176e-01	   8.9138439041584938e-01	   8.9466555574061646e-01	   7.6418704908074631e-01	   5.4241424932621418e-01	   8.4442912360737932e-01	   8.4270132072911874e-01	   7.9547917471900154e-01	   7.5580656007897462e-01	   7.5395745187877861e-01	   7.3257609024631476e-01	   9.4380063937277214e-02	   1.6602967006189803e-01	   7.4591739930457679e-01	   7.3506314266631989e-01	   7.5025859255070693e-01	   7.9355855723588231e-01	   6.0191859289579464e-01	   6.8665606207664376e-01	   2.3126913475390110e-01	   4.6388337563206850e-01	  -1.4025189584036363e-01	  -1.7361027837170173e-01	  -1.9514282304151676e-01	  -4.5549425560372114e-01	  -4.5285189591592745e-01	   4.7967679313706568e-01	   8.1242250954399331e-01	   7.8907889475926385e-01	   6.5782533628171658e-01	   6.1216781033941303e-01	   4.5974468067189794e-01	  -3.6340722599991537e-01	
   8.9719751868011677e-01	   9.2652634000664880e-01	   9.4244592792938797e-01	   0.0000000000000000e+00	   7.1285532107225014e-01	   9.2468644082764040e-01	   9.2230679296173368e-01	   9.5471940479669914e-01	   7.9246027783999651e-01	   7.0687863876334478e-01	   8.7555523992492801e-01	   9.0838214130392669e-01	   8.4342199758791025e-01	   8.9027920121312965e-01	   7.4676191222061772e-01	   8.3585092062437993e-01	   8.3167067233615821e-01	   8.3611684945596509e-01	   9.4003237668511375e-01	   9.4540621263963598e-01	   7.7723465794021784e-01	   6.2621956304941573e-01	   9.0477193501878639e-01	   9.5235490680010693e-01	   8.0481988149122896e-01	   8.6124715132026097e-01	   7.3765004663189182e-01	   7.4316977838549769e-01	   7.3545783316441415e-01	   7.4744474312018616e-01	   7.9648449908796026e-01	   8.1583566656043471e-01	   9.0631802748566037e-01	   9.1361178359653428e-01	   8.7597914601738591e-01	   8.9427979750381326e-01	   5.3419464833453445e-01	   6.2862109111689835e-01	   8.4764697031572145e-01	   6.5054340475945871e-01	   7.1146934682680618e-01	   7.0302449758519514e-01	   6.9362937765532706e-01	   5.7689589543081243e-01	   7.0557070190754578e-01	   7.2042549851182514e-01	   7.5169635935140189e-01	   7.5578089980595542e-01	   6.8069256605818929e-01	   7.2369259505694705e-01	   8.3104866933395394e-01	   8.0724071496410632e-01	   8.8997062257406612e-01	   8.8994661628868843e-01	   8.4751711771178417e-01	   7.9943788656025450e-01	   8.4756532967254750e-01	   8.9547932551963427e-01	   8.4894664935024200e-01	   8.0287134104107760e-01	   8.6841238626092909e-01	   9.0663103198523998e-01	   8.3762301470073142e-01	   8.7990415989126236e-01	   8.5667954711959937e-01	   9.1568013630557998e-01	   9.1924091664719798e-01	   8.9242654559379320e-01	   9.1223610825633794e-01	   9.0748533207951909e-01	   5.5958296706185151e-01	   6.7098867030365406e-01	   8.1103261589643116e-01	   8.3898014085811168e-01	   8.5414991870560564e-01	   7.1079182763837245e-01	   7.7636532083886212e-01	   8.2243050766889980e-01	   8.1610936825506486e-01	   7.6956289728386629e-01	   8.8133015638114076e-01	   8.6864795259467897e-01	   8.6160068698429826e-01	   6.5743300629736123e-01	   8.9517843867683400e-01	   9.1441049453499201e-01	   7.7952038396432677e-01	   6.7605412917472685e-01	   8.8585399334723425e-01	   9.0263926703866282e-01	   8.3561015241781922e-01	   7.6355190659694805e-01	   8.0087235045132033e-01	   7.2514233896238112e-01	   2.6189716790930483e-02	   1.8815210164778942e-01	   7.9039977598026290e-01	   7.5997763498293558e-01	   7.9701656732879844e-01	   8.3663937899425944e-01	   6.3608574554859554e-01	   6.7910822962378758e-01	   2.0062762059166847e-01	   5.0722107103398573e-01	  -1.3486517249317911e-01	  -1.2817724453743520e-01	  -2.8983444355409610e-01	  -5.2992723583555146e-01	  -5.2955312012917544e-01	   5.0737476096875245e-01	   8.6217646976236528e-01	   8.2666118592257232e-01	   7.2257850259802470e-01	   6.5736435625990086e-01	   5.2380457558164806e-01	  -3.6052766896293459e-01	
   6.1424955026061645e-01	   6.2586857215903979e-01	   7.7859253684093432e-01	   7.1285532107225014e-01	   0.0000000000000000e+00	   8.0664188743228160e-01	   8.0141639163997902e-01	   7.5361961231135632e-01	   8.0832622838888568e-01	   4.0998465044382570e-01	   6.8286954528960109e-01	   6.0712977791558764e-01	   6.9076616284828418e-01	   5.6014960336305064e-01	   6.3291349306334110e-01	   5.8205701991909120e-01	   5.3815525254131624e-01	   7.0919867874927045e-01	   7.5637264334190513e-01	   7.4425496648003531e-01	   5.9858223297676882e-01	   4.0086793731121051e-01	   8.3689858337218592e-01	   8.2290305943442821e-01	   7.6819860165747245e-01	   6.8730216440352221e-01	   5.7441601034372147e-01	   7.4672083886579699e-01	   6.1958839002362542e-01	   6.9897108600561908e-01	   7.5908767048570969e-01	   7.8405646568864906e-01	   6.9335843501242733e-01	   6.9213037385411047e-01	   5.7814023667278269e-01	   6.1142435251081528e-01	   1.7922359319481768e-01	   4.9902333818205746e-01	   4.7427642588174362e-01	   4.0408859059978541e-01	   5.8546877851010659e-01	   5.8350080698322371e-01	   3.5795553789642315e-01	   2.7306293864368403e-01	   4.1606605092317905e-01	   3.9259670411983916e-01	   3.7605654156548751e-01	   4.1923952707456025e-01	   3.3857482617610513e-01	   3.5490669282012965e-01	   4.8117965626209408e-01	   4.0763417586531558e-01	   6.0577564783033799e-01	   5.4137316624422060e-01	   4.6577403974221221e-01	   4.0459528851408738e-01	   5.2439680003920131e-01	   6.1073176606896384e-01	   5.2516045624685981e-01	   4.3625820375714019e-01	   6.7606203066754800e-01	   7.2172670309693021e-01	   6.6874908782143017e-01	   6.8936919010776920e-01	   7.0004205880147319e-01	   5.7097402979309098e-01	   6.4836177919798199e-01	   5.5110947897893803e-01	   6.7277623880995230e-01	   6.7469028525677999e-01	   2.8239114975479868e-01	   2.4414435014926966e-01	   6.5981486073094597e-01	   5.4030994866044724e-01	   7.7804706713408267e-01	   2.8034297389224544e-01	   4.1421904481633010e-01	   5.2666893880957588e-01	   5.4056439835458836e-01	   6.8066114925085475e-01	   6.7876688764879645e-01	   7.1374785170327149e-01	   6.0648696519750200e-01	   4.2610990994164399e-01	   5.9472039937083065e-01	   6.1516705829569751e-01	   4.6147684106134718e-01	   4.5197791281150279e-01	   5.1491095517300012e-01	   5.7340669922132359e-01	   5.8378997774066987e-01	   5.6399312823683689e-01	   5.2147431297167679e-01	   5.0091950831841203e-01	   1.8378744387693507e-01	   3.3892343228574584e-01	   4.9911413716951075e-01	   5.0429904745307785e-01	   4.7027982716269123e-01	   5.1287525715812632e-01	   5.4726768520769575e-01	   5.9251599282458356e-01	   3.9497326845939901e-01	   4.6458396898527643e-01	   5.3926504075333823e-02	  -5.7485412973591374e-02	   3.8579785886788287e-02	  -1.8004562307417077e-01	  -1.5319755003199501e-01	   5.0451224411511619e-01	   5.6738284807606343e-01	   5.4978078942933184e-01	   4.5951562077441044e-01	   4.7651737694583546e-01	   3.2997976378239013e-01	  -2.2554096852991323e-01	
   8.5156172085876747e-01	   8.6625674402778763e-01	   8.9373441772597628e-01	   9.2468644082764040e-01	   8.0664188743228160e-01	   0.0000000000000000e+00	   9.0194291914226288e-01	   9.3185023893492380e-01	   8.2333905043201439e-01	   7.2208400219232538e-01	   8.6098525639609991e-01	   8.5533214214141218e-01	   8.1740007359365818e-01	   8.2427040866671630e-01	   7.3488580332158071e-01	   8.1078131071208492e-01	   8.2076819997564110e-01	   8.4301968440527220e-01	   9.2610551196592317e-01	   9.2873030375386700e-01	   7.5161277515322134e-01	   6.0190941444466783e-01	   8.6822853667845490e-01	   9.2235079072083614e-01	   7.5831230744108002e-01	   7.8077780787625517e-01	   6.9919884667205068e-01	   7.7807023226681804e-01	   7.3705019987310760e-01	   7.8009917461224587e-01	   7.6003836660311430e-01	   7.9072046280523012e-01	   8.5759017530662363e-01	   8.6650818558978748e-01	   7.3899971401579712e-01	   7.6269840415644519e-01	   4.6454275501509695e-01	   5.8138333949885990e-01	   7.5027292884483776e-01	   5.8463324709055930e-01	   6.7531143870928867e-01	   6.7677933581894800e-01	   6.1745316262378425e-01	   4.9931160526047058e-01	   6.3817016025606699e-01	   6.3156419275664832e-01	   6.6368207380948330e-01	   6.7258277603070438e-01	   6.1549634770647210e-01	   6.6074341784055368e-01	   7.5265215428750565e-01	   7.2515700148535633e-01	   8.3436305146483492e-01	   8.1141577254240604e-01	   7.7062640674692584e-01	   7.1515384214899425e-01	   8.0152774504109847e-01	   8.5252671508277966e-01	   8.0069128170128612e-01	   7.4858836644729743e-01	   8.6205977478788154e-01	   9.0869460144378822e-01	   8.3555354892488309e-01	   8.6664298662996542e-01	   7.9169380745216333e-01	   7.9402352947587129e-01	   8.5901618800562751e-01	   7.9598349680081881e-01	   8.8304620251828392e-01	   8.8424983161044723e-01	   5.3433854539307069e-01	   6.1614621837911843e-01	   8.1415189075592553e-01	   7.8107112499939124e-01	   8.5379975419922893e-01	   6.0356470030044151e-01	   6.9688783777591512e-01	   7.2279223986509100e-01	   7.7283107176929389e-01	   7.5070648766626924e-01	   8.6332687511890116e-01	   8.4403968844755750e-01	   8.2469525144905198e-01	   6.6131747349708125e-01	   8.2699682662176288e-01	   8.4034832158915074e-01	   7.2899267081819497e-01	   6.5558860187651136e-01	   8.2620892435615190e-01	   8.5231510884991080e-01	   8.0702946050151947e-01	   7.3801076122553888e-01	   7.5945588417705645e-01	   6.6108292483424991e-01	   1.4361756587557864e-01	   2.9848006613113315e-01	   7.4766961485464067e-01	   7.4084407482248626e-01	   7.4057483938545987e-01	   7.7651411697133421e-01	   6.6805100681995699e-01	   6.9284236878332339e-01	   2.9125971455683497e-01	   5.5896974248923126e-01	  -4.7319529794131149e-02	  -9.7822465483237905e-02	  -2.2305402479419040e-01	  -4.0995116206540017e-01	  -3.7660619449012861e-01	   5.7657656182383521e-01	   7.8928451787451837e-01	   7.7332024224374551e-01	   6.7354309050001682e-01	   6.6370922815262401e-01	   4.8044103963712914e-01	  -3.5977488877255415e-01	
   8.7778339472584599e-01	   8.7425861727785548e-01	   9.5124774934286993e-01	   9.2230679296173368e-01	   8.0141639163997902e-01	   9.0194291914226288e-01	   0.0000000000000000e+00	   9.4684581371155963e-01	   8.5291166600549240e-01	   7.1569341037736434e-01	   8.9095695271055508e-01	   8.4540752694008658e-01	   8.8431634248735747e-01	   8.6133368002221466e-01	   7.8053591895584695e-01	   8.2665372291622896e-01	   7.7003180874141108e-01	   8.0357331226846873e-01	   9.3459861283928602e-01	   9.1855146488685113e-01	   8.0698659682794882e-01	   5.9516246362866632e-01	   9.1873406984213224e-01	   9.3587584057784201e-01	   7.9386077347384454e-01	   7.9872038262932232e-01	   7.6579010258935487e-01	   7.2070553687626782e-01	   7.6237760422755463e-01	   7.6929380651816581e-01	   8.3834345064296945e-01	   8.3634720484921021e-01	   9.0913113134306123e-01	   9.0143241427875687e-01	   8.4064603129433357e-01	   8.2023309423764867e-01	   3.9549040707111416e-01	   5.8650840517480451e-01	   7.2853352912796709e-01	   5.8993247125682868e-01	   6.8775597438577563e-01	   7.0145565548706856e-01	   6.4836931706799938e-01	   5.2717059470914462e-01	   6.7099179762866101e-01	   6.6761738117305469e-01	   6.8096113578174222e-01	   6.9062537113512135e-01	   6.5189386333408328e-01	   6.6460201818188280e-01	   8.1349412100357110e-01	   7.5418114543842441e-01	   8.7174640265651848e-01	   8.3908205257396562e-01	   7.6742464280012390e-01	   7.1393383223937745e-01	   8.0879150135796096e-01	   8.7428577411445563e-01	   8.2610960435387337e-01	   7.3278628774329935e-01	   9.1133420284234801e-01	   9.0391981270572819e-01	   8.6700462368904907e-01	   8.6183124829294611e-01	   9.1839132867205175e-01	   8.5199392389058859e-01	   9.0987533421916478e-01	   8.4130096602300819e-01	   8.8135718517027573e-01	   8.8332205916830886e-01	   5.5818061032875987e-01	   6.3071010909493563e-01	   8.1171970516744740e-01	   7.8848546149793330e-01	   8.4354268028477530e-01	   6.9455244418952378e-01	   7.3302905274917229e-01	   7.9055643717213353e-01	   7.2547639159387789e-01	   7.0600404006059314e-01	   8.4479722096523835e-01	   8.2691094312356173e-01	   8.4138893316938967e-01	   5.8621630883999853e-01	   8.5512232844698310e-01	   8.6129212643936326e-01	   6.7239389993548460e-01	   5.4012054001227372e-01	   8.2327777905164279e-01	   8.4966235485058117e-01	   7.8913413390361697e-01	   7.7458563901947342e-01	   7.3892416329118071e-01	   7.2156922763189157e-01	   6.9048752122720963e-02	   1.6141534808446234e-01	   6.9922680913068302e-01	   6.8612766840240691e-01	   7.2798462531881158e-01	   7.7579800738153804e-01	   6.5390492410439371e-01	   7.5420672170307834e-01	   2.5628233893459579e-01	   5.1937330680102389e-01	  -1.1868345911748394e-01	  -1.2530229531416121e-01	  -2.4512971017297236e-01	  -4.8496220987808991e-01	  -4.6032347167409882e-01	   4.6324978706852621e-01	   7.8615542860706455e-01	   7.5732507210374012e-01	   6.2766414729668440e-01	   5.6145500323286135e-01	   3.9404891313485679e-01	  -3.9989241495408373e-01	
   8.8390119005637902e-01	   9.0413249326866918e-01	   8.9049909130670546e-01	   9.5471940479669914e-01	   7.5361961231135632e-01	   9.3185023893492380e-01	   9.4684581371155963e-01	   0.0000000000000000e+00	   8.2175295699878315e-01	   6.8980669600787436e-01	   8.9417378028132277e-01	   9.0687363525328557e-01	   8.6521034010902964e-01	   9.0219480702640786e-01	   7.2437584716156755e-01	   8.0016341169215077e-01	   8.3758479820862530e-01	   8.2223241845115547e-01	   9.2293944883730883e-01	   9.1437261901127087e-01	   7.7529908907591727e-01	   6.2146865865638945e-01	   8.7402762787268884e-01	   9.3147178370570072e-01	   7.4836982243521954e-01	   7.9065949142438097e-01	   6.9033890288477961e-01	   7.1941913502544996e-01	   7.5015921555226783e-01	   7.5313768311397522e-01	   7.8505045973611876e-01	   8.1358858865771377e-01	   8.9714636910263923e-01	   9.0045079240141512e-01	   8.2459475591548181e-01	   8.4287354263647107e-01	   4.8369406988144337e-01	   6.0361192581433121e-01	   7.7451834913169515e-01	   6.1125418872406023e-01	   6.9432940544773947e-01	   7.0744048028498141e-01	   6.9019556840783403e-01	   5.8980313055013911e-01	   7.3513962532914034e-01	   7.4330588393559216e-01	   7.3695663364426811e-01	   7.5122132394855590e-01	   7.0967103668560205e-01	   7.6330409354500039e-01	   8.3687632583792571e-01	   8.2189217610177046e-01	   8.8853992839952156e-01	   8.8465480515157835e-01	   7.9570517727178669e-01	   7.6532602205152300e-01	   8.2947020515662806e-01	   8.6984061339764929e-01	   8.4613652017549235e-01	   8.0244629513651167e-01	   8.8305033725086579e-01	   9.2477861818194107e-01	   8.5949264928152380e-01	   8.6197565108695406e-01	   8.3773130179796884e-01	   8.7991352484280405e-01	   9.1524424122483627e-01	   8.9007940422110299e-01	   8.7708491716253378e-01	   8.8451439726133796e-01	   5.2304953538661270e-01	   6.6730645905725239e-01	   7.8789792895036159e-01	   8.1417790361507170e-01	   8.5118045077622628e-01	   7.1019032071992239e-01	   7.5967894156802329e-01	   8.4050586194796151e-01	   7.7287487999001137e-01	   7.0559942933057584e-01	   8.7969164018521695e-01	   8.3701537766699174e-01	   8.3235100833543951e-01	   6.4274928170276358e-01	   8.6795197263240831e-01	   8.7878977899923449e-01	   6.8824162304311076e-01	   6.7403046849526138e-01	   8.4908639476501102e-01	   8.8699589749724439e-01	   8.1716356813165358e-01	   7.6982813700345876e-01	   7.7225741617559185e-01	   6.9747856314348211e-01	   2.7116391732745999e-02	   1.9860612689186352e-01	   7.4696765316908342e-01	   7.2437861336059273e-01	   7.7304568600267864e-01	   8.1925458683113694e-01	   6.7569647340269245e-01	   7.3044491506845810e-01	   2.4140716130877360e-01	   5.6059001955667109e-01	  -8.4899863879183496e-02	  -8.3246066156525675e-02	  -3.2495020560404853e-01	  -5.2409046323704667e-01	  -5.0317214074667804e-01	   5.1991911400561597e-01	   8.4617049833010438e-01	   8.0567543843409861e-01	   7.1448499562964640e-01	   6.3958948287768436e-01	   4.9474817593377163e-01	  -3.6232704029339818e-01	
   7.3928654064460808e-01	   7.7419306762617079e-01	   8.2362322134663846e-01	   7.9246027783999651e-01	   8.0832622838888568e-01	   8.2333905043201439e-01	   8.5291166600549240e-01	   8.2175295699878315e-01	   0.0000000000000000e+00	   6.8849987520515143e-01	   7.5987808907291088e-01	   7.3071214412145946e-01	   8.0957517731325224e-01	   7.2764807018968569e-01	   8.2304842167657122e-01	   7.7820418842273154e-01	   6.3064445220850296e-01	   7.3754393274607866e-01	   8.0483431934528449e-01	   8.2264834992816516e-01	   6.3585919055318330e-01	   4.0214278711605650e-01	   8.5408824761231417e-01	   8.4280182645330992e-01	   7.0346740209934622e-01	   7.4766500811211900e-01	   6.4890540956371434e-01	   6.1666263862639525e-01	   7.0779842069774379e-01	   7.7473337378597273e-01	   8.2701617061165300e-01	   8.4903566200282521e-01	   8.1931227874070967e-01	   8.3494389293369253e-01	   7.3893956166001007e-01	   7.3482734189815491e-01	   3.7477432382676484e-01	   6.1838205863252826e-01	   6.0416194606073859e-01	   5.2706725731025816e-01	   6.1564699926667399e-01	   6.5390379695319778e-01	   5.5603941895210141e-01	   4.8583203569394195e-01	   5.5463752539730971e-01	   5.4672880387576839e-01	   6.0080808235213157e-01	   6.0042675340880214e-01	   4.5614955370073396e-01	   5.0082625978105666e-01	   6.6049487557285047e-01	   6.1084696175987352e-01	   7.3695499427112032e-01	   7.2661021893119815e-01	   6.5658176137052693e-01	   6.1343109098776027e-01	   6.5742127975627018e-01	   7.6135750279510428e-01	   6.4880076839195500e-01	   6.3242094142173366e-01	   8.3323813869968633e-01	   8.5381191127917577e-01	   7.4021305470530185e-01	   7.8992414561706437e-01	   8.3431619822692660e-01	   7.4047548527682505e-01	   7.3297078949182959e-01	   6.8578035930603454e-01	   7.8843095589488432e-01	   7.9452043415994067e-01	   5.1404871516492401e-01	   5.0911523571184381e-01	   6.8888114170808024e-01	   6.9909852724754140e-01	   7.9109229770833345e-01	   5.6331806746666424e-01	   6.3931673676927703e-01	   6.7326069448180159e-01	   6.8286009763088584e-01	   7.3143642176737167e-01	   7.9184863316042353e-01	   8.0092695330452979e-01	   7.6146827177524434e-01	   5.9925579412524754e-01	   7.4850536411176205e-01	   7.6581869640892952e-01	   5.6643834204481491e-01	   5.1219627539524759e-01	   6.8896858489283952e-01	   7.3284554067251528e-01	   6.3576676308266922e-01	   5.9815589770432598e-01	   5.6098856074705916e-01	   5.0892179761560485e-01	   1.1385101873129691e-01	   2.0771756061462482e-01	   6.2170092177289427e-01	   6.5749239121066905e-01	   5.9511755994618865e-01	   6.4129379560530220e-01	   5.0825993559113836e-01	   5.5926427969175396e-01	   2.4982236983451780e-01	   3.8234526327905266e-01	  -1.2612373906845722e-01	  -1.9515151263736719e-01	  -8.7046048986721372e-02	  -4.4536720778397026e-01	  -3.9761909436702791e-01	   4.3524704022427496e-01	   6.8384379869701017e-01	   6.4261778687438231e-01	   4.8412761971981833e-01	   4.7067349088382449e-01	   2.6028031138086227e-01	  -4.5466586192103181e-01	
   7.0739731891429813e-01	   7.0714126089763929e-01	   7.0129066622915870e-01	   7.0687863876334478e-01	   4.0998465044382570e-01	   7.2208400219232538e-01	   7.1569341037736434e-01	   6.8980669600787436e-01	   6.8849987520515143e-01	   0.0000000000000000e+00	   6.3842271857404365e-01	   6.1783635298680395e-01	   5.9988324311861208e-01	   6.6972106093946548e-01	   6.1039284012184081e-01	   8.2337235189674485e-01	   5.9181570904449377e-01	   5.3428683171875424e-01	   7.4565934487180252e-01	   7.3584190482637601e-01	   6.4143633855000304e-01	   5.3556166451493559e-01	   5.9195858005181434e-01	   6.3668904354633793e-01	   4.4821145723317252e-01	   5.1983033579454996e-01	   6.7284839480691883e-01	   4.5391671859882687e-01	   5.0870942794613683e-01	   5.2608447850507711e-01	   4.9231059358428053e-01	   4.8646736614617070e-01	   6.6439857185955931e-01	   6.6423908910442864e-01	   6.2125256582585109e-01	   5.6249981248645942e-01	   3.7652155077862326e-01	   4.4323077177904779e-01	   6.8590427978861812e-01	   6.0469458418720579e-01	   4.8359453118520868e-01	   5.7610500632199479e-01	   5.2011521979302877e-01	   3.9274380074015569e-01	   4.5613180811452891e-01	   4.7220350379686993e-01	   5.6911167778346261e-01	   5.5572095475109307e-01	   5.1131549226704687e-01	   5.6846623145861241e-01	   6.7788262375574004e-01	   6.6808162193429732e-01	   7.3484316115221116e-01	   7.5105071195543349e-01	   7.3340864321696675e-01	   6.8458392638155263e-01	   7.0643489024191952e-01	   7.7135001860504215e-01	   7.4538807745310132e-01	   7.6628818212710326e-01	   7.7936593300853629e-01	   7.4615516954838634e-01	   7.0160633897111557e-01	   6.8473465173820758e-01	   6.3964629786765159e-01	   6.3053522712517707e-01	   7.2626892540580390e-01	   6.7460928003923537e-01	   7.5055974635919709e-01	   7.7807078098346616e-01	   4.9352795927339832e-01	   6.0412955885769026e-01	   5.7854935050209688e-01	   5.9085304258314220e-01	   5.1653490212451503e-01	   6.4014260954538882e-01	   5.6156265822576268e-01	   5.2060609965000237e-01	   5.5726892330854338e-01	   4.1082934841622365e-01	   6.4214217182668043e-01	   5.7399876832189090e-01	   7.0400446331655075e-01	   6.1651875643954179e-01	   6.7115534204860294e-01	   6.8841219617840654e-01	   5.4760038677056366e-01	   4.3353297628334958e-01	   7.6913095296088962e-01	   8.0673753432307405e-01	   6.6550065376407253e-01	   6.2951377688786780e-01	   6.1939193928163006e-01	   5.5361937416239548e-01	   3.0262990627187736e-01	   2.4575208762114237e-01	   6.3850020279288699e-01	   6.5271423833839393e-01	   6.4068977268011829e-01	   6.7697704030122918e-01	   5.3413229368802706e-01	   6.0323635360916927e-01	   1.8055145592735872e-01	   4.5545001874276353e-01	  -7.4661740365218610e-02	  -9.2092251592496246e-02	  -1.5918709892263277e-01	  -4.3810307218424249e-01	  -2.5051849966484985e-01	   3.4313308374814944e-01	   5.9918398438371001e-01	   5.8154217457107860e-01	   4.7202603360917361e-01	   4.5300072145281811e-01	   2.7819185611472802e-01	  -4.1650938270008853e-01	
   9.2698896976809464e-01	   9.1717060476320555e-01	   8.8442245714031453e-01	   8.7555523992492801e-01	   6.8286954528960109e-01	   8.6098525639609991e-01	   8.9095695271055508e-01	   8.9417378028132277e-01	   7.5987808907291088e-01	   6.3842271857404365e-01	   0.0000000000000000e+00	   9.4460360432861279e-01	   9.4455635287828987e-01	   9.3445849184742213e-01	   8.1238461585372090e-01	   8.4471901472212430e-01	   8.8893347488201824e-01	   8.7110452742098898e-01	   9.0567097977930944e-01	   8.9751838559538522e-01	   7.1202959108601016e-01	   5.4705649438860104e-01	   8.8243863804182276e-01	   8.8160030617390306e-01	   7.0181330817312526e-01	   7.2513781933520605e-01	   6.7697047399300825e-01	   6.2976432489335510e-01	   8.4714254283606394e-01	   8.2313357648674357e-01	   8.1727638593939056e-01	   8.1618767376577639e-01	   9.0090998346260021e-01	   8.9823221384351748e-01	   7.7462930292220711e-01	   7.6848753717623575e-01	   4.9219690709961589e-01	   5.8434024029747700e-01	   7.6837773551910571e-01	   6.1826598846888625e-01	   7.0820296798258697e-01	   6.8253867922411215e-01	   7.1007068010264640e-01	   6.2052920944704060e-01	   7.4152440694904453e-01	   7.4793326377964919e-01	   7.4036076645000537e-01	   7.4196225486595901e-01	   6.9278598486122944e-01	   7.1414838567047001e-01	   7.8395188092507362e-01	   7.5062383532633348e-01	   8.4620955024244005e-01	   8.2074450442019642e-01	   8.0673375239608813e-01	   7.7539537456973195e-01	   8.9782986615949778e-01	   9.2209512121824311e-01	   8.3163478185794304e-01	   7.6491021705855045e-01	   9.0831470188334418e-01	   9.0176259065057573e-01	   8.7845773819704998e-01	   8.9614134937310630e-01	   8.3106427740084843e-01	   8.1543121788874440e-01	   8.3549840702869593e-01	   7.8776071454635277e-01	   8.3200641246576867e-01	   8.1591303584164221e-01	   6.7270197944688703e-01	   7.3064374454130809e-01	   8.4087862210206543e-01	   8.7597577521655690e-01	   8.7712604248064763e-01	   7.6262602078076025e-01	   8.1733323078545150e-01	   8.2520565324403106e-01	   8.4266293578561535e-01	   7.6455126621740366e-01	   8.9827409808742109e-01	   8.8222462866119955e-01	   8.9568509725896228e-01	   6.3618250231456819e-01	   9.2383986937953722e-01	   8.7788300501682104e-01	   7.6907229835069668e-01	   6.3259318233485673e-01	   8.8697868023749371e-01	   8.6283171420567473e-01	   7.2601853649567127e-01	   6.5790088676814584e-01	   6.2902242319217017e-01	   5.5191717941683605e-01	   9.1418045775724210e-02	   2.3237380495336943e-01	   7.6179974637997117e-01	   7.8473685041644181e-01	   7.6291783207598063e-01	   8.3230957995971688e-01	   5.1506176884043176e-01	   6.3461055687814205e-01	   1.1316688122145889e-01	   4.6034411407618930e-01	  -2.1568415020904017e-01	  -2.5658591800407948e-01	  -3.7943300977364486e-01	  -5.5390125730394724e-01	  -4.4288276905955554e-01	   5.3067663437675194e-01	   7.8595672010218998e-01	   7.7589911807771883e-01	   6.5915005175304076e-01	   5.8706816899408854e-01	   4.3543185473904816e-01	  -4.1960561697701509e-01	
   9.1894250689743795e-01	   9.5426971797716365e-01	   8.5180651558807385e-01	   9.0838214130392669e-01	   6.0712977791558764e-01	   8.5533214214141218e-01	   8.4540752694008658e-01	   9.0687363525328557e-01	   7.3071214412145946e-01	   6.1783635298680395e-01	   9.4460360432861279e-01	   0.0000000000000000e+00	   9.1889943885314773e-01	   9.5924770960158701e-01	   7.9586077783232290e-01	   8.3853720194464310e-01	   8.8419785447296473e-01	   8.6973088453553027e-01	   8.8416409703171994e-01	   9.0090214430166016e-01	   7.1709005863242048e-01	   5.6020291511710341e-01	   8.5260334504609336e-01	   8.8462432421454162e-01	   7.1778379716432994e-01	   7.6820870976181221e-01	   6.6233325895015238e-01	   5.9115573284568335e-01	   8.4292863632770809e-01	   8.3134111531866572e-01	   8.2103726796829024e-01	   8.2196898492350479e-01	   9.2145429564243375e-01	   9.2494711903501992e-01	   8.1703679644698923e-01	   8.3290032357286048e-01	   5.8164629542984758e-01	   6.3747338855369029e-01	   7.9536941752494605e-01	   6.4838990958237597e-01	   7.3939566710813454e-01	   6.9537458478843217e-01	   7.6696386614390777e-01	   7.0527307457993849e-01	   8.0322615197159508e-01	   8.2402494385742286e-01	   8.1890680230311508e-01	   8.2060814212415489e-01	   7.4727318789353103e-01	   7.8862626176784589e-01	   8.4343315612042402e-01	   8.3360397727607527e-01	   8.6972188440697784e-01	   8.6323173113920859e-01	   8.5881595266235167e-01	   8.4128756119838599e-01	   8.9300545695276179e-01	   9.1501949872319854e-01	   8.4435692529982131e-01	   8.0613957804767822e-01	   8.8577469617209015e-01	   9.2381561101387788e-01	   8.5034880616001296e-01	   8.9463632861562092e-01	   8.0843132592072597e-01	   8.8451965479658923e-01	   8.6236867078687451e-01	   8.5511975036178400e-01	   8.4259905746184982e-01	   8.2701725886957123e-01	   6.5580675099309915e-01	   7.6099979324787759e-01	   8.3542908894434464e-01	   9.1563497024592322e-01	   8.6848066596123352e-01	   8.0866717591193882e-01	   8.6043083102283080e-01	   8.8287158265675258e-01	   8.5760139279964320e-01	   7.8115600129765728e-01	   9.2007427398848374e-01	   9.0942434189832277e-01	   8.8492348893680839e-01	   6.6671206245707171e-01	   9.3903664957162025e-01	   9.2625153625801859e-01	   7.7237820243067534e-01	   6.4928919835759435e-01	   8.7365808138057532e-01	   8.7205790603309008e-01	   7.4580097298016246e-01	   6.4018753780772042e-01	   6.5797389964669240e-01	   5.4645609770803416e-01	  -4.0788767498772166e-02	   2.0522378190441889e-01	   8.1034660160454908e-01	   8.2625495283895556e-01	   8.2063753771419001e-01	   8.6607060189318563e-01	   5.1040478755994645e-01	   5.8411918501045323e-01	   9.1076193064364153e-02	   4.2529973726557668e-01	  -2.2226956472462084e-01	  -2.7335463072270066e-01	  -3.7548553721658634e-01	  -5.7812326025191652e-01	  -5.2834562967681142e-01	   5.4668490624600186e-01	   8.5332780408526010e-01	   8.3831498509301505e-01	   7.1839412284054438e-01	   6.2198169427293037e-01	   4.7727932532915296e-01	  -4.0000824602585883e-01	
   8.7838295517030129e-01	   8.8775437411820435e-01	   8.6270521968824920e-01	   8.4342199758791025e-01	   6.9076616284828418e-01	   8.1740007359365818e-01	   8.8431634248735747e-01	   8.6521034010902964e-01	   8.0957517731325224e-01	   5.9988324311861208e-01	   9.4455635287828987e-01	   9.1889943885314773e-01	   0.0000000000000000e+00	   9.0961514846819114e-01	   8.3499224100754910e-01	   8.1330911992214949e-01	   8.2614291597782785e-01	   8.4109722137029919e-01	   8.6682421900567341e-01	   8.7080023330680922e-01	   6.9757734268420812e-01	   5.0517261267368407e-01	   8.6052000013930297e-01	   8.4286369255849958e-01	   7.2873976136825802e-01	   7.2672758736506948e-01	   6.5707703118453553e-01	   5.7278355711045537e-01	   8.8521276839943774e-01	   8.5732466690999687e-01	   8.5072353139995061e-01	   8.2613271782722419e-01	   9.0814842273942609e-01	   9.0239625820714653e-01	   7.8228700697543729e-01	   7.6924670352957270e-01	   4.6448650812458087e-01	   5.7520679050373758e-01	   6.7530969863023016e-01	   5.6680615840535786e-01	   7.0456436047779547e-01	   6.5672770445518169e-01	   7.3585543006708742e-01	   6.8508665131828028e-01	   7.6067540274901302e-01	   7.5743578836645309e-01	   7.6672611821863990e-01	   7.6831487009009725e-01	   6.8677629433811505e-01	   6.8751121590905062e-01	   7.8925816585172370e-01	   7.3819267415397283e-01	   8.3260230544145963e-01	   7.9575105949610891e-01	   7.7542156924527128e-01	   7.4645342942356752e-01	   8.0326214771436588e-01	   8.6831202777416983e-01	   8.1955510983225066e-01	   7.3877514723003102e-01	   8.8607326146066212e-01	   8.8393661049495331e-01	   8.1888344912435007e-01	   8.6739265832952817e-01	   8.2932236840952034e-01	   7.9639284282764877e-01	   8.1988134624512732e-01	   7.8148316852213362e-01	   7.9811544750800734e-01	   7.8684046939416374e-01	   6.6013622386515713e-01	   7.0912409544557153e-01	   8.4678439021602481e-01	   8.7831870679690727e-01	   8.6433109700943778e-01	   7.5661513160892868e-01	   8.1090411506255422e-01	   8.1400310619819538e-01	   8.2082010828397867e-01	   7.7925524234491228e-01	   8.9530526221774609e-01	   8.8786841337362565e-01	   8.7588881449169143e-01	   5.7468742010627394e-01	   8.8628416772942464e-01	   8.5689265434832251e-01	   6.9563525159887729e-01	   5.2567751515766958e-01	   8.0955625386309660e-01	   8.0680828781972069e-01	   6.7632605149216229e-01	   5.9637319196521477e-01	   5.5830289103989161e-01	   4.8811559835254925e-01	   6.0576183661025365e-02	   2.2419076955418674e-01	   7.2627946051648673e-01	   7.8097673097086673e-01	   7.4069071259500441e-01	   7.8606179572123647e-01	   4.6270863440269799e-01	   5.7726890528054309e-01	   8.2950514037786527e-02	   3.7115629990597976e-01	  -2.6108434444102036e-01	  -3.6075417243635322e-01	  -3.3431001355752771e-01	  -5.6724064411424879e-01	  -4.0949945468927468e-01	   5.5669431510710776e-01	   7.7466873014123450e-01	   7.5730190228137728e-01	   6.1190525066004842e-01	   4.7053486928664201e-01	   2.9550769037433655e-01	  -5.2131699934578668e-01	
