   0.0000000000000000e+00	   8.7598923051436040e-01	   6.2547216991043031e-01	   7.0839594681627749e-01	   1.1265398464779702e-01	   7.7173636974660106e-02	   7.3125966941787701e-01	   7.2485965978836897e-01	   1.6193807383953723e-01	  -1.6707986511891437e-01	   2.8369597699331195e-01	   4.9727088041720041e-01	   5.9081916888950359e-01	   7.5282440922826011e-01	   4.6580033082191130e-01	   4.7659140247198584e-02	   6.5016031640198224e-01	   7.7732874080996228e-01	   8.8353635871201719e-01	   8.8619597903198144e-01	   2.4391032218790781e-01	   1.8551304666259336e-01	   6.0243670092575075e-01	   6.8760468194521251e-01	  -1.2391474157895471e-01	  -8.4241274041991901e-02	  -1.1220803628328169e-01	  -9.5166761753298953e-02	   6.4984825426302939e-01	   7.0289858213816081e-01	   5.3121622580111238e-01	   6.2513785443492842e-01	   7.3927369308653001e-01	   7.3960463287379430e-01	   9.6327276900124076e-02	   2.1497927383828302e-01	  -1.8358990597513128e-01	   8.7132344181374520e-03	   4.3125540102986082e-01	   4.7403826085542450e-01	   6.8590850667507952e-01	   5.9023107707143496e-01	   5.5906812987783994e-01	   3.9214900550405768e-01	   4.8346411013440416e-01	   5.0678776224255706e-01	   5.3537781285289165e-01	   5.8211718240065646e-01	   4.0535195347812281e-01	   3.2913658886742475e-01	   4.7163686491866963e-01	   4.1340632543136230e-01	   5.9448964745909927e-01	   5.1688032402395390e-01	   7.1819961700057700e-01	   6.9393606918347350e-01	   9.3054430714931824e-01	   9.2614988161069434e-01	   8.0229613618563955e-01	   6.7330941147009671e-01	   7.7181722274692832e-01	   7.0223655620934089e-01	   8.3477250795241009e-01	   8.4410523010848082e-01	   4.6065789584091571e-01	   5.1447283325836579e-01	   6.4556083460227409e-01	   6.6658072322613204e-01	   8.2577401525147864e-01	   7.9339742767893784e-01	   1.6855568829636888e-01	  -1.1315276012468561e-01	   6.9708338546847115e-01	   7.2638365728524712e-01	   7.4528856688751821e-01	   6.4939451338778875e-01	   6.6943319529087830e-01	   6.6017411716180951e-01	   7.2473421827331541e-01	   6.2944998060607449e-01	   7.5160844306246899e-01	   7.8267286239208089e-01	   6.9321476451199437e-01	   7.3344118993258223e-01	   3.9748253171855696e-01	   7.1156231040303242e-01	   4.4614100897124614e-01	   5.0331707631409484e-01	   7.5544358138444634e-01	   8.5664398386901541e-01	   7.2341607358822413e-01	   6.3247397019208262e-01	   6.3007524212526267e-01	   6.2321054781805374e-01	   4.1300282461763432e-01	   4.2508811986295680e-01	   6.9525082976417074e-01	   7.3141830981846001e-01	   7.3631901687847479e-01	   7.4820716320042990e-01	   6.5823056647330880e-01	   6.3809781277120647e-01	   6.0709375171460533e-01	   6.5146591613257265e-01	   8.8157248876682984e-02	   9.0657980364561491e-02	   2.6753859850029904e-01	   4.5034362697219332e-01	   6.6388519958062137e-02	   3.8058695513171770e-01	   7.1838995942034767e-01	   7.0508951702900835e-01	   6.1017480603093055e-01	   6.1440380410014162e-01	   5.0708283589446963e-02	  -4.0513055050970803e-01	
   8.7598923051436040e-01	   0.0000000000000000e+00	   5.3684380066060444e-01	   7.6241368104312646e-01	   4.0239205315118001e-02	   4.9722624595415550e-02	   6.4121189653583188e-01	   7.8062854750061161e-01	   6.8637398076698844e-02	  -1.7243998732868551e-01	   2.8134738173839835e-01	   6.5968476473135895e-01	   5.6425333220709906e-01	   7.4825984782287369e-01	   4.6041277534634240e-01	   7.3248135036641127e-02	   5.4063154504015731e-01	   7.0975556241440474e-01	   8.3030096584926860e-01	   8.8778934729841263e-01	   1.5395833292620198e-01	   1.4270064575582650e-01	   5.7381773982955797e-01	   7.1990932428369081e-01	  -1.1308831060207794e-01	  -7.2660511645423753e-02	  -1.2323058560128261e-01	  -7.5273435970530891e-02	   5.4009374408814914e-01	   6.6714988634525496e-01	   4.8148839378885455e-01	   6.1823452034981807e-01	   6.9866830371212874e-01	   7.2885263078493567e-01	   1.9270442517925052e-01	   3.3229896015298310e-01	  -1.2234466703010705e-01	   8.0851302112222606e-02	   3.9912760904101019e-01	   4.8582493586668707e-01	   7.0935245906532807e-01	   6.3189824099798508e-01	   5.4703123688458821e-01	   3.6622945853436578e-01	   4.7052213676096044e-01	   5.1757284626285083e-01	   5.3207718195174880e-01	   5.7380384234935322e-01	   4.1200468542853685e-01	   3.7986705591321224e-01	   5.0826796213457759e-01	   4.8699793484960430e-01	   5.5545252418165758e-01	   4.9920321545349655e-01	   7.0064414295194244e-01	   7.0533327543066437e-01	   7.8005382169392146e-01	   8.6606636707826068e-01	   7.4605104486287188e-01	   7.3725802694979370e-01	   6.5197792851878777e-01	   7.2075478304769414e-01	   6.9035693244391683e-01	   7.0922141469094280e-01	   4.2077944217008767e-01	   5.9489527069324000e-01	   6.0664116099552778e-01	   6.6492454222656205e-01	   7.8154943430187973e-01	   7.7938901164454466e-01	   1.6479817076600922e-01	  -6.8068990390837456e-02	   7.0145387056683972e-01	   7.1964000014489948e-01	   6.5862024224777582e-01	   6.5903551108168779e-01	   5.6935568106797618e-01	   6.9673187849012663e-01	   6.0677967607857575e-01	   5.8158328576129825e-01	   7.2182963264740096e-01	   7.4474911188257698e-01	   6.7016624618765352e-01	   7.3405979082930761e-01	   4.7677329697315363e-01	   7.7350736194670888e-01	   4.7682204383404275e-01	   5.3433619173140223e-01	   6.7307105768398579e-01	   8.4005075028380805e-01	   6.8301421968442710e-01	   5.3174191656867531e-01	   5.8649736690281440e-01	   5.0147759861089680e-01	   4.9728520194328429e-01	   5.4802553188043057e-01	   7.2754677716495197e-01	   7.6230005462482486e-01	   7.2442974291684459e-01	   7.3534347302435088e-01	   6.1587126802650149e-01	   5.5665431679473065e-01	   5.6528631305748811e-01	   5.5832619177660359e-01	   1.3940876039306699e-01	   4.5925278838670633e-02	   1.7920771556231052e-01	   3.6534219054327133e-01	   9.0849154004452953e-02	   3.9841795942341585e-01	   7.1711326680895970e-01	   7.0963792281422811e-01	   6.1975233761987025e-01	   6.0920070702564999e-01	   1.3423981812653413e-01	  -3.8239561331953742e-01	
   6.2547216991043031e-01	   5.3684380066060444e-01	   0.0000000000000000e+00	   7.3611537526431103e-01	   1.7648308155341791e-01	   1.8588364416405562e-01	   9.2670491812760136e-01	   6.7723688697047812e-01	   2.3338369884423193e-01	   2.4656018627656377e-02	   2.2617062624261247e-01	   2.7676155961767013e-01	   4.0058611277875500e-01	   4.6003443635478042e-01	   4.2502928263520739e-01	   1.9069070974141986e-01	   5.3773149521241947e-01	   5.5490269151916616e-01	   7.6023859838810259e-01	   6.9914498817833259e-01	   1.8028193948666676e-01	   2.9811707187713983e-02	   8.9778934042068759e-01	   7.3077386290278290e-01	  -2.9282188701017203e-02	   4.6315650093430596e-02	  -4.8898632744388659e-02	  -3.6159758075763930e-02	   5.2990749832987016e-01	   5.6845339839311326e-01	   6.7841971068769158e-01	   6.9769574519955979e-01	   7.7004595041711865e-01	   7.8152220283383778e-01	   5.2806737585437413e-01	   5.2374463823488782e-01	  -3.1137925098599206e-01	   4.2111871622854430e-02	   3.8651708500119408e-01	   4.4924909686180708e-01	   4.8376605184823129e-01	   4.0862045274371006e-01	   4.6002655675482573e-01	   2.8295608379284404e-01	   5.1687515553494356e-01	   5.3528521143680519e-01	   4.6497468205397813e-01	   5.0905576391572860e-01	   3.5966384863717227e-01	   2.6937016265372637e-01	   5.6030306674897146e-01	   4.2325501528375903e-01	   7.2902010340167678e-01	   6.1712543203872772e-01	   6.5078121200090566e-01	   6.3632341516729385e-01	   6.5512768516296538e-01	   6.2810404155632971e-01	   7.4369354509213259e-01	   4.1785982056725401e-01	   7.5503469539465984e-01	   5.5228938718262122e-01	   6.2815029033213976e-01	   5.9946693229758252e-01	   8.1444515251589644e-01	   6.5937616538668431e-01	   8.4160848631314245e-01	   7.8049147433254373e-01	   6.9867564227826062e-01	   6.8606879362998452e-01	   7.4915872862612004e-02	  -2.5816257740427467e-01	   4.7757739534601551e-01	   5.2316594551885487e-01	   6.3134049140635151e-01	   5.1089595371351160e-01	   5.3128133297149616e-01	   4.0209596255707802e-01	   5.8113158099658913e-01	   6.2637438094555287e-01	   6.2491206882673322e-01	   6.7639998156497505e-01	   5.6847700589403138e-01	   6.0195377280887885e-01	   4.5798947848879851e-01	   6.2904865501775153e-01	   3.0471591495032235e-01	   4.1528563426692144e-01	   6.9151066375689640e-01	   6.7622120617245796e-01	   7.5058132550279555e-01	   7.9283287925560042e-01	   6.9890671733393894e-01	   8.3001272278164939e-01	   2.2231946918115364e-01	   2.2836853811127678e-01	   5.6846474537455360e-01	   5.7553399763753255e-01	   6.4749185495081862e-01	   6.7846557238551630e-01	   5.4479590941927714e-01	   7.3789183507132095e-01	   5.1657774835586689e-01	   6.4874929003448356e-01	   3.4366376321982645e-01	   4.5440537022259042e-01	   3.7959130524201418e-01	   5.9971448165552155e-01	   6.0953719361499750e-02	   2.9680604950116019e-01	   6.5964355554754905e-01	   6.7336419715718088e-01	   5.7510793441637198e-01	   5.9778708589916829e-01	   3.6739779224556424e-01	  -3.0920566770204927e-01	
   7.0839594681627749e-01	   7.6241368104312646e-01	   7.3611537526431103e-01	   0.0000000000000000e+00	   2.1155415519280515e-01	   2.8532402008436553e-01	   7.9182113674282062e-01	   9.4175123690660212e-01	   2.0326163973634764e-01	   2.9953998873770774e-02	   2.6376760877026595e-01	   6.4000579174122452e-01	   3.8462959131235880e-01	   5.7954317103572695e-01	   3.8090078750672218e-01	   2.8632596451239595e-01	   4.1130727101073672e-01	   5.1860510105255497e-01	   7.2165646201261358e-01	   8.0318079610386484e-01	   2.2769132436718875e-01	   1.4273301476383468e-01	   7.3015718113384642e-01	   8.9671530793935117e-01	   3.8608681471679188e-02	   8.8454464760956183e-02	   9.1940449031797919e-02	   1.3801841150794336e-01	   3.7294138199731219e-01	   4.8642383754420826e-01	   5.2467682201631438e-01	   6.8549600792609322e-01	   6.8621215234595745e-01	   7.4526325131145921e-01	   4.3830644482226067e-01	   5.4822172909565059e-01	  -1.8178022333296590e-01	   1.4599591989620334e-01	   3.5440830928102302e-01	   5.5343024828855159e-01	   6.1128714906743875e-01	   5.5197493116786622e-01	   3.5727991045336305e-01	   1.3772927675511112e-01	   3.6028789761587054e-01	   3.9300104199538105e-01	   3.7160226418672132e-01	   4.2760958225388951e-01	   3.5340896552703327e-01	   3.2990859199666983e-01	   5.1066739243819015e-01	   4.5587317912815362e-01	   7.6758009927179660e-01	   5.9158999421950753e-01	   6.4497275714514957e-01	   6.3873949749181380e-01	   6.3069618211116762e-01	   6.6295227205797258e-01	   7.6512235855911981e-01	   6.9573474376423516e-01	   7.0622137716471456e-01	   7.0262440061784515e-01	   5.2682503913028433e-01	   5.0896117326958656e-01	   6.6195521587782635e-01	   8.4094343267030869e-01	   7.2113928409790518e-01	   7.9053342450006148e-01	   7.4632973394060076e-01	   7.6477958166843263e-01	   2.3433167952767078e-02	  -1.2848477443745504e-01	   4.4335712157473972e-01	   5.3477252496586758e-01	   5.2580713960687664e-01	   5.4517607406226820e-01	   4.1524852004737944e-01	   4.3221228171183645e-01	   4.9520442744568999e-01	   4.9437023744860270e-01	   6.0041074668143424e-01	   6.0491573203689963e-01	   5.7410338408114092e-01	   7.5899238384423529e-01	   5.0801678345950851e-01	   7.5704407210920310e-01	   4.0878427653858596e-01	   5.6076262601606475e-01	   7.2717058872384133e-01	   8.4747567662271273e-01	   7.6486229464473809e-01	   6.7022416156456655e-01	   7.8445618314082988e-01	   6.6160845392626499e-01	   1.4705325989467669e-01	   1.7624373780149327e-01	   4.9646885731325624e-01	   5.4252648825414318e-01	   6.1399668496187088e-01	   6.5805205269303724e-01	   6.1360011402398329e-01	   6.8237246782137884e-01	   5.4553660475147503e-01	   6.5352811848345849e-01	   3.1245160534705835e-01	   3.8257746834601036e-01	   4.8952211896624465e-01	   6.2453853644297441e-01	  -1.7860399908925650e-01	   1.6464098800176946e-01	   5.4893838259336014e-01	   6.1106699041451085e-01	   5.5709150298015808e-01	   5.4525756038613116e-01	   2.7662434726748908e-01	  -2.9993307793575313e-01	
   1.1265398464779702e-01	   4.0239205315118001e-02	   1.7648308155341791e-01	   2.1155415519280515e-01	   0.0000000000000000e+00	   9.0666776743545419e-01	   2.0097096806629439e-01	   2.1990050918070969e-01	   9.2680732645355324e-01	   8.0275678216143853e-01	   2.7358887314787400e-01	   2.4141505923823564e-01	   2.2090656871777400e-01	   2.0224423636099259e-01	   5.2295836711456967e-01	   6.5617471606750499e-01	   2.6284248540712796e-01	   1.0516485475944973e-01	   8.2615947366184703e-02	   9.2431591165928556e-02	   4.8917954304316891e-01	   2.5327423639447244e-01	   1.7239434920469685e-01	   1.6431302449814716e-01	   8.6428152347530052e-01	   8.7306797592039964e-01	   7.1815973896189222e-01	   7.0291074838549572e-01	   1.9605917638456227e-01	   4.5578638677487592e-02	   1.9657148982262365e-01	   1.3481842173144637e-01	   2.3222461404985950e-01	   2.2173728499792125e-01	   1.5502742948270815e-01	   1.5135069173029381e-01	  -1.3513871401234534e-01	   3.7682779617883744e-02	  -5.2226475098072371e-02	   1.5281882406749925e-01	   1.1387189659756494e-01	   2.3611107345608834e-01	   9.9282376670940878e-02	   1.2836474484912214e-01	   1.9668386950401012e-01	   1.7556688580845545e-01	   1.8032186452949486e-01	   2.4618477404930186e-01	   2.2824232327409269e-01	   2.1686918167532035e-01	   1.2959572656659415e-01	   1.5009662186996980e-01	   1.6252132492104746e-01	   2.4729461241164830e-01	   9.4377076173290497e-02	   1.9659177768240807e-01	   9.8826668743132035e-02	   1.2579731812750244e-03	   1.6734297581469926e-01	  -4.7167837709280416e-02	   2.0694584926235662e-01	   1.3005323754924740e-02	   1.3296218918822600e-01	   8.1486138805045044e-02	   1.8730332576934144e-01	   2.3567030061703659e-01	   1.9577900626496297e-01	   2.4577438839131860e-01	   7.9174476975554478e-02	   1.0006703740647174e-01	  -4.6866742017413865e-01	  -3.3182692975427164e-01	  -3.0648471292336721e-01	  -3.8799487463438448e-02	   1.9336147383906022e-01	   3.0982992495466100e-01	   4.8942677316194449e-02	  -2.6370965546220737e-01	   1.4918587289161186e-01	   1.9932094609957640e-01	   2.5597074965394589e-01	   2.1231975298394179e-01	   2.5213338003367697e-01	   2.7367266698296344e-01	   3.5522467691706994e-01	   3.2550693237122147e-01	  -2.3280309401433469e-01	   2.2124850181099931e-01	   2.2190548222327688e-01	   1.8807084360088694e-01	   2.8144282225090339e-01	   2.5852674040224177e-01	   2.7529569633909123e-01	   2.5006045032888746e-01	  -4.0464139125466803e-01	  -2.9437713707411817e-01	  -2.6108802224638440e-02	  -3.7192169024030254e-02	   1.8726118983343612e-01	   2.3232009949434657e-01	   1.9603661009378476e-01	   1.8157380655221320e-01	   1.9596790276661821e-01	   1.8650945714325062e-01	   2.0417678099002495e-02	   1.1157407043307818e-01	   2.9956354247654826e-01	   2.0663063621067862e-01	  -3.7387225105798666e-01	  -2.8903909019545193e-01	   7.5238118857369585e-02	   2.3329169783896236e-01	   2.6543757704964183e-01	   1.3545404312605677e-01	   1.3846727127767594e-01	  -2.0309928199697846e-02	
   7.7173636974660106e-02	   4.9722624595415550e-02	   1.8588364416405562e-01	   2.8532402008436553e-01	   9.0666776743545419e-01	   0.0000000000000000e+00	   2.2824078731876141e-01	   3.1226442655489622e-01	   8.0655333016999287e-01	   8.9036844445146457e-01	   3.9555524759583455e-01	   3.5133184619705732e-01	   2.5695974064795180e-01	   2.5240669435527424e-01	   4.8965258915672843e-01	   8.1074152052886772e-01	   2.7082292833470573e-01	   8.4807647077428966e-02	   3.3256906502737951e-02	   7.6191019267898216e-02	   5.3759407665695580e-01	   3.2814674609319305e-01	   1.3228833160717657e-01	   1.7318746106754979e-01	   8.3247267538681280e-01	   8.6411025284754972e-01	   7.9272145619318901e-01	   8.1101364054108571e-01	   1.7448278467328915e-01	   1.8170618216265592e-02	   1.4771157503278820e-01	   1.1064544472553184e-01	   3.0541017485398581e-01	   2.9012514469265588e-01	   2.4289002116206082e-01	   2.5587056240243716e-01	  -8.4197925287852096e-02	   1.7849695136972604e-01	  -3.0310001119760828e-03	   3.0400831065028455e-01	   1.4200181432597270e-01	   2.4666584216708276e-01	   6.4132716727080277e-02	   5.6209785734110618e-02	   1.9272520536035889e-01	   1.6756231559259865e-01	   1.6470835028438416e-01	   2.0571919929423965e-01	   2.3249790431384729e-01	   2.1301030408600485e-01	   1.1868585428142325e-01	   1.1827873473818737e-01	   1.8082033068619940e-01	   1.5535910760677618e-01	   1.5923847429199911e-01	   2.4224159116879937e-01	   4.8100485220963246e-02	  -2.3506447927257097e-02	   1.7721543873718393e-01	   5.8829016015129092e-03	   2.2845355619131349e-01	   6.8181425952110172e-02	   1.4009064911338226e-01	   5.9820255566624222e-02	   1.9688336321988903e-01	   3.1832878334556480e-01	   2.5759744192090300e-01	   3.3083674610942104e-01	   5.2081509665850886e-02	   1.3609328676376983e-01	  -4.3101760166103065e-01	  -2.9811949934791232e-01	  -3.4979158480891848e-01	  -6.6353530528138499e-02	   1.2845861158123212e-01	   2.4047827550872761e-01	   7.3431398014274896e-02	  -2.4575726922139352e-01	   1.1558781719690009e-01	   2.0516842507697691e-01	   2.8539995398469309e-01	   2.0634020265785052e-01	   2.9937524592565862e-01	   3.1922697278202039e-01	   4.7114099819408051e-01	   3.7919000321479956e-01	  -2.2318095227897305e-01	   2.6703625300419465e-01	   3.1128970049376736e-01	   2.4614900004773793e-01	   3.2140141863765093e-01	   2.9146468498583283e-01	   3.3943499744815431e-01	   2.9924810188528661e-01	  -4.0473437078561830e-01	  -2.6743203787218245e-01	   1.0879350630582962e-02	  -6.5015961427909597e-03	   2.2136398795182144e-01	   2.5078400542509716e-01	   2.5907363870825750e-01	   2.9040718036404445e-01	   2.5481802964618361e-01	   2.8058747766361658e-01	   1.4508248251095252e-01	   1.9955361768914320e-01	   3.7369521931263777e-01	   2.9815810431008599e-01	  -3.9309932909919143e-01	  -3.1753005828505421e-01	   1.0073603265838828e-01	   2.5881958744452777e-01	   3.4146540243647960e-01	   2.5456240181055784e-01	   2.9765733498113056e-01	   3.1802675116777160e-02	
   7.3125966941787701e-01	   6.4121189653583188e-01	   9.2670491812760136e-01	   7.9182113674282062e-01	   2.0097096806629439e-01	   2.2824078731876141e-01	   0.0000000000000000e+00	   7.9788322797700872e-01	   2.5012353112467162e-01	   7.2263196521594152e-03	   2.6709996554167603e-01	   3.7638325183079768e-01	   5.3446155124216077e-01	   6.2341748145331322e-01	   4.4510229968355836e-01	   1.8307030865206370e-01	   6.2678258742919990e-01	   6.6107677507639562e-01	   7.9244190990810193e-01	   7.7203793357723838e-01	   2.3363245804814015e-01	   7.9261664786913807e-02	   8.2959095906433000e-01	   7.5520628606907048e-01	  -2.6103032677929246e-02	   3.4402387163380108e-02	  -4.7170931307579760e-02	  -2.0962955054020932e-02	   6.6376707103301924e-01	   7.0775208282337077e-01	   7.2061041611099530e-01	   7.5767894100517263e-01	   8.4757883946203294e-01	   8.5888501933465777e-01	   4.2108122236019724e-01	   4.7999960025213778e-01	  -2.3394889104899369e-01	   1.2960044114128044e-01	   4.5545628451445591e-01	   5.2548196495407618e-01	   5.9823155657717231e-01	   5.2925411323360971e-01	   4.6336259336394969e-01	   2.5238820703855525e-01	   5.1305142516747559e-01	   5.2431770703901937e-01	   4.8421540580475697e-01	   5.2015217292177085e-01	   3.6179968791443401e-01	   2.5518215758971707e-01	   4.7905709340566532e-01	   3.7227807056055906e-01	   7.3871650578283876e-01	   6.1668456374794089e-01	   6.8844326123870669e-01	   6.7184850392755724e-01	   7.2036179631716435e-01	   7.0430997865902789e-01	   7.7654626773751279e-01	   4.7716963831867110e-01	   8.7458506224578858e-01	   6.7917289475960652e-01	   7.5554402257670716e-01	   7.1957611204995919e-01	   7.6905162643778813e-01	   7.1332073919912320e-01	   8.4328763933089301e-01	   8.1818385871488097e-01	   7.4080442453223894e-01	   7.6032200595971289e-01	   1.2258942409201046e-01	  -1.7552794994566864e-01	   5.6827146581979604e-01	   6.7310582487496307e-01	   6.8902206714013958e-01	   5.7757788803385635e-01	   6.2990426381749542e-01	   5.0838052636015851e-01	   6.7369950456260086e-01	   6.8436243824475695e-01	   7.5159138093210964e-01	   7.7121179051816213e-01	   6.4264654519156039e-01	   7.0716464486496911e-01	   4.4641366140600830e-01	   6.7429047735758507e-01	   3.0116016765149556e-01	   4.3776238155441316e-01	   7.2955839483235019e-01	   7.4137869016535474e-01	   7.8812271293953440e-01	   7.9307608846019084e-01	   7.3022172506292848e-01	   8.3820535857622958e-01	   2.5430442603251668e-01	   3.0319595257260135e-01	   6.1335864331712853e-01	   6.3073703026526318e-01	   6.8824490013185902e-01	   7.1851884166352542e-01	   6.0747430500697586e-01	   8.0294144503906439e-01	   5.5004033278790188e-01	   6.9547105066831116e-01	   2.7488690861841109e-01	   3.3979939762255951e-01	   3.3639323224042023e-01	   5.8815388582335282e-01	   3.7471747278969618e-02	   2.5129525373974992e-01	   7.0896235710504807e-01	   7.3138662263571597e-01	   6.2809136810883359e-01	   6.1055896877365612e-01	   2.8802992954641787e-01	  -3.5634497715017455e-01	
   7.2485965978836897e-01	   7.8062854750061161e-01	   6.7723688697047812e-01	   9.4175123690660212e-01	   2.1990050918070969e-01	   3.1226442655489622e-01	   7.9788322797700872e-01	   0.0000000000000000e+00	   1.8827385204600264e-01	   4.6699460942838791e-02	   3.1778953363583073e-01	   6.5479338775115736e-01	   4.8926672445577513e-01	   6.6949422122640700e-01	   3.6664042042818040e-01	   2.6391532264471779e-01	   4.7448962455350097e-01	   5.7852650048379894e-01	   7.3092118951532792e-01	   8.0259401117905194e-01	   1.3276581749441602e-01	   4.5685194429753606e-02	   6.1851687673451250e-01	   7.9386529314521526e-01	   1.0747280110605932e-02	   6.3922681590313168e-02	   8.2097374978234466e-02	   1.4413679761848561e-01	   4.1761929715496737e-01	   5.1305591924356797e-01	   4.5167763752806939e-01	   5.8846175007978418e-01	   7.1180614170881462e-01	   7.4674172762937641e-01	   3.3596750471324244e-01	   4.7413449348264525e-01	  -2.1865233574590420e-01	   9.6917228141984238e-02	   3.0216441094215163e-01	   5.1449009605519269e-01	   5.6536928449001778e-01	   4.9241847609864342e-01	   4.6027259357119965e-01	   2.6661697361307723e-01	   4.7738799491430373e-01	   5.1009906654741544e-01	   4.7376406475290311e-01	   5.2303269762299176e-01	   4.3928814340545341e-01	   4.3607964940931876e-01	   5.3174661643614640e-01	   4.9195974626488337e-01	   7.0751589013044724e-01	   5.9071180080281405e-01	   6.3430176043129316e-01	   6.7295096908398389e-01	   6.2197720544743829e-01	   6.4571770660505512e-01	   7.7265438659171992e-01	   7.1877794738204437e-01	   7.2361915776194485e-01	   7.3538724592481652e-01	   5.8509099902847339e-01	   5.5264369851869866e-01	   5.9176284706675486e-01	   7.9968536504057453e-01	   7.4305283484117202e-01	   8.0890808338131803e-01	   7.4523142048736646e-01	   7.7930441824676455e-01	  -3.3752491079915743e-03	  -1.6644219373445027e-01	   4.3376424740846331e-01	   5.3495975003386875e-01	   4.9410332675492430e-01	   5.2073770888142024e-01	   4.5251825618714253e-01	   4.4562352586429227e-01	   4.9836207248220332e-01	   4.9817689378705199e-01	   6.4690888129348778e-01	   6.2153664364044969e-01	   5.7590744860148169e-01	   7.1344989670918446e-01	   4.8817686246093905e-01	   7.2590022968536894e-01	   3.7293984191603069e-01	   4.9512350079300682e-01	   7.3119304818472108e-01	   8.6194480111046490e-01	   7.9159904383838731e-01	   6.8262371572377956e-01	   8.1554402565791073e-01	   6.9488256461241948e-01	   1.8362217681498894e-01	   2.6002434375525629e-01	   5.2347399689827778e-01	   5.8304649148521837e-01	   6.6891930102388653e-01	   7.0589141057644567e-01	   6.5414287586406561e-01	   7.2207104848133719e-01	   5.5437740504009914e-01	   6.6929190906681202e-01	   2.4766616137174038e-01	   2.6329411772736622e-01	   3.6883128236777502e-01	   5.5476036602360246e-01	  -9.0100451763298089e-02	   1.5808820260877435e-01	   5.8487647674256937e-01	   6.8496069228801448e-01	   6.5078472699538481e-01	   5.9967302380115783e-01	   2.4286838896505819e-01	  -3.4776631578913575e-01	
   1.6193807383953723e-01	   6.8637398076698844e-02	   2.3338369884423193e-01	   2.0326163973634764e-01	   9.2680732645355324e-01	   8.0655333016999287e-01	   2.5012353112467162e-01	   1.8827385204600264e-01	   0.0000000000000000e+00	   7.8273655744507176e-01	   3.3068386569051467e-01	   2.5999451847528915e-01	   3.0724623596748846e-01	   2.8805739955398535e-01	   5.6364457814849800e-01	   6.3488440742247909e-01	   3.6481606422336871e-01	   2.3968743642111284e-01	   1.5957572360241568e-01	   1.4788358141296748e-01	   3.4917240653773324e-01	   8.7566502969754850e-02	   2.2871422768598426e-01	   1.6859743577074965e-01	   8.1572914688873255e-01	   8.2729514988468966e-01	   4.9622201858745907e-01	   4.8240823076828976e-01	   3.1489475390930166e-01	   1.6544839143585482e-01	   2.6361560920412724e-01	   1.9737088131291031e-01	   3.0503851192473863e-01	   2.9317908711842089e-01	   1.7962821759268882e-01	   1.6647156413418865e-01	  -1.3354895906254463e-01	   5.8441252541355744e-02	   7.2013274666014784e-03	   1.6746436118912261e-01	   1.8043844589869207e-01	   2.4175552693380670e-01	   1.6093350940745929e-01	   1.5461289831728073e-01	   2.4907376236176931e-01	   2.2080915659882155e-01	   2.4819366441119195e-01	   3.1479459668607035e-01	   2.8007976024168257e-01	   2.1902843025210517e-01	   2.2475916373801266e-01	   1.9962956307151414e-01	   2.8478153440079562e-01	   3.2811401126518214e-01	   2.1660625239521031e-01	   2.7693552303727087e-01	   1.5554834971626022e-01	   7.9557982427247570e-02	   1.8334371249413775e-01	  -4.7711424629172411e-02	   2.5186436635268167e-01	   3.3410607307532314e-02	   1.8688173320664375e-01	   1.8340780742623225e-01	   3.1158760125162810e-01	   2.5131521138025814e-01	   2.6751289302778902e-01	   2.9968866632221353e-01	   1.3477843313910084e-01	   1.6947917660143302e-01	  -5.4989795078476478e-01	  -4.3128838876980358e-01	  -2.7448672463747470e-01	  -1.1879577843748095e-02	   2.4293117425842034e-01	   3.5108479309402352e-01	   1.7827955836599382e-01	  -1.4986273890938004e-01	   2.2486685968217660e-01	   2.8741287762735040e-01	   3.1651131616606554e-01	   3.3323184957943930e-01	   3.1937328534781506e-01	   3.1245857870528770e-01	   4.0848615817352352e-01	   3.6659613674528907e-01	  -1.9043594150241039e-01	   2.1285417629123604e-01	   2.7385147907974616e-01	   1.9336880418056565e-01	   3.3011933611246325e-01	   2.7964637333966247e-01	   2.4463821775507472e-01	   2.2695430231860853e-01	  -2.3611735967159600e-01	  -1.6084701072540222e-01	   1.0645196922429324e-01	   7.7227663275927574e-02	   2.8831366638657047e-01	   3.1440820006920789e-01	   1.6000984848010921e-01	   1.5035522246505845e-01	   1.5348014434490359e-01	   1.4681175931858353e-01	   1.6312048810372990e-02	   9.1949909867661189e-02	   2.9455069332469597e-01	   1.6099115408384004e-01	  -2.8258178719549626e-01	  -1.2215516267989000e-01	   1.7758121923106279e-01	   3.0010229356786050e-01	   3.4896850619090847e-01	   1.6956593295165479e-01	   2.1824826180417967e-01	   5.1297296729403488e-02	
  -1.6707986511891437e-01	  -1.7243998732868551e-01	   2.4656018627656377e-02	   2.9953998873770774e-02	   8.0275678216143853e-01	   8.9036844445146457e-01	   7.2263196521594152e-03	   4.6699460942838791e-02	   7.8273655744507176e-01	   0.0000000000000000e+00	   4.0465363031796370e-01	   2.0057072466561210e-01	   1.6864589417671375e-01	   3.7710139662219963e-02	   3.7096310453170883e-01	   8.4931477528151356e-01	   1.4259486267704438e-01	  -4.9588722533974380e-02	  -1.6496670829748028e-01	  -1.7260334835441785e-01	   3.8005091013379017e-01	   1.9887434263534115e-01	  -3.5741967508148634e-02	  -6.6707118246611893e-02	   8.1462649836255152e-01	   8.4204379953853259e-01	   7.1139356280783450e-01	   7.2503218227342703e-01	   4.9006050797681153e-02	  -1.5774184247033649e-01	  -3.1847504958945456e-02	  -8.6390020182154942e-02	   1.2243950047542683e-01	   8.7270463143622704e-02	   2.3978063941978001e-01	   2.2675667026434981e-01	  -6.4736563349698184e-02	   1.3889460832734110e-01	  -1.6197430887975967e-01	   1.0273388081836840e-01	  -5.3122130117568493e-02	   4.4471052704076836e-02	  -8.5728645942786591e-02	  -3.7226686973114320e-02	   2.9180658708810106e-02	   1.7819910825509034e-02	   2.0768809341895393e-02	   4.6191156485960880e-02	   7.6995550008499045e-02	   8.7004288842204444e-02	   1.7891512530425788e-02	  -1.1876062374689061e-02	   3.3214112420502789e-02	   3.2014130913642865e-02	  -3.8744745023028812e-02	   3.1997230965189943e-02	  -1.5764623383496035e-01	  -2.2665042095875088e-01	  -1.1712075405273843e-01	  -2.3165844611409833e-01	  -1.7376241507583247e-02	  -1.9819701047446125e-01	  -8.6490215737729054e-02	  -1.5485843206145516e-01	   1.3087486689986649e-01	   1.3246952017178093e-01	   7.7884773027828411e-02	   1.5065207578261530e-01	  -2.0676035972135204e-01	  -1.1483213207951473e-01	  -4.9206267975690432e-01	  -2.8643584229794222e-01	  -5.5767822120291122e-01	  -3.1225909175918165e-01	  -7.8523053980482163e-02	   5.9526269328310025e-02	  -8.2077548930333394e-02	  -3.3880351779752582e-01	  -7.0341937544796909e-02	   1.0306680345969445e-01	   5.9491476124100953e-02	   3.1495805101534893e-02	   1.1338440826236743e-01	   9.5848695357155206e-02	   4.2583288969171507e-01	   1.8491341668441397e-01	  -3.2106198100972505e-01	   1.5852300594502156e-01	   1.2637775059748610e-01	  -3.4893360237221352e-02	   8.1525582639185176e-02	   6.9199524085239217e-02	   1.0052682679357694e-01	   5.7514415246220141e-02	  -4.3078591749970824e-01	  -3.4598194040502106e-01	  -1.6210878771712095e-01	  -1.9555207357225690e-01	   1.8744594555884821e-02	   4.8015000310122929e-02	   9.9162589255778078e-03	   2.3338749743011169e-02	   3.2203080560974665e-02	   2.3767730652367376e-02	   9.2597718326730957e-02	   1.4616126729128823e-01	   2.7435772296473754e-01	   9.5214758592485266e-02	  -3.6430260913290058e-01	  -3.2327396205682979e-01	  -1.1120382633622108e-01	   4.5420744058494840e-02	   1.6131484053861450e-01	   8.4003688070099197e-02	   3.5054652637302774e-01	   2.8237864784684363e-01	
   2.8369597699331195e-01	   2.8134738173839835e-01	   2.2617062624261247e-01	   2.6376760877026595e-01	   2.7358887314787400e-01	   3.9555524759583455e-01	   2.6709996554167603e-01	   3.1778953363583073e-01	   3.3068386569051467e-01	   4.0465363031796370e-01	   0.0000000000000000e+00	   5.3537605999956195e-01	   6.0398963196485078e-01	   4.4694582992601711e-01	   4.3852662427973721e-01	   6.3547492892020663e-01	   6.7232856557364207e-01	   4.3494930716957647e-01	   2.7667721705914805e-01	   2.8002243293622114e-01	   1.6670636359581131e-01	   1.1902505473585290e-01	   2.2567140124986018e-01	   2.7432514011644948e-01	   2.6984566452553821e-01	   3.0848312046646709e-01	   1.6860668370411833e-01	   2.2223583546754194e-01	   4.4212038005085713e-01	   2.9428449451268190e-01	   1.5797106426438734e-01	   2.5025597571341557e-01	   4.5697072287414942e-01	   4.1291359927204363e-01	   3.0736706422145843e-01	   3.0541577643989187e-01	  -3.5524676510981804e-02	   1.5458607920707251e-01	   7.3708123388965652e-02	   2.7572968351732408e-01	   3.5871242068269532e-01	   2.0479005939999528e-01	   9.9233978377398668e-02	   4.9294868196323158e-02	   2.0084510577036110e-01	   1.8548259541424178e-01	   1.8045105821202528e-01	   1.8408962477325630e-01	   2.2583140743210439e-01	   2.1085765130119194e-01	   2.6407863668089171e-01	   2.6533900705620350e-01	   3.9026249992813794e-01	   2.3256979743338119e-01	   3.7532702721306532e-01	   3.4105588886149457e-01	   1.9580039829281892e-01	   2.5873877748822094e-01	   1.8877423320697212e-01	   1.9027398987306027e-01	   2.1928634478808029e-01	   1.4951710253155556e-01	   3.1969458764568698e-01	   3.1415009036611774e-01	   3.8139163760074168e-01	   2.5103645711709377e-01	   3.2471515187499034e-01	   3.7422406428810429e-01	   1.8368419520223367e-01	   3.6894224395572695e-01	  -1.5089958855205243e-01	  -1.7139954332530127e-01	  -5.1165299361020940e-02	   6.2491220722639018e-02	   2.7378548045832313e-01	   2.9362487952776423e-01	   3.0072137486187678e-01	   1.8567489961922889e-01	   3.7430102802667853e-01	   4.4573060761191197e-01	   4.1498404057733485e-01	   4.7970980969924426e-01	   5.2094348202975294e-01	   5.1534258073442052e-01	   7.2360344008757804e-01	   4.5574205456637212e-01	   1.0166678666106518e-01	   3.6060415524913603e-01	   3.3117244742333912e-01	   2.8851394726552632e-01	   3.1893261526430428e-01	   2.5875529635631661e-01	   1.0866227851194946e-01	   2.1402669141953401e-01	   1.9514834604041364e-01	   1.9972407677225679e-01	   2.9480867584210602e-01	   2.8403253930484607e-01	   3.3765386525103103e-01	   3.5001020641774028e-01	   1.0414608750846793e-01	   3.0178412095304935e-01	   2.4728334142655831e-01	   3.5684023607529597e-01	   2.4326772101816613e-01	   2.4735453885763653e-01	   2.6111865671854456e-01	   2.3459526156489596e-01	  -6.2142152138772305e-02	   2.3069170278691953e-01	   2.5749989862804740e-01	   2.8013678644228557e-01	   4.0937734164494644e-01	   5.1930729560820554e-01	   5.1741574541496305e-01	   8.2794634246950938e-02	
   4.9727088041720041e-01	   6.5968476473135895e-01	   2.7676155961767013e-01	   6.4000579174122452e-01	   2.4141505923823564e-01	   3.5133184619705732e-01	   3.7638325183079768e-01	   6.5479338775115736e-01	   2.5999451847528915e-01	   2.0057072466561210e-01	   5.3537605999956195e-01	   0.0000000000000000e+00	   4.7567076200968939e-01	   6.4062572912753890e-01	   5.2083762362253028e-01	   5.5196769290885639e-01	   4.7424408062585605e-01	   4.6316318862504702e-01	   4.2058296557182889e-01	   5.4790781768519115e-01	   2.0313307921890761e-01	   1.2447115872291445e-01	   3.4987164753748956e-01	   6.0429038815805658e-01	   3.2070602904087808e-01	   3.4510815432990388e-01	   2.1651900122405413e-01	   2.9223744463113843e-01	   3.7392508020859794e-01	   3.8891601833914791e-01	   2.9164710202701793e-01	   4.6572407966529317e-01	   5.4079923033102162e-01	   5.7539802808882090e-01	   4.2004506424920296e-01	   5.1915964713246010e-01	   1.0766807721471534e-01	   2.6723286483352904e-01	   3.4060087818813944e-01	   5.8214251636357461e-01	   6.4093986493015676e-01	   5.4882043134011171e-01	   2.1218976067070039e-01	   5.7570481949195479e-02	   2.4384238076560028e-01	   2.3840073231840686e-01	   2.6027108966322365e-01	   2.9021948471534864e-01	   3.3638945184125002e-01	   2.8480747849479859e-01	   3.8462131171345049e-01	   3.7876903276208901e-01	   4.5248006795057005e-01	   2.5730413912173805e-01	   5.9729933369932697e-01	   5.5229276575713571e-01	   3.6298515405215226e-01	   4.3600264477396755e-01	   4.3639831517247207e-01	   4.9579955371985107e-01	   3.7505361023230915e-01	   4.5666958012861092e-01	   4.0386225729990344e-01	   3.7315693908326775e-01	   3.3581831047200472e-01	   6.7879322207166592e-01	   4.3681292483908396e-01	   5.6611803640588210e-01	   4.2972583843136686e-01	   5.4368407398348828e-01	  -9.4321905499076875e-02	  -4.6720708812565535e-02	   2.3167578086359331e-01	   3.2356836794913546e-01	   3.6651171676770311e-01	   5.1766352146187966e-01	   3.5574709482526512e-01	   3.5379564190007973e-01	   4.0846120567893918e-01	   4.4854014795564701e-01	   5.6666912058648555e-01	   5.3758611124795530e-01	   6.3274458905812658e-01	   6.8065004015122288e-01	   7.0801544767351499e-01	   7.8534316010592309e-01	   3.7811246574055279e-01	   6.2432474412360850e-01	   4.8460686778650031e-01	   6.3304959108879832e-01	   4.3795789806569446e-01	   2.3683647421605553e-01	   2.8959777733277692e-01	   1.8301823969221753e-01	   2.1339682095196805e-01	   3.2082838244675077e-01	   4.9298707108049111e-01	   4.7289437519940281e-01	   5.1314939247097469e-01	   5.2001541266734952e-01	   2.7601000405186205e-01	   3.1275921646710486e-01	   2.7294619181273905e-01	   3.2849747301782678e-01	   1.1955453438487404e-01	   1.0832820833132181e-01	   2.8484931207220687e-01	   2.8250659314719451e-01	  -2.5369136176091045e-01	   1.1093983346881510e-01	   3.8473184369776003e-01	   3.9270455883014765e-01	   4.7703330826365542e-01	   4.7527865989892171e-01	   2.8296646980713747e-01	  -2.9862786175490963e-01	
   5.9081916888950359e-01	   5.6425333220709906e-01	   4.0058611277875500e-01	   3.8462959131235880e-01	   2.2090656871777400e-01	   2.5695974064795180e-01	   5.3446155124216077e-01	   4.8926672445577513e-01	   3.0724623596748846e-01	   1.6864589417671375e-01	   6.0398963196485078e-01	   4.7567076200968939e-01	   0.0000000000000000e+00	   8.3032388442879501e-01	   6.3235241354383931e-01	   2.9120328383539545e-01	   7.1018955896991098e-01	   6.8002398391937202e-01	   6.0201507149737110e-01	   5.4210932477195906e-01	   1.9300895029440257e-01	   1.8382636322404272e-01	   3.5006425494587251e-01	   3.4656261819271317e-01	   1.0418588182600691e-01	   1.3302284675081741e-01	  -1.9819701287403804e-02	   2.6053486072661731e-02	   7.5654355497346171e-01	   6.7303385327297527e-01	   5.6181852253911824e-01	   5.6202556309046825e-01	   7.0613790614206706e-01	   6.6507180110711084e-01	   1.1039951584586066e-01	   2.1854372811745823e-01	   1.3080348853980558e-02	   1.9004103074220727e-01	   3.7491642285449189e-01	   4.4425104871236926e-01	   6.0742161243700143e-01	   5.0745097739951939e-01	   2.8463888479037724e-01	   1.7613990462945545e-01	   3.3076165222412773e-01	   3.6493736008803573e-01	   3.3265248395546509e-01	   3.7973839313377905e-01	   1.7135178094153580e-01	   1.0567701405736357e-01	   1.7137267215471594e-01	   1.5262794518208092e-01	   4.0388939053236639e-01	   3.6888958093317387e-01	   5.4447619784297330e-01	   5.2592036650367535e-01	   5.2690854217907157e-01	   6.0983541061579549e-01	   4.4881503056520811e-01	   3.3932661175567896e-01	   6.8265728389617730e-01	   5.3678988390374993e-01	   6.9640366613682847e-01	   6.6610084049188711e-01	   3.9015368514324866e-01	   3.6255146951431688e-01	   5.0848740725517561e-01	   5.2717669461396188e-01	   4.3466995339887265e-01	   4.7775293190199858e-01	   1.3899495202539758e-01	  -4.7800127083383458e-02	   4.7650697260281299e-01	   5.6768166801742770e-01	   5.7836239296036829e-01	   5.4754905887454353e-01	   5.4877524866753191e-01	   4.9765574045565103e-01	   6.4261551442462728e-01	   6.6586441186479783e-01	   7.1976275294895031e-01	   7.2547206994808278e-01	   6.8387410955526640e-01	   5.6056872281365577e-01	   5.1989781093664866e-01	   5.4877070619503043e-01	   2.5854681869253726e-01	   3.2156411996768075e-01	   6.0582234072693220e-01	   5.3197142712340861e-01	   4.8159482438943052e-01	   4.2533725658944949e-01	   2.9472180505954221e-01	   3.6592544113520831e-01	   3.9210506429726988e-01	   4.6309454863339394e-01	   5.9443779538616481e-01	   6.0700388774060354e-01	   5.1920948860492133e-01	   5.7347638909435183e-01	   3.2961948948099373e-01	   4.4008646681664876e-01	   3.1995791833646287e-01	   4.3730867735669915e-01	   8.3138508122859903e-02	   5.0989974475343626e-02	  -3.6454012173366752e-02	   1.1941334899689537e-01	   2.5270170331898222e-02	   2.8792333602817322e-01	   5.6805194729104680e-01	   5.1309079170558403e-01	   4.9581425626024439e-01	   5.4265638342093392e-01	   3.1998552405805947e-01	  -1.0134896147560377e-01	
