   0.0000000000000000e+00	   7.8985609177338145e-01	   5.3244450021018930e-01	   4.7062810844817615e-01	   4.7611986356751212e-01	   5.1784046181570775e-01	   4.1774783183641084e-01	   3.0631243480590353e-01	   3.4125726555509533e-01	   4.1534123593439565e-01	   6.7372054613445975e-01	   4.8100927166052804e-01	   5.5508460018855454e-01	   4.6362046939860468e-01	   4.8117970169406360e-01	   5.5618685525790801e-01	   6.5642530451641390e-01	   5.8937787291548971e-01	   7.6645095424385112e-01	   6.7183607714221494e-01	  -2.2055954675609092e-02	   2.9338614797101648e-01	   4.0484383706008586e-01	   2.7323958971694284e-01	   4.8008075135089978e-01	   5.6407427876418736e-01	   4.3324170122852607e-01	   3.9785127739677323e-01	   5.9954978451120211e-01	   4.9031104543076764e-01	   4.2980538465877161e-01	   4.2757189224310410e-01	   6.5871363896717439e-01	   5.5546436199654792e-01	   4.1460534706703600e-01	   4.4720938319500131e-01	   6.8158763040896020e-02	   8.9056220650354109e-02	   2.1955002455491271e-01	   1.7500127169814961e-01	   1.7883097336161849e-01	   3.3154636869620036e-01	  -4.0577031092516411e-02	   4.3707939486847890e-02	  -2.6254435695579470e-01	  -2.5586758352128874e-01	   1.1844477302073494e-02	   1.7739471621623226e-01	  -5.6764329122776652e-02	   1.1339974604546860e-01	   8.8432862985847543e-02	   3.4470645719131188e-01	   2.1697461141794883e-01	   2.4346107819731597e-01	   1.5700006531113650e-01	   2.1231476853789849e-01	   8.3260366000455899e-01	   6.5391082169576775e-01	   4.3365941876156577e-01	   2.4979742812127886e-01	   3.7649889459771657e-01	   3.4174358404587690e-01	   3.2601225490391289e-01	   5.7111059519978913e-02	   2.1582112172531351e-01	   4.6534519789730872e-01	   1.8904879595786844e-01	   1.2689488042651301e-01	   6.0330686718043358e-01	   5.7435872166203128e-01	  -9.4748431582551140e-02	  -1.3287165494354367e-02	   4.4648646188721053e-01	   2.9949237780996407e-01	   4.5000280887369115e-01	   4.1761971044618063e-01	   2.9150415765669901e-01	   3.0385174659081954e-01	   7.0193025458736380e-01	   6.6546020224980595e-01	   5.0168291359933925e-01	   4.3775020821320476e-01	   4.5686534050380001e-01	   4.1777429308853919e-01	   2.9691289855719533e-01	   3.0086060003320081e-01	   1.0907320282173535e-01	   1.8765267362948551e-01	   2.7886002790102299e-01	   2.3899575464678297e-01	   1.7662855017810311e-01	   1.7420904986251823e-01	   1.8654619241352904e-01	   8.5078167883336830e-02	  -5.5357160131291161e-02	   1.0336724506794959e-01	  -6.7293187815400807e-02	   5.3354549927897697e-02	   4.2525688695598654e-02	   1.4808255662014544e-01	   3.4252509438704726e-01	   3.3726404219577738e-01	   9.9356119396190018e-02	   2.1489492839497909e-01	  -1.8079256016676815e-01	  -2.9192946752367110e-01	  -7.1675802438661729e-02	  -2.6735068136002327e-01	   2.4845770284401023e-02	  -7.5516386946449729e-02	  -5.5948378618054850e-02	   3.2751127908881163e-02	   5.9294133235953589e-02	  -1.1645970143400630e-01	  -4.1387850769857426e-01	  -4.2262790045703480e-01	
   7.8985609177338145e-01	   0.0000000000000000e+00	   2.8508448238285489e-01	   4.8885335650702466e-01	   2.6164981393226749e-01	   4.4336210692220973e-01	   2.0287235954789201e-01	   4.0934814014595478e-01	   1.9375171695268256e-01	   3.3536886660258303e-01	   4.7974979685870089e-01	   5.3088876710678368e-01	   4.5617470880455990e-01	   4.8642350957353292e-01	   3.2546047713027793e-01	   4.8468818713737083e-01	   6.9607021110668255e-01	   7.0475395138974939e-01	   6.6296481406328800e-01	   7.4535546889733628e-01	  -4.5879818139999987e-02	   1.7520117959844902e-01	   1.5824009063398264e-01	   1.9744537905684895e-01	   2.1984042531843337e-01	   3.4476647058158921e-01	   2.9533983045785245e-01	   3.4171975093691664e-01	   6.0822855655705921e-01	   5.2667301749737250e-01	   3.4817684974914070e-01	   4.4660180030668195e-01	   7.0227128503022973e-01	   6.9571474671737543e-01	   1.3189176669473784e-01	   2.0734026709411296e-01	  -7.9183373035783572e-02	  -1.1156573647188851e-01	   6.2352865839313071e-02	   1.9709280358084842e-02	   8.8321018093163367e-02	   2.3264130501607216e-01	  -6.7380454805154352e-02	   3.8741250401624142e-02	  -1.6899269215032275e-01	  -1.2157561767046743e-01	  -3.3779079974998516e-02	   9.3669557348105753e-02	  -3.6660155458760474e-02	   8.6248419157586659e-02	   6.0376273230501376e-02	   2.0358250533310845e-01	   1.2712132508405849e-01	   3.7978993509184801e-02	  -6.0455399163600321e-04	   2.0107858883280854e-02	   8.5539834299770190e-01	   8.4597575400486646e-01	   3.0077836939299951e-01	   2.6047998226325619e-01	   3.2105177960982312e-01	   3.7052103613663590e-01	   5.0020010291858175e-01	   2.9561796643358318e-01	   2.9572481445696325e-02	   3.5122966909892023e-01	   3.0296675924495481e-01	   2.8929949787270531e-01	   6.6543311458477450e-01	   6.1449865407545501e-01	  -2.0933131189717516e-01	  -2.4404076048967627e-01	   5.0376703682153723e-01	   4.5448135143681800e-01	   4.2356432410327483e-01	   4.7693354348952954e-01	   1.4138141782831293e-01	   1.2748049347640583e-01	   7.2664451615149483e-01	   6.5915394735905153e-01	   5.8678640520130831e-01	   4.8132592273937441e-01	   3.4281272080379827e-01	   3.7815669213414382e-01	   3.4723286404042975e-01	   3.9078962104145565e-01	   4.9672742223240321e-02	   1.2987652474355135e-01	   2.7950462011435806e-01	   2.8648398424395671e-01	  -3.0483438657567752e-02	  -8.1904889076259535e-02	  -9.0314452222290172e-03	  -1.7122075905172773e-01	   1.0058766959013411e-02	   2.0462304559759859e-01	  -4.1447742312149599e-03	   1.3307820301610168e-01	  -9.3862534050130814e-02	  -3.2740386024447538e-02	   1.8476196071003906e-01	   5.1949838899319749e-02	   1.6425782163501579e-01	   4.8280546315944112e-02	  -2.2645509050395229e-01	  -3.1569870841478437e-01	  -1.0434812579382839e-01	  -1.3347681877473219e-01	   1.1383307244950680e-01	   1.1684268479934368e-01	  -2.2595419797849292e-02	  -9.2170394522195914e-02	  -1.3326213489592459e-01	  -7.2677811641425727e-02	  -3.2949797705006595e-01	  -3.5515059369461383e-01	
   5.3244450021018930e-01	   2.8508448238285489e-01	   0.0000000000000000e+00	   6.6301848776558847e-01	   7.5522228342358266e-01	   5.3046255129062503e-01	   7.7880474795609977e-01	   4.2465396956057988e-01	   5.2599121248778258e-01	   5.1645412066642016e-01	   3.7762900869175214e-01	   1.8742756085770501e-01	   3.5637676980718025e-01	   2.4648178598871739e-01	   7.3444762109375450e-01	   6.7881638268311506e-01	   1.9281641371525937e-02	   1.1024679002149476e-01	   7.0746106862062752e-01	   4.4741128553245568e-01	   1.5539503186194875e-01	   4.1795667727140645e-01	   8.0412248144931353e-01	   5.2826506354543246e-01	   5.7271326867890382e-01	   4.4284924553262184e-01	   6.7021494454880304e-01	   6.1287489447774646e-01	   2.0484924133894369e-01	   7.5195832027742826e-02	   2.4512733242802198e-01	   2.4532632002674420e-01	   2.5868873357361333e-01	   1.7013205511056723e-01	   5.1140874594143793e-01	   4.7143658365696495e-01	   1.3923275067774132e-01	   3.2834034052418681e-01	   5.0690467583222465e-01	   3.9171527016013163e-01	   2.3660707653835683e-01	   4.3021718922559382e-01	   2.3832924969097080e-01	   2.3381811902200483e-01	  -2.4605518484665773e-02	  -1.5188665571633276e-02	   3.2713168987359265e-01	   5.3580006926008905e-01	   7.7009833970733188e-02	   2.3022281269114150e-01	   2.5466105080533397e-01	   3.6149029699680357e-01	   5.4033079598835521e-01	   6.0081767244380491e-01	   4.4564178598238097e-01	   3.8083084610951146e-01	   3.2248297272859966e-01	   3.9857579771101803e-01	   7.0256465188125294e-01	   6.0776536501154432e-01	   2.9435220396300360e-01	   1.8248417308865028e-01	  -3.7141097548595112e-02	  -1.7610591408235590e-01	   5.1681680515751849e-01	   2.6003044125740438e-01	   4.9011618763403164e-01	   3.8169556671330263e-01	   4.0101234469879554e-01	   4.7238515792439706e-01	   6.1372082274435594e-02	   1.5344975160996649e-01	   3.4079875249411795e-01	   2.4166006871620088e-01	   3.9731959933120620e-01	   3.7997733347267332e-01	   4.8471692837812480e-01	   4.3721493278258106e-01	   1.2183345879942796e-01	   1.8389245648831420e-01	   1.4126867231944187e-01	   2.4151697108565959e-01	   7.0974217363884118e-01	   5.2879573322277262e-01	   4.5109034320227520e-01	   3.0205205069758723e-01	   5.9795267991513457e-01	   5.8673417720825383e-01	   5.5372201530971765e-01	   4.9731063739488757e-01	   6.1184767315279864e-01	   7.0592566844790494e-01	   6.2697061549493571e-01	   6.0026224656253047e-01	   2.3735720381337394e-01	  -1.0043780732451978e-01	   3.3620124986869337e-01	   2.4833893966653042e-01	   4.3681689815436564e-01	   5.0691016151601354e-01	   5.1064144563397007e-01	   5.2403444953811440e-01	   4.6156794509165872e-01	   4.7188727384317120e-01	   2.7134649469405070e-01	   1.5215031826538342e-01	   3.0546854725864320e-01	  -3.4717438049900406e-02	  -5.3252862707721060e-02	   1.9448209303592808e-02	   3.2872921014948792e-01	   4.6908068997743335e-01	   5.6466957806952944e-01	   3.8791283059463366e-01	   9.4672813079439727e-02	  -1.5368435846934764e-01	
   4.7062810844817615e-01	   4.8885335650702466e-01	   6.6301848776558847e-01	   0.0000000000000000e+00	   4.9283288886726390e-01	   5.8691080635000781e-01	   6.2151940553004070e-01	   8.0457488352418127e-01	   4.0598578978516525e-01	   5.5988485386261089e-01	   4.5994059019475225e-01	   5.7218913177535879e-01	   5.3686052190457723e-01	   5.2525388202985102e-01	   4.9915871072846030e-01	   7.0640160651517059e-01	   2.2170732094661308e-01	   3.6075014571061670e-01	   5.9267074362316785e-01	   5.5557251570493782e-01	   3.8366330404572296e-02	   2.9256942467275493e-01	   5.8761046439617615e-01	   7.2767755826728042e-01	   4.1905846150289106e-01	   4.8825656740769702e-01	   4.8474338339431461e-01	   5.3005059628936568e-01	   3.2933605136841182e-01	   3.2776437381458678e-01	   1.6470151838538938e-01	   3.7317539807401223e-01	   3.1165018996496557e-01	   3.7137579801841214e-01	   2.5259756865799632e-01	   4.3224167972783328e-01	  -4.9631665803022168e-02	   1.4955961853155023e-01	   3.3239464855477074e-01	   2.6918370834517064e-01	   1.2229771937655953e-01	   3.1554544314089106e-01	   3.2473926166867235e-02	   8.8591493312268302e-02	  -9.1587544516133712e-02	  -1.0896944719547480e-01	   1.4942756894056902e-01	   3.8487595563055788e-01	   8.9101094538894199e-02	   2.6626316069885003e-01	   2.2920694379255049e-01	   2.9881289075008866e-01	   5.0060277999424685e-01	   5.1672307901078007e-01	   3.7360638539089031e-01	   3.6497792608217017e-01	   5.0046306649434724e-01	   6.2709258880062346e-01	   7.0081586069227542e-01	   6.9890319083588914e-01	   3.8719625540393843e-01	   4.7083263498812988e-01	   2.2897202823273663e-01	   2.4980684476942902e-01	   2.4044693733532937e-01	   4.8327950194300762e-01	   4.5416064485096547e-01	   4.7224843355180590e-01	   3.7424499098190583e-01	   4.0326149333257089e-01	  -2.3427091407343564e-01	  -1.3475222352166538e-01	   3.9215295579204223e-01	   5.2853739717630732e-01	   3.6054443139050318e-01	   5.4098318924018318e-01	   1.7891792404935841e-01	   2.7744246898706126e-01	   2.4697024814206595e-01	   2.1310273309085118e-01	   2.4973433972993375e-01	   3.4970562198871202e-01	   5.7605073223552261e-01	   5.8088434648349829e-01	   4.8758276743475637e-01	   5.7624488313592703e-01	   4.9910184504883365e-01	   5.4709641288491673e-01	   6.5642715961378650e-01	   7.0784972522427569e-01	   4.5325229392020250e-01	   4.6176648560430344e-01	   5.5613042715349503e-01	   2.2926696067416932e-01	   2.3818126541523446e-01	   1.8650146683424956e-01	   2.0085209277647742e-01	   2.8393332782420255e-01	   3.1554735066546380e-01	   3.8867687080206870e-01	   5.1533995405296606e-01	   3.1137233565957007e-01	   4.1476553272394179e-01	   3.5597367887605846e-01	   1.8147558699714347e-01	   3.4626733263708603e-02	   2.5210237046737488e-01	  -3.4641859025751798e-03	   1.2925139431187349e-01	   9.7147034280825093e-02	   2.1870220352558656e-01	   3.4847352405535320e-01	   3.3622645673562146e-01	   3.1623430559357174e-01	  -1.3628680599641987e-01	  -1.9926070917939029e-01	
   4.7611986356751212e-01	   2.6164981393226749e-01	   7.5522228342358266e-01	   4.9283288886726390e-01	   0.0000000000000000e+00	   8.1306432786235705e-01	   6.1677749352731026e-01	   2.4336412556834430e-01	   8.2057790196357794e-01	   7.6616489476522065e-01	   3.4121918554382169e-01	   1.6886046599832749e-01	   3.8508312248792242e-01	   2.4199337541264981e-01	   8.6618326951477287e-01	   8.0682451826269408e-01	  -3.0247014363942271e-02	   6.0599214787079608e-02	   5.2070539292023899e-01	   2.4169535692259381e-01	   2.5529526528257018e-01	   5.0664747017717437e-01	   5.7753537378489939e-01	   2.6910249603365682e-01	   6.0394712923269545e-01	   5.1855365889052174e-01	   7.9431984585953130e-01	   7.9199725031951318e-01	   4.4017500098783149e-02	   6.0055752748616707e-03	   2.1595126992200087e-01	   1.6973646704522430e-01	   1.6658489139742852e-01	   1.0013471758743231e-01	   5.2875571449116188e-01	   4.9188071890074436e-01	   1.3286888153978088e-01	   2.2296303404945111e-01	   4.5177968172829236e-01	   3.2180409046149450e-01	   1.5381454870235023e-01	   4.2307650066781827e-01	   7.1109926293536768e-02	   5.3324064355147055e-02	  -2.7057934479571433e-01	  -2.8446943887353171e-01	   2.0016704137540733e-01	   4.0083351974327647e-01	  -1.9612187013084506e-01	  -1.1894780545011033e-01	   1.4300676744353030e-01	   1.7250622196872611e-01	   5.6640365458826736e-01	   5.6463820334560211e-01	   4.5386676440594165e-01	   3.7921163812639924e-01	   2.6478644189217498e-01	   3.0229447059827630e-01	   5.8531629318978773e-01	   4.3974811241699352e-01	   4.2026437671755235e-01	   3.9049535289982462e-01	  -1.5788606087618301e-01	  -2.1007083320438469e-01	   5.5107492299097005e-01	   3.1578936483606207e-01	   2.8771983950689978e-01	   1.9961676109877041e-01	   3.0544600485791823e-01	   4.2508226401305871e-01	   1.5580811486938170e-01	   8.2122844046214144e-02	   2.4430885244086659e-01	   1.8982245973352829e-01	   3.8363084274579518e-01	   3.8996537497512840e-01	   4.0020661598362212e-01	   3.3718592017378751e-01	   1.1472630169507431e-01	   2.5307153426733092e-01	  -2.7992322952424202e-02	   9.1784502701591997e-02	   4.9870438837569664e-01	   3.4027933435449970e-01	   3.2601422281468440e-01	   2.0372266359373978e-01	   4.0025587976808663e-01	   4.1176813708269505e-01	   5.5683825735789938e-01	   4.8060381303813332e-01	   5.6418991256405659e-01	   6.4051762029022286e-01	   4.9910206658421824e-01	   6.3694283600939228e-01	   1.1716125322824475e-01	  -1.4918281273641307e-01	   1.5498122315321650e-01	   1.1822963801036929e-01	   3.2711609712293543e-01	   3.3122871184437175e-01	   2.2458684157070058e-01	   3.7755723414309561e-01	   7.9357952114823813e-02	   1.4875854924693541e-01	   9.4501029605830844e-02	   1.1368793774473700e-01	   9.0005475243937150e-02	  -1.1949754074600255e-01	  -2.0017946229148123e-01	  -6.1028832303566614e-02	   1.4256965815730527e-01	   2.3483425686876941e-01	   5.1123427895753148e-01	   1.8571839214063673e-01	   8.3734275684961834e-02	  -6.5646300849114048e-02	
   5.1784046181570775e-01	   4.4336210692220973e-01	   5.3046255129062503e-01	   5.8691080635000781e-01	   8.1306432786235705e-01	   0.0000000000000000e+00	   5.0441195271878925e-01	   3.7107478688596157e-01	   8.1281782327431751e-01	   9.1110100785423986e-01	   3.6469183267033278e-01	   3.5915077244727101e-01	   4.5824720867631524e-01	   3.9482334342637682e-01	   6.9791080483334955e-01	   8.1570043114693569e-01	   8.3911417680976569e-02	   1.6128941401067162e-01	   4.8832384138431156e-01	   3.1228810307689531e-01	   3.1952515336893084e-01	   5.2872057642050829e-01	   3.5093567220588151e-01	   1.9001784417137074e-01	   4.9709089487613889e-01	   5.8153768544307716e-01	   6.6466861485294337e-01	   7.8703771582085369e-01	   1.8794284420302049e-01	   1.4376693396513365e-01	   2.9033405655227362e-01	   2.7927868522631438e-01	   2.8151759700551399e-01	   2.3043906128269093e-01	   3.5061729256256224e-01	   4.0741249803791191e-01	   1.0909074202112193e-01	   1.2835944883979419e-01	   4.1576530659361627e-01	   2.3472406890152414e-01	   1.6983896626927200e-01	   3.7829814450135013e-01	   8.5753713159783529e-02	   8.3286454787473055e-02	  -2.6173399808152092e-01	  -3.0012737866666966e-01	   2.1838393726104249e-01	   3.8872467500733188e-01	  -1.3185406649909445e-01	  -2.9719400569461318e-02	   2.4387579143089988e-01	   2.4630818254276651e-01	   5.6324192284874774e-01	   5.7209597930338529e-01	   3.9255313578018758e-01	   3.8583283061542722e-01	   3.9871924595095354e-01	   4.4472310501892731e-01	   5.8414020097816044e-01	   4.7283789444134089e-01	   4.2384742106504336e-01	   5.7564373052611950e-01	  -3.1267108111505980e-02	  -4.9986577800846962e-02	   2.6403428106705296e-01	   3.5639407361726971e-01	   3.3866393787221200e-01	   3.0415021479095899e-01	   3.4875029715455808e-01	   4.4215899052547025e-01	   2.5191217847812690e-02	  -6.6374899304961571e-02	   2.8466704064135007e-01	   2.8745660528120598e-01	   3.9212933035746467e-01	   4.1203097977309189e-01	   3.3021433578752135e-01	   2.9349779090937306e-01	   1.9051191649832594e-01	   3.0680808389929060e-01	   3.3636984792679181e-02	   9.5650981878433267e-02	   3.4834579347642686e-01	   2.4732157994643611e-01	   2.4513401650452574e-01	   2.6311117500996034e-01	   1.9998164662662504e-01	   2.5175364235688208e-01	   5.4866277176836387e-01	   5.5545551629397671e-01	   4.7281013692625318e-01	   5.1733534892701227e-01	   3.7202002891963049e-01	   4.0393690665028614e-01	   5.8722710143117036e-02	  -1.3083253645117124e-03	   1.0374166421085013e-01	   9.9171129686094123e-02	   2.9116018292582668e-01	   2.9628250719110005e-01	   1.5198573452452085e-01	   1.9849417688760412e-01	  -3.8447359509255957e-02	   7.2135444764776069e-02	  -3.0728065948721031e-02	   1.9410828033887606e-02	  -5.4639868413626273e-02	  -1.6398144784927982e-01	  -6.9235588556508021e-02	  -7.5545690321564326e-03	   1.1979444781818160e-01	   2.0697984314154960e-01	   3.8017018915218892e-01	   1.5217436820099289e-01	  -1.8219424204333111e-02	  -1.5533629013328440e-01	
   4.1774783183641084e-01	   2.0287235954789201e-01	   7.7880474795609977e-01	   6.2151940553004070e-01	   6.1677749352731026e-01	   5.0441195271878925e-01	   0.0000000000000000e+00	   6.7423129557782635e-01	   6.1231408611539329e-01	   6.0127989962957951e-01	   5.0243734294615860e-01	   4.1995269440550687e-01	   5.4345855488639772e-01	   3.7830188212162830e-01	   6.0654406298095265e-01	   5.4741013755509949e-01	   6.1271081336379429e-02	   1.2706067741331467e-01	   4.9093869581636829e-01	   2.7090143094508407e-01	  -3.5917089216439727e-02	   1.4715331622043201e-01	   5.8006502191172027e-01	   3.9062422711239425e-01	   3.0285079609211196e-01	   2.3917315791550087e-01	   3.6821127977470286e-01	   4.0853410115937278e-01	   3.2184855809629531e-01	   1.9038314630293240e-01	   2.3884193076778143e-01	   2.3701012939297067e-01	   1.4509876353007026e-01	   1.3546700446647153e-01	   3.1470097141094322e-01	   2.5929889912210058e-01	  -1.0864587557951697e-01	   7.7066750046200463e-02	   3.0977358948214850e-01	   1.7683323993112809e-01	   5.6411425868194906e-02	   2.0143485291767227e-01	   1.5544486328391896e-01	   3.2904703989668549e-02	  -2.3184609891434595e-02	  -4.9965228934224684e-02	   2.5225235770548149e-01	   3.6748089070633050e-01	   1.6058988705133809e-01	   2.4549422048549296e-01	   2.4254515430698637e-01	   2.5485409136012444e-01	   5.3506758521745312e-01	   6.1091551042290293e-01	   4.8932383739803631e-01	   4.8857246128925835e-01	   2.5206402758332946e-01	   3.3665440575210426e-01	   7.6676980364105529e-01	   6.1509210134729042e-01	   5.9100751171536259e-01	   4.7502446546801902e-01	   1.3844669452248901e-01	   1.1870681345415685e-01	   5.6039300667179859e-01	   3.7369578694077416e-01	   4.7687114887674897e-01	   3.4545561449485929e-01	   9.4182526623206905e-02	   2.0179819865546186e-01	  -3.5794644028633603e-02	  -3.6021583750366078e-02	   2.2179768890254806e-01	   1.3051517110129568e-01	   2.5460659948923470e-01	   1.3841883583657996e-01	   4.8578410373985281e-01	   3.6710207228634711e-01	   8.6609949685106408e-02	   1.3778282025488697e-01	   1.1897417025007515e-01	   2.4340628178457019e-01	   5.1525340587059243e-01	   3.7305676109120467e-01	   3.6163021697375652e-01	   3.6695008747331764e-01	   4.5267306369392291e-01	   4.1988370064411140e-01	   5.0444763672006732e-01	   5.3199923838421781e-01	   6.6252343270560954e-01	   6.3805260767791283e-01	   5.1071082758247399e-01	   4.4114284466933007e-01	   3.0394779368366603e-01	   2.1852072150420093e-02	   2.8217998687866952e-01	   1.7103985445204350e-01	   5.2706256158287279e-01	   5.3960953254557287e-01	   5.7468196112523873e-01	   5.4049890578698423e-01	   4.0708603876675231e-01	   3.8598365648547694e-01	   1.7884012564066612e-01	   5.4017601091118916e-02	   3.9781364681227110e-01	  -8.9776554607437359e-03	   3.5867241745989376e-02	   4.7543985233792482e-02	   1.7353157434003236e-01	   4.3661323484438436e-01	   5.2130960375514546e-01	   3.9663908255101271e-01	  -6.8956754808066070e-04	  -1.9343965930144663e-01	
   3.0631243480590353e-01	   4.0934814014595478e-01	   4.2465396956057988e-01	   8.0457488352418127e-01	   2.4336412556834430e-01	   3.7107478688596157e-01	   6.7423129557782635e-01	   0.0000000000000000e+00	   3.3343810064986040e-01	   4.5846736503401087e-01	   5.0767742054178844e-01	   7.5969432805879600e-01	   6.3498745016555003e-01	   5.9421370928803685e-01	   3.1457194565474966e-01	   4.8201130015632970e-01	   3.2096833474535535e-01	   4.4448516414638584e-01	   4.5620019607346957e-01	   4.9549509216467463e-01	  -1.6825029936778163e-01	  -6.9670421180383565e-03	   3.9403429525414374e-01	   5.7377846815476619e-01	   7.3629460721671744e-02	   1.6760883250514172e-01	   8.2914384710189443e-02	   2.0358510626714682e-01	   4.9968447533030913e-01	   4.7448946714909745e-01	   1.7230329576928127e-01	   4.1628750165858142e-01	   2.9629928782053838e-01	   4.3122817025365656e-01	   1.4261711267884539e-01	   2.6121425459293146e-01	  -2.7431204430140443e-01	  -2.6725496182938239e-02	   6.0775373087283834e-02	   7.1575930639716526e-02	   2.3402898179966734e-02	   1.5464765332523836e-01	  -8.3553761722012801e-02	  -7.5248928317419445e-02	   4.2019994486992389e-02	   1.1809388502351931e-02	  -1.4229358613447571e-02	   1.6237211170769583e-01	   1.1254173655286709e-01	   2.6986106444878588e-01	   1.4326513732407076e-01	   2.0863950529891379e-01	   3.5629420270886991e-01	   3.8941669340940954e-01	   2.7801054504800299e-01	   3.4629975084349351e-01	   4.0405751911157678e-01	   5.3667464192429315e-01	   5.6080712567309554e-01	   5.3845839026857090e-01	   5.5580974839550656e-01	   6.1296166146173481e-01	   4.9226168620358501e-01	   5.8850116837884503e-01	   2.5476720322392465e-01	   4.7965502305258034e-01	   4.8566464409905002e-01	   5.1335296062914804e-01	   1.9149743913185324e-01	   2.1100200956701060e-01	  -2.9923256728977571e-01	  -2.4942559402089914e-01	   3.8832886940874689e-01	   5.3399376535878695e-01	   2.8963882230967841e-01	   3.6284358141956607e-01	   2.7283627166570212e-01	   2.6935555607294071e-01	   2.4984446065535773e-01	   1.9967878071398054e-01	   2.9646896556631486e-01	   4.2012805825055316e-01	   4.3404085220238986e-01	   4.7110999231664114e-01	   4.5026764993560975e-01	   6.5261402860962092e-01	   3.3295344883755090e-01	   3.4868284765693841e-01	   4.4134658786966707e-01	   5.7574034463881385e-01	   3.6472220052963666e-01	   3.2105984465214399e-01	   4.0308285567713575e-01	   6.3769464059585806e-02	   2.8423415939725455e-01	   2.4031448064829880e-01	   1.8953600410923124e-01	   2.4696627160883455e-01	   2.6945176940117377e-01	   3.3907147708878838e-01	   5.1138557083589975e-01	   2.5771003296679201e-01	   4.3366625254090285e-01	   2.7960716909973454e-01	   8.4077413638107223e-02	  -9.9047195965214524e-02	   2.2720461221282823e-01	  -2.0697362332086858e-03	   2.3471698999044902e-01	   2.1185150735626637e-01	   1.4368307571144770e-01	   2.9939879789594337e-01	   2.4778154178259484e-01	   2.8132012242713966e-01	  -1.6396635485004596e-01	  -1.9468929858709136e-01	
   3.4125726555509533e-01	   1.9375171695268256e-01	   5.2599121248778258e-01	   4.0598578978516525e-01	   8.2057790196357794e-01	   8.1281782327431751e-01	   6.1231408611539329e-01	   3.3343810064986040e-01	   0.0000000000000000e+00	   8.8847080441634652e-01	   3.7168350811604300e-01	   2.6502098250080613e-01	   4.0911632718964236e-01	   1.6407414653851438e-01	   7.8379810046794729e-01	   6.8993689155486004e-01	  -6.9168250313715818e-02	   3.3324952234971450e-02	   3.5972149083978011e-01	   1.2436500673477523e-01	   2.5190587546016469e-01	   4.7674950948340244e-01	   3.6806650690380227e-01	   1.3611521569692783e-01	   4.1360434103794719e-01	   4.3529528595206463e-01	   6.0759459036632757e-01	   7.3300697015096494e-01	   5.3307640777702003e-02	   6.7933088174371520e-02	   1.3949267856010550e-01	   1.0333705499654863e-01	   6.6114172903085217e-02	   4.0151446779365316e-02	   3.8865920179669283e-01	   4.0381226967356304e-01	   7.4886094030216066e-02	   1.5008876944901314e-01	   4.0685671729665857e-01	   2.9606076779114837e-01	   1.1226311062823084e-01	   4.0595542682593050e-01	  -1.7790970584452316e-02	  -1.1115353558671834e-01	  -2.3030976569765260e-01	  -3.0865507412451287e-01	   9.4963323457298909e-02	   2.3466242561330664e-01	  -1.9503376155129554e-01	  -1.7639237092080562e-01	   1.2535281281146654e-01	   6.0600958453446874e-02	   4.3301867522085491e-01	   4.4555327309381793e-01	   4.0284354923737797e-01	   3.6119006986976471e-01	   1.7351724341480002e-01	   2.3069889107513103e-01	   4.8790692833194144e-01	   2.8044764045602139e-01	   4.9483100216862075e-01	   5.1197236885300401e-01	  -4.6824068073663454e-02	  -9.0381780853062421e-03	   4.4100472023556719e-01	   2.9023714898017972e-01	   2.9731595069380062e-01	   2.2585606928707025e-01	   1.4646639515693491e-01	   2.8359563697419593e-01	   6.4061413303105261e-02	  -8.7145171026019153e-02	   1.6783669450310734e-01	   1.9137831954484255e-01	   3.8320035124849766e-01	   3.5417086775415330e-01	   4.0528434456183232e-01	   2.1450297957190406e-01	   7.2463693875524454e-02	   2.2204455811727775e-01	  -2.1620156460306648e-02	   1.5371036244884267e-01	   3.5162012842803408e-01	   2.8012777774164455e-01	   2.6760478223751127e-01	   3.2161234076007750e-01	   3.1131969219780564e-01	   3.5719399057906270e-01	   4.9463306971426152e-01	   4.6303182278156729e-01	   4.8219904015740978e-01	   5.3719077443895180e-01	   3.7947944856800203e-01	   5.2809074497361308e-01	   1.5057461359665245e-01	  -7.0459753872921624e-02	   1.2492703107319791e-01	   9.0129154692303426e-02	   2.9982603997869284e-01	   2.6400977316629837e-01	   1.4622825172445941e-01	   3.3753160914564595e-01	  -7.2279081864870705e-03	   6.7192036752701356e-02	   4.9945951384679360e-02	   5.0789890019819137e-02	   5.4993652573842963e-02	  -1.5757566629923467e-01	  -8.7194546346627266e-02	   8.6992085844053678e-03	   6.4046595061009334e-02	   1.6661434046994703e-01	   4.3955853056423611e-01	   1.4746075635066425e-01	   1.1438422847487017e-02	  -6.8973842178971678e-02	
   4.1534123593439565e-01	   3.3536886660258303e-01	   5.1645412066642016e-01	   5.5988485386261089e-01	   7.6616489476522065e-01	   9.1110100785423986e-01	   6.0127989962957951e-01	   4.5846736503401087e-01	   8.8847080441634652e-01	   0.0000000000000000e+00	   3.3141374703592208e-01	   3.3219252888211498e-01	   3.9963000004956750e-01	   2.6947520090988369e-01	   7.2311404333664975e-01	   7.6986476590038944e-01	  -1.4825346965848326e-02	   9.0647341801541451e-02	   4.7123145035798475e-01	   2.8974581509196862e-01	   2.9798482684853539e-01	   4.8494318228976774e-01	   3.4426334147902593e-01	   2.0595222504314531e-01	   4.2962349555124668e-01	   4.8732763772459381e-01	   6.4763901437215254e-01	   7.9012885369568442e-01	   1.5878438739909892e-01	   1.3255145453516787e-01	   1.9483335729247081e-01	   2.2717593073494813e-01	   1.6992770888863973e-01	   1.5441734978946903e-01	   2.7169301686056307e-01	   3.5292367423866289e-01	   8.3382634204889380e-02	   1.1920686683881254e-01	   4.5502302130975697e-01	   2.5503079482855884e-01	   1.3429146938050887e-01	   4.0976351204429928e-01	  -1.0284218077220035e-02	  -4.2634385412169080e-02	  -2.9682934563619656e-01	  -3.2753550957585637e-01	   1.4548799479862712e-01	   3.0159985983137522e-01	  -1.7913331381109088e-01	  -5.9367001906737556e-02	   1.8302044059771050e-01	   1.5710777195742151e-01	   5.2865704582663198e-01	   5.2948168426356346e-01	   4.0000489278103379e-01	   3.7469419509213320e-01	   2.9052850797297286e-01	   3.9706088581190901e-01	   5.6550027901441757e-01	   4.4965695446007542e-01	   4.5426398770514453e-01	   5.7342829902594838e-01	   1.1738520157709190e-02	   7.0200140289869706e-02	   2.7540851070910727e-01	   2.9667000595303650e-01	   3.7551635976549746e-01	   3.3395563710738163e-01	   2.8980993942955396e-01	   3.8591797033812147e-01	  -1.6091832021162222e-02	  -1.3728708822355229e-01	   2.6644887686458624e-01	   2.6941959105521529e-01	   4.1095884910633285e-01	   4.0687593774871128e-01	   3.4129007333697226e-01	   3.1575386897000379e-01	   8.3724375111083049e-02	   2.2995431621201379e-01	  -4.8439431352678836e-03	   1.1415714537897644e-01	   3.2674014851028982e-01	   2.5241983646573718e-01	   2.5928316680192370e-01	   3.2750113009084919e-01	   2.8357494004376665e-01	   2.9947611144863584e-01	   5.7710908959232921e-01	   5.8709695280410357e-01	   4.9551271889432813e-01	   5.3210863469364866e-01	   3.6991434810586582e-01	   4.0960784734757649e-01	   1.6906465529707071e-01	   3.2573758882429728e-02	   1.5427572127457267e-01	   1.3451461251513960e-01	   3.3890261147506684e-01	   3.1473473090978699e-01	   2.1679274031735829e-01	   2.8581586447949942e-01	   4.4845906226495993e-02	   1.5210100183364192e-01	   6.8411725718305269e-02	   9.7949009448373175e-02	   2.7106359206644979e-02	  -1.1564771037116262e-01	  -4.1647392067921188e-03	   8.1308615584467475e-02	   1.6443913071957808e-01	   2.9413189841071996e-01	   4.2852644338379148e-01	   2.1852120399146857e-01	  -1.2706894634267971e-02	  -1.2526745795076877e-01	
   6.7372054613445975e-01	   4.7974979685870089e-01	   3.7762900869175214e-01	   4.5994059019475225e-01	   3.4121918554382169e-01	   3.6469183267033278e-01	   5.0243734294615860e-01	   5.0767742054178844e-01	   3.7168350811604300e-01	   3.3141374703592208e-01	   0.0000000000000000e+00	   7.8996090092400451e-01	   8.6145300530258240e-01	   6.8952891615928169e-01	   4.8435041591762690e-01	   4.4479175307859964e-01	   6.3588653150201080e-01	   6.3265820303857878e-01	   4.6516480542907779e-01	   3.8472383520056974e-01	  -9.2019936471459021e-02	   1.9945221347717720e-01	   4.6796350703801959e-01	   3.7098564054260075e-01	   3.8410485638458647e-01	   5.1361128690236346e-01	   1.9149243002920469e-01	   1.8724017399915557e-01	   7.0304131816882387e-01	   7.0704568150569624e-01	   4.5397491185540240e-01	   5.3069195178699224e-01	   5.0674080235089636e-01	   5.0493795123618168e-01	   4.8460495161618311e-01	   4.9925836857899514e-01	  -9.5435881629124641e-02	   2.4854634023577810e-02	   7.9479951448830868e-02	   1.7455958573219468e-01	   1.4410115532412227e-01	   3.6124721631570234e-01	  -1.5207088760585868e-01	  -1.5268258205481622e-01	  -1.5401574665815637e-01	  -2.2952575809699255e-01	  -9.7107139908928025e-02	   3.8779287227491153e-02	   9.2932262803014837e-02	   1.7929339843223663e-01	   1.3861236563373749e-01	   3.2283746279115200e-01	   2.7514507739770444e-01	   3.1429972644689597e-01	   3.4508004053408436e-01	   4.3351488217881096e-01	   5.8944186482851069e-01	   5.0339548615927132e-01	   4.6647510561691807e-01	   2.1116296505191989e-01	   6.9514339494482125e-01	   5.9542010864815964e-01	   5.2407189623034933e-01	   3.5095301119675637e-01	   5.0665253288344658e-01	   7.7402202363580019e-01	   1.7356899976087536e-01	   1.7354459065246228e-01	   1.7647280444726410e-01	   1.7627307332092640e-01	  -1.5404925560312263e-01	  -1.2012556536934889e-01	   4.2800257537798758e-01	   3.6700481874426399e-01	   4.5739525507930812e-01	   3.6472431531232929e-01	   2.5306503972167660e-01	   2.4543568934186177e-01	   6.0763374084246680e-01	   5.4304292948032495e-01	   5.3780817095047284e-01	   5.3992485288435454e-01	   5.3387142560459999e-01	   4.8801889286061262e-01	   4.6747786886178239e-01	   5.3350759331517617e-01	   2.5854695582525028e-01	   2.4991435166009940e-01	   2.5438450295889525e-01	   2.9637252869631048e-01	   2.9740437018905841e-01	   1.5109801979417520e-01	   2.2527938801323311e-01	   4.0592701696011216e-02	  -3.9509550057881336e-02	   1.4370251681955348e-01	  -1.1995877741577400e-01	   2.1926878002410270e-02	   1.7879341288228884e-01	   2.1783166944777016e-01	   3.3964316786791510e-01	   2.4090991932099487e-01	   5.0412561825721458e-02	   6.0423867340731435e-02	  -2.2775568655912956e-01	  -3.7319021547675846e-01	  -1.3201984124171767e-01	  -3.4633031270912401e-01	  -5.2978720319741150e-02	  -1.8348302797473615e-01	  -2.0160843679837254e-01	  -2.6944143781046884e-02	   1.5806153210325538e-01	  -1.2818334939231324e-01	  -3.8932338733538163e-01	  -3.8925782411168397e-01	
   4.8100927166052804e-01	   5.3088876710678368e-01	   1.8742756085770501e-01	   5.7218913177535879e-01	   1.6886046599832749e-01	   3.5915077244727101e-01	   4.1995269440550687e-01	   7.5969432805879600e-01	   2.6502098250080613e-01	   3.3219252888211498e-01	   7.8996090092400451e-01	   0.0000000000000000e+00	   8.5793778104263407e-01	   8.3271764497629697e-01	   2.9018734538438534e-01	   4.2288393357350412e-01	   5.6698975384232209e-01	   6.2004154392683331e-01	   3.4757051882610934e-01	   3.9773325693183498e-01	  -1.9006005651653995e-01	   2.9913100947728755e-02	   2.8828231775346053e-01	   3.7958149882984010e-01	   1.3812078528988075e-01	   3.2108979164520579e-01	  -2.4354555449533802e-02	   5.7691799881156816e-02	   6.4997935765963788e-01	   6.9429104930057939e-01	   3.5069424590765097e-01	   5.2106349687239950e-01	   4.2212267481240223e-01	   5.1349811858530470e-01	   2.2808716295494091e-01	   3.1161147226556196e-01	  -2.4906500498225659e-01	  -8.4443132681101263e-02	  -1.0384187024824092e-01	   3.8563394500956860e-02	   3.0942195375687147e-02	   1.8849206660409695e-01	  -2.1477886455356873e-01	  -1.7537963259880970e-01	  -7.7894730388830602e-02	  -1.3804166550277139e-01	  -1.9934326704816496e-01	  -4.8381877017236542e-02	   5.9065623770440806e-02	   1.7616261652027615e-01	   5.6411577655564316e-02	   2.0663654639665974e-01	   1.9940852645444651e-01	   2.3342593666162453e-01	   1.8335704221096652e-01	   3.2510030281549257e-01	   5.1644245455313587e-01	   4.9579095659931438e-01	   3.6129859218639271e-01	   2.6159803360281253e-01	   6.1418915306757382e-01	   7.4463085568885690e-01	   5.1774921756451964e-01	   5.4540338783404119e-01	   2.5896784928349403e-01	   6.9252953750147372e-01	   1.4693348836535455e-01	   2.3506569044270009e-01	   1.2508351326386219e-01	   1.0339473063322888e-01	  -2.3458376939223424e-01	  -2.3202798371550867e-01	   3.6333889404725850e-01	   4.7353627925126540e-01	   2.9789382698609063e-01	   3.2732894772475263e-01	   1.6069886420623958e-01	   1.4843024373180175e-01	   4.8203001682572061e-01	   3.7551450254957319e-01	   4.1358577394059565e-01	   4.7603886749025581e-01	   3.9076144112262778e-01	   4.3648719784555245e-01	   3.3356681283452178e-01	   5.7366286732843996e-01	   1.1677226842610239e-01	   1.6484185312843183e-01	   2.0571785247610669e-01	   3.2218786261595472e-01	   1.7670028347700284e-01	   8.2686767329967784e-02	   2.3810250336077590e-01	  -6.4054023487646050e-02	   6.0614088731424376e-03	   1.7794903441447540e-01	  -1.0507275048007741e-01	   7.4326561737194236e-03	   6.4136422135954149e-02	   1.2179513916848878e-01	   3.3930554944428237e-01	   8.0517963768400994e-02	   9.1672698663007243e-02	  -5.6386606007622023e-03	  -2.2853286079267948e-01	  -3.6614939724861439e-01	  -1.2162170844965609e-01	  -2.3658933777554439e-01	   8.3995302132535588e-02	  -5.5369914179473734e-02	  -1.9417741948846068e-01	  -6.8497085612295533e-02	   3.2258203918784790e-02	  -1.1880862159205563e-01	  -3.7398188433075297e-01	  -3.3506944624500978e-01	
   5.5508460018855454e-01	   4.5617470880455990e-01	   3.5637676980718025e-01	   5.3686052190457723e-01	   3.8508312248792242e-01	   4.5824720867631524e-01	   5.4345855488639772e-01	   6.3498745016555003e-01	   4.0911632718964236e-01	   3.9963000004956750e-01	   8.6145300530258240e-01	   8.5793778104263407e-01	   0.0000000000000000e+00	   8.4316444635040677e-01	   4.4550816834301643e-01	   4.9047729073840129e-01	   5.4361810564245916e-01	   5.6233960526691840e-01	   3.8171208448877719e-01	   3.1745908064836814e-01	  -1.0243651646361665e-01	   9.2158290412284932e-02	   3.9269803330006758e-01	   3.3627254551964492e-01	   2.2580294678759760e-01	   4.0052577880405338e-01	   1.1057066044631164e-01	   1.5673128704133388e-01	   6.6218774455987917e-01	   6.0234233139536686e-01	   5.0709419775874687e-01	   5.4830689876512018e-01	   4.1181573267673588e-01	   4.6984350781249162e-01	   4.0139987905996954e-01	   4.5424870170908210e-01	  -2.1225526693679131e-01	  -4.9567118028844934e-02	  -6.5860895397610753e-02	   4.8079169606619024e-02	   9.2060625084476322e-02	   2.3874637389639602e-01	  -1.5986215529212155e-01	  -1.7519542935695559e-01	  -1.3340881893193426e-01	  -2.2617480317631466e-01	  -1.5898627355066053e-01	   1.5699742728087943e-02	   5.2252274410059918e-02	   1.0515881976605865e-01	   1.0652423050108885e-01	   2.7116244215120544e-01	   3.4195383899540743e-01	   3.9240055580610150e-01	   2.3528258269244046e-01	   3.4736241840232707e-01	   5.3824086076380284e-01	   4.7030670009397602e-01	   5.1298876630118118e-01	   3.2008330356645315e-01	   7.0633199873912833e-01	   7.2179777117303578e-01	   4.0385203392826852e-01	   2.8622700936226653e-01	   4.7163493701849574e-01	   7.0521720722939141e-01	   1.8868586405846555e-01	   1.9676696498290008e-01	   9.4460708114822059e-02	   1.2734152706910845e-01	  -6.8152017573020071e-02	  -8.0126958310200488e-02	   4.7279122673847374e-01	   4.2974407446546370e-01	   4.4359903114140642e-01	   3.9506959773476963e-01	   2.8671283052679064e-01	   2.4945856554558610e-01	   5.1212888287828739e-01	   4.7452087373595342e-01	   3.6198652942247966e-01	   3.9703091074634345e-01	   4.0514777896849286e-01	   4.1266855441498851e-01	   2.9803754275144867e-01	   4.3673435373640168e-01	   6.3872876807036932e-02	   1.2560752044254686e-01	   1.9039051210433167e-01	   2.8657167873288819e-01	   2.5644506447681897e-01	   1.3711227786892921e-01	   1.9123495190461490e-01	   2.6315211523929023e-02	  -6.8522964688354060e-02	   1.1941085474705662e-01	  -1.8463138337001817e-01	  -7.6055684833984699e-02	   5.9159256364732196e-02	   9.2505498281042250e-02	   2.9587856213138658e-01	   1.3426339884433838e-01	   1.8890157194468946e-02	  -7.0382839099994793e-02	  -3.0595223512583014e-01	  -4.0443989619110599e-01	  -1.9717685858707523e-01	  -3.3430212363934714e-01	   5.8778305301696608e-02	  -1.6179522484707110e-01	  -2.6039081026098487e-01	  -1.0004937756725300e-01	   1.2030949660186262e-01	  -1.2889533189828817e-01	  -3.5545395359794413e-01	  -3.6711713578311267e-01	
