   0.0000000000000000e+00	   8.1102622994835905e-01	   7.8424920661335762e-01	   6.0386321438392287e-01	   6.9387651651570614e-01	   5.9775517437789261e-01	   7.2072193917764515e-01	   6.2924083507880135e-01	   7.7776809754223575e-01	   6.7939375859659190e-01	   7.9694212953027899e-01	   7.5828397248296664e-01	   7.6872921663418525e-01	   6.6487604526126520e-01	   7.3647452917223855e-01	   6.8731653021264527e-01	   3.9867472169327356e-01	   4.3633370843773001e-01	   8.4417512550662177e-01	   7.3194548900025869e-01	   8.6415276344823655e-02	   3.3611358284335086e-01	   5.7242146491283585e-01	   5.8431118402724569e-01	   3.6455791515463576e-01	   3.2075330259934648e-01	   4.9463833518958772e-01	   4.5692682168817711e-01	   2.0128803724084915e-01	   3.4188913571993435e-01	   2.3495899210053944e-01	   2.2666130903322265e-01	   5.7946150564293841e-01	   5.1685971285238930e-01	   3.6162037384869988e-01	   4.2711572131942421e-01	  -1.3070159509696147e-01	  -1.9393509980547508e-01	   1.6352859471041831e-01	   8.0716230416042770e-02	  -3.0007284421322820e-03	   1.4023532195446236e-02	   4.1864797638010010e-01	   1.1555119037202308e-01	   1.0315823602171079e-01	   2.1172741299211723e-01	   5.1672705800796159e-01	   2.9779317399920446e-01	   7.5250297818005973e-01	   5.7237205979718131e-01	   7.3087776863509313e-01	   6.1414469450639886e-01	   7.8863753209188259e-01	   7.7092557516704341e-01	   7.3524142160260531e-01	   6.8740544984129148e-01	   8.6239948038921932e-01	   7.4681926841361468e-01	   8.1732602108795893e-01	   8.2808873358225787e-01	   8.0252748974563159e-01	   6.5088261545453741e-01	   5.3846901132608838e-01	   4.6778382333480745e-01	   4.5365781522114967e-01	   3.9434142830575719e-01	   6.8655403342067856e-01	   3.8885849142887696e-01	   7.9161940212635007e-01	   5.5448163403108430e-01	   2.0924164476086021e-01	   3.6049106379379958e-01	   7.0707385808618817e-01	   6.4874511342748731e-01	   6.0442464393688311e-01	   6.7829339634856112e-01	   6.0561563458044976e-01	   5.2256762210366614e-01	   2.5985670939096583e-01	   6.0611731657643220e-01	   5.5297229693711458e-01	   6.4567897413322128e-01	   4.7410023285524627e-01	   3.9281272948021762e-01	   7.6550428263976855e-01	   5.6148701530480938e-01	   1.6886884366692800e-01	   3.0858754390058929e-01	   8.0749428542512458e-01	   8.0958759742602004e-01	   5.6461417878701381e-01	   5.8045358371721001e-01	   4.9137301582999149e-01	   5.3633989443979302e-01	  -2.9610613750892190e-01	  -1.5371323873483642e-01	   3.8802065432502142e-02	   3.3938060354571109e-01	   6.3971919391260001e-01	   6.6058127455835935e-01	   4.9357137508536042e-01	   7.0651945448754871e-01	   3.8406562278433121e-01	   5.6863259262446031e-01	  -1.3974992945859935e-01	   1.5812552427775067e-01	   1.3169572238356153e-01	   1.7155274983281418e-01	  -3.9721474701875431e-01	  -3.1497948248260121e-01	   3.2175431157735185e-01	   4.3168140242140252e-01	   5.7486873074090594e-01	   3.9256673279550452e-01	   5.5586033081501784e-02	  -2.7875822617496859e-01	
   8.1102622994835905e-01	   0.0000000000000000e+00	   5.6434685727375100e-01	   4.7643153299819213e-01	   4.9410501873447710e-01	   4.9327841631320146e-01	   4.8636447294432117e-01	   5.0072159469188016e-01	   5.8738021086711356e-01	   5.3435088923488694e-01	   7.2939147807767113e-01	   7.0220967196243844e-01	   7.2475943797855558e-01	   6.5649792338150770e-01	   6.7738925212731149e-01	   7.1223641056892717e-01	   4.8702546878466724e-01	   6.2360314103240788e-01	   8.0001670074887443e-01	   8.0630621544552461e-01	   2.6929929646514950e-01	   4.7099270409971128e-01	   4.5877774084074119e-01	   5.3989158191925912e-01	   3.0552086542201634e-01	   3.3078979328246744e-01	   4.3037007704588531e-01	   4.5400233288551561e-01	   3.8673205599688892e-01	   5.5209379270549253e-01	   2.2689713236569087e-01	   2.5055180142486111e-01	   5.5098739411214304e-01	   4.9731996561025910e-01	   9.3212171744629951e-02	   6.1166985191687284e-02	  -9.9448483731841550e-02	  -2.3806208828009870e-01	   1.4947115993658877e-01	   2.7541796480751560e-02	  -1.5001045149258280e-01	  -1.2314367657259191e-01	   4.3844071594643119e-01	   2.2834429520648153e-01	   7.2556261773262298e-02	   1.7547350518424654e-01	   4.9239370766643809e-01	   3.0902245789874200e-01	   6.0437279389576237e-01	   3.9374587046621357e-01	   5.0552601174106393e-01	   4.0246791743176563e-01	   5.9083995134797385e-01	   5.3824621196165290e-01	   6.5549192631628916e-01	   5.9768910751293669e-01	   8.1399791652437092e-01	   7.9533515722428083e-01	   5.5723465628825419e-01	   5.7789508586176219e-01	   5.2820949398783057e-01	   3.9881301035354150e-01	   4.9256170971045132e-01	   4.9580465718523559e-01	   1.2214240879780572e-01	   8.3972068470213518e-02	   3.8485085811178599e-01	   1.2798440731639113e-01	   6.6360287027155040e-01	   4.0456703143452610e-01	   5.0968035954035859e-02	   3.1872708312396242e-01	   6.6710341038127918e-01	   6.6877291843796005e-01	   5.5694415695486421e-01	   5.7478198842129435e-01	   4.5582630441594629e-01	   3.7154287789269136e-01	   3.5387958167815625e-01	   7.1334971389629365e-01	   6.1473745572913385e-01	   6.6402870162168137e-01	   4.2841403774171893e-01	   4.7249150493545455e-01	   6.3480403780682759e-01	   3.8673899305532156e-01	   1.0871664178450002e-01	   3.2209354496824039e-01	   6.0716773036992688e-01	   5.7952218857365834e-01	   3.0403128368178278e-01	   3.4655358977218870e-01	   3.1954026404301239e-01	   3.6465367913043778e-01	  -1.3691681117675922e-01	  -1.6932563800964973e-01	   5.5159542425573721e-02	   3.0668880243335150e-01	   6.1262836989916525e-01	   5.9303810286302849e-01	   3.8575119297089960e-01	   4.9523675429788033e-01	   3.2524890089696307e-01	   5.0458799792959852e-01	  -1.1469737198446059e-01	   2.6049892475117666e-02	   8.4476106664360590e-02	   6.5067531430325856e-02	  -2.1730488681420607e-01	  -2.3352238636472678e-01	   1.6661773717281755e-01	   4.6409471623323445e-01	   6.5607650597765799e-01	   4.1867345345947421e-01	   2.1184677885877184e-01	  -7.8080426321274349e-02	
   7.8424920661335762e-01	   5.6434685727375100e-01	   0.0000000000000000e+00	   6.5795955568801223e-01	   6.8071162800479224e-01	   4.7136029108542205e-01	   8.4510025065349936e-01	   6.0549350975418070e-01	   7.3812794864933262e-01	   5.3836945403281677e-01	   5.4692806576175135e-01	   4.1424494633872588e-01	   6.4625998819756680e-01	   4.5704708266716043e-01	   7.2232583180629684e-01	   5.8867530055447803e-01	   3.3134565005417294e-01	   3.0622026330271279e-01	   7.7302159614720733e-01	   6.8957590913788969e-01	   1.7672467658266994e-01	   3.0759411333698489e-01	   7.7414789076123292e-01	   6.6475652615052860e-01	   5.3831523398654368e-01	   4.1267036173542537e-01	   4.9180203237017733e-01	   4.3707737857850171e-01	   1.2555667743003035e-01	   1.2203632767828458e-01	   2.1566298934558503e-01	   1.4286054702213447e-01	   5.8963797114420258e-01	   4.7902832452834787e-01	   5.8458107543807114e-01	   5.5674691884836347e-01	  -2.1749353659413034e-01	  -2.8891758120342037e-01	   2.3906703463638884e-01	   1.0590869881157901e-01	  -9.1940920207336893e-02	  -6.3502810332978386e-03	   5.2018051623374040e-01	   2.2848065050000754e-01	   3.0107329777794800e-01	   3.3295461718133923e-01	   5.3429830156743474e-01	   3.5229537160369034e-01	   6.1604183834945636e-01	   6.0618026207900244e-01	   6.3883467071625755e-01	   5.3900223898156840e-01	   5.8589763153626762e-01	   6.4609284548471102e-01	   5.9523473271799276e-01	   5.8364123868524698e-01	   5.8695456311872940e-01	   5.3514864687482810e-01	   6.2128523325038765e-01	   6.4798726313265465e-01	   6.3672803831074143e-01	   3.5392931870678795e-01	   4.1666965921142174e-01	   2.9900014939877290e-01	   5.8139219129234143e-01	   4.8225905845735001e-01	   7.9046161672883986e-01	   5.8333771265001233e-01	   7.0545626058001998e-01	   6.4178828980191804e-01	   1.7658607972865667e-01	   1.9326800403290542e-01	   5.3440515947644340e-01	   4.7346295282577655e-01	   4.2798224489496928e-01	   4.2348025111821230e-01	   3.0530776242710833e-01	   2.6708267537503427e-01	   2.4413833466535570e-01	   4.6029951887358539e-01	   4.4194959817448654e-01	   4.8090522280182035e-01	   4.4463342411213169e-01	   2.6720556162894177e-01	   7.5764710619989550e-01	   5.7311960494420977e-01	   3.3889493403198256e-01	   2.7990266584060347e-01	   7.4436179075183651e-01	   7.3869039374250478e-01	   6.2510087076144705e-01	   7.1063955045787508e-01	   5.3240345929886645e-01	   7.5862846175410592e-01	  -1.1519660100458082e-01	  -2.7091533556085140e-01	   1.1804390560625538e-01	   2.5736437680616447e-01	   5.2589204773229659e-01	   5.7117207475533349e-01	   3.9295446539668200e-01	   6.8807230350184101e-01	   3.8252759212861842e-01	   5.1924372714018052e-01	  -1.7222264619088639e-02	   2.7674405014404646e-01	   1.2206408557849252e-01	   2.9369957145316578e-01	  -1.7394574878160202e-01	  -1.5248320769384852e-01	   3.7817827310156005e-01	   4.2584525384777727e-01	   4.6842971929183064e-01	   3.5710386949006573e-01	   1.4330583347618026e-01	  -3.1431481529530358e-01	
   6.0386321438392287e-01	   4.7643153299819213e-01	   6.5795955568801223e-01	   0.0000000000000000e+00	   5.7394495289535064e-01	   6.9825298280234416e-01	   7.7374292085769447e-01	   9.2114878749986695e-01	   6.5525521554911337e-01	   7.3146643219854479e-01	   4.5640500660898309e-01	   5.8546812533259129e-01	   4.3116009558290258e-01	   5.6905629945327507e-01	   5.1819090014630109e-01	   5.6513761835873200e-01	   5.3523241215023531e-01	   5.3569903475004932e-01	   6.4975254288656126e-01	   6.9907264754621545e-01	   3.4545069448279003e-01	   4.9542739383152856e-01	   5.0664435819260023e-01	   7.8625119088161832e-01	   2.9047794358829226e-01	   4.6890090892074987e-01	   4.7426067919485515e-01	   5.0653114357546669e-01	   3.9610945268145825e-01	   5.0848759844062119e-01	   5.5775657410616097e-01	   5.7412244036406501e-01	   7.5446886476500974e-01	   7.2934520208649456e-01	   1.5350329413507696e-01	   4.0617824238630296e-01	  -3.1031081548802707e-02	  -1.1261610438532182e-01	   2.8469353333839054e-01	   2.4515107034251482e-01	   1.6425552188034823e-01	   1.6479545504352360e-02	   6.5715427796876691e-01	   4.6437360783007309e-01	   3.9576563325357461e-01	   5.2869718206532934e-01	   7.0594419676329412e-01	   5.5522488170001760e-01	   4.7781152849195602e-01	   5.7599881071271686e-01	   5.0447865873969888e-01	   4.6695580003078341e-01	   3.4513215056716506e-01	   4.1607957648511162e-01	   5.1634355106986785e-01	   5.3184052677300087e-01	   5.7746764347113455e-01	   4.8189451442437337e-01	   3.8126402456125036e-01	   5.2001087699310866e-01	   5.3743703207486382e-01	   5.4869650461589003e-01	   5.8755800885314469e-01	   6.0469676569836617e-01	   3.3977083048358819e-01	   4.4834207724010644e-01	   7.2899588594071729e-01	   6.7929283736048895e-01	   4.9836175369517866e-01	   4.0471333363738160e-01	   4.2233221347321448e-01	   4.8979416410332766e-01	   5.9231975148338423e-01	   6.7169884451895367e-01	   4.4616947329706436e-01	   5.8672945959394862e-01	   4.6507522341087876e-01	   5.2467397406930649e-01	   5.1984312598709370e-01	   6.6172209339744648e-01	   6.6259682299893563e-01	   6.8472248409870606e-01	   4.6177198141337195e-01	   5.4823508903739027e-01	   5.2703412712592768e-01	   6.5949580301766753e-01	   1.5272268956567236e-01	   2.4100662508270104e-01	   5.0587068220313358e-01	   5.9130402422969375e-01	   5.8220286592060078e-01	   5.7063742664598804e-01	   7.7666274161485660e-01	   5.9116575800852544e-01	  -1.5000654351198600e-01	  -1.7020212785283456e-01	   2.8592748603689205e-01	   2.9031886882059849e-01	   7.3563899554933854e-01	   6.4291324399923122e-01	   5.6913526345829279e-01	   6.3011987848775664e-01	   5.1618341071846674e-01	   5.6900125315672945e-01	   2.6693313788668260e-01	   3.7378776325923552e-01	   1.5021211787721989e-01	   2.9115431819465987e-01	  -3.2096559972715966e-01	  -2.0501305420986871e-01	   2.8117144313590192e-01	   6.5818170467879678e-01	   5.7947182441201117e-01	   2.4893281707448073e-01	   4.7585375762018496e-02	  -2.1769766298693102e-01	
   6.9387651651570614e-01	   4.9410501873447710e-01	   6.8071162800479224e-01	   5.7394495289535064e-01	   0.0000000000000000e+00	   7.9416654610335202e-01	   7.5692719174273160e-01	   6.2760647492506361e-01	   8.8136314200722810e-01	   8.3128960989194800e-01	   5.0144216721681178e-01	   4.8841242127513901e-01	   4.8365743637106273e-01	   4.8534474619061285e-01	   6.7249752968787924e-01	   5.9665372358542368e-01	   3.9715305739989348e-01	   2.7109079575158040e-01	   7.0391218640020603e-01	   5.8399495780345723e-01	   2.1150906417987303e-01	   3.5451195634922372e-01	   6.2122441762305403e-01	   5.6689175295780969e-01	   3.5896303940100460e-01	   3.9017137983800199e-01	   6.7771074625217098e-01	   6.2602642991487389e-01	   1.1034903150500228e-01	   1.9139890825363542e-01	   1.5547910404650428e-01	   1.0063200488283025e-01	   3.7696983194509059e-01	   3.0451134861139212e-01	   2.1022092396853551e-01	   3.9633203783382320e-01	  -1.2171420866160665e-01	  -1.6202058259740026e-01	   1.2990539736029375e-01	   1.0203157555455086e-01	  -1.3762690820035561e-01	  -2.3291436032083929e-01	   5.1849589370030968e-01	   3.0860476820044963e-01	   4.0390489654197348e-01	   4.6476744148095595e-01	   5.5260026071811175e-01	   4.3139463894426955e-01	   6.1762748451193039e-01	   6.3554747524712307e-01	   5.5118692116061863e-01	   4.8728990428858510e-01	   5.4240075457825032e-01	   5.7237682865816286e-01	   6.1174933147738386e-01	   6.4706689948869522e-01	   5.1472464839349352e-01	   4.2801175612963671e-01	   5.0582445850759017e-01	   5.4946095799291605e-01	   5.2327301449832242e-01	   4.2301292737786017e-01	   4.8791736895995458e-01	   4.0905739548313352e-01	   2.0374053602537134e-01	   1.7719596367690624e-01	   6.4491461119579785e-01	   5.1177467184785697e-01	   5.3245395328385714e-01	   4.5799775211280114e-01	   2.5183476392056553e-01	   2.7406094998873953e-01	   4.4781781303478452e-01	   4.2924135911950978e-01	   3.2286561068541658e-01	   4.5192700039408457e-01	   4.3990036996709364e-01	   3.3515949642591752e-01	   3.0864784703698900e-01	   4.3259550626299420e-01	   4.0113455796114661e-01	   4.3862475730027989e-01	   2.2933902217749058e-01	   2.3911667599347683e-01	   5.0807623044556194e-01	   4.3418388720681911e-01	   2.3479377446361513e-01	   1.8710498674216888e-01	   6.8098299345360103e-01	   7.3071293712050644e-01	   6.3718710138920698e-01	   7.1874452781841913e-01	   6.2115560086256283e-01	   7.6543878630440454e-01	  -2.4466666402708970e-01	  -3.8763315807721122e-01	  -1.1053651463116868e-01	   2.4848162162170576e-02	   6.3408242227784462e-01	   7.2359495900555415e-01	   4.0204397253443219e-01	   6.9811967990873436e-01	   3.8189828013576826e-01	   4.8568263821682911e-01	  -4.5272199427724105e-02	   1.7347059439077250e-01	   7.3006418972333786e-02	   3.3790888085095039e-01	  -2.1962743124858081e-01	  -2.4151001123955751e-01	   1.7323620874276463e-01	   5.3111852421837136e-01	   6.1986720352713753e-01	   4.7293245217342461e-01	   1.6663300720440768e-01	  -2.9682900155013797e-01	
   5.9775517437789261e-01	   4.9327841631320146e-01	   4.7136029108542205e-01	   6.9825298280234416e-01	   7.9416654610335202e-01	   0.0000000000000000e+00	   6.7132369360589128e-01	   7.7730357791653537e-01	   8.0192149243805244e-01	   8.9760424039687425e-01	   5.5264831268696835e-01	   6.1740537551837182e-01	   4.4756497531646688e-01	   5.8487393858502590e-01	   5.1465868608329679e-01	   6.0244804268001173e-01	   6.0909027715961617e-01	   4.5643658728331371e-01	   6.5284984670250390e-01	   6.3308958892141975e-01	   2.7118274581982438e-01	   4.8895297411570199e-01	   3.4876874617549974e-01	   5.3217510119761446e-01	   3.1901419206547843e-01	   4.9123852072032920e-01	   7.4359723359797503e-01	   7.2637382806456230e-01	   2.9667478064825459e-01	   4.1769153319827623e-01	   3.5139543883187885e-01	   3.3339294323777546e-01	   5.1777348186642391e-01	   5.3292651535021163e-01	   2.6494796149725292e-03	   3.7303627506792869e-01	   9.0009988008088349e-02	  -5.2886212592023391e-02	   1.8649132145040059e-01	   2.5838634344074668e-01	   6.1035075175422407e-02	  -3.1056735212915576e-01	   6.1946790800914209e-01	   4.8000128019599786e-01	   4.4901850593537329e-01	   5.8120048194904506e-01	   6.7407369421586516e-01	   5.7113611337855197e-01	   5.5533272291720226e-01	   5.9898024977186815e-01	   4.4553799851477044e-01	   3.8036230104837265e-01	   3.8408796420088037e-01	   4.2164491485735139e-01	   6.1764084222172944e-01	   6.8068995605445692e-01	   5.8912760526657171e-01	   4.3797002658237211e-01	   3.2041754996534494e-01	   4.0512804450937739e-01	   4.5285210589607905e-01	   5.1817335706312329e-01	   5.8841983593886327e-01	   5.8901036695477638e-01	   4.3275524697683705e-02	   1.6971543943027681e-01	   4.8295332267291063e-01	   4.6999514211790577e-01	   3.8167795870788673e-01	   2.5938933309095707e-01	   3.4524749880349570e-01	   4.3156018745545582e-01	   5.1699271845549788e-01	   5.6321753610643965e-01	   4.3823849642126916e-01	   6.4146542933489137e-01	   5.0557168115595363e-01	   5.1070148400465043e-01	   5.0663149534929641e-01	   5.4888583944775104e-01	   5.3442490984497548e-01	   4.9026966137380179e-01	   1.7064020495986010e-01	   3.9045860610819250e-01	   2.7165186603046071e-01	   3.5188779832447470e-01	   1.7120626583098150e-01	   1.9637059730797657e-01	   5.6087590308434609e-01	   6.1521001718104518e-01	   4.9589614711772656e-01	   5.2736537403394756e-01	   6.1535280228444578e-01	   5.3140743400957824e-01	  -3.7448656366288008e-01	  -2.7719970532072591e-01	  -2.3653127978178028e-02	   3.8550741018874941e-03	   7.2674182726424741e-01	   7.4557987894836653e-01	   4.4028020703036841e-01	   6.1756923768039185e-01	   4.5699495235088194e-01	   5.4936102527660458e-01	   6.8525588215272867e-02	   1.5675126077327595e-01	   1.0599217730823914e-01	   2.9264276079665363e-01	  -4.0052273696549601e-01	  -3.9928795307800746e-01	   1.0939068865650006e-01	   6.1539410077923484e-01	   5.8125854123055964e-01	   5.0914970041360752e-01	   9.4877618791971902e-02	  -2.3741088934291127e-01	
   7.2072193917764515e-01	   4.8636447294432117e-01	   8.4510025065349936e-01	   7.7374292085769447e-01	   7.5692719174273160e-01	   6.7132369360589128e-01	   0.0000000000000000e+00	   8.4016720789524491e-01	   8.0253234720723732e-01	   7.2521269765822804e-01	   5.9123864761006395e-01	   5.8949269128202031e-01	   5.9398499038457175e-01	   5.8869017121425027e-01	   6.1364379158893012e-01	   4.9908896859690688e-01	   5.2438988861211311e-01	   4.8434434705250939e-01	   7.1096438383489335e-01	   6.5010496102447524e-01	   1.1823948609346471e-01	   2.3418487449553357e-01	   6.2776804342094983e-01	   6.5430581578445790e-01	   2.8346704979086557e-01	   3.0190078091291828e-01	   4.2604816628061482e-01	   3.7210020073406980e-01	   3.5589910741992681e-01	   3.7538210031258579e-01	   3.9713429346896695e-01	   3.4710118260601408e-01	   7.6777649675447512e-01	   6.7454327848302076e-01	   3.1065332891218389e-01	   5.8573326489300515e-01	  -2.2817028334727701e-01	  -2.7565633143616602e-01	   1.7858625302276407e-01	   1.0973428833090040e-01	   7.0206365239775855e-03	   1.7207553795108504e-02	   6.8290036752121885e-01	   4.3064741886528329e-01	   5.2820369624635122e-01	   5.8892371211253791e-01	   6.6006773807101848e-01	   5.5468671071368947e-01	   5.9288605548141771e-01	   7.1921901091596774e-01	   6.6997990721250633e-01	   5.9513513995577194e-01	   5.5682988678806555e-01	   6.2205401821118378e-01	   5.9998264945338597e-01	   6.2626812261018083e-01	   5.3568356802430928e-01	   4.2431117518707856e-01	   4.8274352995069042e-01	   5.5627790430538260e-01	   7.1944611475789300e-01	   5.6208026712127890e-01	   6.8829012303783210e-01	   6.0339192662156449e-01	   5.2679775587936672e-01	   5.2001449777432762e-01	   8.8661100524323111e-01	   7.6812471224707823e-01	   5.9201917005378879e-01	   5.3401764760062731e-01	   3.9216598086866794e-01	   3.8178124314768525e-01	   6.4678758149822324e-01	   6.3631812245759045e-01	   5.2735627039358879e-01	   5.3130669155077626e-01	   4.7071361930541933e-01	   4.5461162719757769e-01	   4.3848125989993708e-01	   5.6577543338566560e-01	   6.0272257186646760e-01	   6.4022878335876787e-01	   4.2958146734529878e-01	   4.3294180175906882e-01	   6.5968723357616532e-01	   6.3011246319944181e-01	   1.6629082765369430e-01	   1.8036695808728506e-01	   6.2654347782326281e-01	   6.9712672703504697e-01	   6.1340291856469398e-01	   7.1179554332747674e-01	   6.5268376508413462e-01	   7.0774938736447901e-01	  -9.8342164290520562e-02	  -2.8570619136359088e-01	   1.7585317351609095e-01	   2.2325831461210166e-01	   6.5540011683631250e-01	   6.8200573857967428e-01	   5.1050106792738403e-01	   7.3960940862047719e-01	   4.5787194083758620e-01	   5.5386150848263349e-01	   1.3489101131906382e-02	   2.6982531990800795e-01	   2.9118556106585220e-02	   2.7132091162699556e-01	  -2.3899701577863891e-01	  -1.9577308414498917e-01	   3.6139100976687544e-01	   5.8109737918707716e-01	   5.3803492723191826e-01	   3.3846100258396922e-01	   7.5169019027595110e-02	  -3.1402338419660719e-01	
   6.2924083507880135e-01	   5.0072159469188016e-01	   6.0549350975418070e-01	   9.2114878749986695e-01	   6.2760647492506361e-01	   7.7730357791653537e-01	   8.4016720789524491e-01	   0.0000000000000000e+00	   7.0832135050949363e-01	   7.8609504550685783e-01	   5.6504190345535632e-01	   6.8991041035466460e-01	   5.0017619460426266e-01	   6.6399311731198052e-01	   5.2757832208050437e-01	   5.4304381193807461e-01	   6.1516850595200134e-01	   5.8444977763276929e-01	   6.5729140780782236e-01	   6.6940420630028219e-01	   1.8857853538483854e-01	   3.8639324002306474e-01	   4.3114089038724795e-01	   6.7273765939210040e-01	   1.4237154414268488e-01	   3.3353371623847000e-01	   4.3074007458620256e-01	   4.3487390571100326e-01	   5.0743079153474513e-01	   6.1155452283154377e-01	   5.2756273206569038e-01	   5.6738127667590643e-01	   7.8135188871810479e-01	   7.7144153194252274e-01	   3.0784189136333372e-02	   4.0878847650167394e-01	  -5.6197509852276784e-02	  -1.4373600441388856e-01	   2.0406578231655931e-01	   1.6729029601739989e-01	   1.1553368608622655e-01	   1.1298785388645679e-02	   7.0500193362431773e-01	   5.2185424079797471e-01	   4.8252454295157654e-01	   6.2193601711368085e-01	   7.3444853220676076e-01	   6.1742091303879720e-01	   5.2179706459815001e-01	   6.1445361734647419e-01	   5.5185000698539788e-01	   5.1522528620980501e-01	   4.2432353668188411e-01	   4.6267877626195164e-01	   5.8215910016107431e-01	   5.8576680578620799e-01	   5.7646851784021680e-01	   4.4469386296996011e-01	   3.5521561755289865e-01	   4.7905482508317121e-01	   6.1612600656820171e-01	   6.5205940382946914e-01	   7.1805027287181455e-01	   7.5837427568715987e-01	   3.4014976874853936e-01	   4.4678548886046821e-01	   7.3388311750581081e-01	   6.8846068581473185e-01	   4.4110354643196131e-01	   3.0725314748347388e-01	   5.0552759805811631e-01	   5.7704560852067188e-01	   6.7399602199616981e-01	   7.6009148189323672e-01	   5.4592737929370660e-01	   6.8313308229553049e-01	   5.7524791645223461e-01	   6.2468209047231249e-01	   5.4376159881810704e-01	   6.6867265073840321e-01	   7.1360641835505545e-01	   7.1883081111295888e-01	   4.8674482625554755e-01	   5.9528082879897437e-01	   5.2814377133550328e-01	   6.1658918175272037e-01	   7.0387179640270081e-02	   1.7642084464587959e-01	   5.2002480055705091e-01	   5.7399598732682422e-01	   5.0710074855125453e-01	   5.3351769865876963e-01	   7.0606719068680435e-01	   5.3506568492925088e-01	  -1.8211931583758872e-01	  -1.7125034124125582e-01	   2.0539905673445352e-01	   1.8373734063869662e-01	   7.6359449663835277e-01	   6.7699522411361068e-01	   5.6114398405972477e-01	   6.3675139480201359e-01	   4.8474150918866632e-01	   5.3155670964654833e-01	   8.2463929517541223e-02	   2.6902957363002006e-01	   3.1205005625201961e-02	   2.0247395712616645e-01	  -4.1454875555756854e-01	  -3.1894336112934318e-01	   2.3821733706740256e-01	   6.7911355527808792e-01	   5.5579787521905133e-01	   2.1446314960438317e-01	  -3.4593098717260094e-02	  -2.2315660455649106e-01	
   7.7776809754223575e-01	   5.8738021086711356e-01	   7.3812794864933262e-01	   6.5525521554911337e-01	   8.8136314200722810e-01	   8.0192149243805244e-01	   8.0253234720723732e-01	   7.0832135050949363e-01	   0.0000000000000000e+00	   8.4117134924832315e-01	   6.9520611636777352e-01	   6.6626502188520376e-01	   7.1303786527131585e-01	   6.8692358828512545e-01	   7.8359558463757994e-01	   6.8732658713944517e-01	   4.6310953639830055e-01	   3.9621276129208777e-01	   7.5966583055140857e-01	   6.8858642297529127e-01	   2.6850475357220904e-01	   4.2783411914013342e-01	   4.7935320665241499e-01	   5.3036462647204585e-01	   4.5658168112076747e-01	   4.5828010597977431e-01	   6.8526228817083845e-01	   6.2217964994006558e-01	   2.1600151603278828e-01	   3.1172547197475925e-01	   1.7297568517694623e-01	   1.1303465910891675e-01	   5.2883368071551140e-01	   4.8556000710898478e-01	   2.7443103152536169e-01	   4.2372958225665036e-01	  -7.8237895763247023e-02	  -1.3955394420667599e-01	   1.9509761450567739e-01	   1.1318553299955998e-01	  -6.9514304280130723e-02	  -1.9631765476753543e-01	   5.8816470809221411e-01	   3.3427851975855055e-01	   3.8297487293419852e-01	   4.2408582091690461e-01	   6.0187926623395271e-01	   4.7474379442046855e-01	   5.8303773442412021e-01	   5.9394267618345398e-01	   5.8922815840946130e-01	   5.1002373788436173e-01	   5.7894388756877735e-01	   6.4321786669274839e-01	   6.5834063501117934e-01	   7.0716968628183374e-01	   5.7767738442274208e-01	   5.2206036527780342e-01	   5.0611284946375390e-01	   5.4467753511944883e-01	   6.5453949034065395e-01	   5.4656461420383906e-01	   5.7076203602817732e-01	   5.5692993827479087e-01	   3.0800910053308467e-01	   3.5255085235686734e-01	   6.7095540693846667e-01	   5.2031053406919470e-01	   5.6273902975523638e-01	   4.7862705074424844e-01	   3.2404679655024476e-01	   3.8057199551955700e-01	   6.1559129963184300e-01	   5.8388385966834810e-01	   4.5301500795202926e-01	   6.1516348261821219e-01	   5.0058942790028182e-01	   4.5062271205203058e-01	   3.6151035476333138e-01	   5.5190540258793641e-01	   5.3773637484661818e-01	   5.8417048206070288e-01	   3.5140846398889458e-01	   3.3818943011461522e-01	   5.9325466153625561e-01	   5.2832791366175469e-01	   1.1844102918594117e-01	   2.0190715907403237e-01	   6.7432689413368196e-01	   7.0065960096318425e-01	   5.3005091785839864e-01	   6.4857710933234114e-01	   5.6671369513226189e-01	   6.9744161518285175e-01	  -2.6042372685859272e-01	  -3.1796285115663875e-01	   1.1679692239283489e-02	   1.8910157073891748e-01	   6.5288941592036520e-01	   7.4191354656780306e-01	   4.1938535815378103e-01	   6.7150762361132055e-01	   3.6931589727437186e-01	   4.9274925550801085e-01	  -2.6825946192778154e-02	   1.4004945012813969e-01	  -7.0689833526179739e-03	   2.6867621507292189e-01	  -2.9644731627253906e-01	  -2.4512771629015229e-01	   2.6667133132937149e-01	   5.2200723419168238e-01	   6.2680417325135440e-01	   5.1108367465122750e-01	   1.8294231440202305e-01	  -3.0941679292627766e-01	
   6.7939375859659190e-01	   5.3435088923488694e-01	   5.3836945403281677e-01	   7.3146643219854479e-01	   8.3128960989194800e-01	   8.9760424039687425e-01	   7.2521269765822804e-01	   7.8609504550685783e-01	   8.4117134924832315e-01	   0.0000000000000000e+00	   5.5895932369512469e-01	   6.7775939331658797e-01	   4.9635103173061756e-01	   6.0773608330829243e-01	   5.8071018440066435e-01	   6.3776104595642757e-01	   4.9970645428874538e-01	   4.6561046328328470e-01	   6.7750750110273672e-01	   6.6242100594798126e-01	   3.2070978734551242e-01	   4.8537605392123995e-01	   3.8027028049661382e-01	   5.6891126208867682e-01	   2.4042177730322745e-01	   4.1050678895109405e-01	   6.4540278676955753e-01	   6.2462463973681037e-01	   2.5149640210462132e-01	   4.3812801691064235e-01	   3.2429903530799231e-01	   2.9559823102866961e-01	   5.1143343873575442e-01	   4.9321967306147779e-01	  -2.6854928367099750e-02	   2.9154418531312920e-01	  -1.7056033935631303e-02	  -1.2785899835474035e-01	   1.4505958691503967e-01	   1.0072464369297689e-01	  -7.2973838343779296e-02	  -2.5782760296614959e-01	   5.7804099230755812e-01	   4.1510927663233171e-01	   3.5741973192566179e-01	   4.8480142391358078e-01	   6.3440895236312578e-01	   5.2522262219293370e-01	   5.4599443372983547e-01	   5.8822422334335434e-01	   5.2221968984310518e-01	   4.5152662603462501e-01	   5.0018626714482795e-01	   5.4541614340537015e-01	   6.2952343359347118e-01	   6.4591369871089221e-01	   5.9482542124248683e-01	   4.4115155044515275e-01	   4.5175724889637281e-01	   5.2453609832507830e-01	   5.7922710600918559e-01	   6.1755145265620459e-01	   6.0109218104761852e-01	   5.9683530741994006e-01	   1.8944743298915775e-01	   2.3320412806275009e-01	   5.3001024651569661e-01	   4.1720284392042417e-01	   4.8507615862735620e-01	   3.2306569938201163e-01	   3.2334544918323394e-01	   4.2599601815041871e-01	   5.1601184167954206e-01	   5.7260351498474704e-01	   3.6755603780166202e-01	   5.7326057641709749e-01	   5.1405477788376430e-01	   4.3414894080296335e-01	   4.9501726395757772e-01	   5.6756674274516405e-01	   5.3866476129056351e-01	   5.7146309688620378e-01	   1.8483254260618939e-01	   4.2386709400289269e-01	   3.9138995640818253e-01	   4.1710096221885778e-01	   1.8407901362601641e-02	   1.0385320235146281e-01	   5.6253499022421172e-01	   6.3570186373459259e-01	   5.3656090074204210e-01	   5.5290268362037198e-01	   6.6295971537389309e-01	   5.8909264741365819e-01	  -2.6850382741629153e-01	  -3.3592989275096496e-01	  -3.0977205600011805e-02	   1.0650937262322201e-01	   7.2697617375683155e-01	   7.5638230208406787e-01	   5.2490739368889439e-01	   6.5936900211096516e-01	   4.1273415376591838e-01	   4.8929801246200033e-01	   4.7892344745794006e-02	   9.6568006943640511e-02	   5.6792507487692920e-02	   2.3520207877942051e-01	  -3.1041868318839361e-01	  -2.8184933366148301e-01	   6.3759508700616321e-02	   5.7861034874679673e-01	   6.6790532433815508e-01	   4.6787762785348563e-01	   1.2549786486016640e-01	  -1.7392868109036463e-01	
   7.9694212953027899e-01	   7.2939147807767113e-01	   5.4692806576175135e-01	   4.5640500660898309e-01	   5.0144216721681178e-01	   5.5264831268696835e-01	   5.9123864761006395e-01	   5.6504190345535632e-01	   6.9520611636777352e-01	   5.5895932369512469e-01	   0.0000000000000000e+00	   8.0450756101468979e-01	   8.6536855532441270e-01	   7.4066229365684755e-01	   7.1573522148239588e-01	   6.2558443363701433e-01	   5.9015304519393075e-01	   6.0856202886687161e-01	   6.9364593068885139e-01	   6.3359232106092767e-01	  -5.0534599070603453e-02	   1.3718841886152022e-01	   3.0982445125111835e-01	   3.9598576552445697e-01	   2.1474827651095468e-01	   1.3885452452095104e-01	   3.7161765642976330e-01	   3.1159276627825927e-01	   4.0757556668486278e-01	   5.1363719809570474e-01	   1.6015952721687218e-01	   1.9204834726311296e-01	   5.6741658426294317e-01	   5.4297115026889708e-01	   1.9566599419938924e-01	   2.7635791690217620e-01	  -7.6299263509892579e-02	  -1.2158909513429653e-01	   1.5847210387074889e-01	   1.5307753040501660e-02	   1.0502784671846160e-01	  -3.3006793847866749e-02	   3.5787493541986132e-01	   6.1958217319438916e-02	   4.1677239402679180e-02	   1.0737506935347348e-01	   4.0700518408933661e-01	   2.3868883747300879e-01	   5.5420838291067387e-01	   3.7013714463554892e-01	   5.8469297979131551e-01	   4.0329048145182300e-01	   6.5555114656179314e-01	   6.2203872116730385e-01	   6.0109406074467664e-01	   5.5696057784466935e-01	   7.5667214086312506e-01	   6.4352539019022870e-01	   5.5986465418790976e-01	   5.7171292251261829e-01	   7.1801766386823818e-01	   6.5356825993509848e-01	   6.9394374276193083e-01	   7.0606542208611067e-01	   3.2636844247977675e-01	   3.0711111735494501e-01	   4.6363622506474117e-01	   2.1379384521520473e-01	   5.3397444039679076e-01	   2.8745260940982931e-01	   2.2749697025203103e-01	   4.0916641531180431e-01	   7.7808514454163724e-01	   7.3897845625222924e-01	   6.8630985893330565e-01	   7.1683240654893121e-01	   6.1153171104225323e-01	   5.0725959194773740e-01	   3.0894008190155459e-01	   6.1864878995886785e-01	   6.5888473581994045e-01	   6.7085097545049976e-01	   4.9709554632677533e-01	   4.2746542435229512e-01	   6.8076563261694290e-01	   4.1630423983927578e-01	   6.3025535132698624e-02	   1.6786881129354744e-01	   6.3324831996476982e-01	   5.8832732260718235e-01	   3.3377018410745241e-01	   3.8552565287256313e-01	   3.7219884056754593e-01	   3.2138511868692143e-01	  -2.4024319429963692e-01	  -1.0028733979284324e-01	   3.5726149896206073e-02	   2.1646922671381924e-01	   5.6425785203455925e-01	   5.4707440776913485e-01	   4.6827658975587128e-01	   5.1048190981411712e-01	   3.7581077375326621e-01	   5.0383404792399400e-01	  -1.3716455399173083e-01	   6.3816221234846732e-02	  -2.7504506341560868e-02	   3.4779366661966377e-02	  -4.1000590353014221e-01	  -2.4179137340267587e-01	   2.6851225699211245e-01	   4.1801739575521224e-01	   5.2085774400841633e-01	   4.2890667328760290e-01	   9.7013960857033704e-02	  -2.3171186394032750e-01	
   7.5828397248296664e-01	   7.0220967196243844e-01	   4.1424494633872588e-01	   5.8546812533259129e-01	   4.8841242127513901e-01	   6.1740537551837182e-01	   5.8949269128202031e-01	   6.8991041035466460e-01	   6.6626502188520376e-01	   6.7775939331658797e-01	   8.0450756101468979e-01	   0.0000000000000000e+00	   7.1880729483972239e-01	   8.3109538464948340e-01	   5.9173389249176356e-01	   6.1981730482774999e-01	   4.0695814951968456e-01	   5.4128912346856728e-01	   6.1458298527846156e-01	   5.8480540800506386e-01	   9.0386669572895845e-02	   2.2180280530942084e-01	   2.3594671275853540e-01	   4.7835709771538859e-01	   7.2270019169354327e-02	   1.4304377542428010e-01	   2.8605187114737851e-01	   2.8823871840810655e-01	   3.7922160153964168e-01	   6.2796326365699739e-01	   2.5622904363419341e-01	   3.3312759732928343e-01	   5.8773677464689600e-01	   5.7798177641088322e-01	  -1.3003906781514654e-02	   2.0530292486420271e-01	   1.2748459171889579e-02	  -3.8312002648719940e-03	   1.1286954372349445e-01	   3.1268108957833510e-02	   7.1976090382608451e-02	  -3.0442089757844612e-02	   4.4166720508050594e-01	   2.5682885353521456e-01	   1.5852669383826118e-01	   3.1022098298220296e-01	   5.5802473375994111e-01	   3.8884356847660845e-01	   6.2792229856683290e-01	   5.3204145810705594e-01	   6.5127414076899137e-01	   5.5907736418256393e-01	   6.0971146017616029e-01	   5.9654273187942319e-01	   6.9820941227385114e-01	   6.4843243967857145e-01	   6.5702585935550140e-01	   5.2354390455536570e-01	   5.2829577520755655e-01	   5.8944041278273474e-01	   7.4182326593727277e-01	   7.7738013414026352e-01	   7.2407207813969898e-01	   7.9254332902744196e-01	   2.5212393359382157e-01	   3.2093159673824889e-01	   5.2304974496704659e-01	   3.0434588464602885e-01	   4.6621103302524625e-01	   2.4516719144067461e-01	   3.2324107766240512e-01	   5.1118450462616183e-01	   6.8681341590919764e-01	   7.1398932091527645e-01	   6.0254245297508058e-01	   7.1900243010429521e-01	   6.7114746404840298e-01	   6.5140510333423185e-01	   2.8634041176032471e-01	   5.7280923305831422e-01	   5.7693732561769173e-01	   6.9202258412353124e-01	   4.5326337593942867e-01	   5.4660146279579458e-01	   5.6741888911094174e-01	   5.7589097133145206e-01	  -5.9676517472903340e-02	   1.9904607616514036e-01	   5.5822267642742252e-01	   5.9478445049424777e-01	   3.4987516176102040e-01	   3.3203693936289558e-01	   4.0220892141765985e-01	   2.4684100948260138e-01	  -2.4956334757251200e-01	  -1.4987640366076874e-01	   1.8115913135018299e-01	   3.4795663286816253e-01	   6.9260222097402391e-01	   6.4263275995397451e-01	   5.5311662925954452e-01	   5.6654308977261203e-01	   3.6282318873467068e-01	   4.7714826552240786e-01	  -7.2811942456634512e-02	   3.8731500280105003e-03	   1.8450983266696995e-02	   4.0833998509896961e-02	  -4.7276510028831997e-01	  -2.6815334225852416e-01	   2.4266434322088520e-01	   4.9653285986100659e-01	   5.9907510638564943e-01	   3.1374041208462278e-01	   2.9599847560180810e-02	  -2.2941209957208769e-01	
   7.6872921663418525e-01	   7.2475943797855558e-01	   6.4625998819756680e-01	   4.3116009558290258e-01	   4.8365743637106273e-01	   4.4756497531646688e-01	   5.9398499038457175e-01	   5.0017619460426266e-01	   7.1303786527131585e-01	   4.9635103173061756e-01	   8.6536855532441270e-01	   7.1880729483972239e-01	   0.0000000000000000e+00	   7.6995981017960680e-01	   8.2649668049827540e-01	   6.8994209639416892e-01	   4.7612032096931534e-01	   5.0084234833368901e-01	   6.8610930872012943e-01	   6.6043284021589677e-01	   7.0737317248796089e-02	   2.2052369024860663e-01	   3.7224141600463317e-01	   4.3614475161093991e-01	   3.4974742651938528e-01	   2.2784361472296832e-01	   3.4559588489731546e-01	   3.0184587415991476e-01	   3.3083296401477458e-01	   4.3731331059697331e-01	   6.6703487556284025e-02	   8.5776611306965012e-02	   5.3771648741782108e-01	   4.8283018124976090e-01	   2.8980053317673105e-01	   2.6261414957713602e-01	  -1.1808164344403481e-01	  -1.3831913775304591e-01	   1.8921240031419886e-01	   4.0356264509148589e-03	  -6.9754790501553046e-02	  -9.6132366132406152e-03	   4.1147663170733129e-01	   1.1264722270142119e-01	   1.0759666106452151e-01	   1.0775152684241172e-01	   4.3442760548935333e-01	   2.7970322487820803e-01	   5.6958579553109223e-01	   3.6715466172999411e-01	   6.2712215562945506e-01	   4.5943281468372610e-01	   6.8156674760614033e-01	   6.6083211291608512e-01	   6.6933249506213599e-01	   5.8913094350799178e-01	   6.8844478037815482e-01	   6.4755247268505700e-01	   5.3895999706723585e-01	   5.1722068632958429e-01	   6.8314232680769604e-01	   5.2089984933561051e-01	   5.6072343597731011e-01	   5.6711635141528483e-01	   3.8398364827807818e-01	   2.9907394038641688e-01	   4.8886031446907574e-01	   2.2117170256513746e-01	   6.2553796587175925e-01	   4.8806367317138827e-01	   8.0968995578251213e-02	   2.5910158078985968e-01	   7.0979261378310099e-01	   6.2748466300801153e-01	   6.1016517300906692e-01	   5.6502569509218181e-01	   4.6077250102872852e-01	   3.7446890832319291e-01	   2.2207359460501619e-01	   5.9638894558013267e-01	   5.9304279905895374e-01	   6.6133335896353929e-01	   5.3893684434527533e-01	   4.3984296222964514e-01	   7.5167199720487887e-01	   4.5955317095951409e-01	   6.4804978723797313e-02	   2.3876775308728926e-01	   6.3496008043256424e-01	   5.4136051470842939e-01	   3.5957780228144998e-01	   4.4589928617389268e-01	   3.4427781224844733e-01	   4.2252693848800948e-01	  -1.1645042123301703e-01	  -1.2336513187658252e-01	   1.0414072251059957e-01	   2.9085129875416210e-01	   5.2880036061970870e-01	   5.5873167409410207e-01	   4.2851854626504138e-01	   5.2115026360812822e-01	   3.3079547220005157e-01	   4.6145695436169587e-01	  -1.0147344914500427e-01	   5.0102070275969114e-02	  -7.1560861406665122e-02	   4.8872947600092691e-02	  -2.2753339173611534e-01	  -9.0153008052192535e-02	   3.3361865897161413e-01	   3.8862334988391045e-01	   4.8136892305618251e-01	   3.5686418745226917e-01	   1.0319759555925434e-01	  -2.7666176346255505e-01	
