   0.0000000000000000e+00	   9.5056163012443318e-01	   7.8377966342117689e-01	   8.5004894946609799e-01	   5.2648704283187675e-01	   5.9592218792135965e-01	   6.6239078699030540e-01	   6.2267525509709543e-01	   4.9892527581061152e-01	   5.2984110319341271e-01	   7.1826089624659373e-01	   7.0432673621988273e-01	   6.4989590375155615e-01	   4.7948883042850693e-01	   7.2054280249678271e-01	   6.1488363606992791e-01	   6.4006430653952218e-01	   5.7642431264727401e-01	   9.0809848177014230e-01	   9.0959027410200322e-01	   5.2295092131088849e-01	   4.8040424283166283e-01	   6.1040402147017314e-01	   6.5316436058313154e-01	   5.7127975122010755e-01	   5.4158252305634813e-01	   5.7301930320409145e-01	   6.0757790551087432e-01	   1.6512239652658950e-01	   2.5597469484022534e-01	   4.2760074836251782e-01	   3.9973868864005196e-01	   8.3939110837154185e-01	   8.2481083630395569e-01	   5.7021902632816390e-01	   6.1170504189823194e-01	   3.7854106316300240e-01	   4.6617878897615772e-01	   6.6115184313635045e-01	   7.2426944520187009e-01	   5.7687161301884360e-01	   5.2244766227618078e-01	   4.8813005486023175e-01	   2.9047249279829312e-01	   1.7188106290354085e-01	   3.6808374153865275e-01	   7.5991380463840796e-01	   7.7006366890600253e-01	   3.6977063944351718e-01	   5.3664499748061945e-01	   7.3109296964319870e-01	   6.9627048506107236e-01	   7.4954693013279905e-01	   8.4540795415520920e-01	   8.2218984017179553e-01	   8.6325701012206835e-01	   9.3089416115794754e-01	   9.5211724782499596e-01	   8.7156360829037904e-01	   7.9285375792745261e-01	   7.1059320835858930e-01	   5.2407981702080231e-01	   7.3660115843690366e-01	   7.6919301511249372e-01	   5.2238474737705676e-01	   5.8648321552103921e-01	   8.0120767423776562e-01	   7.7757858627126419e-01	   8.8834218838953682e-01	   8.7130887685679048e-01	   2.7088029142835840e-02	   2.2185856557560307e-01	   6.3998538229496615e-01	   6.3552871845458414e-01	   5.5587801181410135e-01	   5.8972253691321175e-01	   6.2027283076630013e-01	   6.3901784079149304e-01	   4.9168898688671098e-01	   5.1013394940582490e-01	   7.4008693400198888e-01	   7.5891030548208005e-01	   7.1830915718000732e-01	   6.2377045719320789e-01	   8.1102680120389548e-01	   8.6094298903243860e-01	   4.4912646075963980e-01	   6.8420892729584437e-01	   6.9652336611421173e-01	   8.0451273139294244e-01	   7.7071073007775792e-01	   6.2084220523981792e-01	   5.2321919387004812e-01	   5.3372286752821219e-01	   1.5973653151869488e-01	  -3.5059579687052117e-02	   8.0353132349986567e-01	   8.2765560854073450e-01	   8.3030484595999710e-01	   8.3378106012991626e-01	   5.3062170971410805e-01	   4.6785186251854327e-01	   6.2236095495617205e-01	   5.6058323260755005e-01	   2.8575391922076920e-01	   6.6885877693196566e-02	   4.7776592498870196e-01	   4.9438375872359480e-01	  -4.1482898866300849e-01	   2.4609332120722960e-01	   7.1541603760097749e-01	   8.0015815645475652e-01	   7.7886184679612747e-01	   7.7304582333047811e-01	   3.5211607781271187e-01	  -1.0530860147188950e-01	
   9.5056163012443318e-01	   0.0000000000000000e+00	   6.8449881541845081e-01	   8.1323587432488176e-01	   4.4502827967898340e-01	   5.0083103024577025e-01	   5.4854188602897536e-01	   5.7212103143580517e-01	   4.1915031049433343e-01	   4.8639612320587605e-01	   6.2969506541578257e-01	   6.3539754632419765e-01	   5.3611297377789957e-01	   4.1398454886870567e-01	   6.8372376151870351e-01	   5.7772361677998008e-01	   5.9745943512437139e-01	   5.2540261037652580e-01	   8.8440867168693305e-01	   9.0602665881175248e-01	   5.2264858706943285e-01	   4.6849600116217782e-01	   5.4237903298847889e-01	   6.1151150643179775e-01	   5.1080896642329154e-01	   4.7245614596875141e-01	   5.2809660650060231e-01	   5.4257172132076614e-01	   7.9586833722831624e-02	   1.8974913683328137e-01	   3.6644095018438777e-01	   3.1749055374238361e-01	   7.9008485380976445e-01	   7.6461269253406683e-01	   4.9559745375605679e-01	   5.2575071792195194e-01	   3.6170372972184983e-01	   4.3128927471588868e-01	   6.3690489251822457e-01	   7.1000351244008431e-01	   5.2181334287534709e-01	   4.5011369852699668e-01	   3.9736710520485596e-01	   1.5777641985669666e-01	   5.9248497268313272e-02	   2.5580491167953567e-01	   6.9108919491019993e-01	   6.8544452246334631e-01	   3.0213104644357913e-01	   4.6449890849004749e-01	   6.9857424176932170e-01	   6.3615358462532834e-01	   6.9187160418071825e-01	   7.8800613852405843e-01	   8.4773842840820457e-01	   8.6676554995374400e-01	   9.0755591315052642e-01	   9.6239508024533671e-01	   8.0404428363081581e-01	   7.7380118818313803e-01	   5.7382963518460639e-01	   4.0761670196492034e-01	   6.9896008466839021e-01	   7.2006110271458112e-01	   3.9015828363186184e-01	   4.4953407282491825e-01	   7.2521094472578984e-01	   6.9813033503959687e-01	   8.6148894349681915e-01	   8.3494685405252533e-01	  -2.2609603604429301e-02	   1.9998624585633576e-01	   6.7187583467751621e-01	   6.5233335906010925e-01	   5.6899364651497986e-01	   5.9008587497506348e-01	   6.2543413142071702e-01	   6.4710054640203207e-01	   4.7495487674206627e-01	   4.2341794617942824e-01	   6.9282810763273561e-01	   6.9313231972612288e-01	   6.6050635764926091e-01	   5.3637741124487448e-01	   7.7508349083715955e-01	   8.1524094565476712e-01	   4.7840370419918743e-01	   6.5115794253303205e-01	   7.0774008108415920e-01	   7.8598290598537823e-01	   7.3819317625383618e-01	   5.5159104601528286e-01	   5.1291911590180161e-01	   5.2043231542215418e-01	   1.9592169403878004e-01	  -9.4635349083148392e-03	   8.0698356779073921e-01	   7.9713655719559173e-01	   8.3882462415442305e-01	   8.1507131944048972e-01	   6.0511433103001588e-01	   5.3037962880645739e-01	   6.8791363140561623e-01	   5.8775387134335366e-01	   2.9061294320412823e-01	   2.3174349092075761e-02	   5.1831854873087280e-01	   5.8666011199655688e-01	  -3.6771099255450845e-01	   2.9145331598023105e-01	   6.8868130954698392e-01	   7.6836866554289562e-01	   7.2473712314284089e-01	   7.4741612132658530e-01	   2.8194682171811969e-01	  -1.4028823720262479e-01	
   7.8377966342117689e-01	   6.8449881541845081e-01	   0.0000000000000000e+00	   9.0400083472171688e-01	   7.6633927557590309e-01	   7.8309686485582719e-01	   8.7019619752099375e-01	   7.5003556953579731e-01	   6.8513055072594931e-01	   6.7286845758382208e-01	   6.3051166815854642e-01	   6.1399577807487893e-01	   6.3283949048578736e-01	   4.4623232755551051e-01	   7.8822893776977687e-01	   7.1318805110528305e-01	   4.1449080435529329e-01	   3.4636746738525948e-01	   8.2509737166918140e-01	   7.9126807696541823e-01	   6.6799972744397906e-01	   6.6311681160466718e-01	   8.0721240867755784e-01	   7.7375636494809608e-01	   8.0490717627655617e-01	   7.6090358288167859e-01	   7.0524486304197187e-01	   7.5498569560142859e-01	   1.0175880124022578e-01	   1.9742676674313342e-01	   6.1215702343434386e-01	   5.7998708648784569e-01	   8.1632010365305085e-01	   8.0015573776127014e-01	   7.6310235982622621e-01	   7.5721287634452250e-01	   4.0935033240056323e-01	   4.8635992074229517e-01	   7.5021185172110472e-01	   7.0004596375647909e-01	   7.0838993720886767e-01	   5.7750544525948089e-01	   5.5488273093973117e-01	   4.1665857607908130e-01	   1.6055327405073724e-01	   3.5428214554514970e-01	   6.0168612553461598e-01	   7.1251860113021315e-01	   2.0658499229807958e-01	   3.8077079231638727e-01	   5.1833455696091613e-01	   5.5012227980212669e-01	   5.1152735666612514e-01	   7.1179821728670933e-01	   6.1033849396332651e-01	   6.8337346189812165e-01	   6.3744686453317456e-01	   7.1739899478126468e-01	   7.7933006414351813e-01	   7.3791021996609896e-01	   6.7786719259934147e-01	   5.7270071454731242e-01	   5.3102367050639421e-01	   5.3662589837124208e-01	   7.4685530973902747e-01	   7.2946063322406296e-01	   8.7959455060099923e-01	   8.5091235743044424e-01	   7.7992912083387100e-01	   8.3592453233447950e-01	   3.6963546688159010e-01	   4.8855518594538072e-01	   6.3106052353586817e-01	   6.1931427728919874e-01	   5.1009824976117524e-01	   5.0207400961020554e-01	   7.1854359162023729e-01	   7.1520044352153223e-01	   2.3476214037252702e-01	   3.9201281102070251e-01	   5.5161138110378505e-01	   5.8780622575564245e-01	   7.4479234088688817e-01	   6.4375457322538576e-01	   7.4012531944167437e-01	   7.2283325358118578e-01	   5.0186228032883262e-01	   7.2957396550288434e-01	   7.2293870743505395e-01	   7.7169946286116908e-01	   7.9399568670227949e-01	   7.3345525670383016e-01	   6.6364518704512343e-01	   6.9966895628560488e-01	   2.3168705850242949e-01	   3.3422062821237941e-02	   6.9503986653261274e-01	   7.0379074357883531e-01	   6.7460835166420940e-01	   7.0649273869112972e-01	   4.6580355122071360e-01	   4.3403511076552953e-01	   5.5601840927401536e-01	   5.6581509449898570e-01	   4.6083997135239918e-01	   3.7476883538647110e-01	   5.5025296568482829e-01	   5.1897983476550413e-01	  -2.6048567295799785e-01	   2.5947101263759459e-01	   6.9012779271776259e-01	   7.1220220721746952e-01	   7.3828627872157104e-01	   7.3511632050321762e-01	   4.9788625762440003e-01	   1.1185887797290473e-02	
   8.5004894946609799e-01	   8.1323587432488176e-01	   9.0400083472171688e-01	   0.0000000000000000e+00	   7.1209527282955376e-01	   7.5091961317937650e-01	   7.7151881662074029e-01	   8.0301846219218331e-01	   6.4939356086628630e-01	   6.9159869484332948e-01	   6.1173847734633924e-01	   7.0432845538413047e-01	   5.9324184670428859e-01	   5.3762414491918131e-01	   7.7514493033424758e-01	   7.5155651528952405e-01	   4.6453809034041083e-01	   4.1864904986546703e-01	   9.0524679854206247e-01	   8.9636528904845991e-01	   6.9455581507482500e-01	   6.6650968464045490e-01	   7.8422848518609500e-01	   8.3725043960954515e-01	   7.3167455486375121e-01	   7.2919625714171343e-01	   7.0431767263091039e-01	   7.4192710260123040e-01	   1.4667615443868917e-01	   2.9858732603560867e-01	   6.4281637539690495e-01	   6.2082379821557998e-01	   8.2785441563241446e-01	   8.3905285121505502e-01	   6.8538685524555865e-01	   6.8501330605688326e-01	   3.6018763874290605e-01	   4.2504277298897025e-01	   7.2440038139006646e-01	   6.9845053456542183e-01	   6.4834717614204918e-01	   5.1371241448596972e-01	   4.9437094644667007e-01	   2.8992352525029974e-01	   7.8493172678897258e-02	   2.7500945990164527e-01	   6.1769131329849825e-01	   6.7630597962344785e-01	   2.2660372675038784e-01	   3.7882016088009896e-01	   6.0387428671091636e-01	   5.8121631560842135e-01	   6.0902980106719729e-01	   7.8307959988103604e-01	   7.0691823256167230e-01	   7.5575897068852949e-01	   7.2273795270425700e-01	   8.0702375178853480e-01	   8.2257403475244240e-01	   7.7546489713404487e-01	   6.3288489337739695e-01	   5.4676654778529143e-01	   6.0887156377293006e-01	   6.5413096594539588e-01	   6.2378542006162041e-01	   6.4504406649401824e-01	   8.1534667993230603e-01	   7.9964946152088734e-01	   8.0625566920582148e-01	   8.3724086692319877e-01	   2.9777982791627822e-01	   5.4502813771615499e-01	   7.0646915952280120e-01	   7.1747018643873361e-01	   6.1505232841891455e-01	   5.9935959198115807e-01	   7.3741169405728069e-01	   7.8228217621127649e-01	   2.9424329290217272e-01	   4.3614130784138516e-01	   6.0800778256712917e-01	   6.5780305706975772e-01	   7.3982485338047688e-01	   6.4322122366831169e-01	   7.8041879702715622e-01	   7.9595103863828265e-01	   5.3244310951541074e-01	   7.3316377885757134e-01	   7.7426262586746342e-01	   8.3274778022336116e-01	   8.1559504335698185e-01	   6.4607521638202403e-01	   6.7607326234653131e-01	   6.2525894365774348e-01	   2.5359657029313659e-01	   6.0282858376837348e-02	   7.2907243187928450e-01	   7.5090946879370768e-01	   7.3981574624865287e-01	   7.1917647955201758e-01	   5.9771279071173788e-01	   4.8592713879676519e-01	   6.3877834588401305e-01	   5.7434288599552530e-01	   3.8048367680038053e-01	   1.7333080405126136e-01	   5.0862289794536086e-01	   5.4709350197175410e-01	  -2.8366101188201959e-01	   2.7211531847590842e-01	   6.9838455452428261e-01	   7.4289309411827520e-01	   7.2275451508807098e-01	   6.9551308436300263e-01	   3.9893662784493972e-01	  -1.5935903869585194e-01	
   5.2648704283187675e-01	   4.4502827967898340e-01	   7.6633927557590309e-01	   7.1209527282955376e-01	   0.0000000000000000e+00	   9.3008050013394050e-01	   6.7755340564482014e-01	   6.0279328787046738e-01	   9.3884117339279460e-01	   8.6907261179106099e-01	   4.7747228188124102e-01	   4.0825357167410281e-01	   5.3076304433937627e-01	   3.8174138115777567e-01	   8.6280336297101556e-01	   7.9460037642032599e-01	   2.7982858218118056e-01	   1.7591431583339462e-01	   5.7710256358990319e-01	   5.4437335206876347e-01	   7.8878703664322514e-01	   7.5317955820008042e-01	   6.4451050577463875e-01	   6.0130094284394686e-01	   8.3715389966860376e-01	   8.1130354246374092e-01	   8.7006981527510929e-01	   8.6226814457477630e-01	   7.3595489103308764e-02	   5.6920148083449619e-02	   4.2856443693444113e-01	   3.8827955497465094e-01	   5.8832100118917263e-01	   5.4337084315584439e-01	   6.3273706349832004e-01	   6.2195274543248602e-01	   4.0489570465642105e-01	   3.8142303912089137e-01	   7.0899378106133193e-01	   6.5661516824900112e-01	   6.6193683800750558e-01	   5.1463591166107159e-01	   4.5590493698142415e-01	   3.4210462616310600e-01	   1.8498225211808444e-01	   3.5105914891747969e-01	   5.8526199481885854e-01	   6.1676147480281862e-01	   1.8541968636073833e-01	   2.9682791962887989e-01	   3.9778029052521846e-01	   3.4092784984546998e-01	   4.5373584331077088e-01	   6.0381766013746874e-01	   5.8608674687182860e-01	   5.9776674081336545e-01	   4.4745114158376659e-01	   5.0005891673737868e-01	   6.2905754011772141e-01	   6.0170284779875560e-01	   5.3522854902278783e-01	   4.1675864711680149e-01	   4.6656865176989742e-01	   3.8208347039683727e-01	   5.8287767193354112e-01	   4.9910286884245003e-01	   7.2414711323976810e-01	   6.9950635305862363e-01	   5.0036713799750376e-01	   6.3527900045146890e-01	   4.5608886900655099e-01	   5.7192775392624728e-01	   4.6875043477624057e-01	   3.6604952636491528e-01	   3.3762120659401745e-01	   2.0025433024823250e-01	   5.8471192306143027e-01	   5.3132476415373686e-01	   2.1288119383834325e-01	   2.8420077954101813e-01	   5.0023890969041251e-01	   4.8346495370547193e-01	   7.4540307865664557e-01	   6.2697531184608479e-01	   6.9926479722718493e-01	   6.4053895144979667e-01	   5.7383367516550265e-01	   6.9772485437761333e-01	   7.2919032224034175e-01	   6.8686830782710806e-01	   6.2123370766387853e-01	   5.4715113336170451e-01	   4.7521164412705391e-01	   5.4210746628824125e-01	   1.7359971704033161e-01	   6.4356086701660110e-03	   5.4092662050756235e-01	   6.1050947936446454e-01	   5.0276060043757420e-01	   5.7225284328823434e-01	   2.5634660431908762e-01	   2.8353218107969769e-01	   3.1805376121914664e-01	   3.2880115613309929e-01	   2.7555550084228958e-01	   2.7465742599917181e-01	   3.3940180178305185e-01	   3.6555828442945137e-01	  -1.9306497610171341e-01	   2.2485139107156987e-01	   5.6645408426829991e-01	   5.9665437572909252e-01	   6.3050529755935680e-01	   6.2375788217365313e-01	   5.6125610671405846e-01	  -1.6752185102374900e-02	
   5.9592218792135965e-01	   5.0083103024577025e-01	   7.8309686485582719e-01	   7.5091961317937650e-01	   9.3008050013394050e-01	   0.0000000000000000e+00	   6.8492626534509027e-01	   6.4758908217497835e-01	   8.6857411149426722e-01	   8.9650516776057798e-01	   4.9876355906389230e-01	   4.1854551005856011e-01	   5.4145701215394082e-01	   3.2767054789254413e-01	   8.2673972079864644e-01	   7.5859075465981607e-01	   3.9064368459387899e-01	   3.0771702002915280e-01	   6.0329588886576102e-01	   5.7154995021708843e-01	   7.4814666998954693e-01	   7.2725290214924709e-01	   6.9256781608946638e-01	   6.0986407473271598e-01	   8.4082191524882632e-01	   8.4655875845175099e-01	   8.7024867490251778e-01	   9.0055740973132803e-01	   1.3303781523202554e-01	   8.9423868080563157e-02	   4.9533886428587226e-01	   4.4822299956335154e-01	   6.5024074786181651e-01	   6.1093094697851580e-01	   7.0800201107140626e-01	   6.6304874337079056e-01	   3.3362207973823743e-01	   3.0598503044903519e-01	   7.0848614650627728e-01	   6.9132171877868620e-01	   6.3189943050374775e-01	   4.8453139064493700e-01	   5.1436026530521506e-01	   3.9108006769585346e-01	   2.4660596762744053e-01	   4.2526298914780480e-01	   6.4163258201888229e-01	   6.6431202463387651e-01	   2.2730919764657515e-01	   4.0478115018159438e-01	   4.4012424426520064e-01	   4.1976768050334323e-01	   5.0601889906398578e-01	   6.4910053232516574e-01	   6.5477664425162996e-01	   6.7426492380673342e-01	   5.2453620293380565e-01	   5.8349196605462650e-01	   6.7107723797830765e-01	   6.6643077096420533e-01	   5.5988469249372241e-01	   4.3667779823153535e-01	   5.3014488479475608e-01	   4.3647417246389375e-01	   6.4979752295290183e-01	   5.8829680063161671e-01	   7.6938641296735355e-01	   7.6787481393975676e-01	   5.4464492375555329e-01	   6.6413667355086592e-01	   3.3727798874094267e-01	   4.7290486757652977e-01	   4.4100770358353525e-01	   3.5142238393510661e-01	   3.2261471866054015e-01	   2.1781893697268834e-01	   5.3964291960271060e-01	   4.9435156638024713e-01	   3.1102193940380740e-01	   3.7481851794280913e-01	   5.6105446291332184e-01	   5.4675251234637445e-01	   7.4028162324608437e-01	   6.2076944401504242e-01	   7.4905175610330921e-01	   6.7968539630259306e-01	   6.1805369683240363e-01	   7.8281249201731018e-01	   7.2798079228116142e-01	   7.2753312923179780e-01	   6.4228087855273641e-01	   5.7864758156122886e-01	   4.9346212888245489e-01	   5.8004016783381085e-01	   2.9586577386976604e-01	   1.3313093226322553e-01	   6.0935707907744752e-01	   6.9974537176065899e-01	   5.7059846928218594e-01	   6.0448779325695878e-01	   2.8653750218610430e-01	   3.2427869979306601e-01	   3.6870797181978376e-01	   3.6226682100959884e-01	   2.8805534734142557e-01	   2.4675812679340192e-01	   3.3383712527674347e-01	   3.5344446065311041e-01	  -1.1702671780888113e-01	   3.4673074679482629e-01	   5.6894849667271286e-01	   6.0341647433044554e-01	   6.3345597299528988e-01	   6.5677106158058807e-01	   5.9348784637336771e-01	  -1.1064325315917767e-01	
   6.6239078699030540e-01	   5.4854188602897536e-01	   8.7019619752099375e-01	   7.7151881662074029e-01	   6.7755340564482014e-01	   6.8492626534509027e-01	   0.0000000000000000e+00	   8.5192428787219177e-01	   6.3840775610844380e-01	   5.7225028890822482e-01	   6.7891618701523893e-01	   6.9480962237116151e-01	   7.3250456968459043e-01	   5.4228142586672645e-01	   6.6461468439986837e-01	   6.0578137405249399e-01	   3.9850859580209541e-01	   4.3497875618632076e-01	   6.4987180110055687e-01	   6.2254487752203835e-01	   4.8206118624730959e-01	   4.7570692517669216e-01	   8.0202384394136461e-01	   7.4533935937937001e-01	   6.3328792226272279e-01	   6.0721029787843994e-01	   5.2695255804689589e-01	   5.9100919726685031e-01	   2.3669031583686301e-01	   3.1934778459520446e-01	   5.9759375814476323e-01	   5.7665707438421721e-01	   7.8793310051511756e-01	   7.8185715529844968e-01	   6.6872035661937490e-01	   5.9133515906797618e-01	   3.2685766643921610e-01	   3.3218123886981671e-01	   5.8905611586389339e-01	   5.3819992446982823e-01	   6.0350107041684697e-01	   4.9418681891549215e-01	   5.1883247612441163e-01	   4.1305322397201516e-01	   1.8974722512895470e-01	   3.1143037863949946e-01	   4.6803313915869010e-01	   5.9074179870207066e-01	   1.9745143976649540e-01	   3.7226422455309927e-01	   3.9809300609902631e-01	   4.8153550054421890e-01	   4.5263319949697389e-01	   6.0857296653501314e-01	   4.8129449047876649e-01	   5.4741765525158503e-01	   5.1157173980696991e-01	   5.7955675976254439e-01	   6.4911518822828596e-01	   6.0374109082294813e-01	   7.4429118977817055e-01	   6.6828950780082907e-01	   4.9047814084399055e-01	   5.7228487584957288e-01	   7.5953668875688041e-01	   7.4740424560226759e-01	   7.5073243152899627e-01	   7.4300836165072082e-01	   5.9976246757704677e-01	   6.6176233809938145e-01	   4.2990588180360856e-01	   4.9211841613537410e-01	   6.0460740597424434e-01	   6.3070885691583278e-01	   4.6438976481670458e-01	   4.2142527981055522e-01	   6.5743381112472266e-01	   6.4249053928579980e-01	   2.5927507179535531e-01	   4.2960012215435189e-01	   4.9603537636782952e-01	   5.5531772125946077e-01	   6.3111713209568832e-01	   5.9755791704917149e-01	   6.1868783661399984e-01	   5.7438602032550512e-01	   3.7750746083811559e-01	   5.8365210764707554e-01	   5.8081798895966141e-01	   6.1629833340227358e-01	   6.8010606536411067e-01	   6.6379285256459220e-01	   6.1453920060732914e-01	   6.7668870046349805e-01	   1.9943528147716175e-01	  -7.4651230277303932e-03	   5.7035722516223508e-01	   6.0817258699470367e-01	   5.3752676680113032e-01	   5.9469730429291401e-01	   4.5296992941755310e-01	   4.7844194385361039e-01	   5.0823513523949893e-01	   4.9418893488759330e-01	   4.4359166885378987e-01	   3.1821113371708981e-01	   5.0013844663776919e-01	   3.5659488653284649e-01	  -2.7279729114077950e-01	   2.3706625766966594e-01	   5.8372667618938523e-01	   6.2303889034062410e-01	   6.4436336053982934e-01	   5.6187979286741252e-01	   3.4471104552346082e-01	  -9.5152736429834239e-02	
   6.2267525509709543e-01	   5.7212103143580517e-01	   7.5003556953579731e-01	   8.0301846219218331e-01	   6.0279328787046738e-01	   6.4758908217497835e-01	   8.5192428787219177e-01	   0.0000000000000000e+00	   6.0187550867564088e-01	   6.1483035557721488e-01	   5.9212271821727203e-01	   7.8530909663701298e-01	   6.7971065182498402e-01	   7.0508702841150017e-01	   6.4260808739745112e-01	   6.9659020295740204e-01	   3.5090966069037555e-01	   4.2815111437082054e-01	   6.0689673501485575e-01	   6.0404742039738735e-01	   4.9608987076375588e-01	   4.7935757047760230e-01	   7.9140013577437374e-01	   7.7750013997740586e-01	   5.7544150398980065e-01	   5.8797208244209964e-01	   4.8847308115842236e-01	   5.4444519629517107e-01	   1.7448268063224351e-01	   3.8783236489660988e-01	   6.5782809840528389e-01	   6.4745810343129839e-01	   7.5553621237465463e-01	   7.9195270740166412e-01	   6.0780201604543105e-01	   5.1994342389065051e-01	   2.8930490892946570e-01	   2.6535032206973641e-01	   5.7648469157249327e-01	   5.2184262811875315e-01	   5.6442280366905695e-01	   4.0536808752702636e-01	   3.5357114825444891e-01	   1.7736932547384560e-01	   8.5889133780722826e-02	   1.9040058587386438e-01	   3.5120035569844177e-01	   4.1136722593982444e-01	   1.2307517476971344e-01	   2.8508656934133758e-01	   3.2297267027463106e-01	   3.6342980568034511e-01	   4.1652435844183633e-01	   5.6394283895419561e-01	   4.7029938949863664e-01	   4.9482792409082593e-01	   4.8857798385877016e-01	   5.5232529614179038e-01	   5.9247196904316646e-01	   5.9765563386678155e-01	   6.6517002509649070e-01	   7.5398228984945548e-01	   4.6437388913463379e-01	   6.0643020167114292e-01	   6.7066681098756553e-01	   6.7281914277977783e-01	   5.9481031454754096e-01	   6.1970710748339775e-01	   5.3521508024684405e-01	   5.5384248249954027e-01	   5.1327494909843807e-01	   6.0245045403148545e-01	   6.5211475647177464e-01	   6.7584937737706285e-01	   5.7123412839595100e-01	   4.7162121603561402e-01	   6.1987327075001142e-01	   6.7416021357533462e-01	   2.1525169712820036e-01	   4.0672271061213017e-01	   4.6882567017227361e-01	   5.3044957472769605e-01	   5.6657480405078875e-01	   5.4345938322867937e-01	   6.4144440461393903e-01	   5.6686748862456793e-01	   4.6572771774672850e-01	   5.5709933963934377e-01	   6.2135273275388481e-01	   6.3506841199213049e-01	   6.5439425887261404e-01	   4.9750802676510048e-01	   6.4841231640403052e-01	   5.9004600865881462e-01	   2.0901204853569524e-01	   6.2532512339892807e-02	   4.8734949014266249e-01	   5.5832750424682331e-01	   4.9092198685682453e-01	   4.7931903409724563e-01	   5.8463109931549395e-01	   4.7690846955982535e-01	   5.9653505759181080e-01	   4.9515811330920623e-01	   4.7681954283833272e-01	   2.6418582549261116e-01	   5.1297948179504349e-01	   3.7342251545380067e-01	  -2.4525868956765351e-01	   2.0597428050313210e-01	   4.6404454820880819e-01	   5.4132833540938019e-01	   5.6710032260475662e-01	   5.0879114714665707e-01	   2.7154182712332731e-01	  -1.3957392156987714e-01	
   4.9892527581061152e-01	   4.1915031049433343e-01	   6.8513055072594931e-01	   6.4939356086628630e-01	   9.3884117339279460e-01	   8.6857411149426722e-01	   6.3840775610844380e-01	   6.0187550867564088e-01	   0.0000000000000000e+00	   8.9716283066727676e-01	   4.7165139561532698e-01	   4.2204435498343534e-01	   5.5881140107987504e-01	   4.1789891529313372e-01	   8.8083610127432865e-01	   8.3246526239392071e-01	   2.5026246938246732e-01	   1.7362090278019604e-01	   5.2865469774154794e-01	   4.9470592262738855e-01	   7.5448835402887759e-01	   7.1465380477503659e-01	   5.2367451869113002e-01	   4.8932110832469067e-01	   7.2742815734189392e-01	   6.7900919930722536e-01	   7.6738014831698464e-01	   7.6170295166209168e-01	   8.1421979473290954e-02	   6.7194949133627863e-02	   3.4576845584468674e-01	   2.9117138163855932e-01	   5.0238699263860598e-01	   4.8700873687684931e-01	   5.1112157100393696e-01	   5.0410292190742367e-01	   4.2697663831323618e-01	   3.3960724842659462e-01	   6.8518796502247281e-01	   6.4819152460673279e-01	   6.3431111564731724e-01	   4.9570402830909777e-01	   3.8775614370163136e-01	   2.7009884671462386e-01	   3.1153702187359189e-02	   1.9092432651846630e-01	   5.4618875888450924e-01	   5.7617154722952146e-01	   9.0685775161268897e-02	   1.9541079642416198e-01	   3.5744249800094752e-01	   2.9751922068937164e-01	   5.0630321547369350e-01	   6.3641611233922057e-01	   5.9748418855536789e-01	   5.9365762554030777e-01	   4.2673252984424226e-01	   4.6409393738282412e-01	   5.8479560291430821e-01	   5.6755510908406004e-01	   5.2944169887427528e-01	   4.2535807437653383e-01	   4.2868895968675585e-01	   3.8499146603535761e-01	   4.6716285957487169e-01	   3.9128936165180173e-01	   6.1217223873861593e-01	   5.9240160147272447e-01	   4.8562240656779010e-01	   5.8359349579716480e-01	   4.2313046904266649e-01	   5.1091185303551123e-01	   3.8665648304649036e-01	   2.5720763101808997e-01	   3.1038603657228026e-01	   1.1175214460103446e-01	   5.4225940567423048e-01	   4.8396554363977495e-01	   1.9901168563774624e-01	   2.4432368212262626e-01	   4.8468364495884708e-01	   4.6108807852983735e-01	   7.1875607472786429e-01	   6.5218416391128542e-01	   6.2545129924953469e-01	   6.2171670192076667e-01	   5.0521226879439596e-01	   6.7267024074441129e-01	   7.4263742739739946e-01	   7.0443616176503432e-01	   6.4701055645581573e-01	   5.8007362498732729e-01	   4.8186243635510734e-01	   5.3254108676031564e-01	   2.0736468686405451e-01	   5.4566717192646129e-02	   5.1010524476301433e-01	   6.0585071107765098e-01	   4.8947423033407650e-01	   5.8781407608646008e-01	   2.1704498480858470e-01	   2.5825567756446111e-01	   2.6234958348182791e-01	   2.6303446920336154e-01	   2.1877926604974648e-01	   1.6692175845939719e-01	   2.6863020545699245e-01	   2.9208678052424975e-01	  -1.1517345613730988e-01	   2.8227341298866027e-01	   5.5294779380126546e-01	   5.8838987996025571e-01	   6.8302812563077719e-01	   5.7973334840704460e-01	   5.1627731047793057e-01	  -9.0130369142834454e-02	
   5.2984110319341271e-01	   4.8639612320587605e-01	   6.7286845758382208e-01	   6.9159869484332948e-01	   8.6907261179106099e-01	   8.9650516776057798e-01	   5.7225028890822482e-01	   6.1483035557721488e-01	   8.9716283066727676e-01	   0.0000000000000000e+00	   3.6603544727169168e-01	   3.5500226758853659e-01	   4.2631727848509260e-01	   3.1916556392530038e-01	   8.7787795373625677e-01	   8.2549339798298971e-01	   2.6294716294983311e-01	   1.7516805736253399e-01	   5.5179888020633738e-01	   5.3213156237207815e-01	   8.0203418482467392e-01	   7.5976556251081451e-01	   5.5719506968408883e-01	   4.7457951640935159e-01	   6.9611537381502753e-01	   6.7289474049653286e-01	   8.0897651789270641e-01	   8.0728313391142525e-01	   2.0705023457734735e-02	  -7.5785738146914288e-03	   3.8124721158637220e-01	   3.2236439711287840e-01	   5.2098982180371389e-01	   4.9301071018724496e-01	   5.7249147208880669e-01	   5.3399844986210288e-01	   2.3012651109730703e-01	   1.8344023696263229e-01	   6.9222505115687871e-01	   6.8353941722331812e-01	   5.3066695104853290e-01	   3.7806670005536847e-01	   4.0155297198968964e-01	   2.3899217652693064e-01	   2.0680805084078106e-02	   2.0232227420970311e-01	   5.4243482287786104e-01	   5.5351224645818731e-01	   2.3398543328558473e-02	   1.8541860685685102e-01	   3.0085079345162613e-01	   2.6095894981048628e-01	   4.5562329904366528e-01	   6.2946095257804480e-01	   6.3451369647208278e-01	   6.4029611839634937e-01	   4.6191019072454831e-01	   5.3689290976715498e-01	   5.9495811028865453e-01	   6.5421458241232155e-01	   4.3093185012043578e-01	   3.9911624562795589e-01	   4.0701279355589115e-01	   3.6054754652190130e-01	   4.5201839413324740e-01	   3.7958861129267008e-01	   6.2335484040508304e-01	   6.2305496840092622e-01	   5.0915913269161694e-01	   5.9934895831414570e-01	   3.2791577808666261e-01	   4.5962930874946517e-01	   3.4504915962464844e-01	   2.1299121411515096e-01	   2.9471298989213723e-01	   1.1992557210599789e-01	   5.2658161884812771e-01	   4.9136533760505430e-01	   2.0907322293732036e-01	   2.5000872214026670e-01	   4.6132458372084639e-01	   3.8211834814228096e-01	   7.0173509345924856e-01	   5.5160187019701723e-01	   6.3854408777277016e-01	   5.9734415121971163e-01	   6.6898878461523437e-01	   7.3611242364064922e-01	   8.1654277846188927e-01	   7.4452702323915965e-01	   5.9848844992475181e-01	   4.9051586297528232e-01	   5.0542877436101707e-01	   5.7399196859478607e-01	   3.6154574654652455e-01	   1.9528095290669234e-01	   5.3891385766696909e-01	   6.2614569151970123e-01	   4.7238633466962721e-01	   5.4215644347384795e-01	   3.5017236381478090e-01	   3.6040389656278604e-01	   3.6104737867447911e-01	   3.3362334721820708e-01	   2.4164963146691568e-01	   1.6236356108212668e-01	   3.7181277813647451e-01	   4.4114136626630274e-01	  -9.1152276354425965e-02	   3.4508889306883939e-01	   4.5681321767387445e-01	   5.0095170357120034e-01	   6.1777566674368067e-01	   5.9872416985777177e-01	   5.0664296073662562e-01	  -9.9315913953443052e-02	
   7.1826089624659373e-01	   6.2969506541578257e-01	   6.3051166815854642e-01	   6.1173847734633924e-01	   4.7747228188124102e-01	   4.9876355906389230e-01	   6.7891618701523893e-01	   5.9212271821727203e-01	   4.7165139561532698e-01	   3.6603544727169168e-01	   0.0000000000000000e+00	   7.6750189960934501e-01	   9.2897144973258183e-01	   5.8586943894019639e-01	   5.2950389712274926e-01	   4.3279750290446772e-01	   7.1109115503518305e-01	   6.9940717027661292e-01	   6.5000134188739012e-01	   6.1717199129462419e-01	   1.9404253788025411e-01	   1.1555300523381493e-01	   5.4960646465942997e-01	   5.4468723071904734e-01	   5.1407552319595951e-01	   4.5078114322659069e-01	   2.9331287572336012e-01	   3.3906845570470612e-01	   4.9671755804852596e-01	   3.9879623931956909e-01	   4.1322449626704172e-01	   3.9871241431485416e-01	   7.4402493440142581e-01	   7.7348068492148236e-01	   5.6962464330773921e-01	   5.5293222260618480e-01	   3.5112994766092887e-01	   3.3051767709600521e-01	   3.5188102553691786e-01	   3.3685492813013740e-01	   5.2756238690481894e-01	   3.9361440083764865e-01	   3.6436116931265516e-01	   2.6366122509879453e-01	   2.4867266883097677e-01	   3.5326818931456239e-01	   5.1752254071252868e-01	   4.9980454477461111e-01	   4.7790036744729181e-01	   5.2387650993941626e-01	   6.1031805548773210e-01	   6.1750000575505393e-01	   6.3145578098249433e-01	   6.3995530263862310e-01	   4.9934170500840469e-01	   5.0324935469483523e-01	   6.7544094789085130e-01	   6.4333018355703564e-01	   6.0600238665277906e-01	   4.3665716758253648e-01	   8.3104778019128389e-01	   5.1223693806050230e-01	   7.6886726988710441e-01	   7.3220506682620945e-01	   6.7237551480772018e-01	   6.3349861477818092e-01	   6.5948883158745142e-01	   6.2644649647384110e-01	   6.1153526696824845e-01	   6.3092165981134074e-01	   1.6918313253113834e-01	   2.4472956122446493e-01	   7.0045433746315200e-01	   6.1366226432032589e-01	   5.2677540079814866e-01	   4.4059549341917359e-01	   5.1669689511400807e-01	   4.2378926122490040e-01	   6.2931832544545374e-01	   5.8495655108592548e-01	   7.2216205310701309e-01	   7.7959383958750816e-01	   5.5978661241673366e-01	   5.2298040817012037e-01	   6.6988645576282457e-01	   5.9568921655990281e-01	   1.8973640337767844e-01	   4.3357069686126315e-01	   3.3249619009721249e-01	   4.5376519469615928e-01	   5.6156155398923147e-01	   5.5474441726928569e-01	   2.8987389731510738e-01	   4.6760446612170642e-01	   5.4421146792742542e-02	   1.3821193869547011e-03	   5.6714394822841863e-01	   5.6643825955271754e-01	   5.9551131639318466e-01	   5.7724973664409063e-01	   2.2959952085011576e-01	   3.4524739704108953e-01	   3.7639981801816347e-01	   3.8253786550180280e-01	   1.9931112297850759e-01	   1.1875523244814153e-01	   2.1158662916860388e-01	   9.1624923727214286e-02	  -2.4437875594593517e-01	   2.8523599561381047e-01	   6.1487585496957453e-01	   6.8030510805067124e-01	   6.1682280472478057e-01	   5.3436670243134166e-01	   3.8171010923893167e-01	  -1.2535871240582552e-01	
   7.0432673621988273e-01	   6.3539754632419765e-01	   6.1399577807487893e-01	   7.0432845538413047e-01	   4.0825357167410281e-01	   4.1854551005856011e-01	   6.9480962237116151e-01	   7.8530909663701298e-01	   4.2204435498343534e-01	   3.5500226758853659e-01	   7.6750189960934501e-01	   0.0000000000000000e+00	   7.8950166001856137e-01	   8.9756636159130221e-01	   5.0640805501045971e-01	   5.7925014648094242e-01	   5.5730291815689625e-01	   6.3056506271910273e-01	   6.4457445485446441e-01	   6.4995102685166384e-01	   2.6102690024694813e-01	   2.3992772064087545e-01	   6.6011692730653726e-01	   7.4430885368170807e-01	   4.5346504082172689e-01	   4.6895224986481854e-01	   2.8461864823399974e-01	   3.4324564905519578e-01	   4.0685586171830479e-01	   5.9358568328828676e-01	   6.2881884931419585e-01	   6.4177154599473674e-01	   7.7519792269630594e-01	   8.5069381415251644e-01	   4.9527098385864715e-01	   4.6813968078149448e-01	   2.9348169992254980e-01	   3.0155882647276289e-01	   4.1841052758488173e-01	   3.9503775638808664e-01	   5.4576677612864188e-01	   4.6956875481736671e-01	   2.7569219524656596e-01	   1.2945514284936066e-01	   2.0862331105284457e-01	   2.7340941501793287e-01	   4.4302657942473816e-01	   4.1684731286971483e-01	   3.6836573940381079e-01	   4.5984384545543600e-01	   5.0334716825792147e-01	   5.0120269937112771e-01	   5.7557171748444802e-01	   5.7545262729949620e-01	   4.5739886143097763e-01	   4.6874799476069284e-01	   6.3408300403008544e-01	   6.0957467104217877e-01	   6.6224062571661291e-01	   5.2599937857936752e-01	   8.2128254904086351e-01	   7.5793467168300810e-01	   6.3808945508664894e-01	   8.1873788600064434e-01	   5.6784388918731277e-01	   6.3756219604958786e-01	   5.4661023296968758e-01	   5.5320058571929387e-01	   5.6490115311690137e-01	   5.3974979835252568e-01	   3.4239895692534505e-01	   4.3629364625728245e-01	   6.9760896120347049e-01	   7.5248531043809563e-01	   6.5198919551936996e-01	   5.9979242628345630e-01	   5.7375108789948859e-01	   6.1491241422987830e-01	   4.5783106456607259e-01	   5.7250597436738049e-01	   6.3737220862052579e-01	   7.4381202832770943e-01	   5.2476192238445152e-01	   6.2150097685688022e-01	   6.3693783036943386e-01	   6.6729557514266880e-01	   2.3782646829884493e-01	   4.4431856960106175e-01	   4.3422490379036927e-01	   5.4369903490304283e-01	   5.9811685720986119e-01	   4.0216617947466288e-01	   4.3823230952759185e-01	   3.8217088599874649e-01	  -4.2131939236127243e-02	  -1.2618873467222849e-01	   4.5463620336727606e-01	   5.2285918779370144e-01	   5.2810314603300534e-01	   5.0710943110524420e-01	   4.6053354628380272e-01	   3.7766072889052987e-01	   4.9251553494137956e-01	   4.3145472114092276e-01	   2.8433357996571956e-01	   6.2761222465173225e-02	   3.0969112931230658e-01	   1.7459776734561294e-01	  -3.9201514062175458e-01	   1.0028981878629595e-01	   4.8940055787335834e-01	   6.1664070470052845e-01	   6.1414206781910874e-01	   4.5057442127079628e-01	   1.7501726745426802e-01	  -1.3249317688143644e-01	
   6.4989590375155615e-01	   5.3611297377789957e-01	   6.3283949048578736e-01	   5.9324184670428859e-01	   5.3076304433937627e-01	   5.4145701215394082e-01	   7.3250456968459043e-01	   6.7971065182498402e-01	   5.5881140107987504e-01	   4.2631727848509260e-01	   9.2897144973258183e-01	   7.8950166001856137e-01	   0.0000000000000000e+00	   7.1349368456277751e-01	   5.6962878140021678e-01	   5.1355773443589792e-01	   5.9844468941886264e-01	   6.5708301278926884e-01	   5.4508235558844720e-01	   5.2872404414671925e-01	   2.3980207663197678e-01	   1.8227797282850977e-01	   5.6718175471789878e-01	   5.3236515958513420e-01	   5.4788019877062533e-01	   4.8345954615090292e-01	   3.3361463130883701e-01	   3.8068470420172612e-01	   4.2744153994788786e-01	   3.9436673956856411e-01	   4.6169206574778343e-01	   4.3899754293397086e-01	   6.7455206684918589e-01	   7.2056007855414261e-01	   5.5545950505097441e-01	   5.1205182694888984e-01	   3.1448391454188740e-01	   2.8640915362939273e-01	   3.4639805485252700e-01	   3.2121251774797660e-01	   4.9184829538197317e-01	   3.9700787598878357e-01	   3.4749236623556634e-01	   2.4081562508519141e-01	   1.9512527878757618e-01	   2.8442616751974847e-01	   4.5488850911340517e-01	   4.6254919091468427e-01	   3.5201876170845225e-01	   4.5323300812903577e-01	   5.1612772663845508e-01	   5.6914796767954934e-01	   6.2071016736762985e-01	   6.4352006334638445e-01	   4.5687400258134686e-01	   4.5866323584532864e-01	   6.0118163893257448e-01	   5.5856580381266530e-01	   5.7884438003088601e-01	   4.7426382529364219e-01	   8.9196744944739137e-01	   6.6919177872181224e-01	   6.5449687592845041e-01	   6.9283688079236627e-01	   7.1839905297239071e-01	   6.7078312872622137e-01	   5.9246077806077024e-01	   5.8998474765118858e-01	   5.7404358175587067e-01	   5.8321836359424784e-01	   2.7644654971434379e-01	   3.1362103300918853e-01	   5.9655976175787551e-01	   5.5497604317679117e-01	   4.6677081532852988e-01	   4.0160097368099057e-01	   4.8476628607203104e-01	   4.1278043311896606e-01	   5.5262488309636182e-01	   5.6714984437294635e-01	   6.6543047287442059e-01	   7.3857756939583874e-01	   5.1426841471097851e-01	   5.4858413062474720e-01	   6.5535173932075996e-01	   6.0551751348744887e-01	   1.5612032116773727e-01	   4.1452050558586873e-01	   3.6370505540331544e-01	   4.7419999483469960e-01	   5.4242724171795631e-01	   4.9367816177236945e-01	   2.8852870403314085e-01	   4.1129718252659664e-01	  -4.2966958716895808e-04	  -2.9548120887210937e-02	   4.5117868356440438e-01	   4.9724852531733588e-01	   4.8725348876077418e-01	   4.9771824551277438e-01	   1.8562346644886746e-01	   2.4729433163405512e-01	   3.0514554319569520e-01	   2.5701193301152081e-01	   1.9585491435641200e-01	   1.3223392817253704e-01	   1.8658666320112346e-01	   2.2658635545143947e-02	  -2.5609145516619414e-01	   2.2439146769692614e-01	   5.0052936034883144e-01	   5.7964103259044331e-01	   5.9737886970533594e-01	   4.8226142488101931e-01	   3.8801628976870894e-01	  -6.4831055616117156e-02	
