   0.0000000000000000e+00	   8.0585432771345866e-01	   7.9958126183441336e-01	   7.2697454124484584e-01	   6.3334967580977175e-01	   5.4624934930060154e-01	   7.5374742070493128e-01	   6.9063200274241510e-01	   4.9171651526722737e-01	   1.5569366628158104e-01	   7.8488419622521921e-01	   7.3652201987657395e-01	   8.3617410883844878e-01	   4.7913661814660846e-01	   8.1794129380546421e-01	   7.0725979335760136e-01	   5.9270859517403274e-01	   6.1890630336860675e-01	   8.2681690118861462e-01	   7.9509597688885925e-01	   4.3336786952564155e-01	   5.5771634561895655e-01	   7.3631980955577225e-01	   6.7283757614531403e-01	   4.2122065806480524e-01	   3.5662330334414338e-01	   5.1135833905694039e-01	   5.0126959759830769e-01	   3.8890002447920380e-01	   4.7713375862539009e-01	   4.6574769973711860e-01	   4.3653691725074639e-01	   6.3757564595333571e-01	   6.4728852177720275e-01	   5.2161931014273955e-01	   5.5339978119407440e-01	  -3.1467539627675019e-02	  -1.0208241632482895e-01	   2.6858212912615670e-01	   4.5560674879454011e-01	   3.2165509069220721e-01	   5.4430492245881712e-01	   6.4122283693535620e-01	   5.7384852498098959e-01	   5.6098570505337997e-01	   5.6775705233440077e-01	   6.5614333063983232e-01	   6.2141990892505961e-01	   6.3617058964365936e-01	   6.0053967147448795e-01	   6.9224528753688963e-01	   5.3800239915886294e-01	   6.6045636311095257e-01	   6.6219046177009189e-01	   7.6078856204282419e-01	   7.2702397054399914e-01	   8.0726134893731993e-01	   7.5364176081364198e-01	   7.3834035131901476e-01	   6.6780899520809456e-01	   8.3556529191448514e-01	   6.9603863973468316e-01	   7.0236176074609868e-01	   6.6540359279903927e-01	   6.0049048758748680e-01	   4.5182789614314800e-01	   7.2929727136476130e-01	   6.8932540999316050e-01	   7.5862193803829958e-01	   6.7071832812101806e-01	   1.4145768836073194e-01	  -4.6847312158142418e-02	   6.3864701496296095e-01	   4.6220393114034131e-01	   5.3047411063714156e-01	   4.6646367543442468e-01	   5.9298070416938564e-01	   4.2988314235442937e-01	   5.0411645866494703e-01	   3.7866433462480331e-01	   6.8725442258990488e-01	   6.9085422371168148e-01	   6.7416611798136550e-01	   6.5967824145956810e-01	   8.1206678289003842e-01	   6.4291669634412740e-01	   4.7456425516325551e-01	   3.4771959649296702e-01	   7.1425351666615677e-01	   7.0037111885485159e-01	   6.9538497496245300e-01	   7.4553085517795581e-01	   2.4280178331902086e-01	   4.5443099414886906e-01	   5.8919446502771855e-01	  -4.7689371231078366e-02	   6.5806260256719251e-01	   5.9033155924676728e-01	   7.0943745929327573e-01	   7.7468075810037273e-01	   2.1939772099543370e-01	   3.8675509359721827e-01	   5.1546232501216882e-01	   5.3619780401160821e-01	   2.5625519751340542e-01	   1.7639706553723386e-01	   1.6522294258634806e-01	   3.9352406077421859e-01	   8.3403374930430429e-02	   2.3808335231684719e-01	   5.9481450603671560e-01	   6.7351144244127048e-01	   6.5186097565078749e-01	   5.3262565723433586e-01	   4.5568177276322175e-01	   1.6299021586793547e-01	
   8.0585432771345866e-01	   0.0000000000000000e+00	   6.9138597827459147e-01	   7.6978428631537432e-01	   6.5532504124778734e-01	   5.1920288200601505e-01	   5.7211342865367065e-01	   6.4901669694965991e-01	   4.8395788043700588e-01	   6.9253764838899917e-02	   6.0633379306667579e-01	   7.7156394339384426e-01	   6.7202731770721091e-01	   4.5653729948977961e-01	   6.7493194454437266e-01	   6.8625159624940602e-01	   6.1968993097678970e-01	   7.1076595047887858e-01	   8.3495704454117758e-01	   8.6325101043521990e-01	   4.6835149681666199e-01	   5.8574353848533900e-01	   5.9801846065336361e-01	   6.4591589420427720e-01	   4.5655133429916117e-01	   3.8222124079415498e-01	   4.4466918394962818e-01	   4.1347903913758943e-01	   3.9740216254746907e-01	   5.4013822465430195e-01	   4.9160974484210745e-01	   4.2346532389732955e-01	   6.0131388741471392e-01	   6.3266452982666244e-01	   4.4633863236006988e-01	   4.9367507553624040e-01	  -1.6183214129671961e-01	  -9.5997303225936415e-02	   2.2330706327390704e-01	   4.6545234445692141e-01	   1.2558126355691560e-01	   5.2922132967053348e-01	   6.3592546537709027e-01	   5.7016567251318251e-01	   5.6766843740481354e-01	   5.9997815427435053e-01	   6.7601922015274907e-01	   6.3871233683064443e-01	   6.6005960292280685e-01	   5.9162066800492719e-01	   7.2796450527681822e-01	   5.3879814601332865e-01	   7.2530448562107419e-01	   6.8611741653651248e-01	   7.6879572856488099e-01	   7.6806343148454359e-01	   7.5816611916693510e-01	   9.2394188119673393e-01	   7.1568890733793966e-01	   7.6606608020224543e-01	   6.7507445459801030e-01	   6.9791250511147207e-01	   6.2019717943280150e-01	   6.8082677641603562e-01	   4.0053810635552994e-01	   3.5272932107637733e-01	   6.8646630515940321e-01	   6.6469037955181809e-01	   7.6809095469331112e-01	   7.6566378717873085e-01	   2.8801719913529922e-01	   2.0857037845550628e-02	   6.7827237633989168e-01	   5.5451425338372129e-01	   4.8945756346320801e-01	   5.0269201605911551e-01	   5.6670056984543615e-01	   5.4089301199604933e-01	   5.3746319124798581e-01	   4.5342868414828286e-01	   7.1136834191322462e-01	   6.9503136840405422e-01	   5.6737715427416857e-01	   6.1295361700480600e-01	   7.0477077597252702e-01	   5.6609490543424668e-01	   4.1505271921999576e-01	   3.5045115706673952e-01	   6.6247954728424430e-01	   6.8316445939363035e-01	   7.3533427319393685e-01	   6.6336762590608034e-01	   2.9605981171625639e-01	   3.9755909902341280e-01	   5.5244150350834675e-01	   3.0348818845830374e-02	   6.9877705153945202e-01	   6.4562353422935326e-01	   7.5881721902996480e-01	   7.5837472567427977e-01	   3.2536509288912380e-01	   4.1001114642930647e-01	   6.2484925974006433e-01	   5.7922394504558006e-01	   4.2166818326991029e-01	   3.0988694377310594e-01	   1.5028912223533003e-01	   3.7256955277193737e-01	   5.2665436182439747e-02	   1.9174530870615100e-01	   5.7026847823717319e-01	   6.8667578272714991e-01	   6.2682728084166894e-01	   6.1830980773409006e-01	   5.6228564501337208e-01	   1.5689832787156449e-01	
   7.9958126183441336e-01	   6.9138597827459147e-01	   0.0000000000000000e+00	   8.3826768245809435e-01	   7.1704269756847516e-01	   7.0694816472951194e-01	   8.7496994656786165e-01	   8.0998090569981673e-01	   6.6638172621444247e-01	   3.4931249683893095e-01	   6.8724339640285204e-01	   7.1210111696785283e-01	   7.9136881331777631e-01	   4.4690347605148262e-01	   8.7807276238781229e-01	   8.2259238211625985e-01	   3.9192822123910903e-01	   4.6055479229010421e-01	   8.1448091723329474e-01	   7.2702577677530811e-01	   4.6759250679868297e-01	   5.4686876076506252e-01	   8.6409412205822278e-01	   8.5767686327876547e-01	   4.5831284702810360e-01	   4.3719242318429380e-01	   5.9697155878722818e-01	   6.3275775781120025e-01	   3.7910732460201901e-01	   3.8112225295123447e-01	   5.5636924823366585e-01	   5.4541646909979902e-01	   6.5888990805670944e-01	   6.4661273482663129e-01	   4.9549861086662728e-01	   5.1919563011476122e-01	  -1.6453714932637675e-01	  -1.9441929229122121e-01	   2.8100497609430169e-01	   4.1070003388101517e-01	   1.9400109355690751e-01	   4.6512257258082323e-01	   6.6082308014614044e-01	   5.8703616889228827e-01	   6.7779152901723538e-01	   6.3562356568507128e-01	   6.2567672088817150e-01	   5.9947237587421265e-01	   6.7517824767695944e-01	   6.8568111362629824e-01	   6.5989263028088141e-01	   5.9150685607444664e-01	   6.0290524710886695e-01	   6.6805110379816190e-01	   7.7491033089922601e-01	   7.3618378568905229e-01	   5.6610661691081932e-01	   6.2969709231441329e-01	   7.7593664268831164e-01	   7.1730403634787177e-01	   8.0579089066672349e-01	   6.7660679313969863e-01	   5.3851369262286419e-01	   5.1920106334877536e-01	   6.2442531920200495e-01	   5.5388103577553349e-01	   8.0821350011851156e-01	   7.4376411232896744e-01	   6.3049409248772448e-01	   6.2000199601718409e-01	   2.1127410531198810e-02	   6.5283315357968927e-02	   4.6361244756629627e-01	   4.7405125927060587e-01	   4.7328419520625081e-01	   3.6518882455167112e-01	   4.3512331503149176e-01	   2.7156105916460532e-01	   3.8760317599240413e-01	   2.8699106470865898e-01	   5.8758897706717028e-01	   6.0771393640536697e-01	   6.7759912742539163e-01	   6.5588741066500955e-01	   7.8525877409885236e-01	   6.6055300700563624e-01	   4.3390736338573183e-01	   3.7013774377176045e-01	   7.9705231909237895e-01	   7.5009861611509843e-01	   8.1046402392200889e-01	   7.6823421801550495e-01	   5.3788025521333993e-01	   6.0011970050509666e-01	   6.4097288250797602e-01	  -3.9184235989181027e-02	   6.4393834044596943e-01	   5.6599261884605090e-01	   7.4609333074853912e-01	   7.4141316847230354e-01	   3.7573975849293550e-01	   5.2425222604583277e-01	   6.0922545627168789e-01	   5.3024062413966289e-01	   2.6592691957671877e-01	   1.3636833317061986e-01	   2.0199149681137224e-01	   3.5114079882502724e-01	   8.3214735803903567e-02	   2.6178202045718574e-01	   4.9886074748344134e-01	   6.3064180408949189e-01	   7.0214933805294799e-01	   4.9788272600327765e-01	   3.9435463368120161e-01	   4.8193982823255405e-02	
   7.2697454124484584e-01	   7.6978428631537432e-01	   8.3826768245809435e-01	   0.0000000000000000e+00	   7.1418312214031110e-01	   7.1448467803787530e-01	   7.8168616025540749e-01	   8.3662922771036152e-01	   5.2669461785704219e-01	   2.7901653973927276e-01	   6.1376198101378598e-01	   7.3469351057744592e-01	   7.5693438063235186e-01	   4.2512649766875571e-01	   7.3045408917093002e-01	   8.5635990067316814e-01	   4.4775244295765521e-01	   5.2687339492329677e-01	   8.4896056151569055e-01	   8.5490800778570719e-01	   4.1540556314857718e-01	   5.6879572977175374e-01	   7.4555785107162409e-01	   8.6140931639817875e-01	   4.3729066964260171e-01	   4.0645921082036218e-01	   4.7303486817564289e-01	   4.6947901480041093e-01	   3.8485799806410115e-01	   4.5933078712215647e-01	   5.3311877021530307e-01	   5.2284181757735193e-01	   6.8930699543805329e-01	   7.0072598142321119e-01	   3.8721709773887397e-01	   4.4275132860931277e-01	  -2.0335192632492427e-01	  -1.8753976285514951e-01	   1.5190235329511503e-01	   4.1654613221951492e-01	   3.5438917301239568e-02	   4.0544290247059456e-01	   5.7879922893273417e-01	   5.3314708627914720e-01	   6.3716719205726013e-01	   6.4295300094365282e-01	   6.1560641140790240e-01	   5.9690358246190200e-01	   6.6351214799587599e-01	   6.4336747597022614e-01	   6.8662678423482471e-01	   5.4126441343166276e-01	   5.9524185073791547e-01	   6.4558417506115240e-01	   8.0275609900945644e-01	   7.6411821932203705e-01	   4.9695831224587178e-01	   6.9578302104919398e-01	   6.7615836881300706e-01	   7.2211349584028572e-01	   7.4486222957993042e-01	   7.8162381013649174e-01	   5.9637478171317593e-01	   6.1847173822742585e-01	   5.5324387695267430e-01	   5.6097618839806518e-01	   7.7801909076184306e-01	   7.4941034990019428e-01	   7.1074380319260588e-01	   7.0403645024664518e-01	   1.7607060278032316e-01	   2.0558154232095344e-01	   4.9616770035769819e-01	   5.2323194672344675e-01	   3.9224501866244599e-01	   3.8382651575096649e-01	   4.5829644999559926e-01	   4.0166613619055658e-01	   4.6539433982334449e-01	   3.9670535114158634e-01	   6.4655761220669938e-01	   6.0732518239611877e-01	   6.0773937089812180e-01	   5.9224578372256520e-01	   7.6665810794500888e-01	   6.7246054075277817e-01	   3.4475574616176213e-01	   3.2574742263731515e-01	   7.2534695369036906e-01	   7.2257974886848408e-01	   8.0639264539665823e-01	   6.9831588608419792e-01	   4.8983039331318978e-01	   5.0798548303788760e-01	   5.0768271288593902e-01	  -6.8769677714293917e-02	   6.5137603199532412e-01	   5.6462129858747656e-01	   7.6603897455202996e-01	   7.1510064199653411e-01	   3.0079182754847822e-01	   4.2365787828107671e-01	   5.6321292873374773e-01	   5.0286375423911600e-01	   3.4129505265766319e-01	   2.5539472466752761e-01	   1.0975391461415965e-01	   2.7352517048604619e-01	   1.1099240985331434e-02	   1.6823025160980792e-01	   4.4918145526157549e-01	   6.4075908726203656e-01	   6.4327479333366033e-01	   5.1915041186762434e-01	   4.9072774833840682e-01	   1.0405172606164462e-01	
   6.3334967580977175e-01	   6.5532504124778734e-01	   7.1704269756847516e-01	   7.1418312214031110e-01	   0.0000000000000000e+00	   8.0277053531211595e-01	   6.6042362596104465e-01	   6.1829098996154253e-01	   8.5540096337477900e-01	   5.4183103250104980e-01	   4.2928826780198537e-01	   5.3957402481240646e-01	   5.4043046140831885e-01	   3.1512719958358593e-01	   7.1755277296061259e-01	   6.4889198212000054e-01	   3.0176182950014530e-01	   3.3086759681877115e-01	   6.7468541912768909e-01	   6.5302414882369131e-01	   4.2247066294470703e-01	   5.4200451943618377e-01	   5.4741821514421152e-01	   6.1491778165002942e-01	   6.2322405941501402e-01	   5.7155911088993627e-01	   3.2597502045178861e-01	   4.0516725362396411e-01	   2.2468481972044152e-01	   3.0448140355501024e-01	   4.0265633365473258e-01	   3.3393886084798380e-01	   4.8446535039325500e-01	   4.8281000003730090e-01	   4.2583728591935571e-01	   4.7582486335530300e-01	  -1.1685853339575948e-01	  -7.8223662933881222e-02	   3.3009379252150295e-01	   4.4362296709663396e-01	   2.1317528052962109e-01	   4.8237229670492082e-01	   6.6440638529517837e-01	   6.0849411954091814e-01	   6.3358423881243697e-01	   6.1877305632681434e-01	   6.8260092218956636e-01	   6.7558765253147834e-01	   7.3889076525183039e-01	   6.7628975235501487e-01	   7.6955418965468736e-01	   6.7977144503081111e-01	   6.3076377226514357e-01	   6.8257178486312542e-01	   7.7966149997453849e-01	   8.0316755335222212e-01	   3.7206094878942036e-01	   5.7199173094051758e-01	   7.6004541454828545e-01	   7.6697172004295600e-01	   6.8710119170338269e-01	   6.3936381140265153e-01	   4.3997576194088051e-01	   3.8810577616316699e-01	   5.4200424107586831e-01	   4.9131409161272943e-01	   7.1208346227013175e-01	   6.7805315148376699e-01	   5.9207791609489790e-01	   5.8405610323695245e-01	   1.4162442220314395e-01	   2.4001647171531015e-01	   3.0582421192154952e-01	   4.1010845362947262e-01	   4.2215373931019978e-01	   3.6143270963376495e-01	   3.6132241058908965e-01	   2.6247422620590188e-01	   3.2841813727602598e-01	   2.2342201137382209e-01	   5.0015694031653013e-01	   4.7313478489605504e-01	   5.3982462353113569e-01	   5.3901251394686711e-01	   6.4886753454737811e-01	   6.1197943818592571e-01	   4.4629972826506648e-01	   5.7057203563815906e-01	   6.7150804106133566e-01	   7.0358406508729088e-01	   6.5758796215989634e-01	   5.9528611898921135e-01	   4.1984234800624465e-01	   4.5519251360470492e-01	   4.3378183574531270e-01	  -5.5431101673120958e-02	   5.6455314366650033e-01	   4.8513080003997594e-01	   6.1813662677043535e-01	   6.4472474375852173e-01	   3.4272824813659175e-01	   4.3334135985045141e-01	   4.8871510941004076e-01	   4.5518230556721834e-01	   2.2068887158059391e-01	   1.4046094695414310e-01	   2.4874385957010897e-01	   3.5140904194562322e-01	   3.3861724489120670e-02	   1.7096927271345413e-01	   3.8414629000620804e-01	   5.1592645911456703e-01	   6.3423224847196114e-01	   3.6650169410129707e-01	   3.2308081563645041e-01	  -3.3553197507028093e-02	
   5.4624934930060154e-01	   5.1920288200601505e-01	   7.0694816472951194e-01	   7.1448467803787530e-01	   8.0277053531211595e-01	   0.0000000000000000e+00	   6.1516867787827567e-01	   5.4592216677885175e-01	   8.0086442995638052e-01	   7.5739130197092908e-01	   5.1170848755875820e-01	   5.0474145555421113e-01	   5.9573747417649137e-01	   2.5538592529539456e-01	   6.0461486946351028e-01	   6.7876226657918037e-01	   3.3547069895788650e-01	   3.9717917285845727e-01	   6.1775880724021359e-01	   5.6653633365273504e-01	   3.5090634563037915e-01	   4.9434658737333109e-01	   5.7766595198310511e-01	   6.3440842474807280e-01	   6.8646628907933860e-01	   7.1603925510824751e-01	   1.9407388756463523e-01	   3.1616911265793846e-01	   3.1624522357227497e-01	   3.6931977502490043e-01	   5.4195819748086183e-01	   4.1179796367770388e-01	   5.5916486999306680e-01	   5.0165601779402880e-01	   3.7852995031274750e-01	   4.5443139341823102e-01	   2.4602223630052034e-02	   3.7006569313992564e-02	   3.3160869115377117e-01	   5.3524095305863539e-01	   2.0109712080597761e-01	   5.3262282252585913e-01	   5.7936840532101397e-01	   5.1360275401870725e-01	   5.5173335552146585e-01	   5.7167957698120109e-01	   6.3197454784516793e-01	   6.1674287022747998e-01	   5.9517928602375436e-01	   5.8527531717711101e-01	   6.2424600300674382e-01	   5.4637181503637033e-01	   5.3810151966805053e-01	   6.0035381531848087e-01	   7.2704477919470456e-01	   7.2733243686627769e-01	   3.2223181177458082e-01	   4.2194893220264879e-01	   6.1345492692996362e-01	   5.8060494061253842e-01	   6.4200437802668542e-01	   5.8823258447347238e-01	   5.4452228802666958e-01	   4.0578939876525855e-01	   5.7548102528780998e-01	   4.9222237632472954e-01	   6.5736843051317551e-01	   6.0886516235435384e-01	   5.3500250740571031e-01	   5.0611804995831911e-01	   1.5609063813612412e-01	   4.5193291224409404e-01	   3.2513438192857147e-01	   5.9419165194552725e-01	   3.9837998641701611e-01	   4.0031535211085795e-01	   4.5950031286986703e-01	   2.8093818790064451e-01	   3.9501399045162522e-01	   3.7145391701324271e-01	   5.0554129795540825e-01	   4.2400459669431034e-01	   4.3705511081268744e-01	   4.0664337482130353e-01	   5.9905169537120240e-01	   4.0145008993933107e-01	   3.4790454271580540e-01	   4.2124192466929089e-01	   5.4252318300415625e-01	   5.7234454733357532e-01	   6.3526656768141820e-01	   6.7185449178703704e-01	   4.8624180647083137e-01	   5.5794182345416732e-01	   4.3741216709279906e-01	  -2.8690914200512403e-02	   6.3415576313452537e-01	   5.2428465291931048e-01	   5.8392948561124502e-01	   6.2768148045929717e-01	   4.6094919172425541e-01	   5.2804202989733029e-01	   6.0034214529287466e-01	   5.7183134335282737e-01	   3.0528830661659778e-01	   2.8064379187012672e-01	   3.1836544153675117e-01	   4.8738855926129065e-01	   3.0379760880743435e-02	   1.6685276274583052e-01	   4.6744647646888482e-01	   5.4449013024499548e-01	   7.0327148077278101e-01	   3.5656543704405230e-01	   2.6156715642123834e-01	   3.6064047599127853e-02	
   7.5374742070493128e-01	   5.7211342865367065e-01	   8.7496994656786165e-01	   7.8168616025540749e-01	   6.6042362596104465e-01	   6.1516867787827567e-01	   0.0000000000000000e+00	   8.3902407468760409e-01	   5.2759565616616877e-01	   2.7003760658665604e-01	   5.9366505151534277e-01	   5.7915973225039774e-01	   7.9736993618178109e-01	   3.4732076214430518e-01	   8.0658573781363474e-01	   7.1447292213063096e-01	   2.1118805865749052e-01	   2.9794901346092378e-01	   6.9119967662111503e-01	   6.4352726092752510e-01	   4.2442987628165751e-01	   5.0870715238394859e-01	   7.2426605279412204e-01	   6.9712593777631526e-01	   1.8831497004647924e-01	   1.6646855343399286e-01	   6.1114362786418708e-01	   6.2723167563190341e-01	   1.7015747912910636e-01	   1.8215433384213447e-01	   3.0419070367742718e-01	   3.3323235844562438e-01	   4.9764168699143396e-01	   5.0869841725005593e-01	   3.4022859047966525e-01	   3.4743147010348263e-01	  -2.1336354927534334e-01	  -3.3882424425807900e-01	   2.2377525852009530e-01	   2.5673647607487254e-01	   6.8818427231705795e-02	   2.8947304568791155e-01	   4.6806891868304051e-01	   4.0642004212700916e-01	   5.2822950047088912e-01	   4.7165478128957522e-01	   4.5666343329120263e-01	   4.1827325441931418e-01	   5.8240782116093270e-01	   5.5914595130593647e-01	   5.3751595141527209e-01	   4.5919211398039073e-01	   4.3381142326858035e-01	   5.5219168922219386e-01	   6.6483861142367562e-01	   5.9999787815319472e-01	   3.6636816637457298e-01	   5.0091756436559387e-01	   7.0682042967586145e-01	   6.5586279829796523e-01	   8.2443105640129355e-01	   6.7117088754912757e-01	   4.5718162885896901e-01	   4.2731578795108344e-01	   5.3721068509711623e-01	   4.5687538346008166e-01	   6.9563234216526215e-01	   6.2329178259010931e-01	   5.2136540698859868e-01	   5.3174325441112480e-01	  -9.9395328024912064e-03	   5.0475720054960205e-02	   3.6584154033307670e-01	   3.2054642886432017e-01	   3.4073280169472087e-01	   2.3228237908072158e-01	   3.1549265127950710e-01	   2.0580345105809827e-01	   2.0296937817818628e-01	   1.0792220923452400e-01	   3.9627213610524675e-01	   3.8609063155518397e-01	   5.5695947296278514e-01	   4.8251705884104457e-01	   6.7508462372627687e-01	   5.7991435616211429e-01	   3.3865540219936224e-01	   2.9319762828996204e-01	   7.7931055205661548e-01	   7.5388759750799927e-01	   7.3709409390176894e-01	   6.6064509870299792e-01	   4.9715263352180289e-01	   5.4681913348464195e-01	   5.1989045680128965e-01	   2.6415789062837237e-02	   4.6325863754255503e-01	   4.2044999569686370e-01	   6.2500699888962974e-01	   6.0709792370866156e-01	   2.8550043015396021e-01	   4.5550472491911920e-01	   4.4527212764987567e-01	   4.2420763901474057e-01	   2.2634256538680020e-01	   1.0878530848499149e-01	   2.3711685886308814e-01	   2.5524540444226046e-01	   1.6467357356442450e-01	   2.4775540101586480e-01	   3.1169073861700575e-01	   4.6696113055672417e-01	   5.5228265028713430e-01	   4.6532210388762113e-01	   4.1268240521173083e-01	   1.2124570890220077e-01	
   6.9063200274241510e-01	   6.4901669694965991e-01	   8.0998090569981673e-01	   8.3662922771036152e-01	   6.1829098996154253e-01	   5.4592216677885175e-01	   8.3902407468760409e-01	   0.0000000000000000e+00	   5.0958766880982509e-01	   1.7154844711156203e-01	   6.1772783639243523e-01	   7.7936103821992053e-01	   7.6517581847590854e-01	   6.1809213912061900e-01	   7.5217970833183467e-01	   7.6197616965038395e-01	   3.6274402878983963e-01	   4.3606860469770986e-01	   6.8699465778162205e-01	   6.6347817827687583e-01	   2.9206288602867841e-01	   4.2032428747299588e-01	   7.0354804116867786e-01	   7.5004002616805998e-01	   1.9198823493400019e-01	   1.5405976216972664e-01	   4.9759076554821879e-01	   4.6752102378779015e-01	   3.8554099648861107e-01	   4.1698520735179673e-01	   3.9223707614055747e-01	   4.7817479777933120e-01	   5.6237537932948789e-01	   6.1004297482438208e-01	   1.5295805426207687e-01	   2.1588476595998812e-01	  -3.4332653146220093e-01	  -4.4231675861870756e-01	   6.2300864172289083e-02	   1.9343727905190783e-01	  -1.0869764844486526e-01	   2.4527631102052927e-01	   4.7756694848806702e-01	   4.5695725619759647e-01	   5.8210056878168071e-01	   5.3483860313145493e-01	   4.6448347208972118e-01	   4.5292007852736638e-01	   6.6698339318540412e-01	   6.5712587686351831e-01	   6.1557235394462029e-01	   5.4773933726584256e-01	   5.0935617495136376e-01	   5.8999592168325909e-01	   6.8473840864407642e-01	   6.0566925375608804e-01	   3.9607562356504594e-01	   5.4942129611482060e-01	   6.5629242708418412e-01	   6.8779669418560874e-01	   7.8209853393991202e-01	   8.1816837862339864e-01	   5.1468445590839429e-01	   5.8009466679743038e-01	   3.9526843180078797e-01	   4.5792418463587076e-01	   6.3625715153013851e-01	   5.9138809946240456e-01	   4.6386330941514287e-01	   4.9146241854121753e-01	  -1.8432310618668332e-02	   8.2490483456160127e-02	   3.7805221836249775e-01	   4.5586199160395136e-01	   3.7151052253828482e-01	   3.3565197872539010e-01	   2.5716731673006632e-01	   2.2252638035724692e-01	   3.2642691996076961e-01	   2.8293796498745427e-01	   5.1589656292215813e-01	   4.6759960016189156e-01	   4.8946183018479228e-01	   4.8798520853671989e-01	   6.4237507988864551e-01	   5.8412303333986593e-01	   2.6555820190684171e-01	   1.5881233494809571e-01	   6.6825147215670477e-01	   6.2966092990977618e-01	   7.1416224987751309e-01	   5.5501278023893241e-01	   4.4488531531517639e-01	   3.8677668759040129e-01	   4.9105697212321420e-01	   1.2103916520464639e-01	   5.0224534777836127e-01	   5.5825943596923477e-01	   6.5959260613726245e-01	   6.0305692119181376e-01	   3.2163481307174424e-01	   3.3313027355471869e-01	   4.2620008591504771e-01	   3.6488074802567178e-01	   1.7435800245600394e-01	   7.1602132474949509e-02	   7.0861926761862482e-02	   1.8427584642609501e-01	   9.0385359494030107e-02	   2.9427514781554970e-01	   3.4338455799306467e-01	   5.2850358391019825e-01	   5.7272856280341189e-01	   3.8481257176715616e-01	   3.2838347583057570e-01	  -1.3172741443894947e-03	
   4.9171651526722737e-01	   4.8395788043700588e-01	   6.6638172621444247e-01	   5.2669461785704219e-01	   8.5540096337477900e-01	   8.0086442995638052e-01	   5.2759565616616877e-01	   5.0958766880982509e-01	   0.0000000000000000e+00	   6.3905917139133694e-01	   4.6597981023160318e-01	   5.0781087903808553e-01	   5.0769593316976147e-01	   2.9921784157709530e-01	   5.9892453725103234e-01	   5.3416774562529801e-01	   3.1806364773017592e-01	   3.3912397581223797e-01	   4.8980713825646849e-01	   4.0408124034603743e-01	   2.7807067451917772e-01	   4.0750782413430892e-01	   5.5640324063551205e-01	   5.7345012254623384e-01	   6.6701270967690873e-01	   6.7649773129068880e-01	   1.6659820853981389e-01	   2.9600276580261764e-01	   3.4361800985743413e-01	   3.8559534659953087e-01	   5.3863912007435100e-01	   4.7917026491456016e-01	   4.6136082534328521e-01	   4.7403741449032649e-01	   3.7920251028558699e-01	   4.4975301507812049e-01	  -1.3629829821622422e-01	  -3.3064743852943251e-02	   2.3637821732495218e-01	   2.8718893319918082e-01	   2.3934943707195927e-01	   4.5716670998171499e-01	   5.4586033603046413e-01	   5.1227700082227434e-01	   5.6340445554820828e-01	   5.5176602434265609e-01	   5.5589249932245355e-01	   5.5811358344316930e-01	   5.9761634662609708e-01	   6.2579345567756839e-01	   6.2106781473565242e-01	   6.5651247864274265e-01	   4.9063022054952504e-01	   5.3449630062955078e-01	   5.8653970103053144e-01	   6.0488096016920900e-01	   2.9876751206899976e-01	   3.9182846003556993e-01	   5.9793622944387259e-01	   5.6596155299936957e-01	   5.9306972524880774e-01	   5.7015423843432744e-01	   4.3583835584018898e-01	   3.6517117958800005e-01	   5.6614457852622091e-01	   5.1775361020703048e-01	   5.5564197362636358e-01	   5.4557931150635541e-01	   3.4577822129964908e-01	   3.3491104432021279e-01	   7.2510041457188257e-02	   2.1000666993734043e-01	   2.4439893938803606e-01	   4.9331604764059062e-01	   5.0345948758261505e-01	   4.7068397995228628e-01	   3.5626943364772296e-01	   2.1657072753718726e-01	   3.4008867226635070e-01	   3.0290442981582905e-01	   4.7710760574813738e-01	   4.5401407737016836e-01	   4.1513255444926395e-01	   4.1132508781817345e-01	   5.4942073240772726e-01	   4.3894762842650820e-01	   4.1459209786226220e-01	   3.7024953464153820e-01	   4.4060422237943064e-01	   4.1900262816344241e-01	   4.6849200530120466e-01	   5.2100501400269095e-01	   4.0541688858480940e-01	   4.4598459823028291e-01	   3.5923840529859546e-01	  -3.4964313185411634e-02	   5.1707997331702793e-01	   4.7160255846814481e-01	   4.9934788219173587e-01	   5.5454861071491957e-01	   5.2155645430465414e-01	   4.9861835701169643e-01	   5.5113370608582968e-01	   4.6507195527371925e-01	   1.8626726408209382e-01	   1.0895250781989697e-01	   3.2256052252077105e-01	   4.0172784792445304e-01	  -4.5869761581460333e-02	   1.4468718470644626e-01	   4.4066579420720720e-01	   4.7860511343619377e-01	   5.7227864455815713e-01	   2.4438914510416529e-01	   1.3139698947949896e-01	  -9.8400473088784884e-02	
   1.5569366628158104e-01	   6.9253764838899917e-02	   3.4931249683893095e-01	   2.7901653973927276e-01	   5.4183103250104980e-01	   7.5739130197092908e-01	   2.7003760658665604e-01	   1.7154844711156203e-01	   6.3905917139133694e-01	   0.0000000000000000e+00	   2.2966758884629704e-01	   1.0707338134902034e-01	   2.3162749402066002e-01	   1.3621354213551340e-01	   2.3738497786846480e-01	   2.2640645696873740e-01	   1.6254805256209076e-01	   1.0669630935888863e-01	   2.0662341795186476e-01	   1.5050561939666690e-01	  -8.9834104057190403e-02	   1.6966730940521312e-03	   2.5538313769979348e-01	   2.5686593082597992e-01	   5.2399919494599401e-01	   6.0753544810243554e-01	  -1.6327939466812136e-01	  -5.7373656686714972e-02	   2.0594376286607180e-01	   1.0828647714967604e-01	   2.7084712748894518e-01	   1.6665030555305410e-01	   2.2368860966897325e-01	   1.4456805214363705e-01	   1.3786443068397292e-01	   1.8410966305961726e-01	   2.3239674798665594e-02	   2.6409074030881712e-02	   2.0561198368432415e-01	   2.8909046495472512e-01	   1.4212359841311228e-01	   2.4704888930202012e-01	   3.1944581000711669e-01	   3.1715568908567443e-01	   3.0262609456786066e-01	   3.0511957968685033e-01	   3.5623926334280470e-01	   3.6130865409401902e-01	   3.2924814936231178e-01	   3.7496119789201016e-01	   3.5388008908712570e-01	   3.5409971470525059e-01	   2.6109405194097990e-01	   3.5859715570620404e-01	   3.8332539985659031e-01	   4.0471777717355256e-01	  -3.7360092794183390e-02	   5.5879278480161609e-02	   3.1587469708109572e-01	   2.5271920172368612e-01	   3.4156116962100019e-01	   2.3951901023437977e-01	   2.4573543761047392e-01	   1.1644290959767133e-01	   3.9742598726197687e-01	   3.1317422504599002e-01	   2.8801967547815482e-01	   2.5563472122410064e-01	   1.6604764646113374e-01	   9.2633848363922036e-02	  -6.0126535959500058e-02	   5.5533895523089338e-01	  -1.9291718955739716e-02	   2.8786279552063804e-01	   1.6239258777675372e-01	   7.3556479178207068e-02	   1.2044484636229710e-01	  -6.4793224434339353e-02	   3.2605064544789081e-01	   2.7843249324123442e-01	   1.9998301826389894e-01	   1.2867460880558276e-01	   2.2097178141883295e-02	   3.8296227910770454e-02	   2.0891536857105522e-01	   6.6671262666134337e-02	   6.0220309047242376e-02	   2.9098206555744000e-01	   2.0889390172446440e-01	   2.1147472570108719e-01	   2.2149962181372848e-01	   2.5581856883785625e-01	   2.4854862474974559e-01	   2.1670150700630120e-01	   1.2598859520362318e-01	  -4.1452430566859898e-02	   2.4630444978705565e-01	   1.5920719266407096e-01	   1.2995405054727041e-01	   1.7638511815270133e-01	   2.0673163259493932e-01	   1.6826458394133142e-01	   1.9636917551551222e-01	   1.3816784827462897e-01	  -2.2768107576631905e-02	   4.3609819381492179e-02	   9.4192837023552745e-02	   1.6447252853113481e-01	  -7.4382349442187148e-02	   1.3001617142284042e-01	   1.3186106017084487e-01	   1.4637981700861277e-01	   4.1553087192399907e-01	  -7.5358365702365995e-02	  -6.9794443511286219e-02	  -1.9364628667780387e-01	
   7.8488419622521921e-01	   6.0633379306667579e-01	   6.8724339640285204e-01	   6.1376198101378598e-01	   4.2928826780198537e-01	   5.1170848755875820e-01	   5.9366505151534277e-01	   6.1772783639243523e-01	   4.6597981023160318e-01	   2.2966758884629704e-01	   0.0000000000000000e+00	   8.0559233391986229e-01	   8.8127701318196050e-01	   5.6644465945984945e-01	   6.3359966831907100e-01	   5.6291691024990653e-01	   7.4996959905396543e-01	   7.1247987166524807e-01	   6.5843757031119565e-01	   5.9240039888602125e-01	   2.1858301281778358e-01	   3.9179364985940901e-01	   7.9087977890113281e-01	   6.8771662076480056e-01	   4.3995465846344439e-01	   4.3826084048170888e-01	   2.2251771078023508e-01	   2.2154470052781838e-01	   6.3816191709622005e-01	   6.5881982190089516e-01	   6.2713778654351571e-01	   6.1425624877325746e-01	   7.6202545987302817e-01	   7.8006475110419693e-01	   4.5344975583765096e-01	   5.5741968846958667e-01	  -2.6058734738214448e-02	  -2.0528861086145770e-02	   2.8303441718131858e-02	   2.7847231931568373e-01	   2.5336942203115120e-01	   4.3643377611446943e-01	   5.6141884436183431e-01	   5.5227468402862723e-01	   6.0177003523908512e-01	   6.1475554984943859e-01	   5.9740394764366478e-01	   6.0343794819056540e-01	   5.7061137371931603e-01	   6.6285074822302537e-01	   6.2433227068453512e-01	   5.6272244489167256e-01	   5.5911912529373919e-01	   4.4382716703926300e-01	   6.1661884884601581e-01	   5.6188972538722459e-01	   6.3673060339385001e-01	   5.5279725535340818e-01	   5.6968658339754141e-01	   5.0566737938320250e-01	   7.9372783914391432e-01	   7.4900086656323761e-01	   8.2954453321039634e-01	   7.6586236451441603e-01	   6.7610734624493751e-01	   5.8635146896081314e-01	   7.1165868506028929e-01	   6.9864293855204096e-01	   5.4375496156053305e-01	   4.4085852775626572e-01	   9.4239509168571517e-02	   4.6896612640593527e-02	   6.7052823828459807e-01	   6.2902897365737431e-01	   7.0145539640563515e-01	   6.1447759649333977e-01	   6.6023756938152478e-01	   5.4636076624701857e-01	   6.3035037851120446e-01	   5.6226258560137432e-01	   7.4913151416682722e-01	   7.3360533185920362e-01	   6.0264300930317960e-01	   5.0850522333228798e-01	   8.1415963790611001e-01	   5.3106059891229573e-01	   4.5921591623050745e-01	   7.0113038578268366e-02	   4.7804811201206288e-01	   4.1662796616556930e-01	   5.5729779670139423e-01	   6.9368830163729744e-01	   1.2827769742845396e-01	   3.9276829415279446e-01	   4.2910072067280891e-01	  -1.4177727093647094e-01	   6.6151009853410503e-01	   5.5012032597245031e-01	   6.5841683938770701e-01	   7.1740317357513295e-01	   2.8710820973739054e-01	   4.0160377539036635e-01	   5.3468910431545069e-01	   5.4728367809058165e-01	   2.2724636141236704e-01	   1.2346922748019401e-01	   1.3509108097853981e-01	   4.2041188300591137e-01	  -7.8438215873978381e-02	   1.5290180795275410e-01	   7.3316885258905140e-01	   6.9615636256512647e-01	   5.3370695307536542e-01	   3.8991046426997111e-01	   2.7974053354363532e-01	   1.0214337446268143e-01	
   7.3652201987657395e-01	   7.7156394339384426e-01	   7.1210111696785283e-01	   7.3469351057744592e-01	   5.3957402481240646e-01	   5.0474145555421113e-01	   5.7915973225039774e-01	   7.7936103821992053e-01	   5.0781087903808553e-01	   1.0707338134902034e-01	   8.0559233391986229e-01	   0.0000000000000000e+00	   7.8451271977460646e-01	   7.2423992566146933e-01	   6.8294188675943779e-01	   7.3888453882415928e-01	   6.6713444244113962e-01	   7.0600297371194787e-01	   7.2168631434614205e-01	   6.7644426472872343e-01	   2.8620491065181636e-01	   4.3754380424392997e-01	   7.4910710627387478e-01	   7.6477735871791142e-01	   4.6399025388288029e-01	   4.2184528853174730e-01	   2.9361215849700817e-01	   2.7847518519105074e-01	   6.6136368580367233e-01	   7.5836935367810110e-01	   6.5476797071693693e-01	   6.6578358488628497e-01	   7.4248410790915087e-01	   7.7737028560283283e-01	   3.6503712221596224e-01	   4.6727455273668778e-01	  -1.8889551296206808e-01	  -1.6008338239972161e-01	   2.8641621502962896e-02	   2.8936892110268619e-01	   6.9871085250285320e-02	   4.4548613228509121e-01	   5.5216659510431565e-01	   5.2750816461782424e-01	   6.0761099039693156e-01	   6.2167319471032045e-01	   5.9294850541566191e-01	   6.0340631508512721e-01	   6.2265749928157499e-01	   6.7728701619124509e-01	   7.1834063511117652e-01	   6.2936358190687736e-01	   6.7000926214500056e-01	   5.9480226491835619e-01	   6.9706649181603331e-01	   6.4967886889684912e-01	   6.4721942965299584e-01	   6.5598076918274784e-01	   6.5172565698344664e-01	   6.8312898886936169e-01	   7.7327737787534723e-01	   8.6798116463726449e-01	   6.9865403022356898e-01	   7.5880139931807233e-01	   4.9054108098015420e-01	   5.6244073459153832e-01	   6.9835814203613344e-01	   6.9449426411843451e-01	   5.2442454335362898e-01	   5.1537549106552971e-01	   1.8633946562762835e-01	   4.9844756973499840e-02	   6.7262508574145852e-01	   6.6603369706397164e-01	   6.0794461001221778e-01	   6.5773373673340363e-01	   5.4533452199874866e-01	   4.9771030097955804e-01	   5.9850770230796813e-01	   5.4025242060696865e-01	   7.7225496435944185e-01	   7.7024217856282284e-01	   5.8469161032569295e-01	   5.8454954628141576e-01	   7.7162931665474399e-01	   6.4916601123984752e-01	   4.0765760240031534e-01	   1.7958032121668363e-01	   5.3224901963198623e-01	   5.0005383864931297e-01	   6.5902036496696392e-01	   6.7005120408676744e-01	   2.8070657158273771e-01	   4.1091478652696128e-01	   4.9420464089834426e-01	   5.1373949274048106e-02	   6.8893262609817529e-01	   6.8840290873598509e-01	   7.3984678504708690e-01	   7.5560179773570180e-01	   3.9695817276037737e-01	   4.1111088748643754e-01	   5.2370915382793515e-01	   5.1947368349815237e-01	   1.9492822790659534e-01	   1.0489240668939782e-01	   9.0581146246920013e-02	   3.8909151789531082e-01	  -1.1027669304827235e-02	   1.5694133075534714e-01	   6.4597402186829345e-01	   7.1050434531259343e-01	   6.0201414168561285e-01	   4.1806111580427441e-01	   3.1032034989621449e-01	   7.0871545338941702e-02	
   8.3617410883844878e-01	   6.7202731770721091e-01	   7.9136881331777631e-01	   7.5693438063235186e-01	   5.4043046140831885e-01	   5.9573747417649137e-01	   7.9736993618178109e-01	   7.6517581847590854e-01	   5.0769593316976147e-01	   2.3162749402066002e-01	   8.8127701318196050e-01	   7.8451271977460646e-01	   0.0000000000000000e+00	   5.5315145654123898e-01	   7.3429040181225846e-01	   7.0345536879568327e-01	   6.4319996145686475e-01	   6.7710602228062289e-01	   7.4788395957872478e-01	   7.0316487376719605e-01	   2.7830702713312283e-01	   4.8918503856678214e-01	   7.9814208047447210e-01	   7.3294639600577471e-01	   3.8486612962194511e-01	   3.6805896569594621e-01	   3.9789387144170107e-01	   3.9512416291844893e-01	   5.4527411057282560e-01	   5.6708262828647527e-01	   5.7444828376674817e-01	   5.7041612245318685e-01	   7.6576252021688451e-01	   7.6598819073502833e-01	   4.4653606767680132e-01	   4.9947207084506701e-01	  -1.3362151168500702e-01	  -1.5228654366045358e-01	   5.7019913244810067e-02	   2.6936310156433180e-01	   1.2927498413635097e-01	   4.2087949335809599e-01	   5.7811447205911259e-01	   5.2529203277265746e-01	   6.2544693126620032e-01	   6.2777411098690450e-01	   5.9145696982059426e-01	   5.6863034434734061e-01	   6.4596509140012737e-01	   6.6503817685840372e-01	   6.4022505457185663e-01	   5.5051142139940690e-01	   5.3259988989332463e-01	   4.8989005570414135e-01	   6.8405030739711159e-01	   6.1037867026728032e-01	   6.0177842527088532e-01	   5.9364238258890545e-01	   6.3496880563819202e-01	   6.0375126434134341e-01	   8.7583936944708085e-01	   8.2776266942760057e-01	   7.7906460423263146e-01	   7.3234443627651247e-01	   6.6854745665339910e-01	   6.0366466379922168e-01	   7.5730848713379029e-01	   7.3729956044861811e-01	   5.9679664967450952e-01	   5.5677265963962164e-01	   1.7531968227202271e-01	   1.2705177186490466e-01	   6.7887803112359779e-01	   6.4378376785133329e-01	   6.0622596787825933e-01	   5.3633683584476510e-01	   5.9149375325091691e-01	   4.7307221593792997e-01	   5.8320638755116005e-01	   4.7529028460154232e-01	   7.1436462327137418e-01	   6.8363566918542307e-01	   5.8690823371655043e-01	   5.0399104358784630e-01	   8.1906625212529449e-01	   5.8741991891876766e-01	   4.0697904873857105e-01	   1.5119807595217183e-01	   5.9839406807025664e-01	   5.7396644474677172e-01	   6.4773450260419352e-01	   7.5434239307864637e-01	   2.3684788823752598e-01	   5.0460382860149533e-01	   4.6312043748453341e-01	   9.9947813466842346e-03	   6.5479255835402561e-01	   6.0094952808542956e-01	   6.9425694290676399e-01	   7.3419275410477158e-01	   3.1463967268041593e-01	   4.9809643365782519e-01	   5.5158493864219127e-01	   6.0923367465966682e-01	   3.2582239184184203e-01	   2.1108620312693477e-01	   2.0813224321274912e-01	   4.0551030087924200e-01	   3.6039457934404745e-02	   2.0241019654323317e-01	   6.2918292758804839e-01	   6.6273280321150085e-01	   5.3775071802434737e-01	   4.6356514335196281e-01	   3.9621207413894588e-01	   1.7039079607087929e-01	
