   0.0000000000000000e+00	   9.6711755866181748e-01	   8.9568875195222653e-01	   8.9097693506306341e-01	   7.9494475151008359e-01	   8.4143170279400459e-01	   8.2261690647133578e-01	   8.2450917795514633e-01	   7.2429129605791642e-01	   7.2581099625983470e-01	   7.9714293544796044e-01	   8.0162158945760642e-01	   7.2540186489254910e-01	   7.3631722843697978e-01	   8.4194974797617017e-01	   8.1227269936229207e-01	   7.7787137499592518e-01	   7.1806572021813286e-01	   9.2260954001501494e-01	   8.9128631558677496e-01	   6.6468571422843059e-01	   5.8723691400719924e-01	   7.1765113518782020e-01	   7.1980075086636619e-01	   6.2085738655643463e-01	   6.3371080260880153e-01	   6.4215881887765980e-01	   6.5400584878127599e-01	   8.1142145118249798e-01	   8.1999085639460523e-01	   7.3701836175318125e-01	   7.2042035525632730e-01	   8.6150331759471266e-01	   8.6167243295461082e-01	   5.7050935740850195e-01	   5.8405011361989745e-01	   1.2822430613147806e-01	   9.7891688365872337e-02	   5.5281224571970955e-01	   4.7504651980105927e-01	   5.7960605538402465e-01	   6.1830001405270119e-01	   5.2494393480134705e-01	   6.1471451602148741e-01	   6.4128586846182256e-01	   6.6011432186270880e-01	   7.5286919080746406e-01	   7.5152865711675110e-01	   7.0277712645405077e-01	   6.5575647854898256e-01	   8.2522398868229596e-01	   8.2429833082372184e-01	   8.5132767326590764e-01	   7.4504657349819337e-01	   8.0361785494420013e-01	   8.0760924084190555e-01	   9.1215489084147616e-01	   9.1162092612371692e-01	   8.5257702204447749e-01	   7.9748805327668326e-01	   7.4713768071323927e-01	   6.4704485695300384e-01	   7.7631931097318596e-01	   8.5005605572371701e-01	   4.7159656007473366e-01	   5.6600772144316291e-01	   8.1543497004166532e-01	   8.0691540744357582e-01	   7.9424596020831906e-01	   8.0315364252059351e-01	   7.0821100026973105e-01	   7.0479738755580246e-01	   8.3132572378865810e-01	   8.0010147034835533e-01	   7.6798608794845291e-01	   7.9620482174946228e-01	   8.7034610926666689e-01	   8.7900577631356103e-01	   7.8821390465164809e-01	   8.1177391257669318e-01	   8.4461496368229227e-01	   8.3833861329301818e-01	   8.4116301032241036e-01	   7.8339976333260175e-01	   7.7592810469735352e-01	   8.2452161371192467e-01	   6.4993333519416252e-01	   5.3639308298678490e-01	   7.8859441919568707e-01	   8.2601111551302819e-01	   6.8604906311977121e-01	   7.1257534529549216e-01	   6.5497196985528661e-01	   5.5408578071880388e-01	   5.7235211667962382e-01	   5.7156311812273486e-01	   7.9740983922173092e-01	   8.3648361469017107e-01	   8.3627744940348259e-01	   8.6917445496723456e-01	   7.6813909206422737e-01	   5.5057382789502485e-01	   6.4120671286659592e-01	   5.5665479994224143e-01	   3.6322914933562855e-01	   3.8273801843827493e-01	   2.6708982982521018e-01	   7.4152630706331921e-02	   5.5497216312333864e-01	   5.5519093184243762e-01	   7.1647864601634459e-01	   7.9157982721665532e-01	   7.5954938204153100e-01	   7.6494130555771345e-01	   5.9109525900767990e-01	   5.4705261447548025e-02	
   9.6711755866181748e-01	   0.0000000000000000e+00	   8.8669543812683371e-01	   9.1127422943652303e-01	   8.0539149516032182e-01	   8.7015595238262167e-01	   8.0874530906671060e-01	   8.3446009818059619e-01	   7.3869362140846850e-01	   7.5372999855250344e-01	   7.5978267802805255e-01	   8.2160680625137950e-01	   7.0832013472553557e-01	   7.4716007765635983e-01	   8.2128907043146859e-01	   8.1833094301469067e-01	   7.6257117702959432e-01	   7.4233045044909818e-01	   9.1068346796942778e-01	   9.1295474832180745e-01	   6.2361733452136137e-01	   5.4237380034575444e-01	   7.5319938638358608e-01	   7.6742547253268367e-01	   6.6949215439548926e-01	   6.8433243634147467e-01	   6.8821612829733025e-01	   6.9331540219406940e-01	   7.7081849684511283e-01	   8.1329603835506525e-01	   7.4936188792409253e-01	   7.4485166972303141e-01	   8.6594192958496397e-01	   8.6667663652018967e-01	   6.2114932774949261e-01	   6.4149698871343164e-01	   4.2374010907160184e-02	   2.3101634620574324e-02	   5.3734326621193684e-01	   4.4741228545973660e-01	   5.6799676429393997e-01	   5.8111526311076100e-01	   4.9293537630789497e-01	   5.7648604709354356e-01	   6.2522904988262928e-01	   6.3736038734706957e-01	   7.0345954721137971e-01	   7.1132041210352515e-01	   6.9107316386669337e-01	   6.5982842562206689e-01	   8.2761051750289361e-01	   8.3012282011464278e-01	   8.4245717983588608e-01	   7.7715089103314217e-01	   7.9112998376536070e-01	   7.9723763330847575e-01	   9.1523024105141659e-01	   9.4587901988334344e-01	   8.3803609455329076e-01	   8.1705595392245367e-01	   7.1566140761670005e-01	   6.7078182579343826e-01	   7.5473278483041839e-01	   8.4329061513888981e-01	   5.1824079461196404e-01	   6.0176732225199825e-01	   8.1377636805013265e-01	   8.1698200814755795e-01	   8.1368329111226312e-01	   8.2923748216058280e-01	   6.7728484179794812e-01	   6.7355617804908530e-01	   8.1009279060303885e-01	   8.0350098004623027e-01	   7.4958133819956307e-01	   8.0179452832868625e-01	   8.5724745882910525e-01	   8.8282456117590813e-01	   7.8440482124721445e-01	   8.2323208637837597e-01	   8.4517450068004463e-01	   8.4772386465794547e-01	   8.0130239192048425e-01	   7.8100621466578202e-01	   7.7375397220752795e-01	   8.4371198597663311e-01	   6.7344193217811466e-01	   5.7974581678646453e-01	   7.9566687435827266e-01	   8.5853194908066122e-01	   6.8636463797677449e-01	   6.9464609526540355e-01	   6.7422157947338879e-01	   5.6239278489408373e-01	   5.6382937341101369e-01	   5.7851160293654857e-01	   7.6086553893661790e-01	   8.1180779592075358e-01	   8.2456710050368431e-01	   8.4506734432787478e-01	   7.9552489557284245e-01	   5.6897672168322011e-01	   6.6227422823402082e-01	   5.5835455893898511e-01	   3.7789503620490261e-01	   3.7391674989143309e-01	   2.8135985723544138e-01	   8.5506426493708682e-02	   5.6284086250907972e-01	   5.1626965454261731e-01	   7.2857035994839037e-01	   7.7505480831439844e-01	   7.5144193648486590e-01	   7.7101968603331306e-01	   5.8764219364965586e-01	   7.5885162554012967e-02	
   8.9568875195222653e-01	   8.8669543812683371e-01	   0.0000000000000000e+00	   9.5095849692312939e-01	   9.0486196655019135e-01	   8.9244385516448754e-01	   9.4945510715464809e-01	   9.0903076746084932e-01	   8.4661109258102696e-01	   7.9915935958958384e-01	   8.0533580651707448e-01	   8.2303150120495217e-01	   8.3021643247755006e-01	   8.0154091668006711e-01	   8.6701009929659845e-01	   8.6410089615324703e-01	   7.4693150949315146e-01	   7.0851741910226684e-01	   8.8662051323471858e-01	   8.2948085309939468e-01	   6.5366769216724463e-01	   5.5459293776584007e-01	   8.7084628747520698e-01	   8.7351858368450752e-01	   7.3813048261672864e-01	   7.7208073120793330e-01	   7.5547519371260397e-01	   7.6019755793036281e-01	   7.6057726945716797e-01	   7.3773823475986766e-01	   8.2728172291998503e-01	   8.3528470508524033e-01	   8.7145916669776025e-01	   8.7193992263615228e-01	   7.2370816542451755e-01	   7.0643887505679814e-01	   1.2387717319183003e-01	   7.3951796429281291e-02	   5.5844844449340969e-01	   4.4379275220069503e-01	   6.0062027597064893e-01	   5.5531725681920596e-01	   4.0708837002292519e-01	   4.9155253963042300e-01	   6.0828322207878127e-01	   5.9551478716200568e-01	   6.7515106838877159e-01	   6.8572388402356821e-01	   6.1991794599248462e-01	   5.7626984765127487e-01	   8.0065503809466909e-01	   7.5177742363674582e-01	   8.3119524496836861e-01	   7.2450598574930114e-01	   7.7335149422384486e-01	   7.4386861961387218e-01	   8.6124842962298298e-01	   8.5601669961131266e-01	   8.6673188073050800e-01	   7.3470380219778542e-01	   8.6139729550122401e-01	   7.6009089432345989e-01	   7.7157321678423862e-01	   8.0991221626438858e-01	   7.3711205605145969e-01	   7.8351762326900887e-01	   9.2802029058378921e-01	   8.8343375052108220e-01	   7.4179566801607999e-01	   7.9849132999120642e-01	   6.6510697402327290e-01	   6.4594456848349713e-01	   7.2650655312242729e-01	   6.6987408462003661e-01	   7.4201456431916490e-01	   7.1542272766959114e-01	   8.7629735814130361e-01	   8.4455302215882422e-01	   7.9138115300003453e-01	   8.1987896672722393e-01	   8.0501885028701614e-01	   8.5390095634836061e-01	   8.5971536103860990e-01	   7.7713885204764210e-01	   8.4747550927829751e-01	   9.1519286775899167e-01	   6.6578109971063426e-01	   6.1468782776088360e-01	   8.7435203883479473e-01	   8.5578648818479408e-01	   7.6809075650607905e-01	   8.3702399308660524e-01	   8.0442799521761388e-01	   7.5667212191066890e-01	   6.4180862817384343e-01	   6.3729772818847286e-01	   8.1602637968236424e-01	   8.3807143692765451e-01	   8.0044276822015192e-01	   8.7647878980131499e-01	   7.5967819859982177e-01	   6.3955006261878911e-01	   6.0636123174867540e-01	   5.9315345987767887e-01	   3.9670981872524308e-01	   4.5504583207397831e-01	   2.2146949214116618e-01	   1.4142901476327646e-01	   5.6788391802182447e-01	   5.7142866137026782e-01	   7.3695873702699100e-01	   8.1352987796835308e-01	   8.1680918404462843e-01	   7.9550567592296417e-01	   6.1358411464964480e-01	  -1.0588371474953489e-02	
   8.9097693506306341e-01	   9.1127422943652303e-01	   9.5095849692312939e-01	   0.0000000000000000e+00	   8.8567796382849284e-01	   9.4080768151883254e-01	   9.0641991779757736e-01	   9.5179187367431761e-01	   8.4420741720839731e-01	   8.6229873731031359e-01	   7.5600509562432161e-01	   8.4327587878893351e-01	   7.9275394445932112e-01	   8.1972609256340234e-01	   8.4567493692330697e-01	   8.4482780438826488e-01	   7.3244557585726122e-01	   7.1420128935501936e-01	   8.9381313122256245e-01	   8.8497759685489708e-01	   6.2540528314588140e-01	   5.3527575411739792e-01	   8.2917279599968619e-01	   8.8239273931120044e-01	   7.2094840622731715e-01	   7.6971653273898966e-01	   7.2028637047526378e-01	   7.3874014174329283e-01	   7.2984492602758588e-01	   7.7507039564919122e-01	   8.1514455609660907e-01	   8.3108171146715437e-01	   8.8240008290864824e-01	   8.9659042311750070e-01	   7.1839261373688401e-01	   7.3677425594551460e-01	   8.4081922878694856e-02	   6.0124416455511771e-03	   5.3319299007495979e-01	   4.0660336501565031e-01	   5.9023908108908774e-01	   5.2876498285093754e-01	   4.5609534404893015e-01	   5.4571818115377957e-01	   6.2980198361837680e-01	   6.3130411905216866e-01	   6.8960959894187068e-01	   7.0416997495070555e-01	   6.4617962545720142e-01	   6.1489813052902920e-01	   7.9717351490945121e-01	   7.7120403777030022e-01	   8.0786624405703888e-01	   7.3969728455371042e-01	   7.4644535447426186e-01	   7.2994248028359621e-01	   8.7115264989298868e-01	   8.6409424237129995e-01	   8.3606359978686506e-01	   7.4423949878363160e-01	   7.8359537505747823e-01	   8.0154078405408991e-01	   7.2101960411358390e-01	   8.0503206292703333e-01	   6.7309730694820558e-01	   7.9218701437728989e-01	   8.9159748552309437e-01	   8.7866883150630137e-01	   7.7626006879342235e-01	   8.3054224152398493e-01	   6.6373403766438388e-01	   6.6791546639115640e-01	   7.1837073986534594e-01	   7.5042128133732788e-01	   7.3223639194981116e-01	   7.9587419315141283e-01	   8.7099485763698925e-01	   8.6829958255742667e-01	   7.9303568241794276e-01	   8.3445256710098370e-01	   8.2752675726483749e-01	   8.6521910214272757e-01	   8.1824131687689738e-01	   7.6779129184089157e-01	   8.2241319960764314e-01	   9.0625424856643444e-01	   6.5896517284071943e-01	   5.5667086393742138e-01	   8.4030571607363558e-01	   8.4880850026649179e-01	   7.7845173021080427e-01	   7.9386940752039270e-01	   8.3870779983369981e-01	   7.0768539879149128e-01	   6.3624835041688022e-01	   6.4110461030829047e-01	   7.7951042546586202e-01	   8.0620930731761919e-01	   8.1150185053623813e-01	   8.4451587744488621e-01	   8.0515740528932034e-01	   6.0043090141745981e-01	   6.2183553142644599e-01	   5.5688649517260069e-01	   3.9334358706975375e-01	   3.9966603867597134e-01	   2.0254392279643477e-01	   6.2231542154841474e-02	   5.6315155399890593e-01	   4.9795782105793596e-01	   7.2459174770930324e-01	   8.2832297696621149e-01	   8.3046699195095741e-01	   7.9836123791613234e-01	   6.2163263525930024e-01	  -1.2139604277004272e-02	
   7.9494475151008359e-01	   8.0539149516032182e-01	   9.0486196655019135e-01	   8.8567796382849284e-01	   0.0000000000000000e+00	   9.2252903405013387e-01	   8.9424104160652429e-01	   8.7132231959262996e-01	   9.0068956036040304e-01	   8.8983392170649711e-01	   6.8446269286417150e-01	   7.5134383563578955e-01	   7.9071952278306723e-01	   7.6612777629353068e-01	   8.8733936196635754e-01	   8.6542420290019650e-01	   6.5838957824753441e-01	   6.7135473691848147e-01	   7.7115896871520118e-01	   7.4130558103214894e-01	   6.7407940275547684e-01	   5.3836814240215702e-01	   8.7106613327479476e-01	   8.7564515520840758e-01	   7.7900221670402248e-01	   7.9811754539467528e-01	   7.9581216472781136e-01	   8.2023511845819153e-01	   6.8857326354867388e-01	   7.0875165319104960e-01	   8.1434958663630819e-01	   8.2208560475638515e-01	   7.7672060399975462e-01	   7.9033672131483457e-01	   7.4099237938858020e-01	   7.3080174143588839e-01	   9.6701141169679566e-02	   6.0183351316206259e-02	   5.2748739374815445e-01	   3.8331793406762904e-01	   5.3684504881502348e-01	   5.3339059594049454e-01	   3.6877551248286555e-01	   4.5889293668418957e-01	   6.0224714611187002e-01	   5.8000034785508414e-01	   6.2373005271405679e-01	   6.5575759466761352e-01	   5.9383527249868928e-01	   5.6177085610682564e-01	   7.5391967170149965e-01	   6.7969703650286006e-01	   7.9851785357364180e-01	   7.5257792871397200e-01	   7.2571440253799535e-01	   7.2949934840069663e-01	   8.0503206425103113e-01	   7.7343581518666782e-01	   8.0417235209365745e-01	   6.6565234420397756e-01	   7.6708675726349940e-01	   7.8329556062485506e-01	   6.0756236179354961e-01	   6.4852491459377037e-01	   7.5434871420088034e-01	   7.5909325202974198e-01	   8.3673842673242560e-01	   7.8577186288770573e-01	   6.6584070568379161e-01	   7.0736573681702264e-01	   6.8529465727145111e-01	   6.2507985026850477e-01	   7.2708183336259657e-01	   7.1868893233383346e-01	   7.3745452846134429e-01	   7.4891362392115435e-01	   8.3583843327344887e-01	   7.8936392791348831e-01	   7.7971783114837678e-01	   7.6951374909179626e-01	   7.5224062573104178e-01	   8.0079953468261722e-01	   7.9647359834449016e-01	   7.5680045857161549e-01	   8.4393418515703356e-01	   8.6887632697167483e-01	   6.6010236848235126e-01	   5.9881543354620625e-01	   8.6011907990299441e-01	   8.2013767059488718e-01	   7.2432691461259102e-01	   7.7302892246788568e-01	   7.5536821539013899e-01	   6.9234260504907352e-01	   6.0777999970888918e-01	   6.4893953099928381e-01	   7.3192847227186375e-01	   8.2135984783377591e-01	   7.7322062346227116e-01	   8.3748057670711606e-01	   6.7925956185272407e-01	   5.7257081839928015e-01	   5.0365915646187531e-01	   4.8896069582518653e-01	   2.3442968351356275e-01	   2.6244806696953993e-01	   1.1321039223619245e-01	   6.2536430985247790e-02	   5.1293244302228358e-01	   5.3058591184262149e-01	   7.4023534679746450e-01	   7.8217774123069472e-01	   7.9005991356421623e-01	   7.2373979630030916e-01	   6.2032824310398549e-01	  -4.3349642619354188e-03	
   8.4143170279400459e-01	   8.7015595238262167e-01	   8.9244385516448754e-01	   9.4080768151883254e-01	   9.2252903405013387e-01	   0.0000000000000000e+00	   8.7043880669540830e-01	   9.2976884340192334e-01	   8.4177811861926743e-01	   9.0691447451817120e-01	   6.8675769159787259e-01	   8.2260155022038151e-01	   7.6885904068076627e-01	   8.2522613161646818e-01	   8.5702361306387786e-01	   8.8350480150684074e-01	   6.2683383722389541e-01	   6.3038182773101892e-01	   7.9071499442746562e-01	   7.8624267073910592e-01	   6.3879396528540644e-01	   5.5636587930511672e-01	   8.2172232905934339e-01	   8.7374284528418977e-01	   7.3287809018742367e-01	   7.7134199867348829e-01	   7.8377819228918599e-01	   8.1368534394236880e-01	   6.5236854677028311e-01	   7.2405703559925283e-01	   7.9003356642406430e-01	   8.0533106185832315e-01	   7.8661659113599902e-01	   8.0998830954805934e-01	   7.0746270406122336e-01	   7.3196712284678866e-01	   5.4791611973498057e-02	   3.0159615711735340e-03	   5.1602344745158724e-01	   4.1181427855870495e-01	   5.4039357054823878e-01	   5.2570460391393847e-01	   4.0686070493007626e-01	   5.0880149144884723e-01	   6.2762310326106541e-01	   6.2412782884636853e-01	   6.6135082282600721e-01	   6.8832282679677181e-01	   6.6860598643569036e-01	   6.4156667696791447e-01	   8.1248860314441629e-01	   7.6225600624652778e-01	   8.2103325871402111e-01	   7.7678665703506211e-01	   7.4222963631670646e-01	   7.5411640896166388e-01	   8.2544554953208227e-01	   8.0801962635806435e-01	   8.1930957277728289e-01	   7.3938929715236379e-01	   7.4696131242299957e-01	   8.3846787042121307e-01	   6.1637302528993765e-01	   6.9295451197616620e-01	   6.5476790221797754e-01	   7.7942615062493081e-01	   8.3241065555407445e-01	   8.1967785881895461e-01	   6.5393901816173772e-01	   7.3073312985875993e-01	   6.9786534365867881e-01	   6.7264173962042151e-01	   7.1491979223915159e-01	   7.5217599083709663e-01	   7.2124333350983683e-01	   7.8172549992043117e-01	   7.9749674175489660e-01	   8.1501971826130815e-01	   7.4757000366685644e-01	   7.6058928947043669e-01	   7.8308014238976109e-01	   8.2373720788208837e-01	   7.6918232971917178e-01	   7.4300496371614744e-01	   8.4059236680262672e-01	   8.9305199958255543e-01	   6.9996425982076582e-01	   5.8689276281746383e-01	   8.5073861803979123e-01	   8.6945740158516849e-01	   7.4472300454747398e-01	   7.5643557051407662e-01	   7.8447201368906794e-01	   6.4733786887518963e-01	   5.9295365959863833e-01	   6.3532963759913796e-01	   7.0645330388508554e-01	   7.7905294113806145e-01	   7.9778195716388478e-01	   8.1970306010127048e-01	   7.6623250109778396e-01	   5.7261510500683588e-01	   5.7948588263266210e-01	   5.1319871614560830e-01	   3.2646468597486550e-01	   2.7968450430713421e-01	   1.6474920689726480e-01	   1.0322214539496041e-02	   5.2356815258805356e-01	   4.4353124635202312e-01	   6.7096741161088069e-01	   7.8531249565949302e-01	   7.9782245373609606e-01	   7.6838220768244958e-01	   6.2114073790940161e-01	  -5.9802569734021711e-02	
   8.2261690647133578e-01	   8.0874530906671060e-01	   9.4945510715464809e-01	   9.0641991779757736e-01	   8.9424104160652429e-01	   8.7043880669540830e-01	   0.0000000000000000e+00	   9.2679242765480974e-01	   8.8513233835748595e-01	   8.1434492092714916e-01	   8.5136345952828474e-01	   8.3087716322450245e-01	   9.0388914394385922e-01	   8.1963395745498357e-01	   8.3451306480646603e-01	   8.1782999078262786e-01	   7.4460782046124674e-01	   6.7434848146405968e-01	   8.2022385966278755e-01	   7.2006416653644401e-01	   5.3500266657674556e-01	   4.3539059193938379e-01	   8.1756360208361245e-01	   8.2059330561640842e-01	   6.2852816144646950e-01	   6.7448011315544409e-01	   6.5817898224303106e-01	   6.9658545675452643e-01	   7.3753121561245083e-01	   7.1220507590095739e-01	   8.0854247210123720e-01	   8.0277724857919863e-01	   8.4509770796282391e-01	   8.6197206262126702e-01	   6.3675009394070214e-01	   6.1457532100003820e-01	   4.7612423870847437e-02	  -2.6664106000035270e-02	   4.5904224995922871e-01	   3.2005337261206979e-01	   4.8260272006141947e-01	   4.4016974110399837e-01	   3.3868530811664149e-01	   4.2237539694870313e-01	   5.7134147190276674e-01	   5.5603888632724696e-01	   5.9054523330266462e-01	   6.0966329468223546e-01	   5.7793655055855120e-01	   5.5968013283475337e-01	   7.4121317850042190e-01	   6.8929675379074451e-01	   7.8163806665470226e-01	   6.4386536544812989e-01	   7.0611435201390660e-01	   6.9013925372113794e-01	   8.0499113740418826e-01	   7.9074135285615821e-01	   8.6578769006577483e-01	   6.9142458532273321e-01	   9.1960069598141236e-01	   8.2326353331179136e-01	   7.7705124593719099e-01	   8.0415568707501972e-01	   7.0856891691443080e-01	   7.8912940007266696e-01	   8.7077044693058792e-01	   8.0984225807208809e-01	   6.3239287565265456e-01	   6.7627957319797083e-01	   6.5218796381708688e-01	   6.2416466318070851e-01	   7.1342735061808660e-01	   6.6021317563442372e-01	   7.6090185724828729e-01	   7.1109314176161365e-01	   8.2947476907687279e-01	   7.6334019587351087e-01	   7.3262254356894907e-01	   7.6039019573479072e-01	   7.3765992418507809e-01	   8.1173829382455509e-01	   8.0671319245257134e-01	   6.7715400370184164e-01	   7.9263858922664499e-01	   8.6184035252531732e-01	   5.9457862452572741e-01	   5.0140012283942348e-01	   8.2335042716841633e-01	   8.1603540062983704e-01	   7.0749066938337712e-01	   7.8326792959937563e-01	   7.5481539706458156e-01	   7.4376528732289637e-01	   5.9160485268549101e-01	   6.2561129218802913e-01	   7.1738674900456378e-01	   7.8568700067900399e-01	   7.3232610985355118e-01	   8.2059062953404383e-01	   7.3921936364969476e-01	   6.9604077558292965e-01	   5.6902704564050766e-01	   5.9654864537962848e-01	   3.0068348510147952e-01	   3.4124439087672798e-01	   1.4727340941165704e-01	   7.1295093377578583e-02	   5.4575209712418238e-01	   4.7657280262125595e-01	   6.6198838840209362e-01	   7.4759553106550691e-01	   7.7642980174712628e-01	   7.2964684700661542e-01	   5.3076835287169377e-01	  -7.3627154762359676e-02	
   8.2450917795514633e-01	   8.3446009818059619e-01	   9.0903076746084932e-01	   9.5179187367431761e-01	   8.7132231959262996e-01	   9.2976884340192334e-01	   9.2679242765480974e-01	   0.0000000000000000e+00	   8.7823513471138726e-01	   9.0376591964982111e-01	   7.6753824825393169e-01	   8.5869685535939166e-01	   8.4192090673482278e-01	   8.6602111727246689e-01	   8.1602135924773211e-01	   8.1129576164284567e-01	   7.2876308450657357e-01	   6.8848216323128730e-01	   8.0428542297268613e-01	   7.7304131628567874e-01	   5.1270979640149050e-01	   4.1740118232966661e-01	   7.8274312198196949e-01	   8.4646054599250165e-01	   6.3864731424852894e-01	   6.8911050477543356e-01	   6.2749747215763518e-01	   6.5148300631992129e-01	   7.1364339579605973e-01	   7.5582435353905042e-01	   8.0431388631658818e-01	   8.2767845387838768e-01	   8.4690453407619026e-01	   8.8806216308370800e-01	   6.8235810466124192e-01	   7.1211089875991496e-01	   1.0255191653329655e-01	   9.2966275543143774e-03	   4.6359170307342501e-01	   3.6830059378628066e-01	   5.2586211591849641e-01	   4.6998585169007445e-01	   4.5983231889708809e-01	   5.4997731733737554e-01	   6.8696342912580344e-01	   6.7297109774137309e-01	   6.6667164902925524e-01	   6.8860711026010302e-01	   7.0505509790631926e-01	   6.7996696232416154e-01	   8.0651021413633606e-01	   7.5583162327316744e-01	   7.8396982576305119e-01	   6.9503113370067815e-01	   7.0714634990919900e-01	   7.0390251410891458e-01	   8.0072051486723028e-01	   7.8344856429999898e-01	   8.3166357408060287e-01	   6.9920457589066243e-01	   8.1292088202594914e-01	   8.7467129677296263e-01	   6.9780050579170494e-01	   7.8046420329902522e-01	   6.7125932624353724e-01	   8.2008242253159613e-01	   8.5795298913058304e-01	   8.4161428349236955e-01	   6.4584808837660224e-01	   7.1757283474004652e-01	   6.6493368834767885e-01	   6.7471779975876545e-01	   7.0688604633267915e-01	   7.2906852803463296e-01	   7.3242894352714316e-01	   7.8711125407548987e-01	   8.4514427471780651e-01	   8.3822805763608321e-01	   7.6538969388037814e-01	   7.9863551430133328e-01	   7.8940437615842485e-01	   8.3250562535984840e-01	   7.8859605207359718e-01	   6.9703160897333261e-01	   7.9637980433057876e-01	   8.5048550519747412e-01	   6.1473471115653855e-01	   4.7828020460951193e-01	   7.9871958519730224e-01	   7.9215199087515531e-01	   7.3776811912678530e-01	   7.5921543886231868e-01	   8.0487722466604883e-01	   6.8256310605404469e-01	   5.5576558982697144e-01	   6.2216887101547225e-01	   6.9715364870418717e-01	   7.6247199279527300e-01	   7.7311337633805577e-01	   8.2091752958758957e-01	   7.9925678976480075e-01	   6.2476713971735820e-01	   5.9091626906178218e-01	   5.5534363949654231e-01	   3.5922985923913492e-01	   3.5887947195635389e-01	   1.7337583535010842e-01	   5.1537565008751104e-02	   5.0731401944398824e-01	   4.0514837163375411e-01	   6.6380221095094671e-01	   8.1244812581926551e-01	   8.2761267049399789e-01	   7.9932487652553630e-01	   6.0990025915116142e-01	  -2.2401118536171064e-02	
   7.2429129605791642e-01	   7.3869362140846850e-01	   8.4661109258102696e-01	   8.4420741720839731e-01	   9.0068956036040304e-01	   8.4177811861926743e-01	   8.8513233835748595e-01	   8.7823513471138726e-01	   0.0000000000000000e+00	   8.6622549457364650e-01	   7.3020564395113041e-01	   8.0904140834654470e-01	   8.7605533913927736e-01	   8.5775088831045709e-01	   8.4906638906780163e-01	   8.1070792396255320e-01	   7.1701183448567818e-01	   7.1735377877365702e-01	   7.0534263463874958e-01	   6.5454647365911756e-01	   5.1185073665801228e-01	   3.5756054619379823e-01	   8.1170645060194080e-01	   8.3478617558239443e-01	   7.2565529671037265e-01	   7.5620119957625309e-01	   6.4439640055246117e-01	   6.5338810180582296e-01	   6.8574352204502487e-01	   6.9675765424214675e-01	   8.0777134157453778e-01	   8.1169316956146598e-01	   7.7875027954661435e-01	   8.1210954312479577e-01	   7.3011815012549108e-01	   7.2241822162010849e-01	   1.5055473690789795e-01	   8.5569433340945147e-02	   4.6661952257172434e-01	   3.0999206396783863e-01	   5.4375797358574807e-01	   4.5445386121945774e-01	   3.4676889067783645e-01	   4.2179973437299689e-01	   5.5778082323441736e-01	   5.3640627663500551e-01	   5.3458926208614144e-01	   5.7020139170259199e-01	   5.8087569522331972e-01	   5.6456680601067899e-01	   7.4202819079947369e-01	   6.6914291040380647e-01	   7.4709472265393151e-01	   6.8926671126700212e-01	   6.8307543670330750e-01	   6.4056795702249436e-01	   7.5245635902587560e-01	   7.2923347385841175e-01	   7.9473529706378665e-01	   5.9783789975895629e-01	   8.0617379831287439e-01	   8.4736184429904182e-01	   6.3032630078238916e-01	   6.7387008770242063e-01	   7.4998246803466240e-01	   7.9762590739767658e-01	   8.1265956785700844e-01	   7.4810736312552339e-01	   5.9695826961210507e-01	   6.3710018185858541e-01	   6.5837945516919427e-01	   6.1800313209554147e-01	   6.8727023308819657e-01	   6.6379995885232179e-01	   7.4948782698450933e-01	   7.2164605988569241e-01	   8.1536933569996339e-01	   7.5613873043858604e-01	   8.2774440541732330e-01	   8.1914065184492491e-01	   7.6361627093962003e-01	   8.1978372905586472e-01	   7.5396180621270936e-01	   6.9350206797113834e-01	   8.1516690254869739e-01	   8.3784985235533738e-01	   5.8331496006007599e-01	   4.7958533319897723e-01	   8.1523452189666601e-01	   7.5392511795721262e-01	   6.7940502878665843e-01	   7.3569636021538454e-01	   7.6150546841645761e-01	   6.9811004118177955e-01	   5.1503996961092713e-01	   5.7705537133122287e-01	   6.3567881683154026e-01	   7.2630668155347555e-01	   6.6813910426701972e-01	   7.5636263786568836e-01	   6.6578621538623062e-01	   5.6601373551817469e-01	   4.3745175048978813e-01	   4.6090462278837280e-01	   2.4496986550828700e-01	   2.5168790181512274e-01	   1.4855027491667783e-01	   1.3060975934150906e-01	   4.6697536857385086e-01	   4.3565935079516765e-01	   6.6512966624439063e-01	   7.4015871381915765e-01	   7.4376414197277407e-01	   7.2160611735438440e-01	   6.2094886090865264e-01	  -5.1453019051795675e-02	
   7.2581099625983470e-01	   7.5372999855250344e-01	   7.9915935958958384e-01	   8.6229873731031359e-01	   8.8983392170649711e-01	   9.0691447451817120e-01	   8.1434492092714916e-01	   9.0376591964982111e-01	   8.6622549457364650e-01	   0.0000000000000000e+00	   5.8330709851215568e-01	   7.2502611440922371e-01	   6.9981699139269826e-01	   7.7921397852078089e-01	   7.6846057424282055e-01	   7.8658144752987968e-01	   5.9800197295798141e-01	   6.2142320242744953e-01	   6.6646036004591569e-01	   6.8922598453083883e-01	   6.1086300474666178e-01	   5.0851475377276512e-01	   6.9068393649916260e-01	   7.7188893793679692e-01	   5.9920101294842709e-01	   6.4310389007387359e-01	   6.0353862432307392e-01	   6.5853602835036640e-01	   5.8854622739136997e-01	   6.5958171490692119e-01	   6.6377237703490799e-01	   6.9780018459006965e-01	   6.9383673811059121e-01	   7.3793476450584949e-01	   6.3183802860830174e-01	   6.8179778704727079e-01	   1.4017258795487450e-01	   1.0423499967388172e-01	   5.0088572988942193e-01	   3.9846316066294718e-01	   5.3574763287985205e-01	   5.2798815702751567e-01	   4.4121846552560245e-01	   5.2098091427718618e-01	   6.6351270606897628e-01	   6.5645304477744237e-01	   6.4816493277723852e-01	   6.7238394874422869e-01	   7.0257593945574348e-01	   6.7068934236389266e-01	   7.6564532967499255e-01	   7.0836558746176159e-01	   7.4992865076141602e-01	   7.0028761892281832e-01	   6.8067634834662827e-01	   6.8245637412096116e-01	   7.3441684041395205e-01	   7.0256852117430879e-01	   7.6499345399831808e-01	   6.6943650665862164e-01	   6.5409187299572058e-01	   8.3419041212550060e-01	   4.7976118082033953e-01	   5.9059759922410537e-01	   5.7427237221732175e-01	   7.3517355883209978e-01	   7.7274338497243378e-01	   7.5974295275316062e-01	   6.1206083154364133e-01	   7.1692332529171687e-01	   6.8468709138295614e-01	   6.9029659216793471e-01	   6.2635394726246074e-01	   6.8315800141312077e-01	   6.3048852495807817e-01	   7.2990192143492427e-01	   7.6683798740070253e-01	   7.8413042294245994e-01	   7.4453478840615428e-01	   7.3380557613364994e-01	   7.3981737605769304e-01	   7.5617481200965064e-01	   6.8876061839250169e-01	   6.8247225358793129e-01	   7.1969954686590221e-01	   7.6821514173806327e-01	   5.7610882784575357e-01	   4.9377547450061199e-01	   7.5449274250419851e-01	   7.6482703882165270e-01	   7.5456824838813397e-01	   7.3981755669266258e-01	   7.8732660269953025e-01	   6.1989979588953636e-01	   4.6086219077411861e-01	   5.2192127024169677e-01	   6.6718426107515760e-01	   7.4824499155759250e-01	   7.5655380755179680e-01	   8.0024922959871425e-01	   7.5819455885783693e-01	   5.8638099241581709e-01	   5.5982148035232981e-01	   5.1311718849088017e-01	   3.0591903550317456e-01	   2.6620581921332837e-01	   2.0755695957361980e-01	   9.5419751575926498e-02	   3.6920566928981069e-01	   3.8909588404960760e-01	   6.2559913723715832e-01	   7.8959787339689624e-01	   8.2610942296957257e-01	   7.4783855466110194e-01	   6.2591800789631569e-01	   4.3179208822223626e-02	
   7.9714293544796044e-01	   7.5978267802805255e-01	   8.0533580651707448e-01	   7.5600509562432161e-01	   6.8446269286417150e-01	   6.8675769159787259e-01	   8.5136345952828474e-01	   7.6753824825393169e-01	   7.3020564395113041e-01	   5.8330709851215568e-01	   0.0000000000000000e+00	   8.7005787425916492e-01	   8.8984457606553502e-01	   8.0146286030312197e-01	   7.2852277542960708e-01	   7.2663915307413574e-01	   8.0767177862493367e-01	   6.8291291676054067e-01	   8.3067058608775479e-01	   6.7784444032697355e-01	   2.7824790408931105e-01	   1.7529468351289529e-01	   6.7258029132594566e-01	   6.5526081273890702e-01	   4.5445688086921326e-01	   4.8710941561647048e-01	   4.1718844150826617e-01	   4.2425782883636065e-01	   7.9336212472195522e-01	   7.4251480067075792e-01	   7.5696075695927756e-01	   7.0824453514832997e-01	   8.2140497755556852e-01	   8.3190514755886302e-01	   4.6071155200955538e-01	   4.2282752221361297e-01	  -6.1198558301131856e-02	  -1.4747215694108293e-01	   2.5230896771181704e-01	   1.1904755278685067e-01	   3.5474953256720543e-01	   2.6735922817625424e-01	   3.5383295829875533e-01	   4.1048698614773038e-01	   4.6546544692522424e-01	   4.5347077720781759e-01	   5.0261180786941229e-01	   5.0921735476829455e-01	   5.1246203347346819e-01	   5.0935431025997047e-01	   6.8057362294039481e-01	   6.7669031498618848e-01	   7.5027082534084533e-01	   6.3289652452431100e-01	   6.2943784023469118e-01	   6.1880224810088391e-01	   7.0060506890621910e-01	   7.3250380724297881e-01	   7.7245281096662777e-01	   6.0406210393384552e-01	   8.5669009247722372e-01	   6.5945820292679713e-01	   8.8745221521004181e-01	   8.3384893146465422e-01	   5.3549384728931937e-01	   5.7272233890917501e-01	   7.1046502230290565e-01	   6.3503201497342532e-01	   6.3139083689108988e-01	   5.6020199857172359e-01	   5.4232323431275853e-01	   4.8921682913553782e-01	   7.9365542484944984e-01	   6.7434733529568902e-01	   8.2654953417121901e-01	   7.3808755677480753e-01	   7.8307507482050398e-01	   6.5657263250867870e-01	   6.5522769486993782e-01	   6.9984091507627988e-01	   6.7249635259452645e-01	   7.4316080561096398e-01	   7.9561548216368783e-01	   5.7623250469978882e-01	   7.1767084960348393e-01	   7.3953380604845287e-01	   4.6798126500008097e-01	   2.5978144358032024e-01	   6.5673982775782325e-01	   6.4692074091624885e-01	   4.6915800711612088e-01	   5.4725625425660573e-01	   4.7713830044619809e-01	   4.8191358746076274e-01	   5.2427410242793593e-01	   5.7580597738486783e-01	   5.3707683164531328e-01	   6.5864549487729995e-01	   5.6732414711047952e-01	   6.5518364613158664e-01	   5.6416682300913645e-01	   4.3493927354704298e-01	   3.7845194433009455e-01	   3.4312809108915199e-01	   1.5291245372683604e-01	   2.0748288246073743e-01	  -7.5389824513996881e-03	  -1.1871605417240433e-01	   5.4539122791768291e-01	   3.5809438041492442e-01	   5.6060682530715544e-01	   5.7991023431238098e-01	   5.6701701353998690e-01	   5.7127151522344011e-01	   4.2522643500227331e-01	  -7.6763819600933925e-02	
   8.0162158945760642e-01	   8.2160680625137950e-01	   8.2303150120495217e-01	   8.4327587878893351e-01	   7.5134383563578955e-01	   8.2260155022038151e-01	   8.3087716322450245e-01	   8.5869685535939166e-01	   8.0904140834654470e-01	   7.2502611440922371e-01	   8.7005787425916492e-01	   0.0000000000000000e+00	   8.7927784918330465e-01	   9.5155879867214521e-01	   8.2142301311500043e-01	   8.5669452013607339e-01	   7.5813338951651599e-01	   7.4236215631948976e-01	   8.1143930893191207e-01	   7.2527090137290062e-01	   3.4344669242365711e-01	   2.3845631939970113e-01	   7.8154663784725176e-01	   8.2614890223927984e-01	   6.2630732906355047e-01	   6.7181479720910064e-01	   5.4836386639767287e-01	   5.1817349404017909e-01	   8.0014359195443374e-01	   8.5474225141968818e-01	   8.5186949893491226e-01	   8.4773143051022204e-01	   8.5493070721519360e-01	   8.7513592672337048e-01	   6.7138355613674849e-01	   6.8058020778537021e-01	   2.3456726002828825e-02	  -6.2911511523060792e-02	   2.8640083130390237e-01	   1.9304143910909216e-01	   5.0062281885722004e-01	   3.7107677780825804e-01	   4.4358192849661443e-01	   5.3408349870191274e-01	   6.0341622950592833e-01	   6.0929817176158663e-01	   5.8557925482310702e-01	   6.0546445159520168e-01	   6.3562208010814869e-01	   6.3490948717177942e-01	   8.1008070561818823e-01	   7.6844418213828813e-01	   8.0809092238855473e-01	   7.9954319564043019e-01	   6.7110950322785656e-01	   6.9288724260533852e-01	   7.1108816557316978e-01	   7.5550049795670349e-01	   7.5336197950401629e-01	   6.3264250242908182e-01	   7.5610226750084741e-01	   7.6019041965052303e-01	   8.1710664689716972e-01	   8.2453035485925696e-01	   6.4266413548843604e-01	   7.0523770820905918e-01	   7.7989551635835497e-01	   7.5799006343139141e-01	   6.1701618284709647e-01	   5.8819963994410596e-01	   6.8244477523952352e-01	   6.3535130661337091e-01	   8.0222487026252476e-01	   7.9938486159503186e-01	   8.4966210816863708e-01	   8.5699072531234810e-01	   8.4899757349999161e-01	   7.8429013487811094e-01	   7.7695504745691379e-01	   8.0291200183141354e-01	   8.2021967369122373e-01	   8.5229183060808456e-01	   8.1889222425670694e-01	   7.4459347504608298e-01	   8.5021360528355205e-01	   8.7154866497451622e-01	   5.3176205905351248e-01	   4.4472749677621903e-01	   6.7000869637879612e-01	   7.1946761150830241e-01	   5.5956909777441355e-01	   5.6501285590724570e-01	   6.1435055039470143e-01	   4.6010701235720974e-01	   5.5900883391105394e-01	   6.8006556281777741e-01	   5.2381770080801737e-01	   6.7529943764964462e-01	   6.5312786373167908e-01	   6.8921549598849130e-01	   6.5656303076774691e-01	   3.7213827849782211e-01	   3.7756984179732267e-01	   3.0060651763296525e-01	   1.5944434759597526e-01	   1.6352462937324008e-01	   4.6648187153520348e-03	  -1.3120160870001049e-01	   6.0454146067342096e-01	   3.5652898162741431e-01	   5.5999068589010192e-01	   6.7726606742721152e-01	   6.3660161325208353e-01	   6.4164456368646028e-01	   5.1485014443400112e-01	  -1.3673903545681962e-01	
   7.2540186489254910e-01	   7.0832013472553557e-01	   8.3021643247755006e-01	   7.9275394445932112e-01	   7.9071952278306723e-01	   7.6885904068076627e-01	   9.0388914394385922e-01	   8.4192090673482278e-01	   8.7605533913927736e-01	   6.9981699139269826e-01	   8.8984457606553502e-01	   8.7927784918330465e-01	   0.0000000000000000e+00	   8.9165416963324784e-01	   8.4174555392300765e-01	   7.8919893326982393e-01	   7.4627350824900240e-01	   6.8723443231802772e-01	   7.3772405708123279e-01	   5.9762779550976997e-01	   3.0751979561406667e-01	   1.7238134307612712e-01	   8.1762173395824611e-01	   8.0296139057408500e-01	   6.4903254033576130e-01	   6.7353191708495408e-01	   5.7522653756787856e-01	   5.6149827847360900e-01	   7.6406397820107896e-01	   7.0760704498552518e-01	   8.4443212696306247e-01	   8.1598146568376018e-01	   7.8918384606373504e-01	   8.1658757690226502e-01	   6.7116727591471648e-01	   6.1837473799751019e-01	   5.0771306584333903e-02	  -4.8012207408732778e-02	   3.1763168094207622e-01	   1.7865936879691668e-01	   4.2186374957314526e-01	   3.0915154637813957e-01	   3.4282478123566396e-01	   4.0606799032003432e-01	   5.1789728298926274e-01	   4.9783839328111346e-01	   4.9610603195580760e-01	   5.2116733149242522e-01	   5.2801829255186727e-01	   5.3053528667480609e-01	   7.1803494889065944e-01	   6.5395032937979936e-01	   7.4733388682644564e-01	   6.4715344595789859e-01	   6.5956711647978272e-01	   6.3641394375647553e-01	   6.7919196825636530e-01	   6.8972003220525036e-01	   7.8244850753766193e-01	   5.5211709823157396e-01	   8.7033974792903623e-01	   7.8258475999092969e-01	   7.6001578978096851e-01	   7.1708365489756165e-01	   7.3901330956216071e-01	   7.4509426179561578e-01	   7.6763742946286406e-01	   6.8079832695659781e-01	   5.1540118885576613e-01	   4.9034030041154619e-01	   6.4550156327786790e-01	   5.6202431674811026e-01	   7.7294783624085561e-01	   6.8639783335565574e-01	   8.2397088383983874e-01	   7.4384760241954573e-01	   8.1751704794555713e-01	   6.9777045713181773e-01	   7.2449576430189533e-01	   7.2929433917622744e-01	   6.9172648608498599e-01	   7.7157138447276252e-01	   7.8282378129661701e-01	   6.3540831673940135e-01	   8.4194778317017271e-01	   8.2449727987126553e-01	   5.8588827953719758e-01	   4.4623382356656482e-01	   7.4491885689032056e-01	   6.9551278693103136e-01	   5.3174900875892039e-01	   6.3025773424845077e-01	   6.2254380547450372e-01	   6.1703842520497265e-01	   5.3259024505274488e-01	   5.9349831180069779e-01	   5.4826018378974017e-01	   6.6617165871660566e-01	   5.8501100294709962e-01	   6.8101949577006937e-01	   5.6911881771985062e-01	   4.8293645230314247e-01	   3.2258141036061072e-01	   3.5280213460954923e-01	   1.3909004625559487e-01	   2.1835617569869331e-01	   5.9705835341901901e-03	  -6.8067019732931694e-02	   5.0095799065377866e-01	   3.9703934757004233e-01	   5.9846806432222410e-01	   6.2975005236670634e-01	   6.1987625474518460e-01	   6.4617835647800670e-01	   5.5119161933823968e-01	  -9.1519292277876890e-02	
