   0.0000000000000000e+00	   8.9865249152415094e-01	   7.2590368388159754e-01	   6.6086120768313128e-01	   6.6032111498359014e-01	   5.8093096863808413e-01	   6.7227495419675620e-01	   6.2603450679475203e-01	   5.5687444979297474e-01	   5.2081775394117746e-01	   5.9364916641727361e-01	   6.5043948069841095e-01	   6.0598754507280228e-01	   6.1819344281078248e-01	   6.2172518710485258e-01	   5.3713701839725536e-01	   3.2393889976630613e-01	   3.9923036402762951e-01	   7.8919688889256245e-01	   6.6199456342072582e-01	   5.2634565559978530e-01	   5.2039158981920375e-01	   5.9414385192114416e-01	   5.9745641294067853e-01	   4.0197487927146769e-01	   4.1707160519882946e-01	   6.0741536021935061e-01	   6.2052524852697921e-01	   2.4396846205514394e-01	   2.0812704441381577e-01	   3.0240966022159399e-01	   2.2379173426946297e-01	   5.2322474753792669e-01	   5.6396232527334655e-01	   4.4714361121894475e-01	   3.9713770247017072e-01	  -1.3322749229367556e-01	  -8.7017181842672219e-03	   4.7384157688499051e-01	   5.2972388334690634e-01	   3.8389234406687334e-01	   5.9528205422468683e-01	   6.3302550540530200e-01	   5.9271453950690112e-01	   5.9326509174070297e-01	   6.0797564725450004e-01	   6.8277772908296708e-01	   6.5929191601470261e-01	   5.7341870343961510e-01	   5.6745143791593677e-01	   6.4383091047488783e-01	   5.6192275524428614e-01	   6.2822724273877917e-01	   5.8580522614164043e-01	   7.2680522120465252e-01	   6.8517181069159050e-01	   8.1295981749062696e-01	   8.4682668374945003e-01	   6.8393693372412101e-01	   5.5028278861100954e-01	   7.4226754222280422e-01	   5.6529499264340499e-01	   4.6690420414148825e-01	   3.8123594021385038e-01	   3.8188577643903410e-01	   4.3799940555194672e-01	   6.3571892180926126e-01	   5.7096435122000477e-01	   4.4892020600550053e-01	   4.8595352806668751e-01	   5.4787911375820109e-01	   3.3304973735781890e-01	   4.1981751184926830e-01	   5.7303973628521565e-01	   6.6437129695589991e-01	   6.3305470828318611e-01	   5.7544711022625017e-01	   5.2625733463458613e-01	   4.4642104145427436e-01	   4.8445506843048702e-01	   5.5250997718431238e-01	   5.5502367793489482e-01	   4.2168689095162248e-01	   5.5580806737709332e-01	   6.1877442082556566e-01	   6.1640877489087964e-01	   7.0740325606014964e-01	   6.2817212946655920e-01	   7.1840343076890623e-01	   7.0531468677498077e-01	   5.6577754971573246e-01	   5.1211283860846679e-01	   4.3846207744067461e-01	   3.0379627684874022e-01	   2.2355902393882029e-01	   2.8541789710906063e-01	   3.9960281253277696e-01	   4.8885138174424037e-01	   6.6366642199706627e-01	   6.9898467996873825e-01	   5.6288977158610187e-01	   4.3040068553654987e-01	   6.0499005543565076e-01	   5.5098153136307815e-01	   3.0802648445382363e-01	   2.3914602077571229e-01	   4.3818792288722774e-01	   4.0362702351567986e-01	  -2.6658422955170169e-01	  -2.8974110901279271e-01	   3.4280138356576034e-01	   5.2777030709610906e-01	   5.4543454937370439e-01	   2.9699430996491466e-01	  -2.5794884620314078e-02	  -6.0845707984172902e-02	
   8.9865249152415094e-01	   0.0000000000000000e+00	   6.3014201471120890e-01	   7.0890461989508846e-01	   6.2743166290916019e-01	   5.7771522344063253e-01	   5.7917299348206885e-01	   6.5590014259987206e-01	   5.4836834427141112e-01	   5.5403910383445076e-01	   5.4830358966079507e-01	   7.5254255274683857e-01	   5.4208422520013799e-01	   7.0557781973018163e-01	   6.3671578166925702e-01	   6.1836882459313036e-01	   4.0778732832124265e-01	   4.4264110850935662e-01	   7.7664332520728419e-01	   7.2238653173771827e-01	   5.4193102997718023e-01	   6.0338294219967170e-01	   5.3558509521508968e-01	   5.9410816182874993e-01	   3.5889240872112321e-01	   3.8307483646786550e-01	   6.1824176827959632e-01	   6.3655996541937143e-01	   3.2568180464608093e-01	   2.9102957055439743e-01	   2.9471070780204112e-01	   1.9149868553320742e-01	   5.5199365647452048e-01	   5.7015742034157058e-01	   3.5628326682396233e-01	   3.4476000051069289e-01	  -8.2833756010486939e-02	   1.0548325828766756e-02	   4.9684240476625952e-01	   5.3954524741713095e-01	   3.4387330619580769e-01	   5.7850765717680097e-01	   6.3817766719989266e-01	   6.0410355248656589e-01	   5.8874324229560737e-01	   6.1606299526637454e-01	   7.1723023724698209e-01	   6.7401668411686266e-01	   5.7696292206632172e-01	   6.0969400023808762e-01	   6.8626984613037711e-01	   6.2863078112278470e-01	   6.6526637977558611e-01	   6.2994145234537002e-01	   7.7139065459518885e-01	   7.4134148925202781e-01	   8.0177655359653943e-01	   8.5505226344197083e-01	   6.1223494460635774e-01	   6.3167764470638676e-01	   5.9133344768839602e-01	   5.2898356339591923e-01	   4.7372244968872002e-01	   4.2126842182217650e-01	   2.8397451260099416e-01	   4.0964525878106400e-01	   5.8773280183046106e-01	   5.6963468843324894e-01	   5.4949491133581407e-01	   6.1748221755630739e-01	   5.3839242762778095e-01	   2.7786413130354920e-01	   4.4167747804711643e-01	   6.1637184228124831e-01	   6.4205486112571819e-01	   6.5571971919898586e-01	   6.0126322962434653e-01	   5.6918206708937780e-01	   5.2630094772314118e-01	   4.9027527748511535e-01	   6.4952597770174847e-01	   6.0493749378558936e-01	   4.6261581489971004e-01	   6.4568247016012059e-01	   5.7628412311548893e-01	   6.9840677079039326e-01	   6.7876440132172255e-01	   6.2598327290097711e-01	   6.7111851683505708e-01	   7.0063373744886837e-01	   6.1528579481546997e-01	   4.7415101597005183e-01	   4.8832827009920687e-01	   2.0557187256158707e-01	   2.8836824486668050e-01	   3.7871113794323863e-01	   5.3071700079631479e-01	   6.1865743012108310e-01	   7.3297237321817299e-01	   7.0471728986971405e-01	   6.3433320998194098e-01	   3.7172190364595703e-01	   6.4349303541148228e-01	   4.9685037416426153e-01	   3.1314252457772068e-01	   1.5915243191513356e-01	   3.6587576478825523e-01	   3.5394757825726963e-01	  -1.3802124328052048e-01	  -1.4779628740874395e-01	   3.7299132116122435e-01	   5.3922323685051410e-01	   5.3429455671259007e-01	   2.6071918890872808e-01	  -8.9765154714250353e-02	  -5.5470799782531721e-02	
   7.2590368388159754e-01	   6.3014201471120890e-01	   0.0000000000000000e+00	   8.0635565088669070e-01	   8.2871125011617697e-01	   6.8199693605784417e-01	   9.0823137834290346e-01	   6.9856097822986518e-01	   7.8378414215027936e-01	   6.6767278653872442e-01	   6.9596846043349614e-01	   4.8131427792672954e-01	   6.7371901019204428e-01	   5.5927659647923678e-01	   8.0334895068946821e-01	   5.7863739074240594e-01	   1.1260367135637644e-01	   2.1200418426423748e-01	   7.3398396730900928e-01	   5.6110324314057780e-01	   5.3267011231733408e-01	   4.1083666469724245e-01	   8.9393365150788651e-01	   8.3384045043612454e-01	   7.3843655888118653e-01	   7.2470285556927116e-01	   6.1909466335041186e-01	   6.0664378093771520e-01	   1.4450025261198457e-01	  -3.1691380736050968e-02	   5.7273427379410424e-01	   5.5888140789386687e-01	   6.9618433208664254e-01	   7.3445208320288380e-01	   7.9272382136672292e-01	   6.6370329773766512e-01	  -3.4012344456656261e-02	   2.1101383091526198e-02	   5.0575693065043503e-01	   5.3293320006068690e-01	   2.9468282729346496e-01	   4.5107838930055832e-01	   6.0627731145496155e-01	   5.4985755236166245e-01	   6.3180798275212646e-01	   6.9567866553817570e-01	   6.6223065200584896e-01	   6.9640370515815231e-01	   5.2624389082216427e-01	   5.5803280723058224e-01	   6.6828592019740785e-01	   5.5846496806703927e-01	   5.3895552295915783e-01	   5.7036732440757443e-01	   6.9326264066994847e-01	   6.7892822859369695e-01	   4.2397694290801347e-01	   6.1833223402775139e-01	   5.8015868901805645e-01	   3.9214819875475448e-01	   7.1481110295971972e-01	   5.3519574426588756e-01	   3.8432535140075108e-01	   2.9436898517074256e-01	   7.9505328345064019e-01	   7.3867750997703352e-01	   8.3220437004976533e-01	   7.8989389085361450e-01	   3.3769184615840264e-01	   5.0866592179922421e-01	   5.1140294219836613e-01	   4.6859954653087743e-01	   4.5661463082227338e-01	   4.9872581686688611e-01	   6.5999911187261140e-01	   5.2048757432363302e-01	   6.3961653924807349e-01	   4.8108234001955169e-01	   2.3510184798388570e-01	   3.6558737925608781e-01	   4.0027561406303913e-01	   5.0651657313083265e-01	   5.8591490285082948e-01	   6.0365559558730042e-01	   8.1470075223358407e-01	   7.5344822436621028e-01	   8.0119918917314137e-01	   6.2325670103036290e-01	   6.6024514328974371e-01	   6.1693575270524781e-01	   6.1680635298380404e-01	   7.3299374632722103e-01	   4.4244758962706865e-01	   5.0871115290989455e-01	   2.6077922770564266e-01	   2.1697159808487199e-01	   4.8032932363741981e-01	   4.3747851547470296e-01	   6.7925288542095486e-01	   7.2648136800382290e-01	   2.9101694978125009e-01	   2.7943498952692386e-01	   3.3589659678610084e-01	   3.4158084361055241e-01	   2.1636021241978393e-01	   1.7363147031272011e-01	   2.1810141673453784e-01	   2.8061400764617889e-01	  -1.6074782740193228e-01	  -2.0837405413920562e-01	   4.9475106480248210e-01	   7.0082798310603245e-01	   5.4793470126133281e-01	   1.3565868404938408e-01	   2.9060651789989869e-02	  -9.2479915840406490e-02	
   6.6086120768313128e-01	   7.0890461989508846e-01	   8.0635565088669070e-01	   0.0000000000000000e+00	   7.6236768709315650e-01	   7.7158590261366267e-01	   7.3924070059390146e-01	   7.8420155313921835e-01	   6.8591304330896519e-01	   7.3190995442974283e-01	   6.1245395979484751e-01	   6.2048710409167263e-01	   5.2704835920462845e-01	   6.6203394412295358e-01	   7.6680361201399849e-01	   6.9309370323272246e-01	   1.5607609484262416e-01	   1.5182666804106199e-01	   8.0619019287602023e-01	   6.9792791261053810e-01	   5.5176340142718305e-01	   5.5030344457036373e-01	   7.0643675732947908e-01	   8.1641446370424808e-01	   6.3195390785897099e-01	   6.8476987120119592e-01	   6.2989604125812060e-01	   6.2824141967188285e-01	   1.4160187444539274e-01	   5.9622342784283522e-02	   4.7300971377215972e-01	   4.6137727241829724e-01	   6.8667704002303065e-01	   7.2890212659476616e-01	   6.5387951834754621e-01	   6.1565302576964953e-01	  -3.5814228299002368e-02	   2.1403436716426319e-02	   5.7239145113275647e-01	   5.9418954269767132e-01	   2.6313755565201091e-01	   5.1019238424000957e-01	   4.6963798287303488e-01	   4.1494372959346770e-01	   4.5813670089737241e-01	   5.5642381571077926e-01	   5.8243568850143557e-01	   6.0198241964485577e-01	   3.6919820995787889e-01	   4.6555597183606867e-01	   6.0801277739001947e-01	   5.7026720433131406e-01	   5.6434058832379330e-01	   5.5967514305274102e-01	   6.6633253090454581e-01	   6.5637344618728677e-01	   3.7123381790027649e-01	   5.2134398635175883e-01	   5.8880522984248596e-01	   5.5855493935588996e-01	   6.0388715659996273e-01	   5.5991793287606340e-01	   4.2484562012462868e-01	   3.7331758013703503e-01	   5.3904865385131639e-01	   6.8011905128689942e-01	   7.7587731984354202e-01	   8.0216361433429328e-01	   5.1296748191566732e-01	   6.8867346896311354e-01	   4.6647626782783658e-01	   3.4388531708025194e-01	   4.1079571736235465e-01	   4.9043042858063146e-01	   5.5959283007410310e-01	   5.6093230194896848e-01	   5.7767957211874232e-01	   5.0266589860769262e-01	   2.1798209889375736e-01	   3.4398941177030246e-01	   5.2978180776321593e-01	   5.6100246910972951e-01	   6.2566318150516720e-01	   7.4662879421992323e-01	   8.2975980889297085e-01	   8.5121931972403730e-01	   7.5557612141652530e-01	   6.7303939851401862e-01	   6.7202134667294366e-01	   6.9256867556055990e-01	   6.1105861473613898e-01	   5.7802123093967861e-01	   4.9600612325063942e-01	   3.8117754699404410e-01	   2.4143955025478381e-01	   2.5841678645067356e-01	   5.2080667461213193e-01	   5.0080125094502081e-01	   6.6057101462014178e-01	   6.4187948568284048e-01	   3.6982476726172736e-01	   2.0070299624167054e-01	   3.4909166954886423e-01	   2.6642861999291695e-01	   1.9555459826132332e-01	   1.0717649164125480e-01	   2.2142208242498540e-01	   2.8824839872641084e-01	  -1.3868429070551702e-01	  -1.0234062863496939e-01	   4.7241739969846713e-01	   6.3370863945841172e-01	   5.2267016373187014e-01	   1.7363629890423282e-01	  -6.6261135867919360e-02	  -1.8840779387350023e-01	
   6.6032111498359014e-01	   6.2743166290916019e-01	   8.2871125011617697e-01	   7.6236768709315650e-01	   0.0000000000000000e+00	   7.8566921494282438e-01	   6.9306914226950078e-01	   5.7663366116923853e-01	   8.5246713098971183e-01	   8.1676877385445101e-01	   5.2985464521364811e-01	   4.3890468569372343e-01	   5.2624766019802915e-01	   5.4559823587296896e-01	   8.6749534849935717e-01	   6.9927688351042971e-01	   3.2214261705280405e-02	   5.6395302805009082e-02	   8.0610871973209464e-01	   7.3339109154044746e-01	   7.1028500972148101e-01	   5.9383262316198504e-01	   6.8728277699149531e-01	   7.1219760898112849e-01	   6.8636215448042426e-01	   7.0902643678619426e-01	   7.7172039827607875e-01	   7.3715622129476577e-01	   5.1372243398178516e-02	  -7.8261916703302098e-02	   3.5623078822461329e-01	   2.6819208299318736e-01	   5.5918234449618431e-01	   5.7237533818545439e-01	   6.8277676650322472e-01	   5.8974681138934204e-01	   6.6835432793835942e-02	   9.2766001931596023e-02	   6.3494943454192909e-01	   5.7418461396673481e-01	   3.9169089864403595e-01	   5.0555818057205382e-01	   5.0948074986609926e-01	   4.6854322974174295e-01	   4.7313663273866402e-01	   5.4781396448242947e-01	   6.3329644528644091e-01	   6.4125472376576442e-01	   4.0789609542249039e-01	   4.6121185657113478e-01	   6.1103096702154291e-01	   5.6647677380280714e-01	   5.8869507939966625e-01	   5.9207601927945219e-01	   7.5489899735478116e-01	   6.9276253920368247e-01	   3.9171697732107680e-01	   5.4609774832741698e-01	   6.1821401939973331e-01	   5.7653799457620769e-01	   5.5858676960712017e-01	   4.7207014828555494e-01	   2.9212429731654305e-01	   2.5080154472484861e-01	   5.7858087551045712e-01	   5.7935252512156132e-01	   7.8764649293354938e-01	   7.5877446759296530e-01	   5.1807484184425068e-01	   6.2935552757268720e-01	   4.9782029708719039e-01	   3.0962668297995688e-01	   3.6605582081558286e-01	   4.9267211647689524e-01	   6.2110995818309811e-01	   5.4864999489561028e-01	   6.1786948795314200e-01	   5.5876980485740546e-01	   1.5543424731759431e-01	   2.5472066767870050e-01	   4.1105362407587598e-01	   4.5735205715480004e-01	   7.0107354032647784e-01	   6.6902907398963429e-01	   7.9107977073064650e-01	   7.7784012762606647e-01	   7.4369756920430918e-01	   7.0635854088560301e-01	   6.7089710234478361e-01	   6.0258827690020789e-01	   5.6452578787232599e-01	   5.4367784785707662e-01	   4.0472788820089733e-01	   2.5133928748363532e-01	   2.6538679295890732e-01	   2.3151491694177059e-01	   5.5196332472086906e-01	   5.0620694898036489e-01	   6.9828524632833722e-01	   6.5918364254689754e-01	   4.8808103761582822e-01	   3.0172018030151410e-01	   5.0796655253014600e-01	   3.5648960259614326e-01	   2.7402247960292553e-01	   1.1425349351934519e-01	   2.4762640224768301e-01	   2.5909585522869483e-01	  -1.5945149963101160e-01	  -1.3580899104650146e-01	   4.4098224905187622e-01	   5.8930406765137666e-01	   4.7139772432378102e-01	   1.5223871233799594e-01	  -6.8422514481789126e-02	  -1.2183196993860346e-01	
   5.8093096863808413e-01	   5.7771522344063253e-01	   6.8199693605784417e-01	   7.7158590261366267e-01	   7.8566921494282438e-01	   0.0000000000000000e+00	   5.1191539827758081e-01	   5.1366088678959743e-01	   6.2564327701050870e-01	   7.4929058335289478e-01	   4.0436566451993194e-01	   4.5225391188326858e-01	   3.0778301531398711e-01	   4.4604641279540391e-01	   7.3168018876260277e-01	   6.0469617021473843e-01	   1.8529881110113104e-02	  -3.6146765015687234e-02	   7.1504388876894487e-01	   6.9466456484776939e-01	   6.2267364303798223e-01	   6.2540309946032346e-01	   5.2405772412744400e-01	   5.9075653218467572e-01	   4.9634188444495042e-01	   6.3274229031685125e-01	   7.9385963790150460e-01	   8.1163313827879913e-01	   5.1651295511994842e-02	   1.0086603025429677e-01	   3.5458320334082738e-01	   2.9035435082141925e-01	   5.8397691587781342e-01	   6.1372835570323314e-01	   5.2872630662758513e-01	   4.7089173957632480e-01	  -1.1422833476253469e-01	  -5.0541847309591575e-02	   5.6140022005079304e-01	   5.2629409167105234e-01	   3.6914035178764404e-01	   5.0423385677571098e-01	   3.3750235963732400e-01	   3.1928038551827270e-01	   3.1039912637880435e-01	   4.1489997095653308e-01	   4.3248715117553316e-01	   4.5140966110433922e-01	   2.1440763760902892e-01	   2.6271785467196251e-01	   4.0446816902668653e-01	   3.4718042503273427e-01	   4.3900145331852314e-01	   4.3272501734699115e-01	   5.7803012453726899e-01	   5.2509469080087046e-01	   3.4249267683927209e-01	   3.8777249934589497e-01	   4.9745207707424904e-01	   4.9368624296440911e-01	   4.4287130266215685e-01	   3.9876718902837854e-01	   3.7613352248831639e-01	   3.7063955087956157e-01	   3.9363122299297876e-01	   4.7431442634323939e-01	   6.1442984732336481e-01	   5.9845053148013105e-01	   5.0506705119527218e-01	   6.1890941663268184e-01	   4.7830805197257986e-01	   1.7174876698618496e-01	   3.7030309215559304e-01	   5.4147127592221944e-01	   5.0928412273790225e-01	   6.1493612494497940e-01	   4.5461602906451382e-01	   4.7317529985929296e-01	   9.1806026422413589e-02	   2.8799366893683931e-01	   3.6503387762951839e-01	   3.9774556901688785e-01	   4.8281108321463567e-01	   6.1839334926967138e-01	   6.5625214551236266e-01	   6.8306910156868172e-01	   5.7854347148128893e-01	   4.5741824617242999e-01	   4.9739190535626077e-01	   5.2025113253186062e-01	   3.2411891806811033e-01	   3.4307641173774728e-01	   2.7100162265033934e-01	   1.1713960933921563e-01	   4.0702066608998344e-01	   3.8976747812047435e-01	   5.6808927156581523e-01	   5.7082038079934261e-01	   4.8378691030920001e-01	   4.5619571596276753e-01	   3.8769118383300027e-01	   1.9632526889369159e-01	   4.7420658411790323e-01	   3.8159733181953848e-01	   6.3691220913053889e-02	  -2.9902530177636690e-02	   2.9740971215766238e-01	   2.5865143517536415e-01	  -8.9183762251142190e-02	  -4.1911293111919240e-02	   2.7351878888235259e-01	   4.2544996713763150e-01	   2.7757317320194075e-01	   1.5602454081880007e-01	  -2.0244661109687551e-01	  -1.1420138340242529e-01	
   6.7227495419675620e-01	   5.7917299348206885e-01	   9.0823137834290346e-01	   7.3924070059390146e-01	   6.9306914226950078e-01	   5.1191539827758081e-01	   0.0000000000000000e+00	   8.3435278149296699e-01	   8.0035603729288718e-01	   6.4814968563156239e-01	   7.1581703206459435e-01	   4.9372685297335489e-01	   7.8486818827998595e-01	   5.7526373818923937e-01	   7.0484812549884435e-01	   4.8058555542546127e-01	   7.9853256822799840e-02	   2.5513147149747939e-01	   6.0559187186322228e-01	   3.5361924423710611e-01	   3.3600530984639898e-01	   2.7670786092005700e-01	   8.6087902734542665e-01	   7.7660165590942654e-01	   5.8950248606757116e-01	   5.6689723665495861e-01	   4.4526370779301960e-01	   4.3774505052175511e-01	   1.1668545454470276e-01	  -3.6284798620055389e-02	   4.7069049315624600e-01	   5.1267738801936702e-01	   5.8103796838920607e-01	   6.7938388740567601e-01	   7.4540294462561385e-01	   6.3121952751650512e-01	  -1.2358978537740670e-01	  -2.7988334622846122e-02	   3.0968428692454708e-01	   4.2385769724077310e-01	   1.8213871847616336e-01	   3.5140509707686396e-01	   5.9531284059697542e-01	   5.6011406929505658e-01	   6.3007437996704752e-01	   7.0493779472671225e-01	   6.3710924003511427e-01	   6.7977273603796107e-01	   5.3729151752524917e-01	   6.2060117696238437e-01	   6.5454666137901907e-01	   6.2275591246216500e-01	   5.5498577719714715e-01	   6.0096338677615457e-01	   5.7576500878980230e-01	   6.1863657989086496e-01	   3.1675189099764750e-01	   5.3283775722838944e-01	   5.7965577841767368e-01	   3.5354316550925952e-01	   8.0885921779268966e-01	   7.0348739861070664e-01	   3.0226435785733269e-01	   2.3152144259194285e-01	   8.1208771905722399e-01	   7.7205231980707989e-01	   7.7245844683683207e-01	   7.3868173697893702e-01	   1.2131397224426171e-01	   3.2009017946377116e-01	   4.9799629972847759e-01	   4.6225205173100092e-01	   4.0883960917435336e-01	   4.4311581715936865e-01	   5.9852289933039460e-01	   4.9098208877095317e-01	   6.3295480768544998e-01	   4.8726641796774506e-01	   1.9827835089913920e-01	   2.9258895336317392e-01	   3.5375918174580101e-01	   4.9014340875216705e-01	   4.6628962624232123e-01	   4.9248124812282856e-01	   7.2463743823126525e-01	   6.3906065120140609e-01	   6.8576909292482335e-01	   4.8690594898712031e-01	   5.8892688209504263e-01	   5.6217009098981041e-01	   6.3244932076388327e-01	   7.4086862295419875e-01	   4.6023280186945137e-01	   6.1021585476838847e-01	   1.1484130387268593e-01	   8.2292249555430644e-02	   3.5747681740239390e-01	   3.0738262900219510e-01	   6.5083112747953420e-01	   7.0943450727040602e-01	   2.7320257380977386e-01	   3.5063185992876406e-01	   2.6722698832977504e-01	   3.0597724175714391e-01	   1.6590273991793517e-01	   1.4406515466238681e-01	   1.7483116160862303e-01	   2.5179332271056754e-01	  -2.4400278559092214e-01	  -2.0063968392166853e-01	   5.3657899726562341e-01	   7.1057869541003993e-01	   5.9972319504594884e-01	   9.7721028761808715e-02	   3.8417206941869092e-02	  -1.5433795625666119e-01	
   6.2603450679475203e-01	   6.5590014259987206e-01	   6.9856097822986518e-01	   7.8420155313921835e-01	   5.7663366116923853e-01	   5.1366088678959743e-01	   8.3435278149296699e-01	   0.0000000000000000e+00	   6.8736931078673846e-01	   7.0376378305109200e-01	   7.6656285349563846e-01	   7.1911875940280767e-01	   7.8865296240012372e-01	   7.7403552487818739e-01	   6.5412930856453810e-01	   6.2104558757365658e-01	   3.2512952754124147e-01	   4.2186627585987058e-01	   5.3886720803967969e-01	   3.0907507618858060e-01	   2.8825475005950424e-01	   3.2560780160807173e-01	   7.4116550106919399e-01	   7.5980451160513818e-01	   4.8921587436123837e-01	   4.4310686085992113e-01	   4.0029573519643719e-01	   3.8287274571278135e-01	   3.1834081194397795e-01	   2.3768534661678437e-01	   4.5492642317315612e-01	   4.8601566991450407e-01	   6.2236269080620998e-01	   7.2510757380087743e-01	   5.6109140943807045e-01	   4.9524494335630892e-01	  -4.5287489252315710e-02	   7.5374236890909066e-02	   3.2435474135915604e-01	   5.2053782987984665e-01	   2.2771307080139225e-01	   5.1584250956669975e-01	   5.4433017878221168e-01	   5.0749488665367570e-01	   5.4820136731183788e-01	   6.0315576481049671e-01	   5.9099303563633898e-01	   6.1329682120447138e-01	   4.5678022918381184e-01	   5.9264229127812240e-01	   6.0581737887629794e-01	   6.3589422733244350e-01	   5.5315935070846467e-01	   6.1253684094026706e-01	   5.2671025622965506e-01	   5.5979075960953617e-01	   3.5605132642739812e-01	   4.9604538618682492e-01	   4.8139462227960217e-01	   3.5823097460620162e-01	   7.0121222680407436e-01	   7.7136056726378199e-01	   4.4360198712167409e-01	   4.0338451186176877e-01	   6.1868858786714420e-01	   7.4765074455104774e-01	   6.3365150694689942e-01	   6.7878190905079183e-01	   1.0405649970150077e-01	   3.3749693689360460e-01	   4.9896643403429697e-01	   4.4786442291215600e-01	   3.9940404716849154e-01	   5.2946768129586097e-01	   5.2290992946601933e-01	   5.4930175902194167e-01	   5.6952795827433178e-01	   5.5642889468673251e-01	   3.7587018768468222e-01	   3.9341953504752059e-01	   5.6249880160167998e-01	   6.4026354085964388e-01	   5.3447292773448751e-01	   6.7924564485596295e-01	   6.9393974750704124e-01	   6.4997973693649824e-01	   6.0426128684699787e-01	   4.4860722866014902e-01	   5.6845872866749747e-01	   5.7554780243531389e-01	   6.8793114081566120e-01	   6.4464871623546749e-01	   6.0778846880156689e-01	   5.7944772538122569e-01	   8.6035736463498519e-03	   4.4702606394389596e-02	   2.6233965236936091e-01	   2.4850322830893573e-01	   6.0460231472429604e-01	   6.1240611183866722e-01	   3.9449313964649368e-01	   3.1582730676940307e-01	   2.9605186119125881e-01	   2.7622048899255397e-01	   1.9512149447394844e-01	   1.7977837329935187e-01	   1.9298425537977704e-01	   2.2494580350618604e-01	  -3.4611983885971620e-01	  -2.4041495445931260e-01	   5.2487615700964507e-01	   6.8362781510158299e-01	   6.5008512903379834e-01	   2.3740516837708925e-01	   1.4432731968205270e-01	  -7.1132459473965917e-02	
   5.5687444979297474e-01	   5.4836834427141112e-01	   7.8378414215027936e-01	   6.8591304330896519e-01	   8.5246713098971183e-01	   6.2564327701050870e-01	   8.0035603729288718e-01	   6.8736931078673846e-01	   0.0000000000000000e+00	   8.3945982320478119e-01	   5.3608937980187754e-01	   3.8512396647199365e-01	   5.8421200867407208e-01	   5.1606354725602577e-01	   8.4507361625262467e-01	   6.6761479213680763e-01	  -5.3494420158690353e-02	   2.9142019619031317e-02	   6.6515569012962961e-01	   5.0663537188410479e-01	   5.5636712828543600e-01	   5.0048254321944463e-01	   7.2787013750423568e-01	   6.9311635438337327e-01	   5.4286912076238769e-01	   5.5959709667367208e-01	   6.6378743074719992e-01	   6.1843125354396578e-01	   1.4084020977057809e-02	  -1.1586439669489175e-01	   2.2906113786071411e-01	   1.8912054589013366e-01	   4.5760482127270119e-01	   5.2091169174965701e-01	   6.6078743595372647e-01	   5.4652582020738749e-01	  -1.1597821030000968e-01	  -6.6741930166170568e-02	   4.3254458019539788e-01	   4.2011579162820617e-01	   2.5312077033276481e-01	   3.2082217946786529e-01	   4.7640659554279691e-01	   4.3806444707917164e-01	   4.8692076351495556e-01	   5.8278670973977986e-01	   5.8320610407550377e-01	   5.8288593825258606e-01	   4.2187805551303514e-01	   5.5210345325807875e-01	   6.2381345087793805e-01	   6.4926600160627201e-01	   6.2329474252279427e-01	   6.7588309575989047e-01	   6.3750702121084735e-01	   6.3482472978256732e-01	   2.4684573522137435e-01	   4.3595372533978805e-01	   6.0393101445867658e-01	   5.0681996223808468e-01	   6.1816004736602959e-01	   6.3024787066317256e-01	   1.4642223443453584e-01	   1.8457758193619078e-01	   7.2055436070165957e-01	   7.0251688511833332e-01	   7.3283417900485970e-01	   6.9510486516791692e-01	   3.0800148158695645e-01	   4.6184935640955060e-01	   4.1330687313641568e-01	   2.0599567618981696e-01	   3.4634547683740113e-01	   4.3004556568776098e-01	   5.2506050170474738e-01	   4.5349859546600946e-01	   5.1376844913719344e-01	   4.4861533047942298e-01	   4.0620659794966860e-02	   1.2648344071274481e-01	   3.1228377108995509e-01	   3.6416352630260879e-01	   6.0561604396557789e-01	   5.0118434876388740e-01	   7.2439644738113651e-01	   6.6817209847091585e-01	   6.7003345718846241e-01	   5.1767298113671067e-01	   6.1026958148945631e-01	   5.5546430187470608e-01	   6.4872295432105009e-01	   6.4384734013291567e-01	   4.5606473587956631e-01	   3.8259640031340758e-01	   2.7176147166419301e-01	   2.1195392473239172e-01	   5.0481102399163513e-01	   4.1931238114695646e-01	   6.7488516344663996e-01	   6.3310433932717614e-01	   4.4385746095073525e-01	   3.2214400880594929e-01	   4.1823762102231943e-01	   2.7256747946760190e-01	   2.5804763018404864e-01	   6.3908663804677121e-02	   1.7770145792571840e-01	   1.7094785912951493e-01	  -9.7063335808054804e-02	  -2.9068501330956599e-02	   4.2515374842517095e-01	   5.6616476513913794e-01	   5.0711194017247807e-01	   7.7173538189589622e-02	  -6.1679098386963865e-02	  -1.4763285977145899e-01	
   5.2081775394117746e-01	   5.5403910383445076e-01	   6.6767278653872442e-01	   7.3190995442974283e-01	   8.1676877385445101e-01	   7.4929058335289478e-01	   6.4814968563156239e-01	   7.0376378305109200e-01	   8.3945982320478119e-01	   0.0000000000000000e+00	   4.4786709538648306e-01	   4.2562564853444740e-01	   4.6277007391246960e-01	   5.4272914196742095e-01	   7.8192885942063906e-01	   7.5434252020489834e-01	  -6.2713997046268927e-02	  -5.5377380105471274e-02	   7.0397877339453363e-01	   5.4908037643578167e-01	   5.1174322763238278e-01	   5.5340649644671536e-01	   5.9092809540742530e-01	   6.6911034501762712e-01	   5.0738719722900427e-01	   5.3619259781498452e-01	   6.4183372681106143e-01	   6.1407304938352980e-01	  -8.6608618934627141e-03	  -6.0282460136190756e-03	   2.0303182259636576e-01	   1.3664136665595422e-01	   4.5413910181075579e-01	   5.0290121186974357e-01	   5.2714896675913125e-01	   4.2869313204188819e-01	  -7.1724300132897698e-02	   1.2258053386711976e-02	   4.8442371351571378e-01	   4.8111027650662802e-01	   2.3519082956595583e-01	   4.5614439410230301e-01	   3.1761620999027684e-01	   2.8266287419285058e-01	   3.1717443224128117e-01	   4.2193830617585065e-01	   4.4473358789579165e-01	   4.6176535996447837e-01	   2.9975453288975473e-01	   4.2672786665263646e-01	   5.1224413905401289e-01	   5.8281455399782489e-01	   5.8661718884295055e-01	   6.2134816743160182e-01	   5.4362887791816417e-01	   5.1292771308974250e-01	   1.8911840717206577e-01	   3.1917313357452726e-01	   6.1277190613827237e-01	   5.6352878577992049e-01	   5.6466554231368682e-01	   7.2161176299743746e-01	   1.6545663035443200e-01	   1.7986536716774729e-01	   5.5552552172875469e-01	   6.8875597411566025e-01	   6.5008439096418358e-01	   6.5266138428589282e-01	   4.1486536620993431e-01	   5.5803937773010526e-01	   4.0294626226006025e-01	   1.6403119091321355e-01	   3.2778372570654413e-01	   4.7733342929150835e-01	   4.8206677509340512e-01	   5.3399557141234089e-01	   4.6114859311825906e-01	   4.8875736928973812e-01	   5.1978287590886185e-02	   1.3256200996236994e-01	   3.7413599746323889e-01	   3.7466642288808455e-01	   6.1567701339507475e-01	   5.8933408722549052e-01	   7.3234821605627143e-01	   6.6193892712881897e-01	   5.8315582702071245e-01	   5.5660272930363930e-01	   5.5909771020924204e-01	   5.0039630788794565e-01	   5.6532577205603574e-01	   5.4509414282839141e-01	   4.4861946956764681e-01	   3.4173893179796055e-01	   2.4817364746158543e-01	   2.1990392403507961e-01	   4.4213843411674791e-01	   3.7809980409543731e-01	   5.4080761681718403e-01	   4.9328434864163218e-01	   4.8252673089044351e-01	   3.3666194624618728e-01	   4.2085820586745037e-01	   3.1410039702177150e-01	   2.8949673995487324e-01	   1.1175413275703386e-01	   1.9700785263853610e-01	   1.7590837401974219e-01	  -7.0896062529545514e-02	  -3.8430193803124388e-02	   3.2890873367948520e-01	   4.8510304403424842e-01	   4.6022550278284885e-01	   2.2653684216688358e-01	  -2.7109818400708053e-03	  -9.5393504302718951e-02	
   5.9364916641727361e-01	   5.4830358966079507e-01	   6.9596846043349614e-01	   6.1245395979484751e-01	   5.2985464521364811e-01	   4.0436566451993194e-01	   7.1581703206459435e-01	   7.6656285349563846e-01	   5.3608937980187754e-01	   4.4786709538648306e-01	   0.0000000000000000e+00	   7.1677717164804289e-01	   7.9877046177289235e-01	   7.5216275404689692e-01	   6.0811283783130266e-01	   5.1332172848538293e-01	   4.4252380964432969e-01	   5.0409231009104138e-01	   4.6693996459765164e-01	   2.5873535058628705e-01	   1.8142909719452169e-01	   6.5711468748758661e-02	   7.8334136524081033e-01	   7.1008758699251839e-01	   5.6489731146032951e-01	   5.0127338116155773e-01	   2.9046193941046095e-01	   2.7026115518670890e-01	   4.7584083017362344e-01	   2.9089173504505933e-01	   6.0525747880527425e-01	   6.6359185918939423e-01	   6.8965045197408137e-01	   7.6137335737814504e-01	   6.1225992827484088e-01	   5.0195239887838905e-01	   7.1490446262423082e-03	   6.9685607648666936e-02	   2.3867262332646860e-01	   3.9991066967516253e-01	   2.6794029804732744e-01	   3.9932341556163808e-01	   6.8209366035062047e-01	   6.3742528649709640e-01	   6.8777450968460041e-01	   7.1243416798597103e-01	   6.6113997175204153e-01	   6.8466450431516623e-01	   5.5710116895330408e-01	   6.1529466420334811e-01	   6.0509841890385530e-01	   5.1937354535670721e-01	   3.8444063661641736e-01	   4.2693393480319003e-01	   5.5973899307870734e-01	   5.6857310893678248e-01	   3.6093356486241007e-01	   5.0482167427957336e-01	   3.3172504367406364e-01	   1.7517183674829578e-01	   6.1033709624640931e-01	   4.9033943416198283e-01	   5.6492401378411450e-01	   4.6099628362585882e-01	   6.4094373966396678e-01	   6.3712264973639865e-01	   6.1413120782349961e-01	   6.1960864921827219e-01	  -1.9692712945162109e-02	   1.6579894996191594e-01	   4.6043742044460650e-01	   5.5897005499374408e-01	   4.6110832149894615e-01	   5.6551407578622181e-01	   6.3907813706094063e-01	   4.6238799649438467e-01	   5.3259966581625262e-01	   4.5235538149818633e-01	   3.7820193574361050e-01	   4.2748227859340060e-01	   5.0545886061162615e-01	   5.8812546531645693e-01	   5.6791863122528907e-01	   6.4648872198831131e-01	   6.9354207562959780e-01	   6.2640362776782510e-01	   6.3236382276372682e-01	   4.6438853371034411e-01	   4.8330555770032074e-01	   4.5330528057747876e-01	   5.4279677089291867e-01	   5.5735333769862794e-01	   3.9913660544858165e-01	   3.9389466531273887e-01	   4.2602867649202576e-02	   5.5661346737765419e-02	   3.1034692611561565e-01	   2.8127333793333376e-01	   5.7910155606946068e-01	   6.0650720377039125e-01	   1.7987152067459933e-01	   1.2846860390085868e-01	   1.1811832304954732e-01	   1.1153657996032604e-01	   9.2121753999710454e-02	   8.3994958538946424e-02	   6.8831238828126168e-02	   9.5250415571925651e-02	  -4.1278137664476106e-01	  -2.5843481463274492e-01	   5.7162190536378688e-01	   6.6462956958038122e-01	   4.9423617771870920e-01	   7.8830374577268394e-02	   8.5415039799989934e-02	  -3.3613721963603314e-02	
   6.5043948069841095e-01	   7.5254255274683857e-01	   4.8131427792672954e-01	   6.2048710409167263e-01	   4.3890468569372343e-01	   4.5225391188326858e-01	   4.9372685297335489e-01	   7.1911875940280767e-01	   3.8512396647199365e-01	   4.2562564853444740e-01	   7.1677717164804289e-01	   0.0000000000000000e+00	   6.2899674714408627e-01	   8.7797077720066474e-01	   5.2609704427851789e-01	   5.7056120406459865e-01	   5.5757746784493856e-01	   5.7751618599334154e-01	   4.8472813240627899e-01	   4.3294702518632400e-01	   3.2018332763185559e-01	   3.7806477621550222e-01	   5.1712270551557904e-01	   5.5340198799924289e-01	   3.8739895319421064e-01	   3.8277599118973171e-01	   3.5679932785098145e-01	   3.7993844470107718e-01	   5.4208459317733304e-01	   4.7796383377723095e-01	   4.4202835030931509e-01	   4.2058747686141695e-01	   5.8838807927866965e-01	   6.3976399990205479e-01	   3.2983156537060693e-01	   3.1818864679792969e-01	   2.4179619703615395e-02	   1.0689568293837585e-01	   2.8552172462575065e-01	   4.5237780829116386e-01	   2.7420684097547410e-01	   5.8359775307010964e-01	   5.5258518728046790e-01	   5.4021271336741461e-01	   4.8966138995295760e-01	   5.4776757775656992e-01	   5.6757209685737564e-01	   5.3515200272094521e-01	   3.9792471004930630e-01	   4.7723900694212962e-01	   5.2855543511841863e-01	   4.7609687432212078e-01	   4.1110923475380445e-01	   4.0973670272980667e-01	   5.4614508060258071e-01	   5.2959406106706519e-01	   6.0014673508318117e-01	   5.8870844749147466e-01	   2.3397705412027309e-01	   2.6397142327976431e-01	   4.2643765119696114e-01	   3.7711319444227681e-01	   6.3043957941334561e-01	   5.6410407278562169e-01	   2.4554267578456437e-01	   3.8348217791523515e-01	   4.1379588017298508e-01	   4.7311192528727519e-01	   2.1097858920113291e-01	   3.6076382175788868e-01	   5.4038629457642950e-01	   4.2533791595003978e-01	   5.4185967383442057e-01	   7.0599341308365560e-01	   6.9805769881511637e-01	   6.7253960142454106e-01	   5.8391287284206883e-01	   5.6086366542638655e-01	   5.8156154075764588e-01	   5.7872554422475653e-01	   6.8686756229902035e-01	   7.0018757099688078e-01	   4.1274447997045466e-01	   6.9308590148630977e-01	   5.3714005043182866e-01	   6.9356696645708704e-01	   4.9084412153026258e-01	   3.7700769629660935e-01	   4.0936965240797835e-01	   4.6316103915511869e-01	   4.3807870829789297e-01	   3.1897601923820074e-01	   4.0990791059543863e-01	   1.6038953399096409e-01	   1.9501877885900701e-02	   1.3155505436215978e-01	   3.4569170861216653e-01	   4.1051402508710944e-01	   4.9088441981797321e-01	   4.4604704774588505e-01	   3.6960170374229284e-01	   6.8403766073788938e-02	   2.7760258835509721e-01	   1.9262688121440394e-01	   5.6655486180750905e-02	   4.8996126758554220e-02	   4.6627454900374447e-02	   1.5045512367752040e-01	  -3.6744028537751156e-01	  -1.3833843670049639e-01	   4.0345155339860062e-01	   5.0906170545046470e-01	   3.6319516225802251e-01	   1.1168898841779090e-01	   9.3297106846690989e-03	  -3.4860608745899684e-02	
   6.0598754507280228e-01	   5.4208422520013799e-01	   6.7371901019204428e-01	   5.2704835920462845e-01	   5.2624766019802915e-01	   3.0778301531398711e-01	   7.8486818827998595e-01	   7.8865296240012372e-01	   5.8421200867407208e-01	   4.6277007391246960e-01	   7.9877046177289235e-01	   6.2899674714408627e-01	   0.0000000000000000e+00	   7.6704231326003003e-01	   6.5562351941021357e-01	   4.9828827686655142e-01	   3.2689916159661930e-01	   4.8163483376926319e-01	   4.1104725689300370e-01	   1.7993976479184387e-01	   2.6953962646613927e-01	   1.6953145253507010e-01	   8.0812073861536893e-01	   7.3204327843829842e-01	   5.5724308124221389e-01	   4.2811964371350547e-01	   3.5659842173962897e-01	   3.1487079585209027e-01	   3.3618789101886204e-01	   1.8205730984497348e-01	   5.3657833088734308e-01	   5.4278937809484185e-01	   4.7177381305338684e-01	   5.7723365607565380e-01	   5.7478562829034263e-01	   4.4135478546250673e-01	   1.1424917253521315e-01	   1.8254462387900791e-01	   2.8053052595779587e-01	   4.8478222981263475e-01	   3.2625214557621263e-01	   4.2951513539846220e-01	   6.7516070241441928e-01	   6.3297366896626062e-01	   6.7535315237862303e-01	   6.4763641227875823e-01	   6.7670456341273588e-01	   6.8153498993461625e-01	   5.7793040569069565e-01	   6.6787740475463564e-01	   6.2766343349417308e-01	   6.1835692220062832e-01	   5.1987364990412910e-01	   5.5752952223121977e-01	   5.6258066920572225e-01	   5.7270574151931886e-01	   3.9092767887287622e-01	   4.9024878021924867e-01	   3.2393379443316761e-01	   1.4490666766912347e-01	   5.6665451986409110e-01	   5.5330906543303238e-01	   2.7080270796401879e-01	   1.9284296360916162e-01	   6.1448692528050297e-01	   6.3207821987609236e-01	   5.3760706577998907e-01	   5.3633841272193084e-01	  -9.1155441746440996e-02	   8.3025797757762282e-02	   5.1396391047649614e-01	   5.0493799591987720e-01	   2.8481748174870014e-01	   4.1947793533133099e-01	   5.5738449702005588e-01	   4.5113935412289285e-01	   5.5926042436297829e-01	   5.3264074323129307e-01	   4.2888609505418751e-01	   3.8123115109720507e-01	   3.6573148320531479e-01	   5.2478171771652471e-01	   4.8269323626519939e-01	   5.3438539741901292e-01	   5.4343594099476067e-01	   5.2244467185221466e-01	   6.0518499056827246e-01	   4.0056665519755397e-01	   5.3895707128681525e-01	   4.7145352894995679e-01	   6.7123612525452714e-01	   6.2619785304295084e-01	   5.7180374316206206e-01	   5.7137511123431950e-01	  -1.6734518168578180e-01	  -1.3822350374027320e-01	   1.7019168116185110e-01	   1.2275854948155210e-01	   5.8253082900156450e-01	   6.1377726346990180e-01	   3.8497347635952073e-01	   3.3209096332976995e-01	   2.6583970053975636e-01	   2.6380944000770423e-01	   2.6045280022052630e-01	   2.7746863209803152e-01	   2.0655072102730099e-01	   1.4449855671193071e-01	  -4.5930558952510409e-01	  -2.8593168600787211e-01	   5.3910137961825644e-01	   6.6249710826090591e-01	   6.1789217980522171e-01	   1.6791166916208294e-01	   1.8220114998277626e-01	  -3.0370513083181797e-02	
