   0.0000000000000000e+00	   8.7513843518525991e-01	   7.1598638846504115e-01	   7.1607673990294363e-01	   7.0313118123984331e-01	   6.2331898575005573e-01	   6.7827938490486361e-01	   5.8525860665043394e-01	   4.6539437794672528e-01	   4.2897796179629388e-01	   5.8070135823176150e-01	   4.7625825576199138e-01	   5.7164564093701709e-01	   5.7834463787295565e-01	   7.0239527973138927e-01	   6.6596263275937351e-01	   3.9349298616390693e-01	   4.8301176115759253e-01	   7.1732408457244290e-01	   7.6122990182570849e-01	   5.2626380185105148e-01	   4.7838580418523557e-01	   6.5391705068072115e-01	   6.4854997583126339e-01	   6.0418630866662071e-01	   5.9357633737375992e-01	   6.6578296053190167e-01	   6.3274844856027435e-01	   3.1066234212707866e-01	   2.7913856378366531e-01	   5.9935241785916349e-01	   5.0760133463745893e-01	   6.5815136487702874e-01	   6.1383889989286411e-01	   3.1593275446555219e-01	   3.5267845389472530e-01	  -4.4803214107686083e-02	  -1.0528598775524899e-01	   6.3873604337023804e-01	   5.9713466206410493e-01	   3.6056657238590473e-01	   4.5452877820212007e-01	   3.2593955477759762e-01	   1.5277531750536771e-01	   1.6061204718304312e-01	   3.5084201817026550e-01	   4.3629694219832432e-01	   3.9124894186777814e-01	   2.5791751765016679e-01	   3.6308153362638002e-01	   5.2152374981758043e-01	   3.2182469046426232e-01	   7.5530834000579450e-01	   6.7124205474186716e-01	   6.6762216082818848e-01	   6.9552969244392526e-01	   9.2695619657207406e-01	   8.7063552315572701e-01	   7.9036294933266482e-01	   6.5764687094123531e-01	   6.0552556945847724e-01	   4.2733678327333158e-01	   5.9079419340101003e-01	   6.2942712782414523e-01	   2.9591345876484865e-01	   2.5182685183806097e-01	   5.9239437833775987e-01	   4.4012892254094782e-01	   6.9880275991490493e-01	   7.3093164001920341e-01	   1.2304476665032574e-02	   3.6330558802874702e-01	   3.3947698164136331e-01	   3.9059238668755625e-01	   7.5538000557593843e-01	   6.4277581489336355e-01	   3.4954637584921738e-01	   2.7263045495001198e-01	   5.5587198077729838e-01	   4.8489589836328739e-01	   5.7931688035570916e-01	   4.5897927952628148e-01	   6.2385851789210478e-01	   6.0977518207852666e-01	   6.3643628794161211e-01	   6.7688714653077264e-01	   6.6339181440299333e-01	   6.7723911891791910e-01	   7.1204197917243106e-01	   7.0297857345587988e-01	   5.9113107729785896e-01	   5.9658703756021536e-01	   6.0601661266294748e-01	   5.5341732330771687e-01	   7.0556762938694756e-02	   9.8716576267050160e-02	   4.5838687088460967e-01	   4.8491821173468930e-01	   5.6280360583082922e-01	   6.2809082944452221e-01	   7.3332906314869606e-01	   7.1264388022905489e-01	   6.8479597354290589e-01	   7.5833383901706397e-01	   4.4812958393958779e-01	   4.6831461517475725e-01	   3.7974952002979945e-01	   4.1571758949394966e-01	  -2.1193092090410143e-01	   1.9437870685926412e-01	   4.0039389228459776e-01	   4.7609307108202709e-01	   4.8014268022309337e-01	   5.4046721278778165e-01	   1.8835043496418269e-01	  -1.1803969717159825e-01	
   8.7513843518525991e-01	   0.0000000000000000e+00	   5.6932124908117099e-01	   6.4150280415703143e-01	   5.5296518718328957e-01	   4.6694071421157646e-01	   5.6505900197160397e-01	   6.1029661133296043e-01	   2.7874409566109470e-01	   2.6627182257213589e-01	   5.7279202455508060e-01	   5.6895201210464164e-01	   5.5147149286802410e-01	   6.3136137848920271e-01	   5.6859012282642163e-01	   6.0240120922008067e-01	   5.0273727897237652e-01	   5.9534066039440359e-01	   6.2819072481105720e-01	   7.2414740772579045e-01	   4.7557912912437894e-01	   4.3437072767575929e-01	   5.0438842121629224e-01	   5.1589673116636225e-01	   4.8637902561787538e-01	   4.5733450682750215e-01	   6.0007880792024193e-01	   5.6701117477626939e-01	   3.6743369841952334e-01	   3.6858226069447175e-01	   4.9900310490591382e-01	   4.2366807772112058e-01	   6.9832634621871881e-01	   6.4254811963281422e-01	   1.8764222991007271e-01	   2.6250355569816236e-01	  -1.1978643911149363e-01	  -1.1890497335829445e-01	   5.5449348075254301e-01	   5.5425131566526675e-01	   3.4100678211501889e-01	   4.4305986922307367e-01	   3.3320515489406410e-01	   1.7307796986064505e-01	   1.9593509373582874e-01	   3.6565201988909407e-01	   4.0786350830890539e-01	   3.6051938200279993e-01	   2.1801727958974421e-01	   3.7117310330477526e-01	   4.5053739046684471e-01	   3.0738536677772865e-01	   7.0670197935973345e-01	   6.6046715710537895e-01	   5.7332722321243157e-01	   6.3916525699963245e-01	   8.5993777169213093e-01	   9.3871365189450406e-01	   6.3596593245111110e-01	   6.7780702072735688e-01	   4.8353309044622683e-01	   5.4441799991592332e-01	   5.6228284821894103e-01	   7.0343237633615652e-01	   1.6034327056415121e-01	   2.2706796648282301e-01	   4.1307623952528238e-01	   3.7393648341682328e-01	   6.3423884441585343e-01	   6.9998494202731665e-01	   8.8283759672096451e-02	   4.2299447124788236e-01	   2.9837003356849712e-01	   3.7919011832667598e-01	   7.3458506591914730e-01	   7.2496939237900060e-01	   2.7531400643958259e-01	   2.1921230853552195e-01	   5.0789124819057985e-01	   4.7035414469238196e-01	   5.7694738114637933e-01	   4.5391886835799233e-01	   5.3287375730479103e-01	   5.5659714445205999e-01	   4.7680652416295044e-01	   5.1757130248518579e-01	   4.8562559370786229e-01	   5.4025995447698272e-01	   6.1449729155214039e-01	   6.3551068089365936e-01	   4.7965198770697770e-01	   3.9532235703451196e-01	   4.5716112198674419e-01	   2.9731439761325434e-01	   5.6301181199184180e-03	   2.0622588056596686e-02	   3.9010953295935696e-01	   4.0242093864744050e-01	   5.2314375235797206e-01	   5.4597109105963371e-01	   6.6199429482025374e-01	   5.0401203330127609e-01	   6.9079265499183640e-01	   5.7537653857830895e-01	   3.6192167763260896e-01	   3.8023680211202693e-01	   3.3066573868521310e-01	   3.7163589733280655e-01	  -2.7127093223225124e-01	   1.3514939711228252e-01	   3.4907166668534817e-01	   3.9042144766811143e-01	   4.1847094242935373e-01	   5.9641596856067070e-01	   1.7500965295244009e-01	  -5.7078258037366839e-02	
   7.1598638846504115e-01	   5.6932124908117099e-01	   0.0000000000000000e+00	   8.1433274992849947e-01	   8.6356952695179279e-01	   7.9459328132523099e-01	   7.3710417534666128e-01	   4.9647796714355941e-01	   6.9242103388427756e-01	   6.1966220645499237e-01	   3.0380851082674176e-01	   2.1664055436696064e-01	   4.0012073513366808e-01	   3.2450879296380414e-01	   7.9486976367281181e-01	   7.6073389917006962e-01	   1.1408183297563593e-01	   1.4673252571543599e-01	   6.9631227795555728e-01	   7.0722384634394841e-01	   7.7117402541851987e-01	   6.8903193290904463e-01	   8.4179456224312377e-01	   8.4276312314626245e-01	   7.7676491456147723e-01	   7.4157995176673919e-01	   7.9129357566325442e-01	   7.9356404739456143e-01	   6.3455220534582718e-02	   1.1931312788116960e-01	   6.2895853021013493e-01	   5.3117413982010930e-01	   4.9047529890785230e-01	   4.1622767565844704e-01	   4.6832975476460226e-01	   4.7425814320835225e-01	   9.9227358493345436e-02	   2.8692967865738852e-02	   8.3427871411409993e-01	   7.6771708666183724e-01	   4.1186290973903283e-01	   5.6546703041092861e-01	   4.6403962716320835e-01	   2.3561590219416662e-01	   1.9741368853247565e-01	   2.4477762924960142e-01	   5.1190117826236203e-01	   5.4332051877494869e-01	   2.0260879512927185e-01	   1.8114366334475426e-01	   4.0503227660137819e-01	   1.7206440842467907e-01	   5.9628157695082518e-01	   6.3660432442243087e-01	   7.8509779947001757e-01	   7.8049250197232700e-01	   6.0423403430745226e-01	   5.6648982810465243e-01	   5.8256035700396425e-01	   4.1659769555396886e-01	   4.1414953668565091e-01	   1.1069835012077904e-01	   2.1043322776408491e-01	   2.0230532187691913e-01	   3.9087517396459903e-01	   2.5306806347964766e-01	   5.7717333055135323e-01	   3.9226509270752025e-01	   5.9714908082658780e-01	   6.7795368614001683e-01	   2.1531095414956758e-01	   4.6345588600629872e-01	   1.3330972661385920e-01	   2.0772950629064224e-01	   6.0692749441030680e-01	   3.9608371341587523e-01	   2.0360493779523287e-01	   1.5269706067221234e-01	   5.1665819699276505e-01	   4.2639049666308720e-01	   4.3112904045823891e-01	   3.3164526668165228e-01	   6.4003697860663133e-01	   5.4365014818282753e-01	   7.3147352855234860e-01	   8.0839565780631062e-01	   8.1985821002082060e-01	   8.1638037896884941e-01	   8.6204152126918054e-01	   8.2219717830305517e-01	   6.7433333545428864e-01	   7.5751559455392825e-01	   7.9774896615035940e-01	   8.0352916534586594e-01	   3.7646358599419505e-01	   2.9816692536007783e-01	   6.5030680366952642e-01	   6.6011703365407659e-01	   6.3692795587750139e-01	   6.5625745008600445e-01	   7.1822515672614629e-01	   7.2352411998463317e-01	   5.6947948787372438e-01	   7.2006456581093192e-01	   4.3619641736476639e-01	   5.1528760422275810e-01	   5.1886276835487477e-01	   4.4488125912252507e-01	  -2.9254769815090904e-02	   3.6200618543877172e-01	   4.3568521445497099e-01	   5.9211211256284668e-01	   5.8180017719199129e-01	   5.1690310182183108e-01	   3.3635702959540720e-01	  -2.2793823398828172e-01	
   7.1607673990294363e-01	   6.4150280415703143e-01	   8.1433274992849947e-01	   0.0000000000000000e+00	   6.7115028181978909e-01	   7.4468490586501446e-01	   6.9435490933487831e-01	   7.3218903232728672e-01	   4.8439662693751118e-01	   5.1421038280333309e-01	   2.7978282790779363e-01	   3.6954425308881766e-01	   3.6270154368113922e-01	   4.2441022229065112e-01	   5.4807495023790975e-01	   5.8465928701089043e-01	   1.8340343602071529e-01	   2.0872949337559779e-01	   6.8409804104673300e-01	   7.2564915307518640e-01	   6.2646213343547541e-01	   6.3874004449668753e-01	   6.7518814724552079e-01	   7.4402169365884163e-01	   6.0420853995713930e-01	   6.1772984682625509e-01	   6.8143628133205758e-01	   6.8191737185240830e-01	   8.1904060714814084e-02	   1.9138944995792267e-01	   5.1844426510257580e-01	   4.7287771492391406e-01	   5.7293357859371030e-01	   5.3760747296553857e-01	   4.7644682606343136e-01	   5.3654361908904702e-01	  -1.2268784428025813e-01	  -1.6500249498711259e-01	   6.9153314336820459e-01	   6.3823990907461514e-01	   2.0690854191787891e-01	   3.9362147773205730e-01	   5.2259902162163052e-01	   3.6280598497649469e-01	   3.8546020757160482e-01	   5.0485475405362390e-01	   5.7513374258506789e-01	   5.5928581479405515e-01	   3.6221335836448115e-01	   4.0987494231847282e-01	   4.7199530091667996e-01	   3.5194438669868622e-01	   5.3533616514007687e-01	   5.6153799006020111e-01	   7.8497215415138766e-01	   8.0202404313545950e-01	   5.7452852175401192e-01	   5.7337988247420013e-01	   5.8879403807283781e-01	   5.7623420447292784e-01	   4.0118563117574296e-01	   2.8960848777481157e-01	   3.1392380503225448e-01	   3.1895473180599154e-01	   3.6892621071966686e-01	   4.7207507116371633e-01	   6.6151877401541037e-01	   6.0974691437174366e-01	   4.8964298333958356e-01	   6.0001434896526007e-01	   3.5363769418018304e-02	   4.1361156022914192e-01	   1.6531105846451594e-01	   3.0642429700214668e-01	   6.4149434409747585e-01	   5.4321871818230327e-01	   8.0102267050239429e-02	   1.0943055197832988e-01	   4.2282469556743696e-01	   3.2534044785960359e-01	   3.3828472464905313e-01	   2.4289790769607744e-01	   4.8862657023389477e-01	   5.1268707079186271e-01	   5.7466254285433060e-01	   7.5572905782688493e-01	   6.9938746205315128e-01	   7.0244260629706645e-01	   7.4317609338702550e-01	   7.5301077133881500e-01	   7.3844365179162152e-01	   6.4168290160069652e-01	   7.7478463437739320e-01	   5.8890470296862807e-01	   2.5552155966649392e-01	   2.4789819903972135e-01	   7.0595698487256831e-01	   7.3040885211667883e-01	   7.9051125495929420e-01	   7.4913480206991701e-01	   7.6408820951792666e-01	   6.3978679321194742e-01	   6.6069889709611518e-01	   6.8716662105246118e-01	   6.3090741970989983e-01	   4.9872372166879514e-01	   5.8917966978112279e-01	   3.4708775295939509e-01	  -1.0811262941316279e-03	   4.6765884177953188e-01	   5.7559140654860130e-01	   6.9434888358408664e-01	   6.9721976031969701e-01	   5.8553283480899332e-01	   2.3196142027210001e-01	  -3.7330103998853315e-01	
   7.0313118123984331e-01	   5.5296518718328957e-01	   8.6356952695179279e-01	   6.7115028181978909e-01	   0.0000000000000000e+00	   8.7477437013667536e-01	   6.3997008103087150e-01	   4.5835907881657767e-01	   8.0395067875475490e-01	   6.9400922961489275e-01	   3.1285852462431935e-01	   2.0112513395641740e-01	   3.8497205460540695e-01	   2.7409045500505214e-01	   8.4983797192236477e-01	   7.4551680812507559e-01	   7.6899053595547981e-02	   1.3099223030227680e-01	   5.3286473105280474e-01	   5.4493185257887489e-01	   8.0315198781273622e-01	   7.5326070986605431e-01	   6.8413691166239410e-01	   6.6755387897469232e-01	   7.8018752827681825e-01	   7.2508476805361455e-01	   8.5535197507421667e-01	   8.6637963746104574e-01	  -2.1802293738351682e-02	   4.2760691275324489e-02	   5.0272185078990539e-01	   3.7059555071988798e-01	   4.0023146762381978e-01	   3.2677516322251277e-01	   3.3034924818798261e-01	   3.6689537241602543e-01	   1.5821415540223427e-01	   1.2173346284453249e-01	   8.6424494641362837e-01	   8.4436079784150375e-01	   4.7884886728657583e-01	   6.1325573822404589e-01	   2.8389320145666708e-01	   7.6327746181513029e-02	   6.2199055878892268e-02	   2.1458784531550823e-01	   3.9446691515470389e-01	   4.1100767605941557e-01	   1.4594981295778445e-01	   1.9348913291122760e-01	   4.0025444952220429e-01	   1.5924506722092036e-01	   6.9352299074740209e-01	   6.7326004995891120e-01	   7.9213449376469236e-01	   7.6468045082268077e-01	   6.0818619568273391e-01	   5.4968074192352412e-01	   6.4818906425765566e-01	   4.9589141035914708e-01	   5.0312535627112709e-01	   2.3773078449431800e-01	   2.0298332675204031e-01	   1.9306317131588346e-01	   4.0459950828806196e-01	   2.6378887754728780e-01	   4.7511717796768305e-01	   3.3537875586422594e-01	   5.1124509900438819e-01	   6.0423682595854866e-01	   3.4348753019194633e-01	   5.0670000628430134e-01	   9.0227769421464946e-02	   2.0827587286453778e-01	   5.4470570274596863e-01	   4.0612272024217017e-01	   2.7083362410369693e-01	   1.9925578840211458e-01	   4.9040052809028745e-01	   4.1294477142797575e-01	   4.2742064140014502e-01	   2.8616290827230451e-01	   6.6151922484725967e-01	   5.1159100679801162e-01	   7.5774715278664151e-01	   7.2102174792915841e-01	   7.8062509536289459e-01	   8.3793324011695414e-01	   8.8869833377234486e-01	   8.4830390578628767e-01	   6.7133567497523039e-01	   7.2436752366736956e-01	   7.7549884562351323e-01	   7.7149428973261203e-01	   3.0590047272546073e-01	   2.5418552179726905e-01	   5.6425204454082056e-01	   5.8764727989205157e-01	   6.0696068963167205e-01	   5.8537853239994886e-01	   7.2744734039208003e-01	   7.5378321557735384e-01	   5.9529670463535633e-01	   7.0978894741881815e-01	   4.4561692426750016e-01	   5.2921440259436736e-01	   4.7839021431447859e-01	   4.8306381716675395e-01	  -1.3119298377965091e-01	   3.2896147882312310e-01	   3.0838882494676478e-01	   5.7046877582719802e-01	   6.4658676450431307e-01	   5.4712717967355973e-01	   3.5028551421632093e-01	  -1.6269765437104744e-01	
   6.2331898575005573e-01	   4.6694071421157646e-01	   7.9459328132523099e-01	   7.4468490586501446e-01	   8.7477437013667536e-01	   0.0000000000000000e+00	   5.5990959919850025e-01	   5.1942066898022943e-01	   7.8028046168976006e-01	   8.1322188778397830e-01	   1.5518790901163904e-01	   1.9542837199294094e-01	   2.4443122476648560e-01	   2.2963593694804413e-01	   7.0844942780435571e-01	   6.7062477059800429e-01	  -5.0686335696255806e-03	   3.0581583278487964e-02	   4.9390547173692523e-01	   5.1468283883700372e-01	   6.8058942730559568e-01	   6.6282915697744760e-01	   6.0848377209760596e-01	   6.5713387060408390e-01	   6.8081476143671971e-01	   6.7389274585465153e-01	   8.2194254887437224e-01	   8.4759125138088587e-01	  -1.2111305812533618e-01	   2.6719684439783047e-02	   3.9761174510684771e-01	   3.0225929111986405e-01	   3.6001314007403357e-01	   3.2557439529301391e-01	   3.5053488816935841e-01	   4.0687257311896990e-01	   2.3149245319315677e-02	  -3.6313043056099295e-02	   7.6934674869168707e-01	   7.6835904530994970e-01	   3.4869940717940312e-01	   5.0603844924785890e-01	   4.4678661415901544e-01	   2.5221460792220107e-01	   2.2352359641749439e-01	   3.5822142525330292e-01	   5.3143460374128682e-01	   5.2528740871529456e-01	   2.9816761885092063e-01	   2.9867706780656716e-01	   4.8119353930793468e-01	   2.4139614228686906e-01	   6.5742321275021587e-01	   6.2755215160998490e-01	   8.5306169760022599e-01	   8.2297576404281902e-01	   5.3798527059025447e-01	   4.2343677089858955e-01	   5.9784475425763872e-01	   4.5732801526197675e-01	   4.5829063816478743e-01	   2.3264690975543839e-01	   1.9667709343917678e-01	   2.0281445371148860e-01	   3.3906967767763541e-01	   3.1723738388982764e-01	   5.2506444071885072e-01	   4.3472269847117662e-01	   4.5528375588066500e-01	   5.2483057754892215e-01	   2.6069428095784891e-01	   4.2179002614807426e-01	   1.6868947070779297e-01	   3.5643005731165839e-01	   5.4905002386001356e-01	   4.2530834087089120e-01	   2.6728115490963256e-01	   2.7119288522028068e-01	   3.9821208170521294e-01	   3.2367536186988688e-01	   3.0089982343145016e-01	   1.7378682082563368e-01	   5.0023657178543190e-01	   4.2017900236143152e-01	   6.6222562838901267e-01	   7.2825816122699671e-01	   7.4483604200478581e-01	   8.3752660985728511e-01	   8.4462668856177392e-01	   8.4976549587058092e-01	   7.1558775504623795e-01	   6.7644204270056663e-01	   8.2941434701272199e-01	   6.9123192409404799e-01	   2.8788578938209120e-01	   2.4153314371626233e-01	   6.1777037746820507e-01	   6.2719193081166469e-01	   7.2796917798164007e-01	   7.0061309106152403e-01	   7.5519844121043211e-01	   6.9470883882277534e-01	   5.6663282795192293e-01	   6.9334472557823668e-01	   5.4173609845367998e-01	   5.3033892499377433e-01	   4.6601818744096635e-01	   4.2430331009117705e-01	  -1.1733909170043928e-01	   3.6362744125981050e-01	   4.0151288862110246e-01	   6.1380935386307334e-01	   7.0631692929003842e-01	   5.1501142484426510e-01	   3.4529108224737148e-01	  -1.8469818958220427e-01	
   6.7827938490486361e-01	   5.6505900197160397e-01	   7.3710417534666128e-01	   6.9435490933487831e-01	   6.3997008103087150e-01	   5.5990959919850025e-01	   0.0000000000000000e+00	   8.4567200590416802e-01	   5.2602708779785745e-01	   5.1124515965668704e-01	   6.7739477275810334e-01	   6.9157143219259587e-01	   6.5482616216749079e-01	   6.7493469056913724e-01	   6.3476071220217012e-01	   6.5957158112047976e-01	   4.7017480826943459e-01	   5.0017444321467552e-01	   6.6491820674517688e-01	   6.4478597285052097e-01	   4.3245119700395251e-01	   3.7878892550363352e-01	   7.6771552831705403e-01	   7.8375140829783230e-01	   5.3432766097436080e-01	   5.8848290111775348e-01	   4.4400831469649316e-01	   4.2670317731496593e-01	   4.8287566875034194e-01	   5.3456323554067731e-01	   7.5269473138843956e-01	   7.6128099947555627e-01	   7.3049627691093666e-01	   7.1383269076326350e-01	   5.0260719620873950e-01	   5.8834860467684647e-01	   8.4623040579765205e-02	  -1.0773048178469762e-02	   5.3082404024881935e-01	   4.6683587843516039e-01	   2.5003536655968561e-01	   4.1319416938849252e-01	   3.9118565572839770e-01	   2.6601483962153710e-01	   3.1818022418248365e-01	   4.1011765681597873e-01	   4.3419094369238576e-01	   4.2706771414099293e-01	   3.9991433035199053e-01	   3.9839828650400888e-01	   5.6248198971608776e-01	   3.2667311349398465e-01	   5.1425180748637900e-01	   4.5912779882892035e-01	   5.3685338511565706e-01	   5.3913880024223271e-01	   4.7446438465160778e-01	   4.9692943147702440e-01	   6.2943790781685205e-01	   4.9382051304737701e-01	   7.0728378906964218e-01	   5.4182194227033331e-01	   5.6760051073532436e-01	   4.2567613669751281e-01	   7.0357833772902634e-01	   6.9046161189865296e-01	   6.3565730239114671e-01	   4.9662943369658769e-01	   3.2961083378422701e-01	   4.8573793855487690e-01	   2.3953798228929180e-02	   3.0207524098112892e-01	   3.6472488205373466e-01	   3.6883465405795457e-01	   6.8070474185501806e-01	   5.4727133657755900e-01	   2.7568842725446630e-01	   2.5232872990086475e-01	   5.2935933486328723e-01	   4.8400164234010595e-01	   5.1010907361310487e-01	   5.1919181152171523e-01	   6.7838656458083690e-01	   7.1973261876345929e-01	   6.2954166200475625e-01	   6.9574064713374895e-01	   5.4777963524196904e-01	   5.7308855470686282e-01	   5.8816894200407188e-01	   5.3978315129549614e-01	   5.9267444046523254e-01	   6.5946081981327143e-01	   6.5885892393215828e-01	   6.1471971516683654e-01	   7.9966618624446040e-02	   1.0004682897232765e-02	   4.2018289388916386e-01	   3.9212143242292496e-01	   5.3287550158726726e-01	   5.2305471331935272e-01	   6.3496094530450309e-01	   6.4436874294098700e-01	   4.2721616181160682e-01	   6.4275849467200774e-01	   2.9005047103753201e-01	   4.7789638966512077e-01	   3.2079374218506612e-01	   3.4607761298518369e-01	  -2.6175997302449816e-01	   2.0330734301792797e-01	   4.8427243698838474e-01	   5.5793025320289225e-01	   5.4538892928675109e-01	   3.7961228995629176e-01	   2.2479585810483921e-01	  -1.2283418981325314e-01	
   5.8525860665043394e-01	   6.1029661133296043e-01	   4.9647796714355941e-01	   7.3218903232728672e-01	   4.5835907881657767e-01	   5.1942066898022943e-01	   8.4567200590416802e-01	   0.0000000000000000e+00	   3.6285626997109111e-01	   4.4511654597418104e-01	   5.5762181087203944e-01	   8.0472519751949934e-01	   5.2538672936516762e-01	   6.9864407717549548e-01	   3.6845660649696110e-01	   4.7922892260778782e-01	   4.8747711377950897e-01	   5.2410331672650123e-01	   5.1567210539709152e-01	   5.5114622675009861e-01	   2.8424127845504044e-01	   3.0504030956879480e-01	   5.0319504121993097e-01	   5.9094802028361970e-01	   3.4099140138121176e-01	   4.3374661687723115e-01	   3.3617764453886745e-01	   3.2770140486724053e-01	   4.0966672016841810e-01	   5.6851182558718305e-01	   5.3213884003032275e-01	   5.8931746712188426e-01	   7.0939580067115204e-01	   7.3728159156886508e-01	   4.1571027034199165e-01	   5.8204360724226256e-01	  -1.0721480571530717e-01	  -1.6271167083199231e-01	   3.8191416890987201e-01	   3.5712759747772149e-01	   1.0774389992551757e-01	   2.8727422109237066e-01	   4.4935101673903632e-01	   3.8092892976084602e-01	   4.4900916653724021e-01	   6.1029539141315203e-01	   4.7461722658430461e-01	   4.3421949072621036e-01	   5.0560768966532943e-01	   5.8477525605140579e-01	   6.1894305737879263e-01	   4.7737191995251171e-01	   4.9295024130846365e-01	   4.2527803989198126e-01	   5.1385974504451581e-01	   5.4135442259428479e-01	   4.0450701791446830e-01	   4.6337824355794821e-01	   5.7087853005756206e-01	   6.0383592764519189e-01	   6.3039295162361819e-01	   7.2632670823906631e-01	   5.6887529972969553e-01	   5.3325563705900136e-01	   5.8377932500371488e-01	   8.2773284496923349e-01	   5.5370954680121032e-01	   5.7437422853610987e-01	   1.8548223722423535e-01	   3.4872599366473356e-01	  -1.2504781376530398e-02	   2.9312057853276585e-01	   4.0639974206307894e-01	   4.7410699984244353e-01	   6.8358078190788074e-01	   6.8748389631636431e-01	   2.2077261238780066e-01	   3.0121126265028803e-01	   3.8505596320262858e-01	   3.5021215367268532e-01	   4.0212712611066209e-01	   4.0685768813334366e-01	   4.7178653583688934e-01	   6.1141314332090002e-01	   4.2756453340490252e-01	   5.5865496150424365e-01	   3.5623024942841741e-01	   4.2828170109759561e-01	   4.6285854990943714e-01	   4.7986369588834787e-01	   5.7670865591042220e-01	   4.4753854156875195e-01	   5.9975468832234058e-01	   3.3009715877996615e-01	  -6.9699191206632483e-02	  -9.8620067936427858e-02	   3.9807896846141966e-01	   3.7823260349782550e-01	   6.1727565383385252e-01	   5.4535930962730994e-01	   6.4727236655452913e-01	   4.8658292271536330e-01	   4.7850130034643690e-01	   5.1262108942834872e-01	   4.0350212082549325e-01	   4.4098003029096300e-01	   3.1630687009850644e-01	   2.7869860459249601e-01	  -3.2217697347273927e-01	   2.1726281502712649e-01	   5.3154919212511365e-01	   5.7119030189112674e-01	   6.3866407728372088e-01	   4.4551910574726156e-01	   2.0305766032059638e-01	  -1.4433394078949274e-01	
   4.6539437794672528e-01	   2.7874409566109470e-01	   6.9242103388427756e-01	   4.8439662693751118e-01	   8.0395067875475490e-01	   7.8028046168976006e-01	   5.2602708779785745e-01	   3.6285626997109111e-01	   0.0000000000000000e+00	   8.9961468605468742e-01	   2.4885742260435428e-01	   2.1784511486687569e-01	   3.5863606130622189e-01	   2.5009704484602474e-01	   7.3282246465399625e-01	   6.3977101964950212e-01	   2.0026408479930556e-02	   3.9311659283797706e-02	   2.8827011971874716e-01	   3.2227181754272549e-01	   6.2812485410299090e-01	   5.4638266288182158e-01	   5.7234449387952280e-01	   5.7304046325290614e-01	   7.3322737790659231e-01	   7.2737313741957987e-01	   6.4486733036610477e-01	   6.4756820805913851e-01	  -5.9050822130303861e-02	   1.3224207352147016e-01	   4.7834194036699096e-01	   3.7187313749621720e-01	   3.0840777431222288e-01	   3.0836734598589877e-01	   3.4774042119409843e-01	   3.5380431353888853e-01	   1.6495036802549401e-01	   5.1907965904204087e-02	   6.4157980292273176e-01	   6.4404988092075066e-01	   3.4069349156607548e-01	   4.3450400226409402e-01	   3.5355670783640591e-01	   2.1424595275099140e-01	   1.3068961692695263e-01	   2.0790153655458327e-01	   3.9764419843002408e-01	   4.3178633408598188e-01	   2.3889223105251386e-01	   2.4622445476175553e-01	   4.6247344739747814e-01	   2.1737630955906828e-01	   5.8761289757132806e-01	   5.4169664872358525e-01	   6.5302134734908734e-01	   6.2810145275763429e-01	   3.6813956957564475e-01	   2.3751850683009171e-01	   5.5905938845393854e-01	   3.5754339961741122e-01	   5.1726557556110619e-01	   2.3823819078427172e-01	   1.9712292384088964e-01	   7.7625669260793742e-02	   3.6270881375609476e-01	   2.7813922149672010e-01	   3.6302272710182026e-01	   2.2671940986336470e-01	   2.5252871047946274e-01	   3.5325418050066981e-01	   4.5169380747634286e-01	   2.0361503180840240e-01	   3.1474061153266619e-01	   3.6283759691112671e-01	   4.2487910549220614e-01	   2.6803630316199129e-01	   2.1926799391189847e-01	   3.2195809119998586e-01	   3.6418325149363084e-01	   3.5542640210846443e-01	   3.3297653623263657e-01	   2.4388169484716807e-01	   4.6887996451689323e-01	   3.8812565509954927e-01	   5.7526582902025258e-01	   5.7753253912075198e-01	   5.3222494370966356e-01	   6.3953302717153926e-01	   6.9758023555692794e-01	   6.6592277464461458e-01	   4.6921117381607869e-01	   5.8842084371400338e-01	   6.3443117489737211e-01	   6.7783163735861218e-01	   2.3697222741483454e-01	   1.2127639417686494e-01	   4.1803932426670942e-01	   4.0653508942371580e-01	   4.1938241311188940e-01	   4.9545829290876708e-01	   5.7999433263097833e-01	   6.6821911823657032e-01	   3.8662593631652115e-01	   5.7472317688509889e-01	   3.8909823065074645e-01	   4.4515571631309336e-01	   3.3501451121414699e-01	   4.5735943334929718e-01	  -1.1138920276951758e-01	   2.3132189080605542e-01	   2.2420116412480831e-01	   4.4698713847808091e-01	   5.0994340042459085e-01	   3.7212117591715660e-01	   4.2865993194737456e-01	  -3.6676729955258988e-02	
   4.2897796179629388e-01	   2.6627182257213589e-01	   6.1966220645499237e-01	   5.1421038280333309e-01	   6.9400922961489275e-01	   8.1322188778397830e-01	   5.1124515965668704e-01	   4.4511654597418104e-01	   8.9961468605468742e-01	   0.0000000000000000e+00	   2.4915201706606560e-01	   2.8407699004143316e-01	   3.3925459366158600e-01	   2.9104515403688574e-01	   6.0611925856847571e-01	   6.1495634265747667e-01	   1.0204438412717963e-01	   1.2647291050245466e-01	   2.9017358080803990e-01	   3.3376402845550057e-01	   4.7449789542035492e-01	   4.1118361109590318e-01	   5.4368198959674063e-01	   5.9845972983968221e-01	   6.4847667309018875e-01	   6.9692282679410145e-01	   5.4640457364812800e-01	   5.6442961804846192e-01	  -3.3375693419109939e-02	   1.9517791256842873e-01	   4.8722869334093899e-01	   4.3219861251093650e-01	   3.8541302073355149e-01	   4.0927776950194350e-01	   3.6923197566645410e-01	   3.8905398053030155e-01	   4.9979134228251475e-02	  -4.0055891439387856e-02	   5.4865501473158429e-01	   5.6158918247206424e-01	   2.6631928035846736e-01	   3.7064095228864258e-01	   4.3839326407523760e-01	   2.9581867309807997e-01	   2.5736863133578541e-01	   3.0739633209547435e-01	   4.5852512901665693e-01	   4.8928248205523944e-01	   3.5436628519943614e-01	   2.9064591709982635e-01	   5.1435510777391480e-01	   2.5605728314240339e-01	   5.4748421423192339e-01	   5.0004299458875345e-01	   5.9314801904438419e-01	   5.8575609995863365e-01	   3.5153684411275593e-01	   2.2290183528193699e-01	   4.9693871111338511e-01	   3.4270818296136785e-01	   4.9430504867445951e-01	   3.0479905159574500e-01	   2.7957254063553488e-01	   2.0184827759962751e-01	   3.6145591582596120e-01	   3.7592325267596383e-01	   4.2282314744812405e-01	   3.3267461119226455e-01	   2.4969149871825663e-01	   3.7783199987733318e-01	   3.5395303033482872e-01	   1.7878384244927217e-01	   4.0318783923310575e-01	   4.7393654640740029e-01	   4.5843365332366248e-01	   3.5393823401298014e-01	   1.9483339824778770e-01	   3.6145251243413812e-01	   3.3258000246691388e-01	   3.4041393724960550e-01	   3.1022560368348584e-01	   2.4799505210325851e-01	   3.6333235612669396e-01	   3.9482669045392266e-01	   4.8261758122560366e-01	   5.4516259330904115e-01	   4.8985315539359220e-01	   6.1626173945630536e-01	   6.0245019979850423e-01	   5.9992081494656568e-01	   4.6227508953730712e-01	   5.1304551775574936e-01	   6.4631959583631238e-01	   5.8657969915920183e-01	   1.8980533769545949e-01	   9.5093651359221709e-02	   4.3031847895288211e-01	   3.8258742874678553e-01	   4.5598021499812008e-01	   5.2224054677204912e-01	   5.7752133151436968e-01	   5.9712229994342225e-01	   3.8293915311705878e-01	   5.7767658382978404e-01	   4.1553515029936650e-01	   4.7233681289674367e-01	   3.0585038306226553e-01	   4.2532614961132076e-01	  -1.0460144794352368e-01	   2.0037865276027242e-01	   3.3018165443026748e-01	   4.7207317767912693e-01	   5.1763396748631529e-01	   3.2448817285524401e-01	   3.6312857463821230e-01	  -1.8121385894817960e-02	
   5.8070135823176150e-01	   5.7279202455508060e-01	   3.0380851082674176e-01	   2.7978282790779363e-01	   3.1285852462431935e-01	   1.5518790901163904e-01	   6.7739477275810334e-01	   5.5762181087203944e-01	   2.4885742260435428e-01	   2.4915201706606560e-01	   0.0000000000000000e+00	   7.6663239309410647e-01	   9.2277671480307744e-01	   8.4889338466273934e-01	   4.5111000039978949e-01	   4.4841393518180128e-01	   7.2570892321110958e-01	   7.5014884837170981e-01	   4.1841353294085015e-01	   4.2729265938197020e-01	   2.4930419080643813e-02	  -1.7511886773641308e-02	   5.6454516299543078e-01	   5.2802322845331706e-01	   2.7230143895982983e-01	   3.5239475462929132e-01	   9.4329754148453890e-02	   5.4944005275595266e-02	   7.2329356172258219e-01	   5.7785639655789811e-01	   7.1954086870943135e-01	   7.4776514962359464e-01	   7.5684054186999483e-01	   6.8972232307591974e-01	   3.7613290137407185e-01	   3.4785770355392320e-01	   2.3410283263179527e-02	  -5.2714849501995724e-02	   1.1286633843573428e-01	   1.0534293456205018e-01	   1.5237465306817338e-01	   2.1872471612278324e-01	  -1.5680520223519821e-03	  -1.7127023324196432e-02	   6.9223736856482240e-02	   2.1676538109320639e-01	   8.9433544101449575e-02	   4.3197503533963358e-02	   2.9307210025893554e-01	   3.7482619764459446e-01	   5.0838329368881530e-01	   3.5492615312054759e-01	   4.3532754780229288e-01	   2.8663265120115289e-01	   1.1904115388641462e-01	   1.5208155589866601e-01	   5.0087530963286486e-01	   5.5318464344042684e-01	   5.0052879468356759e-01	   3.8301504050711987e-01	   7.0853971299069896e-01	   6.1046811855515071e-01	   7.6866302396464792e-01	   6.5092492982054639e-01	   6.1757618341465204e-01	   4.7574440459049605e-01	   3.9847706699385738e-01	   2.7408545286161112e-01	   2.3125928135115148e-01	   3.9952297474876169e-01	  -7.7219308847423201e-02	   5.0590092919115051e-02	   4.9154736805622362e-01	   3.9537170582373243e-01	   5.3538751101042181e-01	   4.9273039512750449e-01	   2.9258236400260329e-01	   2.2483641325488696e-01	   4.6530120721223633e-01	   4.6048173710918172e-01	   5.7218152751445106e-01	   6.3631582140848053e-01	   5.0806780438902588e-01	   5.9287735284290899e-01	   4.7274350904742274e-01	   3.8872123157561111e-01	   1.8191389327222579e-01	   2.7302256556638549e-01	   1.9710390856840360e-01	   1.5655365991432804e-01	   1.8076918096047181e-01	   2.8515262953995230e-01	   2.4213026147030783e-01	   2.5153814304208794e-01	  -1.7524464353934519e-01	  -2.0717032741606622e-01	   3.9940224278209049e-02	  -4.2787081549785062e-02	   9.0245102207810762e-02	   1.4773777982748837e-01	   3.3347166880906942e-01	   3.7294866387883108e-01	   2.4923733297148559e-01	   4.1239877244040535e-01	   9.2855440283517179e-02	   2.7068243350047505e-01	  -3.7161224660360301e-02	   1.5659667316354398e-01	  -3.1598681597927436e-01	  -9.3963652661426006e-02	   2.5608957670182581e-01	   1.5071507681298824e-01	   9.9605971071922580e-02	   2.2190526549451917e-01	   1.0003863868709205e-01	   9.3413896405696945e-02	
   4.7625825576199138e-01	   5.6895201210464164e-01	   2.1664055436696064e-01	   3.6954425308881766e-01	   2.0112513395641740e-01	   1.9542837199294094e-01	   6.9157143219259587e-01	   8.0472519751949934e-01	   2.1784511486687569e-01	   2.8407699004143316e-01	   7.6663239309410647e-01	   0.0000000000000000e+00	   6.7903979798558178e-01	   8.7748403374372796e-01	   2.5779640058648268e-01	   3.9534511742245704e-01	   6.7702335125042290e-01	   7.5125888718272282e-01	   3.7240016826896749e-01	   4.5042217865470319e-01	   3.8079617251637027e-02	  -9.4578755408850565e-03	   3.9738826871193911e-01	   4.4043067980681871e-01	   1.5197899523513742e-01	   2.7645400222645566e-01	   5.6810016687919886e-02	   2.0792307401551875e-02	   6.6352791976660508e-01	   7.7175041864855720e-01	   5.7614436663173263e-01	   6.3283903294988508e-01	   7.4828702668858182e-01	   7.7761578705823831e-01	   3.2078266981239534e-01	   4.3381730364545473e-01	  -1.1187474430967612e-01	  -1.7891719873133893e-01	   5.1121981573555630e-02	   6.5852791012843026e-02	   6.7901789157204517e-02	   1.7160832599369255e-01	   2.5645242312764294e-01	   2.7281519540823568e-01	   3.0717453518991683e-01	   4.1940466163281265e-01	   2.5544103936138285e-01	   2.0822443844337890e-01	   4.1832161936708323e-01	   5.2246575315826616e-01	   5.7191856066836022e-01	   4.3819274823747772e-01	   3.9572649571714558e-01	   2.8387930280835572e-01	   1.7210116072200343e-01	   2.3454928822202534e-01	   3.9907935563304175e-01	   4.3028516294059016e-01	   4.4513767332004855e-01	   3.9001875456332857e-01	   6.7764033818364888e-01	   8.1349726944172795e-01	   7.0490310301826409e-01	   6.8525748696940458e-01	   5.5926386215436963e-01	   7.3771764762032788e-01	   2.8759431313428857e-01	   2.8059483516235001e-01	   8.2168901381239501e-02	   1.8526996047059974e-01	   5.2660608640903932e-02	   1.4535470369054371e-01	   5.7690453092100547e-01	   4.7944605789291450e-01	   6.3887869080017934e-01	   5.9139020314568269e-01	   3.4187833975602261e-01	   3.4439319476407249e-01	   3.9578729262132639e-01	   4.1862560314883956e-01	   5.0084136551267433e-01	   5.7897975558552195e-01	   4.2130555885756016e-01	   5.9355320351682084e-01	   3.1432029753142393e-01	   3.4507772210788662e-01	   6.8316310161580601e-02	   1.8025120579439105e-01	   1.6963408786796982e-01	   1.8874742131675190e-01	   2.2215713467435916e-01	   1.6936096020032554e-01	   2.8660688081564034e-01	   1.1038980967874409e-01	  -2.4399877176503065e-01	  -3.1442332355955327e-01	   2.5216174136200240e-02	  -4.8954354199995422e-03	   2.2795436065138869e-01	   2.6672468356980000e-01	   4.2950778771540943e-01	   3.1215557227860158e-01	   3.1968333022872442e-01	   3.2414989286401441e-01	   1.3734303777099799e-01	   2.5560602600890836e-01	   2.1432460697096908e-02	   2.1820998481379764e-01	  -4.0539473832977746e-01	  -8.5703485320331493e-02	   2.7364265974186858e-01	   2.1078167746747301e-01	   2.5116019449295973e-01	   2.8676909461408429e-01	   2.0489020566268473e-01	   1.3909808664310408e-01	
   5.7164564093701709e-01	   5.5147149286802410e-01	   4.0012073513366808e-01	   3.6270154368113922e-01	   3.8497205460540695e-01	   2.4443122476648560e-01	   6.5482616216749079e-01	   5.2538672936516762e-01	   3.5863606130622189e-01	   3.3925459366158600e-01	   9.2277671480307744e-01	   6.7903979798558178e-01	   0.0000000000000000e+00	   8.4629242815264949e-01	   5.0214954013710289e-01	   4.6183238123656151e-01	   6.3411168071372792e-01	   6.4970999906890148e-01	   3.4533511585047805e-01	   3.6632999626440743e-01	   1.4662446922548605e-01	   8.8699791441215106e-02	   6.4002545193940974e-01	   6.0259957466880676e-01	   4.3424047051168929e-01	   5.1403707137145060e-01	   2.2181836802899174e-01	   1.7754867514471201e-01	   6.2375113345080813e-01	   5.0525082971139157e-01	   7.8149106560534221e-01	   7.7967908979234024e-01	   7.5024203380108767e-01	   6.5734378203585830e-01	   4.8225897442800003e-01	   3.8485419704187335e-01	   6.7836383993287131e-03	  -7.0342081889032487e-02	   2.1938232881358560e-01	   1.9714045339191036e-01	   2.0033391195191283e-01	   2.6142465349081034e-01	   3.0436735760644117e-02	   5.9899989743003815e-03	  -8.1383429608407054e-03	   1.6311478027298129e-01	   1.1453275140061374e-01	   9.9993890065411345e-02	   2.6027240380737227e-01	   3.6043796298747327e-01	   5.3085020905446845e-01	   3.8312830633099659e-01	   4.5040643971635563e-01	   3.0132974425789633e-01	   2.2185266221619204e-01	   2.4925378996278919e-01	   4.9671937251364084e-01	   5.4874835196607497e-01	   5.0581095792274322e-01	   3.5869277729194438e-01	   6.7102874173512195e-01	   4.8725385875884741e-01	   6.3679377862692099e-01	   5.7982769431845549e-01	   6.5143550754320612e-01	   4.6637476097032254e-01	   3.5181589718959361e-01	   2.1930752173244150e-01	   1.5038336670388386e-01	   3.4983803396403823e-01	   7.4638514023359609e-02	   1.2302834389971737e-01	   5.2226809640351302e-01	   4.3412372111831166e-01	   5.5093492840886893e-01	   4.7870450638674883e-01	   2.4805759773937799e-01	   1.8804237776511734e-01	   5.3324389358596991e-01	   4.4801370757111814e-01	   5.8779206153859231e-01	   6.1478966149011338e-01	   4.9396913562097988e-01	   5.3682220250793011e-01	   5.7463357261858339e-01	   4.7177075623305476e-01	   2.8269201363124524e-01	   3.6882150904209221e-01	   2.8403775254134822e-01	   2.3699350011793907e-01	   1.6721337607494535e-01	   2.9585768038134630e-01	   2.9816707004337883e-01	   3.3983167074070730e-01	  -1.2001534812467921e-01	  -1.4065611924086222e-01	   1.2065601390980757e-01	   5.5910291890966787e-02	   1.0009881056446676e-01	   1.9032742629589694e-01	   3.3331410195103062e-01	   4.2715629207558159e-01	   2.2970485347635722e-01	   4.2162432514400466e-01	   1.8392711078183216e-01	   3.1203509543098751e-01	   2.6879811388940300e-02	   1.9782971372836564e-01	  -2.3487896822335735e-01	  -5.9722278095760202e-02	   2.1751587014164303e-01	   1.2368175866148332e-01	   9.6713602143316701e-02	   2.8290294118174514e-01	   1.7295708832556822e-01	   2.8415411472072116e-02	
