   0.0000000000000000e+00	   7.5445478315405745e-01	   8.1633040837805482e-01	   8.2115993287994948e-01	   7.1686086583079389e-01	   7.4299769659280768e-01	   7.7721788768630351e-01	   8.3625689413496573e-01	   5.9484086237452061e-01	   6.4394772517221599e-01	   7.4002264552812269e-01	   8.2766509040531333e-01	   7.5628973983765302e-01	   7.3093194280667639e-01	   7.6860273443876825e-01	   6.9700732338329230e-01	   6.3691118541338310e-01	   5.9685745284132619e-01	   8.6746860359611189e-01	   8.6494299558529231e-01	   6.1173026582522039e-01	   4.6703833985133225e-01	   7.4532746606958344e-01	   7.0706121132844202e-01	   6.9497178649134983e-01	   7.6780167112541209e-01	   5.9385688017689486e-01	   6.0149884516638452e-01	   2.6905231662553458e-01	   4.6510051149231174e-01	   6.1950158431659563e-01	   6.1939137258596411e-01	   9.0075771812159044e-01	   8.5390156911973703e-01	   7.0503553246729966e-01	   6.4965112846811357e-01	   7.4039204743899689e-02	   1.6040133175679469e-01	   3.9260787295734401e-01	   5.4663958965933568e-01	   4.2398948147117477e-01	   4.3414986697541902e-01	   6.5047639376585975e-01	   6.2728984246793729e-01	   6.7110710434456622e-01	   6.5467440149389267e-01	   7.8898804329923289e-01	   7.4493306825810879e-01	   7.1023264128869490e-01	   7.5328337983188243e-01	   6.4224966084768464e-01	   7.2872911041157362e-01	   7.3863665041832738e-01	   6.4471095681486279e-01	   8.4624905598421230e-01	   8.6062139862581266e-01	   8.2777397029945732e-01	   6.5794856150239034e-01	   8.4234467335810592e-01	   7.9639690675815800e-01	   7.4605425669171122e-01	   6.7422848814430736e-01	   7.8166581473193575e-01	   5.8651398158655799e-01	   7.4328639010974784e-01	   7.3691617893203742e-01	   8.1609593146287518e-01	   8.2426359386633230e-01	   6.1413037951551719e-01	   6.2115257050252182e-01	   1.6091675349775542e-01	   2.1540037479255209e-01	   7.2522307832898769e-01	   3.5792762518622817e-01	   6.2437526759990880e-01	   7.1010520854282977e-01	   3.8683905655548090e-01	   4.0098657591023301e-01	   5.1561238860800096e-01	   6.2108802093863036e-01	   7.4774741156441027e-01	   7.4357587078153631e-01	   6.9923033319038852e-01	   7.3808897467803203e-01	   8.4706032639381545e-01	   8.2605984556029644e-01	   5.7630463011198252e-01	   7.3397019019323029e-01	   7.2712919546124632e-01	   8.0667708768019131e-01	   8.3813113717427279e-01	   7.5654785346406772e-01	   6.7506260844024890e-01	   7.3515384780748394e-01	   3.3949514976639400e-01	   1.9976324757019651e-01	   8.0457080984814666e-01	   8.3236343623737374e-01	   8.7317665544028045e-01	   8.9526615171897317e-01	   6.8933380735371819e-01	   7.7637985242937635e-01	   8.1203891933529837e-01	   8.3674522747733060e-01	   6.1148293213194638e-01	   3.4251563092582044e-01	   4.6984471340735179e-01	   6.0580097978179637e-01	   1.8997762573148477e-01	   2.1829012124231675e-01	   7.7708672692614766e-01	   8.5069796043875789e-01	   7.7858478244864937e-01	   7.8628658260656981e-01	   2.4943627178269578e-01	  -2.6083778596312696e-01	
   7.5445478315405745e-01	   0.0000000000000000e+00	   5.6130381491014347e-01	   5.9643111278017980e-01	   4.7270297744937162e-01	   5.1297402320244734e-01	   5.6287999287733625e-01	   6.6527129885945935e-01	   4.2246540171311919e-01	   4.3532327202316984e-01	   5.6758045180053418e-01	   7.3202099036436685e-01	   6.0595696266213395e-01	   5.7096281021916329e-01	   5.3737105471080793e-01	   3.6425827638682107e-01	   5.5767073390039124e-01	   6.9467468804108601e-01	   6.0444366591944276e-01	   6.8159265881719944e-01	   4.3430991826469278e-01	   2.6339866614789381e-01	   5.2857777495581360e-01	   4.5615374148659804e-01	   5.0390227434758561e-01	   4.9143121081088204e-01	   4.1223688310100809e-01	   4.2789717608252037e-01	   2.3516743505899126e-01	   4.0956322450754046e-01	   4.3442546343920907e-01	   4.2143171693201242e-01	   7.3246325723305816e-01	   7.6646805352621972e-01	   3.9755763287936485e-01	   3.7691618907618063e-01	   1.3998414359835154e-01	   1.6409073823732173e-01	   3.9282945555754278e-01	   5.0728617024829625e-01	   4.6179094613947363e-01	   4.6096056005312580e-01	   3.8797326413278066e-01	   4.1991617872735110e-01	   4.3562806180956171e-01	   4.4810019262088896e-01	   5.4362037920734863e-01	   5.0109924801464778e-01	   5.0693389756332863e-01	   5.7055652054353123e-01	   4.5684364265738675e-01	   5.9520818243892837e-01	   5.2646862322136900e-01	   4.0838864034257594e-01	   6.9982630903629417e-01	   6.7280044648169546e-01	   7.3947711647986347e-01	   9.2489370736975496e-01	   6.8603724747149009e-01	   7.6609350530922526e-01	   5.8501177370712476e-01	   7.2825836092836216e-01	   6.8504536712915332e-01	   7.3773041823097651e-01	   5.0957989202569354e-01	   6.0164434240331954e-01	   5.8764785183737878e-01	   6.1698446360649306e-01	   5.4704027774957364e-01	   6.0891839435740325e-01	   2.3876645204369956e-01	   1.6114789819029315e-01	   6.2399737586247195e-01	   3.7331734158688251e-01	   5.4172025252302558e-01	   6.4066892312655410e-01	   3.5649407002698724e-01	   4.4385016222632656e-01	   5.1451344499532892e-01	   6.6262637704866867e-01	   6.2191671090993395e-01	   6.5024875428050788e-01	   5.0035587320414987e-01	   4.7869038440632306e-01	   5.5319356186968316e-01	   5.2932112325906266e-01	   4.6154660362882505e-01	   6.0801708746600014e-01	   5.4427714993662946e-01	   6.2219152999902394e-01	   6.3816591929756883e-01	   5.3820014931518523e-01	   5.6120458027801556e-01	   5.7786923021775971e-01	   4.0115020050094974e-01	   2.3934349772147129e-01	   7.8238679099487030e-01	   6.9245702230850470e-01	   7.4112540555747919e-01	   6.5172921583050525e-01	   6.8280389797654484e-01	   6.5623861072496981e-01	   7.7639499199584805e-01	   7.0873949550636683e-01	   5.6116610404375078e-01	   2.7079025820578717e-01	   4.7325578769697163e-01	   5.1264157344262040e-01	   3.2023058633357510e-01	   2.7523594587785283e-01	   6.9639507439056514e-01	   6.2850525479815400e-01	   5.5221105348115340e-01	   6.6873505322085569e-01	   1.6426794135393302e-01	  -2.2069534097412624e-01	
   8.1633040837805482e-01	   5.6130381491014347e-01	   0.0000000000000000e+00	   9.1571669438338976e-01	   8.1587597729571937e-01	   8.3630207762386544e-01	   9.2128828070480528e-01	   8.8193376983763061e-01	   7.2980584422456141e-01	   7.5486002403554286e-01	   5.9635835053048125e-01	   7.0009432038811259e-01	   6.7241555536545028e-01	   6.3956594760088237e-01	   8.3008394309225664e-01	   8.0095435445093288e-01	   1.9866645825988435e-01	   1.6067513925938157e-01	   8.9783310172027675e-01	   8.4934952885005432e-01	   6.1612850691082732e-01	   5.1893597300209904e-01	   8.9984412668471037e-01	   8.7833467392046316e-01	   7.0562745620172529e-01	   7.6721134749256781e-01	   7.2422931780050059e-01	   7.0159027261274520e-01	  -1.5766771339581925e-01	   1.3387104128204477e-01	   5.4489635662438429e-01	   5.3876180775336580e-01	   8.0804045718926520e-01	   7.6202910769563004e-01	   7.8452043591945475e-01	   7.5102231938432829e-01	  -1.2212439086178914e-01	  -2.0239667650637474e-02	   2.9791170977298786e-01	   4.4846700615621959e-01	   1.9998642366907468e-01	   2.5687899369912803e-01	   6.2384431700939680e-01	   5.2373448482724816e-01	   5.4752966888954691e-01	   5.2402518497499428e-01	   6.8912736572082767e-01	   6.3380828674689949e-01	   6.2473501959422328e-01	   6.2043742891328946e-01	   4.4444060943907793e-01	   5.7209821135809902e-01	   5.5432842410896876e-01	   4.4830285340253390e-01	   7.5963017127686716e-01	   7.0776133560525323e-01	   4.1121003428626812e-01	   3.7477432947576034e-01	   8.3250054808319063e-01	   7.9961238051346761e-01	   6.7551467946896249e-01	   6.9072352794525593e-01	   4.7936340167861363e-01	   4.4392345409351253e-01	   7.9127300996159899e-01	   8.4426353605632143e-01	   8.4300533929413313e-01	   8.4566326765941036e-01	   5.3968120189704638e-01	   4.9183417528661955e-01	  -2.1019678796317279e-02	  -7.1061600988991305e-03	   4.3144798119680944e-01	   1.9426560852701891e-01	   4.1878924438173315e-01	   5.9992674292019221e-01	   4.2039838358962585e-02	   1.9480577510817002e-01	   6.8006028848705255e-02	   2.3947103689036414e-01	   4.0701920523659402e-01	   3.8951980885558180e-01	   8.0076227544564915e-01	   7.1483165025874285e-01	   8.0926018018786583e-01	   7.6797465984350910e-01	   6.9138826530109954e-01	   8.1275302848825393e-01	   8.7397741089184933e-01	   8.5448609605051973e-01	   8.2895912187686038e-01	   7.0792067605987952e-01	   7.6233547080201314e-01	   8.1146816218004902e-01	   3.1772411766332842e-01	   1.7393218854690023e-01	   6.7494633794279757e-01	   7.0656446752460678e-01	   7.6610141753119088e-01	   7.5313916124071334e-01	   6.3813274999761616e-01	   8.1271108140266457e-01	   7.0681062302420306e-01	   7.6229809827043549e-01	   5.4934942871671799e-01	   2.2774455579096878e-01	   4.5544242091760256e-01	   5.8247787804950613e-01	   1.3689521639699267e-01	   1.4174153904167922e-01	   6.6136489893478689e-01	   7.0370650379991906e-01	   7.8670793509117287e-01	   6.8369577293844597e-01	   2.2866663179279820e-01	  -3.3289015297262720e-01	
   8.2115993287994948e-01	   5.9643111278017980e-01	   9.1571669438338976e-01	   0.0000000000000000e+00	   7.1635788304620873e-01	   8.2159589027631741e-01	   9.1439272230606061e-01	   9.6688666959705705e-01	   6.7293841018347589e-01	   7.5755411008384721e-01	   6.1643795639802235e-01	   7.5282132890187969e-01	   6.9293283017585927e-01	   6.2060812830810419e-01	   7.8826324737337539e-01	   8.0542772558605036e-01	   2.5514766800373156e-01	   2.4283734954691746e-01	   8.7866498496177969e-01	   9.1776424090715114e-01	   6.0296406416601311e-01	   4.7130748106573050e-01	   8.1661864557891106e-01	   8.4647454594416582e-01	   5.9041543723106116e-01	   7.3033501071801721e-01	   6.3009319003820563e-01	   6.1840834350468454e-01	  -1.6032995991816315e-01	   1.8406446999225431e-01	   5.7970070356155223e-01	   5.8857798111987147e-01	   7.9852682540141662e-01	   7.5663502409284267e-01	   6.9178859753454724e-01	   7.2676020317132650e-01	  -1.3698446364956171e-01	  -1.0675488021263341e-03	   2.6942954201316410e-01	   4.4613753523308902e-01	   2.2948846368512293e-01	   2.7696966294367881e-01	   6.4750720242465354e-01	   5.8010483464467311e-01	   5.8243711976012158e-01	   5.9221109296544017e-01	   7.1300895359973970e-01	   6.9379069783909242e-01	   6.3524380374964495e-01	   6.7312667114386382e-01	   5.0564283125044351e-01	   6.3955306807964973e-01	   6.1722681133665858e-01	   5.5354502957995644e-01	   7.3429816113436630e-01	   7.3006858171852751e-01	   4.8037227543876054e-01	   4.6446310285755699e-01	   8.7249029987578530e-01	   8.4367127708090173e-01	   7.3402570369853737e-01	   7.5365695667596388e-01	   5.3330775196127422e-01	   5.0229177213255838e-01	   7.4201214995757270e-01	   8.9434931695535602e-01	   9.0466418541527405e-01	   9.1890585893140742e-01	   6.7163970816487362e-01	   6.6679077498598560e-01	   1.2132657295634479e-02	  -3.1294186295480093e-02	   4.1730634068532158e-01	   8.3898223839399683e-02	   3.6484755669711744e-01	   6.3172830593620199e-01	   8.4237737988321140e-02	   2.5187673323532767e-01	   1.5504778259806720e-01	   3.6063147841862220e-01	   4.9724853736326635e-01	   4.9057070771804578e-01	   7.9330529858595422e-01	   7.7029024909083788e-01	   8.0285571718985738e-01	   8.3570607113801909e-01	   6.5395076229566584e-01	   7.9517435840011053e-01	   8.4940639340421398e-01	   9.0206171545257119e-01	   9.1163571232962837e-01	   7.8203119853828917e-01	   8.3088143685257210e-01	   8.0624525464751473e-01	   2.7100628692545015e-01	   2.2880886523273652e-01	   6.9543308984559471e-01	   7.4637676478954773e-01	   8.1309064097143435e-01	   7.9215400776993405e-01	   7.3601957099551774e-01	   8.2255014081172761e-01	   7.8886476785276649e-01	   8.0337606064010347e-01	   5.8588336349950199e-01	   2.6304441331142026e-01	   4.8641212174138732e-01	   6.1860553842984878e-01	   1.1670796490263058e-01	   1.2587412058414127e-01	   6.4588556378201867e-01	   7.6233952749431855e-01	   8.2822780499980497e-01	   7.1642900179604208e-01	   1.6524494382922467e-01	  -3.0841688485759677e-01	
   7.1686086583079389e-01	   4.7270297744937162e-01	   8.1587597729571937e-01	   7.1635788304620873e-01	   0.0000000000000000e+00	   9.0692104777149218e-01	   7.0859833658514415e-01	   7.0045393802695621e-01	   7.9599736837743851e-01	   7.4086867693390679e-01	   3.8298353033235899e-01	   5.3991242899525016e-01	   4.8784870590598783e-01	   5.8531542689724980e-01	   8.2545913686903893e-01	   8.1143813454325808e-01	   1.4732130411689337e-01	   1.4885575140451185e-01	   7.7921676921872629e-01	   7.0236265123162211e-01	   7.4209308709103128e-01	   7.5380900324426448e-01	   6.9516719393199211e-01	   6.9981414550634968e-01	   6.9014871471425721e-01	   7.5101656613631085e-01	   8.6217237278381376e-01	   8.4745082804336525e-01	  -1.2426639436341148e-01	   1.3121405234494826e-01	   3.7508423144012759e-01	   3.7799273400829003e-01	   6.6149067882479018e-01	   6.1905873341757900e-01	   6.2115479794466411e-01	   6.0311197176446851e-01	  -1.3268380119522935e-01	  -5.4678308920682067e-02	   2.6384277121128991e-01	   3.9608620905363900e-01	   2.1850614823761538e-01	   1.7433945555830996e-01	   4.7218936491298596e-01	   3.9939218308834507e-01	   4.3195187738306406e-01	   3.7250628092467730e-01	   5.9391014935568953e-01	   5.1144741017034279e-01	   5.1922648485001055e-01	   4.7152337808041600e-01	   3.3377685343082186e-01	   4.4700890730022569e-01	   4.9909889882998643e-01	   3.7101175709949452e-01	   7.3058390139343365e-01	   6.6365154706042173e-01	   4.6715261841819128e-01	   3.3318988462881061e-01	   7.0217912205602573e-01	   6.9402652405011178e-01	   5.4376046886230189e-01	   5.6055771473266169e-01	   4.2916392905212986e-01	   3.6830877548354857e-01	   5.5948541252316963e-01	   6.2227499645582396e-01	   7.0697612768556539e-01	   7.1991826846412676e-01	   4.9791962679756202e-01	   4.5624807076364987e-01	  -1.7155201265649395e-01	   3.8480804224876972e-02	   2.8097593307838520e-01	   3.9668476692408883e-01	   2.2778355245944873e-01	   4.3841280175882097e-01	  -1.0042425680715381e-02	   1.1179933274995446e-01	  -2.3996598327781209e-02	   1.4239004678151282e-01	   3.1040626456466097e-01	   3.0870130684315361e-01	   7.3428653246023889e-01	   7.0668645674780062e-01	   6.1459888379911964e-01	   6.3083616423915223e-01	   5.9120862775825367e-01	   6.2162946426156718e-01	   7.8581440661949264e-01	   7.8587384643269331e-01	   7.1074700481569053e-01	   6.3408651477137301e-01	   6.4642181868275772e-01	   7.1348637312712238e-01	   2.3080661413734790e-01	   1.5662503407303383e-01	   5.2095684495437289e-01	   6.0567251870623540e-01	   7.0470640435235177e-01	   7.0202481984337117e-01	   5.6257230524812740e-01	   7.2494108172263871e-01	   5.8525184724111712e-01	   6.7558280362279177e-01	   4.1337182626379854e-01	   1.6856928502521518e-01	   4.0367610832824258e-01	   5.8403927632720043e-01	   1.1262985228417699e-01	   2.7143849665440464e-02	   4.3865056428788829e-01	   6.2085009145378178e-01	   6.7391438029767292e-01	   6.0083864544342569e-01	   3.1295021641976811e-01	  -2.2739032958504091e-01	
   7.4299769659280768e-01	   5.1297402320244734e-01	   8.3630207762386544e-01	   8.2159589027631741e-01	   9.0692104777149218e-01	   0.0000000000000000e+00	   7.2636812128656381e-01	   7.6759804902871420e-01	   7.6517583865032290e-01	   8.2042992009581428e-01	   3.9814615812376686e-01	   5.3607787015719599e-01	   4.8078205346692765e-01	   4.9541500652452564e-01	   8.5867894522688637e-01	   8.5253997950394500e-01	   1.3662804101300560e-01	   1.6009656735243621e-01	   8.3527662340652309e-01	   8.1260139041516721e-01	   7.9962658188034064e-01	   7.3539613445042029e-01	   7.2041759967924057e-01	   7.5266400726424809e-01	   6.4473193175177412e-01	   7.9576464257889656e-01	   8.4086868228710021e-01	   8.5872978367954067e-01	  -2.1467561172888022e-01	   5.6168815799249781e-02	   4.3255732431572003e-01	   4.4398154951671065e-01	   6.3443053968101171e-01	   5.7440173838015263e-01	   5.9957356457320199e-01	   6.0171931919999544e-01	  -1.3189151647948827e-01	   2.4766580590709665e-02	   2.7646990823460216e-01	   4.4037342032999882e-01	   2.3732927566152670e-01	   3.3215725256295309e-01	   4.6279056807535263e-01	   3.9833833989273343e-01	   3.7186211721141349e-01	   3.5542585761702206e-01	   5.9261565440476571e-01	   5.3701283462979432e-01	   4.8427636775573901e-01	   4.8276214501648906e-01	   3.2724647876248436e-01	   4.5342328371947793e-01	   5.6617242659358613e-01	   4.7108093476605467e-01	   7.1999996766953145e-01	   6.7181683660889813e-01	   4.9508825133429069e-01	   4.1479725833373915e-01	   7.5742267048343215e-01	   7.9767027262554768e-01	   5.4451190505509661e-01	   6.5931495772247750e-01	   3.9636665167800861e-01	   4.0218742689838549e-01	   5.6955965473908177e-01	   6.9482628179384220e-01	   7.3300369193161030e-01	   7.5077823951905209e-01	   6.2464209377470226e-01	   5.9630366072734275e-01	  -6.5522024826190434e-02	  -4.3175750818419532e-02	   2.9992715457969843e-01	   1.4489185322152526e-01	   1.9583811552488894e-01	   5.4588826461790985e-01	  -5.4427971724344319e-02	   1.4031908772164151e-01	  -3.9112505135197234e-02	   1.7578477680966703e-01	   3.3287392639364999e-01	   3.6090612122341048e-01	   7.9328822110803365e-01	   8.0040987906746563e-01	   6.8440444296966130e-01	   7.2702610963902625e-01	   6.2168083688486298e-01	   7.5245572248261172e-01	   8.2568957721485237e-01	   8.7684697580725346e-01	   8.0352605115967024e-01	   7.0302630681668399e-01	   7.8360285510351535e-01	   7.7899498522206867e-01	   2.4526662805990918e-01	   1.9227377651774596e-01	   5.6477592954233957e-01	   6.2358433107014899e-01	   7.4552530894988256e-01	   7.4388147286075856e-01	   6.4292545678974100e-01	   7.8153271052724149e-01	   6.5566022294867554e-01	   7.3098784972632069e-01	   4.8510189448759428e-01	   1.7662870324384186e-01	   4.7465281601858245e-01	   6.5486069001319280e-01	   1.4572811178604153e-01	   4.6774733505726349e-02	   4.5670981546868356e-01	   6.8937905857800885e-01	   7.4779119113583636e-01	   6.3609934837526305e-01	   3.0022899920837948e-01	  -2.3385718357283056e-01	
   7.7721788768630351e-01	   5.6287999287733625e-01	   9.2128828070480528e-01	   9.1439272230606061e-01	   7.0859833658514415e-01	   7.2636812128656381e-01	   0.0000000000000000e+00	   9.3254614583783257e-01	   6.9684274532123236e-01	   6.9891595303095322e-01	   6.1651275158105101e-01	   7.2878908109298979e-01	   6.8878736686890141e-01	   5.9990069310908778e-01	   6.7952322583812530e-01	   6.9668056915400778e-01	   2.8258484302862502e-01	   2.5138462801110023e-01	   8.1492311814104501e-01	   8.3688219853162904e-01	   4.9463332325777687e-01	   3.5727712763026998e-01	   7.9912547134867395e-01	   7.8065020350991010e-01	   5.3261207454256065e-01	   6.3652061750758004e-01	   5.4631118373600907e-01	   5.2759430406891172e-01	  -9.3104170546796788e-02	   2.3185544653592510e-01	   6.3382511587311707e-01	   6.3341190284080495e-01	   8.1670816033248039e-01	   8.0986770126063579e-01	   7.3094942695838916e-01	   7.5220253483875743e-01	  -2.1286623796365339e-01	  -1.6662888968844430e-01	   1.8051016457076521e-01	   2.9359007690011102e-01	   1.3651367669098807e-01	   1.8622697716487324e-01	   6.1715492483186152e-01	   5.3136430669364143e-01	   5.9956380187322655e-01	   6.3944494945846408e-01	   6.7194088858848955e-01	   6.1833268193887936e-01	   6.1071087030756555e-01	   6.4182056564819223e-01	   4.4135466983727312e-01	   5.4558492129421376e-01	   5.2290788868621352e-01	   4.4762817950307893e-01	   6.5429664538030163e-01	   6.4430893839808190e-01	   3.9754321731574604e-01	   3.7781767593160387e-01	   8.3782417485128180e-01	   7.4720922972263915e-01	   8.1073096151210811e-01	   7.2625689079515243e-01	   5.7388412926518617e-01	   5.2647836492194400e-01	   7.9902553971691570e-01	   8.7599218921876276e-01	   8.8551528178522498e-01	   8.6094683051018239e-01	   5.1677913785565621e-01	   4.9922868817019295e-01	   2.7275987680813268e-02	   3.5242639748656931e-03	   4.8565273300900391e-01	   1.6182249412545471e-01	   4.6536869448562701e-01	   6.5196791449331803e-01	   7.2114084493546976e-02	   1.9116173496423106e-01	   1.6445334985322146e-01	   3.5409574002631911e-01	   4.5636847956412785e-01	   4.2479985691497457e-01	   7.3079782517607594e-01	   6.1055490372392562e-01	   7.2878999725409188e-01	   7.1823309196250851e-01	   5.9393621801624008e-01	   7.0985127384621460e-01	   7.9226021240057065e-01	   7.7967234844727318e-01	   8.1462856826689745e-01	   7.1392764671668907e-01	   7.1846427124704726e-01	   7.6647139957321819e-01	   3.0675101465865179e-01	   1.3230814902426330e-01	   6.2497659861632338e-01	   6.6431884081956261e-01	   7.2191276948689298e-01	   7.0505641550867515e-01	   6.5286474708191211e-01	   8.0245517415177303e-01	   7.0073284047555340e-01	   7.5213192093469206e-01	   4.9898088670806928e-01	   2.4298400099415091e-01	   4.0278883321728476e-01	   5.1476530050497549e-01	   1.3376373273345221e-01	   1.4563261078801926e-01	   5.8878308088148479e-01	   6.4412645533793011e-01	   6.9811620398662455e-01	   5.8945654549551918e-01	   2.9653881359900061e-02	  -3.8606573100433833e-01	
   8.3625689413496573e-01	   6.6527129885945935e-01	   8.8193376983763061e-01	   9.6688666959705705e-01	   7.0045393802695621e-01	   7.6759804902871420e-01	   9.3254614583783257e-01	   0.0000000000000000e+00	   6.6385134837467485e-01	   7.2375522717497554e-01	   6.5786800614611551e-01	   8.2266432248301880e-01	   7.0798303937641027e-01	   6.7512804962204986e-01	   7.4253296249906398e-01	   7.4359392014493686e-01	   3.7037658443268717e-01	   3.6047665576043131e-01	   8.4302517917112807e-01	   8.9543278210460764e-01	   5.4922467962655241e-01	   4.0824510075015474e-01	   7.7947298008221466e-01	   7.9092894069506570e-01	   5.4244251745948058e-01	   6.7167953217273046e-01	   5.7390366319736963e-01	   5.6321894703653241e-01	  -4.7169536584754160e-02	   3.1024244989615080e-01	   6.0398616971292052e-01	   6.1217905123942407e-01	   8.6253096264231566e-01	   8.4776818853626534e-01	   6.5838550691472542e-01	   7.0025220945305655e-01	  -1.1972590577861272e-01	  -2.7381768563704806e-02	   2.7296227412355267e-01	   4.2128767243499077e-01	   2.6932319165310287e-01	   2.7147511168969557e-01	   6.3877539883554912e-01	   6.0296855978160790e-01	   6.1560407920987192e-01	   6.5088209499912142e-01	   7.2421300152945212e-01	   6.9630942606090795e-01	   6.4853551505054474e-01	   7.1126669122202402e-01	   5.5234988280725950e-01	   6.8479417962763700e-01	   6.4178612513363298e-01	   5.8527050923367474e-01	   7.4247027301896096e-01	   7.4806081923889833e-01	   5.2530334265903023e-01	   5.1807412437987932e-01	   8.6703603253232397e-01	   8.2715043345048922e-01	   7.8907347627948232e-01	   7.9745732770496258e-01	   6.1895192100389129e-01	   6.0439122253504762e-01	   7.5416265700082907e-01	   9.0946545704534421e-01	   8.9176222650819992e-01	   9.1225412550457374e-01	   6.0672631054140935e-01	   6.2956692062804587e-01	   3.9905407979699839e-02	   5.7275807828155355e-02	   5.2012704259730458e-01	   1.9705506594733496e-01	   4.4641801627700917e-01	   6.6268878518149577e-01	   1.6911516633834739e-01	   3.0016765153203540e-01	   2.6352521146587510e-01	   4.6023624217952830e-01	   5.7478092878611842e-01	   5.6048876156277627e-01	   7.5315736766878372e-01	   7.2310737225386512e-01	   7.8661984337263247e-01	   8.0421546747541939e-01	   5.9378615575360905e-01	   7.2578897256053876e-01	   7.9767477272295684e-01	   8.5342741767836405e-01	   8.9399042291259323e-01	   7.7487986435581424e-01	   7.8378204361999149e-01	   7.6462660511268343e-01	   3.2114404248829675e-01	   2.6158923921691996e-01	   7.1016275321850786e-01	   7.7283584965072805e-01	   8.2469676701242456e-01	   8.0216620832799901e-01	   7.4254692289994284e-01	   8.1459831897803281e-01	   8.0073221449548027e-01	   8.0859894687142797e-01	   5.8288255230698283e-01	   2.8440205905081145e-01	   4.8380892992017022e-01	   5.9596355434686799e-01	   1.6045178809430830e-01	   1.3546882821563941e-01	   6.4701627531070127e-01	   7.5485701471397504e-01	   7.8710401929566187e-01	   7.1249753727746834e-01	   1.2906962025475088e-01	  -3.0232161642436489e-01	
   5.9484086237452061e-01	   4.2246540171311919e-01	   7.2980584422456141e-01	   6.7293841018347589e-01	   7.9599736837743851e-01	   7.6517583865032290e-01	   6.9684274532123236e-01	   6.6385134837467485e-01	   0.0000000000000000e+00	   8.8703413315449842e-01	   2.5092783895337500e-01	   4.0532685356984455e-01	   3.4328438078696510e-01	   4.5706093098222489e-01	   6.7376277836261345e-01	   6.8983533360128080e-01	   5.9317941250454045e-02	   8.5806888602368681e-02	   6.4149109188902742e-01	   6.0379873158161446e-01	   4.7697406003233667e-01	   5.1515559734075422e-01	   4.9187851644673175e-01	   5.0578681866087050e-01	   5.5910009807036032e-01	   5.7914478699055105e-01	   5.6046986645174801e-01	   5.3009336735969703e-01	  -1.6646453543127823e-01	   8.5208931290050360e-02	   3.1169827439187414e-01	   3.1549325454499677e-01	   5.0324966223557821e-01	   5.1429558198166703e-01	   5.4787293954516791e-01	   6.0622841546707640e-01	  -4.6741481179438625e-02	  -2.7319950089600375e-02	   2.5294057658497959e-01	   3.4241677710805074e-01	   2.4834950643098491e-01	   2.1236077371638917e-01	   3.9295572343470686e-01	   3.1106071453444956e-01	   3.3686750730633741e-01	   3.4209681791296742e-01	   4.7954967601167486e-01	   4.4795899781219090e-01	   3.5765051134353293e-01	   3.5632787303271968e-01	   2.9830904042965234e-01	   3.2892680494480808e-01	   4.4989214726923288e-01	   3.9260033104390857e-01	   5.7042898116592966e-01	   5.2463811531442972e-01	   3.7617567302733174e-01	   3.2820075008548738e-01	   6.4964597242883759e-01	   5.8197580779495495e-01	   5.7430056458631296e-01	   6.2609941017356607e-01	   2.5806879841910702e-01	   3.8428005481076727e-01	   5.6072307568578528e-01	   6.2602629994481929e-01	   6.4737122642424583e-01	   6.5166233922605898e-01	   4.0320603137487299e-01	   4.2151334161323240e-01	  -6.1563812500213658e-02	  -8.8430834781745068e-03	   2.3919146792667609e-01	   2.6156782529462580e-01	   2.2302001744427155e-01	   3.6748994672270274e-01	   4.6220222358110789e-02	   1.8076329238045219e-01	  -2.5948921809196231e-02	   1.3548692752018393e-01	   2.3686467287519342e-01	   2.2662100683769332e-01	   6.2265962041375567e-01	   5.7013822457709062e-01	   4.8429542997545127e-01	   4.9019886139656405e-01	   4.1075003828941142e-01	   5.1507359574772749e-01	   6.9927509682164757e-01	   6.7311066670837127e-01	   6.3117404474622929e-01	   5.8237479539032577e-01	   6.2992256112591438e-01	   6.4174710652269562e-01	   2.2013791023145451e-01	   1.3787183160706656e-01	   4.6856229611894273e-01	   5.1277833984723742e-01	   5.7765421195337585e-01	   5.7029242661309754e-01	   5.2676950197544015e-01	   6.5358288580381119e-01	   5.1002108327429929e-01	   5.6694933385604895e-01	   3.1567424028577407e-01	   1.2806964727647813e-01	   3.8402505733187259e-01	   4.7571341696079322e-01	   6.9442515799886695e-02	   6.5323063106137082e-03	   3.6114498813032525e-01	   5.1747271950359353e-01	   5.6429364610231103e-01	   4.7923135651220605e-01	   1.7454292734274593e-01	  -1.9533178269878321e-01	
   6.4394772517221599e-01	   4.3532327202316984e-01	   7.5486002403554286e-01	   7.5755411008384721e-01	   7.4086867693390679e-01	   8.2042992009581428e-01	   6.9891595303095322e-01	   7.2375522717497554e-01	   8.8703413315449842e-01	   0.0000000000000000e+00	   3.0258896474272645e-01	   4.3988925948475316e-01	   3.3947856978870111e-01	   4.3625318839412308e-01	   6.9172895393085976e-01	   7.1848459938320119e-01	   1.3034225828325496e-01	   1.3622627630531414e-01	   6.7118833865058958e-01	   6.8626925333851885e-01	   5.5226360348476078e-01	   5.2610930944125578e-01	   5.2176550323652482e-01	   5.3241956446105698e-01	   5.6421436984272955e-01	   6.5300831495433520e-01	   5.9217137649830720e-01	   5.6511572721615688e-01	  -2.1061967948049648e-01	   4.1503453924148503e-02	   2.9836677421735286e-01	   3.1976654945211946e-01	   5.3368864114088210e-01	   5.0542611783917890e-01	   4.6610103472958220e-01	   5.1114374704694421e-01	  -2.1916926970768465e-02	   4.9578657159857265e-02	   3.6483223228424505e-01	   4.3981351910362487e-01	   2.5234960475103041e-01	   2.9309954931999416e-01	   4.2609805885524848e-01	   3.5625067199721883e-01	   3.7699860191023654e-01	   3.6335070674361369e-01	   5.7029027872869920e-01	   5.2569548360107787e-01	   4.0988506553720849e-01	   4.2309138370351340e-01	   3.0425118725162564e-01	   3.8439584420829070e-01	   5.1297013159873295e-01	   4.1344521581219268e-01	   6.6230017152373477e-01	   6.1959343198836714e-01	   3.9864825569136775e-01	   3.5208732947901211e-01	   6.9509938906683555e-01	   6.9682864096860508e-01	   5.0302711907132558e-01	   6.1758873061981212e-01	   2.7104567025634235e-01	   3.4935701669048008e-01	   5.4534666670350318e-01	   6.7123696765553065e-01	   6.8097371038650323e-01	   6.8992434828725480e-01	   4.8280653405693391e-01	   5.2391336226674856e-01	  -4.6290669259743834e-03	  -1.4610221823395837e-02	   2.6316265268857764e-01	   1.3813029277377104e-01	   1.9066949540396752e-01	   4.3136177600372771e-01	   5.5504786452499543e-03	   1.3960634879250117e-01	   1.3412795278985383e-02	   1.9443738996096344e-01	   3.2685229839545465e-01	   3.2334373923374443e-01	   6.6905325983518349e-01	   6.4012561154562220e-01	   5.7022725244180172e-01	   5.4848742719871679e-01	   5.3075529102256636e-01	   6.2213483208410225e-01	   7.6609039586850813e-01	   7.5064847870303608e-01	   7.1662685086306921e-01	   6.7439331216863208e-01	   6.7432258830870007e-01	   6.8604405277486591e-01	   3.0217673679372931e-01	   1.3803842722422366e-01	   6.2090845605851608e-01	   6.1306371380476299e-01	   6.5114392187516734e-01	   6.4392340186863384e-01	   5.3935612573508407e-01	   6.7897784374597037e-01	   5.5719047445876213e-01	   6.2552929563553095e-01	   4.5595347035492800e-01	   2.2430752315296501e-01	   4.5668328187943497e-01	   5.6193318260773373e-01	   1.0530526641736493e-01	   2.0530551772783934e-01	   4.7973163725238449e-01	   6.0130566897924409e-01	   6.0824892663323293e-01	   4.6929079159673237e-01	   1.0024513750747577e-01	  -3.2482665410247391e-01	
   7.4002264552812269e-01	   5.6758045180053418e-01	   5.9635835053048125e-01	   6.1643795639802235e-01	   3.8298353033235899e-01	   3.9814615812376686e-01	   6.1651275158105101e-01	   6.5786800614611551e-01	   2.5092783895337500e-01	   3.0258896474272645e-01	   0.0000000000000000e+00	   8.3266869056100323e-01	   9.0998859214542405e-01	   6.6848513374791296e-01	   6.1344773230950078e-01	   4.9723821613371633e-01	   6.5610281740111143e-01	   5.7290972865231693e-01	   6.6777019608663313e-01	   6.4084481187465880e-01	   3.3188022696294633e-01	   1.6739535267578678e-02	   6.8963140340952067e-01	   6.0679213385698427e-01	   4.8353071234631134e-01	   5.6972422888060548e-01	   2.5809333900445186e-01	   2.6908930586158308e-01	   4.7335395378107192e-01	   6.0105526747189308e-01	   7.6804598504396193e-01	   7.4438607260848300e-01	   7.8299954237397840e-01	   7.8410510835254232e-01	   6.7155021329565645e-01	   6.1280812516721328e-01	   8.9071523523445439e-02	   1.8316258594812537e-01	   1.6867317188113151e-01	   3.5065282768976713e-01	   3.4788247668084082e-01	   3.5741116197729128e-01	   7.2604074008520614e-01	   7.0410931166451030e-01	   7.7797446711915252e-01	   7.7996520937767000e-01	   7.4827335434250009e-01	   7.2752486017186924e-01	   7.2197212859031334e-01	   7.6948235847566604e-01	   7.2161247589382671e-01	   7.5545976651801716e-01	   6.7089764460528256e-01	   5.8915148003616147e-01	   6.2628393770495649e-01	   6.6907274597030808e-01	   5.3935448573002887e-01	   4.6159855769013391e-01	   5.9069964566486188e-01	   5.3122653173725820e-01	   7.0567353635726426e-01	   5.0986311819451968e-01	   7.1849669997010235e-01	   4.5155978764771065e-01	   7.2543390326531332e-01	   6.3318790332014463e-01	   6.2778502841740536e-01	   6.2316531726945845e-01	   3.2663373352175817e-01	   3.0765281678744844e-01	   2.7279046732483303e-01	   2.9420431985544226e-01	   7.4122614382377860e-01	   2.9161759182891483e-01	   7.6436902449713817e-01	   7.5297618219458551e-01	   4.4937745104141946e-01	   4.8565430232829365e-01	   5.8096814916084061e-01	   6.4806483992202435e-01	   7.7048717512656728e-01	   7.5469909830162663e-01	   4.3776911233789817e-01	   5.0205268835485883e-01	   8.0224512143587567e-01	   7.2946884540551293e-01	   2.3424012087105467e-01	   5.0755488987578534e-01	   3.4519570199384675e-01	   4.7838054832744958e-01	   5.7027462039110477e-01	   4.3382088942243735e-01	   3.4388399775264666e-01	   4.0308810648861565e-01	   1.7315241552505295e-01	   9.4777360943625918e-02	   5.9389397927459275e-01	   5.6892002626315274e-01	   6.2985978137418075e-01	   6.1222017560845721e-01	   3.5087283671406549e-01	   4.6112738064904879e-01	   5.0603593238097944e-01	   5.1274115138691112e-01	   3.8465209238998849e-01	   2.7276566822569992e-01	   1.1216939640357500e-01	   2.1108875070548128e-01	   4.0075810333257085e-02	   6.6518622284611639e-02	   6.8840807681395910e-01	   6.8000844924311876e-01	   5.4278395873208773e-01	   5.3429958371108000e-01	   5.7810458483785472e-02	  -2.6800745931365033e-01	
   8.2766509040531333e-01	   7.3202099036436685e-01	   7.0009432038811259e-01	   7.5282132890187969e-01	   5.3991242899525016e-01	   5.3607787015719599e-01	   7.2878908109298979e-01	   8.2266432248301880e-01	   4.0532685356984455e-01	   4.3988925948475316e-01	   8.3266869056100323e-01	   0.0000000000000000e+00	   8.3153833878068117e-01	   8.3635211658144870e-01	   6.7766198564923130e-01	   6.3898073711573922e-01	   6.2376990550143074e-01	   6.2908885310237228e-01	   7.1406789123312264e-01	   7.4655516044578818e-01	   4.2248776017628120e-01	   1.9491473974881032e-01	   7.1034956745533395e-01	   6.8155603789007058e-01	   5.5285231542567648e-01	   5.9185385788731426e-01	   4.3952029071602294e-01	   4.2465052117900104e-01	   3.1695402300702236e-01	   6.2114452504100515e-01	   6.3165524386791605e-01	   6.1288409290615209e-01	   8.9580911913274219e-01	   8.9431775464170071e-01	   5.8992594183372593e-01	   5.6488321051823598e-01	   1.5479211161206904e-03	   1.0741785401673540e-01	   2.6573186249233682e-01	   4.4846703616792560e-01	   3.9639530441635040e-01	   3.5211363815508367e-01	   6.6077648498047603e-01	   6.6349943921800292e-01	   7.1863108812277621e-01	   7.1919868896892225e-01	   7.3924724778157236e-01	   7.5041663391426239e-01	   7.3524713540205811e-01	   8.0586163013267886e-01	   7.2545332610368951e-01	   8.1211187603119006e-01	   7.3233749176607854e-01	   6.4967268592988381e-01	   7.6856260044790359e-01	   8.1682097029453504e-01	   6.3095458856480680e-01	   6.0276638804825722e-01	   7.5497782938691671e-01	   7.0715556992421602e-01	   7.6948159358437984e-01	   7.4424514548738729e-01	   7.3819590208177521e-01	   6.5905200888684523e-01	   6.7891433994075079e-01	   7.7411678216644753e-01	   7.1516204466082445e-01	   7.5351678277090572e-01	   4.7389191349652970e-01	   5.0273270022640326e-01	   1.3329008276369939e-01	   1.8067858127208944e-01	   6.7183990572007490e-01	   3.6990556913906281e-01	   6.4506710187156269e-01	   6.7545036483650223e-01	   3.5371754304604408e-01	   4.3426047793209555e-01	   5.3217247928147871e-01	   6.7214077652071524e-01	   7.4713576188525876e-01	   7.7199644329080663e-01	   5.9886025668024812e-01	   6.5201022233861061e-01	   7.5725007204570360e-01	   7.7873776720477994e-01	   4.2771228192663868e-01	   6.1382303193503207e-01	   5.4763784023141726e-01	   6.7305668105740035e-01	   7.2522842380905317e-01	   5.8367017136185617e-01	   5.1253747894725021e-01	   5.3736181095733293e-01	   2.4691304770194461e-01	   2.1300748772845748e-01	   7.2221054739703816e-01	   7.7909295200060846e-01	   7.7371850202535142e-01	   7.6669854575671992e-01	   5.9266484822097532e-01	   6.3338289280212445e-01	   7.3550880935872631e-01	   6.8887532620348146e-01	   5.0480557875340804e-01	   2.8608404581900349e-01	   3.3443903205327830e-01	   4.0872878251791667e-01	   1.5375514336720375e-01	   1.0917176708477960e-01	   7.7060153575763612e-01	   7.6728387230686512e-01	   6.9910141467791986e-01	   7.0017515850380829e-01	   1.5721976794326917e-01	  -2.2749487085543088e-01	
   7.5628973983765302e-01	   6.0595696266213395e-01	   6.7241555536545028e-01	   6.9293283017585927e-01	   4.8784870590598783e-01	   4.8078205346692765e-01	   6.8878736686890141e-01	   7.0798303937641027e-01	   3.4328438078696510e-01	   3.3947856978870111e-01	   9.0998859214542405e-01	   8.3153833878068117e-01	   0.0000000000000000e+00	   7.1410463153979831e-01	   6.6353933296750800e-01	   5.6274174805829880e-01	   4.9406333407822789e-01	   4.7094322341938810e-01	   6.8580894639016887e-01	   6.6264198467475532e-01	   3.5980151980438385e-01	   1.2510637690496124e-01	   7.4291183669183847e-01	   6.9026406174097632e-01	   5.7282248281361103e-01	   6.2829764406415789e-01	   3.4569981478760714e-01	   3.6057827421484739e-01	   2.5692703448512916e-01	   4.2019115740948132e-01	   7.3217614651222274e-01	   6.9509551778804834e-01	   8.2444324020343451e-01	   8.1350026265123487e-01	   7.4991580189681173e-01	   7.1189036009862861e-01	   7.6129821054583310e-02	   1.7838356684836815e-01	   1.8259571485679871e-01	   4.1285859316459561e-01	   3.1875992592384988e-01	   2.7851652624299372e-01	   7.6024997490852608e-01	   7.1553761790133885e-01	   7.7988642080478654e-01	   7.5707595634688585e-01	   7.7051104683153904e-01	   7.3956616037387002e-01	   7.7801672044835768e-01	   7.8078232382746904e-01	   6.8284665814635392e-01	   7.5943204131278330e-01	   6.4648196583955686e-01	   5.2643513432965128e-01	   6.8296920729310928e-01	   6.8883737276619028e-01	   5.4427165467826044e-01	   4.7922986376844157e-01	   7.3419156754754444e-01	   6.4536498396127184e-01	   7.8753784866571097e-01	   5.3769791162870340e-01	   7.1194124654371649e-01	   4.0039451541073356e-01	   7.4226583269242608e-01	   6.8172204816105708e-01	   7.4126025431799802e-01	   7.6376696849144721e-01	   3.8240942340127809e-01	   3.9971653520094430e-01	   1.2274410031040661e-01	   1.2102675775249208e-01	   6.1974296153365893e-01	   3.3001928519340423e-01	   7.2381488869823052e-01	   7.2841716857121697e-01	   3.6699448568383225e-01	   5.0514740370661759e-01	   4.3583057914330026e-01	   5.5277777428772334e-01	   6.5161836795459960e-01	   6.5212608143779682e-01	   4.6327005428014928e-01	   5.4094784720519662e-01	   7.6620592672810739e-01	   7.4173560858585086e-01	   3.0397034454135247e-01	   6.0191669840606887e-01	   4.6824349246043795e-01	   5.9094752250615734e-01	   6.7227708279813703e-01	   4.8843820725894205e-01	   4.8372079968889448e-01	   5.3095981877201937e-01	   1.4287577105723104e-01	   9.6757218349342561e-02	   6.0705163136838070e-01	   5.9608584112032192e-01	   7.0983647592999111e-01	   6.4253874365770014e-01	   4.9812659964673428e-01	   5.7960320600451998e-01	   6.2742810621697598e-01	   6.1028158037176594e-01	   4.0310365034154433e-01	   2.6533024746778566e-01	   2.2677419034050866e-01	   3.2937119786745378e-01	   6.9743776101478028e-02	   3.1824680929550583e-02	   7.1453522980982775e-01	   7.1858588255186251e-01	   6.1825538785394274e-01	   6.0395967456206789e-01	   1.1981579325369424e-01	  -2.6448991922351361e-01	
