   0.0000000000000000e+00	   8.1900515848238420e-01	   3.7227975006980787e-02	   2.2147978855207159e-01	   1.5937302808199473e-02	   9.9177910459629467e-02	  -1.4018417089722785e-03	   2.5208555399411647e-01	   5.6637085547470212e-02	   5.7479592659126270e-02	   2.6786289273935948e-01	   2.5407678649917614e-01	   2.9159421805118788e-03	  -7.4221514340869363e-02	  -1.6506271826075749e-02	   4.3034434803509859e-02	   5.6992734322042760e-01	   3.7515126245629815e-01	   6.3195078140617766e-01	   7.2567689049671646e-01	   1.1663745402336594e-01	   2.1746698422221419e-01	  -7.6015185006695560e-02	  -1.0316126184965992e-01	   7.2575195929783995e-02	   8.0531725497235959e-02	   8.6284048682883599e-02	   6.7941170454860172e-02	   3.5278783526435945e-02	   7.8655708182965356e-02	  -1.7691843005500665e-01	  -1.1067172740816394e-01	   2.2726683984225221e-01	   1.8351521008593000e-01	   3.1374223664888845e-02	   9.6116692815129794e-03	  -7.4168950254091204e-02	  -9.4883596789856306e-02	   2.5884787871728088e-01	   2.3852772402624833e-01	   7.1186172662719011e-02	   1.5924819156951564e-01	   4.2188712144608831e-01	   3.7133905775609921e-01	   3.4454811420410453e-01	   4.1571805399624778e-01	   3.9605306778723093e-01	   3.5004087188838862e-01	   3.9027837708825697e-01	   1.8572516201828437e-01	   3.5189894964410917e-01	   8.8116560998010962e-02	   1.6400557668016705e-01	   8.4783327344390771e-02	   4.2833606097735927e-01	   2.9680648802005832e-01	   8.5644191895914490e-01	   6.8241538676917513e-01	   3.9527181152248619e-01	   2.8708747233411913e-01	   7.3660615771383095e-02	   6.6626624353790687e-02	   3.4975029366315252e-01	   3.7562169606280205e-01	  -5.1597195775410901e-02	  -9.1978894885775750e-02	   3.0514859929999427e-01	   2.0738453521780004e-01	   6.1475791777627831e-01	   5.7892346330988864e-01	  -4.3545567314142428e-02	   6.7538659178321692e-02	   5.9614770322994087e-02	  -3.2002837846911686e-02	   5.8351742533631205e-04	   5.1320069045494500e-02	   9.0566890302032341e-02	  -6.8002776603367066e-02	   4.3424905620139814e-01	   3.2381787055001621e-01	   4.7030687766362983e-01	   3.4116856918699023e-01	   3.1102313258958841e-01	   1.8896789080579518e-01	   4.7509998406170040e-01	   4.6735848849079165e-01	   3.4270663786407318e-01	   2.8463073871261685e-01	   3.8084962455313220e-01	   3.5546587813927766e-01	   2.2806638459921449e-02	  -9.7938342432791925e-02	   1.2046368789263233e-01	   2.9854044790559564e-01	  -3.0272238494435312e-02	   2.1066946176498050e-01	   5.3353666436097902e-01	   5.2634528075711862e-01	   4.1844973962842552e-01	   2.5371053211390299e-01	   3.3083830298727823e-01	   3.9054631783048965e-01	   3.3680211767316337e-01	   3.6353648426370805e-01	   5.2577585810175034e-02	   2.2217252602978227e-01	   2.7281042607081951e-01	   3.0052225637799246e-01	  -1.4461193631800195e-03	   4.9877857253351539e-02	   2.1501276648296463e-01	   4.2065249026297957e-01	   2.1171318019268570e-01	   2.2629899564158196e-01	  -2.9210110350697802e-03	   1.7989270674167177e-01	
   8.1900515848238420e-01	   0.0000000000000000e+00	  -1.1693130077725187e-02	   2.6233519455189303e-01	  -1.8033726275109581e-02	   2.5760343261699081e-02	  -6.0976732405748371e-02	   1.4035044236737332e-01	   8.0101263878756435e-02	   4.3832921205568670e-02	   1.3102429695002180e-01	   8.6431941690663774e-02	  -4.6487719054375048e-03	   3.1251011093535882e-03	  -4.1058495268640659e-02	   3.9100445024632211e-02	   5.8938617239382407e-01	   5.3364315968933873e-01	   5.6287865139555104e-01	   7.0379397814461453e-01	   1.2462302344503358e-01	   2.1865819780932771e-01	  -1.2671119641319611e-01	  -1.4606066056111255e-01	   3.7318402040577132e-02	   7.8379291411740243e-02	   4.3812316829680023e-02	   4.4696812727118396e-02	   9.0231272741550291e-03	   6.5853456318482106e-02	  -2.3673420042379512e-01	  -1.8938148003070038e-01	   2.1956101306852421e-01	   2.1862089309934027e-01	   8.0475183324192276e-02	   4.7065666650107849e-02	  -7.7299070828015820e-02	  -1.0530723580297763e-01	   1.9630709227001725e-01	   2.2329804980837634e-01	   7.1073342764648884e-02	   1.4400596886858655e-01	   4.1587856514539867e-01	   3.5650434097968536e-01	   3.9640493610932981e-01	   4.3133561959069722e-01	   3.6535994477612838e-01	   3.1696918571247179e-01	   2.7981124421624293e-01	   6.1184444083114853e-02	   1.9885491224517776e-01	  -6.0483481092470953e-02	   4.0607022222039171e-02	  -1.5033338901447101e-02	   3.7248928057591890e-01	   1.9745037214217315e-01	   8.3065720440442337e-01	   7.7986628184644768e-01	   2.2280822694392724e-01	   1.7260147485996230e-01	   9.5570764577341816e-03	   6.2202052610946506e-03	   3.1492940666397651e-01	   3.3101995679556961e-01	  -4.1153739663666984e-02	  -1.0921616261008055e-01	   2.5146124621776206e-01	   1.9485198375554488e-01	   6.1712426866123105e-01	   5.8570384493666028e-01	  -8.0919131371129882e-02	   5.0515625652910949e-02	  -1.5720072077314635e-02	  -1.1677076832190303e-01	  -1.5867530413270942e-01	   1.1494740476465634e-01	  -9.8766161986772724e-02	  -5.9712611606145952e-02	   5.1325175257620503e-01	   4.0574546277482748e-01	   4.0646331101002015e-01	   3.5667757362355057e-01	   9.7344870345555029e-02	   2.2642982844239882e-02	   4.2237800801316405e-01	   4.1151258354853287e-01	   3.2735578896365880e-01	   2.3073240839202611e-01	   3.2274990450406860e-01	   2.9787114435719142e-01	   9.4087986196061072e-03	   1.8442817754828485e-02	   1.1303554387979925e-01	   3.1376645345346477e-01	   1.0845361753782339e-01	   2.1113925892825108e-01	   6.6963090657975421e-01	   5.9251881644318760e-01	   4.4044250675062213e-01	   1.7920438570394306e-01	   3.5640727319356608e-01	   4.2248011703187194e-01	   4.8282153428086239e-01	   4.7278624767308386e-01	  -2.7580954190444557e-02	   2.1096436688407433e-01	   1.9680773557148759e-01	   2.8213198560424640e-01	   1.7061358180633068e-01	   1.3649962520069775e-01	   3.0243921672013246e-01	   4.8542172526616756e-01	   3.0478689867951370e-01	   2.7393069473429621e-01	  -5.4351179240478185e-02	   2.2922287788044171e-01	
   3.7227975006980787e-02	  -1.1693130077725187e-02	   0.0000000000000000e+00	   7.9793597290664742e-01	  -5.4239701115113809e-02	  -1.2378281485947715e-01	   8.5711483013808953e-01	   5.8893916284334669e-01	  -1.2893133492280451e-01	  -1.9507998623474856e-01	  -2.1169641158295241e-02	  -6.3158194408022991e-02	   2.1537824232761066e-01	  -2.3570632758344739e-01	  -5.8848776809196451e-02	  -2.2177486445997233e-01	  -2.3354447583669077e-01	  -2.1466689300637548e-01	   4.7563238104958361e-01	   3.1710226713416689e-01	   1.0916162002246158e-01	   2.1106381227053713e-02	   6.4648206889114090e-01	   5.9593032396038947e-01	   6.9282812871019173e-02	  -2.3295244921881321e-02	  -6.3568541716141555e-02	  -1.4876729896805674e-01	  -7.5607270423830475e-02	  -2.5597367565703377e-01	   2.8927561695402337e-01	   3.2062025518780318e-01	   1.4525504204304390e-01	   2.1370506120763993e-01	   2.0702605553058254e-01	   2.8198680880993504e-01	   1.4339394305848741e-01	  -3.1273963908095871e-02	   3.1664100190158062e-01	   2.2408030121472602e-01	   3.2431184654390188e-01	   1.5359501532570773e-02	   3.1832157150771168e-01	   3.6833104210118367e-01	   2.8869549751572099e-01	   3.3383353645985986e-01	   2.9985849188148161e-01	   3.4408349136802396e-01	   2.3308601387607103e-01	   2.3786308239445805e-01	   3.0416418888113261e-01	   3.1752689147426416e-01	   4.2062790448995852e-01	   4.2156556943505080e-01	   3.6675754881416250e-01	   3.5671108825064862e-01	  -1.8221375537906473e-01	   6.9725452489044590e-02	   3.1676263406823552e-01	   3.7487852126050181e-01	   3.4226889775519459e-01	   2.5582784331705655e-01	   2.9224728960580374e-02	   6.1880640628831831e-03	   2.3283559695141801e-01	   2.8669251395121276e-01	   4.0141688328270814e-01	   4.0001701716876664e-01	   3.3677051318328946e-02	   1.1069693815987419e-01	   2.0353510824184323e-01	   1.3322232772321385e-01	   9.2853317975498367e-02	  -1.0818435114688687e-02	  -1.4876714211119607e-01	   8.8041749311894221e-02	   1.4878654974635869e-01	   1.3774469737291101e-01	  -2.1203608496419091e-01	  -7.7501094024128386e-02	  -4.1124894727609822e-02	  -1.2518236061496665e-01	   3.0851052006215990e-01	   1.0468420448125443e-01	   2.9598488855549271e-01	   2.8296732691854770e-01	   3.5094996916777244e-01	   1.5827530868934703e-01	   2.6418259039710168e-01	   3.1421097171782331e-01	   3.9095579131329367e-01	   3.0869711854426984e-01	   3.8310921317377933e-01	   3.9054719731722393e-01	  -2.1123356646146486e-02	  -1.7295957905592060e-01	   2.2475539668200178e-01	   1.3453318577764803e-01	   2.2389752747042119e-01	   2.6324642022762568e-01	   1.3788040870328472e-01	   1.0376335111313068e-01	   6.6350124768812246e-02	  -4.1670373928745730e-02	   2.9250649086835401e-01	   1.0816626996065803e-01	   2.1958084185044687e-02	   4.7992847611256731e-02	  -8.6771150789461335e-02	  -6.6784666644825784e-03	   2.9987751383817612e-01	   2.0044949248613333e-01	   2.6014867373228423e-01	  -2.7164091355798775e-03	   8.4179698764156916e-02	  -2.1043713645727791e-01	
   2.2147978855207159e-01	   2.6233519455189303e-01	   7.9793597290664742e-01	   0.0000000000000000e+00	  -7.9040742293924326e-02	  -8.6521596035005810e-02	   7.0870600302814768e-01	   6.8509283722458392e-01	  -1.0639344007245949e-01	  -1.3184190597958101e-01	  -6.6538419660924664e-02	  -8.8709717815687646e-03	   9.2623391381370282e-02	  -2.7830293621114133e-01	  -1.2444516465210692e-01	  -2.1780056689751834e-01	  -2.3552526051235770e-01	  -2.3898295793952051e-01	   5.3755844330926617e-01	   5.2219298966954275e-01	   1.4357650219590840e-01	   1.0385817559561020e-01	   4.5588419846222089e-01	   5.4240481723136458e-01	   8.7199017007159665e-03	  -2.3895363626065393e-02	  -4.8846581207505728e-02	  -1.0659916898210325e-01	  -2.6022540021379398e-01	  -3.3933821471871667e-01	   6.1390418101892850e-02	   1.7639335845619319e-01	   4.3587690126707962e-02	   1.6050013619849982e-01	   6.0378063296621896e-02	   1.5885935079846450e-01	   6.8628333794408081e-02	  -5.7447025325904032e-02	   3.5551797545675812e-01	   3.2949024971550211e-01	   2.1761854593739383e-01	  -5.3419946660954983e-03	   2.6514023151451327e-01	   2.8279859873122859e-01	   2.0029953447639753e-01	   2.8181565159470162e-01	   2.8856698936723363e-01	   2.9398611627087967e-01	   2.0074693600371546e-01	   2.5995733001635912e-01	   3.5243089785829196e-01	   4.0436556653406397e-01	   4.7974961890777895e-01	   4.5554291072129183e-01	   4.5696226388386929e-01	   3.9636079143341740e-01	   4.5361110705392983e-02	   3.4649007845709590e-01	   4.6073492117756731e-01	   5.4097223307155939e-01	   2.5474239856600200e-01	   2.6751326507293527e-01	  -1.1698407344859003e-02	   1.4933751583980593e-02	   9.3798095916640484e-02	   2.8588963700617209e-01	   3.8373767401495051e-01	   3.9772046257949056e-01	   2.6667791451290140e-01	   3.3500757959118527e-01	   1.3753436090538257e-01	   1.7386971332075160e-01	  -6.0689838523589772e-02	  -1.3323704543145695e-01	  -3.4753120081684025e-01	   8.7069346991766425e-02	   1.6472719718663820e-02	   1.0143039113933583e-01	  -2.1831925593315990e-01	  -1.4509265110936309e-01	  -7.1302710205080541e-02	  -1.6806923336373025e-01	   3.0288006557462110e-01	   6.0502389759222605e-02	   3.6843455164865102e-01	   4.3826691057302131e-01	   4.9181513335584182e-01	   2.9774103022613074e-01	   4.4820558581517628e-01	   5.1640064259747953e-01	   3.7904863761503449e-01	   2.4129773557620232e-01	   4.8741708067949441e-01	   3.3459317018317941e-01	  -1.0931854575900300e-01	  -2.2166535695865278e-01	   2.7503977835507754e-01	   1.7443164537744293e-01	   2.6436577080002810e-01	   1.4657891144541482e-01	   2.5732615273771775e-01	   1.1096455406326378e-01	   1.8078271501730514e-01	   2.3874536625763706e-02	   2.2759029368957551e-01	   3.4190087294989333e-02	   3.4901235734489083e-02	   1.5583325218771249e-01	  -3.8097744324754726e-02	  -9.2985629557006400e-02	   2.4468497592300786e-01	   2.2527894996831518e-01	   3.0727351943552800e-01	   3.9628025353484794e-02	   2.3651529809752807e-02	  -8.7977188712350690e-02	
   1.5937302808199473e-02	  -1.8033726275109581e-02	  -5.4239701115113809e-02	  -7.9040742293924326e-02	   0.0000000000000000e+00	   9.4319207633736446e-01	  -1.4677527954595795e-01	  -1.4457122636051395e-01	   8.9371692387285651e-01	   8.7056976767159866e-01	   1.0029481080498397e-01	  -1.3895939925178159e-02	   2.9394364964368841e-01	   4.2975709081947977e-01	   8.3215242771655684e-01	   8.1973188229458915e-01	   1.5802702141340644e-01	   2.3345086372498003e-01	   3.0713923580442330e-02	  -9.7610501710592712e-02	   7.8643460182637304e-01	   6.7573748770842523e-01	   1.0774385563352477e-01	   1.4416558200249588e-01	   7.3717284040607522e-01	   7.3679413468362887e-01	   8.9955864556126675e-01	   8.8678349135207690e-01	   2.5787953879642545e-02	   1.0557878697136938e-01	   4.1451946854667066e-01	   1.6488355650660835e-01	   2.5890527933513302e-01	   1.4792471602399637e-01	   1.0004954073027074e-01	   1.8082582563345170e-01	   5.5500131351499296e-02	   1.6496559893328611e-01	   2.1418202339650427e-01	   1.4965800595967371e-01	   2.5615700475177505e-01	   8.4204974517162273e-02	  -2.1407826799275828e-01	  -1.7691076524150795e-01	  -2.3289713394203382e-01	  -2.6747647498635535e-01	  -7.6853882496695974e-02	  -4.0051287769115221e-02	  -3.4501849855269207e-01	  -2.8940100427053783e-01	  -3.1256580203353762e-01	  -2.4348359570810901e-01	   3.9006918285739704e-02	   1.9007096260306246e-02	   1.1242719072112735e-01	   2.1498446355776191e-01	   1.3815592932932827e-01	   1.1804028193968520e-01	  -3.0354735739833832e-01	  -2.6189001013194446e-01	   9.9121880985946598e-02	   1.5236795477983489e-01	   2.5829374205306155e-01	  -9.7310798796875611e-02	  -2.2069903565731592e-02	   1.2445461590471790e-01	  -4.2600164174048175e-02	  -1.0229990560108040e-01	   4.7444403195816366e-02	   7.5181268266083623e-02	   4.6171914428174687e-01	   4.8594200180861924e-01	   3.6087581503804245e-01	   2.0044055082865611e-01	   3.8863078574181953e-01	   2.7208627582486106e-01	   1.4906394562711114e-01	   9.4298046661096119e-02	   2.9617854374971070e-01	   2.4122576420885450e-01	   1.5928644093973404e-01	   3.3569417719681871e-01	   1.8123472514445421e-01	  -7.0210616861044794e-02	   2.7480032554561273e-01	   2.4927444631356194e-01	   2.8445614934544994e-01	   2.8182453878769986e-01	   3.2615629292133214e-01	   3.1136295374781109e-01	   4.6426243767427910e-01	   2.5636056323931405e-01	   2.3123570220744513e-01	   4.5436205018479163e-02	   3.2383099240439882e-02	  -2.0411025538136146e-01	   8.4599626683139084e-02	   1.2282949716082738e-01	   1.6578742679233760e-01	   4.3326865989755992e-01	  -1.6388877500602261e-01	  -9.4666097621923198e-02	  -8.8247094014662908e-02	  -7.3474847312437804e-03	   3.2582972027654622e-01	   2.1109562677864967e-02	  -8.2819058466128165e-02	  -2.4765989533435684e-01	  -9.5018760814711500e-02	   9.7815752335023293e-02	   2.8269947883764507e-01	   1.6739104608561750e-01	   1.7770136449020446e-01	   2.2362757687612161e-01	   2.3435543914646390e-01	  -1.1263918279371350e-01	
   9.9177910459629467e-02	   2.5760343261699081e-02	  -1.2378281485947715e-01	  -8.6521596035005810e-02	   9.4319207633736446e-01	   0.0000000000000000e+00	  -1.9575397469378025e-01	  -1.4393258987530433e-01	   8.9243679402789189e-01	   9.3183164525063478e-01	   7.7178625794381006e-02	   1.6097453051218166e-02	   2.2392473167649271e-01	   4.2467565591806244e-01	   8.4083357116330926e-01	   8.8185186600685128e-01	   1.5426435342538994e-01	   2.4559294584813349e-01	   6.6759850089568390e-02	  -2.0453394806576077e-02	   7.9086964263962578e-01	   7.0354291219630660e-01	   5.3408004300875063e-02	   1.0659780705901142e-01	   6.8833904489714759e-01	   7.3387720589899819e-01	   8.9948272279986885e-01	   8.9897819678822355e-01	  -4.4097981635275327e-02	   9.3979735317851962e-02	   2.8720561893492785e-01	   4.3265145763662853e-02	   2.1023321045827725e-01	   9.7316754680445122e-02	   6.3970790346682543e-02	   1.4825140776320744e-01	   2.2196279284970862e-02	   1.6282463512816489e-01	   2.3539366706027631e-01	   2.2343613524780420e-01	   2.5651336928881219e-01	   8.6082027795253230e-02	  -1.9074131277595885e-01	  -1.3604927852391602e-01	  -2.4890537187983180e-01	  -2.3845688535796061e-01	  -2.6059828155735192e-02	   1.1473330086663978e-02	  -3.1174588643036244e-01	  -2.4536112262593099e-01	  -2.6454298268556320e-01	  -1.7628041102500241e-01	   5.6154853234768778e-02	   1.1229244532830987e-02	   1.5957956205304030e-01	   2.6021417885654241e-01	   1.8185346100439215e-01	   1.3044011150965523e-01	  -2.6741186886754498e-01	  -2.4292435842043170e-01	   3.2884575702562653e-02	   5.1548436811207868e-02	   1.7511603638016160e-01	  -7.4635655995064248e-02	  -5.5018717582223937e-02	   9.9275313836182419e-02	  -5.6261633203093631e-02	  -9.5412678130299397e-02	   1.2127944229138496e-01	   1.5353703238645547e-01	   3.9112148293601801e-01	   4.0109406189953678e-01	   2.5079832108645783e-01	   2.7953701962332878e-01	   3.2912793897011389e-01	   1.3572217421595817e-01	   1.1334250348139531e-01	   1.1346331700728345e-01	   3.1639303812842012e-01	   3.0184546958513470e-01	   1.7211054244645643e-01	   4.0505205515887194e-01	   2.1754984680965372e-01	   3.2818201056382362e-02	   3.0202926815579195e-01	   3.4319868073183762e-01	   2.9507650813980035e-01	   3.3678593100326465e-01	   3.6664385908210806e-01	   3.4205235515068633e-01	   4.4591619329129240e-01	   1.6645465349559191e-01	   2.3741852978374586e-01	  -2.0497847107293174e-02	   4.7234390543065378e-02	  -1.2986911810971927e-01	   1.3531158533441953e-01	   2.0521358434168935e-01	   1.9493754274827271e-01	   4.1653466895881958e-01	  -2.2211904024167486e-01	  -1.4197644768873549e-01	  -1.7390820122966133e-01	  -5.9749075615139799e-02	   2.9404272470603821e-01	  -9.3642955365904690e-04	  -7.1252586889378439e-02	  -2.3426868709886650e-01	  -9.0230500435279276e-02	   8.8716733512158724e-02	   2.6791118571256517e-01	   2.0780875388511461e-01	   1.6887419484573374e-01	   2.2477579243868540e-01	   2.4572605048509150e-01	  -4.8773566957394862e-02	
  -1.4018417089722785e-03	  -6.0976732405748371e-02	   8.5711483013808953e-01	   7.0870600302814768e-01	  -1.4677527954595795e-01	  -1.9575397469378025e-01	   0.0000000000000000e+00	   6.7750998517317940e-01	  -2.4744978456080072e-01	  -3.1286675293126714e-01	   1.5878936157980611e-01	   3.8569811936192064e-02	   3.4108705450492716e-01	  -1.7199136948274857e-01	  -1.8272960878190192e-01	  -2.9485114449478300e-01	  -2.9944222979833746e-01	  -3.5283293097198987e-01	   2.6659296708579139e-01	   1.2522519823185532e-01	   1.1526524331938490e-02	  -6.1415924017032386e-02	   5.9197728526367754e-01	   5.5078872236006493e-01	  -6.3521740328319320e-03	  -1.1295546737254486e-01	  -1.1902838654888662e-01	  -2.0159402801987403e-01	  -1.4143441088945730e-01	  -3.8639146601322749e-01	   1.4599921518177006e-01	   2.3509342653577861e-01	   1.0471237907666858e-01	   2.0444593341957884e-01	   2.3278925448200538e-01	   2.8281612368436193e-01	   3.3676409530983442e-02	  -7.1241609146746931e-02	   2.7273922410430451e-01	   2.4228221743511080e-01	   1.5072113277432761e-01	   6.3466598914675626e-02	   2.3988168339619015e-01	   2.7878559389277352e-01	   2.4683343637217436e-01	   3.3460145071831138e-01	   2.6564469265682394e-01	   3.2596378832906114e-01	   2.1559830667547741e-01	   2.4844953670683728e-01	   2.7089997972717655e-01	   2.5207707840716487e-01	   3.4660364256537823e-01	   3.4636275299084962e-01	   3.4657313959384173e-01	   3.5689701942433394e-01	  -1.7313721160882628e-01	   8.9047795011376135e-02	   4.1467751720531204e-01	   4.3795828902751194e-01	   5.4929516250000165e-01	   3.4830614249450054e-01	   5.0549825871832599e-02	   5.7979384526782793e-02	   3.2835475213180265e-01	   3.3943081624947558e-01	   4.6259580792212862e-01	   4.6543001087386859e-01	  -1.4036217040860091e-01	  -4.1293475281732231e-02	   1.0873202494724266e-01	  -1.8685096617265036e-02	   5.3028895269123223e-02	  -6.2253203857655232e-02	  -7.7039656590218053e-02	   1.1434409737165555e-01	   1.7090475050999532e-01	   1.4450209363094182e-01	  -3.7540989000233127e-01	  -2.9768728330528732e-01	  -1.6139939935799857e-01	  -2.2914409357110674e-01	   2.4927162409594700e-01	   1.4174452826227421e-01	   1.7322570926009467e-01	   2.1787185355001698e-01	   3.2064819027250036e-01	   2.4214803467420717e-01	   3.1144917120396504e-01	   3.5414212272130485e-01	   2.7892202633273211e-01	   2.2097317437130060e-01	   4.7496108779291757e-01	   3.8991244583484069e-01	  -1.5107282715659603e-01	  -2.1073665480471376e-01	   1.5051728706893236e-01	   1.1801518552905869e-02	   1.7396844280535495e-01	   1.8820569023835165e-01	   2.6799962107726266e-01	   2.2654724014603062e-01	   1.6240637811865541e-01	   6.7921626606219865e-02	   2.8575782495215979e-01	   9.3501593371072583e-02	   1.1138273834091536e-01	   1.8685385192512080e-01	  -1.0878733870774501e-01	  -7.4603256383520750e-02	   1.9147105104197801e-01	   6.4748791766636310e-02	   1.5534968418460129e-01	  -8.7748781793993119e-02	   1.1913314632679355e-02	  -2.0770472264084383e-01	
   2.5208555399411647e-01	   1.4035044236737332e-01	   5.8893916284334669e-01	   6.8509283722458392e-01	  -1.4457122636051395e-01	  -1.4393258987530433e-01	   6.7750998517317940e-01	   0.0000000000000000e+00	  -2.2470236228016821e-01	  -2.7698620796478873e-01	   4.2826307762441312e-01	   5.4706517904022922e-01	   3.4536543227248684e-01	  -7.2023000543143076e-02	  -2.5783342962957767e-01	  -2.9863773036375396e-01	  -5.2494421279482104e-02	  -2.6489921853421139e-01	   3.7840742780377129e-01	   3.3862623828368288e-01	  -1.2578669967005515e-01	  -1.3068134192968092e-01	   1.7282579971184736e-01	   2.8170112562703659e-01	  -1.5740631532435659e-01	  -2.4244721429551780e-01	  -1.9180277234612769e-01	  -2.6400116566703169e-01	  -5.6903333928452371e-02	  -1.6314328019055982e-01	  -6.3331114067896419e-02	   8.4907981196116949e-02	   6.6757345720262571e-03	   1.4999170401728318e-01	  -1.5460594191525210e-02	   8.9075051483201023e-02	  -1.4865201177664406e-01	  -1.5215806927192710e-01	   1.7409853319822025e-01	   2.3774309431182955e-01	   5.8420768816432975e-02	   5.0482863680778145e-02	   2.8698106014843411e-01	   3.3529625122143347e-01	   3.3230655025177114e-01	   4.1440952131190006e-01	   3.8256153553364813e-01	   4.0235822836475882e-01	   4.6346855601110060e-01	   5.0489895476630231e-01	   5.3733805489838926e-01	   5.2870159248548587e-01	   4.8149056375188448e-01	   5.5993888242522116e-01	   5.3342149875462475e-01	   5.5988960662111131e-01	   2.7677578540431541e-02	   2.3808799793217134e-01	   6.6347573231132861e-01	   6.6891267460483528e-01	   3.6927834649977354e-01	   2.8029995342608954e-01	   1.4856434340146177e-01	   3.0904934089318037e-01	  -5.4202785193632551e-02	   7.3934871870833641e-02	   4.6501978127043730e-01	   4.8751991507949793e-01	  -8.1672754000330583e-02	  -4.9475252572553668e-02	   1.2966245643904437e-01	   9.9901723486961538e-02	   6.2795786570555540e-02	   9.4534729878020612e-02	   1.4670572708180946e-02	   2.9050534017422869e-01	   9.9990822131252544e-02	   1.8181728086117294e-01	  -3.2809777673535268e-01	  -3.2143115903398145e-01	   2.5680663083279234e-02	  -2.6391599870678811e-01	   3.7489376001326230e-01	   2.7977189836687172e-01	   8.8619745542038358e-02	   2.8249556674735909e-01	   3.3378646261886069e-01	   3.1171636116854712e-01	   3.2212736647863860e-01	   4.4753542358716830e-01	   2.9918671435408839e-01	  -3.9852059368437762e-02	   3.7676261531054739e-01	   1.4602496119912603e-01	  -3.3772670373307839e-01	  -2.9350860504106524e-01	   7.7371752122099943e-02	  -4.8134434061287267e-03	   4.0386041143774154e-01	   2.9059035911749609e-01	   4.7923871242719063e-01	   2.1780033505094487e-01	   2.2471214030040570e-01	   1.4055194790680356e-01	   2.7735652262972887e-01	  -9.3518176524446835e-03	   4.9755988349796484e-02	   2.3285810725519296e-01	  -1.6338991270444730e-01	  -2.7117983195748546e-01	   1.7877335526724175e-01	   2.3372647347802117e-01	   2.0440108125535608e-01	  -1.5801382704823708e-01	  -1.1872237413136430e-01	  -2.5063155782080437e-01	
   5.6637085547470212e-02	   8.0101263878756435e-02	  -1.2893133492280451e-01	  -1.0639344007245949e-01	   8.9371692387285651e-01	   8.9243679402789189e-01	  -2.4744978456080072e-01	  -2.2470236228016821e-01	   0.0000000000000000e+00	   8.9939778397535863e-01	  -1.5104268725144514e-02	  -1.4228750589621986e-01	   2.0074018037214969e-01	   3.5415444624029446e-01	   8.2622904839742151e-01	   7.5953648311148736e-01	   1.9912366455322825e-01	   2.7666143657290987e-01	   1.2617026783305419e-02	   1.5264101720407980e-02	   6.9382576257471928e-01	   6.1997350739773716e-01	   5.9725277502796326e-02	   1.3179524672471096e-01	   6.8529226030040324e-01	   7.0502593813818848e-01	   8.0172652152107582e-01	   8.0074956628302640e-01	  -5.8266034887374321e-02	   5.1542882213280919e-02	   2.9208378293349335e-01	   4.0221070050745517e-02	   2.5572309218815303e-01	   1.5254726647406031e-01	   1.1705707150010834e-01	   1.2573880157519834e-01	   9.1370962482212909e-02	   1.5673105317186745e-01	   2.6592518643027363e-01	   2.1542941779462488e-01	   2.5570255741353060e-01	   6.8091289762305593e-02	  -1.6284407094337286e-01	  -1.5112377235522520e-01	  -1.8920673261820967e-01	  -2.4453139707315175e-01	  -5.9678064858621475e-02	  -4.2081111078758462e-02	  -3.8196911626289692e-01	  -3.8911916883565362e-01	  -3.2911976144881655e-01	  -3.5316093879350613e-01	  -5.7896721400291583e-02	  -8.6101009063493411e-02	   7.0229562293247685e-02	   1.2636715531403561e-01	   2.0117563505327044e-01	   1.1258089707320675e-01	  -4.3925658183961480e-01	  -3.9539573145873241e-01	   4.1992541036523556e-02	   5.1673661460589222e-02	   1.7428328308520108e-01	  -1.1833705216576371e-01	   5.3289154936279635e-02	   1.4598015796519725e-01	  -9.2687335423009637e-02	  -1.5700516266097075e-01	   2.1652208689562885e-01	   2.4902097513596999e-01	   3.5053545112002960e-01	   3.8005855280089784e-01	   2.1416677926859892e-01	   1.9547097125730090e-01	   2.0540743208858903e-01	   1.8887968897314283e-01	   3.9843601049123475e-02	   2.0994804116370988e-02	   3.4593095770830795e-01	   2.8415061950794557e-01	   2.0418073127231207e-01	   3.7954570822738598e-01	   1.8217995841916648e-01	  -4.8910544377986850e-02	   3.6076418663857557e-01	   3.2488294711841936e-01	   3.2404172651275898e-01	   3.1854506641146146e-01	   2.9585202078422840e-01	   2.8254691236448237e-01	   3.0688241659447679e-01	   2.2342986758503042e-01	   1.7345861000303489e-01	   1.0863935173958005e-01	   1.2926327416939543e-01	  -1.5477398588189800e-01	   1.4105502745918197e-01	   2.4613001704807297e-01	   6.4069164050117922e-02	   2.5319851181000175e-01	  -2.8507449845407007e-01	  -1.3776485318998691e-01	  -1.7883375467728108e-01	  -6.9881026454945441e-02	   1.6975403914595000e-01	  -4.0048463263804235e-02	  -1.5367679582688931e-01	  -2.9275046521094350e-01	  -1.9246965629447686e-02	   2.0129461081367853e-01	   2.7943090859059450e-01	   1.3721932635895823e-01	   5.7124708943501246e-02	   1.7126212553404091e-01	   1.8408438413841419e-01	  -3.7090590551896549e-02	
   5.7479592659126270e-02	   4.3832921205568670e-02	  -1.9507998623474856e-01	  -1.3184190597958101e-01	   8.7056976767159866e-01	   9.3183164525063478e-01	  -3.1286675293126714e-01	  -2.7698620796478873e-01	   8.9939778397535863e-01	   0.0000000000000000e+00	  -1.4508133062390260e-01	  -1.7745613652906597e-01	  -2.9496805930822015e-03	   2.9591035301939095e-01	   8.2747754277219765e-01	   8.5494264412527921e-01	   1.1358655886778704e-01	   3.1740580271308499e-01	   4.5398385731012916e-02	  -1.9535906497878799e-04	   7.4680404744384266e-01	   6.8619204876987649e-01	   1.1662192919397758e-02	   8.4684625177860379e-02	   6.3205600005241358e-01	   7.2115961208450130e-01	   8.2299238262330732e-01	   8.4134073099175610e-01	  -1.0602796545557881e-01	   1.2552086055728010e-01	   2.3087855679292044e-01	  -1.8300682816993898e-02	   1.2191101866371951e-01	   1.1245097145987232e-02	   4.3708925689474744e-02	   9.0062293600889048e-02	   3.1721742320873776e-02	   1.2053574051701961e-01	   2.3663706162959092e-01	   1.9152962220451411e-01	   2.1583981391483664e-01	  -2.5704790521125266e-02	  -2.4469209748273185e-01	  -2.1373500883860014e-01	  -3.1162007152831023e-01	  -3.3353368235429787e-01	  -1.1436113672684337e-01	  -1.0102852646413127e-01	  -4.1429688540742382e-01	  -3.5252682187075279e-01	  -3.7324371696485259e-01	  -2.7695162689320557e-01	  -2.2406111864916034e-02	  -6.9061860422846524e-02	   4.2011782113356967e-02	   1.3024828492223045e-01	   1.4709485848931181e-01	   4.1932300639244968e-02	  -4.5166900156581846e-01	  -4.0332740536815870e-01	  -1.4136623058864506e-01	  -5.0617996884372879e-02	  -9.5156958749380814e-03	  -1.8037926471937124e-01	  -4.5258283573123496e-02	   1.2020747166187089e-01	  -2.0261337567218204e-01	  -2.3367384034554461e-01	   2.1757141973341870e-01	   2.2692578060196453e-01	   3.1154480185613487e-01	   3.5908714020809696e-01	   1.7857601746989027e-01	   2.6342882032639220e-01	   2.5398142253720296e-01	   6.7300957492707605e-02	  -7.1242488422486195e-03	   1.3736876484749428e-02	   3.1918770829504545e-01	   3.6056004512103212e-01	   1.6143589525498458e-01	   4.4287381273230736e-01	   1.3074802354801379e-01	   3.0737444527834189e-02	   2.9590924490928294e-01	   2.6253798792262795e-01	   2.5750501291991823e-01	   2.9158001310196768e-01	   2.9303312615403021e-01	   2.4071958283949593e-01	   3.8659334834225390e-01	   2.5485233668851676e-01	   2.0043085563772153e-01	  -1.3784099350248699e-02	   1.3919663886813416e-01	  -9.9710326615541744e-02	   1.3489944817933539e-01	   2.7312645066654284e-01	   8.3526861615703579e-02	   3.3555601152126918e-01	  -3.2762365080768763e-01	  -1.7971090104949827e-01	  -2.0160419253763004e-01	  -7.1417481084492737e-02	   2.7506758587320523e-01	   4.8121594632443573e-02	  -6.4498704621125100e-02	  -2.4190099406675375e-01	   5.8786554533771948e-02	   1.4749753600504001e-01	   2.1374822660895554e-01	   2.1012071563700663e-01	   1.5348464392990524e-01	   2.0450465022049374e-01	   2.9334355007144469e-01	   6.4663077004815300e-02	
   2.6786289273935948e-01	   1.3102429695002180e-01	  -2.1169641158295241e-02	  -6.6538419660924664e-02	   1.0029481080498397e-01	   7.7178625794381006e-02	   1.5878936157980611e-01	   4.2826307762441312e-01	  -1.5104268725144514e-02	  -1.4508133062390260e-01	   0.0000000000000000e+00	   7.4221323669305594e-01	   6.6012844236251078e-01	   4.3315246977358313e-01	  -2.2610135583191353e-02	   7.3248800868634445e-02	   3.9758145350119467e-01	   2.8080641327870050e-02	   1.8168921621002476e-02	   4.2610675142079488e-02	  -9.1394375574832903e-02	  -2.8920178548277553e-02	  -2.0400962432380221e-01	  -2.7333174620068423e-01	  -9.6727564990268966e-02	  -1.9045739507646650e-01	   5.0488305436656375e-02	   3.0282186610370947e-02	   4.0634632705365559e-01	   2.3304164773327235e-01	  -9.2279555186789222e-02	  -9.1501225650574849e-02	   1.9279774623336285e-01	   2.6215751512227159e-01	  -8.4253013526722459e-02	  -7.0175436096977786e-03	  -2.2196178175440856e-01	  -6.8451145522109583e-02	  -1.8455104608855466e-01	  -5.6942981831980766e-02	  -8.7504108420033325e-02	   2.5900547989836020e-01	   1.8510344001906338e-02	   6.7078197034688522e-02	   1.4019735302356384e-01	   2.0168088559203934e-01	   6.6250914901302915e-02	   1.4197697504247070e-01	   1.9361734307260101e-01	   1.2705270929272655e-01	   1.3590082908180967e-01	   2.1564365033735135e-02	  -5.8905022311278171e-02	  -1.5764965444949118e-02	   1.7719336740643998e-01	   2.3508183277035333e-01	   2.5367731929675075e-01	   2.1296387928940555e-01	   3.5737203356704139e-01	   2.1323191603543609e-01	   3.8442042934515025e-01	   2.1535597664889289e-01	   6.0307010699231522e-01	   5.3196761763586875e-01	  -2.1576711865845088e-01	  -2.8694662076082511e-01	   2.3377915900128260e-01	   2.0586874513599288e-01	  -2.9321524712760494e-01	  -2.8312292521064525e-01	   1.5476829751847693e-01	  -3.6412135955695479e-02	   3.2391914391445292e-01	   1.5512516414378891e-01	   3.9630714121722604e-01	   3.1706463438486865e-01	   8.5901812447016543e-02	   1.3835776191006266e-01	   1.2401398090570881e-01	  -1.0651539626573257e-01	   1.6276176262392716e-01	  -1.1538329686689597e-01	   1.0005651618497963e-01	   2.2373097892335676e-02	  -2.0302707694759203e-01	   4.2983894472820080e-03	   5.2712981787278682e-03	   2.6755610250602690e-02	   1.1024223563093602e-01	   1.6278425436950433e-01	  -1.3369426626166147e-02	  -1.6485519289044942e-01	   5.0618481445788626e-03	   3.1693135280318849e-02	  -1.8136107928919915e-01	  -5.3443644128095186e-02	   3.8042846084947249e-02	  -5.5081838621176916e-02	   3.0650399532417233e-01	   2.5655139152028805e-01	   3.5823700156198818e-01	   3.1052183352130946e-01	   2.1494669738215938e-01	   2.6680139911887346e-01	   7.9022495282097094e-02	  -3.8710113959135498e-02	  -4.7916219136817158e-02	   1.1476239976974659e-01	  -1.9053328408687392e-01	  -2.3500909696335292e-02	   4.7520623023440997e-02	   8.9734139635371912e-02	   3.1164692630117744e-03	  -7.7650465723310608e-02	  -1.5186166968956327e-01	  -1.9155282179669431e-01	
   2.5407678649917614e-01	   8.6431941690663774e-02	  -6.3158194408022991e-02	  -8.8709717815687646e-03	  -1.3895939925178159e-02	   1.6097453051218166e-02	   3.8569811936192064e-02	   5.4706517904022922e-01	  -1.4228750589621986e-01	  -1.7745613652906597e-01	   7.4221323669305594e-01	   0.0000000000000000e+00	   4.3940108860224958e-01	   4.3191658439965142e-01	  -1.4413533082395910e-01	   1.5640670537012138e-02	   3.0191717641258686e-01	   3.8219056254741369e-03	   1.6645609398949149e-01	   1.3390325526497063e-01	  -1.7167846692277078e-01	  -1.4864247531033395e-01	  -3.4506055892721527e-01	  -2.8685504236054304e-01	  -1.5496661811093809e-01	  -1.8384766539104885e-01	  -8.1827615557606134e-02	  -1.1225318778390019e-01	   3.7022648075682707e-01	   3.6634221731033578e-01	  -5.3874954347758401e-02	  -3.0967676095240142e-02	   9.0693348019524611e-02	   1.4324648804034065e-01	  -1.2069151462606154e-01	   1.9854790507309664e-02	  -1.7335705411114816e-01	   1.2343993184053335e-03	  -2.1306189799103076e-01	  -2.4099788623500595e-02	  -2.2989731534417933e-02	   2.5239869890984157e-01	   2.3617845725654399e-01	   3.0085641703768673e-01	   3.0701003461914095e-01	   3.6235199914062333e-01	   3.3764673252326055e-01	   3.5543679521679528e-01	   5.0062121134526139e-01	   5.1382832208221274e-01	   4.8018626331954889e-01	   4.4430501759805574e-01	   3.0334353482915577e-01	   3.5021952162371611e-01	   3.7180427738123567e-01	   4.4049742192299080e-01	   1.2698916486310818e-01	   1.2194597726815234e-01	   4.8112291345265201e-01	   4.3647130922189409e-01	   6.5406602806628272e-02	   1.0320550541798949e-01	   4.1977670802113776e-01	   5.5354152387228983e-01	  -3.6915083325023546e-01	  -3.0094015211883207e-01	   2.6092937115815240e-01	   2.9501686058701465e-01	  -3.1115317330108039e-01	  -3.2522102267931857e-01	   2.0710006557577612e-01	   1.3481322882466548e-01	   3.6981650967846974e-01	   3.5126860174194696e-01	   4.2875405881841316e-01	   4.3918058110427083e-01	   2.1589158336477093e-01	   2.8422160326845208e-01	   1.3417323041133144e-02	  -1.4764467159129180e-01	   2.0800266548312538e-01	  -9.2229889323201975e-02	   1.8913510142786821e-01	   1.8120246730791587e-01	  -3.2026378305642328e-01	   4.1175174293695785e-02	  -1.0612059453120261e-01	  -2.1842361482216351e-02	   6.5357738526722192e-03	   1.0560009641845364e-01	   2.0613852088993972e-01	  -3.3368905160869455e-01	  -3.0440482130360644e-02	  -2.8825119440558450e-01	  -2.9891960594787692e-01	  -1.3959063237510441e-01	   6.4549333067735373e-02	  -5.4374059404770109e-02	   5.1569564246065325e-01	   3.7836276253548579e-01	   4.1097034055301440e-01	   8.5316693064985127e-02	   1.2386885213112542e-01	   1.1758844738105786e-01	   1.2654666528828570e-01	  -1.2400334664534074e-01	  -4.9611695246456852e-02	   5.8346573567572953e-02	  -2.1388964428870230e-01	  -2.1581598146378661e-01	   1.6035038932926016e-01	   3.3523507875416003e-01	   1.0139442004708740e-01	  -1.2051452685624919e-01	  -2.3795435081851346e-01	  -2.9543423003663472e-01	
   2.9159421805118788e-03	  -4.6487719054375048e-03	   2.1537824232761066e-01	   9.2623391381370282e-02	   2.9394364964368841e-01	   2.2392473167649271e-01	   3.4108705450492716e-01	   3.4536543227248684e-01	   2.0074018037214969e-01	  -2.9496805930822015e-03	   6.6012844236251078e-01	   4.3940108860224958e-01	   0.0000000000000000e+00	   6.6524163117512258e-01	   3.4167878444097255e-01	   1.8537820778456290e-01	   2.4663820153154631e-01	   1.6036728845213392e-02	   4.1268907021752933e-02	  -1.1381625171045109e-01	   5.9566059723969236e-02	  -1.9582320723332915e-02	   3.7763695735084046e-01	   2.8666216089604618e-01	   4.0619153182344880e-01	   2.4800600100035775e-01	   2.4711147264960012e-01	   1.9434181778135365e-01	   3.4670482126416202e-01	  -4.2310939001873035e-02	   2.7569065381245567e-01	   2.8585370528325149e-01	   4.3205523423974629e-01	   4.3657278277210593e-01	   3.3912610978477009e-01	   3.5216001978414169e-01	  -5.3820314196108082e-02	   5.5741798639948888e-02	   7.1297008220720735e-04	  -1.9033784579281600e-02	   1.6350577199123262e-01	   2.6070843989370229e-01	   1.5847920547400033e-02	   5.1217621790456996e-02	   1.5971387728947833e-01	   1.2520626041486096e-01	   5.2377293471672068e-02	   1.0547610265181236e-01	   3.4873407781588039e-02	   5.8086862807236088e-03	   3.8661274725987960e-02	  -3.5068528823135506e-02	  -2.9814252632987367e-02	  -2.4759832204913944e-03	   1.3762906546176426e-01	   1.9467501719589925e-01	   4.5730300371513086e-02	   7.4594764831807617e-02	   1.1371526621513825e-01	   5.0727525911630961e-02	   5.5604562772326172e-01	   3.5893884191358666e-01	   5.9531007982173678e-01	   2.8035223311356883e-01	   3.2687768166690190e-01	   2.7477988511494239e-01	   4.1834580967977081e-01	   4.1379516600482907e-01	  -2.6222535223450399e-01	  -2.2379614912132029e-01	   3.4110350770636810e-01	   7.6535222416287782e-02	   3.8048686404917353e-01	   2.7949029817498217e-01	   3.6908027743101279e-01	   4.5305743736463350e-01	   2.0570802301862151e-01	   2.8691373155908861e-01	   1.3330321671318601e-01	  -2.9284585951128615e-02	   1.4583554660762379e-01	   8.6897413892554065e-02	   1.1071295980416540e-01	  -8.5055430244048991e-02	   1.0455078417337013e-01	   2.1500025186444133e-01	   1.4920733547971915e-01	   1.0839795550325006e-01	   1.1881044664445145e-01	   1.4115374710632150e-01	   1.3041632242964629e-01	   3.2451927160798560e-02	   1.5673684344012750e-01	   1.7610689004790900e-01	   1.9466260791906626e-02	  -1.2750239009177505e-01	   6.7542409551741345e-02	  -5.3009326441229007e-02	   1.8400390433894365e-01	   2.4548511944346518e-01	   2.2023289045801617e-01	   2.0054023729798287e-01	   1.0744405375394481e-01	   1.5259270558526541e-01	   1.0651767594277388e-01	  -1.5873427847964838e-01	  -2.2739362698118865e-01	  -1.5892461085946949e-01	  -1.0938348835262862e-01	   7.7688302593818356e-02	   2.6339147840115201e-01	   6.2648015200631429e-02	   4.1743075918151101e-02	  -4.7792850474718826e-03	  -1.0326897117048638e-01	  -3.7263111875126287e-01	
