   0.0000000000000000e+00	   6.5889617373540643e-01	   5.3308288088330280e-01	   4.1790727360471447e-01	   3.9069977231036690e-01	   2.1796031834294549e-01	   6.0828788812369550e-01	   3.3894368793893953e-01	   3.6778295445551457e-01	   3.0473962184662540e-01	   3.9852634001159815e-01	   9.5798380360284818e-02	   1.3879528629316323e-01	  -1.0545062522071044e-01	   5.2611678393757988e-01	   2.7832745351951826e-01	   1.1818301796578826e-01	  -8.2841069817016499e-02	   7.5898208182137417e-01	   4.4334179927513234e-01	   1.2142892053516458e-01	   7.7441808092162143e-04	   2.3462561632403012e-01	   1.2020318102657533e-01	   5.3806172905186737e-02	   2.7668232113557019e-02	   3.2025912205852930e-01	   3.7478243553244261e-01	   2.4611311894304486e-01	   1.0598733505421381e-03	   8.3830360663111170e-02	   2.6308363144185561e-02	   3.2727019224699250e-01	   1.8390681367897979e-01	  -1.2302382056827606e-02	   4.2926951945839217e-02	   1.5550167770961875e-03	   8.7994495393632220e-04	   2.1522264308958056e-01	   2.4381142015722779e-01	   3.2804766590334072e-01	   1.5696920878945841e-01	   3.2049650850898626e-01	   2.6398793762276601e-01	   1.9571276663581866e-01	   2.6152103827012568e-01	   4.2998704599992776e-01	   4.5512107187230916e-01	   2.5923049924409147e-01	   1.7883700379369311e-01	   1.7504089610678997e-01	   2.3156765222143533e-01	   3.9216854692056657e-01	   1.8927335827556949e-01	   4.7659229893805938e-01	   5.1165870308412065e-01	   7.4778868723050085e-01	   6.3012309864688532e-01	   7.1440085862524683e-01	   6.8335909997310817e-01	   5.9152990553134333e-01	   4.3753354494556956e-01	   1.9848170906158083e-01	  -1.5907886600629965e-02	   2.3616753245393721e-01	   6.2057890641517705e-02	   4.3815639700197773e-01	   4.3814782140978670e-01	   6.4466195866503873e-01	   3.8657177591463765e-01	   3.5654962844153132e-01	   1.4429239488882062e-01	   3.3797523555362641e-01	   4.2290630184300022e-02	   4.0606504523775355e-01	   1.2330550388838037e-01	   4.5905423304477200e-01	   3.5424003086821682e-01	   1.9892295502461393e-01	   1.3892127899015969e-01	   1.7821335659701676e-01	   1.0400786250563600e-01	   4.7682405546674850e-01	   2.7098616829853123e-01	   4.7291559625792512e-01	   2.5526694003324779e-01	   3.8401905707424144e-01	   3.5528724990131688e-01	   5.6736279744279838e-01	   6.0754741990596484e-01	   4.5866897487912917e-01	   4.3993515068166678e-01	   2.9501765056144824e-01	   3.5813274830162944e-01	   3.4566347223702759e-01	   3.7596118368552478e-01	   3.6111805056043383e-01	   5.1850253263463963e-01	   4.2435345424838855e-01	   5.9863524751530006e-01	   4.0458406327615315e-01	   4.4529093323216107e-01	   2.9338440529159371e-01	   3.2380986080210888e-01	   1.8091258688848211e-01	   1.2600989855381767e-01	   4.1053193015357969e-01	   3.5204752598792155e-01	   1.1545597182652784e-01	   2.3808577735743192e-01	   1.7183538968332954e-01	   4.4021096940484983e-01	   3.6377658571660254e-01	   3.9786315516924864e-01	   3.4338313101005152e-01	   2.4098379606301804e-01	
   6.5889617373540643e-01	   0.0000000000000000e+00	   4.3220822230108646e-01	   4.5951200254002333e-01	   2.4652757422700028e-01	   1.3196724676818794e-01	   4.4766540415370393e-01	   3.0362704276327668e-01	   1.3198855503315049e-01	   1.2500664760974478e-01	   2.9274259400654096e-01	   2.8047437680211745e-01	   1.5482843901675492e-01	   1.7617785928690788e-01	   3.6119167990655554e-01	   3.8297276695053145e-01	   2.9355127328494202e-01	   2.6518736708527646e-01	   5.6723842952022729e-01	   6.5917957573453967e-01	   4.8848957239444435e-02	   2.2795261528193698e-02	   2.6688128299499358e-01	   2.4811001128797172e-01	   1.6335216319391130e-01	   1.1109924198418880e-01	   3.4322824734794977e-01	   4.1081705726750217e-01	   1.6935557999885495e-01	   2.0712978524296766e-01	   4.0029260202612542e-02	   4.0196366101243497e-02	   4.8372765814494073e-01	   3.6320046001777295e-01	   1.1054691895668245e-01	   1.7004680779399381e-01	   9.5543856978100430e-02	   4.5038282757986312e-02	   2.4370463121978789e-01	   2.4819379528220453e-01	   5.0451035074768869e-01	   3.7112229497457616e-01	   2.5830595933171141e-01	   2.6907450678581468e-01	   2.8688509561207060e-01	   3.2377789199987217e-01	   3.7281593607453201e-01	   5.0588577446156757e-01	   2.7275256398886710e-01	   2.4381194444553575e-01	   2.5446021236903127e-01	   2.9071314021535349e-01	   4.2110110681791812e-01	   3.3998309456976150e-01	   4.1372544414647056e-01	   4.4813756553911333e-01	   4.6172036350449752e-01	   5.8788058292837198e-01	   4.1102248185220702e-01	   5.6268663039935851e-01	   4.2367672337981344e-01	   5.3916930490280213e-01	   6.9592092600937655e-02	   1.7298925209933200e-01	   3.0162738025247987e-01	   3.0247528090056058e-01	   4.0041609436097142e-01	   3.7271683843941045e-01	   6.2111371483712696e-01	   4.7743454792159701e-01	   2.3077087157407844e-01	   7.2291349914816824e-02	   3.6820503903330426e-01	   2.4528165437464614e-01	   3.9787074624481167e-01	   2.8045138479956816e-01	   3.8937584748705983e-01	   3.8208333270746114e-01	   3.2598318910748314e-01	   3.8621729392859916e-01	   3.8715518519430270e-01	   3.7710621750081325e-01	   4.1998919127202544e-01	   3.9559893366443782e-01	   4.7255761676286112e-01	   3.5723950710690600e-01	   4.0979267920209683e-01	   2.0676191364295043e-01	   4.1661001297539657e-01	   5.2507747671748528e-01	   4.1348111800925813e-01	   2.9247335919323780e-01	   3.6931451685641725e-01	   3.0631808378005376e-01	   3.5133945938923106e-01	   4.0115323314212226e-01	   4.1405152907827536e-01	   3.1105286144525801e-01	   4.3426298134518837e-01	   4.4712996428272961e-01	   4.1243900613114720e-01	   4.1281453105930399e-01	   3.7502188831894012e-01	   3.2055440224303883e-01	   1.8889332967919742e-01	   1.6651173429323790e-01	   3.6781952708790194e-01	   4.0496123745816676e-01	   4.9539840048529397e-02	   2.4908660308361995e-02	   1.8517089571775081e-01	   4.5303235626997618e-01	   4.5650425153819574e-01	   5.0482238105525579e-01	   3.5983264264089554e-01	   1.7685548143202248e-01	
   5.3308288088330280e-01	   4.3220822230108646e-01	   0.0000000000000000e+00	   6.5296567959807617e-01	   5.1801960008302839e-01	   1.7623299935592579e-01	   5.4199116377564460e-01	   4.7112441107063717e-02	   4.1639482265944827e-01	   1.7619994614351914e-01	  -2.7235083808262034e-02	  -3.1306473167262377e-01	  -1.9994200801465944e-01	  -1.8417213435761462e-01	   6.0764608066526049e-01	   4.4296241087752691e-01	  -2.0306802551657500e-02	   2.8948904725362341e-02	   7.0818600824584144e-01	   5.1967079908622793e-01	   5.2218295295742045e-01	   4.1245770209812793e-01	   8.4793688864327765e-01	   6.7126002017125730e-01	   7.5824284122663155e-01	   6.1899775482258379e-01	   7.6135682221065837e-01	   6.8073375682963988e-01	  -1.1634641506723556e-01	  -2.7622967468305204e-01	   4.0215666372403602e-01	   2.0091124940686472e-01	   2.3398293395170441e-01	   1.1779051749519223e-01	   5.4458956655511426e-01	   5.1628877409263796e-01	   6.9493686493790341e-02	   1.4819635106169982e-01	   3.2685302931344279e-01	   3.2762336087859051e-01	   4.5577976459996694e-01	   1.6530753932255918e-01	   2.0868075462272437e-01	   1.1063197900480326e-01	   2.9444933543536563e-02	   1.3277979547443444e-02	   1.6059490269636095e-01	   2.7174661311052462e-01	  -1.1349590031961546e-01	  -2.1468498371966238e-01	  -7.4976575528423314e-03	   1.2964693234706051e-01	   1.1110638455698392e-01	   1.0838077855066754e-01	   2.1591369605498462e-01	   3.0009756665860182e-01	   4.2033758623737960e-01	   6.0996583960329442e-01	   3.6366594303084609e-01	   2.3261904070567058e-01	   6.9680249376893766e-02	  -4.0363841316050277e-03	   2.1322106284961734e-01	   3.0496449423341332e-01	   6.4392897973216212e-01	   1.5400395730591809e-01	   4.0016872685217919e-01	   4.0475592739100941e-01	   5.3739086499475575e-01	   6.0744392779910727e-01	   3.7935225418882756e-01	   1.3942985014363882e-01	   2.2612313735393114e-01	  -4.7037930018158480e-02	   3.0141473529739105e-01	   1.8431449063564029e-01	   3.9316287103329417e-01	   2.9761563252776713e-01	   5.8626866286728826e-03	   2.1415115846930788e-01	   2.0780666198915787e-01	   2.1604716254601142e-01	   6.1030383461672255e-01	   2.4809085901225308e-01	   7.0753370658006487e-01	   5.6032662240331987e-01	   5.2527061279223863e-01	   5.8375398524456801e-01	   4.4204008298439668e-01	   5.0603023210827824e-01	   5.1379077925441985e-01	   5.4353575560825385e-01	   5.9015294940194407e-01	   6.0190180226551715e-01	   1.9916903621540272e-01	   3.9990917913805341e-01	   2.7005458465828602e-01	   3.0533005065721786e-01	   2.8012304163186197e-01	   3.9659932023440769e-01	   8.2117588608949951e-02	   1.5457462984126966e-01	   3.7825579450349117e-02	   3.4918823570483579e-02	   9.9038073792398429e-02	   7.8066002893189435e-02	   3.4735264827610912e-01	   2.2321416965527574e-01	   5.5624267118167994e-02	  -2.5439187890171598e-02	   1.6608055861516846e-01	   3.5219027531903457e-01	   3.1211011628612717e-01	   2.0408826593476048e-01	   2.7484214669029267e-01	   1.8617175482740347e-01	
   4.1790727360471447e-01	   4.5951200254002333e-01	   6.5296567959807617e-01	   0.0000000000000000e+00	   4.8909389407883641e-01	   6.0845223766138445e-01	   4.1685639962226428e-01	   4.8683877967986283e-01	   3.3760908507078485e-01	   4.7983325940208987e-01	  -6.9391204480500374e-02	  -5.5000680121626094e-02	  -2.3494932199907254e-01	   7.3416761771736921e-02	   3.7576789319482318e-01	   5.5278339437596413e-01	   3.6129490479491225e-02	  -4.4057456028810373e-02	   5.1421654164503383e-01	   5.8121011006652634e-01	   4.8365782324540174e-01	   4.6106641469065807e-01	   6.1082049368173907e-01	   6.7942112040872837e-01	   6.3077672469966806e-01	   6.6025536528304007e-01	   5.2830615813369664e-01	   5.1625122664841538e-01	  -2.7456034463839499e-02	  -1.4008942663727661e-01	   4.5220004860608520e-01	   3.5267617882708013e-01	   3.9924320423563187e-01	   4.5401746078510730e-01	   4.6345082068359489e-01	   5.9732642678979531e-01	   1.0778750012662941e-01	   1.4436862633085978e-01	   2.7155222527157002e-01	   2.9421449605020134e-01	   3.3855212514781763e-01	   1.4076302707386965e-01	   2.5561403975591879e-01	   1.4720724844011773e-01	   1.7418997361716709e-01	   1.2991333894459506e-01	   2.3103954553860476e-01	   2.6169029300562952e-01	   2.2900868559304867e-04	  -1.6552116733816602e-01	   1.4014234536942560e-01	   1.4399608043945586e-01	   1.8404620671766625e-01	   9.7359629646242438e-02	   1.8964450878018602e-01	   2.1035406771870346e-01	   3.1247860280291961e-01	   4.0454377724841539e-01	   4.0403102701478344e-01	   4.0412187013077949e-01	   2.5321605030472655e-01	   3.8431555191382755e-01	   4.0022612621952364e-02	   1.8191367105215392e-01	   5.7340766019292178e-01	   5.5319173697557011e-01	   4.3940093297827176e-01	   5.5179319855683850e-01	   3.8826285470245181e-01	   4.5431881627780990e-01	   2.6440543949187889e-01	   1.7482026063807721e-01	   2.1885084759977272e-01	   4.1627207503343901e-02	   2.7145032066130970e-01	   3.4624195580867712e-01	   3.3448127584148424e-01	   4.1278698995461799e-01	   1.4920062115666471e-01	   1.0053725221766960e-01	   2.2630059320346721e-01	   1.8516192086928029e-01	   4.9812879447570124e-01	   3.5633692801250894e-01	   6.4338542901061413e-01	   6.9576565460438899e-01	   3.4155559120391871e-01	   4.3076734466378941e-01	   4.0479571147212201e-01	   4.8130677630051821e-01	   4.6962479161942616e-01	   3.3667962623955228e-01	   7.3781582987906547e-01	   3.4668576719065103e-01	   2.4084198908326621e-01	   3.1497334055532172e-01	   4.3293808292072333e-01	   3.3410851912338441e-01	   3.3038283511171862e-01	   2.7744611157391147e-01	   2.9064520510163677e-01	   1.0767479591203093e-01	   1.9114597219671775e-01	   1.1246238040507411e-01	   3.2508547818772160e-01	   1.1521874796183718e-01	   3.1940975218847395e-01	   2.1262154500342195e-01	  -6.4907457432569551e-03	   7.5313360698983672e-02	   3.4501436529927376e-01	   3.7113699039540787e-01	   3.3282790593663625e-01	   2.7971886507602123e-01	   3.6493001566655886e-01	   2.4224787263320807e-01	
   3.9069977231036690e-01	   2.4652757422700028e-01	   5.1801960008302839e-01	   4.8909389407883641e-01	   0.0000000000000000e+00	   7.3283725738446392e-01	   6.4642189508988335e-01	   3.1155667931512571e-01	   6.6141329473585375e-01	   5.1985528117010560e-01	  -1.0252906207834332e-01	  -1.6496451327990302e-01	  -1.1557653982170751e-01	  -2.2309256977756209e-01	   5.5840951316487519e-01	   3.6278663122474808e-01	  -1.3336889753310313e-01	  -1.6035626358957272e-01	   4.8814972963419900e-01	   2.8360148269692309e-01	   5.2222758553959081e-01	   4.4215270535804219e-01	   3.0999060357246250e-01	   2.0441082035746735e-01	   2.8721560215338604e-01	   2.1266010464717217e-01	   6.3596964597248984e-01	   6.2789168234814785e-01	   2.4899129397462755e-01	  -9.2095485213505926e-02	   3.0668742791232884e-01	   2.1933158947317855e-01	   1.7755632380868114e-01	   1.9256243476660692e-01	   2.5941754726177137e-02	   1.7889960977103281e-01	   6.2830666796100887e-02	   1.2146355504792644e-01	   3.2812816917153703e-01	   3.0290479643473095e-01	   3.1727429104827931e-01	   1.1129706605604830e-01	   1.9280212634253280e-01	   1.4143791657243659e-01	   1.2144150328159246e-01	   6.4313598348150439e-02	   3.0664015562723834e-01	   3.1387617954447344e-01	   1.7633114659798466e-01	  -5.7856360844734375e-02	   1.2813713838468307e-01	   1.2254538145833167e-01	   3.0111887057519188e-01	   3.9342380314347940e-02	   4.6353143653108975e-01	   4.7867041552374534e-01	   2.5811913893094074e-01	   1.6153970429723763e-01	   5.0312744699790779e-01	   4.5938016227270051e-01	   1.7422191685015392e-01	   1.8821374151698575e-01	  -1.4824182522528800e-01	  -1.2411341449410607e-01	   2.0653465098842161e-01	   1.9211916105557400e-01	   3.8744210204559798e-01	   4.2400567582902604e-01	   3.2402451171137159e-01	   4.0000769563287814e-01	   5.4730301714371521e-01	   3.2906795155249824e-01	   1.3453962865828087e-01	  -1.5767032296925321e-01	   3.5577563687850047e-02	  -8.0985320751597832e-03	   2.4435458058195439e-01	   3.1474359702555266e-01	  -3.9348235567596854e-02	   6.1983746228300690e-02	  -4.3656637013727503e-02	  -1.4621595073562449e-01	   5.6975148689271649e-01	   1.2801367721793361e-01	   2.5355763119394159e-01	   9.8494462326819521e-02	   4.8957413613201312e-01	   5.2298925295624754e-01	   5.8863459735518187e-01	   5.7805559585206912e-01	   5.0127064566124890e-01	   4.4437955081473191e-01	   4.6682446671726574e-01	   4.8176867379475191e-01	   3.7751688798252758e-01	   1.3691852110097413e-01	   2.6245388860114244e-01	   2.7468498521855833e-01	   3.4442762128096249e-01	   3.7423892664303759e-01	   2.9611057907307242e-01	   2.7332350450318443e-01	   1.1906938195414285e-01	   9.0027839829455003e-02	   1.4902919000966688e-01	   1.1638986424112713e-01	   2.4667542178671764e-01	   3.5657129338941268e-01	   4.4678357649506839e-02	   1.4366260394881189e-01	   5.2265966244136181e-02	   3.1629940541758622e-01	   3.0797189082791493e-01	   2.8446683073582424e-01	   2.7769505528022315e-01	   1.3211108950970168e-03	
   2.1796031834294549e-01	   1.3196724676818794e-01	   1.7623299935592579e-01	   6.0845223766138445e-01	   7.3283725738446392e-01	   0.0000000000000000e+00	   3.8136257363253523e-01	   5.5700230622085001e-01	   4.7232246528800237e-01	   7.0404622847878395e-01	  -1.5929904713848503e-01	  -1.2595783409853265e-02	  -1.4945807133747174e-01	  -7.7298092332568666e-02	   3.3587216063166492e-01	   3.8027369922318977e-01	  -1.1705158691814875e-01	  -2.8447749375961195e-01	   2.3756721744090806e-01	   2.0622585002661742e-01	   4.0947436774088997e-01	   4.0088576816949179e-01	   9.5486246643174649e-02	   2.0465708096404761e-01	   1.4462610519457722e-01	   2.0810896750426364e-01	   4.1753131919359054e-01	   4.8913524424463750e-01	   1.3075452944821647e-01	  -1.0934259135667569e-01	   1.6530962560697066e-01	   1.7606826803761083e-01	   1.0351115367888616e-01	   2.2778440129386901e-01	  -9.1002122563204613e-02	   1.1263335586107512e-01	   1.0787735248190754e-01	   6.6439880788757358e-02	   2.5832037012890197e-01	   2.6428258765226764e-01	   9.5260112312564565e-02	  -5.7503460369839249e-02	   1.3395665394482664e-01	   6.2131037590037387e-02	   1.4718021816633034e-01	   3.1665090487046771e-02	   2.4230300830453566e-01	   1.9408873284785250e-01	   1.2278591427105691e-01	  -1.1067293623719242e-01	   5.2279625473861939e-02	  -4.5456414437140165e-02	   2.8432814574794835e-01	   1.9803454548239997e-02	   3.8275566697374597e-01	   3.6410537666089965e-01	   1.4182953393577252e-01	  -4.6869479450647879e-02	   4.4781000267173210e-01	   4.9622172966297651e-01	   2.4936757319186953e-01	   4.3398894919685382e-01	  -2.8237393989669723e-01	  -2.5106348257750394e-01	   1.5219878199523154e-01	   4.5812022818572506e-01	   2.9754068172209103e-01	   3.5264269100477191e-01	   1.5657531640707767e-01	   2.9015352869095962e-01	   3.9887449295692751e-01	   3.7390941069192274e-01	  -1.0515279462600859e-03	  -1.9471055667830586e-01	  -3.9736172675731166e-02	   5.1299239984228751e-02	   1.9069082315532976e-01	   3.4111125086743921e-01	   5.4596060020078260e-02	  -1.3036257512869640e-01	  -9.6770991283994509e-02	  -3.0271433812049464e-01	   3.9655035382197013e-01	   1.1497159014058722e-01	   1.8118503055659574e-01	   1.4323882703532997e-01	   3.9057080158905572e-01	   4.3027874840640246e-01	   5.9182863549894704e-01	   5.7116321615254106e-01	   4.3330238917149089e-01	   2.4684127956571614e-01	   5.4287072806633652e-01	   2.6413901640158144e-01	   2.2524538944326680e-01	  -2.1016254634376827e-02	   2.1777534998487130e-01	   1.1783541731309558e-01	   3.1411906432140957e-01	   1.8867776806114461e-01	   3.7548946355618507e-01	   1.8201496868847811e-01	   1.6884972066617054e-01	   8.4925646908579511e-02	   2.9427675947951076e-01	   1.3508068390812067e-01	   2.3104118675790464e-01	   3.6008308648903803e-01	   3.4818912983407148e-02	   1.0251514413089591e-01	  -8.2082703537522464e-03	   2.1954357680265874e-01	   2.3426017726564452e-01	   2.6538609048117706e-01	   2.8785983701035045e-01	   8.5102229284113567e-02	
   6.0828788812369550e-01	   4.4766540415370393e-01	   5.4199116377564460e-01	   4.1685639962226428e-01	   6.4642189508988335e-01	   3.8136257363253523e-01	   0.0000000000000000e+00	   5.8543512458479108e-01	   7.4199698879301534e-01	   5.6044196489212073e-01	   4.3404744129922013e-01	   2.1729795580590977e-01	   3.4873365380292132e-01	   1.3811993475264145e-01	   7.0963292419429991e-01	   5.0570134941806921e-01	   8.5792692696122413e-02	   1.6125117561382479e-01	   6.1208872108373868e-01	   4.3544613267133292e-01	   1.2215233991226382e-01	   1.2437490929103830e-01	   3.4743539724933314e-01	   1.4582802872331002e-01	   1.0997117060943955e-01	  -3.1085895619132643e-02	   2.7084246589905675e-01	   2.9698207659141551e-01	   4.0940239637434533e-01	   1.9310974811689385e-01	   1.3573627340984856e-01	   6.5413730313354013e-02	   3.5332725942771182e-01	   1.8132398691008841e-01	   3.7317753587451929e-02	   9.1530833756868615e-02	   7.1629768733559265e-02	   1.3605329730993748e-01	   2.3991423689728800e-01	   1.7757824241608483e-01	   3.6891098279107926e-01	   2.9377443371213868e-01	   2.2738696808562342e-01	   1.6770446976634734e-01	   2.1586860849503076e-01	   2.1341719278676002e-01	   2.7360755789780378e-01	   2.9934102228501513e-01	   3.3797782934058435e-01	   2.4577101746341742e-01	   2.6078660822302058e-01	   2.8175686380473353e-01	   2.6358436245652855e-01	   1.2814541252620892e-01	   2.9608721678727468e-01	   2.9366436572316523e-01	   1.9134784027487850e-01	   2.2645665747332516e-01	   4.2031831474993514e-01	   4.6232629857173979e-01	   5.0882684510178722e-01	   3.9278321073534966e-01	   1.1050009216656545e-01	  -3.7024935917073759e-02	   3.8936558518579789e-01	   1.7819792687963687e-01	   3.9337746051763289e-01	   3.3934709152972609e-01	   2.5030849862881688e-01	   2.6366495735917717e-01	   4.0285468844739858e-01	   1.6685664275325846e-01	   3.3953172390209685e-01	   8.7667523295721389e-02	   3.2199078848485829e-01	   2.3167840298884557e-01	   3.5281709231766967e-01	   4.2922781046751862e-01	   1.8205203926677976e-01	   3.6477889169374600e-01	   1.5874251117115504e-01	   2.3827233288774585e-01	   5.7048796136924307e-01	   4.5188847759279521e-01	   4.7155266618800995e-01	   2.6425776711501148e-01	   3.7696865041299521e-01	   3.2852658711217481e-01	   5.1495249764735818e-01	   5.4869342014131495e-01	   5.8566857911983050e-01	   6.1601049407725583e-01	   5.0712948017768711e-01	   6.1568896433090381e-01	   1.9348904345874657e-01	   1.1697207769398467e-01	   1.4762234862479115e-01	   1.0924484489284972e-01	   4.0840639476986113e-01	   4.8288696985748025e-01	   4.9894412747845795e-01	   5.7470428652413519e-01	   3.8309014211999221e-01	   3.7730151394581790e-01	   1.8078348624500196e-01	   1.7268726852248517e-01	   3.1080269680552680e-01	   3.1603485413274962e-01	   6.9727604826734013e-02	  -5.9698856647373608e-02	   5.0444754940878314e-02	   4.3515411368056656e-01	   4.9683233036361518e-01	   2.4315557281603806e-01	   1.1197715165973128e-01	   8.0872839119101619e-02	
   3.3894368793893953e-01	   3.0362704276327668e-01	   4.7112441107063717e-02	   4.8683877967986283e-01	   3.1155667931512571e-01	   5.5700230622085001e-01	   5.8543512458479108e-01	   0.0000000000000000e+00	   3.0679693678775644e-01	   6.9665849407004554e-01	   4.3272868485412574e-01	   5.8425961669620252e-01	   3.7652760525837409e-01	   5.1001906955417398e-01	   3.2472456824274742e-01	   5.5629848235629165e-01	   1.7857056430282020e-01	   1.2095386358864693e-01	   3.8519529296758898e-01	   3.6845347155181918e-01	  -1.1053409242604847e-01	   3.7776311329028707e-02	   8.2018644062967577e-02	   1.5425625285374378e-01	  -7.4372973382426266e-02	  -1.9110370625547282e-02	  -1.0222777997893609e-01	  -1.2998849318043938e-02	   4.2491620146633424e-01	   3.7198758894568212e-01	   1.4533632206943847e-01	   2.4116233383780458e-01	   4.2357178555462038e-01	   4.1586894733050095e-01	  -1.3282779279803714e-01	   1.0515510240980911e-02	  -1.6916334910695011e-03	   7.1974175369408103e-02	   4.3811069391843926e-02	   8.0104461323539863e-02	   9.4350856555212401e-02	   1.9227592427625173e-01	   2.3739027714083069e-01	   1.8017915849149987e-01	   3.2512155472218690e-01	   2.5870641286850038e-01	   2.9360312248314352e-01	   2.4597837334929809e-01	   3.3803056073130244e-01	   2.6698103680460367e-01	   2.2601880413466049e-01	   1.9170772897078531e-01	   2.1650579304210960e-01	   1.1038684563875054e-01	   1.8431200745998211e-01	   1.6585994146360619e-01	   6.9634634975123226e-03	  -1.0432820169618198e-01	   1.9621214527688613e-01	   4.1794076974069905e-01	   4.8478027390131079e-01	   6.5942578060582135e-01	  -1.2069502321764926e-01	  -2.4899573122683458e-01	   1.7071682804640684e-01	   4.5910627621055511e-01	   1.4227744252957614e-01	   1.7612783964993206e-01	  -4.6141894306627469e-02	  -9.8658429176282869e-02	   1.4204090361232238e-01	   1.9623320061239152e-01	   2.1999017143034741e-01	   1.9132316000710370e-01	   2.4669742261860061e-01	   3.7991459846544406e-01	   3.1780546813786925e-01	   4.3688193005185061e-01	   3.3373566345184708e-01	   2.0748284161663749e-01	   1.8565008875690941e-01	   1.5914606055527175e-01	   4.1528470001998186e-01	   6.0917697956140548e-01	   2.6644885006316343e-01	   2.5750255845913322e-01	   1.5257669277006511e-01	   1.6629592524219924e-01	   3.0061609924333044e-01	   3.2895612806614527e-01	   4.4895325979511358e-01	   3.7129635242118136e-01	   5.0656319959531348e-01	   2.9788776682947998e-01	   7.1071289756094003e-02	   2.0874664859552618e-02	   2.0256107898105452e-01	   9.2846097069094899e-02	   4.0218110176006328e-01	   3.3026682349590619e-01	   6.3691935895283858e-01	   4.4266271329204510e-01	   4.6116898136921558e-01	   4.3746487500142062e-01	   3.3185265835888744e-01	   1.9518847765794806e-01	   2.0759650825391693e-01	   2.2489929113448409e-01	   1.2739529565726831e-01	   5.7482412220615786e-02	   1.1619722503389632e-01	   3.6361124045553189e-01	   3.9073054598204993e-01	   2.5087833385250713e-01	   1.7527095106099272e-01	   8.4717973478565092e-02	
   3.6778295445551457e-01	   1.3198855503315049e-01	   4.1639482265944827e-01	   3.3760908507078485e-01	   6.6141329473585375e-01	   4.7232246528800237e-01	   7.4199698879301534e-01	   3.0679693678775644e-01	   0.0000000000000000e+00	   6.5782071139540965e-01	   1.3642186921640917e-01	  -1.6110375308221800e-01	   1.5456390123167923e-01	  -1.1369665952828628e-01	   6.4523321055751570e-01	   2.8102150209773319e-01	   3.2770887095090087e-02	   4.6980104127831209e-03	   3.2709618165208354e-01	   1.3009892119877414e-01	   3.1056766300228722e-01	   3.0026805039353732e-01	   1.9451242469896743e-01	   2.7026864970733880e-02	   1.3744435853060794e-01	   6.5104787728911775e-02	   3.2760431152445213e-01	   3.5133893711848352e-01	   1.2762729219063054e-01	  -8.4472250174966942e-02	  -5.8622275441124416e-02	  -1.3291130892110617e-01	   2.6547172224999756e-02	  -6.9139101722172649e-02	   1.9394513506128974e-01	   2.5172233244949610e-01	   1.5404148021994435e-01	   1.6283192996583448e-01	   2.2478798250777893e-01	   1.5837340805768024e-01	   9.0666109791152708e-02	  -5.8862635638143018e-03	   6.8380378726378144e-02	  -1.5024471299207601e-02	  -5.8466063959294037e-03	   1.3407359796308121e-02	   8.3101368596405295e-02	   1.0474468291946733e-01	   1.6857947941583817e-01	   8.1770244736812728e-02	   1.7222443654627373e-01	   2.5135431221458160e-01	   2.5245370615413149e-01	   1.5532539247327129e-01	   1.6850222952957811e-01	   1.2952987824023043e-01	   9.4697056791028300e-02	   9.7800975576133056e-02	   3.7853570540825981e-01	   3.3377131068025034e-01	   3.6027914948928075e-01	   1.8427787821539440e-01	   4.1109401302684048e-02	  -2.3611073275492864e-02	   4.1272308035151428e-01	   2.8124651263704731e-01	   3.6055623097373179e-01	   3.8998845737892329e-01	   2.6098704383739335e-01	   2.7875815725386038e-01	   3.9457901596451300e-01	   1.8922520961805475e-01	   1.5169334046833069e-01	  -1.2196813431865230e-01	   1.4759768659348338e-01	   5.3889998209954840e-02	   1.5062357487593353e-01	   2.6790494222684502e-01	   2.1868273998234034e-01	   2.0091018442281597e-01	   8.6626994215770622e-02	   1.3923222532579599e-01	   3.6921769247032687e-01	   4.9480088953170978e-02	   3.8580673895051043e-01	   2.3409615533583900e-01	   2.8238475971495219e-01	   3.0408012610770119e-01	   4.4876397403081708e-01	   4.4802833961404004e-01	   4.8175399020112891e-01	   5.6813085500614668e-01	   3.6158745791671565e-01	   5.2245985354221858e-01	   1.3450496989789479e-01	  -1.5454531007008976e-01	  -5.4838374066177708e-03	   6.9388172254853716e-03	   1.4393737558489100e-01	   2.0958548445871755e-01	   1.3518395241341610e-01	   2.2866578916324859e-01	   4.5881459124948926e-02	   4.4510934019207943e-02	   8.4676496996526948e-02	   9.8594935065921374e-02	   4.2515337486527124e-02	   7.6651851310108016e-02	  -1.0977264341716361e-01	  -9.1984412933440157e-03	   5.2069300070202169e-02	   1.7632658760748626e-01	   2.7050985429890212e-01	  -3.4956817011519731e-02	  -9.6891386941274887e-02	  -1.1040181896396797e-01	
   3.0473962184662540e-01	   1.2500664760974478e-01	   1.7619994614351914e-01	   4.7983325940208987e-01	   5.1985528117010560e-01	   7.0404622847878395e-01	   5.6044196489212073e-01	   6.9665849407004554e-01	   6.5782071139540965e-01	   0.0000000000000000e+00	   1.0400422776324360e-01	   5.2286335744923126e-02	   1.2748267898296112e-01	   9.1363321256297106e-02	   4.5979990229884948e-01	   5.2240787457559823e-01	  -5.6003787468259444e-02	  -1.7418147979476672e-01	   3.4859159926423522e-01	   1.9130533873506650e-01	   1.3003504047659376e-01	   2.4556537971617970e-01	   4.5394792946279822e-02	   9.0792261122380272e-02	  -8.7252317783022958e-03	   4.6236252598882387e-02	   1.6069881226330412e-01	   2.7818867316037243e-01	   1.3480656512424202e-01	   1.9236997389454825e-02	  -9.1579121800739322e-02	  -7.3300515437176694e-02	   2.5297675898405224e-02	   2.7549834398640172e-02	   9.9914212617730532e-03	   1.2941002690621817e-01	  -1.4332633136789485e-01	  -2.4730976581862813e-02	  -3.5708341390016080e-02	   7.4536638019156581e-02	  -1.2770914185378196e-01	  -1.0781184261347974e-01	   5.7589328222133723e-02	   6.3224070171997646e-04	   6.3525233855577623e-02	   1.7691308299527350e-02	   1.0577706758208319e-01	   1.0479635010454572e-01	   3.0310336559631224e-02	  -3.5362741326483475e-02	  -2.4177025219993251e-02	   3.2697668808975906e-02	   1.8730468261445782e-01	   1.3470991276639566e-01	   1.1195968490266628e-01	   1.3412085344676317e-01	   3.5396860051736798e-02	  -8.2215576087978026e-02	   2.2298984790684406e-01	   4.5614585140066516e-01	   2.7952838518093304e-01	   4.2941911803055710e-01	  -1.7137297410174498e-01	  -3.2681875004668814e-01	   2.7515041378396049e-01	   4.5877338331246598e-01	   1.3215401287674342e-01	   2.4840979448795392e-01	   1.8948329500486977e-01	   1.5879823820728423e-01	   1.5658094434193320e-01	   1.6471278323230715e-01	  -7.3099355013255346e-02	  -1.7253004902268831e-01	  -9.7437375630653796e-03	   5.7636678336829242e-02	  -2.0802521077804326e-02	   1.4047612398529563e-01	   2.3329392741052557e-01	   3.9349293567389077e-03	  -2.2858523715218324e-02	  -1.7969877637366533e-02	   3.7112598571875621e-01	   2.3265165308854557e-01	   3.1566659029864919e-01	   3.2996600369826945e-01	   2.5335397271147875e-01	   3.4173652195882276e-01	   4.1863529689794932e-01	   4.7970365440728951e-01	   4.5218470040305214e-01	   3.8260043410847799e-01	   4.3210119967666377e-01	   2.8268368286021950e-01	   2.2779723928981019e-02	  -2.6157977558994283e-01	  -1.9754201499269854e-02	  -1.2543476575978979e-03	   1.0938694125459247e-01	   9.9074918556451674e-02	   2.5670631706388469e-01	   1.1068171864460050e-01	   1.4866914309523726e-02	   1.0968251421281149e-02	   6.8010255373811890e-02	  -4.8060294876432430e-02	   1.4595996389387771e-03	   1.3830235912757285e-01	  -1.3843507235125699e-01	   3.6543649060577964e-02	  -8.3102234807963971e-02	   7.8099512786105496e-02	   1.3010868460161565e-01	  -5.4468813834807048e-02	  -1.2284427725920301e-01	  -1.7141381124742849e-01	
   3.9852634001159815e-01	   2.9274259400654096e-01	  -2.7235083808262034e-02	  -6.9391204480500374e-02	  -1.0252906207834332e-01	  -1.5929904713848503e-01	   4.3404744129922013e-01	   4.3272868485412574e-01	   1.3642186921640917e-01	   1.0400422776324360e-01	   0.0000000000000000e+00	   6.3260998522392109e-01	   8.3682422159081749e-01	   5.2523765159953339e-01	   3.3606830908687502e-01	   2.1163699138383840e-01	   4.5247996978514288e-01	   4.6801472463150007e-01	   3.2022345961539134e-01	   2.6459802196420168e-01	  -3.1798698149493931e-01	  -2.3874231926382988e-01	  -4.8852069199783604e-02	  -1.8887644182333224e-01	  -2.2903789316602580e-01	  -3.3125846937572662e-01	  -2.9236456500479091e-01	  -2.6221039913366340e-01	   5.2839004109711984e-01	   5.7448744390625861e-01	  -8.0478948288892280e-02	  -1.0165512774554148e-02	   3.7250524669626262e-01	   2.1955103810696264e-01	  -8.9917579843980411e-02	  -1.5926224244463372e-01	   1.2237848658592761e-01	   1.4064657668296576e-01	  -6.9611326522743752e-03	  -8.7805633469870276e-02	   1.9437106985926131e-01	   3.9658464707494756e-01	   9.1140860181156649e-02	   1.0366206753922050e-01	   8.7324487274848622e-02	   1.1906173803819110e-01	   1.2432836535192325e-01	   1.2004598629813326e-01	   2.9893511560606201e-01	   4.3465180441522311e-01	   3.1132835841653850e-01	   3.4019338985607683e-01	   1.5523324286798393e-01	   1.6980548858807679e-01	   9.0100701982726836e-02	  -8.4843649855077669e-03	   5.5929734289608374e-02	   1.5869299787025393e-01	   7.9065213288910030e-02	   1.4891856598767150e-01	   5.3909057425766371e-01	   3.5462773584065299e-01	   2.8591017213413600e-01	   8.5404714204365850e-02	   5.4714078247733187e-02	   3.3045477725876148e-02	   6.7955771662313535e-02	  -1.2993862912229186e-02	  -6.1411236985356644e-02	  -1.3962268684717388e-01	  -3.5786094540037061e-02	  -8.1332909739283490e-02	   5.1248984851916746e-01	   4.6356129637434168e-01	   6.2605300530285612e-01	   5.0452231382868251e-01	   3.0147785447987924e-01	   2.6346738708015460e-01	   4.8436902782302271e-01	   4.4259000923928027e-01	   4.0096383337690289e-01	   4.4066366167942250e-01	   2.3374795247138422e-01	   4.7836372006356875e-01	   2.3051932960336236e-01	   6.0282400570675784e-02	  -5.5235015435884702e-02	  -1.4258371454497720e-01	   4.2000452518747816e-02	   5.6676890818425890e-02	   2.0717550460427420e-01	   2.6737708487673451e-01	   2.5940903719479016e-02	   2.0951946125259549e-01	   1.0550013702117357e-01	   4.9663551064817721e-02	   6.2988087270451631e-02	   1.4762590987737752e-02	   2.4681589302108770e-01	   2.9746148438768621e-01	   4.1585955496279803e-01	   4.0739873838619511e-01	   4.4829223472047175e-01	   4.0093555716330426e-01	   2.1911756597899879e-01	   2.2573230862355637e-01	  -1.2442716909468122e-02	  -1.3720218534953812e-01	   1.4486671288998149e-01	  -6.8287631246713460e-03	   8.1146745968991088e-02	   1.8451313605009514e-01	   2.8971044737181828e-01	   9.8839707097005500e-02	  -4.7104543045818278e-02	   4.0483895052871061e-02	
   9.5798380360284818e-02	   2.8047437680211745e-01	  -3.1306473167262377e-01	  -5.5000680121626094e-02	  -1.6496451327990302e-01	  -1.2595783409853265e-02	   2.1729795580590977e-01	   5.8425961669620252e-01	  -1.6110375308221800e-01	   5.2286335744923126e-02	   6.3260998522392109e-01	   0.0000000000000000e+00	   6.0969625399934779e-01	   8.0027712181781352e-01	   5.8268317904973336e-03	   2.7099037515290769e-01	   3.6616542914224087e-01	   4.4594100682606697e-01	   3.4381076939368635e-02	   2.8482692265642928e-01	  -4.6431936309632160e-01	  -3.3480075442258822e-01	  -1.8623048216545746e-01	  -1.4522451798186092e-01	  -3.4066056629473057e-01	  -3.4023225304025440e-01	  -4.3095029292055304e-01	  -3.6798735001842520e-01	   5.1952454622739752e-01	   6.8700318763247503e-01	  -2.8256147731408478e-02	   1.3989356256595439e-01	   4.0289767401695376e-01	   3.5026568418214332e-01	  -3.9802292460396160e-01	  -3.6847424225498648e-01	   3.4213632135201692e-03	   1.0911860962207168e-01	  -6.6158759899799149e-02	  -4.2084305108836831e-02	   1.1241125289719819e-01	   4.2423298995046721e-01	   1.6237979044642314e-01	   2.0130013367443128e-01	   2.8409263472386437e-01	   2.6385628018361013e-01	   2.2797305102378612e-01	   2.6281317746690808e-01	   4.2438925264770566e-01	   5.0118479123710247e-01	   3.2151676258374490e-01	   3.3703948518551008e-01	   2.2731736890610735e-01	   1.7475553667626958e-01	   1.5653633349706048e-01	   1.0327009389804984e-01	  -1.1965327633974042e-01	  -1.4656890448135743e-01	  -9.6746882340778717e-02	   1.5557885063133886e-01	   3.5126823102352667e-01	   5.5742306183174184e-01	   6.9984744909663471e-02	  -1.9031052542004784e-02	  -1.7766170370255169e-01	   1.3038241952210761e-01	  -1.1490269046356458e-01	  -1.6621579115966670e-01	  -2.8678986546061674e-01	  -2.5742056878173153e-01	  -1.0895654636727277e-01	   1.5341000919875123e-02	   2.2630105040113735e-01	   4.1864791790174832e-01	   2.7814077600464437e-01	   4.2176977272318583e-01	   1.7939999344296417e-01	   2.5818647725566857e-01	   3.5074387467296364e-01	   3.3847337521308135e-01	   2.5975050564456642e-01	   3.0268420751167308e-01	   9.7260218891626504e-02	   5.6573907643100885e-01	  -9.4902223761711688e-02	  -7.5291043965700744e-02	  -6.2000002280169775e-02	  -2.2046425871461334e-01	  -2.9378640375558349e-02	  -2.3534737756033398e-03	   1.4822850834599699e-01	   6.9102680910808317e-02	   9.3117696435739805e-02	   4.2244263058667415e-02	  -2.4197657054838801e-02	  -1.0102601029488825e-01	   9.9484347771693030e-02	  -7.1152867319975527e-02	   3.4495638528428391e-01	   2.3538826513146560e-01	   5.2952040647865561e-01	   4.1272517729938318e-01	   4.9527718746331950e-01	   4.8495603931794007e-01	   3.1439641717634303e-01	   2.9790395599414687e-01	   1.7382328327284098e-02	   6.5276081748552955e-02	   1.2075045831831882e-01	   3.3085777015204304e-04	   8.4002915223597804e-02	   2.6134659548198735e-01	   3.2319260535974403e-01	   1.8067960672598132e-01	   8.4472605226381822e-02	  -1.0976516969997867e-02	
   1.3879528629316323e-01	   1.5482843901675492e-01	  -1.9994200801465944e-01	  -2.3494932199907254e-01	  -1.1557653982170751e-01	  -1.4945807133747174e-01	   3.4873365380292132e-01	   3.7652760525837409e-01	   1.5456390123167923e-01	   1.2748267898296112e-01	   8.3682422159081749e-01	   6.0969625399934779e-01	   0.0000000000000000e+00	   5.7219797269075934e-01	   3.2778106720992312e-01	   2.0785832476307228e-01	   2.5558679852259991e-01	   4.3491970786809708e-01	   7.8912754992891160e-02	   7.2987923093379009e-02	  -3.1411303631903370e-01	  -1.7146633602785921e-01	  -1.7904465011966331e-01	  -3.1178419352300080e-01	  -3.1401482795846908e-01	  -4.3442813059984131e-01	  -2.8579151304953171e-01	  -2.4789258629128871e-01	   4.5411836807290251e-01	   5.3616480376227504e-01	  -2.8665385803573717e-01	  -1.7862754670470360e-01	   2.2509554516619221e-01	   1.0457678374813531e-01	  -1.3651155291300293e-01	  -2.2790218950882724e-01	   1.7652468446162517e-01	   1.8538398584258686e-01	   5.9906440750878897e-03	  -1.1142737528699191e-01	   1.1214064563664627e-01	   3.2094030486923081e-01	  -5.6462486788759272e-02	  -4.6067458292694458e-02	   3.1797828054480580e-02	   8.4210104904731881e-02	  -5.4880642651530975e-02	  -3.1979479133186800e-02	   2.9367917110136194e-01	   3.8586435353460624e-01	   2.9216104542241833e-01	   2.7732328194063521e-01	   3.8652420466094989e-02	   9.1330327985892648e-02	   3.9648819356761851e-02	  -1.1993635639363635e-01	  -2.1054083494824069e-01	  -9.6503286058810409e-02	  -8.0444114675299300e-02	  -4.0119099315744158e-02	   3.7696871121409620e-01	   2.3394968274955155e-01	   4.2215980575938242e-02	  -4.8923215017423555e-02	   7.5054804815198092e-02	   1.0549145889949385e-01	   5.6387973759276205e-02	  -8.5054475088410880e-02	  -1.7822428006642083e-01	  -2.5882361777549417e-01	  -1.7994446750377954e-01	  -1.2129070039092547e-01	   3.3318089781708060e-01	   3.2740548506851197e-01	   4.1971163274901169e-01	   2.9885753016370209e-01	   6.8255589141664352e-02	   3.9699872612151521e-02	   4.3495046390721459e-01	   4.8463745821391180e-01	   1.9865695569652228e-01	   3.7955356015964298e-01	   8.6187378679437626e-02	   2.7942560807609185e-01	   1.5882850748018992e-01	   7.1901544590792441e-03	  -1.3208651234563107e-01	  -2.4223688533837409e-01	  -2.3981940367910619e-02	  -6.7789909412219684e-02	   7.2085687181204464e-02	   1.4162945426677689e-01	  -6.4381260542115723e-02	   1.2984021869037043e-01	   1.2641578623397082e-01	  -9.7967094658669082e-02	  -2.6903877809074410e-03	  -1.0727727408767933e-01	   2.2175367640697732e-02	   3.4326554301339421e-02	   2.8416162270328421e-01	   2.5951363761131818e-01	   3.1435396990939724e-01	   2.2483183126269946e-01	   1.2732425365089525e-01	   2.1310748471988902e-01	  -2.4583184902521271e-01	  -2.2552191314119230e-01	  -1.3187801825772828e-02	  -4.4731389286765608e-02	  -2.2983018349339223e-03	   4.4512842115379286e-02	   2.2063614007273161e-01	  -1.1940503442470250e-02	  -1.9380094741676804e-01	  -1.7839782269715423e-01	
