   0.0000000000000000e+00	   8.7479371365383196e-01	   7.5231838815424590e-01	   7.2024569383574932e-01	   5.6176014288420395e-01	   5.8665859879951343e-01	   5.8991705272109041e-01	   6.6208774080737087e-01	   5.6643869140684655e-01	   4.9057341977303381e-01	   7.6874091578481751e-01	   7.8725419797091978e-01	   6.2672213190886661e-01	   8.2829231719534713e-01	   7.4517700760544070e-01	   6.7585477172551034e-01	   5.7780289137792029e-01	   6.1696395576265528e-01	   8.5551759219457102e-01	   8.6737903284193929e-01	   1.3357105862813559e-01	   6.0271337979368914e-02	   5.4103245505758202e-01	   5.9408660388129075e-01	   5.5019953203762351e-01	   5.8318599827556961e-01	   4.8297366902673644e-01	   4.3357772731733946e-01	   4.6094595019846391e-01	   5.0809782991774743e-01	   5.8482327494674591e-01	   5.4736576136962090e-01	   6.5502214640506184e-01	   6.7863098498306340e-01	   4.8080764509268353e-01	   4.6752663918166737e-01	  -2.1934757984664612e-03	  -4.2233649230341397e-02	   4.5867967034786983e-01	   4.2014343405711385e-01	   5.9463613857328224e-01	   5.2773267029650084e-01	   5.7517533284838718e-01	   4.6367831582381014e-01	   4.9487022827506533e-01	   5.5668970051552658e-01	   5.1695779380473272e-01	   6.7047328716400845e-01	   5.1937753682315480e-01	   5.4434490151338277e-01	   6.9046466938675044e-01	   6.9247542428868969e-01	   8.1984601123504763e-01	   7.6452234950528042e-01	   7.2931352970591856e-01	   7.1513156196406014e-01	   8.7561504665866796e-01	   7.8474456976827933e-01	   7.4456021577655007e-01	   7.5750590243707960e-01	   6.0807504392179479e-01	   4.8505253195390202e-01	   6.9803467155090126e-01	   5.8645974983706495e-01	   2.9541626860600834e-01	   3.0190180593964533e-01	   7.2184890661528556e-01	   6.2323331831548279e-01	   7.9960230933282694e-01	   7.4068741031945651e-01	  -1.2788638107111863e-01	  -6.1111121787887940e-02	   5.4954867427003629e-01	   5.4732372883378155e-01	   6.9219395348530655e-01	   6.7369274378196631e-01	   5.6503403162454746e-01	   6.2614483929638753e-01	   6.0729775884894299e-01	   6.5762814167790673e-01	   7.2366575680358047e-01	   7.1939115879367854e-01	   8.0930146756205268e-01	   7.7352502053766625e-01	   7.7586363572348849e-01	   7.2974232316260779e-01	   6.4910429811592074e-01	   5.9159276028657892e-01	   4.7741344097341581e-01	   6.8152442330663643e-01	   7.2779861290943004e-01	   6.0547313165858219e-01	   5.7030454163197319e-01	   5.1051898422810582e-01	   4.8700908535828435e-01	   2.5295803979170506e-01	   6.1943243935171277e-01	   6.3194877726981824e-01	   8.2491897656857160e-01	   8.4376335272366432e-01	   3.5609474355697557e-01	   3.3076041727516131e-01	   2.1482749017010891e-01	   2.4537599934191434e-01	   1.5475667976024565e-01	   1.8698114443991165e-01	   1.6238093656282571e-01	   3.0842493921065317e-01	   9.5047008207554389e-03	   5.2542974352136729e-01	   5.5434835708507246e-01	   7.9233496499373746e-01	   7.0266803583452964e-01	   5.4567576396082440e-01	   1.7865036187422847e-01	  -4.5289155977415713e-01	
   8.7479371365383196e-01	   0.0000000000000000e+00	   6.6412283398775629e-01	   6.9103216556649505e-01	   4.8649208637474944e-01	   4.7600738708227752e-01	   4.8726095858273510e-01	   5.9590804742951919e-01	   4.8137363932544902e-01	   3.5114117877191081e-01	   6.9469220637078466e-01	   7.6407358244395640e-01	   5.4032768994221581e-01	   7.6303082772865860e-01	   6.3745460113457830e-01	   6.1360035472645502e-01	   4.0904607900970880e-01	   5.3668375032713078e-01	   7.0922883447914975e-01	   7.6490297354009240e-01	   1.1346021349301674e-01	   1.4489690081437169e-02	   5.5251367065943868e-01	   5.3898154953809285e-01	   4.9373493867348894e-01	   5.1888484761809228e-01	   4.4362763358888352e-01	   3.8286196128249550e-01	   2.7258858961148746e-01	   3.8844099866827225e-01	   5.4228547726976783e-01	   5.1503842399070421e-01	   6.3077499661675818e-01	   6.0448165724539260e-01	   3.9853778259870348e-01	   3.6069915784969925e-01	   8.1035014518198722e-02	  -2.1580819308744437e-02	   4.6421752097126712e-01	   4.0975533583374280e-01	   5.0456701140829008e-01	   4.4475988021844481e-01	   4.4186844008515563e-01	   3.4089423503029381e-01	   4.0909200870787021e-01	   4.6970024274169930e-01	   3.7882667927771652e-01	   5.2837529352103529e-01	   4.4144092405221791e-01	   4.3922590012162288e-01	   6.2905439261724994e-01	   5.8718947667191290e-01	   7.2164462706347632e-01	   6.4014441777208797e-01	   7.0511227936398602e-01	   6.6699054657630241e-01	   8.7282360620942101e-01	   8.8396819772206237e-01	   6.7711172807856712e-01	   6.5213884348858930e-01	   6.1577534928623812e-01	   4.5926640385970430e-01	   6.8076454709206335e-01	   6.1054116152068805e-01	   3.1333584465905079e-01	   2.8728579011145688e-01	   6.1189992950346639e-01	   5.1087775902479182e-01	   7.6014420858369447e-01	   6.2458039927837528e-01	   1.0347375497204728e-01	   1.0821059613606560e-01	   4.2386486866552797e-01	   4.0912389977425045e-01	   5.1517110008307276e-01	   5.9459738049363531e-01	   4.5881030742338430e-01	   5.5153882222940076e-01	   4.5027236261065962e-01	   5.9002431021120794e-01	   6.0045647609197550e-01	   6.5675329739202271e-01	   6.6112238639182597e-01	   7.4451139887605366e-01	   7.0539432991767226e-01	   6.7258840974266909e-01	   5.9201593537539199e-01	   5.5613896548026287e-01	   4.3332907428228162e-01	   6.3008345432751067e-01	   6.1785806505567564e-01	   5.2050826853718335e-01	   4.6983868134283369e-01	   4.3727633099081331e-01	   3.8917143585587882e-01	   7.1951551668103020e-02	   5.9541940370678870e-01	   5.6205535450358046e-01	   7.3955429334717149e-01	   7.6750443564811521e-01	   3.5868556500980842e-01	   3.0184048036329092e-01	   2.6774534148184181e-01	   2.1028702164884500e-01	   1.8598575373414339e-01	   1.8365939626994054e-01	   7.3408099758967851e-02	   2.3212620327429095e-01	  -1.2128333330907079e-01	   4.3437190606700127e-01	   4.8957955367340378e-01	   6.4522238803296172e-01	   5.2440192096758032e-01	   4.5845300836077413e-01	   1.8691782580718302e-01	  -3.8113841897993550e-01	
   7.5231838815424590e-01	   6.6412283398775629e-01	   0.0000000000000000e+00	   8.8788052593070166e-01	   7.6704124351028136e-01	   6.9904929425707329e-01	   8.5869195989206104e-01	   7.9149562451353150e-01	   7.7455725227356675e-01	   6.6424622985769943e-01	   5.2185730385391793e-01	   6.0725951806115042e-01	   6.6511450386308613e-01	   7.3086866140907736e-01	   6.5263854921603692e-01	   7.1547580275683542e-01	   2.4979934715350749e-01	   3.4909145752608955e-01	   8.8479907271116609e-01	   8.5871320773664417e-01	   3.2676438332201363e-01	   2.5693247269503167e-01	   8.4863732356365817e-01	   8.4339539215630965e-01	   7.2857862716662725e-01	   6.8624528130835249e-01	   6.0294934967902125e-01	   5.3481653610919988e-01	   1.1325532378700212e-01	   1.4352230526192217e-01	   6.4005917452482330e-01	   6.1566613776575962e-01	   5.6679500306318298e-01	   5.3333908326145252e-01	   7.2429204580185047e-01	   6.7685309902886037e-01	   1.7048480621577977e-01	  -2.6046054462041696e-02	   5.5767486484160778e-01	   4.6426266026066321e-01	   4.9450375061932794e-01	   3.5119559453377924e-01	   4.4571281457781231e-01	   2.9105889596354206e-01	   4.1962299324614127e-01	   4.4338194200800080e-01	   2.8534171255932500e-01	   4.8458624894336788e-01	   4.5292398974599507e-01	   4.9442273791571956e-01	   6.7485724465681118e-01	   6.9792809054250093e-01	   7.2381671285881310e-01	   5.9808784767708201e-01	   6.1183447576695982e-01	   5.8556974502280468e-01	   7.1293598322981222e-01	   7.1102017055344813e-01	   7.7656345391278470e-01	   7.3396218173924588e-01	   7.5637740721781777e-01	   6.3661610999289897e-01	   4.4703391329969289e-01	   2.9344296080257959e-01	   6.1220922197519467e-01	   5.7734554919101311e-01	   8.5726780217609555e-01	   7.8219426219256871e-01	   7.5746022473367569e-01	   8.5198212931616424e-01	  -9.9949649770704085e-02	   7.4058036847350749e-03	   3.1738388679010099e-01	   3.7452953812160938e-01	   4.9193092534091598e-01	   5.1589459583303354e-01	   4.7049001311748101e-01	   5.4473335967478498e-01	   3.5557681264698160e-01	   3.2235975883204393e-01	   3.9156975719526110e-01	   4.7914327594390393e-01	   5.7052447670916073e-01	   5.9226249289943889e-01	   7.5877212558027740e-01	   7.8944989937675092e-01	   7.4565470439255388e-01	   7.1864669961177896e-01	   5.7928818279260474e-01	   7.1936206056823015e-01	   8.1527948231516845e-01	   8.4474635032865653e-01	   7.3328902059254841e-01	   7.9853396444354763e-01	   3.9134627409915529e-01	   1.6952106692863222e-01	   5.5305501538545621e-01	   4.5477187168383165e-01	   7.1137336875585633e-01	   7.4131460239899982e-01	   4.9995809043398570e-01	   5.6859932937095348e-01	   2.2718336994948618e-01	   3.6059854985541850e-01	   1.3644175014380511e-01	   2.8877503934661186e-01	   3.5697672928067087e-01	   5.7454747960561681e-01	  -9.8344932186294025e-03	   4.2030928766435161e-01	   5.9763311125753260e-01	   7.9869936421628696e-01	   8.0248524705534696e-01	   4.9759847559241954e-01	   2.4240397458832480e-01	  -3.1023861135370256e-01	
   7.2024569383574932e-01	   6.9103216556649505e-01	   8.8788052593070166e-01	   0.0000000000000000e+00	   7.3985199699784676e-01	   7.8849039862104975e-01	   8.0753061834626227e-01	   8.9197813748665589e-01	   7.2833852745911454e-01	   6.7732313635204600e-01	   4.9238637822532688e-01	   6.3853288737363567e-01	   6.3238342145715820e-01	   7.6109821762861629e-01	   5.9017070380723247e-01	   7.7760689489251844e-01	   2.7684810407083893e-01	   3.0135203796259674e-01	   8.6900872733589052e-01	   8.9058132121253386e-01	   2.8628922298313597e-01	   1.9758276001610417e-01	   8.2967196793563036e-01	   9.0354318190787208e-01	   7.1953311321434155e-01	   7.1209391715555237e-01	   6.4249986838374507e-01	   5.6247488904010390e-01	   1.3559938956763806e-01	   1.4133898871675518e-01	   6.5736426181173757e-01	   6.6211007135339772e-01	   6.4083879880650285e-01	   6.1761383090772171e-01	   7.3330325161573728e-01	   7.3343460440927766e-01	   8.8873638754275064e-02	  -7.1508359714297393e-02	   6.0115802213662839e-01	   4.6624516400426275e-01	   4.6509395810528376e-01	   2.3643502221776458e-01	   3.9599917186340133e-01	   2.2851382746153007e-01	   4.4545528479898172e-01	   4.5526053361223717e-01	   2.3386557651528031e-01	   4.2855567935695005e-01	   4.5107386879936451e-01	   4.4142469990894828e-01	   6.3057734583024727e-01	   6.3741111548198226e-01	   6.6207464644440561e-01	   5.6756514238602129e-01	   6.3134857714659631e-01	   6.1645610768001025e-01	   7.3556853077786433e-01	   7.2272320119294731e-01	   7.8432836474633350e-01	   7.9557703098758048e-01	   7.9650561381496998e-01	   7.6527046661057851e-01	   5.0524574470150085e-01	   3.8142367590084153e-01	   5.6968098381389121e-01	   6.5307240243229181e-01	   8.0756247900692646e-01	   8.0832553028427845e-01	   7.2058909336412602e-01	   8.1218921320552084e-01	  -4.2126132741557874e-02	  -1.0058899721678263e-01	   3.5520844011550190e-01	   3.3524803823669325e-01	   4.6071202342658440e-01	   5.5833723990553275e-01	   3.5283158882261068e-01	   5.0987367815875484e-01	   3.9663968055686361e-01	   3.3305728993448902e-01	   4.4011549789928317e-01	   4.7465415243076625e-01	   5.3872799409866756e-01	   6.0613144921546047e-01	   6.6343993119093991e-01	   8.4005563030273267e-01	   6.8998242553173206e-01	   6.9294834598034716e-01	   6.2349706453230047e-01	   7.8902332809128661e-01	   7.8067090163392483e-01	   7.6149154591519785e-01	   7.7377100861713088e-01	   7.4272373409230164e-01	   4.0225844109450215e-01	   1.9298969901126234e-01	   4.9646393035503800e-01	   4.2677677797766700e-01	   6.6310833628801280e-01	   6.6124178763757524e-01	   5.6474685372208278e-01	   5.5341226903174612e-01	   3.0336322348016337e-01	   3.7039724457253576e-01	   2.0485190478805221e-01	   2.4229638544427151e-01	   3.7182520013841652e-01	   4.6963726116932225e-01	   3.2776585437465616e-02	   4.4479628565518547e-01	   5.1382251050011374e-01	   7.1041544075656171e-01	   7.7132749374541365e-01	   5.9551854965130957e-01	   2.4730006992567863e-01	  -3.5009451394544605e-01	
   5.6176014288420395e-01	   4.8649208637474944e-01	   7.6704124351028136e-01	   7.3985199699784676e-01	   0.0000000000000000e+00	   7.3170252927356016e-01	   7.2116510857407645e-01	   6.9925822205014665e-01	   8.2618909665473661e-01	   6.2780580441950085e-01	   4.2775125947539805e-01	   5.3359592410924683e-01	   6.0389404611289021e-01	   6.8620393568029892e-01	   5.7833053275617297e-01	   6.9587875179712566e-01	   2.9360535469808541e-01	   3.3729884375419505e-01	   7.0489962583920285e-01	   6.9238911172571083e-01	   3.9484505507428080e-01	   2.8131672197705498e-01	   7.2491132494638078e-01	   7.5556582980771037e-01	   7.3962112442100014e-01	   7.2384416479505465e-01	   5.8121759312445387e-01	   4.6942701059455233e-01	   1.8710447528169796e-01	   2.0600221071266414e-01	   6.8491229410711962e-01	   6.0889738402018467e-01	   5.9340847440478472e-01	   5.5782870610405422e-01	   7.0291477534151592e-01	   6.6603179299885040e-01	   2.7195398668254928e-01	   9.6550883461008041e-02	   5.1782524135934394e-01	   4.1015439969768164e-01	   5.1334573827436003e-01	   2.9182684727068281e-01	   4.8256748684045936e-01	   3.7068504466576191e-01	   4.8141138467431943e-01	   4.8507040852640215e-01	   3.1606455615620277e-01	   4.7376802344905977e-01	   4.8716085834798545e-01	   4.6532901206959421e-01	   6.1007997229421973e-01	   6.4149292513161549e-01	   6.4556698790528078e-01	   6.6018258799382168e-01	   5.2395975313724696e-01	   5.8214830970362508e-01	   6.1087965830763435e-01	   5.5337409174668017e-01	   6.3131886616526323e-01	   5.8435079481504726e-01	   7.2265741165842368e-01	   5.5634762455266729e-01	   3.8480743728009226e-01	   3.1871855108223224e-01	   4.3894175220953668e-01	   4.8962162314980318e-01	   7.6066957613419306e-01	   7.2889503074013151e-01	   6.2428486752493206e-01	   7.1666431744930359e-01	   1.8962673215339409e-02	   1.8628545793947329e-01	   4.1833867047648982e-01	   4.6527084914437311e-01	   5.1988902660036684e-01	   4.8248200951984399e-01	   5.3861531726000789e-01	   5.7743019831344888e-01	   3.2017461470044167e-01	   2.5475836789635475e-01	   4.2606475653015879e-01	   5.1168989675839627e-01	   4.8071818177079317e-01	   5.6380671617797407e-01	   6.4401488907688809e-01	   6.5549113366774880e-01	   5.6409947625158241e-01	   5.6639702685060456e-01	   4.7182621674708236e-01	   5.6449740180267383e-01	   6.9302265392839768e-01	   6.6937724871480242e-01	   5.9909989465454316e-01	   6.1559871579856007e-01	   2.9621522502729591e-01	   1.1494555073286310e-01	   4.9003840771199114e-01	   4.4730779764243123e-01	   6.4454728289405994e-01	   6.6538360721094270e-01	   4.3005467812710746e-01	   6.1315673342105992e-01	   2.7262753813034768e-01	   4.5559988839104071e-01	   2.0820384138331202e-01	   3.4745904948972595e-01	   2.4058824088006930e-01	   5.3498433221431796e-01	  -3.4557748001835399e-02	   3.7850668302625029e-01	   6.6148043466335804e-01	   7.2931240221607796e-01	   7.0703423362015161e-01	   3.6227004872198565e-01	   1.5896653864463647e-01	  -1.6754711185456450e-01	
   5.8665859879951343e-01	   4.7600738708227752e-01	   6.9904929425707329e-01	   7.8849039862104975e-01	   7.3170252927356016e-01	   0.0000000000000000e+00	   7.7763486113807367e-01	   8.5737273665297797e-01	   7.6539028383163699e-01	   8.7920118486047039e-01	   3.5012985132474694e-01	   5.1121069297731114e-01	   7.0619192620761218e-01	   7.7372623043573474e-01	   5.6287552347024561e-01	   7.1066247251439230e-01	   3.1202162873078376e-01	   3.1976170012835337e-01	   7.0594920456524202e-01	   7.0290671226460932e-01	   3.8415433673947169e-01	   3.2140868892559954e-01	   7.2740060682651364e-01	   8.4595600937651350e-01	   7.7381984898579825e-01	   7.1234128566857469e-01	   7.7365110270442439e-01	   7.3001588867311185e-01	   1.2599206144908853e-01	   1.1717611257146079e-01	   5.2615668418329564e-01	   5.2671970594124695e-01	   4.0005190627229875e-01	   3.8498683999594641e-01	   6.5025396692291759e-01	   7.4545840677102304e-01	   1.6927069189222621e-01	   4.4315123462576642e-02	   6.3143189613140760e-01	   5.5857525693262078e-01	   4.0762109403242619e-01	   2.2364165418656418e-01	   2.1399526244182074e-01	   8.4445965051559949e-02	   2.8138384610426120e-01	   2.4354049390559840e-01	   1.5576674764431631e-01	   3.3972231960696442e-01	   2.3327165283909962e-01	   2.5052311981301145e-01	   4.3843873328633010e-01	   4.8510577577125097e-01	   6.4567922486254825e-01	   5.5488519628231125e-01	   5.2004180827741475e-01	   5.1187659884361669e-01	   5.4652870532574660e-01	   4.5616540470318256e-01	   5.4010949964808708e-01	   6.7890283826779085e-01	   6.6480502619609494e-01	   7.9185522030616340e-01	   1.9248482526592950e-01	   8.5113044365981383e-02	   5.4090512639727306e-01	   7.4914890653565447e-01	   6.3670043783189845e-01	   7.3215797058272736e-01	   6.1576688798441703e-01	   7.6773969050873503e-01	  -7.6051460472267726e-02	  -8.1829830195363579e-02	   2.8496790493383284e-01	   2.6076317034258872e-01	   4.1311438367536885e-01	   4.9623924084928911e-01	   3.2364868554331250e-01	   4.0921248964200352e-01	   4.7739187466398142e-01	   3.4176793100347630e-01	   4.2225191585587907e-01	   3.8327197345955411e-01	   4.4823441453634000e-01	   4.9931567886372263e-01	   5.0493683139233991e-01	   8.1183861894289888e-01	   6.1244188834546631e-01	   6.3638526087193659e-01	   6.4388770739138512e-01	   7.7197245131216818e-01	   7.8832680044976478e-01	   7.2705043768150868e-01	   7.8395268506050808e-01	   6.5691184601820307e-01	   4.0219025539218228e-01	   4.0899334772646984e-01	   4.3928258809943455e-01	   4.2655597945189289e-01	   5.8550948500383559e-01	   6.1933967431806836e-01	   4.9272926736371236e-01	   4.4151563713204700e-01	   1.2363637166723110e-01	   2.3928658304623412e-01	   1.6357421855761817e-01	   1.6382143237919256e-01	   3.3958621386516441e-01	   4.6625029989829880e-01	   1.4778138737461141e-01	   4.1124839901881804e-01	   4.9234595076646337e-01	   6.6578141501807120e-01	   7.8190381754939942e-01	   4.3132750638456763e-01	   2.1140493160054388e-01	  -3.6184580979413911e-01	
   5.8991705272109041e-01	   4.8726095858273510e-01	   8.5869195989206104e-01	   8.0753061834626227e-01	   7.2116510857407645e-01	   7.7763486113807367e-01	   0.0000000000000000e+00	   8.8470671899207887e-01	   8.5264296809126561e-01	   7.4917475558746682e-01	   4.3187216312510979e-01	   5.2311808601247445e-01	   8.0183396813140950e-01	   7.2414358797820422e-01	   5.4046252395928096e-01	   5.9794483802911425e-01	   1.9241784476438809e-01	   2.8025857076461641e-01	   7.3530789200274027e-01	   6.7323716981856629e-01	   2.6723879309685927e-01	   2.2928527384353814e-01	   7.3408486311209875e-01	   7.9079047225145960e-01	   5.8475379203072708e-01	   5.2789920541797952e-01	   4.9025150698672060e-01	   4.4142459237863962e-01	   1.0335532139607297e-01	   6.3965070465395624e-02	   5.0716985559742445e-01	   4.9304571781342837e-01	   4.6770665990482485e-01	   4.1247609381007838e-01	   5.8846651596085409e-01	   5.7729082965817624e-01	   1.8046504426768372e-02	  -1.2488813318790686e-01	   5.0435189311494766e-01	   4.3659547195705756e-01	   3.2022018154239951e-01	   1.6654587277349842e-01	   3.3107968381550729e-01	   2.0050336709545186e-01	   3.1148665552525262e-01	   3.0470456993560668e-01	   1.9661521611321020e-01	   3.6146709232239577e-01	   3.3060602183456783e-01	   3.4386064993923671e-01	   5.3790328684103161e-01	   5.9468558753233380e-01	   6.2096503265767711e-01	   4.7165110159120138e-01	   5.3183720706876414e-01	   5.1122284402416074e-01	   5.2651327632404865e-01	   4.9908655263030044e-01	   6.4195756826248318e-01	   6.4108415990259604e-01	   7.7652944802187229e-01	   7.1814860286047799e-01	   2.5564557523889675e-01	   1.5722264113148771e-01	   5.2330109283656345e-01	   6.8629602755007357e-01	   7.1482978570526468e-01	   7.0300804732723177e-01	   5.4159542564350982e-01	   6.9713069177786346e-01	  -4.6086298863651898e-02	   4.8682286826988710e-03	   2.2158966853983730e-01	   2.5460144084125064e-01	   3.9472781665787160e-01	   4.6864844638189651e-01	   3.5751235796289127e-01	   3.9722368827806098e-01	   2.9839393970696398e-01	   2.5149855327761683e-01	   3.1837265860336667e-01	   3.1615608049080068e-01	   4.2718595146484450e-01	   3.6625042023265647e-01	   5.4072880128116807e-01	   7.1480363576717365e-01	   6.3380476000714037e-01	   5.9883142721085314e-01	   6.4854811244777122e-01	   7.2056083161757101e-01	   7.9172966507487397e-01	   7.8025337475744905e-01	   7.5370642170673574e-01	   7.5103037125311001e-01	   3.6800149930410325e-01	   3.5710572095319371e-01	   4.9048015570771497e-01	   4.3794531495042710e-01	   5.9804528202690332e-01	   6.1872158343144534e-01	   5.8166048341849630e-01	   6.1348278062058004e-01	   1.8585586132003756e-01	   3.4325165703068466e-01	   1.1414131135213518e-01	   2.0084116589332773e-01	   2.9376805335634554e-01	   5.6175443707559325e-01	   1.3152476441794961e-01	   3.8783069238563794e-01	   4.8738630386021348e-01	   6.5575048991449625e-01	   7.7568248068641932e-01	   4.6104830857893087e-01	   1.9789805832902035e-01	  -2.2451332700622342e-01	
   6.6208774080737087e-01	   5.9590804742951919e-01	   7.9149562451353150e-01	   8.9197813748665589e-01	   6.9925822205014665e-01	   8.5737273665297797e-01	   8.8470671899207887e-01	   0.0000000000000000e+00	   7.9509306710830596e-01	   7.7972085892569576e-01	   4.9248582067629421e-01	   6.1872350560632139e-01	   7.6254073462057514e-01	   7.7384830923190262e-01	   5.0284156200730357e-01	   6.8480655841155236e-01	   3.1780871883853234e-01	   3.6632108980730760e-01	   7.8369599108558852e-01	   7.6065854273434086e-01	   2.4913973002798984e-01	   1.6932506564436889e-01	   7.7224357993488590e-01	   8.6646236385064257e-01	   6.3299440111362104e-01	   5.9914259430877725e-01	   5.7978351858129973e-01	   5.3060479438901997e-01	   1.5524568386464216e-01	   1.7172434479277016e-01	   5.6135566037574713e-01	   5.7341438900867314e-01	   5.4450203939764563e-01	   5.1432565100300409e-01	   6.1570617338382239e-01	   6.5847807895298271e-01	   1.2107212359534634e-02	  -5.2154115660621975e-02	   5.3046657750819048e-01	   4.4987909204887294e-01	   3.4511901867326700e-01	   1.6398512680979691e-01	   3.2395472224913835e-01	   1.8458670315994621e-01	   3.8845446211104573e-01	   3.7997675712154710e-01	   1.9102452372220424e-01	   3.7649036590484120e-01	   3.9069861621252311e-01	   4.0790859493571524e-01	   5.5700283647053206e-01	   6.2554821352068379e-01	   6.3914673520541809e-01	   5.4702891883559768e-01	   5.5587793170187072e-01	   5.4364464365570808e-01	   6.2648161268352398e-01	   5.5746835176279774e-01	   6.4227073572635862e-01	   7.2486568068409951e-01	   7.9690358319060406e-01	   8.5266032732699792e-01	   3.9775916288892943e-01	   2.9303802055358497e-01	   5.5447828158556911e-01	   7.6303035608550629e-01	   7.1250249843112179e-01	   7.5169355550571082e-01	   6.4729269933132794e-01	   7.4566244147203009e-01	   2.4455890961399569e-03	  -1.0495680573536638e-01	   3.2085610529211106e-01	   3.1852069058004395e-01	   4.2880545925708879e-01	   5.4341867840742153e-01	   3.3346530405024144e-01	   4.4167641893027276e-01	   4.4034177779404249e-01	   3.8132292104077115e-01	   4.6802780479786293e-01	   4.4563537143422710e-01	   4.5935187874689132e-01	   5.1114184867932255e-01	   5.7763492724096122e-01	   7.9932448210157570e-01	   6.2962037904607393e-01	   6.2187536453177372e-01	   6.2609488146497272e-01	   7.5987028912608612e-01	   8.2544454714817328e-01	   7.7965791889467195e-01	   8.3612177171741042e-01	   7.4949948175393977e-01	   4.1340149598326825e-01	   3.8074944814109257e-01	   4.5682292062235152e-01	   4.4482959328644467e-01	   6.4036376730811206e-01	   6.5632494535585217e-01	   6.6820494677310471e-01	   6.3922370994601985e-01	   3.1712494882443798e-01	   4.1627995486269298e-01	   1.9930441986037492e-01	   2.5103173355098868e-01	   3.1304274106282770e-01	   4.9948433637150580e-01	   1.3549973440093924e-01	   4.2704948282660876e-01	   4.5853479174077327e-01	   6.9370570524560382e-01	   8.1976939864311682e-01	   5.5913345654167668e-01	   2.7306454237864491e-01	  -2.8144648073576733e-01	
   5.6643869140684655e-01	   4.8137363932544902e-01	   7.7455725227356675e-01	   7.2833852745911454e-01	   8.2618909665473661e-01	   7.6539028383163699e-01	   8.5264296809126561e-01	   7.9509306710830596e-01	   0.0000000000000000e+00	   7.9626939362478910e-01	   3.9094716820691877e-01	   5.0229904193542663e-01	   7.7493095353051111e-01	   7.6023220564157512e-01	   6.2247358989482815e-01	   6.9792158650817293e-01	   1.6025460721184698e-01	   2.5754999938605888e-01	   6.9747377705161484e-01	   6.7152888750091611e-01	   2.9904116011186660e-01	   3.0685541320122989e-01	   6.6247987430922795e-01	   7.2614132471413129e-01	   6.1219365036600082e-01	   5.8133717470843760e-01	   4.5176178633672659e-01	   4.0173093955368289e-01	   7.6845090021660623e-02	   1.1146651602717472e-01	   4.9720952107498606e-01	   4.4646919165522825e-01	   3.5164117907566317e-01	   3.3836120831192440e-01	   5.7407636476447887e-01	   5.7326811839522229e-01	   1.5791599458718947e-01	  -1.4706956794383891e-01	   4.3076573759786729e-01	   3.1554026816532132e-01	   3.3352056506889938e-01	   1.6320485999621681e-01	   3.9394062337941799e-01	   2.7169558021521789e-01	   3.3186780933053023e-01	   3.2180287284590214e-01	   2.6392051649905612e-01	   4.2152084006844892e-01	   3.4805022932485458e-01	   3.7025716989973739e-01	   5.7433421678921870e-01	   6.1279040177129251e-01	   6.7224830033008309e-01	   5.7029339483295094e-01	   5.4499474255987779e-01	   5.4764927793416829e-01	   5.2739001510523154e-01	   4.8610589234928508e-01	   5.7842756247450910e-01	   5.6509887772970746e-01	   7.3236164657654734e-01	   6.0099784542120305e-01	   2.1347835093999787e-01	   2.1111226122083088e-01	   4.5111851918978579e-01	   5.8750414515288951e-01	   6.7572913774590304e-01	   6.5782206937998811e-01	   5.9044794741496254e-01	   7.2712804513690221e-01	  -3.2870126002634031e-02	   1.1146236217237696e-01	   2.7487717506124187e-01	   3.6621651046803799e-01	   4.7757960449766779e-01	   4.6359433585969989e-01	   4.8993317299613670e-01	   5.3954774828611751e-01	   2.1846375563744802e-01	   1.8112462115394606e-01	   2.8185633324840687e-01	   3.8479142760556478e-01	   4.1478453987109054e-01	   4.8646171271166083e-01	   5.6761382447583142e-01	   6.8413849238143087e-01	   5.6245057941320042e-01	   4.8885873187962736e-01	   6.4373370534100927e-01	   6.6444292502340940e-01	   7.6655723222892869e-01	   7.4858259823059115e-01	   6.8221458935570511e-01	   6.8948368322211717e-01	   2.5763153856420951e-01	   1.6468642358169017e-01	   4.2333461796268895e-01	   3.6359004466737838e-01	   6.2776674112088371e-01	   6.4822025566387276e-01	   4.4644791862968669e-01	   5.9538800054234842e-01	   2.0761383059395067e-01	   3.5215551458034300e-01	   1.5249465184790689e-01	   2.3743317296974920e-01	   3.0373312999689972e-01	   4.8548374802903238e-01	   1.2837556920125335e-02	   3.5188273262915387e-01	   5.5005421694288215e-01	   6.9276685362401824e-01	   7.6692310756795545e-01	   3.5272737360415229e-01	   1.7701649103495465e-01	  -1.6870488274118625e-01	
   4.9057341977303381e-01	   3.5114117877191081e-01	   6.6424622985769943e-01	   6.7732313635204600e-01	   6.2780580441950085e-01	   8.7920118486047039e-01	   7.4917475558746682e-01	   7.7972085892569576e-01	   7.9626939362478910e-01	   0.0000000000000000e+00	   2.4007078604175525e-01	   3.3170219553638974e-01	   6.6725870051156977e-01	   6.6273172741447972e-01	   5.4214162512618325e-01	   7.0164520126188867e-01	   4.2831733952731668e-02	   6.7780562451805429e-02	   6.3741677009754216e-01	   6.0822801193209830e-01	   2.5672289278684896e-01	   3.1264096952839959e-01	   6.4136929772873175e-01	   7.5524204118140648e-01	   7.0626314080514696e-01	   5.9202487493864753e-01	   6.7683114085301221e-01	   6.3875048813229995e-01	  -8.0078252173795134e-02	  -3.2370588635384501e-02	   3.0031572836650994e-01	   2.8094115212971776e-01	   1.2909884243823011e-01	   1.0784286215977733e-01	   5.7969817147111113e-01	   6.3405139859995674e-01	   7.1063542256207646e-02	  -1.0389764394237688e-01	   4.1520700748828987e-01	   3.5316676285416104e-01	   1.7633835204090131e-01	   5.6748280478528271e-02	   1.7654628092902766e-01	   6.2201682148414900e-02	   2.3888348068879456e-01	   1.8347783244635829e-01	   1.0271617439423222e-01	   2.8074073133737504e-01	   2.1622979720674798e-01	   2.8995214954959281e-01	   3.9948002918429992e-01	   4.6830320872348541e-01	   5.6277859109797057e-01	   4.0992129801798199e-01	   4.8239609519735416e-01	   4.4272211331527817e-01	   4.2131871886205030e-01	   3.7721033570352736e-01	   5.0508076811802094e-01	   6.5136335233498599e-01	   6.5424242428320634e-01	   7.6975852137428902e-01	   7.3896597367957024e-03	  -8.5768753052324537e-02	   6.0697714366191158e-01	   7.6066630889062481e-01	   5.9032918043435634e-01	   6.6105065867960944e-01	   5.7749699896164008e-01	   7.9859923463982219e-01	  -1.5664318131628885e-01	  -5.4548429224720009e-02	   9.9913742255641605e-02	   1.5705498620056102e-01	   3.2622291756530403e-01	   3.0414382800514794e-01	   2.9558358556801567e-01	   3.6375179078052589e-01	   2.0976976361475944e-01	   8.9114330588839191e-02	   1.7454444729173771e-01	   2.0284761107470989e-01	   3.3390645379591966e-01	   3.5602904359802012e-01	   4.9908524535652310e-01	   7.6950047547476030e-01	   6.1719115609806674e-01	   5.6728632415465163e-01	   6.9732822269927497e-01	   7.6063096857919721e-01	   7.8181808682556397e-01	   7.7546852788509169e-01	   7.8288832516190232e-01	   7.2199055084548658e-01	   2.9421632884628740e-01	   4.1603629130542524e-01	   2.8598485251004657e-01	   3.0640040279489333e-01	   5.5387743356260488e-01	   5.9069272914157422e-01	   4.7474540417229871e-01	   5.0519659480382950e-01	   1.1823137396894461e-01	   2.7393771399710815e-01	   1.3028515753328543e-01	   1.6552921301939050e-01	   4.0554655772070414e-01	   4.8360665153779081e-01	   2.0270079347180134e-01	   2.9465547960069810e-01	   3.7522045393198467e-01	   6.3007311868842142e-01	   7.8866695785116481e-01	   3.8739012658436189e-01	   2.5109117669907266e-01	  -1.9254947840046166e-01	
   7.6874091578481751e-01	   6.9469220637078466e-01	   5.2185730385391793e-01	   4.9238637822532688e-01	   4.2775125947539805e-01	   3.5012985132474694e-01	   4.3187216312510979e-01	   4.9248582067629421e-01	   3.9094716820691877e-01	   2.4007078604175525e-01	   0.0000000000000000e+00	   7.3398102393793596e-01	   6.8026410398879111e-01	   6.0510788873426813e-01	   5.8536127142674310e-01	   3.3164005733886959e-01	   5.3195275593250835e-01	   5.5767926847665228e-01	   6.5952199334522144e-01	   6.1735585390243053e-01	  -4.9055247319927636e-02	  -1.6027836191203337e-01	   3.5761371259321995e-01	   3.6223839683208098e-01	   2.5488373496927369e-01	   2.8639868176927652e-01	   1.7062959614308398e-01	   7.9525855499616410e-02	   5.5358183886946821e-01	   4.9525189250939727e-01	   4.7643855790636963e-01	   4.8507392504435931e-01	   5.5449215959973652e-01	   5.5558626146230028e-01	   2.9401106091888629e-01	   2.2345946428349545e-01	  -1.3766417634640304e-01	  -4.4721508963411767e-02	   2.7558991555799806e-01	   1.9954890353001992e-01	   4.0503438338430930e-01	   3.5206988457393240e-01	   4.8698695637404277e-01	   3.9684540431998905e-01	   4.1673690762756344e-01	   4.8023084411347372e-01	   3.9208794909564815e-01	   4.8629685896788954e-01	   4.6199221541079361e-01	   4.8435330384309194e-01	   5.9800056602217400e-01	   5.8507866147041687e-01	   6.0790352894643629e-01	   6.5073796052088895e-01	   5.1356442953529169e-01	   4.8455539709903767e-01	   6.0567026659166445e-01	   5.1851502397574722e-01	   5.0937541498120265e-01	   4.9700886778658704e-01	   6.4214679140735420e-01	   3.8786567320279419e-01	   6.3796694641574314e-01	   5.3429269809922497e-01	   2.7350827845704812e-01	   1.3463139679725517e-01	   4.6435265780884538e-01	   3.6530444771793197e-01	   4.7854385515272957e-01	   4.4401329228560016e-01	  -1.6543904156790204e-02	  -9.5498777347044567e-02	   5.0196608320843261e-01	   4.2575493707587103e-01	   6.0872468317217576e-01	   6.4750798276373478e-01	   4.2889520706197071e-01	   3.9885589962487633e-01	   4.8178483667857297e-01	   5.7971598456456286e-01	   6.1895056278706939e-01	   5.9129360790544849e-01	   6.4641529480021531e-01	   5.3470314306079358e-01	   7.1841583890893790e-01	   4.8791908926877559e-01	   4.5534570560183635e-01	   4.0409299060156112e-01	   1.9825474546890637e-01	   3.4897641753572500e-01	   4.6518290721696859e-01	   3.8533461677611613e-01	   3.4525241706944504e-01	   3.4583651660295006e-01	   4.6216136436872124e-01	   1.5541742652205282e-01	   5.0066175336318020e-01	   4.9884789566994109e-01	   6.1012755212788750e-01	   6.0740371357269096e-01	   3.1106050594043766e-01	   2.7373930572645483e-01	   1.3651329146017183e-01	   1.9698395132643556e-01	   5.2060448998878517e-02	   7.9922942301937500e-02	  -2.1624648262508855e-01	   3.1349071936774164e-02	   1.0518952983539016e-02	   4.8202168260442513e-01	   3.6644295034524943e-01	   5.4206982533055326e-01	   4.8209274559946858e-01	   3.2548382445250063e-01	  -2.1303501400961329e-02	  -3.8823005977931707e-01	
   7.8725419797091978e-01	   7.6407358244395640e-01	   6.0725951806115042e-01	   6.3853288737363567e-01	   5.3359592410924683e-01	   5.1121069297731114e-01	   5.2311808601247445e-01	   6.1872350560632139e-01	   5.0229904193542663e-01	   3.3170219553638974e-01	   7.3398102393793596e-01	   0.0000000000000000e+00	   5.8005766936078040e-01	   8.0057179821522284e-01	   4.8753739006798175e-01	   4.8926119637959142e-01	   6.7748335168964502e-01	   7.4483091571144810e-01	   6.8349607946254842e-01	   7.0656516839427386e-01	   1.5524704175717483e-01	   2.2468665757587145e-02	   5.0385791113534306e-01	   5.5855214339404347e-01	   4.4402156792383241e-01	   5.1007996594908511e-01	   3.8013206502989477e-01	   3.5764436416854017e-01	   4.6970798863191515e-01	   5.9784118671397102e-01	   5.6300559903811154e-01	   5.5627725631789471e-01	   6.2972303080951653e-01	   6.5464414364021994e-01	   4.0588255225765146e-01	   3.8562869889908913e-01	   1.1479686416733231e-01	   3.7439467217199006e-02	   4.0031855056906041e-01	   3.2778033314947630e-01	   5.3301235517065437e-01	   3.8286496302227924e-01	   4.3104502730401317e-01	   3.1587044755362337e-01	   3.9874831211356387e-01	   4.1944752804283936e-01	   3.6019636633580349e-01	   4.9907924778825319e-01	   3.8930390020340810e-01	   3.1745790103678773e-01	   5.6876709638795986e-01	   5.2034044159023463e-01	   6.2967134928850088e-01	   7.2090686764642120e-01	   5.2666695207457903e-01	   5.3997796922252816e-01	   7.7160015075767929e-01	   6.5352565483886527e-01	   5.4301809616757779e-01	   4.7118097889151145e-01	   6.4139810730287627e-01	   5.0961327870311435e-01	   7.6113632105045703e-01	   6.5107548087896538e-01	   2.7399421557274894e-01	   3.0261157463872718e-01	   5.2567954983002962e-01	   4.5939592649055183e-01	   6.4663523898869013e-01	   4.9181760486306503e-01	  -5.9476558261291904e-02	   1.0227790559370248e-01	   5.0684507060015438e-01	   6.6220891107149482e-01	   6.1316262783557818e-01	   7.1142620931619283e-01	   4.9705845348129674e-01	   6.2479902061236292e-01	   6.7214524446418444e-01	   7.2903773275133232e-01	   7.5099635357596228e-01	   7.7735303331423267e-01	   6.6306094415343630e-01	   6.7786911519876469e-01	   6.2031478452538868e-01	   5.6319443563238403e-01	   3.8681993512816476e-01	   3.5332385638895214e-01	   2.1317087276446528e-01	   4.3211921459525715e-01	   5.2920138164670472e-01	   4.1016660100664809e-01	   4.3431452198464171e-01	   3.5366679837398840e-01	   2.9648794143965290e-01	   3.6319256324022220e-02	   4.6233350297047299e-01	   4.7713080025028337e-01	   5.6029777846906192e-01	   5.7656949197037455e-01	   2.9778497671019549e-01	   2.1110938162759962e-01	   9.1000032039633000e-02	   1.4892007651972289e-01	   1.5860192352974013e-02	   8.9423576738989569e-02	  -4.4046639052666009e-02	   1.9226818736761567e-01	  -9.2557763275368715e-02	   4.1028289518490579e-01	   4.3292279841719666e-01	   5.6023402413129331e-01	   5.0997063814046995e-01	   3.2099179402473083e-01	   2.9345704386800016e-02	  -3.8786793967048860e-01	
   6.2672213190886661e-01	   5.4032768994221581e-01	   6.6511450386308613e-01	   6.3238342145715820e-01	   6.0389404611289021e-01	   7.0619192620761218e-01	   8.0183396813140950e-01	   7.6254073462057514e-01	   7.7493095353051111e-01	   6.6725870051156977e-01	   6.8026410398879111e-01	   5.8005766936078040e-01	   0.0000000000000000e+00	   7.6506851729900671e-01	   6.4638191511017418e-01	   4.5440358184204205e-01	   2.4404905787156561e-01	   3.4105638930268922e-01	   6.6571499585059057e-01	   6.0508819973018890e-01	   1.7875417790692144e-01	   1.2039886661418986e-01	   5.8843197892200294e-01	   6.3498148342581984e-01	   4.6097303887036001e-01	   4.1439151078517300e-01	   4.0290700642812216e-01	   3.5102975021332922e-01	   2.2784591115118452e-01	   1.1940718604688921e-01	   4.1416916338029858e-01	   4.2402235544629596e-01	   3.5547445658545507e-01	   3.1592700423789344e-01	   4.8239292908233616e-01	   4.5263015773889681e-01	  -1.8570772459003036e-02	  -1.5363420195183780e-01	   3.8334030224419730e-01	   2.6131354117457828e-01	   2.9157952759445155e-01	   1.6536664233297960e-01	   2.6895353914658859e-01	   1.6017305858989778e-01	   2.5815974577098610e-01	   2.5640087793950117e-01	   1.6933716479066335e-01	   3.1698670621721436e-01	   2.5960479314771612e-01	   2.7742257807437409e-01	   5.1991525033165231e-01	   5.4366762490892606e-01	   6.4041470473822804e-01	   5.5143457073649027e-01	   4.5379050365902507e-01	   4.1565033986927369e-01	   4.7224848222622123e-01	   4.2769397308478646e-01	   5.0399110652480883e-01	   5.0937082562156344e-01	   7.5513108204260049e-01	   6.5450627225678226e-01	   2.4124463745136443e-01	   1.4793590370934029e-01	   5.0482920969454459e-01	   5.8535663546885042e-01	   5.5727389451735676e-01	   5.4951736966875186e-01	   4.6685027977098592e-01	   5.9392385548794957e-01	   4.5436708423513841e-02	  -1.5367256811112971e-02	   3.2885630698659207e-01	   2.6583335507454908e-01	   5.1599694319741118e-01	   6.2251592864710448e-01	   3.9759615028052708e-01	   3.4391002379341140e-01	   3.0878020231080222e-01	   3.2161188720788209e-01	   3.4654423663631684e-01	   3.4453651896274345e-01	   4.5658474927316672e-01	   3.7253983145122277e-01	   5.7093660268656954e-01	   6.8224134987729956e-01	   5.3084677797379998e-01	   4.7100463907908463e-01	   5.2228205265853855e-01	   5.7980624606605558e-01	   6.4553932761812804e-01	   6.2748204067128277e-01	   5.9769363397350928e-01	   5.8059427969154631e-01	   3.5921758028740397e-01	   1.9931896688526030e-01	   4.1974320893395073e-01	   3.8185997487982287e-01	   5.2613236210125980e-01	   5.7946671079241230e-01	   4.2314768333297553e-01	   4.8430820743417979e-01	   7.7396513486747240e-02	   2.3366741702631344e-01	   1.0701180878636492e-01	   1.4648135123661868e-01	   4.9079973504332075e-02	   2.2862023787159960e-01	  -6.7884168486411853e-03	   3.7804640697343361e-01	   4.0693581345147639e-01	   5.5729026503559576e-01	   6.5671490250926889e-01	   2.5295645484828894e-01	   4.4138909086307583e-02	  -3.5658903277556087e-01	
