   0.0000000000000000e+00	   8.9506882695276357e-01	   8.0436343281341527e-01	   7.9407642389128918e-01	   6.8779658284129330e-01	   6.8251838588285518e-01	   7.3712298217050909e-01	   6.7623396160444260e-01	   6.7718550542788203e-01	   5.1888953740072452e-01	   6.7785845749495355e-01	   6.0656137374607133e-01	   6.0940881998187868e-01	   5.6892763612232267e-01	   6.8218450353068627e-01	   6.3591174248991689e-01	   4.7459257172612002e-01	   4.7153462740468488e-01	   8.7735691650140313e-01	   8.1208932059195504e-01	   2.8324258342167830e-01	   3.1291518054586309e-01	   7.0491001517985397e-01	   7.1065296136140543e-01	   5.3986034861350052e-01	   5.4504518531261614e-01	   5.5366218900193609e-01	   5.3876852955407462e-01	   4.2746226535578374e-01	   4.5224491054261651e-01	   7.0756082250206642e-01	   6.7145475204754890e-01	   7.4700492306832800e-01	   7.2358916690339448e-01	   3.7497227085264018e-01	   3.8739035952065248e-01	  -3.3729783644671010e-02	  -1.8296206295992229e-01	   4.6007325500499696e-01	   5.2777503750910382e-01	   4.0128344497074731e-01	   5.0457686177279304e-01	   6.5341357597619287e-01	   5.1094847360411688e-01	   3.1685783286955505e-01	   3.8850246826602375e-01	   6.2440726027919025e-01	   5.9031350476333888e-01	   3.2122567293942250e-01	   4.6332809628477667e-01	   5.2888156250070895e-01	   4.0734626227178450e-01	   5.7236379759785450e-01	   4.7592296794746614e-01	   7.3629193464743636e-01	   6.4876420905937060e-01	   8.7895721026937657e-01	   8.2921292707787320e-01	   7.2579903040393079e-01	   5.3435456328151809e-01	   7.2032456567679637e-01	   5.3430739010423234e-01	   4.8187514820110677e-01	   4.9591142945638400e-01	   5.3435526195579242e-01	   4.4402252065875292e-01	   4.7788192854259570e-01	   3.7937991954005162e-01	   4.5096807128855665e-01	   3.8287774413082321e-01	   5.4360197247879283e-01	   5.1614497876787768e-01	   5.9913424164945983e-01	   5.7798718942649607e-01	   5.4908205475254634e-01	   6.5123505273314541e-01	   6.4568791907830125e-01	   5.0736020459070363e-01	   4.1702104178835708e-01	   4.2264784282324552e-01	   6.4063489372514038e-01	   6.7301716018971702e-01	   7.1569342400894187e-01	   6.8405699728790470e-01	   7.5756576352678451e-01	   6.7638157986191882e-01	   5.1395469052674048e-01	   6.7843175051573201e-01	   6.5032497982857618e-01	   6.6952874038127952e-01	   1.5917197189371607e-01	   3.7442363288895542e-01	   2.3559704707897139e-01	   3.7660963454545937e-01	   2.8780874174869941e-01	   9.9529051506192734e-02	   6.2958727844725915e-01	   6.6653443101437393e-01	   6.8482657260843394e-01	   6.7092092530284864e-01	   4.4629291623225942e-01	   4.5772908125862666e-01	   4.5245940385612493e-01	   4.4222898367925029e-01	   4.3836208557520948e-02	   9.3876919917186483e-02	   4.7231079204089821e-01	   1.4508271205544693e-01	   2.4844603503865019e-02	   1.7667678476689500e-01	   4.7155935088884232e-01	   2.0580442766430465e-01	   1.3031767406444383e-02	   4.9219618415527888e-01	   2.5739347719965766e-01	   8.9085210056285193e-03	
   8.9506882695276357e-01	   0.0000000000000000e+00	   7.7100295077136483e-01	   8.3089703177601637e-01	   6.3395946166852468e-01	   6.7482099134075402e-01	   7.0175469813458324e-01	   7.3175721043732667e-01	   5.4227691363624519e-01	   4.3158522568864066e-01	   5.5477938072903810e-01	   6.6129612636316659e-01	   4.9652291065805032e-01	   6.0217009426368318e-01	   6.0837532336149502e-01	   5.5631214229302972e-01	   5.3509719247782261e-01	   5.8828398335055643e-01	   8.6610065045050399e-01	   8.5401212087497147e-01	   3.0104971046802370e-01	   3.3975749721838627e-01	   6.6929792531555465e-01	   6.9730525990840664e-01	   5.0692123356517049e-01	   5.6002164753951211e-01	   6.0928278456405749e-01	   5.8503704715706939e-01	   4.4565739004883947e-01	   4.9766833873159966e-01	   7.1602152485561699e-01	   7.1136844010690847e-01	   7.7989290665770561e-01	   7.7668144338553136e-01	   2.5474044107891780e-01	   2.7153981789744797e-01	  -8.7939545351068044e-02	  -2.1699764656383169e-01	   5.4650778479527673e-01	   5.6990126483834991e-01	   4.5214657697975735e-01	   4.6802479388837959e-01	   6.7523023036895147e-01	   5.7367956772031725e-01	   3.6843880119640399e-01	   4.4769887679848930e-01	   5.7364856198662828e-01	   5.8103317627960571e-01	   3.8565758185245647e-01	   4.9690669015516170e-01	   5.6187767175321557e-01	   4.6669452304778564e-01	   5.0743712598686297e-01	   4.6080575851211514e-01	   7.2460405264346561e-01	   6.9851426425279972e-01	   8.6372734395083495e-01	   8.5503109498720253e-01	   7.2672323431385788e-01	   6.0735955168606814e-01	   6.5931714985084555e-01	   5.0756812647604388e-01	   5.6924644341106001e-01	   6.6035826968649480e-01	   4.8087018762709438e-01	   3.1614933640240850e-01	   5.2893425191122123e-01	   4.1838095800256775e-01	   4.5196948666474157e-01	   3.9028467655681442e-01	   5.7000243922624072e-01	   5.2973867940861541e-01	   6.7456720421284488e-01	   6.5224403651996399e-01	   5.9770763228676138e-01	   7.0542281617572689e-01	   5.6036210652819962e-01	   4.8174268020526273e-01	   4.7432186453478309e-01	   4.9543170767509748e-01	   6.5863254448548214e-01	   7.3602730512362868e-01	   7.1712625381323658e-01	   6.3354836722451269e-01	   7.0524770618079102e-01	   6.9510333596107621e-01	   6.2207135458420570e-01	   7.1702237293797633e-01	   7.3226728575551414e-01	   7.4899935233936310e-01	   2.8138312435661540e-02	   2.1704839577459523e-01	   1.4676967754289719e-01	   2.5572349019083007e-01	   2.6719501221400599e-01	   1.0655412041889391e-01	   6.5293359170934995e-01	   6.8241802650610406e-01	   6.2851790628362103e-01	   5.7682870047174029e-01	   5.2020359128430027e-01	   4.6063521604792751e-01	   5.2829617762487335e-01	   5.0704616124818502e-01	   1.0268138378229705e-01	   9.8413213177251616e-02	   4.9344875769677787e-01	   3.4253427345895870e-01	   6.2832488622607208e-02	   1.1880719083247375e-01	   3.7399683471323625e-01	   6.4176892605730812e-02	  -1.1916477109095376e-01	   4.0270528655203514e-01	   1.0974337299265804e-01	  -1.0527794477119724e-01	
   8.0436343281341527e-01	   7.7100295077136483e-01	   0.0000000000000000e+00	   8.3568065981576023e-01	   7.6938561144308060e-01	   6.7638630937155986e-01	   8.6224526204747609e-01	   7.0805594502836633e-01	   6.4574285613948113e-01	   4.6820646314775771e-01	   6.1306481601656593e-01	   5.5309543411403950e-01	   5.7083329611873834e-01	   5.9414977422755966e-01	   7.3201123559156889e-01	   6.5174315228637369e-01	   3.1838075466054949e-01	   3.8806630071338555e-01	   8.5422277824786841e-01	   7.8374969707061592e-01	   3.6961762735106890e-01	   4.6761804118073785e-01	   8.1895802987670052e-01	   7.7374995023391524e-01	   6.3963534564698588e-01	   6.1344282503860936e-01	   6.0591360453956034e-01	   5.8844813983976474e-01	   3.1577769881898798e-01	   3.3815079235998258e-01	   8.0203395005214162e-01	   7.4554276012544252e-01	   7.6562073534526354e-01	   7.3400673065970601e-01	   4.9116324921999710e-01	   3.9932127690258429e-01	  -2.9670206570035072e-02	  -1.7429341003155091e-01	   5.8429705732013293e-01	   5.5430977589529695e-01	   4.2580047603280435e-01	   4.7072088313488653e-01	   5.5365372373009403e-01	   4.0709354662680575e-01	   2.1359781085495999e-01	   3.0259235530360229e-01	   5.2980877458102438e-01	   4.8997283463132324e-01	   2.4287258819119395e-01	   3.1080408311811425e-01	   5.1049801926694038e-01	   3.2976435719626312e-01	   4.2037512566818430e-01	   3.4229193291412069e-01	   6.9071169133575017e-01	   5.3514909195339311e-01	   6.2187366047360759e-01	   6.6713558361710779e-01	   7.1512043577833295e-01	   4.5539166677933440e-01	   6.8670319975164107e-01	   4.7010225922792953e-01	   4.0146213929861585e-01	   4.8368678998526249e-01	   6.4365803039993985e-01	   3.8147217901762959e-01	   5.6709030811882188e-01	   3.8703983722441437e-01	   3.9177334153869503e-01	   3.4843557308320267e-01	   6.8197421654909407e-01	   5.4494769620365535e-01	   5.2760838532716414e-01	   4.8761036469423302e-01	   4.8195045369300826e-01	   4.9631678840801297e-01	   3.9354082706421922e-01	   3.2010922116720730e-01	   2.7796987036628235e-01	   3.8096207330918175e-01	   5.1037530329903336e-01	   6.1315827597917316e-01	   7.9710397049703108e-01	   7.0354261634844040e-01	   8.4335453269509264e-01	   7.2710910889374447e-01	   6.7693893592579324e-01	   7.8471792037871158e-01	   7.2443645907571597e-01	   6.7922458342323444e-01	   1.6471384292556585e-01	   3.6658441090298688e-01	   2.5910504087983449e-01	   4.8253002517382459e-01	   3.5003397884999354e-01	   1.8419708453176481e-01	   6.6039729423122495e-01	   5.4203872074724568e-01	   5.1648104905692793e-01	   5.3181556716118816e-01	   3.3193979279304642e-01	   3.6686039677252053e-01	   3.8607253388761104e-01	   3.7817468001881527e-01	   1.0252122355060375e-01	   2.3382246448984892e-01	   3.2893450338454000e-01	   1.7760562601007096e-01	   1.1847600501636807e-01	   1.2477971015793499e-01	   4.2088338640783185e-01	   1.6634632856526074e-01	  -5.9921580602510162e-02	   3.9907524805009864e-01	   3.1676147447244174e-01	  -5.0906558625383756e-02	
   7.9407642389128918e-01	   8.3089703177601637e-01	   8.3568065981576023e-01	   0.0000000000000000e+00	   6.4227310326010845e-01	   6.7923400205912021e-01	   7.6594523700235606e-01	   8.7104943847430860e-01	   5.4229252881825685e-01	   5.0554932916197770e-01	   5.7520090821150338e-01	   6.9752161257544187e-01	   5.5399100072587382e-01	   6.8321217481404650e-01	   6.2074189189103068e-01	   6.3198510933589858e-01	   4.2972197511323040e-01	   4.9955879470084630e-01	   8.4129354416189783e-01	   8.5757642975022752e-01	   2.9776036386628968e-01	   4.2883775356451159e-01	   7.7170540825472056e-01	   8.3756016607979045e-01	   6.1227557339342020e-01	   6.5037460556403259e-01	   5.4484130451115886e-01	   5.5865549270831727e-01	   3.7461869950504645e-01	   4.7345312376434912e-01	   7.7618977943667800e-01	   7.9553425119799770e-01	   7.8365009969202826e-01	   7.9688415821070746e-01	   4.8407945330573110e-01	   4.5687587741331709e-01	  -4.9491217728089010e-02	  -1.4982851492060839e-01	   4.3796166470573195e-01	   5.0929996540728284e-01	   3.6097661980694068e-01	   5.3612591624572936e-01	   6.4130596369688653e-01	   5.4788002002047742e-01	   3.1149513819152763e-01	   4.2253102290417655e-01	   6.0424322299988531e-01	   5.9775607529519670e-01	   2.9454873497056722e-01	   4.3282928252438496e-01	   5.1092642315521131e-01	   4.3581042216449495e-01	   4.7756371049942575e-01	   3.8681320912903250e-01	   6.6927294076628174e-01	   5.9890372760289012e-01	   6.8600972958363249e-01	   8.0227134009970591e-01	   7.1726627177971081e-01	   6.1736409466094844e-01	   6.5831408307079986e-01	   6.7264869506268032e-01	   4.3810354255385231e-01	   6.1396462397307239e-01	   5.4706992625383122e-01	   5.4816423220789956e-01	   6.1391842803322239e-01	   5.5506905416851571e-01	   4.4239487017827478e-01	   4.2858554053587777e-01	   6.0621491724151833e-01	   5.5441647684213902e-01	   5.7932349426029284e-01	   6.4672158008421277e-01	   4.9398617334255235e-01	   6.2968284795451201e-01	   4.9799653217037299e-01	   5.6587232918059793e-01	   4.0920027881390741e-01	   4.5251671169423835e-01	   5.7509193204969922e-01	   6.8465179682122745e-01	   7.1537448440360163e-01	   7.1246362644444905e-01	   7.5683337740314194e-01	   7.8909240108212797e-01	   6.1513933705996116e-01	   7.1791189179131565e-01	   6.8229358933667683e-01	   7.3196900356146988e-01	   1.8300754387237647e-01	   3.4718898951598653e-01	   3.7411961121081072e-01	   4.1988996049359956e-01	   3.2235433045902828e-01	   1.7353312737003962e-01	   6.5639931025717324e-01	   6.1599241424885631e-01	   5.8732877841111542e-01	   5.7412586026805645e-01	   4.7220092647024187e-01	   3.8776636469526327e-01	   5.2267756258014542e-01	   4.0779584947573772e-01	   1.9690192290605046e-01	   1.8487257140409452e-01	   3.9074505643856794e-01	   2.4273962850429559e-01	   1.0997512099660312e-01	   1.5837608832854930e-01	   4.8148784929520205e-01	   2.6137565441995353e-01	   2.6077196914020613e-02	   4.9395481357133630e-01	   2.9433437460106404e-01	  -4.1305525936781787e-02	
   6.8779658284129330e-01	   6.3395946166852468e-01	   7.6938561144308060e-01	   6.4227310326010845e-01	   0.0000000000000000e+00	   8.6463276319349514e-01	   6.5517719413887587e-01	   4.6217128915999861e-01	   8.2810305368906378e-01	   5.9951349295425460e-01	   4.8795836666113718e-01	   3.6106490712693701e-01	   5.2286123761645564e-01	   4.0012545706764902e-01	   7.9176105678794362e-01	   7.3610331059202705e-01	   1.3738220263740092e-01	   1.3783506460331374e-01	   7.1187103260484874e-01	   6.2220162530841550e-01	   6.5931203547362249e-01	   6.2647106954916387e-01	   6.4051742383644827e-01	   6.1852008823121252e-01	   5.7094374064726283e-01	   5.5945982322097088e-01	   7.5377902853313561e-01	   6.8636962299208459e-01	   1.7061679334688803e-01	   1.2151569765984176e-01	   5.8381828796163104e-01	   5.3288651427209655e-01	   5.6219039797260983e-01	   4.9119062399008340e-01	   5.4919564565277368e-01	   4.4800578543791919e-01	  -3.2771107158322654e-02	  -1.4405985792421616e-01	   6.2194238712543692e-01	   6.0348053388397782e-01	   5.1380065908971684e-01	   4.2411622295044782e-01	   4.5356105071230474e-01	   3.5460079043362813e-01	   1.9089924765884719e-01	   2.5044472378823712e-01	   4.4736498237964006e-01	   4.5612199138327941e-01	   1.9789329081977958e-01	   2.1821006091851697e-01	   3.4727155461277714e-01	   2.0780002238889722e-01	   4.1094604828957731e-01	   4.0911212453022172e-01	   6.7815413046614181e-01	   5.3933074811500292e-01	   5.5508781159350096e-01	   5.4249522606255118e-01	   6.8383768765592001e-01	   4.6850934403006589e-01	   5.9781023934296451e-01	   3.2972167782959499e-01	   2.6640405274503975e-01	   2.3822863791918830e-01	   5.4086187047143874e-01	   3.4194628379736192e-01	   5.1726821028810632e-01	   3.6958586011691386e-01	   3.3682310911907232e-01	   3.1088244748138338e-01	   6.8794963391608432e-01	   3.8925054716168384e-01	   4.5637219329148626e-01	   3.4031532028030193e-01	   4.4256044451895382e-01	   4.4868748348736265e-01	   3.4963265627099227e-01	   2.0328927853184428e-01	   1.1973621300709510e-01	   1.5355783464133946e-01	   2.8273595058771250e-01	   4.2060392697422644e-01	   7.2749295303424677e-01	   6.3256427775090696e-01	   7.5611115200804602e-01	   6.9846100884670459e-01	   5.3487565233588041e-01	   6.2992693802739486e-01	   7.1444585889770673e-01	   6.6483080697849672e-01	   3.9594280639236902e-03	   2.1882007365596817e-01	   1.1765796464367945e-01	   2.9535547201864021e-01	   1.8405172341611450e-01	   5.5085061541285438e-02	   5.4825867093439806e-01	   4.2140092602125001e-01	   3.4083572494698444e-01	   3.7879671419167449e-01	   1.7091834470517181e-01	   1.7340057619578644e-01	   1.8181249818101647e-01	   1.3081589552921519e-01	   2.1527777997011582e-02	   9.3795146276161062e-02	   2.1370973848491215e-01	   8.9033163699325429e-02	   6.9111726561333874e-03	  -3.5989875708081431e-02	   3.0477550156524402e-01	   9.4272247109260000e-03	  -2.1567116134611275e-01	   2.7003958948706935e-01	   2.8142156237427507e-01	  -8.9986021050723092e-02	
   6.8251838588285518e-01	   6.7482099134075402e-01	   6.7638630937155986e-01	   6.7923400205912021e-01	   8.6463276319349514e-01	   0.0000000000000000e+00	   5.7426475774498420e-01	   5.3145577631420005e-01	   7.5975498273551390e-01	   7.4798222588427365e-01	   4.1954560982599087e-01	   4.4732857811858806e-01	   4.5493997412105353e-01	   5.0839172062240801e-01	   6.7840573360531520e-01	   7.8018659071585383e-01	   1.8903871960977225e-01	   2.2118029105214565e-01	   6.8106380240375253e-01	   6.6365705430712496e-01	   6.1624229478035808e-01	   6.2442438714973503e-01	   6.1611651426383984e-01	   6.4343511019543986e-01	   5.7274765702668329e-01	   6.4468781858026580e-01	   7.8035002045992186e-01	   7.6351847728194255e-01	   1.7699783857303863e-01	   1.7468148151838708e-01	   5.6539227266813086e-01	   5.4688141311985194e-01	   5.5446896256420097e-01	   4.9786885755121968e-01	   5.5324681817025145e-01	   5.4829469774567174e-01	   2.6313387117881540e-03	  -9.7964036369065643e-02	   6.1830101974251839e-01	   6.6135458476415510e-01	   4.7540331892349785e-01	   4.7772204818476366e-01	   4.6615824475638745e-01	   3.8163750374853744e-01	   3.2830143194692168e-01	   3.9996070158464814e-01	   4.4153647626536774e-01	   4.6294616338384120e-01	   3.4947025986455971e-01	   3.4205065194447576e-01	   4.2285461783516959e-01	   3.3659401593501748e-01	   4.4349500311043405e-01	   3.7817516481218882e-01	   7.4829574193019843e-01	   6.3046278247415544e-01	   5.9136623650699072e-01	   5.9251073395529574e-01	   6.8277625529810271e-01	   5.0378818730417896e-01	   5.9912883321329369e-01	   4.5979073220950212e-01	   2.5613222860254525e-01	   2.8387883715611756e-01	   5.7298605312606876e-01	   4.9241341314632331e-01	   5.5847509539353846e-01	   4.8987457249493249e-01	   4.0716583828713115e-01	   3.7510261278860835e-01	   5.8276094563204150e-01	   4.2499379718688313e-01	   4.4868654953205223e-01	   3.7403192385696810e-01	   5.0477183053311614e-01	   4.5320075643597008e-01	   3.9976064522518640e-01	   3.3344811830060772e-01	   2.0775082388511301e-01	   2.2725167877104607e-01	   3.4965219798721237e-01	   4.7487939768514148e-01	   6.3297159538438452e-01	   6.2843791588997111e-01	   6.7286401643720506e-01	   7.2166050365589318e-01	   5.7404632066240480e-01	   6.4336020362019819e-01	   7.3059998990524577e-01	   7.0476517025577712e-01	   6.7467402143725680e-02	   2.1328524523624010e-01	   2.2224299018300750e-01	   3.4976451668010761e-01	   1.9499507019642012e-01	   1.2526198521126322e-01	   6.3067081097506339e-01	   5.2846359084838346e-01	   4.2077423513892431e-01	   4.2096002963136392e-01	   3.5355890998539230e-01	   2.9836067015602757e-01	   3.3864199795125616e-01	   2.3773517603567754e-01	   1.1025926435909254e-01	   1.2162938200627028e-01	   2.6060774406694204e-01	   1.0037087423358612e-01	   2.0997387173614601e-02	   2.7695238765186835e-03	   3.8274738708309897e-01	   7.9620502361661225e-02	  -1.0393296735626868e-01	   3.5936271014054039e-01	   3.2950289338707084e-01	  -4.6849889765319716e-02	
   7.3712298217050909e-01	   7.0175469813458324e-01	   8.6224526204747609e-01	   7.6594523700235606e-01	   6.5517719413887587e-01	   5.7426475774498420e-01	   0.0000000000000000e+00	   8.3965285233843812e-01	   6.8046631202151975e-01	   4.9878168903279285e-01	   7.3815499966538278e-01	   7.5555350272419153e-01	   6.5749100032566377e-01	   7.3055882376770098e-01	   6.0359570099596227e-01	   5.3088091472589671e-01	   4.6779972563480071e-01	   4.6564788867125773e-01	   7.7323299617570895e-01	   6.6856794396459440e-01	   1.9202423131719140e-01	   1.9041155415726768e-01	   6.9009476931222091e-01	   6.3434201218297226e-01	   3.5218388194730565e-01	   3.3006695206532011e-01	   4.0544655159789661e-01	   3.7315755495202574e-01	   4.6290343163583503e-01	   4.2846677880253325e-01	   6.9957307214766717e-01	   6.4253342602115904e-01	   8.0852829169991824e-01	   7.9101148894078932e-01	   3.1211302002582408e-01	   2.3031920890136098e-01	  -1.9424061058852324e-01	  -4.1772103895595236e-01	   4.1505805168623300e-01	   3.3400587862396836e-01	   2.7582654810457513e-01	   2.5464087186332607e-01	   5.3945149012242921e-01	   3.1849062330795874e-01	   2.9130953017519073e-01	   3.8151117873053642e-01	   3.2023825099845193e-01	   3.1110435846755324e-01	   3.7277868143360371e-01	   4.4429304739530529e-01	   6.2068311726884040e-01	   3.7266339260755477e-01	   3.0364855754825743e-01	   1.3036519840344307e-01	   5.5162922995981034e-01	   4.6226998501370398e-01	   5.2720823232286951e-01	   6.0273035019646026e-01	   7.1605894372722756e-01	   3.6243322410453843e-01	   8.5938357983184666e-01	   5.9452603283816630e-01	   6.6390245160707773e-01	   6.7781385199233046e-01	   5.7815296959919793e-01	   4.1092191946668311e-01	   5.0796141405467110e-01	   3.0098504229460832e-01	   1.9380322100558697e-01	   1.6232549101093890e-01	   6.0615399585745711e-01	   3.7034153146575838e-01	   6.1492592950119640e-01	   4.3189975182950580e-01	   5.8912474793196490e-01	   4.0937539773867260e-01	   4.0005734355703615e-01	   3.3570721678417020e-01	   3.0318579657328448e-01	   3.5771628801404076e-01	   5.5679096805225248e-01	   6.0794173213564195e-01	   6.7229720720566088e-01	   5.7153737147675876e-01	   7.4832179605645843e-01	   6.0506656349143795e-01	   5.4431547373215405e-01	   6.6353450065627417e-01	   6.3509565332985785e-01	   5.8341634362462580e-01	  -1.8721786100194802e-03	   1.3340221802482763e-01	   6.1086921967401772e-02	   3.1618216212470879e-01	   2.3642952310430004e-01	   1.3565224826294325e-01	   4.6902770214148304e-01	   4.4160859534169072e-01	   4.2126848448977328e-01	   4.0022022340016111e-01	   3.0416295904541374e-01	   4.7607852019693975e-01	   4.4002092373977442e-01	   4.9591646505479503e-01	   9.4142982172431111e-02	   2.5966616426331413e-01	   4.0625973260547144e-01	   2.8154445119728744e-01	   1.0425790566824118e-01	   2.8702981104144230e-02	   2.3146148705756811e-01	  -3.8404313057983190e-02	  -2.2038506854243092e-01	   1.9979681817626396e-01	   2.7175869987117840e-01	  -8.4176231777738669e-02	
   6.7623396160444260e-01	   7.3175721043732667e-01	   7.0805594502836633e-01	   8.7104943847430860e-01	   4.6217128915999861e-01	   5.3145577631420005e-01	   8.3965285233843812e-01	   0.0000000000000000e+00	   5.1936055770346712e-01	   5.4696351158784529e-01	   6.7847575232380875e-01	   8.6892235842373977e-01	   6.3416766365729527e-01	   8.1511699885565481e-01	   4.7180969827418173e-01	   4.8007312241832539e-01	   5.7081230148659334e-01	   6.0938703052126841e-01	   7.6980599490886159e-01	   7.4363129951950147e-01	   6.5380724762095416e-02	   1.3874987220762752e-01	   6.2658291460094717e-01	   6.5496009768092578e-01	   2.9782341934773188e-01	   3.2773840958126543e-01	   3.2812519058105472e-01	   3.4202232013159717e-01	   4.8768193949114469e-01	   5.8026027074497022e-01	   6.5949107273207119e-01	   6.4959102768942123e-01	   7.7876596210925253e-01	   8.1331541889784409e-01	   2.7703708522091242e-01	   2.6980960224833933e-01	  -1.3496089740789902e-01	  -2.8778603743567049e-01	   3.0169941977106046e-01	   3.0456622838927566e-01	   2.1976441256559023e-01	   3.2955868772059549e-01	   5.7142052336612448e-01	   4.0394795519767784e-01	   3.7289232818086654e-01	   4.7409842185574574e-01	   3.9138994045121145e-01	   3.6282065403915098e-01	   3.8567685427429838e-01	   5.3022301973741959e-01	   5.8407061456833054e-01	   4.4702721174226512e-01	   3.3106237512652203e-01	   1.2301971034279317e-01	   5.4017370606063642e-01	   4.8842487808415053e-01	   5.1726160665093524e-01	   7.1730697734543947e-01	   7.0849596968190620e-01	   5.2525638125734631e-01	   7.5101038465053493e-01	   8.0435998377533457e-01	   6.3286927216663857e-01	   7.6727772014521700e-01	   4.7031905507289251e-01	   5.7180133756827933e-01	   5.6694676016181511e-01	   4.7071687588892702e-01	   2.9904509439178978e-01	   3.0700331751240595e-01	   5.1259827895193255e-01	   4.3483921168627371e-01	   6.3711218934352754e-01	   5.8367162585123111e-01	   6.0155259071560918e-01	   5.4194486299155220e-01	   4.8890489682912908e-01	   5.7493956549908132e-01	   4.8908175631280426e-01	   4.9826901759340125e-01	   6.6936135428376198e-01	   7.0737476774624675e-01	   5.9082581924970667e-01	   5.7289785317599662e-01	   6.9021996530138230e-01	   6.3885797171380787e-01	   5.1682567153047476e-01	   5.7987110058121805e-01	   6.1363766659855834e-01	   6.2462299993104786e-01	   1.1009189609432790e-01	   1.8052066812477705e-01	   2.5079319011987128e-01	   3.2785725789702180e-01	   1.8094277987640725e-01	   7.0830338962008924e-02	   4.7556326502560708e-01	   4.7924359033853453e-01	   5.0463587248160524e-01	   4.3524247535255206e-01	   4.7822333354382568e-01	   4.9624723249081071e-01	   5.6488319403575105e-01	   5.1539766545164778e-01	   2.2610166243014790e-01	   2.2386101068482325e-01	   4.5339598966551320e-01	   2.4219033554165403e-01	   8.1492059922637361e-02	   8.7247062922107488e-02	   3.2354907145002065e-01	   1.0140005961653607e-01	  -5.9266079967396357e-02	   2.9144749587071328e-01	   2.5981132129405798e-01	  -6.0141098904120338e-02	
   6.7718550542788203e-01	   5.4227691363624519e-01	   6.4574285613948113e-01	   5.4229252881825685e-01	   8.2810305368906378e-01	   7.5975498273551390e-01	   6.8046631202151975e-01	   5.1936055770346712e-01	   0.0000000000000000e+00	   8.0700836083063010e-01	   6.5606623003914177e-01	   4.9373670422835347e-01	   7.0043103856920719e-01	   5.2225661210603547e-01	   7.7156280694438051e-01	   7.0811734868235421e-01	   1.8134444299443070e-01	   1.2829303242766249e-01	   6.6475230725773893e-01	   5.4180547430500503e-01	   4.2881044350233033e-01	   3.1895768490121307e-01	   6.0399286954200204e-01	   5.6350850100603878e-01	   4.2454810354685346e-01	   3.7538823692170598e-01	   4.8214803051217464e-01	   4.1450740604440639e-01	   2.8733558842276952e-01	   2.2989280978674867e-01	   4.9102235673217287e-01	   4.1680857399341520e-01	   5.3260682280618887e-01	   4.6698394187654524e-01	   5.0212237630831835e-01	   4.3372368905818687e-01	   1.1504261013676564e-01	  -9.2927502335979711e-02	   4.3623949884516022e-01	   4.2061617544130409e-01	   4.8853123378282021e-01	   4.1595573870683639e-01	   4.7335449450071165e-01	   3.3126361731577791e-01	   2.5407031478461711e-01	   2.8313080079804887e-01	   3.6692610781351975e-01	   3.8721951178697367e-01	   2.7133901994838866e-01	   2.8753075142775564e-01	   3.9192105263063798e-01	   2.1147329970612855e-01	   3.5088045962632891e-01	   2.4497869345722345e-01	   6.2151040928816625e-01	   4.3879610623554088e-01	   4.4473947162240968e-01	   4.6767211625864097e-01	   6.6288918708316635e-01	   3.3425475846305397e-01	   7.4443306015012167e-01	   5.2760764424900597e-01	   3.0018480274266540e-01	   2.3776113422489181e-01	   5.5909352378694499e-01	   5.2413276674553555e-01	   3.9691756520109178e-01	   2.7000060559742350e-01	   2.3956654496442972e-01	   2.2185083546148743e-01	   6.2263885528460539e-01	   3.2614207701236031e-01	   4.2983371855726371e-01	   2.4650051753823671e-01	   4.6781738783958315e-01	   3.2317052322995388e-01	   4.7672868068351126e-01	   3.0673958971635712e-01	   1.2620573255763151e-01	   1.6329721269801520e-01	   3.3827214853399457e-01	   4.1406245181474655e-01	   6.5656858538219587e-01	   6.4180155436337305e-01	   7.1455669143025058e-01	   6.1779691227073141e-01	   4.8232793260157691e-01	   5.4024294204472578e-01	   5.9428095417296201e-01	   5.0261387746150632e-01	   5.7777358333271064e-02	   2.5570544369553150e-01	   1.5639892078455558e-01	   3.3693759779131066e-01	   2.7550220327599489e-01	   8.0248972952427555e-02	   5.0341093842618834e-01	   4.0636138067526584e-01	   4.0740491959820607e-01	   3.9116670521801677e-01	   1.9118981871803373e-01	   2.2539877855614521e-01	   1.9362264418604058e-01	   1.3219835761110660e-01	   3.1508468949903633e-02	   1.3234362899728963e-01	   2.8659195852018321e-01	   2.7335279160192787e-02	   1.4934937927167255e-01	   1.4288581378545326e-01	   3.0490540489526308e-01	   7.8852194828594707e-02	  -9.9802155877443482e-02	   2.8037206928633807e-01	   3.9209690468785108e-01	  -8.7894214189037940e-03	
   5.1888953740072452e-01	   4.3158522568864066e-01	   4.6820646314775771e-01	   5.0554932916197770e-01	   5.9951349295425460e-01	   7.4798222588427365e-01	   4.9878168903279285e-01	   5.4696351158784529e-01	   8.0700836083063010e-01	   0.0000000000000000e+00	   5.5772806318910539e-01	   5.5733074382811698e-01	   6.0264830456475238e-01	   5.3981251560003929e-01	   6.1191189390845202e-01	   6.7265892588086185e-01	   1.9957582788407380e-01	   1.7891746165236411e-01	   5.6327953262013519e-01	   4.9194126780968161e-01	   3.6506631851873983e-01	   3.3439877573916466e-01	   5.4554403282830588e-01	   5.5703782432149296e-01	   3.5822468746366876e-01	   3.3348892671442509e-01	   4.3489993566033064e-01	   4.3577662119821170e-01	   2.4330019070732681e-01	   2.9835501124888175e-01	   3.5070588876221642e-01	   3.1821449983633143e-01	   3.7134301575384149e-01	   3.4665141641554553e-01	   4.5420384415788018e-01	   4.1578922055506301e-01	   1.8113948408932226e-01	   4.3012588023431254e-02	   3.5151488986064550e-01	   4.2097705753361647e-01	   3.3237969388714489e-01	   4.0614022548934825e-01	   3.0651516323906980e-01	   1.9022337168423006e-01	   2.7018143804148620e-01	   2.6292645303640672e-01	   2.5988260608923869e-01	   2.1294970203536090e-01	   2.7291661401721035e-01	   2.7559056506522384e-01	   2.9016478972935356e-01	   1.6309049411818324e-01	   2.4837867731228236e-01	   1.0342764787340163e-01	   5.0509842311504694e-01	   3.5533751819184556e-01	   3.1217581544792855e-01	   4.3264867418805314e-01	   5.5260029230052443e-01	   3.2721037858732116e-01	   6.1405242757980116e-01	   7.2786314367792948e-01	   1.6465380284173986e-01	   1.9576797601622020e-01	   4.7905565131873329e-01	   6.7796567722415690e-01	   3.0604650660235921e-01	   2.7345831446173041e-01	   2.1576251042368169e-01	   2.3193470758442047e-01	   4.7396625465400644e-01	   3.9756846269332785e-01	   3.1624202578137878e-01	   2.4762251556306247e-01	   3.5231399246979100e-01	   2.7837638528418740e-01	   3.5853135459361207e-01	   3.7788700645868711e-01	   2.0315310618731014e-01	   2.4883290810657596e-01	   3.6177988755094215e-01	   4.1735184259776009e-01	   4.9605136829865248e-01	   6.2957797636278190e-01	   5.8564481440327820e-01	   5.7414647981361977e-01	   4.2868963661066783e-01	   4.3504219020449714e-01	   5.3611386906842551e-01	   5.2232770602507106e-01	   1.7507477572633567e-01	   2.8182545826040284e-01	   3.7486937653563918e-01	   4.6925926964798703e-01	   2.7919181575981411e-01	   1.8343920096022198e-01	   4.4861295436640719e-01	   3.3901878710416211e-01	   3.5862132636342337e-01	   3.0182462735126581e-01	   3.6937583293506498e-01	   3.4545933934446210e-01	   2.9853712497768381e-01	   2.3621649129634370e-01	   1.9235506599089777e-01	   2.2647699569302060e-01	   2.3168693416179104e-01	  -3.6549362312816670e-02	   2.4046678135341110e-01	   2.2554811965791621e-01	   2.8648379232582005e-01	   1.7539236772218009e-01	   1.1100534224143638e-01	   3.2259172634843891e-01	   4.4038962413915184e-01	   7.2091203128926695e-02	
   6.7785845749495355e-01	   5.5477938072903810e-01	   6.1306481601656593e-01	   5.7520090821150338e-01	   4.8795836666113718e-01	   4.1954560982599087e-01	   7.3815499966538278e-01	   6.7847575232380875e-01	   6.5606623003914177e-01	   5.5772806318910539e-01	   0.0000000000000000e+00	   7.6453952949261872e-01	   9.4403229658651966e-01	   7.3224737676201823e-01	   7.0261523112321611e-01	   6.0485053169143532e-01	   4.7984829967259979e-01	   4.6437259281034382e-01	   7.4216879911881228e-01	   5.5489160091156786e-01	   5.4643285392317210e-03	   8.4163423196767038e-03	   6.8120955098612435e-01	   6.2446976579442404e-01	   3.3481605240837808e-01	   2.3765612974711356e-01	   8.0107729133737593e-02	   4.4110774154014952e-02	   6.2207304936329033e-01	   6.0183453214320748e-01	   6.0372582387821838e-01	   5.6870734543886914e-01	   6.3583813387709420e-01	   6.9241013791064754e-01	   4.4150257663004466e-01	   3.4041549659782133e-01	   1.5435987464132159e-01	  -5.9353918843365203e-02	   4.5726588475036599e-02	   7.3806514043720087e-02	   3.5039408452847087e-01	   4.3218135467232144e-01	   4.9130229122789026e-01	   2.7269625569064765e-01	   2.6028400234647309e-01	   3.1123246015039402e-01	   3.3204569782336968e-01	   2.9037561449518245e-01	   2.5136674921763014e-01	   3.6076917627771543e-01	   5.2056123442337099e-01	   3.0061657632513555e-01	   2.7441197851087329e-01	   1.4548626824160640e-01	   4.3527713262704382e-01	   2.0925273110190931e-01	   4.1783371625766458e-01	   5.9244350654480959e-01	   5.5364088954966495e-01	   2.1963632331821534e-01	   7.9396998126338003e-01	   6.2266682940784834e-01	   5.6454358628596002e-01	   5.3237623507424703e-01	   6.3185622463899915e-01	   5.6954014808570375e-01	   3.0591828666064502e-01	   1.6143395107933164e-01	   1.8273103769796931e-01	   1.3495005471308635e-01	   5.5511308835877926e-01	   4.5279010308874879e-01	   6.6159948906560995e-01	   5.1229719192188239e-01	   5.5696937078403663e-01	   4.3115123967555224e-01	   6.4945544228362007e-01	   5.6878552489191603e-01	   3.8127647278725002e-01	   4.7201006631507836e-01	   6.1491784217019563e-01	   6.2154007088021967e-01	   6.3237056013819715e-01	   6.3641309908146937e-01	   7.6932675435292586e-01	   5.7562532666977029e-01	   4.1226362935826849e-01	   4.2624611283807112e-01	   3.3782537282196562e-01	   2.9519447471401344e-01	   5.0703150481492848e-02	   2.9292360911052218e-01	   1.3498925450625027e-01	   3.2505709718493025e-01	   1.4866800562561933e-01	  -1.2019456411895061e-02	   3.0040317711371367e-01	   2.9074327304290432e-01	   4.2159959624527510e-01	   3.3797489580052087e-01	   1.3203011591420066e-01	   2.5678026495794670e-01	   2.4246623948481760e-01	   2.9834344862569817e-01	   2.3418373903362422e-01	   3.2968579885981197e-01	   4.1786913893492256e-01	   3.5560012316194989e-02	   1.4684294786320981e-02	   2.0617838107884348e-01	   3.1461563924017844e-01	   1.5055489839050107e-01	  -5.7534836445072166e-02	   2.5289741614728561e-01	   5.1984209316985175e-01	   2.6199147469008349e-01	
   6.0656137374607133e-01	   6.6129612636316659e-01	   5.5309543411403950e-01	   6.9752161257544187e-01	   3.6106490712693701e-01	   4.4732857811858806e-01	   7.5555350272419153e-01	   8.6892235842373977e-01	   4.9373670422835347e-01	   5.5733074382811698e-01	   7.6453952949261872e-01	   0.0000000000000000e+00	   7.2131982346068724e-01	   8.7132457948582953e-01	   4.8459641355603134e-01	   4.9302938345123054e-01	   5.4882238772509817e-01	   5.5958379340823350e-01	   6.8741275582084260e-01	   5.9118356697613639e-01	   4.7438204255492569e-02	   2.9106125801581985e-02	   5.7104301207469077e-01	   6.0198176012216920e-01	   2.1398096831552205e-01	   2.2060491108480157e-01	   1.8815175701888953e-01	   1.8381066675420116e-01	   6.0081364858101627e-01	   6.6614536965771520e-01	   5.5397263689893217e-01	   5.6038059829897613e-01	   6.8466173283600440e-01	   7.6319961602414998e-01	   2.2552923620733334e-01	   1.7682502484928728e-01	  -2.9283437406928930e-02	  -2.5305838963984945e-01	   2.1083169250163042e-01	   2.3524847651285885e-01	   2.1743977551834004e-01	   2.5260568779100895e-01	   4.6293624482099549e-01	   3.0200447584636225e-01	   3.3785994914602713e-01	   4.4188273676257939e-01	   1.9422610960248421e-01	   2.0370726061755118e-01	   3.6617502309517674e-01	   4.9328138097604041e-01	   5.5173941242801017e-01	   4.2309447224484786e-01	   1.4408041961216497e-01	   1.6630590763977708e-02	   3.9722656169867354e-01	   3.1596448593155435e-01	   4.7624502381234662e-01	   6.2291825025738057e-01	   5.6917806644651636e-01	   3.6360907949383536e-01	   7.8954935221633171e-01	   7.9977632017536793e-01	   6.9980931924084211e-01	   7.9014129224335317e-01	   4.8700139898392536e-01	   5.3263749254172510e-01	   3.4434353920706740e-01	   2.5970340502755496e-01	   6.4473662302379581e-02	   8.1368089155038889e-02	   4.7334361848632511e-01	   3.3470239125683787e-01	   6.3582643513165205e-01	   5.1359875833846058e-01	   5.3190862683611906e-01	   4.1546432898246843e-01	   4.9504722828584891e-01	   5.4124812961574431e-01	   4.4203762369482807e-01	   4.5016458136328286e-01	   6.1452375585909114e-01	   6.4725185709203936e-01	   5.4913219429116444e-01	   5.5130274162500625e-01	   6.3956618842878621e-01	   5.9141102559957026e-01	   4.6025378359727043e-01	   4.2655863632814017e-01	   5.0424426838663905e-01	   5.1999194990771369e-01	  -1.0666951726395635e-01	   2.6930457758628810e-02	   5.9966092469822804e-02	   1.6685345126159612e-01	   1.2308323024173129e-01	   1.2172257680636041e-01	   2.9246399943982027e-01	   3.4578833634077649e-01	   3.5306005565865350e-01	   2.3669353722884373e-01	   3.2110851135221069e-01	   4.0207234837975592e-01	   4.4411025971498791e-01	   4.8891177821673915e-01	   3.4147422468554600e-01	   3.7917366075037318e-01	   4.3951753098755880e-01	   2.6322191425364644e-01	   5.9337936430264415e-02	   3.4583450341513208e-02	   1.1133917648152931e-01	  -2.8000754600001846e-02	  -2.0056811695860274e-01	   2.2486824725816548e-01	   4.1520612808745017e-01	   2.1055685074740624e-01	
   6.0940881998187868e-01	   4.9652291065805032e-01	   5.7083329611873834e-01	   5.5399100072587382e-01	   5.2286123761645564e-01	   4.5493997412105353e-01	   6.5749100032566377e-01	   6.3416766365729527e-01	   7.0043103856920719e-01	   6.0264830456475238e-01	   9.4403229658651966e-01	   7.2131982346068724e-01	   0.0000000000000000e+00	   7.2623497600688813e-01	   7.6119865022014821e-01	   6.4532222251416760e-01	   3.8047075458682511e-01	   4.0114967459978679e-01	   6.9459989049422544e-01	   5.2320904877407837e-01	   8.1967023969533981e-02	   5.5955117065409329e-02	   6.9569019853752556e-01	   6.4748457021557826e-01	   3.7107706594605622e-01	   2.4958141099726844e-01	   8.7708549751693954e-02	   2.4551306792331452e-02	   5.9975837115320818e-01	   5.7987728000401639e-01	   5.5545439514424655e-01	   5.2904683474632841e-01	   5.3365374712976921e-01	   5.9273122327664440e-01	   4.7603784465085763e-01	   3.6283935303132886e-01	   2.9247853754316544e-01	   1.0569471915552081e-01	   6.0874252021589428e-02	   1.1365613413617867e-01	   4.7583207065415223e-01	   4.9401342058961295e-01	   4.4836734320800570e-01	   2.5838083958936797e-01	   1.4510171087263390e-01	   2.2218810110757742e-01	   3.0836428688878381e-01	   2.7650598741322607e-01	   1.4305779956576897e-01	   2.4432715526705479e-01	   3.9217611441212846e-01	   2.2645646402410924e-01	   2.0743638415290597e-01	   8.8491412474160813e-02	   4.0407839924044697e-01	   1.2072901503860259e-01	   3.5198308482691903e-01	   5.5297459475248645e-01	   5.1323932803372907e-01	   2.3326634842754851e-01	   7.3879821391091760e-01	   6.1592433349340558e-01	   4.5556643199482294e-01	   4.2596829220587107e-01	   5.8708208947463547e-01	   5.7218899141222679e-01	   2.9267453021243811e-01	   1.7241480272695164e-01	   1.8249101926192318e-01	   1.5365648015060801e-01	   6.2824013896741659e-01	   4.7316220965436928e-01	   6.1278975597381324e-01	   4.8416679960569536e-01	   5.1234014318326182e-01	   3.8205412879677192e-01	   6.8134208532454354e-01	   6.1287198505435514e-01	   3.6693050666465998e-01	   4.3344308045506508e-01	   5.4360521297605358e-01	   5.7725563454145479e-01	   6.9742746570433933e-01	   6.9324015935377092e-01	   7.6273430501829831e-01	   5.8080811529984855e-01	   4.7913496512109216e-01	   4.1533441306801322e-01	   3.3718820558666829e-01	   2.5755830598239005e-01	   7.8721054756140718e-02	   2.8644276088819215e-01	   1.9044563934319231e-01	   3.3246003775155353e-01	   1.2874151291007288e-01	  -4.5309957489172006e-02	   2.8541782488197420e-01	   2.2591482308182737e-01	   3.7150324897638237e-01	   2.6654132667292940e-01	   2.5405042829743988e-02	   1.0880496085978580e-01	   1.5831840018745857e-01	   1.3402312521247126e-01	   2.5728390717271010e-01	   3.0597990052998780e-01	   3.5766646867234986e-01	  -6.1291701573528382e-02	   2.1126434481045349e-02	   2.3347916942391506e-01	   3.0734086903639574e-01	   1.7164746728723337e-01	  -4.0465368535616622e-02	   2.4075362077129581e-01	   5.8918853810067395e-01	   2.8910083913873086e-01	
