   0.0000000000000000e+00	   9.6868060765773267e-01	   8.4126139968186786e-01	   8.1791030146216548e-01	   1.0871356033515378e-01	   8.9783146087884055e-02	   8.5500634270453735e-01	   8.4515794952579715e-01	   1.2754360152423339e-01	   9.8379620967792472e-02	   7.8684938627318968e-01	   7.9751938599296435e-01	   8.0481929079179393e-01	   7.2786705656915995e-01	   7.0960402321146221e-01	   5.7859717804806843e-01	   6.6717807323266753e-01	   6.9216283234755549e-01	   9.4763845092647059e-01	   9.4405971710229730e-01	   4.1880404447152053e-01	   4.5288562832071710e-01	   8.3248908702784041e-01	   8.2636590565221657e-01	   1.2995492212768334e-01	   1.9050483830164239e-01	   1.0828079166305478e-01	   1.1942411180674696e-01	   6.1490384249463825e-01	   6.1796334854380108e-01	   7.7208683150211366e-01	   7.2825893478523440e-01	   8.2948945524061446e-01	   8.3230847482207171e-01	   7.2315075208368984e-01	   7.6551874496503303e-01	   8.5120798233698558e-02	   2.6908199024671009e-01	   6.5698275830850572e-01	   7.7125185525484485e-01	   3.6367140480434651e-01	   7.0881796584835133e-01	   7.9039164143813556e-01	   6.7540932001893150e-01	   7.6190166349276189e-01	   7.6521459956856908e-01	   7.9888368887084715e-01	   8.5040766763225051e-01	   7.4777411656643855e-01	   7.3974159056441668e-01	   7.2970942788080673e-01	   7.2386811880545066e-01	   8.0326309589567335e-01	   7.9651566686473019e-01	   8.7849376407600888e-01	   8.9946003092713966e-01	   9.3408846475903740e-01	   9.3848253568611306e-01	   8.6203075240627935e-01	   8.4122304917527035e-01	   8.8659760215318872e-01	   8.1051434774233744e-01	   6.4566872141784148e-01	   7.4332054025325867e-01	   7.7099339816237134e-01	   7.4730193411168822e-01	   8.0571048679427526e-01	   7.7718695421278561e-01	   8.8606320732369293e-01	   6.3549576812854947e-01	   5.1967076750716268e-01	   4.4228521629721784e-01	   5.9312694240441832e-01	   6.7134757767524988e-01	   5.8481137190041899e-01	   6.5094562638024267e-01	   7.0408707111408542e-01	   5.7823060094756662e-01	   6.4839539130448132e-01	   6.0881651993613617e-01	   7.8748481844531459e-01	   7.4268489116976899e-01	   8.0993519084719179e-01	   7.6188728602117717e-01	   8.4203599127159290e-01	   8.4055169437747312e-01	   8.7936379425884359e-01	   7.5795700799594501e-01	   8.0414542716872284e-01	   8.3377715664178487e-01	   7.1727363691949786e-01	   5.2133701636095686e-01	   7.0484160308272714e-01	   7.0817082550082877e-01	   3.6060911783395977e-01	   7.6473098678938534e-01	   8.2696273142021581e-01	   8.8602021889161309e-01	   8.4673544269421031e-01	   8.4734562922705225e-01	   6.3142666709972006e-01	   6.3911967032078421e-01	   5.7583109292557966e-01	   5.9077091040325280e-01	   4.2477699672160285e-01	   2.9480984530727811e-01	   5.6361679124984509e-01	   6.2854435662874386e-01	   1.4775170618886335e-01	   5.3701364552585340e-01	   7.8402128365600920e-01	   7.7242267287473210e-01	   6.6837222217184378e-01	   7.4030300657230608e-01	   6.0609844353680420e-01	  -3.8515677490672451e-01	
   9.6868060765773267e-01	   0.0000000000000000e+00	   8.1489381290826235e-01	   7.9836403085626251e-01	   7.5514511367769599e-02	   5.4523680989016859e-02	   8.4600380293534194e-01	   8.4334577965135660e-01	   8.8245380486493719e-02	   5.0625184182425204e-02	   8.0920416827573349e-01	   8.5082527032805411e-01	   8.3761383302050452e-01	   7.6178376706775719e-01	   6.8770245808244312e-01	   5.5198475563460292e-01	   7.3350521067061814e-01	   7.6574527435846584e-01	   9.2174234726025661e-01	   9.3656736935086782e-01	   4.2310130014468283e-01	   4.4264045123681917e-01	   8.4251528408434107e-01	   8.3006605355830476e-01	   1.1673048962170200e-01	   1.6473530978283801e-01	   5.9428193220149417e-02	   6.6400230297104137e-02	   6.8758401221476750e-01	   6.8874256886604068e-01	   8.1443970881141126e-01	   7.7176153196240060e-01	   8.5749840465203198e-01	   8.6324766660590468e-01	   7.3651972490324891e-01	   7.7702773860923213e-01	   1.2340392377781038e-01	   2.8375184553543259e-01	   6.5834622961286637e-01	   7.7595443869026171e-01	   3.6916802299638812e-01	   7.3360931213249336e-01	   8.1006118963340434e-01	   6.8748958705912866e-01	   7.8796296190034720e-01	   7.9176470881648942e-01	   8.2041227562996455e-01	   8.6798542889888020e-01	   7.6612170718676476e-01	   7.4570745371912506e-01	   7.2624805271278636e-01	   7.2570148140948065e-01	   7.9167373921046957e-01	   7.9660606850960736e-01	   8.8846945316390313e-01	   9.0391577130307343e-01	   9.3954057893481768e-01	   9.5429750504641242e-01	   8.3220582450518854e-01	   7.9723961811959199e-01	   9.0169295397022042e-01	   8.3840237309566024e-01	   6.9928487504894032e-01	   8.0166535724200383e-01	   8.0766546979023168e-01	   7.8409603372459769e-01	   7.9999804206560099e-01	   7.8037723852111363e-01	   8.6069321247736486e-01	   6.3260270466456370e-01	   5.5854536346037342e-01	   4.5234405123494603e-01	   6.4912914605472971e-01	   7.4198025948634494e-01	   6.3870406560620374e-01	   6.9614178143019556e-01	   7.4319791315601336e-01	   6.2409827078558822e-01	   7.1608997144449904e-01	   6.7445474627337942e-01	   8.2658654478600768e-01	   7.9656832560640023e-01	   8.2164359608466442e-01	   7.7120542322581742e-01	   8.5595907861331333e-01	   8.5694812771675632e-01	   8.6577299418892817e-01	   7.7360868102294433e-01	   7.8983393260839418e-01	   8.0836482187488556e-01	   7.0454591615840922e-01	   4.8650616515843009e-01	   6.6484805432279703e-01	   6.8033945652567940e-01	   3.3191287257833979e-01	   7.5745242223943055e-01	   8.3603757935940370e-01	   8.8358325196570853e-01	   8.5305409666228527e-01	   8.4624457019494292e-01	   5.8977825230012260e-01	   6.2970147847952396e-01	   5.3780262947782831e-01	   5.5654338242767631e-01	   4.1294894251253761e-01	   2.9248582072588225e-01	   5.2036468524589330e-01	   5.7030824795312951e-01	   1.2074520178825629e-01	   5.1542396904823495e-01	   7.8756516266578869e-01	   7.9504936361653822e-01	   6.4238846037487385e-01	   7.1922640473795307e-01	   5.7427139009954020e-01	  -4.2037032694276005e-01	
   8.4126139968186786e-01	   8.1489381290826235e-01	   0.0000000000000000e+00	   9.0028475108396833e-01	   4.2453139115113392e-01	   4.1370555934774778e-01	   9.2716743464017259e-01	   8.4420034239045805e-01	   4.2988210945199534e-01	   4.0392937866832007e-01	   6.5045053058089763e-01	   6.2967578016447101e-01	   6.7786477097390296e-01	   5.0706140333928851e-01	   7.9284755723618683e-01	   6.8996213934241690e-01	   4.7148553617894745e-01	   5.2378589785449381e-01	   8.9475553061590463e-01	   9.0307975317262323e-01	   3.2277858030423878e-01	   5.0259605128211793e-01	   9.1816302029253927e-01	   9.0650320992216638e-01	   4.2872502908119825e-01	   4.5938700500589491e-01	   4.1478813544877202e-01	   4.0473668601204554e-01	   4.2427733978911569e-01	   4.7478526301142771e-01	   6.5177600792425050e-01	   5.2435478999510798e-01	   8.0706553045283913e-01	   8.1141935587335956e-01	   8.5814814940515949e-01	   8.4104168332823204e-01	   2.0074942647006211e-02	   1.4220077180908938e-01	   6.2458396615101219e-01	   7.3520618890921297e-01	   2.8738557323313441e-01	   6.0648714328174802e-01	   6.9989043630039727e-01	   5.6578244048250448e-01	   6.5286420366065545e-01	   6.4689089690765611e-01	   6.8768944357250261e-01	   7.6258802678924997e-01	   7.7514719568587154e-01	   7.7571428882895599e-01	   8.1027913039723676e-01	   8.1623137891297359e-01	   8.2925418954225449e-01	   8.4395532445890753e-01	   8.5080402217465800e-01	   8.5597128358772856e-01	   6.7459555424183171e-01	   7.8128466902254390e-01	   8.8827583810064248e-01	   8.5646753718500579e-01	   8.1168205126427728e-01	   7.1699908193402895e-01	   5.4671823388527407e-01	   6.5133691155494033e-01	   7.6902254514522261e-01	   6.9456194173036057e-01	   9.0454572165641789e-01	   8.5007920100659384e-01	   8.8136378527469883e-01	   7.4967516090255604e-01	   3.5946157210055263e-01	   3.9445578447200469e-01	   4.8530613742141554e-01	   5.2081031746842221e-01	   5.0823556127666236e-01	   4.7668096823134753e-01	   5.8032240260494539e-01	   5.2289717526905810e-01	   4.9700159287945977e-01	   4.9974616867233451e-01	   7.2325060423676879e-01	   6.7503163297104973e-01	   6.9213782329594209e-01	   6.1518686891063490e-01	   8.2691094821957711e-01	   7.9176425686831975e-01	   7.8384900937097413e-01	   5.9642062531857998e-01	   8.7915312195098450e-01	   8.9098490028979149e-01	   7.9221361242179911e-01	   7.2443044070555118e-01	   7.9072030575075958e-01	   8.3740854004960452e-01	   3.0439842674004947e-01	   7.2156638571063825e-01	   7.6324378544319604e-01	   8.3582977267666458e-01	   8.1816116664387672e-01	   8.7237097823450105e-01	   6.7793412043076984e-01	   7.7143342352824096e-01	   6.9088356129502837e-01	   7.5054910080926851e-01	   5.1616902188959790e-01	   4.1676252198053110e-01	   5.4306115481975570e-01	   6.5080165182296978e-01	   1.5289665379992451e-01	   5.2198298875072568e-01	   7.7541010689144196e-01	   8.1174267104102671e-01	   7.1815865888276242e-01	   7.8873074962311851e-01	   6.4992998290258452e-01	  -2.1600193239249080e-01	
   8.1791030146216548e-01	   7.9836403085626251e-01	   9.0028475108396833e-01	   0.0000000000000000e+00	   3.5656608552607261e-01	   3.7948117467539810e-01	   8.5863185050016111e-01	   9.3512376548379905e-01	   3.7816174521917861e-01	   4.0151849649147969e-01	   5.4364664562369969e-01	   6.4118892344568057e-01	   5.9697940584963072e-01	   4.8785969653438166e-01	   7.3283228778499254e-01	   6.8800220211998819e-01	   4.9608595161426117e-01	   4.7237193866636817e-01	   8.3427546475102288e-01	   8.6382365017915430e-01	   3.1245671505440920e-01	   5.1448461110891319e-01	   8.3312987463627197e-01	   9.2191196466676839e-01	   3.2377854446107995e-01	   4.0761815807315788e-01	   3.0990705013667352e-01	   3.4580763673206560e-01	   4.2592793410505753e-01	   4.5958616090852455e-01	   6.1579278668102233e-01	   5.6618940123592443e-01	   7.3652965403683535e-01	   7.7546658064713681e-01	   7.3981262996292640e-01	   7.6375358808496085e-01	   7.3698690075932244e-02	   1.9674885421088262e-01	   6.5340433320673486e-01	   7.7062887267453484e-01	   3.1603820646292408e-01	   6.6639819337442363e-01	   6.7582216753712965e-01	   5.0652992424014109e-01	   5.8852482014543961e-01	   6.1277263345370425e-01	   6.8481143620033802e-01	   7.3979844821388774e-01	   7.5613653286532123e-01	   7.4543719501662986e-01	   7.6599987464698094e-01	   7.8701788279524498e-01	   8.4831705245805078e-01	   8.4030602507101415e-01	   8.4084820401976867e-01	   8.1691000524583601e-01	   6.9543624883136113e-01	   7.6228209751539389e-01	   8.8201949757988318e-01	   8.8511436215815220e-01	   8.0413998387524765e-01	   8.1162628498812472e-01	   4.9456152995535052e-01	   5.8348983100059471e-01	   7.2635046697304284e-01	   8.1823863921982687e-01	   8.4227900656245169e-01	   8.3551956994823839e-01	   8.6902979253853019e-01	   7.5659717346028244e-01	   4.1165792228952069e-01	   4.4518271171308460e-01	   4.3806348226991831e-01	   4.5965623469632794e-01	   4.1331647058314708e-01	   4.2393300012781510e-01	   5.2075144030488496e-01	   4.7947277713360864e-01	   5.4025790600367929e-01	   4.9221962774037553e-01	   7.1078765550817546e-01	   6.2122907073153444e-01	   6.6162786475430146e-01	   6.4692602956564726e-01	   7.5052932127749628e-01	   7.6023818782069807e-01	   7.7991878524933611e-01	   6.0521702046407910e-01	   9.0020543285444088e-01	   9.1009428973317075e-01	   8.4260368125535123e-01	   7.1114880642336842e-01	   8.6039938833546925e-01	   8.1962100507755831e-01	   3.0365728958170424e-01	   6.3025906552025157e-01	   7.3943070988442616e-01	   7.9826464387789131e-01	   8.2424741923662204e-01	   8.4638697676099239e-01	   7.1590876905481915e-01	   7.1704636429887247e-01	   6.7254247289497382e-01	   7.2757489925705032e-01	   5.7602948620813987e-01	   4.6749347396405427e-01	   6.4673391195799290e-01	   6.9626956659739092e-01	   1.4165960755203677e-01	   4.5415330406134802e-01	   7.0586433108473468e-01	   7.6541536437824853e-01	   7.0563013986498768e-01	   8.0378933362773353e-01	   7.0479314772016233e-01	  -1.0906422132970622e-01	
   1.0871356033515378e-01	   7.5514511367769599e-02	   4.2453139115113392e-01	   3.5656608552607261e-01	   0.0000000000000000e+00	   9.7756995686579529e-01	   2.1019649532306039e-01	   1.5256555082326173e-01	   9.8122336161768886e-01	   9.6603299701961509e-01	   8.3126585016494128e-02	  -5.2335941941486497e-03	  -2.9374047665035770e-02	  -1.3192937377597058e-01	   6.1717846174106739e-01	   6.9043431108637288e-01	  -8.8081177556965665e-02	  -1.5072391439483124e-02	   1.5270435971865812e-01	   1.9114447930926853e-01	   8.2387602235169527e-02	   5.1700477846472026e-01	   3.6855324296849312e-01	   4.2949899079587117e-01	   9.6579431538720772e-01	   9.7325552101209611e-01	   8.8626580973722391e-01	   8.8157549675320535e-01	  -1.4882639122151170e-01	  -3.9782839448029080e-02	  -3.7587683793988314e-03	  -2.0496239084724760e-01	   2.0305280516231655e-01	   2.1056769581768359e-01	   4.2197696751931546e-01	   3.7587712645029470e-01	  -2.3833116478040120e-01	  -2.0977682209464188e-01	   2.0316195247840207e-01	   2.6083232491292929e-01	   2.6797088781077755e-01	   1.8425964607206213e-01	   2.4237229754449879e-01	   9.9982912151597644e-02	   7.6193146820605573e-02	   8.7400986417613180e-02	   2.5238047390647644e-01	   2.8290970738777282e-01	   1.8438961059150535e-01	   1.3960559531356953e-01	   2.5180478001421935e-01	   1.9934557959437393e-01	   4.0678667247148009e-01	   3.9303291891649017e-01	   2.8863243663168753e-01	   2.5286168696968314e-01	  -8.0650929421296813e-02	   1.0694148640834086e-01	   3.1165255581944767e-01	   2.3122937111797620e-01	   1.5748987143841181e-01	   6.0708416202797613e-02	   3.1880232892587138e-02	   1.0676595322916312e-01	   1.5024347478096409e-01	   4.5963783854769874e-02	   3.7705950906917918e-01	   2.9550137312489488e-01	   2.1937231405789204e-01	   3.1861741128177118e-01	  -1.5183692527286727e-01	   1.0628952961060834e-01	   6.5525463556552421e-02	  -4.9352287340733034e-02	   2.3517146508762465e-01	   5.6360788529824894e-03	  -3.1613073537946478e-02	   1.9984451945435727e-01	   1.6257175407668162e-02	  -1.4403212236002803e-02	   1.9123594625425816e-01	   1.5529561795972180e-01	   1.9033266489339862e-01	   1.8653393192562473e-01	   3.0309049432905277e-01	   2.4441691835592427e-01	   1.0660349321175464e-01	  -3.5737458126952851e-02	   4.1262718479600075e-01	   4.0846928210205369e-01	   3.7254898625777122e-01	   5.1914111502932425e-01	   3.1961633856618898e-01	   3.9219493407678713e-01	   3.2644672005803350e-02	   1.7038165825466595e-01	   2.4618659555607453e-01	   2.9518390058275290e-01	   3.0840872497929894e-01	   3.8917576937215259e-01	   1.4316586805886336e-01	   2.4088317665548398e-01	   2.0920079677228925e-01	   2.7719796321310747e-01	   1.6905249114560880e-01	   1.7539963012078919e-01	   1.1283540868708954e-02	   9.8571202979875983e-02	  -1.1710241439950403e-01	   1.1263629285325236e-01	   3.5506950444694896e-01	   3.5139343033977449e-01	   3.9734840117911085e-01	   3.0411811543651623e-01	   3.5616902989728272e-01	   1.6455004260271167e-01	
   8.9783146087884055e-02	   5.4523680989016859e-02	   4.1370555934774778e-01	   3.7948117467539810e-01	   9.7756995686579529e-01	   0.0000000000000000e+00	   1.7670563303484793e-01	   1.5314608665809390e-01	   9.4910854281606150e-01	   9.6628330908050231e-01	   4.8326696950559252e-02	  -4.2336109595415006e-02	  -7.5102383771203138e-02	  -1.7678054775142057e-01	   6.1020294132085506e-01	   7.2140982099584883e-01	  -1.1902850219436062e-01	  -6.9394230714676902e-02	   1.3909909392030345e-01	   1.7514387688488975e-01	   7.8013595944927183e-02	   5.3718334693765457e-01	   3.5381977609057180e-01	   4.3529307548956631e-01	   9.4784037183019632e-01	   9.6194080681275429e-01	   9.2924798100649175e-01	   9.3426318503109940e-01	  -1.8381168455997485e-01	  -9.1535058647222944e-02	  -2.8847922320650005e-02	  -2.0816321108799715e-01	   1.7508637217772435e-01	   1.8431875601972861e-01	   4.0183126520210138e-01	   3.5053626840817909e-01	  -1.7833372923071100e-01	  -1.5734250476298114e-01	   2.6429303841765894e-01	   3.1142447639385495e-01	   3.2200618339419057e-01	   2.0576642399968503e-01	   2.2306310921723843e-01	   8.6729042321320129e-02	   2.8549868150611023e-02	   6.6458761242244202e-02	   2.3647384248833297e-01	   2.6165616105450307e-01	   1.4669842076761702e-01	   1.1738752508489980e-01	   2.1627477000064588e-01	   1.7809243571322819e-01	   3.8604385502994698e-01	   3.6406872410496877e-01	   2.9761248572832838e-01	   2.5840899426559200e-01	  -9.6680022638745686e-02	   7.0246277091397233e-02	   2.8668936353867475e-01	   2.1452639054050363e-01	   1.2640283914304007e-01	   3.7431557579857770e-02	  -3.2077171765328510e-03	   4.9021816693936127e-02	   1.0529905842969038e-01	   5.3190635695233489e-02	   3.3953181698532681e-01	   2.7097983302178574e-01	   2.1024456895534538e-01	   2.9992930196019596e-01	  -1.4502093047259088e-01	   1.2178754603744213e-01	   3.2452616113196886e-02	  -7.0175815068244107e-02	   1.9823528866989468e-01	  -3.0713244152057062e-02	  -4.2035874908139925e-02	   1.9860361557435449e-01	   9.0424625544432979e-04	  -4.3116010631131595e-02	   1.5972617100740152e-01	   1.1849521939133323e-01	   1.7916579228636842e-01	   1.7601139721673753e-01	   2.8397708286649759e-01	   2.4178825630727618e-01	   1.2344965526894722e-01	   1.4799588017758863e-03	   4.1657755851403622e-01	   4.2230899832244445e-01	   3.5692042960599701e-01	   4.9126847585649525e-01	   3.1961221511499599e-01	   3.7902232261936236e-01	   3.6769454698845676e-02	   1.6572219807908070e-01	   2.4633858479311105e-01	   2.9343152014757817e-01	   3.0941672621706107e-01	   3.8932014880256344e-01	   1.6149964495461783e-01	   2.3705847586977041e-01	   2.2465086038369197e-01	   2.8961770699958356e-01	   1.9282662441037371e-01	   1.9312063938268750e-01	   3.9269490377420148e-02	   1.1872175011087252e-01	  -1.0623022991167530e-01	   9.2923671137635000e-02	   3.4041337672950639e-01	   3.5255079865678784e-01	   4.1395378585479692e-01	   3.1799478706816503e-01	   3.8495987581512237e-01	   2.0871414697312871e-01	
   8.5500634270453735e-01	   8.4600380293534194e-01	   9.2716743464017259e-01	   8.5863185050016111e-01	   2.1019649532306039e-01	   1.7670563303484793e-01	   0.0000000000000000e+00	   8.9531680185384843e-01	   2.2067853604546153e-01	   1.8574017266483228e-01	   6.5997355916806877e-01	   7.1845606511749682e-01	   7.5123047244386343e-01	   5.7925280186156769e-01	   6.5063958967260427e-01	   4.9279825160589830e-01	   5.7064850641150933e-01	   6.1234140222922906e-01	   8.9719172545817361e-01	   9.1017059778023679e-01	   3.2896784449450672e-01	   4.0308161609917753e-01	   8.5191969503855225e-01	   8.3335121379682997e-01	   2.1206987960465312e-01	   2.5399091927662798e-01	   1.3011325699165799e-01	   1.3139391096598746e-01	   5.2647198504463955e-01	   5.4427236071013363e-01	   7.1231492727343437e-01	   6.2607245507303477e-01	   8.3153601989579262e-01	   8.4867333737468398e-01	   7.9372142294864756e-01	   8.1580427607505268e-01	   3.4440799600201203e-03	   1.1158533513121177e-01	   5.4145042969966262e-01	   6.7047913769471024e-01	   2.0854239308760328e-01	   6.3470757799560795e-01	   6.7869187060427461e-01	   5.3263096405907551e-01	   7.1914677071044653e-01	   6.7853922763750851e-01	   6.4195739801412577e-01	   7.3388169162574957e-01	   8.6047649304902474e-01	   8.2511752286915496e-01	   8.2725291973227155e-01	   8.4515562359559993e-01	   7.7974526547856016e-01	   8.0366874965945367e-01	   8.0264657356626312e-01	   7.9150190597293379e-01	   7.2050072329273851e-01	   8.1997954602890744e-01	   9.0025091846706451e-01	   8.8059852182121479e-01	   8.6007946607807262e-01	   8.3872737643933792e-01	   5.9913940033107393e-01	   7.3697221765692378e-01	   7.9685421803704592e-01	   7.6744818923532609e-01	   9.2027322974873926e-01	   8.9112003826978192e-01	   8.6511343339390356e-01	   7.5933190748633894e-01	   3.6120361590550731e-01	   3.2463825186559458e-01	   5.1672408897638455e-01	   6.0108221570174358e-01	   5.0184851362332672e-01	   5.4039224754332527e-01	   6.0176750374146992e-01	   4.6562125749686689e-01	   5.1848378786310578e-01	   5.3595105895551609e-01	   7.3864259121654907e-01	   7.0561329494858638e-01	   6.7562689771052264e-01	   6.0380343310038975e-01	   7.6664549412590066e-01	   7.5962391531061813e-01	   7.3736806963920531e-01	   5.2917049909338454e-01	   8.2630086417767967e-01	   8.1950927721943012e-01	   8.0941604219271923e-01	   7.1594443238280114e-01	   8.2151010754854692e-01	   8.6386566141255861e-01	   2.5017836263015286e-01	   6.8591271636836559e-01	   7.1627466250792482e-01	   7.9946340448135322e-01	   7.9386936280092735e-01	   8.5457406802728930e-01	   7.6303823359895984e-01	   8.1642915784707348e-01	   7.6675836918540563e-01	   7.9616014121641476e-01	   5.7144729025666452e-01	   4.6564678355771516e-01	   5.7833774910170899e-01	   6.6676866083395159e-01	   1.5549577805682063e-01	   4.6707286045342622e-01	   7.0647025059765123e-01	   7.9673703501720894e-01	   7.1013255110183771e-01	   8.0483327120011838e-01	   6.3860411165104558e-01	  -1.8360938618050865e-01	
   8.4515794952579715e-01	   8.4334577965135660e-01	   8.4420034239045805e-01	   9.3512376548379905e-01	   1.5256555082326173e-01	   1.5314608665809390e-01	   8.9531680185384843e-01	   0.0000000000000000e+00	   1.7720484219040583e-01	   1.8393769668949669e-01	   6.2095092887648473e-01	   7.5795528132831735e-01	   7.2290562672291192e-01	   6.2542357542819693e-01	   6.2590968330950947e-01	   5.3717146172175378e-01	   6.0031547454978074e-01	   5.4384287329852965e-01	   8.2355141513841523e-01	   8.5001754376197902e-01	   2.3188824046775006e-01	   3.5767410013472445e-01	   8.1307923069409926e-01	   8.8245437763252788e-01	   1.2388323976008979e-01	   1.9906067498298044e-01	   8.0188467212609568e-02	   1.1805071992179003e-01	   5.4115388189042624e-01	   5.1535977332322735e-01	   6.6629002647740876e-01	   6.6569151380485347e-01	   7.7506159997014834e-01	   8.3027700075610400e-01	   6.8696601577612304e-01	   7.3154101426145091e-01	   1.5247263108492148e-02	   1.2466551818838045e-01	   5.3226606726009296e-01	   6.5883988549230033e-01	   1.7470988518222813e-01	   6.0715622436868943e-01	   6.7977964466142971e-01	   5.1874446187078194e-01	   6.7135461982631561e-01	   6.7907537782984040e-01	   6.2938164926318874e-01	   7.0186011869727505e-01	   8.2434675096967702e-01	   8.2405342640779367e-01	   7.9070885598538454e-01	   8.3016693144180631e-01	   7.6593656057798132e-01	   7.7163870164663917e-01	   7.8563006168499960e-01	   7.7577490763160506e-01	   7.4674582916484433e-01	   7.7593600411569508e-01	   8.5679464690299834e-01	   8.6672025287882404e-01	   8.7085752955377793e-01	   9.1199835714282962e-01	   5.7323075074941698e-01	   6.7869187782731255e-01	   7.9542457825087354e-01	   8.8388230994211237e-01	   8.1979712545562800e-01	   8.3014031485053619e-01	   8.0255834987480124e-01	   6.7609491279985523e-01	   4.1323067157648191e-01	   3.4033236971950037e-01	   5.0333397867619234e-01	   5.2832276424570246e-01	   4.3910886140320704e-01	   4.6624695688670093e-01	   5.1423922297150748e-01	   4.0291022426148004e-01	   5.6650047869672160e-01	   4.9498921597609624e-01	   7.0571941701629237e-01	   6.2534648234195744e-01	   6.3496429671818522e-01	   6.0991483348328135e-01	   7.1170116364872471e-01	   7.2721457837071646e-01	   7.7528506223096150e-01	   6.1131492435867241e-01	   8.3024263519370889e-01	   8.3750920500083081e-01	   7.7182091670647135e-01	   6.0559037756102674e-01	   8.3096564802932893e-01	   7.8208810505904114e-01	   2.3540716130486866e-01	   5.5951308736935279e-01	   6.7628473352972662e-01	   7.4298928058843394e-01	   7.5318797855681296e-01	   7.9195408864211014e-01	   7.1302542793630141e-01	   7.1854450377493140e-01	   6.5362154521414051e-01	   7.0219923824668706e-01	   5.4852410331274337e-01	   4.4792059222862074e-01	   6.6693223318270323e-01	   7.1325611960307844e-01	   1.1406500583159994e-01	   4.2560754403262291e-01	   6.5598156400521168e-01	   7.0361436485971585e-01	   6.2988633019687057e-01	   7.5594241439510146e-01	   6.1198877780921845e-01	  -1.9436470445471607e-01	
   1.2754360152423339e-01	   8.8245380486493719e-02	   4.2988210945199534e-01	   3.7816174521917861e-01	   9.8122336161768886e-01	   9.4910854281606150e-01	   2.2067853604546153e-01	   1.7720484219040583e-01	   0.0000000000000000e+00	   9.7168425635131794e-01	   8.1385306110343447e-02	   1.0105248086475071e-02	  -2.7806813084173647e-02	  -9.1421338523685072e-02	   6.1956757044981425e-01	   6.8647202405174723e-01	  -4.5818026825862904e-02	   7.2533045480027321e-03	   1.7206806570534894e-01	   2.1590968018563195e-01	   7.6248966344979491e-02	   5.1552540566249250e-01	   3.5367810589937709e-01	   4.3007613805354838e-01	   9.2092450085015465e-01	   9.4170312418640356e-01	   8.4496267488373822e-01	   8.4317907231958622e-01	  -1.2718159625352715e-01	  -1.5621320524040160e-02	  -1.3630719566387487e-02	  -1.9769286906342726e-01	   1.9674611166200584e-01	   2.1293462167936053e-01	   3.9807023016333493e-01	   3.6780532386518172e-01	  -2.1296472160717017e-01	  -2.1377459985673031e-01	   1.8917686352281460e-01	   2.4865826846807873e-01	   2.3291308524890197e-01	   1.9756391369451309e-01	   2.5051044583364301e-01	   1.1234571607570998e-01	   8.1038121197997914e-02	   8.8511126460697587e-02	   2.7443571385035914e-01	   3.0508249416139033e-01	   1.9810725163692325e-01	   1.5112446541664909e-01	   2.7152708571916434e-01	   2.2600442037076757e-01	   4.3130973893136126e-01	   4.1680668864902121e-01	   2.9736435806701916e-01	   2.5485126485044429e-01	  -5.1015246898028874e-02	   1.2905307736403882e-01	   3.3141824583554369e-01	   2.5218049849610008e-01	   1.7193472422648215e-01	   8.1236423154370518e-02	   6.6876178676110870e-02	   1.2250691459562296e-01	   1.6652510388135541e-01	   7.1936010620555962e-02	   3.7737923356228198e-01	   2.9202599496252135e-01	   2.3771376813767492e-01	   3.1955645000213473e-01	  -1.3106469313424157e-01	   1.3630425684718445e-01	   8.3280078050797124e-02	  -4.4905737010045778e-02	   2.3135141953999927e-01	   1.5931841427493397e-02	  -1.2589721435575046e-02	   2.2056968286181294e-01	   5.6562146405714324e-02	   4.4439514334695029e-04	   2.1658740443526334e-01	   1.6283819021336102e-01	   2.0140061618323168e-01	   2.2512396746997479e-01	   3.0576514307465313e-01	   2.4782504664250427e-01	   1.1101866097488398e-01	  -4.6640661084553128e-02	   4.2216352027843651e-01	   4.1039542513708444e-01	   3.9503211287912227e-01	   5.1997448677850966e-01	   3.3935193035859557e-01	   3.9296857100318533e-01	   2.6680570449530157e-02	   1.5420299865241308e-01	   2.5883129363978835e-01	   2.9611706133481042e-01	   3.3224969120294989e-01	   3.9912818794241600e-01	   1.4554844270733663e-01	   2.1844780268404648e-01	   1.8842102856768822e-01	   2.5449687541361704e-01	   1.7841962483613474e-01	   1.8209973007572527e-01	   1.0271921417556111e-02	   7.7887004025552667e-02	  -1.4580027576293825e-01	   1.1357168533024135e-01	   3.5815349684452713e-01	   3.5510895637829692e-01	   4.0292577389211703e-01	   3.1603358558796657e-01	   3.7290272834283894e-01	   1.5444485331089775e-01	
   9.8379620967792472e-02	   5.0625184182425204e-02	   4.0392937866832007e-01	   4.0151849649147969e-01	   9.6603299701961509e-01	   9.6628330908050231e-01	   1.8574017266483228e-01	   1.8393769668949669e-01	   9.7168425635131794e-01	   0.0000000000000000e+00	  -1.3515267327992358e-03	  -5.5309948053185079e-02	  -1.1120805744268533e-01	  -1.7564040290537553e-01	   5.8888936364417210e-01	   7.0468290860939864e-01	  -1.2235425302381370e-01	  -8.5097623853859647e-02	   1.3927483457892897e-01	   1.7507075470197270e-01	   7.9468618920887968e-02	   5.3707773531662240e-01	   3.0914976439549224e-01	   4.1813096694121288e-01	   8.9525753887430781e-01	   9.2753055167460530e-01	   8.6404298120772660e-01	   8.8300762856882731e-01	  -1.9948602090643758e-01	  -8.8473563671849539e-02	  -7.0702020213132571e-02	  -2.4037309765875087e-01	   1.3051638632526938e-01	   1.5458053493520574e-01	   3.4275559920531828e-01	   3.1377918851167441e-01	  -1.8165260352633872e-01	  -1.7886765310644431e-01	   2.2395945738143302e-01	   2.7464170563696327e-01	   2.5932984797716185e-01	   1.9840390925371731e-01	   2.1475961775476410e-01	   7.4046544282621279e-02	   1.0529568623900948e-02	   4.4423686240535401e-02	   2.3910990242412553e-01	   2.6544829291729205e-01	   1.4587249350097428e-01	   1.2025392492507138e-01	   2.1230666949101029e-01	   1.8210420718550838e-01	   4.1966744775808773e-01	   3.8896658664115513e-01	   2.9490873526505063e-01	   2.5246527219086462e-01	  -8.0472792137049970e-02	   8.4442413668376140e-02	   3.1358874269740655e-01	   2.5477999156969300e-01	   1.1952689324428803e-01	   5.8037580157709309e-02	  -2.7878223793528771e-02	   3.0292963974486747e-02	   8.5616171867364491e-02	   5.2020559427696504e-02	   3.2181360446810314e-01	   2.4780277325140243e-01	   2.1227271932168706e-01	   2.9730002957942103e-01	  -1.5105951241413595e-01	   1.4089908294020556e-01	  -7.3607893258110775e-04	  -1.2396143320870259e-01	   1.5244491200391377e-01	  -6.0674103296657809e-02	  -7.1619333631749327e-02	   1.6789771374178375e-01	  -8.7073863991397812e-03	  -6.1920483269774673e-02	   1.5452836288677391e-01	   9.6973393097389823e-02	   1.5810347361834631e-01	   2.0049033384046475e-01	   2.5820748955497030e-01	   2.1096196047446891e-01	   1.1195792982807379e-01	  -4.9874745642862602e-02	   4.3236553579343678e-01	   4.3146408056868518e-01	   4.0120236604534609e-01	   5.0539271371635197e-01	   3.7471637412874192e-01	   3.8760865687157520e-01	   5.1399557994159413e-02	   1.4811131774979208e-01	   2.4410765572427201e-01	   2.8451126792054304e-01	   3.2367627790710535e-01	   3.8815878600848841e-01	   1.8682316879018568e-01	   2.1566018660691791e-01	   2.2093979627384230e-01	   2.7834122876816991e-01	   2.2933624269566041e-01	   2.1989648168680009e-01	   6.5540464549684069e-02	   1.1797732682812992e-01	  -1.0481362310520190e-01	   8.2051198665559169e-02	   3.0036039572217077e-01	   3.2751144528851184e-01	   4.1786952474139571e-01	   3.4905073974947404e-01	   4.0368512016933433e-01	   2.1131023558522793e-01	
   7.8684938627318968e-01	   8.0920416827573349e-01	   6.5045053058089763e-01	   5.4364664562369969e-01	   8.3126585016494128e-02	   4.8326696950559252e-02	   6.5997355916806877e-01	   6.2095092887648473e-01	   8.1385306110343447e-02	  -1.3515267327992358e-03	   0.0000000000000000e+00	   8.7709956221246088e-01	   9.4543856751908129e-01	   8.8493541657837260e-01	   6.7907372320402593e-01	   5.4395761984796520e-01	   7.7584586578635828e-01	   8.0365766784188986e-01	   7.6639949484803060e-01	   7.6390620070318205e-01	   1.6652313640760535e-01	   1.8414610130574843e-01	   8.1431764355772829e-01	   7.3721232747115473e-01	   1.8948874353079845e-01	   1.7704808179046919e-01	   4.7644054272932869e-02	   1.9217489722697875e-02	   7.8100867876962043e-01	   7.1226323117573853e-01	   7.9008467335157828e-01	   7.6600035680702416e-01	   8.6461832849922327e-01	   8.4328012670331010e-01	   7.4880128591658290e-01	   7.5520258134587093e-01	  -8.1880157214897928e-02	   1.4534613183566666e-01	   4.1312025778580252e-01	   5.6060975759777787e-01	   2.9358544301209372e-01	   5.9816586364055180e-01	   7.1423620418988620e-01	   6.0421601980976192e-01	   7.6594503844100603e-01	   7.5820638729990564e-01	   6.6599354059411175e-01	   7.1220892599726782e-01	   6.2011303215096769e-01	   5.7027232799683303e-01	   5.9019551344598353e-01	   5.5328878697006090e-01	   5.3593562401085726e-01	   5.7151115084828286e-01	   6.9645290279647254e-01	   7.2980487834241181e-01	   7.5501379837485527e-01	   7.5922922177255736e-01	   5.6267722356255878e-01	   4.9403452444988238e-01	   8.5357899443019203e-01	   7.0680060582008863e-01	   8.1741394135238088e-01	   8.4459239695766686e-01	   8.5081490086673051e-01	   6.6959092817460086e-01	   6.7584788502229864e-01	   6.2008516910484068e-01	   6.0097500345358879e-01	   3.4984089100631532e-01	   4.8192180760855535e-01	   2.4641981591809192e-01	   8.2304405677214065e-01	   8.4984566073245826e-01	   8.4038809594312602e-01	   8.1270500206801000e-01	   6.7700928473210331e-01	   6.4430807545144586e-01	   7.2614709506836217e-01	   7.0711681757143019e-01	   7.8115954730261505e-01	   8.1512221824467146e-01	   8.2338632268274603e-01	   7.0942212214751588e-01	   8.3176518145495582e-01	   8.1414569941869330e-01	   7.8657147677477912e-01	   7.4631917919681956e-01	   5.8389525239432349e-01	   5.7460541595799719e-01	   4.0804929730921646e-01	   2.6003262878938493e-01	   3.4087545325603230e-01	   4.5618205265118367e-01	   1.0797310580165512e-01	   5.4040167860471877e-01	   6.4903055834646595e-01	   6.9258730591330786e-01	   6.0439251106876202e-01	   6.4591320192395829e-01	   2.6020991571398117e-01	   3.8796262565301110e-01	   2.5077070343859370e-01	   2.8478034527969642e-01	   1.1631386983520986e-01	   6.2619821189103295e-02	   2.7635797302144266e-01	   2.8587661413649385e-01	  -1.6036760886362342e-01	   3.2385221827845700e-01	   7.7713871104783272e-01	   6.2841958155159283e-01	   4.6468435330003582e-01	   4.8625499386876248e-01	   4.3754478541519459e-01	  -4.4686408488234736e-01	
   7.9751938599296435e-01	   8.5082527032805411e-01	   6.2967578016447101e-01	   6.4118892344568057e-01	  -5.2335941941486497e-03	  -4.2336109595415006e-02	   7.1845606511749682e-01	   7.5795528132831735e-01	   1.0105248086475071e-02	  -5.5309948053185079e-02	   8.7709956221246088e-01	   0.0000000000000000e+00	   9.2431517005409480e-01	   9.2262634522509357e-01	   5.9243273215963355e-01	   4.7207341841770645e-01	   8.5983318622592186e-01	   8.6012299707692641e-01	   7.5721253172840508e-01	   7.9334817209586928e-01	   1.6821654835134431e-01	   1.7203623839837517e-01	   7.8237741342428713e-01	   7.7085753799356405e-01	   5.1336297847874725e-02	   7.6607665304382483e-02	  -9.7723877939411868e-02	  -9.8165329287725492e-02	   8.5473008576529486e-01	   7.6571526443882254e-01	   8.5048208775696266e-01	   8.7202703769088230e-01	   8.6905844031343182e-01	   8.9485276421528148e-01	   7.0550978409019582e-01	   7.5543065603294846e-01	  -4.1698064208686214e-02	   1.6162383651394346e-01	   4.2228031439814817e-01	   5.6375911681990976e-01	   2.8160742225193375e-01	   6.6502466025357787e-01	   7.9383336029170670e-01	   6.5514688218815487e-01	   8.4867008712208680e-01	   8.3553569185333254e-01	   7.0368806102401449e-01	   7.3776907660883229e-01	   7.2791243448559662e-01	   6.6181339331749278e-01	   6.8294108645591178e-01	   6.5199541303178810e-01	   5.7163314945513832e-01	   5.7070970728347392e-01	   6.9961348610652008e-01	   7.0212966863478921e-01	   7.7475476409576072e-01	   7.7500064419340886e-01	   6.2822302157734533e-01	   5.5128278915131124e-01	   9.1225615247121739e-01	   8.4741128891321260e-01	   8.5180642525469075e-01	   8.8505867239964564e-01	   8.7796148404492425e-01	   8.4021229741180992e-01	   7.0895764536347272e-01	   6.9516493529389800e-01	   6.3350512300498352e-01	   4.0508718801064786e-01	   5.3910906041468643e-01	   2.4588636234758698e-01	   8.4639996417392660e-01	   8.5112430372210413e-01	   7.9374548127912803e-01	   7.9399273150655603e-01	   6.9829454458620011e-01	   6.2565991191518211e-01	   8.1251621283467124e-01	   7.4104663075649846e-01	   8.3918469942906526e-01	   8.3836237224288801e-01	   7.8076516078780922e-01	   7.3763527146179653e-01	   7.8761172608891661e-01	   8.3081378098859826e-01	   7.3588579345082306e-01	   7.2027681994348303e-01	   5.7188790726431216e-01	   5.6965219772921150e-01	   4.5764424384660907e-01	   2.9256093973687247e-01	   4.3814914786154635e-01	   5.0856387743138765e-01	   5.0392790149555930e-02	   4.8658885521440692e-01	   6.4668330355667103e-01	   6.9222843257810140e-01	   6.3905866987745030e-01	   6.6438607569643149e-01	   3.2770719314404495e-01	   4.5399698306261715e-01	   3.0905631219139540e-01	   3.6868130270081534e-01	   2.2654202762884146e-01	   1.5313849996499931e-01	   3.4619979823233665e-01	   3.3157907286204213e-01	  -1.5211637066328576e-01	   2.7164399217431717e-01	   7.3046176076244695e-01	   6.5782873796784158e-01	   4.9025699774672837e-01	   5.2392974159429184e-01	   5.0228144064081670e-01	  -3.3148085612130451e-01	
   8.0481929079179393e-01	   8.3761383302050452e-01	   6.7786477097390296e-01	   5.9697940584963072e-01	  -2.9374047665035770e-02	  -7.5102383771203138e-02	   7.5123047244386343e-01	   7.2290562672291192e-01	  -2.7806813084173647e-02	  -1.1120805744268533e-01	   9.4543856751908129e-01	   9.2431517005409480e-01	   0.0000000000000000e+00	   8.9904242424261482e-01	   6.0599736771274793e-01	   4.3170868362573578e-01	   7.9729956830269177e-01	   8.1905800043111832e-01	   7.8320082012885539e-01	   7.9162970621390061e-01	   1.4414758121645171e-01	   1.1712086364840765e-01	   8.2577753775663421e-01	   7.5197712214224299e-01	   6.3707629423932141e-02	   5.5596405296645494e-02	  -9.5455698787933654e-02	  -1.2115950648828624e-01	   8.2078923193853326e-01	   7.4620020321499525e-01	   8.2989163649836184e-01	   8.1558388817562499e-01	   8.9084039548323468e-01	   8.8429247396590771e-01	   7.4697071035012463e-01	   7.7058887199126425e-01	  -7.0929255632731905e-02	   1.5808391616029646e-01	   3.8008285869655545e-01	   5.3098781688650143e-01	   1.9418664539028330e-01	   5.7386150549729065e-01	   7.2215565860376096e-01	   6.1495334549766234e-01	   8.2350107917441528e-01	   7.9557697049487885e-01	   6.5560545089247046e-01	   7.0649876312129223e-01	   7.3018063652417742e-01	   6.9389816356859391e-01	   7.0246150267277263e-01	   6.7478698847933516e-01	   5.6777321286123328e-01	   6.0500707450970925e-01	   7.0210142565665201e-01	   7.2847922787981079e-01	   7.6135058620718798e-01	   7.7635068972154386e-01	   6.2709789583975528e-01	   5.6994259051489693e-01	   9.0983691210363227e-01	   7.9789029456824601e-01	   8.2917426492039548e-01	   8.8577617222618810e-01	   9.0215011343030405e-01	   7.5579121481637279e-01	   7.3547050600321162e-01	   7.0384831369269196e-01	   6.5423168756959793e-01	   4.3273657131023485e-01	   4.6207135536858962e-01	   1.9359653972369562e-01	   8.1648000519677844e-01	   8.4618191202151549e-01	   7.7083380156470527e-01	   7.7188380055572281e-01	   6.9265271989533184e-01	   5.9202005701607896e-01	   7.2644547119181291e-01	   7.2040750748821469e-01	   8.0448673893073708e-01	   8.2466201422683261e-01	   7.8672111998566385e-01	   6.6026872498631251e-01	   8.0967410933596706e-01	   8.0865371946299902e-01	   7.6683995366953206e-01	   6.9424505622561483e-01	   5.9787946968236760e-01	   5.8586073927049709e-01	   4.7988114349016608e-01	   3.3754378203506002e-01	   4.4003098911068739e-01	   5.3175534022733362e-01	   1.0644006086449415e-01	   5.4128132902158099e-01	   6.3636575315892163e-01	   6.8814607116312465e-01	   6.1719544011509520e-01	   6.6559706356861403e-01	   3.2874286274225278e-01	   4.6520577279208319e-01	   3.1869149904747612e-01	   3.6998900379776556e-01	   1.9454781246531103e-01	   1.3534517317123787e-01	   3.2671621465044820e-01	   3.6531661886979205e-01	  -1.0049663262725736e-01	   3.4294639776189129e-01	   7.5540719795287503e-01	   6.6433486219830085e-01	   4.9618524640551465e-01	   5.2461415778849319e-01	   4.6366474879925712e-01	  -3.9495384677224804e-01	
