   0.0000000000000000e+00	   9.4000703299319044e-01	   5.4132245770592569e-01	   3.1280148709715777e-01	   4.6517922230931558e-01	   4.9259729104014605e-01	   5.0479101388988612e-01	   4.6441546893837626e-01	   4.0076361395225407e-01	   3.6523479414135451e-01	   7.0185715518056802e-01	   6.5484139430064359e-01	   6.6699883578016439e-01	   5.9200076751401598e-01	   6.1890631903283466e-01	   5.2630999107454568e-01	   6.7889507326955667e-01	   6.1793118661730295e-01	   8.4921624727888334e-01	   8.6550301810653119e-01	   3.4308604790989294e-01	   3.0521486779109419e-01	   3.6756958158072472e-01	   3.4088121479041722e-01	   3.8619006033801873e-01	   4.7915740504184468e-01	   4.3553882440916764e-01	   4.5012836447296178e-01	   5.4461083371194108e-01	   6.2227153801374424e-01	   5.2338238896552181e-01	   4.6422335102472329e-01	   7.4761170318153691e-01	   7.7626447745589022e-01	   2.8645898610282927e-01	   4.2969622401831808e-01	   1.7684104853212990e-01	  -1.0026256159471825e-01	   3.5293709253637023e-01	   3.2760755064673658e-01	   2.5727041376135251e-01	   4.5401373025673508e-01	   6.1497613125689510e-01	   6.3693485572353059e-01	   6.6923503040145260e-01	   6.6601508384417729e-01	   6.2871317035766849e-01	   6.5977297799670009e-01	   7.2961690903653764e-01	   6.7070982460254636e-01	   6.7304907729936603e-01	   6.7517051784086213e-01	   6.7633602090937694e-01	   7.2232005468032745e-01	   6.9164550116292800e-01	   7.6045997995565262e-01	   7.7193105133497664e-01	   8.2868972045804545e-01	   7.8264931314526520e-01	   6.0314708331377709e-01	   6.3745090040985664e-01	   5.4816038911646525e-01	   7.4761744188421630e-01	   7.4149547447597630e-01	   5.4774524989735429e-01	   4.5660392300288910e-01	   7.3687429516432301e-01	   6.8993979210331879e-01	   8.1820432475332017e-01	   8.6842272543309673e-01	   2.5349227202032670e-01	   3.1257538024184578e-01	   4.2342459128611087e-01	   6.6515516071276803e-01	   5.4950357905214708e-01	   5.6742110814094393e-01	   5.1784575925942045e-01	   4.7808415943078986e-01	   5.2720589988623345e-01	   6.8680854657685664e-01	   7.1782046307678982e-01	   7.8228895569526880e-01	   5.2885285445789076e-01	   7.3505378386278775e-01	   7.1916408781974916e-01	   7.3203728541065782e-01	   4.6603675916401316e-01	   5.3890257057194135e-01	   6.6811212599062397e-01	   6.4692242138941458e-01	   5.0513349540942720e-01	   3.9061579169851923e-01	   5.1308533364522546e-01	   5.5047799357864913e-01	   4.1318880695116161e-01	   4.7548043021839975e-01	   6.0911747987148424e-01	   5.8020354244042804e-01	   6.9635038435723784e-01	   7.6510000890970975e-01	   6.5207578057578730e-01	   6.2650301360954030e-01	   6.5705270289668161e-01	   6.0727198793168480e-01	   3.8164232651249197e-01	   2.7585061175724029e-01	   4.0393476716627008e-01	   3.5444027028720809e-01	   1.9332168009800854e-01	   3.9775873014527796e-01	   6.3952379943252957e-01	   5.6305331441082607e-01	   5.8039273377601430e-01	   5.1909474029254921e-01	   2.3838723664005096e-01	  -2.1935943376145229e-02	
   9.4000703299319044e-01	   0.0000000000000000e+00	   4.8256754949421532e-01	   2.4660659775422894e-01	   4.6884775632906078e-01	   4.5474479677341606e-01	   4.3304521360400156e-01	   4.3191990171993311e-01	   4.1348271573439482e-01	   3.7367000860601784e-01	   6.6594267448374600e-01	   6.5707597021534103e-01	   6.4213754262256040e-01	   6.0225109783099018e-01	   6.3787044200382226e-01	   5.5216539412873133e-01	   7.1747591956316503e-01	   7.3778789943608680e-01	   7.8246931156796473e-01	   8.4522991467817499e-01	   3.2233808345246384e-01	   2.9618529884882761e-01	   3.7334152801752130e-01	   3.3844805322567623e-01	   4.1022814175989308e-01	   4.5594871876094212e-01	   4.2818112177215017e-01	   4.2433957054897520e-01	   5.2096466057976265e-01	   6.1925466990824718e-01	   4.9263986333172116e-01	   4.4440384937662836e-01	   7.8181298543783950e-01	   8.0618304923986450e-01	   3.3242800353285828e-01	   4.6389804045000643e-01	   3.5401928563934043e-01	   3.2391864348497910e-02	   5.1955890753363887e-01	   4.6667438101795977e-01	   4.1041491408543124e-01	   5.2236680527148094e-01	   5.6666431672930029e-01	   5.6718831972048334e-01	   5.6310192365813372e-01	   5.8174140161660859e-01	   6.2658084603759967e-01	   6.6982702876091949e-01	   6.5276023996237931e-01	   6.3858095489912481e-01	   6.0059374989754999e-01	   6.1682345239920355e-01	   6.4699835159440089e-01	   7.0918818565102981e-01	   7.2755247593879391e-01	   7.8154617371135349e-01	   8.6460298400178259e-01	   9.2746685110533156e-01	   7.0216002652105947e-01	   5.9347394458562552e-01	   5.8663827637671284e-01	   5.5205824723504049e-01	   7.0331356874944562e-01	   7.3535079571286355e-01	   5.0748450390072208e-01	   4.3994558706909254e-01	   6.7476428912396491e-01	   6.5028929857472595e-01	   8.0782372270852421e-01	   8.5386566332537672e-01	   1.7361876494770634e-01	   2.6481748457219523e-01	   3.3349098352837792e-01	   6.3573554806090504e-01	   5.0513737269425329e-01	   4.7300851332859017e-01	   5.4695144198776746e-01	   5.2045484619567950e-01	   4.9484627283784000e-01	   7.0164086046510854e-01	   7.0160677098875335e-01	   7.5736668384961425e-01	   5.8746476820452587e-01	   7.6979008123992854e-01	   6.8627008173757309e-01	   6.5744842895941646e-01	   5.6279850237393203e-01	   6.0873292728301809e-01	   7.0227433385906524e-01	   6.8590801311735627e-01	   5.3270083281662683e-01	   4.4990675580330020e-01	   5.5251268853742275e-01	   5.8271362531179915e-01	   4.7468565151231279e-01	   5.7198754758583725e-01	   6.5182445155110469e-01	   5.8974114466055638e-01	   7.3562050187678685e-01	   8.1466836701068623e-01	   6.8549745293854614e-01	   6.3228386948398752e-01	   6.8419721465910810e-01	   6.2194473304781894e-01	   4.6110820699691335e-01	   3.9492368325251093e-01	   5.0156971151754437e-01	   4.9616182560163918e-01	   2.3506501183403661e-01	   4.4781212336316389e-01	   6.8847107276488706e-01	   6.3963997810135931e-01	   6.6460318952358366e-01	   6.4666618453087010e-01	   3.0526745251744425e-01	   6.6119034338842659e-03	
   5.4132245770592569e-01	   4.8256754949421532e-01	   0.0000000000000000e+00	   7.5109764639348975e-01	   6.8077701678498984e-02	   1.3228844167567166e-01	   8.1143489413785175e-01	   5.1470537224284840e-01	   5.5181328132532639e-02	  -6.7753175849462999e-02	   5.4121421581298002e-01	   3.8187023057858799e-01	   5.9701788356558727e-01	   3.6610762473920005e-01	   4.0363810541784023e-01	   8.6229113905528870e-02	   1.2764246183323949e-01	   1.5129325637537488e-01	   6.7544707307850838e-01	   6.0268842998144356e-01	   5.8649105494222489e-02	  -5.4067904026961454e-02	   8.5254734391878795e-01	   7.2825186502755601e-01	   1.1452933311002432e-02	   1.0542641833266131e-01	   3.3660214999888631e-02	   5.4840260619514705e-02	   3.1991689730181672e-01	   2.7994942721007593e-01	   6.6357654669878707e-01	   7.1482933921134573e-01	   6.8472131841800454e-01	   6.3732089839414963e-01	   4.2017593965250466e-01	   4.5924709701600341e-01	  -6.4654848603224707e-02	  -1.9644430837853516e-01	   8.9111695819432582e-02	   2.9588074942924480e-02	   3.7952943154158834e-02	   2.6794822693834791e-02	   2.6547083244152436e-01	   3.5834755515593819e-01	   5.5353770556476400e-01	   4.2943287026030769e-01	   1.6634520650364942e-01	   2.8815247137796685e-01	   4.4995330680033618e-01	   3.7352402905303927e-01	   5.0268365124354764e-01	   4.9413383708982517e-01	   3.1467673083190223e-01	   4.6942802626501484e-01	   2.4708611759546112e-01	   3.9092011094820311e-01	   3.1002676084857828e-01	   3.7264242307781387e-01	   6.2475198388745046e-01	   2.3828800800329419e-01	   7.5983579453970040e-01	   3.9444622541015195e-01	   4.2697357801245150e-01	   3.9159897513442987e-01	   7.4180594183748005e-01	   7.1547354256036788e-01	   7.1761437749371226e-01	   5.5285037025865347e-01	   4.9146488151708445e-01	   5.9334059277360862e-01	   5.0300993681345640e-01	   5.3576235423586971e-01	   5.8180536321285814e-01	   5.4066617127796746e-01	   3.2966330986957493e-01	   4.2316334573211800e-01	   2.7222168773184996e-01	   1.6406541534141941e-01	   2.1889913342387599e-01	   2.7237733387890417e-01	   2.3432509288268755e-01	   4.8928479293687466e-01	   3.0693932571670335e-01	   3.5290731429699251e-01	   5.4409108052808508e-01	   6.9708097026340476e-01	   1.8329277870801555e-01	   3.3604799194513679e-01	   4.1433588807018557e-01	   3.9726516907409937e-01	   1.3690357774454376e-01	   2.0673369509321332e-01	   2.4800778588022704e-01	   3.9029392917667871e-01	   1.2466276864765162e-01	   1.7668234468125402e-01	   2.9107519399449677e-01	   3.0760997909607835e-01	   1.4468995916858346e-01	   2.9199170492700666e-01	   2.3458910545336004e-01	   4.2218002949898148e-01	   3.3810578555589632e-01	   3.7046412238022663e-01	   1.8466080059463516e-01	   1.8823855859505123e-01	   1.6191718573714151e-01	   1.5074864025056520e-01	  -3.2494936127255097e-02	   1.4576471370635780e-01	   3.4708633724109195e-01	   8.7170637652571603e-02	   7.9546117252992335e-02	   1.4943930451684312e-01	   1.9659514631171435e-01	   1.4356934220052231e-01	
   3.1280148709715777e-01	   2.4660659775422894e-01	   7.5109764639348975e-01	   0.0000000000000000e+00	  -2.1449807130721288e-01	   2.9066979836710198e-03	   6.5611602250865197e-01	   6.5928049052650928e-01	  -3.0797419172109719e-01	  -3.9980952795482139e-01	   4.1819244808028666e-01	   4.2783026868091956e-01	   4.6622495184848134e-01	   3.1138368086371870e-01	   6.2162827164993405e-02	  -1.3543416355799809e-01	   5.1804911383623933e-02	   9.1805637828312484e-02	   5.2024267093956145e-01	   4.6785962566474348e-01	   1.6871837007599619e-01	   4.8942447864511955e-02	   7.4958378080066090e-01	   8.5769258566219653e-01	  -3.2291071843794789e-01	  -1.5981034603870700e-01	  -1.3059899301439357e-01	  -6.6521804235897528e-02	   2.9108057537317489e-01	   2.0861015240793804e-01	   5.2603494522141192e-01	   7.3161947767371904e-01	   5.2973558886589556e-01	   5.2151166077483180e-01	   1.2778175869069675e-01	   2.4454544999385625e-01	  -1.6920545284032595e-01	  -6.4677501376118112e-03	  -2.2577381532100517e-02	   8.2187206229352730e-02	  -9.6301444871418201e-03	   3.9725488530193587e-02	   1.4662497511819413e-02	   9.1157089200157387e-02	   3.2890563023023067e-01	   2.0239783562597316e-01	   9.1340494525853468e-04	   1.1671973407698387e-01	   1.2193012257143630e-01	   3.7071840282520120e-02	   1.0958365745999646e-01	   1.8079162311246932e-01	   1.0794722263376593e-02	   1.9672164195330938e-01	  -2.0130228153934011e-02	   1.4938844565396500e-01	   1.4725802446719727e-01	   1.5140925290186025e-01	   4.1040321390157530e-01	   1.5996676764887413e-01	   5.6415160637769191e-01	   4.1909178346015585e-01	   4.0973424769048566e-01	   4.2179501028992028e-01	   3.2901973777209748e-01	   5.6283305785432602e-01	   4.8115566552864120e-01	   3.7336089426034169e-01	   2.7366632656613099e-01	   3.3851224026708043e-01	   7.4148254241375022e-01	   7.7639931065055423e-01	   7.3669472753106935e-01	   6.3060920401924103e-01	   1.6536502736703057e-01	   3.6717721177185747e-01	   1.4153048436716201e-01	   3.4826612676854898e-02	   1.0107593449746778e-01	   7.2224370251889658e-02	   1.7423456635442491e-01	   4.0451815496760996e-01	   2.6343899471915032e-02	   2.5475594398221174e-01	   1.9246161552481272e-01	   5.6551339438608128e-01	  -1.3597779494469930e-01	   1.8339806445980822e-01	   1.1619768352677348e-01	   2.3008390416709379e-01	   1.8739762879193468e-02	  -4.2552226050213776e-02	   1.6707542081461871e-01	   5.8050433782268540e-02	   5.6658977936704241e-02	   1.7557722403148870e-01	   2.1543779742021604e-01	   1.5942867594986851e-01	   4.0697347754714897e-02	   9.8527016754036717e-02	   1.5655083259995417e-01	   1.9201242826406853e-01	   1.8541777358277101e-01	   2.6407894489341144e-01	   1.1123404340714783e-01	   5.5279994382640030e-02	  -2.4398099381667430e-02	   1.9777460197950358e-02	  -1.2057813239057255e-01	   1.3544381357004889e-01	   2.9506897007755006e-01	  -2.4326485664014540e-02	  -5.5437270977238565e-02	   8.5545380444926364e-02	   1.4294867138984660e-01	   2.2334575888209883e-02	
   4.6517922230931558e-01	   4.6884775632906078e-01	   6.8077701678498984e-02	  -2.1449807130721288e-01	   0.0000000000000000e+00	   9.0342967788729456e-01	   1.7330633012922403e-01	   3.6059483397143577e-01	   9.3018877267342182e-01	   8.8933150185453380e-01	   2.6131631444213965e-01	   4.8811255812368415e-01	   2.6289493206005771e-01	   6.4948023391555409e-01	   6.8760389137930078e-01	   8.8927870760254901e-01	   6.5074265746981785e-01	   4.8156623361423601e-01	   4.3265336949524535e-01	   4.8220425107282039e-01	   4.0255257332545191e-01	   4.8199049412907979e-01	  -1.7301888243506987e-02	   4.5524800357801168e-02	   9.2377427417189351e-01	   9.3217764560032390e-01	   8.7627377021357611e-01	   8.5098712737798266e-01	   2.9047401203548040e-01	   5.2696667948574560e-01	   4.6067353072026929e-01	   1.5948518251715194e-01	   2.8274165440949295e-01	   4.4527484108716997e-01	   2.7789336896300509e-01	   3.6109817905878078e-01	  -7.3067400077768713e-02	  -4.1372583992704182e-01	   2.0870085606484298e-01	   1.3463436021405373e-01	  -3.9575111185351973e-02	   2.1311030150622062e-01	   4.6528318461593376e-01	   4.8531925257284125e-01	   3.1342189579810398e-01	   4.8260385449807552e-01	   5.0825028876314127e-01	   5.0057847166263159e-01	   4.9601265476435219e-01	   5.9153373019298394e-01	   4.4536550526954266e-01	   4.4118399259528462e-01	   4.7099530829929059e-01	   5.6064959368473821e-01	   5.3339155493437596e-01	   5.8062521894139563e-01	   3.9548079292935667e-01	   4.4752373708564686e-01	   4.1158126125368555e-01	   6.7767250334472073e-01	   3.0900174903795569e-01	   5.7062186714506591e-01	   1.6670699977622352e-01	   3.6289916075868750e-01	   1.9411757364271523e-01	   2.6763138178136509e-01	   4.0866989352913774e-01	   4.8715872565858909e-01	   5.8559353438728579e-01	   5.0003873126250076e-01	  -3.1835514202223758e-01	  -1.0724098518082749e-01	  -2.0782443669838474e-01	   2.3363215742054588e-01	   3.5282532849183135e-01	   3.3876872609549236e-01	   2.3791646583851217e-01	   4.5281891101097915e-01	   6.2491717768820554e-01	   7.0794645985278004e-01	   6.2919160671236374e-01	   3.9786976769846083e-01	   2.2476997438598748e-01	   4.4794216095713824e-01	   3.6359054849880085e-01	   2.0212225308503640e-01	   3.1956144748370874e-01	   3.3793519721884646e-01	   5.2841503127795042e-01	   5.3004567541513170e-01	   6.8382611618960021e-01	   4.6522443824218224e-01	   5.8914350903300827e-01	   5.3459471043168161e-01	   5.6739590008732044e-01	   3.1382794603565750e-01	   4.8484611589298077e-01	   5.2555382537075579e-01	   6.0617121805033924e-01	   6.7706837313277757e-01	   6.3532427051009677e-01	   5.3251382897951072e-01	   6.2195413487971318e-01	   5.2683386690635181e-01	   3.5328841631905211e-01	   2.3607468300849149e-01	   4.9852214769472264e-01	   2.5062629262700437e-01	   2.7732902219245525e-01	   4.5202752467700014e-01	   5.3406249038360110e-01	   5.7661981300280496e-01	   4.7238000585401196e-01	   2.8483441319253699e-01	   1.8804167762250906e-01	  -3.4237287257470811e-01	
   4.9259729104014605e-01	   4.5474479677341606e-01	   1.3228844167567166e-01	   2.9066979836710198e-03	   9.0342967788729456e-01	   0.0000000000000000e+00	   3.2227307416094264e-01	   5.6155646894843003e-01	   7.8120988892456766e-01	   7.9705722691567804e-01	   3.4011827804704936e-01	   6.0178110462057566e-01	   3.5254138133617779e-01	   7.1754143728311670e-01	   5.5208871236075685e-01	   8.2086282350377970e-01	   6.2092833777530854e-01	   4.1323250940631773e-01	   4.8957334310883560e-01	   5.2701184098732468e-01	   5.4835700954441069e-01	   6.5361850289821077e-01	   5.8581435489243008e-02	   1.9561161235158608e-01	   8.3980288344131893e-01	   9.2183815943652569e-01	   8.6615167061549103e-01	   8.9555333369333523e-01	   3.0529182447544445e-01	   5.2431114338274198e-01	   5.4539525072144679e-01	   2.5437036642261113e-01	   3.2261252981631505e-01	   4.9244628707508942e-01	   1.8067835481389297e-01	   3.0558994294832953e-01	  -1.9522823709186884e-01	  -4.2109921302572340e-01	   1.1074683420064575e-01	   1.7976171859855988e-01	  -1.2380439051692033e-01	   2.5159134103752961e-01	   5.0271209854345533e-01	   4.9149233430304584e-01	   4.3094958511833870e-01	   5.4693496173443812e-01	   5.5335645604513606e-01	   5.3952853614170015e-01	   5.5854441209584849e-01	   5.9785597590491302e-01	   4.4567678464596794e-01	   4.6814747738867740e-01	   4.8829650528697821e-01	   5.7824981383985863e-01	   4.8529280695603094e-01	   5.4600864824557171e-01	   3.4553538903166731e-01	   3.9044847363635804e-01	   5.0726550731270126e-01	   7.8089488421553588e-01	   4.3574852856894530e-01	   7.2078046194406942e-01	   2.3223597929362222e-01	   4.5764194373417200e-01	   1.6913726150057595e-01	   3.3852630474019935e-01	   5.3292936162538773e-01	   6.1824265668967116e-01	   5.9487525174307920e-01	   5.3866036750200852e-01	  -1.5734333415180886e-02	   1.3217104143956632e-01	   8.7265617215357708e-02	   3.7076234295520205e-01	   3.5940898128329313e-01	   5.6043829292185998e-01	   2.3867549055481257e-01	   5.2751149402898501e-01	   5.9363223445618574e-01	   6.1689896675271150e-01	   6.4801816430085890e-01	   4.2768319711353581e-01	   6.3654133517791700e-02	   4.1027519071680102e-01	   2.8545109912210059e-01	   2.6618206056995675e-01	   1.0983183768551957e-01	   2.4157729381584780e-01	   4.7310354246597225e-01	   5.4711450382199844e-01	   6.8958601871720093e-01	   4.1998184830625496e-01	   6.8158198959020200e-01	   5.3178226683727692e-01	   5.2848021610750717e-01	   3.6320481780426489e-01	   5.1656064684826208e-01	   5.2676846175996417e-01	   6.3591331968097453e-01	   6.5558463973958903e-01	   7.1174465380072649e-01	   5.9714135880195951e-01	   6.6538909041713468e-01	   5.9755848513857179e-01	   4.5608809367987008e-01	   2.4480012718121252e-01	   5.1239455372593068e-01	   2.6178492286846039e-01	   2.0331953337051689e-01	   4.8745734617171210e-01	   6.2497767951941452e-01	   5.7372227113233709e-01	   4.8757672843576427e-01	   3.4526642401107421e-01	   2.5487479851368755e-01	  -3.1175280497722591e-01	
   5.0479101388988612e-01	   4.3304521360400156e-01	   8.1143489413785175e-01	   6.5611602250865197e-01	   1.7330633012922403e-01	   3.2227307416094264e-01	   0.0000000000000000e+00	   7.5353107933668162e-01	   1.4796199033922172e-01	   2.8835838096058011e-02	   6.8073412538865208e-01	   5.2865438223777539e-01	   8.0103593228589776e-01	   5.4331532576509778e-01	   3.1509247086048453e-01	   1.1565559142637002e-01	   1.9791617903123707e-01	   1.5230375439506999e-01	   6.4217142201220168e-01	   5.5726815159701026e-01	   1.8155576788499983e-01	   1.1224644041895607e-01	   6.0073006330691103e-01	   5.4962859060388880e-01	   6.6810428608186645e-02	   1.6862122269783097e-01	   1.3588017136343389e-01	   2.1628360551466030e-01	   2.4636271064465726e-01	   2.0715819316968365e-01	   5.2183337073066483e-01	   4.5680154768576797e-01	   5.4697383593862803e-01	   6.0882338504960531e-01	   2.3392272696531990e-01	   3.2682595802677822e-01	  -1.7311088235230557e-01	  -2.9088559310753687e-01	  -4.4349193754318957e-02	  -3.3865271201496752e-02	  -1.2133618351968216e-01	  -9.2453481404264730e-03	   3.5633475069227688e-01	   4.4902854647295576e-01	   5.9866102727930171e-01	   5.1059844510075769e-01	   2.8011495037588274e-01	   3.9416256028491237e-01	   5.0984515256700369e-01	   4.7068514921232346e-01	   5.5043591590085827e-01	   6.1416423578497403e-01	   4.7448144080335874e-01	   5.6931205273147523e-01	   2.1803252976232704e-01	   3.5320121228896145e-01	   2.4115642301230983e-01	   3.3682291646203877e-01	   7.3187323835091922e-01	   4.9451099674490873e-01	   9.0045901696183506e-01	   5.3866971286713894e-01	   3.0556348552684504e-01	   4.6919111665086999e-01	   5.0667882829170752e-01	   5.4867584019037630e-01	   7.7647879999982827e-01	   6.8019898566301140e-01	   4.6921938936727803e-01	   5.4395622052007608e-01	   5.4608700252984332e-01	   5.5446226182228919e-01	   6.7146120182855118e-01	   6.0573509540064763e-01	   5.2972143183021914e-01	   6.2234495487088182e-01	   4.4628286012037721e-01	   4.1000752992742112e-01	   2.1911943197465444e-01	   3.1969310099092729e-01	   2.5859783702694011e-01	   3.8471132014272358e-01	   3.7469107711828591e-02	   1.7008083972211671e-01	   2.9622805578510736e-01	   5.0460914424089554e-01	  -9.8165177137800819e-02	   1.7901943415218207e-02	   3.1161734498178523e-01	   3.6929793159933755e-01	   2.6939454780604966e-01	   2.9597747237105954e-01	   3.9185670676166706e-01	   4.9610551567955807e-01	   1.5645323537195552e-01	   1.2358191037408189e-01	   3.4154138335823570e-01	   2.7187278757517253e-01	   2.6584838431954183e-01	   3.5300364848682680e-01	   3.5506990054866761e-01	   6.0350081965139446e-01	   4.6317585196848643e-01	   5.1597513723878285e-01	   4.4227726106383969e-01	   3.4036978407362983e-01	   1.5934401968617484e-01	   1.6927160583989481e-01	   1.7711484333573133e-01	   3.1175109082359853e-01	   4.3895060487570764e-01	   1.6747551558218793e-01	   2.3953377376803939e-01	   1.7022506183990141e-01	   2.5002076741537127e-01	  -1.3097239009231258e-02	
   4.6441546893837626e-01	   4.3191990171993311e-01	   5.1470537224284840e-01	   6.5928049052650928e-01	   3.6059483397143577e-01	   5.6155646894843003e-01	   7.5353107933668162e-01	   0.0000000000000000e+00	   2.6219369853206625e-01	   1.9290025228218269e-01	   6.1312901623183980e-01	   8.2306306471557833e-01	   6.4449340997735460e-01	   7.9329926087726643e-01	   2.5888003633304363e-01	   3.5613185879253928e-01	   4.6592494708092064e-01	   3.7277320149408266e-01	   6.3210239662840795e-01	   6.1461186721714300e-01	   3.8319438649280779e-01	   3.6052632750456892e-01	   3.9977841253642915e-01	   6.0244930484588410e-01	   1.9842572182960111e-01	   3.3020356841296994e-01	   3.5788688362964338e-01	   4.2766332931492496e-01	   3.9268879183285249e-01	   4.5861544434076940e-01	   5.3615851553446747e-01	   4.9072834406423926e-01	   5.5654819868743122e-01	   6.9911743098443246e-01	   1.3499191615698797e-01	   3.5347679598288773e-01	  -2.6513774879690594e-01	  -3.1562074329094569e-01	  -8.1586588944799587e-02	   5.0141406050556961e-02	  -9.2131961088632031e-02	   1.1110710537547094e-01	   3.6921945555129743e-01	   4.2807456543297467e-01	   4.9004109794598782e-01	   5.0040585572444041e-01	   4.0605354710550212e-01	   5.0721699175035651e-01	   4.1483272993615294e-01	   4.5902215792568363e-01	   3.7349110709521366e-01	   4.8706164069454239e-01	   3.7118394135151789e-01	   5.6701982321819389e-01	   2.1114226953324411e-01	   4.1375461117807710e-01	   2.9595015354493925e-01	   3.2732929612160305e-01	   6.2120410485604816e-01	   6.9961169159926540e-01	   7.2778072040523112e-01	   8.1279030587362044e-01	   3.9580966181795685e-01	   6.6186531998904674e-01	   2.4799438970444465e-01	   5.5773940793090915e-01	   6.7417867992261338e-01	   7.0383352949778966e-01	   4.8532528470879172e-01	   5.0266969294123331e-01	   4.5383712117707364e-01	   5.9469894685909996e-01	   5.7261406559955375e-01	   7.2654708537583979e-01	   5.1367710930497235e-01	   6.2044758927202048e-01	   3.7695971713204024e-01	   4.5339195952011146e-01	   4.6163281420290792e-01	   4.5726075584361187e-01	   5.2423430941319249e-01	   5.0017687695193280e-01	  -5.0612894056433801e-02	   3.1407041861430973e-01	   2.0208659705021942e-01	   4.8123650881783270e-01	  -1.9020599952090073e-01	   4.0584825762845604e-02	   2.2944593116779527e-01	   4.2830163814829780e-01	   4.4497593551673531e-01	   2.1269021720826137e-01	   5.5162314629829901e-01	   3.1965169903337165e-01	   3.4029228987076576e-01	   3.6306923063185059e-01	   4.7122196534680838e-01	   3.9795544263765964e-01	   4.4895099466457777e-01	   5.0028722923210500e-01	   5.2433552712209186e-01	   5.2351371109666467e-01	   5.3416893339367677e-01	   5.5664177223342359e-01	   4.5024578722704339e-01	   2.5666963428363404e-01	   1.8993144465908515e-01	   1.3184334860263117e-01	   1.7363711298243228e-01	   5.0863162821715102e-01	   6.1292660309354230e-01	   3.5406086754661625e-01	   3.5981771041448851e-01	   2.5155696057814009e-01	   3.0879685429940429e-01	  -2.2169882558264820e-01	
   4.0076361395225407e-01	   4.1348271573439482e-01	   5.5181328132532639e-02	  -3.0797419172109719e-01	   9.3018877267342182e-01	   7.8120988892456766e-01	   1.4796199033922172e-01	   2.6219369853206625e-01	   0.0000000000000000e+00	   9.3962517428107128e-01	   1.9694767974051575e-01	   3.9547635114593604e-01	   2.0651959401460290e-01	   5.7862506075758957e-01	   6.9125222665697716e-01	   8.7034160425596541e-01	   5.6912468377918768e-01	   4.1626886224238535e-01	   3.7730950294578447e-01	   4.1611948477624228e-01	   2.2849824476731229e-01	   2.8840652471754247e-01	  -8.7608233974735786e-02	  -8.5457629175144600e-02	   8.6522516586985998e-01	   8.3036455470720327e-01	   7.0534904626744832e-01	   6.6548766709159612e-01	   2.3739386135855303e-01	   4.7205150212108521e-01	   3.1877522638644074e-01	   1.9074657035155457e-02	   2.1232721867611021e-01	   3.6622757755825563e-01	   2.7209148343535133e-01	   3.3571321531171938e-01	  -2.3852692921531308e-02	  -4.2448161381252236e-01	   1.8536028668377441e-01	   5.1873500481494896e-02	   3.8187868106510352e-03	   1.0764415601736013e-01	   4.0673841285264800e-01	   4.2163924717908047e-01	   2.5410370745251365e-01	   4.3020681300714791e-01	   4.4177461736891205e-01	   4.5526188406044577e-01	   4.6005855116561423e-01	   5.8313487163296862e-01	   4.9170523217344514e-01	   4.5624769016664968e-01	   4.6705661554812750e-01	   5.7611043856935684e-01	   4.8955303614685519e-01	   5.4691400062544293e-01	   3.2470944531549872e-01	   4.2255860412863483e-01	   4.0141591934721604e-01	   6.3396696013549181e-01	   3.0839734739644198e-01	   4.8110716749420740e-01	   1.0099051274169343e-01	   2.9749345900442137e-01	   2.4553554370894298e-01	   2.6715360300988855e-01	   3.7691077393260219e-01	   4.4380040154555245e-01	   5.5915535049373388e-01	   4.8403011345728508e-01	  -4.8554054415667980e-01	  -2.7641988039674020e-01	  -3.1754091161783632e-01	   8.5656163152958167e-02	   3.4074879244831152e-01	   2.1357878652273321e-01	   1.5940802125557563e-01	   4.4532519217217847e-01	   6.0647816648172181e-01	   6.8480775821646644e-01	   5.2957572590104562e-01	   3.3589889653925908e-01	   2.4975547165986162e-01	   3.4510533527608800e-01	   3.8930820046667275e-01	   2.0200518285380012e-01	   2.9651505365641628e-01	   2.3272271216008747e-01	   4.9964134484228206e-01	   4.9568771747982732e-01	   5.8930035878073139e-01	   4.5117632263034924e-01	   4.7935830272607777e-01	   4.9201395165468531e-01	   5.3487172768872449e-01	   2.9786973114224136e-01	   4.1789575181880489e-01	   4.8629152750643756e-01	   5.2650421473995679e-01	   5.8346796358580966e-01	   4.9321731693649040e-01	   4.3263349275499374e-01	   5.1748715315538041e-01	   4.0303611958217234e-01	   2.6489139249038013e-01	   2.0789308989888489e-01	   3.8348157791506665e-01	   1.4555557120289220e-01	   2.4428211754872192e-01	   4.1552067022421635e-01	   4.0760532586797471e-01	   4.8489386329001005e-01	   4.6405291236808766e-01	   1.9899617035420661e-01	   1.0378347970858720e-01	  -3.0598743691484126e-01	
   3.6523479414135451e-01	   3.7367000860601784e-01	  -6.7753175849462999e-02	  -3.9980952795482139e-01	   8.8933150185453380e-01	   7.9705722691567804e-01	   2.8835838096058011e-02	   1.9290025228218269e-01	   9.3962517428107128e-01	   0.0000000000000000e+00	   1.1332632077302016e-01	   3.4514993533971822e-01	   9.3519756234492671e-02	   5.1076772393219350e-01	   5.3999575601567373e-01	   8.6904264996641123e-01	   5.1472396240128648e-01	   3.6435376616730397e-01	   2.9799702078958124e-01	   3.5988080474633533e-01	   1.6360245446078928e-01	   2.8476423577343096e-01	  -1.8680518676251159e-01	  -1.5107582742791736e-01	   8.7652362594722955e-01	   8.5307164144195380e-01	   6.9909970273421562e-01	   6.6489369586047098e-01	   1.7470210923917939e-01	   4.5615362881342825e-01	   2.6808652882103662e-01	  -3.6772190345857471e-02	   1.3189674775694987e-01	   2.8508736783871413e-01	   2.2704516251038237e-01	   2.8581121429820316e-01	  -7.8159983807215672e-02	  -4.4003216215716540e-01	   1.4011428738305165e-01	   3.7284606949918968e-02	  -8.3244036541658628e-02	   6.6376842358162796e-02	   4.2623757986283584e-01	   4.1488132533531391e-01	   2.4249047285222647e-01	   4.0769871857970957e-01	   4.6238737727558477e-01	   4.3921206959215070e-01	   4.4763125857185754e-01	   5.6472416522007951e-01	   4.4880883735409693e-01	   4.0811073237844075e-01	   4.2351345647190375e-01	   4.9945447516156916e-01	   4.5618564378864890e-01	   4.9875660901345265e-01	   3.0845406569404255e-01	   3.7547512098728658e-01	   2.8632415326889060e-01	   5.9277706027862176e-01	   1.9192851573148340e-01	   4.6464602746531047e-01	   6.9006305814203500e-02	   2.3587168709544909e-01	   1.8470806031489531e-01	   2.0953671443179295e-01	   3.0796811048138523e-01	   4.0362535316197812e-01	   5.3889036719546934e-01	   4.5714883613022994e-01	  -5.3463538171408809e-01	  -3.7254757300687591e-01	  -3.5423998847855942e-01	   2.3613070285962993e-02	   2.9696629595909385e-01	   2.4312860986115681e-01	   7.2332931558136054e-02	   4.0293697350714647e-01	   5.6421357776164238e-01	   6.2057997341851601e-01	   4.9130882947654236e-01	   2.6180502429363045e-01	   1.4538293379092229e-01	   2.7918489309247230e-01	   3.1125612861349972e-01	   1.1148396928348261e-01	   2.8599492575824370e-01	   2.0713138142060245e-01	   4.1943170174431177e-01	   4.3294112927645595e-01	   5.8340399667094422e-01	   3.8871484537757250e-01	   4.6101701580787963e-01	   3.9371802840520398e-01	   5.2510767833695726e-01	   2.7581559593044030e-01	   3.8189920350602025e-01	   5.0908953971488280e-01	   5.2700745005171612e-01	   5.6551883929545488e-01	   4.8707352817901817e-01	   3.8575899297044447e-01	   4.6780880700377803e-01	   3.4163000045462255e-01	   2.3129837104288986e-01	   1.5604471263332659e-01	   3.4649303593029113e-01	   1.1158583342525635e-01	   2.0087401750963008e-01	   4.0452481789538863e-01	   3.8164581898456884e-01	   5.0185777500759654e-01	   4.3224196618548827e-01	   1.6382424463496609e-01	   6.1195699080711000e-02	  -3.1114326736198156e-01	
   7.0185715518056802e-01	   6.6594267448374600e-01	   5.4121421581298002e-01	   4.1819244808028666e-01	   2.6131631444213965e-01	   3.4011827804704936e-01	   6.8073412538865208e-01	   6.1312901623183980e-01	   1.9694767974051575e-01	   1.1332632077302016e-01	   0.0000000000000000e+00	   7.5167541398637283e-01	   8.8314248173722809e-01	   6.4530054840657214e-01	   4.9356199032112075e-01	   2.9666077405223218e-01	   5.3908336349210706e-01	   4.1165116829809079e-01	   7.5665303500907632e-01	   6.9764065309554424e-01	   3.3175563918740653e-01	   3.2097342007620272e-01	   4.0216887095124515e-01	   3.5975898389083982e-01	   1.2658497987215245e-01	   2.4686436525855512e-01	   2.6475976693803660e-01	   3.2195306843003646e-01	   6.8073490642851286e-01	   5.3777156050993657e-01	   4.4824013025619780e-01	   3.9594851267308284e-01	   6.0571591301823413e-01	   6.2539370101790148e-01	   3.1081646163587807e-02	   2.5334041691829068e-01	   1.5439412167247084e-02	  -7.1453703364165608e-02	   8.2889518048633620e-02	   1.7524468297744272e-01	   1.7459690218352647e-01	   3.3448222955750512e-01	   5.5079917500366227e-01	   6.3193209664884264e-01	   6.4955177877234915e-01	   6.2571539155989386e-01	   5.2058466627145639e-01	   5.9590595027920112e-01	   5.6561174819020188e-01	   5.1144943163171208e-01	   5.4471276643687017e-01	   5.7665248679530268e-01	   5.8221254721004800e-01	   6.1033054167214007e-01	   4.4010256365784062e-01	   4.8150639533626016e-01	   3.8554583685214078e-01	   4.7495519886865223e-01	   6.7151769807345330e-01	   4.7182364806507859e-01	   7.0600117791535089e-01	   5.2550601705318156e-01	   7.2083132810651984e-01	   7.3108585746568711e-01	   4.6317451332219461e-01	   4.1860660835741115e-01	   6.1573424829939671e-01	   6.1993228114433419e-01	   5.1305164174846518e-01	   6.1515423960200155e-01	   4.6732201630033993e-01	   5.1330291487438018e-01	   6.1461526918510989e-01	   6.3706528239694693e-01	   5.9646166614265117e-01	   6.3072998887167875e-01	   5.8290780285936850e-01	   4.4833688263565147e-01	   3.9819078882193049e-01	   5.0529185629704387e-01	   5.5965271791937932e-01	   6.4456227554570655e-01	   4.1404259588502212e-01	   5.0413383898201403e-01	   5.7838744549729737e-01	   6.6092217511883433e-01	   4.5494696355962941e-02	   2.1340121940854806e-01	   4.2832442222165767e-01	   3.9828413292385545e-01	   3.5239617171563942e-01	   2.8035161413834719e-01	   3.9639000479756320e-01	   4.5156433141244323e-01	   2.2981074951879796e-01	   3.6651320069169907e-01	   4.9354515837704904e-01	   3.7217030948409574e-01	   5.3114750152820644e-01	   5.5223820606365503e-01	   4.7479769207777556e-01	   6.2962226805809995e-01	   5.2107280922134125e-01	   5.4699485123419933e-01	   3.8641451390682358e-01	   2.5785114094884637e-01	   2.0074304191212436e-01	   1.8105668851763157e-01	   9.3426619249847215e-02	   3.6665928859423003e-01	   5.5674656644915499e-01	   4.3360371881216969e-01	   4.7716138806368619e-01	   3.6613186124218677e-01	   3.1176802535853027e-01	   8.9672624966204042e-04	
   6.5484139430064359e-01	   6.5707597021534103e-01	   3.8187023057858799e-01	   4.2783026868091956e-01	   4.8811255812368415e-01	   6.0178110462057566e-01	   5.2865438223777539e-01	   8.2306306471557833e-01	   3.9547635114593604e-01	   3.4514993533971822e-01	   7.5167541398637283e-01	   0.0000000000000000e+00	   6.8004148153210697e-01	   9.1504415797037530e-01	   4.7946671820778869e-01	   5.8965972782185760e-01	   7.1694892215538641e-01	   5.8270616336378434e-01	   6.7717120463249847e-01	   7.0041106177428147e-01	   4.9509937278639360e-01	   4.8527729665117325e-01	   2.8825713296373223e-01	   4.5543658416048793e-01	   3.4842884775575445e-01	   4.7067090653296095e-01	   5.0372332437820677e-01	   5.3079641111509102e-01	   6.3724021093094885e-01	   7.0489728813802122e-01	   5.0646814776268489e-01	   4.3906158833344733e-01	   6.4997556948874147e-01	   7.4027385186276118e-01	   9.9301863157835124e-02	   3.5834403380806773e-01	  -5.5175116981115782e-02	  -1.9083785553857346e-01	   1.3917499268985345e-01	   2.6787918887944806e-01	   2.3506610653698157e-01	   4.3034411155422347e-01	   5.3237817917798358e-01	   5.6671448546115089e-01	   5.4160626208719664e-01	   5.8002917825338440e-01	   6.2448798391092808e-01	   6.8785480161772128e-01	   5.2866152749857021e-01	   5.5039833687948514e-01	   4.6031939963754653e-01	   5.3249490057987503e-01	   5.1537699862290143e-01	   6.3035231654288137e-01	   4.9567450039865757e-01	   6.2746922516843862e-01	   4.5728038924859521e-01	   4.9581137373208578e-01	   6.5050310582857329e-01	   7.0850670080062572e-01	   6.2714105616934002e-01	   8.0981163266097644e-01	   6.8545766462387170e-01	   8.7428123519428913e-01	   3.4296169112090669e-01	   5.6451338762214864e-01	   6.2511087252155273e-01	   7.0068616835507957e-01	   5.9020386750143927e-01	   6.4451314161543971e-01	   2.9954880303120529e-01	   4.2645731602389492e-01	   4.6325324879893581e-01	   6.9150708436823960e-01	   5.4559397851261493e-01	   5.8431518283088235e-01	   4.6751736393022963e-01	   5.2234719326649337e-01	   6.0934497999949622e-01	   6.2309537883173571e-01	   7.4666516295036722e-01	   6.9841612304084366e-01	   2.8759626104105113e-01	   6.1409248439126174e-01	   4.7707983442594570e-01	   6.5520128948456269e-01	   8.2168257484893481e-02	   2.8654301226401219e-01	   4.5925063781578312e-01	   5.7155007510077693e-01	   5.4294823594310793e-01	   2.2784596527659112e-01	   5.9771386876403843e-01	   3.6875100134361172e-01	   4.5135323033265706e-01	   5.9704570579653649e-01	   6.1623548279856033e-01	   5.4748846587443167e-01	   6.5632774020638052e-01	   6.5904561665971151e-01	   6.3656539836844828e-01	   5.6417692001239828e-01	   5.9073396156568070e-01	   5.9626414194968658e-01	   4.0701731210665615e-01	   2.5898838798003709e-01	   2.6641410634759755e-01	   2.0474508945602615e-01	   1.5064787269102620e-01	   5.7825610593286392e-01	   6.8182909482688636e-01	   5.1360617444645729e-01	   5.4455898260689128e-01	   4.0831525990060996e-01	   3.2765307230026119e-01	  -2.3668804526179527e-01	
   6.6699883578016439e-01	   6.4213754262256040e-01	   5.9701788356558727e-01	   4.6622495184848134e-01	   2.6289493206005771e-01	   3.5254138133617779e-01	   8.0103593228589776e-01	   6.4449340997735460e-01	   2.0651959401460290e-01	   9.3519756234492671e-02	   8.8314248173722809e-01	   6.8004148153210697e-01	   0.0000000000000000e+00	   6.7159368555694443e-01	   5.1747720840724631e-01	   2.5159260454098409e-01	   5.0256072014053366e-01	   4.4458833872776182e-01	   7.2790426441354450e-01	   6.8091130521040155e-01	   2.9844370203430226e-01	   2.3561813691519012e-01	   4.9904371987340357e-01	   4.1496970288969220e-01	   1.1648066574814839e-01	   2.1724706502164781e-01	   2.1417197514853867e-01	   2.8889036206700097e-01	   5.6383565949853010e-01	   4.4299618555373699e-01	   4.5601461069972782e-01	   3.8413931080812486e-01	   5.6490381474408080e-01	   6.1267516819209344e-01	   4.0928504063411530e-02	   1.5988812912924649e-01	   3.4914016573665080e-02	  -4.2589761761481076e-02	   1.4131433627834727e-01	   1.8215652387007447e-01	   1.0002968428477599e-01	   2.4608224600715439e-01	   4.2156388818947360e-01	   5.0538456141349419e-01	   6.0079096641486829e-01	   5.8012138253986478e-01	   4.0492195740384584e-01	   5.1146025493451519e-01	   5.4328525189833532e-01	   5.1922704634557204e-01	   5.2830393522191732e-01	   6.0197449605343745e-01	   5.3019260002868651e-01	   5.8485897530801811e-01	   4.0886992259083937e-01	   4.9637428619102059e-01	   4.1831065316361288e-01	   5.3594746206465371e-01	   7.2603920183370596e-01	   5.3094781815896486e-01	   7.9781090160657664e-01	   5.1097284991412717e-01	   5.5289882122783551e-01	   6.8655111056507856e-01	   4.1749363657555949e-01	   3.3206286437473082e-01	   6.4035713013206430e-01	   6.0698746622863409e-01	   5.4163855584179377e-01	   6.2613207315240660e-01	   4.8337462513380225e-01	   4.6831249935903452e-01	   6.1855479029820937e-01	   6.4209850026598714e-01	   5.4174722466008685e-01	   5.9802188471345274e-01	   5.2972363804511646e-01	   4.4076073055839199e-01	   3.9123874580238638e-01	   5.4279815346156879e-01	   4.8848714035860552e-01	   5.7517223392843841e-01	   2.6951998147905537e-01	   3.9927382779630322e-01	   4.0237928230705061e-01	   5.2702325052147403e-01	   2.5462761282010662e-02	   1.3719335275357911e-01	   4.7763554535896680e-01	   4.2366773899553750e-01	   3.4336642244788684e-01	   3.3214409425146790e-01	   3.6879079874968224e-01	   5.1527509719571518e-01	   2.7683922183802911e-01	   2.5746339642549787e-01	   4.7447895653233418e-01	   3.9188503646852491e-01	   4.7148573954726830e-01	   5.2239411145650139e-01	   4.7081260431278382e-01	   6.7765339638151789e-01	   5.7294536283190900e-01	   6.2119436449841481e-01	   4.4465149410764471e-01	   3.6257254798903382e-01	   2.4514759183554313e-01	   2.3768360157410379e-01	   1.5234875680781260e-01	   3.7134401255216953e-01	   5.5960355570194020e-01	   3.7612788757899163e-01	   3.9438800736529767e-01	   3.3871279917075037e-01	   2.3608922730222409e-01	  -1.0475266524594073e-01	
