   0.0000000000000000e+00	   7.5485717476056413e-01	   7.3788783296774096e-01	   4.4145594165744217e-01	   5.7496823702581923e-01	   3.8727196998191615e-01	   6.6970701100517815e-01	   4.4135217080512590e-01	   5.7509866317783964e-01	   4.2567721061216407e-01	   5.6562566678037018e-01	   4.3498794628155513e-01	   5.6959487614895887e-01	   3.2923283631601119e-01	   7.2916643635477030e-01	   4.6221378463678670e-01	   4.5792554447348777e-01	   3.1728843441361654e-01	   7.5766176275273267e-01	   7.0121381689948281e-01	   3.8048288716037926e-01	   3.6180550130300360e-01	   5.1729907355847227e-01	   3.0007842572692134e-01	   1.4142123205915111e-01	   1.3913024627832429e-01	   4.4753667911984718e-01	   4.1118655955121935e-01	   4.4701977662911585e-01	   2.1968695263420715e-01	   3.8829053180823547e-01	   2.6495281103618118e-01	   4.8585145275770603e-01	   4.2559927063357333e-01	   1.1224782159956004e-01	   1.2831577442197626e-02	  -5.6525733491311611e-02	   4.7253380779865024e-02	   3.3387640755230485e-01	   2.5161344221949372e-01	   2.9400943293765402e-01	   1.4991087960683325e-01	   3.4146567347324169e-01	   3.6823345822371673e-01	   1.8445816239096130e-01	   2.2626211660437384e-01	   3.4640759363422957e-01	   3.6161795509447447e-01	   1.9224391778927830e-01	   2.8997489891008255e-01	   2.3861936562250294e-01	   3.3406488373596965e-01	   3.5963921442453295e-01	   4.3017184842998102e-01	   4.6554244480707951e-01	   4.0338057930676163e-01	   7.4479895082045411e-01	   7.0186473399501614e-01	   5.1184782125158779e-01	   4.9429661926231805e-01	   4.5695792443646638e-01	   3.9282509049126019e-01	   3.3672082383377644e-01	   4.2222633581542934e-01	   1.1152237473076335e-01	  -2.1186056955055984e-02	   2.1048291326319044e-01	   8.3828505735442108e-02	   6.6825432231598125e-01	   5.5064380651717104e-01	   3.5810387499320540e-01	   4.3253786935875432e-01	   5.3930038334580854e-01	   3.2591918937422304e-01	   5.5428782640817142e-01	   4.8179980753739982e-01	   4.3057189584631106e-01	   3.9274287088598303e-01	   2.1088606317176575e-01	   1.7663023538743489e-01	   4.8573088297187461e-01	   3.6577851701044950e-01	   6.0602857829065426e-01	   5.3582426212659651e-01	   5.5125717154844533e-01	   4.0538114553227889e-01	   5.0539014613353517e-01	   3.3826599106998523e-01	   5.7819987911719029e-01	   5.0173490876742277e-01	   3.6160462833693147e-01	   2.1495136334841888e-01	   2.0236098176530500e-02	   3.5378311355538616e-01	   1.9631511732397561e-01	   2.6140513471082972e-02	   4.3642357338392357e-01	   3.7058530052438415e-01	   3.8906321728425636e-01	   4.1052598576264054e-01	   3.8310258058447377e-01	   4.7272394468860895e-01	   4.0026597441680573e-01	   4.8310725065264870e-01	   2.1423543745914889e-02	  -1.0055007459458730e-01	   3.6862519275314565e-01	   3.7397448424584545e-01	  -2.0626786428857791e-01	   9.0643480136779461e-02	   4.4097830836809671e-01	   4.1663672433359700e-01	   3.9089622155217341e-01	   3.9307029970222340e-01	   7.4052624286798457e-02	  -2.4357165158250760e-01	
   7.5485717476056413e-01	   0.0000000000000000e+00	   6.1953229986135339e-01	   6.3520514500098735e-01	   4.4854745268194385e-01	   5.3990862209464019e-01	   5.2871632947868663e-01	   5.5405012632119965e-01	   4.7591640227514798e-01	   5.5171288004354391e-01	   3.9752104180664916e-01	   5.3774595972958861e-01	   3.7351164355573702e-01	   3.8686932649922640e-01	   5.6650037040504730e-01	   4.8174606284010135e-01	   4.9117410134144590e-01	   4.6636593705826601e-01	   7.2662832150826007e-01	   8.2470613047029995e-01	   3.0524229715629103e-01	   3.0175492611703147e-01	   4.6056402395020918e-01	   3.9123517086219617e-01	   1.5118168588524789e-01	   2.6131911366443678e-01	   2.0957149327396271e-01	   2.0690129203406010e-01	   3.5227905053926079e-01	   2.5179859398555393e-01	   4.9438021258082993e-01	   3.6009285962315973e-01	   5.5944928112402392e-01	   6.0854215761585762e-01	   2.2810297105764393e-01	   1.9325664506581386e-01	  -7.8114899214867348e-02	   6.9972281839473405e-02	   2.7023286490174364e-01	   2.3301441196274103e-01	   1.6680558498178460e-01	   9.5866291880015123e-02	   4.6508993617785910e-01	   5.1986818147388592e-01	   3.9234206919267794e-01	   4.5555947492218618e-01	   4.3097905101995548e-01	   5.1411652116254258e-01	   4.1617727744121319e-01	   5.2751782380854884e-01	   4.5552455806008357e-01	   5.6028401294137120e-01	   4.4196531943386008e-01	   5.8088178120985567e-01	   5.2430880965562243e-01	   5.2933638331115629e-01	   6.5177842723219703e-01	   8.1787430563894548e-01	   4.6671757163529637e-01	   5.0557717546677838e-01	   3.5690204829037242e-01	   5.1916223366899228e-01	   2.8061551496023240e-01	   4.9259982102214822e-01	   2.3328704536458167e-01	   1.2559290132179027e-01	   2.3830803336552803e-01	   2.1718020741466301e-01	   7.1123843570708423e-01	   6.3436368197653203e-01	   2.9548275578498417e-01	   4.3220341792349637e-01	   5.7909326900100477e-01	   5.3600921334698404e-01	   6.1213378720746614e-01	   6.1563849846583019e-01	   4.5612308652596256e-01	   4.5204546727512873e-01	   3.2336200737592724e-01	   2.0807712882830146e-01	   3.8472303252513240e-01	   3.8272467096106572e-01	   3.8920663486255092e-01	   3.8362448710775154e-01	   4.6692802861594135e-01	   4.9096868303462582e-01	   3.9176032028670171e-01	   2.5973904474287679e-01	   5.0007083385460771e-01	   5.4753854892543630e-01	   5.7775682524538430e-01	   4.7342252531554430e-01	   3.4130429678515778e-01	   4.7212725844669423e-01	   1.7594136884229969e-01	  -1.1531488132811175e-02	   5.8409635896835965e-01	   5.0133100500026551e-01	   5.5816160352506650e-01	   5.6023681108207546e-01	   5.3352408838481702e-01	   4.4666641785469435e-01	   6.3077978432226178e-01	   6.4438937593838475e-01	   2.3641369451622546e-01	   7.3084924143668170e-02	   4.9363373913890118e-01	   4.5344470194538655e-01	  -2.1156652528207500e-02	   2.3461275042174104e-01	   5.8337960461515193e-01	   5.6670612025974598e-01	   5.3424472211460339e-01	   5.4448472011340621e-01	   1.6831316727243231e-01	  -1.3762424937208845e-01	
   7.3788783296774096e-01	   6.1953229986135339e-01	   0.0000000000000000e+00	   5.4720684530058739e-01	   6.8833735919217687e-01	   4.0391131993498769e-01	   7.6707723777267667e-01	   3.7655554964907567e-01	   7.0519877206827397e-01	   4.5410701097786044e-01	   5.3872978562485763e-01	   3.5854768314655688e-01	   5.0927254029354063e-01	   1.2081801108980830e-01	   8.3079353815333268e-01	   4.1851462564120362e-01	   2.7923939295661887e-01	   1.2776090937914975e-01	   7.8789852952882122e-01	   6.7198958325411828e-01	   3.5336211855087407e-01	   3.1522565984646911e-01	   8.1136762410662411e-01	   5.9105292909952412e-01	   2.5827909400018384e-01	   2.7361707222096843e-01	   4.2825129402093459e-01	   4.0350490960755087e-01	   3.0850910754065258e-01	  -3.3074501888357304e-02	   5.1690302086089346e-01	   4.4411502010740433e-01	   4.7827177868785437e-01	   4.9816373576032791e-01	   2.3872417424880821e-01	   1.1069675257407278e-01	   1.9181116434566284e-02	   1.2889855544328294e-01	   4.2282356173951086e-01	   3.5047858681064015e-01	   2.3781530190787875e-01	   1.0338584827779997e-01	   3.0614229978935448e-01	   3.8492366405225648e-01	   3.8489421099300319e-01	   3.9758377892445590e-01	   3.1379157092692322e-01	   4.6514104984158611e-01	   3.3315067051732550e-01	   4.3078293163732384e-01	   3.1982985949833898e-01	   4.4882148050391324e-01	   2.4449441283701864e-01	   4.1344346198536258e-01	   4.3867144452603557e-01	   5.2183720089198660e-01	   4.7953018920516527e-01	   5.7300603379741211e-01	   5.0616614428064199e-01	   4.5835582219773419e-01	   3.0332124604242200e-01	   2.6781140775560469e-01	   2.9080242039165799e-01	   2.3736674139807076e-01	   4.3458186494927925e-01	   2.1738569589112557e-02	   4.0394987290231144e-01	   2.2036955787396692e-01	   5.9913352092471506e-01	   5.6772895760157960e-01	   2.2852109530491704e-01	   2.5843516160632257e-01	   3.2108219184074871e-01	   3.3610224521728516e-02	   3.9953522316227197e-01	   2.9868716229314551e-01	   3.2036309941266494e-01	   2.9859642832321087e-01	   1.6885850756543148e-02	  -7.5575797784720983e-02	   2.8299022260123097e-01	   1.4604430168654259e-01	   6.8957953240281267e-01	   5.6851699852702209e-01	   6.3308021493936362e-01	   5.4329689704274220e-01	   6.5277202106136878e-01	   5.4951450280814507e-01	   6.8876426365593746e-01	   6.1525265547222141e-01	   5.0730234485123993e-01	   5.5527058537317764e-01	   2.4597702587903247e-01	   7.1168347642855934e-01	   2.2947526319719319e-01	   4.7376130808710309e-02	   5.0774891730798410e-01	   4.0607677745509851e-01	   4.4868066378052124e-01	   5.7990500082286611e-01	   5.1378554373262342e-01	   6.5724574808754088e-01	   5.5151157046479216e-01	   6.1835549998671480e-01	   2.2927838658619032e-01	   1.3593038492488496e-01	   5.6399774843205686e-01	   5.1980372947315479e-01	   8.6878122337625346e-02	   2.0432933994152938e-01	   5.4804759586079865e-01	   4.8576224750253777e-01	   5.1623306633339916e-01	   5.5354212340497200e-01	   2.1813345415878427e-01	  -1.9976465063606419e-01	
   4.4145594165744217e-01	   6.3520514500098735e-01	   5.4720684530058739e-01	   0.0000000000000000e+00	   5.6209669195357670e-01	   8.0950414395873449e-01	   6.0318317077859052e-01	   8.4680563324926561e-01	   5.6146381734267681e-01	   8.0927575934422635e-01	   3.8457372196043238e-01	   5.5485289175278574e-01	   5.2855600459775914e-02	   3.5495850830484577e-01	   4.3209724593818710e-01	   5.3949625223664455e-01	   4.8202266912105762e-01	   4.1817032831453971e-01	   6.4721369485705449e-01	   8.1065534479451040e-01	   2.6934428221144957e-01	   2.7354926885196057e-01	   3.5993464238304412e-01	   6.3075143050888194e-01	   1.5268305416440797e-01	   3.9764040590979838e-01	   1.1649745990871863e-01	   9.0511745037552466e-02	   3.8651183937254818e-01	   3.0020360379916755e-01	   4.6588404055373311e-01	   5.4002229172248906e-01	   5.6330354917242442e-01	   6.8261728633425267e-01	   3.5037001764841513e-01	   5.0341724713273872e-01	  -3.1471069319905218e-02	   1.0928818219142050e-01	   3.1423528424432939e-01	   3.1481879248711381e-01	   1.0115234957279010e-01	   2.0514974594679457e-02	   6.6343037345701006e-01	   6.6427487612902381e-01	   6.7050821965481089e-01	   7.3473426722528268e-01	   6.4729447544000107e-01	   6.8924106799016660e-01	   5.6581110376337951e-01	   6.1384919174081332e-01	   5.5737393684195846e-01	   5.5350555942791513e-01	   4.0489706616262561e-01	   4.3204096330617558e-01	   5.4725128723384042e-01	   5.9624469384706502e-01	   4.2592512230979562e-01	   6.2836005466558520e-01	   4.4086631892115918e-01	   4.2317880072312097e-01	   3.3295636309732235e-01	   6.5657185639694338e-01	   3.0367033970582269e-01	   4.8277512452128635e-01	   4.1624525511146360e-01	   6.3061474527688777e-01	   5.6549099487657473e-01	   6.5079006682120766e-01	   6.4672872386996461e-01	   6.8890741510449882e-01	   2.1833759974030031e-01	   4.1932313777905195e-01	   3.1237275055235469e-01	   4.3804004889205284e-01	   3.5469752647328717e-01	   5.3486290853080853e-01	   5.0971964662251157e-01	   5.5672961461079151e-01	   3.8109139790941510e-01	   1.7651878798922899e-01	   4.0755413795643447e-01	   4.8444417191166311e-01	   3.4882282244373852e-01	   5.4085728854684123e-01	   4.3835795205977546e-01	   7.2028785393589334e-01	   2.4975276540626798e-01	   2.2996625540302013e-01	   5.9324175991413042e-01	   6.9196003289755981e-01	   8.3842889505752072e-01	   6.9334352122854936e-01	   7.0850247559276736e-01	   6.9628927691904319e-01	   2.0813377224456528e-01	   5.0636716184869757e-02	   5.8591515074405587e-01	   5.4995037177667361e-01	   7.0397425331317587e-01	   7.1684684842776902e-01	   7.0063078500681653e-01	   5.5475998408404636e-01	   6.2378584689474370e-01	   6.4436600312652303e-01	   2.6421436696527406e-01	   1.3722249441450460e-01	   3.6331936911571006e-01	   4.0880600383083543e-01	   1.5669744285362591e-01	   1.9359284138913505e-01	   6.8438387937018175e-01	   7.0570696102049413e-01	   6.5900623711569595e-01	   5.9905558947256510e-01	   4.8256501709917979e-02	  -1.7347974403640831e-01	
   5.7496823702581923e-01	   4.4854745268194385e-01	   6.8833735919217687e-01	   5.6209669195357670e-01	   0.0000000000000000e+00	   6.4055668658676768e-01	   7.0992338191385396e-01	   5.5277947117227766e-01	   8.3155114716881595e-01	   6.7913933010695104e-01	   6.4805695736737068e-01	   4.0874112502775117e-01	   4.8054943493821611e-01	   2.2189967934864335e-01	   7.7479741362961208e-01	   5.9330685847033893e-01	   3.8322470842543943e-01	   1.0650574833750689e-01	   7.5609164358628478e-01	   6.6040142253640099e-01	   3.3817688739300844e-01	   2.4022909120792460e-01	   4.9473379478730312e-01	   4.0386377085816638e-01	   2.3560517348357768e-01	   1.3693832489933369e-01	   3.4994568698694439e-01	   2.6256511805872818e-01	   4.6441471943248630e-01	   1.9554125894261282e-01	   3.4116973308879583e-01	   3.2959621378338799e-01	   3.1085037347834510e-01	   3.2034463828167398e-01	   1.4528182802597794e-01	   1.1402701078251354e-01	  -8.0291292570721401e-02	   7.7454263470123812e-03	   4.1292006833508821e-01	   3.1281990584800207e-01	   2.1588796285569781e-01	  -5.0613580983900661e-02	   6.1231634908320143e-01	   6.1817350378201841e-01	   4.7528306845653573e-01	   5.3451351541015679e-01	   5.9217129924088674e-01	   5.9462107469097059e-01	   5.1021779420216240e-01	   5.2640869313530647e-01	   4.1869717010972424e-01	   4.1705591631921013e-01	   3.1449475026198936e-01	   3.1625299402223667e-01	   6.1045410013154711e-01	   5.8370777947967245e-01	   3.9652348731016268e-01	   4.3147409718478358e-01	   5.0574960162812221e-01	   4.3382699783368284e-01	   3.9348678963188588e-01	   4.5152499092567044e-01	   1.1531382860103268e-01	   1.9119010002011030e-01	   2.3774582527906057e-01	   2.3937875878179402e-01	   2.8385263460113452e-01	   2.4341969872895924e-01	   4.3947318420939407e-01	   4.1851511627728200e-01	   1.6268360707346691e-01	   3.0386759467179481e-01	   2.4927448999135948e-01	   1.9431868322389895e-01	   3.6760243767535594e-01	   4.2340015913883911e-01	   3.2946070776910047e-01	   4.1505419860075415e-01	   1.5060852195078947e-01	  -9.4352717710375289e-02	   4.5806616840771286e-01	   2.5458998068576300e-01	   6.9854431153003438e-01	   7.2253091257592672e-01	   6.5054735553039555e-01	   4.7157758314220349e-01	   4.7117539249599805e-01	   3.0983693195504780e-01	   6.7896231026368281e-01	   5.7197549815817750e-01	   5.8403158336922822e-01	   5.0377546123423766e-01	   2.4591181808351087e-01	   6.2898210636173346e-01	   3.3951970679647625e-01	   1.2234025802474191e-01	   5.2553408036262650e-01	   4.1580299212522204e-01	   6.6652586533575309e-01	   6.5087305845829035e-01	   5.0064952405337415e-01	   6.4762449611425010e-01	   3.5473668141374942e-01	   4.0770684407250279e-01	  -1.3674958418999358e-01	  -2.0730473509297567e-01	   3.6289378730013866e-01	   3.0073126608310707e-01	   1.1161281846786861e-01	   5.6179266281180189e-02	   4.6628895510681195e-01	   5.4347967776437800e-01	   5.5814798121486153e-01	   4.8429457779314988e-01	  -5.2351262991499101e-02	  -4.7315288267289668e-01	
   3.8727196998191615e-01	   5.3990862209464019e-01	   4.0391131993498769e-01	   8.0950414395873449e-01	   6.4055668658676768e-01	   0.0000000000000000e+00	   5.5731694440590696e-01	   8.0695751670986704e-01	   6.2201221122920547e-01	   8.9555554891113065e-01	   3.7748426773482824e-01	   4.0302126408373856e-01	   9.5653629807107454e-02	   3.5343727840164685e-01	   5.0590348091249959e-01	   6.8339652252117644e-01	   4.3922489750326255e-01	   2.8040346303852964e-01	   5.8580477767127936e-01	   7.2420979765483051e-01	   4.1609553594099424e-01	   4.3268749724806715e-01	   2.0752368850780600e-01	   4.1759331030969071e-01	   3.0617033526276710e-01	   4.2944117667994031e-01	   8.8762042386005879e-02	   7.7322958259814500e-02	   4.1093332986584008e-01	   3.6891454584220906e-01	   4.4297255260466495e-01	   4.7666447906120846e-01	   4.8369831532433349e-01	   5.4538872241186698e-01	   3.5528131108770611e-01	   4.9648780096169820e-01	  -7.1868686261254778e-03	   1.8958384972401074e-01	   3.6248103346643246e-01	   3.5336674792155554e-01	   8.6139852424227392e-02	  -8.7601551475738077e-04	   6.9281969696612622e-01	   7.2595614398168240e-01	   6.0412285103651053e-01	   6.8358565897703016e-01	   7.1537224292064383e-01	   7.3060195866833155e-01	   4.8466331105786503e-01	   5.5097538319134998e-01	   5.1831512130694302e-01	   4.7280909468488308e-01	   4.4730300898435427e-01	   4.6212200624339794e-01	   5.7667077499048258e-01	   5.9551042361609996e-01	   3.2513090310438925e-01	   4.7533932461653866e-01	   3.8286547487045369e-01	   3.7456766067393443e-01	   3.8584174167281077e-01	   6.6624356806234342e-01	   2.2315419107318973e-01	   3.9330315304568586e-01	   3.5965268514366278e-01	   5.9813580201667382e-01	   5.2238293740047170e-01	   5.8242232240468184e-01	   5.3251325534725835e-01	   5.3360145900116229e-01	   1.9796043801347141e-01	   5.3492221968254205e-01	   3.3077956712032225e-01	   5.4566740340032693e-01	   3.1362199722747591e-01	   5.6792781988380558e-01	   4.2583656796345870e-01	   5.6839002161738694e-01	   3.9002471824273827e-01	   1.0864489540111633e-01	   4.5979679871525136e-01	   4.6984222102591189e-01	   3.3214256481103938e-01	   5.0155522251168283e-01	   4.7301178786880055e-01	   5.4347289106947383e-01	   1.5414150940836716e-01	   7.9764781683755018e-02	   5.9127952674882556e-01	   6.0878193383775492e-01	   7.6983504870429287e-01	   6.3948660320010242e-01	   5.9636491183320051e-01	   6.3801961932681306e-01	   2.2310176013280503e-01	  -1.6267240907458839e-02	   6.2959590295953438e-01	   6.0570750210956992e-01	   7.5159778407207090e-01	   7.4471181197350989e-01	   5.5427562906549754e-01	   4.7096439016322250e-01	   4.7078798038797026e-01	   4.5451254672569558e-01	   1.5105644261300472e-02	  -1.8219401402583553e-02	   2.7472748718982565e-01	   2.8096912569281574e-01	   2.1162600270789822e-01	   1.5932930467837847e-01	   6.8058478353703167e-01	   7.6872757321307394e-01	   7.0112843237425571e-01	   6.1521838157366970e-01	   6.1769713433747681e-02	  -3.7209314745064098e-01	
   6.6970701100517815e-01	   5.2871632947868663e-01	   7.6707723777267667e-01	   6.0318317077859052e-01	   7.0992338191385396e-01	   5.5731694440590696e-01	   0.0000000000000000e+00	   6.8191346252543905e-01	   7.3726042333218889e-01	   5.6898226795413476e-01	   5.4957856759937385e-01	   4.7592134619876958e-01	   5.1107697206065161e-01	   1.9351916089026527e-01	   6.4272161696432761e-01	   2.8997962383141151e-01	   2.8656082067237210e-01	   9.7580523828395854e-02	   6.8812295531238266e-01	   6.3111361730506388e-01	   1.6726605811525710e-01	   1.6980169340550416e-01	   4.1498726473785119e-01	   3.8705810797406737e-01	   1.5082131756360516e-02	   1.2405756541180174e-01	   2.2106444112935075e-01	   1.8996809382679142e-01	   3.3222223398962636e-01	   5.9383031694793628e-02	   3.0154930310150541e-01	   3.7368570217964969e-01	   5.4415030023731026e-01	   5.7880839910237913e-01	   9.1420721946410946e-02	   4.8538709020101704e-02	  -2.8192506465755340e-01	  -1.8556251717793754e-01	   1.7565590701453970e-01	   9.0114886392199237e-02	  -2.2539348045248285e-02	  -1.2282530283350036e-01	   3.9155503152873639e-01	   4.5868341460063544e-01	   3.3040421244584278e-01	   3.8230807749600132e-01	   3.7834088008038391e-01	   4.5757573396371531e-01	   2.8447507717286280e-01	   3.3661266153059710e-01	   2.3943835939696156e-01	   2.7607672586518900e-01	   1.1942953769411890e-01	   2.0362460244040262e-01	   3.7195524529040375e-01	   3.7974764883562434e-01	   4.1382679852960863e-01	   4.2837735681588285e-01	   5.1512953821671503e-01	   3.8767186591005409e-01	   6.5017539224985799e-01	   5.6068567772707867e-01	   4.0365263738908530e-01	   4.3947783501063986e-01	   2.4452966144474569e-01	   1.8562257049086045e-01	   3.1530741474389756e-01	   2.1774127949645172e-01	   5.5146690245660990e-01	   4.7871642030881589e-01	   1.7021932410846768e-01	   2.1832512145503877e-01	   3.7127394960256538e-01	   1.8812966469647896e-01	   4.1186000173124115e-01	   2.9739516792801746e-01	   2.4990001525771727e-01	   2.0869402024027967e-01	   5.8821089684559860e-03	  -1.4389120145569403e-01	   2.3876514421229234e-01	   1.4158739561864253e-01	   3.7978398766565824e-01	   3.9369156478414147e-01	   3.3834762300349142e-01	   3.1958574999138101e-01	   3.3687075049262111e-01	   1.4450639300654936e-01	   6.2542691339174317e-01	   5.1979094385439817e-01	   5.4337884541589954e-01	   4.4366667692443362e-01	   3.2522216621650896e-01	   5.7521362035080359e-01	   2.6502744286502855e-01	  -3.1109151610546750e-02	   3.2811722634352264e-01	   2.6693806170663414e-01	   4.8864174917954800e-01	   5.3019763102536777e-01	   5.2542098081419775e-01	   6.6749401880327319e-01	   4.9326367878952115e-01	   5.4696285495156238e-01	   1.1797786882635601e-01	  -2.9436032594168934e-02	   3.5371262517402441e-01	   3.0952766841779328e-01	  -7.6422987746504571e-03	   6.1854584626883105e-02	   4.0864345171750888e-01	   4.2324196856173013e-01	   4.6054994652833631e-01	   4.0841332397561680e-01	   1.1468246539713225e-01	  -2.2451507805617774e-01	
   4.4135217080512590e-01	   5.5405012632119965e-01	   3.7655554964907567e-01	   8.4680563324926561e-01	   5.5277947117227766e-01	   8.0695751670986704e-01	   6.8191346252543905e-01	   0.0000000000000000e+00	   5.6353783256920242e-01	   8.4320222549502089e-01	   5.0870211233970353e-01	   6.4540868851711519e-01	   2.0913938189873638e-01	   5.1829200086991623e-01	   4.0906974246846284e-01	   5.2574580345757038e-01	   5.5574609491547744e-01	   4.3515291130970352e-01	   6.0512782705067147e-01	   7.2887866969574822e-01	   1.8548150872625174e-01	   2.0959365363406557e-01	   1.1059920915448807e-01	   3.4033386210096928e-01	   5.3883721405656709e-03	   2.2534055683928816e-01	  -3.3234738106215168e-02	  -7.1233736774569317e-02	   5.4058867556219103e-01	   5.0258732392420047e-01	   3.3087769449775195e-01	   4.5718078634611276e-01	   5.5890169709009740e-01	   6.3656942224222290e-01	   1.9623433918465266e-01	   3.6359412594250495e-01	  -2.6476783298563816e-01	  -8.2845057961890761e-02	   1.3290747555683569e-01	   1.1216708888347326e-01	  -3.1311762545659691e-02	  -1.3167877185606111e-01	   7.0747068748365649e-01	   7.1988697460934714e-01	   5.8951979965645029e-01	   6.8151137456237598e-01	   6.7731919754728376e-01	   6.5769258299687816e-01	   5.2246304164855384e-01	   5.3385230511234549e-01	   4.4056217309949008e-01	   4.1589210307483782e-01	   3.1386222558014659e-01	   3.3131070833448806e-01	   4.9096227360849232e-01	   4.7795585350757008e-01	   4.1974564610708864e-01	   4.8959922354532115e-01	   3.7373682519141405e-01	   3.4638663168334510e-01	   4.9668374553209460e-01	   7.6647367634665353e-01	   4.1545993690124694e-01	   6.5243722216235978e-01	   1.4625883325298891e-01	   5.5405368914535225e-01	   3.7957217268745413e-01	   4.9077300697531101e-01	   5.6117672807385754e-01	   5.4830230384854262e-01	   1.6576267762910488e-01	   4.6727021122404133e-01	   4.5237888012622252e-01	   5.8394095897207099e-01	   4.3956849346530064e-01	   5.9174243230522050e-01	   4.0829989235351305e-01	   4.4990574285419521e-01	   4.1557188035986914e-01	   1.6807703371401433e-01	   5.0116406521170875e-01	   5.1789210338281433e-01	   2.2601320828362340e-01	   4.6686395441114925e-01	   3.1412718900441750e-01	   4.5837069300332522e-01	   8.1120882262110935e-02	  -4.7870917064272954e-02	   4.7999473755320565e-01	   5.3834457786048151e-01	   7.4252173931637222e-01	   5.0082930415442362e-01	   5.4537739761020276e-01	   4.7043288285106799e-01	   1.7120442937632285e-01	  -1.1003538085807277e-01	   4.2179108221860834e-01	   4.5228859143558486e-01	   6.9669869226441472e-01	   6.0993031361918360e-01	   5.9457366889369179e-01	   4.8644580229700030e-01	   4.4430560380370310e-01	   4.7108274292212049e-01	   2.0421392882709138e-02	  -1.3325531229294929e-01	   1.6943499672021892e-01	   1.8819462946174373e-01	   3.2483179065837232e-02	   1.2159213839045657e-03	   5.4198950818078118e-01	   6.0960416491726555e-01	   5.6102450714208607e-01	   4.1880356757085713e-01	  -9.7474900040208395e-02	  -3.1365115589458736e-01	
   5.7509866317783964e-01	   4.7591640227514798e-01	   7.0519877206827397e-01	   5.6146381734267681e-01	   8.3155114716881595e-01	   6.2201221122920547e-01	   7.3726042333218889e-01	   5.6353783256920242e-01	   0.0000000000000000e+00	   6.4201365694490775e-01	   6.3238731588351171e-01	   5.2671264437926446e-01	   5.2976863848430211e-01	   3.3541547975109232e-01	   7.9541776346982163e-01	   6.2667905587635309e-01	   3.9788200101181093e-01	   2.0030000014173849e-01	   6.2647510023117636e-01	   5.9544825207480079e-01	   1.9638208269952950e-01	   1.5249691243686578e-01	   5.6716289438820089e-01	   4.9072474635690566e-01	   3.7715472540768635e-01	   3.5903918667632928e-01	   2.5777348076546924e-01	   2.2607512332241120e-01	   4.2528482182181038e-01	   2.3813160574103914e-01	   3.9696306273029924e-01	   3.8959993070476506e-01	   4.5972901900919072e-01	   4.2504629741581484e-01	   3.1304115843973579e-01	   1.6644425458872714e-01	  -1.0212842911003174e-01	   2.4967705596837201e-03	   2.4366694032986050e-01	   1.7078839057931955e-01	   7.0553488797680391e-02	  -9.1012796944042518e-02	   5.2588846406424361e-01	   5.6524526059419156e-01	   4.3542092052049108e-01	   4.7428838452001992e-01	   5.3790489394440588e-01	   5.6833922256039993e-01	   4.5914931954960003e-01	   4.7720407476665117e-01	   4.5017863056724805e-01	   4.1140666732292119e-01	   3.5165722157991730e-01	   3.7312003970446328e-01	   5.0106236684056737e-01	   4.7287865851107386e-01	   4.3120580861338587e-01	   4.4440065597718537e-01	   5.5227747682896322e-01	   4.0969943738542702e-01	   5.4318988193108242e-01	   5.2577767006374543e-01	   3.0388286672274445e-01	   3.8966886681024537e-01	   4.3234656865847254e-01	   2.8939609247410214e-01	   3.0580501993217235e-01	   2.0366917989981576e-01	   5.9394723402207794e-01	   5.2443874735911422e-01	  -5.0445189066695515e-03	   2.7382383181461556e-01	   2.6476021132131466e-01	   1.5429760917382238e-01	   3.7159610529045184e-01	   3.9653322952814851e-01	   2.4786944048092230e-01	   3.5160507294306964e-01	   2.0604694572142554e-01	   3.3956820648946617e-02	   4.3672962627352008e-01	   3.7961792196539068e-01	   5.4122017312965121e-01	   5.7662953016062901e-01	   6.4563103306497327e-01	   5.1301464171521771e-01	   3.2426333724102108e-01	   2.4085678580163533e-01	   6.1855773730949581e-01	   5.3387225081534651e-01	   4.9835277485871160e-01	   4.9874217881277383e-01	   2.5886081298157071e-01	   6.4251843099096662e-01	   2.3209502237810203e-01	  -1.3503401566295450e-02	   4.0504352375905994e-01	   4.0916891157454049e-01	   5.6433231318348975e-01	   5.6534600242200506e-01	   3.7485947440098211e-01	   4.7445260383934884e-01	   3.4897049974800121e-01	   4.0774029405938195e-01	  -2.6653344045250740e-02	  -1.2598050927143303e-01	   3.0846643193378542e-01	   2.1384687719733583e-01	  -1.1691458129408317e-02	  -5.2183427144991704e-02	   3.9843395089117767e-01	   4.6605641190788216e-01	   4.7893168957247112e-01	   4.4102885150948562e-01	  -3.9981071890525396e-02	  -4.2645878277105054e-01	
   4.2567721061216407e-01	   5.5171288004354391e-01	   4.5410701097786044e-01	   8.0927575934422635e-01	   6.7913933010695104e-01	   8.9555554891113065e-01	   5.6898226795413476e-01	   8.4320222549502089e-01	   6.4201365694490775e-01	   0.0000000000000000e+00	   5.5095332955040521e-01	   5.5128929931890513e-01	   2.0282344741438876e-01	   4.6347264153368339e-01	   5.6442802586795271e-01	   7.2044591498859600e-01	   5.1848249917154221e-01	   3.9695557903705331e-01	   6.3171806762395588e-01	   7.3004220603645087e-01	   4.0865563065239596e-01	   4.1388758269352993e-01	   2.3903367975564221e-01	   3.7868858411616729e-01	   1.8127868946984130e-01	   2.7036785593383694e-01	   1.0369915694590304e-01	   4.8248758457659607e-02	   4.9211279534707864e-01	   4.5145086899081810e-01	   3.5726331506731079e-01	   3.7531864292144285e-01	   4.5680520597680319e-01	   5.0405854717391185e-01	   2.7857813449233787e-01	   4.0312877658044349e-01	  -2.3688405220572539e-02	   1.2664982087882548e-01	   3.4274903494431141e-01	   3.1906981363670556e-01	   2.0304824245205713e-01	   2.9328392561475607e-02	   7.3222529875826126e-01	   7.7931706566481052e-01	   6.4788965262213072e-01	   7.5757987449406106e-01	   7.3405194992238576e-01	   7.8710826942049383e-01	   6.2003138477390562e-01	   6.6239385246230498e-01	   5.4984799236765769e-01	   5.5491711204949989e-01	   4.7938136074107873e-01	   4.9727020772661423e-01	   6.2415073197032167e-01	   6.6175755405821390e-01	   3.4291233479595740e-01	   4.8760631850983288e-01	   4.1558162220437511e-01	   4.2524454340548978e-01	   3.4224175312927729e-01	   6.5606229614316003e-01	   2.8050071071989380e-01	   4.8334153103451943e-01	   2.7818974516962452e-01	   4.6760549628329917e-01	   4.5205599609689540e-01	   5.2294142195071247e-01	   5.0589356982399802e-01	   5.7031556771745950e-01	   2.2559915532253760e-01	   5.4127931035232779e-01	   3.5251981333173410e-01	   5.5613726537353547e-01	   3.5216934363241553e-01	   6.1938198952937218e-01	   4.1723297122043657e-01	   5.4599850381905912e-01	   4.0553775552754368e-01	   1.0440697281450628e-01	   5.1652807622189867e-01	   5.1919271308903225e-01	   3.9465866167002284e-01	   5.7028928150995417e-01	   5.0310668125132796e-01	   5.8644368655210999e-01	   1.9463792481865172e-01	   1.1999314883960335e-01	   6.2335676371333504e-01	   6.6566425467164969e-01	   7.7653705593057154e-01	   6.4525573352366461e-01	   5.6248166717427539e-01	   6.5162597156818380e-01	   2.1384368104083967e-01	  -8.2870950275620830e-02	   5.8803805613026683e-01	   6.1046978632858651e-01	   7.7434634355296439e-01	   7.6700490179769654e-01	   6.3710536091352643e-01	   5.3892936280910197e-01	   4.6244579862139135e-01	   4.2764581336084684e-01	  -3.6789793023110459e-02	  -9.5199039326518659e-02	   2.9944999368063718e-01	   2.9983088657160278e-01	   1.9666621039368809e-01	   1.2126483130581625e-01	   6.4817285388618096e-01	   7.5408884599985437e-01	   7.2552565116922751e-01	   6.2636788728449422e-01	  -4.4743245704469581e-02	  -4.3130833999058504e-01	
   5.6562566678037018e-01	   3.9752104180664916e-01	   5.3872978562485763e-01	   3.8457372196043238e-01	   6.4805695736737068e-01	   3.7748426773482824e-01	   5.4957856759937385e-01	   5.0870211233970353e-01	   6.3238731588351171e-01	   5.5095332955040521e-01	   0.0000000000000000e+00	   6.0423531728056967e-01	   7.1529607697154840e-01	   5.7266119759373435e-01	   6.9963762877669211e-01	   6.2643381548498134e-01	   6.1637303617271910e-01	   4.2535086849572590e-01	   6.0652895061434275e-01	   4.7824659421994276e-01	   1.4273766708137803e-01	  -3.7097494280908744e-03	   4.6342589267665857e-01	   2.7997709127154258e-01	   8.6094615764915644e-02	   5.3178767714865183e-02	   1.4789385411378353e-01	   2.8453318576267407e-02	   6.3231556891666640e-01	   4.3727319250273317e-01	   3.7084051352567732e-01	   3.8001888192010363e-01	   3.7386463662849112e-01	   3.1312877035534981e-01	   5.1664763732398797e-02	  -1.6263477070101506e-02	  -2.0492721140550874e-01	  -9.2891932708632607e-02	   4.3843971394590328e-02	  -4.9138813328113803e-02	   2.1870279198466400e-01	  -1.4057623737885164e-01	   4.5416595706207064e-01	   4.3396985218339679e-01	   3.6834760985794351e-01	   4.0171588286573712e-01	   3.7160389145339179e-01	   3.8151860091702794e-01	   3.2200262142241970e-01	   3.1939037155886651e-01	   1.9043563600785818e-01	   2.2454228425882425e-01	   1.1369297766320766e-01	   1.9092281636410835e-01	   3.0616643398897708e-01	   2.5837475414562566e-01	   4.3985289219303336e-01	   3.3311853973411854e-01	   1.6436413535831570e-01	   5.4636779209344455e-02	   3.3323835431078730e-01	   2.1145058104003062e-01	   4.8165407275085970e-01	   4.0613955534361784e-01	   1.0402119329619464e-01	   3.2582251467042488e-02	   7.1848695049523001e-02	   3.0882050180002733e-03	   3.7017638999603220e-01	   2.6842218934831930e-01	   1.9532342789035523e-01	   4.1316943519880189e-01	   4.8421407992920529e-01	   3.6719102119431457e-01	   5.4391795887758398e-01	   5.5744274924309467e-01	   2.0736917377103126e-01	   3.7714984691279929e-01	   4.6335259536023626e-01	   2.6325410178375791e-01	   6.0111700499281029e-01	   4.5789589645826223e-01	   5.7305207115523360e-01	   5.5216259028547576e-01	   5.6572064213659723e-01	   3.4723114562048230e-01	   1.7853514397146675e-01	   8.5357147988685003e-02	   3.2946132750351331e-01	   2.1724764071025782e-01	   3.3432023876175399e-01	   2.5779081891976030e-01	   1.0122813921016405e-01	   3.4955924834473834e-01	   1.4181178797625496e-01	  -1.3147309929058815e-01	   1.9174478053572913e-01	   1.5046818150569313e-01	   3.8822359442976884e-01	   3.2824189151875027e-01	   2.3063680685579332e-01	   2.8650009248382813e-01	   2.8072342677098856e-02	   1.1189980352619555e-01	  -2.2376108740271020e-01	  -2.6856723623136569e-01	   6.0119292042465772e-02	  -9.2965511350537600e-02	  -2.3849006126277766e-01	  -2.6308235504926802e-01	   3.0161722752301445e-01	   4.1878748954526679e-01	   3.3846380234700435e-01	   1.4969763674728870e-01	  -1.7509915643981869e-01	  -3.7360161249958834e-01	
   4.3498794628155513e-01	   5.3774595972958861e-01	   3.5854768314655688e-01	   5.5485289175278574e-01	   4.0874112502775117e-01	   4.0302126408373856e-01	   4.7592134619876958e-01	   6.4540868851711519e-01	   5.2671264437926446e-01	   5.5128929931890513e-01	   6.0423531728056967e-01	   0.0000000000000000e+00	   4.8749936552160911e-01	   6.0598792206235363e-01	   3.7364558031767248e-01	   4.2186402597138606e-01	   4.8266859015843100e-01	   4.6109878320255282e-01	   4.0222781803565710e-01	   5.5430925658677643e-01	  -1.4695598950719430e-01	  -1.7402750954581878e-01	   1.8310745575386345e-01	   3.2050864980337324e-01	  -1.0620644288478026e-01	   2.1813996201244829e-02	  -1.1227825719687376e-01	  -1.6945864950143816e-01	   3.9702048705953885e-01	   5.0433698747867428e-01	   1.6186905177339408e-01	   2.1707039721190596e-01	   5.0954712966602000e-01	   5.4902010825431691e-01	   4.8056249233581962e-02	   9.6274351152341342e-02	  -3.1523950114109789e-01	  -1.9675098586952700e-01	  -1.6789131390253656e-01	  -2.0321126177995771e-01	  -8.9908621318888590e-02	  -2.8352598012708990e-01	   5.0747138985819729e-01	   5.5546380192524025e-01	   4.1844840944040951e-01	   4.9501943187280129e-01	   4.3915904135871009e-01	   4.8444566467809969e-01	   5.6900596259718472e-01	   5.1594838643519136e-01	   5.1281289324848967e-01	   4.4963462533434317e-01	   3.0632928820039085e-01	   3.8261547106306892e-01	   3.4608829849878503e-01	   3.3798945848236917e-01	   3.6215671536380750e-01	   3.3980733242853300e-01	   2.8758099762360090e-01	   1.9462337301849214e-01	   3.4910177940642606e-01	   5.1949822588443939e-01	   3.5055501729831018e-01	   5.6861466264788585e-01	   5.5225715370957190e-03	   2.8246983777637080e-01	   6.1507368903177727e-02	   1.5952989137816617e-01	   5.2833083120099167e-01	   5.1295058198880861e-01	  -1.0550236144657653e-01	   1.0611382066949725e-01	   4.3152625222865015e-01	   4.4423540348193213e-01	   4.9199396351349556e-01	   4.0267539378190459e-01	   1.3777937406758217e-01	   2.0869671027610892e-01	   3.5834243531865273e-01	   1.8824177881699400e-01	   4.3565680856155192e-01	   4.2522338958141503e-01	   1.7734540402150784e-01	   3.5811563854274325e-01	   3.2078843670529211e-01	   4.2646819628565980e-01	  -1.3816073575351816e-02	  -1.4270911649913737e-01	   1.4157291942534028e-01	   2.4726289155521297e-01	   4.8754423116926859e-01	   3.6612067131019121e-01	   3.6493553497952091e-01	   2.5491324301530005e-01	   8.2734377290873087e-02	  -1.6798433680317432e-01	   2.1147691175028260e-01	   2.9505349297082356e-01	   4.6506904527990361e-01	   4.0013797113124339e-01	   3.7012709605112559e-01	   2.3437079294996377e-01	   2.9780868536520966e-01	   3.2617790670747066e-01	   1.4572593121816907e-01	  -9.1713647396162751e-02	   9.5805972822824326e-02	  -4.8528396681944218e-02	  -1.6398871681453001e-01	  -3.4892565240415570e-02	   2.9626742168653719e-01	   3.6986200863658991e-01	   4.0632751444441584e-01	   2.1416482072481496e-01	   2.1574010686509701e-02	  -6.5734327903113704e-02	
   5.6959487614895887e-01	   3.7351164355573702e-01	   5.0927254029354063e-01	   5.2855600459775914e-02	   4.8054943493821611e-01	   9.5653629807107454e-02	   5.1107697206065161e-01	   2.0913938189873638e-01	   5.2976863848430211e-01	   2.0282344741438876e-01	   7.1529607697154840e-01	   4.8749936552160911e-01	   0.0000000000000000e+00	   3.7227498438975881e-01	   6.0169408561122517e-01	   3.0209273011270388e-01	   2.5188159503627339e-01	   1.3839072827111862e-01	   4.7596819930026013e-01	   3.3360034224958668e-01	  -4.8908676524121425e-02	  -1.3207924377847477e-01	   4.0412730818973552e-01	   1.2946339696687156e-01	   2.6504476180035253e-02	  -8.2787517221212276e-02	   1.2464015723083041e-01	   7.7754583090365190e-02	   3.1107861476306886e-01	   1.6262291783169547e-01	   1.6874134545099609e-01	   1.0957119790731948e-01	   2.4344714373249512e-01	   1.6690240632116241e-01	  -3.7393438275704682e-02	  -2.4188676304560344e-01	  -2.8851533138183161e-01	  -2.4537728232319606e-01	  -1.4802767893041111e-01	  -2.9863258100892892e-01	   8.2990090195194113e-02	  -2.9159569223067544e-01	   2.0581805647544549e-01	   2.2783999783457745e-01	   9.0425760934946475e-02	   1.2250462638720011e-01	   1.3341920796254153e-01	   1.6687704771362116e-01	   1.8572708504300861e-01	   2.0056418188441383e-01	   1.4396154948685835e-01	   1.7434874384012369e-01	  -1.8192124284524706e-02	   1.5068126171274882e-01	   1.4589399831804067e-01	   1.1575920912031828e-01	   3.3306849205930866e-01	   2.5520297517927859e-01	   1.6017469464081119e-01	   3.0962178785303954e-02	   2.9792838963019147e-01	   3.8762982629276146e-02	   3.6963844857190209e-01	   2.4015973600196180e-01	  -2.6945242773499377e-02	  -2.6557713094712060e-01	  -7.5016904484858357e-02	  -2.3652631730560231e-01	   3.4546948405299316e-01	   2.4369994619774815e-01	  -1.3866077977155940e-02	   1.1409122716781639e-01	   3.4178684448675423e-01	   1.1099426886306551e-01	   5.2252934584183097e-01	   3.3741311356107812e-01	   2.4712559606000911e-02	   6.5979324109558576e-02	   1.1376749407617670e-01	   3.0765939892269934e-02	   3.3957711974384308e-01	   1.0946642749817770e-01	   3.9010898683938189e-01	   2.7610211755622410e-01	   4.1462317634339846e-01	   5.9237355825601426e-02	   1.6567120271970526e-01	  -3.5488160479240277e-02	   1.6554890742726611e-01	   9.2365906829106753e-03	   6.4818194654301997e-02	   7.4067519922055680e-02	  -9.5010502183334483e-02	   1.2733548094768152e-01	   2.5282179385683251e-02	  -1.4618100613480731e-01	   5.7537377583850573e-02	   4.6050170692275988e-03	   1.8832422954219913e-01	   1.5537357447575995e-01	   9.8121922492898389e-02	   2.0304196560153812e-01	   6.4861300027643454e-02	   1.1453834060278509e-01	  -1.0789383462615815e-01	  -1.8444695283597717e-01	   1.9234133995285063e-01	  -1.4247938078911816e-02	  -3.4852319967291173e-01	  -1.9368048810895527e-01	   1.0244588440000979e-01	   1.3435396078401252e-01	   1.2345274876052230e-01	   2.7128318807543836e-02	   1.3736777948033067e-02	  -1.3563088252368019e-01	
