   0.0000000000000000e+00	   9.1028905267734972e-01	   7.7901481912008830e-01	   7.8601749953334021e-01	   7.9644410709609459e-01	   6.9945581073067298e-01	   8.0512335332571061e-01	   7.6285501851394910e-01	   5.9512247936662455e-01	   5.7008748516692531e-01	   8.1279176532091668e-01	   6.7980604077322804e-01	   7.2416682855100956e-01	   7.2103579914876947e-01	   7.6631365425013853e-01	   7.7424481297753012e-01	   7.4279611279165536e-01	   5.6362095295707304e-01	   8.7015827323715589e-01	   8.7798728230080825e-01	   4.1435576585463751e-01	   3.6739437666049801e-01	   7.5364941894654791e-01	   7.0089057982811687e-01	   5.5469270019616557e-01	   5.3457755470814339e-01	   6.2400683980569904e-01	   6.2812444604548479e-01	   7.8076247906878637e-01	   6.3273211473873681e-01	   6.4910605553504153e-01	   5.9546397464953160e-01	   7.3791282116327339e-01	   7.5268381089915781e-01	   3.0348415647570087e-01	   3.9903785928078944e-01	  -1.1639609512464909e-01	  -1.5527793413597152e-01	   6.3843096815976685e-01	   6.4393753407139243e-01	   3.7297622841780134e-02	   2.6213337527294456e-01	   7.8731825320066728e-01	   6.8746385005410637e-01	   5.4355598921570114e-01	   6.5356310091208158e-01	   7.9913735795602492e-01	   7.9387048144425321e-01	   5.7415272547814489e-01	   6.7262874356412106e-01	   7.2276326191692619e-01	   6.7079952999421377e-01	   8.4742374326966008e-01	   8.7188283832529501e-01	   8.5507696713974668e-01	   8.8540054300744275e-01	   9.0975926696019360e-01	   8.9194984721968429e-01	   8.0933822532402089e-01	   7.7534887133285324e-01	   7.1540270746126788e-01	   6.1514218103747287e-01	   6.7847879605960570e-01	   6.8650101471565028e-01	   2.6488916780449207e-01	   5.0632800597488792e-01	   5.7170544534720946e-01	   6.3097920010882902e-01	   8.2875633997284903e-01	   8.9640356836826784e-01	   1.0502715595835110e-02	   4.2508970174236338e-01	   5.7814785677446179e-01	   6.5638651616510013e-01	   3.6817762017388228e-01	   4.6465374852826169e-01	   2.6077526664381789e-01	   5.5049573711769417e-01	   5.3797774986026992e-01	   1.7286853727363638e-01	   7.0462259941448846e-01	   7.2097862614258423e-01	   5.7446259078784767e-01	   6.9608322266640921e-01	   8.1253081816543160e-01	   8.4179288964472909e-01	   4.5750910854082255e-01	   5.4196448879074932e-01	   7.3103613192050010e-01	   8.0973914043776063e-01	   6.5701104732889981e-01	   7.5278919434252423e-01	   7.2944629486209778e-01	   6.3359233737924825e-01	   1.9419563300894022e-01	   3.6558500352664536e-01	   7.3778566188026073e-01	   7.6197398897396451e-01	   8.4114949463055044e-01	   8.6021448267734635e-01	   2.2448611387580686e-01	   3.3271915717118383e-01	   2.6377137830744041e-01	   2.4198384420599314e-01	   1.6960235253752917e-01	   1.3699801869920255e-02	   1.1265220297819266e-01	   8.5046037728606264e-02	  -5.4108377020982271e-02	   2.0669212739044604e-01	   6.9865969288462959e-01	   7.7957800204920702e-01	   8.1132720774886780e-01	   8.4898683536852415e-01	   7.1142167679842039e-01	   3.8428324247104247e-02	
   9.1028905267734972e-01	   0.0000000000000000e+00	   7.0076629906502663e-01	   8.0862839611201742e-01	   7.6913599829125456e-01	   6.8945774731692899e-01	   6.9778762520903670e-01	   8.0234202327238391e-01	   5.3590624055576419e-01	   5.2357871361118535e-01	   7.7745543656239346e-01	   7.9301117047104008e-01	   6.5492538332630856e-01	   8.2252098008351515e-01	   6.5483026279842660e-01	   6.9681713783198507e-01	   8.4728550738156616e-01	   6.7244016064660084e-01	   8.7843500797989549e-01	   9.2469281862652553e-01	   4.1573374420029097e-01	   3.9506002447190069e-01	   7.2414684015327357e-01	   7.0807872431490737e-01	   5.5162704108529026e-01	   5.8959952463938625e-01	   5.2551966147558349e-01	   5.3809604250323406e-01	   8.0129026311640961e-01	   7.4482328251529917e-01	   6.9881766814699953e-01	   6.6913395202707249e-01	   8.0351559862169464e-01	   8.2348294723185189e-01	   3.6945102133904095e-01	   5.1772385721729419e-01	  -1.8631731107828113e-02	  -5.6346224190914423e-02	   6.2751996609100469e-01	   6.2066820843548887e-01	   1.1680223077944132e-01	   2.8039709352753983e-01	   7.9594189763748435e-01	   6.8171442878756450e-01	   5.8349373961804685e-01	   7.1273455633720406e-01	   8.4088010684202619e-01	   8.0460271463395372e-01	   6.2477977559423670e-01	   7.3297303242235656e-01	   7.5936363199970969e-01	   7.3545822016266993e-01	   8.7614438328571054e-01	   8.9058864824290407e-01	   8.1244349236934665e-01	   8.5072748606895066e-01	   9.0631859155390548e-01	   9.4636775261067085e-01	   7.9998239811654948e-01	   8.0660553668888890e-01	   6.8956508356025026e-01	   6.7965407233828323e-01	   6.9317992140038309e-01	   7.4567183924491287e-01	   2.5776267931481062e-01	   5.0544253967003949e-01	   6.0677174656178745e-01	   6.9205778564798670e-01	   8.8960235061586201e-01	   9.1858908972954589e-01	   9.6927763209739656e-02	   4.2355850610751655e-01	   6.2643021282666778e-01	   7.3053623408951718e-01	   4.2724741615117207e-01	   5.6274702909350638e-01	   3.6815899305414351e-01	   6.5511543605655165e-01	   6.5889686786631207e-01	   1.7205306878195317e-01	   8.1865788126171624e-01	   8.0011633608035571e-01	   6.0744935014520385e-01	   6.9760869015212978e-01	   8.0876713830022884e-01	   8.4340936699546853e-01	   2.8712746230340302e-01	   3.5811650343291151e-01	   5.8588479621136880e-01	   7.1647433613209699e-01	   7.5115652021897894e-01	   7.0525741114927198e-01	   7.2659722957896500e-01	   4.7598715192247520e-01	   1.6584063002652660e-01	   3.0175296746725111e-01	   7.7124775673786550e-01	   7.4329870725234026e-01	   9.0077767893070171e-01	   8.8024660517461151e-01	   2.2577665585909273e-01	   2.2839590895163994e-01	   2.6256769493461318e-01	   2.1472550912721100e-01	   1.8820230193780330e-01	   5.0089337006813769e-02	   5.6120089420075472e-02	  -2.7841972542146001e-02	  -9.4666288480178801e-02	   1.8812440326038460e-01	   7.8228232743229364e-01	   8.3727404835597219e-01	   8.5640524961348485e-01	   8.5065210093530697e-01	   7.1684037243269372e-01	   1.5812922780354657e-01	
   7.7901481912008830e-01	   7.0076629906502663e-01	   0.0000000000000000e+00	   8.6551939014929768e-01	   8.1495890940236160e-01	   6.5360233750746177e-01	   9.5735351584670447e-01	   8.1790557283273579e-01	   5.2048027806562569e-01	   5.3670359424029224e-01	   6.6046903549468894e-01	   4.9074064710752258e-01	   5.0381076924390544e-01	   4.8159026167688912e-01	   6.4851951284685494e-01	   6.4738417736081200e-01	   5.7699130058684667e-01	   4.7787673914974693e-01	   7.6186905929306759e-01	   7.5797768237783947e-01	   1.4379174084746160e-01	   1.7144832950623909e-01	   7.7810954411957389e-01	   6.7031326721901774e-01	   4.7186431134320989e-01	   3.4279905470177852e-01	   6.8545818208080056e-01	   6.2315063648168512e-01	   6.2334534011382514e-01	   4.8548721165572783e-01	   6.2078638783318418e-01	   5.7342991808800581e-01	   7.5833177007899033e-01	   7.3544510896582183e-01	   3.9529920231770671e-01	   4.6822167416286997e-01	  -1.4703010345338940e-01	  -2.8665275858097966e-01	   4.9115390445295126e-01	   4.4445147089270909e-01	  -2.0565314092927203e-01	   9.1775345490293120e-02	   7.5280987026965041e-01	   6.6325926740903540e-01	   5.9916022671377378e-01	   6.9017477123782600e-01	   7.5061375191756274e-01	   7.1504587635724071e-01	   5.7099890172738532e-01	   6.0881677279088464e-01	   7.1701041317605807e-01	   6.6152116174719766e-01	   6.8748238484819368e-01	   6.3553974827305626e-01	   6.8793683345558132e-01	   6.9047777050554848e-01	   6.7986573322438071e-01	   6.4563656077545661e-01	   7.9717886729321774e-01	   6.4788535696419658e-01	   7.6394597121566554e-01	   6.9771356291201636e-01	   5.3091710744838616e-01	   5.0881809361801689e-01	   3.2273874712220352e-01	   5.8401060024270579e-01	   7.5148907230842976e-01	   7.6867861895426226e-01	   7.1654826432985597e-01	   7.9161821419383560e-01	  -1.2898075584019372e-01	   3.3228504126478475e-01	   3.8582941730343107e-01	   4.9918620068388420e-01	   1.6799563042298707e-01	   3.3356345316349750e-01	   1.1677994735707947e-01	   3.9001378628533545e-01	   3.9937910901760210e-01	   5.9001497898723013e-02	   5.7113597303741570e-01	   5.4309838157947055e-01	   3.4697503439815541e-01	   4.7320757618628401e-01	   7.7197130749013909e-01	   6.9990605940256900e-01	   3.2107046520906568e-01	   3.4860405208672307e-01	   6.4220833647942066e-01	   5.8000507186569006e-01	   6.9367921433293245e-01	   8.0497716491015814e-01	   7.8285969316992365e-01	   6.4473500246189874e-01	   1.4179517421111959e-01	   2.7822738310842471e-01	   6.5025070393762441e-01	   5.7396435366212262e-01	   7.5834926555012627e-01	   8.0471464341934307e-01	   1.5009052271513038e-01	   2.6093601408509903e-01	   1.7056116849436892e-01	   1.3566061365165344e-01	   1.4589430634531678e-01	   7.0436083753934453e-02	   6.7867153516563805e-02	   4.2556248938553580e-02	  -1.1540995943611462e-01	   1.9030061621875863e-01	   6.3950545153716476e-01	   7.4435271178080575e-01	   7.0393108743353172e-01	   6.2075426677606682e-01	   5.1664261687546031e-01	   1.0786120065129988e-02	
   7.8601749953334021e-01	   8.0862839611201742e-01	   8.6551939014929768e-01	   0.0000000000000000e+00	   8.3507266033658567e-01	   6.6647662012552478e-01	   8.4123759477046089e-01	   9.4324947122921121e-01	   4.7183232349488535e-01	   5.3716984570622628e-01	   7.1050350364565507e-01	   7.1003048260406687e-01	   4.9422032471359589e-01	   6.3855175101423745e-01	   5.6298386427842506e-01	   6.7847527103065697e-01	   7.5408466416150788e-01	   6.1885079316978708e-01	   8.3688341681506362e-01	   8.6448972173833649e-01	   1.4057797769500749e-01	   2.0131616741881597e-01	   8.0304435020272558e-01	   8.3653718614700423e-01	   4.3800411959789237e-01	   4.6870771304336661e-01	   5.4413324312382017e-01	   5.1217363794508630e-01	   7.9275681669753828e-01	   6.9673804609153001e-01	   7.8714932779915803e-01	   8.1224568520287255e-01	   8.3937931090078111e-01	   8.5512824714244851e-01	   3.9863464344261124e-01	   5.2306213096329901e-01	  -1.4487683438362031e-01	  -2.2287554147795724e-01	   4.7855167540471633e-01	   4.7175910643104257e-01	  -6.2698501083070401e-02	   1.8203360545314573e-01	   7.9635006733766867e-01	   6.7229834192500215e-01	   6.0960873484508848e-01	   7.1236030594193700e-01	   7.9526465229365173e-01	   7.5689377017408210e-01	   5.9376720132707739e-01	   6.2204705102133473e-01	   7.3444583601046587e-01	   6.5114448813035630e-01	   7.5028143821719950e-01	   7.3393956742765454e-01	   7.1209561594123572e-01	   7.5095069119855462e-01	   7.7880975372687988e-01	   7.6202713401368161e-01	   7.4486155017574784e-01	   7.0551674536177078e-01	   6.6370253233247056e-01	   7.8083519332422868e-01	   6.4882036520307051e-01	   6.3880364538140599e-01	   2.7016296281542856e-01	   7.2159467886622308e-01	   7.0441093837532920e-01	   7.5015960562168982e-01	   7.8903609420619514e-01	   8.5358996114975838e-01	  -8.2058554213565116e-02	   3.3275097362751599e-01	   5.2613193037860151e-01	   7.2277945502107532e-01	   3.1830399980335849e-01	   5.1746071915776315e-01	   2.1291500955378639e-01	   4.9395057837823902e-01	   5.9887435889097163e-01	   1.2611998707323521e-01	   7.4910127749921185e-01	   7.4890526825586312e-01	   5.0489342430073747e-01	   6.3657883613343058e-01	   7.9006701733346563e-01	   8.1393967798495459e-01	   3.3122303413551896e-01	   3.5967475607161464e-01	   5.4708169951378771e-01	   6.2881871961967373e-01	   7.8421819550323990e-01	   7.2239676498858274e-01	   8.4094765803796157e-01	   4.6993300066483490e-01	   1.6202036257805089e-01	   3.4938997302086844e-01	   6.6257662542047679e-01	   6.3168765369663782e-01	   8.6549548985099578e-01	   8.3120932873020004e-01	   2.0063187108783823e-01	   2.1352648318134704e-01	   1.9567536625264931e-01	   1.4445272429705833e-01	   4.0385322854508174e-02	  -8.3445645721116485e-02	  -1.1099369170881904e-02	  -3.6843580580073657e-02	  -1.2414139165474294e-01	   1.7994219710725179e-01	   7.1267598692510625e-01	   8.1568997900301732e-01	   7.4298476085062271e-01	   7.3453849116264303e-01	   6.3376144285144309e-01	   1.5513396258910878e-01	
   7.9644410709609459e-01	   7.6913599829125456e-01	   8.1495890940236160e-01	   8.3507266033658567e-01	   0.0000000000000000e+00	   8.4462128278698467e-01	   7.9184061132311168e-01	   7.4984735309078943e-01	   7.1370129598192511e-01	   6.7105948668400539e-01	   6.0925376692581457e-01	   6.0119593454003972e-01	   4.4594078478442495e-01	   5.4536433531771944e-01	   7.1344825670433631e-01	   7.9806430471844547e-01	   6.4357589247763691e-01	   4.8407459378297224e-01	   8.6659298464940493e-01	   8.3983294303150013e-01	   3.9988003691139506e-01	   4.0792774853776598e-01	   7.5275293500540452e-01	   7.3932999236159791e-01	   6.2398940935740699e-01	   6.3781864662165488e-01	   6.7382614586196743e-01	   6.3653795919547040e-01	   6.8408919035983085e-01	   5.6055391098333118e-01	   7.1056962131471790e-01	   6.5644969604340697e-01	   6.7341980090257980e-01	   6.7899728625633737e-01	   3.2787398080546892e-01	   3.5684497826652656e-01	  -1.5003143899840321e-01	  -2.0909813884130224e-01	   5.6455522803407732e-01	   5.2292875783047421e-01	  -8.8925519800069477e-02	   2.6558938672961896e-01	   7.5554790854645693e-01	   7.0373484812501130e-01	   4.9274226561653023e-01	   6.1576903373309022e-01	   7.8072591894624810e-01	   7.4414189732916602e-01	   5.0933887519637433e-01	   5.8626744878168935e-01	   7.1397305797677180e-01	   6.6985550925570081e-01	   7.9232345777754787e-01	   8.1470403459449925e-01	   7.7849731385205145e-01	   7.9380997795139718e-01	   7.6485435240652178e-01	   7.4253763806779549e-01	   7.4644945150347830e-01	   6.7244110688463032e-01	   5.9600718653682616e-01	   5.8818522633277559e-01	   5.5564932840189185e-01	   5.5462673707722188e-01	   3.4334319297565735e-01	   5.2643434983508053e-01	   5.9253645563971880e-01	   6.3634151126014182e-01	   7.5239932898967909e-01	   7.5679409852760560e-01	   2.2935376982617869e-01	   5.1420585601301072e-01	   6.6825898940451134e-01	   6.5539259937294359e-01	   4.4482336287983981e-01	   5.0727705856027761e-01	   1.6219098296063256e-01	   4.7363347496378772e-01	   5.1160412361689689e-01	   1.3096194230160887e-01	   6.3765776153578735e-01	   6.4799361991679760e-01	   4.5269490573944360e-01	   5.8499281221391930e-01	   7.8128986131556033e-01	   8.1372747249743238e-01	   3.1809090622187752e-01	   4.1539591259526371e-01	   6.5532610468688002e-01	   7.1311541785515220e-01	   7.2996811630342129e-01	   7.2155030781248786e-01	   7.7527634435744541e-01	   5.6364249102716724e-01	   3.0789550163101709e-01	   2.8649866960940951e-01	   7.0847398463497613e-01	   6.6463684489036878e-01	   8.2478616138780436e-01	   7.9694100896765341e-01	   1.4360182352786338e-01	   1.7291592090603686e-01	   1.3049812889364806e-01	   5.7753435798844829e-02	  -3.1219101554521289e-02	  -1.5806990106888530e-01	  -8.1781107043796389e-02	  -1.4099523049762591e-01	  -8.8425099609208246e-02	   2.0599241639883448e-01	   6.2554120913565758e-01	   7.5798214289284915e-01	   7.3536101832623779e-01	   7.3839113764984665e-01	   6.2155339693497158e-01	   7.9322235714775952e-02	
   6.9945581073067298e-01	   6.8945774731692899e-01	   6.5360233750746177e-01	   6.6647662012552478e-01	   8.4462128278698467e-01	   0.0000000000000000e+00	   6.5865939579295452e-01	   6.3818265121438067e-01	   7.0170416505364197e-01	   8.1071675021292999e-01	   4.2528165443578325e-01	   4.4824522028646552e-01	   3.5982078677660778e-01	   4.2351084944640049e-01	   6.4426787972000321e-01	   7.5700173730304765e-01	   4.8649818549623647e-01	   2.8684731793072954e-01	   7.6444821514167438e-01	   7.1686020395016836e-01	   3.7908038229476432e-01	   3.2305547467198042e-01	   4.8233666817728110e-01	   4.4349670462599527e-01	   3.7616154045865247e-01	   5.2136302447423610e-01	   4.9057308842661840e-01	   5.0016679915917894e-01	   5.0141870680805645e-01	   4.3772554234270050e-01	   5.0952123732408694e-01	   4.4252877468907781e-01	   5.2621882117396213e-01	   5.3259130135663724e-01	   1.3879479992212307e-01	   1.7784528325305268e-01	  -2.2698307789971009e-01	  -2.5351754898190842e-01	   4.1290436387575308e-01	   4.1910203524514833e-01	  -7.4821059763210171e-02	   1.6207840227821352e-01	   6.1363901305423552e-01	   5.8045346060431113e-01	   3.4650027477446566e-01	   5.2568683508297043e-01	   6.7953619709185631e-01	   6.3968950738686636e-01	   5.2000789955316162e-01	   6.0774251477448593e-01	   6.2902835370317445e-01	   6.4094444549757701e-01	   7.7544289799915611e-01	   7.8829348767618868e-01	   7.4056082774324028e-01	   7.4238883880662121e-01	   6.1614195140016625e-01	   6.4579785632187459e-01	   7.6840939437707934e-01	   7.7234205816472912e-01	   5.1856921867503414e-01	   5.6794435745666760e-01	   3.8348675203151206e-01	   3.5834112446291111e-01	   1.6317533756455288e-01	   2.4398172693873260e-01	   5.1822328944177576e-01	   5.5031526825812660e-01	   6.3523227483513400e-01	   6.0937488527323525e-01	   3.4416999116620844e-01	   5.4227364970100589e-01	   5.8918770479150029e-01	   5.0980385943502382e-01	   3.3892251354564568e-01	   3.7411559299679897e-01	   1.6884607649171177e-01	   3.3304845450088116e-01	   3.5904707848849526e-01	   7.6477284331082182e-02	   4.7203887691098867e-01	   4.2901596040948364e-01	   2.0782857594151133e-01	   4.3069006524571191e-01	   5.6961393803861027e-01	   6.3828982203669371e-01	   2.1333268549189122e-01	   3.4830247424832705e-01	   6.1461253596934240e-01	   6.6235492466841595e-01	   5.9916152627768471e-01	   5.2152970221338979e-01	   6.4002327359383815e-01	   4.3130612118847034e-01	   3.4170461810877018e-01	   2.9309363215625772e-01	   6.1455413461284070e-01	   6.1630642465901075e-01	   6.9144133918362427e-01	   6.4271243886811036e-01	   1.6933584791495737e-01	   1.3921661423218984e-01	   1.6155298017780473e-01	   1.8812040865833365e-02	  -4.4081073391651404e-02	  -1.1330361389758040e-01	  -6.4783650378188451e-02	  -1.2466759445485820e-01	  -2.6626942244457313e-02	   7.9340374071703107e-02	   4.3857713227885409e-01	   6.0268277548621119e-01	   5.9768215835379046e-01	   5.6167539128414568e-01	   4.1079111625519693e-01	   6.4926429239849828e-02	
   8.0512335332571061e-01	   6.9778762520903670e-01	   9.5735351584670447e-01	   8.4123759477046089e-01	   7.9184061132311168e-01	   6.5865939579295452e-01	   0.0000000000000000e+00	   8.4434854112451774e-01	   5.3664336408934332e-01	   5.2081011525324206e-01	   6.8478568456451272e-01	   5.0253689893050291e-01	   5.4499484707265478e-01	   5.0660614610122079e-01	   6.4409206086947424e-01	   6.0678775531110685e-01	   5.5792588205318605e-01	   4.7516083163932077e-01	   7.2057253872166249e-01	   7.2104185092551054e-01	   8.7380608168467488e-02	   9.1154600767929153e-02	   7.4373741345817102e-01	   6.4501026187605759e-01	   4.0141573885878640e-01	   2.9672879411315833e-01	   6.4577951697095193e-01	   6.0284942441600231e-01	   6.1956914009273800e-01	   4.8981655209284786e-01	   5.7130780007712678e-01	   5.4606379210895772e-01	   6.9869526430137463e-01	   6.9715756513542981e-01	   3.2785022858443080e-01	   4.3328008112798205e-01	  -1.7169893484234042e-01	  -3.3800847507079712e-01	   4.5924492042833026e-01	   4.1300904274225247e-01	  -1.7874075664299888e-01	   7.0385298082999675e-02	   7.1502263973527502e-01	   6.1996000417197872e-01	   5.9966449191160343e-01	   6.8218504030120253e-01	   7.2690765829302384e-01	   7.0764782579499208e-01	   6.1106188223761315e-01	   6.5775474724514560e-01	   7.0679049557871176e-01	   6.4578697754103542e-01	   6.8424392525707978e-01	   6.2747548630306693e-01	   7.0913878298093846e-01	   7.0736911617529885e-01	   6.7796710082323175e-01	   6.3284033743156642e-01	   8.2467715342073167e-01	   6.9589766167538947e-01	   7.8698753505108798e-01	   7.5423025163475399e-01	   5.0037242126379111e-01	   5.1435933022864389e-01	   3.3431705924555299e-01	   5.9001449464320543e-01	   7.0702605753842829e-01	   7.1411353552088086e-01	   6.6128007466001171e-01	   7.5291407672447397e-01	  -1.9037069707883936e-01	   2.7525189070081063e-01	   3.8040007616581695e-01	   4.9519904184506119e-01	   1.6659677320941532e-01	   3.0077402986393620e-01	   9.2661039488918212e-02	   3.4302680331536867e-01	   3.5453469457736075e-01	   1.5637838931845949e-02	   5.2573928141883275e-01	   5.0363105851003798e-01	   2.9943824987182216e-01	   4.2373580488945750e-01	   7.2987220156500698e-01	   6.6341218236208688e-01	   3.8476954570693461e-01	   4.0612687773510281e-01	   6.7366161983961725e-01	   6.2461577346197672e-01	   6.5311625037274590e-01	   7.8096076833969330e-01	   7.9845847096995237e-01	   7.2189798034120711e-01	   1.7047969684698430e-01	   2.9170575682446598e-01	   6.3519507171934153e-01	   5.7357076384563199e-01	   7.4118383485315831e-01	   7.8481763882652822e-01	   2.7795710535429446e-01	   4.0937137857551581e-01	   3.1128306002647466e-01	   2.7533383259661803e-01	   2.4806287547838360e-01	   1.1810327999772914e-01	   2.0520879658352495e-01	   2.0674083613138566e-01	  -7.1984540740560099e-02	   1.4344439914060769e-01	   6.3675646497858518e-01	   7.0983060393180131e-01	   6.8159206017933460e-01	   6.4007050932613363e-01	   5.3549133364597812e-01	  -1.8827435225660875e-02	
   7.6285501851394910e-01	   8.0234202327238391e-01	   8.1790557283273579e-01	   9.4324947122921121e-01	   7.4984735309078943e-01	   6.3818265121438067e-01	   8.4434854112451774e-01	   0.0000000000000000e+00	   4.2313719967336311e-01	   4.9769452043298812e-01	   7.0792420449683258e-01	   7.2403315140993729e-01	   5.3329090902516585e-01	   6.8590072158686155e-01	   4.7648325704614458e-01	   5.7459131966306787e-01	   7.2964837669245353e-01	   6.0293904976586354e-01	   7.5292045769441529e-01	   7.9326895242486928e-01	   2.1890482285793059e-02	   8.2629290201907346e-02	   6.9510815232582290e-01	   7.3127131826491754e-01	   2.8889568013204758e-01	   3.2420852587887444e-01	   4.4037781534028059e-01	   4.2996200503815996e-01	   7.5784729048939470e-01	   7.0343162860875574e-01	   6.9874953060501066e-01	   7.5010345135305467e-01	   8.2451323821930644e-01	   8.3199595140127391e-01	   3.0143123909663805e-01	   4.9392675354606580e-01	  -1.8999212741864516e-01	  -3.0294729800854719e-01	   4.1064677925207477e-01	   3.8087105401253318e-01	  -9.8281212427264175e-02	   6.0730737065699675e-02	   7.5467791724643685e-01	   6.0719479931650355e-01	   6.0028473489744250e-01	   7.0503875165561403e-01	   7.6026287975710205e-01	   7.2494384055971861e-01	   6.3045842405117813e-01	   6.7595832528940891e-01	   7.0070110720779577e-01	   6.1670738091971367e-01	   7.1270992135366806e-01	   6.7724045439069047e-01	   6.6688404573857241e-01	   7.0319560174666873e-01	   7.5284855427397968e-01	   7.4658945540838706e-01	   7.7198251731981782e-01	   7.5652631672256798e-01	   7.3706612894464740e-01	   8.8259727243713593e-01	   6.1842144919771302e-01	   6.5295785767483772e-01	   1.9056500538576926e-01	   6.5251363967161158e-01	   7.0174232762792355e-01	   7.3639683840230452e-01	   7.0957600231390905e-01	   8.1727886347803114e-01	  -1.4125935137355436e-01	   2.4334096633573415e-01	   4.6473731745514302e-01	   6.8741148659668938e-01	   2.3809077453203245e-01	   4.5529677998035956e-01	   1.5225958555171687e-01	   4.1985176743524466e-01	   5.0397868414374669e-01	  -1.5774670157816062e-03	   6.8799792940221771e-01	   6.6053794246708875e-01	   3.7426749332837650e-01	   5.1645910443558785e-01	   7.0000219404004926e-01	   7.0844660916314206e-01	   2.7920486538779798e-01	   2.9342259610616728e-01	   5.1155995114030361e-01	   5.9084742280447367e-01	   7.1979335112844556e-01	   6.5327511044925179e-01	   7.9450129642341083e-01	   4.7074289170812667e-01	   6.4117452593590543e-02	   2.2619014375939703e-01	   5.9837271621167853e-01	   5.5847839445172520e-01	   8.0970580331989617e-01	   7.9195493918276294e-01	   3.4934306640251611e-01	   3.6487868673608137e-01	   3.6922848388173424e-01	   3.1985302788798348e-01	   1.5913051125776262e-01	  -8.2322389537650819e-03	   9.6378519821235992e-02	   1.0717123806673866e-01	  -1.8529939747167284e-01	   8.6276453439032896e-02	   7.0367392621463187e-01	   7.5557611703246064e-01	   6.9208414069600677e-01	   6.8805748185896209e-01	   5.7089720428127422e-01	   1.8561358374522757e-01	
   5.9512247936662455e-01	   5.3590624055576419e-01	   5.2048027806562569e-01	   4.7183232349488535e-01	   7.1370129598192511e-01	   7.0170416505364197e-01	   5.3664336408934332e-01	   4.2313719967336311e-01	   0.0000000000000000e+00	   7.6637204911900336e-01	   3.8274651098977952e-01	   2.7781675296732444e-01	   3.8064927222615325e-01	   2.8411453375327411e-01	   7.5200656581495884e-01	   7.1901360810132475e-01	   3.4460910647415088e-01	   2.2638769437844514e-01	   6.1608342018241080e-01	   5.8801151422347653e-01	   5.0946443801141039e-01	   4.0410881818654998e-01	   5.2090133378624048e-01	   4.4996414746147517e-01	   6.0577568783179814e-01	   6.4553376246278515e-01	   4.7715731705736353e-01	   4.8569636188008980e-01	   3.6027870682336599e-01	   3.2729128378958927e-01	   4.7778348161186301e-01	   3.5721347816123361e-01	   3.9350949533250057e-01	   4.3966007358355047e-01	   3.6001273138812956e-01	   2.3002712216363921e-01	  -1.5081592958545620e-01	  -1.3236297214723841e-01	   4.4287670044915439e-01	   4.0176605226433465e-01	  -1.9783454362555764e-01	   1.8702429608170551e-01	   4.5406005952419332e-01	   4.1647379887153002e-01	   1.6541731320241690e-01	   2.9940451748337044e-01	   4.6985942205221565e-01	   4.6002443472908050e-01	   2.0646550604074423e-01	   3.3498256345200861e-01	   4.0953237765588396e-01	   4.4395447909889801e-01	   5.6854179409242533e-01	   6.4197777965573488e-01	   5.2357330893521459e-01	   5.4680116246080479e-01	   5.5345465574260855e-01	   5.7784228299482565e-01	   5.4055342867186518e-01	   5.2441012401762976e-01	   3.6345726089047747e-01	   2.9635177923960843e-01	   3.4922698385285394e-01	   2.8008969721426108e-01	   3.6607374184374530e-01	   2.3964200959995538e-01	   3.6372217723571931e-01	   3.9072659857331243e-01	   5.8180890494943194e-01	   5.1906385219677198e-01	   4.3190768150450226e-01	   6.2549826368826944e-01	   5.2322792270359386e-01	   3.6292358728971919e-01	   2.7780802451366970e-01	   2.1609668298940884e-01	   2.7746683288537977e-01	   4.0411465039896588e-01	   2.2215456313376042e-01	   8.8448507304316817e-02	   4.3912342298603269e-01	   3.9907785734677870e-01	   2.8286038704501049e-01	   4.5847504698516517e-01	   5.2851310043450983e-01	   5.3042415769297846e-01	   1.8775948351441057e-01	   2.0006626377397585e-01	   5.1029887529377027e-01	   5.3001870721068656e-01	   4.3363289297628188e-01	   5.1819415296940496e-01	   5.0565200307406599e-01	   5.4122438795793970e-01	   2.5819232918893875e-01	   1.5421710355580545e-01	   4.8198126165129629e-01	   5.3579743369685917e-01	   4.4681471324118072e-01	   4.8147089626461465e-01	  -9.0451255049900058e-03	   8.8985612769552094e-02	  -2.5067936912545778e-02	  -4.7334255804591843e-02	  -4.6406842124912709e-02	  -1.7833676738901516e-01	  -6.2735243014432465e-02	  -1.3716231361889353e-01	  -1.9205874727646621e-01	   2.3192494931894975e-01	   3.8450820977594019e-01	   4.1996210454696592e-01	   4.8769820653784673e-01	   4.9825641407091154e-01	   4.1763298739252580e-01	  -5.8646904354368506e-02	
   5.7008748516692531e-01	   5.2357871361118535e-01	   5.3670359424029224e-01	   5.3716984570622628e-01	   6.7105948668400539e-01	   8.1071675021292999e-01	   5.2081011525324206e-01	   4.9769452043298812e-01	   7.6637204911900336e-01	   0.0000000000000000e+00	   2.7050763189831301e-01	   3.0827662088767649e-01	   2.6219018780197922e-01	   2.9877918659524327e-01	   5.6510589123696264e-01	   7.6342382321642122e-01	   3.9320137950069778e-01	   2.2346099900553101e-01	   6.1372230354947943e-01	   5.5939707713997866e-01	   3.3451184466041078e-01	   2.8362501648901456e-01	   3.4231533634689509e-01	   3.3892024034583090e-01	   3.2852179137453719e-01	   4.7149419072604926e-01	   3.1385780580343053e-01	   3.1373099628913492e-01	   4.3460032772080726e-01	   4.0646658978797062e-01	   4.3841112882520777e-01	   3.7724894742439391e-01	   4.4460752032996642e-01	   4.5562934882319650e-01	   2.0789232497803867e-01	   1.3635338249970325e-01	  -1.2122394931495521e-01	  -8.7658885328682074e-02	   3.3301748597939046e-01	   3.8961986058872794e-01	  -1.3841260313043205e-01	   2.0551638924881452e-01	   4.9176858558067726e-01	   4.3384212630328972e-01	   1.8538058468298840e-01	   3.2590390001168829e-01	   5.0876471226399089e-01	   4.7556787611347590e-01	   3.0105284362737650e-01	   3.4111162273888951e-01	   4.1939182224577842e-01	   4.6948222926069755e-01	   6.2495886425752190e-01	   6.4605177368316524e-01	   5.5938389661776655e-01	   5.6446255318602379e-01	   5.5291811135378810e-01	   5.0899176198517304e-01	   5.6539930433171404e-01	   6.0162911106275485e-01	   3.8836808679936830e-01	   3.6755003530801938e-01	   3.3901783482503800e-01	   2.6363564419351210e-01	   2.3791914376842353e-02	   1.9782619508653265e-01	   4.2567308166297757e-01	   4.6623338566580363e-01	   5.4938320927978801e-01	   5.1427718287632618e-01	   3.8329030094469407e-01	   5.3568421694145718e-01	   4.7465273850007950e-01	   3.5284431855025716e-01	   2.1021988107686462e-01	   1.3702689755405767e-01	   2.9627566363721131e-01	   3.7613087930241618e-01	   2.6418124051320868e-01	   8.8275152101260246e-02	   3.8852927250763369e-01	   3.6299649884817875e-01	   1.6055208366840676e-01	   4.5451888203519475e-01	   4.0648464481489616e-01	   5.2040805899393672e-01	   1.1247793996419495e-01	   1.0896630416707992e-01	   4.5267313168158863e-01	   4.7615735294705525e-01	   4.8767230847944837e-01	   4.1885264962021257e-01	   5.1204040682766339e-01	   3.1187107764769539e-01	   1.9305103781379626e-01	   1.9537604849351789e-01	   4.3983282396306456e-01	   5.1893737137794693e-01	   5.1413344920165971e-01	   4.8026423433925386e-01	   8.1855739050131493e-02	  -1.0487648148851400e-03	   1.8386664313998397e-02	  -1.0611067305107638e-01	  -1.4876372292098161e-01	  -2.1881950647000792e-01	  -5.1504165430128306e-02	  -1.4392631425661784e-01	  -1.8552613457460737e-01	   1.6860355840887725e-01	   3.0801521793866415e-01	   4.4535094127370212e-01	   4.7461395851094723e-01	   4.0281959196584549e-01	   2.6141122975742093e-01	   1.3145823551374514e-01	
   8.1279176532091668e-01	   7.7745543656239346e-01	   6.6046903549468894e-01	   7.1050350364565507e-01	   6.0925376692581457e-01	   4.2528165443578325e-01	   6.8478568456451272e-01	   7.0792420449683258e-01	   3.8274651098977952e-01	   2.7050763189831301e-01	   0.0000000000000000e+00	   7.6609676461796705e-01	   8.2404627803737207e-01	   7.8707289410405612e-01	   5.7887012548465044e-01	   5.1349866031885127e-01	   7.3480400619116215e-01	   6.1150321463750901e-01	   7.5514867871416358e-01	   7.7142456334031162e-01	   2.2734298523790850e-01	   2.4904762053248430e-01	   7.9196178050479249e-01	   7.4046435231497543e-01	   5.5517219351495750e-01	   4.9808825135992363e-01	   4.5970833011364476e-01	   4.5073335120176994e-01	   7.7825958421094632e-01	   6.4891939817815358e-01	   7.4393013890712445e-01	   7.2310696253272067e-01	   7.6290223835412696e-01	   7.8370605322968212e-01	   3.6652571432969638e-01	   5.3688057445844506e-01	  -5.6859191071843744e-03	  -1.2904836231416939e-03	   4.6636764062971459e-01	   5.1933292505319928e-01	   1.1250478481427670e-01	   3.2365917108463238e-01	   6.5996392272316617e-01	   5.9033232920687440e-01	   6.0344358756103045e-01	   6.3980845554944232e-01	   7.0915062833376363e-01	   6.8748614094901705e-01	   5.4417439001871715e-01	   6.2564624433578064e-01	   6.7887053598778213e-01	   5.7978137308914124e-01	   6.6479307147269207e-01	   6.3866315407750196e-01	   6.3284500238059049e-01	   6.8448457353913583e-01	   7.7401490992981614e-01	   7.5420050466965216e-01	   6.5513041905676084e-01	   5.4651060909605076e-01	   6.7134829618327330e-01	   6.1749360490495597e-01	   7.0782000054832528e-01	   7.1853780232157738e-01	   3.0392147379104950e-01	   5.2675084330399546e-01	   5.0793785533881386e-01	   5.5865163412921048e-01	   7.0631308245657221e-01	   8.1757392916807570e-01	  -1.2171215308111619e-01	   3.2969995657639872e-01	   5.9594371839677274e-01	   7.6060103704735260e-01	   5.4754060605127342e-01	   6.7898163017674151e-01	   3.5315012140200497e-01	   5.9260491603295828e-01	   5.5890667340006339e-01	   1.8512199908836982e-01	   7.1201274536639736e-01	   7.2050971002910225e-01	   7.1323255211978487e-01	   6.1990695746005819e-01	   7.9175493872981584e-01	   7.4099798881096812e-01	   2.8604077698024527e-01	   3.3018307060084118e-01	   4.3173268332982850e-01	   5.4079383364963718e-01	   5.2314649554531645e-01	   6.4539850469709192e-01	   5.1293636976966195e-01	   4.9991392248941613e-01	   1.4589747980190185e-01	   3.5995287620341482e-01	   5.9656619639865038e-01	   5.5371252702920792e-01	   7.4360375059374184e-01	   7.5560364691928483e-01	   1.0724489884976332e-01	   3.8073925752036519e-01	   2.3188164953112675e-01	   3.6770423034392219e-01	   1.5407332492717124e-01	  -3.3638009620471046e-02	  -7.2825712714947088e-02	   1.7108077794393932e-02	   3.5931637496992387e-02	   2.2648323829662975e-01	   7.2335834121876008e-01	   7.0984220022512301e-01	   6.8563655090007347e-01	   7.8602934286009285e-01	   7.1313426711430061e-01	   4.1360082567603339e-02	
   6.7980604077322804e-01	   7.9301117047104008e-01	   4.9074064710752258e-01	   7.1003048260406687e-01	   6.0119593454003972e-01	   4.4824522028646552e-01	   5.0253689893050291e-01	   7.2403315140993729e-01	   2.7781675296732444e-01	   3.0827662088767649e-01	   7.6609676461796705e-01	   0.0000000000000000e+00	   5.9260450383897501e-01	   9.1502667224700329e-01	   3.8739407478374910e-01	   5.0646966235229118e-01	   8.6594687918889446e-01	   7.0039842773669769e-01	   7.5285707731074281e-01	   8.0660205373234450e-01	   2.6852951287178584e-01	   3.2003637619454051e-01	   6.0010202787027733e-01	   7.2453479504723606e-01	   4.5332464413362850e-01	   5.7393325108591720e-01	   2.6766386892023714e-01	   2.4295986335999856e-01	   8.6882018290008678e-01	   8.2710100285095212e-01	   7.2011941204327534e-01	   7.6953513010712316e-01	   7.7395188630196898e-01	   7.7084299099184772e-01	   2.9450462696034707e-01	   5.0424188830569749e-01	   7.1899514939561759e-02	   1.4950139784521566e-01	   4.5966709600708255e-01	   4.8060818332377964e-01	   2.2665953305105938e-01	   4.0860185573978752e-01	   7.1769991320569937e-01	   6.2178636324091996e-01	   6.0550689063434926e-01	   6.4589102725422398e-01	   7.6048133347044555e-01	   7.1063419389293503e-01	   5.8479441210096228e-01	   6.1079445735722748e-01	   7.0588843270189916e-01	   6.2743607860833606e-01	   7.3708382055828092e-01	   6.6817705057431842e-01	   6.7357981784263821e-01	   6.9476146600894695e-01	   7.6482353670310133e-01	   7.0387555173437055e-01	   6.2826108370995826e-01	   5.5800227818510983e-01	   5.6441221057243895e-01	   6.0996513459332458e-01	   6.5442009368258947e-01	   7.1990699370134870e-01	   1.4083472092550936e-01	   5.6097674372380024e-01	   5.0924414351929870e-01	   5.7298897550131722e-01	   7.3725830939756754e-01	   7.5567129678239753e-01	   1.0246333974101056e-01	   3.6448948396045644e-01	   7.0342395420994741e-01	   7.9770224173208981e-01	   5.3542675976325049e-01	   6.5646098844730560e-01	   5.3481259954244909e-01	   7.1407897609718718e-01	   7.1570185449724366e-01	   2.3430809649026038e-01	   7.4942183789331196e-01	   8.0317819690141889e-01	   6.3249023965241780e-01	   6.2140026680588079e-01	   7.1664961683509387e-01	   7.9790631607142193e-01	   1.2906595771011370e-01	   2.0196562755929234e-01	   3.3736404353421690e-01	   5.0628659214597160e-01	   6.4312509078974178e-01	   5.6479105952362352e-01	   5.6526864253988618e-01	   2.6325467437476063e-01	   1.5399854956969228e-01	   2.5076984076272124e-01	   6.3490530423571234e-01	   5.7811504359357468e-01	   8.2689341040401398e-01	   7.6194405041365976e-01	   1.9820374164536883e-01	   2.6120432819517980e-01	   2.2805099891635425e-01	   2.9425530943478689e-01	   7.3047776501605835e-02	  -4.4336562225021407e-02	  -7.2946959053794863e-02	  -9.5816673854450446e-02	  -7.6968760152852395e-02	   1.7003522430165469e-01	   7.7343584216464878e-01	   7.6682754895859673e-01	   6.9776817208649955e-01	   7.6949054401643358e-01	   6.8521010502260971e-01	   1.7954165156098337e-01	
   7.2416682855100956e-01	   6.5492538332630856e-01	   5.0381076924390544e-01	   4.9422032471359589e-01	   4.4594078478442495e-01	   3.5982078677660778e-01	   5.4499484707265478e-01	   5.3329090902516585e-01	   3.8064927222615325e-01	   2.6219018780197922e-01	   8.2404627803737207e-01	   5.9260450383897501e-01	   0.0000000000000000e+00	   6.8144222250937048e-01	   5.4377923602533496e-01	   4.2401843187311217e-01	   5.6179201337285267e-01	   3.7660361549262245e-01	   5.9735757843007276e-01	   6.1648277768830906e-01	   2.8392295706850484e-01	   2.5492015177204719e-01	   6.0429554384813389e-01	   5.1342994243170303e-01	   4.7961798893114460e-01	   4.2318488881481242e-01	   3.1639661268725244e-01	   3.2101502201088361e-01	   6.1000888852474533e-01	   4.5667773728149619e-01	   5.4710673021780243e-01	   5.3123810069783928e-01	   5.8113670779932680e-01	   5.8187940276541661e-01	   2.0581606112169754e-01	   3.5614068497862350e-01	   1.2036584396974071e-02	   2.6159435490674784e-02	   4.1838655859448581e-01	   4.2167815231726180e-01	   9.5593093762174161e-02	   2.2921821524237002e-01	   5.1597586703675469e-01	   4.2765320014705932e-01	   4.3738081307799914e-01	   4.3752267357264907e-01	   5.2464863562672681e-01	   5.3477430153677341e-01	   4.4288505409917012e-01	   5.2635296335353932e-01	   5.0950759391532574e-01	   4.4333344890946130e-01	   5.6522582270897570e-01	   5.2598354382854917e-01	   5.6654310893077553e-01	   5.9105455933843143e-01	   6.6829927491527108e-01	   6.7752013859942561e-01	   5.3095981702927864e-01	   4.9583309177866430e-01	   5.6145434769439273e-01	   4.4305489094317096e-01	   6.1177535001992078e-01	   5.8816926627730781e-01	   1.3473637829473931e-01	   2.2419616859849967e-01	   3.6871171059017221e-01	   4.1092092946735426e-01	   6.4056653269777830e-01	   6.8531742763015668e-01	  -1.4935469643083593e-02	   2.8481494317321088e-01	   4.8721000120392022e-01	   5.2310289421285394e-01	   4.0731823038055970e-01	   4.7602073915657878e-01	   3.4580323589122886e-01	   4.9687872417589485e-01	   3.3722942105656611e-01	  -2.2030677293107349e-02	   5.3672833438848211e-01	   4.9600134667881379e-01	   5.1703399387670468e-01	   5.0488634232900620e-01	   5.6400895479857804e-01	   5.4034116277514799e-01	   2.1532505151404940e-01	   2.8908520839586743e-01	   4.2372029900892977e-01	   4.7883576590364252e-01	   4.1774167674842677e-01	   5.3506964502348731e-01	   4.3953377221451950e-01	   5.1804425923988240e-01	  -2.0913019164612162e-02	   1.2287962423302201e-01	   4.4813043308722089e-01	   4.3406689119591685e-01	   5.8489786618770478e-01	   6.3320576909667192e-01	   2.7224293519488563e-01	   5.3284006850577881e-01	   4.2561342770774535e-01	   5.5543866053100566e-01	   2.8337204310089625e-01	   2.8325536708815713e-02	   1.1958976358592685e-01	   1.7461225964515067e-01	  -1.0407197748512641e-02	   1.1311994538404030e-01	   5.8070354259710644e-01	   5.2165376856308088e-01	   5.7551081416986671e-01	   6.5738833389903273e-01	   5.4295988200863066e-01	  -3.4916580270195278e-02	
