   0.0000000000000000e+00	   8.8329118168509868e-01	   5.3598327956380376e-01	   4.9380945457738823e-01	   5.6406889960892459e-01	   5.1238732854482882e-01	   7.5211844652598447e-01	   7.0164371344275422e-01	   6.2208670254019371e-01	   2.7494887952682096e-01	   7.5949426469817549e-01	   7.4650701034584233e-01	   8.1539396456658586e-01	   8.0016274054196646e-01	   7.3181912272140215e-01	   4.0217353565460301e-01	   4.1630043721013443e-01	   6.2323889110784070e-01	   8.2910403648413245e-01	   7.9748464347824188e-01	   1.2407554195064910e-01	   2.2512804200525097e-02	   2.6304908638339908e-01	   3.6038693735897143e-01	  -7.7491341760049973e-02	   1.1439102520833196e-01	   1.9939043195170336e-01	   1.9415203547107804e-01	   5.6833181672658228e-01	   5.7527669312327023e-01	   3.4188508412842300e-01	   3.7997710787510858e-01	   5.9919689035940848e-01	   6.3529714663791070e-01	   8.6473627267900283e-02	   2.3648269150105086e-01	   2.3771889739009361e-01	  -5.8067827383784618e-02	   3.9313750048412011e-01	   4.1603585109662189e-01	   5.2745465348662945e-01	   4.0517287384348705e-01	   7.1249116215610275e-01	   6.5981548817067459e-01	   5.9601528957307692e-01	   6.1313143078289689e-01	   7.0578252342791969e-01	   6.7947048323575920e-01	   4.9668734315208107e-01	   4.5332383271635235e-01	   5.2244653029687960e-01	   5.0392845277973430e-01	   5.5656860207709968e-01	   6.2052794324864535e-01	   7.1530380950083683e-01	   6.0107928701196767e-01	   7.6571237948462945e-01	   6.9460528200172467e-01	   6.9859884719465215e-01	   5.0060881018343928e-01	   7.6212734138631100e-01	   6.8664880556180408e-01	   7.1225805224191063e-01	   7.9011862389615406e-01	   1.9969542011688379e-01	   1.9925981900285578e-01	   4.3014877786625150e-01	   3.8304144731021783e-01	   6.0876418179488956e-01	   6.5690950579995389e-01	   4.9053029052957320e-01	   4.3485854843203064e-01	   6.8388342828525917e-01	   6.4826049251586992e-01	   7.0345874239455264e-01	   6.4980546128196071e-01	   7.1854615322330440e-01	   6.9223082378921896e-01	   3.9836057238308020e-01	   5.2607675668241094e-01	   6.0266580600382436e-01	   5.5109965425423690e-01	   6.8903913762277491e-01	   6.8882942967675254e-01	   3.1266900894618577e-01	   3.1876066019097626e-01	   2.0637268211461646e-01	   8.6416745138810702e-02	   5.8851845513150081e-01	   4.5062532875049027e-01	   5.1007662007862509e-01	   2.9195026802952451e-01	   2.7234941387798828e-01	   1.1124836878208465e-01	   3.2644649247852481e-01	   1.6584499009401593e-01	   6.1658398061364528e-01	   4.6145131469367390e-01	   6.7929671124794100e-01	   6.4954362438059243e-01	   4.8390796329623459e-01	   2.9021753170855891e-01	   4.4302960849701500e-01	   3.3540984352647107e-01	   1.7274084033748816e-01	  -4.1725901673537381e-02	   1.2251906176001459e-01	   1.8638056382414941e-01	   1.3973914646643193e-01	   5.2187036078395233e-01	   6.0113798921452166e-01	   6.4335936512840108e-01	   5.6468638513515002e-01	   5.8292083202703315e-01	   3.0789069761267840e-01	  -5.8245663020097940e-02	
   8.8329118168509868e-01	   0.0000000000000000e+00	   5.9348927652776262e-01	   6.1487623423538207e-01	   6.6300367111840686e-01	   6.1195008585906563e-01	   7.5050168571574405e-01	   7.3807261938179802e-01	   6.5471942644668424e-01	   2.9737608607014288e-01	   6.7747326097243699e-01	   8.2366559311283782e-01	   7.6746051668877413e-01	   7.8101569626533185e-01	   6.9957584498720016e-01	   4.9134149464988836e-01	   3.3778281518002318e-01	   7.0136125534368776e-01	   8.0407464285826080e-01	   8.0886784115428045e-01	   2.7890786985257876e-01	   8.5962391679741276e-02	   3.8326956776221865e-01	   4.6318960389697356e-01	   8.9541940203487408e-02	   2.8700748738553572e-01	   3.6674733256856618e-01	   3.5149877006151942e-01	   4.8218251367141762e-01	   5.1494035666570248e-01	   3.8491775861528582e-01	   4.1893334576921126e-01	   6.5499874204812425e-01	   6.5802721264890685e-01	   2.6334264437543403e-01	   3.8101408391029595e-01	   4.2655107838948092e-01	   6.3715114993643032e-02	   5.0221547410625433e-01	   5.3199996430406460e-01	   4.9253359110691231e-01	   3.5519585717568097e-01	   7.5431516471651272e-01	   6.8797358362642425e-01	   6.5425689092310013e-01	   6.7402359539389800e-01	   7.2805393132158736e-01	   7.0956903655401060e-01	   5.8909791962402247e-01	   5.4451783909751217e-01	   5.6487158123264036e-01	   5.5869305767882071e-01	   6.0606089950499720e-01	   6.3948035521592861e-01	   7.1669392763587947e-01	   6.7810439894979524e-01	   8.4957698258489556e-01	   8.7432772628562816e-01	   7.2842854474797747e-01	   6.3000614014635559e-01	   7.2726861470590076e-01	   7.1025628824378839e-01	   5.9322484170055245e-01	   7.3885822940476253e-01	   3.2296549300684085e-01	   3.3869616973631678e-01	   5.4657765843038986e-01	   5.1439015978552038e-01	   6.5897795525775704e-01	   7.0693355290823168e-01	   6.0882697178228784e-01	   4.7800044127034047e-01	   6.6089350556268756e-01	   6.3547085955963423e-01	   6.8158927504353861e-01	   7.3512956367845461e-01	   7.3581622498035615e-01	   7.8162708718058793e-01	   3.6340012218605383e-01	   5.2425342582933243e-01	   5.5585819612231580e-01	   5.5544013686553395e-01	   6.3518265513821637e-01	   6.4090656478811781e-01	   3.8828425540151590e-01	   3.8173836582378928e-01	   2.3994698301681555e-01	   1.5146033415072754e-01	   6.2232163035199795e-01	   5.7057319106195004e-01	   5.5194932128325358e-01	   3.4861624073505343e-01	   4.1539086289446880e-01	   2.6785116061636738e-01	   3.5837516302040512e-01	   9.1963883066544030e-02	   6.9996682382847264e-01	   4.6266030011589854e-01	   7.5466368046816279e-01	   6.9052910602473971e-01	   5.8363716229368445e-01	   4.3694926050376270e-01	   5.6274971764758863e-01	   4.4615596138937552e-01	   3.3602039650788146e-01	   9.7082251477795090e-02	   3.1971473930654387e-01	   3.8731202200711168e-01	   1.0951739022576651e-01	   5.4033497897419669e-01	   6.5564743233065492e-01	   7.1912909473853182e-01	   6.7855833658348330e-01	   6.7188533181087207e-01	   3.5711501728598649e-01	  -4.9815800522117898e-02	
   5.3598327956380376e-01	   5.9348927652776262e-01	   0.0000000000000000e+00	   9.0083838942822303e-01	   8.1411777773208427e-01	   7.0638176438704225e-01	   8.3477977181804464e-01	   7.7363800217040879e-01	   7.9937116126895058e-01	   5.0913636039948640e-01	   4.4289156414697239e-01	   5.6275274899242911e-01	   6.7237194113336740e-01	   7.1535788455795501e-01	   7.0940650204767697e-01	   5.9754977643097451e-01	   1.2542485759298438e-01	   3.6326558515879115e-01	   6.9100558795671452e-01	   6.8890908991305488e-01	   5.2092442495443714e-01	   4.2547128979096088e-01	   7.6600892052907255e-01	   8.1366417094673260e-01	   5.2893128813780566e-01	   6.7099496135382930e-01	   3.8591670375128828e-01	   3.9721574261564563e-01	   3.7527283471525813e-01	   3.6739832811537032e-01	   6.5194212473690105e-01	   6.5765764733708609e-01	   6.4719388039675430e-01	   6.1626036995444411e-01	   3.6468725853323003e-01	   4.8974479249502056e-01	   4.0778484393844966e-01	   1.4405657824155635e-01	   7.0115470015996850e-01	   5.7586293327437554e-01	   5.6419854526924584e-01	   4.1996875542515522e-01	   7.7954973792317184e-01	   7.2223319281178511e-01	   7.1921736377433743e-01	   6.9368264057428020e-01	   7.6237708494766698e-01	   7.3557757854158135e-01	   5.4696605250973762e-01	   5.1874388347601763e-01	   6.4429692017138329e-01	   5.7065895955039825e-01	   6.1580690615764877e-01	   6.2569467657858002e-01	   6.1646684239671012e-01	   5.3881510283955580e-01	   4.4804295619162282e-01	   5.5060179754221217e-01	   6.0780672704999428e-01	   4.5777969182103329e-01	   7.1094133459175357e-01	   6.0532413245539651e-01	   5.2939417252748577e-01	   5.9379157816502126e-01	   5.7620868143141080e-01	   6.2905041593300304e-01	   7.4547608460294046e-01	   6.5517324286803391e-01	   7.5004703101578230e-01	   8.0092898479119490e-01	   5.6074356860033314e-01	   4.8401592665284310e-01	   5.4059214117446985e-01	   4.8614263485606313e-01	   4.3918298498420677e-01	   4.8683325706339470e-01	   7.2049611550676462e-01	   7.0288581089523361e-01	   4.4352517845247970e-02	   2.5044134763363968e-01	   3.1938994582885905e-01	   3.3097062977213021e-01	   5.4351698960681161e-01	   6.2421751705586281e-01	   4.8612065929605325e-01	   5.5577149584343677e-01	   9.2330485729348835e-02	   8.2447143120848693e-02	   5.8651942700475768e-01	   4.9811491144931364e-01	   6.7745375804321217e-01	   6.0305442080036231e-01	   5.2842863547398777e-01	   4.4746011085347226e-01	   3.6530665859607409e-01	   2.0305290764156636e-01	   7.0807200346645638e-01	   4.7648194416106171e-01	   6.6473591927439035e-01	   6.4883680884973427e-01	   6.7862656473748517e-01	   6.0201980723948612e-01	   4.5812067928973010e-01	   4.7333911946601881e-01	   4.3894549426059470e-01	   3.7903167916147174e-01	   2.6915697466908339e-01	   3.1877024409997806e-01	   2.3728070212214358e-01	   5.6388518312486136e-01	   7.7355453672218344e-01	   7.0709849585001383e-01	   5.7563993402332403e-01	   5.9428262768977291e-01	   4.5403977158242287e-01	  -2.7289891475587493e-02	
   4.9380945457738823e-01	   6.1487623423538207e-01	   9.0083838942822303e-01	   0.0000000000000000e+00	   8.2050388296532306e-01	   7.8509693179758955e-01	   7.6272698511187476e-01	   8.4139975075778317e-01	   7.5374146824142718e-01	   5.0277504435927001e-01	   3.1328679616916438e-01	   6.0505013278130537e-01	   5.4863827030661028e-01	   6.8374191661353922e-01	   6.2988812706720876e-01	   6.2181393845876576e-01	   1.2544961175209010e-01	   3.9963619692535535e-01	   6.3749307217272377e-01	   6.9629609594053488e-01	   4.7188070432510165e-01	   3.6707854471847789e-01	   6.6621106085420290e-01	   8.0275556740336507e-01	   5.0500772399086613e-01	   6.8920017921690402e-01	   3.7592702148500001e-01	   3.9665384871160486e-01	   3.4455868051501115e-01	   3.8259921408933795e-01	   6.4572012961340897e-01	   6.6303238413365273e-01	   6.6263203745933885e-01	   6.3031739688215171e-01	   3.6117395511709183e-01	   5.3233016400061695e-01	   4.8618547266952089e-01	   1.8548791557431146e-01	   7.1737549930482380e-01	   5.8176800042240062e-01	   4.8736298098173120e-01	   3.4699591825107728e-01	   8.0890489989891079e-01	   7.7137837164875178e-01	   7.5105491798324575e-01	   7.2762709048717111e-01	   7.8372183112553584e-01	   7.8845365735370243e-01	   5.7536783288267768e-01	   5.6134851896469784e-01	   6.5064547283105834e-01	   6.0353951937735051e-01	   6.3061357209850055e-01	   6.4180397037201320e-01	   6.2179978141059689e-01	   5.6091526400102465e-01	   4.3451735780692147e-01	   5.6524302345607125e-01	   6.1380340238138598e-01	   5.5762837425723688e-01	   6.7368921272717541e-01	   7.0746379706918272e-01	   4.7206241630586115e-01	   5.8455033966015235e-01	   5.3068492613305651e-01	   7.3446575284890281e-01	   7.7237044461385684e-01	   7.2324400891523966e-01	   7.1281278169141626e-01	   8.1662424620768159e-01	   6.1373989069837787e-01	   5.1549350491343582e-01	   5.3962359362815615e-01	   5.0989667162800389e-01	   4.3833098477179550e-01	   5.3207294019780749e-01	   7.0310479827248051e-01	   7.5282270757633762e-01	   5.3238918331575000e-02	   1.8306368982032273e-01	   2.8072719568298843e-01	   2.9201362349983201e-01	   4.2920238801348132e-01	   5.8998470293089755e-01	   4.2027289708511134e-01	   5.7274824071577290e-01	   3.7092078080683322e-02	   4.6459081564510674e-02	   5.9199519556198232e-01	   5.6947065203062730e-01	   7.1375689445576507e-01	   5.9902518755437828e-01	   6.0391622628513253e-01	   4.5419042869240728e-01	   3.0512826471393173e-01	   2.4383434654086905e-01	   7.6227533609942344e-01	   5.0938266730602610e-01	   7.4417124685927205e-01	   7.1493579271396657e-01	   6.8866839782601219e-01	   6.5883490256351607e-01	   5.3231956361511956e-01	   6.0121259570255103e-01	   4.9840078768676022e-01	   4.4109998968365383e-01	   3.2954001008091549e-01	   3.4811437168762566e-01	   2.2647345359322502e-01	   5.1500013941453338e-01	   7.8887697428840253e-01	   7.4851454160749020e-01	   6.8706803315131204e-01	   6.7240275935064819e-01	   3.9999441162972388e-01	  -1.7737797241287724e-03	
   5.6406889960892459e-01	   6.6300367111840686e-01	   8.1411777773208427e-01	   8.2050388296532306e-01	   0.0000000000000000e+00	   9.1025614268031085e-01	   7.8288907144085906e-01	   7.8853319642080910e-01	   8.0646477533279270e-01	   5.4819936589591933e-01	   3.0146363132200038e-01	   6.2136728173396083e-01	   5.3283825799654827e-01	   6.7020027831568907e-01	   6.9262841160940014e-01	   6.5379807242024235e-01	   6.9829383354930052e-02	   3.9100136963183346e-01	   6.4104408084534481e-01	   6.5577982153487424e-01	   2.9357151224650185e-01	   1.2238982263776224e-01	   4.9470547562918932e-01	   6.3953098298296518e-01	   3.4973532769058996e-01	   5.7432409919775584e-01	   4.5722076771814013e-01	   4.6145077915980914e-01	   3.3451061525013182e-01	   3.8685880633816522e-01	   5.0123881881729881e-01	   5.2173449962491247e-01	   4.7490755636164128e-01	   4.8192494125101948e-01	   2.2430401388925747e-01	   3.6130043481444479e-01	   4.0349365985139934e-01	   1.0078290928407904e-01	   6.4185226501452042e-01	   6.3309469274200580e-01	   5.0698232278784605e-01	   3.2156169098665821e-01	   7.6178230316051343e-01	   7.0961594929944072e-01	   7.3115997619591455e-01	   7.3154575406848754e-01	   8.1534508258909255e-01	   7.1086399533914657e-01	   6.7025690428902940e-01	   6.3743865684700340e-01	   6.9810102395490081e-01	   6.6335474578666620e-01	   6.9777495213733809e-01	   6.3646513906184232e-01	   6.9006630909347355e-01	   6.8132099281752490e-01	   4.3266753581331907e-01	   5.8946311386375860e-01	   6.9955955589479923e-01	   6.4643030114150091e-01	   6.5405799465815517e-01	   7.1001225077983543e-01	   4.0607976100229526e-01	   5.5748646523671397e-01	   3.4644852665375941e-01	   4.9570555966211610e-01	   5.9369044040399765e-01	   5.5802968503332306e-01	   7.5372024097261003e-01	   8.0847843271388387e-01	   5.4942997254304249e-01	   5.5967540777756697e-01	   4.5946861699425423e-01	   4.9546218308777423e-01	   3.1681538622499189e-01	   5.5204328526425572e-01	   6.6996500968076267e-01	   7.4665303245658576e-01	  -9.4986036835763253e-03	   2.5437252453598708e-01	   1.9322636420679096e-01	   2.7631005764221817e-01	   4.5838078518718306e-01	   5.7121925481852021e-01	   3.2755843784517080e-01	   4.7981477846420834e-01	   1.0489343949347628e-01	   5.5710818908136908e-02	   6.1165558503660633e-01	   6.4404335637802457e-01	   7.3212408775202142e-01	   5.9482059911918439e-01	   6.3356462824171722e-01	   5.0129734536793791e-01	   4.5248184785474266e-01	   1.5206489830256131e-01	   7.8424884135012352e-01	   6.0947154898791767e-01	   7.8764530387601739e-01	   7.3799937413296135e-01	   6.7958203914509052e-01	   6.5554864435381632e-01	   5.5160740470142533e-01	   5.6241798912732621e-01	   3.1734480927849174e-01	   2.2679150420324298e-01	   4.9494408386124444e-01	   4.8398438183428016e-01	   3.9952066802731212e-01	   6.8693766473077322e-01	   7.6069997930209188e-01	   7.8895353845936389e-01	   7.7964532943405584e-01	   7.1089030810953213e-01	   3.4044152535380223e-01	  -6.8512184849474522e-02	
   5.1238732854482882e-01	   6.1195008585906563e-01	   7.0638176438704225e-01	   7.8509693179758955e-01	   9.1025614268031085e-01	   0.0000000000000000e+00	   7.0392108185762603e-01	   7.9065193583295490e-01	   7.3390465922535464e-01	   6.8777391489828743e-01	   1.8108420674019515e-01	   5.0370170640692469e-01	   4.1831037595118181e-01	   5.8856937260409870e-01	   6.5596002054490399e-01	   6.4269853662649423e-01	   1.7231432378268931e-02	   2.8838709866759993e-01	   6.0725153036257429e-01	   6.4102310385130501e-01	   2.2132989086273180e-01	   6.0397880312279772e-02	   4.2534964913125251e-01	   5.8256163316503773e-01	   2.4436235236151893e-01	   4.5954662682319580e-01	   4.4174388335217851e-01	   4.3727864436771702e-01	   2.4251192824907866e-01	   2.9048973425595381e-01	   4.0532285667046269e-01	   4.5802743421810438e-01	   3.8069320331590828e-01	   3.9445733182513881e-01	   2.4136303648038959e-01	   3.5593139111029953e-01	   3.7998214296909943e-01	   1.0639741210343026e-01	   6.5133381291315429e-01	   6.2151162663908721e-01	   3.9917465217279147e-01	   2.2202323082855746e-01	   7.4172677355667571e-01	   7.0186493935830474e-01	   7.1955896486056903e-01	   7.4947896756942112e-01	   8.0377634078238658e-01	   7.1135586751959978e-01	   6.9074452239608475e-01	   6.8167415497362760e-01	   7.1827202515051347e-01	   6.9681077675840009e-01	   7.5777460510735017e-01	   7.0536816857609219e-01	   7.4511901519608770e-01	   7.1961070667442750e-01	   3.7368697717571564e-01	   5.8445496724856283e-01	   7.1064458383744777e-01	   7.2271948041072021e-01	   5.4765088173414056e-01	   7.0958810795104854e-01	   3.0583847722771701e-01	   4.8384757163524306e-01	   2.2859440226178340e-01	   4.0898104629619597e-01	   5.6748568647313546e-01	   5.5063996181671282e-01	   7.9248438893998985e-01	   8.1997582569494343e-01	   5.0526416946668140e-01	   5.3010280063638182e-01	   3.7468240979881362e-01	   3.7588299232987871e-01	   2.1132579866405490e-01	   4.3262201138552481e-01	   6.2643492736330630e-01	   7.2502889037857365e-01	  -5.6318189170881730e-02	   1.3659985617143944e-01	   1.1763245136302758e-01	   1.7235731269284255e-01	   3.8328554225052824e-01	   5.0738970483493362e-01	   2.5189497282942608e-01	   4.1643778066026549e-01	   1.5796234939034684e-01	  -7.4844278442761920e-04	   6.5837828329993686e-01	   6.8398165137514111e-01	   7.8469310046234475e-01	   6.5237911831166040e-01	   6.8288700617154108e-01	   5.6000571093075657e-01	   3.8066774348121390e-01	   1.9452658951756174e-01	   7.7296799097914426e-01	   6.0756948901333918e-01	   8.4181776887653081e-01	   8.0949409884030721e-01	   6.6566879959279912e-01	   6.7877316240613139e-01	   5.7364956847009918e-01	   6.0263520239841728e-01	   3.3837859424494710e-01	   2.4396772553351587e-01	   5.0082486460665754e-01	   4.6051729527099922e-01	   4.3738874238194136e-01	   6.7783250771662995e-01	   7.4994083961324387e-01	   8.1920560944876974e-01	   8.3418569730071579e-01	   6.8853311499475545e-01	   2.9101087380618118e-01	  -4.0935233778442631e-02	
   7.5211844652598447e-01	   7.5050168571574405e-01	   8.3477977181804464e-01	   7.6272698511187476e-01	   7.8288907144085906e-01	   7.0392108185762603e-01	   0.0000000000000000e+00	   9.0232182754162138e-01	   8.7354190982301794e-01	   5.0690737674619668e-01	   5.0098761429501693e-01	   6.4924199944305194e-01	   6.9502310943616741e-01	   8.2925938824413215e-01	   6.9810546854741085e-01	   4.4768918830832705e-01	   1.2908062056655742e-01	   4.1859329310547383e-01	   7.5325950298087863e-01	   7.6948885564392544e-01	   1.9190815312075410e-01	   1.2332418184519460e-01	   4.0377597173552693e-01	   4.9699728460901038e-01	   1.2325228723246157e-01	   2.9733014652663442e-01	   1.9675464954260602e-01	   1.8557030797897095e-01	   4.5982743188665598e-01	   4.5905253308036975e-01	   4.5041610846604058e-01	   4.8813807007753895e-01	   6.5858045802684917e-01	   6.4913267468903713e-01	   1.7058837351483994e-01	   3.1963908681261360e-01	   3.3012094994526098e-01	  -1.3288110810087046e-03	   5.0624823420511045e-01	   4.7281882422482779e-01	   4.9758258684269463e-01	   3.1853466653373746e-01	   7.9234240977510728e-01	   7.2436138102402092e-01	   7.6361516886072867e-01	   7.4313801294426618e-01	   7.7023623379070405e-01	   7.3416642623265105e-01	   6.6043915790520424e-01	   6.1869511705363367e-01	   7.1458629515406935e-01	   6.4535800500357055e-01	   7.2240716841546537e-01	   7.0400928135540453e-01	   6.9047422910587630e-01	   5.9055901872474270e-01	   5.6322226244724083e-01	   6.4613819764313807e-01	   8.1355960758006385e-01	   6.3683167325844470e-01	   8.7027840982271498e-01	   7.9126699001666789e-01	   5.6425431032951301e-01	   6.7474279176230623e-01	   3.8131954614889896e-01	   4.6203067834778544e-01	   6.9065513086242269e-01	   6.3710457897959105e-01	   7.3504281290702611e-01	   7.8002065139401466e-01	   5.6319726067039821e-01	   4.2839609945127893e-01	   5.8488513725187563e-01	   5.2671297802122552e-01	   5.2266604789274607e-01	   5.3263487697783862e-01	   7.3046899186953418e-01	   6.8860249324340816e-01	   7.9387799353236407e-02	   2.6282255002071997e-01	   3.2460488553717259e-01	   3.1679430152893251e-01	   4.9392198024193656e-01	   5.5912808109375500e-01	   2.8109587357157073e-01	   3.6021194289571790e-01	   1.6375240229619697e-02	  -1.0681517510436137e-01	   6.3952347735989878e-01	   5.5922021695748125e-01	   7.0826083898139414e-01	   5.2988670274433891e-01	   4.7280041586238392e-01	   3.5565843212736781e-01	   3.9075435113600343e-01	   2.1477791247315683e-01	   6.8811460368367072e-01	   5.1191235505985477e-01	   7.5909782883895094e-01	   7.0371303517972383e-01	   6.6019247978007234e-01	   5.6312395054662245e-01	   5.4349883102922514e-01	   4.7705709426191628e-01	   4.1086010816059310e-01	   2.9992583499562669e-01	   3.1999479081553706e-01	   3.1180807491943452e-01	   3.5100996825539854e-01	   6.0413139070029254e-01	   7.2933545779959774e-01	   7.5104034822801546e-01	   6.6067659180403604e-01	   6.3678302369115203e-01	   4.1560713826643214e-01	   4.2448212590534638e-04	
   7.0164371344275422e-01	   7.3807261938179802e-01	   7.7363800217040879e-01	   8.4139975075778317e-01	   7.8853319642080910e-01	   7.9065193583295490e-01	   9.0232182754162138e-01	   0.0000000000000000e+00	   7.9446143772902511e-01	   4.8353022121653677e-01	   3.5715268757824248e-01	   6.6472331711560062e-01	   5.7318734543933991e-01	   7.9310519534121926e-01	   6.2449468180826817e-01	   4.3210831928238302e-01	   1.6939230420016871e-01	   4.6608722417226423e-01	   7.0938270813619464e-01	   7.8021858786265086e-01	   1.4003910818436172e-01	   5.0603530412735666e-02	   3.5212841809310641e-01	   4.9825930021238241e-01	   1.0567390429768547e-01	   3.1126513494659724e-01	   1.2412761620760518e-01	   1.1963068574478478e-01	   4.5437149004929089e-01	   5.0474482479070859e-01	   5.2500457972363523e-01	   5.8247419428178682e-01	   6.9413302853599590e-01	   7.0196212385759238e-01	   1.6951840360477460e-01	   3.7050360767421264e-01	   3.8954133287610704e-01	   6.8061722110604295e-02	   5.6234566075842651e-01	   5.2145086091857962e-01	   4.8878447628110822e-01	   2.8100191657083190e-01	   8.5364690223647721e-01	   7.9340259595849849e-01	   8.3761998080283528e-01	   8.3782064158013780e-01	   8.3004474349870416e-01	   8.1276933997939160e-01	   7.3898381046480099e-01	   7.2349061570869888e-01	   7.9041218015761461e-01	   7.4073913329939856e-01	   7.9321191526760726e-01	   7.7831342168696382e-01	   6.9775776306079851e-01	   5.9965281546132665e-01	   5.3369210426774760e-01	   6.4566345503708256e-01	   8.3297689937496733e-01	   7.3547873311573375e-01	   8.4524262857901777e-01	   9.0879780858893855e-01	   5.4390815459260256e-01	   6.8295401699800840e-01	   2.7581668526473146e-01	   4.6063447229498011e-01	   6.8767495028739178e-01	   6.7065743955862023e-01	   7.1955988294143070e-01	   8.0770007227910412e-01	   5.8317028851094066e-01	   4.5485423592745078e-01	   5.9757549458846437e-01	   5.5998970134933190e-01	   4.9161781883571704e-01	   5.5768200061837292e-01	   7.5517833942203116e-01	   7.7697683839026355e-01	   1.0824896485859982e-01	   2.0149937120467881e-01	   2.7297723629362769e-01	   2.2405573122203232e-01	   3.8882090104070322e-01	   5.2758909208051352e-01	   1.6496900771986955e-01	   2.8948766720832714e-01	  -5.9618370633811799e-02	  -2.0913908929591263e-01	   6.3980902140795992e-01	   6.0690687593526249e-01	   7.7128476020650416e-01	   5.3240373856056311e-01	   5.6127719135720155e-01	   3.6389590053400972e-01	   3.3631563813150189e-01	   2.3920777905465898e-01	   7.3956555207578667e-01	   5.2564556889275915e-01	   8.2877304092279225e-01	   7.7082288461919402e-01	   7.3071248060767346e-01	   6.2959445200442532e-01	   6.0545134048873273e-01	   6.0559927667227043e-01	   4.4177746418197844e-01	   3.6423353804607822e-01	   3.5058220936083218e-01	   3.2088345616402841e-01	   3.0578960296804486e-01	   5.5167885138788852e-01	   7.5634334053477525e-01	   7.7783547810921627e-01	   7.5011230276261953e-01	   7.1085632352924288e-01	   4.2246093739149704e-01	   4.8008554302236828e-02	
   6.2208670254019371e-01	   6.5471942644668424e-01	   7.9937116126895058e-01	   7.5374146824142718e-01	   8.0646477533279270e-01	   7.3390465922535464e-01	   8.7354190982301794e-01	   7.9446143772902511e-01	   0.0000000000000000e+00	   6.1028614004179449e-01	   4.6344406931805276e-01	   6.1343220732267267e-01	   6.8208634789300615e-01	   8.0685148057911660e-01	   8.2417483151784476e-01	   6.6189169440313167e-01	   9.6336367326222166e-02	   3.4024075976334794e-01	   6.8614403870408114e-01	   6.7178531791807994e-01	   2.3786789594259033e-01	   1.5098416950360027e-01	   4.7049233247588762e-01	   5.4599414400555601e-01	   2.2832609067624757e-01	   3.9597820920305810e-01	   2.8362603210924320e-01	   2.4997859639457176e-01	   3.7799489098748307e-01	   4.2237665177339595e-01	   3.9551712704904551e-01	   4.2700146319407362e-01	   5.0364064116027785e-01	   4.7090024860260826e-01	   2.4034675897091590e-01	   3.1123412561408204e-01	   3.1968898729001427e-01	   1.2762541558803936e-02	   4.4897252361408468e-01	   3.7020941037591099e-01	   3.7894339157575896e-01	   2.1399037827371314e-01	   7.5559542838381843e-01	   6.7664437158650725e-01	   7.1940646046537016e-01	   6.9312121050457010e-01	   7.1455015402250566e-01	   6.6901656771228635e-01	   6.1058091414246474e-01	   5.7448263286663592e-01	   6.7913525652654894e-01	   6.5837178243986982e-01	   6.8290533014555277e-01	   6.7811868912873552e-01	   6.2490980251492556e-01	   5.5960220103565572e-01	   4.7890689296474809e-01	   5.5676817458736427e-01	   7.1012308379656575e-01	   5.9694496335854752e-01	   6.9375148859607938e-01	   6.5553517174669507e-01	   4.5038493850230099e-01	   5.2852919014474875e-01	   4.2398477978174165e-01	   4.9095327546256562e-01	   6.1024308817905459e-01	   5.5485742822681716e-01	   7.4006481267829338e-01	   7.4897179311535389e-01	   5.8455187103619344e-01	   5.2441317595036718e-01	   5.0915880052881168e-01	   4.6843748299946153e-01	   4.1554568848241863e-01	   4.0800647592341988e-01	   6.1733919100981383e-01	   6.4279027119575849e-01	   1.1321322771362363e-01	   2.7380667817328597e-01	   3.6178463328914989e-01	   3.9696588716941239e-01	   5.3693214260909439e-01	   5.8348453806074996e-01	   4.3391972214313290e-01	   5.1065653757622553e-01	   6.3911337300162047e-02	  -1.4839088493747415e-02	   6.5115883480812842e-01	   5.9808692741450087e-01	   7.3821899616118181e-01	   6.2434074680906448e-01	   5.3485176477009810e-01	   4.6638106496029630e-01	   3.6217636931447794e-01	   2.6316591919044952e-01	   6.8326644092355848e-01	   5.8169948231670976e-01	   7.4511489078729931e-01	   7.0580780214870997e-01	   5.9122869424499802e-01	   6.4090301435534403e-01	   4.6979179364268497e-01	   4.8294797636022763e-01	   3.7269821747414639e-01	   2.7405214783012088e-01	   3.3055172100166830e-01	   2.7826562685384570e-01	   3.3621409482165399e-01	   6.5552275022532513e-01	   7.1159339414349043e-01	   7.2936232564223769e-01	   6.7494445199291297e-01	   6.5443690695399370e-01	   3.9876296491522756e-01	  -6.2659113696090767e-03	
   2.7494887952682096e-01	   2.9737608607014288e-01	   5.0913636039948640e-01	   5.0277504435927001e-01	   5.4819936589591933e-01	   6.8777391489828743e-01	   5.0690737674619668e-01	   4.8353022121653677e-01	   6.1028614004179449e-01	   0.0000000000000000e+00	   7.3666283536731408e-02	   1.0776634759738854e-01	   2.3633731592706342e-01	   3.3898250939506247e-01	   4.7505009012751576e-01	   6.1277183803561108e-01	  -7.8875398072980496e-02	  -2.9431751175502088e-02	   4.1838992423428634e-01	   4.4531768329564825e-01	   1.4482332769239703e-01	   6.3192536889238621e-02	   2.9536486109643195e-01	   3.4685065055823167e-01	   8.5956942768309827e-02	   2.1306529644726818e-01	   2.9889757447267457e-01	   2.4150782033750062e-01	   6.2302926141692361e-02	   8.0364953064325714e-02	   1.2430642392186203e-01	   1.9702537363046313e-01	   1.0142879624230471e-01	   7.9198255977811244e-02	   9.3343545674396680e-04	   2.9392771197790699e-02	   3.3832140446601300e-01	   1.4672150524451827e-01	   4.3017346513419358e-01	   2.8277857632874881e-01	   2.8335903855226613e-01	   1.5340304317944331e-01	   4.0300884595401998e-01	   3.7633795213177679e-01	   3.0982644110065582e-01	   3.8450565313603358e-01	   4.1786360629022490e-01	   3.1138683654542693e-01	   3.8872830528163960e-01	   3.9400594256399013e-01	   4.9050911715717144e-01	   4.0253990309331189e-01	   5.3615588848224816e-01	   5.1311102361029348e-01	   4.2113281585214651e-01	   3.4512114354130102e-01	   2.4521464613690516e-01	   4.1474635167190488e-01	   4.0482256007784923e-01	   4.3001722812956616e-01	   3.0319628797848464e-01	   3.6066784566355864e-01	   2.0748676913818057e-01	   2.3935575844566742e-01	   8.5279741355974020e-02	   1.7231263331082172e-01	   2.5585915283201038e-01	   2.0658968350369739e-01	   6.7691149220524949e-01	   6.4738085883592966e-01	   3.0842927680158672e-01	   3.0118861130699004e-01	   2.4522053825121293e-01	   1.6430911859774844e-01	   1.0780025260602064e-01	   3.0866434682196877e-02	   2.9703912852872066e-01	   3.3904424727569082e-01	  -1.1800215164243714e-01	  -5.5374960696063513e-02	   5.9357972798068780e-02	   1.7511109716944917e-02	   2.3781081880904215e-01	   2.9710982871280761e-01	   1.6385596269203367e-01	   2.7173984443368993e-01	   9.5803494780521178e-02	  -5.3434776587437033e-02	   5.4509413027830667e-01	   5.1423221911564476e-01	   6.0617651508206027e-01	   6.0787206496531088e-01	   4.8615070421618828e-01	   5.2683361677604568e-01	   1.5086139736985571e-01	   1.4105876874771725e-01	   3.8489967606448261e-01	   3.5033055160137200e-01	   5.4636256452415366e-01	   5.4818862511428723e-01	   3.3448763459477382e-01	   4.5693499560891426e-01	   2.3564955931309289e-01	   2.5543906147484619e-01	   1.4296356027254570e-01	   1.8228196236491895e-01	   2.8647820595023843e-01	   1.4131906674639277e-01	   3.9581630245532701e-01	   4.0178333992055459e-01	   4.6402847776858080e-01	   5.9149293091921418e-01	   5.2911740632625692e-01	   3.4191809185399202e-01	   1.4985675904355839e-01	   2.1207934422013741e-02	
   7.5949426469817549e-01	   6.7747326097243699e-01	   4.4289156414697239e-01	   3.1328679616916438e-01	   3.0146363132200038e-01	   1.8108420674019515e-01	   5.0098761429501693e-01	   3.5715268757824248e-01	   4.6344406931805276e-01	   7.3666283536731408e-02	   0.0000000000000000e+00	   7.1494028593310688e-01	   9.0042346539633200e-01	   6.9646938368525813e-01	   6.0827046137527097e-01	   2.6578862201904035e-01	   6.6833781797012770e-01	   7.1931003581734221e-01	   7.8284378467384941e-01	   6.7883473497309421e-01	   3.1639822048162114e-01	   2.2520767106414574e-01	   3.6885413923667448e-01	   3.5195182013432086e-01	   7.7220659250764351e-02	   1.8524798304694892e-01	   1.1483155754915392e-01	   1.3299388355863218e-01	   6.6782766789500247e-01	   6.0226608334275222e-01	   3.9988716385437106e-01	   3.9240882701554824e-01	   5.7953690488678844e-01	   5.6233581658962650e-01	   2.8093900236940395e-01	   3.4209894204005792e-01	   1.9571590429790517e-01	  -1.5819490412695811e-03	   2.1993319669276351e-01	   1.5086262581014689e-01	   3.8281542449073752e-01	   3.9328338985967226e-01	   4.8199591799641672e-01	   4.0717506032127615e-01	   3.7486110163883490e-01	   3.1759247614151620e-01	   3.7619057938002709e-01	   4.7977485110068263e-01	   7.0785766184756932e-02	   2.9243343897035874e-02	   1.4283361455252391e-01	   1.2986400828904199e-01	   1.5271016516119612e-01	   3.0624343839573431e-01	   3.6618089880678489e-01	   2.9593330306148047e-01	   6.9400980334061502e-01	   4.5405999750531778e-01	   2.6510134757558979e-01	   4.6591821100921110e-02	   5.0868304279816767e-01	   2.9405580430439721e-01	   7.4605436251772572e-01	   6.9061094129591649e-01	   4.2713904840858086e-01	   3.1476340196064451e-01	   3.6648003910178800e-01	   3.0769439096384399e-01	   3.6346111653308805e-01	   3.6306794188230795e-01	   4.6525822706860998e-01	   3.6972603160027340e-01	   6.7211699852869056e-01	   6.0330663933738449e-01	   7.0585379769000633e-01	   5.8958540939483495e-01	   5.7572417701545719e-01	   4.9450307005176858e-01	   6.6164510872960425e-01	   7.7284755880225986e-01	   8.3651319274419456e-01	   7.8886292459138996e-01	   7.2282300760415552e-01	   6.8201229425416465e-01	   5.2347900594952312e-01	   4.3169495598811392e-01	   1.6449039539845375e-01	   2.3321142477053447e-01	   2.4794872433258364e-01	   6.5133468545320594e-02	   2.0337863036808762e-01	   1.3607883981073074e-01	  -3.2565449339975558e-02	  -9.4231879239435060e-02	   2.7727950465655210e-01	   8.5102891500592970e-02	   3.8021775399459612e-01	   2.3019687963200464e-01	   3.0114549607175423e-01	   3.7324071995872687e-01	   2.3002886217574048e-01	   4.4363541309621980e-02	   1.9161059206905928e-01	   1.2383381935610915e-01	   6.9310335679484261e-02	  -1.1798849861869418e-01	  -1.0150457753280397e-01	  -9.2389804240641978e-03	  -6.2715590178396410e-02	   4.1150582501079347e-01	   4.5397978847335529e-01	   3.3455163164961765e-01	   1.6535494388861444e-01	   3.3199617466733167e-01	   2.2463549953341755e-01	  -1.9918945475132291e-01	
   7.4650701034584233e-01	   8.2366559311283782e-01	   5.6275274899242911e-01	   6.0505013278130537e-01	   6.2136728173396083e-01	   5.0370170640692469e-01	   6.4924199944305194e-01	   6.6472331711560062e-01	   6.1343220732267267e-01	   1.0776634759738854e-01	   7.1494028593310688e-01	   0.0000000000000000e+00	   7.8455716974595768e-01	   8.5696624547789169e-01	   6.4076861847707745e-01	   4.1961234149434479e-01	   5.1764905352933466e-01	   7.5999846661776194e-01	   7.9052651002825647e-01	   8.0440330032387375e-01	   3.2025966919349746e-01	   1.5128933263755759e-01	   3.4506846170243793e-01	   4.6013805220988202e-01	   1.5514182642570234e-01	   3.6369675028805087e-01	   1.5728222176710527e-01	   1.8416820868350028e-01	   7.1527983118183380e-01	   7.5237889000740610e-01	   5.7639378134542685e-01	   5.8615244323937299e-01	   7.7621642264161739e-01	   7.8028247498342695e-01	   2.6867947786588559e-01	   4.3151628367017886e-01	   3.8259618106705839e-01	   4.8908265339099137e-02	   4.1620321051999531e-01	   4.3401359336799905e-01	   4.7222319229718074e-01	   3.4671542209059686e-01	   7.4323862405228924e-01	   6.8627894165400338e-01	   7.0997974212528414e-01	   6.2488010741115119e-01	   7.0001448179091641e-01	   7.6742084001344080e-01	   4.6463885417324829e-01	   3.8829391872892960e-01	   4.3987323411601009e-01	   4.8127886215877425e-01	   3.9614117784453595e-01	   4.5896188709955926e-01	   5.6300795501647616e-01	   5.6419929067870933e-01	   6.3665222813699895e-01	   5.3526713835322126e-01	   5.1995512122762400e-01	   4.0320342335820436e-01	   6.6879243553010559e-01	   6.8649937998574928e-01	   6.5137737467773760e-01	   7.3170060399725145e-01	   4.4238774220971644e-01	   4.9950359053507165e-01	   5.3640663365418995e-01	   5.4033907023192340e-01	   4.8663954853947922e-01	   5.5049234298387217e-01	   6.3700585620287675e-01	   4.4577091265545116e-01	   7.4420060261352394e-01	   7.5647851237704811e-01	   7.1469852577780957e-01	   7.7313301050906258e-01	   7.1419191244451397e-01	   7.3661446136096009e-01	   5.4377875050785285e-01	   6.4456279957028573e-01	   6.8670527843745766e-01	   7.1307553797225287e-01	   5.8228601472778885e-01	   6.4278778245946178e-01	   4.1370879446978920e-01	   4.3579504758927412e-01	  -2.5951898446819492e-02	   3.7342720101294136e-02	   3.2787647793035407e-01	   2.8766871522428505e-01	   3.8264031880060001e-01	   1.6212341472144240e-01	   2.1333353656067366e-01	   2.4212129530181044e-02	   4.7923963970539213e-01	   1.8030550821116983e-01	   7.1418028967242364e-01	   5.3549176984920677e-01	   5.8240813894197174e-01	   5.7135131419689844e-01	   4.6697203371969370e-01	   2.8592897659351113e-01	   4.5589425804915840e-01	   4.2591398749805470e-01	   2.8331535191618629e-01	   1.0536732219579624e-01	   1.5832558141027678e-01	   2.7558592041455987e-01	   1.0935835284579655e-01	   5.8969264150282941e-01	   6.2846567308228296e-01	   5.3833196608326683e-01	   5.0520377475982503e-01	   6.2633020554044005e-01	   3.3023078318739540e-01	  -9.1864656446750181e-02	
   8.1539396456658586e-01	   7.6746051668877413e-01	   6.7237194113336740e-01	   5.4863827030661028e-01	   5.3283825799654827e-01	   4.1831037595118181e-01	   6.9502310943616741e-01	   5.7318734543933991e-01	   6.8208634789300615e-01	   2.3633731592706342e-01	   9.0042346539633200e-01	   7.8455716974595768e-01	   0.0000000000000000e+00	   8.6209280633583962e-01	   7.8945188103761066e-01	   5.0836270774269954e-01	   4.7559961426380554e-01	   6.1576349689849252e-01	   8.4104858243511404e-01	   7.4944291929465368e-01	   4.4312710269321820e-01	   3.2015227452137957e-01	   5.4444112067209371e-01	   5.7272401649052906e-01	   2.0605225481395578e-01	   3.7422027818625658e-01	   2.7426291513065959e-01	   2.9242709415542356e-01	   5.8517420757503658e-01	   5.4668250514820538e-01	   4.5766264077411012e-01	   4.7333731092028508e-01	   6.5125264621467704e-01	   6.2702478792780347e-01	   3.9625538261086252e-01	   5.1430682769535152e-01	   3.1055106834934870e-01	   4.4640637403390949e-02	   4.3884226972325474e-01	   3.6294651162451635e-01	   4.8612244144246997e-01	   4.0956464020881600e-01	   6.7645757133974882e-01	   6.0172508499066713e-01	   6.1127201364485595e-01	   5.7610392565484803e-01	   6.3408180770827383e-01	   6.8447452538039777e-01	   3.8317373565054869e-01	   3.3512308009102032e-01	   4.4593437336256592e-01	   4.3078809157787878e-01	   4.4112390158282128e-01	   5.3324515127882521e-01	   6.2551122490306199e-01	   5.4982039067849753e-01	   6.6851396187643641e-01	   5.6658083450845353e-01	   5.0000980282479002e-01	   3.0466743555584258e-01	   6.4752967769550573e-01	   4.9872115657281058e-01	   7.3109156232744210e-01	   7.0747189222110263e-01	   5.4203418954453464e-01	   4.6384100449718113e-01	   5.8038804920584464e-01	   5.1064979204213523e-01	   6.0522661756763418e-01	   5.9236474615405721e-01	   5.1683235919108106e-01	   4.4915412848909675e-01	   6.6278888827713645e-01	   6.2035768121473100e-01	   6.7871973221973525e-01	   5.9559090266307979e-01	   6.8597434291386283e-01	   6.4601556930562143e-01	   4.9006289050846019e-01	   6.2963492507772689e-01	   7.7363131903129889e-01	   7.7527026822693412e-01	   7.8760021243872458e-01	   7.6879334187206427e-01	   6.1605004908919070e-01	   5.6958762349872316e-01	   2.2772179520481256e-01	   2.5447180740827574e-01	   4.7803231949418445e-01	   3.1156799212164016e-01	   4.5163742845075450e-01	   3.4614732124384917e-01	   1.9514708674801301e-01	   1.1689872615841219e-01	   3.8711330864112020e-01	   1.6608627801607334e-01	   6.3111813363479696e-01	   4.5475755262647022e-01	   5.5306965455889501e-01	   5.9080614719330582e-01	   4.3820600214193678e-01	   2.5570039573073544e-01	   3.3922533560864110e-01	   2.8393195409086130e-01	   2.2962171187736696e-01	   3.6236303112695843e-02	   3.8164746399126488e-02	   1.3431545995683211e-01	   5.6536560940369379e-02	   5.9378747985867186e-01	   6.8148150451301570e-01	   5.7305636831964413e-01	   4.0856513272171324e-01	   5.1980212472505005e-01	   3.3087734065777746e-01	  -1.5629863486476797e-01	
