   0.0000000000000000e+00	   6.5176624016842077e-01	   4.9042626972943881e-01	   3.1944202992460807e-01	   4.8972601283010520e-01	   2.4844660812476710e-01	   3.7533566141658686e-01	   2.1286406824710599e-01	   3.3884683402247096e-01	   2.7287330334796228e-01	   4.3057239743102416e-01	   3.9676730156001006e-01	   3.1714576131996908e-01	   2.7662905301723767e-01	   4.0397371640497798e-01	   3.6689734116938766e-01	   2.4513979796129987e-01	   2.2685921734176451e-01	   6.9566261336014712e-01	   7.0783527574939442e-01	   4.0939845273517107e-02	   1.1896849250309935e-01	   3.2854265538230276e-01	   3.8033116713911774e-01	   1.1267825615763669e-01	   1.6249105909055050e-01	   1.9083481997114382e-01	   2.0600339447805890e-01	   7.9624619074985498e-02	  -2.2036303024525236e-02	  -1.3292119513305601e-02	   6.7293991574761847e-02	   3.9065786766081823e-01	   3.4140088087055270e-01	   2.2448277914372433e-01	   2.1808555290713244e-01	  -1.0490564986728146e-01	   9.0644909089382820e-03	  -9.8699275530699182e-02	   2.9443888807823334e-02	  -1.7120025860829519e-01	  -2.2073683724208690e-02	   3.1210754684441366e-01	   2.5890400101099975e-01	   2.6873881373304587e-01	   2.8557980969317198e-01	   2.5570511704181059e-01	   4.4521765211496711e-01	   2.9373257274902620e-01	   3.1104037900057296e-01	   3.3268126911323892e-01	   2.1006094223589705e-01	   1.8354467462999915e-01	   2.7208792291223344e-01	   2.3186252954544645e-01	   1.1612243445109710e-01	   7.4900703124226364e-01	   5.3026450179033702e-01	   2.6433819705731182e-01	   2.8081919295937169e-01	   2.6278026880587851e-01	   2.5420864580163743e-01	   4.4425901833433606e-01	   2.3187588835812203e-01	   2.8254740847123055e-01	   2.2630089363134867e-01	   4.4947028721844223e-01	   4.3107467746249079e-01	   6.8928442021883951e-01	   2.3467757541837181e-01	   5.5662094126707196e-03	  -8.7853530594607168e-03	   3.0083769946190780e-01	   9.2197218039258066e-02	   5.6285622328329690e-02	   9.6090392012197504e-02	   2.4630270863691223e-01	   1.5031195696952809e-01	   1.8739326109930976e-01	   1.7777389078362560e-01	   4.6502907548047751e-01	   3.8068157226873484e-01	   2.6876040825689501e-01	   2.7164073122797427e-01	   3.8561347203867685e-01	   3.1277893148682934e-01	   1.7847728589958237e-01	   2.1154933906656798e-01	   2.8437712013001065e-01	   2.0245857886510696e-01	   1.2511292960640630e-01	   1.4919951799614958e-01	   1.8473418391572916e-01	   1.7161607353432029e-01	  -9.6930004720212487e-02	  -1.6811788024226851e-02	  -1.9314814073048089e-03	   5.0865529772733675e-02	   2.0931362584040725e-01	   2.1030858295051252e-01	   2.0997268575268199e-01	   1.9299096387082085e-01	   3.4318947827613488e-01	   1.4421667653160836e-01	   1.0070456382198328e-01	   6.4637399759849697e-04	   6.7897661735623486e-03	  -1.8852311043392914e-01	   9.9076392666226420e-02	  -1.0999251417368425e-01	   1.9590927324468027e-01	   2.3268024012095392e-01	   9.8484681329323392e-02	   1.9126731740427114e-01	   1.2786652585016042e-01	   1.3076256278861637e-01	
   6.5176624016842077e-01	   0.0000000000000000e+00	   4.0176391657120436e-01	   4.9853511175062093e-01	   2.8031046575480506e-01	   4.0314492983763439e-01	   3.0820042704566025e-01	   3.2243880811618031e-01	   1.9218327723482007e-01	   1.7161698519168095e-01	   1.4181777900371467e-01	   2.7015539492578033e-01	  -2.2144023290949347e-02	   1.5644960170859762e-01	  -1.3361228755061584e-02	   1.3413565669382535e-01	   1.8303385550142165e-01	   3.2527886595383215e-01	   5.4266645581743411e-01	   7.2494349633686861e-01	   1.9547380327903580e-01	   2.4376150272207120e-01	   1.3824508600637933e-01	   2.6512448723454823e-01	   1.7941024014751603e-02	   1.7288896756362765e-01	   2.1993748487158243e-01	   3.4031736353902542e-01	  -6.7635775003432347e-02	  -1.1289693002993068e-01	   5.9617192536121522e-02	   1.2135433142995203e-01	   4.7175177371086913e-01	   4.7321311997433124e-01	   2.8758622641960629e-01	   2.9250848286333253e-01	  -6.9873641332544423e-02	   3.6450869035653033e-02	   2.5921090479806508e-02	   2.0853529170828160e-02	  -1.4500313638904028e-01	   7.4276747176723640e-02	   7.2082629048799779e-02	   1.6759726882438854e-02	   9.2165122133443772e-02	   1.2644416314362322e-01	   1.4382414337654424e-03	   9.0156383495514275e-02	   1.1582192424288350e-01	   1.2996854976462330e-01	   1.1946504388554155e-01	   1.1601868303194511e-01	   7.7753398470617741e-02	   7.1139619053942560e-02	   3.7863251355750957e-02	   3.5149432520489444e-02	   5.7372937572923532e-01	   6.6245679129938484e-01	   2.2290263844042349e-01	   2.7120130875881265e-01	   2.2374146010682228e-01	   3.5659404045732651e-01	   3.5079923051671097e-01	   3.6065433639277988e-01	   2.3400296134518506e-01	   2.9599892988910603e-01	   3.7433452652465815e-01	   4.2427029655910287e-01	   5.8699466369335684e-01	   4.5168035967833986e-01	   1.2869102586245240e-01	   3.3718398559064483e-01	   2.3894166613672482e-01	   3.3656398804324206e-01	   2.3091378374156926e-01	   4.4413582653415568e-01	   2.7994661567520840e-01	   2.4295683630331169e-01	   1.7710486049680502e-01	   2.6898382302474139e-01	   4.0812212742479792e-01	   3.2284640368302064e-01	   1.6746212435176233e-01	   1.0938774717579149e-01	   1.8193925044793535e-01	   1.9333745926808346e-01	   1.7601925767193211e-01	   9.4323151881779199e-02	   2.0073482144240254e-01	   1.1596914367470859e-01	   1.4943256317725090e-01	   3.6287259062181304e-02	   2.1204368474990382e-01	   3.9061035499287487e-02	  -1.7800040079632706e-01	  -1.2626747614262984e-01	  -2.7857094203895771e-02	  -2.5993683331027414e-02	   9.4493078373736841e-02	   6.6868905558711375e-02	   4.0946728970287749e-01	   1.1802207088214262e-01	   5.5150607118741135e-01	   1.5408300859132595e-01	   2.6306774327600380e-01	   6.6957995502827466e-02	   4.9413408697376919e-02	  -2.4439213203948040e-01	   1.2872095601808722e-01	   1.6547699551636756e-02	   1.5325668385680230e-01	   2.3536727254060674e-01	   5.4431787515212604e-02	   6.1608210895842105e-02	  -4.9735590726775525e-02	   2.9832471467289123e-02	
   4.9042626972943881e-01	   4.0176391657120436e-01	   0.0000000000000000e+00	   6.5037947570731669e-01	   5.4041472824631609e-01	   2.6144891144259796e-01	   6.9412838612594019e-01	   3.9599686429733388e-01	   4.2865624249251405e-01	   2.5354240146488854e-01	   1.0806621796851770e-01	   1.0048491505649053e-01	   1.6590105775596092e-01	  -4.4293686515445123e-02	   1.9532666046312358e-01	   7.3174696767433822e-02	   1.1790380036165862e-01	   1.9830654771890857e-01	   3.5326548832207733e-01	   5.1695844732376661e-01	   1.8692970562929789e-01	   1.9751468323592858e-01	   7.0485729808111308e-01	   6.3311288688440714e-01	   4.6079157312255592e-01	   4.1779444223808110e-01	   3.6937572654756901e-01	   3.0162504607861718e-01	  -4.6186347755005448e-03	  -8.4156379764299127e-02	   2.9048491946264454e-01	   4.0574331390258578e-01	   4.5288241231456405e-01	   4.8940835035448332e-01	   6.0096833162546537e-01	   5.0693636697243671e-01	   1.2118483572192267e-01	  -1.0404594185725632e-01	   2.7249098546637585e-01	  -9.1486014489080308e-02	  -7.9519308547883194e-02	  -1.0696429191843194e-01	   9.8029452918830584e-02	   3.6556552362767544e-02	   2.1368725202259342e-01	   2.1877900815064627e-01	   1.8382135042454628e-01	   1.0853622491766579e-01	   9.2692273573756409e-02	   1.2304105515482339e-01	   3.5390805474957376e-01	   1.4618528807293277e-01	  -2.3579086534559639e-02	   7.0210420338353272e-02	   1.1862893969507160e-01	  -9.0531308751142181e-02	   2.2528154153556434e-01	   1.2837739580655586e-01	  -7.0125181275121254e-02	   1.9420702083446321e-02	   4.2756166442034470e-03	   6.4365592412004388e-02	  -6.8080780415789355e-02	  -1.9723269557149864e-01	   6.4868933945488327e-01	   5.0118648148107137e-01	   5.2307842851008191e-01	   4.4766099885461480e-01	   6.3903032577292518e-01	   3.0747374393810362e-01	   3.6392545714267632e-01	   2.8699318769896787e-01	   2.9183334528326910e-01	  -2.6497984497318584e-02	   1.8076959736078221e-01	   1.2663186738223819e-01	   4.0289630836344942e-01	   2.5361575605472203e-01	   6.3739020826619794e-02	   2.3575634670746878e-01	   3.1136644069514946e-01	   4.6774556317633226e-01	   1.0340766983255156e-01	   5.0262682751789897e-02	   5.6822680841320139e-01	   2.7701634529444208e-01	   1.5258553118146584e-01	   6.4157134414419212e-02	   3.2240793481118546e-01	   1.6073391290948140e-02	   2.2779051904323686e-01	   1.4903199006052745e-01	   3.4004203458273596e-01	   2.5146263910861294e-01	   1.5941918664046657e-02	  -1.1059523883227457e-01	   8.5761792478365628e-02	  -1.1948665420109401e-01	   4.1187774574609780e-02	  -9.0561377800472478e-02	   5.7120987806044396e-02	   1.9508813630709787e-01	   1.0143643482741210e-01	  -2.8372632769084447e-02	   1.9251626384015724e-01	   1.0883941379653772e-01	   1.6673495087154988e-01	  -1.1498648493538557e-01	   7.6932195372022366e-02	  -3.7532187899499685e-02	   1.7384962897465087e-01	   1.5680782437637864e-01	   1.7859285422280555e-01	   7.6512233206086133e-02	   1.3720779719480517e-02	   1.4543984967127355e-01	
   3.1944202992460807e-01	   4.9853511175062093e-01	   6.5037947570731669e-01	   0.0000000000000000e+00	   3.5966830659544113e-01	   4.8556346806487760e-01	   4.6588528811427682e-01	   6.7433573964439497e-01	   1.8533468966928981e-01	   4.1646147069831274e-01	  -2.2568279168668337e-01	   6.0984693806942554e-02	  -2.6593219259190309e-01	   1.4908668425084850e-03	  -1.4205224165067798e-01	  -8.6709762747423421e-03	   1.0410353764727845e-01	   2.6763508724995472e-01	   3.0900252589936461e-01	   5.9224988595920847e-01	   3.0879464601119744e-01	   3.5278730839589384e-01	   5.3070131492131123e-01	   7.3299514793046527e-01	   4.7079816904670213e-01	   5.1750864390323148e-01	   4.2990593527365661e-01	   4.3586981343572362e-01	  -4.5208026078056886e-02	  -9.3326704815054340e-02	   3.8501030983852369e-01	   5.2607899453855211e-01	   5.0843282541422674e-01	   4.8983815055324770e-01	   6.5264472272855323e-01	   6.5902301562149190e-01	   5.7066287035165655e-02	  -2.4856645277497663e-01	   2.9046963277760007e-01	  -2.7646447588655382e-01	  -2.3793529429093851e-03	  -1.4338951641445241e-01	   9.0710351582696143e-03	  -1.1353039925512595e-01	   1.9631363204759888e-01	   1.5979189205878980e-01	   1.1098175933040268e-01	  -4.6513009122221137e-02	  -4.4533748852830374e-02	  -2.5332706998554937e-02	   2.0568153543940587e-01	   1.2606054937092240e-01	  -3.3309228859705504e-02	  -7.2910242857935504e-03	   9.0979152628891724e-02	  -3.0008700806428601e-01	   2.0566010749143548e-01	   2.0984384197077535e-01	  -1.3724717487898347e-01	   1.0957594259147657e-01	  -1.9095150957680632e-01	   1.2852246624546226e-01	  -1.5536646530816536e-01	  -2.0423760473105476e-01	   5.4523645950264366e-01	   7.9191796093648992e-01	   5.4297344525447944e-01	   6.0395582055697306e-01	   6.1243823212516935e-01	   3.2219098277955260e-01	   2.7804261881683934e-01	   3.4228609825957851e-01	   1.1699784473833164e-01	  -5.8345452493605926e-02	   9.6992398034379451e-02	   2.3257874174088045e-01	   3.2344353962803363e-01	   1.9266529927546217e-01	   9.7110307899525738e-02	   2.6857177869779447e-01	   3.7404014654072526e-01	   4.5339693854804691e-01	   1.4490915517514347e-01	  -1.6148836959142893e-02	   4.3670083320074571e-01	   1.7901199582147756e-01	   3.1669481020986701e-01	  -9.7832353919881196e-02	   1.8550523564110638e-01	  -2.2454282943900292e-01	   5.5021771642021489e-01	  -1.7559870840880006e-02	   7.1340369011677118e-01	   1.0132243742398588e-01	  -9.1541823799392533e-02	  -3.6618073405810708e-01	   7.3112085248494524e-02	  -3.2123746301826883e-01	   1.7945631697728720e-01	  -2.3264092203584302e-01	   4.7972969228804274e-01	   1.3453576349060017e-01	   3.3161341857968413e-01	  -4.3820545602074400e-02	   1.3889453306018290e-01	  -1.2709055002228181e-01	   6.0142389828581222e-02	  -2.2960809640362828e-01	  -6.3028188153465559e-02	  -5.0499396951536220e-03	   1.3109592051276678e-01	   2.2348686250465227e-01	   1.5379840063884676e-01	   3.8304250823219990e-02	  -1.1766730795188708e-02	  -8.0381790704324357e-02	
   4.8972601283010520e-01	   2.8031046575480506e-01	   5.4041472824631609e-01	   3.5966830659544113e-01	   0.0000000000000000e+00	   3.7711957021335352e-01	   3.3590456461731111e-01	   3.2357825905841346e-02	   6.6827721486480729e-01	   3.6287806000789646e-01	   1.8924592266702467e-01	   1.0329195526345314e-01	   3.3564440682209479e-01	   1.2700128725452217e-01	   5.8809864051827365e-01	   4.6217234940090579e-01	   1.2720247131472559e-01	   2.9627199378664846e-02	   4.5631354344252584e-01	   5.8487331144589616e-01	   1.7425107694289227e-01	   1.5720564006871818e-01	   5.0870072568409708e-01	   5.7841772844075545e-01	   4.2838595820531378e-01	   4.4070628033893799e-01	   4.4917396275238253e-01	   3.7292974405208840e-01	   1.0218449343785867e-01	  -8.3776097349203854e-02	  -7.9479451041310437e-03	   5.6039360359605661e-02	   1.3497775230971104e-01	   1.6282408976602455e-01	   4.4711546703364718e-01	   4.5611758156274518e-01	   1.7214564187835085e-01	   6.2905840429917148e-02	   1.8086317908202049e-01	   2.9206421805102037e-02	   1.3899735220627846e-01	  -4.1178712784597379e-02	   2.4068390905021400e-01	   2.4705624412384769e-01	   1.2260556810416559e-01	   8.0291832317856332e-02	   2.2615356988373381e-01	   3.1833741807904237e-01	   7.2440765086266318e-02	   9.3616727110544168e-02	   2.8824145030708936e-01	   1.0318495483040006e-01	   2.2768583655398411e-01	   2.0380786701548340e-01	   3.7475697582933332e-01	   1.0443844527437279e-01	   3.7766728868220112e-01	   2.1353165146357678e-01	  -1.2012239959329915e-02	   1.5164613145631715e-02	  -2.7237577939112717e-02	  -8.0275929156142400e-02	  -7.7962190376677606e-02	  -2.3130272984701417e-01	   4.8404062442718571e-01	   3.8138453830316366e-01	   3.9310127667030603e-01	   3.4152857400967568e-01	   6.5119404631325917e-01	   2.1858864196258793e-01	   1.5407015106263711e-01	   7.7402889626233123e-02	   2.2839293038137870e-01	  -6.4504442060490691e-02	  -2.6588124444796697e-02	  -9.4628358605810745e-03	   1.9829168714917580e-01	   1.0210197984801017e-01	   2.8050214325502889e-02	   1.7327024648437847e-01	   3.0177982928659397e-01	   3.0355715963818919e-01	   2.8387550917793442e-01	   2.4490407015746449e-01	   5.6565750720153807e-01	   4.0474629778233523e-01	   2.4409414618436026e-01	   2.6070026820866138e-01	   6.0320336416864739e-01	   1.7455171174314632e-01	   2.1894458621539242e-01	   1.1900164349718939e-01	   3.7801524066514414e-01	   2.2738678700828394e-01	  -9.0801879638096897e-02	  -5.5531723506446473e-02	   1.2770699839561198e-01	   1.1390963496667881e-02	   1.1033439195190610e-01	   9.2316504673482347e-02	  -7.3143309486160657e-02	   1.4158743922272846e-01	  -5.3019482342999913e-02	   2.2330044647949160e-02	   5.8435455934253144e-02	  -7.6915003478007865e-02	  -1.0546058058860939e-02	  -2.5568870281070626e-02	   3.5979850583469822e-02	  -1.1211001449472827e-01	   3.7423503449272988e-01	   8.1011086228555629e-02	   7.9787046841827469e-02	   1.1135044100261376e-01	   1.2725573111429359e-01	   9.6829417322811084e-02	
   2.4844660812476710e-01	   4.0314492983763439e-01	   2.6144891144259796e-01	   4.8556346806487760e-01	   3.7711957021335352e-01	   0.0000000000000000e+00	   2.1533347939343889e-01	   3.5234206379313326e-01	   2.0660830558865695e-01	   4.8420116182579442e-01	  -1.3424162774180648e-01	   1.9072276884392225e-01	  -1.3375577048663212e-01	   1.5267013884946423e-01	   2.0173279172762480e-02	   2.3825644022886250e-01	   1.3724764808908822e-02	   4.7213671547438080e-02	   3.2451622459610979e-01	   5.0343000321374642e-01	   4.9804302727069161e-01	   5.6459193555838971e-01	   1.3701284102198222e-01	   3.1237200211469068e-01	   2.0535367038289021e-01	   3.9794502027085621e-01	   4.6781595610746596e-01	   7.0158701281489089e-01	  -1.0116101416819032e-01	  -2.0364233351640459e-01	   2.2409385702885867e-01	   2.1074725277375578e-01	   4.2831078944130413e-01	   4.5199350267159588e-01	   3.6494020004690375e-01	   4.6969246236150192e-01	   2.1067389203738043e-02	  -1.3056248999606415e-01	   2.7219321566917026e-01	  -6.9790411306855593e-02	   2.7877021431311799e-01	  -4.3489483460330589e-02	   1.5971185080545125e-02	  -1.7835009029158432e-02	   1.2496741442803563e-01	   1.2086260941510490e-01	  -5.8459875543341977e-02	  -2.2615176106411526e-02	  -6.3990115082436225e-02	   5.9262951749571087e-02	  -2.4848173071124809e-02	   2.4133356503146536e-02	  -7.7827599045371898e-02	  -1.3679823359854398e-01	   6.5259478249757169e-02	  -1.2275202597211012e-01	   2.4897319176535027e-01	   2.2244163541035084e-01	   9.5225872756925112e-03	   9.3074911777055486e-02	   1.0760038908498459e-01	   3.3649533284596000e-01	  -5.3860858987309211e-02	   3.2242738613594578e-02	   2.5549944275818182e-01	   5.2176833032743342e-01	   3.3769866868987258e-01	   3.6077130409330693e-01	   4.3580463707019929e-01	   1.1860604515489598e-01	   4.5755111608061183e-01	   4.0153814092775197e-01	  -1.0489003429348571e-02	   1.1254676341508330e-02	   6.7338242168969262e-02	   2.3757898880607523e-01	   1.4569723712027327e-01	   3.3294685175590102e-02	  -5.6413812644087333e-02	   6.2003148178764560e-02	   2.7354202875571182e-01	   1.8149415425627830e-01	   1.4000603812588339e-01	   1.1525725256010261e-01	   1.7721270045431531e-01	   6.3113054890898135e-02	   2.4910289188919277e-01	   1.8884376273849406e-02	   3.1868924622405226e-01	  -1.2112320355466269e-01	   1.6695280166655074e-01	  -1.4686590766943597e-01	   4.5136028134716538e-01	  -1.2246736537995115e-01	  -1.1566445866524888e-01	  -2.3679221049823418e-01	  -9.2969921254203364e-02	  -1.7298847151662822e-01	   2.5427976190111883e-02	  -7.0716753794577453e-02	   4.4181144896230284e-01	  -6.3619676840558664e-02	   4.7830820670484975e-01	  -9.1229039181877122e-02	   1.6175159992515109e-01	  -1.6909936754597571e-01	   1.7839765594682550e-01	  -2.5159621258072523e-01	  -1.3858857706604830e-01	  -2.9525563675325567e-01	   4.1815281572249174e-02	   7.9974562225235940e-02	   3.6019557058866711e-02	   5.7345659233101531e-02	  -4.9784967253328705e-02	  -3.7729393211695168e-02	
   3.7533566141658686e-01	   3.0820042704566025e-01	   6.9412838612594019e-01	   4.6588528811427682e-01	   3.3590456461731111e-01	   2.1533347939343889e-01	   0.0000000000000000e+00	   6.1987858812433183e-01	   5.4541045662471332e-01	   4.3773730825939250e-01	   3.7642434185964679e-01	   3.7201948304326543e-01	   4.7559607402178677e-01	   2.1321922457120893e-01	   3.4922661718106415e-02	   7.4910336160273025e-02	  -4.8441261245451103e-02	   1.0102891523341967e-01	   7.3355247457686457e-02	   3.7990290018044109e-01	  -1.8957616350646489e-01	  -2.0051574015384532e-01	   3.2998471535611962e-01	   3.3248844686328771e-01	  -9.0948692020677152e-02	  -6.5131259894906521e-02	  -1.7607638246747268e-01	  -8.8598862218931304e-02	   1.1474188590937530e-01	   1.4106152158381496e-02	   1.7110242263307524e-01	   2.6564147033189695e-01	   3.5495295098143520e-01	   4.1328620927891901e-01	   3.3707045849920358e-01	   3.2165474751612061e-01	  -2.4171995472938462e-01	  -1.6724455746997649e-01	  -8.4197544534726595e-02	  -1.3944207892137195e-01	  -3.1898522090986947e-01	  -2.4072183558023555e-01	  -4.0936594705772288e-02	  -1.2048820519319807e-01	   1.1560321566034262e-01	   6.7767549796641305e-02	  -3.5101074115325766e-02	   1.1198808431389689e-02	   6.2965008319645258e-02	  -1.0785192888269088e-03	   2.6685026238310555e-01	  -5.1971408477589909e-03	  -2.9568630217002762e-02	   3.4624492753035502e-02	  -1.9823492186717664e-01	  -9.7466273899418032e-02	   7.9448318264646461e-02	   1.2565415528977232e-02	   1.6814012470367620e-01	   2.2477386978676128e-01	   3.7256659718501250e-01	   2.8549517885419867e-01	  -2.9815052145806806e-02	  -2.0970118417718497e-01	   5.2827018146558791e-01	   3.8685668987480470e-01	   4.8691446934600768e-01	   3.8990211963963833e-01	   4.2668241336856361e-01	   1.2399930835462833e-01	   2.5085732393631760e-01	   1.8612449246377272e-01	   3.8708012581145879e-01	  -1.2967654426410808e-03	   2.3207926088252803e-01	   5.5874449873466701e-02	   5.1318837360805714e-01	   2.0980645970419004e-01	  -1.0006848542149849e-01	   1.0761000151677766e-01	   1.5068869634885157e-01	   3.3928445720606959e-01	  -2.3286476070623935e-01	  -1.2747581851229747e-01	   3.1290192954713014e-01	   1.9775082674787706e-01	  -2.0037635992418815e-01	  -9.1721862666797729e-02	   1.4195871202473945e-01	   9.1878947051212329e-02	   7.5326715131559209e-03	   1.8480231215774767e-01	   1.2454580488957205e-01	   2.3109249029472995e-01	   7.0630342405578250e-02	  -6.0045632937658452e-02	  -1.6780362068118670e-01	  -5.3447361544368098e-02	  -2.3232801771397182e-01	  -3.0884301839437973e-02	   8.6692322766223819e-03	   1.0295606193031828e-01	   9.1583520756367914e-02	   1.5122475706933208e-02	   5.2397824868333373e-02	   3.7411671718569524e-03	   5.4599876010621280e-02	  -1.3185843903606653e-01	   1.4672115760561674e-01	  -1.0631869452846542e-03	  -2.8785438354109637e-02	   1.5275890763769263e-02	   2.9043967809387877e-01	  -4.0904793364216027e-02	  -1.5126293520183764e-01	   1.8998074429366357e-01	
   2.1286406824710599e-01	   3.2243880811618031e-01	   3.9599686429733388e-01	   6.7433573964439497e-01	   3.2357825905841346e-02	   3.5234206379313326e-01	   6.1987858812433183e-01	   0.0000000000000000e+00	   1.1388300349687480e-01	   6.5390851155515051e-01	   7.7402764332699922e-02	   4.2872747077552886e-01	  -3.3817951462166512e-02	   3.3077097649024340e-01	  -2.9847452622507237e-01	   3.3316590095391299e-02	  -1.7275044224068677e-02	   1.3128536582586983e-01	   6.5416131196419244e-02	   3.5748739850502953e-01	  -7.5658766768105859e-02	  -7.0867165087840744e-02	   1.5465841268707484e-01	   3.5114712583544749e-01	   4.2798857006205154e-03	  -2.8168522397552638e-02	  -1.8970782670504921e-02	   4.3722395132549011e-02	   7.4863703758444020e-02	   7.6077821957046377e-02	   2.8161510061285810e-01	   3.6588914734395955e-01	   4.8699599138699456e-01	   5.1429146116220914e-01	   2.2477535825925377e-01	   2.9330679302465590e-01	  -3.4837795252762338e-01	  -4.5927046718406561e-01	  -2.8306356244255225e-02	  -4.0947072141019952e-01	  -3.2790571869777185e-01	  -3.3673142196197131e-01	  -4.8349480489585893e-02	  -1.6592850446857754e-01	   2.1515747017502829e-01	   1.6416243262210456e-01	   1.5187254304796494e-02	  -1.3763644320414986e-01	   2.1462552498294579e-01	   1.7950873270670120e-01	   3.1335338134766788e-01	   2.0835006446589313e-01	   1.2320777917184658e-01	  -3.5971780265181046e-02	  -1.1109542204409038e-02	  -4.2081365290010397e-01	   3.9643622600820508e-02	  -1.1711016980794003e-02	   2.6844034701788788e-01	   4.8247491435332590e-01	   2.5584543694084194e-01	   5.7814068088969262e-01	  -2.2680354553361017e-02	  -2.9215288018354942e-02	   2.1037880742323387e-01	   5.3575237147138410e-01	   5.0818841983008434e-01	   5.4477315580565810e-01	   3.1081736782669550e-01	   1.9767601385659150e-01	   6.9095712811878818e-02	   1.2557336636277738e-01	   1.3555077038083502e-01	  -1.7506472371552695e-01	   3.0451443678165151e-02	   5.5119852541542294e-02	   3.1346837835181418e-01	   1.7052762810088917e-01	  -7.3825234345994084e-02	   6.6222045161482612e-02	   1.5710031028963678e-01	   2.3546333181066526e-01	  -1.3035015529619726e-01	  -1.1653028380665914e-01	   3.8628101464321177e-02	  -1.3116667428782322e-01	  -1.0287405417882900e-01	  -3.9317222268783569e-01	  -1.2424708844587320e-02	  -2.6875597813015206e-01	   3.8482160365104495e-01	  -1.6383104661446735e-01	   4.5827192447707926e-01	  -6.8836550139996372e-02	   4.6011832560797356e-02	  -3.4130755450240802e-01	  -2.2718552804083279e-02	  -3.2631138555974443e-01	   6.5916687587617873e-02	  -3.2430818419528640e-01	   5.3858276002197536e-01	  -9.5788285421516614e-03	   3.7133193331915859e-01	  -1.5510654413664784e-01	  -2.9951875634664296e-02	  -2.7972992248430328e-01	   9.2720762325332245e-02	  -3.3438680167482299e-01	  -4.0515488840013596e-02	   8.4599625205787413e-03	  -1.4334266964454068e-01	   6.0304087534528539e-02	   2.5140496485702246e-01	  -5.6573218162281932e-02	  -2.3718853474845680e-01	  -2.7781486101505888e-02	
   3.3884683402247096e-01	   1.9218327723482007e-01	   4.2865624249251405e-01	   1.8533468966928981e-01	   6.6827721486480729e-01	   2.0660830558865695e-01	   5.4541045662471332e-01	   1.1388300349687480e-01	   0.0000000000000000e+00	   5.1783226349095357e-01	   3.8866196996552382e-01	   2.3114926439230632e-01	   6.1866449070796525e-01	   2.3302364724698707e-01	   6.0078357675686167e-01	   5.3132322877917293e-01	   9.6665882471111769e-02	   6.2511401982840303e-02	   3.1288931140625481e-01	   4.2817614277666594e-01	  -2.2713260193545312e-01	  -1.9590385676825225e-01	   4.6536260762699466e-01	   4.4472899959531609e-01	   7.2349857437477613e-02	   3.4583790128194618e-02	  -7.7079211920515700e-02	  -7.2373304453844822e-02	   3.6871584084296499e-01	   1.4363634151300178e-01	   5.4705478513949496e-02	   8.5676981322430776e-02	   1.2432009535821148e-01	   1.1894700559529654e-01	   1.7933022931180836e-01	   2.1622038277083433e-01	  -2.8561830341649282e-02	   6.9577142824821914e-02	  -1.6696369888633880e-01	   7.0978251178452800e-02	  -1.3787205956963217e-01	  -1.4180950383888427e-01	   2.2250132444677817e-01	   2.9887767727608577e-01	  -6.0315958540158816e-02	  -2.2203697599766113e-02	   1.6965496891078552e-01	   3.5268020061275646e-01	   3.2420961282156914e-02	   4.6761126154960177e-02	   2.2383212275825634e-01	   5.7126683322334275e-02	   2.1410263147454081e-01	   3.4935977459006473e-01	   7.6849389293431755e-02	   2.0350455805777282e-01	   1.3826201677238736e-01	   5.4898523531707599e-02	   7.5403409794468176e-02	   1.0090858150828438e-01	   1.7746008616855341e-01	   1.1182191180545931e-01	  -1.2795125576282701e-01	  -2.9430890095987883e-01	   4.5648653791839072e-01	   1.8598963300354221e-01	   2.7563905999604610e-01	   2.0173297371306492e-01	   5.6180386666953641e-01	   2.1706041898082545e-01	   2.0369059194751887e-01	   1.8717252537345436e-01	   4.2623590102926118e-01	   6.2297187924937755e-02	   6.2943622114794234e-02	  -7.1751969418902994e-02	   5.2181773527778996e-01	   3.7037989445344432e-01	   6.8066781161578386e-03	   1.1397961120516870e-01	   2.8424124053286048e-01	   2.9991128803541506e-01	  -7.1326007221871029e-03	   2.0074018951606026e-01	   4.7695412822732103e-01	   4.2882319086114606e-01	  -1.7802531622506701e-01	   2.2120558468128604e-01	   3.2362431877755338e-01	   3.1951729183366140e-01	  -1.1647693301354857e-01	   1.8503569203850162e-01	   5.5707918943897266e-03	   2.2381694988955331e-01	  -1.7722309107239237e-01	  -3.3220765698208268e-02	  -1.5144963789944244e-01	   9.3237423600053146e-02	  -1.5557576187107414e-01	   2.0587160721488285e-01	  -3.1804264163105944e-01	   7.1884943310647986e-02	  -1.3545994321250293e-01	   1.1501981105673859e-01	   1.5396886400885024e-01	   1.1513783552801030e-01	   7.5452883797377607e-02	   8.1252408985986527e-02	  -2.8638440995337938e-02	  -1.4633975663698195e-01	   2.3438790670498783e-01	   6.1285936435126354e-03	   6.1299513235319944e-02	   9.8331280758896217e-02	   1.9210146194556138e-01	   3.9501760745124082e-01	
   2.7287330334796228e-01	   1.7161698519168095e-01	   2.5354240146488854e-01	   4.1646147069831274e-01	   3.6287806000789646e-01	   4.8420116182579442e-01	   4.3773730825939250e-01	   6.5390851155515051e-01	   5.1783226349095357e-01	   0.0000000000000000e+00	   1.6889284373198138e-01	   4.1572320441377419e-01	   2.1113564839995658e-01	   4.5976744590335661e-01	   2.4874199987371107e-01	   5.7614685787579512e-01	  -1.2466204467093600e-01	  -1.2816052529021241e-01	   3.4333329878548663e-01	   4.8330311089893890e-01	  -1.7088727152339095e-01	  -1.2740999894042568e-01	   2.5538408328472034e-01	   4.2795503273792507e-01	   4.2841602352873605e-02	  -4.0882680792019288e-02	   2.1702263100158912e-02	   5.5346399528811853e-02	   2.0810530079130729e-01	   8.3250030928232535e-02	   1.4473102950191266e-01	   1.2486577244861352e-01	   3.1010895042897940e-01	   3.2538021199165190e-01	   9.4948994964891384e-02	   2.2648716702294114e-01	  -3.2313549743952119e-01	  -3.7495228846082473e-01	  -1.3701118377504146e-01	  -2.9799284277195270e-01	  -2.4749124267110356e-01	  -4.0063268563784682e-01	   2.0218865908525427e-01	   1.9664361687709420e-01	   1.6039884445810593e-01	   1.2297470732514849e-01	   1.7387828627218138e-01	   1.8004293941306759e-01	   2.7084519390244904e-01	   2.9726756511284252e-01	   2.7742944364309341e-01	   2.2923715199479602e-01	   2.5183310543785714e-01	   1.5845599017997081e-01	   1.3326196414606450e-01	  -2.5237498930313790e-01	   7.0018858017600822e-03	  -1.4817912342207251e-01	   3.1347235798245082e-01	   4.9028045273834114e-01	   2.8502199732235411e-01	   5.8714668773320700e-01	  -2.0139510331102892e-01	  -2.1114629012461084e-01	   1.3184016333652496e-01	   3.7883451691869230e-01	   3.9256478692089769e-01	   3.8612668918976689e-01	   4.4249898344775129e-01	   1.1841226329340625e-01	   7.1266397708693516e-02	   3.9143432082355004e-02	   1.0746727874299486e-01	  -1.9181124509964309e-01	  -2.2084583713752592e-01	  -1.7218911111310992e-01	   2.6173102117187197e-01	   1.6348758031501698e-01	  -2.2656275521234515e-01	  -1.6496964657836977e-01	   1.1996198515978784e-01	   3.2830801583660738e-02	   4.3402293629501196e-02	   1.2802778900204012e-01	   8.8630598043060005e-02	  -4.9763762136717633e-02	  -1.2445654395120670e-01	  -2.2106600364878615e-01	   1.7340719811608682e-01	  -1.2455469061620245e-01	   1.8817803988003398e-01	  -1.5043037941637907e-01	   3.1282019220466017e-01	  -1.0356844311268926e-01	  -7.9029753663015498e-02	  -3.1968930962831710e-01	  -8.1968045652780736e-02	  -2.4497793132236334e-01	   7.6515187430173895e-02	  -1.3293482964569575e-01	   2.8580079357354737e-01	  -1.1979009057403084e-01	   1.7615552596129211e-01	  -2.0113886163285852e-01	  -1.0782137880037559e-01	  -3.5757961750363237e-01	   1.3717718594967090e-01	  -2.1456268259343886e-01	  -2.0575110866578278e-01	  -2.3737592113050077e-01	  -4.2810974216975058e-02	  -1.3709690507493058e-02	   1.4579686839576983e-01	   5.7765216765975000e-02	  -2.6645053997331636e-02	   2.0173571779146576e-01	
   4.3057239743102416e-01	   1.4181777900371467e-01	   1.0806621796851770e-01	  -2.2568279168668337e-01	   1.8924592266702467e-01	  -1.3424162774180648e-01	   3.7642434185964679e-01	   7.7402764332699922e-02	   3.8866196996552382e-01	   1.6889284373198138e-01	   0.0000000000000000e+00	   6.2985992130068291e-01	   8.3144998435534023e-01	   6.3072290165312184e-01	   2.8210854616048509e-01	   3.0856551413521272e-01	   1.6355086331797197e-01	   1.5580197279624489e-01	   1.2852704310751359e-01	   2.9397605705700708e-01	  -4.1901249172291638e-01	  -4.9092003207681573e-01	  -5.5207662830636786e-02	  -2.0149318175250605e-02	  -3.2465604976550477e-01	  -2.7932462996347995e-01	  -3.2648058984222217e-01	  -3.0258347922872458e-01	   1.5822053588824853e-01	   1.4486444407293825e-01	  -1.5039324390905540e-01	  -1.3463931799590964e-01	   7.0526890154165760e-03	   1.4282440145724440e-02	  -1.4232812693436453e-01	  -1.0497807903862119e-01	  -2.9160108263705986e-01	   1.0466753204452170e-01	  -3.2873525250695690e-01	   1.5371424072997886e-01	  -3.2877074155912900e-01	  -7.9257247082357930e-04	   9.1768905280407029e-02	   6.6721629915244621e-02	   1.3695800753559762e-02	   1.0772813809423197e-01	   3.4767120163545863e-02	   2.9605250977347253e-01	   2.6996115001142817e-01	   3.0752939106048394e-01	   4.1725242287534414e-01	   1.6330894250364802e-01	   4.6505073979356537e-01	   2.8638895941009418e-01	   1.5625064175880385e-01	   2.7111080376591479e-01	   2.8554692698447226e-01	   2.5563112563680834e-01	   5.6824480541519429e-01	   4.5166030472088725e-01	   6.8077065908587708e-01	   3.3840349626680077e-01	   4.4535232594850394e-01	   3.1978318690915797e-01	   1.1111337459517676e-02	  -2.2034428462386396e-01	   2.6727160386728765e-01	   1.6324765789841097e-01	   1.9546973566280007e-01	   1.1406178089915013e-01	  -2.6120410525699761e-01	  -1.5176725509903527e-01	   2.9085294559965924e-01	   8.7051252852018812e-02	   1.3489874569921326e-01	   6.7130808778312128e-03	   1.7571650146319517e-01	   1.0537340619812288e-01	   6.0652831358379213e-02	   1.6449868574559556e-01	   1.3798805658790214e-01	   2.3953514930203895e-01	  -2.3501921669471329e-01	   1.1232522930890074e-01	   7.4073941323087589e-02	   2.6158819178853815e-01	  -3.7227910884975279e-01	   1.9160763442927897e-01	   2.3634663488513549e-01	   4.4312890177924330e-01	  -1.7939833494669710e-01	   1.4915608434717764e-01	  -1.9586132144789759e-01	   1.5683086083067110e-01	   8.0000300900575694e-02	   2.8241735649205268e-01	  -7.0564401636680082e-02	   2.7607026286470987e-01	  -1.4564786451285336e-01	   2.7814706510608700e-01	  -1.3621035870134673e-01	   9.8808099181696470e-03	   7.3205582519417833e-02	   1.4867384916578025e-01	   5.1434562767150888e-02	   1.7299098354394782e-01	  -5.9739031342117901e-02	  -3.3379599752056198e-02	   3.4607366437488907e-01	   9.0995065702009659e-02	   4.2338570820906536e-02	   1.9949990634545115e-02	   1.6425570524114744e-01	   1.2583479461579777e-01	   1.7725666886256469e-01	   3.1288512234313087e-01	
   3.9676730156001006e-01	   2.7015539492578033e-01	   1.0048491505649053e-01	   6.0984693806942554e-02	   1.0329195526345314e-01	   1.9072276884392225e-01	   3.7201948304326543e-01	   4.2872747077552886e-01	   2.3114926439230632e-01	   4.1572320441377419e-01	   6.2985992130068291e-01	   0.0000000000000000e+00	   3.9768189666177051e-01	   8.2422499652292858e-01	   7.1588481729024683e-02	   4.3074799092781563e-01	   9.1338040365078324e-02	   2.2418725844859672e-01	   2.5750896571987802e-01	   3.6127046350460562e-01	  -2.0471478107916224e-01	  -2.8940966220663633e-01	   2.4549383869953187e-02	   1.9102326947778897e-01	  -3.0783143456288470e-01	  -1.3630266352970202e-01	  -3.5281771124921635e-01	  -2.3168837303057566e-01	   1.9348862040879400e-01	   2.5848801672627347e-01	   7.4636293627749081e-02	   1.4152693288027252e-01	   2.6285014718762550e-01	   2.8492329146572926e-01	  -3.7157061166405998e-02	   9.6012518529134616e-02	  -3.3394301071372245e-01	  -4.5090312405084904e-02	  -3.1155855548067574e-01	  -1.5860541648057235e-02	  -2.3162683761022654e-01	   1.0071987935572996e-01	   1.0978373236475565e-01	   4.7699346768746147e-02	   2.2659082359669167e-01	   2.5878655143173779e-01	   8.5889935984969801e-02	   1.9775813420182239e-01	   4.1803008290274229e-01	   4.1514352212481342e-01	   3.8317808692420519e-01	   3.3486976198003310e-01	   3.8480035539682678e-01	   3.0780262021898336e-01	   6.8478284441356896e-02	   5.9326248569217532e-02	   3.0652977745319077e-01	   2.2603526227617793e-01	   4.4139097433227520e-01	   5.1671185589682067e-01	   4.8893370512894896e-01	   5.2992962194013293e-01	   4.8981866469297203e-01	   4.0445288975030502e-01	   4.2447355111794330e-02	   8.7082549727443198e-02	   2.8115461034539091e-01	   3.2361472133494124e-01	   2.6618329952728670e-01	   1.7268354292943344e-01	  -2.6956660388724674e-02	   6.7210874362694156e-02	   3.7735490908977670e-01	   2.4188275136232884e-01	   1.7402493187268439e-01	   1.7610250331800367e-01	   2.1644932245128348e-01	   2.1816038263345083e-01	   4.3934926279863951e-02	   7.7112696905935627e-02	   1.8045788659779177e-01	   2.5108353494112934e-01	  -1.4577743798258955e-01	   2.6163825060727008e-01	   3.6804455369449901e-02	   1.5214854478083484e-01	  -2.4466655668520221e-01	   8.7259091386556152e-03	   1.1777590079932057e-03	   1.7494667879701475e-01	   4.7855394224766014e-02	  -4.2765717736988521e-02	   1.0303773250460761e-01	  -2.1867748611901362e-02	  -5.5522871455594744e-02	  -3.3269350017851246e-03	  -2.1224931306860836e-01	   8.8176934397644430e-02	  -8.3012069253296128e-02	   6.2992357760577031e-02	   1.4982928719750654e-01	  -5.2354854665181194e-02	   1.8975064146210668e-01	  -2.2813536072292785e-02	   3.8370327096538558e-02	  -8.8726662473528617e-02	   3.7671721166029251e-02	  -3.5562174979814865e-01	   1.8050234933553291e-01	  -5.3317516426197489e-02	  -5.2192001846587746e-02	  -6.0595959347568958e-02	  -1.8690002600738300e-02	  -6.4459688577272439e-02	   2.2307451798639888e-03	   1.9694526282974301e-01	
   3.1714576131996908e-01	  -2.2144023290949347e-02	   1.6590105775596092e-01	  -2.6593219259190309e-01	   3.3564440682209479e-01	  -1.3375577048663212e-01	   4.7559607402178677e-01	  -3.3817951462166512e-02	   6.1866449070796525e-01	   2.1113564839995658e-01	   8.3144998435534023e-01	   3.9768189666177051e-01	   0.0000000000000000e+00	   4.7214809111386696e-01	   4.3473896849193239e-01	   3.6318584420396360e-01	   6.6693977264573490e-02	  -4.0438020281052298e-02	   2.3581710509465351e-02	   1.6995035295386826e-01	  -4.3826633167583628e-01	  -4.7213998690321152e-01	   6.1078674234791394e-02	   2.3975044209150281e-02	  -2.5740590003352987e-01	  -2.6360403056263337e-01	  -3.2972253254257688e-01	  -3.1660295684001344e-01	   1.4061534984307317e-01	   4.9065708683428133e-02	  -1.9681095254291195e-01	  -1.8111940554858955e-01	  -1.2583398928188505e-01	  -1.1202915273240741e-01	  -1.3709159594676218e-01	  -1.0550937014806661e-01	  -1.3004183498964070e-01	   2.0051001880481661e-01	  -2.5480126618968973e-01	   2.4503673603243842e-01	  -2.4976769258768478e-01	  -5.2790708685651264e-02	   2.9369827421225667e-02	   8.4433391810848996e-02	  -1.4906170882845354e-01	  -8.8021698433644838e-02	  -3.4247464798171492e-02	   2.7664091445561395e-01	   3.2829267792083082e-02	   7.5535206516547687e-02	   2.3497053595603778e-01	  -7.7359712705829288e-03	   3.1473741623682938e-01	   2.9022766721622323e-01	   3.3998121478203552e-02	   3.4201471050553173e-01	   1.2636246461917008e-01	   4.6030686071284528e-02	   3.0549445807456216e-01	   2.3137772564324444e-01	   5.4728744156850362e-01	   1.9779115234669395e-01	   1.4792788473435384e-01	  -5.1329421351649383e-02	   1.2109563597129702e-01	  -1.9289505817560987e-01	   9.0350347149071183e-02	  -3.4207877988956997e-02	   2.1986461555118048e-01	  -3.1140881804259390e-02	  -1.0392375846894361e-01	  -1.9072318985072578e-01	   3.5094657199130946e-01	   1.5432193348606198e-02	   1.2944114233861492e-01	  -1.5267267125653566e-01	   2.5031730260436108e-01	   7.7005172691011592e-02	  -3.1429077858982607e-02	   1.0155274432461200e-01	   6.0071456402170320e-02	   1.2031931439497784e-01	  -2.7233150465755235e-01	   4.0550197492487824e-02	   1.7768698053983081e-01	   3.1834434203564049e-01	  -3.7870000346205412e-01	   2.5088613629186651e-01	   2.8547621125473466e-01	   4.9932537984439673e-01	  -2.9842993512693050e-01	   2.2298127021785044e-01	  -2.5823429166933187e-01	   2.1179062019035585e-01	   5.1820548608282072e-02	   3.4443034905240399e-01	  -9.9984110324278869e-02	   3.2183650617158366e-01	  -2.9058913640433259e-01	   3.0012693237185117e-01	  -3.7194609374924681e-01	   1.4732479241812738e-03	  -1.4920900059547754e-01	   1.4119838932392381e-01	   2.2807767758456811e-02	   1.3773635335925760e-01	  -1.2821408569990711e-01	   2.0180340746749642e-01	   2.5526633872855936e-01	   6.4874810391599896e-02	   6.0882432061477462e-02	  -4.8046452066794414e-02	   1.1881150431533416e-01	   1.2663200312031395e-01	   1.6940176737911275e-01	   3.1605095168473907e-01	
