   0.0000000000000000e+00	   7.6782445748723616e-01	   6.3797864859902909e-01	   7.1239721725925165e-01	   3.8336707790233704e-01	   3.6189082073472323e-01	   4.6312445413136583e-01	   6.1194063519547293e-01	   3.5377937874773735e-01	   3.0298010734313174e-01	   6.0967863564793390e-01	   6.8855262097173919e-01	   5.5823322208155735e-01	   5.4188191216527271e-01	   5.0979277756128227e-01	   4.2550636488173377e-01	   4.8059997281189842e-01	   4.1556402655179892e-01	   7.9883601471306287e-01	   8.2666983675753414e-01	   4.5912737247484703e-01	   3.5068072334178219e-01	   4.8791375635363254e-01	   5.0598239738835327e-01	   4.1576241020009669e-01	   4.0446073188343834e-01	   3.2414507510769108e-01	   2.8895385571357074e-01	   3.7769360682503100e-01	   4.3168184743499965e-01	   4.6972946651757974e-01	   5.2137607999310553e-01	   6.8734791002104823e-01	   6.6270323007346943e-01	   3.5769774995201792e-01	   4.6469299537247710e-01	   1.2366817299570862e-02	  -1.8665332309984399e-02	   3.8397115837662421e-01	   2.5947765613285972e-01	   4.3071652508205693e-01	   1.7803494548692766e-01	   5.5343984713146321e-01	   4.0388889918595128e-01	   3.3147050090924657e-01	   3.2165001286262357e-01	   6.3586027217376340e-01	   5.6623547705864363e-01	   4.4913420183180663e-01	   3.8134468749857925e-01	   4.2526023896985854e-01	   3.9831664754183405e-01	   4.8793330323243211e-01	   5.2508170747685501e-01	   6.8534447748369032e-01	   7.2707007341409879e-01	   7.7722701969697172e-01	   7.7056260815839006e-01	   6.3057682311419783e-01	   6.4906147293724326e-01	   5.6229649950828720e-01	   5.9453679087510669e-01	   6.0441596330086234e-01	   6.5397532043802209e-01	   2.3315402115772199e-01	   4.1672173833165460e-01	   5.9507645955260968e-01	   5.4570961882029667e-01	   6.7772417869556034e-01	   7.2261809154713619e-01	   1.5899179084071074e-01	   1.6151712010336788e-01	   6.1796595849085356e-01	   5.5034521897241329e-01	   5.9935056986294977e-01	   5.3741020559845776e-01	   6.2007009566155569e-01	   5.9314456193500420e-01	   4.8892201698514615e-01	   4.3810645424146566e-01	   7.0887666615539469e-01	   6.6273223827747874e-01	   5.3385255014274957e-01	   5.2192600157504176e-01	   4.9169224529467537e-01	   6.9301222682293395e-01	   4.2803695748182868e-01	   4.3655534475924851e-01	   4.3345017396958796e-01	   5.2797663234494563e-01	   4.8674509836050661e-01	   3.6662264827296670e-01	   4.1695980991007942e-01	   3.0405130961527926e-01	   4.5009797298074350e-01	   3.8891885279635308e-01	   5.6709292719866711e-01	   6.4323899366753223e-01	   7.1679377803050470e-01	   7.1105958891429055e-01	   2.8797741747480515e-01	   3.5047209541467311e-01	   3.1036762493022452e-01	   2.3360008923391010e-01	   1.9175060603134897e-01	   5.8605854585633908e-02	   1.1113994682805765e-01	   2.3190076051457340e-01	  -6.5058985012692765e-03	   8.3830992978507171e-02	   6.0807483793113293e-01	   5.9104189497830539e-01	   6.6039818042431164e-01	   5.8580033528590347e-01	   3.5879580618418838e-01	  -1.3350836710399744e-01	
   7.6782445748723616e-01	   0.0000000000000000e+00	   5.7615367395050132e-01	   7.4490081801666586e-01	   4.5448270831935222e-01	   4.3162361169434305e-01	   5.3484871663769507e-01	   6.6362512324657863e-01	   3.8553178670558114e-01	   3.0050849034829280e-01	   6.6176812655208461e-01	   6.4544743352770406e-01	   6.5814583737452204e-01	   6.5404369419889063e-01	   5.5668734818239218e-01	   4.4915272695290276e-01	   2.5817024558484691e-01	   3.2794892440025319e-01	   7.1047338855633191e-01	   8.1529830246742918e-01	   5.5317221746891554e-01	   4.7475615265014481e-01	   5.9611550724795737e-01	   6.1431773241939769e-01	   6.2574143377718749e-01	   6.2463237794371329e-01	   4.1263624822334311e-01	   3.6093647079447333e-01	   2.8561906953127253e-01	   3.4802025822100352e-01	   6.8243351818526576e-01	   7.1307376185888049e-01	   7.5407014051348775e-01	   7.5906823301997850e-01	   5.5087564181489457e-01	   6.5768992568191764e-01	   2.4521850137874898e-01	   2.8542768350669590e-01	   5.8767362007896584e-01	   4.7370567649593165e-01	   5.4317036649463568e-01	   4.3426583120266959e-01	   7.6147500414448333e-01	   7.5941230712757080e-01	   5.9619889544630067e-01	   6.4001129279308033e-01	   8.2297491617414709e-01	   7.8331387226483717e-01	   7.0057439659168752e-01	   6.3321608549950348e-01	   6.6391706535820072e-01	   6.3114483345136474e-01	   6.4034041564519539e-01	   5.9117552571395993e-01	   7.1394683449381635e-01	   7.9360097390024642e-01	   6.3227567208061075e-01	   7.4249818133707612e-01	   6.1555128331164433e-01	   6.5127388439638589e-01	   5.1635844246663798e-01	   6.1004402587687201e-01	   3.4760243222948056e-01	   4.5833917650490080e-01	   3.5484399538704203e-01	   4.7626869310736608e-01	   6.5450220456972708e-01	   6.2038085017202360e-01	   6.6699429916497266e-01	   6.8247225720817628e-01	   3.4534789751999073e-01	   3.6475025970269470e-01	   6.1204492028441582e-01	   6.0074438961337784e-01	   6.6350659260265465e-01	   5.5384147110592230e-01	   6.1669542818185685e-01	   6.7932323275973938e-01	   4.5410727033242498e-01	   5.4793214009459379e-01	   6.5728573973161453e-01	   6.7056689024811988e-01	   6.1062886922030857e-01	   5.1381440543756263e-01	   6.2397094646781348e-01	   7.3954245480906489e-01	   4.3229652037521116e-01	   4.2367948487733398e-01	   3.7740804081409668e-01	   4.4933235757175810e-01	   3.9691428309226395e-01	   2.2790437861549856e-01	   3.2285710943554785e-01	   2.3727002199360053e-01	   5.3328762717376121e-01	   5.1160189070935069e-01	   7.5852124477919813e-01	   6.8847001292288845e-01	   6.6004754442722680e-01	   5.9300137490942506e-01	   2.4364365345711397e-01	   2.4847037285160717e-01	   2.3916029421955756e-01	   7.1609757498298468e-02	   3.5679671646103084e-01	   3.0577072427690477e-01	   6.3284052636002647e-02	   1.1600051530678926e-01	  -1.0275724757884616e-01	   5.1558758017764611e-03	   6.6634846506959189e-01	   6.2246920758178825e-01	   5.8831529023001050e-01	   4.3439152612820076e-01	   3.7876886159385675e-01	  -6.8948476546742993e-02	
   6.3797864859902909e-01	   5.7615367395050132e-01	   0.0000000000000000e+00	   8.9161304568109045e-01	   6.5113810557855434e-01	   5.5505638251717437e-01	   7.9687804288807773e-01	   7.0453058845196825e-01	   5.8687710833451967e-01	   4.9008611450528788e-01	   7.0454540592642656e-01	   5.8125232827230455e-01	   6.5948197959715893e-01	   5.5719652042721723e-01	   6.9879808531189114e-01	   6.2511099071533649e-01	   4.6389164537278760e-02	   1.1770217389916754e-01	   8.1751844307006905e-01	   7.3205569831482464e-01	   4.9053225629010583e-01	   4.6839828081056795e-01	   8.3177630006282199e-01	   8.4433272399626558e-01	   5.6983208308719435e-01	   5.8915821801317236e-01	   4.8524076867874916e-01	   4.0776499112960896e-01	   1.1652462476981004e-01	   1.5214716182437210e-01	   4.6111709155239250e-01	   5.6774777890245265e-01	   6.5966557069281917e-01	   6.3519296359566091e-01	   6.9842141402304236e-01	   6.3410376132679391e-01	   1.6640137752609746e-01	   2.0549399416410719e-01	   3.5778833308266206e-01	   2.2036026604969716e-01	   3.9768907263606385e-01	   2.5135618720119213e-01	   4.5740170100661415e-01	   5.1834085578084088e-01	   1.6632767543453295e-01	   2.7194449057738646e-01	   6.1562298818102112e-01	   6.3842481884491831e-01	   1.6903840938316689e-01	   2.4682467693445376e-01	   4.5448734171115490e-01	   4.1037984139345046e-01	   6.2936379626034267e-01	   6.9062389502813337e-01	   6.1405254946305265e-01	   5.8933019740370507e-01	   3.6853528454084994e-01	   5.2006508665879725e-01	   4.6959954366529594e-01	   4.7151602735058662e-01	   3.8127494582937271e-01	   5.9294639230493340e-01	   1.6247623018679355e-01	   2.4151810364946227e-01	   6.4952570760373174e-01	   6.6995031651760839e-01	   6.9579237181506104e-01	   5.8532968661844464e-01	   6.7454981719362850e-01	   6.9397215109602095e-01	   6.3672007690456278e-02	   1.4879030961017004e-01	   3.8766943528378439e-01	   4.8493579266654091e-01	   4.3069626374353143e-01	   5.1689982418652092e-01	   5.3687943643202685e-01	   5.6880720736466672e-01	   1.9770592862455755e-01	   3.4199053367737031e-01	   4.3197575812488892e-01	   6.0922454898372391e-01	   5.7552615646449556e-01	   6.5784833630032891e-01	   7.5271706391511617e-01	   7.5796312368697105e-01	   3.7014685760130578e-01	   4.3519363533883532e-01	   5.0413956856279041e-01	   5.3622838755724644e-01	   7.6813189239475044e-01	   6.9242667113312806e-01	   6.1863131192750453e-01	   6.7735825088695045e-01	   3.1921281665487589e-01	   3.6398030696673817e-01	   4.9779467244529818e-01	   4.9773711094259299e-01	   6.7780178325296969e-01	   6.9569159857211915e-01	   1.8187095053032656e-01	   2.9569524804638470e-01	   1.3758762692169721e-01	   2.0650415539243204e-02	   1.9744021340287313e-01	   1.1373062390706207e-01	   1.3763694927896958e-01	   2.0090594116285104e-01	  -7.2758591253082899e-02	  -1.4789834931647417e-02	   6.7607027272406872e-01	   6.2026970092861677e-01	   6.5894936900460455e-01	   4.4938955252702584e-01	   4.4643061269756501e-01	  -1.7610514516429121e-01	
   7.1239721725925165e-01	   7.4490081801666586e-01	   8.9161304568109045e-01	   0.0000000000000000e+00	   6.1658944948498096e-01	   5.8583753208405409e-01	   8.3158616721899059e-01	   8.7194397647538624e-01	   5.7602394607280627e-01	   4.6103733723266060e-01	   7.5063676159842063e-01	   6.4462780856442237e-01	   6.9292199987008096e-01	   6.3230979236714835e-01	   6.4709833677891704e-01	   5.8466153756073791e-01	   1.3499077204636412e-01	   1.9021654219995540e-01	   8.1953674025716594e-01	   7.9598697698392218e-01	   5.0493258017212950e-01	   4.6416175888625977e-01	   7.9023624094651268e-01	   8.3088359116096633e-01	   5.8149654173212517e-01	   6.5106265691370502e-01	   4.4481101146841695e-01	   4.0137608958659687e-01	   1.6949526426588593e-01	   2.4489474871667327e-01	   5.4567490456540402e-01	   6.8494330893794331e-01	   7.9814930654268856e-01	   7.9197653781958444e-01	   7.0195911248379728e-01	   7.2350208638460400e-01	   2.0561797421281505e-01	   2.1598061825842471e-01	   4.7570305535097895e-01	   3.4921440624750399e-01	   4.7309040343501785e-01	   3.4944827819572910e-01	   6.3637119180237711e-01	   6.4966266904493186e-01	   4.1598647378707565e-01	   4.8481333637575486e-01	   7.7150235842712933e-01	   7.5693411322403725e-01	   4.9656628280797144e-01	   4.9444943246309780e-01	   6.2005667335482328e-01	   5.6822823874845174e-01	   6.5913844783641773e-01	   6.8009946792047482e-01	   7.1235137443690388e-01	   7.4335948083013503e-01	   4.6465814054691346e-01	   5.9089920906657578e-01	   5.7341715997860476e-01	   6.5019539949682525e-01	   4.7901395828193782e-01	   7.3186105430630910e-01	   2.1123568916112867e-01	   3.2190000878676006e-01	   6.0103336678418906e-01	   7.3686362658463467e-01	   8.1026708621539378e-01	   7.6465686890861029e-01	   6.6205447969438103e-01	   7.0891196110601984e-01	   1.8771184519680784e-01	   2.4019679035861655e-01	   5.1583994525328536e-01	   5.8214429363053344e-01	   5.4652865474831358e-01	   6.2514174171560433e-01	   6.1916168872737365e-01	   7.0515894325307804e-01	   2.9369638170509904e-01	   4.0628118778404820e-01	   5.2779871859183403e-01	   6.3477464689026364e-01	   6.1529615919110814e-01	   6.4662246656791678e-01	   7.3775947823512633e-01	   8.2569697319282565e-01	   4.5618454217156218e-01	   5.0582799650321064e-01	   4.7364364338322279e-01	   5.5085324402044888e-01	   7.4762885583073091e-01	   5.4322968244761571e-01	   6.5617954906586207e-01	   5.6557272677562609e-01	   5.0129079359762618e-01	   5.2204140696497237e-01	   6.8245537590920746e-01	   6.6573216661618861e-01	   7.8918323010929292e-01	   7.3093194500670811e-01	   3.5187458297847440e-01	   3.7768443642373584e-01	   3.0337950653395762e-01	   1.0407289947380513e-01	   3.2764270529785477e-01	   2.5787613728006498e-01	   1.7658316517689027e-01	   2.3458171030306502e-01	   7.9899757658552090e-03	   3.3220556323463675e-03	   7.6406588880432946e-01	   6.9065592445928903e-01	   7.2695241313900261e-01	   4.9479622725936989e-01	   4.2775492970302065e-01	  -6.3794288401853749e-02	
   3.8336707790233704e-01	   4.5448270831935222e-01	   6.5113810557855434e-01	   6.1658944948498096e-01	   0.0000000000000000e+00	   8.8600735597678859e-01	   7.2124530871775328e-01	   5.8215241095681891e-01	   8.9680180666345821e-01	   8.4329618158724773e-01	   5.1193305990793003e-01	   3.6349565173202608e-01	   6.0396719035088176e-01	   5.5721049851715521e-01	   8.4567789013013295e-01	   8.3092187960913977e-01	  -2.8043822309343541e-01	  -1.8952416951978096e-01	   4.6693981188342998e-01	   4.0862677815786014e-01	   7.6264400308554126e-01	   7.4973580737489232e-01	   6.7954689720819716e-01	   6.8260249212247615e-01	   6.7495790806576106e-01	   7.1560623633277765e-01	   8.4323846891564758e-01	   7.9729761424727408e-01	  -1.6084869730581100e-01	  -1.8413921515495746e-01	   3.9536716615420131e-01	   4.2082693058295872e-01	   4.1397780049009875e-01	   3.7844903721700673e-01	   4.8397578427470445e-01	   4.8603708153500036e-01	   1.0839836201508944e-01	   1.3922230684044187e-01	   5.8496188227294565e-01	   4.7094646514954908e-01	   5.0546691585985526e-01	   2.9510712621385110e-01	   2.5754873712972898e-01	   3.8427752969322476e-01	   8.6649986028144693e-02	   1.4020030073656539e-01	   5.8273448321749466e-01	   5.4447464979369353e-01	   1.1505168487543649e-01	   1.4755504095218133e-01	   3.8580023793676105e-01	   3.5592184391485687e-01	   6.1448015368272157e-01	   6.1417235199210918e-01	   5.6948718896244033e-01	   5.3929836857275659e-01	   7.4436770493685592e-02	   1.8830753553324620e-01	   4.2126901783576931e-01	   4.1626750997809292e-01	   3.7337826652143430e-01	   4.6200899706399856e-01	  -1.5158279024626797e-01	  -7.5753986351185493e-02	   5.8131543699396182e-01	   5.5482752184918427e-01	   5.8055945446775969e-01	   4.9201361505372859e-01	   5.0057600256364987e-01	   3.8376839313424443e-01	   3.0730424784709887e-01	   3.2200835912982850e-01	   2.8076180900442149e-01	   2.1980195756790283e-01	   3.2084683298319239e-01	   2.1017387877257801e-01	   2.6834292839698010e-01	   2.8417846306982947e-01	   2.3416352981116245e-02	   1.6231054448805984e-01	   2.5810199573125098e-01	   4.2938088822473985e-01	   7.1041503054733846e-01	   7.3783372256103918e-01	   6.8350063101119374e-01	   6.3469026997698741e-01	   5.8416057296168411e-01	   6.3544496820471408e-01	   7.1324972835790623e-01	   6.8586150607110352e-01	   6.2569288647900378e-01	   4.6935414507470441e-01	   6.6655756279274048e-01	   7.6325166633625385e-01	   4.6837001870913253e-01	   3.7379083973094174e-01	   5.1694714314577883e-01	   4.7375575088090960e-01	   4.5688452059397144e-01	   5.1622782740555284e-01	   3.7875604771429328e-01	   4.4568621050185320e-01	   2.4598893503995783e-01	   8.6576621209413316e-03	   3.4299283645539025e-01	   1.0422619088359439e-01	   1.7109828346313072e-01	   2.1774025266416042e-01	  -1.2677323226845316e-01	  -5.3512077564150731e-02	   3.7571862774224241e-01	   3.5584604887518723e-01	   6.2284115925347516e-01	   3.8411170628312796e-01	   4.4512098604434569e-01	  -1.3259088394164634e-01	
   3.6189082073472323e-01	   4.3162361169434305e-01	   5.5505638251717437e-01	   5.8583753208405409e-01	   8.8600735597678859e-01	   0.0000000000000000e+00	   5.3602901786043056e-01	   5.9402012528470194e-01	   7.8065322861454878e-01	   9.0914039247984524e-01	   3.5546674468791739e-01	   2.6292514143453793e-01	   4.4468677154618874e-01	   4.5362585422312207e-01	   7.5438541737368070e-01	   8.1527301816752418e-01	  -3.1841040230203421e-01	  -2.9221616545886564e-01	   4.6901698534786218e-01	   4.2507056029185686e-01	   7.6751360803478907e-01	   7.6722003382078507e-01	   5.5299705183944181e-01	   5.6900870983771357e-01	   6.4143922808659837e-01	   7.2989281337470213e-01	   8.7367306357457197e-01	   9.0617077433111426e-01	  -1.5664190779202067e-01	  -1.5636696129111127e-01	   3.8381723119831929e-01	   4.1042827033591212e-01	   3.6872597597716011e-01	   3.4224542481019882e-01	   4.4082336417858670e-01	   4.5141321548763513e-01	   8.0648787849922465e-02	   7.8734594205090991e-02	   5.6890157362588101e-01	   4.7744571141564435e-01	   4.4486152013309821e-01	   2.5153312163082175e-01	   3.3671122964539196e-01	   4.2131692370858753e-01	   1.9590399022400939e-01	   2.2238227284369846e-01	   6.1733975031565969e-01	   5.5568272434032040e-01	   1.9928587357905320e-01	   2.2208345154078424e-01	   3.7361476312969111e-01	   3.6242202518490418e-01	   6.1052486725663280e-01	   6.6238962009205005e-01	   5.7183103224937937e-01	   5.8019252445780900e-01	   3.6251833726066800e-03	   1.0419981938218820e-01	   2.7171257142514293e-01	   4.4366743114635343e-01	   1.9688828329100735e-01	   4.0758114395063222e-01	  -1.9608106987516699e-01	  -1.2186748211099388e-01	   3.9535312818565199e-01	   4.4969490101629073e-01	   5.4863257437705071e-01	   5.2475391599484267e-01	   5.2434978826181677e-01	   4.6927365377218488e-01	   1.8411556248301814e-01	   1.1713337930582436e-01	   2.0610705033708820e-01	   1.7567866780769117e-01	   2.8215708632767539e-01	   1.2006144359480470e-01	   1.4413163341939736e-01	   1.9360397927754361e-01	  -6.0600624533509409e-02	   6.5160773458147914e-02	   2.4466203197136099e-01	   3.5123292013817298e-01	   7.1030183162477212e-01	   7.0321081592236456e-01	   5.4167170587650892e-01	   5.6584721728851550e-01	   6.2176224134204616e-01	   6.5396731388385809e-01	   6.7799831121452869e-01	   7.2903019466804020e-01	   6.6253878390294141e-01	   4.3216314020895213e-01	   6.5223613827573157e-01	   6.7619945820094007e-01	   5.3483855126777591e-01	   3.9358085770066742e-01	   5.0423901598881293e-01	   5.2646241756179757e-01	   5.2561769439957051e-01	   5.5487691885169321e-01	   4.5339996902657953e-01	   4.3041242241735994e-01	   3.0865599982009317e-01	   5.2236460415641964e-02	   4.0077183335750510e-01	   1.7354977540496169e-01	   1.8259717178025925e-01	   2.1587757088230536e-01	  -4.8497897172361318e-02	  -4.1944110528141038e-02	   3.7313760489380599e-01	   3.8829220127969355e-01	   6.3428990312695921e-01	   4.3760562661361280e-01	   4.7429176660838990e-01	  -1.4512081201765570e-01	
   4.6312445413136583e-01	   5.3484871663769507e-01	   7.9687804288807773e-01	   8.3158616721899059e-01	   7.2124530871775328e-01	   5.3602901786043056e-01	   0.0000000000000000e+00	   7.8991377714321076e-01	   7.1942861942502923e-01	   4.9016332600340295e-01	   7.9407760806171013e-01	   5.9699645345652763e-01	   7.8254259882311161e-01	   7.0236510612891712e-01	   6.8383425601110459e-01	   5.9387506342150942e-01	  -4.1156998044681391e-02	   6.9942402160495562e-02	   5.2054103471535829e-01	   4.8420544490060802e-01	   4.7174581195863324e-01	   4.5765955269202396e-01	   8.0315164197304956e-01	   8.1384140354069112e-01	   5.6302134834123008e-01	   6.0102861866580115e-01	   4.3193445697159805e-01	   3.4281204131688436e-01	   5.9349587182567998e-02	   5.3845251295854121e-03	   4.7771167623049682e-01	   5.7115762378157175e-01	   7.2343130247206022e-01	   6.9695135333331315e-01	   6.7557875885540264e-01	   6.8696957013510462e-01	   1.7009234791860323e-01	   2.4715166532442157e-01	   4.7242202439663239e-01	   3.8074884015242533e-01	   4.6787863494950366e-01	   3.7443858822642073e-01	   4.1132148498459575e-01	   5.2988177937298198e-01	   2.1975090197407096e-01	   3.1582665263693777e-01	   6.1455915185872234e-01	   6.1377554802523293e-01	   2.9389885288989492e-01	   2.8555396736911348e-01	   5.7231896961933248e-01	   4.8964856265525103e-01	   5.8964734389707130e-01	   5.0718262451108254e-01	   5.7068156324201458e-01	   5.5340200791792071e-01	   2.8504593446572302e-01	   3.9690822521811142e-01	   5.4620161541541368e-01	   4.6640852686682976e-01	   5.7583091242335394e-01	   7.0936947722390675e-01	   6.8814176357270787e-02	   1.4438702506606940e-01	   7.8534482232192038e-01	   8.5766331590147304e-01	   7.5435299554342183e-01	   6.9929448283033280e-01	   4.2043235086780906e-01	   3.9424662740246796e-01	   3.0241019653050755e-01	   3.5845846112558177e-01	   4.5523330680055146e-01	   5.0429584673039507e-01	   4.2261919540072801e-01	   5.9326555930297820e-01	   5.3770765028148093e-01	   5.8529780028153477e-01	   2.1303122780825895e-01	   3.7802143831020263e-01	   3.5487669859374055e-01	   5.7507431741854953e-01	   5.4432146355309352e-01	   6.1025515018348653e-01	   8.1498043529793596e-01	   7.6786522796150702e-01	   4.1286019964529991e-01	   4.8214384896369927e-01	   4.9999998110179134e-01	   4.3316055966622435e-01	   6.0779774497195960e-01	   4.3846953733121896e-01	   6.5405958576433232e-01	   6.4417471333698351e-01	   4.1499620159444978e-01	   5.0228426563023976e-01	   5.8705335053763585e-01	   5.1908170278708776e-01	   5.1205582727091548e-01	   5.0633847216876771e-01	   3.3144819437866080e-01	   4.0518942761234006e-01	   2.3344499394257764e-01	   3.2703028663432748e-02	   3.1893783107222812e-01	   1.9383569711172940e-01	   1.9257833398227614e-01	   2.4851313314121073e-01	  -5.7719158572940521e-02	  -1.0312186724786979e-01	   5.6672490744761395e-01	   4.4246867368538911e-01	   5.7861982238734178e-01	   3.0278055763852019e-01	   3.8855424778648207e-01	  -4.4085989133054240e-02	
   6.1194063519547293e-01	   6.6362512324657863e-01	   7.0453058845196825e-01	   8.7194397647538624e-01	   5.8215241095681891e-01	   5.9402012528470194e-01	   7.8991377714321076e-01	   0.0000000000000000e+00	   5.6674662430579781e-01	   4.7462208860410682e-01	   7.2284430426434676e-01	   7.7570552595294517e-01	   6.4313413179731582e-01	   7.6382052110768661e-01	   5.9120011314543475e-01	   5.9937013590764232e-01	   1.6875914250421314e-01	   1.6544470636143987e-01	   6.8181097536311852e-01	   6.7335922378768009e-01	   4.6280170105156215e-01	   4.4700833037238863e-01	   7.1787460874756692e-01	   7.4625187087824130e-01	   5.2048693479359198e-01	   6.0870837341196149e-01	   4.0729840768122455e-01	   4.2805483406859457e-01	   2.8196465763900463e-01	   3.1497189785787699e-01	   5.7218094546813258e-01	   7.3505764111892435e-01	   8.1463265840987131e-01	   8.1629037332374255e-01	   5.9611822496266176e-01	   6.6002269047980633e-01	   1.1313320381989932e-01	   1.4436159007855826e-01	   4.5677186620611288e-01	   3.9021061784292754e-01	   4.7251209744360056e-01	   3.7625619601466553e-01	   5.5059820039774765e-01	   5.8515831607862445e-01	   3.9438116795442657e-01	   4.5895634643996602e-01	   7.0440852736953530e-01	   6.6005011335803043e-01	   5.2445780928171637e-01	   4.6693275672175938e-01	   6.1850673872191209e-01	   5.9950328484085902e-01	   5.6454398666202055e-01	   5.4969532718253822e-01	   6.2178198033075627e-01	   6.9962548010910453e-01	   3.6447383496464481e-01	   4.4213594406363554e-01	   4.5171161624872536e-01	   6.1337437761419833e-01	   4.8586355631626155e-01	   8.6927274101431629e-01	   2.3441420376991257e-01	   3.6535766505905376e-01	   5.3852666661383874e-01	   7.6110234359537343e-01	   6.9528511794517589e-01	   7.4730142244086128e-01	   4.8442023499293951e-01	   5.4533050799005134e-01	   2.6692556503711146e-01	   2.7940611178252162e-01	   5.4816220208784106e-01	   6.2546767867654762e-01	   5.0560073333011102e-01	   6.2947803197112884e-01	   5.6104666481627063e-01	   6.2685781745440583e-01	   3.1509729902570527e-01	   3.6547551458064326e-01	   5.1157094021826710e-01	   6.0254562954794921e-01	   5.7151760365907545e-01	   6.0838020909501367e-01	   6.0054720703447417e-01	   7.4146145247823947e-01	   4.6035867948371995e-01	   5.4096645005959831e-01	   3.7970474793055664e-01	   4.4701369092689358e-01	   6.8268828930418568e-01	   3.7969505422074384e-01	   7.2069946427295672e-01	   5.2601909747492948e-01	   5.7664575067953239e-01	   6.3840328723580697e-01	   6.4095337016595366e-01	   6.7750589810531670e-01	   7.3757130471033072e-01	   6.8189273800290051e-01	   6.0737310419299928e-01	   5.4748169211637532e-01	   5.1807388686719102e-01	   3.1547149845233063e-01	   4.6469833809646904e-01	   2.7526625327019327e-01	   2.7132066056626281e-01	   3.0622733582415596e-01	   7.5706071099070044e-02	   1.4906714457260848e-03	   6.5850646973478577e-01	   6.2905407132308078e-01	   6.7247554649190155e-01	   5.4319599502697857e-01	   4.6267921766925391e-01	  -2.7161564833995851e-02	
   3.5377937874773735e-01	   3.8553178670558114e-01	   5.8687710833451967e-01	   5.7602394607280627e-01	   8.9680180666345821e-01	   7.8065322861454878e-01	   7.1942861942502923e-01	   5.6674662430579781e-01	   0.0000000000000000e+00	   8.4143695388135298e-01	   4.8335243968655617e-01	   3.5364426394252491e-01	   5.8118659136417372e-01	   5.4785853574213639e-01	   8.0946198703872896e-01	   7.7905085172243171e-01	  -2.2178217551685431e-01	  -1.6920405258259125e-01	   4.1072831995891224e-01	   3.5649534030074781e-01	   6.3155750601220140e-01	   6.2217657187441588e-01	   6.0338324164041235e-01	   5.9356335296965446e-01	   4.8050565950626434e-01	   5.4671241862447761e-01	   6.7349010408302745e-01	   6.3437568796673238e-01	  -1.3724710703973653e-01	  -1.7638427126651382e-01	   2.1577722463384541e-01	   2.5993555384331268e-01	   4.0185313104902881e-01	   3.2687036338308284e-01	   3.7666317793393944e-01	   3.7956960296648518e-01	   8.3990567992580603e-02	   8.7184836203655608e-02	   5.1139642004672237e-01	   4.1005441532258774e-01	   4.7813292689485748e-01	   2.9262546707103576e-01	   2.0903376475300250e-01	   3.0488907950768407e-01	   8.3509298390895451e-02	   1.4444541141746911e-01	   5.0753518856215540e-01	   4.8195761170363782e-01	   1.6447184334158721e-01	   1.7768348308007553e-01	   3.9279729834251464e-01	   3.4403433429548175e-01	   5.3253158199314421e-01	   5.4569546598344165e-01	   5.4345050097475012e-01	   5.1829159908588773e-01	   5.0786116283558280e-02	   1.3648088285519319e-01	   4.1124026063046798e-01	   3.4099921151536700e-01	   4.1984036361107402e-01	   4.7902412152998225e-01	  -3.4005490553423653e-02	   1.0197307388943389e-02	   5.6359371785458889e-01	   5.2114888879141053e-01	   5.5767993370109359e-01	   4.3643628032426846e-01	   5.0027302321080580e-01	   3.5042255486090301e-01	   2.0934524774074126e-01	   2.4286084805113589e-01	   2.5480307993026419e-01	   2.0466887840539780e-01	   2.0245866811405938e-01	   2.1743486821357710e-01	   1.7587570803774485e-01	   1.7844977673983548e-01	  -1.0028676817594936e-02	   1.6710594239948717e-01	   2.7499057282817829e-01	   4.0941707102191494e-01	   6.6195496789021835e-01	   6.6918723846796380e-01	   6.4182487061829763e-01	   6.2008435728500655e-01	   5.2805601566460703e-01	   5.6259766970761138e-01	   6.4744943562332780e-01	   6.1067328326376469e-01	   6.2021853308594377e-01	   5.0013091128080056e-01	   6.1985465032379716e-01	   7.0895687957042952e-01	   4.3214091890613887e-01	   3.7498442184900405e-01	   4.7020171934821176e-01	   4.2574267969866036e-01	   4.2918088208107430e-01	   5.0579969852257767e-01	   3.4145752827756692e-01	   4.5513351830496851e-01	   2.2885698752359776e-01	   2.0590149208592430e-02	   2.8276296416116065e-01	   1.0626469477838682e-01	   1.3542204938712080e-01	   1.7995939586951826e-01	  -1.6098408427755262e-01	  -4.4374948001152527e-02	   3.6210778232470620e-01	   3.2251674623695981e-01	   5.8649203303891806e-01	   3.2926766238290484e-01	   3.3092466625028760e-01	  -7.9690996309395828e-02	
   3.0298010734313174e-01	   3.0050849034829280e-01	   4.9008611450528788e-01	   4.6103733723266060e-01	   8.4329618158724773e-01	   9.0914039247984524e-01	   4.9016332600340295e-01	   4.7462208860410682e-01	   8.4143695388135298e-01	   0.0000000000000000e+00	   2.7271026883935151e-01	   1.6934389659784788e-01	   3.9333531930716559e-01	   3.8062375588474517e-01	   7.5767965420444794e-01	   7.9875861680146931e-01	  -3.4312709607646746e-01	  -3.4252758080891904e-01	   3.8069835798578644e-01	   3.3036966814847690e-01	   7.1643315272849661e-01	   7.2245311069346319e-01	   4.6464978023253867e-01	   4.5767050695601064e-01	   5.0553989829440726e-01	   5.9403860631067840e-01	   7.9416468214240654e-01	   8.0238435844030609e-01	  -1.6334158306655899e-01	  -2.1833202891004011e-01	   2.2450314740867300e-01	   2.2579589234875214e-01	   2.5557977151271405e-01	   1.9322103324111373e-01	   2.7770413795680665e-01	   2.8660573249946775e-01	   4.0503633545132915e-02	   3.7358563924191290e-02	   5.1109969444027414e-01	   4.2650290686841380e-01	   4.3490954879638377e-01	   1.9645972370952253e-01	   2.0465445287835199e-01	   2.8458989496281756e-01	   1.4716593074775188e-02	   4.9648907747884691e-02	   4.8122938603388571e-01	   4.1899258273355150e-01	   3.9239216686496999e-02	   4.1979927687716051e-02	   2.7529814200038261e-01	   2.2899961248527592e-01	   5.1525424410391829e-01	   5.7619473869859794e-01	   4.9262687966542984e-01	   4.6388235189329585e-01	  -4.2223501728472120e-02	   1.6359169286804458e-02	   2.3102121236689238e-01	   2.7853807416768028e-01	   1.8076677371006802e-01	   2.9172466764837246e-01	  -1.5440134248674614e-01	  -1.3279961375279464e-01	   3.1353736317853803e-01	   3.0925432324131436e-01	   4.4931287847077916e-01	   3.4461057601587280e-01	   5.3110851666703840e-01	   3.9080749933198555e-01	   1.5059951604032695e-01	   1.1432062549816871e-01	   1.6077667273879645e-01	   1.1616442202898813e-01	   1.6874754689432833e-01	   4.8348619348673162e-02	   3.4023795525748586e-02	   2.7312909541965476e-02	  -8.0287930797418874e-02	   5.9820814411879294e-02	   2.4946591785091105e-01	   3.2730918099288042e-01	   6.7649803697453736e-01	   6.5933216072812983e-01	   4.6620582459168991e-01	   4.9415513793882210e-01	   5.4505160106593775e-01	   5.3979704145447671e-01	   6.5334295808844156e-01	   6.5328183661499817e-01	   5.9059036753081096e-01	   4.1729946387005634e-01	   5.8193649403902947e-01	   6.2405923440430477e-01	   4.3210902635593429e-01	   2.8615667302119674e-01	   3.9260275056005733e-01	   4.0189253047371576e-01	   3.9325840706671839e-01	   4.8462473017585761e-01	   3.1921309657896496e-01	   3.5013959665670047e-01	   1.6741196749066836e-01	  -3.6743277017651746e-02	   2.2559403122175553e-01	   2.6279336702205811e-02	   8.8076392480300802e-02	   1.3479950589500425e-01	  -1.3815607683457892e-01	  -4.5345382986419484e-02	   2.5071859309996836e-01	   2.8017188050668201e-01	   5.8870071314742511e-01	   3.6492758551265314e-01	   3.4717848716679334e-01	  -2.2687009183730986e-01	
   6.0967863564793390e-01	   6.6176812655208461e-01	   7.0454540592642656e-01	   7.5063676159842063e-01	   5.1193305990793003e-01	   3.5546674468791739e-01	   7.9407760806171013e-01	   7.2284430426434676e-01	   4.8335243968655617e-01	   2.7271026883935151e-01	   0.0000000000000000e+00	   7.6770681223741410e-01	   9.1618730840912999e-01	   8.2238366908189753e-01	   6.4414958095505326e-01	   5.4028756837801839e-01	   2.4561438229460136e-01	   3.2331241895904550e-01	   6.2080184311806352e-01	   6.1318796161071709e-01	   4.2943673913229985e-01	   3.6858009614073090e-01	   8.0827669581827455e-01	   8.0213606564371065e-01	   6.0180050242191541e-01	   5.6585823237692923e-01	   3.1992341053977746e-01	   2.2632616292868862e-01	   3.4212215062706752e-01	   2.5842779995450288e-01	   5.5646939093976511e-01	   6.6701161931316466e-01	   7.7268222291452482e-01	   7.5848427931455564e-01	   6.7246830225827336e-01	   7.0498581468966171e-01	   1.9599056984572638e-01	   3.0238893406981288e-01	   4.4926475502095964e-01	   3.6259398061916542e-01	   4.6798228610427300e-01	   4.9077261694005025e-01	   4.7788047483477314e-01	   6.1595653211753754e-01	   3.0067074248484305e-01	   3.9176608585026351e-01	   6.1978600386225002e-01	   6.2386635241886579e-01	   3.6776448659928956e-01	   3.5953964804680100e-01	   5.7883167069983033e-01	   5.3135507971651208e-01	   5.5390138633972152e-01	   4.7215279773147734e-01	   6.2188400609802330e-01	   6.2410700197385294e-01	   4.9753119676817914e-01	   5.3854070975192170e-01	   4.9748296693709559e-01	   3.9768413692835014e-01	   6.1600548250255560e-01	   6.6005647386269040e-01	   3.9275943815899328e-01	   4.0283893948779820e-01	   6.8955315204193590e-01	   7.5430343371663922e-01	   6.2926702840478610e-01	   5.8756754424165236e-01	   4.4974193806920293e-01	   4.0855489933228356e-01	   3.5610441124453696e-01	   3.6759287756356063e-01	   5.9561948240608964e-01	   6.3158784170601623e-01	   5.4536456684026513e-01	   7.1465188099453836e-01	   6.3952038546923062e-01	   6.7381021849453782e-01	   4.0170264686935991e-01	   5.2989938670300829e-01	   5.7365998544305885e-01	   7.3032919023390297e-01	   5.4845478304968431e-01	   5.8287001630677859e-01	   7.6818203550415887e-01	   7.4372757862662153e-01	   3.7448362796359475e-01	   4.5585330975439398e-01	   3.8160423531147247e-01	   3.3421129904529867e-01	   5.1622768944454289e-01	   4.0540370079465871e-01	   5.9771802306816835e-01	   5.0270880220361469e-01	   5.3633771971506972e-01	   5.7208312159936126e-01	   6.8585677310678528e-01	   6.1200138605325682e-01	   6.4174847885317665e-01	   6.1825294170719203e-01	   3.3099708363485630e-01	   4.1490314543383644e-01	   2.6635627617000063e-01	   1.0908047197339134e-01	   3.8982431781804933e-01	   3.2890228134059452e-01	   1.2037045863832022e-01	   2.1509314073303695e-01	   7.6332102551329578e-02	  -7.8158477351079874e-03	   6.4995629879517025e-01	   6.0163214356080830e-01	   5.8081315909051456e-01	   4.0804489264033295e-01	   4.5264893455968380e-01	  -9.2227759478349255e-02	
   6.8855262097173919e-01	   6.4544743352770406e-01	   5.8125232827230455e-01	   6.4462780856442237e-01	   3.6349565173202608e-01	   2.6292514143453793e-01	   5.9699645345652763e-01	   7.7570552595294517e-01	   3.5364426394252491e-01	   1.6934389659784788e-01	   7.6770681223741410e-01	   0.0000000000000000e+00	   6.8461690406817488e-01	   8.3873349068823333e-01	   5.2204735830862781e-01	   5.1445436277743584e-01	   4.7304606344731914e-01	   4.6262499393882295e-01	   6.6494397095595492e-01	   6.8227358403720928e-01	   4.0797252538666939e-01	   3.3880034906681356e-01	   6.2791221817068954e-01	   6.3935677209878472e-01	   4.5732869089423434e-01	   4.2297691964596429e-01	   2.1557901828424356e-01	   2.0001189738066943e-01	   5.4824815749887457e-01	   5.4312035000812819e-01	   5.4951798654732209e-01	   6.7518886080254048e-01	   7.5640706744375485e-01	   7.7486320925422358e-01	   4.7670902797700904e-01	   5.5659365320161724e-01	   1.2088810843575055e-01	   1.9949205261333416e-01	   4.0030500401843361e-01	   3.4579385904013893e-01	   5.0097972223034659e-01	   4.4478086853941723e-01	   4.5477397482469173e-01	   4.3617935105952549e-01	   2.8189021564034628e-01	   3.3886983095730716e-01	   5.5526028778591563e-01	   5.3170571309373416e-01	   4.0483493468012632e-01	   3.4403524958276305e-01	   4.8283578726637794e-01	   4.8895508352718642e-01	   4.2735661016159276e-01	   4.0100506740318420e-01	   5.5841107474368068e-01	   6.3352219721640624e-01	   5.3150080610526451e-01	   5.6911186633807831e-01	   4.7837603414527574e-01	   4.9215047724660510e-01	   5.9472527507311490e-01	   7.8043304234918520e-01	   5.5805394139753961e-01	   6.6515335825404220e-01	   4.6019616971580646e-01	   6.2929360288476655e-01	   4.3559644674631415e-01	   4.9278004326098968e-01	   4.1621957418366062e-01	   4.5866450247296264e-01	   3.5797202725224214e-01	   3.3261279742338984e-01	   6.5176103626429438e-01	   6.5847591858867083e-01	   5.7815077970131801e-01	   6.4786396481337394e-01	   6.2921006852859462e-01	   6.5587128399619710e-01	   4.6253330396745357e-01	   4.7710829039655706e-01	   5.8210553381649066e-01	   6.8053152169324616e-01	   4.9303790018094162e-01	   5.6926603446945001e-01	   4.8340316861657640e-01	   6.6676872586252356e-01	   3.5119777800038199e-01	   4.3840622151562048e-01	   2.4952614033494674e-01	   2.8141913828172627e-01	   4.2143831458534298e-01	   2.4832337668922924e-01	   4.8803113665050907e-01	   3.0704667951283821e-01	   4.9175225917235843e-01	   6.4522571739763668e-01	   5.3201610310986602e-01	   6.1114221170216543e-01	   5.9967383606441826e-01	   5.6646160927833766e-01	   4.3485488185761584e-01	   4.1644890484795694e-01	   4.0907841339647644e-01	   3.4015696287680303e-01	   3.0026455243339234e-01	   1.4202256857606330e-01	   1.7362705485493035e-01	   2.3557135688199515e-01	   8.8947501150830222e-02	   7.5976834574872462e-02	   5.8852382238427015e-01	   5.0877019716916649e-01	   4.6506452482119542e-01	   5.1876885180123156e-01	   4.1160716489015137e-01	  -9.9446199661014811e-02	
   5.5823322208155735e-01	   6.5814583737452204e-01	   6.5948197959715893e-01	   6.9292199987008096e-01	   6.0396719035088176e-01	   4.4468677154618874e-01	   7.8254259882311161e-01	   6.4313413179731582e-01	   5.8118659136417372e-01	   3.9333531930716559e-01	   9.1618730840912999e-01	   6.8461690406817488e-01	   0.0000000000000000e+00	   7.9006540984416063e-01	   7.7586226625876575e-01	   6.5794194916325477e-01	   1.1530978351691568e-01	   2.1320699797665082e-01	   5.4925494213339032e-01	   5.6316487973237628e-01	   5.8403567537726175e-01	   5.0658909016606724e-01	   7.5200183446765168e-01	   7.5053612166301675e-01	   6.7264133030323836e-01	   6.2909670193684730e-01	   4.7051467562482063e-01	   3.5751804111734731e-01	   2.1557523350089214e-01	   1.3822884186563539e-01	   5.1229934146427691e-01	   5.7627070679497960e-01	   6.4527984815652473e-01	   6.2281970060832992e-01	   6.1537121176309650e-01	   6.5725417840509803e-01	   1.7868774476097499e-01	   3.0065048021236235e-01	   6.0375196351089300e-01	   4.7790720689083888e-01	   5.1198688433514050e-01	   4.9031882512209324e-01	   4.8587717590988344e-01	   5.9708702490229426e-01	   3.1313634628160236e-01	   3.7281494739795784e-01	   6.7609929943360370e-01	   6.2499441035636127e-01	   3.4478869408701696e-01	   3.2588661571898248e-01	   5.7838154389896079e-01	   4.9125814315201755e-01	   5.7630334738198330e-01	   4.7653399984772926e-01	   6.8301157209851648e-01	   6.3960056023158540e-01	   4.2130069433933409e-01	   4.6963842482876439e-01	   5.3919871523091489e-01	   4.0286841831513875e-01	   6.2315449435385784e-01	   5.7799944078375209e-01	   2.8169132673548752e-01	   3.2007492967087225e-01	   6.6711067870545759e-01	   7.0642047551578180e-01	   6.2106290302454215e-01	   5.5211315607343769e-01	   4.5714982141678251e-01	   3.8544625302082569e-01	   4.6606953061438033e-01	   4.2033941068969533e-01	   5.0699225575159446e-01	   5.3623064734454617e-01	   5.0911650068420866e-01	   5.8520380211193990e-01	   5.7286342220353281e-01	   6.0186258558530492e-01	   3.5887351997078826e-01	   5.0267418214664950e-01	   5.3564116382216564e-01	   7.1800732534972189e-01	   6.5411772615741959e-01	   6.6640974458907976e-01	   7.8224364863336371e-01	   7.6767266402325185e-01	   4.5717105238238803e-01	   5.1437369026483082e-01	   5.1683895572548422e-01	   4.4628109899395441e-01	   4.8036419849888667e-01	   3.3778509745651664e-01	   5.6772649212425952e-01	   5.0125848847498755e-01	   5.2979692977539872e-01	   5.4155723647339227e-01	   7.4832970434006862e-01	   6.4138745793996177e-01	   5.7694457639468955e-01	   5.5605153413954811e-01	   2.7476326049641620e-01	   3.5940092509514748e-01	   1.9831328598977671e-01	   2.7999469543638356e-02	   3.2418716355032889e-01	   2.7644293972898076e-01	   4.6618094327108783e-02	   1.5639391127700206e-01	   3.1504840000108655e-02	  -6.3718982239136870e-02	   6.0069493903245963e-01	   4.9033169822673384e-01	   5.4423320108257522e-01	   3.2733182095088620e-01	   3.9669069620324326e-01	  -1.4919585274799399e-01	
