   0.0000000000000000e+00	   8.8241432346253657e-01	   5.6295435072594502e-01	   3.3635947433550034e-01	   2.3208858658739992e-01	   3.0084700463718145e-01	   6.2467817525142610e-01	   2.4708256033081072e-01	   6.6177196875294081e-02	   2.3605899121675927e-01	   6.0582356661619507e-01	   4.8232009761238626e-01	   5.3167284013069038e-01	   5.6173281216428084e-01	   3.0310203989408480e-01	   2.5899814399623960e-01	   4.1712893812460328e-01	   4.6638962154252350e-01	   6.3719332961614539e-01	   6.7660759471925247e-01	  -1.4261321148080347e-01	  -2.2143611606800545e-01	   3.2701270804668514e-01	   2.0724709107435266e-01	   9.3252782903869916e-02	   1.9793429237884302e-01	   8.3553812719537601e-02	   4.8638716457040390e-02	   5.7726678429629774e-01	   5.5429413884293333e-01	  -3.1270021094663557e-02	  -4.6192714858147826e-02	   3.7537933704985416e-01	   3.0577934830241693e-01	   6.0370837894055229e-02	   3.0788805516964255e-02	  -2.7380372183835200e-01	  -2.2710778731378078e-01	  -1.9209425754646396e-02	   1.5769692822190720e-01	   7.1535356457564397e-02	   6.2073473616639133e-02	   4.9088015999356605e-01	   4.4682798898327170e-01	   4.1294141986377608e-01	   3.9101888563192111e-01	   5.1312106057980611e-01	   4.5908037736164659e-01	   5.0780790007687360e-01	   4.7782173592875293e-01	   6.1042777990233832e-01	   5.5170748017089644e-01	   5.9996761249318442e-01	   5.2059791155684465e-01	   5.8399258454676395e-01	   6.0444066997963430e-01	   6.5323542131725332e-01	   7.1663948795330046e-01	   6.5618027968907144e-01	   6.5827477724588890e-01	   6.7078464591469589e-01	   5.7343690596925878e-01	   4.3774183816525636e-01	   4.2813670437622775e-01	   4.6288940153592320e-02	   1.3848484527909172e-01	   4.5905354760236089e-01	   3.9974232903261953e-01	   3.6144784634794591e-01	   2.1911159509391981e-01	  -2.0831846426737227e-01	   5.1483764850827611e-02	   5.2628639963823298e-01	   4.7319403218100431e-01	   2.1668054498198611e-01	   3.0352849619230060e-01	   4.1551545484345054e-01	   3.7388016725978102e-01	   3.9148360063087917e-01	   3.8026440861146760e-01	   3.9605992350000752e-01	   3.7730361850300609e-01	   3.4909980442684613e-01	   2.8293860041932806e-01	   5.9577871958124429e-01	   4.1470753911678759e-01	   1.1346354423370666e-01	  -3.2849018897478224e-02	   4.4781535354772978e-01	   6.5582846626872537e-01	   4.1581303915880163e-01	   3.1044802228782248e-01	  -1.7203584298779627e-02	   2.6984539261058010e-01	   3.2770148222845741e-01	   4.0606685463629133e-01	   5.6331766031151864e-01	   5.7021858686324978e-01	   5.8511009514258006e-01	   5.7296092760375128e-01	   2.7020691688593385e-01	   3.8206309572321262e-01	   2.3327990034845594e-01	   2.7045835626883064e-01	   2.8986847955605355e-01	   6.6895643043098224e-02	   9.6983265589877327e-02	   2.8392461133972846e-01	   2.3447979222359211e-01	   3.4933730776791733e-01	   3.8535624405888103e-01	   3.2247275112498497e-01	   3.4229655854581909e-01	   2.0339916711391254e-01	  -4.3110157569586569e-02	  -2.5540565177721219e-01	
   8.8241432346253657e-01	   0.0000000000000000e+00	   4.2848749555680132e-01	   3.8726584494499056e-01	   1.6788151959373809e-01	   3.0273906097855369e-01	   6.0173814848240981e-01	   3.3098055010835947e-01	   6.1843637593238902e-02	   2.2325684299912632e-01	   5.4377622192772768e-01	   5.6452970486350795e-01	   4.8696904956022230e-01	   6.0912514656059646e-01	   2.4213279953500216e-01	   2.4402532296042476e-01	   3.5324477052129399e-01	   4.6311417252632459e-01	   6.2101636153175122e-01	   6.9215558997621107e-01	  -2.5189605655639258e-01	  -3.1969382807159646e-01	   1.3195653097966664e-01	   1.3859482541818113e-01	   1.4491658902571869e-02	   1.5121537722124262e-01	  -3.2779516874286277e-02	  -2.2942991926040105e-02	   5.9509081735069524e-01	   5.8460589965971410e-01	  -8.0133455707165721e-02	  -5.6452763108590764e-02	   4.1002230893248282e-01	   3.2143706156794249e-01	  -4.8427686387514657e-02	  -5.5899156265532504e-02	  -2.8391997400925006e-01	  -3.0900532565311367e-01	  -5.4877670593895811e-02	   1.1546934338855630e-01	   1.3927777836854111e-01	   5.6163825092882078e-02	   5.9683982211758957e-01	   5.6911553050170971e-01	   4.9172500144906339e-01	   4.8725617943772970e-01	   6.0205131291333336e-01	   5.9196389822146467e-01	   6.0330604941881338e-01	   5.5595433521841120e-01	   6.3728063768166621e-01	   6.1150077957093651e-01	   6.0249034695524895e-01	   5.6374054702908905e-01	   5.7959873031817544e-01	   6.0833746840026637e-01	   5.9624404194835368e-01	   7.2293500024957580e-01	   7.5633454667977129e-01	   7.2767114092050211e-01	   7.0336344265554962e-01	   6.7010863306089619e-01	   4.6096873058929033e-01	   4.7865644281717645e-01	   1.0159595361604186e-02	   2.2964491230687975e-01	   5.1227246986277974e-01	   4.5401598137454063e-01	   3.5803491035730950e-01	   2.2723567673687708e-01	  -1.0092812102352178e-01	   8.5645115419003714e-02	   5.1252081768469404e-01	   5.2290239069781341e-01	   2.7788399656020546e-01	   4.1867885762941048e-01	   4.5358007076254325e-01	   4.5066240715214445e-01	   3.6542985550199170e-01	   3.7521451767208419e-01	   4.4527346498119769e-01	   4.1256866063031084e-01	   3.0214020362131166e-01	   2.6719382627705951e-01	   5.3302060263229645e-01	   4.3444537070019107e-01	   2.5953363982364447e-02	  -1.6068130190395802e-01	   3.6139952849512652e-01	   5.9794076427765130e-01	   4.7381463446827032e-01	   2.8107998688352698e-01	   1.7893380841626934e-03	   1.5549582557807873e-01	   1.5893473056093291e-01	   2.9180767427321547e-01	   5.6724278701374486e-01	   4.7853817013521888e-01	   6.7105879189200845e-01	   6.2108099478126055e-01	   3.0661726170043035e-01	   3.5620148692369935e-01	   2.3282683246543356e-01	   2.5494924347666958e-01	   2.7536204290355382e-01	  -5.0622662258308498e-02	   1.3334742633690624e-02	   1.6198940700486514e-01	   9.2285844193208899e-02	   2.5162264718264504e-01	   3.9918941451020185e-01	   4.4973442570358324e-01	   4.3016477847318380e-01	   1.9217587452250282e-01	  -2.7291421164689553e-02	  -1.9254947695221863e-01	
   5.6295435072594502e-01	   4.2848749555680132e-01	   0.0000000000000000e+00	   5.3358172877253751e-01	   3.2903969722368681e-01	   2.0190876266086810e-01	   7.2360470989128411e-01	   4.8375272621593768e-01	   1.9749201554895246e-01	   1.8112838871555620e-01	   3.2146142649792964e-01	   7.6599046682618521e-02	   1.5544570304318953e-01	   1.8846645811749491e-01	   1.5127134913341361e-01	   2.1709575596349399e-02	   2.0426106432789243e-01	   2.1051587250863346e-01	   5.0904416570134436e-01	   5.1707261339007382e-01	   2.4055625747527060e-01	   1.6236606970305817e-01	   6.0643084778226752e-01	   5.0736956661467725e-01	   3.3541412875237836e-01	   3.7745802454712496e-01	   3.4292385627895194e-01	   2.6594548610377888e-01	   1.2590772703418776e-01	   2.3377969247808248e-02	   1.2255114977158303e-01	   1.3345340686350243e-01	   2.0033629415951282e-01	   2.6130024650584177e-01	   5.0041661603753962e-01	   4.2784702012345754e-01	  -1.4828735510279187e-01	  -9.8762744330216756e-02	   1.5493738322751954e-01	   2.0457231370084730e-01	   5.0051051657423865e-02	   2.2767284866773488e-01	   2.8539234370339001e-01	   2.2793311904935665e-01	   2.8578298800628538e-01	   2.8543848521082360e-01	   2.8532609642464790e-01	   2.4644767809425777e-01	   1.7458601336087035e-01	   1.3363860286799481e-01	   3.5541127942795775e-01	   3.1779001657265771e-01	   3.7824180937123952e-01	   4.7206211916840624e-01	   3.3357424810375291e-01	   3.7758805664615336e-01	   2.7486440664117062e-01	   3.0439575617699915e-01	   1.5134079710155962e-01	   2.0633668622583079e-01	   2.1911790956732213e-01	   9.3602276870890649e-02	   4.8049043813723227e-02	  -6.4580347257907761e-02	   2.0354634093743271e-01	   2.1828827771536904e-01	   3.7848275992133140e-01	   3.1764999811979761e-01	   5.0980185714982007e-01	   3.1035538771461268e-01	  -4.2703266490816717e-02	   3.5795469376842512e-02	   4.6077056441101916e-01	   2.7119186818110164e-01	   2.2406205485867700e-01	   2.0064506427119844e-01	   1.4681690109843640e-01	   1.0207590359493832e-01	   1.6757908378350475e-01	   2.0923181534895960e-01	   7.4124931960205573e-02	   2.0153119474417650e-01	   1.9806077618748014e-01	   1.4862112941643518e-01	   4.2560105467589293e-01	   3.3756540481082542e-01	  -1.1815474334514856e-02	   1.3717397002508766e-01	   3.3199342020273159e-01	   3.6563381077652668e-01	   4.7521503778076901e-01	   4.8625164272588539e-01	   1.7263062327849005e-01	   2.8671447855858778e-01	   2.5636793830019144e-01	   1.6518655001425037e-01	   3.4295314907042834e-01	   2.2203415581696578e-01	   3.8406112817639593e-01	   3.5500245095668848e-01	   1.3815867092398382e-01	   1.5662148817276253e-01	   2.8244417973919800e-02	   8.9796874515787412e-02	   7.9969104758004679e-03	   8.3448245541256530e-02	   1.3773932560736180e-01	   1.3504530396379674e-01	   2.7930868637230999e-01	   3.0961088789593705e-01	   4.0147417108292677e-01	   3.0689085133894584e-01	   2.0908040680122766e-01	   1.8187980266358450e-01	   7.1698929221466534e-02	  -2.4744757352532992e-01	
   3.3635947433550034e-01	   3.8726584494499056e-01	   5.3358172877253751e-01	   0.0000000000000000e+00	   1.8764458014846955e-01	   2.1348782501096381e-01	   5.1074527885088217e-01	   6.3885810957272726e-01	   1.7203908757184633e-01	   2.8946892007044267e-01	   1.5596962053356478e-02	   4.3868179739310259e-02	  -1.7801899896958090e-01	   8.4221746613175857e-02	   8.6269148753061811e-02	   2.4237028127615101e-01	  -1.8601573475925823e-01	  -1.2685230064610983e-01	   5.0155127835080560e-01	   5.7862558550095433e-01	   3.4782546897761246e-01	   1.9949301151868207e-01	   4.2915875190672409e-01	   6.9586967977731184e-01	   1.2838472897558006e-01	   1.4948895379538579e-01	   2.5523726865432939e-01	   3.6601918598911970e-01	  -6.3636847664121060e-02	  -1.4281072598529657e-02	   1.4329036468780093e-01	   2.5980971922680252e-01	   3.5077813206109665e-01	   3.8288989620379599e-01	   3.4703373426534173e-01	   2.8267716625796785e-01	  -2.2013792232770321e-01	  -1.7753255534851964e-01	   3.6192053709814633e-03	   1.5052215605913943e-01	  -1.1758112097649553e-01	  -8.8001784640733792e-03	   3.4191895201128369e-01	   2.6173327950653513e-01	   2.7779755337206352e-01	   3.2489420422059423e-01	   3.0228593172552753e-01	   2.9295394449598439e-01	   3.1601265154749403e-01	   3.1828020170981164e-01	   3.8281344391303807e-01	   4.7875845020564944e-01	   4.1517544035088239e-01	   4.8552805007115785e-01	   4.4635805603260181e-01	   4.3597931187392502e-01	  -3.7433233974006795e-02	   1.0010520886650029e-01	   3.1634713027295530e-01	   3.9470875458715715e-01	   8.1530287718088595e-02	   1.5384943764210715e-01	  -5.8558393634346624e-03	  -9.2030360245251991e-02	   1.0159950163102503e-01	   4.0538387671382747e-01	   5.5796893262687564e-01	   5.2535041669522409e-01	   6.2985523014465628e-01	   4.9015303764520279e-01	   3.8832521989825931e-02	  -3.5995292146856595e-02	   3.2185583456700384e-01	   1.4097959497516199e-01	   2.2088503684427757e-01	   1.0554269318096901e-01	   2.7241984612385722e-02	  -3.0368036895486027e-02	  -2.2862329727517069e-01	  -1.0264201846390889e-01	  -9.6149415949825248e-02	  -6.3481771530739084e-02	  -4.7401510087481738e-02	   1.8004865232357353e-01	   3.1711975279550519e-01	   4.3903699240375449e-01	   5.2384140689264697e-02	   3.0600821650454990e-01	   2.6799206763897004e-01	   4.1770742926982063e-01	   6.1642966002966626e-01	   4.3482761628809707e-01	   4.2844472556846053e-01	   2.9594914548493323e-01	  -1.7287265866478985e-01	  -1.5443700176222655e-01	   2.3435304478436148e-01	   6.8517333785672610e-02	   3.6512493301627802e-01	   2.7279177058261694e-01	   4.9625512215748002e-01	   3.2007331027257258e-01	   3.5475479087581219e-01	   2.8975249017560584e-01	   1.9114060163625585e-01	   2.1553361488413858e-01	   1.3766756442958739e-01	   2.6156346791089125e-01	  -1.5479098457541415e-02	   1.7053924884955321e-01	   4.2078299958076359e-01	   3.7379494465924590e-01	   5.0581877638243344e-01	   4.2102495396257700e-01	   2.0210519169329796e-01	  -1.4997654611986710e-01	
   2.3208858658739992e-01	   1.6788151959373809e-01	   3.2903969722368681e-01	   1.8764458014846955e-01	   0.0000000000000000e+00	   8.8470784408532022e-01	   2.3730300888311140e-01	   3.8361600194513268e-01	   9.1574519659329423e-01	   8.8537755452601652e-01	   2.5020482835900404e-01	   1.0354334598662074e-01	   3.8702399802410303e-01	   4.0353168696830510e-01	   8.3867898117855877e-01	   7.4863182058707844e-01	  -4.8257688342172873e-02	   1.0197962751198598e-01	   2.1464445358473033e-01	   2.4140805371182186e-01	  -7.8720917476680415e-03	  -2.2269751799800452e-02	   3.3659848475568732e-01	   2.4636478211969723e-01	   5.9399092037931589e-01	   4.1910370071957326e-01	   7.1267859506981224e-01	   6.3317466791883048e-01	  -8.2312719608958002e-02	   5.2615418451358822e-02	  -2.6938349263245960e-02	  -1.0219947164256987e-01	   1.8359073202092957e-01	   2.0600784730235591e-01	   1.6939552774422256e-01	   1.8889732160877032e-01	  -1.7537867115515274e-01	  -4.7347523306622855e-02	   1.9000427763007730e-01	   3.2031356545440604e-01	  -6.8103464054364474e-02	   7.1322550515080435e-02	  -4.0528998324169757e-02	  -1.2182501747473394e-01	  -2.2344120269786157e-02	  -1.0768051714696897e-01	   2.9637692285608662e-02	  -4.0673187814358287e-03	  -4.7553841606611386e-02	  -5.1377226640188518e-02	   8.5423722624609066e-02	   6.3567374524730921e-02	   1.8561864122796240e-01	   1.6586600774536667e-01	   4.0338718700891074e-01	   3.0533260988591687e-01	   2.4009329470852375e-01	   2.3259976183863523e-01	  -6.7916039786347540e-02	  -5.4811845158654067e-02	   2.9267252133485833e-01	   1.8992527226087313e-01	   4.3918269603899635e-03	  -7.0256070856416955e-02	   2.3872971927243725e-01	   9.7320535230621688e-02	   3.9855156722896759e-02	   5.1222147697947196e-02	   8.9091138446711737e-02	   1.5068825396356456e-01	  -7.0604939503509886e-04	   9.9814479753449523e-02	   2.5816730400090104e-01	   2.1133092460149458e-01	  -1.0141630941907534e-01	   1.7693355450998920e-02	   3.0966780740132295e-02	   8.4236837520748717e-02	   1.5546295128497439e-01	   2.1575989403875667e-01	   9.8123489772434402e-02	   1.5373179739934534e-01	   3.0448956641187552e-01	   2.6114938976857316e-01	   4.5320223047403640e-01	   4.3048248765889319e-01	   3.7539334674226688e-01	   1.5576966071931608e-01	   6.0481796546610644e-01	   5.6340714652076129e-01	   3.3791038106595583e-01	   3.9366877047988452e-01	   4.0484405739034646e-01	   3.1453472256415671e-01	   3.0156115589960314e-01	   1.7526844064311076e-01	   2.9398917077484482e-01	   2.5081370893053190e-01	   1.9733611634487191e-01	   1.2421513262167047e-01	   5.9825801005970930e-02	   1.2528681130937100e-01	  -8.5714535326597036e-02	  -1.3336926753510558e-02	   5.9811082218664005e-02	   5.3052061341036995e-02	  -6.1980035746262679e-02	   1.6754789186993021e-02	   5.3007470169258927e-02	   2.1705231763434518e-01	   1.2996769644820116e-01	   1.2842380692713334e-01	   5.4638991672314417e-02	   3.3791039510329335e-01	   2.8643950304844934e-01	  -2.3507425947889132e-01	
   3.0084700463718145e-01	   3.0273906097855369e-01	   2.0190876266086810e-01	   2.1348782501096381e-01	   8.8470784408532022e-01	   0.0000000000000000e+00	   2.2226591453604702e-01	   3.7020456846646399e-01	   7.6210992847016223e-01	   9.1818835393951304e-01	   1.6327552498405939e-01	   1.2572517904893857e-01	   3.8822411217027186e-01	   4.6242710257564973e-01	   7.4485528122731171e-01	   8.3425937871713263e-01	  -2.0184073612691172e-02	   1.4647267536915720e-01	   1.8786860372009462e-01	   3.3972027328264842e-01	  -9.1880792953682622e-02	  -8.7851357166627536e-02	   1.7676414612951755e-01	   1.6532614853392180e-01	   5.3562623387933872e-01	   4.9475177431924455e-01	   6.8755689360961125e-01	   6.4388962784010406e-01	   1.4395130913122967e-02	   1.8089861012787101e-01	  -1.1098355862789058e-01	  -1.7751321798004654e-01	   2.4297097192936268e-01	   2.3516219500834315e-01	   8.0862545026149951e-02	   1.1676667428271864e-01	  -2.0185059107621933e-01	  -1.5734261064121416e-01	   1.9611468978766822e-01	   3.1472500218498023e-01	  -4.5157325543121546e-02	   1.0357473711256404e-01	   5.7605628314107635e-02	  -1.7328061612498533e-02	   7.5275885408540938e-02	  -5.9167137438406840e-03	   1.4682850950731757e-01	   1.5162673296995460e-01	   6.3811466284595983e-02	   2.6450117613906875e-02	   1.7781455076927299e-01	   1.4922142771019209e-01	   2.7139200317903417e-01	   2.7142768675809947e-01	   5.0904083871908068e-01	   4.0459359787507765e-01	   3.3985419094978986e-01	   3.5889366822619495e-01	   8.2097796687774463e-02	   7.3926793744687538e-02	   3.1643292744122187e-01	   2.9480052670515811e-01	   1.0106499834967973e-01	   6.2108237738362666e-02	   1.2942370364307826e-01	   1.5368694383200518e-01	   1.6956109604077735e-01	   1.9675350167474420e-01	   6.0296437821922746e-02	   9.5255891014943611e-02	   1.0347703090228377e-01	   2.7601695011533878e-01	   2.9551908803812516e-01	   3.2209374175145750e-01	  -1.2908565323701094e-02	   1.8682389356459012e-01	   8.1992247634520052e-02	   1.9314279504623522e-01	   2.3337609210870508e-01	   2.4836618881811123e-01	   1.9684043129190951e-01	   2.3584980167994635e-01	   2.7872854402744884e-01	   3.0502710423769880e-01	   4.1081441025579335e-01	   5.3031884161596243e-01	   3.4388633449599482e-01	   6.3719219478303279e-02	   5.9771463589283080e-01	   6.4246727258945124e-01	   4.0051401232443939e-01	   3.0701250310712697e-01	   4.3058099823885032e-01	   1.8733639642649597e-01	   3.0231599169709100e-01	   1.6009374443165275e-01	   4.0292188553961761e-01	   3.1754653264822086e-01	   3.3187804333708770e-01	   2.1557698611117088e-01	   1.8977287806054563e-01	   1.1319766152521818e-01	  -2.2401936256155282e-02	  -9.5907023526093822e-03	   1.8914240402006607e-01	   5.8329052715154601e-02	  -1.0740539091194153e-01	  -7.1083516878936159e-02	  -6.9748682548563899e-03	   2.9737687480767150e-01	   2.4231791609245815e-01	   2.1582240213303824e-01	   1.4993660295226310e-01	   3.7883511471603160e-01	   2.9784187626194997e-01	  -3.4668695236554614e-01	
   6.2467817525142610e-01	   6.0173814848240981e-01	   7.2360470989128411e-01	   5.1074527885088217e-01	   2.3730300888311140e-01	   2.2226591453604702e-01	   0.0000000000000000e+00	   6.5896520816811777e-01	   1.0169272497956630e-01	   1.3087149016771135e-01	   5.8387349433498414e-01	   3.1794566050747008e-01	   3.2007549504425081e-01	   4.1181194377508090e-01	   1.1481558181657225e-01	   6.1837696749201594e-02	   1.4561739846870797e-01	   2.1520524360760668e-01	   5.1457369301282352e-01	   5.2671550516889409e-01	  -2.8084405824038164e-02	  -1.5935964644009945e-01	   4.1732063228416244e-01	   3.6608018800273390e-01	   7.2715195328586599e-02	   2.1719273338915263e-01	   9.3133792424320933e-02	   4.4853442060227677e-02	   3.1729152867285737e-01	   2.5299917843990621e-01	   1.4389966467331305e-01	   1.5793662205056058e-01	   3.4148512277369003e-01	   3.9058459663602541e-01	   1.0949162218798777e-01	   4.4503773335973301e-02	  -3.3879939050119662e-01	  -3.0534005125310637e-01	  -7.9958466880035634e-02	  -4.2777421868042356e-02	   3.7312891975838135e-04	  -2.9574493331308977e-02	   3.9730767807591583e-01	   3.6012701366870775e-01	   4.2388330941196767e-01	   4.1224905200272532e-01	   3.9646672842344927e-01	   4.0930523213408848e-01	   4.8559828042003556e-01	   4.2360937570234347e-01	   5.1206959244802719e-01	   4.5279679636776399e-01	   3.9921460730418656e-01	   5.1072191014322121e-01	   3.9284050470475690e-01	   4.2653024838269493e-01	   2.5556514733436603e-01	   3.2894215147315853e-01	   3.2230610052532183e-01	   3.2503232620859612e-01	   4.7861712866359074e-01	   4.2319222739965867e-01	   1.9696392167003673e-01	   1.1071176889497074e-01	   2.8835361930319797e-01	   3.8344755030608696e-01	   3.9568246598077839e-01	   3.3534928931042690e-01	   4.1754911732336181e-01	   3.1134409902387938e-01	   2.3392113684240746e-02	   1.1703912770543499e-01	   5.3984783515562618e-01	   3.6245910145332327e-01	   3.2274859781580939e-01	   3.0128608753776170e-01	   1.8355195620230844e-01	   1.5038245357641888e-01	   1.8115207645691578e-01	   2.1169323030080497e-01	   1.3949721887860284e-01	   1.8703603722976297e-01	   1.2584296829385841e-01	  -1.8653945938746346e-03	   4.1654437248571408e-01	   2.6558179544077121e-01	  -5.6296366036005492e-03	  -4.8958393281385612e-02	   2.6061693635613459e-01	   3.4392968915128930e-01	   5.0471302875573820e-01	   4.9672048553930853e-01	   1.0446251364290397e-01	   3.1326585439853250e-01	   1.7783265368463361e-01	   2.1233293230559530e-01	   3.2490245119160110e-01	   3.2153469024382575e-01	   4.3869649870703442e-01	   4.0238451096845274e-01	   1.6391044242961189e-01	   3.3964443669519995e-01	   4.8349303021108334e-02	   1.6403456544468556e-01	   7.0384920886254698e-02	   1.1465055470313532e-01	   2.4514659537377520e-01	   2.0471744827313779e-01	   2.8206830407861222e-01	   2.4167341969445094e-01	   2.6082239409701907e-01	   3.2852075931248648e-01	   2.9043808320582254e-01	   1.2809141867422566e-01	  -1.0066907682587775e-01	  -3.1588167698251890e-01	
   2.4708256033081072e-01	   3.3098055010835947e-01	   4.8375272621593768e-01	   6.3885810957272726e-01	   3.8361600194513268e-01	   3.7020456846646399e-01	   6.5896520816811777e-01	   0.0000000000000000e+00	   3.3538331557075118e-01	   3.8680778674220184e-01	   2.5303416061761574e-01	   2.2803944123456443e-01	   9.7223281096364911e-02	   4.6505374655372156e-01	   1.1425406508690478e-01	   2.0962416240417853e-01	  -6.4309733165372682e-02	  -1.0242744961710994e-02	   2.5038383083671678e-01	   3.1716894996097977e-01	   1.2828359865343483e-01	  -6.1353099376712811e-03	   3.3250118298770392e-01	   5.0674552186712829e-01	   3.0107917057516720e-01	   3.6216570475970933e-01	   2.2749496693324006e-01	   2.6266130115270114e-01	  -6.6174732089925789e-02	  -1.0970463099423416e-01	   1.6096328269268756e-01	   2.3390998979932737e-01	   4.1914412501534293e-01	   5.1263927322383562e-01	   2.1920998271051911e-01	   2.1010926288712647e-01	  -2.4062882134295835e-01	  -2.5160795213242187e-01	  -4.1674964420348251e-03	   3.1791418098534988e-02	  -2.3030043478270418e-01	  -1.6561103630093177e-01	   2.7632877554281576e-01	   1.9901755950434935e-01	   3.9005809191468971e-01	   3.9924534030024472e-01	   2.5017299657519215e-01	   2.7798652120216716e-01	   3.4400528302423711e-01	   2.8706604912289002e-01	   3.4395797688454155e-01	   3.5514820866153995e-01	   1.9039475540214773e-01	   2.7553307440945046e-01	   2.9411169161928535e-01	   2.6043453242258469e-01	  -1.9712284559039474e-02	   5.3414922660627341e-02	   5.2768564727460415e-02	   7.3065600081627963e-02	   2.8535889876246223e-01	   3.7996107148304192e-01	   7.6272004192116438e-02	  -1.1167633540136976e-01	   4.3940609385774110e-01	   7.5334742011926958e-01	   4.2930751155101443e-01	   4.5891647324301460e-01	   3.0745117142436124e-01	   2.1454630147253412e-01	   8.6381353286433829e-02	   5.8549092441480440e-02	   4.1064055918304920e-01	   3.4697789710140597e-01	   2.3778949200715382e-01	   2.5140303227488497e-01	   1.0846035864172163e-01	   1.4299656441197944e-01	  -2.0017376184375706e-02	   1.6354772218986902e-02	  -5.7863349497033589e-02	   5.2319010927928088e-02	  -1.1103499472429498e-01	  -3.4443259057517446e-02	   3.4100261841328183e-01	   4.6930262170240628e-01	  -6.3383850760158323e-04	  -8.2038316302004300e-03	   2.2098025696143275e-01	   2.4042696845082850e-01	   5.2241386819864088e-01	   4.1924639712740941e-01	   4.0677086365214843e-01	   2.1738293530185293e-01	  -1.1174285959827537e-01	  -7.5487742559561671e-02	   2.2729771704170387e-01	  -4.0375648321179403e-02	   3.2649014730955034e-01	   1.9237315461019580e-01	   1.9966427096183995e-01	   2.2497634379137618e-01	   1.8694552892955026e-02	   1.2756877644986822e-01	   1.1500327755985426e-01	   1.9248322869173307e-01	   6.1643605953284289e-02	  -3.2493430803710283e-02	   3.2057918837714874e-02	   6.7140847178302654e-02	   2.9292601295301662e-01	   4.0256112459356946e-01	   4.1813126046311666e-01	   3.2103453784062558e-01	   1.2126831250658748e-01	  -2.0816778106797001e-01	
   6.6177196875294081e-02	   6.1843637593238902e-02	   1.9749201554895246e-01	   1.7203908757184633e-01	   9.1574519659329423e-01	   7.6210992847016223e-01	   1.0169272497956630e-01	   3.3538331557075118e-01	   0.0000000000000000e+00	   8.4414076240542524e-01	   1.7363068766997725e-01	   1.0545514466499412e-01	   2.7225265240934560e-01	   3.0182243573318612e-01	   7.8658892799071711e-01	   6.7835733504510032e-01	  -6.7750824642187291e-02	   3.1702275341403199e-02	   1.7674664435955606e-01	   2.0804866232046543e-01	  -1.3797196129073680e-02	  -1.1384400741389756e-02	   1.8487750034777578e-01	   1.8570570001830111e-01	   4.5744003852029769e-01	   2.1622743556022320e-01	   6.2867132002870407e-01	   5.9521054150994956e-01	  -1.4544702873566717e-01	  -7.6595454446465611e-03	  -4.2139610638550359e-02	  -6.8657204542566699e-02	   1.4626540357010748e-01	   1.8365271279024054e-01	   1.2481521495265206e-01	   1.4354191494361074e-01	  -1.3040464926826323e-01	  -4.7890116481873364e-03	   1.4851484228434353e-01	   2.8827683529750836e-01	  -1.7149711258023762e-01	   3.7064338345940091e-02	  -1.2428657233025624e-01	  -1.9044180859724821e-01	  -1.1764939659232221e-01	  -1.8466375162446361e-01	  -5.2120274868188043e-02	  -8.8700652821432524e-02	  -1.0156077940054047e-01	  -8.9089477943859574e-02	  -4.2244349435356508e-02	  -1.5117300480971530e-02	   5.6790951449061142e-02	   1.4911285898230455e-02	   3.2915914087466680e-01	   2.3453061033653294e-01	   1.0765819036146014e-01	   8.5989068732232471e-02	  -8.3576007868401303e-02	  -8.2492677029603473e-02	   1.9404465020404499e-01	   1.6098031392322104e-01	   2.0104988934777142e-02	  -8.0216682071802436e-02	   1.3983735550866910e-01	   9.5211350235644310e-02	  -1.0312830309839144e-02	   1.5654354712861640e-02	   8.2245017727179598e-02	   1.7278024359580912e-01	   7.2820558217610340e-02	   9.9170550127545110e-02	   1.2754995038007949e-01	   1.8343746454849286e-01	  -1.6635816718320739e-01	  -1.0032532735962404e-01	   1.9821058202078710e-02	   3.9689903775834368e-02	   4.0032672497011867e-02	   1.3555515260941858e-01	   4.3596990650730597e-02	   4.3616580737691105e-02	   2.0874081089041790e-01	   1.6539617450201025e-01	   3.3330029541758410e-01	   3.2598445497585560e-01	   3.6049124405104738e-01	   1.7798809196351867e-01	   5.0165486239083146e-01	   4.6292052944155970e-01	   2.7143850444595019e-01	   3.1810922882812276e-01	   3.3986582463743925e-01	   2.6788182362422319e-01	   1.5777583876529855e-01	   7.0097788156138430e-02	   2.2734482205379039e-01	   1.8692995892521858e-01	   1.5399065653225066e-01	   1.0906840908737751e-01	   1.0120791368550058e-01	   1.6801432386397636e-01	   1.5935435167116395e-02	   1.0460339755432488e-01	   8.0643433493786970e-02	   5.9218882127354211e-02	  -3.8479740629566009e-02	   5.9032273223109236e-02	  -1.4973741201621614e-02	   9.2361411089589868e-02	   6.3316201626941751e-02	   1.0730945976236358e-01	   2.0684305342217581e-02	   2.8245359801892589e-01	   2.5171998653974542e-01	  -1.0878172428745643e-01	
   2.3605899121675927e-01	   2.2325684299912632e-01	   1.8112838871555620e-01	   2.8946892007044267e-01	   8.8537755452601652e-01	   9.1818835393951304e-01	   1.3087149016771135e-01	   3.8680778674220184e-01	   8.4414076240542524e-01	   0.0000000000000000e+00	   9.0697820269080409e-02	   2.4084742737082027e-02	   2.5364741988306910e-01	   3.9215646641150709e-01	   7.9877092782437598e-01	   8.4993718023756615e-01	  -1.1157171882566037e-01	  -2.0500665113596467e-02	   2.3101128161399082e-01	   2.9216995590211547e-01	  -2.8947365208115281e-02	  -7.4975810430368814e-02	   1.8512003543563957e-01	   2.3291321263104786e-01	   5.2796826425598919e-01	   3.6447175089370404e-01	   6.8453383257922229e-01	   6.7902294701540222e-01	  -1.2345934131823996e-01	   1.3704487198971951e-02	  -1.6952629495571184e-01	  -2.2343813211931032e-01	   1.8980591771613448e-01	   1.9026341024123164e-01	   1.2183455255188166e-01	   1.6041888563029078e-01	  -2.3228021213854350e-01	  -1.4977386724708575e-01	   1.1815362337388660e-01	   2.7793356315601142e-01	  -1.6235471311150068e-01	  -1.9735347894403937e-02	   3.3277075225376970e-02	  -5.1005997707737637e-02	   3.7145823939908943e-03	  -4.1095121777196000e-02	   8.9762036003312201e-02	   6.5031928221028518e-02	   4.5814736394012963e-02	   5.0005496086463666e-02	   1.6012380665093218e-01	   1.9060577525056838e-01	   2.3681323050721900e-01	   2.1413964499481972e-01	   4.7753955837989009e-01	   3.7287053068011256e-01	   2.0272190843453197e-01	   2.2357601287178500e-01	   1.0240909068204820e-01	   1.0895140138785823e-01	   3.1104321581808902e-01	   3.1618780980289551e-01	   3.1552096820627179e-02	  -6.8218792510841605e-02	   1.5851451827057414e-01	   2.0756606231951219e-01	   1.7943692504279535e-01	   2.1194204708146971e-01	   1.4068402528405577e-01	   1.9337501789162431e-01	  -1.8209446623189067e-02	   9.5670997781263228e-02	   1.6682942695269240e-01	   2.2283799372062679e-01	  -1.4811107588883970e-01	  -2.2836853046077119e-02	   4.7002445765519832e-02	   9.1159101567194867e-02	   3.9871973850723982e-02	   4.4349575133769331e-02	   4.7709367215133427e-02	   5.1041170416323903e-02	   2.0917317678283670e-01	   2.5801157919375173e-01	   4.6836637486282029e-01	   5.5475041061296992e-01	   3.7800409733304863e-01	   1.2138016511402785e-01	   5.9706540643497852e-01	   6.1833346919116128e-01	   4.4325877936677410e-01	   3.5276934045113223e-01	   5.3833090158529395e-01	   2.5967682407613679e-01	   2.1652416200467831e-01	   1.5182020503604904e-01	   3.6295008353173008e-01	   2.7763649109137090e-01	   2.8998756906628043e-01	   2.2445657196107538e-01	   2.3800308966685740e-01	   1.6830978873509039e-01	   6.5050457318305277e-02	   8.6608416187544141e-02	   2.1367088379009211e-01	   8.8728602325981246e-02	  -1.1070844745300792e-01	  -4.6397135368088840e-03	   1.5075429777444777e-02	   2.8183822936323411e-01	   2.5123313588061180e-01	   2.1782408609297299e-01	   2.1477318667001186e-01	   3.7704754707138027e-01	   2.2622625263408691e-01	  -3.0938123403838041e-01	
   6.0582356661619507e-01	   5.4377622192772768e-01	   3.2146142649792964e-01	   1.5596962053356478e-02	   2.5020482835900404e-01	   1.6327552498405939e-01	   5.8387349433498414e-01	   2.5303416061761574e-01	   1.7363068766997725e-01	   9.0697820269080409e-02	   0.0000000000000000e+00	   5.3609711774366886e-01	   6.6349583341429708e-01	   5.1187273904811725e-01	   3.1323759845773413e-01	   9.3320084946752341e-02	   3.2566430843496330e-01	   4.5260817443757351e-01	   4.2420144834435874e-01	   4.0868532460862983e-01	  -2.3403921353094570e-01	  -3.3312694660575437e-01	   2.6978822474516972e-01	   5.3273693896248947e-02	   2.3341465197068388e-02	   7.7561401907273120e-02	   1.8367414429862557e-02	  -8.3532016221412070e-02	   5.3802618128138813e-01	   4.4570974924925633e-01	   2.2311105110552060e-01	   1.8953957297920943e-01	   3.7520417141902584e-01	   3.8829318353958242e-01	  -2.0306431617638006e-02	  -9.4585560769907429e-02	  -3.0806239045168848e-01	  -2.6963119475325414e-01	  -1.8209652478095170e-01	  -9.3747544097315005e-02	   7.8953696363851487e-03	  -1.1825693404470475e-01	   2.3687694352118205e-01	   2.3155157677920496e-01	   3.2313826721232008e-01	   2.4619300925671017e-01	   2.6938506102587462e-01	   2.1481421291358421e-01	   3.8032632834877744e-01	   3.1866712720670154e-01	   3.5902690418421479e-01	   2.7050301135133492e-01	   2.7959508370504388e-01	   1.6421865048216794e-01	   2.4444096041550301e-01	   2.2928645676643591e-01	   2.9202430279977598e-01	   3.3265793591711912e-01	   2.8592508309597170e-01	   2.8026962140717271e-01	   6.3805012904072034e-01	   4.9416230950495854e-01	   4.5511549307068078e-01	   3.5383548140783605e-01	   2.9764062060779950e-01	   2.1051136217703098e-01	   1.6622382382404799e-01	   1.5094402972513948e-01	   2.6284990633816209e-02	  -3.8223590104811106e-02	  -1.5561176230294421e-01	   6.2872441308794089e-02	   4.8874888790762883e-01	   3.3496618565766534e-01	   2.3615040352811514e-01	   1.9757924226585041e-01	   4.4192420181562397e-01	   3.6408497201404610e-01	   2.9590111067335512e-01	   3.9289640919419788e-01	   2.8844084773801665e-01	   3.0274552314891545e-01	   2.8600930295790100e-01	   6.3029002487706681e-02	   4.4044422829910967e-01	   1.3306640945863771e-01	   8.6874882114180263e-02	  -9.8089099679690900e-02	   2.1923427105242532e-01	   2.7641486594773967e-01	   7.3236827659787090e-02	   1.8037264990007973e-01	  -2.9609243666927576e-01	   1.6213843153685831e-01	   1.6196962271961740e-01	   2.5611471551721821e-01	   2.3377530823801695e-01	   3.2633960943476470e-01	   2.5093425086116145e-01	   1.9141704775564716e-01	  -6.4612621023822522e-02	   3.0168059275335313e-01	   2.2074676612413698e-02	   1.5683394042956200e-01	   4.9790225112772743e-02	  -6.1518848722838249e-03	   8.8892955234600085e-02	   1.7056430951381241e-01	   2.2747109159083845e-01	   8.8024776886531722e-02	   5.6726960727396081e-02	   1.1118307877979754e-01	   4.1083462669577755e-02	  -1.0399608065977960e-01	  -2.0154117995939486e-01	  -9.0140666695096391e-02	
   4.8232009761238626e-01	   5.6452970486350795e-01	   7.6599046682618521e-02	   4.3868179739310259e-02	   1.0354334598662074e-01	   1.2572517904893857e-01	   3.1794566050747008e-01	   2.2803944123456443e-01	   1.0545514466499412e-01	   2.4084742737082027e-02	   5.3609711774366886e-01	   0.0000000000000000e+00	   6.1007411630744368e-01	   7.3024862371923949e-01	   1.1260895565827952e-01	   1.6549475928434876e-01	   4.7862024191804553e-01	   6.1585576435463918e-01	   1.0916814832170559e-01	   4.0035809360924712e-01	  -3.9811080310544333e-01	  -3.7992558781809438e-01	  -1.1108730718039210e-02	  -2.6384700602931181e-02	   5.1721276709502162e-02	   1.9966514781180905e-01	  -1.7180641869059055e-01	  -1.9657203128051329e-01	   6.2259194236050142e-01	   6.2303092223776557e-01	  -1.1055125273674539e-02	   1.2962731756555407e-01	   4.1566564651079518e-01	   3.7450694343890728e-01	  -5.3043274293152970e-03	  -4.6032153996542827e-03	  -1.5273356377062958e-01	  -2.1035675689008987e-01	  -1.2811000574174589e-01	  -1.2697140293454873e-01	  -2.1046441844752187e-02	  -5.7206713096491849e-02	   2.1909200262030765e-01	   2.1989258944415449e-01	   2.3667883967990996e-01	   2.0127998917036738e-01	   2.3695708920641106e-01	   2.0139409812352077e-01	   3.1362916551049036e-01	   2.4787611740247492e-01	   2.8818888016700650e-01	   2.1019424345880866e-01	   2.4886623516367054e-01	   9.2320465286165235e-02	   2.4358452103946288e-01	   2.0560436861004722e-01	   3.8225552987995537e-01	   4.6084447255749161e-01	   4.2010552608333124e-01	   3.7393548806675453e-01	   5.1382922285766097e-01	   4.2399031477482152e-01	   7.0000327749041513e-01	   6.5569372969809325e-01	  -2.7829821099880991e-04	   7.6443243037295050e-02	   3.6039275500899914e-01	   3.0656545921516976e-01	  -3.7033498167861327e-02	  -2.3525871898707063e-01	   2.3309141730324917e-02	   2.5196842803780556e-01	   4.8646328558586061e-01	   5.6227276137950533e-01	   2.2630469205562154e-01	   4.6858517070184169e-01	   4.4563755771128888e-01	   5.8713302656703714e-01	   4.6614429881464875e-01	   4.0127637037216946e-01	   5.8082059355866000e-01	   5.3688083029349754e-01	   1.7902268522771170e-01	   2.3181534162507345e-01	   2.5512446502969055e-01	   1.2152100703585202e-01	   7.1214921858613594e-03	  -7.3879615585649816e-02	   6.3542315795904886e-02	   2.7727290395635867e-01	   1.3589583879235728e-01	   3.6061008448947100e-02	  -2.0853261651683391e-01	   1.0161010132203305e-01	   3.3776065360921335e-02	   9.7900531834130985e-02	   1.9088126716090542e-01	   1.5282611707680394e-01	   3.4527029682384253e-01	   2.0871529311641096e-01	   1.6639806334367835e-01	   2.8035324565944347e-01	   2.1428964995527069e-01	   2.7813737818034762e-01	   1.4385278927443362e-01	  -2.6761486696687618e-02	  -7.1923987733138557e-03	   8.7554347388709680e-02	  -1.1778662656137386e-02	  -3.9039262974678933e-02	   7.9972143901343815e-02	   1.7094042320554070e-01	   1.1012956753114338e-01	   8.9246459923651850e-02	  -1.1680558235852022e-01	   9.0446040063565068e-03	
   5.3167284013069038e-01	   4.8696904956022230e-01	   1.5544570304318953e-01	  -1.7801899896958090e-01	   3.8702399802410303e-01	   3.8822411217027186e-01	   3.2007549504425081e-01	   9.7223281096364911e-02	   2.7225265240934560e-01	   2.5364741988306910e-01	   6.6349583341429708e-01	   6.1007411630744368e-01	   0.0000000000000000e+00	   6.7853650773587737e-01	   3.7939826413904559e-01	   2.6685536691930967e-01	   2.9585575551388321e-01	   5.0077826772945111e-01	   1.0496773848212501e-01	   2.6515514623512648e-01	  -4.0518749139117827e-01	  -3.9700272256342639e-01	   7.6404619023407616e-02	  -1.5392510839966739e-01	   2.3716245242279368e-01	   2.7537107394214372e-01	   2.2093497711737076e-02	  -1.2274899134021494e-01	   4.9012215710160334e-01	   5.1046819173330427e-01	   6.5741945473833698e-03	  -6.6165631255993729e-02	   2.5634408990074720e-01	   2.8661946609726718e-01	  -1.3784332496860757e-01	  -1.0508275178775058e-01	  -1.5238797408756811e-02	  -4.2083764254617184e-02	  -5.4631156920515005e-03	   7.2642818590873376e-02	   1.4892394330751518e-01	   6.0533071707136454e-02	   1.1922338026729225e-01	   8.4721357979536588e-02	   1.7320302745927624e-01	   6.6804854957864299e-02	   1.8689258067326767e-01	   1.1137886053957138e-01	   2.0176087602065407e-01	   1.2135421551623804e-01	   3.1316991122931914e-01	   1.2254816159971732e-01	   3.2998454064847654e-01	   1.1366630512846751e-01	   2.1996728204137400e-01	   1.3464907588624617e-01	   4.1161597732485061e-01	   4.4940597744042154e-01	   1.9609049002387247e-01	   1.6554972481382335e-01	   5.5815570570742168e-01	   4.8427259688846958e-01	   3.9474145751680895e-01	   4.2641797711808449e-01	   1.3012760169069021e-01	  -3.1537901619766065e-02	   7.9041527482870230e-02	   9.1652773490795619e-02	  -1.4336997141495647e-01	  -1.9840784196017955e-01	   4.4624464961924050e-02	   3.2595263069100905e-01	   4.9016390657802378e-01	   3.9301918767067334e-01	   2.8459027739769371e-01	   4.1659762925792815e-01	   4.1201923302991506e-01	   4.9775567192374109e-01	   5.1868645170527616e-01	   5.4033780285236743e-01	   4.0456397775458353e-01	   4.0879583521960700e-01	   2.6468885356525612e-01	   1.7430344502278478e-01	   3.5217738912423524e-01	   1.3246145772256890e-01	  -1.8456766501547379e-02	  -3.1238905777128650e-01	   2.5890459972037572e-01	   3.5119702266921254e-01	   3.8475776829264047e-03	   9.5888424529504079e-02	  -2.5934962536946482e-01	   1.2647548907859874e-01	   3.1513143589027526e-01	   2.0727737710321240e-01	   2.6799696510052362e-01	   2.8798847579891740e-01	   1.6450751085197179e-01	   8.5116018075103328e-02	  -1.3380709889568998e-01	   5.3297402759867579e-02	  -1.7385368937317683e-01	  -1.1000627221628079e-01	   7.1639486607863234e-02	  -1.5176810543883207e-01	  -1.3857206940666317e-01	  -7.0092623190601028e-02	   7.5621651246968180e-02	   8.8924288906360824e-02	   1.0946947636736450e-01	   4.1594607941001130e-02	  -3.8326565690718635e-02	  -3.4282018803336395e-02	  -8.1100114268957163e-02	  -2.1180149684592825e-01	
