   0.0000000000000000e+00	   6.5422375698165136e-01	   6.1884904768509730e-01	   4.2516740334717029e-01	   3.2544919764122804e-01	   3.1910783183657282e-01	   3.8818389635919470e-01	   2.9856733291667692e-01	   2.7421047135114718e-01	   3.6165733499644687e-01	   4.9755867234254447e-01	   3.1540425896018853e-01	   2.7604865867205780e-01	   7.9176776261986492e-02	   4.0244624415827279e-01	   3.4118543736028689e-01	   2.8547049183536766e-01	   4.9078155532544343e-01	   7.0182413411119093e-01	   6.0669512752661359e-01	   6.3218653055875304e-02	  -1.9470989177335307e-02	   3.3061356256522839e-01	   2.4717599279242991e-01	   2.6935119464340383e-03	   2.8450682529399550e-02	   2.7372770914283728e-01	   2.1978421298481005e-01	   9.3394433307250960e-02	   1.8832657023443250e-01	   1.2627272269960164e-02	  -4.4393923327904004e-02	   1.3285858533210146e-01	   1.7239216966127507e-01	  -1.3407572923535677e-01	   2.2087427711842061e-02	  -1.0333936972639216e-02	   3.7173086321790630e-02	   2.5284392025655189e-01	   1.7623709812391467e-01	   1.4307276483406978e-01	   2.3065966813002797e-01	   3.3210998386173662e-01	   3.1686043797527341e-01	   3.2504252063677563e-01	   4.0922181120818435e-01	   3.8669589770659113e-01	   4.0836515994089151e-01	   2.8071952692235042e-01	   3.7768989899158645e-01	   1.6289488634720961e-01	   1.3962575312408732e-01	   5.5339602522242637e-01	   4.2964473211748955e-01	   4.9687617863059674e-01	   4.7745220659131449e-01	   7.5855068526017289e-01	   7.5240932375068770e-01	   5.4435111991647422e-01	   3.5776390139905256e-01	   5.1204886529230698e-01	   3.7718458292019773e-02	   3.7457846742718204e-01	   3.8613107487383669e-01	  -1.0058317228854524e-01	  -6.1848801889697463e-02	   1.6708392125910126e-01	   2.5245385071750781e-01	   3.6117476546320060e-01	   3.4642472050118456e-01	   1.7104518679540845e-01	   1.1367016842994343e-01	   3.7549675109839370e-01	   3.0884771773856479e-01	   3.7878457878824212e-01	   3.1778092168651162e-01	   3.9102455083615550e-01	   1.5913198243544618e-01	   6.8790528921638769e-02	   2.1997393736536147e-01	   3.6891819920101615e-01	   4.6106777745935645e-01	   2.5884217771910450e-01	   3.3682207820307142e-01	   2.3381455393094103e-01	   2.6607774764193842e-01	   1.7925610307103504e-01	   2.4370856354238257e-01	   4.6853129805764138e-01	   5.6112447841017432e-01	   4.2253109166574832e-01	   3.9345399484886101e-01	   1.9703772402538164e-01	   2.2866982276295256e-01	  -2.9383696537683291e-02	   1.2259685321784418e-02	   4.2773141972242140e-01	   4.8250862432085245e-01	   4.7465438471859689e-01	   6.3786802477132976e-01	   2.1364153610038111e-01	   2.8336659942168002e-01	   2.1005188478629630e-01	   5.0697328295858890e-01	  -8.5650784411904768e-02	  -1.3009652186913567e-01	  -2.4712099584009398e-02	  -5.4667289571005126e-02	  -2.1709246795087284e-01	   2.8187842924573997e-01	   5.1960498844270586e-01	   5.0630124542028010e-01	   3.9853641546453328e-01	   2.7629371113788614e-01	   6.5802218989567340e-02	  -2.0961057882064435e-01	
   6.5422375698165136e-01	   0.0000000000000000e+00	   5.6724375017702466e-01	   5.1700768451719736e-01	   3.7687875475792321e-01	   3.1451314679330300e-01	   4.6678212392365154e-01	   4.2595802932498278e-01	   3.1046126763649184e-01	   3.1018880045688058e-01	   2.4160635437051045e-01	   2.2087361343327480e-01	   2.5320128630958144e-01	   7.8601379296687521e-02	   6.1339463003605699e-01	   5.1091258004014439e-01	  -2.1281784077783937e-02	   2.5301072238480082e-01	   6.0646296751801398e-01	   6.0258139833328084e-01	   2.2077227837478886e-01	   1.4162364234807373e-01	   5.4202137999226641e-01	   4.4626131012546510e-01	   1.4252646028841176e-01	   1.6216078534579820e-01	   4.8300566244207688e-01	   4.2435839725790259e-01	  -7.0706577681484306e-02	   6.2831332883267255e-02	   2.8976381583775024e-02	  -2.2776925238352980e-02	   8.1362034681087048e-02	   1.6428480546528323e-01	   6.0730136660385167e-02	   1.2830178200550318e-01	  -7.7005396467431431e-02	   5.3350935733789642e-02	   3.2328338558622849e-01	   3.8359380886139355e-01	  -8.6056735742359017e-02	   1.8047106201249427e-01	   3.2010928513658399e-01	   3.0066113843128456e-01	   2.7315193006230404e-01	   3.2919639181591526e-01	   3.5829312370950500e-01	   4.0550238806796068e-01	   2.6572006377446999e-01	   3.7411362797558856e-01	   1.8740685578058197e-01	   1.9096564836543284e-01	   5.0746924543587202e-01	   4.2974678581826131e-01	   6.3183815239348085e-01	   6.2564418307269032e-01	   5.7355219082476272e-01	   7.3793580422974581e-01	   5.1870808757557374e-01	   4.2600516302591429e-01	   3.7383786972653898e-01	   2.1448886238569029e-01	   6.7974727661886822e-02	   9.0467257811136625e-02	   2.0833715364276326e-01	   1.3935721976041940e-01	   3.5621286106923794e-01	   3.6034086907570279e-01	   4.6771640042930313e-01	   4.9423502273222647e-01	   1.8335958682574888e-01	   5.5206121654141682e-02	   1.8285945101007728e-01	   1.6180449551430429e-01	   2.5630087889001019e-01	   2.2161138577424655e-01	   1.9886475686362723e-01	   1.3779557271926404e-01	  -2.0118564808231082e-01	   1.1950252868952153e-02	   1.6488272116440034e-01	   2.8781834036010046e-01	   3.2884472656924757e-01	   4.0981811803670382e-01	   3.2208804530548563e-01	   2.0007102832062468e-01	   4.0159676530608701e-01	   3.7249259993771566e-01	   6.1622474395546301e-01	   6.5840245320797286e-01	   4.5507889533651247e-01	   5.4706180264299031e-01	   3.1741462171232371e-01	   4.4511948333385831e-01	   2.0111757261904681e-01	   2.4584927247993665e-01	   5.3670499735988209e-01	   4.6972452507778395e-01	   5.6839636535912919e-01	   5.4847720497820629e-01	   2.0906305284072013e-01	   2.1661478609963447e-01	   1.4130549587876950e-01	   2.5540645011688667e-01	   5.8908586187817254e-02	  -5.5968343763613329e-02	   2.0467631268175057e-01	   1.4380954942778817e-01	  -1.6199519643695812e-01	   2.9953940191431361e-01	   3.8606336134707303e-01	   4.4904015084892906e-01	   4.0057485333460796e-01	   4.7300705251151154e-01	   3.4820560466538053e-01	   8.5929266082641259e-02	
   6.1884904768509730e-01	   5.6724375017702466e-01	   0.0000000000000000e+00	   8.1952524499201274e-01	   6.3225241622590023e-01	   6.6780645072419731e-01	   6.6276196525864006e-01	   5.5423006111566442e-01	   5.8616905563380539e-01	   6.3936515351138223e-01	   3.4260235045399590e-01	   5.0879048526984993e-01	   2.8128148516072587e-01	   1.2275146989168777e-01	   5.9011767703232476e-01	   4.9783425584109298e-01	  -1.6400952784144668e-01	   8.6055650710815113e-02	   8.3873435864633406e-01	   8.0802181261696115e-01	  -4.2141497834174459e-02	  -2.1101780420762876e-02	   6.2990397693703193e-01	   5.1733566024206001e-01	   2.3099072951822799e-01	   2.7347011245484137e-01	   4.9634663916207211e-01	   4.5885507947452903e-01	  -2.3838512015403615e-01	  -1.1208946054135156e-03	   6.5137484225405468e-02	  -2.8114447737478385e-02	   3.2080880152809924e-02	   1.7937097331885249e-01	   7.2977888814667533e-02	   2.9405292638645208e-01	  -3.8259118478299364e-01	  -2.5702352275460288e-01	   5.7327929252480869e-03	   4.2196343962169473e-02	  -1.3151609086773530e-01	  -9.3764676983293840e-02	   4.6747717413768175e-01	   4.1147712436650363e-01	   4.1511818153729563e-01	   4.8648251863907022e-01	   4.7281594917151570e-01	   5.3734472565054514e-01	   3.6497295597458967e-01	   5.3265517906778492e-01	   3.8878465448117533e-01	   4.6600630520858211e-01	   6.5871034328426425e-01	   5.4937582054326162e-01	   4.8372694952877149e-01	   4.8809050818810895e-01	   2.3683642842903579e-01	   5.4386192791680243e-01	   6.0650891895842518e-01	   5.3147650401633806e-01	   5.8780844850932712e-01	   2.8866857199071877e-01	   2.3833144308652432e-01	   2.7578707629978244e-01	   2.2467931673305100e-01	   1.5717528626083310e-01	   5.5704598000195338e-01	   6.8237179544508209e-01	   5.1344508683862400e-01	   6.2537447962983206e-01	   1.1971607905291422e-01	   3.4755032670504435e-02	   9.0087400956256253e-02	   2.2201243287085987e-01	   1.8164882156335169e-01	   3.2312651593614816e-01	   2.3441797799987926e-01	   1.1719931121460415e-01	  -1.8440243476876575e-01	  -1.4482101819207374e-01	  -1.8186408202123413e-02	   4.6992970673609559e-02	   2.1440985230973697e-01	   2.2391313796034468e-01	   2.6336667425402799e-01	   3.2682139058146165e-01	   2.5319436429968800e-01	   2.7096171688613979e-01	   6.7482754390776223e-01	   8.2206009763263588e-01	   6.4694125194917174e-01	   4.9775690411652512e-01	   5.7439125909292077e-01	   5.5378234299423146e-01	  -1.1803794196281399e-01	  -1.2056874812441784e-01	   4.0782101126947656e-01	   4.2243189867256525e-01	   5.7494674060121342e-01	   4.6303520501513623e-01	   3.2089192497317137e-01	   3.8667345486164922e-01	   1.3551010111145520e-01	   3.2929741601413459e-01	  -1.4308491127803502e-01	  -2.3940002964823598e-01	   1.1490221868130607e-01	   9.7218973648950407e-02	  -3.0984547601611551e-01	   4.0164995185031904e-01	   6.6918222957221885e-01	   6.8512089318741687e-01	   6.3483773661258924e-01	   3.6042754439456443e-01	   3.1230979710043072e-01	   1.5783036811337708e-01	
   4.2516740334717029e-01	   5.1700768451719736e-01	   8.1952524499201274e-01	   0.0000000000000000e+00	   5.7663400575960710e-01	   7.7752637606943931e-01	   4.8503842473080017e-01	   7.8482221821339548e-01	   4.1324333153805515e-01	   5.5599651741803247e-01	   2.6361333275443329e-02	   2.8478795273464108e-01	   5.9089112473847620e-02	   1.5926095782082539e-01	   5.2093428361742933e-01	   6.2231412531751240e-01	  -1.8637221035111026e-01	  -3.7265332610550227e-02	   6.7788925129096700e-01	   6.7923363143659188e-01	   1.1704050983552226e-01	   1.3069268033204970e-01	   7.2452103762197995e-01	   7.8678153340869217e-01	   3.8226882712946397e-01	   4.9833228113816508e-01	   4.9822709859583320e-01	   5.3555678147635666e-01	  -2.5108561462808338e-01	  -7.2155510301811887e-02	   2.8125307253749199e-01	   1.8952402054763978e-01	  -4.3036129001633984e-02	   1.3260901231407485e-01	   2.3694829576433307e-01	   4.4135431458395125e-01	  -2.1507893126951880e-01	  -1.4023780583142981e-01	   1.3451639270373991e-01	   2.5124225476666173e-01	   5.4898154878805491e-02	  -2.8312611412125446e-02	   3.6161913654738520e-01	   2.7700494613255677e-01	   2.8971477008668489e-01	   3.4604606183881470e-01	   3.6250546182375554e-01	   4.0911133624099993e-01	   2.5531595662640527e-01	   3.8987987594700652e-01	   2.6375274927445475e-01	   4.1778610277132466e-01	   5.1652687455279855e-01	   4.5654654312710929e-01	   4.6247948596440758e-01	   4.3136592961014864e-01	   2.1053228696851273e-01	   4.2098605563436320e-01	   4.2217642851394971e-01	   6.1167061590341931e-01	   3.3625520474504661e-01	   6.1842229361145773e-01	  -8.3139904127766937e-02	   5.3218828841340229e-02	   2.9982500634026588e-01	   5.0325499530767881e-01	   4.8467028793293032e-01	   6.8888750714816460e-01	   4.1941332008024262e-01	   5.0625287938137364e-01	   1.0101727744830803e-01	  -4.8998923835817821e-03	   4.4796978723791361e-02	   1.1269277850701004e-02	   1.7654373421902453e-01	   1.9752709512802843e-01	   1.1676776425995095e-01	   4.2696796716556275e-02	  -1.8709201564438910e-01	  -8.6590906417160440e-02	  -1.0610065660804222e-02	   1.8317589520696884e-02	   2.7076643143738433e-01	   3.9937360884583317e-01	   3.3368368284803335e-01	   4.3377993874488641e-01	   3.8192876938934794e-01	   5.1068311317880366e-01	   6.6139102721364051e-01	   8.1713072480896232e-01	   6.5393773199883332e-01	   4.5015570523775966e-01	   7.9513519584918524e-01	   5.4193181212190766e-01	  -6.9865532454682300e-02	   1.9135419405399163e-02	   3.6503436325765515e-01	   3.8985650253817894e-01	   5.5177691270723417e-01	   3.6299611642563140e-01	   3.0052386851242818e-01	   1.3470063635981552e-01	   4.7557886957498213e-02	   1.8776642795268178e-01	   4.2548647890010338e-02	  -1.6378370175075302e-01	   2.5842139674786807e-01	   2.0560543501122691e-01	  -3.8561400328562778e-01	   1.9659909095794606e-01	   5.3879190028116053e-01	   5.4892826744485501e-01	   5.4754597072621092e-01	   3.7276690353791619e-01	   3.6893735558019580e-01	   1.7797905443945272e-01	
   3.2544919764122804e-01	   3.7687875475792321e-01	   6.3225241622590023e-01	   5.7663400575960710e-01	   0.0000000000000000e+00	   6.6904975048805038e-01	   6.0833377865944605e-01	   4.9765294171225072e-01	   6.8407437831983819e-01	   6.3666294562690995e-01	   3.3167211370277921e-02	   8.1474047527971161e-02	  -5.7929201276374336e-03	  -1.9761367019253295e-01	   4.6592306372235609e-01	   3.3136831365097891e-01	  -2.3326908918780562e-01	  -4.2070494634902436e-02	   5.7701265478026231e-01	   5.8484827822338337e-01	  -2.6720265686858635e-01	  -1.7912399091876968e-01	   3.1361785372266193e-01	   3.1059933294947417e-01	   2.5980364908759344e-02	   8.3491548904051194e-02	   4.0606842327913445e-01	   3.8009022508743279e-01	  -7.4291619686523883e-02	   3.8403306201164000e-02	  -1.7656219046659715e-03	  -8.9794694746117001e-04	  -1.0704585127962943e-01	  -8.2170985205462892e-03	  -2.0747843656335332e-01	  -5.7053793101595009e-02	  -4.8987233947112419e-01	  -4.1381849716934493e-01	  -2.1179491058353739e-01	  -2.0132505471260298e-01	  -2.0310367791313355e-01	  -3.3934506051472507e-01	   3.2177132818034432e-01	   2.3002040013382472e-01	   4.5342527260550702e-01	   3.5904136774696521e-01	   2.3512931859815339e-01	   2.6700512594354958e-01	   4.0234365476880957e-01	   4.7205709850121846e-01	   3.6705708294175665e-01	   5.0488304226258451e-01	   4.2990014282741351e-01	   4.7323907542421745e-01	   1.8693080620404845e-01	   2.5328795251358338e-01	   1.1812934716774628e-01	   2.5223452784461819e-01	   4.1694695076740285e-01	   5.1843476778219011e-01	   2.9854310570902914e-01	   2.5163494754092397e-01	   1.4369658157537922e-02	   2.0472762053043519e-01	   8.9432950218111526e-02	   2.5207129351818305e-02	   3.0583801724345788e-01	   3.3094249775832491e-01	   3.5149067342449269e-01	   4.6593826689779072e-01	  -1.5850642948158938e-01	  -2.1910738999174173e-01	   9.4357177957062333e-03	  -1.2496042632079320e-01	  -3.9389304711311836e-02	  -9.4842849560956455e-02	  -8.3651602816067788e-02	  -2.4723380574852272e-01	  -2.6304184758716576e-01	  -6.7665176606245381e-02	  -1.3968289694073471e-01	  -9.7921594752202357e-02	   1.5536677419868450e-01	   5.7819875398933858e-02	   1.2480301381212075e-02	   1.0162283812637213e-01	   2.9212518555782169e-01	   1.8399442924732098e-01	   3.5280372785385372e-01	   5.5358609462945596e-01	   5.4733315092643831e-01	   5.7938981089970742e-01	   3.8563121788450744e-01	   4.7367418399003386e-01	   2.5584388759700503e-02	  -1.7848354573858707e-01	   1.1771945356228194e-01	   1.9269091293863497e-01	   3.5900429293244102e-01	   2.4630971422864928e-01	   4.3169738993363044e-01	   2.3590128100014920e-01	   3.0496932110171021e-01	   2.1492941973879992e-01	  -4.6445607789556455e-02	  -1.9396827389716720e-01	   2.7911520547495006e-01	   1.9490444456524830e-01	   3.7495999831377469e-02	   3.0577904652622828e-01	   3.0401212057743926e-01	   3.1700802146870077e-01	   3.2454050947290619e-01	   2.1693374525358766e-01	   5.3621659184910006e-02	  -3.5979020776160803e-02	
   3.1910783183657282e-01	   3.1451314679330300e-01	   6.6780645072419731e-01	   7.7752637606943931e-01	   6.6904975048805038e-01	   0.0000000000000000e+00	   3.9474697933658676e-01	   6.8824300810795280e-01	   6.6338881432653518e-01	   7.9619246992658244e-01	  -1.5569010169090158e-01	   1.2991693941316690e-01	  -1.8832608738061882e-01	  -9.8324864764639461e-02	   4.4567704271820507e-01	   5.2127172638703279e-01	  -1.3690793680091456e-01	  -9.3753669915198318e-02	   5.6609045002552505e-01	   6.2854702768526194e-01	   4.8140695336147683e-02	   2.4660407459988132e-01	   3.9434248553855566e-01	   4.7976756233686690e-01	   2.9610149877584169e-01	   4.7567329898361888e-01	   6.6736831166474442e-01	   7.0034578534075487e-01	  -3.0882245979893741e-01	  -3.6146289761032104e-02	   8.1449355820437427e-02	   4.1150864186160041e-02	  -1.9600945968853367e-01	  -3.1715569502958618e-02	   9.7851509217531399e-02	   3.3331632271229911e-01	  -3.0933558298454300e-01	  -1.8679001151978045e-01	  -5.9436021317403165e-02	   4.9283335531472267e-02	  -4.4457269915843464e-02	  -1.6017495742758867e-01	   3.2865120784045287e-01	   2.6471130565172574e-01	   3.3922761121851708e-01	   3.8452137422633992e-01	   3.5554912302209568e-01	   4.2097041073580160e-01	   2.6642269401039792e-01	   4.0609700636295093e-01	   1.9446038754505274e-01	   4.2814291722460240e-01	   4.6731929954093826e-01	   5.6614008784441294e-01	   3.0271387454359228e-01	   3.4823096993605474e-01	   1.1678886133385492e-01	   1.7575259386837713e-01	   3.3496831483483092e-01	   4.9177760510347074e-01	   1.7719828042957170e-01	   4.2696721158174078e-01	  -1.9794501451734309e-01	  -1.2289542432703721e-02	   7.9608111080191751e-02	   2.8070929991951477e-01	   3.2373712507976077e-01	   5.8871400815781683e-01	   4.0753051449025296e-01	   4.7053948783666927e-01	  -6.1566860805249337e-03	   3.0382898931970638e-02	  -7.2969872402384395e-02	   1.6581747687558668e-01	   1.0275607984485943e-01	   2.6836992964756007e-01	   3.2437235215027421e-02	   8.9052759532734331e-03	  -1.8410359897475259e-01	  -7.9038744144668660e-02	  -9.7002774078556855e-02	  -8.6623881796352581e-02	   1.6411816439516008e-01	   2.9916813146154542e-01	   1.2929330561434743e-01	   2.4546222259933206e-01	   2.7532114055042561e-01	   3.5239980419684208e-01	   4.7250360697383276e-01	   5.9948448950411626e-01	   5.7068988431108036e-01	   3.6429080519063989e-01	   6.4017182753044521e-01	   4.9542686608583397e-01	  -8.6562858954659039e-02	  -4.3968426196105120e-03	   2.4837803408100423e-01	   3.2590160089930564e-01	   4.0407471005820128e-01	   2.6735351506761024e-01	   2.5183564628951349e-01	   1.3135500358129304e-01	   5.6508760708527297e-02	   2.3914014362854977e-01	  -1.0139814860639318e-01	  -2.8767419257555316e-01	   1.2926054729388026e-01	   1.1532052175787014e-01	  -1.8490423926650540e-01	   1.9274298974047954e-01	   4.7527898049926248e-01	   4.1766332783260623e-01	   4.0134988000356842e-01	   2.4278321704680569e-01	   2.6426273158991265e-01	   7.1606967527419060e-02	
   3.8818389635919470e-01	   4.6678212392365154e-01	   6.6276196525864006e-01	   4.8503842473080017e-01	   6.0833377865944605e-01	   3.9474697933658676e-01	   0.0000000000000000e+00	   6.3950246606959138e-01	   4.5014374036536747e-01	   3.9418295838846867e-01	   2.8938071921787234e-01	   3.8133285334378886e-01	   2.8629225312170137e-01	  -9.9194110519321615e-02	   3.9328906988510420e-01	   2.4622541239150025e-01	  -3.7760790674395656e-01	   1.1676608834807044e-02	   4.2409405695506885e-01	   4.2046609556813408e-01	  -3.2845235895753433e-01	  -3.7584122167256495e-01	   4.0301864962867429e-01	   3.0180505778182176e-01	  -2.1553674080225432e-01	  -2.0953773826907096e-01	   2.3193946199955301e-01	   2.2374139325902603e-01	  -2.7093736074128894e-01	  -1.1345993205886389e-01	  -6.0512430691583616e-02	  -5.9712136564547935e-02	   1.1242533986889666e-02	   1.2760189735784583e-01	  -2.1171192571971056e-01	  -1.1404843861409242e-01	  -6.3582967172214522e-01	  -5.3346082532284722e-01	  -2.5025698591891465e-01	  -2.3358033942182874e-01	  -3.4633424965913295e-01	  -3.9667325428866618e-01	   1.8195350464414944e-01	   1.2832597999516204e-01	   2.5078307657382348e-01	   2.4844174551336945e-01	   1.0116248249061302e-01	   1.3500619858763652e-01	   3.1350031084607588e-01	   3.9210096336014733e-01	   2.3157258229542804e-01	   3.2238203305237573e-01	   2.2611335553808790e-01	   1.4545993224529069e-01	   1.5214030391501360e-01	   1.9260565277342268e-01	  -2.6737894495816511e-02	   3.1214904530638310e-01	   5.6160427964560944e-01	   3.8160176086144099e-01	   7.0104873102657805e-01	   3.2486232183329122e-01	   2.9279606269357505e-01	   4.2315819459535026e-01	   2.4121075387970395e-01	   8.3096491733760602e-02	   4.4905848589354025e-01	   3.4366391491341608e-01	   2.0896497871242492e-01	   3.4998887956718300e-01	  -1.6173072995917148e-01	  -2.5318628258788084e-01	  -5.0481806132802176e-02	  -1.5103937968130218e-01	  -7.9170841210949291e-02	  -1.0392536098224567e-01	  -2.3657514836428745e-01	  -3.7346024316456650e-01	  -5.0596011949556419e-01	  -2.1296249519105809e-01	  -3.1831147322520525e-01	  -2.4417986913518883e-01	  -6.4215490486527901e-02	  -1.2357445908350574e-01	  -1.0505262734898768e-01	  -2.0457689495289304e-02	   1.6035727153527951e-01	   3.4817158264749459e-02	   4.1470843579225186e-01	   6.1148644824218878e-01	   4.3655976455238965e-01	   4.4915467494486455e-01	   3.9766475893912556e-01	   4.5687343289789217e-01	  -1.1428373046812956e-01	  -2.8311920662004297e-01	   5.7178606335342563e-03	  -3.3090703790444572e-03	   2.7798489597496195e-01	   2.0090300503900207e-01	   4.9190724633145061e-01	   6.1536848237966635e-01	   2.7913624236027890e-01	   3.4740421827144830e-01	  -1.1737537281703925e-01	  -2.9596783624005379e-01	   2.3523684693167762e-01	   1.8141688892540928e-01	  -2.0984539545720951e-01	   1.2421803303294482e-01	   1.2783466736271062e-01	   2.2905044251591294e-01	   3.0788243989635855e-01	   1.0049620807433622e-01	  -7.9921843788128305e-02	   1.3124988341410060e-01	
   2.9856733291667692e-01	   4.2595802932498278e-01	   5.5423006111566442e-01	   7.8482221821339548e-01	   4.9765294171225072e-01	   6.8824300810795280e-01	   6.3950246606959138e-01	   0.0000000000000000e+00	   4.0522783303140053e-01	   4.8030983135412975e-01	  -4.7472808175850346e-02	   2.7822852964708999e-01	  -4.4477220598824321e-02	   4.4482363642415673e-02	   4.1623144242698912e-01	   5.2699523177273000e-01	  -2.7933432979128542e-01	   1.0624923976765310e-03	   3.9669687043244367e-01	   3.9980081866055334e-01	  -4.4332444100975150e-02	  -3.8968410075133908e-02	   5.1783046758999929e-01	   6.4990929320416213e-01	   3.3929442947581726e-02	   1.8085280214036059e-01	   3.7154515480548189e-01	   4.2700821076890133e-01	  -2.8036820152061409e-01	  -6.7329824294756369e-02	   1.9865478460008518e-01	   1.7986283990841279e-01	  -1.0400088130906016e-01	   9.9837129402084376e-02	  -2.1505190564450660e-02	   1.8507044236437811e-01	  -3.7814607247018994e-01	  -3.1970022107234242e-01	  -1.0001995739453417e-02	   1.0299460708007607e-01	  -3.1322397007990430e-02	  -1.7293036110060347e-01	   2.3839595434182803e-01	   1.6475919201517167e-01	   2.1980965486291726e-01	   2.6976640663359341e-01	   1.9782235214492527e-01	   2.3132614799212711e-01	   2.6437766817424063e-01	   3.5488521777467169e-01	   1.1718988481421200e-01	   3.4122250028557621e-01	   2.2497736009769589e-01	   1.7325581950858426e-01	   3.2530874046285618e-01	   3.1927440076497415e-01	   5.7075815305813890e-02	   2.4926070731747080e-01	   3.8608174996026223e-01	   5.4199627577902898e-01	   4.3417765916986406e-01	   7.3409712954454398e-01	  -6.9382549417913122e-02	   2.0121838293173266e-01	   1.5543531385360754e-01	   4.9373348601250389e-01	   3.4471877123010841e-01	   4.6038632614316111e-01	   1.3731798011830887e-01	   2.4947097719552797e-01	  -3.8613917206130359e-03	  -1.2971882496568216e-01	  -1.3324576839739873e-02	  -1.5798852483520076e-01	   1.9606855035893482e-02	  -2.6295733462493451e-02	  -1.6326708483799343e-01	  -1.6947387466669414e-01	  -3.6519642206987835e-01	  -5.3352965442260009e-02	  -1.9267687598065725e-01	  -1.6231369785410288e-01	   1.3628378126181040e-01	   2.8195147696746903e-01	   3.8436162073698724e-02	   1.9605244861328502e-01	   3.3725292179095151e-01	   4.4578641474836983e-01	   4.7827101738152150e-01	   6.4834668211798885e-01	   6.0885345995497087e-01	   3.9058842810024674e-01	   7.4144525845444875e-01	   4.4236413617614939e-01	   1.1172863179373365e-02	   4.7558780168317528e-02	   1.4405432396041992e-01	   2.0186817740649293e-01	   4.7188789391043795e-01	   3.1140249064918579e-01	   4.7730954059362812e-01	   3.1231802210414306e-01	   2.0420452035034295e-01	   3.0327238953531893e-01	   1.1475421686688633e-01	  -2.4564457621186236e-01	   3.3909857571826496e-01	   3.3051761629056353e-01	  -3.0614427705717162e-01	  -3.4458587309027788e-03	   2.1692708639449915e-01	   2.9793425325622230e-01	   3.7998333351100944e-01	   2.7109337068458594e-01	   1.6455188970677992e-01	   1.9863893773340469e-01	
   2.7421047135114718e-01	   3.1046126763649184e-01	   5.8616905563380539e-01	   4.1324333153805515e-01	   6.8407437831983819e-01	   6.6338881432653518e-01	   4.5014374036536747e-01	   4.0522783303140053e-01	   0.0000000000000000e+00	   8.5041398809463453e-01	   6.5386282069390345e-02	   2.6653911451810364e-01	  -2.6073341365306497e-02	  -1.2766424793070236e-01	   5.6936829988495152e-01	   3.7563095372290389e-01	  -1.6194259840894704e-01	  -1.2197056980519316e-02	   5.3378852266697396e-01	   5.3464996543576926e-01	  -2.4937535540700198e-01	   3.0271269812560710e-02	   1.6524145641036050e-01	   1.4014923945422239e-01	  -5.3854024533032865e-03	   1.2582725654312688e-01	   6.1145277024280331e-01	   5.1603718119605413e-01	  -3.7751413637013109e-01	  -1.5644774670477014e-02	  -3.2900808995326897e-01	  -3.1707488505068954e-01	  -1.1201547697904191e-01	   3.4038430909559464e-02	  -2.0805701826495704e-01	   3.1416200934693751e-02	  -5.3676260007211829e-01	  -3.9565221066314882e-01	  -2.5423666806577033e-01	  -2.5947779930770337e-01	  -4.5581189273022182e-01	  -2.4900288986483052e-01	   4.5406358603984276e-01	   3.9127817963910927e-01	   5.2855997751709471e-01	   5.1479366833016338e-01	   4.1988862397764254e-01	   4.7295563841492066e-01	   4.7415983536483441e-01	   5.9948654335394580e-01	   4.0746795848370509e-01	   5.4959896069017855e-01	   5.4434110348834641e-01	   5.2542164559184623e-01	   2.7886839813709391e-01	   3.9399080692657296e-01	   5.4125547710189070e-02	   2.8122254197261976e-01	   5.3337757848885103e-01	   5.1607298636366650e-01	   3.7988551867829462e-01	   1.7401272594195055e-01	   1.8547067387316946e-01	   2.3990121848274229e-01	  -1.2541158769989348e-02	  -1.8810778919217751e-02	   4.0409383510033142e-01	   4.7580762840014940e-01	   4.2272378577318592e-01	   5.5129772459610216e-01	  -8.9599310765655239e-03	   1.3411320309239411e-01	  -1.4422033289720448e-01	   3.1201483630233517e-01	  -1.1981849277728035e-01	   2.2993428965574811e-01	   4.9144453717974643e-03	   1.2883001592694099e-01	  -1.8239482268877782e-01	  -1.7596625776939534e-01	  -1.2302627937329105e-01	  -1.3573666405410556e-01	   9.7167498650968603e-02	   7.8912247787038647e-02	  -4.7247256787373383e-02	  -6.1325103362522324e-02	   2.2969099756614947e-01	   1.1366050860064446e-01	   3.7344529620079625e-01	   4.9388236197641916e-01	   6.1158393103686237e-01	   5.2797685576479902e-01	   2.6752360160742356e-01	   4.9608596208843525e-01	  -1.4266670620222553e-02	  -9.3887091021612412e-02	   2.4600001614939956e-01	   3.2000675440300541e-01	   4.4120139450768969e-01	   3.4574328204721061e-01	   3.2298290306075816e-01	   4.1645916882853623e-01	   3.0276963963835035e-01	   3.6251354866339502e-01	  -1.1548761241225367e-01	  -2.0262302109024516e-01	   1.4636075881009419e-01	   1.6877007735745969e-01	   5.8001677302192467e-02	   3.8229054311942268e-01	   4.7358531260068015e-01	   4.6496666414700261e-01	   4.7406550131028014e-01	   1.8724469835443491e-01	   1.3315061334165401e-01	  -9.6466647865976266e-02	
   3.6165733499644687e-01	   3.1018880045688058e-01	   6.3936515351138223e-01	   5.5599651741803247e-01	   6.3666294562690995e-01	   7.9619246992658244e-01	   3.9418295838846867e-01	   4.8030983135412975e-01	   8.5041398809463453e-01	   0.0000000000000000e+00	   6.3122576307996392e-02	   3.1330647941256029e-01	  -4.4179515296875770e-02	  -2.8831413782393765e-02	   5.5274399997682722e-01	   5.2127618900091410e-01	  -9.9756521774359064e-02	  -5.4397502655595724e-02	   6.2433447686805965e-01	   6.4406564015539813e-01	  -9.8055595478818855e-02	   2.1929793706172657e-01	   2.7168230597345838e-01	   2.9289723253043864e-01	   1.3422643681302085e-01	   2.6070829191499501e-01	   6.6713897859687143e-01	   5.6674990567871664e-01	  -3.7054733788869731e-01	  -2.8894022697958030e-03	  -1.5649904116069990e-01	  -1.7246831653195421e-01	  -9.7751472050318394e-02	   1.9078990324693228e-02	  -1.8803613709809250e-02	   2.0027272861526790e-01	  -4.5610445748041811e-01	  -3.2792424273218790e-01	  -1.8083848734259966e-01	  -1.3964655053356598e-01	  -3.7080802831315490e-01	  -2.2914698627618346e-01	   4.3154196399054184e-01	   3.5536741813014328e-01	   5.2527424972189474e-01	   5.0252146093139716e-01	   4.4483290936890763e-01	   4.7473949567002105e-01	   4.3269675035874910e-01	   5.4727004408845281e-01	   3.2723713890859213e-01	   4.9942909193476825e-01	   5.3018026771756199e-01	   5.5283381721417202e-01	   2.8177096475953911e-01	   3.5572145507966257e-01	   8.4483651991009392e-02	   2.5200277545270000e-01	   5.0585341191566080e-01	   5.4297760487575375e-01	   2.9484394608492592e-01	   2.8836146242727062e-01	   7.9119983375906297e-02	   1.8330479410060854e-01	   4.5417229158986841e-02	   1.5178869801203237e-01	   4.8417762257415731e-01	   6.1993474830557660e-01	   4.5783520095540226e-01	   5.5377329248744334e-01	   3.7683889809778263e-02	   2.2515683843902853e-01	  -2.0019337743638793e-01	   3.4595550129546915e-01	  -4.1712158796637297e-02	   3.3376325509028743e-01	   3.6105508568493094e-02	   1.6375259314039542e-01	  -1.2412841224561770e-01	  -1.2814714797999244e-01	  -8.6966240940090450e-02	  -9.4756283330440783e-02	   1.5657780205824484e-01	   2.2445463772965704e-01	   1.0296506586972853e-01	   8.9402381544507373e-02	   3.0890844628083730e-01	   2.5950059634950917e-01	   4.2450634122044761e-01	   5.3970710322268378e-01	   6.1533293593615479e-01	   4.9962254562894592e-01	   4.4116219922783206e-01	   5.8275591497955870e-01	  -1.1083191571666789e-01	  -4.5795042853908917e-02	   2.9265169342671954e-01	   3.4011663794348324e-01	   4.6659252241562404e-01	   2.9504262957189104e-01	   3.3742111562976124e-01	   3.2423345782590285e-01	   2.8137189476738100e-01	   3.7477046522913010e-01	  -1.0696599298855827e-01	  -2.1113299002624011e-01	   1.6835049737536395e-01	   2.0653676928919540e-01	  -4.3576927855520725e-02	   2.8820146693553256e-01	   5.0477785300371580e-01	   4.8704711444286009e-01	   4.7918629270522367e-01	   2.2960013644360389e-01	   2.7197441707229608e-01	  -1.4770641587844340e-02	
   4.9755867234254447e-01	   2.4160635437051045e-01	   3.4260235045399590e-01	   2.6361333275443329e-02	   3.3167211370277921e-02	  -1.5569010169090158e-01	   2.8938071921787234e-01	  -4.7472808175850346e-02	   6.5386282069390345e-02	   6.3122576307996392e-02	   0.0000000000000000e+00	   6.0912653635739855e-01	   7.6675411001635019e-01	   3.5403257623613621e-01	   3.8352398655813758e-01	   1.0713001940558406e-01	   3.0831746046644454e-01	   5.6067674924652544e-01	   4.5182346220457742e-01	   2.4126991601232955e-01	  -5.6277496655700449e-02	  -1.8980010167551933e-01	   2.6090584570359199e-01	  -5.1687140214062921e-03	  -1.0796556807567159e-01	  -2.2870032034973320e-01	  -9.0332546217723242e-02	  -2.4486661903967005e-01	   3.6921055661320440e-01	   3.7129487104206843e-01	   1.2265951739194927e-01	   9.2293534999775259e-02	   4.0024213016197169e-01	   3.6008163182785052e-01	  -9.6217178129020781e-02	  -4.1000557256787556e-02	   1.2981027858876724e-02	   1.9212964145484027e-02	   2.0219990726875386e-01	   3.8452769117178674e-02	   1.5302045861284693e-02	   1.0358939699519512e-01	   7.1609104184484240e-02	   1.3160616391930274e-01	   3.5472821130562326e-02	   1.3144188349288721e-01	   9.4082018927790848e-02	   1.6496364077183603e-01	  -1.0540205145291345e-02	   1.2332014929658539e-01	   1.7447854324649172e-03	  -1.2686627879403624e-02	   3.0417285453904136e-01	   1.7695571808352684e-01	   1.9677068692782945e-01	   1.2152467926881350e-01	   2.9479656935799603e-01	   4.8595604031105938e-01	   2.7567667840552840e-01	   5.2504970835139823e-02	   5.8806173546159679e-01	  -9.1262114663728883e-02	   7.6213417686192542e-01	   5.7050504578734040e-01	   1.4690119208602415e-01	  -1.1641901747726144e-01	   1.1825750227048946e-01	   8.0065971754200396e-02	   5.4564639979965510e-02	   1.6555202167889017e-02	   3.8679350823901926e-01	   1.5623403137928710e-01	   3.2700118487281865e-01	   1.7980323478380891e-01	   3.2912780006743186e-01	   2.1536094639874376e-01	   3.4655472494944295e-01	   2.6617440684910687e-01	   3.0270482883768718e-01	   3.3289586303313329e-01	   4.6270204910006296e-01	   4.8291609362611371e-01	   4.0631431120863526e-01	   2.1280939602292209e-01	   4.0105630541246079e-01	   2.6378540342654433e-01	   1.2703991782403917e-01	   3.0939549997765506e-02	   1.7669877063032005e-01	   2.1299637352035922e-01	   2.1649676616215460e-01	   2.2496662723373378e-01	   4.8777505678863513e-02	   1.7739880513777873e-01	   9.7577121781672202e-02	  -5.2486342799890340e-03	   2.1223422159943156e-01	   2.1623519563615790e-01	   1.8559144774083056e-01	   3.4069952727240882e-01	   1.7178827702768368e-01	   3.4803471033718292e-01	   2.3131198110126999e-01	   2.2910257546226198e-01	  -1.6554192554943972e-01	  -1.2086726548398552e-01	  -2.9641673995213302e-01	  -1.3132801029235688e-01	   5.5279659330415475e-02	   3.2384565711554958e-01	   2.9384860804380686e-01	   3.3953804245086400e-01	   3.4358333123351281e-01	   1.4083456718896684e-01	   5.5414142411844877e-02	  -3.1274089978582713e-02	
   3.1540425896018853e-01	   2.2087361343327480e-01	   5.0879048526984993e-01	   2.8478795273464108e-01	   8.1474047527971161e-02	   1.2991693941316690e-01	   3.8133285334378886e-01	   2.7822852964708999e-01	   2.6653911451810364e-01	   3.1330647941256029e-01	   6.0912653635739855e-01	   0.0000000000000000e+00	   5.2361279056255738e-01	   5.2681169491067248e-01	   3.6662042893566515e-01	   3.0843343226374348e-01	   4.9675797062169328e-04	   2.5494653362304259e-01	   4.8382629959584500e-01	   4.0565624635630493e-01	  -1.5741294234469969e-01	  -1.7856413152812772e-01	   3.7105901658689056e-01	   2.3424799631031634e-01	  -3.3968023993491102e-02	  -8.4589163053097549e-02	   3.3416783910799733e-02	  -1.1837040174954275e-01	  -1.6353451006336082e-02	   3.0734306487865959e-01	   1.3651218641785171e-01	   1.1372002059729833e-01	   3.1912669234402347e-01	   4.5562877233093746e-01	  -3.0069281347602742e-02	   1.5808908999870533e-01	  -2.1099023896626867e-01	  -1.4507095852208338e-01	   2.6307486913004156e-02	   1.3738788480699694e-02	  -6.2955772443716140e-02	   2.1661926932412603e-02	   3.3484437387108074e-01	   3.5351010365909352e-01	   2.0232823146626627e-01	   3.3780208887797136e-01	   3.4356652294921869e-01	   3.8545567598303421e-01	   1.9830603742478770e-01	   3.2899903694022481e-01	   2.2344507362480290e-01	   1.7110453461138636e-01	   4.0359499473414839e-01	   2.4139219714471380e-01	   3.0511664643549863e-01	   2.2430044318482104e-01	  -1.1112055446555863e-02	   2.6540048063753791e-01	   2.1951268807883373e-01	   3.1772192024294973e-02	   6.0368931987666108e-01	   2.5779328415830566e-01	   5.3726951130052414e-01	   5.9653181315599135e-01	   7.8332558227632285e-02	   8.8204262048559828e-02	   2.8024428954387465e-01	   2.8945247663438944e-01	   1.4508772078507035e-01	   1.5224893612441354e-01	   4.0348067054694053e-01	   2.1938154574518998e-01	   1.9807608050210451e-01	   2.9920930489522612e-01	   2.2783394011653973e-01	   3.3576364306207779e-01	   3.2817555389958952e-01	   3.6210913221290902e-01	   5.0695243656212502e-02	   7.3646793887878620e-02	   8.5396892641101937e-02	   1.8869286246908623e-01	   2.2048745144181137e-01	   1.9565768729736777e-01	   2.5367338353761321e-01	   3.1658819514397862e-01	   6.7707766790459381e-02	   3.6830715726447083e-02	   1.5048212040814501e-01	   2.5197286021740606e-01	   3.7420335750806094e-01	   1.4810624895468014e-01	   3.2177822590994698e-01	   2.3051801398673455e-01	  -1.2788485742846752e-02	   4.2937624595187948e-02	   2.3070445762767500e-01	   2.5534911321368059e-01	   4.0262448671935785e-01	   3.1615257408961689e-01	   2.8576146368680166e-01	   3.5633501973094006e-01	   2.0517968688856597e-01	   2.1041414739833925e-01	  -8.5999534234474873e-02	  -2.2444871947494405e-01	  -1.1672111328703588e-01	   3.5410772254375278e-02	  -1.0875653689998888e-01	   2.2987818712459079e-01	   3.8074583524796446e-01	   5.2245773762999337e-01	   4.5827478723729775e-01	   1.9058078083008417e-01	   2.7140774371041787e-01	   2.6181460008633045e-01	
   2.7604865867205780e-01	   2.5320128630958144e-01	   2.8128148516072587e-01	   5.9089112473847620e-02	  -5.7929201276374336e-03	  -1.8832608738061882e-01	   2.8629225312170137e-01	  -4.4477220598824321e-02	  -2.6073341365306497e-02	  -4.4179515296875770e-02	   7.6675411001635019e-01	   5.2361279056255738e-01	   0.0000000000000000e+00	   5.5350715312749232e-01	   4.2838710001265401e-01	   1.9857654558687285e-01	   1.2744010804204742e-01	   2.3503016442998073e-01	   3.1586807789412469e-01	   1.1741027614203270e-01	   1.4193410584056357e-02	  -7.8714798428961952e-02	   4.6640462005373889e-01	   2.1489485276307230e-01	   1.4239280794715597e-01	  -4.1453648309097271e-02	  -6.0317268051459913e-02	  -1.8431218746727698e-01	   2.5201558207482638e-01	   1.7904207091688468e-01	   2.2051160809499548e-01	   1.9176365616632662e-01	   4.4287545382204696e-01	   4.2477112345405571e-01	   2.1559738806219930e-01	   1.5381010167199693e-01	   9.6645822158448136e-02	   1.5648213318683252e-01	   2.3968900264762963e-01	   1.2716143438495961e-01	   5.4944012334111102e-03	   2.5731139109114020e-02	  -2.5561806700942317e-02	   3.2413269228254743e-02	  -8.0347948531523019e-03	   2.2419493781727640e-02	  -2.3467580404043883e-02	   5.1260093956997183e-02	  -9.5993383651067798e-02	   5.0356826487056167e-02	   7.6570137005985217e-03	  -8.5315951670713625e-02	   1.9788142176387896e-01	   1.0309847962169423e-01	   1.1251400227163905e-01	   7.3746650468030167e-02	   1.7529682366358679e-01	   3.4452922601003411e-01	   1.0168092708322443e-01	  -6.0444041759427920e-02	   4.9160922270818513e-01	   1.3936063135724194e-01	   6.1608836438747583e-01	   3.4427099608974154e-01	   4.4678046816503264e-01	   1.8816139818465055e-01	   2.3488752870520765e-01	   1.1704082762487808e-01	   1.8902637866020214e-01	   1.0427841156203774e-01	   3.4367664670639936e-01	   2.2928876734287934e-01	   2.3404268065919265e-01	   5.3997580038973099e-02	   3.1399533485015896e-01	   1.6191207560649346e-01	   2.8158830124135326e-01	   2.3032867853595462e-01	   2.1962236212956560e-01	   1.4021578123669445e-01	   3.2015236741147513e-01	   3.6803416288803126e-01	   4.2875555204318233e-01	   1.6277403946003902e-01	   5.4261460232229708e-01	   4.3476217176318144e-01	   1.9663651824417833e-01	   7.0881229080233296e-02	   1.4063838290782654e-01	   1.5373820410286959e-01	   1.3496082393092587e-01	   2.0376681474483535e-01	   7.8177000422248719e-02	   1.9708004550660937e-01	   1.8635047740279698e-01	   5.9253625134879306e-02	   1.7343307423905302e-01	   1.2574963251059268e-01	   7.7190584760165451e-02	   1.7053506173708605e-01	   9.6561858458784913e-02	   2.3919773468393435e-01	   1.4023689790051197e-01	   9.2346904343302380e-02	   3.5284404966497707e-02	   1.1230388416098741e-01	  -1.3729062085076882e-01	  -1.2941791393966698e-01	   6.1765308354443958e-02	   2.3904007903192226e-01	   1.4176811951782531e-01	   2.0306531359711144e-01	   2.5984825576866888e-01	   9.3673594258414761e-02	   1.0125473740709778e-01	  -1.1720445524364503e-02	
