   0.0000000000000000e+00	   8.1058684160867611e-01	   6.3817391967394332e-01	   5.8632619417341558e-01	   5.2195642210732784e-01	   3.9179093180549418e-01	   3.8980972706964861e-01	   3.7077556292398983e-01	   5.7920018779793669e-01	   3.8367177814129266e-01	   2.3168654611424455e-01	   1.8890769251350539e-01	   6.5688012652715830e-02	   4.9165604929539974e-02	   6.9952331895463737e-01	   5.6342050833653701e-01	   5.3846554364155441e-01	   3.5895290604427865e-01	   7.2852884489954917e-01	   6.7775704415338323e-01	   1.2084333163709614e-01	   2.5911466261379118e-01	   4.3822166867775558e-01	   4.3050710814199167e-01	   4.8913929271455181e-01	   4.1905638535930434e-01	   2.6492957456570670e-01	   2.6999032096015635e-01	   9.6422403166161741e-02	   1.5285152190530368e-01	   2.9741346009691888e-01	   2.1339407147512549e-01	   2.1860394299509642e-01	   2.7084467192625394e-01	   3.1478941993168313e-01	   2.7980612420348366e-01	   1.8242008652028095e-02	  -3.3000318071663051e-02	   2.8342440374278133e-01	   2.1491164121498338e-01	  -2.7026195654197286e-02	   1.9177146009883250e-01	   2.5255560713358111e-01	   1.9406146295872978e-01	   2.9879086629010551e-02	  -6.7291059860958673e-03	   2.9545623570967400e-01	   3.3149459871516862e-01	  -1.1545074189825844e-01	   4.4401524440819892e-03	   1.4093844727044375e-01	   2.9647157629649246e-01	   5.4416496359524369e-01	   5.4061896412674415e-01	   4.6199596052504932e-01	   4.5870163721729373e-01	   7.3290436726815300e-01	   7.8367763594376494e-01	   4.3168780475225843e-01	   3.6715531447956989e-01	   3.5013431183789290e-01	   2.3690849177092133e-01	  -5.3661170576003489e-02	   1.4771918574901632e-01	   1.7165036454153068e-01	   1.2619501427548718e-01	   3.8129606677856531e-01	   1.9734588651689364e-01	   6.5506403371393696e-01	   4.3187779684041705e-01	   3.1776191674417031e-01	   3.4475516933548789e-01	   3.4618865140914407e-01	   8.3906318467105334e-02	   4.5126841675543816e-01	   3.9852531870494484e-01	   4.1282889250131971e-01	   4.0966929231192878e-01	   4.0395325174869701e-01	   3.4409484638264703e-01	   4.7736605098157281e-01	   4.9476768830544893e-01	   5.9114850094254390e-01	   5.0834940407319107e-01	   5.1781595996371244e-01	   5.1215490802775865e-01	   7.3036295327080980e-03	   3.9594084935481327e-01	   5.7799230471810703e-01	   5.3896863022273767e-01	   5.9670821724808865e-01	   4.8204217716830206e-01	   4.7952340315551834e-01	   4.3965628266015067e-01	   7.2540459594325184e-03	  -1.5495091990565096e-01	   2.9157744472565850e-01	   6.3605769579649196e-02	   5.2478018292538775e-01	   6.5751081413308532e-01	   3.7455125993533062e-01	   3.2274857162293552e-01	   3.1061780133612638e-01	   8.8640458430081198e-02	  -1.4415559606157896e-01	  -3.3381773306395335e-01	   2.3846131199866560e-01	   7.3689326150866791e-02	  -1.2490946531811177e-01	  -1.5014250327969950e-01	   2.7740394567294768e-01	   3.9593195928322089e-01	   4.8753825911380205e-01	   4.0520637366353313e-01	   1.4261966563979825e-01	   1.1387478072618790e-01	
   8.1058684160867611e-01	   0.0000000000000000e+00	   6.1155199051084441e-01	   5.1315747459606853e-01	   3.9285989257548098e-01	   3.6264252997451529e-01	   3.9526382477468941e-01	   4.4585867986378380e-01	   4.9706498965353330e-01	   4.2312719395019327e-01	   2.2998703245841923e-01	   3.8813132566393754e-01	   6.3738875819258578e-02	   2.0742643876949424e-01	   6.4592590560726915e-01	   6.0652754351718796e-01	   3.1539345657927431e-01	   3.9063158162654321e-01	   6.9203462359871615e-01	   7.1794959115870927e-01	  -1.2912487958181723e-01	   4.7308023292800164e-02	   3.2825291711809790e-01	   3.2706898382933614e-01	   2.0844451089696447e-01	   1.5538371481889665e-01	   1.7693021291029792e-01	   2.0231300254514839e-01	   4.6726231381205435e-02	   2.7271620100578337e-01	   1.1971971271736298e-01	   8.8812555972844348e-02	   3.2046024481438495e-01	   3.2220360778349633e-01	   2.0390946434626359e-01	   2.1288128410319157e-01	  -1.4903711729569721e-01	  -2.3297924984337315e-01	   1.9534704127243346e-01	   1.5468194367330018e-01	  -1.4209442467701355e-01	   1.5322457948481127e-01	   3.0246910123281634e-01	   2.2618686697153667e-01	   1.1779292598919772e-02	  -3.5442559645220417e-02	   3.1609028784860627e-01	   3.5550240785158982e-01	   5.3701925174975573e-02	   1.3871675012595258e-01	   3.0534791557377733e-01	   4.1082169478577746e-01	   6.1587554383771903e-01	   5.9935859347652853e-01	   4.6088593387178844e-01	   5.3128314504019303e-01	   7.0609242482314327e-01	   7.9936687366580772e-01	   4.0228556063699927e-01	   4.3371107188968916e-01	   2.9373119137568421e-01	   1.9102349913851244e-01	   5.1887337750423108e-03	   2.3150674490935599e-01	   2.8467029247424731e-02	  -6.8397019867396325e-02	   1.0598133363589085e-01	   1.5987672838395230e-02	   6.4706283284038868e-01	   3.7291235221202357e-01	   6.7627309814120407e-02	   9.6547837249357754e-02	   3.4646852481991253e-01	   1.6957816137329559e-01	   4.9843821953678819e-01	   3.0988233637280438e-01	   2.7174234633435790e-01	   3.8326880800840019e-01	   3.1524820323629632e-01	   2.9289969380782199e-01	   3.8701408972602352e-01	   5.0975999740747213e-01	   4.7756902479920915e-01	   4.4996363325766447e-01	   4.4935653383601515e-01	   4.8708983457092736e-01	  -3.6925740379022111e-02	   3.3251351129986606e-01	   5.6409776794450417e-01	   6.1015827202633888e-01	   5.5499742712676237e-01	   3.8165196066227575e-01	   3.4946907834370966e-01	   3.0041875756065889e-01	   8.4854839052133035e-02	  -9.3296114577105335e-02	   2.9350435729404989e-01	   1.7160019265232190e-01	   5.2115593331439924e-01	   6.1747511099683194e-01	   3.6045327557192230e-01	   2.2188710047710442e-01	   2.7232560299652381e-01	   5.4408861379468869e-02	  -2.9730118059252542e-01	  -4.5417544696998347e-01	   1.6230493346899305e-01	   4.3343426424039398e-02	  -1.5367208944720218e-01	  -7.2557166916535687e-02	   4.1070042957119712e-01	   4.3757948823825299e-01	   5.5562877855408865e-01	   5.1022575708130891e-01	   9.4968462099076167e-02	  -6.3175529791349536e-02	
   6.3817391967394332e-01	   6.1155199051084441e-01	   0.0000000000000000e+00	   8.2802169656277680e-01	   6.4903885455289023e-01	   6.7523951501627266e-01	   7.6497583973131877e-01	   6.3806282023486438e-01	   6.1231766016880707e-01	   6.1643403143636588e-01	   2.3433048015737784e-01	   1.7199979658245279e-01	   1.9987225450326662e-01	   1.5378073303509213e-01	   8.0241828439587004e-01	   7.9039528445908880e-01	   5.5948794623927850e-02	   1.3200748589937250e-01	   7.9509997261017307e-01	   7.4177473080256418e-01	   2.3464972900868544e-01	   4.2470726226650729e-01	   7.5209659781732541e-01	   7.0628050761112082e-01	   4.2444588740724859e-01	   4.7036536300332099e-01	   4.3582057227694149e-01	   5.4079875506092800e-01	  -1.5823830755565890e-01	   8.4184281153685148e-02	   3.6460128831569549e-01	   3.8064363289540182e-01	   2.6720223220702410e-01	   4.2291573053823145e-01	   4.8020395954248396e-01	   5.2529904617311618e-01	   1.1414773200753705e-02	  -5.9345402841204965e-02	   3.2509760460481285e-01	   2.8112256221752724e-01	   6.4372912014488151e-02	   3.4050259234672603e-01	   3.8108722101188935e-01	   2.5403447894093667e-01	   1.9874210314992799e-01	   4.6283939044626639e-02	   4.6615046542465022e-01	   5.0010432746367817e-01	  -1.1525213093308384e-01	  -5.0149256322717134e-02	   5.2253446584935401e-02	   1.7365076447729166e-01	   5.2528630544216992e-01	   5.3999065627974974e-01	   4.5794371422109920e-01	   4.5645776972168750e-01	   3.6327629439708620e-01	   4.8421131031917564e-01	   3.9963853645756542e-01	   2.3499079430076023e-01	   4.1586098892600437e-01	   2.6874759865759357e-01	   6.7049679022813072e-02	  -4.9867649586354458e-02	   4.4639607575033902e-01	   2.8975520138341276e-01	   4.9773797978345102e-01	   3.3665204970301699e-01	   6.4268677349701142e-01	   5.0719918095106820e-01	   5.1473873052947358e-02	   2.3067886468180795e-01	   9.6859247106216184e-02	   1.1398429956733441e-01	   2.6187361910524903e-01	   2.7834746402056926e-01	   2.9712274453028342e-01	   3.0135598358049165e-01	   1.2756425636511981e-01	   2.0568388693808404e-01	   3.2697714341272127e-01	   5.0154204719052209e-01	   6.9797834211155318e-01	   7.0416062284944303e-01	   6.1863156370538153e-01	   6.8266007234353321e-01	   1.6814119352005819e-01	   4.0690400554440959e-01	   6.8636439245721559e-01	   6.0946536377020699e-01	   7.7840834692999905e-01	   7.2232624219832908e-01	   6.8169064591114659e-01	   7.0935329123686197e-01	   2.1927875856746010e-01	   4.4968002752357975e-02	   5.3508972549679323e-01	   2.6659135824643365e-01	   5.0858289487654074e-01	   6.8133196069175739e-01	   2.1344306524074264e-01	   1.9385345209786722e-01	   1.4968633290740208e-01	   5.8976270065249276e-02	  -2.6520479372401395e-01	  -3.8688425617452193e-01	   1.6869219979087696e-01	  -1.3588988930083267e-02	   1.0614057859963489e-02	   7.3112068013097276e-02	   5.8628419961733380e-01	   5.0413295919258250e-01	   5.9788001177718009e-01	   6.1619579401661151e-01	   2.7711139721040157e-01	  -1.5677974502938202e-01	
   5.8632619417341558e-01	   5.1315747459606853e-01	   8.2802169656277680e-01	   0.0000000000000000e+00	   6.5780270006125208e-01	   7.6647451837732183e-01	   6.9440843026469823e-01	   7.2499215824926688e-01	   7.4586996376392989e-01	   7.4068552489532247e-01	   1.7475996999298865e-01	   2.0596657860406181e-01	   6.4829134139495051e-02	   1.2219622359983880e-01	   7.3928146082299961e-01	   7.6394961674100381e-01	  -3.1899482880937240e-02	   6.8523580711961493e-04	   8.0812421636702636e-01	   7.9886128727581374e-01	   2.0102748291829126e-01	   3.5765464442000072e-01	   6.7125168545222014e-01	   7.2993889141250135e-01	   4.4987333240923555e-01	   6.4337010857578614e-01	   2.8456757992724241e-01	   4.3367783643798880e-01	  -1.1857490960929942e-01	   1.3677183799719123e-01	   4.3402546125887642e-01	   5.5056192581739372e-01	   2.6418882547957717e-01	   5.2339716540489578e-01	   6.2825146528017173e-01	   6.9141474047778428e-01	   5.7093794003466355e-02	   4.8899173082871859e-02	   1.6294262753265334e-01	   2.0107365628035956e-01	   2.0686391229956994e-01	   4.0408429705774396e-01	   4.9933203408336652e-01	   3.1025529536102642e-01	   2.9031288137262368e-01	   1.5616181366041731e-01	   5.5421325310771496e-01	   5.4596582207082878e-01	   1.7140885284250918e-03	   6.7680389227449442e-02	   1.8280490189428111e-01	   2.9265610103637069e-01	   5.6591448386701204e-01	   5.3284005706404680e-01	   3.4715196300850037e-01	   3.8930970851284274e-01	   3.5522850108420723e-01	   4.3254363816214569e-01	   5.4992335759094602e-01	   3.1051180641153675e-01	   4.7480509484861849e-01	   3.2377726014209784e-01	   8.4791842693523481e-02	   6.3315376195150569e-02	   3.9610566490685545e-01	   4.4666949729784788e-01	   6.4561195962422591e-01	   5.4212037141675673e-01	   7.1712703147326762e-01	   5.4093786225982887e-01	  -5.3536054810455827e-02	   8.4959140819512585e-02	   2.1571973313099946e-01	   2.3352269139617499e-01	   3.5491016950318599e-01	   3.6921785263925888e-01	   4.3148414411896130e-01	   3.6106797394351126e-01	   4.6407760779767632e-02	   1.4283998430778505e-01	   2.6518838724429417e-01	   5.3744975026636621e-01	   7.1869340708824181e-01	   7.8995155313926380e-01	   6.2700701923366153e-01	   7.9435729705371572e-01	   5.0164016979007436e-02	   4.3323078027952844e-01	   5.4293584111150350e-01	   4.9768179503644971e-01	   8.1231519514077299e-01	   7.1193446695829410e-01	   8.2803426552160175e-01	   6.5830744365919847e-01	   2.0056150562782921e-01	   8.8035863482469279e-02	   3.7730937763383943e-01	   2.3782982891026089e-01	   5.2650720846550625e-01	   6.1587181743644515e-01	   2.4011698607967477e-01	   1.7742050257844350e-01	   1.2889542519777084e-01	   7.0551988602207877e-02	  -2.4859615249182893e-01	  -3.7517310686374256e-01	   1.1197813236158104e-01	  -8.1088652474100784e-03	   2.5056564859732372e-02	   7.0298395158420512e-02	   6.1976619300639935e-01	   6.0617116198961407e-01	   5.9250364984114468e-01	   5.1131090475311680e-01	   2.4320746231980517e-01	  -1.1490065337297638e-01	
   5.2195642210732784e-01	   3.9285989257548098e-01	   6.4903885455289023e-01	   6.5780270006125208e-01	   0.0000000000000000e+00	   6.7960411592565206e-01	   4.1041191085194506e-01	   3.5579501173073891e-01	   7.0610690955015287e-01	   4.2528608222205266e-01	   7.6897753070520491e-02	   1.0595840350433491e-01	   8.5765232785910500e-02	   7.0526658261510000e-02	   5.9664949067703754e-01	   5.7313803361854321e-01	   8.8574628796677407e-02	   1.0274249372235048e-01	   5.1331308164574974e-01	   4.3188661988157628e-01	   2.3213399630530190e-01	   4.8992084330734242e-01	   5.0740777281362148e-01	   5.3870235048567605e-01	   5.4578337805991473e-01	   6.5914974272844629e-01	   6.3679934797707372e-01	   6.2471105171251218e-01	  -3.0544218889380276e-01	  -1.8875286015473589e-01	   3.1051344984765328e-01	   2.6792237629361049e-01	  -5.5292963866381953e-02	   1.3490505242836021e-01	   4.9311001178191916e-01	   4.8154882561520335e-01	   2.3120167933919816e-01	   2.5010988830113839e-01	   3.8840092901663381e-01	   4.2408834355132297e-01	   2.5102676404143398e-01	   4.3064108494420184e-01	   3.1745548831600001e-01	   2.0780995436527741e-01	   2.3942287794956033e-01	   1.7608560390037403e-01	   4.0798922533947096e-01	   3.6567096419196349e-01	  -1.0258690492132466e-01	  -6.3451576120906045e-02	   3.7507670157342077e-02	   1.0964060547251857e-01	   3.9303590497956731e-01	   3.5962739048589182e-01	   3.3915945216931609e-01	   2.6689192730196998e-01	   1.5517575613920565e-01	   3.4296245919805690e-01	   4.3914412482953691e-01	   1.9440570654754322e-01	   3.6415655212243786e-01	   1.7271735628142934e-01	   1.1462378901756791e-01	  -1.6115023230838968e-01	   4.9904172518277484e-01	   3.8184630523064811e-01	   6.0919057958367417e-01	   4.9153266467752471e-01	   5.0150422219992374e-01	   4.4716370119980825e-01	   1.2187132384340156e-01	   2.0716989433314362e-01	   4.3049399943516829e-02	   7.4762901152261391e-02	   1.0716695674920754e-01	   4.4416249392071572e-01	   3.6865439913135689e-01	   2.8565102175809881e-01	  -1.1480261154473484e-01	   1.4933005134678945e-01	   1.6681174617309275e-01	   3.3534083364654799e-01	   4.3222773725927327e-01	   4.8736469065814947e-01	   4.6893427794818843e-01	   4.8364863296135019e-01	   1.0891846868157230e-01	   3.8980093359684698e-01	   4.1252558660462679e-01	   3.9474792178642004e-01	   5.6007287546616547e-01	   4.8337637881436146e-01	   5.3075008667216883e-01	   6.2274946538667164e-01	  -8.3069955368967663e-02	   1.5654757310330832e-02	   2.2285338217710599e-01	  -2.4372570571477833e-02	   4.0856418187076482e-01	   4.7402222571645986e-01	   3.0589214437613838e-01	   3.3383966474130233e-01	   2.2003505118492125e-01	   1.0989271996422048e-01	   3.4718001349962552e-03	  -2.4267646997041392e-01	   2.9252983755296191e-01	   6.1932484405160637e-02	  -2.6816752595202841e-02	  -8.6829508105355765e-02	   1.9726753339929987e-01	   2.9231653708116279e-01	   2.2411705280760275e-01	   3.4477925073654175e-01	   2.0944431093361085e-01	   2.7591343625223731e-02	
   3.9179093180549418e-01	   3.6264252997451529e-01	   6.7523951501627266e-01	   7.6647451837732183e-01	   6.7960411592565206e-01	   0.0000000000000000e+00	   6.1234194888829241e-01	   6.1351461173106170e-01	   6.6693418005044780e-01	   8.2093183003142067e-01	   1.0028144978294053e-02	   1.2676472500968411e-01	  -1.4722930946225069e-02	   6.5917040205908592e-02	   5.6436303708095270e-01	   6.6202496891150719e-01	  -2.3385213363374269e-01	  -9.5795620794219480e-02	   5.9872421910231788e-01	   5.8255768935018293e-01	   2.6151159706411109e-01	   4.6708857676843385e-01	   4.5230583228665078e-01	   4.6600181980820715e-01	   3.4911848103281884e-01	   5.9269446033633810e-01	   4.2046519521865311e-01	   5.6316670395166590e-01	  -3.1678242237716159e-01	  -4.3712873334391660e-02	   1.6369589705869964e-01	   2.8197210035242010e-01	   1.0100374227345710e-01	   3.8050036122250863e-01	   5.6108769454657281e-01	   7.1466953232029695e-01	   9.8899388673940131e-02	   1.5782199778568043e-01	   2.0356865421995970e-01	   2.9782419087957723e-01	   2.5373845761994590e-01	   3.4161047377015397e-01	   2.9720726966356864e-01	   1.8826815346777470e-01	   3.1035056365941410e-01	   1.9197046938262097e-01	   4.5854252845430127e-01	   4.8449023040616968e-01	   2.8377229753182277e-02	   1.5133349634508753e-01	   1.5373845873146452e-01	   2.8772041515624391e-01	   4.7580110638155604e-01	   4.9126431293761119e-01	   4.1222821785051023e-01	   4.6119371821884614e-01	   1.6645178185770756e-01	   3.1118033940397177e-01	   5.6730337165620792e-01	   3.5445872243053600e-01	   4.4368466817044305e-01	   3.3151498224934151e-01	   5.6870361699879586e-02	  -1.3047157897623579e-01	   3.3712257472282703e-01	   4.0306160079381181e-01	   7.0043981854103410e-01	   6.3479338992553414e-01	   5.8907713786146543e-01	   5.1984978296751516e-01	  -1.8686309729359890e-01	  -4.2609750151899585e-02	  -5.9957345430345102e-02	   3.3044912095864348e-01	   1.8016816381630238e-01	   2.9011839383100646e-01	   2.2026080233367790e-01	   2.5650082885224157e-01	  -1.0942690946177834e-01	   1.0310325193816061e-01	   1.0953160055415161e-01	   3.2737933582571777e-01	   4.7767228607658230e-01	   6.2008209521706326e-01	   3.8262072778007755e-01	   5.7160806987737411e-01	  -1.0096620825144217e-02	   3.9279919142959629e-01	   5.2452110008132147e-01	   4.8806848997482771e-01	   6.8412477723040044e-01	   6.8889080289530247e-01	   6.6716979326212478e-01	   6.4487162692082145e-01	   9.9001969691944788e-02	   1.2741260917459812e-01	   2.8991474580163207e-01	   7.2788951141379094e-02	   4.6383783811866375e-01	   5.4114890180808606e-01	   2.1077560532251854e-01	   2.4391725579501017e-01	   1.4269960447875457e-01	   1.3957117769480265e-01	  -1.6222913324720360e-02	  -2.2591678323266434e-01	   2.5230850690178402e-01	   2.1275436034267592e-01	  -5.4854100589082869e-02	  -7.6866585588696815e-02	   4.5973441176101876e-01	   4.4218107229150194e-01	   4.3719444895915260e-01	   4.7700696658134562e-01	   3.0606480585798679e-01	   6.2708904729554496e-02	
   3.8980972706964861e-01	   3.9526382477468941e-01	   7.6497583973131877e-01	   6.9440843026469823e-01	   4.1041191085194506e-01	   6.1234194888829241e-01	   0.0000000000000000e+00	   8.9111148318713362e-01	   4.7544680859797794e-01	   6.0958661824702287e-01	   2.3125547938451929e-01	   2.6443989954125635e-01	   2.8536485293401370e-01	   2.9944962646217521e-01	   5.5598541009368840e-01	   5.6023342873695259e-01	  -1.5845811414833572e-01	   5.4294487138963891e-02	   5.9301140003888519e-01	   5.8583184456626236e-01	   1.6863036914852669e-01	   2.4730573199649106e-01	   5.0600357102211369e-01	   4.6458935765998344e-01	   1.2101978940654930e-01	   2.8764352842217977e-01	   1.6771300940643502e-01	   2.6299000576207071e-01	  -9.8828355569859153e-03	   2.7563463042748482e-01	   2.0049091729960522e-01	   3.1849102132611296e-01	   2.5659928044287961e-01	   4.0486171834749829e-01	   2.5481476491109378e-01	   3.9273583580919402e-01	  -1.5020171761091877e-01	  -1.6185919889110242e-01	   1.6830516090813682e-01	   1.2249021900020585e-01	  -7.4010303879822353e-02	   2.0481132360698195e-01	   3.1406510118568487e-01	   1.4380677934132768e-01	   2.6047937216722300e-01	   5.3430523053651161e-02	   3.5210621481737658e-01	   3.5396370778903402e-01	   7.1286601448770026e-02	  -3.2927630583242259e-02	  -3.6310147338607546e-02	   8.2384331208965905e-02	   2.9309876217014919e-01	   3.0448848982005183e-01	   3.4929718682195532e-01	   3.0632714545383360e-01	   2.6800343178252134e-01	   3.4443978986209967e-01	   4.6551471155476276e-01	   2.7092193080881866e-01	   4.8499748752797611e-01	   4.5568825160746940e-01	   1.8791826317597266e-01	   1.7702455885568505e-01	   2.2189434336262576e-01	   1.8921872469549056e-01	   4.7269950536562233e-01	   3.8199038427702336e-01	   5.0702062802377346e-01	   4.2119698037564418e-01	  -2.1442945211230746e-01	   3.3900767720714764e-02	   1.6702819573343278e-01	   2.9146332016389309e-01	   2.1895921323254725e-01	   4.4346977617512010e-02	   1.1400144506754920e-01	   2.0821247389279351e-01	   2.9592315862906629e-02	   6.1840292857508430e-02	   1.7729974595445946e-01	   3.6219230096872229e-01	   4.7311160527259050e-01	   5.5522261834064213e-01	   3.1571591146507799e-01	   5.4918861278535647e-01	   7.1186758579233636e-02	   2.0645679758183158e-01	   5.9678486689049115e-01	   4.7884572197100317e-01	   7.1950347736715137e-01	   6.8190283577152300e-01	   7.1152001673449516e-01	   6.0578970025734402e-01	   2.4915702463580669e-01	   8.9594897357051131e-02	   4.1707912409666908e-01	   2.5676127805653531e-01	   4.6417477247866140e-01	   5.4464764572057067e-01	   3.0171519060309360e-01	   2.4770558530120312e-01	   2.5902770344335957e-01	   3.1717936406325931e-01	  -3.4126978650460667e-02	  -1.9719116587862967e-01	   2.8064007988458711e-01	   2.1254569296597003e-01	   1.1811071597997633e-01	   1.0410731324976898e-01	   6.0874017037953898e-01	   4.6604405303053242e-01	   6.2725182798298218e-01	   6.7382968378223218e-01	   3.3238502768131417e-01	  -3.7131007200663660e-02	
   3.7077556292398983e-01	   4.4585867986378380e-01	   6.3806282023486438e-01	   7.2499215824926688e-01	   3.5579501173073891e-01	   6.1351461173106170e-01	   8.9111148318713362e-01	   0.0000000000000000e+00	   5.1887266380263275e-01	   6.4118720417036146e-01	   2.5429396983352492e-01	   3.9679197380913389e-01	   2.5950346392140855e-01	   3.5622975949252522e-01	   4.9684688902604168e-01	   5.0396533114636033e-01	  -2.2072562343518820e-01	   2.4604488935531738e-03	   5.7439495410139974e-01	   6.2753717785657059e-01	   2.1588334439157537e-02	   9.4616915080603520e-02	   3.9424572235936722e-01	   3.9125654422480682e-01	  -4.8439066350131621e-03	   2.0787432139544509e-01	   7.7953941292833867e-02	   1.8195535005098290e-01	  -1.7053045593031758e-02	   3.1691265764486748e-01	   2.2955083431623510e-01	   3.8016934892371396e-01	   3.2140697322361228e-01	   5.0183161667188614e-01	   2.8277730066273510e-01	   4.2713313403788777e-01	  -2.1810072476013784e-01	  -2.0017917222578818e-01	   6.6448208044465232e-02	   6.7409804862519351e-02	  -8.8602214715474678e-02	   2.0515501459767965e-01	   2.9538464262693931e-01	   7.4285438725069083e-02	   2.8018259855660999e-01	   6.6373886640217525e-02	   3.1942076390680413e-01	   3.0741565764218520e-01	   1.9656854531151291e-01	   9.8612161230551026e-02	   8.5112497088514608e-02	   2.1872266673031565e-01	   3.1739300437996559e-01	   2.8739492976780512e-01	   3.3226773287728362e-01	   3.3886961861610321e-01	   3.0143604718054157e-01	   3.3685709983370277e-01	   5.6908328701529576e-01	   4.0169003901381667e-01	   5.2667173925046362e-01	   5.6763904469412019e-01	   1.3991148312048096e-01	   3.0233228810289847e-01	   2.0780358631892792e-01	   2.3505370399191486e-01	   4.3026346546111710e-01	   4.1894929380726009e-01	   4.9795487033413910e-01	   3.6327143109964977e-01	  -2.8031177008272445e-01	  -8.9084681085097400e-02	   2.8322973007285002e-01	   3.5049537411456383e-01	   3.4780487918102676e-01	   1.4074600791495387e-01	   1.6246643509026704e-01	   2.5291234882493341e-01	  -2.1574647005990509e-02	   7.2812618575462456e-03	   9.6730428195813026e-02	   3.8029941504312037e-01	   4.6247118201745469e-01	   5.5785629318621011e-01	   3.1028504309698896e-01	   5.8547976172155314e-01	   5.3344552110415472e-02	   2.3977446607894393e-01	   5.2737344584730639e-01	   4.9150426016025472e-01	   6.7374017527756025e-01	   5.8377274055822781e-01	   7.3295473135909517e-01	   5.3851870853947525e-01	   1.9882735176223509e-01	   7.2464633805990844e-02	   3.2811294694356952e-01	   2.6546169365913497e-01	   5.0095240753256209e-01	   5.3920973514264647e-01	   3.8506237019011547e-01	   3.0723316108628529e-01	   3.3582777979939771e-01	   3.5786564471609383e-01	  -7.5258032683868867e-02	  -2.5340019452562279e-01	   2.7958861135133828e-01	   2.4345341420027430e-01	   6.6780204403930885e-02	   1.5226352670854382e-01	   6.1053871177016750e-01	   5.1631511909333794e-01	   6.5388334036649631e-01	   6.4369730905999534e-01	   2.7634362523044442e-01	  -2.6318325461570272e-02	
   5.7920018779793669e-01	   4.9706498965353330e-01	   6.1231766016880707e-01	   7.4586996376392989e-01	   7.0610690955015287e-01	   6.6693418005044780e-01	   4.7544680859797794e-01	   5.1887266380263275e-01	   0.0000000000000000e+00	   7.1886037508421285e-01	   9.0419895279921697e-02	   1.2327712774090659e-01	  -5.1862908863724411e-02	   9.1552843267978280e-03	   6.7731021406447600e-01	   6.4331457032558248e-01	  -2.7939514175686037e-02	  -6.0755490481084105e-02	   6.1250762830075733e-01	   6.6282778085461436e-01	   1.1919605325441446e-01	   2.7461964883287299e-01	   2.9034580548447075e-01	   3.6814726860639185e-01	   2.6847846904897049e-01	   4.6150317350828424e-01	   2.4437939897150657e-01	   2.6154994623108241e-01	  -1.5260078491539553e-01	   8.0848279656148825e-02	   2.1026137322899197e-01	   2.1359302409035386e-01	   4.5511547284724264e-02	   3.2122826237080759e-01	   3.5945564416585790e-01	   4.3579075463825473e-01	   1.2921049644351243e-01	   1.4351296786758921e-01	   1.7224267136127452e-01	   2.0358403139718190e-01	   2.0980572120119501e-01	   3.8582949560550839e-01	   3.9632789259322510e-01	   2.3583657432270713e-01	   2.1261399308486262e-01	   1.3021839759085851e-01	   5.0971907626387825e-01	   4.3106456428540074e-01	   7.6408670305760512e-02	   1.5091787861054834e-01	   1.8536752418438132e-01	   2.8914520430439550e-01	   5.6577835237634688e-01	   4.8909714614346217e-01	   4.1692957045712631e-01	   3.4767614067048569e-01	   2.7665766895001831e-01	   3.9500411025443222e-01	   6.4623117829038990e-01	   4.9226256048717332e-01	   3.3105814942429501e-01	   4.2189853161828095e-01	  -1.9927495717233329e-01	  -1.2367707941862435e-01	   1.6932099160681968e-01	   2.8027136013996962e-01	   5.3616791760864824e-01	   4.2421455696579091e-01	   6.3817944172107044e-01	   4.7143528091177123e-01	   6.2894399951737619e-03	   4.5046705321928185e-02	   1.6424739158382692e-01	   3.3918763902354221e-01	   2.9976213727008405e-01	   3.6807308372012859e-01	   4.1841288984524377e-01	   3.9686747416978907e-01	  -7.6080423293732463e-02	   1.7283874340747407e-01	   2.3303402685321481e-01	   3.8455815544468697e-01	   6.1294747148695916e-01	   6.2905254624033446e-01	   3.8447483288470430e-01	   5.0068418504321510e-01	   1.4725502327665292e-02	   2.9643104691013722e-01	   4.6725279754499793e-01	   4.6452115607487288e-01	   6.8326336576872870e-01	   5.3527459928803600e-01	   6.5561951387389539e-01	   5.0686273825493533e-01	  -7.3678000746155867e-02	  -1.2040579395152752e-01	   1.8500853779381141e-01	   7.9231880110256489e-02	   5.1673150765685893e-01	   4.8484469709915784e-01	   2.9932587064605498e-01	   2.3157259644846817e-01	   2.3385766075855624e-01	   2.2481441818952428e-02	  -9.7055795422413910e-02	  -3.5614945665039921e-01	   3.9181588168726444e-01	   6.8941516082333065e-02	  -2.0928931470287182e-01	  -1.9882489447890916e-01	   3.6865312071573236e-01	   3.6158237348538530e-01	   4.4894379445151800e-01	   4.3329047128379566e-01	   2.8843736927761077e-01	   1.2210060273298984e-01	
   3.8367177814129266e-01	   4.2312719395019327e-01	   6.1643403143636588e-01	   7.4068552489532247e-01	   4.2528608222205266e-01	   8.2093183003142067e-01	   6.0958661824702287e-01	   6.4118720417036146e-01	   7.1886037508421285e-01	   0.0000000000000000e+00	   1.0627667026103777e-02	   1.1973493741798183e-01	  -1.2426417618733682e-01	  -2.7536221232798828e-02	   5.7112880637315167e-01	   6.7019066204821520e-01	  -2.8614633293386033e-01	  -1.8858778574763485e-01	   5.8262929802227259e-01	   6.1247693847090567e-01	   4.6136321581446690e-02	   2.0750587492408212e-01	   3.3595726997286568e-01	   3.6126665979920758e-01	   9.4858154404740588e-02	   3.5473253733111426e-01	   1.1397860933020877e-01	   2.7955230013555943e-01	  -2.3216461879512879e-01	   1.0049101516173742e-01	   6.2394587223972058e-02	   2.3543239735042559e-01	   2.1613224351422952e-01	   4.9783705020705971e-01	   4.2959635644379546e-01	   5.8804377631234084e-01	  -6.6618526848920098e-02	  -3.6640016706897337e-02	   4.2261886263050587e-02	   1.0293411092237417e-01	   1.5877242645410286e-01	   1.9056120811779409e-01	   3.2305885227818942e-01	   1.6885027204216610e-01	   2.0500346801181393e-01	   9.3096142762823006e-02	   4.4198429799993200e-01	   4.1897302364428068e-01	   5.0256473779732629e-02	   1.9284627194995968e-01	   1.9486279061724857e-01	   3.3391983457345481e-01	   5.6132323569858933e-01	   5.0458535040754482e-01	   4.0426375784525403e-01	   4.5649934457868979e-01	   2.5458004846009219e-01	   2.9266021822583510e-01	   5.6700656035397690e-01	   4.0672645989538836e-01	   4.9803582510650191e-01	   4.9824654801192841e-01	  -7.7018933019022434e-02	  -1.2996979223154206e-01	   1.8198636502055227e-01	   3.6307852065436619e-01	   5.6038917439768776e-01	   5.0163326269369446e-01	   5.6737654777654467e-01	   3.7941625344805285e-01	  -2.8493810674400788e-01	  -2.0824586914787099e-01	  -5.9206553843007353e-02	   4.0167238214960838e-01	   2.7206959462255148e-01	   1.3107245807808887e-01	   1.3915423900960455e-01	   1.9753715929901308e-01	  -1.0914523876924193e-01	   8.7725584889979308e-02	   7.5574980279570089e-02	   3.2874430532834586e-01	   5.6476399623484208e-01	   6.3407004406474388e-01	   3.4154311393808889e-01	   5.7273243677651964e-01	   5.3265371074606216e-02	   3.6524501770550638e-01	   5.8845291429336533e-01	   5.3543193560107238e-01	   6.8597343191690996e-01	   6.1795938917851290e-01	   6.4677623325822209e-01	   4.8957619757764859e-01	   1.0433906422801638e-01	  -1.7495798574078613e-03	   2.5597243552033755e-01	   1.1164628261616777e-01	   4.1535865994824223e-01	   4.7284526691301454e-01	   9.9391816424299922e-02	   6.1220794302186937e-02	   3.7432682547725409e-02	   1.7373909101976406e-02	  -1.8657336919927991e-01	  -2.9811086338560727e-01	   2.4271871901312675e-01	   1.5886926639678839e-01	  -1.5548725262071714e-01	  -1.1233302659254682e-01	   5.4130407680920689e-01	   3.6109682213441763e-01	   4.6304187753567416e-01	   4.7128931877257718e-01	   2.7838436661248023e-01	  -4.0894862966404905e-02	
   2.3168654611424455e-01	   2.2998703245841923e-01	   2.3433048015737784e-01	   1.7475996999298865e-01	   7.6897753070520491e-02	   1.0028144978294053e-02	   2.3125547938451929e-01	   2.5429396983352492e-01	   9.0419895279921697e-02	   1.0627667026103777e-02	   0.0000000000000000e+00	   4.8469897701060088e-01	   7.8034408686174528e-01	   4.9097320550794354e-01	   3.2095852871966202e-01	   2.0436789910842468e-01	   2.8137957466817187e-01	   5.1398762851638313e-01	   3.1634294151447706e-01	   2.2823686529332002e-01	   5.0783872666643340e-03	  -6.0243299753259510e-02	   2.8026412299278908e-01	   1.6090668052225440e-01	   1.2183588150935111e-01	  -2.7175948316801514e-02	   7.4132434321275559e-02	   1.7992926723595631e-02	   4.8902730420602492e-01	   4.4094910131112786e-01	   3.0127197596031030e-01	   2.0031777305317441e-01	   2.9491525732690310e-01	   1.9090600628800242e-01	   1.6552800139428969e-01	   2.6111754419339575e-04	   8.7355784955634008e-02	   3.4951029898654389e-02	   3.8112173963378237e-02	   8.0568425795839740e-02	  -9.1382609273918169e-02	   1.8720537002724080e-01	   2.0229736820927413e-01	   1.3070284796950069e-01	   2.0472875632185258e-01	   1.5435500294208729e-01	   2.5445439810906945e-01	   2.2251050062927077e-01	   1.2946603509210952e-01	   1.6374277091702411e-01	   1.1449247526264748e-01	   2.2536775629444228e-01	  -7.6468949029583608e-02	  -2.1456288336926171e-02	   2.0937767156137080e-01	   1.9821953180632476e-01	   2.1939567092582782e-02	   1.9052396796092769e-01	   3.6685857803515777e-02	  -8.3626398799758417e-02	   3.1489745059530166e-01	   2.3981711785394860e-01	   2.3335997367849992e-01	   3.3293284778860904e-01	   1.0121917466902761e-01	   9.1266426334477724e-03	   1.1416331318931743e-01	   1.1754219927297275e-03	   1.9274312159153001e-01	   1.7091513492912391e-01	   1.4756393586175523e-01	   3.0562784193436365e-01	   4.8514259568959250e-01	   2.1370404524307735e-01	   3.8210172182999641e-01	   4.4958687110460349e-01	   4.7834148792027320e-01	   4.5534492017004075e-01	   3.7293503401087746e-01	   3.9945571652848566e-01	   4.3443099888661951e-01	   4.4360757679123330e-01	   1.7009388917568752e-01	   1.6878079888656594e-01	   3.4957527878200045e-01	   3.2321782458881920e-01	  -9.3477304677665532e-02	   8.6189283643159174e-03	   1.1313556757321730e-02	  -1.0666581156639619e-02	   9.2145549217137135e-02	   1.1755879032356036e-01	   5.5544580189895401e-02	   2.4821540177606566e-01	  -4.4259586657152475e-03	   4.3883819445224959e-02	   3.0178794208475951e-01	   3.0376492924941695e-01	   3.9608203739330489e-01	   3.7152099316510950e-01	   2.5703391011742494e-01	   2.1152161925877860e-01	   2.9361017406593137e-01	   4.7289350138044979e-02	   5.6299878579012544e-02	  -1.0163193416974609e-01	   1.2667840088444310e-01	  -8.6810094362072446e-02	  -6.6221175007763283e-02	   7.7166912091283693e-02	   7.2016580793362456e-02	   4.0175869109039780e-01	   3.6101977802628765e-01	   1.9622748126665462e-01	   1.8498060863915178e-01	   2.4972063341223716e-01	
   1.8890769251350539e-01	   3.8813132566393754e-01	   1.7199979658245279e-01	   2.0596657860406181e-01	   1.0595840350433491e-01	   1.2676472500968411e-01	   2.6443989954125635e-01	   3.9679197380913389e-01	   1.2327712774090659e-01	   1.1973493741798183e-01	   4.8469897701060088e-01	   0.0000000000000000e+00	   4.6712364982067200e-01	   6.1509613796301832e-01	   2.2409047987180616e-01	   2.8569599230675391e-01	  -2.8439680399660976e-02	   2.0863135902653485e-01	   2.4096514224408438e-01	   2.4033305946012440e-01	  -1.4388089362870886e-02	  -9.2487464901665636e-02	   2.4090870060162226e-01	   2.9187924531320786e-01	  -6.2888753383461407e-02	  -8.4975169994923216e-02	   2.1290313722820375e-01	   1.0556608261838080e-01	   4.6875173239826227e-02	   2.8624588566378040e-01	   8.0740267720718642e-02	   1.3328961517893748e-01	   3.3018960372049971e-01	   2.0046837689818556e-01	   9.4397918329313116e-02	   7.6499948077719926e-02	  -9.8761513093424832e-04	  -5.3137707673890519e-02	   1.7370810629778716e-01	   2.0842234819152589e-01	  -8.5351718325055934e-02	   7.7061006303478202e-02	   1.1710439496095590e-01	   2.0401802292285193e-02	   1.4971340261339369e-01	   7.3916122473483559e-02	   1.5963000400593669e-01	   1.7108467662789525e-01	   3.7937294040820468e-01	   3.7822312907892913e-01	   3.3780281005766022e-01	   4.0334770065563474e-01	   1.7344152436226851e-01	   5.8980378475162076e-02	   3.8360156118933553e-01	   4.3755020976996206e-01	   2.9611010379453167e-02	   9.6718567110727655e-02	   2.7336564587916862e-01	   3.4862501334426504e-01	   2.6161748718320371e-01	   2.8391969726556637e-01	   1.2128647539389734e-01	   3.8241518627969456e-01	   2.2637530087094071e-02	  -1.4977433277268194e-03	   4.6726012691471787e-03	   3.4311613531919138e-02	   1.0169307088793489e-01	  -5.8880672104405625e-02	  -1.0992919105086366e-01	  -1.9382895689955607e-02	   2.6530828123808015e-01	   1.7740305968945097e-01	   2.2537256087663038e-01	   2.5027790681812839e-01	   1.1664092762225370e-01	   2.0694304363374727e-01	   4.0911597284997513e-02	   3.7446188573442382e-02	   1.0754650473371209e-01	   4.1339142241760785e-01	   1.7983118505072415e-01	   3.0554121470038009e-01	   1.7821765888003777e-01	   3.9798052332743106e-01	  -6.9054227748773456e-02	   2.2492278700128848e-01	   1.0639901958526173e-01	   1.8770170671574385e-01	   1.6941250007476749e-01	   5.9369220657057145e-02	   1.6307438501961302e-01	   2.3746111703601308e-01	  -1.1391703337178549e-01	  -4.8059270035591753e-02	   2.6089729065566436e-01	   3.3312143417444884e-01	   3.7314889272353785e-01	   3.8809067303682132e-01	   3.7273208834644267e-01	   2.4581356591370201e-01	   2.9111053405182818e-01	   2.5020679286861525e-01	  -7.7158203764510144e-02	  -1.2419521509080536e-01	   2.3153939152249298e-01	   1.6727602515571136e-01	  -1.1738926822112306e-01	   1.9128771665818245e-01	   3.1615934671025925e-01	   3.4282755092126743e-01	   3.7246333413105170e-01	   3.2604394816234694e-01	   1.3254044614910904e-01	  -9.2921069095825259e-02	
   6.5688012652715830e-02	   6.3738875819258578e-02	   1.9987225450326662e-01	   6.4829134139495051e-02	   8.5765232785910500e-02	  -1.4722930946225069e-02	   2.8536485293401370e-01	   2.5950346392140855e-01	  -5.1862908863724411e-02	  -1.2426417618733682e-01	   7.8034408686174528e-01	   4.6712364982067200e-01	   0.0000000000000000e+00	   7.4768231882311631e-01	   2.4292314343810167e-01	   2.0138288868138501e-01	   9.2533944386140488e-02	   3.8508209064499399e-01	   1.8830463248481827e-01	   1.0061909089215494e-01	   1.0196783032104639e-01	   2.0392024306872123e-02	   2.8045714967581648e-01	   1.2681207231818198e-01	   8.2491661655781728e-02	  -6.1214471207487402e-02	   1.0913426233164952e-01	   1.1020239488944988e-01	   2.7320952947839938e-01	   3.7978183050963482e-01	   2.0414822399837651e-01	   5.0017423912619464e-02	  -1.6632395394153000e-02	  -1.6773617188489598e-01	   6.4563739263176781e-02	  -8.2698141702945871e-02	   2.1282597234137302e-01	   1.8798363705484400e-01	   1.6352494726068503e-01	   1.9212094891315384e-01	  -1.2880261155086270e-01	   1.8719746510439977e-01	   7.0088579548951049e-02	   4.3074164950264657e-02	   1.5680818169777705e-01	   4.9584987533658968e-02	   8.3474069712178245e-02	   1.0261480361437694e-01	   1.7517154988892431e-01	   1.3249899725627590e-02	   5.6086653034507272e-02	   9.2164947232140332e-02	  -1.5385588816379567e-01	  -8.5746211127467373e-02	   1.0206198928184498e-01	   4.7831587036334583e-02	  -5.3821874301319170e-02	   1.0831218880029023e-01	   9.4750682457926463e-02	  -2.3937124011210661e-02	   1.0693400850239898e-01	   2.9494328589378865e-02	   2.4167666250858227e-01	   3.1065394603753183e-01	   8.9269250346944912e-02	  -1.7367071808713375e-01	   7.4611453473798647e-02	  -9.2269679402964738e-02	   1.0272013085888398e-01	   2.4209868927331057e-01	   1.9558283221023146e-01	   3.1826435621235211e-01	   3.5384772425228278e-01	  -9.7299125672086484e-02	   9.8041491279851942e-02	   3.0832107900923872e-01	   3.1153056699583820e-01	   3.9266060423989502e-01	   2.5387246576937417e-01	   2.4267143379884293e-01	   3.3064813490634359e-01	   3.7840606281475953e-01	   4.9542827275742329e-02	   1.2475411343660184e-01	   2.6293907405859185e-01	   1.9510612648326128e-01	  -8.3870071754385697e-02	  -4.0716072511133836e-02	  -1.3754149846276098e-01	  -6.6161011483402102e-02	   4.2770486679040494e-02	   1.5379726688502807e-01	   1.0691094959238751e-01	   3.7784948589155276e-01	  -9.4856586856800679e-02	   8.3312971147617570e-02	   2.7995713585444498e-01	   2.8318189005623123e-01	   3.1410852482606511e-01	   3.3799344109036961e-01	   3.5737280471268251e-01	   3.8022033713008080e-01	   3.4533630632464540e-01	   2.0842893949057006e-01	   1.5815025439737590e-01	  -1.0253232971612618e-02	   8.2282165634194951e-02	  -6.9167832499699072e-02	   1.3233056824658383e-02	   1.4319600962789969e-01	  -1.9082450282645314e-02	   3.3912666324808360e-01	   3.2704706143294338e-01	   1.5976846005275000e-01	   1.5507947285145740e-01	   2.3183933397832204e-01	
