   0.0000000000000000e+00	   8.4202261334612594e-01	   7.9659130658501720e-01	   5.4117216397275159e-01	   6.1287878293632214e-01	   3.7880975912800391e-01	   7.4510006495251102e-01	   4.3380901569851443e-01	   3.3859008107175348e-01	   4.2580658199639210e-01	   4.8795011648484232e-01	   4.0467969291362937e-01	   5.7304871415729697e-01	   4.6114795980101175e-01	   7.7047293240829307e-01	   5.7165086606014937e-01	   5.0613964333654782e-01	   3.8597692698431707e-01	   8.5521301158790552e-01	   8.0461865932524113e-01	  -1.5737073710702789e-02	   1.5853063194807733e-02	   6.4440435658098161e-01	   5.1701303002041432e-01	   5.3083791761040366e-01	   3.3984634617481663e-01	   5.3809800754737180e-01	   3.9397789552147089e-01	   3.2994610477133879e-01	   2.6189173495269957e-01	   4.9385913143777771e-01	   4.3573635927724252e-01	   6.7086398809141634e-01	   6.3301331123501126e-01	   4.3511021149694512e-01	   2.0663054060761077e-01	   9.0317036741927231e-02	  -2.7774741358393645e-01	   2.7358052258491244e-01	   1.5267875310569681e-01	   9.4529555200435184e-02	   2.1795530934192139e-01	   5.5145811185052107e-01	   3.9247879575101918e-01	   4.1357343125819424e-01	   4.5120428254466860e-01	   5.8650796913841940e-01	   4.5125408297699676e-01	   4.5645167467673436e-01	   4.9117591407707140e-01	   4.4534577117698837e-01	   3.3879647578941352e-01	   3.9706426944200418e-01	   5.3008663597260242e-01	   4.7318464405666016e-01	   5.6634056395161736e-01	   8.8957728375699141e-01	   7.3940947199774021e-01	   6.0067605738333862e-01	   3.5829339399292992e-01	   5.4509515900062600e-01	   3.5731175058996972e-01	   3.3146154633644576e-01	   3.3440505775812795e-01	   4.5503656838944262e-01	   2.4153269845732339e-01	   5.6675804457694001e-01	   3.2655973624997980e-01	   7.1468966740716677e-01	   6.8866494312150028e-01	   1.5275150515384171e-02	   2.7740894121351965e-02	   5.2440002081425130e-01	   4.5652934303439352e-01	   4.8107556200263446e-01	   3.4430248394170287e-01	   5.3966226695062680e-01	   2.6613938884672056e-01	   3.8427060002971353e-01	   4.6657663987366504e-01	   5.6382323900845321e-01	   5.7487886847208147e-01	   8.0028513265509038e-01	   6.7038714626042228e-01	   7.1795968225019202e-01	   3.7528503672412228e-01	   5.3569870828559496e-01	   4.9439402555310580e-01	   5.8839844269526431e-01	   5.8527407378761698e-01	   6.9046277873168982e-01	   5.9227894391257085e-01	   5.0151950223384378e-01	   5.2685919568588790e-01	   1.6583202104306555e-02	  -1.5565585247841882e-01	   4.1754111086678936e-01	   4.3729724606532472e-01	   6.2136208791175462e-01	   7.2766087304722971e-01	   4.8436301401732373e-01	   5.5420859013481338e-01	   6.0072462078314837e-01	   6.0551220470385736e-01	   1.7107389441424981e-01	   1.2849822973070557e-01	   2.4392279795985639e-01	   2.9870305517954820e-01	  -4.0321779898903023e-02	   1.1711705495140196e-01	   5.1783353248508579e-01	   6.5122420482252230e-01	   6.3508666230568145e-01	   7.0765138531349470e-01	   5.1364134473057910e-01	   3.8546379882477083e-02	
   8.4202261334612594e-01	   0.0000000000000000e+00	   7.0057034639748017e-01	   6.2442299663356426e-01	   6.6737914596613224e-01	   5.1383721416225669e-01	   7.3334950080839501e-01	   5.6776785695201604e-01	   5.0357854452028428e-01	   4.3803030048559521e-01	   5.0068064117586608e-01	   5.9301986500509085e-01	   5.1192453915846958e-01	   5.7485141255536121e-01	   7.4401698423458362e-01	   7.0494656582656190e-01	   4.9982079208681263e-01	   4.6373086670907915e-01	   7.4595023400059091e-01	   8.2601356002179083e-01	   5.8183142917204500e-02	   1.3188034622909739e-01	   6.0811320727591789e-01	   5.5165265281376619e-01	   5.6281522050451449e-01	   3.9641225866978952e-01	   5.0349195164498473e-01	   4.0725618854548162e-01	   4.9121855920403940e-01	   4.8452181695710755e-01	   5.6860232029460245e-01	   5.1075005492826586e-01	   6.7829329450275666e-01	   6.5759622718823607e-01	   3.4481320378781710e-01	   1.8922703152404616e-01	  -7.2618077734565759e-02	  -4.0658916399798783e-01	   1.7661103790908336e-01	   1.6076066234097666e-01	   1.0193262574563386e-01	   3.5024854343704742e-01	   5.9076413857468291e-01	   4.3253516436816297e-01	   5.0948605394255342e-01	   5.5569354588682196e-01	   6.5468271941713807e-01	   5.2439993066098323e-01	   5.8758578346371149e-01	   5.3998894315220181e-01	   4.8092204965360930e-01	   3.4357295117586739e-01	   5.3458899738053378e-01	   6.0697713994315294e-01	   5.0772108085925849e-01	   6.4136550911481383e-01	   7.6047205625492587e-01	   7.4623302940276592e-01	   5.9900108259734230e-01	   4.5144693429919347e-01	   5.0602974010266188e-01	   4.1002581749306494e-01	   4.1781889527227639e-01	   4.6217322020778401e-01	   3.1082055986691859e-01	   1.7731117928415802e-01	   4.9469250763602829e-01	   3.1412767349646153e-01	   6.1475666502225845e-01	   6.6849051717600338e-01	   1.7094936191020205e-01	   5.4287274525940225e-02	   5.2739663614786358e-01	   5.8470698444103908e-01	   4.8286493516349155e-01	   4.4131980603155374e-01	   4.6096768462081994e-01	   2.6398961976644514e-01	   4.6695396658494115e-01	   5.0749792574483044e-01	   6.5353447146404753e-01	   6.8574870860359083e-01	   7.3823758312768950e-01	   7.5350750559509072e-01	   5.9901109976575262e-01	   4.2031927344527209e-01	   3.6994338798468557e-01	   4.5453656912358387e-01	   5.6343590985507697e-01	   5.9767779354806971e-01	   6.1354444931133911e-01	   4.6273194772508897e-01	   4.2238427010397839e-01	   3.4432314397969976e-01	   2.0106676986231947e-02	  -9.1660363549585400e-02	   4.0622815185047428e-01	   4.3915242378741731e-01	   6.9047453778146950e-01	   6.7292054563614567e-01	   4.3178631148078328e-01	   3.5657060664012397e-01	   5.8139895833261779e-01	   3.9816344199330056e-01	   5.5607974023549174e-02	  -7.5356248121711544e-02	   2.5970115723182807e-01	   2.6656271592075165e-01	  -2.1699890951030771e-02	   7.5480874317921023e-03	   3.7678056164068408e-01	   6.3417039580760282e-01	   5.8812855677348574e-01	   5.6302659395308963e-01	   5.4069305203262985e-01	   1.5709176142865319e-01	
   7.9659130658501720e-01	   7.0057034639748017e-01	   0.0000000000000000e+00	   6.1602202378062498e-01	   8.1404938893599998e-01	   4.0676455925777022e-01	   8.2567784292348978e-01	   3.6076061602408271e-01	   4.8657287682486849e-01	   4.4575824108769296e-01	   4.9533550268407672e-01	   1.8533024166988205e-01	   5.3827773602515827e-01	   2.8221681495977102e-01	   7.9264491190380348e-01	   5.8507564523416145e-01	   3.3773365412935069e-01	   2.8958013878373345e-01	   8.2228615749579614e-01	   7.4767818574624756e-01	   7.7301566943229871e-02	   6.0412461194376529e-02	   8.8925233213432864e-01	   7.1633605965803748e-01	   7.7656513793973247e-01	   5.4175557640308070e-01	   6.9152771914394595e-01	   5.2856709862855877e-01	   2.4959030529597162e-01	   1.1592387675519505e-01	   6.5625194814413013e-01	   5.6740946129383407e-01	   6.8576397796694710e-01	   6.1948136686050348e-01	   6.4564174237114957e-01	   2.9518060486727304e-01	  -1.8440179458346653e-02	  -3.5465306182160239e-01	   2.1701523678588217e-01	   1.2487219330573193e-01	  -5.8373845382615398e-02	   1.7910623334790593e-01	   4.5955671084795913e-01	   3.0755374567058513e-01	   3.9693755606211312e-01	   3.7772845826115647e-01	   4.8806784576254708e-01	   3.4775803786419957e-01	   3.6637289003609003e-01	   4.1444286030532484e-01	   4.1747138445393517e-01	   2.4569800774432199e-01	   3.2097783628531751e-01	   4.5689486110351413e-01	   4.0818886235446383e-01	   4.7843997500748087e-01	   6.6684781284324413e-01	   6.7197123048663110e-01	   5.7260446192857806e-01	   2.7131439303831162e-01	   5.9001212475756537e-01	   2.5901702810992322e-01	   2.3822760452890246e-01	   2.3534927101744954e-01	   7.6792626205188419e-01	   3.6091277937242450e-01	   6.1472407534193485e-01	   2.8907430519621380e-01	   6.9783931681780653e-01	   6.9707419307650320e-01	   2.4571791280049996e-02	  -7.9322965860661992e-03	   4.7364049930276553e-01	   3.8141651628649076e-01	   4.8878145610067758e-01	   3.2499440039826533e-01	   4.9910370118401975e-01	   1.0402267736487195e-01	   2.9488249928087956e-01	   3.6789396269045488e-01	   4.5654713222446797e-01	   5.6036026477138523e-01	   7.3159649595784326e-01	   6.1132183317233002e-01	   8.2731636904776473e-01	   5.1159402108831842e-01	   6.6864855919185606e-01	   5.8531011460815674e-01	   6.7575144601063764e-01	   6.0692206436583940e-01	   6.1764160451691241e-01	   5.1730724180084986e-01	   5.0005188683123014e-01	   5.4354790082990934e-01	  -5.2074139663917565e-02	  -1.0174281277745756e-01	   4.3251066189080611e-01	   4.2918147956487257e-01	   4.9600776582513184e-01	   5.9090989786593795e-01	   3.6297907332859958e-01	   5.5423491621659438e-01	   4.5186580651325103e-01	   4.9992109610183255e-01	   6.3040883440654671e-02	   7.4357257384724193e-02	   6.0109657730094204e-02	   2.0165158988298496e-01	   6.2403046304371611e-03	   7.9836600840840821e-02	   5.5499113042544657e-01	   5.5516759811007954e-01	   4.6600447697355535e-01	   5.1630943066668866e-01	   3.7117566543500807e-01	  -1.1278250727081267e-01	
   5.4117216397275159e-01	   6.2442299663356426e-01	   6.1602202378062498e-01	   0.0000000000000000e+00	   5.7444085104152087e-01	   6.6792028336321274e-01	   5.7557606596030797e-01	   7.3062205096759292e-01	   3.0956723872287023e-01	   3.5244001350113152e-01	   8.0801171344318620e-02	   2.6763000836593392e-01	   5.4101407378746844e-02	   2.0235083752002422e-01	   3.5134161282533388e-01	   4.8172049419711749e-01	   2.0180516714893026e-01	   1.9924720931240544e-01	   5.3536451354161918e-01	   6.8737213735110470e-01	   1.7075683632761596e-01	   3.3317849431218938e-01	   6.7513497729825656e-01	   8.6652340056363819e-01	   7.6733144148649002e-01	   8.3009746831420073e-01	   3.8404981694897256e-01	   4.4984305753092968e-01	   2.2210932771237285e-01	   3.4676108459773691e-01	   7.6899945741105447e-01	   8.0879797279799148e-01	   7.2849456920782529e-01	   7.3687801000260822e-01	   5.2819682474744334e-01	   4.9365939943735881e-01	  -1.5217010819867727e-01	  -2.7866036137054079e-01	   1.3186668785842057e-01	   2.4028937581894905e-01	  -1.1751736529597417e-01	   2.7125752971553369e-01	   5.9952399191470818e-01	   5.2713050516893345e-01	   5.1323912315352671e-01	   5.4698455492482556e-01	   4.8939530662049419e-01	   4.8291921778800462e-01	   3.1747896458346675e-01	   2.8641609821702185e-01	   4.4063872960181366e-01	   3.1268879979134045e-01	   2.0550514048654811e-01	   3.7949928586955417e-01	   2.5124290475604488e-01	   4.5314938684935835e-01	   5.2269190476093663e-01	   4.0574102551857066e-01	   2.0359171457642258e-01	   2.0072991872733675e-01	   1.9652126321807212e-01	   3.5040687960289518e-01	   1.9765320901821762e-01	   2.9131852653535989e-01	   4.9507835610188899e-01	   6.4425498815916105e-01	   6.8877279731071983e-01	   6.5435884632577479e-01	   5.5655958033592867e-01	   5.4406993542347681e-01	   2.2420591111949068e-01	  -2.3093811094437419e-02	   2.0900861403115198e-01	   3.9264970805228228e-01	   2.0161085268729573e-01	   2.5399847321249952e-01	   3.1084788010156761e-01	   2.1897233668739760e-01	   3.2045305692679038e-01	   3.0405427087624709e-01	   4.3240956568390904e-01	   5.6527376477203328e-01	   5.2135840869717454e-01	   6.1646513109768253e-01	   5.3626471364229411e-01	   6.9072594619731864e-01	   3.9874133507924925e-01	   6.3599475148341855e-01	   3.5376004212242490e-01	   4.5344842886406267e-01	   4.0420500163177148e-01	   1.3933118535954842e-01	   4.2087667363850967e-01	   6.0415409997088332e-02	  -1.4911837401682698e-01	  -9.8009062688377738e-02	   3.1589939887532642e-01	   3.1732948070334299e-01	   4.3458180590360568e-01	   2.8376653024660214e-01	   5.2908116067846644e-01	   1.0783380595153871e-01	   5.7205252742815815e-01	   2.3965753233317744e-01	  -5.6703383188602907e-02	  -1.1819218433143865e-01	   1.2791242075478432e-01	   1.2258482816903332e-01	  -1.1243672758294937e-01	  -1.6298585095199464e-01	   4.7664205013931016e-01	   3.9291393975424044e-01	   2.2802530358943218e-01	   2.6267437557424644e-01	   1.4748879980065113e-01	  -4.6263842900577758e-02	
   6.1287878293632214e-01	   6.6737914596613224e-01	   8.1404938893599998e-01	   5.7444085104152087e-01	   0.0000000000000000e+00	   6.8048481545715012e-01	   8.0774770544112406e-01	   5.5504803171922867e-01	   7.5826731490695176e-01	   5.0407851139463056e-01	   3.9749663536633495e-01	   3.2354399787214727e-01	   3.4291915837410569e-01	   3.3298770687380402e-01	   7.1997742884622640e-01	   6.1508744612709243e-01	   3.3133361348659518e-01	   3.8283424384851605e-01	   7.4192362341076201e-01	   7.1450155441647212e-01	   5.4288113638061103e-02	   8.8769533836405554e-02	   6.8844722376478407e-01	   5.8520615063360504e-01	   6.3856960533298923e-01	   4.6453333423440180e-01	   6.7414140447679205e-01	   5.6915744230669418e-01	   2.7495976556401042e-01	   2.6590412520599932e-01	   6.0607684795159267e-01	   4.8910632056725534e-01	   6.3011651091023968e-01	   5.9458538552560680e-01	   3.7455169939247335e-01	   1.6422764325121814e-01	  -5.0871160800884815e-02	  -3.1408552194915196e-01	   2.0814625725631974e-01	   1.6128435149280129e-01	  -8.6036414409144779e-02	   2.1825520035305052e-01	   3.9850759966164528e-01	   2.6995081801123005e-01	   2.9045249787480742e-01	   3.6102535431453414e-01	   5.0808240218374889e-01	   3.8131645372627920e-01	   3.8367173586594711e-01	   4.8053108969048441e-01	   3.5390558794517130e-01	   2.8167945948084339e-01	   3.9536873651616777e-01	   5.1910414003984262e-01	   3.7919149318850531e-01	   4.9797742157542024e-01	   5.4000094212106786e-01	   6.6464777513386109e-01	   5.4964793870048478e-01	   4.3160951507948880e-01	   5.5783662479377383e-01	   4.7231427256234415e-01	   3.2332808773183064e-01	   4.1607191340211380e-01	   4.4464690690764319e-01	   2.8422422389335267e-01	   4.5406114696966171e-01	   2.1267760519243187e-01	   5.8673069570579583e-01	   6.4219714694999375e-01	   1.6561073142371188e-01	   4.8340731993466050e-02	   4.3679906720045225e-01	   4.2251062568453507e-01	   5.0987793496234302e-01	   3.4990939369805973e-01	   4.8411497386091251e-01	   1.1755783413891802e-01	   3.1913504876612664e-01	   4.3652162400982553e-01	   5.0284385509483054e-01	   4.6671904718099005e-01	   6.6249645974371996e-01	   5.9381708780138320e-01	   5.0987641726772315e-01	   2.1751142458833755e-01	   4.1696563197147529e-01	   4.2748454022742965e-01	   5.9107485862555187e-01	   6.3556936338779479e-01	   6.1603536339703502e-01	   4.8339938668954285e-01	   4.9040095987338994e-01	   4.2270088751108004e-01	   3.8879559128345717e-02	  -3.6771672992705118e-02	   3.5991464250384642e-01	   2.9889608581911042e-01	   5.3702386267239577e-01	   5.8143043051297472e-01	   4.2116585904949166e-01	   4.4179177706417005e-01	   4.5050397737414327e-01	   4.0246071912969972e-01	   3.3229765176355230e-02	  -3.7050116236618955e-02	   1.2168515035786841e-01	   2.1214928454723930e-01	   4.4204940236310622e-02	  -1.3558714301831011e-02	   3.0810791988046565e-01	   4.6605952953761137e-01	   3.9576991376481940e-01	   3.6794757385880128e-01	   3.1262560262031913e-01	  -1.8349655979382845e-02	
   3.7880975912800391e-01	   5.1383721416225669e-01	   4.0676455925777022e-01	   6.6792028336321274e-01	   6.8048481545715012e-01	   0.0000000000000000e+00	   5.8259330720630431e-01	   7.6131257416940634e-01	   6.1403231779413669e-01	   5.3152630616894703e-01	   1.9266925105218813e-01	   4.5976457042764479e-01	   1.2718002198592285e-01	   4.3539439740387476e-01	   3.8726351356615951e-01	   5.8918908548319093e-01	   3.2937787376636152e-01	   3.7697553138784923e-01	   5.4773939840618291e-01	   6.3966369844631887e-01	   5.7738515679749081e-02	   3.0062614943039057e-01	   3.3928464500658007e-01	   4.6851224821917425e-01	   4.1452483660528816e-01	   4.8747162002024658e-01	   3.0624467512745207e-01	   3.7235800498652760e-01	   4.0955190875269587e-01	   5.1039455554578606e-01	   5.7206481586943325e-01	   5.3711403900972787e-01	   6.4406593400492729e-01	   6.5467323994700299e-01	   2.8372158262869751e-01	   3.9236636943397535e-01	  -9.6511109023502475e-02	  -2.8764163727136449e-01	   1.8965950564778275e-01	   3.0097837803473060e-01	  -1.0907328325277527e-01	   2.1193066655321657e-01	   5.9183020732539759e-01	   5.3330565914007300e-01	   4.5703004465338082e-01	   5.5541955188830505e-01	   6.4286201339829219e-01	   5.6052999454922392e-01	   5.0477831561215236e-01	   5.0539439845686951e-01	   4.6897346471428714e-01	   3.8281232287384237e-01	   4.4648149340095622e-01	   4.8186856512685122e-01	   3.4798339698680880e-01	   5.1098078213667253e-01	   4.2884965504874295e-01	   4.4547503054491100e-01	   3.8146814267361395e-01	   4.5787338270515732e-01	   3.0604544836343350e-01	   5.8569560785134867e-01	   3.3192147917662296e-01	   4.5899905992953821e-01	   9.1183155645676001e-02	   4.1902814744907946e-01	   4.4332553583645140e-01	   4.1456836712895428e-01	   4.3954797348276009e-01	   4.5746666658638691e-01	   4.4530484731970976e-01	   2.1700516498778893e-01	   3.2673219248428359e-01	   4.5942889975881834e-01	   3.5687005360728691e-01	   3.1447259321121135e-01	   3.9292342528877278e-01	   2.8088350477443119e-01	   3.9340744059172855e-01	   5.2579342421946651e-01	   5.5592038952858058e-01	   4.7887702120585385e-01	   4.9636916009698323e-01	   5.9767022815409687e-01	   1.2691591119383000e-01	   1.6308738856781194e-01	   1.3634760353987421e-01	   2.8901419018810004e-01	   3.3835415255043921e-01	   4.8359431376765416e-01	   4.8781650944596500e-01	   2.6286887599579167e-01	   4.4033635301975083e-01	   8.3679052943538862e-02	   5.6096438461894618e-02	  -1.1239928045650663e-01	   3.6651728163555236e-01	   3.0197997318894898e-01	   5.8755666490594027e-01	   4.5189719070402368e-01	   4.6070189857898353e-01	   1.8346505821580378e-01	   5.1914902632225268e-01	   2.4387215353969066e-01	   8.5235492037537941e-02	  -1.0122878565506752e-01	   1.5324553816573061e-01	   1.3419986414411408e-01	  -1.2702055254966930e-02	   1.6367901983997561e-02	   3.2622893661182845e-01	   4.4686648409029445e-01	   4.3667389103177551e-01	   2.2549208947693927e-01	   2.3542807567060964e-01	   4.1331894609842072e-03	
   7.4510006495251102e-01	   7.3334950080839501e-01	   8.2567784292348978e-01	   5.7557606596030797e-01	   8.0774770544112406e-01	   5.8259330720630431e-01	   0.0000000000000000e+00	   6.5999467433570125e-01	   6.7910429751126089e-01	   5.3971049218617595e-01	   7.0890626978347493e-01	   5.3943611657165114e-01	   6.5333128044493760e-01	   5.9379656348556165e-01	   7.1734701991437122e-01	   6.3262568716694090e-01	   5.4354373670498179e-01	   4.2572665402859922e-01	   8.3105975396673681e-01	   7.7887090212241950e-01	  -1.5721731363795682e-01	  -1.0278718949574592e-01	   6.0190369920449771e-01	   5.0504432651146003e-01	   4.7349914520657976e-01	   2.9999287258241464e-01	   4.6591794788622104e-01	   3.0938838919891465e-01	   4.6274573217074338e-01	   3.2547410367643781e-01	   5.1183175728138874e-01	   4.4971742279834748e-01	   6.8120897407319070e-01	   6.6660009303066814e-01	   3.3533223351671138e-01	   1.0789034120495793e-01	  -1.5921559067178359e-01	  -4.9265804950368808e-01	   1.1714063775292304e-01	   7.7066692185651431e-02	  -1.3314215235271717e-01	   1.2766230602160011e-01	   4.7924775938128872e-01	   3.4030030742565803e-01	   3.4939693603289196e-01	   4.4225742565050258e-01	   5.5658925541179860e-01	   3.9934503468662053e-01	   5.2659532036921863e-01	   6.2220063307953410e-01	   4.7972038122187211e-01	   3.8783082309964756e-01	   4.2972484305765152e-01	   4.7889240866709776e-01	   4.5331562132669612e-01	   5.6960877663120058e-01	   6.5133478289615832e-01	   6.8221758758771300e-01	   6.9219162538594659e-01	   4.8411973858495927e-01	   7.6655319627353724e-01	   6.1402096818731677e-01	   4.8196352208437221e-01	   4.8062314463269640e-01	   5.0931679333351365e-01	   4.4759306874277482e-01	   5.1038925051345396e-01	   2.4799285092269291e-01	   5.3125881932429420e-01	   6.0615489259830546e-01	   1.7657392044159825e-01	   4.0000582204318381e-02	   5.7859232251726711e-01	   4.8412996966332567e-01	   5.7652545164584956e-01	   4.7109361827587404e-01	   5.5983725387303562e-01	   2.3267091546346594e-01	   4.7682577170095136e-01	   5.1296798014319467e-01	   5.6813720124022971e-01	   5.0712826406993228e-01	   6.1367576618709851e-01	   5.3360288341073914e-01	   5.3311116332199959e-01	   2.5568619041623863e-01	   3.4396846892783128e-01	   3.2943789230013226e-01	   5.8853141653234520e-01	   6.1867799780478461e-01	   5.9614201725951332e-01	   4.6236509220369432e-01	   3.8683389223083320e-01	   3.7859952424956123e-01	   9.5213214095389978e-02	  -3.4897097648268942e-03	   3.7739974537913518e-01	   4.2210038298515595e-01	   5.3636744840707617e-01	   6.3672528039502008e-01	   3.5597497361556446e-01	   4.8042090045373942e-01	   4.3875130322046729e-01	   4.5266838412024424e-01	   1.1135025314436993e-03	  -8.4615039576360046e-02	   1.6667474222084280e-01	   1.6338884451149205e-01	   6.4126473028269154e-02	   1.4911118174757515e-01	   3.5364796076799154e-01	   4.6593760971047238e-01	   4.9563089381014203e-01	   4.0788810083223914e-01	   3.2398236303592265e-01	  -1.3258151040706062e-01	
   4.3380901569851443e-01	   5.6776785695201604e-01	   3.6076061602408271e-01	   7.3062205096759292e-01	   5.5504803171922867e-01	   7.6131257416940634e-01	   6.5999467433570125e-01	   0.0000000000000000e+00	   5.1456890060879312e-01	   3.4973930888658161e-01	   2.4514691702343208e-01	   6.5507588452494425e-01	   1.4784115650138041e-01	   5.4551723624116522e-01	   2.7692920488287059e-01	   4.5554283825807229e-01	   4.6431955015617254e-01	   4.5365272222701664e-01	   4.7884202969330480e-01	   6.0353082857360174e-01	  -6.7762286180568718e-02	   1.4177799834362292e-01	   2.7454224518314496e-01	   4.4121482975463056e-01	   3.0841195385037090e-01	   3.7506232539702444e-01	   1.6092224074476660e-01	   1.8601904292196614e-01	   4.1113639120723355e-01	   5.8832198468071706e-01	   5.3124276435638595e-01	   5.5449585612365559e-01	   6.3182297139486987e-01	   7.0214173678327918e-01	   1.1877308197377875e-01	   2.0037476840508378e-01	  -2.3022415129428914e-01	  -3.0612182299190943e-01	   2.2281414790574751e-02	   1.5260300788309134e-01	  -1.6499113339386862e-02	   2.9181952471309636e-01	   5.2494759228145882e-01	   4.8828367853851479e-01	   4.1479212091161799e-01	   5.9519650896664578e-01	   5.1955131494420415e-01	   5.0867775195184639e-01	   4.8782681334408390e-01	   5.1527197290750149e-01	   4.2187896718757356e-01	   4.4417368190115275e-01	   3.2114902231699949e-01	   3.6894838069866015e-01	   2.3194569017854519e-01	   4.4051307265371320e-01	   4.1634371353754196e-01	   3.8178432373115445e-01	   2.8314951796014326e-01	   4.2981850098059859e-01	   3.5743466125960355e-01	   7.5717318531755773e-01	   5.2148056230011308e-01	   6.9292997723673722e-01	   1.1378142670089227e-01	   5.5545953333489551e-01	   4.3637454843852952e-01	   4.7600016883277818e-01	   2.5708811323973557e-01	   3.3095101157738316e-01	   3.7084831146863423e-01	   1.0089921325035822e-01	   2.9387660273939403e-01	   4.8702900862649590e-01	   2.8895770637678814e-01	   4.4725102334580025e-01	   3.5677962427356746e-01	   3.7045408865688068e-01	   5.1616630171952682e-01	   4.8504931595387546e-01	   5.6812392265981915e-01	   4.1283432975144130e-01	   4.3462850099260941e-01	   5.1364736364547037e-01	   1.8085641568169541e-01	   1.8508205879373746e-01	   1.8818659067046398e-02	   2.3889010972605629e-01	   2.2087717259686204e-01	   3.8147238339092648e-01	   3.6321838202301604e-01	   9.7739019288106202e-02	   2.4514146448138022e-01	  -6.1280561378372393e-02	   7.1981433020791463e-02	   7.0905075305028473e-02	   1.8229603527011956e-01	   2.3051174448386819e-01	   4.4063548403967928e-01	   3.1052029750845012e-01	   4.9950738179427334e-01	   7.1954308793908822e-02	   4.5997397662735529e-01	   1.9283879403742066e-01	  -7.8354246647982045e-02	  -2.3172678615716261e-01	   1.7374248375978607e-01	   2.0758483041523102e-02	   2.8947700487175595e-04	  -5.1282146963814570e-02	   1.6411616745397237e-01	   2.7540847218365450e-01	   2.3214640577644957e-01	   1.9114478954772920e-01	   1.3618872823909856e-01	  -3.6750849514848333e-02	
   3.3859008107175348e-01	   5.0357854452028428e-01	   4.8657287682486849e-01	   3.0956723872287023e-01	   7.5826731490695176e-01	   6.1403231779413669e-01	   6.7910429751126089e-01	   5.1456890060879312e-01	   0.0000000000000000e+00	   6.0722912006073715e-01	   4.9891948393792868e-01	   5.2623248219952579e-01	   4.2390022493796320e-01	   5.3026657379363340e-01	   5.1103964573706961e-01	   5.8174008615270101e-01	   3.7870687855729945e-01	   3.4621041208048209e-01	   6.0070946759637145e-01	   5.7975196080910762e-01	  -1.6659842231064262e-01	  -4.0054905369111576e-02	   3.0147188678640224e-01	   2.3537156495827188e-01	   2.3430950359673039e-01	   8.3826356440848432e-02	   2.9777135477294486e-01	   1.8157041208862951e-01	   4.2231168034873723e-01	   3.5693032877220809e-01	   3.1885676135620677e-01	   2.0594342526094289e-01	   4.6625535655508848e-01	   4.5498100861816648e-01	   5.6485671432763410e-02	  -3.1496548739765137e-02	  -1.7472288080000484e-01	  -3.3683734857109360e-01	   9.9855731888120025e-02	   7.0965268641498602e-02	  -1.2462205223155859e-01	   7.1678508179730274e-02	   2.9204061616908861e-01	   2.0624089885305491e-01	   1.6079693995905656e-01	   3.1489138601763322e-01	   4.5552873013640693e-01	   3.3555554447220598e-01	   4.5885565211107071e-01	   5.9417655356357080e-01	   3.3539201295725440e-01	   3.5549080899254115e-01	   3.9563598351623663e-01	   4.1704456953457747e-01	   3.7406770350089330e-01	   5.1928676640536153e-01	   2.4782585381748257e-01	   5.1250399285815285e-01	   5.6342983988679396e-01	   5.5966802217177458e-01	   5.5197279105524155e-01	   5.6100302897274579e-01	   3.9609949549220702e-01	   4.3214865936301472e-01	   1.0981596489675527e-01	   1.6760808915829298e-01	   2.2260149756519326e-01	   6.8326212830742250e-02	   2.5269007726678649e-01	   3.5257733883769737e-01	   4.0917047431805376e-01	   2.6275526065685595e-01	   4.9015125458239661e-01	   4.8324745497517635e-01	   3.8984340356997876e-01	   4.0477642039353634e-01	   4.3383401031543001e-01	   1.7226950660085039e-01	   3.4118968590141685e-01	   4.1334440727029786e-01	   4.5678847711530912e-01	   2.4936056306854726e-01	   3.8192221950461558e-01	   3.8181127475109677e-01	   1.2715505372165450e-01	  -6.4552590795702913e-02	   5.7561094809104197e-03	   1.2053288881265663e-02	   4.0612075402827125e-01	   4.9146347132243740e-01	   3.8971598716349354e-01	   3.2240161348625468e-01	   2.3504943806610237e-01	   1.9827196730371013e-01	   1.0306454758784983e-01	   9.0523335792112192e-02	   2.6633840455118252e-01	   2.2541202013610989e-01	   4.1248025672580091e-01	   4.9921374036635718e-01	   2.3900834917833522e-01	   2.9489037491159431e-01	   2.0342235344792489e-01	   1.8066599204611145e-01	   5.0402365957546998e-02	  -9.4129048824534975e-02	   8.7859623170510048e-02	   7.8147088819553706e-02	   5.5243888256631027e-02	   1.2200313762945546e-01	   7.9885373350263369e-02	   2.6367335910822559e-01	   2.7006451012574872e-01	   1.3125660650744753e-01	   2.9057804065270776e-01	   1.0595360048824437e-01	
   4.2580658199639210e-01	   4.3803030048559521e-01	   4.4575824108769296e-01	   3.5244001350113152e-01	   5.0407851139463056e-01	   5.3152630616894703e-01	   5.3971049218617595e-01	   3.4973930888658161e-01	   6.0722912006073715e-01	   0.0000000000000000e+00	   3.8062684606141117e-01	   3.2730225139039709e-01	   3.7595925428367688e-01	   3.3401437598578049e-01	   4.3055883641909937e-01	   6.1053234712043547e-01	   2.0130129984295972e-01	   1.5514314125574491e-01	   5.5434654559159924e-01	   4.9926236155209480e-01	  -3.2573727051433843e-01	  -1.6606185530584247e-01	   2.5322377945571012e-01	   2.5914781075851395e-01	   2.2777001784112214e-01	   1.2233983269945914e-01	   2.2830735347711889e-01	   1.5279109669757693e-01	   1.8284595063033576e-01	   1.1715866921654308e-01	   2.0159790046895981e-01	   1.2820065399720332e-01	   3.3866465227264897e-01	   2.9605919117801138e-01	   6.7286942194871024e-02	  -2.3042305115960230e-02	  -6.5279379797419795e-02	  -3.8827201148217416e-01	   2.1373132469924722e-01	   5.0329847756252738e-02	  -2.3261297046560608e-01	  -6.8455480300432137e-02	   4.1773164062665380e-01	   3.1914362753363590e-01	   2.1512861122918864e-01	   3.3315310159977030e-01	   5.0573893341591503e-01	   3.8115729745664084e-01	   4.6618967241777737e-01	   4.9875299823363667e-01	   4.3521567757825497e-01	   3.4501453379067681e-01	   4.4368815636453596e-01	   4.9862808453441976e-01	   5.2118753762144288e-01	   6.0632183792043304e-01	   4.0838668315662607e-01	   4.9948512443120763e-01	   4.7094595362341396e-01	   4.4321253830344681e-01	   3.9604284398270845e-01	   3.7309308905726846e-01	   1.9619339458738974e-01	   2.6099111423093968e-01	   1.0938189291181231e-01	   1.8705788056831510e-01	   2.3470303611619164e-01	   9.2450101880362678e-02	   3.1665933717773342e-01	   2.9670337749887682e-01	   2.4555556924091024e-01	   1.9710283096775782e-01	   2.0059506457680681e-01	   3.4090048657617422e-01	   2.0975717659462378e-01	   2.5866036050219399e-01	   2.8598979488164167e-01	   2.1654594433061281e-02	   2.0281161825564123e-01	   2.0468852193314613e-01	   4.2037790454877222e-01	   2.2790694893759833e-01	   3.5853491884755506e-01	   3.8959252891751289e-01	   2.0777184678542257e-01	   9.7906201141319885e-02	   2.2139559101956793e-01	   1.2258167808410010e-01	   5.0439165241761019e-01	   5.0644346416632291e-01	   4.3896478303079844e-01	   3.4305155104329677e-01	   3.1459179596755593e-01	   2.2494699214607539e-01	  -1.3371839792634233e-01	  -2.5832872612879582e-01	   2.1715316315534439e-01	   1.7649808565965552e-01	   4.7060521830067453e-01	   5.3849196826603740e-01	   2.2743557675930404e-01	   2.8699784188252664e-01	   2.6291423005152209e-01	   1.5737601849973692e-01	   1.8080776391634971e-02	  -2.6919268157711528e-02	   4.0355205069593683e-02	   8.8350630438314232e-02	  -2.3199591809587938e-01	  -5.3107070869486295e-02	   2.0975740945844468e-01	   3.3401318902954380e-01	   3.5101668553025456e-01	   1.7518068106459794e-01	   1.9455901652412894e-01	  -7.5457275249055822e-02	
   4.8795011648484232e-01	   5.0068064117586608e-01	   4.9533550268407672e-01	   8.0801171344318620e-02	   3.9749663536633495e-01	   1.9266925105218813e-01	   7.0890626978347493e-01	   2.4514691702343208e-01	   4.9891948393792868e-01	   3.8062684606141117e-01	   0.0000000000000000e+00	   5.7792846101158268e-01	   9.0798819946896614e-01	   7.1801765668900486e-01	   6.1700696967302582e-01	   5.3114570559744179e-01	   5.8126491062305541e-01	   3.5253230687040465e-01	   6.2215362360704141e-01	   4.9548612210848575e-01	  -1.8030787858710781e-01	  -2.6213700926893929e-01	   2.5667146085277609e-01	   7.8203937365959542e-02	   1.6565283861397676e-02	  -2.0466398144879983e-01	   2.4190774184417999e-01	  -2.2907100758625624e-04	   5.9040705103960067e-01	   2.7140525896985923e-01	   8.9129841561416040e-02	   2.4141552800835651e-02	   3.1608301859164711e-01	   2.9552932099228874e-01	   7.1473778419471223e-02	  -1.6844035390727866e-01	  -2.0706245218315950e-01	  -4.6787045444224518e-01	   5.6053889403089682e-02	  -3.0246044424986206e-02	  -2.2622154208578014e-02	   3.6176262815705441e-02	   2.2706794972463090e-01	   1.3599295673790002e-01	   1.0526355247360429e-01	   1.6608751277092443e-01	   3.5536020779858329e-01	   2.1635685386463599e-01	   4.6426046287689132e-01	   5.9197600604121259e-01	   3.7748342460522821e-01	   3.2207129103730237e-01	   4.0260328887132690e-01	   3.2408599770563207e-01	   3.9319139964636968e-01	   3.9518989955862527e-01	   4.2772060639390191e-01	   5.9074921708971651e-01	   7.2553639823327853e-01	   4.1685139815458561e-01	   8.7585487732096257e-01	   5.1056948616747433e-01	   4.8966991934115534e-01	   3.3514460821852121e-01	   3.2225087994158552e-01	   2.1787884519340678e-01	   1.3466308905547503e-01	  -1.4850391841235619e-01	   2.2083072204573206e-01	   3.2215562839603645e-01	   1.3845826055515348e-01	   4.4569130973355825e-02	   6.0384535797889172e-01	   3.5165605918886589e-01	   6.1841428784719155e-01	   4.0254860853613661e-01	   5.3732591172276600e-01	   2.3910565394616456e-01	   4.4987613076236321e-01	   4.4513201555680215e-01	   4.4284372978741232e-01	   2.6398619749526209e-01	   3.7231317881964338e-01	   2.8501035941240571e-01	   2.6671147655225613e-01	  -5.8691289774272029e-02	   5.0637725714437219e-02	  -1.1888436330879559e-01	   4.4817341670273236e-01	   4.1664869785658998e-01	   3.1540567682420895e-01	   2.9824807555049559e-01	   2.9405690933835958e-02	   2.1197308316743030e-01	   2.2616970760926147e-01	   1.2699069741998281e-01	   2.8619319232811552e-01	   3.7357278574834579e-01	   3.0778427865143487e-01	   4.9252476374615417e-01	  -2.5069867991807833e-02	   3.8041929565323490e-01	   1.1868448237959509e-01	   2.8001368815897298e-01	   6.0039179830513476e-02	  -2.1389120834837540e-03	   1.2107327565941325e-01	   1.2905914506778404e-01	   8.2282949385291348e-02	   2.9510070073723971e-01	   1.9285340277623306e-01	   3.1453829795405902e-01	   4.1961795172472438e-01	   3.5999148888942251e-01	   3.9272812389473621e-01	   3.3618599349141173e-02	
   4.0467969291362937e-01	   5.9301986500509085e-01	   1.8533024166988205e-01	   2.6763000836593392e-01	   3.2354399787214727e-01	   4.5976457042764479e-01	   5.3943611657165114e-01	   6.5507588452494425e-01	   5.2623248219952579e-01	   3.2730225139039709e-01	   5.7792846101158268e-01	   0.0000000000000000e+00	   5.4430943836385126e-01	   9.2302861865702690e-01	   3.9268016806344941e-01	   5.7283974885279587e-01	   6.7653569353329024e-01	   5.9804184002946770e-01	   4.6961894451114500e-01	   5.6497376090759843e-01	  -2.5587107226484934e-01	  -9.2508535249686608e-02	  -4.7980026167989315e-04	   8.8506833296617094e-04	  -6.2740396130850751e-02	  -1.3002789898609135e-01	  -2.3563752937616866e-02	  -1.1360069777947812e-01	   7.0369584760756809e-01	   7.3876369881223580e-01	   2.1343443222246308e-01	   1.8270517543095258e-01	   3.9435301407751094e-01	   4.3323249713635803e-01	  -1.0691607508004777e-01	  -7.6243830307727675e-02	  -2.8427470758327389e-01	  -4.4172023513350878e-01	  -1.1576566937920969e-01	  -1.1303832308486811e-01	   1.9109220417951445e-01	   2.3084241346414075e-01	   4.1860123195956911e-01	   4.4494191359185564e-01	   3.4539864468100401e-01	   4.9952830899232398e-01	   5.2743070806614500e-01	   4.8303402278504615e-01	   6.5883941274750346e-01	   6.6499513569853530e-01	   4.7497375832849353e-01	   5.1978266548509700e-01	   4.9191910986851739e-01	   3.9504332210023196e-01	   2.8379295693252238e-01	   4.0521199606695052e-01	   3.4633577389855474e-01	   3.9719964388311202e-01	   4.3072535818351998e-01	   4.4671653732032601e-01	   4.7593141632061864e-01	   6.8746372733261529e-01	   6.2140853386903427e-01	   7.0664761108655072e-01	  -1.2983718937146835e-01	   1.2659332002004287e-01	   9.2072200731590476e-02	   8.4387384973613755e-02	   5.0339100361326383e-02	   2.0031245003454207e-01	   3.7382494083226880e-01	   1.9540226324986454e-01	   5.7801222726824075e-01	   6.2779537510303696e-01	   4.9977815834111772e-01	   6.0426013004490575e-01	   4.8321707627408539e-01	   4.6332784859712584e-01	   6.0830436158638213e-01	   6.1572419832134162e-01	   6.5699825711392823e-01	   4.3859508502188332e-01	   3.8753586665395734e-01	   4.2922042147128758e-01	   5.6144457165020159e-02	  -7.4722478141285131e-02	  -2.4220352236474527e-01	  -2.2077521174081949e-01	   1.1213819110745485e-01	   2.2183821620923039e-01	   2.0584933725264146e-01	   4.3417947096421383e-02	  -6.5973188253166518e-02	  -1.2507174946726290e-01	   2.1959584340377680e-01	   2.4084739051093984e-01	   1.2910887557980197e-01	   3.2131946233260344e-01	   3.9448544321979567e-01	   3.8041129299231263e-01	   1.6047567782314814e-01	   1.7890106871430146e-02	   1.3628136768653187e-01	   4.8215598141957368e-02	  -8.9267226327791438e-02	  -3.0072154563468401e-01	   1.0591576175360594e-01	  -7.1664740793311366e-02	   3.5445802129583710e-02	   8.1536123755284046e-02	   5.8550805562718300e-02	   2.9586463555257458e-01	   3.6260959747425991e-01	   2.1844920910772231e-01	   3.1943475481210348e-01	   1.1956460965063678e-01	
   5.7304871415729697e-01	   5.1192453915846958e-01	   5.3827773602515827e-01	   5.4101407378746844e-02	   3.4291915837410569e-01	   1.2718002198592285e-01	   6.5333128044493760e-01	   1.4784115650138041e-01	   4.2390022493796320e-01	   3.7595925428367688e-01	   9.0798819946896614e-01	   5.4430943836385126e-01	   0.0000000000000000e+00	   7.2073381568621109e-01	   6.7432345693605000e-01	   5.2981158861341826e-01	   6.1227977276963608e-01	   4.5652066808159120e-01	   6.2432662220072055e-01	   5.2500238897094209e-01	  -1.8796191488560679e-01	  -2.4358277346165441e-01	   3.1504433701193402e-01	   9.6576703206717060e-02	   7.7287411126618091e-02	  -1.6122852876354962e-01	   2.8865308554293428e-01	   6.4352525842225006e-02	   5.6820615714306655e-01	   2.8792072528649504e-01	   1.3091282954081693e-01	   7.8085841113727517e-02	   3.1813474675516562e-01	   3.1721207438009347e-01	   2.1719618122052470e-01	  -7.7262989204109567e-02	  -1.8498351673776442e-01	  -4.9358673482252352e-01	   6.9244565356999660e-02	  -1.1101233715680842e-01	   5.2864783273594187e-02	   2.2652850701608638e-02	   3.3214226670005342e-01	   2.5045622929197309e-01	   2.4701914775384787e-01	   2.6134687011873031e-01	   4.3558383680601398e-01	   2.8290782508888179e-01	   4.9905938656013543e-01	   5.4988251898503704e-01	   4.0735422406673127e-01	   2.8804185881681271e-01	   3.9316922945840488e-01	   3.3834206691629659e-01	   4.3290916325224393e-01	   3.8539679041982028e-01	   4.7962791131007743e-01	   5.5629414547391620e-01	   7.1408531190820290e-01	   3.2042063340428550e-01	   8.0981548331860642e-01	   3.3933059198472149e-01	   4.3258330004555634e-01	   2.7781397317080425e-01	   3.7196418203708537e-01	   1.0271450543082911e-01	   1.7778461983582799e-01	  -1.2823234019786034e-01	   2.4895793242288372e-01	   3.1143543618022873e-01	   5.8499788096798719e-02	   7.9868497962374163e-02	   6.5362707711977630e-01	   4.1224732351700399e-01	   6.4211237052731629e-01	   4.5598415670713177e-01	   5.5922628662479135e-01	   2.2763736679931190e-01	   4.6946410174286485e-01	   5.3631006048947483e-01	   4.8394253998124548e-01	   3.8149550236895280e-01	   4.6800923633956737e-01	   3.5695598079203761e-01	   3.9480435639920808e-01	   2.8811009178001494e-02	   1.9820962383043511e-01	  -2.0082338078400479e-02	   4.5828589041133405e-01	   3.5744633307731022e-01	   3.2486117616667831e-01	   3.1613741825431046e-01	   4.9839848425892105e-02	   2.6000076679146072e-01	   2.1697784029930911e-01	   1.5967560836497202e-01	   3.3502274133985749e-01	   4.9015097202558683e-01	   3.5566171183745876e-01	   5.1837111787097845e-01	  -4.5154284125362758e-02	   4.3654421499237817e-01	   8.8473436047679904e-02	   3.1653152936384876e-01	   4.9885348619997105e-02	   6.7580602062810677e-02	   1.6450083296268115e-02	   7.6709592357566553e-02	   8.1112040170528837e-02	   3.1027574447942596e-01	   3.0703827045301402e-01	   4.2697864583870748e-01	   4.9082790845578372e-01	   4.2416914341955397e-01	   4.2292859199421429e-01	  -1.7982323673805877e-02	
