   0.0000000000000000e+00	   7.2492186855813867e-01	   7.2003981098813674e-01	   4.7298156427700466e-01	   5.5065353625804980e-01	   4.0785515946053530e-01	   7.3707267968639556e-01	   6.0313341693706890e-01	   4.6407545527985061e-01	   3.7256097477545957e-01	   6.2321307456300823e-01	   4.7356126343558991e-01	   6.5833031687016008e-01	   4.4766108672240645e-01	   5.4889157856297954e-01	   3.2850573865071714e-01	   5.8118902572856324e-01	   4.1197950616684986e-01	   8.1254898660948449e-01	   7.0714716266194355e-01	  -2.1275346750093638e-01	  -2.1689963806885215e-01	   4.3012421490684261e-01	   1.3057034411935645e-01	   1.6700748505379648e-01	   7.3286459617498842e-02	   2.7189529971900400e-01	   1.6104034400246070e-01	   3.2485690441045645e-01	   1.0659652708984567e-01	   1.1173568334294223e-01	   2.1394327413298414e-01	   6.2269107475503849e-01	   5.1970371222003620e-01	   6.0774269307342269e-02	   1.4482384462071698e-02	  -2.1628994794215270e-01	   3.1300158417815029e-03	   1.5848511004489330e-01	   1.1197560034313192e-01	  -1.0192145561888440e-01	   3.9372169031574259e-03	   3.3959288102078233e-01	   2.7783619756204636e-01	   1.5249300783906786e-01	   1.2406115246304750e-01	   3.7306670680818260e-01	   3.8996306223244259e-01	   3.1717447970720396e-02	   3.5776231403861838e-02	   3.1061384024078575e-01	   1.4528944961802442e-01	   3.4955278420271274e-01	   4.3688018621411695e-01	   4.4452827724690197e-01	   4.6315500612727273e-01	   8.7974490623246793e-01	   6.9649357944670098e-01	   7.2974881936408831e-01	   4.8979194501447343e-01	   6.6706566007775847e-01	   4.5668186782873066e-01	   4.0352380802226379e-01	   2.6388757479808395e-01	   4.2485179191763423e-01	   1.2011533734851466e-01	   4.6879386944765056e-01	   2.8564468457728986e-01	   6.6848736237848616e-01	   5.5048941949370422e-01	   2.9908340123630878e-01	   1.1129532349689529e-01	   4.0456696015334426e-01	   2.2930555892600615e-01	   3.5134481938119388e-01	   3.2604717080339773e-01	   2.8969497633406227e-01	   1.5790591424344105e-01	   4.9866266949342436e-01	   2.6940281226343504e-01	   5.5397978970724093e-01	   3.8793458803172021e-01	   2.9246816557482186e-01	   2.2925007085172761e-01	   6.9109902317121374e-01	   6.2729336799726243e-01	   2.3259349602238705e-01	   2.8410339895999653e-01	   4.0160677919305021e-01	   5.8156946336832660e-01	   4.2981824208106023e-01	   6.5560439956775896e-01	   5.4957270063648378e-01	   6.7628369948217593e-01	   1.2524175886443892e-01	   8.9690162214338801e-02	   3.3436719396181119e-01	   3.4765844367199972e-01	   5.3901639413718816e-01	   6.2333777319861394e-01	   4.1018714212889956e-01	   5.2587011500056879e-01	   3.1754183442734157e-01	   4.3947748029181249e-01	  -2.6650538026436774e-02	  -3.2020432848053003e-03	   1.2698847029188484e-01	   1.0865685548237940e-01	  -1.0594656765640720e-01	   1.4101076125422640e-01	   4.0231707870293743e-01	   4.0579015102866667e-01	   3.4844081956074868e-01	   3.1849959775312348e-01	   1.7923599353010322e-01	   1.1654352709350380e-01	
   7.2492186855813867e-01	   0.0000000000000000e+00	   5.6920308281756193e-01	   5.0444829807216618e-01	   4.1050156544794181e-01	   2.5093426779769906e-01	   5.6288059034288318e-01	   6.0192191860325717e-01	   3.6299501127139239e-01	   3.1634633516016536e-01	   3.4806216085789371e-01	   3.6994709701376161e-01	   3.3201607776160835e-01	   3.9402917593201858e-01	   3.0432279069442220e-01	   2.8683062507663792e-01	   4.8062451785470212e-01	   4.4112156431982846e-01	   7.6019251786371478e-01	   7.1401975238459059e-01	  -2.4958035849450455e-01	  -3.0649591539897963e-01	   2.9282401067925345e-01	   1.3162405518247328e-01	  -3.3499785628084346e-02	  -5.9764780422461201e-02	   1.8804067022753290e-01	   3.8871510571002049e-02	   8.4258890916233620e-02	   1.1175710698205663e-01	   2.4813725208228034e-02	   1.5420621727427947e-01	   5.1105247116383601e-01	   4.4805106229338554e-01	  -4.2186137591302297e-02	   4.0141721227463775e-02	  -1.7918794848055020e-01	   1.1446000005838422e-01	   1.6777504912169289e-01	   2.3696198079178116e-01	  -2.3982570548784712e-01	  -4.9800232867328577e-02	   3.3601571126841234e-01	   3.6402729679106027e-01	   1.5304871208228979e-01	   2.1301336601306786e-01	   5.3965121734855082e-01	   5.6205190606422251e-01	  -5.0439377850180957e-03	   1.3561953363741569e-01	   2.2836607198022202e-01	   1.9822870894595690e-01	   4.1635380555194473e-01	   5.3451015629509357e-01	   5.3000655411515418e-01	   5.8849461396074298e-01	   7.0115212187257558e-01	   7.0535183751267472e-01	   5.7663106405209352e-01	   4.7754776512187891e-01	   4.6943168624341591e-01	   4.3180743635401536e-01	   1.7531039569168919e-01	   2.5389557358085812e-01	   1.8998341314609432e-01	   4.8166588835554525e-02	   3.0372760227083179e-01	   2.4272957005655293e-01	   6.2671970797848797e-01	   5.8223045035902166e-01	   3.0221980323074688e-01	   9.4777869829430678e-02	   1.0723414472574411e-01	   2.0787931506291854e-01	   4.5163242349228118e-02	   1.9146578954367474e-01	   8.4240180907280332e-02	   1.7816233157510278e-01	   4.0935684278824391e-01	   2.0494061864617474e-01	   3.5904622980458795e-01	   3.3259569244182846e-01	   1.8385580786010752e-01	   2.7189744554327311e-01	   4.8273795275929343e-01	   6.0479091418688835e-01	   1.4836603296210749e-01	   3.3200257581281123e-01	   3.5638218847706660e-01	   5.4398213422813224e-01	   4.9307664731825679e-01	   5.7884069090535251e-01	   5.6559867468243419e-01	   5.9384278237149390e-01	  -5.1151722269426783e-02	   1.0858979770341859e-02	   5.1739044356714659e-01	   3.6078697487402772e-01	   6.0340293665486400e-01	   5.3757269861074930e-01	   4.6715430037756378e-01	   5.0221289147488613e-01	   4.2418003590038761e-01	   4.5969283534272976e-01	   2.9100698150161752e-02	  -2.8558950409898415e-03	   3.4641304488801324e-02	  -4.7080214441313486e-03	  -2.3813516662268402e-01	  -4.2722038749829813e-02	   5.0928305672602159e-01	   4.6860356942837089e-01	   3.9818031909284735e-01	   4.4293170425334932e-01	   2.3399578205742094e-01	   2.1978737232222184e-02	
   7.2003981098813674e-01	   5.6920308281756193e-01	   0.0000000000000000e+00	   5.5995115626745207e-01	   7.6878240534142783e-01	   4.3620796625441932e-01	   8.7089766513849476e-01	   5.2752318405792820e-01	   6.5295461691448953e-01	   3.2805542814083399e-01	   5.6893973882890281e-01	   2.1846010516126441e-01	   6.5332691962250955e-01	   2.7246272889869472e-01	   7.6986146712445402e-01	   3.3922558328641284e-01	   2.9214930912944537e-01	   2.7404695520023303e-01	   7.2974141174877660e-01	   6.7291247888579009e-01	   4.2882264600780928e-02	  -8.0619890491716913e-03	   7.4377688170939593e-01	   3.4251708864044350e-01	   3.5783332711181748e-01	   1.8685258921551090e-01	   5.8637103703250903e-01	   4.5879805977881499e-01	   2.6793642587973304e-01	   3.2277786718353567e-02	   3.2949590279771690e-01	   2.7158946200923295e-01	   6.8336782313353506e-01	   4.9987585456518879e-01	   2.5990929542211105e-01	   3.6928472651773521e-02	  -2.7810910942261319e-01	  -1.4189250363676376e-01	   3.0250044014316030e-01	   1.3951692551315731e-01	  -2.0675762001727271e-01	  -8.6155162186968531e-02	   5.8849550522290198e-02	   4.3331453457811600e-02	   2.3598711597780275e-02	  -4.9442573720535760e-02	   1.1797616791007437e-01	   1.8979245481610335e-01	   1.5474596795240799e-02	  -1.3975223510183410e-01	   1.7802596281687677e-01	  -2.8820438170484786e-02	   2.1110146629634610e-01	   2.2060140651646851e-01	   3.2056261908668171e-01	   2.9755771056595737e-01	   5.3185690014185005e-01	   4.7023698277444326e-01	   5.3680753291978900e-01	   3.1001957180940837e-01	   7.2276110853390019e-01	   4.5819404513532358e-01	   1.3253374541697502e-01	   1.0908413087986316e-01	   7.2895797068847568e-01	   3.7108072092643518e-01	   4.1437387318557078e-01	   1.3014606017963204e-01	   5.2811139458671430e-01	   4.8435018906649191e-01	   2.3004113576792928e-01	   2.4984543535276871e-01	   3.2712919514219757e-01	   3.0639163328015345e-01	   1.9303378532109411e-01	   3.6897767289797845e-01	   1.5230167326022617e-01	  -1.4917362350592666e-02	   3.2041719487941012e-01	   1.9759158363809437e-01	   4.1988296288746246e-01	   3.3201791910653955e-01	   5.3937032211627955e-01	   2.0391143298980008e-01	   7.6546879708816129e-01	   5.8813074160197898e-01	   5.7874977785581905e-01	   5.3548267206122246e-01	   5.5549503397792055e-01	   6.1272382000761116e-01	   4.7731715018321663e-01	   7.7352360133425657e-01	   5.8202611631099987e-01	   7.5414213652872908e-01	   3.0509176017948342e-01	   3.5249895871112748e-02	   4.5152827775113236e-01	   3.1514838938943890e-01	   4.5990015659199290e-01	   6.0202650617636710e-01	   3.9743650632353500e-01	   5.1636996484617614e-01	   2.4614470088607870e-01	   4.1168196979890564e-01	  -3.2788914382148526e-01	  -2.2156677041110751e-01	   2.9510351413182984e-01	   2.0472113199189113e-01	  -1.4442048749926113e-02	   1.8550947944106427e-01	   2.5343891178678246e-01	   2.8263450270948703e-01	   8.0287839511404419e-02	   2.3134684282532780e-01	   1.2566313330779402e-01	  -5.4701083319383906e-02	
   4.7298156427700466e-01	   5.0444829807216618e-01	   5.5995115626745207e-01	   0.0000000000000000e+00	   2.3634224938327070e-01	   5.2981164083765631e-01	   3.9954592784774617e-01	   7.5314432330735237e-01	   2.4814446652447766e-01	   4.5849078800399867e-01	   2.5834202055349259e-01	   5.8364519233570156e-01	   2.7880870511060396e-01	   6.7685349488242741e-01	   3.4706420147978539e-01	   6.1339978055352529e-01	   3.1933302962621246e-01	   4.2055821211244709e-01	   6.1500395391003526e-01	   7.4483158541859196e-01	   1.9108558851654558e-01	   1.6648723596261081e-01	   6.3877686041534776e-01	   7.6656706769932548e-01	   3.9780528398550069e-01	   4.9459313229796775e-01	   5.6182432831924756e-01	   5.5872808807909713e-01	   2.0193231297741249e-01	   4.5784345852471697e-01	   5.2202329460162700e-01	   6.5421864510533301e-01	   7.2040938612100980e-01	   7.5301905119696855e-01	   3.9476253390880656e-01	   4.4077571269590055e-01	  -1.2470457703051892e-01	   2.7048689959775676e-02	   4.2761215220783894e-01	   4.1824788504747512e-01	  -5.7175111539652362e-03	  -9.6216190053003192e-02	   7.9961791281544681e-02	   1.2057468179717688e-01	  -7.3585066773939514e-02	   4.9312588828304534e-02	   2.3026691596783541e-01	   3.4266833537305708e-01	  -3.5175996358667957e-02	   6.7032229868258186e-02	   1.8283482189365996e-01	   2.4963453345982134e-01	   4.1220925317705071e-01	   2.3362043143862793e-01	   4.3682764023929199e-01	   3.3502261432513630e-01	   4.9328118173113700e-01	   4.8673393386039587e-01	   3.1934881210337285e-01	   6.1916008997012140e-01	   2.4073935728498991e-01	   7.4079998776871570e-01	   3.4999043730229218e-01	   4.7953193201643363e-01	   4.4442203263165192e-01	   7.2010184548361500e-01	   5.8544981790832185e-01	   6.6651390932830967e-01	   5.7769618794945754e-01	   6.9017479048332075e-01	   4.3135982809761630e-01	   3.3082748716450572e-01	   4.6252869877162650e-01	   4.9448966895448604e-01	   2.8516309445695209e-01	   4.7482781169182209e-01	   2.2090950756581298e-01	   3.1000517477795170e-01	   4.0420692624265242e-01	   3.4567001390252777e-01	   5.1984658986322108e-01	   7.0609820435678383e-01	   4.6789072555332933e-01	   5.5324006498286527e-01	   4.5031103202233186e-01	   7.1406612474186759e-01	   4.8148087287140084e-01	   6.9632187855515759e-01	   5.0442062967375656e-01	   5.7422630520035278e-01	   5.8063863909816016e-01	   2.6647137300387380e-01	   6.4706919169320709e-01	   3.7279255858946181e-01	   1.6264646450239684e-01	   1.3744787494021273e-02	   4.0793139760435881e-01	   3.1533038142894970e-01	   5.2442450933661355e-01	   3.6448268092232305e-01	   2.9689238853511712e-01	   2.5524385718430725e-01	   1.3949968768946563e-01	   2.3047764749923258e-01	  -3.1948262156590079e-01	  -3.7074208189767022e-01	   1.4409696796811158e-01	   1.5829283724854207e-01	  -1.5817418526071048e-01	   4.4415438602621871e-02	   1.7728744483958106e-01	   7.7919387163345566e-02	   2.0631243997980947e-01	   2.2305405666729966e-01	   1.5735480480175057e-01	  -6.1095921705257322e-02	
   5.5065353625804980e-01	   4.1050156544794181e-01	   7.6878240534142783e-01	   2.3634224938327070e-01	   0.0000000000000000e+00	   5.4177396248576404e-01	   8.1572623466278393e-01	   3.5598738310900468e-01	   8.2989597171429597e-01	   4.4680354290594071e-01	   3.9701695109111995e-01	   5.5789709474984586e-02	   6.0690304016580399e-01	   1.0109665747482366e-01	   7.3434952552463095e-01	   2.9391412260439520e-01	   2.5862221751323335e-02	  -4.7243976655883438e-02	   5.6309746633831836e-01	   4.6286687855196090e-01	  -7.0806117059517351e-02	  -1.1852881801003205e-01	   4.4044527264796651e-01	   3.1436461233106873e-02	   1.1668283547732866e-01	  -1.6562171284184177e-02	   4.0343794361121427e-01	   2.9512131428403754e-01	   1.2851431764492268e-02	  -2.4889816411746127e-01	  -2.1150923471530386e-02	  -8.3544695536533972e-02	   3.7305281780644478e-01	   1.7478806278295689e-01	   2.8556289024323049e-02	  -1.5037253251025814e-01	  -4.5435758125047465e-01	  -3.9867260294981943e-01	   1.5724337529806992e-01	  -4.6871995695507603e-02	  -4.0022847563487918e-01	  -2.1210634479493229e-01	  -1.9819878508640192e-02	  -3.6427703969083340e-02	  -7.6589341831252461e-02	  -1.3298173385258164e-01	   1.1591254721468577e-01	   9.8864375738540455e-02	  -7.2571521819827511e-02	  -1.6585827372393219e-01	   1.1781688509233049e-01	  -1.5429467483915293e-01	   2.6399243273662742e-01	   2.2322319422658810e-01	   3.1124138227898440e-01	   2.3595180452985010e-01	   3.0678155702729915e-01	   3.1167207265445085e-01	   5.7138735665599660e-01	   2.8005613123896023e-01	   7.6959664504252923e-01	   3.1690945930287717e-01	  -5.3175668790462725e-02	  -7.4842513772161945e-02	   5.2677904476311377e-01	   3.6187159073161182e-02	   1.6191292269544161e-01	  -1.5484473065999005e-01	   4.6655904953942740e-01	   3.7222422648716147e-01	  -7.7364791150196538e-02	   5.4263077459586188e-02	   1.5932638446615133e-02	   7.0182897893150600e-04	  -6.8656262328699591e-02	   1.0432690115679652e-01	  -1.5008363572889361e-01	  -2.3953447524177141e-01	   8.9964701999813185e-02	  -5.4608073886198783e-03	   1.9513495026059308e-01	   1.1681944844456726e-01	   2.2232297218162955e-01	  -8.8168601445491615e-02	   7.4171938562108430e-01	   4.3653093082198857e-01	   4.3097201610452129e-01	   2.4648393786125822e-01	   5.8024112684947005e-01	   5.1694648198389581e-01	   4.8340130243278767e-01	   7.6861127683795460e-01	   5.7317650902678907e-01	   7.3352198603432961e-01	   2.2570125740914537e-01	   1.4673968318235009e-02	   3.8851795610948603e-01	   2.9557895739049023e-01	   4.5781695008098888e-01	   6.0766642737488241e-01	   3.6679711748204646e-01	   4.5646984429868509e-01	   2.3572469423260989e-01	   3.2621160148544692e-01	  -2.2675481102414280e-01	  -1.8400316975838454e-01	   2.8053623424593610e-01	   1.2005508663180703e-01	   1.0893692070734547e-01	   1.2181528710407309e-01	   3.1558758201274872e-01	   3.0978708129508670e-01	   1.0522187167169680e-01	   1.8037421395941824e-01	   2.2197226968606341e-02	  -1.2947535070156296e-01	
   4.0785515946053530e-01	   2.5093426779769906e-01	   4.3620796625441932e-01	   5.2981164083765631e-01	   5.4177396248576404e-01	   0.0000000000000000e+00	   4.0300738899012534e-01	   5.5808871735171106e-01	   5.1610053721388116e-01	   6.9628698737447581e-01	   2.3031120123839746e-01	   3.4445523804562106e-01	   4.2693699834863108e-01	   4.7579054293668621e-01	   4.7232701869530502e-01	   5.8527313011560489e-01	   1.2337760105500517e-01	   5.1120077043317620e-02	   4.5049057431977019e-01	   4.6724162774765693e-01	   5.4734091465732104e-02	   1.6457151405294268e-01	   4.6931154205432124e-01	   4.1601116171199537e-01	   3.8214219608046596e-01	   4.5921653256890471e-01	   4.6906288898575466e-01	   5.5348631363940393e-01	  -1.1650495609190892e-01	  -6.3614268552381389e-03	   1.3035978150813571e-01	   1.8756206328850683e-01	   4.2649615478505876e-01	   3.8107205358700469e-01	   2.9867908837864537e-01	   2.5913635219199549e-01	  -1.5323790227392947e-01	  -2.2840130772107781e-01	   3.3368404310540623e-01	   2.2468698039071910e-01	  -1.6677170416813453e-01	  -2.3691998151644925e-01	   1.3683887782304807e-01	   7.6406512389791265e-02	  -5.2426458514824470e-02	  -4.3157681184497872e-02	   2.9684264166285623e-01	   2.7998147917919486e-01	  -4.3615197547009030e-02	   7.3681215943021605e-03	   2.1235609231452510e-01	   8.5333389000054105e-02	   5.6072091207339092e-01	   3.3408257458370871e-01	   4.7826867809689322e-01	   3.2366555671347330e-01	   2.9053663301037802e-01	   2.9422217166349940e-01	   3.0845660840984335e-01	   4.9415631847329855e-01	   3.8111238872830183e-01	   5.8505020688639642e-01	   1.8463157815678011e-01	   1.0705391258360203e-01	   4.0702366540415946e-01	   3.6378578540092354e-01	   4.1076049930467268e-01	   3.4752376735125012e-01	   5.7302703755327733e-01	   6.2753803357075644e-01	  -3.4869176346378800e-03	   2.1328652021646277e-01	   1.0898877597129517e-01	   1.6192646604282912e-01	   1.7946907871439224e-01	   1.6824172803087228e-01	  -6.5239850354642283e-03	   8.7502205994146029e-02	   1.7982167802547197e-01	   1.5744889098211506e-01	   3.2777866898822416e-01	   4.4874493742915494e-01	   1.9137389650406800e-01	   2.9583204797990409e-01	   6.2761898505991776e-01	   5.2299098044339509e-01	   4.0453439596486140e-01	   3.5842364722425279e-01	   6.0895332675573655e-01	   4.8012243933854570e-01	   6.3756356679323156e-01	   3.7154987529257272e-01	   6.6646040610292290e-01	   3.9980902944064889e-01	   1.1271301425805552e-01	   1.1638428020114192e-01	   2.7108188956612717e-01	   2.9415537859936819e-01	   5.0761960029120468e-01	   4.5718854789934188e-01	   1.4014817784822409e-01	   2.0105566228958430e-01	  -3.6761361980881162e-03	   6.3457443887935408e-02	  -2.1347579591613020e-01	  -2.9466404527751311e-01	   1.2997703552052334e-02	  -2.6872100721314757e-02	   1.2910023883632371e-01	  -3.6305127849990335e-02	   3.1337565181086685e-01	   2.7809915555960907e-01	   2.7794569372784150e-01	   3.0733720716398838e-01	   2.7342909192283971e-01	  -1.7294322442557034e-02	
   7.3707267968639556e-01	   5.6288059034288318e-01	   8.7089766513849476e-01	   3.9954592784774617e-01	   8.1572623466278393e-01	   4.0300738899012534e-01	   0.0000000000000000e+00	   6.1760486030630235e-01	   7.2896768683389002e-01	   4.1499532907129799e-01	   6.3418122098969920e-01	   3.0285908675435530e-01	   7.7170894095914844e-01	   3.5311890738605478e-01	   6.6823951489152855e-01	   3.1582451113675447e-01	   2.6944965106643548e-01	   2.2224283037779827e-01	   7.1119792937011062e-01	   5.8661946055229275e-01	  -1.7914666476130003e-01	  -2.4807489847570036e-01	   5.0216296891760615e-01	   6.3235656438278887e-02	   6.0230634793935492e-02	  -8.2402662309607216e-02	   2.3245144710974064e-01	   2.1090252111702434e-01	   3.0716399824452889e-01	   2.6475372197692637e-03	   1.3050245023157772e-01	   1.1018272241421867e-01	   5.4320927518567041e-01	   3.6690491738047781e-01	  -3.7245778007108057e-02	  -1.9955490636101605e-01	  -4.6810252734619034e-01	  -2.6200130782458608e-01	   5.3412164801577969e-02	  -5.7513213025523029e-02	  -3.1503377475520500e-01	  -7.5359302797871841e-02	   8.5916084638454140e-02	   6.7095681854036790e-02	   4.5468845629817886e-02	  -3.1380247473174971e-02	   1.6338725047302133e-01	   2.1823313650609852e-01	  -3.3457059596803146e-02	  -1.3338675535368139e-01	   1.6754518836646082e-01	  -8.6045779170490055e-02	   1.7215614675110474e-01	   2.5636040889884015e-01	   2.8977522427435964e-01	   3.0196394110103930e-01	   4.9672426078001997e-01	   4.4357144292437267e-01	   7.0092489567363603e-01	   3.1707093446043660e-01	   9.1039346921597486e-01	   4.9350508318022518e-01	   1.4996233751853172e-01	   6.5629912612314878e-02	   5.9403970344167223e-01	   8.8856634565831247e-02	   2.5885635433986454e-01	  -3.6153343444331985e-02	   4.9315046062867995e-01	   3.8899667141039240e-01	   1.1817864095102198e-01	   5.8400971695056106e-02	   2.5149657957571286e-01	   1.9475638678702512e-01	   1.7520461740656998e-01	   3.2492163726420620e-01	   1.1962977594628263e-01	  -6.2972099457454939e-02	   2.3323844091529822e-01	   6.4615083867240491e-02	   3.5357586278050246e-01	   2.3321843793460678e-01	   3.0998371520228041e-01	  -1.5637833532580834e-02	   7.2330012668071086e-01	   4.8156357811847339e-01	   3.6652071916845430e-01	   2.1348260365603128e-01	   4.5598976726420415e-01	   5.0370116650548769e-01	   4.5847983634854406e-01	   8.0012296681381545e-01	   5.7960849907007628e-01	   7.9049334619288780e-01	   2.7871597256794162e-01	   1.0183675892953811e-01	   4.5234039828818262e-01	   3.3411493139337523e-01	   4.8375902844449647e-01	   6.5254340783497189e-01	   4.1352456707295715e-01	   4.4812480359640083e-01	   2.4206465915348968e-01	   3.7969451003990384e-01	  -2.2667093578729150e-01	  -7.1544540430136055e-02	   3.4182986395122084e-01	   1.9198812064378662e-01	   2.5286335546021544e-02	   2.0527270890759672e-01	   2.7015820501063625e-01	   3.4411166503089202e-01	   1.3449737718073537e-01	   1.4041763717910719e-01	  -1.4803834243232550e-03	  -1.0599664060521355e-01	
   6.0313341693706890e-01	   6.0192191860325717e-01	   5.2752318405792820e-01	   7.5314432330735237e-01	   3.5598738310900468e-01	   5.5808871735171106e-01	   6.1760486030630235e-01	   0.0000000000000000e+00	   3.4617843840170331e-01	   5.0696091312355707e-01	   4.3573794580847647e-01	   7.1724734684699198e-01	   5.4066875406358761e-01	   8.5075691320986702e-01	   3.2051009012381981e-01	   6.4702277921619378e-01	   3.7913206724490311e-01	   4.7174385512901057e-01	   6.4539254164075566e-01	   6.2664962855060113e-01	  -1.0355771241450722e-01	  -1.6344720048296271e-01	   5.0708695810965509e-01	   4.5462057179019388e-01	   1.1065141632399048e-01	   1.3594709137433428e-01	   2.1009084215868346e-01	   3.3696123503123748e-01	   2.4139170444716745e-01	   3.6628797004629932e-01	   2.4117439577548647e-01	   4.6138481314721708e-01	   6.2892107628395832e-01	   6.4192136272956180e-01	   4.7036719708596138e-02	   1.2617297452810347e-01	  -3.1491364574406666e-01	  -2.2532592421796577e-02	   1.2332652920057491e-01	   2.1401028081653661e-01	  -1.1121603425699261e-01	   2.9310194242863956e-02	   3.5491748592112948e-01	   3.4419546130201140e-01	   1.8495557972912430e-01	   2.3566748751879996e-01	   4.5389908929897133e-01	   5.1369472075189115e-01	   1.1116581769006291e-01	   1.8033477619429977e-01	   3.2389893020133198e-01	   2.3204887790064291e-01	   3.8859846030545864e-01	   4.2056048055979472e-01	   4.6866949239730726e-01	   4.9157507109291171e-01	   5.6678080690032195e-01	   5.1303441922699911e-01	   5.1777810316448714e-01	   5.5741705467510938e-01	   5.3900293622292828e-01	   8.5324569253884563e-01	   3.2544796555829092e-01	   3.5345522502661120e-01	   4.0447964882228882e-01	   3.2237921488849391e-01	   3.9074916156872136e-01	   4.2520302579282365e-01	   5.7945628418497708e-01	   6.1482309041379235e-01	   3.0927504173992948e-01	   8.0737329626643817e-02	   4.0480376064106632e-01	   4.1361078830038972e-01	   3.4867355626213026e-01	   5.1887065508424657e-01	   1.9366387122542048e-01	   1.5262245924826684e-01	   3.4465368650356315e-01	   1.0195509424528612e-01	   4.6506336953252253e-01	   5.6317458331053594e-01	   2.4814612001188552e-01	   3.0382950668384884e-01	   5.3511322830909136e-01	   5.6233058722749130e-01	   2.6580351025936111e-01	   2.9436905881961917e-01	   3.7657106831685988e-01	   4.3885735880775190e-01	   6.4419493681360129e-01	   3.9869106766461909e-01	   7.3627412814560844e-01	   5.2520156628929204e-01	   9.5000189164721138e-02	   1.8248532729340716e-01	   3.7399532891883602e-01	   3.4990794272409387e-01	   5.6849431670799289e-01	   4.6851382368060079e-01	   4.2594588203752581e-01	   3.0896328115132610e-01	   2.4356107906365473e-01	   3.3637475510939419e-01	  -6.9290463999800184e-02	  -1.7536348425046155e-02	   2.1549454495472964e-01	   1.8700926161968506e-01	  -1.1989237008211787e-01	   3.0052306621173822e-02	   2.5081601472549425e-01	   3.2188130613494903e-01	   3.3470186954588177e-01	   2.3334540276281038e-01	   9.2180723424387143e-02	  -1.4720433878654957e-01	
   4.6407545527985061e-01	   3.6299501127139239e-01	   6.5295461691448953e-01	   2.4814446652447766e-01	   8.2989597171429597e-01	   5.1610053721388116e-01	   7.2896768683389002e-01	   3.4617843840170331e-01	   0.0000000000000000e+00	   6.8821275870415410e-01	   3.1293360399814818e-01	   1.3419514161841650e-01	   4.8239162657217205e-01	   1.4529322505451783e-01	   7.3609863824405852e-01	   4.1325424172398639e-01	   1.6976707808472580e-01	   2.5120858073563502e-02	   5.5245586456476792e-01	   5.2342276314609593e-01	  -1.6348417937810461e-01	  -1.2284557445722244e-01	   3.7399851152033359e-01	   5.3838982133534517e-02	   9.7913656175904751e-02	   6.9967364760680453e-02	   2.7149646448001213e-01	   1.3252269048943527e-01	   4.9820863193306024e-02	  -7.6223763450773183e-02	   4.9720432866552453e-03	  -3.5845587711572535e-02	   3.5023247151698544e-01	   2.6042139896861172e-01	  -2.7662574066363597e-02	  -9.4705542029745113e-02	  -2.8170629631455457e-01	  -2.8372920335975643e-01	   1.5405660732391666e-01	  -2.6896986204308110e-02	  -2.7461987240154007e-01	  -3.6154801171059531e-01	   6.4784335513922209e-02	  -4.9612571258504240e-03	  -3.7605862990793618e-02	  -7.9995492760117137e-02	   1.9895380527251297e-01	   1.6753221760994558e-01	  -8.2842737584295334e-02	  -1.6026281055296629e-01	   1.9588152148902413e-01	  -9.1756713100963519e-02	   3.8784822804486052e-01	   2.5408088251814315e-01	   3.3802254039774610e-01	   2.1868365147345481e-01	   2.9351103105739684e-01	   3.2184061039636175e-01	   5.6186027376336811e-01	   4.3379465303826187e-01	   7.0980637419626613e-01	   3.0748731597788859e-01	   1.1793617224734231e-01	   1.0641401479503446e-01	   4.3986120785468408e-01	   1.3229137522086657e-02	   1.9889444418790081e-01	  -4.7291355041606468e-02	   3.8055495121301647e-01	   4.0198009025959086e-01	   7.1361893462409884e-02	   1.7761843289488655e-01	   1.3401303410918322e-01	  -1.0226052795437684e-02	  -1.2606903512191105e-02	  -3.7598382344917101e-02	   2.8111122900620816e-02	  -1.3247535681608257e-02	   1.7176712710813108e-01	   7.7710967557071936e-02	   3.4742633531630118e-01	   2.2272179742994141e-01	   2.2194925855619349e-01	   9.2130515285706552e-02	   7.7710252289861681e-01	   5.4807903023782312e-01	   3.5494869456941974e-01	   1.9031900660771883e-01	   5.3651151729701241e-01	   4.8113162731386172e-01	   3.7691671246934111e-01	   5.9805744151583295e-01	   4.9152643892789794e-01	   5.9664779870971796e-01	   2.5021128794761122e-01	   6.7925798132868476e-02	   4.4762233965946591e-01	   2.4059619057875242e-01	   4.7758177633153065e-01	   5.2038312383798024e-01	   2.7705128722578154e-01	   3.0096945965015520e-01	   1.2787664272030894e-01	   1.8838334094836115e-01	  -2.3609024159433750e-01	  -2.0356463604741637e-01	   1.4382890392103798e-01	   6.3956146853029047e-03	   1.3324170563304999e-01	   5.5774134802799656e-02	   4.1223278586376355e-01	   3.1029466078370449e-01	   1.6474040333947362e-01	   1.0987128739850269e-01	  -5.5421873289916185e-02	  -1.6558183656703643e-01	
   3.7256097477545957e-01	   3.1634633516016536e-01	   3.2805542814083399e-01	   4.5849078800399867e-01	   4.4680354290594071e-01	   6.9628698737447581e-01	   4.1499532907129799e-01	   5.0696091312355707e-01	   6.8821275870415410e-01	   0.0000000000000000e+00	   1.0548937312829182e-01	   4.1140638524039391e-01	   2.6415796086417415e-01	   4.7745535452273891e-01	   4.3677059729900991e-01	   6.4918092488450974e-01	   2.1789901776127185e-01	   1.5243541611335165e-01	   4.8998065742191077e-01	   5.2724180400481491e-01	  -1.4266510131993149e-01	  -6.5313290315507935e-02	   2.6626140006790305e-01	   2.8899985278306467e-01	   1.2792706861525671e-01	   2.7536102559492276e-01	   1.5690615154704238e-01	   1.5316684623760107e-01	  -3.8551114120726274e-02	   1.9772608919381005e-01	   6.8531934315122986e-02	   1.4600052068320951e-01	   3.5505531362368048e-01	   3.6393951640206157e-01	   4.9895276769442026e-02	   1.5714491027829638e-01	  -1.4545733946926259e-01	  -1.5332180655919944e-01	   1.5633618238012686e-01	   1.0620390703503266e-01	  -1.0950369914626203e-01	  -4.1519938285672103e-01	   1.5595361620609940e-01	   8.3782507676390575e-02	  -7.9579984448277422e-02	  -1.3199342346476083e-02	   3.2591823804745068e-01	   2.7510154378831775e-01	  -8.0382434870618816e-02	   8.0985337866101431e-03	   3.0041466082165480e-01	   1.2281491186251361e-01	   5.8871678146635120e-01	   3.6273263670837963e-01	   4.2957806902818618e-01	   2.6856341507658205e-01	   3.3177204209625888e-01	   3.7947012356552068e-01	   4.4972374093009637e-01	   6.2176892757609381e-01	   4.2066585433792708e-01	   5.0980487249072970e-01	   3.0759806037475601e-01	   3.3295003556087266e-01	   1.6819086589936447e-01	   1.5522351756926034e-01	   2.9539675980659175e-01	   2.4127616266048152e-01	   4.1145419617098056e-01	   5.2112604302330690e-01	   1.4268214503998797e-01	   2.0031643851968328e-01	   1.6950130437410693e-01	   9.5194402073261866e-02	   1.3827811756693251e-01	  -4.3997172770932388e-02	   7.8513505454920252e-02	   2.1124728778311691e-01	   2.6283569495670772e-01	   2.5822789266555601e-01	   4.1713695443246512e-01	   4.5722053858140910e-01	   8.2968198358299661e-02	   3.4742644321871746e-01	   5.5572473797847910e-01	   6.4734829986081954e-01	   1.4588563977733437e-01	   1.5636591817890091e-01	   4.4401124155683425e-01	   4.2964956834997625e-01	   4.1638147080675120e-01	   2.6678616249436404e-01	   4.9240294151066211e-01	   3.2251500568330033e-01	   5.6874087217636607e-02	   1.3818536228646411e-01	   3.4877493154594175e-01	   2.4080554009229022e-01	   4.9995289510415430e-01	   3.3962533143200346e-01	   1.4641073695016960e-01	   1.2449680559696771e-01	   2.2808652430363705e-02	   4.2206249736426921e-02	  -1.4845310236002113e-01	  -2.2024345664888917e-01	  -1.0157908633487527e-01	  -1.0351527468713843e-01	   6.6420372323427821e-03	  -4.2298191288774687e-03	   4.0767437402503559e-01	   2.1037162996401160e-01	   2.5446221630500909e-01	   2.0210486913387837e-01	   4.3262557084002930e-02	  -9.5635986900842726e-02	
   6.2321307456300823e-01	   3.4806216085789371e-01	   5.6893973882890281e-01	   2.5834202055349259e-01	   3.9701695109111995e-01	   2.3031120123839746e-01	   6.3418122098969920e-01	   4.3573794580847647e-01	   3.1293360399814818e-01	   1.0548937312829182e-01	   0.0000000000000000e+00	   3.2423472630930739e-01	   8.4947782822554341e-01	   3.4189490806953238e-01	   3.8169502371975206e-01	   1.3680873981738222e-02	   3.8409008250431237e-01	   2.3983993684415333e-01	   4.0952560412663325e-01	   3.0121370737765973e-01	  -1.8455698606496337e-01	  -3.0547124266280495e-01	   3.8700747358162990e-01	   6.7151715126702788e-02	   5.5171304540239267e-02	  -8.5620614368017378e-02	   4.7221496256316511e-02	   1.0971316632509412e-01	   4.1532308722057831e-01	   9.6382115433895736e-03	   8.8507775026284763e-02	   1.5243650936237818e-01	   3.3552700019960202e-01	   2.7751437401067180e-01	   4.5019710322557749e-02	  -1.2914442738877965e-01	  -2.4743267464950514e-01	  -1.9640999928412700e-01	  -2.4499850606574664e-01	  -2.5593110974850758e-01	  -2.3006033381781205e-01	   7.0030975963531666e-02	   3.6617385266154934e-02	   4.2072606150094907e-02	   8.9118610876907894e-02	  -1.6147095017510087e-02	  -1.2886106845934654e-02	   5.9279148274319959e-02	  -2.0246836625657690e-02	  -7.1800040854290273e-02	   1.1446565098144099e-01	   2.6155996832778923e-02	  -1.3529801967773886e-01	   2.8093857169042603e-02	  -4.7945645405637068e-02	   7.3568863699565487e-02	   4.1166426905300435e-01	   2.4469556349947455e-01	   3.4602177674821466e-01	   7.4711604560368822e-02	   6.2438766019919645e-01	   3.3586631105962217e-01	   2.7794850664786597e-01	  -6.5047734724721726e-03	   5.0924545816570577e-01	   1.3651857407018161e-01	   1.0860593841210039e-01	   2.1520496054880246e-02	   2.3335005813003518e-01	   1.2006501827178936e-01	   1.6203708994927721e-01	  -1.5227563705010242e-02	   3.5222727700617584e-01	   1.9019059444264191e-01	   4.0769437060249136e-01	   3.3724222048489549e-01	   1.9079935126758893e-01	   5.4607747902363897e-02	   2.7108499322309193e-01	   4.0683781002753265e-02	   4.6855029116246516e-01	   2.0684388226813794e-01	   2.6188534881971837e-01	  -6.0035487506202530e-02	   5.2459196845603251e-01	   2.0651801909492318e-01	   2.0352108670001090e-02	  -1.1205809407275039e-02	   4.0976840311132003e-02	   1.6883566958060431e-01	   1.5756616626597875e-01	   4.3633082737915424e-01	   2.5615840830368902e-01	   4.2511448443854682e-01	   1.7490683602624435e-01	   1.6148983165803859e-02	   3.3398927556338824e-02	   2.3303164017428207e-03	   1.1218860896737860e-01	   2.9142220114691725e-01	   2.6377819082581905e-01	   2.8464689706747781e-01	   1.7190197067694463e-01	   2.7785435274861064e-01	  -7.6281707233124718e-02	   7.4457881877737456e-02	   1.5244736369683798e-01	   1.0484668765322910e-01	  -9.4739121690274361e-02	   4.2667157301727224e-02	   6.5136590788239579e-02	   1.1258753196139042e-01	  -2.8949612310118531e-02	  -9.6370418822628867e-03	  -1.8098776536086804e-02	   2.3758200015474538e-02	
   4.7356126343558991e-01	   3.6994709701376161e-01	   2.1846010516126441e-01	   5.8364519233570156e-01	   5.5789709474984586e-02	   3.4445523804562106e-01	   3.0285908675435530e-01	   7.1724734684699198e-01	   1.3419514161841650e-01	   4.1140638524039391e-01	   3.2423472630930739e-01	   0.0000000000000000e+00	   3.9178426093344099e-01	   8.8505809638746802e-01	   1.8860846227625114e-01	   6.1663920177364684e-01	   4.2689050947719298e-01	   5.2648986198042302e-01	   4.6421125451070122e-01	   5.2302131126097406e-01	  -9.8324970640177832e-03	   3.8218774666763690e-02	   4.0194986719549836e-01	   4.9908336087720784e-01	   2.6026401220822259e-01	   2.9157410263367189e-01	   7.8797867576402489e-02	   1.4580450630099248e-01	   4.9627658135532837e-01	   6.6226901606668520e-01	   4.0169451697984870e-01	   5.9518120856109225e-01	   5.4117928709951668e-01	   6.4122886837700144e-01	   3.6924998745600027e-02	   2.1332957635657390e-01	  -1.5789788871019772e-01	  -2.8368731271054534e-02	   3.6920194929758218e-02	   1.5996093532636108e-01	   1.3770360749710836e-01	   6.3569900484899034e-04	   2.7878640692681378e-01	   3.2565183762950800e-01	   2.5166334662509710e-01	   3.3959202288480483e-01	   3.4798182632507912e-01	   3.3936746368638027e-01	   2.6721650626229981e-01	   3.1609326974282181e-01	   4.7866754155572094e-01	   3.9980850585015371e-01	   3.1134167831335025e-01	   2.7690497694391325e-01	   2.6876104412237634e-01	   2.6824521734895601e-01	   4.4595884312303580e-01	   3.9798293348659675e-01	   3.5891364319084196e-01	   4.5272298233638875e-01	   2.5849640410401120e-01	   6.5622666671573526e-01	   5.5722202541376209e-01	   5.4363744489329524e-01	   2.2692887551387120e-01	   3.5101620487887908e-01	   4.4657882322690406e-01	   5.2041028482033369e-01	   3.2371950388960891e-01	   3.5646201621188417e-01	   1.8208382691943015e-01	   1.4736081104512794e-01	   5.6880426774551240e-01	   4.5348730140737298e-01	   5.3149966258514159e-01	   4.7091558249858223e-01	   4.6806815858270145e-01	   3.9352080220770924e-01	   3.3859870499992917e-01	   2.7825023350264422e-01	   5.4304812171391248e-01	   5.6765350956173455e-01	   3.9103040446294290e-01	   4.0082072089096854e-01	   3.2572315224432541e-01	   3.9351985995072014e-01	   1.5610268308628031e-01	   1.3318018857551306e-01	   1.3045544625691308e-01	   1.7048123364419643e-01	   2.9129802562865803e-01	   9.5124259997751121e-02	   3.8866131326893649e-01	   2.4927367395827044e-01	   2.2773574167078519e-02	  -2.6934522778321840e-02	   1.0297337392436423e-01	   6.2518936892294874e-02	   2.9596954626876959e-01	   1.4073897080994857e-01	   1.4157939213209866e-01	   6.0363616414399419e-02	  -7.9753898763949838e-03	   6.6388905913122617e-02	  -1.3298015009941480e-01	  -1.1338255480094543e-01	   1.9405778329557913e-01	   1.7779660331011243e-01	  -2.5936508258911639e-01	  -1.1120668531915634e-01	   2.9178184772689058e-02	  -2.8389450821201707e-02	   1.7356624386072755e-01	   3.6933648303024307e-02	   3.6503150548191490e-02	  -1.2169777836401044e-01	
   6.5833031687016008e-01	   3.3201607776160835e-01	   6.5332691962250955e-01	   2.7880870511060396e-01	   6.0690304016580399e-01	   4.2693699834863108e-01	   7.7170894095914844e-01	   5.4066875406358761e-01	   4.8239162657217205e-01	   2.6415796086417415e-01	   8.4947782822554341e-01	   3.9178426093344099e-01	   0.0000000000000000e+00	   4.4681341014373199e-01	   4.5422145159906169e-01	   1.3246337003891090e-01	   3.4413504022993574e-01	   2.8890529975507895e-01	   4.5828426002347045e-01	   3.2900926931673269e-01	  -1.2645485600246631e-01	  -2.2774337736406935e-01	   4.7891253747226459e-01	   9.4303430321375781e-02	   1.9510180368256047e-01	   1.8602818186338146e-02	   9.6566461149969335e-02	   2.4190812898887681e-01	   3.8718851589370817e-01	  -1.4480951553098101e-02	   9.4691867516162945e-02	   1.2063097275253498e-01	   4.7679667485297017e-01	   3.5538481678106826e-01	   1.0735076419494209e-01	  -1.0114782283520785e-01	  -2.9866617573924664e-01	  -2.7037110197191749e-01	  -1.4419314466551797e-01	  -2.0807932576527202e-01	  -2.0235007386254242e-01	   4.4464121105118257e-03	   1.3935537796492761e-01	   1.0352362034593876e-01	   1.4386056600406955e-01	   3.4548787519861304e-02	   1.0594295900896578e-01	   1.3736457573845823e-01	   9.2972005119694723e-02	  -4.3030366845137058e-02	   3.0634808837099758e-01	   2.4263657360068882e-02	   7.0212532327626476e-03	   1.3206011922154046e-01	   5.9380541908092874e-02	   1.4770031713650728e-01	   4.2533403639333822e-01	   2.8760420506958773e-01	   5.2550017440394281e-01	   1.6716939494258221e-01	   7.9642863981413570e-01	   4.4044241632576819e-01	   2.9847888851122900e-01	   1.5556808271747413e-02	   6.2406136229221487e-01	   1.2824125641837103e-01	   2.4098011372331490e-01	   4.7061693719340589e-02	   3.7451546724279061e-01	   2.6111968843784389e-01	  -1.7729804680176292e-02	  -6.7713891670290793e-02	   4.1263362796064240e-01	   1.0454786450228387e-01	   4.8130369685660856e-01	   3.2813047469992540e-01	   2.6779213089759207e-01	   4.2792277079605576e-02	   3.2035215744977097e-01	   1.4172292778012124e-01	   4.7845448707951815e-01	   3.0377603038766487e-01	   2.6030259325223404e-01	  -3.5588775069397678e-02	   6.7051383136500242e-01	   2.7380213433783313e-01	   1.3683276052719262e-01	  -3.3742906658939281e-02	   1.4790916801695841e-01	   2.0893909881333897e-01	   2.7067704913535828e-01	   6.0018008114493904e-01	   4.1395381657172264e-01	   5.7282746977485188e-01	   1.3881148979472266e-01	  -8.7149005445600421e-04	   4.7385380175424111e-02	   3.6988299005838388e-02	   1.7184656769439885e-01	   3.6816539855952168e-01	   2.6713574772313037e-01	   3.0321244818882265e-01	   1.2565938992723402e-01	   2.4592902389183602e-01	  -1.4873488647105668e-01	   8.3171638330500012e-03	   1.7981278702951967e-01	   7.1250433083212814e-02	  -3.7472069024955548e-02	   1.1715321397605265e-02	   2.3324475062200942e-01	   2.0340511212085602e-01	  -2.6012932795643685e-02	   4.8801646342660855e-02	   1.8790993087494873e-03	   2.7992767299886232e-03	
