   0.0000000000000000e+00	   6.5107012177034795e-01	   3.9605912596501752e-01	   4.0736384423545458e-01	   3.7709160601820552e-01	   3.1716389886018326e-01	   5.6425827505633208e-01	   4.8820777287149553e-01	   3.0163973470834082e-01	   3.5394847910619032e-01	   1.8874685798251606e-01	   1.6446428261961354e-01	   3.9780631667368183e-01	   2.2177840099126855e-01	   3.7089744686144821e-01	   3.7657281502266415e-01	   2.5583723839141687e-01	   2.0564467573219092e-01	   6.0934470318030787e-01	   4.1530525719024847e-01	   4.5258771483690474e-01	   4.2090189867067807e-01	   2.4835267870155409e-01	   2.5905337640586368e-01	   1.5524134125730404e-01	   1.6597168485445829e-01	   2.8906619989202553e-01	   2.9523437403448993e-01	   1.6435674531430169e-01	   1.9232364901735077e-01	   2.2503633859548625e-01	   2.5065504132109145e-01	   5.7107982639007027e-01	   5.8471255469969075e-01	   2.1684765454076599e-01	   1.8362812484870794e-01	  -1.7020875841456759e-01	   2.5377373397918873e-01	   2.3810635782115958e-01	   4.4627537739852857e-01	   3.6474702659398706e-01	   4.6287676179139203e-01	   4.1366046028036013e-01	   2.8211432843338813e-01	   4.0400266446436550e-01	   4.2309499501437359e-01	   4.5063076126670382e-01	   4.1440175864420897e-01	   4.4730217134783545e-01	   4.1219957676555674e-01	   3.5455849773905052e-01	   3.3335017324710414e-01	   4.6456107453094470e-01	   3.1353547229469148e-01	   5.2997599490572644e-01	   5.5015245103822674e-01	   6.1903234609759650e-01	   6.5538720439721654e-01	   6.4933342220057122e-01	   6.0658668903222601e-01	   7.0757641470500610e-01	   5.4834182837385892e-01	   3.3173299438318316e-01	   3.0613563583649483e-01	   2.7485226907770638e-01	   2.6616535425008553e-01	   3.3835115613522404e-01	   2.6778642173995160e-01	   4.7978659326043410e-01	   3.1546377483211158e-01	   4.1378973418148404e-02	   1.4084916768351616e-01	   3.3018348405393355e-01	   1.3054925270531725e-01	   3.2705201994391353e-01	   7.6987472275645369e-02	   2.9754118817632602e-01	   4.0806519697457694e-01	   2.0881079310145795e-01	   6.1002149883882986e-02	   3.0656986011430520e-01	   3.3501597420911400e-01	   3.5044237757760099e-01	   4.3325597536884836e-01	   4.9284694136564444e-01	   3.4826449772294071e-01	   3.7082699505914052e-01	   2.2995735207422818e-01	   5.6341225201839451e-01	   5.8079203566579518e-01	   4.4365189781228404e-01	   3.3132925734127039e-01	   3.3200014892962065e-01	   2.6833084974179505e-01	   2.6077258576372331e-01	  -5.2178120156029795e-02	   4.1646271419925313e-01	   1.0773122146230353e-01	   5.6912010559498605e-01	   5.6369767254348913e-01	   5.0691886441529699e-01	   5.5890136366332588e-01	   5.3500238299693903e-01	   6.4031009595597999e-01	   3.1134789958187953e-01	   1.6619464899049263e-01	   2.4005582120328461e-01	   2.3506559268516636e-01	   1.8948198348444370e-01	   2.7777485538250218e-01	   4.1952350053393717e-01	   3.9846732778402738e-01	   4.0030138953120348e-01	   4.6988957107248702e-01	   6.0998385657885006e-02	  -1.3405054982742720e-01	
   6.5107012177034795e-01	   0.0000000000000000e+00	   2.7167396347162981e-01	   4.1176456017168606e-01	   2.4079587542499020e-01	   1.5660274952754100e-01	   3.4943523803779725e-01	   3.9952149134156728e-01	   1.3155469134153458e-01	   2.6908965126447937e-01	   3.3009233291284290e-01	   4.2544931983235301e-01	   1.0032373422006535e-01	   1.9255022178598805e-01	   1.2918779876840092e-01	   4.4357562084792557e-01	   2.5791149228629928e-01	   4.0985448746970221e-01	   4.7785717799330552e-01	   5.0297577700159435e-01	   2.3038310149862784e-01	   3.1724747150696747e-01	   2.8558071918083355e-01	   3.6300780011954648e-01	   1.5096201586805350e-01	   8.1410012065552664e-02	   2.1099491953766175e-01	   2.2614468677038974e-01	   1.8767510384360567e-01	   1.9018379112189016e-01	   2.8211812786799884e-01	   2.8680287127165427e-01	   4.9905985675114611e-01	   4.6941304054126487e-01	   1.5299694655016641e-01	   2.4364465253991180e-01	  -9.5997548011371683e-02	   3.9721929907178954e-01	   9.7865486727444384e-02	   3.4518656824777671e-01	   4.0388807426903933e-01	   4.9848167574905050e-01	   3.5507129457741449e-01	   3.2775387315543220e-01	   4.0371969433162203e-01	   4.0366104466384495e-01	   4.5427197343883730e-01	   5.0606022211526158e-01	   6.0632851743615979e-01	   4.8009336834144856e-01	   4.0501398899187591e-01	   4.1945949585702835e-01	   4.8160534763840523e-01	   3.6919343009280026e-01	   5.2928088811264640e-01	   5.5705977182581923e-01	   6.2273314924055145e-01	   7.8487201679083007e-01	   5.0033732152218691e-01	   6.2895058285035299e-01	   3.6956375174971068e-01	   4.3553405830815434e-01	   3.4711937260655051e-01	   3.8885415453339511e-01	   5.8149220136858984e-02	   2.2332294974418743e-01	   2.5778691675868259e-01	   3.5487702506492469e-01	   4.0944145352186900e-01	   4.0762276348672755e-01	   3.0644123092352910e-01	   3.5706039016717039e-01	   5.8702596945941354e-01	   4.8288333763740110e-01	   5.5935890556511958e-01	   3.2434710205933315e-01	   4.2383282852011106e-01	   6.3566268711578411e-01	   2.1410345678739973e-01	   1.9483014250388656e-01	   3.1355379567108577e-01	   2.3449265382116458e-01	   2.5739720194650018e-01	   4.1389834286253857e-01	   2.0805970770175825e-01	   2.4035917372756310e-01	   2.8240491020088920e-01	   1.3767422146774305e-01	   3.9200948142546860e-01	   4.8278956847243393e-01	   4.0604616116056746e-01	   1.9400999865946841e-01	   2.5595650454564800e-01	   9.6723581416330917e-02	   5.1285859574344145e-02	  -1.1081187420102966e-01	   2.8677581013208986e-01	   6.0009596064616449e-02	   6.0250217278370566e-01	   4.8051022743748495e-01	   5.4196459099899752e-01	   2.9681977609643406e-01	   6.0437360577632149e-01	   6.6596296089120988e-01	   2.3150623958408312e-01	   3.0752275593846592e-02	   3.4864187690785564e-01	   2.2791538188734481e-01	  -3.1240834196688071e-02	   6.5111649711928246e-02	   4.2857973878221145e-01	   4.8944429878739648e-01	   3.1535860872298510e-01	   3.4113695908046604e-01	   1.8097235131805617e-01	   6.6458945386583854e-02	
   3.9605912596501752e-01	   2.7167396347162981e-01	   0.0000000000000000e+00	   7.3625710265051958e-01	   8.0592583238321469e-01	   7.4724698073371865e-01	   8.6867114845091342e-01	   6.1543905181645009e-01	   5.8377726117394113e-01	   6.3892869800254581e-01	   1.6704797724333953e-01	  -2.1159970370124104e-01	   4.5541289796965187e-02	  -1.1864538067633162e-01	   5.6975742334218760e-01	   3.5684779289235080e-01	  -3.4013270324829392e-01	  -1.1200407913082863e-01	   7.4273125996838196e-01	   7.1645273726884928e-01	   6.2752749875120450e-01	   6.5377483687515436e-01	   9.1154061319674606e-01	   7.8044412611321468e-01	   8.0129521837231321e-01	   7.6931349554751649e-01	   8.5208838048378632e-01	   8.1059663585942843e-01	  -3.1232398814285062e-01	  -3.5792141011125378e-01	   6.1370142628455993e-01	   5.2523956969976726e-01	   3.4805473747700250e-01	   3.8132565146111452e-01	   7.2650927304703639e-01	   7.7773856465982316e-01	   2.0810900531787613e-01	   4.9688796316267086e-01	   6.6028880822635483e-01	   5.4281962267035810e-01	   3.8081744209967960e-01	   2.3661953460667562e-01	   5.1016168670546991e-01	   3.8300985793407372e-01	   7.6129870215780793e-01	   7.0887794006518312e-01	   5.6474541590976335e-01	   7.1176331030466944e-01	   6.1271262623964295e-01	   5.3657480201495422e-01	   6.8487439152743168e-01	   6.8658616932795835e-01	   3.1331932141241825e-01	   6.7314199786662787e-01	   6.7887323640123531e-01	   7.2117387374246489e-01	  -1.0358744158061728e-01	   2.0868072023474807e-01	   5.1904536816930591e-01	   5.3306178930791193e-01	   1.5102605601653060e-01	   2.7297875545564215e-01	  -1.9681232774110030e-01	  -2.3640279459288160e-01	   6.9843714250446309e-01	   6.4445952151400232e-01	   7.6685797620641616e-01	   7.5729313003379128e-01	   7.1067418964684814e-01	   7.5516398800108897e-01	   2.5604022707467655e-01	   3.8198357457444726e-01	   2.1714452112779645e-01	   1.6957075804367447e-01	   3.2368634053880718e-01	   1.9285183335177435e-02	   3.0526254910634226e-01	   4.3414822898739880e-01	  -6.9972099490981765e-02	   1.7546097023512668e-02	  -9.6475763436929179e-02	   1.1020151941284834e-01	   4.5539506239458405e-01	   2.0457138483046877e-01	   6.6687911049786330e-01	   7.4234263359550301e-01	   7.5567777979921513e-01	   5.5597318533342310e-01	   7.8505884308005547e-01	   7.9867623700047863e-01	   7.3717930233181772e-01	   8.0871774786378814e-01	   6.5120019306773447e-01	   7.7037441026815834e-01	  -7.8675175102836753e-02	  -2.1582888804706854e-01	   4.9841711907849157e-01	  -3.0440921031825080e-02	   6.7066121490841168e-01	   7.7101090463998334e-01	   3.8116238012979292e-01	   7.2194776931993165e-01	   4.1049780614155973e-01	   4.1011234271801189e-01	   1.1579631030233448e-01	  -1.0082757944573623e-01	   2.7998699930175303e-01	   3.0127571407733589e-01	  -1.4349859765316209e-01	  -1.3370373806793784e-01	   7.3882523183914328e-01	   6.0970249997203807e-01	   5.3165660806667303e-01	   4.6818227750528335e-01	   4.0688247207605421e-01	   1.0908813412743121e-01	
   4.0736384423545458e-01	   4.1176456017168606e-01	   7.3625710265051958e-01	   0.0000000000000000e+00	   7.4987525542073485e-01	   8.2195594881716527e-01	   8.0258205980350183e-01	   8.3126677644946201e-01	   4.6529422882907673e-01	   7.2577404316452054e-01	  -8.7684562133650210e-03	   1.3780117466320665e-01	   2.2753375128572541e-02	   1.4665270853478646e-01	   2.6284036053393672e-01	   5.9633802832226035e-01	  -3.2549321092461148e-01	  -2.7740517519404127e-02	   7.6644313275045628e-01	   7.9624370826787061e-01	   5.8856370904880317e-01	   6.5861233451674184e-01	   7.4724190858803352e-01	   8.8052465000544011e-01	   6.8770669498000958e-01	   7.2503578502233235e-01	   7.2410836439770920e-01	   7.4587491952674023e-01	  -3.0183738083310258e-01	  -1.4936371184454744e-01	   6.2340850224993538e-01	   6.1659499792740080e-01	   5.6806416665811987e-01	   6.5863412168242585e-01	   6.2531502402974559e-01	   7.2900624494766153e-01	   6.5240983017074650e-02	   5.2449248700495099e-01	   5.0044880970900052e-01	   6.6813658153295918e-01	   3.6657736002804220e-01	   3.6146924680009712e-01	   3.6473090948309328e-01	   2.4798797258362959e-01	   5.2796385184643557e-01	   5.4487478118513466e-01	   4.6260139119706112e-01	   6.2008722813247896e-01	   4.8536958925014867e-01	   4.5105999900854987e-01	   6.0590362514268226e-01	   6.2745462970935439e-01	   3.5317007546887513e-01	   6.6497418716616519e-01	   6.1405858799482871e-01	   7.4700741872701892e-01	   8.9270350096139761e-02	   2.5563054620788339e-01	   5.5430005389181192e-01	   6.1447112368893331e-01	   2.1271159060751638e-01	   5.8663216207314450e-01	  -8.7816148214217668e-02	  -6.3270277495836733e-02	   5.0255026056242125e-01	   7.2276272797655272e-01	   6.4212263355424914e-01	   7.1367369892103694e-01	   7.6034189843262379e-01	   6.9565495240631803e-01	   1.8109683346615968e-01	   2.9114077921477710e-01	   1.6454072502482139e-01	   1.9458048932269803e-01	   3.7954798898547526e-01	   1.2158626033965844e-01	   3.6824933399898141e-01	   5.2528085499886057e-01	  -1.3826841783749586e-01	  -3.2465565231541670e-02	  -1.3185054928177543e-02	   8.2555206200940590e-02	   4.9128049688380004e-01	   4.0719976973563698e-01	   4.4431929665738035e-01	   6.8923369160419123e-01	   5.8141267924453688e-01	   4.6682262902590488e-01	   7.0072078608753618e-01	   7.8635380663060284e-01	   8.8059226059672446e-01	   7.3135162087614369e-01	   8.5243347226611754e-01	   6.7368572823349082e-01	  -3.6281840121402481e-02	   7.6325259495971711e-03	   5.3006531664927881e-01	   1.8482794857895141e-01	   8.2445295476800928e-01	   8.1234857211117251e-01	   6.4501217696650726e-01	   6.5846175959402820e-01	   5.8673579248367591e-01	   5.3135172585829260e-01	   1.8887190450944047e-01	  -1.1185190130919570e-01	   8.5456363700125826e-02	   2.1899227457543611e-02	  -1.4150828661378231e-01	  -1.8427229306225121e-01	   5.7944859243325142e-01	   6.2885605925318111e-01	   7.3435568659228723e-01	   5.2069379541578520e-01	   3.7898629498292891e-01	   1.4112063202134326e-01	
   3.7709160601820552e-01	   2.4079587542499020e-01	   8.0592583238321469e-01	   7.4987525542073485e-01	   0.0000000000000000e+00	   8.7368453918073652e-01	   8.0136037389732373e-01	   7.5271438202601437e-01	   7.3039903377699733e-01	   8.3074128592393937e-01	   1.8734020692924044e-01	   1.9063005178984894e-02	   1.7142350887138011e-01	   1.6616399885003463e-01	   4.8892851710941265e-01	   6.1355628976903720e-01	  -1.6771094494147126e-01	   1.2772851993594880e-01	   7.3238223665231339e-01	   7.4782500935240603e-01	   6.3295264840796450e-01	   7.0632382702655738e-01	   7.6909099463755570e-01	   7.6784217376207020e-01	   6.6887778126326503e-01	   6.8374522427517614e-01	   8.0526684570322693e-01	   7.6707094866423420e-01	  -1.7478453708282266e-01	  -1.3803851918031751e-01	   6.5818141353923654e-01	   5.7636366346242773e-01	   4.6498769910932047e-01	   4.9391750316842675e-01	   6.3356413416687984e-01	   7.5101831239000227e-01	   1.3339735894707905e-01	   5.1003528729826830e-01	   5.8044760639508775e-01	   4.8242625885115431e-01	   3.7768038693902695e-01	   3.1745640183375606e-01	   3.2707719935532287e-01	   1.6625278860718243e-01	   6.1060312406009798e-01	   6.2459761049277329e-01	   4.8412753614850168e-01	   6.1209433217769393e-01	   4.7358953635944057e-01	   4.1205048967779878e-01	   5.6685108539391860e-01	   5.5396370064279421e-01	   3.0135865369559539e-01	   5.7431096168333640e-01	   5.9053945149872644e-01	   6.4138674492295222e-01	  -1.7123603040462662e-02	   2.1665993944812253e-01	   4.5337894876109341e-01	   5.0559056794042090e-01	   2.1009532703474404e-01	   4.2352405257977122e-01	  -4.7674681536900798e-02	  -5.0340338060259456e-02	   5.3501089520285283e-01	   5.6455614478004745e-01	   6.2192606498421810e-01	   6.6192675139692592e-01	   7.2596202585850478e-01	   7.3879008282722469e-01	   2.9154785664084770e-01	   3.9960596388146524e-01	   2.9401649981764194e-01	   2.9272793843915546e-01	   3.8959537865118826e-01	   1.1251570687642302e-01	   3.6847772096614673e-01	   5.1722422430989956e-01	   4.3290797394233520e-02	   1.3079188137347050e-01	   6.9532303998945916e-02	   1.6082002348478308e-01	   4.0329086677794546e-01	   3.0994382861275638e-01	   4.5515583878468091e-01	   5.7641325215326289e-01	   5.6350386395924601e-01	   3.3104007728544060e-01	   6.9036421144532589e-01	   6.9298559800743909e-01	   7.8049242958168907e-01	   6.9596970653721790e-01	   7.5837133755015829e-01	   6.4141979746514044e-01	  -1.9577115193541045e-01	  -1.6429513464346657e-01	   3.6407134179055944e-01	  -3.7272644908989287e-02	   7.3585410160871789e-01	   6.8915270077887558e-01	   5.2931206967387379e-01	   5.8305450268923043e-01	   4.6914639206280340e-01	   3.9627513545713761e-01	   1.0818690291266921e-02	  -3.0607006889314492e-01	   1.8496706100251248e-01	   7.6170061961063198e-02	  -2.5121291021650072e-01	  -1.7440780800393441e-01	   6.5285892648439359e-01	   5.9970330689686024e-01	   6.0852004877732968e-01	   4.2519601236959181e-01	   3.3100781469230556e-01	   1.3662400596436536e-01	
   3.1716389886018326e-01	   1.5660274952754100e-01	   7.4724698073371865e-01	   8.2195594881716527e-01	   8.7368453918073652e-01	   0.0000000000000000e+00	   7.5491022719831335e-01	   7.8662213016078941e-01	   5.9750438863295374e-01	   8.6694004639753142e-01	  -3.0646387772195041e-02	  -9.8311631246792951e-03	   7.1863171364508691e-02	   1.5090267243950090e-01	   4.0400981916098044e-01	   6.1588586876350293e-01	  -2.1345660460077573e-01	   6.0741498184067516e-02	   7.2574204375975371e-01	   6.9389231876963753e-01	   6.7843338568170142e-01	   7.4860397454715522e-01	   7.0983503290455152e-01	   8.0332629809433498e-01	   6.4632263050606586e-01	   7.4813557375456319e-01	   7.7884460408139977e-01	   7.7023440579693736e-01	  -2.0822513831432818e-01	  -8.8215310807408895e-02	   6.6054667473164574e-01	   6.3717235460739530e-01	   4.5140169709930444e-01	   5.3849835022685277e-01	   5.6757394969201980e-01	   6.8099979542570854e-01	   1.2712887908902915e-01	   4.2137605502585207e-01	   6.0174074689950441e-01	   5.4207244649703135e-01	   3.2316659970789052e-01	   2.7301442299832812e-01	   2.9857865698984776e-01	   1.7825036226437371e-01	   5.0754163968684884e-01	   5.7459947287304591e-01	   3.8709101751020653e-01	   5.4601680793212770e-01	   3.8819002194691221e-01	   4.4303895483112765e-01	   4.6167179268728853e-01	   5.2721414912395681e-01	   1.9892466498387124e-01	   5.2141542809082664e-01	   5.1107590339859355e-01	   6.2520266817723058e-01	  -2.4978437240594731e-02	   1.7115975338665079e-01	   4.2815186768925817e-01	   5.2618770544969484e-01	   1.4301370276352743e-01	   4.4370144493067987e-01	  -2.0815782593152653e-02	  -1.3685504635998269e-02	   4.4018527097328286e-01	   5.3584843072242572e-01	   5.3984013777550077e-01	   5.9040559441029938e-01	   6.9257375293962220e-01	   6.2652752146538415e-01	   1.9896136492720468e-01	   3.7740405596230153e-01	   2.1261927985528228e-01	   2.2193473187001825e-01	   3.3801258616196367e-01	   7.9389969943945565e-02	   3.0281279240571551e-01	   3.9252567063026145e-01	  -2.8598345653930622e-02	   1.0126088782766281e-01	   1.1314226308627230e-01	   2.2415419530999409e-01	   4.6691466513849383e-01	   3.7650959184777044e-01	   4.5090815354891256e-01	   5.6697543077914347e-01	   5.6257990205758690e-01	   3.9522957481636312e-01	   6.8956581771025205e-01	   7.2156033914439466e-01	   7.5588549759362422e-01	   6.8574910450282467e-01	   7.6986657198682684e-01	   5.9906455444584061e-01	  -1.5166822292984972e-01	  -8.4184763649784264e-02	   3.2268688235297199e-01	   7.3455222818198619e-03	   7.1972672888298084e-01	   6.8406207157991783e-01	   5.3473292181273102e-01	   5.5284196823133214e-01	   4.4302051357192729e-01	   3.8111063233931081e-01	   7.7303409962718200e-02	  -2.4475950731561841e-01	   1.4513923280713492e-01	   1.1651865385611730e-01	  -2.1854080969969780e-01	  -1.9516355243222872e-01	   4.9604513850048659e-01	   4.9485204907854441e-01	   5.7412282568130102e-01	   4.4873121301172769e-01	   3.3930635923070279e-01	   1.8202412007442081e-01	
   5.6425827505633208e-01	   3.4943523803779725e-01	   8.6867114845091342e-01	   8.0258205980350183e-01	   8.0136037389732373e-01	   7.5491022719831335e-01	   0.0000000000000000e+00	   8.0681309102297316e-01	   5.6657589019554422e-01	   6.6082653870606500e-01	   8.7094826194855979e-02	  -4.8130078827279044e-02	   2.0381683232985373e-01	   4.6092366983350806e-02	   3.9528771389997525e-01	   3.9894064984610933e-01	  -3.2780188660410647e-01	  -1.6727611427426367e-01	   7.6429561557537129e-01	   6.9685087047139960e-01	   6.4563215301123411e-01	   6.7968796631491646e-01	   7.1887941568025271e-01	   6.8194985240146766e-01	   6.0087183141540823e-01	   6.2253176921633901e-01	   7.2523311043928174e-01	   7.2094258409329548e-01	  -2.6380119477863595e-01	  -2.4196912108113966e-01	   4.9795435156449214e-01	   4.8438579576414553e-01	   5.5000371295508554e-01	   6.0649291859501342e-01	   5.9739140085094611e-01	   6.5265852820035586e-01	  -3.3555957868336955e-02	   3.5012747557415685e-01	   5.2277843450436778e-01	   5.6945507477440882e-01	   2.9794181378583945e-01	   2.6865160066927152e-01	   3.8394527075920604e-01	   2.3733842611461015e-01	   6.3520538790882042e-01	   6.2227571680853011e-01	   4.7681764413442851e-01	   5.9418240791750199e-01	   6.0872740848039708e-01	   5.1803291286184305e-01	   6.5535395942349295e-01	   6.4177300540384352e-01	   3.1998727009716665e-01	   6.1905343188821527e-01	   6.8754655556297761e-01	   7.6948144204596636e-01	   6.2731798468000062e-03	   2.2581887610438905e-01	   6.5201382431922905e-01	   6.5233765822810985e-01	   4.0058073826906782e-01	   5.4904101526267091e-01	  -1.8136556811550625e-01	  -1.5717368290906397e-01	   6.0256066519310880e-01	   6.5033298987216004e-01	   7.4052562906236075e-01	   7.1273509694714432e-01	   7.0101233559305354e-01	   6.7631576777475233e-01	   1.4925672740404933e-01	   2.9604157323378899e-01	   1.3524494235622503e-01	   6.4675575742999869e-02	   1.5968751479682708e-01	   2.1724656452483480e-02	   2.4244791126650689e-01	   3.9914422599440075e-01	  -1.8063275319229671e-01	  -1.7159090983376368e-01	  -1.2948765875940971e-01	   2.6760053382087645e-02	   4.4340875969324367e-01	   2.5093250119835481e-01	   5.1861674626854437e-01	   6.5241643918207903e-01	   6.6457618101548976e-01	   4.8390719326086762e-01	   8.1353909347585263e-01	   8.3595970584793911e-01	   8.3332223459566435e-01	   7.9027958306703927e-01	   7.4268496137883011e-01	   7.1689533335383249e-01	   1.4823434421094039e-01	  -2.8282094981308521e-02	   6.0995475815520872e-01	   1.5152501211090449e-01	   7.7239092465104409e-01	   8.2754673356945407e-01	   5.9422643789496710e-01	   7.5873189658828688e-01	   5.5468497002057715e-01	   6.1300386448007294e-01	   3.3607046907269200e-01	   5.1156510428995078e-02	   1.8336243938228070e-01	   1.7703594415390755e-01	   8.4484338999068403e-02	   6.3004722119385945e-02	   6.3318567431966966e-01	   5.7560796297207162e-01	   6.6870689926230908e-01	   4.8220607384414027e-01	   2.2195028972721670e-01	  -9.1999074324785435e-02	
   4.8820777287149553e-01	   3.9952149134156728e-01	   6.1543905181645009e-01	   8.3126677644946201e-01	   7.5271438202601437e-01	   7.8662213016078941e-01	   8.0681309102297316e-01	   0.0000000000000000e+00	   5.6875656510453754e-01	   8.4456999730554383e-01	   1.7573489066665016e-01	   3.9057595278541113e-01	   3.7109998085423346e-01	   4.4175931575221772e-01	   2.7355763273811629e-01	   7.1892806098351647e-01	  -1.6768712526994073e-01	   7.1352571884968047e-02	   6.7007604154623956e-01	   6.7767688514758140e-01	   5.7280589687842931e-01	   6.3159743714663974e-01	   5.8861138321020112e-01	   7.4956065912546321e-01	   4.2034424699718337e-01	   5.3194126282187781e-01	   5.7312302640189605e-01	   5.9191725542953599e-01	  -7.2451526720011261e-02	   2.6760363227910082e-02	   5.9236628894283916e-01	   6.4234809124336634e-01	   6.0962315638375442e-01	   6.9939936169726191e-01	   4.2415064473210351e-01	   5.7990151375985088e-01	  -1.5803351412560307e-01	   3.3326194350179827e-01	   3.9590011092110894e-01	   5.3008097680591959e-01	   2.5774964331985112e-01	   3.2195835869686279e-01	   1.5522847756988789e-01	   1.3240594338469247e-02	   3.8439325215737519e-01	   4.2047317530367445e-01	   3.1295426477840871e-01	   4.3194306400754712e-01	   4.2088359033449535e-01	   3.8650991069879070e-01	   4.6037081491724946e-01	   4.3287668309422789e-01	   2.4740748258142575e-01	   4.8323141997220648e-01	   5.0983405758294986e-01	   6.2773421362862314e-01	   8.1826069555081482e-02	   2.5069371204387342e-01	   4.7796485163033997e-01	   5.5257964680451588e-01	   4.4540177828342681e-01	   7.9162721786451551e-01	   1.2057664084084681e-02	   1.2477529673602247e-01	   3.6339622868586696e-01	   6.3443274088368162e-01	   4.3123081729934987e-01	   5.0781512651607130e-01	   5.9529212345349580e-01	   5.7602224615465691e-01	   2.8390060492872321e-01	   3.1305166401911333e-01	   2.7193006904827655e-01	   2.2869666907238501e-01	   3.2284519098949699e-01	   1.5138288100063640e-01	   2.8582941595097722e-01	   4.8861989645477266e-01	  -1.5091545094563452e-01	  -4.6232828916750693e-02	   3.2070462060360544e-02	   5.3127675369578992e-02	   4.8244559917189028e-01	   3.9118469830022629e-01	   2.2511981589552246e-01	   4.3772535239364685e-01	   5.0092529512506112e-01	   3.2156695025314430e-01	   6.5429714383387472e-01	   7.3735709423589224e-01	   8.1773915185150448e-01	   5.7368456980802451e-01	   7.7326376266848396e-01	   4.5714526266799405e-01	   4.4982472419843378e-02	   9.1870049754802535e-02	   4.2058534274296722e-01	   1.8602182289355124e-01	   7.6729301540447881e-01	   6.9640039140147647e-01	   6.5652222865392307e-01	   4.9037030670871085e-01	   5.7674469955355834e-01	   5.9408470261726209e-01	   1.7185551798789744e-01	  -1.6441250849462113e-01	   6.2334209960248473e-02	  -6.2293447577209789e-02	  -5.2341761587214722e-02	  -4.7206544356184724e-02	   4.4661514634924904e-01	   5.5228763444055817e-01	   7.4087600113952390e-01	   4.9630480832087936e-01	   2.3376353490267798e-01	  -9.6066792348257768e-03	
   3.0163973470834082e-01	   1.3155469134153458e-01	   5.8377726117394113e-01	   4.6529422882907673e-01	   7.3039903377699733e-01	   5.9750438863295374e-01	   5.6657589019554422e-01	   5.6875656510453754e-01	   0.0000000000000000e+00	   7.7980362899820599e-01	   4.1973243957466483e-01	   1.9324122601854993e-01	   6.0358611167558185e-01	   3.2588712993583197e-01	   7.5659140029887995e-01	   6.1210392991024276e-01	  -6.3582150705056356e-03	   1.7690105976474005e-01	   4.4932222230149532e-01	   4.7288954180189002e-01	   2.9212365519352307e-01	   3.3242765017276465e-01	   6.2943116742824168e-01	   5.5125727070595953e-01	   5.8310164059329839e-01	   5.7351430483754329e-01	   5.2601004445090027e-01	   4.8829299035999030e-01	  -7.4468725813321354e-02	  -9.7209719380009635e-02	   4.9709852380352282e-01	   4.4192924449590787e-01	   4.0995160892934496e-01	   3.8545171273653278e-01	   5.4513070827317223e-01	   5.7196118538212237e-01	   1.8920744229560071e-01	   3.8307483591562536e-01	   3.0603314160032757e-01	   1.3700525073009007e-01	   2.1365462055878415e-01	   1.9876817360045251e-01	   1.4270083513184681e-01	   1.3034714915727590e-02	   4.5670434459107567e-01	   3.9252528705501299e-01	   2.5904295893544882e-01	   3.6482392267400399e-01	   3.7333687932940485e-01	   3.0368391261048966e-01	   4.3910907847601233e-01	   3.6499770446558849e-01	   1.7943778068449698e-01	   4.4323044755347396e-01	   2.1901798715660753e-01	   2.7229235915399896e-01	  -3.4184588647051548e-03	   2.0126978800045653e-01	   2.1695099217534558e-01	   1.7819730719032090e-01	   3.5738029305325913e-01	   3.8528265215308388e-01	  -3.7759088903949335e-02	  -1.6750002165166505e-02	   5.4488770977511325e-01	   5.2141199802319282e-01	   3.9162560889818360e-01	   3.9120228749276054e-01	   5.0131670316590027e-01	   6.2733472649068511e-01	   3.2708263812588390e-01	   3.5959922819270174e-01	   3.7123520185090803e-01	   2.3244490450280300e-01	   3.8903485171423846e-01	   2.6461858587412679e-01	   4.2988888243366774e-01	   3.9454882669867980e-01	   1.3876844488994702e-01	   1.0072299252745845e-01	   6.2480222316570778e-02	   1.0312432743000717e-01	   3.6327134541799455e-01	   2.5208535818272260e-01	   3.8371811042696813e-01	   3.7469900158416447e-01	   4.5171527324059657e-01	   1.1365007205728316e-01	   3.8415479361127214e-01	   3.9562096375671019e-01	   5.1514431085919510e-01	   6.1492354034900276e-01	   4.9509479916224070e-01	   5.4485419838699289e-01	  -2.0937032304318359e-01	  -1.6960907415277299e-01	   8.4102622048221831e-02	  -1.3461713987149521e-01	   3.8792233602845849e-01	   4.6309348877082879e-01	   2.1877785576687184e-01	   4.0010395415334332e-01	   3.0668052754323422e-01	   2.4104764718352056e-01	  -7.4552063792739404e-02	  -2.7947781701275731e-01	   1.3246439582382907e-01	   1.0833826113249971e-02	  -1.9212861810922086e-01	  -1.4404127826348920e-01	   5.2231703864555823e-01	   5.3058543635172750e-01	   4.1014690293425049e-01	   2.1886355654293654e-01	   2.3245913165585119e-01	   1.1011467458124279e-01	
   3.5394847910619032e-01	   2.6908965126447937e-01	   6.3892869800254581e-01	   7.2577404316452054e-01	   8.3074128592393937e-01	   8.6694004639753142e-01	   6.6082653870606500e-01	   8.4456999730554383e-01	   7.7980362899820599e-01	   0.0000000000000000e+00	   2.7594866050967953e-01	   3.2028438937057280e-01	   3.6848601152234139e-01	   4.3420653719188551e-01	   5.2779206748154850e-01	   8.3874726740870764e-01	  -5.4913454490166077e-03	   2.6095415332148264e-01	   6.5890082627576330e-01	   6.9118799437227785e-01	   5.3009689036162166e-01	   6.0294337085175476e-01	   6.7582792118208335e-01	   7.8531652678259134e-01	   5.4886040883929621e-01	   6.5215850061867098e-01	   6.2508973242638755e-01	   6.0987990040143236e-01	  -1.7858986106923522e-02	   4.7970809233273869e-02	   7.0088717561985725e-01	   6.8619120644122078e-01	   5.1977968917664152e-01	   5.6111212408576439e-01	   4.9306493787813460e-01	   6.3055504090637005e-01	   1.2024089429109397e-01	   4.5755445545891166e-01	   4.4518718906827282e-01	   3.5494813945602444e-01	   2.7626514942942820e-01	   3.0117651524474970e-01	   2.0042646291422722e-01	   4.9434372628022590e-02	   4.7032058425574624e-01	   4.7562752640520817e-01	   3.2842824747040811e-01	   4.7236043489798085e-01	   3.8925690711638139e-01	   3.9438619852415407e-01	   4.2232491341821760e-01	   4.2825302051925240e-01	   2.6340761819287584e-01	   5.1788725884793918e-01	   3.7471648953413100e-01	   4.8177210444341856e-01	   8.6756380918581649e-02	   3.0377682949206847e-01	   3.5806243695506090e-01	   4.3237985146178626e-01	   3.4075932729036063e-01	   5.6585478731176908e-01	   1.4021404786651442e-01	   1.8536122031011323e-01	   3.7166293849328552e-01	   5.4249120027101139e-01	   3.9185187177789210e-01	   4.7327980418178583e-01	   6.3661284329935686e-01	   6.6721583247893823e-01	   3.8448276873748410e-01	   4.7083891057963018e-01	   3.9886427162222743e-01	   3.6104884117116126e-01	   4.6956411319162372e-01	   3.0405789492089796e-01	   4.5382448277242249e-01	   5.2386264081041944e-01	   8.6236454431888959e-02	   1.2904213176010518e-01	   2.0466115011361535e-01	   1.8413988878282589e-01	   5.1124676468098373e-01	   4.3454691152947550e-01	   3.0298395466558836e-01	   4.1879313126677631e-01	   4.9181560704409666e-01	   2.2179434947106860e-01	   5.5341731897277979e-01	   6.1500794801776781e-01	   7.4196634336061296e-01	   6.2092405796328631e-01	   7.4719906229467825e-01	   4.9367148390961546e-01	  -2.2127647952764357e-01	  -1.3960112438091041e-01	   1.5426788385700166e-01	  -8.1324784690058161e-02	   6.7745717797163651e-01	   6.2727082240735810e-01	   5.4567342993672896e-01	   4.5103737387551368e-01	   5.4045279346565533e-01	   4.4103653723512215e-01	  -1.5828754982646787e-02	  -3.6000802451947872e-01	   1.7049172551638758e-01	   2.6511330464821414e-02	  -2.7835059033272569e-01	  -2.0784329209574903e-01	   5.3109614623321499e-01	   6.3512696439706895e-01	   6.2539803713888520e-01	   4.2199672395496379e-01	   3.1872571000863942e-01	   1.5316000098608196e-01	
   1.8874685798251606e-01	   3.3009233291284290e-01	   1.6704797724333953e-01	  -8.7684562133650210e-03	   1.8734020692924044e-01	  -3.0646387772195041e-02	   8.7094826194855979e-02	   1.7573489066665016e-01	   4.1973243957466483e-01	   2.7594866050967953e-01	   0.0000000000000000e+00	   4.0591716805101791e-01	   5.0664696429977196e-01	   2.3818933184872970e-01	   4.5804958083968478e-01	   4.3084317158201935e-01	   3.5689250176822851e-01	   5.5910564693972509e-01	   1.6960381957735744e-03	   9.7336384489470310e-02	  -2.0133190287001157e-01	  -1.7406817343208175e-01	   2.4919251681518040e-01	   1.9301486934994985e-01	   1.3218749037005750e-01	  -7.3180440870552589e-03	  -5.5603865281115217e-02	  -1.4621452532853590e-01	   4.4692111074328944e-01	   1.6272846571637159e-01	   3.6110788658450371e-01	   3.3341711141929586e-01	   2.0281122218159769e-01	   1.2696219853169247e-01	   1.3440688890149495e-02	   8.3034746758988323e-02	   9.6972404608378054e-02	   2.0547395079708369e-01	   2.1659611428068978e-02	  -1.6697905310000419e-01	   1.9325996668467232e-01	   2.5384564561341927e-01	  -7.8230397797094828e-02	  -9.9831191526667709e-02	   1.6075603215143211e-01	   2.8955293143117816e-02	  -2.8466276674741248e-02	   7.6075030371806338e-02	   2.4311455439180130e-01	   1.6543303375526050e-01	   7.2668654406082125e-02	   6.2673908894450042e-02	  -3.6385970920905661e-02	   1.5523728727329711e-01	  -2.2646656268343696e-02	  -8.0215530887111350e-02	   1.9563801846738860e-01	   3.5329299137068626e-01	  -1.3227294849407287e-01	  -7.4102564269813320e-02	   1.4639050846342916e-01	   1.4090022617246090e-01	   1.7089172672111308e-01	   1.3988815984207809e-01	   1.4886164293544554e-01	   9.2336743805876448e-02	  -9.7701376951550525e-02	  -2.1387365981898700e-02	   3.4824311138509118e-02	   3.1320839750759022e-01	   4.1663156222345932e-01	   2.3188969427788253e-01	   6.9944693849404427e-01	   5.8779908290883487e-01	   4.3015664597222869e-01	   2.5640854669180524e-01	   2.7395859878348017e-01	   3.4929324176893450e-01	   4.2671840010843509e-01	   4.5659479395772873e-01	   2.3718105534077788e-01	   1.0843516274988919e-01	   2.8364930578465447e-01	   2.3645422352307682e-01	   7.3677944063221840e-02	  -8.2282137105801567e-02	   2.1185729019303542e-01	  -1.6526910338435180e-01	  -8.1470646897827306e-02	  -5.0457809829172459e-02	   6.7720617535762279e-02	   4.2933478015137194e-02	   5.9642743385363933e-02	  -4.2292649947942851e-02	  -2.0543400235019288e-01	  -1.7923135362829784e-01	  -1.0340598035936091e-01	  -1.7474682432344885e-01	   5.5443333309363067e-02	   1.2046838668564904e-02	   6.6240557898094757e-02	  -2.2987172177916279e-02	   1.6630705625721498e-01	   1.6292235958911022e-01	  -1.9406609511264492e-01	  -2.1925844472163367e-01	   1.5812740176388132e-01	   9.3553762504671095e-02	  -2.1588689961101482e-01	  -1.3422751328682520e-01	   2.7542609404323559e-01	   3.0282442138523163e-01	   1.2171804565630928e-01	   3.9788062279193293e-02	   1.7753037069111810e-01	   1.0311028084906634e-01	
   1.6446428261961354e-01	   4.2544931983235301e-01	  -2.1159970370124104e-01	   1.3780117466320665e-01	   1.9063005178984894e-02	  -9.8311631246792951e-03	  -4.8130078827279044e-02	   3.9057595278541113e-01	   1.9324122601854993e-01	   3.2028438937057280e-01	   4.0591716805101791e-01	   0.0000000000000000e+00	   4.7455581835543031e-01	   8.2048689084088777e-01	   4.8227254157581265e-02	   6.5104417105366064e-01	   4.4074924411872829e-01	   4.9046379561080855e-01	   1.9991864567446109e-03	   1.4871463949959463e-01	  -1.6415267898058136e-01	  -8.5370802886961611e-02	  -1.7877733061521114e-02	   2.0544521879553357e-01	  -1.3699292683565423e-01	  -1.1128498852788410e-01	  -2.0928068050015661e-01	  -2.0244287913788966e-01	   4.6924539588561498e-01	   5.5644525501173892e-01	   3.3623293352376238e-01	   4.2713550317926591e-01	   4.4286693045167219e-01	   4.4355914436184674e-01	  -1.3998592136717242e-01	  -3.4323964888053504e-02	  -2.0178208836512485e-01	   1.5233103832076128e-01	  -1.7964782472424934e-01	  -4.9431121709735473e-02	   1.9372883662538987e-01	   4.0573522032155274e-01	  -8.7359984818219438e-02	  -1.6373437895968601e-01	  -7.7235446465574786e-02	  -5.9172273902722713e-02	  -2.9436821853035849e-02	   4.7544536651487213e-03	   4.5195006121187625e-02	  -7.6989128329465143e-03	  -3.4837848914634831e-02	  -9.0672121532839600e-02	   4.6460044310958244e-02	  -4.5521955380209686e-02	  -6.7307848191255015e-02	  -2.4366125306973442e-02	   3.1803058542745322e-01	   2.8866985324854277e-01	  -1.0757193999234557e-01	  -3.2405363978954327e-02	   3.3952733709723570e-01	   5.5440893497603982e-01	   4.4722446751491779e-01	   6.0133916324142922e-01	  -1.9314240196175536e-01	   8.6395113384688776e-02	  -2.8229956865728045e-01	  -1.4165006428518492e-01	  -3.9351101913689686e-02	  -1.0817362679921110e-02	   3.9851847260872997e-01	   2.2666221084078703e-01	   4.5465989560121911e-01	   4.9362311710238282e-01	   4.1005809058610865e-01	   4.1311675343980148e-01	   3.7283876197244659e-01	   4.4416068668818487e-01	   1.5475311516812007e-01	   2.2968113423212516e-01	   3.6103009541692521e-01	   1.2832114649957441e-01	   3.1580159950558451e-01	   4.1214012890131391e-01	  -3.0856558995989974e-01	  -1.8982177827369670e-01	  -9.1610884842274087e-02	  -2.3813728665131298e-01	  -1.4096668831437784e-01	  -3.0508475085990003e-02	   9.2675516068137093e-02	  -2.4949177091217561e-01	   7.5786499218677625e-02	  -3.3058943127521523e-01	  -1.0133567574839600e-01	   1.2493866273025644e-01	  -8.8513074079378931e-02	   8.5355509192541063e-02	   2.0431592991246555e-01	   2.6329836904085697e-02	   2.3465379894635305e-01	  -2.5257992188831802e-01	   3.2056957455806639e-01	   2.4602208847346427e-01	  -2.1943150992626922e-01	  -3.3458177414131063e-01	  -1.1203481021909684e-01	  -3.6421374193213002e-01	  -1.5706868180228409e-01	  -1.0031321194261408e-01	  -1.0742233143029441e-02	   2.9625796926393588e-01	   2.5266567243017035e-01	   1.8039319302067233e-01	   7.4278912724890928e-02	   6.5178052134049133e-02	
   3.9780631667368183e-01	   1.0032373422006535e-01	   4.5541289796965187e-02	   2.2753375128572541e-02	   1.7142350887138011e-01	   7.1863171364508691e-02	   2.0381683232985373e-01	   3.7109998085423346e-01	   6.0358611167558185e-01	   3.6848601152234139e-01	   5.0664696429977196e-01	   4.7455581835543031e-01	   0.0000000000000000e+00	   5.7635523260716937e-01	   5.3637175172282736e-01	   4.2224280517801216e-01	   3.2260580914194537e-01	   2.4827560840808643e-01	   4.5193290573453462e-02	   4.5959380868589679e-03	  -5.2170689337496957e-03	  -3.8521048991775775e-02	   7.8138128012601185e-02	   6.1966709727178507e-02	   3.3642280635204143e-02	   5.5638157322638881e-02	  -4.8707233902458784e-02	  -8.9314608936900908e-02	   2.9828339696077960e-01	   2.7341153998103951e-01	   1.8163848649590256e-01	   2.5229099077999412e-01	   4.0586035473391663e-01	   4.0762451926450616e-01	   4.1812421976735646e-02	   1.2042115455164747e-02	  -1.1456198830623116e-01	   2.3148056060213655e-03	  -1.0137264776558176e-01	  -7.2182002592957567e-02	   7.8031981543617041e-02	   2.5509325884151945e-01	  -1.4999964145650688e-01	  -2.4408293049003374e-01	   1.9176244100794586e-02	  -2.7012860954576532e-02	  -1.0137101708777245e-01	  -1.1978465558054666e-01	   1.0877130584466900e-01	   9.4852068379630922e-02	   3.0394930424460113e-02	  -6.5211364069414871e-02	  -3.1445683706692526e-02	  -2.3196059191266806e-02	  -1.3134612144239116e-01	  -1.0762855227583334e-01	   1.9886318758047594e-01	   1.9799829518855530e-01	   4.0986116204641391e-04	  -9.4336895452736019e-02	   5.9567784302341975e-01	   4.6983801112069101e-01	   1.5205749918906508e-01	   1.8320916616141664e-01	   2.1942931655114456e-01	   2.0464934763007397e-01	  -1.3009954107555718e-01	  -1.8393178000787783e-01	  -1.4528765919074434e-02	   1.1727026392775852e-01	   1.3846398021980011e-01	  -4.1283208079708391e-03	   3.6506459439030209e-01	   1.3710386907599609e-01	   2.2298128094027297e-01	   1.3536516306701069e-01	   1.1345168006604320e-01	   1.2018950370917628e-01	   1.7460111406275847e-01	   8.7792026826095299e-02	   1.9333823281581419e-01	   1.4015133786291523e-01	   2.8325564451219287e-01	   2.4547372641958487e-01	   1.2132067343427427e-01	  -6.5980217761415536e-02	   8.8198723090959635e-02	  -2.0337284480606097e-01	   4.3180823288484814e-03	   2.7475763931384654e-02	   1.0702759641288094e-01	   9.0165858673825705e-02	   8.2855148687741673e-02	   2.3920066793841319e-02	   1.3033064049096596e-01	   1.2751439250551183e-01	   4.4151424642925943e-02	   7.5162641807726846e-02	   1.3823236914143874e-02	   7.8464529172977818e-02	   2.0195448233671288e-02	   2.6417946084511878e-02	   1.1533006978444713e-01	   1.5945120193075010e-01	  -6.7956575869430935e-02	  -7.8629900823784030e-02	  -1.3240159855690883e-01	  -2.2491193083484157e-01	   1.5268485255333969e-01	   1.6975346038765132e-01	   6.2950066850083822e-02	   1.8648452854867950e-01	   1.8749271212932828e-01	   1.3002590462212582e-01	  -7.0252594365683249e-02	  -1.6095396623140079e-01	
