   0.0000000000000000e+00	   8.3637077207820865e-01	   7.2996396347288728e-01	   6.7660737045813368e-01	   5.8737687663417337e-01	   2.9396553538504056e-01	   7.4933846506908064e-01	   7.1574379684812317e-01	   5.8295878632301390e-01	   4.6251533629467734e-01	   8.0884912462932190e-01	   7.2653963269563593e-01	   7.4838043211989258e-01	   6.9712976784181080e-01	   6.7528831492167729e-01	   6.9784051203414066e-01	   6.4536993990247060e-01	   6.4040706582483886e-01	   8.7068993152894214e-01	   8.2968175289999146e-01	   1.3348064025215950e-01	   1.5000022955215664e-01	   6.1333094761076834e-01	   5.8708032798187104e-01	   3.8582395730551478e-01	   3.6678450315492694e-01	   3.4439247350019198e-01	   3.2688238346275550e-01	   6.2579333326784292e-01	   5.8385867726058549e-01	   6.0490283147070389e-01	   5.8831029699016057e-01	   7.7281497690899514e-01	   7.5843525727681138e-01	   3.5585363650696039e-01	   4.1748060180883184e-01	   2.9015159996352780e-01	   3.4410870399043025e-01	   5.0053563063153117e-01	   5.7717529016650604e-01	   6.6103635232850078e-01	   5.7322316695248932e-01	   4.8638911796752976e-01	   3.8412575488696943e-01	   3.1206845193201815e-01	   3.2604401698214808e-01	   6.7779058003009895e-01	   6.6596896438482200e-01	   3.5216330552162900e-01	   3.5397858671787025e-01	   5.7920614253618474e-01	   3.8597391263284553e-01	   7.7300686967717547e-01	   7.1464099497164857e-01	   7.3956309183234503e-01	   6.7255166320059057e-01	   8.6854248391082056e-01	   7.6846343435444697e-01	   6.0223682632644104e-01	   3.7256773733503512e-01	   7.1472187690346689e-01	   6.0428485356429118e-01	   6.7762833260005217e-01	   6.2619386330108551e-01	   3.3239407407134103e-01	   3.2937470104436189e-01	   6.0076060921129470e-01	   4.7553727731542222e-01	   7.3573811116711596e-01	   6.7296759408234008e-01	   5.3064136423796882e-01	   3.6176323776526464e-01	   6.4656571741868674e-01	   6.4080437014769387e-01	   5.9351119303517441e-01	   5.6590313242036849e-01	   7.7952402263997067e-01	   6.8299456150843352e-01	   6.4843117577409037e-01	   6.3542212812322330e-01	   7.2863726461512868e-01	   6.7951121782596791e-01	   7.7862416084391706e-01	   8.1124754592508364e-01	   7.0320025074252202e-01	   5.4709294492835980e-01	   5.9497500111162349e-01	   6.3396351461929545e-01	   6.5449678400252109e-01	   7.1108406862792617e-01	   7.4941648192613752e-01	   4.8513023411754364e-01	   5.4491628056917840e-01	   4.9250673607753326e-01	   5.6412501695703066e-01	   4.1824413840535002e-01	   7.1106199894512701e-01	   7.3417089209729758e-01	   6.9797644360567113e-01	   7.5672890613315813e-01	   3.8988187606134117e-01	   4.6471080250226365e-01	   4.8032947973423712e-01	   4.6907143247225891e-01	   5.4244610241311886e-01	   4.8410458474003776e-01	   3.3411765270203481e-01	   3.7525766715992470e-01	   3.2053512716485189e-01	   3.0834224922693021e-01	   6.2241035656202037e-01	   7.8830058088791621e-01	   8.1240610439668215e-01	   6.7846574809001048e-01	   6.1487964857447808e-01	   3.7050592886095013e-01	
   8.3637077207820865e-01	   0.0000000000000000e+00	   6.2613026739243594e-01	   5.3298331888234429e-01	   5.6481731810268343e-01	   3.0441756345754462e-01	   5.8163933065898688e-01	   5.1788865162415276e-01	   4.6759240294773513e-01	   2.6468137492316995e-01	   6.0565384177670401e-01	   5.2567089348556506e-01	   5.0874628033729363e-01	   4.9102522796035708e-01	   5.9607168720298576e-01	   6.0880133982883933e-01	   6.7612655117243825e-01	   7.3059345020158506e-01	   7.2142239696966315e-01	   7.1387924678944659e-01	   3.0366076679931597e-01	   2.8521478637697140e-01	   5.4093699607571155e-01	   4.6260804962824609e-01	   3.6646355054834101e-01	   3.5258006670441239e-01	   4.3309730750077952e-01	   4.7599951937808305e-01	   6.0983712391762945e-01	   4.5203805205276670e-01	   5.7256862631377614e-01	   5.2883046601405670e-01	   6.8952238658899767e-01	   6.8023663807164692e-01	   3.9923995718275146e-01	   4.0897819058618801e-01	   2.7597962733207776e-01	   2.9119740288910184e-01	   5.3970901954579875e-01	   5.5893613133396691e-01	   6.5304713329255215e-01	   6.6703611794303752e-01	   3.7813420536474535e-01	   2.8761906229159018e-01	   2.7172737707997663e-01	   2.9403392851785742e-01	   5.9115361086500029e-01	   5.7305375716015328e-01	   2.2690493683031598e-01	   2.7485452050743170e-01	   4.5544467168173863e-01	   2.7769551762482286e-01	   7.1438574777785158e-01	   6.4921504876229119e-01	   7.2087439848143009e-01	   6.0357305516910509e-01	   8.3863279326248152e-01	   8.2643599870120332e-01	   4.0468692088173253e-01	   3.0688830308515236e-01	   4.7342826481726341e-01	   4.2797012851976390e-01	   5.4004044776288085e-01	   5.5712416023321776e-01	   3.0815090887540464e-01	   1.9425896205360710e-01	   5.4623956997854095e-01	   3.9227598297444383e-01	   7.0255924646400880e-01	   6.3161647276456701e-01	   5.0753327222898048e-01	   3.1517757146697267e-01	   6.1415339263545632e-01	   7.1313844216811484e-01	   5.0178404406648558e-01	   6.0523891396053109e-01	   6.9508694773496882e-01	   5.5935038854411712e-01	   6.6471686682988629e-01	   7.3814288164161557e-01	   7.2185119327749969e-01	   6.6619826847079622e-01	   6.8899544094167853e-01	   6.6744520021544074e-01	   6.2636989437487722e-01	   4.1600518864578129e-01	   5.2874356241367426e-01	   4.9440977052231982e-01	   6.1249727042143998e-01	   6.2601128301649434e-01	   6.3485690163228614e-01	   3.1847235201630419e-01	   4.1341868070860482e-01	   3.9606913625388851e-01	   6.7220832784366857e-01	   5.0816035635755752e-01	   7.0493231806876833e-01	   6.5489460934660471e-01	   6.7629035084723577e-01	   6.3513162724080441e-01	   3.9348070750301062e-01	   4.2427120333802815e-01	   5.0653491444334320e-01	   4.5185631561530520e-01	   4.9437058457947991e-01	   4.6074459579684823e-01	   3.2662836652789923e-01	   3.4804501787086933e-01	   3.7518708675003237e-01	   3.0691545340548165e-01	   5.0752133931023380e-01	   6.6662768351065604e-01	   6.3075844914559687e-01	   6.4557934564301145e-01	   5.5995727843073706e-01	   4.7806627735244323e-01	
   7.2996396347288728e-01	   6.2613026739243594e-01	   0.0000000000000000e+00	   8.9601428813880191e-01	   7.6908305709872415e-01	   5.1050773858818621e-01	   8.7901750577755045e-01	   7.9320958902849081e-01	   8.2280266480957820e-01	   6.0636098403846972e-01	   6.2999366948765911e-01	   6.1357966968430200e-01	   6.5042243356684348e-01	   7.4448408226683671e-01	   8.1807743024349289e-01	   8.0747949934826335e-01	   3.9085691064552713e-01	   3.4213736869310279e-01	   8.3239023525841049e-01	   7.8369026488357862e-01	   3.1894304440150967e-01	   2.4522908513629676e-01	   8.8172861496811472e-01	   8.7657697937275847e-01	   6.9433410749298474e-01	   6.6507624204471405e-01	   5.1580905122461385e-01	   4.9213889522766263e-01	   4.9372183710640383e-01	   5.1898338389824472e-01	   8.0035203040804004e-01	   7.6012741464294387e-01	   7.5655712004577647e-01	   7.6030708381869683e-01	   6.0428885121972176e-01	   6.3833027095207373e-01	   3.0017441901941283e-01	   4.0101799654980697e-01	   6.4176175107753974e-01	   6.8184909935106297e-01	   5.5623231157053721e-01	   4.1155500978496140e-01	   3.3693151926233061e-01	   2.4921173059336602e-01	   1.7500021771777649e-01	   1.5490659911819607e-01	   5.6811675370122372e-01	   5.2101764685349550e-01	   1.8984963717166570e-01	   1.9070740437613742e-01	   5.5168371140785755e-01	   3.3858232744259198e-01	   7.1189685753017085e-01	   5.0206141830726281e-01	   7.1846809766618613e-01	   6.5421159996732547e-01	   5.7540419214867689e-01	   5.0634200626207171e-01	   5.7077767121676803e-01	   2.4450009832753641e-01	   7.9126772376706533e-01	   6.2074260817064664e-01	   4.6680782215554323e-01	   4.3875007702590207e-01	   7.1738254787869749e-01	   5.8750481419588974e-01	   7.5990353011860279e-01	   5.5830622330891078e-01	   6.0968133835047467e-01	   5.8865648602470477e-01	   4.9905708001909643e-01	   2.8587146833492572e-01	   5.0948318968396777e-01	   5.1458753109676103e-01	   5.3746788999105166e-01	   4.7706940314636226e-01	   6.8974971340986191e-01	   6.2907582556251795e-01	   3.9124643638454315e-01	   4.3537187787989584e-01	   5.9373023993553897e-01	   6.2266710103292311e-01	   7.9360459488033808e-01	   8.6170269492095708e-01	   7.8584866515286700e-01	   7.4770384418899827e-01	   5.8405838969197532e-01	   7.8156050829857937e-01	   7.1068423322977781e-01	   7.4077471333857570e-01	   7.2450734628770452e-01	   5.3946766196561802e-01	   6.7001482973967774e-01	   6.1176089603123329e-01	   4.0794841107014124e-01	   4.7705964811346846e-01	   6.4615786708264256e-01	   7.1518248973349807e-01	   5.6925630554417639e-01	   6.0646847216770816e-01	   3.2824946865853843e-01	   4.5957918447033125e-01	   3.7193530977034961e-01	   3.4196966617823765e-01	   3.4596025055245055e-01	   4.4724594597279893e-01	   2.7663121878149249e-01	   3.0062032162514551e-01	   2.2653584931905107e-01	   4.2375564754305262e-02	   6.4693070271068365e-01	   6.5866869878064271e-01	   7.0310836423868794e-01	   3.9937620818035874e-01	   4.7310996831654933e-01	   2.9521016566419334e-01	
   6.7660737045813368e-01	   5.3298331888234429e-01	   8.9601428813880191e-01	   0.0000000000000000e+00	   7.5075268100917292e-01	   5.1910620940119767e-01	   7.9085133174043865e-01	   7.9633114856760367e-01	   7.4612962464471977e-01	   6.1117183806945152e-01	   5.5049926189375986e-01	   5.5150936139106532e-01	   5.6320002287771331e-01	   6.9104248962984205e-01	   7.7888412163734966e-01	   7.9602330014680511e-01	   2.6820230030152237e-01	   2.4392905691695835e-01	   8.2850023462600408e-01	   7.9198298088136942e-01	   1.5821305377217929e-01	   8.9556549572581051e-02	   8.2234071322219382e-01	   8.9129688004082341e-01	   6.3778668320252496e-01	   6.3732323750359710e-01	   4.2193727455855151e-01	   4.1100100805668549e-01	   3.7756523894337535e-01	   4.6049964762628509e-01	   7.2068980189759635e-01	   7.1392699357131117e-01	   6.7067063313335396e-01	   6.8824156148131632e-01	   5.7785334120936449e-01	   6.5942881041629176e-01	   1.5341567720943922e-01	   2.5879340881296375e-01	   4.4866736495509146e-01	   5.1786605222408699e-01	   3.8762930473673696e-01	   2.7553088728800029e-01	   3.1860267540163378e-01	   1.9101349493281919e-01	   1.3739770562241732e-01	   1.0761725251316626e-01	   5.2084098342643315e-01	   4.3053221528202834e-01	   1.3599620404307433e-01	   1.2536068882079832e-01	   4.9323147621760999e-01	   2.6954421056317285e-01	   6.8820255680564801e-01	   4.1673552866609681e-01	   6.5196835857471425e-01	   5.7904809760239107e-01	   5.0111296533250471e-01	   4.6271016500693563e-01	   5.3842255168194930e-01	   2.5367275994821348e-01	   7.1657178584688230e-01	   5.8514840500298582e-01	   4.1533675697223704e-01	   3.8765922209908443e-01	   6.6148870179130403e-01	   6.4300156059387015e-01	   7.3894083500003704e-01	   6.0573290230750287e-01	   5.9499818085536949e-01	   5.8297440171806680e-01	   3.3941539479703103e-01	   1.3920575717168793e-01	   4.6145579511401225e-01	   4.9188457598985591e-01	   4.7670072455994705e-01	   4.7761302750865503e-01	   5.7771043854663950e-01	   5.0423581454341249e-01	   3.1817634023684710e-01	   3.8134433849323718e-01	   5.0708086635426397e-01	   5.4639894310264703e-01	   6.9733468017004163e-01	   8.1670043693128092e-01	   7.6948214970445772e-01	   8.0959309542258229e-01	   5.0228206722060320e-01	   8.0908395052251059e-01	   6.5067326684027482e-01	   7.4017722471052394e-01	   6.9865749584139647e-01	   4.6883980233250117e-01	   6.6592182372731190e-01	   4.9929720484198492e-01	   2.6933414915578829e-01	   4.3308089331407779e-01	   5.0728395461169562e-01	   6.3889128354334679e-01	   4.8001985306838268e-01	   4.9402077763802421e-01	   2.3817800188676436e-01	   3.3878855925683438e-01	   2.3981184336729311e-01	   2.3512293604057849e-01	   1.8092680933744468e-01	   3.0201764720236501e-01	   1.8776305138946545e-01	   2.0694052806066310e-01	   2.1453651458929207e-01	  -8.2523712909046767e-02	   5.3306670518555843e-01	   5.4146546351381430e-01	   6.2311548284527918e-01	   3.6439985084792459e-01	   4.2016784561257292e-01	   2.4032029600070037e-01	
   5.8737687663417337e-01	   5.6481731810268343e-01	   7.6908305709872415e-01	   7.5075268100917292e-01	   0.0000000000000000e+00	   6.0360805269200546e-01	   6.7932702335378303e-01	   6.8089026763840066e-01	   6.9940513679924510e-01	   5.9118028296485947e-01	   3.4462510424871001e-01	   3.1604955998074441e-01	   3.1879614019580538e-01	   3.5629878865765441e-01	   8.0609503774659363e-01	   8.1091046372204312e-01	   8.5488320180349492e-02	   1.2233080036380753e-01	   5.8860187115172324e-01	   5.3138666449201011e-01	   3.4436841817275560e-01	   2.4293424640285613e-01	   6.9439752135281929e-01	   6.7842418459585752e-01	   4.7078117580787554e-01	   3.8588964396719250e-01	   7.8768310246798268e-01	   7.1543059574805556e-01	   1.2494106198392485e-01	   1.3584085654833924e-01	   3.9320380464463522e-01	   3.3897578081045188e-01	   3.6515740442151023e-01	   3.8066146457083527e-01	   3.0006452747914092e-01	   3.6852190413119146e-01	  -1.0780093436258527e-01	   3.6579039562285233e-02	   3.5872995186291373e-01	   3.7438834978811208e-01	   2.2172717109349355e-01	   1.0962002348036026e-01	   1.9848069411970648e-01	   7.2496867491751327e-02	   2.4314646499458161e-02	   5.6490273420389855e-02	   3.6899270628234404e-01	   3.3316758615862058e-01	   8.4894054735283872e-02	   1.3951304786324714e-01	   3.2328113411247827e-01	   1.6277075028995089e-01	   6.5277757049193119e-01	   4.5757031082404459e-01	   5.4973167628425801e-01	   4.8261316525307030e-01	   4.2140873266547396e-01	   4.7664591600179329e-01	   5.0458664970952394e-01	   3.6038388960606976e-01	   4.9532086655515239e-01	   4.8512338203895650e-01	   1.7267283953542562e-01	   2.4697239871373414e-01	   4.1689331484526160e-01	   3.5767545937174566e-01	   5.3435435620101601e-01	   3.5773228248658068e-01	   4.9375641817697502e-01	   4.6979040413495532e-01	   1.4456890402813566e-01	  -1.8027126725320603e-02	   2.0381788357465719e-01	   3.3259800108477572e-01	   1.8538361915278245e-01	   2.4517515791321948e-01	   3.2898841900340015e-01	   1.8864794118215722e-01	   8.2056789085771048e-02	   1.7991524384818927e-01	   2.6064996542006075e-01	   2.5220387826159213e-01	   5.6589409516190681e-01	   6.4197726079356421e-01	   6.7007172948939431e-01	   4.4902054300041860e-01	   3.6726887772041283e-01	   5.5391231908328864e-01	   8.1737164504135951e-01	   7.7670687641865976e-01	   6.7091605427338841e-01	   4.8462445666297416e-01	   7.1856220877198529e-01	   7.4365547788208552e-01	   2.6207259094735535e-01	   3.1796571172268462e-01	   3.3997198560520858e-01	   4.0926126901089466e-01	   4.8677386008177448e-01	   4.8966407714484117e-01	   5.2082922625802275e-01	   6.4089080424340061e-01	   5.0723022120490580e-01	   5.5309858313790961e-01	   2.8339369881737986e-01	   4.3631039643405684e-01	   4.4226093229675834e-01	   4.9299429753415513e-01	   1.3181996912646310e-01	  -2.0331798429293063e-01	   2.3767113906695997e-01	   4.0644725996375997e-01	   6.4980574627563636e-01	   4.2362926551009455e-01	   2.8908603536339655e-01	   1.7963070736889714e-01	
   2.9396553538504056e-01	   3.0441756345754462e-01	   5.1050773858818621e-01	   5.1910620940119767e-01	   6.0360805269200546e-01	   0.0000000000000000e+00	   4.3179868464954041e-01	   4.0838639854058856e-01	   6.7979914133914399e-01	   8.3797116913115344e-01	   1.3915473811870629e-01	   1.7952267651516823e-01	   6.0116563531805473e-02	   1.4159347349066501e-01	   4.0000099209086948e-01	   4.0990299734571711e-01	  -7.9777643254671349e-02	  -4.3971290705304693e-02	   3.8207301118518361e-01	   3.8554522385885576e-01	   2.5794264149280066e-01	   1.7131317876599783e-01	   3.4569637656042546e-01	   3.3212086424397941e-01	   4.1105834015950060e-01	   4.1052207643443950e-01	   5.3943612269248786e-01	   6.5251088043467365e-01	  -1.0066028014469006e-01	   4.2156867635200670e-02	   2.6361506577712435e-01	   1.9863164003407419e-01	   2.3845498206169688e-01	   2.2250241685078953e-01	   2.2483321551758795e-01	   3.4782544017468198e-01	  -7.0685247481585597e-02	   4.0453735126680518e-03	   1.9513142919262297e-01	   2.4609461874692562e-01	   1.4077849949342069e-01	   1.0035052042314704e-01	   2.0863291403697787e-01	   1.6505879143403829e-01	   7.7963451321350546e-02	   1.3102335221829187e-01	   3.1786349024850918e-01	   3.5629419499311699e-01	   1.2648962449172280e-01	   2.0438581452715376e-01	   3.1906890596308984e-01	   2.8110099434530145e-01	   5.2230172829403720e-01	   4.1551543661367185e-01	   4.4612890943678191e-01	   4.6412290787477883e-01	   2.2734679891696441e-01	   3.8486820785727938e-01	   5.0190094035523780e-01	   4.1811379545399574e-01	   3.8273385582274921e-01	   4.0631652593882456e-01	   7.0900143703542556e-02	   2.0360859445967311e-01	   2.9880130618086082e-01	   2.5788442392014477e-01	   5.5462525633079351e-01	   4.5994551921852933e-01	   4.4715874097731129e-01	   4.7952888159868345e-01	   5.1712603821000507e-02	  -1.1876757668290350e-01	   1.1610450738020625e-01	   6.4144316525437950e-03	   1.8854223712989371e-01	   2.3443703748237193e-01	   2.3305857321317153e-01	   2.3067070808379952e-01	  -2.7744299386927150e-02	   8.0671404968087182e-02	   8.3264238811687000e-02	   9.7972517310544238e-02	   2.2179046911400668e-01	   3.8850886267525381e-01	   2.8508087607249621e-01	   2.4964866344663800e-01	   8.6680904385680047e-02	   2.5453537047606906e-01	   4.7572395355199504e-01	   5.2533766989430264e-01	   5.6280409708707801e-01	   3.8976670658810342e-01	   5.0612501176605307e-01	   5.3815459120050946e-01	   7.4775194075166043e-02	   1.4694153974139415e-01	   3.4624359003588234e-01	   3.8657027559149254e-01	   4.9111197198408291e-01	   4.3472268205279929e-01	   5.6358909940111812e-01	   5.8800262909065482e-01	   5.2696044017256727e-01	   5.1500270917565161e-01	   2.9022987416623075e-01	   3.9292809160495040e-01	   4.8790416026635580e-01	   4.4887225935502706e-01	  -1.8243739740710741e-02	  -2.3983564787927916e-01	   2.8493750337916340e-01	   3.3173845888397407e-01	   4.3458829299160645e-01	   2.7790210145972954e-01	   2.0212817250051990e-01	   3.0775833248981288e-01	
   7.4933846506908064e-01	   5.8163933065898688e-01	   8.7901750577755045e-01	   7.9085133174043865e-01	   6.7932702335378303e-01	   4.3179868464954041e-01	   0.0000000000000000e+00	   9.3488518207645088e-01	   7.6446683678057969e-01	   6.2723312941441700e-01	   7.3707494800685747e-01	   7.5362152851992248e-01	   7.7504220292308412e-01	   7.5570819607114181e-01	   6.6367353815620755e-01	   6.6407843847772074e-01	   5.1715656233899066e-01	   4.8501209687088875e-01	   8.0074471991839880e-01	   7.5676151756332100e-01	  -1.8929316978152522e-02	  -2.7537941835810726e-02	   7.8497228171540345e-01	   7.8149596453538084e-01	   4.0662689226056581e-01	   3.8517779905904148e-01	   3.4675362035077850e-01	   2.9697456913929837e-01	   5.2798133074133324e-01	   5.9825376265249897e-01	   6.8912457420887474e-01	   6.9105052072941975e-01	   7.9771937991462871e-01	   8.0445287299840662e-01	   4.5787405615164167e-01	   5.2042359114213643e-01	   1.6064502902754174e-01	   2.0171880372546602e-01	   4.2042092660398578e-01	   4.6493625373990705e-01	   5.5361743651711859e-01	   4.0575009852783378e-01	   3.9302516168470736e-01	   3.3711166430142997e-01	   3.8396199176690538e-01	   3.7990444856617178e-01	   5.5640282257275198e-01	   5.3202415463162656e-01	   4.2283211916556490e-01	   3.5512346030840963e-01	   6.1811367130481076e-01	   4.3235155784248097e-01	   6.5650662573476404e-01	   4.8610473194743903e-01	   6.4597165423750402e-01	   6.5033797825946560e-01	   5.6087828959064290e-01	   4.5236689571234445e-01	   6.1510539450743407e-01	   2.8064117462548838e-01	   8.3019991333013043e-01	   7.7406505557879501e-01	   6.1138744934831379e-01	   5.8948120410116689e-01	   5.9151645441113543e-01	   6.1598863725666630e-01	   7.8309873133698771e-01	   6.4564844409659450e-01	   5.2469222279166716e-01	   5.5295130261555314e-01	   4.8444610287596779e-01	   3.3903157288254926e-01	   5.2514948408329631e-01	   5.0276991452792630e-01	   5.4975176019578442e-01	   4.3984559063684953e-01	   6.7481566518409575e-01	   6.4053533657436523e-01	   4.6810390088730469e-01	   4.5570383937140563e-01	   6.0011243490202282e-01	   6.5584895198718551e-01	   7.3288538467233366e-01	   8.2568971813032721e-01	   7.2611493960261575e-01	   7.0762887231547245e-01	   5.8251363348293517e-01	   6.7642620071149506e-01	   6.4276119732586168e-01	   6.7297807560571399e-01	   7.1070276192846171e-01	   6.1526192038381666e-01	   6.5556871848698273e-01	   6.0975072536571628e-01	   3.0310196887277963e-01	   3.1433748305652720e-01	   5.6062214432859114e-01	   6.6007253169956681e-01	   5.8267185857922299e-01	   6.9218717332814861e-01	   4.1167936280430956e-01	   5.1016724463267171e-01	   4.1343158813496689e-01	   4.1358306002007106e-01	   4.1305751661174123e-01	   4.0849306145520758e-01	   2.8032880910697722e-01	   3.2874645664528335e-01	   1.7934567205397178e-01	   3.1083554725751888e-02	   6.1422717614342115e-01	   7.2597098257484483e-01	   7.7330047929878909e-01	   4.4164953722837696e-01	   4.6734535777836528e-01	   2.2926323367180665e-01	
   7.1574379684812317e-01	   5.1788865162415276e-01	   7.9320958902849081e-01	   7.9633114856760367e-01	   6.8089026763840066e-01	   4.0838639854058856e-01	   9.3488518207645088e-01	   0.0000000000000000e+00	   7.0050810747030434e-01	   6.3651165306486723e-01	   6.5055528811126173e-01	   6.8117948104368309e-01	   7.3719588168644157e-01	   6.7706231659970706e-01	   6.3485733069649974e-01	   6.3373548779717004e-01	   4.2551474248362131e-01	   3.9816588954112980e-01	   7.4807218865612657e-01	   6.8697070006612870e-01	  -7.5043419800293734e-02	  -8.6404320305314697e-02	   7.2152711491542598e-01	   7.5721939399599392e-01	   3.4338416315133158e-01	   2.9434482327173711e-01	   3.3889301798720450e-01	   2.4079238932282859e-01	   4.0645137308091817e-01	   5.1236129103942485e-01	   5.7728684957854937e-01	   6.0008015973443740e-01	   7.0378800747850390e-01	   7.3028645941234971e-01	   4.2878547994981497e-01	   5.1278474756140957e-01	   1.0006452780818355e-01	   1.3655889638241978e-01	   3.0998848217686620e-01	   3.8757624583260264e-01	   4.5167662765211514e-01	   2.8091051106319687e-01	   3.0037996523431448e-01	   2.2959615485022783e-01	   2.9097674039369736e-01	   2.9069239790543216e-01	   4.3579007289676430e-01	   4.0391106233054885e-01	   3.2106709073882478e-01	   2.6437229630798009e-01	   5.2677593789003785e-01	   3.6044748565207940e-01	   6.0816981708365758e-01	   4.2719595481476713e-01	   5.3166512614007855e-01	   5.2034396463205623e-01	   5.1155260193990459e-01	   3.8045980151555914e-01	   5.3602620520304911e-01	   2.4236398559494740e-01	   7.4694408631716169e-01	   7.8643481998132625e-01	   5.2223606272774759e-01	   4.9075629308054081e-01	   5.2136717702295021e-01	   6.7781396162847141e-01	   7.0174729842186978e-01	   6.0654018755328942e-01	   4.6873982820409571e-01	   5.0900020030837934e-01	   3.7090868147652911e-01	   2.7740583556932819e-01	   4.0273684536137577e-01	   4.2787174622975288e-01	   4.3145190067876266e-01	   3.4229635703380018e-01	   5.6207404812216155e-01	   5.0334089425279360e-01	   3.9795562181904948e-01	   3.5724414339730315e-01	   5.2719234930800773e-01	   5.6541264474987618e-01	   6.5136435337416732e-01	   7.8961500647664917e-01	   7.0817437461569932e-01	   6.7587821819718497e-01	   5.0820264695808304e-01	   6.4940306991923957e-01	   5.9789420206643717e-01	   6.0983578459180021e-01	   6.8841203406505080e-01	   6.2306768959154124e-01	   7.1816086072180818e-01	   6.1955444260541648e-01	   2.6288333685213361e-01	   2.5563093487954869e-01	   4.4820846535804326e-01	   5.4295397899363018e-01	   4.6381104554930441e-01	   5.9981092498312982e-01	   3.9852012161157274e-01	   5.2039378100622247e-01	   3.4262587041830728e-01	   4.0123435236242888e-01	   3.0066900684625397e-01	   3.3926871412063098e-01	   2.4336982627745976e-01	   3.1298788167319380e-01	   2.0589057289333895e-01	   3.0115786069340594e-02	   5.3349885551814447e-01	   6.3454848778459727e-01	   7.3717394044869367e-01	   3.6277589586008396e-01	   3.5118203035507245e-01	   8.8386033750787865e-02	
   5.8295878632301390e-01	   4.6759240294773513e-01	   8.2280266480957820e-01	   7.4612962464471977e-01	   6.9940513679924510e-01	   6.7979914133914399e-01	   7.6446683678057969e-01	   7.0050810747030434e-01	   0.0000000000000000e+00	   8.2270606123925083e-01	   4.9958517928079527e-01	   5.4100986311486876e-01	   5.4655261889737361e-01	   5.7465960220342416e-01	   7.4879834815085877e-01	   7.3775250696635075e-01	   2.5547804218311915e-01	   2.2238769283861687e-01	   7.0568190412838661e-01	   6.9474793479009866e-01	   2.3563762512917430e-01	   1.1877199654806592e-01	   7.1297178447878529e-01	   7.2719914373542149e-01	   5.9808985933311154e-01	   5.6652917817827064e-01	   3.7986995502980297e-01	   3.6254218191675247e-01	   3.0267289962168908e-01	   4.8831254475138652e-01	   6.2195103376016792e-01	   5.9125898167709223e-01	   6.3438614553750117e-01	   6.4696310047902550e-01	   4.9083428653766958e-01	   5.9659810179922856e-01	   2.4379175896615729e-01	   2.9376914420373096e-01	   4.5815107833897978e-01	   4.7532723898555129e-01	   4.6559645973884806e-01	   2.4314386001874355e-01	   2.5924489671329287e-01	   2.0377913059687530e-01	   1.9705788830784188e-01	   1.8207168669673623e-01	   4.6409178032201626e-01	   4.7048826117247944e-01	   1.7723308592850426e-01	   1.2447864717569943e-01	   4.3085944954395539e-01	   2.2125049356125195e-01	   6.2792574931914436e-01	   5.2155766444781393e-01	   5.5602948072278147e-01	   5.2072019043993745e-01	   4.6452285764411066e-01	   4.1502411313901055e-01	   5.3050938056727603e-01	   1.9362597177599902e-01	   7.8659560128967509e-01	   6.6434410424480828e-01	   4.3573028095832678e-01	   4.3407808420341265e-01	   6.2108704188622599e-01	   5.4017657837525845e-01	   6.7802396451988400e-01	   4.9613639705327650e-01	   5.5978687629114388e-01	   5.8406972622565134e-01	   3.5101425385266150e-01	   1.7253932479897796e-01	   3.8762909987785865e-01	   2.8912496794333381e-01	   5.0654989490241364e-01	   3.6416804761308141e-01	   4.8824134149637816e-01	   4.8310013920893524e-01	   2.7496949499031353e-01	   2.9315087495310410e-01	   4.7045320756124098e-01	   4.6885029572241593e-01	   6.0842927658283141e-01	   7.7208928638995999e-01	   6.7108783507938585e-01	   6.0720631119409485e-01	   4.2496635666699834e-01	   5.9281835964924878e-01	   5.9522530392054529e-01	   6.6783760696415417e-01	   7.0452053937221826e-01	   5.7325258443087768e-01	   6.5998153389497871e-01	   6.2001170738358846e-01	   1.9310470737726679e-01	   2.1147598564202932e-01	   4.5896796643407500e-01	   5.4931456776100096e-01	   4.8170038055369468e-01	   4.9872050307311994e-01	   3.5875002657915234e-01	   5.0182650584803135e-01	   3.5448676560840670e-01	   3.6806419288804859e-01	   2.4981892700199756e-01	   3.4249815551282548e-01	   3.5160190964406207e-01	   3.6177327400502118e-01	   7.3083900416179445e-02	  -4.9454183876355140e-03	   5.3784600088525680e-01	   5.5032165012037482e-01	   6.4559752085897026e-01	   3.2901371473405394e-01	   3.1023047102017959e-01	   2.1975835454752538e-01	
   4.6251533629467734e-01	   2.6468137492316995e-01	   6.0636098403846972e-01	   6.1117183806945152e-01	   5.9118028296485947e-01	   8.3797116913115344e-01	   6.2723312941441700e-01	   6.3651165306486723e-01	   8.2270606123925083e-01	   0.0000000000000000e+00	   3.6835004759913936e-01	   4.1845874384095444e-01	   3.5735038808237607e-01	   3.4550868718932937e-01	   4.8409884425359456e-01	   5.0837161285645560e-01	   6.5515439151985932e-02	   6.0014150288322951e-02	   5.4171990462442299e-01	   5.3080754635696836e-01	   6.2230645802983736e-02	   1.2050364137419816e-02	   4.3865608540746504e-01	   4.7097402010538492e-01	   3.7444361457104675e-01	   3.4568508272303111e-01	   3.7533701490772053e-01	   3.9842288259310432e-01	   3.8006405144607597e-02	   2.8947594115077740e-01	   3.3371220881377667e-01	   3.1807271217720740e-01	   3.8980030894502193e-01	   3.8869528840013279e-01	   2.3555330145559167e-01	   3.5192108695091173e-01	   3.3656478446278650e-02	   9.5196873105419549e-02	   1.8053329986273409e-01	   2.8365700262600746e-01	   2.6321552962974670e-01	   1.2883408077696301e-01	   2.8174379972724684e-01	   2.2862861135112073e-01	   1.7337036426392008e-01	   1.9552016550842743e-01	   3.6662061320332001e-01	   4.1700412050727276e-01	   2.4880866108687977e-01	   2.4718955036577089e-01	   3.9000988242100793e-01	   3.1927771577144454e-01	   5.5407861018820648e-01	   4.8548831669045728e-01	   4.0886907263266342e-01	   4.5487089290689320e-01	   3.4016814264153644e-01	   3.5138112511525210e-01	   5.9242654495472047e-01	   3.5552297930242543e-01	   6.3945491682958044e-01	   6.3829571501982230e-01	   2.8720927891612169e-01	   3.1794763457808706e-01	   3.6866542976204114e-01	   4.2451735455018069e-01	   5.6208653439670997e-01	   4.8169895863144474e-01	   4.8149331535215700e-01	   5.2556718993228468e-01	   1.5038789157956206e-01	   3.8942350700012431e-02	   2.0553999849124768e-01	   3.9056756295298062e-02	   3.2592423242720947e-01	   2.1365666376545059e-01	   3.3217574712710773e-01	   3.7298605233479137e-01	   9.6966339226509338e-02	   1.0263745159005698e-01	   2.1437322379294166e-01	   2.1609816266019288e-01	   3.5389808486631585e-01	   5.8468285192603686e-01	   4.1681491524567493e-01	   3.7963918718075468e-01	   1.8894269686957851e-01	   3.6128551071103004e-01	   4.6043030368528298e-01	   5.6572774188289154e-01	   6.4537048512083839e-01	   5.4792781116087963e-01	   6.2031944807098227e-01	   5.9679544067678147e-01	   1.5156727839495336e-02	   4.9422881418778125e-02	   3.4699136470272590e-01	   4.6238175959188915e-01	   4.7679323404989671e-01	   5.1599657946954780e-01	   5.1648153847189193e-01	   5.9122106024310661e-01	   4.5816230469740382e-01	   5.0500108825465895e-01	   2.8947734181072415e-01	   3.8548677884078053e-01	   4.4783331465729148e-01	   4.6876223740080286e-01	  -3.9735886442303761e-02	  -1.0464101364504186e-01	   4.0577216939651073e-01	   4.7664733271131138e-01	   6.0726688461129263e-01	   3.3259962199028370e-01	   2.7291375664989809e-01	   2.2296727945575368e-01	
   8.0884912462932190e-01	   6.0565384177670401e-01	   6.2999366948765911e-01	   5.5049926189375986e-01	   3.4462510424871001e-01	   1.3915473811870629e-01	   7.3707494800685747e-01	   6.5055528811126173e-01	   4.9958517928079527e-01	   3.6835004759913936e-01	   0.0000000000000000e+00	   9.0715386173966439e-01	   8.9936095779749425e-01	   8.5718445565468948e-01	   4.9506467802514909e-01	   5.1841056445792755e-01	   6.8310552246568856e-01	   6.0348553781530323e-01	   8.1005561361430156e-01	   7.7999437952638717e-01	  -1.4125068248845629e-01	  -3.0002895410124755e-02	   5.7829326041793550e-01	   5.5228321444197981e-01	   3.3485099342396940e-01	   3.6285557016819348e-01	  -6.1280621719646336e-03	   6.8392921192890564e-03	   7.5543286179446378e-01	   7.8556172229639853e-01	   6.3662887349137165e-01	   6.5409255063530913e-01	   7.8239287191030282e-01	   7.7425103109579851e-01	   3.6215481993829479e-01	   3.9654071254038803e-01	   3.2351197326979797e-01	   3.3128358408387248e-01	   3.5091560656368870e-01	   3.9517084444466177e-01	   6.2257578647757816e-01	   5.3374745758197362e-01	   5.7795031335210933e-01	   5.4331732544573774e-01	   4.6913467337098613e-01	   4.5544426041205821e-01	   7.0278213510299570e-01	   6.5166948154896975e-01	   5.4560168512030593e-01	   4.9838284943976757e-01	   7.0904213597560961e-01	   5.5414886273646335e-01	   5.8364839470547758e-01	   5.1587934517694722e-01	   6.6096389594462290e-01	   6.6973776091091963e-01	   6.2792913431731767e-01	   5.4960122005992407e-01	   6.0195819106933757e-01	   3.1310531917597317e-01	   8.2283594461473653e-01	   6.8389796123302560e-01	   7.6379993693447590e-01	   6.8122846597514686e-01	   3.8294786246870949e-01	   3.8995154568705870e-01	   5.8923958010241195e-01	   5.2286638978375244e-01	   5.8868268096005838e-01	   5.7545943645089548e-01	   6.2341103770828354e-01	   4.5535711263867135e-01	   7.6492764205765629e-01	   6.5811269627749269e-01	   7.8575089424378575e-01	   6.3079005766683838e-01	   7.9531730177630122e-01	   7.4947116385103496e-01	   6.2882236887761345e-01	   5.9923823280350563e-01	   7.2927967291917861e-01	   7.4241805477670098e-01	   7.2680818692683791e-01	   7.2270889118500059e-01	   5.8920839704885697e-01	   6.2259614226815008e-01	   5.1060261647462846e-01	   4.9035450788308305e-01	   3.6493634868598102e-01	   4.8072590096887524e-01	   5.5802822247632800e-01	   4.1427758279301519e-01	   3.1049876299549789e-01	   2.6635724518561088e-01	   2.8685364514418349e-01	   2.3140899919297345e-01	   6.1597663612467257e-01	   6.9600498952279999e-01	   5.6696230761956457e-01	   6.6608846178364955e-01	   1.4942817752989801e-01	   2.0957932780525404e-01	   2.2514068532873444e-01	   1.8988755644395894e-01	   3.8945782407785112e-01	   2.7354109493439016e-01	   3.4960905073993867e-02	   9.6758572773829710e-02	   1.5392332108081105e-01	   2.6942274732163951e-01	   7.1012398778098340e-01	   7.6564029742151263e-01	   7.2189877618331821e-01	   4.9483538369671093e-01	   6.0079531587348389e-01	   2.6040620533071479e-01	
   7.2653963269563593e-01	   5.2567089348556506e-01	   6.1357966968430200e-01	   5.5150936139106532e-01	   3.1604955998074441e-01	   1.7952267651516823e-01	   7.5362152851992248e-01	   6.8117948104368309e-01	   5.4100986311486876e-01	   4.1845874384095444e-01	   9.0715386173966439e-01	   0.0000000000000000e+00	   8.3720065084894379e-01	   8.7333837245443058e-01	   4.8911712817787334e-01	   5.0975553912488447e-01	   6.2905925040706911e-01	   5.7716801256668115e-01	   7.6465823529820853e-01	   7.4283352708955941e-01	  -1.8443341396924356e-01	  -1.3248548492684381e-01	   5.7365623642392705e-01	   5.4842956435954060e-01	   3.2627960041661452e-01	   3.4885816639314743e-01	  -3.1613071601236699e-02	  -3.3715812862021487e-02	   7.1261501593989496e-01	   8.1669141045012683e-01	   6.2322129440548268e-01	   6.5588926733038466e-01	   7.6367090289479700e-01	   7.7289050011107019e-01	   3.7591359319183271e-01	   4.3134759669085498e-01	   2.5601601605349733e-01	   2.7397791236879843e-01	   2.7826005387590197e-01	   3.5098882640161466e-01	   5.7248131045616091e-01	   4.7321735841792040e-01	   5.6972593613587963e-01	   5.6927929211424966e-01	   4.9840516721275019e-01	   5.2323536509642532e-01	   7.1046932639275540e-01	   6.5999359916900058e-01	   6.1377939976284424e-01	   6.0585246478767640e-01	   8.0983951867300163e-01	   6.6083209830220913e-01	   6.4043039330537588e-01	   5.2112471799495330e-01	   6.9584085692508035e-01	   7.4839177432482018e-01	   5.4074054900899127e-01	   5.2799799396912606e-01	   6.3614185881613505e-01	   4.1935457362935347e-01	   8.3101559659244595e-01	   7.5997952776379640e-01	   7.4560721786331996e-01	   7.3406035824700377e-01	   4.0051567656337983e-01	   4.2420926198634545e-01	   6.1170437908244812e-01	   5.8868913555179947e-01	   4.9876218799979422e-01	   5.3251632855001008e-01	   5.7941186618163742e-01	   3.7791271533376058e-01	   7.0345979119116719e-01	   6.1437504705531232e-01	   7.5117644573178466e-01	   6.0721035802339773e-01	   7.4859970350816907e-01	   7.5522977550761061e-01	   5.7994463052031853e-01	   5.3592958272419300e-01	   7.0714226184621920e-01	   7.4059022619147563e-01	   6.9602779622899003e-01	   7.4034744871394143e-01	   5.6863554423131979e-01	   6.3564750917295443e-01	   5.6788251337637885e-01	   5.1092304149239942e-01	   3.4641716895819763e-01	   4.5394524312536016e-01	   5.3858004319766450e-01	   3.6036371951854596e-01	   2.9302356090290782e-01	   2.2457375665760737e-01	   2.4401957700038937e-01	   2.4714905330740775e-01	   5.5325715628788286e-01	   7.0333787419945426e-01	   5.7885059964521302e-01	   7.0066976605515374e-01	   2.0636729941739340e-01	   2.0831870595375809e-01	   2.0132934959042847e-01	   1.8241385352500583e-01	   3.3062133212422240e-01	   1.8561965320390897e-01	   4.4489743728264544e-02	   1.3486964077965696e-01	   2.0887679862445035e-01	   2.2888650570814850e-01	   6.8199539281167243e-01	   7.2877833407098525e-01	   6.6944042602853471e-01	   4.5083427844999246e-01	   5.4310423185542456e-01	   2.2156170003497827e-01	
   7.4838043211989258e-01	   5.0874628033729363e-01	   6.5042243356684348e-01	   5.6320002287771331e-01	   3.1879614019580538e-01	   6.0116563531805473e-02	   7.7504220292308412e-01	   7.3719588168644157e-01	   5.4655261889737361e-01	   3.5735038808237607e-01	   8.9936095779749425e-01	   8.3720065084894379e-01	   0.0000000000000000e+00	   8.7854405610136443e-01	   5.1351678869471629e-01	   4.7658374245129609e-01	   7.1257246423977039e-01	   5.8962114447934366e-01	   7.5581163968707787e-01	   7.2176817014247152e-01	  -1.7537853984511415e-01	  -1.2307094576678035e-01	   6.4557267908487792e-01	   6.4220016675248681e-01	   3.1878446840524655e-01	   3.2685986926386301e-01	  -5.8772248975327721e-02	  -1.2581259623538391e-01	   7.2900526492313633e-01	   7.8501880411479041e-01	   6.5522844784024858e-01	   6.9249321725008928e-01	   8.1951726649305745e-01	   8.1974937911287060e-01	   4.4306355163503097e-01	   4.6520215259355613e-01	   3.9209254874426286e-01	   3.8750344786164032e-01	   3.6382040889835082e-01	   3.9239036125862931e-01	   6.2968618503860141e-01	   4.4545935925732150e-01	   3.8301494290597554e-01	   3.5711779045672987e-01	   3.9349131307520968e-01	   3.1995045048730225e-01	   5.0875966328910494e-01	   4.6147278655631851e-01	   3.7311075090971851e-01	   2.5155502521742157e-01	   5.4100434081688198e-01	   3.5792072732488389e-01	   4.3075803276882418e-01	   3.7364903958646223e-01	   4.8037421283602072e-01	   4.7023885774290125e-01	   6.0259936690262517e-01	   3.6999870047973121e-01	   3.6859767677715782e-01	   2.5660541830405417e-02	   8.1029346433623362e-01	   6.4477996213423761e-01	   7.6248048232460497e-01	   5.9012082149171941e-01	   4.9276199227243517e-01	   5.2642565047531253e-01	   5.1019484620690680e-01	   4.1993830721777553e-01	   4.8970254106206490e-01	   4.7071876092515635e-01	   6.4801450719043041e-01	   5.3885577690994180e-01	   6.8031257473843576e-01	   5.7691684151622458e-01	   7.1115226625713701e-01	   4.9230768630880423e-01	   7.2389990427773154e-01	   6.8471738386203218e-01	   6.7607399971862592e-01	   5.8311382291183822e-01	   7.5033031294168184e-01	   7.6637070022803933e-01	   7.1412402879360548e-01	   7.0959337194523198e-01	   6.5522275702677235e-01	   6.5640549513241986e-01	   5.5470426738129275e-01	   5.6658537104766560e-01	   3.2257349397609630e-01	   3.6567583559790406e-01	   4.6123785665559314e-01	   4.6385116612219013e-01	   4.0064656280070593e-01	   3.2403566488263452e-01	   2.1151460572118230e-01	   1.8096237205821514e-01	   4.8118980816255197e-01	   5.6432268543146935e-01	   3.3270095104759945e-01	   4.8762850392315515e-01	   4.3837300454845421e-02	   1.8618900108746406e-01	   7.4925391866759117e-02	   5.4907671329596570e-02	   2.3429711060859160e-01	   1.4275196624882616e-01	  -6.2225280958513304e-02	  -1.6698296570032481e-02	   7.5355061387408315e-02	   2.5639744455691432e-01	   6.5896470242506289e-01	   6.4831774427974675e-01	   6.0788602336358188e-01	   2.7716622522189560e-01	   3.9601322802296135e-01	   5.9096305731075438e-02	
