   0.0000000000000000e+00	   6.6733141291147136e-01	   4.0790294884399064e-01	   3.9997522329887647e-01	   3.5465411327438567e-01	   2.8407223445417673e-01	   1.8979558995246976e-01	   1.3663479307780557e-01	   3.1871166933124845e-01	   3.8639270770162892e-01	   1.8276059340716150e-01	   4.3197046663255301e-02	   2.5343652992380633e-01	   7.0709086190376497e-02	   3.7673162636768892e-01	   3.3636681097131282e-01	   5.0726858714166811e-01	   3.0262343774710637e-01	   6.0840316628533619e-01	   6.4674765636980414e-01	   1.9801297311600136e-01	   2.4838228058703338e-01	   1.0550986590426192e-01	   1.1761174829308679e-01	   2.8985575960062265e-01	   2.9144800505314117e-01	   2.7482991285385466e-01	   2.7959836891693712e-01	   2.7842220241615562e-01	   3.3700858180963439e-01	   2.3015375472025176e-01	   1.7592865652154835e-01	   2.6336252864288046e-01	   3.0712704607557206e-01	   1.8511762307227833e-01	   1.8051824716755374e-01	  -8.7681689248783543e-02	  -3.4285851999766759e-03	   1.2023264852831350e-01	   1.4248374811656087e-01	   2.7221002675887718e-01	   2.7033205163048141e-01	   1.4464514264527406e-01	   2.4438396752896552e-01	   1.1231029959958630e-01	   7.6191564327553793e-02	   6.7940882082114684e-02	   2.5373622019215974e-01	   5.3209398988426068e-02	   8.1091805529107334e-03	   1.7484894327607861e-01	   2.9056155319386157e-02	   1.5342835058155510e-01	   2.5296607109087549e-01	   1.8191740203605578e-01	   1.2399470830423906e-01	   7.6183156184185563e-01	   5.1643835761981527e-01	   2.2834904363467923e-01	   1.5445680703613564e-03	   1.2448872077630321e-01	  -1.3407230563031261e-01	   3.1958494016492695e-01	   1.6679236352642701e-01	   1.0316912334208125e-01	  -3.5955542567710615e-02	   1.7745009184627228e-01	   4.8891590869980787e-02	   5.4683425765347771e-01	   4.7020504561857557e-01	   4.1257377972704090e-01	   3.5656639146211300e-01	   4.9129654185730587e-01	   4.9032539900942562e-01	   4.1296531236861705e-01	   4.8366667429945787e-01	   3.4096455425129063e-01	   3.3543707664948957e-01	   5.8841247226890625e-01	   3.7414706782942475e-01	   5.7261944543279286e-01	   4.3802571872321028e-01	   3.4520876765513492e-01	   4.9813819687035965e-01	   3.8398559147980382e-01	   3.4842527936471268e-01	   3.2677090386165331e-01	   4.9731949214179827e-01	   2.8849262513712404e-01	   2.7045420760185857e-01	   1.0750717118940376e-01	   1.9266732015921542e-01	   6.9685588495658313e-02	   2.3991405233620502e-01	   1.1510867568471907e-01	   6.3873843760237359e-02	   3.0285415494731538e-01	   3.5422103215794909e-01	   3.1776985316826512e-01	   3.5282926777422086e-01	  -4.3409827274413150e-02	   2.5730982108851280e-01	   1.5275622917140269e-01	   3.9701445183477035e-01	   9.7051897546398092e-02	  -6.2454492010197912e-02	  -9.4244027505967679e-02	  -7.8803648202173088e-02	  -1.9913363290805203e-01	   1.6954568099790457e-01	   3.6320289069998801e-01	   3.4860358793898061e-01	   5.0510443003424443e-01	   3.7647612887473747e-01	   1.4030562614136496e-01	   4.9741768639779541e-02	
   6.6733141291147136e-01	   0.0000000000000000e+00	   4.6260348985164129e-01	   5.3296426770158134e-01	   3.4824029137027657e-01	   3.0354910510061206e-01	   3.8446471352531175e-01	   3.0621570707164747e-01	   3.8940911797239497e-01	   3.9635447135670410e-01	   2.7780833204957245e-01	   1.2036873197918943e-01	   3.3394899184548543e-01	   1.3500783609163947e-01	   4.8870826274501067e-01	   3.9054745942735569e-01	   3.0848930706132616e-01	   1.8863182960715716e-01	   6.2169017287360462e-01	   7.1457657837531252e-01	   2.0487531670288892e-01	   3.1723896787258665e-01	   2.1891324792886846e-01	   2.0395320233082387e-01	   2.4811654385580922e-01	   1.6628938944244576e-01	   3.2518518915809003e-01	   3.3748186710516026e-01	   1.3610472268476534e-01	   2.5390231521037138e-01	   1.5596547364387003e-01	   1.3987278144449547e-01	   2.0546820245616398e-01	   2.2033841722262654e-01	   6.5622692912092103e-03	  -2.8466223103927636e-03	  -1.6181419908180075e-01	   1.2567399993071996e-02	   3.0289771259549225e-01	   3.6483603986822072e-01	   3.4764338684488627e-01	   3.4752084827559759e-01	   3.0492419649383512e-01	   3.0431509431562975e-01	   1.5782270518795988e-01	   1.3580837987976113e-01	   2.2086128657042370e-01	   3.7261913321798779e-01	   8.7686134157494794e-02	   1.5266002740481532e-01	   1.8561422499333358e-01	   1.1474940925441313e-01	   1.2955649684574583e-01	   3.1441568187236757e-01	   4.0685877851205976e-01	   2.8775965025225619e-01	   3.8789374300596552e-01	   4.9585165554199462e-01	   1.7025244756073343e-01	   9.9612106171140039e-02	   1.0665206506824554e-01	   1.1091231685832830e-02	   1.0286313512071155e-01	   9.3427743170736252e-02	   1.9904966444438529e-01	  -1.2647442447667429e-02	   1.2710538097861906e-01	  -5.2880291905295466e-02	   5.7837799052732020e-01	   5.9192862759597165e-01	   3.7797812112501755e-01	   2.4115565703738046e-01	   3.2644553634560192e-01	   3.6685236655697351e-01	   2.5311817504418621e-01	   4.0012379059733583e-01	   1.4226943538222153e-01	   1.9619230771069435e-01	   3.3596073157183981e-01	   2.5361990355339181e-01	   4.0334182755861259e-01	   2.3138679091790743e-01	   4.6504170740601392e-01	   5.0378346656548467e-01	   4.9367252777270504e-01	   3.1034434604330741e-01	   5.4187879148133633e-01	   5.5101173506393941e-01	   4.7845390245891112e-01	   4.3360214058101010e-01	   2.4788019532846300e-01	   2.1051222477385723e-01	   8.6263647239603530e-02	   3.3083415953711909e-01	   3.2342915728193544e-01	   2.4559240284886324e-01	   5.6899112578931144e-01	   4.1116467883883723e-01	   5.1274667801231344e-01	   3.5614021039822974e-01	   7.9921629081533122e-02	   3.3769533754419656e-01	   2.7110056911559438e-01	   3.3094629864601394e-01	   1.8029280946653400e-01	  -1.0970074924475323e-01	  -1.5623868051996656e-01	  -1.5367863986966770e-01	  -6.8050752076134730e-02	   2.6982073041273708e-01	   3.7779592058881861e-01	   3.9567745071617244e-01	   4.8877335765693003e-01	   4.4033883933624729e-01	   2.0517912634441671e-01	  -5.1105053562636615e-02	
   4.0790294884399064e-01	   4.6260348985164129e-01	   0.0000000000000000e+00	   5.3594338759493310e-01	   5.8669140094730765e-01	   3.9122640844360412e-01	   6.8358272089630923e-01	   1.7093505832314870e-01	   6.0358487797734561e-01	   4.3272387669663193e-01	   2.4029337210800975e-01	  -1.9222898425788094e-02	   3.8543685575133502e-01	   1.6006317902061606e-01	   5.6152228546564564e-01	   3.6402987783227436e-01	   1.2590319058205074e-01	   1.3165344591366479e-01	   6.8466439291237113e-01	   5.6150401919700665e-01	   4.0874595770987887e-01	   3.4813757620260660e-01	   5.8895647087720204e-01	   5.1133861552376580e-01	   4.4648491797513501e-01	   3.5594602847382745e-01	   4.0035813233862000e-01	   4.1987947932569347e-01	  -1.0930645461891887e-01	   3.8086671467280217e-02	   3.1483558539948497e-01	   2.5873458613479894e-01	   2.5268840180106095e-01	   1.7254270697550228e-01	   2.8336368269497508e-01	   1.1271189828439240e-01	  -2.5912320787880216e-01	  -3.0443339688669652e-01	   2.8181285320926747e-01	   3.3606093120911795e-01	   2.4251864565876827e-01	   2.0894066151552984e-01	  -1.6440782770242115e-03	   9.1098496068818285e-02	   6.4220520696746053e-02	   3.0392133031291430e-02	   9.2406927796589988e-03	   1.3882934444616535e-01	   6.9353620583969433e-02	   5.8815151783905631e-02	   3.2380409698073831e-01	   1.7043568475997872e-01	   3.0247109335977207e-01	   4.0629031705271557e-01	   3.9830160813001703e-01	   3.4945502244523119e-01	   6.0619594746607622e-02	   2.8974137613199258e-01	   2.3369619342211556e-01	   9.0756141996599343e-02	   2.4194230880949158e-01	  -1.0781657442343720e-01	   1.5579069137371765e-01	   1.8900035513216887e-01	   4.8060729567853400e-01	   5.5902762951176063e-02	   3.8669546950381345e-01	   5.7011874660918373e-02	   4.6081374730669744e-01	   5.7235553044763621e-01	   1.5071631354237275e-01	  -3.1122808226401413e-02	   2.3068718283890458e-01	   1.3263703033674501e-01	   2.3965665033676964e-01	   2.4082301717561522e-01	  -2.9888598715046687e-03	  -4.1387846224602572e-02	   9.2425601971149476e-02	   1.7426065909981242e-01	   1.5332349919125268e-01	   1.9785243497815874e-01	   2.5140995954784351e-01	   4.4342544757516988e-01	   7.2931904837217465e-01	   4.8241945476774861e-01	   6.1184067847441814e-01	   5.4606419021335439e-01	   6.6311553384937749e-01	   6.4899489571214697e-01	   4.1992340482437251e-01	   5.6566008951304259e-01	   3.8798912064273805e-01	   7.0006260316213853e-01	   4.0387132255900272e-02	  -5.8956201427399088e-02	   2.9396669922441993e-01	   2.4219076315980514e-01	   3.6602653930247120e-01	   2.3109138712967126e-01	   1.4588347108448696e-01	   5.8021781599545008e-01	   2.3419509868527436e-01	   2.7452697755560929e-01	   2.0429487268391061e-01	   9.0879431994501603e-02	  -1.4135773534683266e-01	  -8.0503389815257551e-02	  -2.3886807852107567e-01	   1.6898166531746578e-01	   1.8374458172055524e-01	   1.6460868774244167e-01	   5.0996494676741577e-01	   2.8459822774547283e-01	   2.5533347742253026e-01	  -9.1966980503405613e-03	
   3.9997522329887647e-01	   5.3296426770158134e-01	   5.3594338759493310e-01	   0.0000000000000000e+00	   4.5769026422290804e-01	   5.1510655477316880e-01	   4.0902332593213475e-01	   6.4572536457529217e-01	   3.9135385558266494e-01	   4.8188621554070016e-01	   2.3687423602491614e-01	   3.4066981052928996e-01	   2.0614993664441215e-02	   1.3639425157463370e-01	   4.7578829892720803e-01	   6.0477969884513683e-01	   2.3926448383321652e-01	   2.3094947199183669e-01	   5.1410534705243638e-01	   6.4263671438643954e-01	   2.9808135913473072e-01	   3.8611362350138906e-01	   2.6762501960568445e-02	   1.2824898647906458e-01	   1.0692064521017970e-01	   1.8886659448746246e-01	   4.2318093386982003e-01	   4.5840320852635630e-01	   9.5622580327226564e-02	   3.0714522274176204e-01	   2.0936399266850741e-01	   1.2758853085917629e-01	   1.7237733341298736e-01	   1.8224567861344484e-01	  -1.9253122328708272e-01	  -1.5793172574209133e-01	  -3.5945157951462819e-01	  -3.6257668751490846e-01	   4.4991043154274302e-01	   5.2892995778493002e-01	   2.0841809620042556e-01	   1.3172012380991521e-01	   5.4169446763800533e-02	   8.0779246911599489e-02	   1.0603357478688220e-01	   7.9768116877854206e-02	   3.2074094440458667e-02	   1.7782359857445679e-01	  -5.2638062939556481e-02	   3.7040263778145193e-03	   6.8296774031032126e-02	   1.1605861106163929e-02	   9.3732697585127422e-02	   1.4994248479936140e-01	   4.6904856524655486e-01	   3.6694791884584155e-01	   2.6724812621452454e-01	   5.5949429728117195e-01	   2.2392565370012016e-01	   3.7157916116133760e-01	   2.1119159602815601e-01	   2.0732615965018891e-01	   2.7793257634661839e-01	   4.3583616183965623e-01	   4.4303224850904183e-02	  -8.0332796762537882e-03	   2.4630425451461496e-01	   1.3655444674260042e-01	   4.6962179925559389e-01	   5.5277917907137930e-01	   2.7442059652921230e-01	   1.5032379338994190e-01	   1.2186605104911739e-01	   1.6233188155868666e-01	   2.4918285410426497e-01	   3.1171002634690947e-01	  -8.9454273527214564e-02	   4.7872438628272633e-04	   1.8269662207059090e-01	   1.9693413820652012e-01	   2.1563591620770134e-01	   8.3456954621284177e-02	   3.1425747487887890e-01	   5.2310369574849391e-01	   3.2217169344874858e-01	   2.5222001192366039e-01	   5.9432235070520267e-01	   4.7277365197288124e-01	   5.9230922423390175e-01	   6.7484382263412990e-01	   4.5177145267553975e-01	   1.9773808967008577e-01	   3.6607718502642073e-01	   3.0086907805082230e-01	   2.4200487418852054e-01	   1.1282187438240718e-01	   4.8500939198949955e-01	   4.7301440224171698e-01	   5.6724589477563903e-01	   3.0879180951940594e-01	   4.3921283953515611e-01	   4.6616031601208008e-01	   4.9299133991613131e-01	   4.8244606050836203e-01	   3.6057502804581398e-01	  -1.7447857567725690e-02	  -3.9631043451675008e-01	  -3.1204433146708610e-01	  -2.2177272962990563e-01	   2.3216976709491960e-01	   2.1773775040340365e-01	   1.7425610489060456e-01	   4.0526248657020086e-01	   2.3972480595019996e-01	   1.5728493734710125e-01	  -1.2736118076132569e-01	
   3.5465411327438567e-01	   3.4824029137027657e-01	   5.8669140094730765e-01	   4.5769026422290804e-01	   0.0000000000000000e+00	   9.1492223280814766e-01	   2.0582818262045111e-01	   1.1377830477383147e-01	   9.2408581366739317e-01	   8.5304685908301958e-01	   6.6648573533543065e-03	  -1.8099389091840762e-01	   7.8402178660510052e-02	  -7.8684473144339434e-02	   7.7330197215065821e-01	   6.0911313837435743e-01	   1.8142093304656190e-01	   3.5990747385009673e-02	   4.3190000082577540e-01	   4.1088413803931589e-01	   8.1306578827534626e-01	   7.8889415402383178e-01	   8.0998639337321376e-02	   5.2490147963758990e-02	   6.7346567004498437e-01	   6.8598993846030654e-01	   9.2325212339640483e-01	   9.1999408185458598e-01	  -8.2142508664314717e-02	   9.6265039425452920e-02	   2.7811373287622054e-01	   1.2377665625590804e-01	   4.6615788039511150e-02	   1.6460959577758501e-02	   1.7860690441989341e-01	   1.1808783459951092e-01	  -1.3485069545749506e-01	  -1.4354567658907730e-01	   4.6156522960836571e-01	   5.9375001205337319e-01	   3.6979690734261372e-01	   4.5026886602326122e-01	   3.5448994587968963e-02	   2.6987021600136579e-01	   3.0531837728121066e-02	   2.2346893777294961e-02	   1.3193591255021581e-01	   2.3280684320707687e-01	  -4.0849325074224674e-02	  -5.3438295108288986e-02	   1.7499461659283622e-01	  -5.0565953410138337e-02	   2.8796395172240613e-01	   2.8002786824892567e-01	   3.9896019618725659e-01	   2.8739435210802450e-01	   1.9560489367211575e-01	   4.4696122759530138e-01	   3.8174472333336362e-01	   2.1482867576652831e-01	  -4.9312599668428353e-02	  -1.9132886795745382e-01	   2.2675995590246784e-01	   1.2121786006085980e-01	   5.2013877946295028e-02	  -1.7032817274918732e-01	   4.3677169535596150e-01	   2.5720313638748193e-01	   4.9681039317409609e-01	   5.2874604698837668e-01	   4.8888761176101431e-01	   3.1860914724575712e-01	   1.6348658037960373e-01	   1.5038096148308527e-01	   2.2584487341664394e-01	   3.6177635063739255e-01	   1.6809371794575112e-01	   1.4408664206335581e-01	   2.3793354300046432e-01	   3.5439500809641733e-01	   3.5663885280717711e-01	   2.0881168016641488e-01	   5.4215207262710752e-01	   5.7576323966536380e-01	   4.4452609705159074e-01	   3.3385040702219670e-01	   5.5347583572780557e-01	   5.6342152483185615e-01	   6.3437577443147730e-01	   7.0207262415126837e-01	   4.1826801947339892e-01	   3.9974923802560575e-01	   1.0532845865599744e-01	   2.4190227664821037e-01	   9.2934637401032999e-02	   1.9366256884068907e-02	   3.3903092981383709e-01	   2.3129259549974912e-01	   3.9869912869344992e-01	   2.8828263910067409e-01	  -2.2071380869635207e-01	   1.0429308128154480e-01	  -7.4103467930478423e-02	   4.2357803270619970e-02	   2.0217319148501459e-02	  -1.4752728231193130e-01	  -1.0844341283664649e-01	   1.0249861038162805e-01	  -1.8533313249677075e-01	   2.2996604550079139e-01	   1.7678088093676403e-01	   2.3075853576693478e-01	   3.9086660553541208e-01	   9.4821520512535118e-02	   1.4565210399221651e-01	   1.0720291285150271e-02	
   2.8407223445417673e-01	   3.0354910510061206e-01	   3.9122640844360412e-01	   5.1510655477316880e-01	   9.1492223280814766e-01	   0.0000000000000000e+00	   7.5621664044728990e-02	   2.3591278847836966e-01	   8.5385426260754338e-01	   9.0544960688849341e-01	  -7.5236926185689806e-02	  -1.2495382612895373e-01	  -1.1127844227916142e-01	  -1.6303093644622341e-01	   6.7554388365982354e-01	   6.4348548071827250e-01	   1.6511862409532058e-01	  -1.6682597187443034e-02	   3.6391220143601688e-01	   3.6663513580753349e-01	   8.0475725369327100e-01	   8.2219233296139438e-01	  -1.6478810907594291e-01	  -1.4514547008655934e-01	   5.7941574216844660e-01	   6.6230805956154704e-01	   9.2636576167905083e-01	   9.3104613232362254e-01	  -7.3266989272824046e-02	   8.6228751566691353e-02	   1.4806112629115958e-01	   1.1358386863332581e-02	   1.1690309550654272e-02	   1.0888945095158618e-02	   6.2500875238490697e-02	   6.8267276509541425e-02	  -9.5987564400089084e-02	  -8.6970054764422919e-02	   5.3559178025560461e-01	   7.0688830771235067e-01	   3.2741337462351150e-01	   3.5318340037544765e-01	   8.6181860139833505e-02	   2.9500745587158450e-01	   6.2633609430425355e-02	   7.5564121419800762e-02	   1.7503418334697982e-01	   2.5402155676503901e-01	  -6.9605437945900947e-02	  -5.2305781079643621e-02	   8.5226946450268293e-02	  -1.2122316202589793e-01	   2.2597004257477199e-01	   1.7084968962627567e-01	   4.0030861098208720e-01	   2.9802533194865516e-01	   1.5464067244600033e-01	   4.6968915931006738e-01	   3.2138990570900006e-01	   2.5123174287440947e-01	  -1.1473757154642272e-01	  -1.1467801499757943e-01	   1.6917430537059336e-01	   6.6501722169504895e-02	  -8.2907044229117405e-02	  -1.5823736555983536e-01	   4.4168387500955320e-01	   3.7161898183890685e-01	   4.7451614682362592e-01	   4.6715753367719848e-01	   4.9257607681310767e-01	   3.6512118776399582e-01	   3.9380262846058896e-02	   5.4982965451997545e-02	   1.4739458683655660e-01	   3.1981635012542814e-01	   1.1905083310098960e-01	   1.1409204045454613e-01	   2.2868218285399006e-01	   3.0873061999921170e-01	   3.3074073007802152e-01	   1.0684180997107144e-01	   4.8540489866387526e-01	   4.8562735427080966e-01	   2.4671437900830234e-01	   1.6909130249760540e-01	   4.7891099845439866e-01	   4.4156889246476894e-01	   5.7949702440237538e-01	   6.4563960295908607e-01	   4.9428627797738717e-01	   3.0936260452368797e-01	   1.0932466781374257e-01	   8.2644643896892411e-02	   1.0910085171696569e-01	   3.6348401070618173e-02	   4.3461827281360277e-01	   2.7751102303478248e-01	   4.8542842305199263e-01	   3.5937931165216769e-01	  -1.6482150275530510e-01	   3.2419948559450379e-02	  -3.3783245968221624e-02	   6.5241563235904118e-02	   1.0785075883868916e-01	  -1.9016755687459391e-01	  -2.1431155200644436e-01	   6.0201759596442500e-02	  -1.7679573596914633e-01	   2.5785836526915196e-01	   2.6973250380533420e-01	   2.9853172393857702e-01	   3.6485007506037248e-01	  -1.0232629521645026e-02	   6.1835112764439898e-02	  -8.8905546854302631e-02	
   1.8979558995246976e-01	   3.8446471352531175e-01	   6.8358272089630923e-01	   4.0902332593213475e-01	   2.0582818262045111e-01	   7.5621664044728990e-02	   0.0000000000000000e+00	   5.1067624539885126e-01	   2.6177531483275651e-01	   1.9132652007127809e-01	   6.1831094053412894e-01	   4.2986705964714772e-01	   5.3564964594093789e-01	   4.1232757215265381e-01	   3.9816796754571293e-01	   3.2317193611563710e-01	   1.1817971599797505e-01	   2.1598704882804054e-01	   3.8010285687673023e-01	   3.4992550128400440e-01	   9.8129486991240765e-03	  -5.9325507178423442e-02	   6.1294350327502345e-01	   5.4861238517030519e-01	   3.2839055175442514e-02	  -5.6598199010166744e-02	   4.5152663354937297e-02	   3.9379579055586804e-02	   8.7142103201902049e-02	   4.1020254038913129e-02	   2.2119031325781557e-01	   3.0172893747142215e-01	   3.4855889380185195e-01	   3.4684023536599118e-01	   2.5357048277278516e-01	   7.3902444415103435e-02	   8.4720320235124116e-03	  -1.5269056623678312e-01	   3.4756224129531404e-01	   2.6229049794002524e-01	   2.5367234814134976e-01	   1.2631042817282886e-01	   2.0884647100324766e-01	   6.6133760155950308e-02	   2.2098761561649927e-01	   1.3164208416010764e-01	   7.3539760459906400e-02	   1.3944247762452944e-01	   1.8811033914482891e-01	   7.9828021847831068e-02	   2.1794890572032100e-01	   7.0428845239973392e-02	   8.3627993032963532e-02	   2.1305060163809963e-01	   2.6693924684668147e-01	   1.7465665185497389e-01	  -1.5277388779085066e-01	  -2.1058192941330319e-02	   1.1252047761404073e-01	   1.3365693216781710e-01	   6.1945940049766768e-01	   3.5407091598412288e-01	   1.7047643235181009e-01	   2.9371167452631564e-01	   6.2532056244898804e-01	   4.2349105251330388e-01	   2.3668119615737149e-01	  -3.0611145334342223e-03	   1.2140675635814691e-01	   2.2735678395330364e-01	  -3.4471608714747172e-02	  -8.9845143317708598e-02	   1.3424246714481075e-01	   1.4514311702589586e-01	   1.1995540732432422e-01	   1.9247128538884661e-01	   9.3376023333634067e-02	   1.5042275270085886e-01	   5.7407098293735985e-03	   8.3897298882580629e-02	  -4.8816477115253745e-03	   1.5312800116384246e-02	   1.9778500857370723e-01	   2.0377189713645028e-01	   5.9405997301910207e-01	   2.7555847859189908e-01	   4.4297216292556363e-01	   2.3063424640081023e-01	   4.5779342130197698e-01	   3.6179224464586407e-01	   1.3008378346681643e-01	   2.2408901185238783e-01	   3.1436669110173171e-01	   4.8466496377840385e-01	   9.4015623788148872e-02	  -2.9491456132517226e-02	   2.8552957871037921e-01	   9.9605179144901940e-02	   2.8452304889123003e-01	   8.2912302843671737e-02	   2.6315014265281922e-01	   5.0008647243072002e-01	   2.6614435675353421e-01	   1.7654686452406698e-01	   2.4969095263416968e-01	   2.6220539633275319e-01	   8.2494203617123604e-02	   1.2313150328978589e-02	  -8.1719639223352070e-02	  -6.8697762273110169e-02	   1.1121556476139405e-01	   1.0744952440694382e-01	   3.4727987245210379e-01	   5.1603609690515362e-01	   5.4776975399194927e-01	   2.8847227120462926e-01	
   1.3663479307780557e-01	   3.0621570707164747e-01	   1.7093505832314870e-01	   6.4572536457529217e-01	   1.1377830477383147e-01	   2.3591278847836966e-01	   5.1067624539885126e-01	   0.0000000000000000e+00	   6.4174024579251560e-02	   3.0491534353666760e-01	   4.0726728202913209e-01	   6.4746458281987329e-01	   8.7033486998979587e-02	   2.8555593439496429e-01	   3.2982935928614093e-01	   5.3198849152281458e-01	   1.0241739135005391e-01	   9.1659963997453991e-02	   5.3985606480619293e-02	   2.1566880437125666e-01	   5.9768291627387143e-02	   7.9694594828115417e-02	   9.8147870012747718e-02	   1.4261339831485567e-01	  -1.5014816024108868e-01	  -1.1615904414892808e-01	   1.6688563784542249e-01	   1.6616954684743179e-01	   1.5612802025293326e-01	   2.4129766979016271e-01	  -2.1300538124033541e-02	   1.7770880699095368e-02	   1.3981007628704190e-01	   2.2170922386035394e-01	  -1.2118632225815129e-01	  -1.2342373761973947e-01	  -8.7481931418851910e-02	  -1.6011584237810983e-01	   4.2597289882119682e-01	   3.6272334492836023e-01	   2.0999842881495695e-01	   8.1872704494845780e-02	   2.9060507154151045e-02	  -1.4777973338580441e-01	  -2.4198937294407932e-02	  -7.4578599265439013e-02	  -1.6594643493301142e-01	  -6.1675850988236518e-02	  -5.6141453260225065e-02	  -8.7889390342122953e-02	   6.1096481467119115e-02	  -4.7242405009739030e-02	  -3.9900435632360523e-02	   4.1792420676300839e-02	   2.5548522808102869e-01	   1.2463404068687975e-01	   2.2576301390218562e-02	   2.7404127779872567e-01	   1.6548504566133346e-01	   4.9844206739248198e-01	   5.1533751863453103e-01	   6.9122398606780866e-01	   5.2717942487133990e-02	   3.9923814630362814e-01	   8.1620353301350007e-02	   2.6845365701118890e-01	   1.0398277177167020e-02	   4.9944889683831137e-02	   1.0561960974528736e-01	   2.0449123959754645e-01	   1.1238294002867907e-01	  -3.4372704537703899e-02	  -7.6319318435770306e-02	   5.7941523249885690e-02	  -2.7821831449953437e-02	   1.1687259780468337e-01	  -4.6154099036970486e-02	   1.1785557994460059e-01	   9.1365909740392409e-02	   2.2172844997304288e-03	  -2.1717127412775275e-02	  -1.7856056854906885e-01	   1.8171295329441672e-01	   2.0718911204708410e-01	   8.3799924899084943e-02	  -6.0553884096239144e-02	   3.0544029951598733e-01	   5.0690101911321395e-02	   3.4845314739769395e-01	   3.8419366440126523e-01	   1.5967473832070450e-01	  -1.2076559742857496e-01	   3.5380610990759237e-01	   9.7244609837959836e-02	   3.4895972678184295e-01	   2.4279424561987226e-01	   3.4041790777542547e-01	   3.0697740553052094e-01	   3.1846326766961341e-01	   5.8669996577621984e-03	   5.7789592804538337e-01	   3.2665370831022122e-01	   5.1169163628724945e-01	   2.7814693079880048e-01	   1.9743926777250637e-01	  -4.1495219295289501e-02	  -2.3090566609653579e-01	  -1.0458969556306660e-01	   8.3305381829364700e-02	   8.2823855104417185e-02	  -1.5106934610390005e-02	  -6.2850895919240826e-02	   1.4353424027878828e-01	   3.6255942886574732e-01	   3.2422629604257569e-01	   9.0770010882119847e-04	
   3.1871166933124845e-01	   3.8940911797239497e-01	   6.0358487797734561e-01	   3.9135385558266494e-01	   9.2408581366739317e-01	   8.5385426260754338e-01	   2.6177531483275651e-01	   6.4174024579251560e-02	   0.0000000000000000e+00	   8.5550705044535347e-01	   2.7698108680454244e-02	  -2.0145206452009984e-01	   1.7092203606517420e-01	  -2.3697358484930261e-02	   7.4973272541363112e-01	   5.4838502831252811e-01	   1.9207208360550648e-01	   6.9128522771780831e-02	   4.7947467030054236e-01	   4.3012799089262976e-01	   7.2655121604775119e-01	   6.9739029522490081e-01	   1.1707888780992390e-01	   7.5647176186761034e-02	   6.5914562322837078e-01	   6.6420962894513980e-01	   8.1187275329299413e-01	   8.0927008989045568e-01	  -3.8040887385287492e-02	   1.1248736347792387e-01	   2.6581604471564607e-01	   1.3413390354381885e-01	   2.9356386502704161e-02	  -2.1421130015728086e-02	   1.7161661184387891e-01	   9.7553120606608451e-02	  -7.6854023227092505e-02	  -6.0570344794544248e-02	   3.9738493371241168e-01	   5.2836532887629717e-01	   3.2245169755614111e-01	   3.6515286912697120e-01	   1.5052921589928484e-01	   3.3533163417713885e-01	   7.1206750914053027e-02	   7.1320001301316036e-02	   2.1922512807615213e-01	   2.7838621144820674e-01	   4.8544448237452936e-03	  -8.7653891591508784e-03	   2.1288899262595579e-01	   1.1478632830793940e-03	   3.3044629114283242e-01	   3.3403596303330707e-01	   3.9253077021185279e-01	   3.0636723715356518e-01	   1.0802538667044784e-01	   3.8059505994526494e-01	   2.4076746747867658e-01	   5.5530794633781591e-02	  -8.6725321761781965e-02	  -2.6697944193677164e-01	   1.6911603150903060e-01	   4.6626788081322743e-02	   1.8048246257258221e-01	  -1.1227171095635499e-01	   3.8191517220501525e-01	   1.9180541933566098e-01	   4.9597696152350129e-01	   5.1062304638707900e-01	   4.3920520343639807e-01	   2.4513990288640869e-01	   1.7053121720119227e-01	   1.6702297993338100e-01	   1.5223826623473355e-01	   3.2776083648931631e-01	   1.5892517074370674e-01	   1.3581579234971450e-01	   2.2857609660613065e-01	   3.5260450420191725e-01	   3.7254803609426068e-01	   2.7582282185599272e-01	   4.7694287554352721e-01	   5.2705614690247726e-01	   5.4155139946321806e-01	   4.0178648333250844e-01	   4.8259068133054545e-01	   5.2190787685996676e-01	   6.1357966797224195e-01	   6.5927284929695484e-01	   4.8331168478996395e-01	   4.9418439397720104e-01	   1.2062611703561746e-01	   2.8415517609220836e-01	   4.0169262228251477e-02	  -3.7881437609723997e-02	   3.4146921464400265e-01	   1.7445378427433639e-01	   4.2346931813626854e-01	   3.2558850334235506e-01	  -2.7641721743004016e-01	   8.3324453468660617e-02	  -1.1978461799698160e-01	  -3.6452587266172315e-02	  -2.9709686816912113e-02	  -1.9748430278154522e-01	  -5.7822311761917961e-02	   1.5722980723481722e-01	  -1.9721229210934435e-01	   1.8998387823844412e-01	   1.8924484297255020e-01	   2.8520199963699644e-01	   4.3905325364035130e-01	   1.1252405169836534e-01	   1.5793845271270293e-01	  -8.4349426538572504e-03	
   3.8639270770162892e-01	   3.9635447135670410e-01	   4.3272387669663193e-01	   4.8188621554070016e-01	   8.5304685908301958e-01	   9.0544960688849341e-01	   1.9132652007127809e-01	   3.0491534353666760e-01	   8.5550705044535347e-01	   0.0000000000000000e+00	   6.8005011203265492e-02	  -1.6451924582373455e-02	   1.3251052478154413e-01	   3.1985313278381604e-02	   7.6955787594913150e-01	   6.9270606027407622e-01	   2.0496917019118255e-01	   3.3666508873802237e-02	   3.6504670821739815e-01	   3.4605925021672024e-01	   6.7027882796079763e-01	   6.5427588633120926e-01	  -2.8808619783014876e-02	   3.7609469048431178e-03	   5.2634940370140593e-01	   5.5176412924826268e-01	   8.0950461419761388e-01	   8.0951320274202099e-01	   7.0741172263721730e-02	   1.9585106544043021e-01	   1.2469882455825416e-01	   1.8960992445359405e-02	  -6.5927970860485963e-02	  -4.8547906157027761e-02	   7.4978891720311594e-02	   5.2939107960233198e-02	  -2.1401228218281283e-02	  -4.9502075527941738e-02	   4.9207347663708090e-01	   5.7410553738243941e-01	   3.5781033372734150e-01	   3.2694314916785061e-01	   1.0205865354987667e-01	   2.6679054733049284e-01	   5.7100444035812020e-02	   5.2049710098531710e-02	   1.5421730706051776e-01	   2.6700057152057011e-01	  -4.1323997098629536e-02	  -4.3728841784530154e-02	   1.3732671181579975e-01	  -7.1772577285810463e-02	   2.5691788149725558e-01	   2.7140921110743155e-01	   4.2243453892760008e-01	   3.0479178860134892e-01	   2.1084368961717501e-01	   3.9664701987934547e-01	   2.8606907513851454e-01	   1.5781973753897097e-01	  -1.3904008423707901e-02	  -6.9789906345239600e-02	   1.4334987695206444e-01	   6.2987269653925704e-02	   7.8645772091814420e-02	  -4.4415577171746976e-02	   3.0865970601866471e-01	   1.9795225013277806e-01	   3.9515082030511700e-01	   4.1154088639723652e-01	   4.7078729616396364e-01	   3.1850668269806720e-01	   7.3496184337788067e-02	   1.6363319628986900e-01	   1.7887137036433037e-01	   3.6647179263343344e-01	   1.3917557500797409e-01	   1.5858553254177649e-01	   3.1142756500075530e-01	   3.7193689096449967e-01	   4.1848559993134188e-01	   2.4064481684584868e-01	   4.9433857603941189e-01	   5.4696142479975318e-01	   3.6999646277420506e-01	   2.8687560064610124e-01	   5.1203384839971933e-01	   5.0852243211717363e-01	   5.8453460148606307e-01	   6.3091805759451824e-01	   4.8020836106009268e-01	   3.5301835902727458e-01	   1.8056671035407867e-01	   1.9169746673769239e-01	   1.3183550262845259e-01	   4.9483688473015076e-02	   4.6230280335615204e-01	   2.9547054692006064e-01	   5.2559323733508201e-01	   3.9223347823663995e-01	  -9.8752115245678437e-02	   1.0740135921769781e-01	   3.2838917268617762e-02	   9.4440580551994335e-02	   4.7584516682129374e-02	  -2.7159734566452792e-01	  -1.9686421241664204e-01	   9.4690792503203919e-02	  -1.6546617465028757e-01	   2.2851596217847481e-01	   2.3582930438842992e-01	   3.1553409236172481e-01	   4.3664933789799104e-01	   1.1779263990972230e-01	   1.0429900373897211e-01	  -7.3431676038822100e-02	
   1.8276059340716150e-01	   2.7780833204957245e-01	   2.4029337210800975e-01	   2.3687423602491614e-01	   6.6648573533543065e-03	  -7.5236926185689806e-02	   6.1831094053412894e-01	   4.0726728202913209e-01	   2.7698108680454244e-02	   6.8005011203265492e-02	   0.0000000000000000e+00	   6.9497657339727770e-01	   7.1253019938680318e-01	   6.6525854403963725e-01	   2.9924971623989532e-01	   3.9708762850169316e-01	   2.8868041231840691e-01	   3.9949329322484251e-01	   2.6434586882999178e-01	   3.3693336233776716e-01	  -2.5732755162916943e-01	  -2.1090530336026259e-01	   3.3635664007106880e-01	   3.7236388190617214e-01	  -3.4210717637467603e-01	  -3.6004068207852430e-01	  -1.3743449600321422e-01	  -1.1869233169804783e-01	   4.0713373591987345e-01	   3.5294421575113927e-01	   2.4657762790873586e-01	   2.3785586377676676e-01	   1.3897265693048260e-02	   7.6852386071609852e-02	  -3.8326587678585475e-02	  -1.2738755145952330e-01	  -3.4706057637585538e-02	  -2.1306293123719422e-01	   6.8363249900773998e-02	   3.2708732410502948e-03	   9.4496182122022661e-03	   3.2089601167437649e-02	   1.7761227524732359e-01	   2.8740441173721931e-02	   2.3840909358188139e-01	   1.8183976710665284e-01	   1.0744317930294488e-01	   1.0258021317357285e-01	   2.1325412887433937e-01	   1.2281620269494745e-01	  -2.0233658624809287e-03	  -2.2773241654460118e-02	  -8.8996619558814799e-02	  -8.2395626823219027e-03	   9.9242726092567984e-02	   4.6762744190071842e-02	  -3.1394012328636915e-02	  -4.8871687867278095e-03	  -9.8738940840867942e-03	   6.1350125763619576e-02	   5.6442629490424090e-01	   2.4460103138619166e-01	   4.1128824163159505e-01	   4.8936957311105367e-01	   3.1923786219087164e-01	   2.4780094309764633e-01	  -3.9370055756445844e-02	  -3.2137575426015591e-01	  -1.8183347417833283e-03	   1.8223537241721866e-01	   4.1334572609062883e-02	   1.0547950905081968e-01	   2.9693270952461420e-01	   3.4381460724459767e-01	   4.1379491570744531e-01	   4.6419692271646262e-01	  -3.1857150084347877e-02	   5.6450440906284205e-02	   1.3496020282661741e-01	   2.4836637557608995e-01	   1.2690374843471169e-01	   1.7306581550080191e-01	   1.7681373781301679e-01	   2.3273355631984138e-01	   3.4411590343807452e-01	   1.6613157741882367e-01	   1.7788417746820964e-01	   1.0277070412592934e-01	   3.2884324036775903e-01	   2.4687061020730999e-01	  -1.2573151453214892e-01	  -1.6437195318175578e-02	  -1.1192281007017314e-01	   5.7083664041228901e-02	  -1.8888255666259124e-01	  -3.0352747105759992e-01	   3.8700005696480161e-02	  -8.5005517675075276e-02	   1.2525782177049011e-01	   5.6876389835051583e-02	   6.1244392260207496e-02	   2.2301342323124784e-01	  -1.3149262156711167e-03	   5.3108287589118584e-02	   4.6279291266757880e-02	   9.3843484442455743e-02	   4.0520454076071556e-02	  -2.5784087213729279e-01	  -3.7520397138613765e-01	  -2.9313641036960325e-01	  -5.9682119117003912e-02	   1.9308600646085604e-02	   1.2648207906549400e-01	   2.0907406347322660e-01	   1.9188804281382832e-01	   2.7337263161208458e-01	
   4.3197046663255301e-02	   1.2036873197918943e-01	  -1.9222898425788094e-02	   3.4066981052928996e-01	  -1.8099389091840762e-01	  -1.2495382612895373e-01	   4.2986705964714772e-01	   6.4746458281987329e-01	  -2.0145206452009984e-01	  -1.6451924582373455e-02	   6.9497657339727770e-01	   0.0000000000000000e+00	   4.0879371577341905e-01	   7.4478916368669768e-01	   1.8967589174620675e-01	   4.5262159523582868e-01	   1.4857244509002976e-01	   3.4336115552404278e-01	   8.4318782521481506e-02	   2.8141059685399983e-01	  -3.3776685118502509e-01	  -3.0722293055969352e-01	   1.7755733143543978e-01	   3.2185672707998025e-01	  -5.8353062227001351e-01	  -5.3349027486867251e-01	  -2.2766334029580076e-01	  -2.2731584766129070e-01	   4.3859958280810707e-01	   4.1232445368495263e-01	   9.2628488138129766e-02	   1.1404720766139054e-01	   7.1500966678777658e-02	   1.8196561004876038e-01	  -2.9711685452588787e-01	  -2.3761904192137565e-01	  -2.8708646894829007e-02	  -2.1152701073302416e-01	   6.7158346164583035e-02	  -4.8874983082497110e-02	   1.7786548624990745e-01	   8.5391306815274626e-02	  -5.8098870975454853e-02	  -2.2783699569439453e-01	  -2.6723668544909360e-02	  -5.2259817949926672e-02	  -1.3631494706820296e-01	  -9.9201571094899521e-02	  -2.5450175463000924e-02	  -9.4023563021760861e-02	  -1.2827122238670069e-01	  -1.3302676442758019e-01	  -2.0693069549381388e-01	  -1.5792769225653194e-01	   1.8532855510817001e-02	  -6.4609436095005218e-02	   2.9637783732712784e-02	   4.1066203012123340e-02	   2.2567929251577155e-02	   2.5413333178880659e-01	   5.1821271082659059e-01	   5.6695817723526631e-01	   3.3540789023443063e-01	   7.0553267160239663e-01	  -3.5968411814977057e-02	   1.3011608391356247e-01	  -1.6936490393853040e-01	  -2.7393445271406963e-01	  -6.7826438577659576e-02	   9.9553481569932406e-02	  -3.0012807653583808e-02	  -3.3459108802312192e-03	   2.7611237991498583e-01	   3.8929854336348158e-01	   4.0312451576351788e-01	   4.3248234626932724e-01	  -5.1927214591510458e-02	   6.3201437720139211e-02	   1.4286871426323086e-01	   2.0721140896733173e-01	   7.8645971421420283e-02	   1.3953006393912901e-01	   2.2630321721878990e-01	   2.5050690069272263e-01	   5.0751317676172282e-02	   1.0356653499922601e-01	   1.0022775733220400e-01	   4.8566214442658850e-02	   1.4120320580247842e-01	   1.7369727100951893e-01	  -2.1507143241130275e-01	  -2.3054379954917137e-01	   8.0753626823524042e-04	  -8.6278861373555685e-02	   2.2973011243044211e-02	  -8.2250224237001540e-02	  -1.8934836300882560e-04	  -3.7059131934722316e-02	   8.6395723750743642e-02	  -1.0235414575438016e-01	   3.5596099656104135e-01	   1.0485410552244652e-01	   2.2178652851339711e-01	   1.5579430563317637e-01	   1.8434273965598749e-01	   1.9450902085083335e-01	   4.3162617938994507e-02	  -2.5247882934735111e-01	  -1.1065711194751805e-01	  -2.7795973950123337e-01	  -1.3836062584647388e-01	  -1.5463806656092133e-01	  -5.6249946940088946e-02	   1.8467893688975162e-01	   1.4289477098434900e-01	   1.7998667161093346e-01	
   2.5343652992380633e-01	   3.3394899184548543e-01	   3.8543685575133502e-01	   2.0614993664441215e-02	   7.8402178660510052e-02	  -1.1127844227916142e-01	   5.3564964594093789e-01	   8.7033486998979587e-02	   1.7092203606517420e-01	   1.3251052478154413e-01	   7.1253019938680318e-01	   4.0879371577341905e-01	   0.0000000000000000e+00	   7.8980630486845615e-01	   4.6507410035085373e-01	   3.3786478862945524e-01	   1.0640038110563033e-01	   3.2475672363373542e-01	   3.6404246277069907e-01	   3.3574176178695536e-01	  -2.1869231584088988e-01	  -2.4721512445222890e-01	   6.9454059010164104e-01	   6.9681700240858824e-01	  -6.4029416039892789e-02	  -2.1653230517818850e-01	  -1.4303737670345859e-01	  -1.3212122813605714e-01	   3.1438382538857002e-01	   2.8712581506563684e-01	   3.8668505269032882e-01	   3.6560465605997722e-01	  -4.2094391971232797e-02	  -2.0659219812759547e-02	   1.8888885310312387e-01	   8.9691029298219760e-02	   1.7975008986398117e-02	  -1.4663091320355098e-01	  -1.3058293969876297e-01	  -2.1536201160173765e-01	   1.2384471815688367e-01	   1.1804956015941565e-01	   1.1190429746274108e-01	   1.2096056977228373e-01	   1.8449927112935027e-01	   2.1244395775150626e-01	   8.1356452191674894e-02	   1.9097807645860665e-01	   3.1226484434691448e-01	   3.0649353154359493e-01	   3.1070707236805167e-01	   3.2282727608445222e-01	   1.9904631738931919e-01	   3.4541103912671040e-01	   1.6514815770931629e-01	   2.2294503534162202e-01	  -2.6231298165114568e-02	  -7.8134402921914467e-02	  -2.8012211790369859e-02	  -1.4400388949934187e-01	   3.6121213195369040e-01	  -6.3673297821486272e-02	   1.9922514224172444e-01	   3.1887892077574520e-01	   4.9167841577695870e-01	   1.4177673375298866e-01	  -1.1847266600012878e-01	  -3.5639363315802858e-01	   1.7784210830790882e-02	   2.1200948761211702e-01	  -2.7587174410071462e-02	  -9.0573284711152391e-02	   3.9644894627069971e-01	   4.1989624808406523e-01	   3.9388527187354028e-01	   4.6855749562172011e-01	   2.2359648845472549e-02	   8.6195960271554406e-02	   5.6142157492222254e-02	   3.2499188954420410e-01	   1.7592393119712624e-01	   3.4559508571123210e-01	   2.3125338454459293e-01	   3.1360126338012045e-01	   6.1409481454888326e-01	   5.1547665900419837e-01	   2.1864985204364362e-01	   3.0935603395539957e-01	   2.6881233295609408e-01	   2.9181872904878148e-01	  -3.1020650386340630e-02	   3.1355970279554407e-01	   7.3390703083420720e-03	   2.6461736801400843e-01	  -2.3256873037546669e-01	  -3.1401692006997806e-01	  -2.2538552901803694e-02	  -1.1870014329618528e-01	   1.5172301382542819e-01	   1.5161008656526642e-01	  -9.8039038527876154e-02	   1.2287352461822390e-01	  -1.1046047231547754e-01	  -9.7218902405255145e-02	  -6.1433183437811872e-02	   5.7243310511719610e-02	   2.2472203456775891e-01	  -5.1500789973195488e-02	  -3.1747787974129771e-01	  -2.7881023270419059e-01	  -1.0089467072798921e-02	   1.5628519965503759e-01	   2.9277245451177636e-01	   2.6346055481588204e-01	   1.8473402763269609e-01	   2.7565344091270649e-01	
