   0.0000000000000000e+00	   8.0556868346932275e-01	   3.6829481790521246e-01	   5.0704294314888765e-01	   2.9925053012138603e-01	   3.2682082683549329e-01	   3.9748803903917967e-01	   4.6659727427874997e-01	   2.0833708309344151e-01	   2.8477621523603525e-01	   2.4284906726340447e-01	   5.6541980271034564e-01	   1.5414172140141699e-01	   3.5930287671631178e-01	   2.0122688440054859e-01	   3.8090620288246346e-01	   4.3799532993341239e-01	   3.6657144878413517e-01	   5.9347565865653795e-01	   6.9227489370269002e-01	   1.9137084422669590e-01	   5.1862930643288963e-01	  -1.3104762288852158e-02	   9.2484720372516663e-02	  -9.2262253746534809e-02	  -3.3810337887490174e-02	   2.9062076379977936e-01	   4.7825703166745853e-01	   1.5547423644271391e-01	   1.4842621043013043e-01	   1.0708157196891663e-01	   8.5857188947384838e-02	   2.4838851136079812e-01	   2.4846939543437141e-01	  -5.8864316856257273e-02	   1.3156258003464563e-01	   3.3956214806531532e-01	   1.6356160525412916e-01	   4.9468192725751958e-01	   6.3377784531528158e-01	   3.9720178846414522e-01	   4.9084748647830878e-01	   1.1888073216429788e-01	   1.7093148507093747e-01	  -3.7279806719771724e-03	   2.2584446487564858e-01	   3.9647788109364768e-01	   4.8355479924917455e-01	   2.3623090470146185e-01	   3.9971959898579579e-01	   3.1383646615796601e-01	   4.6731331963274686e-01	   5.1922128360870889e-01	   5.3530402640651997e-01	   6.4360499495797863e-01	   6.7835561448864823e-01	   6.7629494925527611e-01	   7.8040413551935517e-01	   5.9362859745949681e-01	   6.2158523309183122e-01	   5.2390179361143285e-01	   5.8956070998730548e-01	   4.9329711963480805e-01	   7.0559657162394829e-01	  -1.4680777128875278e-01	   8.7866176665916840e-02	   2.6743850917066170e-01	   3.2310080357737964e-01	   6.1069221110996919e-01	   6.5093691608005722e-01	   4.5956694932088632e-01	   2.2472987177167203e-01	   4.8662320051455454e-01	   3.8575575036932924e-01	   3.5604751814715097e-01	   4.6300133600020843e-01	   3.7070077609033952e-01	   5.2556189274265752e-01	   3.6993699940156222e-01	   3.7445713937962555e-01	   6.5793338608236807e-01	   5.5294778126721233e-01	   5.4106053734498638e-01	   6.1224953061657039e-01	   5.1270104505559400e-01	   5.5768489142150823e-01	   3.4901409340892664e-01	   3.8724643528569042e-01	   4.9776791800630477e-01	   7.1300211462852814e-01	   4.0228836443605864e-01	  -7.2960730488331890e-02	   3.1890273602046049e-01	   8.5313910188163977e-02	   4.6586548582749840e-02	   2.3095588862508037e-01	   4.0412292389528021e-01	   4.7542332596253434e-01	   6.3419709837835070e-01	   5.4643280327578503e-01	   4.7351892484575769e-01	   3.5124577002237645e-01	   5.1176673301482856e-01	   3.6977707124608178e-01	   3.0180524169413558e-01	   3.0576933379139115e-01	   5.3284423631900713e-01	   1.4488437566736967e-01	   2.7361773654005959e-02	  -2.6575114346622304e-02	   2.0849274922455227e-01	   3.6928094627237706e-01	   3.6483928982790559e-01	   5.4659990758172217e-01	   2.5350154948761672e-01	   1.5436207430217380e-01	
   8.0556868346932275e-01	   0.0000000000000000e+00	   3.0258585752067535e-01	   5.5857375307698054e-01	   2.6408544158311348e-01	   2.3366887309913145e-01	   2.8319365890292386e-01	   4.3247199647296941e-01	   1.5092366723791781e-01	   2.1074124903047270e-01	   7.7650948712757670e-02	   3.9818115520018693e-01	   1.1427956719218241e-01	   3.0616386035122106e-01	   2.0112625333199391e-01	   3.7458908281987136e-01	   2.0645978622419087e-01	   2.6705534980161738e-01	   4.7107384372541550e-01	   6.8411716229595465e-01	   2.6642588250055510e-01	   5.1217898969347531e-01	   4.7088152276630692e-02	   1.6396967547264549e-01	   1.3570410204875416e-01	   3.3897437084171311e-02	   4.1781946791312891e-01	   4.8892367348206806e-01	  -8.7112570818421220e-02	  -1.0645701944625709e-01	   7.4842012475966058e-02	   1.6592334176176823e-02	   1.7465087743873262e-01	   1.7792539202220356e-01	   6.5461357120208313e-02	   2.2703582186810514e-01	   4.4983499018855422e-01	   3.3072527314477862e-01	   5.6373667095446023e-01	   6.6310516727881752e-01	   3.3388060926981683e-01	   3.7327143360457549e-01	   2.3924477755049781e-01	   2.8844117413056269e-01	   7.8955330233038051e-02	   3.0047921488049645e-01	   4.5771280354740307e-01	   4.9743429237904435e-01	   2.6694806188628512e-01	   4.9179050280461445e-01	   4.0833559876312975e-01	   4.7316966670104121e-01	   5.4404538583109396e-01	   4.8838410202859484e-01	   5.1855938564678805e-01	   5.7336508286497634e-01	   7.7298319338807897e-01	   9.0786981022824786e-01	   5.9656443824083527e-01	   6.0886496517076760e-01	   3.3675417353661979e-01	   5.6532319505993134e-01	   2.0662971356418744e-01	   5.3545385141198798e-01	  -1.1300650510999655e-01	   9.0236678995991859e-02	   2.6905062232306132e-01	   3.0886816832023123e-01	   6.1609430265963994e-01	   6.6388696582082352e-01	   3.5030077717976082e-01	   2.3624899094634871e-01	   1.8609512853403232e-01	   1.8676177863954857e-01	   3.5986514028716485e-02	   2.8091618597219581e-01	   3.1402664680636228e-01	   4.4874714906341806e-01	   2.6534258918749165e-01	   2.6532319710375918e-01	   5.3075186309050049e-01	   5.3223941823146159e-01	   4.7856054442611512e-01	   5.2976052809272167e-01	   5.2346215076652869e-01	   6.2256075210424744e-01	   4.7942507306886806e-01	   5.0435067272758505e-01	   4.5947906967116608e-01	   6.8252916799259000e-01	   5.2711020962836042e-01	   9.0339835196277085e-02	   4.3049672761945806e-01	   1.7370725386361396e-01	   2.6340715263461628e-01	   3.6289830437271048e-01	   4.5482167500575044e-01	   4.4080880403711964e-01	   5.6559897418318317e-01	   4.7373941009765452e-01	   4.8117213249607560e-01	   2.8725998216464033e-01	   4.9897047929794092e-01	   3.4525789475350749e-01	   2.4871412437815282e-01	   2.2602466725849907e-01	   4.5001020267269420e-01	   1.8373920900544391e-01	   1.1144457740089733e-01	   3.0810622334952957e-02	   2.8343576712486446e-01	   4.2636936670142778e-01	   3.3946021987355157e-01	   6.4236532035771621e-01	   2.3433220053552056e-01	   2.0609371088648737e-01	
   3.6829481790521246e-01	   3.0258585752067535e-01	   0.0000000000000000e+00	   6.2468690753406453e-01	   7.2255463341867832e-01	   2.0376738378806630e-01	   8.3767874561514610e-01	   4.5273880333344008e-01	   7.5654156838967412e-01	   2.9831662976362283e-01	   4.6164064970828211e-01	   3.9615646017522410e-01	   5.3159306637336345e-01	   4.0081349446906350e-01	   7.5506312124628661e-01	   6.5227535051857022e-01	   1.5987277491181173e-01	   2.8532979676137132e-01	   7.6112497998249851e-01	   6.0825402160668618e-01	   1.7185553006556847e-01	   3.4243478021701901e-01	   7.8873915555149499e-01	   7.4557212020284425e-01	   4.8531785874573002e-01	   2.5247239579124953e-01	   4.3413011743684748e-01	   3.0500286297567558e-01	   9.7932700285111196e-02	  -4.4406108573672713e-02	   6.3428646774561082e-01	   6.4887703325761237e-01	   6.0680500109423674e-01	   5.9936125946293883e-01	   5.9723667831133787e-01	   5.7152836009994312e-01	   3.8638737546469148e-01	   3.2589078747624800e-01	   4.8304930947264313e-01	   4.6331404278869398e-01	   3.7814672053256637e-01	   3.0109836461001754e-01	   3.8239417771482448e-01	   4.0027726402991659e-01	   3.3177054651433163e-01	   4.1334264910896978e-01	   4.4521535014176128e-01	   6.0209193447165643e-01	   5.7144698320679387e-02	   2.6076712449409750e-01	   2.9417689535300351e-01	   2.4003527003002181e-01	   1.7240586721550330e-01	   3.7244091410906893e-01	   3.0059487206590513e-01	   3.7219149428577780e-01	   2.7686739678448169e-01	   2.3051086200580034e-01	   3.1035697690723729e-01	   5.8551042891788564e-02	   1.2127526934360063e-01	   2.3299984257825410e-01	   1.4117172801992184e-01	   1.0416971362222019e-01	   6.5660257817375622e-01	   4.6635126619248396e-01	   5.8579143028087022e-01	   4.9315332272679774e-01	   5.8245009371719980e-01	   6.5558925056700845e-01	   5.4288915059736753e-01	   3.9415129061277976e-01	   3.7414514500960727e-01	   3.1117286633363328e-01	   5.3539858552399433e-01	   4.1334083032716873e-01	   5.9686286025063628e-01	   4.8350242516690672e-01	   2.7200544252686210e-01	   3.4636500367398454e-01	   3.9301250254996845e-01	   3.8423075010170882e-01	   6.0698349808584318e-01	   5.5924634524399675e-01	   8.0830212327591655e-01	   6.5093499452533554e-01	   2.9966593511842932e-01	   3.0545763509353813e-01	   7.1670954787135621e-01	   5.2820204565559614e-01	   5.2105664365645676e-01	   4.1827405162087605e-01	   6.6617242431019341e-01	   7.3685020295678860e-01	  -1.0213657470714109e-01	   8.9588262773144717e-02	   3.8807726207992338e-01	   3.6800652295263137e-01	   4.3091108937135991e-01	   5.6014435616785474e-01	   3.2853089324548884e-01	   4.4361938148705304e-01	   2.1226524259585830e-01	   3.3452240258499677e-01	   3.1331304318536213e-01	   5.1787654003149519e-01	   3.7811249501403604e-01	  -2.9152977757364508e-02	   9.7802709061015236e-02	   6.6627915460566326e-03	   5.2821775261974457e-01	   5.8058829614468488e-01	   6.6116242058473818e-01	   3.8234315959102944e-01	   2.4848615051895429e-01	  -9.1989068407681285e-03	
   5.0704294314888765e-01	   5.5857375307698054e-01	   6.2468690753406453e-01	   0.0000000000000000e+00	   6.4117289169818270e-01	   3.7220623164621836e-01	   7.2801865757651463e-01	   8.6522927095631341e-01	   6.3798887697351103e-01	   4.6077047175785690e-01	   2.4941714215553779e-01	   4.8633677404586750e-01	   3.3352046165849303e-01	   4.8170965797126619e-01	   4.8822266850824347e-01	   6.0842989600046549e-01	   2.7663507630668566e-01	   3.0893439082438745e-01	   5.8776354707767708e-01	   7.3215688976355486e-01	   2.0474865553258226e-01	   4.9584380791452831e-01	   3.8015790363927976e-01	   5.0136946127831794e-01	   2.3338953023794445e-01	   1.0155419253410225e-01	   2.8294909231607213e-01	   3.0501380255208477e-01	   3.3401028146910201e-03	  -3.5333392112669539e-02	   4.1158185926585794e-01	   4.2132124348364997e-01	   4.2783870732700674e-01	   4.0385273265303123e-01	   3.9509518688131406e-01	   5.3369532973097134e-01	   4.1782918708602634e-01	   4.0212472048870224e-01	   5.5889250781017530e-01	   6.2813325553331945e-01	   4.2516539920491159e-01	   3.6921155158781938e-01	   3.7937150824672072e-01	   3.7869232786055207e-01	   3.6717241324770605e-01	   5.5445519686517653e-01	   4.5832667642654601e-01	   6.9289638988700797e-01	   4.2000715297358837e-01	   5.2745965543074402e-01	   5.0250252177239929e-01	   4.4804509611406185e-01	   4.6968542140693870e-01	   3.4087102363360089e-01	   5.0886288129121071e-01	   5.7125748954043021e-01	   3.6780953089273055e-01	   5.1394185115160651e-01	   5.8337534340245845e-01	   4.1132038234126744e-01	   4.0504851476443970e-01	   5.4604253800440983e-01	   3.5814308560298697e-01	   3.4356062635353679e-01	   1.8040113656676232e-01	   4.8788937486245343e-01	   5.8774193807279151e-01	   6.0811945216742735e-01	   5.7425486126299852e-01	   7.0025705559121687e-01	   6.2024456436265107e-01	   4.6561426811661272e-01	   3.5694528599280428e-01	   3.9315809543678709e-01	   2.9328679762918791e-01	   4.8876685155977623e-01	   5.2312408902224738e-01	   5.4352622842289566e-01	   2.9180255906982644e-01	   3.2217734077067428e-01	   5.7253301572998638e-01	   4.8689620551270740e-01	   5.2915521180484726e-01	   7.2942252552197351e-01	   6.2364767975876623e-01	   7.5140070357881594e-01	   3.0961477219061151e-01	   3.0270696259065416e-01	   6.3734477169178261e-01	   6.6716598099795199e-01	   7.5047997453166460e-01	   3.2193489040436052e-01	   7.6524753620555519e-01	   4.9092327068106156e-01	   7.9452212305420405e-02	   2.9868847238040730e-01	   4.8976702510019315e-01	   5.4032772272652152e-01	   6.4693132884590865e-01	   6.6453951458645943e-01	   7.0050630541601777e-01	   5.3568928366155433e-01	   5.2734044322811735e-01	   4.8878633375258107e-01	   3.9009973416966881e-01	   4.2548978566683116e-01	   5.7932997857468671e-01	   9.6460581768151782e-02	   3.0783110287856169e-01	   1.0586362333228501e-01	   4.8909296124663781e-01	   6.3294649409064652e-01	   6.0775135490428323e-01	   5.2954995011579198e-01	   1.8209113779450600e-01	   1.0473737710558514e-01	
   2.9925053012138603e-01	   2.6408544158311348e-01	   7.2255463341867832e-01	   6.4117289169818270e-01	   0.0000000000000000e+00	   1.8930617482179501e-01	   7.7964254114963660e-01	   6.0958265345584239e-01	   8.4125640958040049e-01	   2.9385669527012448e-01	   3.2928017256652142e-01	   1.3613017728829419e-01	   5.3689672032657287e-01	   2.3578776718761318e-01	   7.5681576861687239e-01	   5.5309697806940528e-01	  -4.0565487880754723e-02	   1.4105950334889181e-01	   4.5132056010053034e-01	   4.6032331864359077e-01	   1.4781294648244078e-01	   3.7924574485716001e-01	   5.8662870651849497e-01	   5.8174456334725466e-01	   3.9401038162437541e-01	   1.2170184971421776e-01	   4.7495090814261554e-01	   3.1796601963450238e-01	  -2.4064818427257169e-02	  -1.3375321356240283e-01	   4.6817534788123616e-01	   5.2865268630796725e-01	   4.9102464635350546e-01	   5.8462129432500087e-01	   5.4646679131575704e-01	   5.0381948262294229e-01	   2.4913733522767245e-01	   2.2866668085512104e-01	   6.1517157356576468e-01	   5.3861016967081243e-01	   4.1055474653889740e-01	   1.4950203530504214e-01	   2.7232555329559099e-01	   2.7193538801195832e-01	   2.4076643515008450e-01	   3.4117439456482718e-01	   3.0336955809524579e-01	   4.9365817275778578e-01	   9.3483900746522741e-02	   2.0572406558785206e-01	   1.4718608455338766e-01	   9.5233987361018124e-02	   1.0733967103457479e-01	   3.8866065475490021e-02	   2.6502119238320876e-01	   3.4773843973466723e-01	   2.7473439126381954e-01	   2.0737565066669567e-01	   4.0995364114077215e-01	   1.2108399332117589e-01	   3.1241803434726351e-01	   4.6323450297384228e-01	   1.4039402414808802e-01	   1.0060895932986219e-01	   5.0526107906898510e-01	   6.2483941122418074e-01	   5.7123462033599659e-01	   3.8524201584302992e-01	   3.5189301177314497e-01	   5.0949563125305775e-01	   4.9504637893608316e-01	   6.0551895607622719e-01	   2.4088545947928985e-01	   2.4774520352679391e-01	   2.9482509444972277e-01	   3.7328178594073452e-01	   4.5348657134385961e-01	   3.8339208202037545e-01	   1.0974294647864891e-01	   2.1264391729027049e-01	   2.6840486969356414e-01	   2.3178373489708642e-01	   5.4769646627800950e-01	   5.7528958313995815e-01	   6.1623200502506259e-01	   5.5010284584344626e-01	   4.5349867190254017e-01	   4.5925490125331536e-01	   7.7705712619679135e-01	   5.0961298605078142e-01	   4.6819687183886455e-01	   2.2116682868668180e-01	   6.1173579573399106e-01	   5.9554341905069552e-01	  -1.7098224051963826e-01	   2.6702282919913875e-02	   2.7032945424948790e-01	   3.1748756555906399e-01	   3.8298865115431324e-01	   4.5622750122829725e-01	   5.5309727018324906e-01	   6.1558656228627817e-01	   4.5529507313706546e-01	   5.1246743799183481e-01	   5.1826842600286915e-01	   5.8237219816664987e-01	   5.5454481866022265e-01	   1.0821733117182282e-01	   1.5879729975834267e-01	  -9.1458742800086035e-02	   3.2551844700611976e-01	   4.1384919854932878e-01	   4.7398505343134101e-01	   3.1305292448849514e-01	   9.8627962748834355e-02	   3.0495104731307985e-02	
   3.2682082683549329e-01	   2.3366887309913145e-01	   2.0376738378806630e-01	   3.7220623164621836e-01	   1.8930617482179501e-01	   0.0000000000000000e+00	   1.1536592087082384e-01	   2.5681160521628038e-01	   2.9174616207489507e-01	   8.3682546229069499e-01	  -1.6018372694382157e-01	   2.4979040983715345e-01	  -3.6862085703822189e-01	   7.8342806032468154e-02	  -1.0329956813581615e-02	   1.7224660317497814e-01	   1.8556214843346908e-01	  -1.4243560182414433e-01	   3.9588266721016653e-02	   1.3463778118898004e-01	   3.4424405327197782e-01	   3.8938641288563158e-01	   1.1654820771024104e-02	   1.3271160986965869e-01	   3.3864109639164190e-02	   5.5327393778726863e-01	   2.4216787927075259e-01	   6.5540815357895044e-01	   5.3889811892673403e-02	   2.1853661251382033e-02	   1.0360880841138009e-01	   1.0727558660952133e-01	   8.4932227843624822e-02	  -9.4151562328265506e-02	  -2.5881594472505121e-01	  -8.3101408921238448e-02	  -2.8190674102950308e-01	  -3.5243864916340495e-01	  -9.6661430072761789e-02	   1.1958858351514348e-01	  -3.4014562861104748e-02	   1.7357030591615705e-01	  -9.3060716698986967e-02	  -2.0419134405912090e-01	  -4.1724181945010361e-02	   9.2260861511336223e-02	  -1.3560292776223495e-01	  -6.0518447246193322e-03	  -4.0264139346064126e-02	   1.3470721481481823e-01	  -4.3666732559300446e-02	   9.5541443669957399e-02	   7.7518163712838387e-02	   1.6980708426769620e-01	  -5.1240638931833046e-02	   2.0327644016514337e-02	  -5.7709824636646548e-02	   1.0326457176234860e-01	   2.0091945185548887e-01	   2.9626266332361706e-01	   4.0051674768527473e-01	   2.7138387044582402e-01	   2.1479747089666734e-01	   1.4891613134055043e-01	   1.7128384892169869e-02	   6.1326069712332856e-02	   4.1350294207379387e-02	   1.1005113633008740e-01	   4.4739204131303237e-02	   1.4400210762825683e-01	   1.4883329397381148e-02	  -4.0951427688389042e-01	  -2.7681144461412958e-02	  -1.5635293758251528e-01	   1.2609705218051967e-01	   1.2226662422608164e-01	  -1.3636550434781305e-01	   1.5363535769185210e-01	  -7.6401965531380622e-02	  -1.5520173005706553e-01	   2.2819925190834245e-01	   9.6166782750939546e-03	   9.5372180807651002e-02	   1.7494263141358202e-01	   7.1592982693489238e-02	   1.9092802491850930e-01	  -2.2864464330828360e-01	  -2.5517876790044047e-01	   1.5756569637117515e-01	   2.2493847047196511e-01	   6.3263004139749862e-02	  -9.0980253729009503e-02	   2.0214737190116977e-01	   2.4948280410996213e-03	  -1.6364808259843755e-01	   3.5012695533736912e-02	  -2.1749041154533752e-01	   3.7384322767555538e-02	   1.8173576117498376e-02	   3.4569466126472409e-02	   5.9407306836729998e-02	   3.1201149429119432e-02	  -7.0151320249578583e-02	  -4.4193387596562078e-02	   1.2065660670873959e-02	   7.6109894497831787e-02	   1.1494371297987280e-01	  -3.6847748205526526e-01	   1.5718730154123686e-02	  -2.4514727774339182e-01	  -1.5476754369160950e-01	  -9.9748625075044908e-03	   1.9026583096159802e-02	  -2.9749113084659051e-02	  -3.5974195657469094e-02	  -8.2308731199620319e-04	
   3.9748803903917967e-01	   2.8319365890292386e-01	   8.3767874561514610e-01	   7.2801865757651463e-01	   7.7964254114963660e-01	   1.1536592087082384e-01	   0.0000000000000000e+00	   7.1276534373728029e-01	   8.2817940776166776e-01	   2.5016045206218451e-01	   5.0161893056362505e-01	   5.0484721156185874e-01	   6.8312454157241020e-01	   5.2106912981869602e-01	   7.1753779851282307e-01	   5.9696027111535321e-01	   2.8730976616970472e-01	   4.0025110260764041e-01	   7.5371101560390685e-01	   6.8718803319988553e-01	  -3.2585111727780058e-02	   2.6042340155862376e-01	   5.2731431831391484e-01	   5.2362835836822907e-01	   1.7829768410118699e-01	  -8.4102170760013029e-02	   1.6688143705216904e-01	   7.3927900159256710e-02	   2.3730950173537341e-01	   1.3863260809573921e-01	   5.3334184878027679e-01	   5.6273132444101948e-01	   5.9246761821990690e-01	   6.4091327447501034e-01	   5.4258163348379806e-01	   5.4871934082520768e-01	   4.7213658671096492e-01	   4.2689982236077084e-01	   5.1749524980368045e-01	   4.6811801540441733e-01	   4.5684800139536141e-01	   2.7030481616007684e-01	   4.3144000050280340e-01	   4.5841014579329603e-01	   4.3316461862950517e-01	   5.4232785458189536e-01	   5.1512454522700479e-01	   6.8256514332685736e-01	   3.2580969192779297e-01	   4.2070914998765652e-01	   4.0411111901658692e-01	   3.6437528419539827e-01	   3.2918952990072248e-01	   3.5386891198821235e-01	   4.8630109881802985e-01	   5.2958235795809117e-01	   2.2369359434198893e-01	   2.3609652483472054e-01	   4.3058025968763181e-01	   1.3996752540685514e-01	   3.4773758358771256e-01	   4.3160994072489889e-01	   3.3867530142878444e-01	   2.8494058921517462e-01	   4.0793676258776834e-01	   5.3068025124292051e-01	   6.2025077282035990e-01	   5.7188301945078912e-01	   5.0121730443278301e-01	   6.0815676673348806e-01	   6.9150946964172988e-01	   6.1214456622297597e-01	   4.7629572565376510e-01	   4.9824834299023990e-01	   4.6726726036410399e-01	   5.0602793545811320e-01	   6.4186784058822899e-01	   5.7610540083177275e-01	   3.0809556070448896e-01	   4.0049508518351878e-01	   4.7990453500276842e-01	   4.5178585517494202e-01	   6.3326297340967153e-01	   7.0919857766750916e-01	   7.1104358012720426e-01	   6.8112881543971482e-01	   2.6943894380733496e-01	   3.2177823171807346e-01	   7.0534837311392473e-01	   5.3906515564162649e-01	   6.5877129108159871e-01	   3.8246682049211883e-01	   6.6987516130643354e-01	   6.5245526863920267e-01	  -8.8007924040157809e-02	   7.0123208635484324e-02	   4.8094968670775678e-01	   4.7823914027841297e-01	   6.5215821764795390e-01	   7.1959777452994655e-01	   5.9655841268083554e-01	   5.9966586853909876e-01	   4.9058847232089653e-01	   5.1187102469339751e-01	   4.1607307268410798e-01	   5.0524721003703987e-01	   5.4174711132946118e-01	   2.1998583741654587e-01	   1.5792386895182872e-01	   8.3096448173005794e-02	   5.5618059240482476e-01	   6.7776035501027088e-01	   7.2943544688444784e-01	   4.6700581446330031e-01	   2.5505813518447523e-01	   5.8945600210607754e-02	
   4.6659727427874997e-01	   4.3247199647296941e-01	   4.5273880333344008e-01	   8.6522927095631341e-01	   6.0958265345584239e-01	   2.5681160521628038e-01	   7.1276534373728029e-01	   0.0000000000000000e+00	   6.0580471405167602e-01	   3.2012032305069205e-01	   3.0971955954158104e-01	   5.2383009878645836e-01	   4.1485184779910811e-01	   5.0596710787165566e-01	   3.9784117856418999e-01	   3.9636155934086664e-01	   3.2051575981017089e-01	   3.1350035015677169e-01	   5.1918986317203075e-01	   6.3456903408464749e-01	   4.9655842658768164e-02	   3.7088998938335838e-01	   1.9939432062973608e-01	   2.7260112381467050e-01	  -2.4449880422660008e-02	  -1.5309689220621198e-01	   5.2751492777254869e-02	   9.6407520394422630e-02	   1.1655894400533878e-01	   1.4661799113847881e-01	   3.7420958086100997e-01	   3.8317156921222340e-01	   4.3836993064343965e-01	   4.4646524130529008e-01	   3.3863148136661131e-01	   4.3077361599908359e-01	   3.5239177672899563e-01	   3.6111826112043832e-01	   4.8828875157332385e-01	   5.4534719998948855e-01	   4.3905055364401518e-01	   3.4250375529090188e-01	   3.9463373883238845e-01	   4.0734133801938122e-01	   4.2370007574082258e-01	   5.7097380536174069e-01	   5.0778542426379425e-01	   6.9236013811106245e-01	   4.7024341730059849e-01	   5.5770477504240124e-01	   5.1519343249463323e-01	   5.4530955906750089e-01	   5.1723415302344111e-01	   3.3652514960931756e-01	   5.8062901418515755e-01	   6.7909265911242334e-01	   2.7627908666127055e-01	   4.4118125715959683e-01	   6.4213664191369679e-01	   5.1715031212288110e-01	   4.3963113967838879e-01	   7.2238205443215298e-01	   3.9027785514404861e-01	   4.5089128477169216e-01	  -1.4915143459034065e-02	   4.2408990677040981e-01	   5.3463703489582426e-01	   6.0217196314111954e-01	   3.4013081909230386e-01	   4.9275764925979065e-01	   6.3809500073875269e-01	   5.9665131451183095e-01	   4.3390210609777297e-01	   5.0025907026349592e-01	   2.6849874452891009e-01	   5.2736382088069433e-01	   4.7705644518072682e-01	   5.6289075917022346e-01	   2.4655881331059826e-01	   3.2231370712023011e-01	   5.7838606759196809e-01	   4.4713314986268238e-01	   5.3414673021926429e-01	   7.8736274323504096e-01	   5.4455450563574759e-01	   6.4768446429170545e-01	   2.9920084027800908e-01	   3.1510631174282788e-01	   5.5038085299435169e-01	   6.0962860996085788e-01	   7.2919052440836030e-01	   2.0830781960938705e-01	   6.4297302139713541e-01	   2.8691182561845907e-01	   1.1506207039744400e-02	   2.0775852470843023e-01	   4.6210863382249140e-01	   5.1357238351268142e-01	   7.2506173028477361e-01	   6.9288824299463725e-01	   7.7099822223255288e-01	   4.8644910666866514e-01	   6.3857868306175702e-01	   4.5362532926147314e-01	   4.6968524286818514e-01	   3.7919995833596198e-01	   6.6045356610137995e-01	   2.0036904286725432e-01	   3.2721343906639222e-01	   1.3249678012661698e-01	   4.6473771047251311e-01	   5.8848584298970097e-01	   5.3616422747926673e-01	   4.7646870057098378e-01	   2.2381971015375379e-01	   1.4713879786031536e-01	
   2.0833708309344151e-01	   1.5092366723791781e-01	   7.5654156838967412e-01	   6.3798887697351103e-01	   8.4125640958040049e-01	   2.9174616207489507e-01	   8.2817940776166776e-01	   6.0580471405167602e-01	   0.0000000000000000e+00	   4.8437631243997353e-01	   3.1409378928055143e-01	   2.9745132623752302e-01	   5.0808584692234837e-01	   3.5810570174728928e-01	   7.2638564186628485e-01	   5.3619932546623694e-01	   1.4390433763736987e-01	   2.0206044339965754e-01	   4.5613784095156362e-01	   4.2603544162778983e-01	   7.9040387699262707e-02	   2.1420148321588198e-01	   5.4880583914649084e-01	   5.1146373578105453e-01	   2.8226952960800661e-01	   1.1267269109865992e-01	   2.4666871891989156e-01	   1.8837248927828867e-01	   1.1274063072539786e-01	   2.6876140117926103e-02	   4.6907235672111297e-01	   5.1352215658059053e-01	   4.6125307020697637e-01	   4.6980602583934794e-01	   4.4114802742319392e-01	   3.6824695082264008e-01	   1.2302893465915941e-01	   1.4940075424625887e-01	   3.3742276261336546e-01	   2.8611910204172036e-01	   2.7028932553667595e-01	   6.6257981863208526e-02	   4.0195772823288012e-01	   3.7700108961225548e-01	   3.6018855183624748e-01	   4.5914477862346770e-01	   3.1850142264649522e-01	   5.1481999231743569e-01	   1.8921101252578892e-01	   3.2080203494935955e-01	   2.0953535969865000e-01	   1.8437248361162317e-01	   1.3209705173938163e-01	   1.8539843005255705e-01	   2.0233520991593146e-01	   2.8758953549176269e-01	   1.0851572878394748e-02	   6.5859183227337165e-02	   3.3061237793466769e-01	   3.7738277655687200e-02	   3.3035229541998146e-01	   3.4920438325614112e-01	   1.3822647989307701e-01	  -7.2854505614480952e-03	   4.8526293628843009e-01	   5.4828174565715526e-01	   4.7967915757789759e-01	   3.6357679758553663e-01	   2.8982578312553042e-01	   4.0341320657170165e-01	   4.3385971230457021e-01	   3.8955134065510305e-01	   2.0168004420236280e-01	   2.7872043047102674e-01	   2.8151579157021861e-01	   3.1715046409265146e-01	   3.5250949498088591e-01	   2.9239019231853453e-01	   1.7959259537014127e-01	   2.1117224813486202e-01	   3.0451443816731866e-01	   3.0024163675027854e-01	   4.8909031479166587e-01	   5.3087215069775917e-01	   5.5716377977338216e-01	   5.3214911329473846e-01	   1.5692389186202085e-01	   1.7035398207504104e-01	   6.8122480684131115e-01	   3.9932965252427055e-01	   4.2523138148960082e-01	   2.1728376441761699e-01	   5.3548097064873612e-01	   5.1636170658254288e-01	  -2.3047140108827513e-01	  -5.8569524260687240e-02	   2.2604880641983016e-01	   3.1386787346580491e-01	   3.8276803123124281e-01	   4.6843802055471701e-01	   4.0307865848785718e-01	   4.3853085845949114e-01	   2.3830502314764299e-01	   2.7095589201974629e-01	   3.5915668470560130e-01	   4.4500949186271954e-01	   3.8874877946462166e-01	  -4.4562091150822880e-02	   1.6470512029614490e-01	   3.6882415720751134e-02	   3.3640023140228337e-01	   4.1306250756544677e-01	   4.5068881656785004e-01	   2.1249013795776489e-01	   9.7193512036527457e-02	  -3.5709878990154119e-02	
   2.8477621523603525e-01	   2.1074124903047270e-01	   2.9831662976362283e-01	   4.6077047175785690e-01	   2.9385669527012448e-01	   8.3682546229069499e-01	   2.5016045206218451e-01	   3.2012032305069205e-01	   4.8437631243997353e-01	   0.0000000000000000e+00	  -1.4169958070070196e-02	   2.4364521203995126e-01	  -2.0117159153801845e-01	   2.0079088034395406e-01	   1.4512860618422732e-01	   3.5507355664009294e-01	   2.5699108643554491e-01	  -7.2680492106162300e-02	   9.1673702166418930e-02	   1.5992239651626106e-01	   2.7694720164595943e-01	   2.5378974927372966e-01	   7.2554040941409367e-02	   2.0416629867524255e-01	   7.9311558994470344e-02	   4.1426908107159188e-01	   2.6833927784051870e-01	   4.9955174975479932e-01	  -3.3083288619542382e-03	  -3.4859936972279709e-02	   2.8115713016618357e-02	   3.9351963098211873e-02	   4.5144253044726884e-02	  -7.9907308641338187e-02	  -1.4824798030631864e-01	  -2.2194776800755673e-02	  -2.0386740705866907e-01	  -2.1396280363648751e-01	  -3.0502481470625863e-02	   1.0892007010386125e-01	   1.2519587358275346e-02	   1.1384531182305241e-01	   1.2210749488686085e-01	   2.2538315689247336e-02	   6.7270159174871114e-02	   2.0437834557773102e-01	   5.2022785214992885e-03	   1.5454983754182616e-01	   3.8386964604122345e-02	   1.6889656547195622e-01	   8.3896844933544646e-03	   9.8855323205596451e-02	   4.4753401318344689e-02	   1.5589131689810076e-01	  -3.8497558065973519e-02	   3.4444617784916816e-02	  -6.9722263213574637e-02	   4.9570209742765978e-02	   1.6220509827468829e-01	   9.4435310847787779e-02	   4.0890367798445787e-01	   2.0728277125064032e-01	   2.0249866080852164e-01	   1.6696897961438181e-02	   1.4175098178731602e-01	   2.6112324556252514e-01	   7.6999720333322336e-02	   1.1019708063170794e-01	   1.3899651419902920e-01	   2.2402559934246855e-01	   5.3126263031441918e-02	  -2.9204500340611250e-01	  -7.9444974500779642e-02	  -6.3592844610965454e-02	   7.8651195967903514e-02	   1.2922171695893381e-01	  -1.1055905628069423e-01	   5.2764786775013658e-02	   1.0077438299694555e-02	  -1.4058956244228626e-01	   2.0610279864176445e-01	   5.1730258262638197e-02	   1.4726242843975335e-01	   2.2104378899986030e-01	   1.2882496785646319e-01	   3.2739372765568564e-01	  -1.9515912772588967e-01	  -2.0264246305138212e-01	   2.5680186110166592e-01	   2.4628966172887432e-01	   1.0982385278742965e-01	  -4.7758532109530079e-02	   2.9609144170921586e-01	   1.2346481706212123e-01	  -1.9073589399667756e-01	   2.6360285784110631e-02	  -1.0218959288418616e-01	   1.1841626718006919e-01	   8.1938080936116542e-02	   1.1558668902882888e-01	   1.5398982999126393e-01	   1.5276434944708281e-01	  -3.3512190251312787e-02	   1.0822540757104759e-02	  -2.5062916338953488e-02	   7.2304894960970104e-02	   1.0792815367738123e-01	  -2.5887669850107897e-01	   1.2594190028135367e-02	  -1.1504686653005095e-01	  -2.7508851905341802e-02	   8.1666272717563743e-02	   7.7513639576133234e-02	   4.2552233637437382e-02	  -1.7460428003792956e-02	  -2.2825234928358876e-02	
   2.4284906726340447e-01	   7.7650948712757670e-02	   4.6164064970828211e-01	   2.4941714215553779e-01	   3.2928017256652142e-01	  -1.6018372694382157e-01	   5.0161893056362505e-01	   3.0971955954158104e-01	   3.1409378928055143e-01	  -1.4169958070070196e-02	   0.0000000000000000e+00	   4.5817044550452946e-01	   7.5071014753058285e-01	   5.6579377135903564e-01	   5.3515510038223735e-01	   3.8796328203252262e-01	   5.8915392002073963e-01	   5.9798873754514914e-01	   6.7854922005590046e-01	   4.8470503804275233e-01	  -7.6356406659819784e-02	   1.0980201138193226e-02	   4.4109718682330556e-01	   4.0501666133133896e-01	   1.8360938771558188e-01	  -1.1368985128881745e-01	   1.1601371112769474e-01	  -1.0816676520149168e-01	   4.9073390145428325e-01	   4.5581936941951029e-01	   4.5279816387050775e-01	   4.9161135311630300e-01	   5.8444050524753322e-01	   6.1566029948577661e-01	   4.8035199667118378e-01	   4.9261480523202472e-01	   4.4313598931006187e-01	   3.9914945945381047e-01	   3.9224335187628590e-01	   2.6534438195668808e-01	   5.5434129849964198e-01	   3.6841507178568333e-01	   5.1196961497567184e-01	   5.5086201946908919e-01	   6.0074272670664319e-01	   5.7587268554057425e-01	   5.4184000674398369e-01	   5.6353771338016168e-01	   2.8707228399530321e-01	   3.5567393149864429e-01	   3.0968615444681280e-01	   3.9820277770886825e-01	  -3.6733323861706892e-02	   3.0660444698298928e-01	   3.1024628814411215e-01	   4.3058751279058061e-01	   1.7310637680723578e-01	   8.0411155768763648e-02	  -7.0018216657496107e-02	  -1.5939182709372615e-01	   1.1558975111044116e-01	   2.0618626360887060e-01	   4.1096937358917773e-01	   3.1655832729991851e-01	   3.4012217715160187e-01	   3.1740745555456373e-01	   4.2500623119871223e-01	   4.8598265462309609e-01	   2.6423566209781069e-01	   2.4212327448092175e-01	   3.7095438749101256e-01	   4.8415011236972766e-01	   6.3047903207251610e-01	   6.2826006080495045e-01	   5.6945557732141883e-01	   5.3889183170797184e-01	   5.6205441355348051e-01	   4.4731810448889830e-01	   5.0551068540221022e-01	   5.5918218200895720e-01	   5.2668647417623193e-01	   5.3930141454480174e-01	   6.0649447578127380e-01	   5.5103036168289965e-01	   6.2961444884360152e-01	   4.6646918003132726e-01	   3.3166885834732529e-01	   3.3494611295168858e-01	   2.9821438615036228e-01	   1.7908746441913720e-01	   2.3324873407723196e-01	   2.1285298953894280e-01	   2.3296248863184527e-01	   3.1719197296207585e-01	  -8.3738918131431278e-02	   2.3151685153180643e-02	   5.3178435226977894e-01	   4.3405288849802709e-01	   4.6287313456393930e-01	   5.2838250828599742e-01	   2.3327308475151345e-01	   2.9178053278239596e-01	   2.7638891294980417e-01	   3.1324207284745542e-01	   3.0122609224698843e-01	   3.1122363135149045e-01	   1.9730742150480413e-01	   1.6204943418985324e-01	  -5.1199741682251970e-03	   1.6498490732002694e-01	   5.3179345790057864e-01	   5.2739674380760027e-01	   5.3418288549826676e-01	   4.3621203684830701e-01	   2.7781106173299974e-01	  -8.8211907573959719e-02	
   5.6541980271034564e-01	   3.9818115520018693e-01	   3.9615646017522410e-01	   4.8633677404586750e-01	   1.3613017728829419e-01	   2.4979040983715345e-01	   5.0484721156185874e-01	   5.2383009878645836e-01	   2.9745132623752302e-01	   2.4364521203995126e-01	   4.5817044550452946e-01	   0.0000000000000000e+00	   3.2147717814299753e-01	   7.5074285547875419e-01	   2.4579682373246364e-01	   4.8229173499327627e-01	   6.7544843501230545e-01	   4.9807120835614371e-01	   5.9256127139332893e-01	   5.9479778218556378e-01	  -6.6712866592992054e-02	   3.1859372449031964e-01	   1.2674881036804311e-01	   2.0650396994398623e-01	  -1.2513420362250208e-01	  -9.9629251902958682e-02	  -3.7415611180791446e-02	   7.6459635734495018e-02	   5.6700700216133171e-01	   5.4452055225042884e-01	   4.0410061491360155e-01	   3.3614529198408949e-01	   4.4023657069844563e-01	   3.3651248587556376e-01	   8.7186152402268499e-02	   2.2171662787457941e-01	   4.0299007775418150e-01	   2.9500428646315546e-01	   2.0339857173154188e-01	   4.0613767864275524e-01	   4.5966245417516366e-01	   5.9504318294961522e-01	   2.8523386601328549e-01	   2.7537544125141583e-01	   3.3887799248818762e-01	   4.6466810509274492e-01	   4.6018330024781029e-01	   5.1823734816457512e-01	   3.5144528007783943e-01	   4.7668864052081283e-01	   3.8835920431926607e-01	   4.9579996916800168e-01	   4.5438197520756984e-01	   5.2573895082277866e-01	   5.1508285879522875e-01	   5.9342995036254931e-01	   2.4477601974905205e-01	   4.0575634334039778e-01	   2.8896595565405314e-01	   3.7206027991359814e-01	   3.7364325300979861e-01	   5.0844843727917377e-01	   5.8281963166174389e-01	   6.2567707303914921e-01	  -9.5567424677139939e-02	   1.5135277603643468e-02	   2.6086067163803311e-01	   4.4757193547639029e-01	   3.3310311521756136e-01	   3.9784815519950967e-01	   4.3298048852732612e-01	   2.2540898385444624e-01	   5.6629250824240662e-01	   5.8695634109371353e-01	   4.6407942056184293e-01	   5.3531688992007087e-01	   4.2951353406581261e-01	   6.3140925064770170e-01	   5.1991420698735402e-01	   4.2519840068096976e-01	   7.1838697734613843e-01	   5.5611208778055443e-01	   5.8815700156587503e-01	   6.9914935020739566e-01	   4.8405750455648305e-01	   5.1062568615156634e-01	   6.5812835386925547e-02	   1.3350798370928510e-01	   2.2893831390457553e-01	   4.5897486809493693e-01	   4.3006352397107583e-01	   9.6892176495785035e-02	   3.3407684492551404e-01	   1.1062832396952932e-01	   5.2200901141726971e-02	   2.1653409175765276e-01	   4.5701828697845048e-01	   4.1019124051037009e-01	   6.0932950574758660e-01	   5.8906705851991592e-01	   3.3232203668979265e-01	   1.1813557133166977e-01	   2.7301115617658034e-01	   1.2519923918135048e-01	   1.5423555524282126e-01	   1.4638089868036794e-01	   3.5751690989444357e-01	   4.4220353293524292e-02	   6.1837084098155470e-02	   4.9599614010674302e-02	   3.7321105062916565e-01	   4.7868878952167737e-01	   4.3787035615936365e-01	   4.9714296964034577e-01	   4.7440788877052759e-01	   1.7342737994037083e-01	
   1.5414172140141699e-01	   1.1427956719218241e-01	   5.3159306637336345e-01	   3.3352046165849303e-01	   5.3689672032657287e-01	  -3.6862085703822189e-01	   6.8312454157241020e-01	   4.1485184779910811e-01	   5.0808584692234837e-01	  -2.0117159153801845e-01	   7.5071014753058285e-01	   3.2147717814299753e-01	   0.0000000000000000e+00	   5.2787139365199220e-01	   7.5747461118416970e-01	   4.0638966995477477e-01	   3.4076671420169824e-01	   5.8508411023139062e-01	   6.5769448480316439e-01	   5.4696655361077384e-01	  -2.1883768023530137e-01	  -2.5286796191825663e-02	   4.9985065569624015e-01	   3.8966497135220668e-01	   2.6706857777679599e-01	  -2.8141217906406846e-01	   1.2693125907542036e-01	  -2.2166428961888487e-01	   3.5141522826161031e-01	   3.1609900404629188e-01	   4.7941707710074577e-01	   4.9357296002128093e-01	   5.8602490467460566e-01	   6.9958360870179248e-01	   6.3242195650096267e-01	   5.6768667265502404e-01	   5.6920937928580984e-01	   5.7212755060014875e-01	   5.4764775197574633e-01	   3.1556236199903925e-01	   5.2558045120605856e-01	   2.5701037300197105e-01	   5.6103923297205516e-01	   6.5023216357138647e-01	   5.5194403944715820e-01	   5.3630708994083265e-01	   5.8878737057677155e-01	   6.5914818937686981e-01	   3.8334849659458164e-01	   3.8242943925141248e-01	   4.5296136423563799e-01	   3.6995345380982159e-01	   1.5239451936803811e-01	   2.3979383097087340e-01	   4.5508531398966012e-01	   4.8944433608791160e-01	   2.7124212521119662e-01	   1.7768320027961648e-01	   1.4660379211058039e-01	  -1.0102949709136663e-01	   1.6942906644248854e-01	   2.2166588895951428e-01	   3.1489995276278410e-01	   2.5320283893159579e-01	   3.6381304132919579e-01	   4.1920329482475988e-01	   5.4220744467419979e-01	   4.8175123354380134e-01	   3.4766617468221028e-01	   3.7450802905457742e-01	   5.1954364635587313e-01	   7.4332910346121861e-01	   5.3700669018495351e-01	   6.0367467822286758e-01	   4.1331137067506485e-01	   4.5237451903696757e-01	   6.7687857916872018e-01	   4.6343462857820761e-01	   4.5612756639474783e-01	   6.1506563546395299e-01	   4.4145398417812992e-01	   5.5892071609392024e-01	   6.3548557520791904e-01	   5.7823025061212618e-01	   6.8869809407220739e-01	   5.2032214323167980e-01	   4.6449840474398180e-01	   5.0447957052587611e-01	   5.3861406348719765e-01	   2.9855397780317244e-01	   4.5585650882734230e-01	   3.6390264814142481e-01	   3.9844471286178407e-01	   5.0869661209218653e-01	  -2.0128461265523978e-02	   4.3502120038906272e-02	   6.3458717807805165e-01	   4.8416072720583758e-01	   5.6673248047686631e-01	   6.3948259061958435e-01	   4.0739753424452263e-01	   4.3463529520058009e-01	   4.4853443827269968e-01	   4.6059463223999197e-01	   4.1564825299443153e-01	   4.0182774700056528e-01	   3.2236685399451886e-01	   2.0269159241845613e-01	   4.5075925207637035e-02	   2.8271191959910980e-01	   6.3659857681156051e-01	   6.2916127829842328e-01	   6.5781319399764338e-01	   5.0260279664001239e-01	   2.6040237898343266e-01	  -5.4629738518532867e-02	
