   0.0000000000000000e+00	   5.3353357192037343e-01	   1.9132313720955865e-01	   1.8791528503549790e-02	   1.2148600297171226e-01	  -1.7264966038022939e-02	   4.7614957105438194e-01	   3.2520928530811989e-02	   2.9890524171205635e-01	   4.8768469107810875e-03	   6.6327492084284967e-01	   2.6784889031095277e-01	   5.7309052520665849e-01	   3.3236994127541319e-01	   4.9345088676177040e-01	   2.8255620050837732e-01	   2.8062629874557554e-01	   1.7982857417120088e-01	   5.7011947588018974e-01	   5.0061813158293078e-01	  -8.4372343859993260e-02	  -7.7173962281950434e-02	   3.7434481898881322e-02	  -1.9210295576577138e-01	  -9.7885920744315680e-02	  -2.9718886948335399e-01	   2.1972259098116681e-01	   7.0209042295001953e-02	   2.7248804922680170e-01	   1.4126918318292400e-01	  -2.6173424552721669e-01	  -3.5682465956694287e-01	   3.9605807773957266e-02	  -2.1425503186049626e-02	  -5.3291983721045033e-01	  -5.0816069569870082e-01	   7.6218176891595024e-03	   1.8432149345414137e-02	   3.7289023428933504e-01	   2.8883111601118799e-01	   2.8474254683198197e-01	   9.7784298668522576e-02	  -5.9709252687462550e-02	  -2.0212840199762500e-01	  -2.3221888480402270e-01	  -1.9935829168971184e-01	   2.7747691409774945e-02	  -1.6707876207123773e-02	   1.2519127964040791e-01	   2.0725065458681716e-01	   2.1635655974496187e-01	   1.6225299503895685e-01	   1.6851641950590812e-01	   1.0615341253990801e-01	   4.2638842896600659e-01	   4.5977499471343541e-01	   5.8362609924258491e-01	   3.5481696619888486e-01	   3.2720405857810742e-01	   2.2001302046723104e-01	   5.7384452842912237e-01	   1.1059235191738526e-01	   6.5382518906247755e-01	   3.3733482024920119e-01	  -1.4849892867234082e-01	  -3.4796778487326191e-01	  -2.1443720856290083e-01	  -2.9149201877569703e-01	   2.8086863637156584e-01	   4.1669941465625182e-01	   2.0733616030337651e-01	   1.2440855669647269e-01	   4.5368717676950254e-01	   3.3533618441564600e-01	   3.4996391085036754e-01	   3.8981895184747101e-01	   3.7507523658889397e-01	   3.0473230066197732e-01	   2.0286226256254057e-02	   9.5252666344754475e-02	   1.4745003403009455e-01	  -1.3319557184277483e-01	   4.7318707141522709e-01	   2.2806525739367981e-02	   2.6048132061175489e-01	   6.4646723252296145e-02	   2.0466033975235320e-01	   9.8452954728414505e-02	   4.2162530600693326e-01	   4.5265411989402865e-01	   1.3120831002778693e-01	   3.3196695227208095e-01	  -2.8857391045532463e-02	   2.0218745681464934e-01	   3.0769028695756123e-01	   3.5840061244520716e-01	   1.3512120491411195e-01	   1.8970526015274303e-01	   2.6768301115087501e-01	   5.0272641451429023e-01	   9.3661749392016713e-02	   5.0158575692630780e-01	   1.3010019574608586e-01	   4.1645140930199553e-01	   7.6420698835228423e-02	   2.7068678724540779e-01	   2.6401214092508274e-01	   2.8444901873923406e-01	   7.7190792728163635e-02	  -7.3048613721562239e-02	  -2.8953341835531604e-01	   1.6337321599751209e-01	   2.7788513774882384e-01	  -1.6809228900905632e-01	  -6.4215160065806798e-02	   2.5822670499141709e-01	
   5.3353357192037343e-01	   0.0000000000000000e+00	  -1.0734901360946539e-01	  -1.7227762344659801e-02	   9.7897171324958440e-02	  -5.1435698529881869e-02	   5.4183888029262384e-02	  -7.6639168441931776e-02	   1.5179136388620304e-01	   4.6718484432195721e-02	   5.1765486317321627e-02	   6.8468355958406071e-02	  -3.6310459459183955e-03	  -1.1079390476612853e-02	   1.2642998393078697e-01	   8.9413270750156024e-02	   5.3882264070487029e-01	   6.2683831167299131e-01	   3.2233498248577758e-01	   5.1879889505799603e-01	   1.8065024905126292e-01	   1.8724278276860445e-01	   9.5493045191919590e-02	   2.5245381268199613e-02	   6.0146342484227372e-02	   5.7390082449045463e-02	  -6.7636861687319208e-02	  -7.8578195558253752e-02	   2.9549515627595446e-01	   3.5418440318398881e-01	  -9.2189684226814020e-02	  -1.3617606583342709e-01	   2.8114476552255202e-01	   2.3556652361326164e-01	  -2.3574367214435776e-01	  -1.8958832721519070e-01	  -1.5580257980260877e-03	   1.4676113400637195e-01	   2.0058679932995813e-01	   1.7426614493815967e-01	   4.1526836811035783e-01	   2.5963282272435961e-01	  -1.3759312387293696e-01	  -1.8788637248262255e-01	  -1.3734590742475611e-01	  -4.8533749834274609e-02	  -7.1202605752264548e-03	  -4.4297800698628223e-02	   1.4728239958742664e-01	   3.0645137207152484e-01	   5.7536289040505277e-02	   1.7030952385659154e-01	   3.2146276036205229e-01	   3.7165137388931607e-01	   2.5906833562829013e-01	   2.8776335702204558e-01	   5.6674936059597003e-01	   5.8718568621824496e-01	   1.1217300356810773e-01	   1.5274804781092161e-01	   4.9480780007391006e-02	  -4.0281903710505745e-02	   9.6378466816430378e-02	   2.0795530625780217e-01	  -1.1095208390781902e-02	  -1.5065228004980677e-01	  -1.5125735384007766e-01	  -1.2968069809800925e-01	   4.9643139193910590e-01	   2.8575159383577564e-01	   1.1056344322020867e-01	   2.0098315869445771e-02	   5.8688792343986207e-01	   5.3334103160177626e-01	   4.1179771049929137e-01	   5.2821214788572934e-01	   2.1963918620326570e-01	   1.5870164047084179e-01	   3.3905911623370283e-01	   5.4569889102746860e-01	   2.7834977031454472e-01	   2.1102792604745216e-01	   1.3492989863077220e-01	   1.7994753023048404e-01	   1.3371487228656215e-01	   3.0597029863840899e-02	   6.3635021687588431e-02	   2.1687010761965064e-02	   1.1694987234662438e-01	   2.5265375201383966e-01	   2.6303448007333963e-01	   3.3585316668351495e-01	   1.5033933068649513e-01	   2.0546307320718943e-01	   2.6995262443646101e-01	   4.3275511505235659e-01	   2.2575372006492961e-01	   1.8046244462754157e-01	   3.5305639729065497e-01	   4.1354335890889704e-01	   8.1629523035082752e-02	   3.3760453324683132e-01	   1.2108093429259414e-01	   2.4737622986537613e-01	   2.5338959062439537e-01	   1.5224170057919487e-01	   2.3191559318352134e-01	   1.9651535444290114e-01	   1.5070448869567737e-01	  -4.6717215526516998e-03	  -1.6952841119958456e-01	   3.0455933423489279e-01	   3.6422774741693775e-01	   4.0340573608479514e-02	   7.3860077860925466e-02	   1.3700944372313159e-01	
   1.9132313720955865e-01	  -1.0734901360946539e-01	   0.0000000000000000e+00	   4.3845235524458404e-01	   5.4431011072946500e-01	   1.6391830772892804e-01	   7.6088716119643485e-01	   1.6900225140451489e-01	   6.0686837703845609e-01	   9.7508937917739291e-02	   3.4496812259067100e-01	  -2.0932826165765223e-01	   4.5205590885465841e-01	  -1.8493470990548336e-01	   6.5366300101110020e-01	   3.0910866605323906e-01	  -1.5942740518135493e-01	  -1.7161872964560193e-01	   5.6089011552370516e-01	   2.1168807972979362e-01	   4.8922713826700914e-01	   3.4768242305283070e-01	   7.2554936813749749e-01	   5.1615443725367927e-01	   5.7150323603737607e-01	   4.2563868561851032e-01	   5.0801363603806426e-01	   4.4304124036767883e-01	   2.3762807451870660e-01	  -2.3837130520210914e-03	   5.7780913239687737e-01	   4.0988431134995429e-01	   2.9839474746887307e-01	   1.6739351398165842e-01	   2.6725324183532539e-01	   1.5945538857188291e-01	   2.9565489722298338e-01	   3.9942687372832802e-01	   5.0401250743467019e-01	   3.7547992568476973e-01	   3.8204772123262190e-02	   2.7092748882039878e-02	   8.0025690667021809e-02	  -9.4469674009245413e-02	   3.4688148457089389e-02	  -9.7954319398365963e-02	   1.3213336470461554e-01	   5.4056469335136796e-02	  -1.5407811215740447e-01	  -3.5818970777993964e-01	   1.6290067158817637e-01	  -1.6138706381984694e-01	  -3.0512396348373683e-01	  -1.8140752663634743e-01	   1.8760249834017545e-01	  -1.7184958546716145e-02	  -2.6916942005956462e-01	  -2.9904707335696584e-01	  -1.5611599745275340e-01	  -2.9362955019735243e-01	   2.1920321578709756e-01	  -8.0127073655172382e-02	   1.2463641321437935e-01	  -2.8981894110690049e-01	   4.4263794453385119e-01	   1.2595032550059340e-01	   2.8604420097240324e-01	  -1.4118201136394556e-02	   2.3121851217325051e-01	   2.4382449140913048e-01	   4.0483191651861483e-01	   4.0104424561597207e-01	   3.0184780860511873e-01	   9.7612878496946526e-02	   3.6772730262223896e-01	  -5.2408136131152395e-02	   3.5975474692702170e-01	   2.1606779697017944e-01	  -1.5759312223071728e-01	   1.8377150243415588e-02	  -9.3725519111286182e-02	  -5.0353473501217640e-02	   3.6337602361713472e-01	   2.3141127584468957e-01	   2.9919830593824637e-01	   3.3205768021273299e-02	   2.0695258748533002e-01	   1.9826782021392783e-01	   6.2104925437241287e-01	   4.3123834995344340e-01	   1.8925104178350566e-01	   4.7696234762504591e-01	   3.9268340429596782e-01	   7.2935463332100026e-01	   2.1304857980390046e-01	   2.7489319280787328e-01	   2.9000661603434863e-01	   1.2612859730344927e-01	  -4.8654371691450968e-02	   6.8280045527550931e-02	   5.9738748725449542e-02	   4.1644558882616650e-01	  -1.3946220527839914e-01	   1.6827596342176171e-01	  -4.5014164903142778e-02	   2.4363287017868185e-01	   9.7524894481792523e-02	   8.7563058290449899e-02	   1.7797107528906378e-01	   1.1950774472687337e-01	   1.6292775896725123e-01	   1.4455528479689647e-01	  -6.9946649936074468e-02	  -2.6406897698340021e-01	  -2.6079451825394367e-01	  -7.2311293933928864e-02	
   1.8791528503549790e-02	  -1.7227762344659801e-02	   4.3845235524458404e-01	   0.0000000000000000e+00	   7.0499606804086368e-01	   7.4661633503373670e-01	   3.7724116784043127e-01	   8.5119737049923450e-01	   2.5633498157896656e-01	   7.2504049250000502e-01	  -7.1904092752631835e-02	   3.5578970726318004e-01	  -3.8949061012786917e-02	   2.2100240307728414e-01	   5.8621044609216022e-02	   4.6995416457239908e-01	  -1.6581184028757134e-01	  -1.8738773142947895e-01	   4.0843015013848440e-02	   1.2208374736667371e-01	   5.6544958178837001e-01	   5.6685340973040665e-01	   1.4475118087776342e-01	   4.8242638535763571e-01	   4.0351741821830095e-01	   6.0243047061919208e-01	   4.8211661297829533e-01	   5.2125867692391648e-01	   1.8710706359222579e-02	   1.6432994704724285e-01	   5.1133212065798994e-01	   6.5327300818762946e-01	   3.2345944566297025e-01	   4.2698369024082261e-01	   3.7402983235643400e-01	   3.8398745206004464e-01	  -9.3438813958104799e-02	   2.0088124656171824e-01	   2.9301878332788467e-01	   4.0946209210993989e-01	  -5.1771155664105103e-02	   1.8680729530664522e-01	   2.0836030592056576e-01	   7.7553622037555350e-02	   2.6284076880957458e-01	   2.7751066363566307e-01	   1.6764125095071142e-01	   1.0859822311052054e-01	   1.0229761140972912e-01	   3.7487982075086169e-02	   2.7273370588877688e-01	   2.9281218054008207e-01	   8.9840326940548970e-02	   1.5087320786810379e-01	   2.8520847314765903e-02	  -1.1425189652281129e-02	   3.6311361309465162e-02	  -8.1965916868228808e-02	   9.1799102792637824e-02	   3.4672458519693133e-01	   3.1740822715925382e-01	   5.9272092299761958e-01	  -3.8498358091669467e-02	   1.0107312012575877e-01	   2.5154707776388958e-02	   4.0316059771773727e-01	   5.9802253176415898e-01	   6.3442062249512965e-01	   9.8443831651443645e-02	   3.4519692588565021e-01	   4.2246061735527718e-01	   5.4882344149339679e-01	   9.8753288620692867e-02	   2.2111446993305794e-01	   2.6065422896567053e-01	   2.6320804086762195e-01	   2.6532170653249315e-01	   4.1448700377008157e-01	   7.8681030265606286e-02	   2.5934420277585822e-02	   9.5246313644604050e-02	   1.1925201434714111e-01	  -4.3043558294883523e-02	   1.2763372023875630e-01	   9.2057472861492434e-03	   2.7943711893103507e-01	  -2.8848061566452587e-01	  -3.4453037921828643e-03	  -1.0110080930949443e-01	   3.7954035989595963e-01	   5.1392579394169435e-01	   1.4272688363464070e-01	   5.5788675313269387e-01	   1.5648210438496302e-01	   1.3870079739696503e-01	   1.7298222135912661e-01	   1.7455614178876186e-01	   2.3900198914810988e-01	   1.9598359619266861e-01	   6.7156943931784008e-02	   6.1951506133132472e-01	   1.5713499751069449e-01	   2.0535635114263440e-01	   1.5264927796621253e-01	   2.5035142815216627e-01	   9.0554642011942618e-02	   2.1722849874808356e-01	   9.6349148319703856e-02	   2.3594871620629204e-02	   1.1463392471176934e-01	   2.1298054926226029e-01	   1.3083872575401390e-01	  -3.6985615399443787e-03	  -6.1060316599982262e-02	   1.3802490811855767e-01	   1.1334609965586769e-01	
   1.2148600297171226e-01	   9.7897171324958440e-02	   5.4431011072946500e-01	   7.0499606804086368e-01	   0.0000000000000000e+00	   8.0537776359024549e-01	   5.1920161682203392e-01	   6.1971301428537962e-01	   5.0350513174353961e-01	   6.9455180695277274e-01	   9.0705984481519175e-02	   2.4214439122755815e-01	   1.6663072996720363e-01	   1.9037856603668896e-01	   3.7038106059450904e-01	   6.3247058510557996e-01	  -7.9337815628018393e-02	  -6.2649962434624590e-02	   3.5923168451060039e-01	   3.6165782867147167e-01	   5.5504497447930456e-01	   4.7597593568892121e-01	   2.9830353354342065e-01	   3.8999974391655956e-01	   3.6674123800374908e-01	   4.4093015026225268e-01	   5.9937277044644433e-01	   5.1453771112429747e-01	   2.0005625299853302e-01	   2.0457627181097177e-01	   4.4667966486898514e-01	   4.3002482126705377e-01	   1.8883130512436122e-01	   1.8110639193344766e-01	   2.3012654987054615e-01	   1.8269195836205548e-01	  -5.6155984227805135e-02	   1.5154641264443314e-01	   3.5818333832032773e-01	   3.3635897306344420e-01	   1.7478938999653235e-02	   7.9487039387001787e-02	   2.1996653073723488e-01	   1.0758333191687123e-02	   3.1815746640963039e-01	   2.8330045481670324e-01	   1.7033927655630815e-01	   8.1307877183300820e-02	   1.9974590450144242e-01	   7.0487973684730351e-02	   2.3496160543807626e-01	   1.3869969656230757e-01	   8.6301387250678943e-02	   1.4774794373055575e-01	   1.2067694822054685e-01	  -2.2860273503630103e-02	  -6.9509170097997203e-02	  -4.8462928679960382e-02	   5.0030240835794923e-02	   2.7318787807607148e-01	   3.3967726271446003e-01	   3.5044096556818138e-01	  -4.7375482464516283e-02	  -2.1636899209336962e-02	   5.1305204824579079e-02	   1.7614623124141876e-01	   5.2020353303822930e-01	   4.1439728342157245e-01	   2.0966787409977194e-01	   4.2118783891626821e-01	   3.5528317737662962e-01	   5.0705172288728706e-01	   2.7168148151802929e-01	   3.0132088377292787e-01	   4.2696452532905782e-01	   2.6252112978568820e-01	   3.5791701411134619e-01	   3.5016940641324534e-01	   6.4764342759969701e-02	   1.7066416210012819e-01	   1.0396512641624669e-01	   7.8162063902350615e-02	   2.1294808140341859e-01	   1.6319245602962454e-01	   4.5023186117664579e-02	   1.0299882025875763e-01	  -9.7808545742637948e-02	  -5.5701640689628119e-03	   1.5737556970997221e-01	   3.8286998246656401e-01	   6.1823080578879752e-01	   4.5234491165147450e-01	   5.7475680030739462e-01	   4.0353293776076776e-01	   1.1930107450280650e-01	   2.0710606828064904e-01	   1.8521841112196724e-01	   1.1378744622990239e-01	   2.7604107290191765e-01	   1.4921380426369019e-01	   5.1147825741441610e-01	   3.6026358240399659e-01	   1.9245562775640224e-01	   2.6034518706587695e-01	   2.2751601976773450e-01	   1.6372323541699346e-01	   3.1836284732625436e-01	   2.2249979558852764e-01	   4.1855740874719605e-02	   7.5362453247381195e-02	   8.7285023529137362e-02	   2.5355202759697315e-01	   1.3277700843022372e-01	  -6.3332722542410347e-02	   6.9827987205003578e-02	   8.6499557844505595e-02	
  -1.7264966038022939e-02	  -5.1435698529881869e-02	   1.6391830772892804e-01	   7.4661633503373670e-01	   8.0537776359024549e-01	   0.0000000000000000e+00	   1.0594326316413891e-01	   7.1501710821272202e-01	   1.3365409240835249e-01	   8.6702727689464898e-01	  -8.6841414874687869e-02	   4.8204262288854360e-01	  -6.9906674306596098e-02	   4.3308665747841146e-01	  -5.9893164283552444e-02	   5.7369750927243912e-01	  -1.2099926927430774e-01	  -1.7476594237030393e-01	  -4.3178840715580813e-02	   1.2780969021459659e-01	   4.7185597730127449e-01	   5.0596810159380423e-01	  -1.0784614374830245e-01	   2.3544010767550400e-01	   1.1641400683846827e-01	   3.7292561799091484e-01	   5.4814527252202028e-01	   5.4335308557512108e-01	  -4.3207199315016945e-02	   1.5542145078743774e-01	   2.5673692776853285e-01	   3.9946388396133148e-01	   1.1690659173678450e-01	   1.6794259822216417e-01	   2.4148278189079025e-01	   2.7448215256729092e-01	  -8.3182874157458148e-02	   1.5133662904293982e-01	   2.9319511691229860e-01	   4.5072848804800980e-01	   7.8306926038376329e-03	   2.1773268806555499e-01	   3.0726705595975368e-01	   1.8430819784052235e-01	   4.4555602952529250e-01	   4.8578181741602144e-01	   2.4620500283016883e-01	   1.8084181685281592e-01	   3.3004571408938022e-01	   2.5030947599751319e-01	   3.3256329519668854e-01	   3.6444255412167470e-01	   2.1703708616165973e-01	   2.0284863941130016e-01	   1.3829213522591829e-01	   9.6280632029299623e-02	  -5.8426421745241073e-03	  -4.1589575484377986e-02	   1.8048044294699900e-01	   5.2267195541548972e-01	   2.8118026168830756e-01	   5.3648483165532379e-01	  -1.5374097613432586e-01	   7.4186765996305165e-02	  -2.4179628407024037e-01	   2.4120561645198826e-01	   5.8513871957254571e-01	   6.6794806761303116e-01	   6.8674597715636332e-02	   3.1982585549611930e-01	   2.8494511930377925e-01	   5.2329471846832609e-01	   2.4761061187967594e-02	   1.7859763614968210e-01	   2.3700251059108901e-01	   2.6487938193158722e-01	   2.3986374351870210e-01	   3.9146014993801043e-01	   1.1791833021655720e-01	   8.0600307639587643e-02	   1.9078998546776771e-01	   1.2490994002218989e-01	  -3.8193780861192544e-02	   9.6780809526147898e-02	  -1.4553908736256532e-01	   2.0063559889057941e-01	  -2.6939752373700993e-01	  -4.1530477462088100e-02	  -1.9737680723919365e-01	   3.5979202686884071e-01	   6.3578658929971377e-01	   1.3324097441949920e-01	   5.5156146591171440e-01	  -7.5209086230343660e-03	   5.8105200331883787e-02	   9.4623962226892067e-02	   1.8667089513475310e-01	   2.3534736103604459e-01	   3.2940065441085747e-01	   8.0785341827454241e-02	   6.8794184218451593e-01	   1.1033899320844878e-01	   3.5535690368058337e-01	   2.4448797244723039e-01	   4.0757678618897708e-01	   1.6744557014064043e-01	   3.6719292131675330e-01	   2.4915601835470966e-01	  -5.2850722854960674e-02	   1.2691841058153092e-01	   1.7561241943085670e-01	   1.9995056311073900e-01	   1.2911947753848085e-01	   8.4929170271757962e-02	   2.7129595914976390e-01	   2.1765943667452342e-01	
   4.7614957105438194e-01	   5.4183888029262384e-02	   7.6088716119643485e-01	   3.7724116784043127e-01	   5.1920161682203392e-01	   1.0594326316413891e-01	   0.0000000000000000e+00	   3.8459093497630770e-01	   7.3287409442222540e-01	   1.5107856341778617e-01	   5.4121216402542238e-01	   9.3362918081803831e-02	   6.1739561266139642e-01	   2.0383838705837126e-02	   8.2181315590813264e-01	   5.0635469314271453e-01	  -1.6861409183444712e-01	  -2.0339680955105233e-01	   6.6492374475566896e-01	   3.9020281833002779e-01	   1.3808022659358854e-01	   8.1425884587904528e-03	   5.2491464177687797e-01	   3.1461115796225447e-01	   3.7867038147982651e-01	   1.4809676997550292e-01	   3.6507159953024837e-01	   2.2301811850734482e-01	   3.3243257768664586e-01	   8.1848440772917738e-02	   3.2339543915307994e-01	   1.9198804551711107e-01	   1.1448500648443097e-01	   1.0599989454359718e-01	  -2.5850700352598770e-02	  -1.0970812953351106e-01	  -6.3086420791701958e-02	   8.0919439159695512e-04	   2.5549994249166463e-01	   1.2026088153763691e-01	  -3.8083242851248769e-02	  -1.0972527590238201e-01	  -3.4554647364439736e-03	  -2.7361403082009739e-01	  -1.4970666150574108e-01	  -2.5287147586501191e-01	  -3.9114510303832201e-02	  -1.5191739176146429e-01	  -1.4855731598543026e-01	  -2.4195129958422606e-01	   6.2048556147367998e-02	  -1.6072430783413183e-01	  -1.6733025918886257e-01	  -9.1492375144650001e-02	   8.2059164042624491e-02	  -4.5274108461669280e-02	  -4.9848391738451278e-02	  -1.8942113875334204e-01	  -3.2904669847910892e-02	  -7.5676097578094709e-02	   5.8831113358077147e-01	   2.4537389237069390e-01	   4.4438793835015794e-01	   5.6363827456782763e-02	   3.5317336942997618e-01	   4.6810726767896813e-02	   9.8444304989054737e-02	  -1.4955732114539522e-01	   1.7996986278700755e-01	   4.6695387250023512e-01	   2.1074225651131237e-01	   1.6434288194628932e-01	   3.3184387471079879e-01	   1.8817000024962285e-01	   3.5411881172764548e-01	   1.6455722498994468e-01	   2.9060526306028694e-01	   2.0484933474627637e-01	  -2.6657194892547847e-01	  -9.4519837795166470e-02	  -7.9551703719196398e-02	  -1.7947435598667766e-01	   5.6440432231047222e-01	   1.3795958981026135e-01	   4.0627855451513922e-01	   6.8353071242427829e-02	   2.1899777273185683e-01	   8.9586081309512816e-02	   6.3083404934729792e-01	   4.5913923896844766e-01	   1.4801669391571584e-01	   4.7052379967778646e-01	   1.9190839095736492e-01	   5.6779840588814734e-01	   2.5890298133756984e-01	   2.6594999196243374e-01	  -8.1879891612495759e-03	  -1.1782218337464748e-01	   1.0939082785782317e-02	   1.6359872276499782e-01	   7.1982881750601052e-02	   4.5956316731321967e-01	  -9.0803169811312062e-02	   1.4258197363861325e-01	  -2.6599931774202945e-01	   1.5960085995019010e-02	   1.1016535370926608e-01	   5.0840023317754120e-02	   1.6115969328089502e-01	  -4.3711639521544665e-02	  -2.4884420171287941e-01	   5.0330355914960073e-02	   9.4817395874717825e-02	  -2.4143347812240623e-01	  -1.5346054833251865e-01	   1.6608467863144715e-03	
   3.2520928530811989e-02	  -7.6639168441931776e-02	   1.6900225140451489e-01	   8.5119737049923450e-01	   6.1971301428537962e-01	   7.1501710821272202e-01	   3.8459093497630770e-01	   0.0000000000000000e+00	   2.5126798593334010e-01	   7.8518902204446106e-01	  -4.9955482229208967e-02	   6.3993488957399902e-01	  -1.0172272556051309e-02	   4.5075921166552507e-01	   2.4302654639464235e-02	   6.1799639158400677e-01	  -2.0002240239445729e-01	  -3.0877488744822901e-01	  -4.9529917606560253e-02	   1.4329320874379786e-01	   2.6840952270062490e-01	   3.1929080239337604e-01	  -1.0290043179454926e-01	   2.6460374145325671e-01	   1.9086701380849727e-01	   3.5285035974756240e-01	   3.0868086529161554e-01	   2.8869808415674325e-01	   5.8517827530002009e-02	   2.4917630290841530e-01	   3.0044019930436838e-01	   4.8154266025597936e-01	   1.5007426300260165e-01	   3.4704517318164319e-01	   2.0523339392688564e-01	   2.2115770033829102e-01	  -3.3312575010105894e-01	  -9.5280454693158559e-02	   1.5698211390435309e-03	   1.5576310972560292e-01	  -1.4202723585291707e-01	   8.9187345265052370e-02	   1.7347973511642162e-01	   3.1939267085666641e-02	   2.1314836049710234e-01	   2.5941652371193091e-01	   4.0603265043724662e-02	  -3.5972165284345763e-02	   1.7627985627185155e-01	   1.7685542435662660e-01	   2.2577287257411466e-01	   3.2275618475177636e-01	   2.2538779871056844e-01	   2.3241046080393443e-01	  -1.0362427853797146e-01	  -1.1233548480072120e-01	   6.6276192092870070e-02	  -9.6823161831830262e-02	   2.2116216153761531e-01	   5.3703714785897305e-01	   4.9346955110696106e-01	   7.8095259168953468e-01	   1.3185734535756891e-01	   4.0418728411276339e-01	  -1.3064593371153499e-01	   2.9877306454009556e-01	   5.2916936439103079e-01	   6.1465174489427488e-01	  -4.5472794354294653e-02	   4.0884813790931990e-01	   2.2003292969136662e-01	   3.2884608949249866e-01	  -1.7745760600021549e-02	   2.0739783586628535e-01	   1.2176811640260050e-01	   2.8659100227909517e-01	   1.4890720609936059e-01	   3.2772384848266867e-01	   7.4008433106780534e-03	  -9.9281070116163023e-02	   1.1683434016393049e-01	   3.9480654991229880e-02	  -1.3815784097236973e-02	   7.4367242636678484e-03	  -8.4003991110157744e-02	   2.0404660832786961e-01	  -3.6552942842790737e-01	  -1.8693221409238633e-01	  -2.4152589263906757e-01	   2.3652190895739889e-01	   4.8310885993438912e-01	   5.5359364071511902e-02	   4.0453122633994176e-01	  -5.7955546820520051e-02	   9.8146446626970016e-02	   3.0175469951920979e-02	  -7.9577559308503215e-02	   7.6606415189925834e-03	   1.8476516060954853e-01	   1.1352241017224521e-02	   6.6167315338665578e-01	   1.1591481425496836e-01	   2.7789841563943962e-01	   9.8193910310953758e-02	   9.0078362094897932e-02	  -1.3612967513092694e-01	   2.5802236040174170e-01	   9.8051917976093084e-02	  -9.3533285213774159e-02	  -9.2280388454026756e-04	  -7.3087572599801268e-02	   9.7599698862980526e-03	   7.6335240587373732e-02	   4.3311836315308265e-02	   2.6331995935514418e-01	   1.3226153106304245e-01	
   2.9890524171205635e-01	   1.5179136388620304e-01	   6.0686837703845609e-01	   2.5633498157896656e-01	   5.0350513174353961e-01	   1.3365409240835249e-01	   7.3287409442222540e-01	   2.5126798593334010e-01	   0.0000000000000000e+00	   3.0238230203872907e-01	   4.6134511491949359e-01	   1.9429358145678019e-01	   6.0282907311217815e-01	   1.4490643145032672e-01	   7.3812291145348219e-01	   3.3378598035488882e-01	  -2.5190202989452382e-01	  -2.9622678754145976e-01	   4.6944667393141315e-01	   2.3543585455128183e-01	   2.2783746613111500e-02	  -8.1083411239193492e-02	   4.5278859649970615e-01	   2.2554263297797028e-01	   2.1726835178788245e-01	   8.3090992451602896e-02	   1.6799080379410569e-01	   4.9247328050913017e-02	   1.7242634328312284e-01	  -8.6434445137146793e-02	   1.5794058720248888e-01	   4.0842489301592400e-02	   4.3911499057257483e-02	   1.8929887304212488e-02	  -3.0557433494099978e-02	  -1.1424049009452078e-01	  -2.4274589416837446e-02	   4.0992261056078054e-02	   1.8662086090049623e-01	   5.5190528774439279e-02	  -6.9854277444064569e-02	  -1.9629043534288626e-01	  -2.8584516838743712e-01	  -5.1005749472886308e-01	  -4.1125340095990148e-01	  -4.6117385105919922e-01	  -3.3795447314892557e-01	  -4.2730416137571270e-01	  -1.7661943194022245e-01	  -7.3675498372184234e-02	   1.5769371980612862e-01	   1.2240386376432710e-02	  -2.2828927491431832e-02	  -1.0524512824251349e-02	   9.6306896735615724e-02	  -3.7244260589859510e-02	  -5.2446821815164621e-02	  -6.5186549956674611e-02	   9.5954376084107826e-02	   6.8198971963529045e-02	   5.8883043968979609e-01	   2.9267210198607335e-01	   2.7989978698598272e-01	  -2.8675144216651821e-02	   2.8390853385240278e-01	   9.4449391148195519e-02	  -9.7167521545146421e-02	  -2.5231106723882590e-01	   2.7579967426334157e-01	   4.8532392845322758e-01	   6.7957233965784583e-02	   3.8597705047766120e-02	   2.5005105385759613e-01	   1.1363429766701133e-01	   3.6928405054283031e-01	   2.0194254798112442e-02	   3.0271872743674239e-01	   1.2160197209065410e-01	  -2.4717820005518773e-01	  -2.0710307575841774e-02	  -2.2258498650530950e-01	  -2.6617467051544524e-01	   2.9100582957979770e-01	  -1.5817505907896451e-01	   1.9485461324795411e-01	  -1.7712795002305154e-01	   4.7461811209444760e-02	  -1.2176470264059314e-01	   6.2278419081662795e-01	   4.0208106909353780e-01	   1.8268208789183885e-01	   4.7735676760049195e-01	   2.5537416507014193e-01	   6.8915609119418919e-01	   3.5173912064918067e-01	   3.6651344966195565e-01	  -2.1687217375936929e-02	  -4.6971398214212541e-02	  -1.1794949810253394e-01	   1.2872833692076582e-01	   7.5584488822005136e-02	   5.8374394045655520e-01	  -1.1726920258980383e-01	   1.6606019338604136e-01	  -1.9596921555475319e-01	   8.3675291200816931e-02	   1.7712707407089409e-01	   1.7628227210315664e-01	   2.8273780932016779e-01	   6.1140396139448688e-02	  -2.7227770543799346e-01	  -1.1583651344812793e-01	  -2.1703418475613349e-02	  -2.5556233213418211e-01	  -1.3371102575646338e-01	  -2.2950235135178321e-01	
   4.8768469107810875e-03	   4.6718484432195721e-02	   9.7508937917739291e-02	   7.2504049250000502e-01	   6.9455180695277274e-01	   8.6702727689464898e-01	   1.5107856341778617e-01	   7.8518902204446106e-01	   3.0238230203872907e-01	   0.0000000000000000e+00	  -8.8120454970001830e-02	   6.1546824465748495e-01	  -4.4229339677652468e-02	   4.8734772296670420e-01	  -1.2502452183401477e-02	   6.0693423507888300e-01	  -1.4189478953840012e-01	  -1.9474193001747997e-01	  -1.0897542175119540e-01	   1.0659118150922699e-01	   2.9124626948585214e-01	   3.3870535188585238e-01	  -1.3200498560628959e-01	   1.7964681032180102e-01	  -1.3341598133254622e-02	   2.7383832847724132e-01	   2.8743361347112167e-01	   2.6297565204457390e-01	  -2.3365587313572823e-03	   2.2646264037122674e-01	   1.7521345208214176e-01	   3.4642776778894324e-01	   1.1834734438999878e-01	   2.3545304784075999e-01	   1.5729451916857887e-01	   1.9333858041851285e-01	  -2.7485620181709675e-01	   5.5330115368608504e-02	   9.7309207289777128e-02	   2.8968639045091371e-01	  -7.7017785900837396e-02	   2.0134977543965343e-01	   1.8623352330435203e-01	   5.8993230670407820e-02	   2.6882213212014200e-01	   3.4222206037158065e-01	   7.6661640887243809e-02	   1.0868021877183274e-02	   3.5935122705809885e-01	   3.9616620127006236e-01	   3.9518823379266560e-01	   4.8026856764070514e-01	   3.4454030407671221e-01	   3.4928225444315014e-01	   4.9588915059244863e-02	   3.0921218844061134e-02	   9.9971437535782595e-02	   5.4995877328355765e-02	   3.5023193157849986e-01	   6.5221626571331570e-01	   4.4537794910749584e-01	   6.9878820024121557e-01	   4.3928996879864318e-02	   2.9232352242244219e-01	  -2.1578481440179487e-01	   2.4116304694335675e-01	   4.6556196173459263e-01	   5.7839021816624459e-01	   1.1907944963576717e-01	   4.7813494191169353e-01	   1.6898132658651244e-01	   3.3084868666460443e-01	   6.5367158780863183e-03	   2.3475111970297979e-01	   1.9911531748688555e-01	   3.1405022593539778e-01	   1.6303447438555380e-01	   3.5514914841047313e-01	   1.3090648099462285e-01	   8.7047746382007726e-02	   1.9849766506249183e-01	   1.3503495563758941e-01	  -2.8413116513258382e-02	   1.5356803684236597e-02	  -1.2551140833646782e-01	   1.2612989294457316e-01	  -3.0191481370972112e-01	  -2.1393017834810324e-01	  -1.5468158056302955e-01	   3.4645432870671594e-01	   5.7542192049078378e-01	   1.6123712036236315e-01	   4.2419173190997073e-01	  -2.5154696613113266e-02	   1.6890774458259933e-01	   1.2502041136374931e-01	   1.4874161199561940e-02	   1.2334859313127178e-01	   3.3266986006693999e-01	   1.4031390891394077e-01	   7.0481003518561769e-01	   1.7889132088557724e-01	   4.0304516165307513e-01	   2.5391811454032936e-01	   2.1834495743578641e-01	  -4.7422819826612679e-02	   3.9434318316669903e-01	   3.1534384923115699e-01	  -9.7767900323418241e-02	   9.7828761203613470e-03	  -4.5931564842214015e-02	   8.4460897843693261e-02	   1.4139621910454392e-01	   6.3017163845932311e-02	   2.3576298736054044e-01	   7.9283970228511302e-02	
   6.6327492084284967e-01	   5.1765486317321627e-02	   3.4496812259067100e-01	  -7.1904092752631835e-02	   9.0705984481519175e-02	  -8.6841414874687869e-02	   5.4121216402542238e-01	  -4.9955482229208967e-02	   4.6134511491949359e-01	  -8.8120454970001830e-02	   0.0000000000000000e+00	   2.3566843360043754e-01	   8.8322944460632735e-01	   4.4495717960213399e-01	   5.8360507343518053e-01	   1.0148211624222050e-01	  -5.1138003063832232e-02	  -2.0435675873894568e-01	   5.1267024737936528e-01	   1.4582783690539317e-01	  -2.7753939574092545e-01	  -2.8422036111266019e-01	   7.3013868562569001e-02	  -2.5856504831773697e-01	  -1.7041021946412255e-01	  -4.6216417345916572e-01	   2.1621730874667239e-01	   5.4699776249900509e-02	   9.9112577223333873e-02	  -1.8632535399321798e-01	  -2.8283839019516910e-01	  -4.3062511530842945e-01	  -3.6550463924187826e-01	  -4.4720462009347928e-01	  -4.3018488615099726e-01	  -4.8286187867510777e-01	   9.7927402049126255e-02	   9.3953213766601214e-03	   1.7282921185565187e-01	   1.1680014589098986e-01	  -6.9455191856647100e-02	  -1.9893557141447829e-01	  -1.1742721096527058e-01	  -1.9552562762316833e-01	  -4.2570410210434051e-01	  -4.4486889291012033e-01	  -5.7209981999571620e-02	  -2.0838737818787062e-02	  -1.5395993760642221e-01	  -1.5231042919363650e-02	   2.3475441889828219e-01	   8.0451150188124695e-02	  -2.0393682135828133e-02	  -1.0349741978369761e-01	   3.5549309139896268e-01	   3.7381817296204334e-01	   2.1716130155032454e-01	   4.4899090313881708e-02	   1.6176005966099821e-01	   6.8180966581233529e-02	   6.6114919543856587e-01	   8.5467412256100245e-02	   5.2365121818251270e-01	  -3.7687390424843766e-02	  -4.3458494934095787e-02	  -2.2519481424480428e-01	  -3.7774723787219355e-01	  -4.4737005130109619e-01	  -7.7533498392170025e-02	   2.2478106892578939e-01	   1.7513748327145900e-01	   1.1125845058629075e-01	   1.5641783373723295e-01	  -5.0493309955397588e-02	   2.4062836989435726e-01	   9.2540816526643799e-03	   3.9841231032039548e-01	   2.7939926374021562e-01	  -2.9580808471581077e-01	  -2.5842032641547497e-01	  -1.6138169069001745e-01	  -3.5697861074064441e-01	   4.8003310604454424e-01	  -1.0433998339962858e-01	   2.2896347986383342e-01	  -1.0554909510111339e-01	   3.1196733583300862e-01	   1.0543464061425829e-01	   5.6071494877483496e-01	   3.4996844319664322e-01	  -8.9365108054173595e-03	   3.7869201664706315e-01	  -1.6724041652131466e-01	   3.0841505826891225e-01	   1.6425283675894314e-01	   2.1334909763499127e-01	   3.4248138342871159e-02	   7.1812386451148680e-02	   4.6752356198813738e-02	   4.3410375718775729e-01	  -5.8976202007920128e-02	   4.9885720504520553e-01	  -3.8367573401533257e-03	   3.5229141380932277e-01	  -7.9556835896310116e-02	   3.7494839874445829e-01	   1.7066103901340235e-01	   3.1081141222740211e-01	   2.3014742206582267e-01	   8.5359746071307002e-02	  -2.1975862755021533e-01	   6.5832467173272124e-02	   1.2320410709259896e-01	  -2.4014485646102757e-01	  -1.3763810747725154e-02	   1.5243989961191243e-01	
   2.6784889031095277e-01	   6.8468355958406071e-02	  -2.0932826165765223e-01	   3.5578970726318004e-01	   2.4214439122755815e-01	   4.8204262288854360e-01	   9.3362918081803831e-02	   6.3993488957399902e-01	   1.9429358145678019e-01	   6.1546824465748495e-01	   2.3566843360043754e-01	   0.0000000000000000e+00	   2.1439645459304418e-01	   7.8905088707946425e-01	   1.4665682577395745e-02	   5.4568335527090206e-01	   3.1418072311376583e-02	  -2.2441043037123459e-01	  -1.2665891664446860e-01	   1.0182598744493003e-01	  -7.7728062403271569e-02	   1.5304788437035286e-02	  -3.4341479222952986e-01	  -1.0289655350703478e-01	  -2.1336902082460713e-01	  -9.2534765109217765e-02	   7.5825572726842302e-02	   2.2024249691402577e-02	   1.4086356737495784e-01	   2.7292748863780586e-01	  -1.1469155431354498e-01	   4.6694048771157987e-02	  -1.9355128589396104e-02	   1.2206002219323174e-01	  -1.6425887577682524e-01	  -1.1443020981607653e-01	  -2.7164635524060782e-01	  -1.6930189386406022e-01	  -7.0268766867493324e-02	   7.5045626879845395e-02	  -7.4081282012735353e-02	   1.1485074074342922e-02	   4.8652650402950859e-02	  -2.3450653735905887e-02	  -3.0856270810608127e-02	   1.0738486423536424e-01	  -4.3221700924398073e-04	  -9.1138010476201958e-02	   3.7010649031387666e-01	   5.1667808066503484e-01	   4.2039456386864515e-01	   5.3562408159066777e-01	   5.1418810189523123e-01	   3.4410889279566192e-01	   5.2595734883711866e-02	   1.0415282327694973e-01	   3.1511509820470118e-01	   9.3274055008602197e-02	   4.9881323125124377e-01	   6.9339169289316283e-01	   5.7622229456620622e-01	   6.6861352130464047e-01	   3.9592019603320860e-01	   6.0994210694165263e-01	  -3.8870473710660725e-01	  -1.1116215591040205e-02	   1.0111722689592487e-01	   2.7483441020404487e-01	  -8.8279943501836988e-02	   3.1893028622064318e-01	   1.6000593543967506e-01	   1.6351199615036077e-01	   3.8926339878064146e-02	   2.5064445430404314e-01	   1.1692168899321280e-01	   2.9906171810922710e-01	   3.0556633779213693e-01	   4.1300162515925887e-01	   7.5952780409538956e-02	  -7.1147331843535930e-02	   2.5136103595389253e-01	   6.7024670945093207e-02	   9.8417496255467307e-02	  -7.8343301286156380e-02	  -1.3896460397178120e-01	   1.0414162185753914e-01	  -2.5821017156916526e-01	  -2.2792801267499924e-01	  -2.1936802539978612e-01	   1.9065140598399641e-01	   3.8569418039793596e-01	  -3.3276319140360819e-02	   1.6222098386509995e-01	  -1.9047863897578893e-01	   4.9155773662352263e-02	  -1.8115386815865980e-03	  -1.5381765243923273e-01	  -9.6197846211979535e-03	   2.3322498682245280e-01	   1.3598202631630402e-01	   5.3662957071956341e-01	   1.3284910211530032e-01	   3.6544837068200542e-01	   2.5304080391153599e-01	   1.7810006353706215e-01	  -1.0191750752145522e-02	   4.0887632391925532e-01	   2.7930878567865003e-01	   1.3589743630133972e-02	   6.8339308303002583e-02	  -2.0996430309127867e-01	  -7.2537041227232674e-02	   1.9773807368142907e-01	   1.9908523041125925e-01	   4.9623142458234426e-01	   2.0661735935735098e-01	
   5.7309052520665849e-01	  -3.6310459459183955e-03	   4.5205590885465841e-01	  -3.8949061012786917e-02	   1.6663072996720363e-01	  -6.9906674306596098e-02	   6.1739561266139642e-01	  -1.0172272556051309e-02	   6.0282907311217815e-01	  -4.4229339677652468e-02	   8.8322944460632735e-01	   2.1439645459304418e-01	   0.0000000000000000e+00	   4.5327671608941417e-01	   6.9685386366423674e-01	   2.2171262039193429e-01	  -1.3003044383327134e-01	  -2.4663325144445233e-01	   5.1756395221632179e-01	   1.7433964264386373e-01	  -1.8458218446587438e-01	  -2.3517140974271059e-01	   1.3420416933319645e-01	  -1.7026902341902939e-01	  -1.5094690587420179e-01	  -3.6309781809007624e-01	   1.8446471534789968e-01	   3.5307930504360617e-02	   2.1550822316357263e-01	  -1.1944206339913557e-01	  -1.8912775587763572e-01	  -3.3717571966896775e-01	  -2.4397866957340397e-01	  -3.3574655252520241e-01	  -3.8829308186951916e-01	  -4.1248424822059088e-01	   1.1083827902167356e-01	   5.0210292905596088e-02	   1.9888990586676006e-01	   1.2781719835191768e-01	  -7.3680851750599866e-02	  -9.6340913645928963e-02	  -1.6485253993493032e-01	  -3.0592402713601252e-01	  -3.8224099797949163e-01	  -4.2358036489233458e-01	  -7.7462215933672363e-02	  -9.7803556861377039e-02	  -9.3826991186186759e-02	  -4.3607965009108102e-02	   3.4824992825454071e-01	   8.3723320025013009e-02	   2.3158640248870530e-02	  -9.7487186810584464e-02	   3.9205592463583766e-01	   3.0759481822888979e-01	   1.4683782177090837e-01	   1.3867761506743372e-02	   2.6102981551318927e-01	   8.2923468255613808e-02	   6.7151051743400247e-01	   2.8137567247583088e-02	   5.3953252643575911e-01	   1.7369501979510382e-02	  -3.8117310846733810e-02	  -2.4197274206386699e-01	  -2.4060962232168864e-01	  -3.8980712138346069e-01	   4.3253842530667622e-02	   2.9613477576653652e-01	   1.2417979245771391e-01	   1.1164646339449324e-01	   2.1841479340032111e-01	   3.6106612282269954e-02	   2.6868150612246477e-01	   4.6215871021645760e-02	   4.0484628029871433e-01	   2.7735853013322243e-01	  -2.8611072380821367e-01	  -1.9763396763687291e-01	  -1.0240468847416526e-01	  -2.8678289157887088e-01	   4.7396365869828211e-01	  -1.6800379776755896e-02	   1.8839098789982422e-01	  -9.9357376742564674e-02	   2.2476360330989317e-01	   7.2949081931111548e-02	   5.9867694936862947e-01	   3.2244432419148156e-01	   5.6921294202292305e-02	   3.9439929545042923e-01	  -7.5469794954049887e-02	   4.1541244215454859e-01	   2.6858081651109983e-01	   2.2938961327415497e-01	   1.2651730338200451e-01	   1.1499736715621145e-01	   4.6319431563883171e-02	   3.3517037098844454e-01	   2.1212895988378541e-02	   5.7733630825345861e-01	   1.3340492403673923e-02	   3.5615638733509153e-01	  -8.3181985177738199e-02	   2.4518600777534738e-01	   2.6965281358279736e-01	   3.6286364996016762e-01	   2.0351102011365543e-01	   7.3394777807373399e-02	  -2.3199341157152475e-01	   2.7986398194605022e-02	   9.7631323936453296e-02	  -2.1972497317656892e-01	  -6.5315356731378196e-03	   1.5534337780785684e-01	
