   0.0000000000000000e+00	   6.7052894054131973e-01	   6.3851865606506186e-01	   4.9934794687825468e-01	   4.6403867913880958e-01	   2.9066116422546873e-01	   6.1282007219553247e-01	   4.2596162527336967e-01	   5.8135286675931486e-01	   4.1495904975812564e-01	   7.7844836657026795e-01	   4.7874292953231667e-01	   6.3359457058209767e-01	   3.9354799236636495e-01	   6.4043017913618094e-01	   5.0623169299182547e-01	   5.0806059934429559e-01	   3.2605317931745936e-01	   7.4489690718953472e-01	   6.2330649058110765e-01	   3.0562247959380506e-01	   2.4597960633026722e-01	   4.1683095891028088e-01	   4.2501270538195923e-01	   2.3420876931308182e-01	   1.5680888611188432e-01	   4.6669540418504624e-01	   3.4321063566130888e-01	   2.1373832932963321e-01	   1.6214533890595528e-01	   3.9284663904349165e-01	   3.4059317349942386e-01	   5.1589126609953806e-01	   4.1296419522578881e-01	   2.6662500499351227e-01	   2.1254203799864602e-01	   1.7840238964263289e-01	   1.1557613222888308e-01	   2.4914256724577349e-01	   2.2685805298122186e-01	   1.9685360983889055e-01	   2.9026341688385821e-01	   7.8741480262207647e-02	   9.9302598953680835e-02	   1.3006573038609276e-01	   1.8495683879771743e-01	   1.6077079167561087e-01	   2.3280795833146412e-01	   2.6929335472768834e-01	   2.7075740521263358e-01	   4.9278250844975174e-01	   3.7914281625096902e-01	   3.4918122328442786e-01	   4.4468630161777267e-01	   3.7076781037137735e-01	   4.1084296945830528e-01	   5.1466127296996644e-01	   5.4926848764047165e-01	   5.2222231416537623e-01	   3.1847095458191416e-01	   6.6316124268274601e-01	   2.5863158229266869e-01	   2.0695634826032538e-01	   2.8789097343040704e-01	   4.8884724329815332e-01	   4.3514219162534873e-01	   5.0213799197756115e-01	   4.8522304790909349e-01	   5.4143623142422403e-01	   6.0180686195559663e-01	   3.7187478333858831e-01	   2.9352064713109616e-01	   6.3705401395141870e-01	   3.8546574715498494e-01	   6.5064073556444713e-01	   5.4636793405685236e-01	   5.5364656238586984e-01	   4.2326529199249235e-01	   3.4455820680567517e-01	   3.6901929910997749e-01	   4.8229047832910399e-01	   4.2594507870085918e-01	   6.3264979736461036e-01	   3.6805515635341424e-01	   6.4675223929155112e-01	   5.6489943270892262e-01	   4.2320044674233231e-01	   4.0483506115602230e-01	   6.3025959792104103e-01	   6.3325907975014673e-01	   4.8814100398441207e-01	   5.9971432959990500e-01	   5.6334886017537922e-01	   6.3349806320278113e-01	   8.1152832860256791e-02	   5.3254568163727901e-02	   3.5888392259339397e-01	   3.9307102862893850e-01	   4.8133757250488685e-01	   5.2660675721782046e-01	   5.4175666187545757e-01	   7.1511077164949777e-01	   4.8738408782836695e-01	   6.2221775692454595e-01	   3.7263595256864657e-01	   2.4817636473545035e-01	   5.3885217074547276e-01	   5.3113369306687819e-01	  -9.4664894839874808e-02	   1.6749132670077321e-01	   3.0291468519297804e-01	   4.9393626461525264e-01	   4.6722290515836401e-01	   5.3607798916840665e-01	   4.0680122980836297e-01	  -7.9741620822440934e-02	
   6.7052894054131973e-01	   0.0000000000000000e+00	   1.6094111328963900e-01	   4.2661905238887626e-01	   2.2739596582983254e-01	   2.9368188044728649e-01	   9.5633600909407729e-02	   2.2934558359839774e-01	   2.8906053911788288e-01	   2.6763898696682581e-01	   3.2281194970915650e-01	   4.8934630406461849e-01	   2.3556735862028391e-01	   3.8140910779529069e-01	   4.0910455556648012e-01	   4.9448465109117545e-01	   6.3022871527207280e-01	   6.8717031195783185e-01	   5.1602081645382525e-01	   5.3856265692232386e-01	   3.7767411979206900e-01	   3.9338786586771063e-01	   2.4608061400977077e-01	   3.7388751198338088e-01	   3.1614907803093539e-01	   3.6851486545902856e-01	   4.7817410064680821e-01	   4.3228255822579020e-01	   3.0342771030041771e-01	   4.5480148474782955e-01	   3.3498225787620078e-01	   3.0479966132967523e-01	   4.5874431594175336e-01	   4.0701064943684334e-01	   2.2838919028838806e-01	   2.3835345979305142e-01	   2.4367108163115944e-01	   2.5883175440832973e-01	   2.0411460449119906e-01	   3.5684826626386112e-01	   3.3729904695980506e-01	   5.0123832231685228e-01	   2.1371632190216378e-01	   2.5790916717877438e-01	   3.1271898801959042e-01	   4.0592929746499451e-01	   3.6764868544667600e-01	   4.3135954945703731e-01	   5.2628435199456103e-01	   5.1569213850250639e-01	   4.1634549314667574e-01	   4.1372526749665062e-01	   4.7665141971833713e-01	   4.9737013615942216e-01	   3.4076366649498019e-01	   5.0004256293075411e-01	   8.3643041576285193e-01	   8.7521469503253313e-01	   3.6784317090660479e-01	   4.9560653642210012e-01	   3.3856083754121685e-01	   2.8794712468499750e-01	   3.0351934810535453e-01	   4.7583315085594835e-01	   1.0980266548507273e-01	   1.6903488363693703e-01	   2.2376427171882823e-01	   4.2465497053295842e-01	   5.1643697786890608e-01	   5.2795645559078075e-01	   2.6728201974317989e-01	   4.2633467990821666e-01	   5.9361318973599753e-01	   6.1499730843901390e-01	   5.4106562821888726e-01	   5.7128968749573428e-01	   5.5694462388161270e-01	   6.7177885425454864e-01	   5.9972542040656462e-01	   6.6444023335383262e-01	   5.7957820226420687e-01	   5.6979331952227008e-01	   5.9782171409174645e-01	   4.9012183656083047e-01	   3.4413130945205089e-01	   4.9036797263253690e-01	   4.4635481351489426e-01	   5.2831490466150266e-01	   3.2425527295270495e-01	   5.3219024567306483e-01	   3.9259229444568683e-01	   2.2752529279336142e-01	   3.5913204669585330e-01	   2.3345690658684862e-01	   1.4622453134734140e-01	   1.6238098122140826e-01	   3.9838819694207783e-01	   4.4493365928134559e-01	   5.4620465084979786e-01	   5.0317868560456158e-01	   4.0154559199971263e-01	   4.0189333602209942e-01	   4.3412258699531781e-01	   4.1601271818278135e-01	   2.9429192187911557e-01	   5.1145261929594954e-02	   4.1036038911290584e-01	   3.4437522211468063e-01	  -4.9745765578593719e-02	   1.6375484393823433e-01	   3.5293960502957705e-01	   4.2595334960739883e-01	   3.5857590762877967e-01	   5.1700482306867346e-01	   2.8779650287340142e-01	  -1.4079291652589887e-01	
   6.3851865606506186e-01	   1.6094111328963900e-01	   0.0000000000000000e+00	   6.7310783826551746e-01	   6.8129799051788043e-01	   2.4994082492146114e-01	   8.6785350094009817e-01	   5.2046185168275405e-01	   6.3018820950357946e-01	   4.7294697022936882e-01	   6.5962546782590448e-01	   2.1192280479088263e-01	   5.7371836678790000e-01	   1.9064806024217645e-01	   7.1245679694328212e-01	   5.1036544465421863e-01	  -1.6866489282417402e-03	  -1.1697578083796227e-01	   7.0650091183947694e-01	   6.0841396904339018e-01	   6.6682485864688612e-02	  -1.2142851556217564e-03	   7.6424749136574921e-01	   6.3022275871855526e-01	   3.3759244899031959e-01	   1.3696599362176515e-01	   5.5453211077536357e-01	   3.2721514283863185e-01	  -1.2363721681341791e-01	  -1.2253652638230275e-01	   6.3628233950216373e-01	   5.8521677480728151e-01	   4.5472998397358055e-01	   3.9559577489283176e-01	   4.7647946012063225e-01	   3.2263742868566503e-01	   5.4146392605653624e-03	  -1.3217557125651602e-01	   1.7177609457175452e-01	   9.0301314188051013e-02	  -1.4915396872664766e-01	  -1.1576518106070299e-02	   1.0804793236837155e-01	   5.7464933953849121e-02	   7.8537839509267113e-02	   1.0524243793316099e-01	   6.3878322233511170e-02	   1.5427294410232356e-01	   5.1746603049229040e-02	   9.0625083854614943e-02	   2.6600089610562383e-01	   2.0502072932933979e-01	   8.2387886309357228e-02	   3.5167000787735958e-01	   2.0162408149322705e-01	   1.7453191772541021e-01	  -4.4482074618465983e-02	   1.0805754700165066e-01	   2.3651482293458304e-01	   2.7325170725612580e-02	   4.1311843450037622e-01	   3.6280358164933031e-02	  -1.5888609113804109e-01	  -7.6325305543170477e-02	   8.5356764606389135e-01	   6.0098865712432936e-01	   5.2974834354884226e-01	   4.0804283223115961e-01	   3.4371417467801563e-01	   4.8631794963727021e-01	   2.9775880010799527e-01	   8.1779809445492180e-02	   2.5829707119386858e-01	   6.9424764849361359e-03	   3.7085262641445227e-01	   3.0452361244774667e-01	   3.3809738437980741e-01	   6.2643671695275169e-02	  -1.1117011864671131e-01	  -2.2785521015941952e-02	   6.4723948744746476e-02	   1.1613579582253664e-01	   5.0818649210928368e-01	   3.0208163376767511e-01	   7.0520312898878290e-01	   5.0631278273567748e-01	   4.2003311925035536e-01	   3.7716722148538934e-01	   8.3993152015376593e-01	   6.4053067337112091e-01	   4.2447813205682489e-01	   6.7747978637303152e-01	   6.6666961585201490e-01	   8.3326978912390404e-01	   1.7812174680242782e-01	  -5.4350959375577851e-02	   2.5058382984538430e-01	   1.8242751135565199e-01	   2.7976723815673887e-01	   3.8319837997694417e-01	   4.6314115243332921e-01	   7.6343489372189810e-01	   3.1400088935416387e-01	   4.4704633069681649e-01	   2.5703204454094863e-01	   2.8525594927452469e-01	   5.1400987534023612e-01	   5.1803228680311331e-01	  -6.5917908602875677e-02	   7.6963354743006029e-02	   2.4540841120082169e-01	   4.5582473753849828e-01	   3.9328264281302905e-01	   3.3676921067967019e-01	   3.6822846988301461e-01	  -5.9177606567869787e-02	
   4.9934794687825468e-01	   4.2661905238887626e-01	   6.7310783826551746e-01	   0.0000000000000000e+00	   7.0715732953802468e-01	   5.6597206371126407e-01	   5.6078054191667814e-01	   7.5512694305299988e-01	   6.0595662415171359e-01	   7.1064833301848229e-01	   4.4151499462950833e-01	   4.5983052190914075e-01	   3.0956544904288763e-01	   3.6149191468699027e-01	   6.6332486786622058e-01	   7.1799009928221880e-01	   1.6531430887443072e-01	   9.3782568181407094e-02	   7.6666837622817041e-01	   8.1960393302527801e-01	   2.6994138385778077e-01	   2.8171264078768921e-01	   6.1876252536411491e-01	   7.2243289502919772e-01	   3.1903462388185616e-01	   2.4273810768022636e-01	   6.1178253926830162e-01	   4.2172560458735031e-01	   2.9517162540395523e-02	   2.5284240385189072e-01	   7.1316019984599466e-01	   7.8324660224191123e-01	   6.1696506973417720e-01	   6.8566164973182775e-01	   5.8329429656048215e-01	   5.3356414620254211e-01	  -2.2636673962780060e-02	  -4.8187831305705066e-02	   7.7141897079154503e-02	   2.0788715473227032e-01	  -7.7019752899480487e-02	   1.6600493381431153e-01	   1.9130280921952428e-01	   1.6938057715145405e-01	   2.1929924120689354e-01	   3.7248662659408743e-01	   1.9428875349198427e-01	   2.8903606543514626e-01	   2.4003837542787249e-01	   2.8174980144133610e-01	   1.0837690054104049e-01	   1.5432748053064521e-01	   1.6876132966536911e-01	   3.0051800269683554e-01	   1.2468104611063008e-01	   1.4173411540466299e-01	   1.9801414632751957e-01	   3.1474520480575052e-01	   2.0016173430194109e-01	   3.7122605262871761e-01	   3.3734058330498728e-01	   3.3581956933270651e-01	   4.9139328550107247e-03	   1.5151406267405088e-01	   5.6933606694917804e-01	   6.9805148410549955e-01	   4.8666349901675965e-01	   6.4230625676453346e-01	   3.8923108894532854e-01	   5.6430043441735744e-01	   1.9131164746330351e-01	   2.3844143063000839e-01	   3.8697077065893404e-01	   3.8689640287438143e-01	   4.7790639168729082e-01	   5.6355645610641658e-01	   4.3772264537975897e-01	   3.2619272933861093e-01	   1.2952795710285658e-01	   1.8212536199863372e-01	   3.1801386713038626e-01	   3.3754659424313121e-01	   6.4097764097890109e-01	   5.2035744334786049e-01	   6.1006070679162028e-01	   6.3460846582979435e-01	   5.2248651403743074e-01	   5.4670633265459956e-01	   6.7856329956268269e-01	   6.7277586210348794e-01	   6.3366937350866337e-01	   5.3757232512104036e-01	   8.1780263796216690e-01	   6.5126839068280407e-01	   2.5324072854804902e-01	   1.5482685792927986e-01	   2.4609176283207859e-01	   3.0820527410192444e-01	   4.4677529568803231e-01	   3.7128960322094395e-01	   6.9190556472067088e-01	   6.5414042085530888e-01	   5.7278882242902851e-01	   4.4671181603989185e-01	   3.9303236761825044e-01	   1.9160017880283811e-01	   6.5813801548348172e-01	   4.9351265134541045e-01	  -1.9410700448075944e-02	   1.6555294417025825e-02	   3.7203055463932500e-01	   4.9805506720014403e-01	   4.5124637323969019e-01	   4.1509610768888744e-01	   3.3891564696200560e-01	  -4.4139529781494130e-02	
   4.6403867913880958e-01	   2.2739596582983254e-01	   6.8129799051788043e-01	   7.0715732953802468e-01	   0.0000000000000000e+00	   7.1868996749820857e-01	   7.2555518429944987e-01	   6.6354258831766011e-01	   7.5246825893494318e-01	   7.5224484701491257e-01	   4.5853914087758485e-01	   3.0190748725707267e-01	   4.6019249963028613e-01	   2.6704393645716779e-01	   6.9241822259520713e-01	   6.0683418287896185e-01	  -1.3805974514902127e-02	  -3.0806758113848587e-02	   6.2689776303846112e-01	   6.4972769013679299e-01	   1.7183159264818912e-01	   2.0014814109000059e-01	   5.2076668505677648e-01	   4.5610576759861687e-01	   7.9047527015977892e-02	   1.6725031853081863e-02	   5.8157262916852037e-01	   4.3767569362721886e-01	  -1.1154692969563989e-02	   1.4548660686233283e-01	   5.0804186349490443e-01	   5.2102719521256691e-01	   4.5869179805234062e-01	   5.2464110767232253e-01	   3.3538752034353436e-01	   2.6193852820256380e-01	   8.5829608134333324e-02	  -7.3999161021671700e-02	   1.6293761303851143e-01	   1.6716702421812518e-01	  -7.1822606643591219e-02	   1.6834793362223524e-01	   1.5665656613899237e-01	   1.6044306539970599e-01	   2.1660864804485022e-01	   2.7623378513856445e-01	   1.4160840368692088e-01	   2.2306912895922104e-01	   2.3175442084647957e-01	   3.0075306224708553e-01	   1.7794021957874712e-01	   1.8226047587296840e-01	   1.7912054510863806e-01	   3.5146486141520217e-01	   1.2919133273606481e-01	   1.1698645406013125e-01	   2.1260238297257358e-02	   1.5680334726275375e-01	   1.6279992196718435e-01	   2.2129016481025493e-01	   3.7966745221893233e-01	   3.1185150626186958e-01	   9.2620844178762339e-03	   1.4280168790834671e-01	   5.6052451240031975e-01	   5.7645563976206715e-01	   3.4920565139122584e-01	   3.9181373085426985e-01	   1.9691238995884641e-01	   4.1282844519645934e-01	   1.0514889271356673e-01	   1.4509970406952444e-01	   2.0836540887952146e-01	   2.1532053605352786e-01	   3.1103167458340941e-01	   3.3844689446635323e-01	   2.0690183620528729e-01	   9.0228337607316467e-02	  -7.4636813249546324e-02	  -2.2819363450969901e-03	   1.5156752838418569e-01	   2.3851489083367794e-01	   4.6071133510662227e-01	   3.8826003119868013e-01	   5.1175190044544849e-01	   4.7967256835421579e-01	   4.1612393910168688e-01	   3.5016386098518198e-01	   6.8730074284900800e-01	   5.8863197211582585e-01	   5.9611724158303669e-01	   5.7965682512268468e-01	   7.0637199084381841e-01	   6.5652430837352072e-01	   7.2043470429697415e-02	  -1.4439523854801826e-03	   9.7831212884731983e-02	   1.0853284509679832e-01	   3.6737755453398474e-01	   3.2697199644791725e-01	   5.8733641397892156e-01	   6.4725538136697969e-01	   4.5755169471861989e-01	   3.9118788562018120e-01	   3.0882831540869277e-01	   2.0201134930603132e-01	   5.3948917303345612e-01	   3.9266109160293639e-01	  -8.6054544107181330e-02	  -1.0971248170275710e-01	   1.3157789067177611e-01	   4.0742390826679453e-01	   3.9088395327322567e-01	   3.0448160482966713e-01	   3.2207419969101336e-01	   1.8555278315226874e-02	
   2.9066116422546873e-01	   2.9368188044728649e-01	   2.4994082492146114e-01	   5.6597206371126407e-01	   7.1868996749820857e-01	   0.0000000000000000e+00	   3.2390761974769605e-01	   5.8505159862848277e-01	   4.6245837021861069e-01	   7.3766653098790180e-01	   2.4096598148328033e-01	   3.7285620613139864e-01	   1.9992408970666586e-01	   2.9951635084662220e-01	   4.1405725645905189e-01	   4.8703905714194673e-01	   1.6572619990184925e-01	   1.2215610139598057e-01	   4.4270915020863583e-01	   4.5563234796850449e-01	   3.2613469548417151e-01	   4.7338201129992658e-01	   2.4503497498936899e-01	   3.0062638861425528e-01	   2.8976065465482629e-03	   1.6983037912813920e-01	   4.5885672037420722e-01	   5.2428072856493857e-01	   1.4656821901844894e-01	   3.5730199824643749e-01	   3.6451276277927885e-01	   4.6559766741236419e-01	   3.4070076024182322e-01	   5.1691655095805555e-01	   1.9463808566162122e-01	   2.3893425057742398e-01	   1.3519793633360517e-02	   1.5460250377482599e-02	   1.8415635529737184e-01	   3.2427968616948966e-01	   7.2753312723150776e-02	   2.6507684056523129e-01	   8.3150612365539056e-02	   1.4300894086784366e-01	   2.6413266199732394e-01	   3.7777705935926703e-01	   1.1054828088204299e-01	   1.5067860144278872e-01	   3.2075723003090156e-01	   3.6310661516224862e-01	   1.0824115070139467e-01	   1.5270604530392354e-01	   1.7036983417725265e-01	   1.5404660183566837e-01	   9.6918322169641455e-03	   3.9640635753360354e-02	   1.5134456851850520e-01	   1.6116915262131415e-01	   7.0800929551857322e-02	   3.1386278337043916e-01	   1.9805398344276676e-01	   3.7663343530043392e-01	   1.3557435052526740e-01	   2.2286255847482345e-01	   1.2759853502419594e-01	   4.2639576206633101e-01	   1.3488401872119365e-01	   3.2547226661549422e-01	   4.9141021492439083e-02	   1.4512525423566730e-01	   1.3037267982711214e-02	   1.5194645962192177e-01	   1.9302947482420243e-01	   3.5134491621938591e-01	   2.4382962958342541e-01	   3.1145890912207441e-01	   1.5799356369691869e-01	   2.2764222458786232e-01	   1.1705487471532011e-01	   1.2530992516300271e-01	   2.6977925859593077e-01	   2.8347022701819136e-01	   4.7161578924402314e-01	   3.8462318614192281e-01	   3.2980672748763651e-01	   3.7456837920829023e-01	   4.6097383832152827e-01	   3.8834678872667761e-01	   3.3829185584904731e-01	   3.5869069805883919e-01	   3.5701054142812727e-01	   1.8300999773191734e-01	   4.5958195205186581e-01	   2.0411281256231706e-01	  -2.1510649517258471e-01	  -1.7421366261886806e-01	  -1.1442231173212337e-01	  -1.4492170990899620e-02	   1.5599253407379671e-01	   2.1904333400495309e-02	   3.6257040931654533e-01	   2.4265722613258364e-01	   2.9072715825182927e-01	   4.4367365906212257e-02	   2.4616882887787220e-01	   1.5743259563108628e-02	   2.6496894747353095e-01	   1.0505348086373387e-01	  -3.3478890384832671e-01	  -3.2251776635095275e-01	   4.2189824758430271e-02	   1.3016379065240194e-01	   9.9898154448839732e-02	   1.2016827011969798e-01	   1.0734121532739638e-01	   4.6273899732807156e-02	
   6.1282007219553247e-01	   9.5633600909407729e-02	   8.6785350094009817e-01	   5.6078054191667814e-01	   7.2555518429944987e-01	   3.2390761974769605e-01	   0.0000000000000000e+00	   6.9089336301445115e-01	   7.4124116433583354e-01	   5.5067130840792267e-01	   7.5703184537193180e-01	   4.1725692077957255e-01	   7.5855943741697740e-01	   3.9957413753495452e-01	   6.3258971258138708e-01	   4.1536652770720850e-01	   8.6024550034194514e-02	  -1.4679998005035852e-01	   6.0774254302733088e-01	   5.2438595342685979e-01	   4.0326165715351386e-02	  -1.4177246057304024e-02	   5.1887799775701637e-01	   3.9398893453399964e-01	  -1.4959277633377722e-02	  -1.7493703417028680e-01	   2.7082619361902938e-01	   8.5911938709630681e-02	   1.2476382356057039e-01	   4.4136962772208885e-03	   4.2649246391946061e-01	   3.8694668463567439e-01	   4.3405050058534927e-01	   4.2977656631435313e-01	   2.5808316820556076e-01	   1.6599013916771729e-01	  -1.5712219608545852e-01	  -2.6185274153717542e-01	   4.3296759366386623e-03	  -2.2450590061492932e-02	  -2.1920378734873158e-01	  -1.2222658702547353e-02	  -3.5740611495586119e-02	  -4.4173885832913914e-02	  -1.6220385133811606e-03	   4.5415658933202360e-02	  -3.1333618692601338e-02	   1.8245041327878044e-02	   3.4612188051339518e-02	   9.1262092562227004e-02	   3.1085485855680500e-01	   2.3225035299061014e-01	   1.5418045842342054e-01	   2.6909675846041514e-01	   1.7779837305268587e-01	   1.5629957297154137e-01	  -1.8076201868957609e-01	  -4.8842880405454245e-02	   2.8258100477530607e-01	   7.3039660978918758e-02	   6.0186713479106690e-01	   2.6305003956514728e-01	   5.0439159247846574e-02	   1.0044327424049967e-01	   6.8747765077143252e-01	   6.0254494475098097e-01	   4.6159440031042331e-01	   3.5398580156812637e-01	   1.1036756698483799e-01	   3.2087106722088499e-01	   1.8333932649539258e-01	   6.3023478289673543e-02	   2.6436363986677941e-01	   8.7990384525770404e-02	   3.4370666488089152e-01	   2.9545897045811115e-01	   2.6399552495646400e-01	  -1.7078156688937227e-02	  -1.2138311908059468e-01	  -1.4838975741099023e-01	   1.4588447598908827e-01	   1.6424631717046548e-01	   3.5720880500281732e-01	   2.5595665665026690e-01	   5.6930812842188994e-01	   4.8261683049866877e-01	   1.4706574270810907e-01	   7.8002492842313989e-02	   6.6360001587369277e-01	   5.1545793983626464e-01	   4.7923259197993706e-01	   6.0877703293227547e-01	   6.0783362331690860e-01	   7.1913516141255085e-01	  -6.4555974492453774e-03	  -6.2796222289621187e-02	   9.4665777675715657e-02	   8.1683864061080136e-02	   2.9062491868051621e-01	   3.2967597510247493e-01	   4.8796006233288353e-01	   7.2332848106059422e-01	   2.9826827332320804e-01	   4.3437941554004983e-01	   2.1258105069374772e-01	   2.0040733873791547e-01	   5.3719640671395597e-01	   4.9764742730696065e-01	  -1.0415408921257602e-01	  -5.8880595090732374e-02	   9.5006388219194202e-02	   3.3335152894768311e-01	   3.3895826607118240e-01	   1.9033223287005246e-01	   2.7641957415412943e-01	  -8.7121261425204100e-02	
   4.2596162527336967e-01	   2.2934558359839774e-01	   5.2046185168275405e-01	   7.5512694305299988e-01	   6.6354258831766011e-01	   5.8505159862848277e-01	   6.9089336301445115e-01	   0.0000000000000000e+00	   6.3876307315192793e-01	   7.3606001066262916e-01	   5.4899809727479476e-01	   7.0249587637867594e-01	   4.8907794328639981e-01	   5.8626608988058815e-01	   5.0652750877190966e-01	   4.8981431813704807e-01	   1.4856409088860972e-01	  -1.0370071521578900e-01	   5.7700566318771251e-01	   6.0224744414385434e-01	   1.8300626768832232e-01	   2.2734983409697457e-01	   2.8634528705156359e-01	   3.2665183381185803e-01	  -1.4571751693975513e-01	  -1.9643463750216181e-01	   1.9266727035456102e-01	   3.4043869647640723e-02	   2.6976844041475345e-01	   3.3143088760557560e-01	   4.0317495223724131e-01	   4.7579281042658583e-01	   4.8691697072128082e-01	   6.7699218231798652e-01	   2.5192754935437089e-01	   2.9506953096815430e-01	  -2.6176399156195951e-01	  -1.8531700706934362e-01	  -1.1845571409592129e-01	   8.4210483487370785e-02	  -2.4006248385997034e-01	   6.5370301633729394e-02	  -1.0924623179667070e-01	  -7.4364315499136302e-02	  -2.8835036827225741e-02	   1.4724127970082945e-01	  -4.3502354090236492e-02	   1.5671566605971424e-02	   7.5150141629518497e-02	   2.5151798598055147e-01	   1.6386728934032824e-01	   2.7258829569136267e-01	   2.4381379041745332e-01	   1.2965287932158695e-01	   1.0360829357996273e-01	   1.2032921600375797e-01	  -9.7647359965760142e-02	   3.0317440668941549e-02	   3.1026032636485446e-01	   4.7605777019023249e-01	   5.8740683381222591e-01	   7.1046675954317184e-01	   1.9146750007648025e-01	   3.5827318465306551e-01	   3.5079531855622392e-01	   8.2067936897800264e-01	   3.5537995688465784e-01	   5.3616122496694751e-01	   6.9129889809982609e-02	   3.1890188075511927e-01	   4.0450890200540608e-02	   1.7360398177282493e-01	   2.8102920764606037e-01	   3.8997003596016550e-01	   3.8161686800779532e-01	   4.6778748582323154e-01	   3.2925041108073128e-01	   2.6923143986304859e-01	   2.2974089807258308e-02	  -9.0293187119945259e-02	   2.8532551977751064e-01	   2.0824947141823633e-01	   4.0436582205587457e-01	   3.3120150287146982e-01	   3.8762263818754278e-01	   4.5497689642670014e-01	   1.5758828438057276e-01	   7.0958211059549844e-02	   4.3234996377151658e-01	   5.2656511034895226e-01	   5.8160607211974713e-01	   4.0783927044634388e-01	   6.3816496009780044e-01	   4.3969558201284886e-01	   1.5409158127541532e-02	   8.4060666518933291e-02	   1.3744220338823001e-02	   1.2120082595106393e-01	   3.5772171090564747e-01	   1.9346017122961090e-01	   6.0860649800088851e-01	   5.0824963034117798e-01	   4.4053855665423947e-01	   2.9724162740895366e-01	   2.7402997701955489e-01	   3.3362644453444640e-02	   6.3814499238971001e-01	   4.7546338841032848e-01	  -2.9185383557759691e-02	  -1.0657738381669553e-01	   1.3739733353033765e-01	   2.4539943258792063e-01	   2.6922821715904577e-01	   1.4059979823533106e-01	   1.3225109361794896e-01	  -1.2709852001511168e-01	
   5.8135286675931486e-01	   2.8906053911788288e-01	   6.3018820950357946e-01	   6.0595662415171359e-01	   7.5246825893494318e-01	   4.6245837021861069e-01	   7.4124116433583354e-01	   6.3876307315192793e-01	   0.0000000000000000e+00	   8.1133965088303361e-01	   6.2491564988262693e-01	   3.6296405298062306e-01	   6.0270448504132712e-01	   3.5431445194578370e-01	   7.0184049434777429e-01	   5.4009017424241457e-01	   1.1880966305044241e-01	  -4.2377722156248784e-02	   7.0463815788600792e-01	   6.4380022676149118e-01	   3.2213896074648696e-01	   2.5714827719857614e-01	   3.5631420599097641e-01	   3.4738905571764489e-01	   7.0431218728835371e-02	  -7.6605066301452585e-02	   4.2393902931508770e-01	   2.6379285766487170e-01	   3.8368832355618471e-02	   9.0245127300091932e-02	   4.0905732040332182e-01	   3.5548388513850215e-01	   4.4512153013639538e-01	   4.5376838415732884e-01	   2.2340291221630784e-01	   1.9674540461133319e-01	   5.6036176731641379e-02	  -3.6096228725220843e-02	   1.7845985154968023e-02	   1.0970896619801539e-02	  -1.4167406129374983e-02	   1.7013509059222931e-01	   1.1328920103962435e-01	   1.0245951755244966e-01	   6.5611392455979856e-02	   1.9127085725307788e-01	   1.2844719710885080e-01	   2.1136342496587793e-01	   2.1044043450757249e-01	   2.8106157936181253e-01	   2.8233979135908971e-01	   2.5820954388590134e-01	   2.8558356376332239e-01	   3.7762546642893680e-01	   1.9415430400231315e-01	   2.0860410708005855e-01	   2.2737017640825329e-02	   1.2540034392753072e-01	   3.1877414613171651e-01	   2.6848325766751091e-01	   5.3079972450056190e-01	   3.9098315026042341e-01	   6.9891259000378139e-03	   1.7025705543148262e-01	   5.0817890360965723e-01	   5.3471802504720212e-01	   3.3780657166477185e-01	   3.8312880627499951e-01	   1.5480014317899538e-01	   3.6180268913532920e-01	   1.8077872961751282e-01	   1.4723421946273405e-01	   3.4845174671873913e-01	   2.7088768452397893e-01	   4.4154899642568096e-01	   3.9149254183833193e-01	   2.4411980870036704e-01	   7.9804130426808936e-02	  -8.9139066893642163e-02	  -5.0499472098508136e-02	   1.3184092120419352e-01	   1.4902531823792842e-01	   4.0274112247637461e-01	   2.4119644259471973e-01	   4.2443246421170061e-01	   3.8894315389358020e-01	   2.3498278978311110e-01	   1.6370716127080590e-01	   6.2471645709672985e-01	   5.5620861285464684e-01	   6.8106234210164607e-01	   6.5788079545625000e-01	   7.2828267790375867e-01	   7.0172714154535476e-01	   6.1492187802345735e-02	   4.7601915131107293e-02	   2.1184862124108739e-01	   2.2044640592331560e-01	   4.9143549257311747e-01	   5.0383123817166664e-01	   6.7609518198965846e-01	   7.3226833935461966e-01	   5.6650625678207134e-01	   6.1995856094341895e-01	   4.1899960205666353e-01	   3.3812869917555588e-01	   6.3670844444951102e-01	   5.3767582392723323e-01	  -1.3278605905223798e-01	  -7.1060088421500439e-02	   2.2461417741310463e-01	   5.3033808656795500e-01	   5.3031133860137947e-01	   4.1431020124941964e-01	   3.9864367234450998e-01	   7.2175867029152879e-02	
   4.1495904975812564e-01	   2.6763898696682581e-01	   4.7294697022936882e-01	   7.1064833301848229e-01	   7.5224484701491257e-01	   7.3766653098790180e-01	   5.5067130840792267e-01	   7.3606001066262916e-01	   8.1133965088303361e-01	   0.0000000000000000e+00	   4.5497388499831298e-01	   4.0797486678590478e-01	   4.0666380925763812e-01	   4.0792075434798808e-01	   6.4673920845726207e-01	   6.6650845032998818e-01	   7.6800944295002158e-02	  -6.8420718493370100e-02	   7.0101108536579826e-01	   6.7990926244084948e-01	   3.6792084092888200e-01	   3.9075607379096133e-01	   3.4741407317755391e-01	   4.0612233330884473e-01	   5.6711172887717251e-02	   2.5316008083685705e-02	   4.9055536202489924e-01	   3.7931415378956512e-01	   9.8712910962430844e-02	   2.5398247042798638e-01	   4.7264226822957045e-01	   4.9266173589388962e-01	   4.1514272889583020e-01	   5.3052362980258061e-01	   2.3706606495291410e-01	   2.5806202751506985e-01	  -6.4422037834222044e-03	  -1.8868980498591946e-02	   3.2941848649583022e-02	   1.3185722316642892e-01	   2.6602087675673698e-02	   2.5092708872772340e-01	   3.9328806280329087e-02	   4.6982055948296943e-02	   1.1466517712289975e-01	   2.5041660407300270e-01	   8.8094348139083012e-02	   1.3744898112649831e-01	   2.1249494769600236e-01	   2.5272965347436838e-01	   1.1339919834999276e-01	   1.2410577920328186e-01	   1.6720643605410951e-01	   1.7708469887786693e-01	   8.7994042800342648e-02	   6.8289591624056317e-02	   1.2954704923718162e-02	   6.1308547811595518e-02	   1.9322325167036414e-01	   3.0892485784644963e-01	   3.6460218908088798e-01	   4.7172567629064083e-01	   7.1343934950827220e-02	   1.9666754481997656e-01	   3.6281194064379441e-01	   6.0371368077510468e-01	   2.0584945993548825e-01	   3.8694547675673219e-01	   9.1565021448363190e-02	   2.3908612985938640e-01	   1.4759210811681037e-01	   2.2677019649493074e-01	   3.7376518553846200e-01	   3.9080018637443148e-01	   4.6397286823423900e-01	   4.7669422370843406e-01	   2.5801353639324881e-01	   1.8457584005899547e-01	  -1.0792726783528755e-02	  -1.4912099792554728e-02	   2.2741037227744063e-01	   2.0023624940467086e-01	   5.0025046557177244e-01	   3.9396013254078477e-01	   3.9458916241029918e-01	   4.2011989810596706e-01	   3.7396392499674280e-01	   2.9699532246037325e-01	   5.2078628583854447e-01	   5.2849844651601197e-01	   6.2483945118837103e-01	   4.8429341992253888e-01	   7.1500292379416874e-01	   5.2188676285086455e-01	   9.9349861128711237e-03	   3.0891167255107137e-02	   9.4051258689606260e-02	   1.7511766847030250e-01	   3.7263529413849472e-01	   2.6945083952390803e-01	   6.0614812992762712e-01	   5.4515153164244534e-01	   5.0303883755387468e-01	   3.9384026184848764e-01	   4.0155205756507834e-01	   1.9703637718801872e-01	   5.0403247188742051e-01	   3.6192630095799416e-01	  -1.8464971159183016e-01	  -1.5338831445880349e-01	   2.0544359386002514e-01	   3.9266409187506934e-01	   3.6137517414906123e-01	   2.9876147602272840e-01	   2.7316123280354965e-01	   4.2482016856003224e-02	
   7.7844836657026795e-01	   3.2281194970915650e-01	   6.5962546782590448e-01	   4.4151499462950833e-01	   4.5853914087758485e-01	   2.4096598148328033e-01	   7.5703184537193180e-01	   5.4899809727479476e-01	   6.2491564988262693e-01	   4.5497388499831298e-01	   0.0000000000000000e+00	   5.5015113155072004e-01	   8.8020456797637747e-01	   4.9831225639446430e-01	   6.2641746734182635e-01	   3.8879290249789544e-01	   4.0527306372910049e-01	   6.6709404347763637e-02	   6.1530451341993242e-01	   4.6407020992953646e-01	   8.0103166129824391e-02	   1.3227318246182267e-02	   3.8401960606772700e-01	   3.2402062394239906e-01	  -2.5263175343270678e-02	  -1.4089703724948557e-01	   2.0451404071105098e-01	   4.9064479212834605e-02	   2.0551966348608636e-01	   7.8627638763046945e-02	   3.3279553593915639e-01	   2.8844233148893067e-01	   4.5150199427996618e-01	   3.8963311646366494e-01	   2.0618768586719161e-01	   1.4000562429633651e-01	  -1.5432696117678263e-01	  -2.1994842391635297e-01	  -5.3477054574044461e-02	  -9.6612848011600333e-02	  -7.9673322579922157e-02	   3.1005848962992410e-03	   8.4725943653095631e-02	   6.5632876407415580e-02	   7.6025914191578253e-02	   6.4624417590238944e-02	   1.4613174151430278e-01	   1.4318885159851769e-01	   1.7938308078615431e-01	   1.7758558468232624e-01	   4.4990737680847065e-01	   3.2717430877632847e-01	   3.1953328187322882e-01	   2.6989788948071541e-01	   3.2248253260640075e-01	   2.6715583640382068e-01	   7.2275037928656916e-02	   1.7076828015929379e-01	   4.4565122935528978e-01	   1.8182448199302459e-01	   6.9425981545200011e-01	   3.1961193445900793e-01	   1.8349573265426666e-01	   1.8818753452339448e-01	   4.9461414674689819e-01	   4.8283990135172283e-01	   4.1551934757969927e-01	   3.4206428298881353e-01	   1.4649380604033022e-01	   3.1922575187518987e-01	   2.3442167150411841e-01	   9.6506498554361358e-02	   4.9369468790067017e-01	   2.5441184323151561e-01	   5.8035896535446951e-01	   4.6788725318116076e-01	   4.6211790902911026e-01	   1.6563434001641905e-01	   1.2119190900091568e-01	   1.2061852441499979e-01	   3.4880265181965586e-01	   2.9139472566172453e-01	   4.6974041123828758e-01	   2.0954703244497927e-01	   6.4133091020692090e-01	   4.7874470478000475e-01	   8.6140745829811835e-02	   3.8856425187280698e-02	   5.2925521883470961e-01	   4.8225448004992721e-01	   5.3270872546258885e-01	   6.0851220149599405e-01	   5.3350065817731906e-01	   6.0235942934408515e-01	  -3.0260286682389472e-02	  -1.0278324118619450e-01	   2.3841992831181585e-01	   2.4204794768476739e-01	   4.4492219787023790e-01	   4.5765287750350270e-01	   5.0707883389935726e-01	   6.7691483031313426e-01	   4.1967782171934964e-01	   5.4354972577626870e-01	   2.1276201627796121e-01	   1.6908344395134550e-01	   5.1052017252273862e-01	   5.0575834648475648e-01	  -2.2484444986174440e-01	   6.5256847639082183e-02	   2.1309858377812574e-01	   3.9312772758123726e-01	   3.6288263499638995e-01	   3.1340513079755483e-01	   3.3289656546957053e-01	  -9.9643119411178885e-02	
   4.7874292953231667e-01	   4.8934630406461849e-01	   2.1192280479088263e-01	   4.5983052190914075e-01	   3.0190748725707267e-01	   3.7285620613139864e-01	   4.1725692077957255e-01	   7.0249587637867594e-01	   3.6296405298062306e-01	   4.0797486678590478e-01	   5.5015113155072004e-01	   0.0000000000000000e+00	   5.4695870961193860e-01	   9.0156985486592267e-01	   3.5654894326196357e-01	   4.7610960833591476e-01	   4.6889052135066722e-01	   1.9943608846240021e-01	   4.1806012820231314e-01	   4.9433733669121965e-01	   1.5276250878400816e-01	   1.8354716765546752e-01	   1.1112576579795962e-01	   2.4506935836975891e-01	  -1.6716973764884802e-01	  -1.4002373918663449e-01	   2.6927245438231627e-02	  -6.3972726911156713e-02	   5.6358092323121656e-01	   5.0458452417185051e-01	   2.8061024938865103e-01	   2.8788923952130208e-01	   4.3288526553777285e-01	   5.5921113491849139e-01	   8.7863375346658418e-02	   1.7093920549820329e-01	  -3.1571736431255981e-01	  -1.6790352513437673e-01	  -2.0882002725212528e-01	   2.3776709624753249e-02	  -9.4746669993514832e-02	   1.5248255337077410e-01	  -6.4831810013877431e-02	   2.4963075251172415e-03	   7.0098690740434066e-02	   2.1844193043339691e-01	   1.3622374955344335e-01	   1.0008523720629162e-01	   3.3142729110486940e-01	   4.3447957350371436e-01	   4.5564678258327024e-01	   4.7979589571089926e-01	   4.5894386563209022e-01	   2.2591839264756042e-01	   2.6522075919694771e-01	   3.7388800162410174e-01	   1.9958705063238524e-01	   2.6274672578466535e-01	   4.7124369813239186e-01	   5.7472100143533755e-01	   6.2486425084215358e-01	   7.0144142048729652e-01	   4.9984801730425032e-01	   6.0620051255550989e-01	   2.5381131676294820e-02	   4.6013321098414406e-01	   3.0032865354223937e-01	   5.0801637391538446e-01	   2.6395649544812619e-02	   2.7200927104938505e-01	   3.8913855209209085e-02	   2.8514768372972654e-01	   4.3695041611930863e-01	   4.9968499122643750e-01	   4.4676128636094359e-01	   5.1256798755368371e-01	   4.9148676508453681e-01	   4.4518874474029002e-01	   2.8421385176111397e-01	   9.4513739244198092e-02	   4.9728975339125303e-01	   3.8073122671499859e-01	   3.2767076575083798e-01	   4.2592321750038847e-01	   2.3120661045553292e-01	   5.5521909876467934e-01	  -4.0761103137916324e-02	   3.2509106993767606e-02	   1.4638596008945182e-01	   4.3636257158983238e-01	   4.9409894478613731e-01	   2.3168970613407594e-01	   4.1120706285492370e-01	   1.7122517745986052e-01	  -8.6776067578200625e-02	  -3.3186875708154241e-02	   1.0590155069145857e-01	   1.7407565364346606e-01	   4.5812374233836467e-01	   2.5558085778366546e-01	   4.8852152483494182e-01	   3.7419801181370677e-01	   3.7225791863473956e-01	   2.8120751023400992e-01	   1.1834729700442402e-01	  -1.6284427266171195e-01	   5.3245967769329239e-01	   4.5325670724590161e-01	  -1.5505101483871553e-01	  -9.8510695919039076e-02	   1.7960099483822617e-01	   1.9316499596601128e-01	   2.0985989249342213e-01	   8.6271167681259670e-02	   5.1375551854996239e-02	  -2.1607734391206204e-01	
   6.3359457058209767e-01	   2.3556735862028391e-01	   5.7371836678790000e-01	   3.0956544904288763e-01	   4.6019249963028613e-01	   1.9992408970666586e-01	   7.5855943741697740e-01	   4.8907794328639981e-01	   6.0270448504132712e-01	   4.0666380925763812e-01	   8.8020456797637747e-01	   5.4695870961193860e-01	   0.0000000000000000e+00	   6.2981110900631876e-01	   6.5609389838371723e-01	   4.4654899572950346e-01	   3.3426276523407600e-01	   7.0754043288214274e-02	   5.0007402061509076e-01	   4.4282873546527912e-01	  -7.9481982761913539e-02	  -1.3314706779994295e-01	   3.8719644670985265e-01	   2.8879244263967518e-01	  -9.5754040881009833e-02	  -1.8442478714744870e-01	   1.2413673631396507e-01	  -3.6504259162218916e-02	   2.7740879296495674e-01	   1.2677387370790510e-01	   2.7046476596646546e-01	   1.9219352938334650e-01	   4.0588376367928330e-01	   3.0632953052324907e-01	   1.0903074057089326e-01	   8.4122678183226884e-03	  -1.4294688180309242e-01	  -2.0022849101478141e-01	  -8.9653633370787134e-02	  -1.2613080274144234e-01	  -7.7545453418420326e-02	   5.2539637520940694e-02	   1.1346151529752048e-02	  -1.2311333961263868e-02	   5.5937744461236477e-02	  -1.2482139313278497e-03	   9.6347283039776688e-02	   4.8223024045616972e-02	   1.7292549359721168e-01	   1.4985610261589258e-01	   4.0976466268531264e-01	   2.9495264035185653e-01	   2.9685890201443321e-01	   3.2373605110184128e-01	   2.7160787616080306e-01	   2.5546596115687858e-01	  -5.3652441795578355e-02	   6.6199874946864745e-02	   3.1531379166219686e-01	   6.0615921381136077e-02	   6.7699210408033816e-01	   2.7924625924614788e-01	   2.7577239199682846e-01	   2.3794758322600085e-01	   4.6558046354431826e-01	   3.5041776655616236e-01	   2.2768066197314477e-01	   1.3185219833797965e-01	   5.2157704829189661e-02	   2.0044617704213513e-01	   9.8442983126592803e-02	   7.1390418268516873e-02	   4.0362676053038560e-01	   2.4646168301223323e-01	   4.7152937301998277e-01	   4.0134161056657958e-01	   3.7106081884186209e-01	   3.1502458555129613e-02	   5.8605823458174514e-02	   3.0697968913082692e-02	   2.9711501978515675e-01	   2.9601777007638441e-01	   4.0780694521631777e-01	   3.0346713945557890e-01	   5.3627274193329155e-01	   4.1691570372049735e-01	  -2.7460754673426964e-02	  -1.2759201694956514e-02	   4.9531915659990056e-01	   4.1823759480972916e-01	   5.0377433336687349e-01	   5.2055861056070729e-01	   4.6913077588000091e-01	   5.3066048146343037e-01	  -1.2312236214580972e-02	  -8.9242468555820631e-02	   1.9838139839480051e-01	   1.8455123565349901e-01	   4.2861515609020207e-01	   4.2719912945252814e-01	   4.4809047737507035e-01	   6.1564007699618106e-01	   3.2566020886693942e-01	   4.4464759404191229e-01	   1.4047822674305116e-01	   1.2046079463281481e-01	   4.5308261504386738e-01	   4.3326134070559358e-01	  -2.0608258192689122e-01	   1.1688312958812560e-02	   1.2326267695198494e-01	   3.5511378313005770e-01	   3.3159230661239603e-01	   2.4423545826677362e-01	   3.2634553810363770e-01	  -3.5190391467224025e-02	
