   0.0000000000000000e+00	   8.9688018350901744e-01	   7.0199304521585315e-01	   6.6429323286606867e-01	   6.0069491514173223e-01	   4.4564646156800425e-01	   7.4296944601078574e-01	   6.9400885064048734e-01	   6.8228752950192606e-01	   5.8910842709186495e-01	   7.2471678467925615e-01	   7.2432281828858769e-01	   6.4108976169961485e-01	   5.1261002346811013e-01	   6.6844219664743987e-01	   6.6601800041248893e-01	   5.5374310894138290e-01	   4.0096445562757899e-01	   8.7382325490371260e-01	   8.4556622032381690e-01	   5.6195795416072414e-01	   3.7872517542413708e-01	   6.7802650522794194e-01	   7.0898962371915131e-01	   4.3916136908194053e-01	   4.5275000982146940e-01	   5.2090449848268583e-01	   4.8533856581922824e-01	   3.7017689857926062e-01	   4.3806686432353587e-01	   5.6843240754397306e-01	   5.8674454691685529e-01	   7.5263629031218082e-01	   6.6689645289709665e-01	   4.1676418833403650e-01	   3.2799755615671161e-01	   5.1073886401332025e-01	   3.9815037540733411e-01	   5.6301802452058403e-01	   5.5316964859950946e-01	   6.7527991447844038e-01	   6.8871557930132421e-01	   4.0549064174866872e-01	   1.9378125060110810e-01	   2.7655022392878204e-01	   2.7850681092605489e-01	   4.4250339425321772e-01	   4.2989323411732799e-01	   4.1681384275347783e-01	   4.7404859215428519e-01	   4.2312811853028509e-01	   3.6805438126941309e-01	   3.3440783693761322e-01	   2.5023372651003828e-01	   5.5718810547632525e-01	   5.4692706244608025e-01	   7.8719101423010540e-01	   7.5225661876471706e-01	   6.0826745817680306e-01	   4.6445306693983490e-01	   6.8871221949767536e-01	   5.8367561900492004e-01	   5.7814719205340870e-01	   5.9500590105148277e-01	   5.0418053508935157e-01	   5.3858208218086479e-01	   5.1416954331376608e-01	   4.4164095887059585e-01	   8.3645388058039294e-01	   7.6650135015991849e-01	   4.7363740414885214e-01	   4.0349513301763812e-01	   6.4122441040993494e-01	   5.8767733478005502e-01	   6.5382643917619432e-01	   5.5440817615467963e-01	   6.5026793470873256e-01	   6.0887089546909268e-01	   3.7631877664498198e-01	   2.7560655906920856e-01	   6.9485470936057159e-01	   6.2743239142545271e-01	   6.6234541564260230e-01	   6.9574906484224353e-01	   6.8518617230967827e-01	   5.8813759465939519e-01	   5.3827093652448832e-01	   5.8299630490233256e-01	   6.1532623170920575e-01	   6.7864196929176446e-01	   6.5144905272929410e-01	   6.0719685537489554e-01	   5.3840333022023534e-01	   6.0906776000045881e-01	   9.5329300916362186e-02	   2.1701196287817529e-01	   5.8469640805460010e-01	   6.9653836621714538e-01	   6.4557220144018257e-01	   6.9487101580577515e-01	   5.9521520435779396e-01	   5.7550564777454238e-01	   4.9830297977099025e-01	   4.8796584375607333e-01	   2.7662186698044483e-01	   1.9143062150138365e-01	   4.7369812270374717e-01	   5.1086808179248455e-01	  -6.0304472717689864e-02	   2.4251275301866093e-01	   5.6290786399792025e-01	   6.6268957031891196e-01	   5.8760952657785337e-01	   3.6671837232260518e-01	   4.0186239287707731e-01	  -1.2774589423049371e-01	
   8.9688018350901744e-01	   0.0000000000000000e+00	   6.6232701121821413e-01	   6.7360516969739992e-01	   5.6777800265299805e-01	   4.9964286410828973e-01	   6.9871537838827358e-01	   7.3064223374472781e-01	   6.3789438317981328e-01	   6.1243424837468363e-01	   6.1510411520867014e-01	   7.8018888423972588e-01	   5.4006874043702247e-01	   5.4201353362577720e-01	   5.8577410526192064e-01	   7.0526127732976285e-01	   5.4271439190205162e-01	   4.7018726280729506e-01	   8.4909436358003332e-01	   8.8543352950885645e-01	   5.7176371489508915e-01	   3.9937652125593370e-01	   6.2428984230177564e-01	   6.8391650209016053e-01	   4.7119722476382064e-01	   4.8412672643026278e-01	   5.0497479626396302e-01	   4.8564463014108217e-01	   3.9995869669470219e-01	   5.7974803159830746e-01	   6.0241419793390705e-01	   6.0818267317572838e-01	   7.6181254676563104e-01	   7.1242912538476832e-01	   4.1398474131782514e-01	   3.7876048370039150e-01	   4.3408909631900294e-01	   4.0561399615190830e-01	   5.4524599263152418e-01	   5.7195743735288951e-01	   6.1072098514837347e-01	   6.3750107640385201e-01	   4.3397762800598105e-01	   2.4177737228304769e-01	   2.5434432772043741e-01	   3.1984676592597056e-01	   4.8549010665626469e-01	   4.9563322495060635e-01	   4.2188706074637983e-01	   4.8909760843372885e-01	   3.9508576548097651e-01	   3.5953584446460718e-01	   3.5920153074829408e-01	   2.8564842522536260e-01	   5.8767689106937526e-01	   6.1234807094555832e-01	   7.1307174505831128e-01	   8.0241806831364104e-01	   5.3779564851674777e-01	   4.7036852040521526e-01	   6.0414590706899174e-01	   5.9428393048963513e-01	   5.0812481986803082e-01	   6.0635307740451838e-01	   4.1291872490935372e-01	   5.2412363582686960e-01	   5.1997946900953318e-01	   4.8726576226080909e-01	   8.3854745348715831e-01	   7.7701430176360398e-01	   5.0369284033309880e-01	   4.1228998457243471e-01	   6.5948556987249729e-01	   7.0786970738285815e-01	   6.8498439961917690e-01	   6.3386669360450065e-01	   6.6415815267564926e-01	   6.5177892554995598e-01	   3.1947471510426051e-01	   2.3875783708279424e-01	   6.8914457944125185e-01	   7.1513896978268410e-01	   6.6072535953554978e-01	   7.6431824210476385e-01	   6.3345636071864564e-01	   5.9764628247299512e-01	   5.8325491486521031e-01	   6.4826261483699632e-01	   5.9794436619084901e-01	   6.9358741960473635e-01	   6.4982346449652106e-01	   5.9396464207249844e-01	   5.2064408791087358e-01	   5.7355702793204710e-01	   1.8443001357553676e-01	   2.5237976417174607e-01	   6.3445775512950098e-01	   7.4067647738748055e-01	   7.3333320683125047e-01	   7.1938205337697869e-01	   6.4881417945282815e-01	   5.7587746794750339e-01	   6.3049149787719216e-01	   5.5775727166961675e-01	   1.8961848511653689e-01	   9.9801460837431438e-02	   4.4416353011499876e-01	   4.7938887151389231e-01	  -3.5569409811174658e-02	   2.9758712367883183e-01	   6.0846074537197703e-01	   6.8697129749175501e-01	   5.9817626316921002e-01	   3.8255088451641261e-01	   3.2396743952345736e-01	  -2.5112844586609934e-01	
   7.0199304521585315e-01	   6.6232701121821413e-01	   0.0000000000000000e+00	   7.6239950942884849e-01	   6.5766724713334024e-01	   3.9662545704766000e-01	   8.0822504392296979e-01	   5.9977950730539964e-01	   7.1445423423690801e-01	   5.5862272347451158e-01	   5.4464364986667024e-01	   4.8893520921515332e-01	   4.7749661818366540e-01	   2.0302078986965794e-01	   7.6523155060175951e-01	   7.0129207255674619e-01	   3.1068941845302345e-01	   1.0986100181087949e-01	   7.9424538074514728e-01	   6.6985882645852968e-01	   6.5856705332036491e-01	   4.8497593054646276e-01	   9.0723090514299853e-01	   8.7062566438123146e-01	   7.5363221713177520e-01	   6.7290255636677143e-01	   6.8520290462151900e-01	   6.1887660016296564e-01	   1.8206412888980428e-01	   1.8173998679500666e-01	   7.3812398547045477e-01	   6.6176866400947398e-01	   6.7633762852940904e-01	   5.4267322904673065e-01	   6.5040408764931201e-01	   4.4438794797936537e-01	   5.8212007242413588e-01	   4.1686007644680623e-01	   6.0517780135344157e-01	   5.2455459295629003e-01	   5.8098738418603513e-01	   5.4500654167935725e-01	   3.9983990732590952e-01	   2.5532284577904996e-01	   3.6269137706556687e-01	   2.5962470616155925e-01	   4.5225012451426749e-01	   4.4207359955952014e-01	   4.4914673950016054e-01	   4.4554860789938650e-01	   5.8833874242293149e-01	   4.5103211310677255e-01	   5.1964951985026020e-01	   5.3104347800154217e-01	   5.6721454908045055e-01	   5.3037842773491906e-01	   3.9365327927770505e-01	   4.6101954343560719e-01	   5.0550029207706226e-01	   2.8688959816311710e-01	   6.3798263517537834e-01	   5.3694685471769887e-01	   4.0681149114680920e-01	   4.6660913248541735e-01	   8.4934047341248431e-01	   6.0849142173667681e-01	   5.1278448446282043e-01	   3.7601449997421132e-01	   7.3600434138117932e-01	   6.3650465689662572e-01	   5.0467265925487625e-01	   3.0349564285942682e-01	   4.4838064241459186e-01	   4.2322736091097141e-01	   5.3193222818997377e-01	   4.1471137911264033e-01	   6.3463990425425298e-01	   5.6352727120219037e-01	   1.2118036440592436e-01	   1.6164701877711629e-01	   4.6585340661153429e-01	   4.3445186059084262e-01	   7.8278080044309706e-01	   5.4318496722466381e-01	   7.5787668030569688e-01	   7.1699802681858726e-01	   6.6488222885984194e-01	   5.5621153101856835e-01	   8.4864032458156369e-01	   8.1036455421406117e-01	   6.5849227274962874e-01	   6.1878468709325907e-01	   6.1795624866474774e-01	   7.3326235729181510e-01	  -2.9590489206867347e-02	   5.6826175553150560e-02	   4.4297303451746323e-01	   5.5465980074675358e-01	   4.8646629648627548e-01	   5.2487655188186122e-01	   5.3077631604724196e-01	   5.9602441636989523e-01	   3.2137747753499640e-01	   2.9272453744847976e-01	   2.7214032004153005e-01	   2.5568813767124038e-01	   2.2128240445280645e-01	   2.5211276324076842e-01	  -7.5241415419060986e-02	   1.3474604010885638e-01	   5.6457613590184663e-01	   5.9406407377972981e-01	   4.7404830835859979e-01	   3.0977588975376802e-01	   2.9962782550702549e-01	  -2.0381571732020751e-01	
   6.6429323286606867e-01	   6.7360516969739992e-01	   7.6239950942884849e-01	   0.0000000000000000e+00	   4.8085435102961066e-01	   4.6495626830156833e-01	   5.9563385635455879e-01	   7.4600870563864874e-01	   5.8961240528680681e-01	   7.5301114806619662e-01	   4.7601796731563573e-01	   5.4706134031791875e-01	   4.4889228590778024e-01	   4.5942952479874422e-01	   4.9642363934420414e-01	   7.6810711731346992e-01	   2.8980791166923237e-01	  -5.2926054154511355e-02	   6.7956804126579928e-01	   6.6322346359732121e-01	   5.3861033737531483e-01	   5.8486253083427153e-01	   6.3182712619600567e-01	   7.6300755722020286e-01	   6.3755551825334489e-01	   7.6040904407817678e-01	   6.7825654474404051e-01	   7.3268734933155211e-01	   1.9912662347813991e-02	   7.1952780937870553e-02	   5.6405420323151823e-01	   6.4480584022836873e-01	   5.1444305413557756e-01	   5.7647714873959544e-01	   6.1341906518135059e-01	   7.0521291549357745e-01	   5.5686372965863096e-01	   6.5233596585191767e-01	   6.0314334202701714e-01	   7.4063438071725340e-01	   3.8631634624608263e-01	   6.1650467772828998e-01	   4.3933257916453300e-01	   2.9583776571278675e-01	   2.9690643605268596e-01	   4.0536111367929428e-01	   4.4517049779030060e-01	   4.6124015559758014e-01	   3.5149192767443188e-01	   4.4301278109502606e-01	   5.6340161838673297e-01	   5.0561006971940092e-01	   3.8984300117884318e-01	   3.1068215629449858e-01	   5.7359097833133910e-01	   5.2483412961373110e-01	   3.3818081497795521e-01	   4.1360441017188804e-01	   4.9664971719636564e-01	   4.1514533896688699e-01	   5.2877992263963580e-01	   6.2317896352768987e-01	   1.2116222236793692e-01	   3.4850971977830186e-01	   6.0196153822044818e-01	   8.6649262015507778e-01	   4.9976187160021079e-01	   6.0858987039876222e-01	   6.7303779491719828e-01	   6.6790624996858239e-01	   5.4955067793233670e-01	   4.5387708040725105e-01	   3.7838743725282287e-01	   3.8910441507098864e-01	   4.6293106493442326e-01	   4.4217880794458703e-01	   6.3064981647835339e-01	   6.7924787139469855e-01	   1.2468801847576264e-01	   1.1762877612782670e-01	   4.2962832705676790e-01	   4.2648791834968780e-01	   5.5804644987698315e-01	   5.5535688822683904e-01	   5.8918666876909476e-01	   8.2680839618156765e-01	   5.2412464143540172e-01	   6.2560726708730829e-01	   6.9531231270123284e-01	   7.6297023025717281e-01	   6.7562577701613136e-01	   5.0253679284272823e-01	   7.0162571245484606e-01	   5.2926698887566359e-01	  -2.9519584705136905e-02	   1.0285403074381155e-01	   5.6681034498668037e-01	   6.0385962117580072e-01	   4.7586823274274026e-01	   4.7647578813220359e-01	   6.8037067479064728e-01	   4.5290564069891398e-01	   3.9350802510699667e-01	   2.8268283735304972e-01	   4.4276910197810221e-01	   3.6951462644365674e-01	   3.9486755439343424e-01	   3.2302310111379523e-01	  -1.4404392911890646e-01	   8.4112748888420977e-02	   6.4326684424797897e-01	   5.8348365470060326e-01	   4.4255998623167914e-01	   2.7368984457144752e-01	   3.1544958626649788e-01	  -3.7817272470129185e-02	
   6.0069491514173223e-01	   5.6777800265299805e-01	   6.5766724713334024e-01	   4.8085435102961066e-01	   0.0000000000000000e+00	   7.8221327777894201e-01	   8.1976554912031885e-01	   6.7649662205635741e-01	   9.3016394854973949e-01	   7.2447255807082800e-01	   5.4422650545319251e-01	   4.9654358030018675e-01	   5.7944122748910265e-01	   3.2177258199804470e-01	   7.5133840275064678e-01	   6.0199474741245651e-01	   2.3995994040347018e-01	   2.0161301492251990e-01	   7.1953544231698341e-01	   5.8737596430960015e-01	   7.7444324057967329e-01	   5.8121486671587475e-01	   5.9568839039814203e-01	   5.5443304753600986e-01	   3.6143910171687199e-01	   3.9011782571527209e-01	   7.3773336515266030e-01	   6.5972730279379521e-01	   1.8027568153257245e-01	   2.7048052675000317e-01	   5.3291167936892025e-01	   4.5312890122533633e-01	   6.5640915643671582e-01	   5.3929154431062387e-01	   3.3141207197847911e-01	   2.8442484288141934e-01	   3.3833344906023310e-01	   1.6251239866280257e-01	   4.9366616563056048e-01	   3.4126919207620809e-01	   5.1571563903153317e-01	   3.3021537995841344e-01	   3.3404867087605189e-01	   8.2036989785106790e-02	   4.6939531622667019e-01	   4.2029882125360418e-01	   3.6825229719049013e-01	   3.4272378540874582e-01	   4.2353725325950142e-01	   4.8200444208895821e-01	   3.7517523030280397e-01	   3.1298698195551461e-01	   3.4352645509127977e-01	   3.0797745127748566e-01	   5.2548696345215995e-01	   5.1806906620179016e-01	   3.7170323280059953e-01	   5.3319950353204937e-01	   6.5231495127308692e-01	   4.2227473798970178e-01	   7.4386290595410798e-01	   6.7626931276768687e-01	   6.2864685978990353e-01	   6.8336400731989166e-01	   4.6673536974080387e-01	   5.1594124612629111e-01	   6.9431885855709041e-01	   5.2877152165972130e-01	   7.0292685071547523e-01	   6.4672607066417176e-01	   4.9823151305108593e-01	   3.0531181276431757e-01	   4.3530046870071482e-01	   4.1403918863781958e-01	   5.0292711859248096e-01	   4.3562529113989501e-01	   4.5235767017542722e-01	   4.1039490922047439e-01	   6.3322210546831778e-02	   3.5021115352366690e-02	   3.9546186459668831e-01	   3.4594962340960400e-01	   5.6705464292343177e-01	   4.4591304722095132e-01	   5.6983161796809700e-01	   3.8579252012295234e-01	   5.1723749754563886e-01	   4.6459519159629037e-01	   7.5407280754687234e-01	   6.9594732558818717e-01	   7.4020278545686535e-01	   7.3882993653499573e-01	   5.6721538044278241e-01	   7.3842732719622528e-01	   7.2155170569881522e-02	  -3.5398107291099018e-02	   4.9896521049390685e-01	   5.1651627734580330e-01	   6.3626222374136931e-01	   6.7313495759369457e-01	   5.9657813103775181e-01	   7.2583020448720137e-01	   5.8622564126568499e-01	   5.3229828101459220e-01	   2.0787663615607502e-01	   1.3851187110354857e-01	   3.2755314666485080e-01	   3.7332418667326273e-01	  -1.3491075796997626e-01	   2.0899979373213257e-01	   5.8666890998121801e-01	   6.4131526949631346e-01	   7.1354319188583104e-01	   4.0072510574700559e-01	   3.0253584774512965e-01	  -3.3308861196494460e-01	
   4.4564646156800425e-01	   4.9964286410828973e-01	   3.9662545704766000e-01	   4.6495626830156833e-01	   7.8221327777894201e-01	   0.0000000000000000e+00	   5.9180713866593093e-01	   7.2400498145513459e-01	   7.1121030627368698e-01	   7.6227946404344782e-01	   4.3471799956799106e-01	   5.0598599621018114e-01	   5.6264746742119054e-01	   5.1348099242106504e-01	   4.8996490274279253e-01	   5.6837104482956480e-01	   2.5840668393427896e-01	   2.6886306570174012e-01	   5.4849773209411479e-01	   5.1500867965695840e-01	   7.6145101637027834e-01	   7.3545007197633017e-01	   2.8435639186249273e-01	   3.2411139267557698e-01	   2.1383426108200268e-01	   3.7951220474631714e-01	   6.9494788661805940e-01	   7.0668030529045189e-01	   2.3223586010846470e-01	   3.8279015412682410e-01	   4.9125952059016453e-01	   5.0753845488647276e-01	   6.2963844864140417e-01	   6.6796221309459525e-01	   2.2404472627528765e-01	   3.7320546402660354e-01	   2.3328223575386592e-01	   1.9129790949482467e-01	   4.3136283656503416e-01	   4.3269385231047774e-01	   3.0130179768936632e-01	   2.9336916977751210e-01	   4.6122052287936033e-01	   2.0923027324203794e-01	   5.4929128177134934e-01	   6.2550419791330147e-01	   4.5381362331266395e-01	   4.2903777567463564e-01	   4.9081961739502827e-01	   5.5540404486296480e-01	   4.2528421224862245e-01	   4.0389121193796607e-01	   3.1069503361589768e-01	   2.6718011929692681e-01	   5.5832140359449334e-01	   5.6662723544679183e-01	   2.8834700591995310e-01	   4.5873774927360977e-01	   5.8412992822079501e-01	   4.7220602629372549e-01	   5.6170139101339756e-01	   5.8713942553911180e-01	   4.7995104495565621e-01	   5.8293686518468735e-01	   1.4142205996684970e-01	   4.8753394407314116e-01	   6.6589799027831709e-01	   6.4067036927165544e-01	   5.5220740930446877e-01	   5.5381864566918249e-01	   5.3068145207138095e-01	   4.3471258403291524e-01	   4.4393795792930413e-01	   4.7449451967950662e-01	   4.5475583326850844e-01	   4.3775015085407942e-01	   4.2357203593614123e-01	   4.2159519028805265e-01	   7.7371371820498585e-03	  -3.2704898709205843e-02	   3.1972942616165012e-01	   2.9248993006152579e-01	   3.0820461458931375e-01	   4.1520187377087947e-01	   3.0813395199360682e-01	   2.8359928884394137e-01	   3.0356211812139389e-01	   3.6983353757821702e-01	   5.7162843809824382e-01	   5.6488207507612698e-01	   7.2818067376178175e-01	   6.6666951456791712e-01	   4.7622621101694029e-01	   5.1377477299217822e-01	  -8.1838842831003164e-03	  -1.0779919693955739e-01	   5.9514679337150711e-01	   5.1882252707833254e-01	   6.2769857688931374e-01	   6.3677328638814734e-01	   6.2824906486960530e-01	   6.1805429863095784e-01	   6.8229481328290420e-01	   5.9867274290350991e-01	   3.3080170485561833e-01	   1.8616825782962615e-01	   4.2270038503200247e-01	   3.5271866718104311e-01	  -1.9584608192804687e-01	   1.1788786104127405e-01	   5.9841011735487293e-01	   5.5172142165113747e-01	   6.8652587247100894e-01	   4.1100090202184231e-01	   2.2654830070692539e-01	  -2.8448291207992571e-01	
   7.4296944601078574e-01	   6.9871537838827358e-01	   8.0822504392296979e-01	   5.9563385635455879e-01	   8.1976554912031885e-01	   5.9180713866593093e-01	   0.0000000000000000e+00	   7.8681298279681466e-01	   8.1783836263850684e-01	   5.8576695269229351e-01	   7.7430745167880310e-01	   6.9234553863516468e-01	   7.4704256267397595e-01	   3.7771915361212383e-01	   7.7462211342030951e-01	   6.4129736171050467e-01	   2.5636972852303008e-01	   1.7651331244041374e-01	   8.6800359083553713e-01	   7.6539205350166251e-01	   6.7286484922163448e-01	   4.4956078202221539e-01	   7.0098684371761444e-01	   6.6629414956550448e-01	   3.1215302499227932e-01	   3.2082497748508310e-01	   5.8491072831633961e-01	   5.1484669322628696e-01	   2.4385682658103508e-01	   3.1699257496084721e-01	   6.0913749547108909e-01	   5.1642641797309097e-01	   7.9566874668559784e-01	   6.4475138176783831e-01	   3.3920691970331235e-01	   2.8081175324727192e-01	   3.4457123916736926e-01	   2.3297587390357960e-01	   4.9837029004678657e-01	   3.7833767008650959e-01	   5.5342447486077684e-01	   4.3153332890954177e-01	   3.7092048756019363e-01	   1.4465223769819613e-01	   4.0798386473508563e-01	   3.8000532073224624e-01	   4.6393889233202856e-01	   4.2631015114773624e-01	   5.4760985859556754e-01	   5.7717150324820765e-01	   5.3773818388325623e-01	   4.7373849292488429e-01	   4.1985734883862169e-01	   4.1536211112543175e-01	   6.0233408746516348e-01	   6.2455199788318549e-01	   3.7983367525689765e-01	   5.4821757784044700e-01	   7.4694659130295715e-01	   4.5983876746712127e-01	   8.4601701149492070e-01	   7.3816126227016332e-01	   7.2808079306322848e-01	   7.6135946881920646e-01	   5.9826407287289518e-01	   5.2156824750913178e-01	   7.5782875959405571e-01	   5.4310702218531137e-01	   7.9208345663503177e-01	   7.0267205363567697e-01	   5.0386402070123104e-01	   3.5777707480594001e-01	   4.2949150271124364e-01	   4.3079605638788432e-01	   5.0399314949351193e-01	   4.3784283148974240e-01	   5.5452392939422823e-01	   5.1532862330413542e-01	  -2.1612891919519516e-03	  -5.6911865955502544e-02	   4.1462128952293908e-01	   3.6218504152221775e-01	   6.6275199447833877e-01	   5.6320462177165753e-01	   6.6012143114690613e-01	   5.6958449640806297e-01	   5.1621274725735955e-01	   5.2218254646708173e-01	   7.9455738678711274e-01	   7.9073762332439768e-01	   7.9642119275316081e-01	   7.9202948688722585e-01	   5.8923873605080368e-01	   7.5396933494349661e-01	   1.3412144503568760e-02	  -3.1269701404765593e-02	   5.0461621988575356e-01	   5.8628158572554301e-01	   6.3045163639492208e-01	   7.0149290844044032e-01	   6.7528900616207810e-01	   8.1322379338141115e-01	   6.4439440261893011e-01	   6.1528188951794027e-01	   2.3912014188122294e-01	   1.6118348028567872e-01	   4.3639877570014074e-01	   5.2375124838346454e-01	  -9.6539163789932769e-02	   1.7673913598630886e-01	   5.6169267843987392e-01	   6.4638225910958635e-01	   6.7993166767954627e-01	   3.2600090249559255e-01	   2.7795981579604201e-01	  -2.9576974645325388e-01	
   6.9400885064048734e-01	   7.3064223374472781e-01	   5.9977950730539964e-01	   7.4600870563864874e-01	   6.7649662205635741e-01	   7.2400498145513459e-01	   7.8681298279681466e-01	   0.0000000000000000e+00	   6.5386010799337013e-01	   7.3332081516349756e-01	   6.6416182159490900e-01	   7.9902303931652696e-01	   6.7784716089652619e-01	   6.7128425165055849e-01	   4.5867175630269308e-01	   6.3753632392295212e-01	   3.6807924529152691e-01	   2.1622775520330273e-01	   7.5740058675421262e-01	   7.7682170790135718e-01	   6.5327434276447405e-01	   5.9095925850385678e-01	   4.2656981151564788e-01	   5.2459048790914742e-01	   2.2843032848450245e-01	   3.6703608657922149e-01	   5.0821053438290043e-01	   5.3513586287949622e-01	   2.4376735143421346e-01	   3.9097545754920621e-01	   5.2217139454687911e-01	   5.6612880852054093e-01	   7.3588668256509981e-01	   7.8982502311101599e-01	   2.6666499690234813e-01	   4.4700938186814532e-01	   3.1458251031166445e-01	   4.4218263443209288e-01	   5.4251691701595184e-01	   6.1055748003688359e-01	   4.4055736552521829e-01	   5.4867509209017573e-01	   5.1824603794569746e-01	   2.9637501597925880e-01	   4.0618614002517478e-01	   5.7623734670295812e-01	   5.4250803031834460e-01	   5.2192869280568976e-01	   4.6086983246016405e-01	   6.0422220208807031e-01	   4.8025017779055923e-01	   4.9860374023219500e-01	   2.5388764553301646e-01	   1.8895986432760817e-01	   5.9170461915150363e-01	   6.0734950865508464e-01	   3.6992019950528254e-01	   5.3795508628787636e-01	   6.9611718537724299e-01	   5.5072160180530527e-01	   7.2211883493271367e-01	   8.1113248665915627e-01	   5.2718643594064318e-01	   7.1638623202464946e-01	   3.2809529058103848e-01	   6.7764704641871631e-01	   7.4018081316582440e-01	   7.4210990406024258e-01	   7.1902841149614927e-01	   7.0801482072311983e-01	   6.2684578279362813e-01	   5.5368861296014660e-01	   4.7929379022611451e-01	   5.5550040599047756e-01	   5.3881146618397435e-01	   5.6961002424923468e-01	   6.2588976775569827e-01	   6.8318539624218511e-01	   9.2415744807022221e-02	   2.1318606310563714e-02	   4.5802892035100118e-01	   4.4545628540111515e-01	   4.3176329908160893e-01	   5.7519010625741185e-01	   4.7330916309946491e-01	   5.8638443837548104e-01	   3.0462980526996486e-01	   4.7379849608427355e-01	   6.3822861212842696e-01	   6.7602687193781241e-01	   7.7415737837234999e-01	   6.5033155342759674e-01	   5.6327000324755760e-01	   5.1911470163047713e-01	   5.0558617926418269e-02	   1.2374625060840664e-02	   6.6465047350108719e-01	   6.4101833866183644e-01	   7.0318015499867337e-01	   7.0289596481394945e-01	   8.1747313332378946e-01	   6.7161618606924545e-01	   7.4361050280620733e-01	   6.2351942761035073e-01	   4.2955524128788691e-01	   2.3970048817879908e-01	   5.6194655847760555e-01	   5.1190091037863361e-01	  -1.5274231331815721e-01	   1.7420356338604476e-01	   6.5263535851539833e-01	   6.7808703568249584e-01	   7.1482386281019195e-01	   3.5691760505061471e-01	   3.0682810650221964e-01	  -1.7871713807605888e-01	
   6.8228752950192606e-01	   6.3789438317981328e-01	   7.1445423423690801e-01	   5.8961240528680681e-01	   9.3016394854973949e-01	   7.1121030627368698e-01	   8.1783836263850684e-01	   6.5386010799337013e-01	   0.0000000000000000e+00	   7.8787475439363419e-01	   6.1691960374970256e-01	   5.2966231079732895e-01	   6.5161397594098380e-01	   3.7136103594616854e-01	   8.1860681272863556e-01	   7.0929835007976005e-01	   2.0848563969447623e-01	   1.1616672872966308e-01	   7.5264121913396731e-01	   6.1121219956346551e-01	   7.2986151829238222e-01	   5.5205747110214753e-01	   6.6825749966940584e-01	   6.4865854578526005e-01	   4.4950342570363100e-01	   4.9273555556245652e-01	   8.1092684456357667e-01	   7.4998024725411994e-01	   1.1831049000662919e-01	   2.1603543245926821e-01	   5.2527417132745902e-01	   4.5798921480562804e-01	   6.3303451736384142e-01	   4.9889614239190189e-01	   4.1905050201384936e-01	   3.4521282780143780e-01	   4.2427994259524215e-01	   2.5818426907934877e-01	   5.7188988556702980e-01	   4.7502424939657151e-01	   5.3681641087428456e-01	   4.2770390169880190e-01	   3.2175446227092119e-01	   9.4378467976843156e-02	   4.3133188586399995e-01	   3.8157386901838886e-01	   3.6919512957667933e-01	   3.8148189467252375e-01	   4.8625847169198705e-01	   5.3166337890970439e-01	   4.7035242581723907e-01	   4.1421399453644669e-01	   3.9985211306834234e-01	   3.2919138509509782e-01	   6.0842074268781376e-01	   6.0582740494989007e-01	   4.0755204890263586e-01	   5.7067519446693549e-01	   7.0603620588719695e-01	   4.3829189742786184e-01	   7.8894202642873390e-01	   6.8333656991724012e-01	   5.8640406881836304e-01	   6.3765950080702072e-01	   5.5097391315407007e-01	   5.8702306847874242e-01	   6.7174311120187602e-01	   5.1558779085546280e-01	   7.4365092189267612e-01	   6.6329104846439990e-01	   4.7407537052574589e-01	   2.8398691973467988e-01	   4.1529446818215476e-01	   3.8026351078253057e-01	   4.9795427647576129e-01	   4.3633913207951580e-01	   4.9780307455594874e-01	   4.6956039513495357e-01	   7.5892835668134789e-02	   1.7827714963987936e-02	   4.1000188592666020e-01	   3.6278225218430682e-01	   6.3454048505703531e-01	   5.0869331596547285e-01	   6.6237659350776357e-01	   4.9790484705954779e-01	   6.2075568384501856e-01	   5.7095850807651094e-01	   8.1590799163671512e-01	   7.9252777048568057e-01	   7.7378512344353390e-01	   7.6654580664308858e-01	   6.3939477801496303e-01	   7.5971010812647388e-01	   1.1879710253069634e-01	   6.7239580692553258e-02	   5.5915741781335160e-01	   6.3319639123213267e-01	   6.3198137382557107e-01	   7.0291639928707461e-01	   6.1277129042032707e-01	   7.1429126321728909e-01	   5.6971448140775560e-01	   5.2280676692732186e-01	   2.4847656688637251e-01	   2.2417923536937256e-01	   3.9292593050917202e-01	   4.3417246045852997e-01	  -8.8451168638119568e-02	   2.2933365497122776e-01	   6.3761712304091311e-01	   6.8047797776965646e-01	   6.9999257987347963e-01	   3.7774760215326564e-01	   3.4184138100519218e-01	  -3.0153485938680580e-01	
   5.8910842709186495e-01	   6.1243424837468363e-01	   5.5862272347451158e-01	   7.5301114806619662e-01	   7.2447255807082800e-01	   7.6227946404344782e-01	   5.8576695269229351e-01	   7.3332081516349756e-01	   7.8787475439363419e-01	   0.0000000000000000e+00	   4.7588508359130183e-01	   5.4046030787658816e-01	   5.4040785730852814e-01	   5.2818915135340561e-01	   5.5593328403930298e-01	   7.8626555240954232e-01	   2.9279360526983611e-01	   6.7098907568694258e-02	   6.3251334220382716e-01	   5.8089474457375800e-01	   6.2182504406686512e-01	   6.5600750033487487e-01	   4.7903811763815130e-01	   5.7480250682505085e-01	   4.2218517764756458e-01	   5.6087055609113590e-01	   7.5112717335431733e-01	   8.0865304613491529e-01	   1.1282480931145221e-02	   1.5620585377623392e-01	   3.8921176325824197e-01	   4.6249937174243572e-01	   4.6346862600668648e-01	   4.8231701057825638e-01	   4.0994438882003703e-01	   5.1462425345931417e-01	   4.2863927871238794e-01	   4.2048327364121219e-01	   5.9894915649309421e-01	   6.2617209007662122e-01	   3.7672608245919653e-01	   5.0772240913972810e-01	   3.5041497609824040e-01	   1.5534587239626496e-01	   3.4889641427136220e-01	   4.4558347931982578e-01	   3.3782788595065372e-01	   3.6162666904099366e-01	   3.7139283821775781e-01	   4.6191420194954247e-01	   4.6740214191322838e-01	   4.2998526083278954e-01	   3.1189730199050986e-01	   1.8476159074203241e-01	   5.4833139657787444e-01	   5.0198314553752399e-01	   3.1401504021944920e-01	   4.9230318116361432e-01	   5.8382837443248237e-01	   4.4171247510632627e-01	   6.2914852413759559e-01	   7.1259664400615064e-01	   2.8930494444623200e-01	   4.9575485596475855e-01	   4.3062220102151894e-01	   7.8707888366428647e-01	   5.3055727362044147e-01	   5.7344364330541986e-01	   6.4960459477492949e-01	   6.7486908096234222e-01	   4.5352657430260657e-01	   3.7278373707492174e-01	   3.2682034082933886e-01	   3.7250449544376313e-01	   4.0683661242918961e-01	   4.5503326031460900e-01	   4.2964019882358340e-01	   5.1540766981818686e-01	   9.6929243514793206e-02	   8.8181244341418080e-02	   4.1944018514707793e-01	   3.7626535141678119e-01	   4.5088419050087436e-01	   5.0183745111169231e-01	   4.9822439655432926e-01	   5.4997008546071302e-01	   4.6019311277142216e-01	   5.1809523897575760e-01	   7.2502115298547765e-01	   7.3385558839227449e-01	   7.6918487243410116e-01	   6.2009736651814151e-01	   6.8692922423302860e-01	   5.4694344927132599e-01	  -5.7017248855071190e-03	   4.8637225952489017e-02	   5.4403213873610190e-01	   5.5326698809767327e-01	   5.4804624990184492e-01	   5.3822102348751111e-01	   7.0295627968019359e-01	   5.4945869278672677e-01	   5.5120024693780256e-01	   4.0397310198033581e-01	   4.1831761954739177e-01	   3.5921102391868243e-01	   4.8036782481285134e-01	   3.6252478174753255e-01	  -1.9751281681539740e-01	   7.8768445660669498e-02	   6.0057848818658455e-01	   5.8373423341627051e-01	   5.7653464020450274e-01	   3.1551648331324722e-01	   3.2495010455504714e-01	  -8.3641021170561214e-02	
   7.2471678467925615e-01	   6.1510411520867014e-01	   5.4464364986667024e-01	   4.7601796731563573e-01	   5.4422650545319251e-01	   4.3471799956799106e-01	   7.7430745167880310e-01	   6.6416182159490900e-01	   6.1691960374970256e-01	   4.7588508359130183e-01	   0.0000000000000000e+00	   7.9460905164330764e-01	   9.0438430526580604e-01	   6.1482062615967903e-01	   5.9405613480517894e-01	   5.6016011485087835e-01	   4.1108088295171885e-01	   2.8961702443283677e-01	   7.2388835973120447e-01	   6.7611675072009403e-01	   4.9870733540065615e-01	   3.0561369211236811e-01	   4.7410488088601060e-01	   4.8043920303230186e-01	   9.5794247151751638e-02	   1.3448079933282708e-01	   3.9487650023381937e-01	   3.8750442326247947e-01	   4.3638179586291942e-01	   4.2158615071229494e-01	   4.0014965572197458e-01	   3.9047137728799897e-01	   6.0456130823655796e-01	   5.2028577051707137e-01	   6.0000189162123671e-02	   8.9801087644082705e-02	   2.3215656086133091e-01	   2.2381622790482508e-01	   3.4331653792095934e-01	   3.7018947130405960e-01	   4.6238914454246238e-01	   4.8699006112328647e-01	   3.0708314170430284e-01	   1.8997811080886032e-01	   2.6775119659146540e-01	   2.7466652979628270e-01	   3.7338017209207786e-01	   3.8448777743959628e-01	   4.3091239033163986e-01	   4.9715744401178158e-01	   4.1747299860557507e-01	   4.5169192403220332e-01	   1.6108000712808754e-01	   1.0626923555789336e-01	   4.1695261435467534e-01	   4.7250966951627266e-01	   3.9752367862376431e-01	   4.9087253133689535e-01	   6.6832565137674771e-01	   4.5395753513837966e-01	   7.3155506965201211e-01	   5.9479329251501234e-01	   7.1977254833608928e-01	   6.9548853729660853e-01	   3.3798888007170608e-01	   3.7187011056496488e-01	   5.2597122805364405e-01	   3.8298314893487923e-01	   6.2077345654815641e-01	   5.4327257107194005e-01	   4.8079135161177383e-01	   4.2044828699322478e-01	   4.4770865178147806e-01	   4.2920914060118370e-01	   4.5872805227062496e-01	   5.0121646358218297e-01	   5.1758979537312877e-01	   5.3426462909669070e-01	   1.7323931263221332e-01	   6.3671416573992307e-02	   4.8999237428831144e-01	   4.1036467883598166e-01	   4.6886768398997586e-01	   5.0939243930142797e-01	   5.7607446130795359e-01	   5.1400993495169234e-01	   2.5786512598492428e-01	   3.7868833079386249e-01	   6.0035189305941838e-01	   6.2158008529445175e-01	   6.1315506544836174e-01	   6.1272361154040389e-01	   4.3819393768855375e-01	   5.1738309394590465e-01	  -3.3281572996044249e-02	   1.8345458912612102e-02	   4.3255760798690179e-01	   4.8487602147062248e-01	   4.0955291228343865e-01	   5.5495989080819197e-01	   5.2583645484335018e-01	   6.2343620295675617e-01	   4.6277585892773876e-01	   5.1023678419181961e-01	   2.1352017330120573e-01	   1.4780679735916197e-01	   4.9095485016224227e-01	   5.2158846694506233e-01	  -5.7190473090047572e-02	   2.7941079124844936e-01	   5.3290106856817876e-01	   5.9152006156879877e-01	   5.8631285457035287e-01	   1.5258467535449219e-01	   1.3315014778672304e-01	  -2.2109075987382781e-01	
   7.2432281828858769e-01	   7.8018888423972588e-01	   4.8893520921515332e-01	   5.4706134031791875e-01	   4.9654358030018675e-01	   5.0598599621018114e-01	   6.9234553863516468e-01	   7.9902303931652696e-01	   5.2966231079732895e-01	   5.4046030787658816e-01	   7.9460905164330764e-01	   0.0000000000000000e+00	   7.1565403307557907e-01	   7.3942200314539153e-01	   4.4722014813655298e-01	   6.4084343856974779e-01	   4.6946149469250964e-01	   4.4054686744787763e-01	   7.2096584035668920e-01	   8.0788258557158554e-01	   4.9536061245287899e-01	   2.9784325604843670e-01	   4.0625660221389132e-01	   4.8564728763992104e-01	   1.1123650080628178e-01	   1.6123234808922418e-01	   3.3618725503032920e-01	   3.2505448016640381e-01	   4.3519113752719296e-01	   6.1395318909151841e-01	   4.0474958801560634e-01	   4.3243285252036656e-01	   6.3627378353250452e-01	   6.1985279889590117e-01	   1.0374295714176196e-01	   1.7287399274980039e-01	   1.7802809764212479e-01	   2.6059451826353042e-01	   3.6678443099299390e-01	   4.5866096323353822e-01	   4.7064409138683272e-01	   5.3381621547349867e-01	   4.0877306775672778e-01	   2.7613205828982573e-01	   2.3400073276391811e-01	   3.3918581419188565e-01	   4.5594904879591747e-01	   4.8422880010082631e-01	   4.2059430608583548e-01	   5.1821500124002751e-01	   4.2714769422577858e-01	   4.4315451703851305e-01	   2.5242314854878090e-01	   1.4555938760850368e-01	   4.6282536537020758e-01	   5.3461037150341151e-01	   4.4884764232011631e-01	   5.7697272469142080e-01	   6.1278785741999509e-01	   4.7510560748492264e-01	   6.5162988185898307e-01	   6.8379676127759592e-01	   6.1201753187511243e-01	   7.7837786252688290e-01	   2.7494156615076870e-01	   4.2917629149153858e-01	   5.0121019819593204e-01	   4.3929131346077999e-01	   6.3070098880004033e-01	   5.6616618319732492e-01	   5.5103065933901008e-01	   5.2249529026845143e-01	   5.4729361608544402e-01	   6.4156247481389228e-01	   6.1727939957400202e-01	   6.4850147236041156e-01	   5.9729092143149620e-01	   6.4681391818779588e-01	   2.3512181066512658e-01	   1.7110299438419629e-01	   5.7027970728120214e-01	   6.2993788688476349e-01	   4.8223121477463782e-01	   6.5771504254115831e-01	   5.4969263843407290e-01	   5.8263974453895795e-01	   3.2346158476387260e-01	   4.5146337733681507e-01	   5.4641460940329034e-01	   6.1982288724490431e-01	   5.8016638538765919e-01	   5.1585000896229083e-01	   3.6926988814101808e-01	   3.6556165861280066e-01	   1.0186072043472952e-01	   1.0527183516767030e-01	   5.2485600925477327e-01	   5.8328482342580290e-01	   5.8201370078788905e-01	   6.1603854831138016e-01	   5.7809862329408834e-01	   5.1191406422908703e-01	   5.8671713149083593e-01	   5.3840313496815229e-01	   2.1840209362407031e-01	   8.3660301127227776e-02	   4.1093064789087486e-01	   4.2895912557576799e-01	  -4.7901625782303260e-02	   3.7663902017455808e-01	   5.5459882073199940e-01	   6.2155307865362941e-01	   6.2821178135845734e-01	   2.0647535722215068e-01	   1.3812478773471740e-01	  -2.7835493874292649e-01	
   6.4108976169961485e-01	   5.4006874043702247e-01	   4.7749661818366540e-01	   4.4889228590778024e-01	   5.7944122748910265e-01	   5.6264746742119054e-01	   7.4704256267397595e-01	   6.7784716089652619e-01	   6.5161397594098380e-01	   5.4040785730852814e-01	   9.0438430526580604e-01	   7.1565403307557907e-01	   0.0000000000000000e+00	   7.2799295571995326e-01	   5.9564142267683018e-01	   5.7115973793489316e-01	   2.4665872802674826e-01	   2.0158318699975103e-01	   6.4975989536084111e-01	   5.7494272296710391e-01	   5.1823577061732251e-01	   3.8499178039254012e-01	   3.6980880009152228e-01	   3.6612030854587369e-01	   2.0501815039690476e-02	   1.2008853557207994e-01	   3.8747388415994155e-01	   3.9917757301533674e-01	   3.6001719182676017e-01	   3.9282941299320140e-01	   3.9353297953047556e-01	   3.9499042660486700e-01	   5.9595360643405770e-01	   5.4221471306133773e-01	   4.5881329571513169e-02	   1.2480446602274872e-01	   2.5222641797743683e-01	   2.5957246964705771e-01	   4.2872188080945217e-01	   4.4867429687584648e-01	   4.0634235634758681e-01	   4.4538841503346016e-01	   2.9870626709180770e-01	   1.5087254621279730e-01	   2.7668668102959104e-01	   3.5671897646688100e-01	   3.6737048293045926e-01	   3.7990106211284391e-01	   4.4132070185309336e-01	   5.2170003568224854e-01	   4.4911253231834225e-01	   4.7936466753776641e-01	   1.9318946604795573e-01	   1.2035930903301764e-01	   4.9848609546837019e-01	   5.3425877633790519e-01	   3.0975611370067524e-01	   4.9053258976343000e-01	   7.0890819156379226e-01	   4.7232199431595512e-01	   7.8759443794089945e-01	   6.4388939766065101e-01	   6.5766140524375394e-01	   6.5029050148155743e-01	   2.6484905372171785e-01	   4.2561779124933075e-01	   5.6251430507096922e-01	   4.4718185005315653e-01	   5.4782258784487881e-01	   5.0045835523942528e-01	   5.2884118812568848e-01	   4.7639469773617410e-01	   4.2027071892755741e-01	   4.0564174578988355e-01	   4.4461807564121925e-01	   4.7386858893114864e-01	   4.9039183708597445e-01	   4.8882524648334280e-01	   5.7360227262307634e-02	  -1.7889219277285255e-02	   3.5010865280195841e-01	   2.6872482426122646e-01	   4.0318900472515562e-01	   3.9794433175669974e-01	   4.7090215715182032e-01	   3.9420690141567649e-01	   2.3579644199738353e-01	   3.0355172273978098e-01	   6.3086645087343030e-01	   6.1670115024825289e-01	   6.2313845644062082e-01	   5.9877716573266349e-01	   3.9999808588410091e-01	   4.5863543356678660e-01	   3.0738353734541472e-02	   6.4695968088798713e-03	   4.8408480812404242e-01	   4.7741835505572866e-01	   3.9122344065301540e-01	   5.2633861089629175e-01	   5.7626210349029172e-01	   6.1720582049875850e-01	   5.0361873948206903e-01	   5.0138398232166681e-01	   2.6781346001600403e-01	   1.5329428306670154e-01	   4.8418554598195573e-01	   4.8484070210230601e-01	  -4.8772398069612609e-02	   2.6017027792708680e-01	   5.1475698216477128e-01	   5.3462252718634296e-01	   5.7573633909759725e-01	   1.1646162658588305e-01	   1.7550822755021131e-01	  -1.9554682633355366e-01	
