   0.0000000000000000e+00	   8.5430210872570944e-01	   3.7441345833564399e-01	   4.2681122492748297e-01	   5.2097025537870334e-01	   3.7103273285092103e-01	   4.8410286633419009e-01	   4.1087861416477506e-01	   5.4941272221475246e-01	   4.4158581683684206e-01	   7.7909711241170199e-01	   5.4634112898109244e-01	   5.5142910652376176e-01	   4.5211933088608391e-01	   6.2323113791196261e-01	   6.0006259811630014e-01	   7.3910273049537600e-01	   6.5090610343942090e-01	   7.4828332680408083e-01	   7.7052536228008450e-01	   4.4836420201398908e-01	   4.4871927493473712e-01	   2.2206496815533486e-01	   2.4107480075498941e-01	   1.6793562820856317e-01	   1.0196310575531686e-01	   4.5062146107668055e-01	   3.8501893224735340e-01	   4.2677706446834762e-01	   1.8276808458565824e-01	   1.5532073009418773e-01	   1.4790261284528339e-01	   6.2241322549048128e-01	   6.0500127102386925e-01	  -1.7346045691850909e-01	   7.5364798774835290e-02	   2.5619270607749239e-01	   1.9452565548671669e-01	   4.0069799856006427e-01	   3.8670006718078742e-01	   5.6011822988540128e-01	   4.7997245338513972e-01	   4.4589562818012340e-01	   4.2447542551180739e-01	   3.2448742300255640e-01	   2.3255703678021555e-01	   3.3597684797813682e-01	   3.8126183728766799e-01	   4.8343942523473737e-01	   4.4387082248696014e-01	   5.8789236482037011e-01	   5.2897721080508320e-01	   7.1331075013422496e-01	   7.1610630733323233e-01	   6.2551352099360347e-01	   5.2830447415671289e-01	   8.9326152577507012e-01	   7.8872722931813133e-01	   4.9435569693182491e-01	   5.4341491812264631e-01	   5.7635730374978422e-01	   4.7692293573811512e-01	   6.3015496573587237e-01	   5.8742797850021766e-01	  -3.8972843831342710e-02	   1.9640739037505833e-01	   1.7149380414840307e-01	   9.5718586938643338e-02	   7.2824165803323104e-01	   6.1203134419973693e-01	   4.0662600466695253e-01	   2.2193661597881290e-01	   6.2196559657166817e-01	   6.1182768551017375e-01	   5.5463943056801579e-01	   5.8799099159381896e-01	   6.0774435095134149e-01	   5.2851656720464346e-01	   4.8746487571202157e-01	   3.4133690690934365e-01	   6.1225878122547139e-01	   5.7647665228802736e-01	   5.3440828056672474e-01	   4.0611934961633911e-01	   4.9241296604010465e-01	   3.4841426562176769e-01	   2.7675927393092969e-01	   2.4786020594841462e-01	   6.2193032766215584e-01	   6.2837253064840692e-01	   5.5039542666688135e-01	   4.0500180218288295e-01	   2.5429041021360599e-01	   4.0729857401034564e-01	  -2.0749374809371990e-01	  -3.7540156321196658e-02	   2.3429081111241454e-01	   3.3941059982963556e-01	   4.7291290047139173e-01	   5.3867914297259289e-01	   2.7230920954089999e-01	   4.5848239063456031e-01	   4.8802957770763261e-01	   4.6150062007521758e-01	   1.8703806831370057e-01	   2.5396154788124831e-01	   2.8988337270176429e-01	   2.3156252860398127e-01	  -2.8301018474056427e-01	  -2.0686607613539676e-01	   2.7562240747077132e-01	   2.6680537048162922e-01	   2.1622974487730975e-01	   2.6577599052837625e-01	   2.7533024387529003e-03	  -3.2579130624497105e-01	
   8.5430210872570944e-01	   0.0000000000000000e+00	   2.8574557965178599e-01	   4.1141333470622876e-01	   3.5743572573154064e-01	   2.0689900337204747e-01	   2.7409223242953140e-01	   3.8619306895669009e-01	   4.1593493202499793e-01	   3.2080150500490501e-01	   6.1909225007432567e-01	   4.6958801871092437e-01	   4.5103345828306790e-01	   4.2437215094657144e-01	   5.3469075798388854e-01	   4.5633025718536013e-01	   7.9133900945960023e-01	   7.3482736026227125e-01	   6.7989337412896023e-01	   7.1861758817948118e-01	   3.5800685473088417e-01	   3.5944371458793267e-01	   2.2498278763428592e-01	   2.4163495247086603e-01	   2.4077928063272361e-01	   1.5399537837701235e-01	   3.7729984777942849e-01	   3.6368384415723243e-01	   4.8669104699542864e-01	   3.0177415001367408e-01	   2.4347446443170312e-01	   2.2353560841191217e-01	   6.6481475913034305e-01	   6.4685403942594633e-01	  -5.8172494243619165e-02	   1.5200512693699986e-01	   2.1179714992707510e-01	   2.1961597681524736e-01	   3.7042583738764406e-01	   3.5023047179777933e-01	   5.0188807105486966e-01	   5.0354257112396406e-01	   4.4700255878861117e-01	   4.4970009733154398e-01	   2.8136861352162185e-01	   2.1956763361826259e-01	   3.0830884052292518e-01	   4.1427899984176342e-01	   3.2903487601136416e-01	   3.3264656016384475e-01	   4.5330674428358742e-01	   4.1688845485840426e-01	   5.6580172419140651e-01	   5.8610780517232486e-01	   5.1365169578586189e-01	   4.7001829200239964e-01	   8.4735911439109213e-01	   8.8370785683296127e-01	   2.3418436127610931e-01	   3.9468077334882379e-01	   3.7107661554800458e-01	   3.5641119074371741e-01	   4.5758272711759224e-01	   5.9672333858971371e-01	   1.7483340267431237e-02	   1.6092715558326051e-01	   1.3142136849910738e-01	   1.2084036068211310e-01	   6.7767959357033458e-01	   6.5774666037396012e-01	   3.3799942950205347e-01	   1.1077950247570877e-01	   6.0199737027390043e-01	   6.4507616725970252e-01	   5.2515461354096360e-01	   6.3900470900106809e-01	   5.6308160035465427e-01	   5.2749154263092113e-01	   5.7111985106697671e-01	   4.3841569565868788e-01	   6.3874141517308014e-01	   5.9020230000073726e-01	   5.2099052727399209e-01	   3.8917321268598337e-01	   4.2759979758830369e-01	   3.7625927319420349e-01	   3.2249287078066702e-01	   2.5074957065472758e-01	   5.2214122000320851e-01	   4.9217893034155608e-01	   4.4159543806793949e-01	   3.2729225276129481e-01	   2.8065909339538553e-01	   3.3433121998128645e-01	  -2.8336668571804054e-02	   7.3412893347780547e-02	   3.3083834945648111e-01	   4.1467751215684190e-01	   4.3497029750660604e-01	   5.0814636732067353e-01	   2.7568498879427922e-01	   3.8055126226888647e-01	   3.9535060937797406e-01	   2.9435156766565324e-01	   2.2211448998463007e-01	   2.8062018874606953e-01	   2.3530065832057645e-01	   1.1200345382330838e-01	  -7.5821843940866260e-02	  -2.9898521256156076e-02	   3.1984174027130674e-01	   3.5718713892812354e-01	   2.1816083039154111e-01	   3.0714020417981414e-01	   2.0818344319820956e-01	  -2.3537244083798320e-01	
   3.7441345833564399e-01	   2.8574557965178599e-01	   0.0000000000000000e+00	   2.0839143848370353e-01	   4.3979301577424162e-01	   1.1480010501987979e-01	   8.0110308401372143e-01	   2.2988403904229057e-02	   5.1012062169326367e-01	   1.3907937137154983e-01	   2.6048944625837944e-01	  -4.3568601507865727e-02	   5.0398467594592156e-01	  -1.0707335787738489e-01	   6.4974290321707562e-01	   3.0163893656887431e-01	   9.6286767705653017e-02	   1.1107545012722743e-01	   5.1844315362143756e-01	   4.8959619863213849e-01	   4.0195001171531330e-01	   2.7830648775439371e-01	   8.3351226887360308e-01	   5.9894263431762484e-01	   5.6435434046030386e-01	   3.2363198314563396e-01	   5.0871350741096399e-01	   3.7166193834759514e-01	   1.8112331082902083e-01	  -5.8433220452199758e-02	   4.9699526728242771e-01	   3.3053413091753880e-01	   3.9643456486750717e-01	   2.0213825697239376e-01	   4.0945736802802196e-01	   2.1380932429813693e-01	   3.1030931333620698e-01	   1.2783219625723802e-01	   3.9279479791878585e-01	   2.2682115521798044e-01	   3.8447524407705302e-01	   2.6319091056547433e-01	   1.1982473985808335e-01	   5.6714188832357404e-02	   6.8747339086557724e-02	  -1.6666207184900839e-01	   7.2726113435975265e-02	   2.4065668637669478e-02	   1.5620225098576951e-01	   3.6472027369148674e-02	   3.5835614854518982e-01	   1.8878465120825277e-01	   2.8205447131674144e-01	   3.7523368366802567e-01	   3.0677169857468667e-01	   2.1397483252189659e-01	   2.0479590560909611e-01	   1.7989261714408014e-01	   1.5284106980963175e-01	  -3.6008075944868510e-02	   3.9213200364138262e-01	  -1.4722071814370893e-01	   1.3137834993996444e-01	  -2.8801045910316278e-02	   4.6196192644580614e-01	  -1.0047009501966039e-01	   1.5366245932885747e-01	  -1.2291017150000494e-01	   5.3376573633606150e-01	   3.7465003275462833e-01	   5.2913687482062910e-01	   2.0906845501044055e-01	   4.2845537368121794e-01	   2.8430112062646307e-01	   4.4674682004438282e-01	   3.8684062450809775e-01	   3.8352417097845870e-01	   2.4431465607070763e-01	   1.6510653185580809e-01	   9.3428256458733164e-02	   8.3484663133659862e-02	   2.2003587636217697e-01	   4.9898736513393893e-01	   3.1918026279827322e-01	   5.1875672025331554e-01	   1.8266598280608232e-01	   4.2903653259760238e-01	   4.2092068280279832e-01	   6.1221795993841721e-01	   3.0292877687827052e-01	   1.4396667825136791e-01	   1.1078148742080408e-01	  -9.1769158556842839e-02	   5.3313910340053394e-01	  -7.0059562126984637e-02	  -1.9853911434853416e-01	   6.0615370694229655e-02	  -1.7733064671611104e-04	  -1.5277000690675889e-02	   6.6882776846669892e-02	  -1.8957558656273632e-01	   5.0224686678088504e-01	  -1.5184043270781034e-02	   1.3862395233072911e-01	  -2.7339966426178957e-02	   2.1905848278826323e-01	   8.3228104776184281e-02	   8.5719321440996060e-02	  -2.6176285308526892e-01	  -7.3857729778527489e-02	   2.9064837849107983e-01	  -4.6901419325344335e-02	  -1.6272621015930583e-01	  -7.1406950281416954e-03	  -5.9975582243474122e-02	  -2.9852905260011631e-01	
   4.2681122492748297e-01	   4.1141333470622876e-01	   2.0839143848370353e-01	   0.0000000000000000e+00	   3.8835863979078900e-01	   6.3568595590479360e-01	   2.9115345565000200e-01	   8.6702729844196647e-01	   4.2273465073055660e-01	   7.5744017599017954e-01	   1.0915499827169353e-01	   4.9559590053148644e-01	  -4.5602825427410267e-02	   5.5762090244124507e-01	   1.2954744749834790e-01	   5.4627185801141043e-01	   3.6779375187357549e-01	   3.8721259544920705e-01	   5.9502528342061478e-01	   6.2663283161207195e-01	   1.2713016885264872e-01	   3.0794800512880471e-01	   1.5636535896775344e-01	   5.1982428599976316e-01	  -4.4337185679999433e-02	   1.4570597292106721e-01	   1.6044356294073591e-02	   6.6946094441007421e-03	   1.3178716595331041e-01	   2.9002278340766285e-01	   6.0116976214896041e-02	   4.0314018542240093e-01	   4.7618131373782729e-01	   6.6857441921631211e-01	  -2.1574310513465772e-01	   1.1426809257076852e-01	   1.4255318990013793e-01	   1.4033921431781846e-01	   2.9286826172004221e-01	   3.3749794312641279e-01	   2.4539748988691740e-01	   1.7320821304466338e-01	   5.0952209030148410e-01	   4.9157414495394575e-01	   4.2947968168231698e-01	   4.8015282864482123e-01	   4.8371283585606123e-01	   5.1499474369282627e-01	   4.2520876046450723e-01	   4.4522076360977986e-01	   4.2972003428325423e-01	   4.4866220694511233e-01	   4.6790326412291400e-01	   5.0241443466496039e-01	   5.4078225286498760e-01	   5.1220117975283586e-01	   4.6180856149432636e-01	   4.6354094038687477e-01	   3.4802722556070398e-01	   5.4242769348103925e-01	   3.3144572933386640e-01	   6.7532293161223711e-01	   4.1374702386653656e-01	   5.8804653283191044e-01	  -9.7408879018454533e-02	   4.1685024693714645e-01	   3.9062008599148745e-01	   4.8536278068875660e-01	   2.6271867670456500e-01	   3.8220804002822140e-01	   3.1708416892833802e-01	   3.0311226237062561e-01	   2.7490968200318316e-01	   3.3529821637192037e-01	   3.1850749040475251e-01	   5.0258443628536931e-01	   3.0746792965681918e-01	   3.6086259954327787e-01	   4.1604741515135601e-01	   2.7195549817836240e-01	   4.5696755458284744e-01	   3.6079394746766047e-01	   1.5907333822860673e-01	   3.1338720074168580e-01	   1.8350368067718067e-01	   4.2345907308731168e-01	   8.5486104527712520e-02	   2.1922530280499072e-01	   3.3690382623825127e-01	   6.2932000802473298e-01	   6.3866388953024456e-01	   4.7201775857292838e-01	   6.0438461910858798e-01	   2.7749133238127593e-01	   8.3672424329059247e-02	   1.3065911907824825e-02	   4.7564464653857164e-01	   4.6502326062835131e-01	   6.2365414100397731e-01	   5.8123366482868832e-01	   6.9711589038232613e-01	   3.6495478034080142e-01	   5.3559902781641222e-01	   3.2385290679819106e-01	   4.7246079876148778e-01	   2.8211672042928393e-01	   2.7794018732791298e-01	   2.1116205811462352e-01	  -6.2251101815746432e-02	   3.3904843956545173e-02	   2.9250923012561697e-01	   4.0605196206219046e-01	   4.2517425502177464e-01	   3.4155285942175229e-01	   2.4930390146542697e-01	  -1.6217051937566412e-01	
   5.2097025537870334e-01	   3.5743572573154064e-01	   4.3979301577424162e-01	   3.8835863979078900e-01	   0.0000000000000000e+00	   7.7683384567436886e-01	   5.9284069466471256e-01	   3.5275247764503564e-01	   8.4484504481471390e-01	   6.2508013984032029e-01	   4.6755600744374948e-01	   3.8980332818682506e-01	   4.0489457914857641e-01	   3.6997174013197753e-01	   5.7225737569719071e-01	   5.6785220493759481e-01	   3.2700794225590341e-01	   2.4913568124394964e-01	   4.8964364429894291e-01	   4.8690774945854332e-01	   4.8351631047659333e-01	   5.0273735518373197e-01	   2.7876033709943143e-01	   3.4959858178567377e-01	   2.9874784635882062e-01	   2.6535914020563833e-01	   4.5313258358168196e-01	   2.7289305909797346e-01	   3.5187943456943219e-02	   1.7855450003410378e-02	  -5.5661779946622691e-02	   1.6174309388996464e-03	   2.7978646459621376e-01	   3.0286074314702660e-01	  -1.5750005853598753e-01	   1.1191574076298217e-02	   4.2248688134544915e-01	   2.0839643388621013e-01	   5.3947185730405156e-01	   4.7952780974667997e-01	   5.2348238793984780e-01	   2.5490574541035643e-01	   4.9749413692002920e-01	   4.3663228593228998e-01	   4.3682174297163390e-01	   2.2250662077198682e-01	   4.8299327186096347e-01	   3.7333438513383621e-01	   5.3405735880778205e-01	   4.4721135717539762e-01	   5.7169571015812881e-01	   5.3427483598130698e-01	   6.4202223592054830e-01	   6.4142058638072030e-01	   6.0967807695121667e-01	   5.1745998229295398e-01	   4.1179219264468980e-01	   3.3715250878381808e-01	   5.0214327921359736e-01	   3.6666491859162131e-01	   6.1394546520143578e-01	   3.6652777789869723e-01	   4.6617977635762509e-01	   2.4952080198728754e-01	   4.6341606575724677e-02	   2.0196546207837140e-01	   1.3451390443552522e-01	   4.9840823635861994e-02	   4.3201629273130393e-01	   3.2768213139010982e-01	   2.1925587421759488e-01	   2.1850249658387805e-02	   1.1957616013933764e-01	   1.1680708140601963e-01	   1.7888266271299055e-01	   2.5864848057470757e-01	   2.7423784443484694e-01	   2.8115712242196345e-01	   2.9604146504305895e-01	   1.2734066342119982e-01	   3.2137582056024605e-01	   2.6576008736100232e-01	   3.3571192714492148e-01	   2.5460888127075032e-01	   2.9785208427008941e-01	   8.9968780267634454e-02	   1.5811923762516114e-01	   1.9114277746543484e-01	   5.3296546900094810e-01	   5.7061287057950083e-01	   5.5347136217281623e-01	   4.2664737533759717e-01	   3.4560609918614493e-01	   4.6772789366286394e-01	  -2.4181331914480803e-01	  -2.1464596154747878e-01	   3.7468979993253465e-01	   2.0853550556998915e-01	   5.0547766952848538e-01	   4.6004639473537978e-01	   2.3610076113745909e-01	   4.1777477914514360e-01	   2.4053558920531271e-01	   1.9208363713071841e-01	   3.0432525729450555e-01	   1.8371826661002727e-01	   8.0057302425707827e-02	   9.1694237325203015e-02	  -3.8351942230458091e-01	  -2.1610250727877856e-01	   3.6062338847455222e-01	   2.6182913559580945e-01	   2.0928104892683150e-01	   2.1884034378559283e-01	   7.0419187030320851e-02	  -2.3834424823668607e-01	
   3.7103273285092103e-01	   2.0689900337204747e-01	   1.1480010501987979e-01	   6.3568595590479360e-01	   7.7683384567436886e-01	   0.0000000000000000e+00	   2.5875516514775454e-01	   5.7417294433491484e-01	   6.0865632311950324e-01	   8.2162504778827183e-01	   2.6837913216765841e-01	   5.1517722873695471e-01	   3.6199366353514131e-02	   5.3766043602524061e-01	   2.3549222919646451e-01	   6.6010223879791097e-01	   2.5189544146711440e-01	   1.9957908057680418e-01	   3.8868033678458080e-01	   3.9356752841997089e-01	   3.0709352101062826e-01	   5.0417472477865577e-01	   7.1964680656804595e-03	   3.1891607606225347e-01	   5.7832694583056579e-02	   2.5719370245735174e-01	   2.7007593712803257e-01	   1.9888614241409641e-01	  -7.6251758148377979e-02	   9.4668562512683380e-02	  -1.8776939345672433e-01	   7.5123232661871500e-02	   1.8742166278498640e-01	   4.0103938331826516e-01	  -3.0847550706378712e-01	   2.5441355301443438e-02	   3.4998458207423710e-01	   2.3747991437883872e-01	   4.6818427280145036e-01	   5.1343608370141203e-01	   3.3572654225880039e-01	   1.5964226762228756e-01	   6.1734207642852668e-01	   5.3481706002177143e-01	   5.5171022800411262e-01	   4.9114797741255145e-01	   6.2127393141498377e-01	   5.2853916388493982e-01	   5.6143485046287533e-01	   5.0748874308807568e-01	   4.8989950152800499e-01	   4.7772305309376872e-01	   5.4794327740298310e-01	   5.2422260072253635e-01	   6.0836608510599710e-01	   5.1847073088563522e-01	   3.8433499358445006e-01	   2.9490073704089176e-01	   4.7239009731637571e-01	   5.2673642272593157e-01	   4.8130579239988819e-01	   5.9998264583852068e-01	   4.8220929231394388e-01	   3.6435090567826811e-01	  -1.1009760755427986e-01	   4.1718980758876439e-01	   3.2566199736000057e-01	   3.8071191272452498e-01	   1.7174355840040162e-01	   1.7767017878221436e-01	   1.4484030432668016e-01	   1.9137179371677326e-01	  -4.6810056937713097e-02	   3.3905787056017343e-02	   1.9120968901874327e-02	   1.6663222359585500e-01	   2.6678622247008349e-01	   3.3103853031414110e-01	   2.3619204448448786e-01	   7.8136469565629238e-02	   3.2985203482162190e-01	   1.9118595403671915e-01	   9.7845058030658752e-02	   1.9632862892210423e-01	   9.1948876556021047e-02	   1.5018586211443699e-01	  -6.6568457017760874e-02	   7.7895391854667081e-02	   3.2096849005715677e-01	   6.6760964516625509e-01	   6.9760525033469833e-01	   5.4901371858012926e-01	   5.5069623242635712e-01	   2.7622529408072893e-01	  -2.4058983654935112e-01	  -1.9852389573676521e-01	   5.4622421237354857e-01	   3.2367087626766161e-01	   6.9671690056549473e-01	   5.7176940026445944e-01	   5.3582625260067218e-01	   2.4941448602787081e-01	   5.0188553179590012e-01	   2.9213376977891192e-01	   5.6750292299191263e-01	   2.8362840831595165e-01	   1.9707734519999362e-01	   2.7830081112040161e-01	  -3.6547867544395435e-01	  -2.1103891489939830e-01	   4.2486096066882778e-01	   4.6523382995902901e-01	   4.3578109042339552e-01	   3.6680335854212498e-01	   1.2598989332722255e-01	  -1.7051329355361958e-01	
   4.8410286633419009e-01	   2.7409223242953140e-01	   8.0110308401372143e-01	   2.9115345565000200e-01	   5.9284069466471256e-01	   2.5875516514775454e-01	   0.0000000000000000e+00	   2.7756124005203908e-01	   6.8637274393717562e-01	   3.4234290455214977e-01	   4.9287164602312800e-01	   2.2906596266912477e-01	   6.4153129413492715e-01	   1.7091122021997274e-01	   5.9967586612674639e-01	   3.2562663986415696e-01	   1.0672529126957470e-01	   1.2105583883862209e-01	   5.8866869791826859e-01	   5.3894339581876594e-01	   3.1506793944691414e-01	   2.0812925045643005e-01	   6.2696825787697674e-01	   4.7244188631577599e-01	   2.2253193218494771e-01	   3.9868692733172742e-02	   2.5573783403583139e-01	   5.9909131014083558e-02	   1.6236284808526102e-01	  -5.7025457435866803e-02	   2.3002358899915826e-01	   2.0399934576337916e-01	   3.5499477964085424e-01	   2.2795585914536801e-01	   7.8133328303917171e-02	  -1.8289772740585721e-02	   1.7228341136341835e-01	  -1.5034438569033701e-02	   2.4798921456146833e-01	   1.0942011263922866e-01	   3.5698903611539834e-01	   1.7171476762224053e-01	   2.0474281301888467e-01	   1.3116771890144263e-01	   1.8761289119138680e-01	  -5.7458919672202201e-02	   1.6724057705807466e-01	   3.9767721121159907e-02	   3.7594031352053386e-01	   2.0718569251793967e-01	   5.4013414422896366e-01	   3.4494541418676627e-01	   5.2452316244250263e-01	   5.5291083393471219e-01	   3.9188584029673790e-01	   2.7596721481703823e-01	   2.1859341258588000e-01	   1.7078998880874890e-01	   4.5741936371283709e-01	   1.4885887955446139e-01	   6.6022916319973723e-01	   1.6466306462990543e-01	   3.6583222603372434e-01	   1.1701462425064607e-01	   2.3156183311816614e-01	  -4.6420961337562135e-02	   1.4589349401143922e-01	  -1.0497092568816446e-01	   5.3008603777417473e-01	   3.7367836908923496e-01	   4.7837120341723516e-01	   1.3461499370649899e-01	   3.5037275848611438e-01	   2.1959916837931565e-01	   3.6622339609335219e-01	   3.5656166881482532e-01	   3.3846449310104265e-01	   2.7184563472782186e-01	   1.6298173421989673e-01	   7.0446929712067979e-02	   1.0767107516310755e-01	   2.1261993399845402e-01	   3.9074638427486785e-01	   2.2531568576845332e-01	   5.0251710421118201e-01	   1.3506212370794043e-01	   1.8850743588964758e-01	   1.9950379647792865e-01	   5.7073141345891065e-01	   3.0524268809501121e-01	   3.2521637775380352e-01	   2.6865432005277606e-01	   6.5732451915959361e-02	   5.5017898944895793e-01	  -1.0173772800196586e-01	  -1.3608633210043480e-01	  -9.2795230059580808e-03	  -1.6130049879921261e-02	   1.4095310016086093e-01	   1.7159689946861290e-01	  -1.4062031776773412e-02	   5.2981275244660719e-01	   1.0085430975724885e-01	   2.1155616795761711e-01	  -3.3502443403326893e-02	   1.3873923732911816e-01	   9.1340048517001365e-02	   9.3496986626268305e-02	  -2.4640310098869414e-01	  -1.4599832607258909e-01	   1.3558232911744092e-01	  -1.6115053686934187e-02	   1.0027202925278807e-02	   3.6693779714564542e-02	  -4.0799937351896694e-02	  -2.8683400871933878e-01	
   4.1087861416477506e-01	   3.8619306895669009e-01	   2.2988403904229057e-02	   8.6702729844196647e-01	   3.5275247764503564e-01	   5.7417294433491484e-01	   2.7756124005203908e-01	   0.0000000000000000e+00	   3.9401508682167097e-01	   7.2812418570151327e-01	   2.0569817914562533e-01	   6.3573272479412879e-01	  -1.2956769138205104e-02	   7.1181479739578180e-01	   2.1787915521881619e-02	   4.4861787366451034e-01	   3.0789621200333994e-01	   3.2742259097630744e-01	   5.1152371974461674e-01	   5.4104609352529698e-01	   3.7971168790787060e-02	   1.8781015371317394e-01	   1.0669815410101105e-02	   3.2378388730619889e-01	  -1.6377181262729956e-01	   5.1751505836408515e-02	  -1.3843096137835836e-01	  -1.4488099356664880e-01	   1.1584073356400561e-01	   3.2131039622636037e-01	  -7.7940216908273602e-02	   2.8610753578842474e-01	   3.9314103351371732e-01	   6.4284087575280935e-01	  -2.8502456949902077e-01	   4.9666659772850300e-02	   1.7798709988760930e-02	   5.2861513772210399e-02	   1.4998140761880771e-01	   2.4037234417708286e-01	   1.6046839968495510e-01	   8.9742270937007901e-02	   5.3408702764050708e-01	   5.1516335981883776e-01	   4.7634061898831032e-01	   5.5879010636912252e-01	   5.1296998984154707e-01	   5.3172958674072945e-01	   5.1746824296294458e-01	   5.0104008629955343e-01	   5.1370142246239281e-01	   4.9314359722424883e-01	   5.4595988096727566e-01	   5.1950997149042710e-01	   5.2482490411545035e-01	   5.2235944327527528e-01	   3.8737905770711978e-01	   3.7422139355466166e-01	   4.6669019358919661e-01	   5.5751645809958261e-01	   4.0781381453952836e-01	   8.4415610071956326e-01	   3.7737480509583077e-01	   5.6381639265962713e-01	  -1.4695909916766853e-01	   5.4712537047773746e-01	   3.5489724069402406e-01	   4.7394408022511098e-01	   2.3799282153250079e-01	   3.8402052222564281e-01	   2.7185347493684248e-01	   2.0961848183733617e-01	   2.0818221745440524e-01	   2.4235067128284754e-01	   2.6446953642027066e-01	   4.0766929569943555e-01	   2.1818276474178450e-01	   3.1378688077465816e-01	   3.8025902093913638e-01	   2.3014668998017634e-01	   4.7028606514856219e-01	   3.3944621299354422e-01	   9.4816029675838479e-02	   2.2362475081988464e-01	   1.8239983937589715e-01	   3.5353437762098344e-01	  -2.0707712254521556e-02	   7.1859868221471140e-02	   2.5270125789339232e-01	   5.8864450316512962e-01	   6.2015559106280838e-01	   4.2142441069634917e-01	   5.7027087500991258e-01	   2.1983087414285188e-01	   1.5330920758499322e-01	   1.7272390040152283e-01	   3.6300714282733376e-01	   4.6969074832767238e-01	   6.2249842527876553e-01	   5.7612754803156274e-01	   7.4021309496271792e-01	   4.0605156979488527e-01	   5.3527435475384288e-01	   3.4397897495355989e-01	   4.1182289865819849e-01	   2.4467355873229996e-01	   3.4586717602944650e-01	   2.8523333007793350e-01	   4.3410061136101477e-02	   6.0089697605711395e-02	   1.5739163871648010e-01	   3.6077084999387193e-01	   4.4105427007345344e-01	   3.5885862791434264e-01	   3.6253504507741369e-01	  -2.0204476569255427e-02	
   5.4941272221475246e-01	   4.1593493202499793e-01	   5.1012062169326367e-01	   4.2273465073055660e-01	   8.4484504481471390e-01	   6.0865632311950324e-01	   6.8637274393717562e-01	   3.9401508682167097e-01	   0.0000000000000000e+00	   7.2102374702758421e-01	   5.3658618403570391e-01	   3.8201622851988276e-01	   5.6276258189023121e-01	   3.5160217017940953e-01	   6.8193093803810179e-01	   4.9829798066483100e-01	   3.0523834889182883e-01	   2.6841336147265193e-01	   6.1054598530141990e-01	   5.6365131213124975e-01	   4.2364159007379198e-01	   4.2100830050334709e-01	   4.1609807949533961e-01	   4.3853808209107936e-01	   1.6720632196353327e-01	   8.4946617459529389e-02	   3.4043687346180679e-01	   1.5932865863295476e-01	   1.9303138448735035e-01	   6.6952501079247953e-02	   1.2192581532055827e-01	   1.7527351117879311e-01	   3.0105824050192787e-01	   2.8605067227990871e-01	  -1.4780645784077739e-01	  -8.9818362408015884e-02	   3.0795826520442976e-01	   6.1641323778993146e-02	   3.7273515682063213e-01	   2.4290194344634161e-01	   5.0119490209676565e-01	   2.1662018465567623e-01	   4.4721576006826819e-01	   3.7618396945280419e-01	   3.2618151010167418e-01	   9.4215191276220633e-02	   3.7059142758944930e-01	   3.2855320716691994e-01	   3.9286180097297840e-01	   3.7927074634596208e-01	   4.7720151667068000e-01	   4.6661358285147470e-01	   6.6974125767078330e-01	   6.9992092205883827e-01	   4.9084290920122042e-01	   3.8124899886914093e-01	   3.7528715644504507e-01	   3.6501558693454167e-01	   3.5061795786926020e-01	   2.5608568559775613e-01	   6.1283541295127386e-01	   3.1123254697632108e-01	   5.0135357503235256e-01	   2.4759122874055953e-01	   7.2066725471857926e-02	   5.5062492710253513e-02	   2.1345140649758253e-02	  -7.8690707412725505e-02	   5.0879507202119090e-01	   3.4482074344096691e-01	   3.6572110724840590e-01	   1.2853253948850568e-01	   3.4620223134872863e-01	   2.8062264981036622e-01	   3.7622938254970817e-01	   4.4841436932361839e-01	   3.8540787678289123e-01	   3.5983828068720536e-01	   2.8504535792658886e-01	   1.4986667218622321e-01	   3.0789241827755665e-01	   2.4555881809157576e-01	   3.4243174125252895e-01	   2.0257893261911625e-01	   3.8867098084960372e-01	   9.1678657510051470e-02	   1.0100094338162569e-01	   6.0521908036611241e-02	   5.6080552409231343e-01	   4.5757571039081557e-01	   5.3676815841350445e-01	   4.4606308399297318e-01	   3.8809411181600362e-01	   5.2449763126454296e-01	  -2.1661816959170327e-01	  -1.8083212246417987e-01	   2.8412038286980862e-01	   1.6783245582735998e-01	   4.5600212633947285e-01	   4.1085485998284355e-01	   2.5965725509466864e-01	   4.7144411694512534e-01	   3.0488120242366473e-01	   2.3448411590873597e-01	   2.7231548581796206e-01	   1.5202676373290860e-01	   1.2634062664031481e-01	   1.0329551795546134e-01	  -3.3662647765618248e-01	  -1.4399357785399308e-01	   3.3362538730168123e-01	   2.7199163859692854e-01	   2.0950361888645094e-01	   2.4939035099965115e-01	   1.2462765873035453e-01	  -3.0472667227909483e-01	
   4.4158581683684206e-01	   3.2080150500490501e-01	   1.3907937137154983e-01	   7.5744017599017954e-01	   6.2508013984032029e-01	   8.2162504778827183e-01	   3.4234290455214977e-01	   7.2812418570151327e-01	   7.2102374702758421e-01	   0.0000000000000000e+00	   3.4031104349649854e-01	   5.8716750407856577e-01	   1.7074838098970979e-01	   6.3165628545196562e-01	   3.3968794009811343e-01	   6.6974081800044727e-01	   2.8202174972770599e-01	   2.8476063311877559e-01	   5.9672254768585864e-01	   5.6063463431554472e-01	   2.8457530130658326e-01	   4.3337179824545724e-01	   1.3601429920450073e-01	   4.5728128131703072e-01	  -9.6844238390656812e-02	   8.7059202106665429e-02	   1.1949741819434706e-01	   7.5097724456058043e-02	   1.3451292109419155e-01	   2.3241685316654592e-01	   2.2857204689450100e-02	   3.3896896209032290e-01	   2.8940810409713658e-01	   4.7233393723400496e-01	  -2.9015489893960145e-01	  -1.1502835836447543e-02	   2.0369224036107181e-01	   1.1540792138219523e-01	   3.0471742281120906e-01	   2.9310176608837474e-01	   3.1751513403436488e-01	   1.6430893783910983e-01	   5.6643302156468200e-01	   4.8455991236358920e-01	   4.6698330859136811e-01	   4.2023869319965651e-01	   5.3134093358538448e-01	   4.9136446056972183e-01	   4.7582532858919330e-01	   4.7666658576052640e-01	   4.3550836314024954e-01	   4.3016761498255801e-01	   5.9362610668431848e-01	   6.1430288275972933e-01	   5.2014936113230459e-01	   3.8938248366800154e-01	   3.9696161952533487e-01	   3.7634026717576791e-01	   3.2748594244779744e-01	   4.7163258730613439e-01	   5.2537453450394023e-01	   6.5449898961309538e-01	   5.6429390461711559e-01	   4.3474684753197668e-01	  -9.7855837187748373e-02	   3.4945403860864721e-01	   2.3347020016460934e-01	   3.1043837709670452e-01	   2.5030092030792761e-01	   2.8348500213524402e-01	   3.0872313474204244e-01	   3.1955794945196403e-01	   2.0710296411390441e-01	   2.5055572667897191e-01	   2.2505361711995547e-01	   4.0877625547362539e-01	   3.7154175322048077e-01	   4.0374602890201527e-01	   2.9639763381447165e-01	   1.2150281284854850e-01	   3.9709019658372258e-01	   2.7620505650160387e-01	   1.3582441837596251e-01	   2.3273589598308816e-01	   2.2339552008840829e-01	   2.7884580937779607e-01	  -1.2975076876712402e-01	  -2.1521250024976707e-02	   3.4388333593125142e-01	   5.6820331482860054e-01	   7.2352980999797045e-01	   6.0159746960289051e-01	   6.9308577581463893e-01	   3.2082355318225297e-01	  -1.6800086647270285e-01	  -1.2086284965645647e-01	   4.6726604751467254e-01	   2.7886962627296324e-01	   6.9453296609005333e-01	   5.4499280332940347e-01	   6.8923871428434680e-01	   3.2920476457170966e-01	   5.9485382630383321e-01	   3.3069737469938904e-01	   5.3415155526760971e-01	   1.8191483946149403e-01	   2.4210902708065885e-01	   2.3168971951784739e-01	  -2.7134601317233931e-01	  -1.5110106885227148e-01	   3.5839994956985594e-01	   4.3973269141683391e-01	   4.3253207516024889e-01	   3.8068108240943660e-01	   2.3558224161947017e-01	  -2.1502049364979831e-01	
   7.7909711241170199e-01	   6.1909225007432567e-01	   2.6048944625837944e-01	   1.0915499827169353e-01	   4.6755600744374948e-01	   2.6837913216765841e-01	   4.9287164602312800e-01	   2.0569817914562533e-01	   5.3658618403570391e-01	   3.4031104349649854e-01	   0.0000000000000000e+00	   5.7952501392597378e-01	   7.7728099269755058e-01	   5.1151987352096029e-01	   6.1036175617171906e-01	   4.9713892087018241e-01	   5.7426943172511591e-01	   5.2324845875660186e-01	   5.1967411653615769e-01	   4.9220551925645739e-01	   3.2343844384593523e-01	   3.3590457209814267e-01	   2.0484943744324757e-01	   1.4349639869990222e-01	   5.6052470780917282e-02	  -2.8015203730438077e-02	   3.3349895352021985e-01	   2.2377493220461758e-01	   3.7417315566020304e-01	   1.3019658537350101e-01	   3.1475552529922540e-02	   5.6302315790504112e-03	   3.0227121156061676e-01	   2.7531267776163870e-01	  -2.0243025876684045e-01	  -9.5576632148210619e-02	   2.0462954786883011e-01	   8.7196067832127466e-02	   2.7233040353217458e-01	   2.2255726206453069e-01	   4.7853223598112909e-01	   3.8458112904734232e-01	   2.9858438905306672e-01	   1.9761803634343170e-01	   1.4601680195447747e-01	   4.2428047605228635e-02	   2.0140165546876670e-01	   1.6283770659842831e-01	   3.8740216285414925e-01	   2.2804245988291555e-01	   5.1329664063033631e-01	   2.9164580551291636e-01	   6.0220735705089234e-01	   5.2054187450866718e-01	   4.4270093222640949e-01	   2.5456101061749981e-01	   5.7750306550235941e-01	   5.1771928497835351e-01	   4.1859803395989487e-01	   3.1732912529496587e-01	   5.9861921071726742e-01	   2.7903209757981673e-01	   6.7179807787127754e-01	   4.0218913740167900e-01	  -3.2566440332599714e-02	   2.5743729999008785e-02	   5.5330487143914912e-02	  -6.8509933984137877e-02	   5.4101473219523799e-01	   3.8747717552671684e-01	   2.5705461620210773e-01	   1.0825283859397664e-01	   4.4055473666973083e-01	   4.5175915436281028e-01	   3.7703752365419363e-01	   4.4953981193300568e-01	   5.4659873112825430e-01	   4.5038958626424408e-01	   3.1474583513747412e-01	   2.3777206444036697e-01	   4.5577287027457219e-01	   4.7067757407505140e-01	   4.1160825538210244e-01	   2.1842930755339945e-01	   5.0777503150207748e-01	   2.1275460168624555e-01	   6.9349474131450761e-02	  -1.6187664703253384e-02	   5.1524361488947001e-01	   3.4884802182651609e-01	   3.8526183848900530e-01	   3.3707759051012109e-01	   1.8212242784547120e-01	   3.3447203904085532e-01	  -1.7785001221179994e-01	  -3.7057716320483443e-02	   7.9159034671164780e-02	   1.0057999405197701e-01	   2.6806896883425874e-01	   2.5485158741290864e-01	   1.1961553853204468e-01	   3.1992845456580637e-01	   3.1106996236513679e-01	   3.3152106754217614e-01	   7.7389946814920993e-02	   9.1861761945742096e-02	   1.1409816666708898e-01	   7.6575060038055712e-02	  -2.4297584234130248e-01	  -1.8542488932461895e-01	   2.4390905225330409e-01	   1.6941870192782674e-01	   9.0145018204746186e-02	   2.8417051511895441e-02	  -1.1949694071246030e-01	  -2.9177548006777909e-01	
   5.4634112898109244e-01	   4.6958801871092437e-01	  -4.3568601507865727e-02	   4.9559590053148644e-01	   3.8980332818682506e-01	   5.1517722873695471e-01	   2.2906596266912477e-01	   6.3573272479412879e-01	   3.8201622851988276e-01	   5.8716750407856577e-01	   5.7952501392597378e-01	   0.0000000000000000e+00	   2.3596172021830236e-01	   8.6941870775582086e-01	   1.8237885836037981e-01	   5.4058230830436760e-01	   3.9394394723853599e-01	   5.4167488822391940e-01	   4.9699259866748824e-01	   5.2009677701922252e-01	   2.1072682557507053e-01	   3.5650409397474270e-01	  -8.2957961040542635e-02	   1.2158546738963683e-01	  -1.4619636504935360e-01	  -3.9586690611717178e-02	   4.8572956672785217e-02	  -1.8076746854074066e-02	   1.7791754434110293e-01	   3.6201478970355477e-01	  -6.5879856806531217e-02	   1.0221550463608198e-01	   3.0640232450576282e-01	   4.9083013697119010e-01	  -4.3445977210161446e-01	  -1.8452306304710475e-01	   8.7288322925099027e-02	   6.9957943678909174e-02	   2.4975051630519671e-01	   3.8917227630023793e-01	   3.7384903277470649e-01	   2.4959392926941246e-01	   6.1424445442035169e-01	   5.4026867027096959e-01	   5.7362028968269629e-01	   5.8901929124575525e-01	   5.8851897879521464e-01	   5.0173402273640355e-01	   6.9400662919043654e-01	   6.2192785203893475e-01	   5.6607388732071084e-01	   5.3391205667474484e-01	   5.6288425789533847e-01	   3.8682718100833180e-01	   6.2491197984574598e-01	   5.1797753884053466e-01	   4.4478548824515046e-01	   4.1519337876656537e-01	   5.0604331563130633e-01	   6.7103559666264501e-01	   4.1773294646810138e-01	   6.7450777980678922e-01	   6.6811967744941270e-01	   6.8211718580472258e-01	  -3.2769784321183293e-01	   2.2856638634936255e-01	   3.0531114458037933e-01	   3.7107464892066006e-01	   1.5212443739202153e-01	   1.3440828606870342e-01	   1.8433962129624232e-01	   2.1454409848078090e-01	   2.4272616392553287e-01	   4.0536294949632334e-01	   2.0719648471483529e-01	   3.8875029756597035e-01	   4.2948344029398644e-01	   4.8257024197954101e-01	   3.8929334561630891e-01	   2.5095573092748363e-01	   4.7411657014659764e-01	   4.4081827816913233e-01	   2.2444590818144672e-01	   2.1290889339082855e-01	   1.8808185139873934e-01	   1.1480058227155945e-01	  -1.2545327230626691e-01	  -8.4195544611825143e-02	   1.7394109900722410e-01	   3.7137839200856443e-01	   5.0691245753296599e-01	   3.0467418107914679e-01	   3.2038021753738638e-01	   3.8497849949261198e-02	  -4.6662615326255381e-02	  -4.5921527084173040e-02	   2.6565305819976681e-01	   3.4775367999435142e-01	   6.0134598569483089e-01	   4.3463033832483106e-01	   3.8243328407445121e-01	   1.3121149978377555e-01	   4.6889909033416100e-01	   3.2068596677041689e-01	   3.7861136609732932e-01	   2.7707296149346239e-01	   1.3685313675608080e-01	   1.4179296252426604e-01	  -2.2251704931919736e-01	  -1.6827754606018600e-01	   2.6418799965982215e-01	   3.0761569573703540e-01	   2.1864056283346608e-01	   5.7672370643281901e-02	   7.6324336165239148e-02	  -9.9792580590002788e-02	
   5.5142910652376176e-01	   4.5103345828306790e-01	   5.0398467594592156e-01	  -4.5602825427410267e-02	   4.0489457914857641e-01	   3.6199366353514131e-02	   6.4153129413492715e-01	  -1.2956769138205104e-02	   5.6276258189023121e-01	   1.7074838098970979e-01	   7.7728099269755058e-01	   2.3596172021830236e-01	   0.0000000000000000e+00	   2.6757249683675188e-01	   7.8291910606615200e-01	   3.5861884814049283e-01	   3.6211544108884458e-01	   3.7551606162731005e-01	   4.8869046346347039e-01	   3.6430600267385460e-01	   4.2534181881495603e-01	   3.2901016283766432e-01	   6.1946017876559645e-01	   4.2872275612151711e-01	   3.0925730098037923e-01	   1.2323804409140088e-01	   3.7068561368539621e-01	   2.6219145019457146e-01	   4.3664937088360295e-01	   1.6709756667600528e-01	   3.6830716197709001e-01	   2.3774067490738260e-01	   1.6018311181779410e-01	   5.8021663911286530e-03	   1.5111174949159140e-01	   3.6659136461237876e-02	   3.1073565967836059e-01	   1.5833423917963985e-01	   3.0119269863191889e-01	   1.1899379646394742e-01	   5.1488940106351866e-01	   4.2485500221871253e-01	   6.6953573929411619e-02	  -3.8675991524922168e-02	  -5.3712184748431022e-02	  -2.9562411668714211e-01	   9.6826972478816376e-03	  -5.9736158301868257e-02	   1.4539148602195842e-01	  -1.9021764944426801e-02	   4.7080222710624819e-01	   1.0700106961102496e-01	   5.2867443257401714e-01	   5.0813811436712275e-01	   2.9487315174263101e-01	   7.1707486330530174e-02	   2.8942858122476006e-01	   2.8301057076925462e-01	   1.4003329140339638e-01	  -8.7407209992584237e-02	   5.2947772110743374e-01	  -2.0527887069115812e-02	   4.3695933926235719e-01	   4.0062956708328518e-02	   3.4563482991073924e-01	  -7.4550242861002744e-02	  -2.6369244661122559e-01	  -4.3799670908520028e-01	   5.5586736686270044e-01	   3.5684846867154524e-01	   3.2482919120055032e-01	   4.7610342752089210e-02	   4.8408606695813194e-01	   3.9059100699509841e-01	   4.3691049308312269e-01	   4.4721169549644185e-01	   4.8876234310176991e-01	   3.0805214117800894e-01	   3.4419916872029305e-01	   3.3599809380530976e-01	   3.0554789467279031e-01	   4.1090310402367636e-01	   5.8533646634282888e-01	   3.7037510544104968e-01	   6.8909294859022197e-01	   2.6575191507593615e-01	   3.2561528571597365e-01	   1.8009115200764778e-01	   6.3070489750944247e-01	   1.4883851267497616e-01	   1.7759323207706429e-01	   1.5979506517251868e-01	   6.2034421548737978e-02	   3.5243624842152055e-01	  -7.7347085719204067e-02	  -3.9736447239999938e-02	  -5.5559727857764821e-02	  -8.4561809046713121e-02	   1.3387777812235723e-02	   3.1106949576843235e-02	  -1.1168535069737515e-01	   2.8950306771285450e-01	   1.7112201528134089e-02	   4.7274300565113170e-02	  -1.0364130239906182e-01	   1.5758369314473233e-02	  -7.3698739721447859e-02	  -1.6226467618660453e-01	  -1.8018250695004251e-01	  -1.0416136819236232e-01	   2.2404139866936884e-01	   1.5911116117107476e-02	  -1.1401057074027557e-01	  -4.5215974014965202e-02	  -6.6188653670628345e-02	  -2.5457950230169757e-01	
