   0.0000000000000000e+00	   7.8211719400993518e-01	   1.2423086759709109e-01	  -2.8814648405924993e-02	   3.5705834340418890e-01	   1.6829521776378981e-01	  -4.9903904734440188e-02	  -2.1319466393658223e-01	   2.2474245107400384e-01	  -2.6745473737102714e-02	   2.6778879692819968e-01	  -4.0688479208859513e-02	   1.4381085858654913e-01	   8.2386140013274059e-04	   2.7040855317952783e-01	   8.7752164512996961e-03	   6.4183881942230503e-01	   7.0431426341719783e-01	   4.2256044868459375e-01	   3.0362350861149873e-01	   3.9931494116016375e-01	   2.9151466441200280e-01	   3.3276037025475338e-02	  -2.2659140808496758e-01	   2.2202858700680189e-01	   1.8884512672851567e-01	   3.0474824456984606e-01	   2.9982881263585504e-01	   3.7071145317799481e-01	   1.7210116352072710e-01	   5.0537704033312036e-02	  -1.1659678560639143e-01	   3.7150360337070465e-01	   2.8069405081199905e-01	   3.7177660544232063e-02	   2.4138971158577670e-02	   1.2738162087290517e-01	   1.9315181258147834e-01	   3.9141349552060312e-01	   4.9511544817515851e-01	   4.0025963136686216e-01	   4.1272341783757815e-01	   6.4649766758803628e-02	   2.0446392338126207e-01	   2.5592488784482881e-01	   2.9466769838684082e-01	   1.3676172961381192e-01	   1.8493775157774797e-01	  -3.8398799410712108e-02	  -2.0458667285909234e-02	  -9.2803033724794343e-02	  -1.5781980154124897e-01	  -2.7917334504443936e-01	  -2.6689276561834185e-01	   1.2144313566015522e-01	   1.5868734253133229e-01	   8.6904021862143410e-01	   6.9789157295865500e-01	   5.0998942500827676e-02	  -2.5418323535292491e-02	   7.8177405561070459e-02	  -2.2480818587696574e-01	   3.5671221249717222e-01	   8.7522091263447774e-02	  -2.7264265341120218e-02	  -2.6722955481066984e-02	   9.2151767562528034e-02	   1.2174593892919318e-01	   6.4297984728542568e-01	   4.1887611165474326e-01	  -9.4242474638244478e-02	  -6.6639159975133005e-02	   6.1188204814191530e-02	   2.0690456476125593e-02	   1.7245463055756904e-01	   1.3966939695992958e-01	   2.3225514362548914e-02	  -1.0351995947036255e-01	   3.5107231568084635e-01	   5.8332298037493824e-01	   6.1191949261852263e-01	   5.1232597442400141e-01	   5.1533646715080350e-01	   4.6055679665972082e-01	   8.4802417277277803e-02	   1.6536406491211941e-01	   4.1881867260491978e-01	   2.2572892032054753e-01	   1.3719585575925561e-01	   3.2325493265932703e-02	  -3.2852662091401758e-01	  -1.9981933792032380e-01	  -2.7504007218766718e-01	  -8.4307088087892557e-02	  -4.7348312650297528e-02	   1.1253003072242924e-02	   2.8449778843211443e-01	   2.5907670795014925e-01	  -1.0991772837362410e-01	  -1.5102292026250500e-02	  -8.0701620100266450e-02	   2.4764021109695555e-02	  -6.4923969163791667e-04	   1.4804738904173148e-01	  -1.0710842677452492e-01	  -5.1683654663971332e-02	  -1.0483525374100482e-01	  -4.9886717804820048e-02	  -3.6030987042937085e-01	  -1.9955620429042742e-01	   2.3687791627835894e-02	  -9.5515918359163773e-02	  -2.2942604282144449e-01	  -2.4262018386397768e-01	  -3.0692740534552415e-01	  -1.8709137458802994e-01	
   7.8211719400993518e-01	   0.0000000000000000e+00	  -2.2030183311341839e-01	  -2.7717808802751759e-01	  -3.8570341725963513e-02	  -1.7846460308835960e-01	  -2.7895974351562580e-01	  -2.6225338817062227e-01	  -1.5125625401724614e-02	  -1.6053002775099207e-01	   9.7570283955438472e-02	  -1.9629050249516545e-02	   3.7674209012019830e-02	  -4.1469200838886916e-02	   7.3833914165017583e-02	  -5.4262377906031729e-02	   5.0918878010702195e-01	   6.3900274060310569e-01	   1.8653438561735555e-01	   2.6320177149724877e-01	   6.3092716950526984e-02	  -1.4947116441005714e-02	  -1.9613985843468529e-01	  -3.5844748543105232e-01	  -1.0544268986746318e-01	  -1.0292706752213211e-01	  -5.1434329194215478e-02	  -6.6007370531262946e-02	   4.6273222021168936e-01	   2.4653162469759599e-01	  -1.3053354152208418e-01	  -2.4948775386467703e-01	   2.9772419962017949e-01	   2.1959214033237362e-01	  -1.6911857194345653e-01	  -2.1394958883160192e-01	  -4.0634888956088949e-03	   5.0602195666485571e-02	   1.3873538923293624e-01	   2.4811890369304918e-01	   2.1470040261908868e-01	   2.9074655374915748e-01	   3.4386801870605936e-02	   2.0254582798598564e-01	   9.1993657990111055e-02	   1.6838840302626246e-01	   1.3112893160888034e-01	   1.4015681633407090e-01	  -1.3963608721710170e-02	   1.1227351244391887e-01	  -6.4567089915697123e-02	  -3.9755488716814634e-02	   1.1613204721902125e-02	  -2.3712379920179230e-02	  -5.8867674591646608e-02	   7.2617926983026410e-02	   8.3617372361254971e-01	   8.4853782631656194e-01	  -9.3111335929125461e-02	   4.8006567437275355e-02	  -3.7758475744812642e-02	  -2.4852520967889777e-01	   2.6496358997929614e-01	   1.7687874664837222e-01	  -2.3763935241393402e-01	  -2.8849334163882567e-01	  -1.5835986653009812e-01	  -1.1391386329118430e-01	   6.5569519737104320e-01	   4.5413902943752432e-01	  -3.5301659233562593e-01	  -3.1700804849475689e-01	   4.1539622390348488e-02	   1.1080739721672742e-01	   5.5654145596028007e-02	   1.3551400360880489e-01	   4.9663870612097177e-02	  -6.0488133107090253e-02	   3.0131777138703869e-01	   5.9357898870957559e-01	   4.3862906315364841e-01	   3.6034452852514276e-01	   3.0295616094501332e-01	   2.1669589163491498e-01	  -1.7087566535879903e-01	  -1.2599073683820122e-01	   2.4035455216334500e-01	   8.1671627309716333e-02	  -1.4210579536516754e-01	  -6.1850913841717689e-02	  -3.0945403515204933e-01	  -3.1252356891003830e-01	  -4.3087879696315673e-01	  -3.8592531858315837e-01	   6.4339203672291595e-02	   9.1532342181874504e-02	   9.6160874063867779e-02	   1.5287944218243177e-01	  -4.8650005944395038e-02	   7.8905107721320326e-05	  -9.7621331568526981e-02	  -2.1431282644717217e-01	   4.3271614597986424e-02	   1.4696388259484251e-02	  -1.8526882752560928e-01	  -2.7149143205159043e-01	  -1.8038462131738309e-01	  -1.4422146215208223e-01	  -3.0125591099401017e-01	  -1.8635099515841100e-01	  -1.5351826171313293e-01	  -1.4990504669594115e-01	  -1.2068830027574748e-01	  -8.0278413081466479e-02	  -2.0715294563030262e-01	  -4.6699882222084148e-02	
   1.2423086759709109e-01	  -2.2030183311341839e-01	   0.0000000000000000e+00	   7.0159787413248287e-01	   7.4709405563954201e-01	   6.5856158051578018e-01	   7.8096934988358202e-01	   1.7911751747584737e-01	   4.7123114976750791e-01	   3.7263210511388428e-01	   1.9350263370472903e-01	  -1.9965547502194529e-02	   5.6266834345457775e-02	  -4.7832345849102842e-02	   4.4487030509200426e-01	   2.4807392167520914e-01	  -4.6699984276320439e-02	  -1.5068415793473799e-01	   7.1401856120420915e-01	   4.4926159303275237e-01	   5.3791602000361871e-01	   5.6899104141544454e-01	   7.2033382408772939e-01	   5.7012620124278091e-01	   6.8180639324303516e-01	   6.4933302192329423e-01	   6.5148262338475704e-01	   6.3595480920323033e-01	  -1.7074263792315303e-01	  -3.3497713297500531e-01	   6.1616287505675671e-01	   5.2312379278286836e-01	   5.0824892210805017e-01	   4.3456900903751744e-01	   6.3493484310289872e-01	   6.0941876653079319e-01	   4.1270723196498504e-01	   3.5686885003958063e-01	   4.6225744293280269e-01	   4.9244890530702617e-01	   4.5099990944197887e-01	   3.4884978115594151e-01	   4.5520741602977960e-01	   3.3500900595566363e-01	   3.3995155102679087e-01	   2.6210431879886648e-01	   3.3520587465955320e-01	   4.1088701893239232e-01	   1.2576760395385975e-01	   1.1235187795932201e-01	   1.6713534970945376e-01	   8.6286464205009586e-02	  -7.5733312611799275e-02	   3.1829527237518064e-02	   4.6855034983348420e-01	   3.1323853406073976e-01	  -2.4510910467490737e-02	  -7.5995656488408864e-02	   4.2866334634666392e-01	   1.6561468005267954e-01	   3.9478848952260720e-01	   2.4953319024248313e-01	  -1.4900629017121973e-02	  -1.5129221494012746e-01	   6.5787508169875886e-01	   5.8302772630689814e-01	   6.2240739202822104e-01	   5.3741239733859492e-01	   1.5797219374386842e-01	   3.1783234696649554e-01	   4.6009086757511664e-01	   4.5763610526853271e-01	   1.9528270151353766e-01	  -7.8647804284424583e-02	   3.2226216860225210e-01	   8.6864122455251935e-02	   4.3741993462547535e-01	   3.4359566533656016e-01	  -1.8391166511586465e-01	  -1.6467535058345370e-01	   3.4230295993889395e-02	   3.4242857726017588e-02	   4.4109808828265235e-01	   3.8186636050448569e-01	   6.4243780761774349e-01	   5.2118091946352607e-01	   4.0592888026419582e-01	   4.1130862024673787e-01	   7.7234995093168424e-01	   6.0477128935035873e-01	   2.5531140692222343e-01	   4.3546531918740378e-01	   4.7547585665670000e-01	   6.9968473083783467e-01	  -1.5284953727571518e-01	  -1.4858072345021578e-01	   4.5802625561791510e-01	   2.4210459328198272e-01	   2.3690304121404085e-01	   1.7777178865974241e-01	   2.8465146008423270e-01	   5.4000014707602562e-01	   1.7919699065655406e-01	   2.2736957282107501e-01	   2.3334681214678210e-01	   4.2744641834689828e-01	   1.4641943694765039e-01	   3.1669405213983093e-01	  -2.0569699540644651e-01	  -5.2158322236449131e-02	   4.9665691947935542e-01	   2.8891683876541829e-01	   2.1422961086641421e-02	  -4.6543477449980795e-02	   4.9306942621556195e-02	  -2.9468619627431514e-01	
  -2.8814648405924993e-02	  -2.7717808802751759e-01	   7.0159787413248287e-01	   0.0000000000000000e+00	   4.8414451427943028e-01	   8.2381465401645315e-01	   6.1552418953003296e-01	   5.8311272172730710e-01	   3.3637477109643293e-01	   5.1386210173262170e-01	   5.5287805696062536e-02	   2.8549502008784922e-01	  -2.2252857734985379e-02	   1.7953559723207957e-01	   1.9924417285746493e-01	   3.1858252790586106e-01	  -1.9173074692861847e-01	  -2.0311966597872783e-01	   5.0570701598287193e-01	   5.6471402654607916e-01	   3.8968031391259833e-01	   5.4848650568169943e-01	   5.3754492870212356e-01	   7.7527104587057027e-01	   4.6731065060815913e-01	   6.3964467452465890e-01	   4.8200967701973052e-01	   5.3778928678814375e-01	  -2.9179781258511484e-01	  -2.0687189116998106e-01	   5.1582389637586001e-01	   6.1574162032568813e-01	   4.9188433421337768e-01	   5.2492809614933800e-01	   6.8140285271525758e-01	   7.1184804441014937e-01	   3.1733063426676705e-01	   3.0607608863809521e-01	   3.3915694627149745e-01	   3.8997990515651509e-01	   2.9967019740621292e-01	   3.6138610232662466e-01	   4.4261454272158363e-01	   3.0229928336329959e-01	   2.2192328242807172e-01	   1.3037882412647392e-01	   2.7737584062352949e-01	   3.3113865854913055e-01	   1.0749397920859323e-01	   1.2277610508328346e-01	   2.1107901934532172e-01	   2.3996003301333432e-01	   7.8468544660814640e-02	   1.3195687082117818e-01	   4.6047638585362410e-01	   3.3337443433399050e-01	  -1.0655586238739442e-01	  -1.4424819445977385e-01	   5.6864723902910397e-01	   4.0481428678515513e-01	   4.5811466381242305e-01	   6.2065354919084781e-01	  -1.1186934538572764e-01	  -5.3909448673458073e-02	   6.3749961908596608e-01	   8.5816816370121107e-01	   6.5298921470888505e-01	   6.2192032088375715e-01	   2.8901425131061368e-02	   2.9761632186129372e-01	   3.1623842992133999e-01	   4.7551220431861951e-01	   7.3399356398156326e-02	   2.5434603794599567e-02	   1.6090242764941809e-01	   2.0501705974550222e-01	   4.1691202338397448e-01	   3.7379447041353631e-01	  -9.3213265652409089e-02	  -1.4274904008490513e-01	   8.3964247731903613e-02	   1.3514186899166797e-01	   2.5457312708118918e-01	   3.7760338161941320e-01	   6.2538094599403182e-01	   6.1938436677049735e-01	   3.1408720928605394e-01	   4.6127925329980474e-01	   7.2218698986706220e-01	   6.4696956576298059e-01	   3.6227983267739083e-01	   4.3036618618892231e-01	   6.2277840680950858e-01	   5.3389797901000846e-01	  -1.2314735116156841e-01	  -1.4408761051107943e-01	   4.1653567261482100e-01	   2.1973413066555583e-01	   2.8493542840219699e-01	   1.3576733766255200e-01	   5.9231816305812024e-01	   4.1754634287425640e-01	   3.5881742248154103e-01	   1.6403470777921786e-01	   4.9008203771272008e-01	   4.6990724958069874e-01	   3.7873157425953541e-01	   3.8023913748468208e-01	  -1.0659370654865372e-01	   3.6320782433972375e-02	   4.8089621041261899e-01	   2.7098213567466151e-01	   1.4168165527535440e-01	   6.9517995478216466e-02	   2.1414148196934416e-01	  -1.1591964576139249e-01	
   3.5705834340418890e-01	  -3.8570341725963513e-02	   7.4709405563954201e-01	   4.8414451427943028e-01	   0.0000000000000000e+00	   6.7176072390287500e-01	   6.0871158648738133e-01	   1.3454867205087989e-01	   6.6983311347125007e-01	   5.1176051050239801e-01	   2.8218811704879582e-01	  -8.7777976497240312e-02	   1.5582866934710785e-01	  -3.3248802625840471e-02	   6.3369852798815929e-01	   2.8079005181666272e-01	   2.0329826830634817e-01	   1.4123144111568869e-01	   6.4486768137204753e-01	   4.3437120483988223e-01	   6.0653537872840202e-01	   5.4422615755471859e-01	   5.9216378107719403e-01	   3.7687686960394706e-01	   6.6261050557106449e-01	   5.9544789398312037e-01	   7.2251081530891326e-01	   6.6925227483752447e-01	   6.4567340492347747e-02	  -8.8166773752442404e-02	   5.0013556207099608e-01	   3.4973545224894470e-01	   4.4466068908603251e-01	   3.8651945085694672e-01	   4.4704816469307151e-01	   4.0415421516260397e-01	   2.7453279079305248e-01	   1.9472356648875327e-01	   5.2843385639279683e-01	   4.9543149412542331e-01	   4.0101718916688578e-01	   2.7580486071341648e-01	   2.0399215725675049e-01	   1.6920577023215777e-01	   3.6527132037419974e-01	   2.9712310334952841e-01	   1.0340225345167102e-01	   1.9406712001451265e-01	  -7.3739356636743428e-02	  -1.2054559491888596e-01	  -1.1785885268395080e-01	  -1.8502732205155453e-01	  -3.4509200339751878e-01	  -2.6328795385287945e-01	   2.2572312347154821e-01	   1.2703658751345670e-01	   2.0411823290064721e-01	   8.7333750080562655e-02	   2.6214523324944572e-01	  -8.7307964600086933e-03	   3.3441465560169137e-01	   1.1617395337169402e-01	   9.3179275947243526e-02	  -1.5124979523747889e-01	   5.1166151098838586e-01	   4.0745440762669766e-01	   4.2727668484423353e-01	   4.0216818905701895e-01	   2.7211654329296847e-01	   3.2747715909446073e-01	   3.2651377265964254e-01	   2.6305043414084728e-01	   6.6285160533977067e-02	  -1.6427304879622689e-01	   2.0201786501302577e-01	   4.0364106034241551e-02	   2.0463484525983150e-01	   1.1461750447515290e-01	   5.1601586529279833e-02	   1.2612353254077421e-01	   3.2823780277923853e-01	   2.4207961684479531e-01	   6.1734239257473755e-01	   4.8993803849205708e-01	   5.4426589997550123e-01	   4.7673925908306503e-01	   4.7274735653796301e-01	   4.1502566373110494e-01	   6.5808877326953508e-01	   3.8493471958564141e-01	  -4.4129723522704223e-02	   1.5235996006524305e-01	   2.0899849848903471e-01	   4.8257698943765226e-01	  -1.7147895806474966e-01	  -9.7770759401812124e-02	   3.4838139514765754e-01	   1.1782256636847953e-01	  -4.9306407886254747e-02	  -9.8401508973063878e-02	   3.7527112744578921e-02	   4.1198434994377309e-01	  -1.9237315225989053e-03	   7.4000807408243885e-02	   1.0425442575406424e-01	   2.9236827939569704e-01	   2.0219486752320243e-02	   7.3761134507205256e-02	  -3.4019931667384573e-01	  -1.0888025012312047e-01	   2.4449398537539258e-01	   1.5640501720261440e-01	  -1.7650214142465315e-01	  -2.7328563736463185e-01	  -1.5277316336392111e-01	  -2.1831784719705372e-01	
   1.6829521776378981e-01	  -1.7846460308835960e-01	   6.5856158051578018e-01	   8.2381465401645315e-01	   6.7176072390287500e-01	   0.0000000000000000e+00	   5.1691142487625064e-01	   3.8938619776400024e-01	   5.1523767416146060e-01	   6.8645336885023411e-01	   1.1255792225414776e-01	   1.5349774124496596e-01	   1.1472652855656443e-02	   1.1602403453730119e-01	   5.1333728939285894e-01	   4.7317009957015960e-01	   3.5621101303403332e-02	   1.1706347748379984e-02	   5.6987182127680114e-01	   4.9404748459069214e-01	   5.2271465960707963e-01	   6.3437321369309285e-01	   6.1642555317196113e-01	   6.8706576666082797e-01	   5.8304321209326193e-01	   7.3221098461399403e-01	   6.6368432419665635e-01	   7.1894065662370576e-01	  -2.0891682031721137e-01	  -2.0836847262354730e-01	   5.3892691705650508e-01	   5.7791110816056224e-01	   3.8509885281053852e-01	   3.8408498179019152e-01	   5.7069157375357760e-01	   5.6279121137002386e-01	   3.9580905654671944e-01	   3.1580503787811187e-01	   4.6898491901266182e-01	   4.4278874584301603e-01	   3.6128902874600632e-01	   3.3201828964139135e-01	   3.1011827722435836e-01	   2.0722492492364514e-01	   1.9236056544686397e-01	   8.9652959248046435e-02	   1.7552050873530933e-01	   2.4153810911764573e-01	  -8.9056787064190748e-02	  -8.5693088897834446e-02	  -2.2841383777887771e-02	  -2.4423013863916758e-02	  -1.7908903019759914e-01	  -1.1607975458210357e-01	   3.0515763481631353e-01	   1.4821372161703050e-01	   5.4012379794449866e-02	  -1.4781966475969167e-02	   3.9218424220139803e-01	   1.6672794738307548e-01	   3.0361970751902523e-01	   3.5239935086734075e-01	  -1.0733956631034489e-01	  -2.4805769610208686e-01	   6.0304731098041753e-01	   7.1363603886993365e-01	   4.4168166763260752e-01	   4.2326548212017279e-01	   1.6336530596218535e-01	   3.3468156209903022e-01	   2.3126549157024529e-01	   3.6524738339179352e-01	  -2.2622065013121816e-02	  -1.3273522177596148e-01	   7.0090310648277601e-02	   6.6980555860170113e-02	   2.5689793042369330e-01	   2.1126944367899902e-01	   8.8404279293210503e-03	   3.3813647845748335e-02	   2.7518438037880000e-01	   2.7665821777287036e-01	   4.9285930370251518e-01	   4.6678968746422550e-01	   6.9673356432187672e-01	   6.9202800401185449e-01	   4.8652788982854850e-01	   5.4010604828445608e-01	   8.0004529732174623e-01	   5.6620594957062720e-01	   1.0979715914918703e-01	   2.6335778897826223e-01	   4.9810637768745308e-01	   5.1170516127116383e-01	  -2.1237347885074606e-01	  -2.1995951123915258e-01	   3.3574077852298329e-01	   5.5260011884341084e-02	   2.9822747801186763e-02	  -1.1757224478922657e-01	   3.4528086413189552e-01	   3.1605621820881186e-01	   8.6756788795071260e-02	  -2.7387631200877033e-02	   3.6489640358935466e-01	   3.8001234610654400e-01	   1.8425864483772772e-01	   2.0268447287560945e-01	  -1.5690637387426218e-01	  -7.4649163131642174e-02	   3.4737437705737056e-01	   1.4237615355851480e-01	  -1.3513988456773610e-01	  -2.3680325162051943e-01	  -5.9463785100255247e-02	  -6.8818838935232024e-02	
  -4.9903904734440188e-02	  -2.7895974351562580e-01	   7.8096934988358202e-01	   6.1552418953003296e-01	   6.0871158648738133e-01	   5.1691142487625064e-01	   0.0000000000000000e+00	   5.6895917364042581e-01	   5.3944738823969896e-01	   4.7349618415114869e-01	   3.6238075375535939e-01	   3.3968815092975163e-01	   3.1538697432430340e-01	   2.6210041302173503e-01	   4.7230848907971212e-01	   4.3337203900100429e-01	  -2.1285940769732895e-01	  -2.0265853210166596e-01	   6.5720949921335792e-01	   5.5520038475417699e-01	   1.7835904979859912e-01	   1.7548625450441133e-01	   5.3542105063230516e-01	   5.4107954546706649e-01	   2.6946993014505843e-01	   2.7310634256098887e-01	   3.0583531407322639e-01	   2.6508769025315526e-01	  -2.8062941814898705e-02	   1.1816774079549563e-02	   3.7174545753295163e-01	   3.5291064942671868e-01	   3.4048385143777848e-01	   3.4191820145425356e-01	   3.2770789353590313e-01	   2.9523851223397468e-01	   1.0451735891337778e-02	  -1.2598582644875907e-02	   2.2244263233442200e-02	   8.2255441710016267e-02	   1.3699553700138020e-01	   1.2012812140902399e-01	   4.3991335194683323e-01	   3.3901858980048116e-01	   2.6207852098055362e-01	   2.3477936848414654e-01	   3.1056275228901431e-01	   3.5423139299276590e-01	   4.0890873512753056e-01	   4.3013827476294203e-01	   3.8395696742869967e-01	   3.9011222083409086e-01	   2.3983605217909762e-01	   3.4231211465578287e-01	   4.4895369255665374e-01	   4.3308126038388001e-01	  -2.2939634484872173e-01	  -2.5252689398716810e-01	   4.9209385177701043e-01	   4.0344571782248984e-01	   4.8978293808608681e-01	   4.6484292159359852e-01	   8.2181553530969786e-02	   1.0924085784697529e-01	   4.7303138327269467e-01	   4.4392602888559796e-01	   5.0502041711684886e-01	   3.9163521946074142e-01	  -3.6036300422035553e-02	   2.3536088134338387e-01	   3.7809963284173009e-01	   3.7026047705178905e-01	   3.2271045042055924e-01	   1.5794378650407642e-01	   4.5534942761196240e-01	   3.1757682849720575e-01	   3.7197151215820701e-01	   3.1094918391902088e-01	  -1.4094008983142259e-01	  -2.3314403287866298e-01	  -1.4564341367614764e-01	  -1.1421972522688809e-01	   2.2531569544508701e-01	   2.2077644445976050e-01	   4.6095271167490798e-01	   3.6546236579988411e-01	   1.8087815044517769e-01	   1.4759112943728414e-01	   6.4049623542709355e-01	   6.8648120011736191e-01	   4.5111232398791679e-01	   5.2744763928182969e-01	   5.4783870588271166e-01	   6.1944932355118243e-01	  -1.0566097787687352e-01	  -1.4424706182504729e-01	   1.3959731541810394e-01	   1.5515646600159935e-01	   4.7077522543875694e-01	   3.5245818662584538e-01	   4.8674895923684552e-01	   6.1200726403358474e-01	   4.5038009931271478e-01	   3.1839972767372515e-01	   3.6819834716118316e-01	   4.9662523062198649e-01	   3.9017344274128046e-01	   4.0561261840297458e-01	  -2.4011313890989450e-01	  -3.4439060051480633e-02	   2.2537235346185752e-01	   2.8255307988096973e-01	   2.8566705309553381e-01	   2.1580307036093227e-01	   2.9455336714947628e-01	  -1.4672026860928020e-01	
  -2.1319466393658223e-01	  -2.6225338817062227e-01	   1.7911751747584737e-01	   5.8311272172730710e-01	   1.3454867205087989e-01	   3.8938619776400024e-01	   5.6895917364042581e-01	   0.0000000000000000e+00	   4.0208544845713617e-01	   4.9825392051951589e-01	   4.1805469725425098e-01	   7.8567781879270060e-01	   4.9601217437125511e-01	   7.1296949831324985e-01	   7.7529929009401047e-02	   4.0094482342140725e-01	  -2.3128628637114654e-01	  -1.5757506138628496e-01	   2.1156390722266785e-01	   4.8848944298796221e-01	  -2.4809585418825925e-01	  -1.7220969894352869e-01	  -5.6356185338417332e-02	   3.7604615416567566e-01	  -2.9115197661769465e-01	  -1.0754217473147007e-01	  -2.1636865229675417e-01	  -1.8681649920863763e-01	  -4.8977115312668282e-03	   3.6583769544602002e-01	  -1.1526929728886556e-01	   6.8941248325810181e-02	   1.9544249664605584e-01	   3.3486838629650045e-01	   3.1917730360135625e-03	   7.2639081209721013e-02	  -3.4160669498272178e-01	  -3.2218153882365774e-01	  -3.7830132170952457e-01	  -3.1272735539332974e-01	  -2.5814460627705726e-01	  -8.0469332360756068e-02	   2.9666241355721018e-01	   2.1803856136988975e-01	   1.0853131984782692e-01	   1.0714978561568111e-01	   1.9330928759068422e-01	   2.0360916930287443e-01	   4.8259639768720691e-01	   4.5142406665350820e-01	   4.8022385453260541e-01	   5.3255904041952418e-01	   4.2071591213975201e-01	   4.4297088020680508e-01	   3.4088141878431971e-01	   4.3827072874700124e-01	  -2.9681754217708900e-01	  -3.6960631623861889e-01	   5.6570096347804988e-01	   6.1941776032402185e-01	   5.7761787247362573e-01	   8.3591965433425186e-01	   2.2525037326470490e-01	   4.7464504424054899e-01	   6.0563215846079752e-02	   4.2509928860858825e-01	   3.9574704741371447e-01	   3.6822783610536486e-01	  -2.1035110450310052e-01	   1.1662241085822710e-01	   8.8173702063881171e-02	   2.7482609564407195e-01	   3.0349885068862348e-01	   4.4770471488061325e-01	   2.8982267572361287e-01	   4.6522843208542231e-01	   2.8669310506921697e-01	   2.8576125504517136e-01	   2.3435693127716747e-02	  -1.1551192030409133e-01	  -1.2466736775118405e-01	  -5.0385387931317499e-02	  -2.3900938516038500e-01	  -2.6723178065001605e-02	   3.9385119942501275e-02	   2.2049009457028143e-01	  -2.2182786494625512e-01	  -1.8314490714909068e-01	   2.3903038623520292e-01	   4.5333670314241425e-01	   4.9158512313238467e-01	   4.3519819644507812e-01	   5.0098092733652300e-01	   2.3040724912587035e-01	  -3.1975290465597238e-02	  -7.3713527869272294e-02	  -8.3107970598104458e-02	   1.2367928873681031e-01	   5.3585602550584377e-01	   3.8053697339031634e-01	   7.1259860340373771e-01	   3.9998276364817414e-01	   6.6009523620381461e-01	   3.3750587277177840e-01	   4.9218763059046322e-01	   3.8556779350850678e-01	   6.4201344805621652e-01	   4.8552190017077546e-01	  -5.1860804656362988e-02	  -1.3635022186066848e-02	   1.8331719446746195e-02	   2.2651072268369773e-01	   4.6178461519104186e-01	   3.9019496444373414e-01	   4.4455530219400613e-01	   1.3566320262465770e-01	
   2.2474245107400384e-01	  -1.5125625401724614e-02	   4.7123114976750791e-01	   3.3637477109643293e-01	   6.6983311347125007e-01	   5.1523767416146060e-01	   5.3944738823969896e-01	   4.0208544845713617e-01	   0.0000000000000000e+00	   7.3059797180833830e-01	   5.5372758513076248e-01	   2.8329713208030899e-01	   6.1929231596684553e-01	   3.7602688629940728e-01	   6.3949963980927782e-01	   3.0853193555462738e-01	   1.4011635827973185e-01	   1.7335549947516157e-01	   5.1517318743832963e-01	   3.5979039907726701e-01	   4.5836685407878525e-02	   3.0852853126507349e-02	   1.5942181530448951e-01	   1.2430320933990917e-01	   8.2032529349893024e-02	   8.5378624724847307e-02	   1.8171098714573519e-01	   1.8931693565117944e-01	   9.0349888283327934e-02	   3.7314217512477141e-02	  -6.8089203214422814e-02	  -1.3469516756923222e-01	   1.6372576593871624e-01	   1.2204061310437113e-01	  -5.8459232202041057e-02	  -7.9298590170506195e-02	  -8.6865364169396220e-02	  -1.2430979232354913e-01	   6.4757408217672494e-02	   1.2352481695915590e-01	   8.4631272288325926e-03	   3.4792462187989683e-02	   1.3615025158618552e-01	   1.2622862704264562e-01	   2.4669741752980701e-01	   1.8350342919081714e-01	   9.9396861734306646e-02	   1.6988490670238410e-01	   2.7059547332835433e-02	   3.2432288151227194e-02	  -3.6590991634243446e-02	  -4.4826113467329703e-02	  -1.7236123768058359e-01	  -7.8343471020614452e-02	   1.6061637072476104e-01	   2.2330251136164411e-01	   1.2498161743684905e-01	   9.5779239423104831e-02	   2.8545960711122920e-01	   1.0387488668882031e-01	   4.3033213207098592e-01	   1.9928106117290345e-01	   1.9058580023858232e-01	   7.3567627366673185e-03	   6.2673231758705678e-02	   1.2456016499059525e-01	   1.8385630993984245e-01	   1.6720524528941660e-01	   3.4359390888279956e-01	   4.7418136085939244e-01	  -6.1594778543349514e-02	   3.0372268273687761e-02	   1.6232623391233864e-01	   2.9227408339212405e-02	   1.1553191348366521e-01	   7.6879726462611653e-02	   1.7431060439760898e-01	   1.2404099537449410e-01	   5.3627832145027990e-02	   1.3889398502896194e-01	   1.6245274863891015e-01	   2.4175375073985466e-02	   1.6481896188862716e-01	  -2.6411722181384253e-02	   1.5179544245951440e-01	   2.0810598409800818e-01	   6.8607643909491312e-02	  -8.9055185845398982e-02	   4.6595202340452779e-01	   4.1166745947889766e-01	  -5.0483749377367965e-02	   1.5884394441857852e-01	   1.4366962361716926e-01	   3.1285484675311964e-01	  -2.8451190589119679e-01	  -2.5536139994849050e-01	  -1.0705003878600802e-01	  -5.1140704627718366e-02	   6.1819713851157310e-02	  -2.9889164610447322e-03	   1.3737317934429738e-01	   3.9623100980911341e-01	   1.3011478874773919e-01	   9.2466029751682138e-02	   7.9396794657873027e-02	   1.4859169392883759e-01	   2.1585922535316729e-01	   1.7953391328103988e-01	  -3.3673182060624091e-01	  -3.6159981320543916e-01	  -1.3580102763026686e-01	   8.9408655496339098e-02	  -1.2143957654173004e-01	  -2.0710125168833593e-01	  -1.8914043861068197e-01	   8.4720793632535207e-02	
  -2.6745473737102714e-02	  -1.6053002775099207e-01	   3.7263210511388428e-01	   5.1386210173262170e-01	   5.1176051050239801e-01	   6.8645336885023411e-01	   4.7349618415114869e-01	   4.9825392051951589e-01	   7.3059797180833830e-01	   0.0000000000000000e+00	   1.5629753583387862e-01	   2.2121331705862912e-01	   2.4734070462855201e-01	   2.2742637081055700e-01	   6.0343127728982227e-01	   5.4587124428276956e-01	  -2.8456464508011259e-02	  -1.7263356916787438e-02	   4.7874969113499666e-01	   4.6222380410552416e-01	   2.7665426759564900e-02	   1.2543884852689965e-01	   2.9887888239240917e-01	   4.5794276699685954e-01	   1.1703188541277812e-01	   2.5002806656837767e-01	   2.1903152514232138e-01	   2.5793668587650609e-01	  -5.2981351543210049e-02	  -1.9233724976953387e-02	   1.7973838212666443e-01	   2.3750781505702284e-01	   2.1702974548965864e-01	   2.1285332394785217e-01	   8.9453748850029643e-02	   2.7671705607216671e-02	   2.2698206550908619e-02	  -5.6914997333015083e-02	   8.7832955291803544e-02	   1.3958999305607181e-01	   3.5194431899683590e-02	   1.1311251921800308e-01	   1.9535631457603447e-01	   9.4821070002280128e-02	   1.5618972138345963e-01	   4.3449133904275974e-02	   1.0706430143636807e-01	   1.4465778967838558e-01	  -9.7128665509835121e-02	  -8.7144328074978100e-02	  -1.3254625145388005e-01	  -1.2714099338543750e-01	  -1.0545464878570167e-01	  -3.9465498924721371e-02	   5.3904762382232588e-02	   3.4733801262417478e-02	  -8.3094513223503745e-03	  -3.5622451765409617e-02	   2.1316723409458502e-01	   7.1010719660295013e-02	   2.9846976866771269e-01	   3.4361426393636968e-01	  -6.7506108447133659e-02	  -1.6455628971705363e-01	   2.3912826170742982e-01	   2.4538052584933381e-01	   1.4055553872656773e-01	   1.2738614491365682e-01	   2.9012335659317129e-01	   5.0625067902035670e-01	  -1.2694621755335039e-01	   8.5652788915030587e-02	   1.9697652306370390e-02	  -6.0794838365560613e-02	  -5.5366324095180434e-02	  -2.7696665582204412e-02	   1.3638383521127417e-01	   1.3354388815554419e-01	  -1.6759221053714832e-02	   3.8256984708644685e-02	   1.8023679005246157e-01	   6.2304405951269126e-02	   1.4978791150885343e-01	  -1.5477167741809435e-03	   3.1039591580921799e-01	   3.3309222687289231e-01	   1.2848192952897278e-01	   9.1756829818430488e-02	   5.4416854000076331e-01	   4.5223847850290599e-01	  -1.1969687781659034e-02	   9.4891651011068043e-02	   2.9324569631090674e-01	   2.8926857334435607e-01	  -3.0267793193657583e-01	  -3.1673362652917708e-01	  -1.7976071916303987e-01	  -2.3268647281566995e-01	   2.6075937693671870e-02	  -1.9827706774458975e-01	   2.5773247234154101e-01	   2.1361180083114364e-01	   1.0324835755185366e-01	  -9.7933387229167418e-02	   2.5425118378717526e-01	   2.2737645327026923e-01	   2.2432379064960678e-01	   1.0422402393162708e-01	  -2.1129547338654098e-01	  -3.7516475651333148e-01	  -1.2185354966682818e-01	   7.0210975100118866e-02	  -1.9943998262684937e-01	  -2.5264299345061397e-01	  -1.6966684071451738e-01	   2.4930944150331613e-01	
   2.6778879692819968e-01	   9.7570283955438472e-02	   1.9350263370472903e-01	   5.5287805696062536e-02	   2.8218811704879582e-01	   1.1255792225414776e-01	   3.6238075375535939e-01	   4.1805469725425098e-01	   5.5372758513076248e-01	   1.5629753583387862e-01	   0.0000000000000000e+00	   6.6856854261142329e-01	   8.8684860797628795e-01	   7.2267666818381482e-01	   3.5844246078169856e-01	   3.0163173267715726e-01	   1.8159050004248573e-01	   2.4645360292987706e-01	   1.8388819040653864e-01	   1.6020006499859718e-01	  -1.4579231048058399e-02	  -1.2839704694289084e-01	  -1.8293521931031181e-01	  -1.5799154472505023e-01	  -2.1112725345511252e-01	  -2.4999561315150037e-01	  -8.9042942044317605e-02	  -1.1405081978002188e-01	   4.0486488558809175e-01	   4.5163097230233351e-01	  -2.9608525300812943e-01	  -3.5311751415838122e-01	   3.8987313491511730e-02	   3.9572223411943677e-02	  -1.9093869367434979e-01	  -1.2915325611686573e-01	  -3.4192317324284371e-01	  -2.6161473866264784e-01	  -2.0442823490338363e-01	  -1.5229353551338021e-01	  -1.4020242644220321e-01	   6.6215314319465076e-04	   4.3867436502007098e-02	   8.7492808580700826e-02	   3.2774126208179884e-02	   6.8245567756548581e-02	   6.2091201480765072e-02	   1.0363820291953954e-01	   4.4696906198685876e-01	   3.6969812067113922e-01	   4.7164707279181528e-01	   3.5924438801001224e-01	   1.9819917103883661e-01	   2.1528786840501152e-01	   3.8446571315334094e-01	   4.7966612702418188e-01	   1.1137732916144638e-01	  -1.1206787588285277e-02	   5.6099623205696980e-01	   4.9680559182315698e-01	   6.7918598285175102e-01	   3.7192605057589756e-01	   6.5873333035306625e-01	   5.2085213048110846e-01	  -1.5796998099606874e-01	   6.1545595022371592e-02	   2.7385299195736224e-01	   1.8977678697020092e-01	   8.0070678493718184e-02	   1.6221507443081207e-01	   7.5763473542202017e-02	   1.2306695807930132e-01	   4.1222769333705900e-01	   4.2756109097658485e-01	   4.0924491820221642e-01	   4.3125934289152218e-01	   2.6987021297551472e-01	   2.1529657289559617e-01	   1.4187550099722618e-01	   1.5985693910473894e-01	  -1.3830486524584396e-02	   2.5551783018482419e-02	  -8.2808188055793985e-02	   5.3066336155891097e-02	  -1.8090865439732040e-01	   5.8346192122290683e-02	  -2.6823051501612816e-01	  -3.7897950255923657e-01	   9.5402613527205402e-02	   2.6195843621916109e-01	   2.2562611227690982e-01	   3.3551938910592033e-01	   1.4772762842841480e-01	   1.7286744754602526e-01	   7.5758179666995176e-02	   1.1147550436065684e-01	   2.3280703794636603e-02	   2.4251401744519283e-01	   3.5932259848929704e-01	   4.2322044409434728e-01	   3.1381801680561661e-01	   4.6345315466168213e-01	   4.4791389029220852e-01	   4.7613999840682791e-01	   2.3697326757150233e-01	   3.1446345622953953e-01	   5.2898015293420975e-01	   5.4713507253797811e-01	  -1.4325311184532835e-01	   6.0625479263685667e-02	  -2.6991118702162288e-02	   1.0849156472044891e-01	   3.3380685990243519e-01	   2.7240830499711272e-01	   2.3852375942668957e-01	  -1.7546803407477007e-02	
  -4.0688479208859513e-02	  -1.9629050249516545e-02	  -1.9965547502194529e-02	   2.8549502008784922e-01	  -8.7777976497240312e-02	   1.5349774124496596e-01	   3.3968815092975163e-01	   7.8567781879270060e-01	   2.8329713208030899e-01	   2.2121331705862912e-01	   6.6856854261142329e-01	   0.0000000000000000e+00	   6.5672867390371104e-01	   9.1034159713206919e-01	   1.2118737294090084e-01	   4.6257762668173852e-01	  -1.0351089881417616e-01	   3.7368600503591407e-02	   5.0604062202182845e-03	   2.5718531851135007e-01	  -2.8251826774111555e-01	  -2.5699330070470733e-01	  -2.1943850244547114e-01	   1.1131336879950379e-01	  -4.6922045309388810e-01	  -3.4069348494804308e-01	  -3.2306711976425262e-01	  -3.1543823755511746e-01	   1.9121399970119074e-01	   5.0935308898765963e-01	  -3.3575238288425902e-01	  -1.9132390389105763e-01	   2.0068114465050475e-02	   1.3037776504007878e-01	  -1.6100696478015331e-01	  -9.5784211319975554e-02	  -4.5572645276017038e-01	  -3.7093373810846925e-01	  -4.5575558979627989e-01	  -3.7906946524021889e-01	  -3.2229514706229417e-01	  -6.3229682599880599e-02	   1.6531942938937547e-01	   1.8121298366184929e-01	  -5.8991138598405275e-02	  -1.5656665305384017e-02	   1.1246707468906907e-01	   1.1843521691463732e-01	   5.5361030678477530e-01	   5.4402778505778659e-01	   6.1281889633295283e-01	   6.1046402120965215e-01	   4.8131878182003107e-01	   4.7164674923470440e-01	   3.7534854024797748e-01	   4.8540392076641803e-01	  -1.2527020301972111e-01	  -1.7744174872948298e-01	   5.6374408620538607e-01	   6.9820382148198190e-01	   6.2171729938883158e-01	   7.2513714693932763e-01	   4.4840803264987705e-01	   5.8435850432710423e-01	  -1.0509714362222407e-01	   2.6322592299085878e-01	   2.4412433380915291e-01	   1.8644007923192812e-01	  -1.4274827670814361e-01	   9.3871142033582461e-02	  -1.6446716418232026e-02	   9.5225659564886364e-02	   3.6844492508175031e-01	   5.4925681480785071e-01	   3.1126128142196713e-01	   5.5444863569780733e-01	   2.3551457828536362e-01	   2.2073392142479048e-01	   1.7372565309806742e-01	   4.8796207131122163e-02	  -1.5619548849854564e-01	  -4.0141353844655794e-03	  -2.9264466272011119e-01	  -4.2031218838549114e-02	  -1.1938138124803405e-01	   1.3662006342334923e-01	  -3.3313252125728909e-01	  -3.5149749165659305e-01	   1.0114012895518154e-01	   3.8497177565446705e-01	   4.2173934643460675e-01	   3.6595267192509384e-01	   3.2962736598622566e-01	   5.9598743132811528e-02	   8.2026761369283871e-02	   4.3872275603412593e-02	  -9.1987250256199915e-02	   1.8289370456258391e-01	   5.3060409224251370e-01	   4.4475782781242540e-01	   6.3080271212845096e-01	   2.9445912731218182e-01	   6.3209522303144461e-01	   3.5223818217051683e-01	   4.2702251383908230e-01	   3.1297779735114406e-01	   6.9107852881415277e-01	   5.1518977908249408e-01	   2.4548872850182644e-03	   1.1654605743802557e-01	  -5.0164480785817596e-02	   1.2768179906952845e-01	   5.0431491305187581e-01	   4.6208711943921310e-01	   4.4483242038662490e-01	   9.2784595251489854e-02	
   1.4381085858654913e-01	   3.7674209012019830e-02	   5.6266834345457775e-02	  -2.2252857734985379e-02	   1.5582866934710785e-01	   1.1472652855656443e-02	   3.1538697432430340e-01	   4.9601217437125511e-01	   6.1929231596684553e-01	   2.4734070462855201e-01	   8.8684860797628795e-01	   6.5672867390371104e-01	   0.0000000000000000e+00	   7.9177481070690181e-01	   2.8083662717646157e-01	   2.3871459793319921e-01	   1.7689139138960841e-01	   2.4313232919899724e-01	   1.3603132873788235e-01	   1.2950807332287079e-01	  -2.5347174942003908e-01	  -3.4234998308526887e-01	  -3.6266010218209377e-01	  -2.7782436905586344e-01	  -4.0133001441799376e-01	  -4.2465837066848722e-01	  -3.0829392197156580e-01	  -3.0831125270974236e-01	   3.6565098241597666e-01	   4.7751126568871383e-01	  -4.8514860190140957e-01	  -4.9455949097238483e-01	   1.5653753053155193e-03	   2.5469729748778709e-03	  -3.8660183177096724e-01	  -3.0824935014827864e-01	  -4.5508653775696606e-01	  -3.9770434863195198e-01	  -3.5293696986953260e-01	  -2.8289805336819362e-01	  -2.4460843858694886e-01	  -1.1334857727265307e-01	   3.8220404006291439e-02	   7.6665154152247103e-02	   1.3368562056100369e-01	   1.4327509974964894e-01	   6.3654540001130924e-02	   9.2526822439268061e-02	   3.9124766005941314e-01	   3.0033716331717980e-01	   3.3614733012975589e-01	   2.5388266485212097e-01	   1.0054950517740040e-01	   1.4177472603131108e-01	   2.3895779128930228e-01	   4.0679436262195484e-01	   4.0016849049905642e-02	  -7.2510525974837994e-02	   3.7249542821316373e-01	   3.3217586019501788e-01	   5.1753328209542548e-01	   3.2447037974466619e-01	   5.7478212634633463e-01	   4.7950302442696224e-01	  -3.6977762504918221e-01	  -1.1811720606426288e-01	   1.6163330641937779e-01	   1.2820473030041063e-01	   9.4486142177174867e-02	   1.9204471200837420e-01	  -9.9998355671357592e-02	  -2.8992826724642897e-02	   3.9004911148046628e-01	   4.2732904463651877e-01	   3.0726913432019920e-01	   3.6163535243461820e-01	   1.4503404180382845e-01	   1.4303474743966327e-01	   1.5926608176826990e-01	   1.9695417108874005e-01	  -3.4708392853286798e-03	  -9.4924039051747910e-03	  -2.4095186652141659e-01	  -1.5542483206883637e-01	  -3.3726454319206778e-01	  -7.0868743702160397e-02	  -3.7641980518284857e-01	  -5.1241725881890732e-01	  -2.2027593892041390e-02	   1.7442241636831651e-01	   1.0682662851476463e-01	   2.2294592040675748e-01	   6.2363443939044381e-02	   8.0040447405223800e-02	  -7.7667716962104227e-02	  -6.7548037506359862e-02	  -1.8201418303126821e-01	   1.0538350956322168e-01	   2.7843344853138946e-01	   3.3991925180479865e-01	   2.6758054974697665e-01	   3.9766199002924335e-01	   3.8553010924616832e-01	   3.9709877591026554e-01	   1.7917472818633970e-01	   2.2182628211808883e-01	   4.9954461126335825e-01	   4.1045017430731412e-01	  -1.2363184181117090e-01	  -9.8706109676213655e-02	  -1.7390504002701829e-01	   4.9270204088228117e-02	   2.6043086944379706e-01	   1.9017119267393301e-01	   1.0066346742430972e-01	   9.9020701832055802e-02	
