   0.0000000000000000e+00	   8.4549651136573445e-01	   3.0435390549090585e-01	   2.1256909341820401e-01	   1.7160860332947375e-01	   2.1069668114210238e-01	   1.3772029279448955e-01	   1.3830887902314951e-01	   2.6341851140885880e-01	   2.4767583702159102e-01	   6.2815855745503035e-01	   2.2095004346844058e-01	   3.2318423480210384e-01	   2.0050580601341117e-01	   4.5664933728257395e-01	   3.4351065484640819e-01	   3.8707629509705588e-01	   4.1486106758720220e-01	   6.6826112647009073e-01	   5.4867494601651090e-01	  -5.0838427515028636e-02	  -4.2222036519531355e-03	   2.5236018437161606e-01	   1.9810474949454232e-01	   1.1827956029363013e-01	   2.3184167197437189e-01	   3.4903393189870513e-01	   3.1438709701937478e-01	   2.7046466169278371e-01	   1.9622967648860390e-01	   2.2363082175404985e-02	  -4.2527177500807770e-02	   1.0523371056052522e-01	   1.6457149501165075e-01	   1.2191460962402315e-01	   1.4125323110107599e-01	  -3.0867849904724839e-02	  -5.8530630708511867e-02	   2.6587406522032697e-01	   2.1285606699121629e-01	   2.3017989967435443e-01	   1.6871569832129213e-01	   7.9818023933626164e-02	  -5.5601334804124540e-02	  -1.5875555005127040e-01	  -3.4378714737691426e-02	   6.7159500686578499e-02	   4.7696022279708754e-02	   2.8331884498351856e-01	   2.6368734487692602e-01	   3.8988419655186812e-01	   2.8953881146897104e-01	   5.2429057518325184e-01	   6.1030322735712939e-01	   3.6124081110518502e-01	   3.7533040646903670e-01	   8.5601430601327466e-01	   7.5717121135629606e-01	   5.2238423573637249e-01	   5.0390042557768644e-01	   3.7927290002976299e-01	   2.0536906601641836e-01	   4.4286512475624040e-01	   3.8412016365071611e-01	   1.0662383566230217e-01	   1.1468748508867950e-01	   1.5192358981310511e-01	   1.2658784821753813e-01	   5.1136979284381490e-01	   4.8968671568951022e-01	  -9.7417126423172351e-02	   7.0764342214070700e-02	   4.1177720220014191e-01	   4.2567851080864422e-01	   4.4301875097076615e-01	   3.5264626990396852e-01	   1.4061770930950618e-01	   6.6554658358867619e-02	   2.9854064049001344e-01	   3.5312825435877321e-01	   4.0521307621937047e-01	   3.6620983609737534e-01	   4.7040768396731625e-01	   2.6894434513936938e-01	   3.5863267018107087e-01	   1.6451347719942727e-01	   3.9429726301974732e-01	   3.6955673151508861e-01	   4.7390314136552847e-01	   4.9406972368039681e-01	   3.4201066162757832e-01	   3.3368406502289899e-01	   1.7442533210210709e-01	   2.3463169216556826e-01	   1.4929898844204262e-01	  -4.1595031459685641e-02	   1.5579401979843216e-01	   2.0583143719153504e-01	   3.5804654905227906e-01	   4.7339225857068573e-01	   1.1566529340520953e-01	   2.5696341024857111e-01	   3.9220559323472903e-01	   4.5868914925826454e-01	   9.4540807521585044e-02	  -8.2187650893215378e-02	   5.8278659288214046e-02	   2.1992574898208325e-01	  -1.4651978952562364e-01	  -1.6400024464099378e-01	   3.3324780039555427e-02	   8.5633527399397280e-02	   7.8824443270514882e-02	   1.9958717340614790e-01	   5.7959337048759794e-02	   7.8549426122036539e-02	
   8.4549651136573445e-01	   0.0000000000000000e+00	   3.1876704256900046e-01	   2.3509044695999015e-01	   2.8488025338034068e-01	   3.6916890839087357e-01	   1.5779628660198278e-01	   2.2074596713977931e-01	   2.8442447526168890e-01	   3.2334249332306020e-01	   5.2715876956760477e-01	   2.5827479507828466e-01	   2.2422538866938224e-01	   1.5175102498586163e-01	   3.8571032445520448e-01	   3.4982685745183079e-01	   4.8254636011940649e-01	   6.0604278459745131e-01	   6.2638357389955379e-01	   6.1057164928306085e-01	   5.2461861572077356e-02	   1.6290257181105786e-01	   2.7790494315460462e-01	   2.0928963604345208e-01	   2.0492609151005209e-01	   2.7474654026520862e-01	   3.3750280777758179e-01	   3.6212857160963863e-01	   2.9792807557517603e-01	   3.0731435542290564e-01	   9.0375452446363636e-02	   5.5038814462310577e-02	   1.7159110352168999e-01	   2.8526422657914913e-01	   6.2154803492348157e-02	   7.1620282983185929e-02	   2.1627002879407848e-02	   3.8164579665264833e-02	   3.4083491754208206e-01	   3.5695256159296707e-01	   2.8912957942246981e-01	   2.9779448715890733e-01	   3.4286942340798633e-02	  -3.5336567256893284e-02	  -1.7148404451448351e-01	  -6.0009856408602097e-02	   4.6435156771869483e-02	   1.3632468425408592e-02	   2.8222533635233843e-01	   2.5667749097162856e-01	   3.5065630478164533e-01	   2.8538077807153522e-01	   4.8721556941408700e-01	   5.6460799152557595e-01	   3.6179363901330613e-01	   3.7210459654325345e-01	   8.3530503441399362e-01	   8.4662188935147187e-01	   4.5555080090400513e-01	   4.8598951001339707e-01	   3.0723827259449604e-01	   2.6526664433689762e-01	   4.3913264489556730e-01	   4.5459830519059719e-01	   7.2750289170143506e-02	   1.2560875464689747e-01	   1.0787405319931689e-01	   1.1831912096052469e-01	   5.7537720324581709e-01	   5.6644134176928629e-01	  -8.7642016759994459e-02	   2.2123830307804326e-01	   3.5367802207899401e-01	   4.6369535836319897e-01	   3.5980738156877629e-01	   4.4902290328198557e-01	   2.3088263417292088e-01	   1.7788431851537112e-01	   3.9373796653614151e-01	   5.3230444710187852e-01	   4.8674618741448905e-01	   4.0257493090600471e-01	   4.5031385373165533e-01	   2.6653353416676095e-01	   2.5510363664222530e-01	   6.9057710895292862e-02	   3.2550355598731434e-01	   3.0043080554513601e-01	   4.6905367071107706e-01	   4.7156699075424691e-01	   3.1389599016223962e-01	   2.9593359373037315e-01	   2.2026854645224361e-01	   1.7409901031375505e-01	   1.9169790564106950e-01	   4.2621929679462010e-02	   2.0300716665614377e-01	   1.9285196782524749e-01	   3.8058336608677945e-01	   4.2475870051198461e-01	   1.1475218674949697e-01	   2.3843592856596951e-01	   3.9778611660682128e-01	   4.4728723064352749e-01	   1.4429453440064233e-01	  -4.8416477891558125e-02	   5.9367592788062709e-02	   7.7805317213910652e-02	  -1.1139939595259188e-01	  -2.0847320957253784e-01	   4.3756521617019936e-03	   6.5882632630981777e-02	   7.7628806713578385e-02	   1.5842834056742613e-01	   1.4879734005282468e-02	   1.7099165180979803e-01	
   3.0435390549090585e-01	   3.1876704256900046e-01	   0.0000000000000000e+00	   4.9360355729591254e-01	   7.1001014086955272e-01	   5.4214710005456468e-01	   6.9615514851816562e-01	   2.6510752903132861e-01	   5.0607325162825068e-01	   2.3369184411921357e-01	   2.6379583982716071e-01	   1.4749778280300621e-01	   2.5241511430084862e-01	   1.3909910212180071e-01	   6.0295839296994025e-01	   2.8612723850568900e-01	  -7.3072259427605646e-02	   6.6506606479849059e-02	   6.9493968846007281e-01	   5.4735060880796726e-01	   2.8912821091892477e-01	   2.8024274941932986e-01	   7.8153107057942472e-01	   6.7281857470938022e-01	   6.3880363608325619e-01	   5.9728638729153960e-01	   6.8839437703626682e-01	   6.1592079047433657e-01	   1.0621627822081880e-01	   1.1612998622040812e-02	   5.3285621971695984e-01	   4.2641557576356859e-01	   5.1132587822135567e-01	   3.3802716536160404e-01	   5.2911806108824566e-01	   4.2628994137410298e-01	  -1.1155776094013546e-02	   6.2833377576712049e-02	   3.5903995494293195e-01	   2.5240014346446810e-01	   1.9762968926267649e-01	  -3.6762561380191523e-02	   2.3422154333100120e-01	   8.5608592660537247e-02	   1.3864761285089489e-01	   1.9335156198652487e-01	   1.9623165420674266e-01	   1.6632077429656231e-01	   2.8600957820152489e-01	   2.9001574461325158e-01	   3.8172939400205552e-01	   4.4324650784473085e-01	   3.0704153620565638e-01	   2.5800448248872809e-01	   2.0993614209006847e-01	   2.3358711524239006e-01	   2.2128339229736504e-01	   2.8566602291278492e-01	   4.5286520224080762e-01	   3.1211888922819281e-01	   3.4925700722130254e-01	   6.8643460328097025e-02	   1.1186554147029548e-01	   8.2253980183617875e-02	   6.3189981746240265e-01	   3.7401073387819067e-01	   5.4429576758040998e-01	   3.7608784317137717e-01	   5.1016651461801266e-01	   5.2686074987420994e-01	   3.0235352748152355e-01	   2.7648551731544180e-01	   2.9434164234565968e-01	   9.2244375881433457e-02	   5.6951268970172830e-01	   1.7910407060620198e-01	   2.1122198580035678e-01	   1.3688757050659212e-01	  -1.2777846637799243e-02	   1.1027383364980747e-01	   1.3381481938422287e-02	   1.1157064048496160e-01	   6.5616812953566206e-01	   3.3239079135413341e-01	   6.2292296534930858e-01	   5.8740078490188108e-01	   5.2208738682910372e-01	   4.9763180786010253e-01	   7.0127210372153959e-01	   5.8365041247606364e-01	   4.6767198913032387e-01	   5.6686244074601677e-01	   5.1869442584441905e-01	   5.9748992395199529e-01	   2.7343764253320280e-01	   1.1017731452440971e-01	   2.3165130346269652e-01	   4.8410767910968197e-02	   2.9510511506150894e-01	   4.4460730875839616e-01	   3.0140378077912322e-01	   6.0311928140193072e-01	   2.1401899484975290e-01	   3.7741390144827863e-01	   3.8369401360772354e-01	   2.2802020074880902e-01	   2.5922514814842412e-01	   2.9623485815830986e-01	   1.1620901944941558e-01	   3.0096114420622705e-01	   3.3208084123328174e-01	   1.7248606019001755e-01	   4.3579172968470103e-01	   3.7018036695284329e-01	   3.1685340924304162e-01	   2.3490730623539191e-01	
   2.1256909341820401e-01	   2.3509044695999015e-01	   4.9360355729591254e-01	   0.0000000000000000e+00	   2.4632924664562489e-01	   6.5910310160672714e-01	   4.3068979272580377e-01	   7.8365109776497510e-01	   4.3099818952259020e-02	   5.2684964313324156e-01	   5.1677321641365237e-02	   5.1029424028306947e-01	  -1.5814050654503883e-01	   4.2482119671462926e-01	   1.3366321515203150e-01	   3.9430484503423335e-01	   4.4533696438561511e-02	   3.3329515900865615e-02	   3.5790627900719574e-01	   6.0356763318375584e-01	   9.0398188991452390e-03	   1.0861926942827485e-01	   3.4279961388028879e-01	   7.1141874174816011e-01	   4.0305906586922437e-03	   5.5147938360355186e-01	   3.5060456532632611e-01	   2.7303532414549314e-01	   5.4839522463836096e-02	   1.6765088051502280e-01	   2.5622238950951098e-01	   5.0823726378409706e-01	   5.2940440326586080e-01	   6.6776793982679128e-01	   3.8860503528102197e-01	   4.6756502686430768e-01	   1.4446109570178801e-03	  -1.3643431508698338e-02	   2.9085259403802288e-01	   3.1383444645143438e-01	   1.8136282592070407e-01	   8.5890985576645096e-02	   2.4097709763474084e-01	   1.7162389200903777e-01	   2.5050055276697969e-01	   4.0822693433649426e-01	   1.8078306661620336e-01	   1.4140842564593001e-01	   5.1499779238834487e-01	   5.7926644822892026e-01	   5.2806752405902535e-01	   6.3205730233745649e-01	   5.2798058884284915e-01	   3.1654340872777226e-01	   5.3528375765230307e-01	   4.4183500780567642e-01	   2.3576782818361527e-01	   1.6815049889381239e-01	   4.1087921356359203e-01	   4.5408914685644586e-01	   2.7563859643163302e-01	   4.4593834652385977e-01	   3.8859630108048349e-01	   3.3397012242590846e-01	   3.3514009920587878e-01	   7.1536281089518383e-01	   5.2432697913674198e-01	   6.5014043300250957e-01	   3.7906153309398927e-01	   4.6013153047106903e-01	   6.3146719486112196e-02	   3.4308338499724594e-01	   1.3428387644235415e-01	   2.3265727141730894e-01	   2.2301977209862214e-01	   3.5403771187622790e-01	   6.3876312905032970e-02	   1.8363809894489674e-01	   1.8535475572602371e-02	   3.2397968471049879e-02	   9.7408541083041048e-02	   2.6056857338261447e-01	   3.7144820848237337e-01	   5.8286274464843635e-01	   3.3167599913734047e-01	   6.2380506536137936e-01	   2.0351659080049328e-01	   4.6443632171991911e-01	   5.6665502918601818e-01	   5.9314226461397357e-01	   6.3199999582301847e-01	   3.5096747073025236e-01	   6.6896839834199384e-01	   1.3842288127161614e-01	   1.7848152996787792e-01	   1.4147822276145566e-01	   2.0056902246557073e-01	   2.0087787357507364e-01	   5.1955859830758344e-01	   3.8718271930916204e-01	   5.8810640772850031e-01	   2.3884597681699954e-01	   3.4021161750095474e-01	   3.4987317100082560e-01	   4.2744973534688302e-01	   5.1573762616481361e-02	   3.3136214426402516e-01	   3.1086659959223295e-01	  -7.5164930868159563e-02	   1.1940440047871922e-01	   1.1451098354404801e-01	   7.1326915268944940e-02	   3.6662855936199656e-01	   1.7429387271894287e-01	   2.2263429848123861e-01	   1.4560982190237751e-01	
   1.7160860332947375e-01	   2.8488025338034068e-01	   7.1001014086955272e-01	   2.4632924664562489e-01	   0.0000000000000000e+00	   6.7698660431722102e-01	   6.4333850871591869e-01	   2.6626907504738123e-01	   6.4549063215116487e-01	   3.3526909278919043e-01	   3.1565872825425856e-01	   1.7263779777339680e-01	   3.4379456031169353e-01	   2.7827475204645666e-02	   5.2936275693041990e-01	   3.0122326920763526e-01	   5.0254925305946808e-02	   2.0593128738145255e-01	   5.5660126480266192e-01	   4.2314232679993125e-01	   2.6526932668052022e-01	   3.3345986756562207e-01	   4.8429744333269942e-01	   3.1769965820329910e-01	   5.4074210144987700e-01	   4.2265304888060989e-01	   4.9500815315041780e-01	   4.6805688825428726e-01	   1.9796134247962927e-01	   1.6968221459914501e-01	   3.3338593569411168e-01	   2.5434230725091556e-01	   2.5899013501792351e-01	   1.8301602362455766e-01	   2.3632674706666429e-01	   1.2579271391163038e-01	  -8.4442260555507659e-02	  -8.9450093903337431e-03	   2.3479003335220994e-01	   1.7000814441228140e-01	   1.2045685957398304e-01	   4.4053524025102538e-03	   1.1852119491312285e-01	   6.1761918386054201e-02	   3.9098130228480861e-02	   3.7107370916946700e-02	   1.1140762872046137e-01	   7.2445186635399894e-02	   3.6232255703176969e-01	   2.5365988987855265e-01	   4.2750862319949257e-01	   3.2651246002890616e-01	   4.2090759577554449e-01	   2.6086413572095107e-01	   1.9922534212502452e-01	   1.5790410325554546e-01	   1.9402335605353610e-01	   2.9742653128350699e-01	   4.6516323544683125e-01	   3.4691818828825194e-01	   3.6082079224748875e-01	   2.5108820913678931e-01	   4.5990824896799301e-02	   1.6912600362290292e-01	   3.6661300965223420e-01	   1.9822152218294156e-01	   3.5661660159371511e-01	   1.8339122632813304e-01	   4.2448327099499411e-01	   4.7101588435194008e-01	   2.1854502762255323e-01	   2.2530448076092030e-01	   2.3161264345740984e-01	   1.7204086728016652e-01	   4.6178618142784511e-01	   2.1970601123893918e-01	   2.9979993046775255e-01	   2.1282088051158773e-01	   5.8897094486951782e-02	   2.1806837340080784e-01	   6.1986226759678228e-02	   6.8259318102025790e-02	   5.4104179659149332e-01	   2.1349121332983531e-01	   3.8151044501989417e-01	   2.9720218327389936e-01	   3.2433911535640370e-01	   1.7977652686318191e-01	   5.4170041035275740e-01	   5.1364111426938996e-01	   3.9010426859821629e-01	   4.5676343807080100e-01	   3.3974713846837801e-01	   4.5797978311416510e-01	   2.5691641628021517e-01	   5.1315553374663730e-02	   1.7075052447091402e-01	  -3.0117344346444180e-03	   2.6852517607007187e-01	   3.0680578482018578e-01	   1.8966455710019048e-01	   4.8157673604326179e-01	   2.9474104354684044e-01	   3.5690206165548083e-01	   2.3579595985792334e-01	   2.0661525453749177e-01	   2.5322431563114234e-01	   2.1929545742035877e-01	   7.1686257777487050e-02	   1.9203538340997670e-01	   1.9057243726244333e-01	   7.0068602296384577e-02	   2.8287922107646080e-01	   2.1602288885959747e-01	   1.4552334753131191e-01	   2.8082935556532729e-01	
   2.1069668114210238e-01	   3.6916890839087357e-01	   5.4214710005456468e-01	   6.5910310160672714e-01	   6.7698660431722102e-01	   0.0000000000000000e+00	   5.7120852499938535e-01	   6.2796398704232292e-01	   3.5723852906258563e-01	   5.9451888746943082e-01	   1.6703957897580671e-01	   3.2965247048037905e-01	   1.1299764889963379e-01	   2.0201884577574297e-01	   3.0296181173527237e-01	   4.1636905208541830e-01	   1.2161410981219808e-01	   1.6100517878362613e-01	   4.5023137989052808e-01	   5.7404139319869274e-01	   1.8421799471778044e-01	   4.2205029976951952e-01	   3.5740728467351507e-01	   4.7313738429503077e-01	   2.5492325203039867e-01	   5.0012469933485770e-01	   3.7203315653699420e-01	   4.9803735535584015e-01	   8.9997476696769024e-02	   1.5486491823667581e-01	   1.8873754202840595e-01	   3.1050495573603543e-01	   3.7274394105673647e-01	   4.6866172899828168e-01	   2.4871247906094651e-01	   2.5932135676218837e-01	   5.7477472869237642e-02	   1.2279021623600828e-01	   3.8510187979599808e-01	   4.0710807128022142e-01	   2.0959389840568501e-01	   1.5100431316667590e-01	   1.2465868298093585e-01	   1.1040559175912715e-01	   7.0727720490298046e-02	   1.5474612459370679e-01	   6.2347161994713025e-02	   1.0290706050328363e-01	   4.1632850049636139e-01	   3.9918890275770597e-01	   4.7756137688970091e-01	   5.1716620685695303e-01	   5.2384444716821854e-01	   3.2926941094005713e-01	   4.0594113191281500e-01	   3.0990728900644537e-01	   2.3279824525344553e-01	   2.9300488087607357e-01	   4.5854761605823058e-01	   4.4513291705723768e-01	   3.0251553644002155e-01	   3.9642771203662042e-01	   1.8025560194762591e-01	   2.2024076240601778e-01	   2.7364604854770830e-01	   5.0266025978409989e-01	   3.7868180832706733e-01	   4.1940572907370721e-01	   5.4881937333337494e-01	   6.2374096904102161e-01	   4.2083856546096740e-02	   3.1209155550232531e-01	   1.4470139624551059e-01	   2.2917642652329695e-01	   3.1306332439757728e-01	   3.1248503090392926e-01	   1.4889193416867291e-01	   2.1806812197604358e-01	  -6.3727047817085901e-03	   1.2897867113667300e-01	   8.8952657800573431e-02	   1.7710466884039572e-01	   4.8090965164421118e-01	   3.7183115996928306e-01	   2.4347211741960798e-01	   3.4589435778231020e-01	   2.6107006599257326e-01	   2.4629302254926755e-01	   6.2163172738086236e-01	   5.8388241114652162e-01	   5.6413694119192592e-01	   3.7177823539814747e-01	   5.7790869640582065e-01	   3.1055503848403321e-01	   2.9158665421222385e-01	   1.8123279739170092e-01	   1.9426712990113026e-01	   1.0612805719654220e-01	   3.9584203898378933e-01	   2.9722674836633806e-01	   4.0583983794183576e-01	   4.4600216035363316e-01	   3.8973947155439315e-01	   4.9533869298678579e-01	   3.1369789724412012e-01	   1.1785886622015548e-01	   3.3579328158028932e-01	   2.8752165452363077e-01	   7.0099957402979945e-02	   1.5546567387273441e-01	   8.5723087894868183e-02	   7.2493396482336936e-02	   3.2678721417378703e-01	   1.1390146670603088e-01	   9.7875659586715444e-02	   1.5673956252625504e-01	
   1.3772029279448955e-01	   1.5779628660198278e-01	   6.9615514851816562e-01	   4.3068979272580377e-01	   6.4333850871591869e-01	   5.7120852499938535e-01	   0.0000000000000000e+00	   5.7899738265627332e-01	   6.3225978338313960e-01	   4.0139092208190430e-01	   2.4389888165595186e-01	   4.2967920628906786e-01	   4.6622471178889391e-01	   4.9187652099011636e-01	   4.7940612344516920e-01	   3.7519281474397609e-01	   1.4916912536110740e-02	   1.1178280310309116e-01	   4.5451270745946509e-01	   4.8051021373331149e-01	   6.6628526136488758e-02	   1.5171546754864718e-01	   3.8445115515005052e-01	   3.8425281685270524e-01	   3.3486287479443660e-01	   2.9514368580291822e-01	   2.8650388371295460e-01	   3.1501647602672800e-01	   1.3014823377512663e-01	   1.7826944068336831e-01	   1.6877222239619682e-01	   2.3114344715512800e-01	   4.6019016434794457e-01	   4.4851121883265077e-01	   4.0565663252155792e-01	   3.3123445013201464e-01	  -7.4733846252941036e-02	  -7.8354495888147385e-02	   2.3877638506812490e-01	   1.3108117166671762e-01	   1.5481348330187611e-01	   4.6829710456970645e-02	   1.9225019126858439e-01	   1.1129234758126244e-01	   2.0171558803122247e-01	   1.9577163642323775e-01	   1.1366438370462834e-01	   1.1008940064422709e-01	   3.5468895073678064e-01	   3.4512931915864831e-01	   4.2714184763939012e-01	   3.8984008386794061e-01	   3.3489897496336862e-01	   1.8883000552987281e-01	   1.7862820527200524e-01	   1.2003700777146256e-01	   6.7356158084060702e-02	   8.1146769593333251e-02	   5.7671816732623538e-01	   3.5173252797204707e-01	   5.8637967067744612e-01	   3.5287227365123847e-01	   1.8663626954249027e-01	   3.0056467110263940e-01	   4.7467761356755256e-01	   4.9144712473843644e-01	   5.4202154649420986e-01	   3.8454037889248116e-01	   2.6812792576368571e-01	   3.1647978864367132e-01	   1.5249486512861676e-01	   1.3031925739907446e-01	   3.2344623588382487e-01	   2.5723452223672422e-01	   5.7924598801703009e-01	   4.1024745140220398e-01	   2.2471839091627210e-01	   1.8771966589832201e-01	  -3.8938251279188457e-02	   1.3179800080002080e-01	   1.1375596816107165e-01	   2.4113050077223541e-01	   4.5839160641240284e-01	   3.4701710767829552e-01	   3.6414840158626455e-01	   4.4445048097610806e-01	   3.3401691508548809e-01	   2.6182822869205130e-01	   6.3727634256507870e-01	   5.0735660516321734e-01	   2.8082586348510641e-01	   3.2513932309139254e-01	   2.9032261380130331e-01	   3.7209677231506222e-01	   3.6431789900706768e-01	   3.6385464585028747e-02	   9.3816225592706276e-02	  -5.6627005733661959e-02	   1.6182585329236115e-01	   2.3976412126521338e-01	   2.3858074406807700e-01	   5.0039128115065135e-01	   1.5491004906142938e-01	   2.4140305383394267e-01	   1.6381801954344524e-01	   1.0083801769193815e-01	   9.8678596682499273e-02	   8.7231518719679518e-02	   1.6121747066080114e-01	   2.8869478983291724e-01	   2.4084522837186945e-01	   1.0710509508802454e-01	   3.3198977563714027e-01	   1.1516603024255970e-01	   1.6742724485674224e-01	   2.6971296853508225e-01	
   1.3830887902314951e-01	   2.2074596713977931e-01	   2.6510752903132861e-01	   7.8365109776497510e-01	   2.6626907504738123e-01	   6.2796398704232292e-01	   5.7899738265627332e-01	   0.0000000000000000e+00	   1.2126141698102125e-01	   6.3553470758815400e-01	   9.7578949005728721e-02	   7.2595404255030993e-01	   4.1247536277968636e-02	   6.2901691076587030e-01	   1.6034798948582257e-02	   4.6228752007028007e-01	   1.6498955700463983e-01	   1.5618888989791777e-01	   2.4395296154075891e-01	   5.8094571777700943e-01	  -1.3657899564348006e-01	   1.0119583979477018e-02	  -1.5671839611207938e-02	   3.3190994499092741e-01	  -2.5280279608588779e-01	   1.9827209729141868e-01	  -4.9645510948951074e-02	  -9.6758560693495838e-02	   1.3388945653860684e-01	   3.4882293670177511e-01	  -3.0216020050751222e-02	   3.0259723942287842e-01	   3.9611918440251653e-01	   6.4407275650803963e-01	   8.9491943345682445e-02	   1.5191196755149988e-01	  -2.0934971063978253e-01	  -2.5406005800167991e-01	   7.9883820186954169e-02	   7.8340611152715900e-02	   7.4241552359747540e-02	   2.6945441296636089e-03	   1.5594778217874050e-01	   1.6647760942349721e-01	   2.2212720540035064e-01	   3.1191666704002008e-01	   6.5325971415699624e-02	   2.4330816760420683e-02	   5.4750724495767411e-01	   5.7929413055054435e-01	   5.1724538353184801e-01	   4.5520650841695132e-01	   5.1848920675314458e-01	   2.2510706798224145e-01	   4.3940494165508515e-01	   2.8096287792411068e-01	   1.3277480650726536e-01	   6.5839525237011032e-02	   4.7862556122102562e-01	   4.5400947258335850e-01	   3.9641923668658774e-01	   7.2682931960045394e-01	   4.6247511737050900e-01	   5.0860746790098776e-01	   4.8722330629525523e-02	   5.6481644902199712e-01	   3.8790630498543682e-01	   5.1012733484378170e-01	   2.6687446228221395e-01	   3.5200996067446566e-01	  -9.6797367328621653e-02	   2.2136553579309104e-01	   1.8898050114140000e-01	   3.7069066632747416e-01	   2.3098594070845113e-01	   5.0968363328432742e-01	   3.3575153331728017e-02	   1.7274625878881900e-01	   1.7156084060814498e-02	   6.2953750183254664e-02	   2.1226544055909516e-01	   2.9045187211180035e-01	   1.3953428111186014e-01	   5.0130111901222718e-01	   1.6340774275505468e-02	   2.8642051328028273e-01	  -5.2988132699375821e-02	   3.5728065733546532e-02	   4.4693595629677046e-01	   4.4310722028993338e-01	   4.7818109163668532e-01	   1.8014435176974222e-01	   4.6856443374269663e-01	  -5.1415568631174385e-02	   2.2619175850171966e-01	   1.5715265441249410e-01	   9.5060476637539540e-02	   1.2218753092748683e-01	   4.5089133179828733e-01	   2.5352187010767580e-01	   5.6449579072354594e-01	   1.7438357319202796e-01	   3.9498773858948133e-01	   2.8525517440154230e-01	   2.8417169516144053e-01	   1.3202069089053890e-02	   2.5521660833454196e-01	   1.8887514202607952e-01	   7.6304989235989024e-02	   9.8636856875152834e-02	   5.2869478634931088e-03	   8.0522495467485578e-02	   3.6784755928883173e-01	   7.1694728251240847e-02	   1.1082981965979113e-01	   1.8354581901822573e-01	
   2.6341851140885880e-01	   2.8442447526168890e-01	   5.0607325162825068e-01	   4.3099818952259020e-02	   6.4549063215116487e-01	   3.5723852906258563e-01	   6.3225978338313960e-01	   1.2126141698102125e-01	   0.0000000000000000e+00	   5.3953131684920397e-01	   5.1926620605599449e-01	   2.8619735579131467e-01	   6.4513013420866239e-01	   2.0769282659877275e-01	   7.6047367757551754e-01	   4.1893787652401160e-01	   7.6892573366314707e-02	   2.1749303231468420e-01	   4.8211844907637530e-01	   3.0553281442259533e-01	  -1.2503753288644714e-01	  -8.0752739390746162e-02	   5.5258871468936344e-01	   3.3647702957813386e-01	   4.3286509446351079e-01	   2.0807600095279866e-01	   3.0979346689362541e-01	   3.6820374716975729e-01	   1.6239386645865989e-01	   9.2334465720060654e-02	   1.3357721251845842e-01	   2.4922012186431752e-02	   9.8390723587727366e-02	   2.9536801778105051e-02	   2.2759489501715532e-01	   1.0604982157499376e-01	  -9.3702716772019773e-02	  -6.7446081254948109e-02	   2.3966821237937405e-02	  -4.9538650558497863e-02	   1.1792479179838899e-01	   8.6618797206018172e-02	  -5.7996028418133359e-02	  -1.5102456515149881e-01	  -1.3453071225891886e-01	  -1.0598671197405202e-01	  -7.2024051460137212e-02	  -1.2071180716405849e-01	   2.5923048041918029e-01	   1.5652768717488474e-01	   3.0890020672445706e-01	   2.4058705048246906e-01	   3.1111486191647070e-01	   4.2715853382018443e-01	  -9.4670640854567934e-03	   2.6508641200821519e-03	   2.4306611715533008e-01	   2.8959031046686995e-01	   5.1085349259859791e-01	   3.9509062803886952e-01	   5.2144799008856679e-01	   2.2229270847911209e-01	   3.7338273082163052e-02	   2.1201294380335550e-01	   5.7378413495206926e-01	   3.6365774062980727e-01	   1.1925522986947160e-01	  -8.4851803896472844e-02	   2.0391141721282821e-01	   2.5916599137735818e-01	   2.6558938609279037e-01	  -5.5021153600280703e-02	   3.0228312480086550e-01	   2.5567314426628518e-01	   6.0524073011965063e-01	   4.0458767427915976e-01	   2.3938929036915357e-01	   3.0065221938192586e-03	   1.2326748972974011e-01	   3.0834928616862678e-01	   1.8633832910979620e-01	   2.4800174744731102e-01	   6.2272632847529208e-01	   2.2667451524777540e-01	   5.6898541798067037e-01	   3.2825440723067573e-01	   5.4036680361386025e-01	   3.3016808882968518e-01	   5.5684408170455357e-01	   4.5450212846156524e-01	   1.6938689771312138e-01	   3.8840846916927479e-01	   1.0334561586013777e-01	   4.7040431278372963e-01	   2.8580108937132448e-01	  -2.4713627517265302e-01	  -9.3325486455339626e-02	  -1.9065191765036185e-01	   4.2307132335551056e-02	   1.7625871618025307e-01	  -1.0401884113815492e-01	   4.3639423639565256e-01	   8.3174297696511565e-02	   1.7958518221183412e-01	  -9.6794172346624269e-02	  -1.3121908242705888e-01	  -1.5458120707697273e-01	  -1.4595866771807142e-01	  -4.9631805608073072e-02	  -3.9834820561342091e-02	  -1.4934468000276972e-02	  -7.7144794332175595e-02	   1.2411624440365962e-01	  -3.9143409917606460e-02	  -8.9845075335372365e-02	   2.2424840524524495e-02	
   2.4767583702159102e-01	   3.2334249332306020e-01	   2.3369184411921357e-01	   5.2684964313324156e-01	   3.3526909278919043e-01	   5.9451888746943082e-01	   4.0139092208190430e-01	   6.3553470758815400e-01	   5.3953131684920397e-01	   0.0000000000000000e+00	   3.3237312387607321e-01	   6.3226630452154420e-01	   2.3036880081736177e-01	   4.6309901216182925e-01	   3.4677572037984461e-01	   6.5413927966729091e-01	   1.4535430292048690e-01	   1.6846624528075493e-01	   3.1629361918582555e-01	   4.2680995088322105e-01	  -3.1026493731480997e-01	  -1.7051601297127023e-01	   2.7256137588794038e-01	   4.9328700854124041e-01	  -7.1511659090501681e-02	   2.2759692365839829e-01	   2.4930601269590652e-02	   9.0694878402936496e-02	   6.9349531066119449e-02	   1.7350866938466097e-01	  -7.6872114662594122e-05	   1.6269758665567413e-01	   1.6542130503874841e-01	   3.2291338679809622e-01	   7.8394776110629644e-02	   8.2187290396470797e-02	  -2.8802885650390675e-01	  -2.8049643839450500e-01	  -1.5133517946881095e-01	  -6.4796701660771047e-02	  -8.1576684617998468e-02	  -8.6927569708492147e-03	  -2.0188645094484384e-02	  -5.8939593376632071e-02	  -5.4576185220887835e-02	   5.1873812147547285e-02	  -5.5370579618076884e-02	  -1.1048646357849090e-01	   3.9147054054652097e-01	   3.3783332931971777e-01	   3.7459121104763415e-01	   3.5433727116799363e-01	   4.5072496024386999e-01	   4.3467105461560335e-01	   1.5192939030578426e-01	   1.0938957331893701e-01	   2.1704812032078100e-01	   2.1689123428270801e-01	   3.8691601965042743e-01	   5.0012232749148522e-01	   3.9571704819379738e-01	   5.6421829655194622e-01	   2.9564670848196317e-01	   3.3583801670407792e-01	   3.0791354718426767e-01	   6.4750662048320695e-01	   3.2210144951899250e-02	   1.1314179176411657e-01	   2.3733581669726433e-01	   3.6409857460881989e-01	  -2.0821175444782868e-02	   4.0789418904259390e-02	   9.6482303241698736e-02	   2.8580700210915011e-01	   2.3611337553837181e-01	   4.1000032331321956e-01	  -5.3874129430113257e-02	  -1.0417780046896638e-01	   1.0346077032761011e-01	   2.0386822284541606e-01	   2.0735423164717773e-01	   3.2121702207893943e-01	   3.4448665719270744e-01	   4.1786422629005493e-01	   3.0521090690642261e-01	   3.3730201804600335e-01	   1.8099977918503313e-01	   1.9310881186608192e-01	   4.1797477534183447e-01	   3.9832188618743319e-01	   3.6785948635939125e-01	   1.9289169837854153e-01	   3.7008852360686417e-01	   4.9762552214310057e-02	   1.6261338168128187e-01	  -1.1765402569011887e-01	  -1.4141260885548321e-01	  -8.3932656976228814e-02	   2.8275101519375700e-01	   1.1011014572299507e-01	   2.0293151674324364e-01	   1.4364570259578086e-01	   2.1402585015294445e-01	   1.8064071445007546e-01	  -6.7846817964767596e-04	  -3.0307240958076753e-01	   1.6649193794183430e-02	  -3.0905504270030942e-02	  -1.2656414478610468e-02	  -1.5973817724286515e-01	  -2.1607192569925301e-01	  -4.3027989312104976e-02	   2.3828026990251308e-01	  -7.9070813677193333e-02	  -1.3662412886424105e-01	  -1.0642604644414734e-01	
   6.2815855745503035e-01	   5.2715876956760477e-01	   2.6379583982716071e-01	   5.1677321641365237e-02	   3.1565872825425856e-01	   1.6703957897580671e-01	   2.4389888165595186e-01	   9.7578949005728721e-02	   5.1926620605599449e-01	   3.3237312387607321e-01	   0.0000000000000000e+00	   4.2082025297542347e-01	   7.4448571226545956e-01	   4.1415602966973519e-01	   7.2975319784651105e-01	   4.2240009205415541e-01	   2.2101327565985329e-01	   3.3121235488833567e-01	   5.6153492006113104e-01	   3.5688949537182502e-01	  -7.7509720169167379e-02	  -6.5914328870218031e-02	   3.4403408086923143e-01	   1.7134878937925277e-01	   1.7915803287725002e-01	   1.4654070780954834e-01	   2.2374419868201229e-01	   2.1961795533968206e-01	   3.8690609339430249e-01	   2.9809452509058781e-01	   1.6291288330070208e-01	   4.9237247958261190e-02	  -7.0129625250534733e-02	  -1.0223746847182835e-01	   5.2978857896949262e-03	  -1.3973645365867027e-02	  -5.1665720837891782e-02	  -7.1297669137447769e-02	   3.5540217771399943e-02	  -4.1328599140727776e-03	   1.9788312571493161e-01	   1.2130485289669582e-01	  -5.8670049200505569e-03	  -1.4716713939353110e-01	  -2.5614683382687603e-01	  -1.8263604336652667e-01	  -1.0157333575034389e-02	  -5.4106102342959032e-02	   4.0949349204766050e-01	   2.8681426454129644e-01	   4.7979426203756470e-01	   2.6351934015442191e-01	   5.8845531665689432e-01	   5.2038957140993292e-01	   2.4007277369128532e-01	   1.7769299722632870e-01	   4.3787395372108384e-01	   5.0253305627427369e-01	   5.1815058362542776e-01	   5.6969071555717365e-01	   5.4261606164599174e-01	   3.9400595066651617e-01	   4.0597852829596481e-01	   4.2856149084931910e-01	   2.0779446121290251e-01	   5.8044111688688858e-02	  -4.9735349087147190e-02	  -1.4380852090040941e-01	   1.5043766110592427e-01	   1.8857074304188232e-01	   1.2859249798665978e-01	  -6.1829821475618607e-02	   4.3989054563469993e-01	   4.0133087887673208e-01	   5.7618917191685537e-01	   5.2342597484257825e-01	   2.6911063691884540e-01	   9.8942156098457260e-02	   1.7406402573714996e-01	   2.9733027112720034e-01	   3.0484128643650299e-01	   2.9424072169290738e-01	   6.0413877000542104e-01	   3.3163622922806990e-01	   5.4336797951892857e-01	   2.1430474615607070e-01	   4.8515221998182273e-01	   3.3224494004462379e-01	   5.0698248152041669e-01	   5.7380397323765087e-01	   2.4688529029187350e-01	   2.7368553983058053e-01	   2.2434686078545742e-02	   1.8320572274046315e-01	   1.8473775196985825e-01	  -1.0384256704499392e-01	   1.8681351785024970e-03	  -8.3041908395228830e-03	   2.4445569653925150e-01	   3.5691182693484824e-01	   2.7526461319555322e-02	   1.5622636993668337e-01	   2.6307975199390388e-01	   2.7338689495253254e-01	  -7.9597464719656952e-02	  -2.0233837229484372e-01	  -1.3209587294106838e-02	   9.0416832312927894e-02	  -1.0801409075609761e-01	  -1.5989260528601751e-02	   5.2566354390797725e-03	   1.2670480875612758e-01	   2.8649179811962935e-02	  -6.0768537978826385e-03	  -9.1132955100828153e-02	   6.1441106084916000e-02	
   2.2095004346844058e-01	   2.5827479507828466e-01	   1.4749778280300621e-01	   5.1029424028306947e-01	   1.7263779777339680e-01	   3.2965247048037905e-01	   4.2967920628906786e-01	   7.2595404255030993e-01	   2.8619735579131467e-01	   6.3226630452154420e-01	   4.2082025297542347e-01	   0.0000000000000000e+00	   3.9727439150893706e-01	   8.5021971061493229e-01	   2.9737167339267701e-01	   7.2170680886889960e-01	   2.8760293534502956e-01	   3.4281210266318962e-01	   3.2596352816471735e-01	   5.3762413394631503e-01	  -1.6682342813350243e-01	  -1.2503419583161399e-01	  -2.8809377356922405e-02	   3.1335537888625886e-01	  -3.0850763900284811e-01	   6.1988684091145406e-03	  -2.0211017014014651e-01	  -2.2740920101617451e-01	   4.6708714775334714e-01	   6.0815097981304034e-01	   1.0669199143197346e-01	   3.5364979250661543e-01	   2.8048658637923246e-01	   4.3703464200070696e-01	  -1.2770205992648587e-01	  -6.7067299459388552e-02	  -2.4541394509555695e-01	  -3.2139955501129286e-01	  -1.0330549979447903e-01	  -1.6531374644767718e-01	   1.6810369089339727e-01	   6.2840381630815983e-02	   1.6094114353444258e-01	   1.4614044121024602e-01	   1.3806567334647013e-01	   2.3017022756189359e-01	   1.5151842408053776e-01	   7.2961802057013969e-02	   5.5745395013987997e-01	   5.3672546404179222e-01	   4.4413734319468401e-01	   3.0077059209487744e-01	   4.6218708834702749e-01	   2.5205248176719597e-01	   3.1282674375141251e-01	   1.9724079070372974e-01	   1.4760723251830118e-01	   1.0075712392544152e-01	   3.9201578824819505e-01	   4.1711267009339414e-01	   4.1157283887283125e-01	   7.1462583507760158e-01	   6.2597685329883523e-01	   7.2076043619329933e-01	  -1.9477730627609161e-02	   4.3778567843942323e-01	   1.1958237502045045e-01	   2.1166526592061324e-01	   4.6076543463469427e-02	   1.7118944104633738e-01	   6.2624289875057498e-02	   9.0787929088820524e-02	   3.3850408652912628e-01	   4.9569302432097262e-01	   3.6810124404734762e-01	   6.1520632014962162e-01	   1.3468234674269025e-01	   1.6972943946010605e-01	   1.5327091240813751e-01	   1.6700878223419577e-01	   4.3326187368317648e-01	   4.4009223381855278e-01	   2.7544173772215941e-01	   6.8897300645875759e-01	   1.3396331449654794e-01	   3.7096910072016953e-01	  -7.1937899407554060e-02	   8.9799746285698298e-02	   3.9932381636250153e-01	   4.2785889232799279e-01	   4.2453513745021632e-01	   1.3443949826155116e-01	   2.9403263208230407e-01	  -1.3203121510739907e-01	   1.4698689401278414e-01	   1.0355383231822084e-01	  -2.6643655576317322e-02	   2.2236818360416966e-02	   4.3510375732388651e-01	   2.7764503207266683e-01	   4.5357206747543893e-01	   1.6113362361640862e-02	   3.0484361932834708e-01	   1.2602251724781496e-01	   6.4255529385594146e-02	  -1.4295063905192601e-01	   1.6853464729637252e-01	   5.6032007345991834e-02	  -2.5871327594344521e-02	   3.0389349520359203e-02	  -7.1075211070916938e-02	   4.4224135985853445e-02	   2.0626300963697655e-01	  -6.0933767802932477e-03	  -3.4073541097492707e-02	   1.9761353315350796e-01	
   3.2318423480210384e-01	   2.2422538866938224e-01	   2.5241511430084862e-01	  -1.5814050654503883e-01	   3.4379456031169353e-01	   1.1299764889963379e-01	   4.6622471178889391e-01	   4.1247536277968636e-02	   6.4513013420866239e-01	   2.3036880081736177e-01	   7.4448571226545956e-01	   3.9727439150893706e-01	   0.0000000000000000e+00	   5.1557681364706842e-01	   7.5617961132100486e-01	   5.2931534168370487e-01	   1.7439991620541212e-01	   2.5663326948748721e-01	   4.5336093944896139e-01	   2.4497308786780134e-01	   4.5404660472955051e-03	  -2.3161009697425889e-03	   2.0825140375188286e-01	   6.0039295243042551e-02	   1.5891848258654095e-01	  -5.0820939009609357e-02	  -8.9012395220823097e-03	   7.0513436939186644e-02	   4.4288603967879303e-01	   3.4395391504587786e-01	   1.0580811756195384e-01	   9.8225778414352018e-03	   1.4942334399509892e-02	  -8.9218275832230437e-02	  -7.7340815813644118e-02	  -1.3485124584077771e-01	  -6.4707974788041717e-02	  -4.4406320972633390e-02	  -2.0658427913959426e-02	  -1.6074033845787056e-01	   2.2371485617333214e-01	   9.9092721833621861e-02	   7.1095459942452963e-02	  -6.2012049911059361e-04	  -7.0915286874862815e-02	  -1.0870046382060633e-01	   7.1113862104519768e-02	   3.5662166349153271e-02	   2.7420736826510655e-01	   1.6762469746071837e-01	   2.7072405073181360e-01	   6.9792495645901578e-02	   2.6466896824540764e-01	   2.4190223879661521e-01	   3.5354268727217406e-02	  -4.8464466197296684e-02	   9.2211821515794656e-02	   1.4503145542022447e-01	   4.0715295517671057e-01	   2.5881161224435473e-01	   4.3620602163866962e-01	   2.2237204367204405e-01	   2.2164037929739211e-01	   3.2499863658126121e-01	   1.2187742482969988e-01	  -4.6132677561015745e-02	  -1.6958963002879933e-02	  -1.8662854104674195e-01	   7.4975851381077471e-02	   1.1887493474341265e-01	   1.1904632227987619e-01	  -1.6010757232052464e-01	   4.1718313858877926e-01	   3.2974502561762797e-01	   5.7810961550205864e-01	   4.3437596754207364e-01	   2.3334854508144687e-01	   9.8154048170290428e-02	   6.1547542980894251e-02	   2.0440029704764218e-01	   2.9522952035835553e-01	   2.4822407963539544e-01	   4.8630282902158295e-01	   3.2311192597102611e-01	   3.3880047652844714e-01	   1.3053465181918175e-01	   2.5511486583099924e-01	   8.3490459704996356e-02	   4.2310178509972235e-01	   3.7008192931775319e-01	   1.2136991192821892e-01	   2.5149298340119985e-01	  -4.7899412309136261e-02	   2.4485978771686517e-01	   2.2722988741272537e-01	  -2.7333744102740132e-02	  -5.4222676114889783e-02	  -1.9736814284928891e-01	   1.0784622041658572e-01	   2.1747910464833173e-01	   4.3437362490489448e-02	   3.1127400657784210e-01	   1.4876894625379775e-01	   2.0656300082859719e-01	  -1.2988067443391921e-01	  -4.7304598469640927e-02	  -2.8623859049629372e-02	   1.5012460408602667e-02	   2.8204067404442611e-02	   5.1538671023769210e-02	   4.3015180888989819e-02	   2.0093448764687927e-01	   1.2953467770240329e-01	   7.0038017358026325e-02	  -3.7990150386593979e-02	   1.6270772472543385e-01	
