   0.0000000000000000e+00	   7.8741599635384540e-01	   3.5823420381299632e-03	  -2.0928578153199529e-01	   1.1917394999650760e-01	   7.3858471786717346e-03	   9.1046817820476314e-02	  -2.1372797801179905e-01	   4.6907365004882295e-02	   9.4513414688315617e-02	   6.2916685131495254e-01	   4.0426199948285929e-01	   3.9604697732360661e-01	   2.2195468099495461e-01	   7.0588603393947222e-02	   1.1640165996426592e-01	   5.8377378461586726e-01	   5.5447638868077520e-01	   4.1987816974950798e-01	   4.7141946525934231e-01	   8.9622360849629407e-02	   1.4050477445607998e-01	  -2.0104663711801352e-01	  -2.6746500327619660e-01	  -2.4269597603004261e-01	  -3.5353162033067176e-01	  -9.6700991912925822e-03	  -8.1885571769848509e-02	   4.2696551547875350e-01	   3.4948073210948327e-01	  -1.6943429230116538e-01	  -1.7132900582339414e-01	   6.3456895101806063e-02	  -1.8327825578625449e-02	  -3.9127055764400825e-01	  -4.1913443128549932e-01	  -5.4211717003620485e-02	  -1.1575344671743568e-01	  -4.6529361280145155e-02	  -9.2113330742492928e-03	   1.9702119150692632e-01	   1.7883511132012232e-02	   2.3566559717671753e-01	   2.9628918401966076e-01	   3.7137012882825171e-01	   2.6365932330484676e-01	   2.5659627635404447e-01	   1.3628001757306640e-01	   6.2426292940107164e-01	   5.0818614808969542e-01	   5.0824267228529019e-01	   5.1827205523544939e-01	   5.2396429381595966e-01	   4.8522778593815691e-01	   3.6758012055970957e-01	   3.0388771751614585e-01	   8.8847076522015267e-01	   7.6246920290221054e-01	   5.7729531485275409e-01	   2.0479259169541120e-01	   3.1757117529355428e-01	  -3.2908066319534934e-01	   6.7988087416479015e-01	   5.5156144053723477e-01	  -2.1971011830226556e-01	  -3.4656672603739452e-01	   1.1257255878003306e-01	  -1.4414628808505503e-01	   5.2061214796165300e-01	   2.4711625683544142e-01	  -6.4773924307402281e-02	   1.2846711555056602e-02	   1.9403279885684679e-01	   1.8421417133653048e-01	   3.6384020882757306e-01	   2.9413533722738694e-01	   2.5737536805817540e-01	   1.0215553919137897e-01	   3.7032809950709589e-01	   4.3194954896174714e-01	   5.0862731027919372e-01	   4.4500931288237311e-01	   1.6712667865631359e-01	   2.9868248239190920e-01	   1.6908884470365676e-01	  -4.0548280001622916e-02	   1.8610444896987717e-02	  -8.1850534084587964e-02	   1.2897416932997366e-01	   2.7795889933658946e-01	   1.8028554729850987e-01	   2.0726486729735144e-01	  -1.2586229663798523e-01	   1.2619172810053730e-01	   2.2218187226185729e-01	   2.4561638120731644e-01	   8.0804084894466402e-02	   1.5982115349485820e-01	   3.8448276554267979e-01	   4.0011913123150716e-01	   1.3623829609464286e-01	   3.1234354795807384e-01	   4.3807337749821540e-01	   6.4413884095494955e-01	   1.0471934418335790e-01	   1.4438850328525607e-01	   4.7888289079942969e-01	   3.7149866824623434e-01	   1.9172094074974888e-01	   1.3021782631295314e-01	  -2.1554249723302121e-01	   7.1605393733478698e-02	   2.5007974705100389e-01	   2.8129854325966708e-01	   3.0258806863879395e-01	   2.4313508921148819e-01	
   7.8741599635384540e-01	   0.0000000000000000e+00	   3.2788701556866662e-01	   1.7198989723544048e-01	   4.2791102566370726e-01	   3.0022953049822909e-01	   2.2242270309117049e-01	   8.9106900662487304e-02	   2.7501642095001511e-01	   3.8257362919156102e-01	   4.9727651500017539e-01	   4.4472451661573753e-01	   3.1384928941408463e-01	   3.8626091919868644e-01	   4.0263670652309280e-01	   4.4396001024952714e-01	   3.9384956368340696e-01	   3.8691238207192402e-01	   6.6298023787536742e-01	   7.0126505321501520e-01	   3.4222652944536014e-01	   4.0076802956111535e-01	   1.7489106052201700e-01	   1.0845599196389569e-01	   1.4611710644606682e-01	   5.0494589825635879e-02	   3.4402222827376205e-01	   2.6564826267479213e-01	   3.8799231435911685e-01	   3.7284092757122111e-01	   1.5864238578408169e-01	   1.4841232348625538e-01	   3.1203660518688348e-01	   2.7497605634461780e-01	  -2.9531268777515877e-02	  -1.3457695391137625e-01	   1.5794948027495523e-01	   1.4967447894571756e-01	   2.0052083952398153e-01	   2.7346753917425809e-01	   3.4345686256870145e-01	   2.7097848126197005e-01	   2.9186478957280049e-01	   2.8016519366724907e-01	   4.0694083550831195e-01	   2.1584145379455272e-01	   3.7698801527233461e-01	   2.5015152823498582e-01	   6.0886414611276507e-01	   5.6825424789124168e-01	   5.6682045186717722e-01	   5.9504961004220958e-01	   5.7027453062874733e-01	   6.0070253610208679e-01	   4.6945624382362006e-01	   3.9817264784617884e-01	   6.4093411106581244e-01	   7.6525616164416621e-01	   3.4167092512610614e-01	   4.4350458326085318e-01	   2.4763552200214198e-01	   4.8718151454784128e-02	   3.2807726457691161e-01	   4.4165967042887749e-01	   1.4006535274616777e-01	  -2.3040852454618753e-02	   2.4428630117374550e-01	   7.4953887992416868e-02	   6.6285863383349675e-01	   4.7412659850804811e-01	   2.0643656294314985e-01	   2.4725207013357592e-01	   3.7095354356986360e-01	   4.1257874933314731e-01	   4.2369777983380763e-01	   4.8593776943399525e-01	   3.4885038670168289e-01	   3.4155386564972023e-01	   4.0346073963060164e-01	   4.2820244995867668e-01	   5.7550906142802549e-01	   5.4047565465402869e-01	   4.5255487702805058e-01	   5.0871554421458798e-01	   5.0129918133313855e-01	   2.9441799577774785e-01	   2.7074143548325025e-01	   2.2177514765290002e-01	   4.0577766825322781e-01	   5.7312467548701296e-01	   3.7003438570365677e-01	   2.0654497148110618e-01	   9.1243631818150359e-02	   2.2084543048360622e-01	   2.4409720708441904e-01	   8.7612314374434314e-02	   2.5439712603593689e-01	   3.2316908579187431e-01	   4.5549186034610789e-01	   3.1719470354753532e-01	   3.1573821069620700e-01	   3.8355409292395282e-01	   3.8108559980902801e-01	   4.3331175360599272e-01	   7.9181772142097165e-02	   1.8387040893874373e-01	   2.9400718668736076e-01	   3.1107342006171723e-01	   3.6709590885070892e-02	   1.3073388729098925e-01	   1.0403436356253842e-01	   1.3520910183239637e-01	   1.1015862916834517e-01	   6.5745141555088982e-02	   1.4221126173021059e-01	   5.8174398096731882e-02	
   3.5823420381299632e-03	   3.2788701556866662e-01	   0.0000000000000000e+00	   7.4008394200979866e-01	   7.6030121986424914e-01	   5.6585276316080413e-01	   6.2916021410088196e-01	   5.7986248135974483e-01	   4.7661138646630075e-01	   5.4876115369041345e-01	   5.1207904178772398e-02	  -4.4360764309034365e-02	   1.4697342954084047e-01	   3.5685121528010100e-01	   7.1627105167385996e-01	   6.4764134773735194e-01	  -2.7226581447026665e-01	  -2.8754970200636831e-01	   5.7165047732885377e-01	   5.8852502017661323e-01	   6.1061863342827838e-01	   5.8109553272367742e-01	   8.7570253881214066e-01	   8.5810927310544816e-01	   7.7935158096937029e-01	   7.8425307301370395e-01	   7.4810641646140819e-01	   7.4501303137077213e-01	  -9.8629477543783817e-02	   1.6635262412240850e-02	   8.0723768798845774e-01	   7.7898241614834174e-01	   6.5327427610837807e-01	   6.5413886697911994e-01	   7.0875532809249930e-01	   5.7626986231551536e-01	   3.4078434998662654e-01	   3.2879268725048499e-01	   5.0517928694452696e-01	   4.8473691485341475e-01	   1.5773704633706082e-01	   3.1231971524734781e-01	   2.0435624277933218e-01	   7.9644130496538665e-02	   1.2581213462562407e-01	   7.3498208039682635e-03	   2.5128852062235707e-01	   3.3665187195295393e-01	   1.4382583623695339e-01	   1.3585770057669672e-01	   3.7667608967075261e-01	   1.6917687143171248e-01	   1.5086829828967180e-01	   2.2744120105600257e-01	   2.9788023811400777e-01	   2.5884631497070698e-01	  -1.4929822541841067e-01	   9.6090313406685571e-02	  -8.8937053266446506e-02	   3.1245861057198010e-01	   1.2337051115619790e-01	   5.8887132084481586e-01	  -3.7232028189185795e-01	   5.5142903644008819e-02	   8.6791890634045732e-01	   6.3079172750241019e-01	   4.9406010369543257e-01	   3.4446281826874603e-01	   5.0983669211640681e-01	   3.3475897089045542e-01	   4.7531883745985315e-01	   4.8945281532457635e-01	   2.8392091858092561e-01	   3.1448863497335872e-01	   3.0098931544437463e-01	   3.6495534293696985e-01	   3.8883927557152337e-01	   3.3821152693638024e-01	  -3.2719505655435299e-02	  -2.2286824482621752e-02	   3.7260229393969703e-02	   2.8631056862558246e-01	   6.2994898580688785e-01	   4.6307613801434688e-01	   7.5991023107033151e-01	   7.4083550083533301e-01	   7.1872605516376065e-01	   7.9778662259853006e-01	   7.6342889954868431e-01	   6.7739935870350532e-01	   4.0556656222718424e-01	   3.6626872153357060e-01	   3.7243290309435462e-01	   5.5632322632951503e-01	   1.0603380850258520e-01	  -1.7043476403780544e-01	   3.7327435923386998e-01	   3.5312357799912963e-01	   2.0808030302108765e-01	   3.4897856404187702e-02	   3.4145790456577896e-01	   5.1526459168602545e-01	   1.3290300715288622e-01	   4.2544875764401732e-02	   1.4337374460084201e-01	   3.4599401571344635e-01	  -8.4001611224987005e-02	   7.6290893051719544e-02	  -1.5383362577972409e-01	   3.7961032150391656e-02	   4.7869305565219744e-01	   1.9993039904677401e-01	  -5.0473310449065606e-03	  -1.2172116137891620e-02	   1.6248993516606408e-01	  -1.5796418251764308e-01	
  -2.0928578153199529e-01	   1.7198989723544048e-01	   7.4008394200979866e-01	   0.0000000000000000e+00	   6.4327511498473744e-01	   8.0345774109568358e-01	   6.8360429329109673e-01	   9.3490051224661719e-01	   5.1632263328115768e-01	   7.9512873994712530e-01	  -2.1708288153561522e-01	   2.0053642322181248e-01	  -7.2250689402082485e-02	   3.8004803818214372e-01	   3.3030226182892974e-01	   6.0007219787710364e-01	  -2.4762106495288344e-01	  -2.1577362128356792e-01	   3.2096522454768639e-01	   4.6463316538821431e-01	   2.9681634880171481e-01	   3.9192900001152742e-01	   6.8423570396826572e-01	   7.9947415763630558e-01	   6.0084891023820641e-01	   7.1129198399220828e-01	   5.2284593488657793e-01	   5.6623778806895309e-01	  -1.3515886252305553e-01	   1.9332967380845878e-01	   6.7116136658033909e-01	   7.2881987724008357e-01	   5.5062166786859545e-01	   7.3235820371104865e-01	   7.0689679159939012e-01	   7.4647628344840111e-01	   7.6396776361470409e-02	   2.3010989650317665e-01	   1.9896306517513085e-01	   3.4111565702503188e-01	  -1.2186383795189729e-01	   1.2790235212756590e-01	   3.2535991008854198e-01	   1.7981740372677488e-01	   2.2332485133889815e-01	   1.9369340938000776e-01	   1.9089007700734806e-01	   2.4945483790959183e-01	  -1.0986656772343346e-02	   1.1420928801957490e-02	   1.9724886044560017e-01	   1.8852088280324818e-02	   1.6629326586024496e-02	   6.4968378055775225e-02	  -2.7997133388947305e-02	   6.1446418918977806e-03	  -2.3862762900832724e-01	   1.1129389739447235e-01	  -9.2971568369532964e-02	   4.7927373428758957e-01	   1.5645100922660587e-01	   8.7343375902189468e-01	  -3.9854877487889301e-01	   1.6945535142813123e-01	   7.0969089923329720e-01	   8.0052872952092247e-01	   5.7198783471605896e-01	   6.3147195469117223e-01	   4.1213078884731957e-01	   5.1238260762488552e-01	   4.0171552497389729e-01	   3.7351778330355029e-01	   1.5439413352500955e-01	   2.8521055114781252e-01	   1.6781156848806886e-01	   3.1384453288772929e-01	   2.3911782913042934e-01	   5.1908841762439839e-01	   1.5599407062931900e-01	   1.3420527322311548e-01	   1.0936463150110357e-01	   2.7332101012489007e-01	   2.7703559971770392e-01	   2.9133018307054426e-01	   5.5885587538106141e-01	   7.5205479387240648e-01	   2.9679910207730825e-01	   6.0680675906618442e-01	   4.8567156728798155e-01	   6.0716793552747339e-01	   5.9242837668574233e-01	   2.5262878832128832e-01	   7.1154347276467589e-01	   4.7895507564244921e-01	  -8.4252336917591375e-02	  -1.3706695751845360e-01	   1.1669239837669682e-01	   1.2722521691774369e-01	   1.4024699548185904e-01	  -1.1187228283166636e-01	   6.4565156109367161e-01	   4.5657779178883529e-01	   2.5410550566789736e-01	   1.5262819011291333e-02	   3.2300057014453987e-01	   4.0224604777257572e-01	   2.9852778254003849e-02	   1.0220948404855765e-01	  -1.3288782501673763e-01	  -7.6620687709435149e-03	   4.0288311260137333e-01	   1.6655177356468781e-01	  -3.8977114739628831e-02	  -1.1755046425373804e-01	   1.3360036755323590e-01	   1.9066017448422904e-02	
   1.1917394999650760e-01	   4.2791102566370726e-01	   7.6030121986424914e-01	   6.4327511498473744e-01	   0.0000000000000000e+00	   8.1473102536765718e-01	   5.8385080092821495e-01	   5.9580627918883367e-01	   7.4153355228693929e-01	   7.7786546035532633e-01	   1.6188917103258899e-01	   2.5746234409219670e-01	   3.0574582809202477e-01	   5.1587770021067403e-01	   7.5482817181022133e-01	   8.1222932593221842e-01	  -1.5666865873701932e-01	  -1.7059093512602874e-01	   4.7107534491594494e-01	   5.2797898789755904e-01	   6.1432383239148602e-01	   6.0809636806514722e-01	   7.4298849901448061e-01	   6.7670025623706698e-01	   6.7503816369565595e-01	   6.9318613739111434e-01	   7.6629758564160733e-01	   7.4291423438375315e-01	  -3.1590354328547759e-02	   7.2263860570797020e-02	   5.8029651931334780e-01	   5.6745719656648641e-01	   5.5077654518371810e-01	   5.6701709406742706e-01	   5.9986038837055222e-01	   5.0367678126459947e-01	   4.0783651031205981e-01	   4.0986904959459525e-01	   5.1911493612449333e-01	   5.0370501113433408e-01	   3.7776868384368412e-01	   5.0037800790852316e-01	   2.7985922098403637e-01	   2.1887684316486256e-01	   1.8736045726678385e-01	   1.4864098952475008e-01	   3.0116525533684196e-01	   3.4752689187301733e-01	   1.7811548785448444e-01	   2.3351208193506640e-01	   3.3096471214363066e-01	   2.0721962767155955e-01	   2.5375291326075039e-01	   3.2866887288922680e-01	   3.5382061128480113e-01	   2.7600011937232199e-01	  -6.1259016969090778e-03	   2.7638090704217777e-01	   1.7248726255977204e-01	   5.0577638030313954e-01	   3.9855602479936320e-01	   6.6845150658027097e-01	  -1.9896961757328546e-01	   2.4586945834729382e-01	   7.2659607159142670e-01	   6.1131188299478356e-01	   5.2425064486762174e-01	   4.1020310032903273e-01	   6.3804859893371502e-01	   5.0558849995618127e-01	   5.3430763170370243e-01	   5.5671754919398642e-01	   3.5312252984490744e-01	   4.6789335866488196e-01	   3.2161805734126342e-01	   5.3293168649189293e-01	   4.1165376363320882e-01	   4.7277289495430391e-01	   4.3149758772362566e-02	   1.9676578591703380e-03	   1.4958355668560397e-01	   3.0885743198135196e-01	   6.4062788322756758e-01	   6.0330779255243983e-01	   7.0350113967647410e-01	   7.0557621776097768e-01	   5.7140057139763645e-01	   6.4001073224541494e-01	   7.8524018745415325e-01	   7.0098526579089004e-01	   6.2671525532889016e-01	   4.9700933329584984e-01	   5.2672993241527610e-01	   6.5808167812316487e-01	   2.7550806446250187e-01	  -6.1707106018148343e-03	   4.7069485358217877e-01	   4.4170993091061417e-01	   3.7335153023042250e-01	   2.6560399747447277e-01	   5.2612372308391397e-01	   5.8363748308661423e-01	   2.7231196004844899e-01	   1.7448324271960003e-01	  -9.9404451341873840e-02	   9.0680585726384849e-02	  -5.1709855135368216e-02	   2.5832444482009009e-01	  -1.8149785216728884e-01	   2.2762603630244072e-01	   4.7300488295741516e-01	   3.0119901244344149e-01	   2.8863215840118805e-01	   2.3954110717903798e-01	   1.4755343101323448e-01	  -3.6510105510623131e-01	
   7.3858471786717346e-03	   3.0022953049822909e-01	   5.6585276316080413e-01	   8.0345774109568358e-01	   8.1473102536765718e-01	   0.0000000000000000e+00	   5.5719424372707083e-01	   8.0636079369682601e-01	   6.5430338247250697e-01	   9.2436127453252714e-01	  -8.6600717470612487e-02	   4.0448224219466100e-01	   5.8778800818925225e-02	   4.7350269249691102e-01	   3.9254958874241097e-01	   6.8596023374721349e-01	  -8.9410667497021798e-02	  -6.2487459391427178e-02	   2.2187584105150746e-01	   3.9981971910788883e-01	   4.0386383146185767e-01	   5.2009609667016021e-01	   5.5961447291048128e-01	   6.2558640302848567e-01	   5.6568916516817691e-01	   6.3908613171527451e-01	   6.2362413081008128e-01	   6.4143295350509488e-01	  -1.4354243505660175e-01	   1.4597109737063554e-01	   4.6513499041324485e-01	   5.0770977433332198e-01	   4.3340868910426511e-01	   6.0178075915187157e-01	   5.6729250304291756e-01	   5.8835871241064064e-01	   2.0291990297023638e-01	   3.1548556765820229e-01	   2.9942301146809436e-01	   4.3930139790918021e-01	   1.5438795462564334e-01	   3.5524274645150994e-01	   4.2890368660081990e-01	   3.4292169450753307e-01	   2.7868181774845607e-01	   3.0219559645383148e-01	   2.8458647708673024e-01	   3.3615705212136604e-01	   1.1190760004735104e-01	   1.7095161075425575e-01	   2.7102601664887238e-01	   1.5398464879357851e-01	   1.8780716070233028e-01	   2.1822498194008932e-01	   1.3774589222389499e-01	   1.6496499324918357e-01	   2.2684275016729271e-02	   3.3055359267261247e-01	   1.8000946150205047e-01	   6.0530785587854441e-01	   3.6201065267906229e-01	   8.0818785040879515e-01	  -1.4799440256682622e-01	   3.3993402533267730e-01	   5.9006799969899082e-01	   7.5154456561642125e-01	   5.7995238025017104e-01	   5.9660629753132000e-01	   5.3211180712846695e-01	   5.7826320806486153e-01	   4.3233176785226346e-01	   4.3137356326164022e-01	   2.1602759142280595e-01	   3.6888539223643640e-01	   2.1774568563850366e-01	   4.2430198622488480e-01	   2.7280267582977208e-01	   5.8685031298429458e-01	   2.0857522434528566e-01	   1.3672929807670609e-01	   2.0049395452500668e-01	   3.2238137127437327e-01	   3.4391777817402280e-01	   4.4144239606791202e-01	   5.5690102952359732e-01	   7.6543177621129665e-01	   3.0688280746292473e-01	   5.5101782981459624e-01	   5.9119059288442022e-01	   6.9204008102674952e-01	   7.5291963256303085e-01	   4.0532601413803393e-01	   7.7986839214352921e-01	   6.0113642667940514e-01	   1.2636494840433785e-01	   1.8806465005773175e-02	   3.0503153095580238e-01	   3.3553457800552372e-01	   3.2156284976467042e-01	   1.6314755627718733e-01	   7.4438487158284561e-01	   5.2871423100214221e-01	   4.3659443465312864e-01	   2.3222518415400561e-01	   1.5713366734382619e-01	   2.5302192889804875e-01	   9.4261891254877425e-02	   2.7265550297298369e-01	  -1.1328823795693002e-01	   2.1005741223176322e-01	   4.3401717910691917e-01	   2.5378257982902530e-01	   2.3320137777705716e-01	   1.2859380998517009e-01	   1.7447813369828466e-01	  -1.3815919798366103e-01	
   9.1046817820476314e-02	   2.2242270309117049e-01	   6.2916021410088196e-01	   6.8360429329109673e-01	   5.8385080092821495e-01	   5.5719424372707083e-01	   0.0000000000000000e+00	   7.7653837124702596e-01	   6.8094938134687943e-01	   6.3609514713916737e-01	   2.9908624724977162e-01	   3.5702005550590854e-01	   4.9831337786620228e-01	   5.2123250537645227e-01	   3.7782409649474868e-01	   5.7816258083566552e-01	  -1.5783838607425649e-01	  -8.4863875207347145e-02	   3.4791803460082682e-01	   4.0763012471065252e-01	   2.2092819719963555e-01	   2.5576858604088604e-01	   4.6226655429312596e-01	   4.4962627165812974e-01	   2.2487967715196977e-01	   3.2676664274066425e-01	   2.5130004472822398e-01	   2.3667946078961200e-01	   1.5175585098034400e-01	   2.4529621633910934e-01	   4.3088045694350097e-01	   4.8787868673033807e-01	   4.8946999576989869e-01	   5.5980639314966874e-01	   3.1471597895992059e-01	   3.5845170190010200e-01	  -5.4287085341839694e-02	  -3.4766658965549202e-02	   8.0473583703337542e-02	   8.7506135524534651e-02	  -8.7222317395555138e-02	  -1.1146154363339456e-02	   2.4978408379068387e-01	   1.8353980251291835e-01	   1.9753924370446460e-01	   1.8415226908617471e-01	   1.0130549164811428e-01	   1.7386284646105618e-01	   1.1042898181252772e-01	   9.2591360189613670e-02	   2.1378908633079313e-01	   9.6713398285547703e-02	   6.7636414923670701e-02	   1.7691122318936284e-01	   6.6451012514760405e-02	   5.1372241959350466e-02	  -9.6002470298863149e-02	   1.7528947156155453e-01	   2.2308365778371281e-01	   3.1656095494915848e-01	   5.6742343220186320e-01	   6.0102891057116836e-01	  -1.3536089567112582e-02	   4.5357065492893844e-01	   5.0295038618327614e-01	   4.6785132389466383e-01	   4.0318824846034240e-01	   3.3208803076225502e-01	   3.6415236191863948e-01	   3.2158328835921224e-01	   4.0960967565082529e-01	   3.6303775890252865e-01	   2.9632242060696562e-01	   2.5976198625041702e-01	   3.2796001903532446e-01	   3.6123374691516852e-01	   4.0238095798435880e-01	   3.1890130748052731e-01	   1.2555973713884902e-01	   2.1157394160175380e-01	   7.8281124703192623e-02	   3.0821497720925745e-01	   1.7525147897784210e-01	   1.8094956008157365e-01	   4.1622087731938262e-01	   5.1392299683740572e-01	   7.9245874799327196e-02	   2.8745584019853720e-01	   4.3267129523357523e-01	   4.2500002400429771e-01	   3.4857308274170301e-01	   2.9600814057808600e-01	   3.9365038122949314e-01	   4.7847155147722509e-01	  -1.3356396423241285e-01	  -9.2030184246199687e-02	  -7.2865609659170411e-02	   1.8919917172208825e-02	   4.3748382276729947e-02	   6.2460506824534687e-05	   4.6277564803524407e-01	   5.8147495558934659e-01	   2.0497198487034590e-01	   1.6383685228243605e-01	   2.2461732112752752e-01	   3.2460809396621043e-01	   1.9213262925960617e-01	   1.4211381211345869e-01	  -6.4428458935125388e-02	   5.6722650250265585e-02	   6.5832450453179731e-02	   7.0694036605930433e-02	   6.3799081685559589e-02	  -8.4308881928421509e-02	   8.3794637158568872e-02	   2.8505907173056969e-02	
  -2.1372797801179905e-01	   8.9106900662487304e-02	   5.7986248135974483e-01	   9.3490051224661719e-01	   5.9580627918883367e-01	   8.0636079369682601e-01	   7.7653837124702596e-01	   0.0000000000000000e+00	   6.1291484958485420e-01	   8.1277971255692627e-01	  -1.0301298533368847e-01	   3.6993083946661359e-01	   9.0284110740030260e-02	   4.6202733583380756e-01	   2.5107789223770949e-01	   5.8422979501939820e-01	  -2.4482825291244933e-01	  -1.6824479284283669e-01	   2.1717762248167682e-01	   3.4748316514956035e-01	   1.4948023328565280e-01	   2.5004347152742978e-01	   5.4974404633704821e-01	   6.4729934193390593e-01	   4.1435054059404064e-01	   5.4890313367960808e-01	   3.6789115302453484e-01	   3.9381676867937565e-01	  -8.2642854995909037e-02	   2.3446271653506823e-01	   4.9839937477365903e-01	   5.7359266698914857e-01	   4.4971171463097187e-01	   6.7163220373462840e-01	   5.5982183262795837e-01	   6.3922300393713349e-01	  -2.7141887208152336e-02	   1.1189716131304528e-01	   7.8668034421437105e-02	   1.9425015618755609e-01	  -1.6216982056331825e-01	   4.9733403863450258e-02	   3.1881244458662811e-01	   2.0948784518173463e-01	   2.2691765690880888e-01	   2.3917465890354958e-01	   1.2638899995827063e-01	   1.7768015303543294e-01	  -4.3793302988787024e-02	  -1.2787499887826240e-02	   1.0433064717036408e-01	  -3.0700654454101254e-02	  -3.0411827945135861e-02	   1.3019505442630475e-02	  -1.0829196195744789e-01	  -7.0103499585766782e-02	  -2.7238811720538614e-01	   9.6422799415299687e-02	   7.4155249147563693e-03	   4.5785577989636650e-01	   3.3375439176344851e-01	   8.8445375707387552e-01	  -2.5509768934105237e-01	   3.1722954029923794e-01	   5.9219147679962680e-01	   7.5215109713359363e-01	   4.7448465221610259e-01	   5.7739245619683954e-01	   3.2528411063561241e-01	   4.5859887269747363e-01	   3.5690672774590915e-01	   3.0287261541514221e-01	   1.5982472907512907e-01	   2.6931714467800183e-01	   1.5620101888049939e-01	   3.0196225549009648e-01	   2.0364340775533948e-01	   4.6964859091585132e-01	   1.7225705935909064e-01	   1.7083406042887644e-01	   1.0212607369980183e-01	   2.5773603658643041e-01	   1.1301165410131964e-01	   1.8846103812059287e-01	   4.3713406380670994e-01	   6.6753915583353052e-01	   8.4876222110085067e-02	   4.0512018534086769e-01	   3.8855329396325156e-01	   4.8242122409283539e-01	   5.8340800150035232e-01	   2.6136278877983216e-01	   7.4250417023484361e-01	   4.7765995366237579e-01	  -1.2670046739880930e-01	  -8.9087458279474507e-02	  -1.2891420117818801e-02	   2.8559053430351256e-02	   7.7172284769563962e-02	  -1.0639152854887346e-01	   6.8974472746961202e-01	   4.5887817759906496e-01	   2.7874611739786936e-01	   4.7138851556977938e-02	   3.1930120442948562e-01	   3.5134873202697359e-01	   1.0096111847301366e-01	   1.3638602651508774e-01	  -1.2084692898834448e-01	   1.0906797428792362e-02	   2.6913853656649345e-01	   1.3189279085158206e-01	   1.4092575971045806e-02	  -1.0618065960559364e-01	   1.0915049988281275e-01	   3.4688954371463104e-02	
   4.6907365004882295e-02	   2.7501642095001511e-01	   4.7661138646630075e-01	   5.1632263328115768e-01	   7.4153355228693929e-01	   6.5430338247250697e-01	   6.8094938134687943e-01	   6.1291484958485420e-01	   0.0000000000000000e+00	   6.9025343087037994e-01	   1.9337915589993113e-01	   5.4783672221772362e-01	   5.5808320363766339e-01	   6.6049700259298394e-01	   5.5776905725463100e-01	   6.0451375978124755e-01	  -1.8077474259152213e-01	  -1.0452733951353055e-01	   2.1777870823353238e-01	   2.6440386373830660e-01	   4.0153097531342075e-01	   3.9834375863693000e-01	   4.7968359250746750e-01	   4.0879348167301521e-01	   4.1574663537975620e-01	   4.2357107589923099e-01	   5.4011688745353847e-01	   4.9857768859077789e-01	   1.2223139473868130e-01	   1.5286606902871672e-01	   3.5931375871289706e-01	   3.8274776412528866e-01	   2.4131959218149829e-01	   3.4159090712807505e-01	   3.7038561964031735e-01	   3.3878213387806932e-01	   2.4232834766211275e-01	   3.0017034938152265e-01	   3.2227346981522742e-01	   3.2410422072495038e-01	   1.8939779274098939e-01	   3.2803429714423415e-01	   2.7774918092683798e-01	   2.1185083068300045e-01	   1.1236363429889268e-01	   1.2784332472270682e-01	   2.4113728017129110e-01	   2.7102507326212238e-01	   1.2716982171269642e-01	   1.5706325567686330e-01	   2.1925545567836136e-01	   1.4260664246561586e-01	   2.1265655559967034e-01	   2.2402564944139169e-01	   2.4676986222943037e-01	   1.7426761769420548e-01	  -1.3294559322515043e-01	   1.5888780199592956e-01	   2.8950264366498313e-01	   4.3596902384502978e-01	   5.3736188467222956e-01	   6.4213430543809258e-01	  -1.9052777510441718e-01	   1.7942172545267981e-01	   4.5242371028059580e-01	   5.2494501248074732e-01	   2.3451466955350522e-01	   2.6291023670938651e-01	   3.2155386275788211e-01	   2.7841989892991981e-01	   5.3016436049196958e-01	   5.0353096309712919e-01	   3.3719059517737215e-01	   3.7289946831658932e-01	   2.9525679192900028e-01	   4.1362281689766184e-01	   4.1256090841539345e-01	   4.4466711287703675e-01	   1.0235888345642727e-01	   1.2971587715518781e-01	   8.0787375310961765e-02	   2.3043540416090011e-01	   2.5725502071790829e-01	   2.2010942057099381e-01	   4.1570979869482350e-01	   5.2668731271328517e-01	   1.5352934561602982e-01	   2.0004730448495345e-01	   5.6972005177050700e-01	   4.8898409269370258e-01	   4.1373803184091407e-01	   2.4588350281264931e-01	   4.0375995710955981e-01	   4.4590248525266291e-01	   1.9558797448495278e-02	  -1.9836094944798580e-01	   1.8838625550923732e-01	   2.1471663408023367e-01	   1.9273658368817892e-01	   8.7554967020769925e-02	   4.5357348234807826e-01	   4.3180429166573975e-01	   1.6074573420167779e-01	   2.3565332603536906e-02	  -1.5862144085681032e-03	   9.5924421338602739e-02	   1.0995574922060072e-01	   7.2602743546151857e-02	  -1.8127369527729228e-01	   2.4267884922184912e-01	   2.9296932251010194e-01	   1.4970403749267486e-01	   1.2284380888369398e-01	   1.7224845418112977e-02	   5.1071253196920217e-03	  -2.1358396850881259e-01	
   9.4513414688315617e-02	   3.8257362919156102e-01	   5.4876115369041345e-01	   7.9512873994712530e-01	   7.7786546035532633e-01	   9.2436127453252714e-01	   6.3609514713916737e-01	   8.1277971255692627e-01	   6.9025343087037994e-01	   0.0000000000000000e+00	   2.9928503354868324e-02	   4.8660237630744252e-01	   1.3637705530767583e-01	   5.5497689166295672e-01	   3.9493949062312261e-01	   7.2746288509679824e-01	  -8.1376103601817781e-02	  -4.7059835168164782e-02	   3.0024713325631286e-01	   4.7940184820015785e-01	   2.9915785516825905e-01	   4.5645682417864158e-01	   4.8431424415295310e-01	   5.5243239103135511e-01	   4.3925563142644458e-01	   5.2823182676499414e-01	   5.2379702656881943e-01	   5.3957869994034935e-01	  -2.8807813953318398e-02	   2.1957131852875050e-01	   4.0819766271389057e-01	   4.6904189070617380e-01	   4.5237459856289469e-01	   6.0176894121982627e-01	   4.7942772513984311e-01	   5.5460350298938976e-01	   1.4635206713782783e-01	   2.8959771766547221e-01	   2.2786091141908468e-01	   3.8161708589459603e-01	   1.0224765182470572e-01	   2.9479511624022797e-01	   4.7898804894878733e-01	   4.2167678857535551e-01	   4.2014858947636213e-01	   4.3099782063565895e-01	   3.8645420534872577e-01	   3.8997567900531177e-01	   2.7304208509512157e-01	   3.4362384236615223e-01	   3.7763303809083143e-01	   2.9901684043656723e-01	   3.2108164800421568e-01	   3.4770143102514500e-01	   2.1922009427883798e-01	   2.1108126272160149e-01	   5.5575476289938329e-02	   4.1072252853966429e-01	   2.8536146861399064e-01	   7.1482921729701387e-01	   4.4819669998262190e-01	   7.9639620364614228e-01	  -1.3462493277084253e-01	   4.1356124132204330e-01	   5.1438225652868375e-01	   6.7524093036410593e-01	   6.3858615973205946e-01	   6.4966383986987131e-01	   6.0695354439775007e-01	   7.0902622841372709e-01	   3.5039793809783015e-01	   3.2717991473092628e-01	   2.0105640598753755e-01	   3.4255322221287593e-01	   2.0613162276653829e-01	   4.2989152370507278e-01	   3.0014587376917318e-01	   5.9047474704776914e-01	   2.0167083404470917e-01	   1.6129961758560069e-01	   2.1553970223363972e-01	   3.0590989102652122e-01	   3.3905858963542435e-01	   4.2763469258855158e-01	   4.9934869336221344e-01	   6.5780696149620765e-01	   2.0403905410584910e-01	   4.4898248552745795e-01	   5.4711030721902787e-01	   7.1056783786748179e-01	   7.7861502772866720e-01	   4.2076034568584186e-01	   7.2723095999343745e-01	   5.4243906923862362e-01	   1.0317744143152584e-01	   5.6963646165190743e-02	   2.6029145228429745e-01	   3.2906976908505137e-01	   4.5073940477134977e-01	   2.4046985608699067e-01	   7.8404170609566626e-01	   5.6518822421275983e-01	   4.6907901940660424e-01	   2.7293912714614504e-01	   1.4278230166561365e-01	   1.7305391698260281e-01	   2.1399038319030605e-01	   4.1002538949216555e-01	  -5.9226617681900441e-02	   1.5470557816076816e-01	   3.6263899384710158e-01	   2.6713820020646772e-01	   2.4552421659092266e-01	   1.1431819602701443e-01	   1.9490799270327810e-01	  -1.2138187088321567e-01	
   6.2916685131495254e-01	   4.9727651500017539e-01	   5.1207904178772398e-02	  -2.1708288153561522e-01	   1.6188917103258899e-01	  -8.6600717470612487e-02	   2.9908624724977162e-01	  -1.0301298533368847e-01	   1.9337915589993113e-01	   2.9928503354868324e-02	   0.0000000000000000e+00	   3.2050680980355389e-01	   7.7757649583916444e-01	   3.7222372251321656e-01	   3.8729527769706718e-01	   3.3814185540467268e-01	   4.1087201778303972e-01	   4.2244507974219675e-01	   5.5583940809149934e-01	   4.2002864171703980e-01	   9.1120992665680248e-03	  -5.4376238943629987e-02	   2.9105322842223138e-02	  -1.3649586459116633e-01	  -2.6701766470495802e-01	  -2.9548518806857110e-01	  -1.4861519322387159e-01	  -2.5221908612360128e-01	   5.8873116579875151e-01	   4.0327426815880429e-01	  -8.2108198928752305e-02	  -5.8311951377901627e-02	   1.6991088728139664e-01	  -8.7319860955468766e-03	  -3.7737330948548548e-01	  -4.4078001756296742e-01	  -1.1688682661428298e-02	  -1.4603074874086552e-01	  -5.3254539316595351e-02	  -2.2750734772246445e-01	   2.2035983673155213e-01	   8.6209272205724011e-03	   6.7366547376220859e-02	   1.5972965875774506e-01	   2.2691416106394482e-01	   1.3790059278324074e-01	   9.0326875303795365e-02	   1.5885093999439801e-02	   3.2127255517990860e-01	   3.1447777677264138e-01	   1.7939194269053249e-01	   2.6135416742835027e-01	   2.0918928207071474e-01	   3.3694197830971856e-01	   1.8255551849279317e-01	   9.0143809919242923e-02	   3.6997897345341035e-01	   2.8005098328711259e-01	   2.5327211547614947e-01	  -9.2262479453249807e-02	   3.4516670165705976e-01	  -2.6743001615049522e-01	   6.1556375919367945e-01	   5.2200295599672786e-01	  -6.7982582385214083e-02	  -4.3053963231181136e-01	  -9.5822723356424500e-02	  -2.9738506949818616e-01	   2.3841880058659998e-01	   7.0426702306781511e-03	   7.3727754882883911e-02	   4.1310456336580016e-02	   4.2720037536847649e-01	   2.8149774984413778e-01	   4.8229633521120829e-01	   3.7691211627869781e-01	   2.7820097058081200e-01	  -4.7557140144058575e-02	   3.2920786453338258e-01	   4.2197099678778771e-01	   4.6043245451413795e-01	   5.1384049395613873e-01	   2.7650095779365391e-01	   3.1583050910193755e-01	   3.1607211755939257e-01	   1.4985922824448349e-03	   6.5293807661030545e-02	  -8.0655056968620964e-02	   1.2536828912317097e-01	  -2.2839035069111370e-02	   3.8148479206352157e-02	   2.9102284743730100e-01	  -1.2738929734692486e-01	   1.9397911846772928e-01	   8.1682122650745176e-02	   1.3900278065132829e-01	  -9.2393608647721059e-02	   1.3625914842558394e-02	   1.1844520934704003e-01	   2.3973561781647895e-01	  -3.1197527243907862e-02	   2.3383938070780874e-01	   9.5752453932462317e-02	   3.3437051063955769e-01	  -1.6204461817491134e-02	   8.8544585784911672e-03	   2.2541346242605381e-01	   1.6252154704652266e-01	   1.1263731363658748e-01	   1.4805472280096471e-01	  -1.8104593199571323e-01	   8.4250733736679947e-02	   1.4181227102487642e-01	   1.3350779279273206e-01	   1.3673152710175421e-01	   1.1296319278363615e-01	
   4.0426199948285929e-01	   4.4472451661573753e-01	  -4.4360764309034365e-02	   2.0053642322181248e-01	   2.5746234409219670e-01	   4.0448224219466100e-01	   3.5702005550590854e-01	   3.6993083946661359e-01	   5.4783672221772362e-01	   4.8660237630744252e-01	   3.2050680980355389e-01	   0.0000000000000000e+00	   4.7277798193576709e-01	   7.1778689659852202e-01	   4.2443425110138086e-02	   2.8597673387015909e-01	   2.2450660165887457e-01	   4.0221029445719580e-01	   8.3565094952871094e-02	   1.9674891880370610e-01	   3.0229414978699180e-02	   1.4796207216153218e-01	  -8.4966740134379132e-02	  -1.0768582366668600e-01	  -1.3454524545273025e-01	  -1.2894723279404133e-01	   1.5140608648562504e-02	  -2.9176561809883907e-02	   3.7856087065517247e-01	   5.3570614030545816e-01	  -3.7056466773188732e-02	   1.8494931486840935e-02	  -5.1415367783008301e-02	   1.6380430794385803e-01	  -1.3302145139451857e-01	  -4.5577534888096599e-02	  -8.5716485635319528e-02	   2.1290577388330217e-02	  -8.2723569244724071e-02	   4.9955356357114913e-02	   6.4695369597559199e-02	   8.6898475448089096e-02	   5.4113938582513355e-01	   5.2992605201485188e-01	   4.5071075374435504e-01	   4.6603735225414988e-01	   4.3552379614218650e-01	   2.9175002160418517e-01	   5.1614081560826219e-01	   4.3818034288800145e-01	   4.7543403998555656e-01	   4.5393596992927815e-01	   5.2658600835684599e-01	   3.6741092383397533e-01	   2.7344820432057071e-01	   2.4323408622792947e-01	   2.8990691042187799e-01	   5.2772487080171149e-01	   5.5774592389910982e-01	   5.4162303754537300e-01	   4.9053577317656882e-01	   2.7888141275888301e-01	   3.1646974731685795e-01	   5.6662607188943515e-01	  -1.1810028568876660e-01	   1.7608385984365363e-01	   1.3283168613951848e-01	   2.1273077528278581e-01	   2.4175972253894246e-01	   3.2908729716567942e-01	   1.4391753418786021e-01	   1.5173673940944937e-01	   2.6641885206490878e-01	   3.7520850202107087e-01	   3.2268426171493902e-01	   3.7092212279255116e-01	   2.6142237510863653e-01	   4.9155829070113211e-01	   4.1150135954885625e-01	   5.0806521398382654e-01	   3.4487232131474865e-01	   3.7050966859769729e-01	  -9.7174991208241995e-02	   2.7388083765462798e-02	   1.0910257234448492e-01	   2.5339722096616885e-01	  -2.6534695869062763e-01	  -2.6307235193811135e-01	   1.1477688555549108e-01	   3.2294124829567195e-01	   4.2638954932407686e-01	   3.4537587479888415e-02	   2.4015759131804268e-01	  -1.2750029473569617e-02	  -6.5970378237395183e-02	  -4.2861815434031170e-02	  -1.7911451818351652e-02	   1.0589183540092631e-01	   4.0563859917351131e-01	   2.1459983543668393e-01	   4.8424172435020102e-01	   9.8807806375799542e-02	   3.8450833174992693e-01	   2.5184056122438692e-01	   3.2915245152534450e-01	   2.8425258942627973e-01	   5.3601684460825227e-01	   2.3462189464528718e-01	  -4.1221288236057370e-02	   2.2231956836310013e-01	  -2.7431214257547982e-02	   1.6863947796226025e-01	   1.3000296147968987e-01	  -2.7360261163124171e-02	   1.1954637918510971e-01	   2.7008907662918019e-01	
   3.9604697732360661e-01	   3.1384928941408463e-01	   1.4697342954084047e-01	  -7.2250689402082485e-02	   3.0574582809202477e-01	   5.8778800818925225e-02	   4.9831337786620228e-01	   9.0284110740030260e-02	   5.5808320363766339e-01	   1.3637705530767583e-01	   7.7757649583916444e-01	   4.7277798193576709e-01	   0.0000000000000000e+00	   6.2808236732426737e-01	   4.4642518364637651e-01	   3.8422578690798748e-01	   1.4396294352514943e-01	   2.0488342710697377e-01	   2.9227103803572668e-01	   2.1526838923663782e-01	   2.2966341454075534e-01	   1.6323541241131889e-01	   1.6390570190975293e-01	  -1.2467192226352442e-02	  -1.1828708256665386e-01	  -1.2519379067617972e-01	   2.9045032584724677e-02	  -7.2862875297525900e-02	   5.0157803148198032e-01	   3.5696915817834846e-01	   9.9216200121099329e-02	   1.2041611659716515e-01	   8.5417309527828625e-02	   3.2906619019137773e-02	  -1.6267610012860606e-01	  -2.2384638958848391e-01	   2.8303871536215022e-02	  -6.5030142217737716e-02	   3.0816072495390215e-02	  -1.0037684550357397e-01	   1.5131547664639761e-01	   8.4480468148110735e-03	   2.0548534712327635e-01	   2.3332775388870519e-01	   1.6772729005951817e-01	   1.3978832361692090e-01	   1.5342396445183329e-01	   1.3529692355155815e-01	   2.3005455842203432e-01	   1.9126707986764899e-01	   1.7594409542956579e-01	   1.8090765593175495e-01	   1.6263173108221946e-01	   2.2642958252587594e-01	   2.1290660382247104e-01	   1.2157360178271748e-01	   1.1313465289269650e-01	   1.1523067969172543e-01	   2.8096111749088010e-01	  -5.8528067270663932e-02	   4.2349543944784129e-01	  -4.6306505359570656e-02	   3.3193453025906683e-01	   3.7582431386069654e-01	   3.9896447080633654e-02	  -1.3659229817040197e-01	  -1.0482946938569514e-01	  -2.0942796011790088e-01	   1.2534056910906960e-01	  -9.6559192605929905e-02	   2.9614810250504353e-01	   2.8951353859812134e-01	   3.5942394238319630e-01	   2.1648559904649645e-01	   3.8166922604839509e-01	   2.7015827458000730e-01	   4.2437635485549563e-01	   1.2883233177950093e-01	   2.1998121345816565e-01	   3.1328148421987934e-01	   1.5693098134653991e-01	   3.5277741066450363e-01	   1.0079446739930104e-01	   7.0498157715024948e-02	   2.3124671298145655e-01	   1.3557543138372641e-01	   3.3480869191309577e-03	  -1.2780569873866715e-01	   2.1343461257477864e-01	   3.4153492470267610e-02	  -7.0936839233305529e-02	   9.0926148745840166e-02	  -1.5421580065270304e-01	   1.6675672225296878e-01	  -1.5530769621811456e-02	  -4.6566155815576764e-02	  -1.1111768639798705e-01	   2.1804747199468729e-02	   1.8694350844794975e-02	   7.8036467780131791e-02	  -3.2207155589561137e-02	   2.1873347001969012e-01	  -3.1985705480029429e-02	   1.1749712752889420e-01	   3.3008216699471377e-02	   1.0719549750546600e-01	   3.1479735209348425e-01	   1.6431378644349178e-03	   7.5798080417324401e-02	   2.9076398726664460e-01	  -9.7209919656237223e-02	   8.9629110904083251e-02	   7.8347486764203306e-02	   5.7747630391139781e-02	   1.0561228354794813e-01	   8.4458060309917454e-02	
