   0.0000000000000000e+00	   7.0787192197785731e-01	   3.1201872515210965e-01	   3.0519399470576752e-01	   1.6459839316125285e-01	   1.4973185848507709e-01	   2.4448573662963663e-01	   3.1534011131653072e-01	   2.3573806547202952e-01	   1.8435162177944789e-01	   5.1927882189881225e-01	   4.6317821899965439e-01	   4.3080864876001451e-01	   4.6525109398914732e-01	   4.3151570500441100e-01	   3.4196547664218557e-01	   6.1069850665035297e-01	   5.7349121747677900e-01	   7.5185987306710023e-01	   7.0021785694768912e-01	  -4.3711008689787806e-02	   1.0137674416055599e-01	   1.6726669290034726e-01	   5.8046055558550969e-02	  -4.2987736524355710e-02	  -3.9171046027947083e-02	   4.9513916855010123e-02	  -1.2084080791527816e-02	   6.1576054314978235e-01	   6.2594936111772848e-01	   3.6595567660490375e-01	   2.9477936730720655e-01	   7.5291891154263613e-01	   6.7150856448656593e-01	   8.8699728890674207e-02	   1.1726391782136397e-01	   3.1621290163276100e-01	   2.9951811192596367e-01	   3.7751417439528945e-01	   4.7411869948861285e-01	   5.8967544090339508e-01	   5.9271643643498684e-01	   3.6647011107218630e-01	   3.8271846319555775e-01	   2.4946251437899158e-01	   3.3059058164359134e-01	   3.4401877146694637e-01	   3.9246021026383471e-01	   2.7041072203782912e-01	   3.4948651941430153e-01	   3.9824427654096584e-01	   3.8882379315292864e-01	   1.0303147640049845e-01	   2.5002974896145075e-01	   4.0318194449880562e-01	   4.4180037416941365e-01	   9.0094983554831187e-01	   7.9221030969801554e-01	   6.7660467257363388e-01	   5.3130832493607505e-01	   6.1510212741908699e-01	   4.7758529905759872e-01	   6.7468524577012423e-01	   7.1687753944163068e-01	  -5.6598870352494113e-02	   1.9444323633116822e-01	   4.8135684870903050e-01	   4.8308042025352804e-01	   7.2195730199405672e-01	   6.1638367092840363e-01	   1.9514249880405699e-01	   2.7505776510324287e-01	   7.2400073562957612e-01	   7.0433448062165505e-01	   6.5945112981524912e-01	   6.4325980120529458e-01	   6.8981768420988288e-01	   6.0212123607717050e-01	   5.8326737576147669e-01	   6.5771427799124260e-01	   6.7092535243342188e-01	   5.8439907955746118e-01	   5.9765738513681210e-01	   6.3368194715831916e-01	   3.0529736267987650e-01	   4.5556778985585189e-01	   2.1586629393138274e-01	   2.7802551757433669e-01	   5.4592756415709875e-01	   6.4233014110997833e-01	   8.0791255808084689e-02	   1.7597804495724614e-01	  -5.0476459997451206e-02	   1.9633277437254867e-01	   1.3009663702672430e-01	   1.7351997908473993e-01	   4.6000920378862897e-01	   5.3226661899754069e-01	   4.0696582546971161e-01	   5.9122918234426103e-01	   2.7680233563450951e-01	   3.9751388767269780e-01	   3.0234248004759975e-02	   3.1927992815243311e-01	  -4.5582395121639130e-01	  -4.4557735039720092e-01	   2.9580112114800600e-01	   3.3754442093537651e-01	  -3.1214971553513227e-01	   7.1371787520169400e-02	   3.7158687093834397e-01	   1.0134789528066462e-01	   3.4251190700668399e-01	   3.5333002808569125e-01	  -3.3994354643459734e-01	  -4.9597952153511787e-01	
   7.0787192197785731e-01	   0.0000000000000000e+00	   1.8367677996891357e-01	   3.4817796257656741e-01	   2.3792048095185153e-01	   2.5731228726748467e-01	   1.8812111271309714e-01	   3.7015118050319007e-01	   3.5512030315210275e-01	   3.8429912233869012e-01	   7.0560229755086934e-01	   6.7193596499299668e-01	   6.2851348840909316e-01	   6.3925072693054408e-01	   5.0269407900268037e-01	   4.0852800501415631e-01	   4.5910219979597627e-01	   4.5378175939229021e-01	   6.7881821838816381e-01	   7.5184133004025222e-01	  -1.0158630203207518e-01	   3.7712415773526957e-02	   1.4421207240136197e-01	   1.4105119254612331e-01	  -6.1724249738965814e-02	  -8.3219767966100242e-02	   1.1321862609809435e-01	   2.9567084935067146e-02	   4.8100041992467291e-01	   6.0011799255985165e-01	   3.3063719686779564e-01	   2.9765053481541881e-01	   5.8441402771320305e-01	   6.1593851682741285e-01	  -3.2704369211646434e-02	   8.6269243908025806e-03	   2.4738537352014778e-01	   2.6548649426018595e-01	   2.3407971017917190e-01	   3.7090386477133780e-01	   4.3045620500636500e-01	   5.6333869256145053e-01	   4.5739675756892234e-01	   4.0448501998408531e-01	   2.4020034025499623e-01	   3.8075584965931730e-01	   4.3757753906979752e-01	   4.6989506518598656e-01	   4.7459860594297226e-01	   5.6330337524952767e-01	   5.8384195504779690e-01	   5.9667392117263984e-01	   3.9874807933284656e-01	   4.0630954104518613e-01	   5.1612121646501641e-01	   5.5806400412683566e-01	   6.1815753774423920e-01	   7.8341030623187313e-01	   6.5183144589125952e-01	   6.8368130502135549e-01	   5.3602193465163706e-01	   4.6659306434325515e-01	   5.4350187648355219e-01	   6.8460799394967931e-01	  -1.6480699345970184e-01	   7.7887755441432976e-02	   2.4402668071505695e-01	   3.6416902771640075e-01	   5.3329812401712506e-01	   5.8114670469955809e-01	   2.1652555701329405e-02	   2.2952883934887286e-01	   6.4190938504185491e-01	   7.6761662753397575e-01	   5.3212638342156604e-01	   6.8669396288184215e-01	   6.1451786005174880e-01	   6.6247434558339569e-01	   3.1965280596933987e-01	   4.6399268889906881e-01	   4.5662080513023828e-01	   4.1797837482531286e-01	   5.5715445731030544e-01	   5.7205355311316719e-01	   2.6746848005940210e-01	   4.5942207766215237e-01	   2.7212447333150086e-01	   2.8862665954018574e-01	   5.5608368389844287e-01	   6.6863643771961179e-01	   1.5635655611283250e-01	   1.1904383217181538e-02	  -3.8378862946291253e-03	   7.8056739881076795e-02	   1.0982505407612959e-01	   1.8107131597522691e-01	   4.8925731291456864e-01	   4.9052263413700026e-01	   5.2574952121115848e-01	   5.1953481071714647e-01	   4.0633760387526124e-01	   3.7486744631351876e-01	   7.4910607506595187e-02	   1.8539850759835980e-01	  -4.1434743878005525e-01	  -3.7372280395202595e-01	   4.1962449803462054e-01	   4.0128210712006113e-01	  -3.2791769689346334e-01	   7.4120040981808202e-02	   2.5254217022216002e-01	   1.0116997361065444e-01	   3.7190058507753021e-01	   2.5736211614212245e-01	  -2.4691423450482106e-01	  -4.6972881397121813e-01	
   3.1201872515210965e-01	   1.8367677996891357e-01	   0.0000000000000000e+00	   6.7576015418713975e-01	   4.5497600656771642e-01	   3.5705549835999129e-01	   8.7020029451932301e-01	   6.7221310619268859e-01	   4.4065923287920927e-01	   2.8410253459923140e-01	   1.7485388034274046e-01	   2.0882037585698410e-01	   1.8985660545563970e-01	   4.7383111838195734e-02	   3.9227633267841056e-01	   2.9207480939246577e-01	   1.1103861374808108e-01	   2.2378809370074329e-01	   5.3522766911324082e-01	   5.1400261667834490e-01	   5.4446842614116198e-01	   5.4064946059136987e-01	   7.8356791536887416e-01	   6.5192259826872667e-01	   5.8476503876124575e-01	   5.1758081464349281e-01	   3.3164725205641010e-01	   4.9741167660324448e-01	   2.1474324787986537e-01	   2.1821279312330216e-01	   7.5818598125852732e-01	   7.2849336232906237e-01	   6.1020681618307804e-01	   6.1171582149272274e-01	   6.3749555870505237e-01	   5.3915052522991824e-01	   1.0621317258596853e-01	   3.5885972428284021e-02	   2.8206464687426297e-01	   2.5690391352781433e-01	   2.7598325869872709e-01	   2.6842044343158278e-01	   2.2486949309001858e-01	   2.4856390721495217e-01	   1.9478775241598684e-01	   1.5148088113173805e-01	   1.6320242466126322e-01	   2.2234900236715827e-01	   9.8897564627256698e-02	   9.4026113675195880e-02	   3.1634407284151639e-01	   2.0222497441958961e-01	  -2.4251028867774603e-02	   1.9433568990548938e-01	   1.7060112752967424e-01	   2.1913437636233485e-01	   1.8469564325608306e-01	   1.9839660787777663e-01	   2.9026285503679794e-01	   1.9184388977747721e-01	   6.3804872766358689e-01	   5.5757722261647547e-01	   3.1976638202368379e-01	   2.3211250467167660e-01	   6.6855601170712986e-01	   5.4530918060722744e-01	   7.0085779730167397e-01	   5.5729016205458559e-01	   3.9198808889284281e-01	   4.5055376350934784e-01	   1.3256756420431187e-01	   1.4839819380833635e-01	   3.7242955287823698e-01	   3.7573785279839989e-01	   4.0219262816424628e-01	   4.2919121158251022e-01	   4.0396834218242028e-01	   2.4374585147534367e-01	   3.3593601864488859e-01	   3.8515558733704736e-01	   4.2083762112725265e-01	   5.3959025383450721e-01	   5.1807968959571071e-01	   4.5895975732750216e-01	   7.5174071377272700e-01	   5.9224699534777236e-01	   4.7917037475235669e-01	   4.9442030294709327e-01	   3.7645737001282464e-01	   4.1578750307738033e-01	   2.8171020264412605e-01	   4.2133703535224559e-01	   3.7818348231253091e-01	   6.9256664627362285e-01	   2.1641136689829443e-01	   2.8953959356235370e-01	   3.3505412973431037e-01	   3.3093581592494414e-01	   2.8348152944814309e-01	   2.7276872722573825e-01	   2.5633635241940345e-01	   4.3867423690584451e-01	   2.0759354360710500e-01	   2.7954054095099701e-01	  -7.3414780714471273e-02	  -9.5114418553582256e-02	   5.8926051875184855e-02	   1.3107094823818838e-01	  -2.6478161882406492e-01	   6.1193398857111218e-02	   4.2117151525070806e-01	   1.4539029643609341e-01	   2.7558733554105797e-01	   3.0361080861510226e-01	   3.4557051351347214e-02	  -3.2897855361981565e-01	
   3.0519399470576752e-01	   3.4817796257656741e-01	   6.7576015418713975e-01	   0.0000000000000000e+00	   3.3035244537450253e-01	   6.0189046884848341e-01	   5.6631059223901792e-01	   8.6531888364136977e-01	   3.1037153805851903e-01	   5.4798463583701018e-01	   2.3987588040484364e-01	   4.5892305746289286e-01	   2.3639845867551559e-01	   3.2850234118467703e-01	   2.0590770759400784e-01	   4.8439508337329162e-01	  -1.9235907673411927e-02	   1.2115094049781808e-01	   3.9107296327960561e-01	   5.2218674490299422e-01	   3.6113439496337379e-01	   5.3090175226516434e-01	   4.5904793515847320e-01	   7.5913654135109032e-01	   6.1816066376950296e-01	   5.8367108893069797e-01	   4.3088825442538103e-01	   6.6165388144031134e-01	  -1.7245629696983390e-02	   1.2418211048667518e-01	   5.1557959127993858e-01	   6.6807045059920001e-01	   5.4299954736476330e-01	   6.7271480051001653e-01	   6.0008404553427452e-01	   6.4357505719686869e-01	   2.1695481435633057e-01	   2.1942600235988155e-01	   3.4053960052378335e-01	   4.1899202847403022e-01	   2.5954326588348930e-01	   3.4913301535868468e-01	   2.1329052702001988e-01	   2.4176059418197493e-01	   8.5155323695274315e-02	   1.3637251342886825e-01	   1.6009146481577094e-01	   2.9395820526233796e-01	   1.3222829022462423e-01	   1.8981787017544399e-01	   4.2832384285128577e-01	   3.4997741825188750e-01	   4.1464865113133881e-02	   2.1171714821604648e-01	   3.7633231895672992e-01	   4.1184280515107780e-01	   2.5803771847689067e-01	   3.4010661657961011e-01	   3.7447420744407944e-01	   4.7859876357195752e-01	   4.8655688000418534e-01	   6.4287168226281577e-01	   1.6626342097080948e-01	   2.2271190795431706e-01	   5.2873637743655522e-01	   7.2394906036532303e-01	   6.3500490706018053e-01	   6.4748207228684329e-01	   4.5935119474709374e-01	   5.4387832023806637e-01	   4.2503441365972019e-02	   2.4703401758226984e-01	   2.8154414312728093e-01	   4.4635010085208682e-01	   3.1038236309090195e-01	   5.2276376059864171e-01	   4.2087498456742461e-01	   3.8840362476495960e-01	   2.7526306245016535e-01	   2.2730174983991625e-01	   3.0329618014550203e-01	   3.4185119085210064e-01	   3.0711953259617608e-01	   5.1200726251146123e-01	   7.9218925527672934e-01	   8.2625843506725682e-01	   5.3632947417433297e-01	   6.3456075508330545e-01	   6.0049604886417773e-01	   6.0436018266414249e-01	   4.2954810755032014e-01	   2.6499436081904126e-01	   6.7210171202188351e-01	   4.4017644692765601e-01	   1.0813551786932868e-01	   2.8363256984574875e-01	   4.0933774761944142e-01	   4.4113483260830794e-01	   3.6081949776064065e-01	   2.8238545381891522e-01	   5.4381043597213208e-01	   3.0013879712124503e-01	   2.8969607957049448e-01	   1.6047346766044418e-01	  -1.2508914404823238e-01	  -1.3545358292609017e-01	   2.8176847698204399e-01	   3.4061658638959591e-01	  -2.7510956915729734e-01	  -5.2098713677209280e-02	   5.0890759694872534e-01	   1.1210117974047404e-01	   2.5959288941551650e-01	   2.2958651131838698e-01	  -6.5958074092904356e-02	  -3.4205615938164391e-01	
   1.6459839316125285e-01	   2.3792048095185153e-01	   4.5497600656771642e-01	   3.3035244537450253e-01	   0.0000000000000000e+00	   7.5190148213138763e-01	   6.3759505036731967e-01	   5.1576385900167032e-01	   9.0490045302393496e-01	   7.6467686419012537e-01	   1.2053319747365243e-01	   3.5457416052289581e-01	   3.4731701910637169e-01	   2.1973704386184875e-01	   5.7444484147694463e-01	   3.7676827065453811e-01	   1.4860790194016721e-01	   1.6869182999878612e-01	   2.8478543457729594e-01	   2.9013297672650712e-01	   3.6611613726487680e-01	   3.7640835988976784e-01	   3.8721115799306471e-01	   2.9682911860431543e-01	   4.9656640828070781e-01	   3.6039051584324372e-01	   7.6155287499831603e-01	   5.8071058075239212e-01	   1.4073361842150250e-01	   2.0479112325979099e-01	   4.5446145165644170e-01	   4.3218570283367536e-01	   1.9385686649047545e-01	   2.4455959873905814e-01	   2.9778826226900751e-01	   2.4191754278971217e-01	  -8.4207222802927112e-02	  -2.1092170310823746e-01	   2.4294292667984295e-02	   1.2513800647736345e-01	   1.1470207357867523e-01	   9.7859639473453608e-02	   2.0531933264802910e-01	   1.5368945588141220e-01	   2.3034674519721932e-01	   2.2290712913817579e-01	   1.8499856794729277e-01	   1.9671396916573144e-01	   3.1105840759448233e-01	   2.3850334989862440e-01	   3.5775348537556162e-01	   3.0673098682462796e-01	   2.7365608864056784e-01	   3.0286926816252469e-01	   2.3174480766748842e-01	   2.8179356644160580e-01	   4.9425066957939426e-02	   9.8616012949875931e-02	   3.7409256023478554e-01	   3.6069165305675116e-01	   4.0002214753926313e-01	   4.7225637060117875e-01	   5.9381110427841423e-02	   1.3798585146574399e-01	   2.5365128931164921e-01	   1.7591419931821614e-01	   2.6034360354627523e-01	   3.1196269840285201e-01	   1.4112925949860533e-01	   2.4353263739031436e-01	   2.7685682909847298e-01	   1.9045978360171467e-01	   1.3221669078054954e-01	   2.6890123815652256e-01	   1.4065965334808472e-01	   3.6357905616560382e-01	   2.1247414674262299e-01	   1.5779583298246608e-01	   1.8025341285461360e-01	   2.3780013827343799e-01	   2.1346424242812650e-01	   3.1168890085442608e-01	   4.3233427458994333e-01	   3.1728590413966773e-01	   3.1991544762365709e-01	   2.1473804155533599e-01	   2.6723330277403551e-01	   2.6260613697413077e-01	   2.8663571656615422e-01	   2.4475918972192134e-01	   2.2550760137586184e-01	   2.1578897887308740e-01	   2.1605834873566560e-01	   4.5027939677511147e-01	   4.6359310863552342e-02	   9.7243638771872004e-02	   1.0869602644476320e-01	   1.0655392891043408e-01	   2.8729380532151105e-01	   1.6180017726112256e-01	   1.9447343442884671e-01	   3.2913534687069351e-01	   6.4811203402923540e-02	   1.4685977472055534e-01	  -9.6277457825601154e-02	  -1.1896565572680481e-01	   4.2718806657897970e-02	  -7.4020854739047473e-02	  -1.8581023169230454e-01	  -8.6780406413852387e-02	   3.0863752967521967e-02	   4.6640184481506620e-02	   2.2668180998383142e-01	   8.4028499923993610e-02	  -1.2208546556008333e-01	  -1.9708621079497346e-01	
   1.4973185848507709e-01	   2.5731228726748467e-01	   3.5705549835999129e-01	   6.0189046884848341e-01	   7.5190148213138763e-01	   0.0000000000000000e+00	   4.6246176215840495e-01	   6.8511849252954871e-01	   6.4311166328706459e-01	   8.7438705427141639e-01	   1.0409626585013489e-01	   4.9000484854802456e-01	   2.3677333217616475e-01	   3.6697416519722825e-01	   3.8292239274282791e-01	   6.1733289859597518e-01	   4.6700984053890143e-02	   9.4206075642102594e-02	   1.9506308675308570e-01	   2.8974287043998065e-01	   3.3945947665040099e-01	   4.9855401064877880e-01	   2.1870504382490613e-01	   4.5013413578959549e-01	   6.6354576426200562e-01	   5.9004439880175685e-01	   7.4400982750424727e-01	   7.7605670243677660e-01	  -2.3690845726137999e-02	   1.2686629724120671e-01	   3.2966576926707736e-01	   4.1746985295697187e-01	   2.4384366572853045e-01	   3.5125138209499851e-01	   4.2288447931895257e-01	   4.3903151512800453e-01	   5.7295067698585778e-02	   3.7560787368780407e-03	   2.0121546232752091e-01	   3.7796082711881862e-01	   1.7213082247770267e-01	   2.9934875734033695e-01	   2.3400736190269239e-01	   2.0903748098486394e-01	   1.4748222390653040e-01	   1.7310384718009891e-01	   2.1902444101912827e-01	   2.7504106590377003e-01	   2.7712965065046746e-01	   2.7020071300050885e-01	   4.3504069034163040e-01	   3.8238417024588806e-01	   2.5006126516698290e-01	   2.4116659391293849e-01	   4.1705186960236390e-01	   4.4133585244470297e-01	   1.2200132382880158e-01	   1.8223750336444666e-01	   4.6317328718653672e-01	   5.2485387184730481e-01	   3.9246108168383864e-01	   5.6618579517495748e-01	  -4.7125972637831685e-02	   7.5032393562555727e-02	   3.2743802883926687e-01	   4.9878292341123653e-01	   4.0217636678126800e-01	   4.9782852613383266e-01	   2.7003930676290844e-01	   3.9942888486293632e-01	   9.2048114817771601e-02	   2.5424227127363952e-01	   1.3934826420506444e-01	   3.3576416961210742e-01	   1.8204597773316764e-01	   4.3164536305707074e-01	   2.4609817947257390e-01	   2.3406690064960237e-01	   1.5063647936516530e-01	   1.2520525531372756e-01	   1.9370995687554010e-01	   2.1011707759185663e-01	   2.8205943704840974e-01	   4.5291853020423090e-01	   4.8852475878464718e-01	   5.0684845942603840e-01	   3.0767412888818446e-01	   4.4938829658259644e-01	   4.1789949285286587e-01	   4.5368109213942442e-01	   4.0310048205865945e-01	   2.1845628039460641e-01	   5.0507347360503818e-01	   3.6088587929878280e-01	  -6.5377775876358903e-03	   1.7657997868530501e-01	   2.5643970302827779e-01	   2.7452247406605984e-01	   3.6779389012410196e-01	   2.2195691432006925e-01	   4.3206664119684124e-01	   3.1875622699341072e-01	   2.1059986332703542e-01	   2.0879900460271977e-01	  -3.6680387184697974e-02	  -4.3489587512621233e-02	   2.6889712199490073e-01	   2.2242806637651802e-01	  -2.2037870709531415e-01	  -1.7612161810948651e-01	   2.5834188275058712e-01	   6.0862126962534652e-02	   2.5926831042525633e-01	   1.6444110703838549e-01	  -6.7942808595654491e-02	  -2.0495871882911426e-01	
   2.4448573662963663e-01	   1.8812111271309714e-01	   8.7020029451932301e-01	   5.6631059223901792e-01	   6.3759505036731967e-01	   4.6246176215840495e-01	   0.0000000000000000e+00	   7.4732511761564369e-01	   5.8989073536794057e-01	   4.0922063336102327e-01	   1.3347981109843376e-01	   2.5724383857101035e-01	   3.4899088025300312e-01	   7.6234293746492710e-02	   3.2497838176886862e-01	   1.8200361025648790e-01	   1.8352672907268835e-01	   2.8202823211119976e-01	   4.9302152070508976e-01	   4.5190144646572544e-01	   5.2919984577654544e-01	   4.4567272008562875e-01	   7.2325138999674554e-01	   5.7990354077868966e-01	   5.7515144844775756e-01	   5.7361432657893352e-01	   3.6412422141055933e-01	   4.9610838880430164e-01	   2.2198161695284138e-01	   2.8503326181894439e-01	   7.7035335176129260e-01	   7.7097413153414929e-01	   5.0110292536079304e-01	   5.2901903116917470e-01	   5.9297782924926645e-01	   5.1792570444311847e-01	   2.9149008381985482e-02	  -2.9032640965514812e-02	   1.5618196501610121e-01	   1.5512064443924203e-01	   1.8096632647825395e-01	   1.1421055607825348e-01	   2.4928031333118078e-01	   2.2192068473592325e-01	   2.3671551623673326e-01	   1.9665167215048021e-01	   1.9362308619785343e-01	   2.5654579347364170e-01	   1.5240435414016046e-01	   1.1794589141769998e-01	   3.5820258828716811e-01	   2.0094255053699700e-01	   1.5482946477095397e-01	   3.0487927714630048e-01	   1.8594045278610721e-01	   2.2544705491735839e-01	   9.5758435066200354e-02	   7.2199330784636265e-02	   1.9249932004788317e-01	   1.2201397792331435e-01	   5.7825166028982811e-01	   5.6368089861852166e-01	   2.5531158078535388e-01	   1.5409603826298091e-01	   5.6992227900044146e-01	   4.5192214797283936e-01	   5.8797996533902386e-01	   4.9998395746576951e-01	   2.7250599578458079e-01	   3.0228941202018439e-01	   1.2423945103783614e-01	   8.6373857735966189e-02	   2.7608660854390188e-01	   3.9382135136217389e-01	   2.9430563431697349e-01	   4.5469282473752837e-01	   4.0245015662665418e-01	   2.6226015891233029e-01	   3.4396182982765727e-01	   4.1881579549433756e-01	   4.0400959443619727e-01	   5.6567668269989557e-01	   5.2018157011147825e-01	   4.3001352953712862e-01	   5.9992382452519810e-01	   4.8819076036661424e-01	   3.9841554159667159e-01	   4.1805057854223238e-01	   2.2798485088688819e-01	   3.0572399859892563e-01	   3.0836581302516314e-01	   4.2667470399862284e-01	   3.1871216203220737e-01	   6.6663173894990302e-01	   1.9533039890316614e-01	   2.5418686454058320e-01	   3.2639644601470214e-01	   3.0276996884291690e-01	   3.7130748888754206e-01	   3.3104604688763040e-01	   3.0405625767661593e-01	   4.6530945581861627e-01	   2.5690214343216816e-01	   3.2387496134046645e-01	  -5.7939771124015063e-02	  -9.0738018470999424e-02	   1.9484832408270581e-02	   3.2957120774837936e-02	  -2.6245137819168896e-01	   2.3086740844914452e-02	   3.7758310961152164e-01	   2.0233936481134024e-01	   3.1484239032837236e-01	   3.3244313887841059e-01	   6.4679363520109584e-02	  -2.8743582934594991e-01	
   3.1534011131653072e-01	   3.7015118050319007e-01	   6.7221310619268859e-01	   8.6531888364136977e-01	   5.1576385900167032e-01	   6.8511849252954871e-01	   7.4732511761564369e-01	   0.0000000000000000e+00	   4.5237110794784607e-01	   6.5511245471668644e-01	   2.5400972162400864e-01	   5.2208706215898559e-01	   3.3494002460383937e-01	   3.7222260294353665e-01	   1.9572078035379345e-01	   4.0990029075980994e-01	   4.8178859296794094e-02	   1.6954830427627848e-01	   4.0172149928079914e-01	   4.9076571269178937e-01	   3.6430239377890772e-01	   4.5536989103565151e-01	   4.6319208515634663e-01	   6.7846354686417987e-01	   5.8571132057069919e-01	   5.8169914210101858e-01	   4.0539883147208960e-01	   5.9626697002687945e-01	   3.8130839534347996e-02	   1.8898100850939398e-01	   5.3620566785838142e-01	   6.8793886536845261e-01	   5.3058116470089900e-01	   6.6980358712645360e-01	   5.7562355203695326e-01	   6.3505946061624807e-01	   1.3813925068488786e-01	   1.0907459272736619e-01	   2.4033363904235033e-01	   3.1983083149573016e-01	   2.3932443817841659e-01	   2.9275107688796015e-01	   2.7861145051215275e-01	   2.7568336965713103e-01	   1.9814038892852173e-01	   2.2278297359183069e-01	   2.2337307630585676e-01	   3.2526994617220834e-01	   2.4939602137116443e-01	   2.6789512332965582e-01	   5.2527323412415761e-01	   4.0319229259136236e-01	   2.1304580869386058e-01	   2.7263786531878609e-01	   4.1816101287259355e-01	   4.3235995793691062e-01	   1.9176494055915161e-01	   2.4264720922764199e-01	   3.8329471671523396e-01	   4.6086546557517566e-01	   5.7663052167639506e-01	   7.6549705271605994e-01	   1.9296921899947067e-01	   2.4787235337103422e-01	   4.9377314807854450e-01	   7.1059707971499775e-01	   6.5517382026442594e-01	   6.9994837777948471e-01	   3.8125155749112877e-01	   4.6956438308123910e-01	   5.8634063577416351e-02	   1.6009014389104850e-01	   3.0857178635605587e-01	   5.0532896211946932e-01	   2.9026960248389300e-01	   5.4227134504348962e-01	   4.0975044922969339e-01	   3.9286042994747522e-01	   2.5637899631142025e-01	   2.6588431910401228e-01	   3.2664859328653889e-01	   3.9108829917564525e-01	   3.3954578640712324e-01	   4.7273580261290910e-01	   7.3535288449068026e-01	   7.5964538879473165e-01	   4.0713085082828204e-01	   4.9463370363747883e-01	   5.0728804370105718e-01	   5.5905246482572168e-01	   4.1507662369611709e-01	   2.8132115466709035e-01	   5.7531804701583866e-01	   4.9380610304717831e-01	   8.0711299221087274e-02	   2.1717691788882570e-01	   4.0211670964514962e-01	   4.3766155786406685e-01	   4.2682469580698318e-01	   3.4272346399795833e-01	   5.7175757414212092e-01	   3.9518758316779368e-01	   2.9506807492855491e-01	   1.9486353293060873e-01	  -1.4299017274651232e-01	  -1.8480291331674689e-01	   2.8052881637742921e-01	   2.7866524361576572e-01	  -3.4899552553012103e-01	  -8.3162012386407719e-02	   4.7311452054949865e-01	   1.2551734542355816e-01	   3.1430637922033516e-01	   2.8775812900492020e-01	  -6.4310634568551656e-02	  -3.6064472220461002e-01	
   2.3573806547202952e-01	   3.5512030315210275e-01	   4.4065923287920927e-01	   3.1037153805851903e-01	   9.0490045302393496e-01	   6.4311166328706459e-01	   5.8989073536794057e-01	   4.5237110794784607e-01	   0.0000000000000000e+00	   7.2749408684696770e-01	   2.9028717799939829e-01	   4.2246532985163920e-01	   5.1253303375841608e-01	   3.4083737658946656e-01	   6.4653492307382410e-01	   3.8287170981932050e-01	   2.5323994058534727e-01	   2.4317424481583655e-01	   3.3767436730753875e-01	   3.3579273963790990e-01	   2.7708052722693388e-01	   2.6434153754229101e-01	   3.4072566495650780e-01	   2.1539124159670592e-01	   3.7709914391770227e-01	   2.4397924328809317e-01	   7.0551196157376150e-01	   4.8340426197092318e-01	   2.3443857612341257e-01	   2.8456290901133929e-01	   4.8063548634424824e-01	   4.2111955525028982e-01	   2.3398316276650249e-01	   2.6432686827169855e-01	   2.4339551906407253e-01	   1.7320019149925692e-01	  -9.7571430196389503e-02	  -1.9629943033513977e-01	  -3.5479665291851314e-02	   8.9078978232922684e-02	   1.1149011707054475e-01	   1.2884720635341573e-01	   1.8129453461480466e-01	   1.2112637335886671e-01	   1.6810244842948108e-01	   1.9254854989884840e-01	   1.4059524660099701e-01	   1.7533636617934428e-01	   2.8026355424327853e-01	   2.3573786074341443e-01	   3.4473667744591052e-01	   2.8814156651045730e-01	   2.2203664787925992e-01	   2.7664614361455320e-01	   1.8174821793881141e-01	   2.2889732392024142e-01	   1.5861473445271709e-01	   2.2941921757989797e-01	   4.3585724276476567e-01	   4.0404442012788094e-01	   4.8006875996950521e-01	   4.9509342549477137e-01	   1.3692804680901144e-01	   2.1392236850266627e-01	   2.1310398124004029e-01	   1.3393890254851881e-01	   2.5093009715773812e-01	   2.7818596527671224e-01	   2.1302794747703935e-01	   2.9889731561943012e-01	   2.9182457209101814e-01	   1.9923557847107048e-01	   2.5977925083754694e-01	   3.6744868676192499e-01	   2.2547858258198347e-01	   4.8159173228751628e-01	   2.8864352554607087e-01	   2.3556532719973677e-01	   2.5306994657566495e-01	   2.9797057503109742e-01	   2.8272165896945589e-01	   3.6502957748339315e-01	   4.7588378980857565e-01	   3.4915019298578265e-01	   2.9925549028300558e-01	   2.2162734131475739e-01	   2.8401350543056758e-01	   1.9891473495192405e-01	   3.5080126606546702e-01	   2.9572696174816049e-01	   1.1295558183945278e-01	   1.4819638592661089e-01	   8.9804132114553292e-02	   3.5954364483845036e-01	   1.3903362229430810e-01	   1.7333538543235394e-01	   1.3737970478863412e-01	   1.2324602398325309e-01	   2.6285184163492065e-01	   1.7264465952899691e-01	   1.9596242501701258e-01	   2.9593852267127907e-01	   2.8363652952155038e-02	   1.2719729416741490e-01	  -1.9184124495393839e-01	  -2.0200752779087494e-01	   8.2753890897157192e-02	  -4.5569623867307542e-02	  -2.6226466447847496e-01	  -6.7841857618032186e-02	   9.8900197541536075e-03	   1.7734148867093947e-02	   1.9561276207168013e-01	   6.1480635388718868e-02	  -1.7384116977628861e-01	  -2.6797890901219412e-01	
   1.8435162177944789e-01	   3.8429912233869012e-01	   2.8410253459923140e-01	   5.4798463583701018e-01	   7.6467686419012537e-01	   8.7438705427141639e-01	   4.0922063336102327e-01	   6.5511245471668644e-01	   7.2749408684696770e-01	   0.0000000000000000e+00	   2.2680549817563089e-01	   5.6600526045970534e-01	   3.2151801621676718e-01	   4.2591257380194780e-01	   4.8060969319135882e-01	   6.2024900722705967e-01	  -5.4943597027813998e-02	  -3.5187658611166503e-02	   2.2940798448796235e-01	   3.0499717624583572e-01	   1.8408478125333111e-01	   3.2450115636912524e-01	   1.4138213619036680e-01	   3.8903393075222592e-01	   4.7111221040083395e-01	   3.6318214711391161e-01	   7.2385662780595617e-01	   6.4441307902381539e-01	  -2.2650826552553863e-02	   8.8416507021799345e-02	   2.5396372457632665e-01	   3.2888930093600399e-01	   1.7759536558018277e-01	   3.1933958428007447e-01	   2.1267830250265762e-01	   2.3754514510993896e-01	  -6.8896084662552495e-02	  -1.0714448859759851e-01	  -6.6298164258552636e-03	   1.6824221085772867e-01	   8.6545345569041088e-02	   2.4359241149020044e-01	   1.9603806149535258e-01	   1.5764631773614834e-01	   1.3496236981434873e-01	   1.7010064512652534e-01	   1.6734856361239242e-01	   1.9298709317213819e-01	   3.6159834429827981e-01	   3.4169662989640293e-01	   4.6436460152485581e-01	   4.6835854995177095e-01	   3.3526997552670573e-01	   2.6837019503771747e-01	   3.6017432209862643e-01	   3.8178884696501975e-01	   7.0947322125855444e-02	   1.8212851396455418e-01	   4.7905429535127608e-01	   6.0505018898932861e-01	   3.6905704503960240e-01	   6.1095682914743943e-01	  -6.6181519024526736e-02	   1.2536381096647842e-01	   1.8426762604670116e-01	   3.5148837038582481e-01	   2.7455776307472513e-01	   4.1190699709538137e-01	   1.9249803830762602e-01	   3.1399044799125342e-01	   2.2222159681635226e-01	   2.9424107123585652e-01	   2.0134591422229092e-01	   3.4732212925243644e-01	   2.0264529605305925e-01	   4.5674757962048379e-01	   2.1528444331584409e-01	   2.2851841759532920e-01	  -4.3443229572928694e-03	  -6.6054504606395618e-03	   6.8325040777002133e-02	   6.7685540983759437e-02	   3.0182598233909075e-01	   3.6934308313694614e-01	   4.0014281808533980e-01	   4.2285390189597921e-01	   2.7884606680109070e-01	   3.4985610742591094e-01	   4.4961203965728669e-01	   4.4415054141489085e-01	   3.0645654556932089e-01	   1.0592289926902904e-01	   4.3471219349625467e-01	   3.1319470413540806e-01	  -4.8623471805313387e-02	   8.6394472211244647e-02	   1.4820628514250828e-01	   1.7798375855885964e-01	   3.2563158902176870e-01	   1.8568495025645751e-01	   4.7301103777224474e-01	   3.3085029734081967e-01	   1.5456016296101116e-01	   1.0493885495253316e-01	  -1.7496729734760769e-01	  -2.0126554659931242e-01	   3.0239842471499451e-01	   2.2644275913309017e-01	  -3.0820584757110148e-01	  -1.9955435051553308e-01	   4.3549822360172255e-02	  -5.5876827014299897e-04	   2.4752518321145428e-01	   7.5674801183086948e-02	  -1.9359943651962602e-01	  -2.7232729753636586e-01	
   5.1927882189881225e-01	   7.0560229755086934e-01	   1.7485388034274046e-01	   2.3987588040484364e-01	   1.2053319747365243e-01	   1.0409626585013489e-01	   1.3347981109843376e-01	   2.5400972162400864e-01	   2.9028717799939829e-01	   2.2680549817563089e-01	   0.0000000000000000e+00	   7.3326477137928203e-01	   7.2861174972913056e-01	   7.7402205206761665e-01	   5.3074772564259565e-01	   5.0045872945721115e-01	   2.8470184292231965e-01	   2.4711324926700537e-01	   4.7085963259802832e-01	   5.2790156922295239e-01	  -1.5093767100805239e-01	  -4.4691851762994131e-02	   9.7834048614939981e-02	   1.2400576110485317e-01	  -1.2645948061778756e-01	  -1.7125514941206985e-01	   1.1525722575502581e-01	   6.5934653481613146e-03	   3.7344999229304793e-01	   4.6796327246590308e-01	   2.4335969750418712e-01	   2.1600854901953959e-01	   4.9906185100009914e-01	   5.5941364769908875e-01	   6.9406137135913440e-02	   9.2726739087866716e-02	   1.4909931344360788e-01	   1.7140481338104249e-01	   1.3600828243410482e-01	   2.1639361787933578e-01	   2.2114851139638472e-01	   4.5141367998407267e-01	   3.9749346478613812e-01	   4.0957466451949687e-01	   2.5971146930242933e-01	   3.5682970241951684e-01	   3.4330008301734199e-01	   3.3546155864778704e-01	   4.7222271003923338e-01	   5.1079001243318589e-01	   5.5124294002929186e-01	   5.7328003412229667e-01	   2.3835880401213977e-01	   1.7792259211924780e-01	   4.4114376827598728e-01	   4.0359084067493428e-01	   3.8139301570966105e-01	   5.6027625470520492e-01	   6.6801078214743137e-01	   6.2255947948608004e-01	   5.6520634127722980e-01	   4.4031133517741000e-01	   5.2753046257583780e-01	   6.3284967027847039e-01	  -1.4006128720771421e-01	   1.2783587826574649e-01	   3.3435255363790012e-01	   4.2410354670420553e-01	   3.8939047005166355e-01	   4.8134270105450405e-01	   1.9733654298496767e-01	   2.0112764612912082e-01	   5.6597239232920282e-01	   5.5036090151851458e-01	   4.5828796258418703e-01	   4.9668383181580755e-01	   5.0929225431914815e-01	   5.1710908460967775e-01	   1.1828698926071762e-01	   2.5623300697366291e-01	   2.9985280868456354e-01	   2.9836217001024912e-01	   4.1910313430596041e-01	   4.2665355355864021e-01	   2.6311303303135058e-01	   4.3638650079686048e-01	   2.5297282564391166e-01	   1.3588619971601953e-01	   5.8198901973449257e-01	   5.8815711233974599e-01	  -1.8748243670429598e-02	  -9.5632434244108167e-02	  -1.1696324361623882e-01	  -9.2804156743179156e-02	   2.4363892748847249e-01	   2.9916394790420220e-01	   4.7332629219135541e-01	   4.1798564951055434e-01	   2.9424596201343195e-01	   2.8501909304963519e-01	   2.4767527557584001e-01	   2.2980012215972406e-01	  -2.7342640744453826e-02	   1.1406214382772786e-01	  -3.8790646282223057e-01	  -4.1893185043690073e-01	   3.8435221456582364e-01	   4.7090632455352233e-01	  -2.1002299436371918e-01	   2.1906578667120347e-01	   2.2476773820318288e-01	   1.6530288356711815e-03	   2.8006325806745719e-01	   1.6327362854935679e-01	  -2.4283743332766183e-01	  -5.0464590395530473e-01	
   4.6317821899965439e-01	   6.7193596499299668e-01	   2.0882037585698410e-01	   4.5892305746289286e-01	   3.5457416052289581e-01	   4.9000484854802456e-01	   2.5724383857101035e-01	   5.2208706215898559e-01	   4.2246532985163920e-01	   5.6600526045970534e-01	   7.3326477137928203e-01	   0.0000000000000000e+00	   6.4776335222684156e-01	   8.5823256772344170e-01	   4.3243205172655153e-01	   6.7285565791999524e-01	   2.1980512878066891e-01	   2.7131857486381500e-01	   3.8580782439355205e-01	   4.7923048143371344e-01	   7.9499136305452106e-02	   2.5315743649315414e-01	   1.6035510872734776e-01	   4.0074908240822238e-01	   2.5321100476311431e-01	   1.9851495485577933e-01	   4.5944452797930435e-01	   3.9001856507767663e-01	   2.3903950944864938e-01	   4.1535817592471586e-01	   3.0263160566506270e-01	   3.7975847843387350e-01	   3.7040583304568231e-01	   4.8917046819426335e-01	   1.4631442730456062e-01	   1.8932448797887538e-01	  -2.7415302068140100e-02	   6.0039704216041353e-03	   4.3177770670604528e-02	   2.1885576330573417e-01	   1.5670929525509592e-01	   3.8264543254274930e-01	   2.5115554517934374e-01	   2.4979277041162606e-01	   5.4140320231866379e-02	   1.6191489298609640e-01	   1.8121606699134390e-01	   2.2146083468504485e-01	   3.9141796451513261e-01	   4.4411990607976803e-01	   6.0755577285953777e-01	   6.1410659826121139e-01	   3.0842880075205004e-01	   2.5438190404605793e-01	   3.8153181353475640e-01	   4.3679934766956652e-01	   2.9713125195306944e-01	   4.2410366532796195e-01	   6.6434251587494142e-01	   6.9813474667216091e-01	   5.2492615794923236e-01	   6.0971907641785927e-01	   3.4093025986399506e-01	   4.8900565572518973e-01	   8.0352523278581882e-03	   3.6079140552448274e-01	   2.5684568853367234e-01	   3.7235276920115212e-01	   3.7919419730194526e-01	   4.5371374695230882e-01	   1.7815940824057019e-01	   2.8066000703197602e-01	   4.4487404331790925e-01	   6.1341200019771669e-01	   3.5741426324372882e-01	   6.3398137931596477e-01	   4.2731829297768797e-01	   4.5665200803917527e-01	   1.2963210215810528e-01	   1.8741942149004423e-01	   2.5684478137560790e-01	   2.5524466446878336e-01	   3.3310046186421616e-01	   5.4370922953782264e-01	   3.7763864696193461e-01	   5.8781595133445319e-01	   2.6402419707663172e-01	   3.2913305332999554e-01	   5.0200204755249156e-01	   5.8068818478525930e-01	   9.7954186742346225e-02	  -1.5469075636082255e-01	   1.0656973102525925e-01	  -6.9610257843511616e-02	   3.5374080800219865e-02	   2.0377208305061598e-01	   2.9941426391756459e-01	   3.3572367217384758e-01	   2.0912005208509721e-01	   1.9877656424703127e-01	   3.0156673764824082e-01	   1.4923670999351502e-01	  -7.0575648358803075e-02	   2.9623845734902159e-02	  -4.5357944364606062e-01	  -4.6861029686774214e-01	   2.7456741950291441e-01	   3.1708339284855702e-01	  -3.5492593510688397e-01	  -6.3487390252644965e-02	   1.6159559086113623e-01	  -1.9531716120030718e-01	   1.4700579004384787e-01	   8.4230395960991605e-02	  -3.0286689491623620e-01	  -5.9819568490086039e-01	
   4.3080864876001451e-01	   6.2851348840909316e-01	   1.8985660545563970e-01	   2.3639845867551559e-01	   3.4731701910637169e-01	   2.3677333217616475e-01	   3.4899088025300312e-01	   3.3494002460383937e-01	   5.1253303375841608e-01	   3.2151801621676718e-01	   7.2861174972913056e-01	   6.4776335222684156e-01	   0.0000000000000000e+00	   7.6119070263019928e-01	   3.6856167984750415e-01	   2.6677213464096838e-01	   3.5979045670454357e-01	   2.9576603479599806e-01	   3.8902699719653477e-01	   4.1934681349902453e-01	   6.4764086698681486e-02	   4.7847623496724091e-02	   1.3338151563222117e-01	   7.8570674922214145e-02	   1.2572454725315396e-01	   1.3017634561203620e-01	   3.1881277767808069e-01	   2.3742347060311167e-01	   3.1585530872284145e-01	   4.1169979991943773e-01	   4.3551815680485367e-01	   4.1410493398144915e-01	   3.2987957270052004e-01	   3.7154479559969800e-01	   9.8292115280601416e-02	   8.0265492017409290e-02	   4.0245430151514994e-02	   6.8218306899628392e-02	  -3.7374401830269299e-02	   1.2077361205052495e-01	   5.1194627905884374e-02	   2.1060226151092665e-01	   3.2392226267531088e-01	   2.0429605678011575e-01	   1.1522252892953902e-01	   2.1648389586513828e-01	   2.3086189436261914e-01	   3.1758054248401929e-01	   3.1948697649371799e-01	   3.2976745415211728e-01	   4.8979910528568288e-01	   3.9314685152173190e-01	   3.2868005910192477e-01	   3.3151321221821062e-01	   3.0530782556494845e-01	   3.1498549291374822e-01	   3.5187990164188399e-01	   4.4849052966515202e-01	   5.1853745773205118e-01	   4.6375407582598388e-01	   5.1628026698749663e-01	   4.0284546384471809e-01	   3.5129126931449367e-01	   3.9454752183579200e-01	  -9.4293280404021129e-02	   6.7652120207984584e-02	   2.0837910888053909e-01	   2.6336945570965364e-01	   3.7274801555256343e-01	   3.7454405166829652e-01	   1.8896542062790944e-01	   2.2600331138436300e-01	   3.2454822039807663e-01	   4.6511629343862448e-01	   1.9033789274270924e-01	   4.9812345025164967e-01	   4.0379776468833284e-01	   4.0126668852249636e-01	   2.3275688964136981e-01	   2.9191391694254165e-01	   2.8009556690871573e-01	   2.9348033651650041e-01	   3.7046895527015650e-01	   4.3587841919456510e-01	   1.6454142754120818e-01	   2.9542939095078202e-01	   2.2895029988228482e-01	   1.7112921864987199e-01	   3.7543627992939277e-01	   4.0218959944083865e-01	   1.1430852748875713e-02	  -9.9053719341375551e-02	  -2.0008616270247692e-01	  -1.4311065243124793e-01	   1.9130666661627466e-01	   2.2830141076417981e-01	   4.0893862588173158e-01	   3.3108554019398456e-01	   3.6163490042701357e-01	   3.2760897534650468e-01	   2.7883342211326179e-01	   1.4613640540941616e-01	  -4.6460414620177838e-02	   3.1856476859167170e-02	  -4.4095292484331378e-01	  -4.2699190747488297e-01	   2.8544610876371979e-01	   2.4020396108553566e-01	  -2.2963140142829339e-01	   1.3522513390375701e-01	   1.8826495071977753e-01	   2.5708636014151298e-02	   1.7135374691062794e-01	   1.1188101797032601e-01	  -2.4650029755880781e-01	  -4.6748154108078666e-01	
