   0.0000000000000000e+00	   8.5125136478388375e-01	   7.3436128714270621e-01	   7.1882998481715998e-01	   5.7976317913087960e-01	   6.2397385616913326e-01	   6.1364214362998681e-01	   6.2341359718245981e-01	   6.2138210718047504e-01	   6.1997739711250044e-01	   6.6979361688545547e-01	   6.5537122331052589e-01	   6.1615487585808049e-01	   6.2444579851852000e-01	   7.2227020530753638e-01	   7.0599138313087051e-01	   6.3037909344192666e-01	   6.0394505229199313e-01	   7.9432638247918019e-01	   7.8599044810870766e-01	   5.4163250477573510e-01	   5.3187890950324013e-01	   6.4602933239377913e-01	   6.4196177422762635e-01	   6.1879741944047439e-01	   6.3850138726813122e-01	   5.8741791584072023e-01	   6.9826947361194547e-01	   5.6993486304523799e-01	   5.3662939006755739e-01	   6.0755202319761514e-01	   6.0041243263778288e-01	   7.4069010982496630e-01	   7.3902057018087641e-01	   5.5735569285476827e-01	   5.1658385027010378e-01	   2.9831855662002160e-01	   1.8138974887286261e-02	   4.4144364682085774e-01	   4.4557980958418775e-01	   4.0603252241498544e-01	   1.9420533111425159e-01	   3.9816384871240196e-01	   3.1926712649437261e-01	   3.7128438191742763e-01	   3.3260227054883224e-01	   3.0022366818542090e-01	   2.5764316160594242e-01	   3.2127805207297055e-01	   3.3809746159306653e-01	   4.3445510873135851e-01	   4.5064187889724905e-01	   1.8365393010742523e-01	   1.4184075980201269e-01	   4.4078044277008310e-01	   2.7407137698292766e-01	   9.0753180155428903e-01	   8.2622412551599511e-01	   5.6823488520017662e-01	   5.6080478797690558e-01	   5.6218437419772316e-01	   5.7658553935560630e-01	   5.7140463750375292e-01	   5.4140318858257741e-01	   5.3176927018218612e-01	   4.9593299390810269e-01	   6.2925433331922465e-01	   5.6267004444198798e-01	   7.9332422753758181e-01	   6.7195780520253567e-01	   4.1364722207222182e-01	   4.7443602388553702e-01	   6.0587351155234193e-01	   5.7765648172702155e-01	   6.2227199284838353e-01	   4.8695881360068205e-01	   5.7730631909246144e-01	   5.7127219180568789e-01	   6.6293553945245409e-01	   6.8458136457119612e-01	   6.0740346592898797e-01	   6.7494458055630624e-01	   6.6273433053728792e-01	   5.2138710119383824e-01	   6.7368962093598384e-01	   6.7811640261972306e-01	   3.9482145588700235e-01	   5.8582563106518215e-01	   5.8163346502958380e-01	   6.1346219452246475e-01	   2.1315793111785564e-01	   2.6174431574838758e-01	   2.0471635640050784e-01	   3.7866567830967851e-01	   2.9903626008988071e-01	   9.9137993420297027e-02	   3.2268827255697730e-01	   4.0288990082011977e-01	   4.0952723657971146e-01	   3.2966504860114093e-01	   4.1599250189088810e-01	   4.4933231350496006e-01	   4.2464833912678290e-01	   4.1493599996222286e-01	   2.2422560451207524e-01	   1.5465482456857832e-01	   4.4385509813379437e-01	   3.5816845667576314e-01	   9.0778667944598129e-02	   1.7769689818339221e-01	   3.2623192591911099e-01	   4.2890409067766810e-01	   3.8451223347058122e-01	   5.3466930346840469e-01	   2.9700855416749239e-01	   1.3423039933488058e-03	
   8.5125136478388375e-01	   0.0000000000000000e+00	   7.2909562840874809e-01	   7.6350015523933912e-01	   6.3291705452891722e-01	   6.5950982192697383e-01	   5.5155088924439966e-01	   6.3007959675095104e-01	   6.1810391465184911e-01	   6.4347751447587032e-01	   5.6570894231861801e-01	   6.4793954066256010e-01	   5.3192585910252665e-01	   6.2285498012931395e-01	   7.1161601800769747e-01	   7.0465229233164162e-01	   6.2459778841174352e-01	   6.3185174454973592e-01	   7.5237000262960485e-01	   7.7188773080969875e-01	   5.1984338770612948e-01	   5.3334233239307449e-01	   7.0168329629532211e-01	   6.9188198837091774e-01	   6.8154067648040328e-01	   6.9582464334181782e-01	   5.7435265360908216e-01	   6.8937498699495880e-01	   5.3243974869069433e-01	   5.5220166127330306e-01	   5.7813376441585762e-01	   5.7116499329129811e-01	   6.4712306188714608e-01	   6.7235816531671277e-01	   4.4062525482069242e-01	   3.9707661719676157e-01	   2.0110417029456756e-01	   1.7912665188168066e-02	   3.3336680904820498e-01	   4.0175790200847611e-01	   3.2775775046926447e-01	   1.1992753345460069e-01	   3.3424591078148286e-01	   2.6348743466893004e-01	   3.1202424069697038e-01	   2.8905973372254395e-01	   2.6077964766425649e-01	   2.2365339404600817e-01	   3.0341665975397147e-01	   3.8140761937335055e-01	   4.3160393069615610e-01	   4.9346062830616544e-01	   1.8410990858667864e-01	   2.6672392001970247e-01	   3.8781582541751114e-01	   2.7205923919196695e-01	   8.9207336466993603e-01	   9.3832118697993017e-01	   4.9862971766009900e-01	   5.8261172465342037e-01	   4.8400430639143099e-01	   5.4011797256212435e-01	   5.1024876115072093e-01	   4.7952030695436210e-01	   4.9505883642833304e-01	   4.4737287366691336e-01	   5.4854140856231715e-01	   4.9514413837831489e-01	   7.4865402376570733e-01	   6.4771625897578222e-01	   3.3725193078295301e-01	   3.7922227646042911e-01	   4.5102192499765337e-01	   4.9262088812440569e-01	   4.6506565324349025e-01	   3.9390330255604789e-01	   4.8011239141344064e-01	   5.7881978401425638e-01	   6.3423394614345874e-01	   6.0794579495944889e-01	   5.2958991277368661e-01	   5.8644797568296547e-01	   5.9701866612400045e-01	   4.6232287360389979e-01	   6.3295952535879274e-01	   6.3036063265622566e-01	   3.3635273807931926e-01	   5.9446325573416836e-01	   5.6631639717024473e-01	   6.5303850818446718e-01	   2.5350891605307413e-01	   3.6410219974570712e-01	   3.6736702528487897e-01	   5.6521292415435753e-01	   1.8420206843941186e-01	   1.2102460347526942e-01	   3.2856242475940073e-01	   3.5961814173036022e-01	   4.7159111390172548e-01	   3.6694444555474615e-01	   3.5385105940485495e-01	   3.9525323941536272e-01	   3.9432295566355596e-01	   2.7433240980877055e-01	   2.2912968148890595e-01	   2.1928056050231326e-01	   4.9731123790777237e-01	   3.8766213529912985e-01	   9.2691338480148308e-02	   1.5427170391902228e-01	   2.7526819852638151e-01	   4.4001536014423426e-01	   3.7813504358685068e-01	   5.2063278695618398e-01	   1.9840355743132798e-01	   9.5445489054797172e-03	
   7.3436128714270621e-01	   7.2909562840874809e-01	   0.0000000000000000e+00	   8.7450652578171906e-01	   6.0652495310793997e-01	   5.7925711735891550e-01	   8.6368874585687738e-01	   8.0832462157378271e-01	   6.5955818481729900e-01	   6.4609706665470246e-01	   6.5724487778858087e-01	   6.6831059241827906e-01	   6.3334020769594246e-01	   6.6800760694599404e-01	   6.9621571252500392e-01	   6.8659464718944707e-01	   5.5138288755222753e-01	   5.5931742857621436e-01	   7.7684875910915219e-01	   7.6827344715199775e-01	   5.4703263111796707e-01	   5.3464516975717868e-01	   8.5256556701108299e-01	   8.2292790767970647e-01	   7.5611944940643872e-01	   7.3848195499430380e-01	   5.2905988290508099e-01	   5.8289981812786440e-01	   5.0876704941426998e-01	   5.0656367300152905e-01	   7.0486168627316270e-01	   6.7430926793899171e-01	   7.7664882103811550e-01	   7.9099157563584122e-01	   6.7384631049804211e-01	   6.3235740792327155e-01	   3.8246071099914786e-01	   1.3766677661867893e-01	   5.7384951488610381e-01	   6.0892177712118900e-01	   4.9115179336665782e-01	   2.7287694112795358e-01	   4.4303616189848827e-01	   3.9849895091106663e-01	   4.2722764915085437e-01	   4.0227374964877977e-01	   3.8356688547663487e-01	   3.7570893166986497e-01	   4.3300692839830596e-01	   5.3105684174578516e-01	   7.1112323077001438e-01	   7.0753605268595865e-01	   4.3539527716610954e-01	   4.9518085625335651e-01	   6.2251064430577374e-01	   5.0001220218887732e-01	   6.3694732220513306e-01	   6.6897437398819348e-01	   5.7945286544171160e-01	   6.8635147524187901e-01	   5.7040146748110976e-01	   6.0921542193640721e-01	   5.6149970283099104e-01	   5.6149751999962461e-01	   5.7858227440119891e-01	   5.6250055545335864e-01	   7.4106798927736361e-01	   6.5680247589241536e-01	   8.2587369908363295e-01	   7.1151724287873552e-01	   4.7616293469957027e-01	   5.1236795030238602e-01	   5.2930611944466355e-01	   5.3218033213327387e-01	   5.2739715389733022e-01	   3.8283607395901675e-01	   5.5329205799399561e-01	   6.1863644505568161e-01	   5.9145734047704579e-01	   6.3010564929712731e-01	   5.9662122243530469e-01	   6.7130543162350598e-01	   7.4802495639896627e-01	   5.8317662910860601e-01	   7.7670859138616422e-01	   7.7260841743069220e-01	   5.5533405343416209e-01	   7.4419239585721764e-01	   6.8074565523089814e-01	   8.2067918700051534e-01	   4.0364402572756730e-01	   5.0664977946988055e-01	   4.0062812658465097e-01	   5.7044340023710505e-01	   3.9182197932804674e-01	   2.0611580091914986e-01	   4.1659430269724151e-01	   5.1014729205215015e-01	   5.5046967623657284e-01	   5.1465869847876922e-01	   4.4609808522292355e-01	   4.7418097135074572e-01	   4.8085179156693625e-01	   3.4289733144764700e-01	   3.0156151611173465e-01	   2.5320640213215839e-01	   5.1269560587529772e-01	   3.9006310347192030e-01	   8.4006378485267361e-02	   2.6052401197640435e-01	   4.2029675659585886e-01	   4.2847477442434684e-01	   4.9942151044567601e-01	   6.0319862793363599e-01	   3.0765998826602259e-01	  -1.2362665241180214e-01	
   7.1882998481715998e-01	   7.6350015523933912e-01	   8.7450652578171906e-01	   0.0000000000000000e+00	   6.0070868844737380e-01	   6.9252834686180564e-01	   8.1781942926644136e-01	   9.2165231309160145e-01	   7.0544943042971697e-01	   7.3412061054706146e-01	   6.6166558073393378e-01	   7.7532517778911858e-01	   6.0173875194751414e-01	   7.6353230420894480e-01	   6.6773890746537057e-01	   7.6250049092323480e-01	   6.0065154816232902e-01	   5.8022177846845446e-01	   8.0004066845861499e-01	   8.4595400308133617e-01	   5.4079413123156650e-01	   5.7821106195303595e-01	   8.1305432661706767e-01	   8.9804596907644108e-01	   6.9446454713186678e-01	   8.0299675720949937e-01	   5.2592277188223879e-01	   6.3565238024209036e-01	   5.2709454598852767e-01	   5.4466616023574022e-01	   7.2243038798555070e-01	   7.5216406789452239e-01	   7.7358607672027391e-01	   8.3161875521133466e-01	   5.9594270755210321e-01	   6.5063677659435126e-01	   2.7047482512942944e-01	   3.0177103799974282e-02	   4.8748036217089463e-01	   5.4099014730347261e-01	   4.5031649480873293e-01	   2.2074581788152745e-01	   3.4665657103541619e-01	   3.0913667023793251e-01	   3.4542085115809273e-01	   3.4598396714792123e-01	   3.0243792527423008e-01	   2.8972634459190061e-01	   3.6741529231796832e-01	   5.0219144789255532e-01	   6.4031090870838137e-01	   7.1432469649730446e-01	   3.5993591202449593e-01	   3.9165995037277512e-01	   5.4802438433880518e-01	   4.5355327758830966e-01	   6.4536151329951985e-01	   6.6516466373049299e-01	   5.3475969558132608e-01	   6.8754234084466348e-01	   5.9551420172852954e-01	   7.1390640144099315e-01	   5.9824815710868495e-01	   6.0019518383095660e-01	   6.3607310625126190e-01	   7.2402502746447439e-01	   6.9171673460556005e-01	   7.1825416786180230e-01	   7.8035612004595367e-01	   7.3283003268039282e-01	   4.6299726695481069e-01	   5.3098520477516764e-01	   5.7286502975528353e-01	   6.1504352628452930e-01	   5.5810921250375356e-01	   4.8268122404374880e-01	   5.5960487881057874e-01	   6.4898578202120472e-01	   6.6009498060153704e-01	   6.5283418329229581e-01	   6.5542849410158310e-01	   7.1985700518924456e-01	   7.3115692373654761e-01	   5.6277172255190733e-01	   7.6337395527641005e-01	   8.6905618088902870e-01	   5.3170619859580159e-01	   7.7704568487389503e-01	   6.6659408367965378e-01	   8.1003538411005005e-01	   3.2688789714362404e-01	   4.0433583553684038e-01	   3.6507477621867657e-01	   4.7182594776173170e-01	   2.7146630787742843e-01	   1.8403246746669139e-01	   3.0852366600921488e-01	   4.5135707271129999e-01	   4.8627131581117466e-01	   4.2067163443183253e-01	   3.9997144242409244e-01	   4.0258183814219523e-01	   3.8766626399587917e-01	   2.5668612169630683e-01	   2.5387769834571000e-01	   1.4079752842996734e-01	   5.3478989362100204e-01	   3.8663740451402151e-01	   8.3048516128252821e-03	   1.5659134565963853e-01	   3.2673313869434295e-01	   3.4106639941059347e-01	   3.8778308647949505e-01	   5.1262653068599251e-01	   1.7632347186960878e-01	  -1.6664723205123852e-01	
   5.7976317913087960e-01	   6.3291705452891722e-01	   6.0652495310793997e-01	   6.0070868844737380e-01	   0.0000000000000000e+00	   8.9337583142490362e-01	   6.0651824138713972e-01	   6.3525341529136559e-01	   8.3944354291524581e-01	   7.8855922581145044e-01	   5.4225634763651709e-01	   6.6375414820501899e-01	   6.0762208401406426e-01	   6.4445321852004822e-01	   6.6266360311847439e-01	   6.5167041482983201e-01	   4.9372981107839781e-01	   5.2964636526996989e-01	   5.3813726850821841e-01	   5.4485361745280803e-01	   5.9815460640153195e-01	   6.2605325107011001e-01	   6.8539085035158454e-01	   6.2327141744412051e-01	   6.8049035677531078e-01	   6.6577956502903302e-01	   3.7636358836963940e-01	   5.1248412228803120e-01	   4.4181509106938799e-01	   4.7919269083581423e-01	   4.3324733603431287e-01	   4.7537671555774780e-01	   5.1201642836999528e-01	   5.4672729189503777e-01	   3.8507632317925572e-01	   3.5976313265391402e-01	  -8.1370309921872976e-03	  -8.2661258358216139e-02	   1.9791897100719219e-01	   2.7794911078435147e-01	   1.8935518034199461e-01	   7.2069503948938643e-03	   1.4639937649942461e-01	   8.3533693539601397e-02	   1.6843111390314910e-01	   1.8174188515126141e-01	   8.6608776602955365e-02	   4.5376034144501781e-02	   2.1304374907988691e-01	   3.4496574294010590e-01	   4.0161145192077841e-01	   4.2959630427716755e-01	   5.9742971218760474e-02	   2.7834633558164934e-01	   1.5777861529722453e-01	   1.1603198677332174e-01	   5.9148205646946606e-01	   5.7408495831795581e-01	   2.7059592776802499e-01	   3.9693625357103962e-01	   5.1717578878007187e-01	   5.3775391992069899e-01	   4.9403996058330696e-01	   4.5007112706442437e-01	   6.4984726123952485e-01	   5.6462803565809749e-01	   3.6173393729721648e-01	   3.5436460164422245e-01	   5.9417926468144522e-01	   4.4717641108638828e-01	   4.9721609152295276e-01	   5.2376905990833256e-01	   4.0616243450304818e-01	   5.3602173355266969e-01	   4.4392325270145483e-01	   4.6303682465075968e-01	   3.7844910282609645e-01	   5.2424693549217616e-01	   4.5473747836423517e-01	   4.9617042335133976e-01	   3.8556080742557969e-01	   5.4017407443553700e-01	   5.8868048943916329e-01	   3.4985180667089438e-01	   5.2247829192993778e-01	   5.7163250845487867e-01	   2.5721972361559137e-01	   4.3976390766984641e-01	   3.5546782495486956e-01	   4.9447500661182653e-01	  -2.0650107928373209e-02	   1.7937692066011635e-01	   2.0652124643245334e-01	   4.6633947104667783e-01	   1.1133021732076200e-01	  -1.8051634620298457e-01	   1.8013296125995445e-02	   1.2307647946646311e-01	   1.3850070608343024e-01	   1.2294400570364536e-01	   1.2497993720895523e-01	   2.7802439520513894e-01	   3.9323515789372016e-02	   1.7280710116598468e-02	  -1.2515889156993667e-03	   7.6609215934177743e-02	   1.0548603250324073e-01	   1.9424382222748844e-02	  -3.1566796686015301e-02	   4.2317179431927227e-02	   8.2465712391928958e-02	   1.6858964217153682e-01	   1.8940998182863217e-01	   2.7369956735184536e-01	   1.3569449048294999e-01	  -1.6819831622627401e-01	
   6.2397385616913326e-01	   6.5950982192697383e-01	   5.7925711735891550e-01	   6.9252834686180564e-01	   8.9337583142490362e-01	   0.0000000000000000e+00	   5.8665677936806826e-01	   7.0203802905639945e-01	   8.5068590808453837e-01	   9.1485836696000900e-01	   4.7347545317151463e-01	   6.4919205998911478e-01	   5.0174750680385616e-01	   6.3901183514717497e-01	   6.1960883752058338e-01	   6.7920008727515446e-01	   5.1419421894512873e-01	   5.0262731902586522e-01	   5.3352537784351139e-01	   5.7604375414298681e-01	   6.4444172222830920e-01	   7.1445330453359679e-01	   6.2913724291908646e-01	   6.6711518341145726e-01	   6.7051106286280449e-01	   7.0491766356189745e-01	   4.7775816718541869e-01	   6.5895455286263438e-01	   4.0271681441036700e-01	   4.5824969866967374e-01	   4.3995242452560768e-01	   4.8808830674422865e-01	   5.2960661799702302e-01	   5.8933956422052558e-01	   3.7750998906684652e-01	   3.8013771551622877e-01	  -8.3130113443927039e-02	  -1.8911585479563350e-01	   1.4509235634769269e-01	   2.4897794124462039e-01	   1.2783914632207277e-01	  -4.8150465308791982e-02	   6.3437914054881611e-02	   3.0803388716902952e-03	   8.7321000699291315e-02	   1.0371288632523598e-01	  -9.7492198217576202e-03	  -3.9554926117897980e-02	   1.3357048955544429e-01	   2.6126024227871569e-01	   3.4397381406127503e-01	   4.3303359911417882e-01	  -3.2194265537073552e-02	   1.5325429807168336e-01	   1.1977389682787867e-01	   4.9962417764245766e-02	   6.3960698331753429e-01	   6.0446674447647530e-01	   2.7911063115184442e-01	   4.2077530873956215e-01	   4.8890014101217949e-01	   5.6247697865936730e-01	   4.7194524995296716e-01	   4.5130391691550764e-01	   6.3659956912913862e-01	   6.2355978561960557e-01	   3.5049962908127080e-01	   3.8852958252228353e-01	   6.0786284183654737e-01	   4.6299192469691719e-01	   4.1252017751733039e-01	   4.6156814875535040e-01	   3.8422740846773862e-01	   5.0640930552843955e-01	   4.0155844822063241e-01	   4.4264545931034210e-01	   3.0148847013622276e-01	   4.4338744755008341e-01	   5.2919915356598002e-01	   5.2684552864102607e-01	   4.4220118790240981e-01	   5.4518643509512343e-01	   5.6535908603822416e-01	   3.2194277142726718e-01	   4.8135859333920650e-01	   6.0413643143229923e-01	   2.2813280019614132e-01	   4.6120840784728162e-01	   3.2704013251586739e-01	   4.8144177822059120e-01	  -5.5105500106838172e-02	   1.3426024401541553e-01	   1.9020694596961152e-01	   4.3069887998833800e-01	   6.9057622071061420e-02	  -3.9555991810645577e-02	  -3.4372872680074683e-02	   1.1448549200981283e-01	   9.5646684102964508e-02	   4.7130714519399416e-02	   1.1949247517568773e-01	   2.4430442957854079e-01	   4.7995920284414198e-02	   1.9377530997565617e-02	   6.1848461650607159e-03	   4.4499564581313482e-02	   1.8963337255570700e-01	   8.3901119721255399e-02	   3.0467334263222613e-02	  -2.8892750934228486e-03	   2.5774861995766889e-02	   9.1182825062035122e-02	   9.3084672483796371e-02	   2.6586206626829700e-01	   1.1502577436399625e-01	  -7.0044246710213767e-02	
   6.1364214362998681e-01	   5.5155088924439966e-01	   8.6368874585687738e-01	   8.1781942926644136e-01	   6.0651824138713972e-01	   5.8665677936806826e-01	   0.0000000000000000e+00	   9.2450993936661940e-01	   7.5520315857384079e-01	   6.5791562311819174e-01	   7.3684763164552314e-01	   8.1780941327655265e-01	   7.4595210060901707e-01	   7.7492461165383320e-01	   6.1436074714216560e-01	   6.7958111502713947e-01	   5.0865856552189037e-01	   5.4737902339563060e-01	   6.9967952236956588e-01	   7.3357616784219615e-01	   5.1386419123425531e-01	   5.0384202142939927e-01	   7.7588793253191690e-01	   7.7978743665054373e-01	   5.8667573323006406e-01	   6.5557578796777050e-01	   3.3504847588593578e-01	   4.2673085881407558e-01	   5.3700216346390151e-01	   5.4185663283929164e-01	   7.3740668481277705e-01	   7.5359301279220192e-01	   8.1340456089697932e-01	   8.3553465439428476e-01	   5.6970516621158851e-01	   6.2023252286030550e-01	   3.4057975500668319e-01	   7.0979943889628319e-02	   5.9607372459360386e-01	   5.7142625918785228e-01	   5.1189101520561930e-01	   2.8888725515524194e-01	   3.2644524439508465e-01	   2.8881834676933449e-01	   3.3047874926158805e-01	   3.2787994306224422e-01	   2.8722800930478043e-01	   2.7845026597963329e-01	   3.6817434607082478e-01	   4.8875061437028688e-01	   7.2673958964979235e-01	   6.6756819661408795e-01	   4.6506612950277237e-01	   4.5283534706907425e-01	   6.0899431699005935e-01	   4.6861345224573064e-01	   4.6347148683356038e-01	   4.9965376100849701e-01	   5.4074883323914336e-01	   6.8714899305185073e-01	   7.8375922556977584e-01	   7.9722325299559604e-01	   7.2765999907034018e-01	   7.5958480609177781e-01	   6.7787834007436520e-01	   7.6456531564611885e-01	   7.3579854051527815e-01	   7.1366646031553671e-01	   7.6964374504960564e-01	   7.3798077441175414e-01	   5.0112741717280040e-01	   5.6811916684462427e-01	   5.6605238333710950e-01	   5.8013337866761883e-01	   5.5173632703747921e-01	   4.8364128596293399e-01	   5.4482320211877822e-01	   5.9760799375271745e-01	   5.5716821333379907e-01	   6.3582247275069625e-01	   6.1045556259054612e-01	   7.4022281546102064e-01	   7.0994898474944135e-01	   5.5413281263001612e-01	   7.4924143445390801e-01	   8.2304155093412112e-01	   4.6725524927252898e-01	   6.4383219035896244e-01	   6.8241929401749513e-01	   7.7206565853552511e-01	   4.1150879698411430e-01	   4.5989990439091621e-01	   3.3781637875491782e-01	   4.4351478820627965e-01	   3.9676927651924465e-01	   1.7436506938982635e-01	   3.3205013367105074e-01	   4.3932548588254050e-01	   4.6803914382573392e-01	   4.2090717785654241e-01	   4.8873292819229602e-01	   5.0534974752221440e-01	   4.1193033607254231e-01	   3.0477853694242857e-01	   2.7675400274172091e-01	   1.8279499819249759e-01	   4.0373793560535010e-01	   3.0681972190380979e-01	   8.0625656284223426e-02	   2.4791342998725507e-01	   3.4692875657616840e-01	   2.8092368195623690e-01	   4.0596904416492885e-01	   5.2424778266525895e-01	   2.7773504004334482e-01	  -1.4033831295149668e-01	
   6.2341359718245981e-01	   6.3007959675095104e-01	   8.0832462157378271e-01	   9.2165231309160145e-01	   6.3525341529136559e-01	   7.0203802905639945e-01	   9.2450993936661940e-01	   0.0000000000000000e+00	   7.7749500637560587e-01	   7.6749368588433819e-01	   7.2383584201598095e-01	   8.7517104118665312e-01	   7.2206753268916324e-01	   8.5655995217905700e-01	   6.4352299913465405e-01	   7.7306391074988490e-01	   5.9283931497358699e-01	   6.0759688956717639e-01	   7.4341663182268580e-01	   8.0525453457896878e-01	   5.2952644946165772e-01	   5.6638796304829897e-01	   8.0407113043145251e-01	   8.8394194423588701e-01	   5.9774031190421606e-01	   7.2869110396439063e-01	   3.9159586918992373e-01	   5.0135869388560028e-01	   5.7967221640870181e-01	   6.1110850418513107e-01	   7.4736540983520738e-01	   7.9075022970383335e-01	   8.1066899276974502e-01	   8.6144022098085138e-01	   5.5831701222446684e-01	   6.5604148725327904e-01	   2.4598825811654101e-01	   3.1719901646810368e-04	   4.9911470015410958e-01	   5.2937660971057920e-01	   4.6757242603725246e-01	   2.4060310683798208e-01	   2.8847835498591273e-01	   2.5534454813449986e-01	   3.0644117084998362e-01	   3.1995372471531830e-01	   2.5670292793884764e-01	   2.5181808308854337e-01	   3.2563398352733652e-01	   4.8002290333026282e-01	   6.5929009102200498e-01	   6.8678910499409651e-01	   3.6631821840816642e-01	   3.8208730138885627e-01	   5.1894859003743132e-01	   4.1257591388734682e-01	   5.2326360778297532e-01	   5.5258645215588087e-01	   4.9910136813075184e-01	   6.9901940144218555e-01	   7.3828170238892143e-01	   8.2287112950170016e-01	   7.2679505850250725e-01	   7.4824381828958386e-01	   7.1767600167113099e-01	   8.5588702556309704e-01	   6.9687709388349450e-01	   7.4555090525210910e-01	   7.5624539975041372e-01	   7.5149549478680355e-01	   4.6920490402443593e-01	   5.6260576436455445e-01	   5.7168273348684318e-01	   6.2895901867906012e-01	   5.5742195549191198e-01	   5.2445269722520471e-01	   5.5000499519601653e-01	   6.4198552570174494e-01	   6.4861632336179198e-01	   6.7603422291402582e-01	   6.6397798221590731e-01	   7.6558058422115793e-01	   7.2828046851910400e-01	   5.7778342481227318e-01	   7.6025706340704957e-01	   8.8703098660870161e-01	   4.4300686488789726e-01	   7.0895261765377349e-01	   6.7990285374361026e-01	   7.7867016460394356e-01	   3.7703004006724905e-01	   4.3109121275330509e-01	   4.0734574565135029e-01	   4.7923852285659257e-01	   2.9945355481764502e-01	   1.4820698423590109e-01	   2.8101964759429932e-01	   4.1428270201200745e-01	   4.5359211269502153e-01	   3.8073442386143314e-01	   4.6457794045440204e-01	   4.6033020372226147e-01	   3.7649854422549789e-01	   2.4349114430160118e-01	   2.9064743266058035e-01	   1.8082087437434846e-01	   4.6522591556010084e-01	   3.3706724668171789e-01	   5.1782917480867482e-02	   2.0526012461210602e-01	   3.2301677866938650e-01	   2.6873093712280172e-01	   3.5862915903360920e-01	   5.0957568886774551e-01	   2.2950445942893571e-01	  -1.6414642650008832e-01	
   6.2138210718047504e-01	   6.1810391465184911e-01	   6.5955818481729900e-01	   7.0544943042971697e-01	   8.3944354291524581e-01	   8.5068590808453837e-01	   7.5520315857384079e-01	   7.7749500637560587e-01	   0.0000000000000000e+00	   8.7690325430601712e-01	   5.8755970645639222e-01	   7.2909510449611448e-01	   6.7856304302201631e-01	   7.2264415934522930e-01	   6.9216626662351477e-01	   7.3312147130724792e-01	   4.6186034425047440e-01	   5.3266526307988449e-01	   6.2103181241552341e-01	   6.6244113872482158e-01	   5.6065604981999417e-01	   5.8318747496735135e-01	   7.3394615229128946e-01	   7.4781717791797242e-01	   6.1230951177395188e-01	   6.9477108594112802e-01	   4.3457176232529904e-01	   5.9250947729856018e-01	   4.1057173097092187e-01	   4.4076340494818134e-01	   5.9451200014930339e-01	   6.3829012846264699e-01	   6.2644906818009982e-01	   6.6307482675156848e-01	   4.4573775909952862e-01	   4.6503892447255346e-01	   1.2091712739419716e-01	  -4.9314854542073766e-02	   3.7920060467972039e-01	   3.8391673473485033e-01	   3.0215283286238598e-01	   9.2810462686202938e-02	   1.1103248029029680e-01	   4.3378645678161985e-02	   8.2635264322109880e-02	   1.2080556100556851e-01	   8.0560901127060491e-02	   4.7468415806708422e-02	   2.1770064496484942e-01	   3.7885086178364308e-01	   4.6693324308065082e-01	   5.1769274686982003e-01	   1.6469273353451586e-01	   3.6845274009415779e-01	   2.8364835604441258e-01	   2.0452674279262534e-01	   5.6709322899793446e-01	   5.7896110004911516e-01	   3.2360997401204838e-01	   5.4620393987605187e-01	   6.5742667101934971e-01	   7.2240752229959215e-01	   5.8603403837652901e-01	   5.8623645988831041e-01	   8.1199027403283774e-01	   7.7597433057182419e-01	   4.0976989411084269e-01	   4.2462045383904451e-01	   7.1253591689615481e-01	   5.6822505597910677e-01	   4.5877928096048209e-01	   5.0931472628183139e-01	   4.6026855902524044e-01	   5.3347179880112638e-01	   5.0503693567100139e-01	   5.1858810033115388e-01	   3.7980595120559163e-01	   4.6000427594018878e-01	   5.1207965801266142e-01	   5.9804065867393508e-01	   4.7563990187213301e-01	   6.3125447570513460e-01	   5.7779938364324646e-01	   3.7705284345294654e-01	   6.3938642593559303e-01	   6.8157901801720633e-01	   3.8013441823434280e-01	   5.5213646287082951e-01	   5.5536841949388382e-01	   6.2940200361055287e-01	   1.5931728335483539e-01	   3.2173864830162818e-01	   2.5982071807391627e-01	   4.7665676332056239e-01	   1.7049164040570819e-01	  -6.4537389976494108e-02	   5.1178217737539708e-02	   1.9305440228386350e-01	   2.0408148516375713e-01	   1.9543803466234150e-01	   2.0958882366218448e-01	   3.1750083487796521e-01	   1.2496816824453583e-01	   9.9665481712089804e-02	   4.7726980203636790e-02	   6.4223292694830542e-02	   2.4766457637507730e-01	   1.6925040968790450e-01	  -3.0682063916404212e-02	   7.7612618520664645e-02	   1.1353734853092159e-01	   1.4779187938107408e-01	   2.5201230211879866e-01	   3.4478423473075082e-01	   1.5947553879169224e-01	  -1.1550742686173177e-01	
   6.1997739711250044e-01	   6.4347751447587032e-01	   6.4609706665470246e-01	   7.3412061054706146e-01	   7.8855922581145044e-01	   9.1485836696000900e-01	   6.5791562311819174e-01	   7.6749368588433819e-01	   8.7690325430601712e-01	   0.0000000000000000e+00	   4.9284363504237183e-01	   6.5268256391480572e-01	   5.4142108791190435e-01	   6.9425316162541484e-01	   6.5945985572664356e-01	   7.5346550260084966e-01	   5.3116805124729372e-01	   5.3920711838617486e-01	   5.9097855041449754e-01	   6.2436686674288788e-01	   5.6514413920224527e-01	   6.3727552384270547e-01	   6.9319460563426993e-01	   7.5239615742197230e-01	   6.2231613384773532e-01	   6.8563460964421385e-01	   4.8412811171112302e-01	   6.1178133917178890e-01	   4.3758559902731631e-01	   4.8775822256213475e-01	   5.1727752090675438e-01	   5.5030900961037110e-01	   5.6452554280332967e-01	   6.1427323387636346e-01	   4.0476522166049944e-01	   4.0814157368952708e-01	   4.7106220780639245e-02	  -1.1914038496006031e-01	   2.4515998155266389e-01	   3.2114434774945488e-01	   2.2896583372889845e-01	   4.8425424257045574e-02	   1.4000182167606459e-01	   8.0442085613869632e-02	   1.1753219600401492e-01	   1.5186747439881720e-01	   9.1234357053073006e-02	   6.1702928057475681e-02	   1.9389668644557445e-01	   3.2428762646076470e-01	   4.2681788689591482e-01	   5.1994729360960878e-01	   7.6173436440841402e-02	   2.7643078598622334e-01	   2.2533177503426818e-01	   1.4468951855648679e-01	   6.2047424793623174e-01	   6.2144249511964067e-01	   2.7704221224994779e-01	   4.9096148997120065e-01	   4.7217904245218945e-01	   5.8853934197246260e-01	   5.0154193040676431e-01	   5.0460300792705048e-01	   6.5924946356499903e-01	   6.7718502107839695e-01	   3.6021787132625371e-01	   3.9548131563864536e-01	   6.5632464549614000e-01	   5.3705703076285871e-01	   3.5670051817707904e-01	   4.3934675380755395e-01	   3.9134986793937815e-01	   5.0151905017320964e-01	   4.3802128737884904e-01	   4.4574569153325067e-01	   3.2780579234851953e-01	   4.3784358989051031e-01	   5.7000885734974038e-01	   5.6936585508113169e-01	   4.9794997780472422e-01	   5.8742503861789064e-01	   5.8743752677337113e-01	   3.8976008279082364e-01	   5.8705707914678962e-01	   6.6335047520000889e-01	   3.3525306367729224e-01	   5.6205916838088166e-01	   4.8145486915507224e-01	   5.9569019616314312e-01	   1.1125470180184657e-01	   2.7371708739144807e-01	   3.1819125753829403e-01	   5.0503996446483557e-01	   1.1440949312080398e-01	  -2.7898655608537316e-02	   4.7721434120204298e-02	   1.7705358783811420e-01	   2.0684579415135418e-01	   1.5663961898217943e-01	   1.9093361410431417e-01	   2.9423384126746199e-01	   1.3506350870573985e-01	   8.0729231394181561e-02	   1.5220026321981578e-02	   5.7333805202193111e-02	   3.1957249235625035e-01	   2.3592685931417384e-01	   2.4236098785227249e-02	   6.4219424590344298e-02	   1.1475278886582335e-01	   1.3574728967658428e-01	   1.9953284384177578e-01	   3.2256483208728087e-01	   1.1909871093716391e-01	  -1.1291856685404869e-01	
   6.6979361688545547e-01	   5.6570894231861801e-01	   6.5724487778858087e-01	   6.6166558073393378e-01	   5.4225634763651709e-01	   4.7347545317151463e-01	   7.3684763164552314e-01	   7.2383584201598095e-01	   5.8755970645639222e-01	   4.9284363504237183e-01	   0.0000000000000000e+00	   8.7031682876353367e-01	   8.8640025670092926e-01	   8.0142768552671328e-01	   8.1868442048750323e-01	   7.9788833717707641e-01	   7.6182894416539937e-01	   7.3338192249382739e-01	   7.9030845422720086e-01	   7.7391809365413977e-01	   3.7766187508719140e-01	   3.5588170640246719e-01	   6.8419395697512320e-01	   6.6002887479996442e-01	   3.9677336447308392e-01	   4.8589619356400671e-01	   3.8566858001445814e-01	   4.3344754887745929e-01	   8.0191232105163224e-01	   7.4280108516190002e-01	   6.7838761855821328e-01	   6.8315025821817477e-01	   8.5224238543002206e-01	   8.2873444988148548e-01	   4.3456399583411270e-01	   5.3163690448982570e-01	   4.8939019332032963e-01	   2.4284742040377513e-01	   6.4575532379315759e-01	   6.2148193229823323e-01	   7.1265566620330345e-01	   4.7020661763599858e-01	   5.7876995294756051e-01	   5.2742610810398394e-01	   5.0596674723572754e-01	   5.4597828559823891e-01	   5.6298125415272027e-01	   5.2472480399719168e-01	   5.3740332425916515e-01	   5.5055586083999908e-01	   6.2270216532462286e-01	   5.9617868361279380e-01	   4.5960495627063919e-01	   3.4178958748757698e-01	   6.6961415263996404e-01	   5.8816296289172576e-01	   5.2917020272920201e-01	   4.9164082379009255e-01	   6.2318009395213658e-01	   6.4027510002086385e-01	   7.3471485528736102e-01	   7.1943398190328367e-01	   8.9615444699343438e-01	   8.0940265292757951e-01	   4.4459868424853605e-01	   5.6202818773265151e-01	   7.0460130064098192e-01	   6.8082766795949190e-01	   7.4020925782991698e-01	   7.4477556741303830e-01	   4.1570301201909221e-01	   5.7076741277347387e-01	   7.0529464298846301e-01	   7.2054348391405065e-01	   6.6144648170146525e-01	   5.8551327636714801e-01	   7.7556459109720677e-01	   7.5624398634140855e-01	   6.5983410894469852e-01	   7.4687797621773011e-01	   7.7733381155392678e-01	   8.4812181530897068e-01	   8.0678665421115969e-01	   7.0866956252995084e-01	   7.9235331661318986e-01	   7.8852978354616865e-01	   5.0232252604306926e-01	   6.3248681877203783e-01	   6.8946816692233881e-01	   7.2037707646648641e-01	   4.5087748176402931e-01	   4.2180813632362152e-01	   2.1176567739219054e-01	   2.7001184987999416e-01	   5.0100531642062196e-01	   7.4058964986918455e-02	   5.5580130232220404e-01	   6.4779299666895440e-01	   6.1991423881583274e-01	   5.5774409604541042e-01	   4.5581863680530788e-01	   5.2719224612018367e-01	   4.4954560608951566e-01	   4.4234127849519267e-01	   3.5873315520841786e-01	   2.2937803238755930e-01	   3.7529203412687451e-01	   3.1231321005997564e-01	   6.3166590152745963e-02	   5.0248530820717718e-01	   5.8916879145523104e-01	   5.6057914329222736e-01	   5.4371005220234503e-01	   6.0790811052105509e-01	   4.2368139724872278e-01	  -1.1359755178253006e-01	
   6.5537122331052589e-01	   6.4793954066256010e-01	   6.6831059241827906e-01	   7.7532517778911858e-01	   6.6375414820501899e-01	   6.4919205998911478e-01	   8.1780941327655265e-01	   8.7517104118665312e-01	   7.2909510449611448e-01	   6.5268256391480572e-01	   8.7031682876353367e-01	   0.0000000000000000e+00	   8.5827849388020550e-01	   9.4381188318975706e-01	   7.5694987934684810e-01	   8.4653737687387642e-01	   7.0893421036478077e-01	   7.4901054939330936e-01	   7.6655516368894672e-01	   8.1026073303830803e-01	   5.0391823561734228e-01	   5.1024706483912907e-01	   7.7065181073212374e-01	   7.9277540344677100e-01	   4.9707219469566771e-01	   6.3999529974488745e-01	   3.7009890868627637e-01	   4.7200085179107398e-01	   7.5617359818340768e-01	   7.8278883257978960e-01	   7.5660839377503408e-01	   8.1372078437294937e-01	   8.3697435444633572e-01	   8.6849543436156151e-01	   4.7744229815315886e-01	   5.8223468418603008e-01	   2.9825759554931264e-01	   7.4072085747129424e-02	   5.1988597075898046e-01	   5.0968374738000044e-01	   5.6161770960026702e-01	   3.0621576093071423e-01	   3.5777976881219042e-01	   3.2522461341433162e-01	   3.5719102343040776e-01	   3.7453057768117104e-01	   3.4003605925822206e-01	   3.1581456139030406e-01	   3.5653134622551752e-01	   4.5567262990331925e-01	   5.8903552824412542e-01	   5.7268422409430220e-01	   3.3905774396223043e-01	   2.9284978627008806e-01	   5.3681471259578872e-01	   4.0541074465620253e-01	   5.7302514107971569e-01	   5.7315188952857821e-01	   4.7990376182589906e-01	   6.1050419882062323e-01	   7.7946703036059284e-01	   8.1067912675920262e-01	   8.7396701556697787e-01	   8.3428430118753338e-01	   6.6176325497452781e-01	   7.7996554337547130e-01	   6.5822579816822691e-01	   6.7581854062076929e-01	   7.4043058465083322e-01	   7.6247310523877998e-01	   5.4270455411283913e-01	   6.4676879884909000e-01	   6.7414784593087740e-01	   7.4745505306521820e-01	   6.6633718919077389e-01	   6.5878154704176728e-01	   6.9408930950084735e-01	   7.7215128696741442e-01	   7.1760319729282585e-01	   7.7225970235742947e-01	   7.4166585292659393e-01	   8.6090348817726503e-01	   7.7049231695454190e-01	   6.4862253448203699e-01	   7.8131603607964506e-01	   8.7181928691834165e-01	   3.9065071400479606e-01	   6.3912955340695432e-01	   6.5797338822523643e-01	   6.9502980587835517e-01	   3.2957311473676254e-01	   3.6064145118136720e-01	   2.9519179678301805e-01	   3.7279671706623740e-01	   3.7283714796626155e-01	   7.6791262150535819e-02	   3.6624274383502986e-01	   4.5383624166222419e-01	   4.7023411671035115e-01	   3.8821644478552653e-01	   4.4581328390692249e-01	   4.8411578726835286e-01	   3.5140639539018992e-01	   3.1940208851724838e-01	   3.1570044451845369e-01	   2.5216911137922782e-01	   3.8079706907209249e-01	   2.7905291404104648e-01	   3.0011728040943281e-02	   3.4281043191470129e-01	   3.8838795134103121e-01	   3.7956760214712892e-01	   3.7892203097485277e-01	   5.4050272630873264e-01	   3.4087610051561856e-01	  -9.3282781034898982e-02	
   6.1615487585808049e-01	   5.3192585910252665e-01	   6.3334020769594246e-01	   6.0173875194751414e-01	   6.0762208401406426e-01	   5.0174750680385616e-01	   7.4595210060901707e-01	   7.2206753268916324e-01	   6.7856304302201631e-01	   5.4142108791190435e-01	   8.8640025670092926e-01	   8.5827849388020550e-01	   0.0000000000000000e+00	   8.5055660545979106e-01	   8.2316960230995873e-01	   7.8754505498527105e-01	   5.9015347162481635e-01	   6.4546211648942542e-01	   7.0455771971393311e-01	   7.0928356188901476e-01	   3.8337442588753690e-01	   3.6891086267552387e-01	   7.4925711111319027e-01	   6.9905264569184933e-01	   4.0372901041432380e-01	   4.8431029261616293e-01	   3.3175725081937690e-01	   3.7770084585655617e-01	   7.2415162474028361e-01	   6.9554510283290671e-01	   6.8169480076563760e-01	   6.9271485555047518e-01	   7.8753924792314356e-01	   7.7503978383543182e-01	   4.3939505881734181e-01	   4.8823361490426614e-01	   3.7184073555136210e-01	   1.4629387092704454e-01	   5.5463760925374483e-01	   5.0610509522720615e-01	   5.8541425139656256e-01	   3.2875832918147146e-01	   3.5887154795077247e-01	   3.0947258357160956e-01	   3.1718397210985450e-01	   3.4724529620579020e-01	   3.5124217554674242e-01	   3.1586731155522801e-01	   3.4867198893560442e-01	   4.1640186212105312e-01	   5.3511714923476350e-01	   4.9148076689693154e-01	   2.8948465800624856e-01	   3.1049775681958958e-01	   5.0039189683051588e-01	   3.8158586122285038e-01	   4.6654971575773696e-01	   4.8152191656246390e-01	   4.7725397797854130e-01	   5.7324812262239400e-01	   7.3807654235637199e-01	   6.9275922405636692e-01	   8.4129563111089878e-01	   7.7520369079643292e-01	   5.9613898908457386e-01	   6.3854951032271878e-01	   5.9170047504485790e-01	   5.4495965731404217e-01	   7.0377554217515348e-01	   6.9369778722866915e-01	   4.1849124027488049e-01	   5.1778977311539809e-01	   5.8699516137668817e-01	   6.2697856585700196e-01	   5.9369020121333949e-01	   5.2441103847239401e-01	   6.4452798158110958e-01	   6.6204168951117737e-01	   5.6688833261948124e-01	   6.8653091771759334e-01	   6.1051275674328753e-01	   7.4714500292493025e-01	   7.1733369737873043e-01	   6.1472586057809353e-01	   7.5003312641421938e-01	   7.3542807744821026e-01	   4.1179715898222158e-01	   5.4737420126029890e-01	   6.6571342339296180e-01	   6.2945746608243280e-01	   3.5667767837048636e-01	   4.0769230569200254e-01	   2.7301106262173697e-01	   3.9409856198021009e-01	   4.3288840511413224e-01	   6.1154490333278161e-02	   3.8391848664349587e-01	   4.5064482840670717e-01	   4.3675308546818276e-01	   3.8005034872017163e-01	   4.0068095496754874e-01	   4.9288758279447498e-01	   3.3560511439559271e-01	   3.3051912831001673e-01	   3.2452694058860876e-01	   2.7023914619707923e-01	   3.5013603392686909e-01	   3.2353524694360869e-01	   1.1560994560736382e-01	   4.4672026596858494e-01	   4.0721587687460764e-01	   3.7906646738273464e-01	   4.1856596056886286e-01	   5.1922872484630633e-01	   4.2841428469165843e-01	  -4.4035527511726874e-02	
