   0.0000000000000000e+00	   9.7357174520062195e-01	   9.0881033877002571e-01	   8.5841833535742118e-01	   8.0891305568309324e-01	   7.5815547842884035e-01	   8.6199122501286962e-01	   8.3867798169647800e-01	   8.0531263354190341e-01	   7.9973347521601579e-01	   8.6929120960951345e-01	   8.3307459321257260e-01	   7.5298453199606452e-01	   7.4923216319964858e-01	   8.2551458722820592e-01	   8.5751945302823240e-01	   9.1033377811090799e-01	   8.7812717247041239e-01	   9.3934770469838935e-01	   9.2634800690029484e-01	   5.8341974718035461e-01	   4.3422836475599202e-01	   7.6830156121938398e-01	   7.5657903235535651e-01	   6.4938537583464495e-01	   5.8795059806819028e-01	   5.8107916334188214e-01	   4.1566196942962086e-01	   8.4542375892688071e-01	   8.5105294270761367e-01	   7.5318293990798768e-01	   6.8717195007026288e-01	   8.7559656434668942e-01	   8.5564036171639413e-01	   4.6232317036322529e-01	   5.4607696687536489e-01	   6.4504731197045351e-01	   5.2385167236273933e-01	   8.0474156462724622e-01	   7.9672626913445899e-01	   7.8018687468222525e-01	   8.4541701933338609e-01	   7.1695037472615997e-01	   6.9937728431466928e-01	   6.3919969052012449e-01	   6.8704213296740524e-01	   7.7410413862023253e-01	   7.6802199007745564e-01	   6.6157830736159395e-01	   7.2985382648723507e-01	   8.2691599213329670e-01	   7.5131991070224280e-01	   8.7195915303802618e-01	   8.6832060923277665e-01	   8.7673266112419668e-01	   8.5863107427784757e-01	   9.8157050110762600e-01	   9.4287920745294074e-01	   8.3558134106857374e-01	   7.8018081625632263e-01	   8.4511956861330595e-01	   7.0810994909007374e-01	   8.4356943002173623e-01	   8.2187756698109127e-01	   6.6128922302480919e-01	   6.1193935847568004e-01	   7.7020508073293414e-01	   7.5088386907443083e-01	   8.5134873603069439e-01	   8.5174370104538422e-01	   4.1720205615319839e-01	   5.6732530393974001e-01	   8.0766205218037812e-01	   7.4536598256853459e-01	   7.9668891023945465e-01	   7.9270261303039991e-01	   8.2215064059269127e-01	   8.7784753679201333e-01	   8.1739423369226027e-01	   8.9966567094659655e-01	   9.0185440860283073e-01	   8.7648506478484678e-01	   8.7059966910118469e-01	   9.3195151535923448e-01	   8.1676763143449915e-01	   8.4295385272389600e-01	   7.6722934059312076e-01	   8.1121910957611620e-01	   8.5986376176490853e-01	   9.1389950431049471e-01	   7.3476560659816004e-01	   7.2491648620389060e-01	   8.0011786124692141e-01	   8.5823200700136881e-01	   5.8678801305613426e-01	   6.2805310607019238e-01	   7.6799653398814116e-01	   8.3204942960502515e-01	   8.2849768060677820e-01	   8.6151382114673269e-01	   8.3780999142064216e-01	   8.2819320111191574e-01	   7.3206795271562330e-01	   7.4768709863633753e-01	   2.1714932737489367e-01	   1.8562458936639403e-01	   5.3139306321007651e-01	   7.0348987712746813e-01	   1.5100356309233787e-01	   5.6189147554180618e-01	   7.1867249371632158e-01	   7.9921127455191443e-01	   7.5024028447045887e-01	   7.0465520306082752e-01	   4.4276783070278836e-01	  -1.0112617183114829e-01	
   9.7357174520062195e-01	   0.0000000000000000e+00	   8.9664735387385042e-01	   8.8677318825702423e-01	   7.9793292611702527e-01	   7.7832068940151422e-01	   8.4458556946493490e-01	   8.5736779863621848e-01	   8.0353746612455601e-01	   8.1709552135722219e-01	   8.3707216827931052e-01	   8.4223697568301148e-01	   7.4504617201938383e-01	   7.8443098196795780e-01	   8.2047160495066640e-01	   8.6709818630109115e-01	   8.9488858826089124e-01	   8.8986969576029606e-01	   9.1184889688562576e-01	   9.0728770399920811e-01	   6.0958440335662312e-01	   4.7622146089631379e-01	   7.7437691149088594e-01	   7.5927230418756908e-01	   6.6827185103648756e-01	   6.2189389633328518e-01	   6.0959560300107984e-01	   4.6607088578031519e-01	   8.3658648396218005e-01	   8.4869613660647103e-01	   7.5678461933693597e-01	   7.0643461541244701e-01	   8.5857813343494627e-01	   8.5230195336926551e-01	   4.6005370464211398e-01	   5.4657646732903808e-01	   6.0447172322154941e-01	   4.5281662908762732e-01	   7.7909614200656108e-01	   7.6886184523469259e-01	   7.8238720053334310e-01	   8.1865238721704947e-01	   6.9079666156669217e-01	   6.9283523610165609e-01	   5.9697997772483014e-01	   6.5122549671113217e-01	   7.3271551086659814e-01	   7.2591955083187343e-01	   6.0180831557852976e-01	   6.9007242794633128e-01	   7.8131325130392071e-01	   7.2234879121257567e-01	   8.2738299312898700e-01	   8.4221983876942841e-01	   8.3595929558728654e-01	   8.2461454461922346e-01	   9.5150790876538061e-01	   9.4577665323703286e-01	   7.9862417419745979e-01	   7.8534769434505813e-01	   8.3599112117285690e-01	   7.6599473834873544e-01	   7.7902855154439865e-01	   8.1249969390813170e-01	   6.6516858589171934e-01	   6.4816046881077805e-01	   7.2145385152908548e-01	   7.3194224648374950e-01	   7.9692853794637952e-01	   8.1446316495178750e-01	   4.3878648761821082e-01	   5.9443499592727744e-01	   8.2560022794655619e-01	   7.8128992251995877e-01	   8.2724329060491519e-01	   8.2139150184933607e-01	   7.8180643381188109e-01	   8.3879769663120873e-01	   8.1289502163077465e-01	   9.1014717795064493e-01	   8.8879309127702011e-01	   8.6595160138181138e-01	   8.4337786809566839e-01	   8.9467243836984012e-01	   8.0401399910292282e-01	   8.3231115275678114e-01	   7.4055357750749107e-01	   7.6262369165172772e-01	   8.4977774701048725e-01	   8.9695280807905464e-01	   6.6821208072456639e-01	   6.4477075764583236e-01	   7.6418780113101126e-01	   8.1255351996995107e-01	   5.7300690033433743e-01	   5.9314562327382203e-01	   7.3881998091909917e-01	   8.0599593770101097e-01	   7.6850645919700666e-01	   8.0525163033926339e-01	   7.8660115640117279e-01	   7.6339362226634067e-01	   6.5725440189381257e-01	   6.6742493430251182e-01	   1.1326668052099279e-01	   7.7980186247988109e-02	   4.7678995630608156e-01	   6.4648825068155213e-01	   1.3455070116960544e-01	   5.3895630144142870e-01	   6.5701733532927586e-01	   7.3233508708552764e-01	   6.9330099285766245e-01	   6.5296395904026849e-01	   3.8945243984968936e-01	  -1.7029281219373171e-01	
   9.0881033877002571e-01	   8.9664735387385042e-01	   0.0000000000000000e+00	   9.6360945863247693e-01	   8.8882365473674541e-01	   8.1627392896006679e-01	   9.7340955128703666e-01	   9.4769152163414727e-01	   9.0462986091414344e-01	   8.9680270806906859e-01	   8.9443611302473236e-01	   8.8098446466447644e-01	   8.5112871179535921e-01	   8.5198800373873973e-01	   9.0596103891790492e-01	   9.2438667262496788e-01	   8.3192755837596088e-01	   7.9632495913039647e-01	   9.5811839064728443e-01	   9.4749360531515636e-01	   6.4390888706481186e-01	   4.9057862635490629e-01	   8.9017044787379085e-01	   8.8390295431964150e-01	   7.4116151026125054e-01	   7.1018007140101980e-01	   6.7829658519426372e-01	   5.2162767582501823e-01	   8.3505556828092409e-01	   8.3990561207144077e-01	   8.6390042530048961e-01	   8.0612056879350791e-01	   9.3535214617100104e-01	   9.3429713226177358e-01	   6.0763654331901740e-01	   6.5098612739160955e-01	   6.1994832253356869e-01	   4.5270059277731467e-01	   8.6004381477023339e-01	   8.2060814918170799e-01	   8.3133355485518001e-01	   8.4307244135100468e-01	   6.9528913426787675e-01	   6.9885137197065994e-01	   6.6661425759010429e-01	   7.0265092012459895e-01	   7.5828362672434191e-01	   7.3944880243458888e-01	   6.1197469237518454e-01	   6.9773324068212184e-01	   7.9729339877531424e-01	   7.0696653679271282e-01	   8.4523074610084548e-01	   8.2815464387715598e-01	   8.9281801594754340e-01	   8.4764471025456523e-01	   8.9405528470454021e-01	   8.7888883788266514e-01	   8.3377252078404407e-01	   7.4593592182311141e-01	   9.2099505075331312e-01	   8.3777887532789319e-01	   8.4189267223944697e-01	   9.0693810817972720e-01	   8.0063248331160131e-01	   7.2445544083843327e-01	   8.1342907144393184e-01	   7.9904833971221589e-01	   8.5924631987669486e-01	   8.6027865422452021e-01	   4.4908606725752087e-01	   5.5603078922793980e-01	   8.1090034032521463e-01	   7.7749591878623303e-01	   8.3053327658664455e-01	   8.2487218107453930e-01	   8.3469102239120030e-01	   8.1176977387835936e-01	   7.4320905029240114e-01	   8.6223474171031877e-01	   8.7639009682333435e-01	   8.7028786276520831e-01	   9.2712791305314912e-01	   9.2775519864605704e-01	   8.6151097344568028e-01	   8.9446172989051764e-01	   8.1472422221819440e-01	   7.8750912729728295e-01	   9.2931044111620720e-01	   9.3310619578209253e-01	   7.1403000571314412e-01	   6.8865167330780774e-01	   8.3598984249717534e-01	   8.6047319494564145e-01	   5.9672563556939817e-01	   5.9037924305172229e-01	   7.5986309596543444e-01	   8.0153347228723582e-01	   7.6285153299711461e-01	   8.0403033266983082e-01	   8.0939322036430561e-01	   8.0161667620176613e-01	   6.3888895870019180e-01	   6.6187907718921080e-01	   1.3003746549323469e-01	   1.3965363009218790e-01	   4.4128684019398723e-01	   6.5854648707339447e-01	   1.5089026920012855e-01	   5.8350417331514903e-01	   7.0773989192688569e-01	   7.3580540697674457e-01	   7.1037584153900291e-01	   6.8365658263436768e-01	   4.7228550191712410e-01	  -1.5349669516985101e-01	
   8.5841833535742118e-01	   8.8677318825702423e-01	   9.6360945863247693e-01	   0.0000000000000000e+00	   8.1854432646348974e-01	   8.0094824549450239e-01	   9.3225181315644112e-01	   9.6799246025410368e-01	   8.5931756221193978e-01	   8.9150731780029724e-01	   8.3312768435511408e-01	   8.7330964994574134e-01	   8.1153832472552645e-01	   8.6398748670125669e-01	   8.4848867996085198e-01	   9.0607878841090372e-01	   7.7518731371723049e-01	   7.5707109566112107e-01	   9.2176830814491206e-01	   9.2316369014578847e-01	   6.2171071547886514e-01	   4.9429628919675905e-01	   8.6976882786171295e-01	   8.8470317534312726e-01	   7.1345992705298455e-01	   7.0299316365976794e-01	   6.6666781125636843e-01	   5.4206977767239428e-01	   7.9016699700577864e-01	   8.0869986171762875e-01	   8.4108659011982645e-01	   8.0709796375019460e-01	   9.0905004161753455e-01	   9.1850309452174750e-01	   5.7453378086369433e-01	   6.3521900807283749e-01	   5.1165689366575950e-01	   3.3122388080352150e-01	   8.0303742559510394e-01	   7.7795366108715680e-01	   7.8287057197868548e-01	   7.8655132100493286e-01	   6.3356585129153931e-01	   6.6698137142858827e-01	   5.8835709248301571e-01	   6.4308245530843799e-01	   6.7638123128959760e-01	   6.5654079217900108e-01	   5.3307532049227846e-01	   6.4107271317693182e-01	   7.3794417077889263e-01	   6.6030330727058661e-01	   7.8136092609628871e-01	   7.7681005890366839e-01	   8.2745698423389846e-01	   7.9891501965648981e-01	   8.4477597824063855e-01	   8.7592178773735530e-01	   7.8998352413129214e-01	   7.5717441477421299e-01	   8.9589101564373741e-01	   8.9144880398847204e-01	   7.8142818154609150e-01	   9.0928170289859411e-01	   7.8337131017578110e-01	   7.6317276187856842e-01	   7.5614278294503101e-01	   7.7408788515875626e-01	   8.0492569960772342e-01	   8.2152573209443847e-01	   3.8380410367418982e-01	   5.2534022281015302e-01	   7.9482756615331474e-01	   7.9440252756406959e-01	   8.3913278079735787e-01	   8.3554657078753614e-01	   7.4466124170554127e-01	   7.3385300015782939e-01	   7.0807960531457903e-01	   8.4755778094076062e-01	   8.3198987324468276e-01	   8.3284397972392821e-01	   8.6980002577512416e-01	   8.6956340484313199e-01	   8.1348388823132134e-01	   8.7507096314869859e-01	   7.8077465668112511e-01	   7.5825644444169371e-01	   8.9986365762144604e-01	   9.1611699729830010e-01	   6.2565719298813183e-01	   5.7407777856766284e-01	   7.8502094957932100e-01	   7.8324891170928912e-01	   5.8289237297482366e-01	   5.7769322855522509e-01	   6.9795721147222300e-01	   7.5091827416868273e-01	   6.7506946858354477e-01	   7.1565435336827299e-01	   7.5298908972094813e-01	   7.1476610694980680e-01	   5.6350764031140155e-01	   5.7663714139840172e-01	   1.1775897392503195e-02	   2.2412547499017197e-02	   3.8173482878466258e-01	   6.1949946024849745e-01	   1.7958883306762624e-01	   5.8108058803961271e-01	   6.1861891198503061e-01	   6.4120345169476001e-01	   6.3299459671849612e-01	   6.2558211400237485e-01	   4.1721280903923263e-01	  -2.2954798096481044e-01	
   8.0891305568309324e-01	   7.9793292611702527e-01	   8.8882365473674541e-01	   8.1854432646348974e-01	   0.0000000000000000e+00	   9.4114120570736315e-01	   8.5866471630141672e-01	   8.3330743374407945e-01	   8.9834509440509680e-01	   9.2306843316756992e-01	   7.7041195261401840e-01	   7.3085466808010890e-01	   7.0441828688904984e-01	   7.1685797731635492e-01	   8.2080206743084605e-01	   8.3820912317123453e-01	   7.2235730134977083e-01	   7.0863538917666180e-01	   8.4207323391001165e-01	   8.2303511309872945e-01	   7.1670395094408557e-01	   6.1485618505768347e-01	   7.7220002080427408e-01	   7.5937610867956018e-01	   7.5633803182512005e-01	   7.3064512160309869e-01	   7.6165336323628541e-01	   5.9942730366876296e-01	   6.9962287427087277e-01	   7.1424990911188735e-01	   7.2457170646115399e-01	   6.5292480541246545e-01	   7.9421371957398046e-01	   7.9584661874082063e-01	   5.1095920348100654e-01	   5.8242412102958740e-01	   5.9684551510834094e-01	   3.9561744291608436e-01	   7.1227595598733973e-01	   6.3804797215407960e-01	   7.3416857035778849e-01	   7.0483307105775239e-01	   7.0553853894349294e-01	   6.6284393543594600e-01	   7.2513648756660709e-01	   7.1912713268151141e-01	   7.5265485692501233e-01	   7.1762273225460294e-01	   6.6328630127526522e-01	   6.9778578204798469e-01	   7.5826706951062972e-01	   7.1780492344456903e-01	   8.2516825935832439e-01	   8.2172395532259745e-01	   7.6782422428444064e-01	   7.1338322302756429e-01	   7.6784231262573310e-01	   7.1396225431447613e-01	   7.3706650939277552e-01	   6.6405000078106968e-01	   7.8217241236112056e-01	   7.0844155358727967e-01	   6.6770939419916109e-01	   7.2593730532582379e-01	   6.5130648938780589e-01	   5.6404147016715411e-01	   7.3620309966267827e-01	   7.2778520520919099e-01	   7.5222144755221354e-01	   7.6028514427619753e-01	   5.3934269644883504e-01	   6.2962568823319121e-01	   6.9449381467651894e-01	   6.0814691126408205e-01	   6.7203602161962528e-01	   6.5090030429845191e-01	   7.4113280960002614e-01	   7.6341797892894725e-01	   6.5651383049205625e-01	   7.1468858081135900e-01	   7.7230946165789416e-01	   7.4365162188396949e-01	   7.8605249956524981e-01	   8.3473534105391556e-01	   7.4870500112485017e-01	   7.5431692864745292e-01	   6.3092536791103482e-01	   6.2595617815014148e-01	   8.2928651432807765e-01	   7.9259478163377173e-01	   7.4906949805691225e-01	   7.4284035201192378e-01	   8.5093907294793225e-01	   8.5542359940948320e-01	   3.8704601454008114e-01	   4.3333779515492588e-01	   6.1418674071367940e-01	   6.1871476520308000e-01	   7.1145621121899316e-01	   7.4634442376757226e-01	   7.4014561453904304e-01	   7.8319640221933740e-01	   5.7671937377393390e-01	   6.3846068707016024e-01	   2.9256701413951181e-01	   2.8869783479715838e-01	   5.1103148533731901e-01	   5.9207230942227929e-01	   8.4520340170771355e-02	   3.3994025884443513e-01	   5.9623860740792956e-01	   7.1167608894032319e-01	   7.1644468440471865e-01	   5.8352726027830626e-01	   4.2391101431349965e-01	   8.0547302845398600e-03	
   7.5815547842884035e-01	   7.7832068940151422e-01	   8.1627392896006679e-01	   8.0094824549450239e-01	   9.4114120570736315e-01	   0.0000000000000000e+00	   7.6179781529197310e-01	   8.0817613676326316e-01	   8.2544123063276953e-01	   9.4137521698423088e-01	   6.7973783132035359e-01	   6.8083656799989356e-01	   6.1561353999930024e-01	   6.8743360827605238e-01	   7.1866802616140291e-01	   8.0216587987608046e-01	   6.7753155983573432e-01	   6.8684829176914119e-01	   7.8918785718406304e-01	   7.7898667257957743e-01	   7.2075268447720764e-01	   6.7925166770850542e-01	   7.1623256942518898e-01	   7.2064481563592075e-01	   7.6435724863355925e-01	   7.3910932777152016e-01	   8.0720721789050209e-01	   6.7093396957041906e-01	   6.3747946455317506e-01	   6.6966308890974435e-01	   6.5427580624052895e-01	   5.9796676920825553e-01	   7.4212657591247322e-01	   7.4204732916933702e-01	   4.6612401846731183e-01	   5.5952106373372401e-01	   5.2676325589068673e-01	   3.3591445257188535e-01	   6.3865098583315438e-01	   6.0609867774432014e-01	   6.8544854302965719e-01	   6.7683841049309879e-01	   6.5385240634412722e-01	   6.2374285962078746e-01	   6.7770264461532004e-01	   6.7567742188068691e-01	   6.8272393590886438e-01	   6.4680185868936479e-01	   5.9566491073767658e-01	   6.4132992034199077e-01	   7.1221750511921933e-01	   6.8251689244835534e-01	   7.7669642258819582e-01	   7.7949005029445428e-01	   6.9784704250906981e-01	   6.5775708492484364e-01	   7.1592049152733739e-01	   6.9196925546136667e-01	   6.6158789732229417e-01	   6.5403035155370937e-01	   7.0702424293011079e-01	   6.8503914895351348e-01	   5.9306924394370175e-01	   6.7517637794398122e-01	   5.8869117331193976e-01	   5.6049468339784936e-01	   6.6829742010943194e-01	   6.9052604172851595e-01	   6.8981889380645522e-01	   7.1615106673991458e-01	   5.0254608458267080e-01	   6.6393379018674692e-01	   6.8917844103169978e-01	   6.0213521488863819e-01	   6.5083662784312235e-01	   6.3172414735812243e-01	   6.3926107565578805e-01	   7.1048706003513362e-01	   6.3868214183122374e-01	   6.9127620301754977e-01	   7.3253274528737899e-01	   7.1544746082199873e-01	   6.8273308125088905e-01	   7.7792054645264419e-01	   6.9861877713276244e-01	   7.3892853445774098e-01	   5.5561412988695280e-01	   6.1071810687940253e-01	   7.7474520060567509e-01	   7.6310134787197970e-01	   6.7540289030285772e-01	   6.3640291178076269e-01	   8.2338822458595473e-01	   7.8520822719378480e-01	   3.5635340804776827e-01	   4.2311685619328504e-01	   5.5852244416360086e-01	   5.5602468573122199e-01	   6.2305697422304418e-01	   6.5868621815296924e-01	   6.8491117234846954e-01	   7.1280053669087573e-01	   5.0628063456354422e-01	   5.7579061329629200e-01	   2.2946113490887368e-01	   2.2780297543527997e-01	   4.8658951431851449e-01	   5.5503415210188589e-01	   1.1611716460840041e-01	   3.1504548453633902e-01	   5.3198744408556498e-01	   6.3347925466253652e-01	   6.2209213328665081e-01	   4.7603013459507981e-01	   3.2239823600286527e-01	  -1.7262200257377836e-02	
   8.6199122501286962e-01	   8.4458556946493490e-01	   9.7340955128703666e-01	   9.3225181315644112e-01	   8.5866471630141672e-01	   7.6179781529197310e-01	   0.0000000000000000e+00	   9.4938290437909512e-01	   9.1644108572476468e-01	   8.6903787147568101e-01	   9.1174235722166586e-01	   8.9241567477109252e-01	   9.0662857363486582e-01	   8.7440723936942710e-01	   9.3282782885326110e-01	   9.1834232800592086e-01	   8.0822267179351082e-01	   7.6691928982804591e-01	   9.1829799298429160e-01	   9.0088697961226716e-01	   5.9794287457052919e-01	   4.3300676817749117e-01	   9.1283018558894669e-01	   9.0092105841060244e-01	   7.0737804895046674e-01	   7.0434669463679256e-01	   6.3495694281529214e-01	   4.9933233198334159e-01	   8.4015744671102621e-01	   8.3669460045883759e-01	   8.8136790224847861e-01	   8.3701786471631046e-01	   9.0892773674425009e-01	   9.1522337670206433e-01	   6.1257036818576371e-01	   6.3195507861497902e-01	   5.4941205439772545e-01	   3.7173713741977765e-01	   8.3368306184333663e-01	   7.6506379575052619e-01	   7.9878281610184421e-01	   7.8462089940056556e-01	   6.4095172039745885e-01	   6.4229882507385294e-01	   6.1263593611805645e-01	   6.3234420462257834e-01	   6.9621183432824929e-01	   6.6840512278388864e-01	   5.4949459697948422e-01	   6.2154048536529694e-01	   7.4090422774907272e-01	   6.3106754974637203e-01	   7.7526470591940821e-01	   7.5805859893629213e-01	   8.3997848484913140e-01	   7.8078474736926839e-01	   8.4302083870791511e-01	   8.1314011812625442e-01	   7.9592569371130928e-01	   6.8929410908286992e-01	   9.2216014410082181e-01	   8.3665793790646903e-01	   8.2142750927672492e-01	   9.0509993238408670e-01	   8.3661893823824462e-01	   7.1942465429224600e-01	   7.6739875623226883e-01	   7.4960768580935944e-01	   7.9507971238235065e-01	   7.9785409488216574e-01	   4.3733269453685275e-01	   5.2246893129665739e-01	   7.9727058014513164e-01	   7.8007305281322004e-01	   8.4692107256100546e-01	   8.2603767046677234e-01	   8.2788378325916900e-01	   7.6298193899232525e-01	   7.3195458622727483e-01	   8.3590947801910753e-01	   8.5372670298315623e-01	   8.6199836475372638e-01	   9.1567890012696851e-01	   8.8381128896539218e-01	   8.7903411999385428e-01	   8.9094652984126377e-01	   8.0133648746791231e-01	   7.3769819466934394e-01	   9.0757932910504968e-01	   8.9166420834336191e-01	   6.3588021080373336e-01	   6.2320077021576314e-01	   7.7513914521708416e-01	   8.0324626211784045e-01	   5.5461171130787879e-01	   5.2002250617449197e-01	   6.9879913924489612e-01	   7.3571959961697042e-01	   6.8762232870926421e-01	   7.3749530093925231e-01	   7.6233360834932073e-01	   7.2991737493881803e-01	   5.5324507415369739e-01	   5.6581737250170239e-01	   1.0309296509233307e-01	   1.2444250351372760e-01	   3.8242537715873060e-01	   6.0637094330402919e-01	   1.0017648819026287e-01	   5.3894489818017188e-01	   6.4877798328626479e-01	   6.4588711072557081e-01	   6.3003946969046098e-01	   6.4091637946014290e-01	   4.6068982044458373e-01	  -1.7133432390043959e-01	
   8.3867798169647800e-01	   8.5736779863621848e-01	   9.4769152163414727e-01	   9.6799246025410368e-01	   8.3330743374407945e-01	   8.0817613676326316e-01	   9.4938290437909512e-01	   0.0000000000000000e+00	   8.7359771915471973e-01	   9.0853007843239575e-01	   8.5004067177897347e-01	   9.0108693245816651e-01	   8.3032940177540704e-01	   8.7764737658931513e-01	   8.7124234528268008e-01	   9.1082419981350315e-01	   8.0359913753397594e-01	   7.8300933363718150e-01	   9.0607089646039707e-01	   9.0730582809573934e-01	   5.8962786042441462e-01	   4.5203867334767556e-01	   8.5903218182715690e-01	   8.8582746011271585e-01	   6.7439561106152390e-01	   6.9776563524388524e-01	   6.2348038666084782e-01	   4.9822384430226363e-01	   8.2086704272166444e-01	   8.4295135647449049e-01	   8.5110052656143731e-01	   8.2221265975572999e-01	   9.1863472195877505e-01	   9.2812487102795427e-01	   5.6095560741125505e-01	   6.3933410063853802e-01	   4.8155344286050983e-01	   3.0466055588632812e-01	   8.0598191095525096e-01	   7.6463243454293084e-01	   7.8499964463051097e-01	   7.7794399457886654e-01	   6.4822031177110462e-01	   6.6954332746984679e-01	   6.1095656436730394e-01	   6.5545184975944049e-01	   6.9093671180749150e-01	   6.5264443284429008e-01	   5.5494478848071738e-01	   6.4585034163706900e-01	   7.5736106171811968e-01	   6.6673706436427738e-01	   7.7431906627763980e-01	   7.5666057815698462e-01	   8.0936775114916415e-01	   7.7994778075858207e-01	   8.2508755784755450e-01	   8.3617972166614485e-01	   7.7090661500094626e-01	   7.2599192311425098e-01	   9.0171217800558201e-01	   8.9007729855579021e-01	   7.9546292027530530e-01	   9.3392683148390221e-01	   7.7833795011391937e-01	   7.4870594980703542e-01	   7.6024025405835771e-01	   7.8441334302532306e-01	   7.7770315137250590e-01	   8.0335323168649397e-01	   3.8382857390559444e-01	   5.1704412983015491e-01	   8.2024078080638785e-01	   8.1836066280357533e-01	   8.6673747995613049e-01	   8.5586071470180414e-01	   7.7509442072885415e-01	   7.4834566678384218e-01	   7.4662094551529012e-01	   8.5264533272654264e-01	   8.5503405330015292e-01	   8.6260567071369620e-01	   8.6605914182665356e-01	   8.7054269765445769e-01	   8.3971202370641640e-01	   8.8728981196285583e-01	   7.5828305637471183e-01	   7.2994160398468166e-01	   8.6947539644033411e-01	   8.8746077711744609e-01	   5.9290596122525052e-01	   5.4677507369716638e-01	   7.6128722858128139e-01	   7.4467708733664384e-01	   5.6511167199868939e-01	   5.4666783065515479e-01	   6.9009821074484479e-01	   7.2300266947692626e-01	   6.6892001857736350e-01	   7.1389006448330994e-01	   7.6203007019685187e-01	   6.8692955780471898e-01	   5.3259123650258744e-01	   5.3596506550358169e-01	   3.9020086093537749e-02	   4.7269422731864137e-02	   3.7084658649948532e-01	   5.8663271677757967e-01	   1.2289950317906992e-01	   5.5179153959103033e-01	   6.2676264429979511e-01	   6.2241142111211167e-01	   6.0012313070795065e-01	   5.9796102457623046e-01	   3.9856989996217801e-01	  -2.0753768723660243e-01	
   8.0531263354190341e-01	   8.0353746612455601e-01	   9.0462986091414344e-01	   8.5931756221193978e-01	   8.9834509440509680e-01	   8.2544123063276953e-01	   9.1644108572476468e-01	   8.7359771915471973e-01	   0.0000000000000000e+00	   9.1163185547064973e-01	   8.2629049149876754e-01	   8.3010325509918603e-01	   8.4103268176365154e-01	   8.1495001151720936e-01	   8.9227893497183086e-01	   8.9576442967551362e-01	   7.9253036246359887e-01	   7.7751753223841957e-01	   8.6120180526391887e-01	   8.4016204506065684e-01	   6.4562231296353934e-01	   5.2379529898612054e-01	   9.0750073415916988e-01	   8.9506476794766332e-01	   8.0405320221351584e-01	   8.0403689984611360e-01	   6.7899100915268318e-01	   5.7718688073635782e-01	   8.1628091517095513e-01	   8.2399898638777280e-01	   8.7950628218046056e-01	   8.3523104663348402e-01	   8.4048902073774800e-01	   8.5234851112469512e-01	   6.2180783395594164e-01	   6.3445183158968887e-01	   5.5306735199830304e-01	   3.4864155402503005e-01	   7.4874690712009895e-01	   6.7612795331860420e-01	   7.3153184873455046e-01	   7.1026586318670371e-01	   6.8172166885028707e-01	   6.6583524767792934e-01	   6.7663287464391653e-01	   6.7121688693569637e-01	   6.9898229707162862e-01	   6.7168122887947068e-01	   5.6742435156298887e-01	   6.2379437481376943e-01	   7.1076740533167848e-01	   6.3582473941934625e-01	   7.3951931040072227e-01	   7.4670268008516771e-01	   7.6246373509533116e-01	   7.2824599006762536e-01	   7.7508553898371202e-01	   7.4009441489861150e-01	   6.7072380878503668e-01	   5.9448482848650230e-01	   8.2385093848068625e-01	   7.6317372670795647e-01	   7.2230424760094269e-01	   8.1066837392425306e-01	   8.0487653626890476e-01	   6.2289879836564943e-01	   6.8943057253811724e-01	   6.8835473341391085e-01	   7.1461388941721493e-01	   7.2977025288899788e-01	   5.2569502825788417e-01	   6.4190153393904081e-01	   7.9528441534873417e-01	   7.6378016344584299e-01	   8.1348888225885441e-01	   7.9693862096860779e-01	   7.7594262424211391e-01	   7.5139244695316865e-01	   7.5649525936211659e-01	   8.1967049090623467e-01	   8.2990849261321464e-01	   8.4075015358231431e-01	   8.6065775237212028e-01	   8.4569074056921645e-01	   8.7099297717219326e-01	   8.5874819355533938e-01	   7.5414995916838323e-01	   6.9593201369109359e-01	   8.4648231041131261e-01	   8.3747760084101597e-01	   6.4392068814847703e-01	   6.3437783136899084e-01	   7.4995696301766701e-01	   7.7734802971507522e-01	   5.1252939833089606e-01	   4.8957333139524062e-01	   6.5593361943131057e-01	   6.7371867465970303e-01	   6.6696477396481590e-01	   7.2239300129262618e-01	   7.0461020269010688e-01	   6.7245648521433421e-01	   5.0238213017326505e-01	   5.4537501912489539e-01	   1.2375019550386999e-01	   1.1448983536308724e-01	   3.9240056230136894e-01	   5.2901972352840210e-01	   4.3763015994586124e-02	   4.5322479404878691e-01	   5.9056243778149597e-01	   6.2253643757548816e-01	   6.1315334880057559e-01	   6.1143676777621880e-01	   4.4682217266336965e-01	  -1.3029195432985216e-01	
   7.9973347521601579e-01	   8.1709552135722219e-01	   8.9680270806906859e-01	   8.9150731780029724e-01	   9.2306843316756992e-01	   9.4137521698423088e-01	   8.6903787147568101e-01	   9.0853007843239575e-01	   9.1163185547064973e-01	   0.0000000000000000e+00	   7.9056808534992340e-01	   8.1918204105763626e-01	   7.5630766578684738e-01	   8.2230480368894165e-01	   8.3115304065079676e-01	   8.9894229459283648e-01	   7.6703266416388893e-01	   7.6635613925781620e-01	   8.6590597114681211e-01	   8.6010388940611826e-01	   6.6452473624238317e-01	   5.7569618751415219e-01	   8.1196535934431191e-01	   8.2407493698517553e-01	   7.5587502946457563e-01	   7.5347020272764520e-01	   7.2176822634276017e-01	   5.7963378764173523e-01	   7.7382797406558879e-01	   8.0551170471041689e-01	   7.8601113271945555e-01	   7.3892348842257338e-01	   8.5174047560108201e-01	   8.5681117990571143e-01	   5.3880840416883824e-01	   6.0516370324348356e-01	   5.2410982059628197e-01	   3.4533051647532292e-01	   7.2597870844056123e-01	   6.8501846209982442e-01	   7.3011135470271971e-01	   7.3628991077386208e-01	   6.8646745251652608e-01	   6.8797044020526876e-01	   6.7386684074586789e-01	   6.9884873521096524e-01	   7.0691307867201170e-01	   6.7588463274699506e-01	   5.7891965855051253e-01	   6.5582306921341227e-01	   7.4664617700184244e-01	   6.8885917774693395e-01	   7.9438286115896650e-01	   7.9686004992934156e-01	   7.6961071321697161e-01	   7.4241832594018031e-01	   7.7910898744942436e-01	   7.7895685473956044e-01	   7.0572593541904771e-01	   6.6437901758273943e-01	   8.2577054243345493e-01	   8.0087804875966806e-01	   7.2451150861348612e-01	   8.2551256223570768e-01	   7.0225637874502711e-01	   6.3161029521086087e-01	   7.2105118702003757e-01	   7.4321592144554993e-01	   7.4619235712998333e-01	   7.7538626025272905e-01	   4.5927078121278508e-01	   6.3509357046188741e-01	   7.8005925846695501e-01	   7.3487427416484541e-01	   7.6017156696618748e-01	   7.6083906732346651e-01	   7.3161711265192064e-01	   7.5058566294537188e-01	   7.3470671486681338e-01	   7.9830768836511656e-01	   8.2193936558788938e-01	   8.1476975693455711e-01	   7.8215861835629741e-01	   8.4350305540919712e-01	   7.9692741666638200e-01	   8.3029115205655279e-01	   6.6510503373190999e-01	   6.8297878483335994e-01	   8.3035960487181348e-01	   8.3948729205956718e-01	   6.8727967059401429e-01	   6.4126588614288127e-01	   8.2050079405872467e-01	   7.9500824055937613e-01	   5.1473402926343637e-01	   5.3356083557352274e-01	   6.4048191568636126e-01	   6.4978688442951416e-01	   6.7291725230964783e-01	   7.1845802832687100e-01	   7.3851721375694845e-01	   7.1739362398073059e-01	   5.3205055890498043e-01	   5.8525369178423903e-01	   1.4337319178736624e-01	   1.4679718617845164e-01	   4.5393374733253966e-01	   5.8116222662471340e-01	   1.2668701143037359e-01	   4.6956932134412865e-01	   5.8909738265683043e-01	   6.5071342356588491e-01	   6.4367917375048522e-01	   5.4699664257290359e-01	   3.7518928831597420e-01	  -1.0449188700661842e-01	
   8.6929120960951345e-01	   8.3707216827931052e-01	   8.9443611302473236e-01	   8.3312768435511408e-01	   7.7041195261401840e-01	   6.7973783132035359e-01	   9.1174235722166586e-01	   8.5004067177897347e-01	   8.2629049149876754e-01	   7.9056808534992340e-01	   0.0000000000000000e+00	   9.3695978353344378e-01	   9.3383091165808407e-01	   9.0077259317938130e-01	   9.4799694585105465e-01	   9.3096822707673055e-01	   8.6008747446995981e-01	   7.9642691182587666e-01	   8.9413091382202481e-01	   8.8725336055077919e-01	   5.2856082727618181e-01	   3.5464378712004163e-01	   8.3360035047637937e-01	   7.9017187276428980e-01	   6.0185991140000583e-01	   5.9248860069959153e-01	   5.4903963664236199e-01	   4.2586801819468501e-01	   9.0042243192748050e-01	   8.7861520802190340e-01	   8.3351233669541747e-01	   7.8307903092612274e-01	   8.7866138008369621e-01	   8.8021985606761532e-01	   4.6869281482437197e-01	   4.9141574032827240e-01	   5.9229978690958562e-01	   4.6958288299572193e-01	   7.9443326058226138e-01	   7.3768800446676053e-01	   7.8878966833316322e-01	   7.8761588460145782e-01	   5.9820586881805704e-01	   5.9531006686966281e-01	   5.5149947911511221e-01	   5.7433857538608957e-01	   6.8050443710685626e-01	   6.5188841815939014e-01	   5.7494424696024404e-01	   6.3450357938770385e-01	   7.5639218398725316e-01	   6.5406366792408277e-01	   7.9079577991716477e-01	   7.5372443614719919e-01	   8.2636500775051380e-01	   7.8327852074313231e-01	   8.5024633323785470e-01	   8.3686099775223455e-01	   8.1164066331153184e-01	   7.0639283650180484e-01	   8.9893935586317419e-01	   7.4532284658246262e-01	   8.8069366749562517e-01	   8.6654105437245987e-01	   7.2202452876357304e-01	   6.0806307034500340e-01	   7.0914141876005621e-01	   6.8241983910356729e-01	   7.8617346418158418e-01	   7.7926550705314757e-01	   3.9223290693331059e-01	   5.0444160549599482e-01	   8.2100461810187086e-01	   7.8087927145531177e-01	   8.3247436474033076e-01	   7.9913849629821621e-01	   8.3037360711040420e-01	   7.8452069191205454e-01	   7.4694942847841950e-01	   8.3808326449619142e-01	   8.8230729558093590e-01	   8.7738856673448296e-01	   9.1268585266755331e-01	   8.8894380280910412e-01	   8.8207964598926902e-01	   8.6094803560761712e-01	   7.8808545925384554e-01	   7.6295946577773965e-01	   8.2190858373630105e-01	   8.4442391762483848e-01	   6.1379984488087791e-01	   6.2017508152676515e-01	   6.8162593174262354e-01	   7.5225710185109340e-01	   5.6513784952162816e-01	   5.3702917592888777e-01	   6.7993440603782551e-01	   7.3739913905002341e-01	   7.0517362120869975e-01	   7.4640221845511334e-01	   7.5567431223074433e-01	   7.0145354337261789e-01	   5.7302153954148027e-01	   5.7529838304620240e-01	   1.2534692763889391e-01	   1.1835923712147030e-01	   4.0858669211268744e-01	   5.9313415661189395e-01	   5.2682798643175419e-02	   5.3111579329887004e-01	   6.2920921022503318e-01	   6.4634935294531504e-01	   6.1539789960214963e-01	   6.2194344673860602e-01	   4.3805399986513649e-01	  -1.2370742027244253e-01	
   8.3307459321257260e-01	   8.4223697568301148e-01	   8.8098446466447644e-01	   8.7330964994574134e-01	   7.3085466808010890e-01	   6.8083656799989356e-01	   8.9241567477109252e-01	   9.0108693245816651e-01	   8.3010325509918603e-01	   8.1918204105763626e-01	   9.3695978353344378e-01	   0.0000000000000000e+00	   9.1069512389871565e-01	   9.5723577287036199e-01	   9.2167362433228150e-01	   9.3757103334526759e-01	   8.6856187391910866e-01	   8.4060694608254827e-01	   8.7393418485912200e-01	   8.7823212091084890e-01	   4.8495183836267547e-01	   3.3627789642628597e-01	   8.1659172312211825e-01	   8.0171396823137719e-01	   5.7448780890782070e-01	   6.0239352245596534e-01	   4.8332237485573171e-01	   3.8250291898239686e-01	   9.1359235027055119e-01	   9.1637984009579077e-01	   8.6508557498283434e-01	   8.3491157244898528e-01	   8.9892900984774471e-01	   9.1010472623362804e-01	   4.7877347574960427e-01	   5.3515913235142776e-01	   4.8171009291005468e-01	   3.5522182983339989e-01	   7.5504878582061208e-01	   7.1989677393837581e-01	   7.6066966201888486e-01	   7.6642054212279676e-01	   6.0942282839196793e-01	   6.3685863370707541e-01	   5.6943650777024812e-01	   6.1222870386952233e-01	   6.7638365410824552e-01	   6.3378254059836903e-01	   5.6363080456726489e-01	   6.5591760862096860e-01	   7.4940214333271959e-01	   6.7245247195506896e-01	   7.4639803285723305e-01	   7.1728126437275286e-01	   7.9220154924543218e-01	   7.9209053784355588e-01	   8.2364696849611985e-01	   8.5411075647186152e-01	   7.7056310063019962e-01	   7.0132629351040809e-01	   9.0924804390191827e-01	   8.3768665594303737e-01	   8.5514786258487296e-01	   9.2070804130430162e-01	   7.1836210959864832e-01	   6.5883598696088796e-01	   6.8862325181872253e-01	   7.1066340167544295e-01	   7.2822410902325396e-01	   7.5445656969678287e-01	   3.6288178108230074e-01	   5.0860206144799669e-01	   8.7423468335730337e-01	   8.7282181192810793e-01	   9.0312957172358177e-01	   8.8967599273344489e-01	   7.8158753839221284e-01	   7.4395518310631392e-01	   7.9896131643355273e-01	   8.9627831891421350e-01	   9.0466573060166877e-01	   9.1781129546162432e-01	   8.7560718306274277e-01	   8.6149755539466344e-01	   8.7138003778086215e-01	   8.6961361538075366e-01	   7.7013734753395235e-01	   7.3805973062020336e-01	   7.7941624942525789e-01	   8.4115529917851650e-01	   5.4229757292296044e-01	   5.1975818461026768e-01	   6.2539578684636810e-01	   6.6237830037347334e-01	   6.0465644512305550e-01	   5.3182185862902376e-01	   6.9075798462764215e-01	   7.5502180886149795e-01	   6.7528987076246749e-01	   7.3810026255447791e-01	   7.3769217714821411e-01	   6.1406845796252962e-01	   5.2175277325690028e-01	   4.8234442104848996e-01	  -1.1782500004985721e-02	  -3.0749374105926194e-02	   3.3285731464390028e-01	   5.1581930050880986e-01	   4.3396585447185054e-02	   5.9030228505372273e-01	   6.2563459218732187e-01	   6.0913238966672556e-01	   5.5482648117270394e-01	   5.9067353132315836e-01	   3.8191970845499590e-01	  -2.1868475560209066e-01	
   7.5298453199606452e-01	   7.4504617201938383e-01	   8.5112871179535921e-01	   8.1153832472552645e-01	   7.0441828688904984e-01	   6.1561353999930024e-01	   9.0662857363486582e-01	   8.3032940177540704e-01	   8.4103268176365154e-01	   7.5630766578684738e-01	   9.3383091165808407e-01	   9.1069512389871565e-01	   0.0000000000000000e+00	   9.3403992325469087e-01	   9.3021759120870562e-01	   9.0386625766220918e-01	   7.6949550529498123e-01	   7.2590661742759743e-01	   8.0617601774268532e-01	   8.0613300006169286e-01	   4.6153570898118135e-01	   3.0497127555842507e-01	   9.0075895202705525e-01	   8.3968022746985804e-01	   6.3974379596988462e-01	   6.3643678184008246e-01	   5.4957466916666753e-01	   4.6753193139776050e-01	   8.3737613566757219e-01	   8.2955603450877435e-01	   8.6775636058646133e-01	   8.4129237615906494e-01	   8.2205260998649732e-01	   8.3706528716159023e-01	   6.0601734651051209e-01	   5.4458186427611688e-01	   5.0034340829765311e-01	   3.4236193962839823e-01	   7.6469850487699276e-01	   6.8251413548018758e-01	   7.1453773793409558e-01	   7.0541827159675174e-01	   5.2043853014779939e-01	   5.4476194580885262e-01	   4.9103478320000754e-01	   4.9643540194220581e-01	   5.7466374934026909e-01	   5.4524720900542500e-01	   4.5961980926439799e-01	   5.3656370924631569e-01	   6.3401920185326610e-01	   5.4306202362287137e-01	   6.6076285794421119e-01	   6.4666675046561006e-01	   7.5328387751666337e-01	   6.9945795561858204e-01	   7.3059900680705914e-01	   7.2981551600424122e-01	   7.1195218421250661e-01	   6.1548635423389098e-01	   8.8455376473478453e-01	   7.8284403683038617e-01	   7.6682190562023944e-01	   8.2074122739242694e-01	   8.5136887593330135e-01	   6.6156882819356944e-01	   6.2003999719532132e-01	   6.0409777979852808e-01	   6.8222494996869942e-01	   6.9132738421669770e-01	   3.6013770434062087e-01	   4.7254670610044791e-01	   7.6848889392942477e-01	   7.7299658417640860e-01	   8.2754679923756891e-01	   8.0866461313985616e-01	   7.4441689353372564e-01	   6.4006422529303286e-01	   7.0569625268199920e-01	   8.0271432283076560e-01	   7.9999068359932080e-01	   8.3928364111763742e-01	   8.6458409050262497e-01	   7.9067981167803092e-01	   9.0087707773176984e-01	   8.6275507363832338e-01	   7.8193020694564830e-01	   7.0604019761109871e-01	   8.1166461466856421e-01	   7.9461663650983483e-01	   4.9918925959351301e-01	   5.0049206566953086e-01	   5.9783826552002994e-01	   6.7011478259874135e-01	   5.3202687227076439e-01	   4.4868828613593736e-01	   6.1100372796406366e-01	   6.5153207006127800e-01	   5.7052114388575781e-01	   6.3020645408007703e-01	   6.3858252908229529e-01	   5.7478291029484863e-01	   4.2000342804263169e-01	   4.1541889488758377e-01	   1.4449918635821457e-02	   4.2938339064738172e-02	   3.2714092171978537e-01	   5.1359199795152821e-01	  -3.0257687948939297e-02	   4.8223014519270718e-01	   5.3599385951540279e-01	   5.0522450976078559e-01	   4.7993276746917646e-01	   5.6457820384662316e-01	   4.2505885636100210e-01	  -1.7431265715206165e-01	
