   0.0000000000000000e+00	   7.8753652844076905e-01	   4.2192947795161839e-01	   1.9283287293834186e-01	   4.1942642996937873e-01	   2.3850753095832833e-01	   4.0642345953704817e-01	   1.1402748380661533e-01	   5.4084975016234094e-01	   4.2216114485195200e-01	   6.2491478844280191e-01	   4.8739047128925861e-01	   5.3729895444983300e-01	   4.4229353675077210e-01	   5.8813148548855865e-01	   4.7931641765325661e-01	   3.0695587585285566e-01	   2.8528425169793914e-01	   7.6271492470310887e-01	   6.9213462859117192e-01	   1.1906868448258019e-01	   2.0839863561093902e-01	   1.4184997859363682e-01	   1.0072417240075876e-02	   2.8300548816874611e-02	  -6.3511391441952267e-02	   2.8517145343289030e-01	   2.7749643178100991e-01	   3.7609239391143046e-01	   2.2723354962545808e-01	   4.4607604479254229e-02	  -8.7112734836142514e-02	   2.4277494313207693e-01	   7.1005154841926266e-02	  -4.8315190830031218e-02	  -9.1584967004532544e-02	   6.9660016833456961e-02	   1.9554166331996395e-01	   3.5013697936171329e-01	   4.1715983647666921e-01	   3.5833275759930067e-01	   5.5173261704181598e-01	   2.7299537159361864e-01	   2.6596098585748518e-01	   8.7396288021093962e-02	   1.5800590890188976e-01	   3.3838636495700619e-01	   4.1361001255967722e-01	   4.8474977381238293e-01	   4.5610294997992495e-01	   5.5287326198045439e-01	   4.8766278325063295e-01	   6.1198019919018842e-01	   4.3007593300074554e-01	   6.1669654422950848e-01	   6.0843453346106680e-01	   7.5658478940256402e-01	   7.0289795061873805e-01	   7.3598429840176016e-01	   6.1695644433944197e-01	   6.8265535895241558e-01	   2.9910224010570885e-01	   3.9833157789237161e-01	   3.2864240914713327e-01	   1.6505628630313252e-01	  -2.9998349511407316e-02	   3.3456034174753635e-01	   1.2963588083457175e-01	   6.1254152592903865e-01	   4.5923466661534762e-01	   3.3340791816394810e-01	   3.3446520804264535e-01	   6.6200838101043535e-01	   4.6104918185572263e-01	   5.7704999035331483e-01	   4.6858665928656995e-01	   3.9339009633713862e-01	   5.2070293377725352e-01	   1.9587507417738015e-01	   4.8095569502926749e-01	   3.7934772622284108e-01	   4.0601562978373917e-01	   5.4189685490378592e-01	   4.4972700662586229e-01	   3.1838195238758549e-01	   2.1793296522105077e-01	   2.8349817764555063e-01	   2.8845949909882085e-01	   6.1785143277026422e-01	   6.0296909060695492e-01	   5.2613653771708768e-01	   4.0123586985046611e-01	   2.1459581811333001e-01	   4.0678833383151219e-01	   2.8376215617682922e-02	  -8.2283777801472405e-02	   3.4728665879003529e-01	   3.4720481582888979e-01	   5.3686299361645973e-01	   5.9045842215314315e-01	   4.0487115868270068e-01	   4.6170707440941650e-01	   3.5774831335210022e-01	   4.2045526565797764e-01	   1.4764532582727047e-01	   5.6255252932025289e-02	   4.2059201039670507e-01	   4.8330385497892092e-01	  -2.2880561703386890e-01	  -7.5947187881486591e-02	   2.5438485978116093e-01	   4.5911462737538677e-01	   3.1954415706435124e-01	   1.6573276046152591e-01	   8.1286339479940961e-03	  -1.2800458569701190e-01	
   7.8753652844076905e-01	   0.0000000000000000e+00	   7.6621127716329632e-02	  -4.0678849885285945e-02	   2.0844850251714311e-01	   9.8191368770227633e-02	   3.3966024383229716e-02	  -1.1219041011398168e-01	   3.0879112265824926e-01	   2.0624548002611026e-01	   4.2876328159285637e-01	   4.1613772649178693e-01	   3.7445078935213655e-01	   4.4678108878964662e-01	   3.9003950486187078e-01	   3.4381614569651603e-01	   5.3868645220773770e-01	   5.3571730463603462e-01	   5.7277326420870744e-01	   6.4223028675470462e-01	   1.3615871192806514e-01	   1.9773046975968192e-01	  -6.6300907514591167e-02	  -1.4247549781321250e-01	  -6.2606401353392155e-02	  -1.0384161415305410e-01	   1.7881128024947623e-01	   1.6985481747285264e-01	   4.5244252784381334e-01	   3.9688924524596431e-01	  -5.2492838988791854e-02	  -1.2503327360549599e-01	   1.4327440040275793e-01	   5.0184744374033793e-02	  -2.5114087061985219e-01	  -3.0664563054589061e-01	   2.3631817151410198e-01	   3.1564382607126668e-01	   3.6265368215026461e-01	   4.0221916398502422e-01	   5.3677673944740667e-01	   6.4477922316087410e-01	   3.9961400197864627e-01	   3.7948246588500867e-01	   1.8092966524653267e-01	   2.6018897555996046e-01	   4.7285292285734909e-01	   5.2652104730674676e-01	   4.7873373096049643e-01	   4.7669248427860489e-01	   5.2326288384590502e-01	   4.2734235576595742e-01	   5.6571944519288631e-01	   4.3060019406888261e-01	   6.1981010019324878e-01	   6.2662829632219263e-01	   7.4258833722140971e-01	   8.8411282929356527e-01	   4.9970484435675144e-01	   5.0673790243361894e-01	   4.5536070029385955e-01	   1.6709465093564529e-01	   5.2454760475669016e-01	   5.7339250985527235e-01	  -1.2542008359062090e-01	  -2.2705851511008390e-01	   9.3248387378271014e-02	  -2.5991530977146932e-02	   4.9035850627125771e-01	   3.9472986242527230e-01	   1.3399579278157187e-01	   3.7900109768649312e-02	   5.4147691654754004e-01	   4.8518816725896891e-01	   3.6027621030671175e-01	   3.6000206026388637e-01	   2.2467427117259475e-01	   3.6010545827325824e-01	   3.0148446760401310e-01	   4.5412117290888787e-01	   4.0516623472804097e-01	   4.3617292631698684e-01	   4.4696405344430423e-01	   4.4978827419344225e-01	   1.2624311521603368e-01	   6.2839354912631012e-02	   1.2713569176521253e-01	   8.9065023527016091e-02	   3.8972021280263958e-01	   4.5985288951594872e-01	   5.9089348255316054e-01	   4.3253662837828366e-01	   8.4901542178624154e-02	   2.1542216479009285e-01	   6.0891530344543955e-02	  -3.8543757428975993e-04	   4.0719465213887140e-01	   3.9318732067941192e-01	   7.5167655708422210e-01	   7.0961063931064494e-01	   3.1355265651587683e-01	   2.8782609003082915e-01	   5.1140525864475939e-01	   5.0527237665270119e-01	   2.5965952528469616e-01	   1.8195492152563589e-01	   5.3352065026134143e-01	   5.2781461573687483e-01	  -1.4212647480735449e-01	  -1.7256181492370851e-01	   2.6844161116289766e-01	   5.7939593935624312e-01	   4.6072507067058766e-01	   2.2345020804083876e-01	   5.4134872315068319e-02	   9.5094317257603062e-02	
   4.2192947795161839e-01	   7.6621127716329632e-02	   0.0000000000000000e+00	   7.2106824779745948e-01	   6.3987376202127422e-01	   4.4002078973465897e-01	   7.8727824919007694e-01	   3.6848011680886616e-01	   5.4858357700016380e-01	   4.1286159214644380e-01	   3.6925157147523729e-01	   1.0424701243749768e-01	   3.8118460247748964e-01	   1.2315093416508804e-01	   7.4658182325864941e-01	   5.1148495297747643e-01	  -1.5426382967684257e-01	  -2.2409692563283448e-01	   6.1106606023776067e-01	   3.6113016744586823e-01	   3.5236764893933464e-01	   3.8779175377120606e-01	   8.5942802592780132e-01	   6.8334490036178219e-01	   6.3455923924258839e-01	   5.0682534864249240e-01	   6.3850265071427370e-01	   6.3115502245414845e-01	   1.0502880185214769e-01	  -1.9570012778659227e-01	   6.4923629371633818e-01	   4.8262704758545572e-01	   5.6314798299152335e-01	   4.3995955976218570e-01	   5.9243984662946492e-01	   4.1433200471301945e-01	  -1.9364547599015666e-02	   1.2126875563118183e-01	   3.1972628653089830e-01	   3.3693534988455875e-01	  -8.1662121598860909e-02	   4.8111375241402812e-02	  -5.7108256592617833e-03	   3.6629793291046986e-02	   1.3286855889556675e-02	   8.9844472190471827e-02	   9.8362382562839756e-03	   9.1652824102348235e-02	   2.9230514960050380e-01	   2.6257854653032192e-01	   3.8891690452893390e-01	   4.4581912558513981e-01	   4.1652717464438621e-01	   4.5462321346902035e-01	   2.8876570583365446e-01	   3.0940044859386173e-01	   1.0496178948728109e-01	   7.9597449864637435e-03	   5.8527903159922390e-01	   3.5992974558785340e-01	   2.8842796572504148e-01	   8.9620186360736515e-02	  -1.9548207334135803e-01	  -3.1240351228685770e-01	   8.1367926000058910e-01	   5.2789585932126837e-01	   5.4139908387362146e-01	   3.6365667766137538e-01	   4.8290649026536270e-01	   4.0210645673755291e-01	   5.0983043610668954e-01	   5.8028755112547048e-01	   3.0311796979210659e-01	   1.8108412835485710e-01	   3.7243236636051713e-01	   2.9843652892660810e-01	   3.7581608761909591e-01	   4.9807658424726897e-01	   1.3050175964703278e-01	   3.5946277158151874e-01	   1.1755684049709310e-01	   3.0620406925647348e-01	   5.0889634558767960e-01	   2.4980194885287862e-01	   7.5536072832619117e-01	   6.6053189277616087e-01	   6.0449609097038248e-01	   6.1147965604405263e-01	   8.1309655302666184e-01	   5.9950524492431456e-01	   2.9420982302060500e-01	   3.6660440432906594e-01	   4.8101119912361334e-01	   7.4091511253924558e-01	  -1.1646337664162325e-02	  -2.7231677664065479e-01	   1.1831221877006418e-01	   1.3157317721694797e-01	  -3.8439598029177971e-02	   9.1908767763781887e-02	   2.4401099843171795e-01	   5.3338061259316760e-01	  -1.5916150168714938e-01	  -6.2780691639420017e-02	   1.5448384915041738e-01	   7.9070126968640950e-02	   1.9715634821827765e-02	   1.2066697858229172e-01	  -2.9097226098022283e-01	  -5.0387344669615780e-02	   2.5762351264302918e-01	   1.8850769816799912e-01	   2.4665324315904250e-02	   1.0141816788347177e-01	   2.1506296030765487e-01	  -2.3610518389740648e-01	
   1.9283287293834186e-01	  -4.0678849885285945e-02	   7.2106824779745948e-01	   0.0000000000000000e+00	   4.2576806970690251e-01	   5.7803862732555900e-01	   5.4987501580627685e-01	   6.5998259007081583e-01	   2.5427800791032723e-01	   4.5096874819187849e-01	   6.4764466372192978e-02	   1.3597547492221984e-01	   5.7258842658889267e-02	   7.0135605507819748e-02	   4.2266248165211789e-01	   6.1240165297101457e-01	  -1.9009079617337005e-01	  -2.3765148218173457e-01	   3.8359585459556195e-01	   3.6325058508992419e-01	   1.7782238486338686e-01	   3.0153705761505734e-01	   7.4933767553907371e-01	   8.6972750976864777e-01	   5.5761291718077222e-01	   6.3856310143046824e-01	   5.0226477106051803e-01	   5.9466178285633908e-01	  -1.9881476601791964e-01	  -2.1248222832931640e-01	   4.9878323173174610e-01	   5.7209595778111566e-01	   5.4085676176610642e-01	   5.6699982306958396e-01	   6.5918490867003299e-01	   6.5460646140581957e-01	  -2.0533429119277283e-01	   6.6248015597475507e-02	   1.0039583460416632e-01	   2.2760901653638996e-01	  -1.8356377020128137e-01	   2.9791881307365065e-03	   1.4026766642183162e-02	  -5.0445587513306356e-02	   1.6448221395041754e-01	   2.0107605231189141e-01	  -7.5054346185707277e-02	  -1.0856901490450174e-02	   1.9413633740124539e-01	   9.7501949692582079e-02	   2.3090873438445036e-01	   2.1519785183953616e-01	   2.3886193768520880e-01	   2.1265504328215767e-01	   1.1623963158827177e-01	   9.1245467504110056e-02	   6.8720909152458612e-02	  -2.5123680481398524e-02	   3.3543465038827647e-01	   2.4466199676909961e-01	   2.6098007407492744e-02	   1.7491468092005091e-01	  -2.1198366650853429e-01	  -3.6922084669670829e-01	   7.8436219681370889e-01	   8.1664264659519326e-01	   5.4069762759897555e-01	   5.6037137406637305e-01	   4.4340091898079159e-01	   4.5355448051442998e-01	   2.5405588802222262e-01	   4.9865777210860451e-01	   4.3309841125306905e-02	   1.3014221962869355e-01	   2.7435881947427593e-01	   3.1499673679079254e-01	   2.3607609657325607e-01	   4.4098002129213332e-01	   1.8492565628225024e-01	   2.9340434348394229e-01	   8.4828404737644247e-02	   2.5715854321317522e-01	   2.9581018617605997e-01	   3.4466436601812378e-01	   7.1014596862292001e-01	   8.0747489551297968e-01	   5.4801955113386258e-01	   7.7511156511084889e-01	   6.3670795399164581e-01	   4.8752371225842855e-01	   3.4895625531484820e-01	   2.6713898307552320e-01	   8.0045906705132930e-01	   6.6714357002083213e-01	  -4.6359122283647705e-02	  -3.0279635697236040e-01	   3.5114129362528959e-02	  -4.5769363044542684e-03	  -7.1547292539185264e-02	  -2.6430342664814178e-02	   5.1100539128885436e-01	   4.2301032211940248e-01	   2.7069717789224793e-03	  -6.4644514290664437e-02	   2.9559519200925566e-01	   1.5715730455459698e-01	   8.2344949610440477e-02	   1.0894239955245963e-01	  -3.2317058815938787e-01	  -1.1047741236528145e-01	   1.5727300478654163e-01	   1.9605721159106107e-01	   6.9927556518159351e-02	   1.9810669893236804e-01	   3.3781276596138748e-01	  -1.3538905598987547e-01	
   4.1942642996937873e-01	   2.0844850251714311e-01	   6.3987376202127422e-01	   4.2576806970690251e-01	   0.0000000000000000e+00	   8.2491324459052429e-01	   6.4776968508621258e-01	   3.8857518226224463e-01	   7.8205400870382225e-01	   6.0799247979705517e-01	   3.2109344650403260e-01	   2.4599404673175601e-01	   3.1354029976004222e-01	   1.0968104146787086e-01	   6.9065946359283859e-01	   5.1229587668477483e-01	  -1.0872624237116744e-01	  -6.2668498612713994e-02	   5.1811301710529378e-01	   3.6480697688247732e-01	   5.0247901535198958e-01	   5.8876810084984688e-01	   4.8053023728210020e-01	   3.1752304823521327e-01	   5.7536861050936561e-01	   4.7135871710144350e-01	   6.6855600733926135e-01	   7.1017029781183649e-01	   3.2864316378499536e-01	   1.6988373129698972e-01	   5.2888660954762856e-01	   3.7316380250205511e-01	   3.9866260426309508e-01	   2.9495136643586228e-01	   2.7435028895059582e-01	   1.7853613099374552e-01	  -5.6054680258921227e-02	   8.9085657901832205e-02	   4.2025585898018769e-01	   3.2521692275454184e-01	  -1.0668635024818287e-02	   1.5455016524110876e-01	   1.0852697571538608e-01	   1.8791822360039043e-02	   2.3709657210906249e-01	   2.1778479176008370e-01	   8.4867956274306655e-02	   1.0645184435681129e-01	   5.1375457618911735e-01	   4.0227483274772546e-01	   5.0272305561566666e-01	   4.6988590908067895e-01	   5.2328034613641816e-01	   4.8251128771926466e-01	   4.2013720520810316e-01	   3.5942851475023374e-01	   8.2381376896342159e-02	   1.1024414948293182e-01	   6.2571661006704804e-01	   5.6374227496157214e-01	   4.5105511900819939e-01	   3.7022733597146568e-01	  -8.3765333578333739e-02	  -5.8698242887182478e-02	   4.8822392171947249e-01	   3.0552337274717145e-01	   6.1354561332807767e-01	   4.8260956122320253e-01	   4.1788488142310376e-01	   4.8365211014571646e-01	   5.3446696989629516e-01	   5.6730442667399172e-01	   2.8986962894846435e-01	   2.1801680545771551e-01	   1.7641416163338641e-01	   2.4408424364745429e-01	   9.2522750776822163e-02	   2.7385171596142371e-01	   1.2101241631745908e-01	   1.8991873705146273e-01	  -2.1380495405639757e-02	   1.3401346724001004e-01	   3.8328632728794221e-01	   2.5341643101279254e-01	   4.7376163843436470e-01	   4.0944428045860648e-01	   2.8159386579861123e-01	   2.5256528662945227e-01	   7.4030344287420669e-01	   7.0136409028457136e-01	   4.0001956811090378e-01	   4.7805640444484726e-01	   3.4637824686144714e-01	   5.7071010084849738e-01	  -2.9366637290463837e-01	  -3.9103424295056288e-01	  -6.6894670828611886e-03	   1.0270541099207806e-01	   1.3008193405284288e-01	   1.8859122102418721e-01	   2.8329054228620754e-01	   5.2618257247739131e-01	  -6.7170213823748767e-03	   1.5340930021605292e-01	   2.3032948849687962e-01	   2.4695377654022624e-01	   1.4707871829276545e-01	   2.9736210650230055e-01	  -3.9512517917309131e-01	  -2.5221983773022977e-01	   2.4481171344068309e-01	   2.0521148730836042e-01	   1.6405807393813260e-01	  -1.8332801006579191e-01	  -3.4710058520492436e-02	  -2.5075232531827396e-01	
   2.3850753095832833e-01	   9.8191368770227633e-02	   4.4002078973465897e-01	   5.7803862732555900e-01	   8.2491324459052429e-01	   0.0000000000000000e+00	   4.7903596850729424e-01	   6.3143323689162767e-01	   5.0646917552387649e-01	   6.7072100321783745e-01	   1.4108128535235784e-01	   3.2475587796444449e-01	   1.5691019054381686e-01	   1.2295987013120738e-01	   4.9357025924614661e-01	   5.8938316342052488e-01	  -1.6116546579050145e-01	  -9.0083026883040040e-02	   3.2219542161080134e-01	   3.2289650958943794e-01	   3.9007504206283572e-01	   5.6587817750922342e-01	   4.0824554041950734e-01	   4.5041232673275272e-01	   5.3456098858189838e-01	   5.5839865887271156e-01	   5.9181799577419769e-01	   6.7838345384509824e-01	   1.3404667720140900e-01	   1.9807305310651577e-01	   3.8527447099279433e-01	   4.1179819432634363e-01	   3.2312022263413698e-01	   3.3634333264014848e-01	   3.1754911883536002e-01	   3.0291223689577912e-01	  -1.9565833099487862e-01	   3.1075427885906570e-02	   2.3865661408245606e-01	   2.1914798438981864e-01	  -1.1319790205407858e-01	   1.2621852900705996e-01	   8.8403910613481906e-02	  -6.6334913376300667e-02	   2.8690584321273194e-01	   2.5352936177621621e-01	   2.9264352495819691e-02	   1.4084341333588962e-02	   3.7741481665912957e-01	   2.4937426810964436e-01	   3.6756141636913831e-01	   3.0028494372952547e-01	   3.8302560091827420e-01	   3.2140923720991560e-01	   2.5631875121826408e-01	   1.5572395820555235e-01	   1.8425304692075220e-02	   4.3545413710272818e-02	   3.8388676681186473e-01	   4.4754172823114446e-01	   2.8422330191746298e-01	   4.8960525232797392e-01	  -1.0173412784063093e-01	  -7.4028608290352002e-02	   4.6747278249700663e-01	   4.8238090026051350e-01	   5.0772002282640483e-01	   5.3551644883526006e-01	   3.4428309965275206e-01	   4.4255166584817845e-01	   3.7941001170070271e-01	   5.4059750211948465e-01	   1.1009695977758215e-01	   2.1378966689301346e-01	   1.1135486695291635e-01	   2.8774411724297488e-01	   6.1771053916614936e-03	   2.3255820828682122e-01	   1.4377816898023291e-01	   1.2959128136809234e-01	  -7.7146802193966607e-02	   7.0359612255113849e-02	   2.5013863262203073e-01	   3.4041881825224501e-01	   4.6298051647765204e-01	   4.9191651478578180e-01	   3.0415294958491834e-01	   3.6278840655712846e-01	   6.0349169109323686e-01	   5.8891678568862704e-01	   3.6680551155018470e-01	   3.0269953913397085e-01	   5.1925594487641780e-01	   4.5024200239997531e-01	  -3.3484266232075854e-01	  -4.2486927443257178e-01	  -1.0919031304173366e-01	   1.3990304911392807e-02	   4.9903194505615166e-02	   3.7446689174242140e-02	   4.0821952454403904e-01	   3.5024112279290109e-01	   4.4004310947774641e-02	   6.1465190371086643e-02	   2.6076764377595896e-01	   2.4600926957023020e-01	   7.1197292906100204e-02	   1.8795821782923433e-01	  -4.5360663504875121e-01	  -2.8802952408401977e-01	   1.6561123110338655e-01	   1.6278391039056248e-01	   1.6505963326335560e-01	  -1.2114797526480028e-01	   3.3985501185982486e-03	  -2.4046855135571893e-01	
   4.0642345953704817e-01	   3.3966024383229716e-02	   7.8727824919007694e-01	   5.4987501580627685e-01	   6.4776968508621258e-01	   4.7903596850729424e-01	   0.0000000000000000e+00	   6.7384087223773803e-01	   7.2914380987335536e-01	   6.1343751580952721e-01	   5.1865913155381471e-01	   4.6650827668816425e-01	   5.8558871234788823e-01	   3.5413243142386863e-01	   6.2962721371030228e-01	   4.5601663435095652e-01	  -5.5742278711835527e-02	  -5.4804863317386002e-02	   5.6131787332136673e-01	   3.8954790274604423e-01	   9.8915786238807868e-02	   1.9296835283480704e-01	   5.5811297743819788e-01	   4.2650230256709276e-01	   2.7960201983997379e-01	   2.1370536799652495e-01	   2.3940145773343030e-01	   2.8987248390599724e-01	   3.9048507800427434e-01	   1.6746497344074948e-01	   5.3727135088786027e-01	   4.1014505089564535e-01	   5.3803725431415461e-01	   4.5783332937018578e-01	   4.1743432745669717e-01	   2.8207651713351523e-01	  -2.9803873247147966e-01	  -1.6985106383584198e-01	   1.5337299146377564e-01	   1.1493294010562741e-01	  -1.7693626867711465e-01	   3.4908634903500477e-02	   3.1695931974837423e-02	   6.1005579628085768e-02	   1.1920266603507045e-01	   1.4019373662087331e-01	   4.1773922586465173e-02	   6.9497700110427399e-02	   3.2038632225311359e-01	   2.5798835862910574e-01	   3.5166031171305445e-01	   3.5783366621315027e-01	   3.1578677761586815e-01	   2.5944242205542428e-01	   2.3699730642216160e-01	   1.9292897915816548e-01	  -4.1388051259885157e-02	  -1.3047294770492590e-01	   5.3237309815294054e-01	   3.0127118445958340e-01	   5.6062963373302011e-01	   4.3642343445403070e-01	  -2.5581513709986403e-02	  -1.2411640905523227e-01	   5.9157587802009659e-01	   3.8232030645813297e-01	   5.4213131870947562e-01	   3.6814692539473154e-01	   3.0129188283204517e-01	   3.0015954374907328e-01	   4.2281677797667622e-01	   5.6245945235553285e-01	   4.5879471394906518e-01	   3.6066562104250510e-01	   4.6464150427395678e-01	   4.5766532495413137e-01	   2.4075504805474598e-01	   4.3150037187506618e-01	   2.9436995422763162e-01	   4.3487816960577896e-01	   2.0471377456190293e-01	   3.0397171045991100e-01	   2.5720303432088032e-01	   1.9021203520560573e-01	   4.5447183498113830e-01	   4.3889718492762286e-01	   1.4665099391324710e-01	   2.4995925014807566e-01	   6.5990580821507960e-01	   5.2960091363889072e-01	   2.5692680098505649e-01	   2.1270982643291830e-01	   3.3703776681407671e-01	   5.3709962505521680e-01	  -1.8594938531889729e-01	  -3.4170608165043570e-01	  -6.4850482203310023e-02	  -8.8798046145174614e-02	  -8.1110709948700510e-02	   3.1731580812781905e-03	   3.6986092796282277e-01	   5.8136569472245636e-01	  -4.8880025508027787e-02	  -4.1236449626550237e-02	   8.7089193134089346e-02	  -5.7795631753141345e-03	  -8.4832486516806527e-02	   4.9683250684090394e-02	  -3.7837952611152864e-01	  -2.0660465625716612e-01	   6.4863914976555442e-02	   1.0094731475518700e-02	  -1.0864379032421026e-01	  -1.2377688838995216e-01	   2.1043474879227614e-02	  -1.9441601823034249e-01	
   1.1402748380661533e-01	  -1.1219041011398168e-01	   3.6848011680886616e-01	   6.5998259007081583e-01	   3.8857518226224463e-01	   6.3143323689162767e-01	   6.7384087223773803e-01	   0.0000000000000000e+00	   3.9272428709524987e-01	   6.7871025505352212e-01	   2.2518096011709357e-01	   5.8600174208703459e-01	   2.9618876675619621e-01	   3.3248675907367331e-01	   2.4139291555640374e-01	   4.2721083784000891e-01	  -1.5332337311950395e-01	  -9.2796947114817008e-02	   2.1669216094461852e-01	   2.7123151422238118e-01	  -1.2992469771341469e-01	   2.4549891195044762e-02	   3.3413496159511863e-01	   4.7260910954442226e-01	   1.0966087799619670e-01	   2.3443864169965167e-01	   2.4584303702141291e-02	   1.5094693670827064e-01	   1.3296656626805423e-01	   2.1472413554373559e-01	   3.0094038088174585e-01	   4.0664998442232658e-01	   3.5932063390508795e-01	   4.4838201049322524e-01	   3.4011742948233648e-01	   3.7029570711183402e-01	  -5.1601398945557952e-01	  -2.6762627481680129e-01	  -1.2610591405888624e-01	  -9.1220531685792444e-02	  -3.4142036061459791e-01	  -8.0094422890659961e-02	  -7.5506371198693599e-03	  -7.5856913467709772e-02	   1.9933794141325553e-01	   1.6802593262638321e-01	  -6.4315653256101751e-02	  -8.6029420063306147e-02	   1.7628349465574172e-01	   8.9615015161352674e-02	   1.9753033539702991e-01	   1.3206969078254219e-01	   1.5480556565442277e-01	   5.0835001075378958e-02	   1.2542582128635401e-02	  -7.2501984921977541e-02	  -1.6393612751204462e-01	  -2.2132635493421751e-01	   1.8903402797642832e-01	   2.0388878959221771e-01	   2.7888977042888891e-01	   6.2397382699125281e-01	  -9.0785309004650872e-02	  -1.4888568730828466e-01	   4.1025962873778299e-01	   5.3298821641569294e-01	   4.0530323069499113e-01	   4.5819282443225906e-01	   1.7664600916489018e-01	   2.5811592539949563e-01	   9.2376548822617158e-02	   3.7785148321565565e-01	   1.5774553935737376e-01	   2.5878612917631416e-01	   3.1779206141435457e-01	   4.2098582054203282e-01	   6.0820491631975837e-02	   2.8824714567721754e-01	   2.7823651365176211e-01	   2.4535582709334738e-01	   8.2305362140958863e-02	   1.1597966239845120e-01	  -5.4608811828769060e-02	   1.7157521502567386e-01	   2.8826821834150884e-01	   4.3905494099162634e-01	  -2.4976074548450532e-02	   2.4756386594610763e-01	   3.6013270600248792e-01	   3.5059155399256592e-01	   2.5073888343136924e-01	   6.1298409882151864e-02	   5.2867548272889209e-01	   3.3883429486565753e-01	  -2.2211979943000321e-01	  -3.4963358421258511e-01	  -2.4549582785065943e-01	  -2.6685874367706508e-01	  -1.6328942161785792e-01	  -1.6476031284417642e-01	   5.7810498775836405e-01	   4.0086833244593389e-01	   5.2662031396885786e-02	  -9.6973045892668086e-02	   2.0807703060219368e-01	   6.8792528152253576e-02	  -9.5178271445520907e-02	  -5.9952251563227671e-02	  -3.6983090325332235e-01	  -2.5515485212139677e-01	  -1.0009343673425609e-01	  -8.6582571827342483e-02	  -9.1652533503149378e-02	  -1.1561163516961723e-01	   5.7418977494919796e-02	  -1.0610427515360979e-01	
   5.4084975016234094e-01	   3.0879112265824926e-01	   5.4858357700016380e-01	   2.5427800791032723e-01	   7.8205400870382225e-01	   5.0646917552387649e-01	   7.2914380987335536e-01	   3.9272428709524987e-01	   0.0000000000000000e+00	   7.2421113585569485e-01	   4.6151216210725254e-01	   4.7398295568004600e-01	   5.6349969683477519e-01	   3.5212719478838428e-01	   6.6639986841225607e-01	   3.9287721832888722e-01	  -3.1778038077548828e-03	   1.3483243795558235e-02	   5.6685196988976194e-01	   3.7532045335351555e-01	   2.4096921060456861e-01	   2.7254072811206548e-01	   2.5771162949374110e-01	   5.7278837585976412e-02	   9.3491557866541286e-02	  -1.3681305463405456e-02	   3.0176364285331214e-01	   3.3176011899653735e-01	   5.1316575097965822e-01	   2.3605870842910165e-01	   3.4053148103669562e-01	   1.1987234643635827e-01	   2.3825757105056816e-01	   1.2861701120100544e-01	  -1.1924850896526605e-02	  -1.1368111636549222e-01	  -8.9383849052696626e-02	  -5.7224450616121025e-02	   3.3765039704510980e-01	   2.3642740104394352e-01	   2.4332832373589006e-02	   1.3650088766379176e-01	   9.9243051105493321e-02	   9.6978594525284387e-02	   9.7303573952929309e-02	   1.0601557838687617e-01	   1.1708901686090557e-01	   1.6563378752998897e-01	   4.9277873009535811e-01	   4.5533525443902600e-01	   4.9304869159025255e-01	   4.9347189119808310e-01	   5.1128549438784598e-01	   3.9150975313330527e-01	   4.1813559731578753e-01	   4.0273007243190706e-01	   1.5060583713593670e-01	   1.1678473816454923e-01	   6.8120872303114588e-01	   5.8748902263742631e-01	   6.4609405221170113e-01	   4.9341701435681945e-01	   2.9318489564535352e-02	   6.5118259273711981e-02	   2.4834326276369773e-01	   2.8061817495466681e-02	   4.3394230620550683e-01	   2.2187076848683970e-01	   2.9970040512547014e-01	   3.5141131834961969e-01	   3.8810715127237921e-01	   3.4970602705028575e-01	   4.5596358094286593e-01	   2.6234237001395749e-01	   3.5810685028283601e-01	   3.0732488485011222e-01	   9.1007883131504208e-02	   2.2152514165603635e-01	   1.8261243050639028e-01	   2.4626455954683557e-01	   1.5274272779837733e-01	   1.1225718923983194e-01	   2.2038091343082333e-01	   3.4051790878286636e-02	   2.0475143014522076e-01	   1.4470310196124717e-01	  -2.3200169745548647e-02	  -3.6715231861572224e-02	   6.7991914778859497e-01	   6.9848983612683835e-01	   3.9515553939159698e-01	   4.5185501849430809e-01	   1.8585847708190245e-01	   4.8649470938032241e-01	  -2.1489054572038335e-01	  -2.5213288911932924e-01	  -1.1280676291498691e-02	   6.5371755769813716e-02	   1.6226180867885207e-01	   2.6244800042379279e-01	   3.6685183049743497e-01	   6.6822650580479415e-01	   7.8362077813150424e-02	   2.3584325356045771e-01	   1.8312156916615002e-01	   1.7367608602131970e-01	   1.7594689559402510e-01	   3.1514699712885041e-01	  -2.8552651037763460e-01	  -2.5391189462978359e-01	   1.0181919088325825e-01	   5.6670601743664936e-02	   7.9707225748606739e-02	  -2.1220258998017205e-01	  -6.8073576726848689e-02	  -7.9481691406937893e-02	
   4.2216114485195200e-01	   2.0624548002611026e-01	   4.1286159214644380e-01	   4.5096874819187849e-01	   6.0799247979705517e-01	   6.7072100321783745e-01	   6.1343751580952721e-01	   6.7871025505352212e-01	   7.2421113585569485e-01	   0.0000000000000000e+00	   3.2767497858847611e-01	   5.9167508031631488e-01	   4.1083985243011623e-01	   2.9866335404752409e-01	   5.3032334710046936e-01	   5.6620310149768072e-01	  -1.4908014150979240e-01	  -1.2974950042490546e-01	   3.8132703508577914e-01	   2.6278305409693864e-01	   1.4043033499925089e-02	   1.3077271322350559e-01	   2.6545958255373103e-01	   2.2412262309344769e-01	  -5.2123704690621503e-03	   3.0293223996823888e-03	   1.6890851855905495e-01	   2.3815264396187888e-01	   2.8337750106413767e-01	   2.1336668983554813e-01	   1.5876390939576560e-01	   1.0549169361201385e-01	   1.1026067171311682e-01	   7.5427471691139725e-02	   7.0131743024116205e-02	  -3.6250228382397681e-04	  -2.4601177352070602e-01	  -1.3240020301077637e-01	   1.4549806699704740e-01	   1.3183267905554577e-01	  -1.4568177294696086e-01	   7.5292032966775641e-02	   1.5841983440952688e-02	  -2.2689978776656201e-02	   7.5502996710438516e-02	   7.7415156521885298e-02	   8.6155269123964831e-03	   2.9813255468132013e-02	   3.3762103589418413e-01	   3.1449353601196978e-01	   3.6963119682734785e-01	   3.7230821255055424e-01	   3.9286278160480359e-01	   2.7901510496958914e-01	   2.2159052649310126e-01	   2.1062019350364347e-01	   7.2484293377047967e-02	   3.1358154162533868e-02	   4.8368552244888180e-01	   5.4442639941223625e-01	   4.9099926248557091e-01	   6.3475694877051803e-01	  -3.9386727187620707e-02	  -6.8296767302630165e-02	   3.4276929258730449e-01	   2.4567200610509182e-01	   3.2211727240305255e-01	   2.4893303706174896e-01	   1.9801302505631385e-01	   2.3393235558751724e-01	   1.8547008937637666e-01	   2.7739602960783738e-01	   2.4525065823589628e-01	   1.9646252874750730e-01	   3.3905057940009503e-01	   3.4618926349022983e-01	  -8.8487564206274724e-02	   8.9712593348293734e-02	   1.5922073568910813e-01	   1.7192595634811561e-01	   1.4195350000387585e-01	   5.0912380535675518e-02	   1.0590805595327632e-01	   8.3354962905519747e-02	   3.1689549087318436e-01	   2.6099945895683441e-01	   4.7783859661823289e-02	   9.9761709812618254e-02	   6.0328473260070248e-01	   6.2158646402791651e-01	   3.1535831380601048e-01	   2.8320507433009884e-01	   3.9404571844312714e-01	   4.0848052759677178e-01	  -2.5332728261490539e-01	  -2.5300414756575784e-01	  -1.4150645056586361e-01	   9.2800688258104398e-03	  -1.9374371476244136e-02	   9.1316160208438787e-02	   4.7586889935694698e-01	   5.3265059344960508e-01	   4.8946999322033377e-02	   6.8261265188565748e-02	   2.9633679558101711e-01	   2.0721944150045735e-01	   7.5155019184375782e-02	   2.1844853792709112e-01	  -3.7319540193685352e-01	  -2.3543405880957949e-01	   2.8515441027926854e-02	  -2.4108624068811705e-02	  -6.1733655853047145e-03	  -2.0397693916796028e-01	  -1.4101206257417901e-02	  -4.3623057920260146e-02	
   6.2491478844280191e-01	   4.2876328159285637e-01	   3.6925157147523729e-01	   6.4764466372192978e-02	   3.2109344650403260e-01	   1.4108128535235784e-01	   5.1865913155381471e-01	   2.2518096011709357e-01	   4.6151216210725254e-01	   3.2767497858847611e-01	   0.0000000000000000e+00	   6.6816579269939491e-01	   8.2944161470354882e-01	   6.3304334232111859e-01	   6.5961001066811509e-01	   4.8583843740769295e-01	   3.4289166540127686e-01	   2.9019574285677496e-01	   5.8965158708958310e-01	   4.9602351986399201e-01	  -1.9871341038468046e-01	  -1.2759840477504172e-01	   2.6619356014787776e-01	   7.9386980728252510e-02	  -2.1586026794120694e-02	  -1.9162142361880702e-01	   1.0906035932519911e-01	   9.4457728847857442e-02	   5.8527638083182099e-01	   3.9210796632405220e-01	   1.2294384226271141e-01	   2.1648351227874667e-02	   1.6459070893693636e-01	   5.8051915887050706e-02	  -2.8239414710906144e-02	  -9.9652282994804678e-02	  -3.1112296244000959e-01	  -3.1538944199763064e-01	  -1.0499832421012406e-01	  -6.2215569031000978e-02	  -4.7976562566608719e-02	   1.3314041263350601e-01	   1.9498826779008072e-01	   2.7286732162310673e-01	   2.8391510943245692e-02	   6.8221514566506658e-02	   2.6371732533451009e-01	   2.6416976265853076e-01	   2.5345045896916724e-01	   3.0732101985055893e-01	   3.7018114360614235e-01	   3.3708704986407534e-01	   3.3486336338112477e-01	   3.1941748814891446e-01	   2.3857541293611595e-01	   2.2535966246176165e-01	   2.5684933023025869e-01	   2.6172933848953545e-01	   3.8588823907900083e-01	   3.2708427304252585e-01	   4.9573932186403802e-01	   2.6812687578224303e-01	   4.2136554824828681e-01	   3.4306615370164417e-01	   2.0755316040668453e-01	  -6.5606917229380751e-02	   7.6244838526104974e-02	  -9.1241238593360988e-02	   1.7442443170682193e-01	   1.1474501969327065e-01	   1.8356473456957517e-01	   3.3825184866340013e-01	   6.3116738383364990e-01	   4.9838339657764374e-01	   5.8303450625566200e-01	   5.4370612180387223e-01	   2.2175855744326955e-01	   3.7003975411483758e-01	   3.7128591429782665e-01	   4.5481358897333812e-01	   4.1389519030266653e-01	   4.3683041665668193e-01	   4.5720799970745102e-01	   3.2899516213538965e-01	   3.1430701535175359e-01	   1.5753575983898019e-01	   1.5141804212015395e-01	   7.4502816178407510e-02	   3.3361340396555783e-01	   2.3926992877328057e-01	   3.0292850622914802e-01	   1.5939892378415144e-01	   4.7148810045190948e-02	   2.4393228955578311e-01	   1.5596447998103159e-03	  -9.6394859726491977e-02	  -2.8389024724818503e-02	  -7.1567360900533561e-02	   1.8066444634925721e-01	   2.1157851555448298e-01	   1.4373307805935481e-01	   2.5573109733140048e-01	   1.5288792252003236e-01	   1.1335308477979979e-01	   1.8216724425898431e-02	  -5.1774273179153577e-02	   3.3366355661043130e-02	   6.3966002710491826e-02	  -1.9700869742218008e-01	  -4.6374155632697742e-02	   3.3302212453690333e-02	   6.7743047591575276e-02	   3.9188983807147255e-02	  -1.4235697865083538e-01	  -1.6998978107053769e-01	  -1.5004038431988775e-01	
   4.8739047128925861e-01	   4.1613772649178693e-01	   1.0424701243749768e-01	   1.3597547492221984e-01	   2.4599404673175601e-01	   3.2475587796444449e-01	   4.6650827668816425e-01	   5.8600174208703459e-01	   4.7398295568004600e-01	   5.9167508031631488e-01	   6.6816579269939491e-01	   0.0000000000000000e+00	   7.1323785665256767e-01	   8.2965379958531316e-01	   4.0488182930963301e-01	   4.7488993494418075e-01	   2.5094121149786858e-01	   3.2748178866031669e-01	   3.5995198106609910e-01	   4.6109267979299073e-01	  -3.8026848521742845e-01	  -2.3949066434523641e-01	  -2.4927999021416701e-02	  -2.3321819978331975e-02	  -2.8420466409122280e-01	  -3.0561123337822838e-01	  -1.2751014557691770e-01	  -6.0734907240386243e-02	   5.2288035124438015e-01	   5.5113399140211128e-01	  -1.0868111217519300e-01	  -9.1820587755925817e-02	   7.3885909107679226e-02	   1.0199448085624166e-01	  -1.4997917939310038e-01	  -1.4779111911920062e-01	  -4.8027116401441683e-01	  -3.2455265710921288e-01	  -1.5539485851241788e-01	  -9.1344281739730721e-02	  -1.1335131420525478e-01	   1.4644523227354722e-01	   3.3186407183155830e-01	   3.2547878475181291e-01	   2.6909792860543602e-01	   2.6990024032426607e-01	   3.7499154026957116e-01	   3.2217472196835784e-01	   4.4024190246768785e-01	   4.5011442627769571e-01	   4.9017388134668982e-01	   3.9792177482792579e-01	   3.8032279536532976e-01	   2.3784792344707167e-01	   3.0728378275428253e-01	   2.7337598669630270e-01	   1.9667127548392105e-01	   2.1311549991461742e-01	   3.6744374689548642e-01	   4.3608665557997256e-01	   5.5989943656539776e-01	   6.8137286843333067e-01	   3.9216432479220520e-01	   4.4707709125870720e-01	   4.0228236484387008e-04	  -1.9662100223960189e-02	   1.3588617912092177e-01	   7.4179499804740673e-02	   1.1194862487642090e-01	   1.5645290278637497e-01	  -4.6261301257737572e-02	   1.3705981902171877e-01	   5.1796810315172359e-01	   5.2653653079556273e-01	   5.3499429983963254e-01	   6.3375991949927790e-01	  -8.4076173177798121e-03	   2.7257715967824930e-01	   4.1171535812037491e-01	   3.9224266252959017e-01	   2.9152624020621598e-01	   2.4996082202040273e-01	   1.2766692192250170e-01	   2.2097895399272774e-01	   6.4112412418851739e-02	   1.2179961372202874e-01	  -1.3898101368491664e-01	  -6.4711324557488320e-02	   2.6482144174736066e-01	   3.2566171349751544e-01	   3.7954658762697191e-01	   8.9656508702875837e-02	   1.0830636936411031e-01	   8.1510451451887844e-02	  -5.5617922292265337e-02	  -6.1082328417974112e-02	  -7.0871162003481827e-02	  -1.4557099925514486e-01	   2.5745163183476305e-01	   2.2051009916598696e-01	   4.1074367655385802e-01	   2.5775830877463196e-01	   2.3207905116460198e-01	   6.6125099414427929e-02	   1.7882938293254844e-01	   5.3836355146340088e-02	   3.7410727972135245e-02	   3.3674812716217320e-02	  -2.3596032251607629e-01	  -2.2047680831000888e-01	  -8.3673148327073926e-02	   1.1436119440949681e-02	   5.9370174516243178e-02	  -1.3077406670561828e-01	  -7.4801469636727291e-02	  -3.4761097722673705e-03	
   5.3729895444983300e-01	   3.7445078935213655e-01	   3.8118460247748964e-01	   5.7258842658889267e-02	   3.1354029976004222e-01	   1.5691019054381686e-01	   5.8558871234788823e-01	   2.9618876675619621e-01	   5.6349969683477519e-01	   4.1083985243011623e-01	   8.2944161470354882e-01	   7.1323785665256767e-01	   0.0000000000000000e+00	   7.9116092782674241e-01	   6.9917899495740454e-01	   4.5782307274935574e-01	   2.2828458653377806e-01	   2.2630235349020189e-01	   4.9431910013374902e-01	   4.1086880377150842e-01	  -1.8200091327322790e-01	  -1.2448458934093465e-01	   2.0710945047969390e-01	   4.9712763577912239e-02	  -9.3247870384307360e-02	  -2.4931363361999709e-01	   8.8868729517948913e-02	   7.6524109532754486e-02	   6.2564788866439325e-01	   3.8982051640508708e-01	   5.8909661804883627e-02	  -6.1652227617023971e-02	   1.0436696925506474e-01	   3.6086605034977320e-02	  -8.7323117905705544e-02	  -2.0134668195313671e-01	  -2.9983686416707978e-01	  -2.3239282743957138e-01	   2.1587051191774332e-02	  -4.7106122182846120e-03	   1.7441093876635491e-02	   1.8177257074720307e-01	   1.4706569797837771e-01	   2.4141300566578774e-01	   9.7874430094431336e-03	   7.4180536983196238e-02	   2.4310593610947195e-01	   2.7607001948716720e-01	   3.3431098158829275e-01	   4.1312780538267541e-01	   4.7146677284359451e-01	   4.8407822261817773e-01	   4.3705157310815068e-01	   4.2461398031446890e-01	   3.6900588891771913e-01	   3.5302333387071727e-01	   1.5618187525681990e-01	   1.7517667329763981e-01	   4.4474097502304594e-01	   3.7143593025837701e-01	   5.9779704548586121e-01	   4.1148646049289700e-01	   2.9011208005926342e-01	   3.4698948624241621e-01	   1.3843524940368740e-01	  -1.4592863427037914e-01	   6.0569112664339606e-02	  -1.2778527768841302e-01	   1.6446521886704460e-01	   1.1387472108231608e-01	   1.5394539559977952e-01	   2.7867499340506580e-01	   6.4452449567074332e-01	   4.8915210502607459e-01	   5.2164299743988607e-01	   5.6503932126946632e-01	   1.0195678834109774e-01	   2.7971006951737776e-01	   3.8057157229704247e-01	   3.8879278549528240e-01	   2.6207957090925726e-01	   2.6852368431544510e-01	   3.1875372213739794e-01	   1.9816572754982303e-01	   1.9545322426190348e-01	   8.5735606969015415e-02	   9.7965692793516676e-02	   9.8413183396482869e-03	   4.3582548190148113e-01	   3.9363756503605296e-01	   2.5581260607298756e-01	   1.2516186952372260e-01	   5.9819096469770506e-03	   2.1559543949393212e-01	  -5.1247668719705923e-03	  -9.4626242602946706e-02	  -4.0954243253044947e-02	  -6.3887226599900468e-02	   1.5050301912630032e-01	   1.9788303019759126e-01	   1.7876374929818770e-01	   3.1349515201449024e-01	   9.7726850064844925e-02	   7.3185462211573390e-02	   1.4546125443124816e-02	  -3.1095023638998413e-02	  -2.9938756595018117e-03	   3.1290452954444346e-02	  -1.8186779154769811e-01	  -1.4463926048727144e-01	  -6.4671536084444536e-02	  -4.0420938804670827e-02	   4.7040979463580934e-02	  -1.1036832785245050e-01	  -7.0505879666839688e-02	  -1.4708317054876904e-01	
