   0.0000000000000000e+00	   8.0071368963782152e-01	   4.3455279080795306e-01	   2.6587241965701469e-01	   4.0413917256354787e-01	   2.7282150388759602e-01	   5.3585869181485912e-01	   3.4631432192742301e-01	   4.3062170029277436e-01	   3.0643411422247424e-01	   6.1668244195388189e-01	   5.0271706746171851e-01	   5.2654790600749590e-01	   3.9991849063051232e-01	   6.1169350264786104e-01	   5.3725073913457067e-01	   6.5636409551795638e-01	   6.3851446505902076e-01	   8.3228551923044325e-01	   8.3670065750940426e-01	   1.4832067308478777e-01	   1.6787729897019243e-01	   4.0774100148297554e-01	   2.4821124153234037e-01	   2.4228839436052813e-01	   1.2150514178638029e-01	   1.7195495978701225e-01	   1.7498558666510672e-01	   4.9698182878729058e-01	   4.1337385066601151e-01	   3.0834207968349703e-01	   2.3934631860660951e-01	   6.8512511666402187e-01	   6.1110121336260947e-01	   1.4348090641053401e-01	   9.1735359199876437e-02	  -1.0347734318347363e-02	  -1.8489694660290920e-02	   1.3709165101719439e-01	   1.9178753453851127e-01	   1.2251802070565990e-01	   8.0373540220870329e-02	   4.9998814645130263e-01	   3.8847452507380092e-01	   4.8528443769234231e-01	   5.1446124749975908e-01	   4.4214950636910433e-01	   3.8377228819935449e-01	   4.9586925063921589e-01	   5.2010904297526428e-01	   5.0072288502804418e-01	   4.0127168758741222e-01	   4.6789262044797519e-01	   4.7660915893804923e-01	   3.8376760156081546e-01	   4.7959045542981782e-01	   7.2546620343348078e-01	   5.7927607339624221e-01	   5.6935006290372558e-01	   4.9727300287865928e-01	   5.5682956416465568e-01	   3.7786809193077153e-01	   5.7831220487052160e-01	   6.5795097722795126e-01	   2.9871569321289676e-01	   8.9392522232258159e-02	   4.0617494213030203e-01	   2.6923014694993197e-01	   6.1584710779520679e-01	   5.2421368556866854e-01	   1.3937382121683056e-01	   3.3860703355385185e-02	   6.1142409817491650e-01	   5.4544111679401852e-01	   5.5517351327319631e-01	   5.8707754757884767e-01	   2.5113781275787261e-01	   1.8690004606867630e-01	   4.8478363837960503e-01	   4.9257566063126845e-01	   6.3792095464264853e-01	   6.1610364055702271e-01	   5.2455494350689491e-01	   6.2249019909596215e-01	   5.9642521880353605e-01	   4.9350742222888561e-01	   2.7127331926040987e-01	   2.6019799583716818e-01	   4.1193579159379989e-01	   4.8831758770193640e-01	   3.2912704223690809e-01	   2.6164524901755082e-01	   4.7793831886663904e-02	   1.0207251855898458e-01	  -3.6358619109378341e-02	   2.3682900898312939e-01	   1.3934607660390086e-01	   3.4006867506199079e-01	   4.7106561076427211e-01	   4.7250604990289535e-01	  -9.6621919295757253e-02	   1.0588025822052266e-01	   2.0534268163284766e-01	   7.3136686181845670e-02	   4.0503840568439059e-02	   1.9180589141927065e-02	   2.7151072457714276e-01	   1.6774022411315440e-02	   2.4534353469375440e-02	  -4.4120611859114159e-02	   1.5586488511622543e-01	   3.2969205895158910e-01	   3.5873853084033847e-01	   6.4780561560955907e-02	   3.4649258416323530e-03	   3.0075924938812326e-01	
   8.0071368963782152e-01	   0.0000000000000000e+00	   3.0688250399134526e-01	   2.8505727644740708e-01	   2.8990031716038084e-01	   2.2964163857301012e-01	   1.6094521428754760e-01	   1.3238892012467612e-01	   2.0242065261052050e-01	   7.4396168598642565e-02	   3.4236960237419467e-01	   3.1464427728350358e-01	   2.1421059950255938e-01	   1.6113534326536913e-01	   5.1661704691029742e-01	   4.5474783899554605e-01	   7.0418656649312483e-01	   6.7099796168192638e-01	   6.3769065945601588e-01	   7.6912590701727890e-01	   2.9231786109202440e-01	   3.6132120678631879e-01	   3.6025776579829505e-01	   2.9197045628028673e-01	   4.1595510320750906e-01	   2.8588714618072975e-01	   3.9698504873468143e-01	   4.2816598791117155e-01	   4.6192649992667312e-01	   4.0606600106679186e-01	   1.8480448186770521e-01	   1.6622761630992550e-01	   5.9541268073162956e-01	   5.2138674680877739e-01	   1.7637162451913679e-01	   1.0597583020489526e-01	   2.1457609210691958e-01	   1.6159758880076813e-01	   3.5501503224647674e-01	   4.4704416033300043e-01	   2.6652944499429831e-01	   1.2423114703445769e-01	   6.1391930996124655e-01	   5.3287489980157288e-01	   4.5841934122449662e-01	   5.5857229409007358e-01	   6.2130139708081322e-01	   6.0266427386628374e-01	   5.3781197866645969e-01	   5.9666440444033420e-01	   6.2941350647100180e-01	   6.4192500497871152e-01	   7.1304776688675264e-01	   6.8009130597531087e-01	   5.3965458086789986e-01	   6.3861471241166545e-01	   7.9836741786277465e-01	   8.1025864423604410e-01	   6.2476131656698586e-01	   6.7148970274689346e-01	   3.5975893795652270e-01	   2.4305165546876370e-01	   5.8781192925491565e-01	   6.7808205350698303e-01	   1.6505156609048535e-01	   1.2114138326569410e-01	   5.0241791281746528e-01	   3.8116539727928572e-01	   7.5219390720898360e-01	   6.7279708955061202e-01	   1.2030338535008914e-01	   2.1492775996954799e-02	   5.6694211109311488e-01	   5.2927884873119035e-01	   4.6748831139614033e-01	   5.2462792940880965e-01	   3.0567456894551714e-01	   2.9579963627738465e-01	   5.7335479331014150e-01	   5.4723261282556079e-01	   6.3918141184660449e-01	   6.0372511588111366e-01	   5.9113260312009563e-01	   6.1183485628546175e-01	   5.9100876276413139e-01	   5.7222260746254050e-01	   4.6287918792156862e-01	   5.1368789225837652e-01	   4.3121214478395459e-01	   5.6528514636147942e-01	   4.4518689291294200e-01	   3.1899132917161299e-01	   1.5161060259579195e-01	   1.1030143117724805e-01	   1.0432903982573899e-01	   3.0113002612565698e-01	   3.4635341857527824e-01	   5.0965266470976001e-01	   5.7875867901899891e-01	   5.7218958690859867e-01	  -7.7269823024064335e-02	   9.5931030374559773e-02	   4.5133422488355218e-01	   2.8696033235363816e-01	   3.5289077859304585e-01	   2.7953127588896287e-01	   5.0777021669967648e-01	   2.7755378185849799e-01	   8.3374487587052987e-02	   3.7831586815969542e-02	   3.8837050994614986e-01	   4.7394895363338285e-01	   3.6546541872360239e-01	   2.5747653406619975e-01	   1.3461135688990825e-01	   4.3058040490883764e-01	
   4.3455279080795306e-01	   3.0688250399134526e-01	   0.0000000000000000e+00	   2.9091168302821613e-01	   4.5033103679476133e-01	   1.8656523820499796e-01	   6.8321508401409048e-01	   2.3944713896101125e-01	   5.7100582360191332e-01	   2.4934844885260710e-01	   3.2902600884636168e-01	   7.3936462489973445e-02	   3.9232055847729996e-01	   2.0500522265171164e-01	   4.6385499303547667e-01	   3.9647501268558644e-01	   3.1246673504873246e-01	   2.8342307970130132e-01	   5.7233406701673972e-01	   4.3734227633545730e-01	   2.5177783420567118e-01	   2.0729301147662726e-01	   8.0144143922981292e-01	   4.9228155988585631e-01	   6.4870514880951957e-01	   4.8805628625139647e-01	   4.7054547352393611e-01	   3.8650188679507341e-01	   1.7957240241952910e-01	   7.2793523621407230e-02	   5.9053016565301875e-01	   4.4370931507409167e-01	   4.2283286864246195e-01	   3.1064433472603209e-01	   4.9337546404646537e-01	   2.4389731457118302e-01	   6.5054368500637283e-02	   5.8828358148435372e-02	   3.3483011402812796e-01	   2.6709068559589755e-01	  -7.8971688244701632e-02	  -1.2117662748858779e-01	   3.3962536624735895e-01	   2.1470430873715513e-01	   3.7955783357796191e-01	   2.6058961001686420e-01	   2.9708023103121084e-01	   1.6123981887960825e-01	   3.8666243955657620e-01	   3.0308277043381959e-01	   4.0419090483557596e-01	   2.8636034504662489e-01	   1.6411331660634296e-01	   1.7615299872205714e-01	   3.5323567169770309e-01	   3.8555372995755127e-01	   2.3863060504684785e-01	   2.1946862103284770e-01	   2.8749764177861392e-01	   1.2217706299620522e-01	   3.0828162818782068e-01	   5.3490813328987516e-02	   2.3393722369933334e-01	   1.5274523282918001e-01	   6.2942897425418098e-01	   2.4303353212086048e-01	   3.9740913959526636e-01	   1.8086173164254457e-01	   3.5685624252127568e-01	   3.3581653747988571e-01	   3.4125569383557330e-01	   2.7787446385803732e-01	   2.9861792667146175e-01	   2.2823635014342664e-01	   3.5821337726466751e-01	   3.7959861667531397e-01	   3.3528491015749173e-01	   1.9120003821966805e-01	   3.4852243581398934e-01	   3.5068221269323152e-01	   3.3801072649124642e-01	   3.6545074131473715e-01	   4.4261689436382878e-01	   4.1408339749497797e-01	   3.6404121734647676e-01	   2.7902243491306516e-01	   5.0173274953420599e-01	   3.8322953058176290e-01	   5.7515270676849106e-01	   5.5064414906256121e-01	   4.0798839562830513e-01	   5.4460101884132672e-01	   3.0363419093933358e-01	   6.1842705553033639e-01	  -4.7449702593646018e-02	   1.8469124185533137e-01	   2.3567253147297029e-01	   2.9839143628720471e-01	   3.3363451514474174e-01	   4.1148514625496330e-01	  -1.1403049170245574e-01	   6.5473009810023330e-01	   2.8137890429170646e-02	   3.2666390701132786e-01	   1.3030733315305365e-01	   3.0335611582744321e-01	   3.8144977076603603e-01	   3.2669557416400757e-01	   6.5983861581270342e-02	   4.7339093545532916e-02	   3.3681272103394733e-01	   3.4949055775705817e-01	   4.1472768378656377e-01	   2.8498333149192884e-01	   3.2706370040644528e-01	   1.5357601651305425e-01	
   2.6587241965701469e-01	   2.8505727644740708e-01	   2.9091168302821613e-01	   0.0000000000000000e+00	   5.2504869106749630e-01	   6.0298214118196347e-01	   4.3331680326942157e-01	   7.3229559860354843e-01	   3.2833466459203209e-01	   5.2740652976741587e-01	   3.0224784162900453e-01	   2.9946513120545304e-01	   7.1560527627208326e-02	   3.6666089968617721e-01	  -4.7327032898627098e-03	   3.2275719530491970e-01	   2.6284351037249520e-01	   2.1988340741910062e-01	   2.3368028839633143e-01	   4.2086695607566715e-01	   1.7989132128451368e-01	   3.5603300915438429e-01	   2.8504316076057740e-01	   6.4017207257257380e-01	   2.1800735838681234e-01	   4.8881073830731958e-01	   9.0023905923429320e-02	   2.9458878507919650e-01	   1.0007750277797106e-01	   1.7361006487318709e-01	   2.6669667678018827e-01	   4.5592931089629263e-01	   4.1830243554196722e-01	   5.3256759354190586e-01	   4.3797068550019513e-01	   6.0227674234325024e-01	  -2.4367932562454178e-01	  -2.0320546099284115e-01	   6.8796051049075380e-02	   2.3100234871716094e-01	  -2.3912390562566543e-01	  -3.3841848071831265e-01	   4.1679121445925976e-01	   4.1091811684787882e-01	   4.9071054202222508e-01	   5.4704922642213627e-01	   2.9142275436671827e-01	   3.0002739141432150e-01	   5.7033715901459625e-01	   5.1551732317496590e-01	   4.1108686816880319e-01	   4.2601142742032444e-01	   2.4788088073057760e-01	   1.1275193964851681e-02	   2.7614772916887581e-01	   3.2861963691651730e-01	   2.6099754795122176e-01	   2.3655055446850570e-01	   4.8474580985841387e-01	   6.3030870647204140e-01	   4.6392930804204668e-01	   6.8558200458896268e-01	   3.6279581298367947e-01	   4.3026439695256302e-01	   2.8324633664075222e-01	   6.7833797467051549e-01	   6.9422090523486901e-01	   7.9388025647274485e-01	   4.4288833540267375e-01	   4.5975520724842300e-01	   1.6056150902490340e-01	   2.2843994879300383e-01	   2.5288056190474489e-01	   3.2261066618504736e-01	   2.7345245374471383e-01	   5.0996249243022729e-01	   3.5376280387638859e-01	   3.7533743221521537e-01	   3.0349905625865448e-01	   2.7396968355738749e-01	   2.0389199952462522e-01	   1.6258228126588925e-01	  -1.0458540881694766e-02	   2.5618761991654393e-01	   4.9772892935645255e-02	   1.7157527100826675e-01	   1.5210811596614521e-01	   2.5890816070058048e-01	   2.8080092248094984e-01	   4.7203318341721562e-01	   3.3279733746786505e-01	   2.0577286812352696e-01	   4.8303567573987011e-01	   2.2941348511089338e-01	  -1.9397546600535814e-01	   2.4738478715321485e-01	   1.4280539011856591e-01	   3.5025201819464624e-01	   1.3082693931211811e-01	   1.2577483131131290e-01	   3.2176098650503493e-01	   2.1043474111734800e-01	   2.8514803785909726e-01	   2.2430077878342436e-01	   2.7487823624544899e-01	   2.6377269618949623e-01	   3.7398835376608897e-01	   2.9484315709455261e-01	   1.7242135527538424e-01	   1.1486688565420758e-01	   3.2852771551618676e-01	   1.4526709886523723e-01	   1.7947611189706650e-01	   7.4875139166109550e-02	   1.7058558489653233e-01	   1.0583149732851141e-01	
   4.0413917256354787e-01	   2.8990031716038084e-01	   4.5033103679476133e-01	   5.2504869106749630e-01	   0.0000000000000000e+00	   8.0901698659288768e-01	   6.6594205372951343e-01	   6.9293154415674496e-01	   8.4050593943005136e-01	   6.9978453907713045e-01	   4.6417068537275114e-01	   4.8296692657401785e-01	   4.5004173096215366e-01	   5.0630398713671498e-01	   3.1815099862517182e-01	   4.9927841293512076e-01	   3.1593790578604458e-01	   3.3702091376225285e-01	   3.4173849674739437e-01	   3.5290260625119896e-01	   3.4225933312525120e-01	   4.0578377065203242e-01	   4.7392423827510544e-01	   4.4032399023317337e-01	   2.7890206203497908e-01	   2.8313437382916995e-01	   1.2623443345922639e-01	   2.2588759424388993e-01	   2.4559370054684865e-01	   2.8187584268004445e-01	   2.0753098418714677e-01	   2.4104712817231916e-01	   3.3053203196607911e-01	   3.8157805229829017e-01	   4.0885457781958856e-01	   3.2467301982836710e-01	  -1.6053968004177005e-01	  -1.5717784919685235e-01	   2.0550984762961499e-01	   2.6812827128869110e-01	  -1.6724616358647748e-01	  -1.4028665927323042e-01	   3.4291962195471903e-01	   2.7373149234298472e-01	   4.3374394380242803e-01	   3.8711024409136691e-01	   2.5554218150655961e-01	   1.8037204548850694e-01	   5.0800351013973477e-01	   4.7864454741553469e-01	   4.4592622184523589e-01	   3.3809584376078344e-01	   1.4286129027520025e-01	   1.4062530724609246e-01	   2.9339484636582630e-01	   2.9412802171890889e-01	   2.1486482334657409e-01	   1.5609676592917182e-01	   4.4483133615362658e-01	   4.7698949658913503e-01	   5.8905164436221091e-01	   5.9645694404744876e-01	   1.1540907027543659e-01	   2.6706693414101967e-01	   6.1037288535776713e-01	   5.3207499491075305e-01	   4.5315583086618594e-01	   4.5404585050982704e-01	   3.7568023709726700e-01	   4.4794928297505809e-01	   2.8462344279065038e-01	   3.1987646628351407e-01	   2.9188401672211878e-01	   2.9343147599327452e-01	   3.6504315141413107e-01	   4.4549547452131311e-01	   2.5766511904506884e-01	   2.4502951367926909e-01	   3.7772355545144121e-01	   3.7372009220786900e-01	   2.3167163129155616e-01	   2.5948597894906072e-01	   1.8803627838877882e-01	   3.9716557811266417e-01	   1.9193870120736528e-01	   1.3327570440582179e-01	   1.2128453841016282e-01	   1.1942611926360791e-01	   5.3175686016115942e-01	   4.7374529816898647e-01	   4.3835803188882744e-01	   3.9974383778387490e-01	   5.0529311953796352e-01	   4.7347295815982926e-01	  -1.8316799793649147e-01	   2.1611602499951876e-01	   9.6254213583979079e-02	   2.3572279375870614e-01	   1.4276917862557914e-01	   1.6714891536553395e-01	   3.7923493769512734e-01	   2.1950403737904997e-01	   2.1149515034155625e-01	   3.4034708349684181e-02	   1.2939874154640649e-01	   1.8767034570408853e-01	   2.3270552702517783e-01	   1.4440273736485296e-01	   1.6210756634917298e-01	   8.0231524886929695e-02	   2.6899437762204292e-01	   1.9405390094732045e-01	   3.6310289531948936e-01	  -7.4178800557881369e-02	  -3.9132038572759929e-03	   2.0776012717452380e-01	
   2.7282150388759602e-01	   2.2964163857301012e-01	   1.8656523820499796e-01	   6.0298214118196347e-01	   8.0901698659288768e-01	   0.0000000000000000e+00	   4.8954216421244229e-01	   7.8420354255892200e-01	   5.9369575523733920e-01	   8.2819120566283189e-01	   3.1881158223729456e-01	   5.7193348930738064e-01	   2.3426104241328655e-01	   5.1867994013226015e-01	   1.7007734732072313e-01	   5.4306545378171467e-01	   2.8081960795276628e-01	   2.9049340538768315e-01	   2.6663702051182114e-01	   3.3553144187278250e-01	   3.3834998045282949e-01	   4.8377685504074147e-01	   3.1383061223352310e-01	   4.7312065060042952e-01	   1.3730694803162033e-01	   3.0561426587115026e-01	   1.0709816032729198e-02	   1.8601162716208269e-01	   2.8056143794236243e-01	   4.0771913621542533e-01	   1.7325671472402931e-01	   2.7056924650481684e-01	   2.6644592077108981e-01	   3.7626168295851892e-01	   2.3534002891107231e-01	   3.1111136282111246e-01	  -1.6385760023359208e-01	  -1.2517127684010321e-01	   1.6649293194034723e-01	   2.6521675363976743e-01	  -1.3426695538219593e-01	  -9.2022881939570172e-02	   4.1525985755144268e-01	   3.6405941863791930e-01	   4.8900713234373344e-01	   5.3534097455785890e-01	   3.3893126082753339e-01	   2.9368625827711681e-01	   4.9389719102970459e-01	   5.3288216945777989e-01	   3.7097046616346541e-01	   3.0125736450943830e-01	   1.3686427558867570e-01	   1.1782032413229102e-01	   2.8319293985283245e-01	   3.1410705721721144e-01	   1.2486588683348700e-01	   5.0969727810587548e-02	   2.9839122850780619e-01	   5.2701433079680937e-01	   4.0652552902382472e-01	   6.4310014161938800e-01	   1.1453038560028886e-01	   2.7969443654328829e-01	   3.3313213422003285e-01	   4.6206458605627254e-01	   3.8576746699547143e-01	   5.3122685716551010e-01	   2.3802500009037669e-01	   3.4747660035553124e-01	   1.7298209488237690e-01	   2.6615832809888956e-01	   2.6883956547080612e-01	   3.3997866842358965e-01	   2.7690931681779107e-01	   4.6587956645039119e-01	   2.2449802221462456e-01	   2.7403234718259362e-01	   3.1920824552048377e-01	   3.0048076924533568e-01	   1.6218428525445999e-01	   1.7538756010765633e-01	   4.0777528119886178e-02	   3.8773307253893252e-01	   4.6562581440049572e-02	   8.0746773183279746e-02	  -1.6241059055683328e-02	   2.7198930412809113e-02	   3.1300769776378651e-01	   3.1099986432701188e-01	   5.0402588175226670e-01	   3.7812764866633225e-01	   6.1014798721377916e-01	   3.6654582573347116e-01	  -6.4214189987512549e-02	   2.3991247422422296e-01	   2.1950536002014237e-01	   3.6211440125288979e-01	   2.4566116268792104e-01	   2.5198522286679426e-01	   5.7170544605613749e-01	   8.8790087149254182e-02	   4.0188784005255423e-01	   4.3452726141503320e-02	   2.5516646670591803e-01	   1.8911940282041195e-01	   2.6254167999069122e-01	   2.0731927132712258e-01	   2.4836582386907674e-01	   2.0562991122723817e-01	   2.9163190033282022e-01	   2.8495828886774804e-01	   4.0232254186203986e-01	  -8.0747961904730735e-03	   1.6630538706685127e-02	   1.3903168207088662e-01	
   5.3585869181485912e-01	   1.6094521428754760e-01	   6.8321508401409048e-01	   4.3331680326942157e-01	   6.6594205372951343e-01	   4.8954216421244229e-01	   0.0000000000000000e+00	   7.2239198723324660e-01	   7.9238329468027646e-01	   7.3003733450832808e-01	   6.4739342831873770e-01	   5.4588535332076915e-01	   6.5182035152189299e-01	   6.1462423645372843e-01	   3.9833362659527571e-01	   5.2443610238037819e-01	   2.4231749416541692e-01	   2.8221281675873167e-01	   6.0493511953821943e-01	   5.1602086916400958e-01	   9.7247804604473603e-02	   6.4202356708782368e-02	   5.4837941634006759e-01	   3.8073118314943399e-01	   8.6600317977564276e-02	   1.1576746302370759e-01	  -7.2672596537276632e-02	  -9.3815069654961045e-02	   3.4941832796748257e-01	   3.1105378045832260e-01	   4.7022967269407090e-01	   3.8987946802764673e-01	   5.0701584726701177e-01	   4.8775859266577948e-01	   2.1549454096227699e-01	   1.5157347646084984e-01	  -2.9389894808397088e-01	  -2.3745712376217082e-01	  -4.4310212243720844e-02	   1.4883140424552254e-02	  -2.4405640156556138e-01	  -1.7425093186013796e-01	   2.3496038500420946e-01	   1.6251975869980370e-01	   3.8155740670356830e-01	   3.1596906950463699e-01	   1.3371199330255193e-01	   1.5260218251782908e-02	   3.5751365873205848e-01	   3.1216953088927102e-01	   2.9546227645412565e-01	   1.1040839388346732e-01	   1.6061643884009377e-02	   6.1961840680245447e-03	   1.4519846005495604e-01	   1.8374194840942029e-01	   6.7680703851525595e-02	  -6.8596646847669390e-02	   2.4401669283599114e-01	   2.0583530636926850e-01	   6.0206105416073319e-01	   5.1792759184531567e-01	   2.8732149450954264e-01	   3.3273256616077274e-01	   5.2285672774708003e-01	   2.6407200879342196e-01	   2.7919355333567281e-01	   2.1514549417684223e-01	   2.1788041989091331e-01	   1.8624264148263983e-01	   2.7805333064950621e-01	   2.8557193047287954e-01	   3.7232235208046094e-01	   3.2440443457658930e-01	   4.5383810525319257e-01	   5.3505694583835983e-01	   2.5502746026678758e-01	   1.6340871988349687e-01	   2.0864591727497053e-01	   2.8333672125378440e-01	   2.8374018333259043e-01	   3.3391403236332268e-01	   1.3389777323442331e-01	   3.6166898325661018e-01	   2.3669720992539700e-01	   1.7643068340217841e-01	   2.1565144834527903e-02	  -5.6051972090078783e-02	   3.7739418986535705e-01	   3.1511251752630143e-01	   2.1337139404885147e-01	   2.4586278848045529e-01	   1.7462079178237952e-01	   2.9681169336391267e-01	  -2.2937994185189348e-01	   1.6274230843347182e-01	  -6.9414388170834215e-02	   1.0719689415568648e-01	   1.1743243011151051e-01	   1.3109727700770296e-01	   5.1390491594912588e-02	   3.2087462166079583e-01	  -1.2891181525084697e-01	  -7.4060709492114102e-02	  -1.4806111589810722e-01	  -8.9096861219053872e-02	   4.8015546219378827e-02	  -7.7460805334186866e-02	   6.4160672159006948e-02	  -2.4821205560386660e-02	  -1.9171197176826062e-02	   1.0335003910715720e-01	   2.4680532791629525e-01	  -6.7793317240136319e-02	   6.8682597309234539e-02	   8.3074021165000705e-02	
   3.4631432192742301e-01	   1.3238892012467612e-01	   2.3944713896101125e-01	   7.3229559860354843e-01	   6.9293154415674496e-01	   7.8420354255892200e-01	   7.2239198723324660e-01	   0.0000000000000000e+00	   6.1134617913983780e-01	   8.8717355189468750e-01	   5.1713480009483570e-01	   6.8948778955044410e-01	   4.0913632874876493e-01	   6.8341533937747501e-01	   1.5364886065010649e-01	   5.5566804194013530e-01	   2.4063385096763906e-01	   2.9760578702486895e-01	   3.5054869610325895e-01	   4.2744958140676859e-01	   5.1389550675553529e-02	   1.8667069653079005e-01	   3.4201168968020246e-01	   5.3838329256952910e-01	  -7.0504770495575672e-02	   1.6097255172554775e-01	  -2.0655075402435202e-01	  -1.1837516942752271e-01	   3.3358135734348626e-01	   4.6704149439148623e-01	   2.6729428198263194e-01	   3.7562436883572925e-01	   3.6670008315742064e-01	   4.9352777264987580e-01	   2.2950754143243318e-01	   3.2030288120120659e-01	  -3.2299071230921450e-01	  -3.1590510419021123e-01	  -8.0457550840292574e-02	   3.8278939293648798e-02	  -1.9882225396363903e-01	  -1.9618625711905838e-01	   3.4073401215037646e-01	   2.9412252820966522e-01	   4.1220927231172938e-01	   4.5875370287824585e-01	   2.2538965717433990e-01	   1.5289089935766487e-01	   3.9219722540735491e-01	   4.0284682589009269e-01	   3.0509860562026236e-01	   1.4116622950776045e-01	   8.5691984402754079e-02	  -4.1141330831291102e-02	   1.4230784591981044e-01	   1.7053553728582566e-01	   5.0588708565605149e-02	  -8.4913359434911503e-02	   1.9201774162958896e-01	   4.0741985424443838e-01	   4.9425491361628027e-01	   7.7365652591820000e-01	   2.3067809106377146e-01	   3.9296109439336269e-01	   3.6496644635855024e-01	   5.1201113750910032e-01	   3.3471512361368366e-01	   4.7289134733905691e-01	   1.6459894308754419e-01	   1.9557861328505588e-01	   2.3217296181876557e-01	   2.8767973878325753e-01	   3.6046023372869757e-01	   4.2060889923029821e-01	   4.1451011167591872e-01	   5.8306040177522034e-01	   3.1388571215947852e-01	   3.3061109016847107e-01	   2.4141669670462917e-01	   3.0402931742107819e-01	   2.3376067354863200e-01	   2.6252248498964992e-01	  -2.7914838932996955e-02	   3.5401483614010587e-01	   1.4287176816476349e-01	   1.5147153725531060e-01	  -5.7540738197205829e-02	  -2.9749648589936350e-02	   2.5956626935274796e-01	   3.0230069748777910e-01	   2.8700193754281395e-01	   1.4757628205322931e-01	   3.9812135167763657e-01	   1.8566648264442387e-01	  -1.4695755460921994e-01	   2.2735333213522180e-01	   3.8941167013312010e-03	   1.9603544486623559e-01	   1.2487495101501100e-01	   5.2044010870182691e-02	   3.3381640427677689e-01	   7.6140352647514190e-02	   8.2839913243170762e-02	  -1.2135073701283852e-01	   4.9973771229041231e-02	  -2.5885908174159818e-02	   1.0050829347978685e-01	  -4.4174657513338093e-02	   1.5962180262053605e-01	   1.6206791329487813e-01	   8.5429969716823567e-02	   1.2539972235257912e-01	   2.3081136597866808e-01	  -8.6967087753381300e-02	   5.5290071922425785e-02	   1.3976398772518211e-01	
   4.3062170029277436e-01	   2.0242065261052050e-01	   5.7100582360191332e-01	   3.2833466459203209e-01	   8.4050593943005136e-01	   5.9369575523733920e-01	   7.9238329468027646e-01	   6.1134617913983780e-01	   0.0000000000000000e+00	   6.9100534825264182e-01	   6.0401238361482767e-01	   5.2329920778105921e-01	   6.4775584975628120e-01	   5.8815391589231325e-01	   4.7479046196453201e-01	   5.5939602760038520e-01	   2.6406975039531866e-01	   3.1619885336888393e-01	   4.0936818975977951e-01	   3.7211495480673040e-01	   2.2537887270321671e-01	   2.0972293243123705e-01	   5.1848748661254918e-01	   3.2009156155344493e-01	   1.9360162530316846e-01	   9.4892835317234817e-02	   1.2191859110972622e-01	   1.0059836557798481e-01	   3.1375464975764056e-01	   2.9836572939396944e-01	   2.1670415403094642e-01	   1.7411832280561299e-01	   2.9845395757903348e-01	   3.1217947865595191e-01	   2.4224127080843705e-01	   1.0588542823242408e-01	  -9.9411086165777776e-02	  -1.1521502706614223e-01	   2.2817861237921017e-01	   2.1426741701776469e-01	  -1.0721548666120206e-01	  -5.5005214267541458e-02	   2.5257724226241490e-01	   1.8983974247443286e-01	   2.8891451753926123e-01	   2.1359144352654472e-01	   1.6440067686635912e-01	   5.0693954599018362e-02	   3.5233347492130201e-01	   2.8452149849147113e-01	   3.2706946998185854e-01	   1.4861059335236770e-01	   2.6482072036738961e-02	   3.5707397365359834e-02	   2.3827707477419938e-01	   1.8852589624249827e-01	   1.1944088905065547e-01	   1.9198016497666837e-02	   3.3864714425893144e-01	   2.6468217661724108e-01	   6.2475910034556237e-01	   5.0401466333050793e-01	   1.6626815926889715e-01	   2.5756330222480905e-01	   6.2233593114576868e-01	   3.5472828038011595e-01	   2.4479365625003105e-01	   1.7613082800978985e-01	   2.8567609034666192e-01	   3.1718736695839950e-01	   2.5762721382036263e-01	   2.1921724545005830e-01	   2.8907179722122611e-01	   2.2414259292401173e-01	   3.5174228683068554e-01	   3.8744072279746555e-01	   1.5652847373019113e-01	   1.2793466821544044e-01	   2.9172498441952677e-01	   3.4449475624146336e-01	   2.4514221115990642e-01	   2.8671385947789041e-01	   2.3691462830084573e-01	   3.5827998382556181e-01	   2.4703237805910827e-01	   1.8419637010612727e-01	   1.1556463778829819e-01	  -7.9916470877013351e-03	   6.1321018785179748e-01	   4.3355168655299792e-01	   2.9230212560846613e-01	   2.7409678866746906e-01	   2.9071699090061759e-01	   4.0768055478975496e-01	  -1.1192614144838066e-01	   1.8080654579447780e-01	   3.4459444426622111e-02	   1.6047512677396786e-01	   8.1634231746828628e-02	   7.7946298870182035e-02	   7.5786196701618624e-02	   2.3302297004181499e-01	  -5.4210272530632431e-02	  -1.1223067365349072e-01	  -7.8062579994951892e-02	   2.4738005567782977e-02	   9.9107615817791914e-02	  -1.7253347884519276e-02	   9.0449340095805686e-02	  -2.4085196257582674e-02	   7.6201089201244160e-02	   9.5675799795438471e-02	   2.6209031868501204e-01	  -1.8008520434284558e-01	  -6.9121155467380541e-02	   1.7117491579104196e-01	
   3.0643411422247424e-01	   7.4396168598642565e-02	   2.4934844885260710e-01	   5.2740652976741587e-01	   6.9978453907713045e-01	   8.2819120566283189e-01	   7.3003733450832808e-01	   8.8717355189468750e-01	   6.9100534825264182e-01	   0.0000000000000000e+00	   4.1915263495002941e-01	   6.2615470149737129e-01	   3.7292141469839019e-01	   6.1998362189966016e-01	   2.4825706538485376e-01	   6.5009690478418181e-01	   2.0724759718432376e-01	   2.5165304927300014e-01	   4.0252736178066040e-01	   4.2075941299115116e-01	   1.4673896208636103e-01	   2.7730503201601692e-01	   3.8091645829200105e-01	   4.7873724380321347e-01	  -4.4981627886992726e-02	   1.6073450639610617e-01	  -1.7619439187420582e-01	  -8.6409959949213494e-02	   3.7639268691251881e-01	   4.8940518300546865e-01	   3.0736897074999880e-01	   3.5783814636267891e-01	   3.1204672858854077e-01	   4.0488260217386646e-01	   1.1223104210474824e-01	   1.7337383389689681e-01	  -2.3221797428812008e-01	  -1.6139201995453972e-01	   4.1720875687424695e-03	   9.3145401398754130e-02	  -1.2128365223792306e-01	  -4.6733777227701990e-03	   2.5361878048688336e-01	   1.9225566992845036e-01	   3.6933671509732907e-01	   3.7795690860867215e-01	   1.9494984086311862e-01	   8.4106945041669295e-02	   2.8352589021456720e-01	   3.0727729875152854e-01	   1.9231821182633413e-01	   1.8881867756041042e-02	  -1.6831309221387196e-02	  -5.2845641340007535e-02	   9.4566768473739862e-02	   9.1904601610789449e-02	  -5.8920310397640632e-02	  -2.1166316479375155e-01	   8.7810001252027758e-02	   2.8475033500177499e-01	   4.1101756795799604e-01	   6.3504198146181112e-01	   1.2810886139281225e-01	   2.7824115334893557e-01	   3.4303224600641713e-01	   3.4123182869391755e-01	   1.7973208071014088e-01	   2.9890268134060016e-01	   1.1085635643720429e-01	   1.5675943815962595e-01	   1.6335306647396669e-01	   2.5331050003559297e-01	   2.8948524036009321e-01	   3.6125882540456378e-01	   3.3188565266852643e-01	   5.2881448715282175e-01	   2.0955926037543149e-01	   2.3834859784952572e-01	   1.9195593432262820e-01	   2.5391864642026801e-01	   1.7679546507208271e-01	   2.1346920757971555e-01	   1.3091098873340493e-02	   4.0614413959563567e-01	   8.6121117449221823e-02	   1.0054093145200217e-01	  -1.4646826464411339e-01	  -1.6055885992674596e-01	   2.2134901667934012e-01	   1.9471797233531507e-01	   2.8985674342390921e-01	   1.4875210285400498e-01	   3.6859777394984206e-01	   1.9808041014156280e-01	  -9.1914883263221586e-02	   1.2972991875195503e-01	   2.0701241399700893e-02	   1.7233932654513731e-01	   1.4320152431828767e-01	   6.4264102061919182e-02	   4.0377850691869238e-01	   6.7641669725393132e-03	   8.8010678764394223e-02	  -2.5146089348687450e-01	   1.2935189989963722e-03	  -9.7665985704136538e-02	   1.0026023679321438e-02	  -1.3586394792553697e-01	   7.6247096029504441e-02	   1.2763679152247218e-01	   1.1342489704708926e-02	   1.5458249066713331e-01	   2.3102506886689417e-01	  -1.2774262025207733e-01	  -1.5089504705972024e-02	   7.8570515145680905e-02	
   6.1668244195388189e-01	   3.4236960237419467e-01	   3.2902600884636168e-01	   3.0224784162900453e-01	   4.6417068537275114e-01	   3.1881158223729456e-01	   6.4739342831873770e-01	   5.1713480009483570e-01	   6.0401238361482767e-01	   4.1915263495002941e-01	   0.0000000000000000e+00	   7.5829261681602000e-01	   8.8329534366872442e-01	   7.8820433107031174e-01	   4.4461649538030268e-01	   4.0023314407242960e-01	   4.6951331143729924e-01	   4.9094569305629404e-01	   3.6328833505942693e-01	   3.7977907304303388e-01	   8.8389121594181830e-02	   3.2969089296270224e-03	   2.0718515337936438e-01	   9.7375822682810073e-02	  -6.9504543698810151e-02	  -1.0218736594574883e-01	  -7.6397666493573380e-02	  -1.3919394258110371e-01	   5.5326653048184604e-01	   4.6903982169868719e-01	   2.4429561299181121e-01	   2.5603590910813551e-01	   5.0630965032957020e-01	   4.9584468694442480e-01	   4.4031980402654741e-02	   9.3828357543901536e-02	  -1.5790589058615176e-01	  -1.7683198865191352e-01	   1.0250043403298811e-02	   4.9508112278044893e-02	   1.8284015190860987e-02	  -8.9919764380175127e-02	   3.9562501739497025e-01	   3.8632537586198562e-01	   3.8422237274463816e-01	   3.5924873482401365e-01	   2.1570486758759952e-01	   2.0387791210644382e-01	   4.8520619790079289e-01	   3.8931643471903188e-01	   4.0899141062070166e-01	   2.9198433308629479e-01	   2.2353025833134912e-01	   1.3954663581067694e-01	   2.8847915427928777e-01	   3.1883702705225103e-01	   3.7681053034114453e-01	   2.9409585018381373e-01	   5.1283716687579750e-01	   3.7558143539988820e-01	   7.9141524780951611e-01	   5.2791666922483960e-01	   6.3467300471810695e-01	   6.4469522271885260e-01	   2.5503777847682385e-01	   9.4946708528887896e-02	   2.8499383318447702e-01	   2.1941857963086198e-01	   2.6126131106504147e-01	   2.4058130888204282e-01	   2.6772403395739169e-01	   1.6349224000176069e-01	   5.0846690611132594e-01	   4.2676186163892665e-01	   4.6179879610805097e-01	   4.7507547763600710e-01	   1.7636136981746636e-01	   1.7606255763575457e-01	   4.2548806155473440e-01	   4.3919451656919961e-01	   5.1545319490694164e-01	   5.3796266878030319e-01	   1.6954949855567061e-01	   3.2461643140069807e-01	   3.9756707394030338e-01	   3.4596547379501263e-01	  -1.8266069310176103e-02	  -3.1687871383789562e-02	   4.3501116624731129e-01	   3.5901453716232973e-01	   9.6478186979072650e-02	   8.7099620968016281e-02	  -6.1856936244708482e-03	   3.5734308541551546e-02	  -1.4706316852157406e-01	   1.8530088655214488e-01	   3.2743487889986773e-02	   1.9310829346495634e-01	   9.4082489617334480e-02	   1.4516874220643203e-01	  -1.1551460324577309e-01	   1.3329453930506624e-01	  -1.0679529137450036e-01	  -2.3408147071851924e-02	  -2.2398741956003015e-01	  -2.1037100792650448e-01	   4.1836606087068379e-02	  -5.9250154058091753e-02	   7.2474896149751458e-02	  -1.3321334358460160e-01	   6.3131305852743283e-03	   1.1755607560788256e-02	   1.1578400992522492e-01	  -2.2917540561844399e-01	  -1.5641371212591759e-01	   1.1164527812806707e-01	
   5.0271706746171851e-01	   3.1464427728350358e-01	   7.3936462489973445e-02	   2.9946513120545304e-01	   4.8296692657401785e-01	   5.7193348930738064e-01	   5.4588535332076915e-01	   6.8948778955044410e-01	   5.2329920778105921e-01	   6.2615470149737129e-01	   7.5829261681602000e-01	   0.0000000000000000e+00	   6.8693074952089739e-01	   8.8504006363619925e-01	   3.7092662771085971e-01	   5.3983577334878952e-01	   4.1571957383162267e-01	   5.2470881973255423e-01	   3.3795042697624389e-01	   3.7112345396303209e-01	   1.6840962719257183e-01	   1.4387387907084670e-01	   1.4121747953441685e-01	   1.1545494680738747e-01	  -2.2860748431152542e-01	  -1.7931220780330845e-01	  -1.8806750639106640e-01	  -2.2611264357599203e-01	   6.6872731528056528e-01	   7.1285540971109118e-01	   1.4938435039323331e-01	   1.7611204619570447e-01	   3.3487742173433555e-01	   3.6990327520646765e-01	  -9.9872714938436441e-02	  -4.6445346273629617e-02	  -1.2941865594738691e-01	  -1.6983654384791549e-01	  -7.2944010775960431e-03	   8.6700527629340829e-02	   1.1213293387190187e-01	   3.5447477908677860e-02	   4.2870414488488173e-01	   4.0811048338225742e-01	   2.9363420292285602e-01	   3.5710136847505947e-01	   3.3294381848203808e-01	   2.7444381576970039e-01	   3.6172116853512831e-01	   3.5192969522600426e-01	   3.6242696287710385e-01	   2.0986185275541488e-01	   2.4946214730133798e-01	   1.7001547190824645e-01	   2.5350232002454820e-01	   2.7066805352283629e-01	   1.6731950667176732e-01	   8.7380387893064737e-02	   2.7596774796625900e-01	   4.0095807963175284e-01	   5.4677944379297472e-01	   5.9760312801018201e-01	   4.4273312315854552e-01	   6.1448861921505604e-01	   1.0874271996717240e-01	   6.1805866726207886e-02	   6.1224618276069766e-02	   1.3478693104844999e-01	   5.6226396462720193e-02	   7.4560086036861276e-02	   3.2251604414874668e-01	   2.6285265907175104e-01	   5.8504107106323922e-01	   5.4102889240520269e-01	   5.2842706668283879e-01	   5.3960708200988883e-01	   2.6526701816931147e-01	   2.5688034245402813e-01	   3.3436935072598478e-01	   4.1031778427381410e-01	   4.4258931425101056e-01	   4.8814066819566282e-01	   7.2811882866350236e-02	   3.5278047960346764e-01	   3.3525287932641684e-01	   3.1162421497370502e-01	  -1.4819065319371946e-01	  -1.2379293064618303e-01	   2.9253288901139973e-01	   2.2597953230660406e-01	   2.2189885016165509e-01	   9.2832033156720187e-02	   1.4358959607449243e-01	   1.3744779464390199e-02	   5.9381637723114486e-02	   2.7295541835540627e-01	   1.2380540006311140e-01	   2.3648842536099215e-01	   2.1831875336593071e-01	   1.7837932163218373e-01	   9.5290872635189414e-02	  -1.4685999581049523e-02	   6.6404306919210399e-02	  -1.3978452871437425e-01	  -4.3482503880201133e-02	  -1.7007209171346865e-01	   5.5096476558658729e-02	  -1.2130443967017800e-01	   1.3762659317341114e-01	   1.2142142353252280e-01	   4.3587225848156441e-02	   1.5529632041130845e-01	   2.2207130589689478e-01	  -1.2283764427986299e-01	  -5.5366544019005329e-02	   1.5715812801867365e-01	
   5.2654790600749590e-01	   2.1421059950255938e-01	   3.9232055847729996e-01	   7.1560527627208326e-02	   4.5004173096215366e-01	   2.3426104241328655e-01	   6.5182035152189299e-01	   4.0913632874876493e-01	   6.4775584975628120e-01	   3.7292141469839019e-01	   8.8329534366872442e-01	   6.8693074952089739e-01	   0.0000000000000000e+00	   7.8786312804569880e-01	   6.1624019313381206e-01	   5.0289290340782489e-01	   3.4008587729129036e-01	   4.0073439745371114e-01	   3.6657807923930230e-01	   2.6473111884771178e-01	   5.2152390889430723e-02	  -6.4050456802104194e-02	   3.2613412961911714e-01	   7.4243158477453719e-02	  -3.7887060342876769e-02	  -1.7336843280066666e-01	  -1.6933892375129614e-02	  -1.5859814789603074e-01	   5.9350480833948160e-01	   4.4050709605716287e-01	   2.5552633374722666e-01	   1.8094574236592503e-01	   4.0066395479794198e-01	   3.3052294845147601e-01	   2.3901101500645526e-02	  -6.4384870666579094e-02	  -6.2589743667815665e-03	  -4.7542495596124459e-02	   1.1594589599171500e-01	   8.2956114054717797e-02	   9.9332251218402001e-02	   3.0358863527814427e-02	   3.0162551080904004e-01	   2.9422296574418533e-01	   2.9724838401186027e-01	   2.1865788119217444e-01	   1.5577116431232682e-01	   1.1476766980810871e-01	   3.5277476408924391e-01	   2.6052676870064606e-01	   3.7011736248693405e-01	   1.8442755938642308e-01	   1.6388307716143063e-01	   1.2978883113062614e-01	   3.0180669515994818e-01	   2.7912129477792663e-01	   2.1140340126363738e-01	   1.4950869834257813e-01	   3.7210681457192379e-01	   1.9295976247799559e-01	   6.6294674578335644e-01	   3.3524206699997294e-01	   4.2623887995673443e-01	   4.2788853367661622e-01	   3.3355278961223012e-01	  -6.0473070022498271e-03	   1.3756874957149506e-01	   1.4611848499815750e-02	   1.8629317480014396e-01	   1.4330329980286918e-01	   2.2560486107571220e-01	   1.5418879684286629e-01	   4.3747960068291974e-01	   3.2790480781673614e-01	   3.6970243018172444e-01	   3.2707384440997056e-01	   1.6093791293962473e-01	   1.3408513657752025e-01	   3.5833598437425318e-01	   3.7997250478001326e-01	   4.6126199517819433e-01	   5.0333975969553169e-01	   2.9708526184047090e-01	   3.3171396449193313e-01	   5.0710552264825814e-01	   4.1077553979303227e-01	   6.4751786654882348e-02	  -2.2078447912572796e-02	   5.1617699171832010e-01	   3.6163625837976021e-01	   7.2687582418132751e-02	   1.5367369003016076e-01	  -5.1423879367019198e-02	   1.2813708722821315e-01	  -1.5281044337575717e-01	   8.5926001987589568e-02	  -3.5116630190738275e-03	   7.0783481207396914e-02	   5.0338302216799254e-02	   1.2857435673606948e-01	  -2.3846713471095260e-01	   1.7660481052179794e-01	  -2.5482063740055277e-01	  -1.1767109699306622e-01	  -3.2087033520321739e-01	  -2.5826995675615494e-01	  -3.5571147949242446e-02	  -1.3767857637539477e-01	  -2.4713028469051677e-02	  -1.7963739061580578e-01	  -5.5384151541946224e-02	  -4.5287841625796438e-02	   1.7370854967121452e-01	  -2.4398313614641851e-01	  -1.9944268762604844e-01	   7.6137509130040318e-02	
