   0.0000000000000000e+00	   9.1942037938327437e-01	   3.6981018579231378e-01	   5.4037450335742410e-01	   5.6744123140422642e-01	   4.5560105759833514e-01	   5.3953396986589075e-01	   4.3446841512995032e-01	   6.0361185098710923e-01	   4.7072073736364839e-01	   5.5505214768395739e-01	   6.6824321631245720e-01	   4.1193464388072282e-01	   5.2785056457671520e-01	   4.9162621237035520e-01	   4.1553070832310540e-01	   7.3585174760461647e-01	   6.9372209577821287e-01	   7.3255818115410187e-01	   8.0219733134339011e-01	   9.7146503554590646e-02	  -8.3588569071523414e-02	   1.8528949349184856e-01	   2.8453109827725205e-02	   3.0492784884391672e-01	   1.4108498831020860e-01	   3.1447178621874688e-01	   3.8513066994510120e-01	   2.2006010705627660e-01	   4.6555962702835152e-01	  -7.9543949827049584e-02	  -1.1768633016214529e-01	   4.9033434465759690e-01	   3.4210233433581594e-01	   1.4934003561748474e-01	   4.9547999026295766e-02	  -1.9164249366431391e-01	  -7.2181161150571506e-03	   2.8705253400752312e-01	   3.2510729793598692e-01	   5.3716151993174518e-02	   3.4912846244440643e-01	   4.2530903453927077e-01	   4.6803499697692541e-01	   3.8208998245504222e-01	   4.6205021611241948e-01	   4.5543525017039005e-01	   4.8907100306844786e-01	   6.2239019609261159e-01	   6.5677889196249173e-01	   6.2034518062558297e-01	   5.8978654236653050e-01	   6.1323763476476811e-01	   4.4308861529522819e-01	   5.8895824279082309e-01	   6.4494092671726744e-01	   9.1865242461172003e-01	   8.8427751424359713e-01	   6.4928130170143805e-01	   5.9402116519663950e-01	   5.9337037216547361e-01	   5.3495591469070369e-01	   6.9371361617580374e-01	   5.6437055909445100e-01	   3.9647410614029382e-01	   3.1546642324542262e-01	   4.1356853543821215e-01	   2.9103934543462562e-01	   8.1176902394255845e-01	   8.1290460900453276e-01	  -3.7311408589480100e-01	  -3.8333131038819324e-01	   1.9434164382650876e-01	   3.5825833666593132e-01	   2.5007040858398377e-01	   2.0645852560036679e-01	   1.0073904461478421e-01	  -2.7960826642206959e-02	   7.1683922892998941e-01	   7.1558020370425102e-01	   6.9405551066689175e-01	   7.0044716445375388e-01	   6.2723011793576156e-01	   5.5307548483910951e-01	   6.2990451950459181e-01	   6.5552495647318398e-01	   4.7753917203410201e-01	   4.5674815574012584e-01	   6.6435109965380468e-01	   7.4076898130940472e-01	   4.7237706861387629e-01	   3.4238753970691538e-01	   1.4571507134559297e-01	   1.9307501270435945e-01	  -1.6347236594690706e-01	   2.2947285563154651e-01	   2.3455713575812503e-01	   5.1557328897595944e-01	   6.8196327791018541e-01	   7.1898524138658682e-01	   3.3108333067887830e-01	   4.1188886840363004e-01	   3.0157859473847798e-01	   2.7631038688598653e-01	  -5.3800761881265969e-03	  -1.6152956806263341e-01	   1.7697242791542062e-01	   1.4353762598902337e-01	  -3.1172747761112847e-02	   2.0758134115659088e-01	   1.0024124539855081e-01	   5.5736763088133512e-01	   6.2667605135724480e-01	   4.2225946474264037e-01	   6.7302743347446320e-02	   2.5532740551512580e-02	
   9.1942037938327437e-01	   0.0000000000000000e+00	   4.0904366415182086e-01	   6.1306389355433077e-01	   5.8221545374013628e-01	   5.2097246948251397e-01	   5.2483322384127407e-01	   4.6820641564295262e-01	   5.9944499424579811e-01	   4.8498046296002423e-01	   5.2788420089977472e-01	   6.7245256089272043e-01	   3.8513989346455757e-01	   5.8570822625227636e-01	   5.7024305465181335e-01	   5.2801510087976178e-01	   7.7532365341453147e-01	   7.2619429476262853e-01	   7.7000589391164853e-01	   8.6725625191971334e-01	   2.1555762979617238e-01	   2.7626215898898028e-02	   2.8504250051240831e-01	   1.6146105125580054e-01	   4.0673358780132907e-01	   2.4881262668158327e-01	   4.3249934398007106e-01	   5.0075248265036387e-01	   1.6499686917709397e-01	   4.5583777625890665e-01	   2.6823937732924973e-02	  -1.6659522662516798e-02	   5.5288646335213731e-01	   4.1603877904138864e-01	   2.7224398159057261e-01	   1.5449477140952195e-01	  -1.0107813683844448e-01	   9.6506040273045934e-02	   3.5718477457721320e-01	   3.9444849140974525e-01	   1.5440352650169639e-01	   4.1235607668593194e-01	   5.1395657506437986e-01	   5.0122074209494594e-01	   4.2712033791690629e-01	   4.6601981270616988e-01	   5.0402454864860768e-01	   5.3726222404755486e-01	   5.9693202634845166e-01	   6.2570523573282699e-01	   5.7487953678469328e-01	   5.3967461914758297e-01	   5.8526303085662912e-01	   4.1629574256083313e-01	   5.6647199720195696e-01	   6.2972822410096774e-01	   8.9032930214596662e-01	   9.0699472501600176e-01	   5.6569609193249060e-01	   5.5643412817460336e-01	   5.5002499716973419e-01	   4.9498525820161449e-01	   6.3463484163885420e-01	   5.3195740030250382e-01	   4.8930090728177555e-01	   3.7082038549198815e-01	   4.4345568776188449e-01	   3.2173765294199991e-01	   8.0893248662661787e-01	   8.0581704503370233e-01	  -3.3697391348759509e-01	  -3.4190639005250878e-01	   1.5257147751368252e-01	   3.9712648240036008e-01	   2.3450133189895628e-01	   2.9219697897828462e-01	   8.1678179389752442e-02	   1.9578963684770967e-02	   7.5708623603538805e-01	   7.5656157966268101e-01	   7.5510354648949340e-01	   7.5950889117044440e-01	   6.8080202140432511e-01	   6.3429767377748369e-01	   6.9159168705325680e-01	   7.1145089150508189e-01	   5.6341339129123680e-01	   5.6562245347938755e-01	   6.7219273835421123e-01	   7.5898750739753384e-01	   5.1688985099525409e-01	   3.6600197369233473e-01	   2.5078509596732096e-01	   2.4513627842375740e-01	  -1.4221821348932420e-01	   3.2498051413331325e-01	   2.5168530721485699e-01	   5.0683931773183910e-01	   6.9003402731016061e-01	   7.1254496489553587e-01	   3.9520251118434574e-01	   4.2938579145597178e-01	   3.7144615598084102e-01	   2.6350008187544077e-01	   1.1553038449367561e-01	  -5.3589062514166647e-02	   2.1311183443902298e-01	   1.7707756025748805e-01	  -2.2959687214081273e-02	   2.4983145684925215e-01	   1.5691582815101393e-01	   6.1712075325162241e-01	   6.3912790693376331e-01	   4.7307149749733013e-01	   1.3129179984925698e-01	   3.8165707667342119e-02	
   3.6981018579231378e-01	   4.0904366415182086e-01	   0.0000000000000000e+00	   7.8919470486067866e-01	   6.2077009019478890e-01	   4.0556241012690986e-01	   8.6763462974207428e-01	   6.0773274086745954e-01	   4.9052239456135938e-01	   2.6912410324870001e-01	   3.0079361017548689e-01	   3.4773890278816744e-01	   2.9274577917712019e-01	   3.5752064044431980e-01	   4.7683237606587975e-01	   3.7246051334028019e-01	   1.8557934208639099e-01	   1.9427678401585147e-01	   7.0367525941681774e-01	   5.9984433876939347e-01	   5.0795492264178344e-01	   3.7192851634116053e-01	   8.7993192307422841e-01	   7.2570945601701520e-01	   7.0527044887678514e-01	   5.3434297233254169e-01	   7.0932482431888544e-01	   5.8758522133083135e-01	  -2.4981861429439184e-01	  -8.1964704229525356e-02	   4.4973924985354652e-01	   3.7609664905029833e-01	   5.0590161430688751e-01	   4.8053856269003509e-01	   6.4618185102214976e-01	   4.7863176504366511e-01	   2.9876733510960629e-01	   2.0780953596044860e-01	   4.4831360072639409e-01	   4.5133756903936018e-01	   3.0833853481046403e-01	   4.3335547854862744e-01	   4.8651624614782918e-01	   3.1219836919857430e-01	   4.3375175108552283e-01	   2.7822331464950789e-01	   3.1396332081110651e-01	   3.0549354335851031e-01	   4.2084892481154329e-01	   3.8973815615723884e-01	   4.7568259628204967e-01	   3.8076997553268893e-01	   2.8362080859974770e-01	   3.8371433395439913e-01	   4.7121056771287895e-01	   3.4154382248365767e-01	   2.8618408340869994e-01	   3.1449397293888892e-01	   5.2791773620232962e-01	   4.3191385300017626e-01	   5.4295295176173219e-01	   3.5011720446155348e-01	   3.2730623825244853e-01	   1.0642782811843099e-01	   7.2598631419905924e-01	   5.7757742272128398e-01	   6.2518486831421305e-01	   4.2128957096668695e-01	   2.8711036624851582e-01	   2.8066874637941330e-01	  -8.5389452250965683e-02	  -3.2820999450739852e-02	   1.4790105475617571e-01	   2.4480496531543719e-01	   2.9542789997789004e-01	   3.2693781762246171e-01	   1.1565702058028055e-01	  -2.0908179711701769e-02	   2.8817615129492202e-01	   3.5223231353926493e-01	   3.3567149783532835e-01	   3.9495334090981715e-01	   4.3783131814439319e-01	   3.8690877351091368e-01	   4.8919062511682676e-01	   4.0321464171850940e-01	   5.7993546786359818e-01	   5.1246055898272813e-01	   6.7487839605774191e-01	   6.3983421214185876e-01	   6.9541051243657925e-01	   7.4380481856485559e-01	   7.0474711950085012e-01	   7.4789979435008891e-01	   1.7119949411244362e-01	   1.0761624100001954e-01	   2.8125121452843616e-01	   2.8936833243469401e-01	   3.4854275724327233e-01	   5.5519549843105431e-01	   4.8006991265085819e-01	   7.3468543230258798e-01	   2.3177940180595047e-01	   2.7864241309903953e-01	   4.1624509384910996e-01	   3.0482780619694588e-01	   4.2212025459010111e-01	   4.1705166655104758e-01	   3.7622534648863526e-01	   2.8667780085237271e-01	   2.8631711857937470e-01	   3.2696582518381195e-01	   3.7412306870578199e-01	   3.1796014876897843e-01	   4.6646340846610634e-01	   6.7799919002960160e-02	
   5.4037450335742410e-01	   6.1306389355433077e-01	   7.8919470486067866e-01	   0.0000000000000000e+00	   7.2875927722616096e-01	   6.7704476630837551e-01	   8.2518380437382544e-01	   8.2661033407770468e-01	   6.1154117870498426e-01	   4.5598765823912479e-01	   3.0811281958441150e-01	   4.8332893975004432e-01	   4.0970746956906273e-01	   4.8318621882426221e-01	   4.6545565660131738e-01	   5.1169060020816848e-01	   3.3539930159925202e-01	   2.9911151473781233e-01	   8.0265599688828893e-01	   7.7545407506310826e-01	   5.0502383051749755e-01	   3.8167404221627083e-01	   6.3295348687590358e-01	   6.0382273485065618e-01	   6.5927955380359426e-01	   6.1631803692850973e-01	   6.3510146945281554e-01	   7.0101243422288495e-01	  -1.3037484371059890e-01	   8.8525901275877922e-02	   3.5561990686170680e-01	   3.8215139911466167e-01	   6.3823292708495138e-01	   6.1013615758159401e-01	   5.6674361056991296e-01	   5.5168022418031482e-01	   6.7917645895205922e-02	   1.7237275504379990e-01	   3.7137390051089281e-01	   4.6638951864035338e-01	   2.6048210092954577e-01	   4.7938762880992525e-01	   6.2941631566675194e-01	   4.6929168649948594e-01	   5.0870577965053554e-01	   4.6587958691728631e-01	   4.3691120558352226e-01	   4.8257674824687463e-01	   5.6541538537643132e-01	   5.3652709259608000e-01	   6.3507142817942652e-01	   4.8798670695861257e-01	   3.7285238573136970e-01	   3.1717594393622656e-01	   5.3029241607016875e-01	   4.2391118903348030e-01	   4.7204565556835543e-01	   4.5582562929512715e-01	   6.6441527811863554e-01	   6.7848299992026995e-01	   6.7341126246786009e-01	   6.1983661016132119e-01	   3.7198976739600992e-01	   2.0216807739703843e-01	   6.4270205118987644e-01	   7.8230855806848187e-01	   7.8051284124271414e-01	   6.3886326540463956e-01	   4.2896271970419853e-01	   5.0404699743357118e-01	  -2.2005304894386396e-01	  -5.2531710472041825e-02	   2.1865809377830575e-01	   3.4018283673065319e-01	   3.6854902382499310e-01	   4.2484661570317139e-01	   1.3864234622838600e-01	   4.2030325169296022e-03	   4.6345761952822395e-01	   5.0778143786729468e-01	   4.8822511961103432e-01	   4.9967675388397065e-01	   4.8044792644628143e-01	   5.5622522127805685e-01	   5.0310958435933428e-01	   6.1093629818618977e-01	   5.4597849393045206e-01	   6.1746445006060324e-01	   7.2881519854399812e-01	   7.8374498755408850e-01	   7.7874539062770765e-01	   6.7143545501323865e-01	   7.5692508986017015e-01	   5.7211497363320274e-01	   9.5487625932907619e-02	   2.4939306608132977e-01	   2.6499298776901936e-01	   3.9281470343634151e-01	   4.7247672716765848e-01	   6.5311135005438226e-01	   7.3088583368701632e-01	   7.2658845690166696e-01	   5.2611525176939433e-01	   4.4276431931688748e-01	   4.8195029463651634e-01	   2.1893016139460217e-01	   5.9054158926699707e-01	   5.6527464771013392e-01	   2.3100471576544729e-01	   2.2426184119845749e-01	   3.2927812158337183e-01	   4.9281710233018383e-01	   5.4850724195727685e-01	   3.7603745365452634e-01	   4.8897516729594209e-01	   1.5312273369646143e-01	
   5.6744123140422642e-01	   5.8221545374013628e-01	   6.2077009019478890e-01	   7.2875927722616096e-01	   0.0000000000000000e+00	   7.9261766745250783e-01	   7.3624247149768685e-01	   5.9994712604387279e-01	   9.1443700615751977e-01	   7.7171007346060405e-01	   3.5640194721958673e-01	   4.2399599704177393e-01	   4.6928604887038960e-01	   3.9764195363582255e-01	   6.9611092529086971e-01	   6.5349294145378112e-01	   3.6945084431846487e-01	   3.8254755429259463e-01	   6.9835338979731942e-01	   6.1986300791819104e-01	   5.2017655228539428e-01	   3.8022500095211076e-01	   4.7307322007919050e-01	   2.9364983581388021e-01	   6.4744807551017303e-01	   5.2836811886745538e-01	   6.3220200758363276e-01	   7.4041913164644280e-01	  -4.6503163618143835e-02	   2.4413567130285968e-01	   2.0360657182642844e-01	   2.2458197049299278e-01	   4.3397402136589225e-01	   4.0338793602660100e-01	   3.4240794764060145e-01	   3.3308825946006926e-01	  -1.0665744315867458e-01	   1.3189605818319256e-02	   3.7717529297589736e-01	   4.2246785742605986e-01	   1.8682907100212598e-01	   2.8971899210491342e-01	   4.4274683024561856e-01	   3.5637493361749212e-01	   3.4785393033529066e-01	   3.3189305685379100e-01	   3.3149011328740996e-01	   3.4858889803420079e-01	   5.1670309513990287e-01	   4.6627719240633403e-01	   5.7776810365628095e-01	   3.9230479133142782e-01	   3.3484964084752922e-01	   2.4517150871221466e-01	   5.1456033982825000e-01	   3.9125162677399150e-01	   5.2816626295482738e-01	   5.0187789285626327e-01	   6.6539878072712977e-01	   5.7752207045268200e-01	   7.5559221724441195e-01	   6.4685393565385274e-01	   4.7128938333677473e-01	   2.4640111081969968e-01	   5.4457509276965022e-01	   5.6227212727796860e-01	   5.7312076995215844e-01	   4.2655613595198211e-01	   4.1954942431403619e-01	   4.2643792279884418e-01	  -2.6410223114226516e-01	  -1.3856649027049525e-01	   2.0219276792646163e-01	   3.4257565273876156e-01	   2.8296201365622453e-01	   3.0830280063493554e-01	   6.4421460122291843e-02	  -1.2236833501935021e-01	   4.7849757032396933e-01	   5.6062328899374325e-01	   5.0897705821304606e-01	   5.3161682230684359e-01	   5.3218779092407187e-01	   5.3822152689422897e-01	   5.3323796650168820e-01	   5.3173020407268701e-01	   3.5960326172594992e-01	   3.6700511483540066e-01	   7.5694927541349655e-01	   6.4359457925321906e-01	   5.3842474475428570e-01	   4.9419807569209601e-01	   4.7630628589820806e-01	   4.5701213664023427e-01	  -1.1613301368153331e-01	   1.7878560121759396e-01	   2.0460040221092582e-01	   2.8935385392561319e-01	   4.3215178028240919e-01	   4.5509230750499596e-01	   5.3386918095660141e-01	   6.8439383683498467e-01	   2.6049686391978411e-01	   3.4935404277204218e-01	   2.1098592368462382e-01	   1.2329531057013392e-01	   2.9053260554811361e-01	   2.8879166190359029e-01	  -6.8535799697549860e-02	   4.2166100474281709e-02	   2.4106209945899346e-01	   4.1707920158809980e-01	   3.7759536296889323e-01	   2.2007954642443650e-01	   2.6407375654121024e-01	   5.7435659184408919e-02	
   4.5560105759833514e-01	   5.2097246948251397e-01	   4.0556241012690986e-01	   6.7704476630837551e-01	   7.9261766745250783e-01	   0.0000000000000000e+00	   5.1086320448022260e-01	   6.8272719240425228e-01	   7.4030318631092440e-01	   7.8560555515825237e-01	   2.2164908230275182e-01	   3.7644322518754614e-01	   4.4966596404594306e-01	   4.1197067886790917e-01	   5.5407538101700182e-01	   7.0244795673309601e-01	   3.8927034208728550e-01	   3.5971004793815570e-01	   6.2274301719148650e-01	   5.8569716314495235e-01	   6.2756867816084472e-01	   5.3986648974678542e-01	   2.7037291507837957e-01	   1.4470806454945917e-01	   5.0654837049625034e-01	   5.8434661663207377e-01	   5.4833708999139030e-01	   7.9903306107081484e-01	   7.1452581298498213e-02	   3.4841593584553909e-01	   1.7858227785024533e-01	   2.4301583106999852e-01	   5.7333805185979059e-01	   5.8747120530047070e-01	   3.1053654395183650e-01	   4.4345310006285688e-01	  -2.3011817638310006e-02	   2.0854304229859577e-01	   4.5665818136551389e-01	   4.9895648734445841e-01	   3.0982371873385639e-01	   4.2806720960296551e-01	   4.4261720817169242e-01	   3.3794346520978058e-01	   4.0880300498905686e-01	   4.5781210246204684e-01	   3.4396791097180091e-01	   3.8124050276167742e-01	   5.4996377622220938e-01	   5.0558959644862789e-01	   5.5205388547361400e-01	   4.2970815174703780e-01	   3.0309479171159004e-01	   1.7912746621250847e-01	   5.5499400906204377e-01	   4.1097083187552391e-01	   4.2657217964448035e-01	   4.0869238808748481e-01	   5.7384100610534117e-01	   6.6534512109944899e-01	   6.1431064959269455e-01	   6.6025270580025119e-01	   4.6857095261955356e-01	   4.0697692591660595e-01	   3.3588466596504962e-01	   5.4203778854880269e-01	   6.0307769472878170e-01	   5.5970558755854050e-01	   3.2887876250483938e-01	   3.9325847253306978e-01	  -2.9373928635602137e-01	  -1.1987950862394042e-01	   2.6545300003781075e-01	   4.2280441061171481e-01	   3.1518800114518963e-01	   3.6479014409198246e-01	   4.8215501948008402e-02	   3.7814232766871778e-02	   4.3714080441238790e-01	   4.3818442303005312e-01	   5.0573536514889694e-01	   4.3366270098040016e-01	   4.2510545610539263e-01	   5.6283964074220427e-01	   3.6568106478646284e-01	   5.2235790236199175e-01	   2.9164553845965280e-01	   3.9646838061042572e-01	   6.9157227602270843e-01	   6.4825875030805491e-01	   5.9535835952348481e-01	   4.2266948037240604e-01	   4.7301090192023387e-01	   2.4204710394206919e-01	  -6.7438507355832525e-02	   2.2066317463742091e-01	   2.4093781136970921e-01	   2.7292853011472112e-01	   4.4817504717789469e-01	   4.5243605606730525e-01	   6.2002959177558647e-01	   4.9209021649234097e-01	   4.5632781268468847e-01	   3.3105383605871380e-01	   2.8506504338147837e-01	   1.0078335657587745e-01	   4.5129483157193795e-01	   3.5041908032179803e-01	  -4.5863563083087561e-02	   7.7570332524566406e-03	   3.2619461264206251e-01	   4.7419236488110600e-01	   4.3883716615950324e-01	   2.4196748671986967e-01	   2.8048178683861813e-01	   1.2815542499446336e-01	
   5.3953396986589075e-01	   5.2483322384127407e-01	   8.6763462974207428e-01	   8.2518380437382544e-01	   7.3624247149768685e-01	   5.1086320448022260e-01	   0.0000000000000000e+00	   7.9463892494155419e-01	   6.5339799710781876e-01	   3.9279226960443220e-01	   3.8751340919025701e-01	   4.7402186831756249e-01	   5.0298700887377612e-01	   4.6901853919059566e-01	   4.2541679914894409e-01	   4.0776009577086936e-01	   2.7461050350206867e-01	   2.5783782949562900e-01	   7.6190150053887185e-01	   6.7309816143929135e-01	   4.0906772475065156e-01	   2.7020437045072049e-01	   6.6954999441423924e-01	   4.9016822931250714e-01	   5.5472737496078939e-01	   4.2752733691762163e-01	   5.1611195624395512e-01	   5.1660783954095912e-01	  -1.4713806541103734e-02	   1.8402260738860129e-01	   3.3140563495442499e-01	   3.0915249138067769e-01	   4.8236686934738032e-01	   4.8095191179422092e-01	   4.8117251166103098e-01	   4.0036207359523712e-01	   7.8983079335523787e-02	   7.0668973999523488e-02	   2.9374799778693417e-01	   3.2590222543888309e-01	   2.2360268261191771e-01	   4.5454180263027577e-01	   4.6505894099801315e-01	   3.2160060909457294e-01	   3.7731927660502307e-01	   2.8896341106790369e-01	   3.1753626676698943e-01	   3.0957384483963418e-01	   5.0640951968323633e-01	   4.4797518606232134e-01	   5.9161294246231411e-01	   4.6657609869603212e-01	   4.1619978266858770e-01	   3.8527287151089007e-01	   4.7266526112677948e-01	   3.4901219185408533e-01	   4.1561980733236281e-01	   4.1376194978534875e-01	   7.0904624310704789e-01	   6.1647187211376120e-01	   7.6286954341423585e-01	   5.9360103310956824e-01	   4.4889105541335295e-01	   3.0229578609092522e-01	   5.9971633914070765e-01	   5.7928087794892247e-01	   6.6702439354497489e-01	   4.5543008744397634e-01	   3.9173837463513927e-01	   3.9425082278666246e-01	  -1.1485794874047757e-01	  -3.2113839650023436e-02	   3.1862160774922965e-01	   3.9757267851524114e-01	   3.9218576386842313e-01	   4.0021759027259629e-01	   1.9580418460549395e-01	  -1.6878411019398288e-03	   3.3966802456785794e-01	   4.5994462099920130e-01	   4.1777733027782105e-01	   4.6157355228420555e-01	   4.3590291792327918e-01	   4.1246124970810266e-01	   4.5348124323867095e-01	   4.8136182099965319e-01	   4.4015869824891718e-01	   4.1789330600380281e-01	   7.2591006197403252e-01	   7.0757131557859221e-01	   7.2522291347102696e-01	   7.1282321717874098e-01	   6.4390718795207347e-01	   6.2813032729075713e-01	   1.0408755632569114e-02	   6.5327205590931678e-02	   1.8779467460202698e-01	   3.0855749132875676e-01	   3.9389784577403231e-01	   6.0846298246178632e-01	   5.9215359286896518e-01	   7.9451002098311463e-01	   3.3865936583791528e-01	   4.3219637151881807e-01	   3.5210230445158797e-01	   1.5469736464221154e-01	   4.9768156155403576e-01	   5.2497064922216485e-01	   2.4852524721124847e-01	   2.3523097989123348e-01	   2.4542719659648435e-01	   3.5072843889174049e-01	   4.7907377055460476e-01	   3.6845908504531755e-01	   4.5221827412159682e-01	   5.2199813950253096e-02	
   4.3446841512995032e-01	   4.6820641564295262e-01	   6.0773274086745954e-01	   8.2661033407770468e-01	   5.9994712604387279e-01	   6.8272719240425228e-01	   7.9463892494155419e-01	   0.0000000000000000e+00	   5.5316322014516517e-01	   4.7040500290670206e-01	   1.9228693408173417e-01	   4.6319082206409118e-01	   4.3412738639483078e-01	   4.9403406138964356e-01	   2.9707404336828419e-01	   4.3194817748582998e-01	   1.9174513639941129e-01	   1.3135409702697265e-01	   6.7034721507980910e-01	   6.3270284702740831e-01	   3.4230442980204684e-01	   2.6558080493612535e-01	   4.0661625761554510e-01	   3.1942375645537185e-01	   3.2659790695467966e-01	   3.3831256689481320e-01	   3.1217658561335859e-01	   4.5827539905808962e-01	  -9.1643792604508695e-03	   2.1820253465046963e-01	   1.6226793459205405e-01	   2.0665888030280849e-01	   4.7905988444182379e-01	   5.1655198756224596e-01	   2.9251357917006815e-01	   3.6642806654392807e-01	  -4.1300292344690778e-02	   2.9446293769788811e-02	   2.1719739548898370e-01	   2.4870307553367990e-01	   2.0527178932262113e-01	   4.2623705072171869e-01	   4.0665018794875213e-01	   2.7309717717970805e-01	   3.4183433501581473e-01	   3.4359920008924771e-01	   2.3329022456828194e-01	   2.4853389809899795e-01	   5.3529967819630897e-01	   4.7005924509184760e-01	   5.6833836545253102e-01	   4.8710559410568544e-01	   3.8880942436235810e-01	   3.1308585896984886e-01	   3.9152174690547353e-01	   2.5460276723974568e-01	   3.2359640552439850e-01	   3.1176998129624589e-01	   6.4439554363864637e-01	   7.3438205062037598e-01	   6.5761585705798287e-01	   6.6876680265542776e-01	   3.9170146467751510e-01	   4.0913942772701783e-01	   3.6981203487807179e-01	   5.5996036081878131e-01	   6.1635074769386677e-01	   4.9675892377094200e-01	   2.9256798717573901e-01	   3.7692793975741423e-01	  -1.7275188896821880e-01	  -3.5488973085346848e-02	   3.0017583374175333e-01	   3.8952621641096191e-01	   3.4962266207159259e-01	   4.0452555554469438e-01	   8.8693881011475809e-02	   4.5225416635809495e-03	   2.4387443183426299e-01	   3.0178911863688618e-01	   3.3843164390832492e-01	   3.0350181363443063e-01	   2.5431858896281090e-01	   3.6964657815491159e-01	   2.6675509165484090e-01	   4.6219668443582318e-01	   2.7789125971479289e-01	   3.5977312092708202e-01	   6.1662851292465093e-01	   6.9227335986215355e-01	   7.1885579195591731e-01	   5.9050850706811786e-01	   6.3230592434618260e-01	   3.6387410766355605e-01	  -7.2944429331544575e-02	   2.4700527392379809e-02	   4.2978016617011824e-02	   1.4988279977592667e-01	   2.9231391742121482e-01	   5.2204178820672509e-01	   6.8438768873595834e-01	   5.6350150286801615e-01	   5.5353367664310404e-01	   3.6898707248249907e-01	   3.6365784032763593e-01	   5.3304679337159648e-02	   6.0107884793395283e-01	   5.1781610189714222e-01	   1.6820000057503914e-01	   5.2185222785552002e-02	   1.3342220681717010e-01	   2.8988403401522655e-01	   4.7839948245312469e-01	   2.5082325319377807e-01	   3.5593165118783221e-01	   6.9709279781399805e-02	
   6.0361185098710923e-01	   5.9944499424579811e-01	   4.9052239456135938e-01	   6.1154117870498426e-01	   9.1443700615751977e-01	   7.4030318631092440e-01	   6.5339799710781876e-01	   5.5316322014516517e-01	   0.0000000000000000e+00	   8.8172808255894108e-01	   3.8337321803640978e-01	   4.6369791275760464e-01	   5.3166332605309230e-01	   5.1398290152228476e-01	   7.0199257350350386e-01	   6.5347873759711494e-01	   3.4194554891527801e-01	   3.8535524557340395e-01	   6.8018533114997726e-01	   6.2036506667475355e-01	   2.9587423954411396e-01	   1.7098820838834847e-01	   3.3579354343336298e-01	   1.4088840328802346e-01	   4.4724137114858986e-01	   3.1837480148011266e-01	   4.6741201672502980e-01	   5.8837573853210468e-01	  -1.4903789038111842e-02	   2.7848534878664394e-01	   4.7788920117866174e-02	   3.7251819948360632e-02	   3.1754556746242668e-01	   2.6487365870188373e-01	   1.2601073654172976e-01	   1.4935112317748311e-01	  -2.1861717601223568e-01	  -7.1264741075433249e-02	   2.7474012473086279e-01	   2.6957617925746935e-01	   6.7559303764976097e-02	   1.9816442295993270e-01	   2.9316237025182745e-01	   2.3957634822197649e-01	   1.7555056998346608e-01	   2.0667443691083537e-01	   2.0981979592922051e-01	   2.2230673962831016e-01	   5.1231684373106345e-01	   4.6808834750678296e-01	   5.8853153966548200e-01	   4.2233748789807557e-01	   4.1355413224706361e-01	   2.9853214839481013e-01	   4.8263339861815924e-01	   4.0333482772328322e-01	   5.4957470436343447e-01	   5.5184550857421943e-01	   6.6470413115949967e-01	   6.0139187769233948e-01	   7.2799378386655911e-01	   6.1160561798065660e-01	   5.1580648437162302e-01	   3.4634585809316842e-01	   3.8037920402136743e-01	   3.6150509624395433e-01	   4.2890009242937766e-01	   2.6326581526505860e-01	   4.7819227855328550e-01	   4.2806185142349062e-01	  -3.2670792546426541e-01	  -2.5033068108179024e-01	   1.8854035055491611e-01	   2.8396161948542331e-01	   2.3140495688182022e-01	   1.7865543353344063e-01	   4.2876103947318812e-02	  -1.4484829575998981e-01	   4.2668704706870297e-01	   5.0295811587815065e-01	   4.4129938866860752e-01	   4.9460267903711053e-01	   4.7713451162151332e-01	   4.8478185171725169e-01	   4.9094380956598971e-01	   5.3244391418585857e-01	   2.9677252525128511e-01	   2.8513196613844888e-01	   7.1044891646897557e-01	   6.4053151544019782e-01	   4.6557385494436276e-01	   4.1676844712305439e-01	   3.3672696078364578e-01	   3.0969687616488129e-01	  -2.4335291380575597e-01	   1.3696387455528009e-01	  -1.0190487945604676e-03	   1.7342991546098613e-01	   4.2785171429954821e-01	   4.5135514017502976e-01	   5.1001823414440417e-01	   5.7729666219990960e-01	   2.7356025081948104e-01	   3.8158763416377894e-01	   1.1740507860033032e-01	   3.2683525382902825e-02	   2.2297485223228986e-01	   1.8452417096143500e-01	  -1.7653038926380465e-01	  -8.4498462957029952e-02	   4.8023622314662812e-02	   3.6408819544309401e-01	   3.6920639001461697e-01	   1.7748421444639828e-01	   1.0111823879631043e-01	  -3.3795494573009961e-02	
   4.7072073736364839e-01	   4.8498046296002423e-01	   2.6912410324870001e-01	   4.5598765823912479e-01	   7.7171007346060405e-01	   7.8560555515825237e-01	   3.9279226960443220e-01	   4.7040500290670206e-01	   8.8172808255894108e-01	   0.0000000000000000e+00	   2.8273009234233243e-01	   3.9351093699897538e-01	   4.0490180151440747e-01	   4.7404378318856505e-01	   7.1432746776265588e-01	   7.0386550457958164e-01	   2.4773617893964589e-01	   3.1832697085477213e-01	   5.4542384203488259e-01	   4.8758357680954023e-01	   3.2415615964191391e-01	   2.1930979106681422e-01	   2.0638989746748948e-01	   4.6806293457031509e-02	   3.3717975569294839e-01	   2.4355977071277599e-01	   4.1140786096745324e-01	   5.8458614815377818e-01	  -6.4235832024461523e-02	   2.3843651959050566e-01	  -5.6042416474933333e-02	  -3.9907930310672739e-02	   2.4378509723363845e-01	   2.1132139358606594e-01	   2.4067737770201415e-02	   9.3442134089640694e-02	  -2.0627227121327885e-01	  -3.9044551572036311e-02	   3.1389585783439544e-01	   2.5953011392390157e-01	   1.2450980029828512e-01	   1.7535617865939909e-01	   1.9741108014055214e-01	   1.6377673307924978e-01	   1.2970629252635257e-01	   1.8190058215155586e-01	   1.3194819848031006e-01	   1.4423119824000930e-01	   4.2744033437901835e-01	   4.1584729839725576e-01	   4.5508028245479071e-01	   3.3379187254029019e-01	   2.8088210788805090e-01	   2.0105046487470468e-01	   4.3543141538350438e-01	   3.3283517591844936e-01	   4.4879993022036085e-01	   4.3355930104198970e-01	   4.8972478069541148e-01	   5.1933472823768145e-01	   5.6756775988741892e-01	   5.1869637886245801e-01	   4.4523319875776274e-01	   3.4045224497891868e-01	   2.8447251951656710e-01	   2.5655039663171442e-01	   2.7418824501648675e-01	   1.8084110215584254e-01	   3.1546086604930618e-01	   3.0304431535934151e-01	  -3.2510381828795676e-01	  -2.4867574743029891e-01	   1.1497500240273945e-01	   2.0743066559644691e-01	   2.0082897542058728e-01	   1.5826122819554939e-01	  -3.4419015904502234e-02	  -1.3788173890774705e-01	   3.2760920955741790e-01	   3.5114373252428371e-01	   3.1892261773748276e-01	   3.5418713401049740e-01	   4.1684688801010439e-01	   4.6146789341915173e-01	   3.9776401413398449e-01	   4.4682586425991033e-01	   2.5965002907908308e-01	   2.3396917462493649e-01	   6.2417840867679886e-01	   5.5773444866231925e-01	   3.9355707945999313e-01	   3.2580055770059541e-01	   2.7803603826439161e-01	   1.4973660221792001e-01	  -2.6611879362730245e-01	   1.2929223733518791e-01	  -5.5885543881423617e-02	   6.3406245399531561e-02	   3.3244508308415838e-01	   3.3740569602849413e-01	   4.4714881573514886e-01	   3.9055074871502826e-01	   2.7258358443633268e-01	   2.5622404967734347e-01	   7.8443009954239348e-02	  -1.2935024778298566e-03	   1.6912428061256221e-01	   4.5364073197797922e-02	  -2.8526034107402365e-01	  -2.4068673949302563e-01	  -1.6618360193122836e-02	   2.8621043492312381e-01	   3.0357019304850286e-01	   6.3399549057653812e-02	   4.6903266605743010e-02	  -9.9346668435816646e-03	
   5.5505214768395739e-01	   5.2788420089977472e-01	   3.0079361017548689e-01	   3.0811281958441150e-01	   3.5640194721958673e-01	   2.2164908230275182e-01	   3.8751340919025701e-01	   1.9228693408173417e-01	   3.8337321803640978e-01	   2.8273009234233243e-01	   0.0000000000000000e+00	   7.3658898778941362e-01	   7.1351253268393022e-01	   6.7896743607283039e-01	   5.4230922619824484e-01	   4.3002377064029657e-01	   6.1059539423295739e-01	   5.3041274952391104e-01	   6.2167048785429513e-01	   4.8652319299867824e-01	   1.9714685499663892e-01	   8.4130889848462231e-02	   3.6698002857356687e-01	   2.4103401258653687e-01	   3.6224191514510323e-01	   1.9241654748860962e-01	   3.2396419532492415e-01	   3.2777515181005135e-01	   4.7634537539768007e-01	   5.4368376310206412e-01	   2.8165695404795626e-01	   1.8977217399782104e-01	   3.9433513816371468e-01	   2.9212781450628639e-01	   2.3894303651983911e-01	   1.1081489971031599e-01	  -4.0347920941646636e-03	   1.5938262317236856e-01	   2.6441767014973022e-01	   3.4124118840591477e-01	   1.5375194919032170e-01	   4.4561020952477437e-01	   4.5139309571428593e-01	   5.2138438376212959e-01	   3.2749317378550491e-01	   3.1049505626635920e-01	   4.8223821742337780e-01	   4.3865986775658905e-01	   3.4234702942370321e-01	   3.9747469159063342e-01	   3.4393018863161123e-01	   3.1016329804654424e-01	   3.3556857509816240e-01	   2.8991982022488838e-01	   5.1112482814874027e-01	   5.7707700701257048e-01	   4.6257354017243396e-01	   5.3597177183767819e-01	   3.0207389332855461e-01	   2.7758413784782643e-01	   4.6384324736116378e-01	   3.3843094418840475e-01	   6.4095237209625955e-01	   4.3372714914869115e-01	   4.5376864296129271e-01	   2.6006210755769221e-01	   3.2278085105765852e-01	   2.1316795269812705e-01	   5.0255853543862916e-01	   3.8696345268451804e-01	   3.0503248483928713e-02	   4.3915611678668379e-02	   5.7359835775382262e-01	   5.4165295413103032e-01	   5.7184544820946415e-01	   4.5198736405948375e-01	   4.9345000486319573e-01	   3.0166174971090542e-01	   4.8501854918741683e-01	   6.0963600829646447e-01	   4.6612091706060554e-01	   5.8279184460210565e-01	   7.9208546855938866e-01	   6.4075026728162621e-01	   7.0277635654903681e-01	   5.4210319618470126e-01	   6.4697289758952736e-01	   5.3505153587564303e-01	   5.3595934936885559e-01	   5.4410679143516438e-01	   2.5865940282457456e-01	   1.6204492999565340e-01	   3.4528131566033064e-02	   6.1033732907313218e-02	   8.7130680400648280e-02	   4.2586733470520688e-01	   3.5649431007710591e-01	   6.4111155548032250e-01	   4.6718926062972943e-01	   4.4661019377263078e-01	   2.7174907841291512e-01	   3.1611067279082272e-01	   1.6006830204834327e-01	   2.4273471738135100e-01	  -2.1843044024182391e-02	  -1.6024044499159446e-01	   2.2430071054383376e-02	   6.0810681715577429e-02	   2.5157369806784024e-02	   3.9420756833687620e-01	   2.8608869454972452e-01	   3.7983162213689503e-01	   3.1417940283247159e-01	   2.1881515689210193e-01	   1.3170431755193168e-01	   7.8223614930947816e-02	
   6.6824321631245720e-01	   6.7245256089272043e-01	   3.4773890278816744e-01	   4.8332893975004432e-01	   4.2399599704177393e-01	   3.7644322518754614e-01	   4.7402186831756249e-01	   4.6319082206409118e-01	   4.6369791275760464e-01	   3.9351093699897538e-01	   7.3658898778941362e-01	   0.0000000000000000e+00	   6.2379557866315971e-01	   8.6064807487357897e-01	   5.5456622614132955e-01	   5.3356985454690120e-01	   5.8921701990071995e-01	   6.6455264732297636e-01	   6.8237562743334323e-01	   6.1952467576676473e-01	   1.8218265630171276e-01	   8.4906450691919294e-02	   3.0425353638275998e-01	   1.3801267742306345e-01	   2.8730930207144934e-01	   6.7874185864781958e-02	   2.9651232406993805e-01	   3.7338674384146908e-01	   2.0671002718001918e-01	   5.3856610838902130e-01	   1.4929079794551475e-02	  -5.7869192464537422e-02	   4.0732025939775729e-01	   2.9426757534920100e-01	   2.0773188786306218e-01	   1.0526870468473863e-01	  -1.0299821441177286e-01	   7.6820684941179940e-02	   2.7902370901410234e-01	   3.3191934019783964e-01	   1.9815551225935862e-01	   4.5093359619735096e-01	   5.0211760740655198e-01	   5.0539988715816397e-01	   4.1033227216187695e-01	   4.1242862714032180e-01	   5.1536732540734309e-01	   4.3426438760080005e-01	   5.9726971428381925e-01	   6.2911818028324262e-01	   5.9949847908538700e-01	   5.5418478141798821e-01	   5.4039508790668145e-01	   4.2825879575222708e-01	   5.3894661055612647e-01	   5.8100448963695217e-01	   5.5855013535825493e-01	   6.8092755333710608e-01	   5.3079801915300640e-01	   5.8266634311521381e-01	   6.0251924385862310e-01	   4.8734327269667549e-01	   6.6730988294381632e-01	   5.8698209047995309e-01	   4.8362637738058939e-01	   3.5336265099460534e-01	   3.8211301135486075e-01	   2.4447269041526398e-01	   5.9884273407249466e-01	   5.2705912144574740e-01	  -5.5733459233300406e-02	  -7.0257245579643912e-02	   3.6796179014890457e-01	   5.0857216339044631e-01	   3.9901299976076415e-01	   4.6374821838786917e-01	   2.8507500831581511e-01	   1.3722404085082746e-01	   5.9698546083914339e-01	   6.5245137320046964e-01	   5.8324912359190961e-01	   6.6628752929679147e-01	   7.6664697546347371e-01	   6.6627657332474821e-01	   7.4155643840549257e-01	   6.7928002827028233e-01	   5.5792464262383068e-01	   5.8418914735352168e-01	   6.4895413139174063e-01	   7.3986749459608880e-01	   4.9326725979535568e-01	   3.6460097996901258e-01	   1.9397905141202640e-01	   1.6132249654791597e-01	  -6.0203891336318698e-02	   2.1567191966523491e-01	   2.8760511299699271e-01	   5.2332449320972252e-01	   5.8159568864819433e-01	   6.1907455989425852e-01	   3.9574543697689124e-01	   4.3479332974318197e-01	   2.8711669229465386e-01	   2.8428516122537129e-01	   4.5308918849074717e-02	  -1.9885191738005609e-01	   7.2790636785968352e-02	   1.1076198720455389e-01	  -5.8023971768780052e-03	   2.8612387815763185e-01	   1.6289319313481537e-01	   4.3653708871858510e-01	   4.4621100014677917e-01	   2.6430337586167102e-01	   9.0071594358056187e-02	   3.4985196238919406e-03	
   4.1193464388072282e-01	   3.8513989346455757e-01	   2.9274577917712019e-01	   4.0970746956906273e-01	   4.6928604887038960e-01	   4.4966596404594306e-01	   5.0298700887377612e-01	   4.3412738639483078e-01	   5.3166332605309230e-01	   4.0490180151440747e-01	   7.1351253268393022e-01	   6.2379557866315971e-01	   0.0000000000000000e+00	   7.0994855555431347e-01	   4.1133382584019829e-01	   4.5740583798957157e-01	   3.8326831842405085e-01	   3.6979627127440151e-01	   5.7932006459045626e-01	   4.4623698051178118e-01	   2.5594642725848105e-01	   1.9710751275360300e-01	   2.5954775767595484e-01	   1.0957275672282249e-01	   2.5943092031582671e-01	   2.1429847743242406e-01	   2.5306657234759317e-01	   3.7278515663933776e-01	   4.6493834452869476e-01	   5.5623589531834461e-01	   2.1047061994595939e-01	   1.8725708368449662e-01	   3.9681532565247035e-01	   3.6858679332992383e-01	   2.0277226318226668e-01	   2.6346358120878421e-01	   1.0009759517816108e-02	   2.1323547693680503e-01	   1.4385408143185247e-01	   3.0835213520886423e-01	   1.2024290051207856e-01	   4.1509125283520470e-01	   4.9156135776726639e-01	   4.8981479280008045e-01	   3.5226498635607351e-01	   4.2240490443492473e-01	   4.5887354213287268e-01	   4.5282068628255023e-01	   5.4303410707082300e-01	   5.3302032432016344e-01	   6.0186045500315188e-01	   4.9980918960061982e-01	   4.1909337247183609e-01	   2.8583657116644978e-01	   4.8127519114870621e-01	   5.4317109665434748e-01	   2.5978847143196560e-01	   3.4438603334202034e-01	   5.3905289849567761e-01	   5.6144799873867557e-01	   6.9956428918671698e-01	   5.8855047557659890e-01	   5.2056799435490597e-01	   4.3940129322333610e-01	   3.1869580735458325e-01	   4.0638939538292607e-01	   5.2659462575707339e-01	   4.2863413312489074e-01	   3.7021917067294069e-01	   3.3531638245064244e-01	  -7.7148855535915301e-02	   7.2668292729336448e-02	   6.5162459236037162e-01	   6.1999521616467057e-01	   5.8320643295470498e-01	   5.0689088426130624e-01	   4.4990625278466134e-01	   2.3181757257475002e-01	   3.2613223635430311e-01	   4.6512931916911682e-01	   3.9035677877909669e-01	   4.6909284715140265e-01	   5.6252762233135423e-01	   5.3719639238954620e-01	   5.2801223837001021e-01	   6.1000871712486249e-01	   4.6080051694191437e-01	   4.3471780726532161e-01	   6.5411327614115589e-01	   6.0878360551693356e-01	   3.8992733840321975e-01	   2.6033930722112686e-01	   1.5838262081236881e-01	   1.4209368866837074e-01	   2.4838810518849862e-02	   3.3940055697702154e-01	   2.2905618369935285e-01	   5.3604230925910512e-01	   4.4869098046409522e-01	   4.5268405281978241e-01	   4.4813613417196341e-01	   4.4859281618378133e-01	   2.0095125953811738e-01	   3.9752839795545947e-01	   8.3352768742382899e-02	  -1.1212808450973240e-01	   2.0187493595068662e-01	   3.3469690930505941e-01	   8.0542872165091720e-02	   2.5849533897402488e-01	   3.6537141237908921e-01	   3.6269171141720447e-01	   3.3168907293181860e-01	   3.5186038959162919e-01	   2.6654653486116459e-01	   1.3871595511882434e-01	
