   0.0000000000000000e+00	   8.4048196985495649e-01	   8.7780591561289956e-01	   8.5435848461118324e-01	   7.0364196942886226e-01	   5.2172942673686273e-01	   8.2971241088450776e-01	   7.5704189027020397e-01	   7.7987304055647810e-01	   6.2949288285640859e-01	   8.0018897119608012e-01	   7.5047730410636482e-01	   7.4640453102069393e-01	   7.2040164779879878e-01	   8.0115309304148119e-01	   7.7909583581375075e-01	   8.4177984169719267e-01	   8.3617645777887883e-01	   9.3483700536736425e-01	   9.0967862150541368e-01	   5.8616329921552268e-01	   4.9886859366317032e-01	   8.2776793884277677e-01	   7.7452995087296961e-01	   7.7463980445475766e-01	   7.2532709122892314e-01	   7.5023404542283989e-01	   7.1477069887588229e-01	   7.5572386539100200e-01	   7.9100317134424414e-01	   7.7124004862985873e-01	   7.5478355853425616e-01	   8.5956775287595455e-01	   8.5977083838033919e-01	   5.8717418102218355e-01	   5.2818436076975628e-01	   5.6671685859239274e-01	   5.5654647625383991e-01	   7.8824574658851843e-01	   7.8040983703135713e-01	   7.8926078256855936e-01	   6.3634133235017032e-01	   7.6467729732470979e-01	   7.5410849887243969e-01	   6.7274732439074325e-01	   7.3503160570561210e-01	   7.9996102353900311e-01	   8.0645820705933979e-01	   7.3864210082700310e-01	   7.4722390777249081e-01	   7.7334042507431111e-01	   7.7700618878372651e-01	   7.7966100883574763e-01	   7.9990556184998107e-01	   8.2956023932350775e-01	   8.5848456644640558e-01	   9.5580379244822755e-01	   8.4634779533846549e-01	   8.1511308328966470e-01	   7.4919524613448019e-01	   7.8445813749288662e-01	   7.4956728964014552e-01	   8.2592652163895774e-01	   8.0634525589658046e-01	   7.6066394474345445e-01	   7.3199998622345352e-01	   7.4756954205118165e-01	   7.1559731745344413e-01	   9.0307564363658432e-01	   7.0714544159437531e-01	   7.4718955523180497e-01	   6.8509523615433343e-01	   8.3739993219480313e-01	   8.0662376119586365e-01	   8.7334356137420466e-01	   7.9519473483860292e-01	   8.4311033001679769e-01	   7.8681970276037716e-01	   7.9528691827067999e-01	   8.4966459617591383e-01	   8.6083151737072428e-01	   8.5578093492580243e-01	   8.6870729988901463e-01	   8.2781359293900114e-01	   8.7605860937113467e-01	   8.5669941476221134e-01	   8.6201436759370254e-01	   7.9557040560235803e-01	   8.5281870638457302e-01	   7.6344640712993128e-01	   6.0833149442256529e-01	   4.0031410702162212e-01	   5.2634434911902239e-01	   4.9400840018785286e-01	   4.5487837900324979e-01	   5.8533932425987800e-01	   6.8203617075510758e-01	   7.9130577483253761e-01	   7.7237303966545745e-01	   8.2331648919757361e-01	   6.5199918337945284e-01	   7.1554362043062136e-01	   6.8538756323210026e-01	   6.3324898368715976e-01	   5.0436069283055007e-01	   3.8960449784671786e-01	   4.7160492413393729e-01	   5.6057375103959095e-01	   3.4442884555857156e-01	   4.7535127867039617e-01	   6.3538942112710961e-01	   7.5514763587797129e-01	   6.5640178030399199e-01	   7.0967430232547923e-01	   5.3607635212147975e-01	  -6.3855541873760968e-02	
   8.4048196985495649e-01	   0.0000000000000000e+00	   8.4228960077594706e-01	   8.5838061257569953e-01	   6.7510924119335347e-01	   4.5305239703369943e-01	   8.1455287139314780e-01	   7.5953802679164417e-01	   7.7694192273411022e-01	   5.7447508372556233e-01	   8.0377054806110226e-01	   7.4415681350075547e-01	   7.9468270760717430e-01	   7.3906627469674469e-01	   7.9731767871714299e-01	   7.3514640077121729e-01	   7.0362504391732772e-01	   7.6998168812146517e-01	   8.5302454879202694e-01	   8.5405774676364254e-01	   4.7196695079952489e-01	   4.0543439748829690e-01	   8.4016181374867860e-01	   7.6351583246017363e-01	   8.1752299586637922e-01	   7.6371943141881693e-01	   7.2490324412827745e-01	   6.5840163745862967e-01	   6.5742839492595473e-01	   7.5057756540590281e-01	   7.6817285070626951e-01	   7.4702750286505748e-01	   8.2269614701731808e-01	   8.3528227365287044e-01	   7.1175821061476174e-01	   6.5537255606636302e-01	   6.5167914284088790e-01	   6.3415269562785259e-01	   8.5428742628215359e-01	   8.3005991570478899e-01	   7.8224442414527839e-01	   6.7061940066512915e-01	   8.2174233396028851e-01	   8.0876827954509212e-01	   7.6801617187053239e-01	   8.1991518090952020e-01	   8.4939840148760837e-01	   8.5885220161656883e-01	   7.4944614272225540e-01	   7.8976417145243505e-01	   7.7098013020197420e-01	   8.0756770436574998e-01	   7.6746478056948497e-01	   8.1972686085600910e-01	   8.6500321526559198e-01	   8.6563920155977603e-01	   7.8254845728190503e-01	   9.5233119765827046e-01	   8.2833595869526255e-01	   7.9554579884398335e-01	   8.1225242182632396e-01	   7.9298812528398388e-01	   7.9003804384391862e-01	   7.6877708277040391e-01	   8.3613611774404040e-01	   8.1043240162675945e-01	   8.0777934944745677e-01	   7.7576891581717022e-01	   7.8927136801387043e-01	   7.1087755899843075e-01	   6.3125913099802933e-01	   5.6582575025540172e-01	   7.2366267888303415e-01	   7.5135826339938594e-01	   7.8903372556085194e-01	   7.6612675097036442e-01	   8.0335776881156262e-01	   8.0227416921976613e-01	   7.0620676883433675e-01	   8.3531524395417456e-01	   8.2479247842481063e-01	   8.2318383363628667e-01	   8.8215508621507566e-01	   8.2933036265238202e-01	   8.8904856758921125e-01	   8.4871249607609900e-01	   8.5534538393201154e-01	   8.1984793652434351e-01	   8.3547198012974211e-01	   7.4303887966237370e-01	   6.5398797048523660e-01	   4.5162332575475467e-01	   5.3797368988300320e-01	   5.2438290729338766e-01	   4.9180372087900159e-01	   5.8498592912850533e-01	   8.3344571791425781e-01	   7.0063674768176343e-01	   8.6434445835115481e-01	   8.4111540385460604e-01	   6.5999668590763894e-01	   7.2807406924769469e-01	   7.0786657523571550e-01	   6.1331160967804654e-01	   6.4238936763248677e-01	   5.1221330568215739e-01	   5.8189468973720915e-01	   6.4451571133544205e-01	   3.9567456583466232e-01	   5.3747975764878919e-01	   6.9685809475900184e-01	   7.9360554742841904e-01	   7.0551774581292648e-01	   7.3221475263227687e-01	   6.4651654776664169e-01	   2.5356971021047565e-02	
   8.7780591561289956e-01	   8.4228960077594706e-01	   0.0000000000000000e+00	   9.2398751073207497e-01	   7.6477598494224619e-01	   6.0567858483087322e-01	   9.4071435232862832e-01	   8.2537625397608050e-01	   8.2096139904617249e-01	   6.4909056813217747e-01	   8.0083764378593914e-01	   6.9221866804077714e-01	   7.8285548826522855e-01	   6.8856782321481258e-01	   8.4789357203066051e-01	   8.1531252883491256e-01	   7.2981544560640210e-01	   7.6963841615888229e-01	   9.3037225565805737e-01	   9.0097643063913235e-01	   6.2645832559649217e-01	   5.3395681450871257e-01	   9.5502859903947535e-01	   8.9098726897805169e-01	   8.3206783828101116e-01	   8.1449118321696123e-01	   8.5514703565901784e-01	   8.0923379756857394e-01	   7.1432358471614166e-01	   7.4920169012916293e-01	   8.4636541013099698e-01	   8.2256636378022452e-01	   8.6462949866465166e-01	   8.5094934124895405e-01	   7.2345793394141999e-01	   6.7691990055870621e-01	   6.3847215474195540e-01	   5.9974051313532861e-01	   8.3018112140672784e-01	   8.1328290298414674e-01	   7.7402847346269477e-01	   6.4483017965848499e-01	   7.4668341967301377e-01	   7.1248465389427529e-01	   7.2470115495101761e-01	   7.4959027689296498e-01	   7.8670851796740282e-01	   7.8390859569452664e-01	   7.6227157852168270e-01	   7.7269537092242435e-01	   8.0545103883701075e-01	   8.3217891348755890e-01	   8.2712924632054385e-01	   8.4777801279242060e-01	   8.6128307565189721e-01	   8.6911228023718623e-01	   7.9142154977611334e-01	   8.1013451154018534e-01	   8.2419277933999724e-01	   7.5009322445149840e-01	   8.3382690829320771e-01	   7.7922381835635979e-01	   8.3572642246631568e-01	   7.8318456331250641e-01	   8.8021529643392959e-01	   8.0183735190922789e-01	   7.9404551569777193e-01	   7.3334326085819423e-01	   8.0635944858561404e-01	   7.0021278212063343e-01	   7.4431438343170142e-01	   6.8675453958353905e-01	   7.6727089288899186e-01	   7.5109332649126936e-01	   7.9450767925194121e-01	   7.5876801269831673e-01	   8.2050724814692466e-01	   7.8144226006328354e-01	   6.9989653404609986e-01	   7.9355430404305494e-01	   8.0689814711468111e-01	   8.0270731406486673e-01	   8.7413520773862496e-01	   8.4122513331819815e-01	   8.9779598920635928e-01	   8.6539037247295791e-01	   9.0936739243970655e-01	   8.2823077462601979e-01	   9.0668000830716311e-01	   8.3578248384342047e-01	   6.7537718383857959e-01	   4.9687449818494200e-01	   6.2266164785308098e-01	   6.4275315625643414e-01	   4.5509679101121292e-01	   5.8082326828603759e-01	   6.8634188190653522e-01	   7.2753998900549943e-01	   7.8709084367945603e-01	   8.0744717244752051e-01	   6.9026922814997194e-01	   7.9483888252765489e-01	   7.1097561451356783e-01	   6.5702875942566297e-01	   5.6882641765521025e-01	   4.3243313040965548e-01	   5.3734429649326831e-01	   5.5547050575077161e-01	   3.1703786463996325e-01	   4.8870005401932920e-01	   6.6901579682965795e-01	   7.5410788343795709e-01	   6.9868341506218434e-01	   6.9683643640315918e-01	   5.7082314522509836e-01	  -6.4562519540905514e-02	
   8.5435848461118324e-01	   8.5838061257569953e-01	   9.2398751073207497e-01	   0.0000000000000000e+00	   8.3605593291833391e-01	   7.0863439405642537e-01	   9.3826394627970433e-01	   9.3184407584207529e-01	   8.9644346254928575e-01	   8.1093317087432726e-01	   8.0030112775315931e-01	   7.6529516584692381e-01	   8.2453802161359524e-01	   7.9355721601838092e-01	   8.1713419427326128e-01	   8.3486024342396736e-01	   6.4893902192399988e-01	   7.0346612139020115e-01	   9.3527669725208318e-01	   9.2564060487045519e-01	   6.0538767255416814e-01	   5.4738317085585741e-01	   9.2512860587058587e-01	   9.5184737165863376e-01	   8.8100873770214572e-01	   8.7165476172043421e-01	   7.8971256680098501e-01	   7.3746409498338195e-01	   6.5184942035442628e-01	   7.1718886105368251e-01	   7.9470885999481067e-01	   8.1636879556712616e-01	   8.5206784838191929e-01	   8.4445646891591786e-01	   7.1631020056983852e-01	   7.1628139383860523e-01	   6.6043546694171418e-01	   6.3706830035604423e-01	   8.6826262097622420e-01	   8.5114866814340018e-01	   8.0601369827049107e-01	   6.9145273292296250e-01	   8.3113453686167293e-01	   7.6259822798342070e-01	   8.2938901002306475e-01	   8.6421298250560008e-01	   8.4379840271442763e-01	   8.3478061181226615e-01	   8.7362671019949700e-01	   8.7093225165862109e-01	   9.0071092435567501e-01	   8.9583801085819270e-01	   8.5943781808891773e-01	   8.8524637908113868e-01	   9.0018042471139814e-01	   9.0164133251718326e-01	   7.7515081665259933e-01	   8.3614849573745764e-01	   9.0273511298117515e-01	   8.8477829702266875e-01	   8.8075962156293408e-01	   9.0459120092836465e-01	   8.0571555040578424e-01	   8.1391348836258026e-01	   8.5944465258526015e-01	   8.7332507393719383e-01	   8.9470875164289398e-01	   8.6854295475640120e-01	   8.2344334132704711e-01	   7.6318749927675300e-01	   7.4967855960527263e-01	   7.3001027220029946e-01	   7.4215341857390105e-01	   7.4725202774313948e-01	   8.0444588422770136e-01	   7.6972372831779656e-01	   8.3380451052370119e-01	   8.0838538840156482e-01	   6.5400001008948760e-01	   7.4618261156033838e-01	   7.8983029957500683e-01	   7.7681703043176720e-01	   8.6818445696094304e-01	   8.6348405826125796e-01	   8.9268196896605678e-01	   8.9289781735245866e-01	   8.8256102608162978e-01	   8.2516779085216485e-01	   9.1309551269480249e-01	   8.8190464723384854e-01	   7.6646984872278368e-01	   5.6289918820127305e-01	   7.2777148227355082e-01	   6.5406129255487755e-01	   4.5026959993935062e-01	   6.1830789373049355e-01	   7.0014366422373553e-01	   7.6537772585398245e-01	   8.2718405441275378e-01	   8.5484998244438293e-01	   8.1946192713967614e-01	   8.3962757930666276e-01	   7.8192481536509251e-01	   7.1067935592304288e-01	   6.6429304328900485e-01	   5.1504368710951953e-01	   6.7015053704172212e-01	   6.6192728597716599e-01	   3.3123518990828671e-01	   5.0358702637842334e-01	   7.4953078867077838e-01	   7.8733868279970387e-01	   7.7995080117339732e-01	   7.4078922284247006e-01	   6.3733198216713927e-01	  -4.4414371715754901e-02	
   7.0364196942886226e-01	   6.7510924119335347e-01	   7.6477598494224619e-01	   8.3605593291833391e-01	   0.0000000000000000e+00	   7.8543615986262627e-01	   7.5725161827803533e-01	   7.4024472699628996e-01	   9.3972271366979632e-01	   8.2243366756169856e-01	   5.3251813710580365e-01	   5.1297664269001375e-01	   6.1584403429399848e-01	   5.6479847521211424e-01	   7.7184535724924686e-01	   7.9737859573584269e-01	   4.0591990492773855e-01	   4.4747180223948346e-01	   8.1342198815382538e-01	   8.1011426723112689e-01	   7.3655362950575842e-01	   7.3323657319082869e-01	   7.6161836399902083e-01	   8.2179749024697168e-01	   7.8393173458879506e-01	   7.2262805183421119e-01	   8.1046289429028029e-01	   7.3436394261771409e-01	   4.1983531300944094e-01	   4.9907672309189050e-01	   5.5043354282607693e-01	   5.4412424071957921e-01	   6.2105261623886898e-01	   5.8945820170886087e-01	   4.7155717753693771e-01	   4.9284018863275003e-01	   5.7012691836432361e-01	   5.3295997212000024e-01	   7.5474879385830096e-01	   7.3725249818255145e-01	   6.7287672186617298e-01	   5.9944631122517278e-01	   5.9837594294517027e-01	   4.7897049762103783e-01	   6.5330664030656449e-01	   6.9643734275657065e-01	   5.6873575577657642e-01	   5.6639803031825930e-01	   7.4005836121708946e-01	   7.1037682348710796e-01	   7.2872473145501637e-01	   7.0439845765380782e-01	   6.9012642355212206e-01	   7.7043806197259146e-01	   7.1824910998728630e-01	   7.1773711990046785e-01	   6.0148868253552856e-01	   6.8150903785222972e-01	   7.9143718766247573e-01	   8.2599362179899993e-01	   6.9792888995102320e-01	   7.0225564734143653e-01	   5.1451201814800895e-01	   5.2920266694304186e-01	   6.2473594929629228e-01	   6.1249935239324360e-01	   7.4868595471502686e-01	   7.2272678416719782e-01	   7.3423740144782390e-01	   7.6354059670153596e-01	   5.7333314702311200e-01	   5.9978713384938731e-01	   4.8341826364378027e-01	   4.6462225425163761e-01	   5.3825974862494985e-01	   4.5893264087477581e-01	   5.7684446893151464e-01	   5.6882525957047392e-01	   3.7736332930046568e-01	   4.7536705547356839e-01	   5.3312938235566776e-01	   5.2654952980183733e-01	   7.2622676402365960e-01	   7.4615287462591429e-01	   6.9971905646130128e-01	   6.7598375331780047e-01	   7.3852149241591614e-01	   5.8639530263940154e-01	   8.6386195280116096e-01	   8.6915913590105465e-01	   7.1590741802692670e-01	   6.6201166458078753e-01	   7.8277404547035578e-01	   7.4510419701959196e-01	   3.4876496647081434e-01	   5.2278424151014613e-01	   4.5693730241503111e-01	   6.6185705199075062e-01	   6.7372056833248839e-01	   6.7215097724501949e-01	   6.9388958137588774e-01	   7.5106360384811055e-01	   6.4728527905220945e-01	   6.7286527332810064e-01	   5.7259188610945866e-01	   3.8175314666241911e-01	   7.1142818830414356e-01	   5.5831266465613472e-01	   3.3798680953156041e-01	   3.3914901785286444e-01	   5.5745862486192954e-01	   5.7775070463425482e-01	   7.5085442152790272e-01	   5.4170486706392917e-01	   4.7867223693449057e-01	   7.0927092097205297e-02	
   5.2172942673686273e-01	   4.5305239703369943e-01	   6.0567858483087322e-01	   7.0863439405642537e-01	   7.8543615986262627e-01	   0.0000000000000000e+00	   7.0812027544461864e-01	   7.1661621239887086e-01	   7.8213398988411265e-01	   9.0077410063683461e-01	   4.6035543624104724e-01	   4.4947663878288080e-01	   5.5978584225481520e-01	   5.1295711493530449e-01	   6.6981644998590817e-01	   7.8797051467244561e-01	   2.2487711603265687e-01	   2.8623242895860390e-01	   7.0139335835594074e-01	   6.9801012175022126e-01	   7.0216879677369604e-01	   7.0695807509757469e-01	   5.9577205417083046e-01	   6.7198368954362209e-01	   5.5226576861179755e-01	   6.4420624582841857e-01	   6.7276572340738428e-01	   6.7101586720704465e-01	   3.3016047092466971e-01	   3.6300580722065856e-01	   4.6946710394846597e-01	   4.5834411343284109e-01	   5.4606343965335991e-01	   5.0072680974429640e-01	   3.7157860230007822e-01	   4.5932159850431342e-01	   4.1578966362259645e-01	   3.5034078329110896e-01	   5.9562513675020168e-01	   5.6409442251617814e-01	   5.7963711453516864e-01	   5.1938478698580781e-01	   4.5377128275849088e-01	   3.0427542607859670e-01	   5.6347612367949229e-01	   5.7112753563705621e-01	   4.2596903688669113e-01	   4.0929369938187021e-01	   6.6569506043983484e-01	   6.3634422839764349e-01	   6.5531069725105928e-01	   6.3214762595382157e-01	   6.1314169717794043e-01	   6.3894080897288197e-01	   5.8443957124136059e-01	   5.9097983190045300e-01	   4.3008360899863662e-01	   4.8013469610568671e-01	   7.1780498547830329e-01	   7.2920597200845449e-01	   6.9039969161588410e-01	   6.6739532563771764e-01	   4.7827867226089932e-01	   5.1765424605161758e-01	   5.1999055571588859e-01	   5.2455501546475192e-01	   6.6623097316593638e-01	   6.4515634328532923e-01	   5.8728767310418284e-01	   6.3852412393014679e-01	   5.3925018308602635e-01	   6.2114818776538239e-01	   3.8159597738815410e-01	   4.3063425418388990e-01	   4.1414308745980832e-01	   4.2631145954579702e-01	   4.7050210123589731e-01	   4.8860039353493823e-01	   2.0721387090080229e-01	   3.0378170264477566e-01	   3.8158058934616879e-01	   3.7839741871849730e-01	   5.6785390231586219e-01	   6.1195949496317470e-01	   5.2969804730473913e-01	   5.5495185369516398e-01	   5.8401856800076135e-01	   4.3105964427114041e-01	   7.1043397173444434e-01	   8.1207827391392440e-01	   5.8546262757874656e-01	   5.5463954905271118e-01	   6.5781876145504747e-01	   6.3445670107212293e-01	   2.2374365623514783e-01	   4.2060365273582434e-01	   2.6762327924044099e-01	   5.4711630824041446e-01	   4.7740444366811019e-01	   5.2408352916604084e-01	   7.4174479474238053e-01	   7.6539059237283369e-01	   6.5098406030299250e-01	   6.8704251804788607e-01	   4.7484113659301386e-01	   3.3969040880479473e-01	   6.9630302500310193e-01	   5.7305808146550308e-01	   2.2668743007128955e-01	   2.2658727138867901e-01	   3.8426405051476953e-01	   3.8022209695246245e-01	   5.5973855599585653e-01	   4.3925074653959456e-01	   3.8281748395439691e-01	  -4.6444704173480122e-02	
   8.2971241088450776e-01	   8.1455287139314780e-01	   9.4071435232862832e-01	   9.3826394627970433e-01	   7.5725161827803533e-01	   7.0812027544461864e-01	   0.0000000000000000e+00	   9.3930699486426339e-01	   8.4479130110393141e-01	   7.4576899815908493e-01	   8.5207952353705196e-01	   7.9031027320279912e-01	   8.7860948332524336e-01	   8.0948475500042760e-01	   8.3487984282307193e-01	   8.6537116088839605e-01	   6.8600314812538810e-01	   7.5035672161915401e-01	   9.3845442045312977e-01	   9.1893813754579390e-01	   5.7812563212393209e-01	   4.9209165340544625e-01	   9.2318381225017077e-01	   8.9051388033326595e-01	   8.0918902766457745e-01	   8.3002601118302555e-01	   7.5281425071198882e-01	   7.0408007433562614e-01	   7.5434619885784937e-01	   7.7739698966392945e-01	   8.7479989477967601e-01	   8.5603916007332481e-01	   9.1100504626864420e-01	   8.9679133039006120e-01	   7.2089511726991140e-01	   7.2453949997379263e-01	   6.5917103689348389e-01	   6.0649163457142552e-01	   8.3677377463017266e-01	   8.0751676158275076e-01	   8.3399002384385645e-01	   6.8522008640613496e-01	   7.7646183461974227e-01	   7.2058595041452134e-01	   7.9548037137147132e-01	   8.2124468439111475e-01	   8.1233119018813604e-01	   8.0253178940268866e-01	   8.2543232296111646e-01	   8.4125836159721445e-01	   8.6277561552346604e-01	   8.7030787355445682e-01	   8.4942202718647253e-01	   8.5159907121060185e-01	   8.8693283755238994e-01	   8.7850906406178819e-01	   7.5423681540098675e-01	   7.8662135989500115e-01	   8.8068059478228877e-01	   7.9790520283814159e-01	   9.2819599975505696e-01	   8.5897834508168758e-01	   8.8130003007419444e-01	   8.6951965600471470e-01	   8.7663574001475930e-01	   8.3820476710912217e-01	   8.6695281972836435e-01	   8.2836880199936869e-01	   7.9642120514280790e-01	   6.8749672328821421e-01	   8.2317167819323511e-01	   7.9069358346699969e-01	   7.9402591398079969e-01	   8.0549531871433833e-01	   8.2694963333339666e-01	   8.3023470765642005e-01	   8.6882512234498122e-01	   8.4923025107810757e-01	   6.7189013047595658e-01	   7.7635737763087131e-01	   8.1477663094932384e-01	   8.0388602210955362e-01	   8.7972661039657640e-01	   8.6424023281900553e-01	   8.9216124798060137e-01	   8.8595381024243369e-01	   8.7243154302951431e-01	   7.9222688690078424e-01	   8.7635341447224291e-01	   8.3972926774350998e-01	   7.2875730580236675e-01	   5.1847215918976075e-01	   6.2417380863735283e-01	   6.2523849445910407e-01	   4.5166611257717837e-01	   5.9518335071227901e-01	   6.9453743543662039e-01	   7.5722574754340344e-01	   8.0725658953355683e-01	   8.3553335899220493e-01	   7.8818921148094878e-01	   8.6205142357409570e-01	   7.9763038369380723e-01	   7.4346749116306166e-01	   6.2519613401178198e-01	   5.0276308840309070e-01	   6.3379089962751023e-01	   6.7316862465689342e-01	   3.2983161022541935e-01	   5.1566600165328247e-01	   7.0424952128066054e-01	   7.4783865602132726e-01	   7.1932609732146080e-01	   7.4650072734726547e-01	   6.4044872443835887e-01	  -4.1496577297012296e-02	
   7.5704189027020397e-01	   7.5953802679164417e-01	   8.2537625397608050e-01	   9.3184407584207529e-01	   7.4024472699628996e-01	   7.1661621239887086e-01	   9.3930699486426339e-01	   0.0000000000000000e+00	   8.2579217835692842e-01	   8.1215585473716523e-01	   8.2688554217897137e-01	   8.4925655274259571e-01	   8.7001487473231465e-01	   8.9092881273682600e-01	   7.5263231732914471e-01	   8.3122510655368220e-01	   6.3538473821538810e-01	   7.0866215307827907e-01	   8.8021228075704183e-01	   8.7266654556608148e-01	   5.1597703441721432e-01	   4.6653125482394975e-01	   8.5925214486213397e-01	   9.0143375603210085e-01	   8.1075052087093802e-01	   8.4913718213727007e-01	   6.3430895257895048e-01	   5.7511095891652064e-01	   7.2789237646547833e-01	   7.7906537608738013e-01	   8.3740496813882359e-01	   8.6912962235811664e-01	   8.8765010598177629e-01	   8.8586156696822693e-01	   6.8624140539125000e-01	   7.3022217717533555e-01	   6.7563155810826570e-01	   6.5101180330401831e-01	   8.2510188892592051e-01	   8.0577217014871616e-01	   8.4143214018738910e-01	   7.2171182217995378e-01	   8.0160293163665886e-01	   7.3833273992582205e-01	   8.2005994114016212e-01	   8.5620561695589303e-01	   8.2904436070813248e-01	   8.2297748783480196e-01	   8.4314171761029622e-01	   8.6024864187619676e-01	   8.8346591482715897e-01	   8.8330586113534315e-01	   8.2323082646553480e-01	   8.1767872150349608e-01	   8.7760069410543950e-01	   8.5889759828710277e-01	   7.0978810447396057e-01	   7.4261403443134777e-01	   8.7299851307258114e-01	   8.2120534517175492e-01	   9.1858026143471960e-01	   9.1838108561919185e-01	   8.4884272157382235e-01	   8.8980720961011128e-01	   8.2440211582150535e-01	   8.7287842221061640e-01	   8.8189030501798471e-01	   8.7885973548309182e-01	   7.4771259998718820e-01	   6.5507414264142527e-01	   8.3278448961255913e-01	   8.2876170647842029e-01	   7.9018307755228689e-01	   8.1611261064146234e-01	   8.3142421611537332e-01	   8.3963220146805884e-01	   8.6987541217999387e-01	   8.6176216367578418e-01	   6.5363327874716193e-01	   7.3890871457526719e-01	   7.9967643994847326e-01	   7.8740841689225038e-01	   8.3286419023017078e-01	   8.5820814895951303e-01	   8.5683265627173133e-01	   8.8374059975161767e-01	   8.0107613470825934e-01	   7.5732327085619566e-01	   8.2196319849248978e-01	   7.8738680889745627e-01	   7.3706670187567691e-01	   4.8718604286857964e-01	   6.3465128416084871e-01	   5.3573337432729684e-01	   4.2414089513528774e-01	   5.7090509029069647e-01	   6.8935902185502862e-01	   7.3374038719851598e-01	   7.9252547821404074e-01	   8.2492780191098014e-01	   8.0683343850135147e-01	   8.0515964255493611e-01	   7.8732298803290734e-01	   7.1169729618990851e-01	   6.6911973702562777e-01	   5.5196402769558495e-01	   6.6855421492148148e-01	   7.0518114029178958e-01	   3.1514104141959215e-01	   5.2890238057822270e-01	   7.7013725068299954e-01	   7.5782241683544527e-01	   7.3320026213770073e-01	   7.7027963571249258e-01	   7.0449925165965854e-01	  -3.4925501903929443e-02	
   7.7987304055647810e-01	   7.7694192273411022e-01	   8.2096139904617249e-01	   8.9644346254928575e-01	   9.3972271366979632e-01	   7.8213398988411265e-01	   8.4479130110393141e-01	   8.2579217835692842e-01	   0.0000000000000000e+00	   8.6623267574658258e-01	   7.2813724940026747e-01	   6.8383088759208288e-01	   8.0855298354687632e-01	   7.3215695962027527e-01	   8.7962230133631558e-01	   8.7712115154809944e-01	   5.1971523558736044e-01	   5.8386415322654928e-01	   8.8583312797331815e-01	   8.6339663106470144e-01	   6.9586893019700535e-01	   6.4966159729213180e-01	   8.5376264371217947e-01	   8.6711603256397729e-01	   8.5215263239842221e-01	   7.9761129812806919e-01	   8.3197951926382552e-01	   7.5449776706448191e-01	   5.7075517132740172e-01	   6.3082657936426090e-01	   6.7723884759818442e-01	   6.5904370534363399e-01	   7.3706517038778363e-01	   7.1129952248430839e-01	   6.0124134885350111e-01	   6.0658711628824813e-01	   6.4150106879664093e-01	   5.9451178417592276e-01	   8.2782954655267049e-01	   7.9638819336051858e-01	   7.8302647999290587e-01	   6.6527416052577193e-01	   7.1336380774301089e-01	   6.0845520790871621e-01	   7.1521566813556237e-01	   7.7775585211502962e-01	   7.0861972571438914e-01	   7.0212692473218263e-01	   7.7693576752099336e-01	   7.8854362080531137e-01	   8.0652104162362082e-01	   7.9806722280894804e-01	   7.8755739072493558e-01	   8.5254206084402484e-01	   8.1052605653891674e-01	   8.1740175131147064e-01	   6.8145629355736981e-01	   7.6745263689210830e-01	   8.9498442697485481e-01	   8.7895575821652250e-01	   8.2339094855147277e-01	   8.0051060282356423e-01	   6.6020983431230507e-01	   6.6636932819992767e-01	   7.5184283770951332e-01	   7.3181158731257745e-01	   8.3640665996151997e-01	   8.0245471287661785e-01	   7.9178007252961724e-01	   7.8966340049851913e-01	   6.5333716155380173e-01	   6.6251266454675495e-01	   6.2228842126974682e-01	   6.1982431796868820e-01	   6.9295827037902091e-01	   6.2781712469046713e-01	   7.1210665945225182e-01	   6.8828253992254740e-01	   5.1943401389747179e-01	   6.1739908773324192e-01	   6.8209590271542142e-01	   6.7442989114895191e-01	   8.4445080917588700e-01	   8.3298439667459290e-01	   8.2398198308684356e-01	   8.1023100186170294e-01	   8.0955854467093680e-01	   6.9186838042885657e-01	   9.0225888255757947e-01	   8.8855541173687280e-01	   7.5691096110147194e-01	   6.6971345972578988e-01	   7.6435472366969415e-01	   7.4016245594260888e-01	   4.2100459276536728e-01	   5.8227786820175398e-01	   5.7189523489475314e-01	   7.0926236863753833e-01	   7.5421491729366652e-01	   7.7674388019360818e-01	   7.7056351604027040e-01	   8.0868476902681308e-01	   7.2605998356152768e-01	   6.9897101247627669e-01	   6.3723564860875026e-01	   4.9535899636994613e-01	   7.4699908169359830e-01	   6.4697014969936162e-01	   3.7782075500769824e-01	   4.2945937217570185e-01	   6.3827144401932889e-01	   6.6140973892419452e-01	   7.8398791853167671e-01	   6.4691298809582687e-01	   5.9772845157690568e-01	   1.5287722999964479e-02	
   6.2949288285640859e-01	   5.7447508372556233e-01	   6.4909056813217747e-01	   8.1093317087432726e-01	   8.2243366756169856e-01	   9.0077410063683461e-01	   7.4576899815908493e-01	   8.1215585473716523e-01	   8.6623267574658258e-01	   0.0000000000000000e+00	   5.8348813904557728e-01	   6.1882440646417036e-01	   6.8151505952860592e-01	   6.8776824414300264e-01	   7.2377721856325472e-01	   8.1393137393391246e-01	   3.2404834810541855e-01	   3.9094654497595116e-01	   7.6505022297383696e-01	   7.4602696485005549e-01	   6.2415240724983945e-01	   5.9206713632538865e-01	   6.8323608222199628e-01	   7.7170517522822424e-01	   6.7734595219318072e-01	   7.1143534633578653e-01	   6.6744933718180155e-01	   6.3071128034444768e-01	   4.1492024905002400e-01	   4.8035029600883544e-01	   5.3407775859655038e-01	   5.7243636127476283e-01	   6.0745527540257127e-01	   5.8253880540857583e-01	   4.4602325696824663e-01	   5.0239745237161371e-01	   4.9896175118167163e-01	   4.9351915203312124e-01	   7.1248020711086990e-01	   6.9112033708606524e-01	   6.5116976779327751e-01	   5.7475766929784411e-01	   6.1248128023119919e-01	   4.9247030584380225e-01	   6.5068214153882198e-01	   6.8944847937364040e-01	   5.8410074082031638e-01	   5.7826765012221193e-01	   7.2870702805219245e-01	   7.2947601302902654e-01	   7.4768902218935795e-01	   7.2485572119176034e-01	   6.7225712684580963e-01	   7.0755751557165925e-01	   6.9390064517841354e-01	   7.0921676540093714e-01	   5.4532285420489601e-01	   5.9075748374200221e-01	   8.2521599629458808e-01	   8.2783336059324353e-01	   7.7055992166945175e-01	   7.9697123536125491e-01	   5.6004501852151045e-01	   6.0009940482859836e-01	   6.3048818953056729e-01	   6.7590073150259744e-01	   7.5313767979933255e-01	   7.3428102484049074e-01	   6.5606052493794897e-01	   6.8474176070878479e-01	   5.7022293210161945e-01	   6.3636622508300800e-01	   4.8118440731255674e-01	   5.1801830727964449e-01	   5.6215792290368838e-01	   5.3435849975706573e-01	   5.9180586316357520e-01	   5.9111321992203147e-01	   3.4185764142031311e-01	   4.3107202628899610e-01	   5.1843536618879904e-01	   5.1365898330664328e-01	   6.7891719248672522e-01	   7.0769494068599337e-01	   6.4925286554375772e-01	   6.7921568836627477e-01	   6.4163162147266350e-01	   5.5490632161003517e-01	   7.8535264655887049e-01	   8.2938351695249046e-01	   6.4200430410264697e-01	   5.5306218757994241e-01	   6.8529546575207734e-01	   5.9795493844630843e-01	   3.1031740243407135e-01	   5.2010211111756310e-01	   4.0014432957940110e-01	   6.0766654041704116e-01	   5.8032205538941639e-01	   6.4107529566260801e-01	   7.8756988569402253e-01	   7.6128055430602981e-01	   6.8280931941070855e-01	   6.7250393680976761e-01	   5.4148422839611310e-01	   4.3143762446398981e-01	   6.9922356385692241e-01	   6.1937179425156086e-01	   2.7443284877938773e-01	   3.2773701517886411e-01	   5.2556112648043896e-01	   5.1979063956479776e-01	   6.6255705218004080e-01	   5.3436070877624076e-01	   5.1106842878202852e-01	   1.0574034498500072e-02	
   8.0018897119608012e-01	   8.0377054806110226e-01	   8.0083764378593914e-01	   8.0030112775315931e-01	   5.3251813710580365e-01	   4.6035543624104724e-01	   8.5207952353705196e-01	   8.2688554217897137e-01	   7.2813724940026747e-01	   5.8348813904557728e-01	   0.0000000000000000e+00	   9.3210495246855130e-01	   9.6128486852809081e-01	   9.1714692834608247e-01	   8.0548626133553403e-01	   8.0466261039108855e-01	   8.0461932505683365e-01	   8.5248395349648609e-01	   8.5157893422063613e-01	   8.1167786873750780e-01	   4.3322183031233086e-01	   3.1431363068594770e-01	   8.4697356980327765e-01	   7.5998688113628954e-01	   7.3678964981359851e-01	   7.2041681649520517e-01	   6.5079115909935348e-01	   5.9785776700440518e-01	   8.9429845925482576e-01	   8.8890499378034316e-01	   8.9202681991613253e-01	   8.5946969199066880e-01	   8.8826591951585687e-01	   8.9291636697981724e-01	   6.9848689814951359e-01	   6.6048868873308797e-01	   6.5586752161508177e-01	   6.1816710383215101e-01	   7.8989469572827709e-01	   7.4964513938289024e-01	   8.2098955104445182e-01	   6.4039006630043593e-01	   7.9651736774195592e-01	   8.0039883460587458e-01	   6.6932549356390636e-01	   7.4083877888113014e-01	   8.7305331835662536e-01	   8.6797417148113731e-01	   6.7284085465507903e-01	   7.6319958442123204e-01	   7.6821446353304423e-01	   8.0435074844188281e-01	   8.0046754985449731e-01	   7.3862865603006189e-01	   8.5285193674573523e-01	   8.5232163396340077e-01	   7.5588280085155668e-01	   7.6129780378977041e-01	   8.2533308059152422e-01	   6.9571277381613461e-01	   8.7285754073122135e-01	   7.9418225601024162e-01	   8.9606156484757604e-01	   8.8840302670490945e-01	   8.2934674193663915e-01	   8.3001616282383484e-01	   7.6987282660430911e-01	   7.4863327068800367e-01	   7.2658774256342862e-01	   5.8845973464792711e-01	   7.9149128362251653e-01	   7.1570707125955646e-01	   8.6859476468007557e-01	   8.9425732501294641e-01	   8.9374989300153240e-01	   9.1196500520496082e-01	   8.8517746512391715e-01	   8.6994167997480165e-01	   8.2106744801658582e-01	   8.5856456432578043e-01	   9.0201554284205487e-01	   8.9299872099389310e-01	   8.6378090297897636e-01	   8.1484341961948870e-01	   8.8322438619553201e-01	   8.9020132900649518e-01	   7.8304952259813065e-01	   7.5276191026343553e-01	   7.6250642350292919e-01	   6.6701402885249550e-01	   5.9041395687085785e-01	   3.5157408484001512e-01	   4.3246125631610954e-01	   4.2001677959981248e-01	   5.3282966554110456e-01	   5.9294370779762329e-01	   7.9140053323921844e-01	   7.0205161806593863e-01	   7.6198603273853305e-01	   8.1550405163850093e-01	   6.8379682851708923e-01	   7.2045197814400153e-01	   7.3032065866226326e-01	   6.4310109169775354e-01	   5.9960692881177091e-01	   5.6013451489446475e-01	   5.4603884735111219e-01	   6.8107833957675812e-01	   3.9768310343730784e-01	   6.6200955482375234e-01	   7.5349615566557238e-01	   7.5501554697513740e-01	   6.3578577435009231e-01	   7.8195374677866880e-01	   7.0318089814829343e-01	  -1.2026172265221266e-01	
   7.5047730410636482e-01	   7.4415681350075547e-01	   6.9221866804077714e-01	   7.6529516584692381e-01	   5.1297664269001375e-01	   4.4947663878288080e-01	   7.9031027320279912e-01	   8.4925655274259571e-01	   6.8383088759208288e-01	   6.1882440646417036e-01	   9.3210495246855130e-01	   0.0000000000000000e+00	   9.1260280788506776e-01	   9.6850988083616707e-01	   7.0146626483303876e-01	   7.5784743534428722e-01	   7.5938902271231568e-01	   8.2799067062704956e-01	   7.9761895746506051e-01	   7.7798164662497693e-01	   3.6098007318987846e-01	   2.6669353988589450e-01	   7.5830193240030552e-01	   7.3419922109008728e-01	   7.0468171535314739e-01	   7.0159819173270543e-01	   5.2039880286193929e-01	   4.5731982940942040e-01	   8.5166807291145108e-01	   8.9363554441456450e-01	   8.3125141089946086e-01	   8.3542926133068263e-01	   8.5236092684184861e-01	   8.7496722753414979e-01	   5.9779040761165714e-01	   6.1208355948743076e-01	   6.8193875540304205e-01	   6.7480213247253096e-01	   7.8952444074609796e-01	   7.6145830537327464e-01	   8.2973831642824114e-01	   6.9647823139907095e-01	   7.6166359624989077e-01	   7.7118266208961450e-01	   6.6161022357854327e-01	   7.4258800755116960e-01	   8.4836145935839824e-01	   8.5087927203659608e-01	   6.7138195533343592e-01	   7.6422529268908801e-01	   7.5804483810822276e-01	   7.9388080538002226e-01	   7.6719687893965594e-01	   6.8857430525484498e-01	   8.4712989880253597e-01	   8.2859196440560112e-01	   7.3506129120034602e-01	   7.2477694454181429e-01	   8.1492876121484636e-01	   7.0893855039131359e-01	   8.5796166902514925e-01	   8.2320889713374235e-01	   8.5783614841236555e-01	   9.1496185853470258e-01	   7.5419368891345095e-01	   8.4267970625637956e-01	   7.5995142871131638e-01	   7.7696626481624143e-01	   7.1011838345492573e-01	   5.6276189432308243e-01	   7.6582671627937049e-01	   7.1637045793222054e-01	   8.4019716555426260e-01	   8.8420088552221698e-01	   8.6350306325036996e-01	   8.9353594272520354e-01	   8.6640443770379005e-01	   8.7265621116739123e-01	   7.7078453341619335e-01	   8.2051982439038629e-01	   8.7004097893683385e-01	   8.6367015292437666e-01	   8.0534679085279715e-01	   8.0776403317535539e-01	   8.1461150468890842e-01	   8.5869668217055928e-01	   7.0345140748898127e-01	   7.0666150560582353e-01	   7.2322338028048738e-01	   6.2577444937579374e-01	   5.8988058203115534e-01	   3.2885676975709643e-01	   4.1241114113768162e-01	   3.3572116397665602e-01	   4.5998304691175856e-01	   5.3882601143621256e-01	   7.5795029113195389e-01	   6.9089124018472492e-01	   7.4558827624499180e-01	   7.9718567886823999e-01	   6.5251437172931226e-01	   6.7181503671269505e-01	   6.8820480678527962e-01	   6.1973263391201572e-01	   6.2652586073382244e-01	   5.9776984092254759e-01	   5.5371745308232034e-01	   6.9668305402341058e-01	   3.3104713223621657e-01	   6.2133808111233990e-01	   7.8946653814933865e-01	   7.6394252494683323e-01	   6.3219619767164748e-01	   7.7594523756630562e-01	   7.3523182072386639e-01	  -2.6837639599467028e-02	
   7.4640453102069393e-01	   7.9468270760717430e-01	   7.8285548826522855e-01	   8.2453802161359524e-01	   6.1584403429399848e-01	   5.5978584225481520e-01	   8.7860948332524336e-01	   8.7001487473231465e-01	   8.0855298354687632e-01	   6.8151505952860592e-01	   9.6128486852809081e-01	   9.1260280788506776e-01	   0.0000000000000000e+00	   9.3931018400816058e-01	   8.2667910499819963e-01	   8.4056975312559312e-01	   7.0057302083156436e-01	   7.7988795737605021e-01	   8.5353816298293095e-01	   8.2201117716410499e-01	   4.4744985044624419e-01	   3.3535180658369712e-01	   8.4740860653992223e-01	   7.8422144490653867e-01	   7.6620066085507821e-01	   7.4386596065538413e-01	   6.4726917293124919e-01	   5.7650530519956589e-01	   8.3247834049528202e-01	   8.4186791485801360e-01	   8.5628237946002761e-01	   8.1672843793753569e-01	   8.6400705131688815e-01	   8.6387952978738203e-01	   6.9803098464181024e-01	   6.8628457334222115e-01	   6.8354084586946684e-01	   6.3862343197614591e-01	   8.0953340491567571e-01	   7.6307569827135047e-01	   8.4749368479235831e-01	   6.7354197496535884e-01	   7.9050043744236131e-01	   7.5305399640058834e-01	   7.2479004209222975e-01	   7.9223944648902145e-01	   8.5013362575890072e-01	   8.3947487624393280e-01	   7.1670761282647921e-01	   7.9472793497854854e-01	   7.9363995606111826e-01	   8.0837084426490602e-01	   8.0503219835040940e-01	   7.7399720765440660e-01	   8.5524826509136498e-01	   8.4029892259178662e-01	   6.9712701640596841e-01	   7.6373835018464531e-01	   8.6589448852125728e-01	   7.6040990311205414e-01	   9.0412093404422600e-01	   8.2571943135634096e-01	   8.5730236053938469e-01	   8.6147306088121300e-01	   8.2534988412080224e-01	   8.2759817118780277e-01	   8.2575217485580554e-01	   8.1035972361844399e-01	   7.3094470190771565e-01	   6.4223430555923944e-01	   7.7503521418653176e-01	   7.2163453720805260e-01	   8.0796511052773101e-01	   8.4170595807565463e-01	   8.5178613800601288e-01	   8.7019764329075544e-01	   8.6750228715056665e-01	   8.5549706318449958e-01	   7.2921307701489724e-01	   8.0007753994328090e-01	   8.5944904913653875e-01	   8.4773709546703135e-01	   8.6922586739007879e-01	   8.3604593370059588e-01	   8.7621501297897753e-01	   8.8120155521483645e-01	   7.7532069630823308e-01	   7.2316069855064691e-01	   7.7641822143948047e-01	   7.1130022754312727e-01	   6.7050659251417577e-01	   4.5662279479214074e-01	   5.2778315583998425e-01	   5.1211524707217615e-01	   5.1404737384112920e-01	   6.0315080951317812e-01	   7.5303225938963181e-01	   7.0950565174755642e-01	   7.8488666692381970e-01	   8.2133524607100306e-01	   7.3725054702004766e-01	   7.7416165431657058e-01	   7.6064764209073210e-01	   6.9033954520438501e-01	   6.4631491795104967e-01	   5.9909199548469683e-01	   6.4201402616829872e-01	   7.2943372103952142e-01	   3.9476412220073159e-01	   6.1535143698070471e-01	   7.4818048002071613e-01	   7.4892684551139821e-01	   6.9970642972396857e-01	   7.8074150257843522e-01	   7.4259414819704150e-01	  -6.6782078116926102e-02	
