   0.0000000000000000e+00	   1.5660749772528293e+00	   5.2744833779101985e-01	   7.0425342389980816e-01	   4.2538889597059470e-01	   5.7216588516577882e-01	   6.7334153018599263e-01	   7.6672310400513610e-01	   3.9675531627488064e-01	   4.4213961469447072e-01	   7.7455573061108629e-01	   7.4231600253690577e-01	   7.5859041946042682e-01	   8.2432045204373416e-01	   7.1424611592825160e-01	   6.2164792869371499e-01	   9.9273907657780358e-01	   1.1439718692392222e+00	   9.3365634737687242e-01	   8.1912635660335475e-01	   3.0008403303773568e-01	   1.4113015623863587e-01	   1.9356716556648801e-01	   3.7978157611060304e-01	  -1.7976280395877127e-02	   3.1431647564476089e-03	   2.4362404961697365e-01	   1.1034396674510974e-01	   1.0267579257667487e+00	   9.1216273045137031e-01	   2.4076934557275520e-01	   3.5856390567793306e-01	   7.1372262680969578e-01	   8.3016813480687845e-01	   2.7044690058026954e-02	   9.6658264629789603e-02	   1.6932655934150306e-01	   3.6685045839511321e-01	   4.9326278751733676e-01	   5.0492566270134132e-01	   7.5542587662153604e-01	   4.5768078640136095e-01	   6.2464276137099695e-01	   5.5490302871425690e-01	   6.6949000412481552e-01	   7.4358742185816074e-01	   7.0822291323339326e-01	   8.0398824459888907e-01	   8.4537920879576511e-01	   9.0662583703948130e-01	   8.8566162852170582e-01	   8.2023379688165543e-01	   7.7457743128726786e-01	   6.7698766666223398e-01	   7.5958977734384092e-01	   8.2059300542843339e-01	   1.4946903412402501e+00	   1.3084878963585405e+00	   1.1037753267649415e+00	   8.9022097358755381e-01	   9.7931432153064923e-01	   6.6487190898149229e-01	   9.6132280208146248e-01	   1.0182378404013113e+00	   2.2509470596690545e-01	   3.8487833667365495e-01	   6.3858150113374523e-01	   8.9492391272645344e-01	   9.5209753149897347e-01	   7.2379019432474845e-01	   7.0412466977031762e-01	   6.1848538350577187e-01	   9.5944282762048538e-01	   9.6078815323329658e-01	   9.0944231504024964e-01	   6.1360417000607259e-01	   8.6741257525873539e-01	   7.6840092707782737e-01	   7.1846336216626783e-01	   8.9326782925544901e-01	   9.2985701608158644e-01	   9.7537896125634305e-01	   6.5572069893195650e-01	   7.7344092109715390e-01	   6.8900432499279640e-01	   6.9673921041274556e-01	   2.8782718087460540e-01	   4.5299882182142504e-01	   5.5322656987954077e-01	   7.4108128595571066e-01	   6.1578577772807863e-01	   3.8333545156850879e-01	   5.1252824864772151e-01	   2.9748574614589607e-01	   3.6561436882143394e-01	   6.7741022960320710e-02	   4.6869622353933982e-01	   6.5831895773766524e-01	   8.9451988421722117e-01	   7.2937049081862515e-01	   6.8032708907765782e-01	   3.7386244768310967e-01	   6.2023968792737749e-01	   4.3030627066010674e-01	   2.2158866099818175e-01	   1.2393966993957632e-01	   1.7894604756154717e-01	   1.2118245287374910e-01	   1.1325075390526605e-01	   1.7458784224663534e-01	   1.2866208088595682e-01	   4.5781804224254374e-01	   5.0753207111140419e-01	   4.0297871433239668e-01	   1.8303453818249790e-01	  -7.9608987708231854e-05	
   1.5660749772528293e+00	   0.0000000000000000e+00	   4.7827628193681865e-01	   9.0771560285193353e-01	   3.5368287864643927e-01	   6.3089549547061186e-01	   6.2574553836589142e-01	   9.8392553202916133e-01	   3.8816474135133333e-01	   5.1769078124599632e-01	   6.4742784198140202e-01	   8.0689743173898310e-01	   6.6883180620515514e-01	   9.1087348682950464e-01	   5.8341824816158816e-01	   7.2394487128404517e-01	   1.1147229461825268e+00	   1.3115956621218914e+00	   1.1249950608911330e+00	   1.1289513694561866e+00	   2.7648172251384084e-01	   1.8256363315627994e-01	   1.2396749432900683e-01	   3.7870168921935110e-01	  -1.2776671005581433e-01	  -2.8380896749994739e-02	   1.8574997378679253e-01	   6.2564869262559247e-02	   1.0501748011271594e+00	   1.0029450826360968e+00	   1.9156783101104827e-01	   3.7332139897932964e-01	   7.4435553426344847e-01	   1.0480294861619701e+00	  -7.1970692903107092e-02	   1.8942007881788636e-01	   2.5508881904874442e-01	   4.6797191677373845e-01	   5.4177656064116997e-01	   6.8451381775918618e-01	   7.7845858803681967e-01	   5.8172327235529542e-01	   5.3683120767566705e-01	   5.0668349060908779e-01	   5.8066550409017925e-01	   6.4974652335705241e-01	   7.1421705540050362e-01	   8.1055814782882052e-01	   6.9950820039079087e-01	   8.3890312071212225e-01	   8.1040246669632376e-01	   7.9756140045755541e-01	   8.1047684023663658e-01	   7.2347391893103807e-01	   8.9800126820188320e-01	   9.0306171956506520e-01	   1.4389535733462389e+00	   1.5021956894030122e+00	   8.5695974067818892e-01	   1.0360412160341348e+00	   8.1776409762741709e-01	   8.0896755208513649e-01	   9.1590769883875645e-01	   1.0602966704774328e+00	   1.4207290518155472e-01	   5.1390292767074719e-01	   4.8651897935715660e-01	   9.0409750281058499e-01	   1.1404552410872431e+00	   9.3372128744914573e-01	   6.2170768865102255e-01	   5.6631670617404084e-01	   8.3531668820677296e-01	   9.4580569145916538e-01	   8.3183792047675187e-01	   5.9684925193497784e-01	   8.9225574074257596e-01	   9.0965666658528566e-01	   8.3815820367304206e-01	   9.7019421233541503e-01	   1.2080937004468875e+00	   1.1420639814502911e+00	   6.9041829887840944e-01	   7.9863871458237701e-01	   7.9779339998613519e-01	   8.2618146137823401e-01	   3.4759002766529162e-01	   3.7520934649155191e-01	   7.1061928210424152e-01	   8.2886195243695004e-01	   7.6967897668807117e-01	   3.8362465819979280e-01	   6.5258005758680382e-01	   2.5639435522557652e-01	   5.2782394997245752e-01	   1.5251412654461316e-01	   6.1439228819009761e-01	   7.6555359454693184e-01	   1.0295390672582059e+00	   8.1086137966655936e-01	   8.8645069117128350e-01	   3.8363699803654217e-01	   7.7963301460673351e-01	   5.1764570930470155e-01	   3.6983893926513484e-01	   1.9395885617349806e-01	   2.8620100735804455e-01	   6.6058297765256263e-02	   1.7944300859913040e-01	   2.6197569109706520e-01	   2.2130171443149968e-01	   5.7624307913939754e-01	   6.2004309464875162e-01	   4.8956002317384656e-01	   2.7642207224088200e-01	   1.8669401872404334e-01	
   5.2744833779101985e-01	   4.7827628193681865e-01	   0.0000000000000000e+00	   7.3481130005951156e-01	   5.2893316164195203e-01	   3.8602509327413920e-01	   1.2688190145958147e+00	   5.8217346115797364e-01	   6.0558649501633410e-01	   4.3315491637406278e-01	   4.7768071167620030e-01	   1.7149233127132299e-01	   7.0776597533188357e-01	   3.6188376515648518e-01	   7.8230118927876735e-01	   7.1150110868395677e-01	   4.7649209344020749e-01	   5.5401356140248104e-01	   6.1658638258043230e-01	   4.9152762071726552e-01	   5.5105459188328343e-01	   3.2361313794706392e-01	   9.8316915166946361e-01	   8.6948394563010456e-01	   2.8349595946990586e-01	   4.4335309857319516e-01	   3.3730276159729472e-01	   3.2206544306345380e-01	   5.9398103354118059e-01	   4.3150078491287702e-01	   7.6078421825524722e-01	   9.3931679407720847e-01	   9.2985787107294260e-01	   7.8762131811048874e-01	   4.7974312046614992e-01	   2.1790622022195921e-01	   3.2498101910404531e-01	   3.7796253949468817e-01	   6.8440191275135709e-01	   4.4049922866746161e-01	   6.2261932442774426e-01	   4.5536497240187257e-01	   6.4082628614466153e-01	   6.1019709590542270e-01	   5.7710876222986018e-01	   4.9394483804859912e-01	   5.3056797177685033e-01	   5.4220979440713546e-01	   4.7850161387917722e-01	   4.0994951921856448e-01	   5.8695631841330409e-01	   4.8210395643705001e-01	   5.0897908035503281e-01	   6.3018512374683933e-01	   6.1130990854454192e-01	   3.9566641058280561e-01	   5.2514493833348908e-01	   3.9981355108272604e-01	   5.7560435815783151e-01	   2.6489958018052667e-01	   5.8320156653186017e-01	   2.9093368204616493e-01	   5.3826006337244237e-01	   4.4039644498572228e-01	   7.4125508782670047e-01	   4.2526838133357464e-01	   8.8762463847030049e-01	   5.4805318507816880e-01	   6.1802721444549602e-01	   3.8881034057103941e-01	   4.3272998387991218e-01	   4.7906538545178834e-01	   6.5640603376555318e-01	   4.9674158174501459e-01	   5.3366069960538653e-01	   2.6863336838097823e-01	   6.9077053076988482e-01	   5.0527062718706373e-01	   3.9573248059233518e-01	   6.3942726580031362e-01	   6.2468340284656321e-01	   7.5862333347265587e-01	   5.4365188809044973e-01	   7.4989839845094786e-01	   7.7629008065461180e-01	   6.9866227226790534e-01	   5.3432948079649900e-01	   3.7351325978171040e-01	   5.4265210925504925e-01	   4.2954148880073922e-01	   5.3697503114577327e-01	   6.6065808276979554e-01	   6.0844331658685291e-01	   7.4526535344113021e-01	   1.6226315758814844e-01	   7.2963490144621695e-02	   2.8528942623294395e-01	   3.5076862255924207e-01	   4.7277736475054988e-01	   5.2952125454567600e-01	   4.5208971949332633e-01	   4.7804060595034065e-01	   3.9458224042251117e-01	   3.1187218638832637e-01	   3.4704621610427500e-01	   4.3608058382732795e-01	   3.0821773234981348e-01	   3.1717385998140951e-01	  -7.4194780163011814e-02	   6.8806419401312893e-02	  -7.3869234449459337e-02	   2.7048987507404493e-01	   3.6903782962636250e-01	   3.1185924323266268e-01	   2.7110686526154926e-01	  -8.4142027621887897e-02	
   7.0425342389980816e-01	   9.0771560285193353e-01	   7.3481130005951156e-01	   0.0000000000000000e+00	   4.8510727684836252e-01	   9.7116997645615410e-01	   9.3664809864293153e-01	   1.7032878553786615e+00	   6.7744707566968043e-01	   8.8708039464785726e-01	   5.2324047327603895e-01	   7.3899038215154356e-01	   6.8990399055652185e-01	   9.7293887216110286e-01	   5.8371811983653921e-01	   1.0229801297661243e+00	   5.9472617176322640e-01	   7.6343505929622923e-01	   8.5053793187867788e-01	   8.8946458288020547e-01	   3.4453639620878268e-01	   2.3812481364925631e-01	   3.7537410494368523e-01	   7.2005546815556454e-01	  -7.0143903808417743e-02	   2.2193433339110663e-01	   1.4256578967234446e-01	   9.0783031898579211e-02	   7.0421299670848825e-01	   7.8517198706326452e-01	   3.4093513011912674e-01	   7.0078201144109498e-01	   8.0622683244496540e-01	   1.1546312190705745e+00	   4.7345697973778161e-02	   3.8195975063353826e-01	   3.3416799643568890e-01	   5.5004554788911308e-01	   6.7204993200343943e-01	   6.4066970072854246e-01	   6.4688435631317553e-01	   5.4198524925772351e-01	   6.4949263082769171e-01	   6.1510257012347036e-01	   6.1092355326126979e-01	   5.8828599769518375e-01	   6.4878861376766095e-01	   8.0332196435032521e-01	   6.2155266951744459e-01	   6.6604896876393949e-01	   6.7208253631534465e-01	   6.2128592483256340e-01	   7.9783113943179962e-01	   8.6501753311288798e-01	   8.4944019131622484e-01	   7.0590888989001987e-01	   7.8743173431369828e-01	   7.0496084431060946e-01	   6.3985566357891976e-01	   9.3582138854495001e-01	   8.0365359602386577e-01	   1.1365005733061520e+00	   6.0302268652531044e-01	   7.8412768151885703e-01	   4.4517838601035792e-01	   7.8478431911370505e-01	   5.1159049830663061e-01	   8.6490771516163978e-01	   8.8181191676082415e-01	   8.5443913841865204e-01	   3.9455470688059152e-01	   5.0652752680006308e-01	   6.6555893130781141e-01	   5.8884323993135834e-01	   6.7989523396494156e-01	   5.4922453777381020e-01	   7.5370068651337008e-01	   8.6351741042674046e-01	   5.6524939307692612e-01	   7.5024385506710123e-01	   8.5184374674199836e-01	   9.4212042817579988e-01	   5.8592403543322569e-01	   8.1342321511590432e-01	   7.5730034683764436e-01	   9.6097783805175996e-01	   3.5582709930377915e-01	   2.4065666420045784e-01	   7.9703860285728512e-01	   8.5327498399591661e-01	   1.0326748131916290e+00	   6.1579651173873717e-01	   1.0392026319546290e+00	   4.5670674875775713e-01	   4.9768498837285280e-01	   3.2539297321823729e-01	   5.6360638901889526e-01	   6.7862681667589764e-01	   8.4393680465277976e-01	   7.3854382607342139e-01	   1.0614948436246243e+00	   6.2888785642520451e-01	   7.2442811907091587e-01	   5.7225238534782708e-01	   5.9492427724154084e-01	   3.7790912197270515e-01	   5.5728863132037865e-01	   2.7651914232248298e-01	   9.9369689673716260e-02	   3.1485034427963721e-01	   2.7586437603406239e-01	   4.8645430728782119e-01	   5.6603791184167906e-01	   5.0127452117822358e-01	   3.5887856129800277e-01	   1.6206314009246972e-01	
   4.2538889597059470e-01	   3.5368287864643927e-01	   5.2893316164195203e-01	   4.8510727684836252e-01	   0.0000000000000000e+00	   8.5089862690955054e-01	   7.0179272111214464e-01	   4.8798125815134008e-01	   1.0654299329576966e+00	   7.9311939233402695e-01	   2.3627466163671768e-01	   2.1464484738219716e-01	   3.3924609163619990e-01	   3.8451325816517407e-01	   9.2258250143282838e-01	   6.2266714553316138e-01	   2.9119662797371726e-01	   4.3189642104444614e-01	   2.3149758785950891e-01	   1.4267732439995928e-01	   6.1851900733939646e-01	   5.1864708142779037e-01	   4.2927217923098382e-01	   4.7878191901441181e-01	   2.4902423739305751e-01	   3.6791397477014398e-01	   5.8400362455816024e-01	   5.2243677490333307e-01	   4.8932928516782015e-01	   4.1002709353667899e-01	   4.5265346339698764e-01	   4.5192821866318317e-01	   4.7867415079183689e-01	   4.2528428302794619e-01	   2.4705522292644050e-01	   1.1576054012561790e-01	  -5.1818815492082990e-02	   9.7948241139651226e-02	   1.4727099267813121e-01	   4.4937472061178943e-02	   3.1266579868422467e-01	   2.9562144750222646e-01	   4.4956149557897662e-01	   4.5995570804508423e-01	   4.4736562629149851e-01	   4.1075297253891846e-01	   3.5777659617974522e-01	   4.2836292215551364e-01	   4.4670699992277163e-01	   4.0235046459365187e-01	   3.9581026495764038e-01	   3.8871632858849237e-01	   2.3459971728979548e-01	   3.4857607689988407e-01	   2.3969191902098327e-01	   1.5552983093008088e-01	   4.6418891850247435e-01	   2.9243442670556047e-01	   4.8874174846771690e-01	   4.0679914427912600e-01	   5.3757245021137301e-01	   3.9408029602328221e-01	   4.3207854661127065e-01	   3.3292689112808060e-01	   4.9214831677190668e-01	   1.9967325528316038e-01	   5.4274724821145159e-01	   5.8223139002362712e-01	   3.4370288412996658e-01	   2.8486711772631867e-01	   3.5260830479957173e-01	   4.3209533982441339e-01	   5.0464798725345472e-01	   3.1597688260242934e-01	   3.1781855073272436e-01	   1.8918560673078227e-01	   2.3157549201030769e-01	   1.9499569803601782e-01	   2.8892599512216499e-01	   3.7296709102214093e-01	   3.6672391229114365e-01	   3.1021751482354321e-01	   5.0705900216501854e-01	   5.6809371796422670e-01	   4.0868743059386337e-01	   3.3806152233356856e-01	   3.3790137821265664e-01	   3.7775392871043634e-01	   3.1845776312360413e-01	   2.8111585436763697e-01	   3.4965988295978789e-01	   4.5334544152892314e-01	   3.4329270316444560e-01	   3.3444287951573953e-01	   7.4333341081566376e-02	  -1.2462799434252056e-01	   8.6876679574677623e-02	   1.9110266355844702e-01	   2.9164037515970576e-01	   2.7989749698333566e-01	   2.3135565750320236e-01	   1.6662483761549851e-01	   1.3017937499373441e-01	   3.4285589991591085e-02	   8.5042314892527476e-02	   1.0862206033363946e-01	   1.0849037513925384e-01	   2.8564045232874913e-01	  -1.4754879602473975e-01	  -6.0330894415521141e-02	  -6.2714258145928403e-02	   6.3122685043467311e-02	   2.1333998729088899e-01	   1.8558766377871530e-01	   6.4268328235994654e-02	  -1.9778243265124080e-02	
   5.7216588516577882e-01	   6.3089549547061186e-01	   3.8602509327413920e-01	   9.7116997645615410e-01	   8.5089862690955054e-01	   0.0000000000000000e+00	   6.8418196815754451e-01	   1.0072320403777246e+00	   7.5386574772318671e-01	   1.1475606925162574e+00	   3.7084260527642754e-01	   6.4029923985303761e-01	   4.7047669013913568e-01	   7.4933798701940368e-01	   6.5340074576776996e-01	   8.0908896971849897e-01	   3.3556630817839234e-01	   5.1848279271306841e-01	   4.2082172936573503e-01	   4.3012380597199684e-01	   4.3632557137551892e-01	   3.4126223700951014e-01	   1.8082012912311263e-01	   4.6718133943015477e-01	   2.5949629035029960e-02	   2.4396640187332258e-01	   3.3374067747276626e-01	   2.6008947247792413e-01	   5.2302089237312932e-01	   5.3194654184159795e-01	   2.4310832733647197e-01	   4.1071736220871125e-01	   4.4241528044188061e-01	   6.1427368352259570e-01	  -2.9825951972312238e-03	   2.8982746297612605e-01	   1.0818289413526087e-01	   2.0291247516222363e-01	   2.4661596110664338e-01	   2.0406259377173139e-01	   3.7721351392969726e-01	   3.3992691684310233e-01	   5.1903099670231212e-01	   4.6005923307842689e-01	   4.3896397972665696e-01	   4.2857992852127763e-01	   4.5162447682317630e-01	   6.3254169087205170e-01	   5.7438049998478857e-01	   5.8138442427276005e-01	   5.2378261640418833e-01	   5.4155619830841117e-01	   5.5567797843275546e-01	   6.1834541419855682e-01	   4.7926663179795503e-01	   3.9432792820673990e-01	   6.3631344286036073e-01	   4.7528356740391520e-01	   5.8693298672561833e-01	   8.2153510577641442e-01	   7.3923777306646909e-01	   8.7858023704668042e-01	   4.3132213990404700e-01	   5.1280269824450619e-01	   3.3114443324414139e-01	   4.9302163714062275e-01	   3.8793003049773350e-01	   7.2930818189057056e-01	   5.1833690642325925e-01	   5.2058272174962161e-01	   3.5924460366629091e-01	   4.3043294618396288e-01	   4.6408399709790804e-01	   3.4284721778391519e-01	   4.5546423895738353e-01	   2.8563111482443798e-01	   3.6542562840003695e-01	   4.0971885135296759e-01	   3.9447990277465222e-01	   4.6631952043092734e-01	   5.2319033627354217e-01	   5.0753652111543535e-01	   5.3838716342264958e-01	   5.8605967148489202e-01	   4.4411367332234469e-01	   4.7473366670697503e-01	   1.6259364238308610e-01	   2.2724496698283905e-01	   5.3090029137883232e-01	   5.7537028878398999e-01	   6.8827346983498949e-01	   4.6934879288253090e-01	   5.9165201418050584e-01	   2.7351098402364254e-01	   2.8760685159174759e-01	   1.4204802078362941e-01	   2.3957520999477419e-01	   3.2913035960890813e-01	   5.2526262219956543e-01	   4.4054154283582087e-01	   6.3015891735786300e-01	   2.9115582090460818e-01	   3.5016994761488285e-01	   3.1733789099047799e-01	   2.6332414946469057e-01	   1.4443003877084326e-01	   3.5471208337214627e-01	   4.7230840925623685e-01	  -1.1242435458614483e-02	   8.4009598707768710e-02	   9.5663943056391476e-02	   2.4657901013144928e-01	   3.4139810779108720e-01	   3.0946444303566273e-01	   1.5237428237367653e-01	   1.1714522944518124e-01	
   6.7334153018599263e-01	   6.2574553836589142e-01	   1.2688190145958147e+00	   9.3664809864293153e-01	   7.0179272111214464e-01	   6.8418196815754451e-01	   0.0000000000000000e+00	   9.3008999014358218e-01	   9.9238628935056217e-01	   8.0113550396736088e-01	   7.1374439636578135e-01	   4.7438879272740930e-01	   9.9754687457828273e-01	   7.2981571181645910e-01	   9.2833895508479924e-01	   9.0732752170697373e-01	   5.1810891813634541e-01	   6.6340882101966137e-01	   6.7766731834451610e-01	   6.0190051831584956e-01	   4.6683485438635602e-01	   2.2475542995356873e-01	   6.1644246895243104e-01	   6.4749816769357948e-01	  -2.0674860446390806e-02	   1.4559072681261462e-01	   1.9047470213081177e-01	   1.7353326220695159e-01	   7.2040176185237481e-01	   5.4954589455365210e-01	   4.1914343559411743e-01	   6.3557168806496456e-01	   7.7752542319347373e-01	   8.7641761506096505e-01	   1.4363152036130999e-01	   1.1089578843667405e-01	   8.4578620420036180e-02	   2.9445416938669544e-01	   3.9480315395144588e-01	   3.7274679511436626e-01	   5.0344721623644451e-01	   3.9250133512027596e-01	   6.5159994876555594e-01	   6.0059711303004448e-01	   5.7373182715572457e-01	   4.9717551457573739e-01	   5.5425491913668412e-01	   6.2017985393372288e-01	   5.7002528700017152e-01	   4.7641093312503213e-01	   5.4510108778396804e-01	   4.7750386450878773e-01	   5.6782939753537731e-01	   7.1285972599693948e-01	   5.5124671881155229e-01	   4.3086768091168981e-01	   6.1885877674466772e-01	   4.9523787523910706e-01	   7.3579994195728404e-01	   5.0711291536421899e-01	   9.2907490592258057e-01	   6.3185675489649851e-01	   6.8498372464958324e-01	   6.7984964633493516e-01	   6.3279916768230704e-01	   3.9302368773523294e-01	   6.9413736312320573e-01	   5.8628367396231273e-01	   6.6731207940914172e-01	   5.5623803900934043e-01	   5.0049761263254311e-01	   5.8252969338168825e-01	   7.2113228263324092e-01	   5.4209759104963329e-01	   6.6791532186387348e-01	   3.4431333802057285e-01	   7.1089697144917896e-01	   5.8225293758363605e-01	   4.1695583630827504e-01	   6.0439298552256315e-01	   6.4181990873682482e-01	   7.5409052774597574e-01	   4.6062772293898679e-01	   6.8851438396923881e-01	   7.2474302533565238e-01	   6.7649836018026488e-01	   3.2537935377429844e-01	   2.4789788972404053e-01	   5.6618096176611676e-01	   5.6903285104092305e-01	   6.8398388989947712e-01	   7.0949682921158663e-01	   7.3216906329898757e-01	   6.9403034696491905e-01	   1.5459785160230263e-01	   1.6646233681399968e-02	   2.0337289194151875e-01	   3.1506094242707677e-01	   5.5619793928993166e-01	   5.6725768492333128e-01	   6.5279372936993885e-01	   5.4881034347957791e-01	   4.8171156394617259e-01	   2.7915510186834525e-01	   2.9123096064385917e-01	   2.7608485970926278e-01	   2.5424699929716327e-01	   2.8519304296807491e-01	  -1.5285269736102189e-01	   1.1313958239921582e-01	  -4.9095865394820935e-02	   2.9659484581363277e-01	   4.4400848222872669e-01	   3.6587476161736177e-01	   2.2837505730888380e-01	  -4.2710681344914452e-02	
   7.6672310400513610e-01	   9.8392553202916133e-01	   5.8217346115797364e-01	   1.7032878553786615e+00	   4.8798125815134008e-01	   1.0072320403777246e+00	   9.3008999014358218e-01	   0.0000000000000000e+00	   7.2232473882489712e-01	   9.9391852204043429e-01	   6.3787150268445225e-01	   9.9823667664390692e-01	   7.8260008058426456e-01	   1.3128965751012054e+00	   5.8106748354797977e-01	   1.0479506454836847e+00	   6.5865461990480689e-01	   8.7405874150487328e-01	   8.3203716780336545e-01	   8.9123639902254881e-01	   2.3030855330377387e-01	   1.5450677475821603e-01	   2.3030710059978635e-01	   5.2749113400812553e-01	  -2.4150718026864096e-01	   4.1244643636281227e-02	   4.2769158959285597e-02	   4.1720604468538838e-03	   7.9863139709078124e-01	   9.0464677184372999e-01	   2.0364274350301315e-01	   5.3841233146538769e-01	   7.2203245259348015e-01	   1.1530970224676658e+00	  -1.0699401150608497e-01	   2.7184178617908628e-01	   1.6789569340725283e-01	   4.1177041670420750e-01	   4.5088468448751501e-01	   5.5856659213255377e-01	   5.2562392368919542e-01	   4.5224135045710823e-01	   6.1689525692784941e-01	   6.1897043407941033e-01	   6.1859287962982445e-01	   6.3300005351140787e-01	   6.1239638411466746e-01	   7.3606009858031396e-01	   6.3709912532685131e-01	   6.9940492491058626e-01	   6.1846973706025310e-01	   5.9596065079046756e-01	   7.8292719570886360e-01	   7.5646455169021343e-01	   7.2345676753198196e-01	   6.3689987189908415e-01	   8.0436920340080786e-01	   7.3925132530165338e-01	   6.2355812888541828e-01	   9.8980006936430898e-01	   8.5790150271087307e-01	   1.3854066675891923e+00	   6.6108623095355690e-01	   9.6305510272292694e-01	   3.3355399090003851e-01	   6.9003771647373413e-01	   4.1292202696720576e-01	   8.3290308127631951e-01	   7.9364714202487052e-01	   8.7101224918036091e-01	   4.0573855405096038e-01	   4.8746866795952987e-01	   6.9769947092512996e-01	   6.3683185169750878e-01	   7.2629125836546016e-01	   5.2441022881369515e-01	   7.6624619308564190e-01	   8.2708700349911723e-01	   5.6724369822583587e-01	   6.7329953116692642e-01	   8.3364759064072635e-01	   8.7902929076213243e-01	   5.0378236951070976e-01	   6.9692248741443696e-01	   7.1429648321874717e-01	   8.7291785832383118e-01	   2.3516146739711158e-01	   1.6654581424796977e-01	   6.6696943471695513e-01	   7.7712148630717304e-01	   9.6394694593337849e-01	   5.2462855882247195e-01	   9.4856876446700134e-01	   3.5272275285033849e-01	   3.9713853499692142e-01	   2.3775118462363917e-01	   4.3870007069753642e-01	   5.9170186894842980e-01	   8.1219042857368950e-01	   6.6481748063153612e-01	   1.1560218474791186e+00	   5.9845394936011831e-01	   8.0309030603924958e-01	   5.3753790698431603e-01	   5.3169915827823955e-01	   3.0129872083766085e-01	   4.7630353449969032e-01	   1.9035656379984225e-01	   1.0187301117975807e-01	   2.7975715138331603e-01	   1.8673443508805948e-01	   4.0536399035198617e-01	   5.2019782235815226e-01	   5.0503104829812884e-01	   3.0456295759062851e-01	   1.4021636981600910e-01	
   3.9675531627488064e-01	   3.8816474135133333e-01	   6.0558649501633410e-01	   6.7744707566968043e-01	   1.0654299329576966e+00	   7.5386574772318671e-01	   9.9238628935056217e-01	   7.2232473882489712e-01	   0.0000000000000000e+00	   1.1408375521219871e+00	   4.2991703303745582e-01	   3.3193609381636097e-01	   5.9071596551859551e-01	   6.5474242518029546e-01	   1.0337414325006327e+00	   8.6683523410683816e-01	   3.3590842789311121e-01	   4.8137424772408288e-01	   3.6691372202799105e-01	   3.5287758532441993e-01	   4.2551050438305404e-01	   3.4798488206076744e-01	   3.8102147837783096e-01	   4.2221304587508274e-01	  -7.3362257000549838e-02	   1.4301164811990827e-01	   2.3483773787818524e-01	   2.9721879543125018e-01	   4.9555543888720244e-01	   4.5071503080885500e-01	   2.1633361905478010e-01	   3.5399061933204173e-01	   5.1904345501662630e-01	   5.8623913370326186e-01	   7.5003564158147608e-03	   1.2193932000482952e-01	  -6.3504082405334381e-02	   2.4781004720296471e-01	   1.8455528721665435e-01	   2.1415661822762699e-01	   2.6900809111367729e-01	   3.1616806346988291e-01	   3.9604192284526790e-01	   4.2733949522619741e-01	   4.2378374808146263e-01	   3.8724633301650857e-01	   3.8087984137458336e-01	   4.4113662044176910e-01	   3.9973472041729119e-01	   3.1736412265668462e-01	   2.9965003929329731e-01	   2.5683817982769303e-01	   3.0354677997563689e-01	   4.4504896375851782e-01	   3.3740231686346334e-01	   2.5627898989629716e-01	   3.8526658410993270e-01	   2.9182841856309893e-01	   5.3684338232599560e-01	   4.6497992687557549e-01	   6.7566782312300899e-01	   5.6067847520204361e-01	   5.3777467345160290e-01	   4.9490834712885901e-01	   4.6208169339293698e-01	   1.6623915320954993e-01	   4.3566583641352707e-01	   4.7971971082410236e-01	   4.4126806888097103e-01	   4.4992541781101048e-01	   3.3829178409016714e-01	   4.0088061905215461e-01	   5.2405234095160780e-01	   3.1872721861658360e-01	   3.8247242227014733e-01	   2.3531676415571687e-01	   3.2414888444583828e-01	   3.4401170677102494e-01	   2.6614024031666594e-01	   3.7521414060085895e-01	   4.2887948643757473e-01	   4.2833388589072052e-01	   4.2037896013651321e-01	   5.3521326266505709e-01	   4.9943610104514485e-01	   4.9705888590611141e-01	   3.7820169592891784e-01	   2.4142440317280792e-01	   5.4003881367731843e-01	   4.5593016293093863e-01	   5.3039296786761125e-01	   6.4462814634884980e-01	   6.2456290799082570e-01	   5.7822622834936965e-01	   1.1210288500866192e-01	   8.1105244374426927e-02	   1.7900635908534054e-01	   2.8476522306481356e-01	   3.7273004095575901e-01	   4.1123880162467108e-01	   4.9993886444266666e-01	   4.7842586843968676e-01	   3.3916753554579565e-01	   1.7510320278685707e-01	   2.7156889957998015e-01	   1.8771195925388801e-01	   1.4339219740069631e-01	   2.1177794240258124e-01	  -1.7680616422864653e-01	   1.0034225558095078e-01	   2.9899488655432165e-02	   2.1957298984574089e-01	   3.8932186354451431e-01	   2.8889999812954792e-01	   1.2963886145634040e-01	   3.6153512919812884e-02	
   4.4213961469447072e-01	   5.1769078124599632e-01	   4.3315491637406278e-01	   8.8708039464785726e-01	   7.9311939233402695e-01	   1.1475606925162574e+00	   8.0113550396736088e-01	   9.9391852204043429e-01	   1.1408375521219871e+00	   0.0000000000000000e+00	   5.0936962765886706e-01	   5.9453148171318804e-01	   6.1368302375738959e-01	   8.6443094841551138e-01	   8.3715597674380537e-01	   1.1037754814396934e+00	   2.8365140692612878e-01	   4.9565319613031456e-01	   3.9560257661604747e-01	   4.1761359966488354e-01	   2.7234228164617635e-01	   2.7342164180899409e-01	   2.0040174094097807e-01	   3.9394230065943703e-01	  -1.9852209759597711e-01	   8.4706153909199181e-02	   1.4985777570157738e-01	   1.5673634234404832e-01	   4.6800172608926771e-01	   5.0578691381716245e-01	   7.1880131225287858e-02	   2.8689949109600021e-01	   4.1869034947263134e-01	   5.9429525290459395e-01	  -1.4223943638291381e-01	   2.2935038755127127e-01	   9.0578731910134019e-02	   2.6497679371085664e-01	   2.3310864227114128e-01	   2.5491463423161465e-01	   3.8693871026899207e-01	   3.6012851218485897e-01	   3.6568270035133160e-01	   3.6272671386075905e-01	   2.8385410358553964e-01	   2.7221159212695306e-01	   3.4070944395144531e-01	   4.6276250994030366e-01	   3.4884918281584087e-01	   2.9572744748604185e-01	   2.8062787825475732e-01	   2.5598529520076796e-01	   3.5493938961546390e-01	   4.5328845941999030e-01	   3.8830415969737109e-01	   2.9418987528894275e-01	   4.2039998713543653e-01	   3.2837876565159219e-01	   4.6140962864528456e-01	   5.9764535920834660e-01	   6.5209622774539744e-01	   8.0780622895994492e-01	   4.6011890902436253e-01	   5.3009926907317950e-01	   3.2474654169731559e-01	   3.0782657642114125e-01	   2.3025669279955480e-01	   4.4512954964981677e-01	   4.7506430739363043e-01	   4.8207689527657127e-01	   3.9480945037607446e-01	   4.7721777351978895e-01	   5.0457665631582749e-01	   3.4333350863717221e-01	   4.9949923916468125e-01	   3.0269066977153503e-01	   3.4120068627804628e-01	   4.5255818494284750e-01	   2.8491229709633131e-01	   4.2074742124597853e-01	   4.7405449497612195e-01	   4.7723753617606052e-01	   4.4214740880653525e-01	   5.5491185798589882e-01	   4.6783699261991235e-01	   5.0673182611657208e-01	   2.5589250469280161e-01	   1.6091095120141855e-01	   6.0859922777651354e-01	   5.2166971572437815e-01	   6.3958766343113815e-01	   5.7714115451940029e-01	   7.2292978936262486e-01	   4.4956858682521283e-01	   2.2260667250078978e-01	   1.1592677357109601e-01	   2.2832738041461542e-01	   3.3082869547151011e-01	   4.2839298404434489e-01	   4.0067054091380694e-01	   6.8162450307428335e-01	   3.9597877648732682e-01	   3.7963606387630833e-01	   2.1563778764744498e-01	   3.2378939996999961e-01	   1.3853730198081951e-01	   2.5891537625771816e-01	   2.8631689782219427e-01	  -6.8726953706152824e-02	   1.2879983952991314e-01	   1.7110134909300689e-01	   2.1141233250779912e-01	   3.0843868650587836e-01	   3.0186648888254625e-01	   1.9606205802390148e-01	   9.1519105714733581e-02	
   7.7455573061108629e-01	   6.4742784198140202e-01	   4.7768071167620030e-01	   5.2324047327603895e-01	   2.3627466163671768e-01	   3.7084260527642754e-01	   7.1374439636578135e-01	   6.3787150268445225e-01	   4.2991703303745582e-01	   5.0936962765886706e-01	   0.0000000000000000e+00	   9.1484382259016406e-01	   1.4527791698404851e+00	   9.3859307851042106e-01	   7.3418762431145590e-01	   7.5100854459578303e-01	   5.1111416815584509e-01	   6.7988748945676003e-01	   5.6998597799960904e-01	   5.1771890278355825e-01	   1.0367639568294969e-01	   8.7121932319598454e-03	   1.8877671618041067e-01	   2.6200413244090975e-01	  -3.0071661089135721e-01	  -1.9287979527939553e-01	   4.2985223588257834e-02	  -4.7679057191293811e-02	   7.0862041811523213e-01	   6.4309688856087377e-01	  -5.6630744904301797e-02	   1.5288702418536509e-01	   3.9533817807258415e-01	   5.5635511419549499e-01	  -1.5137651262601795e-01	   4.6175516938427315e-02	   2.0430057375051575e-01	   3.0744023011396138e-01	   3.7011657327073005e-01	   3.8332991722669796e-01	   6.6866418523724458e-01	   3.1278322337124914e-01	   3.2079775563717644e-01	   2.9746857316957215e-01	   2.7236369378024949e-01	   2.7501601156795269e-01	   3.3846245438560085e-01	   3.4732847299565933e-01	   3.5177425187542971e-01	   3.1220010366936413e-01	   3.5759326148742587e-01	   2.3025677934707353e-01	   3.9724930420513554e-01	   3.5120085595259110e-01	   4.0071091387082558e-01	   4.1306225235274563e-01	   5.5653389853020840e-01	   5.3853129917929154e-01	   6.6069108053308467e-01	   4.7269497649900311e-01	   8.8574113226710316e-01	   7.3031029823602889e-01	   5.2379060947026646e-01	   7.2164254976993247e-01	   3.9952717244007441e-01	   3.6376321302731163e-01	   2.6614814080881394e-01	   3.2014232616648480e-01	   4.8375465457204886e-01	   5.1496554987803111e-01	   5.1171260437832622e-01	   5.3182506334646096e-01	   7.6889460506357277e-01	   7.5067362267772075e-01	   9.1366280310340420e-01	   5.2695901111117172e-01	   6.8110161647319889e-01	   6.2580957139525006e-01	   4.1149850249811581e-01	   5.6135079155433754e-01	   4.8160080779148284e-01	   6.4055062186170975e-01	   3.9344174489628825e-01	   4.8342175470122056e-01	   5.5596207856962898e-01	   5.3597259648123230e-01	   1.8249216003330970e-01	   2.6233987974724182e-01	   3.9029536127257847e-01	   4.5191014416968833e-01	   3.8111792073962281e-01	   3.3243321361260192e-01	   4.5263286390481472e-01	   3.6526929603235758e-01	   1.0048406286224214e-01	  -8.4616671578271657e-02	   1.8514622349772458e-01	   3.0063262252725681e-01	   4.0454550311112730e-01	   3.4188646288582231e-01	   5.1585694433650175e-01	   4.4904728536002675e-01	   4.7230724021892623e-01	   2.9266468307325189e-01	   2.1329608940432593e-01	   1.6286244615765633e-01	   9.2974112718448604e-02	   4.8808388960510117e-02	  -4.6355335149889015e-02	   1.3936059880198787e-01	   8.2906933354933085e-02	   1.9545140015898702e-01	   2.3349253847582946e-01	   3.0526650063233446e-01	   1.7368169003383288e-01	   6.6439317266540161e-04	
   7.4231600253690577e-01	   8.0689743173898310e-01	   1.7149233127132299e-01	   7.3899038215154356e-01	   2.1464484738219716e-01	   6.4029923985303761e-01	   4.7438879272740930e-01	   9.9823667664390692e-01	   3.3193609381636097e-01	   5.9453148171318804e-01	   9.1484382259016406e-01	   0.0000000000000000e+00	   8.3530435673934378e-01	   1.2647217250727598e+00	   3.6869276205592688e-01	   6.7526314002676935e-01	   4.2674117894201646e-01	   5.8557436567253096e-01	   5.6054212486435895e-01	   6.1063340846874758e-01	  -3.7199900570786468e-02	  -1.2814297952565112e-01	  -4.2327776865135461e-02	   2.0495447724300073e-01	  -3.7631603483872539e-01	  -2.0372005913129920e-01	  -8.9880530771041967e-02	  -2.0297028635315076e-01	   6.0469933163770340e-01	   7.0849104558864939e-01	  -1.2923828374292018e-01	   1.4012488805353823e-01	   2.6278626045414016e-01	   5.8150422447254702e-01	  -2.6379250682018679e-01	   1.7387684868247535e-01	   6.1830278350261406e-02	   2.6663349080573634e-01	   2.0357984122944384e-01	   3.6363664703924203e-01	   4.1298645385568866e-01	   1.9756372808286846e-01	   3.1552036618433588e-01	   2.9734833726992066e-01	   3.3029900275565804e-01	   3.6287436235036458e-01	   3.0911568014580787e-01	   3.8315649339304869e-01	   4.1959357269041664e-01	   4.6973260355242002e-01	   3.7543820847627329e-01	   3.2986700221379012e-01	   5.3332346478046222e-01	   3.9577930178071524e-01	   4.5152298669722168e-01	   4.6933367487041777e-01	   5.6786836629620097e-01	   5.6732686524201492e-01	   4.8944920557751581e-01	   7.6122204480027844e-01	   7.0977298147918311e-01	   1.2310965910651299e+00	   3.6203195268434563e-01	   7.1112649268837880e-01	   1.7962219148356703e-01	   6.0076284364673016e-01	   9.2920180790695986e-02	   4.4244685181908189e-01	   4.4781827100680149e-01	   5.5950880769208899e-01	   3.9302642235440632e-01	   3.9128872873849407e-01	   5.6991775618958218e-01	   6.1116600478348082e-01	   7.5841631981251878e-01	   5.1594442659322792e-01	   5.7955244827887997e-01	   7.1381530956367012e-01	   3.5618977030580501e-01	   4.0786112348199555e-01	   4.8867613629688256e-01	   5.4003152528649934e-01	   2.8594573937233314e-01	   4.0435336862368748e-01	   4.1090727160422080e-01	   5.2879096092451228e-01	  -2.0304637675027010e-02	   1.5862019874935590e-01	   3.7448061897833862e-01	   5.7047728284767873e-01	   5.5819042865571444e-01	   2.2505469198259673e-01	   5.6914016308006765e-01	   1.4206222970290242e-01	   2.4692236424880543e-01	   6.0967130732594257e-02	   2.4011309690736932e-01	   4.0540001884589544e-01	   5.0456510586712033e-01	   3.3606215730700062e-01	   7.0535084034709850e-01	   4.0095419709802194e-01	   5.1078032502882620e-01	   3.4317655016983195e-01	   2.9911884768458302e-01	   1.4795332757118465e-01	   1.7563797881345897e-01	   7.7462594426285017e-02	   1.0840718117278017e-01	   2.1440949914211430e-01	   1.7849682601793398e-01	   2.4207377885456488e-01	   2.6306615408880707e-01	   3.4043725432732563e-01	   1.9232506933615640e-01	   1.1223581752044039e-01	
   7.5859041946042682e-01	   6.6883180620515514e-01	   7.0776597533188357e-01	   6.8990399055652185e-01	   3.3924609163619990e-01	   4.7047669013913568e-01	   9.9754687457828273e-01	   7.8260008058426456e-01	   5.9071596551859551e-01	   6.1368302375738959e-01	   1.4527791698404851e+00	   8.3530435673934378e-01	   0.0000000000000000e+00	   9.6816209503844552e-01	   8.6856300307095280e-01	   8.3234550978922639e-01	   4.9192025818873519e-01	   6.4970460327273694e-01	   5.9956879136731933e-01	   5.8640138705995959e-01	   2.0749588305883163e-01	   4.8312189160611495e-02	   3.3653497770670660e-01	   3.8320031570936586e-01	  -1.6459194617601774e-01	  -2.9014646389577532e-02	   3.9518482665575692e-02	   4.5486921140585578e-03	   7.1837001669478173e-01	   5.6625835026727422e-01	   5.0955906478487849e-02	   2.5153842568455581e-01	   4.6116152030568119e-01	   6.2210965605200463e-01	  -1.1988798177963981e-02	   1.2098159350067636e-01	   2.4829281128491518e-01	   3.0849556319706600e-01	   4.2314148424255882e-01	   3.9771210817051939e-01	   6.5218442016683342e-01	   3.2881334478028035e-01	   4.0741219654295435e-01	   3.2959539091310153e-01	   3.9911561759564479e-01	   3.5803028853544988e-01	   3.7151242132264289e-01	   4.1767935793226052e-01	   4.7838500309020204e-01	   4.0739030795838044e-01	   4.7021723586673825e-01	   3.3341422608185189e-01	   5.3919027267016562e-01	   5.1657649228641178e-01	   5.2518490461656264e-01	   4.6381077298756651e-01	   5.9371059671429482e-01	   5.2975690389767571e-01	   7.6481998294964937e-01	   4.8685725831074300e-01	   1.0280325295128767e+00	   7.5093153564524318e-01	   5.0932272604055573e-01	   6.6957885548183227e-01	   4.9170484256410479e-01	   4.7173285644017465e-01	   4.2074145974682009e-01	   3.9832317607425805e-01	   5.9491738908252101e-01	   6.0602065540453764e-01	   5.2240808572821185e-01	   5.7555472579649114e-01	   8.4143983454540749e-01	   6.9882185608292557e-01	   8.2860743881646726e-01	   5.1652638482564672e-01	   7.2688431807861786e-01	   6.6096879869184000e-01	   3.9766091879495236e-01	   5.7699984429545925e-01	   5.7159441964094604e-01	   7.1051722406970275e-01	   4.1345366966736524e-01	   5.3290206781434124e-01	   6.5393027684053417e-01	   6.3615264525772686e-01	   1.8617023049398465e-01	   2.4629476136884620e-01	   4.8059599433569389e-01	   5.3291564521679169e-01	   5.3640144397689471e-01	   4.8570006500300250e-01	   6.1008815447557185e-01	   5.6473975274084109e-01	   1.2473805822915671e-01	  -6.9956035500783210e-03	   2.7693467613975209e-01	   3.2110560392882570e-01	   4.9545803263353178e-01	   4.7269710778638763e-01	   6.3481175727414818e-01	   5.5062120139780468e-01	   5.2930259773850064e-01	   3.5059828701282897e-01	   3.3754489682613598e-01	   2.7962126632265089e-01	   1.7181123752632255e-01	   1.8023748171814802e-01	  -1.1201169584862682e-01	   1.6796055993034245e-01	   1.1072449422508428e-01	   3.2189526272769375e-01	   4.1944117825938587e-01	   4.2986679569451108e-01	   2.4268288930625814e-01	   2.6001068592220549e-02	
