   0.0000000000000000e+00	   1.9211257134513910e+00	   1.0969204369160217e+00	   1.0734379808391770e+00	   9.2206270158857984e-01	   8.1118580018757813e-01	   1.1528981136719421e+00	   1.0585152178900179e+00	   6.6190487140464349e-01	   8.5820939602955082e-01	   9.8604540203242130e-01	   1.1897936284854418e+00	   7.8899831755807304e-01	   9.5434410806527692e-01	   9.8307552700845946e-01	   1.0196610157526986e+00	   1.2310637828529523e+00	   1.3304456344896733e+00	   1.8335913080367618e+00	   1.7043031065602738e+00	   3.5121795430536795e-01	   4.7066640366489959e-01	   8.8540578545381632e-01	   1.0998242608803410e+00	   6.5843704909467071e-01	   8.4419401960103890e-01	   7.3354339642572342e-01	   6.0980835297116198e-01	   9.3741851889827355e-01	   1.1618740794589379e+00	   5.2890216251741051e-01	   6.2501413033052244e-01	   1.4370234997717464e+00	   1.2912100446686172e+00	   7.3719204119945980e-01	   6.0856816379380962e-01	   2.8203061470941787e-01	   3.6770647113477883e-01	   6.7281120798047223e-01	   7.7533391552295172e-01	   3.3043309089589928e-01	   7.8422107782743655e-01	   5.0866581624931206e-01	   4.1729436582678336e-01	   8.2687176035952115e-01	   7.8580965767771971e-01	   7.4670335942426491e-01	   8.3349056923250087e-01	   7.1918796477122726e-01	   7.9866613338354076e-01	   8.4791618123400581e-01	   8.7345730285777901e-01	   6.8774596462721582e-01	   7.0827755709189189e-01	   8.0455929433466988e-01	   7.9146000081904488e-01	   1.7129530673001592e+00	   1.5791073462666141e+00	   1.1574002484730848e+00	   1.0874912556054521e+00	   8.3409749388139265e-01	   5.2423233935973768e-01	   9.8453804571747328e-01	   7.8621642155248994e-01	   8.0831483715509500e-01	   8.6230350817199652e-01	   1.2667437653432594e+00	   1.1015802364402856e+00	   1.4682466451492131e+00	   1.2507310918536247e+00	   4.6003064346987754e-01	   4.3577374091586107e-01	   3.9600825414324586e-01	   7.1738536350626714e-01	   5.2406522919043796e-01	   6.7459978619086236e-01	   5.8889000972272620e-01	   3.4914249737776648e-01	   1.1915747650613273e+00	   1.0773197701787873e+00	   1.4049504086415232e+00	   1.3118088936874608e+00	   1.0159999019479926e+00	   1.1149674943327936e+00	   1.1944980806392504e+00	   1.2629630585160161e+00	   5.3842813033360670e-01	   5.2811961428123422e-01	   9.2044744497145292e-01	   1.0298924976396282e+00	   4.3943586429328357e-01	   2.6772904967954747e-01	   3.7944122939744762e-01	   5.6733835837731950e-01	   6.0232736560683386e-01	   3.6365001275195752e-01	   8.0863368216411979e-01	   7.2789770988041191e-01	   7.9541006139053383e-01	   5.5852696513400768e-01	   7.3857519812752526e-01	   7.8564867437367469e-01	   6.0381556847359530e-01	   6.0357037765952037e-01	   4.1017724595811544e-01	   2.5097983552789899e-01	   5.0908295718047269e-01	   9.8981373625023850e-02	   1.9036291652804824e-01	   4.9542919270086394e-01	   6.2137023602702524e-01	   7.0602220690280959e-01	   3.5031114166206617e-01	   8.8280942955265151e-01	   2.6533828801412812e-01	   1.8729417282216823e-01	
   1.9211257134513910e+00	   0.0000000000000000e+00	   9.3575448498613079e-01	   9.6449014391729360e-01	   9.1520648700710505e-01	   8.3143004321451941e-01	   9.5644379385232992e-01	   9.5220995769287609e-01	   6.5113256305267442e-01	   8.2149837685522653e-01	   9.3481623579000339e-01	   1.1518555174403824e+00	   6.9885189093569333e-01	   9.0345458721094074e-01	   8.5801738991215015e-01	   9.1476417793895592e-01	   1.2614058932876926e+00	   1.3888447186984654e+00	   1.6268498941896099e+00	   1.6770190991296630e+00	   3.8779447730615446e-01	   4.8986039586217867e-01	   7.3505063748468125e-01	   9.2410557246595804e-01	   5.8898000696016084e-01	   7.3998330616924468e-01	   6.6724104808204521e-01	   5.4475998155885208e-01	   8.7215571777721568e-01	   1.1583229709190668e+00	   3.8919197367207703e-01	   4.7649903847346498e-01	   1.2860832149676829e+00	   1.2212099146559194e+00	   6.5079283539329513e-01	   5.1689822965860832e-01	   2.3108349572107353e-01	   3.2727650927055452e-01	   6.3353171406029130e-01	   7.3404652545462890e-01	   2.9676230787057067e-01	   7.1636489029641481e-01	   4.1385803237432101e-01	   3.3151943777367410e-01	   7.4396259653366748e-01	   7.2297278188214065e-01	   6.3212683709047424e-01	   7.5141487038584442e-01	   6.2431206424454355e-01	   7.3004948788148161e-01	   7.3735748409151780e-01	   7.8950018304404324e-01	   5.6785180572098171e-01	   6.4030742625436921e-01	   6.7460073844674184e-01	   7.0488012575740144e-01	   1.6278500578301969e+00	   1.9234554969718172e+00	   1.0417120346246522e+00	   1.0690134158074833e+00	   7.2992260230432038e-01	   4.7650971326154590e-01	   8.6655513399412110e-01	   7.2705568600134041e-01	   6.8632911769852245e-01	   7.7273507056437918e-01	   1.1817400330538868e+00	   1.0451504562168077e+00	   1.5656754477171300e+00	   1.4314365660420125e+00	   3.3838875783278327e-01	   3.5027649923034671e-01	   3.1491817365564417e-01	   6.8583670269969677e-01	   4.6341064400620580e-01	   6.3345084729833356e-01	   4.8517482748718321e-01	   2.6770286726661863e-01	   1.2725533699874658e+00	   1.1490317250835276e+00	   1.3774051564068119e+00	   1.3110878840945879e+00	   9.3695851837261124e-01	   9.8769283747632608e-01	   1.0214939495150166e+00	   1.1245585560454949e+00	   5.3248008564304961e-01	   5.0130242505121214e-01	   7.8992277862599203e-01	   9.3997691107677861e-01	   3.6155116501315160e-01	   2.1628840657226389e-01	   3.2569782941537156e-01	   5.0353050897252294e-01	   5.5710184145843722e-01	   2.8560998008618116e-01	   7.3158506383552535e-01	   6.4217334993557551e-01	   6.6859451776034506e-01	   4.3984827282599870e-01	   7.3376170380008776e-01	   7.2416424563128878e-01	   5.8868061677099670e-01	   5.5339363763431626e-01	   4.1796767500096027e-01	   2.2453861489860222e-01	   4.6595348351329158e-01	   4.2367597118902561e-02	   1.1143888876111507e-01	   5.1201420523316965e-01	   6.3989441941989711e-01	   6.0910866027831412e-01	   2.8936212253739746e-01	   8.1722059570511618e-01	   1.9439479462341652e-01	   1.2698651706658071e-01	
   1.0969204369160217e+00	   9.3575448498613079e-01	   0.0000000000000000e+00	   1.1340465937510860e+00	   7.7894565825143425e-01	   5.9482691579192137e-01	   1.8489357589177211e+00	   1.0300821943160965e+00	   5.0192099584152827e-01	   6.3476431003610168e-01	   6.7924897116388794e-01	   7.3801285486572898e-01	   6.3248895046062170e-01	   6.2014604876457680e-01	   9.0185422137562143e-01	   8.3333057132790889e-01	   8.1954037354745990e-01	   7.5349255426218564e-01	   1.2957305464688424e+00	   1.0987624513853032e+00	   4.6614521948753290e-01	   6.2052911209560668e-01	   1.6565717107563211e+00	   1.6105188181334400e+00	   6.8043070842087139e-01	   9.3969770456490698e-01	   9.5996325043975117e-01	   8.0285846256057902e-01	   7.1364272547962060e-01	   7.9524919520561776e-01	   9.7198290933127196e-01	   9.8690254845746095e-01	   1.2024827898261992e+00	   1.0765648982748564e+00	   1.1315851765091625e+00	   8.0215347480861221e-01	   4.6840855689506489e-01	   5.1673251956617428e-01	   8.3113036431438692e-01	   8.3169038613887347e-01	   3.1207572181477239e-01	   7.3239164617076480e-01	   8.7067849536341613e-01	   7.4786616782714455e-01	   1.1354935881382158e+00	   9.2985291869859776e-01	   1.0711317907807612e+00	   1.1800524019087359e+00	   1.0357429100258309e+00	   9.2024237303029810e-01	   1.3248420834024170e+00	   9.7229263493689577e-01	   9.8994443453829617e-01	   1.0436228197223751e+00	   1.0538931809370202e+00	   1.0547062469924451e+00	   9.5876915607735624e-01	   8.5774683475582725e-01	   8.9073339167675347e-01	   8.2359008991712856e-01	   7.9285426975433526e-01	   3.7438411867620153e-01	   8.5354362103900372e-01	   5.1039334743329268e-01	   1.2255835354866642e+00	   8.2562503562888057e-01	   1.2838182929821400e+00	   1.0886171373409614e+00	   8.4691564572796285e-01	   7.8347248168036010e-01	   5.4245340058581637e-01	   6.9746894959941652e-01	   3.3013149009872261e-01	   6.1413213052195570e-01	   4.7294891232574882e-01	   6.5530327527466714e-01	   6.8633761942079741e-01	   4.7301536764196561e-01	   8.0397734847337221e-01	   6.5385171581498391e-01	   9.1551010102307495e-01	   9.1323199353508588e-01	   9.4589456131867566e-01	   1.0847923629329594e+00	   1.3619759146808668e+00	   1.1583682550738275e+00	   6.1745753201393716e-01	   6.5671863821214249e-01	   1.1697991044398051e+00	   9.4339114628015286e-01	   6.6943352293790970e-01	   5.5348901718106680e-01	   5.5544784496567934e-01	   8.0758615353000973e-01	   5.4146789062957024e-01	   4.1082114970090655e-01	   9.9778423349478862e-01	   8.3058835730395808e-01	   1.1077461647389983e+00	   8.7518206436318102e-01	   7.0740732765263914e-01	   8.9906954657021554e-01	   6.3287183684334436e-01	   6.1086037937334270e-01	   6.9131438348922747e-01	   4.5991356217397344e-01	   6.7745665988715720e-01	   2.1708268006748546e-01	   2.2817024280818518e-01	   4.6992623104503811e-01	   6.9738977763816890e-01	   9.1124516937157696e-01	   4.9828536298547438e-01	   1.0512071215053436e+00	   5.0311465556323409e-01	   2.1512358449445720e-01	
   1.0734379808391770e+00	   9.6449014391729360e-01	   1.1340465937510860e+00	   0.0000000000000000e+00	   7.1002140566132121e-01	   4.2499765792103955e-01	   1.2043196887364500e+00	   1.7053333365386398e+00	   4.4134381861854843e-01	   4.8643341879321289e-01	   5.3312269303155935e-01	   7.4585753504075458e-01	   5.0016135509840276e-01	   5.5130987749751093e-01	   7.4597985852159909e-01	   7.1508507102269592e-01	   6.7382199114884533e-01	   6.4674919283916021e-01	   1.1087959320135112e+00	   1.1849227776714659e+00	   5.5170760232001659e-01	   6.9692975237001975e-01	   8.4968892523020123e-01	   1.1972184105604260e+00	   3.8454939298063451e-01	   5.9493036300392799e-01	   8.0595008278503943e-01	   7.0660866527248301e-01	   5.6633623329403826e-01	   7.6369824502576011e-01	   7.1569810084729202e-01	   9.7062772044800971e-01	   1.1465688329515940e+00	   1.1747019435663517e+00	   9.0074032966729400e-01	   8.9875215065658165e-01	   4.1875161476767475e-01	   4.4271720800468473e-01	   8.4166496523389978e-01	   7.8730316160006997e-01	   3.2653862393012217e-01	   7.0130103241836339e-01	   7.6023821568472205e-01	   7.3060513283718764e-01	   9.9831754155380259e-01	   9.7310632919647999e-01	   9.0372344202235433e-01	   9.8331955104340163e-01	   1.0151750603279972e+00	   9.2116344883705381e-01	   1.1630963265414640e+00	   1.0188186237117347e+00	   9.6916117528652701e-01	   9.3956870538654413e-01	   1.0516578487623274e+00	   1.0532043077678823e+00	   9.0405052928402818e-01	   7.5174390007766978e-01	   1.1012506617607269e+00	   1.0855364864281398e+00	   1.1405546931364006e+00	   9.0244135497139377e-01	   8.9281736049829008e-01	   7.8453858007159749e-01	   1.0100206642811635e+00	   1.4394848999499810e+00	   1.1872626669184410e+00	   1.1844007453498349e+00	   8.3274430795034915e-01	   7.0800438375507568e-01	   4.2784303256072276e-01	   8.9244629313488155e-01	   3.5024201180124159e-01	   7.3772503948838231e-01	   4.2474977250638168e-01	   7.0596659373840476e-01	   7.9467539921304642e-01	   5.8465301232120559e-01	   6.7947430673964437e-01	   5.1403020073805328e-01	   7.8722318118353529e-01	   7.4033768076295847e-01	   8.7827282905265203e-01	   8.7925083492347433e-01	   1.0196253284071291e+00	   1.2611796999655298e+00	   6.0550213847207723e-01	   5.9942288598862481e-01	   1.0817546963947373e+00	   1.2203521197668177e+00	   7.6529474637231787e-01	   4.8886415330292721e-01	   6.9825756252783944e-01	   6.3550228054323643e-01	   5.6859006058244588e-01	   3.8526892350720932e-01	   9.2562883782588457e-01	   8.8859160936720583e-01	   1.0725628047710358e+00	   8.7012853780934585e-01	   1.0840435072691967e+00	   8.2181350303371925e-01	   8.8691598771142510e-01	   6.2012147173777665e-01	   7.0622503475357534e-01	   4.8860512167056591e-01	   8.1104771058309899e-01	   2.7083477031907022e-01	   3.3790857933961588e-01	   4.3078777825340997e-01	   6.4886715457714705e-01	   9.3291554708668400e-01	   5.7310767719238132e-01	   9.4913877861189455e-01	   4.8304052569286893e-01	   2.3709973252702199e-01	
   9.2206270158857984e-01	   9.1520648700710505e-01	   7.7894565825143425e-01	   7.1002140566132121e-01	   0.0000000000000000e+00	   8.1492213152527071e-01	   8.4140893798343264e-01	   7.1536449485314624e-01	   1.4792883871861160e+00	   8.9765387756528470e-01	   1.0620000157633323e+00	   9.4771335050917505e-01	   1.0597028980588226e+00	   1.0797518540945099e+00	   1.1843103457049944e+00	   1.0096090033902110e+00	   7.4398552377313587e-01	   8.8321028049919259e-01	   9.7432531850419402e-01	   8.7687871847805932e-01	   3.1705587007920977e-01	   2.9205409130060889e-01	   5.6312255168143477e-01	   6.8549261375604831e-01	   8.7593240868384470e-01	   7.8982541221771241e-01	   5.1382863616161090e-01	   3.4012391215760579e-01	   7.9316426374564108e-01	   8.6102216571164358e-01	   3.5442462505569350e-01	   3.9096455906482175e-01	   8.2674098314118349e-01	   7.5831621706974994e-01	   4.6167711119070531e-01	   4.4993924511095673e-01	   3.7937066943410241e-01	   4.2578906294753338e-01	   6.7499603994014612e-01	   6.1242737545421844e-01	   3.1278435642863300e-01	   8.9710483590863987e-01	   6.1241328891966751e-01	   4.9100719790734138e-01	   8.1777853936075362e-01	   7.8706785060038509e-01	   6.8866039954957581e-01	   8.1615629222380637e-01	   7.3914896670444885e-01	   8.7583218386071404e-01	   7.1934648450942573e-01	   8.8257050777412005e-01	   5.6757927955542453e-01	   8.0822744392399293e-01	   6.9000744620961185e-01	   7.3994110573020344e-01	   6.8839720053361209e-01	   8.0689983801876075e-01	   9.5590342356062763e-01	   8.9488044947294421e-01	   4.9242634563875587e-01	   4.5652842764380058e-01	   4.5837133609692926e-01	   6.7481518433863141e-01	   4.8979529952260187e-01	   7.3910913203690409e-01	   9.7389056841239674e-01	   9.3099151521787760e-01	   6.8849775336421171e-01	   7.0593252204198742e-01	   5.9562929508534201e-01	   4.0434584961449355e-01	   3.6997161970251663e-01	   5.5468307107419967e-01	   5.0014130149354163e-01	   5.7572830607589121e-01	   5.7322469762749195e-01	   3.9287597827096810e-01	   7.2066216897696000e-01	   6.4158654006912752e-01	   9.2342973918303251e-01	   9.3231858798382017e-01	   9.6714432321623567e-01	   9.5522236164738139e-01	   7.8513447996078090e-01	   9.2748687473679792e-01	   5.5267591944057104e-01	   6.2415627949297614e-01	   7.6252023694690030e-01	   8.4527809845572988e-01	   6.4630345191623650e-01	   6.0877252775430035e-01	   5.5994396916974665e-01	   8.9381984813914950e-01	   4.3777715396445482e-01	   2.0748851455427891e-01	   6.6130082428623271e-01	   5.5154098641394289e-01	   8.0840083672387653e-01	   6.5200329502444199e-01	   6.8401854089882830e-01	   8.0887666641129963e-01	   5.9821870653476317e-01	   7.4441165179235136e-01	   6.3375415040978145e-01	   5.4913499574993518e-01	   4.3060239444771070e-01	   2.0280344656260829e-01	   1.4779035934345139e-01	   4.2057887567783253e-01	   5.6089459814359721e-01	   6.6072042655480501e-01	   4.6749229711924056e-01	   8.2753516392660131e-01	   5.4701417305919375e-01	   2.8741794557274747e-01	
   8.1118580018757813e-01	   8.3143004321451941e-01	   5.9482691579192137e-01	   4.2499765792103955e-01	   8.1492213152527071e-01	   0.0000000000000000e+00	   6.5152462964385005e-01	   5.6244474488213592e-01	   6.0905947449802789e-01	   1.6691426305907346e+00	   9.4378727388574879e-01	   1.0928830871785382e+00	   6.9358750947932291e-01	   1.1434635766034431e+00	   6.0594052626754991e-01	   1.0639714213657196e+00	   1.0214684313957383e+00	   1.0258398298630675e+00	   8.2081525280138590e-01	   7.5476141100549177e-01	   4.2027419732961153e-02	   1.6198548728880546e-01	   4.9057896401234724e-01	   6.1307914417395459e-01	   6.6442296754441843e-01	   8.3660760954984814e-01	   4.3570038628622465e-01	   4.8722112824524050e-01	   7.7036463923218224e-01	   8.1230547965295896e-01	   2.3411670936390958e-01	   2.1267382099180057e-01	   7.0917580857317675e-01	   6.4705097899585196e-01	   3.4962184712289218e-01	   3.1756332553252159e-01	  -4.0258573949718934e-02	   1.5686357278277313e-01	   2.1840531927216822e-01	   3.5665762894002240e-01	  -1.9420332044837001e-02	   5.5622481664832724e-01	   2.7205686321636158e-01	   1.1728870049087459e-01	   4.4162295613087404e-01	   4.6416385861936110e-01	   4.0349675425862247e-01	   4.4022123409990344e-01	   3.4254572838643416e-01	   4.6948622281888208e-01	   3.8916662305225652e-01	   4.9284786100103262e-01	   2.5687561056910924e-01	   3.2302267853344246e-01	   2.4930122570384822e-01	   2.7907569914572250e-01	   7.5364619658963994e-01	   9.6638193135247019e-01	   5.3345447871293317e-01	   6.1776436979889959e-01	   1.6844567056481302e-01	   1.3670114635251909e-01	   3.0788262062256172e-01	   3.2383671093176963e-01	   2.4929026083388450e-01	   4.6579119009579523e-01	   7.1067171653679218e-01	   7.3896361502085717e-01	   8.3443912116237562e-01	   9.0213524962031755e-01	   3.7984336094150351e-01	   4.8422595384327194e-02	   1.7425475720309172e-01	   3.3316652240918598e-01	   2.6709345083004971e-01	   3.2139822063184048e-01	   2.0123569755290160e-01	   1.9266795137932138e-01	   8.8455107308631575e-01	   1.0381859002595808e+00	   9.2936799299474249e-01	   1.0413482412031063e+00	   5.2088824025093183e-01	   8.5956063606116850e-01	   6.4407045661459206e-01	   6.9403753371496857e-01	   1.4063258941279222e-01	   3.1966984443441926e-01	   4.0886540808110872e-01	   4.8403716934058366e-01	   2.5631732689500364e-01	   1.7997886567981122e-01	   2.0637588632470910e-01	   4.3039144214339137e-01	   2.3275721314010561e-01	   1.3461137401627293e-01	   4.2007148495876773e-01	   2.6011163533597020e-01	   4.6667009740279736e-01	   1.8584970892017183e-01	   3.8878639093725281e-01	   6.1750337947961687e-01	   2.6974610677008126e-01	   4.5196759157832195e-01	   2.3046535408730512e-01	   1.4499873801165492e-01	   2.5826649387890549e-01	   3.0490914852939473e-02	  -1.2437931347766848e-01	   3.3871589361554877e-01	   3.9732955914191748e-01	   3.5843070714186431e-01	  -2.6803376444980695e-02	   4.8546874574046844e-01	   9.9583478011375348e-02	   8.1922589638356635e-02	
   1.1528981136719421e+00	   9.5644379385232992e-01	   1.8489357589177211e+00	   1.2043196887364500e+00	   8.4140893798343264e-01	   6.5152462964385005e-01	   0.0000000000000000e+00	   1.2375432233250931e+00	   6.0079009506043413e-01	   7.4803552316950117e-01	   8.3420628002587283e-01	   9.0524824984309560e-01	   8.0119410914840161e-01	   7.8462140058945695e-01	   9.6397262709656906e-01	   9.9260842467275934e-01	   8.3491028452520377e-01	   8.0844408521995403e-01	   1.3565718827554136e+00	   1.1646650756936021e+00	   3.5848129538879347e-01	   5.1420876185868558e-01	   1.3214915131357157e+00	   1.3593750509627658e+00	   6.3044671732049562e-01	   8.2166100122959151e-01	   7.6711954251297931e-01	   6.5412097540671821e-01	   8.3428802227511012e-01	   9.2187023511095090e-01	   9.6459046693573036e-01	   1.0068065940731150e+00	   1.2928431001605138e+00	   1.1816951589088873e+00	   9.5042505423078583e-01	   7.3704997581432596e-01	   3.8095069988932406e-01	   4.7040052037408575e-01	   7.4171760802038711e-01	   7.1129846635155691e-01	   2.8454175311640434e-01	   8.0143946667834165e-01	   8.1673470563187944e-01	   6.9597580615568921e-01	   1.0956607616378820e+00	   9.5723545584733705e-01	   1.0225970916904648e+00	   1.0979311450310754e+00	   9.8837213191828788e-01	   9.2702222204367768e-01	   1.1482961339140596e+00	   9.1788347527647263e-01	   8.7745624409635781e-01	   8.9139454967296750e-01	   9.8333370151792221e-01	   9.7351378353104956e-01	   9.1780528023503605e-01	   8.2575357300653451e-01	   9.2081250949317384e-01	   8.2685443021025162e-01	   8.4978435088974624e-01	   5.4251175255082684e-01	   8.5722501912038229e-01	   6.4189199972096556e-01	   1.1335779639275954e+00	   9.4030937180794050e-01	   1.1809424493683842e+00	   1.0418646070408704e+00	   8.1186597111892789e-01	   7.1356652936362996e-01	   6.9794682179227285e-01	   8.0281975006760764e-01	   4.4473761337571421e-01	   7.4234123556253917e-01	   5.4360172839653687e-01	   7.8385615977479295e-01	   7.3997115183606865e-01	   5.6014398194260784e-01	   7.6332664060001676e-01	   6.7023461972086151e-01	   9.0743542431311108e-01	   9.7330349219101342e-01	   9.3604894676243289e-01	   1.1452485219050830e+00	   1.3150671355811727e+00	   1.1986097657961385e+00	   5.8654861664223368e-01	   6.5724890483127996e-01	   1.1260665028486359e+00	   9.4347594008840963e-01	   6.5587456519824294e-01	   4.9039165629544329e-01	   5.4397128339484091e-01	   7.4942303367501928e-01	   4.2152162527660431e-01	   3.4785640988991362e-01	   8.5660749125525693e-01	   7.5894503759101750e-01	   1.0931730044325978e+00	   8.1453993277454140e-01	   7.3379392484218164e-01	   9.3060448897583004e-01	   6.7575047932729593e-01	   6.1514582616107416e-01	   5.9615159954099051e-01	   4.0266565146691918e-01	   6.5204744441648232e-01	   1.5103746339825302e-01	   2.5830633307461826e-01	   3.6452031812993352e-01	   5.9256018492013574e-01	   8.5870926327995278e-01	   4.9119288633268982e-01	   9.3902527044307960e-01	   4.6414469801431346e-01	   2.3644723396611020e-01	
   1.0585152178900179e+00	   9.5220995769287609e-01	   1.0300821943160965e+00	   1.7053333365386398e+00	   7.1536449485314624e-01	   5.6244474488213592e-01	   1.2375432233250931e+00	   0.0000000000000000e+00	   4.3693119182285972e-01	   6.2022334708362470e-01	   6.0477859937752798e-01	   9.1061652690859018e-01	   5.5643309257724916e-01	   6.8006466705914581e-01	   7.1067382594117079e-01	   8.1109889728065354e-01	   7.3719421717408240e-01	   7.2501937997829147e-01	   1.0680992471553821e+00	   1.1903896224705901e+00	   4.0330129984580887e-01	   5.7974408338163552e-01	   7.6920690956536697e-01	   1.0396964322730573e+00	   3.2634382403137058e-01	   5.5612947227369969e-01	   6.7332674381114987e-01	   6.4679054776467515e-01	   5.8580450984817778e-01	   8.1414590963208799e-01	   6.8882975569499727e-01	   8.8900722044039782e-01	   1.1829973665564544e+00	   1.1760336199761952e+00	   7.1939966883654416e-01	   8.1156052774896403e-01	   2.9338179774090167e-01	   4.2213684829460063e-01	   6.5526789366948213e-01	   6.8599941210654403e-01	   2.3235527648959842e-01	   7.1300366079720479e-01	   6.4533550763768810e-01	   6.0078278815416275e-01	   9.2177602405965120e-01	   9.2863963131095395e-01	   7.7554625219026052e-01	   8.6429271763585480e-01	   9.6642192332603283e-01	   9.0239747836165940e-01	   1.0209077943975173e+00	   9.1387130599711175e-01	   9.4174933515065284e-01	   8.0550301705571059e-01	   8.5434970597685866e-01	   8.8502760565086147e-01	   9.0241716349567869e-01	   7.4543882072356771e-01	   1.1442090395209905e+00	   1.1906803578108103e+00	   1.0916050990242099e+00	   1.0453320236416603e+00	   9.7053498801665627e-01	   9.0657354042490312e-01	   8.5004218279695221e-01	   1.3517817616748931e+00	   1.1377655654323986e+00	   1.2112505390481842e+00	   8.4266479086476442e-01	   7.1929883588005961e-01	   4.1767849538643165e-01	   7.9214002347825330e-01	   2.9732761844331784e-01	   6.7976780917328572e-01	   3.4366098898756731e-01	   6.5617806335436157e-01	   6.4958325965276098e-01	   5.4958463259232226e-01	   6.7450217909101928e-01	   5.3166365932504012e-01	   7.9094276454362256e-01	   8.1026521754115666e-01	   8.0375572100360493e-01	   9.4040980787419703e-01	   9.2631578248093882e-01	   1.2451106290198899e+00	   4.9337520430573045e-01	   5.1348398556730734e-01	   9.3847078037861320e-01	   1.1547220482675262e+00	   7.5340353416345940e-01	   4.6383911522186511e-01	   6.6867553016398196e-01	   6.2269833423159948e-01	   4.4928688818854634e-01	   3.3917588314486902e-01	   8.1319764667985173e-01	   7.4566685972292013e-01	   1.0564296637082324e+00	   7.5403457968761634e-01	   1.1131445674835263e+00	   9.5336599522993404e-01	   9.3714746405584970e-01	   6.8317378687792296e-01	   6.6525395435815882e-01	   4.2354880794894700e-01	   8.5211359005672527e-01	   2.7297887174501778e-01	   2.4359352718141289e-01	   3.5097514472163371e-01	   5.2760403005555945e-01	   8.2776546225894021e-01	   4.7993084906940853e-01	   8.6847765013216982e-01	   3.9126039630958082e-01	   1.8560859172257715e-01	
   6.6190487140464349e-01	   6.5113256305267442e-01	   5.0192099584152827e-01	   4.4134381861854843e-01	   1.4792883871861160e+00	   6.0905947449802789e-01	   6.0079009506043413e-01	   4.3693119182285972e-01	   0.0000000000000000e+00	   8.0931446510290928e-01	   1.0728348108866628e+00	   7.7747804447380686e-01	   1.2736554790865371e+00	   1.0284229358555175e+00	   1.1210767769026686e+00	   8.5140383022050703e-01	   5.0928463377502065e-01	   6.6727781906201189e-01	   6.4928662797283609e-01	   5.6386936401600529e-01	   1.4489738422682155e-01	   3.9122938481412503e-02	   3.6838666726746683e-01	   4.4001987401331655e-01	   9.5056368002275482e-01	   6.6562028481771995e-01	   2.5580827647461013e-01	   9.5661306471950230e-02	   7.5722336183515848e-01	   6.7559818907857139e-01	   1.8014174759122542e-01	   1.9057671869597717e-01	   5.5798716544545679e-01	   5.0127224369611700e-01	   2.7509572255255255e-01	   2.1617915153932904e-01	   3.2385324986109937e-01	   2.5255502618933501e-01	   5.1530035186734069e-01	   3.7725172041401706e-01	   2.7941144213901425e-01	   6.8918153535678717e-01	   4.6635822234546964e-01	   3.9152195179702498e-01	   6.1142217608518790e-01	   5.9280909728165188e-01	   5.6335997907562729e-01	   6.0639652669895705e-01	   5.0166411027788338e-01	   6.9325821978345381e-01	   4.7131714324130058e-01	   6.5996048418739428e-01	   3.1944417740957443e-01	   5.7735463763749895e-01	   5.0397330931229822e-01	   5.5679919354513641e-01	   4.2113129587975517e-01	   5.7732818627818505e-01	   6.8857725102341782e-01	   5.9695532036793675e-01	   3.3681844736076472e-01	   3.4699761473987695e-01	   2.4439065666256404e-01	   5.4983624669414288e-01	   3.2764879616207127e-01	   5.3349415297490199e-01	   6.1294485748991689e-01	   5.4895343694922205e-01	   4.1954516510096396e-01	   4.4860704453140077e-01	   7.0089758417970827e-01	   2.9296328538236860e-01	   5.1342139511038742e-01	   5.0118084201957402e-01	   6.2332141914439609e-01	   5.4114887272987477e-01	   4.5542993822506178e-01	   2.8465772716075399e-01	   5.0389845796397703e-01	   4.9451593200461741e-01	   6.8965583618447202e-01	   6.8904001089783684e-01	   7.2651083849643228e-01	   6.7596247274182431e-01	   6.1792501338741757e-01	   6.4539153506240932e-01	   5.2339900293770591e-01	   5.3437675644962102e-01	   5.4080460661211238e-01	   5.9614337632421410e-01	   4.2426455100842997e-01	   4.2880196567813555e-01	   3.6830086583996108e-01	   7.1882412803180995e-01	   2.9918750575788067e-01	   1.5599371739663609e-01	   4.1852981558021274e-01	   4.0308018480194768e-01	   5.0803389596074133e-01	   4.1754435573066051e-01	   4.1177958748114507e-01	   5.5960946344664952e-01	   4.0001769381288904e-01	   5.1887420482242042e-01	   3.9870787965002918e-01	   3.9382253900251141e-01	   2.3358757397476954e-01	   8.5269059477713037e-03	   1.7791918169004969e-01	   3.4593057000723876e-01	   4.0537167341928537e-01	   4.5734319118933697e-01	   4.0922759458416563e-01	   5.2733470434093055e-01	   4.3599988410819290e-01	   2.6281553411934605e-01	
   8.5820939602955082e-01	   8.2149837685522653e-01	   6.3476431003610168e-01	   4.8643341879321289e-01	   8.9765387756528470e-01	   1.6691426305907346e+00	   7.4803552316950117e-01	   6.2022334708362470e-01	   8.0931446510290928e-01	   0.0000000000000000e+00	   1.2297328302288604e+00	   1.2686506668970503e+00	   9.7289714209542122e-01	   1.4794752719416038e+00	   7.9426301546633404e-01	   1.3613466188620913e+00	   1.0465494007404408e+00	   1.0867831153404228e+00	   8.3337169857350513e-01	   7.5950295235862852e-01	   1.8891577071358179e-02	   9.1133841191177581e-02	   5.2657232764820794e-01	   6.5219905901240338e-01	   8.4219845718041231e-01	   9.5578886638144755e-01	   3.8402324871608279e-01	   3.9924862142086853e-01	   1.0027509317574552e+00	   9.3383979275679152e-01	   3.2457114020053807e-01	   2.9204451179083379e-01	   7.8262985507772598e-01	   7.0778711053067989e-01	   3.8216766814643033e-01	   3.2874796491036573e-01	  -7.3220041858852356e-05	   1.4025456887870613e-01	   2.7953184215020088e-01	   3.4533491634555175e-01	   2.8932702544285056e-02	   6.2750163638858780e-01	   4.0996547312043530e-01	   2.6857039751119599e-01	   5.4876769659845825e-01	   5.9647884016476227e-01	   5.7507593715495475e-01	   5.7547900863263235e-01	   4.0294797286739331e-01	   6.1480985171842706e-01	   4.6033208906788686e-01	   6.1299097114189993e-01	   3.0933005148859383e-01	   4.0184005721744026e-01	   3.4317321563978276e-01	   3.9708541185806950e-01	   7.2238934453569836e-01	   9.2645330391479153e-01	   6.0150705179327846e-01	   6.8358449393483323e-01	   2.1374333252267122e-01	   2.3978037030661142e-01	   3.2303046064757096e-01	   4.2466727173503771e-01	   2.9635286757739321e-01	   5.8273703097495089e-01	   7.5565861599656248e-01	   7.7030820457127558e-01	   7.6431764987642759e-01	   8.1483112270600522e-01	   6.2731276610294417e-01	   1.5886759209123666e-01	   4.1619577394050117e-01	   4.8296858850263091e-01	   4.6829182486174703e-01	   4.7358507187455073e-01	   3.2478524497222983e-01	   3.2508914546118933e-01	   9.0315075990362748e-01	   1.0425706271533708e+00	   1.0296242108103457e+00	   1.1272625011104451e+00	   6.0218728800803101e-01	   9.2078703419574115e-01	   7.2906295766282392e-01	   8.0720779595874292e-01	   2.2348711543835437e-01	   3.7927751282481503e-01	   4.6266415640419056e-01	   5.6504467385903490e-01	   2.8590649343098928e-01	   1.8319529010685537e-01	   2.0881230643482129e-01	   4.7530866671581812e-01	   2.0182843417057827e-01	   9.8977009346114905e-02	   4.4053005339394868e-01	   3.3351873242040486e-01	   5.3782211574214744e-01	   2.4459899607737817e-01	   3.9818486344495740e-01	   6.4157357950322214e-01	   3.2566061432469184e-01	   4.9693250846722337e-01	   2.4491282907125167e-01	   1.7719109874212968e-01	   2.9751762891773714e-01	   9.0015557215045415e-03	  -6.4058807940975248e-03	   3.6001318431579982e-01	   4.5142807250721900e-01	   4.3987717262573478e-01	   9.2788935735900954e-02	   5.5465418476923234e-01	   1.9740497974923266e-01	   1.1245859873245206e-01	
   9.8604540203242130e-01	   9.3481623579000339e-01	   6.7924897116388794e-01	   5.3312269303155935e-01	   1.0620000157633323e+00	   9.4378727388574879e-01	   8.3420628002587283e-01	   6.0477859937752798e-01	   1.0728348108866628e+00	   1.2297328302288604e+00	   0.0000000000000000e+00	   1.4338859053185609e+00	   1.5978840411189492e+00	   1.7503851105279500e+00	   1.0020448261230774e+00	   1.3192341670386292e+00	   9.9679896127679135e-01	   1.1614957318931904e+00	   9.7536844919371812e-01	   8.3395046910630055e-01	   8.0385735472420297e-02	   1.1690327600472583e-01	   5.4398309168724301e-01	   6.3080293085211092e-01	   8.7354512035869192e-01	   8.0630604980601828e-01	   3.2338308482577011e-01	   2.0719196762220504e-01	   1.2610339697785660e+00	   1.1280648138956564e+00	   3.3568000360365541e-01	   3.2639232483351999e-01	   9.0148317538324441e-01	   8.0494356677966550e-01	   3.9345367037532281e-01	   2.8425225222370382e-01	   1.4046966523521209e-01	   1.8596337544744523e-01	   4.5697928185852565e-01	   4.2334464630507496e-01	   1.7602008910951872e-01	   7.7396822963135126e-01	   4.1304642758345766e-01	   3.1292393865710255e-01	   5.6538719044773689e-01	   6.0279905413834811e-01	   6.0883458292312864e-01	   6.4428559271585240e-01	   4.5146335286356831e-01	   6.7100849998889700e-01	   4.8955443594245418e-01	   6.9300997093539407e-01	   3.8969881829402903e-01	   4.7389545194649169e-01	   5.1486935486011309e-01	   5.5997268593153804e-01	   7.2479157489978119e-01	   9.2439396830439113e-01	   6.6089473806644239e-01	   6.5861427838558539e-01	   3.7762624456978222e-01	   3.8436480659606764e-01	   4.4048190465479253e-01	   6.3936677384763096e-01	   3.7117539334700150e-01	   6.3384326371752120e-01	   7.2688652658264674e-01	   6.9220532829924297e-01	   6.9316609084540026e-01	   7.1117244809903557e-01	   7.9131297958826152e-01	   2.7151915961588857e-01	   6.1376162481898311e-01	   6.6466390448183621e-01	   7.4704365111109816e-01	   6.9755806111668539e-01	   4.9950146175771348e-01	   3.6432154482059087e-01	   8.8587944986355793e-01	   9.7047147408873213e-01	   1.1217767650286994e+00	   1.1954110775443541e+00	   7.7254873588633532e-01	   9.6707670488438080e-01	   8.0501429384307299e-01	   8.8596659238821096e-01	   4.2931424305120541e-01	   5.5899443394768633e-01	   5.7067122867089815e-01	   6.6896647452732827e-01	   2.7004630351502201e-01	   1.9104128814344759e-01	   2.0624686010840534e-01	   5.1835446700488763e-01	   2.1847968372496626e-01	   9.3933209773764639e-02	   4.6345260996682802e-01	   4.1985303553684622e-01	   5.3680049364237836e-01	   3.2583473854754730e-01	   3.9189476697509562e-01	   5.8986594508894752e-01	   3.7055148101154106e-01	   4.8211888026976402e-01	   2.3515882225713391e-01	   1.7939648694210780e-01	   2.6516796547703614e-01	  -8.4043973640784891e-02	   1.1403760228445856e-01	   3.5503245705105002e-01	   4.7600455767702887e-01	   4.3511425834871609e-01	   2.1666997527780799e-01	   5.7915680516591739e-01	   3.0373383681428651e-01	   2.0884831343337332e-01	
   1.1897936284854418e+00	   1.1518555174403824e+00	   7.3801285486572898e-01	   7.4585753504075458e-01	   9.4771335050917505e-01	   1.0928830871785382e+00	   9.0524824984309560e-01	   9.1061652690859018e-01	   7.7747804447380686e-01	   1.2686506668970503e+00	   1.4338859053185609e+00	   0.0000000000000000e+00	   1.0240094378419740e+00	   1.5656419418706384e+00	   8.7318491089059547e-01	   1.4117360140442763e+00	   1.1827782952220218e+00	   1.3086131939923782e+00	   1.1226173262526116e+00	   1.0895903372050328e+00	   1.5496122420735953e-01	   2.6655793965305474e-01	   6.0903163073150601e-01	   7.9526263186596480e-01	   6.6169433612485584e-01	   8.0186668655216564e-01	   4.3145322065356762e-01	   3.8141690584506055e-01	   1.1015617045391268e+00	   1.2752622460998611e+00	   3.9521481555666182e-01	   4.4558918899964373e-01	   1.0649372209584103e+00	   9.9439913075348452e-01	   4.4125566588158571e-01	   4.0828375835775410e-01	   1.1301386139369006e-01	   2.3832175931752170e-01	   4.5464661130958056e-01	   5.2406577310944757e-01	   1.5194683455790900e-01	   7.4668383776394653e-01	   4.0619347535104300e-01	   3.0391784291895746e-01	   5.7779329859775108e-01	   6.2544041938750883e-01	   5.9810047833162272e-01	   6.4509821328016514e-01	   4.7571675467095847e-01	   6.5124504041941789e-01	   5.6579345492064281e-01	   7.2130198122246059e-01	   4.6321132189059594e-01	   4.7943795930981703e-01	   5.3419794447812885e-01	   5.8138425421439355e-01	   9.4715768046947191e-01	   1.0865040428584956e+00	   7.4993743272371849e-01	   8.2683266125474453e-01	   4.7497847262843795e-01	   5.3336722609121734e-01	   5.5059733421989532e-01	   6.9133902356639521e-01	   4.5384544682192973e-01	   8.6888405744941566e-01	   8.4404699800706706e-01	   8.8433614577012176e-01	   9.3145831869266915e-01	   9.3778866566974661e-01	   5.6471734221600123e-01	   3.1209291214972712e-01	   4.4818727838186856e-01	   6.7026224387292621e-01	   5.3866301011694162e-01	   6.5077099843647845e-01	   4.6483944899501017e-01	   3.9564059166308341e-01	   1.0658366100537178e+00	   1.0681163386748846e+00	   1.2338463454480106e+00	   1.3047193976619964e+00	   7.9763748054959105e-01	   1.0709260682016559e+00	   8.5616310392160155e-01	   1.0689096452656544e+00	   3.6894487862521924e-01	   5.2004488168840790e-01	   5.8439394580938830e-01	   7.9774017141379971e-01	   3.3777932310736491e-01	   1.8808361690259448e-01	   2.9092073608305213e-01	   4.4895565127996601e-01	   2.8632222144076513e-01	   1.5793953496581548e-01	   5.2308307256723785e-01	   4.8312950601520954e-01	   6.0668262690853225e-01	   3.4415638690701622e-01	   5.5569979772827116e-01	   6.1988492769798875e-01	   4.7317160300967992e-01	   4.9924872744293791e-01	   3.0519501303733804e-01	   2.3048794264461370e-01	   4.1233160308720967e-01	  -9.7903817427709558e-04	   1.3924967430808499e-01	   4.1599507084166182e-01	   5.0216268918402029e-01	   4.9921690800765461e-01	   1.9663557796367420e-01	   6.3489852218577747e-01	   2.8222531450907706e-01	   2.0414502704038273e-01	
   7.8899831755807304e-01	   6.9885189093569333e-01	   6.3248895046062170e-01	   5.0016135509840276e-01	   1.0597028980588226e+00	   6.9358750947932291e-01	   8.0119410914840161e-01	   5.5643309257724916e-01	   1.2736554790865371e+00	   9.7289714209542122e-01	   1.5978840411189492e+00	   1.0240094378419740e+00	   0.0000000000000000e+00	   1.5103863381305045e+00	   1.2049550354607077e+00	   1.1918271096914681e+00	   6.6836179913006855e-01	   8.1834371981840626e-01	   7.4563173108878988e-01	   6.2253655656353402e-01	   7.0815232258749194e-02	   6.8592766259477134e-02	   5.3490281981148446e-01	   5.8272700590635806e-01	   9.7769504798120666e-01	   7.9307891686763310e-01	   2.6247955750829333e-01	   1.2164055861956996e-01	   1.0813612108365309e+00	   9.1378885898767581e-01	   3.8160841915014676e-01	   3.7419348228819421e-01	   7.8264376286727189e-01	   6.8915661716766563e-01	   3.9386070003419271e-01	   2.4905167144247728e-01	   2.9109116144703023e-01	   2.1207782593229382e-01	   5.3170646252393605e-01	   4.1697742948683675e-01	   2.8852869979438278e-01	   7.7989640648109348e-01	   5.0757592909536786e-01	   4.3803814087540816e-01	   6.2581879477826863e-01	   6.2989128999482880e-01	   7.0146800519438834e-01	   6.9925227802881385e-01	   5.3518969525127291e-01	   7.2589629535507183e-01	   5.1978533596667953e-01	   7.2432473709748191e-01	   4.3729326243207073e-01	   5.5482719109851564e-01	   6.2191715166572736e-01	   6.5429692811589679e-01	   5.1910617063842512e-01	   6.5632082861902741e-01	   6.7529734404693353e-01	   5.9310846242178938e-01	   4.4962056784246729e-01	   4.3037867451066597e-01	   4.0779157148882239e-01	   6.8938349545779343e-01	   3.9536495028570867e-01	   5.9343097830308333e-01	   6.3175586331927880e-01	   5.7139247413526750e-01	   4.4910192556058642e-01	   4.4985185673731259e-01	   9.1732194689983737e-01	   3.5773197578884003e-01	   7.2996368893999131e-01	   6.8043994838736943e-01	   8.6287606815650819e-01	   7.1145184051698762e-01	   6.4294730093514429e-01	   4.4116927650755711e-01	   6.2306583197415055e-01	   6.2798207978619069e-01	   8.3609007466434648e-01	   8.6782164563867137e-01	   7.3861637902839627e-01	   8.3009422363142671e-01	   8.1305948070518064e-01	   7.9357769578253012e-01	   5.1056574846509695e-01	   5.8773022360788674e-01	   6.2841047665341743e-01	   6.6367160870150677e-01	   3.5046958398501415e-01	   2.5651726003052894e-01	   2.6386904873911932e-01	   5.5980419357476530e-01	   2.1958759629082678e-01	   1.4367341151038393e-01	   4.7137640690774602e-01	   4.6237029602920826e-01	   5.9062210472305654e-01	   4.0221332566485635e-01	   3.6701907563999420e-01	   5.6364411021529326e-01	   4.2337793350477226e-01	   4.4252431678305448e-01	   3.1232697444742025e-01	   2.5505671892119286e-01	   2.5169289441846732e-01	  -8.9522993768882203e-02	   2.2717005815574104e-01	   3.1531606800941192e-01	   4.4566042645095605e-01	   4.5576215953238036e-01	   3.2532938317745286e-01	   5.5988003763348182e-01	   4.1146506601932015e-01	   2.8814796094875950e-01	
