   0.0000000000000000e+00	   1.2640359783392772e+00	   1.1972849359734064e+00	   1.1342404198828124e+00	   7.9002612465874278e-01	   6.0407969011883589e-01	   1.3340205899376580e+00	   1.1417711006166564e+00	   1.0017039677370030e+00	   7.3194687312732432e-01	   1.2745208043707217e+00	   1.1404596771332451e+00	   1.2553146040031349e+00	   9.6113066613001119e-01	   8.9059970252531306e-01	   8.2210519467230836e-01	   1.0022103174568311e+00	   1.0121260713311979e+00	   1.4744496161183906e+00	   1.3979214987279265e+00	   5.6963121470951616e-01	   5.4933953663121093e-01	   8.9978611827563493e-01	   8.4663807784110012e-01	   7.9814776409103139e-01	   7.6707879144394586e-01	   5.1765852852619365e-01	   6.1387372914691030e-01	   1.0675530674921476e+00	   1.1520746467915870e+00	   1.0681173111722044e+00	   9.4878469767629092e-01	   1.2759358755527073e+00	   1.2807226499501696e+00	   2.6759685493895019e-01	   2.9918303427380566e-01	   6.1530026426209294e-01	   5.2674385590396688e-01	   8.5986067136858813e-01	   6.4458639983140087e-01	   9.4396064837752658e-01	   1.0532421801230116e+00	   6.2507393553427359e-01	   5.5749200547243372e-01	   5.2609980169522108e-01	   5.3851862818175156e-01	   6.4690784426236358e-01	   6.6931880103171915e-01	   7.0686872763084163e-01	   3.0762410576102950e-01	   9.0522592142472069e-01	   3.0597338067477459e-01	   7.2622926235621088e-01	   5.8539049947405608e-01	   1.1065069954237783e+00	   8.4553881346556614e-01	   1.1958249767011715e+00	   1.1518798811389936e+00	   1.0957844828504204e+00	   6.0659086999363454e-01	   1.2665446148477135e+00	   8.1588566068144464e-01	   9.8970182059178613e-01	   9.3131439790615844e-01	   9.9308767765025796e-01	   6.4951176581901637e-01	   8.4318693554806823e-01	   6.3684556427140226e-01	   1.1119726311607121e+00	   6.9687417834432208e-01	   8.7515193480186326e-01	   8.4502575625419618e-01	   9.7181045298737934e-01	   8.8626643081137568e-01	   1.0064290319194473e+00	   9.0005197664422432e-01	   1.1437428216940579e+00	   1.2171603898746037e+00	   9.8458751353517715e-01	   8.3789761271534091e-01	   1.1041871604912858e+00	   1.2131279175443725e+00	   1.1101560082544299e+00	   1.1574960362727389e+00	   1.1826566242297747e+00	   1.0109913617131985e+00	   8.1843571633920620e-01	   6.3450489087777084e-01	   1.0065712839113496e+00	   1.1082118638674421e+00	   5.3457666507742085e-01	   2.6508140743059533e-01	   2.3097498790021070e-01	   4.5320420261857219e-01	   6.5522551160395615e-01	   5.1110703721230444e-01	   1.0183574908776012e+00	   9.4805840539033537e-01	   7.6434197592660913e-01	   8.2250818698996331e-01	   5.1817986437697439e-01	   6.9433108625790618e-01	   5.9278547312368046e-01	   7.8967021508975166e-01	   7.1598175706837430e-01	   8.1860194283245280e-01	   3.5252699469503945e-01	   5.2185665080098553e-01	   1.0405692052257760e+00	   7.1263246582261142e-01	   6.9531100609955521e-01	   7.5420684721995412e-01	   7.2959642849123918e-01	   8.6591431036391309e-01	   8.0575205780755244e-01	   4.2011508713622853e-01	
   1.2640359783392772e+00	   0.0000000000000000e+00	   9.8870594400562883e-01	   1.0844079779096241e+00	   8.8801177692654942e-01	   8.2219348338978082e-01	   1.0950193851274317e+00	   1.1524352986941906e+00	   1.1452082411283957e+00	   8.4785294540265388e-01	   8.7173207396598162e-01	   1.1395000826304020e+00	   8.8806540100883335e-01	   9.5465517467974537e-01	   8.3625640343045760e-01	   8.4614984936338966e-01	   1.1082745728989689e+00	   1.1407906255440814e+00	   1.0073914200658860e+00	   1.1192461119631263e+00	   6.8729317664855527e-01	   6.9529183962718766e-01	   7.5638107709441516e-01	   7.8827464635438682e-01	   7.8074975846831585e-01	   7.7775624605155491e-01	   6.4684914110308278e-01	   7.0570320256336572e-01	   8.8399580412724310e-01	   1.0781970402114109e+00	   7.8465898471792161e-01	   6.9661064163340947e-01	   1.1923472424871968e+00	   1.1667936783611914e+00	   4.1636488985428810e-01	   4.3804107843513262e-01	   6.4085397814928480e-01	   5.3891290764039990e-01	   9.7179050931329958e-01	   6.6625493564207505e-01	   9.2787062308114565e-01	   1.0293261709699115e+00	   5.1194646727746296e-01	   5.1049713201431479e-01	   4.9085545775198985e-01	   5.1917885133581920e-01	   5.3829621583632936e-01	   5.9450110729307892e-01	   6.7777988919523668e-01	   3.6279964416149074e-01	   9.2502799455418838e-01	   3.8340711754743512e-01	   7.2442413006782058e-01	   6.2721043483324013e-01	   1.0250400771658816e+00	   8.5318735578176863e-01	   1.3898527979958906e+00	   1.5338426022188250e+00	   1.2961818091748709e+00	   8.2666708531191668e-01	   1.3400325686610832e+00	   1.0570952010610855e+00	   1.1518982105742843e+00	   1.1520251705596192e+00	   9.6071596669712678e-01	   8.4008374939300545e-01	   1.0021446777333625e+00	   8.3632706420232927e-01	   1.3966472103417680e+00	   9.7260668935419403e-01	   7.9836673180608708e-01	   8.7039147879574186e-01	   7.6043156255605826e-01	   8.4606093097550716e-01	   7.7182416269150922e-01	   7.4690210865755535e-01	   1.1384190521667414e+00	   1.2215256973574129e+00	   1.1303403342935605e+00	   8.3925446577269802e-01	   1.3304211899682794e+00	   1.2230261044759294e+00	   1.0107737419228873e+00	   1.2480535751143784e+00	   1.0235417757229186e+00	   1.0029069219609426e+00	   8.5518285099031854e-01	   6.8581296925774848e-01	   1.0694244565504989e+00	   1.3384554605561212e+00	   7.2210587213228072e-01	   4.2124585008244197e-01	   4.6060478498388119e-01	   6.1772608343080049e-01	   6.8414844092948690e-01	   4.8670884473484988e-01	   1.0205976072326783e+00	   8.9688723098529677e-01	   8.6231455581886007e-01	   9.0195315393732800e-01	   6.7558790129319524e-01	   7.7491658597725210e-01	   8.2571632814372053e-01	   9.6411737949884035e-01	   8.7064656726399037e-01	   9.4849719516729702e-01	   5.6199002567770218e-01	   7.1180555653542743e-01	   7.9208235782130398e-01	   5.3795693471742401e-01	   6.7455451819137835e-01	   7.9328458228541798e-01	   7.5841525508850205e-01	   8.3146627796012840e-01	   7.2518472697156888e-01	   3.2155526180538008e-01	
   1.1972849359734064e+00	   9.8870594400562883e-01	   0.0000000000000000e+00	   1.6789608009332206e+00	   1.0612352483838974e+00	   8.7684912121776781e-01	   1.8457727680578966e+00	   1.5498163507411971e+00	   1.2132367689065331e+00	   9.1880802202076428e-01	   8.6908532727076493e-01	   8.4722318281719844e-01	   9.9785694254856705e-01	   7.8628452539917826e-01	   9.3073739807820588e-01	   8.2016137214540807e-01	   7.8395236342222119e-01	   7.9617218192652472e-01	   1.3585247250715231e+00	   1.1115815073490745e+00	   6.9461628504814976e-01	   6.2648226762427150e-01	   1.6395281587096981e+00	   1.4904580688710283e+00	   1.1157305304367076e+00	   1.1088293320020164e+00	   6.6037872926631724e-01	   7.9335704433751697e-01	   9.0577540212775576e-01	   8.8976788903522430e-01	   1.1902064352999779e+00	   1.0681858688708432e+00	   1.2962172680801680e+00	   1.2359526240692884e+00	   4.8467060731602690e-01	   5.3776942652679427e-01	   6.3472724081271870e-01	   5.7899999380192602e-01	   9.0932449558150807e-01	   6.3072197094523086e-01	   8.4768939366067941e-01	   9.8419336779307476e-01	   7.2863029647947197e-01	   6.5668288529035068e-01	   6.9569457164850379e-01	   7.5004849833897702e-01	   8.0560015675690588e-01	   8.6616812349308880e-01	   8.2047112310760795e-01	   4.7402534372442162e-01	   1.0820997834739854e+00	   4.4216361927345366e-01	   9.1903454524258787e-01	   7.9869236784186848e-01	   1.1434847082003021e+00	   8.3877558014914722e-01	   9.6656078457552530e-01	   8.2075464970031287e-01	   9.8148759290370879e-01	   5.4555684069492472e-01	   9.4631831084107354e-01	   7.0100066755574575e-01	   6.4531035905439738e-01	   5.9564628510896134e-01	   1.1511678553584481e+00	   7.9615533509440706e-01	   1.0525124754112642e+00	   8.4147840493665460e-01	   1.0117534671791886e+00	   8.4087819760428728e-01	   1.0966202426122917e+00	   1.0436745460807431e+00	   7.9063870804657144e-01	   7.1325912074291486e-01	   8.2470173349731080e-01	   7.2127886280099840e-01	   1.0038135846301039e+00	   1.1508373266124106e+00	   8.7296725173406142e-01	   8.3081583820528304e-01	   1.0228779158458174e+00	   1.1193731763562409e+00	   1.1625467871389252e+00	   1.0004479071538190e+00	   1.3409198366384920e+00	   1.1202092858232664e+00	   7.4190892780898032e-01	   5.0531794553316733e-01	   1.2185478834250341e+00	   1.1128080398285312e+00	   7.8006710499522636e-01	   5.2222713931602804e-01	   4.1795102361863012e-01	   7.1537654226851810e-01	   5.0223763473079197e-01	   4.6683458761849206e-01	   9.9228002435897622e-01	   8.9453350302600887e-01	   9.6914327038188697e-01	   9.9910093515140264e-01	   6.9040582822227037e-01	   8.4551289263468865e-01	   7.1066077628817848e-01	   8.8866111737873821e-01	   8.0732385233910775e-01	   8.7145510638299273e-01	   2.7827671112751795e-01	   6.5141638965005177e-01	   8.2493512122600376e-01	   6.1286993978780346e-01	   8.3276163330066999e-01	   9.8990719559817708e-01	   8.8969594805724017e-01	   7.0980987948731755e-01	   6.9358183582154820e-01	   3.3847276403762955e-01	
   1.1342404198828124e+00	   1.0844079779096241e+00	   1.6789608009332206e+00	   0.0000000000000000e+00	   1.0028142140565648e+00	   9.4455457351060912e-01	   1.6016176855553645e+00	   1.9797348084909165e+00	   1.0668094018466538e+00	   9.6589307692072601e-01	   7.8242518267030214e-01	   8.9170159699768814e-01	   9.2732639450488630e-01	   8.5911310725175416e-01	   7.4682888234701394e-01	   8.3138023343622780e-01	   7.9548146369886363e-01	   8.3760736181790263e-01	   1.2074188687757914e+00	   1.1168850552130343e+00	   6.3204911663162144e-01	   6.4609558427119096e-01	   1.2344434598485372e+00	   1.4568297587216743e+00	   1.0642759154004873e+00	   1.1726629851087012e+00	   6.6513982005162609e-01	   8.2433665449830951e-01	   8.6934103232876891e-01	   9.5476774387210439e-01	   1.1349593079780811e+00	   1.1119572328413951e+00	   1.3595970837157745e+00	   1.3534051394863762e+00	   4.8016339229784805e-01	   5.5386526138838021e-01	   5.3089510784358873e-01	   5.9518684357864748e-01	   8.7505599151670554e-01	   7.1694143187665793e-01	   7.8299146124638785e-01	   9.6242056639666240e-01	   7.2583262238531854e-01	   6.7609285433273603e-01	   7.0484640745503435e-01	   7.6554719592225173e-01	   7.7161458674251093e-01	   8.2929877850666034e-01	   7.9792703355760963e-01	   4.7202392365277179e-01	   1.0682019261738891e+00	   4.7953305060608203e-01	   8.7926501938289514e-01	   8.1201487110388926e-01	   1.0712865053980956e+00	   9.3884534078077675e-01	   1.0270367718737223e+00	   8.5867116520662590e-01	   9.7058830820548403e-01	   5.5197628743283911e-01	   1.0151420540936564e+00	   7.9456958528278587e-01	   7.0697893148888380e-01	   6.9510842202921219e-01	   1.1048991100894099e+00	   8.9457915604421778e-01	   1.0181156834592038e+00	   8.6700037185895584e-01	   1.0328948223359606e+00	   8.4192280419783283e-01	   9.3529199022046783e-01	   1.0077476134578174e+00	   7.4235210472012603e-01	   7.5817487338772493e-01	   8.2185417308613773e-01	   7.2538987164747126e-01	   1.0027115303865066e+00	   1.1086670209122509e+00	   9.4183343118951945e-01	   8.1963148594278401e-01	   1.0813297187173698e+00	   1.1465218486164701e+00	   9.5352043330167291e-01	   1.0192023271332893e+00	   1.1114513536793187e+00	   1.0877661208815432e+00	   6.4175776830198450e-01	   5.1182143941845293e-01	   9.8552672377009831e-01	   1.2516151180095700e+00	   7.7582388439628192e-01	   4.6178201043754391e-01	   4.9240698222413259e-01	   6.8375674691689681e-01	   5.7802694766788976e-01	   6.0907444736259631e-01	   9.7664940664437583e-01	   1.0148865519610737e+00	   9.0102812465460624e-01	   9.4394305717357241e-01	   6.9980199484000527e-01	   7.9986047042832009e-01	   6.5004631026330972e-01	   8.4785931660069480e-01	   8.0046163940465709e-01	   8.1170897701890610e-01	   2.9409868333445244e-01	   6.2677067484678783e-01	   8.2126344352628911e-01	   6.1482728956003163e-01	   8.6416540334167125e-01	   9.0947920710297026e-01	   8.6257041134808188e-01	   7.4755102163671161e-01	   6.7595873318562305e-01	   3.0865170760244837e-01	
   7.9002612465874278e-01	   8.8801177692654942e-01	   1.0612352483838974e+00	   1.0028142140565648e+00	   0.0000000000000000e+00	   1.0578682553374612e+00	   1.1448365124297395e+00	   1.1477295608710998e+00	   1.3541172743647731e+00	   1.0041279627645541e+00	   6.2669378924731267e-01	   6.3150722217562882e-01	   7.9043057538788108e-01	   6.6225417634800987e-01	   8.5869905598901675e-01	   7.2863656316638359e-01	   6.3591389008183130e-01	   6.7680661240918494e-01	   8.4208602211898775e-01	   7.5303612993295321e-01	   8.7991285187055646e-01	   7.9790555940036167e-01	   1.0292408943210423e+00	   9.9506809523329764e-01	   8.9793612894035291e-01	   9.1948759138173830e-01	   9.1025634651912624e-01	   8.1536807368792019e-01	   7.1002851749078888e-01	   7.1273226856689575e-01	   8.0441253425372561e-01	   7.1455584601397504e-01	   9.9161088155143229e-01	   8.8902620713706104e-01	   7.1088468685571904e-01	   7.1612524589212467e-01	   6.9095056406423339e-01	   6.3557700246719251e-01	   8.9355926060829405e-01	   6.3982221073129064e-01	   6.6568255644934549e-01	   7.8367374712940541e-01	   5.6635816131166694e-01	   6.0653437934742216e-01	   6.7696644299843645e-01	   7.1256065547067060e-01	   6.4238823948231505e-01	   8.0187665286052567e-01	   7.7914129311840474e-01	   5.7870750208426280e-01	   9.6828697418143694e-01	   5.0591880068422657e-01	   7.8704128737429369e-01	   8.0792515928359188e-01	   9.9644198138653839e-01	   9.2105989914146214e-01	   7.7747075200953963e-01	   7.5865604832666755e-01	   8.9353517300611707e-01	   6.0503237942231003e-01	   7.6920502688128589e-01	   7.0470064911033481e-01	   6.6244157929012348e-01	   5.7883207052714014e-01	   1.0254414150935476e+00	   7.5287395688547543e-01	   1.0252151660572695e+00	   8.8508281101748953e-01	   9.0629175618050328e-01	   8.0048902147280021e-01	   8.2182941575668955e-01	   8.6160632843442875e-01	   4.7995069395548262e-01	   5.4875967500277767e-01	   4.9471330900625399e-01	   3.9514066199126119e-01	   8.3047110178860051e-01	   8.8797608874272582e-01	   6.5430492661216288e-01	   5.5610545419083124e-01	   9.0894404277320895e-01	   8.4443903617606553e-01	   8.0922795130871505e-01	   8.4801738337508137e-01	   1.0086025915806109e+00	   8.3700460437886037e-01	   6.4587704413917901e-01	   4.4659026089796694e-01	   9.8071355290168916e-01	   1.0963226360789693e+00	   8.6886733300246322e-01	   6.5196501243358751e-01	   5.1801669991820698e-01	   7.1941125596012256e-01	   5.3926414746055551e-01	   4.2612172109595209e-01	   8.5443953833423558e-01	   7.6777737138629454e-01	   9.5065169531889293e-01	   9.7457728042078740e-01	   7.3620623489286752e-01	   8.3701130195869844e-01	   8.1955827897094935e-01	   9.7412863264645388e-01	   7.1697996468655423e-01	   8.7795409615465037e-01	   3.3345782769876631e-01	   7.5955212721123455e-01	   6.9396709698885539e-01	   4.9359972828125964e-01	   7.8140570035279289e-01	   7.8980480861730817e-01	   7.4543597704770204e-01	   7.5983922419678729e-01	   6.9074912242305786e-01	   2.0900482611520715e-01	
   6.0407969011883589e-01	   8.2219348338978082e-01	   8.7684912121776781e-01	   9.4455457351060912e-01	   1.0578682553374612e+00	   0.0000000000000000e+00	   9.0524507879666682e-01	   1.0230219511911971e+00	   1.1561449370455545e+00	   1.2763207089848543e+00	   4.0174680459097617e-01	   4.6566879953731016e-01	   5.1983337554857134e-01	   4.7379820089642066e-01	   6.2559680770752646e-01	   4.7716845986087975e-01	   5.6745283777827793e-01	   5.7541777828554752e-01	   6.1992358404377745e-01	   5.3587845153005098e-01	   7.9206934292799069e-01	   8.8933953246218811e-01	   7.1846906447834069e-01	   7.7843358655279049e-01	   6.6909917246898176e-01	   7.8593236190706250e-01	   6.6695778850824838e-01	   8.4831684070998348e-01	   5.1386702238858273e-01	   5.1332449587434625e-01	   4.7851556685837304e-01	   4.2924324681386022e-01	   7.6171083691099051e-01	   7.1560354552209771e-01	   6.3480773013801695e-01	   7.4387518075690673e-01	   4.8211075046369534e-01	   4.3724608522911595e-01	   6.9604184127111390e-01	   3.8327506577318138e-01	   5.1072707364898595e-01	   5.8563615665697555e-01	   4.0118126470286786e-01	   5.1930238258866412e-01	   5.8632380681893814e-01	   6.4149023013330564e-01	   4.7975185045359459e-01	   6.0830233888568086e-01	   7.6542753051983192e-01	   7.2203640167005068e-01	   8.4738069857630283e-01	   6.3969463023779449e-01	   8.8407484641796219e-01	   7.0658131536576840e-01	   8.0248759501089961e-01	   5.4550499085218596e-01	   7.9838740892585425e-01	   6.5422314541167637e-01	   1.0051976437970489e+00	   9.4184832065824664e-01	   7.5088578188320931e-01	   8.9570187334860463e-01	   5.2532917182162875e-01	   5.5377680502530413e-01	   8.0552754377866831e-01	   1.0362820224259723e+00	   1.0927622628593052e+00	   1.0250118717127290e+00	   8.1866751409589389e-01	   8.6608161948488649e-01	   6.1591458549875533e-01	   6.7029147624502294e-01	   3.7473344229662214e-01	   4.1413164210324827e-01	   3.0081579009903026e-01	   2.9664389525397766e-01	   6.6319633406972989e-01	   7.2787340242569631e-01	   6.5375441222815467e-01	   4.5713582271576786e-01	   7.9567951104557488e-01	   6.5797772074302785e-01	   5.8196328484002524e-01	   5.8491741522788632e-01	   7.8100242423461863e-01	   6.4137575568919769e-01	   3.9810710768816182e-01	   2.0504973861334902e-01	   9.3259435730156948e-01	   8.2320607408995761e-01	   1.0060578398410964e+00	   8.4951651216241963e-01	   7.8451276480567467e-01	   8.7807019781587048e-01	   4.7529984785794072e-01	   3.3467595526665389e-01	   7.3129112162335574e-01	   5.5254620617649253e-01	   9.7618755385453881e-01	   9.6815256397053495e-01	   9.6508718620870626e-01	   8.5786247553270412e-01	   8.9958289096036304e-01	   9.4698864827259699e-01	   7.3352025028645196e-01	   7.7836391858109333e-01	   4.7227535609596405e-01	   8.8318940489997322e-01	   4.0768398969766800e-01	   3.2704615061873465e-01	   6.5582864671099494e-01	   8.5217691118776373e-01	   8.2924329039432565e-01	   5.5914707717087764e-01	   4.6704917767628545e-01	   1.2124346063586604e-01	
   1.3340205899376580e+00	   1.0950193851274317e+00	   1.8457727680578966e+00	   1.6016176855553645e+00	   1.1448365124297395e+00	   9.0524507879666682e-01	   0.0000000000000000e+00	   1.7913298591594968e+00	   1.4013439994611945e+00	   1.0358616894509416e+00	   9.9341521906344665e-01	   9.4672846033918656e-01	   1.1673903525216835e+00	   8.4979964810004394e-01	   9.1925916891923642e-01	   7.8602696986964371e-01	   8.5386899101941105e-01	   9.1296462940098622e-01	   1.4548072222110788e+00	   1.2269194783154145e+00	   6.7665982452598494e-01	   6.3620808663922079e-01	   1.3070979641221330e+00	   1.2315402124702255e+00	   9.5028439416594235e-01	   9.8341065134392103e-01	   5.5332152089860809e-01	   7.3055274488076327e-01	   1.0151514516024132e+00	   9.8172747360764900e-01	   1.1735291402140318e+00	   1.0035640858618542e+00	   1.4775859535814539e+00	   1.3753324203310457e+00	   5.0415209450840415e-01	   5.5593830774522912e-01	   6.1634860047168138e-01	   5.3181741175928776e-01	   8.9158941053391993e-01	   5.9430574490686294e-01	   8.5701063105537822e-01	   9.8058872004923880e-01	   7.5174781204073460e-01	   6.9642472521491672e-01	   7.6422003190236720e-01	   8.1152005435902996e-01	   8.2661405126619680e-01	   9.0127894360025829e-01	   8.9260853313466337e-01	   5.3364250165756999e-01	   1.1067942305585905e+00	   4.6528319441286553e-01	   9.8049992433265576e-01	   8.2343794048611640e-01	   1.1719302707584496e+00	   8.7335557402242392e-01	   1.0381205623712355e+00	   9.3366540879594018e-01	   1.1129754125950357e+00	   6.7300785416314535e-01	   1.1101217806829711e+00	   8.7378077700812329e-01	   8.0781901233132403e-01	   7.7340287540851782e-01	   1.3353389661497561e+00	   8.2602533935587497e-01	   1.1819450977883066e+00	   9.4669143990872695e-01	   1.1032996601399043e+00	   9.1533693242051428e-01	   1.0715484740939485e+00	   9.8830939719202859e-01	   8.3086926642608450e-01	   7.7836073704616937e-01	   8.7548124026804852e-01	   7.8144424630680054e-01	   1.1751001090697435e+00	   1.3077614599795544e+00	   9.2394083330121357e-01	   7.9782182893055575e-01	   1.1271446314480211e+00	   1.2005956184831779e+00	   1.1432915168570223e+00	   1.0557990410888614e+00	   1.3649758886803320e+00	   1.0517661079916840e+00	   6.9058837297109044e-01	   4.6685489294149940e-01	   1.1387839616482847e+00	   1.1721931626734072e+00	   8.6396144532220398e-01	   5.8539733750963985e-01	   4.6940286147980687e-01	   7.7866842590168206e-01	   5.4868236121021008e-01	   4.9279910787442388e-01	   1.0264993065264127e+00	   9.4509844016550137e-01	   1.0926413008094953e+00	   1.1219938238748381e+00	   7.4927345390092548e-01	   9.9135143676880411e-01	   7.5164024538645458e-01	   1.0399204820618990e+00	   7.7784615603188967e-01	   8.7563289563501356e-01	   3.2960055844152453e-01	   7.2967782444433538e-01	   8.7181348834884020e-01	   6.1814628573068042e-01	   8.4170201289128288e-01	   1.0591145784159015e+00	   1.0283505569226739e+00	   8.3719022033243473e-01	   7.0921912756417993e-01	   3.2648984235423245e-01	
   1.1417711006166564e+00	   1.1524352986941906e+00	   1.5498163507411971e+00	   1.9797348084909165e+00	   1.1477295608710998e+00	   1.0230219511911971e+00	   1.7913298591594968e+00	   0.0000000000000000e+00	   1.2961573231815009e+00	   1.1723994083052529e+00	   8.0425208867173736e-01	   9.3139656208941146e-01	   9.9287115112121349e-01	   8.9657314725794413e-01	   7.9703181937035872e-01	   8.6753645977238636e-01	   7.9310418040836705e-01	   8.5777678312634786e-01	   1.1697678863041072e+00	   1.0941214391280945e+00	   6.3586997277760149e-01	   6.5109940543501565e-01	   1.1797898298073877e+00	   1.3430712616725529e+00	   9.5277720446723202e-01	   1.0476375352818592e+00	   6.4133018631065830e-01	   7.7321129544269696e-01	   8.8307606869863564e-01	   9.3972981545433676e-01	   1.0703572304501223e+00	   1.0022624696932829e+00	   1.3954767853344421e+00	   1.3532831582518063e+00	   5.4857561607667105e-01	   6.1987639737866329e-01	   5.5589048138203634e-01	   5.9407638772349158e-01	   9.3479838271259075e-01	   7.0880701181083294e-01	   7.7536154302234228e-01	   1.0159168959527531e+00	   6.8887687342519077e-01	   6.2992767023014695e-01	   7.0901924117263093e-01	   7.6668861994202353e-01	   7.5263464989839468e-01	   8.1861869653941444e-01	   7.9539518611279147e-01	   5.0421064776174185e-01	   1.0551505721016596e+00	   4.6581314144020058e-01	   9.1341523822368698e-01	   8.5839245052930568e-01	   1.0802678105340822e+00	   9.6189229341016003e-01	   1.0364066304251167e+00	   8.9356433775817146e-01	   1.0159757795300195e+00	   6.3363906078210530e-01	   1.0640264972860203e+00	   9.2127790267049048e-01	   7.7569375643983496e-01	   7.7563403960052735e-01	   1.2151388143179587e+00	   9.1898091758039591e-01	   1.0796184041801804e+00	   9.0941414401954157e-01	   1.1018809069142108e+00	   9.4369721535749762e-01	   8.9372637471198679e-01	   9.5952010033080404e-01	   7.0379097725675832e-01	   7.2480803721355169e-01	   7.9563980422609026e-01	   6.9678983109057502e-01	   1.0126139163072734e+00	   1.1440016863144675e+00	   8.9017358044917461e-01	   7.4822950208631656e-01	   1.0975805282447797e+00	   1.1088361416650627e+00	   9.5266507806322132e-01	   1.0429297036183105e+00	   1.1188868601714643e+00	   9.9331607103030262e-01	   6.3815988590520034e-01	   5.0670161993217233e-01	   1.0316289610908485e+00	   1.2814333863467344e+00	   8.6670566169399610e-01	   5.3308770916772485e-01	   5.5448439535504435e-01	   7.4090557322059747e-01	   6.3135833469724056e-01	   6.1531580882575165e-01	   1.0085512931642109e+00	   9.6706557298717044e-01	   1.0006880304900279e+00	   1.0403617841412840e+00	   7.6892078466088853e-01	   9.0331397994011986e-01	   7.0510742761262768e-01	   9.7162303113768933e-01	   7.5934371029548897e-01	   8.1333902108442468e-01	   3.5543519885968311e-01	   7.2453632043533867e-01	   8.6947953269193901e-01	   6.2306793615989686e-01	   8.2962552734583173e-01	   9.5335057842806969e-01	   9.2471344634964181e-01	   7.9963977089339466e-01	   6.6944935702041308e-01	   3.1046738703063137e-01	
   1.0017039677370030e+00	   1.1452082411283957e+00	   1.2132367689065331e+00	   1.0668094018466538e+00	   1.3541172743647731e+00	   1.1561449370455545e+00	   1.4013439994611945e+00	   1.2961573231815009e+00	   0.0000000000000000e+00	   1.4202925481910791e+00	   7.9483153534156581e-01	   8.0498682242802144e-01	   9.8578000178751779e-01	   7.8647896280194252e-01	   1.0012279262627501e+00	   7.5755060002651609e-01	   7.6899962452633053e-01	   8.2017896910202992e-01	   9.2963630501787387e-01	   8.3847401049565939e-01	   7.5274703087902173e-01	   7.4761271164539100e-01	   9.6893420462918833e-01	   8.9185846661945256e-01	   7.8954179546277203e-01	   7.9652925358252391e-01	   6.1511853081342138e-01	   7.0440652516423696e-01	   8.0934211757178409e-01	   8.0278707572220420e-01	   7.5566842115543709e-01	   6.4813790036476937e-01	   1.0514195270858375e+00	   9.9511787582132771e-01	   5.8037835225070644e-01	   6.2836452918833641e-01	   6.5533595238854747e-01	   5.2483273213972637e-01	   8.8209407758386105e-01	   5.2290855771988742e-01	   7.5140807650801367e-01	   8.5712576981258448e-01	   4.8822565544525481e-01	   5.2975399110337207e-01	   5.7609845099980139e-01	   6.4263375824101021e-01	   5.8097325527347654e-01	   6.9436509949452874e-01	   8.1160373134913844e-01	   5.8020255155462752e-01	   9.8522529064459630e-01	   5.0461627305492618e-01	   8.8860994139791827e-01	   7.8297612956183027e-01	   1.0306498319560491e+00	   7.3887179258927704e-01	   9.3032148403313708e-01	   9.1292366484238430e-01	   1.2456342324748566e+00	   8.8253465006683429e-01	   1.0937971142290164e+00	   1.0902041058823762e+00	   7.7309897485701151e-01	   8.2040478398668160e-01	   1.2290774745898514e+00	   9.7886205723528907e-01	   1.1273193908783408e+00	   9.2347926973266370e-01	   1.0656604347333372e+00	   9.1645784434577959e-01	   8.8957546391126496e-01	   8.7394755631300503e-01	   6.2553528544917081e-01	   6.6973394281750542e-01	   5.7958600380488801e-01	   6.0908474592966144e-01	   1.0080060109185873e+00	   1.0952173113768016e+00	   7.7276921234605855e-01	   6.1699931805253672e-01	   9.9106000705221309e-01	   9.4197685764988537e-01	   9.7331641818180137e-01	   9.2472259301298498e-01	   1.1402837146935181e+00	   9.2383681272999341e-01	   6.9810395722338392e-01	   4.4770670196077866e-01	   1.2958625747725314e+00	   1.1341750280461009e+00	   9.7085159409916255e-01	   6.7094996450587552e-01	   5.8392572888907557e-01	   8.0556153000785991e-01	   5.7253581108206564e-01	   3.9989801771288686e-01	   9.1019325985556720e-01	   7.4772948052799026e-01	   1.1257110119811715e+00	   1.0962591843651941e+00	   8.6753560550283759e-01	   9.5193757416737046e-01	   9.2752703148219151e-01	   1.1337384741859107e+00	   8.0279914579196032e-01	   9.4255710829808503e-01	   4.8342400824968446e-01	   9.3103116657161911e-01	   7.2391800158039643e-01	   5.4371359429561172e-01	   7.2911796942186735e-01	   9.3085245809687767e-01	   9.3851650015867738e-01	   8.6292275776392224e-01	   6.7506574997048585e-01	   2.8506174026827219e-01	
   7.3194687312732432e-01	   8.4785294540265388e-01	   9.1880802202076428e-01	   9.6589307692072601e-01	   1.0041279627645541e+00	   1.2763207089848543e+00	   1.0358616894509416e+00	   1.1723994083052529e+00	   1.4202925481910791e+00	   0.0000000000000000e+00	   5.7652058275600060e-01	   5.6539795034636109e-01	   7.4733930736255727e-01	   6.2022768425711383e-01	   6.9911773347530204e-01	   6.1584964413611354e-01	   5.3649108317338789e-01	   5.7817412688493885e-01	   6.6550008678713313e-01	   5.7438987960474375e-01	   5.4079457649553830e-01	   5.9916741443442845e-01	   7.4740885584598338e-01	   7.6817925414423072e-01	   5.4806008203194523e-01	   6.2248723877334522e-01	   4.6042760070246930e-01	   5.5670862791657139e-01	   5.4908612118533462e-01	   5.6442538401431985e-01	   5.3038871454179071e-01	   4.7872263799406467e-01	   7.5902416416961260e-01	   7.5668053715078010e-01	   5.8437878923972186e-01	   7.0019845321343788e-01	   3.9624655221654109e-01	   3.9905314462844255e-01	   6.4878712286178575e-01	   3.9356804680102542e-01	   4.8504965410059336e-01	   6.1051815745764104e-01	   2.9199597197824667e-01	   3.4865803120287447e-01	   4.5140318467470653e-01	   5.0212077250691667e-01	   3.9200020954169212e-01	   5.0185990855415341e-01	   6.4764736371325615e-01	   5.5586130810481715e-01	   7.1977097191827966e-01	   4.6545366701475149e-01	   7.3892714537933679e-01	   6.4374243197643621e-01	   7.1716184454185206e-01	   5.1145986921712017e-01	   7.0046124358361039e-01	   6.4797697984179203e-01	   9.9600701711180051e-01	   8.9073797185060233e-01	   8.8733053148771746e-01	   1.1804530578948667e+00	   5.2914966149370701e-01	   6.8103322145133849e-01	   1.0551410616101242e+00	   1.2045363104602460e+00	   8.9581697378795944e-01	   7.9438785326071948e-01	   7.8348095358902115e-01	   7.2435038782702266e-01	   6.5935973858808872e-01	   6.8798646723089496e-01	   3.9787283661351464e-01	   4.5502116530643755e-01	   3.9425474920224868e-01	   4.3012563101104917e-01	   7.5745826727156462e-01	   8.2062872564648659e-01	   5.6175985828060093e-01	   3.8093368150946860e-01	   7.2128135497589119e-01	   6.2928517060525047e-01	   6.8237073392999936e-01	   6.2947222925473123e-01	   8.0897032135582136e-01	   6.0924796281929228e-01	   5.0252270785455933e-01	   3.1190950638494036e-01	   1.0090823136022722e+00	   8.5117538336209320e-01	   9.6666136447970086e-01	   6.7926925478554390e-01	   6.9418627846076608e-01	   8.2777983101981678e-01	   5.4996042701724968e-01	   4.0862629326810473e-01	   7.4456726135747731e-01	   5.7022620100057320e-01	   9.5424201467547731e-01	   8.8695915753864774e-01	   9.0437642218410796e-01	   8.7761483244750038e-01	   7.9290539345940469e-01	   9.9530895820107024e-01	   6.8807618413270999e-01	   7.7076575303915151e-01	   4.6401033614130266e-01	   9.3208266198341250e-01	   5.7271713081738462e-01	   4.8514326596383645e-01	   6.2902233262655605e-01	   7.5478805191618947e-01	   7.7521432377812827e-01	   6.9347615688627717e-01	   5.7451262634738154e-01	   2.1102445823368191e-01	
   1.2745208043707217e+00	   8.7173207396598162e-01	   8.6908532727076493e-01	   7.8242518267030214e-01	   6.2669378924731267e-01	   4.0174680459097617e-01	   9.9341521906344665e-01	   8.0425208867173736e-01	   7.9483153534156581e-01	   5.7652058275600060e-01	   0.0000000000000000e+00	   1.2093229733251785e+00	   1.6465016904447951e+00	   1.1479307801404912e+00	   1.0594047194256946e+00	   8.9707129737050528e-01	   9.4960189891440971e-01	   8.6145500113186058e-01	   1.2477079864876821e+00	   1.1491573605731169e+00	   5.1361850515658258e-01	   4.9727111673956548e-01	   7.1975395850085488e-01	   6.1919178057333690e-01	   5.0178356377855293e-01	   4.6704037712254193e-01	   4.2921835469242720e-01	   5.3671151150373753e-01	   1.1542953015516746e+00	   1.0968045844037624e+00	   8.6294884247912540e-01	   7.5708441726545261e-01	   8.8195630422821669e-01	   9.5544675550329106e-01	   1.3102862475446506e-01	   1.3931903785538463e-01	   5.7801859805928302e-01	   4.7235733433147659e-01	   8.0349301514076565e-01	   6.0109285866661721e-01	   8.4925366031882499e-01	   8.2504999722606931e-01	   4.4790753510348047e-01	   4.0665178952086534e-01	   3.1262826598929139e-01	   3.3341910381233036e-01	   4.4782673820446772e-01	   4.9558222057140017e-01	   4.6936412525668203e-01	   1.8029831763706780e-01	   6.7892469370734654e-01	   1.0695479079072782e-01	   5.5563722129446336e-01	   3.9688135234441624e-01	   8.9863666018494126e-01	   6.4244458306960139e-01	   7.3020331083598444e-01	   9.0202141160863392e-01	   7.3712136214806612e-01	   4.3822852154235936e-01	   9.7609991686015429e-01	   6.9915148058431087e-01	   9.3799650496182196e-01	   9.1154262429757671e-01	   9.4138885343791745e-01	   4.4954990351769852e-01	   5.2781167264615947e-01	   3.8967650720644748e-01	   6.9488376484704928e-01	   4.4131586114205157e-01	   7.9871888082554143e-01	   6.5577161691485608e-01	   9.5846989152549344e-01	   8.8718092267504356e-01	   9.7997697911229853e-01	   8.8790113157292916e-01	   8.8669741286641535e-01	   9.5480684568138585e-01	   7.1647917020108864e-01	   6.0810008062895737e-01	   8.0467904072396845e-01	   9.0627026127884913e-01	   1.1307534544108726e+00	   1.0840807994086656e+00	   1.0621446646893975e+00	   7.9453794125754951e-01	   8.7230398870116777e-01	   6.6734960581140079e-01	   8.6491542778785324e-01	   8.8604940929971798e-01	   3.6726120692499181e-01	   9.0099226373850816e-02	   1.1742235939094522e-01	   2.4866550604214344e-01	   6.3379997718309344e-01	   4.8554830315228470e-01	   7.7271512989278490e-01	   6.9247151992157230e-01	   5.3282110906246438e-01	   5.4389722801945206e-01	   4.0155603587085403e-01	   4.3416392575815155e-01	   4.8825854421029768e-01	   5.2854609910764960e-01	   5.8906199653050773e-01	   6.2327578907570169e-01	   2.4288526331215013e-01	   3.5426079327037435e-01	   8.9750908596822343e-01	   7.5718875548859510e-01	   6.1383189825735485e-01	   5.5034776991318091e-01	   5.4668382904879120e-01	   5.9758303910142252e-01	   6.1681061655505909e-01	   3.9883906773780586e-01	
   1.1404596771332451e+00	   1.1395000826304020e+00	   8.4722318281719844e-01	   8.9170159699768814e-01	   6.3150722217562882e-01	   4.6566879953731016e-01	   9.4672846033918656e-01	   9.3139656208941146e-01	   8.0498682242802144e-01	   5.6539795034636109e-01	   1.2093229733251785e+00	   0.0000000000000000e+00	   1.1965997444888343e+00	   1.4884365786534759e+00	   8.5385439785625328e-01	   1.0551084969079729e+00	   1.0436812609863506e+00	   1.1389077197970550e+00	   1.0228413700011747e+00	   1.2879034242300631e+00	   5.3416728067681030e-01	   5.7673140961096880e-01	   7.2854246086820540e-01	   7.6075614704351902e-01	   6.4563414575627609e-01	   6.3056524483824694e-01	   5.9296238807403501e-01	   6.6347656950947798e-01	   1.1545109433362506e+00	   1.4069213821776592e+00	   8.9458046587058004e-01	   8.6363406454275871e-01	   1.0994501825527569e+00	   1.2613193705282888e+00	   2.8248640052560847e-01	   2.6785494255417874e-01	   6.4880665255788061e-01	   6.7509841075870858e-01	   9.1421082263783471e-01	   8.7604248935582274e-01	   8.9030304541345895e-01	   1.0562511376152401e+00	   4.2202489056566378e-01	   3.6916105221002204e-01	   2.3897247054564091e-01	   2.8411547871126719e-01	   3.9748727614456419e-01	   4.5320901557582860e-01	   3.3256803385712230e-01	   4.6269748658162690e-02	   6.4328894373800349e-01	   5.1341516500853307e-02	   4.7394788278292477e-01	   3.8949949629129565e-01	   8.5037256466016931e-01	   7.9993916271124910e-01	   9.8214036877194155e-01	   1.1352881308231404e+00	   7.5174370512747057e-01	   3.9015166769504217e-01	   1.1583477474892820e+00	   8.2665996543070175e-01	   1.1104106397585045e+00	   1.2500159614010236e+00	   9.0942724246989159e-01	   5.5216585868516921e-01	   5.6904524203687012e-01	   4.4238961177322300e-01	   9.6136606624895571e-01	   6.3352927430346839e-01	   6.6192357533513146e-01	   6.8904390781187042e-01	   1.0135263036024529e+00	   1.1151406486802231e+00	   1.1209618974779398e+00	   9.3966118790766762e-01	   9.0551254554919269e-01	   9.8031469641092761e-01	   9.7351020943587385e-01	   8.3383067529615462e-01	   1.0388158061173931e+00	   1.2238056992136421e+00	   1.0050909783657700e+00	   1.4365244939727453e+00	   1.0021139093303004e+00	   1.0535857531267940e+00	   8.3589614993019745e-01	   8.1233451179382499e-01	   7.9480495808785223e-01	   1.1539119468924481e+00	   3.2601489983259657e-01	   4.0857555654843690e-02	   1.3434026021659959e-01	   2.3391317654474283e-01	   6.1540834058906002e-01	   5.4835802735048644e-01	   7.1410149051548133e-01	   7.6981276004988930e-01	   4.5920086219201472e-01	   4.9528188094859299e-01	   4.1112794551031318e-01	   3.7524453933985308e-01	   5.0303728483108023e-01	   4.7619361685282019e-01	   6.7575587115152924e-01	   6.3054539772090967e-01	   2.8350403094297660e-01	   2.9855636867863805e-01	   8.6664493210312532e-01	   6.3859360742328619e-01	   5.4512796744170133e-01	   5.1351733814034750e-01	   5.1207414406128926e-01	   5.8667843858275215e-01	   6.0524618051164458e-01	   3.8134408630426619e-01	
   1.2553146040031349e+00	   8.8806540100883335e-01	   9.9785694254856705e-01	   9.2732639450488630e-01	   7.9043057538788108e-01	   5.1983337554857134e-01	   1.1673903525216835e+00	   9.9287115112121349e-01	   9.8578000178751779e-01	   7.4733930736255727e-01	   1.6465016904447951e+00	   1.1965997444888343e+00	   0.0000000000000000e+00	   1.4295278536151961e+00	   1.1443079002702081e+00	   1.1495523751702670e+00	   8.7730201810019703e-01	   7.8290783589943180e-01	   1.1959756895239182e+00	   1.1153862978613791e+00	   5.5790516667437373e-01	   6.1341903509765883e-01	   8.3496180369856621e-01	   7.8041067624132354e-01	   6.0154743362732577e-01	   5.9617974080960445e-01	   5.5788332779590055e-01	   6.9251478737695926e-01	   1.0779548001159815e+00	   1.0802609003113537e+00	   9.1736090384274804e-01	   8.7957925488158051e-01	   9.5206901550502065e-01	   1.0062871790321350e+00	   2.0410432624570690e-01	   2.0553992285390535e-01	   6.0506785358371118e-01	   5.9340285584451280e-01	   8.3969315682367640e-01	   7.2328813271074466e-01	   8.0651760132503647e-01	   8.6644166619905660e-01	   4.4198136353007283e-01	   4.1241940654463904e-01	   3.3372245184535104e-01	   3.6559073077012233e-01	   4.6788751851646093e-01	   5.3005457844158899e-01	   5.0649970752375717e-01	   2.0818908726234858e-01	   7.7278163090231045e-01	   1.5084103727545359e-01	   6.0487091056191467e-01	   4.8551560879793726e-01	   9.3964022535003489e-01	   7.8244338548724268e-01	   7.6000684912231864e-01	   8.7640705499209781e-01	   8.0912626757591699e-01	   4.4728586464200049e-01	   1.0761379516374168e+00	   7.8294654008354625e-01	   9.0659812532665018e-01	   8.5500499768427252e-01	   1.1277533940234812e+00	   5.8249424833656605e-01	   5.8592087165800499e-01	   4.2425369331052687e-01	   7.8171248627049550e-01	   5.2109670448741718e-01	   8.1774064926917944e-01	   7.7232152539689847e-01	   8.4286137337469658e-01	   8.7608208999103077e-01	   9.4795669111019609e-01	   8.4040485780745799e-01	   9.0198350640833302e-01	   9.6597137493043717e-01	   7.3318643459180444e-01	   5.5231030077944210e-01	   8.3682640905609040e-01	   8.9855322603197074e-01	   1.1050693988741802e+00	   1.1428278759761008e+00	   1.1508661768889621e+00	   9.2988942356940407e-01	   8.2541940230001609e-01	   7.3959742025664776e-01	   8.9387986934815777e-01	   1.0080528679025451e+00	   4.2681266095582948e-01	   1.3412571209173596e-01	   1.7788370393641925e-01	   3.2282363915347212e-01	   6.2808014067752749e-01	   5.0630461270987293e-01	   7.4669006353553058e-01	   7.3973158301142050e-01	   5.6503090158161484e-01	   5.9588272703446743e-01	   4.5893014335621729e-01	   4.9225367343371818e-01	   5.1490151159939890e-01	   5.9356689829657483e-01	   6.3532250554624614e-01	   6.8287842103154239e-01	   2.7194337353958425e-01	   4.1863733044833668e-01	   8.8940429007265398e-01	   6.8867998282572407e-01	   6.1454723777758025e-01	   5.6152028819906818e-01	   5.7183939413435436e-01	   6.5362450015943763e-01	   6.5391233150225225e-01	   3.7332424153582444e-01	
