   0.0000000000000000e+00	   8.3025278889507825e-01	   7.6003976824591957e-01	   6.0167049025652453e-01	   3.8861687904826142e-01	   3.2334903348310218e-01	   7.7214028140934687e-01	   5.5148687140986530e-01	   5.2761549314787104e-01	   3.7777919702323537e-01	   6.3044675648924231e-01	   8.4350998921375697e-01	   6.1708106142932551e-01	   7.5487987224288056e-01	   3.3040736782487123e-01	   4.5480294316553721e-01	   1.1952990740690669e-01	   6.2846402301080162e-01	   9.1690680211148035e-01	   9.0627116996550816e-01	   3.1655758245492183e-01	   2.4939509868824644e-01	   6.4218370571100758e-01	   4.9002586335788501e-01	   2.9744673476063677e-01	   2.9116169436436345e-01	   3.7887990643299785e-01	   2.8077460489215172e-01	   1.0545074638136215e-01	   4.8932276988440976e-01	   3.6604141300472121e-01	   2.8922837580164479e-01	   8.4745408862311788e-01	   7.9702562954594858e-01	   6.9271055250617741e-01	   4.4727160523392617e-01	   2.8270751586340492e-01	   1.0771735892495626e-01	   3.7014041196536163e-01	   3.6470216746616818e-01	   3.6542156361203670e-01	   2.2460085724470086e-01	   4.8913859340700572e-01	   3.9039615173217002e-01	   5.2992662213321307e-01	   5.3203452290344577e-01	   4.0695786189079242e-01	   4.3748856882857584e-01	   4.6625407464344015e-01	   4.4626276022527267e-01	   3.6901069881777715e-01	   3.1836775746752899e-01	   2.8177233681834835e-02	   3.0046280631693445e-01	   1.7084369270540217e-01	   5.7418690552717622e-01	   1.0584970062738375e+00	   8.6223461905321508e-01	   6.4788934238933571e-01	   6.1147199804850050e-01	   5.5803299016537111e-01	   6.9977223744104899e-01	   6.1626424242742039e-01	   4.8742693689331285e-01	   4.9410372266902980e-01	   6.3187362709463357e-01	   5.7747135374249758e-01	   5.3553443808690537e-01	   4.4095357937571900e-01	   3.9615496333165517e-01	   3.9448806397633779e-01	   4.5623350526323325e-01	   1.2749595168705097e-01	   8.1671491400849994e-01	   2.9679151903653156e-01	   7.4275535357730593e-01	   4.9748220763494144e-01	   6.2373749674229861e-01	   2.1955914365199550e-01	   4.6481737400696915e-01	   3.5619797525315272e-01	   7.3852397267444303e-01	   1.6595800095317029e-01	   4.5312938256169355e-01	   2.3245141211494194e-01	   3.1545149933698652e-01	   1.7939774250231777e-01	   9.2519956399315664e-02	   4.3539000260666749e-01	   5.3976774477417233e-01	   2.0795513294697018e-01	   1.8147093421495103e-01	   2.0304020710986609e-01	   2.9630419781647815e-01	   3.0180803176789983e-01	   1.9088126358381786e-02	   2.5516788991861294e-01	   3.1083354258486745e-01	   2.9052763860813974e-01	   4.0986391744177447e-01	   2.8599618127044379e-01	   3.4159184007084609e-01	   3.0132117823021276e-01	   3.3124864702467605e-01	   3.6285921226995244e-01	   3.7244046536741260e-01	   5.6182613610810700e-02	   1.8611816351720850e-01	   2.9907123574321393e-01	   1.0680494736464093e-02	   3.2781606227940613e-01	   3.7329196681825200e-01	   3.2334920912328285e-01	   3.5682387098702673e-01	   1.8420178864015421e-01	   1.1795418593255100e-01	
   8.3025278889507825e-01	   0.0000000000000000e+00	   8.3705156047138107e-01	   8.6421383096136273e-01	   4.1593011253685291e-01	   4.1006090618182867e-01	   8.0145903258271678e-01	   9.2954673885501549e-01	   7.0891200126719056e-01	   5.4470316160455001e-01	   5.2378352147299756e-01	   9.4150095920745902e-01	   7.7970244827920765e-01	   7.7781949522289395e-01	   5.7689564541552563e-01	   5.5784624583461573e-01	   2.4357635347324319e-01	   5.4293783865042811e-01	   1.0610074983932993e+00	   1.0698294627814353e+00	   1.1739848568996275e-01	   1.1153125518711417e-02	   7.5934597497164347e-01	   7.7588732369238822e-01	   2.9550823761222267e-01	   3.7519908984780609e-01	   3.1601694790371654e-01	   2.9745612744965300e-01	   4.4573353334952015e-01	   5.8565600347242197e-01	   4.2889531349199694e-01	   4.2616659481142749e-01	   7.7029527885371185e-01	   9.3560513683128599e-01	   5.8823773748992114e-01	   5.7877009391696599e-01	   5.1263331578875526e-01	  -1.7753093727629007e-02	   3.6297287793908495e-01	   3.1241998219233519e-01	   4.4842006269873741e-01	   1.8400782961617465e-01	   5.0803295551519512e-01	   3.8744933963457140e-01	   5.5652558506801952e-01	   5.3529920076686399e-01	   4.2132224321931033e-01	   5.3895936628373087e-01	   4.4055807104936473e-01	   4.6455759372196187e-01	   3.3155229051267260e-01	   4.9132128563102706e-01	   1.2020400250809644e-01	   3.6692387256837206e-01	   2.1057695504070609e-01	   6.8051933623080385e-01	   7.2981483606416930e-01	   1.0695649472175064e+00	   5.3765642576461059e-01	   6.6231644478209539e-01	   6.2084392296359669e-01	   6.4923301324828342e-01	   6.6371621621863686e-01	   6.1380519303707903e-01	   4.1667279490382947e-01	   5.7420758903631697e-01	   5.0857042770052185e-01	   5.5977420255804877e-01	   4.1766303286961670e-01	   3.0680099499581603e-01	   4.4621958103690756e-01	   4.1864540717142551e-01	   5.6145533911659629e-01	   6.5118989111241665e-01	   6.1679174756484556e-01	   5.3887435746899848e-01	   5.5258164724141323e-01	   9.1033289008166363e-01	   3.5887191954105663e-01	   7.1354590283772446e-01	   6.7877430314916076e-01	   7.7517541968492820e-01	   3.5188006541882466e-01	   5.8125324983656568e-01	   5.8169029458941024e-01	   6.0497061014586562e-01	   2.7252738564213913e-01	   2.7627294817792980e-01	   4.9043543172324050e-01	   5.7802221794159292e-01	   2.8032913989306751e-01	   1.4287137343934905e-01	   2.3213617438259582e-01	   1.6824145490625786e-01	   1.7401344466497401e-01	   1.3591355552629661e-01	   2.4923987711188195e-01	   4.8725609701713446e-01	   4.2191338382452725e-01	   5.7743162388544378e-01	   3.0047930451554156e-01	   2.3304958425259698e-01	   2.7068028451942949e-01	   2.4468769782203353e-01	   3.0902103913470674e-01	   3.0112655056266618e-01	   9.5287923806261110e-02	   1.7958286013786492e-01	   2.7551679556669406e-01	   7.8803759506381577e-02	   5.0383241057004891e-01	   4.9760156310567205e-01	   4.5237483227549091e-01	   5.5529686234792264e-01	   4.2511513602799600e-01	   3.4258614997296383e-01	
   7.6003976824591957e-01	   8.3705156047138107e-01	   0.0000000000000000e+00	   1.1037181639554630e+00	   8.8694589001693336e-01	   7.1793063321512618e-01	   1.6660944899241101e+00	   1.0012876289599402e+00	   1.1833621793742666e+00	   8.4726815729576410e-01	   8.8338199837796627e-01	   5.8384740914250344e-01	   1.3390690009633359e+00	   1.0047869581818318e+00	   1.1548494736669794e+00	   8.3985479898074977e-01	   3.0851445544737793e-01	   3.5811154655505451e-01	   1.1024627699919416e+00	   8.7107905679057929e-01	   5.9032150716591214e-01	   4.1424302391126655e-01	   1.2355216176239223e+00	   7.1733167953907906e-01	   8.5238678728149941e-01	   7.7213152176664557e-01	   6.8520110395170342e-01	   5.2951100939286722e-01	   4.9604812593263414e-01	   3.8666918493365060e-01	   8.8443287673405413e-01	   7.1389661163770901e-01	   1.2147378671096467e+00	   1.0151370697477673e+00	   7.3691432911162447e-01	   7.2429963431314404e-01	   5.5301423004914763e-01	   3.3352085412017662e-01	   6.3616135808242158e-01	   7.5094518814042499e-01	   6.9724269885140155e-01	   4.0163917935714777e-01	   6.0473521239197459e-01	   4.3383283195365024e-01	   5.3571420693966809e-01	   4.8798867698732074e-01	   5.9986448238543089e-01	   6.5682768623122545e-01	   3.5286801612778368e-01	   4.6969490605614744e-01	   4.9196689409453476e-01	   6.8409796411675372e-01	   3.6320029993134745e-01	   5.8936771454111969e-01	   4.6915654331043311e-01	   7.4441160954566954e-01	   6.8095557721875011e-01	   8.5110964134839828e-01	   9.0945367006615763e-01	   8.4649209512082635e-01	   1.0429510619746687e+00	   8.3239282922239788e-01	   6.8174895729133089e-01	   6.0816908127990021e-01	   6.2319664508871642e-01	   1.0468154025651837e+00	   9.7499776360924628e-01	   7.5535913053959580e-01	   8.6618027328713598e-01	   7.7107558591946024e-01	   7.4655513676487761e-01	   6.3286568344447880e-01	   6.4359127861857102e-01	   5.5617688166820878e-01	   6.1289682590990657e-01	   5.0194613478260819e-01	   6.8418312554452199e-01	   7.6577717578926718e-01	   5.0921001589664161e-01	   4.5884094327342917e-01	   9.1392154327807051e-01	   6.5099787475735738e-01	   7.1318488608476704e-01	   8.4076398969737476e-01	   7.3214618316578306e-01	   6.4276954042060508e-01	   4.4761542071003796e-01	   4.0933695158850369e-01	   9.9373955397821456e-01	   9.1658257506901586e-01	   6.2982396502629812e-01	   5.6272970744002482e-01	   4.6362386791280430e-01	   5.7546391704454747e-01	   3.7427948287014595e-01	   2.1389139075368838e-01	   5.0331890964675730e-01	   5.7447675424015743e-01	   6.6643695183232310e-01	   8.2865325579292881e-01	   5.0656392169008635e-01	   6.6562484384303222e-01	   5.7041972102748906e-01	   4.8899351170684130e-01	   3.7519175376449271e-01	   3.7799852473738260e-01	   2.7937214587312070e-01	   5.8205377654069468e-01	   3.2460736957809794e-01	   1.0038609089557401e-01	   5.5250221330960303e-01	   6.2903413886250292e-01	   5.9913384998311481e-01	   6.3654756579894833e-01	   4.1935973903399704e-01	   2.1670518329259059e-01	
   6.0167049025652453e-01	   8.6421383096136273e-01	   1.1037181639554630e+00	   0.0000000000000000e+00	   5.0991590725557656e-01	   8.3477000037820615e-01	   1.1223750783223441e+00	   1.6534488736129318e+00	   8.0547416801608474e-01	   1.0601807348660617e+00	   5.6529705963215493e-01	   6.8814006218592549e-01	   9.3330010242838324e-01	   1.0169436460365939e+00	   7.9292332636745966e-01	   8.8296094648671408e-01	   1.7782516433423257e-01	   3.4637683863076968e-01	   1.0352563190338651e+00	   1.0476058758581437e+00	   3.2942018232128562e-01	   2.6208451593284177e-01	   9.0856052668668197e-01	   1.1975136005366587e+00	   5.3383529191476198e-01	   7.3253118205094292e-01	   4.7630462429727133e-01	   4.8251325870157358e-01	   3.7369049928961501e-01	   4.0682587168580359e-01	   7.9409758463580937e-01	   7.6487914755875974e-01	   1.1003169005372133e+00	   1.1566580400817557e+00	   5.2271980745200508e-01	   6.8285567913194811e-01	   4.9306264585063581e-01	   2.5336586125600791e-01	   5.0829982682980113e-01	   6.0397325296522220e-01	   5.6095148418193519e-01	   2.3905394230885355e-01	   3.5881837071484640e-01	   2.1626495586589828e-01	   4.1190406343751362e-01	   3.2677883714002193e-01	   3.2567035188419985e-01	   4.5595275354857590e-01	   3.4398911621406320e-01	   3.4095383353608394e-01	   3.9626947102541360e-01	   4.7944250975875990e-01	   3.0390805168942681e-01	   4.9796053535995827e-01	   2.7260561596664240e-01	   6.8611519941409638e-01	   5.8393451069918623e-01	   6.8155567834801445e-01	   7.0864183045042328e-01	   7.6763110324716244e-01	   8.8853187196385786e-01	   8.2228767180581130e-01	   6.0659666576492877e-01	   5.9576023244361787e-01	   4.5573071229876716e-01	   1.0455377550999521e+00	   7.4505904336522866e-01	   8.1211803749784139e-01	   8.2704078304939388e-01	   8.3695608839016744e-01	   6.5663090514782740e-01	   5.0148953169589938e-01	   5.5811944400230384e-01	   6.5104593155881207e-01	   6.4954324987331102e-01	   5.6278730939340671e-01	   4.5243887935471927e-01	   8.0644805908519956e-01	   3.2561713580795937e-01	   4.4670024513234247e-01	   7.0969231762380047e-01	   6.7839665869296928e-01	   5.4505589791941766e-01	   7.3060084118050728e-01	   5.0367643283328345e-01	   7.4428996603663355e-01	   2.8488491449156361e-01	   4.6284014702198445e-01	   7.4987728875176418e-01	   1.0618989399529009e+00	   6.6149397195341120e-01	   4.7148579465359808e-01	   5.8849004335515775e-01	   4.3208490292123231e-01	   1.6140221676570812e-01	   1.0298401287159106e-01	   2.5092510228844245e-01	   4.6566474260929963e-01	   4.9859539203410447e-01	   6.2905673345137814e-01	   4.6411288986375193e-01	   5.2927300527798393e-01	   4.8438829570993658e-01	   4.2174037537206938e-01	   3.3431978867543266e-01	   2.0842002431804410e-01	   2.4249601169938467e-01	   3.6656123068641089e-01	   1.6613145345520033e-01	   2.5630905129249093e-02	   4.4374787185408232e-01	   3.8521507271182731e-01	   5.2712628346771151e-01	   5.5954682977028691e-01	   4.0109035069511811e-01	   2.1619669574286221e-01	
   3.8861687904826142e-01	   4.1593011253685291e-01	   8.8694589001693336e-01	   5.0991590725557656e-01	   0.0000000000000000e+00	   8.6279284500300069e-01	   7.5610673766968761e-01	   4.8799552984056122e-01	   1.1003228224653747e+00	   6.7092625839791309e-01	   5.1529849085972779e-01	   1.5683442677452369e-01	   6.6374649841221467e-01	   4.4233560149888879e-01	   7.8310955298823148e-01	   5.9982861049769876e-01	   1.4696919954287696e-01	   2.0338532190744249e-01	   4.3587747967379364e-01	   3.3826711817226524e-01	   7.3295345714561855e-01	   6.8697898515829259e-01	   7.8181948125436074e-01	   3.0487640154649143e-01	   1.1078344296543470e+00	   8.9551707460680496e-01	   1.0884237477795975e+00	   8.1978206858278080e-01	   2.5385760713163491e-01	   2.1875162283386948e-01	   6.0215567901514089e-01	   4.2089232903112900e-01	   5.2245403427805714e-01	   3.5442333434916101e-01	   5.4628142970371096e-01	   5.0868261280640403e-01	   4.5882867520439058e-01	   2.8904487219871511e-01	   4.8415713893847290e-01	   5.0382466238674462e-01	   3.8858289379482919e-01	   3.3338036401624649e-01	   7.1235303713141673e-01	   5.9162370179934720e-01	   5.1096635019088810e-01	   5.0654151165080563e-01	   7.1035607006600543e-01	   7.5241305052376595e-01	   4.3029195209980226e-01	   5.8922389350572413e-01	   5.0851531664557770e-01	   8.0140769505790921e-01	   5.4590415757887401e-01	   7.3641340485073592e-01	   5.4524804118218384e-01	   5.7993242948301993e-01	   5.2440567997859000e-01	   5.3613868921618002e-01	   7.1520584680269295e-01	   5.7790391184298273e-01	   5.9833415680628166e-01	   4.1454069398339355e-01	   3.1519935829470669e-01	   2.2329610566693828e-01	   5.0858238312189918e-01	   5.2890940709610756e-01	   7.1473966798676947e-01	   5.2099683495625992e-01	   5.4001834120516612e-01	   5.7317221658325723e-01	   6.6740372404094472e-01	   6.5502182866458969e-01	   4.1517088649528788e-01	   3.0010657340209379e-01	   4.0564067153372274e-01	   3.1642019792542037e-01	   4.7583568195518899e-01	   4.1947740407494821e-01	   3.1401144669357967e-01	   3.8311728395647321e-01	   5.6002011842670740e-01	   3.7412143228010131e-01	   6.4649795677755195e-01	   6.3579011084936810e-01	   5.2352818298753157e-01	   3.8715473791518779e-01	   4.7433648179981547e-01	   3.7210730956934923e-01	   7.5275965089163788e-01	   6.2460837372266953e-01	   6.0598924348224292e-01	   6.4643057023687533e-01	   4.5719320280790476e-01	   6.3319412185068724e-01	   3.3748197440857725e-01	   2.6911034572118880e-01	   5.7283747680958463e-01	   5.9715497228684111e-01	   7.8057386741548740e-01	   8.4200970355263360e-01	   5.8877813854145133e-01	   6.1050999197265909e-01	   7.0915851372424976e-01	   5.0840846639867321e-01	   4.5672800714722600e-01	   4.6096022218451405e-01	   4.2284381610999799e-01	   7.1410129749677975e-01	   1.9349506618021162e-01	   4.5147963215864617e-02	   4.6985202417106825e-01	   7.1585300635447702e-01	   7.0591863665782495e-01	   5.3555243415941711e-01	   4.8985610757473563e-01	   2.0576032282742052e-01	
   3.2334903348310218e-01	   4.1006090618182867e-01	   7.1793063321512618e-01	   8.3477000037820615e-01	   8.6279284500300069e-01	   0.0000000000000000e+00	   8.2222065204233430e-01	   8.8436278831374104e-01	   8.0433979871401484e-01	   1.2888322702615294e+00	   3.4927835304500598e-01	   2.8615684873781760e-01	   6.2595701371922763e-01	   5.8756143097349611e-01	   6.7774305833462889e-01	   8.3782340459816096e-01	   1.1572459368247461e-01	   1.2835720899448461e-01	   4.8266382965035270e-01	   4.5875466455109648e-01	   5.3186368610776791e-01	   4.8580411892928210e-01	   6.3897259284551522e-01	   5.9615098082841367e-01	   7.4568935238133649e-01	   9.1032441134352815e-01	   7.1404680261845233e-01	   6.7228703874519569e-01	   3.1937835426773870e-01	   2.7577959731816765e-01	   7.7785385243677030e-01	   6.5257224258993607e-01	   6.0966074240240342e-01	   4.8059543490129664e-01	   2.8386216652569424e-01	   4.3969058944655587e-01	   3.7547769855382751e-01	   4.2640645823709511e-01	   4.2268272842668420e-01	   5.4422554591528449e-01	   3.3650167976345979e-01	   2.8428924075738005e-01	   4.3698849109847587e-01	   2.7238249489099409e-01	   3.4283993937738377e-01	   2.6470003040404755e-01	   4.7012730709748718e-01	   5.1463399986067171e-01	   3.2580742802568613e-01	   3.1480669844983000e-01	   4.3634073994784406e-01	   4.9968174358319850e-01	   6.5831667013126682e-01	   7.5642227837330978e-01	   4.7575476987673732e-01	   5.0780290077702572e-01	   4.2795886834028307e-01	   3.5144447308326937e-01	   5.8772405525841043e-01	   5.1324020299660833e-01	   6.5674354988434080e-01	   5.3209456287352452e-01	   2.8695776681049695e-01	   2.2194739936226071e-01	   4.4116860272211944e-01	   5.3746863256377164e-01	   6.4514781168562307e-01	   5.6265661708194514e-01	   4.9024001942834172e-01	   7.2118092794033639e-01	   7.5081140927087697e-01	   5.1919412161366307e-01	   4.6795195590427857e-01	   2.9628168194253213e-01	   4.3749062098176272e-01	   2.6770939024564111e-01	   3.4332791788051070e-01	   4.1487509934159816e-01	   2.7651259573966824e-01	   3.7727326816368240e-01	   5.1864653262950611e-01	   3.5419496509081044e-01	   6.0891797904948564e-01	   6.9809814711750506e-01	   3.8106625005756534e-01	   3.8581536518190052e-01	   3.0048875088908650e-01	   5.1994197113373364e-01	   6.0469698304658870e-01	   7.3021413114765266e-01	   8.1655104093733588e-01	   7.7698094361256442e-01	   7.4481524507615815e-01	   6.8259484073779708e-01	   1.9237188460721619e-01	   2.1868940049402535e-01	   4.1039661045978715e-01	   5.0825682155620211e-01	   7.2893977989202108e-01	   7.6585359934062391e-01	   5.8567113562789574e-01	   6.9044165381469791e-01	   6.7047214410366263e-01	   4.8808383673086531e-01	   3.7979098561795899e-01	   2.3016866723272172e-01	   4.4041419805504239e-01	   5.5927335335444162e-01	   1.3367444935741990e-01	   6.8004490983643959e-02	   3.7878899531220289e-01	   4.7901900177112494e-01	   6.8705029503107817e-01	   4.3225171888885550e-01	   3.7616909245057079e-01	   1.4009596340478347e-01	
   7.7214028140934687e-01	   8.0145903258271678e-01	   1.6660944899241101e+00	   1.1223750783223441e+00	   7.5610673766968761e-01	   8.2222065204233430e-01	   0.0000000000000000e+00	   1.1916690424683827e+00	   1.0630393401675811e+00	   9.4809248255517997e-01	   7.1984824271619186e-01	   6.6966959404880277e-01	   1.1021530293201558e+00	   1.0335400102711392e+00	   9.4928295113364114e-01	   8.1787085812026850e-01	   2.5100113282590752e-01	   3.7384893926011409e-01	   1.0093067499779600e+00	   8.5565079278059697e-01	   4.9536088115064958e-01	   3.5433170793257451e-01	   1.1211421813854907e+00	   8.2160733254045559e-01	   7.0270365496713105e-01	   7.1474337455918957e-01	   5.2239005060066734e-01	   4.1674406070822012e-01	   4.7850275018447264e-01	   4.0402853879651246e-01	   9.5888944554965483e-01	   8.0821043908010937e-01	   1.3147905893538405e+00	   1.0985929117540600e+00	   6.7162626882191578e-01	   7.5589185584077756e-01	   4.4870632822910506e-01	   3.2002895334967463e-01	   5.2487374126303454e-01	   6.8829844022029663e-01	   5.7306378851271733e-01	   2.9421920959784692e-01	   5.3499801351628828e-01	   3.8393595555738635e-01	   5.4426967457016517e-01	   4.6899392246094151e-01	   5.3398628497234735e-01	   6.0943716982287210e-01	   3.5150342196536255e-01	   3.9712931705345184e-01	   4.6992171714886521e-01	   5.1435923686792795e-01	   3.5515726746330312e-01	   5.2242148583403214e-01	   4.1332707057778217e-01	   6.4512854437084477e-01	   5.6151545538188763e-01	   7.0602027275727919e-01	   7.7511690237501685e-01	   7.1251121492670522e-01	   9.8904672433092111e-01	   8.1352863931414354e-01	   6.6388366014015865e-01	   5.1555296348261326e-01	   7.9309281418876709e-01	   1.0362025045495515e+00	   9.9033442544338279e-01	   8.4356125615328148e-01	   7.5749711037866907e-01	   6.6940502919910549e-01	   7.1484079039295623e-01	   5.6665087386859048e-01	   5.8649251567750738e-01	   5.1314990881289446e-01	   5.7636527710126995e-01	   5.1865790276540324e-01	   6.0218458001169595e-01	   7.0138343736671316e-01	   4.3772943247577312e-01	   5.1245958950696346e-01	   7.8896817506182337e-01	   6.7755835082187366e-01	   5.9854534881340271e-01	   6.9038386990944522e-01	   6.0626402388546641e-01	   6.3693581430530100e-01	   3.5433400346518124e-01	   3.9667800296693223e-01	   8.2985310368126064e-01	   8.0978622217269947e-01	   5.6031924398318500e-01	   4.8362329721828079e-01	   4.3505549259858012e-01	   5.1408387995842286e-01	   4.1565540733079909e-01	   1.8166151895950131e-01	   5.0309892200104589e-01	   5.2148430010560343e-01	   6.0316106203555409e-01	   7.3219124531297497e-01	   4.4048102638624637e-01	   6.0127771154848675e-01	   4.8778798801741596e-01	   4.1596161494679879e-01	   3.6867017935159335e-01	   3.0941983849470411e-01	   2.4059625135440427e-01	   4.7775145507418293e-01	   4.1783582777381634e-01	   1.2869031344574117e-01	   4.6012690604657946e-01	   5.8340228614543099e-01	   5.6971751896090250e-01	   5.6193195095925463e-01	   3.8541576026391966e-01	   2.3776672037357488e-01	
   5.5148687140986530e-01	   9.2954673885501549e-01	   1.0012876289599402e+00	   1.6534488736129318e+00	   4.8799552984056122e-01	   8.8436278831374104e-01	   1.1916690424683827e+00	   0.0000000000000000e+00	   7.9001047723876539e-01	   1.1386588761553900e+00	   5.3808429601274210e-01	   7.3221885027488087e-01	   9.7241573567840767e-01	   1.0813388931106227e+00	   8.4485152321558954e-01	   9.0012708920957107e-01	   2.4160388940372277e-01	   3.1100308366555302e-01	   9.3560500491505516e-01	   9.0991231244391857e-01	   2.2573174286249809e-01	   1.7689264783293154e-01	   8.7393544959342062e-01	   1.1935571669043628e+00	   4.4957571031496379e-01	   6.3147490951223051e-01	   3.4910203863058725e-01	   3.9736494245947140e-01	   5.2593464250291033e-01	   4.1308586338698006e-01	   8.4325700128226699e-01	   8.6365682772435304e-01	   1.0456899613759993e+00	   1.1504094544373384e+00	   4.1299083694922778e-01	   6.7134774130287556e-01	   4.4367881992988578e-01	   1.8551608826018379e-01	   3.9891451794852423e-01	   5.1957305656646224e-01	   4.8605756423007584e-01	   1.6900469459926060e-01	   3.1559711622620884e-01	   1.8059391956470761e-01	   3.7316714811935603e-01	   2.8082418673123311e-01	   3.2150307645695830e-01	   4.2495936868114947e-01	   2.3833656166519518e-01	   2.3591431687862421e-01	   2.4779389100126131e-01	   3.5683861777893017e-01	   3.0963364971254870e-01	   3.8953743396642321e-01	   2.7857415145564351e-01	   5.4557989181974775e-01	   5.0445582470321226e-01	   6.6594892116167725e-01	   5.6311675030203545e-01	   6.3907603312528183e-01	   8.4379828558994852e-01	   8.1733683219690345e-01	   5.3843692630113493e-01	   5.7816671117689800e-01	   4.6833485075650116e-01	   9.8107149309747199e-01	   6.5681601411498025e-01	   7.3363593714479380e-01	   6.2286069275965739e-01	   6.2321514570562031e-01	   6.8813667734089756e-01	   4.9851488186009707e-01	   7.1987404739827665e-01	   5.3498551079791512e-01	   7.7624014376737216e-01	   5.0321372047318458e-01	   4.8559059102325874e-01	   7.5330738573460321e-01	   4.2579612538272216e-01	   5.1088367476722729e-01	   7.5792385434671661e-01	   5.8396921533558788e-01	   5.7144239802082974e-01	   6.6744979964347551e-01	   5.2232584580379782e-01	   6.8534902485391391e-01	   2.7169610078861367e-01	   4.4942930297082456e-01	   6.4272356456012647e-01	   8.0744818691821052e-01	   5.3335272975640025e-01	   3.5506863453949322e-01	   4.6331814903403867e-01	   3.1885548330133751e-01	   1.4252839228706740e-01	   8.4359985797312714e-02	   2.6927988017487969e-01	   4.2237253141657738e-01	   4.7700786930192407e-01	   5.5742763776203230e-01	   3.7450500597088898e-01	   4.1444920348361186e-01	   3.7617090907270923e-01	   2.8955405679624657e-01	   2.5744850850460266e-01	   1.1745257642581249e-01	   1.7577617363017056e-01	   2.9100358726726244e-01	   1.8121397334564318e-01	   1.1285675018403982e-02	   3.8219998785988368e-01	   3.7254122450637672e-01	   4.2717589623608687e-01	   4.7045752960737086e-01	   3.5643899498921444e-01	   1.9903041488672596e-01	
   5.2761549314787104e-01	   7.0891200126719056e-01	   1.1833621793742666e+00	   8.0547416801608474e-01	   1.1003228224653747e+00	   8.0433979871401484e-01	   1.0630393401675811e+00	   7.9001047723876539e-01	   0.0000000000000000e+00	   9.6781307014836304e-01	   7.2729289443352996e-01	   5.0308033674211838e-01	   9.1715447964080032e-01	   7.0257958867481263e-01	   9.3646585176824626e-01	   7.8040573006335190e-01	   2.8163662577316662e-01	   3.5476975409777489e-01	   7.3912215922907365e-01	   6.2592938112194396e-01	   4.4227271216182323e-01	   3.7083104960483598e-01	   9.4854015630687705e-01	   6.0328564773093019e-01	   7.4278812717715736e-01	   7.0685114723132147e-01	   5.9370386743516557e-01	   5.5591460330288478e-01	   4.6940822192718273e-01	   4.5391462135031424e-01	   7.3355203249159850e-01	   6.5050885246133539e-01	   7.4237027636907038e-01	   6.6676683995004937e-01	   5.6529225639918679e-01	   6.1548813490497301e-01	   5.8860470308604951e-01	   3.0089104719270920e-01	   5.6869329374182487e-01	   5.8045125242786388e-01	   5.6546052366073707e-01	   4.2155027982506221e-01	   7.2385911849862206e-01	   5.6744604753646799e-01	   6.3973224445015808e-01	   6.0484551021190391e-01	   6.1822546178152937e-01	   7.4350764324859353e-01	   4.8224730484078548e-01	   6.1132306827642957e-01	   6.3264840573044889e-01	   8.3810365733154524e-01	   4.2238199753000299e-01	   8.1377823333865895e-01	   4.1750573265772806e-01	   8.2679700842836878e-01	   4.7278681615383822e-01	   6.1542528577740763e-01	   7.6026130824025528e-01	   7.4537698295896060e-01	   8.0753187856826991e-01	   6.6211337424288419e-01	   5.5983000016057272e-01	   4.3322355688736636e-01	   6.6778797998645290e-01	   6.7430520276809269e-01	   8.4275831360753251e-01	   6.6807945180361739e-01	   6.1820330276580071e-01	   6.4262933712252346e-01	   6.7464876280348618e-01	   5.7295849401675636e-01	   6.1540965291839689e-01	   5.2834775034856696e-01	   5.3177785653583742e-01	   4.4917939588776024e-01	   5.2855964529125454e-01	   6.4331464856097054e-01	   4.3649599988274890e-01	   4.8720933497626506e-01	   8.5202618271956754e-01	   6.4147246741684205e-01	   7.0061537501343929e-01	   8.4356468944993779e-01	   7.0242581821438244e-01	   6.5589081826587292e-01	   3.6289850798190232e-01	   3.3861342175853476e-01	   8.4213798157421615e-01	   8.6468847561263129e-01	   6.4984233775269806e-01	   6.0156368053959119e-01	   5.2357780680767430e-01	   5.7111538740961632e-01	   1.7862036430030276e-01	   1.5556923701966405e-01	   3.3240948611310284e-01	   5.1521416918862295e-01	   6.0683982927680913e-01	   8.1065235840533667e-01	   5.2237985251331387e-01	   5.7784316931989865e-01	   5.9445686195617975e-01	   4.4191716524037411e-01	   3.4768887878345800e-01	   3.4864620421103060e-01	   2.8968584824362020e-01	   5.1853157364011093e-01	   1.2760698213381158e-01	   1.7951586525617284e-02	   4.5096875675459258e-01	   5.4777185515270599e-01	   6.5356140889463810e-01	   5.6947783241807859e-01	   4.3221849253611988e-01	   1.7140644909788783e-01	
   3.7777919702323537e-01	   5.4470316160455001e-01	   8.4726815729576410e-01	   1.0601807348660617e+00	   6.7092625839791309e-01	   1.2888322702615294e+00	   9.4809248255517997e-01	   1.1386588761553900e+00	   9.6781307014836304e-01	   0.0000000000000000e+00	   4.9633655461106174e-01	   5.1837373736089798e-01	   7.9865458195956740e-01	   8.6391014059105020e-01	   8.2337887575807156e-01	   9.6445172462589335e-01	   1.8096369553356212e-01	   2.5635354423395063e-01	   6.1858917390107326e-01	   5.9554126662400741e-01	   3.0503786615753120e-01	   3.0104630726828369e-01	   6.8858366668458848e-01	   7.5760461508465560e-01	   6.0455408666889476e-01	   7.7233976527348214e-01	   4.8809516658713359e-01	   4.6798360603289918e-01	   4.4756409153346294e-01	   4.0102203081507554e-01	   8.7330462484730709e-01	   8.2252180398848718e-01	   7.6104557398737283e-01	   6.8865285534603571e-01	   2.3257440387973710e-01	   3.9351454737424935e-01	   5.1681254279194633e-01	   3.6463119894489848e-01	   4.5296550234503974e-01	   5.8746506151104139e-01	   5.4019057133583714e-01	   4.0217856609783054e-01	   3.2860221925446392e-01	   1.8521988531985631e-01	   2.7349737302785065e-01	   1.8440892695789757e-01	   2.9276156299233475e-01	   4.0309098420142486e-01	   2.2735776778510655e-01	   2.3310746706936405e-01	   3.5167996386845762e-01	   4.4630558391995256e-01	   4.2020934836577173e-01	   6.2557270861950309e-01	   2.9367859944167718e-01	   5.6921573264976377e-01	   3.9965791014450258e-01	   4.6102684886330647e-01	   5.7760751652064157e-01	   5.9434859366266357e-01	   7.2458254517153831e-01	   6.6026476137941514e-01	   4.1180704534980528e-01	   3.8903803240659501e-01	   4.5252593024593235e-01	   6.9773404979497855e-01	   6.0985585025004019e-01	   5.2317743863872002e-01	   6.3046497712142568e-01	   7.9775407040318680e-01	   8.3793576635824718e-01	   5.4449713832237190e-01	   5.7783589563057192e-01	   4.7516040379311164e-01	   5.3024037089540865e-01	   4.1017647348697511e-01	   3.8954857351293526e-01	   5.8106857530997758e-01	   3.6176163440870873e-01	   4.4127363862013352e-01	   6.9988609837216076e-01	   4.8485858886295863e-01	   7.1744214837648579e-01	   7.7740434602432251e-01	   4.4760914215644282e-01	   5.3547943418311150e-01	   3.1317775242217571e-01	   4.4162863731077617e-01	   7.0116510607109883e-01	   8.8372917804962514e-01	   7.0777793887617813e-01	   6.1217699003762649e-01	   6.8897338235379657e-01	   5.5057175495916522e-01	   5.9879557634128291e-02	   1.2569156499079581e-01	   1.8976337573267651e-01	   3.9436528136847526e-01	   4.6488191804410728e-01	   6.1110398645394759e-01	   4.4319662229123158e-01	   6.1121474343263182e-01	   5.2063435064061780e-01	   3.7309913784066723e-01	   2.4365386447572551e-01	   1.4928619112324312e-01	   2.6102227495589070e-01	   3.5678882500325698e-01	   2.1372605415196054e-02	  -4.7310762965294260e-02	   3.0120503567907853e-01	   2.7839281106129138e-01	   5.3000922695796904e-01	   3.9608263884630279e-01	   2.7370891286941118e-01	   5.0687346068229784e-02	
   6.3044675648924231e-01	   5.2378352147299756e-01	   8.8338199837796627e-01	   5.6529705963215493e-01	   5.1529849085972779e-01	   3.4927835304500598e-01	   7.1984824271619186e-01	   5.3808429601274210e-01	   7.2729289443352996e-01	   4.9633655461106174e-01	   0.0000000000000000e+00	   6.0858111966959028e-01	   1.2236007420444623e+00	   9.0959980992623646e-01	   7.5238209000730705e-01	   6.2990267197436800e-01	   6.4649548424425796e-01	   4.1803297964518676e-01	   7.8730667712431079e-01	   6.1524341602543120e-01	   3.0708211387591755e-01	   1.9677990244593499e-01	   6.2145674111619997e-01	   3.3178342227462027e-01	   3.7747367788166802e-01	   2.7211000549886832e-01	   3.4149630676759918e-01	   3.0156382767093409e-01	   6.5656481836690850e-01	   5.2866653185263512e-01	   5.8994861197275439e-01	   5.5152543469311888e-01	   6.3737094655044402e-01	   6.4504455309106323e-01	   3.7183037740584407e-01	   2.3828848543934500e-01	   3.4677995242608939e-01	   2.5587506454929859e-01	   4.5203946272678630e-01	   6.0307472118695238e-01	   6.0043052365947414e-01	   5.2923669349463909e-01	   2.8846748113553056e-01	   2.2578200792823000e-01	   2.2170714029858396e-01	   2.5928637957143746e-01	   2.6830412337005671e-01	   2.7544980926152751e-01	   1.3084706587294459e-01	   2.2446127489918488e-01	   1.9453942003946750e-01	   3.4144335225023703e-01	   8.8168456932079239e-02	   2.3653040693913438e-01	   3.2737970523259702e-01	   3.7507341840918507e-01	   4.5551707519248724e-01	   5.9756336507914121e-01	   5.8469960899518458e-01	   5.8851556397298310e-01	   8.6419271284894084e-01	   8.1731393704816369e-01	   8.6066196669068673e-01	   8.5608903032600026e-01	   2.1593439694212424e-01	   5.6195927349996988e-01	   4.5592279639603062e-01	   2.7709636171438690e-01	   3.7048965510487286e-01	   3.7526935987199073e-01	   4.1371886834180610e-01	   4.4106184153133132e-01	   4.6177964498879009e-01	   4.0834850270841333e-01	   4.1946580670899658e-01	   3.0038922756341863e-01	   4.3190243132640815e-01	   4.9077583331376617e-01	   7.3101368393786015e-01	   4.0021179884014074e-01	   8.4332596558951189e-01	   4.5291545934095895e-01	   5.4079321937298719e-01	   7.5104687593134289e-01	   5.6201192290316904e-01	   2.5283735641288929e-01	   3.3338716256769879e-01	   1.2569752648136784e-01	   6.5066721667861960e-01	   5.4521656465723412e-01	   2.3529203783748212e-01	   2.2103623607809184e-01	   1.5110905039798925e-01	   3.0022449812383389e-01	   2.3651804301056006e-01	   1.4491325050284609e-01	   2.1698194781455635e-01	   2.5074462649128587e-01	   3.2866826484813594e-01	   3.1260144803953366e-01	   1.7674696077656060e-01	   3.9382387121080231e-01	   2.5676870251527872e-01	   2.6306096591336825e-01	   1.0419275677796715e-01	   1.9977518209716491e-01	   9.2544866490968131e-02	   2.8553462655592748e-01	   1.6006961543583567e-01	  -1.0998129683141913e-01	   1.1427195299965263e-01	   2.7466478862946203e-01	   2.7428908510856853e-01	   3.6253009268615261e-01	   1.1043493199252019e-01	   6.7454098650796546e-02	
   8.4350998921375697e-01	   9.4150095920745902e-01	   5.8384740914250344e-01	   6.8814006218592549e-01	   1.5683442677452369e-01	   2.8615684873781760e-01	   6.6966959404880277e-01	   7.3221885027488087e-01	   5.0308033674211838e-01	   5.1837373736089798e-01	   6.0858111966959028e-01	   0.0000000000000000e+00	   6.9298260612038109e-01	   1.0403673368046340e+00	   3.5243236812848699e-01	   5.5587561750938375e-01	   1.6766142832376560e-01	   8.0449705014220108e-01	   8.7063964729427379e-01	   9.6937888821460994e-01	   6.1147706398425304e-04	  -4.8420645187145950e-02	   5.2413632209073913e-01	   7.1610756201068837e-01	   6.8358751315518662e-02	   1.5075516463144584e-01	   9.7600501701957512e-02	   7.0678877793461520e-02	   3.3617916248008994e-01	   9.5424427352907248e-01	   3.4461697834486382e-01	   3.9963552249942447e-01	   6.5615254117032751e-01	   8.6172807191458534e-01	   3.9886448304174393e-01	   3.8500352245959935e-01	   3.6166563908410704e-01	   6.9313262824623856e-02	   3.5955890147629738e-01	   3.4044337098367700e-01	   4.0030398892113872e-01	   3.1768933013092887e-01	   3.0093525521628189e-01	   2.5623319178588599e-01	   4.1445707856933417e-01	   4.2424888200944810e-01	   2.0147668379551134e-01	   3.2175072363658641e-01	   3.6025488773291714e-01	   3.0568674406294172e-01	   2.8808500630252520e-01	   2.2456199145862821e-01	  -7.6857643136630766e-02	   1.7949151515296585e-01	   8.0245129365617576e-02	   5.1135480711016101e-01	   4.8394675511440832e-01	   5.4230853350787134e-01	   4.8064296975960086e-01	   5.4118326129300121e-01	   6.0385441671861073e-01	   7.3403650839604417e-01	   9.7033906206311893e-01	   7.0574890218635622e-01	   4.1216160624584774e-01	   5.2640491156100166e-01	   4.1351599081412754e-01	   4.5745484059878788e-01	   3.3075648265598517e-01	   2.4261948559309093e-01	   3.2575597383024379e-01	   3.5411303707230829e-01	   3.1647924464531973e-01	   8.0724460682687815e-01	   3.9511886704411742e-01	   6.0749357053174657e-01	   2.5758887334795538e-01	   8.1741302835368779e-01	   2.1330986422297979e-01	   7.3827890492348147e-01	   4.7972647419562903e-01	   8.8643083915642440e-01	   2.3586053599489770e-01	   5.1580555448824972e-01	   2.8143569287733283e-01	   4.6398676452821330e-01	   9.3475617933272540e-02	   1.3856746646145568e-01	   3.5380071171683736e-01	   5.4578502067426515e-01	   1.6615436052334620e-01	   3.0440165844792418e-02	   2.0421201649726997e-01	   1.2586666131985602e-01	   5.7558176345164844e-02	  -7.9938424377094072e-02	   5.0194746721468645e-03	   1.7049408701384433e-01	   1.7503412478588690e-01	   2.5384262540995584e-01	   1.0935408423875290e-01	   1.8030971292251932e-01	   1.2735484176953188e-01	   1.3822237075253496e-01	   1.1685847674197103e-01	   1.1908315047003816e-01	  -1.2337582829734503e-01	  -5.1716397066295557e-02	   1.1093328954577071e-01	  -7.5274954819562034e-02	   1.8999148119756523e-01	   1.9129287111927834e-01	   2.5282240098950925e-01	   3.0535765146308524e-01	   9.7218303445106638e-02	   6.4860034935606090e-02	
   6.1708106142932551e-01	   7.7970244827920765e-01	   1.3390690009633359e+00	   9.3330010242838324e-01	   6.6374649841221467e-01	   6.2595701371922763e-01	   1.1021530293201558e+00	   9.7241573567840767e-01	   9.1715447964080032e-01	   7.9865458195956740e-01	   1.2236007420444623e+00	   6.9298260612038109e-01	   0.0000000000000000e+00	   1.3373861904455351e+00	   1.2613010360908763e+00	   1.0309204908532164e+00	   4.9020934558288415e-01	   3.3920956807842323e-01	   9.7051335077533762e-01	   7.9937245966264314e-01	   4.4495076117232857e-01	   2.9798067263491812e-01	   9.0820301084002319e-01	   6.4403420623352015e-01	   5.9712649793057326e-01	   5.5554965535868051e-01	   5.4004900469402806e-01	   4.4684412719323618e-01	   7.7904895162288579e-01	   5.1904524321842249e-01	   8.4858098581248043e-01	   7.7551097448454620e-01	   8.9017543404536070e-01	   9.0774826417970944e-01	   4.2527239207356798e-01	   4.4545430782832418e-01	   5.7215083928024146e-01	   3.2056436834198504e-01	   5.9510471349141136e-01	   7.3168085911807645e-01	   7.0993787061498614e-01	   4.6932099738519295e-01	   3.7321810360363855e-01	   2.8575254826986185e-01	   3.0957548927483786e-01	   3.1872309175153452e-01	   4.1712065131330656e-01	   4.6736666391066328e-01	   1.5933837497246178e-01	   2.9805394181085215e-01	   2.2319142842953865e-01	   4.8620689194859734e-01	   2.4515733669446088e-01	   3.3893284451317773e-01	   5.0370437824154601e-01	   5.6209681531112465e-01	   5.6158734450700476e-01	   7.7297932955618009e-01	   6.8157196753470395e-01	   7.4908757279063920e-01	   1.1138870659934508e+00	   1.0197366701530763e+00	   7.3837942024873560e-01	   9.4554357273894252e-01	   3.0744956320032640e-01	   8.5059750462785377e-01	   5.6199518881705046e-01	   4.1690457832309680e-01	   5.6981927289002376e-01	   5.2910137676498281e-01	   6.7274384415927035e-01	   5.7546702723134890e-01	   7.0783780218342673e-01	   4.4845045405781364e-01	   6.7350407331144768e-01	   4.0448811720276451e-01	   5.8535146285292761e-01	   6.8271055621346888e-01	   7.5833036584020008e-01	   4.5325750510495688e-01	   1.0625612889417255e+00	   5.1476860043107986e-01	   7.5863431530573666e-01	   9.7219681342370523e-01	   6.8958441549531380e-01	   5.0366994550921573e-01	   4.7412174768388338e-01	   4.1578505809129507e-01	   8.9114657070966719e-01	   8.0586021148714826e-01	   4.3130990670624086e-01	   3.5764734969201073e-01	   3.3607711136932472e-01	   3.9448643658126847e-01	   2.4311872322893885e-01	   1.7340998694573964e-01	   4.0659993924059218e-01	   4.8803936352550248e-01	   5.6043733054963674e-01	   5.9285599690026869e-01	   3.5989076974017303e-01	   5.2701683310945624e-01	   4.0800674691138733e-01	   3.6357435945844946e-01	   2.0707456357446305e-01	   2.1954347466294508e-01	   1.6423303796375685e-01	   4.0136349175422986e-01	   1.9766107874677069e-01	  -7.4805831931330693e-03	   2.9770751447743188e-01	   4.7600326573074581e-01	   4.1818509539290560e-01	   5.3471841320078084e-01	   2.9802643922973077e-01	   1.4205787008324794e-01	
