   0.0000000000000000e+00	   1.4440791850982968e+00	   1.0162013417580666e+00	   1.0264552017111765e+00	   6.3725128862647207e-01	   5.1978476280466768e-01	   1.0380991093150735e+00	   1.1219899761878298e+00	   7.0518405254259298e-01	   6.7846531847722913e-01	   9.6195220217857658e-01	   1.0450424724424818e+00	   1.0796209809361634e+00	   1.0581335439113886e+00	   8.2481966527153594e-01	   9.2881663568563710e-01	   9.7327787457264403e-01	   7.7306802251928319e-01	   1.3762417839657917e+00	   1.2307441117138322e+00	   4.9489104660137373e-01	   5.1075581631357692e-01	   6.1996578778432121e-01	   6.8625437587628835e-01	   4.1860977719282777e-01	   5.2971047424182882e-01	   4.3353469190434241e-01	   3.5802395652012325e-01	   9.6289252554659077e-01	   8.5115624310953908e-01	   7.2201932360020293e-01	   8.5260980190674207e-01	   1.1527868469489175e+00	   1.1514295721756065e+00	   5.5485269109722557e-01	   6.3699359325109561e-01	   2.1477518074364441e-01	   1.0598874945582551e-01	   2.5307130016511170e-01	   3.5393875175790696e-01	   4.9102957587624574e-01	   4.5957967602448258e-01	   3.9637687153361462e-01	   3.7465723090752584e-01	   6.3112492973041290e-01	   6.0641059358594507e-01	   6.5269516751468015e-01	   5.0081804854753553e-01	   5.4213131732728692e-01	   4.6021381275270490e-01	   5.8210921219898426e-01	   5.6832607497037846e-01	   6.5004243974069886e-01	   5.9876303710033807e-01	   8.3055442911672361e-01	   5.8035128507980049e-01	   1.0803979828316503e+00	   1.0879724923682350e+00	   7.3710593569595395e-01	   5.7214123159494834e-01	   8.4950850053586557e-01	   8.3040675227577765e-01	   7.4149728693604600e-01	   9.9735656168550912e-01	   5.1290629479479788e-01	   6.6766900130521423e-01	   8.4722263159656874e-01	   7.8919779091453257e-01	   1.0106268032509285e+00	   7.5323584922948617e-01	   7.9575329541846651e-01	   6.8736126495444561e-01	   1.0388761948158385e+00	   9.4680494409410731e-01	   8.5978353740388358e-01	   7.4968710799952676e-01	   7.1573687919493179e-01	   7.8771861593020875e-01	   8.8644940156632068e-01	   9.9696672258147778e-01	   1.1156168385322676e+00	   9.9311841309171223e-01	   6.0762848779382006e-01	   6.4969742033616651e-01	   6.9643803345408495e-01	   8.0125065453811606e-01	   3.5882789293228967e-01	   2.9520079587735049e-01	   6.3216619557876308e-01	   8.5571440834722212e-01	   4.1012558296685936e-01	   1.0178531719370916e-01	   4.0721760683436459e-01	   3.1494704014124425e-01	   2.9853106298511795e-01	   2.2365879352441542e-01	   6.8965673210135370e-01	   6.8584560883897794e-01	   7.1864699136797727e-01	   4.0161804729520223e-01	   5.1038458291072464e-01	   3.6965736331958243e-01	   4.8158425110842162e-01	   3.6823586132039510e-01	   1.1688872125255236e-01	   1.0802011389962521e-01	   1.0157746539125855e-01	   6.6439910627015403e-02	   4.2336430399182362e-01	   5.1433538755837360e-01	   6.8016951417410987e-01	   5.8035919342312769e-01	   3.9265721328474507e-01	   4.8178617747369173e-01	   2.2452019531529949e-01	   1.7211153210800098e-01	
   1.4440791850982968e+00	   0.0000000000000000e+00	   7.6661182738937717e-01	   9.7690401408522987e-01	   5.7752847497360449e-01	   5.0518480760743745e-01	   8.3232424984876685e-01	   1.1167483637883282e+00	   6.5222409235603407e-01	   7.0311301052081887e-01	   7.7819859112908163e-01	   1.1227922599188824e+00	   8.7816280400266955e-01	   9.2452440252155466e-01	   7.3816597731054812e-01	   8.5541720998661486e-01	   1.0666723085117726e+00	   1.0670190339576517e+00	   1.1880966299086064e+00	   1.2567118980902789e+00	   5.3146756463754374e-01	   5.7269388031983048e-01	   5.1059488352641291e-01	   6.0129337714091291e-01	   3.1717467029419183e-01	   4.6514379697288311e-01	   3.4968095938228405e-01	   2.4054854233442025e-01	   1.0459250884185465e+00	   1.0186640729393992e+00	   6.8848655249126955e-01	   8.7691631687573768e-01	   1.2240577817994553e+00	   1.3319204171827186e+00	   4.6314750465768983e-01	   5.7311534005008291e-01	   2.0980093439021777e-01	   1.6849334506358862e-01	   2.9833268130229618e-01	   4.6196130415947800e-01	   5.5610942022810483e-01	   5.3698069763829659e-01	   3.6466794119461332e-01	   3.7097713166375790e-01	   6.2548304451293668e-01	   6.3345944201086157e-01	   6.8904728972707008e-01	   5.0607453113899925e-01	   5.7214897649958585e-01	   4.6661304873977455e-01	   5.7692667586598689e-01	   5.4904741487266562e-01	   6.8291450679850219e-01	   5.9549673600025166e-01	   9.0565072676407632e-01	   5.8126534339233160e-01	   1.3190059566055059e+00	   1.2682429190166540e+00	   6.7249600191983927e-01	   5.4642728679085018e-01	   7.6321002805583216e-01	   8.4205877931839335e-01	   7.0405463067777752e-01	   1.1015613796706485e+00	   4.6578993877798258e-01	   6.7360795899305859e-01	   7.5910243856860926e-01	   7.4718040288199916e-01	   1.0111984564969685e+00	   7.8471586483540923e-01	   7.4926454194150882e-01	   8.1010802626309908e-01	   1.1295623189004635e+00	   1.0818300261114904e+00	   9.6558410488800595e-01	   8.3153593108571067e-01	   6.6214336852554989e-01	   8.3652596654564038e-01	   1.1265133307952790e+00	   1.1541040092460149e+00	   1.1719806059688893e+00	   1.1612046138158403e+00	   6.0764490179340303e-01	   7.4206202596408244e-01	   6.3751496699434751e-01	   7.9835260935636432e-01	   3.9710431886644781e-01	   3.1175246342056040e-01	   5.6584740033992187e-01	   8.1685794697945324e-01	   4.4301316143778541e-01	   4.7011844981176956e-02	   4.4979240835928430e-01	   2.2600694642365046e-01	   3.5208735773889671e-01	   2.7117637782685128e-01	   7.5826648257729734e-01	   6.8896862176543927e-01	   7.6045352520565435e-01	   3.7946933711708591e-01	   5.8605755237317048e-01	   2.9017019064095179e-01	   5.4955487165120553e-01	   3.4172486898790172e-01	   1.4156473893342322e-01	   6.9403640119259882e-02	   8.6893819652727369e-02	  -1.1177314088201549e-02	   3.6254939722280444e-01	   5.2837350492226576e-01	   6.3661008136477704e-01	   5.7552076233899552e-01	   3.9891375402928131e-01	   5.2885433068824295e-01	   2.6903567616119201e-01	   1.6447524547704753e-01	
   1.0162013417580666e+00	   7.6661182738937717e-01	   0.0000000000000000e+00	   1.1599068883918247e+00	   7.7686673256391647e-01	   4.6287670923930474e-01	   1.4533639194362997e+00	   9.3879614005093037e-01	   1.0343879151022852e+00	   4.5500374220708528e-01	   9.7179821036636060e-01	   7.1257106732843423e-01	   1.0710345500092602e+00	   8.8529033199972940e-01	   9.0581754167945416e-01	   8.4213456121342578e-01	   6.1712992530570787e-01	   4.2972751225328448e-01	   9.5739331516997539e-01	   7.0603324362253073e-01	   4.5257500331800504e-01	   3.5976396452195936e-01	   1.1916396910316243e+00	   1.0862405255114114e+00	   7.4097933345815348e-01	   7.1384598870001392e-01	   4.9957445528525124e-01	   3.9753623285122608e-01	   6.4137634317334835e-01	   5.7450666117590088e-01	   8.4778071323072046e-01	   8.0693531614083525e-01	   8.4339282562966644e-01	   7.8189655919136269e-01	   8.7694837594009256e-01	   7.6477128544693096e-01	   2.8284501374259319e-01	   1.8721498614212184e-01	   3.0982965604663781e-01	   3.1884009844520805e-01	   3.5781551695039499e-01	   3.6943625151241333e-01	   6.5545467419402736e-01	   6.2420048670014971e-01	   7.0509287423924127e-01	   6.5942808994938251e-01	   7.9109696455678435e-01	   6.9645503302040590e-01	   6.3401873539004838e-01	   6.4734701635075664e-01	   7.4757013018164720e-01	   7.1811819503437435e-01	   7.5485392099776649e-01	   8.3091960023791289e-01	   6.7376106086478638e-01	   6.8435707221859576e-01	   5.1283985287562417e-01	   5.9926785376977199e-01	   6.2096815744000600e-01	   4.6921057815599487e-01	   7.9267136548501016e-01	   6.9494105514664795e-01	   4.9904536242792918e-01	   6.7231058326267401e-01	   9.1890802805289784e-01	   7.2278537311664215e-01	   8.7745478773668439e-01	   6.9845682607638193e-01	   6.7308818904936352e-01	   5.9491774960099486e-01	   6.5426515842328314e-01	   5.6574889110394744e-01	   8.7634866725908922e-01	   7.3447562695943880e-01	   7.8201502668379519e-01	   5.5019320826973317e-01	   6.8833757962697839e-01	   5.9894672938835192e-01	   5.7498956016148650e-01	   6.2846418953380701e-01	   7.4239657508310908e-01	   7.6469791092297013e-01	   5.6464434393124485e-01	   4.7980752437137519e-01	   1.0004930079668668e+00	   9.8352282101047361e-01	   4.6419802368177193e-01	   5.1046858336639911e-01	   8.2901940589613821e-01	   9.6276134097661570e-01	   5.0543538278318711e-01	   3.2957433763530886e-01	   5.3072581898668691e-01	   5.6874003945286955e-01	   2.0703359519370645e-01	   1.2033251368464570e-01	   4.6289851767775142e-01	   6.0278237455010730e-01	   6.7142585342812255e-01	   5.0234519861835181e-01	   3.9710453376326355e-01	   4.8131435601859440e-01	   3.4543185248430880e-01	   3.6074776765253719e-01	   2.9814525490832927e-01	   3.7730010738411685e-01	   2.1215058907390838e-01	   1.8333532077077344e-01	   3.9347125151399326e-01	   3.8513667913845911e-01	   6.7645985033702838e-01	   6.9321648241426892e-01	   4.3203839182609893e-01	   4.7358751215150152e-01	   3.9863016502054244e-01	   1.8229241662067813e-01	
   1.0264552017111765e+00	   9.7690401408522987e-01	   1.1599068883918247e+00	   0.0000000000000000e+00	   8.3187563828051592e-01	   8.5793053729714075e-01	   1.3791881736003782e+00	   1.7716443450191262e+00	   1.1337738018935906e+00	   9.9231587918854458e-01	   9.7462271418358393e-01	   1.0746721367476406e+00	   1.1490479222325092e+00	   1.1434244339308652e+00	   1.0542168338939355e+00	   1.0898962431623791e+00	   8.7784000943161700e-01	   5.8583737188925511e-01	   1.0651603515806021e+00	   9.7481359303068049e-01	   6.4069346786086268e-01	   6.1308957065004099e-01	   8.5827061479549682e-01	   1.2658663070257345e+00	   7.2537580103149502e-01	   1.0236627006148860e+00	   6.1518991524898725e-01	   5.6295079659733394e-01	   8.3937040487387093e-01	   7.3638779628182782e-01	   8.9441921554416293e-01	   1.0556347278287792e+00	   1.0411708350871278e+00	   1.1458377558256128e+00	   8.4517700206600777e-01	   1.0544930475390120e+00	   3.4637113589812940e-01	   2.6195330930463562e-01	   3.6075222210660607e-01	   5.1110846688911638e-01	   5.3042836548108196e-01	   5.4840713032688693e-01	   5.2710567398396457e-01	   5.1189072718150308e-01	   6.9622701861970449e-01	   6.6113204349962806e-01	   7.9349119771993337e-01	   7.1528997512503645e-01	   6.4636687975590545e-01	   6.1676357460141629e-01	   7.9546474568737391e-01	   7.4435836536813460e-01	   1.0077962145197101e+00	   8.8801939375352512e-01	   9.2372084729582937e-01	   8.2680726194522802e-01	   6.8656046677449445e-01	   8.5851924859373030e-01	   8.3937518376256826e-01	   7.3057201197237620e-01	   9.7461777619154411e-01	   1.1048780152882518e+00	   7.8635486041964830e-01	   1.0713213234071430e+00	   7.9196225422450484e-01	   1.1475068523457885e+00	   1.0889762692149634e+00	   1.0432132701175993e+00	   8.2562285478662256e-01	   6.9029894722600049e-01	   7.9101598384632332e-01	   6.9082729823004063e-01	   1.0644083629733569e+00	   8.4248620579247224e-01	   8.4169673020281588e-01	   7.4022150062323355e-01	   6.7240990744788998e-01	   7.8361894192428927e-01	   7.8320247102842322e-01	   7.5743562717082391e-01	   9.9311277665505848e-01	   9.4297057184691213e-01	   7.4308782195550849e-01	   6.6650863579599873e-01	   8.6516479734468710e-01	   1.1782018615186136e+00	   4.5979684659727449e-01	   4.7043604529275146e-01	   8.8162557434027156e-01	   1.2485018756637660e+00	   7.6281712123767653e-01	   3.4687222941163043e-01	   8.3348332097806543e-01	   5.4134453258583792e-01	   4.0741490864372676e-01	   3.2021972182048680e-01	   7.4499648242946059e-01	   8.5304080482643829e-01	   9.1461874357632711e-01	   5.7754030104289888e-01	   6.8862702614735616e-01	   5.5924858422360113e-01	   5.8981602189036386e-01	   5.4579507378247916e-01	   3.5475535366932809e-01	   3.0688899523159818e-01	   2.5952741198638229e-01	   2.3199888379261455e-01	   4.6781859533799319e-01	   5.5681478863127287e-01	   8.5393968431916467e-01	   8.7636988807920968e-01	   5.7751276509065341e-01	   5.5502908597803435e-01	   4.2633356562141794e-01	   2.3886981741908098e-01	
   6.3725128862647207e-01	   5.7752847497360449e-01	   7.7686673256391647e-01	   8.3187563828051592e-01	   0.0000000000000000e+00	   7.3892121100206432e-01	   6.8352489645272363e-01	   6.7349964220976899e-01	   1.2379621675450325e+00	   5.5664094145324139e-01	   6.3864132851622557e-01	   6.1012813431019197e-01	   6.8550881025530397e-01	   6.0150041220424877e-01	   1.0518783096757012e+00	   8.4716535605219712e-01	   5.2029814747957304e-01	   3.3608123651271948e-01	   6.5629578314676174e-01	   5.6039957060373846e-01	   8.3074863659523412e-01	   7.1313188431641794e-01	   8.4418805254697160e-01	   7.9390895424728192e-01	   7.1930858485859084e-01	   5.6075107488306775e-01	   9.1979950429767909e-01	   6.9131388295839580e-01	   4.6326672639452610e-01	   4.9843887968470546e-01	   5.8083778180608781e-01	   5.4666012124289654e-01	   4.3175487119684303e-01	   4.9674397738791021e-01	   5.7203852027869251e-01	   6.0129872350929725e-01	   4.2026028471765559e-01	   4.5727230653407691e-01	   4.9487768036051105e-01	   4.8015776002333299e-01	   4.3291873058578439e-01	   3.9613660948543805e-01	   2.1066790796966198e-01	   1.6774195003089554e-01	   2.8051096801524256e-01	   2.8250205177439142e-01	   4.5336060559014857e-01	   4.0622898006704694e-01	   3.1468234536170836e-01	   3.6000021120912079e-01	   4.3555123926425232e-01	   4.5217051745762077e-01	   7.2330687215490286e-01	   6.9879327179951178e-01	   6.6565356665313613e-01	   5.2630683937754585e-01	   4.7172270369225067e-01	   5.6530854136516184e-01	   6.4051581464370688e-01	   5.0768061675177023e-01	   5.7197065633284383e-01	   6.1198664657677271e-01	   3.1413024487860997e-01	   5.4109944118702324e-01	   6.8023377256291517e-01	   5.6758836926448397e-01	   6.1299327299302808e-01	   4.9225911629067470e-01	   5.9755038026449925e-01	   5.2044416687314399e-01	   4.7512697940193704e-01	   4.6495249288788648e-01	   5.2732689604823091e-01	   4.2651399328831846e-01	   3.9152054925774027e-01	   4.5666561939119310e-01	   2.7827366218779720e-01	   3.0863930018133501e-01	   4.3580053082966008e-01	   4.8477260227888808e-01	   5.3146097354673494e-01	   6.8498070725595483e-01	   6.9021750662046988e-01	   6.6090286451778990e-01	   7.7274260508826664e-01	   8.1874773562593905e-01	   5.3619879647122171e-01	   5.8793356662526997e-01	   6.4933103721079333e-01	   8.0897836162387671e-01	   5.7968794414027891e-01	   3.7394102504867915e-01	   6.8995357016655945e-01	   4.9096232552115326e-01	   1.7418035912445401e-01	   8.4910774984731124e-02	   5.7533764534495990e-01	   4.8188308395237400e-01	   5.7891577103611669e-01	   3.0278507190891973e-01	   5.3830128859298498e-01	   3.6701905600430673e-01	   4.8706489389044438e-01	   4.2602873500597266e-01	   3.5248016582987018e-01	   2.8834019084426954e-01	   1.9763711443680637e-01	   1.4682237626474026e-01	   1.4910928224339079e-01	   2.1590282371475167e-01	   5.6102970805905861e-01	   4.8455511945890234e-01	   3.4025434930894860e-01	   4.2028926370141328e-01	   2.6227467410925204e-01	   4.1305403414698440e-02	
   5.1978476280466768e-01	   5.0518480760743745e-01	   4.6287670923930474e-01	   8.5793053729714075e-01	   7.3892121100206432e-01	   0.0000000000000000e+00	   6.3174421468506459e-01	   8.0337692886634038e-01	   6.7009946164071921e-01	   9.5057803760758675e-01	   5.4417313483679752e-01	   7.1883275538259472e-01	   6.2796129592954086e-01	   7.0438802864744210e-01	   8.6360832282768263e-01	   7.3096540429178669e-01	   4.1818620767031578e-01	   2.7273503333911825e-01	   4.6342496885819162e-01	   4.8425052748225306e-01	   5.2019338768987589e-01	   7.2421093199064435e-01	   4.4193259534119911e-01	   6.4821574398035231e-01	   6.9799125030172560e-01	   9.2434524353890823e-01	   9.0898917218955999e-01	   1.0140737232378536e+00	   4.0365090218645938e-01	   3.6246025214764777e-01	   3.7675657490184367e-01	   4.4395594396985960e-01	   4.2138670088030344e-01	   4.7916509122750978e-01	   5.4350168258687770e-01	   7.9917715753732166e-01	   4.0927022341834407e-01	   1.4588781385626412e-01	   3.7543808140334339e-01	   3.4306019768428869e-01	   5.8043116483073931e-01	   4.2346461401654767e-01	   2.6306607895991030e-01	   1.7670903029348456e-01	   3.1348343325274197e-01	   3.0170729756737413e-01	   4.4084415474354249e-01	   4.4817198767201172e-01	   4.2123802470098048e-01	   4.6096618980126847e-01	   6.2734880362315348e-01	   6.0201196219242581e-01	   8.2809663247604215e-01	   7.0553527619880019e-01	   7.1109184550051729e-01	   6.1337433725233281e-01	   3.5839115229167640e-01	   5.6090650579792423e-01	   8.0498168218887112e-01	   8.3169895856838294e-01	   7.0035916228965411e-01	   7.8196358492822715e-01	   6.3289175353293958e-01	   6.6107909829376454e-01	   4.2831573176854315e-01	   7.7249252106269373e-01	   7.5681317816412930e-01	   7.4587758310147845e-01	   6.0385689768348072e-01	   5.0257515822171350e-01	   4.0418452632019036e-01	   3.9502213649613033e-01	   4.9479384736906862e-01	   3.5571537315979274e-01	   2.8588129265027934e-01	   4.9405613578084762e-01	   3.3434047275383272e-01	   4.8420138649521938e-01	   3.3515020943738527e-01	   3.1931338997157316e-01	   4.8895523331785135e-01	   4.9113851663651809e-01	   5.5847895645388013e-01	   5.0413020513170226e-01	   4.9406987041652517e-01	   6.3708693177258735e-01	   4.1075973016400508e-01	   3.2403699693549504e-01	   7.3746590678093826e-01	   8.5322908263947017e-01	   7.3537599547112098e-01	   3.9849300288710371e-01	   8.4048894588212897e-01	   5.3529065603832404e-01	   2.1603626295560108e-01	   2.1640179100399617e-01	   5.0862466711483401e-01	   5.3764197314905049e-01	   6.2825545456770959e-01	   4.3878231264019096e-01	   7.4465557234413837e-01	   6.1162967766246246e-01	   5.7945394164149633e-01	   6.2644438355703769e-01	   4.1347115984341914e-01	   2.8848108561093311e-01	   4.5259032152621492e-01	   4.3571550108351353e-01	   1.7932699427070622e-01	   3.1269222475761649e-01	   6.1921159994037611e-01	   4.8968091360575688e-01	   4.7739777370212960e-01	   4.1843240961445138e-01	   3.2352524790185605e-01	   5.5289385480578906e-02	
   1.0380991093150735e+00	   8.3232424984876685e-01	   1.4533639194362997e+00	   1.3791881736003782e+00	   6.8352489645272363e-01	   6.3174421468506459e-01	   0.0000000000000000e+00	   1.3212826399996944e+00	   1.1141720324312019e+00	   6.8733627032219280e-01	   1.0826432382255233e+00	   8.1392301978328507e-01	   1.1607500267963429e+00	   1.0920440916193124e+00	   9.0867586273896184e-01	   8.6064526671897279e-01	   6.8991676636776011e-01	   4.5065870240370243e-01	   1.0143474805482977e+00	   8.0540134536190033e-01	   4.9659770242096901e-01	   4.0633404427977260e-01	   7.6148483925197497e-01	   8.9215033786691478e-01	   6.3786564107605692e-01	   7.9331285419861597e-01	   4.3761522405700826e-01	   4.1839518332026138e-01	   6.8733740057196591e-01	   5.8396517282874494e-01	   7.3820690894883334e-01	   8.0369739474069857e-01	   1.0028706310291802e+00	   9.7034149131254044e-01	   8.4906989972633051e-01	   8.5376274889304615e-01	   3.0299859097249870e-01	   1.5056566053056136e-01	   3.3831151793902564e-01	   3.6124531197381088e-01	   3.9765958713825300e-01	   3.6534800285359037e-01	   5.4621155568750157e-01	   5.3637636908307340e-01	   6.5884511965339287e-01	   6.1229784928346875e-01	   7.0583518763504838e-01	   6.1600213265894266e-01	   5.5558600240187483e-01	   5.6560699758465804e-01	   7.3446503109303651e-01	   7.0104008920170657e-01	   7.5174367405460119e-01	   7.3248022352771724e-01	   7.5216064662259607e-01	   7.3129324781927629e-01	   5.4738539966696120e-01	   6.5242827546115767e-01	   7.1404064750411722e-01	   5.6397305102573114e-01	   1.0227457959703157e+00	   9.3716811440855963e-01	   5.8573531909156040e-01	   7.9403864523350609e-01	   8.3727229590598373e-01	   9.5947538376636266e-01	   1.0166403760454956e+00	   8.7029287705661529e-01	   7.1557272184725540e-01	   6.0746666967957363e-01	   7.8397364293185523e-01	   6.2677339935038845e-01	   9.7017356363467389e-01	   7.7727141138083999e-01	   7.5734169042169086e-01	   6.4478951409586227e-01	   7.1750262529781805e-01	   7.7723687637735484e-01	   5.6592762707778921e-01	   6.4656649641213970e-01	   7.5469589043405616e-01	   7.6237871199285800e-01	   5.0779211166295468e-01	   4.4773205314796216e-01	   7.7810640260041186e-01	   9.6264024969176287e-01	   3.6801819873265895e-01	   3.9839219187873109e-01	   8.1309200803569293e-01	   9.9794694569221387e-01	   4.7382636116107540e-01	   2.5091894549734800e-01	   5.2284440085066075e-01	   4.8177612804823738e-01	   2.8019142336203545e-01	   2.0794552888336801e-01	   5.4387899610387791e-01	   7.3756956603050650e-01	   6.3999315526292988e-01	   4.9553590019241178e-01	   4.9481954261293326e-01	   4.5616328072755419e-01	   4.0967259495187303e-01	   3.8599016355398164e-01	   2.9024243019294027e-01	   3.0626767287892531e-01	   1.8800485620900761e-01	   2.1005825901065453e-01	   5.2217220793327501e-01	   4.6560651594789582e-01	   7.1430661774727011e-01	   6.7829780659628447e-01	   4.5400294364862737e-01	   4.7467598351539964e-01	   3.8295516174585287e-01	   1.7094165688716695e-01	
   1.1219899761878298e+00	   1.1167483637883282e+00	   9.3879614005093037e-01	   1.7716443450191262e+00	   6.7349964220976899e-01	   8.0337692886634038e-01	   1.3212826399996944e+00	   0.0000000000000000e+00	   9.6377523224880768e-01	   1.1196191619036000e+00	   1.0378642576941093e+00	   1.2667278542340978e+00	   1.1730084214949479e+00	   1.2670964155361018e+00	   9.3365373604456670e-01	   1.0431694104333231e+00	   1.0583434888179615e+00	   7.2058880185757213e-01	   1.0839994267289321e+00	   1.0188856975512299e+00	   6.1274025815121935e-01	   6.2510988039681337e-01	   5.9748926452388673e-01	   8.8895292587416563e-01	   5.1649341833828122e-01	   8.1008292527332315e-01	   4.7100920122605416e-01	   4.2819046033010388e-01	   1.0221954982198529e+00	   8.7672348809611234e-01	   8.2048708143427951e-01	   1.0472042540529265e+00	   1.1218272688964714e+00	   1.3284496049145289e+00	   6.2912698305913783e-01	   8.2530356962088924e-01	   2.5997209126513832e-01	   1.8850435308952757e-01	   3.3916736015769866e-01	   5.0586102785193598e-01	   5.4311286761365118e-01	   5.4660357341423937e-01	   4.2467997820027015e-01	   4.3485986579349756e-01	   6.2016290829359644e-01	   6.0257366527489320e-01	   7.0843311102199180e-01	   5.9489694203005272e-01	   5.8704607094057004e-01	   5.2298728664092486e-01	   7.0713404963716109e-01	   6.7664698280606861e-01	   8.5292758077002073e-01	   6.9055535893996978e-01	   9.0978890378432542e-01	   7.2193924710328716e-01	   7.9080108917172132e-01	   9.1725846584492987e-01	   7.4907889150951790e-01	   6.8738306158751483e-01	   9.4943463271895245e-01	   1.2167471136972092e+00	   8.8044133009989833e-01	   1.2620591180426062e+00	   6.1421201204705644e-01	   1.0612304648820390e+00	   9.2976530707973437e-01	   9.6542493969341547e-01	   7.6360887470600991e-01	   5.8887952208430561e-01	   8.7659744055396138e-01	   7.6548343029065624e-01	   1.1954472535379905e+00	   9.7918288946364385e-01	   8.9245458964415092e-01	   8.4741817130369879e-01	   6.6548186499151440e-01	   8.3940840416629392e-01	   8.7479180779088683e-01	   8.2825566140740481e-01	   1.1148667067373526e+00	   9.8936052528771201e-01	   6.8949002431556428e-01	   6.5850812078425003e-01	   6.9247801338750126e-01	   1.0178437833219616e+00	   4.2513456663843702e-01	   3.4886823896977781e-01	   7.4338080603571610e-01	   1.0531269510912304e+00	   5.8817584443012727e-01	   1.8432980245628391e-01	   6.6131034567743363e-01	   3.8151575419007211e-01	   4.0308064670963051e-01	   2.9518004125627156e-01	   7.5758699429147758e-01	   8.2884438168441421e-01	   7.9679968246789401e-01	   4.8110189726771735e-01	   6.9869980244285157e-01	   4.2958769135415242e-01	   5.7507905588951469e-01	   4.7447193719877612e-01	   2.5650390685572960e-01	   1.7461424136936268e-01	   1.4864700893555088e-01	   1.2941863753770103e-01	   5.0639050609247915e-01	   5.9232708251290811e-01	   7.7799815762552804e-01	   7.2062042130295667e-01	   4.8116317980564388e-01	   5.0812575147656036e-01	   3.5785120305956974e-01	   2.0339027875917323e-01	
   7.0518405254259298e-01	   6.5222409235603407e-01	   1.0343879151022852e+00	   1.1337738018935906e+00	   1.2379621675450325e+00	   6.7009946164071921e-01	   1.1141720324312019e+00	   9.6377523224880768e-01	   0.0000000000000000e+00	   7.2530731128605397e-01	   9.1130733067659486e-01	   7.1339707168456479e-01	   9.1753072218316023e-01	   8.8824668989192845e-01	   1.2401522275175139e+00	   1.0804312486092407e+00	   6.3407554038341385e-01	   3.6828232330457145e-01	   8.9067093750974580e-01	   7.1573164087408914e-01	   7.5659097413354182e-01	   5.9325523199029706e-01	   9.1751131076631787e-01	   9.7889052116437092e-01	   7.1379813774706991e-01	   7.0920199234932424e-01	   6.6931800480738768e-01	   5.4978544169501853e-01	   6.2243551109225370e-01	   5.8601380614011789e-01	   8.1820307778340196e-01	   7.9289097528947705e-01	   5.9941497785943265e-01	   6.6356976165480819e-01	   7.0303294038272413e-01	   7.3320731640204784e-01	   4.4454147257644550e-01	   4.4591841818260297e-01	   4.3111839365510740e-01	   4.8009148980302052e-01	   4.1269077289189504e-01	   4.3078669045162232e-01	   3.6809335824335365e-01	   3.3156217877609168e-01	   4.2619273760522491e-01	   3.9354743941327452e-01	   5.7367707736904849e-01	   5.2519946962120845e-01	   3.6813633823918190e-01	   3.6353430852710916e-01	   4.9809928806333953e-01	   4.4009260168403164e-01	   7.7821921117840420e-01	   7.4238192121136370e-01	   7.5980693462296278e-01	   6.5389288989402883e-01	   4.6762797711464232e-01	   5.3744868108432564e-01	   5.6982621013788726e-01	   3.8197744558290381e-01	   7.1852956178744498e-01	   7.2672815300834304e-01	   3.4529147141089717e-01	   6.0890301796726543e-01	   8.6023127581266079e-01	   7.1738029918257784e-01	   6.9487172031445898e-01	   5.5051421340745244e-01	   6.3359000925769993e-01	   5.5631910216344160e-01	   6.9409519133492348e-01	   6.0516782848935502e-01	   7.2979419381803945e-01	   5.7580313791048787e-01	   5.7425837191574736e-01	   5.2335853668515597e-01	   5.2324099685042680e-01	   5.4049068460084104e-01	   5.0162062674708818e-01	   5.5806804610596805e-01	   6.6892476151233360e-01	   7.8784065267093517e-01	   7.2295784923522599e-01	   6.8934603514467341e-01	   9.4001442547474157e-01	   1.0647942534168580e+00	   3.8122038133114894e-01	   5.5148700330795475e-01	   8.5767989900559427e-01	   1.0215492438878511e+00	   6.9305441521994771e-01	   4.0409086159341706e-01	   7.6772400677620212e-01	   5.6161189960222213e-01	   2.9803184223240842e-01	   2.1493811704688384e-01	   6.7277982802251268e-01	   6.7740377481280323e-01	   7.4720646078734265e-01	   4.3073804857547143e-01	   5.0920364771003102e-01	   4.6210024177994119e-01	   4.7042353264188180e-01	   4.6885960172193020e-01	   3.3714688977966439e-01	   3.3388718560775432e-01	   2.4637058343079335e-01	   2.1361359999574500e-01	   3.4327390828976045e-01	   3.7631924810271722e-01	   6.9884444837750659e-01	   6.8386934855587844e-01	   4.8076961608769508e-01	   4.9515981270697329e-01	   3.4794577209448080e-01	   7.7739253568490721e-02	
   6.7846531847722913e-01	   7.0311301052081887e-01	   4.5500374220708528e-01	   9.9231587918854458e-01	   5.5664094145324139e-01	   9.5057803760758675e-01	   6.8733627032219280e-01	   1.1196191619036000e+00	   7.2530731128605397e-01	   0.0000000000000000e+00	   6.7567546684494928e-01	   9.1743018019734535e-01	   8.0574218655686014e-01	   8.5401614759965705e-01	   7.9494354437309955e-01	   9.4110918115166797e-01	   7.7496516183045450e-01	   5.0359987683150154e-01	   8.0204753288881148e-01	   8.4943516429871568e-01	   4.9444090021506437e-01	   5.9582576876791538e-01	   3.6313478059453369e-01	   6.1192519494487319e-01	   3.9209536113176735e-01	   7.3144379228913026e-01	   5.0009396642761172e-01	   5.0067903484411247e-01	   8.0537004599214845e-01	   6.9497476148317028e-01	   6.9596651132280807e-01	   9.1735057116658147e-01	   6.2551247933240151e-01	   8.2097541665454321e-01	   3.5983912120870221e-01	   5.9452186798830775e-01	   2.6250920978094688e-01	   1.5356862228354684e-01	   1.4237005822554341e-01	   3.7130296569938986e-01	   4.6763994599372244e-01	   5.3140647164435340e-01	   1.6969877505369060e-01	   1.2678956033602137e-01	   3.3294490138961330e-01	   3.0449773597990742e-01	   4.0721363133525412e-01	   3.5853098237089909e-01	   3.2166844799165750e-01	   2.6785512143542628e-01	   3.8938050796313761e-01	   3.7324968881370763e-01	   6.1200863398056882e-01	   4.8207104588363414e-01	   6.2266075154719436e-01	   4.9865475471997467e-01	   5.6810529648711683e-01	   7.0363735307888242e-01	   5.4769253781381466e-01	   5.0483415614397353e-01	   5.7408491683497775e-01	   7.9516692363197117e-01	   6.9346039658608094e-01	   9.6805664510170475e-01	   2.9750310479441489e-01	   6.3285215780821480e-01	   5.6619355819953576e-01	   6.2309935284033136e-01	   6.9041497485656078e-01	   4.9932125418870443e-01	   6.5305324417179011e-01	   5.6046229622642429e-01	   7.8329427087292858e-01	   6.2385035202660111e-01	   6.4307062107545332e-01	   7.2464700060979770e-01	   5.3944209125778797e-01	   6.6283296133180514e-01	   6.1773189387705330e-01	   5.4083652590837961e-01	   8.5485324250176098e-01	   6.9222195935917552e-01	   6.0858466448860871e-01	   6.4495014840884857e-01	   4.1771991065835568e-01	   6.3997532230654397e-01	   2.3196707617875947e-01	   1.9264901462293776e-01	   5.3257077948224740e-01	   7.4169418823686573e-01	   6.8726497575524215e-01	   2.3946294040575583e-01	   6.9201040096087041e-01	   3.2476695326881877e-01	   3.7824898062654083e-01	   3.1741244348580588e-01	   6.8205658688176984e-01	   7.0026856595468912e-01	   7.4420948553275146e-01	   4.2551813206492289e-01	   6.4368406507113796e-01	   4.1761479739225477e-01	   5.5397260173820662e-01	   4.9604538631604733e-01	   2.1200989640411155e-01	   6.8011049793261780e-02	   1.8916671027438034e-01	   2.2820217268506843e-01	   3.0298452936144182e-01	   5.5839179945098338e-01	   7.7967503171889840e-01	   6.5574131725428364e-01	   4.7399499530154382e-01	   4.3971457636784284e-01	   2.8563408785967664e-01	   1.5453120505998927e-01	
   9.6195220217857658e-01	   7.7819859112908163e-01	   9.7179821036636060e-01	   9.7462271418358393e-01	   6.3864132851622557e-01	   5.4417313483679752e-01	   1.0826432382255233e+00	   1.0378642576941093e+00	   9.1130733067659486e-01	   6.7567546684494928e-01	   0.0000000000000000e+00	   1.1391143117926892e+00	   1.6748962267027976e+00	   1.4075858806248986e+00	   1.1302197220961923e+00	   1.2340817273992959e+00	   8.7523081529931535e-01	   5.9339437723758692e-01	   9.1537591727752754e-01	   6.8021040790125131e-01	   4.4115137244381347e-01	   3.2847671942109807e-01	   7.9448968723978153e-01	   8.9598971709302277e-01	   5.5202740581688747e-01	   6.0706310732632063e-01	   4.5439886623078268e-01	   3.4941085644793751e-01	   9.6167887512305539e-01	   8.0364111081652445e-01	   9.3354431833437579e-01	   9.2259220073816217e-01	   7.1496676673567738e-01	   7.3012293805007455e-01	   5.4734844540474847e-01	   6.1728179937712513e-01	   3.3660735500858779e-01	   2.4397285428165011e-01	   4.3271004221560389e-01	   4.0856953593025275e-01	   5.2256956270716881e-01	   5.6508105557616584e-01	   5.4894811311654090e-01	   4.9616564716143147e-01	   5.1122781047197219e-01	   4.9098153378413023e-01	   7.1454606993681646e-01	   6.2860544598343415e-01	   5.5514904089914197e-01	   4.8181223497824599e-01	   6.9259368320399894e-01	   5.7353923538593587e-01	   7.9323102981722093e-01	   6.3458296846028672e-01	   8.2659881570934335e-01	   6.2251342888782302e-01	   5.8753371449900060e-01	   6.7945489843179729e-01	   7.0682202298170260e-01	   5.1230663254537911e-01	   9.9314517043072059e-01	   9.7409791456364414e-01	   7.1456292037639935e-01	   7.9511675525523429e-01	   7.7457872683413909e-01	   7.7396867697968441e-01	   6.8508231383528018e-01	   5.7121249735674184e-01	   5.2536356258502637e-01	   3.4925954092275846e-01	   7.7427824158392544e-01	   6.5125978265283058e-01	   9.7347718380016068e-01	   7.4974702440824070e-01	   8.4193859038862473e-01	   5.2397776929321283e-01	   5.3476239912444024e-01	   6.5201665831295907e-01	   6.9691937633475398e-01	   7.7745226735944373e-01	   9.0743404912064185e-01	   9.6784492564952440e-01	   8.3687377369218741e-01	   7.6370388283425894e-01	   9.9089035666030822e-01	   1.0416401649921760e+00	   4.7211176406433780e-01	   3.9148524454727579e-01	   8.5572896506313123e-01	   9.1645932938562891e-01	   4.9371727407599209e-01	   2.4748174933028327e-01	   5.4067419430105101e-01	   4.3400389097372671e-01	   2.4167553722255197e-01	   1.2244298375691767e-01	   6.8199602142628091e-01	   5.5072863248154147e-01	   7.2002147287124851e-01	   4.1997339788828530e-01	   4.6453459647555523e-01	   3.8454369243960695e-01	   4.0922583108315441e-01	   3.2769204857313922e-01	   8.7352072625763832e-02	   1.6828307329181866e-01	   1.3085163201693240e-01	   1.4631976611439865e-01	   2.7601311274194179e-01	   3.4712231406958571e-01	   5.0534065074968659e-01	   4.8911807799115459e-01	   4.1728197069680451e-01	   4.6636625508700014e-01	   3.2918274101800804e-01	   5.9760829842524982e-02	
   1.0450424724424818e+00	   1.1227922599188824e+00	   7.1257106732843423e-01	   1.0746721367476406e+00	   6.1012813431019197e-01	   7.1883275538259472e-01	   8.1392301978328507e-01	   1.2667278542340978e+00	   7.1339707168456479e-01	   9.1743018019734535e-01	   1.1391143117926892e+00	   0.0000000000000000e+00	   1.2463288526164051e+00	   1.3145797538500634e+00	   9.0496004812054276e-01	   1.1828668115601182e+00	   1.1419983795567781e+00	   9.6153554696199395e-01	   9.3584247137945287e-01	   8.6589494873386219e-01	   5.5873423280784429e-01	   6.3223691861055331e-01	   5.3836170923979076e-01	   7.3652015734365994e-01	   3.8008123581364056e-01	   5.7190832363315158e-01	   4.4112636629969731e-01	   3.2653988657030908e-01	   1.2489586228445679e+00	   1.2229071102079812e+00	   7.9306676934787168e-01	   9.9356298862923120e-01	   7.9692971741811536e-01	   9.5284254354290443e-01	   3.6923050107183414e-01	   5.6195071428310128e-01	   2.6272966134054448e-01	   2.0830524210925841e-01	   4.2648822879076154e-01	   5.0890226750156820e-01	   6.6768712176175204e-01	   7.3644863762457746e-01	   4.1836846202968014e-01	   3.5263441527362577e-01	   4.6886648803251785e-01	   4.5166510028778156e-01	   6.8090798367407779e-01	   5.6349256795370350e-01	   5.6836100620952412e-01	   4.6072678745477136e-01	   6.4279646559457593e-01	   5.5768060588841217e-01	   8.7858111340038314e-01	   6.0887599151733163e-01	   9.7822753080307834e-01	   5.8085627647276472e-01	   9.0404720657744275e-01	   1.0933937726329550e+00	   7.8008886361068819e-01	   7.1460074468446977e-01	   9.4209506092899065e-01	   1.1676617201482005e+00	   1.0053471449960620e+00	   1.3355421709762423e+00	   4.7639279929623901e-01	   7.8458028316686512e-01	   6.5423694916522390e-01	   6.6080829384167727e-01	   6.3028979969739307e-01	   4.1311919279786524e-01	   6.8036440394706066e-01	   7.1393006559882521e-01	   1.1763963428537296e+00	   1.0695296575852704e+00	   8.5346264857474674e-01	   8.0061858531292263e-01	   5.5813283628287824e-01	   7.2323939213474697e-01	   1.0272568777449729e+00	   1.0110349554714217e+00	   1.1931461223702224e+00	   1.1838650192230618e+00	   8.6879967967355753e-01	   9.2073296418248163e-01	   7.1424469965871740e-01	   8.4849004686722607e-01	   5.2315377953878783e-01	   2.8059486163858655e-01	   7.4143447135998319e-01	   9.1162880908084443e-01	   5.6730314535733251e-01	   1.6705440208400735e-01	   6.0237822152543163e-01	   3.0254629537491945e-01	   2.7761417587699833e-01	   1.3722410949208166e-01	   8.1014816282082291e-01	   5.6520297131142161e-01	   8.4648829907590695e-01	   3.9113219518395831e-01	   7.6402680943377699e-01	   3.5691011753328622e-01	   5.8648826129798726e-01	   4.2446395406422566e-01	   9.4803540910603043e-02	   3.6208261270034299e-02	   1.9098166680751658e-01	   5.5117844015985684e-02	   2.0440884248468238e-01	   4.1517384563155951e-01	   5.8348585759330085e-01	   5.0254942952722625e-01	   3.5989788217854907e-01	   4.9448885306056134e-01	   2.6360019191685680e-01	   4.9180976018171410e-02	
   1.0796209809361634e+00	   8.7816280400266955e-01	   1.0710345500092602e+00	   1.1490479222325092e+00	   6.8550881025530397e-01	   6.2796129592954086e-01	   1.1607500267963429e+00	   1.1730084214949479e+00	   9.1753072218316023e-01	   8.0574218655686014e-01	   1.6748962267027976e+00	   1.2463288526164051e+00	   0.0000000000000000e+00	   1.3482923223906691e+00	   1.1661107405479230e+00	   1.2424925916271266e+00	   9.4295271035687467e-01	   6.5327603466181472e-01	   9.6500487514893407e-01	   7.8755140770964216e-01	   4.9069235631427688e-01	   4.4571120049727447e-01	   8.0197291266848081e-01	   9.4021498580896568e-01	   5.3761718322485130e-01	   6.3906344672184257e-01	   4.5607264455136759e-01	   3.6386298469197675e-01	   1.0156143563707745e+00	   8.5151902606784913e-01	   8.4997247176738877e-01	   9.3461185073224018e-01	   7.8598331342378314e-01	   8.3376538299034331e-01	   5.8888935158189260e-01	   7.0330399048319803e-01	   3.6246216736829007e-01	   2.6625624691594030e-01	   4.1732242555810434e-01	   4.7620299941478866e-01	   5.6190626712932501e-01	   5.8214338494536222e-01	   5.8348443245709247e-01	   5.4215951205661050e-01	   6.0301022625323975e-01	   5.7950746479829218e-01	   7.8293574550124667e-01	   6.9519228011948841e-01	   6.1575225331666772e-01	   5.6647709875086338e-01	   7.3963880796993942e-01	   6.7161094007700406e-01	   8.5021459814743361e-01	   7.6787621141685014e-01	   8.6431181100546950e-01	   7.6984363575829395e-01	   6.7545833715725834e-01	   8.3483997099904339e-01	   8.0189525893328917e-01	   6.5514199427745790e-01	   1.0436652674636666e+00	   1.0692575338160377e+00	   9.0978095926606206e-01	   1.0520089189561559e+00	   7.1976306810835888e-01	   8.8185831732563325e-01	   8.2097863219049594e-01	   7.4824703062289533e-01	   6.6124751568756035e-01	   4.8231825455516086e-01	   6.9468993701610360e-01	   5.9389369394769465e-01	   9.9107939142542401e-01	   7.9823592516420061e-01	   8.3951924965090075e-01	   6.3393715709517307e-01	   6.4799051536285857e-01	   7.1609177304451754e-01	   7.9356130583045348e-01	   8.7024994235775455e-01	   1.0667800239938872e+00	   1.0654646512590626e+00	   8.8409515982829623e-01	   7.8198935783737544e-01	   9.4772913846394213e-01	   1.0543004109473444e+00	   5.3032135054697205e-01	   4.5201896474587205e-01	   9.6503486610257949e-01	   1.0978672452446605e+00	   5.8986489712382117e-01	   3.4426645594433219e-01	   6.2356754832373695e-01	   5.1309812047108960e-01	   2.6884448868239053e-01	   1.5415502421223154e-01	   6.6259421682626307e-01	   6.5303859510110107e-01	   8.5501625551854499e-01	   5.4709347958084287e-01	   6.0349512954838935e-01	   4.8511896364660534e-01	   5.5032187610160310e-01	   4.6567050709399549e-01	   2.1274401736651360e-01	   2.5027118833181811e-01	   2.2538172070893861e-01	   2.2227587193897805e-01	   3.0740498142449196e-01	   3.8606991821111603e-01	   5.9560624357749581e-01	   6.4631571945155053e-01	   4.9146165883003412e-01	   5.4974603239869624e-01	   4.2690437061254921e-01	   1.1213303389281115e-01	
