   0.0000000000000000e+00	   8.2123792435260501e-01	   1.6468284353788143e-01	   1.1377119946604676e-01	  -7.5365165181074500e-02	  -4.7860442553038764e-02	   1.0711071039548385e-01	   1.2204660633968506e-01	   6.2125615867072617e-02	   6.1091684218057045e-02	   5.7490308791288447e-01	   5.3976499711551429e-01	   3.1179184998836518e-01	   4.5606726279139026e-01	   2.2675749010707680e-01	   7.8526393219309640e-02	   6.4100950589370265e-01	   7.0071889534823883e-01	   8.6176611075137421e-01	   7.9864796457069587e-01	   4.2206082194588113e-01	   3.1944401499437958e-01	   1.4167336125869404e-01	   1.0784536247258270e-02	   9.1213006789736498e-02	   4.4366923477918438e-03	   2.7353334884615255e-01	   2.0465325224710246e-01	   3.2123931125431154e-01	   2.8755901732945227e-01	  -2.0768865582411866e-02	  -4.7318161511246723e-02	   6.5175080898923443e-01	   6.0446487161672480e-01	   1.6151424727382799e-01	   2.6966995129848823e-02	  -5.0049383171598266e-02	  -1.6089377204978461e-01	  -1.2671415273161782e-01	  -7.5877021227346464e-02	   3.4473311096085646e-02	  -7.9575369981699978e-02	   6.9948563561855581e-02	   2.0448915392343464e-01	   1.1884687733723422e-01	   1.1560552789779728e-01	   1.7500880085339332e-01	   3.0945841098726912e-01	   1.0833440721148588e-01	   1.7358520591192075e-01	   1.2387895222672490e-01	   1.8774507306910809e-01	   1.5877018420729394e-01	   3.0395822093938613e-01	  -9.1654976483338708e-03	   3.6807561155056240e-01	   1.3232567096326939e+00	   8.7957157204649428e-01	   3.3494547644637912e-01	   2.2091402140135047e-01	   2.6942001082077366e-01	   2.2154524840407641e-02	   4.9233612350753919e-01	   6.5506902381625620e-01	   1.9019153224516409e-02	  -1.3321062129505820e-01	   2.3719082820203780e-01	   1.6228999155030019e-01	   7.7962534722855192e-01	   4.0910299485590274e-01	   1.2562294545465300e-01	  -5.4571525464282421e-02	   1.2483297491573436e-01	  -6.1496029141253537e-02	   1.5916704325981321e-01	  -4.8387529316656852e-02	   2.8179542590763296e-01	   2.1091149214167298e-01	   4.7506798907351278e-01	   2.7483904970838469e-01	   4.8776096667730739e-01	   3.8751223579243727e-01	   1.6072458612771051e-01	   3.2539525563339594e-01	   3.6464575475505218e-01	   1.5728730164009591e-01	   1.1769859564871281e-01	   1.3603447583116449e-01	  -6.0836240156321046e-02	   7.8450053377173978e-02	  -1.9029860051020092e-01	  -1.5714547115352814e-01	  -3.4127659566810115e-01	  -2.1957591883960331e-01	   2.3994752368610750e-01	   7.7557761426488223e-02	   2.1885927470953367e-01	   4.3318630957646737e-01	   8.5755909141216655e-02	   1.9294174733678560e-01	  -2.3883222015263972e-01	  -1.5804801260950313e-01	   2.1209996276631792e-02	   7.8544282721820763e-02	   4.9831191721229601e-02	   3.3659150759140416e-02	  -2.3130438659521713e-01	  -1.1487135406170845e-01	   3.6246989604702662e-01	   3.1882518182846636e-01	   8.9746161410896780e-02	   3.6316234252259660e-03	   1.1889516380691906e-02	   1.9932416074334536e-01	  -8.2433090386497002e-02	   2.3049015409412441e-01	
   8.2123792435260501e-01	   0.0000000000000000e+00	   1.0526083532397819e-01	   2.4037767721724376e-01	   1.6974179876742088e-02	   1.0246263484183046e-01	   1.2743140266267050e-01	   2.5008926747663407e-01	   1.9541734893263363e-01	   2.8243815888516877e-01	   3.6183216933814183e-01	   5.4732741132540230e-01	   3.0434011930971588e-01	   4.6817330129692597e-01	   2.9986101857111702e-01	   1.0720419759940820e-02	   4.9574115169090405e-01	   6.1484819991269934e-01	   4.9240452863231454e-01	   6.6082427983453218e-01	   3.7864456456473355e-01	   2.1183222695336418e-01	   8.3478377661159009e-02	  -1.1796151100358894e-03	   1.2636255022362447e-01	   9.4530645999938004e-02	   2.8542082792043727e-01	   2.1997495159949237e-01	   3.2947962006791204e-01	   2.3419153446745378e-01	  -1.0512041607962055e-01	  -7.5953864367324084e-02	   4.4938095068385964e-01	   4.3661668980795010e-01	   1.3902579669555681e-01	  -4.2928764928956357e-02	   3.7363531105388632e-03	  -1.2902168134062572e-01	  -1.1552126448872661e-02	   9.9917433827149460e-02	   5.8381176189569874e-02	  -6.0137390532793579e-02	   3.2536888140952564e-04	   1.3153333892109048e-01	  -1.8446405317290894e-02	   3.2240963918749907e-02	   1.8344230634541339e-01	   2.6691730313784351e-01	  -4.2067666226651208e-02	   2.2854569369495947e-01	   3.5688782443447731e-01	   4.1726310265887412e-01	   3.1047143404414157e-01	   3.6435882120010404e-01	   1.2672965193072097e-01	   3.7175972909677929e-01	   8.7126452552634448e-01	   1.3016951045943133e+00	   4.8179745547475639e-01	   5.3892809424357746e-01	   3.0721757345809986e-01	   2.4146200467303447e-01	   1.9142209713225672e-01	   3.1888133253353385e-01	   1.1724496380051375e-01	   9.3713859789894640e-04	   2.3420212398560780e-01	   1.6335653847533466e-01	   8.0009201989089462e-01	   5.0528422364239967e-01	   1.6650668996581630e-01	  -9.7700609867627922e-02	   7.6030736492336826e-02	  -1.4674558431823756e-01	   1.1324282491948864e-01	  -5.6908320909484333e-02	   1.6697048858765665e-01	   1.5438249092060635e-01	   5.7288726794548472e-01	   3.9975375088935750e-01	   5.3107603780730939e-01	   3.6847785146905376e-01	   1.5084275661782226e-01	   1.8139194541503173e-01	   4.5876531164620027e-01	   2.1423283471504279e-01	   1.4155857908570446e-01	   1.4975409143250634e-01	   1.7492752110437523e-01	   2.7501151902686782e-01	  -1.4365903960458645e-01	  -2.0480023131989378e-01	  -2.5175476605088620e-01	  -1.7059768052196908e-01	   1.3062131037267360e-01	  -3.9499601806591941e-02	   2.7546594296802224e-01	   1.8373600214674235e-01	   7.7034874074801557e-02	   1.7103960041366860e-04	  -1.2503099476758150e-01	  -1.9640544315143640e-01	  -1.9961028011502503e-02	  -7.0932590569400072e-02	   1.0566834251819136e-02	  -8.1183057011626203e-02	  -3.0059179895194266e-01	  -1.8712531040943631e-01	   2.8540010889109979e-01	   2.2810374393610311e-01	  -1.1166149941662047e-01	  -2.3568320154877978e-01	  -1.4677600349450126e-01	  -4.7477418656928838e-02	  -1.7850385641714861e-01	   1.5346852631903579e-01	
   1.6468284353788143e-01	   1.0526083532397819e-01	   0.0000000000000000e+00	   7.0638277708579422e-01	   7.3429480566717342e-01	   3.6977508310643653e-01	   7.6880314597267141e-01	   3.7465886455742109e-01	   5.8085044135194663e-01	   1.4350866843231583e-01	   4.4114685733006226e-01	   2.7056520476598789e-01	   5.5215079119074084e-01	   2.8585547216635393e-01	   7.9638540541376468e-01	   7.0354520051883329e-01	   3.4887096387092725e-01	   2.8438600218733884e-01	   2.8523207262217609e-01	   2.4884068082018032e-01	   3.4120515755853864e-01	   4.3139738837984054e-01	   6.9319462722250269e-01	   5.7711016285935268e-01	   4.3587181066920128e-01	   3.0815294945268018e-01	   4.9457648076498639e-01	   2.9256889778155148e-01	   3.7354860919985944e-01	   4.1285788605298412e-01	   5.6486216796375932e-01	   5.0793812196281829e-01	   4.8772257182145085e-01	   4.9781081375921959e-01	   5.9202898910386748e-01	   6.5588414904617409e-01	   4.1662806009604481e-01	   4.6160960196813411e-01	   2.1041158394261331e-01	   3.3981388198817125e-01	   3.1786658046131111e-01	   4.2216562698080484e-01	   4.2655024729785501e-01	   3.5986166443481193e-01	   4.4142535099818231e-01	   5.7173832669126634e-01	   3.1956465399905942e-01	   4.7355968832565981e-01	   1.2012207578721663e-01	   2.1664914590901144e-01	   3.3430461682337176e-01	   3.4614327661486938e-01	   5.4324752773767027e-01	   6.3357926899261097e-01	   4.3717583075974176e-01	   7.0297750646947388e-01	   2.2648285776335658e-01	   2.0971967433727981e-01	   3.4759133013750010e-01	   3.5604585438921466e-01	   4.2064563209585742e-01	   1.2765827691385556e-01	   4.2694390026202228e-01	   4.5067297447517968e-01	   5.7219520435705795e-01	   4.4260379757717405e-01	   7.9043716394440644e-01	   7.2382779182552925e-01	   1.4010292021238652e-01	   5.0936778298627661e-01	   6.8875018753520045e-01	   4.8527672350563184e-01	   5.7162794898098990e-01	   6.4290612496673794e-01	   6.9077155700606119e-01	   6.1551381428402452e-01	   3.9055166811864833e-01	   2.9853419145585663e-01	   3.3971609414812126e-01	   2.8799106114506173e-01	   4.8319104720699968e-01	   5.6328906249200783e-01	   5.6894240628346104e-01	   6.5535539403259502e-01	   7.7160810589330542e-01	   6.8962820986246609e-01	   4.9573518637795477e-01	   4.9693759476001326e-01	   5.6902594365831549e-01	   6.3434162619898149e-01	   5.3754424996506400e-01	   6.7447062965556304e-01	   3.9307243377354889e-01	   6.1003677128394374e-01	   5.0348456478307956e-02	   1.1282936638884919e-01	   3.8666921513430835e-01	   3.7910729765797174e-01	   5.3958762951728667e-01	   7.6074229431852780e-01	   3.2796729624080906e-01	   6.6208913432381189e-01	   6.3572783948722444e-01	   7.0915938019351410e-01	   4.6824243381639674e-01	   3.1974791683621517e-01	   4.8776091853113646e-01	   2.1429222454494512e-01	  -6.0499752399362512e-02	  -2.5945984231613189e-02	   3.3657438231902492e-01	   3.7303277815085706e-01	   4.3469661959417238e-01	   3.6884558794331546e-01	   1.4917194385359939e-01	  -3.0915519621941279e-01	
   1.1377119946604676e-01	   2.4037767721724376e-01	   7.0638277708579422e-01	   0.0000000000000000e+00	   6.4178076124181749e-01	   1.0068227864700470e+00	   6.3215006220327674e-01	   9.6136880847286510e-01	   5.2977756286504341e-01	   7.0311765227567424e-01	   1.8935990541131703e-01	   3.6036232873205248e-01	   2.3991761100386544e-01	   3.5642231482660580e-01	   5.0195711782092400e-01	   5.9235863544024769e-01	   2.6595654724294682e-01	   1.4016884892908216e-01	   9.8121259079062023e-02	   1.9895496230584039e-01	   4.5490120642021847e-01	   4.7468492475296653e-01	   3.9098924136656554e-01	   8.3051068593579824e-01	   3.0523704096397297e-01	   5.1923543586228704e-01	   5.8364759207041550e-01	   5.0971214773200435e-01	   3.2438547519344763e-01	   2.8470102470624825e-01	   3.4674861841855714e-01	   4.0303207399474356e-01	   3.1948890202329222e-01	   4.3742748372298812e-01	   3.7455300790049334e-01	   5.8427455245582394e-01	   3.7630180114957623e-01	   4.3945704767131710e-01	   2.5224197720581293e-01	   5.3589937917529273e-01	   2.9406519831110034e-01	   3.6886927724104035e-01	   3.7862670938439580e-01	   2.5977815986869046e-01	   6.7344693518252521e-02	   2.7069404944185405e-01	   3.5862030458193528e-01	   4.3743599774944641e-01	  -1.0045978159595050e-01	   5.3651221991706334e-02	   2.4832297757793578e-01	   3.0535834176798771e-01	   4.7022805623813790e-01	   3.3970096053491916e-01	   3.9067991015203618e-01	   5.4675581241161131e-01	   2.4664440174768820e-01	   3.1987331311511924e-01	   1.3331279909459937e-01	   5.4249958415714128e-01	   3.7266734215366687e-01	   5.5550416899546251e-01	   2.6141840241433639e-01	   2.4361273186280652e-01	   4.5788999567664890e-01	   6.8492384458036293e-01	   5.9276961131924499e-01	   8.5555970366782819e-01	   5.9830239342574046e-02	   3.6846260178837575e-01	   5.3895702437315374e-01	   3.6457658744619681e-01	   2.5493881342085817e-01	   2.8748724208268711e-01	   3.3842221997544775e-01	   4.1985546886257130e-01	   1.7423112840680707e-01	   2.4625082612330063e-01	   3.7150347496521913e-01	   1.5683479585064969e-01	   4.5436799963334135e-01	   3.7243714412257817e-01	   3.9660503674924852e-01	   2.6838560911490927e-01	   5.4984565000924712e-01	   5.9694279425844810e-01	   3.1182077701952354e-01	   3.3760944471721266e-01	   5.8888362972891439e-01	   9.2078984480251125e-01	   7.3308547267013935e-01	   4.7093540934363037e-01	   5.5349131341951940e-01	   3.6022094940624205e-01	  -2.6897750241101121e-03	   6.9210964853200149e-02	   4.1301165012816821e-01	   2.3427361895686497e-01	   5.3581510401332744e-01	   5.0514725288739126e-01	   6.7092710007887557e-01	   4.1611148219960092e-01	   6.0367404584505391e-01	   4.6050046295564051e-01	   5.8537807270631081e-01	   2.2889851319960169e-01	   4.0226311220570510e-01	   2.7863228161865905e-01	  -2.3232457031492501e-02	  -3.6070074351920285e-02	   1.9541372228923570e-01	   2.3495162832082228e-01	   1.2102242522310847e-01	   2.3274994716666015e-02	   6.4693777559582305e-02	  -2.3163957731156459e-01	
  -7.5365165181074500e-02	   1.6974179876742088e-02	   7.3429480566717342e-01	   6.4178076124181749e-01	   0.0000000000000000e+00	   7.4987016405563278e-01	   4.5217270635985135e-01	   4.7188883042181945e-01	   1.0391139985846989e+00	   5.6721405478899212e-01	   1.5321581502681547e-01	   1.2529894266176747e-01	   1.9474694904776982e-01	   1.3068423246642460e-01	   6.6000556510790931e-01	   5.0071421118276160e-01	   2.4577813285838379e-01	   1.0763497301488728e-01	   3.2736851376840334e-02	   4.4022610632136853e-02	   2.1471407162397660e-01	   1.5245586590159710e-01	   6.1558920510929227e-01	   5.6037254152449756e-01	   3.4539264471857400e-01	   2.9787267352827662e-01	   4.3971695494622826e-01	   3.0056067703079042e-01	   3.9201637007180545e-01	   3.4019482643454779e-01	   4.1922828042297300e-01	   4.1751515515128818e-01	   1.5698369964455366e-01	   1.8158017900902154e-01	   4.0637373483166001e-01	   4.2472575795655643e-01	   3.2128326101095644e-01	   2.2571370654197825e-01	   1.9725686881641391e-01	   2.6464294041860403e-01	   1.6120822790442332e-01	   2.4581006192031279e-01	   3.4616609477510446e-01	   2.9951323553412729e-01	   2.2943495324478708e-01	   3.2090880671243044e-01	   2.5719439118135673e-01	   2.8577101336700012e-01	  -3.3469639104569501e-02	   4.5687309757805036e-02	   1.7703686677347466e-01	   1.5162447061041351e-01	   4.7092753634794926e-01	   4.1582776275305988e-01	   3.2377575236470019e-01	   3.0331173061287076e-01	  -6.4617838873576262e-03	   1.9287112837497504e-02	   5.7168223700877444e-02	   1.9129151907945074e-01	   4.4952118966506571e-01	   3.0612269536567249e-01	   5.3901319188677334e-02	   1.1757902769700349e-01	   6.3705553807595905e-01	   4.4058232392614410e-01	   3.0359508181915662e-01	   3.9044000825707081e-01	  -2.7502109248527910e-02	   3.0332571110264184e-01	   5.1406482035760770e-01	   4.1095274543102167e-01	   2.7326952048184017e-01	   3.2788727942506718e-01	   3.8101899810764750e-01	   4.0044783064851730e-01	   1.6219134804342938e-01	   1.5368427678100788e-01	   2.1887171115668130e-01	   1.4914447561052374e-01	   2.5454572136712700e-01	   1.1066820498716902e-01	   4.2326774814500295e-01	   2.1041364263086737e-01	   3.1352006960393813e-01	   2.4313466671746972e-01	   2.2279315600454080e-01	   2.2469791504218672e-01	   4.4206655306784237e-01	   4.5993065553464135e-01	   5.7231167840674524e-01	   6.6070373767454249e-01	   4.7958109629774082e-01	   5.8960023158815200e-01	   2.7924174883340553e-02	   1.7971983900275512e-01	   1.9644603305592007e-01	   2.0395548849510658e-01	   4.2236389134785118e-01	   5.3356506983501095e-01	   4.3380600140347736e-01	   5.6497194907046056e-01	   4.3411908913059122e-01	   4.5747210468383237e-01	   3.7221085736046611e-01	   2.4782941410595577e-01	   4.9101942709153845e-01	   1.2353808607451373e-01	  -1.0898718480449948e-01	  -7.4458281901436996e-02	   1.8845367656251538e-01	   2.6848238242460476e-01	   2.6206339669679579e-01	   3.1254711953800945e-01	   2.0748534478963854e-01	  -1.9881464502359320e-01	
  -4.7860442553038764e-02	   1.0246263484183046e-01	   3.6977508310643653e-01	   1.0068227864700470e+00	   7.4987016405563278e-01	   0.0000000000000000e+00	   4.1622781329017028e-01	   9.7681359894311170e-01	   5.2957150783740981e-01	   1.0410118259328922e+00	  -1.5134871810808258e-02	   3.7863919833568471e-01	  -1.3218442625310776e-02	   1.8593337847341659e-01	   3.1231481492283941e-01	   4.8740293212963076e-01	   1.1602425290241024e-01	  -6.7246391806495956e-02	   4.6931155706677635e-02	   1.1541242850908484e-01	   9.9634230719931258e-02	   7.3743308075102931e-02	   1.3382785395473021e-01	   6.9633631820280129e-01	   3.3115740416999810e-03	   2.1273598174305033e-01	   3.7505487915880875e-01	   3.9553466601572268e-01	   2.4785811977983147e-01	   2.5786568384810116e-01	   1.0391349418771741e-01	   2.1509011441453246e-01	  -1.6051709704555137e-02	   1.1470994928025142e-01	   2.6730273885923920e-02	   2.1692478613966937e-01	   2.9347443480362689e-01	   2.7782912081316791e-01	   3.0785174471126941e-01	   4.3115705807057486e-01	   2.5186844628529853e-01	   2.7579720611308234e-01	   2.5550487416881645e-01	   9.4959976423133682e-02	  -1.3148988825726068e-01	   5.9346182114604559e-03	   2.6059460235785836e-01	   2.4665566545253531e-01	  -2.5414272949708128e-01	  -3.9622027289962516e-02	   1.9615853300370700e-01	   1.7798580357617599e-01	   4.7254530719061832e-01	   3.1063615601770467e-01	   3.6613618265945130e-01	   2.8275721177766439e-01	  -1.6518478714302617e-02	   8.5552817994454647e-02	   6.7303922176853567e-03	   4.8887318003040048e-01	   2.9198707616109770e-01	   7.7775628792118157e-01	   6.8399856876566800e-02	   1.1447427791927828e-01	   2.8110608215962662e-01	   5.4532312742323508e-01	   1.6703331877631153e-01	   3.5622741964948479e-01	  -2.2228028361613250e-02	   2.5257735057978947e-01	   3.2534705320099444e-01	   2.2068398947977674e-01	   3.7824387278624333e-02	   1.1361914555670610e-01	   3.0763789099615801e-02	   1.7772540268843284e-01	   1.6376131503557316e-04	   4.2813318458419000e-02	   1.1675676775354397e-01	  -4.1514197194036914e-02	   1.7261409715505127e-01	   6.5892382804150114e-03	   3.0821541563622329e-01	   6.8444247944726366e-02	   2.4269417864720227e-01	   3.1319108061746470e-01	   1.1217977940762650e-01	   2.1339308701083184e-01	   4.8239926334212224e-01	   7.9827229083984164e-01	   6.8917253894603747e-01	   3.8629981402761282e-01	   6.0796340379987068e-01	   3.1183891673614428e-01	  -1.0758657506000038e-01	   5.9552840402526334e-02	   2.4324387407076231e-01	   7.4990397710849560e-02	   4.4284898524486743e-01	   3.3916663854225149e-01	   6.7501998546600972e-01	   3.0562094375608873e-01	   4.6787400350477337e-01	   2.4835644999303730e-01	   3.3828976478113471e-01	   1.2418581968988091e-01	   3.9671341245959668e-01	   2.4624330834029812e-01	  -1.9366940961069953e-01	  -1.4655573197119792e-01	   7.5233978690216460e-02	   1.7376209129251341e-01	  -2.8612799076044190e-02	  -8.8612665370884663e-02	  -4.0163413448678763e-02	  -1.5632849771310989e-01	
   1.0711071039548385e-01	   1.2743140266267050e-01	   7.6880314597267141e-01	   6.3215006220327674e-01	   4.5217270635985135e-01	   4.1622781329017028e-01	   0.0000000000000000e+00	   9.0134967571398428e-01	   3.7689090163038874e-01	   3.3227217899922612e-01	   6.2568593903708380e-01	   5.4127578294050926e-01	   7.0387933146548920e-01	   5.0649131608959053e-01	   3.6221978730851301e-01	   3.2857518040074934e-01	   2.4967172191044024e-01	   1.1302057060748150e-01	   1.5323648882827937e-01	   1.1511884345047889e-01	   1.3565157489875704e-01	   2.3151635088494277e-01	   3.2990272086535766e-02	   1.4732749410067464e-01	  -1.1479262778537859e-01	  -1.1621413464706121e-01	   2.3653972796609107e-01	   3.2259415147800077e-02	   3.7102782716694332e-01	   3.1877753871610143e-01	   2.7536319895306079e-03	  -2.8537199603075328e-02	   4.5010803027824914e-01	   4.7715153056216153e-01	   1.0184619666051617e-01	   2.9136762135263994e-01	   2.1741269069160360e-01	   4.0418211778021862e-01	   3.2920460775511395e-01	   5.2758475117944559e-01	   3.7716103085833136e-01	   4.7106732508655752e-01	   4.0686675139650025e-01	   2.1911910269007828e-01	   1.9066308134584370e-01	   3.5338317258408292e-01	   3.7478834605084266e-01	   3.9813166400522865e-01	   9.9939707992313706e-02	   2.4375142991653317e-01	   4.2298670447987075e-01	   4.9342804148392061e-01	   5.1971132512669527e-01	   4.1576292826130545e-01	   5.1174849694698266e-01	   5.6667252785243549e-01	   1.6821459549138601e-01	   2.1410119065122224e-01	   1.8039816407918710e-01	   5.0972505722627459e-01	   6.7203272171402895e-01	   5.8424526403542232e-01	   5.2738778892872795e-01	   5.2859801635887460e-01	   2.2456266262753394e-01	   3.8915490398047226e-01	   6.2167527723428284e-01	   7.5621757983283422e-01	  -1.3069085799808559e-02	   3.3077762194184313e-01	   3.5329653042420606e-01	   2.6283986211231475e-01	   3.2539338852660205e-01	   3.5128524550840717e-01	   3.7453026396937955e-01	   3.4913684862619015e-01	   1.7965418272980871e-01	   1.4246824681085288e-01	   3.1907402335845947e-01	   2.7065923276732595e-01	   4.4593671476537761e-01	   4.5390244535531160e-01	   4.2324589854222022e-01	   3.5418251099764075e-01	   3.8166220358624836e-01	   6.6157346877786394e-01	   7.9286922939898558e-02	   4.2454486113184225e-02	   7.0918497480524023e-01	   7.2912406507127603e-01	   5.3750357187567221e-01	   3.6582596878601942e-01	   3.1930897807817787e-01	   2.0986547905858516e-01	  -1.6411934736011333e-01	   2.5971352627784168e-02	   4.0864472149895414e-01	   2.1293223173070377e-01	   6.5709429441038147e-01	   5.0017345914205924e-01	   6.2738720258271152e-01	   4.5749842073721497e-01	   6.7763254711308418e-01	   4.0531059670307590e-01	   3.4994782061807028e-01	   1.0531654099642668e-01	   3.5977194396220247e-01	   2.3061117167336556e-01	  -1.7762268680997523e-01	  -1.2565828867774836e-01	   7.3283562991905804e-02	   2.2214304191156864e-01	   2.3475080411461213e-01	   8.1592573736383428e-02	  -6.7279921539232498e-02	  -2.5054207701799119e-01	
   1.2204660633968506e-01	   2.5008926747663407e-01	   3.7465886455742109e-01	   9.6136880847286510e-01	   4.7188883042181945e-01	   9.7681359894311170e-01	   9.0134967571398428e-01	   0.0000000000000000e+00	   3.9392841515548083e-01	   8.3082059452457047e-01	   2.7077399926289020e-01	   6.8340690912749802e-01	   3.4313426450933976e-01	   5.3770164107960006e-01	   2.6162991906090149e-01	   3.7035914669833070e-01	   1.6546850226266474e-01	  -2.0154128349799839e-02	   1.6218258545712849e-01	   2.0366953726161427e-01	   1.6659001489632927e-01	   1.4789419193179912e-01	  -9.8777692008429271e-02	   3.2844345552164705e-01	  -2.0310279799527553e-01	  -5.4419906664864230e-02	   2.5531044454711560e-01	   1.5657368665643531e-01	   3.5481127956952352e-01	   3.2505965482162519e-01	  -7.0584618919907832e-02	  -3.8693685238248551e-02	   3.0040162788962460e-01	   4.6055098417725171e-01	  -1.0382032791670631e-02	   2.4950135825721087e-01	   2.7917418857268150e-01	   3.0935928821396080e-01	   4.2600763016873677e-01	   5.8358320084436210e-01	   3.9281154301865112e-01	   3.1420514764646751e-01	   2.7965869740310850e-01	   1.0788946517908640e-01	  -1.1282539329735780e-01	   9.9375219433702117e-02	   3.4454680900771095e-01	   3.1039869356643912e-01	  -1.4009256434725531e-01	   9.6745429412512449e-02	   2.7140950366362798e-01	   3.5848077803209938e-01	   4.5958250606314421e-01	   2.6019845418729526e-01	   4.1951384213154591e-01	   4.0073860027148756e-01	   1.6468870264596588e-01	   2.8265095598457241e-01	   3.9713998869345783e-02	   6.1230451442590750e-01	   5.6450038376202971e-01	   1.2040190390032786e+00	   3.1312422784784266e-01	   2.9664141836810742e-01	   1.5871032438989302e-01	   5.0692457771802912e-01	   3.8213737266460435e-01	   6.6369326685088570e-01	   6.1387343398279094e-02	   3.4114936422677111e-01	   2.7217999769193829e-01	   1.6479183997377181e-01	   6.0307367129804994e-02	   8.6981556584656658e-02	   1.1656862440801632e-01	   2.1886412029409527e-01	   2.3698874104882191e-02	   1.5169598685931374e-01	   2.6068473932437497e-01	   8.3009732741519932e-02	   3.5744178914802044e-01	   2.4232010392068698e-01	   3.9695407965413276e-01	   1.4252526664016468e-01	   2.9905013721810075e-01	   5.0256013333978355e-01	   8.6527374363444515e-02	  -2.1551219244931082e-02	   5.9138909641954862e-01	   8.5425134521093737e-01	   5.9087273889812042e-01	   2.2720577537421338e-01	   3.8443275766223922e-01	   1.2225680605011348e-01	  -1.2910774008152573e-01	  -6.3384675738135290e-02	   4.1180472540855817e-01	   7.8078075168560357e-02	   5.3938159688149168e-01	   3.0705029839076536e-01	   7.7098056422116468e-01	   2.3887597242010336e-01	   5.1270959963925389e-01	   2.4569282392497738e-01	   3.3766720802270900e-01	   9.4402858502923417e-02	   2.9904273017069882e-01	   2.5294421117764687e-01	  -1.2794024014819866e-01	  -4.8009821806376612e-02	   2.2857604725813802e-02	   8.0319183166045846e-02	  -4.8193259219052646e-02	  -1.6142954430727977e-01	  -1.0844453981756731e-01	  -1.6335273779021217e-01	
   6.2125615867072617e-02	   1.9541734893263363e-01	   5.8085044135194663e-01	   5.2977756286504341e-01	   1.0391139985846989e+00	   5.2957150783740981e-01	   3.7689090163038874e-01	   3.9392841515548083e-01	   0.0000000000000000e+00	   7.5510812179050990e-01	   2.1305414330253231e-01	   1.2529398080978563e-01	   2.9840861591139040e-01	   3.3707746762788016e-01	   7.6040997704400104e-01	   3.9164838211277542e-01	   2.6861200930062795e-01	   1.3890583604903578e-01	   7.6371295026892327e-02	   5.5305854814824550e-02	   1.4385221308638332e-01	   6.4755858920274856e-02	   5.9990277637175882e-01	   4.2327900585351130e-01	   3.3250228738790083e-01	   2.8617106917656293e-01	   5.0865887431063239e-01	   3.6790174238094536e-01	   1.8035534226021241e-01	   4.0099595694014126e-02	   9.1664340830769922e-02	   7.6284545875967988e-02	   1.4893241483796610e-01	   1.1134076401387688e-01	   2.9637489172771275e-01	   2.1397043593289439e-01	   1.9261543163337097e-01	   1.0241208339681424e-01	   6.7632846401842028e-02	   1.6137734669856010e-01	  -3.5506674360542681e-02	   9.6340261245706688e-02	   1.6646032491287785e-01	   2.1789912133925857e-01	  -1.8009724831745094e-02	   8.4291241803012854e-02	   1.1192228893676523e-01	   1.9066443068809591e-01	  -1.9366507896141508e-01	  -1.4294071779444877e-02	   2.0004505633097411e-01	   2.1125943109627279e-01	   4.7307126624262569e-01	   4.6288448217378053e-01	   1.8973332186915973e-01	   2.6904871729270524e-01	   2.1136544344406505e-01	   2.4662374023149397e-01	   1.4739408467311335e-01	   2.8481014196220134e-01	   4.3385351003513772e-01	   2.8907377311664473e-01	  -3.1252322306395741e-02	   1.0774024881068704e-01	   6.0735594654772762e-01	   5.8401465427423627e-01	   2.2711289790046543e-01	   2.9782122466745009e-01	   2.3523750957870576e-01	   4.2914117380061201e-01	   3.4714100416520571e-01	   2.4591215664545441e-01	   2.1652715674508127e-01	   1.8485895330833327e-01	   3.1259756490591106e-01	   2.5877880199338593e-01	   2.4546083724733375e-01	   2.3909849461984600e-01	   2.0681715735633635e-01	   2.3333181770973860e-01	   2.5327226628556354e-01	   1.5098286714066081e-01	   2.3802915840236483e-01	   1.1561041121252570e-01	   3.7628980537590234e-01	   2.9584647173688117e-01	   3.0575423600165919e-01	   2.8137230604011410e-01	   4.7435719397595877e-01	   4.2749127033725737e-01	   4.8882215687696673e-01	   5.5264725052536001e-01	   4.5625401009157940e-01	   6.3609770140016442e-01	   9.4106149094820249e-02	   2.6677443013290325e-01	   1.8407743645287478e-01	   2.4912845315876697e-01	   2.1699937475124162e-01	   4.1171132657665543e-01	   2.9794317855667662e-01	   4.6637953907971774e-01	   2.8816160791290008e-01	   3.9827283350470510e-01	   3.7408425697860365e-01	   3.8973805519504023e-01	   3.7345111885452881e-01	   2.0250047518288866e-01	  -5.4459829631174346e-04	   6.2221513359094191e-02	   1.1018750468442817e-01	   1.8212317980836615e-01	   2.8353517062999023e-01	   2.1203590373042247e-01	   1.2731766141027984e-01	  -2.2170846767562774e-01	
   6.1091684218057045e-02	   2.8243815888516877e-01	   1.4350866843231583e-01	   7.0311765227567424e-01	   5.6721405478899212e-01	   1.0410118259328922e+00	   3.3227217899922612e-01	   8.3082059452457047e-01	   7.5510812179050990e-01	   0.0000000000000000e+00	   3.3880361321123207e-03	   3.1880674660586400e-01	   2.0887831683056884e-02	   3.4564083177233856e-01	   2.6659947087778124e-01	   2.9648006515457703e-01	   1.0726693268847901e-01	  -3.9455721867136140e-02	   2.1008647809243990e-02	   7.4958870553894053e-02	  -2.1273043029924450e-02	  -1.0188605059267983e-01	   2.7647466167915476e-02	   3.7465109341513375e-01	  -1.0474542440685801e-01	   8.8170111296736867e-02	   2.5713272318711466e-01	   3.1459984770432314e-01	   1.3147056318654521e-01	   2.1312835121776983e-02	  -2.2031942971299923e-01	  -1.0273065692789998e-01	   1.6405214198836438e-02	   6.8554587624242741e-02	  -9.4670686684053817e-02	  -3.1211702069345731e-02	   1.0589190570698170e-01	   2.9463317096179560e-02	   1.9582977475285909e-01	   2.3974084474789931e-01	   9.5359017180069200e-02	   1.1112193038828212e-01	   9.4795286929112210e-02	   1.7307514148010593e-02	  -3.0632435224028109e-01	  -1.7388508469646258e-01	   1.2799860424679060e-01	   9.6775515187870739e-02	  -2.2977931290573606e-01	  -1.2426282917620466e-02	   1.9286968498417953e-01	   1.8186993631129425e-01	   3.2067785318112629e-01	   1.5433920194461598e-01	   2.0797204802166652e-01	   1.2842330735335780e-01	   1.4192983740406015e-01	   2.4970235474853333e-01	  -1.1584789490103456e-02	   4.5434694859961033e-01	   2.9158356175342109e-01	   7.7130624980430584e-01	  -1.9385736861588558e-02	   9.2503683812381332e-02	   1.9398720757415214e-01	   4.6107470147214941e-01	  -3.5299478174849737e-03	   1.6642837756825035e-01	   1.5428229616934044e-01	   2.7222073640291977e-01	   1.0977943240934590e-01	   6.7500821341959588e-02	  -2.8176241775169000e-02	  -9.1771103520427222e-02	  -3.4562856879449794e-02	  -1.7050623682721880e-02	  -2.9519812743271766e-02	   5.8469639766545990e-02	   1.4280437102772242e-01	   7.7444980668408575e-02	   1.7184476878034655e-01	  -7.9699928898390213e-02	   1.5603562982550878e-01	  -1.5132262753553422e-01	   1.2928158485636343e-01	   2.0625322010845826e-01	   3.5200129253663780e-03	   1.3742651753788684e-01	   3.9172150544237822e-01	   5.6178388720760919e-01	   4.1792652144140879e-01	   1.5853244765770591e-01	   3.9945841256097542e-01	   1.8714892467455091e-01	  -1.4197813544421978e-01	   1.1286031457950337e-01	   1.2553603870652147e-01	   1.0112841388668709e-02	   1.7095830704272480e-01	   9.9865777944212447e-02	   4.5384569958665277e-01	   1.6655209292327433e-01	   2.1237839102645589e-01	   7.4258112541252100e-02	   1.7392424531052947e-01	   7.4955406767145447e-02	   1.3418482342896029e-01	   1.7527334442185580e-01	  -1.0573947129087535e-01	  -1.1731891965080993e-01	  -1.6062966635222065e-01	  -1.0136005236114137e-02	  -1.2181599160484453e-01	  -2.0956080247667833e-01	  -2.0699982750377641e-01	  -5.9677340401479290e-02	
   5.7490308791288447e-01	   3.6183216933814183e-01	   4.4114685733006226e-01	   1.8935990541131703e-01	   1.5321581502681547e-01	  -1.5134871810808258e-02	   6.2568593903708380e-01	   2.7077399926289020e-01	   2.1305414330253231e-01	   3.3880361321123207e-03	   0.0000000000000000e+00	   7.1001495060941022e-01	   8.2403808934333123e-01	   6.6950459093550663e-01	   3.9888172746334938e-01	   2.1476535830269947e-01	   8.4134875321358771e-01	   7.4036062010425641e-01	   3.2331307271803372e-01	   2.3623496168512237e-01	   1.8705255704839310e-01	   1.8452996722271664e-01	   1.4956752787110592e-01	  -3.7477851337596874e-02	  -2.1549451185902204e-02	  -9.2596496085182389e-02	   2.3908321737448668e-01	   3.5213221753906399e-02	   6.8958821698168205e-01	   5.6684997811624638e-01	   9.1741640835314608e-02	   9.0285591588681879e-02	   6.6728882908255072e-01	   5.3685159025648865e-01	   1.6767377639049169e-01	   1.5404565023971992e-01	  -1.1399132029536921e-02	   2.0166979865805873e-01	   2.3320776995436943e-02	   2.4098940585845324e-01	   1.6605401507120401e-01	   3.8835799892750333e-01	   3.2452838643764981e-01	   3.6050790221835755e-01	   2.6627203721764164e-01	   3.1156375179787366e-01	   3.7217403314250080e-01	   4.5378973324677085e-01	   2.0002645682911138e-01	   3.6352745647376555e-01	   4.7217694706501567e-01	   5.2722704113977104e-01	   5.1254660524808704e-01	   5.9391379614107653e-01	   3.2102246760868652e-01	   5.1399096437369995e-01	   6.6334282407256506e-01	   5.9132912185494502e-01	   2.8602002779988506e-01	   3.0161098201066755e-01	   4.8601002082010808e-01	   9.0023715335481841e-02	   6.8037484430986406e-01	   8.3869602029009471e-01	   5.7241139476187419e-02	   8.1590236189789367e-04	   3.4255632749770776e-01	   3.4823950725325925e-01	   3.2499601256139998e-01	   3.3614629976894045e-01	   2.6299782311015152e-01	   1.4097718432362011e-01	   2.3290226655322216e-01	   1.7090319296162140e-01	   2.7878082733111614e-01	   2.6764830146927643e-01	   4.0044056049280441e-01	   3.0866168881882305e-01	   7.1117968478780780e-01	   5.6002142994240978e-01	   6.7511420246248921e-01	   6.2423710041762537e-01	   4.0568857333199676e-01	   5.9301847217222703e-01	   4.3572916983275084e-01	   4.8792627419269252e-01	   1.7763068701939008e-01	   2.1207041415203748e-01	   3.7795771582486659e-01	   3.4981510235661140e-01	   9.3516303990142657e-02	   8.5346912590180318e-02	  -1.1156577169599297e-01	  -1.0005917600288095e-01	  -5.7738548089243502e-02	   7.9297394703050195e-02	   2.4605273455465593e-01	   3.3740382082643106e-01	   4.6362742793842815e-01	   3.9177797418376004e-01	   8.0787180402878814e-02	   4.4251386451271545e-02	   3.7996849897870866e-01	   1.9916045029924098e-01	   1.4196004543146412e-01	  -3.4786031026834335e-02	   3.5175186393088198e-02	  -1.9742546879523992e-01	   6.3905625837418323e-02	  -1.8588515223605273e-02	  -2.8501400471258195e-02	   9.0193969882988820e-02	   2.1322557758990768e-01	   3.0213508138511924e-01	  -1.3056193427965293e-01	  -1.9044225378910484e-02	
   5.3976499711551429e-01	   5.4732741132540230e-01	   2.7056520476598789e-01	   3.6036232873205248e-01	   1.2529894266176747e-01	   3.7863919833568471e-01	   5.4127578294050926e-01	   6.8340690912749802e-01	   1.2529398080978563e-01	   3.1880674660586400e-01	   7.1001495060941022e-01	   0.0000000000000000e+00	   5.4750645351532534e-01	   8.2447798077986323e-01	   2.7236463422969337e-01	   3.9482137328817474e-01	   4.6679252054216219e-01	   3.6552083920266981e-01	   4.3018934519857643e-01	   4.5706010109737460e-01	   1.4737037147478377e-01	   1.1402343918994089e-01	  -1.4489456957850555e-01	   1.3526954325794280e-01	  -3.1316044092350825e-01	  -2.5584822271531465e-01	   1.5245222507945141e-01	   4.6631441700605757e-02	   5.3845025897934995e-01	   6.2961746210446012e-01	  -1.0523394749496003e-01	   5.4961727970694466e-03	   3.1961864866379036e-01	   4.3118070962701294e-01	  -1.4526468493703396e-01	  -3.7730835237766880e-02	   1.8814472143897817e-01	   2.1621320014369699e-01	   3.0416080287616915e-01	   4.3478560095074886e-01	   4.6413485564083212e-01	   4.0003356436083681e-01	   3.6861406900144922e-01	   2.5881044638212292e-01	  -5.8164597042001387e-03	   8.3745948697608139e-02	   5.1332647288947564e-01	   5.1627275357786184e-01	  -1.9042167441635796e-02	   3.1102316322573781e-01	   4.5121912618764720e-01	   5.1646696101427370e-01	   5.5780573397268440e-01	   4.7272188562530798e-01	   4.3982575902546073e-01	   4.6803289268745724e-01	   4.7199135744760484e-01	   6.0929369241964937e-01	   2.9879030698324827e-01	   6.7076018117739211e-01	   3.9539807433140839e-01	   6.1634320445485147e-01	   4.7649523518820391e-01	   6.2999379219779394e-01	  -1.2628382950852934e-01	   7.8982442023436655e-02	   1.8513197273720944e-01	   2.6487584798129415e-01	   1.7696573063285365e-01	   3.7311163942938924e-01	   2.4875796750393192e-01	   6.5717398671405039e-02	   1.1588849331286308e-01	   8.7245632101677656e-02	   1.3698379048217971e-01	   1.8269321783085152e-01	   1.6579736062727252e-01	   1.6743889740717915e-01	   5.1120648953731829e-01	   2.6152002430977317e-01	   5.7643315702143028e-01	   4.8404474193615715e-01	   5.5742472245524466e-01	   5.2724781904055895e-01	   4.4965244223897693e-01	   5.7128873810671599e-01	   1.6668581992695555e-01	   1.4709051113040983e-01	   3.6881395077237256e-01	   6.4145165563977069e-01	   2.0666576462999126e-01	  -3.6333925342121424e-02	   5.4406548263825558e-03	  -1.6645223685655755e-01	  -3.1480344293088752e-01	  -1.6540116747010417e-01	   3.4703930773511038e-01	   1.7202480222401820e-01	   5.2185097706822692e-01	   2.2017292955385928e-01	   3.1782682315121619e-01	  -1.0077767186269936e-01	   3.8702586703497643e-01	   3.0986055228832084e-02	   9.4031713462305794e-02	  -1.7689187213994007e-01	   6.1998720201066247e-02	  -1.4401908879804867e-01	  -1.7230937853219949e-01	  -1.1513889444202086e-01	  -4.0493462312344131e-02	  -1.4745163915675019e-02	  -4.0416538857115089e-02	   3.6025841113895854e-02	  -1.9781135506665715e-01	  -6.4733365775038562e-02	
   3.1179184998836518e-01	   3.0434011930971588e-01	   5.5215079119074084e-01	   2.3991761100386544e-01	   1.9474694904776982e-01	  -1.3218442625310776e-02	   7.0387933146548920e-01	   3.4313426450933976e-01	   2.9840861591139040e-01	   2.0887831683056884e-02	   8.2403808934333123e-01	   5.4750645351532534e-01	   0.0000000000000000e+00	   9.1675295514898403e-01	   7.4139972708391022e-01	   3.3219873106510439e-01	   3.9577952652850690e-01	   3.8919614011007164e-01	   3.1332638529771312e-01	   2.6113509617736264e-01	   1.6076260078406102e-01	   1.9756377398925795e-01	   2.4556740613219719e-01	   5.4240633356415581e-02	   1.5853675777656870e-01	   5.3743807157258343e-02	   3.0688110151315084e-01	   1.0397363784015330e-01	   5.1467823119659117e-01	   3.6927569267346866e-01	   1.1922684351612729e-01	   6.2368499938699175e-02	   5.8814620123054340e-01	   6.0043694041165474e-01	   3.1010687764381262e-01	   3.0642607170125113e-01	   1.7377223370317763e-01	   2.7519233140206867e-01	   1.4248583756461772e-01	   3.0893706844714403e-01	   1.7758141184213272e-01	   2.5551050525796382e-01	   3.9076816350173232e-01	   3.7009380679132947e-01	   3.1165230707526448e-01	   4.4493765408759745e-01	   4.9159840287688383e-01	   5.2483080578013908e-01	   2.6634460382987751e-01	   4.7326198378258427e-01	   4.3387049865055999e-01	   6.2574592996944700e-01	   4.6233355095194723e-01	   3.9831535306822113e-01	   5.1641782743215048e-01	   5.5818726209746838e-01	   3.4286861854417422e-01	   4.4213116315701484e-01	   3.2255931631306395e-01	   3.6688411753673400e-01	   3.6356052604890610e-01	   1.5153218316818787e-01	   3.4677562818262675e-01	   4.2064266121445426e-01	   1.2497419126147193e-01	   1.2167425471666779e-01	   4.7111125340231202e-01	   5.1628810393587554e-01	   2.6771181293056995e-01	   4.1287735125131131e-01	   2.3408542446024799e-01	   1.1321319529117539e-01	   2.2505485081664683e-01	   1.3421506456976443e-01	   3.5868988352285325e-01	   3.2869912065194118e-01	   2.9483107804813202e-01	   2.3838367767292548e-01	   4.9424318781013143e-01	   4.2679144926309504e-01	   6.2308399648632717e-01	   7.3141660226655270e-01	   5.4704102665096133e-01	   5.9388455558345687e-01	   6.6777564351331187e-01	   7.1467797304207559e-01	   2.6054683293149394e-01	   1.1456976505643038e-01	   4.8617241847021070e-01	   4.1133949195137054e-01	   2.4134515105770690e-01	   2.0029750407089633e-01	   2.5832098708545831e-02	   1.1446923764558520e-01	  -4.5784503202092097e-02	  -5.1873754624197237e-02	   4.8027385840520270e-01	   3.6599517767429363e-01	   5.5952777250272190e-01	   3.8520044497018263e-01	   1.8282337256671757e-01	   1.3666002946919026e-01	   3.3628494432580974e-01	   2.6230201054336622e-01	   1.5001338117775506e-01	   1.2919157418882893e-01	   1.0995805162444303e-01	  -3.2764393640160830e-02	   1.5160904273388480e-02	   1.0766537229801812e-01	   2.1330235893306063e-01	   1.6103578525552797e-01	   2.7002582073345793e-01	   2.1791375070941679e-01	   8.6704442197586523e-02	  -1.1669720499708901e-01	
