   0.0000000000000000e+00	   9.0155562606600459e-01	   3.4811001661454610e-01	   2.4359101756005486e-01	   8.7224641428863645e-02	   1.5239830125926906e-01	   2.7828027346624651e-01	   3.2565094108290793e-01	   9.9546736805671929e-02	   6.3112539944737589e-02	   7.5635666096080478e-01	   4.8015667161578851e-01	   3.7090852790511225e-01	   2.4067858316699958e-01	   2.7368827328142786e-01	   1.2808928738758402e-01	   9.2494958757345869e-01	   8.0685125272426717e-01	   7.4849685674597621e-01	   8.7216279761208904e-01	   1.8769480818441003e-01	   3.7425451783501838e-02	   7.2991448467833911e-02	  -4.7941187468111768e-02	   2.3333065016187690e-01	   1.3050232050118074e-01	   1.1648037874403526e-01	   8.9534703694454862e-02	   7.9399041479343690e-01	   5.7542629855839567e-01	   1.2070146568334739e-01	  -7.0640665375335712e-02	   8.9157420716991420e-01	   6.9719218987422416e-01	   3.5090327804638072e-01	   3.4589496840566353e-01	   2.4833424195843146e-01	   1.6001135268010722e-01	   3.8657571552191611e-01	   3.0618832688400710e-01	   3.0414630791670677e-01	   2.4381333057449669e-01	   3.5037497320969685e-01	   3.2088984384557734e-01	   4.5088219394173845e-01	   4.6086707431880358e-01	   4.3196264374900711e-01	   4.8575662252663176e-01	   4.6610091864083147e-01	   3.1069177336203158e-01	   4.6509064084933571e-01	   3.1841151566603371e-01	   5.1055886376841486e-01	   4.5865172719964875e-01	   5.5620410793609509e-01	   5.4526186416496591e-01	   1.3941969260288007e+00	   8.9938663921671425e-01	   7.2668128965840018e-01	   5.4119863008195668e-01	   5.3254017013676369e-01	   4.1366558998241265e-01	   6.2380965369694219e-01	   6.3374348254705026e-01	   4.6592928613107758e-02	   1.6854376500594573e-01	   3.6916756247937649e-01	   3.8647997846735910e-01	   6.2334804518139986e-01	   5.2483421427861998e-01	   7.7940508850977655e-02	   3.1397317690169686e-02	   5.5697123411034721e-01	   5.3804056756010898e-01	   3.3600288968687025e-01	   5.3322558719667867e-01	   5.3260184107867814e-01	   4.8859822151065424e-01	   8.0406880722322538e-01	   6.6040633970620355e-01	   9.7071328935692669e-01	   7.7006678863373390e-01	   3.0145850215055181e-01	   3.2761258049463576e-01	   5.5330945897280381e-01	   4.3243899658772533e-01	   3.3242234350779648e-01	   8.4163107964411260e-02	   5.1415028325327494e-01	   5.1621553461048908e-01	   1.1686854283609761e-01	   1.0946761096198052e-01	  -6.6721174020254348e-02	   1.0275684747450232e-01	   4.3762040677860925e-01	   3.5620149471605461e-01	   5.3719651092765930e-01	   6.7853397075150002e-01	   6.1297822187280349e-01	   6.5638487503188125e-01	   2.1320756566796828e-01	   3.3979992960016425e-01	   2.4779987266246883e-01	   5.8115820324380052e-01	  -5.3542862399941727e-03	   1.6896614334013788e-01	   1.6517014078490499e-02	  -3.8864276349799123e-02	   1.6621348025443258e-01	   4.7956736351724016e-01	   4.5890836390944234e-01	   6.4746397078463502e-01	   2.4483560936240517e-01	   4.2992158847504391e-01	  -2.4176755094969436e-02	   9.8517507474838673e-02	
   9.0155562606600459e-01	   0.0000000000000000e+00	   2.0821234335877645e-01	   1.7964748202300257e-01	   1.3128885546718067e-01	   1.4007513078284897e-01	   1.9382844141963412e-01	   3.1876663434910085e-01	   1.7521174717237761e-01	   1.3256085096404294e-01	   4.0569575987767825e-01	   3.4019347667047439e-01	   2.3526679732409594e-01	   1.5722430593242048e-01	   2.6183592071872197e-01	   1.0063281609832296e-01	   7.7918910485804960e-01	   8.5688193787141742e-01	   5.8702676379419139e-01	   8.4485959054567816e-01	   2.0254637085505178e-01	   2.0509245214642705e-01	   9.5617419434744680e-02	   4.6541599488316335e-02	   1.6584487504940504e-01	   2.2301916658097926e-01	   6.7356407580102848e-02	   1.5253840966655685e-01	   6.8465211607358956e-01	   6.1333502687104868e-01	   1.1650020751779683e-01	  -5.4243484524636017e-02	   6.8538760493376227e-01	   5.7378266997858285e-01	   6.2141042725113678e-02	   9.1913420086008349e-02	   2.0083338044220472e-01	   1.9931159312728583e-01	   3.0380995580274273e-01	   4.4999512119883622e-01	   2.4209745522063908e-01	   2.6659869216539622e-01	   3.0316242349098194e-01	   3.6740711357884170e-01	   4.1021940658741163e-01	   5.0279492320871899e-01	   4.8555813900690548e-01	   5.1907549812030052e-01	   4.8087042609104919e-01	   4.6663356423908320e-01	   3.9282032076065643e-01	   2.8497686942785871e-01	   6.4283855251363442e-01	   5.2067180845624050e-01	   5.4953679178523074e-01	   5.6131213753915754e-01	   1.1954894626348627e+00	   1.6488380738598798e+00	   5.3470786182323304e-01	   6.1115936511718738e-01	   4.3650041426850267e-01	   4.0338482135917525e-01	   5.0004576425637071e-01	   4.9644818400899937e-01	   9.4933775960675620e-02	   1.5468395094480622e-01	   1.1828714074831298e-01	   1.4207303445703803e-01	   5.8252723010514496e-01	   6.2450556715780814e-01	  -2.4766521820855696e-02	  -5.7087706775743777e-02	   3.1809020501077623e-01	   4.1875835099573888e-01	   1.2356681813259099e-01	   3.3595020127671571e-01	   3.1951193559874702e-01	   2.8160338009714858e-01	   7.2474294345235735e-01	   7.4650395646057388e-01	   7.4178968262892353e-01	   8.5187848025093882e-01	   2.7211260744138960e-01	   3.8290015044108400e-01	   4.7143430674875930e-01	   4.5937197829068005e-01	   3.6806029911248361e-01	   2.0352154985741341e-01	   4.1640936808389645e-01	   4.5203677089517846e-01	   1.2764373392938361e-01	   3.2627248148321318e-02	  -7.0691543161142179e-02	   2.0514909726583690e-02	   3.8067915672670588e-01	   3.5693126436157269e-01	   6.9556889190056526e-01	   5.9780375286502463e-01	   4.4892594655058055e-01	   3.7243119992150647e-01	   4.2997436466926643e-02	   1.0921692498304705e-01	   1.1433928725769352e-01	   2.5579092021267030e-01	   8.6745431116175636e-02	   1.0369229156530793e-01	  -5.0001630919706483e-02	  -2.1145678406804014e-01	   1.6781396429942000e-01	   4.3024091616338933e-01	   4.6761388326824671e-01	   4.6886876266440419e-01	   1.1081435010612271e-01	   1.9237850768842885e-01	  -5.8988313489557465e-02	   2.3469538716257929e-01	
   3.4811001661454610e-01	   2.0821234335877645e-01	   0.0000000000000000e+00	   4.7540733245154643e-01	   1.5880037144016157e-01	   1.3669973798324989e-01	   7.0641058830553627e-01	   3.4679541623201637e-01	   5.0821409942577535e-02	   4.3386740620912856e-02	   2.8333795391317107e-01	   1.5465981572701373e-01	   2.1579421902399493e-01	   1.1561847502844556e-01	   1.3393370480535918e-01	   1.7502848981640401e-01	   2.2939678928361218e-01	   1.7071451904202162e-01	   4.1837345574720325e-01	   3.9068448010954504e-01	   1.9546693286221495e-01	   3.6867690723983063e-02	   7.5154374275103497e-01	   3.1500140290953804e-01	   6.0472395712926785e-01	   3.9060647843192758e-01	   4.3060755437858472e-01	   2.8966187430517770e-01	   3.4776213292627733e-01	   2.2198466636799791e-01	   7.7793389001893942e-01	   5.3928186396602806e-01	   5.3812217853033062e-01	   4.3657972494077213e-01	   6.4569482154160540e-01	   3.4195706576440699e-01	   2.4746027436133405e-01	   1.8919801062350894e-01	   5.5147990108408151e-01	   3.0187056703544529e-01	   5.0029998432217315e-01	   2.8598364334549731e-01	   3.2935325643235747e-01	   2.9123293759445618e-01	   2.5038889160122679e-01	   1.2570159189263436e-01	   2.5568664872172497e-01	   2.3521405809576917e-01	   4.2038318718997725e-01	   1.1730252391860685e-01	   4.0522534300991425e-01	   2.4419365291643763e-01	   1.7167298786122281e-01	   2.6441885518777747e-01	   4.5893788880929132e-01	   2.8197257235874412e-01	   2.7122107117939487e-01	   1.2625322036463330e-01	   3.1415344440906917e-01	   1.6808599196341806e-01	   2.5262500698774271e-01	  -1.4829248245813867e-03	   1.2727629499686458e-01	   1.7333847930102261e-01	   1.5185535541315801e-01	   1.2402190818226499e-01	   6.3467647684408346e-01	   3.7143609321162385e-01	   8.6616080717060409e-02	   1.3413225430422782e-01	   5.9667309763553356e-01	   4.8407226142704729e-01	   6.1678496696061602e-01	   4.3703090489956825e-01	   4.1100850654199650e-01	   3.6593106267412473e-01	   4.1572618121590066e-01	   4.1565569674340086e-01	   3.3781639750030107e-01	   3.1398278425999504e-01	   3.1607472536994563e-01	   3.2017241669235263e-01	   2.7119358003132776e-01	   2.2791978989211376e-01	   3.7435620763063432e-01	   2.4323528158527885e-01	   4.0482243070277873e-01	   1.8305676214278760e-01	   3.7933536335419193e-01	   2.1500465597833640e-01	   2.2216263910122153e-01	   2.4870434656633364e-01	   2.7471728781063026e-01	   4.7813448236691813e-01	   2.2814082221917292e-01	   2.4364684117132304e-01	   3.9986112665278034e-01	   2.7848181951531037e-01	   5.1169376575058445e-01	   3.2335873498190520e-01	   4.0974376179600946e-01	   5.4641709777746872e-01	   1.8636775808817099e-01	   3.9189760299400833e-01	   2.4158374978899044e-01	   4.5485596259386574e-01	   2.0506834928676679e-01	   3.0988551615434801e-01	  -1.9665134679040998e-02	   2.2868988233605844e-01	   2.8365208701141453e-01	   2.3532818595572536e-01	   1.6803090443943303e-01	   2.6544522771567847e-01	   2.3862992527273327e-01	   1.2904550838116069e-01	
   2.4359101756005486e-01	   1.7964748202300257e-01	   4.7540733245154643e-01	   0.0000000000000000e+00	   3.8514978643050457e-01	   3.5874207217550391e-01	   5.6599728969036711e-01	   1.2112513751587881e+00	   4.2593497191842455e-01	   7.3920284385661050e-01	   2.5654582829148431e-01	   4.1985496738674444e-01	   1.8678126958302665e-01	   3.6352256403619487e-01	   7.9774389796279987e-02	   4.2129246159118172e-01	   2.2997934566217060e-01	   1.4215130437636050e-01	   3.3499421041942967e-01	   3.8109739014976074e-01	  -1.3116350085312981e-01	  -3.2141658093599308e-03	   8.1030923734488036e-01	   9.8079103253493694e-01	   9.8153856641753606e-02	   2.6737563061899150e-01	   7.3694632962944776e-02	   1.6204518676850224e-01	   1.7628677394658027e-01	   2.3894349796324232e-01	   3.8417206732499648e-01	   6.1633244159438016e-01	   2.9082091488285428e-01	   4.6356261913219826e-01	   3.4810541286263869e-01	   2.7903017936012897e-01	  -1.6167280071794913e-02	  -6.4673285110990825e-02	   1.7503889278454107e-01	   2.0561945309371804e-01	   3.9345015302083779e-02	   1.9201129274017448e-01	   2.5673251587146861e-01	   2.8803627060285403e-01	   1.8928486320634846e-01	   1.8224746004670656e-01	   2.1973899267850439e-01	   1.1405510126472918e-01	   2.8400042050127688e-01	   1.1436638150332007e-01	   3.3454259952688220e-01	   3.2983810455954349e-01	   2.9155417531973032e-01	   1.4643679066925466e-01	   3.8410992064415128e-01	   2.3978721711602607e-01	   2.0944736284880738e-01	   2.0864856171181101e-01	   4.0983191927879253e-01	   3.3024522115873595e-01	   4.8110994506579063e-01	   5.2980831752557145e-01	   3.0909544084544982e-01	   2.2771744841283745e-01	   6.9384631770787486e-01	   7.5600062006601421e-01	   4.2386146978367356e-01	   4.8461233124841430e-01	   1.5827970990063187e-01	   2.0901890530528575e-01	   1.8545332296822836e-01	   4.0664201828264079e-01	   2.4172636370324363e-01	   1.8336268771677749e-01	   3.7559354151365293e-01	   2.5355233844919373e-01	   2.4883838126598351e-01	   3.1166536223000368e-01	   4.0554843957067316e-01	   4.3076596429633662e-01	   3.1212298203948374e-01	   3.7576418925783583e-01	  -1.1266269233729871e-01	   1.4779294615540797e-01	   4.7597127028479613e-01	   8.3340006713358183e-01	   2.5608139448432521e-01	   1.6106746353732743e-01	   6.3086080709036829e-01	   3.8780934982117055e-01	   6.2120305058894465e-01	   3.9168768209097393e-01	   8.9401526065339509e-01	   5.5161155863359945e-01	   2.7134955431341590e-01	   1.0579674868231657e-01	   2.3965283554349170e-01	   1.2689019700245066e-01	   3.6580511773445173e-01	   1.8494203136962131e-01	   6.8044161996413466e-01	   4.1280915763680781e-01	   2.9478529487243232e-01	   3.8091781463015262e-01	   4.2544434446503343e-01	   6.2477121149459502e-01	   3.6730273697988475e-01	   2.6692338245633535e-01	  -9.4092039659193966e-02	   1.1816124909998164e-01	   6.3977417218203145e-02	   8.3838533173570332e-02	   2.4776559741683402e-01	   3.2123824396767686e-01	   4.3937400994072340e-01	   6.8977723409289926e-02	
   8.7224641428863645e-02	   1.3128885546718067e-01	   1.5880037144016157e-01	   3.8514978643050457e-01	   0.0000000000000000e+00	   9.6883658410745588e-01	   6.1487081851652869e-01	   5.5759858252427930e-01	   1.2590880116183158e+00	   6.5295537510200197e-01	   2.2225905091767012e-01	   2.7939439243143771e-01	   4.0420445663161486e-01	   2.5332884284729656e-01	   6.3811760210876101e-01	   3.0356309682495763e-01	   2.2012113301779188e-02	   6.3465790176092080e-02	   2.5944183926372372e-01	   1.5689663207256169e-01	   2.9397341818516898e-01	   5.1382458493102667e-01	   3.5963262803093493e-01	   3.5374534513478778e-01	   4.0835124860142968e-01	   4.7291899067769422e-01	   5.8894234715613214e-01	   6.5895680411277502e-01	   2.4622791942526567e-01	   2.0337426662731484e-01	  -3.3129394067405060e-02	   1.1327492404988647e-02	   7.5938933369944200e-02	   9.3571876895440026e-02	   1.9101735287612207e-01	   2.6917831448618890e-01	  -1.1340009504899273e-02	  -1.5957687151311803e-01	   1.6861894651673145e-01	   1.4561870935016186e-01	   1.1975112724136662e-01	   2.9544576022476488e-01	  -7.4415407705897219e-02	  -9.0605147856706023e-02	   4.8875556963021441e-02	   1.0575431992325703e-01	  -4.2790559093660889e-03	  -5.1703071933358151e-02	   1.2654383524102858e-01	   1.9763312418167106e-01	   6.6785992993251234e-02	   4.4959107449422192e-02	   1.9546994133141071e-01	   1.6595837395672819e-01	   1.3507015798605332e-01	   1.0192184279683844e-01	   4.9519130185434093e-02	   1.5913067101853168e-01	   1.8394844678844674e-01	   2.0299714714601602e-01	   3.0813903864333991e-01	   4.0656440526924759e-01	   6.8468661934354344e-02	   6.0647649471113176e-03	   5.3338323511894958e-01	   6.2213167797168956e-01	   1.4967442042838494e-02	   1.6025547881873531e-01	   2.5869369317451096e-01	   3.7029220511071137e-01	  -1.6636288906378836e-02	   6.5060976593130981e-02	   1.1716120421898164e-01	   2.3093280618795767e-01	   1.6318598489396927e-01	   4.4086168773168732e-02	   1.0792194549346207e-02	   1.2945214994971158e-01	   1.3629556308912952e-01	   1.2133990418919717e-01	   9.5552786295477685e-02	   2.1557823586225802e-01	   3.4586347225900871e-01	   4.1121437555354790e-01	   2.0330637004919017e-01	   4.3687213927666846e-01	   3.6810667165490918e-01	   5.5665396609447848e-01	   6.2253405179669130e-01	   4.3396820474688402e-01	   6.3096675870775631e-01	   4.7511845662960606e-01	   5.5388034936300190e-01	   6.2978639209205112e-01	   3.3614341004266601e-01	   4.1591742275152005e-01	   6.8915969215639736e-02	  -1.4162507854817336e-02	   2.6906959931561153e-01	   1.1387269501572403e-01	   2.7716580438131438e-01	   4.0065231430790516e-01	   4.5151741701777479e-02	   1.9236447199199741e-01	   5.5384807607408187e-02	   3.2759164066659652e-01	   1.2549903763958592e-01	   2.1176670210191290e-01	   2.2087911910115279e-01	   2.3481680831839935e-01	   6.1023759112305703e-02	   7.1445063741664289e-02	   2.9107947209726315e-01	   3.3320659036663886e-01	   2.7712408870624899e-01	   1.3571432571277192e-01	
   1.5239830125926906e-01	   1.4007513078284897e-01	   1.3669973798324989e-01	   3.5874207217550391e-01	   9.6883658410745588e-01	   0.0000000000000000e+00	   7.1778766659581472e-01	   6.3621328431835966e-01	   9.9475977500268797e-01	   6.1674252334857771e-01	   2.9396050219017877e-01	   3.9723492971537083e-01	   3.9253385825445253e-01	   2.2724947419420563e-01	   6.0161574903891291e-01	   3.0653550699299081e-01	   1.7640903447936082e-01	   2.6234071819225668e-01	   2.7496993031344436e-01	   1.0789228853011473e-01	   4.9285378749768860e-01	   8.2686248806830664e-01	   2.2130747471086035e-01	   1.7522611852983105e-01	   2.3645219227894132e-01	   5.7109012389578928e-01	   3.9843986681852639e-01	   7.2669423519987142e-01	   4.1429795797673663e-01	   3.4210791658649381e-01	  -3.4708879331322100e-02	   5.1489808998002727e-02	   1.6820581985450728e-01	   2.3315387485145067e-01	   1.9514825595232832e-01	   3.6204874778489027e-01	  -1.6702495605475248e-01	  -2.2374099630967137e-01	   2.6706776795075431e-02	   3.0301325305378369e-02	  -1.5967885455542091e-02	   2.0560353429324693e-01	  -4.3016369251032631e-02	  -7.8121653038933536e-02	   8.8032093947567044e-02	   1.3792162581458572e-01	  -1.5521180153115774e-02	  -1.0937363699664157e-01	   4.7523973767016225e-02	   9.7439278508278090e-02	   2.6088430070569317e-02	  -3.0631797281099639e-02	   1.5382026884461480e-01	   5.1813780097419949e-03	   9.3933870971664390e-02	   3.7968379519085674e-02	   1.5093774694068507e-01	   2.3045846226797115e-01	   2.6389391212918645e-01	   2.5989373439141905e-01	   5.7986632129931037e-01	   6.0666096067616559e-01	   3.1254322850479460e-01	   2.3770724343734048e-01	   4.1961354880386703e-01	   6.8525128458568851e-01	   1.1955296518226888e-01	   3.3094768345840614e-01	   8.6884622136422604e-02	   2.4174709626676683e-01	  -9.4813237406420354e-03	   8.5956964203991418e-02	   5.2879086371027291e-02	   2.1122438813761737e-01	   9.6027839530721831e-02	   2.2479001217832847e-02	  -6.8010703111566456e-02	   7.1971630494961969e-02	   2.6645871411679972e-01	   2.4281500134316528e-01	   2.6127355342279157e-01	   3.5530084762259950e-01	   3.9821180252870170e-01	   4.2161945460275291e-01	   1.9859930122659822e-01	   4.0135670699720916e-01	   3.5507925384937600e-01	   4.9919774725434551e-01	   6.9684394987603759e-01	   4.6438224925992638e-01	   4.8002822402705314e-01	   3.6031465289889764e-01	   4.9289639167006660e-01	   6.5173264354994942e-01	   1.8352688923446775e-01	   2.1558445747488053e-01	  -1.2497762105688027e-02	  -7.3361856645500559e-02	   3.0332276984324513e-01	   1.4517678855178454e-01	   3.5745309219267568e-01	   6.0939347980996061e-01	   1.4454819289436271e-01	   2.9581998376839269e-01	  -2.6103618162282408e-02	   2.4907786642751334e-01	   1.2787567857811874e-01	   2.0764033573829241e-01	   1.4182390335021156e-01	   5.7896919749281336e-02	   5.4850539672930236e-02	   9.7126087979289080e-02	   2.1876533998246223e-01	   2.5485392855144928e-01	   1.3083345147137002e-01	   1.0552852010427570e-01	
   2.7828027346624651e-01	   1.9382844141963412e-01	   7.0641058830553627e-01	   5.6599728969036711e-01	   6.1487081851652869e-01	   7.1778766659581472e-01	   0.0000000000000000e+00	   8.2786275583502489e-01	   6.5307112859814476e-01	   4.1175386283826582e-01	   3.1925558053432473e-01	   3.9171339148555567e-01	   3.8702870917389420e-01	   2.3480809130984484e-01	   3.5264603822655588e-01	   2.4804124966566346e-01	   2.3851535418267716e-01	   2.8940880577906175e-01	   3.2053580920142338e-01	   2.9367119894188753e-01	   3.1738388652535132e-01	   2.5024250194492892e-01	   5.0458303641711255e-01	   2.6737738904904540e-01	   3.2969180717471286e-01	   4.2852408894276645e-01	   2.7350202714689947e-01	   3.5562243454846421e-01	   4.8704379454549429e-01	   4.3414114727857611e-01	   3.8905516494561077e-01	   3.9550447966637980e-01	   4.7974916216026026e-01	   4.8336725027694305e-01	   4.3788461294838321e-01	   4.5793630988417544e-01	  -2.2013792065222349e-02	  -3.2627730474218249e-02	   2.9031002313072185e-01	   1.9180973613079430e-01	   2.4409087658377771e-01	   1.9015463996086554e-01	   2.1657243787564431e-01	   1.5359134299407315e-01	   2.1731773672466004e-01	   1.2710409226434546e-01	   1.7553434131347628e-01	   6.1125095337805239e-02	   2.2274797144254993e-01	  -3.2792529807101616e-02	   3.2264788316557225e-01	   1.1200288593997376e-01	   1.9931483929619781e-01	   7.8593535869869002e-02	   3.2964810157727609e-01	   1.4899093605336261e-01	   2.0838983226503000e-01	   2.2151413002243731e-01	   4.4212675331448736e-01	   1.6963439508421091e-01	   8.2587782666031351e-01	   5.1857686706058337e-01	   4.1435560385594239e-01	   3.2363095884447768e-01	   6.3410112407297547e-01	   6.7952147925686024e-01	   5.1523836507903320e-01	   4.8757025354345163e-01	   7.9539225922424128e-02	   1.5393749627836878e-01	   3.4971050623659011e-01	   4.0129947325428450e-01	   3.7306882326323432e-01	   4.4523554253849651e-01	   2.8227962358475267e-01	   3.6679340995104281e-01	   2.4968284354034620e-01	   3.1389082272680124e-01	   3.5389444238122858e-01	   4.4628390411852314e-01	   3.2954211813795919e-01	   4.0728616880756263e-01	   2.6286927895261519e-01	   2.1126468146249269e-01	   2.7354121338817156e-01	   5.1897077645547363e-01	   3.6892861913245673e-01	   2.7672103504111395e-01	   8.0010025829933085e-01	   4.2216699477426722e-01	   3.8638939585123561e-01	   3.3876585035339829e-01	   4.4392765859566380e-01	   7.1794094970899303e-01	   2.3292481256018754e-01	   2.8487709677780909e-01	   2.0463894053322751e-01	   7.8782870874679445e-02	   4.5574496241659401e-01	   2.4753867513505284e-01	   4.2359055156129960e-01	   6.8884144679472548e-01	   1.5214472241960939e-01	   3.6779989068115965e-01	   1.1978397023425176e-01	   5.4501739505964197e-01	   1.8637383692306689e-01	   2.8549561256140304e-01	  -7.2314864646531696e-02	   1.2788420057428462e-01	   1.6450365003333287e-01	   1.9647503721796492e-01	   2.0749455309579229e-01	   2.3277859848948057e-01	   2.5882172679584337e-01	   3.8811808103783221e-02	
   3.2565094108290793e-01	   3.1876663434910085e-01	   3.4679541623201637e-01	   1.2112513751587881e+00	   5.5759858252427930e-01	   6.3621328431835966e-01	   8.2786275583502489e-01	   0.0000000000000000e+00	   6.2116221195317045e-01	   8.1539111203367964e-01	   3.7858399551977362e-01	   6.1224210797966072e-01	   3.5924916875309187e-01	   5.0838189838769976e-01	   2.7668301800362433e-01	   4.7842173125777543e-01	   3.7647037529218647e-01	   3.4327534374231844e-01	   3.6173467596235359e-01	   4.1112062634824026e-01	   7.5896762909871351e-02	   2.2374015399381900e-01	   5.2447946457688421e-01	   6.0544834049985119e-01	   8.9430435770218725e-02	   2.9321176685061678e-01	   1.1534387560679522e-01	   2.2848550819542784e-01	   4.2394848309767202e-01	   5.1828871705763624e-01	   2.6823130635948733e-01	   4.5375684264669175e-01	   3.9202355859921723e-01	   5.8953710973760753e-01	   2.8410957443042145e-01	   3.7010408621485086e-01	  -7.0356814658807110e-02	  -6.5104142971300932e-02	   1.6518791878078407e-01	   2.3509584782922593e-01	   2.9302357562094108e-02	   2.5482409285357888e-01	   2.4872707060021304e-01	   2.5204737438707492e-01	   2.2655580134393216e-01	   2.3325390032603949e-01	   2.5468125882099923e-01	   1.3708927178651698e-01	   2.5720948948212535e-01	   1.1949935999788298e-01	   3.2622466031914871e-01	   2.4082870236988019e-01	   3.6092802721518574e-01	   1.5997556750639466e-01	   3.9296288662428880e-01	   2.5666192238144653e-01	   3.0422067010775072e-01	   3.8758147623524902e-01	   5.0600270981000173e-01	   3.4992236548098132e-01	   7.3148780040945816e-01	   8.0081113322599295e-01	   5.0040022315692378e-01	   3.8171466421054773e-01	   7.1374457210775577e-01	   9.9091233987514726e-01	   4.0843141152617990e-01	   5.4925353098541385e-01	   2.1264300953678397e-01	   2.8337328831344066e-01	   1.7073687973186777e-01	   3.6797451573659817e-01	   2.2416079231177216e-01	   3.1979752776773868e-01	   3.2148368962046808e-01	   3.4438064228034315e-01	   2.2379726496654720e-01	   3.2049224409998839e-01	   5.4756987776291188e-01	   5.8584215640041282e-01	   5.0981991344922595e-01	   5.5873717619886010e-01	   9.3086152332358563e-02	   2.8662617831338838e-01	   4.4199665292143664e-01	   8.5165290752408918e-01	   2.7162699707348947e-01	   2.1660711151293460e-01	   8.2691339097181382e-01	   4.8882721427276810e-01	   6.2117154255719864e-01	   3.3112623551666004e-01	   7.7244072823866827e-01	   5.0909455100275958e-01	   3.6013952099196356e-01	   2.4160441973391084e-01	   2.6942590894968627e-01	   1.7394569041321231e-01	   4.7568395581077028e-01	   2.7042284642452907e-01	   6.7024224188585091e-01	   4.9942624710622685e-01	   3.9036098125935265e-01	   4.3749830586396243e-01	   3.0746346670472285e-01	   5.2811733274675332e-01	   3.0539456497354633e-01	   2.1022125521267562e-01	  -8.0192713471748195e-02	   1.4751364003939837e-01	   1.5487564260439027e-01	   2.4965553556600872e-01	   3.0089879599425207e-01	   4.0974594776912482e-01	   3.4466415880953194e-01	   8.9249753083136568e-02	
   9.9546736805671929e-02	   1.7521174717237761e-01	   5.0821409942577535e-02	   4.2593497191842455e-01	   1.2590880116183158e+00	   9.9475977500268797e-01	   6.5307112859814476e-01	   6.2116221195317045e-01	   0.0000000000000000e+00	   8.8484971896918230e-01	   3.7516246685636989e-01	   4.4162215606175637e-01	   5.7296335343977112e-01	   3.8697858937181995e-01	   7.8127831536642101e-01	   5.1802454749061955e-01	   7.7882074049338085e-02	   1.1114971101439486e-01	   3.4647244710128761e-01	   2.0642949832848861e-01	   1.8729728238100507e-01	   4.0600178167693030e-01	   4.0446594919256129e-01	   4.5912502402926575e-01	   2.5881979228746721e-01	   3.6539464792436421e-01	   4.5599329203091277e-01	   6.0558671806603392e-01	   2.8135374679456943e-01	   2.6170252024886398e-01	  -7.3349042216719340e-02	   1.8350397730495984e-03	   1.9697330330605459e-02	   9.4365810658112240e-02	   7.8419993769805796e-02	   1.2199709103507181e-01	  -8.3567516732469899e-02	  -1.8757176009388482e-01	   5.8791732926493562e-02	   8.5604467530940170e-02	   6.5988024202661092e-03	   1.9017951703125305e-01	  -1.0546832586099715e-01	  -1.1419625387885718e-01	   3.7250139698907121e-02	   1.1125725081076787e-01	  -3.9067616541767040e-02	  -6.4863667117794260e-02	   3.9825367692805633e-02	   1.4984008985921385e-01	   1.0968413568409253e-01	  -6.5755297461759102e-03	   2.2200009706270871e-01	   1.5116155596354236e-01	   1.2142173422089025e-01	   1.0790899916550357e-01	   7.4479644131511730e-02	   2.1362416385783922e-01	   1.4199113346490191e-01	   1.0836992378892794e-01	   4.4888096529591126e-01	   5.1899079152895733e-01	   2.5140899297161484e-01	   1.2364035446378467e-01	   6.9898087343391824e-01	   6.7217516852855164e-01	  -9.4561045304183702e-02	   5.4847438997507915e-02	   2.4406871099949379e-01	   3.6815950440901285e-01	  -1.3099687916842162e-01	  -2.6093073974059602e-02	  -2.0629623817551193e-02	   1.2559728208168353e-01	   5.7919604203957864e-02	   7.6594421256927225e-02	   6.0542323157737769e-02	   1.4709761576467900e-01	   1.0979818027329380e-01	   2.1208527826333223e-01	   8.4023537974455706e-02	   2.9380717662414885e-01	   3.3392150942345911e-01	   3.6329702967933203e-01	   3.8170257477267561e-01	   6.3427277908709767e-01	   4.4997690118722095e-01	   6.2026033778159972e-01	   7.6641854661687636e-01	   4.8263483102719340e-01	   6.1584600531795963e-01	   4.9552838693466905e-01	   5.1534118516880034e-01	   6.3968922527655370e-01	   2.5256204438833113e-01	   2.5411909204668576e-01	  -1.3339314926814049e-02	  -7.8095911983498550e-02	   2.1508632871408956e-01	   7.6734104356949828e-02	   2.1734601034730988e-01	   3.5734723920849598e-01	   4.8335460769901452e-02	   1.3631398614590171e-01	   2.6676042495061301e-02	   3.3896282473889200e-01	   1.0544992843158335e-01	   1.2758576929941542e-01	   1.2304791922981731e-01	   1.4127727924678937e-01	  -4.0637993033977436e-02	   2.0365468288319064e-02	   2.4261935712538729e-01	   1.4212451337552007e-01	   1.4469890970589505e-01	   9.0262019866613225e-02	
   6.3112539944737589e-02	   1.3256085096404294e-01	   4.3386740620912856e-02	   7.3920284385661050e-01	   6.5295537510200197e-01	   6.1674252334857771e-01	   4.1175386283826582e-01	   8.1539111203367964e-01	   8.8484971896918230e-01	   0.0000000000000000e+00	   2.5107901994460124e-01	   4.6868809833888359e-01	   3.0690374831287015e-01	   4.8700908438346624e-01	   3.5866934580350729e-01	   7.6722086208507201e-01	   7.1216137488471942e-02	   7.8184655836006950e-02	   3.2114143673748313e-01	   2.1087452245075433e-01	  -7.9305298721295450e-02	   1.5240123082627349e-01	   5.5303021006577269e-01	   8.7577222695957935e-01	   2.6420210392258645e-02	   2.5056182591538945e-01	   1.9252980154657290e-01	   3.1969601256840685e-01	   5.4846805397042980e-02	   2.3469083179463673e-01	   7.0221065220273049e-02	   2.7670794074952543e-01	   4.1938034531430461e-02	   1.7306813762003667e-01	   6.0713623649373140e-02	   7.7702447679057665e-02	  -1.2179466836802244e-01	  -1.7808486640699681e-01	  -5.2674357774022733e-02	   8.9674317910499624e-02	  -1.2163802578063475e-01	   2.0488047099606119e-01	  -7.4707079128558179e-03	   1.1905178689500922e-02	  -9.0130164989634125e-04	   9.7449919663443740e-02	   3.5066397577317714e-02	  -2.4748328416962145e-02	   1.4943436303092465e-02	   1.1857710023137356e-01	   1.0341968133948355e-01	   4.9741384967128113e-02	   2.6037642814147954e-01	   1.2119448493243126e-01	   1.6500549460359420e-01	   1.3251033826635616e-01	   5.7646758504441724e-02	   1.9445819487664270e-01	   1.2073998265850711e-01	   1.2335290706428251e-01	   3.1690376543277943e-01	   5.1743223155136020e-01	   2.4222674437285577e-01	   8.4107023350966717e-02	   6.7097216052871744e-01	   6.9061084534121631e-01	   4.4015209717481376e-03	   1.3364972033290831e-01	   1.8170922921375909e-01	   2.8737416860040316e-01	  -1.2456446920028039e-01	   8.5088892103206512e-02	  -2.5029834485622442e-02	   1.1549424644316518e-01	   1.7826743060100578e-01	   1.8462326216187266e-01	  -1.1925791014328682e-03	   1.0866656755473238e-01	   1.5453782265132820e-01	   2.7755602464651213e-01	   1.4804785824249153e-01	   3.1606316954894309e-01	   5.7250877828846032e-02	   2.6033906366364756e-01	   4.9493988897787489e-01	   8.2070601336366322e-01	   2.6273555051056158e-01	   3.8351540501929510e-01	   6.3765214485378319e-01	   3.3190174482993551e-01	   7.2894100013728647e-01	   4.4913316650489143e-01	   8.0196684888314873e-01	   5.1378721005104389e-01	   3.6851199412936331e-01	   1.0879159379208765e-01	   1.1462416069671738e-01	  -2.7054909632529486e-02	   2.2518158070241603e-01	   8.1915916323993879e-02	   4.3835086613361934e-01	   2.5876160952705385e-01	   1.9675851265482472e-01	   1.8479086194076078e-01	   2.5832127190254073e-01	   3.4110055165871978e-01	   1.8343916005352087e-01	   2.3968104025277043e-01	   1.9186199784066094e-02	   9.4506011355855651e-02	  -7.5640636450947360e-02	   1.1257237592445415e-02	   2.5917787600463266e-01	   2.5333994301393786e-01	   3.2736049382468768e-01	   8.7770358656828196e-02	
   7.5635666096080478e-01	   4.0569575987767825e-01	   2.8333795391317107e-01	   2.5654582829148431e-01	   2.2225905091767012e-01	   2.9396050219017877e-01	   3.1925558053432473e-01	   3.7858399551977362e-01	   3.7516246685636989e-01	   2.5107901994460124e-01	   0.0000000000000000e+00	   7.1085885390915315e-01	   1.1596506127925383e+00	   6.8803053497339073e-01	   7.0686156627907393e-01	   4.9785495916898570e-01	   4.9588744877826252e-01	   3.4432732066252869e-01	   7.7502818403985219e-01	   3.9879333390907395e-01	   1.2665545130871647e-01	   1.1115311068049889e-01	   3.5252956180108730e-01	   2.1500740552948186e-01	   5.0669154176541387e-01	   2.4576055727708929e-01	   4.4720555047559341e-01	   2.6686753257723395e-01	   6.3029611154251997e-01	   3.7581921933814977e-01	   1.5176755839216274e-01	  -1.7811498728105290e-02	   2.5471490796616286e-01	   1.9275600488843769e-01	   2.6248358414065071e-01	   1.8651280900201042e-01	   3.3694530187144833e-01	   2.1728309201666240e-01	   3.2622650906241912e-01	   2.0928174481016351e-01	   2.9971568684133876e-01	   3.3870397862032575e-01	   1.0348325243384839e-01	   6.0456124653741103e-02	   8.8189484928819201e-02	   1.5601017966861183e-01	   1.2075374667083955e-01	   2.1945858564944382e-01	   8.1311906479547252e-02	   1.3606614980869386e-01	   2.7376744564591871e-01	   7.6051368130158711e-02	   1.7975477595947487e-01	   2.6829624971040111e-01	   2.6730390195226938e-01	   2.6713421814242067e-01	   4.7795105223029111e-01	   3.3408116961007822e-01	   1.6724585287632548e-01	   9.0681009560975093e-02	   3.8668113541420457e-01	   3.4252735903860121e-01	   3.8290325163375172e-01	   3.1394899015765243e-01	   1.7828645630900547e-01	   3.2011159097396485e-01	   4.6658378432549497e-02	   6.6252675107605269e-02	   2.6494188712259725e-01	   2.8285126784900971e-01	   1.0862657701654999e-01	   1.0907266818133601e-01	   3.4112168005877957e-01	   3.8550457156046414e-01	   3.8090326969414845e-01	   6.0050990607121169e-01	   2.9689556108533804e-01	   3.6754499539738938e-01	   3.2846045341763924e-01	   3.1274859012893241e-01	   5.6049825646282947e-01	   6.9810738535633909e-01	   4.6219201922755254e-01	   4.3481918733696956e-01	   8.7691916210492149e-01	   5.7194322457252289e-01	   4.5021997615803006e-01	   3.4713636080603966e-01	   5.7316082150240311e-01	   3.1883382085403994e-01	   2.2085405515749354e-01	   1.7260247548707236e-01	   1.0808406980411303e-01	   2.0602572316757323e-01	   3.6823370751012086e-01	   2.5158702043791581e-01	   1.6862056183983110e-01	   2.7007617687665153e-01	   3.6354185190526023e-01	   3.5744327703450085e-01	   2.0990961881259784e-01	   3.0873127374487358e-01	   1.4254354937772259e-01	   2.4283742458936258e-01	  -1.1385857540542843e-01	   9.5483691912363083e-02	  -1.2303786989225224e-01	  -1.6513927877427428e-01	   1.1476420333259042e-01	   2.3405021440467880e-01	   1.9576375114392561e-01	   4.2232276344929603e-01	   1.7416602407797660e-01	   1.2892412277155649e-01	  -1.0882497332647967e-01	   1.8431345811371352e-01	
   4.8015667161578851e-01	   3.4019347667047439e-01	   1.5465981572701373e-01	   4.1985496738674444e-01	   2.7939439243143771e-01	   3.9723492971537083e-01	   3.9171339148555567e-01	   6.1224210797966072e-01	   4.4162215606175637e-01	   4.6868809833888359e-01	   7.1085885390915315e-01	   0.0000000000000000e+00	   7.2559955410456212e-01	   1.0687325102371075e+00	   6.5454796040835461e-01	   6.8574279511869840e-01	   4.5133831576620387e-01	   5.5405514924653776e-01	   5.9901340832109573e-01	   4.9868498220140789e-01	   1.7344214510445838e-01	   1.6395645814296597e-01	   2.7239339641010296e-01	   3.4624223243418517e-01	   1.5769955181836245e-01	   1.3127015923872359e-01	   2.2786450201714048e-01	   9.1156792377743448e-02	   7.6035376518192799e-01	   9.2334344876052410e-01	   2.0651140804525947e-01	   1.8545268450394700e-01	   4.6518359489828243e-01	   4.6934495019837152e-01	   2.7192843503095998e-01	   2.3190963573239437e-01	   3.8126304469695491e-02	   6.5343564905554277e-02	   1.8716592417822686e-01	   3.2462871416239707e-02	   1.9832837430448330e-01	   3.6280095522645578e-01	   1.9158814921864881e-01	   1.4344401565225534e-01	   2.0153978662159508e-01	   2.6142829447261862e-01	   1.9006346712843317e-01	   1.2725227280575882e-01	   2.2855020125925113e-01	   1.5301050691644899e-01	   3.5034173278504882e-01	   1.8750203302703980e-01	   3.7493464514316627e-01	   2.6643101820602921e-01	   3.8071331458500685e-01	   3.4351738093721801e-01	   2.8968557765225178e-01	   3.6376644504358407e-01	   3.4842361767033081e-01	   3.0492429564401491e-01	   5.2060517303518172e-01	   6.4089304371262901e-01	   7.1180412319981612e-01	   7.0717099875356682e-01	   2.8724808771911214e-01	   3.9467124221686173e-01	   1.9009049569071518e-01	   2.9350388192442506e-01	   2.0851495883521831e-01	   2.4146237878337035e-01	   7.7461151103477482e-02	   1.3072126914759624e-01	   3.1982893881603269e-01	   4.0499082027157629e-01	   3.7816755915513883e-01	   4.1503203628257546e-01	   2.8866915993125297e-01	   4.2679043940505357e-01	   3.7039714795869244e-01	   5.6887069483982011e-01	   6.5726372263449173e-01	   7.8461263356035882e-01	   4.2916579134152311e-01	   6.6477759925722224e-01	   6.4137523517365891e-01	   7.3686948363629678e-01	   4.2877958571598973e-01	   4.5182599146440461e-01	   6.1942104023497069e-01	   5.4967465457448250e-01	   3.7980265944261127e-01	   1.0985846476599447e-01	   2.7609442937113315e-01	   2.7033478552518514e-01	   3.9035682346950973e-01	   1.9832190094482435e-01	   2.1699650845150517e-01	   1.8321939803706541e-01	   5.0576194377619244e-01	   2.9205379989722813e-01	   3.5872449156380370e-01	   3.5758898369271352e-01	   3.0582311725523820e-01	   2.7263340743773279e-01	   1.3639219462486679e-01	   1.4236871205951693e-01	   1.1640998566022753e-01	   8.0311659150544390e-02	  -8.5367206820080352e-02	   2.8595393979632573e-02	   9.8042754798982279e-02	   3.2889587944659632e-01	   3.5645774341056297e-01	   2.9465481404819327e-01	   1.4437354721880208e-01	   2.1978245139157629e-01	
   3.7090852790511225e-01	   2.3526679732409594e-01	   2.1579421902399493e-01	   1.8678126958302665e-01	   4.0420445663161486e-01	   3.9253385825445253e-01	   3.8702870917389420e-01	   3.5924916875309187e-01	   5.7296335343977112e-01	   3.0690374831287015e-01	   1.1596506127925383e+00	   7.2559955410456212e-01	   0.0000000000000000e+00	   9.1796726599254752e-01	   1.1951844215694793e+00	   6.8518973479297052e-01	   1.7189553491399898e-01	   1.5006530341450375e-01	   6.8797655045564132e-01	   3.0264346386430357e-01	   2.0181357053498578e-01	   2.0604508168388172e-01	   4.5600750084474279e-01	   3.1975936807121269e-01	   6.1357435766042467e-01	   3.3277171892784391e-01	   5.6774294031457895e-01	   3.3114094678869582e-01	   6.0016267221202568e-01	   3.8386732157218278e-01	   2.1751309392406445e-01	   8.3883681580165861e-02	   8.4379319066735264e-02	   1.0172919573384911e-02	   2.0994774593403653e-01	   9.9582956120587027e-02	   3.8081177928253090e-01	   2.8403745241277345e-01	   3.1446432978224959e-01	   1.0993211663097158e-01	   3.6576849463521854e-01	   3.6911920010252358e-01	  -4.9825020315101666e-03	  -7.7729301965174621e-02	  -9.2040975703804716e-03	   7.9749838041468638e-02	   2.6005369156749714e-02	   7.1014980044622950e-02	  -5.4151053470788330e-02	   1.2523995935443119e-01	   1.1760012428691854e-01	  -6.3685199938414552e-02	   3.2602090421999082e-02	   2.2016708129341511e-01	   1.3438964995303970e-01	   1.3952307379187287e-01	   1.5392787862939455e-01	   1.4483155437352641e-01	  -6.9969446603473456e-02	  -1.1215528837543079e-01	   2.7705594393292543e-01	   2.7306754255846821e-01	   1.9456563713246294e-01	   1.5679784656543327e-01	   2.2773037972150789e-01	   3.3183524775785450e-01	  -1.4293319280984507e-01	  -1.1694604907442921e-01	   1.4007505976914855e-01	   2.9454862024099948e-01	   1.3134226716291489e-01	   1.1701275420454922e-01	   3.1717949453920513e-01	   3.6343073358351952e-01	   3.7692727194431552e-01	   4.7670229136431586e-01	   2.3773094036901693e-01	   3.2053665841679846e-01	   1.1686563710141191e-01	   2.0435384251588509e-01	   3.0745487467929078e-01	   5.5581546126418002e-01	   6.7296170338323624e-01	   5.9990323519491506e-01	   8.0865623722006807e-01	   5.2779279635725840e-01	   6.1990882748434628e-01	   6.1999737684200729e-01	   5.4005429935193194e-01	   2.2016664795345744e-01	   3.6408324507793410e-01	   2.2622891740244838e-01	   2.7014095618411244e-01	   2.9636304926596813e-01	   3.1103225473139828e-01	   3.3082312932206448e-01	   3.3171890023868694e-02	   4.3450954313376054e-02	   3.0469471507062301e-01	   1.4679699765355453e-01	   1.8260526263601548e-01	   2.6607561969478966e-01	   1.6603355409247744e-01	   1.0295915231893429e-01	  -4.4640601857416376e-02	   9.4494200246418039e-02	  -9.6019349202919518e-02	  -1.7963199532271001e-01	   7.9793905678528884e-02	   1.4770298167058096e-01	   1.0515248856112587e-01	   3.1239357375584048e-01	   2.4614621273850826e-01	   3.4256044881804393e-02	  -1.1221910572736010e-01	   2.3608556009532838e-01	
