   0.0000000000000000e+00	   7.9396114965467834e-01	   4.1697002216720447e-01	   3.4292775404465631e-01	   3.7406879502158941e-01	   3.6175733973055879e-01	   6.0530177599509605e-01	   5.1750282322765784e-01	   3.4931378121659840e-01	   4.7779418651418937e-01	   5.5669609578338974e-01	   8.1472969282427909e-01	   2.7348926986507560e-01	   3.7021866873012782e-01	   3.1769281278319678e-01	   4.4430627093145147e-01	   5.1590170858977691e-01	   5.8190390310248641e-01	   5.1298512436925925e-01	   3.4908104547169355e-01	   7.2771514516617522e-02	   4.2551795255604458e-02	   5.9006426259109276e-02	   3.7091348381099828e-02	  -2.8752099611002113e-02	   2.7258548293795686e-02	   2.5909895385437609e-01	   2.4086199444211297e-03	   5.6278931237717544e-01	   7.0054588608907398e-01	   2.5105307902517981e-01	   8.7977772807737040e-02	   7.8991092596983126e-01	   7.0156495810840569e-01	   7.5734488691053509e-02	   6.9580024940921921e-03	  -6.2499826446697923e-02	   1.2038357921846085e-01	   2.5436416260414377e-02	   2.6618527810482068e-01	   6.4347127453142194e-02	   1.6091121851375365e-01	   2.5513757757201494e-01	   3.1613893813886840e-01	   5.0229525384233575e-01	   4.7655130783346700e-01	   3.7036833661841184e-01	   4.9529883367787136e-01	   5.8449121045581887e-01	   4.8732657438147786e-01	   5.4311776667317080e-01	   5.2567636797258632e-01	   5.2105981757276043e-01	   3.6369266981054937e-01	   5.2342339302677066e-01	   6.0595509798610392e-01	   1.0451991726532672e+00	   7.4558943897794738e-01	   8.7793870949995778e-01	   7.1657753377666411e-01	   6.1308473395076402e-01	   5.3454149605603263e-01	   2.6412996183214565e-01	   6.7308414268252237e-01	   1.2090356163703669e-01	   2.2856157086321988e-01	   5.7700074614396502e-01	   5.7003696950436611e-01	   5.0503594233212445e-01	   4.6083711635389607e-01	   1.4346793992099310e-01	   1.7468501104377032e-01	   3.5261477838135624e-01	   5.3668953652036622e-01	   3.9124915035375329e-01	   5.1262213396439704e-01	   2.4310241858449722e-01	   4.0671006877403570e-01	   4.1283860334216915e-01	   6.5360155312064450e-01	   7.1214056946221049e-01	   7.0601971916035389e-01	   3.1342016304744319e-01	   3.0864747590202735e-01	   4.2325571734938611e-01	   5.6382445734062259e-01	   3.0115817064914097e-01	   1.1603796239084295e-01	   5.1895330578896992e-01	   7.1678707188701118e-01	   3.9094765377712931e-01	   2.9906943941112141e-01	   2.7823992904196521e-01	   1.8138938601620841e-01	   4.2841605491391122e-01	   2.8727681360407969e-01	   5.5099651231340185e-01	   5.3900066630773558e-01	   6.2554929952585403e-01	   5.5685411348048008e-01	   3.9103731718672086e-01	   1.6810896796789673e-01	   4.9166725011358614e-01	   1.5583475158946344e-01	  -2.3569385427577368e-02	  -6.4899653677146146e-02	   2.3511532354558529e-01	   2.0317521940012367e-01	  -9.1122836985214062e-02	   3.9461755635231396e-02	   1.3927533569530895e-02	   2.6019954945727874e-01	  -1.2823789285254086e-02	   1.4335653358064518e-01	   2.5028310894338587e-02	  -8.6661509004170769e-03	
   7.9396114965467834e-01	   0.0000000000000000e+00	   2.7971577326658764e-01	   3.3639082221302585e-01	   2.7846146366730035e-01	   6.6637602442469315e-02	   3.7945533021744815e-01	   4.3003434467729479e-01	   3.5913033552729340e-01	   3.3950083035185163e-01	   3.4593801918260925e-01	   7.8720881077810667e-01	   1.8920232866263642e-01	   2.5711152649129038e-01	   3.2030082181000419e-01	   3.2807346590757863e-01	   4.3760723231819210e-01	   6.2236650966182350e-01	   3.7533309506762025e-01	   3.6654853539652998e-01	   8.3310226900476472e-02	  -1.4070814850175181e-01	  -4.8594955903973600e-02	  -4.1778874362395864e-02	  -1.5110539284589358e-01	  -4.4203707112120370e-03	   1.3496971775667210e-01	  -2.1922122198115301e-01	   4.2369580954303443e-01	   5.6104817264116924e-01	   3.0011182507396222e-01	   1.3255889866339796e-01	   6.6349479472566375e-01	   7.0605301556614164e-01	  -3.8888596064089988e-02	  -9.8601931525364589e-02	  -1.2359902384929128e-01	  -7.2025985365900352e-02	   9.9693434868036680e-04	   2.6732604502250806e-01	  -1.2015919817784356e-02	   1.3267904622927576e-01	   2.9779524851355715e-01	   3.4496610789640092e-01	   4.4459242409840638e-01	   5.0631430458682147e-01	   5.4191622686791996e-01	   5.5080822222637538e-01	   5.5070351834575482e-01	   5.9462778695977880e-01	   4.5766137382333638e-01	   6.6186019311344502e-01	   4.0714497811873318e-01	   6.3190400025971505e-01	   3.7547856991910145e-01	   7.9702729289112073e-01	   8.4298693830100102e-01	   1.2181007487753228e+00	   6.1640495679424323e-01	   6.5909754929804720e-01	   4.5076648929869484e-01	   3.9138742541528643e-01	   3.2887470265574770e-01	   6.0935135536914553e-01	   1.0310674872610757e-01	   5.9191174107394474e-02	   3.5744809092604701e-01	   3.5670588130925668e-01	   4.0734737207050353e-01	   4.1301827131309748e-01	   2.3693788440202670e-01	  -7.9100859858617506e-02	   2.2716315835365475e-01	   4.5763478206440544e-01	   1.1362857442682482e-01	   4.3443448383411459e-01	   9.4404931384189872e-02	   3.2754149429198032e-01	   2.7926775771774814e-01	   5.1144547170164245e-01	   8.0764494687952504e-01	   6.9942438325561906e-01	   1.2585558642653710e-01	   2.9773670602585917e-01	   3.0762649483049653e-01	   3.5948126331920294e-01	   8.7780629733445442e-02	   9.1432743951533127e-02	   3.0181690754405494e-01	   4.5326376971981830e-01	   1.7125534609693738e-01	   3.2177753849864578e-02	  -1.8611162812410893e-02	  -2.7116986275616563e-02	   4.1875134019072802e-01	   1.8880765472179212e-01	   4.3604445300404915e-01	   5.2822928714211748e-01	   4.9950272628052084e-01	   4.5518329494968379e-01	   1.9148229216747575e-01	   6.5756882680095968e-02	   3.1607099880037670e-01	   7.1881656912172423e-02	  -2.5761052520871197e-01	  -1.8477950596353659e-01	   1.4270489935237202e-01	  -2.9365210868464511e-02	  -7.8809626236382740e-02	  -1.1633701778553810e-02	  -1.9915210689260790e-01	   2.9626175264872479e-01	  -3.4422164666775043e-02	  -4.3640053011839194e-02	  -1.2160555206701000e-01	  -1.7396276052992435e-01	
   4.1697002216720447e-01	   2.7971577326658764e-01	   0.0000000000000000e+00	   9.4686163521615807e-01	   4.6209676405409433e-01	   3.9685306165615569e-01	   1.3561821344007186e+00	   6.8689209472658774e-01	   7.5036380512764034e-01	   5.6610413987211572e-01	   2.1838702180621775e-01	   1.8522601864537311e-01	   6.1699147081137967e-02	   9.3783699789996025e-02	   3.2704425598402936e-01	   2.0299814095195712e-01	   1.6279111525753961e-01	   2.4805000732792298e-01	   6.9201503056220770e-01	   4.4120231292936679e-01	   2.4362852387875325e-01	   1.3592838153110562e-01	   8.0065554631435265e-01	   6.4390212551603410e-01	   2.6047625928093576e-01	   3.4637210986338468e-01	   1.4152210886911779e-01	   1.6901346822870808e-01	   1.9749256248552322e-01	   1.4585667609918090e-01	   4.4784879890203555e-01	   4.2877607655984773e-01	   6.6879963071028148e-01	   5.7262715964017286e-01	   5.0528273893895959e-01	   4.9334463625553615e-01	  -8.2865127450517620e-02	  -9.8390736306838769e-02	   2.2586160699573313e-01	   2.7267961655949066e-02	   9.2068652064616119e-02	  -2.2618121385603478e-02	   4.9697503517272851e-01	   4.0507144899175568e-01	   5.8536417762034187e-01	   5.0092267659128753e-01	   4.5062366865108233e-01	   4.4969426289799119e-01	   4.1967668701991778e-01	   3.0284698487517281e-01	   4.4928063139140639e-01	   3.7560633158771539e-01	   2.7031729226831569e-01	   2.8650228468194627e-01	   2.8992334993898372e-01	   5.0873470940860233e-01	   3.4069330128288239e-01	   3.1732074739388882e-01	   4.5997824371324342e-01	   2.1856019062845147e-01	   7.2992912413102495e-01	   5.4027806043257909e-01	   4.4417255922240040e-01	   5.6687773223774496e-01	   7.2831676102553622e-01	   6.3302970282780668e-01	   8.1640060336626008e-01	   7.6534314901158307e-01	   3.6948407427304286e-01	   5.0847954984599886e-01	   2.1226611759106892e-01	   1.9096708136568022e-01	   1.9616418105754554e-01	   2.1824069987837802e-01	   2.9200387344779410e-01	   2.6339475864089157e-01	   3.0139758062119931e-01	   3.3405538808246593e-01	   1.1583562068959627e-01	   3.8201228911258539e-01	   1.6748484716144907e-01	   3.1785459583558195e-01	   3.2386988266500737e-02	   1.0638015407903645e-01	   3.7637555228375147e-01	   5.5789240218304237e-01	   1.5543598325839314e-01	   1.5123983879127845e-01	   5.3707637404681696e-01	   7.2609210512195987e-01	   2.3396376146372883e-01	   3.6975852330662345e-01	   3.3458567597223093e-01	   4.4043906204865246e-01	  -4.9793012008836277e-03	  -9.4240623398686219e-02	   4.1590874036191561e-01	   1.0517277588237767e-01	   2.3833516647175729e-01	   2.9885142679429411e-01	   1.6737702650698397e-01	   2.2531884371167493e-01	   2.0171084220242613e-01	   6.3028967673199238e-02	  -4.5234143585717750e-02	  -1.8414934439672781e-01	   1.8085605180550848e-01	   1.5955323567808044e-01	  -7.2959108247139151e-02	   4.2285340091239722e-02	   2.2834316504210100e-01	   6.4477695777494948e-03	  -7.5811389153908615e-02	   1.9674598687814515e-01	   1.2414037693395949e-01	  -2.2669696050909155e-01	
   3.4292775404465631e-01	   3.3639082221302585e-01	   9.4686163521615807e-01	   0.0000000000000000e+00	   5.7078543825022043e-01	   4.8472616651891010e-01	   9.0625193676750226e-01	   1.0979163329929063e+00	   7.3985806514364438e-01	   7.5010942812642711e-01	   2.5136022705985828e-01	   4.0707119777564305e-01	   7.4200707787458756e-02	   1.6135591441584513e-01	   3.3109215534907466e-01	   2.6569683840079789e-01	   2.1342129547998653e-01	   4.1460828949143325e-01	   7.1257653775147523e-01	   6.4215739388386450e-01	   2.2606116540934068e-01	   2.3802857474814693e-01	   6.1130501630449341e-01	   8.0463914831628836e-01	   1.6663203735566212e-01	   2.9901412038378689e-01	   1.6020748117929495e-01	   1.7010303885234526e-01	   1.9373462950527745e-01	   3.3285076922034307e-01	   4.2985796224143397e-01	   4.6271943829473550e-01	   5.3233138838423988e-01	   6.3175176063812799e-01	   3.6685336903472393e-01	   3.8089520726818710e-01	  -2.8109046309088507e-02	  -1.1660741062197916e-01	   2.7045078082471735e-01	   3.8102805954022795e-02	   6.7212699322728955e-02	   6.8587023421901053e-02	   5.2920673522614836e-01	   4.8283246201938190e-01	   4.7505409344923066e-01	   4.8199107436534383e-01	   4.9027969419773743e-01	   5.3247887241369996e-01	   3.6611887948880384e-01	   3.7218254243250692e-01	   4.0235057044500699e-01	   3.4186545738800289e-01	   2.5341919938028529e-01	   3.1353470085305568e-01	   4.1078898419813531e-01	   5.0236695993688973e-01	   2.7797406678928588e-01	   4.1379377785653604e-01	   4.1878073678983102e-01	   4.0864681617664517e-01	   5.2721074938869394e-01	   7.1938112870734461e-01	   3.5608846947423684e-01	   5.8878225065070589e-01	   5.1515450698236731e-01	   6.9405520757125783e-01	   6.0348434795966310e-01	   7.7911287112069905e-01	   4.6823040849941677e-01	   6.6787941601264067e-01	   1.3451882968895701e-01	   2.3102214940665503e-01	   2.0756764512308962e-01	   3.4434723252370508e-01	   2.4510389662770998e-01	   2.4121183251238276e-01	   2.9088304389589947e-01	   4.5553087600653408e-01	   2.2180395613516019e-01	   5.8443173466722387e-01	   3.0703270600981614e-01	   3.9802688555725557e-01	   5.1870918938117301e-02	   1.5184246779026753e-01	   4.5695853816817705e-01	   3.8967855520037403e-01	   1.5735804486254998e-01	   2.6148168568515467e-01	   4.7052179275895090e-01	   6.2114813159041027e-01	   2.5100419569939325e-01	   2.7914978039660060e-01	   3.5763047088817279e-01	   2.8657929026855666e-01	   1.4610703590768445e-01	   2.2687785221581099e-02	   4.2996992284684238e-01	   2.2233761318166362e-01	   2.2978986929044762e-01	   3.3464038237786570e-01	   1.4196849964772101e-01	   8.0065294467572296e-02	   1.4615272928736239e-01	   6.3389242290360859e-02	  -1.2905044443159108e-02	  -1.3413745408188685e-01	   1.0995741146247776e-01	   1.4860698348755413e-01	   2.5886790461812692e-02	   1.0196840977215091e-01	   2.3025508180376270e-01	  -5.0494776754029476e-02	  -1.1627732818790408e-01	   1.7494781334577830e-01	   1.8306066483787978e-01	  -1.9168772751818369e-01	
   3.7406879502158941e-01	   2.7846146366730035e-01	   4.6209676405409433e-01	   5.7078543825022043e-01	   0.0000000000000000e+00	   8.3940811798891191e-01	   5.0873567339821457e-01	   6.2883868433411161e-01	   8.5520985373452785e-01	   1.0738955980632818e+00	   1.2208196155109588e-01	   2.5356500951495398e-01	  -1.5535991757935666e-01	   6.7829953671853377e-02	   8.3285283128294821e-02	   2.1018489228721182e-01	   3.0087763629555148e-01	   9.8720481207213551e-02	   3.3082580302458325e-01	   1.7043881170975311e-01	   3.7208092365050634e-02	   2.7848713595927727e-01	   8.5107415670250236e-02	   3.0105555468282896e-01	   7.2154686442459731e-02	   3.5921365667033589e-01	   3.0053497687456099e-01	   3.5507900023783567e-01	   4.2363045697274256e-03	   1.0080781047516460e-01	  -1.4191368520173267e-01	  -7.7358028877796192e-02	   4.7724156401076201e-01	   3.6249741347478925e-01	   1.8299978946201895e-01	   2.1064544168352697e-01	  -2.2718625287227964e-01	  -7.8876115240584643e-03	   9.8667394548977341e-02	   4.3188089254608465e-02	  -1.6506292582746651e-01	  -4.3955754236392440e-03	   5.2369046107578465e-01	   4.8218722218301163e-01	   6.1923516153650104e-01	   6.6208418335625041e-01	   4.4429173992580329e-01	   5.6864750748266368e-01	   5.6525289089414099e-01	   5.2954738112755850e-01	   7.0713837523614631e-01	   4.6337272982107092e-01	   6.0863119416587597e-01	   4.2975804687878250e-01	   7.3714212266242540e-01	   3.7508787803049060e-01	   2.4671218803788453e-01	   4.0954700776132558e-01	   6.8997177146454580e-01	   5.6716683928948708e-01	   6.4488499180876602e-01	   7.2508016389933572e-01	   2.9121651082725147e-01	   5.8927175117948194e-01	   3.5446876311393366e-01	   5.8714277828092520e-01	   8.7426330404681485e-01	   9.3185687017342422e-01	   5.3480437564643490e-01	   6.8721531288391768e-01	  -2.1061567207192469e-01	  -1.1145524867980465e-01	  -1.8648117031852690e-01	   1.9024866866081944e-02	  -6.9613283106532628e-02	  -6.2444749460842587e-02	  -6.9526581651891517e-02	   8.2500853130822865e-02	   4.5056816392085752e-01	   3.6334994137748661e-01	   3.2373423884459918e-01	   2.5073764884625660e-01	   1.9311750058893037e-01	   2.5673418169848589e-01	   1.9610140925550873e-01	   5.4042226082746825e-01	   3.2046420924454250e-01	   9.6329915259149024e-02	   5.4471713019153012e-01	   4.6074744377851140e-01	   5.6925154332668892e-01	   5.3250836426657544e-01	   5.9633416553411933e-01	   5.0211869971299494e-01	   1.0376499597422049e-01	   5.7119644193249636e-02	   2.7734132815660667e-01	   3.1395313155529569e-01	   4.8964488230330150e-01	   5.6170802520240126e-01	   4.1963767007229058e-01	   5.4981445694876363e-01	   4.7412371752244903e-01	   5.0449973720275954e-01	   1.6229036310700262e-01	   5.0018691730632302e-02	   1.6013970746533995e-01	   4.6276864918541899e-01	  -8.7032419333125693e-02	  -1.2302268001605200e-02	   1.7721473069333760e-01	   1.3129483661469979e-01	   1.5749894677357593e-01	   2.2955722883222579e-01	   1.1389806307778967e-01	  -8.1977574676922974e-02	
   3.6175733973055879e-01	   6.6637602442469315e-02	   3.9685306165615569e-01	   4.8472616651891010e-01	   8.3940811798891191e-01	   0.0000000000000000e+00	   3.1440454309148141e-01	   5.1475405827263132e-01	   3.4751150474252662e-01	   6.9780339171226047e-01	   7.6510715951253250e-02	   7.2066433025624960e-02	  -2.0321300278709442e-01	   1.4692212795307902e-01	  -8.7599585919638234e-03	   2.3642774861307220e-01	   4.2291462257105722e-01	   9.2142670183810241e-02	   2.5453500226850057e-01	   1.3347059319651255e-01	   1.5781879632202658e-01	   4.1193203924836347e-01	   2.6524020344156274e-01	   5.0758110079532259e-01	   4.1207942532210118e-01	   6.3947395964069609e-01	   5.1347605025469401e-01	   6.3807195923039783e-01	  -9.6587890253619593e-02	   1.2636427752380472e-01	   3.9738380395137364e-02	   1.2589933642304457e-01	   4.0630439944889490e-01	   2.6173165565930157e-01	   4.2846804673166594e-01	   3.2661401187381500e-01	  -1.2962944887848910e-01	   2.5391373442060522e-01	   1.3549420581235408e-01	   7.6121779906646703e-02	  -1.7984542947755927e-01	   6.3178323753560042e-02	   3.1869935607079547e-01	   3.8198910410461018e-01	   4.5065993461256654e-01	   5.0946615618789748e-01	   2.1618887570097867e-01	   3.7290183499819346e-01	   5.2644387362171119e-01	   4.6250638941263650e-01	   7.4810487537747794e-01	   3.9738084984137345e-01	   4.0508398793255190e-01	   1.6497360683620865e-01	   7.0158615032090821e-01	   2.8441865591453119e-01	   1.0058994129860800e-01	   1.4150291357528316e-01	   4.7771751846309662e-01	   4.1285660624698833e-01	   3.7428587463572460e-01	   5.1944680326726389e-01	   1.1341146791007653e-01	   3.4757767642670007e-01	   5.3128163020717944e-01	   7.3869471032786238e-01	   5.2362841021839723e-01	   6.3077813781563308e-01	   3.5490065647009428e-01	   3.9718853767888107e-01	  -2.0227643765189107e-01	   1.1361892349382555e-01	  -1.7578523956728173e-01	   1.2533897778490613e-01	   8.5952865675924084e-02	  -5.0903987670389783e-02	  -1.5627254666256069e-01	   3.5708306779093001e-02	   6.8229017521991886e-01	   4.7446951526805947e-01	   2.9042230173277633e-01	   2.8556043636148526e-01	   3.1152948181975160e-01	   2.5366451351104852e-01	   3.8928619791271196e-01	   5.5150117071361138e-01	   4.3895507169778003e-01	   1.6817856811675494e-01	   4.6272468982663362e-01	   3.6701884058266004e-01	   2.8593632317314877e-01	   4.2506615115163959e-01	   4.9875923551270873e-01	   4.1023224991428808e-01	   9.9553720944144233e-02	   3.1183984873213246e-02	   2.4593146818184441e-01	   2.9588483108946084e-01	   3.1564762104479538e-01	   3.7253713519885778e-01	   1.6451463014697673e-01	   1.8886856067178651e-01	   3.4605844208580167e-01	   2.6162999702910861e-01	   2.6889091629632245e-01	   7.3898701406356584e-02	   8.2762642042664373e-03	   2.9082008447574381e-01	  -1.2478985812330923e-01	  -1.6742925439235928e-01	   6.5706972106975223e-02	   1.8388482803117875e-02	  -1.1281272326152600e-01	   2.2919569239818027e-01	   1.7611685614006081e-01	  -6.6104182368861425e-02	
   6.0530177599509605e-01	   3.7945533021744815e-01	   1.3561821344007186e+00	   9.0625193676750226e-01	   5.0873567339821457e-01	   3.1440454309148141e-01	   0.0000000000000000e+00	   7.6758687442634055e-01	   9.1932100670429984e-01	   6.6421919684769049e-01	   3.8834279020010548e-01	   4.3813344121243170e-01	   2.9101531518842710e-01	   2.1008244400186302e-01	   5.2363498412542719e-01	   3.7299858657188584e-01	   1.7046773811114480e-01	   2.9802166044627332e-01	   9.2181120389595794e-01	   6.1496448059430253e-01	   1.6987789186722743e-01	   9.1142895933854204e-02	   5.6993548760676205e-01	   4.1693578340172710e-01	   7.4697889053658040e-02	   1.2187088989713912e-01	   2.2257787612997605e-02	  -6.4593982331082487e-03	   3.4615905011344184e-01	   3.4190522079356739e-01	   4.5928825132875389e-01	   4.2859619975578367e-01	   7.6946002937432834e-01	   7.4847193862783223e-01	   3.1224418683771454e-01	   2.7266530169610514e-01	  -1.2781812903072010e-01	  -2.3349126657239211e-01	   1.4433917072352057e-01	  -8.8813767990566450e-02	   1.6601541168185206e-02	  -4.9315071172904901e-02	   5.3477780123835528e-01	   4.4192359890878485e-01	   6.9906641663314506e-01	   5.8590244196597818e-01	   4.8086643369341864e-01	   5.1289172908497016e-01	   4.7992391274929636e-01	   3.3338957175983758e-01	   3.8026998540553109e-01	   3.8747138600939424e-01	   3.0927301044060679e-01	   3.2889779069801167e-01	   3.0076801317574003e-01	   4.9630356222994287e-01	   4.3180565260721604e-01	   4.2670560051712425e-01	   6.2648027270340922e-01	   3.3292682631804799e-01	   8.0792407836021707e-01	   6.3016398084210101e-01	   5.6538249457681888e-01	   7.8559199162380733e-01	   5.2180207159932779e-01	   4.2269510372987773e-01	   9.5145570901495558e-01	   8.9177301936866216e-01	   3.9981680421168797e-01	   5.8085870264150996e-01	   2.5786111348483787e-01	   3.0841801374069105e-01	   2.1599920426813962e-01	   3.1487631294049373e-01	   3.2187227071683644e-01	   3.7321825348055837e-01	   3.1434223733125888e-01	   3.3114167045354931e-01	   6.4157443245671561e-02	   4.4570858181225453e-01	   2.7019200794189219e-01	   4.4508049616694589e-01	   5.0148031430867990e-02	   1.9066803654671938e-01	   4.2812143548430381e-01	   5.3039841748751149e-01	   1.0027885580938416e-01	   1.0518315577900202e-01	   5.2647478155431027e-01	   6.7760138642104661e-01	   3.4704427967770668e-01	   4.6388773914391535e-01	   3.6275495267126012e-01	   4.2674290786203883e-01	   1.2469365669272786e-01	   7.2016826801159263e-03	   4.6438274927792561e-01	   1.8058104852900186e-01	   3.3386392887302746e-01	   4.1553128164468955e-01	   3.8708866957101962e-01	   2.9692408277921917e-01	   3.5164084466886258e-01	   1.4817575793159474e-01	  -4.7596021910733963e-02	  -1.6924766876298675e-01	   1.7507294769248272e-01	   2.3505210115186367e-01	  -6.1904308296073735e-03	   9.3128364802146063e-02	   1.7315520512187407e-01	   5.1401380410091096e-02	  -5.6173011937993650e-02	   2.3224400210361423e-01	   1.1532422003568864e-01	  -1.4759443853363327e-01	
   5.1750282322765784e-01	   4.3003434467729479e-01	   6.8689209472658774e-01	   1.0979163329929063e+00	   6.2883868433411161e-01	   5.1475405827263132e-01	   7.6758687442634055e-01	   0.0000000000000000e+00	   7.0685672169303715e-01	   8.4644135020178513e-01	   3.2883791119670497e-01	   5.4900756711941945e-01	   2.7057883737132177e-01	   3.8646967351634415e-01	   4.4199648571986816e-01	   5.2740792365356426e-01	   2.4447794055365210e-01	   3.6867403532182169e-01	   6.0461859162766729e-01	   6.1325385332659677e-01	   2.5929093515299079e-01	   4.0446597334508627e-01	   3.7319724602998994e-01	   5.9186116224183494e-01	   8.2408787121696095e-02	   2.0925672796488662e-01	   1.7791233571124657e-01	   2.4340764136314363e-01	   3.1244939545398981e-01	   4.8559103616406141e-01	   3.8103460767270819e-01	   3.8134545923374696e-01	   7.2121334794077485e-01	   8.3849378059791957e-01	   3.5723908443028152e-01	   3.7450125616556990e-01	   5.5615684708430570e-02	  -5.7248288137423886e-02	   2.9558110010090255e-01	   1.2460119158787065e-01	   8.8333125721274691e-02	   2.8047834013391876e-01	   4.7043535113944629e-01	   4.5783500702791524e-01	   4.8924605964719026e-01	   5.3226269385866143e-01	   5.1866887560963881e-01	   5.9371496107996946e-01	   4.1427926222525935e-01	   4.8488629775523695e-01	   4.1574940336455524e-01	   4.6332624635302738e-01	   4.1959128365159171e-01	   4.1329445740707393e-01	   5.0488966535974544e-01	   5.3677035798007189e-01	   4.2133610132700555e-01	   4.8440337579375392e-01	   5.9484562423217258e-01	   5.0631443635631657e-01	   6.3743321053743784e-01	   8.7820487278129689e-01	   3.2119808370980774e-01	   6.7167106235595020e-01	   2.7927374131528176e-01	   6.7638247844905297e-01	   6.5675686741204919e-01	   8.7378610346272867e-01	   5.0240882911224216e-01	   6.7143908652470030e-01	   1.2444713029624765e-01	   2.2353979637714677e-01	   2.7748145830031268e-01	   3.7247833700748584e-01	   2.9207450847588740e-01	   2.0849689945300595e-01	   2.4197350566331477e-01	   4.3166934237682753e-01	   2.5399436224611227e-01	   5.4219550410495909e-01	   4.8844043206049459e-01	   4.7741635542640493e-01	   2.9915601131641911e-01	   3.4026375260863018e-01	   6.0507887930744864e-01	   5.5895150359258794e-01	   2.2789986142225976e-01	   2.9643965228960734e-01	   4.8917411804155597e-01	   5.7326844634348306e-01	   4.5321271121310219e-01	   3.8907576279640832e-01	   4.3282682180201593e-01	   2.8923541859782120e-01	   2.6499430094202908e-01	   9.0821130057400612e-02	   3.6780346185934132e-01	   4.0317873135417298e-01	   3.8634037134061611e-01	   5.0861975978220997e-01	   3.7066145242042814e-01	   2.2149316238673666e-01	   3.1967202222067387e-01	   2.3618304177036115e-01	  -1.8517250698480456e-02	  -7.8987444124795150e-02	   1.8976612035470902e-01	   2.2776025912759904e-01	  -7.0601696030614239e-02	   2.4675034082336501e-02	   1.6599861314108807e-01	   1.0759104622712796e-01	  -4.7971773354274515e-02	   1.8456431750192373e-01	   1.5240444322349042e-01	  -8.1283274287034163e-02	
   3.4931378121659840e-01	   3.5913033552729340e-01	   7.5036380512764034e-01	   7.3985806514364438e-01	   8.5520985373452785e-01	   3.4751150474252662e-01	   9.1932100670429984e-01	   7.0685672169303715e-01	   0.0000000000000000e+00	   1.0779865241999962e+00	   1.8511196663424545e-01	   2.9069486128762190e-01	   9.5010898536242908e-02	  -1.6462736403293821e-02	   5.7705110203194154e-01	   3.7201947771428684e-01	   1.3305061809370697e-01	   1.8318456025580751e-01	   7.5815084665616150e-01	   4.4264076059274005e-01	   1.5086910619306207e-01	   1.8824701052444931e-01	   2.4197233574854354e-01	   1.9721724098514801e-01	  -1.9625447079277009e-01	  -3.3423987945324092e-02	  -2.5983334715695926e-02	   9.0090767114731296e-02	   2.9752801487579128e-01	   2.4261157577750164e-01	   2.1697224492155065e-01	   2.7646136607254979e-01	   6.9521675220836721e-01	   6.2789089153692124e-01	   7.8969218969303950e-02	   1.6919734477817583e-01	  -1.2628046374759663e-01	  -2.2720650948565924e-01	   1.5802905927899749e-01	  -1.0259614033505264e-01	   6.2491755690413098e-02	  -9.2730921761009760e-03	   5.2601763265991541e-01	   4.5551392952129816e-01	   7.0767975566116159e-01	   6.3927767398005009e-01	   5.2109945884414688e-01	   5.9810950474716351e-01	   4.3107255641972153e-01	   3.8720468746324704e-01	   3.1349182159034994e-01	   3.8668534781843539e-01	   3.0211994063115111e-01	   4.4393468309031409e-01	   3.5528751340928477e-01	   4.8011566879484524e-01	   3.3995097815686026e-01	   3.9070875158522300e-01	   5.8871899686832707e-01	   3.3385402842655887e-01	   7.3806185551952586e-01	   7.0570209542640461e-01	   6.0895420852605697e-01	   8.7455633855012094e-01	   2.9021598268666721e-01	   3.2049009967706782e-01	   9.0791081609300794e-01	   9.3675018561049861e-01	   5.2897286212097994e-01	   7.0622294693066656e-01	  -7.9906406898485730e-02	  -3.2300359091341470e-02	   6.1190771387974241e-02	   1.1377128251982693e-01	  -7.7545281468089696e-03	   1.6061820095841023e-01	   1.1152457684801742e-01	   2.0604786395636016e-01	   7.2714378822517065e-02	   2.7200264346294756e-01	   3.2770704626875985e-01	   3.4772713674253225e-01	   2.0967552036395412e-01	   1.1634609666230089e-01	   2.1298784016891364e-01	   4.0482234400404393e-01	   9.3843945321762393e-02	  -4.1228266352836593e-02	   4.3579835972257813e-01	   4.8599130003683821e-01	   4.9871348707749363e-01	   4.5138493768599564e-01	   3.2149602309574621e-01	   3.6877502301384979e-01	   1.8009899423904821e-01	   7.7844024621967420e-02	   3.2061731870699683e-01	   2.0185475176826087e-01	   3.3197049773830012e-01	   4.6337469395833436e-01	   4.1479227118341411e-01	   3.4215554665239528e-01	   2.4777206475451549e-01	   3.1741691485216789e-01	  -6.8683402605290086e-02	  -9.0677564107253569e-02	   1.3540653826773760e-01	   2.8026570148522978e-01	  -2.9588256146417472e-02	   9.2304467545838126e-02	   2.0876395252818314e-01	   1.0604256670874723e-01	   9.8483857608742342e-02	   1.7757583301955604e-01	   1.3108893338490055e-01	  -1.8366856118600026e-03	
   4.7779418651418937e-01	   3.3950083035185163e-01	   5.6610413987211572e-01	   7.5010942812642711e-01	   1.0738955980632818e+00	   6.9780339171226047e-01	   6.6421919684769049e-01	   8.4644135020178513e-01	   1.0779865241999962e+00	   0.0000000000000000e+00	   2.4990248541932558e-01	   3.0281855657305579e-01	  -5.0350570726075357e-02	   1.2605081066735246e-02	   3.5692599507674450e-01	   4.1550526401849153e-01	   1.7097312880527626e-01	   1.9762397797411302e-01	   5.4108504134551982e-01	   3.6842288674795920e-01	   1.4032730199827789e-01	   3.3812647310825505e-01	   1.3091446847787175e-01	   2.5037257566921500e-01	  -1.1901421486352486e-01	   6.0354875873667717e-02	   1.2119836928474220e-01	   2.2140455587532792e-01	   6.5671462551910073e-02	   2.0586283623975343e-01	   3.0118832292545181e-02	   1.5772564547333592e-01	   5.8319728498383960e-01	   5.5452528863514750e-01	   1.3095966534172634e-01	   9.2053807822809794e-02	  -1.8544233561693085e-01	  -1.1462706850748983e-01	   1.0659374129320962e-01	  -5.3667961123985697e-02	  -9.7087899361196675e-02	   1.6088231786768364e-02	   4.4889097928332200e-01	   4.2510544320545340e-01	   5.8425155335570045e-01	   6.7714652615278326e-01	   4.8079384524591395e-01	   6.4217058970697805e-01	   4.9542511206785533e-01	   6.3260918117636911e-01	   4.9350493330367495e-01	   4.9706688337346216e-01	   4.4647715270232813e-01	   4.6460048263229942e-01	   5.7020913100413073e-01	   4.9321711213655439e-01	   3.3421271682382153e-01	   4.5088906720287092e-01	   7.9516485180547425e-01	   5.9999630108502544e-01	   7.8611715176357588e-01	   8.6779453271076601e-01	   4.5627923933890702e-01	   8.4143984087623058e-01	   3.2669340878209474e-01	   4.6042649089574694e-01	   8.4069754085129555e-01	   9.8554416272707657e-01	   5.7317945406749382e-01	   7.2824163708103928e-01	  -1.7442778856545929e-01	  -9.2980296895322320e-02	  -4.2382075166188519e-02	   8.2029513508892427e-02	   3.8534577471614921e-02	   7.2998080685545821e-02	  -5.3201796090808634e-03	   1.7686473423800317e-01	   2.4281180099413108e-01	   4.1638541812790852e-01	   4.0956824650127510e-01	   4.0614893720275624e-01	   2.1575246285000493e-01	   1.9549697214485146e-01	   2.7177606395260834e-01	   4.3244339062135934e-01	   2.0196015100004491e-01	  -6.4405868864667398e-02	   5.0271900189628438e-01	   4.7635840531769624e-01	   5.5566740499640943e-01	   5.0964586420019242e-01	   5.0432504098227837e-01	   4.3359681077964074e-01	   1.5740937350439718e-01	   1.4441729090064184e-01	   2.4597179412260320e-01	   2.9369379018414854e-01	   5.1705010649992966e-01	   4.8389846861360353e-01	   4.3708062197145053e-01	   3.3031902678230729e-01	   3.6945228045624551e-01	   3.0464563525673716e-01	   3.0691711059683584e-02	  -5.8083849722088202e-03	   1.5412626689693434e-01	   3.0363992729887945e-01	  -1.1445662041710523e-01	   1.2206961515616011e-02	   1.7248725379502020e-01	   1.1786077779987203e-01	   6.9444537153572863e-02	   2.2933727554596378e-01	   1.6148298100195241e-01	   6.7804831105858929e-02	
   5.5669609578338974e-01	   3.4593801918260925e-01	   2.1838702180621775e-01	   2.5136022705985828e-01	   1.2208196155109588e-01	   7.6510715951253250e-02	   3.8834279020010548e-01	   3.2883791119670497e-01	   1.8511196663424545e-01	   2.4990248541932558e-01	   0.0000000000000000e+00	   6.8641951505054988e-01	   4.6024067643694544e-01	   4.1954191781259620e-01	   2.4482307319871138e-01	   3.3951420431464441e-01	   3.7132342725285261e-01	   4.2278476535942644e-01	   3.0863940432716541e-01	   3.6481485494401439e-01	  -3.5620766060965883e-02	   7.0562635820547018e-02	   1.3902552206948254e-01	   1.1248114733600231e-01	   6.1324881753697684e-03	  -4.8818966590102868e-02	   1.3001993556997948e-01	  -5.2998963687370990e-02	   2.3592881447543976e-01	   4.1776878401300943e-01	   1.2692840855430648e-01	   1.4198643237645303e-01	   2.7462840301430219e-01	   3.3215305083838959e-01	  -2.2872892880324618e-02	  -1.4354600148911781e-01	  -5.8353454216249047e-03	  -2.1718728446175197e-02	   1.0596773061386787e-01	   6.8061586126459295e-02	   8.5882806442192580e-02	  -2.0494436057598492e-01	   1.1498236971150892e-01	   9.3355736519741384e-02	   1.6402401590825613e-01	   1.7152509859237514e-01	   1.0709391210556773e-01	   9.6197756269557025e-02	   3.1605132816469034e-01	   2.2541134146620742e-01	   1.8092339009485409e-01	   1.5574363497082350e-01	   2.7088652583098849e-01	   1.2103116674478998e-01	   2.8214329007252226e-01	   1.7890226429275238e-01	   4.5139654624918740e-01	   4.0883523808635952e-01	   4.8927918842590251e-01	   4.0984385129051326e-01	   3.8224706297530259e-01	   3.5358104310468336e-01	   2.6344572704379532e-01	   3.8150949739883827e-01	   1.0329759876678085e-01	   7.3468065565103102e-02	   1.8635022588015657e-01	   2.3059854695866455e-01	   2.1891123529956180e-01	   2.6774173026394210e-01	   1.3000572148249268e-01	   1.3933494075679892e-01	   6.4435123994469684e-02	   1.9305088967713435e-01	   1.3138406892666657e-01	   2.4576753537832968e-01	   1.2038115205903963e-01	   2.5867252260119089e-01	   1.1556503992909832e-01	   2.8500344308263947e-01	   2.5770482946161277e-01	   2.6837765725671048e-01	   7.5215820867657435e-02	   8.7055457971807054e-02	   3.0683926364759179e-01	   2.4675610843020396e-01	   8.8470831977367465e-02	   1.1666807015657383e-02	   3.7939967280599679e-01	   4.5986650863589562e-01	   1.3635913926326995e-01	   1.9032785073598879e-01	   1.7119103271062605e-01	   7.2473539681710913e-02	   1.9378239725163302e-01	  -2.8559126575810622e-02	   2.9980082217410620e-01	   1.3459876368946533e-01	   8.7666428837068322e-02	   1.6691322042773618e-01	   1.5789758801035764e-01	   9.7110150085022259e-02	   3.0372936624548547e-01	  -3.1692714032067061e-02	  -1.0655225741309145e-02	  -1.4691686923833860e-01	   9.6284749274208131e-02	   6.6210298636759420e-03	  -9.5560903950766565e-02	   1.0824399672532535e-01	   1.4593943055993819e-02	  -8.0360796208189707e-03	  -1.6544535763651919e-01	  -1.1217005216242965e-01	  -6.0140620071539801e-02	  -4.0954776681975648e-02	
   8.1472969282427909e-01	   7.8720881077810667e-01	   1.8522601864537311e-01	   4.0707119777564305e-01	   2.5356500951495398e-01	   7.2066433025624960e-02	   4.3813344121243170e-01	   5.4900756711941945e-01	   2.9069486128762190e-01	   3.0281855657305579e-01	   6.8641951505054988e-01	   0.0000000000000000e+00	   4.3730356978955132e-01	   6.7507736510846483e-01	   3.4075790995221017e-01	   4.9901645275056566e-01	   3.0119332375376673e-01	   6.9644608283253950e-01	   5.0060679014855092e-01	   5.3895338075710997e-01	  -1.1913796709175094e-02	  -8.7991602624419837e-02	   1.8747696132764318e-02	   6.4871422484725993e-02	  -1.1428974249366659e-01	  -6.1790638636456022e-02	   1.7229261128940257e-01	  -1.3734060779465240e-01	   4.7722998202919309e-01	   7.3745063283430934e-01	   1.9573947473495851e-01	   6.8397916540613543e-02	   4.1313881796627927e-01	   5.0396195819619183e-01	  -1.3469711775993043e-01	  -1.6858468982143257e-01	  -3.7232351472791712e-02	  -2.3429061032920384e-01	   3.5798381456253546e-02	   1.5904327661663506e-01	   1.8536003020653592e-02	   3.2252394503920902e-02	   2.3834265506585914e-01	   2.3237846338654972e-01	   2.7499239799074993e-01	   3.2702144076067124e-01	   3.6034624031434670e-01	   3.2437284634410479e-01	   3.8597435111337763e-01	   3.9764363050660628e-01	   2.8491209124139405e-01	   3.5534182377343310e-01	   3.5940168708791836e-01	   3.5710206761278873e-01	   3.4279537235654406e-01	   4.4375460431050939e-01	   6.7821290661042477e-01	   7.9973244734204862e-01	   5.0350003831887136e-01	   6.2328583402916293e-01	   3.8679709698255432e-01	   4.3568720257825350e-01	   2.4584728396816730e-01	   5.6256317652213050e-01	  -5.2810189009252582e-03	   2.5445196207810647e-02	   2.7953677309793057e-01	   3.2892691784374911e-01	   3.0717158639106695e-01	   4.7877227951332724e-01	   1.9289497413792281e-01	   1.2693783361802286e-01	   3.2830990637838259e-01	   6.1316127729887127e-01	   3.2020956480065654e-01	   4.5538056679990080e-01	   2.4357875916362037e-01	   4.2548195626725882e-01	   1.7737293578975830e-01	   5.0037509534208069e-01	   5.2992427612679938e-01	   4.3681281276889761e-01	   9.9093417218825194e-03	   1.7647322370418758e-01	   3.4575224760384560e-01	   1.7991446962314378e-01	   1.2331933180187482e-01	   2.9758112892032694e-02	   3.1565085572018065e-01	   5.0137727157310574e-01	   1.9359049288340011e-01	   5.8061867107518018e-02	   6.6135572043387977e-02	  -8.4711813412012699e-02	   2.5649303676087337e-01	   7.2511598009453004e-02	   3.1087580218296801e-01	   3.7385560045750288e-01	   4.0187576014603393e-01	   2.6848408795234030e-01	   2.5055005352234194e-01	   6.6336614291496315e-03	   2.6661544767295875e-01	   6.0533255411496428e-02	  -1.2302143311727881e-01	  -1.6337055779909535e-01	   1.1095944047317798e-01	   3.0845343768122122e-02	   8.9083124068965125e-02	   2.5897911096672999e-02	  -8.4944712583265053e-02	   1.2370041249947104e-01	  -1.1313217140834017e-01	   2.1726249437227670e-02	   3.1920707699316531e-03	  -1.1679489033265229e-01	
   2.7348926986507560e-01	   1.8920232866263642e-01	   6.1699147081137967e-02	   7.4200707787458756e-02	  -1.5535991757935666e-01	  -2.0321300278709442e-01	   2.9101531518842710e-01	   2.7057883737132177e-01	   9.5010898536242908e-02	  -5.0350570726075357e-02	   4.6024067643694544e-01	   4.3730356978955132e-01	   0.0000000000000000e+00	   6.3454552839354983e-01	   7.0522461067752973e-01	   4.6112834798487778e-01	   5.0151506158864025e-02	   2.0662521767505576e-01	   3.8278906678621683e-01	   6.0408943546770566e-01	   8.4603586261433467e-02	   1.0481293442402277e-02	   2.9930002979584830e-01	   4.3222672838514366e-02	  -3.3952631087448309e-02	  -1.6210115556245627e-01	   1.2049371924928295e-01	  -8.9984568869663564e-02	   6.2495917036258453e-01	   5.7840015275778422e-01	   3.9079991949671317e-01	   3.3193616760345496e-01	   2.3895264504408636e-01	   3.6310822919911434e-01	   1.0648678991386029e-01	   9.6629202266549183e-02	   3.5617856825243782e-01	  -4.8217193792132337e-02	   1.0686809754670158e-01	  -4.9443333266189736e-02	   2.2583627133410941e-01	   2.9329338413501099e-01	  -6.3939836102921612e-03	  -1.6915361612256260e-02	  -9.7607751352907113e-02	  -1.5162215796058592e-01	  -3.9290059519682001e-02	  -4.1296691593667965e-02	  -1.6899618518546131e-01	  -2.3952872809967107e-01	  -2.6035630583974451e-01	  -2.6006496830824388e-01	   1.8858971650375874e-03	  -1.4684379052634389e-01	  -1.9219631170792786e-01	  -1.0267505242147069e-01	   2.1704197763143651e-01	   5.4257515848417787e-02	   8.6584203156132925e-03	  -1.2436326025126307e-01	  -3.7444807216778425e-02	  -1.3116425082370315e-02	  -9.9756149001215627e-02	  -5.1491762294997370e-02	  -1.8403125059395498e-01	  -1.7153136612421799e-01	  -1.9656696669289767e-02	  -3.1645772073964996e-02	   2.1953366355909704e-01	   2.1539473696200390e-01	   4.3447821280185850e-01	   3.5868010276952944e-01	   4.0149081615100063e-01	   3.0897202983929145e-01	   1.0542676746514963e-01	   2.6717954505281266e-01	   3.3337980476526863e-01	   3.6837175235799779e-01	  -1.3620376759428343e-01	   1.8498533762340039e-01	   1.1955346286342279e-01	   2.6195969358252885e-01	   2.7297181882096327e-01	   2.2676678158611713e-01	   4.0426967598707630e-01	   7.6681815905418657e-02	  -1.0206922389666424e-01	   2.6727136928323358e-01	   7.8512033568325298e-03	   8.9798392741892427e-02	   1.1646002894157767e-01	   1.4197054688489726e-02	  -2.1273903641739578e-02	  -1.2793198505979977e-01	   2.6409562132984560e-01	   6.1877530061545517e-04	   5.7576594894744322e-02	   1.1370355698948925e-01	  -7.5162602973948764e-02	   8.4302257622456786e-02	   1.2172269815409731e-01	  -1.5807375804658359e-02	   7.2973346246849313e-02	  -8.1280182032427900e-02	  -1.9062722654135697e-01	  -1.4847498260431377e-01	   2.7643812911048193e-01	  -2.8617496819522355e-02	   1.4416184634174840e-02	   1.9083596106369682e-01	   4.2712704841145852e-02	   6.0020651750969524e-02	   3.5016865482958397e-02	  -5.9037994799861160e-02	   1.0378418420999624e-01	  -4.5548036340782812e-02	
