   0.0000000000000000e+00	   5.6761923383531954e-01	   4.9261750096992474e-01	   3.3956074791461144e-01	   4.0361105532404329e-01	   4.1010328611561508e-01	   7.6263855408641357e-01	   5.7607112935196725e-01	   3.2451789541105835e-01	   4.0733093887679500e-01	   9.3596985148722067e-01	   6.8744655225391171e-01	   7.8084696599647285e-01	   5.9311661456163289e-01	   1.3611606043944857e-01	   1.9923534779105886e-01	   2.8944563031015824e-01	   3.0537353964187725e-01	   4.9160378766389617e-01	   4.0251037812534357e-01	   5.6654617990749834e-02	  -5.3946472842059312e-03	  -1.5466401596907087e-01	  -8.9936214994441641e-02	  -1.0404703491488804e-01	  -1.3710889765878800e-01	   5.6620851621232510e-02	   2.0326277640701860e-02	   3.0866399814938350e-01	   1.7550488274569723e-01	  -2.4405510286225562e-01	  -1.3647378734768578e-01	   4.1977798905227987e-01	   3.0627543060471152e-01	   2.0901566391711762e-01	   1.0866762297576722e-01	   7.8820334846213314e-02	   3.1127241061495620e-01	   1.6059140134463433e-02	   2.1087536427807485e-01	   6.2707544770434054e-02	   5.3063674118103699e-02	   4.2878123595019196e-01	   3.3612636593561634e-01	   2.2459461334511327e-01	   2.4883037720463247e-01	   5.5165008616267608e-01	   4.2729559907242387e-01	   2.4873717504914344e-01	   1.5874378774048675e-01	   3.3442493896571074e-01	   2.0525392638681311e-01	   5.4025564788098590e-01	   6.1818780243056703e-01	   3.8756659572996777e-01	   3.6487366330769444e-01	   7.3803810384673052e-01	   5.0425793208574388e-01	   4.0339261296049606e-01	   2.8960083047238672e-01	   7.3748310020655361e-01	   6.6660879690681962e-01	   2.5610192549230054e-01	   4.1007962694498956e-01	   3.0240480202796471e-01	   2.5182826640605294e-01	   2.5837995180567402e-01	   2.4331052845965995e-01	   5.3983518123421489e-02	   1.9860694868876910e-01	   3.4815281444769824e-01	   2.4478252877767548e-01	   3.8051755521409003e-01	   3.4688824136324398e-01	   4.8780640019059190e-01	   2.9165253610177277e-01	   8.1535569722638523e-01	   5.9044942856782234e-01	   4.9016382047968120e-02	   3.9085171220672937e-01	   9.8673647467636502e-02	   4.6251522884941981e-01	   3.4070642550331903e-02	   9.5386690884367520e-02	   1.4270839347386216e-01	   1.4895324665210002e-01	  -1.7735981608432475e-01	  -2.7768235093237763e-02	   2.5947669710966037e-01	   4.5902842337271682e-01	   5.8413248501899062e-01	   5.3158751264480619e-01	   3.2679877225301202e-01	   5.6690469238186658e-01	   1.6340145381312962e-01	   9.5207337266615982e-02	   4.2661860439790683e-01	   3.9151331246772847e-01	   4.2952034671363387e-01	   4.0850905856207337e-01	   3.3846677580874485e-01	   7.0100383587672743e-01	   2.7207904409753336e-01	   6.4098635185422492e-01	   8.0561607053418319e-02	   1.0032012209544783e-01	   1.7412144581473987e-01	   1.5940868073647976e-01	   2.9348523756813107e-03	   3.5549200132785153e-01	   4.3885066424932562e-01	   4.1696531459229069e-01	   4.6366688173294918e-01	   3.2968696062237973e-01	   2.4954586852894059e-01	  -2.4513993741341195e-01	
   5.6761923383531954e-01	   0.0000000000000000e+00	   6.4025057647627545e-02	  -1.8001629585093513e-02	  -5.5978997527737107e-02	  -9.7933944461390143e-02	   4.1028952627129758e-02	   2.9117929179132990e-02	  -7.1000782576174704e-02	  -5.9494166115944172e-02	   4.4331050088983726e-01	   4.7578766782290483e-01	   9.2194823148644578e-02	   1.5038088852221451e-01	  -3.1892748317021886e-02	  -1.5789949079802851e-01	   2.1080521728178697e-01	   4.2990295261368233e-01	   4.8888385874667589e-01	   4.6750953343376961e-01	  -1.5999033464963583e-01	  -5.2927100709800813e-02	  -1.0589104407991601e-01	  -2.4727400152957957e-01	   1.1278792349779289e-01	  -9.7554775661589904e-02	   1.6317666459998680e-02	  -8.7398059817776833e-02	   2.8859609851860980e-03	  -4.6711152776621858e-03	  -1.8144553623108528e-01	  -2.1803845971229210e-01	   2.9744822021828110e-01	   2.3692391412094158e-01	   2.3158220465176071e-01	   2.3453045295611086e-01	   4.3543451743468725e-01	   4.4453447784987132e-01	   1.6758532342492707e-01	   3.9656387073203669e-01	   1.3392940899504747e-02	   9.9374802368014672e-02	   3.4339491361268953e-01	   3.9233026334662469e-01	   1.7592233192864420e-01	   2.4930520266635037e-01	   4.7527738815080850e-01	   5.2842123366935423e-01	   3.0084103324560635e-01	   3.2956710669499217e-01	   4.8039025902433530e-01	   5.6878934068042608e-01	   6.1540170329914212e-01	   5.8259493087555292e-01	   5.1130382369283967e-01	   7.3975861973446622e-01	   6.8009110643293802e-01	   9.3226996064117307e-01	   3.5934815100364736e-01	   3.7408652402683490e-01	   1.5593823194789905e-01	   6.5767076583364767e-02	   1.6894104502293023e-01	   3.2403893400256761e-01	  -4.7148951595478508e-02	  -7.6796042629268452e-02	   2.7452273864164389e-01	   2.8647482388192619e-01	   3.8212330643463027e-01	   2.9534659802374197e-01	   3.8533644295263664e-01	  -3.2375335907939062e-02	   3.1432950420315353e-01	   3.0160813273250120e-01	   2.1117915343696469e-01	   1.4152915501657323e-01	   5.5850234371090623e-01	   6.0843741351067371e-01	   9.2882892008661441e-02	   2.8535504694468194e-01	   8.3252869227375390e-02	   2.2804219070361534e-01	   2.0037344923917750e-03	  -2.1576538825296993e-02	   2.5589498741568839e-01	   9.6617835659797091e-02	   1.2113554693393003e-01	  -1.2225233165693450e-01	   1.5389276945940450e-01	   4.3895581149410295e-01	   3.9662306192321889e-01	   3.6326875003217352e-01	   1.2239197853000347e-01	   2.7740321848091842e-01	   1.9658358495989736e-01	   6.8250649784868722e-02	   5.2951173466403523e-01	   6.2480219233607504e-01	   5.4321191383366596e-01	   5.6243308178468832e-01	   1.7440239812200045e-01	   2.6836422620474876e-01	   4.6604220899909110e-01	   5.4065107517563327e-01	   1.6424659277348586e-01	   3.3886240278884716e-01	   2.1318998714681375e-01	   3.3372668196213782e-02	  -4.3774074424667943e-02	   3.6560987606915868e-01	   6.0257295143069123e-01	   5.9458182168220175e-01	   4.2927781810052068e-01	   4.2385046732253312e-01	   4.8275885143877439e-01	  -1.2304989021224361e-01	
   4.9261750096992474e-01	   6.4025057647627545e-02	   0.0000000000000000e+00	   8.7801199252340556e-01	   1.0626321353637023e+00	   9.3219754242310038e-01	   1.0315257406270548e+00	   8.2698352416120979e-01	   9.3581946473212663e-01	   8.2348089139046410e-01	   3.4833516017446092e-01	   4.2332068089127706e-01	   4.4017093979788574e-01	   4.5646653054418285e-01	   7.0962514623456641e-01	   7.3830255587610172e-01	   3.7503919234175859e-01	   4.5740912515771659e-01	   6.6217492739447237e-01	   6.0543648993554045e-01	   4.5817819316806785e-01	   3.2847039717976895e-01	   6.3201692635204532e-01	   6.4292103796490208e-01	   3.3196618170079256e-01	   4.9800841545656804e-01	   5.0818995987587479e-01	   4.6490585643357946e-01	   6.8569588760531308e-01	   6.6093667219533314e-01	   4.2697155287325472e-01	   5.4611679652450285e-01	   7.2907141110760121e-01	   6.8903909422733600e-01	   3.7195267049893677e-01	   2.3458165485319799e-01	   3.0705652710630988e-02	   4.5074070645710652e-03	   2.6611510541191957e-01	   1.8957904270330625e-01	   2.6599688293323465e-01	   2.7599565963070621e-01	   1.0244591560772555e-01	  -1.4443966007971083e-02	   1.4925887905064400e-01	   8.1199999266311274e-02	   7.4447452188736885e-02	   3.3795145012105877e-02	  -2.2562349382778530e-02	  -1.9352405472591672e-01	   6.9575931938426677e-02	  -1.9355035168761567e-01	   7.0195547608045250e-02	   1.6830532849592744e-01	   2.2933332965450987e-01	   4.9387727803416902e-02	   2.6689208660723696e-01	   1.8813173191123095e-01	   2.7653205220390575e-01	   9.5714486735953772e-02	   5.0154930988807478e-01	   4.2168040282752206e-01	   3.3216386705217066e-01	   4.8750204399475167e-01	   8.0000166537093165e-01	   3.7355423110335295e-01	   5.6867615249292969e-01	   4.0020565478683806e-01	   4.9789476957397327e-02	   1.0952188035965166e-01	   3.2756056612502366e-01	   5.7851325822709554e-01	   3.3112150214804847e-01	   5.5140484900174147e-01	   2.8575478965948731e-01	   4.1053806844414481e-01	   3.2524415387736461e-01	   2.7281620196780859e-01	   1.6157365008067140e-01	   5.1941556891887364e-01	   3.8568834740030139e-01	   8.1244350443194568e-01	   4.9034123170486865e-01	   5.1698750328430387e-01	   5.9039559595389846e-01	   5.6735726882845161e-01	   2.3659696919443601e-01	   4.2310366485684214e-01	   5.6293039766679942e-01	   4.6815739039110082e-01	   2.9775143327528525e-01	   6.0914515610520004e-01	   4.4373165412394638e-01	   8.5603945140791082e-01	  -1.1885111224809076e-02	   2.0784788143661381e-01	   5.0493409668616776e-02	  -1.3763143187250559e-02	   5.5464635705578615e-02	   1.5826514414241316e-01	   4.1472538890910926e-01	   7.5452866941854690e-01	   9.9068579672464060e-02	   4.2662309842561330e-01	   1.6885014133409657e-01	   9.7589981546458815e-02	   2.0477538414808605e-01	   2.8271803906879639e-01	  -1.8227731481439596e-01	  -2.5788749300110509e-02	   5.5353621881270486e-02	   7.0082069897088248e-02	   2.0236339080712851e-01	   1.7167877377164406e-01	   1.2274129218041732e-01	   1.3246700408896297e-02	
   3.3956074791461144e-01	  -1.8001629585093513e-02	   8.7801199252340556e-01	   0.0000000000000000e+00	   7.1739197100423313e-01	   1.0744535989749286e+00	   5.8989242239690320e-01	   1.2027990718228396e+00	   7.3179437164741368e-01	   1.1278966208537653e+00	   1.1468154203227635e-01	   4.6121642709014177e-01	   9.8906605900256808e-02	   6.1682469245080562e-01	   3.9402876283140292e-01	   9.3735886779800648e-01	   3.2054814158524447e-01	   2.8087057718347053e-01	   3.3215226742680204e-01	   4.5473508308486377e-01	   4.5025265858365476e-01	   5.4778541898837274e-01	   3.6343091879076506e-01	   7.7015245456087189e-01	   4.1310731253540212e-01	   6.7315847867703127e-01	   7.6888013461516658e-01	   8.6057723898360416e-01	   4.1908614759736118e-01	   5.5567575050913942e-01	   3.8622891561290440e-01	   6.6786439541249853e-01	   3.5764034441675852e-01	   7.2248340813258582e-01	   3.5121307974527072e-01	   2.4210017410491536e-01	   4.8981752907040169e-02	  -5.5351049905356518e-02	   1.5556337385109670e-01	   1.7787196575590747e-01	   3.2542076015170657e-01	   1.3755248194831601e-01	  -1.5178548358539729e-01	  -2.4201206500339173e-01	  -1.5585331698685267e-01	  -1.9514059123794342e-01	  -1.4238558944483301e-01	  -2.0024811064664730e-01	  -2.2749629496988988e-01	  -3.6568423509519976e-01	  -5.1253102229738563e-02	  -2.6551156381101970e-01	  -6.7845365853108505e-02	   2.5009336345748600e-02	   7.6882173567107567e-02	  -1.8807187294037517e-01	   3.7405912575564049e-01	   1.5065963826165915e-01	   2.4568400242533472e-01	   1.4754810870847498e-01	   3.9035712229910913e-01	   5.7465538505879954e-01	   2.6977823092367070e-01	   2.9726884923762020e-01	   5.5632436867022550e-01	   9.3421234408865650e-01	   4.5201589246858720e-01	   5.3657915458325967e-01	   2.9932732728443850e-02	   1.1652359946529874e-01	   2.4514869378113657e-01	   5.4235444364864271e-01	   3.0709321503818010e-01	   4.3617787795572316e-01	   2.0486227656048248e-01	   2.9187417693312911e-01	   1.6688634879600386e-01	   1.9331152138883245e-01	   2.6530024939296970e-01	   3.4958406590139796e-01	   4.2833931656821878e-01	   5.7606454960124620e-01	   2.0088685378757837e-01	   3.7141806285647538e-01	   3.0014026013217632e-01	   5.7579173351068669e-01	   1.6952478399458878e-01	   3.8448357609889366e-01	   3.7834838699072748e-01	   4.3761068315446294e-01	   3.2921374887234345e-01	   2.8980303823151538e-01	   8.1797225185973388e-01	   5.3812027565342080e-01	  -1.0255188713156893e-01	   2.8870596034274765e-01	  -4.7010545135434643e-02	  -8.1827044947624369e-02	  -8.9928777244068545e-02	  -1.1114091790840452e-01	   4.3305128428432105e-01	   4.1707471520848838e-01	   6.3598882373012103e-02	   2.1226926171826596e-01	   3.3016280902295059e-01	   1.1903790340864004e-01	   2.1412072007226837e-01	   2.5450559068683021e-01	  -1.6477456768179452e-01	  -1.0697002409325669e-01	  -9.3459476373572950e-02	  -7.0576667198921722e-02	  -4.3391399501920544e-02	  -3.5932554261689374e-03	   5.9527620190914600e-02	  -1.5328486732418550e-01	
   4.0361105532404329e-01	  -5.5978997527737107e-02	   1.0626321353637023e+00	   7.1739197100423313e-01	   0.0000000000000000e+00	   9.3596795279958434e-01	   8.8534194744329664e-01	   7.3230315276400981e-01	   1.4333473845745488e+00	   1.0907599065849822e+00	   2.3083345992092885e-01	   3.3887918385943155e-01	   4.6679684427878188e-01	   4.1289558968082640e-01	   6.7386065062090716e-01	   8.3823876719115420e-01	   2.9935155060608276e-01	   2.8946138999085075e-01	   2.8474024038233170e-01	   2.4426674901183648e-01	   4.6923668112033895e-01	   2.9822367245352799e-01	   4.4256160025262298e-01	   4.9456820687271952e-01	   1.5027733633190718e-01	   2.7120648786206986e-01	   6.0398935174180046e-01	   5.3547654492099639e-01	   3.4196429374195220e-01	   4.0703920428360285e-01	   1.7637106699945410e-01	   3.0131954333936489e-01	   2.8549768920417662e-01	   3.1194791974584474e-01	   1.4972167977676867e-01	   4.0864895970246742e-02	  -1.3933529782134110e-01	  -3.1699951874972226e-01	   7.6858929570132017e-02	  -7.5309196713070643e-03	   1.2982720249414570e-01	   1.7625497280134267e-01	  -5.1524127596347016e-02	  -2.2245278496839804e-01	  -1.0960900489125347e-01	  -1.6734696861145673e-01	  -5.7090878184809978e-02	  -1.6238782919868897e-01	  -3.1998174315834516e-01	  -4.2331012699716497e-01	  -2.1247625263901093e-01	  -3.7892222686483035e-01	  -5.5513610149876505e-02	   6.6492656318601073e-02	  -1.3421440861946391e-03	  -1.3157631391243421e-01	   1.5979413409180260e-01	   7.4492251961678968e-02	  -1.8050748426100559e-02	  -1.6247589935219683e-01	   4.0179234776382650e-01	   4.3672582825387768e-01	   2.6260182189069126e-01	   2.0819339941858750e-01	   8.3500047746281569e-01	   4.6780189588781362e-01	   1.3853938227994045e-01	   5.6481973888578750e-02	   3.7532339656700234e-02	   8.1135772351774542e-03	   1.0572342506773708e-01	   3.8029394023248997e-01	  -4.4863907506534090e-03	   2.8833238523537374e-01	   8.2089996105149707e-02	   2.1080325751923620e-01	   2.0284062875643954e-01	   1.1336514738816916e-01	   2.5522446757387873e-01	   3.0983018055831646e-01	   3.0158360893840330e-01	   5.3379298396541919e-01	   2.7194766523607095e-01	   3.7608484268235215e-01	   3.2235554969161240e-01	   2.9304877953920938e-01	   3.6690629870574754e-02	   3.7756555623770671e-01	   5.9092114053470857e-01	   3.0305895290841089e-01	   1.4904256525775367e-01	   3.4132719588703520e-01	   3.7940505107268674e-01	   7.1813542890059467e-01	   6.9364602894849414e-02	   3.5125547940110419e-01	  -7.7702156742528575e-02	  -2.9710808499710920e-02	  -1.8863927592844901e-01	   1.6744204704037193e-03	   3.7764841225802454e-01	   6.0307531235013934e-01	   2.3286189883111194e-02	   2.5652746090200684e-01	   7.8397686983478626e-02	  -9.1823727790711143e-03	   1.4167329660284622e-01	   2.3153205939313967e-01	  -8.7172225541662707e-02	  -1.8204629329789269e-02	  -1.6756022380597707e-01	  -5.2501515868167356e-02	   2.1788624365754423e-02	   6.6299845028449392e-02	   4.1946123503975773e-02	  -9.1065375324232270e-02	
   4.1010328611561508e-01	  -9.7933944461390143e-02	   9.3219754242310038e-01	   1.0744535989749286e+00	   9.3596795279958434e-01	   0.0000000000000000e+00	   7.9301601564740376e-01	   1.4150347162153436e+00	   7.9504473108916707e-01	   1.3322257302197382e+00	   1.8892729208220127e-01	   4.9984708908477971e-01	   2.3000077595604732e-01	   6.5371675080327374e-01	   4.3645454841990505e-01	   9.3308380922579892e-01	   2.5163472585170532e-01	   1.9432917770723973e-01	   3.8018946827518302e-01	   3.9769286381856189e-01	   4.1262234892028588e-01	   6.3336078739630053e-01	   3.3892241605390261e-01	   6.0145351624771903e-01	   1.0841665508409074e-01	   4.4800196227027089e-01	   4.7458570051061399e-01	   5.5981952351626307e-01	   5.3526253374536292e-01	   6.6665699592838734e-01	   3.8714452335597671e-01	   6.1699080866853062e-01	   3.0225095916732120e-01	   5.3958287837766139e-01	   1.5409002568423108e-01	   1.2438931713352376e-01	  -2.1017843767295452e-01	  -8.3738229093891600e-02	   1.2602070683456310e-03	   5.9182614918429972e-02	   1.5309368343223059e-01	   1.9381012293900143e-01	  -5.5922202110027533e-02	  -1.8701700002770683e-01	  -7.9757861650977063e-02	  -9.5982530949929853e-02	  -8.2843850002900093e-02	  -1.7217483312327292e-01	  -2.0751400860119146e-01	  -3.5651790009912976e-01	  -1.0009957046952714e-01	  -3.4712333603611772e-01	   2.1643864681386498e-02	   1.2002274733959722e-01	  -2.6911447845206590e-02	  -2.7842401615545642e-01	   1.7634642646876311e-01	   1.7932077047894332e-02	   1.8696296449850303e-01	   1.3442960612572727e-01	   4.8443348878341108e-01	   8.0137060172968788e-01	   2.3612891289403498e-01	   3.4325424664559129e-01	   4.9658208879706300e-01	   6.0055764155901903e-01	   2.5831061470164640e-01	   3.5988159461689240e-01	  -3.4622961716465256e-02	  -7.3154879137728099e-03	   1.7894947678904677e-01	   5.4290184892778870e-01	   1.1968777567381146e-01	   3.8774433719932044e-01	   1.7600924566129247e-01	   2.6470528950377942e-01	   1.3285761315808381e-01	   1.6073113981909368e-01	   1.3874050439937044e-01	   2.1631753426485675e-01	   3.2358622488204170e-01	   5.0505874868691869e-01	   2.0110911541669849e-01	   4.9862301710574097e-01	   2.4182784752962683e-01	   4.2187513332687282e-01	   4.2514985527897006e-03	   3.6767592419187745e-01	   2.4319598101305751e-01	   2.8237375520777713e-01	   3.6828948597935757e-01	   3.4807858101146194e-01	   6.7298726697115052e-01	   5.1596219678928479e-01	  -3.1200584692525072e-02	   2.8718856187642450e-01	  -9.9025490932378779e-02	  -1.2509094737758988e-01	  -5.7665931491839843e-02	  -4.6202409175526558e-02	   5.1313356978799440e-01	   5.4274801403422823e-01	   7.7054731822403799e-02	   2.7958239912239002e-01	   1.6244520804825510e-01	   1.5202028844629062e-02	   1.7044281422636837e-01	   1.9312916321534834e-01	  -1.5650715128386793e-02	  -5.6723101985775834e-02	  -1.5431434464394098e-01	  -4.4430804099277590e-02	   7.9597445411176221e-02	   7.8348652922156838e-03	   7.5614614935252428e-02	  -2.0106609866119875e-03	
   7.6263855408641357e-01	   4.1028952627129758e-02	   1.0315257406270548e+00	   5.8989242239690320e-01	   8.8534194744329664e-01	   7.9301601564740376e-01	   0.0000000000000000e+00	   9.3627263904407165e-01	   6.9348091712577598e-01	   7.1296657423920973e-01	   5.4208439401157238e-01	   4.5238719667977934e-01	   9.0015326676106622e-01	   5.1789145516298274e-01	   4.0334124695198398e-01	   5.0514696723652441e-01	   2.6653118426910360e-01	   2.1487043417069490e-01	   4.2575270945159310e-01	   3.9100257674070737e-01	   2.1282685537032414e-01	   1.4165926231337320e-01	   1.5218751751016563e-01	   2.5359780570912727e-01	  -9.6583301666378643e-02	   4.6258412848315437e-02	   1.3262375281091102e-01	   1.3067252210052080e-01	   6.3310381611083799e-01	   4.2779108980285097e-01	   1.0032055690357968e-02	   1.3606248694122614e-01	   6.2949863234848236e-01	   5.4943265944744657e-01	   3.9695282094235557e-01	   2.6421121211325616e-01	  -4.0031487950223835e-02	   3.6865644042749286e-02	   1.7491837247142920e-02	   9.8061961230635514e-02	   9.3392285172032186e-02	   9.0759214726814433e-02	   2.5694311021001559e-01	   1.5274563660714155e-01	   2.2873243535199578e-01	   2.1237902995392924e-01	   3.1328338626926772e-01	   2.1563898777947796e-01	   4.6892867371998423e-02	  -1.1954222998723138e-01	   7.4117832054068952e-02	  -1.9485658903713210e-01	   1.6228807176206028e-01	   2.9892450365012768e-01	   2.2185359917669462e-01	   1.4951398805791777e-01	   2.8458019819649372e-01	   9.6250880122497204e-02	   2.6255254483048274e-01	   8.1461585090852509e-02	   7.3307121928601737e-01	   7.4152028940280534e-01	   2.9266512623599239e-01	   5.2331352083801774e-01	   6.5756320176706762e-01	   3.9658572502433809e-01	   3.6915131324912293e-01	   2.8607495510354641e-01	  -6.5672874364951672e-02	   1.2701872010183576e-01	   2.0864789885254018e-01	   3.2120179845270802e-01	   2.6539079244479974e-01	   2.6338420603563140e-01	   4.6788260682488081e-01	   2.6504301347777909e-01	   5.7423940123314132e-01	   3.9173882027845913e-01	   3.9425179471252535e-02	   3.6543585225169567e-01	   1.6655702609544581e-01	   5.7204112477439284e-01	   3.0348123876497901e-01	   3.5273477097564282e-01	   2.7136386183977484e-01	   3.4302828481691577e-01	  -5.4527239169288901e-02	   2.3060604206465601e-01	   4.0112143469778694e-01	   4.1286296888139168e-01	   3.8480045948633568e-01	   6.2530969219272348e-01	   3.2397991220562206e-01	   7.5174347263627417e-01	   4.6832910554729511e-02	   2.3470813840793631e-01	   1.8028093218014496e-01	   2.1726360559448848e-01	   2.2562855473923477e-01	   3.1446530821855401e-01	   4.1668427490940335e-01	   9.1661989627964380e-01	   8.5620376533973891e-02	   5.1716905115008172e-01	  -1.4949045322423425e-03	  -3.8644574562421839e-02	   1.5622385927295412e-01	   2.8353093348175334e-01	  -6.4097642815232947e-02	   1.2667074910809417e-01	   2.1149931159562843e-01	   1.9102736191697325e-01	   3.1856264279053037e-01	   1.4564381549748109e-01	   1.2876412787801556e-01	  -7.8391139149726799e-02	
   5.7607112935196725e-01	   2.9117929179132990e-02	   8.2698352416120979e-01	   1.2027990718228396e+00	   7.3230315276400981e-01	   1.4150347162153436e+00	   9.3627263904407165e-01	   0.0000000000000000e+00	   6.5871558765944438e-01	   1.2461768417302188e+00	   2.5410233697094692e-01	   6.0805637215003772e-01	   2.8744659252406662e-01	   6.4750083844378170e-01	   2.1270714188011236e-01	   6.9690384797737581e-01	   2.0577728160791928e-01	   1.7455227809262025e-01	   2.9975536874647868e-01	   3.7707234783957333e-01	   3.4824934732349105e-01	   5.0161471695273019e-01	   1.0196956009875063e-01	   4.1627921274430135e-01	  -1.7084368905374330e-02	   2.8867075513291296e-01	   3.1597014065217233e-01	   4.0776652762029708e-01	   4.9554202905003314e-01	   5.6757930079884955e-01	   2.1471996512363178e-01	   4.2495395199337255e-01	   3.8061705892055764e-01	   6.7851470590262419e-01	   3.1236770609510334e-01	   2.8692360181834353e-01	  -1.4420814491043557e-01	  -8.7658974650556606e-03	  -2.3963594140361970e-02	   1.0833743636811453e-01	   7.3619868332886002e-02	   6.2383229397266940e-02	  -2.0322455959200576e-02	  -8.2571582209631789e-02	  -4.8915113713378262e-02	  -3.0175373161891693e-02	   3.9145510627235293e-02	  -2.5074215595244503e-02	  -1.2765964452115730e-01	  -2.3812743722386259e-01	  -8.0246184682628199e-03	  -2.1430806942657515e-01	   1.0216261734799180e-01	   2.1264386123262830e-01	   3.7744960018369349e-02	  -1.3302158838839065e-01	   3.1510274903986335e-01	   9.7773057198888347e-02	   3.3443891381437962e-01	   2.7260275546968560e-01	   6.4104635760358863e-01	   1.0972193363549070e+00	   2.4032679840297799e-01	   4.0530121419620707e-01	   5.0016261827703179e-01	   7.5789777753864818e-01	   3.2431176411629764e-01	   4.9937911416117298e-01	  -8.0833386509090499e-02	   1.1796623236190160e-01	   2.0429161512210958e-01	   4.5953739756930995e-01	   2.2057722469105714e-01	   3.7811974187874475e-01	   3.1255925166808946e-01	   2.6754753348234411e-01	   2.9972296513939006e-01	   2.9770253079506748e-01	   6.4254763511202614e-02	   2.6162752432350456e-01	   2.2689031378659630e-01	   4.6385428749706981e-01	   1.0445052942473441e-01	   2.7874889622993360e-01	   9.5210382056229725e-02	   3.4830541279869270e-01	  -9.6406617051675511e-02	   1.8442698521784068e-01	   2.2179371041354989e-01	   3.6195045788741786e-01	   4.5091631082409278e-01	   3.8982035572534934e-01	   7.3786543468610244e-01	   5.2519391831238627e-01	   2.4817417887618098e-03	   2.6027140358931333e-01	   6.1122654989386641e-02	   6.4507570521518662e-02	   7.8058531462201070e-02	   7.3181575552828407e-02	   5.9947113285791587e-01	   6.2082293678112666e-01	   1.0047419694418894e-01	   3.4473040550450762e-01	   1.7754727452694372e-01	  -1.4521306311774135e-02	   2.0082968716821120e-01	   2.1163090378084379e-01	  -2.8179745403008740e-02	   2.1372666895250223e-02	   3.0147895668751732e-02	   5.9234223650163384e-02	   1.5217526426120109e-01	   9.3631118593964953e-03	   1.1673914587242211e-01	  -1.4023704563411693e-01	
   3.2451789541105835e-01	  -7.1000782576174704e-02	   9.3581946473212663e-01	   7.3179437164741368e-01	   1.4333473845745488e+00	   7.9504473108916707e-01	   6.9348091712577598e-01	   6.5871558765944438e-01	   0.0000000000000000e+00	   1.0944834570709001e+00	   8.6775314004562301e-02	   3.3286381215481176e-01	   3.5033367558778267e-01	   4.7046266338292031e-01	   5.9355951015396680e-01	   7.9563102271564612e-01	   3.3427412601693768e-01	   3.5954313644523039e-01	   2.2026865028178383e-01	   1.5745405312572341e-01	   4.6005158780593502e-01	   4.3374499095807911e-01	   4.2988727787722308e-01	   5.2617887310831823e-01	   1.6902371849027675e-01	   2.4824703870671605e-01	   6.6878193690451171e-01	   6.6049012695358300e-01	   2.6605003251288722e-01	   4.2503737292956595e-01	   2.1609505734289747e-01	   3.0663622159881299e-01	   2.6255223576802961e-01	   2.5747506582798446e-01	   5.5010911421137620e-02	  -1.9646158388044236e-02	  -2.1972728145796744e-01	  -2.8917790820649741e-01	   8.7085689220906412e-02	  -3.6341623611588846e-02	   1.9062699406326736e-01	   1.7706766707909657e-01	  -2.7439427624324308e-01	  -4.1798303856771601e-01	  -2.8892260052006619e-01	  -3.3405970879963981e-01	  -2.4490498637635966e-01	  -3.2290116651093870e-01	  -3.9780366830864938e-01	  -5.0731603427205862e-01	  -2.5120396782889504e-01	  -3.8624062997976422e-01	  -8.2731582298468470e-02	  -2.2179770183342377e-02	  -2.9025505924927327e-03	  -2.1041512260378262e-01	   1.4760614429896063e-01	   4.8517151404625695e-02	  -3.9612833272063747e-02	  -2.0770224576281998e-01	   3.9937054917698162e-01	   3.5694703877347578e-01	   3.1895293054115775e-01	   1.9055618556334719e-01	   8.9834728128719454e-01	   4.0665099284226425e-01	   6.9767210500105814e-02	  -5.7761260352651887e-03	  -3.7982623962615952e-02	  -7.7064424120668676e-02	   9.0483948510790918e-02	   3.4739747787374825e-01	   7.8685630746799726e-02	   3.8716438324523894e-01	   3.1813451509007301e-02	   2.3512693731067255e-01	   1.3855639902159630e-01	   2.1012593824566002e-02	   2.3692262245238141e-01	   3.1489630732597534e-01	   2.9118500584216989e-01	   5.0622337982753129e-01	   1.6698155392663039e-01	   3.3373155515742342e-01	   2.9511789532791344e-01	   2.8138709998019756e-01	   3.8372562632204593e-02	   3.6705807740077728e-01	   6.2171065023028382e-01	   2.8817100587160588e-01	   9.8924345427309268e-02	   2.7333197791117059e-01	   3.3426365251498058e-01	   6.6804021890048326e-01	   1.4923739675645878e-01	   3.4303204724147052e-01	  -1.0889213183246113e-01	  -5.3514489435636976e-02	  -2.7188477956382712e-01	  -9.8858591858530909e-02	   2.7264831649208721e-01	   5.0031854552987021e-01	  -5.8267486865753385e-04	   2.3812917554439442e-01	   7.0631131243399800e-02	   8.0039567869403111e-02	   1.4624591234755535e-01	   3.7013666594575717e-01	  -8.1060044168148424e-02	   3.2832006058274889e-02	  -2.5351118413745666e-01	  -1.6171938923251891e-01	  -8.8553114113603143e-02	   4.1294584216411037e-02	   3.1811028859213185e-02	  -5.8931246155985523e-02	
   4.0733093887679500e-01	  -5.9494166115944172e-02	   8.2348089139046410e-01	   1.1278966208537653e+00	   1.0907599065849822e+00	   1.3322257302197382e+00	   7.1296657423920973e-01	   1.2461768417302188e+00	   1.0944834570709001e+00	   0.0000000000000000e+00	   1.3770563728897062e-01	   4.4869862965107449e-01	   2.5835698852787403e-01	   6.5024825491538274e-01	   4.3830834791973955e-01	   1.0403434511147327e+00	   3.0812613415539047e-01	   2.6508030649360015e-01	   2.5957735031102713e-01	   2.8338795560338242e-01	   3.5076147185814338e-01	   5.2062453476382597e-01	   3.0419292879598858e-01	   5.4362573888398169e-01	   1.3601503963507514e-01	   3.3506260097405099e-01	   5.9961825845554428e-01	   6.9778805770720587e-01	   3.7367097569454172e-01	   5.3089570605362091e-01	   2.2488937061567618e-01	   4.0925669620064231e-01	   2.5409411275670224e-01	   4.5144373469479754e-01	   1.2225732126484279e-01	   7.6405741460778290e-02	  -1.9637532794307028e-01	  -2.2270623750432594e-01	   4.2700785951830036e-02	  -1.4879310612867370e-03	   1.8531461713983849e-01	   1.1583195513691300e-01	  -1.8723838658746630e-01	  -3.0387507912390582e-01	  -2.4954357067301355e-01	  -2.7284436103158916e-01	  -1.5481510007446489e-01	  -2.4165135303447588e-01	  -3.7975439427122992e-01	  -4.8256847554106991e-01	  -1.9458923111636686e-01	  -3.5802153639520484e-01	   6.2650502311199915e-03	   9.5844853903751373e-02	  -5.2329149782898626e-02	  -2.9745635766192779e-01	   2.7430106812156030e-01	   1.0696733203887974e-01	   7.0571286462916855e-02	  -2.6220733504830424e-02	   4.1473247139990216e-01	   7.1523399782128017e-01	   2.2555137268533171e-01	   2.4955953423772312e-01	   7.1903327250798665e-01	   7.6522265882730534e-01	   1.1824076931875957e-01	   1.8511713365992635e-01	   4.2669060302018703e-02	   7.5791096846542588e-02	   8.6545217534726437e-02	   4.5237433388633264e-01	   1.4998159452194110e-01	   3.6443778495404877e-01	   1.4618092733649968e-01	   3.0985711220981338e-01	   1.9876506471504574e-01	   1.2574833043408129e-01	   2.6883483841858702e-01	   3.0888000292145784e-01	   3.6927999844778625e-01	   4.9345374097525629e-01	   1.4255463860691273e-01	   3.4078100224029301e-01	   2.0826588576266183e-01	   3.2525569226408635e-01	   2.2664973214616465e-02	   3.1248108609049896e-01	   4.2216874780943503e-01	   3.0394326204022848e-01	   2.8132799537852693e-01	   2.8147306508859449e-01	   6.3812810456096947e-01	   5.7696017382865294e-01	   5.3802895564373003e-02	   3.4743170294333986e-01	  -9.2809572954887704e-02	  -5.2686703416994884e-02	  -2.0301929482239178e-01	  -8.6417703369225149e-02	   4.2262221080801710e-01	   4.6349628525027836e-01	   2.8860783546362713e-02	   2.4143182314132589e-01	   2.0518487590710177e-01	   8.0512694312093208e-02	   1.5733810054501987e-01	   2.9574844356032576e-01	  -5.1156486471793806e-02	  -1.0404511608541016e-02	  -2.0700830154506517e-01	  -9.8315258503885714e-02	   3.8177194206563798e-02	   3.8277950283711740e-02	   4.0732060081252471e-02	  -1.2761581797247884e-01	
   9.3596985148722067e-01	   4.4331050088983726e-01	   3.4833516017446092e-01	   1.1468154203227635e-01	   2.3083345992092885e-01	   1.8892729208220127e-01	   5.4208439401157238e-01	   2.5410233697094692e-01	   8.6775314004562301e-02	   1.3770563728897062e-01	   0.0000000000000000e+00	   5.2997066817001270e-01	   9.1342558143995789e-01	   5.4544487674138775e-01	   2.3476817067494443e-01	   1.1247927204531098e-01	   2.1807784391874013e-01	   2.2970259163173060e-01	   4.8610727150767497e-01	   3.1198744635243791e-01	  -2.3675112834306972e-02	  -2.0289063548894093e-01	  -4.5215031479487307e-02	  -1.6084528765751005e-01	   1.5331954032188635e-03	  -1.0110997017676009e-01	   9.0227381705815755e-03	  -8.0220859285109233e-02	   3.1353190574873002e-01	   9.1338555662460949e-02	  -2.2768029232531245e-01	  -1.9738375844696940e-01	   3.1867487114378840e-01	   1.3537722134412147e-01	   1.5432738102556481e-01	   9.4378871445892076e-03	   1.7509515521734095e-01	   2.7921573237538577e-01	   7.3290546685580868e-02	   2.2276672289503346e-01	   2.1871818201052146e-01	   1.2169398879603233e-01	   5.5328478688787186e-01	   4.5462746869818488e-01	   2.9252771436251290e-01	   3.1694550152504863e-01	   5.5664314452580999e-01	   4.9693338626278860e-01	   3.1210336775135483e-01	   2.4931236974092277e-01	   3.9555677338916878e-01	   3.0868724838818812e-01	   6.7098855062192908e-01	   6.8995840225019289e-01	   4.5752146227677265e-01	   4.7303883701124361e-01	   3.9834017879552186e-01	   3.1757112742784188e-01	   3.2972397424602667e-01	   1.6172108691235762e-01	   3.9988962298266822e-01	   3.1925713473044509e-01	   1.6314248073707605e-01	   1.8393257352068951e-01	   1.7331070084429018e-01	   1.3729400934763458e-01	   2.5603802345209514e-01	   1.3426048593801351e-01	   7.9858741888105475e-02	   1.7817813292260107e-01	   2.1031867572092275e-01	   1.1201692858432290e-01	   3.0974738551669140e-01	   2.5618900353121477e-01	   5.0844947204478852e-01	   3.4360691200766680e-01	   5.2200359616653969e-01	   3.6363462957189641e-01	   1.5758652499774123e-02	   2.9186890977543428e-01	   1.1553614090674406e-01	   2.8859795485146422e-01	   1.1946379571283793e-01	   8.3813192336494632e-02	   3.0384136149855479e-01	   7.9805830055710708e-02	  -8.1897436668151274e-02	  -3.9450147442533057e-02	   2.6292993180965901e-01	   3.1478377409269737e-01	   4.9589757916868382e-01	   4.7629440202782281e-01	   1.1579850867868011e-01	   4.1131258453864072e-01	   1.1272411447896377e-01	   5.4814397550419044e-02	   2.5711474503202669e-01	   3.2021202462727261e-01	   4.2870095041037293e-01	   4.4021544540893470e-01	   1.1043579963078907e-01	   5.1697974717939066e-01	   8.9230097329624544e-02	   4.8533751289612531e-01	  -2.5859046704304714e-04	   8.9135830409568323e-02	   2.2864677935587673e-02	  -6.3308673972778312e-02	  -1.9894221894493792e-02	   2.9723889303866280e-01	   4.0734974554071218e-01	   3.7627530345899607e-01	   4.3116906974200220e-01	   2.7233157837292732e-01	   1.6028556793986878e-01	  -5.9919220709877846e-02	
   6.8744655225391171e-01	   4.7578766782290483e-01	   4.2332068089127706e-01	   4.6121642709014177e-01	   3.3887918385943155e-01	   4.9984708908477971e-01	   4.5238719667977934e-01	   6.0805637215003772e-01	   3.3286381215481176e-01	   4.4869862965107449e-01	   5.2997066817001270e-01	   0.0000000000000000e+00	   3.0621564096688275e-01	   9.1093256372934217e-01	   7.3508662292976937e-02	   3.8066744408644199e-01	   2.9724357421101488e-01	   6.1210442362090745e-01	   4.4522169565672259e-01	   3.7287786111508325e-01	   2.9852306175611959e-01	   3.2023012198424156e-01	  -1.4817228072728676e-02	   1.8418636793379156e-01	  -7.0924871479635013e-02	   4.7606498972767856e-02	   2.2717835539390080e-01	   2.1868433429419487e-01	   3.7956783820694540e-01	   5.6441556480073440e-01	  -3.0142602799586363e-02	   9.3133021094856189e-02	   1.7128944270220314e-01	   1.7777544952234717e-01	  -2.9628167304962837e-02	  -7.3661642955967499e-02	   1.0947271220566965e-01	   1.3651976096258980e-01	   1.2397166810468786e-01	   1.1916020566465430e-01	   7.3424649718770871e-02	   1.6891813014017926e-01	   9.7280485276223821e-02	   1.5365107724129956e-01	  -7.6632934531644895e-02	   3.1379642711285884e-02	   9.6833848878550538e-02	   1.8805529478815303e-01	   1.1493854682856601e-01	   8.2114735971389408e-02	   3.1948149214057858e-01	   2.7921091783433388e-01	   4.6092908362932528e-01	   4.1286450114841128e-01	   3.4167736832610229e-01	   1.8685605086750418e-01	   5.1525033527279829e-01	   3.9149206421453520e-01	   5.4214097546859297e-01	   4.6504480128379527e-01	   6.8593501870428042e-01	   5.5372085948311711e-01	   5.2182435436334096e-01	   5.1587248923366325e-01	   2.2429941465947467e-01	   2.3099208310139571e-01	   2.0920375238803507e-01	   2.9656551486312421e-01	  -1.5203647974216544e-01	  -9.6112554340957890e-02	   3.4366542943458095e-01	   1.7801963562804340e-01	   3.3442725389642092e-01	   4.6689505275998722e-01	   2.9876899892727143e-01	   2.4556463453430866e-01	   2.7863010361067231e-01	   2.5844809371422550e-01	   6.3436403999236668e-02	   2.2986324113959183e-01	   1.3975292278180818e-01	   3.8223563830781093e-01	  -2.2193865961345389e-02	   2.1567970159695923e-01	   1.6581231760503481e-01	   3.0353586654124731e-01	  -5.3633155724887929e-02	   1.1473244031890874e-01	   2.4579635977440775e-01	   6.0640833529786042e-01	   4.3563416020043100e-01	   3.3779586481596358e-01	   3.1297641538722637e-01	   3.1334483053212481e-01	   1.1426831251071744e-01	   6.7636513709169219e-02	   1.1361911245141727e-01	   1.5924674856884019e-01	   2.4190719421161289e-01	   3.2529248602255489e-01	   2.7457783953221099e-01	   4.8100816375332367e-01	   2.0749020107103769e-01	   5.1285430005546284e-01	   6.1741023018736768e-02	   1.5055000024282225e-01	   2.2724991653157056e-01	   1.6699111001696584e-01	  -2.7387600931654460e-02	   1.8384288588802419e-01	   1.1883254539522628e-01	   2.2651647901971589e-01	   3.2920814004956234e-01	   9.8865019132401866e-02	   2.2279795424557985e-01	   2.9076445320589582e-02	
   7.8084696599647285e-01	   9.2194823148644578e-02	   4.4017093979788574e-01	   9.8906605900256808e-02	   4.6679684427878188e-01	   2.3000077595604732e-01	   9.0015326676106622e-01	   2.8744659252406662e-01	   3.5033367558778267e-01	   2.5835698852787403e-01	   9.1342558143995789e-01	   3.0621564096688275e-01	   0.0000000000000000e+00	   4.5645829358487805e-01	   3.2931892809645757e-01	   1.9935827251293670e-01	   2.6597161791837631e-01	   2.3055433998356259e-01	   2.8961885619635641e-01	   2.0499045189277637e-01	   4.5616309005247990e-02	  -2.0031263909117691e-01	  -3.7588686071571543e-02	  -9.5575721229977345e-02	  -1.3937991724970616e-01	  -2.3356743024516563e-01	  -5.2071967085870760e-03	  -6.0818456316733167e-02	   4.0160849467033660e-01	   1.1293848515173535e-01	  -3.5469327387874328e-01	  -2.7782771920005833e-01	   3.4558938050325932e-01	   1.0170822033705340e-01	   1.1450337398303431e-01	  -6.6556978248801899e-02	   6.4852489810937525e-02	   6.9822590308589852e-02	   1.3166018585795736e-01	   1.5815809514551837e-01	   9.8337511251116450e-02	   9.7493311399112159e-02	   4.2666083125433918e-01	   2.8895672951749640e-01	   2.3526167041932328e-01	   2.3387373433253780e-01	   4.6698569696292619e-01	   3.3958909694944744e-01	   1.4887616496779355e-01	   5.2264759050660269e-02	   1.2259020145784166e-01	  -1.1550263332820655e-02	   3.2002870759233687e-01	   4.1914624090143360e-01	   4.2087430284183391e-01	   3.1000386797614377e-01	   3.1338517719516107e-01	   1.9280157200591042e-01	   1.9187911842184663e-01	  -6.7794536388331050e-02	   5.9266862658743069e-01	   3.7595062476059971e-01	   2.1868722286063205e-01	   2.7535047624077097e-01	   3.2260152079012788e-01	   1.2295262757791145e-01	   1.0894043450297734e-01	  -8.0450139348995503e-02	  -6.3049434746432528e-02	   7.6014428209116761e-02	   1.3827705492618389e-01	   1.2033511876141115e-01	   2.0546697788189414e-01	   1.7348383006165485e-01	   5.6552023871703216e-01	   2.7518969349665129e-01	   5.0800362934037302e-01	   2.4960168049003775e-01	   9.5737164689408585e-02	   2.7198020567454856e-01	   1.2555731904950965e-01	   3.3119189844962549e-01	   1.4398200265919373e-01	   1.0227950996638248e-01	   1.3578363483540373e-01	   2.3490579763117147e-02	  -1.4140558476703374e-01	   6.6177726982818838e-03	   4.5848447529322867e-01	   2.6290562770317866e-01	   3.2847660355876190e-01	   4.1736469275004739e-01	   3.9528092308197003e-02	   5.8510599177712630e-01	   1.2797775819474594e-01	   2.0537882178576158e-01	   2.1059704345045144e-01	   3.0067208217170222e-01	   2.8842919688102142e-01	   3.8004404236635364e-01	   1.2429128296584573e-01	   7.0745770421707599e-01	   5.3909572214130480e-02	   4.6788375096908830e-01	  -1.1242080931590927e-01	  -1.2911652384431100e-03	   6.4454322764690763e-02	   2.1134698532960391e-01	  -5.2433971435784113e-02	   2.3570925313964891e-01	   2.6320221010882972e-01	   2.4927850300297966e-01	   3.3961097513660182e-01	   2.3555232048681968e-01	   6.4422070736046444e-02	  -8.5229082675692444e-02	
