   0.0000000000000000e+00	   3.2145295738241693e+00	   2.5848449456554938e+00	   2.8187860923758321e+00	   8.2986611428066503e-01	   8.4422395896605151e-01	   2.1201826491591147e+00	   2.0608972393013643e+00	   7.5153862366261937e-01	   7.4082541228107557e-01	   1.3878279716015784e+00	   1.5322326306449250e+00	   1.3583788047894072e+00	   1.3723421633669923e+00	   7.6345153282319400e-01	   7.7089124222726779e-01	   1.1466338709447841e+00	   1.1248541472048572e+00	   2.2634049353643340e+00	   2.1878204825975374e+00	   7.5246675620240688e-01	   7.5490918966151987e-01	   1.9060019168722977e+00	   1.9821759720753171e+00	   7.7665109292076440e-01	   7.7967522420229174e-01	   6.9941716974862633e-01	   7.0309747870280914e-01	   1.1030944947416579e+00	   1.0760707460267636e+00	   1.3053042141934701e+00	   1.3488517723363296e+00	   1.9650769394848784e+00	   1.8947720465489755e+00	   1.4362582261155481e+00	   1.3593295094746249e+00	   8.3058584890157183e-01	   8.0946285706746368e-01	   7.5992537677204886e-01	   7.4736673697103784e-01	   6.9495531810745326e-01	   7.1911666812247133e-01	   1.1384332690253813e+00	   1.1859129301008100e+00	   1.4252907102281569e+00	   1.5369840432276056e+00	   8.7595764821246214e-01	   8.6735760638121595e-01	   1.6135598992834821e+00	   1.6832968542434061e+00	   1.4002968766493336e+00	   1.4626421901623758e+00	   6.2686691302031627e-01	   7.4095677435486307e-01	   6.9432374013713627e-01	   7.0660997020880600e-01	   2.9968941904192561e+00	   3.1429627575712948e+00	   2.5219478385013239e+00	   2.0394234429365334e+00	   2.1380148387245708e+00	   2.0892032107473515e+00	   1.6265790700599980e+00	   1.9493778345480635e+00	   1.9287351949241347e+00	   2.1140788535752604e+00	   3.1973541157216467e+00	   2.6985166712626123e+00	   1.8335541375383666e+00	   1.8775024530914759e+00	   1.1828905010452859e+00	   1.1588135235124124e+00	   1.1075893497948091e+00	   1.1033831777339740e+00	   9.6227657722351023e-01	   9.7039673544163041e-01	   1.2413207393048620e+00	   1.2371377573733333e+00	   1.0114353784968049e+00	   1.1043946590098266e+00	   1.1130258371630823e+00	   1.1483171173929634e+00	   7.5841751295438453e-01	   7.7488491672691673e-01	   1.0415243334867208e+00	   1.0404883374357634e+00	   7.2172916169133516e-01	   7.3608945853549257e-01	   7.2509205552970557e-01	   7.2102197346681907e-01	   7.4123515578504728e-01	   7.2889551942047170e-01	   6.9244815346528588e-01	   7.0071401515646603e-01	   6.6720414504174475e-01	   6.8443289103414229e-01	   7.4875498947013519e-01	   7.1130455453687713e-01	   7.2965834464471302e-01	   7.2646918466893085e-01	   5.8094423841703979e-01	   5.8549924494958860e-01	   6.2729341150653584e-01	   6.5907045723664159e-01	   6.3956042802149637e-01	   6.3542010807839400e-01	   5.5778539408342631e-01	   5.6917497053401700e-01	   5.7245155119949420e-01	   6.7587038808965438e-01	   8.7104005142771590e-01	   6.6659418576571117e-01	   6.9987076854468011e-01	   6.9063775318832799e-01	   6.7651262248259192e-01	   6.7083170043938734e-01	
   3.2145295738241693e+00	   0.0000000000000000e+00	   2.4566341204013660e+00	   2.6636832555858274e+00	   8.1018395294211809e-01	   8.2737319798514086e-01	   2.0094265734940193e+00	   1.9528083709100652e+00	   7.3102210570232873e-01	   7.2110560907099552e-01	   1.3484606970548683e+00	   1.4649216401966165e+00	   1.3114934461949053e+00	   1.3239147266410007e+00	   7.4688614145872045e-01	   7.5386070422214402e-01	   1.1394442212842979e+00	   1.1186156758111174e+00	   2.3454636688242476e+00	   2.2321189956380905e+00	   7.3471888073372760e-01	   7.3814092020997613e-01	   1.8250196120397477e+00	   1.9151540446985422e+00	   7.5026214441564298e-01	   7.5323297130929101e-01	   6.9778906020361564e-01	   7.0138585975055623e-01	   1.0730635102429105e+00	   1.0463457223368611e+00	   1.2577753445857560e+00	   1.3041796935958381e+00	   1.9875809508443130e+00	   1.9066714830197056e+00	   1.3640962856664531e+00	   1.3121452948587744e+00	   8.1564379254149522e-01	   7.9417312563375608e-01	   7.4619663850930085e-01	   7.3415415994228350e-01	   6.9064999740596356e-01	   7.1316603688135849e-01	   1.1090524440704019e+00	   1.1609613672719283e+00	   1.3755296805080706e+00	   1.4850281991482250e+00	   8.4810856017174197e-01	   8.3803249735746410e-01	   1.5430255992397020e+00	   1.6335015756563009e+00	   1.3501332643180113e+00	   1.4040805404198857e+00	   6.0666443800105108e-01	   7.1939092823531192e-01	   6.8266179942525362e-01	   6.9322962892645701e-01	   2.8467175248299057e+00	   3.2177584945124940e+00	   2.5732006206438216e+00	   1.9446099779507735e+00	   2.2096636459114278e+00	   2.1228561184011880e+00	   1.5252926597336836e+00	   1.8517822244915196e+00	   1.8176995060933536e+00	   2.0177213224056443e+00	   2.9238444519939533e+00	   2.5613546675296552e+00	   1.9664341096963918e+00	   2.0020840941558662e+00	   1.1599392023874697e+00	   1.1384949235774460e+00	   1.0711433126071437e+00	   1.0658739358561120e+00	   9.3078632060312583e-01	   9.3828181686564105e-01	   1.2111285141452537e+00	   1.2064103239201933e+00	   9.9384862183379596e-01	   1.0855544991549018e+00	   1.0894682359171921e+00	   1.1224075707083236e+00	   7.4814819561175550e-01	   7.6151842743693288e-01	   1.0187807251542080e+00	   1.0188219164195476e+00	   6.9918917631325950e-01	   7.1528518240422434e-01	   7.0912552158335174e-01	   7.0517365973827928e-01	   7.2408961635937175e-01	   7.1053118974487217e-01	   6.7206979256879129e-01	   6.7761856046421753e-01	   6.6196971649401160e-01	   6.7857416389361680e-01	   7.3505911508931820e-01	   6.9984290751253531e-01	   7.2020831279890041e-01	   7.1722971014420867e-01	   5.6547526293366357e-01	   5.6795667671371719e-01	   6.1018953922618413e-01	   6.3829980816856635e-01	   6.2000826411864618e-01	   6.1471310167266047e-01	   5.3993376509353963e-01	   5.4908489475659839e-01	   5.7296619879287658e-01	   6.6065374003714916e-01	   8.4643764796584897e-01	   6.5948972526200134e-01	   6.8908007167779251e-01	   6.6727300461662420e-01	   6.5350438155641444e-01	   6.4883048446521652e-01	
   2.5848449456554938e+00	   2.4566341204013660e+00	   0.0000000000000000e+00	   3.3123323811051071e+00	   1.0055985839769377e+00	   1.0223390925903126e+00	   2.9400268613281284e+00	   2.7907746294391016e+00	   9.0625963588478220e-01	   8.9470571416946298e-01	   1.6923188067648753e+00	   1.8516747462719279e+00	   1.6538441558031565e+00	   1.6624791155550596e+00	   9.3192220579262608e-01	   9.3889528696050084e-01	   1.4040495248142151e+00	   1.3746764990121214e+00	   1.7718359293667445e+00	   1.7238696367854136e+00	   9.1483588023354545e-01	   9.1920491299377205e-01	   2.5464036691702487e+00	   2.6948701812341014e+00	   9.2053856227374697e-01	   9.2347951933836925e-01	   8.5775202453498245e-01	   8.6128398117534499e-01	   1.3412214133544809e+00	   1.3054346803328205e+00	   1.5523404258958777e+00	   1.6305616388736028e+00	   2.2588817785138260e+00	   2.1668282577291365e+00	   1.6535330126330638e+00	   1.6108802703367238e+00	   1.0177001894467905e+00	   9.9391386553502237e-01	   9.2957901123757758e-01	   9.1864675974938692e-01	   8.5806263073358002e-01	   8.8702315612127891e-01	   1.3883428432199589e+00	   1.4375993692292766e+00	   1.7083278358528879e+00	   1.8933842118277280e+00	   1.0428827962662297e+00	   1.0300274851126971e+00	   2.0085352367545397e+00	   2.1212964510699739e+00	   1.7140085952547650e+00	   1.8029041093236196e+00	   7.6222722029524093e-01	   8.9602718098124334e-01	   8.6116537408919724e-01	   8.7515793798235209e-01	   2.8277620915688266e+00	   2.4808012323489419e+00	   1.9529723635130356e+00	   1.6402923178815707e+00	   2.2965042570529834e+00	   2.0937560906292862e+00	   1.8565131092699516e+00	   2.3769562725548226e+00	   2.3302540632982365e+00	   2.6202064891010073e+00	   2.9016387780796484e+00	   3.4232432852579220e+00	   1.5516807093357559e+00	   1.5767810168921745e+00	   1.4462845924878125e+00	   1.4121792046427939e+00	   1.3235741249314685e+00	   1.3145309989818437e+00	   1.0751485893651367e+00	   1.0815648631004338e+00	   1.5040307451398589e+00	   1.4960061456881937e+00	   1.1759202940216309e+00	   1.3213099506449055e+00	   1.3628666802094251e+00	   1.4027134778868331e+00	   9.2890976895383082e-01	   9.4958146145357247e-01	   1.2710887362786265e+00	   1.2720930526331089e+00	   8.5517307776520068e-01	   8.8017744019089461e-01	   8.9241824326159258e-01	   8.8861338329000861e-01	   8.7905302949127662e-01	   8.5851434177211272e-01	   8.2693966674177177e-01	   8.2976974821103633e-01	   8.2291327305094120e-01	   8.4213393949656035e-01	   9.2063411887414648e-01	   8.7988906482174889e-01	   8.8927528819674062e-01	   8.7946798190372488e-01	   7.0797923511039074e-01	   7.0713798745945389e-01	   7.5994291371036060e-01	   7.8775319181353287e-01	   7.7006227115898707e-01	   7.5915805511755652e-01	   6.7476304292412448e-01	   6.7982890412332608e-01	   6.9264935929958427e-01	   8.3702267149952592e-01	   1.0524021944202391e+00	   8.2928134186598557e-01	   8.2643820569895665e-01	   8.1318941553613577e-01	   7.9469601743568674e-01	   7.8383815527014356e-01	
   2.8187860923758321e+00	   2.6636832555858274e+00	   3.3123323811051071e+00	   0.0000000000000000e+00	   9.3916748235020586e-01	   9.5742962568598367e-01	   2.4989614154846209e+00	   2.4097242975236961e+00	   8.4654567725828822e-01	   8.3722919546535546e-01	   1.5744406712622228e+00	   1.7382903513673138e+00	   1.5386166184331338e+00	   1.5472337110310646e+00	   8.7089878894757089e-01	   8.7824943505966724e-01	   1.3271961165452193e+00	   1.2976341798120612e+00	   1.9302488261454844e+00	   1.8748010674259368e+00	   8.5638158812666143e-01	   8.6055874523824993e-01	   2.2405319774046624e+00	   2.3624122600995427e+00	   8.5892211352223202e-01	   8.6263646375432512e-01	   8.1165303113901754e-01	   8.1572076817420625e-01	   1.2608887453777220e+00	   1.2278379794187946e+00	   1.4367784315331287e+00	   1.5037191023490908e+00	   2.1923940619957936e+00	   2.1191352139780872e+00	   1.5284516567902837e+00	   1.4928971849078163e+00	   9.5849137188910849e-01	   9.3538266090248801e-01	   8.7553083150849464e-01	   8.6447350474662565e-01	   8.1201155725258123e-01	   8.3867198019707545e-01	   1.3218187884418029e+00	   1.3818005709548165e+00	   1.5729223356538797e+00	   1.7369732297256830e+00	   9.7548567323109603e-01	   9.6327981711458799e-01	   1.8360341707205337e+00	   1.9259917618423161e+00	   1.5992330061923763e+00	   1.6724127723738917e+00	   7.1222618299849039e-01	   8.3638744564388579e-01	   8.0981778200269661e-01	   8.2138342893608396e-01	   2.8039311606465360e+00	   2.7292057899896607e+00	   2.0867642483179751e+00	   1.7657234889436570e+00	   2.1927111527594318e+00	   2.0208559736369627e+00	   1.7373503696204919e+00	   2.1438853716942257e+00	   2.1114182007426519e+00	   2.3151883227997381e+00	   3.2166929772055530e+00	   3.0656193941693437e+00	   1.6696684675566948e+00	   1.6972105753159421e+00	   1.3551139840356645e+00	   1.3241919236628259e+00	   1.2502023722445292e+00	   1.2420835876277347e+00	   1.0205774357017710e+00	   1.0277744799998869e+00	   1.4347974955779590e+00	   1.4294255971594509e+00	   1.1628797127463084e+00	   1.2881370679078539e+00	   1.2792835345270968e+00	   1.3147275156506686e+00	   8.7626496278453914e-01	   8.9387172680095772e-01	   1.1928941453946278e+00	   1.1960836553556413e+00	   8.1090189042257943e-01	   8.3267250804378024e-01	   8.3927234201840284e-01	   8.3465488719981262e-01	   8.3558072335419031e-01	   8.1626066223385352e-01	   7.8336581151800777e-01	   7.8715446322138394e-01	   7.7870800754792602e-01	   7.9683115374712354e-01	   8.6474794433184154e-01	   8.2730930066266906e-01	   8.4081383166620338e-01	   8.3297837870945679e-01	   6.6647039896162430e-01	   6.6644242059366487e-01	   7.1674690214767123e-01	   7.4516217529826434e-01	   7.2696120365436934e-01	   7.1822060051212844e-01	   6.3631426655651480e-01	   6.4370052723037929e-01	   6.6294815804774321e-01	   7.8412298192583685e-01	   9.8370816757563562e-01	   7.8021323245462648e-01	   7.8691726292831388e-01	   7.7144862701727490e-01	   7.5494754116832197e-01	   7.4493066525692442e-01	
   8.2986611428066503e-01	   8.1018395294211809e-01	   1.0055985839769377e+00	   9.3916748235020586e-01	   0.0000000000000000e+00	   2.9752090843720302e+00	   1.1291481931157294e+00	   1.1548041749454319e+00	   2.3191959356097414e+00	   2.2900994069383125e+00	   1.4415451990361079e+00	   1.3065762787491437e+00	   1.5432935810257211e+00	   1.5211414214505092e+00	   2.4893746251688422e+00	   2.5365985727885616e+00	   1.5477195648973572e+00	   1.5455304935443124e+00	   6.1590731918155472e-01	   5.9645778478970124e-01	   2.1088818484646406e+00	   2.1149334893747951e+00	   1.1960055662080860e+00	   1.1789417361013790e+00	   2.0278799392784270e+00	   2.0665595391521188e+00	   1.5088345657991651e+00	   1.5141771750704998e+00	   2.0210576949517596e+00	   2.0908455659387193e+00	   1.6052138787491728e+00	   1.5435333441656112e+00	   9.7768991591554255e-01	   9.7476394472328831e-01	   1.2689337333730628e+00	   1.4121778379039869e+00	   2.1730238385795477e+00	   2.1774915273977000e+00	   2.0505298311703943e+00	   2.1166041558438780e+00	   1.5781764437595489e+00	   1.6773071298419482e+00	   1.6301729037383916e+00	   1.4110260869181783e+00	   1.3630605435157994e+00	   1.3276687184377840e+00	   2.4088368562343008e+00	   2.2812222258562840e+00	   1.3068105603025153e+00	   1.2810765174189815e+00	   1.4815296337244459e+00	   1.4142299594993193e+00	   1.6712432606774363e+00	   2.2343329856895915e+00	   1.8915057518315721e+00	   2.0306084903479045e+00	   9.0232180935837514e-01	   8.0789633845465225e-01	   6.9435210937630643e-01	   5.8990719657626089e-01	   9.3754657041966927e-01	   8.9282409883095626e-01	   1.1348783931931867e+00	   1.1270736043488319e+00	   1.1069300872932104e+00	   1.0864047964349741e+00	   8.8116003898880002e-01	   9.8609560657475248e-01	   5.4551190615467493e-01	   5.5258937872964242e-01	   1.7771386590952019e+00	   1.8029031118971648e+00	   1.8389701337457771e+00	   1.8283111192873767e+00	   1.3331400880910629e+00	   1.2888810827042259e+00	   1.4840035064572521e+00	   1.4721886804332462e+00	   1.0356978658389382e+00	   1.2032616894522541e+00	   1.9161315207145719e+00	   1.8874370345382105e+00	   1.8859236760580278e+00	   2.1749225296013894e+00	   2.1824793247605325e+00	   2.1398827811717345e+00	   1.5933221844290433e+00	   1.7212497828549678e+00	   2.0674556513372040e+00	   2.1781679177858635e+00	   1.6274125439298601e+00	   1.5352234643796645e+00	   1.6086592942675697e+00	   1.5398632358421021e+00	   1.4816788070451565e+00	   1.5097430915860683e+00	   2.1003490319923506e+00	   1.9003047492245961e+00	   1.6775176724344947e+00	   1.5676392808760444e+00	   1.3739390371138933e+00	   1.3320898083285335e+00	   1.5047586269077353e+00	   1.5199003142677170e+00	   1.4922605063486543e+00	   1.4057578471627075e+00	   1.2435503892916242e+00	   1.1903642275428716e+00	   1.0435062665583537e+00	   1.9844830078142484e+00	   2.6972827754762703e+00	   1.6912868443779767e+00	   1.3107119941692698e+00	   1.5043640236478921e+00	   1.4660813665154937e+00	   1.4000375685048791e+00	
   8.4422395896605151e-01	   8.2737319798514086e-01	   1.0223390925903126e+00	   9.5742962568598367e-01	   2.9752090843720302e+00	   0.0000000000000000e+00	   1.1452995570622417e+00	   1.1717368182082888e+00	   2.0524893889986142e+00	   2.0451651109553350e+00	   1.4415258317354529e+00	   1.3254185976296959e+00	   1.5728457038168804e+00	   1.5495561891727527e+00	   2.3727755149632341e+00	   2.3661591032674369e+00	   1.5459774055094448e+00	   1.5390034016289320e+00	   6.2995494818070452e-01	   6.0999694985499220e-01	   2.0311298223631051e+00	   2.0583053975271643e+00	   1.2150362524422602e+00	   1.1999997744823032e+00	   1.7489854817393093e+00	   1.7865283909835810e+00	   1.6980614212897012e+00	   1.7045717873614670e+00	   2.0264828653489388e+00	   2.0816248498237764e+00	   1.5838429445096862e+00	   1.5321387292084787e+00	   1.0014711902608811e+00	   9.9893907406141491e-01	   1.2650600791085120e+00	   1.4059654835879172e+00	   2.3842041426308054e+00	   2.3250841497595900e+00	   2.0910425467009173e+00	   2.1785195329804421e+00	   1.7386581776596814e+00	   1.8467511043223632e+00	   1.6771180690863543e+00	   1.4767648737417209e+00	   1.3336337896403263e+00	   1.3163827983921765e+00	   2.2074720253533267e+00	   2.0273808709459336e+00	   1.3124928417417983e+00	   1.2823149724798815e+00	   1.4989832146321023e+00	   1.4291049445735402e+00	   1.5091213501819183e+00	   2.0251615589784575e+00	   1.9879050836136025e+00	   2.1125422200395980e+00	   9.1371919415685166e-01	   8.2166440147221642e-01	   7.0963797717425647e-01	   6.0077380983727147e-01	   9.5987412924347337e-01	   9.1235475573887237e-01	   1.1316536689560077e+00	   1.1377195363821830e+00	   1.1192340840023460e+00	   1.1045641291841883e+00	   8.9702443046769387e-01	   1.0010183968241171e+00	   5.6067102852148465e-01	   5.6826227704038945e-01	   1.7638045477614803e+00	   1.7717443405411903e+00	   1.8272954476732191e+00	   1.8232277297533721e+00	   1.3155068405959036e+00	   1.2775909562379930e+00	   1.5407917840515977e+00	   1.5289941736116257e+00	   1.0992679575466164e+00	   1.2617517221525101e+00	   1.8909358913010501e+00	   1.8670102735514207e+00	   2.0306212551633154e+00	   2.2953770697150495e+00	   2.2238661305862348e+00	   2.1802566750314853e+00	   1.5239185648440818e+00	   1.6652877131263499e+00	   2.0640857129680694e+00	   2.1452275518029547e+00	   1.5994281844860812e+00	   1.4976280253393111e+00	   1.5586238645222223e+00	   1.4819656203110010e+00	   1.6067237761173268e+00	   1.6316872088548868e+00	   2.2187097007404808e+00	   2.0040489140830413e+00	   1.7497494155314472e+00	   1.6344261153837560e+00	   1.3662701252305953e+00	   1.3149022064896336e+00	   1.4823487055139144e+00	   1.4688872575234615e+00	   1.4527519686959744e+00	   1.3672141127739521e+00	   1.2332249647598061e+00	   1.1724281430015133e+00	   1.1219844696811350e+00	   1.9985885092076814e+00	   2.4269607431854539e+00	   1.7796041451183016e+00	   1.3247330429133342e+00	   1.4367294633462697e+00	   1.4009037515071205e+00	   1.3383212902806776e+00	
   2.1201826491591147e+00	   2.0094265734940193e+00	   2.9400268613281284e+00	   2.4989614154846209e+00	   1.1291481931157294e+00	   1.1452995570622417e+00	   0.0000000000000000e+00	   3.9119142143155079e+00	   1.0168556204160057e+00	   1.0035819136730619e+00	   1.9337093618863492e+00	   2.1349946531311139e+00	   1.8968243895849561e+00	   1.9036652742527107e+00	   1.0469882943801627e+00	   1.0541883781877597e+00	   1.5602940886446663e+00	   1.5239091803480518e+00	   1.5131237507053155e+00	   1.4771850838548286e+00	   1.0273156945101896e+00	   1.0314222158474380e+00	   3.2441014880781212e+00	   3.4051647546216883e+00	   1.0265418343114718e+00	   1.0305182469540137e+00	   9.4592182876821207e-01	   9.5000268419459299e-01	   1.5150139625724384e+00	   1.4729650182874974e+00	   1.7544286902662254e+00	   1.8592131796868250e+00	   2.2071898431037118e+00	   2.1328976518140812e+00	   1.8305527197958293e+00	   1.7992340365791231e+00	   1.1394061428086149e+00	   1.1152088527629898e+00	   1.0363377491838119e+00	   1.0260833640072462e+00	   9.5209004352224080e-01	   9.8682523370160014e-01	   1.5588900680487430e+00	   1.5957584851061091e+00	   1.9168753783426244e+00	   2.1538711872759220e+00	   1.1649698674188569e+00	   1.1515283768508318e+00	   2.3434168735805523e+00	   2.4605908077976761e+00	   1.9628174188500900e+00	   2.0897760022074450e+00	   8.5597128084247698e-01	   1.0057157060872672e+00	   9.6380972916018037e-01	   9.8145908701312612e-01	   2.3189755143195252e+00	   2.0365851990468911e+00	   1.6731004924536308e+00	   1.4452976000710511e+00	   2.1418572308286379e+00	   1.9638845622041119e+00	   2.0394340484246123e+00	   2.6714205736286014e+00	   2.5528667089113246e+00	   2.7828660743767903e+00	   2.2885169833465264e+00	   2.6625492493187970e+00	   1.3340143952860273e+00	   1.3549838594825956e+00	   1.6260999357296366e+00	   1.5821333731512857e+00	   1.4785055710759321e+00	   1.4680827255154270e+00	   1.1545438101658918e+00	   1.1597942482894485e+00	   1.6778520442325535e+00	   1.6672529208364593e+00	   1.2507744366267590e+00	   1.4356913368775361e+00	   1.5401307670800972e+00	   1.5833899828736007e+00	   1.0315204656243486e+00	   1.0607827734953406e+00	   1.4311856589726279e+00	   1.4337044691282823e+00	   9.4077585911307837e-01	   9.7217539728229563e-01	   9.9896800718287770e-01	   9.9658001972681665e-01	   9.6501034805553909e-01	   9.3921878848026685e-01	   9.1349703823520023e-01	   9.1326850417901828e-01	   9.0972776095641550e-01	   9.3110345851473408e-01	   1.0280350603649380e+00	   9.8263074137395523e-01	   9.8433393282372661e-01	   9.6828364887176499e-01	   7.8778958287930345e-01	   7.8427101202331528e-01	   8.4406084464588771e-01	   8.7127045964611471e-01	   8.5358315959217590e-01	   8.3928159027968785e-01	   7.4919769794947233e-01	   7.5034557717887851e-01	   7.4989848938046988e-01	   9.4059884787609316e-01	   1.1805641664319348e+00	   9.2693273676387711e-01	   9.0112804439230287e-01	   8.9231920755053140e-01	   8.7082507500023287e-01	   8.5692064193717077e-01	
   2.0608972393013643e+00	   1.9528083709100652e+00	   2.7907746294391016e+00	   2.4097242975236961e+00	   1.1548041749454319e+00	   1.1717368182082888e+00	   3.9119142143155079e+00	   0.0000000000000000e+00	   1.0355320702150130e+00	   1.0220986889431010e+00	   1.9539933408669454e+00	   2.1783978174888445e+00	   1.9529585109872918e+00	   1.9665773265678843e+00	   1.0651975684531760e+00	   1.0734109265575891e+00	   1.5680978104133911e+00	   1.5313987613455429e+00	   1.4781288185599368e+00	   1.4452400397124008e+00	   1.0434724158110535e+00	   1.0484849221040227e+00	   3.2836558238262290e+00	   3.4063920768479719e+00	   1.0437010063548491e+00	   1.0489640426691487e+00	   9.6243451907684530e-01	   9.6654052664208001e-01	   1.5493259592895481e+00	   1.5069034609123175e+00	   1.8043520227108574e+00	   1.9124325380360823e+00	   2.1499600305915063e+00	   2.0884329472235299e+00	   1.8748824200101604e+00	   1.8462505225059593e+00	   1.1649429589156881e+00	   1.1390008084745915e+00	   1.0600524583606530e+00	   1.0502837870862591e+00	   9.7255115094716627e-01	   1.0069640083287672e+00	   1.5906722525205570e+00	   1.6209326080252375e+00	   1.9433220714809802e+00	   2.1835501211932056e+00	   1.1923941638851299e+00	   1.1776420732954882e+00	   2.4031555483358851e+00	   2.4727870110771630e+00	   2.0108107605072587e+00	   2.1491805311405527e+00	   8.7206151922010755e-01	   1.0264419350005274e+00	   9.8507270096837407e-01	   1.0029630254793094e+00	   2.2572615743877460e+00	   1.9821935875354919e+00	   1.6338059403846832e+00	   1.4205217336379095e+00	   2.0862707975861277e+00	   1.9342430767113166e+00	   2.0709994702228682e+00	   2.7071405677129770e+00	   2.5697816366382722e+00	   2.7606501552527614e+00	   2.2081232578525030e+00	   2.5686601381234082e+00	   1.3080668415514514e+00	   1.3295748230471327e+00	   1.6533327886818479e+00	   1.6062284319661218e+00	   1.5155277483897940e+00	   1.5054899713692382e+00	   1.1788166074540378e+00	   1.1831849279048201e+00	   1.7118075511776032e+00	   1.7023692490704436e+00	   1.2640559582605821e+00	   1.4498609301463465e+00	   1.5671440979079374e+00	   1.6139490199657016e+00	   1.0574911959860207e+00	   1.0865644343774528e+00	   1.4632981461567296e+00	   1.4640010485391965e+00	   9.5603193850712298e-01	   9.8896862988129675e-01	   1.0203648869740414e+00	   1.0191146063886527e+00	   9.8369270995414171e-01	   9.5602868950982189e-01	   9.2723766030080235e-01	   9.2587610392818853e-01	   9.3264979248740565e-01	   9.5476986661615337e-01	   1.0540508854403405e+00	   1.0066077379398761e+00	   1.0071453259078760e+00	   9.9095965061134272e-01	   8.0037200664552510e-01	   7.9625759362218773e-01	   8.5691994568212004e-01	   8.8382151774254780e-01	   8.6634136787840876e-01	   8.5185105483293921e-01	   7.6131100325435463e-01	   7.6141598661876608e-01	   7.6937895325032168e-01	   9.6035179634934020e-01	   1.2092063974941762e+00	   9.4708223908640743e-01	   9.1989171123738700e-01	   9.0566277796325390e-01	   8.8344687140442502e-01	   8.7115093645909902e-01	
   7.5153862366261937e-01	   7.3102210570232873e-01	   9.0625963588478220e-01	   8.4654567725828822e-01	   2.3191959356097414e+00	   2.0524893889986142e+00	   1.0168556204160057e+00	   1.0355320702150130e+00	   0.0000000000000000e+00	   3.9322195443735968e+00	   1.2994256434270044e+00	   1.1544026067814313e+00	   1.3033957101623821e+00	   1.2891919714226889e+00	   2.5804148212726252e+00	   2.6268145754259411e+00	   1.4089764426158626e+00	   1.4229442204770892e+00	   5.5514890987891208e-01	   5.3721269082116796e-01	   2.4193400849219051e+00	   2.3151596869607047e+00	   1.0656311854513532e+00	   1.0510495704040044e+00	   2.4284767513219760e+00	   2.4642057613944557e+00	   1.3040386845958509e+00	   1.3154751121187571e+00	   1.6780092884115265e+00	   1.7273054966918362e+00	   1.3741721428629505e+00	   1.3465287891196414e+00	   8.8134827949929795e-01	   8.7837131871130847e-01	   1.1301927467747885e+00	   1.2489778964543574e+00	   1.7775471058102543e+00	   1.8869251432023366e+00	   1.6928520922925849e+00	   1.7365167344667147e+00	   1.3365054452059766e+00	   1.4454945789146911e+00	   1.4036629959077569e+00	   1.2004977266596155e+00	   1.2483369800285378e+00	   1.2042654727867068e+00	   2.0733075706137027e+00	   2.1419879847899490e+00	   1.1600829027319057e+00	   1.1562191289288357e+00	   1.2680363350776633e+00	   1.2298221424034905e+00	   2.1837801945620141e+00	   2.6869282364254694e+00	   1.6685287257956816e+00	   1.7871280345596445e+00	   8.2357960635337379e-01	   7.3408113655025498e-01	   6.3246830429374623e-01	   5.4001384708755951e-01	   8.5229063131802696e-01	   8.1889927627908266e-01	   1.0176446766654073e+00	   1.0021539192293811e+00	   9.7803408512868328e-01	   9.6404969325804324e-01	   8.0022343285421094e-01	   8.9343055029453100e-01	   4.8522133876236007e-01	   4.9289034460573800e-01	   1.5340500025636756e+00	   1.5771402180166947e+00	   1.5176391746289131e+00	   1.5020071022136263e+00	   1.1281829417463853e+00	   1.0870440005460036e+00	   1.2341010581726886e+00	   1.2243465482332094e+00	   9.0398849897915845e-01	   1.0527878697293149e+00	   1.6843178821384197e+00	   1.6167557944850472e+00	   1.4615087889450444e+00	   1.6829349818376849e+00	   1.7287655443891450e+00	   1.7401200118253950e+00	   1.5534355098741388e+00	   1.6299955587048931e+00	   1.8312386047208093e+00	   1.9147725394264661e+00	   1.4540073444740416e+00	   1.4112088390364188e+00	   1.6109272236853154e+00	   1.5793229099915316e+00	   1.2001614627600385e+00	   1.2123069611560753e+00	   1.6525431186223043e+00	   1.5576076509792323e+00	   1.3665646929182738e+00	   1.2644007899255947e+00	   1.3711159602244478e+00	   1.3448725810911246e+00	   1.4959787204153561e+00	   1.5548282066005119e+00	   1.5148400536028503e+00	   1.4554740922963918e+00	   1.2630266687751119e+00	   1.2344297339623016e+00	   8.1870989765434143e-01	   1.9340821069041334e+00	   2.0751856504836841e+00	   1.4604178248610264e+00	   1.1251445677462846e+00	   1.5391889958990823e+00	   1.5173859099846561e+00	   1.3931963455628265e+00	
   7.4082541228107557e-01	   7.2110560907099552e-01	   8.9470571416946298e-01	   8.3722919546535546e-01	   2.2900994069383125e+00	   2.0451651109553350e+00	   1.0035819136730619e+00	   1.0220986889431010e+00	   3.9322195443735968e+00	   0.0000000000000000e+00	   1.2880963480727570e+00	   1.1448928056882610e+00	   1.2881826518414869e+00	   1.2738331309548288e+00	   2.6618752442677875e+00	   2.7216504628140950e+00	   1.4076159128042318e+00	   1.4218200202535989e+00	   5.4646260217472031e-01	   5.2857324286344154e-01	   2.4435240882334006e+00	   2.3304212205407899e+00	   1.0524753264712881e+00	   1.0391462074148730e+00	   2.3251489114574975e+00	   2.3538800194703913e+00	   1.3294242294173082e+00	   1.3418278315844616e+00	   1.6636718195635793e+00	   1.7107403962403647e+00	   1.3477124270191614e+00	   1.3274655625755867e+00	   8.7257284626700793e-01	   8.7035050409992243e-01	   1.1129310831843038e+00	   1.2347563785125109e+00	   1.7981431013515294e+00	   1.9129633902892540e+00	   1.6942090465403841e+00	   1.7447110412340430e+00	   1.3581940783273829e+00	   1.4672475699238112e+00	   1.4052354794851969e+00	   1.2019671014096023e+00	   1.2297361558309612e+00	   1.1903005207313089e+00	   2.0078106893003707e+00	   2.0633139633982402e+00	   1.1466801160914832e+00	   1.1426024113077740e+00	   1.2521909543551712e+00	   1.2169398318001114e+00	   2.2035482142021721e+00	   2.6363835251638128e+00	   1.7059519275676625e+00	   1.8244379504176471e+00	   8.1158735938420246e-01	   7.2406678924223822e-01	   6.2199915292128816e-01	   5.3036327318922949e-01	   8.4096552989745943e-01	   8.0658756068794246e-01	   1.0013054001595589e+00	   9.8691065687142532e-01	   9.6293481881258780e-01	   9.5003492514681553e-01	   7.8984426379285544e-01	   8.8170825315110046e-01	   4.7862734186706452e-01	   4.8580544285346483e-01	   1.5205506339160348e+00	   1.5630984680078128e+00	   1.4977728966910298e+00	   1.4799459485610797e+00	   1.0978754888485207e+00	   1.0588631750963056e+00	   1.2273739811812843e+00	   1.2181318652129816e+00	   9.1562476314491537e-01	   1.0638772397385139e+00	   1.6725535735219599e+00	   1.5999742358643663e+00	   1.4705894377628552e+00	   1.6876530346050278e+00	   1.7152599384024469e+00	   1.7299120354934909e+00	   1.5392219797068598e+00	   1.6217835576303605e+00	   1.8560234980314008e+00	   1.9489756778537397e+00	   1.4405659868740437e+00	   1.3940187499224534e+00	   1.6295200397086564e+00	   1.5895733405535442e+00	   1.2182268298154746e+00	   1.2261126473518793e+00	   1.6638030332996518e+00	   1.5744583017422311e+00	   1.3664516742378678e+00	   1.2619703803030973e+00	   1.4014049666776092e+00	   1.3731295082932129e+00	   1.5269892718073055e+00	   1.5792276807821917e+00	   1.5381251309965749e+00	   1.4774261350454927e+00	   1.2898088664589380e+00	   1.2583406551899727e+00	   8.3425620794330957e-01	   1.9933756842234058e+00	   2.0438307939032567e+00	   1.4917570776153035e+00	   1.1129272453513368e+00	   1.5317112809329765e+00	   1.5152673088735216e+00	   1.3723232821801410e+00	
   1.3878279716015784e+00	   1.3484606970548683e+00	   1.6923188067648753e+00	   1.5744406712622228e+00	   1.4415451990361079e+00	   1.4415258317354529e+00	   1.9337093618863492e+00	   1.9539933408669454e+00	   1.2994256434270044e+00	   1.2880963480727570e+00	   0.0000000000000000e+00	   2.5788510091245054e+00	   2.4725080753071893e+00	   2.4434643274298962e+00	   1.3457574057794504e+00	   1.3553767830851338e+00	   2.1987392825722698e+00	   2.1750537187242753e+00	   1.0543406629730496e+00	   1.0324517105548898e+00	   1.3145643125176865e+00	   1.3246786896856440e+00	   2.0907675310440998e+00	   2.0201196860819044e+00	   1.2948842152607769e+00	   1.2981320636196041e+00	   1.1293016890777132e+00	   1.1360242219668093e+00	   2.0070212169500241e+00	   1.9269497071360444e+00	   2.1992485658771561e+00	   2.5167658174859944e+00	   1.5883356445179087e+00	   1.5844215749745685e+00	   2.0083535735620597e+00	   2.1048128521746601e+00	   1.4281374406425202e+00	   1.4081935177380185e+00	   1.3014718517100456e+00	   1.2932082833138754e+00	   1.1596549643589888e+00	   1.2158828892289515e+00	   1.9466898326487363e+00	   1.8563330331887085e+00	   2.3322322746346762e+00	   2.5009130129470889e+00	   1.4727195442368259e+00	   1.4524449234809325e+00	   2.3841261012158808e+00	   2.4035721089859705e+00	   2.4117773549234900e+00	   2.5404820380776378e+00	   1.1139367770034798e+00	   1.3072106147963141e+00	   1.2214785704734816e+00	   1.2526490472863829e+00	   1.5112148787673625e+00	   1.3838408634422903e+00	   1.1424971223423730e+00	   1.0054014768548472e+00	   1.4439251929532675e+00	   1.3484914512629742e+00	   1.9217343421787645e+00	   1.9302552967058524e+00	   1.8745529853696841e+00	   1.8193904329374071e+00	   1.4727420445154453e+00	   1.6361449886660306e+00	   9.7896441114092358e-01	   9.8903237896324825e-01	   2.3851820114947122e+00	   2.3302533231227094e+00	   1.8060465519939228e+00	   1.7791738766035505e+00	   1.2568155523903513e+00	   1.2561771207219621e+00	   1.9057798724597403e+00	   1.8827555785301220e+00	   1.3172724777737983e+00	   1.5919110030386567e+00	   2.1099924292442083e+00	   2.1460473786472516e+00	   1.2775004444383109e+00	   1.3332696871780620e+00	   1.8768384378102505e+00	   1.8991409919532076e+00	   1.1487183356095438e+00	   1.1978932110172782e+00	   1.2730728463987258e+00	   1.2825033562689601e+00	   1.1625318319136602e+00	   1.1220735335392715e+00	   1.1265580636333843e+00	   1.1147685148008069e+00	   1.1006035487089794e+00	   1.1256316141986416e+00	   1.2983050007278005e+00	   1.2326527311439701e+00	   1.1938036873441147e+00	   1.1547868543060307e+00	   9.6517839423515972e-01	   9.5012515049597057e-01	   1.0394995829138021e+00	   1.0701727899085147e+00	   1.0479355862696125e+00	   1.0224933637086255e+00	   9.0039681557024331e-01	   8.9933627627426138e-01	   8.5706810410185930e-01	   1.2107539518972565e+00	   1.5053906534789219e+00	   1.1585770620483427e+00	   1.0445459020521857e+00	   1.0833029327839487e+00	   1.0517884657593959e+00	   1.0211575052055812e+00	
   1.5322326306449250e+00	   1.4649216401966165e+00	   1.8516747462719279e+00	   1.7382903513673138e+00	   1.3065762787491437e+00	   1.3254185976296959e+00	   2.1349946531311139e+00	   2.1783978174888445e+00	   1.1544026067814313e+00	   1.1448928056882610e+00	   2.5788510091245054e+00	   0.0000000000000000e+00	   2.5174670371501704e+00	   2.5448225518350380e+00	   1.1999433909750077e+00	   1.2089354303058395e+00	   1.7920143635385890e+00	   1.7424697111029239e+00	   1.1532165564056258e+00	   1.1353668193590014e+00	   1.1661135846752171e+00	   1.1761237312979544e+00	   2.3182732306848934e+00	   2.1988328898224516e+00	   1.1518053466744216e+00	   1.1589778693486688e+00	   1.0691980371718366e+00	   1.0741775333730443e+00	   1.8528962035273149e+00	   1.7876124071709711e+00	   2.0839028682119549e+00	   2.2514418591131293e+00	   1.7209975429885105e+00	   1.7284720243388776e+00	   2.0778012909926078e+00	   1.9998348937193202e+00	   1.3274596004823149e+00	   1.2955900224125163e+00	   1.2149153519365228e+00	   1.2041235705323321e+00	   1.0976805746771321e+00	   1.1380399795307110e+00	   1.9342458728657621e+00	   1.9357991643661063e+00	   2.0831437445077094e+00	   2.3483786632165291e+00	   1.3494365259758017e+00	   1.3245930605197762e+00	   2.6550390898949945e+00	   2.4036129434970168e+00	   2.5276464176555846e+00	   2.7829753054261031e+00	   9.7777874809078846e-01	   1.1595284076438728e+00	   1.1254126622889260e+00	   1.1486208575676919e+00	   1.6218318721062768e+00	   1.5141951779335339e+00	   1.2322038121000018e+00	   1.1167320513476739e+00	   1.5027834411724226e+00	   1.4034157463039310e+00	   2.2155520292247926e+00	   2.2091426902398137e+00	   2.1952032563600921e+00	   2.0359878368908073e+00	   1.6104085504565810e+00	   1.7647036136360561e+00	   1.0662298147335365e+00	   1.0821776797534572e+00	   1.9775114453281466e+00	   1.9044275533360739e+00	   1.7953112923079189e+00	   1.7781944583710048e+00	   1.2627734727348374e+00	   1.2718046839484580e+00	   2.0189165654313119e+00	   2.0099238327095788e+00	   1.4298146893207027e+00	   1.6809273916112843e+00	   1.8305518605302340e+00	   1.8823195260223953e+00	   1.2165508162153942e+00	   1.2491364093988369e+00	   1.7081725325104373e+00	   1.7167055553239070e+00	   1.0789890479392763e+00	   1.1206271243987125e+00	   1.1697052563573740e+00	   1.1733632679091601e+00	   1.1131637165388366e+00	   1.0751751495116619e+00	   1.0396705585609325e+00	   1.0316695045190727e+00	   1.0617360738756552e+00	   1.0900935735283555e+00	   1.2133570357715697e+00	   1.1562891103070279e+00	   1.1479256161183815e+00	   1.1242770312536827e+00	   8.7980154868170435e-01	   8.7065974094149168e-01	   9.4921962336798249e-01	   9.8461027273564505e-01	   9.6043884796777967e-01	   9.4001769641685862e-01	   8.2603260992618055e-01	   8.2705376371035899e-01	   8.5755519273479663e-01	   1.0948736175461866e+00	   1.3762805692719600e+00	   1.0775861274091856e+00	   1.0286921249792591e+00	   1.0098190318368181e+00	   9.7964445347676488e-01	   9.6981526595750756e-01	
   1.3583788047894072e+00	   1.3114934461949053e+00	   1.6538441558031565e+00	   1.5386166184331338e+00	   1.5432935810257211e+00	   1.5728457038168804e+00	   1.8968243895849561e+00	   1.9529585109872918e+00	   1.3033957101623821e+00	   1.2881826518414869e+00	   2.4725080753071893e+00	   2.5174670371501704e+00	   0.0000000000000000e+00	   3.8996077984475606e+00	   1.3689275796620877e+00	   1.3780738381346262e+00	   1.9184823674825946e+00	   1.8541757979008227e+00	   1.0288481145171156e+00	   1.0092516996079230e+00	   1.3101959614536030e+00	   1.3252654484113979e+00	   2.0838267466168259e+00	   2.0010057529522838e+00	   1.2959329162784219e+00	   1.3063478587071617e+00	   1.2089489719368032e+00	   1.2117299086110069e+00	   2.2524648828056071e+00	   2.1561866143402617e+00	   2.5575646794402602e+00	   2.6614314679475006e+00	   1.5143330546020792e+00	   1.5109110295112140e+00	   2.0829264864413597e+00	   2.1913341846254055e+00	   1.5427167051793953e+00	   1.4902989283412267e+00	   1.4258100338713939e+00	   1.4117672149561908e+00	   1.2539375071547421e+00	   1.3019112992974771e+00	   2.1547362916853099e+00	   2.0604550279287879e+00	   2.0754625056170068e+00	   2.1757913496297490e+00	   1.5873155996766932e+00	   1.5399438618127235e+00	   2.3719149314478054e+00	   2.1470251323444312e+00	   2.8388078488182327e+00	   2.8240275505807575e+00	   1.0746285851478317e+00	   1.3163441318658127e+00	   1.2921699694364748e+00	   1.3253362659365218e+00	   1.4580993542211989e+00	   1.3312938820913371e+00	   1.1157164208190249e+00	   9.9150263928432303e-01	   1.4033611924594274e+00	   1.3265583953841733e+00	   1.9408456320422987e+00	   1.9317259258241966e+00	   1.9092306214503743e+00	   1.8188034855348443e+00	   1.4289158836587355e+00	   1.5884219641811836e+00	   9.4684024829014990e-01	   9.5964333725930695e-01	   2.3389418567642317e+00	   2.2154974885244942e+00	   2.1618856461700178e+00	   2.1523317240408080e+00	   1.4425056277136254e+00	   1.4453448834837050e+00	   2.3214910251461136e+00	   2.2997904244133291e+00	   1.3989023751566334e+00	   1.6625843955757396e+00	   2.1204705819844811e+00	   2.2421611090557354e+00	   1.4374246872982355e+00	   1.4760500813967452e+00	   2.0806070602140396e+00	   2.0631004860161322e+00	   1.2207372817058542e+00	   1.2800549260451588e+00	   1.3562468517336039e+00	   1.3592971918281740e+00	   1.2799665939383023e+00	   1.2260423807229630e+00	   1.1706008921483908e+00	   1.1542757474844911e+00	   1.2305384273137177e+00	   1.2700401752797394e+00	   1.4351009319071453e+00	   1.3561177871156045e+00	   1.3478942855942397e+00	   1.3229442366696007e+00	   9.9132901854667821e-01	   9.7391307883255329e-01	   1.0706325799194611e+00	   1.1021686302554641e+00	   1.0799843758438366e+00	   1.0482849114191157e+00	   9.2789167489855029e-01	   9.1708873347404185e-01	   9.6738202295991249e-01	   1.2408747555132096e+00	   1.6352460330499894e+00	   1.2319149557143043e+00	   1.1870376945210701e+00	   1.1306375696433955e+00	   1.0903706019183654e+00	   1.0854616399103012e+00	
