   0.0000000000000000e+00	   4.7248054561006136e-01	   4.1169656152160777e-01	   4.9015995497493814e-01	  -1.6105116706235025e-02	   1.0155365983584069e-01	   1.6069420960682407e-01	   1.9898184707141645e-01	   9.2907793405637831e-02	   1.3815028720370451e-01	   3.2724404852287603e-01	   4.1970718983472055e-01	   2.5287537520601833e-01	   1.4936598751410471e-01	   2.0937947026245404e-01	   5.7717038349807077e-02	   4.8481779890047927e-01	   1.1579854143422297e-01	   6.1614662263276532e-01	   4.6123835729656992e-01	   9.9057367354640130e-02	   1.9151282007111997e-02	   2.3664856415877844e-01	   2.9922916346411682e-01	   2.1998589147124997e-01	   2.1241666854316618e-01	   2.0942495912193315e-01	   2.5315482200500727e-01	   3.9975214322867697e-01	   1.0829542989120258e-01	   3.1326102584452575e-01	   2.8819310050864710e-01	   4.5131806263025021e-01	   4.2990212512461812e-01	   1.3932621966070119e-01	   3.0165482671784184e-02	   2.7152731383214890e-01	   7.5708967072036143e-02	   3.2443746755268610e-01	   3.7104668945248043e-01	   4.6625637525748759e-01	   2.3152010225420544e-01	   5.8112118357361152e-02	   2.5341384437272368e-01	  -1.6614591619753791e-02	   1.5146145559348270e-01	  -1.4072021426239523e-02	   1.4323378553307839e-01	   2.0319883440868497e-01	   2.9888389934170856e-01	   4.1518749223574891e-01	   6.9799948000120116e-01	   5.0540385688113154e-01	   4.0444451305805085e-01	   2.7830967149405628e-01	   5.0531245161330973e-01	   5.6871702743712294e-01	   3.1232813710799456e-01	   7.0630010736011350e-01	   6.5284381831859850e-01	   4.6630193849058527e-01	   4.9345017772884803e-02	   3.4216708888033681e-01	   1.8447761553715372e-01	  -5.2917283693957221e-02	   1.7654052143036406e-01	   3.4536210032758713e-01	   3.1279916329883845e-01	   1.9116816905125489e-01	  -1.7890533931628001e-03	   3.3930459125619045e-01	   2.8773484722625492e-01	   7.0416507359506320e-01	   1.5885013043394938e-01	   3.8556580945505359e-01	   3.5481363638714547e-01	   5.8637456010158318e-01	   4.3602861655860325e-01	   2.2382269486208878e-01	  -6.6049387843319485e-02	   3.2215668102079986e-01	   7.6682138482468423e-02	   4.1346971277931144e-01	   4.3155865034321489e-01	   1.7164091759385555e-01	   1.0094091043762683e-01	   1.1035744473322318e-01	   2.7093100060152453e-01	   4.1883518353639970e-01	   2.7391928513400493e-01	   1.9016597566499878e-02	   3.1000603445339736e-01	   3.7933343999433197e-02	   1.3952105053162925e-01	   3.6390817398710795e-01	   2.5326939877793009e-01	   2.3019627418023278e-01	   6.3725762711397627e-02	   1.0689208806808498e-01	   4.6929173067045782e-01	   3.2639824668947409e-01	   2.0953266741735693e-01	   2.4179691326636443e-01	   2.8040773531704988e-01	   4.8921601468888019e-03	   8.7958909932230669e-02	   1.4974741997092589e-01	   4.6299148617291652e-01	  -9.2211847360251939e-02	   6.8761129942576694e-03	  -3.4718390582466396e-02	   2.2973333032388998e-01	   2.7298632198280004e-01	   2.0189076666053538e-01	   1.0318518333074896e-01	  -2.3725262714317955e-01	
   4.7248054561006136e-01	   0.0000000000000000e+00	   3.6402629305274170e-01	   9.3554973572308875e-01	   2.0802623041617668e-01	   5.9339822818094556e-01	   4.1674220310402793e-01	   6.6902520676953980e-01	   4.0756891824074870e-01	   3.5414536188366774e-01	   3.7991090412459488e-01	   5.5327440534827110e-01	   5.3117109476980784e-01	   4.9480344974830387e-01	   3.8109469406023266e-01	   4.8239506742758625e-01	   2.0148051382684454e-01	   4.2079459999389546e-01	   5.6473829241695739e-01	   6.3928094011128356e-01	   2.9099134588884384e-01	   4.1214927395306022e-01	   3.4129459040351356e-01	   4.8420010741977088e-01	   2.3522950484032798e-01	   4.2908161099724351e-01	   3.8460502626943033e-01	   5.6840569133720442e-01	   1.9326280772860149e-01	   4.0737486565624625e-01	   2.5581787291188213e-01	   3.5141423303011815e-01	   6.0366662889965450e-01	   9.7772257602549140e-01	   3.5499389664518294e-01	   4.1054784401730005e-01	   3.4683632295058719e-01	   3.3982489292563606e-01	   3.2053849666983836e-01	   3.7924172150352686e-01	   4.6614059473610708e-01	   2.9756463099402602e-01	   5.0935271841219099e-01	   3.2960973919384207e-01	   2.8516224309068816e-01	   3.1684376029528682e-01	   4.0238776594764197e-01	   4.9676961492424393e-01	   5.8980948863607763e-01	   4.2794309584997547e-01	   8.1427214280996862e-01	   3.8383312004842363e-01	   7.7112300654377841e-01	   7.0714112279487407e-01	   4.5714635454449359e-01	   7.0309498979747964e-01	   4.9449514074767931e-01	   9.7442472950112013e-01	   5.9200205436585385e-01	   6.1234916200577771e-01	   6.3549322461344904e-01	   3.9312361454120182e-01	   5.5495790713139637e-01	   5.7348499243086126e-01	   3.7852682955798705e-01	   4.1036288822971562e-01	   6.4093715129932571e-01	   6.1390640315386225e-01	   4.6479145979970649e-01	   4.6217762393765716e-01	   2.2303555544376717e-02	   4.1249990673377379e-01	   1.2649066067669404e-01	   4.3902795006294099e-01	   3.5709819455320552e-01	   6.0700147010435801e-01	   2.6450740759704588e-01	   4.7692120433371626e-01	   1.3581027362044659e-01	   3.6368138893923513e-01	   4.9153790681206744e-01	   3.7973427828337569e-01	   5.4996930591231541e-01	   8.4259026965401085e-01	   4.1523452847588177e-01	   5.9678348562887895e-01	   1.9408651228971721e-01	   4.4484069322966230e-01	   6.1552680177870100e-01	   8.3091684326459025e-01	   3.6308816618822626e-01	   4.7489719685338494e-01	   4.4661539174383197e-01	   3.1299941687746669e-01	   4.5041827327788464e-01	   1.9981656056198008e-01	   4.0939776978760289e-01	   4.8195770942148897e-01	   3.0729111824626382e-01	   5.9363726266590167e-01	   4.9585301326149434e-01	   2.7780167734107464e-01	   3.2630790571009871e-01	   2.7580476772117191e-01	   6.7861746813129620e-02	   1.7774617711575982e-01	  -3.9115620203338660e-03	   3.6845447672047044e-01	  -2.2149736278112638e-03	   7.6701543729020036e-02	   9.0482854326779633e-02	   4.1289214783681888e-01	   3.8801061267527304e-01	   2.0125656840788148e-01	   1.1410608555637503e-01	  -7.1976879934524118e-02	
   4.1169656152160777e-01	   3.6402629305274170e-01	   0.0000000000000000e+00	   6.4199226508070051e-01	   6.4228699395125011e-01	   4.2090875207759870e-01	   8.6277655923063279e-01	   4.5090753104308606e-01	   5.4114732906923224e-01	   5.1182146581706123e-01	   2.0473348363458060e-01	   4.5284537535296016e-01	   6.4925555036478066e-01	   3.6714160938237100e-01	   7.9519226623114692e-01	   4.8849618020995828e-01	   1.5913840459163314e-01	   2.4316621459116905e-01	   5.8420942875126480e-01	   4.3728800068580953e-01	   6.1004615793060379e-01	   2.9193355443152008e-01	   1.3150355726548373e+00	   8.6742404737889411e-01	   9.9102013838417902e-01	   7.9202643985570775e-01	   6.9662673490514737e-01	   6.3443301117995798e-01	   1.9404443754736628e-01	   1.8385188684423628e-01	   8.7415555587025073e-01	   6.2876233019085592e-01	   5.2721551982055992e-01	   4.3177474451730247e-01	   5.1255596366377953e-01	   2.3859590591634958e-01	   3.9811812115413608e-01	   4.9688546416069290e-02	   5.6814668033222515e-01	   2.5753815737195851e-01	   3.6021659401582995e-01	   3.8691380060851037e-02	   2.0531370786422581e-01	   6.9090785166737084e-02	   1.2955192421843265e-01	   4.3343427521849977e-02	   1.8114871550993331e-01	   1.1387223173558395e-01	   1.4432833134901929e-01	   3.4129450446010630e-02	   4.7229678098051131e-01	   2.2803792065170506e-01	   4.2396356308124616e-01	   3.0000245717158480e-01	   3.2968989959773315e-01	   2.3414986438468932e-01	   1.4259773403916243e-01	   2.0942228344656072e-01	   2.9340927532740674e-01	   3.4454088762632945e-01	   2.2827230036653284e-01	   1.7564863156353089e-01	   8.6793131151808270e-02	   1.3519705673806576e-01	   5.8643266203067057e-01	   2.7386584013680437e-01	   3.9490027694565832e-01	   2.1104128081875634e-01	   1.6054171336202974e-01	   1.7543613831189186e-01	   2.6848773847097995e-01	   4.4321244794837722e-01	   3.4304690954178502e-01	   2.4989841489073547e-01	   3.4574526909693692e-01	   1.9645275031584367e-01	   2.9524537355408242e-01	   9.0505840228098586e-02	   3.5045596926935367e-02	   1.9777019858232778e-01	   4.2870199240769125e-01	   6.4163278383704989e-02	   7.5203331255039019e-01	   4.7969339730731342e-01	   5.8845927804917875e-01	   1.1946278634414742e-01	   1.6161421166985501e-01	   1.8451522180739696e-01	   4.4988193610107929e-01	   3.5897540640037384e-01	   1.5315612803887627e-01	   3.3335377495188162e-01	   9.7617032112542815e-02	   4.2020995401459244e-01	   3.3117587138642768e-01	   1.8254265185705637e-01	   4.0614854620638208e-01	   2.8831476814525936e-01	   1.8144955240332433e-01	   2.1921168348999570e-01	   1.6506307340817925e-01	   7.6126578582529733e-02	   2.5263016140194416e-01	  -8.9265177548359474e-03	   1.3742961391884187e-01	   3.0060947005538097e-01	   2.0582145278314662e-01	   1.0822462493246418e-01	   4.3555378141956383e-02	   1.1347217252047605e-01	   1.7428480459225359e-01	   1.7185570240110772e-02	   1.3583036273795515e-01	   7.2081465994669205e-02	  -6.1482076372949147e-02	  -1.0929701324901293e-01	
   4.9015995497493814e-01	   9.3554973572308875e-01	   6.4199226508070051e-01	   0.0000000000000000e+00	   4.5712776711762382e-01	   9.5518648867340350e-01	   8.0263418893642857e-01	   1.3995786663551295e+00	   6.1092367965566707e-01	   6.5113924344330587e-01	   4.2204015544688639e-01	   8.0780004077551282e-01	   5.2301445635952881e-01	   6.5100462692001948e-01	   4.8583318091526384e-01	   7.5104934562284908e-01	   2.9079742834507660e-01	   3.9705831422785631e-01	   6.9079695231143201e-01	   7.1754552461233634e-01	   2.8820781841069520e-01	   4.4011940345621064e-01	   6.0284137044155373e-01	   8.9811161643848370e-01	   3.7823924959353050e-01	   6.7039845106104046e-01	   4.7055687807058055e-01	   7.0062705534839342e-01	   3.8244515029163018e-01	   6.2949382808268650e-01	   6.0944820437503899e-01	   9.1668339330948823e-01	   7.1358290667507973e-01	   1.1411612290589237e+00	   2.9242397076109061e-01	   4.1653462635470512e-01	   5.0751013168906955e-01	   2.6832704430350934e-01	   5.6590821637405397e-01	   4.0508134368165810e-01	   5.0442921674755747e-01	   2.4193771817353601e-01	   3.5956045302805889e-01	   1.7962780415805002e-01	   1.9833563787579123e-01	   1.8542761757132356e-01	   3.0232181068721947e-01	   3.3637476888382134e-01	   3.6982564672476453e-01	   2.2000113397911691e-01	   5.7550273910649064e-01	   2.3862085343987177e-01	   5.7916443237408599e-01	   5.6601429470143905e-01	   4.7231324917840489e-01	   5.3901355014009089e-01	   4.6306031931841862e-01	   6.7824460758995575e-01	   5.2088819318241897e-01	   8.1106903779481743e-01	   5.8974016058212708e-01	   6.2558542835452524e-01	   6.4302792383497642e-01	   8.1358496277422909e-01	   3.9691917719206182e-01	   6.6915679471106027e-01	   6.2256760412771528e-01	   6.8377812400277771e-01	   3.4352849726768125e-01	   4.6109033839941793e-01	   6.8904357662505675e-02	   5.2346564836137766e-01	   3.0159230224699085e-01	   5.2605631901598715e-01	   3.9285736677847782e-01	   5.1752480789829558e-01	   2.8483229062325072e-01	   3.2549547409379009e-01	   1.3269543028558006e-01	   3.0681929975509031e-01	   5.9301806528554390e-01	   3.1928987502951173e-01	   6.1643712764949476e-01	   1.0405384865279292e+00	   5.1533138832731629e-01	   5.8415147244460564e-01	   1.7793677541106256e-01	   4.8021201572039995e-01	   5.6963117832020826e-01	   9.1056315083262651e-01	   4.0618300870916452e-01	   4.8651110619055538e-01	   5.9113190003273086e-01	   3.5328664768405160e-01	   4.9638477441969031e-01	   1.8431250039899258e-01	   3.6276688813377861e-01	   3.3676473009291596e-01	   3.1283555394465939e-01	   5.4605086637319755e-01	   7.2099907422270793e-01	   2.9053520947447853e-01	   4.0106087671598578e-01	   1.8160109756978171e-01	   7.0253197817105983e-02	   8.7042619711099417e-02	   1.5142045473854487e-01	   1.8554127159979802e-01	   4.0805289390050105e-02	   1.7615299981561622e-01	   2.2375923113054896e-01	   3.9306100680872141e-01	   2.3774673277909525e-01	  -5.9840626800781354e-04	  -2.3688308117284937e-02	  -5.1980116767654072e-02	
  -1.6105116706235025e-02	   2.0802623041617668e-01	   6.4228699395125011e-01	   4.5712776711762382e-01	   0.0000000000000000e+00	   8.6341177609665332e-01	   9.8448754945344874e-01	   6.3064078829460302e-01	   1.1534888616634327e+00	   1.0574798043769145e+00	   6.7437780817767065e-02	   2.4342738207218961e-01	   2.9313648837382111e-01	   3.2593339716368136e-01	   7.8127163293570245e-01	   9.7123877019224425e-01	   3.4774834899017178e-02	   2.4877892177433750e-01	   5.9450646118515270e-02	  -8.2360125716502801e-03	   4.6036903055838047e-01	   2.8716940339139735e-01	   7.9641934253830160e-01	   6.1599635526450947e-01	   5.8981819367878086e-01	   7.7850574246643034e-01	   5.7017044721281029e-01	   6.1552590428879905e-01	   7.7343117555691801e-02	   3.1869510191544520e-01	   6.8903988675198991e-01	   6.4433056415024847e-01	   2.5975135033690100e-01	   2.1062148885304127e-01	   2.4069304722215626e-01	   2.6198472298261116e-01	   2.4703246742390159e-01	  -9.6050103315362526e-02	   4.6980659014597054e-01	  -1.2896591546581265e-02	   1.9957743320010204e-01	  -1.0122039600453524e-01	   3.2688676724347537e-01	   6.3384511441138769e-02	   2.7129756889682960e-01	   7.1966936747682064e-02	   3.4806652822794948e-01	   1.6087521753813916e-01	   2.2532092465835551e-01	   8.1363661886298139e-03	   2.0881534261979312e-01	  -1.7300372396870542e-01	   2.6281018722272087e-01	   1.7545993195954163e-01	   3.8498862732619887e-01	   1.3036374831076639e-01	   1.0081114359348367e-01	   4.4072107314265058e-02	   2.4059421760413095e-02	   9.5692590627093413e-02	   3.4138911565562208e-01	   4.3589376884749087e-01	   2.1436990005716081e-01	   1.2759789785680176e-01	   6.3696050047580610e-01	   3.8714070921207017e-01	   5.8840008324926682e-02	   4.5774780936897949e-02	  -7.0028099586437756e-02	   1.6508871080463403e-01	  -1.3608426054420336e-01	   4.0302045194421399e-01	  -9.4116701269254630e-02	   2.3642865708782557e-01	   4.1199316615662368e-02	   4.6845289980615407e-02	  -4.6292664930943382e-02	   3.0410451142828684e-02	  -2.1104479143398147e-01	   2.1387675613437437e-01	  -2.8809062071223860e-03	   1.0848592279580356e-02	   4.1852810249998895e-01	   3.3189506638359850e-01	   1.3043573895674301e-01	   1.1019822082054362e-01	  -1.3079609922839783e-01	   1.1430680245887148e-01	   3.0433655828662531e-01	   3.1242353994481198e-01	   5.3112120644574623e-01	   1.9024664843075040e-01	   4.0719456504948154e-01	   2.6188102657974077e-01	   3.1759186806252460e-01	   7.6295670916577268e-02	   4.1963463772153609e-01	   1.5157771659712446e-01	   4.8856853528074318e-01	  -1.3696352280516152e-01	   3.0995775156959676e-01	   1.2927025637932271e-01	   2.0797380378972846e-01	  -5.7806351232884474e-02	   9.8386761275015916e-02	   1.5255908660103415e-01	   2.3023134230262790e-01	  -3.0671270635670456e-01	   2.5131163347499569e-01	   1.4398862278539495e-01	   2.3231713265089599e-01	   1.3130979310652705e-01	   1.2412698065051464e-01	   1.6251382922738269e-02	  -4.4250727831536107e-02	   6.8674404475461595e-02	
   1.0155365983584069e-01	   5.9339822818094556e-01	   4.2090875207759870e-01	   9.5518648867340350e-01	   8.6341177609665332e-01	   0.0000000000000000e+00	   1.0674635263901395e+00	   1.3247246473782945e+00	   1.0746219009314255e+00	   1.2333860507123064e+00	   2.9314200008149272e-01	   4.8295178986068554e-01	   3.9075209574393910e-01	   4.7995375571086030e-01	   5.5102635179154458e-01	   9.9605629628435222e-01	   1.1795938458190230e-01	   3.8036851656923115e-01	   2.2895230925831644e-01	   2.7463455012945004e-01	   2.0671609349024544e-01	   3.0498773950987945e-01	   4.4436091682543516e-01	   5.7284433702937909e-01	   2.3756417224295778e-01	   6.0449523677883465e-01	   3.1686680620698160e-01	   6.3074089817067203e-01	   2.1827585400239213e-01	   5.4329440968233733e-01	   4.4202338791334134e-01	   6.6231170164185482e-01	   3.6104953105849202e-01	   6.1118654858669708e-01	   1.3547727827671271e-01	   3.7870640232846309e-01	   3.1570850611200052e-01	   1.9392497795850333e-01	   5.0358331404142542e-01	   2.7175574947129355e-01	   3.1379408598138436e-01	   1.2416056755514215e-01	   4.3345850856271251e-01	   1.4266360491248053e-01	   2.0803701159860633e-01	   1.1696720907628456e-01	   4.4670408295056563e-01	   2.9501424230491019e-01	   2.8967826554749532e-01	   1.2082963622877517e-01	   2.8245597172035619e-01	  -8.6415097210602004e-02	   4.3418901139219485e-01	   3.4690533286240505e-01	   4.7948819546519950e-01	   3.6814809669174031e-01	   3.3084442421393734e-01	   5.1544173593047415e-01	   1.7260470808762074e-01	   3.6481645273725044e-01	   6.1413637905723850e-01	   8.1604888241611395e-01	   4.9395269786714835e-01	   6.3659170246313868e-01	   5.2933836441926685e-01	   5.6663876094017762e-01	   2.0590296862569130e-01	   2.8610279798529181e-01	   1.8170273486591490e-01	   5.2352753044265565e-01	  -2.0109848042271364e-01	   3.7842710194887408e-01	  -3.4787765810795408e-02	   3.9682641212175068e-01	   1.6466619989134595e-01	   2.9958816157399470e-01	   3.4572710712310280e-02	   1.7297990349418782e-01	  -5.8874719926585621e-03	   3.4928965232494180e-01	   2.6353089085254050e-01	   2.2107665574125807e-01	   3.5555778243477143e-01	   6.1261163078214165e-01	   2.5134660514755014e-01	   4.3410507606826765e-01	   2.2641108320390742e-02	   2.7265696684494006e-01	   5.0578640761741211e-01	   8.1512109646131548e-01	   5.8589644097323712e-01	   3.5604318410997104e-01	   6.7032640650844666e-01	   3.2212799158175481e-01	   3.1879674568966210e-01	   1.7983051144353104e-01	   2.8126688729765159e-01	   3.1322308065739474e-01	   4.3702855241847732e-01	   1.2957462188825691e-01	   6.7666118524982399e-01	   2.6374143408287526e-01	   3.6205566362236186e-01	   9.6119825729190422e-02	   7.8926015689169501e-02	   8.5562858454156857e-02	   1.1916271850298421e-01	  -5.8817200512600400e-02	   1.9118300412418099e-01	   8.9431455559713907e-02	   1.9108126587376237e-01	   2.7683705372559736e-01	   9.4081057196966869e-02	  -2.1989047700184689e-02	  -3.8930066887343539e-03	   4.9122960074852617e-02	
   1.6069420960682407e-01	   4.1674220310402793e-01	   8.6277655923063279e-01	   8.0263418893642857e-01	   9.8448754945344874e-01	   1.0674635263901395e+00	   0.0000000000000000e+00	   9.5395889057067418e-01	   1.2296398203274845e+00	   9.1750628358360220e-01	   2.8401980002760979e-01	   4.4962033908963372e-01	   6.7414990406546627e-01	   4.1862850891321690e-01	   8.9932019245658457e-01	   7.4661042170233738e-01	   7.0768490828675965e-02	   3.2512817173519193e-01	   3.4478386099375696e-01	   3.4164411968889652e-01	   3.4403990341553065e-01	   2.6931990521900973e-01	   7.7802639567178600e-01	   6.1539289955621801e-01	   4.0918935770540271e-01	   6.3350458016617028e-01	   2.9602280941771342e-01	   5.0058446343101570e-01	   3.2546130085110558e-01	   3.7176520666953172e-01	   7.1621187356303384e-01	   6.8302337092600796e-01	   4.7410242277167458e-01	   5.4585475142160034e-01	   2.4907087201896153e-01	   3.0656063625389890e-01	   3.9256715184389562e-01	   2.3821909437459010e-01	   6.4133544291060762e-01	   3.4587063763057158e-01	   3.0756878665565501e-01	   8.1075494912457913e-02	   3.4102880389147056e-01	   9.4673879186491741e-02	   2.1552982998629450e-01	   1.0257558596775639e-01	   3.7477791566456820e-01	   2.1962417781111579e-01	   2.8568065439700402e-01	   1.1572512603103216e-01	   3.1815679569112476e-01	   2.7251399611478559e-03	   3.9939690374540554e-01	   2.7060964140242816e-01	   3.7775447741178514e-01	   2.1158189583319453e-01	   7.6736960889218761e-02	   3.1385539457887590e-01	   2.0303456532798811e-01	   3.6326392414209391e-01	   5.6127613277087329e-01	   6.7875670646488828e-01	   3.1055872099237447e-01	   4.4636709840445327e-01	   6.9845217308733265e-01	   5.0296950519652261e-01	   2.7266196878091936e-01	   1.5521602417397004e-01	   1.4894978572420317e-01	   4.0579488446544387e-01	   1.1221584290465865e-02	   4.2174274900114961e-01	   1.5844959456788460e-01	   3.1724221815739323e-01	   2.3397507466426476e-01	   2.3106846188260333e-01	   1.8031789722156025e-01	   1.5534529711633771e-01	   8.7457181962883532e-03	   3.1769636441722360e-01	   3.5158161974146029e-01	   7.8248753377912539e-02	   5.5393975337614321e-01	   4.4558337212634885e-01	   3.8545006998825349e-01	   1.8068720234933172e-01	   3.1688737883106326e-02	   7.2809092170915052e-02	   5.4053128488709012e-01	   6.1519210787384293e-01	   3.4230912790582624e-01	   3.3865398855127304e-01	   3.9591120690708587e-01	   4.2959946060349874e-01	   3.6703672972524076e-01	   2.1977943718555387e-01	   3.0653033041332117e-01	   3.3556577465195703e-01	   2.6186292412238721e-01	   2.1181840577233640e-01	   5.2749640546634058e-01	   2.6335402179856426e-01	   4.1115236663841603e-01	   4.5845554403051214e-02	   1.0743117669413275e-01	   1.5962819810831202e-01	   2.1862970803461179e-01	  -6.7347889051766448e-03	   1.5378324350312098e-01	   4.7257631558880943e-02	   2.4306436485729910e-01	   1.0686404957237894e-01	   9.5628611341253320e-02	  -3.6576607092113009e-02	  -1.4622601303771415e-01	  -3.0782115315205263e-02	
   1.9898184707141645e-01	   6.6902520676953980e-01	   4.5090753104308606e-01	   1.3995786663551295e+00	   6.3064078829460302e-01	   1.3247246473782945e+00	   9.5395889057067418e-01	   0.0000000000000000e+00	   8.6026757315694935e-01	   8.7930956916713865e-01	   4.2231740038577859e-01	   7.8912802262527770e-01	   4.5989870505181241e-01	   7.3727265486480653e-01	   4.9503656216028985e-01	   9.2145147537233962e-01	   1.6347109622768596e-01	   3.4232756887268062e-01	   3.5814406793834469e-01	   4.0851520299217281e-01	   1.0705611764135757e-01	   2.5918927987930485e-01	   5.1321410389241229e-01	   7.4827127394204218e-01	   1.9564051191149667e-01	   5.2272151568426262e-01	   2.5884883034728612e-01	   4.7165569202491942e-01	   3.3805773795521210e-01	   6.4683338456147843e-01	   4.7082348808869712e-01	   8.2831469543227820e-01	   4.2078609746365186e-01	   8.1160214299514943e-01	   1.1553633253752674e-01	   4.0635739552176992e-01	   3.1632431983028725e-01	   2.7195342172100417e-01	   4.3554385377737720e-01	   2.9888325699821400e-01	   3.0362326174094978e-01	   1.3797367816163944e-01	   4.0027571321151667e-01	   1.7828552926262201e-01	   2.2097130955842739e-01	   2.0127545549083153e-01	   3.2145995072914690e-01	   3.2607117273076819e-01	   3.0774189091338405e-01	   1.8034036725011626e-01	   3.0919047761088414e-01	  -7.8138407624231028e-03	   3.9557236476031005e-01	   3.7837628822176061e-01	   3.8877218961265486e-01	   3.7314688029887910e-01	   2.9790685943451212e-01	   5.9285442254332577e-01	   2.8868012081596184e-01	   6.0840597292391896e-01	   6.2578935897367749e-01	   1.0081624180426956e+00	   5.9320218136751401e-01	   8.8850819683858873e-01	   4.3390418679344095e-01	   7.0449794505907115e-01	   3.2973007650422337e-01	   4.5685770510151213e-01	   2.1821100712219058e-01	   4.9697743300027664e-01	  -1.3722113942232234e-01	   3.6548024400205553e-01	   7.4598806260586445e-02	   4.1786919366894570e-01	   2.1097264733144011e-01	   3.9038078682616240e-01	   8.0952301085049125e-02	   1.8466654817951969e-01	   1.0011515019355002e-01	   3.1715114786648052e-01	   4.2250526460162041e-01	   2.6306860289971418e-01	   4.3855174664727192e-01	   8.2571927807411327e-01	   3.8788760270094536e-01	   5.0932839337281877e-01	   7.5723242855368231e-02	   3.3861423389564738e-01	   5.0932524062435802e-01	   9.0178947557669109e-01	   4.6758007804264079e-01	   4.1467873220072538e-01	   6.9992687653840024e-01	   2.8220486472555006e-01	   3.9593795184048147e-01	   1.4582409237041971e-01	   2.4331562156374500e-01	   2.9916320385557937e-01	   3.0402982477089574e-01	   3.3524738015936034e-01	   7.1560044076247176e-01	   1.9551782168835052e-01	   3.3928763659916716e-01	   1.0530446483665415e-01	   4.6835596547688081e-03	   1.6820779233638273e-02	   9.2522376536805326e-02	   3.8421221488329028e-02	   1.1283248117525431e-01	   1.4314411110277733e-01	   2.6777089967612377e-01	   3.2314308721840956e-01	   1.5185685063929044e-01	  -1.0643046008240833e-01	  -7.9485121147915769e-02	  -5.3960308988655580e-02	
   9.2907793405637831e-02	   4.0756891824074870e-01	   5.4114732906923224e-01	   6.1092367965566707e-01	   1.1534888616634327e+00	   1.0746219009314255e+00	   1.2296398203274845e+00	   8.6026757315694935e-01	   0.0000000000000000e+00	   1.1865138983491863e+00	   2.7151912284261165e-01	   3.6978314694017844e-01	   4.5498091398530571e-01	   3.9893723578277762e-01	   8.0566787889159142e-01	   9.0965425698185987e-01	   4.5079560202691576e-02	   2.8631526346014241e-01	   1.3089812307382301e-01	   1.8291681054327175e-01	   3.2019282632171153e-01	   2.0436911281088577e-01	   6.0331409172837835e-01	   4.6396882853084276e-01	   3.2516430550568770e-01	   5.1907027490992064e-01	   2.8278987321558724e-01	   4.3461052949697238e-01	   1.6048977126325020e-01	   3.7501931482320899e-01	   5.2814096393882848e-01	   4.8840814654223119e-01	   3.3182726711209148e-01	   4.2936772438572468e-01	   1.6330072246767641e-01	   3.0153269518381237e-01	   2.4849926027066077e-01	   1.8977865000125727e-01	   5.2215907619489099e-01	   2.2746389825269406e-01	   2.0687482933796461e-01	   8.5287172937802497e-02	   3.6433248575054328e-01	   1.5120732577910076e-01	   1.7232494035540494e-01	   1.0622461080098937e-01	   3.9550977314288843e-01	   2.5874220246244384e-01	   3.1780710524451128e-01	   1.7955963525681887e-01	   3.1192498715879535e-01	  -2.3884682439474350e-02	   4.3064550432547738e-01	   2.4511516549408446e-01	   4.3273918221026803e-01	   2.4298935410271530e-01	   1.0766653408508430e-01	   2.9624252596178036e-01	   2.1308293936540562e-01	   3.2061295776375720e-01	   6.8203010759646787e-01	   7.8454518726342293e-01	   2.8293753924034210e-01	   3.8315071042820847e-01	   6.5112842739226184e-01	   4.6663534982715354e-01	   1.4102975956237254e-01	   1.0270265130687754e-01	   8.1074029497188699e-02	   3.8423184860907383e-01	  -1.7284614256130704e-01	   4.0173535579272596e-01	  -2.4498093881494477e-02	   2.8719370858350218e-01	   1.0549828960122866e-01	   2.0506151264486613e-01	   1.0788102730985988e-01	   2.0058857455555595e-01	  -3.0992797929892693e-02	   2.9820805906114067e-01	   1.4305551967107727e-01	   1.4239516048589412e-01	   4.2227534089516361e-01	   4.1184616454790818e-01	   2.1093875561128983e-01	   2.7667903953588924e-01	  -3.9610065082452510e-02	   9.2776310798465031e-02	   4.8739879878084280e-01	   5.9072603462183615e-01	   5.5921817034328092e-01	   3.3575861707769417e-01	   4.7797944604834397e-01	   3.1517440749257419e-01	   3.2979857014263614e-01	   2.6498063320281573e-01	   3.0618492843239720e-01	   2.7269493218067165e-01	   4.4373748375377897e-01	   3.4525061145025862e-02	   4.6054276756022977e-01	   1.3667421691216625e-01	   3.0453985789390620e-01	   4.6126567297877480e-02	   5.4531575738152718e-02	   1.2599740784216235e-01	   1.9727129505319352e-01	  -8.1892687832789801e-02	   1.8545004431628925e-01	   1.1967169155031424e-01	   2.7925678286425115e-01	   1.8603641424222719e-01	   1.2005642946043069e-01	  -9.0609211012411747e-02	  -9.3053038762845264e-02	   1.2486537429731274e-02	
   1.3815028720370451e-01	   3.5414536188366774e-01	   5.1182146581706123e-01	   6.5113924344330587e-01	   1.0574798043769145e+00	   1.2333860507123064e+00	   9.1750628358360220e-01	   8.7930956916713865e-01	   1.1865138983491863e+00	   0.0000000000000000e+00	   2.5396654426136778e-01	   4.8786148533224644e-01	   2.8893768054094748e-01	   4.1682656165210613e-01	   7.1615974534718951e-01	   9.9671370729732722e-01	   3.3257470054425753e-02	   1.1237296141880282e-01	   6.6910466576123276e-02	   9.3754547345995060e-02	   2.4526279160228232e-01	   1.5983383223586187e-01	   4.9671037274184771e-01	   5.4617143330253959e-01	   3.4155420200479519e-01	   5.2957397323813638e-01	   4.0238624087351732e-01	   5.4016271333999211e-01	   8.1348967704378355e-02	   3.0546386674403919e-01	   4.3099092808125111e-01	   5.4567944103502419e-01	   1.3665374211935052e-01	   2.9635934868897312e-01	   4.9828046715133315e-02	   1.4954341438548935e-01	   1.3261994037603908e-01	  -6.6320870719618202e-02	   5.3070017445875151e-01	   1.1746202734664396e-01	   1.9556412003300455e-01	  -9.4346656444603189e-02	   2.1166486888365760e-01	   9.5932209721130784e-02	   4.9074503950903521e-02	   2.0610724638936980e-02	   2.5353743367738496e-01	   1.5971957478866761e-01	   1.6197993077528791e-01	   6.8517585665562458e-02	   2.2838367157910577e-01	   2.9412795743786937e-02	   4.2927032821761829e-01	   2.9680552974357305e-01	   5.2613013703233125e-01	   3.2146560617580833e-01	   1.8646179240880678e-01	   3.0871467357458576e-01	   1.7698693825685866e-01	   3.6054096228208765e-01	   5.9398779070801055e-01	   6.4226508502679425e-01	   2.6402939580954393e-01	   3.0975442974389300e-01	   3.7118488547769546e-01	   3.3695979128501241e-01	   6.9048533310932789e-02	   9.3670157328083870e-02	   8.6635073455685441e-02	   3.8098769426102852e-01	  -2.0513734399183325e-01	   3.1707415402900763e-01	  -6.2857997325544243e-02	   1.5650058167389358e-01	   2.8564680547353500e-03	   1.7913212682049474e-02	  -4.6732971451559649e-02	  -1.1106779999281216e-02	  -1.6461285211940305e-01	   4.6277185300238846e-02	   1.6121001525995091e-02	  -3.4608828163156989e-02	   2.8509195119371239e-01	   3.9846230339810357e-01	   6.4854207195149186e-02	   1.7607922947521140e-01	  -5.4917887668781903e-02	   1.4005110472654478e-01	   4.4574061472716425e-01	   5.8643811502872223e-01	   5.1799229995631935e-01	   1.9875292414438098e-01	   4.1163376304948285e-01	   1.4933388382980339e-01	   3.9799548035730131e-01	   1.4874461028563699e-01	   3.0631423663689800e-01	   1.7627329718181217e-01	   4.4287089024880100e-01	  -8.7471434669698492e-02	   3.7851374520558756e-01	   1.0304114064962364e-01	   1.8007868235411167e-01	  -3.6731967899977448e-03	  -3.3101523926851013e-02	   1.9692414856927871e-02	   1.8386121412983308e-01	  -1.1092021629688299e-01	   2.5294872561449433e-01	   1.2768623953074607e-01	   8.2967387022582467e-02	   1.1285457819818516e-01	  -4.4047217225726487e-03	  -1.8725279772004969e-01	  -8.7280247269718753e-02	  -1.5615254987564206e-02	
   3.2724404852287603e-01	   3.7991090412459488e-01	   2.0473348363458060e-01	   4.2204015544688639e-01	   6.7437780817767065e-02	   2.9314200008149272e-01	   2.8401980002760979e-01	   4.2231740038577859e-01	   2.7151912284261165e-01	   2.5396654426136778e-01	   0.0000000000000000e+00	   5.8765508486580886e-01	   6.8142806751637552e-01	   6.9798686270989974e-01	   3.8335884859456454e-01	   2.4911275206546946e-01	  -1.5309366861196340e-02	  -6.9411521254464051e-02	   1.7480532835523313e-01	   3.2718917852310064e-01	   2.8393375556771905e-02	   8.8818404872037696e-02	   1.8884474735253284e-01	   3.3168473228890855e-01	   7.3910868533721530e-02	   1.0908726030788982e-01	   6.1587446477527320e-02	   4.2689661725566916e-02	   4.2365974282554786e-01	   1.8917253182967289e-01	   2.3539958289343832e-01	   3.0112117388799042e-01	   3.1965861125319173e-01	   4.6594329019568737e-01	   1.0026845180013107e-01	   2.0380586663933364e-01	   1.3433768647517186e-01	   3.0971065314378077e-01	   3.0237184555112429e-01	   3.9048676271868488e-01	   3.1868568195120905e-01	   3.2031075895538941e-01	   1.4644807873278692e-01	   1.5945598205971906e-01	   6.4563672486901771e-02	   2.0526119457343397e-01	   1.1715290629419181e-01	   1.3783851367805677e-01	   1.9098260003216067e-01	   2.4571775216091912e-01	   1.5213445230686298e-01	   2.3089301086541714e-01	   3.9325827858346357e-01	   2.4880523540505928e-01	   3.7027384727788248e-01	   2.4224507293866870e-01	   1.4064380266131231e-02	   5.9923134318066218e-01	   5.4928180365638390e-01	   3.6778034865917059e-01	   6.0941728207021517e-01	   2.2472235210274619e-01	   3.4155263483978260e-01	   6.5084907662405489e-01	   3.2322995581086388e-02	   7.2593312726560791e-02	   4.2992653361943123e-01	   3.4371215025457097e-01	   2.5124925590888059e-01	   3.1583773059643250e-01	   1.5211784440743581e-01	   2.4517224002824964e-01	   3.1976838943210260e-02	   1.4919954436084831e-01	   5.6049235810890941e-02	   4.3997217510705833e-01	   4.6161026502565206e-01	   2.4874391684710898e-01	   7.1550315264046205e-02	   6.4989138838056362e-02	   1.6115401956436298e-01	   3.4310143900480017e-01	   2.5519723178149567e-01	   4.0048899492052914e-01	   3.3744419262169700e-01	   3.4033029496564854e-01	   1.4216305393039219e-01	   1.6836197043635975e-01	   4.2043054873179997e-01	   3.6370245202365004e-01	   1.5049817198121307e-01	   2.8524827427917859e-01	   1.6263381252533926e-01	   8.2440272609433402e-02	   3.0684811073121199e-01	   1.7532031411654936e-01	   6.1255510224052248e-02	   7.8925572290304877e-02	   7.7013533728866115e-02	   7.9270685549715600e-02	   2.8886890002125915e-01	  -8.5597672265301586e-02	   7.2967926550072684e-02	   1.6999987982751738e-01	  -1.5638057409263750e-01	   6.8980301449724779e-02	  -7.7008261808073353e-02	   3.1712077335999633e-01	   1.2683806788508145e-01	   1.1271822761112309e-01	   1.3024746954152988e-01	   1.1855100716079504e-01	   3.4756076169733802e-01	  -2.9901185782321652e-02	   1.4569539496925292e-02	  -7.3135428557300430e-02	
   4.1970718983472055e-01	   5.5327440534827110e-01	   4.5284537535296016e-01	   8.0780004077551282e-01	   2.4342738207218961e-01	   4.8295178986068554e-01	   4.4962033908963372e-01	   7.8912802262527770e-01	   3.6978314694017844e-01	   4.8786148533224644e-01	   5.8765508486580886e-01	   0.0000000000000000e+00	   4.4311436497978135e-01	   8.4100194095395953e-01	   3.6947756367423407e-01	   4.7153128739206740e-01	   3.6027464005946674e-01	   2.3411998047078014e-01	   2.9948254917629347e-01	   3.8808622004699150e-01	  -5.1118531439255446e-02	   1.6594705720028374e-01	   3.5021791087787918e-01	   5.5869226353671875e-01	   1.4590862029013174e-01	   2.5605944632628042e-01	   2.3562291673658670e-01	   3.0437763146721875e-01	   3.9268367747546740e-01	   4.8679948531101391e-01	   3.6490777925921702e-01	   5.6437739393535347e-01	   3.0814148494951615e-01	   6.2487422214126787e-01	   1.4847430688682084e-01	   1.8095366971834401e-01	   8.1595879702892032e-02	   1.0190135058139602e-01	   2.3735439895321317e-01	   2.2179742264257840e-01	   2.5107924236162027e-01	  -2.0095861167796448e-03	   7.0899189450342251e-02	   1.6346369132023084e-01	  -2.6737869764782211e-02	   8.3660776718221627e-02	  -8.2813406018639249e-02	   1.3863295276896012e-01	   2.5111578469819821e-02	   6.6434797783963190e-02	   2.3812404577311827e-01	   3.2313772974543992e-01	   2.4189640973241866e-01	   3.9525348114963799e-01	   2.8078845184794593e-01	   3.8802644107434170e-01	   2.0701006204516970e-01	   7.0716710897631530e-01	   3.6434427476788522e-01	   6.6850761154293992e-01	   6.8985016333800531e-01	   6.1109639778406222e-01	   5.0211907894784924e-01	   7.2525126164589782e-01	   1.0412483623822279e-01	   4.2203067632352304e-01	   3.3544875926006085e-01	   3.8416748503529741e-01	   2.6780974806499358e-01	   3.7283247701181699e-01	   1.4637107557083909e-01	   3.1934958614279546e-01	   3.0150416447942924e-01	   2.7746110951420067e-01	   2.9212287076035331e-01	   2.5867394316180298e-01	   1.6043997157883935e-01	   1.8350701246558868e-01	   9.3102683347962401e-02	   3.3204413397341891e-02	   4.0845977775012515e-01	   1.3834161897814631e-01	   4.4839123606852260e-01	   7.4114869346775014e-01	   3.2463238757861679e-01	   3.4265911657352177e-01	   1.3690738265952326e-01	   3.0254909594815216e-01	   4.2833738381115488e-01	   7.1606837332660223e-01	   1.8080740008310764e-01	   2.6729262180754387e-01	   2.0225716541206232e-01	   9.2861703544681304e-02	   3.1771489983971113e-01	   2.3335273672151657e-01	   1.5415235529630969e-01	   2.4253446836689502e-01	   2.0704221169534648e-01	   2.4446935212242563e-01	   2.0218450976036131e-01	   4.7443169589001459e-02	   2.5154584550759324e-02	   6.7728133564259912e-02	  -1.6256145594572100e-01	   8.3384953437930266e-03	   2.7377594162123601e-02	   3.1890944059003312e-01	   6.6201408321989924e-02	   1.8648927919635117e-01	   5.8075837511786597e-02	   1.6192381467642589e-01	   6.2937171168879202e-02	  -1.8104426750388589e-01	  -5.9468574735510434e-02	  -2.6042762584103341e-01	
   2.5287537520601833e-01	   5.3117109476980784e-01	   6.4925555036478066e-01	   5.2301445635952881e-01	   2.9313648837382111e-01	   3.9075209574393910e-01	   6.7414990406546627e-01	   4.5989870505181241e-01	   4.5498091398530571e-01	   2.8893768054094748e-01	   6.8142806751637552e-01	   4.4311436497978135e-01	   0.0000000000000000e+00	   7.9780303440878475e-01	   6.2401232406071871e-01	   4.6838536852292489e-01	  -6.3663038158325400e-02	   2.3567710484692775e-01	   3.7686113664891202e-01	   4.0658629262585350e-01	   2.2184511533413886e-01	   2.5053391810851955e-01	   6.0313253048791615e-01	   5.9169681021240605e-01	   3.0844906721744236e-01	   2.5527083583018656e-01	   3.0303739044595956e-01	   3.2036536380727421e-01	   1.6605709967142132e-01	   1.9040516002410290e-01	   3.3398249612974801e-01	   3.0739179548597123e-01	   4.0653500678498183e-01	   5.6276226792375783e-01	   4.3200516939048528e-01	   4.9905997242376282e-01	   4.3611892585030804e-01	   5.0305379812545459e-01	   3.8310120438420148e-01	   5.2963122581327282e-01	   3.8317725938717562e-01	   3.0438592367746997e-01	   3.1419201104006295e-01	   1.9406012017862306e-01	   2.1778020895993014e-01	   2.2790364877208880e-01	   3.4260355048554830e-01	   2.9450503519340510e-01	   2.7744124974575801e-01	   2.4031935884848227e-01	   4.9988222536626847e-01	   2.3058506692528785e-01	   5.7864829348680669e-01	   3.0460026669434803e-01	   4.5245092843400991e-01	   3.2915212811337219e-01	  -6.9272084211830065e-02	   4.7874113959333109e-01	   4.0990820193980426e-01	   3.4106245588943235e-01	   4.0071295985247751e-01	   2.2371410215725568e-01	   1.9243799495191652e-01	   3.8407333750533162e-01	   4.8117943033267774e-01	   2.1446200375829055e-01	   5.4976807979655118e-01	   3.4156265285946913e-01	   3.7860950084714490e-01	   4.4612779718845352e-01	   1.7024113349714221e-01	   3.9500268563033780e-01	   9.0482323134814621e-02	   3.4498838454212905e-01	   3.9398498996522263e-01	   5.4762414584590413e-01	   5.1333742502925173e-01	   4.3207124231113436e-01	   8.1380519343261140e-02	   3.1227489696335481e-01	   4.0430733078887532e-01	   4.0322463899922273e-01	   5.9321790889093906e-01	   4.5014917909543251e-01	   7.1954145343784426e-01	   4.0376799638155914e-01	   3.7655594087100369e-01	   3.3009959415818274e-01	   5.3289536332800358e-01	   5.9904977710648555e-01	   2.7697110798188490e-01	   4.9750057223124772e-01	   2.6640612423210802e-01	   4.4306003935083926e-01	   3.1966732910731993e-01	   2.3957043704703540e-01	   3.7166861804329293e-01	   3.5614085414040952e-01	   2.2745382931655048e-01	   2.2046810464065561e-01	   3.3644336243792272e-01	   9.7647872199100733e-02	   3.0288254684997939e-01	   7.9775434391749223e-02	   1.6681761522822319e-01	   2.6400292827604965e-01	   9.6510591449741903e-02	   2.1859936354678791e-01	   1.0592315556057606e-01	   7.9910376202551509e-02	   3.2291610257588621e-01	   2.1923361765268343e-01	   3.0427206136872476e-01	   4.4699648317236752e-02	  -6.1376307624513210e-02	  -5.5645383819105859e-02	
