   0.0000000000000000e+00	   8.7047846064827772e-01	   9.3632207412594426e-01	   5.7891300692260850e-01	   6.1494182442278988e-01	   2.8201499371227157e-01	   6.4817398494578438e-01	   5.1864203918183993e-01	   4.2469241405346303e-01	   3.7798213625064064e-01	   7.4062728225367602e-01	   6.4770446176754382e-01	   7.0763088518653938e-01	   4.3319121962188628e-01	   4.7293952351525193e-01	   4.8550257999242863e-01	   5.7358936699119334e-01	   6.4038931858056414e-01	   9.7429995783256151e-01	   8.8687129896902661e-01	   4.1492438747610894e-01	   3.5950027008482055e-01	   4.2819584045265413e-01	   4.4855741709804231e-01	   3.4191614170738238e-01	   3.2903766090140646e-01	   3.8854174444323009e-01	   3.6497511453344250e-01	   6.6867211693848472e-01	   5.3430817188276925e-01	   5.1841304888259332e-01	   4.4848222074572591e-01	   7.6369461332325206e-01	   6.8087731475757485e-01	   2.2171697416157532e-01	   4.0016357412238479e-01	  -2.7959323404258070e-03	   1.7455326365344712e-01	   2.8642615674292748e-01	   2.5802604729431688e-01	   3.2049257807765841e-01	   5.1779148357065607e-01	   6.8993368166598923e-01	   7.1222870832691787e-01	   5.4442594661543442e-01	   5.9196530393298952e-01	   5.4124466566952889e-01	   6.1442445646694721e-01	   4.0239160363190662e-01	   4.7478057276022501e-01	   4.2568683397189333e-01	   4.0685831984163345e-01	   4.1990463816543588e-01	   3.7694555699065146e-01	   5.3940615251469148e-01	   5.2917233143773301e-01	   1.0922219480148883e+00	   8.4996107866905612e-01	   5.0321869486318005e-01	   4.2071846755981346e-01	   6.1883539995685199e-01	   4.5475267354207577e-01	   7.1686173619169702e-01	   6.8807232810866192e-01	   3.9148214555059502e-01	   2.5050008681244379e-01	   6.3826812794324628e-01	   4.9122329589351466e-01	   7.5803086808037035e-01	   6.4981001463768462e-01	   7.6567778667624686e-01	   6.5495847462100554e-01	   7.0729072866367138e-01	   4.4651814319937116e-01	   5.9555868033516590e-01	   4.8667870253008350e-01	   8.8356766258738451e-01	   7.5545638524444936e-01	   4.2969709580459536e-01	   6.4158796013938724e-01	   5.4441507423627811e-01	   4.9813067612922457e-01	   1.9223743672632920e-01	   6.0358757693319864e-01	   3.1027348636745700e-01	   2.4067494915953241e-01	   1.4063792880662951e-01	   1.4809235366491771e-01	   4.1980796053291358e-01	   5.3128381821116777e-01	   3.1227001978117164e-01	   2.4839251030146248e-01	   2.7648996908227053e-01	   3.8991299603045759e-01	   1.0217994182930672e-01	   1.4295876003458258e-01	   3.8463065361434728e-01	   5.0345177710725608e-01	   4.7735545742045637e-01	   5.9284459011904767e-01	   2.5233001957848578e-01	   3.4178974949611229e-01	   2.3920218290752376e-01	   2.2699338403647124e-01	  -4.2886567522967725e-02	  -7.3758633591848533e-02	   1.5701955539596862e-01	   1.1787833021663234e-01	  -5.2206743217588988e-02	   3.6435918551871095e-02	   4.2363578936937019e-01	   3.0799300901780680e-01	   3.3930055344230331e-01	   3.1880785824224828e-01	   2.9840522361414884e-01	   5.8310544355994733e-02	
   8.7047846064827772e-01	   0.0000000000000000e+00	   6.5898385559572759e-01	   5.4399558146201021e-01	   4.0470365972211086e-01	   1.1131379741870655e-01	   3.6139515283967616e-01	   3.3028464619820019e-01	   1.6694582694407312e-01	   2.6181307039780272e-01	   5.2503378601798334e-01	   7.3334817275889119e-01	   6.2976289935069607e-01	   4.3716259321235440e-01	   6.8861679544967092e-01	   6.2939685372650034e-01	   9.9058541595926575e-01	   9.6074013120879498e-01	   1.1034977618314619e+00	   1.2965812486925896e+00	   6.4115779775060422e-01	   4.7795824853810714e-01	   7.3058513194227925e-01	   6.5720054180178988e-01	   5.8319054645348234e-01	   5.5270242831861294e-01	   5.5168466114299208e-01	   4.5389601673454383e-01	   9.3972882527606660e-01	   7.1908518908817742e-01	   7.0499207918946094e-01	   6.3337961262525544e-01	   9.4003785197593692e-01	   8.8093523683613717e-01	   4.9625789903501227e-01	   5.3129583030060601e-01	   2.8825712931926872e-01	   3.5481343157196871e-01	   4.7811126075929133e-01	   4.1214884413854491e-01	   5.3992537234105109e-01	   6.4271284779696769e-01	   7.8863420570412490e-01	   8.0067210019048130e-01	   7.2085181645238250e-01	   7.1629985111947536e-01	   7.3482879421102165e-01	   7.7619619250192196e-01	   5.6377777516661698e-01	   6.2106432708327897e-01	   6.0666589672147608e-01	   6.0779506922504289e-01	   5.1788073783555766e-01	   4.6281601519389670e-01	   6.6298744760803907e-01	   6.4779279727020878e-01	   9.7973216615857739e-01	   1.4049524546213301e+00	   2.9488898608013547e-01	   3.8338930602913079e-01	   2.2349298609260612e-01	   2.0687829653382819e-01	   9.8759158708957839e-01	   1.0942015342046683e+00	   3.0472716607460570e-01	   1.8785972872718265e-01	   6.2488696723703885e-01	   5.9305851842624258e-01	   9.8385840586700235e-01	   8.9537390628448732e-01	   8.3360790713796062e-01	   7.1859625492180268e-01	   8.9340790619014432e-01	   6.5331477087286671e-01	   9.0612678507233624e-01	   5.9064491461279522e-01	   9.8615631616322075e-01	   8.6788454345945021e-01	   7.2327684426203653e-01	   7.7988559106401756e-01	   9.4226184092176557e-01	   9.7388464893938198e-01	   5.2668903375995568e-01	   8.4342064949632101e-01	   8.1508433544688230e-01	   5.0492887535228681e-01	   3.1893951886789940e-01	   2.9655938952443173e-01	   4.3563791464416313e-01	   5.4199676978274536e-01	   4.3954644591976144e-01	   3.0566623544598992e-01	   4.0855367558839917e-01	   4.7620013150949603e-01	   2.7326969617189284e-01	   3.4505571723521916e-01	   6.1793774342305785e-01	   5.4725609132902497e-01	   7.0852427793500472e-01	   6.8712395197517728e-01	   3.7323796005887333e-01	   3.0266431690766610e-01	   4.6822618369726876e-01	   4.3552489905736613e-01	   2.6135155195058996e-01	   2.0886822462311305e-01	   1.7500798740677426e-01	   9.6367363178206863e-02	   1.0126761637639994e-01	   1.2386938930618542e-01	   4.8724351717191972e-01	   5.7269448780225807e-01	   5.6881595804214014e-01	   5.3723422498344275e-01	   3.1022951724990727e-01	   1.3708354555959285e-01	
   9.3632207412594426e-01	   6.5898385559572759e-01	   0.0000000000000000e+00	   1.1255202594466809e+00	   1.0775420676111660e+00	   7.1273786820895890e-01	   1.1734566928147088e+00	   1.0686969859315023e+00	   9.4126452772163738e-01	   9.2268336408898599e-01	   5.4785655537377798e-01	   7.3200263432717172e-01	   5.2244024740887640e-01	   4.7207155147481134e-01	   6.7687427053063887e-01	   7.2825645851610754e-01	   4.3127304804469030e-01	   4.6263567790291543e-01	   7.5683731506461061e-01	   7.6984256113599370e-01	   5.8289929712543931e-01	   4.7647309715371289e-01	   5.9554339189520356e-01	   7.4168155978212935e-01	   4.3912089424162060e-01	   5.1235936967564388e-01	   5.8422536835532946e-01	   6.7937256649965438e-01	   5.4783283175390218e-01	   5.3446038481486680e-01	   7.7521147536210644e-01	   7.6281680426074439e-01	   9.6288661861330138e-01	   1.0191349320971568e+00	   3.1980803772842759e-01	   6.1898807695186497e-01	   1.0348319723158073e-02	   2.4151574850709476e-01	   3.2970658977570755e-01	   3.5826316838735667e-01	   2.6526765309892453e-01	   3.4275627483513860e-01	   7.9730625008405265e-01	   7.7798603588979998e-01	   6.2263957021360128e-01	   7.5876446004558951e-01	   6.0661735955677210e-01	   7.7677259205159477e-01	   6.3494209194731588e-01	   6.1952606483531125e-01	   7.2167649891649077e-01	   5.5306507920615156e-01	   6.7451090154790760e-01	   5.1582433401493855e-01	   6.2108123755432976e-01	   6.2291458952232348e-01	   7.5720050649472204e-01	   6.6548035796609561e-01	   9.3309929607975750e-01	   7.1566329248451621e-01	   9.6002455820800314e-01	   8.6088546305852331e-01	   5.6925906487122746e-01	   6.2654304051571919e-01	   7.3222959241672791e-01	   6.8296244335098155e-01	   9.6028297790437767e-01	   8.5400025514322986e-01	   8.1432739217374472e-01	   8.0392206445842451e-01	   9.0803842742486407e-01	   6.9925992585373375e-01	   6.2392656418756465e-01	   3.5820714610667065e-01	   5.8129975736580208e-01	   5.2213769152312273e-01	   8.1019380517308370e-01	   7.7173672161690476e-01	   4.5421879885402205e-01	   5.8308290222293979e-01	   4.4721473435829517e-01	   4.7272205141302215e-01	   1.6352542801409933e-01	   5.1218393828579944e-01	   2.7537203887724127e-01	   5.0320354527360989e-01	   1.2161746562459655e-01	   1.5244836100108650e-01	   6.1072580487738193e-01	   7.9109248656392162e-01	   6.5692799094596366e-01	   5.3822034038234134e-01	   6.4294740733192124e-01	   7.4733685887472068e-01	  -1.2512650502180190e-02	   1.4181994253124983e-01	   3.4701930171841983e-01	   4.4933340968189772e-01	   5.6368436041044823e-01	   5.6213090130761212e-01	   5.9145930635314603e-01	   8.1894983113242492e-01	   2.8188366623913025e-01	   3.9147136731588084e-01	   1.2703544066871355e-02	  -1.0310300738963632e-01	   3.6696499397732785e-01	   2.7998250442614336e-01	  -1.7808419036137402e-01	  -8.0176804427596102e-02	   4.4328499792613163e-01	   3.6265991279033388e-01	   3.7766372629785083e-01	   2.5615284152159379e-01	   1.5746712259490295e-01	  -7.1916324439141865e-02	
   5.7891300692260850e-01	   5.4399558146201021e-01	   1.1255202594466809e+00	   0.0000000000000000e+00	   9.0296575707993343e-01	   8.9203165683896135e-01	   6.8468251499926458e-01	   1.3207474365942029e+00	   8.6006165708212490e-01	   1.1032884618989014e+00	   1.3290967451113178e-01	   6.5363338609111554e-01	   2.4208879502873051e-01	   4.7822488196747570e-01	   5.9460210972216465e-01	   8.2817824563630582e-01	   3.8835524951941319e-01	   3.6087901821668589e-01	   6.2102033386299804e-01	   8.6758968535645309e-01	   6.2190327295977710e-01	   5.2699498229265718e-01	   7.0853336012916479e-01	   1.1789502661748421e+00	   5.9289892575649938e-01	   7.5152360393041318e-01	   7.7402537612023270e-01	   9.4466377984634131e-01	   4.1614221139229390e-01	   5.9089515265626547e-01	   9.2273382598708642e-01	   1.0415208478446627e+00	   8.8186840075204276e-01	   1.0309664520430550e+00	   4.0311292248668273e-01	   8.8385858651660498e-01	   1.1273398659498420e-01	   3.7774381323387979e-01	   4.0397449788434847e-01	   5.9321952361239327e-01	   2.3920056924829311e-01	   3.9790349272268311e-01	   7.4546169988430244e-01	   7.1674060850406163e-01	   6.2861040026790072e-01	   8.2828094088905901e-01	   6.3131979072413924e-01	   7.5051662737474278e-01	   5.5762623859605887e-01	   5.9864047828706879e-01	   6.4590739094317851e-01	   6.0847847969869473e-01	   5.3932980090558358e-01	   4.8994881677092261e-01	   6.7383998829330249e-01	   6.8064940707089883e-01	   5.7459521406708824e-01	   5.2563926788232573e-01	   6.7216128303227984e-01	   6.5164040590870542e-01	   5.2554387821210902e-01	   8.2840336067986997e-01	   3.0463308016967261e-01	   4.7219273276294971e-01	   6.8108016325510956e-01	   1.0818703352866850e+00	   7.3133999064932875e-01	   9.5362243398562363e-01	   7.9198263030686833e-01	   8.2039873216178716e-01	   7.6115050887961200e-01	   5.6206438867432684e-01	   5.4151244900871454e-01	   4.4038391172757457e-01	   5.3992234201161904e-01	   5.8102463968844464e-01	   7.1665300479883776e-01	   7.3804804840941096e-01	   4.1219125941897511e-01	   5.2040636580644695e-01	   3.2074429598213738e-01	   4.2625026653509529e-01	   2.0037996990232021e-01	   4.6431413639980507e-01	   2.8558119538478099e-01	   8.5519782812991207e-01	   2.3341421712900356e-01	   3.1702322768840785e-01	   7.1566522382746967e-01	   7.8058370344117167e-01	   8.0307353043863761e-01	   4.3719810460319281e-01	   9.3686851226544798e-01	   6.6772396350933794e-01	   4.7784493479138213e-02	   2.5343329098448714e-01	   3.8489893573003953e-01	   4.4357553948129752e-01	   6.3452949125675084e-01	   4.6996422854158160e-01	   7.8145991007466109e-01	   6.4178021563218668e-01	   3.1723323934026110e-01	   3.4099896112410677e-01	   9.5206131100506769e-02	   7.8393941445129684e-04	   2.5639763481252453e-01	   2.4469758232805514e-01	  -9.4457288757063121e-02	  -5.4747860069781509e-02	   5.1278403977579090e-01	   4.3029166758968729e-01	   3.6741503611131709e-01	   2.5441307695105381e-01	   2.3767779451808260e-01	   7.1189440352078082e-02	
   6.1494182442278988e-01	   4.0470365972211086e-01	   1.0775420676111660e+00	   9.0296575707993343e-01	   0.0000000000000000e+00	   7.3439878040688999e-01	   8.5800183788335804e-01	   8.6710196169230047e-01	   1.1047411677080283e+00	   7.9850366330836642e-01	   3.2538100591403790e-01	   4.7304419285675825e-01	   2.6971963151481659e-01	   3.8055579805140055e-01	   4.5879216824138130e-01	   5.9171001002837498e-01	   1.8366694730140223e-01	   2.5432097971408857e-01	   5.6500246516145125e-01	   5.5053674869550717e-01	   4.7317484452818609e-01	   4.6714566497086918e-01	   4.3408470927905729e-01	   6.1782551784668938e-01	   4.1328007211450202e-01	   4.3678197822179277e-01	   6.6729897644046854e-01	   6.2577755713946936e-01	   2.7227272028656424e-01	   4.1785386451632989e-01	   5.8796159003843329e-01	   5.6351979273600128e-01	   6.5976766981914170e-01	   7.1740358572112295e-01	   1.8408112152830500e-01	   5.6490850800912029e-01	   3.2913489460758859e-02	   2.5352493775561308e-01	   2.7294109617898776e-01	   4.0419915669384809e-01	   2.4101517883964702e-01	   2.5390690303724434e-01	   6.2618403885520080e-01	   5.8637698099385360e-01	   4.3855109872389825e-01	   5.7942752135277475e-01	   5.0802415161852377e-01	   6.3081500651058453e-01	   4.7301987586320693e-01	   4.9196224677581823e-01	   5.7178493365431071e-01	   4.5090580108193551e-01	   5.8372805423901863e-01	   4.6783308658179856e-01	   4.8170133027815920e-01	   5.8662157887164856e-01	   5.1239195551180239e-01	   3.7760787339655760e-01	   7.2845554142499458e-01	   4.8203957889454008e-01	   7.2306611941140042e-01	   7.6777579876182345e-01	   3.4985068500047717e-01	   4.4614155527003607e-01	   7.2870762287848467e-01	   6.5312061899528295e-01	   6.8149164959567510e-01	   6.2348161289579551e-01	   6.1634569911143589e-01	   5.9566278215077229e-01	   6.4155746273400527e-01	   4.4859327216986888e-01	   3.9309913696215376e-01	   2.2743849164397534e-01	   3.6652991103596055e-01	   3.6336994258320438e-01	   5.2115768339637814e-01	   5.0738425059353542e-01	   1.8894728605988662e-01	   3.8722358098423304e-01	   2.2362087861063523e-01	   3.1593365071720159e-01	   6.1419728656094470e-02	   3.4491041508311843e-01	   1.7912086017336118e-01	   4.5437793043825869e-01	   1.2699865804346366e-01	   1.9005058746751180e-01	   5.0680257208215540e-01	   7.0821305586413885e-01	   5.9727988624400152e-01	   4.6096736806076188e-01	   6.5114641829365683e-01	   5.7831413887827854e-01	   8.5101102297839987e-02	   1.8472198133386059e-01	   3.3674243540146859e-01	   4.6094351477720347e-01	   4.6589834827752602e-01	   4.7785817326848834e-01	   5.4762870082507187e-01	   6.9477537125610067e-01	   2.7029260638850805e-01	   2.8131782903877828e-01	   1.0610517863482388e-01	  -1.0116580738622648e-01	   2.5572175365705524e-01	   2.2136627814343068e-01	  -1.1353934508866295e-01	  -6.8739584924458766e-02	   4.3807633706988813e-01	   3.2513718205774494e-01	   2.8950999311490555e-01	   2.1000946388410685e-01	   2.0965765773883416e-01	  -1.2291006743995300e-03	
   2.8201499371227157e-01	   1.1131379741870655e-01	   7.1273786820895890e-01	   8.9203165683896135e-01	   7.3439878040688999e-01	   0.0000000000000000e+00	   6.0548483180304724e-01	   1.1267965050547117e+00	   1.1686568405777784e+00	   1.4035448633327010e+00	   6.9767613530827305e-02	   4.0028508037237998e-01	  -6.0121244187409401e-03	   2.7420048605378511e-01	   3.8914405058412077e-01	   7.4304306434896628e-01	   5.1124808992538080e-02	   4.5914158181155122e-02	   1.5410973406623751e-01	   3.3108265095133538e-01	   3.3869852251930882e-01	   3.9720859770836414e-01	   1.6796455417472844e-01	   4.5791996458156786e-01	   1.2489946049739190e-01	   3.1873443388685074e-01	   3.3995704430340595e-01	   6.0547936334917141e-01	   2.1853144428790561e-01	   4.0611912510308273e-01	   4.7460667595173739e-01	   5.1161251460484503e-01	   4.0968236541163161e-01	   5.5884487758193213e-01	   9.6731394774558055e-02	   4.6776218428852090e-01	   1.6184173895166038e-02	   1.0868211778569356e-01	   2.4402686147927161e-01	   3.0302505994621504e-01	   8.2507366860177414e-02	   2.7279512977768827e-01	   3.8906786672368987e-01	   3.3513543602930573e-01	   2.2317244422472332e-01	   4.6705705257441477e-01	   3.2307614521247718e-01	   4.1544880516967359e-01	   2.2196588848194582e-01	   2.3897867523489236e-01	   3.4760717002019531e-01	   2.3749353252822361e-01	   3.5078055174429612e-01	   2.2693380147107048e-01	   4.1092867648354975e-01	   3.1681955353379654e-01	   3.0960678281351794e-01	   1.0797135843102143e-01	   5.8963964711797767e-01	   5.4191428768071792e-01	   6.9560438271001224e-01	   9.5400144222589334e-01	   1.2561997774801492e-01	   1.6016892804201477e-01	   5.5021578172869290e-01	   8.2560940095133084e-01	   3.5188293347871641e-01	   5.3126067146401224e-01	   3.0409138954222314e-01	   3.3165510533947762e-01	   3.4316092702011047e-01	   2.4927591649907554e-01	   2.3853399236227327e-01	   1.9286737929671524e-01	   1.8795366440221370e-01	   2.6892002973498996e-01	   3.1980984011359559e-01	   3.3069509305382871e-01	   1.5032547604697330e-01	   1.7729133970943539e-01	   1.0322884442075972e-02	   1.0879807269254554e-01	  -4.0626989716299543e-02	   2.2016531462238320e-01	   1.2830423199860051e-02	   4.3176443976057699e-01	   5.5054390532665058e-03	   8.2489238413046340e-02	   5.3380342147657844e-01	   5.2927525691584831e-01	   6.7331610217402982e-01	   3.6503392786658895e-01	   7.9349628607260836e-01	   5.1422930241080800e-01	  -9.2535224816018682e-02	   1.1472164984800134e-02	   6.6729049633892007e-02	   1.5122369962217916e-01	   3.2704836283845873e-01	   1.8203781423706253e-01	   7.8626384478876066e-01	   6.6491408151337561e-01	   1.8785619466132064e-01	   3.0319798087537020e-01	  -2.2697543131785462e-02	  -1.1075110629290710e-01	   3.3220822187920646e-01	   2.7922656404178564e-01	  -2.3426271172726965e-01	  -1.2664307625306070e-01	   3.1482430535077194e-01	   1.6964164392064907e-01	   1.5202465988990491e-01	   5.1576343619974110e-02	   7.9359714135992118e-02	  -4.9366389978739008e-03	
   6.4817398494578438e-01	   3.6139515283967616e-01	   1.1734566928147088e+00	   6.8468251499926458e-01	   8.5800183788335804e-01	   6.0548483180304724e-01	   0.0000000000000000e+00	   1.0073438813179201e+00	   9.6548605821364641e-01	   7.5470569837325374e-01	   7.0437729124058002e-01	   7.6614326863976578e-01	   5.1056276241112108e-01	   5.1842194803001052e-01	   3.0849042341354582e-01	   4.6808117238815899e-01	   1.3407647369802500e-01	   3.5618135544355162e-01	   5.6524533287650625e-01	   5.2284425117030620e-01	   2.4759030145317212e-01	   1.7861406895951909e-01	   2.0430975845096722e-01	   3.6098899925090783e-01	   1.5212913725872147e-02	   3.9878657287243040e-02	   2.1333724835658277e-01	   2.2783677825690687e-01	   3.4252666974344437e-01	   4.9851956629629146e-01	   3.3618983150564286e-01	   3.7265865709958673e-01	   5.8742451434996124e-01	   7.1494776299045748e-01	   2.0607800130153026e-02	   3.7780750446909478e-01	  -1.5124260337976730e-01	   1.7407075786211701e-01	   1.6782555452429423e-01	   2.3857947445005007e-01	   7.9400597422801936e-02	   1.7981619150081524e-01	   3.6590280531896574e-01	   3.8015308818869348e-01	   2.9653250482307980e-01	   4.1685937346321866e-01	   3.0820051277706195e-01	   4.1588271411461619e-01	   3.0208972465659689e-01	   3.3793613984441884e-01	   2.9068924243978483e-01	   2.5734329103028591e-01	   3.9527245496806995e-01	   2.4846744095425424e-01	   3.6247254346511043e-01	   3.9499468945110550e-01	   3.6591899854709642e-01	   3.2412501248992254e-01	   7.4181079894189161e-01	   6.0662314836502196e-01	   1.1435143974247899e+00	   9.3039280413663250e-01	   3.5627897469091291e-01	   4.1608293997785689e-01	   6.3550404909554570e-01	   4.7626918154319470e-01	   5.7155564364514255e-01	   4.6455473421005145e-01	   4.7117821154756145e-01	   5.1871680646120932e-01	   5.3890021339235672e-01	   4.5108837627848258e-01	   3.1249697027067891e-01	   2.8508827565292566e-01	   3.3053015010999692e-01	   3.7248854112894259e-01	   4.7275176888620885e-01	   5.0691710394017231e-01	   2.2270773942253319e-01	   4.6434640516136905e-01	   1.7676445359045054e-01	   3.4119054148482142e-01	  -3.5417020727271160e-02	   3.2511736653300205e-01	  -4.7018941675597135e-04	   2.8270065105581521e-01	   1.3509940245731549e-02	   1.0665065713686343e-01	   3.8643470789773282e-01	   5.9343479736634919e-01	   3.7726125645025743e-01	   4.3487337166149076e-01	   3.9300867253422772e-01	   4.9220845850780992e-01	  -3.6061020973356388e-02	   1.3177309449585128e-01	   1.5557773887958548e-01	   2.7574205030161258e-01	   2.5766443579803505e-01	   3.0791294534442282e-01	   3.9418282301890495e-01	   7.3176989809033388e-01	   1.2975550093885585e-01	   2.8393217842281199e-01	  -4.4276258798042784e-02	  -1.9770376935884876e-01	   2.5036996350595131e-01	   1.6983144524953189e-01	  -1.3668191158899518e-01	  -1.3277733809852507e-01	   1.5756564687642649e-01	   1.3915288631048936e-01	   1.1389145093329152e-01	   1.6021310593254634e-01	   1.2644520520092642e-01	  -1.4259483742061225e-02	
   5.1864203918183993e-01	   3.3028464619820019e-01	   1.0686969859315023e+00	   1.3207474365942029e+00	   8.6710196169230047e-01	   1.1267965050547117e+00	   1.0073438813179201e+00	   0.0000000000000000e+00	   1.2610096392950931e+00	   1.2887885685513558e+00	   2.9071804146894686e-01	   7.6874387679179024e-01	   2.4845227105982878e-01	   4.7283049912931102e-01	   4.1119233911797815e-01	   7.0259031720118481e-01	   2.0161672601417485e-01	   2.2546664251153334e-01	   4.5752314652661097e-01	   6.5244368887884452e-01	   4.0751454715905194e-01	   3.5412959718057235e-01	   2.8380872328704743e-01	   6.2478081091523030e-01	   1.7834511895674984e-01	   3.2101248166412621e-01	   3.6441486416104607e-01	   5.2866982134024976e-01	   3.6351930119102244e-01	   5.8212832395011704e-01	   5.6762153440512231e-01	   6.4690713867257810e-01	   7.0685623032328637e-01	   9.5176338947623595e-01	   8.1358782037843649e-02	   5.6835228203903898e-01	  -6.5599483016446525e-02	   2.4179393309293923e-01	   2.4007123965031746e-01	   4.0655582541828017e-01	   1.1306076141388473e-01	   3.0670380082401516e-01	   5.1339210483147768e-01	   5.3157654322532266e-01	   4.4278984522345621e-01	   6.9202417799537341e-01	   4.5823661098149548e-01	   5.6162647964053880e-01	   4.0740401781874086e-01	   4.4341814445147915e-01	   4.2440616352514138e-01	   3.9837218717012429e-01	   4.5944782748814555e-01	   2.7453300575891870e-01	   5.0826086219165267e-01	   4.6774851989011773e-01	   4.2985714909966399e-01	   3.2118759806602237e-01	   7.3837522536839029e-01	   8.0157720525760168e-01	   8.7863479531378497e-01	   1.3254932040761875e+00	   2.5538278642644330e-01	   3.7031552583585514e-01	   6.4037670070066188e-01	   9.1299412634631194e-01	   5.7666502550029541e-01	   7.6767821742046505e-01	   5.6135702444421232e-01	   6.6020787197805586e-01	   5.5062225935844589e-01	   4.3313485766318316e-01	   3.6348076831908399e-01	   3.2027052540268380e-01	   3.6481256220068009e-01	   4.0214375155642090e-01	   5.2469658145567677e-01	   5.1881842875103101e-01	   3.3896829957321623e-01	   3.8580630195829618e-01	   1.9619844274302559e-01	   3.0581075108318267e-01	  -4.9550112722335851e-03	   3.4145383686263014e-01	   3.6805471051342652e-02	   5.7596921289800362e-01	   3.1989624354950827e-02	   1.6920835878234225e-01	   5.5060041253297654e-01	   7.0386678334585706e-01	   6.5712585500492948e-01	   3.8863803891266774e-01	   7.1000011071920677e-01	   5.1559223043280245e-01	  -3.8557933456613382e-02	   1.5660978950734308e-01	   1.6669631820046460e-01	   2.7410772545681056e-01	   4.0571808643106672e-01	   3.0071272943316046e-01	   7.2437706405833768e-01	   7.0324085214054810e-01	   2.0670161974304016e-01	   2.9741773853241910e-01	  -6.8384260694463295e-02	  -2.0220131356943247e-01	   2.4652055521696009e-01	   2.2021494769239791e-01	  -1.8937513167075076e-01	  -1.6537899900024572e-01	   3.3433079570480434e-01	   2.6183797751557375e-01	   2.1942078995065348e-01	   1.8461946981998587e-01	   1.1781031368084155e-01	   2.8442978979403410e-02	
   4.2469241405346303e-01	   1.6694582694407312e-01	   9.4126452772163738e-01	   8.6006165708212490e-01	   1.1047411677080283e+00	   1.1686568405777784e+00	   9.6548605821364641e-01	   1.2610096392950931e+00	   0.0000000000000000e+00	   1.1672148400936306e+00	   2.8204194273843641e-01	   5.0857932217774449e-01	   2.1705579752930437e-01	   3.6759891782044907e-01	   3.9814591123462384e-01	   6.4262357562352168e-01	   1.7224269611517452e-02	   6.7204124037110693e-02	   2.9391514522287887e-01	   3.6897409666093106e-01	   2.8068131132744839e-01	   3.6032326437647527e-01	   1.4872260296889528e-01	   4.0186570639826819e-01	   1.0303157880064795e-01	   2.2988884286236616e-01	   3.0161702452052397e-01	   4.4819443198950293e-01	   1.5901948761524917e-01	   3.7917369878940249e-01	   3.9600917127204172e-01	   4.0295544087377544e-01	   5.3091784205283754e-01	   7.0388853901409643e-01	   8.9163635345501143e-03	   4.9075535267188231e-01	  -8.6235121899779554e-02	   7.5788419092444284e-02	   1.3258052755065391e-01	   2.5983771368208547e-01	   3.4844934073464208e-02	   2.2006903643275261e-01	   4.5682778606299596e-01	   4.3372051114836585e-01	   3.0282883864491272e-01	   4.9389434142990213e-01	   3.7081183617561170e-01	   4.7111617257691291e-01	   3.2261152184195674e-01	   3.3785417998681516e-01	   4.0584481010083506e-01	   2.9395112546063623e-01	   4.9309611415060184e-01	   3.4065227826126754e-01	   3.7035816004137434e-01	   3.5567019483694690e-01	   3.5281867350829227e-01	   1.7030092991298498e-01	   7.8686792228592839e-01	   5.6819795614324353e-01	   9.8934049937143520e-01	   1.1178661741477991e+00	   2.3113121358375721e-01	   2.6345357614379000e-01	   6.7014026427735729e-01	   7.7737647732583026e-01	   5.5131131376965437e-01	   5.9637992580165888e-01	   4.2444208773430780e-01	   4.4190907630604020e-01	   4.5163076470566521e-01	   3.2175589148764067e-01	   2.2772113633015315e-01	   1.9484502721982563e-01	   2.1992563842115498e-01	   2.7972376038256219e-01	   3.5529187136489204e-01	   3.6618929761019758e-01	   1.2986390849379406e-01	   2.2696056313879975e-01	  -8.9340347609980358e-03	   1.1814830762974751e-01	  -1.1786743301080459e-01	   1.7191973699954272e-01	  -7.0535403504343300e-02	   4.0257906019035516e-01	  -4.5804986672260475e-02	   3.2453047485901804e-02	   4.4713912755561547e-01	   5.8503839999957707e-01	   6.1821012066412606e-01	   3.9112905525320651e-01	   6.5565973052232951e-01	   5.6064481461525550e-01	  -1.1982461788078248e-01	   1.4056539361196579e-02	   9.0229104476676633e-02	   1.9376501462575146e-01	   3.0714437879260542e-01	   2.0977169987815814e-01	   6.3760325818314856e-01	   8.0206288456999142e-01	   1.4735741646021266e-01	   2.4840660130060971e-01	  -3.7207860369559240e-02	  -2.1058833315181641e-01	   2.8035278520542839e-01	   2.2672138327441227e-01	  -2.7722744435606439e-01	  -1.6010657851625212e-01	   3.3694938174974781e-01	   1.5152374326847493e-01	   7.2526774624992629e-02	   7.4221364703136047e-02	   1.2236695671592425e-01	  -6.5228988195462620e-02	
   3.7798213625064064e-01	   2.6181307039780272e-01	   9.2268336408898599e-01	   1.1032884618989014e+00	   7.9850366330836642e-01	   1.4035448633327010e+00	   7.5470569837325374e-01	   1.2887885685513558e+00	   1.1672148400936306e+00	   0.0000000000000000e+00	   1.5637767171596406e-01	   5.1845367581138668e-01	   1.3981241559577717e-01	   3.4358568091098207e-01	   4.9799954099043359e-01	   8.8650118472797934e-01	   2.3743328348028808e-01	   2.0040945165740551e-01	   3.2086849248379451e-01	   4.6674871738369644e-01	   4.3884995125863824e-01	   4.0758087616572403e-01	   3.0467739091891693e-01	   6.1873214970011081e-01	   2.2642851138269743e-01	   3.9099583697836121e-01	   4.3052407175793483e-01	   6.2196110534395721e-01	   3.7403623755919879e-01	   4.5418170002701885e-01	   5.6526509801655234e-01	   6.1040332803570263e-01	   6.0996224879789995e-01	   7.6084526392321283e-01	   1.4760106217605398e-01	   5.3476103482446047e-01	   4.8575610995960791e-02	   2.0431049053454092e-01	   3.5822915458453852e-01	   4.4408476367963240e-01	   1.7101096338304933e-01	   3.2777535857703000e-01	   4.8222913701541403e-01	   4.3169450779980789e-01	   3.2820087627350586e-01	   5.4250216832902631e-01	   3.9735579693378453e-01	   4.9329496731442168e-01	   3.1233336433675113e-01	   3.3257879011106295e-01	   4.6615368687734859e-01	   3.3024760848057533e-01	   4.0474455961935096e-01	   2.9694991242506613e-01	   4.6320995521510155e-01	   4.0362279610870061e-01	   4.3898822308494739e-01	   3.0399729121938013e-01	   6.2162364775367496e-01	   6.3552408445224828e-01	   7.2130980241509834e-01	   1.0114774935204551e+00	   2.1536263759428920e-01	   2.8033787635972390e-01	   6.5734047808057550e-01	   9.5483570994837241e-01	   4.9176449178008264e-01	   6.4515790091928704e-01	   4.7075639125899094e-01	   5.8604982368426461e-01	   4.9045076067674487e-01	   3.3201076653393286e-01	   3.6102129957487411e-01	   2.6364298494398325e-01	   3.4304264105948368e-01	   3.8232099673028808e-01	   4.8221405052708044e-01	   4.8992360201737717e-01	   3.3015167989455246e-01	   3.2524702595493454e-01	   1.6973056815265888e-01	   2.5703858945012148e-01	  -4.7743514965351078e-03	   2.8296516217443174e-01	   1.0016081961464872e-01	   5.4170984622208707e-01	  -2.7127028093858817e-02	   1.0082833387825040e-01	   5.8781913770460759e-01	   6.2333851374368043e-01	   7.8295595538831853e-01	   4.5739461327622999e-01	   8.9002678540101388e-01	   5.9678970997824321e-01	  -6.3577854844613771e-02	   1.5589785708005044e-01	   2.0000341425935958e-01	   2.1804973606057518e-01	   4.2779687479905132e-01	   2.7747273819347579e-01	   8.6839231793677296e-01	   8.2173789331914393e-01	   3.2913341166238913e-01	   4.5454852060475137e-01	   7.9326084433403998e-02	  -4.4254153623448207e-02	   3.5449593604753571e-01	   3.0580171828860347e-01	  -1.3881289649611028e-01	  -9.4058192715005651e-02	   3.6016446306070882e-01	   2.3931653404758974e-01	   2.3561330469370573e-01	   2.4996255409018231e-01	   2.1765552734568336e-01	   4.3408204947788229e-02	
   7.4062728225367602e-01	   5.2503378601798334e-01	   5.4785655537377798e-01	   1.3290967451113178e-01	   3.2538100591403790e-01	   6.9767613530827305e-02	   7.0437729124058002e-01	   2.9071804146894686e-01	   2.8204194273843641e-01	   1.5637767171596406e-01	   0.0000000000000000e+00	   5.7376469747115577e-01	   8.5926409479903731e-01	   3.6677760582674612e-01	   2.6030323227212870e-01	   3.4089296512221001e-01	   4.5112251310347140e-01	   2.9729649852640994e-01	   4.9994512197793772e-01	   4.0704403125719235e-01	   1.6306716655065609e-01	   6.4342950521048575e-02	   7.8439349855074864e-02	   5.2211836580163574e-02	  -1.3567203990575397e-01	  -9.7994477847932998e-02	  -5.1632052650541764e-02	  -1.0317553719499485e-01	   6.3064335204624522e-01	   2.8751147953759215e-01	   1.5269058056713919e-01	   9.7281091412020793e-02	   3.9075910532219876e-01	   3.9497489138187875e-01	  -1.0266756749323741e-01	   1.2463711445523360e-02	  -1.2313893350765034e-01	  -2.7633903897090108e-02	   8.3605258262574089e-02	  -5.3148254861904956e-02	   2.0284805122591781e-01	   2.4379438307521833e-01	   2.3783341677299882e-01	   2.6483205025350787e-01	   2.2622208622102555e-01	   2.4194186704049470e-01	   2.2478402194463359e-01	   2.1119208298406089e-01	   1.6556394569235042e-01	   2.0350305901127738e-01	   2.4072178912595821e-01	   1.0117940252015548e-01	   2.6407942800041684e-01	   6.2336593969230275e-02	   2.2035411613037278e-01	   1.9220353524216718e-01	   3.8484032072477592e-01	   4.2611912012358755e-01	   2.6825909094012551e-01	   3.1677321664593111e-01	   6.1759044117532080e-01	   2.9320347665389318e-01	   6.5625536423554420e-01	   4.4728840710217038e-01	   1.8342436483214813e-01	  -5.9974642687419401e-02	   3.1064697264846486e-01	   1.9485063834676286e-01	   3.4352806068801339e-01	   3.1174781541591101e-01	   4.0350008910462354e-01	   3.3688777826499139e-01	   4.2584374887591236e-01	   1.8882484947630077e-01	   4.1131270075452869e-01	   2.3549545486036089e-01	   4.2484440849540972e-01	   3.3656650777415026e-01	   4.1511517492339811e-01	   3.3605208953794202e-01	   5.0027623527534482e-01	   4.1491356788588263e-01	   8.0506256118163380e-02	   3.3387375255475571e-01	   1.5090974439038043e-01	  -1.3491903430435379e-01	  -1.0896181209364211e-01	  -9.8347142713566885e-02	   1.2420113785831939e-02	   1.7629883925719247e-01	   9.4189200139900203e-02	   2.2484876747651597e-01	   3.8399351256484461e-03	   2.2766875686414365e-01	  -5.9593850254928707e-02	   4.8866110210955979e-02	   1.2632776630131073e-01	   1.5008128886388217e-01	   1.2039517863729113e-01	   2.6667177772274275e-01	  -5.5044156243504406e-03	   3.8053055967720406e-01	  -6.8696910484799560e-03	   2.1713912032368277e-01	  -9.3733217845503175e-02	  -3.0821166732474710e-02	   2.6209064709818342e-01	   8.0968359059643932e-02	  -9.2248088941689899e-02	  -8.8994222517222846e-02	   4.3566263861497319e-02	   5.3463716658118540e-02	   2.0639357357592900e-01	   1.5257149389497487e-01	   7.7735469857045617e-02	   4.6598147654434922e-02	
   6.4770446176754382e-01	   7.3334817275889119e-01	   7.3200263432717172e-01	   6.5363338609111554e-01	   4.7304419285675825e-01	   4.0028508037237998e-01	   7.6614326863976578e-01	   7.6874387679179024e-01	   5.0857932217774449e-01	   5.1845367581138668e-01	   5.7376469747115577e-01	   0.0000000000000000e+00	   7.7314038801157103e-01	   1.2098858152280019e+00	   6.0075191608152412e-01	   8.2073855862488021e-01	   3.7850891547878496e-01	   7.3348027980282948e-01	   6.7036722253657277e-01	   9.2661911226533733e-01	   3.1427055219154026e-01	   1.7042410331984675e-01	   5.1525031691959478e-01	   6.1180147611577729e-01	   2.5284575353872946e-01	   2.7362074444994922e-01	   3.0996262846379008e-01	   3.0215659808632961e-01	   6.7495725217745117e-01	   9.7427922627283126e-01	   5.5990445440027281e-01	   6.2432616934647855e-01	   6.1242257993864035e-01	   7.7100916112527751e-01	   3.1727870806741942e-01	   6.1818528235638848e-01	   2.0779333330732519e-01	   5.0733361881239647e-01	   4.6134710814726804e-01	   5.4523723015060199e-01	   3.5870925658619168e-01	   6.6780407846408518e-01	   3.6303240052687380e-01	   4.3031475257687224e-01	   3.7466886152047202e-01	   5.0081498984535311e-01	   3.9175030911248826e-01	   4.9974036443863823e-01	   3.7203315627401407e-01	   4.8886452089739790e-01	   3.4202763648438983e-01	   4.2513914739435499e-01	   4.3411460457054502e-01	   2.0484589835670569e-01	   7.1998778743867942e-01	   6.5846206805330632e-01	   4.6602792787416791e-01	   5.8278242919233303e-01	   4.5511344882293692e-01	   5.5338240685025331e-01	   4.6707733092080583e-01	   5.8408265796355718e-01	   3.8028138763203406e-01	   6.6150776724485172e-01	   5.2738873133998287e-01	   4.1234266944262299e-01	   3.9766319709840481e-01	   4.4819943896804165e-01	   5.8986242828276869e-01	   6.4971139582754722e-01	   7.0994867081910873e-01	   7.1829069154936043e-01	   6.0212341689927418e-01	   6.3996476639256350e-01	   6.5579279804107404e-01	   6.6697186711636447e-01	   6.8014296209005953e-01	   7.6616287590900189e-01	   3.6447591788622058e-01	   6.9684115954428583e-01	   4.5497415876885733e-01	   7.6151194755200569e-01	   3.6466106707107271e-01	   7.5004440551435703e-01	   4.9372903317185268e-01	   5.6963621996242708e-01	   4.2607789999228191e-01	   5.0621675644778963e-01	   6.3994086349680190e-01	   7.2283993733671958e-01	   4.0632219395925728e-01	   2.4808786906367947e-01	   3.9089834088342390e-01	   3.9312973905465765e-01	   3.3188646990690313e-01	   4.4516613184515802e-01	   3.9505090601129361e-01	   4.4768307375255645e-01	   4.6070932066245246e-01	   4.3406766729503077e-01	   4.1552068330359226e-01	   4.2021223615382963e-01	   3.5442722161150580e-01	   3.3960112430989009e-01	   2.6110936401949497e-01	   1.5796230447843171e-01	   1.8463544008826563e-01	   1.0575557424017649e-01	   2.2912989855540777e-01	   1.0783345403639739e-01	   3.1632134186930222e-01	   3.1802743520375010e-01	   2.8631918147817187e-01	   3.2268364711525033e-01	   3.4541485702577901e-01	   3.0714513950631167e-01	
   7.0763088518653938e-01	   6.2976289935069607e-01	   5.2244024740887640e-01	   2.4208879502873051e-01	   2.6971963151481659e-01	  -6.0121244187409401e-03	   5.1056276241112108e-01	   2.4845227105982878e-01	   2.1705579752930437e-01	   1.3981241559577717e-01	   8.5926409479903731e-01	   7.7314038801157103e-01	   0.0000000000000000e+00	   7.9154939656243228e-01	   6.3607795868091588e-01	   4.5262365680508393e-01	   4.3011507107335323e-01	   6.4068430170551771e-01	   6.6025736185754236e-01	   6.0469341446970115e-01	   1.2337417114945445e-01	   1.3278685585821537e-02	   4.2421628869494044e-01	   2.7464360678335648e-01	   2.3021516906255463e-01	   1.6421868705025161e-01	   2.2264072879280555e-01	   8.0717482804617408e-02	   6.4902934279836033e-01	   4.9697629746049971e-01	   3.0597753145585732e-01	   2.7738259841395796e-01	   4.1118620634596459e-01	   4.0978004161705445e-01	   2.6170333047823269e-01	   3.4407693611045442e-01	   1.9860071226101006e-01	   3.1185497920004479e-01	   3.5842071728147684e-01	   3.0899366052145771e-01	   3.5716314818180067e-01	   5.0124191209880964e-01	   2.6456224684105789e-01	   2.9744101645746690e-01	   2.0509114336016449e-01	   1.6284957877745515e-01	   2.3804685187785912e-01	   2.9174057486515931e-01	   2.1240435792969867e-01	   2.8377166401820964e-01	   2.4220498284130421e-01	   2.2449726236060558e-01	   2.7932896309621658e-01	   2.3153452677016928e-01	   5.0802960966373256e-01	   4.6132834840223724e-01	   5.2863941194395103e-01	   5.4910890404901025e-01	   2.7247780329668542e-01	   1.6006938111897584e-01	   3.2474626875377771e-01	   1.7595859236485464e-01	   4.8863244294470165e-01	   5.2074731162563737e-01	   2.3202180006098785e-01	   6.7764514950852561e-02	   3.8799190745435957e-01	   2.2551027313600616e-01	   5.3690503612439533e-01	   4.5723636489316477e-01	   5.4117008368090036e-01	   6.2236058543184991e-01	   5.6802921634802139e-01	   4.7268365763207620e-01	   6.6995448238829236e-01	   4.9327980720853815e-01	   5.9845301000136830e-01	   5.1621910018796324e-01	   3.2409877997583320e-01	   6.9135622314530354e-01	   5.1363837461463246e-01	   5.1688352879758681e-01	   3.6339651108361443e-01	   5.7313097594611861e-01	   4.0808945044335332e-01	   1.7805841059107566e-01	   3.1165528588711866e-01	   2.6556598463134506e-01	   4.2607710173038083e-01	   3.8946786831977886e-01	   1.7199895139099414e-01	   1.8763592988159120e-01	   9.3432083199099222e-02	   3.5119469355385097e-01	   2.4517701114812351e-01	   3.2394312897328292e-01	   3.9882880192852865e-01	   4.0593439716881741e-01	   2.9886439460879810e-01	   3.5873575614940795e-01	   1.6523416092554581e-02	   2.8026082328015334e-01	   1.3782347056848107e-01	   1.9581936691081100e-01	   1.8685982685785588e-01	   2.0894753810503727e-01	   2.8215475492930308e-02	   9.3036842411422196e-02	   1.7647471214960900e-01	   1.3560915267947077e-01	   2.0018569816826273e-01	   1.8793235239379716e-01	   1.8631126765586992e-01	   3.2186371611412823e-01	   3.6122011606572191e-01	   2.2731391605322912e-01	
