   0.0000000000000000e+00	   9.5510561890706225e-01	   5.7220759495455020e-01	   6.0385467530080095e-01	   3.0621498643642447e-01	   1.6387845369640380e-01	   5.7983395350325473e-01	   5.4966474780082786e-01	   4.6683390324177088e-01	   2.0424085455605998e-01	   8.2031514213184975e-01	   8.4919257565428352e-01	   6.6056215627423587e-01	   5.5093391708639761e-01	   5.0900856546476259e-01	   6.0353077612144868e-01	   5.4515496104170447e-01	   5.0794481737499364e-01	   5.1096078123783717e-01	   4.6366465162741166e-01	   2.6899136991376160e-01	   8.5007791438999059e-02	   4.4907147267600089e-01	   5.4605265685011062e-01	   2.4581892715498996e-01	   2.8763519329264109e-01	   1.6123778036661149e-01	   1.0099180756443631e-01	   5.5268708768723507e-01	   4.8409084904805777e-01	   3.0667761845464919e-01	   4.4184848978007735e-01	   5.2689996345802892e-01	   4.8160990580313945e-01	   3.0483932356938526e-01	   3.8583241540630264e-01	   5.2910325150754722e-01	   2.3656434409017144e-01	   5.5030474015140474e-01	   4.5743938286150893e-01	   4.8771038767502500e-01	   4.4623156370867811e-01	   3.8579498283256491e-01	   4.1796845353158585e-01	   4.3658823462016672e-01	   4.6030247146841397e-01	   4.1385459689291398e-01	   4.7709843660974488e-01	   3.5824260648395562e-01	   4.1238817199202771e-01	   5.1370788587787208e-01	   4.8258989471242908e-01	   4.8136540421815305e-01	   6.0184480817811736e-01	   6.7208801101401183e-01	   6.5516504134893794e-01	   9.6688392853694927e-01	   7.7071000599839345e-01	   3.4939520781234085e-01	   2.2478900581285333e-01	   4.8259211525814927e-01	   2.3932372263236348e-01	   5.0228143740160935e-01	   6.2664833858732050e-01	   2.2736322524745572e-01	   2.8375019114218386e-01	   5.1627141883220384e-01	   4.7481273335021712e-01	   6.1624620385558670e-01	   6.2465890361629683e-01	   3.2071249704012217e-01	   3.6498944182690513e-01	   6.8994431680262547e-01	   4.7372437954588897e-01	   7.0051269533299620e-01	   4.3632849625024411e-01	   7.4829465855243160e-01	   7.3707151511586544e-01	   6.1461543510227601e-01	   5.4162381734780918e-01	   7.4237081727540088e-01	   6.1253985011088308e-01	   6.1727148862465886e-01	   7.1074340225195021e-01	   7.3977597532916994e-01	   6.7418146569801873e-01	   5.7464500455229373e-01	   4.2214595327077631e-01	   6.6717098081906712e-01	   6.2590904310469064e-01	   3.1130539343273544e-01	   3.3995648534233819e-01	   2.6737178537429296e-01	   3.6830632556227694e-01	   4.0753564543034015e-01	   3.2503323570053305e-01	   6.2331988833240581e-01	   6.9427133827067999e-01	   6.6127239817573669e-01	   8.8732190650764897e-01	   3.0832599877351446e-01	   3.1823008358489241e-01	   5.2033850120750480e-01	   3.8009229230088093e-01	   2.7806617057853039e-01	   1.5973295888170996e-01	   3.5200528595492692e-02	   1.4149880072360813e-01	   2.0592786356185699e-01	   1.8964592017637141e-01	   6.9254244874115622e-01	   6.0596845936136534e-01	   2.4640342133558790e-01	   5.1660121031060402e-01	   3.1816983310308478e-01	  -3.2332774080951671e-01	
   9.5510561890706225e-01	   0.0000000000000000e+00	   2.9778339806140230e-01	   3.1223789167995664e-01	   7.5005547480247847e-02	  -4.5474270517444418e-02	   1.8563905513470411e-01	   1.3561171872235317e-01	   1.6382007818407568e-01	  -1.1982128563041720e-01	   3.5532002745690960e-01	   5.4829724509324462e-01	   2.8253115476597340e-01	   2.4458262254339541e-01	   3.6063220953772163e-01	   2.9117650224040253e-01	   7.3688176524566540e-01	   7.2608492523749468e-01	   6.6702655045433645e-01	   7.2074268956872123e-01	   2.9613963037646457e-01	   2.5268855525275951e-02	   3.6919929375048210e-01	   4.4177824613954164e-01	   3.2395149538548862e-01	   1.9703901558508569e-01	   2.9365016814880329e-01	   1.0789788047931387e-01	   6.0447604893893858e-01	   5.2419421169143277e-01	   2.2633025758125966e-01	   2.8042751527204901e-01	   5.3131008687754799e-01	   4.6714664421743723e-01	   3.8558207216801754e-01	   4.4381035685788173e-01	   5.7743050857359679e-01	   3.0885416871949001e-01	   5.9485649623287162e-01	   4.1869585994621827e-01	   7.1187223292991253e-01	   5.0041028460737746e-01	   4.6857046037249028e-01	   5.4374460688903270e-01	   5.2267372573821302e-01	   5.5704359720660812e-01	   5.0304108259491376e-01	   5.8853039915638872e-01	   4.2697962031043851e-01	   5.0192190418273841e-01	   4.2678796289867438e-01	   5.3657798921182442e-01	   4.7497449518716295e-01	   5.4433444399484998e-01	   6.7294417773806725e-01	   5.9052991537931454e-01	   1.3041420498320579e+00	   1.1233782751412238e+00	   1.7811841206557771e-01	   1.7903477691704262e-01	   8.6319523742679219e-02	  -7.1376112308305525e-02	   2.1134589113321842e-01	   2.9120553442078173e-01	   1.0119772229887994e-01	   2.0639036988916284e-01	   3.2055898865375743e-01	   3.4333121328579658e-01	   6.3752739721221818e-01	   5.5664771839227289e-01	   2.3952571715889559e-01	   2.4861693183849809e-01	   7.5607593919351879e-01	   6.2312774112891944e-01	   7.7653741442106861e-01	   5.6756049291178046e-01	   7.0498805877570592e-01	   6.8380633643637756e-01	   8.1209434425513183e-01	   6.3185714803829329e-01	   7.4895340926565523e-01	   6.4579757196308707e-01	   6.1143184610308365e-01	   7.0158128467160186e-01	   6.3089588812877551e-01	   4.7955024797505730e-01	   6.8900097044083686e-01	   5.2146007357219160e-01	   5.1170654719842723e-01	   3.8053774155378578e-01	   1.1422423292054892e-01	   1.3751141133624101e-01	   2.3403599955088849e-02	   1.0809209698338311e-01	   2.9289653017650624e-01	   1.5947886635353423e-01	   5.8044277299228730e-01	   5.8046281475394212e-01	   7.1335283116746140e-01	   7.3457189932046618e-01	   3.3456770467717917e-02	   5.0050136958868993e-02	   3.6131049178800662e-01	   2.2567496654661365e-01	   1.7660599968112847e-01	   8.8580329744023995e-02	   1.2437403858740272e-01	   1.7078411416056333e-01	   1.3653005950608849e-01	   2.6006464566383902e-01	   6.9050018986651385e-01	   6.3395695272730590e-01	   2.5845317767220610e-01	   5.6254024931208457e-01	   2.3111418169058648e-01	  -3.7700935750732822e-01	
   5.7220759495455020e-01	   2.9778339806140230e-01	   0.0000000000000000e+00	   8.0989994900445583e-01	   7.0714134674618589e-01	   3.6863702859456010e-01	   1.2236541294889969e+00	   6.5116028236421331e-01	   9.3549545853684579e-01	   4.7950362315846629e-01	   4.4001337883895603e-01	   2.6505578844621269e-01	   6.4809258232093336e-01	   3.9788014900030971e-01	   8.9462741171915416e-01	   5.5747732127540539e-01	   9.4862670284031392e-02	   9.7785170942794236e-02	   3.0735863266886948e-01	   3.0462773649205083e-01	   5.4437356724291142e-01	   4.0837548490579845e-01	   1.1601361388917313e+00	   8.5252627094102951e-01	   7.4506613223340601e-01	   6.6722288390807283e-01	   4.2031597071814170e-01	   2.0840223548757350e-01	   2.9803058198088317e-01	   1.8719875025544039e-01	   9.1572001341205655e-01	   7.9720292916207880e-01	   7.2408961298218111e-01	   5.7622315763961518e-01	   8.6342567275343440e-01	   7.1729116231249368e-01	   2.5824953990834787e-01	   2.0237325549942520e-01	   4.2619145259389263e-01	   3.8725356950687406e-01	   1.1504785433713365e-01	   1.9467672618718246e-01	   4.0033917831253102e-01	   3.4675017569413874e-01	   4.6154981097334552e-01	   4.1405135495177325e-01	   3.5530745228865335e-01	   3.4963973231972673e-01	   3.2172581655776894e-01	   3.4661301343661632e-01	   5.1959006574169053e-01	   3.9664054650114761e-01	   3.0067658860556690e-01	   3.0284714024603238e-01	   4.3636312906244357e-01	   4.8821992555025601e-01	   2.7837769481676089e-01	   1.8534341296879200e-01	   2.3551632252297539e-01	   3.2409798264625943e-02	   2.4616626800482844e-01	   1.1980650270990571e-01	   1.6136126446835725e-01	   2.4667855509820566e-01	   8.6191391926882444e-01	   7.7663817814512925e-01	   5.3256084746569088e-01	   4.1958870559098660e-01	   6.5801429375761544e-01	   5.5406303700351534e-01	   4.0424093650329851e-01	   3.7797410305536538e-01	   3.6650410941040790e-01	   1.6684201096847473e-01	   4.0338724615231381e-01	   1.9021202965739234e-01	   5.1072838859218872e-01	   4.0539733397118000e-01	   1.8322961285472383e-01	   2.0850340022405855e-01	   2.4972119559234016e-01	   3.9275838954882758e-01	   4.4919434647716683e-01	   3.4857253246463671e-01	   7.1654229345815112e-01	   5.2613908886004401e-01	   4.1019415010184163e-01	   2.0561983102267700e-01	   7.8634769934325910e-01	   4.8245713786139954e-01	   2.9225170024016928e-01	   6.2598059252023719e-01	   2.9940961193888160e-01	   8.5497114338309399e-01	   2.6826926437896265e-01	   2.0596774359872028e-01	   4.1600537490397532e-01	   3.7601683374641248e-01	   2.6839059281733768e-01	   5.3035203088176519e-01	   2.6270330646951867e-01	   4.4233143497289429e-01	   1.9891283687510147e-01	   1.8864312882648226e-01	   1.1983280450605684e-01	   1.7986443862322990e-01	  -1.7578973397903355e-01	  -6.3059270509222373e-02	   1.6944819772336692e-01	   1.6138642310303439e-01	   5.1978509528356764e-01	   3.5530959021387154e-01	   2.6615292310224026e-01	   4.0207813515266494e-01	   4.6199013827875379e-01	  -5.8669648662427056e-02	
   6.0385467530080095e-01	   3.1223789167995664e-01	   8.0989994900445583e-01	   0.0000000000000000e+00	   5.4494109004209768e-01	   7.2237882149178290e-01	   8.3667224812704866e-01	   1.1884594432479449e+00	   6.8733452825805907e-01	   7.9195579547682726e-01	   7.1492573857105579e-01	   6.1349111438519943e-01	   7.5563398173083207e-01	   7.5221248042950806e-01	   5.6197311444880493e-01	   7.5687962290561561e-01	   1.1142523855980943e-01	   8.6035449517409365e-02	   2.3673765599222152e-01	   2.7502609800122313e-01	   1.8251854718582672e-01	   2.7565336654657224e-01	   5.8311017219305372e-01	   8.5748611433707866e-01	   3.2337411897946439e-01	   6.1820343960689095e-01	   3.2149843703449299e-01	   3.9664822449182363e-01	   2.1271071175208239e-01	   1.4465143140885239e-01	   4.0958057219069338e-01	   6.1839771969131074e-01	   3.8912474667590469e-01	   3.7658034165265813e-01	   5.0719253490359928e-01	   5.8850794452926203e-01	   3.5327103890327244e-01	   4.4407139694039277e-01	   5.2858893642654370e-01	   5.6390211594983097e-01	   3.5260456344070307e-01	   5.3865529618904717e-01	   1.6148114090222865e-01	   1.1425467205612448e-01	   2.2595730092919208e-01	   2.4355193961510846e-01	   1.4136527679516234e-01	   1.7964824854651026e-01	   1.2848050114475054e-01	   1.8894647123344618e-01	   4.0163133268129597e-01	   3.2974386014215995e-01	   2.8049315155018434e-01	   4.3146805680136358e-01	   5.0298236448569533e-01	   4.5568553648494070e-01	   2.5393852514400361e-01	   1.9186727580919294e-01	   3.4875915238397409e-01	   2.3529860361460453e-01	   5.9609222526984340e-01	   6.0157399481501872e-01	   4.2240755332082092e-01	   5.4671637925404959e-01	   4.8992743481705175e-01	   8.8348363502786753e-01	   5.9062375243666143e-01	   6.1615149499509669e-01	   5.2608239137942980e-01	   6.0318885838921121e-01	   3.3642577091341103e-01	   3.5444273517221531e-01	   4.1917601973881757e-01	   1.5486017755723303e-01	   2.7630307360405026e-01	   2.3790303649557648e-01	   4.2550836114026375e-01	   4.5378209308792317e-01	   1.2943501969447144e-01	   1.6501015435088601e-01	   3.3586077458955815e-01	   4.3177479456504564e-01	   5.2729473653681669e-01	   5.6586633812516463e-01	   8.3075249749114310e-01	   8.1702611597435448e-01	   5.8508156389300914e-01	   5.7973023469731566e-01	   1.0089994288130320e+00	   9.9758625684031055e-01	   6.8477797598413603e-01	   4.7414697034483366e-01	   5.8795893330949534e-01	   6.7744704754503893e-01	   2.1451606099890358e-01	   4.2080024587486076e-01	   2.5995936774406564e-01	   2.7710147384925721e-01	   3.5409062946467990e-01	   5.1459428741661029e-01	   5.9047357708153214e-01	   6.4922065783627103e-01	   4.4336232136995946e-01	   5.0008625175525423e-01	   3.5998965114679904e-01	   3.7689094031882192e-01	  -1.1483208335328274e-01	   9.5161431863857601e-02	   9.2411922677124142e-02	   1.5753090179002807e-01	   3.4022430257970743e-01	   2.9429502953836717e-01	   2.7245462784316071e-01	   4.5013146397414072e-01	   5.0878660307594870e-01	   1.6131681122256669e-01	
   3.0621498643642447e-01	   7.5005547480247847e-02	   7.0714134674618589e-01	   5.4494109004209768e-01	   0.0000000000000000e+00	   1.0120055622443282e+00	   9.0442881655663709e-01	   6.0573016165470706e-01	   1.1907339218756465e+00	   5.5487187829658535e-01	   4.1526281246428531e-01	   1.4504079778970394e-01	   5.7952053400630654e-01	   3.2007882538508314e-01	   3.5565938041655598e-01	   3.0481588790553882e-01	  -5.9608186254469578e-02	  -1.0410990050376125e-01	  -7.2920742134806427e-02	  -4.1729207603662673e-02	   3.9801274145608190e-01	   5.0530051088439332e-01	   4.7846656009422484e-01	   4.1609507682887870e-01	   5.3784881677817653e-01	   5.7996963101955001e-01	   4.2950620878430834e-01	   6.2275932127233813e-01	   1.7448582873496007e-01	   4.4211154350120033e-02	   5.8630440843879394e-01	   4.8211688243759332e-01	   3.2769318405288528e-01	   2.5973477999767336e-01	   3.7129105135461205e-01	   3.0501615023363671e-01	   3.1463669957285258e-02	   1.7643193025338602e-01	   2.3862676675834343e-01	   3.0670575056791322e-01	   4.7806476821683340e-02	   1.7487212623797604e-01	   3.4449194902732466e-01	   2.3134042357199563e-01	   4.2982824930341346e-01	   4.1093331433822833e-01	   2.7437615626005302e-01	   2.3011288557562104e-01	   2.8871278618321311e-01	   2.5303764909968873e-01	   4.5865200674294737e-01	   2.7833136595238867e-01	   3.0678657288474265e-01	   3.7502419280280130e-01	   2.7352524071070450e-01	   2.7833638497683033e-01	   3.3323656989870394e-02	   1.6121723855369710e-02	   3.0181378402305625e-01	   2.2356041186693204e-01	   3.7230527256943430e-01	   3.2122265189364096e-01	   1.8392203514089012e-01	   2.6288820755674042e-01	   3.9353611233937547e-01	   3.7187896999228182e-01	   5.0800396214624721e-01	   4.8966167867210242e-01	   2.4057306640858900e-01	   3.5683994897051580e-01	   1.4556661644226107e-01	   1.5100073352428717e-01	   1.2998834343264609e-01	  -1.1519800719213000e-01	   1.3929653445984383e-01	  -1.0218491556582748e-01	   2.5967234968822400e-01	   2.3793364399432709e-01	  -3.2843021004154663e-02	   1.4357903974837806e-02	   7.6020012364795664e-02	   2.6315909926346104e-01	   3.4567393137907698e-01	   2.5010552849694923e-01	   2.9335254173832703e-01	   3.6281313660167336e-01	   2.1234979269995916e-01	   1.9860178305592793e-01	   4.3606204516095148e-01	   3.4017322130902511e-01	   4.7434330886327247e-01	   5.2287174369559708e-01	   3.8839509299852104e-01	   7.5356816189187859e-01	   2.7277786021458328e-01	   2.2928966692645270e-01	   2.3530825691766999e-01	   1.8962321815583763e-01	   2.3286603918959764e-01	   3.0052694203656410e-01	   5.7147375631337227e-01	   5.3260702350360634e-01	   4.4075478728547002e-01	   3.3985926504913500e-01	   2.1290531608958435e-01	   1.5676520853522655e-01	  -1.9100366228061838e-01	  -1.0299151959604323e-02	   9.6605910550302987e-02	   5.1052494214140071e-02	   2.6148511619419884e-01	   2.7471057150831696e-01	   1.8569751810395652e-01	   2.9316317555425120e-01	   2.7327982940773687e-01	  -2.4574241213962900e-02	
   1.6387845369640380e-01	  -4.5474270517444418e-02	   3.6863702859456010e-01	   7.2237882149178290e-01	   1.0120055622443282e+00	   0.0000000000000000e+00	   5.3281789796898227e-01	   6.8554645122849789e-01	   7.2564081733153962e-01	   7.6359984468397346e-01	   4.5140597364951701e-01	   2.5576982764776357e-01	   5.7926932451654722e-01	   5.2497865115725662e-01	   2.4028330921056082e-01	   3.8299915853040506e-01	  -2.0933395007630620e-01	  -2.3084208506216569e-01	  -2.0351669535294709e-01	  -1.4245829348372788e-01	   1.2932585711326161e-01	   4.6867230750788919e-01	   2.2814714455986090e-01	   3.8695544701206414e-01	   3.0061376756497971e-01	   5.1477086162834151e-01	   4.6117622512529188e-01	   9.8784204602910630e-01	  -6.5562633453612518e-02	  -1.6254993585374369e-01	   2.3834291891093506e-01	   2.9733094009341610e-01	   1.5825929411505766e-02	   7.4571975723690676e-03	   1.9283786934748595e-01	   2.6671486598422833e-01	   5.5576685596128800e-02	   2.9388235914348115e-01	   2.1098413353753664e-01	   4.1975176410424053e-01	   9.3822897424530413e-02	   3.6407191803467026e-01	   2.2108916940907650e-01	   1.2787466343583465e-01	   2.5986287439798944e-01	   3.1719857769577053e-01	   1.6159070659334998e-01	   1.7078154259957457e-01	   2.8098041731586898e-01	   2.6048619549467278e-01	   4.3366434212913485e-01	   3.4114872462973644e-01	   3.6031344867169229e-01	   4.6628551935425128e-01	   3.7220657769551946e-01	   3.0612827080231625e-01	  -1.4152967426927493e-01	  -1.1675697541780806e-01	   4.5303682575455678e-01	   4.5688602353594188e-01	   4.4585923777495573e-01	   5.5090194690324568e-01	   1.6279903627385528e-01	   2.7737987673370057e-01	   1.6665714893577105e-01	   3.9471656784714620e-01	   5.4462916760216262e-01	   6.3977038500928329e-01	   1.0324356127131128e-01	   3.1248328072284975e-01	   8.0972926276408605e-02	   1.4455845543055665e-01	   2.7015439767770377e-02	  -1.9924890570862924e-01	  -9.2951253060195763e-02	  -1.6992490258786347e-01	   8.0884715729548112e-02	   1.4589345205049437e-01	  -2.4857973774071346e-01	  -1.2792212681600257e-01	  -6.8256458298636163e-02	   1.4360847978953661e-01	   2.8351299748883352e-01	   2.8058844854637921e-01	   2.3468396733721469e-01	   4.6524042529376347e-01	   2.2405769704968298e-01	   4.0698175744134224e-01	   4.1158782850266140e-01	   5.7831699662180713e-01	   7.7098700052160629e-01	   3.5564849984049474e-01	   5.5253705272025400e-01	   5.3219158395864974e-01	   4.7682606101710462e-02	   3.3391245509507017e-01	   9.7621879034045372e-02	   1.0331758522896115e-01	   2.8152845323594067e-01	   2.3138707084572041e-01	   7.7279304671679161e-01	   6.7032435321951378e-01	   5.2238878345041073e-01	   6.1370339883554426e-01	   4.4688190454536858e-01	   3.3984432688772087e-01	  -2.9382827298682287e-02	   1.1367894939114002e-01	  -3.7734992335131771e-02	  -1.1127314968886004e-02	   1.2599362854192420e-01	   2.1164318618596836e-01	   2.9684176431430526e-01	   3.5229324103192228e-01	   4.5477823161035508e-01	   2.6452207535051286e-01	
   5.7983395350325473e-01	   1.8563905513470411e-01	   1.2236541294889969e+00	   8.3667224812704866e-01	   9.0442881655663709e-01	   5.3281789796898227e-01	   0.0000000000000000e+00	   1.0923667608403576e+00	   1.2186184941215708e+00	   6.4047112249159244e-01	   6.6294606492554442e-01	   4.4732360419742145e-01	   8.3035609991818360e-01	   5.6909733736373469e-01	   6.7113233441946629e-01	   5.8767983995003692e-01	   1.2821913138913404e-01	   1.5615388254532053e-01	   1.6664192424973506e-01	   1.3317113591654750e-01	   3.5787898027634318e-01	   4.1040721165311805e-01	   6.8305067957584342e-01	   5.8077538750137792e-01	   4.4860256410769034e-01	   6.3416664837847525e-01	   1.6123531315095657e-01	   1.7540285164888175e-01	   4.1811879026937598e-01	   3.2508380719570512e-01	   9.2955164695853143e-01	   9.7601741661766239e-01	   6.6822349547501303e-01	   5.8537968155325881e-01	   5.2301724591251131e-01	   4.6421158237763704e-01	   2.9323117981798741e-01	   2.7748945896795885e-01	   4.7739888953233212e-01	   4.5124555216535522e-01	   1.7119297223833432e-01	   2.2408703317812093e-01	   3.3791712761797743e-01	   2.4892591823026861e-01	   4.2640694484622810e-01	   3.8541448657787886e-01	   2.9127646237391247e-01	   2.3970995462464875e-01	   2.1326466425265800e-01	   2.4336992265034377e-01	   4.7279073110249215e-01	   2.9829894505720489e-01	   2.2248988147405022e-01	   3.2935674976601181e-01	   3.2636893366679987e-01	   3.9530910264861313e-01	   1.9193122660518971e-01	   1.1136468202434412e-01	   2.7029108896032711e-01	   5.6441372975763071e-02	   5.6171017639813803e-01	   3.9780598592920052e-01	   3.3831264147881146e-01	   4.7657313319542705e-01	   6.8396829267163062e-01	   5.8283005800686172e-01	   5.4351796871261593e-01	   4.9341221855543882e-01	   4.2939998150362402e-01	   4.7653247747828281e-01	   3.9057806486736157e-01	   5.1321248209881132e-01	   4.2596956779002204e-01	   1.9466285642855188e-01	   3.8585300122882293e-01	   1.5360273618943818e-01	   5.3680774138995258e-01	   4.8177554139674317e-01	   1.9940947581148721e-01	   2.8892624416665991e-01	   3.5758459205609566e-01	   4.4840174183915704e-01	   4.2591982506575926e-01	   3.9921210384813954e-01	   5.5031615675667434e-01	   5.0319106331447039e-01	   2.8760188307376527e-01	   2.0299170166081956e-01	   7.3531653094843097e-01	   4.6599697139108653e-01	   4.1749500100208675e-01	   6.4834765668660144e-01	   4.3692248841546211e-01	   8.7213507591546369e-01	   2.5962299171634445e-01	   2.7791387175574961e-01	   3.5782287408008079e-01	   3.3845019121800352e-01	   2.7888742914581299e-01	   5.0850983380367787e-01	   4.7729494871916001e-01	   6.1297153189844689e-01	   3.3758116902472957e-01	   3.1404870898334936e-01	   1.8090726919497319e-01	   2.1759495840007925e-01	  -2.4487932450124111e-01	  -1.0462492915925782e-01	   1.9731498837103364e-01	   1.1699234495959487e-01	   4.0883005408120576e-01	   3.4697734568540289e-01	   2.0262701027287941e-01	   3.3609560342977612e-01	   3.4388014348243845e-01	  -2.3740704795947544e-03	
   5.4966474780082786e-01	   1.3561171872235317e-01	   6.5116028236421331e-01	   1.1884594432479449e+00	   6.0573016165470706e-01	   6.8554645122849789e-01	   1.0923667608403576e+00	   0.0000000000000000e+00	   8.0349535695161256e-01	   9.2078601615686184e-01	   7.5761361775056757e-01	   6.0625585625634382e-01	   7.0651848512965110e-01	   7.0930270022484254e-01	   4.4701636954218621e-01	   6.3787786749422926e-01	   4.1630024055120091e-02	   2.7111999048715946e-02	   1.1856291427187994e-01	   9.3128460035660915e-02	   1.1475998642679311e-01	   2.6270452942187561e-01	   4.4073822777966587e-01	   5.9445672783728110e-01	   1.7149256726044335e-01	   5.5271595916108984e-01	   2.6375804675720090e-02	   1.6520689410671840e-01	   2.4229540898293328e-01	   1.7208241027237409e-01	   4.4478838437993112e-01	   7.1480385568231208e-01	   4.1954971303124933e-01	   4.5321038001886560e-01	   3.4501929326350800e-01	   4.1866428129318212e-01	   3.2047468780445681e-01	   3.3339005728921223e-01	   4.0261489596094024e-01	   4.3862629196594510e-01	   2.0167501188169568e-01	   3.7427654694821311e-01	   1.7933456464189601e-01	   9.0774668361151639e-02	   2.7624331182510520e-01	   2.6599101829252741e-01	   1.7240600251078259e-01	   1.3801028336279667e-01	   1.2230950510634440e-01	   1.5518422393206438e-01	   4.0686106763676827e-01	   2.6774357792816256e-01	   2.4152016496781065e-01	   3.9612427406795098e-01	   3.7133764404223801e-01	   3.7956296452608440e-01	   1.1869300508589076e-01	   5.4774976605906744e-02	   3.4142141289725064e-01	   2.3544625855741780e-01	   7.4136407295298734e-01	   7.5720384420746045e-01	   4.8197638997587516e-01	   6.9066264169492830e-01	   4.2189917228859114e-01	   5.6778549061438977e-01	   5.8854436626589135e-01	   6.3186547465681997e-01	   3.4328599226706485e-01	   5.2126136488853181e-01	   2.6774858948640928e-01	   4.3099658879772718e-01	   3.5078606877962931e-01	   1.3600813770414896e-01	   2.0898178553302554e-01	   1.1539652357022823e-01	   3.9067440350823618e-01	   4.2480488962350271e-01	   7.3794608871584649e-02	   1.3351659305692451e-01	   3.1540337443106975e-01	   3.1976505364685587e-01	   4.0413673939322314e-01	   4.2912571584892228e-01	   6.2451353428024470e-01	   6.8693884782265702e-01	   3.3934422553157823e-01	   3.9493208014344910e-01	   7.0863924922271404e-01	   7.7075070852034822e-01	   8.1059317892230454e-01	   5.5910968051336052e-01	   7.8671319732415468e-01	   7.2557863194736805e-01	   2.5115076483614723e-01	   4.3515220382637099e-01	   2.4905311839586652e-01	   2.8792539368054149e-01	   3.4588169277504510e-01	   4.5612294487050392e-01	   7.7136816103162165e-01	   7.6521383629588891e-01	   4.9733000697216118e-01	   5.0412686524307082e-01	   3.7957460949182215e-01	   3.0463657572115949e-01	  -6.6259347719201431e-02	   8.2563564697918271e-02	   1.6472025396024631e-01	   1.5849569235774838e-01	   2.9748214124499966e-01	   2.8519736871830426e-01	   2.2916751996542889e-01	   3.3865225801691817e-01	   3.9134306126833696e-01	   6.9165314478196072e-02	
   4.6683390324177088e-01	   1.6382007818407568e-01	   9.3549545853684579e-01	   6.8733452825805907e-01	   1.1907339218756465e+00	   7.2564081733153962e-01	   1.2186184941215708e+00	   8.0349535695161256e-01	   0.0000000000000000e+00	   8.4153266773776270e-01	   5.2542141332449532e-01	   2.9122500094297615e-01	   6.6720455865227135e-01	   4.7276220795110641e-01	   6.7192050293082917e-01	   5.5735439488924265e-01	   6.2483711340538720e-02	   5.7232271125557399e-02	   8.3930200701684526e-02	   8.3437788606231564e-02	   4.2241013117918413e-01	   5.7459080858374434e-01	   6.8395634025268426e-01	   5.4044112697045499e-01	   5.1136884299911767e-01	   6.0772846501380218e-01	   2.9821924190481264e-01	   3.2520591141543653e-01	   3.3688024472410028e-01	   2.3163558378560362e-01	   8.4454768567469829e-01	   7.4495753664076869e-01	   5.1961253471008795e-01	   4.8003127170477300e-01	   4.0398190155005276e-01	   3.2955065201293271e-01	   8.9404527990460364e-02	   2.4230594332375169e-01	   3.3274752522799483e-01	   3.7011491241084510e-01	   1.1572138722019316e-01	   2.0561730578630347e-01	   3.5457084566753899e-01	   2.6118117382655165e-01	   3.8678276523484134e-01	   3.7618057065848415e-01	   3.1154149441981854e-01	   2.8820273033434513e-01	   2.7610492808335496e-01	   2.6521863748442021e-01	   4.5000679665640192e-01	   3.0251964382300633e-01	   2.7000471050328206e-01	   3.9746210373608371e-01	   2.8733759334281245e-01	   3.2057969137867898e-01	   1.3733300816554522e-01	   8.8936140143038064e-02	   3.3149753027470064e-01	   1.8175420340741952e-01	   4.9175604236809117e-01	   4.6170855907637665e-01	   2.1756065792175927e-01	   4.0746006198191115e-01	   5.4796218018219223e-01	   4.3545875715471682e-01	   4.8626540764766524e-01	   4.2422267793436469e-01	   3.4295496117294433e-01	   4.0221358433272747e-01	   2.8046624271909387e-01	   3.9274211886152632e-01	   2.8496878913517060e-01	   5.0651433896913747e-02	   2.7651301333438877e-01	   2.0278013360371609e-02	   3.4694224102440530e-01	   3.4823021549715311e-01	   1.4709437099858561e-01	   1.8473174590266128e-01	   2.3706892592644896e-01	   3.8218636586299903e-01	   4.8121749512453460e-01	   3.6508977456431213e-01	   4.5025177327583876e-01	   4.0926526033788779e-01	   2.9792970471995939e-01	   2.4419649096887727e-01	   6.8389552783791352e-01	   4.0346283746564815e-01	   4.4725468424593734e-01	   6.3516642343415264e-01	   4.0028882548694883e-01	   8.7177873409032347e-01	   2.8409963871192756e-01	   2.3185524825006745e-01	   3.4160307008075036e-01	   2.5322295496756009e-01	   2.6385893480181266e-01	   4.5678916800474367e-01	   4.8977466636024580e-01	   6.6956335426127900e-01	   3.6893687633148836e-01	   3.6150314404557671e-01	   2.1351881234100234e-01	   2.4048044138046587e-01	  -2.1667124647741084e-01	  -2.5595969077378631e-02	   1.6911721940331231e-01	   1.7412451829076606e-01	   3.5731753181885706e-01	   3.6359255651625255e-01	   2.6024149717018097e-01	   4.3078027729930218e-01	   3.2955441294312632e-01	   4.0315714770548981e-02	
   2.0424085455605998e-01	  -1.1982128563041720e-01	   4.7950362315846629e-01	   7.9195579547682726e-01	   5.5487187829658535e-01	   7.6359984468397346e-01	   6.4047112249159244e-01	   9.2078601615686184e-01	   8.4153266773776270e-01	   0.0000000000000000e+00	   3.4856077062316643e-01	   2.6999676162556308e-01	   3.3801012453695195e-01	   5.4613685263185863e-01	   4.3727333459429696e-01	   7.2171068100611913e-01	  -3.3851159384205276e-01	  -2.8025994499914297e-01	  -1.3101706202982516e-01	  -1.3210552318864799e-01	   6.9978741634534491e-02	   2.8069492009753472e-01	   3.5389983335131897e-01	   4.0242680082261573e-01	   9.8753187180314894e-02	   2.9829721106173601e-01	   9.8696759178482737e-02	   2.3401203144382560e-01	  -6.6713038710179501e-02	  -9.1369337156145855e-02	   3.0945251840701005e-01	   3.6107563929529873e-01	   9.6353329241016430e-02	   1.0501005971763845e-01	   1.1653933660983010e-01	   1.3612883058044253e-01	  -1.9748100361762816e-01	   5.8780537308950220e-02	  -1.2387511328296408e-02	   1.0914892136142663e-01	  -1.0515351756219744e-01	   9.3785449421576780e-02	  -1.2240570058098484e-04	  -8.1675164611667364e-02	   5.9795429008811527e-03	   2.9475323109719797e-02	  -3.5565358210947612e-03	  -3.0279047029328422e-02	   4.4662126191938899e-02	   3.9223378846092449e-02	   1.6937375808333119e-01	   1.1419097195903959e-01	   1.0662160261345636e-01	   2.1842795852740804e-01	   1.1440148426363507e-01	   6.6035602456953335e-02	  -2.1700802019959209e-01	  -2.5002996781682474e-01	   2.7738131788303971e-01	   2.4360073092813611e-01	   4.9697520130334105e-01	   9.0113586067614126e-01	   8.9972051185726223e-02	   4.0654978438691108e-01	   3.2609374107416195e-01	   4.4294374401753756e-01	   2.8898903442766444e-01	   2.7488873328200908e-01	   1.0635111558054620e-01	   2.4289508504661717e-01	   1.9491628415556753e-02	   1.3248869797305210e-01	  -3.4708818130539311e-02	  -2.2455610866377437e-01	  -1.2084567042983559e-01	  -1.8338293481896392e-01	  -8.0886291964219481e-02	   3.2736094100433370e-02	  -2.1659702027813341e-01	  -1.5531135547619318e-01	  -4.3565343192573866e-02	   6.2951320323625160e-02	   2.6588083909143201e-01	   1.5500107928644088e-01	   2.5798322558381498e-01	   3.0911925951388119e-01	   8.5740538654192816e-02	   1.3802992482009399e-01	   4.4357793307933568e-01	   4.9383336139708311e-01	   5.2192837488470778e-01	   3.8211429545507436e-01	   4.9695436496638512e-01	   5.8667968950210680e-01	   9.7614914262233746e-02	   2.4067276473452476e-01	  -1.0634446381370323e-02	  -8.4694861331819596e-02	   1.0489145439808131e-01	   1.3692510602555655e-01	   5.3782159232698457e-01	   7.5106753175746221e-01	   2.7348385496873784e-01	   3.6515868667354445e-01	   1.6496646393824543e-01	   1.7553543012447123e-01	  -9.8392597520465280e-02	   1.1038946906955519e-01	   5.2309340042414075e-02	  -2.6922756338922379e-02	  -3.2762650515223507e-02	   7.8279958925132745e-02	   1.9731736242041703e-01	   2.9201125590282206e-01	   3.9209791772831210e-01	   2.3556747180240262e-01	
   8.2031514213184975e-01	   3.5532002745690960e-01	   4.4001337883895603e-01	   7.1492573857105579e-01	   4.1526281246428531e-01	   4.5140597364951701e-01	   6.6294606492554442e-01	   7.5761361775056757e-01	   5.2542141332449532e-01	   3.4856077062316643e-01	   0.0000000000000000e+00	   7.9966768198233096e-01	   1.1871212810825547e+00	   6.6239139015033555e-01	   3.0898181976210692e-01	   3.9659779410844281e-01	   3.4343897175344251e-01	   2.8272239458923865e-01	   3.0112448121569657e-01	   2.5537556442289827e-01	  -4.7625845141936178e-02	   9.0953979385248351e-02	   1.9833368166083207e-01	   3.2982467202363397e-01	   3.7220099109587850e-03	   2.0850840437140292e-01	   2.3485653062038418e-02	   2.1619060997308712e-01	   4.0478918806754455e-01	   2.6282978703212845e-01	   2.6188488365685775e-01	   5.0353935395831295e-01	   2.8233648324023530e-01	   3.1659322443257604e-01	   1.3983052613589675e-01	   2.3547295314748595e-01	   4.4081106199411835e-01	   2.6136555766763025e-01	   5.3160793179026866e-01	   4.5424324806939081e-01	   3.8584435279499629e-01	   4.3083386081834968e-01	   1.7033160247306450e-01	   1.3302295741788947e-01	   1.9520161199509953e-01	   2.4717445334857169e-01	   1.5544825474576851e-01	   2.0351095360000687e-01	   9.5445276343078478e-02	   1.5179660594971706e-01	   3.2797617217170383e-01	   2.3226067540456499e-01	   2.6434558646175199e-01	   4.3264172488237029e-01	   3.7980704762083767e-01	   4.3540429926730301e-01	   3.9352168517984354e-01	   4.0798614504753206e-01	   3.7787971609846494e-01	   2.5568216887529405e-01	   9.0141230498113711e-01	   5.1757939185047019e-01	   1.0022365337209613e+00	   8.8153422905761869e-01	   1.8975048740985029e-01	   2.0385775082863836e-01	   5.5397241972859468e-01	   5.4641772459986848e-01	   3.5289300963430581e-01	   4.6997456931250048e-01	   5.0512494954869180e-01	   5.8075193601979236e-01	   6.3092095224785294e-01	   3.5265304215221827e-01	   4.3646408714429130e-01	   3.3228434772400561e-01	   7.3822208489700780e-01	   7.7477536027305860e-01	   2.3490699388384845e-01	   2.4965506265771387e-01	   3.6528940952288658e-01	   3.6097011966344267e-01	   2.6750823646449068e-01	   4.1420876562443365e-01	   4.7764883444178463e-01	   5.2392083486748109e-01	   4.5583218784271506e-01	   4.9080085936737250e-01	   6.1576995823189962e-01	   6.4291593435917727e-01	   4.6475550995769094e-01	   2.6371929560771906e-01	   3.1882724930675060e-01	   3.4401581365093797e-01	   1.8414534632640148e-01	   3.3412814890831183e-01	   2.6004178903787878e-01	   4.4305284336861711e-01	   3.4344086687246589e-01	   5.1671480799361225e-01	   4.8302931415478645e-01	   4.4985087891953124e-01	   5.1701416214281326e-01	   5.4211139400102892e-01	   4.3984806508302859e-01	   2.7100351580730969e-01	  -4.8699340413120157e-02	  -2.7861156262009558e-02	   1.0280643886464544e-01	   1.5343873001823410e-01	   2.8269410241018977e-01	   2.2519475364085725e-01	   1.3676474495085414e-01	   3.4771637639890474e-01	   1.8383980603502076e-01	  -1.7893657658621434e-01	
   8.4919257565428352e-01	   5.4829724509324462e-01	   2.6505578844621269e-01	   6.1349111438519943e-01	   1.4504079778970394e-01	   2.5576982764776357e-01	   4.4732360419742145e-01	   6.0625585625634382e-01	   2.9122500094297615e-01	   2.6999676162556308e-01	   7.9966768198233096e-01	   0.0000000000000000e+00	   7.4316450656539401e-01	   1.0454936041025016e+00	   4.4813372345053815e-01	   6.9452242007515608e-01	   3.8812596616189488e-01	   4.5574959949481175e-01	   2.6944798810010706e-01	   2.0238021744578835e-01	  -3.8027674341458963e-02	   4.5971344602375078e-02	   1.4801838810221138e-01	   4.2373830884574570e-01	   4.9490324958279180e-02	   2.6447354210451735e-01	   7.3272694181167358e-02	   1.6603766879657147e-01	   3.5922090591088457e-01	   4.4182679334222186e-01	   1.4686978628919373e-01	   3.8442717856621778e-01	   1.9063039489569442e-01	   2.3032009403478126e-01	   9.3673094420837766e-02	   2.3471644359446855e-01	   4.3579999974325767e-01	   4.2929008439213701e-01	   4.9349078281242376e-01	   4.0992012246632686e-01	   5.3212296790250146e-01	   5.6366480796057628e-01	   3.7876640259603030e-02	   2.7646750686612515e-02	   1.3988290764332478e-01	   1.8889002036945329e-01	   4.3379479567886362e-02	   9.1470655720640628e-02	   6.8704170256881969e-02	   1.4801348731599270e-01	   2.3772253303656243e-01	   2.2423858775966621e-01	   2.2558439185751403e-01	   3.9656176174484892e-01	   4.9216986413464348e-01	   3.2432784029282069e-01	   4.4687828507587141e-01	   4.8244600130106124e-01	   3.4835181012724037e-01	   2.8431123486819188e-01	   5.4960658584324040e-01	   4.6423581368362127e-01	   5.0667425852675019e-01	   6.0160380618404519e-01	   5.5355726111000043e-02	   2.6652491795781330e-01	   3.5630663667701856e-01	   4.0626568193447821e-01	   2.8916289167793507e-01	   4.1396496050155573e-01	   3.2141846106497590e-01	   4.6631263679838492e-01	   5.8889746540780241e-01	   4.2559469825216800e-01	   4.7824440703528570e-01	   4.0631071609499514e-01	   5.1656832424835031e-01	   6.5349142186458042e-01	   3.6063087583205478e-01	   4.2539065434587586e-01	   5.5147235996623067e-01	   5.0881591197143805e-01	   5.5965249226246705e-01	   7.2094688558015674e-01	   5.4178920894959992e-01	   7.2871010690551274e-01	   5.1032458137963999e-01	   5.1376638219936621e-01	   4.9381776935749344e-01	   6.4460592201911138e-01	   4.6169203409060483e-01	   1.8081168869284869e-01	   4.1076920987453758e-01	   1.6035009377332515e-01	   1.3047572805833357e-01	   3.5323625530064418e-01	   2.8317621873901655e-01	   3.4669461768599591e-01	   4.4552052902047934e-01	   4.5790977945288414e-01	   3.7059251520180136e-01	   2.9359686229581122e-01	   4.3752473435638317e-01	   4.0550131458489863e-01	   2.9991316080618891e-01	   2.5544754605549869e-01	   7.6306136519799825e-02	   3.3740473890230822e-03	   5.7644055992087688e-03	  -1.5872860476438523e-02	   2.8489816122072853e-01	   2.7648899346029954e-01	   1.6820633859176187e-01	   3.9499839231001199e-01	   2.5727990966151743e-01	  -2.0404692172588574e-02	
   6.6056215627423587e-01	   2.8253115476597340e-01	   6.4809258232093336e-01	   7.5563398173083207e-01	   5.7952053400630654e-01	   5.7926932451654722e-01	   8.3035609991818360e-01	   7.0651848512965110e-01	   6.6720455865227135e-01	   3.3801012453695195e-01	   1.1871212810825547e+00	   7.4316450656539401e-01	   0.0000000000000000e+00	   9.7939934729324052e-01	   5.4797049875801462e-01	   4.7098801649470318e-01	   2.8246561990264651e-01	   2.5832750005494681e-01	   2.2288708091791920e-01	   1.6253352646330854e-01	   8.7177530375103507e-02	   2.7646836495253801e-01	   2.6836669285593628e-01	   3.6696744162505929e-01	   2.0813511512651736e-01	   3.6768991562381431e-01	   2.2092399103264576e-01	   3.9360518580457882e-01	   3.8594526636779747e-01	   2.6614270766294157e-01	   3.8307419771827694e-01	   5.3925775371861417e-01	   3.1871871447769701e-01	   3.3576086070014416e-01	   2.6121763523368946e-01	   3.2052604629685527e-01	   4.2729036279129762e-01	   3.1132016257725315e-01	   5.6514265481053871e-01	   5.0726377301737680e-01	   3.9526502100799710e-01	   4.1404287860600386e-01	   2.6017669944637112e-01	   2.0612764834523736e-01	   3.1062003932293214e-01	   3.8286971529639890e-01	   2.1680568126482685e-01	   2.6056783436520947e-01	   2.2137342060846157e-01	   2.7566415294390928e-01	   4.4826377276217833e-01	   3.3637717183638072e-01	   3.3021872814114034e-01	   4.4057961896063347e-01	   4.4408538360375693e-01	   4.5969057393190432e-01	   2.8840426593124147e-01	   2.9856742656324214e-01	   4.6464588678675178e-01	   2.5378075983615617e-01	   8.0118923482660720e-01	   4.0546428752638908e-01	   6.6134689151232018e-01	   5.0351924872887899e-01	   3.0422035231762967e-01	   3.6787141285719094e-01	   5.9601430100155517e-01	   5.7801217761636559e-01	   3.1831300623299968e-01	   3.7244034003155468e-01	   6.2282351697938776e-01	   7.1490774169647997e-01	   6.0333847647129513e-01	   3.8796279885592622e-01	   5.2574306194485099e-01	   4.1381672012797072e-01	   7.2695983513941032e-01	   6.5003334736664808e-01	   2.1073525590515604e-01	   2.9421598110483543e-01	   3.0125446759450913e-01	   4.0202243202888183e-01	   2.7553445727664538e-01	   4.0706061322037168e-01	   4.9523636351965417e-01	   5.4270679925050280e-01	   4.5967529314110328e-01	   4.5650404777387232e-01	   7.3659432138655512e-01	   6.2044654322726156e-01	   4.6481734028307420e-01	   3.3292470774002469e-01	   3.3590610592920728e-01	   4.3894997463537044e-01	   2.5560239343985502e-01	   2.7765041549488695e-01	   3.5056525352752205e-01	   4.0780722805694419e-01	   3.2900842905663558e-01	   5.3410306985465572e-01	   4.7139100722406668e-01	   3.6128118299164086e-01	   4.3947809556529388e-01	   4.4855711201716686e-01	   4.1918204179227991e-01	   3.8087322368954246e-01	  -7.1895161710172614e-02	  -8.0439105027239804e-02	   2.2054205713013209e-01	   2.3296180848104897e-01	   3.4304717549634833e-01	   2.0841055280600443e-01	   2.1291969980626335e-01	   3.0017192403022919e-01	   2.9403044549267754e-01	  -5.2188311218462954e-03	
