   0.0000000000000000e+00	   9.8265100300250852e-01	   4.1488418247522035e-01	   3.4303878684027722e-01	   3.6544542419023018e-01	   2.3447138866408404e-01	   3.7379072051427081e-01	   3.7853448730010503e-01	   3.8414066186602924e-01	   2.7245006259937854e-01	   9.8496378907600513e-01	   5.7568602022281878e-01	   7.7160243195828426e-01	   6.7155165358065116e-01	   6.6799675410046544e-01	   3.8530042218401195e-01	   4.4054676532132786e-01	   5.5063847876385030e-01	   9.1206241508030961e-01	   6.7074554279283360e-01	   2.2739805962700807e-01	   2.7256125670368891e-01	   3.5893591289072974e-01	   2.2077691216443276e-01	   1.6234558790878936e-01	   5.4704900948291592e-02	   4.2033150330386121e-01	   2.3763985531571638e-01	   2.7989635529508033e-01	   1.8891932131142608e-01	   4.2687041656948727e-02	   1.0830381998838633e-02	   3.3408769642021902e-01	   2.7270468962684080e-01	   2.2643257870501932e-01	   2.0767914627840522e-01	   3.4788690169288983e-01	   3.0904002751649917e-01	   6.1198572143592755e-01	   3.5444030847647107e-01	   4.0820176260389801e-01	   4.5623563803672174e-01	   6.6349230292969918e-01	   5.4551356647493465e-01	   2.8778387369756009e-01	   1.9874392473471325e-01	   6.4276245542535770e-01	   5.5971628872562762e-01	   4.0085147268549909e-01	   4.6279874180257446e-01	   5.4138896184045915e-01	   4.7967396631383979e-01	   6.5281262752692226e-01	   7.1822774367985953e-01	   6.2589442446111465e-01	   6.6126579979560285e-01	   8.6446327575818238e-01	   7.7941304732676653e-01	   7.2255746747313188e-01	   6.7305769249579117e-01	   3.8884098053160232e-01	   2.5740593057468170e-01	   3.1927415084286070e-01	   3.2584911038875286e-01	   2.3360524667519172e-01	   5.1844892829177307e-02	   3.3674137633180207e-01	   2.2478756903644670e-01	   7.9008156768581150e-01	   6.4128232295562237e-01	   3.2002100073769879e-01	   4.5960523907311523e-01	   2.9278341515132950e-01	   4.0127653731223634e-01	   2.4823532930089737e-01	   8.0225078865621233e-02	   4.4300515514614575e-01	   3.4621668794690041e-01	   3.4145396301369368e-01	   4.3451251915348232e-01	   4.4317109996676751e-01	   6.8328589346256063e-01	   5.3253004355284905e-01	   5.1800864828389437e-01	   3.3553552331417430e-01	   3.0522909487501126e-01	   3.3301642477388355e-01	   3.0091873742342423e-01	   6.0830177065210012e-01	   8.3139471598552583e-01	   5.3110593320386512e-01	   6.0112982676915117e-01	   3.4620512749927385e-01	   2.4759635199245530e-01	  -6.7334893327701789e-02	   1.3978687451500338e-01	   7.1534110140784882e-02	   1.5435727138100964e-02	   3.1435635702397546e-01	   4.9181588168483592e-01	   4.0827338811612174e-01	   2.9617255862411385e-01	   1.7556136819241308e-01	   1.4606044386585318e-01	   2.3326405100615030e-03	  -1.7440102857298595e-01	   1.5298905856091494e-01	   3.2002481514917712e-02	  -8.4358778066700807e-02	  -1.1465256068948845e-01	  -9.0998958460325616e-02	   1.3217183781745101e-01	   1.5918876199763041e-01	   4.5414597611580572e-02	  -1.3324270276633821e-01	  -6.1574229487557912e-02	
   9.8265100300250852e-01	   0.0000000000000000e+00	   3.5858202841550069e-01	   2.6452717266430165e-01	   2.3983329498970066e-01	   6.1477258676890509e-02	   1.6253224636974939e-01	   1.0416921805107898e-01	   6.3744822016655739e-02	   8.8251602186561945e-02	   5.6181731212232422e-01	   5.9448594940213040e-01	   3.6985217670346565e-01	   5.5287214420706843e-01	   4.0035076211214893e-01	   2.4045466990377973e-01	   5.5073750319140424e-01	   6.0511602072876336e-01	   8.5436986091620315e-01	   7.7384827209680829e-01	   3.0251843116429639e-01	   3.1387242290132988e-01	   3.2110602587937992e-01	   1.6124050802941781e-01	   1.8315132684770530e-01	   2.3676422072342773e-02	   3.3420786107743694e-01	   1.4617231471714670e-01	   3.3385205088923126e-01	   2.5939582745650563e-01	   1.7934581271280453e-01	   4.7614401915040197e-02	   1.9156907068316431e-01	   1.5652627329626292e-01	   2.2808598873187530e-01	   2.2477663349365484e-01	   4.4292574369509191e-01	   4.6919343940089103e-01	   5.4587115494810601e-01	   5.5737619389301785e-01	   3.0089210458326160e-01	   5.3203807682001580e-01	   4.6531466854212628e-01	   5.5946457207778422e-01	   4.5580008702197139e-01	   4.0602200889438889e-01	   5.2742012800575000e-01	   4.6224019944642447e-01	   4.9874924356455252e-01	   5.7125623976413908e-01	   4.6257498801264973e-01	   5.2330351260786179e-01	   3.7518971906661663e-01	   5.4602154791395008e-01	   5.3796184417948456e-01	   7.1593977355946936e-01	   8.8367781144328816e-01	   1.0775810257322771e+00	   4.8034077888534854e-01	   6.8386632650127821e-01	   1.7891634551369012e-01	   7.9333033525640098e-02	   3.8269113996235665e-01	   4.0502717853934084e-01	   9.3528330720129921e-02	  -1.7763877238667092e-01	   3.1986123581435338e-01	   2.2162836066129860e-01	   7.3613400715033606e-01	   5.4218295113391379e-01	   2.8445108125179630e-01	   4.0860793900652326e-01	   2.5570219002478395e-01	   3.9163974694112169e-01	   6.3657015913918660e-02	   7.6413672007289463e-02	   1.4203658497565724e-01	   3.9121864556201938e-02	   3.4363388817355006e-01	   3.3550495289430077e-01	   4.4479284835580568e-01	   5.8167290215417322e-01	   3.9300145280778365e-01	   5.3633144683939271e-01	   2.7971932275758227e-01	   2.9613525987192829e-01	   2.1716978139857460e-01	   4.0121334435179701e-01	   3.5850069638771531e-01	   7.8100203059894602e-01	   2.0378203433404407e-01	   1.8856192324229371e-01	   2.9475411519088508e-02	  -2.1514220491775822e-02	  -8.3359950346584444e-02	   1.5649994241787446e-01	   8.9989063450761474e-03	   3.7493280961979222e-02	   1.4497822635089591e-01	   2.6002374433590608e-01	   2.6931532665393110e-01	   1.7846744683175533e-01	   7.0996144293358460e-02	  -4.5437194637774410e-02	  -1.9715108157515288e-01	  -2.9693373168466980e-01	  -5.1463240645973497e-02	  -1.7795106525857290e-01	  -8.7526010694773289e-03	  -4.6677965880663863e-02	  -1.7900215588473492e-01	   1.0167243221170451e-01	   4.3120399980324312e-02	  -1.2186421891381213e-02	  -3.5850146121282112e-01	  -1.8247702473070115e-01	
   4.1488418247522035e-01	   3.5858202841550069e-01	   0.0000000000000000e+00	   8.6522558577014985e-01	   8.2904390035775943e-01	   5.2085350832953381e-01	   8.8154776036010829e-01	   3.3799527444181671e-01	   4.3530405060636873e-01	   4.6267385616771584e-01	   1.7473125190923020e-01	   7.3475523633924011e-02	   3.3120851594249234e-01	   2.1337940152139509e-01	   6.6401666350288013e-01	   5.0105777868809487e-01	   6.3626910971226858e-02	   2.0483259811522420e-01	   7.4774809302379186e-01	   6.5496799439422138e-01	   6.3642002600895675e-01	   4.7587618298023571e-01	   1.1941126096204688e+00	   7.1103609169087456e-01	   7.9696424681473266e-01	   5.4553128905760517e-01	   5.2843292169274259e-01	   4.3172314743005813e-01	   2.9524461557183018e-01	   2.6751319643974752e-01	   7.3354758387628172e-01	   6.7732024081447706e-01	   6.1878855702664692e-01	   4.1125371886421835e-01	   6.6093878726645872e-01	   5.3963093557768960e-01	   3.2798095391588161e-01	   2.7453244497263157e-01	   5.9321927400832830e-01	   3.8997917257467940e-01	   4.7844686995280655e-01	   3.6878213047566943e-01	   5.3405250433786566e-01	   4.4593017933673906e-01	   4.6480836980304657e-01	   3.6152804464384131e-01	   4.3717563278582511e-01	   3.3706525655311326e-01	   4.0042118011004613e-01	   3.4704607126490644e-01	   5.2527051483576714e-01	   4.8114213476635387e-01	   4.6200029512433727e-01	   5.6045480580142759e-01	   4.5597364885383002e-01	   4.6496585625959297e-01	   3.4254802763462894e-01	   5.0089273375528554e-01	   4.4895096406366397e-01	   2.7779861318712612e-01	   2.3889778734409312e-01	   7.7803894034750742e-02	   5.5577261510203792e-02	   1.9878841909689943e-01	   7.8864807719130225e-01	   2.0456990433962471e-01	   7.0420705154046304e-01	   4.5678041067196851e-01	   7.2252774035801748e-01	   4.8530950366583336e-01	   4.5029783155173508e-01	   4.0039169275823372e-01	   2.0681122179825581e-01	   1.6133072129117812e-01	   1.4233184095360726e-01	  -5.8300483664425272e-02	   2.7957752863379459e-01	   2.2290954467791363e-01	   1.0498334736947389e-01	   1.8189334496483053e-01	   2.1009481822076315e-01	   3.0026846300813342e-01	   6.1409017978690916e-01	   5.2389366548103256e-01	   4.9653389548075022e-01	   4.5561690943926170e-01	   3.6586227421424250e-01	   3.4102456927469904e-01	   7.9451929819467682e-01	   6.5039688982136301e-01	   5.7306979306773387e-01	   5.5119495897276183e-01	   4.8461601061802900e-01	   5.3099347696112054e-01	   3.0141370111372280e-02	   1.9312832627428214e-01	   1.5971802768522922e-01	   9.9778808498581006e-02	   2.7374588666835814e-01	   3.3565611430657244e-01	   3.8010233668299526e-01	   5.0529525122857966e-01	   2.6538188714692573e-01	   2.4885944554540879e-01	   1.2768634172196308e-01	   2.5777799881852827e-02	   1.0352728438020523e-01	   2.2461324412900641e-01	   2.8581976087516406e-02	  -9.5872044310568744e-03	  -6.4715802067216777e-02	   1.5739714646763356e-01	   1.3766640922296836e-01	   1.0644001344027222e-01	  -1.5781971285035185e-01	  -2.1945331174355900e-01	
   3.4303878684027722e-01	   2.6452717266430165e-01	   8.6522558577014985e-01	   0.0000000000000000e+00	   6.0062658701388860e-01	   6.6810846373431154e-01	   6.3711365977252454e-01	   6.4627697771402115e-01	   4.4152230020782263e-01	   5.6990404224969959e-01	   1.5780316991027274e-01	   1.9518376307139410e-01	   2.2754091322837766e-01	   3.8707184964306823e-01	   4.5219756482988954e-01	   5.9353325338595209e-01	   1.8155108981331083e-01	   2.0379705021794300e-01	   7.0851917064164127e-01	   7.8062927498659473e-01	   7.7307003562708043e-01	   7.8568279508400474e-01	   8.3009926527281541e-01	   9.3037594821821523e-01	   7.5020369025066835e-01	   9.0254795891015549e-01	   5.6447069347644419e-01	   4.9165095949276028e-01	   2.9789101198265566e-01	   3.9318345642736169e-01	   7.5005314515982524e-01	   8.7513560098108023e-01	   7.5824343696278651e-01	   7.5933648385799624e-01	   5.9309427257921965e-01	   6.7049795556143443e-01	   3.5792219148290222e-01	   1.3239388392501611e-01	   5.6899737066222100e-01	   4.2040198820945812e-01	   5.4859294189896812e-01	   3.4096342858987672e-01	   5.0929646277851159e-01	   4.1665360224577253e-01	   4.7280055462926829e-01	   4.5551745145122802e-01	   4.2188622462285874e-01	   3.5374628460544327e-01	   3.8949284425677638e-01	   3.7031519000886759e-01	   5.6727457584380425e-01	   5.5735092990159685e-01	   5.5229666904476526e-01	   6.1010624901983723e-01	   3.8386435092044990e-01	   4.8025918112901489e-01	   2.3366736408736136e-01	   3.4054085247905724e-01	   3.5521451275493077e-01	   3.9994999517342639e-01	   1.5582142714504921e-01	   1.6398374830944232e-01	   8.3035601457474004e-02	   1.1185427454624094e-01	   5.0146961685363023e-01	   4.7584499198919583e-01	   7.0615969492717778e-01	   6.7121337928875002e-01	   6.3316487590809389e-01	   5.6115996091158582e-01	   3.8101355306106544e-01	   2.5524288341709567e-01	   2.8178286377137385e-01	   2.7923480008991236e-01	   1.2376648033340329e-01	   5.8172621689229431e-02	   2.4160220139741689e-01	   1.6987907268412278e-01	   2.7493164396681036e-01	   3.3977813633423587e-01	   3.5817311835529453e-01	   4.6225693343235591e-01	   6.5427039345674098e-01	   6.2352050723549324e-01	   4.7638483386461106e-01	   6.4020362548320908e-01	   3.8427646042329083e-01	   4.1538397415779316e-01	   4.4998059281119218e-01	   5.9657638540785340e-01	   5.5062727644323961e-01	   3.1450897763601265e-01	   5.1785791774430834e-01	   3.2066647204642029e-01	  -1.2412706037622945e-01	  -2.4791140231422232e-02	  -1.1437561087346673e-01	  -1.1892883401471409e-01	   4.6477577997574238e-02	   1.2687319948199829e-01	   4.1243587136050192e-01	   2.1114081131772239e-01	   1.4119134675983061e-01	   3.8363267024609661e-02	   6.7758022246697969e-02	   5.2736980422874773e-02	  -8.0264913792981465e-02	   2.2531399713099137e-01	  -1.7251438593754007e-01	  -1.9345310575696528e-01	  -2.4860612360537904e-01	  -1.2184063544447064e-01	  -1.4518197905110369e-01	  -1.5443749095613318e-01	  -1.9961562145458708e-01	  -4.0027323274042437e-01	
   3.6544542419023018e-01	   2.3983329498970066e-01	   8.2904390035775943e-01	   6.0062658701388860e-01	   0.0000000000000000e+00	   6.8471400825844131e-01	   6.0685553157333205e-01	   3.7027463735822735e-01	   7.0642982911034591e-01	   3.5637758731284652e-01	   3.1513059672191263e-01	   1.4071771899646141e-01	   3.8572270264768199e-01	   3.3539024357975716e-01	   6.5535785450804362e-01	   6.0421816890413882e-01	   7.5632899272485468e-02	   8.2956365235314647e-02	   4.6923722833724107e-01	   3.3076202361362789e-01	   5.2928861178107622e-01	   5.0411040559510878e-01	   8.5477921163048731e-01	   6.3042455394217756e-01	   5.2564706522238180e-01	   3.6876391119228985e-01	   7.7960152574247366e-01	   5.9259524699087529e-01	   9.2352163317149114e-02	   4.5430238860945257e-02	   3.4782731676408596e-01	   3.6200981348585787e-01	   3.7062822999408029e-01	   1.6971613046583156e-01	   7.3592010553114617e-01	   6.1252417173986862e-01	   4.3694003486980915e-01	   1.4628569493164464e-01	   5.3282478431736113e-01	   3.4380757652154575e-01	   5.1836492849328342e-01	   2.5851842855898166e-01	   5.4513662963548670e-01	   4.4647770321430358e-01	   4.1395641575500947e-01	   4.1424686895784868e-01	   4.2579393794708231e-01	   4.2433330063897506e-01	   3.6607916534068174e-01	   4.4593295221568702e-01	   5.7567865098211979e-01	   4.5125508974199702e-01	   5.9061034730730877e-01	   7.0536909516678103e-01	   4.5361033492303759e-01	   4.7053372360903756e-01	   3.2110076009256400e-01	   2.7273805101690629e-01	   4.2523378640460929e-01	   3.5321146580736124e-01	   2.8433231219113769e-01	   1.5925481196963656e-01	  -2.6969235543482812e-02	  -2.1404631815419174e-02	   9.7083717647783252e-01	   4.1906974234061739e-01	   7.4745941080722178e-01	   5.9771690097074970e-01	   4.8207313702239862e-01	   2.0910493022451471e-01	   3.2521832238981513e-01	   4.3231253257335733e-01	   9.6117374417571039e-02	   1.4401887857418591e-01	   2.5329813158331244e-02	  -1.4054226024883798e-01	   2.0423643528615634e-01	   2.6335367082143257e-01	  -3.0986137792056754e-02	   1.8047509988647606e-01	   1.8980242300268008e-01	   3.3464699075286475e-01	   6.7201038057605378e-01	   5.3586940171126729e-01	   7.5417233634380287e-01	   5.8808955136127405e-01	   6.2123613267557276e-01	   5.5891697535189455e-01	   8.7223449096220307e-01	   6.3554465822502704e-01	   7.9436296945772855e-01	   7.8361075211822939e-01	   7.6620299624883226e-01	   6.4326660466447294e-01	   7.3172634489960753e-02	   2.6443462394396183e-01	   1.2699330663926059e-01	   8.6988283411471495e-02	   1.9469352610733970e-01	   3.5120011231313963e-01	   4.0020081224630305e-01	   4.9343249254342519e-01	   1.8241004329447932e-01	   2.9650539787948632e-01	  -4.0106558783650000e-02	   6.6937020784899257e-03	   5.4295483192134411e-02	   6.6957799890812963e-02	   7.2245302723717070e-02	   4.7389229166039486e-02	  -1.0517513628063567e-01	   1.2774827323478338e-01	   2.2183036397065581e-01	   1.8651007196877323e-01	  -1.3775800837607741e-01	  -2.6616727470561236e-01	
   2.3447138866408404e-01	   6.1477258676890509e-02	   5.2085350832953381e-01	   6.6810846373431154e-01	   6.8471400825844131e-01	   0.0000000000000000e+00	   6.4383517876154772e-01	   6.1035673023522463e-01	   6.9058445690033377e-01	   8.5482372956106589e-01	   2.3083971002949683e-01	   1.8037720491899037e-01	   3.3691501387024358e-01	   2.7342657065430886e-01	   5.5014323280815025e-01	   6.7274617272822002e-01	  -1.5581139274393080e-02	  -1.0554689815316390e-02	   3.4905386084926038e-01	   3.5922781980171292e-01	   5.4350776461166117e-01	   5.2353710574265810e-01	   5.3967217407724799e-01	   4.7219482453728562e-01	   2.9907098598055454e-01	   3.6856801949077223e-01	   4.7597385713923879e-01	   5.9891416656814478e-01	   1.8787827319133327e-01	   2.5643382230722195e-01	   3.3173366742678057e-01	   5.0768183072689299e-01	   5.1380473047133146e-01	   4.3158686104062172e-01	   4.0999445444831800e-01	   4.3792907195128161e-01	   2.5819599792445075e-01	  -1.0648769954843539e-01	   4.0920334898513389e-01	   2.1317409218449546e-01	   3.7784656081057433e-01	   8.1200549475671444e-02	   5.9097112780299144e-01	   4.9594155551322500e-01	   4.2355959123981513e-01	   4.1622821415379807e-01	   5.8154131145229226e-01	   5.1351086899100395e-01	   4.2782257336890861e-01	   4.0190059277832613e-01	   5.1305655305409448e-01	   3.8463003246403571e-01	   6.4422606397340010e-01	   6.7264352774188629e-01	   4.3298550276610431e-01	   3.9760984880242772e-01	   1.4112847012349619e-01	   1.3455768575949198e-01	   4.7763669723923707e-01	   3.9404257344788685e-01	   4.8578685094322849e-01	   3.5614346686281756e-01	   1.5065265106978057e-01	   1.0295459894769846e-01	   4.4582056950756771e-01	   2.7728681869342614e-01	   5.2794450878661503e-01	   5.1611847034723879e-01	   3.9073504237132717e-01	   2.7319806772518362e-01	   2.3701957801292883e-01	   3.1859421288232276e-01	   6.0745945979144331e-02	   1.3538189275019477e-01	   5.3121721008619845e-02	  -1.2355755363382803e-01	   1.1891303928357400e-01	   1.2054628252452858e-01	   8.9367350334960988e-02	   1.4858230385280544e-01	   1.6411019274812547e-01	   2.2706241088024406e-01	   5.1973765809437045e-01	   4.5183635559921420e-01	   2.4630647961199342e-01	   2.3678383339456616e-01	   4.3841560869147833e-01	   2.5425933533104061e-01	   5.3839034660079677e-01	   4.7671233300110732e-01	   5.7304568513837850e-01	   3.8660004896103123e-01	   4.4014269942873119e-01	   3.3076774624849697e-01	   5.0744310477496529e-02	   1.6279112100142695e-01	   6.0359265400853963e-02	   1.9506351403758469e-02	   1.7402105776007545e-01	   2.0492194079465492e-01	   2.9350581027392936e-01	   2.4317110218371532e-01	  -1.6730123172504600e-02	   4.7659020861576612e-02	  -1.4017715845911166e-01	  -1.4071413493677559e-01	  -6.4397232888886061e-02	   1.4733026778429520e-01	   2.9796472320607569e-02	   8.6238057867776829e-03	  -3.4510483661912526e-02	   9.1017036453991285e-02	   1.4576427183992252e-01	   5.4397119991929088e-02	  -2.2256558684546571e-01	  -2.9067053033310997e-01	
   3.7379072051427081e-01	   1.6253224636974939e-01	   8.8154776036010829e-01	   6.3711365977252454e-01	   6.0685553157333205e-01	   6.4383517876154772e-01	   0.0000000000000000e+00	   8.1534782139837381e-01	   8.3240439045960957e-01	   8.3120040986484423e-01	   3.6150309934283281e-01	   3.7048235785928096e-01	   6.2810411470241090e-01	   4.2789109778240014e-01	   5.5628254271833621e-01	   5.0977981569022579e-01	  -3.5289575906493807e-02	   5.6687951270711821e-02	   5.7870117852498881e-01	   5.7872558887927505e-01	   3.1628957392466489e-01	   2.3619544853599467e-01	   5.3968453081434364e-01	   2.8832528617841091e-01	   2.2296164258154602e-01	   1.8102588415176085e-01	   1.5620909845274078e-01	   1.7501675343410503e-01	   3.0234429335322627e-01	   4.2142210961067539e-01	   2.5961155901777699e-01	   3.6588123373602083e-01	   7.9843105102013712e-01	   6.4748258934377878e-01	   1.7684442544774628e-01	   1.4177658386851505e-01	   1.0801585793583188e-01	  -9.2410611148636926e-02	   2.7030170853781044e-01	   3.9992495252417326e-02	   1.5635717134543467e-01	   1.0474158142403928e-01	   5.3321748299306215e-01	   3.8835709779778271e-01	   2.8341364465370888e-01	   2.1518736352644410e-01	   4.7008226879396131e-01	   2.9167115845969505e-01	   2.7514999721797778e-01	   2.4797101346003275e-01	   3.3510201434691095e-01	   2.0925626018740803e-01	   4.6282040923751405e-01	   4.0452147227029206e-01	   3.3130623288438732e-01	   2.1972089406086215e-01	  -4.3799105540000466e-02	   1.1330516138505520e-01	   6.2439235562955608e-01	   3.5453838972774404e-01	   7.2487489880182265e-01	   5.1494497244247883e-01	   2.7070611432208014e-01	   4.4104412117417602e-01	   5.8151737955230376e-01	   1.3069251083038433e-01	   4.1207547970868535e-01	   3.4423583171285382e-01	   4.2774145227803551e-01	   3.1642212772605288e-01	   3.7947020704368484e-01	   3.4982527628469906e-01	   3.0719823608687502e-01	   2.9502576362785199e-01	   1.8097710522250554e-01	   1.7822727692067394e-01	   4.3138331418343545e-01	   4.0114615149736232e-01	   8.9007916497791467e-02	   4.3891975752870002e-02	   1.8872273593949487e-01	   2.3498517129098911e-01	   5.1511897998871126e-01	   4.3997699760633785e-01	   3.3790042212476484e-01	   2.7602035592301555e-01	   2.9102948119594152e-01	   5.0070904039166093e-02	   6.9264764973394788e-01	   4.0123235993570505e-01	   5.3720723055830988e-01	   3.9741954626965825e-01	   3.3277918703359349e-01	   3.2894410916498440e-01	  -2.1033635920353355e-01	  -4.2734057380385944e-02	  -8.0215731188226697e-02	  -1.5970473962991483e-01	   1.4572673320343305e-01	   1.3020860464173689e-01	   2.9561105141068805e-01	   2.8882764996012089e-01	   1.0529737229708484e-01	   7.8107516695326978e-02	   6.4727787940813714e-02	   1.6082881411688135e-01	   6.4624886999591624e-02	   3.7759004094884330e-01	  -2.2247169950387197e-01	  -3.1035797089338069e-01	  -1.7108798761264421e-01	  -7.1190498053047335e-02	  -7.1308608831244430e-02	  -1.8308567227526448e-01	  -1.4190991506549522e-01	  -2.2931974347084755e-01	
   3.7853448730010503e-01	   1.0416921805107898e-01	   3.3799527444181671e-01	   6.4627697771402115e-01	   3.7027463735822735e-01	   6.1035673023522463e-01	   8.1534782139837381e-01	   0.0000000000000000e+00	   9.3254817689204272e-01	   1.0589320056230371e+00	   4.4221382256960184e-01	   6.5697253938854427e-01	   5.4357013432466705e-01	   6.1891295450516037e-01	   5.1648191374450203e-01	   6.5451883838393765e-01	  -5.2316731734504150e-02	   1.5169255504984762e-02	   4.5023004149779167e-01	   4.6444396252837405e-01	   2.0278484798030963e-01	   3.1813594742675461e-01	   3.4966675473204789e-01	   3.5243829754281186e-01	   4.5546974355964866e-02	   1.9028089517175001e-01	   1.3432789184784205e-01	   1.2524944359555754e-01	   8.1821630808109905e-02	   2.7253121750396248e-01	   6.0838795345740097e-02	   3.1979391260420637e-01	   6.2820821019952655e-01	   6.5440847148569115e-01	   2.2056889447220555e-02	   8.0664046034971251e-02	   7.1494431057977838e-03	  -3.6635970990377009e-01	   2.4298958944711113e-01	  -1.0907691475734747e-01	   1.4994306583288625e-01	   8.3198731756941424e-02	   3.6839612811370770e-01	   2.5825049571974440e-01	   8.0308197063889988e-02	   1.1696305617509353e-01	   3.3080606082156727e-01	   2.3186446721656501e-01	   1.2635435590924732e-01	   1.8470994458647708e-01	   2.9313315459036882e-01	   2.0804345949916730e-01	   5.6921797761241533e-01	   4.1950931263913160e-01	   1.7196845307430628e-01	   1.5753974173661930e-01	  -7.8803736023534132e-02	  -3.3545471357795391e-02	   4.6458133182670791e-01	   4.5196032629179561e-01	   7.1959498069249783e-01	   9.9142868130477824e-01	   1.4765266435224583e-01	   2.3663229006253395e-01	   4.1909416321715171e-01	   5.3018048863884037e-01	   1.6397198369768726e-01	   2.5981019704967651e-01	   3.2334297395951567e-01	   3.3417775178076936e-01	   2.9264657114030729e-01	   2.0175479259556592e-01	   1.6517694139481381e-01	   2.8660446947705992e-01	   1.1834445387335950e-01	   1.5662324255594740e-01	   3.9098710395534209e-01	   3.7338454802001758e-01	   4.2131927618727222e-02	   1.0423278267749328e-01	   1.5517943449513355e-01	   2.4329276051380658e-01	   4.1377203506386800e-01	   3.0021730678387187e-01	   2.6813805487701320e-01	   2.6335484487480032e-01	   1.9202814765547419e-01	  -2.0860291574927056e-03	   4.5414098042454509e-01	   3.2726660910722549e-01	   4.6379309355470688e-01	   2.6244141442128616e-01	   3.9182702026540306e-01	   1.9066882653526032e-01	  -3.3111480873020982e-01	  -2.2471291802731497e-01	  -3.0116671868753442e-01	  -3.5655513427938640e-01	   2.9254063925634524e-03	   2.6784920437067476e-02	   3.0545437789111446e-01	   8.0208673571107600e-02	  -1.2026459493978767e-02	  -1.1606591236613711e-01	   2.7445360789993808e-02	   9.6911445499801602e-02	   2.9534545727726767e-02	   3.1016943068750463e-01	  -3.7756618267280545e-01	  -4.9393612065400527e-01	  -4.0277850770530149e-01	  -2.6609221461879773e-01	  -2.1641565473022509e-01	  -2.8536342468588272e-01	  -5.7225358589541434e-02	  -2.3119894407345815e-01	
   3.8414066186602924e-01	   6.3744822016655739e-02	   4.3530405060636873e-01	   4.4152230020782263e-01	   7.0642982911034591e-01	   6.9058445690033377e-01	   8.3240439045960957e-01	   9.3254817689204272e-01	   0.0000000000000000e+00	   8.8999888724415332e-01	   4.3230062851171847e-01	   4.2436629970820028e-01	   7.4341389152645687e-01	   4.0472337742248060e-01	   7.4109085774868166e-01	   5.6703801951887156e-01	  -9.8589450347222773e-02	   4.1747556911827660e-03	   3.1506065433742408e-01	   2.6618640207276750e-01	   1.9986740082166682e-01	   2.6110729395783655e-01	   3.9253677619955923e-01	   2.3261234219563495e-01	   3.5722196688453965e-02	   1.8843990059683787e-03	   2.4554483354172016e-01	   2.0660237108692112e-01	   8.2983535122372304e-02	   9.4897812781806506e-02	  -5.8854692227654000e-02	   8.7559584916507324e-02	   3.2363409713921742e-01	   2.2966505219803190e-01	   2.0444352650281314e-01	   2.2767271810023038e-01	   8.9483986785164671e-02	  -1.3430708291502647e-01	   2.5791821631451661e-01	  -3.2344650644290679e-02	   2.0310920844913816e-01	   7.0437823195227123e-02	   4.4747251796594634e-01	   3.3035217342708811e-01	   1.0009625852716129e-01	   1.1828843342464483e-01	   4.5728240599473802e-01	   4.0762884441238639e-01	   1.7548603007452679e-01	   2.2410701949585421e-01	   4.6412732699603387e-01	   2.4821154835874110e-01	   7.2825824234559400e-01	   5.6621220920719950e-01	   3.5049927642111245e-01	   2.4506820983802308e-01	   2.5260873963859872e-03	   1.2133342659997791e-02	   6.5528166661564169e-01	   3.7764456266817142e-01	   8.0560834378639901e-01	   6.5753109441541446e-01	   1.6492008008476908e-01	   1.9736978195976945e-01	   5.8245367454930308e-01	   3.2458631954541028e-01	   2.8920331248824982e-01	   2.7156975934497346e-01	   2.8627692114471159e-01	   1.7864747527248173e-01	   2.8676823900367809e-01	   3.4335678041418710e-01	   5.8649644248731120e-02	   1.7466841873145084e-01	   2.7033935571030735e-02	  -1.1301336579404851e-02	   2.3033428483896340e-01	   2.6841467000595853e-01	  -1.9837889605070925e-03	   1.0808443111896904e-01	   1.5268006684275826e-01	   1.7380253884269578e-01	   3.9740651689474144e-01	   2.4726300903881399e-01	   2.5286122633790786e-01	   1.7102445860627630e-01	   2.9442116388793643e-01	  -3.6111458911277816e-02	   5.9634155468505345e-01	   3.2674095617931009e-01	   7.2125813670886341e-01	   5.8126874066002754e-01	   5.3538011677964636e-01	   4.4011842139579688e-01	  -7.1133177474088968e-02	   1.1754579773812285e-01	  -4.6106323470918406e-02	  -8.0245022065988589e-02	   1.8301528486700891e-01	   2.3012398451563984e-01	   3.3546834593780878e-01	   2.8381531607052068e-01	   7.9555624629532959e-02	   1.3968385188958091e-01	  -7.3758307476193649e-02	  -3.8443105449216704e-02	   2.1179060116875764e-01	   2.0780312455893973e-01	  -8.0693913441567122e-02	  -1.2991460910920671e-01	  -1.6264011006611756e-01	   3.9636150632538003e-02	   1.0272685007489293e-01	  -4.1678346414831556e-02	  -1.0952943305169675e-01	  -3.3284041880680443e-01	
   2.7245006259937854e-01	   8.8251602186561945e-02	   4.6267385616771584e-01	   5.6990404224969959e-01	   3.5637758731284652e-01	   8.5482372956106589e-01	   8.3120040986484423e-01	   1.0589320056230371e+00	   8.8999888724415332e-01	   0.0000000000000000e+00	   2.8294057951327778e-01	   4.3837438641177995e-01	   4.8999474108578323e-01	   3.6477234303445294e-01	   6.3648729342452226e-01	   7.6905775055599557e-01	  -1.1304141077610499e-01	   2.1257922432096555e-02	   3.7466330853580199e-01	   4.7769377637589677e-01	   3.0499720521202095e-01	   3.3249069626250571e-01	   4.4037442761205975e-01	   3.1556918200918027e-01	   1.2716430046247229e-01	   1.4625105850385903e-01	   7.2498363550419734e-02	   1.3749620815548314e-01	   2.3244717535892553e-01	   3.7710421254185744e-01	   2.3778863028868250e-01	   4.5314729487293681e-01	   5.2076715727319545e-01	   4.7207457243922923e-01	   9.8875723820270656e-02	   1.8256683802855975e-01	   5.3180068571160533e-02	  -2.7048122783882333e-01	   2.1376129576367575e-01	  -4.3938394048352980e-02	   1.7132221696153926e-01	   7.7823534263958480e-02	   3.0548494114314861e-01	   2.0797149332758399e-01	   7.0790071333022148e-02	   8.5071077572436524e-02	   3.4928892866860245e-01	   2.1625888017638059e-01	   1.7896420943739225e-01	   1.5989931467939178e-01	   3.1644665692856155e-01	   2.3590979476904528e-01	   5.8298095802683880e-01	   3.9915914401106367e-01	   2.0571521350669891e-01	   1.6326892150420813e-01	  -4.9113222034642710e-02	   6.9870610198483785e-02	   4.8794863772917740e-01	   3.8951141413346224e-01	   7.3463092918589890e-01	   8.5919064493302089e-01	   2.0525029461573388e-01	   3.8349282281653829e-01	   3.1971128593502729e-01	   2.0021386051974358e-01	   1.4841480592836018e-01	   1.6669360207855830e-01	   3.4063351817924437e-01	   3.1943748648554088e-01	   3.6905931304325296e-01	   3.7739093778637023e-01	   1.4028227798323772e-01	   2.5828992577906518e-01	   1.0228834224311603e-01	   5.4797538119379006e-02	   2.3949066209497022e-01	   2.0853275837448534e-01	   9.7732314585670499e-02	   6.1882444310296270e-02	   1.7113784637560189e-01	   1.2966845531959242e-01	   4.2521671658263560e-01	   3.5546765176345080e-01	   2.1913651689740837e-02	   5.2807112865179244e-02	   2.7409730792624659e-01	  -8.9344661599032246e-02	   4.7294952780770028e-01	   4.1841413857975768e-01	   5.1215284172795361e-01	   2.8064262162318515e-01	   3.7308257889662821e-01	   2.1732316448319947e-01	  -1.1823505749928215e-01	   1.1173651968056803e-02	  -8.4274469349366235e-02	  -1.5743475072059931e-01	   1.7116719695354221e-01	   7.2146157565454602e-02	   3.9327137132958850e-01	   1.4924830927606395e-01	   6.1723754887751572e-02	  -8.9350629315822230e-02	  -4.5521359310908983e-02	  -7.5876913643609240e-02	   1.2076625917165526e-02	   2.3153996946604527e-01	  -1.3725271147154111e-01	  -1.9085195864906615e-01	  -2.4124112153256133e-01	  -4.7636850882359236e-02	  -1.8953211451704380e-02	  -1.4119594412677894e-01	  -1.9113671730900306e-01	  -3.4205934807640492e-01	
   9.8496378907600513e-01	   5.6181731212232422e-01	   1.7473125190923020e-01	   1.5780316991027274e-01	   3.1513059672191263e-01	   2.3083971002949683e-01	   3.6150309934283281e-01	   4.4221382256960184e-01	   4.3230062851171847e-01	   2.8294057951327778e-01	   0.0000000000000000e+00	   7.0012069443083091e-01	   1.0426128960361223e+00	   8.8581836308187234e-01	   6.3676028812741536e-01	   4.3529085171475540e-01	   2.7181947298771708e-01	   3.1704234424402095e-01	   5.6241095360658011e-01	   4.1048395178294872e-01	   1.0320032601716747e-01	   1.1821665116231857e-01	   1.8516134543275259e-01	   1.1873066035394347e-01	  -1.2201806943134016e-01	  -1.5307442445002517e-01	   2.7264171883002242e-01	   1.3812367157699065e-01	   1.4477808522206728e-01	   1.6075340598542889e-01	  -1.9040276541059634e-01	  -1.5931557137699051e-01	   2.0359962748547486e-01	   1.5254474004249460e-01	   9.5048172638448614e-02	   1.5572097477815088e-02	   2.6522535993834079e-01	   5.3650231366647871e-02	   3.6667845989870013e-01	   1.1851933889585767e-01	   2.8982743985454057e-01	   3.2265190918742109e-01	   4.3161024054460767e-01	   3.1851177813771736e-01	   1.0788764263989398e-01	   2.1512190772825384e-02	   4.4859250357136465e-01	   3.2099380364229113e-01	   1.2858598557405265e-01	   1.9399695006558790e-01	   3.1763423398555740e-01	   1.5554032196764223e-01	   4.7851963385619212e-01	   4.7033361757412023e-01	   3.3222195647851971e-01	   2.9498514993275532e-01	   3.7297953152565777e-01	   2.9657111469627451e-01	   5.3130054624543488e-01	   3.7919762604479929e-01	   5.3294226553243285e-01	   3.3662976824755586e-01	   2.8733512867310457e-01	   2.1151340832495047e-01	   2.8467805588796019e-01	   1.5751080996699429e-01	   1.6960322969759492e-01	   7.9256641055849952e-02	   3.8708875769442685e-01	   2.9348916383660650e-01	   1.4119999768622046e-01	   3.1107798062456993e-01	   2.3480345683568399e-01	   2.8197443923667675e-01	   2.4121763480726377e-01	   8.7185895509185499e-02	   4.3334484321330774e-01	   3.5101162227687199e-01	   1.6496189645552356e-01	   3.2581412722159148e-01	   3.2995132098401536e-01	   5.2984885421277261e-01	   5.3528229307037611e-01	   4.6328091003477390e-01	   5.1532450199123503e-01	   3.9541439865266487e-01	   3.8264769765062967e-01	   2.5568553779654551e-01	   6.1177007937338856e-01	   6.2284754623791583e-01	   4.2937943381580512e-01	   4.9833395391935542e-01	   3.2507566362098789e-01	   2.0285553435721140e-01	  -2.5176699951712672e-01	  -4.6084289078741181e-02	  -1.8171015966493481e-01	  -1.9028382302998700e-01	   8.1553414090687920e-02	   2.2846983601114543e-01	   2.1487665069303696e-01	   1.6449378685128710e-01	  -8.4828183722702368e-03	   1.0428166735575001e-01	  -1.1015902479934166e-01	  -1.3271979928269773e-01	   7.4776251281030159e-02	   3.2873049825555764e-02	  -2.4274687063066544e-01	  -2.7476017522756130e-01	  -2.6955610853356338e-01	  -8.6759669038191545e-02	  -1.3831495505300096e-02	  -1.3473647739689584e-01	  -2.3110546244693186e-01	  -8.6796503231899663e-02	
   5.7568602022281878e-01	   5.9448594940213040e-01	   7.3475523633924011e-02	   1.9518376307139410e-01	   1.4071771899646141e-01	   1.8037720491899037e-01	   3.7048235785928096e-01	   6.5697253938854427e-01	   4.2436629970820028e-01	   4.3837438641177995e-01	   7.0012069443083091e-01	   0.0000000000000000e+00	   6.3554000869818816e-01	   1.0666464127656703e+00	   3.8119099618072311e-01	   5.2985300075733388e-01	   3.4218478057867313e-01	   3.8365160896228401e-01	   4.5195326065380254e-01	   4.8954343635282582e-01	   1.6558111868334457e-01	   1.0403729783845725e-01	   7.4460152820034958e-02	   8.8171592733279330e-03	  -2.4285959501173260e-01	  -2.1441989164344960e-01	  -5.6675352591670301e-02	  -1.4766200109496247e-01	   4.0892779385797290e-01	   5.0163663608816178e-01	  -7.4504881819979774e-02	  -9.0600086794080884e-03	   2.9496075319273302e-01	   3.5984786023574450e-01	  -7.2413119309946775e-02	   4.3134068598375290e-03	   1.0567854854176756e-01	  -5.2226785088249988e-02	   2.0643004683045019e-01	   9.0705415553289620e-02	   1.9662050335856662e-01	   2.6026740599653087e-01	   3.7016193206718018e-01	   3.9482798064914371e-01	   2.3288956744357089e-01	   2.8664137136493079e-01	   3.6630752815169965e-01	   2.8513156873432810e-01	   2.9272498326047780e-01	   3.6999263875793176e-01	   2.6323781483452918e-01	   2.1172690517667295e-01	   3.9293677359976797e-01	   3.0401333917165257e-01	   2.5226496027527623e-01	   2.8751601189254394e-01	   9.8483956558187230e-02	   1.9823909389525327e-01	   5.1162689667765471e-01	   6.4793553117121050e-01	   6.0216847645263105e-01	   7.7775302142690883e-01	   5.3852937593398109e-01	   6.0131327355420316e-01	   9.2837877319654885e-02	   5.9112435580188714e-02	   1.0830915570545202e-01	   2.2292942419538558e-01	   2.1032152101967913e-01	   1.3577035653823424e-01	   2.5406279505070961e-01	   1.8715967550353763e-01	   3.0307364677256898e-01	   3.9991672283052554e-01	   8.6911457444882975e-02	   2.5916205269942522e-01	   2.7741181682350735e-01	   2.4883641391777864e-01	   2.3565671960587864e-01	   3.0835026589296699e-01	   4.4240727832899424e-01	   4.9595118237554231e-01	   3.9257234482760262e-01	   4.7073247289847631e-01	   2.8587499908013769e-01	   3.0335114934712348e-01	   2.8142244052688625e-01	   9.6226715516925410e-02	   2.9296864338081263e-01	   3.9306792884627217e-01	   1.8811320840929902e-01	   1.3035190536927221e-01	   1.5325339944181119e-02	  -1.3972439213800847e-02	  -3.4902323136373342e-01	  -1.8119508381285826e-01	  -3.4606994584054590e-01	  -3.0958180381415429e-01	  -9.8375933292525947e-02	  -6.3228579103411717e-02	   1.9628165560479399e-01	   5.4318370334789375e-02	  -3.6155896084065157e-02	  -6.2041936034264562e-02	  -1.7563536461061532e-01	  -1.3480605378370564e-01	   1.7737096135766201e-02	   5.9049982827002544e-02	  -2.9406869083316101e-01	  -3.7616317097182406e-01	  -3.6636571170942278e-01	  -2.4918073926760051e-01	  -2.0707484392940437e-01	  -2.5167086972899511e-01	  -1.9825610334355637e-01	  -1.5358845261449025e-01	
   7.7160243195828426e-01	   3.6985217670346565e-01	   3.3120851594249234e-01	   2.2754091322837766e-01	   3.8572270264768199e-01	   3.3691501387024358e-01	   6.2810411470241090e-01	   5.4357013432466705e-01	   7.4341389152645687e-01	   4.8999474108578323e-01	   1.0426128960361223e+00	   6.3554000869818816e-01	   0.0000000000000000e+00	   6.7240161839961032e-01	   9.0315559204378204e-01	   5.3422855263749014e-01	   1.3950155870681652e-01	   3.2026136276871464e-01	   4.2327918892732197e-01	   3.4153050700868376e-01	   1.6092221383690364e-01	   1.2287166407011421e-01	   3.0019988355826133e-01	   1.2639962979978120e-01	  -6.2170868988623132e-02	  -1.1510277905648152e-01	   1.8300460436654434e-01	   9.7306895565426876e-02	   2.3534681689556430e-01	   2.2235915402484080e-01	  -1.1545226675227593e-01	  -7.9281160646804169e-02	   3.0366040949972406e-01	   1.8956346146206676e-01	   1.5970754807948476e-01	   9.4706549700249845e-02	   2.1856391808298806e-01	   2.0533484309197211e-02	   4.1606885501782165e-01	   1.1756439118378929e-01	   3.0233051651823534e-01	   2.1837801978811913e-01	   5.7949177684098063e-01	   4.3895777531557789e-01	   1.8930116432396044e-01	   6.3404806549844289e-02	   5.9114086802323285e-01	   4.6810726265861452e-01	   2.7357971423655342e-01	   2.6664692851336524e-01	   4.8521323578321424e-01	   2.4924457418872997e-01	   5.8275472957715890e-01	   5.1195157860370544e-01	   4.2604399969627293e-01	   3.4176224309015846e-01	   2.3637557622612498e-01	   2.0605885471690399e-01	   7.8743493632575123e-01	   3.0651382782087577e-01	   7.5910267296019973e-01	   3.7930360636613697e-01	   3.1715972905305306e-01	   2.8637781320289663e-01	   4.8144030054253328e-01	   1.4681390341929379e-01	   2.6987355430542492e-01	   1.2904451285549398e-01	   3.4516552937977385e-01	   2.4821296961447686e-01	   3.1931853466866117e-01	   4.0683649085329060e-01	   1.9878069974736559e-01	   2.1814276336514524e-01	   2.7861461495462608e-01	   2.3165185498206307e-02	   4.1890591961506018e-01	   4.1480752219363792e-01	   1.9341094402737927e-01	   3.5641483128622492e-01	   2.6974127483013949e-01	   4.0026964960167422e-01	   5.3410952289450231e-01	   4.1029425300369021e-01	   3.8112465558427927e-01	   2.4358629559089118e-01	   3.2477184052389652e-01	   3.1859718406967864e-02	   6.2553196423677815e-01	   5.0791069902436836e-01	   4.5745792983232503e-01	   5.4756179676315375e-01	   3.5022680179295324e-01	   3.6962933687983157e-01	  -2.1431866771821109e-01	  -1.9598208765271904e-02	  -1.4522623641085539e-01	  -1.6733076920001544e-01	   8.0586405901596436e-02	   2.0923161035598439e-01	   3.4450934598336758e-01	   3.1085514846023321e-01	   1.2167534509414686e-02	   1.5096621745693903e-01	  -1.4450701571295207e-01	  -1.6881836593659560e-01	   1.7376519190484224e-01	   1.1557566018057999e-01	  -2.0810136832634163e-01	  -2.3228509560905050e-01	  -2.2848109691304247e-01	  -7.4810431014383658e-02	   2.4013472558492524e-02	  -9.5976910481407218e-02	  -1.7609961551982506e-01	  -2.1011965558124526e-01	
