   0.0000000000000000e+00	   1.4387327882361451e+00	   1.1895459825214505e+00	   1.0528301714746902e+00	   5.7681579184440512e-01	   4.3606096944579620e-01	   1.1232029455754680e+00	   1.0005032065387474e+00	   7.3748179633937017e-01	   6.9879272121566727e-01	   1.3234294289517146e+00	   8.7571370121940739e-01	   1.3476124170461476e+00	   1.1680690336999295e+00	   1.1406775934241002e+00	   9.3533702710130218e-01	   1.0050933303010807e+00	   1.0101739407593737e+00	   1.3305240197319783e+00	   1.1586311445670934e+00	   5.4969528540821933e-01	   5.1335136356429234e-01	   8.0433854102753499e-01	   7.8331840234292549e-01	   7.0227064325177768e-01	   7.1979811640798863e-01	   5.8065989966462972e-01	   3.5912633518003523e-01	   1.1377093742679329e+00	   1.0681663795367193e+00	   9.5608939526719861e-01	   1.0157533702004506e+00	   1.3958742014889391e+00	   1.3352150218402996e+00	   7.6304251414662616e-01	   7.3916990719559872e-01	   3.4445163262831863e-01	   5.8609891885723041e-02	   6.6419218529438939e-01	   5.4749711748499896e-01	   5.1834457548685109e-01	   2.5083255382212621e-01	   6.2884943687369110e-01	   5.9247801258948629e-01	   8.3234293850710839e-01	   8.0156163472690811e-01	   7.2936628533689907e-01	   8.3582936666734886e-01	   7.5057953693277857e-01	   7.8023972679118780e-01	   8.8343690311267631e-01	   7.4004232672175319e-01	   5.4145434970999751e-01	   5.8419828280148600e-01	   6.7947125957114429e-01	   9.4259446974223671e-01	   1.3871038756964031e+00	   1.0688647346134001e+00	   1.2338371787174101e+00	   1.2036967510375414e+00	   1.4038431981341810e+00	   1.3915952844660782e+00	   1.2068116578420525e+00	   1.1451239532527029e+00	   6.8360590247616648e-01	   8.4527745094322471e-01	   1.2276824291635204e+00	   1.1582041673376782e+00	   8.5451059443931932e-01	   9.9000430731222999e-01	   7.0440259785166026e-01	   5.9348945420025179e-01	   6.6045797683109542e-01	   7.3319703862355856e-01	   6.1836439865421611e-01	   7.1857993709239443e-01	   5.6800150816538286e-01	   5.1311615514364284e-01	   9.1133005943519763e-01	   1.0598670996630770e+00	   1.1202382022724355e+00	   1.1406418283902322e+00	   1.1161704706973021e+00	   1.0515987133237299e+00	   9.9204843155115097e-01	   1.1681958581821854e+00	   7.5240565581411711e-01	   6.0563757255684092e-01	   8.5035937646978721e-01	   8.2005272026521325e-01	   4.4850977624322907e-01	   3.3069703730609457e-01	   2.0795883620839198e-01	   3.6524133792825608e-01	   3.1526138328558169e-02	   2.0138446048351705e-01	   3.1208947136804821e-01	   6.8739877184205844e-01	   6.5231635746128791e-01	   5.9457120613509840e-01	   4.6017552053732380e-01	   5.7954314894021497e-01	   3.4521722022362222e-01	   3.4000530668573836e-01	   2.2530382545604688e-01	   2.9349304530540421e-01	  -1.1263950877019410e-01	  -1.4973381550143229e-02	   2.8188430051912416e-01	   8.2353451208973957e-02	   2.7090947746522015e-01	   7.1569564090884874e-01	   3.8214266421500798e-01	   4.8126612167907079e-01	   4.6676601119481487e-01	  -2.6919343175555621e-01	
   1.4387327882361451e+00	   0.0000000000000000e+00	   1.0554912019549219e+00	   1.0331083089861239e+00	   6.6313241062996642e-01	   4.4199581259707416e-01	   8.9026376197422175e-01	   8.9073170637420906e-01	   6.9444744139387860e-01	   6.5974660757137438e-01	   1.0843522539081252e+00	   7.0151973757618358e-01	   9.5727800223748682e-01	   8.9103683417173940e-01	   9.9233552105503819e-01	   8.4855934230328423e-01	   1.1275984749567129e+00	   1.1523357140430841e+00	   1.1624131913307609e+00	   1.0618429046129967e+00	   5.3599351636002202e-01	   4.5343295208330814e-01	   7.4320508300198151e-01	   7.3594401754481042e-01	   6.6703296049801775e-01	   6.7935823378034421e-01	   6.3444866681923828e-01	   4.2891044222073443e-01	   9.5626369894410757e-01	   9.7279810932289945e-01	   8.4168791636934825e-01	   8.3327130885677314e-01	   1.1986183992924935e+00	   1.1625943619670276e+00	   7.2473856322178698e-01	   6.2507526660586521e-01	   2.6930763337845259e-01	   2.1412229281071334e-02	   5.3214531847839952e-01	   4.2739265927258246e-01	   3.6297683261655672e-01	   9.9904138322809033e-02	   4.9886550670268920e-01	   4.7102697130218796e-01	   6.7827329166141181e-01	   6.9529416901201624e-01	   5.9138582259946348e-01	   6.7452888638268538e-01	   6.0070588456861318e-01	   6.4990385787935590e-01	   6.8917963656354719e-01	   5.8375596673588426e-01	   4.3783392346301275e-01	   4.3459789466885040e-01	   5.3891544359705335e-01	   7.4323096367846941e-01	   1.3049156094603018e+00	   1.2061627769205792e+00	   9.2489006172071464e-01	   9.5348119836462364e-01	   1.2133109406615905e+00	   1.1662504226197870e+00	   1.0744586820101760e+00	   1.1438103362126077e+00	   6.8437581946474013e-01	   6.9990666254542833e-01	   1.0705962003894804e+00	   9.8377805617497049e-01	   9.6263299158147630e-01	   1.0530127859994198e+00	   5.2870550493012081e-01	   4.4445440182775886e-01	   4.2517220266095923e-01	   5.8253984922040192e-01	   4.1809505387948698e-01	   5.7167379323612377e-01	   3.4943721850129372e-01	   3.4044009576191908e-01	   1.0747576774814920e+00	   1.1259951698122057e+00	   1.2005820340644495e+00	   1.2433901375782441e+00	   1.0021019799850692e+00	   9.6694348583124246e-01	   1.0292963767227559e+00	   1.0813156895958400e+00	   7.0689278340304984e-01	   6.1350952164418693e-01	   8.4056321499286635e-01	   7.3509290842184360e-01	   3.0926894761894402e-01	   2.4946927287536530e-01	   1.1796078401438595e-01	   2.8553787210430637e-01	  -5.3487123056196344e-02	   1.2096568141979838e-01	   2.6756319078386182e-01	   5.7241570049876667e-01	   4.9569753373188075e-01	   3.9833754568349383e-01	   3.2604321390071050e-01	   4.9090248237088019e-01	   2.2366278317352689e-01	   2.4622786445346084e-01	   1.6780993213790923e-01	   2.9784525329508227e-01	  -2.0382058197973635e-01	  -5.1479733506963228e-03	   2.0141886655962910e-01	   8.0935618771480113e-03	   2.1729644233693821e-01	   5.7761033179567445e-01	   2.4179999335316063e-01	   3.3680397175003107e-01	   3.4263507741126348e-01	  -1.5575394325400999e-01	
   1.1895459825214505e+00	   1.0554912019549219e+00	   0.0000000000000000e+00	   1.3925592456012978e+00	   7.3637708699076532e-01	   4.7635265868785981e-01	   1.5300853400500658e+00	   1.1391845085868004e+00	   1.1543573369485507e+00	   9.4094752830667250e-01	   9.5527864287998754e-01	   7.7393422789070165e-01	   1.2016354287151927e+00	   9.4040071136503856e-01	   1.2663037728668831e+00	   9.9405875111725805e-01	   6.7263923939650205e-01	   8.3991898617250560e-01	   1.4532069459866270e+00	   1.2709297403350508e+00	   6.9132725019885344e-01	   5.9300255178184680e-01	   1.3292867939359898e+00	   1.1834617616650100e+00	   1.0300183301483117e+00	   9.5146672325459181e-01	   8.6607907076323598e-01	   5.0666214153784961e-01	   7.6433866973995135e-01	   8.1746580274237568e-01	   1.2075637794467164e+00	   1.1231690712591904e+00	   1.4006398935372808e+00	   1.3013909399459798e+00	   1.0706822346658378e+00	   9.3912058756758510e-01	   4.4151855500847870e-01	   1.1865900700190818e-01	   8.1438413159709788e-01	   6.6878317630975825e-01	   4.6392976378541684e-01	   3.0117188261039896e-01	   6.9044572560054707e-01	   6.8014147754542398e-01	   8.4824801993581045e-01	   8.2550363517551650e-01	   7.0138450386098461e-01	   9.3970751491714344e-01	   8.0200409265163153e-01	   9.5160043037036068e-01	   1.0643421375291069e+00	   8.7306767651109363e-01	   5.5667524819392822e-01	   5.8943650539391046e-01	   7.5114881582282778e-01	   1.0013768154193088e+00	   9.2412090603241281e-01	   7.7279678651878270e-01	   1.0590109038067053e+00	   1.0314295063640593e+00	   1.0868817951037386e+00	   1.1212119165111509e+00	   9.8625823849935013e-01	   8.7028379712605153e-01	   1.2220564652388406e+00	   1.2010017708980973e+00	   1.3673870307246707e+00	   1.2740704621742900e+00	   8.8547437850466770e-01	   1.0784193531529154e+00	   8.1240369004366275e-01	   7.0639809225941108e-01	   5.8533970985956785e-01	   7.7609460113503292e-01	   5.8579117859074969e-01	   6.5502936351612595e-01	   6.8743378578020220e-01	   6.0499658028403669e-01	   6.3778286929361205e-01	   8.2245721156950502e-01	   8.2562469491962953e-01	   9.1096197949190405e-01	   1.1976733327099915e+00	   9.1485408687677661e-01	   1.1357757841271234e+00	   1.2987795739279080e+00	   9.5910978491610199e-01	   7.2323193988892731e-01	   1.1639990955759272e+00	   8.8068618920726371e-01	   6.9152526197769770e-01	   6.6862706822779450e-01	   4.7857479713958939e-01	   7.8244930291258274e-01	   9.6163137247096825e-02	   1.7419853107778160e-01	   3.8779045642100929e-01	   6.3761565359838068e-01	   7.9450949342299537e-01	   7.6264095518781483e-01	   5.2551442115553826e-01	   7.4205288133476277e-01	   5.0066031329915084e-01	   4.6222861996294090e-01	   3.4070242970131293e-01	   5.6031861773824410e-01	   7.6336546598965785e-02	   1.5830210038088235e-01	   1.5195076221934944e-01	   6.2861010445229515e-02	   4.1809665515043293e-01	   8.5958190453902905e-01	   5.9775698273460698e-01	   6.6860043591896745e-01	   6.5680954017943616e-01	  -2.7804544208307164e-01	
   1.0528301714746902e+00	   1.0331083089861239e+00	   1.3925592456012978e+00	   0.0000000000000000e+00	   8.4368927424814721e-01	   7.3992619026855055e-01	   1.1656347823318747e+00	   1.5694683754080316e+00	   1.0351069719950883e+00	   1.2249546926337425e+00	   9.6925386571941419e-01	   8.2342324037019710e-01	   9.8809554453431125e-01	   1.0675753100936158e+00	   1.3333056091334716e+00	   1.2834406903373488e+00	   7.1284784756557196e-01	   8.6016734463114075e-01	   1.2933369135869404e+00	   1.1772350495016752e+00	   6.6709871240750185e-01	   6.5882606514436703e-01	   1.2012709795842185e+00	   1.4472431486453028e+00	   1.0146072426226449e+00	   1.0707615174479921e+00	   8.2444666180649939e-01	   5.8091104664143089e-01	   8.0258835188097699e-01	   8.9991058683103753e-01	   1.3141187569452342e+00	   1.4178537932722506e+00	   1.4226886352538208e+00	   1.5548656978761208e+00	   1.0855461489494058e+00	   1.0275456844774657e+00	   3.2538499055160364e-01	   6.8772277856367137e-02	   7.0552156333840399e-01	   5.2023681765954366e-01	   5.2211014335856243e-01	   2.8487924223263406e-01	   6.8090244511103415e-01	   6.5817432687620903e-01	   7.5370822374407842e-01	   8.0598468252282729e-01	   6.8170325670800547e-01	   8.5058886600228645e-01	   7.0147785020938958e-01	   8.5591239999097835e-01	   8.9257705912392415e-01	   7.6951400106854584e-01	   5.3382182704019998e-01	   6.1951260404086095e-01	   6.7828610618538887e-01	   8.4940450092220177e-01	   8.2829511479753570e-01	   6.6934208318962818e-01	   9.0975956314530060e-01	   8.5830821393238077e-01	   1.0391326028362382e+00	   1.1263152512176766e+00	   7.9433804368955740e-01	   8.6749321173230276e-01	   9.0818142807780777e-01	   1.0741069267525176e+00	   1.2036819109398744e+00	   1.2125378589518541e+00	   6.9919683831055557e-01	   9.5694315035694399e-01	   8.7820063956190908e-01	   8.1777610808246137e-01	   6.8679282253733298e-01	   8.9769263585776071e-01	   6.7816193905704192e-01	   7.0524930799007768e-01	   7.4527425835423644e-01	   6.8157600105099669e-01	   6.3529790795665753e-01	   8.4002801977340469e-01	   7.8436558723808381e-01	   9.1007425121831975e-01	   1.1200441807519330e+00	   9.2237406539510214e-01	   9.1075461739869346e-01	   1.1415590563685614e+00	   7.1228921857169747e-01	   6.0451643192373117e-01	   8.5195036093231935e-01	   6.9119788256024306e-01	   7.2094470885745854e-01	   5.5930217745625432e-01	   4.9089504149532570e-01	   5.9696188314451171e-01	   4.2289787020431940e-04	   1.1836933913883370e-01	   3.1110413237613566e-01	   5.4143879093281555e-01	   7.8008508237505270e-01	   7.1517023718564987e-01	   4.6455510797567068e-01	   6.4315365307083594e-01	   4.1101558363109125e-01	   3.1837744880877955e-01	   2.4704967011920942e-01	   4.3595190413139112e-01	   3.8227661135699198e-02	   1.0724109352041873e-01	   2.1956611318460628e-01	  -1.9158917359528540e-02	   3.2794441733786484e-01	   7.7135951956636328e-01	   5.2899876502963450e-01	   5.2848658428164175e-01	   6.1845051242191984e-01	  -2.9607526886915986e-01	
   5.7681579184440512e-01	   6.6313241062996642e-01	   7.3637708699076532e-01	   8.4368927424814721e-01	   0.0000000000000000e+00	   7.9444389346566302e-01	   5.1671018445817207e-01	   6.1736095825404902e-01	   1.0058949814241629e+00	   7.9236937431558652e-01	   6.3723144776522433e-01	   3.1379794038999842e-01	   4.9077532152517489e-01	   5.4761802599512888e-01	   9.9893648511102895e-01	   7.0880506129622900e-01	   4.0174080460219885e-01	   5.0295993111131299e-01	   6.2734869083494016e-01	   5.6802002669093776e-01	   4.5288572091307455e-01	   3.8319210135165699e-01	   8.0749159110274416e-01	   7.8051850971621017e-01	   5.4259863434000322e-01	   6.1642391462764523e-01	   8.2147651055499216e-01	   8.1797907940929748e-01	   5.3364032054470523e-01	   3.9918826044809991e-01	   6.1503652534817888e-01	   6.3515159182459802e-01	   6.3627243077365570e-01	   6.4997783479683968e-01	   5.3795729924801150e-01	   4.2109739245727756e-01	   2.4458008847846888e-01	  -1.2312674836427687e-01	   5.5140157797427558e-01	   2.2060929348309513e-01	   3.3811817458327048e-01	   1.5108935696083733e-01	   1.7239565718560831e-01	   1.9307715532401198e-01	   3.4037695178505445e-01	   3.2979206423092788e-01	   1.9376501504157589e-01	   3.4040752912743449e-01	   3.0343206013316293e-01	   4.2004754744325279e-01	   4.4023456531657468e-01	   3.4027098556122942e-01	   5.4951862528137989e-02	   1.7687131529550548e-01	   9.5412285965200280e-02	   4.3785902196435700e-01	   4.5947185387916212e-01	   4.4990795055620236e-01	   4.9839796205930931e-01	   4.8890485988445265e-01	   6.7084371124848008e-01	   6.1405734350921093e-01	   3.5823667269640697e-01	   6.6583684987186864e-01	   6.9871481656114387e-01	   4.6876172294267704e-01	   5.9386682625901621e-01	   5.3572119800781814e-01	   4.7031653979471183e-01	   5.2076733095817707e-01	   3.7197858570523668e-01	   3.1642555749339990e-01	   3.0196770523869026e-01	   4.5116901187202069e-01	   3.0395183352363342e-01	   4.1820190353311382e-01	   3.2518746551719219e-01	   2.4661524034299209e-01	   4.0869059717978495e-01	   4.1317440648089238e-01	   4.4008065866526691e-01	   5.3157902393242462e-01	   6.3440955048646297e-01	   4.4270510733124907e-01	   6.2291377397720427e-01	   6.6622902005904316e-01	   3.7362593561419360e-01	   4.7300325165748003e-01	   5.4718910161207501e-01	   5.3584656387529928e-01	   2.1056659799435851e-01	   2.9381426812192507e-01	   1.5757284025242017e-02	   3.6054210701936440e-01	  -1.9385105167572272e-02	   2.4049144237418153e-02	   1.2157356483397448e-01	   3.6026411195529373e-01	   2.5870335676414546e-01	   3.0646823337735762e-01	  -3.2127193650108896e-02	   3.4595342539619567e-01	  -8.7179583003914471e-02	  -1.4241931046848452e-02	  -1.0501673623314486e-01	   8.1481019754498715e-02	  -6.1882310800066405e-02	  -1.5221293740700371e-02	   2.5107738377303318e-01	  -1.0632160543662691e-01	   6.3970444591905831e-02	   3.4059427396438957e-01	   1.9236629660582877e-01	   1.8308629668430787e-01	   1.6587994573262144e-01	  -2.4255883494378699e-01	
   4.3606096944579620e-01	   4.4199581259707416e-01	   4.7635265868785981e-01	   7.3992619026855055e-01	   7.9444389346566302e-01	   0.0000000000000000e+00	   3.8693879897315764e-01	   6.5468597183300836e-01	   5.9175447586694574e-01	   7.5262363578810165e-01	   4.8469452248328071e-01	   3.3386728025543655e-01	   3.6604061135444521e-01	   5.4498320787345234e-01	   6.8501360338066786e-01	   7.2811839504049081e-01	   3.6956250415328751e-01	   4.5389391139247837e-01	   4.6842398186441714e-01	   4.2933773452351276e-01	   1.6617604708971243e-01	   2.5552535136333299e-01	   4.4047970736878378e-01	   5.4631503919283708e-01	   6.4153451729325650e-01	   8.0163351428372842e-01	   3.9552238581458066e-01	   6.8952775846202119e-01	   4.9267704786268984e-01	   4.9449419376393394e-01	   5.3278719316595813e-01	   5.8726636940628629e-01	   5.5098777925049225e-01	   6.2709010646770280e-01	   4.2640662198515533e-01	   5.0292139107939626e-01	   1.2885814999229261e-01	  -1.2244138492396239e-01	   3.2022029949477776e-01	   1.4695457257373257e-01	   4.3648409066076116e-01	   2.2714043841850129e-01	   3.4847332962192756e-01	   3.6757814245152814e-01	   3.8446893607131161e-01	   3.9704902050431190e-01	   3.5723496946578714e-01	   4.7354069340322896e-01	   4.3842036681286733e-01	   4.9135765352982164e-01	   4.2096375444943446e-01	   4.3800546920051897e-01	   1.9074264555675577e-01	   4.2776171292476689e-01	   2.3061141311113403e-01	   4.1726738402283559e-01	   3.1519028478281430e-01	   2.5206750153728052e-01	   4.1053357517926481e-01	   3.7830630875968935e-01	   4.5445716698073296e-01	   4.7074625323560959e-01	   1.7625683230846914e-01	   5.8228637743448808e-01	   3.4114802616042067e-01	   3.2818200253520285e-01	   4.5922760306436661e-01	   4.8264623998878686e-01	   2.4913193054859223e-01	   3.5323066024916089e-01	   2.9997162477440148e-01	   3.4618270370429083e-01	   3.6530655436529025e-01	   4.8332744025782859e-01	   3.6756519617252226e-01	   4.1555297515741152e-01	   4.3363881845143176e-01	   4.0677208672769233e-01	   4.1143000321754508e-01	   3.2641545804106303e-01	   3.1937994252005797e-01	   3.6526375057056609e-01	   4.5648932207193577e-01	   4.7329483312545972e-01	   2.5982581059869253e-01	   4.0851956369329073e-01	   5.9811824139970958e-02	   1.8974834337527741e-01	   2.6335535927959058e-01	   3.6086151228575197e-01	   4.1961578282136719e-01	   3.0751788784398576e-01	   2.1122611190422705e-01	   2.0355395388192668e-01	   2.7060127678560923e-03	   6.0585280215955314e-02	   1.1048235198863963e-01	   2.9444553068932394e-01	   4.4518042240241540e-01	   4.2119317289034580e-01	   8.9902012244375093e-02	   2.0752876232786580e-01	   1.2435509285147182e-01	  -1.0477688147385403e-01	   8.1588364610232222e-02	   7.1657093896465962e-02	  -2.6288712867659863e-02	  -2.6510101791200603e-02	   2.7984332865286143e-01	  -9.2125880095835749e-02	   1.1084257111437675e-01	   3.7848337494341927e-01	   2.9313419444192634e-01	   1.2521923985974298e-01	   2.4429600152226799e-01	  -9.9502445314814142e-02	
   1.1232029455754680e+00	   8.9026376197422175e-01	   1.5300853400500658e+00	   1.1656347823318747e+00	   5.1671018445817207e-01	   3.8693879897315764e-01	   0.0000000000000000e+00	   1.3398199876545895e+00	   9.9229548204254614e-01	   7.9897776669337794e-01	   8.7804107924236163e-01	   1.0829178002407345e+00	   1.2890255121934677e+00	   1.0556945283417860e+00	   9.9324702861421543e-01	   7.9964525135275388e-01	   5.1768822833456052e-01	   6.9528124527343227e-01	   1.2019525209986393e+00	   1.1200849477635844e+00	   5.3009180393498334e-01	   4.5006835277481760e-01	   8.5953935928797198e-01	   8.6846692713932194e-01	   7.7826449798190933e-01	   7.8560595384930310e-01	   5.6320890558870940e-01	   3.6114435251957433e-01	   7.0217353612099742e-01	   7.6078110535012899e-01	   1.0181023404114997e+00	   1.0304831520878086e+00	   1.1932505382189689e+00	   1.2116034178578043e+00	   9.1609845547313629e-01	   9.2503913070899169e-01	   4.0550336327305014e-01	   2.1217515832621961e-01	   7.9799537744870341e-01	   7.9841885913191946e-01	   4.4801332409599420e-01	   3.1821723391303780e-01	   8.4488002683796704e-01	   8.3221581108544807e-01	   9.0841419130700252e-01	   9.6091537662908533e-01	   8.1456570876971102e-01	   1.0185143325569330e+00	   8.7652697166420135e-01	   1.0753863129713384e+00	   1.0541194946563472e+00	   9.9249462934105892e-01	   6.3469753124429718e-01	   6.3767199491537963e-01	   7.7226088437812446e-01	   1.0109598930640125e+00	   7.4681429335677718e-01	   5.6868291049505393e-01	   1.1037100097706380e+00	   1.0177991527521097e+00	   1.0924097624084328e+00	   1.0931274935427968e+00	   1.0340142137193389e+00	   7.3578738656134846e-01	   1.0056124072192714e+00	   1.0667941994433567e+00	   1.2276454861274559e+00	   1.2428801850878977e+00	   6.3458147340731130e-01	   8.3330699007575004e-01	   8.6948466442915606e-01	   7.7670607716665896e-01	   7.5162309356047052e-01	   8.2758054610691090e-01	   6.8389870790239737e-01	   7.5957508764176995e-01	   8.5275427897226996e-01	   8.1349962201750725e-01	   4.7582194727279986e-01	   6.6047921858546155e-01	   6.0181221164506704e-01	   7.0003329948710669e-01	   9.6416699609634793e-01	   7.6750405054339110e-01	   7.9619646502657271e-01	   1.0855237030840290e+00	   6.7942645437839433e-01	   6.4269227795472306e-01	   8.4428811456796993e-01	   7.1177328870048273e-01	   8.6570917491782851e-01	   7.1977216577747183e-01	   6.1337519148112141e-01	   7.3562409943607920e-01	   1.3295699433482630e-01	   2.6882977143822706e-01	   4.0229349176921297e-01	   7.3992967254093334e-01	   9.3643639173355531e-01	   9.9375031873100694e-01	   6.1942620321522024e-01	   8.4212435570887134e-01	   6.0963734222245669e-01	   6.3538235376990571e-01	   4.1689357625982038e-01	   6.3782170094722945e-01	   1.1758874956758331e-01	   2.0088947210677280e-01	   2.1040959886037142e-01	   1.3284844464244483e-01	   4.8721977755571066e-01	   1.0065481358335620e+00	   7.7557814813155423e-01	   7.5056489995574294e-01	   8.1557132774904961e-01	  -2.8588147597465652e-01	
   1.0005032065387474e+00	   8.9073170637420906e-01	   1.1391845085868004e+00	   1.5694683754080316e+00	   6.1736095825404902e-01	   6.5468597183300836e-01	   1.3398199876545895e+00	   0.0000000000000000e+00	   8.9366455521766930e-01	   1.0124484763657506e+00	   1.0003531135350432e+00	   1.2023469351635312e+00	   1.0216492141284597e+00	   1.2820901306670489e+00	   1.1214271989783555e+00	   1.1347143501587591e+00	   6.5700214215594344e-01	   8.1043392271237447e-01	   1.1956343855283864e+00	   1.1398818015100829e+00	   5.0423419478064113e-01	   5.4807303143297981e-01	   8.0472268631572608e-01	   9.3285800192457202e-01	   8.4340171598711611e-01	   8.4872698816077619e-01	   6.0499822214772248e-01	   4.2136428986448898e-01	   8.0476155752256429e-01	   8.6863626466755450e-01	   1.0511178303845943e+00	   1.1982304492434188e+00	   1.1957156492593499e+00	   1.3734345852877707e+00	   9.0225308437717944e-01	   8.9796274402572851e-01	   3.6092628514507535e-01	   1.7061739467613085e-01	   7.5444328548412265e-01	   6.1122292999144023e-01	   5.8085058437459403e-01	   3.4771011996246876e-01	   8.0196100602304832e-01	   7.9101554719335221e-01	   8.1458231119571811e-01	   8.8860750292815638e-01	   7.8646735139735546e-01	   9.3770705455454451e-01	   7.5588806196166702e-01	   9.0548720085005485e-01	   8.5453754311493479e-01	   8.0389061298719144e-01	   5.4371263723561580e-01	   6.1676536058192655e-01	   6.7928663411604429e-01	   8.1967778880416942e-01	   7.1332936367800370e-01	   5.1775283463507948e-01	   9.9688084274819788e-01	   8.9348951448651381e-01	   1.1030749108593445e+00	   1.1385724434522437e+00	   7.9990566345877157e-01	   7.9952166566483174e-01	   8.1073112523192814e-01	   9.5506791710773120e-01	   1.1358777239512290e+00	   1.1881919013029127e+00	   5.8178688767347886e-01	   8.5099472152449973e-01	   8.5225920384292642e-01	   8.8060537532469985e-01	   7.4996584835081925e-01	   9.0905134701736801e-01	   7.2566896378601375e-01	   7.8263667344683296e-01	   8.0729125442855232e-01	   7.8958923486096178e-01	   5.3308555134628810e-01	   7.3394436459023848e-01	   6.5530551422400096e-01	   7.7459148745947892e-01	   1.0757555677903712e+00	   8.6209002133876411e-01	   7.1984302252561083e-01	   1.0365961708263081e+00	   6.1083478477309761e-01	   5.1071393106836160e-01	   7.9001534687164343e-01	   6.2634169651643912e-01	   8.4430249397790957e-01	   6.5325945177337408e-01	   6.0641166840696503e-01	   6.0582472801997700e-01	   1.1909557196352437e-01	   1.9536900476762895e-01	   4.1112606480347630e-01	   6.2081975340221163e-01	   9.1656491811506302e-01	   9.0573494855344783e-01	   5.9060781408726459e-01	   7.9352182528354931e-01	   5.0907386287839207e-01	   4.6045314273543453e-01	   3.5900794454655477e-01	   5.1588377298353194e-01	   1.1980930537251243e-01	   1.6756193557668994e-01	   2.8190706868928866e-01	   8.0112775628790558e-02	   4.3080510557086604e-01	   9.3427946165622799e-01	   6.5695844877044929e-01	   5.5450628532314927e-01	   6.5503123731025570e-01	  -2.5170905941889810e-01	
   7.3748179633937017e-01	   6.9444744139387860e-01	   1.1543573369485507e+00	   1.0351069719950883e+00	   1.0058949814241629e+00	   5.9175447586694574e-01	   9.9229548204254614e-01	   8.9366455521766930e-01	   0.0000000000000000e+00	   1.1052379987921961e+00	   6.5527882196449527e-01	   5.8974966113386817e-01	   8.0043482251658093e-01	   6.8704998860052480e-01	   1.1320437764008240e+00	   8.3594223328742934e-01	   3.8763442343102872e-01	   5.1743560965666946e-01	   8.7768025725033971e-01	   8.2820958802493561e-01	   5.1209571752904826e-01	   4.1794878188230283e-01	   1.0635618357971688e+00	   9.6666312797931664e-01	   6.9347481027483571e-01	   7.7932217586316777e-01	   7.6907766130264288e-01	   6.1274886084245872e-01	   5.6221654804592813e-01	   5.6563713981912289e-01	   8.6317967319731292e-01	   8.4313937610779721e-01	   8.6880178587603907e-01	   8.8539496740931600e-01	   7.1377717886848091e-01	   6.4577125573440630e-01	   3.5338924372151237e-01	   6.1593674509590288e-02	   7.1568304555933637e-01	   5.5379613209886336e-01	   3.9793006761017763e-01	   2.8946536727790245e-01	   3.7982653692220752e-01	   4.0625401006489920e-01	   5.3819818584529011e-01	   5.4223909638872447e-01	   4.2357547923998501e-01	   5.9223757635603724e-01	   4.8738673541713318e-01	   6.5221380848902222e-01	   6.5388801951910136e-01	   5.4580408588619855e-01	   2.7722080502651031e-01	   3.5455281343389877e-01	   3.7544439824658526e-01	   6.5420261250944789e-01	   5.6746811332430735e-01	   4.5814541438767570e-01	   7.0515975345017490e-01	   6.8924635588142202e-01	   8.1011756531922086e-01	   8.2778729948044782e-01	   5.9687992485004049e-01	   6.8921276395939024e-01	   1.0147806375479165e+00	   8.6870231854364799e-01	   7.9693042189390551e-01	   7.3254604552011637e-01	   5.7195683620555071e-01	   6.9138797686827780e-01	   6.4255520263272148e-01	   5.5668225408958050e-01	   4.5556227051827991e-01	   6.0859796488447360e-01	   3.8716503040110706e-01	   5.7487568597339778e-01	   5.0315730753832943e-01	   4.4963661151786527e-01	   4.0778699832776355e-01	   4.8753026477095412e-01	   5.1226935282277353e-01	   6.0336077068526983e-01	   8.0251063332607742e-01	   6.1515950790406626e-01	   8.3111318474981000e-01	   8.9633862178289891e-01	   5.8440341001807150e-01	   5.4536184188321868e-01	   7.9974895856112171e-01	   7.0323916749019422e-01	   5.4545137782743125e-01	   5.6019319640973342e-01	   3.8282943781306500e-01	   6.6091813945597322e-01	   2.1622868303487947e-01	   2.5988582472972166e-01	   3.5960407082135926e-01	   5.6109930661670926e-01	   5.8418822213788868e-01	   6.0828941899746203e-01	   2.9512759205019579e-01	   5.5862516206617729e-01	   2.9498305553792659e-01	   2.6273355346328875e-01	   2.5106335046181560e-01	   3.9955612374645449e-01	   1.1735080587207895e-01	   1.2888953992657309e-01	   2.5481730787409185e-01	   1.4682051491590195e-01	   3.0016098043075212e-01	   6.7444582353202420e-01	   5.1704170823530060e-01	   5.5525506644569367e-01	   5.3515807783466518e-01	  -2.8611579511593660e-01	
   6.9879272121566727e-01	   6.5974660757137438e-01	   9.4094752830667250e-01	   1.2249546926337425e+00	   7.9236937431558652e-01	   7.5262363578810165e-01	   7.9897776669337794e-01	   1.0124484763657506e+00	   1.1052379987921961e+00	   0.0000000000000000e+00	   6.4464537455806603e-01	   5.5874314864996077e-01	   6.4707749017433491e-01	   6.6045637661401346e-01	   9.8095882418130609e-01	   1.1099675902522219e+00	   4.6661985866163846e-01	   5.0003635020824611e-01	   7.6054579860702576e-01	   6.7081760078007624e-01	   5.7412157253816976e-01	   5.3080197519502037e-01	   9.2837105816798149e-01	   1.1331436548914382e+00	   9.1509495742276070e-01	   1.0251282568325233e+00	   8.7117875057001370e-01	   6.2520153694801706e-01	   5.5018601975157233e-01	   6.1137886089212745e-01	   9.3535677505534276e-01	   9.8940403392203391e-01	   8.5618914059326467e-01	   9.5718430446158653e-01	   6.8655084460202587e-01	   7.0619551237626477e-01	   2.3870800812386628e-01	  -1.3007408786765145e-03	   5.0913787283624579e-01	   4.1048334191851915e-01	   3.7169477004695378e-01	   2.0865177012397018e-01	   4.8319543154670153e-01	   4.3913292035734625e-01	   5.5295868549823057e-01	   6.2242608957555512e-01	   5.3434589941128197e-01	   5.9925061956581782e-01	   4.7410130076471801e-01	   6.6721405445653048e-01	   6.6452048461458113e-01	   5.7898892201337993e-01	   3.6839024515700175e-01	   4.7492986424773431e-01	   5.2887790553622116e-01	   6.1847867215280594e-01	   5.7757044815176206e-01	   4.3489119954368666e-01	   6.6999118533992230e-01	   6.7623276028261614e-01	   7.7289510846582565e-01	   8.7635181544502827e-01	   4.9834589383029548e-01	   6.3972360669397865e-01	   7.5010816333838781e-01	   1.0909252987283846e+00	   7.7935221320871118e-01	   7.7592751818519368e-01	   5.1231630215867918e-01	   6.0050702093832087e-01	   6.1930149841417392e-01	   5.4768091579242628e-01	   4.5633443184393552e-01	   6.4285561738581787e-01	   4.5744831459481416e-01	   5.0371862737917494e-01	   4.7802967579752836e-01	   4.1580915054982448e-01	   5.1439611829719911e-01	   5.3705122827578244e-01	   5.9251425940828661e-01	   7.1986148290059104e-01	   7.9184857543220888e-01	   7.3546848295092393e-01	   8.3499603130587408e-01	   9.1508570907326892e-01	   6.1525804592270350e-01	   5.0650338307015197e-01	   7.0605376974207301e-01	   5.4602554153482852e-01	   5.4151267651830570e-01	   4.0299645863751843e-01	   4.0051745652549503e-01	   3.9742368829498809e-01	   7.0675874390069879e-02	   2.2342237007007365e-01	   2.7141787762981129e-01	   4.7020341376491309e-01	   5.9145199884426214e-01	   4.9991073762521787e-01	   3.9115115565174696e-01	   3.8293349839838164e-01	   3.4240089375526611e-01	   1.4968469750621696e-01	   2.1549781772432380e-01	   2.4526080905811776e-01	  -6.2832086788201055e-02	  -6.7486895482309957e-03	   2.5926564700929139e-01	   4.2290086825258151e-02	   1.7948991001549472e-01	   5.3221083895592014e-01	   3.7148199191820175e-01	   4.3259623529224056e-01	   4.8287811545961673e-01	  -2.7833556072813070e-01	
   1.3234294289517146e+00	   1.0843522539081252e+00	   9.5527864287998754e-01	   9.6925386571941419e-01	   6.3723144776522433e-01	   4.8469452248328071e-01	   8.7804107924236163e-01	   1.0003531135350432e+00	   6.5527882196449527e-01	   6.4464537455806603e-01	   0.0000000000000000e+00	   8.7883305866505279e-01	   1.1651252069081603e+00	   1.1935384640167879e+00	   1.2162171331750831e+00	   1.0165052101881149e+00	   9.6107787357472618e-01	   1.1435715340304815e+00	   1.1369307123893455e+00	   1.0703710952848142e+00	   4.5520624005163129e-01	   4.4492041335364574e-01	   7.0372812232491289e-01	   6.9269855829087679e-01	   6.7716180012402516e-01	   6.2511935708274635e-01	   5.1010068231014016e-01	   3.0112599495271097e-01	   1.2567278044031114e+00	   1.0965000664100382e+00	   8.1525621503426060e-01	   9.2190260340549923e-01	   1.0919033101151090e+00	   1.1634571701872667e+00	   7.3879488097989165e-01	   6.8624366768942535e-01	   3.1393605875994723e-01	   5.7689501202793550e-02	   6.8198909202763314e-01	   4.2436724752639265e-01	   5.4372962775559963e-01	   2.5853841745500178e-01	   5.1494443489856123e-01	   4.8552428079643450e-01	   6.0528596470597118e-01	   5.7105419294666837e-01	   5.5858038921448738e-01	   6.2507359555711328e-01	   5.2632254565275705e-01	   5.4386862649789580e-01	   6.5459113497132593e-01	   5.0368527271848063e-01	   3.8203632794172115e-01	   4.6887462588321932e-01	   4.6992440372234512e-01	   7.1633932936381983e-01	   8.6981792316836337e-01	   7.2759459682177341e-01	   8.2323547893812099e-01	   7.3438821297717394e-01	   1.0838502537357937e+00	   1.1059289890158086e+00	   9.0216593392219890e-01	   1.0365331586947517e+00	   6.4573009018132821e-01	   6.3531497992576480e-01	   8.7508291855842413e-01	   8.1676035609766218e-01	   6.5795886315502461e-01	   7.9451418773233395e-01	   6.1270505672319997e-01	   6.1310683184269077e-01	   6.0171587240510560e-01	   8.0506717390005866e-01	   6.2259222063985398e-01	   7.1686976096752053e-01	   5.6005336919483362e-01	   5.5015117493388999e-01	   7.6354847141101700e-01	   1.0081775398437676e+00	   8.8286696904312656e-01	   9.3672852614264290e-01	   9.9834130465699011e-01	   9.0222266984738342e-01	   8.0132256764873411e-01	   8.7158762466366102e-01	   6.3536457970677418e-01	   4.3824788478610760e-01	   7.4126540038604771e-01	   6.7346311487815813e-01	   4.1274864332480021e-01	   3.0555306124764980e-01	   1.8424271644141857e-01	   3.6258066733428723e-01	   8.5100117652435109e-02	   1.7330506503855311e-01	   3.1050071409676927e-01	   5.7802346889905620e-01	   5.4076644380859806e-01	   5.7116350060851873e-01	   4.0455877336264584e-01	   6.7201709929230091e-01	   3.3936529119288872e-01	   3.7156077538081295e-01	   1.5117669592268662e-01	   2.7246569911187968e-01	  -5.6513313413214174e-02	  -5.0830243434824868e-02	   2.6563972691230242e-01	   1.9978891128085253e-02	   2.2439804243757921e-01	   6.8150313249625283e-01	   3.4668053536865973e-01	   4.0530883190197342e-01	   3.8251057951947076e-01	  -2.3541600749379010e-01	
   8.7571370121940739e-01	   7.0151973757618358e-01	   7.7393422789070165e-01	   8.2342324037019710e-01	   3.1379794038999842e-01	   3.3386728025543655e-01	   1.0829178002407345e+00	   1.2023469351635312e+00	   5.8974966113386817e-01	   5.5874314864996077e-01	   8.7883305866505279e-01	   0.0000000000000000e+00	   9.9275072487632410e-01	   1.2037718994917725e+00	   7.7896989132770567e-01	   7.0942533267288765e-01	   5.7540007213176247e-01	   6.6905228951241646e-01	   9.5123959954854109e-01	   9.5735234033586825e-01	   3.4905315249527075e-01	   3.4549129026519054e-01	   5.4830368941437635e-01	   5.7118399328658054e-01	   5.6209924372948405e-01	   5.3492026221994804e-01	   3.2963385383100374e-01	   2.7861674516256152e-01	   7.9568496687965395e-01	   8.1660451039557524e-01	   7.4957024927584981e-01	   8.5314253157644293e-01	   8.6085267066438709e-01	   9.4537021971410495e-01	   6.2234458550624128e-01	   6.8047517904056609e-01	   3.0108194087158208e-01	   2.8737002329469608e-01	   6.4445828924283832e-01	   5.9032971780950005e-01	   5.1980620072451722e-01	   3.2247771148919269e-01	   7.9613939484412100e-01	   7.9747665324690231e-01	   7.0327922041659530e-01	   7.3621103617577932e-01	   7.7331336683514063e-01	   8.3279574625938202e-01	   7.0156085682312375e-01	   7.2832840102350260e-01	   8.0525624657646422e-01	   7.3322431660710852e-01	   5.8919162053781227e-01	   6.0384313354493035e-01	   6.1177783656044749e-01	   7.4828630572621313e-01	   5.5143318829299692e-01	   3.6700885866868538e-01	   9.8137939764830606e-01	   7.5038628340851199e-01	   8.7684454890036356e-01	   8.1380693906785828e-01	   8.0523722132570952e-01	   5.2826802490246760e-01	   5.1408843480915689e-01	   6.2013870876799260e-01	   8.4730179164262465e-01	   8.4431281166246908e-01	   4.5599943836087620e-01	   6.6147152987178126e-01	   7.5915273075572742e-01	   8.9073224279684171e-01	   7.8266251766396866e-01	   8.7696768419620064e-01	   7.1027451972294087e-01	   8.6326719361241433e-01	   8.1567134973052935e-01	   8.7142117898220628e-01	   3.9823747205276472e-01	   6.2962621667235852e-01	   5.0368032493454318e-01	   5.5953494081031507e-01	   8.5755014099331239e-01	   7.4496277782623888e-01	   5.2384060437399915e-01	   7.7750984628675957e-01	   4.5736179726995818e-01	   4.4783066583119202e-01	   6.5942343780270329e-01	   4.8287538277910280e-01	   7.8633855977649059e-01	   5.9336384255222741e-01	   5.7934086334830182e-01	   5.2034661455442122e-01	   2.5364491391410238e-01	   3.0065974582126326e-01	   4.9849975996382451e-01	   6.1928409993426603e-01	   8.2776108234782941e-01	   9.3597538469229291e-01	   5.6902349608730840e-01	   6.8259699425198450e-01	   4.9287984159043097e-01	   5.7509258692635190e-01	   4.6201469812234380e-01	   5.5354424478422748e-01	   1.5603945331066979e-01	   1.7993394470291035e-01	   2.8366959020942850e-01	   1.8952805973867290e-01	   5.0444322107555317e-01	   9.4693306647408471e-01	   6.5481426048773028e-01	   5.0685923588048609e-01	   6.1196929486439411e-01	  -2.1966792113083278e-01	
   1.3476124170461476e+00	   9.5727800223748682e-01	   1.2016354287151927e+00	   9.8809554453431125e-01	   4.9077532152517489e-01	   3.6604061135444521e-01	   1.2890255121934677e+00	   1.0216492141284597e+00	   8.0043482251658093e-01	   6.4707749017433491e-01	   1.1651252069081603e+00	   9.9275072487632410e-01	   0.0000000000000000e+00	   1.2527644653341112e+00	   1.1548670719966960e+00	   8.8225790505120560e-01	   6.7148168299761157e-01	   8.0114576108762148e-01	   1.1328586813565549e+00	   1.1193277760535012e+00	   5.2223932244195237e-01	   4.1287974910493619e-01	   8.7592593095443627e-01	   7.9150475389283959e-01	   6.9363203136159735e-01	   6.3995828473882366e-01	   4.9079710586794717e-01	   2.5366152785974755e-01	   9.9390724602099978e-01	   9.6862693701806435e-01	   9.3813190506805189e-01	   1.0254995424555657e+00	   1.1607350992087084e+00	   1.1577679599143840e+00	   8.2904217030983007e-01	   8.2125243110012669e-01	   4.3852464581363371e-01	   2.3095513995314695e-01	   7.9523694046340276e-01	   6.4590093944799043e-01	   5.5446042339155632e-01	   3.2793793379912828e-01	   7.4616140995997049e-01	   7.2227790037549822e-01	   7.5969458875951390e-01	   7.3079869148660848e-01	   7.2703071100915617e-01	   8.4361376017537282e-01	   7.6199371630260315e-01	   8.0311563478667658e-01	   9.5822404619763069e-01	   7.8948283731932611e-01	   5.9152269695023707e-01	   6.2689917440690002e-01	   6.5074023451402596e-01	   1.0324139054325809e+00	   8.4414544191366647e-01	   6.5377231915151601e-01	   9.6333449413556127e-01	   8.8085125312427570e-01	   1.0070121670792629e+00	   1.0881576757484774e+00	   1.0335205737485855e+00	   8.0163123877551357e-01	   7.8851217413412011e-01	   8.7805170727893711e-01	   9.9321285059106390e-01	   9.7740167555778434e-01	   5.9917402111198648e-01	   7.8636825707813029e-01	   8.1868112303429319e-01	   7.1133431064990649e-01	   7.9239968430357088e-01	   8.0452297824544361e-01	   7.2262943475825492e-01	   8.0998159780475765e-01	   8.0172936111967152e-01	   7.4612907530989370e-01	   6.7388667441838390e-01	   8.1085739746384111e-01	   7.4054088299308751e-01	   7.2709571715367893e-01	   9.8868361988217213e-01	   8.4523691696684822e-01	   8.0667682618590353e-01	   9.9646100291182538e-01	   7.3216776714034726e-01	   6.0865577126641113e-01	   8.2280775103360737e-01	   7.4530671514503821e-01	   6.6475548227201398e-01	   5.3090120889599435e-01	   4.3420744024069730e-01	   5.9060195519646419e-01	   9.2632877084362714e-02	   2.0827928692094061e-01	   3.0036530438683656e-01	   7.1527877231136905e-01	   7.3531828921348774e-01	   8.4364532912210588e-01	   4.5307259475571449e-01	   7.5270923639368670e-01	   4.6108444630460660e-01	   5.4429102366424675e-01	   3.4130009702959863e-01	   4.7092096580075515e-01	   3.4308943611975798e-02	   1.2015612169435783e-01	   2.6099296408558470e-01	   1.1361605865409827e-01	   3.5060515968332823e-01	   9.2157785386329827e-01	   6.5103364458049806e-01	   5.9081858814838839e-01	   6.6461820952972162e-01	  -3.0959647254485556e-01	
