   0.0000000000000000e+00	   1.3466430379321854e+00	   5.9016606429567631e-01	   5.0263547759134175e-01	   5.6969214108184518e-01	   5.3215790525879925e-01	   8.3514385410814607e-01	   6.5900832558038946e-01	   4.9872390340944017e-01	   5.3550890109137905e-01	   1.0098324966617636e+00	   1.0686696911068094e+00	   9.9605450305076537e-01	   8.7933161991698028e-01	   5.7742398810221729e-01	   6.2676547855170517e-01	   8.9624388615858097e-01	   7.3856319595594888e-01	   1.2204620322070976e+00	   1.1115627255631511e+00	   4.9285527308184429e-01	   5.5537244359116489e-01	   3.1760889427564648e-01	   2.6476605642768142e-01	   3.2609532804728919e-01	   2.8303182245993275e-01	   3.1487456587024282e-01	   3.1268204414738193e-01	   7.8636407610900017e-01	   7.4048301401372119e-01	   3.6451450290726822e-01	   3.1102880684910877e-01	   9.3279631967138343e-01	   9.0283812905970895e-01	   1.5758203524401954e-01	   4.1400823930183084e-01	   6.9502983629716220e-01	   5.7759823814019917e-01	   7.8822365352504897e-01	   4.7355221511846018e-01	   8.5683633868837905e-01	   7.5411400193910250e-01	   9.0233090888966649e-01	   8.0879576465432712e-01	   6.9428210038559846e-01	   7.9404270716554537e-01	   8.0198762099075505e-01	   9.0817955807306439e-01	   8.8800520213391998e-01	   7.9706310131663916e-01	   8.9522244035056675e-01	   7.9243538532391977e-01	   5.4809745176304503e-01	   7.2805347919021246e-01	   6.8561402066102040e-01	   8.0938769949683631e-01	   1.2490073290272035e+00	   1.0752823895201900e+00	   9.2130081242703576e-01	   9.1197567994231965e-01	   7.7530978643276538e-01	   6.1531088371417875e-01	   6.1220803044503735e-01	   6.0418307077505007e-01	   1.3434556992296778e-01	   4.4303658836739102e-01	   7.0420307802741411e-01	   6.8393430611943007e-01	   8.4564286415904300e-01	   7.0558917722268077e-01	   6.6283121874171591e-01	   5.7216219793878076e-01	   9.1144477079413444e-01	   9.0390806518909794e-01	   8.1537123874428197e-01	   7.6393964211071086e-01	   1.1215816386939270e+00	   1.1560022989822072e+00	   1.0239432385689620e+00	   9.5756890544012863e-01	   9.5907454511506118e-01	   1.0256781851808079e+00	   5.3666427217632373e-01	   7.2476733111329694e-01	   6.3080795806462919e-01	   8.0759465284222098e-01	   4.5497177602131628e-01	   4.7366702809076344e-01	   5.9440610351474255e-01	   5.8926860328538577e-01	   4.2475954575032637e-01	   5.2577636577160491e-01	   4.8586314388494128e-01	   4.4275039697573659e-01	   2.8675824325167554e-01	   3.2048893215839908e-01	   5.5775008986440633e-01	   4.8651842523946082e-01	   5.5864590937339509e-01	   6.4939010459139945e-01	   5.0308810443560714e-01	   7.2454645822486019e-01	   6.6168461393489908e-01	   6.8938925203660384e-01	   5.1025505423198869e-01	   1.6131420090371390e-01	   3.1292394886848690e-01	   5.4251174258814516e-01	   2.9925855705349136e-01	   3.1290192640635606e-01	   6.9369183958156189e-01	   3.4225245424034179e-01	   3.2710308566362017e-01	   4.9444637417271403e-01	   4.6270046289340938e-01	  -9.0833557519343022e-02	
   1.3466430379321854e+00	   0.0000000000000000e+00	   4.1680743299660322e-01	   3.9743946381761874e-01	   4.4250734112059231e-01	   4.7593962203500717e-01	   6.6389132854268940e-01	   6.2482808347195418e-01	   4.2172288658621643e-01	   4.5050673059715185e-01	   7.6607570381079049e-01	   1.0948785866552284e+00	   7.5784774197443938e-01	   9.7080604533515313e-01	   4.6490258748926039e-01	   5.9603487682387890e-01	   1.0580854510906179e+00	   9.5431435577888346e-01	   1.0714031070540828e+00	   1.2221601107293276e+00	   4.6183735546533766e-01	   4.9763162314994858e-01	   1.8584519524411350e-01	   1.9754911306384731e-01	   2.2437669920688980e-01	   1.7983439301093820e-01	   3.3799670612944582e-01	   2.9042561713210113e-01	   8.8695414836154185e-01	   8.5679350752320038e-01	   2.7443930469992867e-01	   2.1548001461316360e-01	   9.1201544028165094e-01	   9.0831583271737426e-01	   6.3255742397109294e-02	   3.6115061296111745e-01	   6.6176439298839174e-01	   5.7517793852031895e-01	   7.4515548847980373e-01	   4.9505031297734348e-01	   8.4459955621645177e-01	   7.3203229157065786e-01	   7.7843818247873009e-01	   7.4339763493874844e-01	   6.8718096811685114e-01	   7.9420463405447950e-01	   7.4916393086360411e-01	   8.8299531165326017e-01	   8.6005644513427582e-01	   7.7422146871738418e-01	   7.4247582937934908e-01	   6.6821409992204894e-01	   4.8628713040800881e-01	   6.6918252269521694e-01	   6.0948618302322288e-01	   7.9788766577097525e-01	   1.2889945324279568e+00	   1.3615800320503428e+00	   7.4457584024916201e-01	   7.9965171244838729e-01	   7.1092064046232661e-01	   5.9643314249365642e-01	   7.0620487818377708e-01	   7.9928563016330689e-01	   4.8577986282888605e-02	   3.4599760066155272e-01	   5.8543000731096129e-01	   5.9960194669871614e-01	   7.5457426632278068e-01	   5.8780334661602918e-01	   5.1754752788368630e-01	   4.2665591799141195e-01	   9.0059486016051493e-01	   9.3639473065667878e-01	   8.5059164945710319e-01	   8.4923038675726203e-01	   9.0048695447858207e-01	   9.5472340561349667e-01	   1.0864663978944917e+00	   9.1123219111696285e-01	   1.1166630804109843e+00	   1.0810114892551019e+00	   5.2843686966616454e-01	   7.8438427288246970e-01	   4.8809932108581733e-01	   7.3958276239819298e-01	   4.4088277612879245e-01	   4.3373842669600754e-01	   4.8745259966308274e-01	   5.7874518156103638e-01	   3.7579572520405680e-01	   4.4866198405453994e-01	   4.6422281748913319e-01	   3.2182312489981724e-01	   2.7803746676599544e-01	   3.4660859250980791e-01	   5.6838732559513772e-01	   4.7318829569420717e-01	   5.8500146630695238e-01	   6.4714005448934775e-01	   5.1965558556571789e-01	   6.6192515590185297e-01	   6.6171917552830228e-01	   6.2359743715251781e-01	   4.2494984591395690e-01	   7.5725339659794028e-02	   2.1841383395088004e-01	   4.0115062722910283e-01	   3.1947995898537396e-01	   3.6528623025005424e-01	   6.3832241019257607e-01	   3.5238160030168014e-01	   3.4439107243163131e-01	   4.4058000497352084e-01	   4.0566446688086416e-01	  -2.4677869918067970e-02	
   5.9016606429567631e-01	   4.1680743299660322e-01	   0.0000000000000000e+00	   1.0109034275077342e+00	   8.7885744024916790e-01	   7.9718714830220816e-01	   1.3079163093742301e+00	   8.1829582285523794e-01	   1.1598365517920461e+00	   7.8398427005706739e-01	   8.2481392073783055e-01	   5.0097339956278475e-01	   8.9357161894527859e-01	   5.5849127001760224e-01	   1.4538531555850709e+00	   9.0890139479069398e-01	   3.3023121524100874e-01	   1.5392746541391256e-01	   7.2752668659326147e-01	   5.8596581666567316e-01	   5.4510687453041162e-01	   6.6578063690058531e-01	   1.3489999291509966e+00	   9.7166217369536922e-01	   8.9920738425442559e-01	   8.6276237963480262e-01	   4.4695285431376774e-01	   5.2576266422201690e-01	   4.3860880951510628e-01	   3.9416844799367412e-01	   8.6726546726904918e-01	   7.7703640235235782e-01	   6.7593481087551521e-01	   7.1620778413877562e-01	   4.9809764111822857e-01	   5.3960917097384686e-01	   4.4962415574294318e-01	   4.3945962867280974e-01	   5.4409752708536419e-01	   2.4081191352305836e-01	   4.6855094175389078e-01	   3.1715288512539475e-01	   5.5385341504827768e-01	   4.3210906436165930e-01	   3.8138965443002854e-01	   3.8902128904579192e-01	   4.7883885415650707e-01	   4.9198579966196998e-01	   4.0154650768837674e-01	   3.5989032376030333e-01	   4.6958226926824975e-01	   4.7649252500585537e-01	   2.8064607589763974e-01	   4.1231012161809710e-01	   3.7064691823606527e-01	   4.0390170624046040e-01	   3.6207841632872484e-01	   3.6771799508686570e-01	   4.8056036557241311e-01	   3.9099758094794962e-01	   7.9325989642528505e-01	   6.0961916291596085e-01	   5.0948938056843152e-01	   3.2990526613008941e-01	   5.7278341347267847e-01	   6.2277066875184051e-01	   5.5452825154610963e-01	   4.5296415412527546e-01	   6.7879106097374642e-01	   6.6013410272353201e-01	   6.7572882568968606e-01	   6.1856291973195432e-01	   5.2106661403911514e-01	   4.3517852631098602e-01	   4.3533650303100074e-01	   2.8653455036338810e-01	   7.5260689997409291e-01	   6.1249263805881182e-01	   3.8295041551336528e-01	   4.6130375285455461e-01	   4.8672107868298731e-01	   5.6287852384929016e-01	   8.4075925109729410e-01	   6.9437301649896754e-01	   8.5179796285553311e-01	   7.3800954411817299e-01	   3.2570409058267730e-01	   4.4850792408660939e-01	   5.1758449366982817e-01	   4.1535726485590907e-01	   3.6930116163681165e-01	   5.9679614249530544e-01	   5.3848999775700257e-01	   8.3388429033481692e-01	   1.1958789054705371e-01	   2.2128269342085016e-01	   2.5196105403548386e-01	   2.0877931639032457e-01	   2.0873764389240795e-01	   2.6488978270703006e-01	   2.3734387301662085e-01	   5.8505650002327381e-01	   2.9863835837898084e-01	   4.8152023291336810e-01	   3.1261662437207949e-01	   2.7467424466110035e-01	   2.2405857996255749e-01	   4.5089226289036610e-01	   3.4657466732011970e-02	   1.6526271861582065e-01	   4.5338130798294207e-01	   1.6042252740099738e-01	   1.0240731944662243e-01	   2.8182748893474874e-01	   2.7464929658764248e-01	  -1.1522369061753705e-01	
   5.0263547759134175e-01	   3.9743946381761874e-01	   1.0109034275077342e+00	   0.0000000000000000e+00	   5.9743048092673945e-01	   7.8253520953273314e-01	   8.1388377381301680e-01	   9.6647416224295435e-01	   8.2982808063356273e-01	   8.5351110061380286e-01	   5.3150290437026260e-01	   4.9519102294752182e-01	   5.3351502433297526e-01	   5.5617023361109286e-01	   8.7330065562445258e-01	   9.2904997524738941e-01	   2.8435645106844665e-01	   9.6831492133748004e-02	   5.6951042147400199e-01	   5.1721941926122939e-01	   4.9854934460157341e-01	   6.9841946594400095e-01	   1.1081637140056182e+00	   1.3464383304222463e+00	   8.0604798042646753e-01	   9.7760460933036397e-01	   4.2984298113003327e-01	   5.5833575405336999e-01	   3.1392261406552679e-01	   3.2028764038593144e-01	   7.2786653427283665e-01	   7.7345637139088397e-01	   5.4186682814714882e-01	   6.2338791777266656e-01	   5.6989305992996775e-01	   6.1169824862260169e-01	   4.0309311720586033e-01	   6.4025326921353665e-01	   5.4002551520055575e-01	   3.2565336919477572e-01	   4.4194482292003689e-01	   2.7721799829424454e-01	   3.8664533139220103e-01	   2.8069071049746697e-01	   1.6205203427254156e-01	   2.0618178744621968e-01	   3.1638181050787895e-01	   3.9224745980242853e-01	   2.2735949771494307e-01	   2.0201429721488512e-01	   3.4177656833050091e-01	   3.4157924723669353e-01	   3.0074570423682090e-01	   3.8022404756849354e-01	   3.0883765285173387e-01	   3.9007732862058814e-01	   3.3002834145315024e-01	   3.0221576122113714e-01	   2.7711299472898049e-01	   2.7284372075468633e-01	   5.3990907649152020e-01	   6.5278646379065419e-01	   3.4345043720630530e-01	   2.4552191396520348e-01	   6.7773141112540369e-01	   9.9237398687908218e-01	   3.9566624256871907e-01	   4.1996053027941826e-01	   5.2721354335763371e-01	   5.4912241898517400e-01	   5.9239735619242495e-01	   6.0056096415543259e-01	   4.0572942736572021e-01	   3.6250831896563718e-01	   3.3105718929950090e-01	   3.3880310489159104e-01	   6.5497533977969735e-01	   5.8324228504118691e-01	   3.9385659812286528e-01	   3.9088803789533189e-01	   5.0895376622150312e-01	   5.9905730664135515e-01	   7.1958678221016048e-01	   8.1371237910173422e-01	   8.7597745396569149e-01	   1.0665820336610792e+00	   4.1990717994845889e-01	   6.3575701872432611e-01	   5.0509443311789581e-01	   4.6611882606395244e-01	   4.0112144730125326e-01	   4.9970488856520179e-01	   6.3932368124527095e-01	   6.1310308132548674e-01	   1.7544118633019071e-01	   2.8191897365131030e-01	   2.5818356936635944e-01	   2.4312743467630740e-01	   2.2448407469477272e-01	   2.6894079069389060e-01	   2.3924847464899052e-01	   3.8408290826183333e-01	   2.3489930641470211e-01	   4.3541990323519619e-01	   2.5540478387173055e-01	   2.0939260799165074e-01	   1.2345912879507838e-01	   3.4712781189029052e-01	   1.1837016767281493e-01	   3.0859461692836293e-01	   4.4740996877281652e-01	   1.8777722901714983e-01	   1.3093787599850704e-01	   3.5248259093016854e-01	   3.1920298244832335e-01	  -1.2356644388406238e-01	
   5.6969214108184518e-01	   4.4250734112059231e-01	   8.7885744024916790e-01	   5.9743048092673945e-01	   0.0000000000000000e+00	   7.6900424157261693e-01	   8.0366508080767929e-01	   4.6043866624722773e-01	   9.9419207479434368e-01	   5.7966290112406271e-01	   6.7935113257997615e-01	   4.7292250603508257e-01	   7.1063246019935700e-01	   4.1681653116866535e-01	   9.5581567389865374e-01	   5.2084105191265739e-01	   3.5115764607999944e-01	   3.1008147201021408e-01	   5.5491560974105014e-01	   5.4061262098522356e-01	   7.1370750555475782e-01	   5.9568855135127363e-01	   6.6908387964627636e-01	   4.4706033259267691e-01	   8.0917276655952053e-01	   4.7646344447548156e-01	   1.0498492044268819e+00	   9.6332836283689205e-01	   2.4925777722247638e-01	   2.2071497421007522e-01	   2.8886843670651374e-01	   1.9602543545757628e-01	   5.6683346521901012e-01	   5.5386590766238863e-01	   6.2317748740179235e-01	   5.3033136636143363e-01	   6.7760044614431403e-01	   4.5235307149704196e-01	   7.4328710254117414e-01	   3.2000507617346680e-01	   6.5047210556798973e-01	   4.4349936068180829e-01	   5.0546781684055075e-01	   4.3033097138996584e-01	   4.2635913326466773e-01	   4.9183300473544056e-01	   3.7739835318766174e-01	   4.7937508375401261e-01	   4.3810491742007596e-01	   4.5943267592784071e-01	   4.9159127973060912e-01	   4.0518787726501815e-01	   2.5333424228594026e-01	   3.9538313617623350e-01	   4.4074646938242468e-01	   4.9638726531510163e-01	   4.7920423942032331e-01	   5.8146345404687172e-01	   6.2138801007868638e-01	   4.7307587983124955e-01	   8.1674858440712328e-01	   5.1857087316042150e-01	   3.6841502464552212e-01	   2.0252822893281289e-01	   7.6784821407438408e-01	   6.7040712905645761e-01	   7.9781654275182978e-01	   6.6064461067483027e-01	   7.7523839980795373e-01	   8.0145651288123754e-01	   3.6588091566111969e-01	   2.5580687012543368e-01	   3.9452406533247392e-01	   2.7599136403667213e-01	   3.2062520109419018e-01	   1.6304289822194595e-01	   5.6136877603270607e-01	   4.5846990993135317e-01	   4.6438472507278211e-01	   4.3232979794157050e-01	   5.4199451586595571e-01	   6.0296543732168506e-01	   7.4059165213243106e-01	   4.5876330101792562e-01	   9.1102736964932962e-01	   7.1532057907970703e-01	   3.9772427170826152e-01	   4.3548763784860134e-01	   5.0873528621400566e-01	   4.0899883312804686e-01	   3.1369116138090641e-01	   5.9458096268915295e-01	   5.0035506895034687e-01	   7.5863144690931184e-01	   1.4386748861758500e-01	   2.2102269580318101e-01	   2.7275771717095748e-01	   2.5017804102814700e-01	   2.4759518761449323e-01	   2.9641930594181037e-01	   2.5716869448688678e-01	   6.8208031622238974e-01	   4.8587837684893215e-01	   6.0043292786906899e-01	   4.2935609984821593e-01	   3.3942678854951530e-01	   4.1115533278200522e-01	   5.5260386556016250e-01	  -5.2557977579286583e-02	   1.2884088562781906e-01	   4.7662570282698286e-01	   1.8059904299709703e-01	   9.4397687725235588e-02	   2.8621484734821578e-01	   3.3734677070586638e-01	  -5.8531007126978438e-02	
   5.3215790525879925e-01	   4.7593962203500717e-01	   7.9718714830220816e-01	   7.8253520953273314e-01	   7.6900424157261693e-01	   0.0000000000000000e+00	   9.8594379443957203e-01	   1.0988051239933774e+00	   1.0700678347223778e+00	   1.0155033421741342e+00	   6.8301126065502971e-01	   7.4210655785223545e-01	   6.5595957516258530e-01	   7.5282683837808528e-01	   8.8940614729739664e-01	   9.2260289142977403e-01	   4.9622365714528549e-01	   3.0996734866615749e-01	   5.9078395553627538e-01	   6.2497575035579356e-01	   5.6911279484820276e-01	   6.2859361591292651e-01	   6.2159314680610622e-01	   6.7351687150708850e-01	   5.4828498496562550e-01	   6.9274689538809386e-01	   4.7995417268746327e-01	   6.6667136687000650e-01	   5.9097698015892164e-01	   6.2274737248661971e-01	   6.3642449414374058e-01	   5.7324304285411509e-01	   6.4027679172482632e-01	   7.5643504523834149e-01	   3.8082433728604048e-01	   5.0243494943485900e-01	   3.6026822846260936e-01	   4.0147349198825916e-01	   4.9573777581866252e-01	   1.0749154958284185e-01	   5.2915035393668608e-01	   3.7182146436268565e-01	   3.0194158962299805e-01	   2.6128628290055400e-01	   2.1948439432402767e-01	   3.1597162931924988e-01	   1.7610970604344731e-01	   2.6902983484305348e-01	   2.3910182410062408e-01	   2.9176578653764818e-01	   3.2197548941427595e-01	   2.9631268264691596e-01	   1.0045672846144099e-01	   1.9742953262415180e-01	   1.3345015449672054e-01	   2.2511518634079525e-01	   4.4584625074731843e-01	   4.4395987759507699e-01	   3.4765059135245679e-01	   3.3726778249966283e-01	   6.6282763329964067e-01	   1.0832629847149791e+00	   6.0995059767336046e-01	   6.0564902741601612e-01	   3.3534017804892052e-01	   7.3031089255264914e-01	   4.4151149876055901e-01	   4.7292069933725389e-01	   4.8088117621899384e-01	   5.8525081386303990e-01	   6.1048131400075201e-01	   6.0808664128183576e-01	   4.8288985409191293e-01	   4.1810412935241886e-01	   5.2751873729650134e-01	   5.0479807670568366e-01	   6.6788494878472271e-01	   6.4816117334706280e-01	   5.2281614771159457e-01	   4.4065640314928167e-01	   6.5473396275814788e-01	   6.6600160444603318e-01	   7.5471215921230761e-01	   7.8512788745783491e-01	   5.3141808491702425e-01	   6.9702244951413961e-01	   1.5483918031368540e-01	   2.4186572458347355e-01	   3.3201031382547425e-01	   2.8415092983522450e-01	   2.6557996885250523e-01	   5.1185735947632882e-01	   7.1626955813344972e-01	   7.0915784173237639e-01	   2.1328443330440094e-02	   9.6042148201617897e-02	   4.9767624777558951e-02	   3.2917075025414487e-02	   9.9867819990673456e-02	   1.7362886082202306e-01	   5.6861331174362784e-01	   7.3670783313106580e-01	   5.4078245295194283e-01	   6.1496814161779001e-01	   1.8220552159642223e-01	   8.3966618716947480e-02	   1.1671903376999983e-01	   4.4652839667502076e-01	  -5.6464427549873956e-02	   9.8090801549954032e-02	   2.7028787542893890e-01	   1.3183748672411934e-02	  -4.0618727330609575e-02	   1.9064650197394334e-01	   9.7084613126864852e-02	  -3.3084079041490799e-01	
   8.3514385410814607e-01	   6.6389132854268940e-01	   1.3079163093742301e+00	   8.1388377381301680e-01	   8.0366508080767929e-01	   9.8594379443957203e-01	   0.0000000000000000e+00	   1.1744818846991874e+00	   1.2055067875368042e+00	   9.9367696333113464e-01	   1.2250720526731818e+00	   8.9243987179742690e-01	   1.1641770657000063e+00	   8.6061764288729126e-01	   1.0969091747406861e+00	   9.3388610770270974e-01	   5.8012074772341915e-01	   3.6591422356488740e-01	   1.0332199193643241e+00	   8.7219585970677749e-01	   4.7380645492784951e-01	   5.0786516253409808e-01	   8.2732690256953567e-01	   6.5911595112909527e-01	   4.8852856394851357e-01	   5.3051926327578591e-01	   3.0440497404102418e-01	   4.2059917464632290e-01	   6.7774995177918840e-01	   6.3523740856430388e-01	   6.7503937616793996e-01	   5.8366008234951794e-01	   8.2304890961688704e-01	   8.8340147718032691e-01	   2.6341317735043923e-01	   4.5321003923326458e-01	   4.7592746797499730e-01	   4.4145034602411576e-01	   5.7602731417054653e-01	   2.7000167179788120e-01	   5.8912652493000972e-01	   4.4659300693098153e-01	   6.5416621796323604e-01	   5.1840574570830011e-01	   4.6567544610393719e-01	   4.9557611004438668e-01	   5.4399343956576751e-01	   5.7403392515260654e-01	   5.0375183512878419e-01	   4.5696053207386422e-01	   5.7470015695936805e-01	   5.5184985874086778e-01	   3.5392342103157809e-01	   5.0024464815459768e-01	   4.1696336745646945e-01	   4.9520893951547240e-01	   5.8666027128413878e-01	   5.5772006428163534e-01	   6.0417333520787975e-01	   5.3843748218948095e-01	   1.0457983686142081e+00	   9.4582401457195997e-01	   6.9538608558483461e-01	   5.6215102867887667e-01	   3.9181195314472306e-01	   6.6522577135174532e-01	   6.1572651317410121e-01	   5.2895781424123911e-01	   7.2892504059650931e-01	   7.2436662318630907e-01	   7.4228612560408003e-01	   6.6912158401477773e-01	   6.5486578460747313e-01	   5.8962224437257649e-01	   6.6050655063045371e-01	   4.8229850501968774e-01	   8.9903737063722711e-01	   8.2033134597663149e-01	   5.3476755486334948e-01	   5.7416619831485050e-01	   6.1833046590311902e-01	   6.8094051430406510e-01	   7.2084365658515004e-01	   7.6905679657184556e-01	   7.8601228351504115e-01	   7.9951061779529364e-01	   3.0667087323663689e-01	   3.6252449218308880e-01	   5.6073797002769821e-01	   4.7136439606505720e-01	   4.7548542679655381e-01	   6.8934821689655135e-01	   7.2164375552465576e-01	   8.7741275854666001e-01	   1.7375802717076239e-01	   2.4053698129288420e-01	   3.1225624000628427e-01	   2.4760946286286772e-01	   3.3131793617877459e-01	   4.2490083325618716e-01	   4.9190257174840202e-01	   8.2478185562828510e-01	   5.2299320561804907e-01	   6.4425717987475206e-01	   3.4794803218012949e-01	   1.9620262918585574e-01	   3.2152555623754986e-01	   6.1738286755246996e-01	   1.0647604769425911e-01	   1.7439796168945021e-01	   5.1485161777943689e-01	   2.0972545113312122e-01	   1.9217522927099270e-01	   3.9035775459709521e-01	   3.3322824848083521e-01	  -1.1347065577399940e-01	
   6.5900832558038946e-01	   6.2482808347195418e-01	   8.1829582285523794e-01	   9.6647416224295435e-01	   4.6043866624722773e-01	   1.0988051239933774e+00	   1.1744818846991874e+00	   0.0000000000000000e+00	   9.4740118852262167e-01	   1.1131561620807906e+00	   8.8802262344875882e-01	   1.0265952957278295e+00	   7.4003879008410767e-01	   1.1927803420889913e+00	   8.2092374703800108e-01	   1.0361167917044731e+00	   5.9049730073142326e-01	   3.7022507725300563e-01	   8.4757577302227149e-01	   8.3819159933336007e-01	   4.1614222046062810e-01	   4.7134716572647484e-01	   6.3368397804394205e-01	   7.6750387654951369e-01	   3.2704936982864241e-01	   5.4830233611759804e-01	   1.6674687794146928e-01	   2.5678937165560245e-01	   7.3924140937001803e-01	   8.0383009191968002e-01	   7.3149537196139902e-01	   7.3648598641723351e-01	   7.1281329639172453e-01	   8.6859392065627461e-01	   1.5630085807569427e-01	   4.0513462444527620e-01	   2.6824618989199867e-01	   4.1482117675570995e-01	   3.8057731487375446e-01	   1.7927223789126354e-01	   5.0804471743213941e-01	   3.1619956818125039e-01	   3.8330110250255661e-01	   2.9682377152867323e-01	   2.1858822663366329e-01	   2.6398617624135740e-01	   3.1618544652992470e-01	   3.4975785945337262e-01	   2.6573972110028032e-01	   2.2479189622990919e-01	   3.2546444358755278e-01	   3.0653490645848819e-01	   2.4029529622464307e-01	   3.1339697266867333e-01	   1.9426238187945793e-01	   3.1841428411084721e-01	   4.8593745532828336e-01	   4.6425980861791682e-01	   3.3255067999043658e-01	   3.5129285641791291e-01	   7.0840787109791292e-01	   1.1025039286799960e+00	   7.4932205116971140e-01	   7.7214924761354253e-01	   1.7106506749200229e-01	   6.2306730035543767e-01	   3.4918521422081272e-01	   3.7712913599962283e-01	   5.2849351081188134e-01	   5.4797775385988123e-01	   8.3185444949703424e-01	   8.5013587107062827e-01	   6.7945911464949793e-01	   6.8533438186398732e-01	   7.4036306331991442e-01	   6.9700751165987451e-01	   7.8012665209418486e-01	   7.8970994799502792e-01	   5.3014084104924564e-01	   4.7387516729074142e-01	   6.5491181969242651e-01	   6.7868458145225530e-01	   6.0869620177223560e-01	   9.2688576413661250e-01	   5.0879644317639150e-01	   7.7525871696182169e-01	   1.9109505606645288e-01	   2.7108643557686257e-01	   4.0330120487565202e-01	   3.8984355725230552e-01	   3.9381249902067389e-01	   5.0869969520222758e-01	   7.1452309799377489e-01	   5.7960100525434755e-01	   1.7209283654870633e-01	   2.3364498202682640e-01	   2.0324100220881036e-01	   1.6293122334465002e-01	   2.4669075907501314e-01	   3.2358920345201964e-01	   5.2454360495324459e-01	   5.7006943061387794e-01	   4.5772687272559603e-01	   4.9641016445040997e-01	   1.3600886790277500e-01	  -2.1299911363824565e-02	   1.2577192936601281e-01	   4.3173136460191375e-01	   2.0788954335074800e-01	   2.8432199533853936e-01	   3.9967838813953688e-01	   1.5933568615980379e-01	   1.3838331171046386e-01	   3.2051854165439347e-01	   2.1451011949156645e-01	  -1.5808031540987982e-01	
   4.9872390340944017e-01	   4.2172288658621643e-01	   1.1598365517920461e+00	   8.2982808063356273e-01	   9.9419207479434368e-01	   1.0700678347223778e+00	   1.2055067875368042e+00	   9.4740118852262167e-01	   0.0000000000000000e+00	   1.0978460658669384e+00	   8.7764136272685112e-01	   5.7313609183808434e-01	   8.1726990649476972e-01	   6.4105397349539783e-01	   1.2619789196884501e+00	   9.2385717192196437e-01	   4.4379624022501651e-01	   3.2870653531086930e-01	   6.7153329439663700e-01	   6.0132688165751824e-01	   4.3373602355996171e-01	   4.7394649983406828e-01	   9.6767815613942654e-01	   7.8741636577411378e-01	   6.4472789869024161e-01	   5.7013797871376581e-01	   4.2222987795455752e-01	   4.8308129737097483e-01	   4.9690399898788129e-01	   5.0444245089844308e-01	   6.3154049064299089e-01	   5.7330387098382984e-01	   5.9013687606270349e-01	   6.7536143870692178e-01	   4.3122918983075426e-01	   5.0033947838580328e-01	   3.4234050748480938e-01	   3.2411155173835665e-01	   3.7557605803593763e-01	   1.7075072591266058e-01	   4.9359247229377162e-01	   3.0836150224318920e-01	   3.2160327303981456e-01	   2.3266297606369080e-01	   1.9722317389746646e-01	   2.2355001053959325e-01	   2.2370620652437459e-01	   2.7444550870848683e-01	   2.1234535376025104e-01	   1.9317065688146240e-01	   2.6638162300638901e-01	   2.4064791876059177e-01	   1.7200518291256561e-01	   2.7818137682363053e-01	   2.0304574740720047e-01	   2.4512303916812822e-01	   3.4961112830446039e-01	   4.0261728189717128e-01	   3.1406360967162733e-01	   2.3354663837115630e-01	   7.5797553959398201e-01	   7.8518329433906353e-01	   5.8381293481855834e-01	   4.3203099637256881e-01	   5.1188767879963271e-01	   6.1468815915413377e-01	   4.0487553944752791e-01	   3.3310097734886451e-01	   5.6473385235822959e-01	   5.7498942165474720e-01	   6.1822061974619424e-01	   5.6924501319390330e-01	   5.5657043375273241e-01	   4.1967766559972308e-01	   5.4088116266922692e-01	   3.5004959887204218e-01	   6.6835334924793988e-01	   5.2234291463143445e-01	   4.2407183995529740e-01	   4.8134006492493209e-01	   5.6807098791184707e-01	   6.0232817287792939e-01	   7.7764365926981727e-01	   7.6540789981955337e-01	   7.8109810975011895e-01	   6.7188835906606270e-01	   2.7444684519526907e-01	   3.6315617655376481e-01	   4.6471728202028784e-01	   3.5174371866827192e-01	   3.3795224847637506e-01	   5.7733173752978939e-01	   6.3916004048273012e-01	   8.2374487921625272e-01	   1.1167710325355895e-01	   1.7454581440324091e-01	   1.3070925768659766e-01	   9.0362311621157987e-02	   1.7041605528762183e-01	   2.1478780133604466e-01	   2.8564228279206072e-01	   6.2910235389771840e-01	   3.2565077793107061e-01	   4.6615921003363925e-01	   1.5838510400308803e-01	   1.3047598321396664e-01	   1.5550119726130693e-01	   4.2478829034857152e-01	  -1.1478621487337828e-02	   1.1410960169124419e-01	   3.2239406312938279e-01	   1.2869984596620956e-01	   6.4673692476819589e-02	   2.9277685152742450e-01	   2.5303155696533336e-01	  -1.4803921339878015e-01	
   5.3550890109137905e-01	   4.5050673059715185e-01	   7.8398427005706739e-01	   8.5351110061380286e-01	   5.7966290112406271e-01	   1.0155033421741342e+00	   9.9367696333113464e-01	   1.1131561620807906e+00	   1.0978460658669384e+00	   0.0000000000000000e+00	   8.2945254893472464e-01	   8.4184351990629347e-01	   6.8195931386168107e-01	   8.1456916235294263e-01	   9.5052657502118265e-01	   1.2811413429220606e+00	   3.6581873115112468e-01	   2.2805874309974977e-01	   6.2693622401289095e-01	   5.2230370066916565e-01	   2.3843002226354687e-01	   3.8465405080588855e-01	   7.7549486521849953e-01	   7.8433663477199000e-01	   4.2835657770815294e-01	   4.4456269033175699e-01	   1.9901722501026309e-01	   3.0474635997145011e-01	   4.3904041307285635e-01	   4.9302508522358035e-01	   5.5865202235066636e-01	   5.1545695721208018e-01	   3.4272278447071158e-01	   4.3793976527791484e-01	   1.4022235002812858e-01	   2.2355079969276143e-01	   2.0085379437288253e-01	   3.5893948552075833e-01	   2.6563863406787858e-01	   1.6082094764581159e-01	   3.4026406535859832e-01	   2.5015795884813996e-01	   2.7265456599303262e-01	   1.6434216414213226e-01	   3.2022664402887167e-02	   8.5530896503419385e-02	   1.7977114031234062e-01	   2.1848129761437216e-01	   1.6096383606562820e-01	   1.4689995883596302e-01	   3.0063646140083611e-01	   2.7414797964183846e-01	   2.5044976324327989e-01	   3.1951935449960084e-01	   1.7745939848359596e-01	   2.2097990597793440e-01	   3.2602292304917546e-01	   3.6124442686536679e-01	   2.6071882755532177e-01	   3.0900740729650189e-01	   6.4100582744411405e-01	   9.2037669300947178e-01	   4.4356978964535676e-01	   3.8050008567041982e-01	   3.3121029650124306e-01	   6.6363832742631879e-01	   1.8179563391509318e-01	   1.7230486242043461e-01	   3.8620792648780167e-01	   4.7084796744609025e-01	   6.3684137174261302e-01	   7.0892500616339682e-01	   3.9376779289099750e-01	   4.1399583857545252e-01	   4.3355034289172989e-01	   4.5477608626427557e-01	   6.0320119206806044e-01	   5.3618562190450281e-01	   4.2808102997822539e-01	   3.9817227889055751e-01	   4.5932819457319612e-01	   5.2206634530948670e-01	   4.8472434021287236e-01	   7.2711684649069974e-01	   5.4970264668767177e-01	   6.8938171696915673e-01	   1.8819737658780597e-01	   2.9216174696092284e-01	   4.2392484313613610e-01	   3.5474035686207722e-01	   4.5050877098576936e-01	   5.5236335177222373e-01	   8.4819725576399441e-01	   6.4406927640171086e-01	   1.3092506256162179e-01	   1.9061738791945454e-01	   1.0826438948280506e-01	   8.0453493792777844e-02	   2.0109477969338607e-01	   2.3236574931447310e-01	   4.2734726663693501e-01	   5.2464309029124279e-01	   3.2747670664250605e-01	   4.5068314938751108e-01	   1.5336655942014785e-01	   1.0018559125277414e-01	   6.8332326856278727e-02	   3.6316548511609292e-01	   7.5820132145534055e-02	   1.8174194302053637e-01	   2.8176473073882652e-01	   1.2876792383230334e-01	   1.0202422032621791e-01	   2.9706390384975850e-01	   2.7800074414855663e-01	  -1.0925614710605849e-01	
   1.0098324966617636e+00	   7.6607570381079049e-01	   8.2481392073783055e-01	   5.3150290437026260e-01	   6.7935113257997615e-01	   6.8301126065502971e-01	   1.2250720526731818e+00	   8.8802262344875882e-01	   8.7764136272685112e-01	   8.2945254893472464e-01	   0.0000000000000000e+00	   1.0598389868237337e+00	   1.7468933269098466e+00	   1.0152108992033848e+00	   9.7941683146275460e-01	   8.4091987218199826e-01	   7.1935665601637666e-01	   5.2809035980699270e-01	   1.0589531804736900e+00	   8.7232351011262921e-01	   3.7541743010339318e-01	   3.7028522285338505e-01	   5.6667858236387736e-01	   4.6338953363466118e-01	   3.0927724007104818e-01	   2.9096129314618396e-01	   1.9852148614963969e-01	   2.6162079754077056e-01	   7.7127136840660315e-01	   6.6666282511334107e-01	   4.9045841929896417e-01	   4.2719685268074625e-01	   6.8326452262127202e-01	   7.5328404068995303e-01	   1.0744814641434870e-01	   3.1598168688462230e-01	   4.5330252841855884e-01	   3.8291018594687265e-01	   4.9175644555734566e-01	   2.5392538488990646e-01	   6.0226126451499473e-01	   4.9905671464774815e-01	   6.1538345218171875e-01	   5.1039836229046065e-01	   3.9366169346868291e-01	   4.4759756555723373e-01	   5.2905230987618757e-01	   5.5057583702605384e-01	   5.2123128110972305e-01	   4.3751576563641181e-01	   5.8809106243207587e-01	   5.0652554621469992e-01	   3.8763804130782736e-01	   5.1760964786584451e-01	   4.1661583485842241e-01	   4.5875861163028442e-01	   6.4421949159489400e-01	   6.8922266773109198e-01	   5.9496864722045739e-01	   5.5350116992236464e-01	   9.6407246988496842e-01	   7.8020390188731403e-01	   7.7104726080769348e-01	   6.1789673836995862e-01	   1.6962500023565133e-01	   4.4080453815694987e-01	   4.8730523463284903e-01	   4.0126282865582397e-01	   7.2476097510721504e-01	   6.7111902842855420e-01	   6.6269653096808279e-01	   6.3045019703167915e-01	   7.5708906466632520e-01	   7.1890485854105113e-01	   7.3028524528136962e-01	   5.2613135807447531e-01	   9.2588277720780865e-01	   9.5871543460861663e-01	   6.5485091906685511e-01	   6.8538359446225916e-01	   6.7751045627871109e-01	   7.2983147674437976e-01	   6.4631482923207673e-01	   7.1049676351419677e-01	   6.3039808382483520e-01	   6.4838049854006763e-01	   2.8999157332096243e-01	   3.0280380026773396e-01	   5.5733075972182022e-01	   4.3136158660535595e-01	   4.5607279276726331e-01	   5.8563474875902433e-01	   6.1399003740658820e-01	   6.7954668105535010e-01	   1.9420294712567954e-01	   2.6286875274908578e-01	   2.9490906164180258e-01	   2.1777922940643016e-01	   3.5365537376468159e-01	   4.2480828192630588e-01	   4.1635314014146785e-01	   7.6188999739714114e-01	   4.9539445744902366e-01	   5.4363092308530381e-01	   3.0486126291269661e-01	   1.5706396734736913e-01	   3.0407242361456532e-01	   5.2220167694166075e-01	   1.8955206893538354e-01	   2.0390479445575310e-01	   4.8400728135055959e-01	   2.3054851694077028e-01	   2.2580374561459504e-01	   3.8414032284538918e-01	   3.2434532517658721e-01	  -3.6873268918993403e-02	
   1.0686696911068094e+00	   1.0948785866552284e+00	   5.0097339956278475e-01	   4.9519102294752182e-01	   4.7292250603508257e-01	   7.4210655785223545e-01	   8.9243987179742690e-01	   1.0265952957278295e+00	   5.7313609183808434e-01	   8.4184351990629347e-01	   1.0598389868237337e+00	   0.0000000000000000e+00	   9.2289539710804813e-01	   1.6370015161300087e+00	   6.1072527536928778e-01	   8.6611392996137515e-01	   7.9731531653292820e-01	   6.6958572206486133e-01	   9.9513486468333756e-01	   1.0350819386008356e+00	   4.0525312941417047e-01	   4.2713817874879939e-01	   2.6798279820395993e-01	   3.1121697154414629e-01	   1.7329767785918990e-01	   2.4169044094905048e-01	   2.2144225704945919e-01	   2.2784127299394380e-01	   8.2253627889296832e-01	   8.7503899242269034e-01	   3.6271786803420458e-01	   3.1861292286327225e-01	   7.1812247125225459e-01	   7.9372706859377962e-01	  -5.0337001544986638e-02	   2.3652568819662895e-01	   4.7864004248808290e-01	   4.8809499903196135e-01	   5.7184376671147097e-01	   3.8105230703459436e-01	   7.0991410195628946e-01	   6.0432444586069411e-01	   6.1860732385914774e-01	   5.4012737899203422e-01	   4.7653290538899551e-01	   5.6109179081818716e-01	   5.4519435329658372e-01	   6.1804784011474190e-01	   6.2511760851385056e-01	   5.9209505718560917e-01	   6.6040986877703989e-01	   5.9909917224159914e-01	   4.5695618197668925e-01	   5.8026342990973356e-01	   4.7084963856229278e-01	   6.3890141161944602e-01	   9.0841628038527467e-01	   9.5650575256741743e-01	   7.0116856033715746e-01	   8.3264504325447142e-01	   9.4102161110362381e-01	   1.0115484913891539e+00	   7.9038902895222551e-01	   8.3922731144397689e-01	   2.6328537684885588e-02	   4.9594523632426435e-01	   5.0906053803509310e-01	   5.3299973981145377e-01	   6.9429862155742239e-01	   7.2440712561757481e-01	   5.7306048724124969e-01	   5.9871773006041962e-01	   6.9751746209439403e-01	   8.3500171737968754e-01	   7.8456570204866427e-01	   8.1123536259478146e-01	   8.2759418664300699e-01	   9.3131835505360050e-01	   8.1922565012346305e-01	   6.8266909501018180e-01	   8.2339051312146094e-01	   8.3145351515203414e-01	   4.1422637200134826e-01	   7.4321424823085835e-01	   4.1108656817618605e-01	   7.7174301973777892e-01	   2.7870711154076877e-01	   2.6128379736243185e-01	   4.9472619094653247e-01	   5.4944919871737086e-01	   4.8262620131429990e-01	   5.2026269084068377e-01	   6.5436983357058798e-01	   3.9927642228563764e-01	   2.9437215416933171e-01	   3.3729403859640522e-01	   4.2478209147395285e-01	   3.5083527090730243e-01	   5.0243244930674957e-01	   5.7829709161550369e-01	   6.2396618720410568e-01	   7.1198805771803808e-01	   6.8669165845049041e-01	   6.4045711539177996e-01	   3.2525505479159494e-01	   5.4127856112910613e-02	   2.7807114247393194e-01	   5.2366961755706143e-01	   3.3648879038874524e-01	   3.8182003499645462e-01	   5.7203964718084066e-01	   3.1612807904683904e-01	   3.0678142312840301e-01	   4.0875173129686315e-01	   3.3543162896236417e-01	  -2.7446327080316992e-02	
   9.9605450305076537e-01	   7.5784774197443938e-01	   8.9357161894527859e-01	   5.3351502433297526e-01	   7.1063246019935700e-01	   6.5595957516258530e-01	   1.1641770657000063e+00	   7.4003879008410767e-01	   8.1726990649476972e-01	   6.8195931386168107e-01	   1.7468933269098466e+00	   9.2289539710804813e-01	   0.0000000000000000e+00	   9.0237006869772918e-01	   1.0146106877171617e+00	   7.7231497428227058e-01	   6.9566844337016887e-01	   5.0194981729578403e-01	   1.0018615424726180e+00	   8.0875835468530177e-01	   4.4035689824565433e-01	   4.6149486923765448e-01	   5.8234858628349817e-01	   4.5876093051093136e-01	   4.0295520181342287e-01	   3.8182439370881022e-01	   2.7785201601051523e-01	   3.5855348700033701e-01	   7.4252951096821529e-01	   6.1593460338822148e-01	   4.8925940674236856e-01	   4.2157490321706514e-01	   7.1623804261625401e-01	   7.8813155056406781e-01	   2.0073292225339401e-01	   3.8564322574390775e-01	   5.8168116272635717e-01	   4.6542868837728996e-01	   6.1684766158763205e-01	   3.4156076228246751e-01	   6.5265983623568702e-01	   5.7324432676001646e-01	   6.2399828377665001e-01	   5.4032563731418670e-01	   4.9477636019345050e-01	   5.2477487627560593e-01	   5.2535474991648745e-01	   5.9901219290507779e-01	   5.7249362326833664e-01	   4.9385530304214453e-01	   5.8397401586693598e-01	   5.4480277415930467e-01	   3.9717111177484582e-01	   5.4289096272054960e-01	   4.9902504069284748e-01	   5.3424550789137049e-01	   6.8133288724373642e-01	   7.2840385808459329e-01	   6.4564743711075823e-01	   5.9497701945377623e-01	   9.9793352677379321e-01	   7.0814005703844318e-01	   7.5856795485439688e-01	   5.5253252934347086e-01	   2.6934277762709957e-01	   4.5949200799123963e-01	   5.7192447630712040e-01	   4.8778722161818899e-01	   7.5126756839716291e-01	   7.2264187191088902e-01	   5.9141659664701107e-01	   5.4888697130035058e-01	   6.9652046253007394e-01	   6.7343442475062698e-01	   6.5702917960613849e-01	   4.9464302917228581e-01	   9.1632098409683804e-01	   9.5015260766883680e-01	   6.6554378745290144e-01	   7.2565756733784659e-01	   7.2984244382197050e-01	   7.5415626399978852e-01	   7.0694349275930490e-01	   6.9171297403018095e-01	   7.1427577897049188e-01	   7.0319182251941159e-01	   3.6408286488532865e-01	   3.6648289972655540e-01	   6.1989223875956079e-01	   5.0632157307029102e-01	   4.4923506213274034e-01	   5.7861507012832103e-01	   5.9307711550012243e-01	   6.9854996948978887e-01	   2.4012106909137737e-01	   3.2377670349850596e-01	   3.4894519473675051e-01	   3.0253905362648137e-01	   3.7675706790546543e-01	   4.6046339562422089e-01	   3.9340346352741057e-01	   7.8586934780708606e-01	   5.0879540460709416e-01	   6.0009613760598202e-01	   3.9086050222687529e-01	   2.5317853294833198e-01	   3.7051802500605507e-01	   5.2470954952699145e-01	   1.7966206689748715e-01	   2.0888513292653699e-01	   5.1336541931908841e-01	   2.7779761938625080e-01	   2.6787868563693595e-01	   4.4349942009588406e-01	   3.8643686216206541e-01	  -1.0282356073905154e-02	
