   0.0000000000000000e+00	   1.3017321835192524e+00	   1.0979099652501934e+00	   1.1257230240458602e+00	   9.3238941409089593e-01	   8.6171576719867249e-01	   1.2419836020191966e+00	   1.2398361687148580e+00	   7.8038002099657167e-01	   8.6449472806872407e-01	   1.2783753806974525e+00	   1.3085419430307701e+00	   1.2338310214315009e+00	   1.2683582239844884e+00	   9.0745070993956800e-01	   1.0461898976816657e+00	   1.2061027173755825e+00	   1.1183245164059210e+00	   1.4409604753854659e+00	   1.3703538612364627e+00	   7.8827560844018474e-01	   5.3262389723289383e-01	   8.2163595045757676e-01	   8.5835509692672263e-01	   7.2490470201126656e-01	   7.1179190593768393e-01	   6.4470940548976952e-01	   7.5033055189860809e-01	   1.1635707846662855e+00	   1.0509462161122016e+00	   8.6549229778439141e-01	   9.2220411951074310e-01	   1.1114360647228314e+00	   1.0890227163080550e+00	   5.7081291450600835e-01	   4.5089764488074913e-01	   7.0858161016449861e-01	   6.1127056928013390e-01	   9.3092670936186539e-01	   7.4693946561107238e-01	   1.0468614865157697e+00	   8.5241728927670612e-01	   6.8398456911806926e-01	   6.2267281155935639e-01	   6.1680352573016095e-01	   5.9976357911029299e-01	   7.4387308647716166e-01	   8.1789226365181633e-01	   7.9797066751389401e-01	   8.4252527375907182e-01	   1.1208057678422092e+00	   1.0520507040251592e+00	   9.9558792047280964e-01	   1.1452510673912455e+00	   1.0612324169414378e+00	   1.1105219931596328e+00	   1.8933615906277348e+00	   1.2393643689256604e+00	   1.4265162449509126e+00	   1.2521596125041436e+00	   1.1895675090814783e+00	   9.4711185210418081e-01	   1.1342706879962003e+00	   1.0506508570269433e+00	   7.3080184235266710e-01	   8.4958575206873266e-01	   1.0541450199513309e+00	   8.3673127895799704e-01	   1.2796220635966014e+00	   9.8526764673123912e-01	   1.2135567740484423e+00	   1.0957004313664158e+00	   1.1897805947191571e+00	   1.2049603142897358e+00	   1.1508438481641565e+00	   1.1058761103763015e+00	   8.7501145485424814e-01	   8.5718786934667901e-01	   1.0719073813468725e+00	   9.3818339381628835e-01	   1.2732267386257765e+00	   1.2656095630654975e+00	   1.0826731176219626e+00	   1.1492585995852469e+00	   1.0617973660446576e+00	   9.9724194157798973e-01	   8.7632262592458932e-01	   9.5297558837708007e-01	   1.0689500309724460e+00	   1.1618826706634495e+00	   5.6767581113087240e-01	   7.5531412327845104e-01	   6.7443673282525129e-01	   8.7664398169649271e-01	   3.8200680979247364e-01	   7.3489603677588322e-01	   6.9214893965905766e-01	   9.4965068928441632e-01	   9.2302517021519015e-01	   1.0317598954999228e+00	   8.3148476417767603e-01	   1.1236187748847113e+00	   7.2424879834857525e-01	   9.8265749013462889e-01	   1.7153483499973721e-01	   1.0726075529612678e-01	  -9.6751700268923449e-02	  -4.3717976202481010e-02	   2.2327713866299603e-01	   1.7175152722480019e-01	   4.0778033946783176e-01	   6.6429593738302017e-01	   7.2177406419220180e-01	   2.1510030470651970e-01	   1.0178806284012701e-01	   2.1729747586072956e-01	
   1.3017321835192524e+00	   0.0000000000000000e+00	   8.5366258412186047e-01	   9.0723293273633088e-01	   7.4042832281893067e-01	   8.1925764612130136e-01	   9.1556054643091911e-01	   9.8846084174942217e-01	   6.1956442370310660e-01	   7.5104885509406871e-01	   1.0934066117228798e+00	   1.1612933619992658e+00	   1.0697795809326560e+00	   1.0665408395041163e+00	   7.4354363686399416e-01	   8.2587100657775814e-01	   1.2630010115693588e+00	   1.3869857389129403e+00	   1.1565430474846250e+00	   1.3152223795321061e+00	   7.3534781299062646e-01	   5.1007248687765350e-01	   6.9629693019687455e-01	   7.8655687100312399e-01	   6.4549582167641528e-01	   6.6616369854735658e-01	   6.0871878905391763e-01	   7.1590731140531116e-01	   9.6250169865455737e-01	   9.8135457765668188e-01	   6.8019365870235549e-01	   7.2796569081179441e-01	   9.1598236198474536e-01	   9.3537985387174993e-01	   5.6979918700852139e-01	   4.8423987986755879e-01	   5.9005260702223894e-01	   6.0032486498969817e-01	   7.6835517404757214e-01	   6.9496707899987187e-01	   8.0338966352916885e-01	   8.1018314197132701e-01	   6.7309319047853533e-01	   6.3715933576468953e-01	   6.0187753007963163e-01	   6.0624916328432521e-01	   7.5659997779822796e-01	   8.5361812545643945e-01	   7.2007883737287193e-01	   7.6829942407474905e-01	   9.7598154606317511e-01	   9.2495392430398038e-01	   8.5873416079320386e-01	   9.7400480866468042e-01	   9.3953382397259122e-01	   1.0246362365034469e+00	   1.2660338574360555e+00	   1.6948428811810596e+00	   1.0959248861569029e+00	   1.0830373853648214e+00	   9.8217452197917754e-01	   9.2059643286140869e-01	   1.1108569967926309e+00	   1.0710609315572410e+00	   6.5908290337287390e-01	   8.8046662711978252e-01	   9.0268359997646108e-01	   7.9716046158063858e-01	   1.0789920291548967e+00	   9.4608731316511419e-01	   9.9683686652220216e-01	   9.7747644214160501e-01	   1.0418985252787623e+00	   1.1514115290440492e+00	   9.1665643990037438e-01	   1.1989446758937208e+00	   7.7954291670518805e-01	   9.0740741432152250e-01	   1.1596193429264900e+00	   1.1305762699985393e+00	   1.2514474164975238e+00	   1.2855934053322673e+00	   9.1340154899065173e-01	   9.7665717505209126e-01	   9.2931597504981545e-01	   9.0119702726986284e-01	   8.1651220693585913e-01	   8.6235783778323072e-01	   8.9134141815630619e-01	   1.0282591206920335e+00	   4.7329641976090087e-01	   6.1029436953624483e-01	   5.8438935577769890e-01	   7.0828305291481830e-01	   4.3010451522002235e-01	   6.7817895467468936e-01	   8.1648059625116176e-01	   9.1321851218877215e-01	   8.9352696109006224e-01	   8.8234816414704365e-01	   7.3288916947435190e-01	   9.2894161898072780e-01	   6.1955959274319294e-01	   7.2321245134521528e-01	   1.7660201760734778e-01	   8.4768175961536268e-02	  -1.1560502276961324e-01	  -1.1596361291440946e-01	   3.0157539621216650e-01	   2.9568232456610932e-01	   4.7102738543524003e-01	   6.5700687761990184e-01	   5.7693813733308363e-01	   7.4606330009423003e-02	   9.6506450252167655e-02	   2.5323190340849139e-01	
   1.0979099652501934e+00	   8.5366258412186047e-01	   0.0000000000000000e+00	   1.5054962134377077e+00	   1.2567345180929432e+00	   1.1663906832062205e+00	   1.8554777983635904e+00	   1.2247825056881780e+00	   1.1941372667796348e+00	   1.1605885720044453e+00	   1.1749142584850640e+00	   9.5457767969813367e-01	   1.3151453245456115e+00	   1.0812148019552481e+00	   1.7154086420088579e+00	   1.3357977768296254e+00	   7.2426585493604811e-01	   7.0752341401567753e-01	   1.1417878815050722e+00	   1.0213689276541784e+00	   9.6680660919507411e-01	   7.5635030374401324e-01	   1.5168349877744436e+00	   1.3913307248307989e+00	   1.1275314275692465e+00	   1.1125259837604737e+00	   9.2546368969493431e-01	   1.0449831405177543e+00	   9.8435899235322810e-01	   8.5245709287735727e-01	   1.2565524229102552e+00	   1.2198919196427125e+00	   1.1265243275555801e+00	   1.1323798048736771e+00	   7.8662188268569089e-01	   5.6716128807932709e-01	   7.7102395107599453e-01	   7.1756929069745301e-01	   1.1929050015397402e+00	   9.1634030704941305e-01	   9.7112546497179530e-01	   8.2244478933796383e-01	   7.1212684892241318e-01	   6.3399824237552460e-01	   6.5161129804390949e-01	   7.0548205719858803e-01	   6.8608912036470648e-01	   7.8150053020551336e-01	   7.8521820812910081e-01	   8.7336722780560505e-01	   9.9333327107982161e-01	   9.8064997773059082e-01	   1.0194406867454353e+00	   1.1897548871598012e+00	   1.0635077522064256e+00	   1.1267272499034588e+00	   9.3198204232960791e-01	   7.9307744645944300e-01	   1.1459338631869409e+00	   1.1189225367185931e+00	   1.2160155698182205e+00	   8.7471738885801753e-01	   7.9977447294008552e-01	   6.6238949060772789e-01	   1.3263773505312224e+00	   1.0573731961019865e+00	   1.1096511930447894e+00	   9.1512922240286632e-01	   1.1976749327217775e+00	   9.4748709542157938e-01	   1.1334644016292630e+00	   1.0307505752605446e+00	   9.0393677456429256e-01	   8.4904789576377282e-01	   9.2744750145563315e-01	   8.4506637683400310e-01	   6.9464629161713320e-01	   6.4817827329806765e-01	   7.4404845383116636e-01	   8.7598372557059456e-01	   1.0508949974972506e+00	   1.2437082351425468e+00	   1.4364339870597924e+00	   1.3163690061586091e+00	   1.5967126653397643e+00	   1.4554018833103717e+00	   1.2071248468202715e+00	   1.1331804916139931e+00	   1.5214357274646249e+00	   1.4144669360472615e+00	   7.2269168381336846e-01	   1.0743132973046434e+00	   9.8623025402450437e-01	   1.4266740414673622e+00	   3.3094018261436320e-01	   6.4550423394390055e-01	   6.3550048938928227e-01	   7.6729512971513036e-01	   7.9377071526888243e-01	   8.3079747210989374e-01	   7.8169873188508177e-01	   1.0021105258718153e+00	   7.3762749665980276e-01	   8.3942789499960235e-01	   7.1786376133155638e-02	   8.9919228024783915e-02	  -2.3522485712358676e-01	  -5.8406035588436246e-02	   1.6973137645298747e-01	   1.6265871423083436e-01	   4.7124393226371725e-01	   5.8849106459404821e-01	   6.4434933536232608e-01	   1.9128902333658104e-01	   2.0035601945314252e-01	   9.7660634591679979e-02	
   1.1257230240458602e+00	   9.0723293273633088e-01	   1.5054962134377077e+00	   0.0000000000000000e+00	   1.1830808675272124e+00	   1.2801073288055993e+00	   1.5578290584256749e+00	   1.6938630546116189e+00	   1.1815574532034594e+00	   1.3995998457598835e+00	   1.0468614918299419e+00	   1.1524167776071366e+00	   1.2135926494616016e+00	   1.2914684248816573e+00	   1.2277162300514495e+00	   1.4580508367827734e+00	   7.5845443817277636e-01	   7.7328327563632526e-01	   1.1366386424686730e+00	   1.1575008766608239e+00	   8.8488994327630766e-01	   6.7973817973204431e-01	   1.1138468036096267e+00	   1.3102660156968984e+00	   8.4798138705372073e-01	   9.6947280584852968e-01	   7.4437358611750348e-01	   9.6514928927268206e-01	   9.4470479921848116e-01	   9.3599779678879935e-01	   1.0485337709653808e+00	   1.1730291385007698e+00	   1.1311281988250603e+00	   1.2568112652353516e+00	   7.0402318129000097e-01	   5.1420260940358298e-01	   7.5183744378060613e-01	   7.1714183571612511e-01	   1.1798893841316032e+00	   8.5627081195155685e-01	   1.0299430046755236e+00	   7.6148403345881555e-01	   7.4024569699326148e-01	   6.8921617463945628e-01	   7.0025634474756226e-01	   7.6243873784039917e-01	   7.3959648406359624e-01	   8.0908785674218042e-01	   8.4251675400479509e-01	   9.5455019473100278e-01	   1.0548810294402249e+00	   1.0736132649077770e+00	   1.1291459492270446e+00	   1.1356834138925138e+00	   1.1588439349108441e+00	   1.1657999170654274e+00	   9.5646155812608924e-01	   8.5874215712523472e-01	   1.2434288883679887e+00	   1.4100532403309740e+00	   1.2792304083101766e+00	   1.2446410953949709e+00	   8.4884362927770929e-01	   8.0458056102006104e-01	   1.0402952589661167e+00	   1.2843371057028021e+00	   1.1053538239817522e+00	   9.7824074102419545e-01	   1.1780840837239295e+00	   1.0153004212490697e+00	   1.0695740834941434e+00	   9.8110603522232531e-01	   9.6726816857112918e-01	   9.1972964994374717e-01	   9.8913958731617324e-01	   9.0340833510448004e-01	   7.0454235640124940e-01	   7.3960247168569382e-01	   8.0462061172244925e-01	   9.2944337641710340e-01	   1.1362867244620010e+00	   1.3013539024264649e+00	   1.3014173129888120e+00	   1.3300187395568146e+00	   1.2709941331112811e+00	   1.6024601689284270e+00	   1.1499562090263842e+00	   1.1679305117670666e+00	   1.4074608536093982e+00	   1.5931572060950703e+00	   7.3103184080080486e-01	   9.3121906838453117e-01	   1.0468184939409724e+00	   1.1956897430957494e+00	   2.8556934879882517e-01	   6.3945137217850256e-01	   6.0598102646261753e-01	   7.4871054762763867e-01	   9.2541308761659602e-01	   9.1534567179329829e-01	   9.7373232742733939e-01	   1.0042456215764402e+00	   7.6414577433290010e-01	   7.9550452044285347e-01	   7.0536697444370536e-02	   2.3375479668999631e-02	  -2.3501676679505118e-01	  -9.0974504775314671e-02	   2.2767353973079546e-01	   1.7677136755138206e-01	   3.6940731546897282e-01	   6.0949237878688034e-01	   7.5345641682655351e-01	   1.8513153389067777e-01	   1.9969434916483994e-01	   1.4983891556374795e-01	
   9.3238941409089593e-01	   7.4042832281893067e-01	   1.2567345180929432e+00	   1.1830808675272124e+00	   0.0000000000000000e+00	   1.2433465736523206e+00	   1.2519883996185208e+00	   1.1279757619349771e+00	   1.5666288790474909e+00	   1.4726583461049723e+00	   1.0372502813767150e+00	   7.8797635861908666e-01	   1.0937770090963512e+00	   9.1767972002756615e-01	   1.3184170349663860e+00	   1.1479684074825049e+00	   6.3920359625593537e-01	   6.3130110697450947e-01	   9.1019270373167849e-01	   9.0459891837822859e-01	   9.4902739202677289e-01	   6.1410420581576974e-01	   1.1413257855715744e+00	   1.1773046906523734e+00	   8.6766758918563414e-01	   8.8919032716291002e-01	   9.8076339957298042e-01	   1.0576542438093151e+00	   7.5212437359035444e-01	   6.7635356304156513e-01	   8.7934917318882599e-01	   8.7139146136636481e-01	   9.2130272516698664e-01	   9.4084386359286354e-01	   7.1334990242899499e-01	   5.3016014739636064e-01	   5.6834539078889068e-01	   5.6589451540460556e-01	   9.0843533784981934e-01	   7.0563841613136791e-01	   7.6222966305360540e-01	   7.4536867330950440e-01	   7.0315211262492450e-01	   6.1593657435708515e-01	   7.0597493695929203e-01	   7.1466826471280553e-01	   6.8708593880789115e-01	   7.1301163692214531e-01	   7.5459339411843129e-01	   8.0874201485123620e-01	   8.5478931167205596e-01	   8.4071531899552632e-01	   8.4527108638701454e-01	   9.1157528563410006e-01	   9.5570282533592743e-01	   8.5771284754235422e-01	   8.2727416411908816e-01	   7.2627578735305343e-01	   9.5511801580513667e-01	   1.0014052395133373e+00	   1.1304454986962780e+00	   8.8758973158519128e-01	   8.1820739744751747e-01	   6.2805771554210787e-01	   1.0825165719806524e+00	   9.8135290265524655e-01	   1.0255576695977773e+00	   8.8765645934629511e-01	   1.0391561622140435e+00	   8.9835064354971639e-01	   7.9726898058479945e-01	   7.5841733369476472e-01	   7.2973207474045843e-01	   6.4296117929987895e-01	   7.4370512755350715e-01	   6.5355934945183225e-01	   6.5204517564795783e-01	   5.6145748848968779e-01	   6.6345313596887312e-01	   7.1320601643724735e-01	   8.5452569833667136e-01	   9.1274994859942060e-01	   1.1315876122229840e+00	   1.0861709671086444e+00	   1.1812047281542930e+00	   1.0550546432725929e+00	   1.0357719472125293e+00	   8.6489111064712765e-01	   1.1972799025470893e+00	   1.0629502189746691e+00	   7.3802908018945867e-01	   9.9194731976367834e-01	   7.8063600877488470e-01	   9.9902781797421158e-01	   3.6178520198856423e-01	   8.1286408282386025e-01	   5.9550585876813822e-01	   7.0499262239177130e-01	   8.6333553425052256e-01	   9.0899772784080279e-01	   6.8364966155045548e-01	   7.8207099970309946e-01	   6.3136912793836564e-01	   6.6812407404852470e-01	   1.9516346332735662e-01	   1.6844592254691734e-01	  -6.3459623698629675e-02	   7.8522144400033772e-02	   2.5947304669710863e-01	   1.3453638055801428e-01	   4.2953860802364718e-01	   5.7714632328840265e-01	   5.8445462645116408e-01	   1.6193862605466430e-01	   1.5315979077149805e-01	   1.9346699283020985e-01	
   8.6171576719867249e-01	   8.1925764612130136e-01	   1.1663906832062205e+00	   1.2801073288055993e+00	   1.2433465736523206e+00	   0.0000000000000000e+00	   1.0542873834796185e+00	   1.1046188320649613e+00	   1.0897557294969529e+00	   1.7676124948027327e+00	   8.5402422129197653e-01	   8.1788552999166930e-01	   9.5225326379780473e-01	   9.5125911077177872e-01	   1.2118242125763163e+00	   1.2222125829041990e+00	   6.1640428992844221e-01	   6.4082982049512083e-01	   8.3895474905772738e-01	   9.1871341296501974e-01	   1.2177637786494591e+00	   8.9712246890652536e-01	   1.1446883563682113e+00	   1.5240706632745218e+00	   9.6974203980613627e-01	   1.2504124170461395e+00	   1.0963318212258457e+00	   1.5284473371333647e+00	   6.6600830333882177e-01	   6.7099092501683322e-01	   8.8357337483826526e-01	   9.2488315799256859e-01	   9.6211171519072203e-01	   1.0047859328177393e+00	   9.4504702278457753e-01	   7.0337191188583914e-01	   5.9872203903147403e-01	   7.2617574791572903e-01	   9.9224348012079122e-01	   7.8716570545326081e-01	   8.2000820242323713e-01	   6.6321419934865122e-01	   7.0019692707636283e-01	   6.5701579803061616e-01	   6.0718178384525057e-01	   6.8596343959503092e-01	   7.1787689362084617e-01	   7.2895830983774534e-01	   6.6545240572186326e-01	   8.0479115486255248e-01	   9.6417989172196494e-01	   9.4117304715379868e-01	   9.2672388720201837e-01	   9.1194130342181290e-01	   1.0002960633953535e+00	   8.9040560432087790e-01	   8.4342217396137409e-01	   8.4475557041607430e-01	   9.1219549988202053e-01	   1.0335116387867342e+00	   9.7575928086697561e-01	   9.2699710315445893e-01	   7.7368544535254102e-01	   6.1793619218821372e-01	   1.0697497136320204e+00	   1.3216494675870181e+00	   9.9265978945837285e-01	   9.6838298291760172e-01	   1.0434152649631545e+00	   9.3601029062292374e-01	   8.9600548886002396e-01	   9.1954000422418547e-01	   7.6314504409652162e-01	   7.4936081822593259e-01	   7.9977383065475027e-01	   7.6390632362476807e-01	   7.1013053683953176e-01	   6.8034214198750242e-01	   6.6315121105446639e-01	   8.3281600663467503e-01	   9.4321467231820255e-01	   1.0446702578264557e+00	   1.0964868593187156e+00	   9.9821195863841172e-01	   1.2266891459120801e+00	   1.3080477367959771e+00	   1.1748834775659973e+00	   9.3615916803070065e-01	   1.1328205515807979e+00	   1.1873123907732384e+00	   6.6033991164142813e-01	   8.2261559697393560e-01	   7.4288112702857434e-01	   8.5882268438463094e-01	   3.8142683448519094e-01	   7.6745674281946008e-01	   7.0023967058449554e-01	   7.4712261771566546e-01	   8.2184822271116520e-01	   7.6396844777241246e-01	   6.4974382314487178e-01	   7.2365481394544262e-01	   5.5027498995662305e-01	   5.6694608754154630e-01	   1.6253324495641203e-01	   8.9738407586169744e-02	  -1.2986137036679643e-01	  -1.3907434893654376e-02	   2.3575180780211480e-01	   2.8872426393999512e-01	   5.2830920440931284e-01	   4.8375308408135664e-01	   5.4177725422061018e-01	   1.5449325834106561e-01	   2.3347392190981950e-01	   1.6989504505293473e-01	
   1.2419836020191966e+00	   9.1556054643091911e-01	   1.8554777983635904e+00	   1.5578290584256749e+00	   1.2519883996185208e+00	   1.0542873834796185e+00	   0.0000000000000000e+00	   1.6374467281609146e+00	   1.3096181844876393e+00	   1.1506244413123812e+00	   1.4780661681205016e+00	   1.1586490642636091e+00	   1.6879830677406156e+00	   1.3486263454897076e+00	   1.4343610464591849e+00	   1.5024528099056127e+00	   9.0819275908368069e-01	   8.7818057579857578e-01	   1.4280403776055837e+00	   1.2556301428039329e+00	   8.2318300456673943e-01	   6.1522586662433520e-01	   1.2451542491163183e+00	   1.1707243551361148e+00	   8.8383646904902036e-01	   8.8018212003894747e-01	   7.0107845382560230e-01	   8.4291720053775454e-01	   1.1685534163824920e+00	   1.0464113922678668e+00	   1.1718975281069555e+00	   1.1808650069323376e+00	   1.2818272343918458e+00	   1.3030850041698283e+00	   6.9709207637799064e-01	   5.5165667882524816e-01	   7.3098412339868868e-01	   7.1151433260253605e-01	   1.1542029991093097e+00	   9.0219653441042724e-01	   1.0222669933810820e+00	   8.6294163422208847e-01	   7.9985728077672635e-01	   6.9380578669484017e-01	   7.4426245254735501e-01	   7.7866528225092901e-01	   7.6692056317590351e-01	   8.9672998448416907e-01	   9.1334725970632746e-01	   9.8146225009914534e-01	   1.0590529185383002e+00	   1.0978897250854127e+00	   1.0802270236582945e+00	   1.2096214457734573e+00	   1.1844144259776570e+00	   1.2343867816448344e+00	   1.0280488233158005e+00	   9.0341350163552725e-01	   1.3326515730296049e+00	   1.2854835235899873e+00	   1.5580345635578086e+00	   1.0884644867609337e+00	   1.0854372833201971e+00	   9.3412268590955150e-01	   1.1231533078799747e+00	   1.0762057264839779e+00	   1.2835115105253871e+00	   1.0348195249838092e+00	   1.2768057063178304e+00	   1.1174252887952101e+00	   1.1729982236032717e+00	   1.0281705805236898e+00	   9.7276481557816852e-01	   9.3463669442378550e-01	   9.9556587395272456e-01	   9.4692877774278705e-01	   7.9517011044830177e-01	   7.8915127960597264e-01	   9.1801460769604493e-01	   1.0186616924684826e+00	   1.2539949683452725e+00	   1.4362846675688459e+00	   1.4810205761830244e+00	   1.5044222537317715e+00	   1.4369272946142859e+00	   1.3569038575279855e+00	   1.1300803368147190e+00	   1.1250115198254305e+00	   1.5275746734231013e+00	   1.5228733345670060e+00	   8.5720760782140348e-01	   1.1544488729093294e+00	   1.0752285753256980e+00	   1.3835640138206791e+00	   3.5933585689519543e-01	   7.1036995588709484e-01	   6.5998895020182535e-01	   8.2750985839816282e-01	   9.3642178547758115e-01	   1.0054447122641514e+00	   9.9327050702938147e-01	   1.2003195700495761e+00	   9.1310468794387845e-01	   1.0344912048309225e+00	   2.2141192118245948e-01	   1.9463924304122293e-01	  -1.8157923547744290e-01	  -3.0467822693448542e-03	   2.5096380063446333e-01	   2.0627677502236394e-01	   5.5008069539294402e-01	   6.6800270759286717e-01	   7.2547650313831591e-01	   3.1611093311702082e-01	   2.6188556760170434e-01	   1.6701740559365641e-01	
   1.2398361687148580e+00	   9.8846084174942217e-01	   1.2247825056881780e+00	   1.6938630546116189e+00	   1.1279757619349771e+00	   1.1046188320649613e+00	   1.6374467281609146e+00	   0.0000000000000000e+00	   1.2420127092168287e+00	   1.2769333399777409e+00	   1.3430016118117594e+00	   1.3990006475447292e+00	   1.4787162532313827e+00	   1.6736137280169665e+00	   1.0443563769362580e+00	   1.4412739113719242e+00	   9.9173577357843024e-01	   9.8240375731745666e-01	   1.3087182279503120e+00	   1.3392757215851760e+00	   7.6446726115488994e-01	   5.4767935028237202e-01	   9.2214001547409208e-01	   1.0162173219049899e+00	   6.3126669766644361e-01	   7.2040024755856458e-01	   5.3637740118903598e-01	   7.3386334642810180e-01	   1.1078648396921722e+00	   1.1376862678641646e+00	   9.8113021193674899e-01	   1.1074741898180080e+00	   1.2280945120101958e+00	   1.3846031132774046e+00	   6.2017786409870945e-01	   5.1565019322225525e-01	   6.2495734166870753e-01	   6.2663744417508682e-01	   1.0198053046133935e+00	   7.9027026885077878e-01	   9.4034537434048637e-01	   7.5313492307321039e-01	   8.0181300275728407e-01	   7.3767630739636014e-01	   7.6933015170353825e-01	   7.8617609372674735e-01	   7.9348620296455419e-01	   9.0447267492251937e-01	   8.7167727048872523e-01	   9.3983575702652844e-01	   1.0312919288206002e+00	   1.0379712111166590e+00	   1.0092468636283363e+00	   1.0399907563050184e+00	   1.1229855183826991e+00	   1.1325190013949094e+00	   1.0625504819202638e+00	   1.0096058602804092e+00	   1.3321943711895781e+00	   1.3585764383681604e+00	   1.5470690278958021e+00	   1.5688878628200276e+00	   1.1771614651088924e+00	   1.1452546477089582e+00	   9.2013003219023559e-01	   1.2457943275954957e+00	   1.2033526041347633e+00	   1.0629950601181102e+00	   1.1361835625493311e+00	   1.1499507943148148e+00	   1.0385170021823797e+00	   9.6010888799062111e-01	   1.0136855996232699e+00	   1.0108457740486467e+00	   1.0247134074453770e+00	   1.0078808979665832e+00	   8.3777306071686131e-01	   8.8316897118940452e-01	   1.0123206145930435e+00	   1.0766818034934240e+00	   1.2963827765375329e+00	   1.3711824680587088e+00	   1.1613495201629211e+00	   1.3514432997353478e+00	   1.1237088640385156e+00	   1.2636641700563140e+00	   9.3013248784262648e-01	   9.8714830990508085e-01	   1.2309248430374296e+00	   1.4043430854855994e+00	   7.7493866375734710e-01	   9.0939617900911351e-01	   9.6826836107900249e-01	   1.0544582053838922e+00	   3.3290054431447508e-01	   7.5090388412746578e-01	   6.3475095899100986e-01	   7.9841016799936360e-01	   1.0023064751671129e+00	   1.0500141260463223e+00	   1.0846888756767645e+00	   1.1527871841183384e+00	   8.5009695320447154e-01	   9.3187610925495912e-01	   2.1633836053779337e-01	   1.2311185190350873e-01	  -1.0854118926240344e-01	  -8.7152432304117144e-04	   3.3553229309377164e-01	   2.6979647478045254e-01	   4.8335572314058428e-01	   7.2098024872772115e-01	   7.8256757663122956e-01	   2.6623781731526674e-01	   2.1725608707032132e-01	   2.4148840637570654e-01	
   7.8038002099657167e-01	   6.1956442370310660e-01	   1.1941372667796348e+00	   1.1815574532034594e+00	   1.5666288790474909e+00	   1.0897557294969529e+00	   1.3096181844876393e+00	   1.2420127092168287e+00	   0.0000000000000000e+00	   1.3254306501498589e+00	   9.9122202680321170e-01	   7.4241813562395920e-01	   1.1376449706122003e+00	   9.2839234330691578e-01	   1.2362038861702733e+00	   1.2386520293873624e+00	   6.3454146264761435e-01	   6.1566499399894747e-01	   8.5803076126059197e-01	   8.8429693027344924e-01	   8.5381969436052463e-01	   5.4124975676815390e-01	   1.0193979236983488e+00	   1.0141816964881751e+00	   6.9238243610894079e-01	   7.2784575292739140e-01	   7.1883433085824833e-01	   7.9621807846643233e-01	   7.8122367971193940e-01	   7.5779438215158512e-01	   8.7684312888479066e-01	   8.9556646910065840e-01	   9.3907845561440628e-01	   1.0079540655808630e+00	   6.0943738562266969e-01	   4.7008328445504594e-01	   5.7003292922863014e-01	   6.1172446962721461e-01	   8.9338929636804609e-01	   7.2931925351212890e-01	   7.7597408149837399e-01	   7.0836479499451332e-01	   8.0262399981170707e-01	   6.8820369637976941e-01	   7.8135533186737005e-01	   7.9890163638322054e-01	   7.6159769385313303e-01	   7.3899334045079157e-01	   8.3374070496425290e-01	   8.4171706886074527e-01	   8.2204726433806463e-01	   8.2784094721388368e-01	   8.9551210801938863e-01	   8.6561129255497482e-01	   9.6369819587870675e-01	   8.6496819684515991e-01	   6.7995331426017247e-01	   6.3183276954657497e-01	   9.1762640319858468e-01	   9.9210191396826009e-01	   1.2179087313977226e+00	   1.0200164094052167e+00	   8.3173412565348281e-01	   6.7491639669454928e-01	   1.0187222379006320e+00	   1.0070764650726793e+00	   1.1304351101912133e+00	   9.9246299712296815e-01	   9.8980442973203642e-01	   1.0634360935493952e+00	   7.2740139958497407e-01	   7.2528067901910820e-01	   6.0655596293249081e-01	   5.7118664652951989e-01	   6.4684866829682841e-01	   5.8833952540389833e-01	   5.4088959682433257e-01	   5.0837665467715820e-01	   6.5299675512748168e-01	   7.6798186332671847e-01	   8.7193630024651181e-01	   9.2075631541524761e-01	   1.1599948501509472e+00	   1.1045279811241819e+00	   1.0208565058454424e+00	   9.9610528363429185e-01	   8.2956649457726672e-01	   7.2618497822313532e-01	   1.1249386272717425e+00	   1.0976678687888137e+00	   9.6064211038851455e-01	   1.2012843740636512e+00	   9.3169787246160884e-01	   9.6632463793405776e-01	   2.8659398374361317e-01	   7.8691376605039121e-01	   5.6808665436875971e-01	   6.5372499472547341e-01	   9.0761881669336220e-01	   9.4924222221648802e-01	   7.7920614366116214e-01	   8.5112949745533095e-01	   7.4505150182875435e-01	   7.3197977638959766e-01	   2.3419544027653558e-01	   1.6486443099030190e-01	  -8.0806514353497366e-02	   1.7622016654630654e-01	   1.9776406240312061e-01	   1.2504396323181138e-01	   4.7982247192183841e-01	   5.6707759989599005e-01	   5.3973368833032498e-01	   2.2210489768205158e-01	   1.3433214350307407e-01	   8.5741113104051692e-02	
   8.6449472806872407e-01	   7.5104885509406871e-01	   1.1605885720044453e+00	   1.3995998457598835e+00	   1.4726583461049723e+00	   1.7676124948027327e+00	   1.1506244413123812e+00	   1.2769333399777409e+00	   1.3254306501498589e+00	   0.0000000000000000e+00	   9.5649581499823022e-01	   8.6842176771296942e-01	   1.0155989077074898e+00	   1.0154360850477535e+00	   1.2353394401896198e+00	   1.3590387408232771e+00	   6.1255537705466112e-01	   6.3352148709837386e-01	   8.5918225227805500e-01	   9.1202360527667814e-01	   9.6130227605674823e-01	   6.5492107937586397e-01	   1.1405290470671414e+00	   1.4126090822572765e+00	   7.8570908921869431e-01	   9.6269196028514348e-01	   8.6769188400101394e-01	   1.1270845705322410e+00	   6.7888798535021078e-01	   7.0714873530973521e-01	   8.6827545440692433e-01	   9.4863505080965216e-01	   9.2606648905890676e-01	   9.8088082993070325e-01	   7.5253116187458424e-01	   5.6034036744976989e-01	   5.0854893189344186e-01	   5.6985884626856043e-01	   8.4834745724048288e-01	   6.2516978421614666e-01	   7.4436771244765654e-01	   5.9574979515155013e-01	   6.1615086614677927e-01	   5.8264183435515382e-01	   5.5924215865673688e-01	   6.0703316658023743e-01	   6.5646671986512262e-01	   6.7389287582379198e-01	   6.2921346347712259e-01	   7.1630982173748459e-01	   8.3601309379610256e-01	   8.1680351700371889e-01	   8.5369501768276512e-01	   8.4083559005917663e-01	   9.2196584721932695e-01	   8.2179438105497171e-01	   7.8076926734932484e-01	   7.7940856501820233e-01	   8.8629742695471170e-01	   9.8944339577500218e-01	   1.0822314059915794e+00	   1.0453790489460522e+00	   8.0433094409227590e-01	   6.6847967859988877e-01	   1.0450352664034062e+00	   1.2617911672185427e+00	   9.2621309746567482e-01	   8.5014929673240835e-01	   9.7149125677978898e-01	   9.1371391754067743e-01	   8.1958015589589284e-01	   7.8581669697020562e-01	   7.7911151532940726e-01	   7.2928637355888881e-01	   8.5430311739792386e-01	   7.3906408047175243e-01	   6.9388855756758350e-01	   6.0657998379391187e-01	   6.4993798116790102e-01	   8.0185356286466836e-01	   8.9790852507917096e-01	   9.7480168588893856e-01	   1.0593990743756030e+00	   1.0292273790625135e+00	   1.2131278814563273e+00	   1.2390306021931285e+00	   1.0473598407026143e+00	   8.5496292648767391e-01	   1.1097954444319063e+00	   1.1028249204017087e+00	   6.5392720931118953e-01	   8.3223422231526212e-01	   7.4790476484507595e-01	   8.9191264119052760e-01	   3.0142665240710220e-01	   7.4489901978657658e-01	   5.6285243984078859e-01	   6.9088969884972340e-01	   7.9138493912073060e-01	   7.9122273118487829e-01	   6.8256490318210161e-01	   7.6138319964965551e-01	   5.5756773814405680e-01	   5.8002967723066612e-01	   1.6245641506454275e-01	   1.1342468012929766e-01	  -1.0427129736120724e-01	   5.7544158334793000e-03	   2.8568630054612965e-01	   2.4071223781020915e-01	   4.5950238014930045e-01	   5.2264720200240400e-01	   5.6284160192215538e-01	   1.9803013164568767e-01	   2.3038269327720137e-01	   1.9964072159385912e-01	
   1.2783753806974525e+00	   1.0934066117228798e+00	   1.1749142584850640e+00	   1.0468614918299419e+00	   1.0372502813767150e+00	   8.5402422129197653e-01	   1.4780661681205016e+00	   1.3430016118117594e+00	   9.9122202680321170e-01	   9.5649581499823022e-01	   0.0000000000000000e+00	   1.4284263597035536e+00	   2.0012002120334813e+00	   1.4227687367492281e+00	   1.0834439398447706e+00	   1.1982304665103549e+00	   1.0187456323422333e+00	   1.0081354403994487e+00	   1.3099592639274369e+00	   1.1537280056847345e+00	   6.7812438268285591e-01	   4.4384294156121840e-01	   9.1282308569986237e-01	   8.8025168277780441e-01	   6.1834929468462141e-01	   6.2569515079871163e-01	   5.3477198100166867e-01	   6.8052400676269453e-01	   1.0382764084930676e+00	   1.0082128784787174e+00	   8.5431202262963946e-01	   8.9777013339600331e-01	   1.0927894383830461e+00	   1.0760842184164199e+00	   6.0466606009212276e-01	   5.0765034619922211e-01	   6.1926700815820590e-01	   5.4682661674657096e-01	   8.5382400013040016e-01	   6.8491743051414933e-01	   7.8091784179357748e-01	   7.2914839268600817e-01	   6.1306471193145817e-01	   5.3781035451236714e-01	   5.8975364621923543e-01	   5.6916620320362443e-01	   6.4495063062911429e-01	   8.1256064921761573e-01	   7.0581496176577341e-01	   7.4965204205447011e-01	   8.5405552664151929e-01	   8.4776322225138290e-01	   7.4075363511148729e-01	   9.0323095751043359e-01	   9.5525451319515342e-01	   9.7208324971893378e-01	   1.0656497793391326e+00	   1.0037743612193881e+00	   1.1138630753028089e+00	   1.0392147127734215e+00	   1.4906842757210912e+00	   1.1013037756437398e+00	   1.2822395915290479e+00	   1.0614460449475995e+00	   9.4530896511247342e-01	   9.2347091793563496e-01	   9.7098101770445133e-01	   7.8295580151406197e-01	   1.1461342799148149e+00	   9.3607188151202669e-01	   1.0935845328066867e+00	   8.7343168210747812e-01	   1.0714054944360996e+00	   1.0605940715226001e+00	   1.0607671155695377e+00	   1.0929282193538596e+00	   9.1890080744399183e-01	   8.6347440317171065e-01	   9.5613490647779598e-01	   9.4944765834887423e-01	   1.0838768442823670e+00	   1.2053504852704873e+00	   1.0417529223817414e+00	   1.1424135452211761e+00	   1.2479954706087448e+00	   1.0129095944451569e+00	   9.1235675161619834e-01	   8.3458251322473742e-01	   1.1999423240271867e+00	   1.1019546714816144e+00	   5.6976796561710064e-01	   7.8412754223673453e-01	   6.9142185088169406e-01	   9.1237466862781313e-01	   4.7728834133680481e-01	   7.3907310830290485e-01	   6.8944342365957634e-01	   8.8539042227237230e-01	   8.5469344476657239e-01	   9.0789009717712332e-01	   7.5228896606611384e-01	   1.0150402111634924e+00	   6.2212907203230672e-01	   9.1508398845256589e-01	   3.1387500747950409e-01	   2.7727793362711040e-01	  -4.7113213787180634e-02	  -3.9504962254003829e-02	   4.0478598423069950e-01	   3.6799101619775337e-01	   6.1722574099067473e-01	   7.9736476281897561e-01	   6.7850575760219412e-01	   3.1231110247784838e-01	   2.7106789169561107e-01	   3.8338241200635581e-01	
   1.3085419430307701e+00	   1.1612933619992658e+00	   9.5457767969813367e-01	   1.1524167776071366e+00	   7.8797635861908666e-01	   8.1788552999166930e-01	   1.1586490642636091e+00	   1.3990006475447292e+00	   7.4241813562395920e-01	   8.6842176771296942e-01	   1.4284263597035536e+00	   0.0000000000000000e+00	   1.3630845445162345e+00	   1.7331500341519737e+00	   7.9441336016958630e-01	   1.1143095769908935e+00	   1.0341129760474987e+00	   1.0555666113486832e+00	   1.2320837058375973e+00	   1.1699247924050264e+00	   6.2684523703436812e-01	   4.3035702795067332e-01	   7.2956917746448169e-01	   8.0002364979953189e-01	   5.3610768321689251e-01	   5.9760903157095646e-01	   4.3133070364223558e-01	   6.1554973167452043e-01	   1.0733120820331694e+00	   1.0998293372425791e+00	   7.9713777772355643e-01	   9.2185103694930914e-01	   1.0257689260889569e+00	   1.0676181313443487e+00	   5.3126946471401504e-01	   4.4680456200373853e-01	   6.1629159525882737e-01	   5.5003596155280510e-01	   8.4091878654577490e-01	   6.6011411427471856e-01	   8.0478006379025435e-01	   6.5506901634846104e-01	   5.9129227343490165e-01	   5.7241328399851865e-01	   5.7738264747398205e-01	   5.8588419120849489e-01	   6.5961409984474173e-01	   8.1231430636714297e-01	   7.0813878285302922e-01	   7.7237805133707593e-01	   9.1819028617959597e-01	   8.7043943133679424e-01	   7.5481360629105965e-01	   8.5274991302406733e-01	   9.2122306215475069e-01	   9.6238737579505707e-01	   1.1102673514207093e+00	   9.8766514785466408e-01	   1.1607480274576230e+00	   1.1068323173306394e+00	   1.2888451931149052e+00	   1.3772835875484029e+00	   1.1070091396645321e+00	   1.1580410169668884e+00	   7.4904767131044792e-01	   1.0312019815225513e+00	   8.4829408525703698e-01	   7.4748726347294692e-01	   1.0703064346658770e+00	   8.1602335150027527e-01	   1.0795621974795908e+00	   8.7505552686378507e-01	   1.2567357504060874e+00	   1.2470974422691212e+00	   1.2117669734516696e+00	   1.2213876728257738e+00	   9.0366152078753492e-01	   9.4464978477105110e-01	   1.0562577091726284e+00	   9.5954983619822320e-01	   1.1634249939718224e+00	   1.2287081133200988e+00	   8.6842313335917631e-01	   1.0443517543865419e+00	   1.0181289850942496e+00	   1.0424414032282678e+00	   8.3931678912224172e-01	   8.5801838732934810e-01	   1.0030936094126321e+00	   1.0832899773449689e+00	   4.4999664562708663e-01	   5.7871705190545242e-01	   6.5665937418674114e-01	   8.0327091174567822e-01	   4.2425529372611170e-01	   5.6702142850239146e-01	   6.2042280684559925e-01	   8.0086994775746578e-01	   7.8290721462054980e-01	   8.0450036722922080e-01	   8.2625219595794486e-01	   9.3452801904261773e-01	   5.5637154716195214e-01	   8.0185882633079508e-01	   1.8338525626944324e-01	   1.2547319932918372e-01	  -1.2251443848952204e-01	  -2.0222818140497650e-01	   4.3308136590981433e-01	   3.8770930866740055e-01	   4.6136737353513957e-01	   7.8543179547768693e-01	   7.7152938191861886e-01	   2.1423430385969550e-01	   2.2908521361579287e-01	   4.2778565730083351e-01	
   1.2338310214315009e+00	   1.0697795809326560e+00	   1.3151453245456115e+00	   1.2135926494616016e+00	   1.0937770090963512e+00	   9.5225326379780473e-01	   1.6879830677406156e+00	   1.4787162532313827e+00	   1.1376449706122003e+00	   1.0155989077074898e+00	   2.0012002120334813e+00	   1.3630845445162345e+00	   0.0000000000000000e+00	   1.5222717014819938e+00	   1.1637250530838130e+00	   1.3526941077683912e+00	   1.0356077215534238e+00	   1.0269260770715340e+00	   1.3815299880444729e+00	   1.2744945439519484e+00	   7.3999951297774968e-01	   5.4302813237469794e-01	   9.5480121626996106e-01	   9.6443382604688388e-01	   6.7934612702718888e-01	   7.1029316645449747e-01	   5.8943380622696639e-01	   7.3599239392823490e-01	   1.1394536626850948e+00	   1.0952700076616670e+00	   9.3356160027650015e-01	   9.9647036608854245e-01	   1.1981211450152889e+00	   1.2106316894664901e+00	   6.7185060800607255e-01	   5.8668803411133752e-01	   7.3952986008259891e-01	   7.0405125628625809e-01	   1.0244032551639515e+00	   8.3084184700162178e-01	   9.3060676472296422e-01	   8.5568037370894401e-01	   8.1328625455752124e-01	   7.2311767452076092e-01	   7.6879544105731701e-01	   7.6233458635057938e-01	   7.7899444289159547e-01	   9.5292464380008846e-01	   9.0732079434295154e-01	   9.4888782427270191e-01	   1.0144976196610354e+00	   1.0329611971112667e+00	   9.0617829373903747e-01	   1.0025494629446152e+00	   1.1434963419516195e+00	   1.1600470512216583e+00	   1.0381181752733459e+00	   9.5614139927651454e-01	   1.2525270569511477e+00	   1.2137136990004478e+00	   1.6205246060546763e+00	   1.1628935653384478e+00	   1.2660391209489676e+00	   1.0477292918251544e+00	   9.7166827009922563e-01	   1.0333973773688165e+00	   1.1901959177572368e+00	   9.8595428847518907e-01	   1.2592450073944077e+00	   1.0984284154682955e+00	   1.1524024513084088e+00	   9.7803535740750358e-01	   1.0654811899548835e+00	   1.0491617391175114e+00	   1.0246483127848285e+00	   1.0713702440316306e+00	   8.4867549284561328e-01	   8.7890181027952829e-01	   1.0013102079777894e+00	   1.0415714976612214e+00	   1.2333074310453607e+00	   1.4052255282079396e+00	   1.2254887224174102e+00	   1.3222854181585046e+00	   1.2274348906089285e+00	   1.1346495271652794e+00	   9.7431166648920275e-01	   9.1804187397452908e-01	   1.3243281540732512e+00	   1.2829777523401542e+00	   7.1844232943182651e-01	   9.4053960402663017e-01	   8.5929664943093731e-01	   1.0266696235347346e+00	   4.4342225438859845e-01	   7.7532637993130737e-01	   7.6106388332814412e-01	   9.1624778341640023e-01	   9.9288168640857388e-01	   1.0509835673885382e+00	   8.8762735994341413e-01	   1.1063797947822986e+00	   7.5547280134229378e-01	   1.0069724009423033e+00	   3.0196074446191656e-01	   2.2280921196951292e-01	  -1.2248141898374931e-01	  -2.2986010384473808e-02	   3.3857643216190592e-01	   3.0553313926911796e-01	   6.5368556550821333e-01	   8.0160674819258726e-01	   7.3406622806679067e-01	   3.1816985114254820e-01	   2.7411198956694593e-01	   3.1002061022977345e-01	
