   0.0000000000000000e+00	   1.6470959901939863e+00	   8.7212370665554817e-01	   7.6793423939253902e-01	   6.4110398127389179e-01	   6.8352115664201174e-01	   9.1658429161672939e-01	   7.9236365234998063e-01	   6.0709505137225761e-01	   5.9574505155677193e-01	   1.2024675360937249e+00	   7.9122169767204908e-01	   9.9720048198258537e-01	   8.9166273166701704e-01	   9.6720145680583425e-01	   7.8406991010067162e-01	   1.0397985370368819e+00	   1.0123037818101228e+00	   1.2170540317594387e+00	   1.0520967035564237e+00	   8.1868605660275617e-01	   9.2118186600439322e-01	   7.4533003608176840e-01	   7.2320429244145412e-01	   7.9641956339794240e-01	   7.4483138288283979e-01	   5.8625996131444336e-01	   5.7528942072021527e-01	   9.1945926671660982e-01	   9.2891248530158177e-01	   6.3724710181662103e-01	   6.7937182165986743e-01	   9.5357519217633879e-01	   9.2802036994399739e-01	   4.5507208248307657e-01	   3.6434115909983172e-01	   4.3491857203491957e-01	   5.0865205906455158e-01	   5.2292059677068248e-01	   7.5594081554829518e-01	   7.2995026902869198e-01	   6.1902288252514159e-01	   9.4731208671640066e-01	   9.1527065020742415e-01	   6.3181445989589391e-01	   6.0520462148590048e-01	   9.9286633073200503e-01	   9.4185426923792237e-01	   8.3231245023264666e-01	   7.2639931599956808e-01	   1.0130352781472451e+00	   8.1660491177308581e-01	   1.0522491792954123e+00	   7.5166231380016035e-01	   9.7963692352757537e-01	   1.0641482477070932e+00	   1.3215977593590988e+00	   1.2368597340975451e+00	   9.8927736863431492e-01	   1.0905708065392881e+00	   8.9928840707098101e-01	   7.8269503719797828e-01	   1.0580000642844227e+00	   1.0094683398707158e+00	   5.9766512853075904e-01	   5.2631581964530583e-01	   7.7364843539718298e-01	   7.6880854110916186e-01	   8.9532872510136541e-01	   8.6626661144956141e-01	   3.6356925730727652e-01	   4.0574945436371446e-01	   7.7117514835709600e-01	   8.1660981026428781e-01	   9.3755247917269424e-01	   5.9335811862681043e-01	   6.3097237814883755e-01	   5.1079404528253869e-01	   1.0145712599199073e+00	   8.4677899484953600e-01	   1.1190471535897712e+00	   1.2136884123716687e+00	   7.4339711188982616e-01	   5.5542291171786928e-01	   1.0302104227301294e+00	   1.0321955052460861e+00	   5.7883358664810236e-01	   6.3790221336887398e-01	   9.1148917180262112e-01	   1.0877626229354793e+00	   3.0415482013367606e-01	   3.2678397426894723e-01	   1.0102770936014310e-01	   2.3632923733287634e-01	  -4.9821176238702821e-03	  -2.0742671643634822e-01	   5.5938911156267646e-01	   5.5417860044824829e-01	   4.9766618050686828e-01	   7.2343356967935446e-01	   1.4538030911578739e-01	   4.4682316907217179e-01	   4.4725471691430246e-01	   2.0642404393146790e-01	  -4.0786894129589107e-02	  -1.4646738623807524e-02	   1.9600150316407744e-01	   1.4867350402718740e-01	   4.7554194374870412e-01	   2.8016823726781714e-01	   5.8360947866249657e-01	   5.0342275762683486e-01	   3.3225537568008812e-01	   4.2735488949277195e-01	  -1.4576369960916191e-01	  -6.2119488976063675e-01	
   1.6470959901939863e+00	   0.0000000000000000e+00	   6.9379161041039461e-01	   5.7652840220926338e-01	   6.5862625297340149e-01	   6.4848464021609831e-01	   7.0854242352047425e-01	   6.0969241665911644e-01	   5.6191300887164874e-01	   5.8643582418132034e-01	   1.0137954369828475e+00	   6.6668003003145715e-01	   8.2730542309974964e-01	   7.6585903163248215e-01	   8.9435013448669420e-01	   7.0754363291841638e-01	   1.0995798173939917e+00	   1.0879872480187740e+00	   9.3793006267221057e-01	   8.8654193490212729e-01	   9.1790584612239834e-01	   9.7209803696956576e-01	   6.1657107211356499e-01	   6.0389350935280472e-01	   7.5614602733919212e-01	   6.4577735403764547e-01	   6.7345026834566057e-01	   6.7789264175213837e-01	   8.1875259902649622e-01	   8.7070095313807072e-01	   5.6972558876721779e-01	   5.7175610439768365e-01	   9.0018867250267376e-01	   8.4682714707555384e-01	   4.7989846574360007e-01	   3.8797704468645294e-01	   3.9027268503340345e-01	   5.0088767935319167e-01	   5.2016853460016277e-01	   7.5954072749148427e-01	   6.8521587888955604e-01	   5.5084238510685302e-01	   7.8478286724006274e-01	   7.7190520018054065e-01	   5.2486886555937562e-01	   4.8542744277030814e-01	   8.1974483961020417e-01	   7.9968024439082752e-01	   6.8422360476785149e-01	   6.1339291015282471e-01	   8.3990677340293507e-01	   6.9132312374424565e-01	   8.2932996457907782e-01	   6.2309997038525133e-01	   8.6869727445666522e-01	   8.7767430327608986e-01	   1.5595874415816895e+00	   1.6814899832197316e+00	   8.9451926412062999e-01	   9.6468607621066449e-01	   8.8666709460038096e-01	   7.4206852756035335e-01	   1.0020618048167265e+00	   1.0575403189593604e+00	   5.4768733845468709e-01	   4.5508735761507940e-01	   7.2273486162628064e-01	   7.0111878112389381e-01	   1.0900594450771175e+00	   1.0022169310385360e+00	   2.9509291081583555e-01	   3.0896597551827393e-01	   6.3860045201533611e-01	   7.0099807898212130e-01	   8.5203036522454223e-01	   5.4395822722564025e-01	   5.0930372332688445e-01	   4.1974662850998529e-01	   1.1463462113773868e+00	   1.0484223751204338e+00	   1.1419463490747876e+00	   1.1999044680633966e+00	   6.8343042301209611e-01	   4.7638239923493908e-01	   8.6986980756505172e-01	   8.4508357196226647e-01	   6.4065028636450494e-01	   7.3255527726572511e-01	   8.4652405493711336e-01	   1.0443043737145132e+00	   1.7202958879172428e-01	   2.1050383889802005e-01	  -2.4326123382933017e-02	   9.6584406721857488e-02	   6.3444347234181964e-02	  -1.3844644274022852e-01	   5.7521059564437105e-01	   5.1715064769382058e-01	   3.7266971711195296e-01	   6.1619919423403302e-01	   2.3307679223828266e-02	   3.3940182913426198e-01	   3.0538339356611183e-01	   1.2729426390957765e-01	  -9.7012733875649043e-02	  -1.7116283404481909e-02	   1.4124587586273910e-01	   1.4263775465694949e-02	   5.2704567521526480e-01	   2.9211250438685643e-01	   5.5823328736701106e-01	   4.6135350259283014e-01	   2.9669629366302602e-01	   3.7875005842543125e-01	  -1.4780529330832673e-01	  -5.8740729667081570e-01	
   8.7212370665554817e-01	   6.9379161041039461e-01	   0.0000000000000000e+00	   1.4101623949659379e+00	   6.4493180543137896e-01	   7.6051304730429337e-01	   1.5462931332201668e+00	   1.0455027049671579e+00	   8.3984709913212396e-01	   7.7534996644148946e-01	   9.0816155445405311e-01	   9.1035463276950535e-01	   1.0703858002092594e+00	   1.0495985164240909e+00	   1.0004954561047750e+00	   1.0446100741958066e+00	   4.9625644637643640e-01	   5.3249553985245834e-01	   1.2537322332846426e+00	   9.8497736109714396e-01	   6.4761039565034273e-01	   8.6268632648625687e-01	   1.5526007201005150e+00	   1.4398678816110910e+00	   9.5158515589768100e-01	   1.1506805490703842e+00	   4.1471441250380980e-01	   4.2645652236390430e-01	   7.0258341506498145e-01	   7.5101650993520341e-01	   1.0837834241850837e+00	   1.1536501018155481e+00	   1.1401562652293624e+00	   1.1474187195843444e+00	   8.7040151781598674e-01	   6.8517050282426972e-01	   4.3781266903669969e-01	   4.5593197448453865e-01	   5.4952483312437805e-01	   7.0039844792529449e-01	   6.8356555578925871e-01	   6.8494387806329915e-01	   7.8033213122346567e-01	   7.8811438202958828e-01	   6.7518507711920606e-01	   6.0720188053223045e-01	   7.5829254533584634e-01	   8.0864861707772906e-01	   6.0122728852590690e-01	   4.7375123676789177e-01	   7.5782938578093373e-01	   5.2344343693013384e-01	   7.7319809453936461e-01	   7.1710739215087482e-01	   7.9217924132836148e-01	   9.8555246332438751e-01	   5.5833613758038447e-01	   5.7958433402770948e-01	   7.0022014249971443e-01	   6.3899175373707728e-01	   8.2986645739021869e-01	   8.1642581707245365e-01	   7.2199022179805306e-01	   6.6980551058460447e-01	   1.0821651568147741e+00	   8.3136065517587032e-01	   9.3067235615497201e-01	   8.7061615431467410e-01	   5.9500659973795100e-01	   5.9903113279657250e-01	   6.9101985163841428e-01	   7.8827788648035968e-01	   8.1161469721893187e-01	   7.9505937661285708e-01	   8.8151013753956620e-01	   6.7665816748708074e-01	   8.3101061141720467e-01	   7.1847356043033306e-01	   5.4801503380689875e-01	   3.6067884161297287e-01	   7.6521178179810723e-01	   8.4460931078279211e-01	   7.1356694332477288e-01	   6.9598453944442429e-01	   1.0483456798116129e+00	   1.1556798573803637e+00	   4.9871987245181559e-01	   6.0869603910922299e-01	   9.0938843920976820e-01	   8.8104133114755068e-01	   5.9620913219953442e-01	   6.2310597702934534e-01	   4.5049746253848105e-01	   6.0960638138401135e-01	   9.0862689214327261e-02	  -8.1885431880936929e-02	   5.0848306770972340e-01	   5.5586675532457253e-01	   6.0496440838943888e-01	   7.6554351358095851e-01	   3.7944820111767241e-01	   5.3247819072102187e-01	   4.4534267768109770e-01	   2.6922414246874032e-01	   2.0483912669864390e-01	   9.3473841015513842e-02	   2.6436809899239538e-01	   3.1660171446872204e-01	   3.1270436680049774e-01	   3.6656601167707276e-01	   6.4333213913016751e-01	   5.9752304020489533e-01	   4.0914688535168653e-01	   5.6403168876113385e-01	   1.6210796607380501e-01	  -4.0652221481922068e-01	
   7.6793423939253902e-01	   5.7652840220926338e-01	   1.4101623949659379e+00	   0.0000000000000000e+00	   6.3922916238889205e-01	   8.5963943563231415e-01	   1.5900042769119174e+00	   1.5536358051508483e+00	   8.0786464810006098e-01	   8.4831068595924985e-01	   8.8165236782685041e-01	   1.2350758468744905e+00	   9.7446362272889786e-01	   1.1530128034273393e+00	   8.4623072135600419e-01	   1.0454961839625398e+00	   5.1326990600366740e-01	   5.4029697410883171e-01	   1.2873907997486997e+00	   1.1247138414361353e+00	   6.0212736189348381e-01	   7.5366306441200637e-01	   1.2006988729110608e+00	   1.3061544372917939e+00	   6.8894146715604632e-01	   9.8720199571896827e-01	   2.4443313172325093e-01	   3.1629104791021295e-01	   8.4826369115304834e-01	   8.7348799099977603e-01	   1.1063350535257817e+00	   1.3148720218036722e+00	   1.1275983274503949e+00	   1.1811201507215023e+00	   6.1445661821781061e-01	   5.8921630479801412e-01	   5.6617130508237956e-01	   5.3007039655767163e-01	   5.6059048457548966e-01	   7.1843117374381382e-01	   6.5710556956423061e-01	   7.6524852260229859e-01	   7.6663234092778310e-01	   7.9070547299663374e-01	   6.5906261726965520e-01	   6.3538352340971771e-01	   7.3751275634009317e-01	   8.1252257918002058e-01	   5.7208069708038800e-01	   5.0768087149688168e-01	   7.1958644000400962e-01	   5.3638270699345547e-01	   7.3993931380887523e-01	   7.5378008794198348e-01	   8.4023006531674083e-01	   9.6111387349742416e-01	   4.2938651561268698e-01	   4.0383196700500923e-01	   4.9166225717281298e-01	   5.1462801355709620e-01	   7.3504877599024476e-01	   9.2112795710047912e-01	   7.0045738310022554e-01	   7.2126290345795296e-01	   8.6285679745832611e-01	   7.9995561669167192e-01	   7.4929025396206606e-01	   7.9692092593782382e-01	   4.8112680220209791e-01	   4.3160898318069385e-01	   8.3577371328144689e-01	   9.3677016258655343e-01	   8.6020853856977764e-01	   8.8793545959033660e-01	   8.6140871816042264e-01	   7.4195771089197826e-01	   9.6225062944377482e-01	   9.0734705570075147e-01	   5.6993771954331462e-01	   3.8332782672296728e-01	   7.8073434593467017e-01	   8.5531292800352621e-01	   7.7094481369157986e-01	   8.0539804435828632e-01	   9.1430422726678751e-01	   1.1175542014642021e+00	   4.7592895350437525e-01	   5.4040006806617902e-01	   7.3000229532870420e-01	   7.8417871168946984e-01	   8.1166294516744253e-01	   7.1696047687528075e-01	   6.5395946152486117e-01	   6.6051841511086407e-01	   6.6701233537734541e-03	  -1.0299831588201966e-01	   4.8031013030814063e-01	   5.2153456038865942e-01	   8.0141202296738978e-01	   8.1970179573607382e-01	   3.7125170864476353e-01	   5.8763585202349478e-01	   5.1415082588052574e-01	   2.6096834219493181e-01	   2.3722027040133647e-01	   5.2570748681925163e-02	   2.6928910894635238e-01	   3.6335570439647102e-01	   1.8396121614692690e-01	   3.9244978506756401e-01	   5.8076497801021343e-01	   6.3113737177325346e-01	   4.5778286252214817e-01	   6.0164368049468753e-01	   2.1524899106999082e-01	  -3.7746999185268798e-01	
   6.4110398127389179e-01	   6.5862625297340149e-01	   6.4493180543137896e-01	   6.3922916238889205e-01	   0.0000000000000000e+00	   1.4002425975734696e+00	   7.2112795924268414e-01	   6.5182301602871484e-01	   1.2482713562857464e+00	   1.2191764851232452e+00	   6.6414770286758718e-01	   7.4524931681339357e-01	   7.8505782129653856e-01	   7.4661839668866437e-01	   9.0599477553324281e-01	   9.3069666960017416e-01	   5.9348810244311767e-01	   5.6815313070861384e-01	   7.1334907118891300e-01	   6.9134119316428000e-01	   7.9138890010131713e-01	   7.1776681253484398e-01	   5.3636953171330592e-01	   5.3992613000283929e-01	   6.5638992035651056e-01	   7.1319500157069882e-01	   7.4461096420493822e-01	   7.4044998895944969e-01	   6.3609766643346222e-01	   6.7085404213275279e-01	   5.7624827413146240e-01	   5.2910360420892533e-01	   7.7586050844736199e-01	   7.0661050491370092e-01	   4.3155120486649923e-01	   3.5805396781146864e-01	   1.6862490771416117e-01	   1.9951116308054820e-01	   2.6446664097111172e-01	   3.7211845645488517e-01	   2.1272977622313979e-01	   2.9906970694441121e-01	   5.3257132416187414e-01	   5.5671601677320603e-01	   5.9026655231515990e-01	   5.3776628192089981e-01	   5.4523500284461279e-01	   5.0381081648348036e-01	   5.6117610885751457e-01	   4.4945092614112109e-01	   5.3915814143893925e-01	   4.3011164254902384e-01	   4.9281336559959865e-01	   4.7660512383393039e-01	   5.9699710065232192e-01	   5.2941732120153184e-01	   6.0622964019183379e-01	   5.7686494010441380e-01	   4.4476446849906059e-01	   4.5208333305669490e-01	   6.3654760326198923e-01	   6.2572415644117030e-01	   6.6966621371958857e-01	   6.8589916624582381e-01	   6.6832156972809675e-01	   4.6666665904794152e-01	   5.9324988404085621e-01	   5.5575781356661769e-01	   5.3979701970704475e-01	   5.4886335724350466e-01	   4.0846376052491046e-01	   5.2555024135786788e-01	   3.8368543853283926e-01	   5.5864605870216133e-01	   6.3239968555929182e-01	   3.7508684246313978e-01	   5.5203482101716128e-01	   4.3502235360836705e-01	   6.0945414622410832e-01	   5.3639007678163964e-01	   7.3466581010770671e-01	   6.5285024687553517e-01	   5.1781587906707316e-01	   3.7869872497640267e-01	   6.8382840551698187e-01	   6.3971055517173414e-01	   4.7396020062711403e-01	   4.6499537511005284e-01	   6.6019730341632077e-01	   7.2215724959959349e-01	   3.0598386430431784e-01	   3.9364758240591996e-01	   2.3361130698133145e-01	   3.7467067954128425e-01	  -4.6463556509860351e-02	  -2.2212253065250548e-01	   1.9688316219204460e-01	   2.4921632489200710e-01	   3.5193921522851546e-01	   5.1408937331251636e-01	   5.7605778185836308e-02	   3.4092432164608988e-01	   3.0770651886931916e-01	  -6.9539718700867295e-02	   1.1919226269363568e-02	  -1.5140750162464917e-01	   3.8360595053220661e-02	  -1.6089121591445549e-01	   2.4497927706751027e-01	   1.3168440145561705e-01	   2.6230331694727010e-01	   3.4334688517424672e-01	   3.3104686609407935e-01	   2.9534593460505287e-01	  -1.1207883911708262e-01	  -4.6077934239393481e-01	
   6.8352115664201174e-01	   6.4848464021609831e-01	   7.6051304730429337e-01	   8.5963943563231415e-01	   1.4002425975734696e+00	   0.0000000000000000e+00	   8.6350154937961876e-01	   8.0986516154104637e-01	   1.2927199388910742e+00	   1.5598628817916800e+00	   8.0676833247022095e-01	   8.8868071208950339e-01	   9.1751792538799426e-01	   8.4509578177620137e-01	   1.0283304509352731e+00	   1.0632651714118959e+00	   6.4860180090778974e-01	   5.6589899321151083e-01	   8.8647378419970480e-01	   8.0719353302587971e-01	   8.5622362373240180e-01	   8.0538656564143585e-01	   7.3499439140951017e-01	   7.6281693193539035e-01	   7.4277682132368084e-01	   8.4500267771017512e-01	   7.9017831557795859e-01	   8.8917824417402880e-01	   6.6276814176409660e-01	   6.9983808555114269e-01	   6.7762076272519067e-01	   6.7723936249776662e-01	   8.9432466441812208e-01	   8.5106161673858804e-01	   4.8360489427149900e-01	   4.4581587840563547e-01	   2.4399369044818892e-01	   2.9862120502542161e-01	   3.7086576583675063e-01	   4.7323960991684189e-01	   3.1163141380764969e-01	   4.3279212177634674e-01	   6.0341705289566894e-01	   6.0909439330787285e-01	   5.6900372388233988e-01	   5.4159548497918053e-01	   5.9023677423497767e-01	   5.6754586500739346e-01	   5.1959579355315233e-01	   4.5287625941971354e-01	   5.6648869926979462e-01	   4.7194400243293649e-01	   5.4790142116315788e-01	   6.1819577919319368e-01	   6.7696876214141322e-01	   6.3783166278653514e-01	   6.3889228287564692e-01	   5.8692753103768314e-01	   4.8499779943875931e-01	   4.6261072155238625e-01	   7.4821570177106178e-01	   8.0488068653568912e-01	   6.0814406381231056e-01	   6.5771043672719565e-01	   7.5602549977412981e-01	   6.2801650752250870e-01	   6.4795879293806602e-01	   6.0732464403402486e-01	   6.0258600975541010e-01	   5.6242752455466682e-01	   4.4962673255159724e-01	   5.9835645825174166e-01	   4.5460900687951905e-01	   5.8943313342627368e-01	   7.1118447688037634e-01	   4.7736756745926057e-01	   6.1126356385139902e-01	   5.2533046748518042e-01	   6.4475207011181890e-01	   5.1829941653604672e-01	   7.7972380596182089e-01	   7.1792083421556041e-01	   6.5448845486686724e-01	   5.0224430512904283e-01	   8.0588013431573546e-01	   7.4637808656788940e-01	   6.6001002287676291e-01	   6.2310153146604041e-01	   7.5722201299953729e-01	   8.6336191675057883e-01	   4.0502078589254253e-01	   4.8693793728647761e-01	   3.6408208398797781e-01	   4.5176355833004561e-01	  -5.8262352003490919e-02	  -2.6789779443876105e-01	   2.3711814899475447e-01	   2.7402395205981972e-01	   4.3070368473830994e-01	   6.0852819003624448e-01	  -2.3507629223997908e-03	   3.4703344894200328e-01	   2.6628486570270471e-01	  -1.6227488128465375e-02	   5.5279462026487459e-02	  -1.0451104635140797e-01	  -4.5337803413499330e-03	  -6.5989435537446323e-02	   2.6335542325474876e-01	   1.3285307220232626e-01	   3.3435724414520945e-01	   4.2846827837672619e-01	   3.6742686896687105e-01	   3.4596283647766152e-01	  -6.7581576205682267e-02	  -4.7258479677707843e-01	
   9.1658429161672939e-01	   7.0854242352047425e-01	   1.5462931332201668e+00	   1.5900042769119174e+00	   7.2112795924268414e-01	   8.6350154937961876e-01	   0.0000000000000000e+00	   1.6070261503643464e+00	   9.0596690104145072e-01	   8.4831128604865214e-01	   1.0755073615256450e+00	   1.2727292428551396e+00	   1.1323718371969469e+00	   1.1736261134832784e+00	   9.0262258962086983e-01	   9.9501815757798295e-01	   6.1475518803386553e-01	   6.3737270714846295e-01	   1.3418052395887008e+00	   1.1677230195208550e+00	   6.4411161825715391e-01	   7.7477488081202994e-01	   1.0590358790607530e+00	   1.0970639217930729e+00	   6.7001573840403905e-01	   8.8392027168017262e-01	   2.9479666023099177e-01	   3.3225443026537432e-01	   8.7073744042949641e-01	   9.2077701082918106e-01	   9.9230837858429122e-01	   1.1757518314858091e+00	   1.2401298977115005e+00	   1.2504121672358977e+00	   6.9801499836091863e-01	   6.2960967542069990e-01	   5.1411064641388093e-01	   4.7390352426233556e-01	   5.0588281574067739e-01	   6.9465569595743992e-01	   6.5336838564582311e-01	   6.5076178377486937e-01	   8.3304310353755162e-01	   8.4383848402346617e-01	   7.3708957963254107e-01	   6.7712299162308631e-01	   8.0225247731246585e-01	   8.4585428566938492e-01	   7.0308092200185091e-01	   5.6708178621369609e-01	   8.0472020306453362e-01	   6.2977170146651995e-01	   8.1033955074197261e-01	   8.0905244026597778e-01	   9.2760701684370206e-01	   1.0474243181778973e+00	   5.4105383123870043e-01	   5.3524846528094683e-01	   6.8744710937230957e-01	   7.0153521943175423e-01	   9.5680702555906605e-01	   1.0286060014832688e+00	   8.4533065377029182e-01	   8.6910829705037074e-01	   9.7069019821238323e-01	   8.2775779316175535e-01	   9.7805469621998331e-01	   9.8152489979134627e-01	   5.5150298945211884e-01	   5.4739772034886247e-01	   8.1080099930219562e-01	   8.8066099031594258e-01	   8.8534957727897778e-01	   9.1347997486745003e-01	   9.5248870823308751e-01	   7.6656883361669548e-01	   9.4177527803971961e-01	   9.0521181451677868e-01	   6.0158233722806875e-01	   4.4193485494798967e-01	   8.3195102695153256e-01	   9.4766811448099275e-01	   7.3586625511751991e-01	   7.0136230873596828e-01	   1.0467372610089654e+00	   1.1343164830395311e+00	   4.6694183976652798e-01	   5.0314616774412024e-01	   9.0706046059610557e-01	   8.9111990006927644e-01	   7.3656218473234036e-01	   7.5172001981437586e-01	   5.6748080879463869e-01	   6.7937325867385157e-01	   6.0558672339792410e-02	  -1.1785774961414154e-01	   5.1466702384246565e-01	   5.5638886649016350e-01	   7.8254488687786550e-01	   9.2124287498193269e-01	   4.5720417199408858e-01	   6.8624218548886529e-01	   5.7134496593309758e-01	   3.2430187349923972e-01	   2.4621654083813155e-01	   1.1110622418716573e-01	   3.2292076639280126e-01	   3.9743890888367572e-01	   2.9029462094948455e-01	   3.3678097207959545e-01	   6.5505847433644426e-01	   7.1090214792496653e-01	   4.8861674425744911e-01	   6.0745124964719865e-01	   1.8242274062141253e-01	  -3.9894459665731813e-01	
   7.9236365234998063e-01	   6.0969241665911644e-01	   1.0455027049671579e+00	   1.5536358051508483e+00	   6.5182301602871484e-01	   8.0986516154104637e-01	   1.6070261503643464e+00	   0.0000000000000000e+00	   7.8634151629783267e-01	   8.3052614132167335e-01	   9.3773926888467496e-01	   1.4852075132749269e+00	   9.2603345788436053e-01	   1.1562835115694419e+00	   7.6676683993882677e-01	   8.9699951760462804e-01	   5.9415345588382318e-01	   6.1257643654160998e-01	   1.1754906188636185e+00	   1.1797855549401404e+00	   5.6094691921782136e-01	   6.4461356828741612e-01	   8.5406088319416296e-01	   9.3552915327226183e-01	   5.2152311584167088e-01	   7.5444314047516459e-01	   1.5665776825715169e-01	   2.1910231985619483e-01	   9.6846520272215142e-01	   1.0058874111265703e+00	   9.3089559834906299e-01	   1.1393602608736084e+00	   1.0862487783888821e+00	   1.1537949938740124e+00	   5.2683403846078325e-01	   5.5390035265557924e-01	   5.7715399182434513e-01	   5.4558650327280478e-01	   5.1256246527204974e-01	   7.0815827806191900e-01	   6.3466551121360304e-01	   7.1485575343315133e-01	   7.5573235965120633e-01	   7.9022010058346681e-01	   6.8445338293154467e-01	   6.9433535130165902e-01	   6.9910558234138320e-01	   7.8541794345042226e-01	   6.2195700971494738e-01	   5.5269712466810594e-01	   7.0162784137824474e-01	   5.6130692110331437e-01	   7.2709681176085017e-01	   7.3340758945013795e-01	   8.5379043316991088e-01	   9.1244975016395125e-01	   4.5874528337165388e-01	   4.2097264213562241e-01	   4.9682899213332749e-01	   5.9861535219230921e-01	   8.3476480794771102e-01	   1.0930591586532992e+00	   7.5152189073004705e-01	   9.1818993000677884e-01	   7.7257520225500831e-01	   7.7825696277394474e-01	   7.5645256283954287e-01	   8.3210857342104405e-01	   4.4269247353440461e-01	   4.1092860592036168e-01	   8.4819714850380756e-01	   8.4861746811644145e-01	   8.3266764327121923e-01	   8.8392678666946045e-01	   8.6820025383452071e-01	   7.0544695461573070e-01	   9.6492952731608350e-01	   9.7160280370975760e-01	   5.9967114249880082e-01	   4.2905809217860025e-01	   8.2252025177018173e-01	   9.0848788620359899e-01	   7.9882225944617158e-01	   8.0132844847977314e-01	   9.2335433907148212e-01	   1.0744337081876103e+00	   4.2392234742342982e-01	   4.5505929546341856e-01	   7.1921919590391137e-01	   7.5434284539685903e-01	   8.5114133290010252e-01	   7.0806351503108189e-01	   6.7154864074589948e-01	   6.1968721753143541e-01	   5.9179473565753100e-02	  -5.4212613896767181e-02	   4.7724901174515949e-01	   5.1558016169054022e-01	   8.9177134786771584e-01	   8.7479302019538485e-01	   4.6221169938109141e-01	   6.4163486871985542e-01	   6.1547237581828673e-01	   2.5172271488482539e-01	   2.2518411114021275e-01	   7.1832130522519397e-02	   3.1569074516061046e-01	   3.7423270126261754e-01	   1.7859214535863172e-01	   3.5436029802119640e-01	   5.3683653301919509e-01	   7.0895063352985510e-01	   4.9986223060702673e-01	   5.6661771083687085e-01	   2.0507090191697011e-01	  -3.5133082245579400e-01	
   6.0709505137225761e-01	   5.6191300887164874e-01	   8.3984709913212396e-01	   8.0786464810006098e-01	   1.2482713562857464e+00	   1.2927199388910742e+00	   9.0596690104145072e-01	   7.8634151629783267e-01	   0.0000000000000000e+00	   1.5647713144986652e+00	   8.2755851972115879e-01	   8.6731527852529888e-01	   1.0326608051763506e+00	   9.4590791105368899e-01	   1.1122607548499706e+00	   1.1139349383981823e+00	   5.4278268535866570e-01	   4.7539305601180626e-01	   8.5845973941504483e-01	   7.7583525397149788e-01	   7.0123564341956968e-01	   7.0304573884249655e-01	   7.1196143232260112e-01	   7.1143297119702831e-01	   6.8962819040118417e-01	   7.5279895838932354e-01	   6.5090434151883614e-01	   7.0442056165022893e-01	   5.8571998072491738e-01	   6.3250211353915087e-01	   5.8729834097158151e-01	   5.9988831442277391e-01	   7.4470238870715066e-01	   7.0102730255523638e-01	   4.5572000757308712e-01	   3.6715353532906164e-01	   2.2265809046344914e-01	   2.5289169593187000e-01	   3.2902813528523411e-01	   4.3800553745372689e-01	   2.5709585993051498e-01	   3.3214375451787742e-01	   4.9410683309014886e-01	   5.2099882980331402e-01	   5.0061786382824414e-01	   4.5670448824291843e-01	   4.4725649226357722e-01	   4.5232593246973368e-01	   4.4259277912331324e-01	   3.3300945567649132e-01	   4.5657996535121181e-01	   3.3907579348547667e-01	   4.0267693684675471e-01	   4.3519938657009294e-01	   5.8236340025471445e-01	   5.4622560478378057e-01	   5.1285307468290531e-01	   5.2185969935565180e-01	   5.4992022813715979e-01	   4.4935410187097147e-01	   7.6626301557607834e-01	   7.2305647364173076e-01	   6.6479097337244375e-01	   6.6035555255748635e-01	   7.9365269417733586e-01	   5.8623680135994760e-01	   6.3507940349991876e-01	   5.4408517608984186e-01	   5.2911587309997854e-01	   5.4850723722430050e-01	   4.8050440216456791e-01	   6.3145189050107897e-01	   3.8943567837707227e-01	   4.7394905621416972e-01	   6.1637738464281500e-01	   3.6986208521117619e-01	   5.5669890142820699e-01	   4.4541039286923434e-01	   5.4464335997451641e-01	   4.1244597040334907e-01	   6.9608119713254124e-01	   6.2722954038262024e-01	   5.4403743377937519e-01	   4.6572594067664747e-01	   7.6320271128641881e-01	   6.6540748442062958e-01	   5.2624809777501447e-01	   5.1925783458798036e-01	   7.7770712711350010e-01	   7.9333380643563089e-01	   4.4075961122439111e-01	   5.7662013663413170e-01	   4.4703732905765992e-01	   5.8650840051246966e-01	  -8.4962741500412720e-02	  -2.3329761259486345e-01	   1.7986201399778001e-01	   2.1281794395368675e-01	   4.3415609517133208e-01	   5.6637455664649727e-01	   1.3250077925867546e-01	   3.7461654259297111e-01	   3.2589335180800094e-01	  -2.2074119040889802e-02	   1.2740600250473358e-01	  -5.2652759708393816e-02	   1.5013841931923740e-02	  -3.6678394729904008e-02	   1.7490683790402620e-01	   8.7943098301814251e-02	   2.9612079046214618e-01	   4.4046842680514448e-01	   3.9166321966605427e-01	   3.9151424471951218e-01	   6.4617039983580534e-03	  -4.4458917911301465e-01	
   5.9574505155677193e-01	   5.8643582418132034e-01	   7.7534996644148946e-01	   8.4831068595924985e-01	   1.2191764851232452e+00	   1.5598628817916800e+00	   8.4831128604865214e-01	   8.3052614132167335e-01	   1.5647713144986652e+00	   0.0000000000000000e+00	   8.4248494766226700e-01	   9.4954599905306658e-01	   1.0380504809986337e+00	   9.7909724688445399e-01	   1.1256080087771716e+00	   1.2555901939937932e+00	   5.7110265837387431e-01	   5.2700483511773011e-01	   8.6172225199501185e-01	   7.7298414946797878e-01	   7.7531455519270598e-01	   8.0431025083628582e-01	   7.5808281961237667e-01	   7.9966119285967463e-01	   7.4361746148501451e-01	   8.1808191099987604e-01	   7.3581999695759082e-01	   8.2407546611711346e-01	   5.9729819286227270e-01	   6.9141138417793491e-01	   6.6389333618489699e-01	   6.8903483374470098e-01	   8.0136347793050411e-01	   7.5607070396956477e-01	   4.6384777112994041e-01	   4.0875510759839656e-01	   2.3873162670283690e-01	   3.0464049306186852e-01	   3.9112543577836345e-01	   5.1842047353104215e-01	   2.9508455097638203e-01	   4.1043231096793759e-01	   5.5083531244215778e-01	   5.6469477029194115e-01	   5.3140032306497886e-01	   4.9456022105581476e-01	   5.1018182549067548e-01	   5.2757167754222667e-01	   4.0003511657354590e-01	   3.3333724044750490e-01	   4.3080553971872249e-01	   3.2718959395446012e-01	   4.0808647288135191e-01	   4.4515085524095860e-01	   6.0309681877177090e-01	   5.2259666705933527e-01	   5.0895260909534756e-01	   5.0100822221324737e-01	   4.4294896564458708e-01	   3.7789525279567426e-01	   7.3119912512938501e-01	   8.4725306149137503e-01	   5.7632594307342466e-01	   6.6230960163344221e-01	   7.7329391227327093e-01	   6.2780255805786278e-01	   5.7463090309986675e-01	   5.1567739925972345e-01	   5.8800348399533253e-01	   5.4334220770250097e-01	   5.2925890907410411e-01	   6.3371169900198032e-01	   4.1359266570274816e-01	   5.3139482065155508e-01	   6.8829531960708967e-01	   4.7054417300156348e-01	   5.8644273469552133e-01	   5.0556974220489626e-01	   6.0078849610347018e-01	   4.4273014898791685e-01	   7.3685534906173966e-01	   6.6853593015354917e-01	   6.0501282290664493e-01	   5.4325416693892781e-01	   7.8111044863786216e-01	   7.2836265692507440e-01	   6.4383246381585035e-01	   6.5708699927221081e-01	   7.3859914924020165e-01	   8.1538450439647081e-01	   4.2115161361506626e-01	   4.8633080669168338e-01	   4.2527161915392758e-01	   4.8019564034844242e-01	  -8.4390038459358607e-02	  -2.5346956861924241e-01	   2.2934419563125225e-01	   2.1854734516930252e-01	   4.2579811701859849e-01	   5.1182116812875145e-01	   6.7907775787886093e-02	   2.9290817757437454e-01	   2.6751507116505813e-01	  -1.2039566130452443e-01	   9.8999013540280692e-02	  -9.2582083419936401e-02	   1.1447361302461836e-02	  -7.4783296580350073e-02	   2.2682269017922579e-01	   1.3052605908541515e-01	   3.4667486403101344e-01	   4.4091296006118758e-01	   3.9760792678239892e-01	   3.3902494310238723e-01	  -3.1650052757160471e-02	  -4.9675098019983976e-01	
   1.2024675360937249e+00	   1.0137954369828475e+00	   9.0816155445405311e-01	   8.8165236782685041e-01	   6.6414770286758718e-01	   8.0676833247022095e-01	   1.0755073615256450e+00	   9.3773926888467496e-01	   8.2755851972115879e-01	   8.4248494766226700e-01	   0.0000000000000000e+00	   1.1068371395791836e+00	   1.5464522706895041e+00	   1.2201707791604113e+00	   1.2577304454015177e+00	   1.0793770922740882e+00	   8.4226368045194566e-01	   8.4947866503296465e-01	   1.2394500208125296e+00	   1.0109914983711326e+00	   9.1070283138805175e-01	   1.0166603541908554e+00	   8.4801856121116825e-01	   9.2096284361149672e-01	   7.0298320047817786e-01	   6.7675114670983361e-01	   6.2429727719920647e-01	   6.4885753386723111e-01	   9.1400144676587569e-01	   9.6993882965201028e-01	   7.0946088141755226e-01	   7.9893117500707844e-01	   9.6218188030635010e-01	   9.3746272031121181e-01	   4.9998856114381207e-01	   4.6268003969154925e-01	   4.4046408652889502e-01	   4.3461870091588339e-01	   5.1561385304759200e-01	   6.8779559383866384e-01	   7.5339891035018236e-01	   5.0480647264461909e-01	   6.9855904494508692e-01	   6.8810884478579548e-01	   4.6212934094196889e-01	   4.0858854099679803e-01	   7.0731168138518641e-01	   7.1678082997750436e-01	   6.1311517336688170e-01	   5.3200212332565411e-01	   7.8909306773066323e-01	   6.5138071048938895e-01	   7.9907834870762651e-01	   6.3894009990745826e-01	   9.1565145095053202e-01	   8.4912562846527295e-01	   8.3316124375846889e-01	   8.5984263078358714e-01	   8.7311968349432678e-01	   7.9443182231893039e-01	   1.1368641945107325e+00	   1.0160361117216539e+00	   9.4016264610681821e-01	   9.1646726641332021e-01	   7.8964863890086245e-01	   6.9438165451801159e-01	   7.2447225303577523e-01	   6.7822601708258412e-01	   6.3660820185388700e-01	   6.7057001835942798e-01	   4.8121754863682431e-01	   4.9518821739686630e-01	   7.7044166400105463e-01	   7.9781609558617073e-01	   9.6117806093494429e-01	   6.7346630494584137e-01	   6.1468943282914790e-01	   5.3102504923661897e-01	   8.6334674739554229e-01	   6.5236465843161040e-01	   9.5743904359779997e-01	   1.0054705862949793e+00	   7.3789091766722070e-01	   5.9475363158992955e-01	   1.1311228588995774e+00	   9.3995402273000028e-01	   7.0929546554834300e-01	   6.3165081558419867e-01	   9.6675038872537966e-01	   1.0585752524927166e+00	   3.4744287690650977e-01	   4.0553971030984914e-01	   2.1281561969229587e-01	   3.2942505358164204e-01	  -7.9288570531945587e-02	  -3.5575210036628790e-01	   3.7177283073307044e-01	   3.1825843340112187e-01	   4.6144574052094472e-01	   6.3616048457788221e-01	   1.5774630060015676e-01	   4.1399464122951524e-01	   3.9583273499547683e-01	   1.4733314347806337e-01	  -4.2131080174553970e-02	  -1.4710858494311663e-02	   7.7783394129932251e-02	   1.7885408043607004e-01	   4.7844382756662218e-01	   1.9718583999580006e-01	   4.9438532956678333e-01	   4.5429306402330588e-01	   2.9762355486639142e-01	   4.1712096993153935e-01	  -7.9996150196643107e-02	  -6.8969633674273312e-01	
   7.9122169767204908e-01	   6.6668003003145715e-01	   9.1035463276950535e-01	   1.2350758468744905e+00	   7.4524931681339357e-01	   8.8868071208950339e-01	   1.2727292428551396e+00	   1.4852075132749269e+00	   8.6731527852529888e-01	   9.4954599905306658e-01	   1.1068371395791836e+00	   0.0000000000000000e+00	   1.0588951422370803e+00	   1.3749539723592501e+00	   9.0588247501914432e-01	   1.0832990271053908e+00	   6.7609014664988143e-01	   8.1370753411873131e-01	   1.1502664758503331e+00	   1.1148633718823442e+00	   6.3700809660392654e-01	   6.9288497713933583e-01	   7.8430701468390829e-01	   9.1274292417203950e-01	   5.3193854023296494e-01	   6.9329045756052732e-01	   2.5915638636764554e-01	   3.1089418860839030e-01	   1.0724119787471098e+00	   1.1691046418752291e+00	   8.7919322631597452e-01	   1.0267018298862491e+00	   1.0042621351460572e+00	   1.0377541454623753e+00	   4.6398308574101987e-01	   4.7990173445360168e-01	   5.8714563100866912e-01	   4.9419121040534381e-01	   5.4200542712120714e-01	   7.3127411566388367e-01	   6.7401857694687262e-01	   6.8091996648326303e-01	   6.3214839218822638e-01	   6.6047176631882831e-01	   4.8233622562003964e-01	   4.8803673243459378e-01	   6.0479123880798635e-01	   6.5073413005236713e-01	   5.6889924139262360e-01	   5.0122521236201079e-01	   6.4992320399946124e-01	   5.7891075203244213e-01	   6.9312697587004046e-01	   6.2696933549937661e-01	   8.1553992853721369e-01	   7.3387002060599904e-01	   4.8778690298048377e-01	   4.7475711941677290e-01	   5.3332582115681770e-01	   6.2803341752671682e-01	   8.9220222135400595e-01	   1.1129395997242899e+00	   7.7597320123736002e-01	   9.7630296579269160e-01	   7.1482046890627848e-01	   7.5661454046199172e-01	   6.8473660137331238e-01	   7.4725761924192224e-01	   4.5137858690077470e-01	   4.3433006646456268e-01	   7.2824415257973418e-01	   7.1681692345681614e-01	   8.3660377868566527e-01	   9.1852136208179402e-01	   9.2386150226354824e-01	   7.6151248862364906e-01	   7.8518529208732057e-01	   8.1666543169859218e-01	   7.2769986900850014e-01	   5.8659767760890025e-01	   8.6466541135493302e-01	   9.2879216714122137e-01	   8.3248217716127093e-01	   7.8195170222600718e-01	   8.8904973109358831e-01	   8.9039692129332093e-01	   5.0135053867884127e-01	   4.3127517257794751e-01	   7.2986397357533683e-01	   8.0257692828555038e-01	   6.3002285042950223e-01	   5.5449152949681191e-01	   4.8722063397324200e-01	   4.8827650680860812e-01	  -1.8941360288824666e-02	  -1.4374676096876396e-01	   3.3097204116835943e-01	   3.1871034307762236e-01	   6.7306079323529688e-01	   6.4710149005433104e-01	   3.1525331198576556e-01	   4.8384501909109884e-01	   4.5722753691184326e-01	   1.1435314131004212e-01	   1.2212581966909310e-01	  -4.5766811214196466e-04	   1.9212646459906962e-01	   2.4516158281942871e-01	   2.0140799796524930e-01	   2.4718316387362410e-01	   3.9815357999677264e-01	   5.8090572212273994e-01	   4.0850383519199551e-01	   4.5071570079455153e-01	   1.0282858322211659e-01	  -4.2457063090924607e-01	
   9.9720048198258537e-01	   8.2730542309974964e-01	   1.0703858002092594e+00	   9.7446362272889786e-01	   7.8505782129653856e-01	   9.1751792538799426e-01	   1.1323718371969469e+00	   9.2603345788436053e-01	   1.0326608051763506e+00	   1.0380504809986337e+00	   1.5464522706895041e+00	   1.0588951422370803e+00	   0.0000000000000000e+00	   1.2940066480627279e+00	   1.4274548612950717e+00	   1.2358357496878145e+00	   7.3270998864281112e-01	   7.2143646395033678e-01	   1.2721661932413721e+00	   9.4933303234941713e-01	   8.0887108606720159e-01	   9.2440675128562855e-01	   9.7679513152800890e-01	   1.0342535123760306e+00	   8.0274634043534743e-01	   7.8530330463065079e-01	   6.4955257862114535e-01	   6.7364599457671115e-01	   7.8694408063743304e-01	   8.6154701369778708e-01	   6.9103973603543456e-01	   7.8905650624290924e-01	   9.7233095665388147e-01	   9.0721738765118931e-01	   5.1683888159407232e-01	   4.6658720960677696e-01	   3.7407466379376902e-01	   3.8795817608132982e-01	   5.0360493561615971e-01	   6.6173042248370195e-01	   6.5041534110584243e-01	   5.4075418234447958e-01	   7.4447837350646673e-01	   7.5552993631137633e-01	   5.6423405632470303e-01	   5.1909087769924112e-01	   7.2259258848523600e-01	   7.5965195964992893e-01	   6.2420287882195558e-01	   5.1406581974115018e-01	   7.5881854890231726e-01	   5.9469371785677039e-01	   7.6056831013657267e-01	   6.2810513709842719e-01	   8.6781739290827031e-01	   8.1912402148648811e-01	   6.8832247889361775e-01	   7.3699403597247071e-01	   8.1951259110838492e-01	   7.0879119367474164e-01	   1.0620887173030253e+00	   1.0116518831572592e+00	   8.2182728017973972e-01	   8.1073466566432506e-01	   9.1328639429504432e-01	   7.2698768795778423e-01	   7.4919327958118265e-01	   6.9736997705759707e-01	   6.2935833705871391e-01	   6.7385186872857139e-01	   5.1611569822426095e-01	   5.9291114989888816e-01	   6.6423703463725459e-01	   7.9408148022323954e-01	   8.8782156905369869e-01	   6.5275260638651578e-01	   6.5934784939897495e-01	   5.3243429257920494e-01	   7.3962403145294109e-01	   5.4269207517645968e-01	   8.6969440223816896e-01	   8.8222922777801493e-01	   7.2048524585016227e-01	   5.9844500603860595e-01	   1.1980242399077210e+00	   9.4836620501003921e-01	   7.2826591086713011e-01	   6.3676439868149004e-01	   1.0569873474453326e+00	   1.0258907267741890e+00	   3.9315660562655319e-01	   4.6461168390386925e-01	   2.8295721106871452e-01	   4.5332620328198653e-01	  -4.5018351720754829e-02	  -2.4585946924421076e-01	   3.4853786067581904e-01	   3.6488065028191785e-01	   4.6936119350201455e-01	   6.3111045761455997e-01	   1.7852274489659797e-01	   4.1819216332808373e-01	   3.5732887153191167e-01	   8.0799639690009251e-02	   5.3903291206723186e-02	  -8.0838070393210185e-02	   1.0037528877589730e-01	   1.4277791174050891e-01	   4.1084595941975838e-01	   1.8378282743511767e-01	   4.7456210839307533e-01	   5.0153023621092951e-01	   3.9118759966164579e-01	   4.5951304674359916e-01	  -5.9767848417638277e-02	  -6.9041860234597818e-01	
