   0.0000000000000000e+00	   1.2396679023950714e+00	   8.4965477303621384e-01	   9.5406357645324125e-01	   8.7298501775242821e-01	   6.2102688025771668e-01	   9.0631030761696807e-01	   8.9430984652352041e-01	   7.3865603217976217e-01	   7.7377125056994855e-01	   1.0497265368775706e+00	   1.1109006525659491e+00	   8.9207062754032729e-01	   8.6681991452440521e-01	   8.7306510416307614e-01	   9.2531891709963032e-01	   1.2525892238397527e+00	   1.0159712762952524e+00	   1.0343340005939221e+00	   1.1851835771895278e+00	   3.2074763854000521e-01	   1.1992615876844727e-01	   6.6874886422813018e-01	   5.4904389692550315e-01	   3.9866379689773934e-01	   3.9102028649022214e-01	   6.4201312019044499e-01	   3.5927296021100380e-01	   1.0219310855123902e+00	   1.0254990756509845e+00	   6.1159376521120623e-01	   5.1176849950198200e-01	   1.0330037793092497e+00	   1.1415039483100171e+00	   5.6236255243436029e-01	   5.0207466160210301e-01	   6.8585313558848726e-01	   1.7902976020687619e-01	   8.7356462616965547e-01	   7.3542940087486430e-01	   1.0567096407311038e+00	   2.7714685956379004e-01	   5.5700059321523643e-01	   5.7161150115291848e-01	   4.9740044855738430e-01	   6.1904509288045262e-01	   6.4100974849519110e-01	   7.1438835727916294e-01	   6.0475626755611078e-01	   6.4716440142221365e-01	   8.1086088832654091e-01	   6.9024005036865788e-01	   7.2840765404219798e-01	   4.3198549879046394e-01	   1.0788709259484435e+00	   9.6807873961684265e-01	   1.1040015590056684e+00	   7.5402009525188374e-01	   9.5870724541248420e-01	   9.3774477425091696e-01	   1.0535743500125758e+00	   1.0476630699185878e+00	   9.8211883609580697e-01	   1.0188679961565557e+00	   5.4585356055436429e-01	   5.8680310387990808e-01	   5.4422877386899915e-01	   6.2222142466007879e-01	   1.0466851548168470e+00	   9.7211502789966997e-01	   8.0800247222337329e-01	   8.1483909911056462e-01	   9.9140115200464440e-01	   9.1862431060542815e-01	   9.3163838368905250e-01	   6.0691455009469286e-01	   9.9991066042724408e-01	   9.5443505580969479e-01	   8.8122097854221748e-01	   9.8110592188374723e-01	   1.1308328495176370e+00	   1.1666612162482093e+00	   8.8682795420848781e-01	   9.5836996769561011e-01	   8.9655539070664980e-01	   7.1263120373761923e-01	   4.9659094927156161e-01	   5.0607934383218911e-01	   1.1364272259595396e+00	   1.2202237927128157e+00	   9.4809401890524292e-01	   7.8269638373873718e-01	   8.3233128341170826e-01	   9.2522071194136180e-01	   5.4974426481915339e-01	   3.5668233288977225e-01	   8.6105758689208289e-01	   7.1015327641143966e-01	   1.0755075671111540e+00	   8.8968089648972504e-01	   7.8685322803885693e-01	   8.7385132550192302e-01	   7.9777023099024391e-01	   9.0722924457700849e-01	   3.8788921820820454e-01	   3.2255075070099071e-01	   8.2193118199695481e-01	   8.2797338167036616e-01	   2.2674356384520922e-01	   5.6705391059762045e-01	   5.4070861165192108e-01	   7.9444430994590443e-01	   8.5496441780726484e-01	   4.5726053827361207e-01	   3.1643306699133245e-01	   3.5521845022343473e-01	
   1.2396679023950714e+00	   0.0000000000000000e+00	   7.6118503355512845e-01	   9.1322487024130194e-01	   6.2088789464616867e-01	   4.0302893825641489e-01	   5.6178159361360569e-01	   5.8078456285241398e-01	   4.4304115731999938e-01	   4.7164114752170877e-01	   6.7047478403874727e-01	   8.4125181438468888e-01	   6.0402999390417911e-01	   7.7719777275445034e-01	   7.7092115854766063e-01	   7.2728295288979272e-01	   1.1937049328280520e+00	   1.2782329669175607e+00	   7.0972589549065590e-01	   8.7871549874817056e-01	   2.8252047596259622e-01	   1.2102663108494398e-01	   7.0353930244252094e-01	   6.3899688836512902e-01	   5.8239981686940312e-01	   5.5589489447354024e-01	   5.8458879155720422e-01	   3.4773879977657773e-01	   8.7493150382373885e-01	   9.1683298711888728e-01	   6.3845460883292748e-01	   5.9473647038034816e-01	   1.0865197620024818e+00	   1.1127091255106227e+00	   6.6837242944690300e-01	   5.6028368391777461e-01	   8.4090116744110521e-01	   4.0193667389251164e-01	   7.6770606216327486e-01	   8.2691285598725628e-01	   1.1079371351534695e+00	   5.0549438282868120e-01	   3.1429381660016908e-01	   3.3288454649575833e-01	   3.1801337498101101e-01	   3.5539738409650040e-01	   4.4066554481835363e-01	   5.1022755593849856e-01	   3.5987487506830645e-01	   4.1403955558317240e-01	   6.7466626720137013e-01	   4.7893195142001693e-01	   6.6776402536547430e-01	   3.7422903656251327e-01	   9.4145808122436292e-01	   8.6465512221238983e-01	   1.1512637370235603e+00	   1.2100547375533404e+00	   7.4706049235749883e-01	   8.0646667152459417e-01	   6.5402199474874445e-01	   7.1297580086610590e-01	   8.3662060171632269e-01	   9.4301066769230424e-01	   4.9957421496314236e-01	   3.8125963346906427e-01	   4.7570170666399247e-01	   5.2284264678993964e-01	   1.1607805349019211e+00	   1.1284215075838111e+00	   6.6575630432383337e-01	   7.3852709324264965e-01	   9.6955147434917577e-01	   8.7058078114831616e-01	   9.3248886111284379e-01	   6.0747954269421844e-01	   8.3271696589058997e-01	   8.5750659028903420e-01	   8.3266586827929157e-01	   1.0719207161690911e+00	   1.0506246517834614e+00	   1.2873385007996867e+00	   7.3628926375535131e-01	   7.6506561993458744e-01	   9.6082263576654503e-01	   7.9088597555800699e-01	   5.0451123660284414e-01	   6.2023658831699224e-01	   1.0801422058339603e+00	   1.0494272748229578e+00	   5.5931670000844569e-01	   4.2624952992876952e-01	   5.7239824868483946e-01	   6.4230984521245127e-01	   3.9313782782680762e-01	   3.1881503278691076e-01	   8.0619269040899810e-01	   7.2555748336730874e-01	   7.4530663614223203e-01	   6.1234867794211600e-01	   5.1498092801308981e-01	   5.2916614219097791e-01	   5.9258784917326979e-01	   6.7128922531624824e-01	   3.4153594469491222e-01	   2.7285159940690845e-01	   6.6928603221618499e-01	   6.0540292890585146e-01	   2.2295885035255514e-01	   5.3466520870874112e-01	   4.4103079975210990e-01	   5.5596342339698479e-01	   5.7031207184237165e-01	   4.6801386814125379e-01	   3.6255612072347454e-01	   4.5856581177139633e-01	
   8.4965477303621384e-01	   7.6118503355512845e-01	   0.0000000000000000e+00	   1.0003193146730431e+00	   9.3219239586799474e-01	   5.4179192737595272e-01	   1.0643618622096205e+00	   5.5620181388949863e-01	   8.6624042219884090e-01	   5.4846670826629684e-01	   6.6438929387730894e-01	   5.5649812899492379e-01	   6.3667538453270101e-01	   3.3804515081121977e-01	   1.2592985475896992e+00	   8.7260033898918166e-01	   8.4276349477747170e-01	   9.1618722044568102e-01	   1.0754778373617366e+00	   1.0268453419476531e+00	   3.6132470410338241e-01	   2.7905387887399591e-01	   1.3671453121253552e+00	   8.5339705472129967e-01	   7.6109359186717496e-01	   6.4940359318512253e-01	   8.1274884970038719e-01	   4.9638909187102942e-01	   9.1677686564492089e-01	   8.0968342130124360e-01	   9.8802597765239020e-01	   7.2335810861100081e-01	   1.1648251209447089e+00	   8.8980824180000984e-01	   8.2357431358041600e-01	   7.3206858389156793e-01	   8.0105733087430175e-01	   2.5387256128070712e-01	   8.7016469999720347e-01	   7.1689332782899062e-01	   9.6644189137548930e-01	   3.5808384457142922e-01	   6.6102957278426766e-01	   6.5520695780593041e-01	   6.3840139039133459e-01	   6.2903494891747547e-01	   7.3236713490530025e-01	   8.6632766850771492e-01	   6.0095419574979680e-01	   7.2744586517015397e-01	   5.9695044227813865e-01	   6.8429321485636929e-01	   6.1870734923921489e-01	   5.5894998023450415e-01	   9.7908813751772539e-01	   1.0706188817744910e+00	   5.9019579391526267e-01	   6.0943251144252786e-01	   5.4212695697858826e-01	   4.6225148053899695e-01	   6.1174383914829933e-01	   4.0937922978070151e-01	   7.5987628409320174e-01	   5.8563165555749175e-01	   7.7046496335918002e-01	   2.8281255953635637e-01	   6.2629140524990679e-01	   4.8524001045375836e-01	   8.2132723548546804e-01	   7.8491266566283946e-01	   6.3411252409028829e-01	   6.6883293569016811e-01	   8.4752303722057043e-01	   6.9849608621488668e-01	   8.7452288653126908e-01	   6.0126025849765408e-01	   9.0636626430610101e-01	   7.7565683206491409e-01	   8.3367833062435748e-01	   8.7518452786349210e-01	   8.9549629263206776e-01	   1.0134821486917955e+00	   1.2080769649604568e+00	   9.7602446963491685e-01	   9.5197641815901368e-01	   6.6067233505804845e-01	   7.6116261382995509e-01	   5.8011769608266650e-01	   1.0609267000367364e+00	   8.6312718557481594e-01	   8.1538941624583450e-01	   9.5444123736966513e-01	   6.6885109915646235e-01	   1.1863692319580275e+00	   4.7847609657700441e-01	   3.3272837026064478e-01	   8.9256540302186382e-01	   7.4450750836770663e-01	   9.6317020480039706e-01	   1.0079506681145898e+00	   4.2704305432873563e-01	   8.3724055023843658e-01	   6.4945343728834914e-01	   8.4647984568670198e-01	   5.0441081212928629e-01	   3.9309604163399020e-01	   9.1730138996977062e-01	   7.0440409350763711e-01	   3.3912460457917576e-01	   7.1085931926895318e-01	   7.4268695243204519e-01	   9.5404203567779422e-01	   8.3024575018840852e-01	   5.4699144309874470e-01	   4.6814887881072798e-01	   3.9097077911954681e-01	
   9.5406357645324125e-01	   9.1322487024130194e-01	   1.0003193146730431e+00	   0.0000000000000000e+00	   8.8894229262103286e-01	   8.4130135697671704e-01	   8.2552678171876237e-01	   1.0670005040908266e+00	   7.7314111945421915e-01	   8.2951054002294677e-01	   4.8528339473485593e-01	   8.6286580569919025e-01	   4.4539609505403854e-01	   5.8487013489357087e-01	   9.4566565340575970e-01	   9.9566069313521099e-01	   8.6603004515485082e-01	   8.6917152218452820e-01	   7.7035357889898681e-01	   8.6760776518964844e-01	   4.8219778947464137e-01	   2.8166965664818450e-01	   1.0000832065098659e+00	   1.1674240184146525e+00	   8.4912965162722798e-01	   9.1833982304640771e-01	   8.5171391667772078e-01	   5.6063357739659803e-01	   7.5111884035949728e-01	   8.2191755114058407e-01	   7.5667520530838939e-01	   8.1742881045141746e-01	   1.1469188253903626e+00	   1.3311211679530099e+00	   9.8216419641942843e-01	   1.0822223353640421e+00	   6.5491176336764401e-01	   1.4835179968381371e-01	   7.5400787665810587e-01	   7.4268229465061109e-01	   9.1726149962415893e-01	   2.0151394993026461e-01	   6.2362985024421291e-01	   6.3340708545172242e-01	   7.0153006971291620e-01	   7.1963411943954880e-01	   7.0652549255845110e-01	   7.8558022156343954e-01	   6.2955953216772798e-01	   6.7807100885749227e-01	   7.9092921149698503e-01	   7.1340862577565201e-01	   6.5669200047244380e-01	   4.9866630612307206e-01	   9.0437251705677646e-01	   8.8759668739528053e-01	   7.1147036605702607e-01	   6.4090832150922816e-01	   6.6096732956650150e-01	   7.1115674599763390e-01	   5.9949190395272378e-01	   8.5312892254278072e-01	   9.0039283847199725e-01	   8.3989285744863251e-01	   9.0331684090375430e-01	   7.8599613667331591e-01	   8.2127303158807086e-01	   9.2507378364565351e-01	   8.7154762395572827e-01	   7.9107830065996199e-01	   7.2607837087903704e-01	   6.9130004562082059e-01	   6.8698327937387549e-01	   8.6213295669490841e-01	   7.6696956652384329e-01	   5.4039606756490666e-01	   9.3324172241470194e-01	   9.5997553716600936e-01	   9.0300186281586625e-01	   9.0950504905499485e-01	   1.0989614317484657e+00	   1.0659134782356801e+00	   9.5269022113539104e-01	   9.3205292696766762e-01	   1.2447479043994409e+00	   1.0643212665305692e+00	   7.7197827493298354e-01	   8.6575371924510747e-01	   9.3312202144983525e-01	   9.3079472523524320e-01	   8.7956955602276654e-01	   6.8320891612766887e-01	   1.0974556473813570e+00	   8.6139653811211758e-01	   5.0470025967446785e-01	   3.1520816165011051e-01	   8.8628526849804024e-01	   7.7693234956514423e-01	   9.4712550765467463e-01	   7.8245076624501919e-01	   6.6783253485733318e-01	   6.3661484761115927e-01	   6.8534741645903174e-01	   6.4367398219698091e-01	   7.0685030989399678e-01	   3.5327084097066802e-01	   9.2132407910901759e-01	   7.4941946431976370e-01	   4.6559368490068354e-01	   6.6949499227659937e-01	   6.2457894047986318e-01	   8.6867732203881931e-01	   7.8858303580642897e-01	   4.4584093003456648e-01	   5.2623750247695955e-01	   4.2462927483274737e-01	
   8.7298501775242821e-01	   6.2088789464616867e-01	   9.3219239586799474e-01	   8.8894229262103286e-01	   0.0000000000000000e+00	   1.0860489914845775e+00	   8.7025904090249040e-01	   7.1004324228567084e-01	   1.1712051666538270e+00	   9.6669854595832028e-01	   6.0929735269660379e-01	   5.6856049678374643e-01	   5.6955501057551006e-01	   3.0485027592694708e-01	   1.1259235861714345e+00	   8.3186208504280845e-01	   8.1472981938287958e-01	   7.6484756985686320e-01	   7.6530760864751635e-01	   8.1508072026334422e-01	   6.7428509471074771e-01	   5.2317518686112774e-01	   7.4296696772911919e-01	   5.6652232073648734e-01	   6.0892367662729141e-01	   5.2476195583667207e-01	   1.0094361351467471e+00	   6.9152531215856927e-01	   6.2603867539954672e-01	   6.0709118280644425e-01	   4.4084863595469059e-01	   3.3939525356402173e-01	   8.0432881536386014e-01	   8.1235022283652625e-01	   7.6781131132400871e-01	   7.7598062579856730e-01	   5.5946003581038284e-01	   2.5058376393139624e-03	   8.1410765783280858e-01	   5.9586406844620665e-01	   7.3681426690415897e-01	   2.1887782292713212e-01	   6.7805357232849039e-01	   6.8342723434911501e-01	   8.0351648970602918e-01	   7.5818289774444103e-01	   6.8610474935200394e-01	   7.6688767796568114e-01	   7.6000439297891731e-01	   7.9730388498213156e-01	   8.4645719231175287e-01	   7.9311893478472972e-01	   7.0473942035616766e-01	   7.0761099405421646e-01	   9.1119052241931886e-01	   8.8036809801287275e-01	   6.7269989759687798e-01	   5.1091269380211324e-01	   8.1650949008129037e-01	   7.0449509913390329e-01	   8.3912774404038482e-01	   7.4609494456649150e-01	   8.0450476277007832e-01	   6.4391477016004295e-01	   1.0184206687029589e+00	   5.8564253872976912e-01	   8.5058390571568121e-01	   7.2533784048578653e-01	   8.0998541548293856e-01	   7.4317936632724502e-01	   5.5503086852017958e-01	   6.0164641440662414e-01	   5.3075452967129522e-01	   5.2713820306203896e-01	   6.1881364632708402e-01	   3.4787243148480607e-01	   6.9478684741661079e-01	   5.3965574969939345e-01	   8.3370490130140640e-01	   7.2101665651504065e-01	   9.9024090111621899e-01	   7.3280605458064330e-01	   9.9145773504497581e-01	   8.5296404148027227e-01	   9.1870273606180020e-01	   6.0367000625441780e-01	   9.4714336589258519e-01	   6.2683313189860423e-01	   8.7241504624085564e-01	   8.5732622866607588e-01	   9.7697642497120496e-01	   9.5900583720259058e-01	   9.9846039446135448e-01	   1.1603772314310425e+00	   5.5621419278709239e-01	   2.6861009091523569e-01	   7.2243450873092863e-01	   5.9723524841395770e-01	   9.1314005758880357e-01	   8.9236514989984406e-01	   7.1289811725382979e-01	   8.7010400297780000e-01	   8.1050262638005222e-01	   7.8013176468083945e-01	   5.9735202117731390e-01	   4.3045452674048812e-01	   9.3734109153926215e-01	   8.6050002144315085e-01	   3.4531624568564823e-01	   5.9642372766268348e-01	   5.2621186923620522e-01	   7.9811483131383532e-01	   8.9439143467074045e-01	   3.7512047380203883e-01	   3.3659257514314839e-01	   2.6176797309100719e-01	
   6.2102688025771668e-01	   4.0302893825641489e-01	   5.4179192737595272e-01	   8.4130135697671704e-01	   1.0860489914845775e+00	   0.0000000000000000e+00	   6.4773097546964564e-01	   8.0569650270187854e-01	   1.0008533996872209e+00	   1.0571697059706127e+00	   3.2766898501346636e-01	   4.8325491357002548e-01	   2.7023987646796760e-01	   2.0900204775538969e-01	   7.3103631106669653e-01	   6.8531429919060327e-01	   5.3898441425621924e-01	   4.6663158573836866e-01	   4.7807259397514706e-01	   5.1591966189567384e-01	   1.0035663568784485e+00	   7.7618515299804969e-01	   4.6736258811375819e-01	   5.3792264935085610e-01	   6.2335540930770428e-01	   6.3352698688489872e-01	   1.0617424808497571e+00	   1.0891933804090679e+00	   4.1056669712516175e-01	   4.4320742195059759e-01	   3.0568999339386815e-01	   2.8033679677856249e-01	   5.1931978872906359e-01	   6.0655021849598834e-01	   5.4827892102995091e-01	   6.6628447950213754e-01	   2.7815541584116599e-01	  -1.4959464721292032e-01	   5.5122568176354070e-01	   4.3541549321819323e-01	   4.7770382186281735e-01	   4.0184774808298990e-02	   7.0832072947687141e-01	   7.4377957382326887e-01	   8.3421393831807500e-01	   8.0431745660251130e-01	   6.9754570991837461e-01	   6.9852077776176347e-01	   7.3173129462412279e-01	   7.2496033943870841e-01	   7.6383429597964470e-01	   6.9944352024193823e-01	   5.8500484064617586e-01	   6.0790606699126570e-01	   6.6346349678897931e-01	   6.3382019424088543e-01	   4.9945675563733893e-01	   3.2692500581444073e-01	   6.0967970724117493e-01	   6.0357990609884782e-01	   5.7820465156069034e-01	   7.8390930365240141e-01	   5.9085744404321294e-01	   4.9208996138178429e-01	   7.9541282463529739e-01	   8.2941880697741022e-01	   7.8666318036606386e-01	   8.4506565004114886e-01	   5.2599223126766947e-01	   5.1707298098273013e-01	   5.7815330756814476e-01	   5.9263047519133349e-01	   3.0027819318615134e-01	   3.8211536739496615e-01	   4.0441339179263891e-01	   2.4567613043973996e-01	   5.4578227323663586e-01	   4.7856067127575463e-01	   7.2609855956743841e-01	   5.6226052780021041e-01	   7.6525051919302456e-01	   5.6912697538155066e-01	   7.3398587778844249e-01	   6.7594058606705310e-01	   6.5183867598958611e-01	   5.6409340065221647e-01	   8.3673959492350514e-01	   6.7824196760816158e-01	   5.3522188317658415e-01	   5.6044850695858706e-01	   8.3054776348223691e-01	   6.1787038226220425e-01	   1.0321423811674644e+00	   6.7197332098649321e-01	   5.7173927566614269e-01	   2.0688515503020535e-01	   6.7914456823570912e-01	   5.4066827703724507e-01	   8.0209786861159849e-01	   6.7817864147518292e-01	   8.4532688377553433e-01	   6.3557665996852963e-01	   7.6951885513903495e-01	   5.2872709998025136e-01	   6.5067321077477336e-01	   4.1826406340391675e-01	   7.3645291842046290e-01	   6.6688940447395884e-01	   4.5951694890211636e-01	   5.0918007976047763e-01	   4.5708705907173613e-01	   6.9271132022740822e-01	   7.1901395876577356e-01	   3.9895495254434132e-01	   4.1935071842056992e-01	   3.2820279628734073e-01	
   9.0631030761696807e-01	   5.6178159361360569e-01	   1.0643618622096205e+00	   8.2552678171876237e-01	   8.7025904090249040e-01	   6.4773097546964564e-01	   0.0000000000000000e+00	   1.0074342555752045e+00	   1.0885845875912477e+00	   8.0055433577326895e-01	   9.8042197774491835e-01	   8.4160870342250826e-01	   9.1934514484301255e-01	   5.0609325745686395e-01	   8.5436918221605207e-01	   7.8386719173957486e-01	   7.4946182395370575e-01	   6.6220809968771688e-01	   1.0969994296048426e+00	   1.0494144606662663e+00	   2.8196941436267398e-01	   1.6173797297483794e-01	   7.5807441783958063e-01	   5.3987819037201612e-01	   3.4075134955778896e-01	   3.5985927090579101e-01	   4.7690183250149465e-01	   3.1932723850000250e-01	   1.0494544571508357e+00	   9.5113230695799900e-01	   6.8086491765954671e-01	   5.1756188367704903e-01	   9.1508387703427252e-01	   8.6568380706434378e-01	   4.9454222700103595e-01	   5.4409760548454211e-01	   4.9029999575261202e-01	  -5.1958128760491967e-02	   7.2767861631742514e-01	   4.7720875782703071e-01	   7.1660833579062355e-01	   9.4152346258903619e-02	   7.6662437949596929e-01	   7.9295893105276960e-01	   7.0159982075761118e-01	   7.9721531339297258e-01	   7.9953918717084227e-01	   8.7805765149249360e-01	   7.6044755231561245e-01	   7.6029043792522877e-01	   7.0213241992792763e-01	   7.5104069437499910e-01	   5.9200225237805282e-01	   5.4840440661197165e-01	   8.3891306903874352e-01	   8.5523321728721025e-01	   4.4689163749020211e-01	   3.2640609140996246e-01	   7.2820554830733875e-01	   5.8803113381641503e-01	   9.3837892936490874e-01	   7.1371664399858081e-01	   9.2611314235851749e-01	   7.8631610815528474e-01	   6.1250964365077487e-01	   4.3386807730769972e-01	   6.2923688729312499e-01	   6.0524570036428527e-01	   5.6065984214273956e-01	   4.8250086253743030e-01	   6.6273349000085791e-01	   6.1125327734748258e-01	   6.6993143008060174e-01	   6.8459465655899088e-01	   6.9283207244779343e-01	   5.6230351141142743e-01	   8.3182186833637817e-01	   7.2360249018926570e-01	   7.4266350544330884e-01	   6.7868953317608360e-01	   8.0787253132930248e-01	   8.0638081359246239e-01	   9.2066411627765943e-01	   9.6411499133189604e-01	   6.9942030693663948e-01	   5.4222186855485932e-01	   4.5980824210886512e-01	   3.5767639566745019e-01	   7.7451211449948221e-01	   6.5770140790339249e-01	   1.0200663910782535e+00	   9.2579517782541698e-01	   7.5783334270897240e-01	   9.4820288312085466e-01	   4.9455807978559690e-01	   2.8371619019366062e-01	   7.1448736128357215e-01	   5.6434911986601488e-01	   1.0988885675278839e+00	   9.8557807188145186e-01	   8.0059767626844047e-01	   1.1134890681855310e+00	   7.5777710472093640e-01	   7.5392814801530528e-01	   3.2836827013332781e-01	   1.9171180044111430e-01	   8.6667191905228047e-01	   7.8212520489043724e-01	   2.9044245491091508e-01	   5.9340481591947625e-01	   5.8744504331147041e-01	   9.1524646986458813e-01	   1.0078227758751506e+00	   4.6558093350275342e-01	   4.2093128175711125e-01	   4.3798826778455335e-01	
   8.9430984652352041e-01	   5.8078456285241398e-01	   5.5620181388949863e-01	   1.0670005040908266e+00	   7.1004324228567084e-01	   8.0569650270187854e-01	   1.0074342555752045e+00	   0.0000000000000000e+00	   9.0141038787605465e-01	   1.1982961723180197e+00	   6.7718544996603236e-01	   1.1168461304203066e+00	   5.9301049870547384e-01	   7.3024842286435665e-01	   5.6335859006658828e-01	   7.3701344772875765e-01	   6.7272680883281644e-01	   5.0705834864833355e-01	   7.2762833921024028e-01	   7.7871076523193405e-01	   3.4214875247058552e-01	   1.0590894742180681e-01	   4.7373699669071234e-01	   5.3556307100579614e-01	   3.0235297754472545e-01	   4.3812161111385767e-01	   3.9171183271794274e-01	   2.6398953326087238e-01	   7.1765557432527116e-01	   8.3687799478535263e-01	   4.9446737423499088e-01	   5.5856965248010426e-01	   7.7436106843393071e-01	   1.0234311168033354e+00	   5.0105560334343546e-01	   6.4113761001595326e-01	   3.4579413181887136e-01	  -1.7161431852643913e-01	   5.4951392775487640e-01	   4.4350826348575773e-01	   5.8834882316047965e-01	  -4.0600833408559633e-02	   6.4783182367724745e-01	   6.9681702028433512e-01	   6.3002575583823051e-01	   8.1057809362646538e-01	   6.9238068092731053e-01	   7.2476213337008699e-01	   7.1044834619248876e-01	   6.5959838307041596e-01	   7.9692266905317788e-01	   7.1198070134222413e-01	   5.4557791514762177e-01	   3.9006879602811761e-01	   6.7323471885918140e-01	   6.6685002404847415e-01	   5.0549020161580305e-01	   2.7512186280168438e-01	   7.3236723478916776e-01	   7.3218087192641645e-01	   8.0024860964658551e-01	   1.3278966458051296e+00	   8.3403972149804606e-01	   9.7367938723944558e-01	   5.1844636141180300e-01	   9.4613904957831119e-01	   6.4630552777920258e-01	   9.2156350495553518e-01	   5.3428991384676072e-01	   4.5056210071017277e-01	   7.4836151659206218e-01	   6.3554213447924801e-01	   5.5000031605243160e-01	   7.9132210896390387e-01	   5.7984863775087403e-01	   5.6599118400991122e-01	   8.4258707315710923e-01	   8.5322665936406117e-01	   7.0654889508467078e-01	   5.9718373648324330e-01	   8.0726208096619823e-01	   6.8112347899865577e-01	   5.8704153610096776e-01	   7.2726648864273047e-01	   6.3489563330316678e-01	   6.4475087800480635e-01	   3.6127110656342931e-01	   3.7846032461056128e-01	   5.7721842498939013e-01	   6.4471944391983116e-01	   9.2977824916621687e-01	   5.9096493189591714e-01	   1.0201826926370932e+00	   5.9344531950332124e-01	   5.1131605674466651e-01	   2.3811013467612652e-01	   6.4317735226660466e-01	   5.2473328710919587e-01	   9.0367023612009145e-01	   6.6908791294682846e-01	   1.0761087688127393e+00	   6.6916210639611295e-01	   7.7856053289155380e-01	   4.8451652665874195e-01	   4.4022971082870210e-01	   9.8660312648558110e-02	   7.6625904735490802e-01	   6.8650191049733811e-01	   4.2292620051898477e-01	   4.8879673193059386e-01	   4.8210193067816792e-01	   7.7999075777709415e-01	   8.8128122741757442e-01	   3.2646262890949557e-01	   3.4492149221682972e-01	   3.5616564913811077e-01	
   7.3865603217976217e-01	   4.4304115731999938e-01	   8.6624042219884090e-01	   7.7314111945421915e-01	   1.1712051666538270e+00	   1.0008533996872209e+00	   1.0885845875912477e+00	   9.0141038787605465e-01	   0.0000000000000000e+00	   1.1509006227525764e+00	   6.6905939560938432e-01	   6.3456809302472705e-01	   5.6437555821481800e-01	   2.5255972639726687e-01	   1.0091968876197426e+00	   8.2978114301268002e-01	   6.3295518309134546e-01	   5.0658921939119272e-01	   8.7258928130414071e-01	   8.3899759245901562e-01	   5.3822069091771696e-01	   4.3063153829189699e-01	   7.2500547421383621e-01	   5.7095864436470589e-01	   4.0776533781403568e-01	   3.8268288755967106e-01	   7.1685576422375807e-01	   5.5608135091893929e-01	   7.5082280573329974e-01	   6.8331973142378821e-01	   5.4610213204450775e-01	   4.2753571515486821e-01	   6.9419765239754361e-01	   6.7004580526011881e-01	   4.5973377970235985e-01	   5.7599072404676421e-01	   3.3860072458619528e-01	  -2.5460253841703162e-01	   5.8016668032997187e-01	   3.4942951867906580e-01	   5.2813773203440939e-01	   2.1247294029374655e-02	   7.2660873809435533e-01	   7.8334325578676023e-01	   7.1455990037387807e-01	   8.3888686759295361e-01	   7.6907604808716545e-01	   8.3100799550660853e-01	   8.8017703817487702e-01	   8.9414673489278373e-01	   6.9003480409853735e-01	   8.7094352972849454e-01	   7.2650798978566400e-01	   7.3667177418401220e-01	   7.0080893147961487e-01	   7.4891897647625549e-01	   4.3938101384312334e-01	   2.9581483351596860e-01	   7.5288659073096831e-01	   6.2123527762700026e-01	   8.8644440691432791e-01	   7.3181476955388325e-01	   8.0916208180518989e-01	   6.4602924792049921e-01	   6.6276945373816309e-01	   4.9336049287308992e-01	   5.9833933921151550e-01	   5.9029412261762426e-01	   5.6195179486372715e-01	   5.0687840976571874e-01	   6.3831367733522848e-01	   6.0170343965987727e-01	   4.8273017240844468e-01	   4.5363587645783110e-01	   5.7178286336644024e-01	   4.4231047759406361e-01	   6.6821969101858392e-01	   5.3873504349083257e-01	   7.7270613876693373e-01	   5.5470796088869134e-01	   7.5803784858480860e-01	   6.1656284314252474e-01	   9.1413063887095258e-01	   8.3163250996795379e-01	   6.2024640226136074e-01	   4.3101502945470704e-01	   6.1360773305642446e-01	   4.1269731702400719e-01	   6.6414868646827419e-01	   6.0691401871075568e-01	   1.0016483953068289e+00	   8.9240247600504707e-01	   8.6794033122305603e-01	   8.8748278067862252e-01	   5.6544701615914394e-01	   2.4606376293605980e-01	   5.9552541774783707e-01	   4.8141666516720255e-01	   9.0819441246674271e-01	   8.7484608020891086e-01	   7.8524813876698663e-01	   8.3537707629041846e-01	   8.3937441517725431e-01	   5.9948907784158356e-01	   4.1000745885312911e-01	   1.8130694633670652e-01	   7.7601862274041800e-01	   6.7497836692982227e-01	   4.4692688647074846e-01	   5.6465839562129416e-01	   4.5088682763166676e-01	   8.4902159070176764e-01	   8.6683238687502784e-01	   4.1095577975305475e-01	   2.8383379545548210e-01	   2.9043792027401494e-01	
   7.7377125056994855e-01	   4.7164114752170877e-01	   5.4846670826629684e-01	   8.2951054002294677e-01	   9.6669854595832028e-01	   1.0571697059706127e+00	   8.0055433577326895e-01	   1.1982961723180197e+00	   1.1509006227525764e+00	   0.0000000000000000e+00	   5.9881715317677475e-01	   8.3215925646419975e-01	   5.1250958050655182e-01	   4.9033671483212216e-01	   7.1534382285303721e-01	   8.9457265735480518e-01	   6.8372265420677381e-01	   4.9254617736093198e-01	   6.5455458159094515e-01	   7.2101062251326131e-01	   5.5895801397066913e-01	   3.4704151244203657e-01	   4.5009742278465725e-01	   4.7978220227410273e-01	   3.7710365196604217e-01	   4.2852515173447669e-01	   5.9614609130122576e-01	   4.6895091274184580e-01	   6.4609061369312215e-01	   7.6420605676643838e-01	   4.3373936685349918e-01	   4.3851392038913023e-01	   6.6300953250001038e-01	   8.3555136886317838e-01	   4.2092003321676302e-01	   5.4755063283348693e-01	   3.4469069939360492e-01	  -1.4701632725294256e-01	   5.9101643513931901e-01	   4.9192272033209211e-01	   5.1284700166461672e-01	   6.1482548975304419e-02	   5.2438932100884017e-01	   5.6417152406990412e-01	   5.1887253177219073e-01	   7.0195647479250878e-01	   5.6514288584401262e-01	   5.7689368528318519e-01	   6.2945884525964479e-01	   6.4380266836697009e-01	   6.1202787922117596e-01	   6.0727144468587613e-01	   4.9626828217802565e-01	   3.5957558056051031e-01	   7.0258739763749123e-01	   5.9909604254732529e-01	   5.0461108629045626e-01	   2.6633932449655262e-01	   7.6312766468779780e-01	   7.7819827093909044e-01	   7.6866223317873217e-01	   1.0865156775044063e+00	   7.8925978947132425e-01	   8.1784983830682734e-01	   5.6663039689811490e-01	   7.6012465850217159e-01	   5.4209283746030257e-01	   6.7807546051302503e-01	   5.3684185546104501e-01	   4.6235305673918503e-01	   5.7784241619787846e-01	   5.8198454444885661e-01	   4.7016622290065890e-01	   6.3197681509707915e-01	   4.5435120195275996e-01	   5.1516921645031266e-01	   6.3906546219169813e-01	   6.2909894066936922e-01	   7.4903616223059633e-01	   6.0030519530793147e-01	   8.2668173627985309e-01	   6.2184155823847753e-01	   7.0738244124282401e-01	   8.4514376305929595e-01	   5.7633587665776087e-01	   4.8321643087500921e-01	   5.3798819233141626e-01	   4.3795954319979813e-01	   6.8146772266322397e-01	   6.8765181176318702e-01	   8.8437737502746494e-01	   6.5578453343063114e-01	   1.0016400935493526e+00	   6.7035508923085463e-01	   6.3489654424332020e-01	   2.0486054440207341e-01	   5.4370838782734454e-01	   4.2418917135521322e-01	   7.7577557592474500e-01	   6.0802908634584152e-01	   9.2866398997157140e-01	   6.5449834041892596e-01	   8.0443016089145580e-01	   5.4621458095056241e-01	   3.9702574010959713e-01	   1.1766459334648473e-01	   7.4165219472807609e-01	   7.0660592969573732e-01	   4.4365269275763214e-01	   4.3726326168848917e-01	   3.4120047150237803e-01	   6.1155678077525555e-01	   7.2718350164800349e-01	   2.3496241753590347e-01	   2.0118139280525910e-01	   2.8095025488983638e-01	
   1.0497265368775706e+00	   6.7047478403874727e-01	   6.6438929387730894e-01	   4.8528339473485593e-01	   6.0929735269660379e-01	   3.2766898501346636e-01	   9.8042197774491835e-01	   6.7718544996603236e-01	   6.6905939560938432e-01	   5.9881715317677475e-01	   0.0000000000000000e+00	   1.0986008517954478e+00	   1.6152671226343149e+00	   8.3074595488409853e-01	   7.5654973239694501e-01	   7.6945301241486697e-01	   8.4182790225484971e-01	   6.3215274150894374e-01	   1.1401440151457447e+00	   1.1298198368927135e+00	   5.0269426417881929e-02	  -7.5166398243831326e-02	   4.4796517766353466e-01	   2.5602362505997189e-01	   2.5408180334779975e-03	  -1.7513799016671373e-02	   2.7996439038764998e-01	   8.4557048590572767e-02	   1.1284610442162639e+00	   9.7594935097121382e-01	   4.3614880476948731e-01	   2.7304135022434123e-01	   7.1069916866600868e-01	   7.0127991437202941e-01	   2.4491608341571827e-01	   1.9126106133396131e-01	   5.2806567783596770e-01	  -4.6655389867912192e-02	   6.7743371057147572e-01	   4.2778155479810759e-01	   7.3070050300406619e-01	   1.3298210203254834e-01	   5.0841357185338076e-01	   5.4616710952931036e-01	   3.4780830940613083e-01	   5.0904063137370903e-01	   5.7525882585810117e-01	   6.0348614842006221e-01	   5.6420324728129856e-01	   5.8098860161892318e-01	   5.0378251574252442e-01	   5.1772103837539696e-01	   5.4322860825389574e-01	   3.0576044862420704e-01	   7.9124655059275084e-01	   7.5670812092633644e-01	   4.9541236204922057e-01	   2.8896787351916281e-01	   7.0431748525008309e-01	   6.0508090367417411e-01	   1.0910711991627429e+00	   7.2289885792149322e-01	   9.0400768470919812e-01	   8.9204757168907800e-01	   2.2156988311772291e-01	   1.9663607423125823e-01	   1.8354476521593241e-01	   2.2075089583074983e-01	   4.9092630998035347e-01	   4.1566987179980663e-01	   5.7204780351281515e-01	   4.6790902083976127e-01	   9.0776290477695931e-01	   6.8719265819030684e-01	   7.3603701240769659e-01	   6.3600029575806027e-01	   8.3319345036206260e-01	   6.4737154849779821e-01	   5.2331241278962626e-01	   5.4685300192231179e-01	   6.3847494788538839e-01	   6.5023838143421198e-01	   7.1831932802587417e-01	   7.8402561496427059e-01	   4.6992558063562223e-01	   2.6265904984124538e-01	   2.4972726439878923e-01	   1.4290571978524422e-01	   7.4737147922647307e-01	   7.0446503346111322e-01	   7.5698518536844828e-01	   6.8309378447954439e-01	   4.5002761727739582e-01	   6.7607284736556528e-01	   4.1051964023376908e-01	   3.5693391954873305e-01	   5.0481653743843236e-01	   5.0450739725075422e-01	   8.7952207709346453e-01	   8.1171545897034747e-01	   6.4004597018964815e-01	   7.6611077311766229e-01	   7.0779270666953542e-01	   5.9899989199455372e-01	   1.0961676271354229e-01	   4.0220095203099167e-02	   6.4758748746706674e-01	   6.5526383101341390e-01	   1.2896980752731299e-01	   3.7294385630950860e-01	   3.5654598430391921e-01	   6.3288646735040488e-01	   7.7535746579035603e-01	   3.0716877370523699e-01	   1.3883921812742664e-01	   3.3271185510400070e-01	
   1.1109006525659491e+00	   8.4125181438468888e-01	   5.5649812899492379e-01	   8.6286580569919025e-01	   5.6856049678374643e-01	   4.8325491357002548e-01	   8.4160870342250826e-01	   1.1168461304203066e+00	   6.3456809302472705e-01	   8.3215925646419975e-01	   1.0986008517954478e+00	   0.0000000000000000e+00	   1.0165554384448028e+00	   1.2581484679164228e+00	   7.0646981621713112e-01	   1.0413475342284471e+00	   8.6590990095529352e-01	   7.0409768624653346e-01	   9.0160146335659852e-01	   9.9647718581456102e-01	   1.4428506894161744e-01	  -7.7186052574081801e-02	   5.4160812743205478e-01	   5.6515644218702499e-01	   1.7774704068418359e-01	   2.2128031634501416e-01	   3.3748031436933656e-01	   1.5718764127722593e-01	   1.0485985653953633e+00	   1.1786437334820314e+00	   5.4361139158467497e-01	   5.5542838118290616e-01	   7.9674810759707726e-01	   1.0131644571438152e+00	   4.0052639129901335e-01	   4.2354322141766848e-01	   4.9901124962736465e-01	  -1.9577180595814307e-02	   5.4881519111498167e-01	   4.8824056732062560e-01	   7.4639074986611942e-01	   9.8004700457683197e-02	   4.2656838346463732e-01	   4.6289722649357812e-01	   3.5772014764738019e-01	   5.3536666722912229e-01	   5.1211552482727640e-01	   5.2233836845276926e-01	   5.1222366210288595e-01	   4.9949994452897284e-01	   5.3257878753855104e-01	   4.8534212394220211e-01	   5.5647593715585564e-01	   2.3694853995252924e-01	   7.0374880019422248e-01	   6.3967102754921967e-01	   5.8582100006503002e-01	   3.7930078591309413e-01	   6.8413584306246189e-01	   7.1795193160125848e-01	   8.6788242872232380e-01	   1.0817306009838781e+00	   1.1072739343103088e+00	   1.2378844983422781e+00	   3.0392553509595066e-01	   5.2836654445380060e-01	   2.9029389306078973e-01	   4.5405434223013208e-01	   5.4850206220153108e-01	   4.4807026228991192e-01	   6.5404390331375073e-01	   6.0531556705826173e-01	   9.1517632497487178e-01	   1.0604661759674030e+00	   7.1999495638948163e-01	   7.6217824148825797e-01	   8.9148799438985027e-01	   9.2645268585921681e-01	   6.0189483612548278e-01	   6.5386332421230065e-01	   7.9790454625274632e-01	   8.5308487374630027e-01	   6.7321227972010278e-01	   8.6785630051081375e-01	   6.8767000990674565e-01	   5.6663918511385103e-01	   2.6189391244275501e-01	   4.1509020835477634e-01	   7.0523832406351550e-01	   7.4102795729669357e-01	   7.5318864269984209e-01	   4.8981580404919312e-01	   6.6232133598797482e-01	   5.3340402707229140e-01	   4.4169883474805999e-01	   2.8821340604479251e-01	   5.0835826076109292e-01	   5.2308688431331130e-01	   8.0368043294377833e-01	   6.3870111325862999e-01	   7.0981025041713175e-01	   5.3627581178858419e-01	   6.2115143044261723e-01	   4.6739936020017164e-01	   1.9074576091250728e-01	  -1.2458411294340468e-02	   6.5061274758087428e-01	   5.8621724798235997e-01	   2.2323251424372692e-01	   3.7362344058920616e-01	   2.9581357036917338e-01	   5.6906655272405393e-01	   6.9191167013667076e-01	   2.2676082956334845e-01	   1.8894859874485173e-01	   4.2269473840527538e-01	
   8.9207062754032729e-01	   6.0402999390417911e-01	   6.3667538453270101e-01	   4.4539609505403854e-01	   5.6955501057551006e-01	   2.7023987646796760e-01	   9.1934514484301255e-01	   5.9301049870547384e-01	   5.6437555821481800e-01	   5.1250958050655182e-01	   1.6152671226343149e+00	   1.0165554384448028e+00	   0.0000000000000000e+00	   9.3192572783275296e-01	   6.9070215358710685e-01	   7.2304987336327531e-01	   6.9191400576926687e-01	   5.3876208700236916e-01	   9.6962069312044263e-01	   8.9714313793294764e-01	  -2.2172067585984955e-02	  -1.3023680953920788e-01	   4.2324727312231003e-01	   2.1884084313418381e-01	  -2.2324539516895708e-02	  -5.7979241448495041e-02	   2.4664921391590833e-01	   6.6004858204500874e-02	   9.5978639826540946e-01	   8.4217453100680184e-01	   3.8869776095286357e-01	   2.2379825839476231e-01	   6.3335105936571101e-01	   5.9481178968414672e-01	   2.5813902818939116e-01	   1.7562412215280826e-01	   5.6273184699327350e-01	   3.3028534208759626e-02	   5.4816102661756094e-01	   3.8534070470670212e-01	   6.7714345828968125e-01	   1.9317015933396448e-01	   3.9193176639935040e-01	   4.0679373683840991e-01	   2.6884814277057384e-01	   3.9085831187270520e-01	   4.0665380443228816e-01	   4.3535105971437354e-01	   4.0937826815606371e-01	   4.0544712278527234e-01	   3.5882563329089734e-01	   3.3565776905785488e-01	   3.9370179391541654e-01	   2.1975582483361955e-01	   6.5626036001810018e-01	   5.7571974884737975e-01	   3.9022261121663315e-01	   2.3989594925669921e-01	   5.1158309618703446e-01	   4.4333797307381184e-01	   9.2694445016091276e-01	   6.2356036638786227e-01	   7.4484474855869964e-01	   7.5506601405074958e-01	   2.1072860913813934e-01	   1.7058546502345323e-01	   1.4233576333713532e-01	   1.6811770339406421e-01	   4.9544937041428644e-01	   3.7285356911752721e-01	   4.8608278869859761e-01	   4.2524690598961756e-01	   8.3898474368630116e-01	   6.6260441522422109e-01	   6.6640698071460047e-01	   6.4572870839814733e-01	   7.5933854926593525e-01	   6.0105373945772989e-01	   4.0713567146538215e-01	   4.5063531534888590e-01	   5.4395379352866602e-01	   5.8721365375051326e-01	   6.0869465629525088e-01	   6.3763432257698172e-01	   3.9166125748117764e-01	   2.0938324268765618e-01	   1.4970202180388165e-01	   9.7801412361126133e-02	   6.5690083972392488e-01	   6.2659931778424593e-01	   6.5661736200174547e-01	   6.4979873131677213e-01	   4.1604401999142454e-01	   6.5428556831589302e-01	   4.0446504782765375e-01	   3.1009278400173573e-01	   4.3655141200555431e-01	   4.2440413675635547e-01	   7.0478992723153344e-01	   6.9375710470195096e-01	   5.5732070536056011e-01	   6.9702397866278776e-01	   5.7659931192387148e-01	   5.9061267883549806e-01	   1.0605141996927742e-01	   4.4516092108016596e-02	   5.9726692748616417e-01	   5.8704974995755688e-01	   2.0887656016975931e-01	   4.3659396360107600e-01	   2.8213651582085658e-01	   5.3265456084487384e-01	   7.2210119573993525e-01	   3.4344286182900491e-01	   1.5485233560356204e-01	   3.3539283599894193e-01	
