   0.0000000000000000e+00	   1.1517990681986476e+00	   1.9449514677578666e-01	   8.5354659511146763e-02	  -3.8503856554284642e-02	   8.1742289017439740e-02	   3.1054357323515691e-01	   1.9571274723455642e-01	   2.2021795691896315e-01	   4.6533561896272169e-02	   6.5773538511838647e-01	   3.5996865500027825e-01	   4.1977727105240192e-01	   3.4386570392797339e-01	   3.2832910301722179e-01	   2.1170986061354319e-01	   4.5311065755017943e-01	   3.6647284927407808e-01	   1.0153947131178507e+00	   9.9767026606351950e-01	  -2.2123048655940036e-01	  -2.3791927669787685e-01	   1.4074105594221115e-02	  -2.4869780020501307e-02	  -2.1622989027600498e-01	  -1.9164767328513260e-01	  -9.6173920061658785e-02	  -7.0073109746329604e-02	   2.9494450845069886e-01	   3.1743720855715724e-01	   4.6306836504428073e-02	   5.0697258915946612e-02	   4.7659911722307280e-01	   3.8619516189732733e-01	  -1.1129650758332095e-01	  -1.1961378156192572e-01	   2.9505942237378452e-01	   1.5428297331413410e-01	   2.0544326841742080e-01	   2.7363347715343039e-01	   2.3206246969586736e-01	   3.4392032948292989e-01	   1.1269903417068586e-01	   1.5157522283301805e-01	   7.6629196830772614e-02	   7.1445980487641308e-02	   1.8458663326728980e-01	   2.9409518471457519e-01	   2.6670179740325906e-01	   2.8130134075222707e-01	   2.2512680276427235e-01	   2.2170948113450772e-01	   3.6427797238790144e-01	   5.0748455348779931e-01	   2.3330811500395765e-01	   3.4938662602088710e-01	   1.0879408052125550e+00	   1.0066584181045402e+00	   5.6676366686390578e-01	   3.9379575228527869e-01	   4.9688168168394098e-01	   5.9264090059368175e-02	   4.8192718848062477e-01	   3.2150328952724583e-01	  -1.5468190079480634e-01	  -3.0396231646427857e-01	  -4.8643720221957273e-02	  -1.6144190565276340e-01	   7.1469545901999332e-01	   7.8092658788955105e-01	   9.1459090902271750e-02	   1.5902620991281663e-01	   4.0241891221233839e-01	   3.8688101567647754e-01	   3.2175590597443271e-01	   3.9415350788289960e-01	   2.3691664683716038e-01	   2.8342761862353094e-01	   2.0340369765431623e-01	   1.2877433348577710e-01	   3.0587209087920086e-01	   4.1765015335025740e-01	   3.3061001027079218e-01	   3.6700614736999854e-01	   2.3834572490848369e-01	   2.4839569236593051e-01	   1.9590202377794300e-01	   1.1440473792587395e-01	   4.3930156894006134e-01	   3.8171381211280597e-01	   5.6589881947120974e-02	   1.0299006073649922e-01	   4.4828982976754680e-02	   1.9893940442631403e-01	   2.7294417251700548e-01	   2.9421257188920902e-01	   1.5841722854410556e-01	   3.8714402237821305e-01	   9.4361824167158298e-02	   3.4684596134819601e-01	   1.9895865965766607e-01	   2.7499863510229289e-01	   4.9008851443923257e-01	   4.8705877080844417e-01	   7.8517968488154552e-02	  -6.9754962162364195e-02	   1.7603580235610225e-01	   4.6261680126295407e-01	   2.3499619221969145e-01	   1.9548777935844114e-01	   9.0309506086581046e-02	   1.7001737635502071e-01	   1.4785572168863728e-01	   1.3743954551950463e-01	   9.6384412624367748e-03	   2.2568370100644497e-01	
   1.1517990681986476e+00	   0.0000000000000000e+00	   6.3810658208634463e-02	  -2.3998639928622854e-02	   2.6986465726116005e-02	   1.5227871430246082e-02	   8.0006088778929785e-02	   1.3528334519347360e-01	   1.5821813800834111e-01	  -9.3681901647758692e-02	   3.2745997982086678e-01	   2.4197707093280346e-01	   2.4088010153939526e-01	   1.7968341109846431e-01	   2.7195842611537596e-01	   1.5185305357955620e-01	   5.3392768723658235e-01	   5.1745086966078435e-01	   7.5425284523466030e-01	   1.0634982104692747e+00	  -1.2353874330391293e-01	  -1.2186178251268365e-01	  -4.8059425551215909e-02	  -1.2171871122570799e-01	  -7.7423096761343319e-02	  -1.0345407166921733e-01	  -1.5240267403030276e-02	  -4.7902274210035754e-02	   2.8975350419731916e-01	   3.2981516211945594e-01	   1.2737470487855745e-01	   1.5095081041133318e-01	   4.4498210170634528e-01	   4.0422578071222087e-01	  -3.1680792763932590e-02	  -3.5791924141534086e-02	   4.2749826640614175e-01	   1.8736688277289684e-01	   3.4040236594399981e-01	   2.7407062888313305e-01	   3.0419249423092015e-01	   3.2835626176883781e-01	   2.3491139767476096e-01	   3.0764121542494133e-01	   2.8714983657150511e-01	   2.9247678453403619e-01	   2.9279999278874969e-01	   4.0947012291747298e-01	   3.6012998214649733e-01	   4.6264798548309821e-01	   2.1105810628023147e-01	   2.0042939168988322e-01	   3.1260764156255472e-01	   5.9978697473803566e-01	   1.9852469709830711e-01	   3.2721638310470202e-01	   1.2159212309169298e+00	   1.4164486342867266e+00	   3.8025641664677445e-01	   4.0016639688430128e-01	   3.1326521402457552e-01	   9.0831944983867416e-02	   4.5930613330069370e-01	   3.5746546931657242e-01	  -1.7250064520388056e-01	  -3.3418168111441787e-01	  -1.7678453185209404e-02	  -8.2298463616985534e-02	   8.3092783448580265e-01	   9.2155919675661269e-01	   3.3124615234766779e-02	   1.3116190336879696e-01	   1.5060659530068593e-01	   1.2568760769399323e-01	   5.1372918686723251e-02	   1.6081593995425578e-01	   1.9060632602618255e-01	   2.8972995353054209e-01	   2.6597855379606761e-01	   2.4860064966232073e-01	   3.8928032641249588e-01	   4.1958946728685526e-01	   4.5977907125652878e-01	   4.6536390970058789e-01	   1.4210153618067303e-01	   1.6051644277341354e-01	   1.8895520988551484e-01	   7.2683570025800656e-02	   2.7195874087482697e-01	   2.7183305812271413e-01	   1.1968356168033289e-03	   7.2457805732285829e-02	  -2.1289253297627216e-02	   1.7690451585225961e-01	   2.0241188879808886e-01	   3.2653216511156308e-01	   1.8059645042905959e-01	   3.8728139513374682e-01	   1.3994847948412051e-01	   3.1487381903023753e-01	   1.7058604280213852e-01	   2.8027558317140450e-01	   4.1490437321585849e-01	   3.5193115686014098e-01	  -3.9320117601133022e-03	  -1.1957761983871484e-01	   6.6756718246367724e-02	   3.4182479777605174e-01	   1.3128330552069734e-01	   6.4582409869937435e-02	   1.4476114424869999e-01	   2.8571557587369489e-01	   2.3044536479057851e-01	   1.7711788087443622e-01	   1.7905885334027927e-02	   2.5271693083872054e-01	
   1.9449514677578666e-01	   6.3810658208634463e-02	   0.0000000000000000e+00	   9.2762495082785057e-01	   4.9805048555820430e-01	   2.3068854017613349e-01	   6.8269415206653461e-01	   1.5132575610431404e-01	   2.9184820299611447e-01	   1.7986933546202366e-01	  -4.4168714292100765e-02	   9.2799173522328693e-02	   1.1120231529138773e-01	   2.1639690682089247e-01	   3.2047097870748725e-01	   2.9403705773312894e-01	  -5.8793122166997426e-02	   1.6604354778035083e-01	   3.6402365077438631e-01	   2.5985662524389119e-01	   5.0460031134683248e-01	   3.7386002270073765e-01	   1.0744276731230098e+00	   8.2788153682772647e-01	   5.0993832575439213e-01	   4.7795126515797576e-01	   4.3288635845512158e-01	   5.6301495790911837e-01	   1.3507362163052689e-01	   1.7329398780487942e-01	   7.1363836183745055e-01	   5.7249788946254576e-01	   5.8225575147880904e-01	   5.2388015276033117e-01	   4.7019030517463578e-01	   2.5579104911804007e-01	   5.9939929467017053e-02	   3.4253613969529967e-01	   3.2096845670470514e-01	   5.1673987751242922e-01	   5.7442661978150719e-02	   3.4641513294270820e-01	   2.6120007942963153e-01	   1.8218976475629617e-01	   1.3292552638210273e-01	   1.0800407153192493e-01	   2.2605263196181652e-01	   1.9578046814258529e-01	   1.5353570248946599e-01	   8.6858336284773199e-02	   3.9330564841554932e-01	   3.7840778296499644e-01	   2.0856749175709774e-01	   3.9473856335869156e-01	   3.2694956668621217e-01	   3.8474345739338134e-01	  -2.9953282666277947e-02	   7.1670310756035221e-02	   1.7839068900411365e-01	   1.1106553422373409e-01	   1.2334815253785050e-01	   2.2160186301307581e-02	   4.0513684076308759e-02	   1.7430862258728819e-01	   7.4033958326561988e-01	   3.5513044296254942e-01	   5.0516570279133821e-01	   3.3971106521409333e-01	   2.3870692404301599e-01	   1.9326641254572494e-01	   2.6567043215139202e-01	   1.3858520344190225e-01	   7.8661484899927026e-03	   1.3769052210082169e-01	   1.2480478119381916e-01	   1.9331667149580431e-01	   3.0997390304416048e-02	   2.2734428582909812e-02	   1.3713967620581330e-01	   1.3857884425729541e-01	   1.0819134689170172e-01	   4.5284622267172769e-01	   1.9004034524078789e-01	   2.5209607255287236e-01	   7.1640810600848426e-01	   5.9720027629950367e-01	   4.6577090696110901e-01	   5.1038754971608113e-01	   3.1903787422913366e-01	   4.7258206405689035e-01	   3.7151040605380714e-01	   4.2592616607434586e-01	   1.7772114596365093e-01	   4.6518807849164334e-01	   1.1708083111712736e-01	   2.4797935310482577e-01	   8.5322461612174008e-02	   5.8596477697549852e-02	   1.5451106665870706e-01	   1.0578900715404299e-01	   1.0878256987471310e-01	   3.2600283298287991e-01	   1.6499625434531828e-01	   2.5089626294005335e-01	   6.9338480922732787e-03	   1.6503001250703578e-01	   1.4380523800366077e-01	   2.1761220984583893e-01	   7.1077396318497521e-02	   2.5585376516731314e-02	   1.4865498525977200e-01	   1.0392486389252514e-01	   2.7081493244846818e-02	  -1.4992701629821836e-01	  -8.7397124004141541e-02	  -2.9800618720020145e-02	
   8.5354659511146763e-02	  -2.3998639928622854e-02	   9.2762495082785057e-01	   0.0000000000000000e+00	   6.7646027021721622e-01	   6.4531536403536027e-01	   6.7322123476947704e-01	   6.1102050993836654e-01	   4.6449195371049889e-01	   6.4028392000350198e-01	   8.0359160045719580e-02	   3.6556324783937799e-01	   1.2223350016554158e-01	   3.6493921518810990e-01	   2.6903946136538281e-01	   4.9462009389632439e-01	   8.0598633331764771e-02	   2.1451921472375299e-01	   3.5456268154146459e-01	   2.8898924086179772e-01	   4.8477918302320433e-01	   4.3556763991707825e-01	   6.8672521919827889e-01	   9.0858203184213737e-01	   3.5194050092025908e-01	   4.4522631908203003e-01	   3.7603462960193995e-01	   5.5206629624177439e-01	   2.3698608734789761e-01	   2.8169979972489140e-01	   6.1039121278292330e-01	   6.6855998764611058e-01	   5.5415681188566435e-01	   6.1761546433583137e-01	   3.3922602211141661e-01	   3.1840871888196931e-01	  -8.0768853148384043e-02	   1.8502065658078021e-01	   1.6444905978555005e-01	   3.7863549071944536e-01	   6.9980282399801114e-02	   3.3055428358609618e-01	   2.9555535535903310e-01	   2.4749468197132304e-01	   1.8880684131621636e-01	   1.8575509553822911e-01	   2.5343466967223693e-01	   2.4551572714601066e-01	   1.8246107512129772e-01	   1.0648819249655413e-01	   4.6653509827585338e-01	   4.8936616367154551e-01	   2.7214718339703026e-01	   3.6957947404390490e-01	   3.7958259764697616e-01	   4.1462926836365188e-01	  -6.3136437675412577e-02	   5.0836580997298958e-02	   2.0239738168696464e-01	   1.4068233478701292e-01	   3.5237462998722607e-01	   4.4566895068491202e-01	   1.8703449300125558e-01	   3.9392301742836294e-01	   7.4333060963367314e-01	   6.7615137583156770e-01	   5.6504807132248547e-01	   4.7941915504952909e-01	   2.3813927283510680e-01	   1.5180457172096326e-01	   2.7816449013694672e-01	   1.5429206661237327e-01	   7.9469067639880930e-02	   1.8914958642398275e-01	   2.3559805011130108e-01	   1.8664679482426655e-01	  -7.4993518253257188e-03	   4.1574014127386073e-02	   4.1702664697785985e-01	   1.8279266059779958e-01	   2.5336728416173593e-01	   5.4425953379021252e-01	   1.3353014477428343e-01	   2.8731930801748040e-01	   6.7459557459280528e-01	   8.7133944948387898e-01	   3.6632201700676453e-01	   5.4211305496852080e-01	   4.2083932610764302e-01	   5.2673780748654120e-01	   5.3378401982532908e-01	   2.2159318254401861e-01	   3.3614704761123437e-01	   2.9505782250886120e-01	   8.2944328367488454e-02	   2.5763718008057257e-01	   8.1892708028633351e-03	   3.3968303057884230e-02	   2.2619991238423337e-01	   1.4599101071691906e-01	   4.8824477304593239e-01	   3.3512320565697828e-01	   2.8750167012665989e-01	   2.1833154310959363e-01	   1.5939906743792663e-02	   1.1126527515475354e-01	   2.3192528016565317e-01	   2.5761183942402721e-01	   7.6843635265275975e-02	  -6.2705361196720474e-02	   7.6516176039966036e-02	   9.4040383913984102e-02	  -1.3090497388579262e-02	  -2.4954253718366881e-01	  -9.2053863751870371e-02	  -6.5396648988585576e-02	
  -3.8503856554284642e-02	   2.6986465726116005e-02	   4.9805048555820430e-01	   6.7646027021721622e-01	   0.0000000000000000e+00	   7.3019757159048193e-01	   5.5886514505157669e-01	   4.9504786401134049e-01	   6.4227511939762438e-01	   4.0123147844230078e-01	   7.3161877445589746e-02	   3.5200717699767953e-01	   2.1107803592174422e-02	   2.6053885258247433e-01	   4.5543596960060140e-01	   4.9782900541145014e-01	   2.3452253429353970e-01	   3.3413128627648447e-01	   3.6192923402736565e-01	   2.6449576636106598e-01	   4.8392558487875192e-01	   5.4826571825285786e-01	   2.3978316772898922e-01	   3.4977896662767088e-01	   2.5828006598917391e-01	   1.7346179885104746e-01	   7.5727302175980760e-01	   5.1182604095843853e-01	   6.3818620714354279e-01	   4.7326490838223956e-01	   4.8622406589554501e-01	   5.0827619510230382e-01	   5.9188096188791395e-01	   6.8297715366475709e-01	   2.6595555367421475e-01	   3.6700022708743846e-01	   6.6907416092942651e-02	   5.7791002992813270e-02	   2.6617980196911178e-01	   3.4312507093364109e-01	   3.0062618418163295e-01	   4.4625390778887725e-01	   4.7497104710618632e-01	   4.6324717056444842e-01	   5.3072289836975028e-01	   5.1394703616053006e-01	   4.2763761415050378e-01	   4.2643149359585347e-01	   4.0970126167321486e-01	   3.1224377446787199e-01	   4.3362230340594321e-01	   2.7948300336358090e-01	   1.2948499121241069e-01	   4.1639296119271602e-01	   4.8011523324288446e-01	   5.1535062409812993e-01	  -1.4111825046442625e-01	   6.9554860813196974e-05	   1.6238352153848851e-01	   2.1081399315144503e-01	   3.4865602005530405e-01	   4.6936081797353141e-01	   4.0392807986523743e-01	   6.0228282024139057e-01	   2.8575187181653794e-01	   2.3756397962082237e-01	   5.8366636308955100e-01	   5.9674066311125318e-01	   2.0463367440452993e-02	  -1.0291097866884827e-01	   1.2259364240362991e-01	   1.1891412608843006e-01	  -1.2454382301803502e-02	   8.8091717966426383e-02	   5.1656433589209877e-02	   1.1505900908735985e-01	  -1.7398566479531991e-02	   9.1398914426215158e-02	   3.7986174576090936e-01	   1.8218534519662349e-01	   5.0022736013744207e-01	   5.9847324371953792e-01	   5.0211957412682418e-01	   6.4209178169395309e-01	   3.1778521666879045e-01	   5.8082571519694348e-01	   3.4593662236373279e-01	   6.0327258185671473e-01	   2.4919540642076091e-01	   4.8556535974562987e-01	   5.1709503490618181e-01	   2.6992487273158289e-01	   1.8038809095661246e-01	   1.3089198803736540e-01	   6.4768986591423619e-02	   2.0681397290231396e-01	   1.9665836799438249e-01	   1.1360638100920850e-01	   4.8479006595178520e-01	   3.4683929290113391e-01	   4.4289815767658158e-01	   3.9540626559735087e-01	   3.6841213594390759e-01	   3.5239337312064867e-01	   1.2340929009899410e-01	   8.7700904147675132e-02	   1.1060502761585848e-01	   1.2369066724980884e-01	  -8.2708691047016739e-02	  -8.5179295863575616e-02	   1.3874274686729254e-01	   2.0964106687569703e-01	   2.5729001218700698e-01	  -2.2464734769979098e-02	  -2.4542875056007989e-02	  -5.8119736350762029e-02	
   8.1742289017439740e-02	   1.5227871430246082e-02	   2.3068854017613349e-01	   6.4531536403536027e-01	   7.3019757159048193e-01	   0.0000000000000000e+00	   5.8851867003089808e-01	   9.7808675439651160e-01	   5.8610685667264206e-01	   8.8518217595267601e-01	   3.8122870303349149e-01	   6.0305753725316946e-01	   3.5849155470142630e-01	   4.0778396924545895e-01	   5.0964344105440984e-01	   6.8283083481101170e-01	   2.4188928034831680e-01	   2.3115636166884765e-01	   3.6553947420737415e-01	   2.1184575087218716e-01	   2.0949255373173448e-01	   2.6070588039072096e-01	   9.6014678967335454e-02	   2.1889041042932855e-01	  -4.3175189626484603e-03	   9.2340411746570455e-02	   3.9353990222473723e-01	   3.8719019247001657e-01	   4.8442873984250462e-01	   4.2613193751590694e-01	   1.3973946513416152e-01	   2.8262129461722274e-01	   3.6979301691018424e-01	   4.3963949354436083e-01	  -3.1757296035478189e-03	   2.0502236873754490e-01	  -1.0987536426658603e-01	  -7.5815993875233315e-02	   7.6892552956016715e-03	   1.8228159670189967e-01	   1.6619491319285684e-01	   2.7947450468769169e-01	   3.0773426508311813e-01	   3.1001106166157077e-01	   2.8424320716733376e-01	   3.4258409829507919e-01	   3.2556603113605986e-01	   3.8449273261777367e-01	   3.8880679958965270e-01	   3.3754609141347025e-01	   5.3832632796351731e-01	   4.8552407188455521e-01	   4.0574403222633715e-01	   4.2153932106171899e-01	   3.7412257077794075e-01	   4.4234783844371361e-01	  -2.2436085810188470e-02	   4.5321933636511109e-02	   3.4308122596000007e-01	   3.6344627576680344e-01	   6.8183052403932176e-01	   8.4584814835430999e-01	   4.3134395061231612e-01	   5.8225975624864201e-01	   1.5465194503271065e-01	   3.1379111460267400e-01	   4.3024671182113422e-01	   4.5523259404639765e-01	  -2.1097484152134287e-02	  -8.0188473355788797e-02	   1.5082662887879006e-01	   1.9396897773661398e-01	   1.4291203820616152e-01	   2.4171137527088646e-01	   2.9010808843337121e-01	   2.5202431297986999e-01	  -3.2957510141624159e-02	   7.9744095301447465e-02	   4.6509061394605655e-01	   1.1633986518499520e-01	   4.2287481668076010e-01	   4.0707208959405861e-01	   2.4312092955531672e-01	   3.6303437690574497e-01	   2.1463690327442603e-01	   4.8997312226235418e-01	   1.8964810900991141e-01	   2.3845838768794531e-01	   4.5300446286684376e-01	   5.2004961240914382e-01	   6.8830214987911731e-01	   2.0961331199978972e-01	   4.8753515140594200e-01	   1.3432619763874998e-01	   7.8350542079752492e-02	   7.5894703070405301e-02	   5.4379679495969481e-02	   6.9817375219808325e-02	   3.7652221145244458e-01	   3.3083775516328878e-01	   6.8827592642065116e-01	   4.0195000930618230e-01	   4.5203362198401803e-01	   4.5922300493812429e-01	   1.4309889453196473e-01	   7.4416703876232282e-02	   2.6010205618856830e-01	   1.3988327815914642e-01	   3.2097858709420106e-02	  -1.8496554571289854e-02	   4.8694449750100059e-02	   7.2054973680848886e-02	   1.2644848044517709e-01	   4.5602775147525008e-03	   8.2642677469649831e-02	  -1.7842937017359534e-02	
   3.1054357323515691e-01	   8.0006088778929785e-02	   6.8269415206653461e-01	   6.7322123476947704e-01	   5.5886514505157669e-01	   5.8851867003089808e-01	   0.0000000000000000e+00	   6.9940274790025470e-01	   7.9078074351942818e-01	   5.2480812314443992e-01	   3.7810830982635385e-01	   5.7436387094387598e-01	   3.9189700274976058e-01	   6.1522141459252755e-01	   4.6156929145423858e-01	   5.1414589124245691e-01	   9.5592831662302313e-02	   1.3195586422453198e-01	   4.4768488159446962e-01	   3.6103103987739699e-01	   1.3405663781933719e-01	   5.3948206100447316e-02	   2.6194563845733065e-01	   2.7340374969296305e-01	  -1.4186072704394710e-02	   4.4720862182719666e-02	   1.6824420101886484e-01	   1.8046020752692976e-01	   3.5007978241708998e-01	   2.8957757280353930e-01	   1.6137791479157962e-01	   2.3434653802175481e-01	   5.8417743140062461e-01	   5.3703383902719770e-01	   4.3464132665355371e-02	   1.2358213803169438e-01	  -1.0539195787604724e-01	  -1.8832093018076364e-02	   8.4304990612740743e-02	   2.7698247046070551e-01	   1.4029288700979409e-01	   3.4324905012435603e-01	   2.9932437689872216e-01	   2.5072803744029548e-01	   2.4637486705869216e-01	   2.3018648648495299e-01	   3.3137284099103514e-01	   3.5084004931414947e-01	   3.7152574297000640e-01	   3.1395637630645612e-01	   5.4655880389951839e-01	   5.3867874343200239e-01	   4.2632355816600154e-01	   3.6725352260614319e-01	   4.1456927393072240e-01	   5.0760251333653328e-01	   3.8899133777016918e-02	   4.8869215291706986e-02	   6.0116496744790027e-01	   4.9900433161061142e-01	   7.7652289181428125e-01	   3.9887958546132229e-01	   3.7015201920545321e-01	   4.6319612357331463e-01	   2.1063754368700871e-01	   2.8885485221574614e-01	   5.3821496313919071e-01	   3.8805581740056622e-01	   9.5885650453671770e-02	   5.7683125302771227e-02	   3.2689660388996006e-01	   2.8601028983093946e-01	   3.4749931547821533e-01	   4.7031694359350218e-01	   4.6236835078719335e-01	   4.4175873748985062e-01	   1.5524883829242572e-01	   2.5856980702100890e-01	   2.0500550153991809e-01	  -5.6572049326863903e-02	   1.8009521920755478e-01	   3.0083633483760003e-01	   1.9902450042659503e-01	   2.4064304249700830e-01	   2.5804760822355238e-01	   4.9633442949701978e-01	   1.4400771077639496e-01	   2.0375041487364176e-01	   4.6468516190302717e-01	   6.3407793061892181e-01	   5.6575034191914808e-01	   4.4393297003513488e-01	   3.5810875193825237e-01	   4.0878475648914403e-01	   1.2221947314291952e-01	   1.9031132826595859e-01	   1.1474792357821481e-01	   1.6081874066104945e-01	   4.1121521858053023e-01	   3.6717257443528523e-01	   5.2923110882475211e-01	   5.8163138893537236e-01	   4.6557858567762400e-01	   4.9524234461909272e-01	   1.3468219932192249e-01	   1.8255630885740037e-01	   2.0474176986691714e-01	   3.7056993312895242e-01	   5.8148852255972543e-02	   3.4468421852352694e-02	   1.5606507861285954e-01	   1.4527543191750278e-01	   2.1208693687063795e-01	  -4.6434378347864395e-02	   9.0794396179436285e-02	   3.7684347213556242e-02	
   1.9571274723455642e-01	   1.3528334519347360e-01	   1.5132575610431404e-01	   6.1102050993836654e-01	   4.9504786401134049e-01	   9.7808675439651160e-01	   6.9940274790025470e-01	   0.0000000000000000e+00	   6.6242183762502571e-01	   9.2719502665791742e-01	   5.0333135189893485e-01	   9.4805033223909618e-01	   4.2808294211798870e-01	   8.0078825692647027e-01	   4.5560323172129957e-01	   8.3341642883070022e-01	   2.8356718463068964e-01	   2.7333007560296352e-01	   3.9096366937299415e-01	   3.6384344482215147e-01	  -4.9874056718023529e-02	   3.9658637212035851e-02	  -7.0831583752657698e-03	   2.2349936783962504e-01	  -1.9222162033566886e-01	  -6.9609837042101663e-02	   5.0453846962717423e-02	   1.0656266814789954e-02	   5.3597227967176075e-01	   5.6312039162849692e-01	   9.3478898031416124e-02	   3.4082389612933306e-01	   3.6701860834405564e-01	   5.0438850929351542e-01	  -1.2858532217306368e-01	   8.9101585879234918e-02	  -1.4100408193617531e-01	  -1.5583431562993708e-01	  -7.2444065696993479e-02	   8.8692510297192384e-02	   7.2428719834059921e-02	   1.4386729779603613e-01	   2.5510079478334957e-01	   2.3646215125555364e-01	   2.8364080555969240e-01	   3.0906420753609237e-01	   2.4087355906352403e-01	   2.7550012580319916e-01	   3.3269667170237183e-01	   3.0173385976267564e-01	   4.2143114863416409e-01	   3.7118664034262577e-01	   3.8870690804577207e-01	   2.5650804417914480e-01	   3.2134395398344145e-01	   2.9768298739849813e-01	   1.1513220396828229e-01	   1.2588627076175296e-01	   4.2794090861334400e-01	   4.2418857655849196e-01	   9.1776756091213341e-01	   1.2210433849201241e+00	   6.4377478699896329e-01	   7.8654501738933780e-01	   5.3688798383459413e-02	   2.9464358232952392e-01	   3.2571664152938284e-01	   3.3801165005269462e-01	   2.5231263943759855e-02	  -5.3117851050206409e-02	   9.6482079803189319e-02	   1.8736060923889122e-01	   1.9236246481539440e-01	   2.9571701484109064e-01	   4.2704847728539996e-01	   3.9223436288489827e-01	   7.0277008985155723e-02	   1.9312435216401785e-01	   4.2747930871329526e-01	   3.7011202020347522e-02	   3.9808836519677121e-01	   3.0456872464631390e-01	   2.2331769282015818e-01	   3.9109415366590816e-01	   2.0255226692001074e-01	   4.9710786238837118e-01	   1.2954300512892986e-01	   1.2383228376028645e-01	   4.8436886625079800e-01	   4.8193344507883651e-01	   4.4584793300858044e-01	   5.3151339647647657e-02	   3.9266817905616652e-01	   7.9638774368506152e-02	   8.6371781485270402e-02	   1.5952570200087962e-01	   5.9095956751632249e-03	   6.0207160042125993e-02	   3.6529396033631251e-01	   3.1401336448711842e-01	   8.2364766082705065e-01	   4.5032223163060653e-01	   6.2797599071441779e-01	   4.3602439437879831e-01	   5.8482288324734580e-02	  -4.8573303634970463e-02	   2.3878920608288479e-01	   2.6339287145063423e-01	   5.3353044933730664e-02	  -5.0503426393886823e-02	   2.5959080395073723e-02	   1.2209831611317558e-01	   1.8539152842600168e-01	   2.4937485910089780e-02	   2.9797576043881203e-02	   1.1766244890576644e-01	
   2.2021795691896315e-01	   1.5821813800834111e-01	   2.9184820299611447e-01	   4.6449195371049889e-01	   6.4227511939762438e-01	   5.8610685667264206e-01	   7.9078074351942818e-01	   6.6242183762502571e-01	   0.0000000000000000e+00	   6.7444852900118701e-01	   3.7281364402557482e-01	   5.1697357332101534e-01	   3.5710324213517730e-01	   4.5208069294525161e-01	   6.9024164739879068e-01	   5.9177744021928835e-01	   1.8332298928662716e-01	   1.9086551853201908e-01	   5.1936569726206794e-01	   4.4547200246644547e-01	   5.6711655674176508e-03	   1.7534060387086860e-02	   1.5126482989392132e-01	   1.5639369248331780e-01	  -2.3148824193514281e-01	  -1.8847985625399080e-01	   3.9743733792988810e-02	   6.8713514808430035e-02	   4.7520634935210532e-01	   4.3911929740580491e-01	   1.7206243619793410e-01	   2.2101008348178566e-01	   2.4519002982049845e-01	   3.7616535677318846e-01	  -1.9091288595029066e-01	  -6.8015242193824210e-02	  -8.0037671052351378e-02	  -3.6089608982881140e-02	   2.7968567021989174e-02	   2.4814207571216473e-01	   2.3598542079740298e-01	   4.5010638682367543e-01	   1.7325261884790044e-01	   9.8196024352558545e-02	   1.9281188344157646e-01	   1.6582204844005927e-01	   1.2359591236907681e-01	   1.7140338213579351e-01	   2.0186764686807177e-01	   1.7699885078269861e-01	   2.8998161789898641e-01	   2.6512175223199608e-01	   1.8475208446066665e-01	   2.7568597795344374e-01	   1.6028808174038295e-01	   2.8890212172294644e-01	   6.6052686264225127e-02	   1.1362161983603793e-01	   2.5348097559336047e-01	   2.4944472315653604e-01	   6.9689211336149282e-01	   4.6696499010413145e-01	   3.6909563607949952e-01	   5.0419500062570710e-01	   7.4651659499591239e-02	   1.0495616503204554e-01	   1.8120156629932188e-01	   1.5308639390935452e-01	   2.5956067379914410e-01	   1.8334002496025906e-01	   1.4156388111473442e-01	   2.3440879937007778e-01	   2.8576562511255743e-01	   3.0963818429951950e-01	   2.1103617281345688e-01	   2.0422505907300895e-01	  -1.3696539642413825e-03	   3.6657131669700312e-02	   2.3340019902798853e-01	   9.2052501842645573e-02	   2.3341567621682960e-01	   3.0561939280523953e-01	   3.6220565475093430e-01	   4.2828415386407548e-01	   2.3609766204702204e-01	   4.7596480981786676e-01	   1.2074267083133615e-01	   1.7765885590368538e-01	   3.3418802816847287e-01	   4.2196454652578991e-01	   3.5601479816276349e-01	   2.3955990232821589e-01	   2.2353874496651738e-01	   3.8000698983101278e-01	   9.4401933584769365e-02	   1.4926767901065782e-01	  -1.0386386170263584e-01	   1.0327154739417489e-02	   1.7307557839956669e-01	   1.6008016924419938e-01	   4.9270486722831863e-01	   4.2189047919003836e-01	   3.8512040079254972e-01	   3.9320020003408401e-01	   3.6789829203309955e-02	  -2.8293328801356193e-02	  -4.2290735424669997e-02	   9.1564858005429572e-02	  -1.3440059764264559e-01	  -1.2751336252183526e-01	  -8.2097684420997699e-02	  -4.3170766448728727e-02	   9.7979952227691916e-02	  -2.8320280841775246e-02	  -1.7842064602819046e-02	  -3.0714837827751279e-02	
   4.6533561896272169e-02	  -9.3681901647758692e-02	   1.7986933546202366e-01	   6.4028392000350198e-01	   4.0123147844230078e-01	   8.8518217595267601e-01	   5.2480812314443992e-01	   9.2719502665791742e-01	   6.7444852900118701e-01	   0.0000000000000000e+00	   3.8341249599385241e-01	   5.3726252113709227e-01	   3.7981850498802955e-01	   4.8126530689294889e-01	   4.7048284659165457e-01	   8.2805344932267444e-01	   1.4761897326909862e-01	   7.0612058449283990e-02	   3.4342550215928264e-01	   2.0027328654749132e-01	  -4.8097067496481738e-02	   8.4968670092261861e-02	   1.3622430354257042e-01	   3.4877101424325019e-01	  -2.1497492611339650e-01	  -5.5610683837840749e-02	  -3.2705178248217559e-02	   9.1383401789327010e-02	   3.6290659134278058e-01	   4.1837468275697676e-01	   7.2714282111736708e-02	   2.1169981974073143e-01	   1.1794046226861794e-01	   2.4942931212964348e-01	  -2.2193244281359625e-01	  -5.1890132725130982e-02	  -2.2296744343247443e-01	  -1.4220838742052383e-01	  -2.1371999249048176e-01	   5.4871340742555674e-02	   5.5183488604111111e-02	   1.9018830589610136e-01	   8.9013869874247267e-02	   1.7497528123740086e-02	   3.0289898858184380e-02	   2.2531043031725401e-02	   6.5953660082901600e-02	   5.5585562722340338e-02	   1.1581899410883376e-01	   7.8772703368197125e-02	   2.4845572790855586e-01	   2.6564351694830746e-01	   2.2510433923794815e-01	   1.2383622593482499e-01	   1.5646374467294702e-01	   2.2533923603406547e-01	  -9.4417303040199532e-02	  -5.2583096375790402e-02	   1.9874788407620786e-01	   1.6611185459135716e-01	   5.4897927416465631e-01	   6.8172902674783353e-01	   3.0913117733485485e-01	   4.4211407152344318e-01	   1.9416578863465844e-01	   3.4004713991823066e-01	   9.2747658993807963e-02	   1.0447694194935184e-01	   7.1365058448494070e-02	  -3.6643886876926941e-02	   1.0374949872679903e-01	   2.1339476650611253e-01	   2.7990238337052742e-01	   2.8747653157040404e-01	   3.1482873172556369e-01	   3.1402236380398485e-01	  -4.9374430078960224e-02	  -8.4338300623030812e-02	   2.8676596997147519e-01	   4.9645515662884984e-02	   1.3056796410365251e-01	   1.5829918399107670e-01	   8.0963191514808588e-02	   2.7050482264482245e-01	   2.3773938610374867e-01	   4.8273741172065410e-01	   1.3939873673437342e-01	   1.8133808281471953e-01	   4.4535691860394666e-01	   3.4360511483485184e-01	   4.2030235074611066e-01	   5.1457876057275614e-02	   4.0164645321270270e-01	   1.6241468916147059e-01	  -4.7034688498573576e-02	   2.1228606609891808e-02	  -1.9650952704981048e-01	  -6.3307511904050720e-02	   1.4368731742751956e-01	   8.7304898200123229e-02	   4.9968481476802767e-01	   2.5950855611729051e-01	   3.0654896345518795e-01	   2.7948964690372091e-01	   4.1535774213107765e-02	   5.2231077857103035e-02	   1.9074188554509550e-01	  -2.7425146303083903e-03	  -2.3052746636018171e-02	  -2.1832584046225323e-01	  -2.0071598436347018e-01	  -9.1815078102283620e-02	  -3.0838562442975448e-02	  -3.9456707354195250e-02	   6.0385046715860161e-02	  -7.0080838700032372e-02	
   6.5773538511838647e-01	   3.2745997982086678e-01	  -4.4168714292100765e-02	   8.0359160045719580e-02	   7.3161877445589746e-02	   3.8122870303349149e-01	   3.7810830982635385e-01	   5.0333135189893485e-01	   3.7281364402557482e-01	   3.8341249599385241e-01	   0.0000000000000000e+00	   7.7742925162932774e-01	   1.0233707239720793e+00	   6.6311766691056784e-01	   3.5897601375551047e-01	   3.4938201263842211e-01	   5.1670706688318124e-01	   2.7783777914507879e-01	   6.3550456341720174e-01	   4.4586698230204719e-01	  -4.8932579528187048e-01	  -3.1566734726047208e-01	  -8.1024244944081836e-02	  -5.7113114966496445e-02	  -4.9181858209344542e-01	  -3.9698332900905497e-01	  -2.2968208510512683e-01	  -2.4950199215025637e-01	   5.0371239840146043e-01	   3.8005886279250267e-01	  -1.5707356927856891e-01	  -3.8624900878781232e-02	   1.4132268604296863e-01	   1.2907517435047852e-01	  -3.3679609897055307e-01	  -1.9091342741160131e-01	  -9.6360214889465320e-02	  -2.4008207157161204e-01	  -1.6528044527342522e-01	  -1.4826875528587080e-01	   4.1478541326560817e-03	   1.5001316057586633e-01	   2.8982394467796182e-02	   7.8019426427047067e-02	   4.3099006312208692e-02	   1.0619459506322027e-01	   6.5822750310263384e-02	   1.5291409827753386e-01	   1.8243580720501487e-01	   1.5975596295955574e-01	   1.4215742748271937e-01	   1.4965238021874866e-01	   2.8842341848596154e-01	   1.6806958972694666e-01	   8.1796910592643046e-02	   1.1580470721373787e-01	   4.8795104016667812e-01	   3.7870797966427333e-01	   5.1543363010541066e-01	   3.2128283242485872e-01	   7.0546806896844783e-01	   3.3897225859969365e-01	   6.8372913076533748e-01	   3.3228780800921570e-01	  -2.9120798671320758e-01	  -1.6989619624809732e-01	  -6.7736339712925475e-02	  -6.3438889989141448e-02	   2.1596168508336919e-01	   1.8893115315945347e-01	  -3.5464829096710053e-02	   1.8944603648939007e-01	   3.5978050409952450e-01	   3.6660973718816470e-01	   3.2559627875249925e-01	   4.7665504018447380e-01	   2.0150079690553357e-01	   1.9016158727225491e-01	   2.6846193155577835e-01	   1.1380885623137482e-01	   3.1065525754818379e-01	   2.6356452179280110e-01	   2.1017518691692738e-01	   1.9020812192610942e-01	   8.1327572200083145e-02	   8.3886205482340853e-02	  -9.5081529575255664e-03	  -1.6344916350102483e-02	   2.7042213192442410e-01	   2.3557575225177035e-01	   1.2933063807449202e-01	  -3.6617383616410690e-02	   2.1524355074302765e-01	   1.4138985608517529e-01	  -8.5383304564577378e-02	  -1.0379417625738843e-02	  -1.2357716922738791e-01	   1.3424538924087845e-01	   7.1524261327951491e-02	   2.6561754458683751e-01	   4.0512607425941982e-01	   2.8971133337134314e-01	   5.3697936543369285e-01	   5.4066160315430589e-01	   2.5015095857599524e-02	  -2.1433874796789837e-01	   1.0140578594694792e-01	   1.9763025067796214e-01	   3.5200824439022511e-02	   2.0370706602638244e-02	   4.9716584485444706e-02	   8.0940956001286882e-02	   1.1534222755647984e-01	   8.7625511025794342e-02	  -8.8603752812228057e-02	   9.0223908717409016e-03	
   3.5996865500027825e-01	   2.4197707093280346e-01	   9.2799173522328693e-02	   3.6556324783937799e-01	   3.5200717699767953e-01	   6.0305753725316946e-01	   5.7436387094387598e-01	   9.4805033223909618e-01	   5.1697357332101534e-01	   5.3726252113709227e-01	   7.7742925162932774e-01	   0.0000000000000000e+00	   6.3175446115201228e-01	   1.1482619377593835e+00	   4.8699719420519338e-01	   6.6422188277621363e-01	   4.8679870872441711e-01	   5.1132627686936805e-01	   5.1132253842233522e-01	   4.2687245293390153e-01	  -1.7301208996211775e-01	  -1.1142865200403999e-01	  -1.1442284402309525e-02	   1.3631523848242899e-01	  -2.6230113537695998e-01	  -1.6805690173957588e-01	  -5.2307084634176194e-02	  -1.0300872321148356e-01	   7.6040066620543478e-01	   7.8339532493351760e-01	   3.2045844853058100e-02	   1.8155336029908678e-01	   3.6803654878783065e-01	   4.4637957094592556e-01	  -2.4101183399282955e-01	  -5.1050670057279507e-02	  -5.8823638685867097e-02	  -8.4549188018017973e-02	   2.3464202260035517e-02	   8.3854178437691509e-02	   2.0076183839570430e-01	   2.2095207558348762e-01	   3.2088142502473527e-01	   3.4060825011285578e-01	   3.3812226241033028e-01	   3.5264735237284989e-01	   3.3990986802829010e-01	   3.1575468151241071e-01	   3.6327738125880132e-01	   3.1053695999545239e-01	   3.8237595496253918e-01	   3.1757455713771726e-01	   4.2227112437819520e-01	   1.7202326509014465e-01	   4.6107099736118784e-01	   3.8093612318412856e-01	   2.5870332103633620e-01	   2.7199904546569287e-01	   5.4943802213953252e-01	   5.5344459241071298e-01	   8.0041472232847588e-01	   7.0566664415336278e-01	   9.7064539920805137e-01	   9.0145441185071362e-01	  -9.7823158069583666e-02	   9.5510558082205668e-02	   2.1373658517150890e-01	   2.3134939560651846e-01	   7.0438391600794653e-02	  -1.5037891572538504e-02	  -4.6645005723761401e-02	   1.5004125486709838e-01	   2.7959042370343967e-01	   4.0505820539551424e-01	   3.2769032424999411e-01	   5.0346582598858247e-01	   8.6981898816638953e-02	   1.4778245114938673e-01	   4.7955701058150535e-01	   1.5275060974474761e-01	   4.8518437972106243e-01	   4.1746771675132593e-01	   3.8609120879397291e-01	   4.5941782827531669e-01	   1.7877123802090916e-01	   4.8505594037874694e-01	   3.1051725701923666e-01	   2.0546239072340786e-01	   5.1899215536070131e-01	   5.9566029165488876e-01	   2.5209943217548897e-01	  -4.4479318028058185e-02	   2.1307948842144256e-01	   3.7864701544648952e-02	  -1.3127360477534647e-01	  -1.9292433188104526e-02	  -1.3057215130293620e-01	  -1.3602199276833563e-03	   2.8438655500498278e-01	   3.3443189247452731e-01	   6.2556546176151351e-01	   4.0039063163579497e-01	   6.5562611827489303e-01	   3.9809225264680548e-01	   1.3370881889562536e-02	  -2.2713359145104572e-01	   1.8756011885939822e-01	   1.9440537328232099e-01	  -1.6787253409951056e-01	  -1.7385384180282629e-01	   1.3747323652674089e-02	   1.1085413090594291e-01	   1.1223411259481018e-01	  -9.5665807550606913e-02	  -1.3817165828712419e-01	  -2.8147819469316774e-02	
   4.1977727105240192e-01	   2.4088010153939526e-01	   1.1120231529138773e-01	   1.2223350016554158e-01	   2.1107803592174422e-02	   3.5849155470142630e-01	   3.9189700274976058e-01	   4.2808294211798870e-01	   3.5710324213517730e-01	   3.7981850498802955e-01	   1.0233707239720793e+00	   6.3175446115201228e-01	   0.0000000000000000e+00	   7.3656879732742364e-01	   5.1023186922577102e-01	   3.9725495746998180e-01	   2.9542880844188169e-01	   1.9850327425521913e-01	   4.4324234154132525e-01	   3.2252401387473928e-01	  -3.6809733918366727e-01	  -2.2025771501324989e-01	   2.2050887659800594e-01	   1.0886580941964244e-01	  -1.9725230277165509e-01	  -1.1837813654639820e-01	  -1.1409935745165267e-01	  -7.9960501062570050e-02	   3.5729218322671252e-01	   2.6215099315613893e-01	  -1.1059221143425793e-01	  -2.0161374707235644e-02	   4.4753830188229766e-02	   5.3239420798371677e-02	  -1.8960081249695143e-01	  -9.0329170899138625e-02	   6.2770255717800455e-02	  -1.1704769947065229e-02	   1.9062222499851320e-02	   4.0812325667404177e-02	   7.2056017625495558e-02	   2.4772075085422773e-01	   6.5195259637173359e-03	   1.2720120651643936e-02	  -7.6780610695382960e-03	   8.4194163120029794e-02	   6.0328047191684234e-02	   1.1826930301329647e-01	   1.4113180811448786e-01	   1.7945399078682855e-01	   2.2614149733870348e-01	   3.3831652977762744e-01	   3.8319657878332086e-01	   2.2753579253308487e-01	   1.7854612217476917e-01	   1.4282143396901961e-01	   3.4112242929543235e-01	   2.8854883602158921e-01	   3.3096400027488437e-01	   2.8244780496355359e-01	   4.7801305252412252e-01	   2.7963282309976123e-01	   3.6504325169666335e-01	   1.6305944461662988e-01	  -4.8893200750664841e-02	   7.7318812208090143e-02	   2.1490196246548191e-02	   1.9079382762085605e-02	   2.5484509089046437e-01	   2.2949042027758995e-01	   1.1481370531005984e-01	   2.3980357129504806e-01	   3.6043686347613940e-01	   2.6029358042520440e-01	   2.9446508669727683e-01	   3.8380006819627249e-01	   1.8504032704298859e-01	   1.2125174932708349e-01	   2.1748440547276246e-01	   2.3037615559705055e-01	   2.6905701197977810e-01	   2.3770995309731513e-01	   2.1693650591205096e-01	   1.0709314191897984e-01	   2.4468347049675723e-01	   1.1479992685470530e-01	   1.2339303669477455e-01	  -1.4025511169656397e-02	   4.3108987334589821e-01	   1.6596205879224002e-01	   1.9210367649319970e-01	  -2.7256463913009028e-02	   3.9595163337145156e-01	   4.5672100680464645e-01	  -2.1819450158718071e-01	  -1.0700815261391988e-01	  -1.9693445665659576e-01	   5.9331402843321987e-02	  -6.8797074653773891e-03	   8.7333408364423243e-02	   3.4913470978656441e-01	   3.1554290242945238e-01	   3.6361594517826878e-01	   3.6795741189461745e-01	  -6.6945947517664181e-02	  -1.7395532044408943e-01	  -1.8507834878479956e-02	   2.4136017758643769e-02	   3.1442076586979853e-02	  -1.0309923547383536e-01	   7.9478816199479690e-02	   9.2503912365918983e-02	  -2.7247740144254341e-02	  -6.1295156579526958e-02	  -1.5430037744703640e-01	  -1.3961652036642930e-01	
