   0.0000000000000000e+00	   1.0521325154946297e+00	   3.8485934711289943e-01	   4.2061452666780147e-01	   2.2902635583414171e-01	   3.9403736141734946e-01	   4.2408428601242598e-01	   4.8918102470437097e-01	   2.2032831602331682e-01	   3.7710156172276627e-01	   6.7509883232804724e-01	   8.0130257391423632e-01	   6.5139181419496028e-01	   6.8261051073585421e-01	   3.3072952911636577e-01	   4.9032013370912142e-01	   4.9382650819015850e-01	   3.8178329543506417e-01	   1.0011192337299517e+00	   8.4644361274165447e-01	   1.3752561447826761e-01	   1.1227537709377516e-01	   1.8006120522297250e-01	   2.7485905976995328e-01	   8.5328526626901408e-02	   1.8088080053358424e-01	   2.5138738105697522e-01	   2.9532639308230013e-01	   4.7592099444436964e-01	   4.8324793821164419e-01	   1.7151813323819887e-01	   2.3846303988782461e-01	   4.1525461989855761e-01	   5.8372026768834329e-01	   7.9639844291980837e-03	   7.4154670562745120e-02	   2.1973148617391994e-01	   2.5531550628250160e-01	   2.8375547402880597e-01	   4.2278327501893115e-01	   3.2408626097265825e-01	   2.3465866880007422e-01	   5.2171344091612160e-01	   4.8822532446645606e-01	   5.8436618855179590e-01	   6.1962872242598865e-01	   6.6637865861871337e-01	   7.3893372483401998e-01	   7.9287240711461537e-01	   6.9781682035269954e-01	   7.4354476582588758e-01	   6.5110529071259526e-01	   8.0390397118940948e-01	   9.3412142282516364e-01	   8.9409983711339835e-01	   9.7596596432404348e-01	   7.0374767252586123e-01	   5.5843049066654449e-01	   9.0687066835396968e-01	   5.4091615778119018e-01	   6.1043946853862807e-01	   1.9538696050337073e-01	   4.9800249067114422e-01	   3.8346476467847335e-01	  -1.8855355602589607e-02	   4.1192326674257033e-02	   4.4147632791163471e-01	   3.5741211646640175e-01	   5.9596947890911756e-01	   5.0646516400746733e-01	   2.1820472480412925e-01	   2.7069471217987789e-01	   3.2509839061358486e-01	   2.9221495597620545e-01	   2.5369883365156509e-01	   3.1926230053211402e-01	   5.4700698491543776e-01	   4.8626092771854917e-01	   5.6083874368409736e-01	   5.3038095212986214e-01	   5.0116540430526790e-01	   2.7447672975309523e-01	   2.9548629200992799e-01	   3.6776239718330272e-01	   4.1945704792346572e-01	   3.9333739138872048e-01	   2.7046084274637999e-01	   3.9878983918746963e-01	   4.5550014250796694e-01	   6.4812617376381243e-01	   6.6371268463830579e-01	   4.3724678619470386e-01	   2.3471738860724695e-01	   2.6421176028701465e-01	   3.9985395765834297e-01	   5.2810018896405508e-01	   7.4920860624448160e-01	   7.3533964592959944e-01	   8.3633454783694361e-01	   8.5451443141950190e-01	   4.2504892962102070e-01	   4.7566966898721841e-01	   5.7663319054007844e-01	   5.7792631175998810e-01	   4.4332685175882713e-01	   5.0635593089605480e-01	   3.2558541919904782e-01	   5.3802683680335217e-01	   3.8287460797068795e-01	   4.5278279810848926e-01	   5.1927619398553704e-01	   4.8930893671639009e-01	   6.6536072335476537e-01	   6.3328279063925319e-01	   4.6121859576291313e-01	   4.4471879335084907e-01	
   1.0521325154946297e+00	   0.0000000000000000e+00	   1.7004070397613613e-01	   2.9377649988041521e-01	   2.1851272928632912e-02	   3.0830662313450663e-01	   1.7436288446898610e-01	   3.1724318196110984e-01	  -2.7080137566052797e-03	   1.9438306620255616e-01	   3.8060460825943249e-01	   6.0372461633366203e-01	   4.1138100444101211e-01	   5.2732024966349589e-01	   1.3499991837609246e-01	   3.4545494384524700e-01	   8.2958154138274454e-01	   7.2355067907141912e-01	   7.1173040578176860e-01	   8.5714414670298544e-01	   2.5202416561951979e-01	   2.0030678688701323e-01	   6.8382731967513797e-03	   7.4341747714340212e-02	   4.4633339443649001e-02	   1.3903096509873097e-01	   2.6762518307356964e-01	   3.1345191977079756e-01	   5.8176866946963768e-01	   6.3990993026783149e-01	   8.0166493976111586e-02	   1.0273434981453730e-01	   4.7807235545569471e-01	   6.2472567037825066e-01	  -2.4406620474238378e-02	   4.7108643464913391e-02	   2.9435817960052207e-01	   3.0962640828929100e-01	   3.1489282317162182e-01	   4.5460813314333992e-01	   5.0847498336270247e-01	   4.0327972137781914e-01	   5.4404948732113323e-01	   5.7355187352476489e-01	   5.2087327371298919e-01	   6.5143306247636978e-01	   6.3338965486391141e-01	   6.2464574804179163e-01	   7.2844661906228070e-01	   7.7165896978819515e-01	   7.2576700592514432e-01	   6.6071387134575643e-01	   8.5943138221420068e-01	   8.8208414728506279e-01	   8.4706398845649145e-01	   8.5432607790865067e-01	   1.0435967812672635e+00	   1.1218311482085699e+00	   6.2248516789862374e-01	   5.6405337467325656e-01	   4.4068659347005373e-01	   1.0896198158299798e-01	   7.0453508576047552e-01	   5.4035309837525536e-01	  -1.9579137084335993e-01	  -3.0156869480585581e-02	   2.6871869258575182e-01	   2.9956346119846311e-01	   7.2045719244526385e-01	   6.1853476539597663e-01	   1.1635373567015807e-01	   2.2102203962016292e-01	   4.3469929112890354e-01	   4.2819398627595445e-01	   2.6977332823280187e-01	   4.0324420443745729e-01	   3.1860468131628400e-01	   3.9863255181951723e-01	   7.5194977274465569e-01	   7.8512110673927238e-01	   7.6953912216475051e-01	   3.7755468995057512e-01	   2.8062510581196320e-01	   3.9514163623675475e-01	   2.9753530751358614e-01	   3.4957768110479387e-01	   2.6068566932473008e-01	   3.7083695728128785e-01	   4.9670530347527636e-01	   6.7190095088426305e-01	   5.3573457800843438e-01	   1.6425711355307521e-01	   6.4719548716812625e-02	   6.5948487894761335e-02	   2.8647308429379131e-01	   3.1287361479859888e-01	   6.1776995034717308e-01	   5.2538561275371609e-01	   8.1169857213364582e-01	   5.6666629346774966e-01	   3.1528958570572468e-01	   2.2250631515567099e-01	   4.9724293747035875e-01	   4.2111637144870140e-01	   2.4604260232149133e-01	   2.4857494601424507e-01	   1.5717010451811747e-01	   3.3294105280405556e-01	   1.4715300000692427e-01	   2.0360641647603980e-01	   3.3345265695782966e-01	   3.0476878760940607e-01	   4.9694067974795819e-01	   4.6022318229809606e-01	   2.7836737449445881e-01	   3.3740929542642695e-01	
   3.8485934711289943e-01	   1.7004070397613613e-01	   0.0000000000000000e+00	   7.2834650340324658e-01	   9.1076178402644536e-01	   4.0025997407695102e-01	   1.0002414218129412e+00	   4.0104327580385318e-01	   7.0955267494925878e-01	   4.4916836333832827e-01	   4.0314636784075025e-01	   1.7970314810422619e-01	   1.7586174751834058e-01	   4.8066230770841545e-02	   8.4545871348423729e-01	   3.8058291031493713e-01	   2.3317536073234352e-01	   2.6907120489270625e-01	   7.7852726027899255e-01	   5.1479322620809020e-01	   2.6181620445750631e-01	   2.2540463957669088e-01	   1.2519221582128690e+00	   9.0873727912476210e-01	   6.5016322546707350e-01	   6.5836807364814409e-01	   5.3229800127431948e-01	   4.3086243317316497e-01	   3.7876611481707134e-01	   3.3622404550854801e-01	   1.0021646222523142e+00	   7.9946474807841128e-01	   6.4508596324234813e-01	   4.9609820815942479e-01	   5.6414321857486971e-01	   3.2900070715430252e-01	   2.1169010220297110e-01	   1.4219587438688633e-01	   3.1906279937888443e-01	   2.0780751925158339e-01	   1.5118450312438353e-01	   5.9335118497552790e-02	   2.9744723674593171e-01	   2.3884439786856038e-01	   3.4462898367855865e-01	   2.2206224489973186e-01	   2.5655666187399917e-01	   3.0146065504559000e-01	   1.7729594923749672e-01	   1.0194152386311703e-01	   2.6596125509320889e-01	   1.0371405856778178e-01	   1.9269263466800579e-01	   4.6029114763146040e-01	   2.0554399629415179e-01	   2.7166466797091315e-01	   1.9201694644120845e-01	   1.4748816655318128e-01	   4.0389595178128640e-01	   1.2164742156464205e-01	   5.3548229969288563e-01	   2.9076055352538405e-01	   5.3883144440570241e-01	   3.1636185565941799e-01	   8.0907416373727736e-01	   3.5557383464679720e-01	   6.6004271599509068e-01	   3.4236111257505825e-01	   2.3589187158629904e-01	   2.7004148941697165e-01	   7.2844149703803951e-01	   6.6336265174049069e-01	   5.0422000425748448e-01	   4.7468429527708400e-01	   4.8573599331340389e-01	   4.6861199673577830e-01	   6.5673095515511515e-01	   3.0086240612006110e-01	   3.4407022898012535e-01	   4.0589725271669624e-01	   2.6900224121432426e-01	   2.1670461070248431e-01	   1.9854539261994658e-01	   2.4824840409838955e-01	   6.9126695167899355e-01	   3.6585114553340270e-01	   2.9961973345552284e-01	   2.2459868181845610e-01	   4.9385112789709024e-01	   5.0353231695039369e-01	   3.8702211005068898e-01	   8.2199257956939853e-01	   4.8796051121652939e-01	   9.2584683500623910e-01	   2.4745211125178895e-01	   2.0998381842159028e-01	   3.6697268296809815e-01	   3.5550683703613306e-01	   3.4505985683814455e-01	   5.0906337382366873e-01	   1.5941064401313698e-01	   6.8848828395154860e-01	   3.7113456819644597e-01	   6.0430919375998970e-01	   2.6509714708827431e-01	   5.4197418546586640e-01	   2.3808690517130843e-01	   3.1129986072609278e-01	   2.7790831887275591e-01	   2.6680509104531019e-01	   4.2703663207454406e-01	   4.5241602242290480e-01	   5.5509229085625122e-01	   6.2458032555607168e-01	   4.8119951599976574e-01	   1.9351469411332278e-01	
   4.2061452666780147e-01	   2.9377649988041521e-01	   7.2834650340324658e-01	   0.0000000000000000e+00	   5.9219623585508407e-01	   7.7937125061111356e-01	   4.3197079526532767e-01	   8.2675473021527357e-01	   4.6274516524750409e-01	   7.3633714665123051e-01	   3.7723394095045293e-01	   5.0318107026477055e-01	   2.3708493332341901e-01	   4.4345855686344848e-01	   3.2945285921775436e-01	   4.7130873342402074e-01	   3.5953685327616280e-01	   3.5726521372074849e-01	   4.7538455913579991e-01	   2.9391533525662134e-01	   3.8180378266045079e-01	   3.3335706683155436e-01	   6.4143002173057828e-01	   1.1865431162763098e+00	   6.1714336235058753e-01	   9.2926903619217349e-01	   6.0731172926818178e-01	   5.4593218886309258e-01	   1.4342025143644294e-01	   2.9951081133927571e-01	   8.2926701216334964e-01	   9.8538670461494438e-01	   5.4939240800810174e-01	   6.9792922027771465e-01	   6.7427771362574074e-01	   6.8565010253517211e-01	   3.4519422874525313e-01	   5.3749900701665787e-01	   3.7846024309386816e-01	   6.0872600708718416e-01	   1.3770443644635808e-01	   2.3027849687209484e-01	   4.5054153841785149e-01	   3.8079030145874188e-01	   5.4600525576485825e-01	   5.0771091138590552e-01	   3.8969569475000393e-01	   5.1317027329150589e-01	   4.3512048325332114e-01	   3.7378003883334460e-01	   4.6533639814593530e-01	   3.6918560145914081e-01	   4.1592555388705621e-01	   5.2777224129044475e-01	   4.7520322651383456e-01	   5.6824023234555077e-01	   3.1029161623017965e-01	   2.9691682010501691e-01	   6.1936167824882282e-01	   5.6760762959070221e-01	   3.7129645120963672e-01	   8.6474872620132004e-01	   3.1851819830732242e-01	   3.0616953259585239e-01	   4.9602833591158918e-01	   9.3961622877377593e-01	   9.3588045562557498e-01	   9.9823276183178389e-01	   2.2668205531277064e-01	   3.6965668028032106e-01	   6.5187672015596931e-01	   7.6109702612744845e-01	   2.9829493632532383e-01	   4.4568959813069497e-01	   2.5631751539891312e-01	   4.7955365389440685e-01	   5.0928177322796486e-01	   7.0078348800107682e-01	   4.4459044940255044e-01	   4.6505303874018489e-01	   4.3306157251014082e-01	   3.9046921082432545e-01	   7.7589297195054169e-02	   3.3419103886749107e-01	   6.1167717936414145e-01	   7.8713299970482908e-01	   2.2673018745696000e-01	   5.2293965654397390e-01	   6.3393327186447568e-01	   7.9045380133756937e-01	   6.1959814928591694e-01	   5.1567426721992593e-01	   8.6940793542619366e-01	   5.6701129477798962e-01	   4.7702003639301910e-01	   4.9772477128642445e-01	   6.3332960653848014e-01	   6.5479161839701905e-01	   5.9634591470010112e-01	   5.7325500984798361e-01	   5.9394242200027803e-01	   5.0170095754747024e-01	   5.8038548890763098e-01	   6.6524403100817697e-01	   5.6287306977252527e-01	   5.9636267447410174e-01	   4.8400788105905290e-01	   4.9994714488770675e-01	   4.9573254942731693e-01	   4.7440254274469873e-01	   6.0071832847645679e-01	   5.3717966463967715e-01	   6.0531732607194422e-01	   6.6823556882099511e-01	   5.4066799209040917e-01	   4.4328197174108463e-01	
   2.2902635583414171e-01	   2.1851272928632912e-02	   9.1076178402644536e-01	   5.9219623585508407e-01	   0.0000000000000000e+00	   5.5951329038152497e-01	   6.2744521711719681e-01	   3.2437143269746538e-01	   1.3506349463728760e+00	   6.7367989532757733e-01	   2.8919469718462315e-01	   9.0664472577874688e-02	   1.6020411466477266e-01	   7.8648448949486596e-02	   8.8367285522140115e-01	   4.4602877184506384e-01	   8.6412039799787760e-02	   1.7424894978909089e-01	   4.9750170614043343e-01	   2.9750681618220415e-01	   2.1916387226831369e-01	   2.4263729233661852e-01	   8.6177490355475350e-01	   7.5890819473747873e-01	   5.8809771258772647e-01	   5.0281389920075381e-01	   6.2142911207166018e-01	   4.8154270002864230e-01	   2.2358387094394322e-01	   2.4672346448728119e-01	   5.8454903497258548e-01	   4.4806547688585074e-01	   4.0429533570631609e-01	   1.9370853355898007e-01	   5.4142180892888137e-01	   3.0120667139717594e-01	   9.7708939637085115e-02	   1.7350750967947995e-01	   2.0352694616968034e-01	   1.3378722475308302e-01	   1.1491317029922837e-01	   1.0950152024637481e-01	   7.5803293852342080e-02	   1.0139571433931941e-02	   1.1020408851491488e-01	   8.8022906323949671e-03	   4.5642379998025326e-02	   8.8927822554299485e-02	  -3.0682532965757087e-02	  -8.1156437182108757e-02	   3.9621532226674951e-02	  -1.0158269917076497e-01	   2.8196027958653509e-02	   2.7375034482862209e-01	   1.1079290482789340e-01	   1.1023575721168646e-01	   9.2811318732172784e-02	   7.3887886159360053e-02	   3.6331403593675943e-01	   6.0268726280702803e-02	   4.4945063930124596e-01	   4.3412490221962052e-01	   2.4383545101553664e-01	   1.9147106343366763e-01	   9.2068632578455367e-01	   4.3410242119793807e-01	   4.9366732903020305e-01	   2.6481537514957226e-01	   1.9502916969699266e-01	   2.6003542244232775e-01	   5.4771841289546874e-01	   6.0192211972177734e-01	   2.3449172772431665e-01	   2.8024834679995730e-01	   2.3880375386298200e-01	   3.3170944657958085e-01	   3.1955238824482768e-01	   1.2884161288793805e-01	   1.9902740568277971e-01	   2.2103962249897252e-01	   2.2687736719949614e-01	   2.7164079885009268e-01	   2.6462280347996447e-01	   3.0984949860294930e-01	   8.4470439408820275e-01	   4.3216784564887295e-01	   3.0145621064219119e-01	   3.6709056659214417e-01	   5.3240900476250863e-01	   5.2817545648777053e-01	   3.2199356927897665e-01	   7.5528522505103357e-01	   7.1900128420659115e-01	   1.0485187062358705e+00	   2.5393162219889576e-01	   1.8929192090600391e-01	   2.2658992426178121e-01	   2.6679453265290465e-01	   1.7696672011530690e-01	   2.9010049545207173e-01	   2.2888125295214862e-01	   7.0154047547252152e-01	   3.4282634086326552e-01	   4.6338589851205664e-01	   1.8897778264229365e-01	   3.5296168079159995e-01	   1.0129432461579542e-01	   1.0609127387792618e-01	   2.6698435172753165e-01	   2.3194625240370914e-01	   2.1646792795319797e-01	   2.2038756474549051e-01	   2.9855123192888922e-01	   4.7469781641292697e-01	   3.1404119145360015e-01	   1.3193450045140498e-01	
   3.9403736141734946e-01	   3.0830662313450663e-01	   4.0025997407695102e-01	   7.7937125061111356e-01	   5.5951329038152497e-01	   0.0000000000000000e+00	   3.2538567820914627e-01	   6.5392173852708302e-01	   4.3996326535005875e-01	   7.9348816146553802e-01	   2.6814968565348252e-01	   2.4411058088236734e-01	   2.6395581823861397e-01	   3.6560764304188031e-01	   4.7712466236408713e-01	   5.9803881321901342e-01	   4.0982541352498869e-01	   3.9178023133162038e-01	   4.8095182171607653e-01	   4.3975028014658357e-01	   6.2938600996437999e-01	   7.1504692343830811e-01	   3.0451711693910211e-01	   4.6519649253249257e-01	   3.2926805759799033e-01	   6.1445032451454629e-01	   6.5237186528365698e-01	   1.0551104557117481e+00	   3.8815582101910440e-01	   5.4128887468436582e-01	   3.4103926782328825e-01	   4.2927939829038947e-01	   4.6814396302867789e-01	   4.9524441471324721e-01	   4.1070035130544591e-01	   3.2470198229588182e-01	   4.0973250739890671e-01	   6.1236069182998565e-01	   4.1201736329835581e-01	   5.7571472363645937e-01	   4.3492056137465351e-01	   3.5486852812226582e-01	   4.2221740627311266e-01	   4.1598080311754648e-01	   4.2054054499090687e-01	   4.2639882090028658e-01	   3.6470697188317530e-01	   4.0095392182525702e-01	   2.9899981085279898e-01	   3.1537590156979872e-01	   2.9349143270896172e-01	   2.3833001319575731e-01	   3.3368529730015561e-01	   5.0287226982771538e-01	   3.8052385581145703e-01	   3.9240981147576731e-01	   4.1783688279028208e-01	   3.9128836125520566e-01	   5.1184482281632848e-01	   4.5966629134505371e-01	   3.8892601785363917e-01	   6.1860672719131338e-01	   3.2473193929423283e-01	   3.0213801605243495e-01	   2.5466373353803540e-01	   4.0328987083480256e-01	   5.4310212793099133e-01	   5.5215219503705992e-01	   4.7970736898821875e-01	   6.4323283541515330e-01	   3.2281017742607510e-01	   5.4577364278561991e-01	   2.6686607636093590e-01	   2.9661156588704074e-01	   1.8131774779528742e-01	   3.1290231439599780e-01	   1.8563589261875987e-01	   2.9367769362861235e-01	   5.4774799581091160e-01	   4.0232776941771575e-01	   5.7972409098564071e-01	   4.6038683669549874e-01	   3.4010056729700033e-01	   5.0454074141314775e-01	   5.4209379227261756e-01	   5.5161604464436098e-01	   1.4800237029853336e-01	   5.2270680027115168e-01	   4.7008181929762327e-01	   5.7122868797827053e-01	   4.4028307878404987e-01	   3.1777217501259314e-01	   5.3376976396919362e-01	   3.7334949526489714e-01	   2.7898810469558888e-01	   2.4288051828659296e-01	   3.9741433452430325e-01	   3.6013621002671431e-01	   3.7383600256914712e-01	   3.1763692703809443e-01	   3.9262607078794109e-01	   3.3243779446150357e-01	   4.0001741009396047e-01	   4.4344044213408662e-01	   1.7507584716109367e-01	   1.8087227062591077e-01	   1.4658466930318795e-01	   2.4483525202345163e-01	   2.1218993347701953e-01	   2.2211014235867504e-01	   3.0900670383885670e-01	   2.7353858985949037e-01	   3.7935030307702061e-01	   4.8802059983373652e-01	   1.7977612058790424e-01	   2.2767990744405586e-01	
   4.2408428601242598e-01	   1.7436288446898610e-01	   1.0002414218129412e+00	   4.3197079526532767e-01	   6.2744521711719681e-01	   3.2538567820914627e-01	   0.0000000000000000e+00	   6.8251208543068032e-01	   7.1323168158575290e-01	   5.7346146689728661e-01	   7.5813132687643192e-01	   3.3469153461464146e-01	   6.5593987483640248e-01	   2.9796633672484429e-01	   9.8067141763770971e-01	   7.1125602449900571e-01	   9.8811298524669355e-02	   7.9358157676510208e-02	   8.2720037599936991e-01	   6.6122672662697524e-01	   1.9894121000790185e-02	   5.9075356984973980e-02	   6.4990155451347542e-01	   4.9754396531974032e-01	   1.4343494111358279e-01	   1.7095466301969442e-01	   1.6791443345024323e-01	   1.6098676037028845e-01	   5.3261675452404300e-01	   4.3820325235710911e-01	   5.1602724419946977e-01	   5.9661145856685616e-01	   4.9050753923737972e-01	   4.6139981275015335e-01	   1.2455334187807338e-01	  -6.0569671194520447e-02	   2.7463570619997268e-02	   4.2160588301110640e-03	   7.5675966946690543e-02	   1.3668778750833175e-02	   9.9262365436427302e-02	   8.8158513427065072e-02	   5.6891026875398286e-02	  -3.9431250252228600e-02	   1.5402444389252357e-01	   5.8226441654536387e-02	   6.7210249014624399e-02	   1.6252251703457626e-01	   1.0449351810157538e-01	  -2.5260570916400615e-02	   7.3425340682807427e-02	  -4.5459155245140520e-02	   9.3825250951848654e-02	   3.4244763518527072e-01	   2.0256491693640061e-01	   2.0832360962858526e-01	   7.2912380043431244e-02	  -2.0145924815330195e-02	   4.5796921874432422e-01	   1.4380242587025985e-01	   8.5640353173340289e-01	   2.7345908350892634e-01	   5.0748523914959676e-01	   5.2498125533236162e-01	   4.2856081299163973e-01	  -3.6621650395861514e-03	   4.1198564946121402e-01	   1.0105566853832861e-01	   1.4476802425849644e-01	   2.2132279921413875e-01	   6.6174035167434619e-01	   6.1111907347897121e-01	   5.2654829204308218e-01	   4.5847902348690001e-01	   5.5954803653782015e-01	   5.0023243721469568e-01	   5.8782230572592253e-01	   3.1452003624681729e-01	   2.1916340567675677e-01	   1.6855277911645600e-01	   1.9177557835483508e-01	   9.6754810733063357e-02	   1.5155637205525413e-01	   2.2888459007432294e-01	   4.6105221167860988e-01	   1.6022324923905812e-01	   8.2438876944397305e-02	   9.2651877941507615e-02	   3.3952264323971570e-01	   3.3943411891939124e-01	   5.0601299404807065e-01	   9.4394408385366424e-01	   4.0070119822915767e-01	   7.8209113131616381e-01	   3.2905283633175980e-01	   2.5772424021490659e-01	   2.6687406358431587e-01	   3.4221701478234662e-01	   3.5925212412487167e-01	   5.7163863717435126e-01	   2.1012259095477995e-01	   8.2132546407245621e-01	   4.1806172034803868e-01	   6.4039699840454478e-01	   1.9747890292987816e-01	   4.0978031498689726e-01	   3.1105766628000914e-01	   3.5653238426800798e-01	   3.4797844500986025e-01	   4.2040275663160009e-01	   3.0045518029603402e-01	   4.2029608873492241e-01	   5.2337580821778040e-01	   6.7244433916183777e-01	   5.5992419522788006e-01	   1.8493170030234929e-01	
   4.8918102470437097e-01	   3.1724318196110984e-01	   4.0104327580385318e-01	   8.2675473021527357e-01	   3.2437143269746538e-01	   6.5392173852708302e-01	   6.8251208543068032e-01	   0.0000000000000000e+00	   4.0175019534247708e-01	   9.8060151745677437e-01	   7.5794303717031897e-01	   8.2557237034825581e-01	   7.8943653515060785e-01	   9.3415118884004156e-01	   3.2404197738548185e-01	   8.0236155536642895e-01	   1.9477404517175981e-01	   9.1380276814887584e-02	   4.5646916063765020e-01	   3.9580694052300597e-01	   5.5151485807206461e-02	   1.2872497142547121e-01	   1.6322342410708965e-01	   4.6902883574490517e-01	  -5.8522934525229713e-02	   1.6125811852822439e-01	   3.9521200387901051e-02	   1.3511764256415476e-01	   2.7981102128254132e-01	   4.3909717287962391e-01	   2.7301832965767381e-01	   6.2700377915559780e-01	   2.9771117970445338e-01	   6.2954422665237819e-01	   3.4769716792521402e-02	   8.7195464563164612e-02	   1.3285154477055127e-02	   2.4299313755542204e-01	   6.8858967734872031e-02	   3.2042025330121471e-01	  -3.0076004798676753e-02	   1.6273188515641238e-01	   2.7026503682497505e-01	   1.6563538193313027e-01	   4.2970567094777362e-01	   4.0716422947910191e-01	   2.8587270032900125e-01	   4.0630598599932777e-01	   4.4425747918012548e-01	   3.0360424456639934e-01	   2.8973179650192588e-01	   2.5470025767309212e-01	   4.2471951089660703e-01	   4.6303498505336194e-01	   5.3267410889186595e-01	   5.0198480946162860e-01	   2.2446140335469533e-01	   1.5915780703385068e-01	   7.2701351692452476e-01	   6.8201463122227168e-01	   6.3035888920029948e-01	   8.6584636043057972e-01	   2.3589914539586831e-01	   5.3418443082674050e-01	   3.9246831968035426e-02	   2.5615619809908041e-01	   5.0703278385572814e-01	   5.2491163810373109e-01	   1.4566970734512710e-01	   3.2532527902200897e-01	   4.9059018901994300e-01	   5.8707679515172007e-01	   2.7067626661669120e-01	   3.1581524364758368e-01	   2.7020655419607320e-01	   4.3685931154913860e-01	   4.7796172114117996e-01	   6.0566543086066238e-01	   2.8701773120103502e-01	   1.9139001199820413e-01	   2.9307435704232948e-01	   1.0171362799880712e-01	  -5.8019593648609626e-02	   2.1909553034166548e-01	   2.7201045252009109e-01	   3.4324764239003058e-01	  -1.3012791198483181e-01	   2.2518778186980823e-01	   3.3488679533465165e-01	   4.7966191280663717e-01	   8.6983448985670675e-01	   4.5269781879583426e-01	   6.5843978401849290e-01	   3.1114876045678186e-01	   4.5815565648401985e-01	   4.7719550081107831e-01	   4.4722900364335144e-01	   4.9868434827395636e-01	   6.4197234079935073e-01	   6.0605332895496633e-01	   8.4722784031566367e-01	   5.3719122975929512e-01	   7.0670997977982397e-01	   6.7092698102708848e-01	   4.9421714335921474e-01	   4.1182332374245573e-01	   5.2290521353638475e-01	   5.8585056524678347e-01	   4.6337302747412518e-01	   5.1340580677930137e-01	   3.5619473048430039e-01	   4.3532149740181431e-01	   5.7834680128646687e-01	   6.0279138991655068e-01	   5.5038624484735466e-01	   4.0271274854012978e-01	
   2.2032831602331682e-01	  -2.7080137566052797e-03	   7.0955267494925878e-01	   4.6274516524750409e-01	   1.3506349463728760e+00	   4.3996326535005875e-01	   7.1323168158575290e-01	   4.0175019534247708e-01	   0.0000000000000000e+00	   7.8406569603780363e-01	   3.2861720507695247e-01	   1.1028462470730620e-01	   2.6673198198213510e-01	   1.3437395695298074e-01	   1.0161833417916930e+00	   5.8811489188816146e-01	  -8.1761033973228696e-03	   5.7322059785864556e-02	   4.6249438355833861e-01	   2.9474228402673569e-01	   1.2262918569226086e-01	   1.4804882486755669e-01	   6.6254293319451729e-01	   5.7249289216091437e-01	   3.8016310370831680e-01	   3.0016453281046973e-01	   4.2204588392826531e-01	   2.7466215988279674e-01	   2.1981199388752651e-01	   2.6357747708811813e-01	   4.1275204874381122e-01	   3.6133465524442820e-01	   3.0533430496674130e-01	   1.6482778329803563e-01	   3.5213373687054134e-01	   1.3045361359126220e-01	   4.5534111839704093e-02	   9.3672754626555804e-02	   6.2305363099145056e-02	   1.4017314768455070e-02	   2.3551113443222426e-02	   1.1339576175279138e-01	  -3.4141487704362657e-02	  -1.1857937168685419e-01	   4.2129795417609570e-02	  -6.9990538001656458e-02	  -2.1701645768487408e-02	   2.5961230792226449e-02	  -5.0192537927675418e-02	  -1.1319463908352265e-01	  -1.7653890135017159e-02	  -1.3078184514649685e-01	   7.5084060069757885e-03	   2.2144125144165361e-01	   1.1085836309582649e-01	   7.3265640988831482e-02	   6.8497580052886932e-03	  -6.1412304364188382e-02	   3.2446827777526688e-01	   5.3054887103243728e-03	   4.5693492281971226e-01	   4.1975672303004619e-01	   9.0041660920677349e-02	   1.5422725167200757e-01	   7.7383043834800491e-01	   2.7082600086088338e-01	   3.2202981016429932e-01	   1.0940318321147099e-01	   1.3089060606685698e-01	   1.9639133541069811e-01	   5.6203301200058442e-01	   5.6457624621833313e-01	   2.5763508476275920e-01	   2.5901337451322121e-01	   2.7808477055440073e-01	   3.1532288745435882e-01	   2.7929325510890890e-01	   1.0462440379226956e-01	   1.1172767433679236e-01	   1.3805250110929795e-01	   1.7529124309185118e-01	   2.1383334361084286e-01	   2.3504742228564623e-01	   2.8647342582106400e-01	   6.4858228013346153e-01	   2.7810751206981044e-01	   2.2024045460415767e-01	   2.8118311171603705e-01	   3.7955709519433678e-01	   4.0571435600108474e-01	   3.8635728914876849e-01	   7.8454331247584175e-01	   6.9288815241108204e-01	   9.2379564240283196e-01	   2.9957843724055577e-01	   2.3024635316136421e-01	   2.0152068101519940e-01	   2.5508773761208137e-01	   1.7782144000351066e-01	   3.0345305493532143e-01	   2.3915249418843298e-01	   6.9315111908757276e-01	   3.1285564854852743e-01	   4.1700829743505241e-01	   1.5976738038860311e-01	   3.2418651579668378e-01	   1.5488708998869777e-01	   1.0332452419601550e-01	   2.7230831661135524e-01	   2.8220140365114421e-01	   1.9602501092182359e-01	   1.8947285405317391e-01	   2.5649143051593337e-01	   4.1870073048114642e-01	   3.4421895819471521e-01	   1.1785001496399691e-01	
   3.7710156172276627e-01	   1.9438306620255616e-01	   4.4916836333832827e-01	   7.3633714665123051e-01	   6.7367989532757733e-01	   7.9348816146553802e-01	   5.7346146689728661e-01	   9.8060151745677437e-01	   7.8406569603780363e-01	   0.0000000000000000e+00	   5.2440802624467298e-01	   4.8742281613883626e-01	   4.8854211012268733e-01	   5.8459317121425325e-01	   5.2168903444164327e-01	   8.1966770867689820e-01	   2.3123108542632298e-01	   1.7351525630383285e-01	   3.8666187032821081e-01	   3.1040334485075061e-01	   1.1659623529396467e-02	   1.7625199253570653e-01	   3.0784363119386071e-01	   5.7078664184495920e-01	   8.2872657294930249e-02	   2.5141856311344757e-01	   2.2220875675117424e-01	   2.9868877824584383e-01	   2.3295273050928125e-01	   4.5801575343470419e-01	   2.9735488627506440e-01	   5.1156546574222117e-01	   2.4441435124258387e-01	   3.2945250482712390e-01	   1.2884473329592186e-01	   7.0893664189714628e-02	  -1.2555054820055750e-02	   2.1855956595572190e-01	   3.3969941701093874e-02	   1.5404443247167390e-01	   2.2334863293328615e-02	   1.7826037800200645e-01	   7.2388559276434089e-02	  -1.8395876929799517e-02	   1.3689687351132360e-01	   9.1606181210219434e-02	   9.1635518215740841e-02	   2.0772195084592379e-01	   9.1487341561106550e-02	  -7.2411993790022031e-03	   4.1422286998540725e-02	  -3.3424076228823138e-02	   1.8630939944037328e-01	   3.3465283402738477e-01	   3.2705451283404707e-01	   2.8299485650534595e-01	   1.9760807992662008e-01	   1.0966589776569780e-01	   4.6456731873195622e-01	   2.8533193637228188e-01	   4.7970845076564839e-01	   6.2038668863170598e-01	   1.8216421668569976e-01	   2.8869710373913121e-01	   2.7445040579981062e-01	   2.3890830676326488e-01	   2.9686077630616248e-01	   2.7218964279112240e-01	   1.8856866124680158e-01	   3.9044559190416112e-01	   3.8728394461943033e-01	   6.2787638163465243e-01	   1.8838926708887602e-01	   2.9998592497398313e-01	   2.1019148173531618e-01	   3.6409498663654910e-01	   3.7926409384310389e-01	   4.2957203481378164e-01	   2.7282457160641743e-01	   2.2398093080337733e-01	   3.1084745394600360e-01	   2.0052836149677353e-01	  -1.2326111830538534e-02	   2.9831459293230800e-01	   3.5991534423985611e-01	   3.1150155800698232e-01	  -7.1520327234577796e-02	   2.5070825794839990e-01	   3.1204432297312462e-01	   5.0531989818098277e-01	   7.2528550270227277e-01	   6.3552670241391152e-01	   9.1996465018401741e-01	   5.4973529391445819e-01	   4.9097827924815762e-01	   4.9137645247131800e-01	   3.5275589192261503e-01	   4.6035285233610834e-01	   4.6973511000946538e-01	   4.8586026792574771e-01	   6.5375258319691343e-01	   6.4603544633653132e-01	   5.8052904401889527e-01	   6.0708451299727828e-01	   3.1886633908548934e-01	   3.5676315794954533e-01	   3.5569053571175280e-01	   4.0054384821684674e-01	   4.3223930727770843e-01	   4.9098863872521142e-01	   3.3476965646543044e-01	   4.4885426620604563e-01	   5.8778119901577619e-01	   6.2912629107558804e-01	   4.3292405487679780e-01	   3.0712080480705239e-01	
   6.7509883232804724e-01	   3.8060460825943249e-01	   4.0314636784075025e-01	   3.7723394095045293e-01	   2.8919469718462315e-01	   2.6814968565348252e-01	   7.5813132687643192e-01	   7.5794303717031897e-01	   3.2861720507695247e-01	   5.2440802624467298e-01	   0.0000000000000000e+00	   9.4807890094121172e-01	   1.5143544707027905e+00	   9.5501808620632045e-01	   3.7892626262265477e-01	   6.2012300420699940e-01	   1.7179713919740530e-01	   1.2187754845928575e-01	   5.5238983559124233e-01	   5.1429631616343208e-01	  -1.3938274847290313e-01	  -1.2435511209199507e-01	   1.7211624661892835e-01	   2.9432743660100541e-01	  -1.5907366665002914e-01	  -6.4016986618982349e-02	  -7.9889468193022992e-02	  -5.1271265579325771e-02	   3.9085940594484164e-01	   4.4025509629103154e-01	   1.9954739158904647e-01	   3.8663385079824708e-01	   1.8732601405376142e-01	   3.7992184757313208e-01	  -1.1388185682892871e-01	  -1.1544737501080382e-01	  -7.7460608758215976e-02	   1.2135294574908854e-02	  -9.9284423927167478e-02	   1.8815530489177850e-03	   4.5372075956536292e-02	   1.1815735322061213e-01	   1.1512832979161630e-01	   1.5981752422621731e-02	   1.7140992076571840e-01	   1.4417686130704171e-01	   1.6778235913455491e-01	   2.2474761847185495e-01	   3.6137480545976369e-01	   1.8969166422203307e-01	   2.4228793014857397e-01	   1.7819401537350354e-01	   3.8297164864302091e-01	   4.3848502857706817e-01	   4.0488641627365518e-01	   3.5265930533698719e-01	   1.6820244515723290e-01	   1.5999942516395602e-01	   6.3155656670860572e-01	   3.9211257845928349e-01	   9.5406952320739502e-01	   3.1418605449389542e-01	   3.2130018062990817e-01	   5.1777292806722564e-01	   3.2010565355564090e-03	  -4.5499276680500328e-02	   2.4386015762222296e-01	   9.8223906197979521e-02	   5.1963739852098380e-02	   1.0316045697715348e-02	   4.2030513894678317e-01	   3.4844497913799916e-01	   3.4894788157579282e-01	   3.1127757548112123e-01	   3.7711037048031454e-01	   4.4499302328996715e-01	   5.0073455894641361e-01	   4.4829646923258848e-01	   1.8924188874620457e-01	   1.8544575879476691e-01	   1.3397130936229476e-01	  -1.7464275453575248e-04	  -9.1451825430099332e-02	   1.1526355075625486e-01	   2.1194511890024076e-01	   1.4904023916596193e-01	  -1.0347792213369490e-01	   1.0946278161435581e-01	   1.8744089013595774e-01	   3.0623307897678953e-01	   7.0290640712675279e-01	   4.0196778633478286e-01	   3.2163984768377785e-01	   2.4899578889583801e-01	   2.5598453237700036e-01	   2.9170939229860876e-01	   2.1432093979876052e-01	   2.7754993798220429e-01	   4.3821947902283365e-01	   4.1638403468381935e-01	   5.0789752219377038e-01	   5.2508858936273306e-01	   4.7518878256714558e-01	   4.2238578426344525e-01	   3.4678260509829412e-01	   3.8029817540176775e-01	   2.7003366688719521e-01	   2.9979113808262298e-01	   2.8121816119572812e-01	   3.7166094229223168e-01	   1.5648467052324083e-01	   2.0661005051938866e-01	   3.3349547664533447e-01	   3.5993283222879835e-01	   3.9244488430541968e-01	   2.4242291194438276e-01	
   8.0130257391423632e-01	   6.0372461633366203e-01	   1.7970314810422619e-01	   5.0318107026477055e-01	   9.0664472577874688e-02	   2.4411058088236734e-01	   3.3469153461464146e-01	   8.2557237034825581e-01	   1.1028462470730620e-01	   4.8742281613883626e-01	   9.4807890094121172e-01	   0.0000000000000000e+00	   9.3292825318909167e-01	   1.4675805942283968e+00	   5.6866328552058629e-02	   5.5073873667919060e-01	   2.4805795074356560e-01	   1.3346767597059747e-01	   3.9850824990078360e-01	   3.8069603406855446e-01	  -7.7486176782437161e-02	  -2.0629863998153655e-02	   3.4995704604046003e-02	   3.5112386811671104e-01	  -1.5056156015078134e-01	  -1.7102634873389123e-02	  -7.4345307031651667e-02	  -3.1796941711018462e-02	   2.1813296351805722e-01	   3.6091725187366092e-01	   1.5013890750122566e-01	   3.8294764644816148e-01	   1.6147824923070256e-01	   5.0172558949625889e-01	  -8.6698929439586819e-02	   7.5185271805207510e-02	  -4.2815357369471438e-02	   1.2272417373863467e-01	   8.9641430971770797e-03	   2.4144120976997585e-01	   3.0479138171397413e-02	   9.7086909295201224e-02	   2.9649457942974838e-01	   2.2352565037214772e-01	   3.9211987397672526e-01	   4.4052069171389746e-01	   4.1187130859405108e-01	   4.8594354980007226e-01	   6.7824421218545961e-01	   5.2438798605212289e-01	   5.7937459210573161e-01	   5.3812716260759241e-01	   6.9111542587638242e-01	   5.7494190974821024e-01	   7.1481133549423670e-01	   7.0641632718862557e-01	   2.9947528507378263e-01	   2.8624158749296735e-01	   7.1252102950030516e-01	   6.6635214351669880e-01	   5.4809099217314272e-01	   4.6638732849288850e-01	   2.3270495380565978e-01	   4.5657335606681732e-01	  -1.7148278939801345e-01	   9.9537941599134649e-02	   3.1066075312763103e-01	   3.6512404990076586e-01	   1.0540978199007711e-01	   7.1539944089747301e-02	   3.0319636803005545e-01	   2.8428247175792515e-01	   2.0714286738770804e-01	   2.8899527853624069e-01	   1.9543423010119246e-01	   3.9384389563358219e-01	   4.5193982023439377e-01	   6.1461538063739418e-01	   2.5082974176988782e-01	   2.4875311235729916e-01	   2.2941893287221016e-01	   7.9335239027676988e-03	  -1.3983472433133312e-01	   6.0021326926234457e-02	   1.5483772158466524e-01	   2.9119772503171215e-01	  -3.1351006382713989e-03	   2.3469323883541590e-01	   2.7129455333727681e-01	   4.5115116536179328e-01	   8.0658999096584005e-01	   2.4578367414178395e-01	   4.1430526087166158e-01	   8.3772370271224000e-02	   4.2462459682890707e-01	   6.1998474398219083e-01	   4.9716867606903092e-01	   5.7371610081573277e-01	   6.8912557684254927e-01	   4.9901908401124784e-01	   7.7912029907613511e-01	   3.2164036718277095e-01	   5.8472936464259884e-01	   3.9602576973154319e-01	   5.8453883417927843e-01	   4.8326862850723667e-01	   4.6621677615548385e-01	   5.1856654364347343e-01	   4.0653215411216093e-01	   5.2291157486694428e-01	   2.9314742051827736e-01	   2.8692439035388551e-01	   4.7451874076255807e-01	   4.2512867606710614e-01	   5.3508200573871401e-01	   4.8311746012571710e-01	
   6.5139181419496028e-01	   4.1138100444101211e-01	   1.7586174751834058e-01	   2.3708493332341901e-01	   1.6020411466477266e-01	   2.6395581823861397e-01	   6.5593987483640248e-01	   7.8943653515060785e-01	   2.6673198198213510e-01	   4.8854211012268733e-01	   1.5143544707027905e+00	   9.3292825318909167e-01	   0.0000000000000000e+00	   1.1047452791822621e+00	   3.1493360759549982e-01	   6.9414314111240794e-01	   1.3303234236310513e-01	   3.9581321861671168e-02	   4.7106576917299753e-01	   5.0293777187503852e-01	  -1.2203788379979114e-01	  -7.7432376412269591e-02	  -3.1412741489417556e-02	   1.0013076344162261e-01	  -3.3286151392345176e-01	  -2.2052739097393109e-01	  -1.5405253417606954e-01	  -9.1696543471549055e-02	   3.7266306565435131e-01	   4.0679117637305640e-01	  -1.8362989365852630e-03	   2.1034089891871030e-01	   1.0532793658224128e-01	   3.2875841202613237e-01	  -2.8813171337049498e-01	  -2.4580603082966437e-01	  -7.9222608893356611e-02	   7.2026635542732529e-03	  -8.0467096302852564e-02	   3.5990727117452895e-02	   7.0920747523342306e-02	   1.7038393721790085e-01	   5.7205477172737863e-02	  -2.5960002416220547e-02	   1.3770435470327533e-01	   1.4435878024290338e-01	   1.5310690354342998e-01	   2.0897456844791620e-01	   3.9315619153913700e-01	   2.4244978287309990e-01	   2.4401603559662247e-01	   2.2600050774903765e-01	   4.1739650652815125e-01	   4.2722669443143008e-01	   4.7535027354528164e-01	   3.7210397008498231e-01	   1.6931730475203516e-01	   1.4861918626087983e-01	   6.8886051758513778e-01	   4.6313100417900277e-01	   9.0201164463095163e-01	   3.1860742223403382e-01	   2.6447283883201317e-01	   4.8201488189891695e-01	  -1.8189712453575876e-01	  -1.1682876136783983e-01	   1.6872207477383583e-01	   6.4079366925591782e-02	   1.1585034390939139e-01	   9.9579039641923911e-02	   3.0149740848387557e-01	   2.4927656718556368e-01	   2.7563949316813019e-01	   2.3482686139941816e-01	   2.7572742069270373e-01	   3.2838379591457251e-01	   3.7552757543271681e-01	   4.2494045873046948e-01	   1.6250746505409405e-01	   1.0478715697137900e-01	   1.6040104068390906e-01	  -8.8811221815372036e-03	  -4.0942373798027919e-02	   1.5404643727538858e-01	   1.3740547029147368e-01	   1.1622410497853741e-01	  -1.1595523718479303e-01	   1.2207036482189487e-01	   1.9020933384658506e-01	   2.8214563849414942e-01	   7.0289250791831104e-01	   3.4432032434303927e-01	   2.6806775291527285e-01	   1.8412906302500415e-01	   2.7216958006270964e-01	   3.2846292486573397e-01	   2.1072308255601993e-01	   2.8070458112339314e-01	   4.2319779270203128e-01	   3.8992557985840332e-01	   5.6511995787044933e-01	   5.2349480391933645e-01	   4.7764537689149783e-01	   4.3310518055884262e-01	   3.4023287757182719e-01	   2.9967685091332813e-01	   2.8115259359055311e-01	   3.3317224334893769e-01	   2.5145021577178350e-01	   3.5681346531080743e-01	   7.4598574588916486e-02	   1.2400418568231711e-01	   2.8650359460273239e-01	   3.4698104017833831e-01	   3.5924612958316920e-01	   2.3939964951922912e-01	
