   0.0000000000000000e+00	   7.7525108000244058e-01	   5.0500427516247060e-01	   5.3343130301032637e-01	   5.4227266148964326e-01	   3.9150007456316888e-01	   5.2479219308659619e-01	   4.1155325174220314e-01	   5.6769780840463979e-01	   2.7964790649160876e-01	   8.0957802800923129e-01	   4.0890850965771658e-01	   7.8120603214658613e-01	   2.8246134033724829e-01	   8.2420761301147294e-01	   7.3222281070015893e-01	   6.8991626587865296e-01	   2.0302682878868888e-01	   9.0210638844630420e-01	   8.4826469267806681e-01	   1.8842855188175966e-01	   2.7120096345376493e-01	   5.5883137999137644e-01	   5.1338130923327219e-01	   4.0750463475433713e-01	   3.6464747140415732e-01	   6.0380249080556458e-01	   6.2942307151835231e-01	   6.2387526265622195e-01	   4.8068508841425783e-01	   1.9858789090340756e-01	   3.6382454565987832e-01	   6.4054698660620946e-01	   5.4011958409914684e-01	   2.2534774575992805e-01	   2.3403150395919045e-01	   3.8748062880495554e-01	   2.0439220097260513e-01	   5.8493413280600315e-01	   2.0259919841159152e-01	   4.9043330922349226e-01	   2.7325002532392373e-01	   4.7700780621732836e-01	   3.8677417418784332e-01	   4.5743518308919312e-01	   4.6009299016182570e-01	   4.3690040499371297e-01	   3.1265768311238340e-01	   4.4804278712629697e-01	   4.9449082802976491e-01	   5.3079223234250228e-01	   6.4653053688838014e-01	   4.7865793590193606e-01	   6.1498349504910499e-01	   6.3174063923786206e-01	   6.2170854695667421e-01	   9.2277618980855158e-01	   6.4021180829712043e-01	   5.5977192575561063e-01	   5.2287958988248562e-01	   1.6255172293963560e-01	   2.6645892347147826e-01	   3.5233994111310951e-01	   5.5263160319314852e-01	   1.2814336965200118e-01	   3.0028082022891950e-01	   3.9272026699099799e-01	   3.6484949834241670e-01	   6.4297918213266148e-01	   5.5441392788531974e-01	   2.3088118409787406e-01	   4.2600655151577155e-01	   3.4416837273317252e-01	   4.3207195489665540e-01	   3.2548670296250137e-01	   2.9807715303087240e-01	   7.2393513956971534e-01	   3.6800082360376807e-01	   4.5429694847659952e-01	   3.3519950414280170e-01	   8.7420328225899235e-01	   5.1615090654427864e-01	   7.6301248201598015e-01	   7.6343815391077086e-01	   8.8198212114557062e-01	   6.0732428129879523e-01	   6.5174626806439950e-01	   5.2725657627120481e-01	   8.6570465059796220e-01	   8.5805824105961515e-01	   3.9756441282175403e-01	   4.8923218326566509e-01	   4.0017855374364225e-01	   6.0261497995929358e-01	   7.3770077238230328e-02	  -1.1731990115353462e-02	   2.8148621072596491e-01	   1.5936222457222388e-01	   6.4350003319961924e-01	   5.6887532819698838e-01	   3.9300653011166187e-01	   5.9135580802209897e-01	   6.0507519186032821e-01	   5.9402330814719062e-01	   3.6107398837956284e-01	   3.5630747176292105e-01	   4.4704465280209627e-01	   2.1386118772927831e-01	  -1.7151530807414702e-03	  -1.9791842394019089e-02	   8.3395979093263392e-02	   5.4423184409261705e-01	   4.4696692935496363e-01	   4.3641841352620819e-01	   2.8710984693271879e-01	  -3.4213494289529099e-02	
   7.7525108000244058e-01	   0.0000000000000000e+00	   4.6258349274808475e-01	   4.4628636957060613e-01	   3.2203494135506944e-01	   1.1712170402719352e-01	   2.1076862508811678e-01	   3.4113220939917738e-01	   2.7774957754521479e-01	   1.1695482714020591e-01	   2.8984481045129801e-01	   7.2401416708081801e-01	   2.2513250889661990e-01	   2.3321883032057217e-01	   5.1135879953924790e-01	   6.4876020700730963e-01	   6.9488207157696558e-01	   6.2030791752248915e-01	   8.5334782782202334e-01	   9.1040097506978479e-01	   1.2201133047587701e-01	   1.7887220726728018e-01	   5.3021912609379851e-01	   5.2681247112691632e-01	   3.0443261893882440e-01	   2.1553960562284519e-01	   5.5264856997822265e-01	   6.0172998803631772e-01	   6.1747418628454342e-01	   6.8311229957216379e-01	   6.9699753894421221e-02	   2.1972732625577351e-01	   5.5245232587209847e-01	   4.1952038825238575e-01	   1.9420088274232553e-01	   7.9636284525566356e-02	   4.0960458294423124e-01	   3.4586996772043119e-02	   3.6682549114223789e-01	   8.7211954561586480e-02	   3.6615373217404668e-01	   2.4946654945150337e-01	   3.6279014665675396e-01	   3.8479804476933843e-01	   4.6208621605081579e-01	   3.0726475391374941e-01	   3.5095699005455067e-01	   2.5380942235188853e-01	   3.3734689422150660e-01	   2.5614608969867059e-01	   2.6838236277622213e-01	   1.9072727762572173e-01	   1.9452035170777190e-01	   4.7564123209819320e-01	   3.5614574768432222e-01	   3.6205112190984107e-01	   1.1010288051353885e+00	   1.0672517008021776e+00	   2.8465892191000886e-01	   2.1566061276279402e-01	   2.4900283230980808e-01	   1.1041464456120314e-02	   6.1213055757713519e-01	   3.5733169630041461e-01	   2.0743333430573296e-01	  -2.3859213263084406e-02	   1.6722025489437226e-01	   1.8674723727467835e-01	   6.3404820233498493e-01	   7.4633451482395663e-01	   1.1848861774892688e-01	   3.3252136579552222e-01	   2.2734860256110617e-01	   4.1380063409196333e-01	   5.3847675679527043e-02	   3.0504255859006801e-01	   4.3110950858922015e-01	   3.8728496482492925e-01	   4.0664233766823848e-01	   5.8657262174638991e-01	   7.2907618196717439e-01	   4.1205861871261829e-01	   6.4662009945544208e-01	   6.6454485534816443e-01	   6.7089086903652140e-01	   2.1483094446893750e-01	   5.7192408685687190e-01	   5.5230743436946894e-01	   5.1429029146767591e-01	   4.9790569168818999e-01	   1.8331976938317993e-01	   3.8385353893087620e-01	   2.6689876734858736e-01	   3.7845990008939129e-01	   2.6119663618170796e-01	   1.8486601084890142e-01	   3.2844082194622465e-01	   1.8790483025148833e-01	   4.8796487475112049e-01	   6.4287361747927341e-01	   1.7699538944251367e-01	   3.3954710063036703e-01	   4.2920293357834255e-01	   5.5252616126930965e-01	   2.0653623816902650e-01	   3.8997631140902184e-01	   2.9892014882796858e-01	  -3.2159679858221712e-02	   2.3680206644767568e-01	   2.0344754491231234e-01	   2.8233583893707542e-01	   5.0401871693139211e-01	   4.9662257495078910e-01	   5.2354285144626989e-01	   2.3418168933724876e-01	   1.8874117437760579e-01	
   5.0500427516247060e-01	   4.6258349274808475e-01	   0.0000000000000000e+00	   8.3766585707342234e-01	   9.5339568616271786e-01	   5.5864402253602041e-01	   1.1004053317697762e+00	   6.8351117884158763e-01	   9.0821495346908310e-01	   4.9341259786038044e-01	   3.8002018848894514e-01	   5.4919664363331999e-01	   6.4704706711592952e-01	   5.0756437561866918e-01	   8.7022981958049250e-01	   6.7121040413069044e-01	   3.5600141076505060e-01	   8.6245786459001564e-02	   7.7786699664212211e-01	   7.2455893737028521e-01	   2.2716780460907299e-01	   2.7317810808585147e-01	   1.2679801059297715e+00	   9.4139810516809919e-01	   7.6590572746077790e-01	   6.9628328279974916e-01	   4.2621297852494311e-01	   4.0666023968529041e-01	   5.7670390778609615e-01	   3.2057962722877492e-01	   6.5033978357546485e-01	   7.0647489556105270e-01	   1.0241774266954264e+00	   9.1411669494131065e-01	   6.5212755223200836e-01	   6.0519446988873038e-01	   9.7993853031305408e-02	   1.3625704544761028e-01	   4.4968586332815924e-01	   2.3575462977637718e-01	   3.7697161888597097e-01	   1.6528201394683745e-01	   5.2535956489824764e-01	   3.8503308988502227e-01	   5.6228489853702501e-01	   4.2409517136202857e-01	   3.9683239441971346e-01	   3.4786879031133544e-01	   4.7706959061134080e-01	   4.7972667042203898e-01	   4.9411052521592258e-01	   4.1915954505181752e-01	   5.5204928778935769e-01	   7.8822906143220783e-01	   5.5240508388732434e-01	   5.4551868991576957e-01	   4.5696985807908991e-01	   4.3092964188395172e-01	   6.3360796231054772e-01	   5.6509158581259344e-01	   7.0490676262618424e-01	   4.5962374937097206e-01	   4.9025627186357729e-01	   4.7344080424107926e-01	   8.5521162145948870e-01	   6.6638358402025233e-01	   7.3933184580750955e-01	   7.3320842120735163e-01	   6.2050453526179672e-01	   5.3707482736234802e-01	   6.9031756688475199e-01	   6.3011146549770536e-01	   6.8811214236301133e-01	   7.6927515237327138e-01	   4.8388243609934140e-01	   7.2076966499486284e-01	   7.2345768915846387e-01	   4.5657577035115648e-01	   3.2233243589433136e-01	   2.1399814875355630e-01	   4.5252637032283927e-01	   2.7680642469146582e-01	   5.8524008163195496e-01	   5.5393196660686184e-01	   6.2619176692665013e-01	   5.1322646601793698e-01	   5.9171686762791453e-01	   6.3299936913973398e-01	   5.0131782306592965e-01	   5.9943419975967083e-01	   2.9103859418930800e-01	   5.5015842812290461e-01	   4.1775760939825785e-01	   7.0989412972159827e-01	   1.9782696974090408e-01	   2.3462821471382922e-01	   2.8595758354049655e-01	   3.4350677854131284e-01	   4.9712764176491642e-01	   6.7632637650595107e-01	   3.1140453022165859e-01	   6.9207148124115003e-01	   2.9445718422117240e-01	   4.3787897863468866e-01	   3.6043717657997748e-01	   3.7642192343084968e-01	   4.1097933149992688e-01	   1.5213097595926001e-01	   2.5030580229842403e-01	   1.8898256782979758e-01	   1.9373507469555429e-01	   3.0786217287650269e-01	   3.4100223941637725e-01	   4.2133767875525896e-01	   4.5515147702863368e-01	   5.0233738747564136e-02	
   5.3343130301032637e-01	   4.4628636957060613e-01	   8.3766585707342234e-01	   0.0000000000000000e+00	   1.0223440616951929e+00	   9.7731568740518593e-01	   8.5965485678523801e-01	   1.2451005285058945e+00	   8.1954545784357891e-01	   9.6952323671932661e-01	   2.4855168841067835e-01	   5.7424298907169047e-01	   5.4125845675909301e-01	   7.7306803889506193e-01	   5.4523821002265616e-01	   8.0600290407487152e-01	   4.8933034898542060e-01	   1.7244110395038403e-01	   7.2150890246968324e-01	   7.5694988281809783e-01	   3.6876321638643472e-01	   4.0671993950984059e-01	   7.7348081192606444e-01	   1.2781306439350122e+00	   6.0253024363009122e-01	   9.2838980466756116e-01	   2.5936095025746903e-01	   4.1817111894828196e-01	   7.0530011993426189e-01	   5.9996898616892114e-01	   8.1388946779868132e-01	   1.2005789543009169e+00	   9.5832366403605840e-01	   1.2657351131608323e+00	   6.0274343579776479e-01	   8.7005859698321220e-01	   1.4829708813504108e-01	   9.8637615832731909e-02	   5.5468588838459576e-01	   2.9293962549955571e-01	   2.2304066806928094e-01	   1.6114656806425556e-01	   6.5801451650534926e-01	   5.0631321091936776e-01	   5.1990901774529075e-01	   5.4530660246344542e-01	   4.7970966544460236e-01	   5.0599881135540992e-01	   3.4862640435483561e-01	   4.9742336592272274e-01	   5.1663102086238533e-01	   5.4899537666934317e-01	   6.7585251602808871e-01	   7.8924823132891264e-01	   5.6466424407879989e-01	   5.0777740896677204e-01	   6.2908916968017481e-01	   5.1105378366943910e-01	   4.7563436078999344e-01	   7.2071263576115274e-01	   5.6580235941060308e-01	   7.9846600047718064e-01	   4.9301586776000195e-01	   6.3564418958477953e-01	   5.0676465595295905e-01	   1.0950519324043702e+00	   8.0754611226165329e-01	   1.0596709707250342e+00	   5.3324556108831556e-01	   5.6537098568183708e-01	   7.3285849468961728e-01	   7.9377017204638223e-01	   8.8272952528018611e-01	   8.0607875217437386e-01	   6.1334406670685715e-01	   5.8060291463423364e-01	   6.5979686332766430e-01	   6.7024123093020849e-01	   5.4238221455157798e-01	   3.7470003841805694e-01	   5.9757138357705597e-01	   4.2729219016853248e-01	   4.6122142437262609e-01	   6.1288839140669582e-01	   5.3860033531830209e-01	   6.7787521711861198e-01	   3.8184488900782254e-01	   6.1821308794961671e-01	   4.1342525475369851e-01	   8.0207747748513358e-01	   7.6540619424112211e-01	   6.4512227690545343e-01	   1.0189039121702299e+00	   6.0710389162970890e-01	   4.8895114649327928e-02	   1.0037334012701153e-01	   4.6546379561245593e-01	   3.3698738020613056e-01	   7.8364278348905836e-01	   6.8664240601614990e-01	   7.3798234699962129e-01	   7.2696655668115673e-01	   6.5498015903566731e-01	   5.7300874756312137e-01	   6.5401999022346280e-01	   2.8751520821112309e-01	   6.1498225558338215e-01	   3.8819033343308024e-01	   3.5826403188027850e-02	   1.2806228749030110e-01	   3.0893133670025136e-01	   5.4146938347390150e-01	   5.9204021299039544e-01	   5.8139449445970026e-01	   5.2890557840467967e-01	  -1.4003836789181448e-01	
   5.4227266148964326e-01	   3.2203494135506944e-01	   9.5339568616271786e-01	   1.0223440616951929e+00	   0.0000000000000000e+00	   1.0171255709495293e+00	   1.2172371541897424e+00	   9.1239852223793005e-01	   1.3307390453294266e+00	   8.6311484371251279e-01	   4.6568965334028001e-01	   4.7792161179144810e-01	   8.3735546849414288e-01	   7.1882649498211071e-01	   6.4844467648833959e-01	   6.4889569661285951e-01	   4.4292785430937404e-01	   5.2071155369890008e-02	   6.8572746956498920e-01	   6.5779181272489284e-01	   1.5204610872292518e-01	   3.0001532087263949e-01	   7.7980290678207731e-01	   8.5548077986706150e-01	   5.3408904628012066e-01	   6.7366528233163525e-01	   2.6378999313120843e-01	   3.9068268783586046e-01	   6.6058982184322224e-01	   4.1692580692375042e-01	   7.1149150054386567e-01	   8.7744009083034924e-01	   1.0784276012487826e+00	   1.1664091231697620e+00	   5.6263573596886629e-01	   7.4287989952953848e-01	   1.5515932144308300e-01	   1.9975349754029759e-01	   5.2839409610286270e-01	   3.7287493622547363e-01	   3.2775102864761790e-01	   2.3794718092265951e-01	   6.8918169435299959e-01	   5.1869060275421575e-01	   6.4807468821815462e-01	   6.9810745588461953e-01	   4.8687366000404614e-01	   5.0944394787247049e-01	   5.1725577011434343e-01	   6.0837298432578224e-01	   5.5103802289790960e-01	   6.8441375259002135e-01	   6.4515693541614361e-01	   7.3817837311607082e-01	   4.9995002271560540e-01	   5.8369029083005619e-01	   4.4060604379609436e-01	   3.3792032798496469e-01	   6.1854981749133953e-01	   6.9111676666071276e-01	   5.9133822339893294e-01	   8.2931801440456543e-01	   3.7886981886952337e-01	   6.1441548361895515e-01	   4.2417415272839304e-01	   8.7093985692009845e-01	   9.5985922310937410e-01	   9.7393224589092919e-01	   5.4211236985162692e-01	   5.1498335968162157e-01	   5.6323674598088425e-01	   7.1597808160174325e-01	   6.4608161026058375e-01	   6.9583301811612286e-01	   5.5970654485330718e-01	   5.7761736700737154e-01	   6.0862596731644536e-01	   4.8558819286740729e-01	   5.2084316669909558e-01	   1.8702153328340826e-01	   4.8334709761051653e-01	   2.9986489929937166e-01	   4.2472728015016958e-01	   5.5707227652778524e-01	   4.9799716097907964e-01	   5.9850713265748923e-01	   4.4522774446316660e-01	   4.0156867013429920e-01	   5.5691759744618574e-01	   8.0491747918311718e-01	   6.2681861882321266e-01	   6.0504450379130903e-01	   7.5124178617086645e-01	   7.1957959951600903e-01	   6.3988543456447819e-02	   1.6286926028080476e-01	   3.6066385245226135e-01	   2.9370408389141806e-01	   6.2038123898987607e-01	   6.0270357762991256e-01	   6.6440401259004755e-01	   9.1894571424902938e-01	   5.7786117630054323e-01	   5.6934560852612537e-01	   4.6092637176374079e-01	   2.9390725975411058e-01	   6.4377943958563177e-01	   3.2593742808197040e-01	   6.4701246451648028e-02	   1.4236694069132149e-02	   1.8943514121305977e-01	   4.9546158861884848e-01	   4.6666671244254482e-01	   4.1522591667964132e-01	   3.6209008242755936e-01	  -1.3982238309311257e-01	
   3.9150007456316888e-01	   1.1712170402719352e-01	   5.5864402253602041e-01	   9.7731568740518593e-01	   1.0171255709495293e+00	   0.0000000000000000e+00	   8.5861219195187521e-01	   9.1781994659486166e-01	   8.8637218797316653e-01	   1.2148047649025702e+00	   2.1944758577786960e-01	   2.5570476877567538e-01	   6.1209774946409767e-01	   7.2378120008385638e-01	   4.2454814782267664e-01	   3.9796421832713280e-01	   1.6809697243400662e-01	  -6.7103840931647896e-02	   3.9324456283269071e-01	   3.7344924523010914e-01	   3.2931648252164025e-01	   4.4806395078090788e-01	   4.0486523061907231e-01	   6.0265850813511002e-01	   3.7304071923344650e-01	   7.2873900453984175e-01	   2.2178376414826121e-02	   2.5740454651811207e-01	   3.6612976312992318e-01	   2.5241298751954755e-01	   6.8906791696441205e-01	   8.6596985237761670e-01	   7.8418786674744767e-01	   9.6710607383351332e-01	   5.5587324270176375e-01	   8.3513857765469224e-01	   1.0524434651974296e-01	   1.5269615299322450e-01	   4.1858866932030281e-01	   4.0209560121369181e-01	   2.0282271615170616e-01	   1.2055497053810324e-01	   5.6024286206310214e-01	   3.4829923244365213e-01	   4.3690317380183186e-01	   5.2263741884437098e-01	   3.4226676354428831e-01	   3.8746036024838937e-01	   3.2688679003367388e-01	   4.7426635899080760e-01	   4.7491307412987144e-01	   6.4797371913315782e-01	   6.4904539921617288e-01	   5.6236126913993134e-01	   3.3234067124743594e-01	   3.7246377547230985e-01	   2.5116674663928967e-01	   1.8006245044659608e-01	   5.0354866985866575e-01	   5.9137270252617680e-01	   5.3760223353273118e-01	   8.3733899214337404e-01	   2.4533756105276189e-01	   4.3311085021896389e-01	   3.1815998117174166e-01	   1.0779670948011311e+00	   9.6844269010164474e-01	   1.0436863421728866e+00	   4.7617861778378673e-01	   4.7791052566342185e-01	   6.8071577237121950e-01	   6.0124509261755221e-01	   6.3179429176539448e-01	   5.6583169497360486e-01	   5.5954932921819267e-01	   3.8531269729344553e-01	   4.0628872153538154e-01	   4.7827870175756226e-01	   3.1781199786395975e-01	   1.6118643554665205e-01	   2.3929444698354305e-01	   2.5024093258175295e-01	   1.7379821279469909e-01	   3.9269190895204154e-01	   2.4070311526993127e-01	   4.2319069136883919e-01	   1.5120629029947361e-01	   2.2284965083909106e-01	   3.0542739537889896e-01	   5.6609768129597005e-01	   6.8059459313649451e-01	   5.1498748982989917e-01	   7.4810549002316595e-01	   4.5730344928399830e-01	   4.6660561587887193e-02	   7.6581642759777968e-02	   3.4698715137671654e-01	   2.1546199650092263e-01	   4.9045334062062862e-01	   4.7961667208878811e-01	   6.6686319014651108e-01	   7.6548418438710708e-01	   5.3903244732854216e-01	   5.2600100853336185e-01	   6.2403982996564678e-01	   2.7220067894552513e-01	   6.2058405572051301e-01	   3.6587208323656978e-01	   2.5796175531965105e-02	   3.5367760188837555e-02	   1.8259197125920149e-01	   4.6175802760258977e-01	   5.1877678340630240e-01	   3.4468476840069506e-01	   4.5939431840710443e-01	  -1.6116035209179463e-01	
   5.2479219308659619e-01	   2.1076862508811678e-01	   1.1004053317697762e+00	   8.5965485678523801e-01	   1.2172371541897424e+00	   8.5861219195187521e-01	   0.0000000000000000e+00	   9.8608942164651270e-01	   1.1911749628691761e+00	   8.1489873135558222e-01	   5.3810991255789808e-01	   4.5689775001655419e-01	   1.0422126760446517e+00	   7.4412983735687954e-01	   7.3975209753864668e-01	   4.6367377895947254e-01	   3.0164876782563027e-01	  -4.4557870800318401e-02	   5.9698256446426901e-01	   5.5015770491345062e-01	   2.3636026282756481e-01	   2.4426444568243807e-01	   6.4051811422886595e-01	   5.8610732605544891e-01	   5.1268955534245386e-01	   6.2956650643652490e-01	   9.8948647254840524e-02	   1.0246098015897423e-01	   5.8216042725125605e-01	   3.0647565925860087e-01	   6.8860743492671594e-01	   7.6138710766090012e-01	   9.5003669641017519e-01	   1.1270386156613534e+00	   5.4146493337104062e-01	   7.1575855607240291e-01	   3.7033289234984341e-02	   1.3618726265483838e-01	   4.5182849218642374e-01	   2.8546812164035473e-01	   2.7454348288860453e-01	   1.1437235417611853e-01	   6.6603416366232626e-01	   5.2555239241667528e-01	   6.3647084288078992e-01	   7.0470529085571798e-01	   5.1569378483192829e-01	   5.4366951391429530e-01	   5.9657729806149740e-01	   7.0106422173203820e-01	   6.7218648390068347e-01	   7.8528915734173677e-01	   6.9288942446218460e-01	   8.1226828223316039e-01	   5.9778789287099388e-01	   6.0194514383635556e-01	   2.7226640088546900e-01	   1.8858896875202918e-01	   7.7488129800873584e-01	   7.3588799197857502e-01	   7.1929140207953202e-01	   8.7021318719713980e-01	   3.4045543167885728e-01	   6.7356002166316142e-01	   4.8873238774420713e-01	   8.9446675972643352e-01	   1.0229659629523125e+00	   1.0513464570409330e+00	   5.3548572686140272e-01	   4.3662359695815567e-01	   7.0774899875154784e-01	   6.4091789164274449e-01	   8.2314627556953701e-01	   7.0165292656810851e-01	   6.2536920789829065e-01	   4.9351980292633119e-01	   7.0241168221366757e-01	   4.3953270076233231e-01	   3.6882078203520197e-01	   1.0514598574665829e-01	   3.8585279489236768e-01	   2.4617936465247453e-01	   3.6851007279160308e-01	   3.7244900855043450e-01	   4.3988723848483441e-01	   5.3146534317642913e-01	   3.4807124115505245e-01	   2.3046460333045377e-01	   5.2214909385101249e-01	   6.4225677858575259e-01	   5.0435233221827791e-01	   4.9670466500938637e-01	   5.7195027106343643e-01	   6.2686389056425673e-01	   5.4878324545194798e-02	   1.1039001751526074e-01	   3.3623824175410544e-01	   3.1766766249614020e-01	   6.5758859720204577e-01	   5.7087797870692825e-01	   5.9952222600824867e-01	   8.9005051002471669e-01	   5.0669710335077656e-01	   5.1139273427084020e-01	   5.0076893853959259e-01	   2.8191215116706364e-01	   5.1980547131159893e-01	   3.4057001104821882e-01	   1.0057102412900253e-01	   1.9004809886520670e-02	   1.8271709405919359e-01	   3.7259907711911322e-01	   3.5543326066714537e-01	   2.8303255070541189e-01	   3.0931179382130031e-01	  -1.2376150612842531e-01	
   4.1155325174220314e-01	   3.4113220939917738e-01	   6.8351117884158763e-01	   1.2451005285058945e+00	   9.1239852223793005e-01	   9.1781994659486166e-01	   9.8608942164651270e-01	   0.0000000000000000e+00	   7.4515735640763536e-01	   1.2775154584479320e+00	   3.0671775297977572e-01	   7.8219077343108701e-01	   5.6230290737295885e-01	   1.0392130568942537e+00	   4.5044543658972186e-01	   5.1563680744141260e-01	   3.3769364110030858e-01	   1.7838152075242072e-01	   6.4517982471103108e-01	   6.1276212690404175e-01	   1.3097568793486888e-01	   1.5719137289108601e-01	   4.1198821906722594e-01	   7.3666295735826082e-01	   1.9259040494251745e-01	   4.9833080342372099e-01	  -6.9735851125501278e-02	   7.1925237291780242e-02	   5.8055485296519527e-01	   5.4805109680843578e-01	   4.8182152335096118e-01	   7.8397381844841929e-01	   7.1026138077989831e-01	   1.0753870240930870e+00	   3.0458004093229762e-01	   5.3920442609280761e-01	  -5.1410075289317049e-02	  -1.5937590065038795e-01	   2.3705454356073433e-01	   2.9126527387796863e-02	  -1.6050218440940258e-02	  -7.1726060259344179e-02	   4.9525975217170315e-01	   3.8051367086920190e-01	   4.5084129137238327e-01	   5.9517783733811735e-01	   3.9873440129535642e-01	   4.3537382067759445e-01	   4.0623470238812914e-01	   5.3647549216637058e-01	   5.1187674307889486e-01	   5.3038835699074005e-01	   4.9171489501046439e-01	   7.0288515436833621e-01	   3.8516059420305754e-01	   3.5944972589720220e-01	   3.5013743593722996e-01	   2.1786192707401134e-01	   6.1299304009445998e-01	   6.7971371090205535e-01	   9.3301120398260695e-01	   1.1977711266110442e+00	   4.6652296401191362e-01	   7.1526182283972362e-01	   3.0535397495733280e-01	   8.3652631575606262e-01	   6.9295851087891114e-01	   9.3454750160587552e-01	   5.4117757144334022e-01	   5.1260411187895949e-01	   6.3868595293617347e-01	   5.4718933957753202e-01	   8.1874305827738059e-01	   6.6749376061960630e-01	   5.3274803119617176e-01	   5.1553698260596825e-01	   4.4749445193682774e-01	   4.2608947362973032e-01	   2.9830417630185735e-01	   2.8936847043989955e-01	   3.5307125509325171e-01	   2.4127915173459658e-01	   3.0593677957780308e-01	   3.1757390669828456e-01	   3.6730578640190570e-01	   4.3688342596028040e-01	   1.8860151031454514e-01	   2.1857408590402214e-01	   3.4831561487361856e-01	   5.2428566711049629e-01	   7.3224466244504949e-01	   5.6128469938449033e-01	   9.0693900228678381e-01	   5.4080852391515299e-01	   1.1177868123803390e-01	   8.3053878381660146e-02	   3.8735806876099854e-01	   3.0639449282334830e-01	   7.1224814148857907e-01	   6.0279940740977667e-01	   9.1756914998058536e-01	   8.2185202722807893e-01	   6.5396216226335879e-01	   5.8169773327566621e-01	   6.9557179829663662e-01	   2.1197920469793291e-01	   5.1816155097255689e-01	   4.1509279101195062e-01	   1.0929931661543056e-01	   1.5175901760007687e-01	   2.9868204577054019e-01	   4.1249465173469857e-01	   5.0385795116230858e-01	   5.1332862535570700e-01	   3.9660423722531041e-01	  -1.3890483769707221e-01	
   5.6769780840463979e-01	   2.7774957754521479e-01	   9.0821495346908310e-01	   8.1954545784357891e-01	   1.3307390453294266e+00	   8.8637218797316653e-01	   1.1911749628691761e+00	   7.4515735640763536e-01	   0.0000000000000000e+00	   8.1860647105609563e-01	   5.9030177391077066e-01	   4.0577891754611156e-01	   1.0633285080710289e+00	   7.7210213307118891e-01	   8.0169160171557707e-01	   6.4817410293201771e-01	   3.4147233500288066e-01	  -9.3386537400099598e-02	   6.1042422408451902e-01	   5.3635736794450073e-01	   2.6376374843059197e-01	   3.7576263465485021e-01	   6.9150716948547042e-01	   6.5018000760653527e-01	   5.0848735778479281e-01	   5.4797625326477650e-01	   2.3391567365362853e-01	   3.0554539470024700e-01	   5.7621449244801848e-01	   2.1088521998750809e-01	   6.3139100141023552e-01	   6.9684136923775941e-01	   8.8530242830518913e-01	   8.8712144786640235e-01	   4.9039705956053331e-01	   6.1567945841895488e-01	   1.8229756158591773e-01	   2.7660744978051199e-01	   5.4471818787215642e-01	   3.8155863850396193e-01	   4.7832530082946628e-01	   2.9176055535999812e-01	   7.2617857403354813e-01	   4.6061253828254800e-01	   6.0279861203985119e-01	   5.7030999314174513e-01	   5.1517552988347437e-01	   4.4746867790392508e-01	   5.9312118420508386e-01	   6.1820571032961935e-01	   6.7248632119333751e-01	   7.3355195745253710e-01	   8.7622889111416702e-01	   8.1415361211048642e-01	   5.3863051277888085e-01	   6.4729116976899259e-01	   3.3098257298062178e-01	   2.4697277761824121e-01	   6.8156340990495190e-01	   6.6483761525302076e-01	   5.7158322539217710e-01	   6.8732096625611705e-01	   2.5637224509735645e-01	   5.1114192872171504e-01	   4.2462566923102807e-01	   7.9089787315045412e-01	   7.9241294577025656e-01	   7.4336079494955087e-01	   5.1531466029345241e-01	   4.4502083524226316e-01	   6.2203839014323947e-01	   6.4170226003617170e-01	   6.0935754861943858e-01	   6.3647819565209696e-01	   5.8665581163599867e-01	   5.1130803885728937e-01	   5.9703811839360044e-01	   4.2708349241400378e-01	   4.6067776712863706e-01	   3.4379801476611876e-02	   4.7489647849502481e-01	   1.8187362550757102e-01	   4.4978588383474283e-01	   5.1909022192048504e-01	   4.4126949245363833e-01	   5.1327208784814549e-01	   4.4552309387669592e-01	   3.8545741371848208e-01	   7.0489975322690579e-01	   8.9239501457029746e-01	   6.2218044496260394e-01	   5.6695755822539695e-01	   6.2106627750960186e-01	   6.9228519109878262e-01	   9.4177730002770101e-03	   9.4031895805185617e-02	   2.6180466680890413e-01	   2.0780609069158368e-01	   6.2176575162330638e-01	   5.8315850338883213e-01	   5.5502174122780634e-01	   9.4944409838887456e-01	   5.0954532686500276e-01	   5.6078740257949877e-01	   3.9510610739127278e-01	   3.0156257962343963e-01	   5.3754397945330079e-01	   2.9681879656862920e-01	   6.9690755905408991e-02	  -1.4570401785597204e-02	   1.0953865918467537e-01	   4.5265670730037122e-01	   4.6780397668317442e-01	   3.1360531135113989e-01	   3.4606719070870234e-01	  -1.4552003014848142e-01	
   2.7964790649160876e-01	   1.1695482714020591e-01	   4.9341259786038044e-01	   9.6952323671932661e-01	   8.6311484371251279e-01	   1.2148047649025702e+00	   8.1489873135558222e-01	   1.2775154584479320e+00	   8.1860647105609563e-01	   0.0000000000000000e+00	   2.5594421932664368e-01	   5.1835510689670361e-01	   5.5400794610396797e-01	   1.0019223127815200e+00	   3.3168445337894825e-01	   4.2819886437952959e-01	   1.9440878889441995e-01	   2.6768789922031137e-02	   3.8558690892831449e-01	   3.5991708497797797e-01	   2.2149441225738115e-01	   2.2929166770662651e-01	   2.7403467515914337e-01	   5.6011513053982176e-01	   1.2037922688830074e-01	   4.1804026312171683e-01	  -1.1111560076221322e-01	   5.1993273412872028e-02	   3.9942329367078783e-01	   3.3576366533176988e-01	   4.5305418093355326e-01	   6.7767009743100781e-01	   5.9225960073904582e-01	   8.5888843181519348e-01	   3.1909932449147810e-01	   5.7392821227326596e-01	  -8.9532142845375973e-02	  -3.2672093502101568e-02	   1.7112357282982685e-01	   1.6054294731236149e-01	   7.6715002984909719e-03	  -1.3957332087224073e-02	   4.6393182077129735e-01	   3.2677135621389058e-01	   3.9781803002587784e-01	   5.6221470599765566e-01	   3.0258374292336021e-01	   3.7742200309392776e-01	   3.5457974794150776e-01	   5.1478374872060062e-01	   4.5674391819880150e-01	   5.8742457953084382e-01	   4.7405057866914918e-01	   5.2526101176060180e-01	   2.4101123964918122e-01	   2.8220739423891789e-01	   1.8192264208263745e-01	   1.1452729507260441e-01	   4.8655617573591409e-01	   6.3077371159684814e-01	   7.2155579498878131e-01	   1.2364326703541835e+00	   2.6855578198173852e-01	   5.5343379098465117e-01	   2.1177516638813820e-01	   9.5299144491410759e-01	   6.6915925879638449e-01	   8.6778537390504062e-01	   3.6265589453010094e-01	   4.0941889533115766e-01	   6.0318998355108966e-01	   4.4256359307550941e-01	   6.3884828448813691e-01	   5.2605034647330007e-01	   5.2103396038774752e-01	   4.7156427441386928e-01	   2.9649995389622869e-01	   4.6366531737284544e-01	   2.9000447233563148e-01	   1.6683346819069686e-01	   2.5930440298213409e-01	   1.6090262924260665e-01	   1.4213416966276804e-01	   2.8782937201826081e-01	   2.4660439679901924e-01	   3.1812703724533659e-01	   5.8804641325590858e-02	   1.2615435906974942e-01	   2.7783451748104804e-01	   4.8132166538479809e-01	   7.1996343839317289e-01	   4.7300845253510676e-01	   8.0089167733741617e-01	   4.2207980030903847e-01	   2.3566119295353259e-02	   1.0888912263808261e-01	   2.3442270717964300e-01	   2.2689790272982124e-01	   5.6271257873084957e-01	   4.7027672368684542e-01	   7.8073503930636790e-01	   7.9254120531579531e-01	   5.3389720756579828e-01	   4.9817753228233524e-01	   6.3194049460225354e-01	   1.8830305919396637e-01	   5.6248196834391584e-01	   3.7519397508903268e-01	   9.7492782633913824e-02	   1.0739832035504500e-01	   1.6924632584757113e-01	   3.9380212622029687e-01	   4.6689719750909803e-01	   3.7295137264810752e-01	   4.1121615182203719e-01	  -1.1257293175221227e-01	
   8.0957802800923129e-01	   2.8984481045129801e-01	   3.8002018848894514e-01	   2.4855168841067835e-01	   4.6568965334028001e-01	   2.1944758577786960e-01	   5.3810991255789808e-01	   3.0671775297977572e-01	   5.9030177391077066e-01	   2.5594421932664368e-01	   0.0000000000000000e+00	   2.9931696698873400e-01	   1.1206746495225599e+00	   3.0564496704720395e-01	   6.2398618559002206e-01	   4.1369692607654390e-01	   6.1630392375986642e-01	  -1.4197035500102187e-01	   5.1138933569702283e-01	   4.6133024893474306e-01	   1.7974494861773616e-01	   1.8930823106814407e-01	   3.4121041399225027e-01	   2.4039701047476295e-01	   2.1260098634579866e-01	   1.8257783590465929e-01	   3.6292363138171513e-01	   2.6021482872065183e-01	   5.9655830347483996e-01	   2.1732518726833569e-01	   1.4830510062653909e-01	   2.0844526560182849e-01	   4.3965084018271494e-01	   4.1153469771311268e-01	   7.4850847841309562e-02	   1.4268905922931566e-01	   2.0729180063236746e-01	   2.3803862369587053e-01	   3.6195315366323572e-01	   1.0221191047732600e-01	   3.4698717285039854e-01	   1.9753718497180142e-01	   3.9032770254871813e-01	   3.6068796184627983e-01	   3.8059820496658614e-01	   4.5912086231216542e-01	   4.1128908852283785e-01	   3.0723678028055473e-01	   5.0803504450765047e-01	   5.6157639732702358e-01	   5.6842969668553811e-01	   7.2927765680797818e-01	   4.7286096330491867e-01	   5.2338339089220931e-01	   4.0942630480621978e-01	   5.7264935719530519e-01	   3.8165505672871036e-01	   1.8074926400910954e-01	   5.6735726921936347e-01	   5.6274681972033724e-01	   1.4433627766053894e-01	   3.4218577157710828e-01	  -4.5853027683515693e-02	   4.4882327089216539e-01	  -5.4881978383961652e-02	   2.7057175574144010e-01	   2.3570139816006117e-01	   2.2319625452246517e-01	   2.5366054902618046e-01	   1.5418873093114357e-01	   2.0076711612260756e-01	   3.5126300092883228e-01	   3.1834452174675715e-01	   3.5005472697652701e-01	   3.6829479240333712e-01	   2.9682322129477556e-01	   7.1449944592197012e-01	   2.5007466916301446e-01	   4.1650141800391932e-01	  -2.0552814975813533e-02	   6.2515538923448621e-01	   2.3200100251136282e-01	   6.6267265457516944e-01	   3.8023745420020544e-01	   5.9000810687474414e-01	   5.4662249429923371e-01	   4.4033954342417247e-01	   2.7307600295850076e-01	   7.6432228414057279e-01	   6.7126869107434683e-01	   2.0791257215922390e-01	   1.4346367931864390e-01	   1.3664672521064633e-01	   3.2276980726490007e-01	  -2.2689801496479994e-01	  -1.8959312316700855e-01	  -1.8663966742070801e-02	  -7.8440114204349782e-03	   4.4747936010898770e-01	   2.7128584388535848e-01	   1.7023448493411200e-01	   3.6919867164814196e-01	   2.8168782223992722e-01	   2.1935688192960032e-01	   7.1528842326472636e-02	   1.2905735282636719e-02	   1.8789428509790937e-01	   2.5014040224263765e-02	  -9.3105871107751967e-02	  -2.1640051453249889e-01	  -9.4488386850735198e-02	   1.8695268360900189e-01	   1.3841224321081541e-01	   3.4495703670624808e-02	   2.4913783896035487e-02	  -2.3874726034143715e-01	
   4.0890850965771658e-01	   7.2401416708081801e-01	   5.4919664363331999e-01	   5.7424298907169047e-01	   4.7792161179144810e-01	   2.5570476877567538e-01	   4.5689775001655419e-01	   7.8219077343108701e-01	   4.0577891754611156e-01	   5.1835510689670361e-01	   2.9931696698873400e-01	   0.0000000000000000e+00	   3.3063882403953071e-01	   7.9888511161670117e-01	   5.1729062081772925e-01	   6.6381234330998029e-01	   4.8003216027102930e-01	   5.6070772072572161e-01	   8.1127444706588514e-01	   7.7797463292737545e-01	  -1.6445432157117204e-01	  -1.3272013251970782e-01	   4.2177403381174544e-01	   5.4324700362294287e-01	   4.0629489929745376e-02	   5.7105717663444876e-02	   1.3046919721199904e-01	   1.1172377575986350e-01	   6.3256752817932738e-01	   7.2375419108537353e-01	   1.1203106807228147e-01	   2.7818330563290061e-01	   5.5520018068119470e-01	   6.1063607082279869e-01	   5.9724314924200113e-02	   7.2379874442932576e-02	  -4.8818696976770402e-02	  -1.6085800523293506e-01	   8.5166394571647749e-02	  -1.0340977743378038e-01	   7.7520144523422790e-02	  -7.9988456193411002e-03	   3.4712642003722333e-01	   3.5368498507852564e-01	   4.4752450906100011e-01	   4.4018014045950571e-01	   3.3955141950807316e-01	   3.1063420045541607e-01	   5.0634166877349363e-01	   4.1411362110307953e-01	   4.3171734672338730e-01	   2.4303660394054863e-01	   2.6187247997621438e-01	   5.5903430593935222e-01	   2.6222012541906670e-01	   3.2586014366424948e-01	   4.6559824284219020e-01	   4.9829379202914209e-01	   5.6159430963158252e-01	   5.0777805773803297e-01	   7.6779629384186110e-01	   4.8101955580595279e-01	   6.5983090910774245e-01	   7.0519096724579633e-01	   2.4121534143538195e-01	   1.2753555482742368e-01	   2.3046629677029618e-01	   3.4105033653923778e-01	   4.6576301346714000e-01	   4.5715673065396373e-01	   2.6300536795523516e-01	   2.8343809032823425e-01	   3.9735751238224193e-01	   6.2733899553305139e-01	   1.7916140175505268e-01	   7.1628221593314834e-01	   3.6435507432362796e-01	   2.9275187334549696e-01	   2.1981962798958510e-01	   4.0702302860034012e-01	   4.2057406425538790e-01	   3.2257621293348859e-01	   4.4680147112182722e-01	   3.6480392444998477e-01	   5.3299188013581833e-01	   2.6515163747830423e-01	   2.3945730408176505e-01	   2.7729051682685890e-01	   2.9708047327852577e-01	   4.5405067380295655e-01	   3.9679451935934051e-01	   4.1098420653743400e-01	   4.3926632307105185e-01	   4.4182691393391571e-01	   2.6269434722463691e-01	   2.0316428920595911e-01	   2.3875027612978456e-01	   2.1288384781325237e-01	   5.4215591265652618e-01	   6.3619620243780040e-01	   4.9588480886150954e-01	   4.8970145533161602e-01	   4.8635895020553599e-01	   4.8159079981120845e-01	   3.1834058301820739e-01	   1.7772689633012434e-01	   4.2580954332197929e-01	   1.3056204978502289e-01	   2.7074902188485511e-01	   2.3617978008579407e-01	   2.0215728958033485e-01	   3.6802968456453916e-01	   3.6198178644431206e-01	   4.7437098949782658e-01	   2.5749602931531984e-01	   1.3955473932148210e-01	
   7.8120603214658613e-01	   2.2513250889661990e-01	   6.4704706711592952e-01	   5.4125845675909301e-01	   8.3735546849414288e-01	   6.1209774946409767e-01	   1.0422126760446517e+00	   5.6230290737295885e-01	   1.0633285080710289e+00	   5.5400794610396797e-01	   1.1206746495225599e+00	   3.3063882403953071e-01	   0.0000000000000000e+00	   6.1045484474481193e-01	   9.0662647825806553e-01	   6.0000617077281149e-01	   4.8943759342926796e-01	  -1.9421407347012304e-01	   6.0810878730825679e-01	   5.6582760122346076e-01	   2.2473775035059385e-01	   3.2894629460878227e-01	   5.5546520195680626e-01	   4.5512934898348301e-01	   4.0809439189409424e-01	   4.1694801391982650e-01	   3.2661806248980280e-01	   2.8838760528135482e-01	   6.5750366624596990e-01	   2.2576453459206616e-01	   4.6768312649452193e-01	   5.4002954344822229e-01	   7.7834611268046161e-01	   7.6974333927490757e-01	   3.8013597614799488e-01	   5.0908308991308249e-01	   2.3167501339242880e-01	   3.0506906853900728e-01	   5.6229087322038407e-01	   2.9373508232915557e-01	   4.8617662292183161e-01	   2.2347521667520054e-01	   6.0331483983793976e-01	   4.6369000908828839e-01	   5.2653829009037822e-01	   6.0108950847274056e-01	   4.9591947806173103e-01	   4.3817939815785495e-01	   6.1044652349606709e-01	   6.5984474492168610e-01	   7.4103002636418669e-01	   9.7814751785248666e-01	   8.0701230348091735e-01	   7.8374374959687876e-01	   5.5267981401438404e-01	   7.0418035919415567e-01	   3.5361788578854514e-01	   2.1523401319321669e-01	   7.9080336281276475e-01	   7.8946662057658346e-01	   3.3316733454504965e-01	   5.8602636527422691e-01	   1.4828278645484511e-01	   6.8049255545819143e-01	   1.8941248682718384e-01	   5.9960881014859657e-01	   6.1177836196166169e-01	   6.0389542412493935e-01	   4.5192089969545346e-01	   3.3488505691062481e-01	   5.4769178773934024e-01	   6.1976214381411454e-01	   5.7381927313626835e-01	   6.0250193409219488e-01	   6.1492298116794886e-01	   3.3066105849742627e-01	   7.4167870654861168e-01	   2.9841348782562610e-01	   4.3989763698930046e-01	  -4.5012699616864479e-02	   5.5279816850055630e-01	   3.2724277815493780e-01	   6.0009271012609411e-01	   4.9535115568325921e-01	   6.1054579981783608e-01	   7.2508018441899480e-01	   4.3457726519788775e-01	   2.7298569082641044e-01	   8.3503294947392581e-01	   9.0754785231384416e-01	   4.7336659814624371e-01	   3.6170075653814066e-01	   4.1631781712298960e-01	   5.6915838959233112e-01	  -1.7064815098225061e-01	  -5.3217443466096179e-02	   9.4431216841361992e-02	   8.2110336973967399e-02	   6.1632330774448973e-01	   4.1901294208207124e-01	   4.2693586739461203e-01	   6.9102032284194581e-01	   5.2910608143955629e-01	   4.3883487178295605e-01	   3.1560194712955159e-01	   1.3470751133082964e-01	   3.8364695818733363e-01	   1.7396467324026063e-01	  -8.1534633126106287e-02	  -2.2560002895255465e-01	  -6.7356445998104447e-02	   3.8606077650831622e-01	   3.5444380694961669e-01	   1.8890898161378686e-01	   2.5648097506614054e-01	  -2.2286982994615750e-01	
