   0.0000000000000000e+00	   6.9790781414024150e-01	   3.2707298344694047e-01	   1.5363194649285036e-01	   1.1352239649725235e-02	   5.5839695624275432e-02	   2.4239908042576325e-01	   8.7107005930072395e-02	   2.5617672124460159e-02	   2.6100978258031610e-02	   3.8606598185765018e-01	   4.0931175201469128e-01	   4.2756901342019260e-01	   3.8695906747629827e-01	   1.8406232322324786e-01	   6.5179024256080687e-02	   6.0698846761740255e-01	   5.2388869859784315e-01	   7.6963098487811599e-01	   6.1885568927524726e-01	   2.4436981485601023e-01	   2.6360459734474767e-01	   2.5828954179151475e-01	   1.1019765395280318e-01	   3.0132116716850227e-01	   1.4620613891434522e-01	   3.0684302462569285e-01	   9.1068896555047366e-02	   3.0564660703056401e-01	   3.1006527487896529e-01	   1.4635972233456152e-01	   1.6043360484559999e-02	   6.6673761007509957e-01	   5.0957996664107574e-01	   2.9138167376593094e-01	   2.7805378000715847e-01	   2.2474662421387742e-01	   3.8385308812687757e-02	   2.5508325528751563e-01	   3.2437682320088695e-01	   2.8557910095262079e-01	   2.9965454092362159e-01	   1.8636826324411915e-01	   2.5192610597020604e-01	   3.3198296025374902e-01	   3.5451133545098296e-01	   2.3815708845425099e-01	   3.6025843368506211e-01	   2.2007732974163624e-01	   1.9967175525723124e-01	   1.8351478638094007e-01	   1.1029435196739740e-01	   2.8406473284275363e-01	   2.5774755030250796e-01	   4.5709415465121406e-01	   4.0295736754550981e-01	   1.1375665193493614e+00	   8.5704279982873388e-01	   6.4862025560906356e-01	   3.8046199947920523e-01	   7.8902505536089595e-01	   3.1473405096451418e-01	   6.5642683053139605e-01	   5.5723092836983790e-01	   1.4152806373892074e-01	   1.5887645886891413e-01	   4.2260395175932913e-01	   3.5390402678528582e-01	   5.8131271241232241e-01	   5.2346073278535388e-01	  -2.6857764493789470e-02	   1.0156808774163573e-01	   5.0202532850224424e-01	   3.8690817368348634e-01	   4.0238875823459802e-01	   4.6818461981805087e-01	   2.7246477504336197e-01	   2.4217808655489104e-01	   5.2290025726726086e-01	   4.8259479022400997e-01	   5.2570453525205862e-01	   6.1010800668673548e-01	   3.3599354140670584e-01	   4.2669274857516482e-01	   4.1857902554461579e-01	   3.3642470140507025e-01	   3.6358317588076483e-01	   7.3417441457520299e-02	   4.0308977107440047e-01	   4.6666349654034089e-01	   4.3358398381615088e-01	   2.9342621610833142e-01	   2.8055020541886511e-01	   3.7270344176270359e-01	   1.6875473838633272e-02	   6.9061572506733671e-02	   2.7190621513242055e-02	   7.2327877760982720e-02	   5.0568180176844080e-01	   4.0620272111715994e-01	   4.1122824102361610e-01	   5.7761366503059053e-01	   3.5878191343776217e-01	   5.3877739683045234e-01	  -5.2890485469014661e-02	  -6.8175005885650931e-03	   9.6750752347367699e-02	   1.5657273437378172e-01	   6.8495636594415960e-02	   6.0640312652582781e-02	   1.3660278077810736e-01	   3.6306392637975660e-01	   1.8991012159527307e-01	   2.1235332232585619e-01	   3.8893531750903106e-02	   1.7407466610460975e-01	
   6.9790781414024150e-01	   0.0000000000000000e+00	   7.6660709515951192e-02	   4.3906079506766860e-01	  -4.3503414537325986e-02	   1.2696459092824744e-01	  -5.4807391672933997e-02	   1.9806399853472118e-01	   3.5601023399405969e-02	   4.5354910170641929e-02	   1.7170960450108735e-01	   7.0984204859855959e-01	   1.4471636056851045e-01	   5.7106638549580824e-01	   2.1146998618128515e-01	   2.6536621906737878e-01	   4.9048268336249928e-01	   8.9999987649136837e-01	   9.7887234222857855e-01	   1.3996023313141905e+00	   3.7055353762791754e-01	   5.2080600497918073e-01	   3.0931994917154987e-01	   3.0881898322152790e-01	   2.6910771965009705e-01	   1.9566577843330210e-01	   2.7188118954984486e-01	   8.7286265111536213e-02	   4.0954894879781278e-01	   6.8825737081858840e-01	   1.1141478945772018e-01	   1.4296347725095315e-01	   8.7354492706315612e-01	   9.5617100384340636e-01	   3.2694556498857075e-01	   4.2862792351986634e-01	   2.2275103784317069e-01	   1.6963523098677508e-01	   2.9083380110400509e-01	   4.5919559799413745e-01	   3.7236984184989586e-01	   5.6433201587232906e-01	   2.2447398419776521e-01	   2.8350356322934567e-01	   4.2391638135538962e-01	   5.1983172125792954e-01	   2.7347221835083446e-01	   3.6689878119619451e-01	   1.8525703582389094e-01	   2.6149735283644504e-01	   1.0613621503950667e-01	   1.0031993039072926e-01	   2.2214885535753520e-01	   1.7244239807829462e-01	   4.9824643620437620e-01	   3.5941448582376201e-01	   6.9398617315387745e-01	   1.2745351640290485e+00	   6.3039023175474984e-01	   7.0527669216037037e-01	   1.9378881781289195e-01	   4.5245874776287498e-01	   7.3870239233652502e-01	   9.1904131588463922e-01	  -6.6207965433569882e-02	   1.4405439390899497e-01	   3.6332675449184643e-01	   4.6857109282099840e-01	   6.7274595026431760e-01	   5.2946197315984611e-01	  -9.8871730866976440e-02	   3.4860463594261676e-02	   6.3924643860737895e-01	   7.4489996290775473e-01	   4.0432883477885168e-01	   7.6136017339349138e-01	   2.9714946351962213e-01	   4.3609123341538292e-01	   4.5681195387576601e-01	   6.3239166048954432e-01	   5.4993044693992854e-01	   5.9330015492402377e-01	   5.2838659768552176e-01	   6.2525727037460199e-01	   3.4329194402249519e-01	   4.3844203902215967e-01	   4.2117987541251156e-01	   1.1551742743637285e-01	   2.7538885533442725e-01	   4.5132698428068163e-01	   4.3298006757142382e-01	  -4.0336655636654083e-02	   3.8773284002394587e-01	   2.9253654546071470e-02	   1.0454059144318757e-01	   1.5386992926170662e-01	   1.7903522831590254e-01	   8.3928340964992978e-02	   5.6868870195959331e-01	   2.2980413068348174e-01	   5.4552878135798388e-01	   1.5863363204064332e-01	   6.2878425237316704e-01	   2.3550013016533217e-01	   1.2250268181104507e-01	   7.4348273280062729e-02	   4.3858248352582084e-02	   3.2499063131396833e-02	   2.3382278587037045e-01	   1.2036638680013594e-01	   1.6148886281181707e-01	   3.1809782280781607e-01	   3.4248401595889613e-02	   4.2944635464766172e-02	   7.6276356489323210e-02	   2.0415180897962579e-01	
   3.2707298344694047e-01	   7.6660709515951192e-02	   0.0000000000000000e+00	   6.0606693553988045e-01	   2.8268041565603275e-01	   3.4782719602009865e-01	   8.3962214852288641e-01	   2.3964363632432428e-01	   1.9350742540036606e-01	   1.6013697537813842e-01	   1.9047209448494246e-01	   6.1052998325064452e-02	   1.5763159411606159e-01	   7.4308459410188418e-02	   2.6193863338177692e-01	   3.3097050673217610e-01	   4.0231466451304022e-02	  -6.6573757737106526e-02	   2.3998565874984457e-01	   1.3904830187616948e-01	   7.4042271349728336e-02	   2.2125412702573677e-01	   9.2001945981488553e-01	   7.0846138468202347e-01	   5.5366666836045719e-01	   5.0514631468803439e-01	   6.2033739350507999e-01	   5.9050407599649912e-01	  -1.1927877203903436e-01	  -9.7972512011183149e-02	   4.6806137741211185e-01	   3.7052298445727061e-01	   2.5775891353925351e-01	   2.0876478734296733e-01	   5.1841125059295834e-01	   2.6920624268151128e-01	   5.4543078534710895e-02	   3.9673104998922716e-02	   2.0976305014839591e-01	   2.6421520905494983e-01	  -5.7335977128045633e-02	  -2.8964031283539478e-02	   3.5830078801044007e-01	   3.6801069544679493e-01	   3.4515932892162732e-01	   3.2665056673415893e-01	   3.8910563742692128e-01	   3.7092833934969716e-01	   3.7736664185645785e-01	   3.4559048151231508e-01	   6.2486313203424115e-01	   3.0821726492723100e-01	   3.5559930572970788e-01	   4.1563345476351204e-01	   2.6956452286648869e-01	   3.7356324748368103e-01	   2.2729360749572169e-01	   3.6512745843527691e-02	   1.7528752065383227e-01	  -7.5066468245189547e-02	   1.8213289670554922e-01	  -9.2263683478037255e-03	  -2.7548033713979164e-02	  -1.1488101723033307e-01	   6.7082372266243706e-01	   5.0828620242496980e-01	   5.2457469992077610e-01	   3.1215781743303489e-01	   4.4577300850374785e-01	   2.2828796500705584e-01	   2.7262521755457059e-01	   2.7388235761538593e-01	   1.8572368236911524e-01	   1.0698414852093738e-01	   2.0792642931680641e-01	   2.3052765796154603e-01	   2.5080843908289546e-01	   7.2838930539770988e-02	   7.9427213884929737e-02	   7.6831638426665891e-02	   8.5895477445801088e-02	   1.9013979456426877e-01	   1.1591184302310170e-01	   2.2540962748422580e-01	   4.6879369896399581e-01	   5.1483579893188813e-01	   2.1796115579396971e-01	   2.8175072592192452e-01	   1.6911713488407867e-01	   1.7748850722723902e-01	   3.6264109787005011e-01	   4.7483732126977751e-01	   3.4283034793787232e-01	   6.0352844881540468e-01	  -2.3359552875128239e-02	   2.0562963695762027e-01	   5.7526869539642242e-02	   3.2194226902918743e-01	   2.6295872716337648e-01	   4.1948329676788720e-01	   1.4488978292310942e-01	   3.1884853305473509e-01	   9.1290333273503707e-03	   2.0028469789536038e-01	  -6.6656665923655212e-02	   1.6171694034144807e-01	   1.2855924872850602e-01	   2.1429053451772553e-01	   6.7895833738588388e-02	   2.0629805585112584e-02	   2.0395073194061089e-01	   2.7074957945402939e-01	   2.3054717586593218e-01	   2.9230197509280820e-01	   2.3345797165264537e-01	  -1.7066546847849987e-01	
   1.5363194649285036e-01	   4.3906079506766860e-01	   6.0606693553988045e-01	   0.0000000000000000e+00	   1.9905234211790787e-01	   5.7750087217205848e-01	   3.2828818327053028e-01	   8.7702414065279855e-01	   2.3730965441916824e-01	   4.4571444025346268e-01	   9.7594110986832058e-02	   4.9593761973482353e-01	  -3.6762089797694907e-04	   4.7141608294161197e-01	   3.1514764323184818e-01	   6.4519743195588897e-01	   1.7422308890542423e-01	   2.2370020204879990e-01	   3.6759394002253148e-01	   5.0501622750821340e-01	   2.7274404016522347e-01	   3.6929486993663702e-01	   6.4483617332439780e-01	   1.1059057098864762e+00	   1.7775290511503786e-01	   4.0336746647467209e-01	   4.5441616988986527e-01	   4.7511103327459220e-01	   1.8626649137215942e-01	   3.4920118755326951e-01	   3.3926819468260061e-01	   5.3865091036722001e-01	   3.5739624536540848e-01	   4.8314993793638605e-01	   1.7836901443667832e-01	   1.6736035530792553e-01	   1.4602932956452025e-01	   1.8993168371836677e-01	   2.8557150519511537e-01	   4.4322678660715276e-01	   2.6682594505808033e-01	   2.6297133928012317e-01	   3.9913924328448969e-01	   3.9337837283443883e-01	   3.5789555530758232e-01	   3.9378744887098471e-01	   3.5108302723668622e-01	   3.4228634707730299e-01	   2.6426685506933012e-01	   2.9212467921006446e-01	   3.8715088125787039e-01	   3.0814233791024898e-01	   3.1495680633282347e-01	   2.7230280274467167e-01	   3.7591210649808027e-01	   3.3583355165735412e-01	   2.5178688912949143e-01	   2.8441115493705615e-01	   2.0479041483149046e-01	   2.2208693052214218e-01	  -4.1516094278284177e-02	   4.3519654798903618e-01	   1.6424317168697664e-01	   3.0386432565454019e-01	   1.6821401372719041e-01	   5.7809757603844592e-01	   3.4819222347711493e-01	   4.7053707604491979e-01	   4.3392348147965798e-01	   2.6899965791712055e-01	   1.7315655090781173e-01	   3.4092592427886653e-01	   3.5596573674450821e-01	   3.3044131700799878e-01	   2.3963986339284710e-01	   3.8850047094228235e-01	   1.8659933645011276e-01	   1.7919550180683819e-01	   2.7621737790388345e-01	   3.0272905429689351e-01	   3.6021939429291611e-01	   2.5804246018255406e-01	   2.9461031709250790e-01	   4.3706351671648680e-01	   4.4096035215083412e-01	   7.0802528792028818e-01	   2.6794811263481544e-01	   3.0129399728687323e-01	   2.2246719432159368e-01	   4.0736856185169684e-01	   5.6955657653711078e-01	   5.8515992328143931e-02	   7.0542111371571170e-01	   2.6087320076744613e-01	   2.3158026251686517e-02	   3.0553718972193888e-01	   9.0157725241350253e-02	   2.0715021085536930e-01	   4.3060947302673058e-01	   2.2205878008245358e-01	   6.5693947888507220e-01	   1.4105119482953757e-01	   4.3119182560652719e-01	   2.5128696605295275e-01	   1.0380647495050384e-01	   5.8641175974318414e-02	   1.7374194115169547e-01	   1.6971813411284811e-01	   1.7278246955725349e-01	  -2.6578871099650115e-02	   6.8694712987579371e-02	   2.4872822007883774e-01	   1.1845110537893749e-01	   1.9842853945499120e-01	   1.3416680461045741e-01	   2.3172259154175701e-02	
   1.1352239649725235e-02	  -4.3503414537325986e-02	   2.8268041565603275e-01	   1.9905234211790787e-01	   0.0000000000000000e+00	   9.4435425789502514e-01	   6.5206894999128984e-01	   3.5709848297385788e-01	   1.0784009103477743e+00	   6.6926679419523649e-01	   2.1711997390998961e-01	   1.4097901831377355e-01	   5.1125900864741292e-01	   3.6976708868733937e-01	   8.3542311729082530e-01	   6.0626050700525103e-01	  -5.2414911081171654e-02	  -1.4040987646920855e-01	   2.7159622882835150e-02	  -2.0548373623754862e-02	   4.5717164052621656e-01	   2.3480175644347284e-01	   3.7381543689129160e-01	   2.5855317971527420e-01	   4.4057144210562821e-01	   5.0008584388148047e-01	   5.8131268511576473e-01	   3.7729371769349834e-01	   3.7609030967863799e-01	   2.7677244552684765e-01	   6.5397358262099847e-01	   5.7885709810249031e-01	   5.4016510389078808e-02	   9.4376170891962749e-02	  -9.7730520400937770e-02	  -7.5619591178565468e-02	   4.1557767719372285e-03	   7.4173242550864660e-02	   8.4416293294684128e-02	   3.4989573777859995e-02	   2.4933853412042031e-01	   3.4175282298289150e-01	   6.3124400620174537e-01	   5.8555616217060946e-01	   3.7863621844619044e-01	   4.2333477495425209e-01	   3.4783486117783918e-01	   3.8537672926455757e-01	   4.8355031416859462e-01	   4.1613685534023492e-01	   6.5229400886100386e-01	   5.9087221466342055e-01	   5.4848463594311503e-01	   5.3936475711035392e-01	   2.9459179566428645e-01	   3.4726663999793195e-01	  -8.6683634474244611e-02	  -4.0254905084646721e-02	   2.5519720596029000e-01	   1.9441516193672692e-01	   2.3970832637148454e-01	   1.5354813151077354e-01	  -1.9396471858944560e-02	   6.5484555097974323e-02	   6.1250803249379947e-02	   6.7251371976195212e-02	   2.8360041840373063e-01	   2.9802741498258400e-01	  -1.0894853421476652e-01	   1.8320117750773976e-03	   4.3724821567283412e-01	   3.3547289106783285e-01	   2.9901398806287455e-01	   2.5913589912351298e-01	   7.7840286923089544e-02	   3.4095440451447079e-02	  -1.8348351718922065e-01	  -3.2931177686156382e-01	  -3.0182065425668984e-02	  -1.2012835657005468e-01	  -4.7707078345547660e-02	  -6.9645257223586998e-02	   4.1075646401711285e-01	   3.8282863253295302e-01	   2.9450982912699430e-01	   2.4738666879156287e-01	   2.2281553280715760e-01	   3.8063153496617680e-01	   3.1089387844532368e-01	   2.3931365318350220e-01	   2.7805873728137853e-01	   2.6373917262117991e-01	   1.3101842778210507e-03	   1.3729480751277381e-01	  -9.3042079390848936e-02	  -1.4138701522428879e-01	  -1.4525150578030527e-01	  -4.3939634655141883e-02	   3.3122531104818853e-01	   3.3595635198349522e-01	   2.1056711934782762e-01	   2.1066003949287695e-01	   6.6008284121165051e-02	   2.2868003308523072e-01	  -1.2630318109663190e-02	   1.4531548110920322e-03	  -2.8684354418588232e-01	   3.3521212936158472e-02	  -2.6766919905357411e-02	  -2.9208726130714618e-01	  -7.5951160970111384e-02	   2.5634536060527430e-01	   3.5470622995864037e-01	   1.6397825000704536e-01	  -8.5597839983525895e-02	   1.1828075202615928e-02	
   5.5839695624275432e-02	   1.2696459092824744e-01	   3.4782719602009865e-01	   5.7750087217205848e-01	   9.4435425789502514e-01	   0.0000000000000000e+00	   5.9594909674305496e-01	   6.3256879586049308e-01	   9.1964477014333146e-01	   9.0253589045549398e-01	   3.3010594027179957e-01	   4.5392066618332455e-01	   4.3487642971154750e-01	   5.7404255293482997e-01	   7.8401425276827696e-01	   9.6466961854622202e-01	   3.2334173808019853e-02	  -3.4932432843442753e-02	   1.7275366553242205e-01	   1.7887962857617240e-01	   4.9890447654378278e-01	   3.9643628116582408e-01	   4.9154842497995832e-01	   5.7325590550295302e-01	   3.2199408947198493e-01	   4.8571580736016079e-01	   5.7126144399855694e-01	   5.7880732258248369e-01	   4.0770767523870499e-01	   4.5185519156240606e-01	   5.6332665971559015e-01	   6.2069225411508755e-01	   9.2157806098382020e-02	   1.7601028415829531e-01	  -1.7537899579759231e-01	  -1.6573879680704695e-01	  -7.9432013226519549e-02	   3.6684742394697545e-03	   6.1455388918374522e-02	   1.8027870897533918e-01	   2.4571528140450830e-01	   4.3037912481432072e-01	   6.6221525840880091e-01	   6.8226159262715047e-01	   5.1016132951229443e-01	   5.4388123275724698e-01	   4.1865953938763567e-01	   4.7790098113848900e-01	   6.2417107595751786e-01	   5.6613091000807358e-01	   8.1370940644330192e-01	   7.5752052443858608e-01	   6.8849856295531631e-01	   7.0117893054245584e-01	   4.1861966237222420e-01	   4.2305574573423665e-01	  -2.8364355332632964e-02	   4.1961780398586286e-02	   3.2097522462046224e-01	   2.8240745174978032e-01	   1.3485133083151638e-01	   3.4028376405723754e-01	   7.5220223315165521e-02	   1.9498785999299997e-01	   8.1868777054763697e-02	   2.8285874836991459e-01	   2.6833881430677420e-01	   3.3599752203526012e-01	   4.3264839127977454e-02	   8.4108430007207302e-02	   3.5665689387675681e-01	   3.5694422081963428e-01	   3.4785270790301165e-01	   4.4372561092428625e-01	   1.6143806107445474e-01	   2.9254330826224273e-01	  -2.4388633440268401e-01	  -2.8885962224148298e-01	   1.0780347715288863e-01	   2.4683641792787874e-03	   1.1851124233110431e-01	   9.1445645648134691e-02	   3.7055394525994828e-01	   4.1625132380807794e-01	   3.4464050643168720e-01	   5.1076329972873613e-01	   1.6103565829540159e-01	   2.6306555198785053e-01	   1.5661746571116442e-01	   2.8611216598386968e-01	   3.1324716135006381e-01	   1.1219511514066501e-01	   1.6398665475609447e-01	   7.2133227793237609e-02	  -6.9110132081458220e-02	  -4.2957532817259059e-03	  -7.8936023177185247e-02	   1.8564764591475025e-03	   3.8607197712763369e-01	   2.9103309960759832e-01	   4.0107661952458951e-01	   1.1471291545429077e-01	   2.2254983786614360e-01	   1.8177499492564719e-01	   6.3223170918355928e-02	  -2.5936685195931974e-03	  -5.5086823172035240e-02	   4.9950866275862441e-02	   4.9530339392747598e-02	  -1.6803881854187191e-01	  -7.3976215555204547e-02	   2.3472183341287939e-01	   2.4287692687594750e-01	   2.2855931679780517e-01	  -9.0937161291970117e-02	   2.2375834465498060e-01	
   2.4239908042576325e-01	  -5.4807391672933997e-02	   8.3962214852288641e-01	   3.2828818327053028e-01	   6.5206894999128984e-01	   5.9594909674305496e-01	   0.0000000000000000e+00	   4.7399256338493911e-01	   6.9868943269891759e-01	   5.2001893846460856e-01	   3.8878658944733790e-01	   1.1355265254026443e-01	   5.7921016422332161e-01	   2.2364532556192612e-01	   5.0279090387393610e-01	   4.1644275732320352e-01	  -1.4728006761724996e-01	  -2.9176816178194698e-01	   2.1643581879848037e-01	   4.2840062798189256e-02	   1.3200976917862647e-01	   1.1130393781833162e-01	   4.4167544244242618e-01	   2.9786571730537176e-01	   2.6226978214980601e-01	   2.4705854964002172e-01	   3.6127019905856467e-01	   2.9042523192096209e-01	   3.3387734147149177e-02	  -3.3790931942855880e-02	   3.9191639277176749e-01	   2.6273455247642674e-01	   1.0370999825921319e-01	   6.2084167002704992e-02	   1.1088991064895390e-01	  -2.8083683886507608e-03	  -1.4541174795402578e-01	  -1.4572765555392886e-01	  -1.1924442679575214e-02	   7.0743960649209098e-02	   2.6554553059013324e-02	   3.4602145830413412e-02	   4.6085163921602401e-01	   4.5869688397675368e-01	   3.2539475994162476e-01	   3.1981819982565995e-01	   3.9786086584609759e-01	   3.7535194638456287e-01	   5.0999901324841024e-01	   4.2601940210945988e-01	   6.5225714714830363e-01	   4.4410007533281814e-01	   4.1368520042665102e-01	   5.5038919529535557e-01	   2.5870450650662036e-01	   2.8989070670539646e-01	  -6.9943116523809093e-02	  -1.5566164673685062e-01	   2.4527375550032543e-01	   1.7492147605383986e-02	   4.6542850191981761e-01	   1.5676721146699721e-01	  -9.3413524574863196e-02	  -8.0258484979583308e-02	   3.8688493802753021e-01	   1.7877125317818046e-01	   3.9474065006419223e-01	   2.0006267059928670e-01	   1.0398665537106461e-01	   2.8011065780336204e-02	   3.4510715683801690e-01	   3.0321083787225467e-01	   2.6784112398878956e-01	   1.2049192884183221e-01	   1.7659663241390380e-01	   1.7128915991355259e-01	   2.3745078544137883e-02	  -1.1009346750991765e-01	  -1.5251375345453486e-01	  -1.5898852926339108e-01	  -4.2198913379464992e-02	  -1.1988767771158530e-02	   1.4230165726860022e-01	   2.3904178422274247e-01	   3.4333874964147887e-01	   3.0466710986418760e-01	   1.3948976301954785e-01	   2.2550917343333879e-01	   1.5070131774459339e-01	   1.4487064125431048e-01	   3.0183879060480578e-01	   4.1938914582591375e-01	   1.2637634904122419e-01	   3.7667132546404336e-01	  -1.0849547912466502e-01	  -8.8317023829244778e-02	  -5.1718430225909946e-02	   8.7505216488743251e-02	   3.0714331626782077e-01	   3.0259408614079553e-01	   1.3276076321439681e-01	   2.9696449952408799e-01	  -1.0366242704661138e-01	   7.4782568480304679e-02	  -1.7813083852881315e-01	  -1.1758081135300198e-01	  -6.0460888204315638e-02	   1.5587993647161555e-01	  -8.2897232245526531e-02	  -8.5814851149702748e-02	   6.5348900910276453e-02	   2.2904920647399829e-01	   1.6526130909365028e-01	   1.1351502647914773e-01	  -5.0021399894690267e-02	  -2.6451053828238036e-01	
   8.7107005930072395e-02	   1.9806399853472118e-01	   2.3964363632432428e-01	   8.7702414065279855e-01	   3.5709848297385788e-01	   6.3256879586049308e-01	   4.7399256338493911e-01	   0.0000000000000000e+00	   5.5945264614456391e-01	   1.0073658542838877e+00	   2.3634116585329606e-01	   4.6958797233675642e-01	   3.4214676766582652e-01	   7.3189367094431013e-01	   4.1469807847309981e-01	   6.4959462038338833e-01	  -5.8794232574439852e-02	  -3.1264315124306011e-02	   2.3363154813674059e-01	   2.8103160280856254e-01	   1.3740110876707751e-01	   7.8142781211646764e-02	   2.4941840889957440e-01	   5.1873274094464628e-01	  -7.8487335721882476e-02	   1.3391551657457418e-01	   1.9781204684426940e-01	   1.8991878759922343e-01	   1.9419180502279026e-01	   3.2515162853888463e-01	   1.3261819220073001e-01	   2.7309178193779687e-01	   1.2184375738372892e-01	   2.4221354086531130e-01	  -1.1291652226440556e-01	  -3.8740378661130608e-02	  -9.9574703752862370e-02	  -9.0928206913606848e-05	  -5.4689830746430922e-03	   2.1457382408322354e-01	   2.8692122050388208e-01	   2.3486904262650093e-01	   3.5782769449149415e-01	   3.6225199545622755e-01	   3.2694846590472310e-01	   3.5791492097223915e-01	   2.7051658987279725e-01	   2.6705190391271633e-01	   3.4194487569113369e-01	   4.0996765739172986e-01	   4.0397927238679920e-01	   3.7659536129521265e-01	   3.7764985334378592e-01	   3.7217308334381688e-01	   2.7069787464287104e-01	   2.5070331500070558e-01	  -1.4788989268430461e-03	   3.9424841859358406e-02	   2.8545528988493202e-01	   3.3009173482264803e-01	   2.0907863739752128e-01	   9.0874134697145292e-01	  -3.7619539385818773e-02	   2.5993507936505372e-01	   6.3721192347814010e-02	   4.4850171661831240e-01	   1.6390079483964959e-01	   2.8603227160457856e-01	   1.3660798017921702e-01	   6.1647177114783576e-02	   3.7606763088838951e-02	   1.5311222957957055e-01	   2.4960797929598402e-01	   2.4413260481091723e-01	   9.1304270995896622e-02	   1.9170926868520932e-01	  -1.1487461541464913e-01	   2.8643771402229370e-02	   4.3136945561511361e-02	   1.3486479850741660e-02	   1.2388939199982309e-01	   1.4958954446839225e-02	   1.8274153335389293e-01	   2.6840855345538794e-01	   2.9708606362505735e-01	   4.7332396036770785e-01	   1.3438495649326751e-01	   1.5664152937586828e-01	   2.4988810075699677e-01	   4.0855212815643716e-01	   4.3089901406924769e-01	  -4.9198281895177484e-02	   5.2762924523957366e-01	   5.6391938706239750e-02	  -9.4059771143409493e-02	   8.6828259297097211e-05	  -1.0393711638454674e-01	  -3.0244978085045317e-02	   3.6882312261373495e-01	   1.0970402505731351e-01	   6.2824864290458660e-01	   1.3076113102124443e-01	   2.3816780978665497e-01	   1.6148374929419579e-01	  -1.5410736387439358e-01	  -2.9740527237390407e-01	   2.0543135928345656e-03	   8.5543519997355433e-02	   3.6262374993755508e-02	  -2.9982887923825627e-02	  -4.2731537212788120e-02	   1.5560302545820001e-01	   1.1066788025805369e-01	   5.9808462873761563e-02	  -1.9514722587984801e-01	  -2.4266143975869878e-02	
   2.5617672124460159e-02	   3.5601023399405969e-02	   1.9350742540036606e-01	   2.3730965441916824e-01	   1.0784009103477743e+00	   9.1964477014333146e-01	   6.9868943269891759e-01	   5.5945264614456391e-01	   0.0000000000000000e+00	   1.1150149243147047e+00	   4.0161408227719991e-01	   3.2822068276358940e-01	   7.4317816963488414e-01	   5.9375397101850469e-01	   8.9916961155310648e-01	   6.2844009974537163e-01	  -2.8771317638902082e-02	  -6.7604959205360485e-02	   1.5365900633352514e-01	   1.2610806021607390e-01	   3.3318046960530912e-01	   1.0577363043187889e-01	   3.1530523668444377e-01	   2.4687557465290172e-01	   1.7886312502725502e-01	   2.8153017310536776e-01	   3.0807526537381152e-01	   1.4234251663530675e-01	   4.0791179796652788e-01	   3.2467582908282772e-01	   3.8798095807531430e-01	   4.0150799202365506e-01	   8.0845620511161079e-02	   1.3475346381944725e-01	  -1.8499628494328219e-01	  -9.9232543668916387e-02	  -1.5398767259667190e-01	  -1.1177906346037424e-01	  -1.1126406204790880e-01	  -8.8893151445540806e-03	   1.6836536891632309e-01	   2.8940905446779364e-01	   5.6282681985529193e-01	   5.3526584972602353e-01	   4.0276073356678899e-01	   4.3679818471203369e-01	   3.0265194572296111e-01	   3.5053296358124914e-01	   4.6667639328690014e-01	   4.2783850428195691e-01	   5.8620335608921648e-01	   5.0246924110157287e-01	   4.6335537403656352e-01	   5.1025718694407873e-01	   2.3381167829672414e-01	   2.2294968875882809e-01	  -1.2746387203468307e-01	  -4.6984791422593250e-02	   4.2246574075735260e-01	   2.3544869543206681e-01	   3.9601137630447786e-01	   3.7324728553816910e-01	   4.1018471155847933e-02	   1.4161640186129548e-01	   1.0174266693342564e-01	   1.9261414883778183e-01	   2.6576205651348328e-01	   2.4214383006674584e-01	  -3.0828476266305433e-02	   1.3223838752531272e-02	   2.3172400438992352e-01	   1.5923463431132867e-01	   3.2045359304611454e-01	   3.0623385750744342e-01	   9.1466170242991834e-02	   1.4410973262716320e-01	  -1.5844692902099380e-01	  -2.0873319029716444e-01	   6.7710007234752321e-03	  -5.0815344855138354e-02	  -2.2647371599421373e-02	  -4.1504569709069655e-02	   3.5916209789642028e-01	   2.3698922017751722e-01	   2.8312205805310481e-01	   2.8115333550773036e-01	   1.2291829499032689e-01	   1.7058057660406245e-01	   2.9900069905820281e-01	   1.7492907303323921e-01	   2.5074843672381941e-01	   2.0377465998620178e-01	   6.1268288878697091e-02	   1.2264201094783246e-01	  -1.7050180935162379e-01	  -2.3503618827154762e-01	  -2.0191059601647954e-01	  -1.4761602892152928e-01	   3.1730716478197318e-01	   2.2012853175231351e-01	   1.8010136874129534e-01	   2.2796276833552498e-01	   1.5098213887859134e-02	   1.4702437797746964e-01	  -1.4931341956917810e-01	  -1.4865742329565787e-01	  -2.2823808151256716e-01	   7.4816502112433850e-03	  -9.1487366709410191e-03	  -1.3326500910095035e-01	  -4.4894227090596178e-02	   2.3183508094287636e-01	   2.6545817314967446e-01	   5.8600135575963504e-02	  -2.2674097583156766e-01	  -3.3253708945125041e-02	
   2.6100978258031610e-02	   4.5354910170641929e-02	   1.6013697537813842e-01	   4.4571444025346268e-01	   6.6926679419523649e-01	   9.0253589045549398e-01	   5.2001893846460856e-01	   1.0073658542838877e+00	   1.1150149243147047e+00	   0.0000000000000000e+00	   4.0961377024295076e-01	   4.1355866713698886e-01	   6.4743357803192381e-01	   7.5976276549912614e-01	   6.9459238607586504e-01	   7.9804894341684796e-01	   6.4773419666063949e-03	  -3.1418716795116451e-02	   1.4718798218461548e-01	   1.3232809094519651e-01	   1.8692761178386907e-01	   1.2271321740056493e-01	   2.0624555793308030e-01	   3.4380454907587699e-01	   4.3395901095277488e-02	   2.8120120494310924e-01	   3.1196427160432610e-01	   2.5568094158840926e-01	   3.7358554569203845e-01	   3.9102696313041091e-01	   2.2629102279363639e-01	   3.1981285336725640e-01	  -1.9369422151646555e-03	   1.1571404775154846e-01	  -2.4383239120957823e-01	  -1.9148181834322511e-01	  -1.6259103520050544e-01	  -1.2615161747777209e-01	  -1.2850993602850530e-01	   3.7435499161129149e-02	   1.9931551546006937e-01	   2.6812971484809184e-01	   4.3167431549656221e-01	   4.2311507573778434e-01	   4.0373388501114016e-01	   4.0458293092250680e-01	   2.5765056999119806e-01	   2.6569586178278104e-01	   4.1617683556714730e-01	   4.6604622927588552e-01	   5.4065010468643127e-01	   4.5883329183856481e-01	   4.5540215638660719e-01	   4.9550352664190267e-01	   2.2641919998904370e-01	   2.0182908462043414e-01	  -9.9547842281990234e-02	  -5.3120878958289139e-02	   3.5200738675032384e-01	   2.5884792837971415e-01	   2.7895899586221334e-01	   6.4057290878068940e-01	  -3.6821275563414468e-02	   1.6320494570386801e-01	   1.1837044012556160e-01	   4.1342050087331289e-01	   1.1499689022302134e-01	   1.6925005374432855e-01	  -1.1491877509216692e-02	  -2.7258555535891939e-02	   1.0799692611101995e-01	   1.7189768965866992e-01	   3.4670638071024357e-01	   3.2367270997094783e-01	   2.0641984886034809e-01	   1.9910873889751499e-01	  -2.4250855098250662e-01	  -1.7320293695752625e-01	   6.3531598708544482e-02	   1.7206784868308168e-02	   6.1703959263680663e-02	  -6.9435586579769115e-03	   2.2122039793105183e-01	   2.0919541620376769e-01	   2.9161850930423172e-01	   3.8301088185425564e-01	   1.3263600119086966e-01	   1.4326910626321640e-01	   2.8474866331877274e-01	   2.4370018618563047e-01	   2.2080260014831180e-01	   6.4369952944088191e-02	   2.5618652086923394e-01	   4.6085789836120723e-02	  -1.6194739094944827e-01	  -1.4310679480871477e-01	  -2.1382673029061963e-01	  -9.3552738702409627e-02	   2.6882463240996729e-01	   1.1061246833759746e-01	   3.7720080477134138e-01	   1.9002727635083233e-01	   9.6941478088652874e-02	   1.7182686600622676e-01	  -1.6616471645617836e-01	  -2.4256118539486327e-01	  -7.4008592482950303e-02	   6.4961461135884177e-02	   3.5131670947939737e-02	  -6.3878264420997533e-02	  -1.4006163245579140e-01	   1.4067026023855833e-01	   2.1475712712330239e-01	   1.3030682871238999e-01	  -2.4676198562474036e-01	   3.2120866959399051e-02	
   3.8606598185765018e-01	   1.7170960450108735e-01	   1.9047209448494246e-01	   9.7594110986832058e-02	   2.1711997390998961e-01	   3.3010594027179957e-01	   3.8878658944733790e-01	   2.3634116585329606e-01	   4.0161408227719991e-01	   4.0961377024295076e-01	   0.0000000000000000e+00	   6.2348883730333338e-01	   1.0254324523868938e+00	   4.7478313414141404e-01	   6.6825128951835544e-01	   3.9300365296825407e-01	   4.3424378959369525e-01	   2.6240359155160159e-01	   4.3953199565581980e-01	   2.7045450548965350e-01	   2.9704384355241054e-01	   1.6224401173833963e-01	   3.5708963021315854e-01	   2.1969250916515901e-01	   1.8525235469002901e-01	   1.7007391824050910e-01	   2.0236023485955007e-01	  -2.1833974178863121e-02	   5.1344766897781646e-01	   3.8707398094377266e-01	   2.5447274881824289e-01	   2.5396932511182924e-01	   2.4357296084323649e-01	   2.0255568564980028e-01	   9.8495833222655732e-02	  -1.7191000791118745e-03	   1.8790852394527158e-02	  -2.8861199954636740e-01	  -7.7218822817198107e-02	  -1.0280468786650733e-01	   2.2493691498332588e-01	   2.6231069253110745e-01	   1.1278473639251715e-01	   1.3223362947802084e-01	   3.0596072594663387e-01	   2.6849904004820657e-01	   2.7962623179606908e-02	   4.7022507696870684e-02	   1.4337795810421122e-01	   1.6971343265786937e-01	   2.7637445676645378e-01	   5.4449982610080321e-02	   1.4220733824210230e-01	   2.5928712553488786e-01	   1.0440224756645397e-01	   2.6460376121915097e-02	   1.1059493704632195e-01	   1.7962498481352590e-01	   2.9498363106068159e-01	   9.3352494920768164e-02	   4.8000954762473097e-01	   2.8665210649985351e-01	   4.1021856078740143e-01	   3.4315131685890676e-01	   4.4032809875729451e-01	   2.6709950709021091e-01	   7.5907846073514251e-02	   2.5669273796596757e-02	   9.9304700267546481e-02	   8.7413432418984763e-02	   8.3974833440710314e-02	   1.8063359951298780e-01	   3.7079629127609148e-01	   2.6814038840338661e-01	   2.8535209400892048e-01	   2.6761980697895216e-01	  -4.3898831432470829e-02	  -1.7713102220478247e-01	   3.2995864582391704e-01	   2.5700099919381258e-01	   4.5547547773568153e-01	   4.2264513681324312e-01	   3.8889221853702166e-01	   3.3228572108210130e-01	   7.8478384149382130e-01	   4.1037418868423459e-01	   7.7660119810024394e-02	   2.5039334593139367e-02	   3.7586571297719878e-01	   1.2917387311041312e-01	   1.0495981400160015e-01	   1.4438354137858428e-01	   6.0910347380777739e-02	   2.2681008251646539e-01	  -3.3910886884116198e-01	  -2.4159228426873081e-01	  -3.5814351724118509e-01	  -3.1895034875155681e-01	   8.4072610126981737e-02	   3.2450928199307304e-02	   1.5451001543929380e-01	   2.3178708238424986e-01	   8.1252939090107040e-03	   1.3600931154640250e-01	  -3.4276485961361136e-01	  -2.6858842342529182e-01	  -2.6000718903103759e-01	  -1.8211533600675680e-03	  -2.1138893392872812e-01	  -2.2118882953875227e-01	  -3.4622047887008445e-01	  -3.5367421306758996e-02	   9.2311884032555525e-02	   1.3718975902222877e-01	  -2.5448401706643275e-01	   6.9082227136253754e-02	
   4.0931175201469128e-01	   7.0984204859855959e-01	   6.1052998325064452e-02	   4.9593761973482353e-01	   1.4097901831377355e-01	   4.5392066618332455e-01	   1.1355265254026443e-01	   4.6958797233675642e-01	   3.2822068276358940e-01	   4.1355866713698886e-01	   6.2348883730333338e-01	   0.0000000000000000e+00	   4.8885118515805370e-01	   1.1485555332311290e+00	   6.2432668595827212e-01	   7.7996788659635463e-01	   4.9174153634575635e-01	   5.9294330995446443e-01	   5.6609361078313825e-01	   8.8276613692285488e-01	   3.5473405547942094e-01	   3.8609515783605036e-01	   4.6641322626865683e-01	   5.3263104025262753e-01	   1.6886388362409782e-01	   1.6605965214352725e-01	   2.2922471329977456e-01	   2.6182961120015079e-02	   6.5905301068283528e-01	   8.4313076702332623e-01	   2.3508077919496173e-01	   3.3859471512003081e-01	   5.1896459051503463e-01	   5.7098192881607601e-01	   6.5839151447852018e-02	   8.1765010693531898e-02	  -4.8774849759415321e-03	  -2.9665931653142796e-02	   1.9828340417977923e-02	   2.1872712562688193e-01	   4.0807594634272637e-01	   6.4335968965992907e-01	   2.2399328773516802e-01	   2.6506014533203515e-01	   4.1440978518346527e-01	   4.8579990756405650e-01	   9.6099123227179117e-02	   1.9804089948521150e-01	   1.6631822725849471e-01	   2.3323209752495411e-01	   1.9279808459495348e-01	   1.2904736847343901e-01	   1.1284471201552017e-01	   1.8303992608890546e-01	   2.1340118110776815e-01	   1.4470601290353530e-01	   3.5239418334811640e-01	   5.3671665833095239e-01	   4.1789693690182084e-01	   3.7935547818855336e-01	   2.3650052148749662e-01	   5.4119142527087827e-01	   6.6643481116351033e-01	   9.1561225530970813e-01	   4.0134900899727682e-02	   2.6300999822673476e-01	   1.6459357591764598e-01	   2.7202216690452985e-01	   3.5186629403429975e-01	   3.7807049171762347e-01	  -1.3803195202938007e-01	   7.7622643385771711e-02	   4.3642414834910692e-01	   6.6116993962350012e-01	   1.9965112220752085e-01	   5.7640311696739288e-01	  -1.5260181604527379e-02	   9.0846079267250301e-02	   5.2800465782176165e-01	   3.8804221186888987e-01	   6.1367437991842155e-01	   6.4581638183725010e-01	   5.5514743237365083e-01	   7.5269590874595027e-01	   5.4721041821185434e-01	   8.4282159449654237e-01	   2.2037556026936059e-01	   2.5179115732188245e-01	   2.0274998497110577e-01	   3.1588940990394349e-01	   2.9230452744808877e-01	  -1.5376587504223077e-01	   2.4880339926462530e-01	   1.9102641046083342e-02	  -7.1069684101452243e-02	  -3.7357636865674303e-02	  -2.0869365630983175e-01	  -2.3789697035407029e-01	   3.2678748038759026e-01	  -3.3840669456843774e-03	   5.8012938326018315e-01	   8.7653662328150680e-02	   4.7376858943831707e-01	   1.0710567250798948e-01	  -4.4332881307479394e-02	  -2.2780964622147326e-01	  -1.4444868353043919e-01	  -5.9064910206665967e-02	   3.8697214906635184e-02	  -6.3983726789336864e-02	  -2.4196144411724063e-01	   6.7336348432589135e-02	   5.3843901599091470e-02	   8.0685573124186102e-02	  -2.3631345276687435e-01	   2.6743132554894972e-01	
   4.2756901342019260e-01	   1.4471636056851045e-01	   1.5763159411606159e-01	  -3.6762089797694907e-04	   5.1125900864741292e-01	   4.3487642971154750e-01	   5.7921016422332161e-01	   3.4214676766582652e-01	   7.4317816963488414e-01	   6.4743357803192381e-01	   1.0254324523868938e+00	   4.8885118515805370e-01	   0.0000000000000000e+00	   7.0818889339923974e-01	   9.4765546853701677e-01	   4.7290890972436223e-01	   2.4131689165825285e-01	   1.4345250832419781e-01	   3.4439431327223979e-01	   1.8760465800761708e-01	   3.1585018396546138e-01	   1.2910639405486965e-01	   2.6905312671621007e-01	   6.9145544334033290e-02	   2.5147517154486088e-01	   2.3383361991451518e-01	   3.2007762154688041e-01	   8.8260623291669775e-03	   5.6092138172271289e-01	   4.0935455092819600e-01	   3.1058169452792017e-01	   2.0856840080779102e-01	   2.2505586613186843e-01	   1.7217928589050144e-01	  -7.7101495134462919e-02	  -1.0814894208476646e-01	  -3.4527492044499966e-02	  -2.3291454773105269e-01	  -5.4147601440668512e-02	  -4.7809868015117447e-02	   3.0210544844700415e-01	   2.8107990101807667e-01	   3.0593508466917713e-01	   3.2359353216195719e-01	   3.3118801791877450e-01	   3.4232993964701341e-01	   1.4909183621404459e-01	   1.8074239383617569e-01	   3.4883530062900608e-01	   3.3719077705111855e-01	   4.4535222820068820e-01	   2.9602777057295637e-01	   3.2860564876785603e-01	   4.3889824009578343e-01	   1.7278859444594744e-01	   1.4947584799554964e-01	   9.0104640316891457e-02	   1.3137343232304047e-01	   4.7051125313909686e-01	   2.2730104418253955e-01	   6.3711330659171894e-01	   3.4379107027420874e-01	   2.5148142694869002e-01	   2.9166055408432262e-01	   2.1784479817485122e-01	   1.0876874088605559e-01	   1.2803715946296557e-01	   4.8646543922474604e-02	   3.2220728014770293e-02	  -1.2617837219328458e-02	   1.2309538649074125e-01	   1.6587728649220773e-01	   4.1275338366803455e-01	   3.6601400001282619e-01	   2.4486771405015711e-01	   2.6671661473803576e-01	  -1.0627740612452131e-01	  -1.8190010204550178e-01	   1.9901665461618964e-01	   1.5992881977018733e-01	   2.4195200078069518e-01	   2.3545025234422765e-01	   3.8857651030553325e-01	   3.5649708519566536e-01	   5.4609007055601400e-01	   2.7971524067315567e-01	   1.5395332070049730e-01	   5.9709573171088139e-02	   3.8277913510595396e-01	   1.8253616686005925e-01	   9.7774975178500825e-02	   1.8566859723169615e-01	  -3.8815232107536617e-02	   1.5006369871465952e-01	  -3.7953970677439058e-01	  -3.5158708387860954e-01	  -3.6495344333150492e-01	  -2.6077512613534753e-01	   1.6127278060354450e-01	   1.4125325530782157e-01	   1.3220149103765452e-01	   2.7179549441222217e-01	  -2.0473795557818794e-02	   1.2600892327566582e-01	  -3.7932552954436061e-01	  -3.7322340538032700e-01	  -3.3655398876240394e-01	  -8.9221070817033371e-02	  -2.0366056400577925e-01	  -1.9122428273391903e-01	  -2.4777652954296836e-01	   9.3906528605239833e-02	   1.8161485443873676e-01	  -1.7603446881754219e-03	  -3.7802637325169741e-01	   1.7324036382419712e-03	
