   0.0000000000000000e+00	   1.3959313132646434e+00	   6.7899963530545215e-01	   8.8318100617950157e-01	   3.2733706329805723e-01	   5.7012210796328122e-01	   7.6797319560364408e-01	   8.7262233330920058e-01	   3.8664871614496349e-01	   6.3834866728289330e-01	   9.0365085209975105e-01	   9.0183484417598292e-01	   6.5212085465457614e-01	   7.2945175731420353e-01	   5.5349760203240639e-01	   8.0539588684542041e-01	   1.0029252526329391e+00	   8.8987690539688402e-01	   1.2087447722815350e+00	   1.1458785181030877e+00	   3.6124146318804083e-02	   2.2940350715704569e-01	   4.9383083178465315e-01	   5.5299816143303993e-01	   3.0438921928970675e-01	   3.6099453609841620e-01	   3.0291124367930355e-01	   4.2224320511302071e-01	   7.9332556084663153e-01	   8.4243771206218154e-01	   3.7335447477309375e-01	   4.2468945038518824e-01	   9.9811943152093807e-01	   9.7592003651949244e-01	   3.5248496065499885e-01	   4.3681893500841934e-01	   3.7771383777654860e-01	   2.0820057841418743e-01	   7.0283773154833507e-01	   6.6889485170025653e-01	   8.4432699855041449e-01	   6.6893976683121581e-01	   6.7182018412476019e-01	   6.6085482587834965e-01	   7.6799234989400378e-01	   8.6410828219417390e-01	   9.7555724583594483e-01	   8.6944222424700035e-01	   7.9624009380114846e-01	   6.7475990113039375e-01	   8.1146663647975092e-01	   7.4246718002205514e-01	   8.1162537472713114e-01	   7.6220250034096970e-01	   9.2360000118450580e-01	   9.2837889228205750e-01	   1.3031857957344550e+00	   1.1624402249193568e+00	   7.4209368886966010e-01	   7.9095686294968603e-01	   7.2211298080025388e-01	   6.0383213876116826e-01	   1.1443166051233078e+00	   1.0692012554764521e+00	   2.3849153546852897e-01	   4.4885738618063253e-01	   8.2773575978467184e-01	   7.1458479383214857e-01	   9.0876296504047482e-01	   8.1046249023657935e-01	   6.4412379703510803e-01	   7.1489194807033563e-01	   6.6239374703118692e-01	   6.8356283799824069e-01	   7.0473942362830211e-01	   7.0841108585015500e-01	   9.7531170865953376e-01	   8.8183589894307635e-01	   9.8674906747638103e-01	   9.7372260775122177e-01	   1.0836036371295263e+00	   9.7611496468184888e-01	   8.9132254539687372e-01	   9.3939381548668122e-01	   8.6743546112058678e-01	   6.7624993710643722e-01	   6.0227698018366960e-01	   5.1234994055378347e-01	   7.5464949099579404e-01	   7.1906247206891361e-01	   4.2156285941331395e-01	   2.8821179959744481e-01	   2.7659777556512016e-01	   1.8055686636485749e-01	   2.9590566632853554e-01	   2.8769201483230100e-01	   8.0112471203864666e-01	   6.5876848407284971e-01	   7.4870007595438581e-01	   7.6454338229213714e-01	   4.9282560906479411e-01	   2.8115581460121686e-01	   5.4669829130606851e-01	   3.8411282468664909e-01	   2.3578985577511818e-01	   9.6247491288219994e-02	   3.1838764496461625e-01	   5.2816216963030183e-01	   2.9533187093709751e-01	  -1.3145163786208622e-02	   3.1121019523255106e-01	   4.2466277580065048e-01	   1.8559187433173593e-01	   4.6937438633693057e-01	   4.7899695626643779e-01	   5.6114227216026782e-02	
   1.3959313132646434e+00	   0.0000000000000000e+00	   6.9152652085166177e-01	   9.8218011856370613e-01	   2.2014320270661505e-01	   5.0460978569023729e-01	   6.3830601316088598e-01	   8.9281842233695041e-01	   2.9298972979848575e-01	   7.0571901863521713e-01	   6.5591784581302848e-01	   8.8340108961216468e-01	   4.5067189518091016e-01	   6.3039317155022923e-01	   5.6270259550776025e-01	   8.5133748190605352e-01	   9.9906439485818077e-01	   1.1402937867436782e+00	   1.3215027613066987e+00	   1.3634755419871831e+00	  -2.9713547519401588e-02	   2.0459565826890874e-01	   6.6034466664576696e-01	   7.4611332713858636e-01	   3.3673302712547348e-01	   4.0267966833313162e-01	   2.6913865959236838e-01	   4.3670260012298273e-01	   7.6602069687840690e-01	   8.6960518880537674e-01	   4.6391830653361166e-01	   5.5969686240853378e-01	   1.0411974241521513e+00	   1.0315599659354999e+00	   4.3382097178022688e-01	   5.8001781596674251e-01	   3.8764002015085569e-01	   2.9307579778830944e-01	   5.4247519897134533e-01	   6.6546529519827802e-01	   7.5194224914737762e-01	   7.4489746770514798e-01	   6.1721332313629684e-01	   6.7604673545040594e-01	   7.2775794707219621e-01	   7.7060512851858676e-01	   9.2969038700766593e-01	   8.7410091985212435e-01	   6.7354537554371074e-01	   5.3945240669162731e-01	   6.8794294211702123e-01	   6.1542308395315559e-01	   7.6513360410511644e-01	   6.2572821143433299e-01	   8.5514082832357297e-01	   9.3914335657962045e-01	   1.4221401536829406e+00	   1.4424906505099095e+00	   6.6861156772994612e-01	   6.6886510754161954e-01	   6.3677903000748093e-01	   5.7208203724984852e-01	   1.0872377980774697e+00	   9.7362631597015714e-01	   3.1629504229181488e-01	   4.5847467168106770e-01	   7.5147150533124063e-01	   7.0573891157453161e-01	   1.0956366041679337e+00	   9.7371868440828224e-01	   5.9623580828349509e-01	   8.0401881882793114e-01	   7.2183182063367979e-01	   7.8059048928369024e-01	   7.2913206968051325e-01	   8.1385370989436023e-01	   9.4821210723499338e-01	   9.4119528720417778e-01	   9.6666334933892972e-01	   1.2607271293822286e+00	   1.1674089287994420e+00	   1.1745162048723055e+00	   8.4568203657275831e-01	   9.2221686934206715e-01	   9.1366082415992755e-01	   7.3680174282266275e-01	   6.4090986127548355e-01	   5.4691592605782302e-01	   8.4044590090009275e-01	   8.2564808431884384e-01	   4.8371959864736191e-01	   3.4524695875210626e-01	   3.0120671919259778e-01	   2.1248045461055620e-01	   1.9636526477753785e-01	   2.7587128486366080e-01	   7.9005510264340606e-01	   6.6763334886150105e-01	   7.8863157996777056e-01	   7.0680908780550400e-01	   3.6094907080858479e-01	   2.5728680222043021e-01	   3.8428834679873014e-01	   3.3621405649950981e-01	   1.3731313168714621e-01	   5.9934734231338160e-02	   2.0298458979679843e-01	   5.2287758015166019e-01	   2.4083688184548399e-01	   6.9267787983572663e-03	   4.0222355348916239e-01	   5.0675306186116087e-01	   2.4084982423967150e-01	   4.5327316707029686e-01	   4.2645361567961793e-01	   2.5823793581045557e-02	
   6.7899963530545215e-01	   6.9152652085166177e-01	   0.0000000000000000e+00	   1.1957134551138608e+00	   7.2364141081388356e-01	   9.9031149325798251e-01	   1.2957800093304057e+00	   1.1473483834160314e+00	   7.4821381684933896e-01	   8.7779933503129648e-01	   6.5374694167951997e-01	   6.8952219616187027e-01	   6.1509169475869041e-01	   5.4339592679986848e-01	   7.2519346562898579e-01	   8.3552453569823737e-01	   7.6176411816127054e-01	   6.9887500830673543e-01	   8.4982440651320412e-01	   7.0467509452206667e-01	   2.2421391137064295e-01	   4.2103921647807263e-01	   1.1368689552530471e+00	   9.2409056304870751e-01	   8.9167065975953885e-01	   8.2853797100652260e-01	   6.9929442391147756e-01	   7.0956855720830014e-01	   7.5035172836154451e-01	   6.6146797997360696e-01	   9.7482721722889809e-01	   9.4080294932357833e-01	   1.0195889419663369e+00	   1.0551914410065113e+00	   8.4612001614972998e-01	   8.5482580193463986e-01	   4.2421736679887323e-01	   2.1987080374484919e-01	   7.3552004382052094e-01	   6.5564611822369945e-01	   7.4956721587226594e-01	   7.5537839977745913e-01	   7.5484594139328587e-01	   8.4623361738471292e-01	   7.8643388583147089e-01	   9.1978651175960957e-01	   7.5627042121006161e-01	   8.0838761811690640e-01	   7.9289958120242221e-01	   9.8853426822726398e-01	   8.4687998287424571e-01	   9.5804674452313132e-01	   7.1368961806537845e-01	   5.7240753475033956e-01	   7.7603568148793645e-01	   8.3759008095677778e-01	   6.4258962664363595e-01	   7.4964575667695865e-01	   9.3725020753245059e-01	   8.1060076263213643e-01	   8.6903981905796945e-01	   9.1312180856213931e-01	   5.7255036745685273e-01	   6.4237936599169176e-01	   8.8654566683342340e-01	   1.0216591747102999e+00	   9.3027056300797495e-01	   8.3642345009094832e-01	   7.4907955287696470e-01	   7.2897161807536248e-01	   1.0328461815334384e+00	   8.4512771716371915e-01	   9.0562761807237635e-01	   7.7195491850843700e-01	   8.5105675403240633e-01	   9.5321882451592543e-01	   8.2598601755609979e-01	   8.0396685507381282e-01	   7.9517708137751930e-01	   8.6153476455693534e-01	   8.5829618064089308e-01	   9.4275548655158703e-01	   9.6079547343089644e-01	   6.5049559667397827e-01	   9.4191249140169442e-01	   9.6805920374101695e-01	   6.2697958811800791e-01	   5.1030894588303066e-01	   9.1147155604996499e-01	   8.2771782030802632e-01	   3.6282453172677886e-01	   2.4642079095966668e-01	   2.5247088613472995e-01	   3.4007911486174885e-01	   2.0859467343981206e-01	   3.4053731295945155e-01	   6.0285794845523988e-01	   5.2279078031423654e-01	   4.9916984315985052e-01	   4.2515733427481850e-01	   2.9216793838422284e-01	   3.8611351595110444e-01	   2.9778103413546186e-01	   1.9105585798277519e-01	   1.8735805236849118e-01	   1.9226321258833043e-01	   3.7033197042257372e-03	   2.9195145856639637e-01	   2.6753039330168338e-01	  -2.7202545979796204e-02	   3.5871746234839041e-01	   3.0844676022007911e-01	   8.1377583883165489e-02	   2.8266189439368361e-01	   4.6271082139385783e-01	   2.4593329774665085e-01	
   8.8318100617950157e-01	   9.8218011856370613e-01	   1.1957134551138608e+00	   0.0000000000000000e+00	   4.6902948642714792e-01	   7.7635429631193520e-01	   9.6315389768944848e-01	   1.4247976985984105e+00	   4.6768680487812431e-01	   1.0423051075999605e+00	   5.1891728555720629e-01	   7.1348911201881138e-01	   4.1714008819308368e-01	   5.8649839554365735e-01	   6.2091475182773637e-01	   9.3869595279532159e-01	   7.0501140690142006e-01	   7.3476112598826915e-01	   1.1127553067605715e+00	   1.0841609303857591e+00	   9.1805818300409667e-02	   3.0352794897917545e-01	   1.0427465172039760e+00	   1.2047784335984308e+00	   6.1053482208632448e-01	   6.7562592330563853e-01	   5.4751222948554068e-01	   6.4505523898643535e-01	   6.1491467863158222e-01	   6.6482802411755160e-01	   6.2854536930323712e-01	   8.0002748245843314e-01	   9.5779469527383609e-01	   1.0796650246159829e+00	   6.7229087876140547e-01	   8.2923309830901071e-01	   4.0947730488645978e-01	   2.7981656612899769e-01	   6.5077554107756019e-01	   6.6665655879685926e-01	   6.6004153175396940e-01	   6.7021334520614184e-01	   7.0278028857488206e-01	   7.9368642725947181e-01	   7.9065638923368387e-01	   9.9478405198943565e-01	   9.4413506667907732e-01	   9.7474628646162609e-01	   8.7558815153629677e-01	   9.3586259177505360e-01	   9.3338368867140065e-01	   1.0013107832670376e+00	   9.9864747915513830e-01	   7.4693139304153566e-01	   9.5878779316363583e-01	   1.0759602682956393e+00	   8.2591392695211008e-01	   9.0740886866287707e-01	   9.0004205119056135e-01	   9.5429980021133998e-01	   6.7298330086629643e-01	   7.9214912104565371e-01	   6.4931785899531680e-01	   7.0325429308240583e-01	   6.5488315136579767e-01	   9.2658844787344308e-01	   9.2364253860519829e-01	   9.0617272171309882e-01	   9.1097368106878551e-01	   1.0280625413677522e+00	   7.0022249164865491e-01	   8.0077683236421027e-01	   6.7273504866375544e-01	   6.5519004607311138e-01	   6.9539849630795347e-01	   7.8672989718044928e-01	   8.2143251301010634e-01	   8.9616498409525458e-01	   7.4090843004634610e-01	   9.0916971973597649e-01	   9.1718819649277727e-01	   9.5655991307162014e-01	   8.9444000002840651e-01	   7.4879912322156295e-01	   1.0096673024318166e+00	   1.0583683595910827e+00	   6.8347907737058333e-01	   5.7095154951981286e-01	   1.0472891843684096e+00	   1.0232062802086266e+00	   6.0518827123406227e-01	   3.9882265377153064e-01	   4.7159268737559989e-01	   3.5841158605206136e-01	   2.2752495904049397e-01	   2.7359917745972728e-01	   7.5945834170168114e-01	   6.4262469462774385e-01	   7.2300856125079416e-01	   6.3132910201634074e-01	   4.3710565940768231e-01	   4.3351069591835090e-01	   3.9273776808533400e-01	   3.1839145621469889e-01	   2.2802043715608361e-01	   1.6560564090928231e-01	   1.2780995580323559e-01	   4.3526609720845971e-01	   2.2973663398620253e-01	  -1.5840093498595862e-02	   4.4098299975445965e-01	   4.3359058486950014e-01	   2.2494472264914706e-01	   3.5527276488698084e-01	   5.3840908147647926e-01	   1.4009796579131598e-01	
   3.2733706329805723e-01	   2.2014320270661505e-01	   7.2364141081388356e-01	   4.6902948642714792e-01	   0.0000000000000000e+00	   9.2820433413382197e-01	   6.8852558709592815e-01	   4.4771300330167318e-01	   1.1048993369859550e+00	   4.2074669098364070e-01	   3.8916630744327918e-01	   2.2050019254323078e-01	   3.9223083606312931e-01	   2.1166170264701292e-01	   6.8144761698106571e-01	   4.8484170268596349e-01	   4.6031661429178550e-01	   1.7875418261317663e-01	   3.5702340081559775e-01	   2.7299819197651781e-01	   8.6253689143067458e-01	   8.3055201175586202e-01	   3.8617255631031061e-01	   3.1609469036518273e-01	   7.9145607526873341e-01	   4.8869979188517199e-01	   1.0835194027961130e+00	   6.1280519480667905e-01	   4.9412772065245686e-01	   2.8709462317331641e-01	   3.7995191879971685e-01	   2.4599949587999931e-01	   3.7668825536581690e-01	   3.4288488200827977e-01	   4.3760878003802350e-01	   2.9826958450251412e-01	   3.0236279326380089e-01	   1.7039982282691993e-01	   6.2633514866901996e-01	   5.2306648661705113e-01	   3.9713696086256112e-01	   4.5327956176710005e-01	   8.0122780326408738e-01	   6.9554282378642529e-01	   6.7634167549065261e-01	   7.2929174683051734e-01	   3.9934365446620845e-01	   4.5401756391154585e-01	   6.1497725731459685e-01	   8.2986714390778360e-01	   7.1440831990705678e-01	   7.7994801777978595e-01	   5.3038814714503990e-01	   4.6405982973981924e-01	   4.0827254190388018e-01	   5.0271620842736264e-01	   3.9620873302620835e-01	   3.4130606104055355e-01	   5.6467486381578658e-01	   5.0086237481369178e-01	   5.6311516716120669e-01	   5.6424391340539648e-01	   3.8561747677251845e-01	   3.9292657790836327e-01	   4.9461588605481743e-01	   6.5107524171377940e-01	   6.6950929833990636e-01	   6.0400553121010270e-01	   4.1724842949057067e-01	   3.6331742483122942e-01	   7.4650986069967906e-01	   4.0909248713633339e-01	   4.4862344676261878e-01	   1.9744824482315637e-01	   4.1698239725707986e-01	   3.5063975802184782e-01	   2.6719111086990777e-01	   2.7978264227722416e-01	   6.1039642820878814e-01	   3.6112023832303819e-01	   5.1643408483180919e-01	   4.2256555248478234e-01	   7.4260549523553898e-01	   3.7911368404512719e-01	   5.4979499734289072e-01	   5.7608929672303011e-01	   4.1293257868330469e-01	   3.9987850612331438e-01	   3.8707710797560324e-01	   5.4487616316228471e-01	   2.8190778150872042e-01	   2.0490908470772051e-01	   2.1335699537284028e-01	   2.9904581772665956e-01	   8.0537615554854822e-02	   2.1701298439353217e-01	   3.9296240167512281e-01	   3.2567973193040856e-01	   3.3441358522962550e-01	   3.2036962809620595e-01	   2.6713700821159775e-01	   4.1330537095656961e-01	   3.2246223235307536e-01	   2.5511095274980733e-01	   1.6259303719433968e-01	   1.7579483950804620e-01	   6.2447573691191867e-02	   1.0272735360927571e-01	   9.5905547147582579e-02	  -7.8791721815735308e-02	   2.5485357621247784e-01	   2.8062634387059338e-01	   2.0854442636611825e-01	   2.2883589507785984e-01	   1.5626422003253981e-01	   1.3345254436655618e-01	
   5.7012210796328122e-01	   5.0460978569023729e-01	   9.9031149325798251e-01	   7.7635429631193520e-01	   9.2820433413382197e-01	   0.0000000000000000e+00	   8.4761014880124708e-01	   7.8173505346743621e-01	   9.7007341314589057e-01	   9.5861590299066290e-01	   5.6961811581833544e-01	   6.4208672782682241e-01	   4.6736910062138093e-01	   5.1140319610192242e-01	   6.8813346024128397e-01	   1.0103356938081798e+00	   7.0749829756451577e-01	   5.7123905312125811e-01	   5.9777438664699034e-01	   5.0240435887603496e-01	   4.1920016128799531e-01	   7.1034695936500913e-01	   5.3484499787054063e-01	   5.0992405626562087e-01	   6.9915900808804710e-01	   7.0334524519778296e-01	   8.1754714444461518e-01	   9.5490484848772716e-01	   7.6137009459410565e-01	   7.1942766226258525e-01	   6.3630018243593900e-01	   5.3140148697203904e-01	   5.9605518883422204e-01	   5.9411645543131486e-01	   4.8408516321772560e-01	   4.6652014774261064e-01	   2.6666183599918880e-01	   3.0141360631306846e-01	   5.7443644471256150e-01	   5.9875870211130822e-01	   6.3952919033648281e-01	   7.7170447008637566e-01	   8.1258467036091064e-01	   7.8408925581438504e-01	   7.7913966766373655e-01	   8.8506657005495415e-01	   6.4667366923231318e-01	   6.4267524670064047e-01	   6.8121040730606019e-01	   8.4732882443871271e-01	   7.3731850071446614e-01	   8.1108331561128788e-01	   6.4273253365991168e-01	   5.9483204259623612e-01	   6.4443077776969182e-01	   7.1849962797176314e-01	   5.9485254570533386e-01	   6.3187262888626472e-01	   6.8261558309819326e-01	   6.9713186050464260e-01	   6.8872201190229743e-01	   7.5718812087074827e-01	   6.1610711073771374e-01	   6.4529855957665794e-01	   4.5494344723138702e-01	   6.6039549066348269e-01	   7.3596490569255713e-01	   7.2189797594534855e-01	   5.5032353693647906e-01	   4.7370816533979931e-01	   8.9576544531527791e-01	   6.9290627464131349e-01	   7.5856808961143085e-01	   6.1518196584659501e-01	   7.3409710559997920e-01	   7.2326090013006916e-01	   5.5577493697625480e-01	   6.4243262275090851e-01	   8.0357916646885963e-01	   6.8130397048022173e-01	   7.2782103732796344e-01	   7.0482302637503247e-01	   8.5178687643012929e-01	   6.7844409053125698e-01	   6.4864635475912835e-01	   6.9809566603753825e-01	   5.5243875829614419e-01	   5.1146000745630471e-01	   6.7063389373453197e-01	   7.0259900478507165e-01	   3.5337977107870927e-01	   2.4072068855239903e-01	   2.5817119007132694e-01	   2.2244341578240995e-01	   1.7136475191926956e-01	   3.2641614637772259e-01	   5.6377823320625042e-01	   4.7997921005033478e-01	   5.1076040687804347e-01	   4.8210039970189550e-01	   2.9662123168410909e-01	   3.4258604162637912e-01	   3.2067771583819410e-01	   2.7231063543480599e-01	   2.0585761307768149e-01	   1.7327366022243113e-01	   1.5859069297367279e-01	   2.1711652734755660e-01	   1.8700898215840495e-01	  -3.1472534488750085e-02	   2.1371437039909164e-01	   3.2518375530842270e-01	   1.6340361036147047e-01	   2.5301637225056406e-01	   2.6266071758163606e-01	   1.3862447105444264e-01	
   7.6797319560364408e-01	   6.3830601316088598e-01	   1.2957800093304057e+00	   9.6315389768944848e-01	   6.8852558709592815e-01	   8.4761014880124708e-01	   0.0000000000000000e+00	   1.3920735197641172e+00	   6.8225083316117929e-01	   7.6680323288218699e-01	   1.0087513332171698e+00	   8.6574416381093489e-01	   9.8257397140024005e-01	   6.5729595823573539e-01	   6.4034141448835658e-01	   7.3847807847665736e-01	   7.2590522459993989e-01	   5.8211571874375312e-01	   8.9553985529700231e-01	   6.6781702307090174e-01	   1.4183561227635988e-01	   2.6871924713897744e-01	   6.6620158289395304e-01	   5.5942218889148076e-01	   4.6013255433878208e-01	   3.9656793578295840e-01	   4.3256279676232889e-01	   3.8368293159005568e-01	   7.7707704398510047e-01	   6.3206450057327912e-01	   6.5681902078727195e-01	   6.0391738695741859e-01	   9.8452227642075874e-01	   1.0221547538086588e+00	   5.2853048091181065e-01	   5.1825076873905773e-01	   2.6967118431858644e-01	  -9.0355092254271463e-03	   5.7706473975079764e-01	   4.7702667669281895e-01	   7.3560008184593118e-01	   5.9732825880044127e-01	   8.0042144862102305e-01	   8.1702901866109590e-01	   7.8398836379418491e-01	   9.5738892143904075e-01	   7.4159270098581598e-01	   7.5467801518234090e-01	   8.0501932179199120e-01	   1.0125299138543948e+00	   7.6761624756763469e-01	   8.9459642414401186e-01	   6.8275364787285375e-01	   5.5306411781711451e-01	   7.8953616815392891e-01	   7.6415002534956455e-01	   6.2186770510060652e-01	   6.7010084706701167e-01	   9.4555710118815495e-01	   8.1555473346006169e-01	   1.1326434849553477e+00	   1.1712004390305650e+00	   6.7029768917275956e-01	   8.3043945412382014e-01	   5.7503168178163744e-01	   7.9712113520989392e-01	   9.1145442458357029e-01	   7.5959854810210448e-01	   5.7723967885537153e-01	   5.7209722140575325e-01	   1.0745728786254853e+00	   7.2728823313556612e-01	   8.1093262539381550e-01	   6.3488961663990318e-01	   8.6589075606482135e-01	   7.9146906342105106e-01	   8.0826007395483246e-01	   7.3788376270841349e-01	   7.6815511032943418e-01	   7.0633645685347546e-01	   7.6240785819805112e-01	   7.9288634684776793e-01	   9.9531638214855389e-01	   6.6564252702889859e-01	   8.6102587696113997e-01	   7.8705573765500070e-01	   4.5862793598324703e-01	   4.0431246558091566e-01	   7.6972625974770725e-01	   7.0446168865432368e-01	   3.1201475869780437e-01	   1.9287901441658908e-01	   1.9880818682151893e-01	   2.9631902430504098e-01	   2.2611276584722462e-01	   3.2307465508751404e-01	   5.6449148069760069e-01	   4.4194314743904350e-01	   5.0522909748640543e-01	   4.7401576578304505e-01	   4.5623032940725206e-01	   4.9685041539271591e-01	   4.3104256838182742e-01	   3.4367548247136748e-01	   2.5741535346880090e-01	   1.7119251548195943e-01	   7.7468404235730828e-02	   3.3581798664850510e-01	   2.2027501260838778e-01	  -1.1846503342567975e-01	   2.0429706476677043e-01	   2.4645844418984308e-01	   9.1151606115845329e-02	   2.9972948949207778e-01	   4.4773085297358362e-01	   2.6262504524448277e-01	
   8.7262233330920058e-01	   8.9281842233695041e-01	   1.1473483834160314e+00	   1.4247976985984105e+00	   4.4771300330167318e-01	   7.8173505346743621e-01	   1.3920735197641172e+00	   0.0000000000000000e+00	   5.2177921541026695e-01	   1.0444068119923571e+00	   8.8176592093704786e-01	   9.7009836334461719e-01	   7.8742151925371451e-01	   8.3055416932010528e-01	   5.9633301139637640e-01	   8.9602030090579055e-01	   7.3579824057128573e-01	   6.9871274579873011e-01	   1.0434068348342609e+00	   8.9803553838232919e-01	   1.8395220386109589e-02	   1.9793423714522124e-01	   8.3290309803552931e-01	   8.7089817359373334e-01	   4.3287689248076983e-01	   4.7483854193821140e-01	   3.6562150050494913e-01	   4.2672375409160446e-01	   6.7525191417671127e-01	   6.6012782029308803e-01	   6.5968305422117690e-01	   7.6721174766438305e-01	   9.8071635251181377e-01	   1.1350868428940850e+00	   5.5203592231424403e-01	   6.3723731273021111e-01	   2.2259133081352847e-01	   8.6177221459939876e-02	   4.6842212728967653e-01	   4.7498086559551600e-01	   6.9415401429274926e-01	   5.6799789463569739e-01	   6.7857088755491279e-01	   7.3775331067893335e-01	   7.3390641829045478e-01	   9.0156633168874389e-01	   8.3275360495328632e-01	   8.4560805977408793e-01	   7.8039150113441247e-01	   9.2178009052199450e-01	   7.3099997130089156e-01	   8.3278017454856135e-01	   7.5847269834966013e-01	   5.9234143434893649e-01	   8.0453204913517928e-01	   8.6354194523098093e-01	   7.4461189306616404e-01	   8.3935482800285499e-01	   9.3378894946408020e-01	   8.9471114116708605e-01	   8.9107284277848442e-01	   1.0658003399923299e+00	   6.8758781927373991e-01	   7.8738462360354111e-01	   5.8515976216588539e-01	   8.7183673793188365e-01	   8.2060201392425081e-01	   7.5542012213820375e-01	   6.6368722248697209e-01	   7.3808628387913333e-01	   8.1229308426652846e-01	   7.8806018026016145e-01	   6.8711798699443871e-01	   6.5078611892005866e-01	   7.5485157774190681e-01	   7.3544753554569231e-01	   8.3030506658239367e-01	   8.3518032911050200e-01	   7.4376946890110540e-01	   8.3675395980270961e-01	   8.8586221370932450e-01	   9.2373750224613904e-01	   8.8528389489722104e-01	   7.0471049652644258e-01	   9.0526584869962390e-01	   9.6356247208376533e-01	   4.7653311560101963e-01	   4.5919796398805524e-01	   8.5601024219097210e-01	   8.3163666895381505e-01	   4.5878079321977050e-01	   2.8599199683865778e-01	   3.7019055144433244e-01	   3.3383565463774045e-01	   1.8183561737783180e-01	   2.6739840585380953e-01	   6.1889054718875569e-01	   4.9209356633423185e-01	   6.3624685994680963e-01	   5.6328311318760449e-01	   5.0885708992649636e-01	   4.7340795353035175e-01	   3.9975429014102520e-01	   3.4224742425722682e-01	   2.9198691231817592e-01	   1.5777529601979537e-01	   1.4091720259896942e-01	   4.0482550348871321e-01	   1.8763312327389778e-01	  -1.3031471667378211e-01	   2.8117041421985278e-01	   3.3566182222837065e-01	   1.7299640066684518e-01	   3.5609949280135389e-01	   5.0991050192400700e-01	   2.2101988485491289e-01	
   3.8664871614496349e-01	   2.9298972979848575e-01	   7.4821381684933896e-01	   4.6768680487812431e-01	   1.1048993369859550e+00	   9.7007341314589057e-01	   6.8225083316117929e-01	   5.2177921541026695e-01	   0.0000000000000000e+00	   7.0006780713407379e-01	   6.1298909439433125e-01	   3.8566989598779239e-01	   6.4340281022695456e-01	   5.1639044695778535e-01	   1.1073697272654197e+00	   6.3367075669830586e-01	   6.1402188126804536e-01	   2.5257161219114310e-01	   3.4165256584269438e-01	   2.5682145527890898e-01	   7.2640851573880183e-01	   7.7547878493089029e-01	   5.5332363457968059e-01	   4.4073096308780940e-01	   9.0418549438999984e-01	   7.3413138481546336e-01	   8.1038536950361040e-01	   7.6139462765670363e-01	   6.7121460242455588e-01	   3.6341477554136536e-01	   6.5809977613370108e-01	   5.2947867003369553e-01	   3.6310851826725482e-01	   3.5624254202860778e-01	   4.2526140411554469e-01	   2.7354055809306727e-01	   2.7519759137906907e-01	   3.5521263125983034e-02	   4.4166554855303863e-01	   2.8927722878882528e-01	   4.3819354591158793e-01	   3.5050783050561135e-01	   5.5283857275478943e-01	   5.1795848864103111e-01	   5.0619049472662903e-01	   5.5137186893876566e-01	   3.3378040092888661e-01	   3.6054209492038447e-01	   5.3589345035549707e-01	   6.2274521014591666e-01	   6.5897482525043583e-01	   5.4796969214158409e-01	   4.1418414568541434e-01	   3.4359669731502190e-01	   2.8963976969447186e-01	   3.8189193742772759e-01	   3.0407544859269942e-01	   2.8012965561871289e-01	   4.2952019972285038e-01	   3.7197364947565048e-01	   3.8554672964216358e-01	   4.0979784497402888e-01	   3.1606340498166752e-01	   3.0111343045157585e-01	   3.8354829353176739e-01	   5.0617706277938712e-01	   4.1542084631140447e-01	   3.3056148941034441e-01	   3.0164988252753933e-01	   2.4465755744374756e-01	   7.2911233354909988e-01	   4.9681111547585138e-01	   5.8668196398042460e-01	   3.7155640797457079e-01	   5.0795803985586641e-01	   4.8127889735996310e-01	   2.8637985183126768e-01	   2.1714253145170107e-01	   5.9442667176929354e-01	   3.3286416552389608e-01	   5.6600598718377071e-01	   4.1482134277261934e-01	   5.8889239293773044e-01	   2.2775969611514257e-01	   5.6135445405170559e-01	   5.1727448356772654e-01	   3.1925571247141193e-01	   1.9385940469848295e-01	   3.5156343201901002e-01	   3.0339754015530279e-01	   8.8444518906854896e-02	  -8.0902971831777245e-03	   9.4747943160928536e-02	   1.2592960119232022e-01	   2.8389332485613122e-02	   1.9830854621534405e-01	   2.7140994870926266e-01	   2.0180438398932321e-01	   1.5809487620391216e-01	   1.7976951532609489e-01	   1.2073718099170064e-01	   1.9181577218107851e-01	   1.0427174938707537e-01	   5.7256215677620563e-03	  -1.5506391771328925e-03	  -2.4938882088283737e-02	   3.9669648247911207e-03	  -4.8280469570455314e-02	   8.2794449928245042e-02	  -1.4431875874223415e-01	   4.7035711091104951e-02	   7.6736223681941246e-02	  -4.9852738857706407e-02	   5.0050308485340554e-02	   9.9935317248953395e-02	   9.5110792936442007e-02	
   6.3834866728289330e-01	   7.0571901863521713e-01	   8.7779933503129648e-01	   1.0423051075999605e+00	   4.2074669098364070e-01	   9.5861590299066290e-01	   7.6680323288218699e-01	   1.0444068119923571e+00	   7.0006780713407379e-01	   0.0000000000000000e+00	   6.0523965688408377e-01	   7.1638357605586522e-01	   5.4059603877977280e-01	   7.5955104896886894e-01	   7.7829771920639368e-01	   1.1219070739038264e+00	   6.3191706022482064e-01	   6.4330622238365509e-01	   7.0451394016211533e-01	   6.5410851681426507e-01	   8.3445115379824089e-02	   2.8435664806748623e-01	   8.5859780187825019e-01	   9.0092431357641567e-01	   6.1492302909120411e-01	   7.5473475529409462e-01	   4.7637123640343243e-01	   7.0614868438260492e-01	   6.7304594439873966e-01	   6.2927663945353252e-01	   7.4750918399541944e-01	   8.8361279860036357e-01	   6.0802746581908929e-01	   6.7638523496625635e-01	   4.8745584131166114e-01	   5.4305852315849457e-01	   2.4344912518378320e-01	   2.1165979444153685e-01	   3.2513169159664840e-01	   3.4599103693861316e-01	   5.8194347928287138e-01	   5.6725147424439981e-01	   4.5722964107782960e-01	   4.7534207589439115e-01	   5.3293706070475255e-01	   6.4743140664160004e-01	   5.8750799748530302e-01	   5.2718364325941536e-01	   6.5848405996004677e-01	   6.5955560334677510e-01	   6.8091287025051717e-01	   6.5908228146335435e-01	   6.7382147603407905e-01	   4.9986134986680064e-01	   5.8915755252805457e-01	   6.7596972436087666e-01	   5.7518112678700151e-01	   6.2098370508377265e-01	   6.2134551690377138e-01	   6.4321528031913233e-01	   4.6971398005508180e-01	   6.1630694372111594e-01	   4.6850960745093984e-01	   4.6956773766020371e-01	   4.2733751524701480e-01	   6.3686429483148643e-01	   4.9908242966360722e-01	   4.7590639585153022e-01	   5.7732813658737014e-01	   5.9298008563271853e-01	   6.0064617902791961e-01	   7.2171434493752629e-01	   6.8038234341830606e-01	   6.5782263687208586e-01	   6.4443768968186799e-01	   8.0713001682349683e-01	   5.3194408461184139e-01	   5.9339778230092166e-01	   5.9895788770004155e-01	   6.9020702118711141e-01	   7.0803237403178509e-01	   7.0793699060112947e-01	   7.5362893607912906e-01	   5.5628904587383232e-01	   6.9978083605583197e-01	   7.3832166358233553e-01	   4.6978499713420158e-01	   3.2846324365449231e-01	   7.0838447627298196e-01	   5.8360854379129079e-01	   3.4388539038093913e-01	   2.1717454586729193e-01	   3.2638771123362303e-01	   1.8563237076946654e-01	   1.4035250062796767e-01	   2.2663466551598926e-01	   4.0659244523170068e-01	   3.2554096660489157e-01	   4.4969804764663174e-01	   4.0694800953283422e-01	   3.0652830041556028e-01	   2.7797405130148561e-01	   1.8992139967140317e-01	   1.5533383926502067e-01	   1.0192887499101853e-01	   2.1393698688920427e-02	   4.8306361035069745e-02	   1.5053364096060401e-01	   1.2092746758664907e-01	  -1.3826023421648626e-01	   9.5396369289925259e-02	   2.3348947077754001e-01	   4.8689754840426556e-02	   1.3950961374645951e-01	   2.7251809309909503e-01	  -4.2468998235541344e-02	
   9.0365085209975105e-01	   6.5591784581302848e-01	   6.5374694167951997e-01	   5.1891728555720629e-01	   3.8916630744327918e-01	   5.6961811581833544e-01	   1.0087513332171698e+00	   8.8176592093704786e-01	   6.1298909439433125e-01	   6.0523965688408377e-01	   0.0000000000000000e+00	   1.1120385680159932e+00	   1.5675736202043680e+00	   1.0935776680010714e+00	   6.9319143688404461e-01	   6.4939907221546656e-01	   8.7127647772661532e-01	   5.8578714336857529e-01	   7.1572628308872888e-01	   5.4258382437618713e-01	   3.0131636073119385e-02	   1.3303810945448427e-01	   3.8640921853205606e-01	   3.1758849570177733e-01	   2.5095420841720206e-01	   2.7350228968641133e-01	   1.9190780687882864e-01	   2.5967570891293068e-01	   8.8375433582316765e-01	   6.3889178610664554e-01	   5.1721372118497755e-01	   4.8760455093552357e-01	   7.0588965393918990e-01	   7.3796715247935396e-01	   1.8171366755138407e-01	   1.7650182121249613e-01	   2.0095041225030233e-01	  -6.2345402870007116e-02	   3.5179353624190529e-01	   2.6651005412076134e-01	   6.6174225913546625e-01	   3.9458855481663169e-01	   4.4622230858855161e-01	   4.4210651119550010e-01	   4.9125804786441035e-01	   5.7340356994180042e-01	   5.1551061452794045e-01	   4.8515237538834610e-01	   5.8557094659540898e-01	   6.2674684723523599e-01	   4.8415460256627807e-01	   5.0171478098807987e-01	   3.9012989519377461e-01	   3.0551614935719257e-01	   4.6753403870392807e-01	   4.8612093165513059e-01	   5.5137585449745075e-01	   5.5288063476355020e-01	   6.1043291168193226e-01	   5.7719834530030745e-01	   6.9454643451430353e-01	   6.9240626430317032e-01	   6.8989100089248878e-01	   8.2602532829529451e-01	   1.5371553189127388e-01	   3.8813691766587777e-01	   5.1130989588446296e-01	   4.0002370210174654e-01	   3.9057707694443711e-01	   3.3139350461102468e-01	   6.7611964430028848e-01	   5.8311789585667373e-01	   6.9208255019881737e-01	   5.8631010529674976e-01	   7.1369859026585813e-01	   6.1138884866752730e-01	   6.5494135263400066e-01	   5.2397271233048870e-01	   7.3315931533506817e-01	   5.9412844408803023e-01	   7.1623026118159139e-01	   6.2961200387941518e-01	   6.8246092536985203e-01	   5.1816925762384503e-01	   5.8013720761903709e-01	   4.8519677973064135e-01	   2.8764630320151641e-01	   1.6212871802862266e-01	   4.5454881775138178e-01	   3.4440699096050842e-01	   9.6539572338671234e-02	   1.0121512783982231e-02	   1.8467271304745764e-02	   7.8815988130832390e-02	   1.7409225582685517e-01	   3.0554295908624035e-01	   3.8646268009355350e-01	   3.1679678732626959e-01	   2.9912104165728093e-01	   3.5441460133367486e-01	   3.5146441704442927e-01	   2.7339086048061811e-01	   3.1727766543124042e-01	   2.3062677495725398e-01	   1.3362934522414566e-01	  -1.2949539439813659e-02	   2.5431881574773896e-01	   2.3231282972612149e-01	   1.7713289980961683e-01	  -1.3184066006328821e-01	   6.4049155053414658e-02	   1.1927068544120326e-01	  -5.5454003052738753e-02	   1.7746260079305973e-01	   2.8554993142597462e-01	   1.8080630106692136e-01	
   9.0183484417598292e-01	   8.8340108961216468e-01	   6.8952219616187027e-01	   7.1348911201881138e-01	   2.2050019254323078e-01	   6.4208672782682241e-01	   8.6574416381093489e-01	   9.7009836334461719e-01	   3.8566989598779239e-01	   7.1638357605586522e-01	   1.1120385680159932e+00	   0.0000000000000000e+00	   8.4314273857418631e-01	   1.1424730483125518e+00	   5.3445480902164388e-01	   9.1544097712933259e-01	   8.3314157262231126e-01	   9.9013409947766295e-01	   7.9587782452328037e-01	   6.6135452512206272e-01	  -1.2945575712646945e-01	   1.6666770626610494e-01	   4.8377089680738616e-01	   4.3642946288354889e-01	   2.4082260660717958e-01	   3.2031911752290321e-01	   1.3727368963775347e-01	   3.0998413149646914e-01	   8.6342513029606627e-01	   1.0720563579497124e+00	   6.1951121172632939e-01	   6.0607640442647770e-01	   7.7577926921472884e-01	   8.5296210347643997e-01	   2.5820372677494380e-01	   3.2476261501373216e-01	   1.6605052724451080e-01	   1.5478680521154908e-01	   3.0702462081378012e-01	   3.5777456338242924e-01	   6.9490307089542347e-01	   6.6642547189588919e-01	   4.1591152616499205e-01	   4.8003701183292774e-01	   4.8556597698173876e-01	   5.8271157133712559e-01	   5.7326835820869548e-01	   5.1477552690167583e-01	   5.2203545044999622e-01	   5.3569482558899340e-01	   4.7186366414496461e-01	   5.0562282699032401e-01	   4.4604949724841469e-01	   2.9902853758252207e-01	   6.0502137932410605e-01	   5.5839620181701211e-01	   6.4315778193565687e-01	   7.6773619142576199e-01	   4.9343847138513680e-01	   5.5115715667923104e-01	   6.2666981048049208e-01	   6.5710215231903024e-01	   7.1032919594267652e-01	   9.0255141678962258e-01	   1.9931920717603821e-01	   3.5791571290275842e-01	   5.0150034846834035e-01	   4.5823593661899759e-01	   4.6042760783104342e-01	   4.0837508543979939e-01	   6.6138094491639321e-01	   8.4020923789082980e-01	   8.1276152891316444e-01	   9.6973194774447635e-01	   8.2513656705626426e-01	   8.8009341032227695e-01	   7.7428242868201602e-01	   7.8644606178478116e-01	   6.8046865744021379e-01	   8.2880615203231855e-01	   6.8581598986177805e-01	   7.8110917252027234e-01	   6.6240816365899868e-01	   7.1311835207417951e-01	   6.0727060511516706e-01	   5.0435694411530740e-01	   4.0341639754907310e-01	   2.7518715855935366e-01	   5.8281487524948949e-01	   4.7322443989750396e-01	   9.7683619238063082e-02	   2.2733217703686730e-02	  -2.5380388697230992e-02	  -3.1967555270429847e-02	   2.2520887595274300e-01	   3.2783687755239044e-01	   5.2640859381009453e-01	   3.9849950840411719e-01	   3.6512493763525816e-01	   3.3423007027950496e-01	   2.3432240814253363e-01	   1.5317628930342345e-01	   3.0426836607901880e-01	   2.2653683903626831e-01	   1.4847826047990098e-01	   2.9837314187825079e-02	   1.7240750288529255e-01	   3.8487476627283390e-01	   2.8796875472039679e-01	   1.4385191433302389e-02	   1.2773675514740374e-01	   1.1879848599156934e-01	  -7.4336384525202359e-02	   1.8642876746106712e-01	   3.4034061726478704e-01	   2.3929887585447435e-01	
   6.5212085465457614e-01	   4.5067189518091016e-01	   6.1509169475869041e-01	   4.1714008819308368e-01	   3.9223083606312931e-01	   4.6736910062138093e-01	   9.8257397140024005e-01	   7.8742151925371451e-01	   6.4340281022695456e-01	   5.4059603877977280e-01	   1.5675736202043680e+00	   8.4314273857418631e-01	   0.0000000000000000e+00	   1.0940197260470097e+00	   7.0699741391774862e-01	   5.5683684496142649e-01	   6.1373489940668124e-01	   3.7953978628345592e-01	   5.0849358509304332e-01	   3.7677550041968555e-01	   7.0498326310386883e-02	   1.0530790810127567e-01	   4.4530725737175320e-01	   3.3872559002612673e-01	   3.0535570988227118e-01	   2.8857362983008727e-01	   2.0690356782038022e-01	   2.0550390282704636e-01	   6.4825863690342034e-01	   4.4590252419141790e-01	   5.5255756582052484e-01	   5.1427971786721005e-01	   5.4868582482282524e-01	   6.0809099950847068e-01	   2.5504288336877795e-01	   1.9070072466132801e-01	   1.5379542672925814e-01	  -1.9668388248894841e-01	   3.0019518882303675e-01	   1.5855287226088285e-01	   5.7875875214178385e-01	   2.5146921430707558e-01	   4.0387416540497578e-01	   4.0846517277395655e-01	   3.8301195913197461e-01	   4.6802096561203577e-01	   4.0618542115435519e-01	   3.8958010235678325e-01	   5.0439252553963310e-01	   5.9248102533352109e-01	   4.4882880058207220e-01	   4.6740097613252862e-01	   3.0975828151818435e-01	   2.5447039683705430e-01	   3.3113505181624037e-01	   3.3948197012566889e-01	   3.5454479678526796e-01	   3.1993024775019324e-01	   5.3143367687230847e-01	   4.5048501401676722e-01	   6.3574907818340709e-01	   6.0959912962635365e-01	   4.9012943939639186e-01	   6.0033261991352349e-01	   2.6261528696298309e-01	   4.5410320459054954e-01	   3.9660527493937769e-01	   2.7810429447520812e-01	   2.5171865410942357e-01	   2.3744305709718963e-01	   6.9488557309653243e-01	   5.2253870344551057e-01	   5.3716932905564874e-01	   4.1734028133323425e-01	   5.7077008319561628e-01	   4.8692564076350475e-01	   5.6039109569426182e-01	   4.0748641540771846e-01	   5.4856138348636330e-01	   4.2568159077966239e-01	   5.3503784488898321e-01	   5.2236848692416349e-01	   5.9191493750630542e-01	   3.7318405950510136e-01	   5.6983469973500844e-01	   5.0770431632635904e-01	   1.9887499810636869e-01	   5.6064633098462137e-02	   3.5828291312192345e-01	   2.2343517109220040e-01	   1.2641972334924078e-02	  -7.5352813213017372e-02	   3.5969107899344717e-02	   1.2169902496638819e-01	   1.0379116848020969e-01	   1.8104522557475464e-01	   2.1660781670175633e-01	   1.5399289398239527e-01	   1.5840284657045617e-01	   1.9698570586752870e-01	   2.9379333899881488e-01	   2.6768119673648216e-01	   2.0597840578732013e-01	   1.2532229213401275e-01	   9.9672173480079257e-02	  -6.8075563828729887e-03	   5.5317499225892453e-03	   9.4680193799087459e-02	   7.2526847500273703e-02	  -1.9733316710598905e-01	   6.2318879331746558e-03	  -2.7078840279262009e-02	  -1.6315680088612258e-01	   6.8013434214438229e-02	   3.3024541490329146e-01	   2.1996539562723441e-01	
