   0.0000000000000000e+00	   8.0741947900372946e-01	   7.2748634365339859e-01	   5.5244087975049561e-01	   5.6844742998276365e-01	   5.5745466299192625e-01	   7.5340102207672455e-01	   5.2575238502322308e-01	   4.5872950319759531e-01	   3.1877081928939416e-01	   7.4347109074059925e-01	   4.9792354843001485e-01	   6.2656436716055741e-01	   4.8026906660716306e-01	   5.3232429761810396e-01	   4.7257269386779532e-01	   5.8364813970399609e-01	   3.1598793623843019e-01	   1.0961225202301295e+00	   6.7965025961990422e-01	   3.0708225988954985e-01	   1.3333816702952739e-01	   4.4922988813978737e-01	   4.0816213176809990e-01	   4.6859685045904526e-01	   3.2171738743323941e-01	   5.6282836810367998e-01	   4.6713212367248080e-01	   3.2301911770521841e-01	   3.4916916085252625e-01	   1.5358518557106421e-01	   3.8995872817596311e-02	   5.5200527077410455e-01	   4.7792333525267094e-01	   5.7710243041099729e-01	   4.6961376948695521e-01	   1.5484298833263305e-01	   7.5378436464749163e-02	   2.8494706155693666e-01	   2.5617392554342144e-01	   5.9430734870504831e-01	   5.5424686215666530e-01	   5.0986504115367437e-01	   3.8476663766923314e-01	   4.5454215003533538e-01	   4.2553309871569844e-01	   4.6764503536458801e-01	   4.1483421142431087e-01	   5.2530324568209363e-01	   5.1969403514463186e-01	   6.5751407944002316e-01	   4.7879597823823261e-01	   6.7947907509055039e-01	   4.8241063490369762e-01	   5.2615671764255889e-01	   4.1087339679469576e-01	   1.0603845730569499e+00	   8.5547321293755885e-01	   8.7228840104127814e-01	   5.6508092019670508e-01	   7.9239487652464158e-01	   2.7231616579079249e-01	   7.1451064709646983e-01	   3.6323589919817106e-01	   3.8409100330195645e-01	   3.2991531466557639e-01	   6.8161164297225574e-01	   4.6979940694337702e-01	   5.6028477524552289e-01	   4.2528152517592915e-01	   4.5728550481856806e-01	   4.1813408614309444e-01	   4.5281084860271709e-01	   3.7439039358406456e-01	   5.1437778128334199e-01	   4.5244905639791139e-01	   6.5530329169451074e-01	   3.3730348569569329e-01	   4.6687491017401805e-01	   3.4033174076863298e-01	   5.2145967949350691e-01	   4.8503954708305486e-01	   7.5121334049934496e-01	   6.4858598202727691e-01	   8.7950391936926364e-01	   4.4709729191229974e-01	   4.8281400589524626e-01	   3.1766777042437316e-01	   6.6038595522872012e-01	   5.0497681308047448e-01	   3.9078047494994195e-01	   4.3035776972944334e-01	   3.4779899396097880e-01	   4.9871963429452137e-01	  -5.1838688275244599e-02	   4.5527046383509649e-04	   3.1550130704124185e-01	   8.4370932763970327e-02	   4.7424010898030594e-01	   4.2759918400169206e-01	   4.2696378272237107e-01	   6.4248465752747719e-01	   2.5787968166905662e-01	   4.0259452584898048e-01	   2.0282947272373414e-01	   3.8513280722062324e-04	   3.7145984479982985e-01	   2.6195161360275598e-01	   2.4914145715152158e-01	   2.0237792794450438e-01	   3.8044793154100476e-01	   3.3913666976733603e-01	   4.0819947709277787e-01	   4.5955095432767923e-01	   1.4356526523938445e-01	  -4.4399999548598371e-02	
   8.0741947900372946e-01	   0.0000000000000000e+00	   4.8602102743510933e-01	   6.2558693829307244e-01	   4.9698311170879805e-01	   4.1034141378157762e-01	   3.6425672451704977e-01	   4.1479387679482432e-01	   3.1804050369527198e-01	   1.1109114925003313e-01	   2.1864007363654986e-01	   2.4506739297758035e-01	   5.8458565200588473e-02	   1.2373604224053343e-03	   3.8608654441830398e-01	   3.7287427738375339e-01	   5.9145094156386047e-01	   6.4949169385015393e-01	   7.9999621226861162e-01	   8.2228988630928423e-01	   4.9053229353464084e-01	   3.6717558582062781e-01	   2.8849039156180917e-01	   3.2598366804265561e-01	   3.5144457984637628e-01	   4.4904943141422188e-01	   4.6798680080131222e-01	   4.2526682869352000e-01	   2.7725127360556956e-01	   5.2281007244642441e-01	   1.8596014513997502e-01	   1.5535287038174309e-01	   6.8997910770661330e-01	   6.4097047891040937e-01	   4.6627231497598137e-01	   4.0328189342727949e-01	   3.3262408662969728e-02	   1.5486358384242099e-01	   2.5006187074707759e-01	   3.4366896400410651e-01	   5.1785408570179303e-01	   5.6327278305696682e-01	   4.6530168449826487e-01	   4.2721794158545456e-01	   5.2151903371399766e-01	   5.2586936931928685e-01	   4.3909476992478891e-01	   4.2594286825765848e-01	   5.0931042940152471e-01	   5.5146445760406393e-01	   6.5120446882903027e-01	   5.1933386099197554e-01	   4.7090369009333655e-01	   3.9062171243210425e-01	   3.5827891859006850e-01	   3.9201234250665751e-01	   1.0947313037056869e+00	   1.0728151768481002e+00	   4.7326545596361286e-01	   3.6069832823163817e-01	   3.4343588462941033e-01	   1.5213109353822951e-01	   5.4162123073691981e-01	   3.5566999596477411e-01	   3.5792637744833383e-01	   2.6878850480309791e-01	   5.4771720390581080e-01	   4.8052091959422250e-01	   7.4692358312562535e-01	   5.0222588893442976e-01	   1.3700988588297985e-01	   2.1504180687246360e-01	   3.2174519410508473e-01	   3.7403487292583820e-01	   3.3992727499072561e-01	   4.0700455574735989e-01	   5.7053772566349237e-01	   4.1689425619950837e-01	   5.6621369510526187e-01	   7.0782271518071327e-01	   6.3767269030249074e-01	   6.2721306164088619e-01	   6.9122742500103107e-01	   6.4642109394907366e-01	   5.8894581213196995e-01	   5.3428030621753919e-01	   2.7070017930851875e-01	   2.5274503941317439e-01	   3.8847140806829350e-01	   3.5159233095850284e-01	   2.1976865063096052e-01	   1.7408236067546193e-01	   1.6624145810416152e-01	   2.2555549600373975e-01	   2.0180079529779626e-02	  -9.8143982231567048e-02	   3.3263138322834912e-01	   9.3119787156507761e-02	   4.4309787060407052e-01	   3.8324993166020638e-01	   2.4197799813388252e-01	   2.7546452551581907e-01	   2.2276567408994943e-01	   2.0325081258238564e-01	   4.1667178081850401e-02	  -2.6169992465553399e-01	   2.0494525225215557e-01	   3.2052151626149793e-02	   1.5106502445477138e-01	   1.8100776285674605e-01	   3.6860108942502690e-01	   3.5699740033134186e-01	   4.0322089564632224e-01	   3.0383969232287988e-01	  -7.6560423659842169e-02	  -6.9122226451713365e-03	
   7.2748634365339859e-01	   4.8602102743510933e-01	   0.0000000000000000e+00	   9.3049366367105990e-01	   8.3991046059502250e-01	   6.1218314728765677e-01	   1.4744196636444129e+00	   7.1087224984328767e-01	   7.7492085516797826e-01	   5.8693392372560382e-01	   3.1033349881215389e-01	   2.8554460568517365e-01	   4.0105406240399644e-01	   2.9938267703414362e-01	   6.8938815897481986e-01	   5.8656690410718859e-01	   2.7710273845620009e-01	   1.8910545302442588e-01	   9.0073867619837455e-01	   5.0944122074070319e-01	   2.3326974591533728e-01	   8.2359015783943834e-02	   1.3524497697638607e+00	   1.0785489007519173e+00	   7.4173064809343181e-01	   8.0025042843697081e-01	   6.3361740141719824e-01	   5.4668733481233356e-01	   1.3542412789329722e-01	   1.6997012322812255e-01	   5.9687072700660093e-01	   4.6528310876399370e-01	   6.3349943947051213e-01	   5.8319500552410941e-01	   7.7420623243200548e-01	   5.5200255572721424e-01	   2.0829017170804470e-01	   3.9307731852274173e-02	   2.5404868703683120e-01	   7.2838659144683529e-02	   4.4150649382536844e-01	   3.5592857575678805e-01	   6.2224830933021569e-01	   4.8987458770333642e-01	   6.2088653706983998e-01	   5.1773945615040229e-01	   4.8308259867697062e-01	   5.6296997378641744e-01	   6.5686628872163877e-01	   5.5999415353636117e-01	   8.2661649049300068e-01	   5.7121133542786262e-01	   6.0726314949915339e-01	   6.1387963733123263e-01	   3.7300007423845405e-01	   4.5186157014626160e-01	   5.9001648533570294e-01	   5.0725704146706008e-01	   7.4266895493236518e-01	   5.0025877902556015e-01	   7.1753925435641719e-01	   2.9536635774695635e-01	   3.7607990413580911e-01	   2.2275862153572254e-01	   9.3208825675078610e-01	   5.0592922053745315e-01	   8.1759512132341605e-01	   5.4585612602360900e-01	   3.9454931132150134e-01	   3.4261141972108916e-01	   4.9243794491509774e-01	   4.1436316291879638e-01	   3.4100830364408197e-01	   2.9170411826049780e-01	   4.6070407009924746e-01	   2.4832567923057541e-01	   4.9044068083962244e-01	   1.9668191409552258e-01	   2.6613309075039226e-01	   2.5129354150211974e-01	   3.0935228427108286e-01	   2.9345542618283549e-01	   5.9344631189695418e-01	   5.0991299549298286e-01	   9.8575397425907174e-01	   6.1109550773263144e-01	   5.7412332938974153e-01	   4.2517189033539637e-01	   1.0085546241680625e+00	   7.3197078018467077e-01	   4.9807650202888926e-01	   6.5097577932156414e-01	   4.7773812881410482e-01	   7.2699988488571254e-01	   2.0191806242131627e-02	  -7.2248688568857092e-02	   3.4559010128505074e-01	  -8.8028139398116892e-02	   4.9407198803732322e-01	   4.8099163975103826e-01	   4.9153130535715683e-01	   6.1888625274378106e-01	   4.1266234037301036e-01	   4.8317386684683361e-01	   4.5956605506712800e-01	   1.8878669628561262e-01	   5.5348401204384512e-01	   4.9815930612025994e-01	   9.3158114249665733e-02	   3.7210991645228515e-02	   3.2046977768957913e-01	   4.6593883198425989e-01	   4.1790710852253088e-01	   5.3196554569153998e-01	   2.1403513241695207e-01	  -2.0003468336527885e-01	
   5.5244087975049561e-01	   6.2558693829307244e-01	   9.3049366367105990e-01	   0.0000000000000000e+00	   8.4384951850165657e-01	   9.1177091217591144e-01	   8.9863323856510735e-01	   1.4207351629863059e+00	   7.3415095399804464e-01	   8.0781189346758808e-01	   2.1225611165429861e-01	   3.1289816684657867e-01	   2.6095362983397641e-01	   3.7722840158619964e-01	   4.6028731033403275e-01	   7.1932572645461579e-01	   2.5801118556195424e-01	   1.5570735953161546e-01	   6.3565761986341318e-01	   5.9850377300995217e-01	   4.7590730208520482e-01	   3.2615364895578625e-01	   6.7585393175812836e-01	   1.1452879026796505e+00	   5.2421712712015844e-01	   1.0333843572475379e+00	   7.0563325951850786e-01	   7.2923750517281904e-01	   5.9316612434409104e-02	   1.9300284010535027e-01	   5.1707785456970934e-01	   5.1892421475831063e-01	   7.5181352856508010e-01	   9.0149617963835560e-01	   6.2307042302299420e-01	   6.7758554403843840e-01	   1.0392709851691964e-01	   6.1654864773130251e-02	   2.5222019390109524e-01	   2.6665620990396910e-01	   3.5535796091393412e-01	   5.1058308797580487e-01	   5.8494792909331661e-01	   4.9828908623877638e-01	   5.8081741794951403e-01	   5.9379547477025518e-01	   4.3531427562530911e-01	   5.3479559046461889e-01	   5.5137914802911348e-01	   5.6544257426188105e-01	   7.7944726281576282e-01	   6.5312171754749482e-01	   4.5199616849027352e-01	   4.3447538794898027e-01	   3.2333792228410579e-01	   4.1999881504633285e-01	   5.4459653056505175e-01	   4.9012908123538068e-01	   4.8334143163891902e-01	   5.4912878961189238e-01	   5.8178551337425632e-01	   5.4662216131228458e-01	   4.7624667841536322e-01	   3.4069244745437771e-01	   7.8287205043921970e-01	   9.0923740536066633e-01	   7.7879315942662930e-01	   8.1381982671267816e-01	   4.3401389393270162e-01	   4.4019477970360754e-01	   2.2418445204637866e-01	   3.9667874887495641e-01	   2.1798648561009032e-01	   2.1893100561992704e-01	   2.9408832525526318e-01	   2.5863208139514232e-01	   5.0028945095869448e-01	   3.7150958594099165e-01	   2.6692144247532001e-01	   3.3768045435962041e-01	   3.7151319653177095e-01	   3.3472780791249573e-01	   4.8692642529694474e-01	   4.7308151461041509e-01	   6.9877690062557996e-01	   9.8564108761206759e-01	   2.9206203143245940e-01	   4.9715355283580009e-01	   7.1107915286755730e-01	   9.6237801118324007e-01	   4.9968268627500689e-01	   5.0184284003806545e-01	   6.7552093752648801e-01	   4.8782261509964120e-01	  -1.8588228188709630e-03	  -6.5699172627390418e-02	   3.7285843855303058e-01	  -4.1135682803144794e-02	   4.3954325829325763e-01	   3.9573121437015951e-01	   5.3181134395758600e-01	   3.9791697288173822e-01	   3.7503015632892300e-01	   2.4516975397642188e-01	   3.8068582974751008e-01	  -8.7419837776480588e-02	   4.1050449110230336e-01	   2.3145027175766092e-01	   1.3591748678922448e-02	   1.3889818152886306e-02	   3.6891350965066527e-01	   4.8085175401644775e-01	   4.0919661691855658e-01	   4.2651648742702675e-01	   1.3524864806755188e-01	  -8.5478969171049995e-02	
   5.6844742998276365e-01	   4.9698311170879805e-01	   8.3991046059502250e-01	   8.4384951850165657e-01	   0.0000000000000000e+00	   1.1514673761882510e+00	   7.0648480359831889e-01	   6.9523764214839678e-01	   1.0245541001551974e+00	   7.6772225891779011e-01	   1.1629924123719024e-01	   1.7802383916756662e-01	   2.3070818113260938e-01	   2.8705662734162535e-01	   4.3331000804819125e-01	   5.5128509958569683e-01	   3.1511458105871182e-01	   1.7117551361617750e-01	   5.7357200761959359e-01	   4.7198823567083581e-01	   5.8835880596331058e-01	   3.9895267344841912e-01	   7.0008291527849631e-01	   7.1291840803743067e-01	   7.9119027774394479e-01	   8.4223400095984835e-01	   9.9320761181246686e-01	   8.3484758971254458e-01	  -3.5375899677984546e-02	   1.1244503901512698e-01	   2.6079656342190083e-01	   1.7293532601704553e-01	   3.9059386357723097e-01	   4.4076426824206932e-01	   6.1326495806297765e-01	   5.2721037968237194e-01	   1.5642811324424696e-01	   2.8382920085905365e-02	   2.0598736605038134e-01	   2.0474142386184760e-01	   3.4880518349709461e-01	   3.6913533504259916e-01	   5.0429695616102521e-01	   3.9597035964341043e-01	   5.1621097669441673e-01	   4.8094594882413139e-01	   3.9426205776654916e-01	   5.3357974183441637e-01	   7.0760284904609638e-01	   6.3897009182978892e-01	   8.4930470547316284e-01	   6.4213525975787167e-01	   5.8523973555998210e-01	   5.5865369105001417e-01	   3.3294302981303026e-01	   4.0689828900223729e-01	   5.0100310392617153e-01	   4.7599299129722994e-01	   6.4249528158871450e-01	   6.0109306429561127e-01	   4.4880514031183816e-01	   2.3108945038975606e-01	   2.9720044228032272e-01	   7.7660389971650229e-02	   5.9748853259520007e-01	   4.4095626467580962e-01	   8.2340329406703128e-01	   6.3830268666159973e-01	   4.6291733982856920e-01	   5.0109103653114484e-01	   1.1044043758294955e-01	   1.5428400455197661e-01	   2.4449921903616629e-02	   3.1843837491862689e-02	   8.2949918596426364e-02	   2.4866347637164672e-02	   3.4724067673774717e-01	   1.1620496783398095e-01	   2.8986747328884133e-01	   3.6096084706503995e-01	   3.8228042477985713e-01	   2.9976414685029695e-01	   4.5467371591617500e-01	   5.0359957928631194e-01	   6.6275537942525709e-01	   6.1843564401998752e-01	   2.3610330311070318e-01	   4.2661699668633968e-01	   7.7864903416867826e-01	   8.9385884596291021e-01	   8.2919029042225789e-01	   8.5487686024036658e-01	   8.0655037761426451e-01	   7.6452942369648835e-01	   1.4181880772198471e-01	  -3.3339515121274844e-02	   3.2081355698066033e-01	   5.5140838985290583e-02	   5.9952929043745784e-01	   6.1880558517681228e-01	   6.9816992635498787e-01	   6.8061347612815526e-01	   6.6972785141137481e-01	   6.0870964893367763e-01	   4.9668870616845767e-01	   2.0174620007819988e-01	   4.6183863279998266e-01	   4.2486895130753211e-01	   1.9147216281269730e-01	  -5.6919800134743390e-02	   3.2021199607812700e-01	   5.5033085764036849e-01	   4.6223277550902142e-01	   6.3751535938867221e-01	   2.4451790152732897e-01	   1.0389867680745940e-01	
   5.5745466299192625e-01	   4.1034141378157762e-01	   6.1218314728765677e-01	   9.1177091217591144e-01	   1.1514673761882510e+00	   0.0000000000000000e+00	   6.3460691008823766e-01	   9.3495875859762401e-01	   7.7117710778787651e-01	   9.5969026284814962e-01	   1.7388586074759838e-01	   2.4798575947798027e-01	   3.4087499614205796e-01	   4.7215012756971086e-01	   3.4080117607605570e-01	   5.7161259848170831e-01	   1.6502623113435963e-01	   5.0806967380949482e-02	   5.0202434331385892e-01	   4.6686961811388272e-01	   4.3219671663523307e-01	   3.5785283525586425e-01	   4.5036449210736851e-01	   6.1700396048553696e-01	   5.4071625897421960e-01	   7.0369962930256402e-01	   8.6280521542323618e-01	   8.0868682901124644e-01	  -1.0548757082444653e-01	   4.7178453163814867e-02	   1.3326276771390566e-01	   8.8451939936739027e-02	   3.5895068610064162e-01	   4.6942289209586729e-01	   5.9503477076732769e-01	   5.9153295762776359e-01	   1.8240909284719783e-01	   7.8161994569956636e-02	   2.3251359062769328e-01	   2.7211332277686801e-01	   2.8725772191081228e-01	   5.1943656159844309e-01	   5.2038654167294995e-01	   4.1319016677807069e-01	   5.0094060032893439e-01	   5.0642976047228494e-01	   4.0820578062674873e-01	   5.0240401957707781e-01	   6.6192045529377785e-01	   6.2799604615046745e-01	   7.3015689212835766e-01	   6.6692068854873632e-01	   5.9986660211503728e-01	   5.1815940043494391e-01	   3.8008224268121588e-01	   4.2628764377209721e-01	   4.1582378857198310e-01	   4.3846832031781163e-01	   6.7748975837722114e-01	   7.5922196673396369e-01	   5.5696123508018691e-01	   4.4984162407132244e-01	   2.5886567131056615e-01	   1.2802119530994671e-01	   5.3410645449795280e-01	   6.8203734221418455e-01	   9.2607022542407402e-01	   8.8495726425074772e-01	   4.5941658275923453e-01	   6.0389387526853566e-01	   1.0390949800969283e-01	   1.8491400218893034e-01	  -5.4270994349289774e-02	  -4.0087048240312728e-02	   6.3020870695496625e-02	   6.2638553922963747e-02	   3.7961553382073665e-01	   1.9547351119562986e-01	   1.1495882516971687e-01	   1.9336455631063371e-01	   1.8999347917932968e-01	   1.3552846135316363e-01	   3.4785690447352574e-01	   4.1163288426305922e-01	   5.3668513905682236e-01	   5.5696373115211140e-01	   1.9823266652789379e-01	   3.6454824048540901e-01	   6.7585251186482542e-01	   1.0288799045910961e+00	   8.5399694130877957e-01	   8.0638241488052653e-01	   9.6993528840042464e-01	   7.2614296358727803e-01	   9.4593803312102986e-02	   1.3166454467922565e-02	   3.7002575623160205e-01	   3.2757889638631028e-02	   5.7741007300930502e-01	   5.9611968134188809e-01	   7.9558332254212005e-01	   7.2327469323504201e-01	   6.0249400212358106e-01	   5.3577670952702383e-01	   5.5005373628870169e-01	   7.8264675026731040e-02	   5.3353479256020830e-01	   4.1683962297026472e-01	   1.0120051031887914e-01	  -1.0883492880924625e-01	   2.8533404587142364e-01	   5.1950657944186607e-01	   4.6802389949877665e-01	   5.4724057310417940e-01	   1.7862128906868827e-01	   5.5547232668155429e-02	
   7.5340102207672455e-01	   3.6425672451704977e-01	   1.4744196636444129e+00	   8.9863323856510735e-01	   7.0648480359831889e-01	   6.3460691008823766e-01	   0.0000000000000000e+00	   9.4469118089507553e-01	   8.2798569862725624e-01	   7.0405797679531934e-01	   4.5628314557750188e-01	   2.9616343292357439e-01	   6.2027429509479970e-01	   4.6925388683803099e-01	   5.3702172296102701e-01	   5.0153613671146169e-01	   3.1744479664951925e-01	   6.3948963630232794e-02	   9.0732804968527958e-01	   4.8514630304538742e-01	   1.9760244526842818e-01	   6.4737811680149636e-03	   8.6872086928480530e-01	   8.2653802023345646e-01	   4.3849517207993616e-01	   5.3927087474745883e-01	   4.9768144770920930e-01	   4.6317411213451620e-01	   2.0942505631455274e-01	   1.2586364330185520e-01	   4.4484063727978318e-01	   3.3413061262443600e-01	   6.2871386933746010e-01	   6.1552158210487828e-01	   6.5841308645037222e-01	   5.5599402574561518e-01	   2.6335108465245050e-01	   3.7500232046426094e-02	   3.0484114774343862e-01	   1.8586189966502639e-01	   3.4856933350613245e-01	   3.2358926201223615e-01	   5.2331613143701561e-01	   3.8673179919959971e-01	   4.9579555451305279e-01	   4.1370060069947306e-01	   4.1339186288853502e-01	   4.6466885210969328e-01	   4.6276305505382304e-01	   4.0971556384387203e-01	   6.3212094458720147e-01	   4.5761909534562961e-01	   5.5444590713141606e-01	   4.3400817830248789e-01	   3.9949057699069990e-01	   3.6000530940908249e-01	   4.6112840457208115e-01	   3.4690479538190966e-01	   7.2047677050630210e-01	   5.0188621632776131e-01	   9.6947538476000217e-01	   4.7494675035929479e-01	   4.3687288709307986e-01	   2.7294023459900441e-01	   1.0271400613171462e+00	   7.1011636845263271e-01	   7.6176489192428032e-01	   5.5298561688946313e-01	   3.4753616763768952e-01	   3.3605390408991526e-01	   4.8626774025022423e-01	   3.9356770785141931e-01	   3.9718911502863008e-01	   2.1821473094229929e-01	   6.0620384483933643e-01	   3.1272096320867787e-01	   4.7589490660753553e-01	   2.4416196802544410e-01	   2.8811735424734053e-01	   2.3314663755095683e-01	   2.5113559523182050e-01	   2.5271145471394818e-01	   5.6520555059928990e-01	   4.1372848162300851e-01	   9.6255936061972036e-01	   5.9674737337684614e-01	   5.7446603689874265e-01	   4.3773476471100659e-01	   1.0517277187323273e+00	   7.7335481174014276e-01	   4.7631485530940831e-01	   6.0923250751310742e-01	   4.9469643110833694e-01	   6.5235952669251396e-01	   1.4522560926503196e-02	  -9.4505091621296927e-03	   3.1090020121953271e-01	  -1.1509866373252899e-01	   3.9743507431637004e-01	   3.6520824981156630e-01	   4.5090566890415829e-01	   6.1417522292508853e-01	   3.1283326314731469e-01	   3.7364506384990742e-01	   4.2032181316632633e-01	   1.2977839027757121e-01	   4.3653961263888952e-01	   3.8780226950405311e-01	   8.6654635632801222e-02	   6.8791887441410446e-02	   3.1944391982461656e-01	   4.1905571703853639e-01	   3.1819100719327298e-01	   4.8212694522260946e-01	   2.4156971421082396e-01	  -1.1195313234429841e-01	
   5.2575238502322308e-01	   4.1479387679482432e-01	   7.1087224984328767e-01	   1.4207351629863059e+00	   6.9523764214839678e-01	   9.3495875859762401e-01	   9.4469118089507553e-01	   0.0000000000000000e+00	   7.5383239906447441e-01	   9.7292634736999828e-01	   3.4446861090691333e-01	   4.0621302300742146e-01	   4.6188171214004486e-01	   6.3862424643321170e-01	   3.5403804224279994e-01	   6.6664997803830639e-01	   2.2525996185243585e-01	   1.1950276718093185e-02	   5.4136288858606696e-01	   4.2798050771242113e-01	   3.8981381064429105e-01	   2.8097750868728916e-01	   4.6884752163762600e-01	   8.5573906378563547e-01	   2.7992674263006034e-01	   6.5940090782240490e-01	   5.1232834050731091e-01	   5.5727001833249146e-01	   1.1823251482490510e-01	   1.6403982367374584e-01	   3.8883786933264647e-01	   4.0128756102546376e-01	   6.6613885440857190e-01	   8.4172367691009020e-01	   5.4451707896855850e-01	   6.4916218700885475e-01	   1.3909733158543150e-01	  -4.6875137669899702e-02	   2.4874026063628107e-01	   2.2304606466763238e-01	   2.8262774190623152e-01	   3.6904517172033369e-01	   4.7547787005885839e-01	   3.9010006172862488e-01	   4.7577672246214064e-01	   5.0614705888942324e-01	   3.5444359052710711e-01	   3.8203955432385911e-01	   3.9005967763283600e-01	   4.5598785812146936e-01	   5.6735855419348880e-01	   5.1374986060487482e-01	   3.5574235192144399e-01	   2.7357223226962735e-01	   3.2213846073098928e-01	   3.0238276408688147e-01	   3.5533734056442656e-01	   2.7697732803343855e-01	   4.6445846122130524e-01	   5.4626069958529033e-01	   7.6686598096744185e-01	   7.9047633524886640e-01	   4.8226002980614957e-01	   3.7210897941539023e-01	   8.0864792554460230e-01	   1.1780313873193147e+00	   6.4299582919973985e-01	   7.3678885844338926e-01	   2.4837763389649520e-01	   3.0908071505842127e-01	   2.4107308011903289e-01	   4.2259001436523758e-01	   2.4806157834719672e-01	   1.9732143279552741e-01	   3.5966099045340244e-01	   3.0497523910735025e-01	   4.8722023483173371e-01	   3.9836057762346222e-01	   2.1010501480553220e-01	   2.2505694956603667e-01	   2.3992104614572260e-01	   2.1789548130442479e-01	   3.8268515746660886e-01	   3.3311609396675701e-01	   6.1437643763227900e-01	   7.6346632890294941e-01	   2.3937477679380831e-01	   3.9843040168719018e-01	   6.5109562469622773e-01	   8.4852658810383885e-01	   4.0882005545258376e-01	   3.9326565827057125e-01	   6.4735599003490985e-01	   3.9014835653197827e-01	  -3.8332616653461278e-02	  -4.3122512707102184e-02	   3.2774431713977759e-01	  -6.6955742532069054e-02	   3.3454255631848140e-01	   2.7731475158240226e-01	   4.5024698587796402e-01	   3.5830338696065400e-01	   2.6880725615024131e-01	   1.5261309336420517e-01	   3.6200277033893186e-01	  -1.0235979165698032e-01	   3.5033262741218074e-01	   1.2390777187757721e-01	   3.6083207683396761e-03	   2.0842654505790370e-02	   3.0579753140828925e-01	   3.7120498621130998e-01	   3.2266613272241723e-01	   4.3705713152809245e-01	   2.3680968597716134e-01	   3.1574251301287271e-02	
   4.5872950319759531e-01	   3.1804050369527198e-01	   7.7492085516797826e-01	   7.3415095399804464e-01	   1.0245541001551974e+00	   7.7117710778787651e-01	   8.2798569862725624e-01	   7.5383239906447441e-01	   0.0000000000000000e+00	   8.9679188462724169e-01	   1.9750541728785886e-01	   2.4782066955823673e-01	   4.4036598415181405e-01	   4.0779051699525909e-01	   4.8971698603661329e-01	   4.0813494563162062e-01	   3.4390437766698934e-01	   8.6191675302604159e-02	   4.8819733487581335e-01	   2.7184904969805490e-01	   4.6827091446826818e-01	   2.9101141912423389e-01	   6.1114573965740093e-01	   6.1189004974233596e-01	   3.4700380012497228e-01	   4.6578592261072949e-01	   5.0689911481270133e-01	   4.1087618665614012e-01	  -8.4160830194170616e-02	   6.0175477338346793e-02	   1.0872868211096137e-01	   2.6947592375519445e-02	   2.4574830954015586e-01	   3.2304791876162559e-01	   4.8275789478111342e-01	   4.4162543242241792e-01	   1.5230563363461402e-01	   1.2315066584329606e-01	   1.5261246554085930e-01	   1.8085364503391077e-01	   2.6209391940664684e-01	   2.9153507520948141e-01	   4.3066927817586254e-01	   3.6280647873526400e-01	   3.5183208435093660e-01	   3.7985802562072429e-01	   4.2968167398456131e-01	   5.2824017321770478e-01	   5.2750821756430266e-01	   5.6840997676164418e-01	   7.3916699331731806e-01	   6.0545389162703434e-01	   6.7908807434574814e-01	   5.3063512605855090e-01	   3.9777334694499217e-01	   3.8201505589904605e-01	   3.2308116068971132e-01	   2.6056461502581352e-01	   6.7937646211776548e-01	   7.0830073626866674e-01	   6.6945653053865062e-01	   4.5735724750498363e-01	   2.4126075341723724e-01	   1.6597283515152085e-03	   7.3269722316440489e-01	   6.0597236937042409e-01	   5.9377655349360059e-01	   4.8826017662450738e-01	   2.9011693374511188e-01	   3.1524046964017316e-01	   2.8289296545162540e-01	   2.5082779016244977e-01	   2.0315615223939582e-01	   8.0210222233663211e-02	   2.6313782911354938e-01	   2.0106557207882716e-01	   3.8674481517815862e-01	   2.5855125601521128e-01	   3.4751458572994343e-01	   3.1585863308177781e-01	   2.7919217202921098e-01	   3.4040150721693385e-01	   3.3136039769578607e-01	   1.7724936833803573e-01	   7.6637296585475823e-01	   5.7966674443380883e-01	   1.8290354549893195e-01	   2.5240450057769459e-01	   9.5287503858602451e-01	   9.4293089027116750e-01	   7.8754977910803670e-01	   8.1773190914486948e-01	   8.9105691343852222e-01	   7.6376473663813094e-01	   1.0522123418896345e-01	   4.7152860190864544e-02	   3.0950397972537885e-01	   9.7381913552745974e-02	   5.3039168498375033e-01	   5.3200446239501842e-01	   7.2979154212534481e-01	   6.7647423092038872e-01	   5.6378873070509816e-01	   5.1710959657894817e-01	   4.8512847127736564e-01	   2.5561573024369694e-01	   4.0598182319170040e-01	   3.2664850453694239e-01	   1.7181245415649193e-01	   8.4723929137704462e-02	   2.7169644977347163e-01	   5.0088120495016397e-01	   3.7146547490986648e-01	   5.1984187276845240e-01	   3.2149083556463537e-01	   8.7006158286860300e-02	
   3.1877081928939416e-01	   1.1109114925003313e-01	   5.8693392372560382e-01	   8.0781189346758808e-01	   7.6772225891779011e-01	   9.5969026284814962e-01	   7.0405797679531934e-01	   9.7292634736999828e-01	   8.9679188462724169e-01	   0.0000000000000000e+00	   2.0364473974343103e-01	   2.6223287743896173e-01	   5.0326691708045490e-01	   6.3497220117630304e-01	   3.7311400836154857e-01	   7.2664994248050729e-01	   7.1765850425418110e-02	  -1.4343229623831072e-01	   3.1943263815199868e-01	   1.9147664983585039e-01	   1.5271537386739800e-01	   5.7947515847909942e-02	   4.9851324296029398e-01	   7.1566531632723929e-01	   2.9868140852908748e-01	   4.7343867746826174e-01	   5.3948207994717601e-01	   4.8275012633681608e-01	  -1.5037150675949706e-01	  -6.0972323652014562e-02	   1.5928696850294602e-01	   1.6562382823913435e-01	   1.6337652107335787e-01	   2.7243572307130504e-01	   3.8072006210033460e-01	   3.8330155700244556e-01	   1.7403702626672501e-01	   4.4661769762127879e-02	   8.4943339332870585e-02	   1.7174866435440056e-01	   1.5113389351029172e-01	   3.1375049628026247e-01	   2.8205059780940095e-01	   2.0425130255166177e-01	   2.3172795348645903e-01	   2.3837442107101953e-01	   1.7477160550834972e-01	   2.8816837012837310e-01	   4.1426196138901639e-01	   3.7397411991605078e-01	   4.9033004532095298e-01	   4.0008049308551302e-01	   4.6020503514192240e-01	   3.6417930144540639e-01	   2.6338980526757705e-01	   2.2893883111311034e-01	   1.3834827804797312e-01	   1.7941704842893513e-01	   5.4261022184953045e-01	   6.5574240958382357e-01	   6.9019673001995097e-01	   6.3686901941617724e-01	   1.2414657822437314e-01	  -1.5002628477412121e-02	   6.3702044094612353e-01	   8.4080404357234340e-01	   5.1508683170510883e-01	   4.9609252057491726e-01	   1.7403357070964801e-01	   3.0353728816612086e-01	   1.9827230806089760e-01	   2.7623882094611973e-01	   9.2635985960819456e-02	   4.5419915179331326e-02	   2.2202456721021530e-01	   1.3774750165616073e-01	   2.1662791221062436e-01	   1.5640532112227604e-01	   5.9897618235927354e-02	   1.0790186070361253e-01	   2.3469446808233919e-02	  -3.7797735922346786e-03	   1.0330775259034021e-01	   1.3272279794083994e-01	   4.0479411596882947e-01	   3.7473281525976865e-01	   1.6250061885456565e-01	   3.7613343833491236e-01	   7.0161861474818910e-01	   8.9496271552522899e-01	   5.3512794003408248e-01	   6.5588578211448789e-01	   7.3600970324121562e-01	   5.8947151620228400e-01	   7.3326287972898654e-02	   1.9804026806633887e-02	   9.0384258330822378e-02	  -1.1726465950299123e-01	   2.3830580389813683e-01	   2.6119472985020842e-01	   5.3819869524424158e-01	   4.8150839275559409e-01	   3.1137011548446386e-01	   2.8890187956977775e-01	   4.4522651428596227e-01	   1.5467604587298020e-01	   4.3488281540699925e-01	   4.1079455647777652e-01	   4.5441828365164853e-02	  -1.0727735160352465e-01	   1.1841325523403212e-01	   2.2359429404867548e-01	   1.6206504490959123e-01	   3.6250403649134766e-01	   2.8170206552179594e-01	  -5.9062729638947016e-03	
   7.4347109074059925e-01	   2.1864007363654986e-01	   3.1033349881215389e-01	   2.1225611165429861e-01	   1.1629924123719024e-01	   1.7388586074759838e-01	   4.5628314557750188e-01	   3.4446861090691333e-01	   1.9750541728785886e-01	   2.0364473974343103e-01	   0.0000000000000000e+00	   7.1261050882581745e-01	   1.2197508149961513e+00	   8.0640596729918124e-01	   6.2324643392653911e-01	   4.1904887990861950e-01	   4.3843350102898193e-01	   1.3591299043380098e-01	   5.6862282567975064e-01	   2.9143740223701653e-01	  -7.4993012253509496e-03	  -1.0272942634950186e-01	   2.2053295903153783e-01	   2.4198876328334262e-01	   1.9025520133428234e-01	   4.6487413796795468e-02	   1.1384526863999835e-01	  -1.5259443463655101e-02	   5.5140868498878548e-01	   4.0985173604177849e-01	   1.2413991818735486e-01	   1.0237807995763887e-01	   3.2308844535674497e-01	   2.8787424535366818e-01	   3.2752253051432917e-01	   2.7042790634255831e-01	   1.1057828213602990e-01	  -6.4145403489748634e-02	   1.5484828509483142e-01	   1.0680438188828344e-01	   3.7565324234602893e-01	   2.6146712446789255e-01	   2.7058819190644084e-01	   1.7590012383843523e-01	   2.6284812152421549e-01	   2.3202966402785002e-01	   2.7271338273451873e-01	   1.4176185591026758e-01	   2.1703623056154578e-01	   2.6832991190522282e-01	   2.1571046123258331e-01	   1.5839178948974347e-01	   2.8964438223502553e-01	   1.7039054162327638e-01	   4.3357501960686107e-01	   1.6424330423345071e-01	   3.1294088239417184e-01	   3.1542926449117686e-01	   5.4725218532531794e-01	   3.6356963047494711e-01	   4.8932352161601911e-01	   2.4193622588879693e-01	   3.8139572918550496e-01	   1.7149404149948366e-01	   6.9337808935556369e-02	   1.5078317959025006e-01	   2.9636895588616191e-01	   1.9697346582043307e-01	   1.6220648223557060e-01	   7.1315545458263005e-02	   5.6747271024201063e-01	   5.9460329394716183e-01	   5.8595437158859109e-01	   5.9212472202406130e-01	   5.4807233437345693e-01	   5.2089435196018774e-01	   5.8338160908046444e-01	   3.7219566493746631e-01	   2.4835188828101573e-01	   8.4569278732413877e-02	   3.7494244001732385e-01	   1.7554560043810460e-01	   6.1014406763319950e-01	   3.2720480360141652e-01	   6.2988319733950415e-01	   1.6532075185769235e-01	   4.9284908608893097e-01	   1.6997757821868248e-01	   3.6562794577941360e-01	   1.4004622915201859e-01	   4.0614541348623072e-02	   6.6549736138134724e-02	   3.1154534459257616e-02	   8.8218538766452650e-02	  -2.7081873817339897e-01	   1.3499238324065285e-02	   1.1909725966757843e-01	   1.9807555466885805e-02	   9.6194928404053567e-02	   1.7584991289749122e-02	   1.2152472739835880e-01	   2.3403185432934898e-01	   3.3830832901841315e-02	   1.0295727482501978e-01	   1.2527139659936140e-01	  -8.6470894752022076e-02	   1.7715432295268416e-01	   1.3946489156162237e-01	   7.2381494966103604e-02	   2.1435580059213147e-01	   1.3405834278336884e-01	  -2.3452184800277543e-02	   3.2695201287122798e-02	   1.5876949564175705e-01	   1.4132275327520979e-01	  -1.7122771380093110e-01	
   4.9792354843001485e-01	   2.4506739297758035e-01	   2.8554460568517365e-01	   3.1289816684657867e-01	   1.7802383916756662e-01	   2.4798575947798027e-01	   2.9616343292357439e-01	   4.0621302300742146e-01	   2.4782066955823673e-01	   2.6223287743896173e-01	   7.1261050882581745e-01	   0.0000000000000000e+00	   5.0719375289658175e-01	   8.2914076828038008e-01	   6.0284865847945190e-01	   6.4120193659571167e-01	   2.7889624772046617e-01	   3.1585420658737334e-01	   2.1271142300685683e-01	   1.8351432823910280e-01	   1.7453318835522508e-01	  -4.0530031088021418e-02	   1.9458003403207158e-01	   2.6065789287834579e-01	   1.5860806517590126e-01	   1.8612454183945062e-01	   7.6212262846460474e-02	  -4.5736242184243929e-02	   5.5130572152753876e-01	   6.9456880505496732e-01	   2.8133647576876653e-01	   2.5244834553611034e-01	   3.7660827866698343e-01	   4.3263511997621157e-01	   1.7149911112443256e-01	   2.2751341867416916e-01	  -4.4088019702660838e-02	  -9.8756599005900711e-02	   7.5749680386052259e-02	   1.8301003613754779e-02	   3.3781798693987924e-01	   3.7130735435977336e-01	   3.5542575112595587e-01	   3.2243116130291161e-01	   3.7651984404291899e-01	   4.2961844644723413e-01	   4.2508188030369870e-01	   3.1445257995883730e-01	   4.2942630166210072e-01	   5.8753264865171340e-01	   4.2570456197280482e-01	   4.5252394444817767e-01	   2.9165806060257171e-01	   3.6514645276881985e-01	   5.4056347466345622e-01	   4.5220040218631763e-01	   3.0953059254510179e-01	   4.0724282946786722e-01	   5.1527347590768180e-01	   6.0880895967085635e-01	   4.8467065932162468e-01	   3.7828507391740274e-01	   5.3760159227333615e-01	   4.8513102795431462e-01	  -4.3331178484095532e-02	   6.7508677950276083e-02	   3.5864050704121586e-01	   3.7694416482642390e-01	   8.5562563686484142e-02	  -4.6129774056737030e-02	   3.3597036413364134e-01	   5.5989337564971353e-01	   4.8552031710545163e-01	   7.0337136976679360e-01	   3.7483405159268124e-01	   4.9564495166406441e-01	   3.7474972066640760e-01	   2.7509290400441777e-01	   9.2912286924355547e-02	   9.1342428144748855e-02	   4.1226246736715011e-01	   2.5024784766301528e-01	   3.9802380226894518e-01	   2.4995872004685310e-01	   3.3378605476670198e-01	   1.9027969095525321e-01	   3.2190129846822790e-01	   2.4080729055271755e-02	   1.8721954371620697e-01	   1.4459519498389850e-01	   9.2653973594852460e-02	   4.1841334397697286e-02	   9.5994622894998993e-02	   2.7655702672864421e-02	  -3.8373016355032968e-01	  -1.8250083722492733e-01	   4.0259131546854887e-01	   1.6456099825176840e-01	   2.9649266863106161e-01	   1.8044468085904378e-01	   1.9348049143788312e-01	   1.7127865939570630e-01	   3.1968191108344272e-03	   9.5076366187861652e-02	   8.5870488260406899e-02	  -1.8966627287736568e-01	   2.9273046118141266e-01	   1.7870718185762535e-01	  -1.8032754722922664e-02	   1.7298659460886695e-01	   2.7347944296508814e-01	   1.4168452158950731e-01	   2.6362558888944376e-01	   5.1114819525413843e-02	  -1.1238060062815920e-02	  -2.6395325533180697e-01	
   6.2656436716055741e-01	   5.8458565200588473e-02	   4.0105406240399644e-01	   2.6095362983397641e-01	   2.3070818113260938e-01	   3.4087499614205796e-01	   6.2027429509479970e-01	   4.6188171214004486e-01	   4.4036598415181405e-01	   5.0326691708045490e-01	   1.2197508149961513e+00	   5.0719375289658175e-01	   0.0000000000000000e+00	   1.1041347219235156e+00	   5.0072859756415089e-01	   3.8379329870271089e-01	   2.6359243188429593e-01	  -1.1030656587994213e-01	   4.7764856464217981e-01	   1.3847036269380983e-01	  -4.0978685491020551e-02	  -1.6291638854374305e-01	   3.1558443109014750e-01	   3.4782387749282284e-01	   1.9764031525498960e-01	   5.5896830654888041e-02	   1.8049105471230217e-01	   6.2654552975945882e-02	   2.4763302592069297e-01	   1.1834815539477345e-01	   3.8605099116102666e-02	   1.6478548413211221e-02	   1.1663670817541735e-01	   1.2798234949523130e-01	   3.5289430556222878e-01	   2.5875015794794387e-01	   2.5445581122646460e-01	  -6.0507861601252367e-03	   2.4372954866066943e-01	   1.1745928614580378e-01	   3.5708078357593664e-01	   1.8997612059458605e-01	   2.3186205137831106e-01	   1.0705770010096943e-01	   1.7631684676415049e-01	   1.4434506935643762e-01	   2.5058402803063046e-01	   1.5371037617862390e-01	   2.1923240352051251e-01	   2.5448183674706926e-01	   2.4097667130393097e-01	   1.9301842713701117e-01	   3.8384006026404366e-01	   2.1213536829309376e-01	   4.4598462851137016e-01	   1.9496106160036483e-01	   1.6297169251602128e-01	   1.0854905730154632e-01	   6.4811596555848927e-01	   3.9263067567513454e-01	   6.2723294929048945e-01	   2.9198581790338346e-01	   2.4867919002482969e-01	  -3.7663350805894238e-02	   2.5336618709933989e-01	   3.3881845896315232e-01	   2.7197780855048687e-01	   1.3847946296579208e-01	   4.9425214849944429e-02	   3.2820899656177162e-02	   7.1249206931175069e-01	   5.9961945577444087e-01	   4.8196086667021243e-01	   2.9562018812865731e-01	   5.6829744480238931e-01	   4.9453746074564642e-01	   5.4091895096146936e-01	   3.1491279438583897e-01	   1.8808489335159012e-01	   1.1711872726265334e-02	   1.4625836003603326e-01	   4.2331379751780848e-02	   3.9959479045391999e-01	   1.6158477212724512e-01	   6.3618179014305909e-01	   2.1036568221469581e-01	   4.4538125399752204e-01	   2.9955743405108126e-01	   6.0558531371316027e-01	   3.5309457698294372e-01	   1.8293569119770756e-01	   2.4780154627780857e-01	   2.1996421396776489e-01	   2.6233482595443680e-01	  -1.5493286477468349e-01	   9.6253041956705185e-02	   5.9818411046258610e-02	  -5.6059551150211870e-02	   8.9675544118153414e-02	   5.5220603450901115e-02	   1.7872172506825332e-01	   3.6308107041612020e-01	   6.1854114074972238e-02	   1.3685677540840263e-01	   2.3341660179822832e-01	   6.6697181261719946e-02	   1.7470346027433983e-01	   2.4026164794894117e-01	   1.0652930552974940e-01	   1.3301080587114572e-01	  -9.8448179271736196e-03	  -2.9312318118500210e-02	  -2.8955688795102692e-02	   2.7022321075475336e-01	   3.0455345768611175e-01	  -1.1718680326401579e-01	
