   0.0000000000000000e+00	   5.7114134681856854e-01	   5.0874315749463961e-01	   4.9823569651437205e-01	   4.8463412611092577e-01	   4.9825264155472565e-01	   2.4520030046752658e-01	   2.2098231594096968e-01	   2.7945509347567793e-01	   3.3345818343667577e-01	   5.4906048592293322e-01	   4.1256317960164340e-01	   2.4225876188483322e-01	   1.4260067345546809e-01	   3.8691977110390652e-01	   4.9664634338999081e-01	   4.7092830045484468e-01	   4.8830100261624121e-01	   6.8680238802204641e-01	   6.1873049401317448e-01	   4.1250749350218174e-01	   4.6520504065320434e-01	   3.0846946726298863e-01	   3.8007493193008590e-01	   2.6237178533716937e-01	   2.1826658715958835e-01	   4.8416741106947103e-01	   4.7386753843956064e-01	   4.9631475044109485e-01	   4.6093263650701005e-01	   1.2837599934811905e-01	   1.6865635683993521e-01	   3.5138093677943011e-01	   3.6125732884732115e-01	   5.0955869041266345e-02	   1.7080788719999837e-01	   2.2057107348362429e-01	   4.2791780582771310e-01	   1.6474881414350478e-02	   2.0393186342777292e-01	   4.4327253562400831e-01	   5.0198396017825131e-01	   3.5255163560167287e-02	   2.9585636683595623e-02	   1.2693904880447551e-01	   6.0776327706684785e-02	   1.7331641329424732e-01	   1.2458315344470182e-01	   1.7459529882093183e-01	   1.1604397256085366e-01	   2.5729252169128936e-01	   3.4249266765627251e-01	   3.5770233374383620e-01	   2.8188577627887706e-01	   4.3532066396349922e-01	   4.1041708764849005e-01	   7.8434040245465386e-01	   6.4002909693671728e-01	   5.8713155585335230e-01	   5.8944015013162476e-01	   4.4163644542137526e-01	   3.4958327795512967e-01	   5.1099325336118484e-01	   5.0524424900580200e-01	   2.3678647619985310e-02	   1.5717063439069701e-01	   3.7608383322880973e-01	   2.7797237743245318e-01	   4.4350211839983156e-01	   4.8246415784569235e-01	   2.3198166664259920e-01	   3.1166893716646354e-01	   4.8293220184682123e-01	   3.4327238115460812e-01	   5.1246554978415448e-01	   3.5281104303555866e-01	   3.6123144942748714e-01	   2.6927267889697126e-01	   4.9998590864567494e-01	   3.1484278215493922e-01	   5.9020598279837655e-01	   4.1988246059438411e-01	   2.2560533932825497e-01	   5.6016482437692572e-01	   2.1026353399235065e-01	   3.4426774485863149e-01	   1.4014270281448687e-01	   1.2930576915856676e-01	   5.4838800758268857e-01	   5.7600357476784103e-01	   3.3673750914968426e-01	   3.2591931660995560e-01	   2.4229757356708390e-01	   2.4593301204094808e-01	  -2.2635297441509081e-01	   2.1892962663255647e-02	  -9.1708271841594857e-02	   1.6110051702991623e-01	   1.4386873409409412e-01	   4.3015719117174844e-01	   1.9106091216230958e-01	   2.2244276114300315e-01	   1.2527155232272905e-01	   1.9554540977327289e-01	  -6.1706274141036618e-02	  -3.1331364853843968e-02	   2.1616316570038019e-01	   2.5319443932945390e-01	  -1.5416731165660363e-01	  -7.8981774632089011e-02	   1.2701698697988459e-01	   2.9550710867143026e-01	   3.5325338502430637e-01	   3.4240075362371880e-01	   1.1860222858942115e-01	  -1.5435250778529280e-01	
   5.7114134681856854e-01	   0.0000000000000000e+00	   4.3910433828561246e-01	   5.8047267381355794e-01	   4.8492073561182703e-01	   3.4806069841094067e-01	   1.9559364013497174e-01	   2.0547633196039911e-01	   2.3957626432166831e-01	   2.2980350888919474e-01	   3.2450822313492916e-01	   5.0887691228501852e-01	   8.6323724804442836e-02	   7.2815293948273879e-02	   3.5007451210721635e-01	   3.5262205183649087e-01	   4.3022259078237907e-01	   7.2252556047122385e-01	   7.1356313949033723e-01	   7.7774013197526404e-01	   5.1205023135970729e-01	   5.0814503641548692e-01	   3.0486543099392843e-01	   3.2007154053144238e-01	   2.8081976170176937e-01	   2.2728075488317029e-01	   3.6809970070644615e-01	   3.3780930728232467e-01	   4.9687173949119168e-01	   5.0527147312584830e-01	   2.1367749960498533e-01	   1.9283757627604539e-01	   4.7917268102014110e-01	   5.3405528098473565e-01	   1.1618372501600227e-01	   2.0950623251957301e-01	   1.3506714913654799e-01	   5.5383032667803545e-01	  -2.7523754322063797e-02	   3.1791986966904312e-01	   2.8656257594902701e-01	   5.3655355656666170e-01	   1.1193368427558351e-01	   8.8573323348310334e-02	   1.7486011961388048e-01	   1.1953293447834058e-01	   2.0037790659146293e-01	   1.8130599457987645e-01	   1.6507962019657885e-01	   9.2475592819619951e-02	   2.8486225025900558e-01	   3.3335278144251990e-01	   3.2222238757217125e-01	   1.4552054494448566e-01	   3.5967196784990119e-01	   3.3430990351072731e-01	   6.5561984044648414e-01	   8.5361565287098784e-01	   4.2974911168189445e-01	   5.9656654784126739e-01	   2.7762961244622708e-01	   3.6416366188208166e-01	   5.3989444855772262e-01	   6.4742434900790502e-01	   1.5668625667039505e-02	   2.1537070003700756e-01	   3.1066160863933256e-01	   3.3485293695851959e-01	   5.5366361650974938e-01	   4.9714540992432010e-01	   2.3960766671426489e-01	   3.2654263347134310e-01	   5.1718743223790897e-01	   3.9019157646354263e-01	   5.8426761489385037e-01	   4.0431529091110768e-01	   3.9226922710067447e-01	   4.7161385120625043e-01	   5.5275631895125676e-01	   4.8711337575495739e-01	   6.6956825934982755e-01	   5.7494235964898999e-01	   3.2462792329853940e-01	   6.6099890639351022e-01	   1.9773962108646775e-01	   3.4153157294139802e-01	   2.6604522698975264e-01	   2.9397531149679734e-01	   3.8137780634736984e-01	   4.1569742846558033e-01	   3.6618643600170281e-01	   1.9117289990116565e-01	   2.1640460019800151e-01	   1.9419703336169569e-01	   5.9639869493999159e-02	   1.8091031954271103e-01	   1.1136269267145404e-01	   2.2220253813384999e-01	   2.5663485016870946e-01	   3.6756507384056109e-01	   2.4990296710524645e-01	   2.0088427930432551e-01	   2.6007798951564493e-01	   2.2595650635168651e-01	  -1.9589762578607603e-02	  -9.5472877912144774e-02	   2.4142584050232074e-01	   1.8661930126409790e-01	  -1.6948907453645726e-01	  -1.6780033676187987e-02	   2.7867515873275378e-01	   3.3284453166649830e-01	   3.3322957714363766e-01	   4.1906647740153480e-01	   1.0506621102563433e-01	  -1.5588084584499778e-01	
   5.0874315749463961e-01	   4.3910433828561246e-01	   0.0000000000000000e+00	   7.0723656328654561e-01	   6.3990453224713595e-01	   6.0767499938813063e-01	   8.5750329693098537e-01	   7.0929138428516403e-01	   6.4967261226726714e-01	   5.8940664804611353e-01	   4.7575593977193809e-01	   5.4513453608305085e-01	   5.1481378810382483e-01	   3.6169190725789979e-01	   4.9944710706479811e-01	   4.5319863025022999e-01	   2.0027973694779555e-01	   3.0923261348088171e-01	   5.6547444285722070e-01	   5.8566394808280120e-01	   4.0321513851867163e-01	   4.9970242477032922e-01	   7.8120368514705263e-01	   6.6582878079599239e-01	   6.4246697138834796e-01	   5.8320314410034468e-01	   4.5827793956728435e-01	   4.2554598006354799e-01	   3.6187067160427910e-01	   2.7587456986271108e-01	   4.8335357085485037e-01	   5.3579427807446556e-01	   6.7509099014566476e-01	   7.4930436680389256e-01	   5.7410057762297984e-01	   6.7667157947211720e-01	   2.4508510724507693e-01	   4.0949712555471718e-01	   5.7616374398947956e-02	   2.7089631500784328e-01	   3.7976073996173088e-01	   3.4964412131931205e-01	   1.2129686175026219e-01	   9.3466486205008859e-02	   4.3642750448725492e-01	   2.2193292583621121e-01	   1.8142293882850241e-01	   2.2821878945718277e-01	   4.7113753845728729e-01	   2.7973811365687185e-01	   5.7108277559765108e-01	   4.7864220520101330e-01	   3.1398663255173775e-01	   3.2072517736968503e-01	   4.6386540676902388e-01	   3.4167530537840046e-01	   3.5260879288182023e-01	   4.7485704344238372e-01	   6.0143710908540526e-01	   5.5272885401153338e-01	   5.2096761967942284e-01	   5.8124623785194529e-01	   1.8662401427791397e-01	   3.9062275742954933e-01	   5.5673829845755263e-01	   5.8916200239200078e-01	   6.6423922999824281e-01	   7.1358470084638070e-01	   5.1779535925044040e-01	   7.4812162746702815e-01	   2.7977573833050839e-01	   4.4811638752447636e-01	   3.6413585081271704e-01	   4.0999063152841275e-01	   3.3157023349350484e-01	   3.8952763948061897e-01	   4.1169761518721371e-01	   4.6000074502695976e-01	   4.0265536142586822e-01	   1.9343461795796238e-01	   3.6144584366047960e-01	   4.9441558519968198e-01	   4.4305163614785359e-01	   5.1694697207630946e-01	   3.5769613070515532e-01	   5.3044222041062783e-01	   3.2710240332147084e-01	   3.9236776230909626e-01	   6.6280518320815107e-01	   6.7807125316113648e-01	   3.8486020381634889e-01	   4.8984812232084080e-01	   2.4271986486978001e-01	   3.2794216551001193e-01	   1.1769813693285447e-01	   9.0408127523170512e-02	   2.0122668860335360e-01	   1.9542949448170710e-01	   2.2008260587960413e-01	   1.5152722388215678e-01	   1.7709493585008004e-01	   1.9167940787410365e-01	   1.8836697174089972e-01	   1.8338999092792019e-01	  -1.5457791633244544e-01	  -2.0665864318575031e-01	   9.3585469222723650e-02	   3.0869234317052124e-01	  -1.4197671392554606e-01	   1.5792168133458639e-01	   3.9516606302734558e-01	   3.8598229140469126e-01	   3.3048069888232678e-01	   3.2335170037001471e-01	  -9.9084883443170679e-03	  -4.5265855647752573e-01	
   4.9823569651437205e-01	   5.8047267381355794e-01	   7.0723656328654561e-01	   0.0000000000000000e+00	   6.0033779960152445e-01	   6.9001758843652805e-01	   4.7527826386044281e-01	   6.5873510078059083e-01	   3.1758031603973547e-01	   5.7121127636373292e-01	   1.8459451421311757e-01	   4.4564012830010002e-01	   1.1138385236298574e-01	   1.6679921817935650e-01	   2.7298526955388236e-01	   5.0261078490825284e-01	   2.2839898886537760e-01	   3.8100515001036939e-01	   6.2057991490590170e-01	   6.9578504241794392e-01	   4.7668689787455720e-01	   5.6026658076468705e-01	   5.2137233408955008e-01	   6.7227205196745210e-01	   4.4434071865439773e-01	   4.8528271221407837e-01	   5.8865956311394596e-01	   5.5324087783862086e-01	   2.4937062587144793e-01	   3.6889816425124500e-01	   2.7727710454509458e-01	   3.5792705196585822e-01	   4.7557440105942905e-01	   6.3643232598868194e-01	   2.6522190434768789e-01	   4.3949343277910402e-01	   1.4854315269594526e-01	   5.4882650671143440e-01	   1.3926740027106456e-02	   3.6919346712617518e-01	   2.7443535243636197e-01	   4.0920910760833334e-01	   2.5782447873834735e-01	   2.6222273260312162e-01	   2.9938972359514665e-01	   3.2923012574588573e-01	   3.3211583205280676e-01	   3.7770080607067114e-01	   2.8466169461743684e-01	   3.0831375425171742e-01	   3.3293516606584084e-01	   5.2476520521483017e-01	   1.8366075426979003e-01	   2.4914638377600234e-01	   4.1855718243519607e-01	   4.7651098006447756e-01	   5.1490501827964541e-01	   6.6450345084896478e-01	   5.0138825413944366e-01	   7.0357735871206928e-01	   2.4489791725359444e-01	   5.2830979439410897e-01	   2.6961110168548658e-01	   4.0883977875702171e-01	   1.6467364910932050e-01	   5.7552597119446458e-01	   4.7272878481043473e-01	   6.4247268160558424e-01	   4.9750648432648203e-01	   6.7430695789563133e-01	   2.1896005600795210e-01	   3.6213418327094715e-01	   3.4846101252718209e-01	   3.4677245292844355e-01	   4.1556835196620423e-01	   4.1928038178656457e-01	   3.5440916756724916e-01	   4.6757334331234951e-01	   4.3883865384432169e-01	   2.2434280949168445e-01	   4.5823530964416026e-01	   4.1065074817081454e-01	   3.0839835452389830e-01	   5.4394072164981078e-01	   2.0346458837068487e-01	   5.4822226646861594e-01	   2.9089081758958418e-01	   4.5976493973912430e-01	   6.3656434467142065e-01	   7.2832804399207385e-01	   3.2861802938682605e-01	   2.8315536789062096e-01	   2.3831772399128826e-01	   1.7950008227588449e-01	  -1.0170725171163944e-01	   1.2902364759906357e-01	   5.9680426298038193e-02	   2.6711933871817883e-01	   2.2450428704494624e-01	   3.1451641024695526e-01	   1.4037637745204909e-01	   3.3984477265893959e-02	   1.6716314113660780e-01	   6.3651573522871804e-02	  -1.6264086419437773e-01	  -1.8869700834049652e-01	   6.9487975778488614e-02	   3.0290545974884037e-01	  -2.5206524507925659e-01	  -4.5865084270907186e-02	   3.2133070633899169e-01	   3.5522059257251087e-01	   3.2842560108958452e-01	   2.8822374509722232e-01	   2.8562705471469685e-03	  -3.9969162733212915e-01	
   4.8463412611092577e-01	   4.8492073561182703e-01	   6.3990453224713595e-01	   6.0033779960152445e-01	   0.0000000000000000e+00	   6.3373143888965533e-01	   4.9617599579063931e-01	   3.8779310962464331e-01	   6.4359598383831718e-01	   4.6701939619124355e-01	   3.1799858648983237e-01	   2.6521237702151745e-01	   2.7647977262668932e-01	   1.6637895834312366e-01	   4.6936259941949016e-01	   4.8416436269220986e-01	   1.3725254778892150e-02	   2.4453978750769240e-01	   5.1152184100640063e-01	   5.7420517937002713e-01	   5.4747422162998327e-01	   5.7256715645441403e-01	   5.3207659875479396e-01	   4.7117661125159715e-01	   6.1224208903245070e-01	   5.2344893840139417e-01	   7.1148999497187793e-01	   5.4091960855882582e-01	   1.8488933218917442e-01	   2.4407135151756690e-01	   2.6610527431438824e-01	   2.3805184307657629e-01	   3.2773119674672374e-01	   4.4451615549403295e-01	   3.8815590764499430e-01	   4.9841555553030520e-01	   1.0217381544602781e-01	   4.7226010806743973e-01	   1.0895160109580193e-02	   2.8851777465958006e-01	   2.9750654643769342e-01	   4.8284019578370080e-01	   2.6915066570207125e-01	   2.4707957198851987e-01	   4.1502629026403498e-01	   3.2287545287647301e-01	   3.9069113576644399e-01	   3.6353684832068617e-01	   3.0177166672708133e-01	   3.5098330869668670e-01	   4.0472749299063682e-01	   5.2233212584672994e-01	   3.5072882143053397e-01	   3.8822848460772408e-01	   4.9895011142662571e-01	   4.0660042604840702e-01	   3.1050632958563607e-01	   5.3172854092649602e-01	   4.3391725057297270e-01	   6.0561229042394527e-01	   2.6505666396248811e-01	   3.9407355825143958e-01	   1.4064741179703696e-01	   3.0216863441218933e-01	   3.3246528403818743e-01	   4.2402203017142981e-01	   4.5672275681881946e-01	   5.7234737548182602e-01	   4.5637789906750070e-01	   6.9919482278742240e-01	   2.4294223850683769e-01	   3.0591703014353627e-01	   3.1028487195168258e-01	   2.8511010224832478e-01	   4.6071495541318908e-01	   3.3807864077956729e-01	   3.2018036895116775e-01	   2.8403155205580399e-01	   2.7976397872614583e-01	   1.9137764492611858e-01	   3.3247565504000276e-01	   3.1970715636911684e-01	   3.1907316390365881e-01	   4.3116121207965608e-01	   3.6582098218724124e-01	   4.2677106632750134e-01	   1.1615531650095590e-01	   9.9483325561506436e-02	   6.2669920769114373e-01	   6.3014296022183269e-01	   4.4770513109486948e-01	   4.1919304670258117e-01	   2.0596955637345782e-01	   2.2804916777655662e-01	  -7.6514285224053555e-02	   1.1189104777309253e-02	   1.4972884406603917e-01	   1.6353203919608525e-01	   3.8642545706463660e-01	   2.9624426462816555e-01	   2.6229381083063952e-01	   7.5550321778611942e-02	   4.1462880283197673e-01	   1.3488588550463436e-02	  -5.3825354211704937e-02	  -1.2829493698687691e-01	   2.1853951549476974e-01	   6.8533571098082363e-02	  -2.9467297480246712e-01	  -1.2335370859752630e-01	   3.1056732869097747e-01	   3.4877766083854034e-01	   3.3205970208463881e-01	   2.2114548480905089e-01	  -4.8413906714669441e-02	  -3.1082300326061030e-01	
   4.9825264155472565e-01	   3.4806069841094067e-01	   6.0767499938813063e-01	   6.9001758843652805e-01	   6.3373143888965533e-01	   0.0000000000000000e+00	   4.0885628704808141e-01	   4.5776164683626513e-01	   3.5394074835658013e-01	   5.2049344566969757e-01	   1.7280336785952413e-01	   2.5762151902266495e-01	   1.4515242988834259e-01	   1.7262859495013366e-01	   3.6041363183432423e-01	   6.1174898496574381e-01	   1.0121092592290640e-01	   1.8760470141379643e-01	   4.9475369262708424e-01	   5.0284813075507528e-01	   5.2705636375414100e-01	   6.1621772726297186e-01	   5.0900706272967400e-01	   5.9587605519076203e-01	   4.8739926262996802e-01	   4.8684693070170271e-01	   7.3521674387036673e-01	   7.5648753263616941e-01	   1.8676307153467533e-01	   2.9288257003040730e-01	   1.8396222138345647e-01	   1.8952549319661838e-01	   2.9432792268096458e-01	   4.0093246879312755e-01	   3.2816074819230406e-01	   4.4301333468567777e-01	   2.9193585460616112e-01	   4.8813621531722828e-01	   2.9127648901024950e-01	   4.6728077036836324e-01	   3.1084865974618192e-01	   4.3714173051898286e-01	   2.6086774888386405e-01	   3.1071935563485104e-01	   2.5367535776236061e-01	   2.1979511769873464e-01	   3.8964809408984730e-01	   3.9113754160594216e-01	   3.4974308443133273e-01	   2.4882058224742126e-01	   3.9728077950188312e-01	   5.1452122790465660e-01	   3.4160480887740613e-01	   4.3015173251244476e-01	   6.0057922438923106e-01	   6.4499248132110965e-01	   4.0467651059289661e-01	   5.1969500807279645e-01	   4.9344146864251665e-01	   6.8561248275065745e-01	   2.2101089285085940e-01	   3.4232288209463613e-01	   1.2288410616080386e-01	   1.8431275990979132e-01	   1.3191799551904593e-01	   4.5981288265684583e-01	   4.6897835000761512e-01	   5.7958674040123415e-01	   4.9157503880278797e-01	   6.4393825910988067e-01	   3.2690818157662793e-01	   4.1071701051436499e-01	   3.7194872473786639e-01	   2.7988707227451132e-01	   4.3775954896972102e-01	   3.8706558168052563e-01	   2.7851862683301959e-01	   2.4040518019784429e-01	   3.6768599040730182e-01	   1.7299143290360480e-01	   3.5033422303817607e-01	   3.0457680135849569e-01	   2.8681112488706068e-01	   4.6719236872989844e-01	   2.6701409075130816e-01	   5.1691151598685081e-01	   2.1809761474001341e-01	   3.5710890617488256e-01	   7.1356521445127741e-01	   7.5550316866243361e-01	   4.4908784557108061e-01	   4.0664157245021254e-01	   3.4550472297572637e-01	   2.6433862737407932e-01	  -1.8905071768540394e-01	  -2.3508032913962047e-02	   8.2662517062314700e-02	   2.9463883826396509e-01	   3.5568777814572872e-01	   4.4343103633624814e-01	   2.2366372921851818e-01	   5.9964543502532032e-02	   2.9982468702882936e-01	   3.0754906891263981e-02	  -3.4541563433800493e-02	  -1.3144511696086139e-01	   1.1085980770469597e-01	   1.6081077733389482e-01	  -3.9369341074430897e-01	  -1.4485558570814475e-01	   3.2423787083526473e-01	   3.2660587505097927e-01	   3.6193217427615931e-01	   2.0789505852518472e-01	  -6.3538874676883406e-02	  -2.2824217317142148e-01	
   2.4520030046752658e-01	   1.9559364013497174e-01	   8.5750329693098537e-01	   4.7527826386044281e-01	   4.9617599579063931e-01	   4.0885628704808141e-01	   0.0000000000000000e+00	   7.9869704516591900e-01	   6.7587894352560851e-01	   5.9021766689388466e-01	   4.6537413766625146e-01	   5.3215408121666896e-01	   6.3926839029748816e-01	   4.3161640041334892e-01	   4.7244700233802939e-01	   3.3727530657961435e-01	   5.4622720044448021e-02	   1.3797136976380181e-01	   4.2226503948076799e-01	   3.9409539154708079e-01	   2.0470338666890892e-01	   2.5468476830727627e-01	   6.9912781870150942e-01	   5.4570156174364570e-01	   4.5290236749452095e-01	   4.0294655278352381e-01	   1.5993461174178386e-01	   1.4563911195041654e-01	   3.1866062308395021e-01	   1.7288348223169084e-01	   4.2913343809973981e-01	   5.5747436550944274e-01	   6.4177745620600990e-01	   6.9284575499404633e-01	   6.0978615738941244e-01	   6.4521179022543507e-01	   1.9894436150947042e-01	   1.9276022614990224e-01	  -4.5252168475166950e-02	   1.0363628839511656e-01	   2.3222696504491835e-01	   1.3083547171635276e-01	   6.3482584537150694e-02	  -4.1347581298807931e-02	   4.6317974824911146e-01	   1.2393560972123066e-01	   7.9227936251337658e-02	   7.4665996404641125e-02	   4.6143258950397326e-01	   2.0485881732647077e-01	   5.5088339326777169e-01	   2.7635461056444904e-01	   2.2530513735808300e-01	   2.1700341598307105e-01	   2.9625834138203389e-01	   7.2521891810102490e-02	   3.3682043006943517e-02	   1.4861581334030444e-01	   4.5122800979060090e-01	   2.4169147493272902e-01	   5.8557671042785531e-01	   5.1242032859119258e-01	  -4.2459498330917153e-02	   2.4822811265777872e-01	   7.6469492154111529e-01	   4.8101399973460524e-01	   6.2658426151842583e-01	   6.0819158812030172e-01	   3.3825144093234238e-01	   5.8565126337303841e-01	   8.6227848376389887e-02	   2.7882989085088056e-01	   1.9849471291138299e-01	   3.6694805852680079e-01	   1.0241103718708372e-01	   2.6548888806439053e-01	   3.4919941770095003e-01	   4.2781376658454628e-01	   1.8246367247271045e-01	   2.0278563449703923e-02	   7.9756200610857031e-02	   3.5656112020920305e-01	   4.2308307972387110e-01	   3.3844442174894984e-01	   3.1302148800666679e-01	   3.8971151969821971e-01	   2.9077713956750517e-01	   2.6032533929617607e-01	   4.5290088098412729e-01	   4.2720368970172584e-01	   2.9510029320134351e-01	   4.1501632578043879e-01	   1.9079674934524682e-01	   2.2392798172206796e-01	   2.0924112627486580e-01	  -4.4114494899143595e-03	   2.1107266022251858e-01	   4.0618464673531406e-03	   1.6261579910494409e-01	  -9.5503159841901053e-02	   1.4317160567480303e-01	   1.4982108885004092e-01	   1.7404508366595775e-01	   1.1668710818910814e-01	  -1.5917162742740465e-01	  -2.1788956904011961e-01	   6.4278827205201852e-02	   2.0404894495501030e-01	  -5.8514040672886868e-02	   1.7667945383422490e-01	   2.7432703190263874e-01	   2.5888242922776550e-01	   1.7286004156239940e-01	   2.8015221675503665e-01	  -3.2980478458671698e-02	  -4.8023271568719428e-01	
   2.2098231594096968e-01	   2.0547633196039911e-01	   7.0929138428516403e-01	   6.5873510078059083e-01	   3.8779310962464331e-01	   4.5776164683626513e-01	   7.9869704516591900e-01	   0.0000000000000000e+00	   5.1459423647057956e-01	   7.2389694975623176e-01	   3.4827238922982040e-01	   6.3724758616211230e-01	   5.2975854768476138e-01	   5.7533805557497097e-01	   4.3218746886714493e-01	   5.1992268434394540e-01	   8.4802086070480925e-02	   1.2564521275498067e-01	   4.1459297578639687e-01	   4.4369038084587775e-01	   1.3370549649965052e-01	   1.5850499304513752e-01	   6.5005756632789158e-01	   6.5348352720434755e-01	   2.8942550533176753e-01	   2.8767454245436408e-01	   1.4571610726715431e-01	   1.4770420402745668e-01	   3.0652874091084614e-01	   2.8583234723160561e-01	   3.5910062437530560e-01	   5.7007090679971517e-01	   5.2608916550852114e-01	   6.9976117853057618e-01	   4.5625852801566402e-01	   5.3549240763880013e-01	   2.1249640769065145e-01	   3.0600212291848461e-01	   4.3194969107249931e-02	   1.7923869271538345e-01	   2.1493213918099133e-01	   1.5845934302810852e-01	   1.7638383843778160e-01	   1.0217744715175189e-01	   3.9643704315831063e-01	   2.5676867187178920e-01	   1.6904541362775904e-01	   2.1176590184346636e-01	   4.2420712855496556e-01	   3.0850657696495587e-01	   4.7143264290655851e-01	   3.9410335346725994e-01	   1.4788321078681133e-01	   1.6770191846273425e-01	   3.0762013182048914e-01	   1.7361675485103589e-01	   7.9541237088375447e-02	   1.8366483514736098e-01	   3.4773558758888773e-01	   3.2224839435057978e-01	   3.7684324457878249e-01	   5.5470044642186944e-01	  -5.3884586199972814e-02	   1.7713703060532021e-01	   5.1369069492754993e-01	   5.8331259375049638e-01	   4.8976229004508748e-01	   6.5321875550703079e-01	   2.3401831826949204e-01	   5.4455087217233955e-01	   6.1779201816733048e-02	   2.5896156630951772e-01	   2.0819845483618010e-01	   4.1220276434125769e-01	   1.4617609913355462e-01	   3.6088215243702815e-01	   3.1392348388102875e-01	   4.9534248015464521e-01	   2.2919448762013794e-01	   6.0949764911649822e-02	   1.4690695770756385e-01	   3.8679960411892633e-01	   3.9177196732161207e-01	   4.3459730351511328e-01	   3.5739834226394307e-01	   5.1762934408951566e-01	   3.8330956544836126e-01	   3.8626326886133422e-01	   4.2390141021778666e-01	   4.6210864398919727e-01	   2.7765397033649358e-01	   2.7951516081724542e-01	   2.0265355316705547e-01	   1.2599073597912985e-01	   1.1746458881151087e-01	   9.4236478994260492e-02	   2.2728321373956131e-01	   1.2797657581545210e-01	   1.7367002250748226e-01	  -2.0936311542610081e-02	   1.3974445874614880e-01	   9.5839122733016605e-02	   1.6905007573906633e-01	   1.0718063669064970e-01	  -1.9489730569915864e-01	  -2.5516580519187143e-01	   4.5002814001951011e-02	   1.3095877762190170e-01	  -5.6201075204014628e-02	   1.3182941459175712e-01	   2.6980592837454748e-01	   2.5206468356261180e-01	   1.4841224687214627e-01	   2.8328466131725455e-01	  -1.0465858310287958e-01	  -4.7183288741954588e-01	
   2.7945509347567793e-01	   2.3957626432166831e-01	   6.4967261226726714e-01	   3.1758031603973547e-01	   6.4359598383831718e-01	   3.5394074835658013e-01	   6.7587894352560851e-01	   5.1459423647057956e-01	   0.0000000000000000e+00	   6.1216332550602692e-01	   5.8134486655064699e-01	   4.6948845813788098e-01	   6.7775478998468275e-01	   4.1543204396757616e-01	   6.9386389122675296e-01	   4.9105612132218834e-01	   5.2237159638958780e-02	   1.6852100111107876e-01	   3.0382915025023971e-01	   3.0266545094640496e-01	   1.5394056438599185e-01	   1.4932455781649556e-01	   5.9186516812013490e-01	   4.1320671718832536e-01	   5.0020476457351171e-01	   3.8448579406207561e-01	   2.3134392936558851e-01	   6.5227989832448902e-02	   4.0309982827325197e-01	   3.0686671213116246e-01	   3.9260363831603290e-01	   5.2634983219395648e-01	   4.0379038608855838e-01	   4.8817189893150537e-01	   5.4471825466526880e-01	   5.5117954489877885e-01	   2.3143367432259981e-01	   2.5168099044246489e-01	  -2.3827185182385566e-02	   5.5367875203865262e-02	   2.8935766095122378e-01	   3.6237852106856910e-01	   1.4073926327890601e-01	   8.8620168331947722e-03	   4.5874079095704334e-01	   1.3467562506277103e-01	   2.0360730705328878e-01	   1.1058269167590866e-01	   4.5133901333783910e-01	   2.1754022184200764e-01	   5.5629079117777791e-01	   4.0462828532586914e-01	   3.8103570637124218e-01	   3.3029763989562666e-01	   3.4199722254768439e-01	   3.7005777927992610e-02	   2.7264060076058347e-02	   2.1831043209167852e-01	   3.8057452131837272e-01	   2.6673362878689255e-01	   3.9854247408478505e-01	   4.7941825418512446e-01	   6.3691456622111018e-04	   3.0300854651946241e-01	   5.9993051400784658e-01	   3.7335067418004897e-01	   4.1720827672131594e-01	   4.2968538553698954e-01	   2.0212282690125638e-01	   4.9613891442137947e-01	   1.5638228040491386e-01	   2.9716719600304731e-01	   3.4196410364409080e-01	   4.4397546653355613e-01	   2.5958906052171299e-01	   3.6399532531969503e-01	   2.8526198568097394e-01	   3.6373440745785013e-01	   1.7527088415479430e-01	   1.4668397692542051e-01	   1.9299555320010123e-01	   3.8745998523695668e-01	   4.1290676994671061e-01	   3.6402527316115951e-01	   3.8347460059032257e-01	   3.7667061815794073e-01	   2.8017712898419667e-01	   3.1045932507545275e-02	   3.7382360375006918e-01	   3.6481794042084587e-01	   3.9661920211510709e-01	   3.7683113602568724e-01	   1.5435411983002462e-01	   1.8224219989584545e-01	   1.7642305900739838e-01	  -7.1162474960875695e-03	   3.1028108673591398e-01	   7.6775675680072295e-03	   3.2944801047255595e-01	  -5.5957907422533183e-02	   2.6012126285457438e-01	   1.7537431109200574e-01	   3.2862920393870199e-01	   1.3172268453277647e-01	  -1.4493731438814739e-01	  -2.7752528581262004e-01	   2.0407973698510323e-01	  -6.4506107151636044e-02	   7.4126232913883677e-02	   6.0711954110609367e-02	   2.1885494301212327e-01	   2.2539523310068246e-01	   4.1260680439731946e-02	   1.2969659717037355e-01	  -1.4001612590650259e-01	  -3.5057381929079612e-01	
   3.3345818343667577e-01	   2.2980350888919474e-01	   5.8940664804611353e-01	   5.7121127636373292e-01	   4.6701939619124355e-01	   5.2049344566969757e-01	   5.9021766689388466e-01	   7.2389694975623176e-01	   6.1216332550602692e-01	   0.0000000000000000e+00	   4.5532573205134597e-01	   5.4244467343746483e-01	   5.4913044726565152e-01	   4.3942601078063853e-01	   5.6644250480936031e-01	   7.1006913153849283e-01	   1.3243483419141439e-01	   2.4591215929406912e-01	   4.7320859623064793e-01	   4.5414147936663907e-01	   6.9129446240489105e-03	   1.0840084265182699e-01	   5.4943740935314367e-01	   6.1212332846350737e-01	   2.3266418839311254e-01	   1.9009018895108939e-01	   2.1917104806057700e-01	   1.6663973552347255e-01	   3.8418743323238941e-01	   3.0332576079860674e-01	   2.3582356455162412e-01	   5.5167042893178997e-01	   4.1415616684370382e-01	   5.4242640022260136e-01	   4.7856838206836383e-01	   5.4015316924874612e-01	   2.2954546446579938e-01	   3.9385930945914410e-01	  -4.8859993841507639e-02	   1.0891060645900964e-01	   2.0415898886301839e-01	   3.0364868638332559e-01	   1.9115515913065534e-01	   5.4846449151218585e-02	   4.0435527027727797e-01	   1.0230116038297291e-01	   2.8844112349127093e-01	   1.8661674521527119e-01	   5.4080450975474659e-01	   2.5094446514020502e-01	   6.3883184172399576e-01	   5.0137188670854904e-01	   4.6532083570669935e-01	   3.7197599409464954e-01	   4.4512784403906747e-01	   1.3755200294219697e-01	   1.8583245370023821e-01	   2.9446829910618239e-01	   4.8766327310780311e-01	   3.6357854324816941e-01	   3.1794586952308845e-01	   4.5613780986483321e-01	  -4.7135072468502223e-02	   2.6400295008760932e-01	   4.1418975251205337e-01	   3.1580879866485645e-01	   4.6524315032701546e-01	   4.9340879707480734e-01	   3.0089818457401685e-01	   5.6629177405092546e-01	   7.6377973081816999e-02	   2.5518122953763805e-01	   3.0061383390460505e-01	   4.9865102263246863e-01	   2.7026286527354826e-01	   5.0071005861834650e-01	   2.5857938611038156e-01	   5.3998567963660271e-01	   2.0711362171982201e-01	   1.3108424191197748e-01	   2.3366379329291456e-01	   4.5479588260917436e-01	   3.7324699823146118e-01	   4.7858042479738550e-01	   4.7821742763810487e-01	   5.3038039146006610e-01	   4.4649199161288844e-01	   2.0208593175113998e-01	   4.5248209766129599e-01	   5.3864034726181553e-01	   4.7380019919862815e-01	   3.6973281854581919e-01	   3.7503001167032535e-01	   1.8849633007750954e-01	   2.8964188534739604e-01	   2.3903913105555466e-01	   3.8272125169659216e-01	   1.4026661382258798e-01	   4.2101779651724069e-01	   1.7404860398716534e-03	   3.9290382979624383e-01	   2.2077389014867110e-01	   4.2138914846815401e-01	   2.9152552317168096e-01	  -2.1094439195590647e-02	  -2.2108693105081267e-01	   3.0152480807538901e-01	   5.5800872870190511e-02	   1.3973026996955512e-01	   1.9034108280980661e-01	   2.7644233710150956e-01	   3.1595990478835639e-01	   1.0611131126257531e-01	   3.2011593068097194e-01	  -7.9485386665461691e-02	  -3.1973097564302289e-01	
   5.4906048592293322e-01	   3.2450822313492916e-01	   4.7575593977193809e-01	   1.8459451421311757e-01	   3.1799858648983237e-01	   1.7280336785952413e-01	   4.6537413766625146e-01	   3.4827238922982040e-01	   5.8134486655064699e-01	   4.5532573205134597e-01	   0.0000000000000000e+00	   6.1466519561444244e-01	   7.6715542204791887e-01	   4.9363130613380435e-01	   6.3143208719891863e-01	   4.5024533044169396e-01	   3.5913185199100045e-01	   3.2270309621303317e-01	   4.7634303983913406e-01	   3.8807389834059669e-01	   9.1809826563188784e-02	   1.0771598423392509e-01	   4.4841640264880106e-01	   3.5136048525783414e-01	   1.4953370773702485e-01	   8.2829820102767265e-02	   5.8426607700361968e-02	   2.5127554681354212e-02	   5.9802280235435756e-01	   4.5953052289201235e-01	   3.0965904070831540e-01	   4.8437182151265185e-01	   3.6103696026499332e-01	   4.0338012894467795e-01	   2.4144082803994121e-01	   2.9983777577753468e-01	   2.7470280769870453e-01	   1.9224358845953693e-01	  -1.8969228193526111e-01	  -1.2690871973608181e-01	   3.8088724238742344e-01	   2.6670967885316210e-01	  -2.9917279719217656e-02	  -1.2836032100998676e-01	   2.0028786483664979e-01	   2.0069060989773096e-02	   4.6667367275574981e-02	  -7.0912925364705857e-03	   2.2039160898528878e-01	   2.2115371430281722e-02	   3.6042241598984448e-01	   1.8302063337798663e-01	   3.7010690501127030e-01	   2.4661273423961055e-01	   1.4226481128663720e-01	  -1.0453480693000450e-01	   1.9822413576279771e-01	   2.2046140697717664e-01	   3.1027603069018084e-01	   1.2795297276813861e-01	   4.2933717181400610e-01	   3.6045584986565160e-01	   2.7668984713601813e-01	   4.4150692414216441e-01	   3.8152217834914115e-01	   1.3097242611966442e-01	   2.9449802265842351e-01	   1.9925402180533555e-01	   2.1235409364309460e-01	   3.2420470126637718e-01	   9.7635948891410210e-02	   2.4750568662127964e-01	   3.9208274427920098e-01	   5.2211871344177074e-01	   2.5122315480733182e-01	   3.5011579530323494e-01	   4.3135614193329236e-01	   4.2967966469827790e-01	   2.8587530066742584e-01	   1.1435141927666803e-01	   3.8635415816185215e-01	   4.4994468496786455e-01	   3.9068041815133270e-01	   4.1933004518804645e-01	   3.9460186302078842e-01	   2.8041915674618362e-01	   2.3375982757340055e-01	  -2.6415744387769773e-03	   2.0356208429419248e-01	   2.2481363697595907e-01	   2.2245228960443081e-01	   2.9528750191132502e-01	   5.3064965491717596e-02	   8.4706369364427173e-02	   1.1784879661723573e-01	   5.0558427948634167e-02	   8.2825484321875364e-02	  -1.0123806464307272e-01	   1.0772377681077894e-01	  -9.3964882084992041e-02	   1.6157180309504077e-01	   2.2086171343692157e-01	   1.7480122456665231e-01	   2.6732882883394216e-01	  -1.1029924771030307e-01	  -1.8063674010911213e-01	   1.6029661927794886e-01	   2.3380163517515044e-02	   2.2524580026617122e-01	   1.6953001167553969e-01	   9.1602040368370469e-02	   2.1670851745042358e-01	   1.0378648106083098e-02	   3.1350782698699392e-01	   9.3621215286228965e-02	  -2.4713529243805973e-01	
   4.1256317960164340e-01	   5.0887691228501852e-01	   5.4513453608305085e-01	   4.4564012830010002e-01	   2.6521237702151745e-01	   2.5762151902266495e-01	   5.3215408121666896e-01	   6.3724758616211230e-01	   4.6948845813788098e-01	   5.4244467343746483e-01	   6.1466519561444244e-01	   0.0000000000000000e+00	   4.9765460553765756e-01	   6.4478165238541285e-01	   5.6508969455691271e-01	   5.4310585914376897e-01	   3.7230331212930040e-01	   5.0426853958552931e-01	   5.8814195930324709e-01	   6.0819542710320551e-01	   1.6912429673352464e-01	   1.8290442419876971e-01	   5.5065430855064101e-01	   5.2804456924486787e-01	   1.2140759595400535e-01	   8.0824746559458954e-02	   2.4371595885072921e-02	   1.8143389534015134e-02	   6.3204496511246311e-01	   5.7909082021283265e-01	   4.1359376551634280e-01	   6.1694935219888369e-01	   5.8477638777870400e-01	   6.6551360531351389e-01	   3.1162287543728379e-01	   3.2704509876118043e-01	   3.1305797431367016e-01	   2.9043663060579883e-01	  -1.2480125620200311e-01	  -2.5244962099067389e-03	   2.4659433887919843e-01	   2.7603620032646986e-01	   7.6270628078911273e-02	  -4.2109886838277051e-02	   2.6875968352931279e-01	   6.3872683619260934e-02	   1.3106592741673023e-01	   9.4424566547867073e-02	   3.6383409525316524e-01	   8.1697277127885187e-02	   4.1039209435797469e-01	   2.7523193278137670e-01	   2.7383271602305986e-01	   1.2529823926534656e-01	   1.5516357863920643e-01	   3.3852342143569109e-02	   2.6115332261191765e-01	   3.3792779801538642e-01	   3.4829567262432509e-01	   2.1828387351536935e-01	   3.9589835922740035e-01	   4.6996798679500346e-01	   2.8242947767275900e-01	   5.7937402649271152e-01	   3.2138894247166988e-01	   2.4052425561512064e-01	   3.9122469064454574e-01	   3.1226236557533105e-01	   3.2578478722929849e-01	   3.6362907280714618e-01	   1.8103730714340266e-01	   3.5735101419746174e-01	   4.9609761363621180e-01	   6.1046086300006175e-01	   4.2181773744437778e-01	   5.1326532361465593e-01	   5.0591494747653232e-01	   6.1671889398401081e-01	   4.3359333856529975e-01	   2.7234315149856847e-01	   4.5961309429361791e-01	   6.4931616653176860e-01	   4.5591110302332688e-01	   6.0915191654994216e-01	   4.1051137744237287e-01	   4.4592393917244705e-01	   3.9409701332793312e-01	   2.7019324342910744e-01	   2.3687308517246661e-01	   2.7049623519080984e-01	   2.4056907097386487e-01	   1.4211972966953959e-01	   6.7397979243696907e-02	  -1.1026948742914938e-04	   1.7933612687686915e-01	   8.5086297011292514e-02	   1.9129175681861588e-01	   3.9874190553276949e-02	   1.1452940987098062e-01	  -3.1017000857042384e-02	   1.0634724707798943e-01	   1.9803445304837369e-01	   1.0543098646782359e-01	   2.5762789297528543e-01	  -1.9484558731243845e-01	  -3.6088313454814758e-01	   8.9567834710924082e-02	   6.6015596254679038e-02	   1.4326531756168484e-01	   1.6616815246168598e-01	   1.6248505473054836e-01	   1.9484237689159944e-01	  -1.3555290255113043e-02	   3.0644661222667657e-01	  -2.0230196689748160e-02	  -3.8884569601271424e-01	
   2.4225876188483322e-01	   8.6323724804442836e-02	   5.1481378810382483e-01	   1.1138385236298574e-01	   2.7647977262668932e-01	   1.4515242988834259e-01	   6.3926839029748816e-01	   5.2975854768476138e-01	   6.7775478998468275e-01	   5.4913044726565152e-01	   7.6715542204791887e-01	   4.9765460553765756e-01	   0.0000000000000000e+00	   6.1669998267965864e-01	   6.8157594325309823e-01	   4.2612438215015380e-01	   4.2508479262666862e-02	   4.0294555635422780e-02	   3.1207852177125750e-01	   2.2636236294807338e-01	  -1.2318927516168096e-01	  -1.1075543049909324e-01	   5.7504073701312253e-01	   4.2462762633710360e-01	   1.9011643985071597e-01	   9.8066997976065204e-02	  -3.2474079573934986e-02	  -7.2603617615510527e-02	   4.0260551427459657e-01	   1.9341808051945014e-01	   2.4883762201845394e-01	   4.8053585451959069e-01	   3.4548853499082088e-01	   4.1161864085785482e-01	   4.6211241348331267e-01	   4.9242955271259192e-01	   2.2948506685850947e-01	   1.4077749488465480e-01	  -2.1300190377491205e-02	  -6.6759372545820109e-02	   2.4339262175833587e-01	   1.2034740002057648e-01	   4.6562337432532921e-02	  -6.4993676789773747e-02	   2.5323088960477103e-01	   3.9568861017530814e-02	   3.3826355521196144e-02	   1.8602343983469893e-02	   2.7852832533127153e-01	   1.0375421964488644e-01	   4.4561184875275101e-01	   1.8430526248740894e-01	   2.5739889083169881e-01	   2.5682418100810483e-01	   1.5999000795428431e-01	  -1.1053971938235034e-01	  -9.6124365541132489e-02	  -2.9283066684475431e-02	   1.8306836541492261e-01	  -6.6491806554993529e-03	   3.4713316997211374e-01	   2.9633081832219221e-01	  -1.4833511680573780e-01	   1.2121161944082996e-01	   5.2315418024133220e-01	   2.0678637904133981e-01	   3.3616202306119669e-01	   3.1604477042291224e-01	   1.5818030938675115e-01	   3.1275226295286312e-01	  -2.3644091179318236e-02	   1.5792709172719663e-01	   2.0719741829118801e-01	   4.3223854498758424e-01	   1.0601328867888334e-02	   2.1667770975073070e-01	   2.4106271889828734e-01	   4.0001123917318676e-01	   5.1380743166877310e-02	   1.5751957013747840e-02	   1.0302275786254762e-01	   3.6489700072238085e-01	   3.8339332808267079e-01	   3.0301919860893850e-01	   5.2988350518517602e-01	   3.3235136509883689e-01	   3.1669398031806834e-01	   1.0267408307358319e-01	   2.1619617763172169e-01	   1.7656521779396017e-01	   2.7915794713274922e-01	   3.7377936994372851e-01	   1.2591074192566060e-01	   1.8445159171388079e-01	   3.5045645929768465e-01	   4.5430583643219516e-02	   3.3093839999846880e-01	  -3.1963390592377822e-02	   1.4561481740696258e-01	  -1.9632005030417748e-01	   1.7970189217682525e-01	   2.8087173016200262e-01	   2.2107876574860236e-01	   3.0151632862815519e-01	   1.1402722287347223e-02	  -1.0456823332328632e-01	   1.3955788337688221e-01	  -4.7896405181440456e-02	   2.4465922665815271e-01	   3.2384407283830213e-01	   2.3806848813918668e-01	   2.6330516988435848e-01	   7.3540596284631471e-02	   3.1219854642104117e-01	   1.1691666058575131e-01	  -1.9146787795443715e-01	
