   0.0000000000000000e+00	   6.8060155562351088e-01	   6.4074923715038212e-01	   5.0979424944113494e-01	   4.4205677013859457e-01	   4.7262481842783671e-01	   6.7124558630401943e-01	   5.0487390555487077e-01	   4.7172939061296876e-01	   3.6918356710342848e-01	   7.6965189232955589e-01	   6.1089250011132479e-01	   5.9786303131050245e-01	   6.0463560174262621e-01	   5.4183745359105062e-01	   6.4101250416696276e-01	   4.3461998293466608e-01	   1.8634118052441082e-01	   8.1338741621201394e-01	   7.2077100863115473e-01	   4.7465188112237860e-01	   5.5861247661212576e-01	   4.6079180164300332e-01	   3.2467338943575208e-01	   1.5065472556755649e-01	   1.3919028724372140e-01	   3.8684956732376252e-01	   3.9582149537620531e-01	   4.0284986110041832e-01	   3.0483147355328893e-01	   1.5448555187896518e-01	   2.0057726213771981e-01	   5.7825322252820166e-01	   6.1853604014050734e-01	   1.2940339455594915e-01	   3.2471668258847841e-01	   1.9906116415379704e-01	   2.0076195589361123e-01	   3.2050379855763778e-01	   2.2752629527483775e-01	   4.0289489579674931e-01	   5.2291092455068267e-01	   4.4132123974867576e-01	   4.1717301261764722e-01	   2.7616685362577265e-01	   2.4163991179115121e-01	   4.9980292616082200e-01	   4.2920565973243174e-01	   4.8979358664946737e-01	   1.5573397199167935e-01	   3.0827849920620198e-01	   2.9843208797804022e-01	   1.1051964170581723e-01	   5.1965679326676548e-02	   3.2974618683362922e-01	   2.5397715934038750e-01	   6.3690173372695835e-01	   6.2385392396016026e-01	   7.2833095348020671e-01	   3.2669231670127558e-01	   7.7389609787336178e-01	   5.6048217274943268e-01	   3.4360153030636698e-01	   4.3896406155555995e-01	   3.5967572603675496e-01	   5.7008230462777365e-01	   4.2226839917549336e-01	   3.7495410407100166e-01	   5.2674024501652783e-01	   5.7554696323670274e-01	   4.6683166134021936e-01	   4.2266595355052750e-01	   5.1359378742870176e-01	   5.1069555947426837e-01	   6.4024446027984028e-01	   5.8188858013954903e-01	   6.4701691769633007e-01	   6.3135280215701695e-01	   3.5964137949752106e-01	   2.9665749438632250e-01	   3.8448215054844886e-01	   4.5500919526171224e-01	   4.3259930376880451e-01	   3.8398386737235823e-01	   6.0641318392650168e-01	   5.5968784231808133e-01	   7.6341687934340041e-02	   1.4967114292815942e-01	   7.1859329497319369e-01	   5.9797384465910197e-01	   5.3987619769136364e-01	   6.0798561497737902e-01	   5.2030217346595187e-01	   5.3180372323905556e-01	   1.7840502474223946e-01	   1.2862391067955245e-01	   1.6776783229601927e-01	   2.3848733805260258e-01	   4.5299151578314223e-01	   4.5248542581273021e-01	   2.6102649274147932e-01	   2.9275086426498614e-01	   2.8389501843201170e-01	   3.8948154694631520e-01	  -8.8682243395071331e-02	   9.8111868472311417e-02	  -6.4390271608579172e-02	   1.9067190398045519e-01	   2.0883935244257723e-01	   3.3238827640727103e-01	   4.1909369611676073e-01	   5.0774747106520124e-01	   6.0891080286775257e-01	   3.7119519128568468e-01	   3.4749892820749351e-01	   1.0988126420660529e-01	
   6.8060155562351088e-01	   0.0000000000000000e+00	   4.5646023921583884e-01	   3.8393226163027488e-01	   4.8759643782749040e-01	   3.2753852504580128e-01	   4.3786623766986188e-01	   2.4564827248303900e-01	   3.7314490587294957e-01	   2.0673008073483515e-01	   6.6249185256247534e-01	   5.6744352467364689e-01	   5.0986260982595455e-01	   5.3590216922766387e-01	   7.0535261194827181e-01	   5.5506413935656806e-01	   6.1183087068465380e-01	   5.1203351695173160e-01	   7.4083728288136019e-01	   8.1885509932027656e-01	   4.4831933209899016e-01	   5.3144643749651266e-01	   2.5737109032933370e-01	   2.0906739428121113e-01	   2.2513820306810761e-01	   1.4844342615321982e-01	   4.7681359640358906e-01	   5.3847763969235651e-01	   5.7758023179086171e-01	   3.6370709684604330e-01	   1.9156691256607755e-01	   7.3252261900490237e-02	   6.0333083118891540e-01	   5.6791893409740757e-01	  -1.2227828007161129e-03	   2.4911174014163745e-01	   2.7991142311260336e-01	   1.8355747303188505e-01	   3.3242428395427270e-01	   2.1418779995649223e-01	   5.1036007222066848e-01	   6.0954592924358564e-01	   3.6401219130692331e-01	   3.8066071887692254e-01	   3.0806267438497165e-01	   2.7016017716900792e-01	   4.4494328359198576e-01	   4.5532250951135711e-01	   4.3148723943889111e-01	   2.3398987105732003e-01	   3.7353020030373368e-01	   4.5163889818741726e-01	   2.5229656839666603e-01	   1.7160452277285368e-01	   3.7175873023261530e-01	   3.1238449016756359e-01	   5.5141315323461604e-01	   7.7685086119508528e-01	   6.4144076966107821e-01	   5.5573888659645820e-01	   5.0586427720811622e-01	   3.0555737434886598e-01	   6.6593057546154832e-01	   5.7950554103713825e-01	   6.2561590060365602e-02	   2.2202934407370442e-01	   3.4165756732294195e-01	   3.4729948181862663e-01	   5.7181769490110512e-01	   6.2602644341978964e-01	   3.6200563882941428e-01	   3.7295526463594397e-01	   5.5083213469087167e-01	   5.8997508678185417e-01	   4.8338997231871239e-01	   5.3658218018808634e-01	   5.6902282481724731e-01	   5.4925305246469946e-01	   4.4083123019010167e-01	   4.0546559857066361e-01	   7.0957325646030445e-01	   6.8167201111230047e-01	   5.2333220601427766e-01	   6.3746154833277591e-01	   6.3109164241635596e-01	   6.1665853457348185e-01	   8.6552458635117402e-02	   3.4761830976153546e-01	   5.4829667643418656e-01	   6.1222068178770628e-01	   4.9433384093564758e-01	   5.1769059721269317e-01	   4.0174662724253651e-01	   3.6731232093355881e-01	   8.2744238079803065e-02	   7.0167093988275808e-02	   1.1471751376873913e-01	   2.3484977281056435e-01	   4.8091655129490279e-01	   3.8201540773475523e-01	   1.3797896485241937e-01	   1.6738013034235000e-01	   2.8883083261208514e-01	   3.0483878907054068e-01	   3.2663498532581998e-02	   1.0631012334475454e-01	   1.5569378194441662e-02	   1.9302951543731262e-01	   2.0491008970995589e-01	   3.3056611769952460e-01	   3.7653567187200915e-01	   4.7948607212982847e-01	   5.1212294449789630e-01	   2.7877241643830381e-01	   1.3730901852577310e-01	  -5.6491733499348263e-03	
   6.4074923715038212e-01	   4.5646023921583884e-01	   0.0000000000000000e+00	   6.7716900880065134e-01	   6.5861875281238247e-01	   4.5777377339250924e-01	   9.0463115985342879e-01	   5.6378384025053230e-01	   6.2180230979249418e-01	   4.2425939792570933e-01	   5.9035769901971313e-01	   3.9331912608266817e-01	   6.2562033174235376e-01	   4.9274628412707733e-01	   5.0525953263752987e-01	   5.4687509315251837e-01	   1.9577062746496848e-01	   8.7370888325070714e-02	   6.5179193305964356e-01	   5.4001043808948224e-01	   4.1066981505370714e-01	   5.1022201769463638e-01	   8.3314136754339363e-01	   5.6833055686616984e-01	   4.3220437155652058e-01	   3.9090703264167748e-01	   5.1036899494552923e-01	   4.3383043760703027e-01	   1.6835820364252341e-01	   4.1182584440782863e-02	   4.5332856283353484e-01	   4.5749572117908544e-01	   6.2296294738675417e-01	   6.8169796879864397e-01	   3.8864591083701078e-01	   5.6659460179094201e-01	   2.0532231355751757e-01	   2.0125626841351335e-01	   4.0946439625371689e-01	   2.6453932696630461e-01	   4.5978958353317123e-01	   4.3702923493956658e-01	   6.2163873309358098e-01	   5.5300384108340950e-01	   4.9057503875469577e-01	   3.8986234920146345e-01	   6.0169042241974835e-01	   5.7362992594703532e-01	   6.5910549382471761e-01	   3.3756178201599790e-01	   6.4585330842682975e-01	   4.7089660847407311e-01	   3.2725542146177178e-01	   3.6447909654079125e-01	   5.1508559550253341e-01	   4.6467371728732049e-01	   3.4356134303777580e-01	   5.5078452367022546e-01	   7.5806851387917229e-01	   4.7210450767765566e-01	   6.4691853910056807e-01	   4.4912767470089909e-01	   3.5765225682458646e-01	   4.2625515661027813e-01	   6.3308189555433103e-01	   5.9084955097683423e-01	   7.3073467693062888e-01	   6.3479899448532751e-01	   4.4701205381015763e-01	   5.8054084152486274e-01	   3.9621946258073087e-01	   4.1957111219463200e-01	   3.9337775606997982e-01	   4.0817725981554398e-01	   4.8671672199961691e-01	   5.1083804408991429e-01	   6.4046071231283253e-01	   5.5000472694840397e-01	   2.8031535504629768e-01	   2.3157885082296559e-01	   3.4776447860579135e-01	   4.4860555159028781e-01	   3.9094506823734421e-01	   2.3918988572651489e-01	   6.9383316201935596e-01	   5.9331625022198597e-01	   3.2841997097671349e-01	   2.4765311654455047e-01	   7.6640343460657556e-01	   7.3512512610697334e-01	   4.5386775811800428e-01	   5.6924435879526547e-01	   4.9344757564959463e-01	   6.6985959309606868e-01	   3.5377505553059507e-01	   3.0881714881737898e-01	   2.9737226307232378e-01	   4.1358821356911418e-01	   4.6841987022648041e-01	   4.7810694997106074e-01	   1.8382227053023850e-01	   4.3428950251016152e-01	   2.6257239515835351e-01	   3.1207874060996077e-01	  -2.6762123541711863e-01	  -2.3534112221350514e-02	  -1.0742087787058156e-01	   9.8764100320607590e-02	   1.9487806861925849e-01	   3.2903319292675404e-01	   4.3613734927917880e-01	   4.2698275735277225e-01	   4.8318588116547201e-01	   3.3409587088872994e-01	   3.2644366328121066e-01	  -5.8831137849867224e-02	
   5.0979424944113494e-01	   3.8393226163027488e-01	   6.7716900880065134e-01	   0.0000000000000000e+00	   6.3634591029880250e-01	   6.9126040018889079e-01	   7.8019313405596868e-01	   8.6342170971904175e-01	   5.8183303126248687e-01	   7.4088954711658306e-01	   5.1069140022495318e-01	   6.1135082208068481e-01	   4.6791455258998127e-01	   6.4549157543776148e-01	   4.1035055857499581e-01	   6.6177344737869137e-01	   1.6045236299931703e-01	   1.9665575547269248e-02	   5.8373051324793312e-01	   6.1482362896821285e-01	   2.4964198173992233e-01	   2.7537484151623182e-01	   5.5848502897046060e-01	   6.0547772728095850e-01	   1.2452069381584385e-01	   2.1836733784508888e-01	   1.5962783498235483e-01	   1.1831962227900622e-01	   2.0872087018052876e-01	   1.9303774706166471e-01	   2.9128966546254892e-01	   5.2708936347663626e-01	   6.0416265975508998e-01	   7.6729162610416313e-01	   2.7705649711824813e-02	   3.6418525293340126e-01	   7.0342427546290387e-02	   1.7714100052756743e-01	   1.6290073149075085e-01	   1.9382289099059047e-01	   2.1495383922555111e-01	   4.8543078272587492e-01	   5.4586560423042840e-01	   5.6354875682562000e-01	   4.8848687038747129e-01	   5.8605138192242701e-01	   5.5309064824373655e-01	   5.6194339587324205e-01	   5.0430803416555969e-01	   4.2814299086418139e-01	   5.7478552675419881e-01	   6.2696581135252916e-01	   3.7469931133826023e-01	   5.0940228152095690e-01	   4.3876469281040842e-01	   5.1970565810251323e-01	   2.6189697031892556e-01	   4.6552339632470696e-01	   5.7892463007696615e-01	   4.9538013393118829e-01	   6.1103170116201444e-01	   6.1121835902541066e-01	   4.3816430793531547e-01	   5.0203281473177197e-01	   3.9969276610899840e-01	   5.8343804627142459e-01	   5.9363377887147672e-01	   7.5474712050840320e-01	   3.5898051302849521e-01	   6.9240559543632563e-01	   3.2660247563092681e-01	   4.2877540017585308e-01	   4.7045346474794658e-01	   5.4306903194302170e-01	   5.0492483580032999e-01	   6.3477199010453378e-01	   5.4525127182923538e-01	   6.9031044363685345e-01	   2.7944825425714626e-01	   1.7740153643905104e-01	   4.4805322021352667e-01	   5.4957743162615313e-01	   2.7195809218260042e-01	   2.0756440749003557e-01	   5.2393143588817326e-01	   6.5772276703648846e-01	   5.2729382476605260e-02	   1.1286061726756619e-01	   5.5264378399086833e-01	   6.8650991723713517e-01	   6.3119088988429040e-01	   6.2389612804109584e-01	   6.8550919024271761e-01	   5.3025133804724267e-01	   2.3171691064499766e-01	   1.9370501862039885e-01	   1.4291665405794185e-01	   3.3625344536138541e-01	   4.6147345029074716e-01	   5.3334117362217848e-01	   5.1859189226703628e-01	   4.4170793683484610e-01	   5.1308887022902239e-01	   4.4015448158569309e-01	  -4.1513248074902198e-02	   5.1306704473020076e-02	  -4.6932741121720190e-02	   1.7262588215886129e-01	   1.9560067690274074e-01	   3.1122727993373545e-01	   3.3781893321255263e-01	   3.8121136661445326e-01	   4.7608930005301792e-01	   4.2270615957205759e-01	   3.5143375337045402e-01	   6.0328949253559468e-03	
   4.4205677013859457e-01	   4.8759643782749040e-01	   6.5861875281238247e-01	   6.3634591029880250e-01	   0.0000000000000000e+00	   7.0595346336970943e-01	   7.4193541591300916e-01	   5.8477744723563729e-01	   8.5669786425461369e-01	   6.7449452173185431e-01	   5.6663543733803690e-01	   5.5592015649875559e-01	   7.5850269990818386e-01	   6.7898470250898613e-01	   6.1643918841362411e-01	   5.7986761216998894e-01	   2.3504926760593864e-01	   1.9863418671017585e-01	   4.3120710260548462e-01	   4.4668218162846901e-01	   2.9642097025857284e-01	   3.8920281339078977e-01	   5.7825590898249779e-01	   4.9788724072094848e-01	   4.6997520822476724e-01	   4.1306487461311636e-01	   6.0005109134909518e-01	   5.3762842761556273e-01	   2.2663525927920769e-01	  -6.4420229313225497e-02	   3.8093378831276142e-01	   3.3228964916160736e-01	   5.1915648565432726e-01	   5.9805211900142996e-01	   2.6682184736292375e-01	   5.7559617719270662e-01	   1.2548966683361207e-01	   5.4322859535301804e-02	   2.3882903014167722e-01	   1.3430441815166880e-01	   3.2789158794730033e-01	   3.9455762987839338e-01	   6.5663203000235970e-01	   6.5541322841312977e-01	   5.5504762344837544e-01	   5.6350493006532043e-01	   6.2945910083222634e-01	   5.6066708648892838e-01	   6.3670264242104557e-01	   4.7673768976529179e-01	   6.6379046135129571e-01	   6.5776198210370063e-01	   3.5550960406325560e-01	   4.3941252057890678e-01	   4.3628123576624833e-01	   4.5472816877388511e-01	   2.3243323602504412e-01	   5.3329685057865672e-01	   6.0307350050701425e-01	   4.7080910152147559e-01	   5.1390474902973438e-01	   4.4774054119371043e-01	   4.1416372550852498e-01	   3.3891373339501846e-01	   6.0912912090869109e-01	   5.5219300259312820e-01	   6.4077010160008951e-01	   6.3766524710805939e-01	   3.2075354718810489e-01	   5.6525869248677896e-01	   3.6360060805195893e-01	   4.0272874070168330e-01	   3.2308175889083846e-01	   3.5455507542679293e-01	   4.2566530445638096e-01	   5.7339753060687304e-01	   5.5208197283116700e-01	   4.6876936308800604e-01	   3.4383406365949526e-01	   2.8071974831147695e-01	   5.9030624765671746e-01	   6.3421361209109239e-01	   2.3572164497605641e-01	   2.3132602198527108e-01	   6.8480692939269927e-01	   6.6529204031191846e-01	   2.7246222745426135e-01	   2.6184155706451706e-01	   5.4962285418501766e-01	   6.3662364565884522e-01	   4.2700322399401147e-01	   5.3280410542414003e-01	   5.3421426265664473e-01	   6.2226861426314328e-01	   1.8543073324564380e-01	   1.4437896210639042e-01	   1.6954488867956938e-01	   3.2280174573215348e-01	   3.9131760842993957e-01	   4.3049632552702588e-01	   2.6889495124456464e-01	   3.8401275849226862e-01	   2.9562802785651032e-01	   3.7690790338585800e-01	  -9.8299209402569282e-02	   1.1409903553541270e-01	  -1.2716025985588281e-01	   9.0975974801788512e-02	   1.1941505785582379e-01	   2.3943581549352261e-01	   2.8699716028896177e-01	   3.1982481112915317e-01	   4.9488486218169403e-01	   4.0099545568548178e-01	   3.5243848162387137e-01	  -1.1009084274657065e-01	
   4.7262481842783671e-01	   3.2753852504580128e-01	   4.5777377339250924e-01	   6.9126040018889079e-01	   7.0595346336970943e-01	   0.0000000000000000e+00	   5.8320860625246684e-01	   7.5455623142485106e-01	   6.1916052787331255e-01	   8.5199335530208120e-01	   4.8476947998150693e-01	   6.2927171150246808e-01	   4.8535663587535860e-01	   6.1725040385699048e-01	   2.7720144387678325e-01	   5.8785044541496989e-01	   1.8827821969692632e-01	   1.3370712284962402e-01	   4.2868914960464533e-01	   4.4412457280848971e-01	   3.4234633944517012e-01	   4.1723410925028404e-01	   3.4320349585428250e-01	   3.6250306140789801e-01	   2.1758494333146830e-01	   3.8820133374922744e-01	   2.0509033014915218e-01	   2.1489087507912713e-01	   1.6485607835139104e-01	   1.1552674615545414e-01	   2.5912705546983128e-01	   4.2274251744474511e-01	   3.9000173190215809e-01	   5.9001815653829381e-01	   2.9071216503168816e-02	   4.0167739603007824e-01	   6.0780075670695113e-02	   1.1572457337328163e-01	   1.0241803509798940e-01	   1.1840436489915186e-01	   9.4629828045340994e-02	   3.0186594384541648e-01	   5.3238777213031219e-01	   5.9802171436956542e-01	   4.3221879304007949e-01	   6.1225606398067267e-01	   5.0126317414318944e-01	   4.9574720795610500e-01	   4.3097865122483792e-01	   4.1410806578796239e-01	   3.2297754982311117e-01	   5.0548450355380437e-01	   1.1528901175137737e-01	   3.0975411278006287e-01	   2.2252618963126347e-01	   3.5668249079701358e-01	   2.3888468191853846e-01	   5.0884266611235152e-01	   4.6466765637620044e-01	   3.9466096310163729e-01	   5.1494868831350704e-01	   6.3198170101342110e-01	   1.3986489536163121e-01	   3.1939066947058520e-01	   3.5968102122500900e-01	   5.7653608354571007e-01	   4.9355740573296858e-01	   6.1632587526130400e-01	   2.9444429185993715e-01	   6.0797353359978168e-01	   4.5637985577079843e-01	   5.5541168595939905e-01	   3.7132379456436737e-01	   4.6248145673353402e-01	   4.9046015643179242e-01	   6.5755006604381872e-01	   4.6532200795005257e-01	   5.6179469584655406e-01	   3.1868220988477214e-01	   2.5997658560095149e-01	   4.6032429521536555e-01	   5.5128204987430718e-01	   1.5382495559127660e-01	   1.0495855313313598e-01	   4.4349007758189446e-01	   5.1226452675428114e-01	   2.9315822989678192e-02	   1.1206258546016594e-01	   4.2160114670352911e-01	   5.2346564284275809e-01	   5.2117695612115400e-01	   5.8321703052532214e-01	   6.5236270315780365e-01	   5.3151323248024429e-01	   1.8339016843098915e-01	   9.3349833881181898e-02	   8.3753012337387286e-02	   2.2107136862283411e-01	   3.5507877497981116e-01	   4.4033665466594807e-01	   5.1693207163835542e-01	   4.1104834317875139e-01	   4.6329016602106798e-01	   4.3615434831338606e-01	   8.0991593342350510e-02	   2.5120254338369019e-01	  -1.4310631011089389e-01	   8.4736264964151681e-02	   1.6528030888986842e-01	   2.7671493682348169e-01	   3.1055088828468219e-01	   2.6513334824014145e-01	   5.3755814446919248e-01	   4.6924511986900841e-01	   4.3368752139833766e-01	   1.5241480723584753e-02	
   6.7124558630401943e-01	   4.3786623766986188e-01	   9.0463115985342879e-01	   7.8019313405596868e-01	   7.4193541591300916e-01	   5.8320860625246684e-01	   0.0000000000000000e+00	   7.7482953755299933e-01	   7.8044771688113090e-01	   6.0656114326173927e-01	   6.8156746005130020e-01	   6.0378363598119311e-01	   7.2325252100262971e-01	   6.3199462677944684e-01	   5.2706282571482255e-01	   5.9417030794628145e-01	   1.5402200939598512e-01	   4.9212930950292721e-02	   6.5926309565122476e-01	   5.4196963205922577e-01	   3.1318328204779755e-01	   3.9884886861178692e-01	   7.3164876373952770e-01	   5.3071032874646396e-01	   2.2510899643250040e-01	   2.0880115040026978e-01	   3.6177858992830847e-01	   2.9233558133746018e-01	   1.9581652593082965e-01	   7.5279509410766290e-02	   3.2530587992408722e-01	   4.4842349980431406e-01	   5.8036895138933320e-01	   7.1589189263968422e-01	   1.8443382494684452e-01	   4.4250690956683597e-01	   9.1034110924488432e-02	   1.7503692377651164e-01	   2.9446596209650755e-01	   2.3887255053538425e-01	   3.4443815603447553e-01	   4.3978538779190518e-01	   5.7299326112443849e-01	   5.4183059817413970e-01	   4.5107351661620565e-01	   4.4302928108112294e-01	   5.7067795293781143e-01	   5.3035598506298287e-01	   5.9112748593855291e-01	   3.1346711667196980e-01	   5.9652537347196488e-01	   5.0635294262172947e-01	   3.0149689411172909e-01	   3.4503991723835808e-01	   4.6064416536459618e-01	   4.5863003100613364e-01	   2.6383238131037112e-01	   5.1600535369772937e-01	   7.5282895878858014e-01	   3.9388665277428792e-01	   8.0018686012947438e-01	   6.7714746852506735e-01	   3.7670465112666085e-01	   4.5749569575023263e-01	   6.9888696541977746e-01	   7.4188894677606321e-01	   6.7374485317973187e-01	   6.4047131991038064e-01	   3.4953974566329760e-01	   5.8987182403180272e-01	   3.9480207466577971e-01	   4.0336814097932960e-01	   3.9551617486831514e-01	   4.3940041182933981e-01	   5.0673453869192941e-01	   6.1091970060796452e-01	   6.1635416851208047e-01	   5.7682765733884001e-01	   2.5933519774755548e-01	   1.8304432026867651e-01	   3.8271872189030731e-01	   4.9459162823153002e-01	   3.2141967571324270e-01	   2.1635512353538316e-01	   6.6892576374369106e-01	   6.4718497542749920e-01	   2.4002882027255773e-01	   1.9510646585386388e-01	   7.5034835247647391e-01	   7.3478300757243864e-01	   5.5616507045577901e-01	   6.5594709770609883e-01	   6.1179915247219030e-01	   6.9206249987586355e-01	   2.9165785338119499e-01	   3.1571161190720665e-01	   2.3305215446360891e-01	   3.7485185845854896e-01	   4.3266181457600106e-01	   5.1749921514631747e-01	   3.5094096475272363e-01	   4.7858940876454831e-01	   3.6259658932799532e-01	   3.8170077552916215e-01	  -2.4311139431330320e-01	   1.1417925162340251e-02	  -8.1673331992752660e-02	   1.3701677755201350e-01	   1.7529097145193206e-01	   3.2062752926060778e-01	   3.8386026562539827e-01	   4.2858189334543073e-01	   5.5999976223922721e-01	   4.0082602144493451e-01	   3.8048702152371916e-01	   2.6230729803038925e-03	
   5.0487390555487077e-01	   2.4564827248303900e-01	   5.6378384025053230e-01	   8.6342170971904175e-01	   5.8477744723563729e-01	   7.5455623142485106e-01	   7.7482953755299933e-01	   0.0000000000000000e+00	   6.7455605759925319e-01	   8.6128621435887731e-01	   5.4059495143515157e-01	   7.3069916842179328e-01	   5.0766498141283323e-01	   7.0846020644373631e-01	   3.1925993264747549e-01	   6.1796662429637128e-01	   9.5538135327754084e-02	  -3.8330362756889474e-02	   4.8928448604025926e-01	   4.7739479257667372e-01	   1.5263306841769952e-01	   1.8233117456877437e-01	   4.6643956390681623e-01	   4.8124347347636237e-01	  -4.8603309945268527e-02	   7.8739139115726095e-02	  -3.7719366384768326e-02	  -9.2394379668875676e-02	   1.4426760123151655e-01	   1.6859372215756893e-01	   1.6278903834281319e-01	   5.0172047860463109e-01	   4.7238363861139188e-01	   7.0764175201157564e-01	  -1.3781283019813628e-01	   2.1818610260836011e-01	  -9.3269913451874298e-02	   1.8944496211245723e-01	   7.7591520719913917e-02	   2.3260413815506908e-01	  -3.4192948834345233e-03	   3.2622671661409153e-01	   4.3532205393528617e-01	   4.9502772414523921e-01	   3.9950170805109919e-01	   5.4397336706684474e-01	   4.7384752419449078e-01	   4.7529765083848213e-01	   4.1152289362840644e-01	   3.2237405614434500e-01	   3.7684243988233485e-01	   5.0480620130720399e-01	   1.7233411026279527e-01	   3.3399443019248670e-01	   3.2402267396728290e-01	   4.2626620516970126e-01	   1.4030302096545827e-01	   3.7448249429956920e-01	   4.9535008665273833e-01	   2.7094437240639124e-01	   6.9210451870486844e-01	   7.8484338559466127e-01	   2.5361333805109265e-01	   4.3516415450379631e-01	   4.2358353214395061e-01	   7.0871581105228532e-01	   4.5122816259974019e-01	   6.2352036138956113e-01	   2.1526664688627925e-01	   6.0227097304906130e-01	   3.6159399819441074e-01	   4.4508510413707814e-01	   3.8655974695692347e-01	   4.7173765235533960e-01	   4.6219755869298573e-01	   6.4642806943660380e-01	   4.1635737107478693e-01	   5.7445774863705279e-01	   2.1274671321261676e-01	   1.2406182892326290e-01	   3.4422654003467101e-01	   4.5187313988720912e-01	   1.6892057602076274e-01	   7.7781827698510830e-02	   3.7082231353808853e-01	   5.4338010211261201e-01	  -4.5531618789518426e-02	   2.9808385476653439e-02	   4.9487348549737153e-01	   5.7837642136372036e-01	   6.7397547051269280e-01	   6.7095157633219737e-01	   7.5398908156244437e-01	   5.4681773155790003e-01	   2.5328749737471457e-01	   2.4072498560991659e-01	   1.6832840134819860e-01	   3.2680866794622460e-01	   3.9784379855578622e-01	   5.1382426964570582e-01	   6.6326971171454718e-01	   4.6117489915814869e-01	   5.2997180743749239e-01	   4.2416215102546001e-01	   6.0705139252458726e-03	   1.1560283572791963e-01	  -6.8573487011286058e-02	   1.3368828712253145e-01	   8.7706952904522628e-02	   3.4927448591327948e-01	   3.4591629458252171e-01	   3.3139312527867454e-01	   5.3515348315529376e-01	   4.6468702359927483e-01	   4.1577089324902028e-01	   6.9350459265351799e-02	
   4.7172939061296876e-01	   3.7314490587294957e-01	   6.2180230979249418e-01	   5.8183303126248687e-01	   8.5669786425461369e-01	   6.1916052787331255e-01	   7.8044771688113090e-01	   6.7455605759925319e-01	   0.0000000000000000e+00	   6.7676191339464609e-01	   6.7374654537918710e-01	   6.6998900383497650e-01	   8.6031757211371573e-01	   7.5897944650750659e-01	   6.1932768875705246e-01	   6.2122083525719418e-01	   1.8747489910412415e-01	   1.7291554265373166e-01	   4.2234145012141466e-01	   3.7827826154431482e-01	   1.7116623992614594e-01	   2.6031965386143097e-01	   5.5012723175472367e-01	   4.4966448211570231e-01	   2.5683012150968165e-01	   2.0632523339209830e-01	   4.0445663355078015e-01	   3.0564165069992283e-01	   2.2583561793022594e-01	  -1.9320154434013102e-02	   2.2527681781606917e-01	   2.6712012102527816e-01	   3.6473387126309664e-01	   5.1703968080568741e-01	   1.4796597007616999e-01	   4.3216298776281370e-01	   3.0033479022567210e-02	   1.2755459244606793e-01	   1.5960880350948001e-01	   1.7985005123601600e-01	   2.1097059607057372e-01	   3.5398978410226917e-01	   5.5437959342353693e-01	   5.4774712001313164e-01	   4.2112815349839927e-01	   4.1752958355091990e-01	   5.6176325013605488e-01	   4.4116076475558946e-01	   5.4136906572158183e-01	   2.7309310824484967e-01	   5.4363248877602366e-01	   4.9622803639412533e-01	   2.4640681243619028e-01	   2.8394480890261536e-01	   4.1075047938103798e-01	   3.5867861077876551e-01	   1.2183245673125177e-01	   4.3171415541587554e-01	   5.9087057791839570e-01	   2.9721962584433215e-01	   6.3463707284152848e-01	   5.6988182846103164e-01	   3.5736837456448001e-01	   3.2485060927730691e-01	   6.6031630885818993e-01	   6.9975146383215492e-01	   4.6234412001140457e-01	   4.5713264216017391e-01	   1.5724393910495887e-01	   4.5857588450924958e-01	   3.9073218432354179e-01	   3.8605352705881196e-01	   2.6003585841780286e-01	   3.0220127075549780e-01	   4.2111017169835707e-01	   5.9559605610449984e-01	   4.9108694473352688e-01	   4.0756484010495542e-01	   2.7162748968678863e-01	   1.7812629636444785e-01	   4.2960533222734354e-01	   4.8610656592288315e-01	   1.6989277881062104e-01	   1.4123954894605967e-01	   5.6439676908550895e-01	   5.7563925839653529e-01	   1.9519439001842365e-01	   1.8551696086322586e-01	   5.9344365354021289e-01	   6.0827737200666043e-01	   4.4767135225695176e-01	   5.3504966128112841e-01	   5.5081013068687557e-01	   6.1635844904046500e-01	   1.9522272660773418e-01	   1.9957870490545476e-01	   1.8250673756821614e-01	   3.3015621291293873e-01	   3.3051844229141847e-01	   3.8621866284257694e-01	   3.5696501072962328e-01	   3.2052432875849679e-01	   2.9609161840213916e-01	   3.4615248401108573e-01	  -1.4035797052176685e-01	   5.8891705436233982e-02	  -8.4508971655466419e-02	   1.1075655850840550e-01	   4.2936707890405344e-02	   2.2463554529999064e-01	   2.6259087260914538e-01	   2.4245863983428106e-01	   5.0574930289994313e-01	   3.7264026414158113e-01	   3.5629040652834715e-01	  -1.0279208849831520e-01	
   3.6918356710342848e-01	   2.0673008073483515e-01	   4.2425939792570933e-01	   7.4088954711658306e-01	   6.7449452173185431e-01	   8.5199335530208120e-01	   6.0656114326173927e-01	   8.6128621435887731e-01	   6.7676191339464609e-01	   0.0000000000000000e+00	   4.7020197839031908e-01	   6.8145648603897813e-01	   4.7189531524496697e-01	   6.8703692906164249e-01	   3.0486266046383470e-01	   6.6498888986996996e-01	   1.5238269609029953e-01	   8.6252669652315123e-02	   3.9014054251113239e-01	   4.2182344969437457e-01	   1.5415338131737449e-01	   2.3516546629578786e-01	   3.5735052999661177e-01	   4.1985192247631442e-01	   9.0898381574954570e-02	   2.2251524002112791e-01	   4.3520824280441205e-02	  -8.4764866647336901e-04	   1.6094602998867324e-01	   1.2186898523150472e-01	   2.2606905216884635e-01	   4.5513697210383536e-01	   3.7971939804969662e-01	   5.8448541784840036e-01	  -1.0681352969551236e-01	   2.5122354877617520e-01	  -8.0169191947927348e-02	   1.1185780884563665e-01	   1.8484708754251150e-02	   1.2549777643903737e-01	  -1.6797443859120527e-02	   2.8265501280650895e-01	   5.1362008978836049e-01	   5.9281073459790634e-01	   4.6923488110955897e-01	   6.1485633671633833e-01	   4.8960393137816904e-01	   4.8331735505877965e-01	   4.5178650361203854e-01	   3.9717392004155178e-01	   3.7694165489910331e-01	   5.3964445564228858e-01	   1.5205439038721053e-01	   3.4705844233328875e-01	   2.4170811963335290e-01	   3.6841170419283753e-01	   1.1386264594265136e-01	   3.5314105798323003e-01	   3.6589393773466800e-01	   2.6053476281832133e-01	   4.8578712995586981e-01	   6.3511659915868779e-01	   2.2417180566505518e-01	   3.8816834332532113e-01	   3.2149229522534173e-01	   5.7181373356282805e-01	   3.8780911661690254e-01	   5.8453702807635644e-01	   1.3729784172167139e-01	   5.5828176505979110e-01	   4.3036744671725735e-01	   5.0960954627871946e-01	   3.6249605870978802e-01	   4.5473323000784838e-01	   4.9024471935656716e-01	   6.9565998710105670e-01	   3.3869324009098550e-01	   4.7935203874337245e-01	   2.9083825622401344e-01	   2.0453372780751150e-01	   4.3605843484144724e-01	   5.3316956561857964e-01	   1.1441016271260906e-01	   7.7392355427514201e-02	   3.5804982557628717e-01	   5.3749892593987059e-01	  -2.6679231674047989e-02	   5.3626110687677891e-02	   3.6125122036431578e-01	   5.3131539374372749e-01	   5.5956793402617211e-01	   5.6720089470298274e-01	   6.8875289229962622e-01	   4.8764818275807331e-01	   2.2602824626383955e-01	   1.3268446040443160e-01	   9.7304531980352355e-02	   2.6281934979299743e-01	   3.3307649029718217e-01	   4.2641846837468533e-01	   5.8909648798232750e-01	   4.0343659903063939e-01	   4.4313048281266298e-01	   4.3256101187172546e-01	   1.1127110591398370e-01	   1.5951511086227388e-01	  -1.3113814032927329e-01	   7.3358740212771695e-02	   8.1374739434981580e-02	   2.8662044454112101e-01	   2.7472119915143789e-01	   2.1776284500374529e-01	   5.0216859439798744e-01	   4.4068827161009339e-01	   3.9487936314966743e-01	  -6.9888912524837740e-02	
   7.6965189232955589e-01	   6.6249185256247534e-01	   5.9035769901971313e-01	   5.1069140022495318e-01	   5.6663543733803690e-01	   4.8476947998150693e-01	   6.8156746005130020e-01	   5.4059495143515157e-01	   6.7374654537918710e-01	   4.7020197839031908e-01	   0.0000000000000000e+00	   8.1278932870762721e-01	   8.2125517827827221e-01	   7.3975398573809092e-01	   7.1118677003355757e-01	   6.4102239506111691e-01	   4.5507986049941573e-01	   3.7579517087092429e-01	   7.7330502747670238e-01	   6.7412977747590064e-01	   3.0359951376558753e-01	   3.9540673387483238e-01	   3.4201242507108365e-01	   2.3942842955826008e-01	   1.3622787815988480e-01	   7.1963217921010417e-02	   3.7414469408875906e-01	   3.4838213317784394e-01	   4.6729219248346210e-01	   2.1705180456913997e-01	   1.1295277176685559e-01	   1.4237779855803478e-01	   4.4245717826480191e-01	   5.4027322252989451e-01	  -2.7858882055954534e-02	   2.5805034993914500e-01	   1.3732325275665352e-02	   5.3430850278920736e-02	   1.3880978727221566e-01	   1.4684025376776505e-01	   2.1784219553685308e-01	   3.9623437224844116e-01	   3.9400917090214033e-01	   3.8403832721809683e-01	   2.6102669379636773e-01	   2.1213798240713030e-01	   4.6317036887945162e-01	   3.2848389349295870e-01	   4.4371094671763622e-01	   4.1577879874665227e-02	   3.4938404736616535e-01	   3.4705411350617477e-01	   1.3590119075500434e-01	   2.3439303842260721e-02	   2.7373113736557264e-01	   1.2365673984544717e-01	   3.6671562061618862e-01	   5.3662987036328624e-01	   6.5169155187969419e-01	   2.0758641683275303e-01	   7.9941859937792281e-01	   5.9926132324141712e-01	   5.0387716156904727e-01	   4.9724139848372340e-01	   3.4917334537451217e-01	   6.3325102601968197e-01	   2.8731174047551483e-01	   2.7803507665154559e-01	   3.5961196061655110e-01	   5.0744235220310963e-01	   5.8606905359594585e-01	   4.8801002800225168e-01	   4.8652118043364062e-01	   4.9456017707063149e-01	   5.8314826746213655e-01	   6.1867289446937557e-01	   6.2858149217421433e-01	   5.6185851204999704e-01	   3.6164706699871441e-01	   2.2389703798904609e-01	   4.8787249721010861e-01	   5.3094758085476956e-01	   2.9168702473894970e-01	   3.3390189612804516e-01	   5.4709828528050242e-01	   5.7908594324419527e-01	   8.9374396871598302e-02	   2.2468150614277119e-01	   6.3816824494769375e-01	   5.7232141211179166e-01	   4.8734757343277307e-01	   5.2769941828870714e-01	   4.7987511385725101e-01	   4.5883909590281802e-01	   6.4631527866094732e-02	   6.9776244715632485e-02	   4.1920692056186745e-02	   1.5921597755045525e-01	   3.1744269651032420e-01	   2.6486300270963298e-01	   2.2633809372834990e-01	   1.6189748967215370e-01	   2.6629958726739894e-01	   3.1845661334065273e-01	  -1.2252956412212906e-01	   4.8533758756699630e-02	  -8.0088390412371091e-02	   1.6269160390272724e-01	   1.7150274464126244e-01	   1.8660056598044314e-01	   2.4052381879484847e-01	   3.0529933222418348e-01	   5.4901037781838524e-01	   2.9705340642882705e-01	   3.3313645337220976e-01	  -3.3264971815440983e-02	
   6.1089250011132479e-01	   5.6744352467364689e-01	   3.9331912608266817e-01	   6.1135082208068481e-01	   5.5592015649875559e-01	   6.2927171150246808e-01	   6.0378363598119311e-01	   7.3069916842179328e-01	   6.6998900383497650e-01	   6.8145648603897813e-01	   8.1278932870762721e-01	   0.0000000000000000e+00	   6.5865618672525350e-01	   8.3856911389533784e-01	   5.9825010573767012e-01	   6.7494465075912191e-01	   3.3282124303250654e-01	   2.7803528344828776e-01	   6.7873534306728012e-01	   6.7786194720108883e-01	   1.7592551893838332e-01	   2.1102093139682490e-01	   1.5375261640804599e-01	   1.7512881587726598e-01	  -1.0628565234415051e-01	  -8.3962802829413291e-02	   8.5670815214952206e-02	   7.6093849885386533e-02	   4.8201243822653356e-01	   3.4226860783234231e-01	   8.1793504772759845e-03	   1.8608880777958964e-01	   3.4402611945986583e-01	   5.4592985472866240e-01	  -3.3981539243937098e-01	   5.4807613268358119e-02	  -6.9948821507660949e-02	   3.9137341750700452e-02	  -1.7642601679668402e-02	   7.4926858300339558e-02	   8.4084126916451174e-02	   3.9638688730935112e-01	   3.1548076684746468e-01	   4.3341503452873309e-01	   2.4567326406542322e-01	   3.6573692125165708e-01	   3.9551351220196390e-01	   3.2470293462596039e-01	   3.3419638279236691e-01	   1.2735399419284682e-01	   2.9315022395750656e-01	   4.7533243189843710e-01	   1.1157919625672477e-01	   9.3187543217537125e-02	   1.9564676370751510e-01	   1.8921529096947140e-01	   2.1126448426111566e-01	   4.4053966339396605e-01	   5.1979424644067973e-01	   2.4986733533610989e-01	   7.1978455178246525e-01	   7.4550390280576972e-01	   4.9117636337821791e-01	   5.0806666534898559e-01	   1.5049894735867775e-01	   6.2804492417828162e-01	   1.6882159840214436e-01	   3.4489608259580168e-01	   2.4604174625492117e-01	   5.8624719260593949e-01	   4.7466927360979227e-01	   4.4716330925674758e-01	   5.1703401999991327e-01	   5.7556057666143312e-01	   5.3365083255390322e-01	   6.5257017929729733e-01	   5.2086271567277775e-01	   5.9772836925412776e-01	   3.4426291882608950e-01	   1.9831878907071754e-01	   5.3051050252654486e-01	   5.4881623518347844e-01	   1.8895441098222973e-01	   2.3962450487811476e-01	   4.1638482596466453e-01	   5.2136619451934008e-01	  -1.6125942557027750e-01	   7.5860791707237085e-02	   4.8126584224362501e-01	   5.4753345643235329e-01	   6.4097167399896482e-01	   6.2457205843330843e-01	   6.3570239971165488e-01	   4.2757073035225834e-01	   4.7719299630212583e-02	   8.8903754732154144e-02	  -3.7659887926514993e-02	   1.4713065434386929e-01	   2.8815810040354251e-01	   3.2300003718244513e-01	   5.2570109005178089e-01	   2.4403531773393969e-01	   4.6072084234750976e-01	   4.3072804660379543e-01	   1.1436121057967810e-01	   1.5846523724561065e-01	   3.9937893914819035e-02	   2.6176285847978442e-01	   2.3789718449296937e-01	   1.8831001577647821e-01	   1.7859148236488809e-01	   2.3748987355010354e-01	   5.8151609506916424e-01	   3.7251029321190643e-01	   3.4915757116633878e-01	   6.9982060138816166e-02	
   5.9786303131050245e-01	   5.0986260982595455e-01	   6.2562033174235376e-01	   4.6791455258998127e-01	   7.5850269990818386e-01	   4.8535663587535860e-01	   7.2325252100262971e-01	   5.0766498141283323e-01	   8.6031757211371573e-01	   4.7189531524496697e-01	   8.2125517827827221e-01	   6.5865618672525350e-01	   0.0000000000000000e+00	   7.7902423572135338e-01	   6.8825648766502823e-01	   5.5629341692465772e-01	   3.5213874412349533e-01	   2.7700907586823409e-01	   5.1038998795427271e-01	   4.3050461747589519e-01	   2.2038486766957149e-01	   3.2026995789130958e-01	   5.5203064195177720e-01	   4.5248064771289048e-01	   3.6489868236536571e-01	   2.6687850658333978e-01	   5.3670778451397372e-01	   4.5842281936460616e-01	   3.0095395842471701e-01	  -4.7528765687457480e-02	   2.5792275126038666e-01	   2.0876665064378683e-01	   4.2338399001213589e-01	   5.1153444778098633e-01	   2.8849576878371663e-01	   5.1949926562163062e-01	  -1.7151118078640809e-02	   4.5036973250527123e-03	   1.4340025391014244e-01	   1.2851431306374289e-01	   2.0078186904261347e-01	   2.8391157399688260e-01	   5.5196530091961848e-01	   4.6827361039915272e-01	   3.2757582194765233e-01	   2.5298244678187481e-01	   5.4722327845796714e-01	   3.4359738739412249e-01	   5.1657412596710561e-01	   1.1713816201316872e-01	   4.9859993406533976e-01	   3.5574601318712140e-01	   1.7341150277318471e-01	   8.3411039504809437e-02	   3.8527377433445509e-01	   1.9519381617776554e-01	   2.4897311813672185e-01	   4.6182794428401597e-01	   6.4519909206497028e-01	   2.7183294857033613e-01	   6.3713178170806439e-01	   4.6767675140043008e-01	   3.8226598379871701e-01	   2.6632443807859196e-01	   6.5057801049324637e-01	   6.8208111000071991e-01	   4.2389865543385352e-01	   3.4284492522579763e-01	   2.1634161037594812e-01	   3.8030574821596963e-01	   5.1183315167200005e-01	   4.3680091831962664e-01	   2.4968155737036982e-01	   2.6168390478943965e-01	   4.5704634888968565e-01	   5.2242830901951598e-01	   5.4383105196514725e-01	   4.0692956587332302e-01	   3.6198953438775400e-01	   2.1564548848816323e-01	   4.6624008755809454e-01	   4.6621312901260087e-01	   1.6831948672619110e-01	   1.6394866392509910e-01	   6.0369013415517980e-01	   5.3925232471156570e-01	   2.5770965559081671e-01	   2.5871470925974982e-01	   6.0891699110644382e-01	   5.4019589378236521e-01	   3.5133834871592201e-01	   4.4693901850934864e-01	   4.5858608719153493e-01	   5.7773256558074315e-01	   1.3021805413471693e-01	   1.3077852083095334e-01	   1.0034117962644942e-01	   2.3469191191318034e-01	   2.8122387889643963e-01	   2.3631047084892554e-01	   1.6231827969215404e-01	   2.5314318184508516e-01	   1.6548263459568172e-01	   2.5704865663737647e-01	  -2.3319099213683481e-01	   5.4895831164160115e-02	  -1.7183434414236617e-01	   5.5014552956081819e-02	   9.9643902951978405e-02	   1.4543628469043257e-01	   2.3602497854612031e-01	   1.9314365555170632e-01	   5.2306097041055388e-01	   2.8713084766057972e-01	   3.0833315586511967e-01	  -1.5405615380236187e-01	
