   0.0000000000000000e+00	   5.7047133623696822e-01	   3.9692751329185616e-01	   3.4807506567364777e-01	   3.1431286773546185e-01	   4.1349258888218154e-01	   3.5773098909476253e-01	   2.9958851960282290e-01	   3.0840606202595960e-01	   3.5077964439960707e-01	   6.5558544677606345e-01	   7.1392054878651945e-01	   3.8995316388821927e-01	   4.4718337572592703e-01	   2.1322372653031665e-01	   2.0919449527584688e-01	   5.1779651019449757e-01	   5.0864421144152727e-01	   5.9748287016629487e-01	   5.3880878442634672e-01	   4.4532228469974275e-02	   7.6797880812676744e-02	   2.5878604584851062e-01	   2.1882108517736945e-01	   1.9212972128584480e-01	   1.9954834175133221e-01	   2.6136959014604710e-01	   1.5644526923754565e-01	   4.4553624967688765e-01	   4.4314304810946226e-01	   1.5917126241519727e-01	   1.8576761893390065e-01	   5.6816852215076097e-01	   5.3787421274841285e-01	   2.9579022414381581e-02	   1.0038120172933460e-01	  -5.9216174782161422e-02	   2.0267250380867038e-01	   2.6272609529991275e-01	   2.7482856310028347e-01	   1.4521588194429130e-01	   7.8132987788816055e-02	   1.3100425783647140e-01	   2.2625583386486711e-01	   1.6671778100517265e-01	   7.9818996643590656e-02	   1.3142083019411879e-01	   1.2936828447567261e-01	   3.8399683396384721e-01	   1.0775176696238115e-01	   4.2870992055838192e-01	   1.9380167667439105e-01	   3.3741046043901057e-01	   5.4978702856484901e-02	   4.3852940847254196e-01	   3.9845393396111578e-01	   7.1329845516787604e-01	   6.6961540542945686e-01	   6.5633066458401457e-01	   4.4480614301853943e-01	   5.3257263750431683e-01	   4.4678237430660583e-01	   4.1413485399987654e-01	   4.4387012982601798e-01	   1.3979509116785832e-01	   1.4843520552546974e-01	   3.6614346067398335e-01	   2.6827082196870761e-01	   3.3922996483384193e-01	   2.7418341288482817e-01	   1.7778271224550304e-01	   2.9504190137603314e-01	   5.0848261768446101e-01	   4.5807572382917539e-01	   4.6819670176619888e-01	   3.6999381852356228e-01	   3.9757603067744057e-01	   3.4834063956507627e-01	   4.9463814408145557e-01	   5.5587973051778861e-01	   4.3029930543818345e-01	   2.8856939916959867e-01	   2.8711128758683570e-02	   7.1530870994042789e-02	   1.2802985174184411e-01	   3.0571535477026079e-01	   2.5299403832479594e-02	   6.4269792797220643e-02	   3.1654537350444456e-01	   4.9263421427573573e-01	   3.7179934157815148e-02	  -8.4074518419437472e-02	  -2.1506791647796697e-01	  -1.0119719805688321e-01	  -4.1341723790044860e-02	  -7.2646876878160641e-02	   2.5970803858988684e-01	   2.6567397180685703e-01	   1.0136425587724116e-01	   2.1270244440032626e-01	   1.0320353268280125e-02	  -8.4143215224934745e-03	   6.2581461974268865e-03	   7.8116196586712566e-02	   1.2307471637063812e-01	   1.8069245242773579e-01	  -3.0795423383965809e-03	   1.9710458807082906e-01	  -2.3831065576744026e-01	  -1.7941563254341250e-01	   8.9680074717155459e-02	  -8.7325682033650889e-02	  -1.8095341233032325e-01	  -1.4134881817230802e-03	   2.6652629831134556e-01	  -1.9489551606246294e-01	
   5.7047133623696822e-01	   0.0000000000000000e+00	   1.8319997931717186e-01	   3.3497465268980015e-01	   2.8048194131883902e-01	   3.3615688822890077e-01	   1.0259529338577150e-01	   3.2909870721965973e-01	   2.2591264521330831e-01	   2.2641041689917479e-01	   2.9423902708868266e-01	   4.6053227997237117e-01	   3.0495946356208520e-01	   2.2740789315941168e-01	   3.5825192838023234e-01	   2.4650950766891394e-01	   4.1419582277308553e-01	   5.3009492324767282e-01	   5.4765605934227879e-01	   6.3484266773975873e-01	   2.5879141171931341e-01	   2.7189988880776789e-01	   2.6725831784671589e-01	   2.2923136612002989e-01	   3.5325731605507893e-01	   3.1045121595680569e-01	   4.1031032045260002e-01	   3.4946478997072450e-01	   3.2226444313789854e-01	   3.1788837708394069e-01	   2.2816931866813450e-01	   1.5047660003270619e-01	   4.6558309176867185e-01	   5.0973452413607290e-01	   2.4620684420060091e-01	   3.7400802176015924e-01	   4.7450719334218516e-02	   4.3279916562520748e-01	   3.3607707248176755e-01	   3.5149606392491073e-01	   2.5544538739398281e-01	   3.2963973004757524e-01	   4.4342853259621717e-01	   5.2051052906268880e-01	   4.1389544374595899e-01	   4.5505885832302650e-01	   4.6996072162439584e-01	   4.9634531742907795e-01	   5.1860945737475062e-01	   4.4513920766517162e-01	   4.2760552703855637e-01	   3.9444556440088513e-01	   4.6324654586123803e-01	   3.4540273379435016e-01	   5.0563019975567947e-01	   5.6024027663764786e-01	   6.8605258829379145e-01	   7.6178829162183614e-01	   4.8080521669479193e-01	   5.1745893600696635e-01	   2.4786506599636732e-01	   3.3371509131737020e-01	   1.0498886841951105e-01	   2.7269862751791901e-01	   1.6511295969154433e-01	   1.5537176582541001e-01	   3.2590521986155857e-01	   3.9487801821834823e-01	   4.6220448809999493e-01	   4.5945380975860317e-01	   3.2751243915356310e-01	   4.4353693438552477e-01	   4.3088810165640301e-01	   5.4891865952676500e-01	   4.3507196593512498e-01	   5.3050370755248022e-01	   4.1156464221204547e-01	   5.4665282578840313e-01	   3.9112120732323480e-01	   5.0929817093203233e-01	   5.0388337985515808e-01	   3.9002534793839228e-01	   5.0731687582395091e-01	   3.7267349818991208e-01	   1.7145653521064352e-01	   3.0220274276812575e-01	   3.9660091270389752e-01	   3.3719808986236327e-01	   2.9814830714730084e-01	   4.3660994223353605e-01	   3.4038083181953388e-01	   5.7249888798763124e-02	  -6.1575353386297882e-02	  -4.4631255885847668e-02	  -1.9425455530548708e-01	   2.4062011278286027e-02	   3.3069088306320649e-01	   4.4906978881337639e-01	   4.7557293396453537e-01	   4.7110817142749972e-01	   1.1990151446810900e-01	   1.4771114059506218e-02	   1.1005584953197786e-01	   1.4515042872473824e-01	   1.3744464920995927e-01	   2.3908298130075673e-01	   1.1150543422544770e-01	   1.7813506298160725e-01	  -3.5168373724305213e-01	   1.3800819385824559e-02	   3.1098519923242673e-01	   1.2421968527698062e-01	   1.2669202745632901e-01	   2.2017983265065078e-01	   2.2210929258522619e-01	  -2.2324087257732494e-01	
   3.9692751329185616e-01	   1.8319997931717186e-01	   0.0000000000000000e+00	   6.9117839255281521e-01	   8.0336086659583095e-01	   4.7586781457002414e-01	   9.1832696096887256e-01	   6.4720012968122753e-01	   6.2552877648796001e-01	   5.2595882344747880e-01	   4.6429422619083827e-01	   2.6732146022548786e-01	   5.7284606024718687e-01	   2.0696064920346616e-01	   5.8135846824209669e-01	   4.9756278846428303e-01	  -1.9687263344306891e-01	  -1.4717494574644924e-01	   5.5287782616156644e-01	   3.0094497412558197e-01	   1.7257721302942530e-01	   2.1725581748095674e-01	   7.5983685079472152e-01	   6.3790277374986659e-01	   5.7657385434021768e-01	   4.7456283997692700e-01	   6.5223180827596705e-01	   4.8454766398929383e-01	   8.6400997861306061e-02	   2.3013083764337687e-02	   3.7061390426172103e-01	   3.4846028445466498e-01	   5.5198757690190459e-01	   5.8427442987512868e-01	   5.3041245975215146e-01	   4.3835535982012119e-01	  -1.3710313102348654e-02	   2.3218288921879215e-01	   3.0715021384060426e-01	   2.7539369353105203e-01	   5.1308487872980535e-02	  -7.4319458348187312e-03	  -1.1226241213574070e-02	   7.5581416266729221e-02	   1.2387999257460253e-01	   1.0636298757542451e-01	  -1.8803110294265919e-02	  -2.7558257774062025e-02	   4.4176175564956410e-01	   1.7636394831997323e-01	   6.6561431185018205e-01	   3.5823226241653872e-01	   2.1951193638532213e-01	   2.0977291149681393e-01	   3.4983929346008907e-01	   4.0012073616617089e-01	   1.8696253188697672e-02	   9.8354884044660196e-02	   5.6504733285183806e-01	   3.5122045359602311e-01	   5.8911805524487015e-01	   5.4109727460388424e-01	   1.9131872185144096e-02	   7.3942849313878645e-03	   6.6014175348650972e-01	   6.0724379935792006e-01	   5.9322206562680957e-01	   4.7630119372147939e-01	   9.4716087608591626e-02	   2.4295852257701986e-01	   3.5120929981090587e-01	   2.9795499472373760e-01	   1.8737791843481200e-01	   2.1175438435239477e-01	   3.8521838307133582e-01	   2.7294667937397654e-01	   4.5912685607210352e-01	   2.5770365066433010e-01	  -1.0441947309250552e-02	   2.3686954401385557e-01	   3.3304309592257608e-02	   1.9452629737793065e-01	   1.3208167166584250e-01	   6.3266704181541025e-02	   6.2312359223461700e-01	   6.0904805614401913e-01	   2.3576239105583235e-01	   2.6200586909417234e-01	   6.9914802671864895e-01	   6.2849338225935258e-01	  -6.7279764576297519e-03	   3.5691264688734881e-01	   2.6605965502239171e-01	   6.3330620277671679e-01	   1.4239640714126589e-01	  -1.1157980864844813e-01	   3.5045222918704433e-01	   1.7084024117592611e-01	  -1.2208386521148848e-01	   8.9112001336489693e-02	   1.5158607331411950e-01	   4.5241338718166446e-01	   1.6783647531621430e-02	   2.7049390597767459e-01	   2.4332953334907997e-01	   3.6302424770804953e-01	   3.1854902612214318e-02	   2.9495373089202603e-01	  -1.8524679895309040e-01	   2.2587070979086843e-01	   3.2080163862126859e-01	   1.0531622063042578e-01	   1.4824601414835500e-01	   1.0472337621673899e-01	   2.9147740276319256e-01	  -2.9638625484317549e-01	
   3.4807506567364777e-01	   3.3497465268980015e-01	   6.9117839255281521e-01	   0.0000000000000000e+00	   6.2614465075573800e-01	   6.5114693123895273e-01	   6.4806983865807688e-01	   8.6306672117764061e-01	   5.3513804746918803e-01	   7.9907983562305152e-01	   2.9823436448550461e-01	   4.3686067575150000e-01	   4.3858752201854995e-01	   2.4905068021752391e-01	   4.3277560169290941e-01	   5.0342405403235657e-01	  -9.6552477396689720e-02	  -8.4446977504869319e-02	   4.7410914149495520e-01	   4.1358656009522243e-01	   1.1656025360393649e-01	   1.4123841940062615e-01	   6.0496020023185704e-01	   7.4928473415643559e-01	   4.4231991936223986e-01	   3.9935644237362911e-01	   5.5804812576189233e-01	   4.7324779133923528e-01	   1.4879911411847978e-02	   4.3668695979959357e-02	   2.4173534022710402e-01	   3.4542773475984923e-01	   3.8625384669850105e-01	   5.7846706484693022e-01	   4.3115027878782153e-01	   4.4377560659529963e-01	   2.1670393789423332e-02	   2.6206431102061367e-01	   3.2400847136993549e-01	   3.1981741305661560e-01	  -2.9118862434503543e-03	  -2.2521460731949362e-03	   2.3273156987652085e-02	   1.3218071527892936e-01	   1.4101447719418794e-01	   1.7206470549917496e-01	   9.1288846761480538e-02	   6.1401930334204533e-02	   4.8341095179994548e-01	   3.4333856918609390e-01	   6.4006830455405539e-01	   4.6040852135272986e-01	   3.7634948712843286e-01	   3.1740841017452587e-01	   3.5821356317956810e-01	   4.0870525763297921e-01	   1.7360595184240502e-01	   1.4671376054022403e-01	   6.4694667650957416e-01	   5.5515828795510425e-01	   6.0479944193502710e-01	   7.6334606429651775e-01	   1.7346500264562678e-02	   1.6055187069219259e-01	   5.1198256120576768e-01	   6.6893493116390756e-01	   5.8559945715513129e-01	   5.2371898823906760e-01	   3.3180786911927718e-01	   3.4581041654526889e-01	   3.0476234460442148e-01	   3.9761535500635548e-01	   1.3861036948519079e-01	   2.8622315360518341e-01	   3.4779398595494881e-01	   4.0499598705566398e-01	   4.7246773799430331e-01	   4.3983508769837770e-01	   5.6974178391082424e-02	   2.7509687422334367e-01	   1.4299587938932598e-01	   1.1721227035289605e-01	   1.7289249652630381e-01	   3.7369042892883439e-02	   5.0525241802910359e-01	   5.3182686775473775e-01	   2.5895116148395636e-01	   2.9273177683167845e-01	   6.6144659696624886e-01	   7.7182640358960908e-01	   2.2940706155332075e-01	   3.2728324588416413e-01	   4.2096114340458957e-01	   3.9537665872714922e-01	  -3.2978799017169616e-02	  -7.5970271778541737e-02	   3.1190654775967186e-01	   2.3325027491800315e-01	   3.6117198588644650e-03	   3.9824973107347006e-02	   3.2947717282068878e-01	   3.4616475276222952e-01	   2.1942244930028076e-01	   1.9691178193512490e-01	   3.5251878176602147e-01	   3.6185861335936592e-01	   1.0032276520302820e-01	   1.8215797676815293e-01	  -2.9798665877418107e-01	   1.9638634633957691e-01	   2.5570942477820580e-01	  -1.7158120034980000e-02	   1.1736863137778170e-01	   1.6820475528523621e-01	   3.0416844330250425e-01	  -3.0111872797415862e-01	
   3.1431286773546185e-01	   2.8048194131883902e-01	   8.0336086659583095e-01	   6.2614465075573800e-01	   0.0000000000000000e+00	   4.7502501836098032e-01	   7.4542576545948336e-01	   6.0980725377997547e-01	   6.7417530275364446e-01	   5.2207814097750238e-01	   4.2335891367780032e-01	   2.9164870064896536e-01	   5.5163059640980316e-01	   2.0105754805238563e-01	   5.7432718478326161e-01	   4.5168518084961429e-01	  -1.8577321907050842e-01	  -7.7034617736070121e-02	   4.9864549703264294e-01	   2.7123468009478613e-01	   1.9700334187498000e-01	   2.0922382472515824e-01	   5.8347167105880016e-01	   4.6970072726174855e-01	   5.5827390235449958e-01	   4.4347107444584866e-01	   6.7003901320747827e-01	   4.6237764954451943e-01	   5.2181801556821922e-02	  -3.1121825560167030e-02	   2.9350174156690312e-01	   2.4940128953005120e-01	   4.3655983773833562e-01	   5.0141230885257693e-01	   5.3921702878435851e-01	   5.1470464143448935e-01	  -3.9860629675370726e-02	   2.4470203452868988e-01	   2.1563310450475207e-01	   2.0097312110982030e-01	  -3.5484934725616951e-02	   3.4814184272778381e-02	   6.3825879558100360e-02	   1.7439107821010719e-01	   2.9158314468031815e-01	   2.9212574979210881e-01	   9.7659114959274457e-02	   1.2631238762125233e-01	   4.6916037746728623e-01	   3.4615357424804344e-01	   5.3221486130831486e-01	   4.1804258957113027e-01	   2.4101548788183952e-01	   3.2633890355000206e-01	   3.2982056766517709e-01	   3.4511617537779088e-01	   1.0813551827483790e-01	   1.4030304373647945e-01	   5.6522909747077221e-01	   4.6275473576609821e-01	   5.8502308937140401e-01	   5.7419196339663858e-01	  -3.6373347880704621e-02	  -1.8107838734739111e-02	   6.4024202290996790e-01	   5.5909199042118651e-01	   5.9064727943290474e-01	   5.5002356263709784e-01	   1.6807826886346294e-01	   3.0794947751678964e-01	   2.8703285752081553e-01	   2.6939764704046687e-01	   1.3723371990665117e-01	   1.8550502459100549e-01	   3.5321841836433876e-01	   2.6433762282485013e-01	   4.2043511028118985e-01	   2.3625991241309446e-01	  -6.4019537774875110e-02	   1.7707941503166663e-01	   1.9900167230785002e-02	   1.5319305978159625e-01	   2.2181497653637480e-01	   1.4492632459176191e-01	   5.0462768518047552e-01	   4.8246375736263236e-01	   3.1088346354327523e-01	   1.8474483164576841e-01	   6.5772556202735666e-01	   5.7880366300785280e-01	   2.1942083960904088e-01	   3.9040832770835554e-01	   2.6508455399067710e-01	   5.7550521332414406e-01	   6.7020154384943464e-02	   1.9248720634934449e-02	   3.2198221115420883e-01	   2.0460376777575889e-01	   5.6198807403458374e-02	   1.3864455746759982e-01	   2.8466309051196043e-01	   4.5633352247522324e-01	   1.2957185340645927e-01	   2.5200742216180244e-01	   2.1924765255450099e-01	   2.5211844218643198e-01	   5.5309525528688903e-02	   2.3363571416273282e-01	  -1.4727251140458603e-01	   2.4168776130253192e-01	   3.6996169319265704e-01	   2.0564220163577276e-01	   1.2465649427444364e-01	   1.2324605532964622e-01	   1.6882809968437806e-01	  -2.7507814742359082e-01	
   4.1349258888218154e-01	   3.3615688822890077e-01	   4.7586781457002414e-01	   6.5114693123895273e-01	   4.7502501836098032e-01	   0.0000000000000000e+00	   4.1978080280151031e-01	   5.4261036711330735e-01	   4.5757417429067404e-01	   6.6989994333967795e-01	   1.8438945059485023e-01	   3.9161604447498677e-01	   1.7986584344146644e-01	   2.0824843722123626e-01	   2.0241417607742740e-01	   4.4196790577212053e-01	  -6.3087689726459728e-02	   4.9665688958439529e-02	   3.2374022310935097e-01	   3.1634359680947644e-01	   2.7185770962884583e-02	   1.7539171764326195e-01	   3.2895565842431629e-01	   4.3974574591604965e-01	   2.5794475922051124e-01	   2.8276067924253212e-01	   4.0870820699226784e-01	   4.3793278805667635e-01	   3.7424994754735659e-02	   1.6015251622984256e-01	   6.9681513049273405e-02	   2.3266626073099950e-01	   2.5123573629684909e-01	   3.8696048861911514e-01	   1.0239738210754287e-01	   1.5024929952925314e-01	  -2.5847545920729954e-02	   2.3353614186520946e-01	   2.4208222150661066e-01	   1.4378651128830491e-01	   1.5547340560607211e-02	   1.4940152214874872e-01	  -5.8916736179724448e-02	   4.1855434573103617e-02	  -1.6289484870860325e-02	   1.4167301122382363e-02	   4.0248587478198206e-02	  -2.4490660103286807e-02	   4.4525533881715135e-01	   2.7219141916646616e-01	   5.0726073319539211e-01	   3.8289138812396839e-01	   3.6654015936934559e-01	   1.8817390799720007e-01	   3.8092618441340098e-01	   3.4506985095975079e-01	   2.2388349183290762e-01	   3.1369501871258809e-01	   6.1589802784574210e-01	   4.9013347200070750e-01	   3.9340093777033047e-01	   4.0990224501912703e-01	   1.4656507872978433e-01	   1.4027498717929113e-01	   9.4204291463267656e-02	   2.6038732309362694e-01	   3.6457947516280997e-01	   2.3417963307805800e-01	   2.9348625307624193e-01	   3.0298472255543918e-01	   1.7853329618552627e-01	   4.0861230127985371e-01	   1.8554471478520532e-01	   4.1740893761215614e-01	   4.1429379137531225e-01	   5.0543352982071110e-01	   3.2235174667179406e-01	   3.4805524924280423e-01	   8.9523698210067421e-02	   2.7438652593363588e-01	   1.0193919369399809e-01	  -1.0878424701574070e-03	   1.8080288584733276e-01	   1.3785853134789544e-01	   8.3519665580712957e-02	   3.3535166496180141e-01	   2.8658077861985473e-02	   2.3167580722888531e-01	   3.5554122670390953e-01	   6.0200441868999699e-01	   1.1208593482839853e-01	   1.6827507223332930e-01	   2.7936651114933542e-01	   1.6644816213958841e-01	   6.7024732140367918e-04	  -1.4172332354752804e-01	   2.9804354189916671e-01	   1.2954006841594681e-01	   4.1573244289802774e-02	   7.7868331119104933e-02	   1.7835346390457218e-01	   2.9680850227838024e-01	   1.3789801343563371e-01	   2.5481169059118652e-01	   1.2009126695077824e-01	   1.1222773402709478e-01	   1.0361412846359312e-01	   3.0838144193266781e-01	  -2.3943715403561006e-01	   6.4809831525995079e-02	   1.1825596865761540e-01	   5.2242326632075023e-02	   5.9698379201056639e-03	  -1.9317040272917496e-03	   1.2936889190810916e-01	  -3.1066893771755871e-01	
   3.5773098909476253e-01	   1.0259529338577150e-01	   9.1832696096887256e-01	   6.4806983865807688e-01	   7.4542576545948336e-01	   4.1978080280151031e-01	   0.0000000000000000e+00	   7.1860205878532601e-01	   5.6158131965653124e-01	   4.7184711378628685e-01	   4.7695262554616863e-01	   2.9633808855851096e-01	   5.4191881238142781e-01	   1.9938115903773465e-01	   4.5527754039770207e-01	   4.3959233579689250e-01	  -1.4791626480266340e-01	  -1.4634568794505839e-01	   5.1863565798817701e-01	   2.6654579978779092e-01	   1.6337119441115017e-01	   1.2509701210580149e-01	   6.6442156726257662e-01	   5.7357138723205647e-01	   3.8954216927332708e-01	   2.9367305481279560e-01	   4.5276361331118131e-01	   2.8995178775160246e-01	   1.1873175566852631e-01	   4.2702977766586395e-02	   3.7102444404256618e-01	   3.6378788918704175e-01	   5.1750455755142433e-01	   5.4265241392322250e-01	   3.8632659318865858e-01	   3.0103787942652976e-01	  -1.6089227431986258e-01	   8.4018279001083523e-02	   1.5448500813252003e-01	   1.8049626030772517e-01	  -1.0171278649696743e-02	  -1.0232090025141075e-01	  -9.3428225656184513e-02	  -1.9564078087063532e-02	   7.1692301173876066e-02	   4.4700915049593087e-02	  -1.0891703587083038e-01	  -1.2128793905114169e-01	   3.2420044540800530e-01	   8.0694935175770630e-02	   5.6366060363386172e-01	   2.3702265347386112e-01	   8.1990477919680227e-02	   9.4931199799622695e-02	   1.9049626798249669e-01	   2.3122203990375384e-01	   2.7763836477936121e-02	   4.7157626992510492e-02	   4.8568075415410872e-01	   2.5561035517962744e-01	   6.3931151327697378e-01	   6.0562542506681882e-01	   1.5014558005653489e-01	   1.4516960663699829e-01	   6.3842381430539563e-01	   5.6166972033452067e-01	   5.4175754258350217e-01	   4.2269971623445457e-01	   8.1183866612889677e-02	   2.1506691653021520e-01	   3.4662057664468976e-01	   2.6578476137972595e-01	   1.6243249790786887e-01	   1.4690292253867396e-01	   3.2912180811485187e-01	   2.1117845548568198e-01	   3.9227163736430171e-01	   1.8509248291751407e-01	  -2.1025905665493630e-02	   1.8810696067567870e-01	   3.8669418949739992e-02	   1.2981283610957867e-01	   7.1064281747388269e-02	   1.3859224841303116e-02	   5.7038833034233127e-01	   5.4490603689278505e-01	   1.7051390146060999e-01	   1.4990001682095355e-01	   5.9602612889064444e-01	   5.2603807776636002e-01	  -3.4573613275957892e-02	   3.5604197420652767e-01	   2.7179294745642796e-01	   5.8172457287116297e-01	   1.2015617924635615e-01	  -1.2875292897601159e-01	   2.2104627735470272e-01	   5.9628584263917705e-02	  -1.9615679461817342e-01	   1.5803833075886710e-02	   1.3862420864310829e-01	   4.4598142871751811e-01	   8.4629653644375843e-02	   2.8311014442068405e-01	   1.5056981966883071e-01	   2.7298795115524571e-01	  -2.0006422407023609e-02	   2.5996042828553445e-01	  -2.0672182138735687e-01	   1.2080779773853748e-01	   2.2402937106542498e-01	   5.1471455279470772e-02	   1.2301454550747948e-01	   4.6563780708693825e-02	   2.1504284566188725e-01	  -2.8216820184288943e-01	
   2.9958851960282290e-01	   3.2909870721965973e-01	   6.4720012968122753e-01	   8.6306672117764061e-01	   6.0980725377997547e-01	   5.4261036711330735e-01	   7.1860205878532601e-01	   0.0000000000000000e+00	   4.1038722193542221e-01	   6.4946005967869680e-01	   2.6827460585166996e-01	   4.7401991784899089e-01	   3.9302357872136412e-01	   3.0399142163816684e-01	   3.4956736995776150e-01	   5.4581443423750264e-01	  -6.6612623255060885e-02	  -2.9188570161174113e-02	   5.2824753259846247e-01	   4.7058783360341461e-01	   8.7452817803928690e-02	   1.0641970514009905e-02	   5.0555109378081919e-01	   6.0859445969118076e-01	   2.5817018276694198e-01	   1.5770791873038539e-01	   3.8838257919579272e-01	   2.4439609540460566e-01	   6.5420138499878544e-02	   1.2488907326366253e-01	   2.7054304663128420e-01	   3.2522357889632680e-01	   4.4318712836904689e-01	   6.0035691099525890e-01	   3.2593484642734583e-01	   3.6565505344910215e-01	  -1.4680790571595706e-01	   1.6659126586433409e-01	   1.5278684717245755e-01	   1.6077270569752522e-01	  -8.2260215962217817e-02	  -4.2979416065782622e-02	   1.3590498450819041e-01	   1.9048377116213627e-01	   2.6897891769656967e-01	   2.6115645156271666e-01	   2.1150661908142326e-01	   1.4831509448175542e-01	   4.7761240211164024e-01	   3.4224441105441383e-01	   6.0030119845932806e-01	   3.8005289215646731e-01	   2.8174083205481493e-01	   2.7500623415469172e-01	   2.8902281351341852e-01	   3.5368495954734347e-01	   1.8794080870262542e-01	   1.5944760997438429e-01	   5.4882167731857856e-01	   5.0937351931047514e-01	   5.8156892659872428e-01	   7.6548583754732213e-01	   2.0921353442016366e-01	   3.2262583938378642e-01	   4.6437503396541868e-01	   5.4692547568121241e-01	   6.2456482724602247e-01	   5.6230725207472365e-01	   3.1298290749511637e-01	   4.1826757866444186e-01	   2.7329995921095074e-01	   3.9646735390084387e-01	   1.1178306429878561e-01	   2.9033894115501135e-01	   2.7379490121723854e-01	   3.5763320347936201e-01	   4.0096702279477747e-01	   4.4465973674176029e-01	   2.3059216176267293e-02	   2.2536530606068872e-01	   2.0964222921725423e-01	   1.1935719619758736e-01	   2.1886858427808928e-01	   9.7407668942397274e-02	   4.1158717145946722e-01	   4.5919836946659676e-01	   2.0223240385125069e-01	   1.7664471375124940e-01	   5.1017291150908117e-01	   6.3291186663506105e-01	   3.0581094406305409e-01	   3.5176436473350514e-01	   5.0423181306534071e-01	   3.8547634841125966e-01	  -6.8855222895781470e-02	  -1.6048857884028070e-01	   2.7116505928681267e-01	   1.3312279054444429e-01	   1.2036023835207015e-01	   9.4376914342888807e-02	   3.5654182876216078e-01	   4.1729751393336439e-01	   3.9044117980146392e-01	   2.9704995185805066e-01	   3.4943961350125852e-01	   2.6511128947305546e-01	   1.3451211570392427e-01	   2.1081309740231438e-01	  -3.7184008664015833e-01	   7.0793383399057386e-02	   2.4096495393650835e-01	   1.0815619661811425e-01	   2.1268622843807994e-01	   1.2720425723149617e-01	   1.9571023077598476e-01	  -3.1907237010557410e-01	
   3.0840606202595960e-01	   2.2591264521330831e-01	   6.2552877648796001e-01	   5.3513804746918803e-01	   6.7417530275364446e-01	   4.5757417429067404e-01	   5.6158131965653124e-01	   4.1038722193542221e-01	   0.0000000000000000e+00	   6.7614096222621101e-01	   4.1514938729857981e-01	   3.8435876676627262e-01	   6.9090799558090477e-01	   3.4520394624158712e-01	   5.1296013256156259e-01	   3.5914301101708501e-01	  -7.0116439209248510e-02	  -7.4526919721069687e-03	   2.4208192728948885e-01	   1.4421667449270387e-01	  -5.0249111350948852e-02	   8.9059613689744466e-02	   4.4108242969369288e-01	   4.4756301523136754e-01	   5.4573291111488742e-01	   4.4910237476145459e-01	   3.5916931916912043e-01	   4.3474899766002895e-01	   3.3438989418112332e-02	   3.2714991369183844e-03	   1.1920887435687909e-01	   1.6388801919673823e-01	   3.4041916389797711e-01	   4.1243568059791791e-01	   4.2101898391459514e-01	   3.7160248559296227e-01	  -1.7414965467222741e-02	   2.1287117641641187e-01	   3.3123843933419644e-01	   1.1180064173620100e-01	  -1.1491041258203576e-01	  -3.7414505188991018e-02	  -1.1996324429641711e-01	   5.3161194829013853e-02	   2.2307524144759037e-02	   8.2736759046020125e-02	  -1.7949774311079969e-02	  -5.6258247567841639e-02	   3.8168392701991938e-01	   2.3717647850699472e-01	   4.2155921556683995e-01	   3.0600966704212207e-01	   2.8249820997816261e-01	   1.7836266275530019e-01	   3.1748803070156356e-01	   2.6054124096359893e-01	   8.7843633024268813e-02	   1.8757120829212023e-01	   5.2298894179414623e-01	   3.6629287281196155e-01	   5.5094515915746634e-01	   4.3212099690009170e-01	  -3.8650410395059967e-02	  -2.6106168403294418e-02	   4.6600678062129253e-01	   3.8247956038890574e-01	   3.8998706688545814e-01	   2.9064650344971210e-01	   2.3605812863451664e-01	   2.6934178254303842e-01	   2.0267412404118998e-01	   2.4135484263089690e-01	   1.8716451761633426e-01	   3.9288448498579526e-01	   3.5341064779062958e-01	   4.1544456322515166e-01	   3.9731352408322568e-01	   2.6498955122352819e-01	   9.0148818017536020e-02	   2.1171378247638648e-01	   2.2528157700324861e-02	   2.7673587702949802e-02	   1.9083729507726323e-02	  -5.0881604647363028e-02	   3.2456822049568373e-01	   4.5202338366243577e-01	   1.2887820700793717e-01	   1.9155290969075828e-01	   5.7423075960156644e-01	   5.6694028094674964e-01	  -8.3547931848731317e-03	   1.2863819108989161e-01	   5.5849771998636277e-02	   3.6086998188964359e-01	  -5.8846513292568937e-02	   3.7832074535628216e-02	   3.4112951807755848e-01	   1.6302382973941093e-01	  -1.4121864144219512e-01	  -5.3989535607755393e-02	   1.9635534228215495e-01	   2.2860274319029383e-01	  -5.6571900267401137e-02	   5.3398484242538407e-03	   8.3542164202712391e-02	   1.1234762505266763e-01	  -9.2480266657717167e-03	   2.2550760657146851e-01	  -2.1398428960656760e-01	   2.4884719944818995e-01	   2.2769510323205899e-01	  -1.0485372620537284e-01	  -3.4436026354012057e-02	   4.3518833334361205e-02	   1.4401805061266096e-01	  -4.0198728496091940e-01	
   3.5077964439960707e-01	   2.2641041689917479e-01	   5.2595882344747880e-01	   7.9907983562305152e-01	   5.2207814097750238e-01	   6.6989994333967795e-01	   4.7184711378628685e-01	   6.4946005967869680e-01	   6.7614096222621101e-01	   0.0000000000000000e+00	   2.6783880998565046e-01	   4.8870150730290596e-01	   4.6850561833893767e-01	   3.7260202582900070e-01	   4.4336603892010606e-01	   5.1959787638801624e-01	  -1.3390444354220749e-01	  -7.4529035478629838e-02	   2.5865729439282031e-01	   2.3705647719486050e-01	  -7.1409161460293941e-02	   4.3087913829007805e-02	   4.0604727846954125e-01	   5.7249672899607384e-01	   3.2777642125867296e-01	   3.0834614884407030e-01	   3.9700930000324014e-01	   4.1764483761779170e-01	  -8.1650848832439088e-02	   4.4316143446975945e-02	   4.6917339433994884e-02	   1.5855387160842588e-01	   2.0856534515417383e-01	   3.7920624133257935e-01	   2.8366600854922319e-01	   2.6672951636369535e-01	   1.0704181039283153e-01	   1.7938236875296487e-01	   3.1168803415413110e-01	   1.4573717560319649e-01	  -7.0526742078654225e-02	   2.3838452604865803e-02	  -1.3245002781868523e-01	  -4.0938691743821814e-03	  -3.8735706869664967e-02	   8.7673065436276974e-03	   2.2043947934133621e-03	  -7.7983252026321684e-02	   3.3387546843763599e-01	   2.4436917467181041e-01	   4.3703405972927645e-01	   3.4054657787629589e-01	   3.5512799679913132e-01	   2.2259659156461481e-01	   2.8115348315570893e-01	   2.5060662278026458e-01	   1.4756571883895245e-01	   1.4627014453460252e-01	   5.8476749234460257e-01	   5.1080043506644968e-01	   5.3675559997148226e-01	   6.2445514803185964e-01	  -3.0156678866566241e-03	   8.7654729266584699e-02	   3.2696854329475800e-01	   4.6525510090130778e-01	   3.9894836596498601e-01	   3.0164984344435697e-01	   3.2767118333990120e-01	   2.6978225681363449e-01	   9.0462385675150109e-02	   2.7152549812919846e-01	   7.3021247155626828e-02	   3.5075188159385540e-01	   3.0147040325221264e-01	   4.2062943183214357e-01	   4.3415201548610982e-01	   4.2619538399521079e-01	   2.8939503243897484e-02	   2.0763443243828703e-01	   1.5099241146122183e-02	  -2.5842130872618472e-02	   3.7439975375088301e-02	  -1.1043786397553432e-01	   2.9909959701255856e-01	   3.9627099640596036e-01	   5.8967153412802273e-02	   1.5797382930304035e-01	   5.3734810476006556e-01	   6.9544912062953412e-01	   7.5380580307150225e-02	   1.2101495856245950e-01	   2.9984386375275229e-01	   2.2736060080700618e-01	  -7.5059362737856905e-02	  -1.0883638640136128e-01	   2.8872327731928910e-01	   9.8748486872328234e-02	  -1.1371418963079680e-01	  -1.5148760517373158e-01	   2.7242299889200305e-01	   2.3483150964307886e-01	   1.3571037875316172e-01	   4.7073546190209314e-02	   2.6739832465423546e-01	   1.2273243677089038e-01	   9.2354888259930795e-02	   1.2234206467725736e-01	  -2.7888098706886882e-01	   1.6075167440294189e-01	   1.6347893232066849e-01	  -1.4059771817931815e-01	  -7.6821513643467038e-02	  -4.0486630242099850e-02	   8.7811543396379560e-02	  -3.7319418354496092e-01	
   6.5558544677606345e-01	   2.9423902708868266e-01	   4.6429422619083827e-01	   2.9823436448550461e-01	   4.2335891367780032e-01	   1.8438945059485023e-01	   4.7695262554616863e-01	   2.6827460585166996e-01	   4.1514938729857981e-01	   2.6783880998565046e-01	   0.0000000000000000e+00	   6.6680643924392058e-01	   7.8075555613572578e-01	   5.8788751961521535e-01	   4.6771287803484030e-01	   2.3822378627920698e-01	   4.5870202543753530e-01	   2.3103957825573723e-01	   4.5843561061496180e-01	   2.5796595579501319e-01	   4.0469849826576872e-02	   7.9913131217520778e-02	   4.5809070590246126e-01	   3.4696900439702982e-01	   3.3763022896193334e-01	   3.1670096869841158e-01	   2.7486115045745874e-01	   1.4381428861186016e-01	   4.0227561705985987e-01	   2.0718995013595343e-01	   2.6737138938448357e-01	   2.6401039919447034e-01	   4.2975547042645235e-01	   4.1329215717804857e-01	   2.4271283982782094e-01	   1.7285808427151522e-01	  -6.5082472085790738e-02	   9.9338499125502619e-02	   1.9013505247693629e-01	   1.3824491057916913e-01	  -2.8170285120373159e-02	  -1.7754536114451364e-01	   7.8336703172005986e-02	   1.9573359075671132e-01	   1.3298953908875777e-01	   8.0869652019617821e-02	   7.8504578949337600e-02	   6.9626308537033582e-02	   3.2655897173433257e-01	   4.3381867060076018e-02	   3.2171705754827506e-01	   1.2463347462418226e-01	   2.2216458273588413e-01	   4.2897896886137057e-02	   3.2591190505124468e-01	   2.2648442150731768e-01	   2.7802188065720179e-01	   2.9074063631365826e-01	   4.4911968072717967e-01	   2.6514697016853750e-01	   4.4316224500336504e-01	   5.0637768672932337e-01	   1.7311585086977621e-01	   2.9162828295431853e-01	   4.1294283005071758e-01	   3.6304097650728584e-01	   2.7422210928589785e-01	   2.3276623997001647e-01	   5.5251512585176396e-02	   1.1272086636690605e-02	   3.0314297176401145e-01	   1.7639046851957696e-01	   3.6722139504455498e-01	   1.5748472774401576e-01	   3.8823910986005616e-01	   2.2378356632287333e-01	   3.8597310340841517e-01	   1.4598409259805181e-01	   3.5749639063358346e-01	   3.9317487664056927e-01	   3.0174412165241804e-01	   2.4912500868779269e-01	   1.2698640312349005e-02	   3.5153031517451121e-03	   3.8684177876521758e-01	   3.9015563485972088e-01	   1.9684950271061280e-01	   6.9172824882780343e-02	   3.9492612048452869e-01	   3.3643809081097947e-01	  -4.6254360572269240e-02	  -1.0054007749477403e-01	  -2.2833028383622783e-01	   2.1450828877478165e-02	  -7.2764414660054094e-02	  -6.8790388833792682e-02	   1.9685700899723987e-01	   9.4237678218771812e-02	  -9.6749141987994402e-03	  -7.9431469719031214e-02	  -8.2499026341453926e-04	  -5.2571645533917369e-02	  -9.8262896636434033e-02	  -1.6588201605262293e-01	   6.6611146121252268e-02	   2.3356320002347539e-03	  -1.1960431907088206e-01	   9.9837736586557257e-02	  -8.4934702355545344e-02	  -1.8282172552237361e-01	   8.6970740306787919e-02	  -1.8078229559922232e-01	  -1.2883087268669338e-01	   2.2700716569317388e-02	   2.4839012673056876e-01	  -2.0132093918197153e-01	
   7.1392054878651945e-01	   4.6053227997237117e-01	   2.6732146022548786e-01	   4.3686067575150000e-01	   2.9164870064896536e-01	   3.9161604447498677e-01	   2.9633808855851096e-01	   4.7401991784899089e-01	   3.8435876676627262e-01	   4.8870150730290596e-01	   6.6680643924392058e-01	   0.0000000000000000e+00	   5.5104546755091099e-01	   7.8021898979134940e-01	   2.5841752433601384e-01	   3.2401646771997267e-01	   5.5549176067967843e-01	   5.5332860481238555e-01	   4.6885757621179891e-01	   5.1264965991267353e-01	  -4.2910623584209155e-02	  -8.3362347651212948e-02	   1.8426875272473811e-01	   2.6048382274987913e-01	   1.6298335749802964e-01	   1.1193928797896377e-01	   9.2409094630557881e-02	  -2.7901143885136655e-02	   4.3471872012691959e-01	   4.8270575581151987e-01	   1.7113807979451384e-01	   2.3611804316883800e-01	   4.2692131499554098e-01	   4.8924522053563224e-01	  -2.1196017113209127e-02	   3.5006587162235696e-02	  -2.2597382117004788e-01	   5.6215942464928642e-02	   1.4367529044854671e-01	   8.5042190771729698e-02	  -1.4652283985823544e-01	  -2.4799940882981353e-01	   1.2236555126318840e-01	   2.2640260518245597e-01	   1.9100546663629128e-01	   1.0580020445801547e-01	   1.5751331508847458e-01	   1.1673400715186018e-01	   4.2125621329048890e-01	   1.6681956595351538e-01	   4.6031155961104053e-01	   2.1438761850967891e-01	   3.7105625323897629e-01	   1.0297120750509850e-01	   3.7018725533873764e-01	   2.5750512449713825e-01	   4.8725526823178567e-01	   5.3214819513544986e-01	   5.0621132039694350e-01	   4.3274808381188240e-01	   4.6410181721472232e-01	   5.7851252769067896e-01	   4.3975651445920905e-01	   6.4614724865030571e-01	   1.0042289500129481e-01	   1.3214936089639065e-01	   3.0300260581617205e-01	   2.2376885699644300e-01	   3.6512559360805830e-01	   2.6319632936306880e-01	   1.6512815502849199e-01	   2.7732914253636060e-01	   4.2525060423796596e-01	   4.4783864600598156e-01	   3.4368860826849212e-01	   4.1375650368184036e-01	   3.8426792167595569e-01	   4.6022578162502914e-01	   4.9085192526838378e-01	   5.5486486233806054e-01	   4.8161932504005589e-01	   2.1331814480703487e-01	  -7.3852763816056963e-03	  -7.7614292611665081e-02	   8.1594560311449196e-02	   2.7338299890374790e-01	  -1.4646882186579155e-02	  -9.0105810359865146e-02	   2.1257059582164772e-01	   4.1339936170140679e-01	   9.9362905956078967e-02	  -2.1818926676723327e-01	  -1.2371492488269312e-01	  -2.4810780281622799e-01	  -1.7621813028015496e-01	  -3.2399456083229000e-02	   2.5401894118987972e-01	   2.0311858297118712e-01	   1.0654345656980957e-01	  -6.4717468614972185e-02	   1.5909408923259499e-01	  -9.6805885543867182e-02	   2.3539135226531172e-01	  -1.3189875371918020e-01	   1.4828467229982611e-01	  -2.6618077396463491e-02	   3.0837478510902738e-02	   1.2317067296469243e-01	  -2.9171448569034958e-01	  -2.5939680798545284e-01	   1.8435750981956163e-02	  -2.0853259690654583e-01	  -1.9865756860518594e-01	  -3.3597296836152424e-02	   1.4091211823661742e-01	  -3.8296306394866353e-01	
   3.8995316388821927e-01	   3.0495946356208520e-01	   5.7284606024718687e-01	   4.3858752201854995e-01	   5.5163059640980316e-01	   1.7986584344146644e-01	   5.4191881238142781e-01	   3.9302357872136412e-01	   6.9090799558090477e-01	   4.6850561833893767e-01	   7.8075555613572578e-01	   5.5104546755091099e-01	   0.0000000000000000e+00	   6.2649281291898284e-01	   7.0665940824288176e-01	   4.0613769319125698e-01	   2.1852883579718724e-01	   9.3801761592779156e-02	   4.2056862451827837e-01	   2.3534262880816348e-01	   8.8615269694931637e-02	   1.3976037309142150e-01	   5.7849954988303276e-01	   5.1328921404288530e-01	   5.1843761214001449e-01	   4.1174400498795505e-01	   3.8955589522922940e-01	   3.3685249541207957e-01	   2.5722319151583956e-01	   9.1487380289084985e-02	   2.9994892032237525e-01	   2.4516456687308680e-01	   4.0606947846120922e-01	   4.2876860516981841e-01	   4.9582517927786240e-01	   3.9659824628640772e-01	   3.1222077233506736e-02	   1.9560944274704578e-01	   2.6913997890460778e-01	   1.6991868755243528e-01	  -5.2694459645882319e-02	  -1.6383304883575225e-01	   4.8153738617335295e-02	   2.0600391405414564e-01	   1.7181875577365383e-01	   2.1801476571552625e-01	   9.8944928217796990e-02	   7.6894110173451838e-02	   3.9239636215018825e-01	   2.3885678052703663e-01	   4.2950741161010730e-01	   3.0180430181000423e-01	   2.4718381113831975e-01	   2.3663517132484302e-01	   3.1181199893801043e-01	   2.9761625532008235e-01	   1.2215823748576377e-01	   1.6445053946475952e-01	   4.0239344177968939e-01	   2.8723841741586770e-01	   4.5135906327892711e-01	   4.6505632923481333e-01	  -1.2914822205603565e-02	   9.3210330445065145e-02	   5.7290677334616014e-01	   4.6199774231771118e-01	   3.4960989935807901e-01	   3.2812359451484863e-01	   1.4391698120960283e-01	   1.6091829270004704e-01	   3.6960062506414393e-01	   2.7750668894384112e-01	   2.8577171320691142e-01	   2.6354819073451580e-01	   3.6700065729239589e-01	   3.2705458784696873e-01	   4.5216321956608341e-01	   2.9964287033751036e-01	   2.4384591165912467e-01	   3.3031234623717337e-01	   2.5154996030884014e-01	   2.6344849666322256e-01	   1.0891054148224733e-01	   1.8121719055531411e-02	   5.3353238967236249e-01	   5.4794351568206379e-01	   3.0598416051634758e-01	   1.8583034995345155e-01	   5.4053037752085376e-01	   4.2241812907498411e-01	  -5.9422554899310892e-03	  -3.8843316474017439e-02	  -7.0039616427671897e-02	   2.2044468417321503e-01	  -1.2576219164348876e-01	  -4.4358898438103936e-02	   2.8718425493516708e-01	   1.7405688974652006e-01	  -4.4005327630724594e-02	  -1.2087073039140081e-01	   1.4631679967092984e-01	   5.7304651625277495e-02	  -7.4830269066781488e-02	  -1.7521750020364352e-01	   1.4032255698970819e-01	   5.0983217869934802e-02	  -3.2855145112265949e-02	   8.3869392222163469e-02	  -2.1814343533986258e-01	   7.0003061071031686e-02	   2.2315877700736089e-01	  -1.7536942286396029e-01	  -2.2498684594001971e-03	   1.1317290196782653e-01	   2.5498655871573728e-01	  -3.7942217304797604e-01	
