   0.0000000000000000e+00	   7.8848173435917568e-01	   4.6259166355122561e-01	   5.4292298837261810e-01	   4.0847324709649413e-01	   4.2065807700335245e-01	   4.6541529222024691e-01	   4.1432223351486830e-01	   4.7275024315998199e-01	   3.6535320924306758e-01	   5.0005066727323921e-01	   3.7363558057051016e-01	   4.7288786550703421e-01	   5.3012733902348796e-01	   3.3564383286032418e-01	   4.0239059286667417e-01	   3.3736840832653525e-01	   4.0106050930577353e-01	   7.4199013368751920e-01	   6.4259191307022978e-01	   1.3792433575681368e-01	   9.2049011445940104e-02	   3.2206113335700592e-01	   3.3758582724861153e-01	   3.4409226571461948e-01	   3.1624805690965552e-01	   4.2333087061179625e-01	   4.4600221789272970e-01	   2.2095184981554369e-01	   2.5133783424669376e-01	   1.5157381219170821e-01	   9.7485799927925651e-02	   4.4036221630641359e-01	   3.7301408681924286e-01	   3.0385012495395758e-01	   1.3651149141128907e-01	   1.5242576530487312e-01	   2.5843501492694088e-01	   3.7761945449185169e-01	   3.9069294295290213e-01	   2.4448229901272778e-01	   3.7689282496654519e-01	   3.7036989452797120e-01	   4.3914692599097499e-01	   3.7045564796930092e-01	   4.3051745752547843e-01	   4.7206799167277069e-01	   4.6847823111152748e-01	   4.5881276510152430e-01	   4.5284143150909428e-01	   4.8387745916705960e-01	   4.6873717218050842e-01	   4.8512238500601235e-01	   4.2997823559363357e-01	   4.2236229652554930e-01	   4.1175183403499294e-01	   7.6330774745369334e-01	   7.6565183385590574e-01	   6.0916372428686916e-01	   5.7759271122798572e-01	   6.0524315723933431e-01	   4.0902346484628804e-01	   4.0714666314409342e-01	   2.5050075230626262e-01	   3.0203837328231442e-01	   3.8876403332569781e-01	   5.6237023293957922e-01	   4.7571246408079665e-01	   6.8868801746244257e-01	   5.0019455583346140e-01	   9.9256643100613495e-02	  -1.1107748500076637e-02	   1.7260613987281609e-01	   1.9439982434047431e-01	   1.8285931892398627e-01	   1.6317415416527362e-01	   2.5094867938064103e-01	   9.3272999198501988e-02	   4.6537195345921373e-01	   4.3557847202112060e-01	   3.7854322040780031e-01	   4.1051287059700481e-01	   2.6135121773772474e-01	   2.8394373667858597e-01	   4.4980316447008056e-01	   4.5243546566577342e-01	   2.9414556343049864e-01	   3.2130183512508448e-01	   4.6487717049091315e-01	   5.1855474047283012e-01	   3.3932868950883527e-01	   3.1971008644212739e-01	   3.3646544516377219e-01	   3.5488774372956394e-01	   1.3906444596942177e-01	   1.6589983002345945e-01	   3.5978744477128416e-01	   4.4372525391435369e-01	   3.9954579771796223e-01	   3.6648522635681047e-01	   1.8485992926692110e-01	   2.5820176846823228e-01	   2.8780281644585815e-01	   1.3738981204389686e-01	  -1.1766815547110468e-02	   2.6912129603412098e-02	   3.5558851907626932e-01	   1.3457895700191663e-01	  -7.4079425488186440e-02	   5.6422016562899982e-02	   1.8962454434199844e-01	   3.2287878896406175e-01	   2.9535859505812057e-01	   3.8266600390631189e-01	   1.4583384368417565e-01	  -2.1164025609392517e-01	
   7.8848173435917568e-01	   0.0000000000000000e+00	   5.3965771747561675e-01	   6.5994090597377464e-01	   4.7428115172433416e-01	   5.8491189998869786e-01	   4.5326294332661499e-01	   5.0842229628144098e-01	   4.2770036095340280e-01	   4.4643216477147935e-01	   3.1707775409855377e-01	   4.6374938604427918e-01	   2.5576740824735589e-01	   4.5402105230853879e-01	   4.1285864345212431e-01	   4.8658726178084721e-01	   5.2176975792067593e-01	   6.1645434187478632e-01	   7.6183124588041073e-01	   8.0292693967630502e-01	   2.3794199390397786e-01	   1.9011936462409390e-01	   4.6798858621471684e-01	   4.9892849114858862e-01	   5.7260016243296108e-01	   5.4056827560789844e-01	   5.1817360826017245e-01	   5.1607687021912652e-01	   4.3304272944834132e-01	   4.0425924311589762e-01	   1.7572109932817065e-01	   1.5761990351852778e-01	   5.1322499940100030e-01	   4.7389003839571520e-01	   3.1777345833550963e-01	   1.9567369264526904e-01	   2.8802059217178327e-01	   3.8373296189467399e-01	   5.0652281973211610e-01	   5.2546169889935845e-01	   4.4802089477197460e-01	   3.8605570516471266e-01	   5.6289715884768432e-01	   6.1364288738733874e-01	   5.7627673508298305e-01	   6.6344215414169105e-01	   6.4973773141370006e-01	   6.6597147014409164e-01	   6.9097107056064699e-01	   6.9205696732843192e-01	   6.7896335173754130e-01	   6.6330507057081844e-01	   6.7422206416128694e-01	   6.2162004149672467e-01	   6.0448127029412535e-01	   6.0449924179707826e-01	   8.2842802998634524e-01	   9.4089362000399479e-01	   7.8451652678983852e-01	   7.3457891906157069e-01	   5.9369813239256819e-01	   4.7086602066764593e-01	   4.3016272247292076e-01	   1.8770684722553579e-01	   2.4141429709861872e-01	   3.9907176345674888e-01	   6.7163091833649080e-01	   6.4169823256183545e-01	   8.0373646590282821e-01	   6.5671418703713547e-01	   1.2921387095694736e-01	  -1.6941844571693249e-02	   3.1911371218446188e-01	   1.8795184712760837e-01	   2.2370349072582618e-01	   8.9147603801557965e-02	   1.2949817267429198e-01	   1.2988762363443129e-01	   6.5496146850967329e-01	   6.7255449858827077e-01	   6.3688014748051969e-01	   6.1525793636362025e-01	   5.6047879149990654e-01	   4.9768489767608581e-01	   6.0511374230929582e-01	   5.7836648564936222e-01	   5.1524410739778859e-01	   4.3240341087675060e-01	   5.4392581059984735e-01	   6.1390295664414984e-01	   4.6613615261807856e-01	   2.9933548220816408e-01	   3.1750819059638768e-01	   2.8776778046164952e-01	   2.7483478421490742e-01	   1.3408964027977288e-01	   5.0383063464150735e-01	   5.8087178030196351e-01	   5.6946252024359456e-01	   4.7267382097441923e-01	   2.4526636706187216e-01	   2.4262349320340079e-01	   2.4836418330037405e-01	   4.9770005818741581e-02	  -8.1522021873253858e-02	  -9.6422898510560934e-02	   3.5691555474876402e-01	  -3.8260749431512420e-02	   4.3313665375758668e-04	   1.1123155189576621e-01	   2.7505900132201583e-01	   3.6984543842983258e-01	   2.7541758513496739e-01	   4.8570262121629693e-01	   1.5773415751627795e-01	  -3.2861909647783372e-01	
   4.6259166355122561e-01	   5.3965771747561675e-01	   0.0000000000000000e+00	   8.7612842066501395e-01	   6.6731985807910177e-01	   6.1294048514337252e-01	   8.4641497082402006e-01	   8.1899055580917035e-01	   5.7619700773585247e-01	   5.2409528196476496e-01	   2.2544178723613739e-01	   3.1262910869656169e-01	   4.5539166001598697e-01	   3.9508320390310581e-01	   5.3114371478784383e-01	   5.2499567635513422e-01	   3.7114049391037046e-01	   5.0768672602325948e-01	   7.1113449484563285e-01	   5.7095727415452402e-01	   5.8105634346738277e-01	   5.6856651004187175e-01	   7.4696879434718544e-01	   7.2299342822136137e-01	   6.4591130090688664e-01	   6.8402218916550606e-01	   5.9525471701362931e-01	   5.5030168161211934e-01	   4.4079209949992809e-01	   4.7908472849788764e-01	   6.3537005705282523e-01	   5.8696054917247276e-01	   6.5262870474744017e-01	   6.1718551057431170e-01	   6.5888309165692938e-01	   5.7306459441009328e-01	   4.0078668251042088e-01	   5.5298035871182072e-01	   6.9549606109644002e-01	   7.3056426637409322e-01	   5.5627412759484984e-01	   5.8849404880503808e-01	   5.3931933750217631e-01	   4.7362934640618909e-01	   6.6296933295273830e-01	   6.0243815915426979e-01	   5.6471715856619398e-01	   6.2488373155970711e-01	   6.8647378701216977e-01	   6.1911917426643881e-01	   7.1232855602125844e-01	   6.8568571371386544e-01	   5.5799754900844123e-01	   5.4703784906252251e-01	   6.1434732938868675e-01	   7.0845919152976289e-01	   4.8389541888098686e-01	   5.3904761792476774e-01	   6.1777359934770149e-01	   6.1782134586064630e-01	   5.2156801242568562e-01	   4.4163334518315950e-01	   3.1621389104411313e-01	   1.4379703676103708e-01	   6.9939461593069430e-01	   5.9146276036710943e-01	   7.7814987985983286e-01	   7.4361301200989016e-01	   4.8659895858533508e-01	   2.9125149175635201e-01	   4.2540466672484023e-01	   3.5156623521950936e-01	   4.7626107776010695e-01	   4.1121266232689535e-01	   4.7514774505583801e-01	   2.7685809526001459e-01	   3.5898239785173663e-01	   3.6656893414321756e-01	   5.6279866037435178e-01	   6.3843057911843326e-01	   6.0040242215432937e-01	   6.1268246459403874e-01	   6.2347443924067414e-01	   6.1919299563404417e-01	   6.8736970940500453e-01	   6.4524238792824207e-01	   6.3319748144811383e-01	   6.0159814141302581e-01	   6.7230671145188703e-01	   6.5239355985035963e-01	   4.8928570676589389e-01	   4.4667233942669016e-01	   4.0036917552515283e-01	   4.3496968778021916e-01	   3.7291457078825285e-01	   2.9969860216060595e-01	   5.8249449811739162e-01	   7.1486998962777404e-01	   5.5005182677941833e-01	   5.3367025958691694e-01	   4.1583298976966709e-01	   2.2455011688945498e-01	   3.5820549514194933e-01	   2.4158935311282592e-01	   9.7487884228537880e-02	   1.9698352250240095e-01	   5.2295911951047303e-01	  -1.0609289880285755e-02	  -2.2528334067970446e-02	   3.6751850174133066e-01	   4.7862085910275171e-01	   4.3978709186405351e-01	   1.9061692434251173e-01	   4.6940911862697721e-01	   3.7175265607677965e-01	  -3.3170688218802452e-01	
   5.4292298837261810e-01	   6.5994090597377464e-01	   8.7612842066501395e-01	   0.0000000000000000e+00	   6.8274543756423123e-01	   7.5997711739726304e-01	   7.4310796764154396e-01	   8.8570487791160524e-01	   6.0940153573592259e-01	   6.6819365104949735e-01	   2.3015208220674876e-01	   3.7770455241211759e-01	   3.8706894567852679e-01	   4.5417051739132136e-01	   5.5195427925927176e-01	   6.2414126745479659e-01	   4.6169568953113249e-01	   5.8730875862870890e-01	   7.2700776648537635e-01	   6.6300748627718309e-01	   5.2996391202139703e-01	   5.4414368211182063e-01	   6.8532193870128688e-01	   7.7403666071580979e-01	   7.0900008804676995e-01	   7.3712643615242857e-01	   6.8435155152761351e-01	   6.6530086958196200e-01	   4.8528092003848838e-01	   5.0857035798039363e-01	   4.8862830289072406e-01	   4.6288160024820002e-01	   6.2323558825891068e-01	   6.0252612661026783e-01	   7.0175655491930578e-01	   6.1459944442223335e-01	   4.2262163349063886e-01	   5.9218472057238336e-01	   7.2776188236727202e-01	   7.6218043535843472e-01	   5.7281637619923642e-01	   5.7595582184868355e-01	   6.0964803847236304e-01	   6.1107932547759736e-01	   7.3690922766727840e-01	   7.3221729080193665e-01	   6.7389650144117952e-01	   7.3474299854487080e-01	   7.5906535410043907e-01	   7.3688549990933505e-01	   8.1344034858430614e-01	   8.0164056200224409e-01	   6.9745265163904824e-01	   6.9466783249364217e-01	   7.1147502995105516e-01	   7.8918552894224825e-01	   5.6162833698855430e-01	   6.2099858732502589e-01	   7.3543948557339134e-01	   7.6849798785842927e-01	   5.5491864939327407e-01	   5.9677262654265029e-01	   2.9089487099600919e-01	   1.3498792689605807e-01	   6.2971067700385586e-01	   7.3442858281485379e-01	   8.7088049160375791e-01	   8.6103539883066993e-01	   6.2830974832780517e-01	   4.1899255203152308e-01	   3.6855158890808593e-01	   2.9404915454760694e-01	   4.1060060516604274e-01	   3.6784218961214676e-01	   3.5538920648830524e-01	   1.8823862027368501e-01	   3.0327864630168733e-01	   3.1423496229658937e-01	   6.2809268349090253e-01	   7.1344887458830319e-01	   6.8364125408873633e-01	   6.8088346525506704e-01	   6.8959748819374378e-01	   6.4243540634957308e-01	   7.9560076073659436e-01	   7.6924710153098919e-01	   6.7907583425937756e-01	   6.0580897064584804e-01	   7.4913047263590782e-01	   7.7867828404714445e-01	   5.8211271717792878e-01	   4.7504039924251140e-01	   5.2662306060627906e-01	   4.2176161802976475e-01	   4.2569361639800118e-01	   2.7072888133399647e-01	   6.4103942276711123e-01	   7.4178415004456155e-01	   6.1864608557921097e-01	   5.6454309975295036e-01	   4.5446706647403384e-01	   2.9409189406519060e-01	   3.8480128240523193e-01	   1.6032236345558146e-01	   1.3591589814590763e-01	   1.3621157059985961e-01	   5.1054149435724383e-01	  -4.1160567675328696e-03	   3.8674220787150049e-02	   3.6682940102398376e-01	   5.3086295894595481e-01	   4.5836958940213823e-01	   2.7043716206761031e-01	   4.9348142627925756e-01	   3.5635758418421404e-01	  -3.2644522505686846e-01	
   4.0847324709649413e-01	   4.7428115172433416e-01	   6.6731985807910177e-01	   6.8274543756423123e-01	   0.0000000000000000e+00	   8.0769623898920462e-01	   6.9633095869870121e-01	   6.4910463666039342e-01	   8.9924486604775988e-01	   8.5391866033852359e-01	   3.6600120726266278e-01	   4.6547934433874472e-01	   5.5033521956725617e-01	   5.8138123741458603e-01	   7.8261342469460060e-01	   8.2096733566666802e-01	   4.5532573731771553e-01	   5.5445278111243590e-01	   5.8330594522588841e-01	   4.9396229693680271e-01	   6.7921840635210162e-01	   6.3326317952886813e-01	   7.0000484480673097e-01	   6.6651576645393895e-01	   7.0325909584947699e-01	   5.2082743760230599e-01	   8.4342994566803675e-01	   7.9995676755056833e-01	   5.1480622752030891e-01	   5.6780969018941319e-01	   5.2780717394366516e-01	   3.9903494905034514e-01	   4.9916393585828622e-01	   4.4351292011802890e-01	   6.1077263957901540e-01	   4.2170399485007970e-01	   5.1095190428362591e-01	   5.7177151463123332e-01	   7.1958138782124537e-01	   7.3033745698213803e-01	   6.3024129614791013e-01	   6.2299560470236914e-01	   4.3531562843837535e-01	   4.4460777637389048e-01	   5.5411795224083560e-01	   5.5775686563008209e-01	   5.3400045544733699e-01	   5.6596996627106444e-01	   6.2969516157948524e-01	   5.9773535013491319e-01	   6.5587309351829204e-01	   6.1664354280280942e-01	   5.5801494643239347e-01	   5.6437683431450036e-01	   6.5331784320804431e-01	   6.8592245329250490e-01	   4.3702535333804443e-01	   4.6339482976987761e-01	   5.8227875882216562e-01	   5.8865336106698529e-01	   4.5657059087076990e-01	   4.2291281765177369e-01	   3.3681973968352724e-01	   2.7968844324832054e-01	   6.2072714750600178e-01	   5.3572226576882009e-01	   6.2143824814591730e-01	   5.7400503957826654e-01	   5.2238350123640198e-01	   2.4260488791530321e-01	   4.5147870227605902e-01	   3.4714563252636221e-01	   4.7995092339059520e-01	   4.3176526648521774e-01	   4.0399112719695268e-01	   3.0896618671435760e-01	   2.4316911167056099e-01	   1.7193222849468881e-01	   5.9893288751329876e-01	   6.1916644880787364e-01	   6.1261639828605641e-01	   6.7821807328802852e-01	   6.4690212682467263e-01	   7.2376203298279496e-01	   7.6268781175915956e-01	   7.2292412994361288e-01	   6.5017920788967332e-01	   6.0324903288587128e-01	   7.2953739994567646e-01	   7.3448327244338796e-01	   5.1417867229234659e-01	   4.5826221343607365e-01	   4.5076292424585773e-01	   5.1862558409614701e-01	   3.5838617449217558e-01	   2.3910040934730215e-01	   5.9407539350076122e-01	   6.1367041588870708e-01	   5.5130573043808373e-01	   4.8437608372720353e-01	   3.8067101821642502e-01	   2.4620152968781966e-01	   2.9865681807126221e-01	   2.1666326538568645e-01	   1.2048095548817542e-01	   1.3266621222015587e-01	   4.2867736918362476e-01	   4.2687850226838686e-02	   8.4962249105851179e-02	   3.3553787499731558e-01	   4.8165585483074330e-01	   3.9018051763620909e-01	   1.5335700163104576e-01	   4.9924793276643925e-01	   3.0844135777034842e-01	  -2.7194121753769457e-01	
   4.2065807700335245e-01	   5.8491189998869786e-01	   6.1294048514337252e-01	   7.5997711739726304e-01	   8.0769623898920462e-01	   0.0000000000000000e+00	   5.3083410977138457e-01	   6.7357635373690328e-01	   7.2939939861529046e-01	   8.6341957529427271e-01	   2.7635995764616500e-01	   4.2818566614587289e-01	   4.1160181686913838e-01	   5.0919397655082788e-01	   6.7364589335962821e-01	   8.1933827883163790e-01	   5.9869442429873809e-01	   6.5287957260250928e-01	   5.2741289732549956e-01	   5.0953950409689819e-01	   5.6500497397187910e-01	   5.6289733162596434e-01	   6.0246646146148641e-01	   6.7283851614419765e-01	   7.6814646657399044e-01	   7.0598835578786845e-01	   8.3308351617737775e-01	   8.5065445556362018e-01	   5.7033494872155188e-01	   5.5865533361538466e-01	   3.4041869246555589e-01	   2.8450497732657903e-01	   4.8434896314024378e-01	   4.3418249247060803e-01	   6.2027331800711805e-01	   5.1179006629584434e-01	   4.4295255552634860e-01	   5.2467670241188247e-01	   6.7972700604564318e-01	   7.0881078559457023e-01	   5.9580886615639728e-01	   4.7749685409792819e-01	   5.4514819926276548e-01	   5.8175275566211571e-01	   6.7456222912443664e-01	   7.0628817935735522e-01	   6.4499996483973865e-01	   6.8450000518022724e-01	   7.6355313871864261e-01	   7.6347129992896856e-01	   7.8843495711524914e-01	   7.8227593357128211e-01	   7.2362080010634322e-01	   7.2209482393157742e-01	   7.3071242883738985e-01	   7.6032404980030954e-01	   5.2754733814695931e-01	   5.7410689461942344e-01	   7.8518472049721266e-01	   7.8666093872937737e-01	   5.7054194525217505e-01	   5.3730757394068318e-01	   3.4413275385142056e-01	   1.8926853903407470e-01	   5.0210493434772552e-01	   6.3353826957954995e-01	   7.3929892381857676e-01	   7.2321350806200435e-01	   6.1794276698015127e-01	   3.6379373274889115e-01	   3.6455877460166142e-01	   2.5226741310833550e-01	   4.2641039382443396e-01	   3.1255608274078256e-01	   3.3076732204626158e-01	   1.3244324036836794e-01	   2.1410167429515645e-01	   1.8006771528149626e-01	   7.0063915770703455e-01	   7.4220448707731690e-01	   7.4872739717900383e-01	   7.7870318751396428e-01	   7.6559852380784510e-01	   7.2052120576531475e-01	   8.1191340016097469e-01	   7.8806317291662242e-01	   6.7511236406752850e-01	   5.9288337416472570e-01	   7.9893591494076022e-01	   8.3914459771704353e-01	   5.9934525268302008e-01	   5.1017785877934818e-01	   5.0425139032718913e-01	   4.7782181659131545e-01	   3.9312265396092300e-01	   1.4574413764102762e-01	   6.5539977342006950e-01	   6.4796827012995384e-01	   6.3062282185165153e-01	   5.4948812411101711e-01	   4.1773392959536282e-01	   2.6462884219721566e-01	   2.9579252308966558e-01	   1.0104906020401003e-01	   9.2627364244599372e-02	   6.1456798680114402e-02	   4.1621852440010038e-01	  -1.0570270183293968e-02	   2.7359283862197329e-02	   3.3034266965024328e-01	   5.2995302184870741e-01	   4.0252707658681769e-01	   2.4086273379610934e-01	   5.0500664891331104e-01	   2.7585088077289394e-01	  -2.9000481712770676e-01	
   4.6541529222024691e-01	   4.5326294332661499e-01	   8.4641497082402006e-01	   7.4310796764154396e-01	   6.9633095869870121e-01	   5.3083410977138457e-01	   0.0000000000000000e+00	   8.5455157834229678e-01	   6.3532206232553301e-01	   5.4120050614995829e-01	   4.9096856371375819e-01	   5.7252286614784564e-01	   6.3979855897353977e-01	   5.5186381101266901e-01	   5.4039638296901416e-01	   5.5350860929259083e-01	   3.9187092688227276e-01	   5.1268360430650128e-01	   7.4984086479076750e-01	   6.2532435910376116e-01	   5.7360553135586145e-01	   5.2610688114292725e-01	   7.1309954856088742e-01	   6.5214162777534923e-01	   4.3395992063497368e-01	   4.4986853619490319e-01	   4.7589271044818748e-01	   4.4173055726919452e-01	   4.9939916076423424e-01	   5.6983852439890892e-01	   6.5167873578042357e-01	   6.2342065623936527e-01	   7.1883336980211354e-01	   7.0448499381380925e-01	   5.7043443370622426e-01	   5.0803806000432905e-01	   3.8641026898192682e-01	   4.9659537896720363e-01	   5.7408836750435654e-01	   6.0829462120720357e-01	   5.5239590635521574e-01	   6.1488253910268886e-01	   3.9470940849675940e-01	   3.3385826521485906e-01	   5.2668694877474376e-01	   4.8394734497179226e-01	   4.1421005151603774e-01	   4.4325082916451636e-01	   5.5579993005426476e-01	   4.7369030119127120e-01	   5.3758968194360945e-01	   5.2333451014703858e-01	   3.8706811619013137e-01	   3.8385928361041594e-01	   4.7125067704298107e-01	   5.8466773804969940e-01	   3.3730145935447670e-01	   3.9002540132949071e-01	   4.7575427055119268e-01	   4.8804957601441801e-01	   5.9878901815708507e-01	   5.5071170386289703e-01	   5.0122842707218296e-01	   4.6746603300579026e-01	   6.8778331741660881e-01	   4.8742458408960138e-01	   6.4467545763981549e-01	   5.9401511446980415e-01	   4.2337446749871477e-01	   1.9739878657658533e-01	   5.5867959544754608e-01	   5.0241962403446028e-01	   5.8743260543044051e-01	   5.8653326924425131e-01	   5.9360645994052352e-01	   4.9916097073018495e-01	   5.2084231075541332e-01	   4.5590636946277469e-01	   5.1075096246927376e-01	   5.3517308056283874e-01	   5.0775835577208783e-01	   5.5516884600662930e-01	   5.0253027301306430e-01	   6.0012639676686086e-01	   5.7741437522849315e-01	   5.5398159885869980e-01	   4.7432482750522797e-01	   4.7298160368304587e-01	   6.1004724575414648e-01	   5.4413978465063761e-01	   4.7938570714548190e-01	   4.7838144029717861e-01	   5.0187274519926528e-01	   5.1095643341716124e-01	   3.3240254998903862e-01	   3.1490224510581249e-01	   4.5791175219435298e-01	   5.7931752487624677e-01	   4.8616075025164962e-01	   4.7915281207408039e-01	   4.8275888761487368e-01	   2.4458706979213213e-01	   4.4577164760204513e-01	   3.8316903406466907e-01	   1.6321242105385947e-01	   2.6408855741255749e-01	   5.0813971018624016e-01	   1.3315228815439623e-01	   2.2281570286079477e-02	   3.5517378597885019e-01	   4.1322944924510308e-01	   4.5080824365866956e-01	   2.1256149424797513e-01	   4.3519947881095866e-01	   4.6930653633961589e-01	  -2.3394115366717705e-01	
   4.1432223351486830e-01	   5.0842229628144098e-01	   8.1899055580917035e-01	   8.8570487791160524e-01	   6.4910463666039342e-01	   6.7357635373690328e-01	   8.5455157834229678e-01	   0.0000000000000000e+00	   5.5591548775373312e-01	   6.3821789155607966e-01	   2.9550521041109423e-01	   5.3779790244746528e-01	   4.6243741364842228e-01	   5.1822352836793417e-01	   4.4991387944900452e-01	   5.3706786934703954e-01	   3.7685926856807200e-01	   5.2623276122136298e-01	   6.7714981479045844e-01	   6.0805034544873848e-01	   5.6496710768967018e-01	   5.6827945352119802e-01	   6.7067447946354941e-01	   7.1146610913687569e-01	   5.3817560636887152e-01	   5.8038387321345031e-01	   5.6033137162475777e-01	   5.4131236201788746e-01	   4.6838422780523625e-01	   5.2886372383091151e-01	   5.7108900047694378e-01	   5.8402649740926860e-01	   7.0207978262053117e-01	   7.2401092074915685e-01	   6.5449137488416942e-01	   6.5700684321503955e-01	   3.5519303179570577e-01	   5.2729280361657538e-01	   6.1323356533067952e-01	   6.5333721998404160e-01	   5.5685661580697499e-01	   5.5429263467586498e-01	   5.0294650432759647e-01	   4.5245777451875657e-01	   6.3768932442324311e-01	   6.1957932604444310e-01	   5.3524786901345400e-01	   5.7551923220224099e-01	   6.6219121790082380e-01	   6.2431867636768124e-01	   6.7880725147497312e-01	   6.7664131810920103e-01	   5.4384739042586816e-01	   5.3626036383958742e-01	   5.6660899983453339e-01	   6.7206148396373777e-01	   3.8529940704073395e-01	   4.4078695264474499e-01	   6.0912077392929109e-01	   6.7440651390476569e-01	   5.8391706143899602e-01	   7.5777034143640309e-01	   3.6048978770918833e-01	   3.9484030722234303e-01	   6.4164304781902215e-01	   7.0115572467173037e-01	   7.3888709433942923e-01	   7.4744055635586415e-01	   4.3866922641944328e-01	   2.2613272702395995e-01	   5.2885341044755274e-01	   4.6295505350865901e-01	   5.2643829434450273e-01	   5.0552668069002160e-01	   5.2551139426930071e-01	   4.0706064559612309e-01	   4.4883992085296270e-01	   4.4517121687308370e-01	   5.4349777848362091e-01	   5.8782606184706387e-01	   5.7275424514727813e-01	   6.0071295665169155e-01	   5.5824178727282714e-01	   5.8523164381089277e-01	   6.4801876043712958e-01	   6.2363994319820892e-01	   5.4476319595396350e-01	   4.7778471565718239e-01	   7.0150030038103783e-01	   6.6648035428810726e-01	   5.9872445005404640e-01	   4.9517031130881772e-01	   6.1517823241791780e-01	   4.7879682638382703e-01	   4.1218001419260936e-01	   3.6396590838400128e-01	   5.2949965212789984e-01	   6.6455402016550269e-01	   5.8206267809566825e-01	   5.4215118868883039e-01	   5.6224269678955185e-01	   2.6453013341219306e-01	   4.6707683568649450e-01	   2.9446511585057733e-01	   1.8502744581844632e-01	   2.3505489101716731e-01	   5.5895632247217542e-01	   5.4951462761466424e-02	   1.0762503527088371e-01	   4.4523333415080352e-01	   5.1354039489801817e-01	   5.1295889685648421e-01	   3.5623326640337860e-01	   5.0592076619317994e-01	   4.7153662423544762e-01	  -2.3056180950710226e-01	
   4.7275024315998199e-01	   4.2770036095340280e-01	   5.7619700773585247e-01	   6.0940153573592259e-01	   8.9924486604775988e-01	   7.2939939861529046e-01	   6.3532206232553301e-01	   5.5591548775373312e-01	   0.0000000000000000e+00	   8.2974621733589760e-01	   4.5624142665038592e-01	   3.8718736325861597e-01	   6.4227137961247793e-01	   5.9892772247898574e-01	   7.1940325848919895e-01	   7.4808060000711585e-01	   3.9327756298244254e-01	   4.8242761049937155e-01	   5.1617252606786490e-01	   4.0923520998025009e-01	   5.0761334534901892e-01	   4.5772784261754673e-01	   5.3348737117074174e-01	   5.2926551483721795e-01	   5.7607661855141024e-01	   3.9679245924491358e-01	   7.6701548308645695e-01	   7.5873185825077927e-01	   3.9842092906044929e-01	   4.4544417408650105e-01	   4.0997934156786298e-01	   2.7896911737835262e-01	   4.0496385757677655e-01	   3.5369466247347936e-01	   5.1679356378299102e-01	   3.0218927891024400e-01	   4.1956345973160053e-01	   4.6152810363249352e-01	   6.0511694374022673e-01	   6.4096492841139630e-01	   4.4555060754687414e-01	   5.5430705250197476e-01	   3.0982084010426025e-01	   3.8129852477320825e-01	   4.6004726467131696e-01	   4.8955312238381643e-01	   4.6162552062943885e-01	   5.0698063557037631e-01	   5.4621187076438615e-01	   5.0537095473952809e-01	   5.7262403847160293e-01	   5.5030057839519986e-01	   4.9135701719414415e-01	   4.8173804683809446e-01	   6.1702265313181393e-01	   5.9487781800725725e-01	   4.0353226201603920e-01	   4.2248071754643057e-01	   4.9346423822500551e-01	   5.1365216690776561e-01	   4.8939199302789227e-01	   3.8665990130944283e-01	   2.9758246780131670e-01	   2.3228117820105210e-01	   6.4358528435183238e-01	   5.2646787953322038e-01	   5.6556826673278471e-01	   4.8821400587963620e-01	   5.3417682981139847e-01	   2.2255276752380918e-01	   3.0670808430176860e-01	   2.2023861279823825e-01	   3.3451456793613421e-01	   3.1783965985076190e-01	   2.3883631267158728e-01	   1.7920922557996743e-01	   1.5798368607181076e-01	   2.9086782081721541e-02	   5.2299192274287654e-01	   5.3168725879277612e-01	   5.0415969183870946e-01	   5.6848309772126859e-01	   5.1192744711273019e-01	   5.7179886226985976e-01	   6.8777364664983254e-01	   6.2167202715473036e-01	   5.5393391895268640e-01	   5.4552845508211079e-01	   6.6141129336785631e-01	   6.7337469531054994e-01	   4.8609747874701570e-01	   4.7337606854440262e-01	   4.5404842832390868e-01	   5.3368426587247120e-01	   3.1208131345312295e-01	   1.6168785228438962e-01	   5.8285510426970777e-01	   5.3495270119731564e-01	   4.9731049918382020e-01	   4.4809472042717768e-01	   3.8238053958912122e-01	   3.2524365930263999e-01	   3.0243613058374841e-01	   2.4848428728215899e-01	   1.8645217746414205e-01	   1.2168015687835765e-01	   3.4374098663814723e-01	   1.1534330472675750e-01	   7.1112729647155141e-03	   1.9763709451522254e-01	   3.6449452809959831e-01	   3.2675923353885999e-01	   1.6521063044600515e-01	   4.7499076445413335e-01	   3.1317501119996527e-01	  -1.6215355188940173e-01	
   3.6535320924306758e-01	   4.4643216477147935e-01	   5.2409528196476496e-01	   6.6819365104949735e-01	   8.5391866033852359e-01	   8.6341957529427271e-01	   5.4120050614995829e-01	   6.3821789155607966e-01	   8.2974621733589760e-01	   0.0000000000000000e+00	   3.5572254410457282e-01	   4.2912214861683801e-01	   4.2563900210891814e-01	   5.2492308843147328e-01	   6.6693809497512579e-01	   8.1897380196267466e-01	   4.6442866375097314e-01	   5.2718825918040635e-01	   4.6028230990768859e-01	   4.2630735190694929e-01	   5.4423663620575191e-01	   5.2089062380631646e-01	   5.5795875267858386e-01	   5.9915860281376854e-01	   6.1129672102943644e-01	   5.0088099802223018e-01	   7.6357669593572508e-01	   7.7546318543546400e-01	   4.5279732018662011e-01	   4.9665196428416764e-01	   3.4806234850359175e-01	   2.6887529154858236e-01	   4.2800099170844080e-01	   4.1029717522318349e-01	   5.4488965817778112e-01	   4.4713376899942825e-01	   3.9485735868579241e-01	   4.4711954624222211e-01	   6.2274101677641824e-01	   6.3211510275890381e-01	   4.6717044992251211e-01	   4.5627015831321016e-01	   3.8572674918132499e-01	   4.1863498606989635e-01	   5.0793276324624070e-01	   5.4120017973604639e-01	   4.9180118621665458e-01	   5.1692954705337157e-01	   5.7637832532978373e-01	   5.5842665569568961e-01	   6.0376714160031797e-01	   5.7640212804733271e-01	   5.4322196519963784e-01	   5.4393459385274512e-01	   6.0294508467440544e-01	   6.4258017916080090e-01	   3.6475144109871710e-01	   4.1647395843613244e-01	   5.7866262676279367e-01	   6.0792262452521584e-01	   5.1116693668222402e-01	   5.4164740561329650e-01	   3.4553220810856905e-01	   2.9533965882753510e-01	   5.1792509240806694e-01	   5.5761280729812102e-01	   5.5463418500300754e-01	   5.2493947906152627e-01	   4.9274437165975038e-01	   2.5407473198624153e-01	   3.1924172639029613e-01	   2.2570329220519780e-01	   3.2994042413178859e-01	   2.9452101249421281e-01	   2.6802759654676339e-01	   1.7188425386802977e-01	   1.7810419963514201e-01	   1.2251540724966081e-01	   5.6318176068347969e-01	   5.9596029209825896e-01	   5.8360357698521736e-01	   6.3123603912302273e-01	   5.8935447722071077e-01	   6.2216216416077397e-01	   6.8431226742877771e-01	   6.5258719721384184e-01	   5.4800210989574172e-01	   4.7686954761229522e-01	   6.8682983934587738e-01	   7.3749518891691035e-01	   5.3590576379927557e-01	   4.5010720774378665e-01	   5.1845764348738421e-01	   4.6451852729730742e-01	   3.3856965936029415e-01	   2.1085849608336918e-01	   5.4118824029240209e-01	   5.2450130777538473e-01	   5.1010442900031283e-01	   4.3743873259702892e-01	   4.5420016274045816e-01	   2.2153706456661407e-01	   2.9845949811180639e-01	   1.2563527153584225e-01	   1.8519674053520954e-01	   1.3726287831542011e-01	   3.8242123574957565e-01	   3.3230888893132859e-02	   7.2719753395853848e-02	   3.0901925179630596e-01	   4.2227895163566009e-01	   3.4078881695368324e-01	   1.9919544606154146e-01	   4.1851494628323715e-01	   2.6950342668367633e-01	  -1.4157103993467446e-01	
   5.0005066727323921e-01	   3.1707775409855377e-01	   2.2544178723613739e-01	   2.3015208220674876e-01	   3.6600120726266278e-01	   2.7635995764616500e-01	   4.9096856371375819e-01	   2.9550521041109423e-01	   4.5624142665038592e-01	   3.5572254410457282e-01	   0.0000000000000000e+00	   6.6698021470314739e-01	   8.0858303789528241e-01	   6.7785469806512033e-01	   5.2709649616433840e-01	   5.2416741470269212e-01	   4.8355057488767406e-01	   4.5721267646444230e-01	   5.1256558756350235e-01	   4.7291293373512394e-01	   2.0268070897524465e-01	   1.4403034572057721e-01	   3.5461555796284649e-01	   3.1312144019011356e-01	   5.0505684301109507e-02	   1.7034094434716945e-01	   1.1230124539915129e-01	   1.2528580566355940e-01	   4.5608633406784849e-01	   4.8506788746667201e-01	   3.0817783806510440e-01	   3.1658311812993845e-01	   4.0182476274025669e-01	   3.9953747650189186e-01	   1.6812656057190628e-01	   5.0549517403488391e-02	   6.1887213821425348e-02	   6.7887075152561663e-02	   1.5096716827415307e-01	   1.8725040998707865e-01	   1.8746821097713318e-01	   2.7845397313592485e-01	   3.8883562931919351e-02	   6.6215337406575286e-02	   6.5471472022708074e-02	   1.0984710825641603e-01	   8.5618292690339715e-02	   3.7801642913642235e-02	   1.7569903759104089e-01	   1.3847202172559206e-01	   1.3340494211270218e-01	   1.6422683083876888e-01	   6.1905568047698256e-02	   7.8908283979793298e-02	   7.5320037831306572e-02	   1.4316337830094480e-01	   1.3310834360299256e-01	   2.5396864934767754e-01	   2.5119705542236198e-01	   1.9317002524122112e-01	   6.0851724577431154e-01	   3.6521639419457536e-01	   7.1609514666255103e-01	   6.6454524192822462e-01	   3.1101082237707506e-01	   1.1971470474995874e-01	   2.4610235949341902e-01	   1.7074742467479084e-01	   3.2751048201455679e-01	   2.4044349817843888e-01	   3.2594390979378018e-01	   2.7773742261086992e-01	   3.3043209710586313e-01	   4.7126118528133848e-01	   3.1456108242051095e-01	   4.0540826639139138e-01	   4.1483963466399104e-01	   2.2617956590218868e-01	   3.8704028924048162e-01	   3.3497960877914285e-01	   3.6965693132819105e-01	   4.1433337971968298e-01	   2.5399621142537304e-01	   3.4271945132188242e-01	   2.4550308658241327e-01	   3.0691934655503161e-01	   1.3617511959030365e-01	   1.9798002603979387e-01	   3.0782574306387600e-01	   2.9042882989361279e-01	   9.7933630430913146e-03	   1.1047438714718712e-01	   2.3202293761439974e-01	   2.6022525249193273e-01	   2.8804901530644657e-02	   5.3201855552125393e-02	   4.9341996651516902e-02	   1.2383342581354015e-01	  -8.6510390799539576e-04	   1.6197381172932783e-02	   3.2106532293653546e-02	  -5.8928564098783900e-02	   6.3435547254997046e-02	   8.4585920266458559e-02	  -2.0530451690089692e-02	   1.5694369142019360e-01	   1.1020951748410328e-01	   2.0219108043613307e-01	  -2.0884845591797410e-01	  -2.9459948692450524e-02	   2.0363011024965478e-02	   2.7373842325911547e-02	  -1.2809550697763940e-02	   4.4710649896589322e-02	   1.2048241434691770e-01	  -5.9028090328504763e-02	
   3.7363558057051016e-01	   4.6374938604427918e-01	   3.1262910869656169e-01	   3.7770455241211759e-01	   4.6547934433874472e-01	   4.2818566614587289e-01	   5.7252286614784564e-01	   5.3779790244746528e-01	   3.8718736325861597e-01	   4.2912214861683801e-01	   6.6698021470314739e-01	   0.0000000000000000e+00	   5.3890349560773887e-01	   8.2007930675064611e-01	   4.7085388921419113e-01	   6.1078965163476995e-01	   5.0933362449292252e-01	   6.1999127846120161e-01	   5.8087777332167800e-01	   6.2174148066032897e-01	   4.8858166484176502e-01	   4.2788264729441472e-01	   4.8041763078636490e-01	   4.7252201748339823e-01	   2.7589123869542714e-01	   3.0818307264547184e-01	   3.1379798264985570e-01	   2.8011290377410086e-01	   6.3087217039637922e-01	   7.0719649465523915e-01	   5.0897188417413908e-01	   5.1773827439915143e-01	   6.1085972798062171e-01	   6.4169327931539433e-01	   2.4839394475793436e-01	   2.4199410623283421e-01	   3.4925179446642601e-01	   3.0799288693506288e-01	   3.7230886900487636e-01	   4.0211430105400570e-01	   5.4039986773322635e-01	   4.9180068675980715e-01	   3.3139124941451747e-01	   3.3095356435503798e-01	   3.6094208011120565e-01	   4.2650451546570983e-01	   3.4580758234548636e-01	   3.2559245787052349e-01	   4.2523844780358799e-01	   4.1574255602665972e-01	   3.5071243025319015e-01	   3.7282609373136794e-01	   3.2269638638342818e-01	   3.0745917812537016e-01	   3.5591943520054270e-01	   3.9104290387164903e-01	   2.7739805142934765e-01	   3.3905022495956971e-01	   4.0453268344794902e-01	   3.9245795383400894e-01	   5.9595009351362649e-01	   5.5461357343544004e-01	   6.9609161722659618e-01	   7.1827107727243256e-01	   2.2053408351506623e-01	   2.3032381956785500e-01	   3.6980825890210689e-01	   3.7977034581189606e-01	   3.5223592072614385e-01	   1.7658542384264950e-01	   5.4481022654675171e-01	   4.3668626883281603e-01	   6.3511238901250833e-01	   6.2204036501082771e-01	   5.7243833156639690e-01	   5.4024453669588224e-01	   4.7545705091838109e-01	   4.4201199988903622e-01	   5.6523611115089367e-01	   4.7283305670888826e-01	   5.1463228973289032e-01	   5.8365621125900002e-01	   4.3742386408735423e-01	   6.1138959397745141e-01	   3.9965795490452005e-01	   4.8086116641346544e-01	   3.9962478919982736e-01	   4.0963938856768395e-01	   4.6204026370808426e-01	   4.2798620619672367e-01	   3.3640722809381984e-01	   2.6243685907105596e-01	   3.5835710084819766e-01	   2.4579481439016782e-01	   2.7658854808961592e-01	   2.5121344373644539e-01	   3.1475946420994344e-01	   3.6304068774935344e-01	   3.8395137040561589e-01	   3.3832612478055391e-01	   2.8961071304307995e-01	   6.9760809859293310e-02	   3.4521631202257985e-01	   2.6464145997298727e-01	   1.8088986052783912e-01	   2.4056000084349649e-01	   3.7029329156065399e-01	   1.4876607976375755e-01	   6.7838711768447718e-02	   2.0701260373056518e-01	   2.5379934538590243e-01	   3.4103455731283916e-01	   2.1474674833504703e-01	   3.8428058769140250e-01	   3.9942405340193787e-01	  -7.6934805634201506e-02	
   4.7288786550703421e-01	   2.5576740824735589e-01	   4.5539166001598697e-01	   3.8706894567852679e-01	   5.5033521956725617e-01	   4.1160181686913838e-01	   6.3979855897353977e-01	   4.6243741364842228e-01	   6.4227137961247793e-01	   4.2563900210891814e-01	   8.0858303789528241e-01	   5.3890349560773887e-01	   0.0000000000000000e+00	   7.3409314860157882e-01	   6.3029477815342749e-01	   5.6740628888394062e-01	   3.8998255191013720e-01	   4.4627018112099126e-01	   4.8342858819226364e-01	   3.2281801362709184e-01	   3.5933997482480229e-01	   2.9456773627676847e-01	   4.4777232748531959e-01	   4.0867492164684438e-01	   2.4314926665017508e-01	   2.7531524727549550e-01	   3.2211421183303013e-01	   3.0652601174180816e-01	   4.1244663088021416e-01	   4.5530880500042448e-01	   4.1141137311576875e-01	   3.8340374378159658e-01	   3.8591800783663127e-01	   3.6471795281753044e-01	   4.3528717797601935e-01	   2.5610720549092625e-01	   1.8302601957825065e-01	   2.2370973662932270e-01	   3.1532687909788010e-01	   3.6146925237298311e-01	   2.8659627276060079e-01	   4.1650715225204016e-01	   2.0083670254056082e-01	   2.1279818217993179e-01	   2.3163863645560129e-01	   2.3491943521286046e-01	   2.4302661337879089e-01	   2.2698947683179571e-01	   3.7115031672439835e-01	   3.2695745042021956e-01	   3.7420584208235519e-01	   3.9800221197327845e-01	   2.3636408386409652e-01	   2.4661439004776572e-01	   2.6911011331033480e-01	   3.1397934659557325e-01	   1.6177084319957516e-01	   2.3908636413810047e-01	   3.3428622212328207e-01	   3.1925978976573566e-01	   5.7770755791172390e-01	   4.0434050262055765e-01	   4.5582985649318769e-01	   4.9253230958712274e-01	   6.4078171098132475e-01	   4.3928550824189710e-01	   3.8192483268596933e-01	   3.1240372100930863e-01	   3.1195290029846101e-01	   1.3304847500522776e-01	   3.9992997058606850e-01	   3.4135401864762338e-01	   3.8138749525467380e-01	   4.9926318822307575e-01	   3.7402083724613677e-01	   3.9458986418341968e-01	   4.4770491008695806e-01	   2.4921754510950833e-01	   4.0222464008616382e-01	   3.7863658172695158e-01	   3.7982736375609399e-01	   4.6768651776315850e-01	   3.3123011124292429e-01	   3.9729890912389387e-01	   4.4436410353820965e-01	   4.4850664601803814e-01	   2.9975030014628257e-01	   3.5214602441411785e-01	   5.0838093142961971e-01	   4.3800523783706752e-01	   2.0432265270008840e-01	   2.9611705484104001e-01	   3.3276031028610858e-01	   4.3095481530129798e-01	   1.1957433601244311e-01	   9.8726383350318109e-02	   2.5581578034442787e-01	   3.2711106747201929e-01	   1.9197644548589185e-01	   2.0791987214777527e-01	   1.8108546357178865e-01	   1.1815157347732368e-01	   2.1785526767506691e-01	   2.1663970245261746e-01	   7.8627577342454374e-02	   1.9154300330262516e-01	   2.3308086281553878e-01	   2.0180779287454506e-01	  -1.6877538608285109e-01	   1.1800831226009949e-01	   2.6273083809790504e-01	   1.9499148406189332e-01	   9.0708166098485365e-02	   2.2266008879483667e-01	   2.6688810439254018e-01	  -1.5067566624685258e-01	
