   0.0000000000000000e+00	   5.7838107119016646e-01	   3.9212529559497189e-01	   3.0900541735125103e-01	   1.9579441751305132e-01	   2.3230411867977313e-01	   4.3384106404179412e-01	   3.1733836763202411e-01	   1.3408523748407195e-01	   2.2081855044722770e-01	   4.8343285943146785e-01	   2.6277750537742522e-01	   4.3579023819371177e-01	   2.6118590175422751e-01	   2.2044089695019636e-01	   2.6663770662437447e-01	   3.9694443259098455e-01	   3.3986154626360721e-01	   6.1027248682509772e-01	   4.8244137544297006e-01	   9.4264740522340962e-02	   4.6630945624523974e-02	  -8.5177451815160975e-03	  -1.2519568958904659e-02	   3.6801050262721138e-02	   4.9887037475720777e-02	   3.9644668020642504e-01	   3.5857117547265410e-01	   3.1573730436026876e-01	   2.8408877533936949e-01	   4.6123288089995031e-02	   8.3377234231391234e-02	   4.7819808361385774e-01	   4.0838201792939155e-01	   1.3085792185768264e-01	   6.5361096008026906e-02	   1.0103647357847848e-01	   1.6363496887418316e-01	   1.2052361087306443e-01	   5.8922900208898843e-02	   2.7275724675589097e-01	   2.5457722263110361e-01	   4.3336684709480910e-01	   3.5369828339562587e-01	   1.9314633879137608e-01	   1.7515227544191553e-01	   3.5149063418496740e-01	   2.7116486910829446e-01	   3.5533611648564067e-01	   2.2803552313457698e-01	   5.2768237565991305e-01	   3.0358009832678123e-01	   3.4558072745556168e-01	   3.2647661459368527e-01	   3.1491282802960829e-01	   3.1200320469846260e-01	   8.7694338636349756e-01	   7.3182104847313234e-01	   4.4473342102902957e-01	   3.7886855886985449e-01	   3.5667019950365031e-01	   3.5200284725738945e-01	   3.9979242260752101e-01	   4.8845966288936193e-01	   1.3628013383650003e-01	   1.1791242433891649e-01	   3.8877397710963357e-01	   1.7110384882719737e-01	   4.5335734341957945e-01	   4.1750527007810828e-01	   2.2490933540588320e-01	  -2.8622210106425308e-02	   2.6899036286838940e-01	   3.0243674357456141e-01	   2.4955047138577502e-01	   2.7436303726098343e-01	   2.8088668474412837e-01	   2.1888485690669623e-01	   4.0625156060246137e-01	   3.1813909575382726e-01	   3.2679381500097510e-01	   1.7724423078975299e-01	   2.9623798191536960e-01	   2.2900289453514244e-01	   1.9277936470274060e-01	   2.8638832225260485e-01	   1.6048612507774357e-01	   1.0915024647917879e-01	   3.7335768149041337e-01	   4.7156911911261823e-01	   1.4384940438578336e-01	  -2.0178432755367837e-01	  -1.2858583664530732e-01	   1.1843107139241367e-02	  -1.0465796536407911e-01	   1.7625844066194676e-02	   6.0722037992752678e-02	   2.0355889071490892e-02	   2.1917615131365731e-01	   2.1207670160761002e-01	   1.1286870066711682e-01	   3.4102389589267157e-01	   3.7268077215332172e-02	   2.3267731104660036e-01	  -1.7479654458059785e-01	  -1.7670931237322926e-01	  -1.3303232064437617e-01	   9.4480053550554263e-02	  -4.1142982519389984e-02	  -2.0255082688929077e-01	   5.6742930303513052e-02	  -4.6984161769910451e-02	  -2.7099788578595341e-01	  -2.5137572171586187e-01	  -3.3022397017804445e-01	  -1.5811759886436305e-01	
   5.7838107119016646e-01	   0.0000000000000000e+00	   1.6774088543123458e-01	   3.3171777134404712e-01	   2.5798770524853032e-01	   1.2025274792023585e-01	   9.7921140256342312e-02	   2.8094363895896085e-01	   2.7767461598946375e-01	   3.3211328283803443e-01	   3.8658931126836360e-01	   1.9500510739123367e-01	   2.5810017362958493e-01	   1.8117621426413225e-01	   2.2986543775513404e-01	   3.0625961435515342e-01	   1.7814656883727389e-01	   2.9848995471078194e-01	   4.0815955532256232e-01	   6.1410918629861611e-01	  -1.6097800520056965e-01	  -1.4341402781497414e-01	   1.7633442264788572e-02	   1.1266202592287550e-01	   1.2244686417720949e-03	  -5.2556063481318492e-02	   2.5559782964369926e-01	   2.3361159639372975e-01	   7.8301827541491190e-02	   5.8295603206164476e-02	  -1.4274300802073822e-01	   1.2130657676961861e-02	   2.0304741925542455e-01	   3.1490693167547701e-01	   1.6858287718417050e-01	   2.2795109243135442e-01	   1.7503727836584121e-01	   1.8672450005318894e-01	   2.1455458034710440e-01	   2.0224269286461868e-01	   2.3800495211556677e-01	   3.5827627849023946e-01	   6.5414707564473629e-01	   5.7697608413204982e-01	   4.6699652068546993e-01	   5.1316615493732609e-01	   5.7508525781738373e-01	   5.8898947468976426e-01	   5.2157197500233332e-01	   5.2061588813439441e-01	   5.3244242853179802e-01	   4.7112048989339056e-01	   3.0316040916109133e-01	   5.3549402198492801e-01	   3.4289400662772407e-01	   4.7319407152593917e-01	   5.7930964033743992e-01	   7.3106016642472449e-01	   1.1098696358887214e-01	   1.5187152009065741e-01	   1.3470257340296124e-02	   2.0202832282238786e-01	   1.3873729391611416e-03	   3.1117004160519701e-01	   1.1938673777357964e-01	   1.4912141771395643e-01	   1.3780117722242957e-01	   1.5680095061425603e-01	   5.7551919987927591e-01	   5.8012729419816433e-01	   1.2209394457595084e-01	  -1.2376545412048753e-01	   9.4940843115407028e-02	   2.6006559406082885e-01	   2.5354006863234196e-01	   4.1957827153479677e-01	   1.5761445677458247e-01	   2.5097389695364702e-01	   2.3634159188765505e-01	   3.5365913943601668e-01	   2.0244504860541823e-01	   1.7230715851035477e-01	   1.3433153782669555e-01	   1.7716386420407010e-01	   2.3176761494284559e-01	   4.2397686613241692e-01	   1.3284042348190811e-01	   1.3381857994823787e-01	   2.9892074946390557e-01	   4.1459970181641770e-01	   2.7948468294262763e-01	   1.4707909947661021e-01	   7.2333784796668465e-02	   2.0953074895845353e-01	   1.0816463732713734e-01	   7.1737298185206536e-02	   4.2526549788052270e-01	   1.7747380045889910e-01	   4.0924241187517918e-01	   3.3846889739152908e-01	   1.4410741285014816e-01	   2.9438959743117854e-01	  -2.5170904211303264e-02	  -1.0753492901907909e-02	   7.2089553717867355e-04	  -2.2225933376362322e-01	   1.6640960401880478e-01	   1.2988155573244251e-01	   1.5802951739565585e-01	   1.3075211624628691e-02	   2.3157201687069287e-01	   1.3876512627385140e-01	  -6.9300712676718404e-02	  -1.1125745745452174e-01	  -1.9973959237660310e-01	  -2.2156109532030788e-01	
   3.9212529559497189e-01	   1.6774088543123458e-01	   0.0000000000000000e+00	   7.2431224912702885e-01	   5.3000041913680040e-01	   5.3489441286039896e-01	   7.8894646641690591e-01	   3.7802364344711287e-01	   2.4742219277220334e-01	   6.1013416091905609e-02	  -5.7126536727529695e-02	   1.7722669803182456e-01	   3.0618328929065664e-01	   3.3777748140451203e-01	   1.7231789888996055e-01	   7.3098903304196799e-02	   2.0283976896348854e-01	   7.8647961732317931e-02	   4.7803036856588843e-01	   2.8922425146403952e-01	   3.0874433062691459e-01	   3.0666378656013277e-01	   6.7456288120465580e-01	   5.8122979817490128e-01	   6.1172090906986820e-01	   4.5657231175268653e-01	   5.9814528776283182e-01	   6.2389872497031473e-01	   2.6208167034571073e-01	   2.0631869512882275e-01	   4.7178787445663906e-01	   4.0346721524876084e-01	   4.4825399319885467e-01	   5.2809745912493189e-01	   4.6882966234906664e-01	   2.8519166425053732e-01	   1.9230981848505430e-02	   1.9198598475280548e-02	   8.0017845999479961e-02	  -3.0755770602615296e-02	  -6.9930008640289136e-03	  -6.6832715907572615e-02	   3.0683698731147635e-01	   2.9747399665204854e-01	   7.1006580678332168e-02	   1.2344478703907963e-01	   1.4724477509907991e-01	   1.4454671952597553e-01	   1.1875387285543818e-01	   1.2925541040441130e-01	   3.4300492522873816e-01	   2.8889886301803680e-01	   2.7955870580285813e-01	   2.3936361704069956e-01	   3.6434694661225908e-01	   2.9840005364211913e-01	   2.3602587989528101e-01	   4.0859748526011580e-01	   5.0488269866785618e-01	   3.5205809696121398e-01	   4.9953755349962747e-01	   4.2504014552268243e-01	   1.7644375285011424e-01	   2.9374391394099164e-01	   6.2712569819416542e-01	   5.1649139409484746e-01	   6.3158436308380295e-01	   3.8850970631010878e-01	   3.9102384636655219e-01	   3.9986046569420886e-01	   1.1150383704742739e-01	   1.8526944732021408e-01	   1.0827831639817545e-01	   1.0356407547395663e-01	   1.0590699333094143e-01	   1.4851057242178875e-01	  -1.8342374492135017e-03	   5.1261011246244631e-02	   3.0872069069951036e-01	   4.0958921087584921e-01	   3.4558737694711800e-01	   3.8774307240065814e-01	   4.9147521648628628e-01	   3.1017327801690792e-01	   5.6068727470434709e-01	   3.7070793678313935e-01	   4.3787500576376415e-01	   3.6054184598190753e-01	   7.9237268493700574e-01	   5.7048664962885121e-01	   1.2400867179154171e-01	   1.9782878131713497e-01	   3.3773437835891257e-01	   4.8203744652360103e-01	   5.2928833816994522e-02	  -1.6964365098310891e-01	   9.8565562183221919e-02	  -5.1120620007863507e-02	   2.6194925426291940e-02	  -1.5645168779140611e-02	   3.4259916332053364e-01	   3.5486758773311011e-01	  -9.8670748947228798e-02	  -1.5912722996643966e-02	  -1.4403388082382695e-01	  -4.3390155697533170e-02	  -3.0238033196064251e-01	  -2.4234270014201786e-01	  -2.7292671075492235e-02	  -1.2889014574373994e-01	  -1.0951481556292644e-01	  -3.2362061856902907e-01	  -3.1248500701926946e-01	  -3.2993149627319873e-01	  -1.3777026294197589e-01	  -1.8006083780214177e-01	
   3.0900541735125103e-01	   3.3171777134404712e-01	   7.2431224912702885e-01	   0.0000000000000000e+00	   5.3746036056974189e-01	   6.9285044021525433e-01	   6.7313055151640855e-01	   7.4890045392221927e-01	   3.6347731299985142e-01	   3.6138690587277250e-01	  -3.2412938515103601e-02	   3.6584558987395782e-01	   3.0269359462855677e-01	   4.9082393788987622e-01	   2.3586400994780443e-01	   3.3955091267398396e-01	   9.4702460357316415e-02	  -1.4267098088908206e-02	   4.8868296942088185e-01	   5.4184634416799504e-01	   1.7496805448033059e-01	   1.4451313897607465e-01	   5.7788671385958823e-01	   6.8122769776198644e-01	   5.7304082849076532e-01	   5.8946715584425080e-01	   5.6709178329123666e-01	   6.2819441333489845e-01	   1.9264713768696806e-01	   1.9330678306566737e-01	   4.7069911886620375e-01	   5.4155986893258590e-01	   4.4517957288163723e-01	   6.0798547790851676e-01	   3.8758399057910276e-01	   3.7496504734377301e-01	   2.4245823103921423e-02	   8.7355476827988776e-02	   7.4678528376961123e-02	   3.8125759014501839e-02	  -2.1455201980455689e-02	   2.1453053270107721e-02	   4.1416892999596266e-01	   4.3270950742015557e-01	   1.7207889662063780e-01	   3.1225527035456591e-01	   3.1808088618260311e-01	   3.2847317345770238e-01	   2.3715820330440077e-01	   2.7567057621778407e-01	   4.4397141853544292e-01	   4.3291712973802837e-01	   4.0671632057678891e-01	   3.8626761454961867e-01	   4.8180713657237728e-01	   4.3355953480102560e-01	   1.9313025065284561e-01	   5.2088756719030982e-01	   4.3109809050650705e-01	   5.2486064400575261e-01	   4.5956318635355808e-01	   6.1522683129446132e-01	   1.3964417105931759e-01	   4.1019998789411916e-01	   4.2532981270226766e-01	   5.8014539970661472e-01	   5.7090985320331544e-01	   6.2551150190722815e-01	   4.8227021073147308e-01	   5.5572105164889551e-01	   1.9510355544199248e-01	   3.6907312886293403e-01	   1.0403198586745183e-01	   1.8120504679240387e-01	   1.3459143884897171e-01	   3.0395379879550666e-01	   9.1215322437682485e-03	   1.3677411864688035e-01	   2.3059512496430162e-01	   3.2446976666056315e-01	   3.4948597888768812e-01	   3.2233246302716501e-01	   4.0997863725989320e-01	   3.3873665174831757e-01	   5.1131493150971508e-01	   5.0200534746566661e-01	   3.4397873358748421e-01	   3.1374139755109093e-01	   6.6132995795125460e-01	   5.8133550645928656e-01	   4.9251972968055463e-01	   2.6449500403205400e-01	   4.4644035918359326e-01	   3.5007643890813606e-01	   1.7983843784173037e-01	  -7.0494263480969880e-03	   2.8021412010155627e-01	   1.2379886422686645e-01	   2.6841671829000091e-01	   1.3206465442782875e-01	   4.4287248324283457e-01	   2.6189980751040381e-01	   3.3478248265187319e-02	   3.0106344361335712e-02	  -3.9890503403360256e-02	  -8.1563659064196409e-02	  -6.2586128092828569e-02	  -1.7493312106816034e-01	   1.3303392638445466e-01	  -1.9305084408995900e-02	  -1.1569483976796547e-02	  -2.1195209860765524e-01	  -1.4378055529704226e-01	  -2.8064165544682806e-01	  -1.2115148372658198e-01	  -2.3933095089479833e-01	
   1.9579441751305132e-01	   2.5798770524853032e-01	   5.3000041913680040e-01	   5.3746036056974189e-01	   0.0000000000000000e+00	   7.1209420980076088e-01	   5.3650832207652210e-01	   4.9419788917692842e-01	   6.2320943791358485e-01	   5.0016140308027790e-01	   6.2061767021692693e-02	   3.7349971634691875e-01	   3.1479265839280968e-01	   4.9101373150417366e-01	   3.9752850661114397e-01	   4.4516773331845511e-01	   8.3725555866614301e-02	   3.8607815543014755e-02	   2.9373747405000294e-01	   3.1442756206377553e-01	   1.7445346842115017e-01	   1.7794387638966563e-01	   4.3793890101692090e-01	   4.9037119111648519e-01	   5.2207965308757842e-01	   4.4164099387936967e-01	   5.1121000639862180e-01	   5.6346538182458750e-01	   2.8650982222366250e-01	   2.6494457892454731e-01	   3.9604290698112743e-01	   4.1583094744112764e-01	   3.2453051509938391e-01	   4.0498089796615666e-01	   1.8147649558858731e-01	   1.5194676398076243e-01	  -4.7244193674072607e-02	  -3.9382097289549479e-02	  -5.3422485863459601e-02	  -7.3307111736039238e-02	  -4.0328372994919565e-02	  -3.1960763222006625e-02	   4.1750069768695142e-01	   4.1244766488947116e-01	   4.8725573995338772e-01	   5.3949005909810765e-01	   4.7476671722790964e-01	   3.5383896309062746e-01	   5.5617627413485726e-01	   5.0258347803818615e-01	   4.2229574704307971e-01	   4.2135080673309389e-01	   3.9139712726952403e-01	   5.0404630583698617e-01	   4.5364372035309874e-01	   4.5112443932811885e-01	   1.0371056508421725e-01	   3.2446800086020150e-01	   4.6551066953234044e-01	   4.0067064073113523e-01	   2.5529278648033038e-01	   3.9203684561284613e-01	   8.5684967798883210e-02	   3.5815453143233411e-01	   1.7969405139431049e-01	   2.6857606446726090e-01	   4.8604008085595551e-01	   4.7489294970575879e-01	   2.0858213976604376e-01	   2.9748711260438332e-01	   3.3571637538104791e-02	   3.2573397527867115e-01	   2.4231006104794847e-01	   2.9377375211567869e-01	   2.6784950595442375e-01	   3.6411656171319939e-01	   1.6571164710968642e-01	   2.5285226557772822e-01	   8.1969065824647774e-02	   1.8233481551526071e-01	   2.0527442892952497e-01	   2.3323354225261878e-01	   3.2701774640706538e-01	   3.4430974261503017e-01	   2.4806040327536799e-01	   3.7086799656718628e-01	   2.0724397803901823e-01	   1.8300854046759607e-01	   4.0164958418898195e-01	   3.8142958458643733e-01	   3.1306063076954682e-01	   1.5973959061150234e-01	   1.9839679097835602e-01	   3.2190416162687119e-01	   8.5299907841227277e-02	  -3.1604780342452177e-02	   2.8933323311423609e-01	   1.6519104841320905e-02	   4.2007636029618228e-01	   1.3574025245281757e-01	   4.1252935585601774e-01	   2.1233854941554609e-01	   4.8008022497367367e-02	   2.1221527284952589e-03	   3.7310145283341020e-02	   1.6418235352982469e-02	  -6.5630263198304839e-02	  -1.1108101710670396e-01	   7.6777346885043951e-02	  -1.0722181819569866e-01	  -4.3504402962327174e-02	  -1.9308690984243154e-01	  -1.1866695063196755e-01	  -1.6044220768847153e-01	  -1.1780668326376945e-01	  -3.3042022964881040e-02	
   2.3230411867977313e-01	   1.2025274792023585e-01	   5.3489441286039896e-01	   6.9285044021525433e-01	   7.1209420980076088e-01	   0.0000000000000000e+00	   6.0374126211325096e-01	   6.3489708122095712e-01	   3.9106719984496308e-01	   4.6678595672943962e-01	  -1.0077446500274057e-01	   4.4299928389664700e-01	   2.2225914140646230e-01	   5.2192236231556566e-01	   1.7330088935201318e-01	   3.8134518937312400e-01	   4.3803886165212962e-02	   2.4928969018017985e-02	   4.6345302484808648e-01	   4.3517538100517000e-01	   3.0379911057982767e-01	   2.8710464654786205e-01	   4.0777627651019732e-01	   5.1841050385055765e-01	   5.6312646340731431e-01	   6.1691578004507797e-01	   5.9347508858857356e-01	   6.8560544412443469e-01	   2.2791176780484068e-01	   3.4445679430572279e-01	   5.3213994785327867e-01	   5.3657632079091133e-01	   3.6330697556261260e-01	   4.5407307692883686e-01	   2.1361184942546840e-01	   2.3047205230268783e-01	  -1.4658341102565900e-01	  -7.6939471915372246e-02	  -1.3580394277737262e-01	  -1.3888929682246304e-01	  -1.4876976264707548e-01	  -1.5723860753037613e-01	   3.0002580685864327e-01	   3.2202399809314386e-01	   2.8396912928004314e-01	   3.5619276509465458e-01	   2.6918759331688380e-01	   1.6023817624363454e-01	   3.6598339173924621e-01	   2.9743296300049127e-01	   4.1006363431432447e-01	   3.2319653112646773e-01	   3.9267465841030458e-01	   3.1598492416577229e-01	   3.3763789862614663e-01	   3.3880497061873732e-01	   1.0732845634295343e-01	   3.9639330422748253e-01	   5.1247270105365317e-01	   5.4405014538813945e-01	   3.4584713691099395e-01	   5.8238410569311960e-01	   1.9727399967555542e-01	   4.8558669190499770e-01	   1.2300358935871031e-01	   3.5308930357802809e-01	   5.4244020884454214e-01	   6.1604875887514543e-01	   1.9341582124257994e-01	   3.4104127549806607e-01	   5.6227347764254504e-02	   4.4594577592684664e-01	   1.1917751604546759e-01	   1.4519125606021346e-01	   1.2758902456829954e-01	   2.1590574397834655e-01	   7.4527346797558826e-03	   9.0231832848012908e-02	   9.3806311418276667e-02	   1.8408649864248305e-01	   2.3709203048577682e-01	   1.5436865375797570e-01	   3.7199900548968923e-01	   3.4866390608343617e-01	   2.1909557516491004e-01	   3.0907156268738201e-01	   1.9764033656336544e-01	   1.3502611612289508e-01	   4.2845183628282701e-01	   4.0077251842434286e-01	   4.1011044838843885e-01	   1.2951869765633361e-01	   3.6280313793109586e-01	   2.4968260832464156e-01	   8.8363718713933198e-02	  -7.0688016768595568e-02	   1.0124398278150455e-01	  -1.4286985671034746e-03	   2.9554936597871112e-01	   6.3722060005617309e-02	   5.0591523727373500e-01	   1.3331906964532139e-01	   9.5511557061719266e-02	   6.7042216627511017e-02	   1.5479435273972402e-02	   2.2423900603598196e-02	  -1.1866095924036124e-01	  -2.6179706174618000e-01	   1.0275386813402526e-01	  -1.7473420511725135e-01	  -1.7273778342861515e-01	  -2.0452041508550931e-01	  -1.0505553939746604e-01	  -2.8297921846771978e-01	  -5.3648443444838337e-02	  -8.1084601107311985e-02	
   4.3384106404179412e-01	   9.7921140256342312e-02	   7.8894646641690591e-01	   6.7313055151640855e-01	   5.3650832207652210e-01	   6.0374126211325096e-01	   0.0000000000000000e+00	   6.1530694119242768e-01	   3.3432488722583131e-01	   2.1161103184537738e-01	   9.3761584153363595e-02	   3.8869768723850268e-01	   3.9438077397377730e-01	   4.3682376625106656e-01	   2.5057494382769968e-01	   1.8917787161449995e-01	   3.3639333741193245e-01	   1.7982750794935373e-01	   5.5342978912604823e-01	   3.3676218643992145e-01	   1.5734937771824081e-01	   7.4364440045539604e-02	   4.2252784400404086e-01	   3.4469208681001129e-01	   4.0481654254550592e-01	   4.0393694270176972e-01	   4.1681184719327091e-01	   4.5729383294220327e-01	   4.5882018639540179e-01	   4.3601669500549950e-01	   4.7391902744118941e-01	   3.6999127493492007e-01	   6.0237076787538046e-01	   5.8951323853760695e-01	   2.7667238869270083e-01	   1.0020972349896089e-01	   1.2553506380452020e-02	   9.8776981364946712e-02	   1.7895693613866386e-02	  -3.8014186835787910e-02	   1.3262570801580911e-02	   1.9547996964110283e-02	   2.2781647620459905e-01	   2.3315672632039894e-01	   1.7347479572967200e-01	   1.7553528638936583e-01	   2.0844586455911962e-01	   1.3621409736285983e-01	   1.8980925560549222e-01	   1.2837616713049155e-01	   2.8529905075822343e-01	   1.4952319042354018e-01	   3.0182503212154677e-01	   1.9651907684945052e-01	   3.7716356813271801e-01	   2.8698742199485106e-01	   2.8105811915387047e-01	   4.2947069053189946e-01	   6.6250862474881611e-01	   4.5815468414143423e-01	   7.4559809103707897e-01	   6.0700260960033825e-01	   4.1821115460801539e-01	   5.2867534956666606e-01	   4.8442707503447185e-01	   3.7830576978024194e-01	   6.8111447181178408e-01	   4.6200201651350836e-01	   2.7622245677405000e-01	   3.5077488841388482e-01	   1.6386673250620587e-01	   2.6742261824232649e-01	   2.7512706396126341e-01	   2.7673516137162468e-01	   1.5393247054834153e-01	   1.7676911878041326e-01	   1.6638360937855770e-01	   1.9336150437007799e-01	   2.7967940719083662e-01	   2.8658913913059725e-01	   3.5152368640169940e-01	   3.0116900489766013e-01	   5.4152970163002978e-01	   2.6802207387160115e-01	   3.9422913027103984e-01	   2.7339911077683854e-01	   2.2207502083906638e-01	   1.2598929634992612e-01	   5.6842955773504167e-01	   4.5783356545847453e-01	   2.5394340847995539e-01	   6.6595053380081856e-02	   2.0730525745887579e-01	   3.4227847363934494e-01	   1.5019151881154041e-01	   2.1889810582901181e-02	   7.5082642711574651e-02	  -2.7440018066508844e-02	   1.3673486360115591e-01	   3.6396991848305679e-02	   4.3744767351020786e-01	   3.9663566901989949e-01	   1.4420828914647654e-01	   2.2626318648416677e-01	   2.1207467914400695e-02	   1.5044133433892209e-01	  -3.0163015783798341e-01	  -1.7475385656925693e-01	  -8.1541003881388623e-03	  -7.9668316193616945e-02	  -1.2089842604139187e-01	  -2.1537201898214456e-01	  -2.3714452679632567e-01	  -2.1104594883607780e-01	  -4.0599299969750223e-02	   2.8053901269300616e-03	
   3.1733836763202411e-01	   2.8094363895896085e-01	   3.7802364344711287e-01	   7.4890045392221927e-01	   4.9419788917692842e-01	   6.3489708122095712e-01	   6.1530694119242768e-01	   0.0000000000000000e+00	   4.0235907761217310e-01	   5.5760200112069880e-01	   1.6249009944722809e-01	   5.4104465766995657e-01	   3.3434034006222957e-01	   5.9970756028408012e-01	   3.1615346800256749e-01	   4.5828932470425277e-01	   1.1427301228138824e-01	   2.2649723860036317e-02	   4.8938160721543572e-01	   5.5650223760956341e-01	   3.7137160124218381e-02	  -1.6045915547245368e-02	   3.2531437440069677e-01	   3.4733198268740167e-01	   3.1924212133739110e-01	   4.6183175550950006e-01	   2.9677994731310170e-01	   3.3737752533755372e-01	   2.3529522335076419e-01	   2.4790714776701553e-01	   3.9016274657054129e-01	   4.4973571489716957e-01	   5.5758467378666166e-01	   6.2048331910818966e-01	   2.9014169517386723e-01	   3.4800275342755554e-01	   6.2099793765276960e-02	   5.5849135474474718e-02	   1.4402571265846216e-02	   5.0735980513167420e-03	   9.4393298743769685e-02	   1.6278492773936745e-01	   2.9984996232511762e-01	   3.2995868697475711e-01	   2.1309501540997022e-01	   3.0321447178168126e-01	   2.9629330348361438e-01	   2.8598442465860796e-01	   3.1253219188820613e-01	   2.5290261264418201e-01	   4.3889525787588590e-01	   3.0440461903923843e-01	   4.5685378976014557e-01	   3.4042368777371668e-01	   3.7674937947542753e-01	   3.8007760226871057e-01	   2.2691608790952006e-01	   4.7469105620606650e-01	   3.9405911444196451e-01	   5.3092411996181110e-01	   4.6870904346981890e-01	   7.3580075669712075e-01	   2.5615596117507372e-01	   6.3909022776917945e-01	   1.9806242666617790e-01	   3.8196345365075390e-01	   5.0179994792959848e-01	   6.6464413814668188e-01	   3.3093493843671834e-01	   4.4824214516279570e-01	   2.9008938356640729e-01	   4.3668017004214726e-01	   1.6921767575936317e-01	   2.6390482747163047e-01	   1.4670475175064657e-01	   3.3407071067918148e-01	   2.1591659247013567e-01	   2.7400878897843012e-01	   8.3510651170521533e-02	   6.3437375557289191e-02	   2.7796905647421233e-01	   9.3037094426301425e-02	   3.6166841991172616e-01	   3.0285648215675565e-01	   2.9649288302609805e-01	   3.5788796555955843e-01	   1.8759045868748936e-02	   9.4464213685016112e-03	   3.7221445827862132e-01	   3.2137599490435109e-01	   6.0603831236526984e-01	   6.8469410215605320e-02	   1.7454113450117853e-01	   1.2412359665582330e-01	   1.4017317215418315e-01	   9.5552659895809244e-02	   2.4007946768211286e-01	   2.1103155391021955e-01	   4.1958985829184459e-01	   2.9587847999761296e-01	   4.0611113759074691e-01	   3.5290820148728697e-01	   2.5329492663620684e-01	   3.5849181523713303e-01	   1.3837228791022815e-01	   1.0922230994774386e-01	  -2.2968374463267920e-02	   2.1664777515426295e-02	   9.4349046900285546e-02	   3.2388212881734400e-02	   1.1999426302004126e-01	   3.7360886828161459e-02	   6.7994827077555053e-02	  -1.7846434892151715e-02	   7.1754540268642794e-02	  -2.9065264848006915e-02	
   1.3408523748407195e-01	   2.7767461598946375e-01	   2.4742219277220334e-01	   3.6347731299985142e-01	   6.2320943791358485e-01	   3.9106719984496308e-01	   3.3432488722583131e-01	   4.0235907761217310e-01	   0.0000000000000000e+00	   6.8489994052143621e-01	   2.9353958799678220e-01	   2.2271700263805097e-01	   4.3414766687130707e-01	   3.2544063094263137e-01	   6.9170744156792807e-01	   5.5891915236112788e-01	   1.6815496963487506e-01	   3.9592696960608631e-02	   1.5805094768147973e-01	   1.7710796956940364e-01	  -3.8522279561433358e-02	   1.3028020667824399e-02	   2.5209185560901326e-01	   2.4089925148211550e-01	   2.0814123456603900e-01	   3.1900100351909311e-01	   3.7161148390256954e-01	   3.5432270213968520e-01	   2.8768336381508353e-01	   1.8611606053529681e-01	   1.1520680370950327e-01	   2.4297995957004032e-01	   2.1906022292052230e-01	   2.8833279609913620e-01	   1.0818526770114884e-01	   1.4838983691851609e-01	   1.8751560349095187e-01	   1.6097955152674251e-01	   3.8742833520097824e-04	   8.2512545468004780e-02	   2.3808015211568617e-01	   1.8306041030044221e-01	   2.7875275643789177e-01	   2.8158896841565118e-01	   3.0897673853084678e-01	   4.0662234737814318e-01	   3.3516368210004854e-01	   3.7073639127903357e-01	   3.8980498393771301e-01	   4.1743053093407245e-01	   3.8039153550956095e-01	   2.8703934047243901e-01	   3.4578917740382603e-01	   5.0555536705769166e-01	   4.3551589618323772e-01	   4.7075628592182955e-01	   1.4202482954610368e-01	   2.5632694101463066e-01	   3.3547304004846729e-01	   2.4596591786590366e-01	   2.7765605492695983e-01	   3.5333957111917574e-01	   3.2031341315352222e-03	   1.7000902902616891e-01	   2.1183428519115372e-01	   2.6054461714854932e-01	   2.6663853811354782e-01	   3.7258398284348226e-01	   2.3978882632009535e-01	   2.9427657907603777e-01	   1.0186151277144714e-01	   6.3143357108015177e-02	   2.1902256361887337e-01	   3.0871982086463556e-01	   1.3987068744319392e-01	   2.2075845385856738e-01	   1.6582965250833212e-01	   2.0573555879594740e-01	   1.4080695199040474e-01	   1.2402708719257498e-01	   2.2455214814219854e-01	   2.4197004998635468e-01	   3.6641131226928525e-01	   2.2435220071880385e-01	   3.5839165753784852e-01	   2.9396239924986783e-01	   1.0634867658225869e-01	   1.5095106799424032e-01	   3.3365599691874220e-01	   3.4267163359455638e-01	   4.5157434722577805e-01	   2.6917766345586214e-01	   1.0101597090013352e-01	   2.3800960126331411e-01	   1.9761352370079888e-01	   2.2637708476222124e-01	   2.8971138938262014e-01	   1.0816782574479464e-01	   4.4324839522739173e-01	   3.3626240841190708e-01	   2.1496518635199119e-01	   3.6552585419038525e-01	  -1.2453799829662051e-02	   2.4791820725403560e-01	   1.1367553132693954e-01	   5.0030144389816067e-02	  -2.8277810572205506e-02	   1.7559795673806439e-01	   1.1614682626254427e-01	   8.2198691025137327e-02	   9.1122531295917616e-02	   6.0065405024834158e-02	   1.1588202115570390e-01	  -1.9290746626962112e-02	  -3.4469413529720485e-03	   6.0839180064344217e-02	
   2.2081855044722770e-01	   3.3211328283803443e-01	   6.1013416091905609e-02	   3.6138690587277250e-01	   5.0016140308027790e-01	   4.6678595672943962e-01	   2.1161103184537738e-01	   5.5760200112069880e-01	   6.8489994052143621e-01	   0.0000000000000000e+00	   3.5004611973491329e-01	   3.3505908402027806e-01	   4.1256772855758517e-01	   4.5058196481156459e-01	   5.5643136519741954e-01	   7.0870819905100069e-01	   5.9047518370091662e-05	  -7.8480631029237441e-02	   1.4106662094460479e-01	   2.0215091956900630e-01	  -9.9880790178208390e-03	   8.4165434885404275e-02	   1.2808333728373053e-01	   1.4653159767993082e-01	   1.6281605792102238e-01	   2.8258130709404999e-01	   2.3701176679103211e-01	   2.9172634931482361e-01	   2.3337390825353022e-01	   1.8284174012595317e-01	   1.1890225437169688e-01	   2.6771325066417839e-01	   1.8224505437295985e-01	   2.4895774472402660e-01	   9.2506960027452331e-02	   2.2117262248647407e-01	   2.4705294626864055e-01	   2.5493557425133095e-01	  -5.7498148782630640e-02	   1.1020242921844518e-01	   2.3129817962583785e-01	   2.6572200292518511e-01	   2.1789916842334367e-01	   2.4540369832628081e-01	   2.6124191765581017e-01	   3.4544505188781627e-01	   2.5796788453650521e-01	   2.8260852277866855e-01	   3.1823890620652440e-01	   3.0508731996848992e-01	   3.7041150801589495e-01	   2.6912105293038641e-01	   3.0267874807622058e-01	   4.2668848189320219e-01	   2.9637240975085355e-01	   3.7991651900574441e-01	   2.4014747575979095e-01	   2.9759095015943915e-01	   3.2148458180938072e-01	   3.4265439211870208e-01	   2.3959409660379594e-01	   4.6156850896535051e-01	  -3.6810294299434609e-02	   2.8464910446042740e-01	   6.4692482418365727e-02	   2.8718616986119616e-01	   2.3394070910103312e-01	   4.4854145842081250e-01	   1.5702948344498782e-01	   2.3597411585133615e-01	   2.5767760952791136e-01	   3.0154876766556249e-01	   3.6865829268014733e-01	   4.2569321853088826e-01	   4.1315891507293467e-01	   4.7414786977688289e-01	   3.9622648422652057e-01	   3.7378166741877977e-01	  -3.8575758005952782e-02	  -4.1407108645592300e-02	   1.0541952200153261e-01	   1.5088986926543171e-02	   1.8480209594049962e-01	   2.2902401137650408e-01	   1.2967141826261092e-01	   3.7136138675910813e-01	  -4.9019812260350931e-03	   1.4665405316864299e-01	   2.0312540966358111e-01	   3.9750684360726907e-01	   5.8206804976566140e-01	   1.7721821167919172e-01	  -9.5046500980656090e-02	  -1.3535031175227082e-02	   9.2346221135793910e-02	   2.3632189342917348e-01	   2.3739389846415396e-01	   1.8388270795786202e-01	   4.4984051957514953e-01	   3.9859947897435877e-01	   9.2445621151789878e-02	   2.7810674411007080e-01	   1.0389314814866452e-01	   3.2472041262294588e-01	   2.4609320548652752e-02	  -2.5661653140820827e-02	   8.6287212126861024e-02	   2.3464146048454937e-01	   7.6806616208547535e-02	   5.6469600047906491e-03	   1.7931391621492199e-01	   1.4590106959398391e-01	   1.8044189383781151e-01	   5.5843407948016247e-02	   4.4651992363024112e-02	   1.0094654045345083e-01	
   4.8343285943146785e-01	   3.8658931126836360e-01	  -5.7126536727529695e-02	  -3.2412938515103601e-02	   6.2061767021692693e-02	  -1.0077446500274057e-01	   9.3761584153363595e-02	   1.6249009944722809e-01	   2.9353958799678220e-01	   3.5004611973491329e-01	   0.0000000000000000e+00	   1.3995871139082230e-01	   6.2451443124836070e-01	   1.8879105940056695e-01	   5.0806916943652447e-01	   4.8708019701943805e-01	   2.8324797063673790e-01	   1.8464173879296858e-01	   2.0800472047049262e-01	   1.1528409543485273e-01	  -6.4839478194753164e-02	  -2.5155758334866274e-02	  -1.2132933893330310e-01	  -1.5412080615602014e-01	  -1.7576275783599477e-01	  -8.3343654465194549e-03	   9.1850971655678820e-02	   4.2084230433720997e-02	   2.4034705607309223e-01	   1.0346982615648140e-01	  -7.8085629211700383e-02	   4.2027242233841793e-02	   1.3043955609656582e-01	   8.7240301718389465e-02	   1.8694523933290574e-02	   1.2972940365341471e-02	   1.7183786523011522e-02	   1.1486774490803066e-01	  -4.8072841761296642e-02	   3.0671112520823839e-02	   2.6028101141416315e-01	   3.6511692033212889e-01	   2.8557893306899129e-01	   2.3637462071900608e-01	   2.2179857253534455e-01	   1.6003185515340618e-01	   2.1221742192041132e-01	   1.8066055795229680e-01	   1.7074539723490428e-01	   9.2685375905937367e-02	   1.9130664971325367e-01	   8.5650566181019197e-02	   1.2994515327604736e-03	   1.2561069427307836e-01	   7.5859442065171867e-02	   7.9972099672022595e-02	   4.1440344351813962e-01	   2.7707056343989833e-01	   1.0539097475294171e-01	  -9.4523592356079052e-03	   1.2584445497915975e-01	  -1.5412843415865541e-02	   1.7003622110920286e-01	   1.7838921670616797e-01	   5.6738812167550209e-02	   2.6922312796713102e-02	   3.8017670543656790e-02	   2.4257158671373638e-02	   1.1094931147279695e-01	   5.6943561903052040e-02	   3.2359358623798362e-01	  -1.0870754416318370e-02	   2.9843651653221542e-01	   3.5909010339209324e-01	   3.3325078985939338e-01	   3.3182999487881376e-01	   3.3755022280538838e-01	   2.7812866308297313e-01	   8.5289440772115296e-02	   1.1027396502844171e-01	   4.1566613218988982e-02	   4.4741179618697252e-02	  -1.1017787721046130e-02	   1.7240021967393110e-01	   8.1144250425942546e-02	   2.3526723006990213e-01	  -9.0058115323298646e-02	  -1.2686292675656897e-02	   6.4504154024625808e-03	   1.9061420084282266e-01	   1.2942746083479723e-01	   1.1126619663717058e-02	  -2.1289081650207525e-01	  -5.7448425488151517e-02	   4.6223715205957569e-02	   3.9328344849263064e-02	   6.2750753610790744e-02	   3.6743204837146007e-02	   1.4167626574950415e-01	   2.7850549228313787e-01	  -2.8620707444283666e-01	   2.3343853862234953e-01	  -1.6123882910920304e-01	   1.4021236148927205e-01	  -1.6633746833038077e-01	  -2.2751672787145685e-01	  -3.9493754325919846e-02	   1.9876813279317751e-01	   1.4629392257481671e-01	   5.7640746715397227e-02	   1.1886246429976240e-01	   1.4837601671619452e-01	   2.9023319471666198e-02	  -5.4098403249537325e-02	  -1.1364668119604346e-01	  -1.6405561197319554e-01	
   2.6277750537742522e-01	   1.9500510739123367e-01	   1.7722669803182456e-01	   3.6584558987395782e-01	   3.7349971634691875e-01	   4.4299928389664700e-01	   3.8869768723850268e-01	   5.4104465766995657e-01	   2.2271700263805097e-01	   3.3505908402027806e-01	   1.3995871139082230e-01	   0.0000000000000000e+00	   5.5685848163597584e-01	   8.4720116451135474e-01	   3.6977844744195831e-01	   5.3088327698321902e-01	   5.0650440879958003e-01	   4.9778340173573543e-01	   3.3209226577288814e-01	   4.6642017892934717e-01	   1.5372393873267565e-01	  -1.1523203664650986e-01	   6.5150963858466610e-02	   2.0340458511652160e-01	   1.5767181864061456e-02	   1.6013917670962213e-01	   1.0961456583199836e-01	   1.6636548102549589e-01	   6.6882189604194231e-01	   6.6199250313976887e-01	   2.9439180634975404e-01	   3.0541925471998344e-01	   3.7999368398498523e-01	   3.9960502774628448e-01	  -1.2662520544167974e-01	   5.5105635935384506e-03	   1.6093402194351550e-01	   2.5448821994149773e-01	   1.6341518719558752e-02	   1.4611784747842330e-01	   1.0387819467930365e-01	   2.1958576013997083e-01	   2.6256624047477695e-01	   2.0785990932167978e-01	   2.5773402857525751e-01	   3.0362112963308541e-01	   4.6470276421981627e-01	   1.9819792707381625e-01	   4.1803315784680006e-01	   3.2151174617557920e-01	   3.2669165385675247e-01	   3.2104758392010158e-01	   4.2018915404082791e-01	   2.8233493813688315e-01	   5.7706383979760889e-01	   4.4087852393616078e-01	   1.4227976827513367e-01	   3.5433021178573565e-01	   3.6541278159795776e-01	   5.9425520486842276e-01	   2.2013950591930051e-01	   4.3020761012814790e-01	   4.9057045810876282e-01	   6.6594115261360665e-01	  -2.8638586763546925e-01	  -3.3784224353146465e-02	   3.1420155867595745e-01	   3.5771069160293306e-01	   1.6520282413338799e-01	   2.6637301794384038e-01	   3.8812591215617920e-01	   3.5277940261583340e-01	   5.4473243537503691e-01	   5.7040557778432144e-01	   3.7062788587310841e-01	   3.7650787194389668e-01	   3.0862332515129698e-01	   4.3309998734525301e-01	   4.9576867308676381e-01	   4.2055325592522386e-01	   6.0544715358374124e-01	   4.8762763141161114e-01	   5.1037694080477647e-01	   4.9964961114667483e-01	   1.8824293619482607e-01	   3.4356166453347514e-01	   1.7249603187914900e-01	   8.9533502084972738e-02	   5.9377461136505223e-02	   2.9570383609283490e-01	   2.0408656981155882e-01	  -1.5886352106717644e-01	  -1.2094370473029728e-01	  -1.6011734998331523e-01	   1.7511895708640796e-01	   1.1172238398626444e-01	   2.9348716860151580e-01	   1.3221186126055440e-01	   4.7005623118206713e-01	   1.2369963419636604e-02	   3.3661645656477507e-01	   1.4598502713872599e-02	   3.0131099840168440e-01	   1.7885060175925099e-01	   1.3841746733790161e-01	   1.8483862144535002e-02	  -3.7040453097101481e-02	   2.8675480494423151e-02	   2.7219534297287462e-01	   8.9343438048187951e-02	  -1.2557684203880501e-01	  -1.6956351200686084e-01	  -1.9806785415236353e-01	  -6.4532867772432084e-02	  -1.3521362058414633e-02	  -1.0445834501533147e-01	
   4.3579023819371177e-01	   2.5810017362958493e-01	   3.0618328929065664e-01	   3.0269359462855677e-01	   3.1479265839280968e-01	   2.2225914140646230e-01	   3.9438077397377730e-01	   3.3434034006222957e-01	   4.3414766687130707e-01	   4.1256772855758517e-01	   6.2451443124836070e-01	   5.5685848163597584e-01	   0.0000000000000000e+00	   6.7461369138175109e-01	   6.1573429946595137e-01	   6.2365187939724642e-01	   5.1655126324517542e-01	   3.8412972030877834e-01	   2.5957921649231230e-01	   2.0866698286461610e-01	   1.1831654399136420e-01	   2.7491838749292689e-03	   7.3460582629164162e-02	   1.1708216625363613e-01	  -1.1911603738212921e-02	   1.0557241103024784e-01	   1.9735264172460240e-01	   1.9964756725555957e-01	   6.8963199426943911e-01	   4.7447743696344025e-01	   1.4463429035570707e-01	   2.0517726308085948e-01	   1.7277914784205167e-01	   1.6751965075438521e-01	  -2.0114169134420656e-02	  -2.4757986937511543e-02	   1.5376440048995080e-01	   2.6136871170429554e-01	  -9.0578394658759775e-02	   7.4927980541089442e-02	   1.9644075585648751e-01	   3.1772131573663892e-01	   3.1954923375186367e-01	   2.3142552678254577e-01	   1.2556194915777946e-01	   1.6374298603071250e-01	   3.0664346709323714e-01	   1.2960972591857228e-01	   2.3724766206524436e-01	   1.9207328528292408e-01	   3.3231383462839642e-01	   2.7562574526397499e-01	   2.1949066707014445e-01	   2.5482132513073869e-01	   4.2336282545980308e-01	   3.0576666468181879e-01	   3.0717639890957288e-01	   3.5306309837160610e-01	   4.3702393779727733e-01	   4.1275377966749593e-01	   3.2994073641264127e-01	   1.9300880254782049e-01	   3.5072238552862783e-01	   3.0979571278243145e-01	   9.5982031375528454e-03	   9.2721934078006496e-02	   3.0722728002042249e-01	   2.1283709739431905e-01	   2.0425772505152506e-01	   2.1904375580716262e-01	   4.6689761425737863e-01	   2.9240845083024947e-01	   6.2397159263805335e-01	   6.3421371025993978e-01	   5.6464375237988662e-01	   4.7841561190229243e-01	   4.3938684224750124e-01	   5.1646385039458020e-01	   4.1592758836509991e-01	   4.7652137008065587e-01	   4.7924766734021029e-01	   4.9531161527126233e-01	   3.7444130670795889e-01	   4.1016353296230290e-01	   3.0237008487026995e-01	   3.8473014039182074e-01	   1.5940770473439966e-01	   2.4388841739945250e-01	   1.5873889998164803e-01	   4.3850884644597898e-01	   1.3140582394884684e-01	   2.0723002330809141e-02	  -1.8299481099040893e-01	  -7.6204409661239907e-03	   2.2442828154538197e-01	   7.3667749535690913e-03	   1.9702095674987294e-01	  -7.6903888978451740e-02	   2.7685825377667939e-01	   1.5384924719502474e-01	   3.8087895031614444e-02	   2.6542105070823507e-01	   1.8620040263084277e-02	   1.7970494481450666e-01	  -1.6356446243594874e-01	  -2.3913695322085804e-01	  -1.8896808039287505e-01	   1.6500303212080492e-01	   3.1274968003342740e-01	   9.7590954753414089e-02	  -1.3256071278398307e-01	  -2.0381451753760371e-01	  -2.4408360245154348e-01	  -2.2500715983055630e-01	  -1.3621606322582036e-01	  -3.0179113486780518e-01	
