   0.0000000000000000e+00	   8.1584323540257198e-01	   7.6569667601986646e-01	   7.8093081275665621e-01	   5.2047548803330812e-01	   4.6181855981477921e-01	   7.7019808670409307e-01	   7.6272876389368882e-01	   7.0501058659531224e-01	   5.9847044271974914e-01	   8.2736730821107041e-01	   7.2070960362777359e-01	   8.5329507642505642e-01	   7.9562488454981528e-01	   7.1696272923865823e-01	   6.9098318454937313e-01	   3.1585213653675803e-01	   6.3172175678954878e-01	   7.9624641667965057e-01	   7.5582955437790733e-01	   1.2713392858218783e-01	   1.3191948391498054e-01	   6.3544666746076017e-01	   7.2143360675157986e-01	   4.2176351322624706e-01	   3.6094725416095147e-01	   4.8490351298563966e-01	   4.1765225265065498e-01	   4.7166779295876243e-01	   4.7685886130326938e-01	   4.7206262775689817e-01	   5.0602667971659654e-01	   7.8683664285804245e-01	   7.6837493456635508e-01	   4.6320496464249261e-01	   6.3023487338545059e-01	   4.8147492884896326e-01	   3.9246040220136202e-01	   5.4275829624532457e-01	   3.8964041003538463e-01	   4.0270062269941953e-01	   5.1415181809662913e-01	   6.7793014752952740e-01	   6.8810973605460313e-01	   6.8825555567283692e-01	   7.1476820263107532e-01	   6.3700368370809668e-01	   6.9948586196509832e-01	   5.9282850634724504e-01	   7.4887184081467184e-01	   7.0372191160864062e-01	   7.6975694915784099e-01	   6.0947296758754754e-01	   5.2825243919077181e-01	   5.4065827334226990e-01	   6.8117135841200471e-01	   9.1304518245581379e-01	   7.7979629934619021e-01	   8.1038492029093956e-01	   7.8037653107280658e-01	   7.6444687006662582e-01	   7.3519701584279129e-01	   6.1566456790745705e-01	   7.0168453340629611e-01	   5.5477803822570126e-01	   7.0572725976294060e-01	   5.9216817985117276e-01	   6.4941354244563176e-01	   7.6455935144209963e-01	   5.9397312494513299e-01	   2.4652462244001447e-01	   4.1212483557004376e-01	   4.8642741293438624e-01	   4.5467031816986148e-01	   5.5289333094040827e-01	   5.0910392965989582e-01	   6.0850915735695732e-01	   6.7356038634423565e-01	   6.4304222815711420e-01	   6.9810865475127293e-01	   5.9326651386900253e-01	   6.9469143103346087e-01	   4.4666859821556393e-01	   6.1778292842752214e-01	   5.8873455729129709e-01	   7.4948606389847461e-01	   2.0924383110283995e-01	   3.9547421512186387e-01	   4.8693180485100229e-01	   7.6065452387865995e-01	   2.5836037904897635e-01	   2.8785702396542134e-01	   2.5554924136393486e-01	   1.6593111384186010e-01	  -2.5196166219597568e-02	   2.2418091344038136e-02	   3.4459597275049408e-01	   5.2762670881877449e-01	   5.6915643649679792e-01	   6.8315167477491512e-01	   3.9167551473460566e-01	   4.4970879823385601e-01	   3.2446440983132352e-01	   4.8553833072581098e-01	   4.0982913539510424e-01	   1.2346964274255168e-01	   2.8910662444044738e-01	   2.0207480899752397e-01	  -1.4229669885820100e-03	   4.8831039813324692e-02	   2.6845747802196462e-01	   3.3004304032176357e-01	   2.8350672793104303e-01	   4.5496249206304507e-01	   3.2912954503053227e-01	   1.0117478320453681e-01	
   8.1584323540257198e-01	   0.0000000000000000e+00	   7.8899849418834755e-01	   8.7785221715556094e-01	   5.7837108780892255e-01	   5.4893228401272398e-01	   7.5435129685084290e-01	   8.5110083909357837e-01	   6.7653723839763802e-01	   6.1558821270123076e-01	   7.8932382432499137e-01	   8.5319484586363603e-01	   6.9531414055709084e-01	   8.0562492776536732e-01	   6.8998331273409075e-01	   8.2392573999946028e-01	   5.7853400262515242e-01	   7.5025852445199726e-01	   8.7009925682462785e-01	   9.1382823821503567e-01	   3.9145944026559321e-01	   3.9343868555884154e-01	   7.3848124736947562e-01	   7.4722781731695687e-01	   6.0678343330306383e-01	   5.6953969974473662e-01	   6.2350803721783021e-01	   5.5422754144034059e-01	   6.1830912348648770e-01	   6.7650119527777997e-01	   6.8038750250808877e-01	   6.7436002295470432e-01	   8.2031366025927799e-01	   8.3747022319624542e-01	   3.0131782294080978e-01	   5.7955237365188106e-01	   2.3842694062986469e-01	   5.2245288534770640e-01	   3.5143276379456301e-01	   5.6481855754168120e-01	   5.6257410594107127e-01	   6.7324880740643800e-01	   6.2311448924235768e-01	   6.0700169890750777e-01	   6.1166014535935287e-01	   6.3183370700010810e-01	   5.4034969724824100e-01	   6.4400724146343336e-01	   5.0587906961574891e-01	   6.7446661463651858e-01	   7.3243328794279616e-01	   6.6134114423284784e-01	   6.5988995748200496e-01	   4.7556217245750121e-01	   4.4850162439463104e-01	   7.2037507553299207e-01	   7.5623489235394881e-01	   9.5535508651491274e-01	   7.8564704780811268e-01	   8.0221754719289062e-01	   8.1648650167703507e-01	   8.2590913510974207e-01	   7.2754544248729114e-01	   7.9557172175774293e-01	   6.4466689101161423e-01	   7.1038650460520092e-01	   4.4607747685903809e-01	   5.9534531272437130e-01	   6.9411156594349732e-01	   6.0420316919908568e-01	   3.9581952313215624e-01	   5.4311998202778000e-01	   6.3547812881591015e-01	   6.6998183919070153e-01	   7.3755250543051254e-01	   7.0786734545531727e-01	   5.5211972408860266e-01	   7.4611490147522819e-01	   7.4187575026750474e-01	   7.8252068853130052e-01	   7.9381541107708387e-01	   8.1002236850600051e-01	   6.6779811937389399e-01	   7.9319684826842130e-01	   7.4238384252767875e-01	   7.0682141834501733e-01	   4.4723852710538919e-01	   5.8947578030438130e-01	   6.6120267153575951e-01	   7.6450138158840064e-01	   1.8885946436861462e-01	   1.9099059230508061e-01	   2.0409519994740394e-01	   7.8544778364119563e-02	   6.7368894113183309e-02	   6.5351665394064687e-02	   2.5339841637513150e-01	   5.7641150392419016e-01	   5.0946632629253341e-01	   6.0928964209734415e-01	   3.2594679796558312e-01	   3.1065462893958129e-01	   2.2224042771898506e-01	   3.8600143619904059e-01	   4.3318406943591015e-01	   1.2299283878396378e-01	   3.2813715025317258e-01	   4.1019404463809994e-01	   3.5563550400326840e-02	   1.2622472716927377e-01	   2.8316240222886069e-01	   2.7213089044307220e-01	   1.9076139517608207e-01	   4.5025778109734360e-01	   3.7370745557199070e-01	   1.9522156764987342e-01	
   7.6569667601986646e-01	   7.8899849418834755e-01	   0.0000000000000000e+00	   8.9947759704501995e-01	   8.3178245016970009e-01	   6.8549685708849428e-01	   9.5384952103811704e-01	   8.4055403612461410e-01	   8.2370536749902779e-01	   7.0769080334480505e-01	   6.1137931447162963e-01	   5.7609501505915306e-01	   7.0392260075095447e-01	   6.4725201042886349e-01	   6.2088434853242847e-01	   6.9087963708891920e-01	   3.2049970848185294e-01	   4.5884960643770778e-01	   8.8437536628486302e-01	   8.3120213338269766e-01	   2.1208651092068703e-01	   2.1124605474408922e-01	   8.6559784965745779e-01	   8.6550912504940403e-01	   6.2808446792654982e-01	   5.8078422359585646e-01	   6.9997403079367893e-01	   6.1031162388914906e-01	   3.8676070258290596e-01	   3.8155040819677122e-01	   5.5877552333313973e-01	   5.4407696435641062e-01	   7.3129421386287452e-01	   7.8166869794901428e-01	   4.8146557149485575e-01	   7.1239889801987299e-01	   1.9587375850247946e-01	   3.1546741710855419e-01	   2.9213357917999766e-01	   4.2916985674103014e-01	   4.1623040620221308e-01	   5.6903084985833696e-01	   5.5492453453998425e-01	   5.7690951609878560e-01	   6.4539717443574629e-01	   6.4456106718700656e-01	   4.6540064160073469e-01	   6.2939035691745371e-01	   7.0591114796993448e-01	   7.6635497000239494e-01	   8.0196886250117971e-01	   7.0207399649442392e-01	   6.2583114988766197e-01	   5.4251249457268114e-01	   3.7415026492822284e-01	   5.9774182048414159e-01	   5.9568055887463511e-01	   6.8899030138773720e-01	   8.0982774645085431e-01	   8.0353546940207821e-01	   6.5064973113557190e-01	   6.3803155740794126e-01	   4.7071715209485804e-01	   5.2419759643858099e-01	   6.7360719406561809e-01	   6.0294409867807763e-01	   6.6717130957888049e-01	   7.8863128460240883e-01	   8.0248217475434314e-01	   8.2222025589283176e-01	   2.2253075588236482e-01	   3.6198834688094228e-01	   3.6046423897324736e-01	   3.3404345824852943e-01	   5.0710823687780415e-01	   4.2206736171348136e-01	   3.6399508252102902e-01	   5.1841494247353537e-01	   5.7761203400246242e-01	   5.7709385148183223e-01	   6.4089417352096389e-01	   5.8240061548284339e-01	   6.7696735515862516e-01	   7.3934815087626193e-01	   7.0144071727744739e-01	   6.0497549500940295e-01	   4.4409013618630871e-01	   4.9678571456306914e-01	   6.7946751591357413e-01	   8.0492867412459113e-01	   4.9027937080312123e-01	   4.9520444502430316e-01	   4.3360034776109924e-01	   4.4120816276041169e-01	  -6.9904288867139217e-02	  -7.6392500624028081e-02	   2.3707021390012206e-01	   5.1826981995690835e-01	   5.9075498656794379e-01	   7.3521744537703992e-01	   4.4098187293204105e-01	   5.7116731330044723e-01	   2.9680802617932756e-01	   4.8493571654507045e-01	   4.1502335476544749e-01	   2.0257817684031054e-01	   1.7357049229695490e-01	   3.0216974507677785e-01	  -1.4790779641736845e-01	   1.6038736001845624e-01	   3.9203567994862865e-01	   3.5334408681078378e-01	   2.8995484196220428e-01	   3.7837063675588994e-01	   2.7002212302533912e-01	  -1.1023676037625392e-02	
   7.8093081275665621e-01	   8.7785221715556094e-01	   8.9947759704501995e-01	   0.0000000000000000e+00	   6.9599750324798637e-01	   6.9053693980128095e-01	   8.8755690887314520e-01	   9.6238549035780374e-01	   7.6238500199944870e-01	   7.6530188154694911e-01	   7.0232209162759007e-01	   7.4642450475161182e-01	   7.3589066893643063e-01	   7.7125351661325015e-01	   6.7983920271238163e-01	   8.0413549150862274e-01	   4.1709702202688970e-01	   5.7409264467269128e-01	   8.7050754598358704e-01	   8.8164990453740799e-01	   2.5035931011251561e-01	   2.7206636309733451e-01	   8.2236354769546183e-01	   8.8899295508522758e-01	   6.3777948724905009e-01	   6.3192896810874932e-01	   6.8772679104538770e-01	   6.0563906499830900e-01	   5.0343553347247849e-01	   5.4795075568650031e-01	   6.4213852839123464e-01	   6.6838533610227557e-01	   8.1962175336483178e-01	   8.8021976924622247e-01	   4.2166881450009575e-01	   7.1596698524400182e-01	   1.9190995605879152e-01	   3.7962925195205605e-01	   2.8204776912592339e-01	   4.7897107585487464e-01	   4.9532961156829824e-01	   6.5517623771848132e-01	   5.7685455280381648e-01	   6.1096272172398081e-01	   6.6133325821305222e-01	   6.9690228986023472e-01	   4.7191416589855417e-01	   6.3172627392100655e-01	   5.5607430188625018e-01	   6.9648732773783795e-01	   7.6450150454939103e-01	   6.3889778680647469e-01	   6.0792083240487282e-01	   4.6041161776504425e-01	   3.6481723629127072e-01	   6.1230271390332380e-01	   6.7161096363847217e-01	   8.1381920084350834e-01	   8.0732833768925616e-01	   8.6311996508340239e-01	   7.6860558863095085e-01	   8.1198617124182426e-01	   5.6336858249118937e-01	   6.5092838363724970e-01	   7.5605530786273856e-01	   7.8288954289456170e-01	   5.7385327917208151e-01	   7.7124320983554218e-01	   7.5195543975678936e-01	   7.3823127232219876e-01	   2.4765025195747470e-01	   4.2183801443931435e-01	   5.1115926506856535e-01	   5.3061583066239559e-01	   6.3087028614025553e-01	   6.0758292306614248e-01	   4.7911454968562983e-01	   6.4886386807280838e-01	   6.9347502059855848e-01	   6.9719170001352504e-01	   7.3862643660072080e-01	   7.0700975293661572e-01	   6.8649733012940850e-01	   7.8132738128876578e-01	   7.7540501991432964e-01	   7.1950606756336266e-01	   4.6539973982821092e-01	   5.3612671250691202e-01	   7.1422128098223370e-01	   8.2547481103693521e-01	   2.9899187315979409e-01	   2.9275985862354320e-01	   3.1731795889043068e-01	   2.3943014986443928e-01	  -1.2515986207984893e-02	   1.9328807016380907e-02	   2.1278125374540677e-01	   5.0777864459035715e-01	   5.4230435938624344e-01	   6.3246676223641962e-01	   4.4802652308348934e-01	   4.7875056482604061e-01	   3.0577542666861501e-01	   4.7592009379146427e-01	   4.1398414908869507e-01	   1.4249866533809818e-01	   3.3271961752641033e-01	   3.6436667415982582e-01	  -6.6477276259094872e-02	   4.1989530786543550e-02	   2.6831995414425075e-01	   2.4779632582113159e-01	   1.9509381691372596e-01	   4.1952053951553203e-01	   3.1316605688670374e-01	   1.2873676980013732e-01	
   5.2047548803330812e-01	   5.7837108780892255e-01	   8.3178245016970009e-01	   6.9599750324798637e-01	   0.0000000000000000e+00	   7.8782416158069135e-01	   7.5172554635474675e-01	   6.4298797493790127e-01	   8.2068332620377804e-01	   7.2251960821737127e-01	   4.6453560316536247e-01	   4.2539314291863933e-01	   4.5765835584655312e-01	   4.6820491153763921e-01	   5.4224293940354140e-01	   6.1508932805269145e-01	   3.1446617127888155e-01	   3.4184896325494218e-01	   6.8717597137727249e-01	   6.2997478501200699e-01	   4.2201123462052986e-01	   4.1797417258021174e-01	   7.9153482649991003e-01	   7.2197848370632522e-01	   7.2669611505895804e-01	   6.7710758769886648e-01	   7.0318367456847575e-01	   6.4768999774239910e-01	   3.2645598701784517e-01	   3.1691702348135670e-01	   5.6092814016952619e-01	   4.9346774734023363e-01	   4.8578881006839081e-01	   5.7638082382369160e-01	   3.2630116098416156e-01	   5.6237298701849370e-01	   3.3369862274700131e-02	   2.8067961144808101e-01	   1.3227173110152213e-01	   4.1991937680082037e-01	   4.5166273437461291e-01	   4.8568206206575543e-01	   3.8444933621672073e-01	   4.3564692096233848e-01	   5.4260856468154228e-01	   5.0052335177027818e-01	   2.3140711876563372e-01	   4.9449810148249529e-01	   6.5316480444426639e-01	   6.6549832526112529e-01	   7.4498630027599555e-01	   5.7442611357883777e-01	   5.1928601617863890e-01	   4.4462034792161897e-01	   1.7728520103965206e-01	   5.2256636821750180e-01	   3.7104317109911750e-01	   4.9232220725707909e-01	   6.0117766146729834e-01	   6.2270255002580610e-01	   4.3824244465230100e-01	   4.7012048369691017e-01	   3.4844410614337423e-01	   3.5464775626735601e-01	   5.7169497664418856e-01	   4.4968816814961166e-01	   4.8299969952320160e-01	   6.3252783964572745e-01	   5.8954414137756062e-01	   6.8421758277433087e-01	   4.2453365026026868e-01	   4.7875876936222539e-01	   3.2467012837476189e-01	   2.9637741736298207e-01	   4.6264839825141335e-01	   3.4045851998532223e-01	   1.6319024374408975e-01	   3.9735057215661229e-01	   4.4316223507127472e-01	   4.2386583491546287e-01	   5.4128645268072773e-01	   4.3802225671005834e-01	   5.9362788218123053e-01	   6.5522790391463759e-01	   6.4698390385796600e-01	   4.7557112261216988e-01	   4.5289484053687401e-01	   5.0669152650810623e-01	   5.8550036425743213e-01	   6.4458552868675523e-01	   4.0024092171429149e-01	   4.1698481841825480e-01	   3.2358105445457491e-01	   3.9138206714099372e-01	  -1.3266647757049929e-01	  -7.7806157492455869e-02	   6.5902469161478641e-02	   5.1230623135230702e-01	   3.9571730757465023e-01	   6.1415494902829215e-01	   2.7636056484360239e-01	   4.5560305945008267e-01	   1.0715226898340406e-01	   3.0913035104249209e-01	   2.2231284981358809e-01	   1.6143967660176609e-01	  -1.8643580409380921e-02	   3.1104984209307374e-01	  -1.7581087426707931e-01	   2.0627043179069821e-01	   4.0021703463213554e-01	   3.0920284601394582e-01	   1.9503195777759799e-01	   1.4267841399016279e-01	   1.6011288334925111e-01	  -1.5340977509488773e-02	
   4.6181855981477921e-01	   5.4893228401272398e-01	   6.8549685708849428e-01	   6.9053693980128095e-01	   7.8782416158069135e-01	   0.0000000000000000e+00	   6.1168296969930303e-01	   6.6851640244947108e-01	   7.1258360242410268e-01	   8.5059818781358054e-01	   4.0362193948798153e-01	   5.3694034794843903e-01	   4.0248779935953966e-01	   6.0900805184511986e-01	   5.0259569545903582e-01	   7.0832971282982160e-01	   2.2771081529081166e-01	   2.3008551686589396e-01	   5.5801261957212056e-01	   5.5975426328298661e-01	   4.4051753861966059e-01	   5.0243214085457255e-01	   6.8858967697474449e-01	   7.3454486264176377e-01	   6.8009492210156264e-01	   6.9349395475814335e-01	   7.9369688199955590e-01	   8.1435166223957911e-01	   1.6943982830236162e-01	   2.5636558329356129e-01	   4.7088372723061322e-01	   4.5857911818925834e-01	   3.6608458616922113e-01	   4.6535699639868555e-01	   1.6043816797011998e-01	   4.0997414181457548e-01	  -8.8448380305377994e-02	   2.7172955300320234e-01	   1.9412101510035140e-03	   3.0876125023535883e-01	   3.8425095448759017e-01	   4.0970223852000159e-01	   3.6255713034738923e-01	   3.6823302483543574e-01	   4.6658521812668258e-01	   4.0269909543737603e-01	   2.0275802960233372e-01	   4.0033232749444869e-01	   5.8052301588379995e-01	   5.6306827670009751e-01	   7.2699789459591146e-01	   4.9465484502986345e-01	   5.6201710196205301e-01	   4.6641663039482828e-01	   1.9823022038019439e-01	   4.8259192656174377e-01	   3.4943063874580416e-01	   4.5441166928843157e-01	   5.5582438453050109e-01	   5.5651946202057778e-01	   4.4258194333352574e-01	   5.2366689813269274e-01	   3.3794889317700255e-01	   3.1007043332432244e-01	   5.8513897098316248e-01	   5.4303015638343100e-01	   3.1294434708343744e-01	   4.7453778564869908e-01	   4.5290084460973123e-01	   4.9202905987656431e-01	   3.4934899517770446e-01	   4.5341167951258377e-01	   2.3799776556911090e-01	   3.1017275194445160e-01	   3.6569139629028469e-01	   3.5113209435247233e-01	   4.6574836406684611e-02	   2.7045308420757208e-01	   3.4582541752708473e-01	   3.2478334476022402e-01	   4.2920736111396585e-01	   3.4817685081209926e-01	   4.7562938908355856e-01	   6.1528743821523546e-01	   6.1989432121960752e-01	   5.0295036672216298e-01	   3.9855585572864283e-01	   5.6303280793416421e-01	   6.6559109093887769e-01	   7.2767489412353581e-01	   2.6262891598160287e-01	   2.7887618046047841e-01	   3.0434969034582798e-01	   2.7556603299946858e-01	  -2.4516723993675288e-01	  -2.4679483666765767e-01	   1.4695362868805790e-04	   3.3827359035571952e-01	   3.1537599046704656e-01	   4.4339303560466864e-01	   2.6696585932900874e-01	   3.3048836248845653e-01	   6.0550309874352073e-02	   2.8641004099388717e-01	   1.6273986646198688e-01	   1.5594975409088058e-01	   1.5055143250245517e-01	   3.2180342444922888e-01	  -2.6898660807033992e-01	   1.4475375292676423e-02	   1.7705522273979388e-01	   1.9747863515019165e-01	   1.7647801730607360e-01	   1.0169638067069413e-01	   1.2011371070977717e-02	  -1.3386807433772879e-01	
   7.7019808670409307e-01	   7.5435129685084290e-01	   9.5384952103811704e-01	   8.8755690887314520e-01	   7.5172554635474675e-01	   6.1168296969930303e-01	   0.0000000000000000e+00	   8.6728769436312336e-01	   8.0524245256013671e-01	   7.3663201349276197e-01	   6.0912277969952688e-01	   5.5554608900358349e-01	   7.9450184889195619e-01	   6.6916199515156316e-01	   6.2442848835997400e-01	   6.8438026114129602e-01	   2.3591821082957479e-01	   4.4258078860718236e-01	   8.3902727557641688e-01	   7.7303243789041320e-01	   1.1034386797054022e-01	   1.1208261372711932e-01	   7.9069381494877078e-01	   8.2020664770802365e-01	   5.1011629656009194e-01	   4.7736857634962915e-01	   5.9990000904275642e-01	   5.2332409276721115e-01	   3.7211400710842019e-01	   3.4985686609732619e-01	   4.8482882596257509e-01	   4.9162801491041741e-01	   7.6322091571979200e-01	   7.9273880060574142e-01	   5.3301402614575843e-01	   7.1602477344146975e-01	   3.2677144720294848e-01	   3.0487801486957899e-01	   3.9503034330106557e-01	   4.0906712320756222e-01	   3.8998872057813494e-01	   5.6286263443485729e-01	   5.6789433902673236e-01	   5.7914844994847914e-01	   6.6618049122700995e-01	   6.8091098839638697e-01	   5.1807134690879741e-01	   6.1220212871570867e-01	   6.8294043331254506e-01	   7.7124153830813991e-01	   7.5454857189658964e-01	   7.2982635841896604e-01	   6.1929576968521793e-01	   5.7456819268129056e-01	   4.5917349424549470e-01	   5.8994997770356006e-01	   5.9500523632484770e-01	   6.5499321736778970e-01	   8.2720006476688535e-01	   8.2053080226774178e-01	   6.6407738786120407e-01	   6.8241069765939211e-01	   4.2349986826552882e-01	   5.5198600175027779e-01	   6.8200336266516115e-01	   6.2327349392064713e-01	   7.0813591211866689e-01	   8.0760009352145690e-01	   8.0765790086461753e-01	   8.0833547501868264e-01	   1.3882839496290106e-01	   3.0910106290113315e-01	   3.6271247582477761e-01	   3.1933157813280610e-01	   4.6993353815071870e-01	   4.2171518295151061e-01	   4.3883975084439736e-01	   5.4857816056089037e-01	   5.6917187958656457e-01	   5.6427907969214042e-01	   5.9108729172191499e-01	   5.8286817815728353e-01	   6.2360148053142739e-01	   6.9103081531587651e-01	   6.5240557273370825e-01	   6.1525235060977723e-01	   4.0160603480086399e-01	   4.3230897725722878e-01	   6.7975370809043256e-01	   8.1987627461432366e-01	   5.0542913985227877e-01	   4.9992879539682311e-01	   4.7101535739782929e-01	   4.4768844755681314e-01	  -6.2169050469464641e-03	  -7.1956532500636716e-02	   3.1221436031275707e-01	   4.7997129429859509e-01	   6.4554583824911593e-01	   7.6153442924307369e-01	   5.6813984470509094e-01	   6.2148401986399371e-01	   4.1244102598668653e-01	   5.5949811776721181e-01	   5.0619270137467809e-01	   2.3761548046823125e-01	   2.6845208650602759e-01	   2.9063189288978436e-01	  -9.7699011776131481e-02	   1.2838800459437189e-01	   3.3495967302972351e-01	   3.6351856875549593e-01	   3.5344531514470690e-01	   5.0646786103658781e-01	   3.6689979853132104e-01	   2.6725891425196911e-02	
   7.6272876389368882e-01	   8.5110083909357837e-01	   8.4055403612461410e-01	   9.6238549035780374e-01	   6.4298797493790127e-01	   6.6851640244947108e-01	   8.6728769436312336e-01	   0.0000000000000000e+00	   7.3718569639217524e-01	   8.1194947356964364e-01	   7.2045865266572329e-01	   7.8330804101920415e-01	   7.7145825910171295e-01	   8.1428568620008723e-01	   7.0058395843914356e-01	   8.3681218963646953e-01	   4.2290998655189171e-01	   5.5335278927994735e-01	   8.1248706040862650e-01	   8.2789577018257143e-01	   2.3608753684957007e-01	   2.4806303409130501e-01	   7.8662702314173250e-01	   8.5360640343118432e-01	   5.9214068835487921e-01	   5.8921492086444949e-01	   6.2429288170863939e-01	   5.4563064177560006e-01	   5.3323063721475317e-01	   5.6590362218057111e-01	   6.3607486539680225e-01	   6.8497660070404442e-01	   8.1592478716088401e-01	   8.7785522818759865e-01	   3.7289280659166357e-01	   6.7603048763016949e-01	   1.7044788496414071e-01	   3.9060500234688311e-01	   2.4782672293860888e-01	   4.6388433603775658e-01	   4.6598328249357646e-01	   6.1898264733530961e-01	   5.4642903360834894e-01	   5.9923192867644626e-01	   6.7101070441532173e-01	   7.1527094270917047e-01	   4.6622641510061286e-01	   6.0696042305270126e-01	   5.4369770881635837e-01	   6.9348978730763933e-01	   7.3702920833332142e-01	   6.3306950841991583e-01	   6.0741579093968801e-01	   4.6000884335223591e-01	   3.7379429539240794e-01	   6.0770529705376441e-01	   6.7035053769694808e-01	   7.8470682305514183e-01	   7.8922975289815911e-01	   8.5688504284892475e-01	   7.7963346205789030e-01	   8.8349324705027144e-01	   5.8661188646111229e-01	   6.8478358566746445e-01	   7.5495122203054488e-01	   8.3003695320681192e-01	   5.4089411289570144e-01	   7.4770716600219922e-01	   6.9254697133829146e-01	   6.8054934173473458e-01	   2.4745508540621391e-01	   4.2608066755370533e-01	   5.3923429170913106e-01	   5.4413444873105965e-01	   6.0729027480508302e-01	   6.1234812356098622e-01	   4.8075467445663977e-01	   6.4925302397294060e-01	   6.6152131694330740e-01	   6.5364730792517611e-01	   7.2597256500604546e-01	   6.9462084025617754e-01	   6.5795058483371505e-01	   7.4894949632825913e-01	   7.6266536366407145e-01	   7.1864403880232886e-01	   4.2566481765674924e-01	   4.6912913712116644e-01	   7.0401630908457147e-01	   8.2054729299557916e-01	   2.4355542811960634e-01	   2.3192996844834754e-01	   2.8585607495432891e-01	   1.9442315935527377e-01	  -3.9618881018528160e-02	  -1.8507904960951123e-02	   1.9041247823690510e-01	   4.8390994567806039e-01	   5.2579860795201694e-01	   5.9455686927609830e-01	   4.7135799763687969e-01	   4.5795974613365720e-01	   3.3635471714133114e-01	   4.8102053649892185e-01	   4.1869799063548141e-01	   1.4635838692909814e-01	   3.8539583078182238e-01	   3.7253815746199836e-01	  -3.0166368597268886e-02	   1.5600077671229057e-02	   2.0304449889749629e-01	   2.0156663092900079e-01	   1.7525844110038463e-01	   4.3069743947428463e-01	   3.3037863984640103e-01	   1.4134857872038484e-01	
   7.0501058659531224e-01	   6.7653723839763802e-01	   8.2370536749902779e-01	   7.6238500199944870e-01	   8.2068332620377804e-01	   7.1258360242410268e-01	   8.0524245256013671e-01	   7.3718569639217524e-01	   0.0000000000000000e+00	   7.4456619488714171e-01	   6.2339825928757087e-01	   5.8187127715911480e-01	   6.7984876068091848e-01	   6.8544603779668778e-01	   7.8394512612232070e-01	   6.9484410711908473e-01	   3.0786587460668324e-01	   4.0637109851923392e-01	   7.6756632686262605e-01	   6.9257941182775484e-01	   2.7172908480230146e-01	   2.8677587782946640e-01	   7.7379293206010180e-01	   7.9125821725362488e-01	   6.0126328958054431e-01	   5.7446020740157056e-01	   6.8729948537099861e-01	   6.3677537307654364e-01	   4.5161877987456361e-01	   3.8662269135457561e-01	   5.3643539381881955e-01	   5.2262104342621574e-01	   6.4137811490871854e-01	   6.6292299499489449e-01	   4.7569110966483885e-01	   6.1026955452778853e-01	   2.9382224240343735e-01	   3.3068353455318333e-01	   3.6529181857516441e-01	   3.9216085330220951e-01	   4.7258036229439870e-01	   5.3832723757689283e-01	   5.3754589081645010e-01	   5.5999027763483666e-01	   5.8531616138610565e-01	   5.6559663402752036e-01	   4.1222163831140879e-01	   5.5978874880092244e-01	   5.5677165348786750e-01	   7.0408292989979215e-01	   7.0095143526187387e-01	   7.0458532699503262e-01	   5.6520055283141335e-01	   5.8535344116553145e-01	   3.6607552664752924e-01	   5.8088880338779481e-01	   5.6483641664021023e-01	   6.1149391687731536e-01	   6.9742550421563898e-01	   6.7483559074361144e-01	   5.6479998889047367e-01	   6.4048721931405561e-01	   4.3871556103007986e-01	   4.8647676217188596e-01	   6.6785228293611987e-01	   6.5496159636607121e-01	   4.5980605354888587e-01	   5.9165322035135803e-01	   6.8852893158119599e-01	   6.4738840177752088e-01	   3.3091240107592951e-01	   4.8651586520982631e-01	   4.6261167044134466e-01	   4.1297434890818485e-01	   5.3528674403368426e-01	   4.7658093679904434e-01	   4.6146309581888301e-01	   5.4902216112038227e-01	   5.6279636147942580e-01	   5.5526372959951031e-01	   5.5231547881040721e-01	   5.5101538569248487e-01	   6.0050223101382216e-01	   6.3044906362992192e-01	   7.0986271414809610e-01	   6.9288353441961625e-01	   4.0623804641533767e-01	   4.7477973158132364e-01	   5.9749619761067541e-01	   7.3154984068739459e-01	   2.5143219890551782e-01	   3.0226729503039729e-01	   2.5215406484724123e-01	   2.5227470931882273e-01	  -1.2480426579347351e-01	  -1.3147043072488315e-01	   1.8458045298577075e-01	   4.2280124084012538e-01	   4.3134421291573632e-01	   5.8879321975519150e-01	   3.3808595966788879e-01	   4.1440651715601351e-01	   1.8349791421590639e-01	   3.5031756225148669e-01	   2.8082485769005988e-01	   1.3549004710779977e-01	   1.7205749620736754e-01	   2.7127496451092947e-01	  -1.9436563530765838e-01	   1.9897773280990246e-02	   2.8811009440455659e-01	   2.3430714637000505e-01	   1.8478331682451654e-01	   2.9437576988445574e-01	   2.5345307147995960e-01	   8.7648772466905694e-02	
   5.9847044271974914e-01	   6.1558821270123076e-01	   7.0769080334480505e-01	   7.6530188154694911e-01	   7.2251960821737127e-01	   8.5059818781358054e-01	   7.3663201349276197e-01	   8.1194947356964364e-01	   7.4456619488714171e-01	   0.0000000000000000e+00	   5.0552648646886245e-01	   5.9631861793048058e-01	   6.2811253006016143e-01	   7.0366591557003733e-01	   5.9916539226515142e-01	   7.9247958069655278e-01	   2.1644839827951018e-01	   3.9854701306026874e-01	   6.1525702518604652e-01	   6.0907165345992653e-01	   2.6383917657945333e-01	   3.0679657086379386e-01	   6.7130801170482624e-01	   7.1482975049971142e-01	   5.6497558049805474e-01	   5.8974203946975090e-01	   6.0568645526885700e-01	   6.0399196524060872e-01	   3.1451708383766225e-01	   3.6687182811282398e-01	   4.9667262294274483e-01	   5.2574350714989493e-01	   5.5232692792246219e-01	   6.3629586343069033e-01	   2.9678870253632605e-01	   5.4117054131727471e-01	   1.4662989536851395e-01	   2.7492502692098397e-01	   1.8131469215319601e-01	   3.2235502796638527e-01	   3.9569880928601286e-01	   4.7314619604533525e-01	   4.4718860004112126e-01	   4.7748768387455215e-01	   6.5009156470527218e-01	   6.2835549633749943e-01	   3.4806916237023899e-01	   4.8546896038685361e-01	   5.7704382900938889e-01	   6.3097952591759032e-01	   7.0051081995458930e-01	   5.4271362414759949e-01	   5.6095961907044134e-01	   4.6840141887040093e-01	   2.9155069342855500e-01	   4.9282919345963111e-01	   4.9589259072269293e-01	   5.3914501801650649e-01	   5.9800110454586652e-01	   6.4487747119160188e-01	   5.3781204676925842e-01	   6.8105281940200446e-01	   4.0694497396347235e-01	   4.7573134825011643e-01	   6.7768992320043475e-01	   6.4502590309108787e-01	   4.3073812527819827e-01	   6.1384801009907508e-01	   5.5700052183651350e-01	   5.7317919735294098e-01	   2.9639914304122539e-01	   4.5317357315217688e-01	   3.6842610776306056e-01	   3.9401078824210389e-01	   4.3022283174973464e-01	   4.2783908446988661e-01	   2.9999843578375562e-01	   4.7530216635937783e-01	   4.8661106820185274e-01	   4.6479713869001094e-01	   5.1956985633076924e-01	   5.1173399031498557e-01	   4.6490056106458433e-01	   6.3848049612713820e-01	   6.4581443612998335e-01	   5.7279397189053705e-01	   3.8255579228789560e-01	   4.4451073193262880e-01	   6.4736138644318830e-01	   7.5247639770021557e-01	   2.7789446182627442e-01	   2.9084978124207533e-01	   3.3061168327653523e-01	   2.7356821470215525e-01	  -2.0194907912677301e-01	  -1.6593186356893780e-01	   1.0452587732685591e-01	   3.6911215514904311e-01	   4.7440689131366509e-01	   5.4935594158888612e-01	   4.8039956508093334e-01	   4.4126495819278783e-01	   2.6167441162217153e-01	   4.3814587148819212e-01	   3.2666567749671016e-01	   1.9144610084523123e-01	   3.3336185554318620e-01	   3.4506518188651891e-01	  -1.7625073425236365e-01	  -2.9194920111033536e-03	   1.5785162943855438e-01	   2.4846834181713606e-01	   2.4211709016946503e-01	   3.2040443239235228e-01	   1.8386791501318253e-01	  -3.5611488265077498e-02	
   8.2736730821107041e-01	   7.8932382432499137e-01	   6.1137931447162963e-01	   7.0232209162759007e-01	   4.6453560316536247e-01	   4.0362193948798153e-01	   6.0912277969952688e-01	   7.2045865266572329e-01	   6.2339825928757087e-01	   5.0552648646886245e-01	   0.0000000000000000e+00	   8.4451002845879564e-01	   7.8023365804500788e-01	   8.1468215983133341e-01	   7.1804630733657604e-01	   6.8565486255705432e-01	   5.7142654507289847e-01	   6.1352486589281952e-01	   6.4954328268802652e-01	   6.4407067855439126e-01	   3.8660430532231754e-01	   3.4820847804050381e-01	   6.0909876962594467e-01	   6.6576374830708074e-01	   4.7870842750283082e-01	   4.3128039607351731e-01	   4.7219156450050315e-01	   3.9837775403453823e-01	   6.2699213727013647e-01	   5.7222483624159204e-01	   6.0153294475581842e-01	   6.4628841177703999e-01	   7.1321412975159904e-01	   7.2445639585572652e-01	   2.0453198996300198e-01	   5.1810298190856696e-01	   2.3330723714961688e-01	   4.7434996782042410e-01	   3.7542686145673188e-01	   4.7924169497433511e-01	   4.2744201796791337e-01	   4.9400961141235966e-01	   5.4287547015958826e-01	   5.7703009496170643e-01	   5.9525266889169592e-01	   6.1790097347186257e-01	   4.4186829067893685e-01	   6.0646587854195533e-01	   4.9501387083090087e-01	   6.9695678073357659e-01	   6.6906471493586961e-01	   7.0611246693198915e-01	   5.7768876970150362e-01	   3.7549662699959840e-01	   3.7937480778405169e-01	   7.1382239011434057e-01	   8.2272519658775711e-01	   7.6829397275161537e-01	   6.6265241194217983e-01	   7.0219530212743031e-01	   7.1404101692314725e-01	   7.7400467281113605e-01	   7.2856390202867449e-01	   7.2124010934780802e-01	   4.6612733339649337e-01	   7.6498344149308706e-01	   2.9845988619602370e-01	   4.7209157706026061e-01	   5.1922171066400691e-01	   3.9304061852964833e-01	   5.1419401956261068e-01	   6.2168478956365281e-01	   6.5283897402697622e-01	   5.9779106341685306e-01	   6.8541687720490463e-01	   6.2792289896209641e-01	   4.8761383661616592e-01	   7.2068784467658986e-01	   6.1250151138415421e-01	   6.1907568939203483e-01	   6.3164838403695711e-01	   6.4446988573655584e-01	   4.5087575555154147e-01	   5.8290739061883001e-01	   5.6280381330062590e-01	   6.9278372493732410e-01	   2.2446535377845056e-01	   4.3635876291946529e-01	   4.0344035029643821e-01	   6.3596724084648559e-01	   2.4946139963692451e-02	   3.2191763028578173e-02	   6.0411758142056779e-02	  -4.1008942782246545e-02	   8.2120326655007823e-03	   1.3819023876099595e-01	   1.7213858561006942e-01	   6.1435321946323174e-01	   3.4458314641843957e-01	   5.0302846769567378e-01	   2.3380657808151034e-01	   2.9596421250300864e-01	   1.7657550557515098e-01	   3.4939736623819118e-01	   3.1774609440742202e-01	   4.5827150947103809e-02	   3.0098442910474699e-01	   3.0328165526912254e-01	   1.4484202264624363e-01	   6.8862509429886282e-02	   1.8936379147529331e-01	   1.7991733232148185e-01	   7.9846939099340361e-02	   3.2633270331595887e-01	   3.6632055779949396e-01	   2.6020291234572546e-01	
   7.2070960362777359e-01	   8.5319484586363603e-01	   5.7609501505915306e-01	   7.4642450475161182e-01	   4.2539314291863933e-01	   5.3694034794843903e-01	   5.5554608900358349e-01	   7.8330804101920415e-01	   5.8187127715911480e-01	   5.9631861793048058e-01	   8.4451002845879564e-01	   0.0000000000000000e+00	   6.5929074839295954e-01	   8.7875158663669217e-01	   7.1733411711277539e-01	   8.4749422972821520e-01	   6.2349488975534106e-01	   7.0334028974597906e-01	   6.7206758680835132e-01	   7.3324152318022007e-01	   4.8834409469483525e-01	   4.7959135657480922e-01	   6.4352998454630317e-01	   6.8767817609108073e-01	   6.0560206530012184e-01	   5.8962358030228346e-01	   5.8386864847508424e-01	   5.3386522881881893e-01	   6.8569222875646774e-01	   7.2129113252414756e-01	   7.2341223253692866e-01	   7.6059793628906980e-01	   7.0364510519386370e-01	   7.0954952694200857e-01	   1.1828948544567552e-01	   4.1976940438364219e-01	   1.0307102697468284e-01	   5.5988928146961869e-01	   2.0379317661412100e-01	   5.1348899763009803e-01	   4.8753534534564280e-01	   5.5883734947707597e-01	   5.6314191304691452e-01	   5.6385851978059132e-01	   5.6241079685350537e-01	   5.7803853269695737e-01	   4.5243074854062515e-01	   5.5887237520469268e-01	   3.7726277436743128e-01	   5.8535378649313852e-01	   6.5318955372963727e-01	   5.8331221080010043e-01	   5.8345347722854024e-01	   3.3376245675570393e-01	   3.5760416490095304e-01	   6.8142693607596527e-01	   7.1720654017221941e-01	   8.4994565742535377e-01	   6.3284376434889522e-01	   6.5891762115036800e-01	   7.7422534226310613e-01	   8.3923403256931173e-01	   7.4579555373399464e-01	   7.7198196242892525e-01	   5.7930951337821190e-01	   7.9104949904249677e-01	   1.6903808560501771e-01	   3.7868924327921821e-01	   4.6315945037486872e-01	   3.2881223949262461e-01	   5.2081208215907759e-01	   6.3441764304915060e-01	   7.4081706360554356e-01	   7.7380448103626076e-01	   7.6083802715104254e-01	   7.8930697371019143e-01	   5.1792138023147660e-01	   7.3380142507514634e-01	   6.9811161017343848e-01	   6.7929693490390730e-01	   7.2666298831817389e-01	   7.4774692616084626e-01	   5.2232615062919319e-01	   6.4454276152932166e-01	   7.0986327755285916e-01	   7.2881833196050416e-01	   3.1886683588460368e-01	   5.0624363607845324e-01	   5.4097214165652430e-01	   6.4429014138832152e-01	  -6.3411189631545822e-02	  -6.9595895207652872e-02	   2.5894629791720795e-02	  -1.5128860672261626e-01	   3.2676507246671281e-02	   1.3415203907315332e-01	   8.6201369585195781e-02	   5.0852624858894946e-01	   3.2788794550007938e-01	   3.9794049607079685e-01	   2.3439300849940520e-01	   1.4176713333589402e-01	   1.6603875949046074e-01	   3.1160363739846814e-01	   3.0236360176523003e-01	   3.3192027553243124e-02	   4.0521746662138247e-01	   4.0256200364458727e-01	   1.1343582690010082e-01	  -3.9147175347658263e-02	   5.0505045431158281e-02	   1.0656355086648336e-01	   4.7457390154548376e-02	   3.5673099942795450e-01	   3.4496548057351351e-01	   2.9749848861979306e-01	
   8.5329507642505642e-01	   6.9531414055709084e-01	   7.0392260075095447e-01	   7.3589066893643063e-01	   4.5765835584655312e-01	   4.0248779935953966e-01	   7.9450184889195619e-01	   7.7145825910171295e-01	   6.7984876068091848e-01	   6.2811253006016143e-01	   7.8023365804500788e-01	   6.5929074839295954e-01	   0.0000000000000000e+00	   7.9653051276063014e-01	   6.8805561216755184e-01	   6.3609576316449801e-01	   1.7044273151318987e-01	   4.9296684929259260e-01	   6.7120989590753577e-01	   6.1917269552192078e-01	  -1.6184834252574490e-03	   2.5007703808747762e-02	   5.3764688094668167e-01	   6.3521986991243085e-01	   2.8192121081733185e-01	   2.3896612941715745e-01	   3.5777319917501232e-01	   2.9785530334285748e-01	   4.1023853188552128e-01	   3.5382456688474173e-01	   3.7030979090804261e-01	   4.3637556794452803e-01	   7.2725758281895347e-01	   7.0309336470206574e-01	   4.0679041697556778e-01	   5.5377388576233844e-01	   4.0670842080686731e-01	   3.0769594695086910e-01	   4.6536335657029060e-01	   2.8247147368958314e-01	   2.8851053422660583e-01	   3.8951871837671165e-01	   5.6494218658750106e-01	   5.8803227981508910e-01	   6.2143753662813817e-01	   6.5792746668109536e-01	   5.6979561983602089e-01	   5.6463115632199012e-01	   5.7446667443872923e-01	   7.0919125970917440e-01	   6.1733120908937777e-01	   7.2311131895179470e-01	   5.3412768017181278e-01	   4.9654450274627449e-01	   5.0133650986895761e-01	   5.3742934835466538e-01	   7.6955335175186135e-01	   6.2881527996853281e-01	   7.5801035875480727e-01	   7.5089372236732088e-01	   6.7980219113593721e-01	   7.2442565234393697e-01	   5.0078565628739768e-01	   6.3731112311458227e-01	   4.8590252513297294e-01	   6.5474228740025675e-01	   5.6822191551682621e-01	   6.2587507557463351e-01	   6.9235025467504085e-01	   5.7673847615762808e-01	   1.6328338810441001e-01	   3.0719740459519429e-01	   4.0799920996250916e-01	   3.4924992180681941e-01	   4.2629914504404159e-01	   4.2738628527090822e-01	   5.3030307537694998e-01	   5.8238863017789777e-01	   5.2607886678258708e-01	   5.5840938963535880e-01	   4.8198797682266603e-01	   5.7739333193706432e-01	   3.7169776997990972e-01	   4.9630565359956486e-01	   4.8277083461747794e-01	   6.5012017149161827e-01	   1.6314454615579405e-01	   2.4798058540045886e-01	   4.6569999792037742e-01	   7.3749226740758855e-01	   3.1184438856897367e-01	   3.0954846431208649e-01	   3.0779234873940936e-01	   2.4130546457520402e-01	  -3.6553318510443397e-02	  -2.9968635634943432e-02	   3.3077702703952405e-01	   3.8752256599944085e-01	   5.9454049491522265e-01	   6.1602732410116245e-01	   5.6144212109821356e-01	   5.0386234032561095e-01	   4.9573585313823354e-01	   5.4459840235748735e-01	   4.8671437551237884e-01	   1.7834555122508772e-01	   4.0864477287519563e-01	   2.2342221975084409e-01	  -3.7158078205826693e-02	  -3.4918350870149183e-02	   1.6341743012361093e-01	   3.0289573580891804e-01	   3.3290068496653907e-01	   5.1412378794979330e-01	   3.6351942672907717e-01	   8.7435509220620350e-02	
