   0.0000000000000000e+00	   9.9221758955799444e-01	   9.7026428118683339e-01	   9.8251719928998349e-01	  -4.2947034755011701e-02	   7.4535106893665205e-03	   8.9603324422817798e-01	   8.9706776844737912e-01	  -8.4896553680223724e-02	  -7.9133832395115983e-02	  -2.3546388473904853e-01	  -8.9890598890736056e-02	  -3.3897334491639530e-01	  -3.6301816066625459e-01	  -3.6941865395516200e-02	  -4.5425654102807120e-02	  -1.5944929346420453e-01	  -1.8766627717141640e-01	   9.8288100703519876e-01	   9.7814340216878182e-01	  -8.1244620962083736e-02	  -7.8359490572530846e-02	   7.3593287146421227e-01	   8.0643912442759302e-01	  -9.7164601139375167e-02	  -8.9553874877001935e-02	   6.7948181160094254e-02	   7.2439674050366845e-02	  -2.5351269332465654e-01	  -2.4520349283400061e-01	  -3.4652542115375590e-01	  -3.5281372978899811e-01	   8.3731328910017999e-01	   8.0742669352903673e-01	  -4.8013307284699730e-01	  -3.5059478372273334e-01	  -3.6260939822540063e-02	  -4.5881402917500778e-02	   2.0513822068870224e-01	   1.6797438174033302e-01	   5.6421090706288382e-02	   5.7914235489308075e-02	  -2.8390750585485053e-01	  -2.4906206125057517e-01	  -2.2397757043447436e-01	   1.9275492264885366e-01	  -1.6863109726216241e-01	  -1.7653828671542449e-01	   4.0102646161324396e-01	   6.0978744421217534e-01	  -1.9223575181852220e-01	  -3.6660022671171322e-01	  -8.4007685857184475e-02	  -1.0091601573858891e-01	   8.8526559685454059e-02	   6.6251483536964612e-02	   9.8109613746377056e-01	   9.9181847929872402e-01	   9.8019888293022683e-01	   9.5363055430439614e-01	   8.8534716782645106e-01	   8.6672898105738638e-01	   1.9960813452341111e-01	   8.2967657520430405e-01	   7.5937976646357852e-01	   8.7020858010349667e-01	   9.7990496067457089e-01	   9.5701510760291530e-01	   9.6239038848839953e-01	   9.6341825122209424e-01	  -2.9428018919593202e-01	  -2.7937258804951076e-01	  -2.8309465183244231e-01	  -2.8835752130130310e-01	  -1.8799361582426993e-01	  -1.7823501308905026e-01	  -2.0495685019151516e-01	  -2.1486343022109916e-01	  -1.4760034871949107e-01	  -1.3495923380338440e-01	  -2.1802911410376960e-01	  -2.4779366323551416e-01	   1.4270469858233437e-01	   9.7449940300076518e-02	  -1.3262068540562902e-01	  -1.5374171916018819e-01	   1.4991086484978361e-01	   1.5825023626596324e-01	   1.5726104150766060e-01	   1.2273788206855665e-01	   2.1092769168794040e-01	   1.7217276310780696e-01	   1.2246422440686372e-01	   9.0140509203233160e-02	   1.9108562226523004e-01	   2.5519576264166377e-01	   1.1599103798737764e-01	   1.7392353768529653e-01	   2.3438929753995941e-01	   2.6471815571504220e-01	   6.9816903079958997e-02	   8.5369194839828397e-02	   1.0282191968162424e-01	   1.0498956212694902e-01	   1.0616381152585012e-01	   9.4960603162696916e-02	   7.7423711202900064e-02	   8.4474867644601825e-02	   1.7892959864045202e-01	  -5.6671898467435249e-02	  -1.4789959029803590e-01	   6.8151501364207709e-02	   3.1233206937388880e-01	   1.2746700754306567e-01	   1.1985284114404338e-01	   1.4512921544942889e-01	
   9.9221758955799444e-01	   0.0000000000000000e+00	   9.7391782601724319e-01	   9.7676832319335938e-01	  -4.4389048728171218e-02	   9.6927790772640895e-03	   8.9628058710197478e-01	   9.0275704112337651e-01	  -8.8046978133015028e-02	  -7.9828667524414448e-02	  -2.1690111090930428e-01	  -9.8711344390000372e-02	  -3.1792047855623068e-01	  -3.3934255195760687e-01	  -3.6236990955557963e-02	  -4.4458048345528425e-02	  -1.3625621431180066e-01	  -1.6145988924117843e-01	   9.7183423431583993e-01	   9.6749043146335389e-01	  -8.2378725052573445e-02	  -7.9568884786126892e-02	   7.5239059342150516e-01	   8.1792818006988721e-01	  -9.5517384145538273e-02	  -8.9063832859690564e-02	   7.4074884946982458e-02	   7.8150579335321324e-02	  -2.5068196364066947e-01	  -2.4299532613272423e-01	  -3.2055316599110961e-01	  -3.1681414323789991e-01	   8.4843026026127477e-01	   8.1615759362127860e-01	  -4.6205935977539242e-01	  -3.1078452579163307e-01	  -3.6938274741738442e-02	  -4.6278418373325983e-02	   1.9565916728410038e-01	   1.6105417444392300e-01	   6.1952508894229347e-02	   6.0060423811502860e-02	  -2.7743882222180782e-01	  -2.4076757615286881e-01	  -1.9015045491305682e-01	   2.2683982907107431e-01	  -1.7220654071752495e-01	  -1.7842454016218798e-01	   4.2486162600125954e-01	   6.3578617724788200e-01	  -1.9208475795731100e-01	  -3.5695577542308510e-01	  -8.7562920392170632e-02	  -1.0230545403725658e-01	   8.4902031833941238e-02	   6.3906656450303884e-02	   9.8663090320079205e-01	   9.9099234335095510e-01	   9.7270217665505709e-01	   9.3162334940211888e-01	   9.0834166663095484e-01	   8.8801680878525202e-01	   1.6676690197636654e-01	   8.4387466612035467e-01	   7.5827437117536689e-01	   8.8480587518295928e-01	   9.7710967078429056e-01	   9.6344187179715213e-01	   9.6906781961627475e-01	   9.6738826043798043e-01	  -2.7480165154607022e-01	  -2.5895655657361222e-01	  -2.8881763179783504e-01	  -2.9334867396958036e-01	  -1.9397140976423774e-01	  -1.8109322415239992e-01	  -2.0101000132769431e-01	  -2.1066151770274061e-01	  -1.4539765651177983e-01	  -1.2711675502569142e-01	  -2.0632993755909013e-01	  -2.3474032301077619e-01	   1.3752619239600702e-01	   9.4676487768541928e-02	  -1.3167504226894614e-01	  -1.5066667306750622e-01	   1.3476025992452603e-01	   1.4474857157832044e-01	   1.4894200786306697e-01	   1.1538130774418348e-01	   1.9795386274915497e-01	   1.5666207072279115e-01	   1.0740236841739788e-01	   7.5845580945397700e-02	   1.9646665887249351e-01	   2.5995798367290734e-01	   1.1489868590168623e-01	   1.7476696550816134e-01	   2.3029810456942529e-01	   2.5830938926012625e-01	   5.7532914099277327e-02	   7.4905619138309204e-02	   8.8496986719085319e-02	   9.2541806388935888e-02	   9.2766158820564854e-02	   8.2763237863571537e-02	   6.7033980660867853e-02	   7.4304238289570751e-02	   1.9006542487169295e-01	  -5.1405899460399279e-02	  -1.4118233706426031e-01	   7.7828527730961522e-02	   3.0126772345566311e-01	   1.1086968905466976e-01	   1.0599653255503336e-01	   1.2814759098399620e-01	
   9.7026428118683339e-01	   9.7391782601724319e-01	   0.0000000000000000e+00	   9.8863946271758585e-01	  -2.3442153722194818e-02	   1.8148472394817924e-02	   9.5957713020144286e-01	   9.5448911908112388e-01	  -5.3186945318964403e-02	  -5.0679783335831535e-02	  -1.3264466172437150e-01	  -1.8252965850723089e-02	  -1.9013145605351006e-01	  -2.2045012134906972e-01	  -1.1764249933774258e-02	  -2.3088064354526885e-02	  -3.0662518464498606e-02	  -6.3953747600335509e-02	   9.5580561025299005e-01	   9.4733163666796849e-01	  -4.7252920849047302e-02	  -4.5663578181843585e-02	   8.5468831060568506e-01	   9.0664236188004210e-01	  -6.5300835338553451e-02	  -5.9515681388353718e-02	   8.1475978896139209e-02	   8.4624218113060160e-02	  -1.4863857648168585e-01	  -1.5161887560893256e-01	  -2.1797888481231892e-01	  -2.0423927441451850e-01	   8.4362617507661353e-01	   8.0752737464795366e-01	  -4.3866741667128167e-01	  -2.3041191435120900e-01	  -9.7949113658410813e-03	  -1.6721486917507234e-02	   1.2768422975815827e-01	   1.0054910774362504e-01	   6.3883362461125609e-02	   6.4412479763017033e-02	  -1.5140080972536682e-01	  -1.1203904880027554e-01	  -1.2460401275183972e-01	   2.9535424614643324e-01	  -1.3319502727482907e-01	  -1.3943585493991867e-01	   4.7416234456066292e-01	   6.8295124220407177e-01	  -7.4346302135677819e-02	  -2.2585162071725107e-01	  -6.2571885989348042e-02	  -6.5486858276446985e-02	   6.1489230516498752e-02	   4.6302420153919110e-02	   9.6975030610539759e-01	   9.6219534727800959e-01	   9.5539571948564539e-01	   9.1098576669383935e-01	   9.2691960756166236e-01	   9.1608731633077323e-01	   4.5332588500698177e-02	   7.9781756705326612e-01	   7.4447853003228492e-01	   8.8830498897641152e-01	   9.8035858821101951e-01	   9.7425623595113453e-01	   9.2093451568801854e-01	   9.2282523391737736e-01	  -1.6356278150390308e-01	  -1.5290269804504031e-01	  -1.9863218844149849e-01	  -2.0406740951154462e-01	  -1.6076156060983349e-01	  -1.5326760693627467e-01	  -7.6471639888119558e-02	  -8.9397967509194931e-02	  -4.5857231160020058e-02	  -1.8744145813102759e-02	  -1.0800395250023266e-01	  -1.2764590225796035e-01	   8.7781982439846848e-02	   5.1861237749090384e-02	  -5.3381780452151160e-02	  -6.0909815100378087e-02	   7.7540720828955634e-02	   8.7047238492410417e-02	   1.0074883059906294e-01	   7.3916564156629880e-02	   1.1907068063623619e-01	   8.9350233714119570e-02	   5.5394964708154706e-02	   2.9189842635653315e-02	   1.4586007483392532e-01	   1.8750900446878921e-01	   7.8067503712208233e-02	   1.2519789261187761e-01	   1.6157041685604739e-01	   1.7240234278073369e-01	   1.4270428504746246e-02	   2.6994631162154531e-02	   4.1936385715848151e-02	   4.2883852276485696e-02	   4.5822032371768316e-02	   3.2987051404690527e-02	   1.6977266562807142e-02	   2.5125892813618114e-02	   1.0932436288291153e-01	  -3.5453447753227500e-02	  -1.1074001492076221e-01	   6.6224948926614763e-02	   2.0628615332569170e-01	   5.5238308113082474e-02	   5.2454196461911698e-02	   5.9127386267563004e-02	
   9.8251719928998349e-01	   9.7676832319335938e-01	   9.8863946271758585e-01	   0.0000000000000000e+00	  -6.9020581980908362e-03	   3.4184444239066671e-02	   9.3419301145331435e-01	   9.3087402746554804e-01	  -3.7698427229680503e-02	  -3.3735975604880043e-02	  -1.5955108476499485e-01	  -7.3208050766182496e-03	  -2.2932457359080477e-01	  -2.5228949157716168e-01	   2.1651487815631341e-03	  -6.6957111428908728e-03	  -6.4794888798838435e-02	  -9.9902322290075909e-02	   9.7331659520470915e-01	   9.6698719025858060e-01	  -3.3679583343993819e-02	  -3.2164759375392329e-02	   8.0360679288873837e-01	   8.6861713907386484e-01	  -5.0605711175995244e-02	  -4.0622447031935599e-02	   8.3455952515370649e-02	   8.5894401459291558e-02	  -1.4642330818149574e-01	  -1.4538979199509217e-01	  -2.5293082751810669e-01	  -2.5589272453366801e-01	   8.2759745000051943e-01	   7.9687183716824139e-01	  -4.6044741967390579e-01	  -2.8499655109303290e-01	   3.8869104523834149e-03	  -3.7221496908015667e-03	   1.6650348946840232e-01	   1.3770850485485930e-01	   7.0621126828337544e-02	   7.2427837380007770e-02	  -1.6267762311735551e-01	  -1.3320880311876979e-01	  -1.7300959243491706e-01	   2.5842651458320687e-01	  -1.1615313341993383e-01	  -1.2611278514590152e-01	   4.4017617284374272e-01	   6.4654257273124527e-01	  -7.5708333417608020e-02	  -2.5080153511227404e-01	  -4.3379911055145028e-02	  -5.2280097374965959e-02	   8.8868352333297762e-02	   7.2684405056762574e-02	   9.6657353305513560e-01	   9.7560169962592214e-01	   9.6503152882569165e-01	   9.4174836904775017e-01	   8.8639264109042937e-01	   8.7492657729048939e-01	   9.4965486272331701e-02	   7.8206768907477087e-01	   7.3573614931195974e-01	   8.6271197460553328e-01	   9.8222345854905624e-01	   9.6256967250521597e-01	   9.3981905297263335e-01	   9.4455697479610168e-01	  -1.8738841312412546e-01	  -1.7437762319587988e-01	  -1.8470185201729994e-01	  -1.9185089270783151e-01	  -1.4473640445290481e-01	  -1.3704011835467278e-01	  -9.3129420616818975e-02	  -1.0429419532418593e-01	  -5.3530828524202274e-02	  -3.4003834538832559e-02	  -1.1784502703925645e-01	  -1.4176892451929518e-01	   1.1446436216533827e-01	   7.8283248497664049e-02	  -4.8273583088006167e-02	  -5.7865729266621840e-02	   1.2043624473087912e-01	   1.2865126414321176e-01	   1.3684888536812714e-01	   1.1103528729070802e-01	   1.6059363752857336e-01	   1.3078207248465462e-01	   9.6002671684521493e-02	   6.7154965948266809e-02	   1.5925965327280434e-01	   2.0430799773820030e-01	   1.0748462595327483e-01	   1.5080175664044476e-01	   1.9143811154754131e-01	   2.0460267656439748e-01	   4.9168152399157956e-02	   6.4512096630493315e-02	   8.3725723665561497e-02	   8.4567970444194590e-02	   8.7733702681490722e-02	   7.3552235424731827e-02	   5.3678059004209237e-02	   6.3837333195900445e-02	   1.1751761799055299e-01	  -2.7383436648361410e-02	  -1.0447806934287335e-01	   7.1160991398473455e-02	   2.3782474007646140e-01	   1.0028783311250353e-01	   9.6587318567158395e-02	   1.0409837497910612e-01	
  -4.2947034755011701e-02	  -4.4389048728171218e-02	  -2.3442153722194818e-02	  -6.9020581980908362e-03	   0.0000000000000000e+00	   9.6195032901867694e-01	  -4.2449025416786282e-03	  -1.0890770602692185e-02	   9.4802255910904942e-01	   9.5755964325535792e-01	   1.1077304853336840e-01	  -2.4657268159653193e-02	   7.8837221020830767e-02	   8.5381327762983364e-02	   9.8632403462492413e-01	   9.8384560961127843e-01	   1.4161013858810292e-01	   1.4000238530271800e-01	   6.6798550493172761e-03	   9.8217665805067772e-03	   9.4725000154801720e-01	   9.5425802409490934e-01	  -1.5524123556256497e-02	  -9.5944713817065971e-03	   8.5895073197590166e-01	   8.5931520878508239e-01	   7.3536576896589478e-01	   7.2371472140423876e-01	   5.7587285550966438e-01	   6.4465568600968526e-01	   3.6111196266171852e-01	   2.5505473722728333e-01	  -1.3783415932501297e-01	  -1.5491791527736909e-01	   5.5807452751163528e-02	   1.4941104508518993e-01	   8.9995116701571043e-01	   9.2266725402480632e-01	   5.7803143164492066e-01	   6.9045738631729769e-01	   7.5554184073340225e-01	   7.7321762668413885e-01	   2.7169060500608089e-01	   5.8857248094964905e-02	   1.7505617891249595e-01	   9.0939187193971163e-02	   7.8210758977994188e-01	   7.2987001282577890e-01	  -1.3938474868218209e-01	  -5.5956195035175967e-02	   5.1662377854523378e-02	  -2.8823722675901712e-03	   8.9826348446867821e-01	   9.2987305372224793e-01	   8.1189929361681168e-01	   8.4555642376732332e-01	  -6.8459138437737760e-03	  -2.8812711026733613e-02	  -9.7504758044364356e-03	   2.5573809489568035e-02	  -4.3745165299392277e-02	   2.2651156793490619e-02	  -2.0178895429835209e-01	  -2.2998025771062824e-01	  -2.0046283754338154e-01	  -1.1043098024050697e-01	  -1.4871669242789383e-02	  -1.0076563395600615e-02	  -2.7595062690392681e-02	  -1.9691249873832938e-02	   2.9944987335895445e-01	   3.5060378021819727e-01	   4.4409214279580039e-01	   4.0106497073929137e-01	   2.1652905714756993e-01	   2.0397764897644721e-01	   1.3584486872164426e-02	  -1.0076487444498973e-02	  -3.2052672384412097e-02	   1.8043484283791170e-02	   5.0232938788667059e-01	   4.4591086087036064e-01	   6.3392401039905044e-01	   7.6217517169797577e-01	   8.1795879912057801e-01	   7.5089850760364008e-01	   4.3107418365043876e-01	   4.6903221722112176e-01	   6.7103627662543186e-01	   7.6549137045377358e-01	   2.9479973665875525e-01	   3.3030974075520975e-01	   4.7758914361294652e-01	   5.2352862413639267e-01	   5.2384843673846904e-01	   4.0677207774977464e-01	   8.3510588875396818e-01	   7.4068038567133909e-01	   5.1480243571086270e-01	   3.3964040676714879e-01	   5.4666798187475141e-01	   5.1697650042338650e-01	   5.3185040353061042e-01	   5.3276873443928485e-01	   5.2871568645506439e-01	   5.2401278857002387e-01	   5.1792811382367199e-01	   5.1548196322645590e-01	   1.0395011865638890e-01	   9.4762215105663672e-01	   8.4874206955947473e-01	   8.1038549343408250e-01	   5.0206865234137421e-02	   4.2612180372151182e-01	   4.5724338282202892e-01	   3.1405185400140379e-01	
   7.4535106893665205e-03	   9.6927790772640895e-03	   1.8148472394817924e-02	   3.4184444239066671e-02	   9.6195032901867694e-01	   0.0000000000000000e+00	   3.2393776459355324e-02	   3.0279208318602143e-02	   8.6345821899887643e-01	   9.0469365662987422e-01	   6.4422221294736598e-02	  -1.1364198350535660e-02	  -7.0227742032844985e-04	   1.8729135383716691e-02	   9.5340187436527246e-01	   9.3617915743841373e-01	   8.7926210840759911e-02	   8.4955253994584146e-02	   4.9343781380586649e-02	   5.8335191750120599e-02	   9.0764740529901244e-01	   9.1956944820824926e-01	  -5.1115487744641287e-03	   1.1739570580647545e-02	   7.1271460626380478e-01	   7.1696758072464883e-01	   8.6775228500922696e-01	   8.5831206342345001e-01	   4.6828766461896593e-01	   5.3389875862371672e-01	   2.2542151112910258e-01	   1.5771037141400152e-01	  -7.5752221632454125e-02	  -9.0883613870171215e-02	   5.9208822870513447e-02	   1.0996876240665060e-01	   9.3223271498079008e-01	   9.3775324852306463e-01	   6.2232112425500963e-01	   7.2293574307077735e-01	   8.6725172390867067e-01	   8.6707321625390099e-01	   2.1077217350369992e-01	   2.9038927711478136e-02	   1.1271648874995821e-01	   7.2023022708774503e-02	   6.5678577415180250e-01	   5.8482167000414365e-01	  -1.2021225144380615e-01	  -3.9494543302003200e-02	  -1.8083236508184955e-02	  -5.1834677867163975e-02	   7.8345593980883166e-01	   8.4552365068893742e-01	   8.7126129161683230e-01	   8.9420894758587521e-01	   4.3954135899643219e-02	   2.5685332234139054e-02	   3.2300126787265959e-02	   6.7697095265207119e-02	  -3.7452933107272471e-03	   6.8339867388461192e-02	  -8.7967786916087434e-02	  -1.5034679014964314e-01	  -1.3164601389729688e-01	  -4.6947305156955582e-02	   3.2701530385368008e-02	   3.1820887231805206e-02	   3.2983612196535471e-02	   3.9689715797113445e-02	   1.9203362151039180e-01	   2.3516602999466024e-01	   3.0292148601314134e-01	   2.6393709894527201e-01	   1.0097735083835307e-01	   9.8142181585971239e-02	  -2.3026468026430824e-02	  -4.0226610329343611e-02	  -1.6360461545339367e-02	   2.8254368410109022e-02	   4.0131671420494930e-01	   3.3579414650813277e-01	   7.1281321329430247e-01	   8.0779319184294485e-01	   7.6017193326818333e-01	   6.9651040477917636e-01	   4.3168426977341562e-01	   4.9031664535499286e-01	   7.1772261014243233e-01	   7.8915029453422469e-01	   3.1565762336617081e-01	   3.3655388327405455e-01	   4.8340522255935392e-01	   5.3377936400712134e-01	   6.7709804675416607e-01	   5.6844848766082079e-01	   8.8053735900176433e-01	   8.2486740149175075e-01	   6.1527454554597361e-01	   4.3724179032717247e-01	   5.7288932226432743e-01	   5.6557937481201925e-01	   5.5036574704225316e-01	   5.6470989040250852e-01	   5.5174753668857424e-01	   5.5771331536723467e-01	   5.6238550257938402e-01	   5.6160981060939685e-01	   2.4160335677264355e-01	   9.4859811863520505e-01	   7.6543605130740300e-01	   8.9817153627622526e-01	   1.0834224241342350e-01	   4.2267525089218028e-01	   4.5906172593683764e-01	   3.2518140909731397e-01	
   8.9603324422817798e-01	   8.9628058710197478e-01	   9.5957713020144286e-01	   9.3419301145331435e-01	  -4.2449025416786282e-03	   3.2393776459355324e-02	   0.0000000000000000e+00	   9.8652024392055782e-01	  -2.2047157967437864e-02	  -1.4699347282478528e-02	  -2.2589395245201606e-03	   1.1400350117271700e-01	  -5.6532246560743710e-02	  -9.3451926971900814e-02	   8.4750755433245298e-03	  -3.8111748279320689e-03	   9.7427701329268285e-02	   5.1529871663340721e-02	   8.7229204803556637e-01	   8.5751218971032250e-01	  -9.5713554294486018e-03	  -1.0210681538063090e-02	   9.1660057158092512e-01	   9.4909996881884562e-01	  -4.7520263795558286e-02	  -3.9561517698497951e-02	   9.4623160036902881e-02	   9.8407308326660420e-02	  -3.8757442088050362e-02	  -5.3915994481565498e-02	  -1.2333019785382648e-01	  -8.3321299232940627e-02	   8.4058281518056255e-01	   8.0278462464183042e-01	  -4.4016454094937485e-01	  -1.8584885580713928e-01	   2.1961504592584925e-02	   1.9398988626751296e-02	   3.3729182205271060e-02	   1.9805636021369602e-02	   7.7256745168375746e-02	   7.8421585484575035e-02	  -2.3190801615177069e-02	   2.2608757680259342e-02	  -5.9618187563304920e-02	   3.7314186307188513e-01	  -9.5180620844492594e-02	  -1.0044657050742067e-01	   4.9742042675697978e-01	   7.1023287052326622e-01	   5.1966943485008868e-02	  -8.7834303478485573e-02	  -4.1331540288820232e-02	  -3.8020594162307846e-02	   2.7729528436025067e-02	   1.8983465164139776e-02	   9.0030217195212747e-01	   8.7639676372488662e-01	   8.8327734527862256e-01	   8.2712005170704350e-01	   9.1671193502362791e-01	   9.1770103034517270e-01	  -2.3534570575295691e-02	   7.3574989841853178e-01	   7.0624711334184431e-01	   8.6140669498323963e-01	   9.2961800406490758e-01	   9.3234854988188043e-01	   7.9857812694029406e-01	   8.0189586070174856e-01	  -4.5671959076938225e-02	  -3.6824459542397367e-02	  -1.1283439200813963e-01	  -1.1819160551723033e-01	  -1.3864948171745517e-01	  -1.3540221237477235e-01	   5.9290771952053782e-02	   4.1425434343127211e-02	   5.4074552754846864e-02	   9.7535012733082349e-02	   3.1281359685476698e-03	  -1.0553756384921658e-02	   2.7490249252638994e-02	   9.6816173055746992e-03	   2.0087170669262314e-02	   3.0933912048768969e-02	  -2.3541804698905176e-02	  -1.4212246613244940e-02	   2.8167400152875079e-02	   1.2786223979909209e-02	   4.3383152666905318e-04	  -2.0698264261112237e-02	  -3.2079332826671983e-02	  -4.9467842442452767e-02	   1.0216321843666691e-01	   1.1689362275490024e-01	   3.3265808446398655e-02	   7.1963414038591272e-02	   7.3730556991919063e-02	   6.1925127533358285e-02	  -4.8510663471883680e-02	  -3.5848496484997397e-02	  -3.3373391658054967e-02	  -3.1132995670744103e-02	  -2.6998235018584844e-02	  -3.9374474289797887e-02	  -4.5404020825013408e-02	  -3.8376481307143016e-02	   4.7892376387557188e-02	  -4.4354116097005403e-03	  -6.7752090097673953e-02	   7.1957289047074241e-02	   7.8073541838198646e-02	  -3.8479767266780075e-02	  -3.7679059186620747e-02	  -4.4569083064731785e-02	
   8.9706776844737912e-01	   9.0275704112337651e-01	   9.5448911908112388e-01	   9.3087402746554804e-01	  -1.0890770602692185e-02	   3.0279208318602143e-02	   9.8652024392055782e-01	   0.0000000000000000e+00	  -2.4622288380628216e-02	  -1.1697547882617282e-02	   7.9575976680117972e-03	   1.2002148869765442e-01	  -4.1876831562020066e-02	  -6.5693406628986484e-02	   2.3277424628363541e-03	  -4.8315647869914087e-03	   1.0135408729685466e-01	   5.8896803406059059e-02	   8.6199160103899053e-01	   8.4859428641277357e-01	  -1.1676557102585651e-02	  -1.2942700636953550e-02	   9.0846943108720191e-01	   9.4388431783917559e-01	  -4.3515688829118139e-02	  -3.3416042236862294e-02	   8.5287223196948703e-02	   8.7828708013613366e-02	  -2.6855011488926710e-02	  -4.0210147277245131e-02	  -1.0801449968757929e-01	  -6.5378071651545994e-02	   8.5463079922856666e-01	   8.2019594400297013e-01	  -4.2706792197577831e-01	  -1.7974018846356454e-01	   1.8513547352097818e-02	   1.8913449933155954e-02	   2.8184518185842840e-02	   1.7551593070485087e-02	   6.8766273084081606e-02	   7.0816433027545603e-02	  -2.4114217032587971e-02	   2.1494042161764905e-02	  -4.4392602988218059e-02	   3.8985686220639992e-01	  -8.8594490509097318e-02	  -9.1486165033736702e-02	   5.3599974914584292e-01	   7.2523833925307879e-01	   5.9525107224341477e-02	  -8.3491050307884243e-02	  -4.1048772121997749e-02	  -4.0920719056891278e-02	   2.0956327880377969e-02	   1.3810287896826803e-02	   9.0488967464705117e-01	   8.7625934128643634e-01	   8.8063053560913818e-01	   8.1654455656650216e-01	   9.2472649825783371e-01	   9.1522828137201684e-01	  -1.3865612981049245e-02	   7.6247429721909010e-01	   7.2231749673448642e-01	   8.7724080682181560e-01	   9.2727285628149470e-01	   9.3901422439592030e-01	   8.0509149439350081e-01	   8.0602305138619590e-01	  -3.5798447420200663e-02	  -2.5183008391246410e-02	  -1.0365387882339809e-01	  -1.0610467498005563e-01	  -1.2565672916473347e-01	  -1.1915153191250208e-01	   6.2961661196735588e-02	   4.8413714658087290e-02	   5.6253806038476281e-02	   9.7713251386725444e-02	   2.0331197904693159e-02	   6.3805207357914501e-03	   2.3263379219854493e-02	   9.7241913225209458e-03	   2.2428773887723786e-02	   3.6345543399724414e-02	  -3.4653540192636015e-02	  -2.5041250445142379e-02	   2.2105483332234766e-02	   1.0783749864414570e-02	  -5.6355823571578980e-03	  -3.3105016136996006e-02	  -4.2413618158800161e-02	  -5.8107798474008050e-02	   9.9703163283735227e-02	   1.2016160372382827e-01	   2.8596556801473390e-02	   7.2645153426521891e-02	   6.8471458197939691e-02	   5.6852566885311651e-02	  -5.1646252616674486e-02	  -3.3453033974570119e-02	  -4.1274103690449905e-02	  -3.5205220083585072e-02	  -3.3231634123426820e-02	  -4.4495726509755799e-02	  -4.4254527748144243e-02	  -3.5629116454480345e-02	   5.7542862685670298e-02	  -4.5807861661027833e-03	  -6.0824329717109479e-02	   7.1788817943500435e-02	   7.5327571686976319e-02	  -4.9344904593612827e-02	  -4.7057573116823181e-02	  -5.5735592429724944e-02	
  -8.4896553680223724e-02	  -8.8046978133015028e-02	  -5.3186945318964403e-02	  -3.7698427229680503e-02	   9.4802255910904942e-01	   8.6345821899887643e-01	  -2.2047157967437864e-02	  -2.4622288380628216e-02	   0.0000000000000000e+00	   9.8565286559434384e-01	   2.3580515286265641e-01	   5.0968598380198141e-02	   2.0595583463061504e-01	   2.0466903451882218e-01	   9.4987536707122122e-01	   9.6411225972993853e-01	   2.5535995982736903e-01	   2.5420127232629691e-01	  -3.7733923419392863e-02	  -3.8612241901645514e-02	   9.5576789638982707e-01	   9.5452171127005170e-01	  -1.9205292810801225e-03	  -5.6961034942442776e-03	   9.4484885275947983e-01	   9.4660018033787807e-01	   5.5238965744820756e-01	   5.3346192229646305e-01	   6.9907152194818600e-01	   7.5471970655262588e-01	   4.9310327138942228e-01	   3.8143519037301366e-01	  -1.7160151681141000e-01	  -1.8729135981383072e-01	   5.6133188396811154e-02	   1.9017084496525960e-01	   8.3055676201133843e-01	   8.7715447444285455e-01	   4.5685423622028010e-01	   5.7364447390941808e-01	   5.8222481578373908e-01	   6.2969346102282353e-01	   3.8807464157703431e-01	   1.6302247616059509e-01	   2.2907643732330490e-01	   1.3686442086018735e-01	   8.5554822680774834e-01	   8.2312003894605024e-01	  -1.2041771597172120e-01	  -5.0825870733076067e-02	   1.7674433517488652e-01	   1.1466360963033641e-01	   9.5819986188027539e-01	   9.7760739506764516e-01	   6.9518491833129714e-01	   7.4240748187019556e-01	  -4.5950127850837796e-02	  -7.6565241957286478e-02	  -5.4009949211387423e-02	  -2.3057215132645706e-02	  -7.3123916837264422e-02	  -1.3200496191205727e-02	  -3.1230335050751812e-01	  -3.0771308604075431e-01	  -2.6731041937174649e-01	  -1.6962642768953834e-01	  -5.4993419133732173e-02	  -4.3379670381940030e-02	  -7.5410716646332282e-02	  -6.8683313228949841e-02	   4.5317354813139177e-01	   5.0177978778186660e-01	   5.8052350334390856e-01	   5.3793899127104761e-01	   3.0026623816493736e-01	   2.8305954315980530e-01	   1.2317180216890354e-01	   9.7486073048562341e-02	   4.6505181012519742e-02	   9.7328443766264858e-02	   6.3469654502532435e-01	   5.8228160203449530e-01	   4.2634481118629830e-01	   5.8153569826963492e-01	   8.5216772913724370e-01	   8.0185723869358660e-01	   3.6434078502697409e-01	   3.8145880386729741e-01	   5.4776730591651601e-01	   6.6149029256246938e-01	   1.9819519236622282e-01	   2.5640528145552055e-01	   4.1318054629338302e-01	   4.5291659043508870e-01	   2.9798654816047543e-01	   1.7783466261637385e-01	   7.0941789653434595e-01	   5.8072913621922206e-01	   3.3402196897309122e-01	   1.5540937996706611e-01	   4.7091467362394668e-01	   4.0803073578105437e-01	   4.5515505304753728e-01	   4.3856729109483017e-01	   4.5093156013659808e-01	   4.3579749728158462e-01	   4.1767184762578913e-01	   4.1043627745839795e-01	  -1.4200203724253474e-01	   9.0341507918809238e-01	   8.7429289790029574e-01	   6.5796181428897738e-01	  -6.9696444891077070e-02	   3.6818943218590572e-01	   3.9975166448710048e-01	   2.4794512862422818e-01	
  -7.9133832395115983e-02	  -7.9828667524414448e-02	  -5.0679783335831535e-02	  -3.3735975604880043e-02	   9.5755964325535792e-01	   9.0469365662987422e-01	  -1.4699347282478528e-02	  -1.1697547882617282e-02	   9.8565286559434384e-01	   0.0000000000000000e+00	   2.5325225542222773e-01	   9.0236893203122392e-02	   1.8463816890143564e-01	   1.9138682437884749e-01	   9.6403023414036615e-01	   9.7629843766203961e-01	   2.7431438782078632e-01	   2.6841887013849025e-01	  -3.8794328724318199e-02	  -3.7126302111413260e-02	   9.7452077606540577e-01	   9.7507388697700725e-01	  -4.1170135189232179e-03	  -3.3318231217969929e-03	   9.0343291284185812e-01	   9.0642460434743510e-01	   6.3448651741682782e-01	   6.1833045009931975e-01	   6.8474055191715033e-01	   7.3721339016369192e-01	   4.4075205361514480e-01	   3.6006385347578396e-01	  -1.4555338716282090e-01	  -1.6024503247428534e-01	   6.0367582283818576e-02	   1.8887368208770708e-01	   8.7668580275296615e-01	   9.1685637753153026e-01	   4.9496787407701714e-01	   6.1250536080413620e-01	   6.6830833637576170e-01	   7.1202702698541631e-01	   3.8755126449437227e-01	   1.7400719597659570e-01	   2.0399534622358900e-01	   1.3565998546107128e-01	   8.0742999752892375e-01	   7.6506082182560320e-01	  -1.1967747056944354e-01	  -4.1080934498745204e-02	   1.5529753700726417e-01	   1.0816446299009698e-01	   9.3218685233253173e-01	   9.5914333307794331e-01	   7.5227187964002462e-01	   7.9674193439649754e-01	  -3.4063715149123180e-02	  -6.7856959341176512e-02	  -5.2933383450893642e-02	  -2.3680563193847509e-02	  -6.0969934263857356e-02	  -1.9835839297990369e-03	  -2.6718366616685207e-01	  -2.7786085323561127e-01	  -2.5325327835948913e-01	  -1.5665091318889113e-01	  -4.5093452659876618e-02	  -3.5179353794157923e-02	  -6.5292622263162126e-02	  -5.9922496952825366e-02	   4.3210345254868276e-01	   4.7939898172965284e-01	   5.2934307305858885e-01	   4.8569928134059254e-01	   2.2524943349599624e-01	   2.1116276370604581e-01	   1.2628360557384105e-01	   1.0201136491544394e-01	   8.0782539531810083e-02	   1.3453204478011502e-01	   6.2952152315052201e-01	   5.6457227613888195e-01	   4.8984240656405609e-01	   6.3713460326341154e-01	   8.5673152425439014e-01	   8.1386258534331835e-01	   3.8056540379835840e-01	   4.0581124260927021e-01	   5.9210625514404103e-01	   6.9852624112181172e-01	   2.1961415804195433e-01	   2.7159438368817918e-01	   4.3299462012973994e-01	   4.7647277269595278e-01	   3.8421583923538472e-01	   2.5914967696702679e-01	   7.5510211769071023e-01	   6.4488693104729289e-01	   3.9636793573545420e-01	   2.0898597730842891e-01	   5.0386113122785470e-01	   4.5582553554246313e-01	   4.8385801280640783e-01	   4.7654094461916413e-01	   4.8334172118119861e-01	   4.7337917748342662e-01	   4.6398120295849027e-01	   4.5812855458864876e-01	  -7.8974671362219015e-02	   9.3950249028119548e-01	   8.5809764830014990e-01	   7.2640874410770606e-01	  -4.7191000947740300e-02	   3.8580153257948502e-01	   4.1851970648222181e-01	   2.6996568760981726e-01	
  -2.3546388473904853e-01	  -2.1690111090930428e-01	  -1.3264466172437150e-01	  -1.5955108476499485e-01	   1.1077304853336840e-01	   6.4422221294736598e-02	  -2.2589395245201606e-03	   7.9575976680117972e-03	   2.3580515286265641e-01	   2.5325225542222773e-01	   0.0000000000000000e+00	   6.9712428332069742e-01	   7.2194367921164049e-01	   6.4722764085800510e-01	   1.6266573354499592e-01	   1.6814053907250248e-01	   9.1751619091027603e-01	   9.2303864864499219e-01	  -2.9429396576648714e-01	  -3.2414231183160547e-01	   2.8025597315413553e-01	   2.5579920991836796e-01	   2.2434689465118696e-01	   1.3919281597528635e-01	   2.0450559068592003e-01	   2.0023761029893555e-01	   5.1528040705272581e-02	   4.0527259424171458e-02	   6.3435209493931444e-01	   5.5308120387423010e-01	   5.2637653135253903e-01	   7.1138107590737776e-01	  -9.6362674858166651e-03	  -4.3982976965863101e-03	   2.4089703129645829e-01	   4.2152621341363983e-01	   1.6732623571859276e-01	   2.0076190807773145e-01	  -3.8056500216718381e-01	  -3.1832365496557569e-01	   9.0900042696181363e-02	   1.0865352126307491e-01	   6.7938491812390744e-01	   7.1899942812339379e-01	   4.2634145021239189e-01	   5.6373234172432429e-01	   1.1682760488969621e-01	   1.1574280974633822e-01	   2.3989917828490248e-01	   2.9658599570275213e-01	   5.7600517885010238e-01	   6.6772878518721157e-01	   1.7332982955607784e-01	   2.0287555385573225e-01	  -6.1980572411806677e-02	  -2.7675801911300923e-02	  -1.8141328295821785e-01	  -2.4225770522808349e-01	  -2.4881102276784711e-01	  -3.2894664694361031e-01	  -5.9754006210746460e-02	  -1.2462378772181779e-01	  -4.8619357282505782e-01	  -2.7272663031396949e-01	  -2.6835435808715236e-01	  -2.0886926670665634e-01	  -1.6263338702573271e-01	  -1.1876383782083494e-01	  -2.9431035435158615e-01	  -3.0000918405590671e-01	   8.2353500695722981e-01	   7.9732990616278632e-01	   3.8323344632854950e-01	   3.7659467374028088e-01	  -8.2510284376751758e-02	  -8.1025221187312910e-02	   6.7240000994733784e-01	   6.4131906887642198e-01	   6.9750276084818208e-01	   7.5477035057190900e-01	   7.5257282651971569e-01	   7.2340670843591770e-01	  -2.5767380370280557e-01	  -1.8663724134114892e-01	   4.2193877284729558e-01	   5.0662905222450405e-01	  -3.5309543581579850e-01	  -3.5251406783609190e-01	  -2.5394741854350822e-01	  -1.9418590550101322e-01	  -4.8152263732871781e-01	  -4.3987697541233567e-01	  -3.1172372164957579e-01	  -2.5402690303801145e-01	  -2.4110036676162416e-01	  -3.6326650022559515e-01	  -1.6317327958725403e-01	  -2.0112523751884884e-01	  -3.7246504481246140e-01	  -4.9173353490656146e-01	  -1.7748103115874514e-01	  -1.7995542587765093e-01	  -2.5927935037308353e-01	  -2.3822458555306109e-01	  -2.5741817336956657e-01	  -2.5321869117792301e-01	  -1.8549429086437133e-01	  -1.8592475890734761e-01	  -4.1676069041490288e-01	   1.9387746923372615e-01	   1.3285544992911205e-01	   3.8094737275846911e-02	  -5.8998108708467045e-01	  -3.5020640176165008e-01	  -3.2987500519133006e-01	  -4.3909203995372703e-01	
  -8.9890598890736056e-02	  -9.8711344390000372e-02	  -1.8252965850723089e-02	  -7.3208050766182496e-03	  -2.4657268159653193e-02	  -1.1364198350535660e-02	   1.1400350117271700e-01	   1.2002148869765442e-01	   5.0968598380198141e-02	   9.0236893203122392e-02	   6.9712428332069742e-01	   0.0000000000000000e+00	   5.5995631322625805e-01	   5.1905280596328562e-01	   1.7698366544182047e-02	   7.2649343093628624e-03	   5.8686684715861981e-01	   5.2439981415018155e-01	  -1.7240557030379774e-01	  -1.8471779871106880e-01	   1.2690463504988972e-01	   1.0876690573320905e-01	   2.7268929446923679e-01	   2.0802552943478797e-01	  -3.6220442118656687e-02	  -2.3016017001800219e-02	   9.3100194124443356e-02	   8.8094769960986918e-02	   5.3600149588914292e-01	   4.4753422069195625e-01	   2.2007981803248666e-01	   3.3086416232415161e-01	   2.1008717963908757e-01	   2.5077582978831792e-01	  -1.9346610063150218e-02	  -2.4562334606324218e-02	   1.5165930029435046e-01	   1.4757410197026621e-01	  -4.2664217497763035e-01	  -3.8683649858026992e-01	   9.1152830625646997e-02	   7.0496801461842118e-02	   7.2917998323593103e-01	   7.9614591061637408e-01	   2.4187023066977596e-03	   3.4015880922747427e-01	   8.5390247513173340e-03	  -6.5243528522595361e-03	   3.8913775443283072e-01	   3.2496292083718037e-01	   7.3262451075259660e-01	   7.2657714741039170e-01	  -3.8940445119247533e-02	   1.9663076742861826e-02	  -1.2940099545151149e-01	  -1.1068651090878132e-01	  -1.3745834803426432e-01	  -1.0772393414200414e-01	  -1.6164603799198590e-01	  -1.7531850450934694e-01	  -7.7286449778535715e-02	  -1.5824891689566489e-01	  -6.2447442302795961e-02	  -5.9340691913011293e-02	   9.5947446720490243e-02	   2.8400615001728880e-03	  -2.4816066679053686e-02	  -6.3339715351169029e-02	  -1.6469663999473882e-01	  -1.5940006007206808e-01	   5.2052432500953771e-01	   4.6821589504890770e-01	   4.1606016291848774e-01	   4.1449370892957016e-01	  -2.0353584658672805e-02	  -1.9169321212531277e-02	   7.7981275980448639e-01	   7.7462696621114469e-01	   8.0542438438987474e-01	   7.9643704277455840e-01	   5.1375066224818455e-01	   4.7326133825445610e-01	  -2.6828570353960490e-01	  -2.5131093947319716e-01	   2.9612137721338505e-01	   3.9944101886490613e-01	  -4.1447755118810253e-01	  -4.0161472426631284e-01	  -3.0599566279851603e-01	  -2.9801606630432226e-01	  -5.0586477955715226e-01	  -4.7854184734425842e-01	  -3.7873470306406598e-01	  -3.4366628706570551e-01	  -1.6760450950272709e-01	  -2.8670673757947529e-01	  -2.1498744844391740e-01	  -2.2999976894777044e-01	  -3.5315097949198365e-01	  -4.5953072414754570e-01	  -2.7917992715058298e-01	  -3.0316520851318340e-01	  -3.3521765348509369e-01	  -3.3432435721086279e-01	  -3.2949267906865692e-01	  -3.3388033381265048e-01	  -2.9938523670772549e-01	  -2.9688375838685199e-01	  -2.7664522212393960e-01	   6.8943539869265477e-02	   2.2072819816275610e-02	   1.0431271069655242e-02	  -5.7173012129762757e-01	  -3.9541027122527117e-01	  -3.8057486023377762e-01	  -4.6517772212541930e-01	
  -3.3897334491639530e-01	  -3.1792047855623068e-01	  -1.9013145605351006e-01	  -2.2932457359080477e-01	   7.8837221020830767e-02	  -7.0227742032844985e-04	  -5.6532246560743710e-02	  -4.1876831562020066e-02	   2.0595583463061504e-01	   1.8463816890143564e-01	   7.2194367921164049e-01	   5.5995631322625805e-01	   0.0000000000000000e+00	   9.7514806194933312e-01	   1.1669601283661096e-01	   1.2088194526243157e-01	   7.0775648611415165e-01	   6.9195536591537710e-01	  -3.4693647324497351e-01	  -3.7045950596383798e-01	   2.1925104252237412e-01	   1.9487102913948795e-01	   2.1692705440518484e-01	   1.2843780433777297e-01	   1.9731448218879633e-01	   2.0126910774534831e-01	  -2.3874096463155286e-02	  -4.1715196848149019e-02	   7.3922666824973149e-01	   6.8262329836602231e-01	   8.0174284530918161e-01	   8.5908600266422686e-01	  -2.2992109291439650e-01	  -2.4147646556894345e-01	   3.1116026872348168e-01	   5.6363667122464212e-01	   1.5907790968051899e-01	   1.7510863133992929e-01	  -4.8766296766673056e-01	  -4.2284081174686472e-01	  -2.3924671003155859e-02	  -1.7641384485813316e-02	   7.6760124874613256e-01	   7.7763846283666649e-01	   3.2624171346731479e-01	   2.9659051550901072e-01	   3.0650976442294958e-01	   3.1564855530712854e-01	   1.8863208310686896e-01	   5.9848803395171665e-02	   7.2198985220199541e-01	   7.9352680860422131e-01	   1.3163156270021265e-01	   2.1240556337307426e-01	  -1.6426051233658373e-01	  -1.2108242022546210e-01	  -2.9409117035885923e-01	  -3.5065721556972318e-01	  -3.1011026058838831e-01	  -3.6919177862529162e-01	  -1.3734196318804859e-01	  -1.5617917295717793e-01	  -6.5898915595728647e-01	  -3.7915847501718936e-01	  -3.7311080940321806e-01	  -2.9509827722158644e-01	  -2.5894081720423134e-01	  -1.9082613226918879e-01	  -3.8436848666523760e-01	  -3.8365053345355449e-01	   8.1665450004355833e-01	   7.8652302158487886e-01	   6.5365283042056388e-01	   6.7778539791861614e-01	   3.4214024194864601e-01	   3.3609985841073636e-01	   8.2601737915025564e-01	   8.2305163034136797e-01	   6.0535343358465388e-01	   6.5258985632876731e-01	   7.3910068129022322e-01	   7.9686410818492404e-01	  -3.2274781859928214e-01	  -2.5389624934920851e-01	   5.0750511368000106e-01	   5.7511766634871453e-01	  -4.0347806052200014e-01	  -4.0561619186723269e-01	  -3.3913493939788164e-01	  -2.8016806874026312e-01	  -5.4516800338166882e-01	  -4.9468701401820958e-01	  -3.6659743435004982e-01	  -3.0008256104523356e-01	  -3.3996533282340557e-01	  -4.6743871614055010e-01	  -2.4938464574671096e-01	  -3.2560157678065055e-01	  -4.8081257350152407e-01	  -5.8198822405987838e-01	  -2.3213956209814240e-01	  -2.4267136357817587e-01	  -3.1872525145117692e-01	  -3.0234518652309816e-01	  -3.1629887411785707e-01	  -3.0351562821491390e-01	  -2.4207714606549319e-01	  -2.4454565297392980e-01	  -4.5140319964361736e-01	   1.1654613065376014e-01	   2.8227335260300362e-01	  -5.2124932068568393e-02	  -6.6668151991642766e-01	  -4.0880940993462800e-01	  -3.8373741354419533e-01	  -4.8057561382263686e-01	
