   0.0000000000000000e+00	   6.2503436028066883e-01	   4.9998154147972484e-01	   2.9724289054768005e-01	   1.7840642324471118e-01	   8.4007273093660573e-02	   4.6363140920543500e-01	   3.4546430354108792e-01	   3.6937561824768977e-01	   2.7415041267556484e-01	   5.9572724245418529e-01	   4.9356306052143878e-01	   5.3481348729440414e-01	   3.6070354025172158e-01	   4.5075580555436551e-01	   3.0840509617884870e-01	   6.3806869030681179e-01	   6.0056099192446255e-01	   7.3077027360768487e-01	   6.1980530239169596e-01	   2.6504774985609120e-01	   2.1532699947669814e-01	   2.7322490606641470e-01	   1.0442319548021541e-01	   8.4097304995039979e-02	   4.9465685473981724e-02	   7.3944165578152976e-02	   5.8591778061196781e-02	   5.8864271977501459e-01	   5.2337780654868915e-01	   3.4833703597908022e-01	   2.3373205646879017e-01	   5.2893979853190820e-01	   3.8994927575306559e-01	   1.2514430703422824e-01	   1.2253144124819501e-01	   2.2848711559321111e-01	   2.3590529187589740e-01	   1.4478784799240743e-01	   2.1442836609267507e-01	   4.9453058521031817e-01	   3.6359894070585314e-01	   1.6437673633452121e-01	   2.0960603213574830e-01	   7.5731582737729147e-02	   7.1022449254837597e-02	   1.4374349694758209e-01	   2.6548720625936428e-01	   4.6402152779869726e-02	   1.3356939257827178e-02	   1.5134089648368779e-01	   9.2858195562010720e-02	   2.8699498542605828e-01	   2.4873340972882035e-01	   2.2609272578439560e-01	   2.3395802726025899e-01	   7.8471706826767518e-01	   5.6506748627652803e-01	   4.4138965104058553e-01	   1.4792070891792519e-01	   6.8280344784775382e-01	   4.4742860281653363e-01	   6.5766678882480090e-01	   5.4625438675158111e-01	   1.4474871836599876e-01	   1.5187785984616289e-01	   2.6762644346797215e-01	   2.6906895482031296e-01	   4.9943992859498637e-01	   3.7586732526254357e-01	   2.2856681824886499e-01	   1.8716609754119434e-01	   5.5781045410438024e-01	   4.2939077357122063e-01	   5.1876190840014602e-01	   4.4016723379826195e-01	   4.8115978987506552e-01	   2.4419962790510874e-01	   4.5904142440582357e-01	   6.0696677493562545e-01	   5.4190191954893907e-01	   5.8770065110287262e-01	   4.5250842845957928e-01	   5.2892450174775529e-01	   3.8439756488411497e-01	   4.9825216247493681e-01	   7.9916409887447921e-03	   3.5269873153016068e-01	   5.9990153572066118e-01	   5.7075385459282413e-01	   2.6231519260913283e-01	   3.0556278853096647e-01	   1.4817923410398656e-01	  -3.0833141241857220e-01	  -2.5892004495969467e-01	   5.2425530244034228e-02	   1.5565348315110406e-01	   3.3075723812818636e-01	   1.7312255140506369e-01	   2.9596486908549052e-01	   2.7123147056401198e-01	   7.5977378130221832e-02	   2.6372374961868217e-01	   3.1523353241432545e-01	  -1.3892238468157094e-02	   3.5073399486204013e-02	   2.5692473846491248e-01	   2.4896872829727046e-01	  -5.7762789005587720e-02	   1.0874540623167304e-02	   2.7960403647121729e-01	   2.1256482952855565e-01	   4.1372056125468154e-02	   1.1843765571391485e-01	   8.6168463422301139e-02	  -2.5345150619469409e-01	
   6.2503436028066883e-01	   0.0000000000000000e+00	   1.7981448805590017e-01	   1.2949798792200690e-01	   8.0230143682196123e-02	   1.0423366197046205e-01	   5.8688574903209008e-02	   3.4838472862706554e-02	   1.6513376588604961e-01	   1.1827961355622475e-01	   2.5508451861435277e-01	   2.1595396114449525e-01	   2.9633383790011580e-01	   1.5451371721014320e-01	   3.3248368011328922e-01	   2.9670539277071117e-01	   5.2165274885750379e-01	   6.0245968966486374e-01	   4.5186265588301233e-01	   6.4293086726167004e-01	   2.6587197201586036e-02	   6.4969150342591042e-02	   8.6624591951047936e-02	  -4.4762835658432663e-02	   9.1411886764639211e-03	   3.5950008541381089e-03	   4.7613378426413701e-02	   1.4369673219092488e-01	   3.7263131042921149e-01	   3.6786738362492405e-01	   1.6995970000559554e-01	   6.0692335977148404e-02	   4.5211538591765188e-01	   3.6724560470734752e-01	  -2.0305656815778602e-04	  -2.3683594586143060e-02	   2.4313377368182332e-01	   2.2901716843572612e-01	   6.3255349319661744e-02	   3.0706443448642712e-01	   2.9799884426400119e-01	   3.4224464545103561e-01	   1.1802246341268506e-01	   1.6222383952689887e-01	  -2.1940950836023035e-03	   4.0830020192154093e-02	   1.5872632080475216e-01	   1.9088631316758858e-01	  -1.3191837418966658e-02	   1.7351148175230608e-02	   3.8794251246335974e-02	   1.1425000238671172e-02	   2.7259432067684708e-01	   1.2466144745155849e-01	   8.9137403458759729e-02	   8.8445039679092022e-02	   6.8990715655855106e-01	   8.8707523561521873e-01	   4.5404186801191398e-01	   2.9495099535993907e-01	   2.8241189101967501e-01	   2.5869903166058950e-01	   3.3802587357578751e-01	   2.7811311192962090e-01	  -1.4504854005474038e-01	  -7.7745461658867296e-02	   2.0659009020164698e-01	   1.3538541294839015e-01	   5.6663561121344797e-01	   4.5172238593723363e-01	   4.4200661021744039e-02	   7.8524718142270772e-02	   3.2432282322563466e-01	   4.0998121810367094e-01	   2.6830842436691993e-01	   3.0408655064826018e-01	   2.8884736369308905e-01	   2.9086965574244117e-02	   4.8235862799317814e-01	   6.4689141434435316e-01	   5.9342296466630218e-01	   5.3164413393084242e-01	   2.6389722227845269e-01	   3.6003056653474930e-01	   3.9715151904185725e-01	   3.5242832069332547e-01	   7.7129659281749960e-02	   2.4995534292250093e-01	   4.1332187093139683e-01	   3.5583147140080956e-01	   1.3932976756307597e-01	   4.0666150430287040e-02	  -4.4058347087269002e-02	  -2.3705001048159099e-01	  -2.5705784189345104e-02	   1.4672684597290570e-01	   2.6776539843934749e-01	   1.9667604625748186e-01	   1.2641681109600758e-01	   2.1873945661598296e-02	   3.0040638618322602e-01	   3.1406671061373778e-02	   2.3223016295536331e-01	   1.2599644860362419e-01	  -7.5074164435925739e-02	  -9.5752071605379449e-02	   1.3611531645135025e-01	   3.7320121508432620e-02	   1.9246254600083137e-02	   2.1995360198749964e-01	   2.3308371275742282e-01	   9.1318911363775790e-02	  -6.2772264765275337e-02	   1.4142549263989634e-01	  -5.0617377881026854e-02	  -2.4639701089198648e-01	
   4.9998154147972484e-01	   1.7981448805590017e-01	   0.0000000000000000e+00	   6.7605060171116782e-01	   4.3769281678565680e-01	   4.9163629404053300e-01	   8.0770344527006366e-01	   6.1898755146218232e-01	   4.6915494540241565e-01	   4.4778140821618928e-01	   4.2847949965664195e-01	   4.1185472479629681e-01	   4.4647633971524453e-01	   3.6602979813766257e-01	   5.7285401713042328e-01	   4.8837882013038819e-01	   4.0745839336326639e-01	   2.0666326841151589e-01	   6.6420072607448011e-01	   4.2161861160568370e-01	   3.6209803416499131e-01	   4.4090591496335252e-01	   8.2201900918971138e-01	   6.4439304181980606e-01	   5.3177839238376823e-01	   4.8510644740706588e-01	   4.1407684069999601e-01	   2.1933882784650255e-01	   3.9478186715461888e-01	   2.7572980244303374e-01	   5.8214794682535287e-01	   4.9785356845005968e-01	   4.9156475419092038e-01	   5.1609506244049430e-01	   5.2826451734066715e-01	   5.9031140134275994e-01	   3.9860028012901083e-01	   4.6267799560289513e-01	   2.3930880897885420e-01	   3.4280702327767915e-01	   4.9427463746915812e-01	   3.4548081899201777e-01	   5.0243840058449862e-01	   4.2289524086646058e-01	   4.5544894594413499e-01	   3.7407593988589349e-01	   3.7800874792961930e-01	   4.4906392508817783e-01	   4.6352411384163017e-01	   4.1814602132618744e-01	   6.0476330493123265e-01	   5.1523670197761828e-01	   5.0152524415068456e-01	   4.3060071572662567e-01	   4.2371019782846764e-01	   3.7671331025723964e-01	   3.2724879021971942e-01	   1.5362724754154075e-01	   3.9587643264063765e-01	   3.8983370466465417e-01	   4.0743348955066511e-01	   4.1146848702860306e-01	   3.4831238787611801e-01	   4.0498175948921111e-01	   5.4227504481358402e-01	   6.2874045748270913e-01	   6.0707299694600847e-01	   6.5408404036132528e-01	   2.0610398047227899e-01	   3.5360524249056974e-01	   2.4652900177714748e-01	   2.6558047965765974e-01	   4.7598914142231830e-01	   3.4899553556058543e-01	   5.4645156474843715e-01	   4.2681795806587364e-01	   5.0130060347205818e-01	   2.2159563205493393e-01	   3.4771803837766235e-01	   3.5763665796706162e-01	   3.7317596587878360e-01	   5.0219182150680020e-01	   3.9901712417760549e-01	   4.3908744916768505e-01	   6.3983741274658379e-01	   6.7280370254710165e-01	   1.1352758616356542e-01	   3.9887884345288183e-01	   7.0979443268892872e-01	   6.9527307215325429e-01	   4.4046907916349370e-01	   3.3164301759437942e-01	   2.7585095493891615e-01	  -4.0815097265329681e-01	  -3.2886792632859418e-01	   4.3837572801965360e-02	   1.3989751168675438e-01	   2.4291306622997577e-01	   2.9254203269375856e-01	   3.6909301955512630e-01	   4.3108435109675249e-02	   2.5996608780388580e-01	   2.8305504630051714e-01	   4.7368813139742327e-01	  -2.2040821253730214e-03	  -3.0459429680217025e-02	   4.1501526232757407e-01	   3.1450347833060066e-01	   2.5581482841891802e-02	  -1.1229237293113720e-01	   4.2438561611954295e-01	   3.9501207849156533e-01	   3.3463174094144521e-01	   1.3642191773733930e-01	   1.4073580877957995e-01	  -4.6432312284386740e-01	
   2.9724289054768005e-01	   1.2949798792200690e-01	   6.7605060171116782e-01	   0.0000000000000000e+00	   3.4594730637623677e-01	   6.3883031591194894e-01	   7.2705656816034481e-01	   8.3158213825124483e-01	   3.8317768265093860e-01	   5.2456054744933955e-01	   2.2795747488543155e-01	   5.4278310193209078e-01	   2.8995387391033356e-01	   4.0342211913755510e-01	   3.6660475405839638e-01	   5.4122259960140562e-01	   2.4689813482154893e-01	   8.7800549611450424e-02	   4.3849967135580392e-01	   4.2357996990277913e-01	   2.4685021739488600e-01	   4.0149479431699348e-01	   5.9561485835428740e-01	   7.9781562630636105e-01	   3.9912378445815855e-01	   4.6412232247518581e-01	   3.1676246023657795e-01	   2.2164558593915423e-01	   3.0457146713551686e-01	   3.7827730858647574e-01	   5.9803864767374160e-01	   6.8712764763720857e-01	   3.6020188207178427e-01	   6.0740768474401885e-01	   3.8351917284766995e-01	   5.8396684459418990e-01	   1.3041001626158175e-01	   2.9798747511170431e-01	   1.9236310510854765e-01	   3.7856316647870281e-01	   3.1429683313139573e-01	   3.7459279911059262e-01	   5.1896300890195612e-01	   5.4612834040187375e-01	   6.0895631100015768e-01	   5.9638069184776699e-01	   4.0065016985973179e-01	   5.1236336114620995e-01	   6.0774599440958454e-01	   5.4661718579140972e-01	   6.6337548845135497e-01	   5.6642676324640684e-01	   4.9166816379797162e-01	   4.0100549195921237e-01	   4.0421529455451488e-01	   3.8770535286142638e-01	   1.3844395497512221e-01	   7.8722965600104538e-03	   4.7648566440854540e-01	   3.6856316692821056e-01	   4.0700203698386461e-01	   5.6271793166386075e-01	   2.4672629623263706e-01	   4.8222175761601926e-01	   5.0595536620212256e-01	   8.0482959813090771e-01	   5.9334513505449238e-01	   7.4779343340793203e-01	   4.4901911204587738e-02	   2.4376607803617506e-01	   2.4844696894291873e-01	   3.2555764500187367e-01	   4.7635166857632971e-01	   4.4091116653421702e-01	   4.4485781763687904e-01	   4.8848172925802330e-01	   3.8165109485473225e-01	   2.5864848470950463e-01	   2.0697656967161954e-01	   2.1554420907630256e-01	   3.1928578356337983e-01	   3.9697278768258337e-01	   3.2145082366083733e-01	   4.6252658703513472e-01	   4.8893834966263844e-01	   6.1536777808734566e-01	  -4.7142446730326061e-02	   2.7560264158235565e-01	   5.7740417005003564e-01	   6.3232124594428640e-01	   5.2354504028089299e-01	   2.9969500821912076e-01	   3.9146517886028853e-01	  -3.2736556835893332e-01	  -9.4676001919771241e-02	   2.5642788748096190e-01	   2.3484522568369290e-01	   2.8965918084943365e-01	   3.4192782909923247e-01	   3.5571412474644615e-01	   1.3478637921818781e-01	   3.3617501854806275e-01	   3.4650455735211327e-01	   4.4695319525659705e-01	   8.8678974649484238e-02	  -9.1457262361307797e-03	   3.4779274274963845e-01	   2.8668378831014879e-01	   3.1055234161702261e-01	   1.3418842262199523e-01	   4.8317560611447347e-01	   4.3194786972708576e-01	   4.0855856166321836e-01	   2.4006251173294776e-01	   2.3149062880195040e-01	  -3.2297458507111509e-01	
   1.7840642324471118e-01	   8.0230143682196123e-02	   4.3769281678565680e-01	   3.4594730637623677e-01	   0.0000000000000000e+00	   6.6992143262724579e-01	   4.1420546669481390e-01	   3.7760441053254945e-01	   7.5876621919459075e-01	   6.4921483554302450e-01	   2.7333359467079249e-01	   2.4561711192334684e-01	   2.5572447792828740e-01	   2.6811350221590724e-01	   6.4366944205148302e-01	   6.4623382017176267e-01	   3.4495395040537036e-01	   1.8465851875090900e-01	   2.1449789846306472e-01	   2.5770180766067508e-01	   3.3565383894406914e-01	   5.0902176292733181e-01	   4.0685187953227731e-01	   3.4654209673892683e-01	   3.6681068341342360e-01	   3.7763928343068459e-01	   6.2916170373471070e-01	   6.1801472652753064e-01	   3.2468255650152256e-01	   2.9462549981354375e-01	   3.1624772940491824e-01	   2.7729605731858464e-01	   2.5894419727903362e-01	   2.9928226715993944e-01	   3.9197341698571209e-01	   3.8037816845165012e-01	   3.5509650542278026e-01	   2.2829015677357747e-01	   3.8584863264168501e-01	   2.8840825541426013e-01	   4.4289294043330812e-01	   1.8016467662574417e-01	   3.8355432268257139e-01	   2.8464334692678844e-01	   3.5049193821521885e-01	   2.7057877832292687e-01	   2.9267336489963647e-01	   2.9046705767981329e-01	   2.7954496391556649e-01	   2.4348225357191561e-01	   3.1319722262053667e-01	   2.2190626747362752e-01	   3.2806750450958133e-01	   2.5190635443533616e-01	   3.3759213286711098e-01	   2.7095714780181424e-01	   1.9438263906551162e-01	   1.8670047178059845e-01	   3.7680200014719534e-01	   4.2063595269421789e-01	   2.0407257106843957e-01	   2.9897261568346667e-01	   6.5443561949206974e-02	   2.3857042126190348e-01	   3.6235998799873070e-01	   3.5648355062225906e-01	   4.8724083398361340e-01	   4.7772909156769017e-01	   2.2975938333007107e-01	   3.3241114647791870e-01	   2.3870011850083839e-01	   3.4468376300215858e-01	   2.9778187716739868e-01	   3.2672922688206996e-01	   3.2289878290394458e-01	   3.6203513685851374e-01	   1.1944263348154124e-01	  -1.1963701443396256e-01	   4.4228699172638075e-01	   1.8159529373403957e-01	   4.0381142959950989e-01	   4.5937841844341859e-01	   3.9498490072925829e-01	   4.5638748322157813e-01	   6.1116916368641516e-01	   5.3140632025899848e-01	   3.4400344637513491e-01	   3.2930459083301589e-01	   5.0099871135258245e-01	   4.9568194183999648e-01	   2.9660455536141106e-01	   1.9108820451103406e-01	   8.9665844593260935e-02	  -2.6436338110448343e-01	  -2.3504322661560256e-01	   1.9627077726015810e-02	   1.7237815244884874e-01	   1.2056134542387964e-01	   2.6858921381420797e-01	   2.4579371130926034e-01	   1.6723787688953515e-01	   6.4754238362195599e-02	   3.4679632268060889e-01	   2.9577074945836845e-01	   4.3943634449586093e-02	   1.1074334334541077e-02	   2.1892898971211072e-01	   2.5039634871960936e-01	   4.4885885040771206e-02	  -1.9343886718852404e-01	   2.0378922932515303e-01	   2.3055931954949249e-01	   2.2668337291113189e-01	   2.7711091039842500e-01	   2.6956782116155364e-01	  -2.6237096687436384e-01	
   8.4007273093660573e-02	   1.0423366197046205e-01	   4.9163629404053300e-01	   6.3883031591194894e-01	   6.6992143262724579e-01	   0.0000000000000000e+00	   4.3375308890043929e-01	   4.7825377540373859e-01	   4.9454838169371007e-01	   6.5289660860481713e-01	   6.3529377990781483e-02	   2.5151374123062009e-01	   1.0034295170814804e-01	   2.7095539206294694e-01	   5.4682204264270418e-01	   6.5529557847768549e-01	   2.2520487125473260e-01	   2.9240773676627278e-05	   2.3341155747061137e-01	   3.0007510702953255e-01	   3.2143622275557582e-01	   5.1458026725840067e-01	   5.5607882018024313e-01	   6.2754122555917879e-01	   5.6762974140178812e-01	   6.6953421139804892e-01	   6.1340337915524934e-01	   5.2310663242051036e-01	   1.4966905582078899e-01	   2.2646512262547824e-01	   3.7629942198337640e-01	   4.3893115817686312e-01	   1.9054860557829262e-01	   4.1571566617104994e-01	   4.8869833679773994e-01	   5.5778184509999129e-01	   2.8440240755944535e-01	   1.9402904326683063e-01	   2.6168989793154473e-01	   2.8638123645888536e-01	   3.1003212432058502e-01	   1.6397354210792092e-01	   5.1423261118676256e-01	   4.4510339590876891e-01	   5.4611528257120012e-01	   4.6738230355085852e-01	   3.9522502887162375e-01	   4.1110224138151930e-01	   5.2374547151902995e-01	   4.6755204013300622e-01	   5.7084382283512769e-01	   4.8587561077780961e-01	   5.4515088853160198e-01	   4.2186091970299811e-01	   3.8234266868074684e-01	   2.8326404461355720e-01	   9.1885374421954297e-02	   7.6736069053942008e-02	   4.0750861853628850e-01	   3.9283750082068736e-01	   9.8338033875283754e-02	   2.6571792493786289e-01	  -7.2090745032565406e-02	   1.5679657128296637e-01	   3.7855972469840965e-01	   5.5153490733814303e-01	   5.9732687173773835e-01	   6.0814306558469189e-01	   2.1997241162555858e-01	   4.3869234669026236e-01	   2.0714032955372053e-01	   3.4679499273057118e-01	   2.8927251065373483e-01	   4.0609664933488265e-01	   3.2816356536008828e-01	   4.1314515278287045e-01	   1.6586196877139739e-01	  -9.3307780390663279e-03	   3.6854547669351467e-01	   1.6290089096013066e-01	   3.7330773725077504e-01	   3.7889663893720260e-01	   2.6024828526046423e-01	   3.7685269218356121e-01	   5.9725852089740206e-01	   5.4888830973701297e-01	   1.5949517634556878e-01	   2.1760061480723028e-01	   4.7813470092826788e-01	   5.4307348721735837e-01	   4.7840264286725848e-01	   2.3038924152371207e-01	   2.7776209662737095e-01	  -2.7123680543236861e-01	  -1.5829741425894875e-01	   5.8768715742980933e-02	   2.0515143949362774e-01	   1.4335254861921282e-01	   3.5067598541513145e-01	   2.8606121141069296e-01	   8.1133122979544156e-02	   1.9845182820586382e-01	   3.8637918228829632e-01	   3.8319368242995983e-01	   1.0170261527571822e-01	  -1.0602810523136869e-01	   3.2036453819640459e-01	   2.1165006518597707e-01	   1.4612095269197883e-01	   1.0166314304862461e-03	   3.2324625664491258e-01	   3.7750438645822476e-01	   3.7924092580794433e-01	   4.0029368187738040e-01	   2.2234727288755279e-01	  -3.9067536172430117e-01	
   4.6363140920543500e-01	   5.8688574903209008e-02	   8.0770344527006366e-01	   7.2705656816034481e-01	   4.1420546669481390e-01	   4.3375308890043929e-01	   0.0000000000000000e+00	   8.4946978785831029e-01	   5.3707476262406439e-01	   4.7022538438418265e-01	   5.3251607186269101e-01	   7.0355189324024603e-01	   6.0149718047780432e-01	   6.1184601328996879e-01	   5.0985976115145770e-01	   5.2453518205729721e-01	   3.6881986845777576e-01	   2.2826931826880784e-01	   5.8022094352630371e-01	   4.0014477902778667e-01	   2.3885311667223016e-01	   3.4269726101284687e-01	   5.6138103325111843e-01	   5.3843975318965420e-01	   2.5753544685864682e-01	   2.5076891843473409e-01	   1.8160811741140245e-01	   4.9905814553338666e-02	   5.3214003661483567e-01	   5.1075362868373553e-01	   5.2386963245655227e-01	   5.5507458922075903e-01	   4.6074538515881347e-01	   5.0459187149441775e-01	   1.7629226649202318e-01	   3.3026269704102162e-01	   2.0075257051406803e-01	   3.0671678580821715e-01	   2.0556610945899667e-01	   2.6333609014416903e-01	   4.6136531352541910e-01	   3.7094738464037036e-01	   3.6060780893861055e-01	   3.6549301135247581e-01	   4.4737523473730612e-01	   4.0340502666095351e-01	   3.0076708892157977e-01	   3.5901843184160115e-01	   4.2497443154832881e-01	   3.6296513515919149e-01	   5.1084923504917246e-01	   3.9197531122519291e-01	   3.5518137788412241e-01	   3.2923247764109165e-01	   3.6563616652426795e-01	   3.6001758850951893e-01	   1.8856441168744001e-01	   2.2729720277445863e-02	   4.1198427868820842e-01	   3.5067285024399092e-01	   6.2855031700361241e-01	   6.6777307376839112e-01	   5.2758931194334502e-01	   6.9423333262615350e-01	   6.0626040242231416e-01	   6.4664754267177427e-01	   4.9681571960306303e-01	   6.0398369693285203e-01	   2.8111932080845420e-02	   1.5015534164715741e-01	   3.3574936771850161e-01	   2.7497801131990529e-01	   5.9407766073882895e-01	   5.1342361190227370e-01	   5.9956088190519763e-01	   5.8326107955532591e-01	   4.3388873948945667e-01	   2.3225960602733539e-01	   1.8123441383542013e-01	   1.9379973922505567e-01	   3.3313161985634127e-01	   4.5274515900176970e-01	   4.7009766966576955e-01	   5.3581527170726306e-01	   4.4258621266872089e-01	   5.8552259738567591e-01	  -3.3195320338079856e-02	   2.5360058821758846e-01	   6.4986118576363550e-01	   6.5547552988931479e-01	   4.6502758264505778e-01	   3.1302248137008315e-01	   3.0347508082277436e-01	  -3.9891701402418961e-01	  -1.8728862136623325e-01	   1.5983633602648709e-01	   1.5906885743888605e-01	   2.7337157411258173e-01	   3.1462806940975951e-01	   3.9966706019496262e-01	   1.4100109822671780e-01	   3.3463043956803462e-01	   2.9654960541708414e-01	   4.7876536348062609e-01	  -1.5990883407282327e-02	  -2.3518977056366602e-02	   3.7661896303439046e-01	   3.2737153970229849e-01	   1.6073288836091471e-01	  -2.2959940706243027e-02	   2.5816415295831391e-01	   3.5816389257432996e-01	   3.6480008444672041e-01	   1.2872184521524854e-01	   1.9828750565246142e-01	  -3.4499306451489065e-01	
   3.4546430354108792e-01	   3.4838472862706554e-02	   6.1898755146218232e-01	   8.3158213825124483e-01	   3.7760441053254945e-01	   4.7825377540373859e-01	   8.4946978785831029e-01	   0.0000000000000000e+00	   4.8656624278237548e-01	   4.9581030286611699e-01	   3.8229665233407678e-01	   7.3097889176627995e-01	   4.9315945681063772e-01	   6.0136967292686894e-01	   4.0494363387209542e-01	   5.4455102368782782e-01	   2.8853869535143739e-01	   1.5173766293696067e-01	   4.8215059805379323e-01	   4.3115598976048469e-01	   1.0879259929495511e-01	   2.4789590482524754e-01	   5.0577790755238328e-01	   6.8073057159323058e-01	   1.4050064448842808e-01	   1.8145377021975265e-01	   6.2589897594102689e-02	   2.6002537103658439e-02	   4.5359553116818080e-01	   5.2552172840436295e-01	   5.6506313821790610e-01	   6.4651960846744982e-01	   4.0592265288720120e-01	   5.6150190434455571e-01	   1.1547889696294361e-01	   3.5142922156414441e-01	   7.7401869345874980e-02	   2.6861310322736470e-01	   1.2996147292782440e-01	   3.1452713076788436e-01	   3.3114887962863726e-01	   4.0455345570391255e-01	   4.1307288760765454e-01	   4.1802600042625726e-01	   5.4002823860779914e-01	   5.3006479721226263e-01	   3.2317929722176675e-01	   4.1998568277911230e-01	   5.5936368404805592e-01	   5.0539305609864771e-01	   5.6968147875322594e-01	   4.9417980495229880e-01	   4.1972447781369959e-01	   3.2969914355408636e-01	   4.1240889446193707e-01	   4.0315213514887638e-01	   1.2340198538436228e-01	  -4.0067626650200819e-02	   4.9265182903256910e-01	   3.7221222717960245e-01	   5.5509057970510312e-01	   7.9195077460819929e-01	   4.6325240497127207e-01	   7.4406611201060291e-01	   5.0455997937922969e-01	   7.2851307226770001e-01	   5.1156509514337445e-01	   6.7045887936732340e-01	  -4.8314784353088846e-03	   1.6753062884432718e-01	   2.6424799062741666e-01	   3.1575110738061063e-01	   5.2874289197410063e-01	   4.7713620311026839e-01	   4.5722951378261312e-01	   5.5095594394367398e-01	   3.7179747115312300e-01	   2.1641890967318528e-01	   6.5373502966711558e-02	   6.0208178204348289e-02	   3.3931024188588960e-01	   3.8063322663232513e-01	   4.5790193379114341e-01	   5.9780003274391591e-01	   4.0080226949313302e-01	   5.4225021708248611e-01	  -1.2261582159017195e-02	   2.6095970581530964e-01	   5.7818161989293104e-01	   6.6659634504663456e-01	   5.5724136049242579e-01	   3.2936825849128631e-01	   3.9638960111340482e-01	  -4.3529912660262760e-01	  -8.3684208419950390e-02	   2.4727989041747944e-01	   2.6777756406838338e-01	   3.2823272916079127e-01	   4.1289920821445880e-01	   4.1751047966919563e-01	   2.3050132847334726e-01	   3.5411524734588506e-01	   4.0873913430145692e-01	   4.1958926377615663e-01	  -6.9633243035095464e-03	  -3.6669401410886190e-02	   3.7447362259054551e-01	   2.7247794002994163e-01	   2.5969740904585242e-01	   6.0722177459314380e-02	   3.0235515187487860e-01	   4.0941415857057217e-01	   3.9877128266198475e-01	   1.5919051956083946e-01	   2.4025183902320416e-01	  -3.1478609344925079e-01	
   3.6937561824768977e-01	   1.6513376588604961e-01	   4.6915494540241565e-01	   3.8317768265093860e-01	   7.5876621919459075e-01	   4.9454838169371007e-01	   5.3707476262406439e-01	   4.8656624278237548e-01	   0.0000000000000000e+00	   7.0899714148958459e-01	   4.2431704288785638e-01	   4.6491846231129752e-01	   4.7805060722174336e-01	   4.6816519164338977e-01	   7.1780620332864631e-01	   6.7370373428661634e-01	   4.3468258637124291e-01	   3.4439659812754575e-01	   3.8031621735714588e-01	   3.4626286609273210e-01	   1.6964496872240020e-01	   3.3684929360898341e-01	   3.8568418164790907e-01	   2.8275082474408936e-01	   2.0070219313051971e-01	   2.0660888116216608e-01	   3.5436368849559097e-01	   3.7975965079388430e-01	   4.3414078233432984e-01	   3.7533647522934327e-01	   2.8921453905162642e-01	   2.7969682088351511e-01	   3.1761617250292051e-01	   2.7366915342466125e-01	   2.4725416856892676e-01	   2.5823837805676969e-01	   3.8228543449984259e-01	   2.1193550224594315e-01	   3.3371184848959490e-01	   2.8528807667676415e-01	   3.5156859713504446e-01	   2.0134308050628863e-01	   3.3674744567480763e-01	   2.9988866814982801e-01	   2.8996541888141747e-01	   2.3765674640728049e-01	   3.4026961417589541e-01	   3.4978933946890012e-01	   2.5532312090551212e-01	   2.6075510571273619e-01	   3.2737623556532791e-01	   2.3670460537465624e-01	   3.1733902616706078e-01	   3.1972797899735339e-01	   3.7918402569160919e-01	   2.9220663176535822e-01	   3.6544013224104360e-01	   1.8101504116429412e-01	   3.2772988555335980e-01	   3.2410004185805630e-01	   3.4675897595394983e-01	   3.6831882237139546e-01	   3.0599792012097271e-01	   3.9929222721737573e-01	   4.6471544267188414e-01	   3.9356498495584208e-01	   3.5655832973564472e-01	   4.1183497714234096e-01	   2.7247419600944289e-01	   3.3004863461735767e-01	   2.3856689487374816e-01	   3.2259354399923346e-01	   3.5050541599489610e-01	   3.6104107575564015e-01	   3.0024764348842037e-01	   3.6793360141720999e-01	   2.6133092757058940e-01	  -3.2726720923814678e-02	   3.9293790766858244e-01	   2.4354055620858256e-01	   4.5496158145592275e-01	   5.4293797141147770e-01	   4.3051503772190702e-01	   5.6151273418066805e-01	   5.7731856802666603e-01	   5.9641601738973349e-01	   2.5567799029009924e-01	   4.0692172329474102e-01	   4.8736166281674637e-01	   5.4493604164840936e-01	   3.3242822305849290e-01	   2.5363580297923011e-01	   1.2882808814143404e-01	  -2.3330778124432541e-01	  -2.2728257350928174e-01	   6.4496670883259444e-02	   2.5986669222436337e-01	   1.7867628879956207e-01	   3.5146900015857918e-01	   2.9716177454697290e-01	   2.5305737905254932e-01	   1.0626102450479177e-01	   4.0749046374287512e-01	   2.3944596569729734e-01	   5.3144812544411148e-02	  -8.0633327691357519e-04	   2.4766722478284720e-01	   1.8112752178190958e-01	  -1.5388775864938226e-02	  -1.2665512148232586e-01	   1.7718578959287287e-01	   3.0074443960870273e-01	   2.5414236465621193e-01	   1.7563312394585612e-01	   1.9959759449236331e-01	  -3.0495830842307675e-01	
   2.7415041267556484e-01	   1.1827961355622475e-01	   4.4778140821618928e-01	   5.2456054744933955e-01	   6.4921483554302450e-01	   6.5289660860481713e-01	   4.7022538438418265e-01	   4.9581030286611699e-01	   7.0899714148958459e-01	   0.0000000000000000e+00	   2.4873497940187611e-01	   4.2786569688583498e-01	   2.1973900109378980e-01	   3.7908506507090600e-01	   5.4157721688203464e-01	   7.3764875562567644e-01	   3.1386302531712107e-01	   1.4045740307925664e-01	   3.4216393846001114e-01	   3.4243032766587611e-01	   1.3492421560285006e-01	   3.3022599652878665e-01	   4.5318580620051407e-01	   4.4864137500907897e-01	   4.8370457381142995e-01	   5.3957425463757480e-01	   5.2169079612624825e-01	   2.2345278054380019e-01	   1.9998282133678838e-01	   2.5890125521560164e-01	   2.2624416611350029e-01	   2.7040705960578532e-01	   1.9920436998744168e-01	   3.1459155776134567e-01	   3.7179278518260772e-01	   3.6518246575769664e-01	   3.2582395246091594e-01	   2.4081790591034441e-01	   2.6658403661855856e-01	   1.9580025483697644e-01	   1.9167100023535036e-01	   1.5144689620982141e-01	   3.0693675723665748e-01	   2.5173910440646152e-01	   2.9570198927491353e-01	   2.2537309260848315e-01	   2.1816747125576147e-01	   3.0704353473511442e-01	   3.6642257994031785e-01	   3.2016575745436199e-01	   5.2330271476464918e-01	   3.5482730104880622e-01	   4.3830179309575923e-01	   3.4314470399246189e-01	   3.2365556282510638e-01	   2.3088469354990432e-01	   1.7578620784725174e-01	   6.9046781920954037e-02	   3.6121850438686343e-01	   2.2901034593839351e-01	   2.8872679761000036e-01	   3.5810299278923230e-01	   1.0845428715964256e-01	   2.9671783440715299e-01	   4.0334079395644395e-01	   5.1814638120303314e-01	   4.0115646398523847e-01	   3.8108460823589263e-01	   2.2859780809767555e-01	   3.9918700356613196e-01	   1.5685776665159940e-01	   2.8775940528983124e-01	   2.7731603363154689e-01	   3.4620619505703604e-01	   2.6402776438193820e-01	   3.2129624177804733e-01	   1.5346794047723233e-01	  -9.6270859583906174e-02	   3.2370326637836982e-01	   9.3042976850482906e-02	   4.0349679059209093e-01	   4.1677471718262998e-01	   2.1631127181369042e-01	   3.6985584853471254e-01	   5.7817063112186795e-01	   5.8837291388935598e-01	  -7.0604218373519906e-02	   1.4820639681594663e-01	   4.9844909977060220e-01	   5.9711300795758149e-01	   4.4808267332191842e-01	   3.2416470308001266e-01	   3.8547729137360454e-01	  -9.2293698198824936e-02	  -2.0312549688778114e-01	   7.1218478366552221e-02	   1.2973949686864983e-01	   1.1535416772801635e-01	   2.7303823926261589e-01	   3.5137606606120697e-01	   2.3907196438625183e-03	   1.6499204272197862e-01	   3.2195164022265549e-01	   3.4216987123924714e-01	   1.8528581156774079e-01	   2.0429445181637213e-02	   2.9729517228754054e-01	   1.8556877397985644e-01	   7.3539844201734442e-02	   7.6400692304592344e-02	   2.9538410130952730e-01	   3.7796277004318984e-01	   3.6134020325416583e-01	   2.8735017665742213e-01	   2.0401518488797801e-01	  -2.7413047740768987e-01	
   5.9572724245418529e-01	   2.5508451861435277e-01	   4.2847949965664195e-01	   2.2795747488543155e-01	   2.7333359467079249e-01	   6.3529377990781483e-02	   5.3251607186269101e-01	   3.8229665233407678e-01	   4.2431704288785638e-01	   2.4873497940187611e-01	   0.0000000000000000e+00	   6.7613538169685095e-01	   8.6891654905951143e-01	   6.6437967002369591e-01	   5.6268131288775725e-01	   4.1580837592192077e-01	   3.6574805615562378e-01	   4.0251209109319380e-01	   5.0678892651829255e-01	   2.3689631838152420e-01	   2.0261989155835061e-01	   2.0748744313780104e-01	   3.0004914030140006e-01	   1.1214434824180025e-01	   7.6299600382385119e-02	   3.3970212026951524e-02	   1.2418969944058283e-01	   6.7640345656989870e-02	   5.7871570677538919e-01	   4.2223173907193479e-01	   3.7956637290925377e-01	   3.0285290465170267e-01	   3.6323575882122172e-01	   2.8898498785405380e-01	   3.7183610946149942e-02	   7.7138861008104437e-02	   1.1010395572231105e-01	   8.0501277805001548e-02	   9.0104844048424199e-02	   3.3679248628614385e-02	   2.8861716690871131e-01	   1.4024214830662318e-01	   1.7779278330842568e-01	   1.4032412588006943e-01	   7.0345356336427800e-02	   5.5697896476644838e-02	   1.4119317939273729e-01	   1.6428414876618327e-01	   3.9960131388997233e-02	   5.2381465785310825e-02	   8.3283521316411716e-02	   5.1829542377853990e-02	   1.1223862627190440e-01	   7.7967639965994817e-02	   2.2975487276002476e-01	   2.4394537093924029e-01	   2.8277147207388620e-01	   2.1862848824217815e-01	   2.0912361566315157e-01	   2.3628091228848661e-01	   5.8748756122240675e-01	   4.5616187001789543e-01	   6.7437406289956592e-01	   5.0926602966329737e-01	   3.1143391665600106e-01	   1.5753951143968226e-01	   1.1704738184111935e-01	   2.0839226662688803e-01	   2.9921184545297685e-02	   1.7109091151517528e-02	   2.4900181056254117e-01	   1.6320780317497716e-01	   4.1493571432730914e-01	   3.5264082086335835e-01	   3.6808031772434996e-01	   4.2336948127535934e-01	   2.6882323415339354e-01	   1.1629890072234167e-01	   1.7872558840721808e-01	   2.6503804201685910e-01	   3.1557101238811114e-01	   3.9221685071087253e-01	   4.2392895540199338e-01	   4.1904997374476710e-01	   3.1942425608962821e-01	   3.7579624987484328e-01	   6.8971013077789042e-04	   2.6871305495485764e-01	   4.2624480354862093e-01	   3.5319000385915933e-01	   9.5474285188278094e-02	   1.9589540049839915e-01	  -2.8657883417897871e-02	  -1.9361579511016203e-01	  -1.3639273836678523e-01	   2.2454128481633438e-02	   1.3008865041801254e-01	   2.3834126096655692e-01	   1.4327010336733983e-01	   2.3186654612619387e-01	   1.7392878684672805e-01	   6.2810454455199949e-02	   2.3012302481355593e-01	   2.9704343247330078e-01	   1.2769483064628723e-01	   1.3358123979562919e-01	   2.3712015968769909e-01	   1.6791251143614799e-01	  -1.2150134453337186e-01	  -7.6703716843996572e-02	   1.0148373067313848e-01	   7.1905247267609898e-02	   4.6519937713116230e-02	   1.2558109505017440e-01	   1.2511305984161547e-01	  -1.6953114076370276e-01	
   4.9356306052143878e-01	   2.1595396114449525e-01	   4.1185472479629681e-01	   5.4278310193209078e-01	   2.4561711192334684e-01	   2.5151374123062009e-01	   7.0355189324024603e-01	   7.3097889176627995e-01	   4.6491846231129752e-01	   4.2786569688583498e-01	   6.7613538169685095e-01	   0.0000000000000000e+00	   7.4345939236334369e-01	   8.5280906691324199e-01	   4.5896496288748312e-01	   6.0078406523406902e-01	   3.6576242559191890e-01	   4.1806246960436588e-01	   4.7715413784115362e-01	   4.2213466743812411e-01	   1.6335833696662905e-01	   2.3467638370650895e-01	   2.8625115112007304e-01	   3.7916821881142687e-01	   6.0511601250774753e-02	   5.9356451093663637e-02	   2.2854496177927987e-02	  -1.4311828774130281e-02	   5.8916665338277452e-01	   6.4015249189497492e-01	   4.7011600829768824e-01	   5.1158301749866308e-01	   4.0717107655625123e-01	   4.3507158009997926e-01	  -3.0924552465041451e-02	   1.1082418931401644e-01	  -5.5973804028672504e-02	   9.5649829706180176e-02	   1.9712755840105657e-02	   1.3771128647763808e-01	   2.4466232348931105e-01	   2.3115911643370679e-01	   2.2146541260195707e-01	   2.6337323283678771e-01	   2.6122288559111306e-01	   2.6655450386981344e-01	   2.4995940880763667e-01	   3.0725963125098466e-01	   2.8837812669858920e-01	   2.6465240939821633e-01	   3.2851985362948311e-01	   2.2848051392875979e-01	   2.6006329820613611e-01	   2.6571628134611791e-01	   3.0965740354679105e-01	   3.9330514717086967e-01	   1.8866997654018153e-01	   6.4390995314374005e-02	   3.4031721644943624e-01	   1.9334645216075463e-01	   6.4622468228302865e-01	   6.8311353094824456e-01	   6.6235820314528715e-01	   7.7480443084451178e-01	   3.9445667258208506e-01	   4.2127777563160512e-01	   2.3062279317205314e-01	   3.5941147035323107e-01	   1.1098225396508886e-01	   1.5493062871852653e-01	   3.7917910234076529e-01	   3.4472720869921508e-01	   5.6375753787771588e-01	   5.7147431135119409e-01	   5.0954294360153363e-01	   5.8531472641671822e-01	   3.2369969941171123e-01	   2.7036437461529200e-01	   1.2119755287295861e-01	   1.7790249497590305e-01	   3.7389769023395286e-01	   3.9213946322195831e-01	   4.1392122249106300e-01	   5.5629799382181599e-01	   2.7473629656784149e-01	   3.9572597440747026e-01	  -1.3921053969734826e-01	   1.4964599924491354e-01	   4.1293768357058025e-01	   4.9913905926347735e-01	   4.0791853577561316e-01	   3.5350328851665913e-01	   2.4747486844061778e-01	  -2.3250977558794272e-01	  -2.6731525571712801e-02	   1.8030911820770681e-01	   1.6843935859350045e-01	   2.8747013080034828e-01	   3.3465237598944780e-01	   3.8641621222868516e-01	   1.8847745121987827e-01	   2.3004373299727032e-01	   2.8423023047380591e-01	   3.8761831327720508e-01	   1.9672052541021556e-01	   1.2191610357520113e-01	   2.5485089750057327e-01	   1.9443098111696649e-01	   1.9868646957456099e-01	   6.5085637245881234e-02	   1.1899829459288239e-01	   2.8175425535558629e-01	   3.2875865380036395e-01	   2.6466584579446784e-01	   3.0166084493060785e-01	  -1.8884415551610109e-01	
   5.3481348729440414e-01	   2.9633383790011580e-01	   4.4647633971524453e-01	   2.8995387391033356e-01	   2.5572447792828740e-01	   1.0034295170814804e-01	   6.0149718047780432e-01	   4.9315945681063772e-01	   4.7805060722174336e-01	   2.1973900109378980e-01	   8.6891654905951143e-01	   7.4345939236334369e-01	   0.0000000000000000e+00	   7.7951310212127956e-01	   5.9275710309440588e-01	   4.9470373852738947e-01	   3.6376013356010728e-01	   4.5640866270281888e-01	   4.4137746910523001e-01	   2.6544446456405590e-01	   1.7469500044398800e-01	   2.4986102446762343e-01	   2.7171829741121800e-01	   1.3560645579960076e-01	  -1.3923669111313316e-02	  -4.5186539326868114e-02	   5.2671651168134985e-02	   1.2264629758882092e-01	   6.0129167732246647e-01	   4.6373804964129883e-01	   3.9882276024984498e-01	   3.3664775185558504e-01	   3.9018760918233897e-01	   3.1399428281157871e-01	  -6.3301588791471242e-02	   9.3769092516701874e-03	   9.8446541744341629e-02	   1.0170102417349250e-01	   1.3693608008491498e-01	   1.6782477482107519e-01	   2.6742784474165804e-01	   2.1918461052903948e-01	   1.9870069642282437e-01	   1.4335444747429443e-01	   1.1913152571813493e-01	   1.0044404309881305e-01	   1.8899232703162983e-01	   2.0580020020944859e-01	   1.1891480624710016e-01	   1.0913076895829793e-01	   1.7777338538764312e-01	   1.0356616999815929e-01	   1.8063214112009390e-01	   1.6540138332640519e-01	   3.0604182032180183e-01	   2.9949172695311993e-01	   3.1371452242331543e-01	   2.0748669074816217e-01	   2.3371711014990093e-01	   2.8827935786505332e-01	   5.8362991086617499e-01	   4.9226056308275118e-01	   6.3280762554242642e-01	   5.7645934131105536e-01	   3.4223581946901233e-01	   2.3043784952512697e-01	   1.2947856977363911e-01	   2.5351161586808235e-01	   5.7052536340016488e-02	   7.7409447400371784e-02	   2.5794969032705156e-01	   2.0862400655602109e-01	   4.4982882560447829e-01	   4.1430479862066860e-01	   3.9178932678858180e-01	   4.6142333405634506e-01	   2.7024080461384481e-01	   7.4897033519120471e-02	   1.7803201537865526e-01	   2.7204160191585636e-01	   3.3130857081043796e-01	   4.4490682154142119e-01	   4.3478967794381801e-01	   5.1594799280384829e-01	   2.9919157698802912e-01	   3.9950405318583987e-01	   6.0015520139847824e-02	   3.3142071604736528e-01	   4.3892828926146388e-01	   4.1567573154920173e-01	   1.7484912363511354e-01	   2.0711094333649716e-01	   4.4276985949539054e-05	  -2.2351924675428653e-01	  -8.8140220956256482e-02	   1.0725640175895998e-01	   2.0305026718629143e-01	   2.1425712192582064e-01	   1.8057373114692288e-01	   1.8439666219452583e-01	   2.6891011313735308e-01	   9.2905285919274133e-02	   2.8046928211511862e-01	   2.8834862809876360e-01	   9.4738148905918168e-02	   5.2857618339783870e-02	   2.7472351915597065e-01	   1.3529646218053701e-01	  -4.0067152681294890e-02	  -3.9605504779120615e-02	   1.0341382009414349e-01	   8.1547142755452176e-02	   1.2982261756719066e-01	   1.3605825218039641e-01	   1.5143396974123879e-01	  -2.6346087638322324e-01	
