   0.0000000000000000e+00	   7.1185097432964117e-01	   4.9502305424589210e-01	   5.2833150128383144e-01	   5.7065173465871111e-01	   3.6707642512256849e-01	   6.3992639025241960e-01	   5.2822773963860892e-01	   6.3637781013668815e-01	   5.1346144423701456e-01	   7.9994654588759961e-01	   4.4827706881138668e-01	   6.8268077752496126e-01	   4.7660381952590436e-01	   6.2062950176117559e-01	   5.0809052743099192e-01	   2.4320124364175821e-01	   1.6341846047350919e-01	   7.5957009431230715e-01	   6.1179900205432902e-01	   3.0201580307595199e-01	   1.8291480673233995e-01	   2.7191811792498233e-01	   1.5373576917910597e-01	   2.2005589658429581e-01	   1.3083117966880714e-01	   3.4789677040813949e-01	   3.4110698798730876e-01	   3.4637545668223391e-01	   3.1190767669109243e-01	   2.0996974683668262e-01	   1.9821070022407020e-01	   4.5937559750157086e-01	   4.2663884809831648e-01	   9.9576363143238686e-02	   1.3455159069876526e-02	   1.2005830149192243e-01	   1.5018193781901185e-01	   2.4622915738256129e-01	   3.0205787594027228e-01	   3.2784154376473357e-01	   3.8859707367525892e-01	   2.1400906179871954e-01	   1.2528730156085999e-01	   2.6495808216871375e-01	   2.4704645544328108e-01	   3.0077603654482649e-01	   2.7389719754631014e-01	   4.7793008759652017e-01	   3.5508110616628069e-01	   5.0399706662449084e-01	   3.4709118340005141e-01	   3.6341904172615336e-01	   5.6627887953021439e-01	   4.4016507754456025e-01	   5.6823552175386505e-01	   6.9870357410701023e-01	   6.4040473162194966e-01	   6.3939557774487588e-01	   4.5616328197216383e-01	   7.2146709723140878e-01	   5.3305121985194470e-01	   3.4494547542729359e-01	   3.6264232444512229e-01	   4.2111493495314373e-01	   4.0689303543175326e-01	   3.9826611214229551e-01	   1.7733686890268630e-01	   5.3221909361256459e-01	   5.5103328271472884e-01	   2.1249621493106430e-01	   1.6073103497720234e-01	   3.0094513026314551e-01	   2.8438421612450682e-01	   4.3476856276555359e-01	   4.3468196475446391e-01	   3.3226047044934903e-01	   2.5841188322101805e-01	   9.0272509806648749e-02	   2.7824724296806536e-01	   2.4682566146549717e-01	   3.0067932674061570e-01	   5.7349476948666855e-01	   4.8658220012565323e-01	   4.7224685992105475e-01	   4.1455427874449780e-01	   3.3981557342818108e-01	   1.9949741562730589e-01	   5.4129246354294669e-01	   5.9740547067621419e-01	   4.5325911515301565e-01	   3.0582486877686615e-01	   2.7997676931731241e-01	   3.2744668086722950e-01	   2.0086653398583021e-01	   2.1471139767667569e-01	   2.6027864567846853e-01	   2.7878297094666071e-01	   3.4368426822958903e-01	   5.1129421211303394e-01	   1.0115716979790396e-01	   1.7163302300387767e-01	   7.7484083415774938e-03	   2.4258756041342944e-01	  -1.6107309919869545e-01	  -7.0130073702426438e-02	  -6.4493716587280181e-03	   2.5617310128699328e-01	  -5.1232269327148590e-02	   1.2490688679186221e-01	   1.4067802122707324e-01	   1.7978671293912771e-01	   3.1950427202286047e-01	  -4.3589244435418020e-02	  -2.7259578731057038e-03	  -2.2791497488623660e-01	
   7.1185097432964117e-01	   0.0000000000000000e+00	   1.7285397973620098e-01	   4.2641494988299533e-01	   2.7641381847919377e-01	   2.4781103687622125e-01	   2.2839599448431874e-01	   4.1825469897580947e-01	   3.4036229007719787e-01	   4.7455433666039393e-01	   5.4184223054063507e-01	   5.4227913022467522e-01	   4.7730345788455125e-01	   5.2528789860985681e-01	   4.1017527429549522e-01	   4.5941084718707664e-01	   2.0508376945925483e-01	   2.2602412128478661e-01	   5.6397575837538727e-01	   7.1317308699262372e-01	   1.1930891008883072e-01	   6.9180367228463727e-02	   4.2516670161163547e-02	   1.4640412750111385e-02	   1.1496250137202235e-01	   3.4519291157726291e-02	   2.0984232478765427e-01	   2.0017259630036277e-01	   3.8655637665037113e-01	   4.2300407260764494e-01	   1.5623871550053320e-01	   2.0958356013009094e-01	   3.8564726752682271e-01	   3.2089935432038547e-01	  -4.2508477814639851e-02	  -1.1643119074443950e-01	   2.0694200722780587e-01	   5.4541113092607549e-02	   2.0719248763224990e-01	   2.3638195542188883e-01	   2.9479039906887378e-01	   3.8276698905557577e-01	   2.7779688122129209e-01	   1.6888461595608726e-02	   1.5768589364769758e-01	   1.4009139485295069e-01	   4.6534217088278584e-01	   1.4100740397370201e-01	   6.4000296745877727e-01	   4.1520214307096637e-01	   5.5352663180289174e-01	   4.8263622933442674e-01	   5.7024132036584130e-01	   6.3812614437561899e-01	   4.7661931640409272e-01	   4.7666141170064941e-01	   6.2910130492030858e-01	   8.1569325190849307e-01	   5.5401109082718436e-01	   5.1025979576475933e-01	   3.6065660585282311e-01	   4.6721031824921944e-01	   3.5105489803288048e-01	   4.4388875940750550e-01	   4.7556968379376903e-02	   1.6700430339352804e-01	   2.5106802808381501e-01	  -1.1774340076165355e-02	   5.2903254070532302e-01	   5.4076958283213761e-01	   2.8565667984366695e-02	   6.9020765104382445e-02	   3.6004348392145047e-01	   3.9865858234433482e-01	   3.6962010015753699e-01	   5.3385101517697775e-01	   2.6097599766349688e-01	   3.2795003071144935e-01	   1.6538339493529031e-01	   3.3435981343056009e-01	   2.7820365082161669e-01	   3.4973300120447215e-01	   4.5857020605304133e-01	   3.6728270577390237e-01	   3.0197309824205559e-01	   2.6632706397668188e-01	   2.6500250417514604e-01	   1.1428120917467799e-01	   4.1310826936660450e-01	   5.5177338917814789e-01	   4.2799180757876371e-01	   1.2668475523454831e-01	   2.6298846681581700e-01	   2.7125088373090345e-01	   2.9662393064006815e-01	   1.1249037230902061e-01	   3.8272992832032093e-01	   1.1882894420659959e-01	   4.6185770512413560e-01	   3.5011976815505130e-01	   2.8987440245439500e-01	   1.9966144432096744e-01	   2.0240512207411923e-01	   2.4949958243058738e-02	  -2.0708991927113753e-02	  -1.5831922734281875e-01	   2.7500189378525025e-02	   8.5500624266702435e-02	   5.5812693552606072e-03	   1.2327681272119592e-01	   5.6795461206921645e-02	   9.8253207039429830e-02	   2.8259797930105646e-01	  -4.7605835886733505e-02	   9.7053371588293941e-02	  -1.5841466407397325e-01	
   4.9502305424589210e-01	   1.7285397973620098e-01	   0.0000000000000000e+00	   4.3141022181401240e-01	   5.1542871189103856e-01	   1.8016668288915566e-01	   8.3764049178610533e-01	   2.6488665094443398e-01	   4.7831390728111828e-01	   1.5516474989356660e-01	   4.2770417990756349e-01	   1.0804580369155373e-01	   4.9395381305170993e-01	   1.4390584120602615e-01	   3.9757859785674438e-01	   3.4778767173282144e-01	   2.3546125078451013e-01	   1.9652594339972901e-01	   5.2357450581809373e-01	   3.0229174586943020e-01	   3.9351667436906279e-01	   2.7117527324331658e-01	   7.4723405707563406e-01	   4.3133153114676709e-01	   6.6942370760117509e-01	   5.2726515772435634e-01	   5.7370625886329529e-01	   4.6226574983725183e-01	   1.5558175429761981e-01	   1.0528498594712507e-01	   6.1669562807211320e-01	   4.4809566888529329e-01	   5.3459277121699544e-01	   4.0423424189475554e-01	   6.4168105176609336e-01	   4.3134825344099947e-01	   2.0641133460595457e-01	   1.5190518400351213e-01	   4.8910441461062781e-01	   3.8628608838155776e-01	   2.8639073975609597e-01	   2.8367456488804094e-01	   4.0517890152400599e-01	   3.9264965560312393e-01	   4.4094690380669516e-01	   2.7585365910049675e-01	   2.6558520650280265e-01	   4.6423075832141236e-01	   2.0971955509561818e-01	   2.4076658813002424e-01	   5.4051341400392972e-01	   2.2107410406742373e-01	   1.3532095322677562e-01	   2.8200706724091940e-01	   4.7726814331355782e-01	   5.4435608520438539e-01	   2.6282587423079040e-01	   3.4112670081372182e-01	   4.0544661581982822e-01	   3.6732670416401664e-01	   4.5548273545690626e-01	   1.1645672826210035e-01	   2.4423964382472266e-01	   1.6243212361836792e-01	   7.7028769188983326e-01	   3.3747195108407524e-01	   6.9276115494772317e-01	   4.7978876584855745e-01	   3.4346297609671211e-01	   4.0976896087159709e-01	   3.7144157253341492e-01	   2.3352157465731990e-01	   1.7195030342246465e-01	   1.7382294167574364e-01	   3.4804429859258584e-01	   2.8884976962224396e-01	   5.0628836062086147e-01	   1.9930651182791803e-01	   2.9622980016396522e-01	   3.2304774850911822e-01	   2.2111309700892218e-01	   3.5328531581159878e-01	   3.8172870862578873e-01	   3.9937663895888448e-01	   6.0045528367025303e-01	   4.6551154406496165e-01	   2.9456239798194583e-01	   3.5148588789895635e-01	   5.9763435084989491e-01	   3.6437446215253605e-01	   3.4187807604584708e-01	   4.0064452368220949e-01	   1.0087505810391593e-01	   3.7143308721848245e-01	   2.2973033953918684e-01	   1.9898700887480669e-01	   3.8894938732900025e-01	   3.5581681150094707e-01	   3.7427639649920003e-01	   4.9174389242883554e-01	   3.2947520188975891e-02	   3.2800707251110822e-01	   5.5709216733433875e-02	   4.1908751413403633e-01	  -1.1562123528185009e-01	   5.5935019167556763e-02	  -1.4795731143126212e-01	   3.0403785252896798e-01	  -1.1630738440043802e-01	   1.3091234055940121e-01	   4.0688105092142823e-01	   3.6327859754744329e-01	   1.7252252095083537e-01	   1.8055876016301273e-01	   2.0368585996254429e-01	  -2.5011249577631661e-01	
   5.2833150128383144e-01	   4.2641494988299533e-01	   4.3141022181401240e-01	   0.0000000000000000e+00	   4.3714532161122344e-01	   5.5734511440476742e-01	   4.1436313140554482e-01	   7.1274389141393946e-01	   3.0413856388440935e-01	   6.8916906082862783e-01	   4.0718205392558637e-01	   3.9351982273520092e-01	   3.1188587896800518e-01	   4.8964864300201394e-01	   3.8420684078964557e-01	   4.3481956644548031e-01	   2.2271038352846631e-01	   2.6651371926808387e-01	   4.3786380253020063e-01	   3.9702602075054944e-01	   3.7966154778060213e-01	   2.7564476732246290e-01	   4.2062130014196480e-01	   4.9593412168914930e-01	   4.3158189155377746e-01	   4.4358384842872067e-01	   4.0827376910981078e-01	   4.8630069416512756e-01	   2.1279131634487652e-01	   3.5328358020734102e-01	   4.5511290530064963e-01	   5.5250512645612693e-01	   4.6899631179685131e-01	   5.5207636053260256e-01	   3.0164197890150368e-01	   3.1176989249731979e-01	   1.9553952140245690e-01	   1.6465844524633619e-01	   3.0843180391364877e-01	   4.5331208077737190e-01	   3.0192049446705843e-01	   3.9390772098891480e-01	   3.8472445606761591e-01	   3.5141552739977261e-01	   3.5788724017543039e-01	   4.6387453068047313e-01	   4.1835197102744853e-01	   3.7940022644605098e-01	   4.0949519979688398e-01	   5.3679659691979231e-01	   4.4838330879947574e-01	   3.5941864638341375e-01	   2.8655543920930304e-01	   3.7822999098914667e-01	   4.2330417716818275e-01	   6.3912611043204159e-01	   4.9834179453360850e-01	   5.0355184420246624e-01	   4.0898104683885839e-01	   5.6717447957512479e-01	   3.6808056985320314e-01	   6.4674541717139045e-01	   2.6701164322573390e-01	   4.5015460772501181e-01	   3.6431136954922444e-01	   7.1591158977911551e-01	   3.4507688834799216e-01	   4.0002016288041609e-01	   3.8136690325178513e-01	   5.0775493841396946e-01	   2.1489921714701507e-01	   4.0571258636473206e-01	   2.8961630629300844e-01	   3.7889004937157617e-01	   3.9274641415654199e-01	   4.5478684567399341e-01	   3.6721344853195115e-01	   3.4645702725636063e-01	   3.5388608391860749e-01	   4.1730934879289444e-01	   4.6064310824575744e-01	   5.5142304081899041e-01	   4.3442410753522009e-01	   3.9308418480298529e-01	   6.0827949423592442e-01	   5.8382178953797303e-01	   3.5003914066974989e-01	   3.7249334241170584e-01	   5.4904230056245140e-01	   6.3926887170949054e-01	   4.6876164395398673e-01	   2.6104816976937922e-01	   3.8203899503709676e-01	   3.1616685685590173e-01	   2.5037771618620164e-01	   3.4523325382533299e-01	   3.7444815697910172e-01	   2.7130742877709346e-01	   4.7790164190804496e-01	   4.5868280916225213e-01	   2.0142852188416338e-01	   2.2073740046970314e-01	   1.4251050922824238e-01	   3.4457278016975668e-01	  -6.8872586026703708e-02	  -6.9972029760312221e-02	   2.6710173640364300e-02	   3.3930812026173357e-01	  -1.8574544302403528e-01	   1.4699306778883753e-01	   3.1493261877375234e-01	   3.2475820981650155e-01	   1.9928981876473412e-01	   9.8406774412068548e-02	   1.3323257082820728e-01	  -1.7291747434734903e-01	
   5.7065173465871111e-01	   2.7641381847919377e-01	   5.1542871189103856e-01	   4.3714532161122344e-01	   0.0000000000000000e+00	   6.8825270447690290e-01	   6.6317953041984690e-01	   5.0162790277545344e-01	   6.8926795197111190e-01	   5.2078761539489749e-01	   5.0559569384690461e-01	   2.9226098761431540e-01	   3.8941920339613878e-01	   2.6962940971810961e-01	   6.6794398901102259e-01	   4.5567327547614855e-01	   2.4339998357009079e-01	   1.0601661819673423e-01	   5.5825195866995392e-01	   3.1352342495717100e-01	   4.6959621922291539e-01	   3.5997574557249001e-01	   4.2754564903489700e-01	   3.2168232376900452e-01	   4.1122652506964708e-01	   3.5206132603561113e-01	   5.0711814321285287e-01	   3.9749406241700036e-01	   2.4022029041826246e-01	   2.0511615328005456e-01	   4.4965163626594473e-01	   3.5900861591784733e-01	   3.9021998966681182e-01	   3.3638936994396096e-01	   2.4057288040695574e-01	   1.4697669732195920e-01	   1.8324296235681956e-01	   1.1763179092636412e-01	   1.1548540345532374e-01	   2.1326954009247301e-01	   3.0409093863066083e-01	   2.7139451998534891e-01	   1.6860901619187968e-01	   2.3828430717839469e-01	   4.4280646641724986e-01	   4.1575842514833206e-01	   2.1312489980280813e-01	   2.8360332514225911e-01	   3.0912500823032896e-01	   4.1463882675709129e-01	   3.5527066612513769e-01	   2.1517156913406266e-01	   3.0521129154623805e-01	   3.6934554330750113e-01	   4.3029998553196203e-01	   4.6884222902087380e-01	   3.8138117698935803e-01	   2.9063085894210544e-01	   4.2546172177975949e-01	   3.2715136568798148e-01	   6.0803806206482525e-01	   4.9604074039007334e-01	   1.6057821959030702e-01	   2.3146905760119527e-01	   5.2467539165259747e-01	   4.9871581071973115e-01	   3.5895423907058599e-01	   2.9785418401079772e-01	   2.1955230820491092e-01	   2.9930556828084676e-01	   5.4814172506230274e-01	   3.7576963945182856e-01	   2.2271865210212766e-01	   2.3218979965558589e-01	   4.3665222968459616e-01	   3.6429385162677258e-01	   2.2808731546565553e-01	   5.3078284097433419e-02	   8.5970282622243460e-02	   1.2784832863009399e-01	   1.5680523066545102e-01	   2.4669794931019776e-01	   5.1854060800638613e-01	   3.5684244325620057e-01	   5.8485857665493013e-01	   4.8780882049593155e-01	   4.0076140179508524e-01	   2.5279727817659603e-01	   5.4673756983664967e-01	   5.1301624978637017e-01	   4.3821956865724476e-01	   3.5590361073713289e-01	   2.7395027768294161e-01	   3.3870452801743095e-01	   1.4524415112675393e-01	   1.8701313514370585e-01	   1.3520092837939265e-01	   1.7135813505670200e-01	   2.4546452642868224e-01	   4.2281358794870932e-01	   5.1412614026463715e-02	   2.5284069628400285e-01	  -3.1778664928111788e-01	   2.0646680025505498e-01	  -3.5663744820229121e-01	  -9.9242642337066728e-02	  -2.3881915673964088e-01	   2.6061277229560181e-01	  -5.1536788216404249e-02	   5.0694880543606512e-02	   9.8957069278791929e-02	   1.5065723744394643e-01	   2.6751755333326582e-01	  -7.1129619904693409e-02	  -1.5042774862533914e-01	  -3.5480759593164801e-01	
   3.6707642512256849e-01	   2.4781103687622125e-01	   1.8016668288915566e-01	   5.5734511440476742e-01	   6.8825270447690290e-01	   0.0000000000000000e+00	   2.2806060921064669e-01	   4.3457404526824805e-01	   4.1562221434674940e-01	   6.5089974949071627e-01	   2.3835456452855364e-01	   2.7799233672729540e-01	   5.7635751992174841e-02	   2.4595714144791586e-01	   4.6064344969075244e-01	   4.6712515940160904e-01	   2.1562269633246206e-01	   8.2738429485388704e-02	   2.8620298535447641e-01	   1.4887240645055447e-01	   5.6943007879015228e-01	   5.9059217390256147e-01	   2.8997707749262414e-01	   4.0565898806452383e-01	   3.8161809005535680e-01	   4.8916532844905392e-01	   5.4224091372257144e-01	   6.2450468646635904e-01	   9.5628925487059868e-02	   2.0694709897239438e-01	   3.6043158410836873e-01	   3.6766627386380846e-01	   1.8646135669137939e-01	   2.3492408312372232e-01	   1.3097059272218931e-01	   1.5902517999723548e-01	   2.5441379409002485e-01	   2.6773738438826511e-01	   1.3561270195143349e-01	   2.7171380585505933e-01	   3.4227279977256758e-01	   3.9061501066174209e-01	   1.4230205933603499e-01	   1.7704697158924712e-01	   2.7875243812525657e-01	   3.3217623452637146e-01	   2.7536919792128955e-01	   2.0197819511772069e-01	   4.1740978171392307e-01	   4.9567153138515829e-01	   3.5865779514273743e-01	   3.8971305990918009e-01	   4.3455682271708274e-01	   3.6128319050833463e-01	   4.5251992482213693e-01	   4.6013650047812338e-01	   3.8295986267298560e-01	   2.4310182537826125e-01	   4.0141756500518977e-01	   4.2008493541457359e-01	   3.1459604794842511e-01	   5.4497432427734682e-01	   9.6182428573138842e-02	   2.3773982591761200e-01	   2.0473766631773990e-01	   5.5954577014101070e-01	   1.1751475489458146e-01	   1.5136680564886237e-01	   1.0249943653387561e-01	   1.6635765101511596e-01	   4.6235399762299678e-01	   5.7527050288367354e-01	   2.7069613786605129e-01	   3.3959440915718725e-01	   4.2207109939278076e-01	   3.9790639519781223e-01	   7.8590472011102669e-02	   1.0973401719191825e-01	   9.6918870577864344e-02	   1.0833940721839240e-01	   2.3028157035501909e-01	   3.0871172634834187e-01	   3.2911383422470425e-01	   2.9329329915583369e-01	   5.7393493246230531e-01	   5.7126140724161312e-01	   3.5536889106302594e-01	   3.7194708371609048e-01	   5.1616187719896323e-01	   5.6799979646474452e-01	   3.6727827068260621e-01	   1.7539801940164165e-01	   3.4197327228732061e-01	   2.1663565662362821e-01	   1.7307238700018790e-01	   2.3874252041552022e-01	   1.5023198242208388e-01	   1.0806498535204714e-01	   2.4291185655259490e-01	   2.8653502780781642e-01	   1.8524957690541885e-01	   1.8053685163965816e-01	  -1.5425179296037250e-01	   8.3281067743351575e-02	  -2.9968763564792739e-01	  -8.8996415283738556e-02	  -1.4039519624826613e-01	   1.9019518230958926e-01	  -6.7341758793271006e-02	  -8.0683248567012200e-02	   3.8566943945891358e-02	   6.7834450855520007e-02	   1.6360128159370368e-01	  -3.3033997678655933e-02	  -7.1131644575989333e-02	  -2.5428517563601510e-01	
   6.3992639025241960e-01	   2.2839599448431874e-01	   8.3764049178610533e-01	   4.1436313140554482e-01	   6.6317953041984690e-01	   2.2806060921064669e-01	   0.0000000000000000e+00	   5.2890883528119992e-01	   6.1434275327105248e-01	   3.4587541747897926e-01	   6.3179422358237225e-01	   3.4535199039835190e-01	   7.0462675863326252e-01	   3.7064092794037728e-01	   5.6137212747259391e-01	   4.1983407747091128e-01	   2.5482306594028037e-01	   2.1586640092126194e-01	   6.4033419710791717e-01	   3.8584072400096647e-01	   2.8074706430834961e-01	   1.2386442578744658e-01	   5.7809923120136142e-01	   3.4374416973518307e-01	   3.7969172896865078e-01	   2.2845068189935280e-01	   3.5248635977194387e-01	   2.8277590593388613e-01	   3.0543691275040258e-01	   2.2799354414526718e-01	   5.3097738544631379e-01	   4.1375911798347420e-01	   5.9919109758506151e-01	   4.9308594431172448e-01	   4.2839090102984767e-01	   3.2071847024195932e-01	   7.3282685152228202e-02	  -7.8363582468847590e-03	   2.3096300172399942e-01	   2.0704669251637858e-01	   2.6706365089625367e-01	   2.4019420749094558e-01	   3.1085969435912897e-01	   2.8745273217875678e-01	   5.3996374483022735e-01	   3.9419164955171293e-01	   1.6159592619266649e-01	   3.3455198503276529e-01	   1.3617096298656198e-01	   3.1813170085653936e-01	   4.0590904200803146e-01	   8.3614713930469639e-02	   1.5427575043053129e-02	   2.5925448134436890e-01	   3.3436421561686147e-01	   4.8016970712648377e-01	   3.0315622221099520e-01	   3.0605547333544997e-01	   3.6836500353266688e-01	   3.2858265497425959e-01	   7.2710803265207313e-01	   3.4037683030318988e-01	   3.3575694811748663e-01	   3.1489634223347113e-01	   7.7691834664227966e-01	   4.2970194948226126e-01	   6.5514140438954738e-01	   4.9474808732626036e-01	   3.1650139644129316e-01	   4.0350161510126459e-01	   4.0624279187588969e-01	   2.1012865389931196e-01	   1.8382253013023964e-01	   1.7082104242407700e-01	   3.5522751858910773e-01	   3.1181634174638262e-01	   4.4709259534608015e-01	   1.3564274362573042e-01	   2.4123747561055831e-01	   2.8008260863582102e-01	   1.9366077230198789e-01	   2.9170086183723332e-01	   4.9593225763830617e-01	   4.7000665061686497e-01	   4.6844092642311896e-01	   3.6175108268931799e-01	   3.0390608980419620e-01	   1.7405118669870157e-01	   5.4003053934302592e-01	   4.1968029659006523e-01	   4.0915952785532445e-01	   4.3963400366672656e-01	   2.2142294116737107e-01	   4.1582091100029839e-01	   1.6517182070319170e-01	   8.9363903084370963e-02	   2.4430483921074089e-01	   2.0795255722696210e-01	   3.2646904723779718e-01	   4.9305901275534780e-01	   5.8119668171112054e-02	   2.6737567341000223e-01	   2.7775267226637132e-02	   4.2360686618881571e-01	  -2.2506584659638090e-01	  -6.1949622947566507e-02	  -1.7589571822006086e-01	   3.2151489944676093e-01	  -1.2129185040330973e-01	   6.5059296182712140e-02	   2.1285960287524208e-01	   2.6301523893848494e-01	   2.5125812937608843e-01	   9.5739077559204078e-02	   7.1145704832284939e-02	  -3.9646304962046625e-01	
   5.2822773963860892e-01	   4.1825469897580947e-01	   2.6488665094443398e-01	   7.1274389141393946e-01	   5.0162790277545344e-01	   4.3457404526824805e-01	   5.2890883528119992e-01	   0.0000000000000000e+00	   3.3447483223941743e-01	   7.9291605374433227e-01	   4.5521054475350586e-01	   6.6623007553017599e-01	   4.8842223011571628e-01	   7.2021555426061612e-01	   5.3405435192325834e-01	   4.7198428686317417e-01	   2.4723148145163709e-01	   2.9689750123137160e-01	   5.6334241951075703e-01	   5.1734731422501956e-01	   1.3503436762884594e-01	   2.5602495656858883e-02	   2.0033901459059206e-01	   3.6789759121079418e-01	   1.9304026244627473e-02	  -4.7755688341289239e-04	  -8.3278787745613876e-03	   8.8948609403169870e-02	   5.0280959268493697e-01	   6.0752989083043907e-01	   4.1891001471855560e-01	   5.9202817702580068e-01	   6.2175647648545151e-01	   7.1211126890283172e-01	   1.5102733769880139e-01	   2.7513807009007707e-01	   2.7406909574167948e-03	  -9.0955604421084635e-02	  -1.4744779550638411e-02	   9.4252527614419504e-02	   1.8482611698649890e-01	   3.0580669714708208e-01	   3.8787308216743460e-01	   2.5675152546488694e-01	   5.9055730335938861e-01	   6.4492612165890439e-01	   3.4031005862194563e-01	   1.9638133461672838e-01	   1.6767853568193830e-01	   5.7966703996913027e-01	   2.5813303262720916e-01	   1.2765125652307993e-01	   1.0343090782195283e-01	   3.2242942777784389e-01	   1.5072110432217031e-01	   4.0550015065728262e-01	   4.0308940514920633e-01	   3.7316414246708607e-01	   2.2801263401495242e-01	   3.7645570142049106e-01	   5.8733346051965740e-01	   8.0046910539481475e-01	   3.6765128920174589e-01	   6.3209961010762694e-01	   3.5492778117769996e-01	   6.1229034436529828e-01	   3.9799999565777133e-01	   5.0469709126147810e-01	   2.6835800550958488e-01	   4.4830695490635708e-01	   1.6114093586019210e-01	   2.7322106367097182e-01	   3.0738908616157129e-01	   4.1247218836659683e-01	   2.7635030383980341e-01	   3.8671120734824060e-01	   3.8556016744079291e-01	   3.1134294346426905e-01	   2.8804156870356146e-01	   3.6341818660454139e-01	   3.9028351634650038e-01	   4.6126178986610655e-01	   5.4727106156478567e-01	   5.3569264221924739e-01	   3.2151822819416404e-01	   3.3673959913237017e-01	   1.9145914419033933e-01	  -2.1861080885674303e-03	   2.9814514555499083e-01	   4.9407271288400251e-01	   4.8421087337664864e-01	   2.8106759100886197e-01	   3.9170388262256184e-01	   2.6973327121770047e-01	   2.3813283225167220e-01	   2.1152563538655533e-01	   2.0861106808312530e-01	  -5.2142615826258065e-03	   4.5593425829595413e-01	   3.6838669341122499e-01	   1.6820447121825452e-01	   8.3300241620150747e-02	   1.7127236083602526e-01	   2.0098545938372195e-01	  -1.1674762792738447e-01	  -2.7584714096940949e-01	  -7.7542145871808632e-02	   1.6826602149341494e-01	  -5.3995250764328380e-02	   1.5805689025497360e-01	   1.0242212885092399e-01	   2.5773336947064673e-01	   2.9379966791763068e-01	  -9.9033445119544455e-03	  -5.6120228667445551e-02	  -2.4917932241398927e-01	
   6.3637781013668815e-01	   3.4036229007719787e-01	   4.7831390728111828e-01	   3.0413856388440935e-01	   6.8926795197111190e-01	   4.1562221434674940e-01	   6.1434275327105248e-01	   3.3447483223941743e-01	   0.0000000000000000e+00	   4.8123388510304743e-01	   6.2222551064207876e-01	   2.5231099968241139e-01	   5.7067754798361225e-01	   2.8718321784570511e-01	   6.4417523620754003e-01	   4.8500573993431445e-01	   1.8660431126523153e-01	   7.6251032067815736e-02	   5.4453819060307773e-01	   2.9146208228621545e-01	   2.7815100926673808e-01	   2.2128315298805423e-01	   3.5061848202080265e-01	   1.7587793370341970e-01	   2.4455339977459556e-01	   1.7357666152412665e-01	   3.6166711870506507e-01	   3.4698788457850777e-01	   2.3682692517037249e-01	   1.6074012733980830e-01	   1.9927883237308888e-01	   1.1201093998615314e-01	   2.4599637869803087e-01	   2.1085664241392976e-01	   1.3503291111256657e-01	   4.5340019974885355e-02	   1.0083125311926006e-01	   2.5029574417554279e-01	   1.6198442285868769e-01	   2.1540128940356496e-01	   2.3150836471484529e-01	   1.9134013753628049e-01	   6.7537455387124246e-02	   1.3061619002591701e-01	   2.0870016562818117e-01	   2.1458296870617827e-01	   6.4640886668084138e-02	   2.1686882112739664e-01	   3.6071765706206393e-01	   2.3851224053871228e-01	   3.9905785171273245e-01	   1.9587088169356204e-01	   2.2784119539017078e-01	   3.6266001241634321e-01	   3.1023787208898956e-01	   4.0320851444120920e-01	   3.3772274719798856e-01	   3.0238507030978901e-01	   4.6382082721239537e-01	   1.1265375271800909e-01	   6.8532001935440734e-01	   3.8071487725917696e-01	   7.9791639702307293e-02	   8.7575530936671156e-02	   6.0975487633182546e-01	   4.2003131932736681e-01	   2.2659727084013534e-01	   5.7129225360615418e-02	   4.0112858518337735e-01	   3.2015471083366048e-01	   3.5011385471420597e-01	   2.2720391382001176e-01	   1.6387848945926187e-01	   1.2234405729315759e-01	   3.7437003771990984e-01	   2.7573434301293620e-01	   1.8195273659334815e-01	   1.1504641358920248e-01	   1.1995361564763257e-01	   1.8554930601977507e-01	   1.2668687960344044e-01	   2.2085367876426520e-01	   4.5288577112540940e-01	   3.3085002329705465e-01	   4.5900213505047005e-01	   4.0808696201526123e-01	   3.4724051420141749e-01	   2.0950480861276471e-01	   4.6815713900296357e-01	   4.0664597447474582e-01	   3.3750407581307518e-01	   3.3749726866628932e-01	   2.1883766589589820e-01	   2.6895952049195754e-01	   9.3612475345513174e-02	   1.4088178101953769e-01	   6.2988021693355156e-02	   1.8806024168529423e-01	   1.5094759006143149e-01	   4.2952504825110371e-01	  -9.9726071933882287e-03	   1.1967557019553632e-01	  -1.7279400929401301e-01	   1.0614670804453480e-01	  -3.3699395526356613e-01	   1.3186558058044424e-02	  -1.1466931617133055e-01	   1.1945395938788407e-01	   4.7293826997726690e-02	   1.3732972631539268e-02	   5.7901554672107322e-02	   6.3250087626411697e-02	   2.6096606748320422e-01	  -1.1362854619323906e-01	  -7.8526043905195103e-02	  -3.8300066467573834e-01	
   5.1346144423701456e-01	   4.7455433666039393e-01	   1.5516474989356660e-01	   6.8916906082862783e-01	   5.2078761539489749e-01	   6.5089974949071627e-01	   3.4587541747897926e-01	   7.9291605374433227e-01	   4.8123388510304743e-01	   0.0000000000000000e+00	   4.7176094281235748e-01	   6.0499922337938550e-01	   4.3325393443048943e-01	   6.9142859262222434e-01	   5.7717653475051089e-01	   5.7766712251230201e-01	   2.0182872711408148e-01	   2.1025418977511889e-01	   4.8188801281070326e-01	   4.3096902857771491e-01	   3.1611918425230279e-01	   2.4162659979063758e-01	   1.5860964046344575e-01	   3.0962217696486255e-01	   1.0316889866878781e-01	   1.0382575295664960e-01	   1.6963518421603813e-01	   2.9830658880994498e-01	   4.2924988435129152e-01	   5.3837216712770031e-01	   3.6324719978564757e-01	   4.9068099061855774e-01	   4.3666039084365116e-01	   4.7952701763748518e-01	   1.8700099190154609e-02	   9.7634534713602616e-02	   1.5911169253161109e-01	   4.1141932803617942e-02	   7.3005690631994011e-02	   1.9241124355657752e-01	   3.1925720934932411e-01	   3.4447377021477665e-01	   2.9090002211996346e-01	   1.4166168267249929e-01	   3.4931348423439162e-01	   4.6345433742405839e-01	   3.6123409997610234e-01	   1.5175872462133502e-01	   3.9659948359637276e-01	   5.6976313166912140e-01	   3.8010763967899364e-01	   3.1193302732262412e-01	   2.9938309700052262e-01	   4.3943316271706123e-01	   3.4874451419139263e-01	   5.0839922967229800e-01	   4.4430013850114941e-01	   4.7127562690205338e-01	   3.4701015653127754e-01	   4.0465898086973984e-01	   5.3461187099993890e-01	   8.0122750574038581e-01	   2.7080431527193638e-01	   5.3341640681364522e-01	   2.6315345976891802e-01	   6.6322252232217838e-01	   1.9769567621462092e-01	   2.3135087605810234e-01	   2.9533550959367222e-01	   4.4607307079213765e-01	   2.3703630674402593e-01	   4.1585517073940587e-01	   3.2137563417013282e-01	   4.0046664193526782e-01	   3.6690112608110570e-01	   4.7694323805767297e-01	   2.9504981143546805e-01	   3.5886005937981091e-01	   2.6474651205603206e-01	   3.2933518528564754e-01	   3.8931403418312283e-01	   4.3901995693421197e-01	   5.1025713490457536e-01	   4.7359390897616099e-01	   3.7897260752957873e-01	   4.4863288790700828e-01	   2.9906242310073478e-01	   1.5753400684859625e-01	   4.6683012934887036e-01	   6.6097756324321844e-01	   5.8060444063170680e-01	   2.8583321459192068e-01	   5.1723590886934301e-01	   3.3349738084264074e-01	   3.3856479417556967e-01	   1.8941572566589465e-01	   2.8877232863096702e-01	  -4.1995748746041705e-03	   4.4032636405692482e-01	   4.0552648061823654e-01	   2.2898399494748184e-01	   1.3581516723046361e-01	   1.1217056337320111e-01	   1.3691319122431889e-01	  -1.1839212548962064e-01	  -1.9618667852605459e-01	   1.0794209484739348e-03	   1.7863405876770774e-01	  -7.8483519171146793e-02	   1.3539536896931150e-02	   2.8994912188823767e-02	   1.6844043211271997e-01	   3.5056159737539833e-01	  -5.2671891621261492e-02	  -1.4363433468257945e-02	  -3.0636070645187014e-01	
   7.9994654588759961e-01	   5.4184223054063507e-01	   4.2770417990756349e-01	   4.0718205392558637e-01	   5.0559569384690461e-01	   2.3835456452855364e-01	   6.3179422358237225e-01	   4.5521054475350586e-01	   6.2222551064207876e-01	   4.7176094281235748e-01	   0.0000000000000000e+00	   5.3631979615477499e-01	   8.4748919156203573e-01	   5.7314080178161086e-01	   6.3872820726157409e-01	   4.9486062530569486e-01	   4.1582749557169202e-01	   2.9800478326530477e-01	   6.7038046264767048e-01	   5.2082373315264996e-01	   2.9752728902916775e-01	   1.6404008684978710e-01	   2.2627963128273187e-01	   8.2521336385475902e-02	   7.6540903142772065e-02	  -3.3572508124294395e-02	   1.0967944754679930e-01	   1.8599641734752012e-01	   4.6833059565318969e-01	   3.9338089765005940e-01	   3.2855779706993937e-01	   2.6171687978190394e-01	   4.5178494693478211e-01	   3.5454939024008780e-01	   8.3930658617662940e-02	   5.7776214261658312e-02	  -3.2663086123125643e-02	  -7.9177540568600421e-02	   1.6194755579722378e-01	   1.7741230813053710e-01	   2.8597149261777544e-01	   3.3364506187355591e-01	   1.5476801019741998e-01	   1.1654809441436462e-01	   2.8571906575343275e-01	   3.1133432168924080e-01	   1.0060964403705040e-01	   1.7536296503472071e-01	   3.3520046636564799e-01	   3.4362219529538313e-01	   3.8197263247474900e-01	   2.4323999587270140e-01	   1.5387171577280520e-01	   3.1443684296047092e-01	   3.3264086716086383e-01	   4.0031113714038435e-01	   5.2005755180236979e-01	   4.8311561931878033e-01	   3.5980552468859961e-01	   3.6455761474840603e-01	   6.7804153101858089e-01	   4.3479550184792265e-01	   4.4445452893243259e-01	   4.5118877622112696e-01	   3.7511568879386714e-01	   3.4680341297764017e-01	   3.4524948357750562e-01	   2.0569796146320851e-01	   3.2422082625427112e-01	   3.7226794201292246e-01	   3.4691155724166545e-01	   2.9011192516794698e-01	   3.8231929638723927e-01	   3.0135221550123314e-01	   4.2499421575533214e-01	   4.5456452834907440e-01	   3.9557672240254038e-01	   3.5305159338069897e-01	   2.4076308435327776e-01	   3.9078321236715019e-01	   4.0609962715637149e-01	   3.5954321403846945e-01	   5.6761655107349729e-01	   4.8621756570302921e-01	   3.6452725429666910e-01	   3.2724138389927893e-01	   2.8464107854054538e-01	   9.6102476342931342e-02	   4.2177249625929325e-01	   5.1763482973972463e-01	   3.9323544396512955e-01	   3.2239433123716876e-01	   2.1412110404434559e-01	   3.3324050005616412e-01	   1.8165872164669555e-01	   4.4672019008631908e-02	   2.0601279872981978e-01	   5.9162056333298060e-02	   2.5163131569202352e-01	   3.4893442183335410e-01	   4.2175224974487953e-02	   1.6697603926131527e-01	   4.4867711409270664e-02	   2.2953824879979173e-01	  -2.2089279840318210e-01	  -3.9467476958481018e-02	   1.3389875945479583e-02	   2.1152893557999969e-01	  -1.8433282542661100e-01	  -8.8229236914117354e-02	   3.1586282678156205e-02	   1.4013189153432862e-01	   2.6869918915960561e-01	  -5.0444407237415757e-02	   1.1855961396451095e-01	  -3.1359129760227944e-01	
   4.4827706881138668e-01	   5.4227913022467522e-01	   1.0804580369155373e-01	   3.9351982273520092e-01	   2.9226098761431540e-01	   2.7799233672729540e-01	   3.4535199039835190e-01	   6.6623007553017599e-01	   2.5231099968241139e-01	   6.0499922337938550e-01	   5.3631979615477499e-01	   0.0000000000000000e+00	   5.7383795814003569e-01	   9.0230649242287098e-01	   5.5806579981897397e-01	   6.9247934011197887e-01	   3.5355761783964673e-01	   5.5516234954220434e-01	   5.1408744152943808e-01	   5.5182432429489325e-01	   9.5289271080707533e-02	   5.4417553250965395e-02	   1.4444948548265849e-01	   2.9619712759272132e-01	  -5.4544147188270775e-02	  -5.6193435960213312e-02	  -1.1978287282438896e-01	  -1.8257212994712453e-02	   6.8780767419781064e-01	   7.8317766491379459e-01	   4.4294459098552247e-01	   5.4691710889188394e-01	   5.0240070557799377e-01	   4.6476300835491946e-01	   3.8283284314863122e-02	   1.1296815159663015e-01	   4.5648392291914530e-02	  -5.5900148959083157e-02	   9.0582666742725880e-03	   9.0697075667352911e-02	   2.7156311110080877e-01	   4.7154301682663247e-01	   3.0715533471998491e-01	   8.3532878865359789e-02	   3.9206626193335425e-01	   3.8234551771487724e-01	   3.6411203502073475e-01	   9.6408340564947168e-02	   2.9856905966432856e-01	   4.4306402084704577e-01	   3.3595826837709408e-01	   2.3407078987962759e-01	   2.6541483223094470e-01	   3.2601343997260501e-01	   2.3349884446787289e-01	   2.5023422404100298e-01	   3.0699311022527287e-01	   4.3277917223859225e-01	   1.6673357794298177e-01	   4.3137122447347998e-01	   4.5463194090602227e-01	   6.0804180710544120e-01	   6.4439584323847954e-01	   7.7437142646977142e-01	   1.1958159598867556e-01	   2.6009154146589142e-01	   2.2579442936821531e-01	   2.0116569027398201e-01	   6.4507926783212627e-02	   2.3181603875126056e-01	   1.9443982388215814e-01	   2.5417750525623911e-01	   5.4795128994616582e-01	   5.9185923430556886e-01	   4.6968708784194313e-01	   5.8119970588641290e-01	   4.1341830548803149e-01	   4.0143427118667552e-01	   3.5050166211944472e-01	   4.2241592932624372e-01	   5.2118774973768123e-01	   4.9097542372303088e-01	   6.0173010438804753e-01	   6.4359302129886042e-01	   2.6147791706930046e-01	   2.6048580473228522e-01	   1.4613839241446336e-01	  -2.6686615990982335e-02	   2.7895322983939352e-01	   4.8420757935380726e-01	   4.4324562625655306e-01	   1.8369400363897320e-01	   3.8572634522039501e-01	   2.5986313638909186e-01	   2.6664536791391302e-01	  -6.2696738644800604e-03	   2.8213330510228185e-01	  -1.7882822023066378e-01	   4.6739739520759227e-01	   1.8749374915814954e-01	   3.2755697279159934e-01	   1.0311846446888048e-01	   2.9207811281891505e-01	   5.7487821860281514e-02	  -1.1408230636881567e-01	  -2.6403100335461416e-01	  -1.1228597736536380e-01	   1.8585220325751311e-02	  -9.7941107696461582e-02	  -1.7160793561634163e-02	   5.3301700700874761e-02	   1.3013634174715263e-01	   2.5461849955387017e-01	   7.7687827563514306e-02	   1.1414526482551923e-01	  -3.7569082235155360e-01	
   6.8268077752496126e-01	   4.7730345788455125e-01	   4.9395381305170993e-01	   3.1188587896800518e-01	   3.8941920339613878e-01	   5.7635751992174841e-02	   7.0462675863326252e-01	   4.8842223011571628e-01	   5.7067754798361225e-01	   4.3325393443048943e-01	   8.4748919156203573e-01	   5.7383795814003569e-01	   0.0000000000000000e+00	   6.5477735397027936e-01	   5.8635527663485543e-01	   5.2360896306220062e-01	   2.8264384188166092e-01	   2.7128543204674466e-01	   6.4081268701452421e-01	   5.1912477264422729e-01	   5.2554065827922346e-02	  -7.0257723956924784e-02	   2.5001440095244354e-01	   7.2660384293310648e-02	   4.2196439988864388e-02	  -1.0588397036279837e-01	   1.0974022874168064e-02	   4.6632361449538674e-02	   5.0266569866006694e-01	   4.1676833511752759e-01	   3.1123007438816475e-01	   2.7857554396540229e-01	   5.0777274071150857e-01	   3.8747965500065895e-01	   1.5078039034839344e-01	   1.1484622394128707e-01	  -2.2016911475750654e-02	  -1.7891605797509436e-01	   1.3096786693240170e-01	   1.1631938634763204e-01	   2.4236558365616420e-01	   1.9843650981171621e-01	   2.4921041876650754e-01	   9.0725304981629978e-02	   3.5473871794298106e-01	   3.2759969956987733e-01	   1.6375334549643261e-01	   1.5614363920187813e-01	   2.9858600804827684e-01	   3.4385951066185311e-01	   4.2661335445577486e-01	   1.9540376899746031e-01	   9.3003275228117771e-02	   3.3413307898106515e-01	   2.9090318880559074e-01	   3.8582306711614139e-01	   3.4333943313563520e-01	   4.4528569127852546e-01	   2.9131921845473041e-01	   3.4584009959314654e-01	   7.0081416374769112e-01	   4.0433047381266640e-01	   4.5672493116483337e-01	   4.3105098082811855e-01	   4.6068101599779554e-01	   2.6107104424401567e-01	   4.2811326855655496e-01	   2.5517504444367711e-01	   3.2539505777450967e-01	   3.6363119411873868e-01	   2.1509409088456305e-01	   1.4026866926227877e-01	   2.2608752776407320e-01	   2.6060265886523126e-01	   2.7581010697062036e-01	   4.1625355151173404e-01	   4.1174083796869271e-01	   3.6832577673459177e-01	   3.5092663241120980e-01	   4.1205247493967545e-01	   3.2203644152623584e-01	   3.2584961784897359e-01	   5.4056664773804353e-01	   5.1034073610104480e-01	   2.8918915359492336e-01	   2.2558934181221124e-01	   2.8817933620671715e-01	   3.5171542394715330e-02	   4.1766029402212940e-01	   4.6624260552521646e-01	   4.5500420423440374e-01	   3.6431713680382338e-01	   3.2395473910389638e-01	   4.6948464647510302e-01	   2.4744319127642772e-01	  -2.7510323017236250e-02	   3.0565499236019411e-01	  -1.7367520189804801e-02	   3.6059005738004390e-01	   3.3867479453787441e-01	   1.7375889606579736e-01	   2.6774391084639865e-01	   2.5519034459938461e-01	   2.6416405151279587e-01	  -6.7867986298653996e-02	  -4.5827893862959282e-02	   7.8731090725401076e-02	   2.2680596461241689e-01	  -9.1382063823047768e-02	  -2.9892812602036602e-02	   4.0269814495517073e-02	   1.0310441758923621e-01	   2.7502155427499198e-01	   3.1857880316419333e-02	   1.5226885874191187e-01	  -3.5866335164247631e-01	
