   0.0000000000000000e+00	   8.4510765276938105e-01	   7.2763746067549984e-01	   6.4654048442312373e-01	   4.9734581632626185e-01	   4.5398357586305671e-01	   7.8077522796712162e-01	   6.0759745864373571e-01	   5.5960082385763721e-01	   5.4208030048321931e-01	   6.9178446829815121e-01	   6.8986911856683464e-01	   7.4539223542363864e-01	   7.1347712520495732e-01	   7.3787178938058751e-01	   6.3213627540414785e-01	   6.0107832034566844e-01	   6.6348806487974721e-01	   8.9209419940111134e-01	   8.3966445025899561e-01	   4.6684933703253573e-01	   4.1690618242902677e-01	   5.8606710888199132e-01	   4.9959141349225555e-01	   2.9831465513937860e-01	   3.8639664802801277e-01	   4.4613027664050253e-01	   4.2281420362087108e-01	   7.9287398645851193e-01	   7.0793564232403527e-01	   5.5587660078605472e-01	   5.2490491426655139e-01	   6.4855740900133452e-01	   6.0905576840820586e-01	   2.5895339181715427e-01	   2.0555787576705223e-01	   2.4555721793593716e-01	   2.3366843592613390e-01	   3.2272526445345406e-01	   4.1371157422484534e-01	   3.9856263743109382e-01	   5.0662742784489945e-01	   5.9674773952103710e-01	   5.9969511903223094e-01	   4.7486371550278733e-01	   5.2459170117738485e-01	   5.0506501668455450e-01	   5.5152342318545633e-01	   6.1224037399149334e-01	   6.9180312508302333e-01	   6.3439790536132579e-01	   6.2362197067515701e-01	   5.2910353851424274e-01	   6.2572914592996254e-01	   5.5219467473266182e-01	   5.1268452870400727e-01	   8.8689853375252059e-01	   7.5020031970043566e-01	   7.0506959053618101e-01	   5.9584641326585919e-01	   8.0377798043336490e-01	   6.5153998770841137e-01	   6.9432439565361737e-01	   5.6014409975006840e-01	   3.5164886387808397e-01	   5.5200120307190081e-01	   4.9234361190085624e-01	   4.1571691164348057e-01	   5.5067051169797054e-01	   4.5564135144277929e-01	   6.0151796805616309e-01	   4.5942372934003872e-01	   7.0524229850408049e-01	   6.7184305263424637e-01	   6.3725701428933146e-01	   6.5571342850658942e-01	   8.2505400029002485e-01	   7.6315342336932523e-01	   7.1650387509270108e-01	   6.6692914359254718e-01	   7.4829557343523379e-01	   7.4605162564862793e-01	   7.0058538692535133e-01	   6.0023109381566764e-01	   7.0975289941339070e-01	   6.3634578693674815e-01	   4.1989044131196596e-01	   2.7446073304927876e-01	   6.7584580637103353e-01	   6.9148242381347758e-01	   5.9201862877548606e-01	   5.1390723495315682e-01	   5.2108368074811384e-01	   6.0055646343170477e-01	   3.8739292069950615e-01	   4.2763502899342098e-01	   3.4094378122571611e-01	   3.0147041768573862e-01	   6.6395694757153356e-01	   7.0347222242036456e-01	   3.2693799585076577e-01	   4.9971396441515825e-01	   2.9630799231594751e-01	   3.4442338561269331e-01	   6.5089867266990648e-02	   1.7932757530453231e-02	   4.3991286296983906e-01	   2.8671497656566847e-01	   3.4181228530388144e-02	   2.6067770989325822e-01	   2.7849539304453502e-01	   4.9887564319832434e-01	   5.6330545542412669e-01	   2.6050268386926756e-01	   8.3218157928446418e-02	  -2.9654347655919938e-01	
   8.4510765276938105e-01	   0.0000000000000000e+00	   6.7684240957956776e-01	   6.6265829415553157e-01	   5.5096962369973623e-01	   4.6395365558731722e-01	   7.4289882150345543e-01	   6.1988145568396791e-01	   5.1118715831047368e-01	   4.6362995348136249e-01	   6.7588517177254093e-01	   7.5423090475180732e-01	   6.5086085852739695e-01	   6.6682184587170390e-01	   6.5121138154403846e-01	   5.8323275057449508e-01	   7.3490583950664445e-01	   7.8851970000470373e-01	   7.8139078775979920e-01	   8.3793904108936579e-01	   5.4714082240753248e-01	   4.6988121617603351e-01	   5.7927926562397514e-01	   5.0911170381832005e-01	   3.9549629154511318e-01	   4.2742867403492246e-01	   4.3064535619011957e-01	   3.1404805650499662e-01	   8.3160197130703117e-01	   7.5463278673729217e-01	   6.0760381480474157e-01	   5.7754711969593786e-01	   6.9345115117880185e-01	   6.8600573566779954e-01	   2.5599232334601296e-01	   2.3830791390499240e-01	   9.1521300623412183e-02	   1.6290623432185791e-01	   1.6867776379428856e-01	   3.9033570679633856e-01	   4.0173659065251732e-01	   5.2149764133731669e-01	   5.1368654383676049e-01	   4.9825397794299531e-01	   3.9215489213716148e-01	   4.6162090865372751e-01	   4.3484778191013074e-01	   4.5868861921186721e-01	   5.6283284375381282e-01	   6.0714041522657691e-01	   5.9450298819863523e-01	   5.5583963250169466e-01	   4.4150080208911097e-01	   5.5274215357740719e-01	   4.4753510632080812e-01	   4.7990241686208179e-01	   8.6929083372241045e-01	   9.2317460793493944e-01	   7.3343436676438256e-01	   6.7668337859475824e-01	   7.8021244984531546e-01	   6.3426169048891412e-01	   8.1296538090190196e-01	   7.3048765557594797e-01	   3.0309746772298307e-01	   3.7066146393491678e-01	   5.2533823762659115e-01	   4.3224872881761600e-01	   6.4381501042206946e-01	   6.0466049249139908e-01	   6.5692567269467350e-01	   4.7719358626298913e-01	   7.5257308702341796e-01	   7.1236734654077205e-01	   6.7244565999946526e-01	   7.0946225335272295e-01	   7.6868537607381160e-01	   7.7300275435190691e-01	   7.5540884033730260e-01	   7.3937677939237845e-01	   7.8312911435257782e-01	   7.9583477351846621e-01	   6.9344809238067628e-01	   6.3904870938416702e-01	   6.4708105180066799e-01	   5.9264750652640918e-01	   4.1266834176266237e-01	   2.4845447153407041e-01	   6.4764194732787750e-01	   6.4240503882515165e-01	   5.8225668098939787e-01	   4.8600308592307007e-01	   5.5140045630333834e-01	   5.6954525964867919e-01	   3.9678095089353477e-01	   4.7843019815484211e-01	   3.4811060363119456e-01	   3.3011544281565836e-01	   6.9203230426275331e-01	   7.1815898749067164e-01	   4.9579578532759527e-01	   5.2678043794452001e-01	   4.2460068935078021e-01	   4.5398903370050747e-01	   1.3220702098113002e-01	   6.0584797934785398e-02	   5.2379570707606871e-01	   2.7320454775060976e-01	   5.9590891266866453e-02	   3.0842021503968059e-01	   3.5360270931065652e-01	   5.1000531139624594e-01	   6.2308504795474140e-01	   3.6665141367047538e-01	   1.8156151264234399e-01	  -2.4721812959483597e-01	
   7.2763746067549984e-01	   6.7684240957956776e-01	   0.0000000000000000e+00	   8.2200851131322006e-01	   7.9779620837877641e-01	   7.2563367521767863e-01	   9.1344956831223445e-01	   7.7039232968242566e-01	   7.6448812060410642e-01	   6.8123012722989151e-01	   6.2683170123223064e-01	   6.3567223773673776e-01	   6.8253704124267600e-01	   6.6544553735674938e-01	   7.1389549821577081e-01	   7.5293201759972228e-01	   4.1738086829004528e-01	   4.5622081135995685e-01	   7.7363587213521390e-01	   7.7883158273062647e-01	   5.0933794523638565e-01	   4.8564776524840503e-01	   8.1097514351394473e-01	   7.5808545614842460e-01	   6.4762400750902116e-01	   6.4489006932849580e-01	   6.9632984254565633e-01	   6.5598916524999518e-01	   6.4935441855730058e-01	   5.8259082779394622e-01	   6.5493846526351573e-01	   6.3975615357551041e-01	   7.3617201770614704e-01	   7.0272307845667958e-01	   5.4217646282355902e-01	   4.6340104859184322e-01	   1.6630197548228870e-01	   2.2465808430499351e-01	   3.5153890102829222e-01	   5.0785415802402589e-01	   3.3346836696745130e-01	   4.8911376180944249e-01	   7.6436575278846020e-01	   7.0225495324910381e-01	   6.0057222100695962e-01	   5.8871121999315590e-01	   6.6143824627515790e-01	   6.4688710279263240e-01	   6.7788935334405531e-01	   7.1039286067538243e-01	   7.9570195783249487e-01	   7.3930294829465448e-01	   5.7989246882378898e-01	   6.0997618752033755e-01	   6.3087274123731518e-01	   6.0246064308073022e-01	   5.7329335633005241e-01	   5.6924685942970144e-01	   7.5559858208176633e-01	   6.0042030035465510e-01	   7.9338485115843282e-01	   5.6145310675533788e-01	   6.9492456163303207e-01	   5.4293571656643014e-01	   5.9377588121537983e-01	   6.3781497759940087e-01	   7.4889401838543379e-01	   6.6443103447055796e-01	   5.4861401598338733e-01	   5.8305003121963084e-01	   5.7740350188052858e-01	   4.3120520994063982e-01	   5.8602338586145575e-01	   6.0290568115212717e-01	   5.5810514982603665e-01	   6.2360263973750296e-01	   7.0963321304795457e-01	   7.0904904774261768e-01	   5.9677294358768695e-01	   5.5109349267629892e-01	   6.9212407475267157e-01	   7.3097929276797458e-01	   6.8050125286032848e-01	   6.1905744194490331e-01	   7.4033244763688355e-01	   7.5308117411947006e-01	   4.3045638517779411e-01	   2.8499584377778092e-01	   7.9134650444584764e-01	   7.3210871679105638e-01	   7.2943336680709647e-01	   5.6396515900436550e-01	   6.3047287324614099e-01	   6.4119199271205363e-01	   2.9695435639999884e-01	   4.7577622499170086e-01	   4.2578477656096586e-01	   3.9402254033954914e-01	   7.1668804757252380e-01	   7.2562295059853987e-01	   4.2022556829350960e-01	   5.7789355996575931e-01	   3.7059991788883484e-01	   4.1088722826348933e-01	   3.7638884471144961e-02	  -1.4349961682646656e-02	   4.2727750139039888e-01	   2.9883740192644659e-01	  -9.7981277810824496e-02	   2.3080116569611742e-01	   4.1009801371201088e-01	   4.9812406175390045e-01	   6.0740479834930527e-01	   3.0274846086209123e-01	   9.5834358430009328e-02	  -3.9827980813840957e-01	
   6.4654048442312373e-01	   6.6265829415553157e-01	   8.2200851131322006e-01	   0.0000000000000000e+00	   6.8348152322123945e-01	   7.6252818339087236e-01	   8.3847176417989078e-01	   9.1794465583232743e-01	   5.5307640187852281e-01	   7.5630738232820627e-01	   5.3837011072215912e-01	   6.8699142073536024e-01	   5.2189702811635641e-01	   5.8761822270060204e-01	   5.3040660862207800e-01	   6.9388948923019278e-01	   4.2281953959713470e-01	   4.3608942043509991e-01	   6.4165593516647634e-01	   7.2880210446125804e-01	   4.3436212491799353e-01	   4.0784873589252196e-01	   5.9801397978908077e-01	   7.3277070770331409e-01	   5.3256656159685933e-01	   6.1037011359167437e-01	   6.3393181113807939e-01	   5.1478421717200940e-01	   5.7992733052401280e-01	   5.1499038343571713e-01	   5.8589866248888989e-01	   6.8066048324651385e-01	   6.9518396085949263e-01	   7.4615654468521420e-01	   4.3497968182340596e-01	   4.7235442951242840e-01	   2.9622331578687375e-03	   1.0770138366711103e-01	   1.9486915018941758e-01	   4.0631533820776605e-01	   2.2977930169790386e-01	   3.6334728537459382e-01	   5.4142062163533489e-01	   4.9692283691419969e-01	   4.3992855483821669e-01	   4.8256729065663528e-01	   4.7108449861351137e-01	   4.4076425004014136e-01	   5.0719960586004587e-01	   5.6592750618211052e-01	   6.3324636544703905e-01	   5.9571113583974045e-01	   4.4558853651362074e-01	   5.2513126961371182e-01	   4.8694008284805612e-01	   4.6963969031349612e-01	   5.1326511296497157e-01	   5.8183132681120220e-01	   7.0353650508416909e-01	   6.5821164583654501e-01	   7.5981720889032323e-01	   7.4535524955907784e-01	   7.0460720762991613e-01	   6.4412313333619742e-01	   4.3594698378933855e-01	   6.6298453498817911e-01	   7.2801712898397963e-01	   6.8592142928427868e-01	   5.4986603308643700e-01	   6.4653736208809076e-01	   4.9396042117255701e-01	   3.3716647537237410e-01	   5.4717749027939133e-01	   5.2691612843206515e-01	   4.9142886685739301e-01	   6.2426478371482530e-01	   6.0898352297250435e-01	   6.3771530696977463e-01	   5.4285549399730193e-01	   5.0348394863672552e-01	   5.9261177039769986e-01	   6.5454488884692719e-01	   5.7103405846587896e-01	   5.7992752854473695e-01	   6.1242537781822071e-01	   6.8828009317828653e-01	   3.2415751424071487e-01	   2.5275908146809306e-01	   7.4160867140135922e-01	   7.1826257425112561e-01	   6.4334323878990407e-01	   4.0775821682433061e-01	   6.2889575018336519e-01	   5.3474835025324619e-01	   3.2488474808529644e-01	   4.6400704051123692e-01	   3.5631266418872581e-01	   3.6505560832978645e-01	   6.4939811199174413e-01	   5.9438774497989511e-01	   5.4665525070110665e-01	   4.9025692791710535e-01	   4.3591173537663530e-01	   3.8598404360888150e-01	   8.5908344802024653e-02	  -3.1803510500084765e-02	   3.6208806677922067e-01	   2.2936962914202000e-01	  -7.8123851664436167e-02	   2.3629706907661452e-01	   3.6170120060011218e-01	   4.4813792350464809e-01	   5.6974964426147823e-01	   3.4689458832194764e-01	   1.8112527284806779e-01	  -3.7380738546386272e-01	
   4.9734581632626185e-01	   5.5096962369973623e-01	   7.9779620837877641e-01	   6.8348152322123945e-01	   0.0000000000000000e+00	   8.0860157941452260e-01	   7.2944102541794531e-01	   6.9408568627453815e-01	   7.7876837825594314e-01	   7.2814723171358275e-01	   5.5599634686020794e-01	   5.8391866004982407e-01	   5.9726533730515841e-01	   6.6084340984880796e-01	   6.4307193022646658e-01	   8.1550328167752684e-01	   3.0184503763894854e-01	   2.8608855116768889e-01	   5.1544709326967120e-01	   5.8263323486004970e-01	   4.3854685617093203e-01	   4.1722770848845470e-01	   7.8244714406075133e-01	   7.5531606405552187e-01	   8.1316663850277615e-01	   7.8271376494775180e-01	   7.7449920573409359e-01	   6.1487297152362141e-01	   5.1820214571120693e-01	   5.3654135814780801e-01	   6.8941640602147558e-01	   6.7894300978639510e-01	   6.6299785599675665e-01	   6.5693556208771797e-01	   6.5412657940966579e-01	   6.3268701045100384e-01	   1.7352916144116043e-01	   2.8518845834283824e-01	   3.2103328321350527e-01	   5.0288592707251545e-01	   2.6609195360282417e-01	   4.5303005621329195e-01	   6.5441144691129605e-01	   5.6773262509319100e-01	   5.7792298960351474e-01	   5.6096429616494370e-01	   5.8179830546933686e-01	   5.8461693371927603e-01	   6.0268990096193054e-01	   5.8217071651389707e-01	   6.8822849654254914e-01	   6.0435369512601611e-01	   5.3335125002384043e-01	   5.0669132233919156e-01	   5.9405775946615669e-01	   6.1991295969203208e-01	   3.8299982679399869e-01	   4.5212505723222229e-01	   5.9680755003659280e-01	   5.5846667023910301e-01	   6.0899844614028031e-01	   4.6937323117217150e-01	   5.7255774962397021e-01	   4.8000212251976804e-01	   5.9947545684667825e-01	   5.1837442923903487e-01	   7.6322256643599529e-01	   7.1468685065068627e-01	   4.1521063352638571e-01	   5.2542824401395927e-01	   4.2056683910966064e-01	   3.2796717612396520e-01	   4.4769417955536295e-01	   5.3782621094012706e-01	   4.0532899265356148e-01	   5.3203778718085082e-01	   5.4824136720425942e-01	   5.7368505577142759e-01	   4.2836942790702193e-01	   4.2236597990875013e-01	   5.6006395813018250e-01	   6.0565994670116163e-01	   5.9862448523059997e-01	   6.0533451913175207e-01	   6.4623672006497612e-01	   6.8597468774247439e-01	   4.6301778553632822e-01	   3.2619621930550302e-01	   6.5624455127161507e-01	   5.7501189431746957e-01	   6.5544634254176959e-01	   5.1515574386307872e-01	   5.4903748801840058e-01	   5.5433302461617806e-01	   2.8433179978449385e-01	   4.5430828857181643e-01	   4.3208457431413394e-01	   4.3961504344858671e-01	   6.3093848834340138e-01	   6.2536869319833921e-01	   4.0812882216096913e-01	   5.6997577482261741e-01	   3.7065268330805240e-01	   4.0857920619249222e-01	   6.2798267211647080e-02	   2.8176794615192412e-03	   3.4531302651285228e-01	   2.2872593016410156e-01	  -7.7479844913235618e-02	   2.9827158130971498e-01	   4.3261658079601129e-01	   4.8254945169652758e-01	   5.6477850125373052e-01	   3.7585012638099285e-01	   1.2788734666788806e-01	  -3.6180721513138125e-01	
   4.5398357586305671e-01	   4.6395365558731722e-01	   7.2563367521767863e-01	   7.6252818339087236e-01	   8.0860157941452260e-01	   0.0000000000000000e+00	   7.0334417386666193e-01	   7.8249506121853962e-01	   6.1740735128394653e-01	   8.0517118525905595e-01	   4.8185987209783493e-01	   5.8441889781931500e-01	   4.9181474931719227e-01	   5.7535001356674897e-01	   5.5051403185605596e-01	   7.7060890593692100e-01	   1.8521897162774334e-01	   1.8535432885954387e-01	   4.6142823538378908e-01	   5.6564498740574687e-01	   3.0778841623723441e-01	   3.3018347873644249e-01	   6.0331153415244732e-01	   6.7441109769618535e-01	   5.9789819849316883e-01	   6.5320235024292994e-01	   6.7728984171788842e-01	   6.7220949330251822e-01	   4.1138416691502389e-01	   4.3826784379594597e-01	   5.5735842123628743e-01	   6.3966019597645685e-01	   5.8030618110842247e-01	   5.8845631774046847e-01	   4.3668478712771430e-01	   5.1010988493074283e-01	   1.5898022503341193e-02	   9.0284384852381244e-02	   2.0812219681164890e-01	   3.5033100302242415e-01	   1.2097830164806794e-01	   2.9010103265141468e-01	   5.4017602769257833e-01	   4.7981745391535291e-01	   4.6798471314434936e-01	   4.9325660594647897e-01	   4.5878279003158895e-01	   4.3261161732555725e-01	   4.9616254399150828e-01	   5.1902262455088888e-01	   5.8765824475470663e-01	   5.7285690660992650e-01	   4.2740855256542309e-01	   4.7687156159058991e-01	   4.8288326482096716e-01	   4.6386674290800811e-01	   2.7177776283770000e-01	   3.7677020200261729e-01	   5.4391466527373689e-01	   5.3673517139010096e-01	   5.6876932749310605e-01	   5.2434895208982391e-01	   5.3114603087101364e-01	   4.6364873498868092e-01	   3.8670141822323750e-01	   4.8767167886482643e-01	   6.7424237467371628e-01	   6.6036716013000230e-01	   4.1732636330033102e-01	   5.5762000488987218e-01	   3.6369643759710202e-01	   2.6719983926371849e-01	   3.4637808962721495e-01	   4.3939497899053637e-01	   2.8843093850554563e-01	   4.9774493432592093e-01	   4.8100950929972530e-01	   5.2556709152714265e-01	   2.8066404402241435e-01	   3.0681869025754094e-01	   4.2846505858572287e-01	   4.8941426033466207e-01	   4.8533129901861727e-01	   5.0330409040205848e-01	   5.1862791123121876e-01	   6.2129821875649593e-01	   3.6563236009620170e-01	   2.6865866409241779e-01	   6.4454477126909326e-01	   6.0046216777846173e-01	   5.6409948459348036e-01	   3.1285675103922606e-01	   5.0981014241654421e-01	   4.1701170553125322e-01	   2.4211384147772119e-01	   4.0353780352049129e-01	   2.8900486713958323e-01	   2.8593393283988855e-01	   4.9759960285915950e-01	   4.4282540372299856e-01	   4.5722682881762589e-01	   4.5260708882865969e-01	   3.5574336036683996e-01	   2.8932484977715395e-01	   1.1504142606471153e-02	  -1.1232762205569349e-01	   3.4454113585180879e-01	   2.2406264879583138e-01	  -8.0661203737923487e-02	   1.6395251416093609e-01	   2.6635285962986321e-01	   3.0014290741938376e-01	   4.2008465058515221e-01	   2.9459094139255809e-01	   5.2164363898161814e-02	  -3.4204838398777437e-01	
   7.8077522796712162e-01	   7.4289882150345543e-01	   9.1344956831223445e-01	   8.3847176417989078e-01	   7.2944102541794531e-01	   7.0334417386666193e-01	   0.0000000000000000e+00	   8.7336016040758424e-01	   7.0980814203019849e-01	   6.7957738428330106e-01	   7.0053262856996235e-01	   7.4156544591684370e-01	   7.2087268890039669e-01	   7.1058341771520339e-01	   7.1828195026651009e-01	   7.5496125341687059e-01	   4.8301630237752147e-01	   5.2349909633962965e-01	   7.8397851580530120e-01	   8.1623634578021498e-01	   5.1516832590624251e-01	   4.6001975623113878e-01	   7.4599774351522474e-01	   7.3249230499361784e-01	   5.0572010608102802e-01	   5.4058659917902463e-01	   6.1594201048384234e-01	   5.7475677626637256e-01	   7.1583614359247005e-01	   6.4541475218996303e-01	   6.7602906076168501e-01	   7.1460442373442246e-01	   8.0608698896829645e-01	   8.0119386341057142e-01	   5.1554580414212181e-01	   4.6047378397218486e-01	   1.3105315400454512e-01	   2.1715987974728398e-01	   2.6986318642176876e-01	   4.4315862100464193e-01	   3.5199931429024423e-01	   4.8755480304239696e-01	   6.9384899096657793e-01	   6.4473833212919074e-01	   6.0145928851911035e-01	   6.3829887446184630e-01	   6.0967136590471460e-01	   5.9083197398231058e-01	   6.5563144536388696e-01	   6.7383277678620235e-01	   7.0309511453118545e-01	   6.1221421122625963e-01	   5.1867160225106335e-01	   5.3438967872796939e-01	   5.5413880067752119e-01	   5.5008108195248839e-01	   6.1445883905373389e-01	   6.1683987563021092e-01	   6.9797207879110990e-01	   5.8124467813489045e-01	   8.4391382201607601e-01	   6.8329698596206456e-01	   7.5060899716275786e-01	   6.3576152998836255e-01	   5.6523461511828255e-01	   6.3249888024586531e-01	   7.4651110029431733e-01	   6.6077859236685144e-01	   4.7795515892246609e-01	   5.2005139804572253e-01	   5.8045635372911397e-01	   3.8813708442931022e-01	   6.6554105258508256e-01	   6.4580474083426376e-01	   6.2183786836790600e-01	   6.7025802139985957e-01	   7.6375498303223011e-01	   7.3763247064186799e-01	   6.5722101675196964e-01	   5.8906091071848343e-01	   7.0777659091110245e-01	   7.4945660704187289e-01	   6.9496270482040157e-01	   6.1873741394586612e-01	   7.3608364021777628e-01	   7.3813177335767699e-01	   4.0781616220744576e-01	   2.9121912389761517e-01	   7.3241637276684390e-01	   6.6319004958231287e-01	   6.6707994546586880e-01	   4.7519322188618529e-01	   5.9223778676888683e-01	   5.6649105078444673e-01	   2.6318602057780227e-01	   4.0337168710597604e-01	   3.5369218205389419e-01	   3.3592825558381778e-01	   6.7603459160948698e-01	   6.8087209412889071e-01	   4.1200705388705960e-01	   5.3752158405670047e-01	   3.2828599146086324e-01	   3.7356798994547341e-01	   5.2896589577094005e-03	  -6.5575394720020691e-02	   4.1142853758695297e-01	   2.3404147463861663e-01	  -1.2599478145666088e-01	   2.0842888288714981e-01	   3.8412535032572792e-01	   4.4524373522602312e-01	   5.5612114940548096e-01	   3.0578022754853357e-01	   9.6325739235389035e-02	  -3.8184693950726561e-01	
   6.0759745864373571e-01	   6.1988145568396791e-01	   7.7039232968242566e-01	   9.1794465583232743e-01	   6.9408568627453815e-01	   7.8249506121853962e-01	   8.7336016040758424e-01	   0.0000000000000000e+00	   5.8292974638170025e-01	   7.7957869575878525e-01	   5.9965959546935799e-01	   7.4434191672550765e-01	   5.5294165042974230e-01	   6.5053212809795835e-01	   5.5440730361521451e-01	   7.1798802434282660e-01	   3.9804697384666443e-01	   3.8559703738727508e-01	   5.8850845194121815e-01	   6.8529247494099765e-01	   4.4646128744780655e-01	   3.9445160543591923e-01	   5.9668230128758148e-01	   7.0700659289525580e-01	   4.8208883213433695e-01	   5.6712898821114277e-01	   5.5514718818716635e-01	   5.0074990484756254e-01	   6.0032599175904933e-01	   5.5415196649940668e-01	   6.6734408628455999e-01	   7.6712134505761553e-01	   7.3205328980849815e-01	   7.7845496389934477e-01	   4.5342187222080438e-01	   4.9347257885491835e-01	   1.9889490258983107e-03	   1.2154848521819114e-01	   1.6072027566352062e-01	   3.7976120080213549e-01	   2.2602235923552710e-01	   3.6316547848635966e-01	   5.1834462018960070e-01	   4.4537835037304319e-01	   4.7303162794319242e-01	   5.2267778671200316e-01	   4.6173741890256609e-01	   4.0399096896315484e-01	   4.7630804193317189e-01	   5.0405115316108617e-01	   5.5228708957661321e-01	   4.6637506874737705e-01	   3.9535491257364419e-01	   4.3075824051026268e-01	   4.3274746661416702e-01	   4.3578972807065475e-01	   4.5420379196744842e-01	   5.0897365697023744e-01	   5.5874029098847411e-01	   5.3998489653709136e-01	   7.3423175058567169e-01	   7.8034013619789655e-01	   7.0303416214221315e-01	   6.7038518338001485e-01	   5.0804972648688684e-01	   6.5956083618398775e-01	   7.3375606389869386e-01	   6.9581590541267702e-01	   4.1578154606385215e-01	   5.4042842413332470e-01	   5.0006715713819982e-01	   3.0678340510880442e-01	   5.4870392739851381e-01	   5.2732209088644666e-01	   4.9229328225637314e-01	   6.1422040731532612e-01	   6.0075042803612599e-01	   5.9940591326469783e-01	   5.5594458120437662e-01	   4.7582504660106711e-01	   5.4587525298859441e-01	   6.2901552186335496e-01	   5.6893962474825699e-01	   5.6001335870236058e-01	   5.9551969296177476e-01	   6.9747339440379608e-01	   3.1177879010156295e-01	   2.6696953726719819e-01	   6.4894386443110474e-01	   6.1077710122269813e-01	   6.1376967234765012e-01	   3.5772622256318098e-01	   5.6810130391317570e-01	   4.3702703137641796e-01	   2.6973535847355168e-01	   3.8774161885026903e-01	   3.2092933112611266e-01	   3.2773861712164643e-01	   5.8982033901944819e-01	   5.4030787235259681e-01	   4.9594831005914136e-01	   4.5070502692329883e-01	   3.7287396515601878e-01	   3.5287990473168229e-01	   3.6262081754712683e-02	  -9.6649320141041800e-02	   2.6980751450312135e-01	   1.2114234916509328e-01	  -1.4809422661275790e-01	   1.8628592101988753e-01	   3.5358539641725945e-01	   3.7608137391183827e-01	   4.7182300410938804e-01	   3.0233862326022842e-01	   1.3672274195316517e-01	  -3.3949947039065165e-01	
   5.5960082385763721e-01	   5.1118715831047368e-01	   7.6448812060410642e-01	   5.5307640187852281e-01	   7.7876837825594314e-01	   6.1740735128394653e-01	   7.0980814203019849e-01	   5.8292974638170025e-01	   0.0000000000000000e+00	   7.2951135321245708e-01	   6.2028830970187154e-01	   5.7393655800218280e-01	   7.0460735147405384e-01	   6.8076797317537074e-01	   7.8491688378039237e-01	   7.0461750898548581e-01	   2.7968223239532780e-01	   2.8321117028976145e-01	   6.1620240688135119e-01	   5.8834144418215661e-01	   3.2239786167765805e-01	   3.1006472096323900e-01	   7.2540425395755170e-01	   6.3716645222615620e-01	   5.0324602652841866e-01	   5.3489675044278129e-01	   4.8756658948634995e-01	   5.6725015970067183e-01	   5.3675985772952828e-01	   5.6137780178678975e-01	   5.1349051305015070e-01	   4.9241183998801374e-01	   5.0917743365763501e-01	   4.7516619308525487e-01	   3.9608461747775003e-01	   3.1685930989366995e-01	   1.9851137372302724e-01	   2.3480901071696428e-01	   2.3223040282318003e-01	   3.9937831986066957e-01	   1.7529054737519401e-01	   3.7197771221590897e-01	   6.3412997360623691e-01	   5.8075612815271116e-01	   5.0831286612282922e-01	   4.8188613551506138e-01	   5.6163575506712970e-01	   5.6172199142495038e-01	   5.9258177700350878e-01	   6.0851180612737610e-01	   6.7826335393810266e-01	   5.9552990406326989e-01	   5.5008398834810246e-01	   5.3883026510665077e-01	   5.7776801347825091e-01	   5.7063819725093046e-01	   3.7029355337920999e-01	   3.8474987802038557e-01	   5.5920270325432819e-01	   3.9887655757768481e-01	   6.4089092509565604e-01	   4.5017392706029313e-01	   5.1661629072080784e-01	   4.3239570764453417e-01	   6.1353217906111657e-01	   5.1891916392736481e-01	   5.5114537960239174e-01	   4.4878216376130403e-01	   4.0189994860001865e-01	   4.2757190835115594e-01	   4.1378751532701469e-01	   3.7931154384037191e-01	   4.4706974196573507e-01	   5.5223615788607094e-01	   3.6808095725825446e-01	   4.8833157039419017e-01	   5.9103380415705731e-01	   5.8002178845248697e-01	   5.0541841618276939e-01	   4.6102212502805084e-01	   5.8114038030883508e-01	   5.7828146124682644e-01	   5.5797936946305049e-01	   5.0283688594187359e-01	   6.9947375608391216e-01	   6.2824928245875045e-01	   5.0250499598384368e-01	   3.3543558140953156e-01	   5.9905975781104170e-01	   5.1885803667254982e-01	   6.1316479439892468e-01	   5.6097096121715762e-01	   4.6307734519136290e-01	   5.5811922662895797e-01	   2.8805240124338094e-01	   3.5145368812896227e-01	   3.3860402044611487e-01	   2.6496342583130617e-01	   5.6989954930745679e-01	   5.8888373546097461e-01	   3.2687915372931753e-01	   5.1954379186047217e-01	   3.3764185251431317e-01	   3.6538406004776586e-01	   1.0938042496254641e-01	   6.3094196564879620e-02	   3.1827982884647954e-01	   2.6549818079919651e-01	  -4.4809577051354375e-02	   1.5600455747557546e-01	   2.0775707285107797e-01	   3.2694995939698535e-01	   4.2571260527757387e-01	   1.7442138686228867e-01	   8.7530835138573265e-02	  -2.5755666689619816e-01	
   5.4208030048321931e-01	   4.6362995348136249e-01	   6.8123012722989151e-01	   7.5630738232820627e-01	   7.2814723171358275e-01	   8.0517118525905595e-01	   6.7957738428330106e-01	   7.7957869575878525e-01	   7.2951135321245708e-01	   0.0000000000000000e+00	   5.1835596373728410e-01	   5.8139103310325557e-01	   5.8589169477162262e-01	   6.7699390303197027e-01	   6.1793198828993079e-01	   7.3119618596903002e-01	   2.4219093359004273e-01	   2.6154585878767439e-01	   5.4021070173226704e-01	   5.4113383452564656e-01	   3.4152932746804709e-01	   3.3647180039674301e-01	   5.2448070393723467e-01	   6.1919807777748481e-01	   4.7353996039297741e-01	   6.0461367096592500e-01	   5.3122495595431407e-01	   5.5273490994711338e-01	   5.0025741420016190e-01	   5.2780355793825851e-01	   5.2077312024856404e-01	   5.6962482589934693e-01	   4.5710830158397570e-01	   4.9744619893895470e-01	   4.3483037382938172e-01	   4.3259909445567724e-01	   1.2106130648543931e-01	   1.7707901115140429e-01	   2.2925478865941193e-01	   4.3134069348264981e-01	   1.1963526021996615e-01	   2.9862567736989565e-01	   5.0683263548039936e-01	   4.6463399991179566e-01	   4.5180822937909393e-01	   4.8785048801906400e-01	   4.6800909102727345e-01	   4.4167838266276982e-01	   4.8742485424411380e-01	   5.5491172233100694e-01	   5.8778231541901582e-01	   5.4456959210947020e-01	   4.7399806775701087e-01	   5.0377043625760076e-01	   5.2712235472163171e-01	   5.0236623796470170e-01	   3.4421306541649854e-01	   3.7020717093681288e-01	   5.1800131368798286e-01	   4.4908649079038132e-01	   6.0095540313043461e-01	   6.3771117868118421e-01	   4.9305625688193977e-01	   4.7999485745559389e-01	   4.9211268033308209e-01	   6.8801784684846656e-01	   5.8651541827067843e-01	   5.5012543326624308e-01	   3.5241545034844241e-01	   4.6693624304480263e-01	   4.3672206154886872e-01	   3.8956299949026740e-01	   4.0564404154864087e-01	   4.6179647745852048e-01	   3.3999426517138354e-01	   5.2826518420453972e-01	   5.0860869732015312e-01	   5.0595592670188427e-01	   4.5650633582599631e-01	   4.3996072879443121e-01	   4.8513348256189237e-01	   5.2051271530788834e-01	   5.0272143166582406e-01	   4.3275012283182573e-01	   5.8153917530039378e-01	   6.0827648471445506e-01	   3.5388214965650472e-01	   2.3453368093946500e-01	   6.1340666424867740e-01	   5.9735536689593860e-01	   5.9934988670733291e-01	   4.2503441716265578e-01	   5.0421772542715648e-01	   5.0074614184001209e-01	   3.1526989608720524e-01	   4.0633331890424418e-01	   3.6226309292827835e-01	   3.2596027322267596e-01	   5.4994506517385089e-01	   4.9897699436220899e-01	   4.0370438711329709e-01	   4.4379399602170394e-01	   3.4540195643046345e-01	   3.0192871322873804e-01	   1.0016430205641924e-01	  -2.3047111534291669e-02	   3.1148039970143337e-01	   1.7989125857026719e-01	  -3.8760134621752228e-02	   1.9889340680077161e-01	   2.4448110022193639e-01	   3.4115189419729819e-01	   4.5239187922510976e-01	   2.4733082099371761e-01	   1.2376806990411228e-01	  -2.3120992944099278e-01	
   6.9178446829815121e-01	   6.7588517177254093e-01	   6.2683170123223064e-01	   5.3837011072215912e-01	   5.5599634686020794e-01	   4.8185987209783493e-01	   7.0053262856996235e-01	   5.9965959546935799e-01	   6.2028830970187154e-01	   5.1835596373728410e-01	   0.0000000000000000e+00	   7.8629694025592145e-01	   8.2538645170350167e-01	   7.6254953122931268e-01	   7.0606508179157745e-01	   5.7897266298513228e-01	   5.9278786456389554e-01	   4.3746431240423328e-01	   5.9988436341739937e-01	   5.7977570522755772e-01	   4.5926817870538228e-01	   3.6587371632716253e-01	   5.6797512334089162e-01	   4.5196110430324277e-01	   3.6553317476015068e-01	   4.4001016566177542e-01	   4.0599282630636002e-01	   2.5252762915437377e-01	   7.5894061986874739e-01	   6.1196894381871059e-01	   6.6977439909187675e-01	   6.2988561066559978e-01	   5.4904958492865097e-01	   5.5630781268950968e-01	   2.6321692925487766e-01	   2.9422359738284121e-01	  -1.7070731080963569e-01	   2.4723328600313116e-03	  -2.3303752079957017e-02	   3.0255445096097922e-01	   2.7567617383570631e-01	   3.7850669421388117e-01	   4.8643147337939163e-01	   4.3504291345546031e-01	   4.2389564770172228e-01	   4.2643971986470885e-01	   4.0319777294640857e-01	   3.8316872130246998e-01	   5.6666397980199235e-01	   5.6615513727666378e-01	   5.6380498734707718e-01	   5.1430914529809013e-01	   4.7587340948554924e-01	   4.2905883305214870e-01	   3.4632338250620059e-01	   4.8455354570731080e-01	   5.5494240228613967e-01	   5.6956558747307273e-01	   5.4540539500295537e-01	   4.8339592215155769e-01	   6.5283099613254314e-01	   5.6264213149157682e-01	   6.4621528641327497e-01	   6.8129728689403901e-01	   3.8947529381360158e-01	   3.5152240651420141e-01	   4.2361405778533756e-01	   3.6697638148433787e-01	   2.5617407407403842e-01	   2.9496827198472186e-01	   5.9381918032797887e-01	   3.6212306549850909e-01	   6.3958227198571083e-01	   5.7171715380158394e-01	   5.7162011094591558e-01	   6.1593367056428028e-01	   5.7140603683066393e-01	   5.3131782990855703e-01	   5.8042088403272052e-01	   4.5634153459788585e-01	   6.5427116238601657e-01	   5.8161264097524801e-01	   6.6839568380876069e-01	   5.1958000313052854e-01	   5.7375680973656129e-01	   5.1638850465294850e-01	   4.7779384584886769e-01	   2.8089058001746187e-01	   4.7676479088352219e-01	   5.0855127990881366e-01	   4.0625832621571295e-01	   2.9970883320586833e-01	   2.9319169671455780e-01	   2.7618800558252632e-01	   1.5595794657968781e-01	   3.4223016505682086e-01	   1.3575557505686420e-01	   2.5441188408590881e-01	   4.7885510467587056e-01	   6.1111475341169341e-01	   2.6814071735093586e-01	   3.7710319254536978e-01	   2.1338299464330118e-01	   3.1697240232261287e-01	  -1.4893458641565652e-01	  -1.7920987286219270e-01	   3.1238891895209758e-01	   1.5423331211621435e-01	  -2.2996263240076686e-01	   1.2215821913207796e-01	   2.1070861193953100e-01	   2.4707253790601083e-01	   4.6287117114725423e-01	   3.5063753714544316e-01	   4.2007128463771998e-02	  -4.3045099705236578e-01	
   6.8986911856683464e-01	   7.5423090475180732e-01	   6.3567223773673776e-01	   6.8699142073536024e-01	   5.8391866004982407e-01	   5.8441889781931500e-01	   7.4156544591684370e-01	   7.4434191672550765e-01	   5.7393655800218280e-01	   5.8139103310325557e-01	   7.8629694025592145e-01	   0.0000000000000000e+00	   6.7137425952142260e-01	   7.6817791933744051e-01	   6.7484373271519138e-01	   6.7321505191534969e-01	   5.8029725582247660e-01	   5.5247353051642523e-01	   6.3334892269026255e-01	   7.2112902127353817e-01	   3.6165690100984743e-01	   2.8947895905018339e-01	   5.9055189518288476e-01	   5.7463480939359457e-01	   4.2053147012390096e-01	   5.0941927752236271e-01	   4.3020393238118482e-01	   3.2334559610302699e-01	   7.5216320878649057e-01	   6.9737589668856370e-01	   6.7371312130310401e-01	   7.2011301576219033e-01	   6.2301331487119538e-01	   6.4289256545751816e-01	   2.2176539717061275e-01	   2.6805282018445520e-01	  -4.1100980158061309e-02	   1.1111777371817666e-01	   4.6251969970910640e-02	   3.2400895239947303e-01	   2.4802092008884521e-01	   4.0061172951220242e-01	   4.5804070212135439e-01	   3.9840038681142392e-01	   3.8255604712468472e-01	   3.9603877309083824e-01	   4.0211561868865764e-01	   3.5563638715961804e-01	   5.2952847611614151e-01	   5.3520367883494280e-01	   5.5500268779588691e-01	   4.9966537022569713e-01	   4.3836690755389662e-01	   4.8365987593762505e-01	   4.3546722015928507e-01	   4.4762611243216099e-01	   5.5860740140988330e-01	   6.5070447535184084e-01	   5.6911761985372111e-01	   5.8729511221588337e-01	   6.9933010139858975e-01	   6.9910091193523549e-01	   7.1413288271319497e-01	   7.3410369792167096e-01	   2.9634834273574329e-01	   3.9283741091976965e-01	   4.6989579171741297e-01	   4.3813034804025025e-01	   4.1844021869720016e-01	   4.6011308279964980e-01	   4.9348385486117641e-01	   3.1658951646119188e-01	   6.3601972025950204e-01	   6.3973182090676239e-01	   5.4994381861969566e-01	   6.8305229902333009e-01	   6.4342171708376461e-01	   6.7048784412753593e-01	   6.0158576494526128e-01	   5.8742310965713029e-01	   6.9029328056054073e-01	   7.0884295008576226e-01	   7.0678033737261259e-01	   6.7920054077915082e-01	   6.4558921927218527e-01	   6.7760902441838899e-01	   5.1046860403750416e-01	   4.5488062500836957e-01	   6.0352901083076926e-01	   6.3679711620925172e-01	   5.4261919018375038e-01	   3.1975242852603170e-01	   5.0984719094751241e-01	   4.1442192882291140e-01	   3.2287587563307296e-01	   4.3161515172269549e-01	   2.5483720801654069e-01	   2.6960670392757707e-01	   5.6197104242838269e-01	   5.6480303523796815e-01	   4.8939473314364146e-01	   4.6200276381089689e-01	   3.7450836600770421e-01	   3.4703154848984613e-01	   3.9907591122160628e-02	  -5.7890075044261434e-02	   2.9165657446851018e-01	   2.0414358288939605e-01	  -8.9988912328119786e-02	   2.6926073494393621e-01	   2.7660124900751470e-01	   3.0861242771747166e-01	   4.9589676665459914e-01	   3.8897582098856659e-01	   1.7755900692550936e-01	  -3.1511336884642910e-01	
   7.4539223542363864e-01	   6.5086085852739695e-01	   6.8253704124267600e-01	   5.2189702811635641e-01	   5.9726533730515841e-01	   4.9181474931719227e-01	   7.2087268890039669e-01	   5.5294165042974230e-01	   7.0460735147405384e-01	   5.8589169477162262e-01	   8.2538645170350167e-01	   6.7137425952142260e-01	   0.0000000000000000e+00	   8.7019184549233342e-01	   7.8693127405686847e-01	   6.0812239586507910e-01	   4.4916086969271596e-01	   4.7066384324695443e-01	   7.1828004798975109e-01	   6.4069809773703079e-01	   4.2568859883727372e-01	   3.9557796015678404e-01	   6.2847236956021124e-01	   4.7837329328707945e-01	   3.9145114143320769e-01	   4.8534692777334804e-01	   4.6654484018886810e-01	   4.7844822274095744e-01	   6.9852055830222870e-01	   6.4572826397189598e-01	   5.8112419363823709e-01	   5.0890574193609683e-01	   5.5214755396075255e-01	   5.4009430447018358e-01	   4.2041143300441169e-01	   3.5557429317519806e-01	   2.0288663713539068e-01	   2.5025873809847282e-01	   3.1630370659579538e-01	   4.9506437179255691e-01	   3.2630309017146930e-01	   5.0798837537366337e-01	   5.9099507423288600e-01	   5.4198642774576711e-01	   4.7095814335832736e-01	   4.7693533437485192e-01	   5.0388816733930697e-01	   5.0262209850260875e-01	   5.6842790607890115e-01	   6.1281975434541069e-01	   6.3592614137431880e-01	   6.1575307400836321e-01	   5.3563206808867747e-01	   5.3884222844796548e-01	   5.8031808735211621e-01	   5.7621483117861005e-01	   5.6635690993169718e-01	   5.5485202679301915e-01	   5.3200794580165223e-01	   4.5802980212158229e-01	   6.6179536269777528e-01	   5.1875852408051948e-01	   5.3444605581227234e-01	   5.0923737134124802e-01	   4.4359471453098837e-01	   5.8138035189232173e-01	   4.7364452990257755e-01	   4.1799607400802685e-01	   3.5988138239907702e-01	   3.3058952822655774e-01	   5.2086255184056252e-01	   4.1866798341915556e-01	   6.1354656702630028e-01	   6.4881451796017819e-01	   5.6882152270071473e-01	   6.2601141408968175e-01	   6.8952386814282352e-01	   6.6311069442317372e-01	   6.6855501129632655e-01	   6.0739697018937777e-01	   7.2645977784886162e-01	   6.5773809684886186e-01	   6.8687367671129329e-01	   5.3920808405800891e-01	   7.2166858753337570e-01	   6.2055825438249945e-01	   5.1150869559315515e-01	   3.2842314401015577e-01	   5.8248263697301328e-01	   5.8357063774156481e-01	   5.3355353956247620e-01	   4.4471225390502589e-01	   3.9314942117663942e-01	   4.9157826725234832e-01	   3.1754630244265525e-01	   3.9425415842177269e-01	   4.0598648611663879e-01	   3.2429723692781659e-01	   5.9899460100617830e-01	   6.5142775605417569e-01	   3.0895104582376348e-01	   4.7710719585110373e-01	   3.2142748492306222e-01	   3.1752963958844982e-01	  -2.4822447708119856e-03	  -5.9197910378493479e-02	   3.2884826788689564e-01	   2.1354093719024100e-01	  -9.5465280845932241e-02	   1.8512299612431865e-01	   3.0225892078432032e-01	   3.5392252668700197e-01	   5.6103749284348137e-01	   2.7803432642410131e-01	   9.2405798687927199e-02	  -3.3315906877944690e-01	
