   0.0000000000000000e+00	   7.8815124327671937e-01	   6.1305314300803460e-01	   3.3074167054320092e-01	   5.9269927220636576e-01	   4.5478354002688431e-01	   6.3190433361443332e-01	   3.7507088292201229e-01	   3.7959086916169804e-01	   4.1193470363029994e-01	   6.7628158272864702e-01	   5.1950459148140526e-01	   6.7022994739429798e-01	   4.4559608469182521e-01	   5.3047882377435862e-01	   5.2020862867344864e-01	   5.5962232804931444e-01	   4.4870372911163436e-01	   7.7051539224217813e-01	   6.9478208002269359e-01	   1.6844407787831125e-01	   3.3368413273371761e-01	   3.4401699239076144e-01	   2.1712212806728431e-01	   2.3793691025193164e-01	   1.4112910753932401e-01	   5.0601115672618047e-01	   5.3906107648281543e-01	   5.4437611765546401e-01	   5.1325548187712855e-01	   1.9862828044715386e-01	   2.1217363942790049e-01	   4.1014513928274937e-01	   3.2022159520838595e-01	   1.4917712340262368e-01	   1.8394113925744865e-01	   3.2585005129811240e-01	   4.0051763983115851e-01	   3.9196552707660137e-01	   3.7100614555397654e-01	   2.5355175162465643e-01	   4.5069564298557430e-01	   2.8544883790045683e-01	   2.3978908067087903e-01	   1.1153297725868558e-01	   7.1848734568135730e-02	   2.8494686016473403e-01	   3.2024792171933364e-01	   5.6644679535635478e-01	   3.6150809343960938e-01	   5.9441687095974738e-01	   4.5023170904687326e-01	   4.1973182916933788e-01	   4.0151411720225000e-01	   6.1814677621153102e-01	   4.9491364004308425e-01	   8.5002201189232340e-01	   6.6990055680940175e-01	   7.6295538639928051e-01	   6.2525207769094560e-01	   7.6584588927779707e-01	   3.1588764261050295e-01	   6.4414291044702077e-01	   4.9916706896814839e-01	   3.5472148403633741e-01	   3.1993700416024762e-01	   4.8032285548438958e-01	   3.5317940795714625e-01	   6.1773216599193670e-01	   5.0540891002918042e-01	   2.8840580610121896e-01	   2.0137330295744654e-01	   5.4828519737732306e-01	   5.4445955117280864e-01	   6.0711775385057254e-01	   5.2131001504565988e-01	   5.2073524302742702e-01	   3.4638762273549289e-01	   5.6295031940864471e-01	   3.3270962998271969e-01	   6.2078683977555116e-01	   6.1819481992698067e-01	   4.9733346594373473e-01	   6.2492342127950762e-01	   5.0234730393526872e-01	   5.8050567524804852e-01	   3.9917103520717984e-01	   3.8433479258069742e-01	   6.9145045680662043e-01	   6.7658652120685514e-01	   3.9577834667030587e-01	   5.1775208478364643e-01	   1.6953082237855399e-01	   2.5752800882022275e-01	   1.9649714080403041e-01	   1.8791543060806112e-01	   4.2750398177085902e-01	   4.6636259919247935e-01	   4.5033351887384032e-01	   5.4968846078477340e-01	   2.7558311158410265e-01	   2.7256638792397980e-01	   3.5545702942416135e-01	   3.7119650767267093e-01	   2.2387199787785396e-02	  -2.2289140101964816e-01	   2.1049421004964894e-01	   2.2889009808797806e-01	   2.8394253834266059e-01	   3.0901015495562834e-01	   3.1516101845152567e-01	   1.3637560654844022e-01	   2.6581904435961107e-01	   3.1611886565858371e-01	   3.5011477383625769e-02	   4.4825118354477445e-02	
   7.8815124327671937e-01	   0.0000000000000000e+00	   5.5240535170976512e-01	   5.2227791298871651e-01	   5.2593870527378972e-01	   4.6260685320420797e-01	   5.1233756060172020e-01	   4.8266394918491473e-01	   3.7500700761193467e-01	   4.4321724826007014e-01	   4.2220204659761207e-01	   5.5920123809290301e-01	   4.0185510450758422e-01	   4.1747228811941917e-01	   4.8414599259677327e-01	   5.0905451947473290e-01	   4.5407642966942674e-01	   5.8779743926561900e-01	   8.0700518864079762e-01	   8.4699442073785525e-01	   2.9565872348332223e-01	   4.0272282063057607e-01	   4.5304935735761453e-01	   4.0487685027821096e-01	   3.6217581507008206e-01	   2.9156473694871898e-01	   5.7263846939536700e-01	   5.2277405316947623e-01	   5.4446465805467381e-01	   5.9344448117466486e-01	   3.8981978995768962e-01	   3.7792576461422522e-01	   6.2546508699815329e-01	   6.0382235258100014e-01	   3.0145961444024871e-01	   3.8300857968742941e-01	   2.0750558612047143e-01	   4.9730455740421975e-01	   3.5254763419918395e-01	   4.6684829192978844e-01	   3.2283123497081179e-01	   4.7658232430099168e-01	   4.5286344561573599e-01	   3.8760329818019301e-01	   3.8418961574177268e-01	   3.7857631971941069e-01	   4.0913356177103677e-01	   4.0782197525386171e-01	   6.3561422180417138e-01	   5.8479226690533748e-01	   4.8695808900841475e-01	   5.3892306674563395e-01	   5.4800646588908175e-01	   5.4424937451397981e-01	   5.0162777213414467e-01	   5.4471416889713486e-01	   8.7306281251268325e-01	   8.3999660328494452e-01	   5.3467294004569077e-01	   6.3392396151699637e-01	   4.9060378352269524e-01	   4.0899401338670094e-01	   5.5697358656483931e-01	   6.7170932605175182e-01	   2.2690187232490727e-01	   3.2230420136547566e-01	   4.7109570854552357e-01	   5.2212039513465047e-01	   6.3787964749883286e-01	   5.9819927335762357e-01	   2.1347402655940301e-01	   2.4271506051081418e-01	   5.0266846965567791e-01	   5.8909836689785144e-01	   5.3613746866591683e-01	   5.9092022108201636e-01	   5.2030326085716050e-01	   5.0148439306545978e-01	   5.2051600404360232e-01	   4.3747892359216406e-01	   6.6510229997546888e-01	   7.2946988640763410e-01	   5.9944292624249718e-01	   6.4633214252974036e-01	   5.7870324462336520e-01	   7.1688849549324385e-01	   4.1104143995655523e-01	   3.8706853140089170e-01	   5.0527119884457883e-01	   6.1543835716440232e-01	   3.7671316834279922e-01	   3.9705688508575332e-01	   1.5079316893251829e-01	   1.3295564337630625e-01	   1.8890926944715411e-01	   2.1601447778097671e-01	   4.5066607534433295e-01	   5.1619914577627435e-01	   5.2597551834945699e-01	   5.8435823520712060e-01	   2.8792486363347158e-01	   2.1492963537063930e-01	   4.1212005027911436e-01	   2.8460465083989567e-01	   1.2220598992786641e-01	  -2.3067672936354111e-01	   3.7038362422280785e-01	   2.9991090333978621e-01	   3.4106862185383385e-01	   4.1051543960811865e-01	   3.0451512043133711e-01	   2.3002591758647037e-01	   2.8641393050269021e-01	   4.4828147947969710e-01	   4.3026751865614055e-02	   1.1390378258492531e-01	
   6.1305314300803460e-01	   5.5240535170976512e-01	   0.0000000000000000e+00	   5.7784366628911665e-01	   6.7646192773595415e-01	   4.9333635015566979e-01	   8.5262837517706391e-01	   4.5263918784804769e-01	   5.4898773345626817e-01	   4.1404600425679711e-01	   5.7460242045651089e-01	   3.3619926482684964e-01	   5.8955366204699078e-01	   3.0057241447893374e-01	   7.1853872023457199e-01	   5.9939033269270869e-01	   2.3644300256579209e-01	   2.4857656633624586e-01	   7.2293852658184965e-01	   6.8511180549988904e-01	   4.1650970632354817e-01	   5.1753289720816298e-01	   8.5863294719885785e-01	   6.4258956084557528e-01	   6.8817719628592622e-01	   5.1298751464756021e-01	   7.7724607616313357e-01	   7.6813183163416165e-01	   3.3285319794400320e-01	   3.1321233650226460e-01	   6.2333015615093601e-01	   5.5497336179717915e-01	   6.6997622372043919e-01	   5.6458676602501445e-01	   6.2776749461318537e-01	   6.0109917411998293e-01	   3.0551831137811131e-01	   5.1595699748499391e-01	   4.9490717508295601e-01	   5.1047026054736067e-01	   9.9308137044607087e-02	   4.3456713430468730e-01	   4.4534848078266459e-01	   4.0097774889858712e-01	   4.1199237280765078e-01	   2.9797643834122989e-01	   4.4190312301359203e-01	   4.7537200720100703e-01	   5.6115363314334732e-01	   3.9545367071450499e-01	   5.1023247253305914e-01	   3.5088620061973741e-01	   2.7836360063738941e-01	   4.9589578726383521e-01	   5.8640558155314770e-01	   5.7683182086800366e-01	   5.0081133539488931e-01	   4.5847958583590581e-01	   4.9559603845470301e-01	   3.6067604612337756e-01	   5.2492841642852639e-01	   2.8697416329636039e-01	   5.4428960508349433e-01	   4.0638180668596691e-01	   6.2675303128947879e-01	   4.5508883399415490e-01	   7.1442530643794622e-01	   5.5262355110616201e-01	   6.4169856890456922e-01	   5.2774648442651173e-01	   5.0256412425165908e-01	   4.8980052046395151e-01	   4.6069839728754547e-01	   4.5902523086333813e-01	   5.6634484085426018e-01	   5.6044383725063374e-01	   5.5421183703213450e-01	   4.8292217780958913e-01	   3.5911881109141613e-01	   2.5773373017627244e-01	   3.8039059598172631e-01	   5.0382827815971609e-01	   5.4195487157425415e-01	   5.7351712530780152e-01	   6.2572202685405542e-01	   6.3554682955127861e-01	   5.0409443894161798e-01	   4.5430635942557723e-01	   7.1971127195806717e-01	   6.2478463576664034e-01	   4.3362736350831693e-01	   5.7234247156173834e-01	   2.7958341174706069e-01	   4.7552253882108436e-01	   4.3707195418970263e-01	   1.7644297456135510e-01	   6.4962854056062080e-01	   6.2249502973768711e-01	   5.8737487720861914e-01	   6.1615833919472007e-01	   3.8600150269740241e-01	   4.1488642789255331e-01	   4.1411925633790714e-01	   4.3120809163800233e-01	   1.7144061209205985e-01	  -7.9339244814438561e-02	   2.0419681663759059e-01	   1.7013614356374182e-01	   2.5356008069508984e-01	   5.2591338206763316e-01	   5.6183083462500050e-01	   3.0781656811839814e-01	   3.5677622435614509e-01	   4.8270478420348772e-01	   3.8078558710417626e-01	   1.5796778408813650e-01	
   3.3074167054320092e-01	   5.2227791298871651e-01	   5.7784366628911665e-01	   0.0000000000000000e+00	   5.8444162218003215e-01	   6.9805573263142762e-01	   6.6885614920569059e-01	   9.0294893066947890e-01	   5.0812858544662209e-01	   7.3117778309096404e-01	   4.1170028834409067e-01	   6.7307443472115835e-01	   4.4112790484544750e-01	   6.4498022014871392e-01	   5.3730589648696747e-01	   7.5169535527262077e-01	   2.6134084810561692e-01	   2.9838457507091604e-01	   5.1358771951072646e-01	   6.5992438914105622e-01	   4.4043470107159743e-01	   4.0273413300497390e-01	   6.9651248720523051e-01	   8.4945671925040989e-01	   4.7184472418474854e-01	   4.4478035470018873e-01	   5.2549408419283783e-01	   4.8504834284629594e-01	   4.2623237850362106e-01	   4.5453762110182927e-01	   5.9431337147370911e-01	   6.2462972963673480e-01	   7.0773646391767342e-01	   8.0567110753664339e-01	   5.9335292678585216e-01	   7.0847400759569368e-01	   7.8067243407484069e-02	   4.1525475888321006e-01	   2.4377747135880826e-01	   3.7819496342855463e-01	   2.5738476477842698e-01	   3.6140911932539954e-01	   4.9723718869988720e-01	   5.2412700963143444e-01	   5.6056824985124287e-01	   5.8476391729365873e-01	   4.5816478020502482e-01	   5.1874932014292086e-01	   4.8456849657008572e-01	   4.3829575441967933e-01	   4.0191433177910796e-01	   3.5611389091944917e-01	   1.8945006267724881e-01	   3.9605388100084282e-01	   3.5425798666428765e-01	   5.2157863729976228e-01	   3.9266615162775553e-01	   3.0776912642456972e-01	   2.6397343374737742e-01	   4.0642738490550856e-01	   4.2418810390047823e-01	   7.6505157580816108e-01	   5.2619357982469162e-01	   6.2952435385767280e-01	   5.0934432552679632e-01	   7.6066579094967279e-01	   6.3545083842137584e-01	   7.6131113613270385e-01	   4.1200226925942574e-01	   4.9853555659752613e-01	   5.4024673085073238e-01	   5.3065287747677048e-01	   4.7662120896770876e-01	   5.4809937731306246e-01	   4.8132925969761542e-01	   6.5596318574435220e-01	   5.8165818651962420e-01	   6.9228472527246354e-01	   3.4583596716151765e-01	   3.5347812017110980e-01	   3.8895425372519404e-01	   4.0499248481037331e-01	   4.8876470408659300e-01	   4.5050584244409242e-01	   5.0888377369588578e-01	   6.8549208845174048e-01	   2.4684196017988827e-01	   3.0032641013364803e-01	   4.9473304544797669e-01	   5.5538186653894051e-01	   3.2446523143002304e-01	   2.9537126560353033e-01	   2.8372772623485765e-01	   2.1782483850036716e-01	   1.7075994340898551e-01	   1.7708259062030715e-01	   4.5183686469418538e-01	   4.9193825309860750e-01	   4.2458933613819039e-01	   4.5940298726924356e-01	   4.0990448807121693e-01	   2.2325344374714490e-01	   4.2243707355413912e-01	   2.2584752252651602e-01	   2.8321171575676152e-01	  -8.5029736170612616e-02	   3.5537818214539796e-01	   2.8506808197568773e-01	   1.4798878361730891e-01	   4.3828836989859954e-01	   4.5158847845981875e-01	   2.9663214208746264e-01	   4.4739676479994217e-01	   4.9816010770972574e-01	   3.1375668307524551e-01	   3.0709736768431151e-01	
   5.9269927220636576e-01	   5.2593870527378972e-01	   6.7646192773595415e-01	   5.8444162218003215e-01	   0.0000000000000000e+00	   7.7116164107017993e-01	   7.9071814379050631e-01	   6.3378938774562321e-01	   7.8288714945574300e-01	   6.8916295731847621e-01	   6.8330249073429561e-01	   5.7479085951952635e-01	   7.3714357291154364e-01	   5.7822758713084954e-01	   6.8031018167893742e-01	   7.2872134616165796e-01	   3.5732720631489606e-01	   3.2450420983728029e-01	   6.0787541830245773e-01	   6.1546751440940606e-01	   2.7357441072622191e-01	   3.9794288957086432e-01	   6.1724729384608890e-01	   5.0230362883693902e-01	   3.4620251137179325e-01	   1.8241432155164022e-01	   6.2438613526943731e-01	   6.2294285170500086e-01	   4.9852459836356389e-01	   4.7621601663068025e-01	   3.2825612410743948e-01	   3.1862113856283936e-01	   5.1204360763534040e-01	   4.7268821565598773e-01	   4.3591514346070048e-01	   4.5941785544568980e-01	   3.6395276185138559e-01	   3.5578205340236946e-01	   2.9778552633684929e-01	   2.5103168511632046e-01	   2.8193020898968174e-01	   3.7571395868384250e-01	   4.2264266490937641e-01	   4.2439681870491541e-01	   4.4297510978047644e-01	   4.3255822148398004e-01	   3.8774593025098120e-01	   4.2366567805263117e-01	   5.6212826183373421e-01	   4.8576596215748424e-01	   5.2702060970462705e-01	   4.4812826659150207e-01	   2.5595212005736878e-01	   4.0870446632191393e-01	   5.3727287882173735e-01	   5.3049636581940973e-01	   4.8639783037008888e-01	   3.2853206664568629e-01	   5.5613510271852129e-01	   4.8517212346515731e-01	   6.4713283359763807e-01	   5.4850177617172891e-01	   6.1612233503822766e-01	   4.6558635676754689e-01	   6.2750821219254849e-01	   5.6778393650045156e-01	   6.5525551397110338e-01	   5.8274976534018652e-01	   5.3924708021168777e-01	   5.1745864877274483e-01	   4.4315216797432094e-01	   3.4404409629182875e-01	   5.2537233917253834e-01	   5.2784775916700655e-01	   5.8136993617780464e-01	   5.3273924806284856e-01	   6.1013897096633607e-01	   5.8968977383903043e-01	   4.8016219871106947e-01	   2.9550668493311372e-01	   5.4990919975256147e-01	   5.2460840445753032e-01	   5.1636182463457103e-01	   4.5530901886360742e-01	   6.0770576247207742e-01	   6.5574615646630519e-01	   3.3763552563345745e-01	   3.6723369416699325e-01	   7.1260824195424677e-01	   6.8224351877818856e-01	   3.8301535003999287e-01	   4.9192220415892185e-01	   2.9940092399935209e-01	   4.3548089257253075e-01	   7.3978490627151672e-02	   1.4198623902194188e-01	   4.2109414431978243e-01	   4.3782125787240078e-01	   4.9605679131109359e-01	   5.1919965390862988e-01	   4.6881583152523165e-01	   4.3511999274221924e-01	   4.4742786312455252e-01	   4.4991059232118080e-01	   2.0354505041437726e-01	  -1.3914710418584333e-01	   3.1420445128508656e-01	   3.1180570900804561e-01	   2.8946646317358882e-01	   3.0367631937516221e-01	   3.5277047715118248e-01	   1.6943815515650526e-01	   3.4738430259294645e-01	   4.6875542751412236e-01	   2.3372518811692772e-01	   6.1493106340722387e-02	
   4.5478354002688431e-01	   4.6260685320420797e-01	   4.9333635015566979e-01	   6.9805573263142762e-01	   7.7116164107017993e-01	   0.0000000000000000e+00	   6.8590650805340070e-01	   7.5655586440453770e-01	   6.0631518287120068e-01	   7.8754539275801538e-01	   5.9926546965397720e-01	   7.2797753214960415e-01	   6.3035880513964848e-01	   7.4299063276967325e-01	   5.3503402500339137e-01	   7.0805271788987179e-01	   3.6667836357782096e-01	   3.3551849883008539e-01	   4.7730575722474283e-01	   5.8383349451200228e-01	   3.8301616682174222e-01	   4.3778731237064611e-01	   5.2669040946316836e-01	   5.4898486236046062e-01	   3.1211302355313042e-01	   2.8496331943030334e-01	   5.1832038584045115e-01	   5.9212157300650670e-01	   5.0303015632315551e-01	   4.9136042356312259e-01	   3.4210093718658524e-01	   3.6792084719830620e-01	   5.1175842389970017e-01	   5.6769116421272026e-01	   4.0610507525333461e-01	   4.8141369217161417e-01	   2.3130643233709308e-01	   3.0040968158644599e-01	   2.1857448039298019e-01	   2.5851578370599404e-01	   2.8482814523681782e-01	   3.8895028115057306e-01	   3.4170882389423934e-01	   3.7917661134402009e-01	   3.7199884785021298e-01	   4.3511048684963560e-01	   2.7498127476847528e-01	   3.7846840987293895e-01	   4.4532710706135015e-01	   3.8574351448021832e-01	   4.3585100551154510e-01	   3.7503665370367489e-01	   1.1478780762278293e-01	   3.1330122818969486e-01	   3.8551205479046924e-01	   4.3894891652847312e-01	   4.6041954592545664e-01	   2.3467748086269566e-01	   5.1122636018378476e-01	   5.0687594322427576e-01	   6.0770754604445487e-01	   6.9929839571022967e-01	   5.9561821449440444e-01	   5.1932544186605833e-01	   5.2207120515938754e-01	   6.3878049904245282e-01	   5.9094648329038502e-01	   6.2875099789450573e-01	   3.8490039827825329e-01	   4.5926381881428352e-01	   4.3735147313857703e-01	   4.0456822510579465e-01	   5.3258634073112443e-01	   5.2628480211956541e-01	   6.1571044829669952e-01	   6.1027867950919779e-01	   5.4364569201368407e-01	   5.7846968528864662e-01	   4.6100966250107905e-01	   3.0333482065521311e-01	   4.8052054948892520e-01	   4.4422207868747843e-01	   4.4429739490757336e-01	   4.5631777869848611e-01	   4.5336101338222368e-01	   5.8947788341671470e-01	   2.2906403875381240e-01	   2.6859685014055590e-01	   6.7725446902524911e-01	   6.7324174115704860e-01	   3.3627951094448916e-01	   3.6541029995011792e-01	   3.3411839671021237e-01	   3.2656329600160361e-01	   3.9461143729825371e-02	   1.3316754198646460e-01	   3.3551346417532768e-01	   4.3301699457261356e-01	   3.5996779900067261e-01	   4.0100245755560360e-01	   4.5737001010556788e-01	   3.1926895603736050e-01	   4.1246447039857986e-01	   3.2094035148450423e-01	   3.1034367601173085e-01	   2.9290453271238310e-03	   3.1648169700083251e-01	   3.4296226493796572e-01	   1.4247718198799450e-01	   2.8942068666086623e-01	   3.9876025812074728e-01	   2.5069341121605071e-01	   4.6972399294930312e-01	   4.1381639016817412e-01	   2.2466488456695666e-01	   2.9312428162420628e-01	
   6.3190433361443332e-01	   5.1233756060172020e-01	   8.5262837517706391e-01	   6.6885614920569059e-01	   7.9071814379050631e-01	   6.8590650805340070e-01	   0.0000000000000000e+00	   6.9238982180176278e-01	   6.4501718069236025e-01	   6.1037169274274816e-01	   7.0023454591680578e-01	   5.3671633780273931e-01	   7.3405461548370532e-01	   4.9120644634499588e-01	   6.3869610543207334e-01	   7.0035844022094274e-01	   3.6040876371953517e-01	   2.8321188887933590e-01	   6.6877661762998719e-01	   6.8051406639546330e-01	   3.2780722448104188e-01	   4.5707073087345634e-01	   7.2746252223234187e-01	   6.2484433940003936e-01	   4.6886753476994258e-01	   3.4782225094882235e-01	   5.8345053139729375e-01	   6.6947552409922628e-01	   4.8478726422791385e-01	   4.2481771692480053e-01	   5.0522634760713392e-01	   5.0401257916484621e-01	   6.5351748179288327e-01	   5.9176828288580585e-01	   4.9201951462835247e-01	   5.3907698421808881e-01	   2.4206171464566434e-01	   3.6609177825952927e-01	   3.2204544700821158e-01	   3.7160414572298917e-01	   2.0518831433362711e-01	   4.4528506852799898e-01	   4.0418324531738303e-01	   3.9769960842082241e-01	   3.9832248616966681e-01	   3.6562986931036245e-01	   3.7121187951036705e-01	   4.4632559417416862e-01	   5.6399679591821072e-01	   3.9553524087265457e-01	   5.1050669530372461e-01	   3.6054553436783499e-01	   1.5208425407258760e-01	   3.9755256512660075e-01	   4.8475025868976868e-01	   5.0214542361676251e-01	   5.0626822654402981e-01	   3.4275234273048194e-01	   5.5203409020462157e-01	   4.2632845326857227e-01	   7.0430154913782927e-01	   5.3326047744878613e-01	   7.0773917618635829e-01	   5.4143058248286291e-01	   6.8888719567279577e-01	   6.2005499840671441e-01	   7.3293656716698974e-01	   6.1070602318972278e-01	   5.4937090322558579e-01	   5.2095522628430779e-01	   5.4538049316515635e-01	   4.8617244270943105e-01	   5.4169822354105890e-01	   5.4242876391088357e-01	   6.0287475563322857e-01	   6.6323597147769686e-01	   6.3846438083951973e-01	   5.8927117266760554e-01	   4.1267885757817480e-01	   2.4465140849207698e-01	   4.4214781362673355e-01	   4.7601232007857719e-01	   4.9612479957334210e-01	   5.5669159925429224e-01	   5.3037166964673355e-01	   6.5856042936129111e-01	   3.4333660496854845e-01	   3.3936675319946819e-01	   7.6226558464829619e-01	   6.8856975131358045e-01	   4.1252158088674540e-01	   5.6009981200588410e-01	   3.4114726539972551e-01	   4.4675043387038088e-01	   2.2654055922686545e-01	   1.0789693195916301e-01	   4.9251575059366715e-01	   5.1067863076076381e-01	   4.7662687075684917e-01	   5.5110848658136613e-01	   4.3010167290119228e-01	   4.1586740639097147e-01	   4.2131745019300704e-01	   3.4793618539640914e-01	   1.5410526078579723e-01	  -8.7710091005381671e-02	   1.7273470543554864e-01	   1.8199643707682653e-01	   1.7565141174234011e-01	   3.9783301347471245e-01	   5.4164398925179857e-01	   2.8207420795808080e-01	   4.8344945118148613e-01	   4.5382016970005234e-01	   3.3631881810973907e-01	   1.9695330915676978e-01	
   3.7507088292201229e-01	   4.8266394918491473e-01	   4.5263918784804769e-01	   9.0294893066947890e-01	   6.3378938774562321e-01	   7.5655586440453770e-01	   6.9238982180176278e-01	   0.0000000000000000e+00	   5.6477077646718976e-01	   7.9808872517845142e-01	   4.7645583831521188e-01	   7.5768549680624497e-01	   5.0966294409384894e-01	   7.5991912660467142e-01	   4.7159809314864976e-01	   7.4497488097147668e-01	   3.7940681678060728e-01	   3.1452009627379307e-01	   4.8274372974510232e-01	   5.9540651135836165e-01	   3.4256650932543808e-01	   3.3542501719402240e-01	   5.2426880631052930e-01	   6.8228070795965734e-01	   2.9370721345181250e-01	   2.9993526530712189e-01	   3.8337038695614373e-01	   4.0041089332975777e-01	   5.2644589394118246e-01	   5.1331301681689623e-01	   4.5007710875713874e-01	   5.0048823413847587e-01	   6.2877678824052219e-01	   7.2141661522455081e-01	   4.2449043361601146e-01	   5.6956462246648420e-01	   1.1539831927921017e-01	   3.1103644407612796e-01	   2.0335172367163445e-01	   2.6845520191072314e-01	   3.1519217331768290e-01	   3.3124968770804375e-01	   4.3705531281447263e-01	   5.0033747434977782e-01	   4.9976673267428329e-01	   5.8273649370428238e-01	   4.0385616973322863e-01	   5.0136845232845240e-01	   4.7997401980900833e-01	   4.4065290899027554e-01	   3.8735712056197680e-01	   3.8702981326017327e-01	   1.1529927262163711e-01	   3.3971449726443648e-01	   3.1791973246783056e-01	   4.7721586346366662e-01	   4.2818360173157277e-01	   2.3748255674587479e-01	   3.3938777647668550e-01	   4.7887354887441363e-01	   5.2395840383369874e-01	   8.4822495247577090e-01	   5.9752532986405638e-01	   6.9267010719281930e-01	   4.7735281020694764e-01	   7.7466919476670559e-01	   6.2834883296442867e-01	   7.5376193000410119e-01	   3.5727976153858598e-01	   4.7243436330453842e-01	   5.2202510391832846e-01	   4.9388778577305315e-01	   5.0423884768378169e-01	   5.8568242157982553e-01	   4.6882485025316079e-01	   6.4579062794083142e-01	   6.3537623776922780e-01	   7.1240605590851669e-01	   3.8651795784841952e-01	   3.1261241761777070e-01	   4.5385408983997294e-01	   3.9319603383470147e-01	   4.6473064410291487e-01	   4.4395984139313888e-01	   4.3068932811511745e-01	   6.6020396769507439e-01	   2.2227540702329998e-01	   2.5867750741292428e-01	   5.0978987297440204e-01	   6.1009694600922493e-01	   3.5498082832863431e-01	   3.4298891760930039e-01	   3.2373357440780509e-01	   2.0801815957937714e-01	   4.0245720776432320e-02	   1.3305047134363127e-01	   3.6390305356953195e-01	   4.3112494027858339e-01	   3.8968590005917297e-01	   4.5451798081339678e-01	   4.2621390592129382e-01	   2.7501017221588930e-01	   4.2309206825046763e-01	   2.6603067084475529e-01	   3.0054363467416367e-01	  -8.8041192536170654e-02	   2.9481167125997310e-01	   3.0085098474782646e-01	   1.1315079777842674e-01	   3.3291242238836793e-01	   4.4306714590102148e-01	   3.0840497135025580e-01	   4.8324277676198668e-01	   4.4385017048491882e-01	   2.9191395101976997e-01	   2.1471974331918486e-01	
   3.7959086916169804e-01	   3.7500700761193467e-01	   5.4898773345626817e-01	   5.0812858544662209e-01	   7.8288714945574300e-01	   6.0631518287120068e-01	   6.4501718069236025e-01	   5.6477077646718976e-01	   0.0000000000000000e+00	   6.5489216966249508e-01	   5.8217021894725773e-01	   4.5584597066526056e-01	   5.8185008617802003e-01	   4.9557306848808225e-01	   6.6899029589163572e-01	   6.7142124136581993e-01	   4.3430674377564926e-01	   3.3669456831715072e-01	   5.1804348700116487e-01	   4.9051421131236472e-01	   1.8435078750190054e-01	   2.4396794353302684e-01	   5.5289013287848965e-01	   4.7430061446932387e-01	   1.9573106106601609e-01	   1.6127968954321598e-01	   3.4706924457043770e-01	   3.8449921123166475e-01	   4.9489303296115350e-01	   4.8668365828369164e-01	   3.1709098096523258e-01	   3.3091016082249824e-01	   4.5378448598780430e-01	   4.3370271182115094e-01	   2.4267282806314402e-01	   2.7260472808379504e-01	   4.3556297658538168e-01	   2.6915077461852538e-01	   2.8465741442692893e-01	   1.0440768972201567e-01	   2.3143274623861620e-01	   2.8615590309717009e-01	   4.0429617676193758e-01	   3.9937147017276453e-01	   4.0396649587045108e-01	   3.5935869220503680e-01	   4.1323304923492010e-01	   3.6800990802318978e-01	   4.0560917864828605e-01	   3.4764834346203943e-01	   3.3076011058242749e-01	   2.5444092084415471e-01	   2.0520276499601595e-01	   3.6639746599625778e-01	   3.9346080224898361e-01	   4.1190993101667406e-01	   3.4746979978062498e-01	   1.2768750126495468e-01	   3.2472015764486423e-01	   2.2543961606765905e-01	   4.9798706522230501e-01	   4.8577163299341597e-01	   6.2963207743545258e-01	   4.3747447416420165e-01	   4.9749996035101657e-01	   4.0774002607400428e-01	   4.3534351356469692e-01	   3.4589791151454208e-01	   3.6255327625021544e-01	   3.2700941713205378e-01	   4.0754673747490022e-01	   2.6878549725349099e-01	   4.8499138026590716e-01	   5.1804307055859977e-01	   4.4877694022275399e-01	   4.7199662957493049e-01	   5.2947003358536304e-01	   4.7945917063386967e-01	   4.4176173249512912e-01	   3.3147219224678626e-01	   4.9950098325922371e-01	   4.2535993122147764e-01	   4.6251110737717249e-01	   3.8613697979977146e-01	   4.9654535625611140e-01	   5.4441168251095751e-01	   2.5094251651076804e-01	   2.2649283909576440e-01	   5.7422939514580107e-01	   4.9274376021671451e-01	   2.7246202354511434e-01	   3.9763291516902355e-01	   1.9706184628837956e-01	   4.6624423952829824e-01	   1.4151003625783842e-01	   4.5774898908882741e-02	   3.8556861318984215e-01	   2.7024778840834696e-01	   3.7682113356577146e-01	   4.4440225194066074e-01	   3.8098775837333532e-01	   4.3550534075815373e-01	   3.7838587718075506e-01	   4.0483697723813034e-01	   8.2476021081155565e-02	  -1.5721419284473220e-01	   2.3167684523857873e-01	   2.8437651384620732e-01	   1.8137259612400528e-01	   2.8687109092222507e-01	   2.6133474312473537e-01	   1.4724132553233676e-01	   3.1054949241333890e-01	   4.0069385733707430e-01	   2.2486118220533596e-01	   4.9402757162929807e-02	
   4.1193470363029994e-01	   4.4321724826007014e-01	   4.1404600425679711e-01	   7.3117778309096404e-01	   6.8916295731847621e-01	   7.8754539275801538e-01	   6.1037169274274816e-01	   7.9808872517845142e-01	   6.5489216966249508e-01	   0.0000000000000000e+00	   6.0390316957319745e-01	   7.7147445000382275e-01	   6.1277166958526663e-01	   7.7276823945155071e-01	   5.2690313353513718e-01	   7.7308017991731182e-01	   4.3874266918748889e-01	   3.5430388213337904e-01	   4.2223193448914853e-01	   5.3791383822573291e-01	   1.3201070132209594e-01	   1.6294241474989790e-01	   4.9547602526383627e-01	   5.9187391223328734e-01	   8.0690478294301121e-02	   8.4530127381144404e-03	   3.6076053919406914e-01	   3.5921369837777639e-01	   4.7638376462357268e-01	   5.1465196898682253e-01	   1.6794835874216132e-01	   2.0780118860305208e-01	   4.0262701304986026e-01	   4.6848608888958099e-01	   3.1543436925166102e-01	   3.7087184843321086e-01	   2.6415455292247014e-01	   3.3049169689203461e-01	   2.3660470693186408e-01	   2.1595758205649154e-01	   3.0193601845548856e-01	   3.4592493782930239e-01	   3.4851608913551479e-01	   3.8088065941879112e-01	   3.8067866583788063e-01	   4.2923372258543857e-01	   3.2965148673280964e-01	   3.9004422637407959e-01	   4.4992664904154395e-01	   3.9178708605367008e-01	   4.0601956170158371e-01	   3.4247994924083081e-01	   1.8052547255092266e-01	   3.6669537294420507e-01	   3.7258636841027848e-01	   4.2037715633484996e-01	   4.2008997897409484e-01	   1.8303894526976000e-01	   4.5968692778668940e-01	   5.0152233984328376e-01	   6.3100374238519652e-01	   8.0274300647424335e-01	   6.4370999816121888e-01	   5.7015031869793309e-01	   6.1210207004362482e-01	   7.0594382007282763e-01	   5.3853067404681676e-01	   5.9565826788986387e-01	   3.6706877721415754e-01	   4.9971773509983797e-01	   3.9622408192209257e-01	   3.0074705364656901e-01	   4.3492547041007101e-01	   5.2341803568277290e-01	   4.1608526853676253e-01	   4.7538858441927812e-01	   5.5850744264329888e-01	   5.6050803876124766e-01	   4.4084112687795574e-01	   2.7989416168908160e-01	   5.0826984877380799e-01	   4.1285669400318076e-01	   4.7094485307620970e-01	   5.0370563859979733e-01	   5.1312908422646608e-01	   5.5646891373187768e-01	   1.9605954013394286e-01	   2.3685208540192737e-01	   6.5221101896598144e-01	   6.9555128902254704e-01	   3.8208581933724028e-01	   4.0476467149103112e-01	   3.7279548948637931e-01	   3.7798633396258896e-01	   1.4690949298026093e-02	   5.7503894518761978e-02	   2.9503184815545097e-01	   3.5693996606372647e-01	   3.6485765146966459e-01	   3.9548734764280052e-01	   4.3890690313758324e-01	   2.9848045353067798e-01	   3.8689861544537707e-01	   2.7324620235356240e-01	   2.1183465745838892e-01	  -1.5537187356730978e-01	   2.9090935706291332e-01	   2.2474156111831417e-01	  -5.0806960274287397e-02	   3.2359900562361776e-01	   3.8211279915313678e-01	   2.0973253831382369e-01	   5.4124196504847732e-01	   4.4916612004792533e-01	   2.1009897733317956e-01	   1.1388770137603192e-01	
   6.7628158272864702e-01	   4.2220204659761207e-01	   5.7460242045651089e-01	   4.1170028834409067e-01	   6.8330249073429561e-01	   5.9926546965397720e-01	   7.0023454591680578e-01	   4.7645583831521188e-01	   5.8217021894725773e-01	   6.0390316957319745e-01	   0.0000000000000000e+00	   6.8016136367093549e-01	   9.2762329883974148e-01	   6.7810338363973144e-01	   6.2061864395699262e-01	   6.7229979532864803e-01	   5.6027003431491862e-01	   2.9956538601158550e-01	   4.3940245960362134e-01	   4.2224810824232711e-01	   1.0663193189259623e-03	   1.5401432133416459e-01	   4.5809964869447306e-01	   3.8363569626575944e-01	   1.0343361510200026e-01	   1.7107246666308099e-02	   4.0132978451830525e-01	   4.7717350612077469e-01	   4.8345017800807366e-01	   4.1036290120915425e-01	   1.2988331724210736e-01	   1.6212754783755778e-01	   2.9077198454246006e-01	   2.7464742803200476e-01	   2.1400555102603699e-01	   1.9853499192147747e-01	   2.1590371922126722e-01	   1.6836837407918998e-01	   2.1512388595195092e-01	   1.1364600393642488e-01	   8.6803792452171791e-02	   2.3095003828526911e-01	   2.1485125733839949e-01	   1.8124250063817804e-01	   9.4606074570411286e-02	   6.2944133478280540e-02	   1.7738913895414019e-01	   2.1732580704907217e-01	   4.4855149583640969e-01	   2.2302344845747518e-01	   5.6723610305473116e-01	   3.1564729568088179e-01	   1.5078285151786180e-01	   2.3258155626162202e-01	   4.5916137931536394e-01	   3.5191515708801724e-01	   4.9690506685302627e-01	   2.7661794855815458e-01	   6.6057717554045570e-01	   5.2032343881388421e-01	   8.7443767107616499e-01	   5.4943251639345114e-01	   7.9411098790185641e-01	   4.7102286164253238e-01	   6.7668523468872777e-01	   5.5841216550889072e-01	   4.7566321569133940e-01	   3.4432225806834399e-01	   3.9675094719791981e-01	   3.3238393514114883e-01	   3.0983514297526876e-01	   2.4538248222885725e-01	   4.1884789249441196e-01	   4.1506653268439003e-01	   5.2359732281453852e-01	   4.1457981544766409e-01	   4.3076292101232455e-01	   3.0985459342117144e-01	   5.2843424455445964e-01	   2.6226161798289038e-01	   5.1034805899000901e-01	   4.0142459872203018e-01	   3.2231374625715808e-01	   4.2810044237846834e-01	   5.0747771673190634e-01	   4.6986916275607715e-01	   1.9533365789766738e-01	   2.6285941728627948e-01	   7.3618517372782177e-01	   6.5778805466587820e-01	   3.5128673354935480e-01	   4.0338888336296430e-01	   2.5443094503505070e-01	   3.3579396514978710e-01	   4.9241254352848610e-02	   4.9034833844493669e-02	   2.9192511236104612e-01	   2.8513075590932246e-01	   2.8664370751449264e-01	   3.2196869565089825e-01	   3.4927240421052358e-01	   3.1975932611134000e-01	   3.3399983471526090e-01	   3.9208323352313834e-01	   7.5006585828850808e-02	  -1.8363785752538883e-01	   2.2750586454448127e-01	   2.6391658381076499e-01	   6.7146761225756385e-02	   1.0467589389700342e-01	   2.4142911743559148e-01	   1.7963675502091731e-02	   3.4479364181002753e-01	   2.4534295428591227e-01	   1.6593938202728498e-01	   1.2252485150517761e-01	
   5.1950459148140526e-01	   5.5920123809290301e-01	   3.3619926482684964e-01	   6.7307443472115835e-01	   5.7479085951952635e-01	   7.2797753214960415e-01	   5.3671633780273931e-01	   7.5768549680624497e-01	   4.5584597066526056e-01	   7.7147445000382275e-01	   6.8016136367093549e-01	   0.0000000000000000e+00	   6.3626311028601745e-01	   9.1850433783944496e-01	   5.1336512715162064e-01	   7.9040839718865241e-01	   4.7564247586097408e-01	   3.6503720283088037e-01	   4.2737114210845650e-01	   5.2293072255497908e-01	   1.4745604729747594e-01	   2.2993854751493059e-01	   3.8203613038253215e-01	   5.3123922586396233e-01	   1.0866501051729852e-01	   1.2920414716777645e-01	   3.8521245639527624e-01	   4.0400162492080971e-01	   5.6465926273728639e-01	   5.8190767410875088e-01	   2.2518354567639212e-01	   2.7578111593168719e-01	   3.2646015420012342e-01	   4.3463340113720850e-01	   1.7332903003679079e-01	   3.0948793904985639e-01	   1.0055895633555437e-01	   3.0525789834213468e-01	   1.4363420920216174e-01	   2.2359755596759973e-01	   2.8199726844353473e-01	   3.1775554579827991e-01	   2.8280771102882385e-01	   2.8318878886171400e-01	   2.2322737951534916e-01	   3.1657330702133868e-01	   2.4048939389971444e-01	   2.8767847121631385e-01	   4.9066631507374148e-01	   4.1755879276815805e-01	   5.4938197450189519e-01	   5.1908327223235462e-01	   2.8636464041460641e-01	   3.8212814431013131e-01	   3.7497261020567935e-01	   4.3201811307136939e-01	   4.8803132033311258e-01	   2.9534659846547201e-01	   5.3115394234078694e-01	   6.9016049024604909e-01	   6.7359759148411191e-01	   8.1311316309130066e-01	   6.1518234897719071e-01	   6.6905943146986480e-01	   4.3955236958692179e-01	   7.4606498065241311e-01	   3.9467673299452655e-01	   5.4753031492962589e-01	   2.6441040378109421e-01	   3.7489447161370437e-01	   3.3577621078430253e-01	   3.2978019765684941e-01	   4.3050737504991060e-01	   5.5667433886549944e-01	   4.9056769823322993e-01	   5.4946681329304159e-01	   5.2938892586125819e-01	   5.9766892325840903e-01	   4.7834595089169818e-01	   2.9975502775110546e-01	   5.1302866715251472e-01	   4.1900770424679834e-01	   4.6043884216757924e-01	   4.8944318406625659e-01	   4.5010334973218474e-01	   6.1596877582515475e-01	   2.0900445039963722e-01	   2.7176075053800192e-01	   5.9164217014705256e-01	   7.3755872848357573e-01	   3.8240721665027355e-01	   3.2556401929701262e-01	   3.1046988863446484e-01	   1.7087173456606461e-01	  -1.1256864149684531e-01	   1.4465216233544541e-02	   1.8833190371839531e-01	   3.0285463236202737e-01	   3.2052868995021300e-01	   3.1151349105050813e-01	   3.6380663739716507e-01	   2.4948840371474457e-01	   3.5107601245071074e-01	   2.3590473584763172e-01	   2.3576836537765578e-01	  -2.1294697471865462e-01	   2.9982846395153423e-01	   2.5184207371134976e-01	   4.0409145888590264e-02	   1.4114989539623829e-01	   2.1298532792863978e-01	   1.2933198162003506e-01	   4.1349802392557022e-01	   3.2861633559585623e-01	   1.7945383445217417e-01	   1.9234366794900754e-01	
   6.7022994739429798e-01	   4.0185510450758422e-01	   5.8955366204699078e-01	   4.4112790484544750e-01	   7.3714357291154364e-01	   6.3035880513964848e-01	   7.3405461548370532e-01	   5.0966294409384894e-01	   5.8185008617802003e-01	   6.1277166958526663e-01	   9.2762329883974148e-01	   6.3626311028601745e-01	   0.0000000000000000e+00	   6.5740259778195920e-01	   5.9776389800658380e-01	   6.4935204563269422e-01	   5.0143576563188419e-01	   2.6136043679746357e-01	   4.0292017539085889e-01	   3.8189640338393738e-01	   4.0153613937726061e-02	   1.9794293404825714e-01	   4.4500723163768097e-01	   3.7247694280805183e-01	   1.3908708467526559e-01	   2.7591918941859462e-02	   4.5270265337885646e-01	   5.3722920813389785e-01	   4.5647697367563123e-01	   3.8201107577531002e-01	   1.3405217105952086e-01	   1.7248017074980954e-01	   2.9049690414457591e-01	   2.8201801875012500e-01	   2.9918867522925335e-01	   2.9556518667848619e-01	   2.2775907321222688e-01	   1.5313762761886168e-01	   1.9027455085396977e-01	   1.0914979143840658e-01	   5.7698891576204114e-02	   1.6342556703156394e-01	   2.7665905354863074e-01	   2.4627873891791230e-01	   1.6574654100812389e-01	   1.2646495298117227e-01	   2.0198567812999513e-01	   2.3930852090222621e-01	   4.4769659245856597e-01	   2.4209736482063227e-01	   5.9334368255053427e-01	   3.3263623046612945e-01	   1.4176890895768687e-01	   1.8294075414800159e-01	   4.5227013244076469e-01	   3.6242853085465809e-01	   4.5129691859927279e-01	   2.6919796852101863e-01	   6.2690714897942357e-01	   4.6348318300101554e-01	   8.3008267946357217e-01	   5.0075439410167544e-01	   6.8824147483144549e-01	   3.9458739451259256e-01	   7.0858206870493212e-01	   6.0035618971993376e-01	   5.5131183186796218e-01	   4.0331472787185363e-01	   3.8607024002520829e-01	   3.2098155407110907e-01	   3.7281346918626151e-01	   2.6719361546681741e-01	   4.4584450019042521e-01	   4.1055030698610895e-01	   5.3144847010766139e-01	   4.1754955419518613e-01	   4.4335040519260449e-01	   3.3482520267404187e-01	   4.9811720746528521e-01	   2.6308986204369772e-01	   4.7587703304410417e-01	   4.0918480779789035e-01	   2.5730372799987938e-01	   3.6544685354307871e-01	   4.8503745092760953e-01	   4.9175798591474845e-01	   1.8086422211461889e-01	   2.6344782477368150e-01	   7.3568995897166378e-01	   6.1094199442754171e-01	   2.8864092501792982e-01	   3.5254108028257192e-01	   1.8622777030717566e-01	   2.6908723147196978e-01	   4.4973116308525685e-02	   5.5822948078709661e-02	   3.1146661831539968e-01	   3.0921473494164797e-01	   2.8580800733307843e-01	   3.5630800042039523e-01	   3.1527911463671165e-01	   2.7195134504331886e-01	   2.9839460842083632e-01	   3.7845895563124177e-01	   7.7461719590540254e-02	  -1.9037896632077245e-01	   2.1342643372139625e-01	   2.5831972905486311e-01	   1.1970056080844327e-01	   8.9641668418975293e-02	   2.5343196133071566e-01	  -1.7173448708421328e-03	   2.9959829074319000e-01	   2.6510016980223594e-01	   1.9262628457165881e-01	   6.1701262085125046e-02	
