   0.0000000000000000e+00	   8.6138955660172223e-01	   6.4007783588143152e-01	   5.9155786703329283e-01	   5.6662150088960206e-01	   4.8559332479440920e-01	   6.8775046166661369e-01	   6.3795329919170496e-01	   5.3540911434991012e-01	   4.5085407370340963e-01	   6.4176755724746193e-01	   5.9437180009213897e-01	   5.2463933998003209e-01	   5.7332044880439037e-01	   6.5480803314345915e-01	   6.3520213512846324e-01	   5.8262768881766225e-01	   4.8620565587797798e-01	   8.1870821128320859e-01	   7.7695294657174685e-01	   5.4692374011896561e-01	   6.1634407743763675e-01	   5.3098363189057052e-01	   4.5035083022838807e-01	   5.7378936883420506e-01	   4.5135266559683929e-01	   6.3908604162266869e-01	   5.7799861619200910e-01	   5.8071984135665600e-01	   4.8464809125417568e-01	   4.9624185863347348e-01	   3.9021319014026723e-01	   7.2942336114424311e-01	   6.2346176375996354e-01	   4.3259095935130487e-01	   4.9178499874101173e-01	   4.8799108891540810e-01	   5.0444278005160070e-01	   5.1611375644540591e-01	   6.1243082853379649e-01	   4.1410466880892860e-01	   6.2491659742690064e-01	   5.6219704136202209e-01	   5.2412173272085905e-01	   4.7719602619401097e-01	   4.8043323671756710e-01	   5.6339908540200390e-01	   6.0459443481073638e-01	   5.0974370217428167e-01	   3.9999444131756068e-01	   6.1051177901393738e-01	   4.4475187807169869e-01	   5.5779773635863372e-01	   4.1725943660802767e-01	   6.4812918739500791e-01	   6.4019210113073521e-01	   8.5306636629524923e-01	   7.3201105730811322e-01	   6.9324044369202298e-01	   5.2766875062766416e-01	   6.8244140853753010e-01	   5.4946572602752164e-01	   4.1817153900547555e-01	   4.6529822314247615e-01	   5.3287743021960565e-01	   6.0354033156040288e-01	   6.2192029101021706e-01	   5.5948746778004099e-01	   8.0458227562027806e-01	   7.0790704643382774e-01	   5.3834055554769711e-01	   4.7394185257115440e-01	   6.5340005810047674e-01	   5.5773745088514537e-01	   6.8304609677762507e-01	   6.4248658273234849e-01	   6.2366897698541379e-01	   6.3753438489503345e-01	   7.1910427190430815e-01	   6.9753665628508932e-01	   7.1909757770079330e-01	   7.1862415396742008e-01	   7.4037878339827112e-01	   6.2443581025920691e-01	   6.2526417821810210e-01	   6.5813838136668945e-01	   3.7027187723429622e-01	   3.5963952797797322e-01	   6.1500134326885236e-01	   6.7218745501704669e-01	   4.1390495934650118e-01	   3.8665475632724189e-01	   3.8200356272373537e-01	  -3.3494751181989448e-02	   2.1140817624279926e-01	   1.7513488421799694e-01	   5.6836242128550640e-01	   6.6257448609681480e-01	   5.4891164315467122e-01	   6.4892270082563686e-01	   3.2784543356725260e-01	   3.2039520928190796e-01	   3.1505632377785164e-01	   3.0267039762770609e-01	   1.7418131710844897e-01	   1.8215536750791236e-01	   7.2122702086773863e-02	  -1.7000088728572373e-02	  -1.0309282448047119e-01	   5.2397790715998116e-01	   5.4849250345091949e-01	   5.6983845955386458e-01	   4.2756661079952396e-01	   4.1280697754571327e-01	   4.6076576264720191e-02	  -4.1612767099397437e-02	
   8.6138955660172223e-01	   0.0000000000000000e+00	   6.4580706005060895e-01	   6.1861186194646467e-01	   5.5961347311720711e-01	   4.8390924813598468e-01	   7.1596080750183144e-01	   6.7402707958184360e-01	   5.1594042585239519e-01	   4.4984377191431429e-01	   6.2976633244364932e-01	   6.4905410578456224e-01	   5.2960800997399249e-01	   5.9534057859917378e-01	   6.0937917242937778e-01	   6.1674382719862830e-01	   5.6156237624751915e-01	   5.1393438872725727e-01	   8.4429855703298151e-01	   8.1855740321845560e-01	   5.7845195012761519e-01	   5.8557450941632372e-01	   5.4830442473476748e-01	   4.6725014247735142e-01	   5.5451348745548945e-01	   4.2561995099967098e-01	   5.6714679658461697e-01	   4.9663987214585470e-01	   5.7667245595603034e-01	   5.3042416220225008e-01	   5.3486791252719112e-01	   4.4788403419735678e-01	   7.2197159986666970e-01	   6.7015849535038730e-01	   4.4023021943176011e-01	   5.3894212280675746e-01	   4.9437079661090855e-01	   5.2385726232495433e-01	   5.6749332560965249e-01	   6.0669596988205388e-01	   4.1723484377807801e-01	   6.2307469786097269e-01	   5.8033059412765797e-01	   5.4135912716060441e-01	   5.1753489478880010e-01	   5.2272047087102080e-01	   5.7827064303197573e-01	   6.2405877654163944e-01	   5.1927612552310065e-01	   4.4562915514666457e-01	   6.3805453498347675e-01	   4.6351363933748185e-01	   5.6659153111951477e-01	   4.5701031290731242e-01	   6.7472042149082823e-01	   6.5550735292837747e-01	   7.1109108269050847e-01	   7.4991776916276276e-01	   5.8343262068186752e-01	   5.3535819801950835e-01	   6.0392517038741500e-01	   5.5618376175097939e-01	   4.0996971645069197e-01	   5.1065243259606952e-01	   4.6419885876275557e-01	   5.8578393278238561e-01	   6.6588187239825491e-01	   6.2609960052821401e-01	   8.1360729567172274e-01	   7.5751580151339548e-01	   5.8764390264453537e-01	   5.2716220836710259e-01	   6.0982187022154033e-01	   6.2301608199841163e-01	   6.8546250574819223e-01	   7.2176324409678760e-01	   6.2380441271220444e-01	   7.4326605772234244e-01	   6.4722305668560243e-01	   7.1552067366196614e-01	   6.9453128051057011e-01	   6.9718676410880764e-01	   7.3328285490537637e-01	   6.0715310630055397e-01	   5.8201841725324877e-01	   6.2884189569443150e-01	   3.3206122508313274e-01	   2.9380721204193827e-01	   6.4507313077593820e-01	   6.8992557644789965e-01	   4.8849530312190270e-01	   4.1461506629486866e-01	   4.3165902679168655e-01	   1.2997277247710236e-02	   3.1149961652301550e-01	   2.2338937767757305e-01	   6.0802915432136639e-01	   6.6200661040738784e-01	   5.9565736576633344e-01	   6.3599082939069973e-01	   4.3235449943275350e-01	   3.5687633957416964e-01	   4.3102861285804611e-01	   3.9599574624773909e-01	   2.8163433677372235e-01	   2.4228119974690177e-01	   5.2882177857615037e-02	  -2.5815574421556381e-02	  -8.1475020515308347e-02	   5.8911116774965122e-01	   5.6833557512119759e-01	   5.9449494523055890e-01	   4.7298868553640672e-01	   3.9663094752964195e-01	   1.1075763111246925e-01	   2.4497260545147899e-02	
   6.4007783588143152e-01	   6.4580706005060895e-01	   0.0000000000000000e+00	   8.7864969778297042e-01	   6.5571040613539622e-01	   5.2337228854954809e-01	   8.8462108458811284e-01	   7.5274883671497905e-01	   4.9124205518824904e-01	   2.9859929751621817e-01	   3.7404792472393622e-01	   4.9513948792273010e-01	   2.8438273684583670e-01	   4.8870727001983799e-01	   4.7407621687253554e-01	   6.1722579933488175e-01	   3.3441778910987080e-01	   1.6379514867759049e-01	   7.5095061242415317e-01	   7.0869843180977132e-01	   6.8364259854692178e-01	   6.3028906064560830e-01	   8.6256513358431286e-01	   7.8075801972395298e-01	   6.9896200158105370e-01	   6.5619752503787021e-01	   6.7420348937185759e-01	   6.4307546760611978e-01	   4.0322828755157841e-01	   4.8894961533077236e-01	   7.1158080005904745e-01	   6.5650753791185668e-01	   6.7426470479093015e-01	   6.7355427784458444e-01	   6.8847951458158319e-01	   7.1610116966598969e-01	   4.4031870221464176e-01	   4.4137336934613508e-01	   6.0776489618366414e-01	   6.3218434722990513e-01	   3.3353443442365871e-01	   5.7953228003038681e-01	   5.0259907137466020e-01	   4.6960365802827975e-01	   4.6004929363485692e-01	   4.3388893643832305e-01	   5.7633401815437280e-01	   5.0531344513196608e-01	   5.0020745102465380e-01	   3.4733432910448869e-01	   7.0811156901615735e-01	   4.3685847076216394e-01	   6.0952573975184576e-01	   5.6027521868613528e-01	   6.2618287092016545e-01	   6.4452159320201330e-01	   4.5467961757550324e-01	   4.7550749752583255e-01	   5.7895615291519564e-01	   4.8753109264302741e-01	   6.6207607811464564e-01	   5.3057065877350351e-01	   3.8286658764793258e-01	   4.8726292237523905e-01	   7.0092756084092001e-01	   6.0543397412196442e-01	   7.0855015481297912e-01	   6.7987148875974568e-01	   6.9622754552759913e-01	   7.2991419327993290e-01	   4.9129925363700988e-01	   4.8552759050741040e-01	   4.5144121331833664e-01	   4.5918404445300132e-01	   5.0387876380904673e-01	   4.4934573833615565e-01	   3.9869402279850219e-01	   5.3612242227632878e-01	   5.3520776239734302e-01	   5.1022441809269348e-01	   4.3924699844646259e-01	   5.6717320072749744e-01	   5.9487393461347915e-01	   6.5014915778253035e-01	   6.9595862814791865e-01	   7.1889061324042480e-01	   2.8673036660333895e-01	   5.0545794576338121e-01	   5.5652698397864819e-01	   6.4943431216325420e-01	   4.7401725123812088e-01	   4.0307276936325298e-01	   4.3098527301095674e-01	   1.3094553776274798e-01	   2.2802941140364988e-01	   2.0983476014297114e-01	   4.6694879849817206e-01	   5.7375640250851268e-01	   5.0919066343129493e-01	   4.9050414443536317e-01	   3.2639579889244297e-01	   3.7311297731375659e-01	   3.2028058058993775e-01	   2.3867107417103284e-01	   1.3619366881539702e-01	   3.3589102822218581e-02	  -4.9274977246811125e-02	  -1.7874858528939239e-01	  -7.1989686802575142e-02	   4.8716281764932406e-01	   4.9666264140961153e-01	   4.1810343618701462e-01	   2.9032835993518469e-01	   1.2649214319113233e-01	  -1.5257469405479573e-01	  -2.7145842910693674e-01	
   5.9155786703329283e-01	   6.1861186194646467e-01	   8.7864969778297042e-01	   0.0000000000000000e+00	   5.8287249587460987e-01	   5.6961286225262953e-01	   7.7315164593167385e-01	   8.4010522033932988e-01	   4.2975673259051717e-01	   2.5833201855051385e-01	   2.2617586904648759e-01	   5.5966732121134488e-01	   1.4131018526482855e-01	   5.1767144953618160e-01	   3.9094328395255079e-01	   6.0312470839770527e-01	   2.6173423480060209e-01	   7.4815375617686156e-02	   6.8308628794898851e-01	   6.9830148561357785e-01	   6.5428147698313510e-01	   5.8117385329198490e-01	   8.7954761714786633e-01	   8.8914099628396515e-01	   6.3996693391957205e-01	   6.6909040147685106e-01	   6.6237476104826576e-01	   6.3041711621030883e-01	   3.2458748338374765e-01	   5.5142698951050029e-01	   7.0470721745901810e-01	   7.2524704782873717e-01	   6.4612125955460298e-01	   7.2220398725334645e-01	   5.5985930670862860e-01	   6.5322323617316647e-01	   3.7404291859748595e-01	   3.3299718989742777e-01	   6.0358117656219068e-01	   5.9676708044841731e-01	   2.6430792517600710e-01	   5.5137066647926369e-01	   4.1873719878446214e-01	   4.0863319438044032e-01	   3.2963854632648670e-01	   3.8554837946492487e-01	   4.9652230752508442e-01	   4.2766453631824358e-01	   3.9551008091145273e-01	   2.5356672072436287e-01	   6.1772429022388398e-01	   3.3313727551213168e-01	   5.5965879460516144e-01	   5.1311957218841442e-01	   5.6992486356511307e-01	   5.3439776265700711e-01	   4.5006727855463086e-01	   4.1224432014349288e-01	   4.6200524689537198e-01	   4.3090828442463452e-01	   5.6128235444088359e-01	   5.9262801524281827e-01	   4.0606365604957168e-01	   5.2561275125895435e-01	   6.4488231510558736e-01	   6.0338307776831368e-01	   5.6298269551103663e-01	   6.5832251543430553e-01	   6.4474046393415851e-01	   7.2250334232630520e-01	   4.6687500157852352e-01	   4.6654156311588557e-01	   4.2144660678961543e-01	   4.9013055727199645e-01	   4.9790097418062312e-01	   4.8649850470738037e-01	   2.9117987512470139e-01	   4.6827196442600005e-01	   5.1067931401620026e-01	   4.4971825088691864e-01	   3.9819669883930187e-01	   4.9637525040048530e-01	   4.6944257997499889e-01	   6.3654565118349060e-01	   6.3665212496271417e-01	   7.1365319348894829e-01	   1.6991751066607003e-01	   4.6497306174576775e-01	   4.5535902775739429e-01	   5.6861150576880004e-01	   3.8467370377297583e-01	   2.3320583947287910e-01	   3.7696051413318155e-01	  -2.6599024417814067e-02	   1.0610803626675812e-01	   1.3290871998735226e-01	   3.6302370771173503e-01	   4.7482534150070488e-01	   4.1157497970085599e-01	   3.5427568391178815e-01	   2.9009750677606727e-01	   1.4429439410249245e-01	   1.8239418730881490e-01	   3.9298768098292788e-02	  -4.8498616626062342e-02	  -1.8379998660903568e-01	  -1.4234776245300032e-01	  -2.2222339554591047e-01	  -2.3573739796069626e-01	   4.0467547670370585e-01	   4.0937978490060167e-01	   2.8332115689876924e-01	   1.4383279212726180e-01	  -5.7336244173581047e-02	  -3.2987745688366121e-01	  -3.6230716989911776e-01	
   5.6662150088960206e-01	   5.5961347311720711e-01	   6.5571040613539622e-01	   5.8287249587460987e-01	   0.0000000000000000e+00	   6.9886191536043230e-01	   6.8763841527768887e-01	   6.4209899922164726e-01	   7.2864156100481969e-01	   6.0614349565962389e-01	   5.1007755684125655e-01	   4.8769800155978565e-01	   4.6202924798057565e-01	   4.9332672346855067e-01	   5.7944571098863140e-01	   5.6690688907939124e-01	   3.5068612582149794e-01	   3.5333536119527520e-01	   5.9977189156340438e-01	   5.1151906557670013e-01	   6.4910258291159895e-01	   6.5802942262920250e-01	   4.7442969715978667e-01	   4.4374723197959842e-01	   5.0983737241509786e-01	   3.8757883907284074e-01	   6.6828253848498276e-01	   5.8751555592358917e-01	   3.6494933224484294e-01	   4.0927698890331998e-01	   4.0284255883606029e-01	   3.2483347913906541e-01	   4.5611659188164866e-01	   4.1786893145092824e-01	   5.3641148642995684e-01	   5.9067314521799130e-01	   5.2627653302958932e-01	   7.0410971471474038e-01	   6.0348188700048766e-01	   6.9039549210873985e-01	   4.3822092639786503e-01	   5.6528419532661345e-01	   4.9232511296259496e-01	   4.8781450498915430e-01	   4.5190573471380324e-01	   4.8223884953161700e-01	   5.5967645754538764e-01	   5.6446576603371135e-01	   4.1769215143646904e-01	   3.3304089501683282e-01	   6.2521821788666321e-01	   4.3627549011766209e-01	   5.9195741496576626e-01	   4.7686258747443733e-01	   6.6837335264327757e-01	   6.4671881172392509e-01	   3.9680134301044045e-01	   5.2506368912214230e-01	   6.2143653679877253e-01	   5.9458917516661947e-01	   6.0656428513057137e-01	   5.6286158164799105e-01	   3.3211377772948814e-01	   4.7258241332598827e-01	   5.3998443913665140e-01	   5.7558263118273156e-01	   6.2418544832882927e-01	   6.7681663577931050e-01	   6.3591105435272222e-01	   6.5700424973427907e-01	   5.8720375847250439e-01	   5.0481268806213331e-01	   4.5298723414723996e-01	   4.5180633120871599e-01	   4.8177349586952967e-01	   4.8833348872066512e-01	   5.2687064355225399e-01	   6.1393192391062446e-01	   5.2726419393209567e-01	   5.5821006198396350e-01	   5.1267886795300599e-01	   5.8175233974029950e-01	   6.1213141422979156e-01	   5.5231279339237904e-01	   5.5560422009272648e-01	   6.8137332035965847e-01	   3.9555553116910630e-01	   3.5591654090945074e-01	   6.2724728999085366e-01	   6.9686426210896102e-01	   6.0970797224552953e-01	   5.7395751301480114e-01	   6.1682964815991626e-01	   3.6183552775640493e-01	   1.5619524573113669e-01	   1.1041098194022972e-01	   5.4373298944689286e-01	   5.5592840935857302e-01	   5.5652704567210409e-01	   5.9591487270338450e-01	   3.8850744134487308e-01	   4.2248236240035519e-01	   3.0195412189234516e-01	   1.9681964101630486e-01	   1.9613191386160267e-01	   1.7302492991853502e-01	  -1.1263922934898851e-01	  -1.5958307181719023e-01	  -8.5167736546247763e-02	   5.2763580920581421e-01	   5.7891876559731026e-01	   5.6916687326144855e-01	   4.8964994513846988e-01	   1.9482447520080490e-01	  -1.2324706949591249e-01	  -1.1800507737399525e-01	
   4.8559332479440920e-01	   4.8390924813598468e-01	   5.2337228854954809e-01	   5.6961286225262953e-01	   6.9886191536043230e-01	   0.0000000000000000e+00	   5.5213787104956169e-01	   6.7587433766458971e-01	   5.9847062575087462e-01	   6.2952468183706634e-01	   4.1974485928335392e-01	   4.6059145021429215e-01	   3.9851837767863252e-01	   5.0674595156569724e-01	   5.8364043126976672e-01	   7.9749872072667483e-01	   4.5677264178978338e-01	   3.3169030867032168e-01	   5.9448366179383560e-01	   5.5990685571010956e-01	   5.2212672008174432e-01	   5.6171874870738736e-01	   4.6172301171607422e-01	   5.1660607635826239e-01	   5.6511285094384800e-01	   6.1374313325898011e-01	   6.9547069958907537e-01	   7.6237642426406116e-01	   4.5168818838065583e-01	   6.4187261104376225e-01	   5.0860848719156626e-01	   4.7370658645151703e-01	   5.3086699733903930e-01	   5.3019880796580177e-01	   4.4058585681680473e-01	   5.4797514342039022e-01	   4.8549141074047553e-01	   5.4294859275914165e-01	   4.7775372050903192e-01	   6.0603209516501877e-01	   3.1399246501768918e-01	   6.5204565665330816e-01	   3.2610133283943465e-01	   3.4852223112678310e-01	   3.3401848764098618e-01	   3.5932163871100575e-01	   3.8874107293499094e-01	   3.5721921053290140e-01	   3.6784415729727998e-01	   2.8336828872713127e-01	   5.9395453028163114e-01	   4.8320809067540066e-01	   5.8286445154268407e-01	   4.2003085869697354e-01	   6.0678101887940594e-01	   4.2828969567015041e-01	   3.5535668133778187e-01	   4.1774855290359514e-01	   4.2974408253980645e-01	   5.2551976684360358e-01	   4.8856218589002109e-01	   5.4484252947009071e-01	   3.4314767750690511e-01	   5.1874234503509031e-01	   4.0725988694860427e-01	   5.6872059083191195e-01	   5.2084739083272336e-01	   6.0159035474821976e-01	   6.2342096255427049e-01	   6.5618517447980385e-01	   4.4799247257313068e-01	   4.7341212852917880e-01	   5.4141167256600464e-01	   6.6575826216651257e-01	   5.7681142109526573e-01	   5.2237540505081737e-01	   4.0232760269719864e-01	   4.3600671039289607e-01	   4.4200149702318559e-01	   4.4559029746737516e-01	   5.0038931752086491e-01	   5.0431581082051058e-01	   4.6402308387802571e-01	   6.3004309818063842e-01	   5.0479853840333211e-01	   6.1955368301461167e-01	   1.1622748195570314e-01	   3.8889884805279684e-01	   6.8028670911575084e-01	   7.3413063977867865e-01	   4.6210174617221556e-01	   4.3767514463575496e-01	   4.9577331229213689e-01	   1.8407727521493977e-01	   4.6236728640560937e-03	   9.0047935405817344e-03	   3.0754100965887499e-01	   3.1784281155278732e-01	   3.8659527210423983e-01	   3.6539725917460153e-01	   3.3842521345474152e-01	   1.7994367213357715e-01	   2.1879046294998619e-01	   6.5597894771043511e-02	   9.6164366966392523e-02	  -2.8209941724640232e-02	  -1.4040132921073958e-01	  -1.2888246166701578e-01	  -4.4912683675597816e-02	   3.1893410406222056e-01	   4.0967846311323480e-01	   3.8489847753727646e-01	   3.1778838706837326e-01	   9.3771005594563001e-02	  -1.5363427603995977e-01	  -1.8110884132026267e-01	
   6.8775046166661369e-01	   7.1596080750183144e-01	   8.8462108458811284e-01	   7.7315164593167385e-01	   6.8763841527768887e-01	   5.5213787104956169e-01	   0.0000000000000000e+00	   8.0291460610677468e-01	   6.1323826442530138e-01	   4.4858540612217651e-01	   5.2635579819863887e-01	   5.8117765541442057e-01	   4.9521894382565468e-01	   5.6348602661417857e-01	   5.2787986983337687e-01	   5.8201776069844646e-01	   3.5277217432397828e-01	   2.5314495153004252e-01	   7.5648762715663165e-01	   6.8026410561944539e-01	   5.8340162668643492e-01	   5.9656501669295570e-01	   6.6207681008761599e-01	   5.7842057516492174e-01	   5.8254540398092269e-01	   4.9872898615594641e-01	   5.6444306595604632e-01	   5.6085882529259590e-01	   4.6313810378886461e-01	   4.6737837763220330e-01	   5.7091980686262744e-01	   5.2900207931314691e-01	   6.4493794672087557e-01	   6.1729339163025565e-01	   5.4596820679033720e-01	   6.0714900097301805e-01	   4.2266462472394384e-01	   5.0571918621042622e-01	   5.7960317985350929e-01	   6.2293614984557655e-01	   3.3829819536970873e-01	   5.4115188650285340e-01	   5.6524746757211708e-01	   5.4776951377402749e-01	   5.8401732440897014e-01	   5.6165250984360493e-01	   6.3990277008331586e-01	   5.8682193016253947e-01	   5.8549733116062963e-01	   4.5700570740945179e-01	   7.4378100701784766e-01	   5.4270703826161704e-01	   6.3164847486388709e-01	   5.1648629204072671e-01	   6.6738644603271124e-01	   7.0296816606232360e-01	   4.5465099977493650e-01	   5.3019571108964247e-01	   6.2469407482706574e-01	   6.0107570700146529e-01	   7.5867118257671051e-01	   6.4470341359193406e-01	   3.6390513390553636e-01	   5.3617162142407637e-01	   6.6506263113165343e-01	   7.0442414986531643e-01	   7.9047498030193852e-01	   7.3987524800954640e-01	   6.9582230569637871e-01	   7.3142652183611012e-01	   5.4243203910572624e-01	   4.1863259325030788e-01	   4.7248361318351406e-01	   4.5584607245703801e-01	   4.9948028766782482e-01	   5.0579370079233132e-01	   4.8169166376084477e-01	   6.0302536519297145e-01	   5.3429079120975254e-01	   5.7719335031999353e-01	   4.7007100593948753e-01	   6.1412057645785567e-01	   6.1453466260189982e-01	   5.7209630091234775e-01	   6.2847676259436513e-01	   7.2041946044180150e-01	   2.5119362944563889e-01	   3.1860077120367525e-01	   6.1305163745449454e-01	   7.3078044862762392e-01	   5.2463843001899568e-01	   4.6084503402085902e-01	   4.8918334325142282e-01	   1.7213350825695148e-01	   3.4329338180395164e-01	   2.5690518621700992e-01	   5.7103202746193205e-01	   6.5198504386818701e-01	   5.7255119129413679e-01	   5.6908778171997376e-01	   4.2487164350174428e-01	   4.3986306192599184e-01	   3.8995737607599473e-01	   3.5750885884528488e-01	   2.2246892516437763e-01	   1.4564842796859626e-01	   1.5438664307351080e-02	  -1.0901962944729177e-01	  -3.6324661882413373e-02	   5.0812546824372118e-01	   5.3747863947349095e-01	   5.1903374792756485e-01	   4.0504986464465503e-01	   2.5301605626040663e-01	  -4.0876087835533592e-02	  -1.4596137820250682e-01	
   6.3795329919170496e-01	   6.7402707958184360e-01	   7.5274883671497905e-01	   8.4010522033932988e-01	   6.4209899922164726e-01	   6.7587433766458971e-01	   8.0291460610677468e-01	   0.0000000000000000e+00	   5.5568942151573786e-01	   4.7120026563470996e-01	   4.0957408078912688e-01	   7.3786025865247029e-01	   3.6946224210060286e-01	   7.1587213104637992e-01	   5.0531611699578638e-01	   6.8557590458988005e-01	   3.5187265006100338e-01	   1.3667546704353303e-01	   6.9246849975940650e-01	   6.7571448632994724e-01	   5.5646867527085753e-01	   5.1826082832730802e-01	   7.1989049254586090e-01	   7.6827337698816955e-01	   5.5152230871630392e-01	   5.5000082614536772e-01	   6.2972009400359208e-01	   5.6239377216178865e-01	   3.8290781355737158e-01	   5.4415978523056807e-01	   6.0680729362918440e-01	   6.4965873800334895e-01	   6.4225140844828055e-01	   7.1987371656495847e-01	   4.8141050385788331e-01	   6.0414636040918102e-01	   3.8749935683449099e-01	   4.1786976655703989e-01	   5.7242832383180620e-01	   6.0536359198607004e-01	   2.5211357758279362e-01	   5.1549378606293905e-01	   4.3994582491983358e-01	   4.4610777582316996e-01	   4.2869382760957309e-01	   5.0258572426659798e-01	   4.8366820085703122e-01	   4.5465054506047869e-01	   5.2028902349237927e-01	   3.7680635513773147e-01	   6.8452497346928953e-01	   4.9796723991813563e-01	   6.2116471280201624e-01	   4.3514103212838262e-01	   6.0840577757986225e-01	   5.5748471225069185e-01	   4.5668164996446869e-01	   3.8311331845141899e-01	   4.8160693757962236e-01	   4.7374954006113562e-01	   6.5837820281417048e-01	   7.9985138780566611e-01	   3.7069933308723918e-01	   6.6099126473933811e-01	   5.7285352291627989e-01	   7.8195149778039175e-01	   5.7757668786535898e-01	   6.8084330995909093e-01	   6.8771803991664282e-01	   7.5673843925431350e-01	   4.7863501795686142e-01	   4.4206490122932268e-01	   4.1415149301063836e-01	   5.0380702273163203e-01	   5.0547314195294946e-01	   5.5872377762732328e-01	   3.2682000495839536e-01	   4.9951956060952807e-01	   4.5633340755991308e-01	   5.0664875768185003e-01	   4.6529077188373513e-01	   5.3106461265347771e-01	   4.8906138458995047e-01	   5.7587160492496881e-01	   5.5902534154363082e-01	   6.8802134368280532e-01	   1.5862921938262434e-01	   3.2497172458444712e-01	   5.7913727024110728e-01	   7.3022733719053390e-01	   4.9598838293685982e-01	   3.6034492977367844e-01	   4.8175289301727919e-01	   3.9585385454419857e-02	   1.8622815227247244e-01	   1.6480442621594737e-01	   4.0340992432553541e-01	   4.6017041185433039e-01	   4.4771986455301310e-01	   4.1449112764120744e-01	   3.6534492936957619e-01	   1.9598428892036210e-01	   2.3786241053130033e-01	   1.2405664959809481e-01	   4.0772068764559022e-02	  -1.0434640440899380e-01	  -1.1080735953597010e-01	  -1.0069823543401821e-01	  -1.6277988583912395e-01	   3.8705441234751631e-01	   4.0449964108852843e-01	   3.8551801359444215e-01	   3.1564151595573425e-01	   7.3800305012766243e-02	  -1.9341217719753778e-01	  -2.5257228857981062e-01	
   5.3540911434991012e-01	   5.1594042585239519e-01	   4.9124205518824904e-01	   4.2975673259051717e-01	   7.2864156100481969e-01	   5.9847062575087462e-01	   6.1323826442530138e-01	   5.5568942151573786e-01	   0.0000000000000000e+00	   7.4245870984698503e-01	   6.4696302140442596e-01	   4.6135226559898096e-01	   7.0024326880982990e-01	   4.8913819021899863e-01	   7.5222875314660098e-01	   5.5797850449517949e-01	   3.3574278393231649e-01	   3.5990858630894129e-01	   5.6185082371774542e-01	   4.7986187537695257e-01	   3.5164762294686375e-01	   4.4643320924120994e-01	   3.1776964842658273e-01	   2.7904981815403407e-01	   5.1680625883925169e-01	   3.6394903353449382e-01	   5.4566137005772908e-01	   5.3902805042177449e-01	   4.1079569328291554e-01	   3.4605949513178558e-01	   2.5672148177038495e-01	   2.2466046007346319e-01	   4.1201500793713797e-01	   3.3848268822685568e-01	   3.3498948702896020e-01	   3.6248420873752119e-01	   4.2349586512059550e-01	   6.0220278009101669e-01	   4.2284977008571678e-01	   4.8691254469886480e-01	   4.8998741356282927e-01	   4.7848576586262481e-01	   3.9880300323127205e-01	   3.6935488995703925e-01	   3.1582426701696387e-01	   3.1709822465496690e-01	   4.7238076732182555e-01	   4.3925772072794211e-01	   4.3057129013774631e-01	   3.6925756528354980e-01	   6.0046717225746615e-01	   4.7141767238808979e-01	   5.8660413702464087e-01	   4.8379029411388752e-01	   6.0780498027621155e-01	   5.2752832578481668e-01	   3.3361434971927839e-01	   5.1653785596352231e-01	   6.1280899395270105e-01	   5.8243053095272890e-01	   5.8750833154680937e-01	   4.6683012992455614e-01	   3.2952223175985096e-01	   3.3205815006781786e-01	   5.4581665855827466e-01	   5.2532335931181029e-01	   5.9292050226236626e-01	   4.4980700917685101e-01	   5.7251527957289050e-01	   5.0351839154396338e-01	   5.1578262900381699e-01	   3.3321712877011045e-01	   5.1198761859969300e-01	   4.6538486196439927e-01	   5.0935334624114026e-01	   5.5718565879733828e-01	   5.2599533566271395e-01	   5.6692495741968518e-01	   4.2178507870246373e-01	   4.7485656733594511e-01	   4.4500535374327044e-01	   5.0405481015788478e-01	   5.3749451138452387e-01	   4.3000135374675441e-01	   4.6126718478861406e-01	   5.5221309189127576e-01	   3.3067739753921510e-01	   3.1128322037988942e-01	   6.5855644313385786e-01	   6.3729170938424518e-01	   5.2161053116253409e-01	   5.5691456424808561e-01	   5.3714587210085374e-01	   4.2026098207237039e-01	   2.6407931947669544e-01	   1.0419202525783612e-01	   5.1780549933401865e-01	   5.0218134531626568e-01	   4.6423863548924887e-01	   5.2173084130731584e-01	   4.6688077252226889e-01	   4.8644816190654050e-01	   3.4792204155950468e-01	   3.4438373372987119e-01	   2.8533901072921464e-01	   2.6110760253139065e-01	   1.4619730462583352e-01	   8.9398563396859893e-02	   1.9111193706511539e-02	   4.9967123846578798e-01	   4.9990605097472651e-01	   4.5926425765303935e-01	   4.8942464565995109e-01	   4.6689202981824551e-01	   6.9673250324511549e-02	  -1.4420828290107404e-01	
   4.5085407370340963e-01	   4.4984377191431429e-01	   2.9859929751621817e-01	   2.5833201855051385e-01	   6.0614349565962389e-01	   6.2952468183706634e-01	   4.4858540612217651e-01	   4.7120026563470996e-01	   7.4245870984698503e-01	   0.0000000000000000e+00	   6.1161035573654321e-01	   3.4126614257695753e-01	   6.5619475732416233e-01	   3.0385168807515023e-01	   6.0280826478753324e-01	   4.9911884374270710e-01	   3.2967296699751730e-01	   4.4611391430411718e-01	   4.2802792717614296e-01	   3.5672596230942710e-01	   3.3691154339721718e-01	   3.7935352368233533e-01	   1.4382294448529021e-01	   1.5402131852859449e-01	   2.8811944825590152e-01	   1.9217698182213383e-01	   3.8156720439139502e-01	   3.9475969393605043e-01	   2.7173876501599775e-01	   1.2009276906990413e-01	   2.0228934268536602e-01	   1.5614493483618380e-01	   3.2984130837231784e-01	   2.8005352009290752e-01	   2.3077672036051725e-01	   2.5548559176651564e-01	   3.5115573562645230e-01	   5.2093481337083725e-01	   3.2914368691905826e-01	   3.9491881248759958e-01	   4.2170865034112409e-01	   3.5731554675718458e-01	   1.8670237251005187e-01	   1.5914485666656167e-01	   2.2281034735199595e-01	   2.1537935675861861e-01	   2.2700953121556519e-01	   2.3129833575714398e-01	   2.4841746716382210e-01	   2.3668740209013886e-01	   3.6866464720366565e-01	   3.5638279325916800e-01	   3.9688063958439046e-01	   3.0574576178162211e-01	   4.1258502437118733e-01	   3.0166071189189891e-01	   3.7390434266430250e-01	   4.7399394266164796e-01	   4.0144084447802647e-01	   4.6834184219121311e-01	   4.7681754669705567e-01	   4.8128824047698493e-01	   2.7802624334359549e-01	   4.2600932737048991e-01	   4.1012206522085815e-01	   4.8163030793386186e-01	   4.1887528657824319e-01	   3.6840909000109878e-01	   4.5878159793906936e-01	   3.8947443293413869e-01	   4.2797565375896796e-01	   2.5303936621869427e-01	   3.5064077949485195e-01	   3.3459415094229505e-01	   4.3786199646012680e-01	   5.1299643640011783e-01	   3.6502732600749271e-01	   4.6298124614127811e-01	   2.3519163714233127e-01	   4.5124644195602881e-01	   3.6108205341577521e-01	   5.1674923497715930e-01	   4.8352019142154745e-01	   2.9108467168693042e-01	   2.6321903005934033e-01	   4.2771025436665172e-01	   3.5249989093997797e-01	   1.8666427946209774e-01	   5.6231400152703537e-01	   5.7326774704799355e-01	   4.1233034456158335e-01	   4.3115592004456554e-01	   4.7343371600091216e-01	   3.4548154231887057e-01	   2.5095519741683547e-01	   1.4451250271994193e-01	   3.4564442879969515e-01	   3.2335934432023661e-01	   3.3786847718578678e-01	   3.5624496038717579e-01	   4.2931713838904978e-01	   4.1674833285300406e-01	   3.6270214612313378e-01	   3.7260393540715292e-01	   2.9524289698916623e-01	   2.5105813475433769e-01	   1.5861035182277050e-01	   2.5308016734712857e-01	   1.3841543298694496e-02	   3.2538844854789484e-01	   2.5397945962274177e-01	   3.6562097335366517e-01	   3.8807938860227698e-01	   4.8634280544463515e-01	   1.3209098363421928e-01	  -9.7913802744342041e-02	
   6.4176755724746193e-01	   6.2976633244364932e-01	   3.7404792472393622e-01	   2.2617586904648759e-01	   5.1007755684125655e-01	   4.1974485928335392e-01	   5.2635579819863887e-01	   4.0957408078912688e-01	   6.4696302140442596e-01	   6.1161035573654321e-01	   0.0000000000000000e+00	   5.1120014356734567e-01	   9.1614241439926980e-01	   5.4685860098042482e-01	   7.7781946383044642e-01	   5.4900954068767893e-01	   5.6112025977488433e-01	   5.2152187094282498e-01	   6.0681166006243226e-01	   5.2709821127292600e-01	   3.9183569332825430e-01	   4.7870425423631302e-01	   2.1799085203796720e-01	   1.1865462783045101e-01	   3.5409621379688616e-01	   1.9061944903734823e-01	   4.3996562592328070e-01	   4.0558519746106958e-01	   5.9857080871685719e-01	   2.8406855057296182e-01	   2.7247513941299911e-01	   1.5689753170841922e-01	   4.9252962375087095e-01	   3.6237462177477298e-01	   2.1068168953714456e-01	   2.2068920230945566e-01	   4.5655371569944403e-01	   4.7749966825470891e-01	   4.1283772470807317e-01	   4.1001931702808136e-01	   4.8742130191892774e-01	   4.9991414223076747e-01	   3.0385245139018319e-01	   2.8945684517754322e-01	   3.0187722890535812e-01	   2.5075158956800420e-01	   3.0237046671727430e-01	   3.3377952755626183e-01	   3.6121807774187425e-01	   2.7307542949509239e-01	   4.3506819740687869e-01	   3.9344266588506693e-01	   4.4035694530357300e-01	   2.2734725142233386e-01	   4.7854541713006998e-01	   4.1529883847074911e-01	   4.1413719307195662e-01	   5.8862200798001685e-01	   5.6657850775683993e-01	   4.4918381678993580e-01	   6.8516013241186680e-01	   3.7546928938238167e-01	   4.0574653595877985e-01	   3.9998370069833278e-01	   3.7761572448202047e-01	   4.3309730301914312e-01	   4.8998434268985025e-01	   3.0253378726630553e-01	   5.3132656325499783e-01	   4.2411624101395440e-01	   5.2490617278045004e-01	   3.3660049967476735e-01	   5.6198626970472954e-01	   4.4434076490166174e-01	   5.7753726754569357e-01	   5.5573475948719508e-01	   5.0863428075114636e-01	   5.6703939643241164e-01	   4.5174663126999615e-01	   6.1413804230884872e-01	   5.8143977414266312e-01	   6.2675450616219353e-01	   7.1368271102745795e-01	   4.6027547318899936e-01	   4.6941569064833938e-01	   4.8599972966992760e-01	   4.9868188058405782e-01	   3.5302100684654714e-01	   7.0194538241141313e-01	   6.5851114255021392e-01	   3.2380358369216694e-01	   4.2185090772972506e-01	   2.7599870425105649e-01	   1.6309099454108761e-01	   2.9061635553908072e-01	   2.1584956539039057e-01	   3.8365744842379496e-01	   4.3622277413008359e-01	   3.5221516079761794e-01	   4.2907906124536238e-01	   2.7421390259229217e-01	   3.1362853362040155e-01	   3.3792708924805426e-01	   3.7309287856677398e-01	   2.5810864012075646e-01	   2.9520601072241998e-01	   1.8302702967652484e-01	   1.4639396193687057e-01	   1.3728884908057648e-01	   3.7093640535504402e-01	   2.9356967667915063e-01	   4.3572778278830160e-01	   4.0742069088381277e-01	   5.1882679515055752e-01	   1.9978293733162786e-01	  -6.2294552815091069e-03	
   5.9437180009213897e-01	   6.4905410578456224e-01	   4.9513948792273010e-01	   5.5966732121134488e-01	   4.8769800155978565e-01	   4.6059145021429215e-01	   5.8117765541442057e-01	   7.3786025865247029e-01	   4.6135226559898096e-01	   3.4126614257695753e-01	   5.1120014356734567e-01	   0.0000000000000000e+00	   3.7820450380544701e-01	   8.8949951526046989e-01	   4.6762798615703899e-01	   5.8485371542006326e-01	   3.6963287762565228e-01	   2.1016374075654737e-01	   5.6975013232130511e-01	   5.5850295928536076e-01	   4.2283802216199418e-01	   4.0973841404177636e-01	   5.3346470333655993e-01	   5.3092819658911350e-01	   4.1057673284101026e-01	   3.2837197064023893e-01	   5.1818355867595467e-01	   4.3914307393548635e-01	   4.3910279975328664e-01	   4.9670361836711641e-01	   4.2882088694450504e-01	   4.1866201886535914e-01	   5.0979409715066226e-01	   5.2879925697731478e-01	   3.2397862614272765e-01	   4.1187516790425982e-01	   3.1981525329848215e-01	   3.8007831815887921e-01	   4.3498839588661864e-01	   4.9367293686308256e-01	   2.5895198276366571e-01	   4.3875736467482418e-01	   3.9398325871369261e-01	   4.2478942646671530e-01	   3.6302277094672131e-01	   4.3364938808780867e-01	   3.9684503612253907e-01	   4.3318873510916434e-01	   5.3524589199656347e-01	   3.9833719677558371e-01	   5.9992959354712627e-01	   5.2750880892747498e-01	   5.8053707104867247e-01	   3.1532519870960646e-01	   5.5871995475002745e-01	   5.3646860707883304e-01	   3.5320851319315549e-01	   2.9141385056642805e-01	   4.0930602541167438e-01	   4.2370497220404812e-01	   5.3245932145460217e-01	   7.4120991264042502e-01	   3.1127662074431478e-01	   5.0010787431952564e-01	   5.1166962804992577e-01	   7.2182908055420469e-01	   4.0343279536914284e-01	   5.0903868869323665e-01	   5.1292389074221745e-01	   5.3339983214817899e-01	   5.0252866618237091e-01	   4.4839930500740199e-01	   4.5798059103238342e-01	   5.5212916980516957e-01	   5.7068032377885058e-01	   7.0155213850659348e-01	   3.6872876997661763e-01	   5.5020673359304484e-01	   4.8951187961629899e-01	   5.3567003816788383e-01	   4.9779043166989062e-01	   5.2178519505837995e-01	   5.1265865064952709e-01	   4.8302663211857177e-01	   5.4479231916394588e-01	   6.4258835283063565e-01	   2.8422957483465439e-01	   3.4945541677994296e-01	   4.6676746595706242e-01	   6.3055973339959581e-01	   3.2992089342542286e-01	   1.9348583684938833e-01	   2.5853354257430616e-01	  -1.5949080471801880e-01	   9.6592993919220174e-02	   1.1881388158231222e-01	   3.1375395390710442e-01	   4.0042303744909474e-01	   3.2878626830284291e-01	   3.6065855865787738e-01	   2.2126058836141263e-01	  -3.7299724259594737e-03	   2.3439918999868636e-01	   7.1597162128134106e-02	   3.6362215650512182e-02	  -5.3293497984483549e-03	  -8.0138294130147475e-02	  -9.2853664725194174e-03	   6.2625872699700699e-02	   3.6323015382728496e-01	   3.1603559901342076e-01	   2.7990247071490137e-01	   2.3201515894530825e-01	   1.3974093583250882e-01	  -2.2840189390481661e-02	  -1.6976806988811259e-02	
   5.2463933998003209e-01	   5.2960800997399249e-01	   2.8438273684583670e-01	   1.4131018526482855e-01	   4.6202924798057565e-01	   3.9851837767863252e-01	   4.9521894382565468e-01	   3.6946224210060286e-01	   7.0024326880982990e-01	   6.5619475732416233e-01	   9.1614241439926980e-01	   3.7820450380544701e-01	   0.0000000000000000e+00	   4.5484688870199080e-01	   7.6215493366158338e-01	   4.5518478899505599e-01	   4.4511522123644143e-01	   4.5010698613816991e-01	   4.8863299921450226e-01	   4.0407897358890521e-01	   2.3801439804633095e-01	   3.5612397746565350e-01	   9.8223137341526504e-02	   2.0447677626008375e-02	   2.7519800125999644e-01	   1.2433966806378871e-01	   3.3868489901940813e-01	   3.1522841827793702e-01	   5.0749258447683199e-01	   1.9789800165572280e-01	   1.6347449439861741e-01	   7.1057300932002951e-02	   4.1431334688966831e-01	   2.7201770021250982e-01	   1.2479803097769904e-01	   1.3087796694517162e-01	   4.1571620911513030e-01	   4.2685090630538058e-01	   3.4709056301351437e-01	   3.4305498766784520e-01	   4.8116500657410510e-01	   4.2388486131583447e-01	   2.6832004776230689e-01	   2.4784415752811007e-01	   2.8656448038780852e-01	   2.2736181930772559e-01	   2.6863735026551494e-01	   2.8236688308628699e-01	   3.3333897586350303e-01	   2.6960768669184787e-01	   4.1146041287761687e-01	   3.7423821629380866e-01	   3.7436234814555602e-01	   1.7316445337839567e-01	   4.1475632804169948e-01	   3.3981845419420559e-01	   3.0934446484313349e-01	   5.2643650323569191e-01	   4.8974837911161606e-01	   4.1469713621635018e-01	   6.1967903914670841e-01	   2.9738422885087579e-01	   3.9224888193470442e-01	   3.6420526398874375e-01	   3.0719787463279513e-01	   3.5473291401606843e-01	   4.7049746338772691e-01	   2.4398373738763501e-01	   4.7739887680119109e-01	   3.5708886566977527e-01	   3.8904710605698190e-01	   2.3264819342475712e-01	   4.7515067318781379e-01	   3.5376173901713581e-01	   4.4521199998997235e-01	   4.8043512333462846e-01	   4.4476765872055213e-01	   4.5876459828444716e-01	   3.2259136370618280e-01	   4.9072745076858382e-01	   4.8226143804477750e-01	   5.0562393451798826e-01	   5.8638093691223769e-01	   3.2183102209667569e-01	   3.6323869941822440e-01	   3.9740093628169759e-01	   3.5225203392596327e-01	   2.3321303832819190e-01	   6.1912715984783662e-01	   5.7931367869433048e-01	   2.8633116716854945e-01	   4.0699764450607767e-01	   3.0194580736213128e-01	   2.4406516460279670e-01	   3.1702691913177417e-01	   2.0884791250433093e-01	   3.8128056603651406e-01	   3.7991372851414384e-01	   3.1764967556699120e-01	   3.6537160410082048e-01	   3.7998363886836067e-01	   3.6143530109981042e-01	   3.5842987005582627e-01	   4.0188133641009260e-01	   2.6233608284565357e-01	   2.6507267801565504e-01	   2.5628776018224331e-01	   2.2650122012761076e-01	   1.3528513233447034e-01	   3.1655639027535859e-01	   2.6500969836344995e-01	   3.9490504080760552e-01	   4.0063383628882426e-01	   5.6423822541423652e-01	   1.9293265239855975e-01	  -4.7985031963289917e-02	
