   0.0000000000000000e+00	   7.4208575492436735e-01	   5.1697870131466450e-01	   5.3978678820393666e-01	   2.9698982454605971e-01	   1.6242699595058036e-01	   5.2254473315639560e-01	   5.0026890437353277e-01	   4.3563762218143537e-01	   2.0144753072193944e-01	   6.7524136411859825e-01	   6.9064741738599400e-01	   5.7873740402752838e-01	   5.0121983567923989e-01	   4.6917236139066937e-01	   5.3955722332786094e-01	   4.9688015492707166e-01	   4.6834235447975192e-01	   4.7069345500655002e-01	   4.3306629008689945e-01	   2.6268605391043121e-01	   8.4803616959482894e-02	   4.2113545575110167e-01	   4.9755591711418273e-01	   2.4098438598231242e-01	   2.7995679559986036e-01	   1.5985489302234571e-01	   1.0064985248147290e-01	   5.0253141857812333e-01	   4.4951384667296568e-01	   2.9741159307296927e-01	   4.1517547977604585e-01	   4.8300784314127421e-01	   4.4753200339272725e-01	   2.9573498732813913e-01	   3.6776183998212453e-01	   4.8469531308648028e-01	   2.3224801417938801e-01	   5.0074857285332830e-01	   4.2799494152812800e-01	   4.5239730748094908e-01	   4.1879642788614169e-01	   3.6772946967237474e-01	   3.9521758448327021e-01	   4.1081245006487876e-01	   4.3033070191518386e-01	   3.9174066626185589e-01	   4.4391683874117999e-01	   3.4366513591512671e-01	   3.9049856738186284e-01	   4.7282916527655705e-01	   4.4831537150959411e-01	   4.4733645038782777e-01	   5.3836099068856891e-01	   5.8635169588323488e-01	   5.7513677082993253e-01	   7.4733175694188447e-01	   6.4734211673610409e-01	   3.3583907440906224e-01	   2.2107779549840126e-01	   4.4831714575345299e-01	   2.3485687567892791e-01	   4.6390949577570584e-01	   5.5574002009299595e-01	   2.2352480094725224e-01	   2.7637240316043832e-01	   4.7481716175189154e-01	   4.4207970022684484e-01	   5.4850901235451777e-01	   5.5436349600376356e-01	   3.1015102278257489e-01	   3.4960127745677655e-01	   5.9794622744586601e-01	   4.4120362709487465e-01	   6.0469310430935286e-01	   4.1059652389116241e-01	   6.3413046770126480e-01	   6.2737257924646594e-01	   5.4736786043374830e-01	   4.9421615183745848e-01	   6.3057541714731369e-01	   5.4591249336492864e-01	   5.4922542461182888e-01	   6.1114278927619392e-01	   6.2900979192529061e-01	   5.8772371728606709e-01	   5.1876242063884814e-01	   3.9873674087631095e-01	   5.8311587839917578e-01	   5.5522884385332127e-01	   3.0162419633071968e-01	   3.2743854617220003e-01	   2.6117758667567142e-01	   3.5250938530050935e-01	   3.8637822306019076e-01	   3.1405088339095777e-01	   5.5343529695633586e-01	   6.0071897568676913e-01	   5.7920956549114866e-01	   7.1006844893829124e-01	   2.9891343049449770e-01	   3.0790567762480064e-01	   4.7796122606505864e-01	   3.6278761552455463e-01	   2.7111433447204725e-01	   1.5838817340711744e-01	   3.5185997073427254e-02	   1.4056194429151903e-01	   2.0306552763253749e-01	   1.8740458418036124e-01	   5.9961283120319653e-01	   5.4128297011373638e-01	   2.4153485895615134e-01	   4.7507256129808284e-01	   3.0785113823280685e-01	  -3.1251277563939073e-01	
   7.4208575492436735e-01	   0.0000000000000000e+00	   2.8928281072038131e-01	   3.0247161994419780e-01	   7.4865207077524878e-02	  -4.5442950868345496e-02	   1.8353555758966755e-01	   1.3478646476991188e-01	   1.6237015999305968e-01	  -1.1925112938817700e-01	   3.4108514623844044e-01	   4.9924294392960844e-01	   2.7524609995871918e-01	   2.3981953142301987e-01	   3.4577077995448552e-01	   2.8321730545620916e-01	   6.2725750053516149e-01	   6.2066430294693387e-01	   5.8302054981534157e-01	   6.1736913104746638e-01	   2.8777588577926427e-01	   2.5263478716944086e-02	   3.5329114441209136e-01	   4.1511734238413467e-01	   3.1307550193597755e-01	   1.9452803122383025e-01	   2.8549095604761054e-01	   1.0748110718990601e-01	   5.4022696464795494e-01	   4.8093062435211598e-01	   2.2254321749980038e-01	   2.7330070951946683e-01	   4.8638189085010397e-01	   4.3589097660591902e-01	   3.6754533543079781e-01	   4.1679785495648181e-01	   5.2079536239126212e-01	   2.9939433288958572e-01	   5.3337945845925139e-01	   3.9583119573094472e-01	   6.1184951890913353e-01	   4.6243976347525551e-01	   4.3704355024912511e-01	   4.9581725880529187e-01	   4.7976096366959076e-01	   5.0578061069525282e-01	   4.6450544606081212e-01	   5.2883783199135848e-01	   4.0279404692444287e-01	   4.6362729137026271e-01	   4.0263347220045798e-01	   4.9039326442513598e-01	   4.4220983891875532e-01	   4.9626196334517936e-01	   5.8691322333942797e-01	   5.3027662128508357e-01	   8.6278566197514572e-01	   8.0874078873281219e-01	   1.7625834206468677e-01	   1.7714609457086125e-01	   8.6105770141114174e-02	  -7.1255149093315873e-02	   2.0825437991601342e-01	   2.8324400868654076e-01	   1.0085367699156998e-01	   2.0350892055531983e-01	   3.1001227432443162e-01	   3.3044811223556197e-01	   5.6321363464691920e-01	   5.0548594424925297e-01	   2.3504771958525636e-01	   2.4361811807889711e-01	   6.3875979236047697e-01	   5.5330198846593437e-01	   6.5071477811786560e-01	   5.1356544056213227e-01	   6.0752435343560229e-01	   5.9398834222677943e-01	   6.7074398267701441e-01	   5.5932968091495172e-01	   6.3452415610851398e-01	   5.6883412291611601e-01	   5.4513422677645174e-01	   6.0537052196479579e-01	   5.5866879574325656e-01	   4.4588334657533402e-01	   5.9733982297576804e-01	   4.7882611466035496e-01	   4.7127379096072342e-01	   3.6317437451190765e-01	   1.1373004400144437e-01	   1.3665116522014426e-01	   2.3399327951550988e-02	   1.0767307605864125e-01	   2.8479859456782947e-01	   1.5814044528625240e-01	   5.2298717184853305e-01	   5.2300173172347364e-01	   6.1277500156248510e-01	   6.2585442552024739e-01	   3.3444292714603099e-02	   5.0008386657650977e-02	   3.4636782840312957e-01	   2.2192028931776808e-01	   1.7479252616786509e-01	   8.8349373485047747e-02	   1.2373667212440846e-01	   1.6914282795403329e-01	   1.3568800985087345e-01	   2.5435599690558236e-01	   5.9830323512653272e-01	   5.6077086758632644e-01	   2.5284816928228665e-01	   5.0985976056916238e-01	   2.2708534511891726e-01	  -3.6010745160402335e-01	
   5.1697870131466450e-01	   2.8928281072038131e-01	   0.0000000000000000e+00	   6.6953506290109432e-01	   6.0888111632661968e-01	   3.5279896045791875e-01	   8.4072877206789798e-01	   5.7245054246722193e-01	   7.3314578639531824e-01	   4.4584599055328017e-01	   4.1365553182230175e-01	   2.5901827026026913e-01	   5.7038450487219916e-01	   3.7813367614302440e-01	   7.1367178279251220e-01	   5.0610331125296448e-01	   9.4579136782373757e-02	   9.7474686454376569e-02	   2.9803224328697436e-01	   2.9554189340394454e-01	   4.9629145090616750e-01	   3.8709245253749808e-01	   8.2108424315575768e-01	   6.9238694895048236e-01	   6.3219624784592665e-01	   5.8315013214888234e-01	   3.9719658695646132e-01	   2.0543667108320462e-01	   2.8950929296666778e-01	   1.8504228137515547e-01	   7.2386637128965914e-01	   6.6247014766810031e-01	   6.1943611383000563e-01	   5.1991492543060258e-01	   6.9801845916926197e-01	   6.1522858219501830e-01	   2.5265754071528246e-01	   1.9965504861426636e-01	   4.0213354438511406e-01	   3.6899014194293223e-01	   1.1454293594014500e-01	   1.9225409286854578e-01	   3.8023913896849348e-01	   3.3349028890560567e-01	   4.3134650768199750e-01	   3.9190721684195512e-01	   3.4107403400599001e-01	   3.3605600169611433e-01	   3.1106657933378634e-01	   3.3336837567872746e-01	   4.7738356185043129e-01	   3.7707082064904729e-01	   2.9193166158419720e-01	   2.9391596944702986e-01	   4.1062531756522053e-01	   4.5280246821091791e-01	   2.7140293636541873e-01	   1.8324985872513350e-01	   2.3125628096862877e-01	   3.2398455333488327e-02	   2.4131152814606627e-01	   1.1923655666740365e-01	   1.5997521928657987e-01	   2.4179392444337788e-01	   6.9724245871703228e-01	   6.5077287167691211e-01	   4.8733618129060252e-01	   3.9658388202333172e-01	   5.7704041628495018e-01	   5.0355917734410571e-01	   3.8357181265546236e-01	   3.6094679962018006e-01	   3.5093011609720559e-01	   1.6531097040907969e-01	   3.8284348517609512e-01	   1.8795075362342376e-01	   4.7051252970530810e-01	   3.8455763473303278e-01	   1.8120625254401962e-01	   2.0553356422624988e-01	   2.4465656423017007e-01	   3.7373577285498555e-01	   4.2123653202955003e-01	   3.3510898532389111e-01	   6.1476295040987894e-01	   4.8242426362441615e-01	   3.8863751849285955e-01	   2.0277017853757431e-01	   6.5633503847691888e-01	   4.4820929070330073e-01	   2.8420595818849398e-01	   5.5527833411550287e-01	   2.9077223363943011e-01	   6.9365759682726180e-01	   2.6201364908956204e-01	   2.0310376288215398e-01	   3.9355984871492222e-01	   3.5924332715327162e-01	   2.6212664459818624e-01	   4.8565013885770042e-01	   2.5682228334923546e-01	   4.1557509922048830e-01	   1.9633028590150001e-01	   1.8643682979872384e-01	   1.1926248444022469e-01	   1.7794960260272949e-01	  -1.7400108661965419e-01	  -6.2975818778045867e-02	   1.6784483862355637e-01	   1.5999973396102660e-01	   4.7753413110166787e-01	   3.4107592322179026e-01	   2.6004150645110141e-01	   3.8172568985889038e-01	   4.3170483969029705e-01	  -5.8602425077343534e-02	
   5.3978678820393666e-01	   3.0247161994419780e-01	   6.6953506290109432e-01	   0.0000000000000000e+00	   4.9671906939885929e-01	   6.1838063742873917e-01	   6.8404244017000981e-01	   8.3010047044604018e-01	   5.9626692512999879e-01	   6.5951556298373137e-01	   6.1375634626086883e-01	   5.4657991463386368e-01	   6.3849808589802681e-01	   6.3646703242386471e-01	   5.0943993501818341e-01	   6.3923531758991725e-01	   1.1096638075833312e-01	   8.5823795210359557e-02	   2.3241197118534249e-01	   2.6829540159505300e-01	   1.8051844671079817e-01	   2.6887741980485869e-01	   5.2492229169292337e-01	   6.9496018703769280e-01	   3.1255462371428627e-01	   5.4987592077017111e-01	   3.1086118707881899e-01	   3.7707740694548419e-01	   2.0955963661580410e-01	   1.4365090729443908e-01	   3.8811649067134646e-01	   5.5001144316324413e-01	   3.7060543421336112e-01	   3.5973401172946029e-01	   4.6775487420319195e-01	   5.2882165704543493e-01	   3.3927327137520724e-01	   4.1701352356804822e-01	   4.8430172773357183e-01	   5.1086690053344563e-01	   3.3868337817455552e-01	   4.9196940121005978e-01	   1.6009202559368571e-01	   1.1376008931730205e-01	   2.2218870229834831e-01	   2.3884788675712393e-01	   1.4043105602769460e-01	   1.7774025036346575e-01	   1.2777818531145704e-01	   1.8672961185350928e-01	   3.8134392790088106e-01	   3.1829060506478224e-01	   2.7336144211930857e-01	   4.0654745476557530e-01	   4.6445939602664155e-01	   4.2656128946914229e-01	   2.4861734757740378e-01	   1.8954702933399306e-01	   3.3527463783204503e-01	   2.3105019517861014e-01	   5.3426304760176468e-01	   5.3816863981561536e-01	   3.9895672592424097e-01	   4.9805516220141888e-01	   4.5415883671025248e-01	   7.0816023184807719e-01	   5.3034406863472339e-01	   5.4844279436441490e-01	   4.8238076033833810e-01	   5.3931480065502446e-01	   3.2428274554432523e-01	   3.4030968548515406e-01	   3.9623604598796591e-01	   1.5363400304085958e-01	   2.6948005088780697e-01	   2.3351410427291602e-01	   4.0156075934673813e-01	   4.2500292281699226e-01	   1.2871700439447351e-01	   1.6352863650722735e-01	   3.2377707124274918e-01	   4.0680346272306422e-01	   4.8331045929415972e-01	   5.1231703319446442e-01	   6.8087985458091183e-01	   6.7344799599676319e-01	   5.2634900115050587e-01	   5.2246933099502813e-01	   7.6534785627678059e-01	   7.6057858080938590e-01	   5.9461680291040775e-01	   4.4154389263591465e-01	   5.2842606328808217e-01	   5.8985720227288163e-01	   2.1128504886794658e-01	   3.9760438190852648e-01	   2.5425752751210262e-01	   2.7022031228143673e-01	   3.3999832008327036e-01	   4.7351710780236944e-01	   5.3023612372907702e-01	   5.7114508430280131e-01	   4.1642758327614365e-01	   4.6218498705363742e-01	   3.4520491855083590e-01	   3.6000438605134522e-01	  -1.1432999063011694e-01	   9.4875217501150688e-02	   9.2149753393069037e-02	   1.5624061335660197e-01	   3.2767762814454476e-01	   2.8608314884814767e-01	   2.6590738983010054e-01	   4.2200706280438649e-01	   4.6899923993743542e-01	   1.5993190338339325e-01	
   2.9698982454605971e-01	   7.4865207077524878e-02	   6.0888111632661968e-01	   4.9671906939885929e-01	   0.0000000000000000e+00	   7.6659026278827747e-01	   7.1844750441907257e-01	   5.4111446886652825e-01	   8.3080634743917070e-01	   5.0416267332291786e-01	   3.9293211795781369e-01	   1.4403221752592488e-01	   5.2231685647956527e-01	   3.0957819381768270e-01	   3.4138498447072796e-01	   2.9571360118008150e-01	  -5.9537687787480621e-02	  -1.0373537956661852e-01	  -7.2791766030088370e-02	  -4.1705003067333810e-02	   3.7824730415858376e-01	   4.6627550738523615e-01	   4.4501468941107769e-01	   3.9363565409021173e-01	   4.9135787465095049e-01	   5.2264335652732230e-01	   4.0490855756686889e-01	   5.5304630569411628e-01	   1.7273637268108399e-01	   4.4182371427434461e-02	   5.2723249574789188e-01	   4.4793734826293441e-01	   3.1644647963757044e-01	   2.5404744667237300e-01	   3.5512046552381604e-01	   2.9589634043739632e-01	   3.1453291448924461e-02	   1.7462376985076106e-01	   2.3419825462453286e-01	   2.9743723658341137e-01	   4.7770090167567218e-02	   1.7311111887086630e-01	   3.3148170341797517e-01	   2.2729990918749785e-01	   4.0517776412712742e-01	   3.8926485968422442e-01	   2.6769213912512541e-01	   2.2613546793033890e-01	   2.8094963137513351e-01	   2.4777196609458763e-01	   4.2898492308457448e-01	   2.7136001952493072e-01	   2.9751090686682896e-01	   3.5837848413043699e-01	   2.6690201961693560e-01	   2.7136466896085021e-01	   3.3311327535777403e-02	   1.6120327268255647e-02	   2.9297159486253632e-01	   2.1990893267040021e-01	   3.5600646333419950e-01	   3.1061203099209100e-01	   1.8187585453278637e-01	   2.5699498058595532e-01	   3.7440466999040412e-01	   3.5563413411774503e-01	   4.6838852488814531e-01	   4.5394787003616166e-01	   2.3603696158969251e-01	   3.4242754452266783e-01	   1.4454708888232665e-01	   1.4986343803127744e-01	   1.2926112181900329e-01	  -1.1469111622738612e-01	   1.3840252468850706e-01	  -1.0183073146261828e-01	   2.5398904469546596e-01	   2.3354304257352032e-01	  -3.2831217235265463e-02	   1.4356917431726537e-02	   7.5873909135008050e-02	   2.5724796324694010e-01	   3.3253339685836630e-01	   2.4501785819364108e-01	   2.8521756448139879e-01	   3.4768951101986079e-01	   2.0921454132496864e-01	   1.9603120357746132e-01	   4.1037496942555785e-01	   3.2763203084095993e-01	   4.4170193909526267e-01	   4.7991338923580851e-01	   3.6997582714967758e-01	   6.3727284471247536e-01	   2.6620774166862482e-01	   2.2535420115561416e-01	   2.3105933312750315e-01	   1.8738267937245462e-01	   2.2874620083881803e-01	   2.9179476252898429e-01	   5.1644078953332284e-01	   4.8737138988632139e-01	   4.1426988867473991e-01	   3.2735174668722772e-01	   2.0974568726714685e-01	   1.5549352230853847e-01	  -1.8871430767252681e-01	  -1.0298787822682180e-02	   9.6306496846164769e-02	   5.1008186727983462e-02	   2.5568408655322461e-01	   2.6800256268311723e-01	   1.8359205060997286e-01	   2.8504359366403864e-01	   2.6667407567647960e-01	  -2.4569295668462457e-02	
   1.6242699595058036e-01	  -4.5442950868345496e-02	   3.5279896045791875e-01	   6.1838063742873917e-01	   7.6659026278827747e-01	   0.0000000000000000e+00	   4.8753215863086258e-01	   5.9511334203129107e-01	   6.2039120088310495e-01	   6.4319245166902117e-01	   4.2305403142016618e-01	   2.5033467239442081e-01	   5.2213415671290564e-01	   4.8153339994057343e-01	   2.3576332905702438e-01	   3.6530922864698484e-01	  -2.0632889234225937e-01	  -2.2682726396223840e-01	  -2.0075265745468734e-01	  -1.4150235260000246e-01	   1.2860964891821311e-01	   4.3712594019453571e-01	   2.2426942240602465e-01	   3.6873258161114880e-01	   2.9187419335608300e-01	   4.7365407936405191e-01	   4.3104238215159041e-01	   7.5644066276924105e-01	  -6.5468855262450359e-02	  -1.6113324935567958e-01	   2.3392995766903260e-01	   2.8886816224704315e-01	   1.5824608289547251e-02	   7.4570593443660836e-03	   1.9048257890380374e-01	   2.6056537325768769e-01	   5.5519535042674685e-02	   2.8570420815532283e-01	   2.0790828564747363e-01	   3.9672128600665368e-01	   9.3548563936707102e-02	   3.4879563619131404e-01	   2.1755592539842689e-01	   1.2718219321061894e-01	   2.5416726994667116e-01	   3.0697166827016753e-01	   1.6019878130268955e-01	   1.6914032996250800e-01	   2.7381223614916123e-01	   2.5475023144367526e-01	   4.0837909781636494e-01	   3.2850254245792021e-01	   3.4549009839239886e-01	   4.3519320453835109e-01	   3.5592027407994575e-01	   2.9691075545108070e-01	  -1.4059220771681974e-01	  -1.1622930143039528e-01	   4.2439207788084132e-01	   4.2754283935372567e-01	   4.1848935649766583e-01	   5.0119589670422549e-01	   1.6137587240789331e-01	   2.7047836704072481e-01	   1.6513115474060971e-01	   3.7541920173259957e-01	   4.9648407112822124e-01	   5.6474319036178489e-01	   1.0287828622317505e-01	   3.0269454201863172e-01	   8.0796419747422243e-02	   1.4355984871375244e-01	   2.7008869423839482e-02	  -1.9665337943649552e-01	  -9.2684477383456795e-02	  -1.6830807671121342e-01	   8.0708784420073648e-02	   1.4486708050402122e-01	  -2.4358313112590446e-01	  -1.2722888857397469e-01	  -6.8150654460050003e-02	   1.4262932490597022e-01	   2.7615331240468183e-01	   2.7344961560937775e-01	   2.3046828819828902e-01	   4.3434565893790245e-01	   2.2038211738693192e-01	   3.8590692315917918e-01	   3.8982005566337341e-01	   5.2144111192994869e-01	   6.4750300734786870e-01	   3.4137537192163675e-01	   5.0241926466036713e-01	   4.8705456592842788e-01	   4.7646501387605872e-02	   3.2203189849859087e-01	   9.7312943460410015e-02	   1.0295152615767772e-01	   2.7431910798371212e-01	   2.2734414594915278e-01	   6.4855062411084907e-01	   5.8519320147130127e-01	   4.7954157672890696e-01	   5.4672876191587960e-01	   4.1933255905563110e-01	   3.2733840922151358e-01	  -2.9374374324549882e-02	   1.1319178012718778e-01	  -3.7717091872563210e-02	  -1.1126855740864233e-02	   1.2533114398875503e-01	   2.0853876370056237e-01	   2.8841974232115619e-01	   3.3840773739348479e-01	   4.2581878566899012e-01	   2.5852029543050176e-01	
   5.2254473315639560e-01	   1.8353555758966755e-01	   8.4072877206789798e-01	   6.8404244017000981e-01	   7.1844750441907257e-01	   4.8753215863086258e-01	   0.0000000000000000e+00	   7.9774034919278003e-01	   8.3924618485038682e-01	   5.6522024935768012e-01	   5.8032066614977706e-01	   4.1969652289467385e-01	   6.8066716849012809e-01	   5.1469604987074780e-01	   5.8572423743155433e-01	   5.2822487264647222e-01	   1.2752107442804150e-01	   1.5489692046537248e-01	   1.6511634516862250e-01	   1.3238943722541049e-01	   3.4334441597978782e-01	   3.8881838443565075e-01	   5.9349907833132942e-01	   5.2322876907111482e-01	   4.2074963433429780e-01	   5.6091460460707276e-01	   1.5985248885195202e-01	   1.7362589244664600e-01	   3.9534443154511995e-01	   3.1409646639887118e-01	   7.3038479082874486e-01	   7.5133670041043532e-01	   5.8381008635924858e-01	   5.2656449349887779e-01	   4.8002537201845430e-01	   4.3351054066924388e-01	   2.8510607138035177e-01	   2.7057992938726738e-01	   4.4415805158265959e-01	   4.2292231238693179e-01	   1.6953996140387764e-01	   2.2041002852968034e-01	   3.2561662614128262e-01	   2.4390874430794282e-01	   4.0231417343081827e-01	   3.6740037997935426e-01	   2.8330924498012622e-01	   2.3522177086523849e-01	   2.1008920062946809e-01	   2.3867624609306431e-01	   4.4045141361549073e-01	   2.8975514391553892e-01	   2.1888993355897871e-01	   3.1794266956560568e-01	   3.1525433865751640e-01	   3.7592811166373763e-01	   1.8960868175349482e-01	   1.1090656948620466e-01	   2.6389567352498672e-01	   5.6381515497737567e-02	   5.0924521095030495e-01	   3.7807011550200098e-01	   3.2597015962690112e-01	   4.4349495441135844e-01	   5.9409314663167878e-01	   5.2471933128781256e-01	   4.9564631696325134e-01	   4.5692046622831706e-01	   4.0481974252889741e-01	   4.4346229458788522e-01	   3.7185846571965497e-01	   4.7244442755199800e-01	   4.0194752428572422e-01	   1.9224073572327216e-01	   3.6777964146267805e-01	   1.5240600498880366e-01	   4.9056774486187932e-01	   4.4766445485954187e-01	   1.9680773500839932e-01	   2.8114622875148298e-01	   3.4308470558597370e-01	   4.2058434971948122e-01	   4.0190581725228641e-01	   3.7927460601232710e-01	   5.0075712670582084e-01	   4.6462305794947356e-01	   2.7992609581000649e-01	   2.0024876880333092e-01	   6.2630717850398676e-01	   4.3495927620687191e-01	   3.9481800905227460e-01	   5.7055656869320992e-01	   4.1109025473638094e-01	   7.0245728454592116e-01	   2.5394287024899131e-01	   2.7097322424154413e-01	   3.4329492293087033e-01	   3.2609308829350403e-01	   2.7187505853532812e-01	   4.6878332089197583e-01	   4.4407461198451792e-01	   5.4621545373712221e-01	   3.2531625510934165e-01	   3.0411586485247732e-01	   1.7895922311534329e-01	   2.1422457853924221e-01	  -2.4009914913583047e-01	  -1.0424483872006773e-01	   1.9479354662004145e-01	   1.1646148494998496e-01	   3.8747884079440154e-01	   3.3369217871229584e-01	   1.9989867583159443e-01	   3.2398726661635285e-01	   3.3093701274300924e-01	  -2.3740660193510314e-03	
   5.0026890437353277e-01	   1.3478646476991188e-01	   5.7245054246722193e-01	   8.3010047044604018e-01	   5.4111446886652825e-01	   5.9511334203129107e-01	   7.9774034919278003e-01	   0.0000000000000000e+00	   6.6598633466735258e-01	   7.2626904570886919e-01	   6.3966918250120619e-01	   5.4148613177168348e-01	   6.0848902341752042e-01	   6.1023938818913037e-01	   4.1944337350596067e-01	   5.6345288515620628e-01	   4.1605991620228149e-02	   2.7105358014876721e-02	   1.1801046759556426e-01	   9.2860159190635672e-02	   1.1425883552115668e-01	   2.5682342563812710e-01	   4.1425617100961221e-01	   5.3309336064346458e-01	   1.6983093013905970e-01	   5.0255299859961178e-01	   2.6369689976994432e-02	   1.6372010896162822e-01	   2.3766268399883794e-01	   1.7040370313432396e-01	   4.1760564954866736e-01	   6.1368037058960767e-01	   3.9655102165751266e-01	   4.2453436304192388e-01	   3.3195102092382811e-01	   3.9580456456214275e-01	   3.0993607343702151e-01	   3.2156359697961062e-01	   3.8218414285420071e-01	   4.1250513129653266e-01	   1.9898454511579611e-01	   3.5772668775327593e-01	   1.7743645930654553e-01	   9.0526158443047233e-02	   2.6942462808674172e-01	   2.5989054354673635e-01	   1.7071788175314789e-01	   1.3714068812738722e-01	   1.2170323165769351e-01	   1.5395038505524683e-01	   3.8580420219783518e-01	   2.6152398421948592e-01	   2.3693109387245301e-01	   3.7662786688039218e-01	   3.5516118170849081e-01	   3.6232786690331803e-01	   1.1813874473365213e-01	   5.4720261850476418e-02	   3.2874578207030047e-01	   2.3118996291221405e-01	   6.2996859487232248e-01	   6.3942701526586843e-01	   4.4782503824699083e-01	   5.9840752446271783e-01	   3.9852917542607202e-01	   5.1373107609963131e-01	   5.2884789285267930e-01	   5.5933540252678982e-01	   3.3040782856721196e-01	   4.7867295022936418e-01	   2.6152865300711797e-01	   4.0615383596893129e-01	   3.3707248618233510e-01	   1.3517566103714346e-01	   2.0599169552384913e-01	   1.1488701684784441e-01	   3.7194147980254333e-01	   4.0097055671914050e-01	   7.3660946950460493e-02	   1.3272882401592556e-01	   3.0534473507363391e-01	   3.0929446599066601e-01	   3.8348294223698642e-01	   4.0459039780401840e-01	   5.5426279329541672e-01	   5.9601186247594007e-01	   3.2689182087245555e-01	   3.7560432483631168e-01	   6.0982283251891234e-01	   6.4736576216928010e-01	   6.6991735615260595e-01	   5.0731655369023876e-01	   6.5654303890925159e-01	   6.2035294825986864e-01	   2.4600009316526827e-01	   4.0961806990130228e-01	   2.4402837343583239e-01	   2.8022422956325299e-01	   3.3271817155081629e-01	   4.2691904264295116e-01	   6.4772430781912438e-01	   6.4413775840124832e-01	   4.6001475824797877e-01	   4.6535652490219814e-01	   3.6233798305799925e-01	   2.9554996054941723e-01	  -6.6162551537682218e-02	   8.2376469986281467e-02	   1.6324647515268703e-01	   1.5718171014463417e-01	   2.8900674039271962e-01	   2.7770850752455400e-01	   2.2523825417786600e-01	   3.2627365607485559e-01	   3.7251749179666338e-01	   6.9055233168550362e-02	
   4.3563762218143537e-01	   1.6237015999305968e-01	   7.3314578639531824e-01	   5.9626692512999879e-01	   8.3080634743917070e-01	   6.2039120088310495e-01	   8.3924618485038682e-01	   6.6598633466735258e-01	   0.0000000000000000e+00	   6.8662001107459636e-01	   4.8187342437213454e-01	   2.8326191336605511e-01	   5.8313803852503820e-01	   4.4042842359385692e-01	   5.8624176767528269e-01	   5.0601186561170808e-01	   6.2402521533801436e-02	   5.7169864162498606e-02	   8.3733678520631613e-02	   8.3244698766507211e-02	   3.9895889347176128e-01	   5.1872280847486607e-01	   5.9408541272424364e-01	   4.9332181078775228e-01	   4.7101104871592503e-01	   5.4252613094894186e-01	   2.8968213079783700e-01	   3.1420652001125576e-01	   3.2468936725254660e-01	   2.2757980108921375e-01	   6.8821031071877958e-01	   6.3213105040560136e-01	   4.7740091006572716e-01	   4.4626865436442431e-01	   3.8335086687677877e-01	   3.1811695996401346e-01	   8.9167078631612065e-02	   2.3767262329779096e-01	   3.2098738578097341e-01	   3.5409222110952515e-01	   1.1520758063828285e-01	   2.0276775712693654e-01	   3.4042295447780302e-01	   2.5539999215179887e-01	   3.6858336879076670e-01	   3.5938592448334095e-01	   3.0183880223463022e-01	   2.8047976831857457e-01	   2.6929628478530271e-01	   2.5917018727155217e-01	   4.2190459209390557e-01	   2.9361673553306039e-01	   2.6362921859923150e-01	   3.7777534849062355e-01	   2.7968249744129392e-01	   3.1003098723983158e-01	   1.3647608920204213e-01	   8.8702395453850308e-02	   3.1986573197509394e-01	   1.7977890863792517e-01	   4.5560906920954025e-01	   4.3147571029489906e-01	   2.1419185194384377e-01	   3.8631392144580262e-01	   4.9899134969846748e-01	   4.0987315553859072e-01	   4.5124731091062864e-01	   4.0048183746810578e-01	   3.3011290367018187e-01	   3.8184139614585788e-01	   2.7333654390725248e-01	   3.7372177474658719e-01	   2.7749754307146235e-01	   5.0608161741566002e-02	   2.6967473388338770e-01	   2.0275234392450905e-02	   3.3366098260638111e-01	   3.3480507502745105e-01	   1.4604259132843311e-01	   1.8265866555960222e-01	   2.3272532332983692e-01	   3.6460469480221219e-01	   4.4721813154040058e-01	   3.4968934433197824e-01	   4.2210594120656075e-01	   3.8784864286382853e-01	   2.8941686809804706e-01	   2.3945557390608754e-01	   5.9404606186813946e-01	   3.8290799526906361e-01	   4.1963974121750552e-01	   5.6159944096575720e-01	   3.8019606542055551e-01	   7.0227673306625826e-01	   2.7669512814775499e-01	   2.2778807815206459e-01	   3.2890779719647001e-01	   2.4794588787234639e-01	   2.5790136836854965e-01	   4.2746368504644544e-01	   4.5403756990069422e-01	   5.8469258458672513e-01	   3.5306145923808585e-01	   3.4653735672531472e-01	   2.1033211828810378e-01	   2.3594949510916299e-01	  -2.1334308358010962e-01	  -2.5590380777808171e-02	   1.6752316673018441e-01	   1.7238582110215397e-01	   3.4284905865346810e-01	   3.4837452264865343e-01	   2.5452139921270861e-01	   4.0597319155045630e-01	   3.1812034029004388e-01	   4.0293886487450373e-02	
   2.0144753072193944e-01	  -1.1925112938817700e-01	   4.4584599055328017e-01	   6.5951556298373137e-01	   5.0416267332291786e-01	   6.4319245166902117e-01	   5.6522024935768012e-01	   7.2626904570886919e-01	   6.8662001107459636e-01	   0.0000000000000000e+00	   3.3509854427291830e-01	   2.6362182215591506e-01	   3.2569976043385740e-01	   4.9761926657502387e-01	   4.1138176753922695e-01	   6.1796781976491244e-01	  -3.2614796046623051e-01	  -2.7314564851962114e-01	  -1.3027251729029185e-01	  -1.3134235413063361e-01	   6.9864735746195825e-02	   2.7354812291468589e-01	   3.3982956883775384e-01	   3.8202351023391062e-01	   9.8433414502945071e-02	   2.8975355550213894e-01	   9.8377532929429051e-02	   2.2983194415603495e-01	  -6.6614242914386418e-02	  -9.1115922117655374e-02	   2.9993895069697674e-01	   3.4616113451213615e-01	   9.6056252131767883e-02	   1.0462576875754356e-01	   1.1601459733182878e-01	   1.3529414662412606e-01	  -1.9495325733052371e-01	   5.8712932186606670e-02	  -1.2386877744177353e-02	   1.0871752891371195e-01	  -1.0476765410283537e-01	   9.3511443523704801e-02	  -1.2240569996964184e-04	  -8.1494034131522161e-02	   5.9794716358479317e-03	   2.9466790073861462e-02	  -3.5565208256928523e-03	  -3.0269796935997816e-02	   4.4632453936854867e-02	   3.9203276507800838e-02	   1.6777249518511272e-01	   1.1369721313042416e-01	   1.0621940073592802e-01	   2.1501920849827877e-01	   1.1390499915425412e-01	   6.5939782422508531e-02	  -2.1366450584914570e-01	  -2.4494683238974374e-01	   2.7047970275715150e-01	   2.3889389407186190e-01	   4.5973498862506806e-01	   7.1685049062438644e-01	   8.9730061031847205e-02	   3.8553922005239716e-01	   3.1500647466536991e-01	   4.1608153193212893e-01	   2.8120405484831268e-01	   2.6816792002365120e-01	   1.0595195781211908e-01	   2.3822840753369193e-01	   1.9489160347555521e-02	   1.3171889986923146e-01	  -3.4694886915498255e-02	  -2.2085626988670909e-01	  -1.2026082288723106e-01	  -1.8135453595241979e-01	  -8.0710350387098256e-02	   3.2724405212297844e-02	  -2.1327223468462270e-01	  -1.5407450106024950e-01	  -4.3537802644016285e-02	   6.2868295987342837e-02	   2.5978780324834161e-01	   1.5377157603022767e-01	   2.5240821001681274e-01	   2.9963564259170006e-01	   8.5531049178090901e-02	   1.3715996012471970e-01	   4.1660578933912151e-01	   4.5725362029233724e-01	   4.7918696550617701e-01	   3.6454220354609884e-01	   4.5971855602094969e-01	   5.2750340477878788e-01	   9.7306044638981237e-02	   2.3613110316250902e-01	  -1.0634045511184513e-02	  -8.4492929102417902e-02	   1.0450846030207295e-01	   1.3607576227074028e-01	   4.9133722279247738e-01	   6.3578539490735664e-01	   2.6686358163359852e-01	   3.4974982822910866e-01	   1.6348611414299924e-01	   1.7375447125755317e-01	  -9.8076305985985768e-02	   1.0994324802621536e-01	   5.2261681429790492e-02	  -2.6916253374030835e-02	  -3.2750933165116618e-02	   7.8120456479477449e-02	   1.9479583058619043e-01	   2.8398492016748877e-01	   3.7316741448799762e-01	   2.3130469423912678e-01	
   6.7524136411859825e-01	   3.4108514623844044e-01	   4.1365553182230175e-01	   6.1375634626086883e-01	   3.9293211795781369e-01	   4.2305403142016618e-01	   5.8032066614977706e-01	   6.3966918250120619e-01	   4.8187342437213454e-01	   3.3509854427291830e-01	   0.0000000000000000e+00	   6.6385094516329823e-01	   8.2968392894039877e-01	   5.7995267193423938e-01	   2.9951053723823451e-01	   3.7703414630311172e-01	   3.3054410049605953e-01	   2.7542284206799705e-01	   2.9234132935884721e-01	   2.4996508018100655e-01	  -4.7589869132844555e-02	   9.0703997127282485e-02	   1.9577339130171723e-01	   3.1836322811454421e-01	   3.7219927236090480e-03	   2.0553835697323403e-01	   2.3481335974443567e-02	   2.1288427636570306e-01	   3.8403930307070006e-01	   2.5694041770871812e-01	   2.5605768127043593e-01	   4.6489611729621666e-01	   2.7506616718967658e-01	   3.0642325657430081e-01	   1.3892624885975535e-01	   2.3121523055255880e-01	   4.1431650445694007e-01	   2.5557234067241930e-01	   4.8660924244065085e-01	   4.2538070646480325e-01	   3.6777216280835018e-01	   4.0601794276941316e-01	   1.6870322869092816e-01	   1.3224385299092961e-01	   1.9275952698766735e-01	   2.4226077433273352e-01	   1.5420814766485158e-01	   2.0074714709739522e-01	   9.5156499426681432e-02	   1.5064134297140280e-01	   3.1670110697734827e-01	   2.2817243322534425e-01	   2.5835559426537352e-01	   4.0752667032445522e-01	   3.6253988765245981e-01	   4.0982784534731254e-01	   3.7439226514659885e-01	   3.8676140170816142e-01	   3.6086470684414240e-01	   2.5025250517066494e-01	   7.1698485058613448e-01	   4.7582962114102179e-01	   7.6253184397617502e-01	   7.0718709308217997e-01	   1.8750547698509790e-01	   2.0107994541759250e-01	   5.0349153497236876e-01	   4.9783055810315857e-01	   3.3893871278364252e-01	   4.3817876708231018e-01	   4.6613810409325140e-01	   5.2321173765384499e-01	   5.5868603683806972e-01	   3.3872629536142213e-01	   4.1070924930697139e-01	   3.2057186905240631e-01	   6.2806978538156355e-01	   6.4969766490477165e-01	   2.3067945769124701e-01	   2.4459438879776257e-01	   3.4986455516743886e-01	   3.4606825564501958e-01	   2.6130472539604654e-01	   3.9204044239018832e-01	   4.4435866599108409e-01	   4.8072045039240263e-01	   4.2668124944244912e-01	   4.5485183342573510e-01	   5.4817596403136160e-01	   5.6688170835984519e-01	   4.3395214301108348e-01	   2.5777101231866056e-01	   3.0844612907174113e-01	   3.3105781898402142e-01	   1.8209177007336522e-01	   3.2222521045286012e-01	   2.5433461890985654e-01	   4.1617173948921549e-01	   3.3054578855445355e-01	   4.7516051592557040e-01	   4.4866640432494587e-01	   4.2177641982710268e-01	   4.7539224966956750e-01	   4.9458454928456630e-01	   4.1351849568208210e-01	   2.6455836160458657e-01	  -4.8660878030040489e-02	  -2.7853949480966703e-02	   1.0244577087176804e-01	   1.5224580428289580e-01	   2.7539669586603277e-01	   2.2146367760688587e-01	   1.3591836710679978e-01	   3.3434875597116298e-01	   1.8179634428030464e-01	  -1.7705097418457694e-01	
   6.9064741738599400e-01	   4.9924294392960844e-01	   2.5901827026026913e-01	   5.4657991463386368e-01	   1.4403221752592488e-01	   2.5033467239442081e-01	   4.1969652289467385e-01	   5.4148613177168348e-01	   2.8326191336605511e-01	   2.6362182215591506e-01	   6.6385094516329823e-01	   0.0000000000000000e+00	   6.3105327619056439e-01	   7.8004818396180409e-01	   4.2036371655852411e-01	   6.0087942708159559e-01	   3.6974351583729920e-01	   4.2661369449179337e-01	   2.6311111261822195e-01	   1.9966173303326840e-01	  -3.8009354280945339e-02	   4.5938987219002109e-02	   1.4694677831649033e-01	   4.0007507538354636e-01	   4.9449959081587613e-02	   2.5847500522625710e-01	   7.3141844225653563e-02	   1.6452850519938717e-01	   3.4452760233559715e-01	   4.1515752300616687e-01	   1.4582278945462801e-01	   3.6654603217749415e-01	   1.8835430815057691e-01	   2.2633207110366635e-01	   9.3400069829241983e-02	   2.3049903922844361e-01	   4.1015703102039092e-01	   4.0472785116103366e-01	   4.5698262589792571e-01	   3.8840485497824195e-01	   4.8700222537152982e-01	   5.1069150510702221e-01	   3.7858537535042758e-02	   2.7639708974357163e-02	   1.3897761900388586e-01	   1.8667512874105230e-01	   4.3352289832261109e-02	   9.1216398596238715e-02	   6.8596273388428150e-02	   1.4694198335123837e-01	   2.3334343626575682e-01	   2.2055421568409683e-01	   2.2183417357592153e-01	   3.7700323569114491e-01	   4.5593692817585502e-01	   3.1341491891167639e-01	   4.1932957602838117e-01	   4.4820039133961309e-01	   3.3491303518013893e-01	   2.7689051301902234e-01	   5.0022529728078280e-01	   4.3353021794553603e-01	   4.6734989576932034e-01	   5.3818981671267385e-01	   5.5299253948482244e-02	   2.6038831286089625e-01	   3.4195668068294394e-01	   3.8529732023834412e-01	   2.8136415638238516e-01	   3.9183408934896158e-01	   3.1078893776526761e-01	   4.3521518586557650e-01	   5.2910218969659184e-01	   4.0163317199856219e-01	   4.4483651350423381e-01	   3.8533566823104787e-01	   4.7504709702291492e-01	   5.7401567698308931e-01	   3.4576960570270215e-01	   4.0146202822955457e-01	   5.0162290140844945e-01	   4.6902210172559822e-01	   5.0771955091708376e-01	   6.1749548291260592e-01	   4.9434113638860805e-01	   6.2227557213413998e-01	   4.7019805842618267e-01	   4.7287458247016695e-01	   4.5724128816207987e-01	   5.6802751145621666e-01	   4.3146226169113300e-01	   1.7886670213065931e-01	   3.8912561260523121e-01	   1.5898976747050858e-01	   1.2974033278089930e-01	   3.3924249122298156e-01	   2.7584218769825564e-01	   3.3344090890940892e-01	   4.1820992734187490e-01	   4.2837909365846927e-01	   3.5450987077840568e-01	   2.8544199414767774e-01	   4.1159060007084147e-01	   3.8464623467481818e-01	   2.9123314068537359e-01	   2.5003256300394650e-01	   7.6158379932704079e-02	   3.3740345854760554e-03	   5.7643417527863151e-03	  -1.5871527567206074e-02	   2.7743235257398446e-01	   2.6965246069744964e-01	   1.6663771401854277e-01	   3.7566128035598473e-01	   2.5174958547252785e-01	  -2.0401860802981939e-02	
   5.7873740402752838e-01	   2.7524609995871918e-01	   5.7038450487219916e-01	   6.3849808589802681e-01	   5.2231685647956527e-01	   5.2213415671290564e-01	   6.8066716849012809e-01	   6.0848902341752042e-01	   5.8313803852503820e-01	   3.2569976043385740e-01	   8.2968392894039877e-01	   6.3105327619056439e-01	   0.0000000000000000e+00	   7.5280576963646628e-01	   4.9899759698647317e-01	   4.3899726801233341e-01	   2.7518552895136428e-01	   2.5273052277330027e-01	   2.1926806916802155e-01	   1.6111726597515122e-01	   8.6957352214353939e-02	   2.6963333203261730e-01	   2.6210438667272473e-01	   3.5133632197078368e-01	   2.0518081029557683e-01	   3.5196945497484566e-01	   2.1739855935686614e-01	   3.7446405928022619e-01	   3.6785942393940618e-01	   2.6003198177069908e-01	   3.6537425201018692e-01	   4.9242590823949051e-01	   3.0834791685188750e-01	   3.2368762859225508e-01	   2.5543407489472092e-01	   3.0998249767464237e-01	   4.0305434101108839e-01	   3.0163762176066766e-01	   5.1178309626266683e-01	   4.6781052394631573e-01	   3.7589025909906798e-01	   3.9190004236503562e-01	   2.5446079816011641e-01	   2.0325706639564212e-01	   3.0100106507280516e-01	   3.6519705441658801e-01	   2.1347139585083974e-01	   2.5482657055304808e-01	   2.1782670607097337e-01	   2.6888742636985730e-01	   4.2047077956794732e-01	   3.2423925642682289e-01	   3.1871730017939481e-01	   4.1412477212816778e-01	   4.1702507787936061e-01	   4.2983198706748393e-01	   2.8066543883381706e-01	   2.9000106510255697e-01	   4.3386315923593960e-01	   2.4846932803103750e-01	   6.6470109321718596e-01	   3.8461468542122523e-01	   5.7925906539012728e-01	   4.6488035723054466e-01	   2.9517004745527731e-01	   3.5212845771863338e-01	   5.3420736348502651e-01	   5.2121913819128840e-01	   3.0798073679949073e-01	   3.5612440659286304e-01	   5.5309086490627024e-01	   6.1374512862839647e-01	   5.3942089219234612e-01	   3.6960264667998377e-01	   4.8212034726041175e-01	   3.9170860161789761e-01	   6.2120188434448576e-01	   5.7169241488595013e-01	   2.0767015364668373e-01	   2.8601056837925098e-01	   2.9246020213502144e-01	   3.8167810247624945e-01	   2.6876710356204103e-01	   3.8597403336571129e-01	   4.5836256935664360e-01	   4.9503417768903080e-01	   4.2981952940557150e-01	   4.2723063506988707e-01	   6.2708312059312055e-01	   5.5143886126873576e-01	   4.3400232844537123e-01	   3.2114630362478186e-01	   3.2381764983029193e-01	   4.1277370009758751e-01	   2.5017772428411511e-01	   2.7072909522610300e-01	   3.3687674492084868e-01	   3.8660923737714120e-01	   3.1762952507342446e-01	   4.8851124708884264e-01	   4.3932253737038290e-01	   3.4634203554094345e-01	   4.1321174312823133e-01	   4.2071222792360802e-01	   3.9624112254883015e-01	   3.6346557253119671e-01	  -7.1771543982380032e-02	  -8.0266060491702901e-02	   2.1703464626679053e-01	   2.2883695703045076e-01	   3.3019506647974795e-01	   2.0544463736203819e-01	   2.0975943815584791e-01	   2.9146993860526360e-01	   2.8584020092101037e-01	  -5.2187837419893773e-03	
