   0.0000000000000000e+00	   8.9451589777327012e-01	   7.6831479089797516e-01	   7.7248273725114514e-01	   5.6302508103790583e-01	   4.7753387444083195e-01	   7.7713631286044693e-01	   8.0825998337526350e-01	   6.0764799395481783e-01	   5.9052078585230183e-01	   7.4514638644255626e-01	   7.7987149254848764e-01	   7.9305850121437582e-01	   7.8494845775538380e-01	   6.7768459791602187e-01	   7.3004169597175572e-01	   7.5014119083247266e-01	   6.4870991175474402e-01	   8.8010691853368928e-01	   8.4279502748308910e-01	   4.5808975905655830e-01	   4.7053388514616684e-01	   5.5110420756369283e-01	   5.9557035554974869e-01	   3.9575859815087494e-01	   4.8515974451153959e-01	   4.0827106409232455e-01	   3.4347229527650525e-01	   7.4556430876131996e-01	   6.9167303526841706e-01	   6.1815856023454863e-01	   6.9243043268235571e-01	   8.1867519822394375e-01	   8.1822711084867328e-01	   5.0414836298748500e-01	   5.6284904884933784e-01	   2.1153258759398014e-01	   1.0559364580220017e-01	   2.4780355102587015e-01	   3.3986399233049847e-01	   4.5503321186020035e-01	   4.2974157385311346e-01	   3.7684461313697187e-01	   3.5805861098422226e-01	   5.5882633082133781e-01	   5.4159548983357630e-01	   5.7348153964064918e-01	   4.6276026642491497e-01	   4.9459959894045991e-01	   4.3025845866449131e-01	   5.2419675865944571e-01	   5.1412887912398286e-01	   5.7169853554741423e-01	   5.3616878704343596e-01	   6.8077359585647246e-01	   5.2292070412557246e-01	   7.9334663654045245e-01	   7.9613693734415447e-01	   6.2739345156102089e-01	   5.1693007302131799e-01	   6.9081261199062161e-01	   6.8069435227840169e-01	   6.3004893475406409e-01	   7.6048174274062141e-01	   4.7220654799511375e-01	   5.8344446445421672e-01	   6.8961572221411882e-01	   6.5795434641950723e-01	   7.6602114501038865e-01	   6.3707544796859383e-01	   6.6165592854065225e-01	   5.9628415574049687e-01	   7.7744389887079257e-01	   7.3833316015198969e-01	   6.9614612888134131e-01	   6.3496224836211712e-01	   6.1426168107665446e-01	   6.5711469552644297e-01	   7.0963559048474645e-01	   7.6031731151297177e-01	   8.0603890481658480e-01	   7.5868888543127055e-01	   5.4245557665764088e-01	   5.7146623620325598e-01	   6.0210198786457136e-01	   6.6473537460884058e-01	   3.4418119282284343e-01	   2.8691456836959911e-01	   5.5954200631837214e-01	   6.9404303298999115e-01	   3.8857930612652136e-01	   1.0143526065375932e-01	   3.8610763060973602e-01	   3.0493088966096427e-01	   2.8996775937260688e-01	   2.2000255457114920e-01	   5.9776143391776404e-01	   5.9530651561841652e-01	   6.1607051872267171e-01	   3.8133257446051205e-01	   4.7024479312735312e-01	   3.5369197530089591e-01	   4.4751148671026952e-01	   3.5244767561460155e-01	   1.1635926548679820e-01	   1.0760192695881106e-01	   1.0122954312752189e-01	   6.6342321884815328e-02	   3.9976088677380761e-01	   4.7331623344800511e-01	   5.9162958636089025e-01	   5.2292644993979198e-01	   3.7364872544116873e-01	   4.4767295938933127e-01	   2.2082210803035390e-01	   1.7043197920659209e-01	
   8.9451589777327012e-01	   0.0000000000000000e+00	   6.4495496775609173e-01	   7.5172255041694847e-01	   5.2086675393653525e-01	   4.6618495460245457e-01	   6.8172204468532649e-01	   8.0643491821220603e-01	   5.7316530677936595e-01	   6.0634001120028758e-01	   6.5167152815230689e-01	   8.0853796750080542e-01	   7.0549774209901839e-01	   7.2803076624529783e-01	   6.2803580945035153e-01	   6.9388896203569839e-01	   7.8820421229690607e-01	   7.8833549317036411e-01	   8.2998762574952645e-01	   8.5015507268307444e-01	   4.8650210530597882e-01	   5.1733492907666334e-01	   4.7040857373396494e-01	   5.3796926606732187e-01	   3.0695001354249618e-01	   4.3426725685386069e-01	   3.3609257232989165e-01	   2.3601380370218905e-01	   7.8021706393373447e-01	   7.6932184556485295e-01	   5.9700885532565728e-01	   7.0487111462240648e-01	   8.4084707273403603e-01	   8.6971791107336627e-01	   4.3264603809390573e-01	   5.1764352394825608e-01	   2.0677595327336373e-01	   1.6691673750573230e-01	   2.8978604742939845e-01	   4.3168137906694770e-01	   5.0508508086317006e-01	   4.9069906688456805e-01	   3.4931903925735619e-01	   3.5484610383963433e-01	   5.5493410201436166e-01	   5.6042971091188154e-01	   5.9736961402788746e-01	   4.6688102703425494e-01	   5.1693574833537181e-01	   4.3545866426219026e-01	   5.2042808678554420e-01	   4.9980592780219102e-01	   5.9341086408170107e-01	   5.3383739763588389e-01	   7.1903818628376981e-01	   5.2358449932566131e-01	   8.6653651145277610e-01	   8.5332071725189806e-01	   5.8661935207950333e-01	   4.9783775041177014e-01	   6.4296384352055147e-01	   6.8689798846618522e-01	   6.0693510645207094e-01	   8.0105917081742861e-01	   4.3479139688996171e-01	   5.8734818425259305e-01	   6.4054797501524030e-01	   6.3346380736149710e-01	   7.6625725534783951e-01	   6.5540516349452194e-01	   6.3470998357266128e-01	   6.6964984787582715e-01	   8.1086941354345698e-01	   7.9387675074698372e-01	   7.4675733331013194e-01	   6.8129986628615691e-01	   5.7978804749172541e-01	   6.8396459800870457e-01	   8.0982257830635951e-01	   8.1910909191551540e-01	   8.2490606816663581e-01	   8.2143206908394506e-01	   5.4246716060252742e-01	   6.3038937287138430e-01	   5.6320514735404748e-01	   6.6311478025866011e-01	   3.7746858315739329e-01	   3.0203053834147897e-01	   5.1230306585038854e-01	   6.7335608664849866e-01	   4.1613892988400147e-01	   4.6977241732873515e-02	   4.2172834972211126e-01	   2.2223589638237984e-01	   3.3822541911333198e-01	   2.6471911746331467e-01	   6.4005474920253125e-01	   5.9731901638654505e-01	   6.4134401908762806e-01	   3.6224652828035592e-01	   5.2705423607909718e-01	   2.8229144860397398e-01	   5.0018652228742255e-01	   3.2901641550469624e-01	   1.4062657911743626e-01	   6.9292418415951448e-02	   8.6675779854573282e-02	  -1.1176848642088517e-02	   3.4745763330831470e-01	   4.8413680808882920e-01	   5.6258697660707324e-01	   5.1940220852552188e-01	   3.7901914468468489e-01	   4.8450484814657174e-01	   2.6272730237110420e-01	   1.6300798646740933e-01	
   7.6831479089797516e-01	   6.4495496775609173e-01	   0.0000000000000000e+00	   8.2100953454388947e-01	   6.5090461248400289e-01	   4.3242590507936529e-01	   8.9635603538377329e-01	   7.3466865185506847e-01	   7.7566221574896055e-01	   4.2600338858495468e-01	   7.4949343263319457e-01	   6.1228655084046935e-01	   7.8985067046864410e-01	   7.0905973487353868e-01	   7.1911874556978073e-01	   6.8693801219360551e-01	   5.4912655597879190e-01	   4.0509356154328802e-01	   7.4311189300156177e-01	   6.0818335666455692e-01	   4.2401335945377094e-01	   3.4500611071131210e-01	   8.3108670817598018e-01	   7.9550187496631841e-01	   6.2973648701363760e-01	   6.1308288872698202e-01	   4.6178242277798287e-01	   3.7783889654764341e-01	   5.6583596043429163e-01	   5.1866130020747558e-01	   6.8990828442598340e-01	   6.6789615905713773e-01	   6.8760194775183137e-01	   6.5379393436359556e-01	   7.0488724499129807e-01	   6.4387875403679096e-01	   2.7553615578184865e-01	   1.8505796128748131e-01	   3.0028212092693440e-01	   3.0845775570974793e-01	   3.4328843283285659e-01	   3.5349850901457197e-01	   5.7533056596735088e-01	   5.5404587856972942e-01	   6.0759047878476324e-01	   5.7798268343618975e-01	   6.5903001492764357e-01	   6.0211282452152881e-01	   5.6081322036051240e-01	   5.6988128629890777e-01	   6.3369708869134556e-01	   6.1574231638479549e-01	   6.3803581002232190e-01	   6.8096947873470215e-01	   5.8744846034570530e-01	   5.9434464963075628e-01	   4.7215491961049905e-01	   5.3652838318591001e-01	   5.5180175610329618e-01	   4.3756125610990249e-01	   6.5991969731265954e-01	   6.0114684412859154e-01	   4.6136605358112553e-01	   5.8649772688267321e-01	   7.2538042287309323e-01	   6.1863166277992843e-01	   7.0514194702887678e-01	   6.0338734992174936e-01	   5.8700761950816616e-01	   5.3342328420140595e-01	   5.7453424157295363e-01	   5.1223040713331536e-01	   7.0458538361190570e-01	   6.2579585891387945e-01	   6.5386175808651359e-01	   5.0066500282731985e-01	   5.9691297077901362e-01	   5.3629965913833599e-01	   5.1901420634033002e-01	   5.5699378437379987e-01	   6.3059093274553235e-01	   6.4383579708256633e-01	   5.1141521014394098e-01	   4.4608944969963793e-01	   7.6180112892274043e-01	   7.5458686372826356e-01	   4.3349953001320579e-01	   4.7031021596395844e-01	   6.7994912234490734e-01	   7.4550603955291250e-01	   4.6638104976235950e-01	   3.1813824847888839e-01	   4.8593571491991000e-01	   5.1443335617438679e-01	   2.0412542533057190e-01	   1.1975505658862157e-01	   4.3244363534351815e-01	   5.3902648370023309e-01	   5.8591702487811159e-01	   4.6395953333202783e-01	   3.7746876743515179e-01	   4.4729561650593452e-01	   3.3231806934547492e-01	   3.4587251817224773e-01	   2.8961435102210420e-01	   3.6036047130091903e-01	   2.0902404904942098e-01	   1.8130848750733522e-01	   3.7434889992712944e-01	   3.6716004730867624e-01	   5.8921310723830911e-01	   6.0004435134251799e-01	   4.0702341393091979e-01	   4.4109339573936535e-01	   3.7877626870102926e-01	   1.8029967611528630e-01	
   7.7248273725114514e-01	   7.5172255041694847e-01	   8.2100953454388947e-01	   0.0000000000000000e+00	   6.8148184963387759e-01	   6.9518989622889504e-01	   8.8076934986722988e-01	   9.4378936697207283e-01	   8.1230689027034397e-01	   7.5834808969668388e-01	   7.5072868029186290e-01	   7.9121497163726562e-01	   8.1743842963898705e-01	   8.1556399086945541e-01	   7.8344037667728084e-01	   7.9684027136093016e-01	   7.0533557419712523e-01	   5.2689520023495462e-01	   7.8763089982224854e-01	   7.5081196911548265e-01	   5.6537154216186813e-01	   5.4629827013120491e-01	   6.9536557647510788e-01	   8.5267333845438120e-01	   6.2022815864329828e-01	   7.7135417259964734e-01	   5.4777009315198688e-01	   5.1016351962348072e-01	   6.8547544313433317e-01	   6.2695779179514277e-01	   7.1356961145731879e-01	   7.8398738933293632e-01	   7.7834999689989492e-01	   8.1637051569904939e-01	   6.8854141838088712e-01	   7.8354703315331697e-01	   3.3315336173991889e-01	   2.5612161943357686e-01	   3.4587643974373944e-01	   4.7080841256581718e-01	   4.8570846731692052e-01	   4.9932543645531968e-01	   4.8316554643416004e-01	   4.7141705231971698e-01	   6.0196745447285083e-01	   5.7911628994180453e-01	   6.6038224716866445e-01	   6.1398332529960364e-01	   5.6921909378890900e-01	   5.4887062318123014e-01	   6.6149367160937200e-01	   6.3177116551595880e-01	   7.6484897442037858e-01	   7.1041409382483045e-01	   7.2765289745206663e-01	   6.7875793091442282e-01	   5.9576783876008654e-01	   6.9549396535615571e-01	   6.8547797652683928e-01	   6.2341517581454831e-01	   7.5072652531230499e-01	   8.0224438206478998e-01	   6.5633911471657869e-01	   7.8995851181411703e-01	   6.5951921241395006e-01	   8.1692646672975533e-01	   7.9650419266075978e-01	   7.7915378720823825e-01	   6.7811868112563145e-01	   5.9817401510537294e-01	   6.5898420335994123e-01	   5.9851320846724865e-01	   7.8734524756302204e-01	   6.8712367652461726e-01	   6.8670671700811192e-01	   6.2927896820664475e-01	   5.8656288178030425e-01	   6.5477898039279636e-01	   6.5454100047768304e-01	   6.3956400953956871e-01	   7.5868649336706639e-01	   7.3658409860089125e-01	   6.3100712732455966e-01	   5.8267857783279164e-01	   6.9890914834491558e-01	   8.2688377083092424e-01	   4.2991862131175818e-01	   4.3855156397339495e-01	   7.0723275239845018e-01	   8.4786300938514425e-01	   6.4273330713752697e-01	   3.3359876390870835e-01	   6.8234195325773306e-01	   4.9400505313636744e-01	   3.8627550605156868e-01	   3.0970558137049559e-01	   6.3215443328396992e-01	   6.9265472003340389e-01	   7.2334172958380361e-01	   5.2087537151442120e-01	   5.9709925383939932e-01	   5.0741970047145157e-01	   5.2976327561317116e-01	   4.9736207695912410e-01	   3.4058607000814711e-01	   2.9760426068617518e-01	   2.5385345199722387e-01	   2.2792425636205516e-01	   4.3643509692625559e-01	   5.0561031485794850e-01	   6.9312205251426628e-01	   7.0459606939636832e-01	   5.2085530608532937e-01	   5.0427991266256178e-01	   4.0225266930917108e-01	   2.3442796116284056e-01	
   5.6302508103790583e-01	   5.2086675393653525e-01	   6.5090461248400289e-01	   6.8148184963387759e-01	   0.0000000000000000e+00	   6.2849294017848167e-01	   5.9380617005416236e-01	   5.8727722985078712e-01	   8.4487339378829795e-01	   5.0548089890956160e-01	   5.6397373905981829e-01	   5.4421728959888682e-01	   5.9508903143645642e-01	   5.3811636653424855e-01	   7.8253553299364897e-01	   6.8958568400504783e-01	   4.7793009042202073e-01	   3.2397440770238511e-01	   5.7589299113338832e-01	   5.0827383769667200e-01	   6.8087778358077244e-01	   6.1263700007025712e-01	   6.8802096500800847e-01	   6.6061775312096516e-01	   6.1648084180906260e-01	   5.0853448697565118e-01	   7.2580255195209209e-01	   5.9882539881482377e-01	   4.3274293859808072e-01	   4.6088853237009103e-01	   5.2327408031098843e-01	   4.9801285830784425e-01	   4.0678683631953044e-01	   4.5955261594829150e-01	   5.1685480388796778e-01	   5.3797306512732657e-01	   3.9714968522767063e-01	   4.2785846042901898e-01	   4.5807919760624805e-01	   4.4636994609362579e-01	   4.0775764539821180e-01	   3.7663845248761396e-01	   2.0760570931714717e-01	   1.6618618574965449e-01	   2.7337792714239262e-01	   2.7521920160641167e-01	   4.2465750569035193e-01	   3.8526606646890771e-01	   3.0469078758184065e-01	   3.4521422017426079e-01	   4.0995009810651761e-01	   4.2368153813412329e-01	   6.1895347760704245e-01	   6.0360126029945937e-01	   5.8211353552926748e-01	   4.8255296261576808e-01	   4.3959017598604011e-01	   5.1190552309456983e-01	   5.6525066276401514e-01	   4.6813607930730960e-01	   5.1680506729669418e-01	   5.4552403852320797e-01	   3.0418985794655989e-01	   4.9381975165385444e-01	   5.9167135108285629e-01	   5.1358596424798575e-01	   5.4623070816624186e-01	   4.5600762385210092e-01	   5.3530417938387420e-01	   4.7804274861586771e-01	   4.4233249664346008e-01	   4.3411201753834405e-01	   4.8333510631436238e-01	   4.0240389150171840e-01	   3.7267033979775338e-01	   4.2736270654584907e-01	   2.7130656401278952e-01	   2.9919871193403313e-01	   4.1015747276267422e-01	   4.5005767626144455e-01	   4.8649707420674171e-01	   5.9474783886249027e-01	   5.9812171239035039e-01	   5.7896395180037152e-01	   6.4852139817872301e-01	   6.7438771523555952e-01	   4.9010520850953315e-01	   5.2840777960212892e-01	   5.7121945249633521e-01	   6.6902628834375100e-01	   5.2243858398969079e-01	   3.5743406693785718e-01	   5.9795217233202580e-01	   4.5497988441063797e-01	   1.7244000199936230e-01	   8.4707297421780930e-02	   5.1926847987008118e-01	   4.4775044137450271e-01	   5.2187694295241494e-01	   2.9385926194791279e-01	   4.9170102872138888e-01	   3.5138156439453572e-01	   4.5188377270890234e-01	   4.0199713115922397e-01	   3.3857324513015136e-01	   2.8060641007787290e-01	   1.9510343030967445e-01	   1.4577638724972503e-01	   1.4801394489875766e-01	   2.1260951567293684e-01	   5.0874103429951645e-01	   4.4988422802811978e-01	   3.2770444841343416e-01	   3.9717409313705632e-01	   2.5642187853428638e-01	   4.1281928551672203e-02	
   4.7753387444083195e-01	   4.6618495460245457e-01	   4.3242590507936529e-01	   6.9518989622889504e-01	   6.2849294017848167e-01	   0.0000000000000000e+00	   5.5925207382461650e-01	   6.6592042871644685e-01	   5.8504530479578132e-01	   7.4004462917345437e-01	   4.9614037101844854e-01	   6.1618576413698944e-01	   5.5664681236464564e-01	   6.0714564792609005e-01	   6.9811210474975527e-01	   6.2365561861297958e-01	   3.9540131027766301e-01	   2.6616794933293147e-01	   4.3287153874979867e-01	   4.4964125090601759e-01	   4.7784925552022095e-01	   6.1951087698280682e-01	   4.1524508557378997e-01	   5.7046759146691794e-01	   6.0309119607483663e-01	   7.2794655569966926e-01	   7.2064673504996479e-01	   7.6744169588404909e-01	   3.8306847465817923e-01	   3.4737924800572689e-01	   3.5988742915997896e-01	   4.1691814330958182e-01	   3.9809800952598051e-01	   4.4557471060686321e-01	   4.9563403167384690e-01	   6.6357650455263062e-01	   3.8785285935699998e-01	   1.4486156063108227e-01	   3.5873916137209189e-01	   3.3020666882451000e-01	   5.2297873864884892e-01	   3.9984516299744211e-01	   2.5716109662445935e-01	   1.7489240714582927e-01	   3.0360278132350682e-01	   2.9287424535346918e-01	   4.1434391618984595e-01	   4.2039521876898484e-01	   3.9797288844394796e-01	   4.3087135539183441e-01	   5.5622396015934672e-01	   5.3847968734509255e-01	   6.7945266415031869e-01	   6.0786948588341072e-01	   6.1136104405044311e-01	   5.4649801939624998e-01	   3.4379613092417455e-01	   5.0864971320884322e-01	   6.6681259997622910e-01	   6.8138721168015970e-01	   6.0459570215703229e-01	   6.5383230850159890e-01	   5.6004019897924606e-01	   5.7908110019128078e-01	   4.0391278084872817e-01	   6.4837647099162821e-01	   6.3919602194873815e-01	   6.3268313456702674e-01	   5.3978836304958200e-01	   4.6413997293330267e-01	   3.8352370091132804e-01	   3.7568167354746762e-01	   4.5801295329684472e-01	   3.4143445066646583e-01	   2.7833956590843001e-01	   4.5742979886416407e-01	   3.2241547588743374e-01	   4.4960204424255495e-01	   3.2314084950151084e-01	   3.0888595280735648e-01	   4.5338682110648665e-01	   4.5511959158463466e-01	   5.0684800927477602e-01	   4.6535914151151814e-01	   4.5744065956868174e-01	   5.6291281446558195e-01	   3.8911756827087196e-01	   3.1315262087843887e-01	   6.2761168061706485e-01	   6.9275265492142446e-01	   6.2634331608654414e-01	   3.7865877931609054e-01	   6.8606795337163318e-01	   4.8941489918173331e-01	   2.1273691947038909e-01	   2.1308587766604081e-01	   4.6887291386372459e-01	   4.9120095386263896e-01	   5.5684979103772181e-01	   4.1263459508418399e-01	   6.3194971331277383e-01	   5.4527325347404920e-01	   5.2226842981968602e-01	   5.5559903997824511e-01	   3.9141602300133471e-01	   2.8073620566416091e-01	   4.2402592356063534e-01	   4.1008674503215548e-01	   1.7742912726878052e-01	   3.0288432976201174e-01	   5.5057886026632397e-01	   4.5396314111930142e-01	   4.4415715587895033e-01	   3.9560900024663315e-01	   3.1269098235080456e-01	   5.5233115945669625e-02	
   7.7713631286044693e-01	   6.8172204468532649e-01	   8.9635603538377329e-01	   8.8076934986722988e-01	   5.9380617005416236e-01	   5.5925207382461650e-01	   0.0000000000000000e+00	   8.6710254856713720e-01	   8.0553219764100215e-01	   5.9626804782950804e-01	   7.9417724975261295e-01	   6.7174870818524313e-01	   8.2128415972766911e-01	   7.9762299312502127e-01	   7.2049610312865142e-01	   6.9658998105242864e-01	   5.9792852709338162e-01	   4.2244030892587198e-01	   7.6755419560108240e-01	   6.6704559930197704e-01	   4.5943722483194360e-01	   3.8535553238493359e-01	   6.4195072931256314e-01	   7.1245420058554298e-01	   5.6344454031344193e-01	   6.6028166825281021e-01	   4.1166575739943578e-01	   3.9557759964632649e-01	   5.9626877623477614e-01	   5.2554142451274077e-01	   6.2806059582719631e-01	   6.6609874593340124e-01	   7.6279711405379114e-01	   7.4885431419314630e-01	   6.9058325168567913e-01	   6.9303010880866633e-01	   2.9405433070056780e-01	   1.4943810865840562e-01	   3.2596915547020333e-01	   3.4631046696015810e-01	   3.7794463557253338e-01	   3.4991597531521323e-01	   4.9767546920204569e-01	   4.9024011588449967e-01	   5.7759433170901886e-01	   5.4574259129043745e-01	   6.0805854397859060e-01	   5.4833835009552290e-01	   5.0469508958344367e-01	   5.1212573602717582e-01	   6.2578941256277576e-01	   6.0502754794312452e-01	   6.3618805173444615e-01	   6.2458038011239247e-01	   6.3643619497116677e-01	   6.2385590764486887e-01	   4.9855805847216178e-01	   5.7330239591788090e-01	   6.1320436650512056e-01	   5.1091932071955637e-01	   7.7098255180913455e-01	   7.3391843692365755e-01	   5.2682147522316536e-01	   6.6069083864754474e-01	   6.8436158612217746e-01	   7.4404276988643692e-01	   7.6849459923713104e-01	   7.0152290368755588e-01	   6.1415945284737850e-01	   5.4234136480215422e-01	   6.5498156142376862e-01	   5.5582645021087917e-01	   7.4878054819033546e-01	   6.5113777683893193e-01	   6.3950849354250472e-01	   5.6815185361639042e-01	   6.1535998802995673e-01	   6.5111788355285793e-01	   5.1236223429342165e-01	   5.6935401724460211e-01	   6.3794210262491469e-01	   6.4247593492192723e-01	   4.6822313540963367e-01	   4.2003296784119043e-01	   6.5161848667260913e-01	   7.4545224343600036e-01	   3.5225703631326966e-01	   3.7857241954290094e-01	   6.7129243283435824e-01	   7.6073057675048783e-01	   4.4128575320800228e-01	   2.4578229019932757e-01	   4.7989234363293398e-01	   4.4766492394392127e-01	   2.7308223799546349e-01	   2.0499919841251496e-01	   4.9591860372707314e-01	   6.2767450477173403e-01	   5.6489489232548107e-01	   4.5859914201156993e-01	   4.5803325805972495e-01	   4.2695202632397899e-01	   3.8819464884647581e-01	   3.6789824497221441e-01	   2.8235793014132471e-01	   2.9703786313687652e-01	   1.8582066946437539e-01	   2.0702226253526262e-01	   4.7937478762490399e-01	   4.3464263710241724e-01	   6.1337029965850076e-01	   5.9041167705123110e-01	   4.2518386470995340e-01	   4.4196966937117965e-01	   3.6527110265720719e-01	   1.6929585941497022e-01	
   8.0825998337526350e-01	   8.0643491821220603e-01	   7.3466865185506847e-01	   9.4378936697207283e-01	   5.8727722985078712e-01	   6.6592042871644685e-01	   8.6710254856713720e-01	   0.0000000000000000e+00	   7.4595609075833647e-01	   8.0743640798539318e-01	   7.7704328074904150e-01	   8.5290832351259704e-01	   8.2523420771070999e-01	   8.5300874236302116e-01	   7.3229284407460948e-01	   7.7913655329953535e-01	   7.8502903307069793e-01	   6.1727388776530867e-01	   7.9467752729549690e-01	   7.6941228487636160e-01	   5.4605316031923079e-01	   5.5467580100361058e-01	   5.3526057496674539e-01	   7.1087617672912562e-01	   4.7498909304652909e-01	   6.6963600271323953e-01	   4.3901436989283826e-01	   4.0380794158188893e-01	   7.7075926408636564e-01	   7.0477407833980121e-01	   6.7533489668126956e-01	   7.8071705271022629e-01	   8.0820356276732785e-01	   8.6886989685804283e-01	   5.5745078268214376e-01	   6.7794618028674192e-01	   2.5426942845860345e-01	   1.8630287425983885e-01	   3.2673384589332510e-01	   4.6671404610171263e-01	   4.9534067378333918e-01	   4.9797033409359348e-01	   4.0086572297804918e-01	   4.0937475324969635e-01	   5.5124144454004409e-01	   5.3887839815359229e-01	   6.0969333751685129e-01	   5.3340839705979159e-01	   5.2776778586796280e-01	   4.8000231576121277e-01	   6.0887652449976482e-01	   5.8933525906776574e-01	   6.9259581292652483e-01	   5.9833865433629996e-01	   7.2103091916627438e-01	   6.1810908011992349e-01	   6.5886261166847793e-01	   7.2459788631737831e-01	   6.3459911060944640e-01	   5.9629820229361175e-01	   7.3952699054231918e-01	   8.3869201187415476e-01	   7.0664034538495102e-01	   8.5163079379489104e-01	   5.4708524520335389e-01	   7.8613434261319459e-01	   7.3048445585196653e-01	   7.4668691766273798e-01	   6.4319774597152668e-01	   5.2908926946818458e-01	   7.0471063379557208e-01	   6.4429546683027872e-01	   8.3226064727470073e-01	   7.5271196675247598e-01	   7.1260398443000650e-01	   6.8971825530555686e-01	   5.8200000468850832e-01	   6.8549558692436396e-01	   7.0380055205492975e-01	   6.7953826718326327e-01	   8.0577597375760346e-01	   7.5708951863572038e-01	   5.9765428326985881e-01	   5.7736971707662743e-01	   5.9957156105521892e-01	   7.6898683802598478e-01	   4.0124719254621544e-01	   3.3537145855329387e-01	   6.3118342133768623e-01	   7.8301908129960995e-01	   5.2858238750565190e-01	   1.8227010412332240e-01	   5.7923478166953035e-01	   3.6402308983394371e-01	   3.8258179303913620e-01	   2.8689552215488157e-01	   6.3965345247238337e-01	   6.7985500601898718e-01	   6.6224381206771299e-01	   4.4712564894324480e-01	   6.0354184170026937e-01	   4.0497667874512211e-01	   5.1907959105255719e-01	   4.4180546608244997e-01	   2.5102262218665017e-01	   1.7286095099396948e-01	   1.4756176822663572e-01	   1.2870089362440693e-01	   4.6712808997738930e-01	   5.3156720575964789e-01	   6.5155619884093208e-01	   6.1729345896462173e-01	   4.4717467845018766e-01	   4.6848358970055343e-01	   3.4331991305730902e-01	   2.0063133257724214e-01	
   6.0764799395481783e-01	   5.7316530677936595e-01	   7.7566221574896055e-01	   8.1230689027034397e-01	   8.4487339378829795e-01	   5.8504530479578132e-01	   8.0553219764100215e-01	   7.4595609075833647e-01	   0.0000000000000000e+00	   6.2018601394625406e-01	   7.2175913996362417e-01	   6.1280262931714713e-01	   7.2472717110887364e-01	   7.1052665810956595e-01	   8.4549900616346663e-01	   7.9335896454933852e-01	   5.6085215829153012e-01	   3.5248836545430884e-01	   7.1172496242856320e-01	   6.1425841925498426e-01	   6.3906458549832856e-01	   5.3223276533111075e-01	   7.2471795501060998e-01	   7.5258521922189869e-01	   6.1305302266564710e-01	   6.1017617924761081e-01	   5.8453108846253443e-01	   5.0035938686661419e-01	   5.5282149591420082e-01	   5.2702264121602749e-01	   6.7409065803815249e-01	   6.6004365039755120e-01	   5.3663314746655311e-01	   5.8073416951828394e-01	   6.0628937624686730e-01	   6.2502363221167334e-01	   4.1740177678285728e-01	   4.1853817123374948e-01	   4.0625554275063647e-01	   4.4631687838844381e-01	   3.9075499462482316e-01	   4.0597854771005526e-01	   3.5232286791155798e-01	   3.1992376482398915e-01	   4.0213462159492414e-01	   3.7441440920672842e-01	   5.1805462146417192e-01	   4.8170299821592844e-01	   3.5236051217012837e-01	   3.4832334287704270e-01	   4.6062103434613472e-01	   4.1372119662309803e-01	   6.5168339120667584e-01	   6.3058210582994489e-01	   6.4096322767792735e-01	   5.7428480167271845e-01	   4.3628077398555265e-01	   4.9105428506991444e-01	   5.1523163446494136e-01	   3.6442353387337800e-01	   6.1599765343270874e-01	   6.2105958596639577e-01	   3.3219318547275140e-01	   5.4335444412210121e-01	   6.9637681263888451e-01	   6.1528397716840055e-01	   6.0110256350111357e-01	   5.0090550440860526e-01	   5.6051926285372911e-01	   5.0524125410094867e-01	   6.0060638180044101e-01	   5.4071666858629452e-01	   6.2293942335093300e-01	   5.1960837495216516e-01	   5.1847977975594262e-01	   4.8028797805151785e-01	   4.8019754679469839e-01	   4.9335930683886386e-01	   4.6339074056497165e-01	   5.0654259611051833e-01	   5.8427214768936597e-01	   6.5718403127579250e-01	   6.1873812004244533e-01	   5.9756171771824651e-01	   7.3522888060454006e-01	   7.8749187512498575e-01	   3.6376683011629074e-01	   5.0163386003097821e-01	   6.9506036609780708e-01	   7.7049679926512926e-01	   5.9994062687791117e-01	   3.8344381049977194e-01	   6.4560405146051569e-01	   5.0917241670028279e-01	   2.8951044758899536e-01	   2.1168822777786753e-01	   5.8680547630678803e-01	   5.8982898476788048e-01	   6.3347940858698804e-01	   4.0593792211669422e-01	   4.6932448767884904e-01	   4.3179441904625021e-01	   4.3854145779360698e-01	   4.3727743399630220e-01	   3.2492788108161313e-01	   3.2200924938762121e-01	   2.4150393653952723e-01	   2.1042271076851371e-01	   3.3039706374667249e-01	   3.5950668457326973e-01	   6.0363379048055499e-01	   5.9402912074842629e-01	   4.4685975837000491e-01	   4.5830209946060640e-01	   3.3455249210077742e-01	   7.7583028293906828e-02	
   5.9052078585230183e-01	   6.0634001120028758e-01	   4.2600338858495468e-01	   7.5834808969668388e-01	   5.0548089890956160e-01	   7.4004462917345437e-01	   5.9626804782950804e-01	   8.0743640798539318e-01	   6.2018601394625406e-01	   0.0000000000000000e+00	   5.8870080313316886e-01	   7.2467943325895490e-01	   6.6723474025488283e-01	   6.9316177933919698e-01	   6.6120043330156342e-01	   7.3573144878719754e-01	   6.4980733636029009e-01	   4.6494355812277377e-01	   6.6517989827368429e-01	   6.9077427148167259e-01	   4.5773400085521021e-01	   5.3407262054116944e-01	   3.4797224048695496e-01	   5.4548087323345296e-01	   3.7316521390544222e-01	   6.2394785214415938e-01	   4.6219105373491898e-01	   4.6265101507052309e-01	   6.6702822621881241e-01	   6.0116836931637518e-01	   6.0180131980575691e-01	   7.2464162954830114e-01	   5.5495447199375780e-01	   6.7560042574065426e-01	   3.4507231983962727e-01	   5.3313998709144550e-01	   2.5664097979354444e-01	   1.5237268329351183e-01	   1.4141588298957081e-01	   3.5513087730002713e-01	   4.3629046464664900e-01	   4.8645547067901262e-01	   1.6808834647035392e-01	   1.2611449506064421e-01	   3.2116441448590999e-01	   2.9542324322999053e-01	   3.8610424776927194e-01	   3.4391942775010981e-01	   3.1101476096411396e-01	   2.6162789569984812e-01	   3.7082604618426152e-01	   3.5683090625729535e-01	   5.4553948236785854e-01	   4.4790070796353260e-01	   5.5297788079655252e-01	   4.6105853469355834e-01	   5.1396644025142546e-01	   6.0667147474334193e-01	   4.9878881897621563e-01	   4.6591046480550702e-01	   5.1835294168670765e-01	   6.6132613570471999e-01	   6.0020042058520917e-01	   7.4784905213008279e-01	   2.8902595284744681e-01	   5.6001302165392319e-01	   5.1255832776805910e-01	   5.5328229074635427e-01	   5.9824852146828356e-01	   4.6158319175378881e-01	   5.7372180231307457e-01	   5.0832035715491042e-01	   6.5459346792008399e-01	   5.5380317655693101e-01	   5.6698667654092527e-01	   6.1977951261277620e-01	   4.9256553433263839e-01	   5.8024564776444143e-01	   5.4954686797468411e-01	   4.9362092454563783e-01	   6.9359642023266632e-01	   5.9940752970091671e-01	   5.4313004062143766e-01	   5.6826062580274905e-01	   3.9500784264775995e-01	   5.6488274985442555e-01	   2.2789410091816636e-01	   1.9030056996562794e-01	   4.8734375445080058e-01	   6.3016765905744865e-01	   5.9622209906488066e-01	   2.3498841021135811e-01	   5.9927196480086042e-01	   3.1381084378362922e-01	   3.6118584170599422e-01	   3.0716536842401604e-01	   5.9285476606942122e-01	   6.0453821889217907e-01	   6.3168170039047711e-01	   4.0156895466744491e-01	   5.6740276953277680e-01	   3.9491912664704654e-01	   5.0349167084185353e-01	   4.5900138247366945e-01	   2.0888949943456067e-01	   6.7906381676853408e-02	   1.8694216286640020e-01	   2.2432168214906761e-01	   2.9404148491506943e-01	   5.0678323960075622e-01	   6.5252014306701667e-01	   5.7552229704239255e-01	   4.4142153859096500e-01	   4.1340782710139390e-01	   2.7811149710524208e-01	   1.5331277919182118e-01	
   7.4514638644255626e-01	   6.5167152815230689e-01	   7.4949343263319457e-01	   7.5072868029186290e-01	   5.6397373905981829e-01	   4.9614037101844854e-01	   7.9417724975261295e-01	   7.7704328074904150e-01	   7.2175913996362417e-01	   5.8870080313316886e-01	   0.0000000000000000e+00	   8.1411564105466361e-01	   9.3219607760800316e-01	   8.8698038483589303e-01	   8.1109444809488940e-01	   8.4375920745748290e-01	   7.0402203523716134e-01	   5.3233248727954141e-01	   7.2370253471413593e-01	   5.9165616559491241e-01	   4.1459835808783407e-01	   3.1715137812594280e-01	   6.6094491949910239e-01	   7.1433957902324563e-01	   5.0203816788718636e-01	   5.4205644157579091e-01	   4.2550815727723912e-01	   3.3585295799519888e-01	   7.4502479759802198e-01	   6.6606743331115048e-01	   7.3224209785303629e-01	   7.2712140898461941e-01	   6.1378191860105147e-01	   6.2314055602809681e-01	   4.9853028905484525e-01	   5.4923262509981252e-01	   3.2444522481402238e-01	   2.3924474903020029e-01	   4.0758364006631548e-01	   3.8725741445315964e-01	   4.7968077189689007e-01	   5.1173762978582338e-01	   4.9973142851985330e-01	   4.5909630125129858e-01	   4.7090129716366713e-01	   4.5499511630145606e-01	   6.1351964245986801e-01	   5.5709120946331703e-01	   5.0436935784846915e-01	   4.4769379443824242e-01	   5.9964564404733134e-01	   5.1795376639253776e-01	   6.6023551450746709e-01	   5.6119987327009579e-01	   6.7864550252404765e-01	   5.5287559879653214e-01	   5.2811951120852862e-01	   5.9116490801805299e-01	   6.0868013837620927e-01	   4.7174046592678032e-01	   7.5870024077929354e-01	   7.5049956410685736e-01	   6.1353015017833268e-01	   6.6129790764430019e-01	   6.4958401731054760e-01	   6.4923124397115650e-01	   5.9481350068718442e-01	   5.1624918538976305e-01	   4.8182900545169999e-01	   3.3571870361724648e-01	   6.4941029073034962e-01	   5.7251743273849076e-01	   7.5022833337474359e-01	   6.3499800648906057e-01	   6.8683450289961234e-01	   4.8076422652102191e-01	   4.8901307018162854e-01	   5.7302600209002541e-01	   6.0240874212273954e-01	   6.5124194115883327e-01	   7.1989839866105576e-01	   7.4775572797802337e-01	   6.8414965430864094e-01	   6.4325344551583996e-01	   7.5774171841874460e-01	   7.7853492570179039e-01	   4.3990400082908299e-01	   3.7263993791783812e-01	   6.9405057772175527e-01	   7.2421811031090666e-01	   4.5716179973616911e-01	   2.4255001348464755e-01	   4.9349813708235041e-01	   4.0866197967937001e-01	   2.3707773869742638e-01	   1.2183473112870066e-01	   5.9281548655447969e-01	   5.0106610712915800e-01	   6.1692260348931049e-01	   3.9690802091965877e-01	   4.3377281354391872e-01	   3.6664688740589269e-01	   3.8781514430437125e-01	   3.1644545786255329e-01	   8.7130572018786989e-02	   1.6671231698555994e-01	   1.3010989127509567e-01	   1.4528442194036048e-01	   2.6921112583198537e-01	   3.3382099856620617e-01	   4.6630691974012811e-01	   4.5351618194026333e-01	   3.9463817105632615e-01	   4.3525864717884177e-01	   3.1778624228134239e-01	   5.9689788910790180e-02	
   7.7987149254848764e-01	   8.0853796750080542e-01	   6.1228655084046935e-01	   7.9121497163726562e-01	   5.4421728959888682e-01	   6.1618576413698944e-01	   6.7174870818524313e-01	   8.5290832351259704e-01	   6.1280262931714713e-01	   7.2467943325895490e-01	   8.1411564105466361e-01	   0.0000000000000000e+00	   8.4725098442506930e-01	   8.6542964214853058e-01	   7.1870443379341065e-01	   8.2835344326327931e-01	   8.1508591319597878e-01	   7.4496101863531661e-01	   7.3330623805567452e-01	   6.9928244920083182e-01	   5.0703768188900589e-01	   5.5959058494768488e-01	   4.9174684011329750e-01	   6.2703811822427080e-01	   3.6277801419675593e-01	   5.1675938140887434e-01	   4.1457765008011827e-01	   3.1540829305709572e-01	   8.4799136423602017e-01	   8.4050962700047971e-01	   6.6014284692381131e-01	   7.5887749573642094e-01	   6.6231681171050039e-01	   7.4106722662777480e-01	   3.5331845630196090e-01	   5.0942334815686729e-01	   2.5684689974735186e-01	   2.0534376938446397e-01	   4.0238229879683834e-01	   4.6908945788837986e-01	   5.8345641644611557e-01	   6.2699471645329208e-01	   3.9555505950879560e-01	   3.3870980554307822e-01	   4.3728300354796779e-01	   4.2326675761780785e-01	   5.9210936295328098e-01	   5.1056417509635932e-01	   5.1415457657941499e-01	   4.3067637801235881e-01	   5.6680062597382241e-01	   5.0625451087306295e-01	   7.0570778558880343e-01	   5.4333539652078289e-01	   7.5229759286200426e-01	   5.2328751071641733e-01	   7.1826281822217708e-01	   7.9811347546567080e-01	   6.5275770840178904e-01	   6.1355373614155440e-01	   7.3618334316239964e-01	   8.2352112919569331e-01	   7.6383069037865425e-01	   8.7059736278106725e-01	   4.4335007840028112e-01	   6.5532781486267744e-01	   5.7451534359117695e-01	   5.7890107770231281e-01	   5.5825173290367536e-01	   3.9111793854256538e-01	   5.9175624512478953e-01	   6.1313536088413989e-01	   8.2631189850927778e-01	   7.8928395317952549e-01	   6.9287411145240907e-01	   6.6438245154641529e-01	   5.0659076049308793e-01	   6.1891184767384855e-01	   7.7280582932855146e-01	   7.6618974552180807e-01	   8.3155205672455379e-01	   8.2866645242468950e-01	   7.0076376543704400e-01	   7.2624397591984757e-01	   6.1333167511982556e-01	   6.9027981221198265e-01	   4.8013043808493910e-01	   2.7345554915418319e-01	   6.3001105305417071e-01	   7.2191311287990378e-01	   5.1337594324595659e-01	   1.6551755010408759e-01	   5.3873969469392446e-01	   2.9364108924311616e-01	   2.7069551143409432e-01	   1.3636921725718204e-01	   6.6967198536508410e-01	   5.1182761317452308e-01	   6.8923042104594245e-01	   3.7233587318366046e-01	   6.4344271384111673e-01	   3.4248948386835126e-01	   5.2736522940538388e-01	   4.0068439677989892e-01	   9.4520536006141048e-02	   3.6192446092666919e-02	   1.8869309543814083e-01	   5.5062096183429103e-02	   2.0160869605887674e-01	   3.9285688458719070e-01	   5.2519440578079379e-01	   4.6411978662529874e-01	   3.4512408280287177e-01	   4.5777190576856386e-01	   2.5765981916584213e-01	   4.9141361881106828e-02	
   7.9305850121437582e-01	   7.0549774209901839e-01	   7.8985067046864410e-01	   8.1743842963898705e-01	   5.9508903143645642e-01	   5.5664681236464564e-01	   8.2128415972766911e-01	   8.2523420771070999e-01	   7.2472717110887364e-01	   6.6723474025488283e-01	   9.3219607760800316e-01	   8.4725098442506930e-01	   0.0000000000000000e+00	   8.7364962116740608e-01	   8.2302136594638808e-01	   8.4616499846489512e-01	   7.3657592786434423e-01	   5.7387124071552098e-01	   7.4650099816877824e-01	   6.5701967732997635e-01	   4.5476577434303023e-01	   4.1836723791849051e-01	   6.6513829277164116e-01	   7.3532101215553014e-01	   4.9118214498208956e-01	   5.6426152712758793e-01	   4.2687790917011770e-01	   3.4861210797197173e-01	   7.6807419897959484e-01	   6.9186221117796654e-01	   6.9105508817780736e-01	   7.3273685540588085e-01	   6.5612757154222978e-01	   6.8249266085547489e-01	   5.2909634730408173e-01	   6.0646076373704227e-01	   3.4738093211108867e-01	   2.6013784075604374e-01	   3.9467232496112287e-01	   4.4319757261796000e-01	   5.0939043483420887e-01	   5.2422154089802597e-01	   5.2519337373794173e-01	   4.9462089613102111e-01	   5.3918811333968131e-01	   5.2230735268133466e-01	   6.5438851992990787e-01	   6.0130725781217687e-01	   5.4816357926785320e-01	   5.1276734728611095e-01	   6.2892688813452025e-01	   5.8603855832879803e-01	   6.9118156421273613e-01	   6.4569280778589921e-01	   6.9847256348422104e-01	   6.4683851820736948e-01	   5.8855890564935742e-01	   6.8306628889993559e-01	   6.6509499150733986e-01	   5.7512134711744189e-01	   7.7933132318745146e-01	   7.8918133208716146e-01	   7.2102710486669785e-01	   7.8258615695775813e-01	   6.1676252038300516e-01	   7.0734906327695568e-01	   6.7560217358664998e-01	   6.3410199112378018e-01	   5.7919303043438464e-01	   4.4809830097399678e-01	   6.0098645023784170e-01	   5.3269021356610891e-01	   7.5782220308840553e-01	   6.6304939952233366e-01	   6.8555434118560732e-01	   5.6075729681653752e-01	   5.7031564021458658e-01	   6.1448261912382185e-01	   6.6042177897149679e-01	   7.0150109797352067e-01	   7.8824500436172729e-01	   7.8774639572626448e-01	   7.0846495051871916e-01	   6.5384706332881626e-01	   7.3875325625569643e-01	   7.8347265379164666e-01	   4.8562669431639627e-01	   4.2355718206642234e-01	   7.4651427595415032e-01	   7.9973162445606860e-01	   5.2979843314463115e-01	   3.3128097254133881e-01	   5.5360707746501414e-01	   4.7235558706734670e-01	   2.6254930279072902e-01	   1.5294541923321842e-01	   5.8008726301745028e-01	   5.7371197499965321e-01	   6.9368100203632843e-01	   4.9833866615890665e-01	   5.3953195377033769e-01	   4.5033383841198560e-01	   5.0076141186869727e-01	   4.3469453796733321e-01	   2.0959147938388217e-01	   2.4517356652569428e-01	   2.2164146729443290e-01	   2.1868616827842480e-01	   2.9807447461358094e-01	   3.6796720288331553e-01	   5.3391569290715291e-01	   5.6918450894691230e-01	   4.5537576241035183e-01	   5.0032984348010090e-01	   4.0273100405589857e-01	   1.1166540560766550e-01	
