   0.0000000000000000e+00	   7.6690587825719758e-01	   3.5990949282841511e-01	   2.7096735479245682e-01	   1.4660674156820611e-01	  -1.3916265639395282e-02	   1.9895071208380960e-01	   1.7324103334932142e-01	  -5.7454872957363092e-03	  -2.1863524946234500e-01	   3.7612278358410067e-01	   3.6026935762627982e-01	   3.7569259035848046e-01	   2.8900959552238276e-01	   8.6826572697767418e-02	   6.1061125454417324e-02	   4.3731517895677829e-01	   5.5688162374740491e-01	   7.5191928555596987e-01	   7.6609747054016941e-01	   1.7465308852746422e-01	   1.7580982986298901e-01	   1.1830028781287824e-01	   6.0489821849992922e-02	   2.5233559015509976e-01	  -5.6618969453239909e-02	   2.9398434401256973e-01	   1.6572569163235729e-01	   4.9135390738209397e-02	   1.0403642218775677e-01	  -2.1133688217761371e-01	  -1.4496442965467959e-01	   9.5101805478594426e-02	   2.1294096314706398e-01	   2.1345769465971734e-01	   1.0177784624496046e-01	   2.3517485003211069e-01	   8.8079064202810337e-02	   4.8488801342364368e-01	   3.0268152789654551e-01	   2.1912552838250288e-01	   3.6708051492395244e-01	   3.3650967749609267e-01	   3.5916241476719302e-01	   3.8985354476637446e-01	   4.4983710209985595e-01	   4.1566074352343263e-01	   4.4081868422799680e-01	   5.9842649053295016e-01	   6.1919261766529643e-01	   6.6419499361040613e-01	   5.9237858533638765e-01	   5.7988684018971248e-01	   4.3943164883716490e-01	   5.7529888920943406e-01	   5.0720448970161502e-01	   6.5337136849541499e-01	   6.1484254803654470e-01	   7.0573224363000198e-01	   7.0420995352825710e-01	   5.5104576704261543e-01	   2.3203097946488064e-03	   2.4146902813270535e-01	   4.0946420494122576e-01	   1.9110329934360420e-01	   1.6789673949159342e-01	   4.7763196704727939e-01	   4.0155582724218764e-01	   6.4520644744956068e-01	   5.8448676226196228e-01	   8.3359624036607141e-02	   4.2483319696484632e-02	   1.9279032138185759e-01	   2.1118668262100754e-01	   1.6867352761348897e-01	   2.6904398453616585e-01	   7.0603471400950316e-02	   8.4774731186482613e-02	   3.8291301025269497e-01	   6.2152537563651156e-01	   5.1009370100479046e-01	   5.6376954122688228e-01	   1.8778107233239755e-01	   3.8422435080952771e-01	   5.6841508225424209e-01	   5.2919682045405125e-01	   3.5090526766180918e-01	   5.4257600386787197e-01	   4.7483948793973657e-01	   4.8888592424081190e-01	   2.6168607766271623e-01	   1.9803872568400971e-01	   4.0385786322355816e-02	   2.1950948442523796e-01	   1.3539249867116659e-01	   9.1278643386500553e-03	   5.6229265498022296e-01	   4.4606394712725611e-01	   3.4907433305934565e-01	   4.0536685804046768e-01	   2.7069462510443437e-01	   2.4564603832083551e-01	   1.3879579579426557e-01	   2.2253111259040517e-01	  -1.8453581111339454e-03	  -2.0874273498231591e-01	   1.8228547328264420e-02	   3.3543662509980937e-01	  -3.1071128627936991e-02	   1.2280467920797008e-02	   2.3556835794366604e-01	   1.5707818456438702e-01	   2.6061981182031768e-01	   1.5372718001258939e-01	   3.9622905243699769e-02	  -9.6333105642728706e-02	
   7.6690587825719758e-01	   0.0000000000000000e+00	   1.3928360293690806e-01	   2.6940591268176287e-02	  -6.5955029962646683e-02	  -1.2041228777842741e-01	  -2.8614007524309575e-02	  -1.3792716209521078e-02	  -1.4554428182440332e-01	  -1.4676444318106016e-01	   1.1932262071639768e-01	   2.8763502832221188e-01	   2.0305609678913228e-01	   2.2100504146786171e-01	  -8.5820773606859579e-02	  -1.0973308620677802e-01	   5.6495274345259117e-01	   7.4885137574690186e-01	   5.8861187645963753e-01	   7.4295161864936154e-01	   2.4706288673970062e-01	   1.4891547730821036e-01	  -1.0556527996815623e-01	  -1.5149279633324836e-01	   1.9194512934671726e-01	  -3.2112573469777021e-02	   1.6660523289408197e-01	   4.0966784292626950e-02	   7.6991850197864517e-02	   1.3489787035778747e-01	  -3.0960862086147406e-01	  -2.1617337262198788e-01	   2.0156621256429332e-02	   2.0575992355932468e-01	   1.3457244025348879e-02	   5.8701491752246263e-03	   4.3358926702325795e-01	   2.2124735644653698e-01	   5.1671459216268523e-01	   3.7614718109610773e-01	   3.6598262745473165e-01	   4.7347899356035189e-01	   2.1224260438541642e-01	   1.7608281293556097e-01	   2.2843951596062384e-01	   3.1880387824187828e-01	   2.8346156455345228e-01	   2.1738562950567586e-01	   4.5589977050130398e-01	   5.3654370275360208e-01	   5.2911446845101140e-01	   5.4866786650214938e-01	   5.0693195854568818e-01	   3.8570275270493831e-01	   4.9058783888470459e-01	   4.0479229274376466e-01	   7.4213936461729557e-01	   7.7866446228240016e-01	   5.1221023721544656e-01	   6.3704704458252281e-01	   3.1385869786413872e-01	  -7.5354607702145554e-02	   1.5126682661968965e-01	   4.6398818631499272e-01	  -1.0356332106227920e-01	  -3.8697216093473943e-02	   2.5683249183903645e-01	   2.3969724462239339e-01	   6.8860278383475781e-01	   6.1640428412244186e-01	   2.9904863460051424e-02	   5.6894093875064805e-02	   2.2257094501631802e-01	   2.0841602971311707e-01	   1.7933763115114115e-01	   2.5309335743372752e-01	  -1.7587006314568837e-01	  -1.1427159824861821e-01	   4.1211841807115313e-01	   6.3552852409392191e-01	   5.1588511392739300e-01	   6.4037734813852032e-01	   3.7189031631153453e-02	   2.3385741077466754e-01	   5.7268433201439040e-01	   4.4823483624212601e-01	   2.0850737074185893e-01	   4.1849586725775167e-01	   4.4462453771590782e-01	   3.8032803218535410e-01	   1.1635680681931164e-01	  -6.8583749948560088e-03	  -9.6443492220213339e-02	   5.4201142528730713e-02	  -5.0233718623865220e-03	  -6.9185728120265189e-02	   4.6721793703437442e-01	   3.7351089836514939e-01	   2.1667307284226367e-01	   2.4355629627563638e-01	   1.6259275596462941e-01	   1.3026631295457380e-01	   1.1470240314327491e-01	   1.9924359853503795e-01	  -1.1882227368035736e-02	  -2.1266595019013596e-01	   1.1634182943797164e-01	   3.4354880127843918e-01	  -1.6721754938433345e-01	  -8.7418396733118117e-02	   2.7721018857297393e-02	   7.6869559387126446e-02	   2.2921094954233268e-01	   8.5090002908789153e-02	  -4.9590747222011289e-02	  -9.9664134590974923e-02	
   3.5990949282841511e-01	   1.3928360293690806e-01	   0.0000000000000000e+00	   7.8574213900516920e-01	   6.7590872171507144e-01	   5.9815569808777080e-01	   8.7226234933959113e-01	   7.0054638593625573e-01	   7.3424558781302596e-01	   5.0463524342104527e-01	   7.1743586085542022e-01	   6.0781078853561143e-01	   6.6432666721799438e-01	   5.5346716245715810e-01	   7.8639572192890750e-01	   7.6435972318709033e-01	   3.5268966923312978e-01	   7.4238432394554438e-02	   6.2510614378759977e-01	   4.3479716710030897e-01	   3.0780570844047772e-01	   3.8591976528149080e-01	   8.2800296543322105e-01	   7.6366396925921243e-01	   6.2152325531774688e-01	   6.4687392831179968e-01	   6.1203497577085464e-01	   6.0454994815908525e-01	   5.0325921721016198e-01	   5.0931377430744640e-01	   6.2399694147559259e-01	   6.1831354086993473e-01	   6.3505532606612014e-01	   5.9906535258432059e-01	   4.9243388364331386e-01	   4.1606483327806076e-01	   1.7879929931925001e-01	   1.5695557000808763e-03	   3.9720460272719293e-01	   7.6964548852379425e-02	   1.4780063115914585e-01	   3.6216136378159222e-02	   5.4164942061891108e-01	   4.9458791592453843e-01	   5.1201143945227023e-01	   4.0778550835397387e-01	   5.0672366790486389e-01	   4.5956547666787917e-01	   4.1651419546258972e-01	   3.1707059729193976e-01	   4.4983301771264783e-01	   3.1874297474853852e-01	   5.3112115346541888e-01	   3.6340272071038998e-01	   5.8383508653486038e-01	   4.3058562860573002e-01	  -1.4195889367111417e-01	  -9.0640007068481035e-02	   3.8658762952623910e-01	   2.7568247817313490e-01	   3.7691550851870248e-01	   4.1740179081179851e-01	   1.1847050338494840e-01	   2.4130912525772136e-01	   6.9137736224836499e-01	   6.7007418348678027e-01	   7.2575000082773644e-01	   5.8999755447897773e-01	   2.8519367399388451e-01	   3.7911849047219448e-01	   6.8163238603070486e-01	   6.7087421217113419e-01	   5.8250535517125035e-01	   6.3359579700906865e-01	   5.5607141718698461e-01	   5.8090191677751535e-01	   6.7507012185308801e-01	   5.4653443009066716e-01	   4.9938716934993432e-01	   2.5426269437369931e-01	   5.0509485872813387e-01	   3.9489042446245315e-01	   7.7221519949682671e-01	   6.7897223849695421e-01	   5.8905875394617158e-01	   5.8496381496390948e-01	   7.7937222520545191e-01	   4.2829032053050042e-01	   6.3345157028909549e-01	   5.9675900095717904e-01	   7.0382066180508795e-01	   7.7269098507597711e-01	   7.3356376073553187e-01	   8.5165404086359509e-01	   1.6828088822763265e-01	   8.5273625025219679e-02	   3.8002921174443183e-01	   1.8028006999944610e-01	   6.4876191555656137e-01	   6.6837068307719982e-01	   7.6620575904415122e-01	   7.9355496371666967e-01	   5.7886295116034470e-01	   6.5341910025600269e-01	   4.1897210011332531e-01	   7.3067941382496379e-02	  -1.3187068503838692e-01	   2.2060129485910857e-01	   3.6297201972306126e-02	  -1.3235901153088392e-01	   2.7779151657343831e-01	   4.1434106926167880e-01	   5.0705769926670718e-01	   4.5819005786205946e-01	   4.2733239852830934e-01	  -2.3960667108480177e-01	
   2.7096735479245682e-01	   2.6940591268176287e-02	   7.8574213900516920e-01	   0.0000000000000000e+00	   6.1868485664930772e-01	   7.0340483959249545e-01	   8.3007544286777324e-01	   9.1388415390249556e-01	   7.2373251598733201e-01	   5.8774610742890565e-01	   6.7701407487204579e-01	   7.2246147750308831e-01	   5.8632598008495951e-01	   6.7104639310819714e-01	   6.8931856771537492e-01	   7.9507957513924032e-01	   2.2630822631147740e-01	  -1.1517540282071817e-02	   5.6703940415752174e-01	   4.2811476241326230e-01	   9.0333346315004309e-02	   1.8893544521442274e-01	   7.8976795596798877e-01	   8.8130121218170387e-01	   4.2733602398708703e-01	   5.9129329577175593e-01	   4.6928763340951407e-01	   5.1467760594702816e-01	   4.8514232904061005e-01	   6.2478145691611831e-01	   6.6869203957916612e-01	   7.7376959133425638e-01	   5.5507540159686541e-01	   6.2838372193235825e-01	   3.0934252181846994e-01	   3.0736304777399948e-01	  -1.6985599214608280e-01	  -2.3352609796901361e-01	   1.1522750673933729e-01	  -2.1048244393641233e-01	  -1.4563478237803812e-01	  -2.1014435530199299e-01	   4.7349286067735497e-01	   4.5292300904367067e-01	   3.5688072117518849e-01	   2.8500491397668570e-01	   4.3866137063882504e-01	   3.3005031221373504e-01	   1.9297954018050395e-01	   9.5903447033268446e-02	   2.3435462439097476e-01	   9.9341280106290369e-02	   3.4617616251987826e-01	   1.8736296373341893e-01	   3.3107895912838670e-01	   2.2607074853090242e-01	  -2.2933988551042983e-01	  -1.8050817557979754e-01	   1.6938766503970348e-01	   1.5367977776313718e-01	   3.2995170293604359e-01	   5.8429544550054890e-01	   1.1114722019430121e-01	   2.9235918154426399e-01	   6.4758929089516670e-01	   7.3147760149295671e-01	   5.2205707959213732e-01	   4.9907625200391947e-01	   7.2853811293577680e-02	   2.5901715096537259e-01	   6.3482842765904945e-01	   5.8155755358741035e-01	   4.7377543106365316e-01	   5.3040708490238120e-01	   4.6422391443373301e-01	   5.5840880065797793e-01	   6.0198224349451879e-01	   5.9137162498537632e-01	   4.1033792572224109e-01	   1.1730275974639633e-01	   3.6590656001576422e-01	   3.3534174325846361e-01	   6.7312357909888410e-01	   6.0897771659885436e-01	   4.4096670901287560e-01	   5.4237397051718550e-01	   5.6447697518458240e-01	   2.4433311152365084e-01	   4.1247140236262902e-01	   4.5129974986940907e-01	   6.1221747358576684e-01	   6.0293402757316528e-01	   7.4142338896756521e-01	   6.6364616436800183e-01	   1.3572601228663803e-01	  -6.4964057666708722e-02	   1.2606038930685062e-01	  -5.4699845846482145e-02	   5.0666046856212921e-01	   4.5525874036383246e-01	   7.4693537693718504e-01	   6.5650473506803964e-01	   4.6617834301360328e-01	   3.7931550813633785e-01	   2.3032236476766954e-01	  -1.1609136378497105e-01	  -2.7303759038956676e-01	   1.4613661009309903e-01	  -1.1905041443989466e-01	  -1.5736893442020017e-01	   8.3341720788384491e-02	   2.1632921588784543e-01	   3.6263733159321543e-01	   4.2246941879833855e-01	   2.2072893824890011e-01	  -3.7255850066147245e-01	
   1.4660674156820611e-01	  -6.5955029962646683e-02	   6.7590872171507144e-01	   6.1868485664930772e-01	   0.0000000000000000e+00	   8.3210093074621017e-01	   6.8771532329783680e-01	   5.7585678083132841e-01	   8.3115910139811566e-01	   5.4442540418739016e-01	   5.7706460637382517e-01	   5.0459885301254814e-01	   5.7417999497762973e-01	   4.3749684025756597e-01	   7.5156326426685072e-01	   6.5208422408446465e-01	   2.1633194839904724e-01	  -3.3496772730824451e-02	   3.6235038863667368e-01	   1.8433227423660098e-01	   4.2676420171804813e-01	   5.6453367789106812e-01	   6.5462112836409203e-01	   6.7978527781424303e-01	   3.9439853742330466e-01	   4.5795780108501782e-01	   7.5962586106211560e-01	   7.3498820302388446e-01	   5.7739920812084067e-01	   5.5935673517879103e-01	   4.8487839596006865e-01	   4.8574605649923464e-01	   5.3495352188441092e-01	   5.6135249893108163e-01	   4.1000006608461786e-01	   3.6874690545820410e-01	   1.5043962347027384e-01	  -9.1133601078096871e-02	   3.4927158525784818e-01	   4.5417943699351510e-02	   8.9571908902838608e-03	  -1.3568262488854549e-01	   5.2813528719061598e-01	   5.0638661365052373e-01	   5.2626495096308068e-01	   4.0191910206039905e-01	   4.5426789938420764e-01	   4.0534098463705981e-01	   4.2564260201757259e-01	   2.3028516647255903e-01	   4.1798842983981854e-01	   1.9739529957846907e-01	   4.5929910793055084e-01	   3.8216402697046503e-01	   5.0992775870359841e-01	   3.5462735581093296e-01	  -2.0064439706529447e-01	  -1.5433728543118452e-01	   3.4469606542494691e-01	   1.2728135265095203e-01	   3.2762913308802033e-01	   5.0289011830207997e-01	  -6.3799469392142602e-03	   7.7642635054574111e-02	   6.4586056946133041e-01	   6.5331438188670510e-01	   5.2097303947730822e-01	   4.2351085404956956e-01	   6.3668805710257667e-02	   2.4529014003901889e-01	   4.8551793435091195e-01	   3.8527509295664919e-01	   4.5525351234001959e-01	   3.6380818930239622e-01	   4.3961079452650703e-01	   4.2979548944222645e-01	   6.0642215696736024e-01	   4.9900478916947044e-01	   4.0611934853319764e-01	   1.1899798853579940e-01	   3.6322502725867328e-01	   2.4594544505016919e-01	   7.1406547244776974e-01	   6.2562385958366518e-01	   4.4898502525875361e-01	   4.1419677795097354e-01	   6.9565705367038744e-01	   3.3756114335452814e-01	   4.9072257202786862e-01	   4.6361482152037137e-01	   5.0776541465391045e-01	   5.5968974612024869e-01	   5.9844441041606133e-01	   5.9519273353703095e-01	   2.2227119738265788e-01	   4.4932237441596974e-02	   2.1973010025833140e-01	   6.4456896969457292e-02	   4.7833891268175915e-01	   4.7349738175971756e-01	   6.6351473582801690e-01	   6.0544430913860481e-01	   4.5808285073617794e-01	   4.7239600278371030e-01	   3.1561406861723595e-01	  -7.7542603480206057e-02	  -6.3266210243575982e-02	   2.0021843815632160e-02	  -1.5581701473209347e-02	  -1.0031472201200266e-01	   1.6922104923894077e-01	   2.8213344262318285e-01	   3.4494115427677741e-01	   3.5368070100499827e-01	   2.7655102809922183e-01	  -3.2107266027580283e-01	
  -1.3916265639395282e-02	  -1.2041228777842741e-01	   5.9815569808777080e-01	   7.0340483959249545e-01	   8.3210093074621017e-01	   0.0000000000000000e+00	   6.7869264045562783e-01	   7.0494555308133422e-01	   8.4169755964129978e-01	   7.3323388003610546e-01	   4.6137209934683765e-01	   5.6523199292590809e-01	   4.8944219045083670e-01	   5.2061578820628451e-01	   7.3533876897601391e-01	   7.0257907952386955e-01	   2.5823353473184441e-01	   3.0842318235192942e-02	   2.2836139359317148e-01	   1.2191955307780959e-01	   3.3031444755174388e-01	   4.7697195383214697e-01	   5.7288831693860431e-01	   6.7746718099091607e-01	   3.5082760678839975e-01	   5.7375493988957471e-01	   6.3288509837722517e-01	   7.2155591993335855e-01	   6.1454767692642698e-01	   7.0928233067611712e-01	   5.6175725405055488e-01	   6.1507434699889119e-01	   5.4713551625566836e-01	   6.1429907504457870e-01	   1.8514932710472412e-01	   2.5323441656789475e-01	   4.5810570388247363e-03	  -1.8136199978847223e-01	   2.2263339735981974e-01	  -5.1131392691185232e-02	  -2.4833107606044069e-02	  -2.6390680663541283e-01	   4.5783281667308146e-01	   4.0301888241267070e-01	   4.1132298773334947e-01	   3.0087181585163814e-01	   4.0521402555084507e-01	   2.8089690266750905e-01	   1.8889717591321845e-01	   7.1483222727353843e-02	   1.9691157557977271e-01	   4.4905293633497018e-02	   2.8789918482253835e-01	   1.8856248701878425e-01	   3.5292625565951480e-01	   2.3160701145389667e-01	  -2.0546485661527530e-01	  -1.5223065563933924e-01	   1.4603127393784449e-01	   1.2280788063588388e-01	   2.6161660586300989e-01	   6.6658393668464733e-01	   9.7439105030685674e-02	   2.6185347601161235e-01	   4.5936239895268732e-01	   5.9495478021665082e-01	   3.3579745118978943e-01	   3.7110739303005524e-01	  -7.1788133678992963e-02	   1.9251301216215205e-01	   5.0282572751216636e-01	   3.9643272480807629e-01	   4.3703653629635925e-01	   3.7962930891389046e-01	   4.3764024296896753e-01	   4.7550407758053548e-01	   4.7064704796354012e-01	   4.6330847468550401e-01	   3.7589240035208210e-01	   3.2511641739617785e-02	   3.4237291249064883e-01	   2.9737415185996124e-01	   6.6766540652072692e-01	   5.6321004240626960e-01	   3.2016205993419583e-01	   4.1347391768763309e-01	   5.3644503377122332e-01	   2.1786749033414426e-01	   3.4049326323274165e-01	   3.5243274907658761e-01	   4.3079126979624227e-01	   4.1094504482683036e-01	   6.0708163007434268e-01	   5.1574635464197760e-01	   9.2491644765211323e-02	  -1.1188471187133459e-01	   5.3661495055827742e-02	  -6.6531238306626994e-02	   4.0954979994931739e-01	   3.3201369734095859e-01	   6.8077310617588616e-01	   5.5535507414545815e-01	   4.6487679858370995e-01	   3.6868636721950382e-01	   2.4615323751873286e-01	  -2.2949021647596135e-01	  -1.6894429737242067e-01	  -4.8604268911505849e-02	  -1.8768817537171251e-01	  -2.1262387584369410e-01	  -9.0914228073630775e-03	   1.0707366500703233e-01	   2.5287470071429269e-01	   2.9323009580749237e-01	   1.0731423302556903e-01	  -3.5285180269398619e-01	
   1.9895071208380960e-01	  -2.8614007524309575e-02	   8.7226234933959113e-01	   8.3007544286777324e-01	   6.8771532329783680e-01	   6.7869264045562783e-01	   0.0000000000000000e+00	   8.4442860121244967e-01	   8.2774236029434578e-01	   6.3981185704447752e-01	   7.8888039130071652e-01	   7.0691407048200627e-01	   7.6485855067455222e-01	   6.4986174208076286e-01	   7.9242987446704860e-01	   8.3120147794246568e-01	   3.3162866876783559e-01	  -2.6033052323348033e-02	   5.0558747534406501e-01	   2.8876654861280282e-01	   1.8716373399267922e-01	   2.4917586381675544e-01	   7.5388299817105175e-01	   7.9605750917660301e-01	   3.5123216663643203e-01	   5.4273449819362540e-01	   4.6298237260341213e-01	   4.8228511580954303e-01	   5.7083355038245398e-01	   5.8612365012698420e-01	   6.3403454438984630e-01	   7.1684500975102461e-01	   6.7540504606135787e-01	   6.4666122047094121e-01	   3.5447300153970485e-01	   3.4894100188887223e-01	  -1.5599596933108893e-02	  -1.8048851374988636e-01	   2.2022396905064595e-01	  -1.2680682732364412e-01	   3.7604969455504032e-02	  -1.1006402304674903e-01	   4.2748576646142161e-01	   4.0709367214137743e-01	   3.6516480434126741e-01	   3.1580724828396761e-01	   3.7875345816489114e-01	   2.8979333729502438e-01	   2.7352934379107896e-01	   1.5208086185253394e-01	   2.7059393337411752e-01	   1.9891085333621783e-01	   3.9716932579796266e-01	   1.8603583741172330e-01	   4.1788928205420517e-01	   3.0997119653264243e-01	  -3.1117050102999699e-01	  -2.3095318496647102e-01	   3.0053256103477688e-01	   1.3629487528843809e-01	   4.2918478667036103e-01	   5.7841399189029841e-01	   1.8405786845626099e-01	   2.9023575992959755e-01	   6.9435597956581430e-01	   7.2486287594486387e-01	   5.4867558549598128e-01	   4.9120254508625028e-01	   1.2002194127876463e-01	   2.5419158935194797e-01	   6.4386367315277071e-01	   5.9329188627481699e-01	   5.8943655401952610e-01	   6.3152939175367706e-01	   6.0284196556928737e-01	   5.9413915290170050e-01	   6.9966206890993576e-01	   5.9319408899849013e-01	   4.0741026538917957e-01	   1.0442744713151508e-01	   4.1270226232165230e-01	   2.9853871259614095e-01	   7.4877677800326370e-01	   6.1023440595856504e-01	   5.0616911393774155e-01	   5.5104692799381660e-01	   6.0992420437541117e-01	   2.3316610025356094e-01	   5.1940821060082165e-01	   5.0682401251375042e-01	   6.0250012345869264e-01	   6.6578040569461416e-01	   7.4179931670324994e-01	   7.6350040920650941e-01	   1.4729567912649383e-01	  -5.2907319926178760e-02	   1.9089481396232041e-01	  -7.3476251570608860e-03	   5.1889845515083644e-01	   5.7759424771126855e-01	   7.2451604429911087e-01	   7.1186512155950254e-01	   4.8724382807473127e-01	   4.5019782326917479e-01	   2.9563610962055276e-01	  -6.2802982705333771e-02	  -2.1402775958297338e-01	   7.2060190786537012e-02	  -2.1933046042746845e-02	  -1.3725398186720800e-01	   1.5856927439703242e-01	   2.9320381877138002e-01	   4.0873781408238691e-01	   4.1079220571133090e-01	   3.8128197988464196e-01	  -2.2260131013821449e-01	
   1.7324103334932142e-01	  -1.3792716209521078e-02	   7.0054638593625573e-01	   9.1388415390249556e-01	   5.7585678083132841e-01	   7.0494555308133422e-01	   8.4442860121244967e-01	   0.0000000000000000e+00	   7.2608024255667269e-01	   7.0610971574523063e-01	   6.8754908503070089e-01	   8.1251881155910155e-01	   6.5104973821909817e-01	   7.9286673900907045e-01	   6.8119586658795361e-01	   7.9541130497967671e-01	   2.9345177599528760e-01	   1.2797640018713563e-02	   4.3320066897400022e-01	   3.2641914557196539e-01	   5.6642393119485240e-02	   1.4225194093125246e-01	   6.7836058298646118e-01	   8.2742346517909060e-01	   2.8059992324926658e-01	   5.5961908681802219e-01	   3.5854192136025048e-01	   4.2106318272717208e-01	   5.3746994923012348e-01	   6.7277425436132088e-01	   6.1992698344879549e-01	   7.9189081061177657e-01	   5.4893150055763873e-01	   6.7434172839999995e-01	   2.1303767060424555e-01	   2.6579109598878142e-01	  -2.2195574819922562e-01	  -2.7855657407227441e-01	   4.4808177198670925e-02	  -2.7070763418506705e-01	  -1.1633293955724970e-01	  -2.0953674769537847e-01	   3.8181144098957159e-01	   3.9393817480666127e-01	   2.9593870578737264e-01	   2.9316299926599160e-01	   3.4484666385275375e-01	   1.9813440014040160e-01	   1.4611921640446013e-01	   8.2400679452870690e-02	   1.5785576998052453e-01	   9.5814573733141062e-02	   2.8334618312497623e-01	   8.7782916765060059e-02	   2.4622393889373520e-01	   1.6138026997653304e-01	  -2.8710548850881790e-01	  -2.1451946118226028e-01	   1.4228144197515130e-01	   1.3383282138646080e-01	   3.1050211707087882e-01	   7.3489109052515322e-01	   1.0703057000392777e-01	   3.7722499599492276e-01	   5.3398503809045694e-01	   7.3499613633812044e-01	   4.0292970610776102e-01	   4.4467720412195177e-01	   4.2610648195548261e-03	   1.8908647589758934e-01	   5.8909463624527247e-01	   5.4992214591267119e-01	   4.8696812735569039e-01	   5.1358302541237943e-01	   5.2473043141467912e-01	   5.2555314052601454e-01	   5.5809996744625023e-01	   5.3391888133598020e-01	   4.0097074612461281e-01	   1.0132331603603305e-01	   3.2968235134241231e-01	   3.4062679137520036e-01	   6.4203661822329405e-01	   5.4389194034300592e-01	   4.3815267354555454e-01	   5.5972403043847430e-01	   4.2815672953035488e-01	   1.3845067145036033e-01	   3.6751485573242215e-01	   3.8517465124037326e-01	   5.2968664002605692e-01	   4.6938695253913654e-01	   6.9662835594810213e-01	   5.6027783450220658e-01	   9.2036583828856725e-02	  -6.6180439295313698e-02	   7.3074228158668264e-02	  -1.2461104090971215e-01	   4.1072337667135994e-01	   3.8133538851911036e-01	   6.7397932223642187e-01	   5.3727043719202006e-01	   3.4793536998613495e-01	   2.5322980358896685e-01	   1.7084338455045575e-01	  -1.9312720956119603e-01	  -3.5340399335634687e-01	   7.1481495088123875e-02	  -1.5480905231746139e-01	  -1.7425748436052141e-01	  -8.7682347861883947e-02	   1.2751767791356405e-01	   3.0993410008638034e-01	   3.5848850335112425e-01	   2.0249521741887905e-01	  -3.1252268488769219e-01	
  -5.7454872957363092e-03	  -1.4554428182440332e-01	   7.3424558781302596e-01	   7.2373251598733201e-01	   8.3115910139811566e-01	   8.4169755964129978e-01	   8.2774236029434578e-01	   7.2608024255667269e-01	   0.0000000000000000e+00	   7.7295230882328614e-01	   6.8437642251836084e-01	   6.1024720196223237e-01	   6.4784401145410508e-01	   5.6872995400933568e-01	   8.7837362650719120e-01	   8.5496392941256882e-01	   2.7724836553433968e-01	  -1.3846823643168008e-01	   3.2193578439140080e-01	   1.6350045010171499e-01	   2.4124681343274995e-01	   3.3569352470815345e-01	   7.2588466163254162e-01	   8.0629644922791321e-01	   3.0544367288473173e-01	   5.5300340360755851e-01	   5.6097215019886637e-01	   6.1833807016456521e-01	   6.4436075490536071e-01	   6.4603885091439173e-01	   6.5714751711668706e-01	   7.0496973603460633e-01	   6.4543202197857419e-01	   6.2537158123125580e-01	   2.7222159988470096e-01	   2.6990854487646526e-01	  -3.3683594939091378e-02	  -1.7061987115488508e-01	   1.8401512679065654e-01	  -1.0214329468532085e-01	  -7.3098304795305089e-02	  -2.3215916527952069e-01	   4.4511168866307477e-01	   3.8433484262270623e-01	   3.4422011170128619e-01	   2.3020603939650111e-01	   3.7141343990464759e-01	   2.7948047249117214e-01	   2.2923780415376721e-01	   7.8414983336169919e-02	   2.1162454744019110e-01	   6.4852874620999812e-02	   3.4187479768366408e-01	   2.1168750873775921e-01	   3.5289282409355122e-01	   2.6835847242744826e-01	  -3.8200880012888960e-01	  -2.9089072480928435e-01	   1.9876998541870661e-01	  -2.3795125363504557e-03	   2.9727848267505558e-01	   5.9439644893819854e-01	   3.9975244073363780e-02	   1.2611922285795815e-01	   6.7861167190038230e-01	   6.9738222596947708e-01	   3.8057411436886096e-01	   2.9561377006457290e-01	   4.2739740425424125e-02	   2.2935291697554752e-01	   5.9737148373778803e-01	   5.5298809453086895e-01	   5.4429655777926378e-01	   5.3072312910313912e-01	   5.3816156516821323e-01	   5.7436562978759786e-01	   6.2713869438092007e-01	   5.4066470906358721e-01	   4.4135626426398433e-01	   1.2264085990279002e-03	   3.4819192860046411e-01	   2.3143254139939229e-01	   7.7861175235900459e-01	   6.2277894223510888e-01	   3.9769721005951070e-01	   4.3761848377174439e-01	   6.0682273328215564e-01	   2.1330188097679276e-01	   4.5577931427795082e-01	   4.5731809347574770e-01	   5.2088696128662582e-01	   6.1537960097430766e-01	   6.8431596143531315e-01	   6.6004192610847390e-01	   2.1291760232964255e-01	  -4.2219959609294505e-02	   1.1114779865494763e-01	  -6.5759371389030680e-02	   4.6815323590590890e-01	   4.9680020082601001e-01	   6.8490553738419668e-01	   6.3628108469141853e-01	   5.1290499960659153e-01	   4.2887144795208987e-01	   2.7908803270139210e-01	  -1.0685788908303459e-01	  -9.3844354474305697e-02	  -1.7505719694874307e-02	  -1.2149201235436932e-01	  -1.7543318193248195e-01	   7.1012139245655637e-02	   2.8006577153277673e-01	   3.8811089654435160e-01	   4.3685416350965028e-01	   3.1779557004221470e-01	  -2.5903288510567035e-01	
  -2.1863524946234500e-01	  -1.4676444318106016e-01	   5.0463524342104527e-01	   5.8774610742890565e-01	   5.4442540418739016e-01	   7.3323388003610546e-01	   6.3981185704447752e-01	   7.0610971574523063e-01	   7.7295230882328614e-01	   0.0000000000000000e+00	   5.1906758152637988e-01	   6.2766221806955103e-01	   5.2867928887969462e-01	   6.5118530649305972e-01	   6.9895177774349682e-01	   7.6314330118659468e-01	   2.8950359200745723e-01	  -5.3632017265950897e-02	   7.7219721364336219e-02	   1.5093547923252525e-02	   1.8069087176859389e-01	   2.7210232009945712e-01	   5.3519372362190154e-01	   6.7258541775598601e-01	   2.5507045504391507e-01	   6.4535846161600063e-01	   3.8978913522928427e-01	   4.3980354776089781e-01	   5.4432498118692485e-01	   6.4297908979158969e-01	   6.1435971957348656e-01	   7.1236374492889765e-01	   5.4032150196779971e-01	   5.7943839148520548e-01	   4.8947463887828349e-02	   1.6841911990428010e-01	  -1.3010324933161906e-02	  -1.4046483301731227e-01	   1.2902194108012915e-01	  -7.4972474379177312e-02	   1.0109576066327416e-02	  -1.2900104967640638e-01	   3.0923873809681368e-01	   2.7930339520385883e-01	   2.1512282181661962e-01	   1.8832844477876950e-01	   2.5449511071585867e-01	   1.0905878971259815e-01	   2.4486535914362201e-02	  -3.0784706605290934e-02	   9.5657365667176173e-03	   2.1993052217005937e-02	   1.6996708987709147e-01	   5.7251851023557537e-02	   2.0587420679299295e-01	   1.3026383230131425e-01	  -4.0683105352088633e-01	  -2.5077185985486872e-01	  -5.5327445377708083e-02	  -9.9774152537163041e-02	   6.0053877368967244e-02	   6.5016015806387228e-01	  -1.5972992385112093e-02	   2.3450861501692788e-01	   3.4341852796749639e-01	   5.5236563498898583e-01	   1.2727145628272143e-01	   1.9443980558611354e-01	  -7.5501963700958574e-02	   9.9711482561475606e-02	   5.0510463056187693e-01	   5.4371629002089283e-01	   4.9212266812032418e-01	   4.6459921112662150e-01	   5.2702743931284401e-01	   4.9871777392452499e-01	   4.4933057180094743e-01	   4.1805744663686140e-01	   3.4570647505960717e-01	  -2.4886921467531173e-02	   2.4403368330328182e-01	   2.7087388389775147e-01	   6.1113787501862804e-01	   4.6020480291829197e-01	   3.1981629775456755e-01	   3.7857935354179495e-01	   3.7472719016465461e-01	   7.5278851953009859e-02	   3.2853095555153583e-01	   3.2731404647470330e-01	   3.5482887059852447e-01	   3.6460389726362907e-01	   5.9665350085985702e-01	   4.5456252867839597e-01	   1.2290024315611339e-01	  -5.0975373179637330e-02	  -4.7184851969656518e-03	  -9.8048199036044670e-02	   3.3991310083119120e-01	   3.1973114452954132e-01	   5.5981531429845599e-01	   4.2144568651057462e-01	   4.1134763142249370e-01	   3.1674480618813416e-01	   2.7607395344888447e-01	  -8.5478894705014255e-02	  -2.5487635555608390e-01	  -7.5567120433910756e-02	  -1.2698831203082281e-01	  -1.3159398059576480e-01	  -1.4722462907323675e-01	   1.5497031264443481e-01	   3.3883127742829833e-01	   4.1760838875857625e-01	   3.4293808575287082e-01	  -2.0567173177747583e-01	
   3.7612278358410067e-01	   1.1932262071639768e-01	   7.1743586085542022e-01	   6.7701407487204579e-01	   5.7706460637382517e-01	   4.6137209934683765e-01	   7.8888039130071652e-01	   6.8754908503070089e-01	   6.8437642251836084e-01	   5.1906758152637988e-01	   0.0000000000000000e+00	   7.9180410966364034e-01	   8.8287194070647135e-01	   7.6247033296386491e-01	   6.8179988984191020e-01	   7.6944913661882897e-01	   3.0905011300471613e-01	  -5.5943789602691515e-02	   6.6610088950340840e-01	   4.1002686434138735e-01	   1.1305901109741551e-01	   1.7544610241013844e-01	   7.1680798357196107e-01	   7.0242374915050054e-01	   2.0299014131613596e-01	   2.9630757439385147e-01	   4.0373308130788221e-01	   2.8828671547073681e-01	   4.1074405846525663e-01	   4.3251814926400678e-01	   4.3863907861000206e-01	   5.4019715801300128e-01	   4.3742344984354986e-01	   4.3255381687062627e-01	   2.3056055632866027e-01	   1.6969830553917872e-01	  -8.0497451549432358e-02	  -2.6476063238422820e-01	   1.4022864529456922e-01	  -1.7994669648073464e-01	  -9.2583875498509841e-02	  -7.7022118389029767e-02	   3.2001780140222735e-01	   3.7060861839427028e-01	   2.3160429596680404e-01	   2.2261737794133973e-01	   2.8164384365929596e-01	   2.3305429034291020e-01	   3.0827154524409406e-01	   1.9164092074011319e-01	   3.1212019185172857e-01	   2.5081102509678910e-01	   4.4759220351783635e-01	   2.2801385870170171e-01	   3.5445589923153731e-01	   2.9444082074810507e-01	  -2.5759825870867936e-01	  -2.1549125450831291e-01	   3.5172436747089553e-01	   1.2086185786382296e-01	   4.2196455568287744e-01	   3.3547837434717087e-01	   8.6194577009363713e-02	   1.9103639924182825e-01	   6.2661024074139382e-01	   5.6595973735565497e-01	   4.1436986192378694e-01	   2.5809562156885735e-01	   2.0334895475382442e-01	   2.5481379071795623e-01	   5.1804012050866699e-01	   5.6310224784739760e-01	   5.4823734735345853e-01	   5.3616585364635405e-01	   5.7800713853405705e-01	   5.6259702677147183e-01	   5.8570064483406004e-01	   5.3032564042182861e-01	   3.4150887911372857e-01	   1.5412849369097559e-01	   3.9927173418706519e-01	   3.6541791149850872e-01	   7.0292011561453460e-01	   5.6745255415114570e-01	   6.3881048047407307e-01	   6.0366192958492959e-01	   5.9677211390942997e-01	   2.5606386081139432e-01	   5.2504265826640961e-01	   4.9577033054195996e-01	   5.4755108244682194e-01	   6.4796496489040867e-01	   6.2138560506803264e-01	   6.7966499545934334e-01	   2.8029332396564871e-01	   3.9460478364484672e-02	   2.4446099310385944e-01	   7.3728570194224019e-02	   4.4950220177255606e-01	   5.8385101367706815e-01	   6.4133808033851791e-01	   6.2867445175598169e-01	   3.4939791219274963e-01	   3.5753638942130794e-01	   2.1992855420108756e-01	  -5.7352583117800546e-02	  -1.5589257370648235e-01	   1.3527236739955081e-01	   3.3509438892948863e-03	  -3.6133838338668074e-02	   8.0048681068390956e-02	   3.1276586334933387e-01	   4.4087956645094301e-01	   4.8331882132598125e-01	   4.4427626835879691e-01	  -1.8914002927880538e-01	
   3.6026935762627982e-01	   2.8763502832221188e-01	   6.0781078853561143e-01	   7.2246147750308831e-01	   5.0459885301254814e-01	   5.6523199292590809e-01	   7.0691407048200627e-01	   8.1251881155910155e-01	   6.1024720196223237e-01	   6.2766221806955103e-01	   7.9180410966364034e-01	   0.0000000000000000e+00	   8.0925538871437419e-01	   9.2852531746781497e-01	   5.9003365778102546e-01	   7.0528840822494665e-01	   5.0731223346774368e-01	   2.4812348547287238e-01	   5.9526036664810689e-01	   4.7641211685591750e-01	   2.1572466311651517e-01	   2.6798792820626521e-01	   5.9109525419505848e-01	   6.8189615198105269e-01	   2.4208476027729980e-01	   4.1690050283892721e-01	   4.1332983259462069e-01	   3.2392432511874975e-01	   5.5952263499051091e-01	   6.7847940672350382e-01	   4.4827806352895583e-01	   6.1863969279092790e-01	   5.4241554680324744e-01	   6.7599659065783024e-01	   1.7262199028802699e-01	   2.5495805412663181e-01	  -3.6461227006208623e-02	  -2.1434977857037590e-01	   2.3339808177190763e-01	  -1.3114209150342790e-01	  -8.5563486054547732e-03	  -6.0486297778239349e-02	   3.8737470436687171e-01	   4.3354099826893544e-01	   3.1925691567784514e-01	   3.7810527067938893e-01	   3.6478441490533164e-01	   2.1143595354968223e-01	   2.9508156748448333e-01	   2.6902933967399023e-01	   3.2447901303601040e-01	   3.2528971304433507e-01	   4.1688807391831523e-01	   1.6922218705321104e-01	   3.7256389377949067e-01	   2.8628377146236739e-01	  -5.2599278935208424e-02	  -2.9463365967101682e-02	   2.4743072244520137e-01	   2.5260911155438287e-01	   3.8037916919813508e-01	   6.0424968295991477e-01	   1.6644355616788264e-01	   5.0470325049503550e-01	   4.5637669456960611e-01	   6.1010965704611742e-01	   3.4515811627916404e-01	   3.7697438190674115e-01	   1.8946765117939512e-01	   3.0188563551909420e-01	   4.9874412242202848e-01	   5.1538794221848083e-01	   5.9974855918072134e-01	   5.9185985615014092e-01	   6.3324636809133161e-01	   6.1229112506039463e-01	   5.2389051163282541e-01	   5.0079699293518576e-01	   4.7928964268722685e-01	   3.1159004145406444e-01	   4.9961537020027302e-01	   6.0440733447251227e-01	   6.8367517203369066e-01	   6.0421696114047463e-01	   7.0569898768553696e-01	   7.0339384525328075e-01	   5.0988235769494894e-01	   2.5044742857546204e-01	   4.8120645192945155e-01	   4.3215744557863811e-01	   4.7985353705438882e-01	   3.8459695587896403e-01	   5.6807752254800969e-01	   4.7289004063002099e-01	   1.6077107130202911e-01	  -1.1563449110902001e-01	   2.2156818349390067e-01	   4.8526692816497331e-02	   3.8755448658866753e-01	   4.4689824930753097e-01	   6.1858553279928219e-01	   4.9439627349989546e-01	   2.8946700629251709e-01	   2.5412322995420855e-01	   1.1666912466858799e-01	  -2.5248795770943711e-01	  -2.7436686813976285e-01	   1.9581305106292995e-01	  -1.7304559066418526e-01	  -9.6730352953891180e-02	  -5.5505627858073073e-02	   1.1882640721758539e-01	   3.3490941349661374e-01	   3.5459341174816106e-01	   2.6741351352471698e-01	  -1.6468951296632206e-01	
   3.7569259035848046e-01	   2.0305609678913228e-01	   6.6432666721799438e-01	   5.8632598008495951e-01	   5.7417999497762973e-01	   4.8944219045083670e-01	   7.6485855067455222e-01	   6.5104973821909817e-01	   6.4784401145410508e-01	   5.2867928887969462e-01	   8.8287194070647135e-01	   8.0925538871437419e-01	   0.0000000000000000e+00	   7.7411537249223594e-01	   6.3748006287137438e-01	   6.9929985352434687e-01	   4.4569275429696553e-01	   9.7745397823515878e-02	   5.9724509047535879e-01	   4.0802388512354615e-01	   2.3169990048200989e-01	   2.8770155889942073e-01	   5.8435749940139681e-01	   5.7622351081079026e-01	   1.6666089871439571e-01	   2.9204782119784767e-01	   4.1926563833303676e-01	   3.2360882420726905e-01	   4.7363539936994087e-01	   4.9086535945074916e-01	   3.8634753334370558e-01	   4.9807196839338663e-01	   5.3299114625683508e-01	   5.4373538780003949e-01	   2.2649098289222944e-01	   2.1630483259847280e-01	   8.6447186873599480e-02	  -2.0271107044959652e-01	   3.0499509658094731e-01	  -5.5219549520326990e-02	   9.5136390282959726e-02	   8.4315136334277788e-03	   3.5153758107022165e-01	   3.7878686188576038e-01	   3.0843557761482088e-01	   3.5260335686092514e-01	   3.1164310356970448e-01	   2.4261294608889744e-01	   3.8144702963552457e-01	   2.7288519457145044e-01	   3.9137290777220990e-01	   3.2791080584594368e-01	   5.0013075403150509e-01	   2.1577629958459404e-01	   4.8835590531233597e-01	   3.9277276876049178e-01	  -1.0088312601986449e-01	  -3.6119157895906549e-02	   5.1701439226025547e-01	   2.8692912560510520e-01	   5.9342834221218443e-01	   4.6353032137971972e-01	   2.6394359104114717e-01	   3.9907912779135074e-01	   5.2680117739728716e-01	   5.5671335294091862e-01	   5.1133056142870248e-01	   4.2229660237592503e-01	   2.9868811857007571e-01	   3.5721154736197908e-01	   4.8455172509941935e-01	   4.6928507224800825e-01	   5.8773150370857419e-01	   5.8152851444409637e-01	   6.2436546702700468e-01	   6.4029057694467606e-01	   5.7188865327487104e-01	   4.7977204866025813e-01	   4.4615487941145415e-01	   2.4462478127206733e-01	   5.4616385256738731e-01	   4.9175263193400964e-01	   6.5160669815228478e-01	   5.6416779156811447e-01	   7.2320364748900545e-01	   6.7054077760270869e-01	   5.7078707826342334e-01	   2.8669723575041117e-01	   6.3282809522024863e-01	   5.2247846555811750e-01	   4.9012350527745896e-01	   5.0609007081272073e-01	   5.3778859701332404e-01	   5.6575040930301879e-01	   2.4087839139187620e-01	  -5.3813650376056919e-02	   2.8751993947447557e-01	   1.2365925835870847e-01	   4.0671362707716635e-01	   5.4502000028196940e-01	   5.7421303455848194e-01	   5.5465016515137566e-01	   3.2263741858954309e-01	   3.8061067890364092e-01	   1.9932360686395117e-01	  -1.5209645629985835e-01	  -1.3576660620943196e-01	   1.7762760514639103e-01	  -5.5138786233325188e-02	  -1.0382629124361835e-01	   6.9168077474464629e-02	   2.3465456489384767e-01	   3.6329871584440654e-01	   4.4789726055861923e-01	   4.1242163400022624e-01	  -1.7488672955359658e-01	
