   0.0000000000000000e+00	   6.8061171837018197e-01	   6.4110038489348675e-01	   5.3823718415830957e-01	   3.7016723894684284e-01	   3.1253198865244991e-01	   6.4817226345831835e-01	   5.0163376132325976e-01	   4.8355625257663504e-01	   3.6077727452707908e-01	   5.5835976542970567e-01	   6.8766371183452091e-01	   5.4909242559867233e-01	   6.3805119652821041e-01	   3.1888676751786660e-01	   4.2583901627161985e-01	   1.1896388483258105e-01	   5.5699366951322671e-01	   7.2443081828340683e-01	   7.1933771681104264e-01	   3.0639096085499562e-01	   2.4434996200407624e-01	   5.6638457869142111e-01	   4.5423695986322010e-01	   2.8897429089924775e-01	   2.8320368529302664e-01	   3.6173433488824569e-01	   2.7362184340254109e-01	   1.0506161129832764e-01	   4.5367875833946003e-01	   3.5052433579520903e-01	   2.8142445529272081e-01	   6.8973708588478411e-01	   6.6237064726295358e-01	   5.9972048483685414e-01	   4.1965368236260858e-01	   2.7540909195236174e-01	   1.0730266759429126e-01	   3.5411452329534460e-01	   3.4934908875021753e-01	   3.4998052754517800e-01	   2.2089883532338705e-01	   4.5353247765680149e-01	   3.7170169669662251e-01	   4.8532499818496366e-01	   4.8693475407015174e-01	   3.8588658604572967e-01	   4.1156056078303493e-01	   4.3516771489078865e-01	   4.1882215249561416e-01	   3.5312607789039796e-01	   3.0803029392687470e-01	   2.8169778883414667e-02	   2.9173608649482158e-01	   1.6920070141535701e-01	   5.1842752311734608e-01	   7.8508793513549291e-01	   6.9740721440258557e-01	   5.7024737081634891e-01	   5.4516244609735431e-01	   5.0651653454974743e-01	   6.0422318730325397e-01	   5.4852162367830593e-01	   4.5217183977213998e-01	   4.5746742775657373e-01	   5.5934100439922019e-01	   5.2082512858127150e-01	   4.8960026674134705e-01	   4.1443455059510581e-01	   3.7665420261212806e-01	   3.7522288626323758e-01	   4.2700944804545449e-01	   1.2680958931307568e-01	   6.7327789850089803e-01	   2.8837367607689374e-01	   6.3080699590057454e-01	   4.6013474278237387e-01	   5.5372492886779656e-01	   2.1609783243684702e-01	   4.3400235581709967e-01	   3.4186072194917128e-01	   6.2825255232834620e-01	   1.6445099291911369e-01	   4.2446796142676280e-01	   2.2835323180465389e-01	   3.0538837239307887e-01	   1.7749764740834348e-01	   9.2256868671805145e-02	   4.0981594986784264e-01	   4.9281213796518175e-01	   2.0500839885038641e-01	   1.7950478088207505e-01	   2.0029532875247621e-01	   2.8792681742397908e-01	   2.9296633632812685e-01	   1.9085808401470641e-02	   2.4977037160272347e-01	   3.0119521210906020e-01	   2.8262037888787150e-01	   3.8835712790806198e-01	   2.7844555038276764e-01	   3.2889778201585268e-01	   2.9252120562165274e-01	   3.1964229520442455e-01	   3.4773001604401366e-01	   3.5612451603304685e-01	   5.6123574939135300e-02	   1.8399848631981436e-01	   2.9046243617151224e-01	   1.0680088636416609e-02	   3.1655704873826152e-01	   3.5686780051896483e-01	   3.1253214713674887e-01	   3.4241335171109349e-01	   1.8214634034511171e-01	   1.1741017364471289e-01	
   6.8061171837018197e-01	   0.0000000000000000e+00	   6.8424421457209328e-01	   6.9842238093455300e-01	   3.9349624180333076e-01	   3.8852439376003978e-01	   6.6485165988801265e-01	   7.3038250100345681e-01	   6.0999412397765629e-01	   4.9653982382468537e-01	   4.8061486207651671e-01	   7.3591110528778370e-01	   6.5253588585307853e-01	   6.5145337121165270e-01	   5.2040546042426050e-01	   5.0637768802595140e-01	   2.3887090771159386e-01	   4.9520857889250347e-01	   7.8604915609066883e-01	   7.8939696223996614e-01	   1.1686209811000182e-01	   1.1152663087747696e-02	   6.4069156561357188e-01	   6.5033979655276120e-01	   2.8719667661670117e-01	   3.5853090869392557e-01	   3.0590099748732441e-01	   2.8898289921768733e-01	   4.1838566165387719e-01	   5.2676417053534386e-01	   4.0439769282968668e-01	   4.0211270618084455e-01	   6.4710111706713969e-01	   7.3319650822677263e-01	   5.2862698622623516e-01	   5.2177093374558237e-01	   4.7199441024159072e-01	  -1.7751228868050462e-02	   3.4782993374677562e-01	   3.0263704205014674e-01	   4.2059942966411318e-01	   1.8195880973287978e-01	   4.6841115715801179e-01	   3.6915924502082786e-01	   5.0539501233496231e-01	   4.8942139719038841e-01	   3.9804376585379764e-01	   4.9219984155696239e-01	   4.1410691950987200e-01	   4.3379148346855501e-01	   3.1991488860826878e-01	   4.5526449088040433e-01	   1.1962838647727481e-01	   3.5129813037235613e-01	   2.0751867482812705e-01	   5.9185691469538093e-01	   6.2295205513825258e-01	   7.8929725808866058e-01	   4.9121191929672642e-01	   5.7990293191165532e-01	   5.5171534326015692e-01	   5.7115340923779623e-01	   5.8083122370656204e-01	   5.4680012460267369e-01	   3.9412374425979424e-01	   5.1844264741760648e-01	   4.6883059746426980e-01	   5.0780988125466942e-01	   3.9495983848994370e-01	   2.9752405238093405e-01	   4.1878654681095551e-01	   3.9578864716504758e-01	   5.0905643630143693e-01	   5.7247044810238734e-01	   5.4889030848256348e-01	   4.9213542434068897e-01	   5.0245260165734040e-01	   7.2129199240167785e-01	   3.4422000342087655e-01	   6.1289556186803462e-01	   5.9072198627880468e-01	   6.4992879632868794e-01	   3.3804182742623490e-01	   5.2357572105049277e-01	   5.2389288545841872e-01	   5.4057709697846601e-01	   2.6597500185410805e-01	   2.6945211292820576e-01	   4.5456196100809765e-01	   5.2122645082921681e-01	   2.7320967967285820e-01	   1.4190713780701558e-01	   2.2805441070552376e-01	   1.6667185501893517e-01	   1.7227804617382708e-01	   1.3508280592139488e-01	   2.4420400269263096e-01	   4.5203591921147174e-01	   3.9854112973994854e-01	   5.2079617519904775e-01	   2.9175118046001602e-01	   2.2892013463402228e-01	   2.6425772794094921e-01	   2.3991856096850320e-01	   2.9954623795637692e-01	   2.9234322185113487e-01	   9.5000569345750949e-02	   1.7767692694318432e-01	   2.6875071758127889e-01	   7.8641039057932460e-02	   4.6512580475198806e-01	   4.6022882267034931e-01	   4.2384916269429351e-01	   5.0447956701052132e-01	   4.0123089012353969e-01	   3.2978424349781549e-01	
   6.4110038489348675e-01	   6.8424421457209328e-01	   0.0000000000000000e+00	   8.0183062165470176e-01	   7.0988196912932300e-01	   6.1562585304218909e-01	   9.3103344862711213e-01	   7.6213439699414032e-01	   8.2850884104967415e-01	   6.8963959651407925e-01	   7.0810956140779568e-01	   5.2545618114990300e-01	   8.7144845131308557e-01	   7.6359723759281661e-01	   8.1935424491826780e-01	   6.8573214653743508e-01	   2.9908503903885642e-01	   3.4354954970880619e-01	   8.0138190963330636e-01	   7.0192195717269257e-01	   5.3012679950869468e-01	   3.9206943493595581e-01	   8.4417349359911031e-01	   6.1525376277209698e-01	   6.9231432670053950e-01	   6.4816718395166617e-01	   5.9489025706828580e-01	   4.8500721493566012e-01	   4.5900354489889794e-01	   3.6848521468502859e-01	   7.0863311943917617e-01	   6.1311448300868276e-01	   8.3809507283552476e-01	   7.6787841010084545e-01	   6.2727725168040127e-01	   6.1956553290678884e-01	   5.0277590491684221e-01	   3.2168086407378454e-01	   5.6228019866191581e-01	   6.3571249973285926e-01	   6.0261469197628093e-01	   3.8135063346802389e-01	   5.4041046680240801e-01	   4.0851947834463920e-01	   4.8973693145623393e-01	   4.5261861331008069e-01	   5.3695312865890832e-01	   5.7624837820852437e-01	   3.3891659033002819e-01	   4.3795277165974977e-01	   4.5577613636195835e-01	   5.9417704450875286e-01	   3.4802982512287772e-01	   5.2944070874367299e-01	   4.3751756573496736e-01	   6.3180315701288059e-01	   5.9214026963966704e-01	   6.9164872754631646e-01	   7.2086992971890262e-01	   6.8923241381788536e-01	   7.7905073949803383e-01	   6.8175875042552136e-01	   5.9265522474892407e-01	   5.4283698427307725e-01	   5.5334979613180701e-01	   7.8056516753560068e-01	   7.5089230820095576e-01	   6.3833525741603969e-01	   6.9942822211597422e-01	   6.4755444946819651e-01	   6.3308929748955967e-01	   5.6002230538307074e-01	   5.6733985198619818e-01	   5.0513533043968029e-01	   5.4616303424010715e-01	   4.6364631338256562e-01	   5.9423213721653889e-01	   6.4446724116720999e-01	   4.6932945315897201e-01	   4.2913907749489716e-01	   7.2300915302776092e-01	   5.7234134562089178e-01	   6.1267010792285692e-01	   6.8621350955349780e-01	   6.2437660660646543e-01	   5.6678235058175996e-01	   4.1993690788985294e-01	   3.8790954815193440e-01	   7.5895236794128418e-01	   7.2427670940452238e-01	   5.5793098989040513e-01	   5.0999995419121791e-01	   4.3303315462639702e-01	   5.1936069765252124e-01	   3.5772924796733713e-01	   2.1068818606104955e-01	   4.6472329955277636e-01	   5.1863943818378111e-01	   5.8263122962406888e-01	   6.7975220569887607e-01	   4.6726365380811108e-01	   5.8209454530302651e-01	   5.1566745647148005e-01	   4.5341723047701449e-01	   3.5852451560631654e-01	   3.6096803939492789e-01	   2.7232388773508376e-01	   5.2415655456735877e-01	   3.1366696825129070e-01	   1.0005023547789962e-01	   5.0239321913615331e-01	   5.5738678663528440e-01	   5.3643294723091750e-01	   5.6254424597173402e-01	   3.9639090952666306e-01	   2.1337547551740282e-01	
   5.3823718415830957e-01	   6.9842238093455300e-01	   8.0183062165470176e-01	   0.0000000000000000e+00	   4.6987967535496944e-01	   6.8302896335633645e-01	   8.0839346281587154e-01	   9.2932937489020118e-01	   6.6708601756501895e-01	   7.8573302227631669e-01	   5.1189705006848951e-01	   5.9678581481837090e-01	   7.3212880500536048e-01	   7.6861873390445723e-01	   6.6006190709203771e-01	   7.0789957040177232e-01	   1.7597418998260878e-01	   3.3315843151000235e-01	   7.7600790988627422e-01	   7.8087382918144255e-01	   3.1799968872980500e-01	   2.5624421501162098e-01	   7.2044063509990819e-01	   8.3289463174789091e-01	   4.8830734587577163e-01	   6.2461145869333612e-01	   4.4327923224732207e-01	   4.4825413621179366e-01	   3.5721552856259464e-01	   3.8577424457727938e-01	   6.6072404897754833e-01	   6.4394189430514370e-01	   8.0061282397769540e-01	   8.1994776570294814e-01	   4.7979643794418991e-01	   5.9337275045055760e-01	   4.5664383184906898e-01	   2.4808000393450991e-01	   4.6861944845860570e-01	   5.3987081054236885e-01	   5.0868305381876011e-01	   2.3460195968637831e-01	   3.4417279858637129e-01	   2.1295525180036734e-01	   3.9008820257537546e-01	   3.1562345603244291e-01	   3.1462504714649564e-01	   4.2677986025769959e-01	   3.3103404735689557e-01	   3.2832867169684427e-01	   3.7675246104562332e-01	   4.4579702385835618e-01	   2.9488492985738962e-01	   4.6051171405866065e-01	   2.6604769644138082e-01	   5.9548053809780699e-01	   5.2551923071529127e-01	   5.9252981877988142e-01	   6.0982445382707562e-01	   6.4554986729917396e-01	   7.1066783793421529e-01	   6.7631308825740100e-01	   5.4172696901368989e-01	   5.3402577573666821e-01	   4.2659824462667029e-01	   7.8006546957827982e-01	   6.3219199218147859e-01	   6.7075701618215966e-01	   6.7888384600649687e-01	   6.8419343826157308e-01	   5.7611692577897411e-01	   4.6328778942888366e-01	   5.0658080506216530e-01	   5.7237365934525775e-01	   5.7136240460550869e-01	   5.1004257262716801e-01	   4.2390170241028269e-01	   6.6762617235892230e-01	   3.1457709806941297e-01	   4.1918283119258792e-01	   6.1048385700520058e-01	   5.9047606693781740e-01	   4.9680554581578396e-01	   6.2343280033561388e-01	   4.6500356268539067e-01	   6.3173006496233519e-01	   2.7742012538354338e-01	   4.3239617924019424e-01	   6.3507573889218683e-01	   7.8638956111594449e-01	   5.7935678597712614e-01	   4.3939902723376267e-01	   5.2880876185457515e-01	   4.0706221888852911e-01	   1.6001512326839074e-01	   1.0262147801710657e-01	   2.4578807505648018e-01	   4.3468986272415366e-01	   4.6101178974966045e-01	   5.5740236134046262e-01	   4.3343039214773060e-01	   4.8482517599438790e-01	   4.4975115872259297e-01	   3.9839559105700617e-01	   3.2239694183135648e-01	   2.0545370908759003e-01	   2.3785194693565362e-01	   3.5098020177283817e-01	   1.6461974973390542e-01	   2.5625293919963023e-02	   4.1674622353117741e-01	   3.6722787096646314e-01	   4.8318134449834782e-01	   5.0764112180433207e-01	   3.8088152189225377e-01	   2.1289008632259834e-01	
   3.7016723894684284e-01	   3.9349624180333076e-01	   7.0988196912932300e-01	   4.6987967535496944e-01	   0.0000000000000000e+00	   6.9769382057991347e-01	   6.3877802426628350e-01	   4.5262406224617241e-01	   8.0061495005297001e-01	   5.8558884416413681e-01	   4.7406323364277847e-01	   1.5556106624586402e-01	   5.8085128939767727e-01	   4.1557854617037926e-01	   6.5448788751852383e-01	   5.3692759881413132e-01	   1.4592008734563963e-01	   2.0062657524859401e-01	   4.1022147454788027e-01	   3.2592947286589152e-01	   6.2486891968188862e-01	   5.9603774120111686e-01	   6.5374980089772183e-01	   2.9576882212464778e-01	   8.0329556360690135e-01	   7.1410803887666452e-01	   7.9630211237055737e-01	   6.7495124153079100e-01	   2.4854142962763554e-01	   2.1532788725571755e-01	   5.3858172408700655e-01	   3.9768190486964650e-01	   4.7959182089591340e-01	   3.4029253137139531e-01	   4.9772803493290818e-01	   4.6891811944136724e-01	   4.2912906866502681e-01	   2.8125547639992371e-01	   4.4956674027303734e-01	   4.6511973280438418e-01	   3.7013791011251079e-01	   3.2155490599448378e-01	   6.1215024084018110e-01	   5.3106238623316671e-01	   4.7069779013372126e-01	   4.6724613648854874e-01	   6.1090006647809081e-01	   6.3658633829006606e-01	   4.0556526845672369e-01	   5.2933719393659850e-01	   4.6878759882559579e-01	   6.6482301399503008e-01	   4.9744417234766475e-01	   6.2697333399881605e-01	   4.9695025127992354e-01	   5.2261631629087635e-01	   4.8109316470409869e-01	   4.9005953785905998e-01	   6.1393090858826038e-01	   5.2114028046487149e-01	   5.3586312968818661e-01	   3.9232131822435429e-01	   3.0515972894239063e-01	   2.1965739368761081e-01	   4.6883992500629190e-01	   4.8454699452123318e-01	   6.1364035463490274e-01	   4.7846900563734573e-01	   4.9300185016099329e-01	   5.1768515891448974e-01	   5.8326946246344080e-01	   5.7504092247336636e-01	   3.9285438215083912e-01	   2.9141013868280874e-01	   3.8476496701800444e-01	   3.0626646811648872e-01	   4.4290235710940873e-01	   3.9649008173345124e-01	   3.0408204843675846e-01	   3.6541158571918059e-01	   5.0799235979165180e-01	   3.5759141535344341e-01	   5.6930769388429336e-01	   5.6202627159658181e-01	   4.8041848029706724e-01	   3.6890476352729495e-01	   4.4169644397943220e-01	   3.5583357810188632e-01	   6.3679243609220104e-01	   5.5432849392029437e-01	   5.4129766458680051e-01	   5.6926214633226735e-01	   4.2779383547025779e-01	   5.6024769583506218e-01	   3.2522755546345128e-01	   2.6279681645343839e-01	   5.1744008624571802e-01	   5.3502201607642808e-01	   6.5303596754596760e-01	   6.8687206718859128e-01	   5.2901626285764203e-01	   5.4448599568491696e-01	   6.1014888764149577e-01	   4.6870422600681744e-01	   4.2741369851218636e-01	   4.3086649565138008e-01	   3.9932348644771132e-01	   6.1324220950463992e-01	   1.9111585089403491e-01	   4.5117312594377790e-02	   4.3807974536883043e-01	   6.1433398627876645e-01	   6.0811113629207758e-01	   4.8961394888317611e-01	   4.5410221960874175e-01	   2.0290489007856891e-01	
   3.1253198865244991e-01	   3.8852439376003978e-01	   6.1562585304218909e-01	   6.8302896335633645e-01	   6.9769382057991347e-01	   0.0000000000000000e+00	   6.7627672164476960e-01	   7.0859822494989788e-01	   6.6645597036146476e-01	   8.5882040095140511e-01	   3.3573539537530950e-01	   2.7859375436068928e-01	   5.5526202524766632e-01	   5.2813949698252793e-01	   5.9005018787707386e-01	   6.8465447213435748e-01	   1.1521074454070582e-01	   1.2765690427470411e-01	   4.4837444455222258e-01	   4.2906868528594272e-01	   4.8680441276924413e-01	   4.5087987525117446e-01	   5.6419959713955670e-01	   5.3430503083178571e-01	   6.3257023689204894e-01	   7.2128792480509896e-01	   6.1320820716135960e-01	   5.8648228098522748e-01	   3.0894471764618336e-01	   2.6899452073928076e-01	   6.5147314707353909e-01	   5.7339903658180802e-01	   5.4388824262808266e-01	   4.4672034746798517e-01	   2.7647582247227254e-01	   4.1338793949242292e-01	   3.5877367955089540e-01	   4.0231376558255105e-01	   3.9918807697586078e-01	   4.9617987980648404e-01	   3.2435067020075153e-01	   2.7687020503686099e-01	   4.1114510179469249e-01	   2.6584035587818489e-01	   3.3001041242947798e-01	   2.5868634961857673e-01	   4.3830217085612444e-01	   4.7354791540438446e-01	   3.1474854894163040e-01	   3.0480359189282563e-01	   4.1060670337866417e-01	   4.6186682841466453e-01	   5.7724207349947132e-01	   6.3896477492512682e-01	   4.4283731461564846e-01	   4.6823155915233494e-01	   4.0361409505482826e-01	   3.3765595442395813e-01	   5.2825675018792861e-01	   4.7246596075979330e-01	   5.7619217763686581e-01	   4.8698055689669784e-01	   2.7933234463351397e-01	   2.1837338199908807e-01	   4.1461262652068287e-01	   4.9106942541477716e-01	   5.6839444459390531e-01	   5.0994587261600688e-01	   4.5440691231614339e-01	   6.1764026383731163e-01	   6.3563277818957253e-01	   4.7707779365577163e-01	   4.3654304927566873e-01	   2.8790616802382185e-01	   4.1156226533677559e-01	   2.6149213451172615e-01	   3.3044517667200635e-01	   3.9260421611669927e-01	   2.6967434665797491e-01	   3.6033711718690331e-01	   4.7665472720763280e-01	   3.4009059135664677e-01	   5.4336498809768152e-01	   6.0315920810376844e-01	   3.6363308696725533e-01	   3.6774709568716563e-01	   2.9175982274622214e-01	   4.7765522409143735e-01	   5.4038340152866204e-01	   6.2319633529732588e-01	   6.7318829972076644e-01	   6.5097043006617483e-01	   6.3204560939503096e-01	   5.9320372480807271e-01	   1.9003346194145013e-01	   2.1526854912809673e-01	   3.8880938589083852e-01	   4.6858588664681833e-01	   6.2241628945112215e-01	   6.4451192091101250e-01	   5.2677510372573133e-01	   5.9826565171938184e-01	   5.8529037280242002e-01	   4.5269427502606069e-01	   3.6252593668042532e-01	   2.2618839639919722e-01	   4.1398771140845919e-01	   5.0743809194530687e-01	   1.3288389612096074e-01	   6.7899853108813843e-02	   3.6165531704645815e-01	   4.4545761766579617e-01	   5.9608371550383477e-01	   4.0720138405746598e-01	   3.5937592873935803e-01	   1.3918655345077929e-01	
   6.4817226345831835e-01	   6.6485165988801265e-01	   9.3103344862711213e-01	   8.0839346281587154e-01	   6.3877802426628350e-01	   6.7627672164476960e-01	   0.0000000000000000e+00	   8.3109578620374447e-01	   7.8682433800088236e-01	   7.3891825869583583e-01	   6.1681529213779895e-01	   5.8476250032156707e-01	   8.0127106092537159e-01	   7.7532423224093616e-01	   7.3945825593214654e-01	   6.7390935780219552e-01	   2.4585951111891499e-01	   3.5735374330429315e-01	   7.6547513187308058e-01	   6.9401005931446802e-01	   4.5846092068709821e-01	   3.4021151267693728e-01	   8.0796583803347688e-01	   6.7594376588279292e-01	   6.0608109023086998e-01	   6.1364266547559865e-01	   4.7954255248454081e-01	   3.9418393840471294e-01	   4.4504371201813719e-01	   3.8339064970075371e-01	   7.4378109280596194e-01	   6.6860186702545699e-01	   8.6548255885242864e-01	   7.9999302420280749e-01	   5.8604862246087852e-01	   6.3865080479206005e-01	   4.2083502533849204e-01	   3.0953310075505613e-01	   4.8145281189590855e-01	   5.9688777635373558e-01	   5.1760578488665154e-01	   2.8601353277219377e-01	   4.8919232055639050e-01	   3.6612073138045909e-01	   4.9621314350207146e-01	   4.3738606467691188e-01	   4.8842232705651156e-01	   5.4373078689784138e-01	   3.3770818141340336e-01	   3.7749001933715898e-01	   4.3813606157852736e-01	   4.7333473962940681e-01	   3.4094131360865937e-01	   4.7956675847342889e-01	   3.9129400226723049e-01	   5.6838140187092578e-01	   5.0910097276761579e-01	   6.0817518348920496e-01	   6.4989499588040645e-01	   6.1224913542302206e-01	   7.5695555171290696e-01	   6.7153223311588039e-01	   5.8094216713347335e-01	   4.7426049331824138e-01	   6.6015754146786843e-01	   7.7638403729446526e-01	   7.5750488788404380e-01	   6.8769073464020836e-01	   6.3960034209686034e-01	   5.8458837574228872e-01	   6.1370339503347504e-01	   5.1289542023750434e-01	   5.2736830057514517e-01	   4.7239581942043241e-01	   5.2001862070043470e-01	   4.7666351400411422e-01	   5.3860224144421620e-01	   6.0524516543560314e-01	   4.1176060660660763e-01	   4.7185937540785461e-01	   6.5782411249695405e-01	   5.8992977486661835e-01	   5.3601366102174475e-01	   5.9822854865031549e-01	   5.4149190456735674e-01	   5.6280957293503908e-01	   3.4021354251412356e-01	   3.7710295101067343e-01	   6.8039712189636059e-01	   6.6947231243728711e-01	   5.0821426040725992e-01	   4.4914069122826239e-01	   4.0953758236849302e-01	   4.7312104742591277e-01	   3.9326404666357601e-01	   1.7968921829939977e-01	   4.6455080451090025e-01	   4.7884478645208783e-01	   5.3929508886592326e-01	   6.2440410067561958e-01	   4.1404308477892504e-01	   5.3795813417477378e-01	   4.5245902371259161e-01	   3.9352286607236908e-01	   3.5282798469668070e-01	   2.9990921048834629e-01	   2.3605885470243831e-01	   4.4444101994943347e-01	   3.9510566859737761e-01	   1.2798456641549516e-01	   4.3018763768329005e-01	   5.2513388311923803e-01	   5.1515179237219222e-01	   5.0940945401068394e-01	   3.6740148173886666e-01	   2.3338521720859640e-01	
   5.0163376132325976e-01	   7.3038250100345681e-01	   7.6213439699414032e-01	   9.2932937489020118e-01	   4.5262406224617241e-01	   7.0859822494989788e-01	   8.3109578620374447e-01	   0.0000000000000000e+00	   6.5841497124430837e-01	   8.1396200404246599e-01	   4.9153648086199975e-01	   6.2442094271139670e-01	   7.4976394379062883e-01	   7.9369507873451028e-01	   6.8837020720253972e-01	   7.1635974650841483e-01	   2.3701011675693748e-01	   3.0134936479447960e-01	   7.3319644722568333e-01	   7.2109016417050120e-01	   2.2197426879855153e-01	   1.7507040259255846e-01	   7.0336811770630103e-01	   8.3167882932936776e-01	   4.2155017618524926e-01	   5.5906696943979672e-01	   3.3557894555471574e-01	   3.7769205045202348e-01	   4.8226738324519269e-01	   3.9108970727170755e-01	   6.8753033398436070e-01	   6.9813696943322434e-01	   7.8012505093550777e-01	   8.1788967591684902e-01	   3.9100921224649410e-01	   5.8586572620091248e-01	   4.1668916272470874e-01	   1.8341673021012439e-01	   3.7901979886252829e-01	   4.7737042887566228e-01	   4.5108177390615634e-01	   1.6741379776231607e-01	   3.0552040287924370e-01	   1.7865589194686976e-01	   3.5675887320744726e-01	   2.7366771248088823e-01	   3.1086537816614546e-01	   4.0110019100671723e-01	   2.3392394830334551e-01	   2.3163295610949791e-01	   2.4284376945243405e-01	   3.4242636942157678e-01	   3.0010377786251802e-01	   3.7096138510901772e-01	   2.7158491239082261e-01	   4.9720010701892603e-01	   4.6561420653269064e-01	   5.8230877376781043e-01	   5.1028627069206578e-01	   5.6427010607162786e-01	   6.8781564809660589e-01	   6.7361775687816050e-01	   4.9180386645497165e-01	   5.2133168064797020e-01	   4.3685292410876475e-01	   7.5352937123338970e-01	   5.7624058190836314e-01	   6.2528474034861270e-01	   5.5311666773144652e-01	   5.5336263180247092e-01	   5.9678363549269697e-01	   4.6094838820042827e-01	   6.1683127888757328e-01	   4.8918280979446044e-01	   6.5054334753835108e-01	   4.6464082381640592e-01	   4.5070973962426214e-01	   6.3711794836402702e-01	   4.0180209341085560e-01	   4.7063342947563458e-01	   6.3985244114885331e-01	   5.2554435049808590e-01	   5.1641779447274594e-01	   5.8329986217851659e-01	   4.7949311076860379e-01	   5.9498582117888144e-01	   2.6520235368162881e-01	   4.2142977866263037e-01	   5.6675114329617537e-01	   6.6818014842667695e-01	   4.8793976121097937e-01	   3.4086298109581792e-01	   4.3278473057237093e-01	   3.0847167668941400e-01	   1.4157104713940200e-01	   8.4160434867425443e-02	   2.6295463545758052e-01	   3.9892727792139715e-01	   4.4384411589906225e-01	   5.0606635277332179e-01	   3.5792589496035621e-01	   3.9224390679950349e-01	   3.5937751074179236e-01	   2.8172431494830841e-01	   2.5190749217899033e-01	   1.1691544980489962e-01	   1.7398793679801475e-01	   2.8305825255854122e-01	   1.7925608833160828e-01	   1.1285195903985593e-02	   3.6461650587870875e-01	   3.5621249327020249e-01	   4.0295846544556529e-01	   4.3856891610055337e-01	   3.4207355646852000e-01	   1.9644332919030832e-01	
   4.8355625257663504e-01	   6.0999412397765629e-01	   8.2850884104967415e-01	   6.6708601756501895e-01	   8.0061495005297001e-01	   6.6645597036146476e-01	   7.8682433800088236e-01	   6.5841497124430837e-01	   0.0000000000000000e+00	   7.4774168378356887e-01	   6.2140637647799857e-01	   4.6453622996347688e-01	   7.2454849352642992e-01	   6.0600259183947358e-01	   7.3359427139116717e-01	   6.5293952278355483e-01	   2.7441913746361513e-01	   3.4059879994071507e-01	   6.2861449782374712e-01	   5.5524291192668729e-01	   4.1552651680973685e-01	   3.5471840919545150e-01	   7.3912143526946272e-01	   5.3938343422196744e-01	   6.3082672790467598e-01	   6.0869847201357241e-01	   5.3255423826104553e-01	   5.0493994958770450e-01	   4.3772104521289928e-01	   4.2511150671612247e-01	   6.2523363814025323e-01	   5.7201242258037266e-01	   6.3057509131894462e-01	   5.8284909232005178e-01	   5.1189350545919987e-01	   5.4797879728218368e-01	   5.2889135327848602e-01	   2.9212783084770177e-01	   5.1439898050012389e-01	   5.2299333199903542e-01	   5.1201767011935906e-01	   3.9823565518352055e-01	   6.1929404005083244e-01	   5.1348117514060887e-01	   5.6471721359744942e-01	   5.4048854820953718e-01	   5.4989128405634269e-01	   6.3125972144598141e-01	   4.4804159559815915e-01	   5.4505777006722933e-01	   5.5987315324176679e-01	   6.8480332734390470e-01	   3.9893523753933069e-01	   6.7166924836423103e-01	   3.9482706780552701e-01	   6.7875240128070990e-01	   4.4044825815144267e-01	   5.4793481902399888e-01	   6.4123085126824264e-01	   6.3238282353890574e-01	   6.6822647211782038e-01	   5.7976813556628537e-01	   5.0785128910726285e-01	   4.0801175776645338e-01	   5.8352293645909425e-01	   5.8780470731009460e-01	   6.8726728478821919e-01	   5.8371512971515616e-01	   5.4987582530482848e-01	   5.6668717894205090e-01	   5.8802951700663941e-01	   5.1752869624326758e-01	   5.4792387956465705e-01	   4.8411708984385571e-01	   4.8673892022737764e-01	   4.2122423419850830e-01	   4.8427930646221518e-01	   5.6715223265138603e-01	   4.1073577859036470e-01	   4.5199871157459665e-01	   6.9212651271037562e-01	   5.6590130499230085e-01	   6.0475823473539503e-01	   6.8769254426292759e-01	   6.0590528284389078e-01	   5.7562227084210837e-01	   3.4776455979717669e-01	   3.2623895367118250e-01	   6.8693981853719310e-01	   6.9866541627213696e-01	   5.7156381932673106e-01	   5.3816131277653900e-01	   4.8045664993442816e-01	   5.1617795295661062e-01	   1.7674465708103326e-01	   1.5432625075782611e-01	   3.2068414292481384e-01	   4.7399785946939277e-01	   5.4189874915789105e-01	   6.6994997522576671e-01	   4.7953469952175742e-01	   5.2109603343246014e-01	   5.3309345664730357e-01	   4.1523231597999610e-01	   3.3432433206459905e-01	   3.3517438226350549e-01	   2.8184564178894927e-01	   4.7656588200152289e-01	   1.2691883277707944e-01	   1.7949658417971193e-02	   4.2269499890768536e-01	   4.9884840057435659e-01	   5.7406260182162683e-01	   5.1497569243171859e-01	   4.0717366668986521e-01	   1.6974729462046168e-01	
   3.6077727452707908e-01	   4.9653982382468537e-01	   6.8963959651407925e-01	   7.8573302227631669e-01	   5.8558884416413681e-01	   8.5882040095140511e-01	   7.3891825869583583e-01	   8.1396200404246599e-01	   7.4774168378356887e-01	   0.0000000000000000e+00	   4.5923117605396047e-01	   4.7644388353952288e-01	   6.6328393522569862e-01	   6.9826679585527951e-01	   6.7690473931322115e-01	   7.4625599723252201e-01	   1.7901384176964447e-01	   2.5088172895117988e-01	   5.5014496600274820e-01	   5.3386923706016121e-01	   2.9591615490397477e-01	   2.9226983479314961e-01	   5.9707135249596899e-01	   6.3966386348545989e-01	   5.4028222511329793e-01	   6.4828792375218935e-01	   4.5270328298481410e-01	   4.3656866749056988e-01	   4.1989462954864537e-01	   3.8082311170749045e-01	   7.0304923736524039e-01	   6.7644010840622038e-01	   6.4169241276285538e-01	   5.9711587396162846e-01	   2.2846980686479848e-01	   3.7438612782773173e-01	   4.7523618088981973e-01	   3.4928678002222302e-01	   4.2433359866329723e-01	   5.2807000444552754e-01	   4.9313220854645207e-01	   3.8181148326950909e-01	   3.1726425006581854e-01	   1.8313047649595782e-01	   2.6687613694300544e-01	   1.8234659881644860e-01	   2.8467456983771938e-01	   3.8259061740946820e-01	   2.2351961615160693e-01	   2.2897498340804598e-01	   3.3786457994854624e-01	   4.1885746376721167e-01	   3.9710678209033529e-01	   5.5499615080518327e-01	   2.8551706983354475e-01	   5.1478307551841263e-01	   3.7965621886814072e-01	   4.3092075180033124e-01	   5.2092434896860373e-01	   5.3301595249916200e-01	   6.1973981463991334e-01	   5.7853958363974800e-01	   3.9000594450136467e-01	   3.7053062760529037e-01	   4.2397310826075191e-01	   6.0292751889159635e-01	   5.4402562018102341e-01	   4.8014864295843773e-01	   5.5837230536748161e-01	   6.6277929846661165e-01	   6.8471415953125381e-01	   4.9638458007383135e-01	   5.2109073482847701e-01	   4.4235938088636462e-01	   4.8556480992865625e-01	   3.8862251163526840e-01	   3.7097099167666669e-01	   5.2344165867436376e-01	   3.4676478508431491e-01	   4.1469960257848221e-01	   6.0429547426770536e-01	   4.5012624344486341e-01	   6.1532241037991364e-01	   6.5121434317057003e-01	   4.1993173652675547e-01	   4.8955844661032022e-01	   3.0332525076841965e-01	   4.1499350681908131e-01	   6.0510679535103407e-01	   7.0828261599235431e-01	   6.0928154543660273e-01	   5.4565772255781186e-01	   5.9732207843584018e-01	   5.0094860717868706e-01	   5.9808092851643166e-02	   1.2503381397310051e-01	   1.8751791214630159e-01	   3.7511738563064978e-01	   4.3405474099809516e-01	   5.4490375643059552e-01	   4.1629060894460379e-01	   5.4498162273597794e-01	   4.7818945732276441e-01	   3.5669951762569474e-01	   2.3894399463635460e-01	   1.4818697350369042e-01	   2.5525145209344213e-01	   3.4238241438915662e-01	   2.1369351757925446e-02	  -4.7275495849407913e-02	   2.9241499762464329e-01	   2.7141693909667225e-01	   4.8538814370840633e-01	   3.7659213699430916e-01	   2.6707259921521287e-01	   5.0643981870013684e-02	
   5.5835976542970567e-01	   4.8061486207651671e-01	   7.0810956140779568e-01	   5.1189705006848951e-01	   4.7406323364277847e-01	   3.3573539537530950e-01	   6.1681529213779895e-01	   4.9153648086199975e-01	   6.2140637647799857e-01	   4.5923117605396047e-01	   0.0000000000000000e+00	   5.4312754148462428e-01	   8.4071311949426830e-01	   7.2094012010079045e-01	   6.3656792391743666e-01	   5.5798519400917934e-01	   5.6930602272450437e-01	   3.9527203042688741e-01	   6.5688056841998899e-01	   5.4780753981199504e-01	   2.9778026502357224e-01	   1.9427871066375760e-01	   5.5214148167435906e-01	   3.2012234972227804e-01	   3.6051149254347703e-01	   2.6558710527085483e-01	   3.2881258023152515e-01	   2.9274307612316952e-01	   5.7607277222754960e-01	   4.8436112106288193e-01	   5.2985864770490831e-01	   5.0166262012128948e-01	   5.6310680222402987e-01	   5.6832454188281445e-01	   3.5559168657613716e-01	   2.3387850231739896e-01	   3.3351675373249101e-01	   2.5043331176891614e-01	   4.2357400254945021e-01	   5.3923385646901711e-01	   5.3735584722563079e-01	   4.8479739900466590e-01	   2.8072367334792747e-01	   2.2202205664177610e-01	   2.1814456815292882e-01	   2.5362793829662661e-01	   2.6204611467421063e-01	   2.6868856837375021e-01	   1.3010540242679222e-01	   2.2076605998616572e-01	   1.9212185829086054e-01	   3.2876535021313874e-01	   8.7940700744419301e-02	   2.3221590731604635e-01	   3.1616436410036419e-01	   3.5842138668238155e-01	   4.2642347057036567e-01	   5.3531344332815833e-01	   5.2607280877423346e-01	   5.2882714567173650e-01	   6.9841156394736481e-01	   6.7360525045943609e-01	   6.9659857746991638e-01	   6.9423715068019953e-01	   2.1263966149946090e-01	   5.0942968612534889e-01	   4.2675535921910651e-01	   2.7021557342308411e-01	   3.5441993457623827e-01	   3.5859214435626513e-01	   3.9162576060707033e-01	   4.1452421405294071e-01	   4.3153356027693590e-01	   3.8706951312827548e-01	   3.9648030747933671e-01	   2.9166876858001267e-01	   4.0690997146627417e-01	   4.5483198479118792e-01	   6.2368511917958758e-01	   3.8013017097262292e-01	   6.8756669728002262e-01	   4.2429256548133371e-01	   4.9358816945050665e-01	   6.3577308848103664e-01	   5.0946867098321458e-01	   2.4758396023790830e-01	   3.2156100157899525e-01	   1.2503968226060586e-01	   5.7211896065720147e-01	   4.9692654781271350e-01	   2.3104397990077025e-01	   2.1750549685204895e-01	   1.4996932049171435e-01	   2.9151804554397431e-01	   2.3220421006918723e-01	   1.4390731394928985e-01	   2.1363962359560990e-01	   2.4561849460254290e-01	   3.1732364648962441e-01	   3.0280187853499696e-01	   1.7492917719184811e-01	   3.7465206449148558e-01	   2.5127071595109074e-01	   2.5715632170676167e-01	   1.0381734351737891e-01	   1.9715925097282933e-01	   9.2281566688687436e-02	   2.7801972619776938e-01	   1.5871636680860038e-01	  -1.0953999150321092e-01	   1.1377714658842054e-01	   2.6796006765525959e-01	   2.6761130552848184e-01	   3.4744065923288064e-01	   1.0998816119076818e-01	   6.7351977879674341e-02	
   6.8766371183452091e-01	   7.3591110528778370e-01	   5.2545618114990300e-01	   5.9678581481837090e-01	   1.5556106624586402e-01	   2.7859375436068928e-01	   5.8476250032156707e-01	   6.2442094271139670e-01	   4.6453622996347688e-01	   4.7644388353952288e-01	   5.4312754148462428e-01	   0.0000000000000000e+00	   5.9989466195806040e-01	   7.7803308282075889e-01	   3.3853092588251499e-01	   5.0491090321003029e-01	   1.6610788683122443e-01	   6.6654336727540731e-01	   7.0169897352869071e-01	   7.4843121748188590e-01	   6.1147698777300544e-04	  -4.8382838957767377e-02	   4.8088612304518558e-01	   6.1449244625645039e-01	   6.8252471665661299e-02	   1.4962337555258781e-01	   9.7291768523526473e-02	   7.0561420291568824e-02	   3.2406205263646615e-01	   7.4169849748834071e-01	   3.3159298988629710e-01	   3.7963705798949898e-01	   5.7579724785312103e-01	   6.9714694812988176e-01	   3.7897695095817202e-01	   3.6704483538368199e-01	   3.4668032998480414e-01	   6.9202474499379718e-02	   3.4482544337997301e-01	   3.2787316055908083e-01	   3.8020903691998376e-01	   3.0741610932621122e-01	   2.9216826569514120e-01	   2.5076894827902474e-01	   3.9225057024110477e-01	   4.0050383855331806e-01	   1.9879406228551572e-01	   3.1108907616915782e-01	   3.4543852644350048e-01	   2.9650809918181587e-01	   2.8037130192591941e-01	   2.2086186572631394e-01	  -7.6706664672087588e-02	   1.7758846420087310e-01	   8.0073331547220489e-02	   4.7100012663649032e-01	   4.4939886130130369e-01	   4.9473345121226248e-01	   4.4675839550625801e-01	   4.9388312893739866e-01	   5.3978660496475594e-01	   6.2552863474732812e-01	   7.4885324722303714e-01	   6.0800415844362621e-01	   3.9030653346281491e-01	   4.8262819440873778e-01	   3.9145398490962763e-01	   4.2800756763866032e-01	   3.1920034636816458e-01	   2.3796843205144019e-01	   3.1470219139018485e-01	   3.4001813724607260e-01	   3.0631997533659283e-01	   6.6806744433256071e-01	   3.7576474884399708e-01	   5.4236035291784757e-01	   2.5203894518758740e-01	   6.7365937606333637e-01	   2.1013240517705450e-01	   6.2810419029029640e-01	   4.4602452582100072e-01	   7.0962637566142961e-01	   2.3158206014198449e-01	   4.7445624733888869e-01	   2.7423332574978238e-01	   4.3332795535865143e-01	   9.3204312434173500e-02	   1.3768735013847286e-01	   3.3974189122648890e-01	   4.9735451064076208e-01	   1.6464203594420285e-01	   3.0430767338187233e-02	   2.0141986278279195e-01	   1.2520616916651628e-01	   5.7494698131854254e-02	  -7.9768585596190350e-02	   5.0194325171394405e-03	   1.6886108446656262e-01	   1.7326825832570311e-01	   2.4852737331714750e-01	   1.0892026234341204e-01	   1.7838074262839537e-01	   1.2667074605429551e-01	   1.3734878061339029e-01	   1.1632943036613506e-01	   1.1852342720110706e-01	  -1.2275362410167120e-01	  -5.1670339693635117e-02	   1.1048046289004440e-01	  -7.5133099033133588e-02	   1.8773798732888797e-01	   1.8899320166160100e-01	   2.4756992149735879e-01	   2.9620791015226888e-01	   9.6913173976707179e-02	   6.4769236135659214e-02	
   5.4909242559867233e-01	   6.5253588585307853e-01	   8.7144845131308557e-01	   7.3212880500536048e-01	   5.8085128939767727e-01	   5.5526202524766632e-01	   8.0127106092537159e-01	   7.4976394379062883e-01	   7.2454849352642992e-01	   6.6328393522569862e-01	   8.4071311949426830e-01	   5.9989466195806040e-01	   0.0000000000000000e+00	   8.7104301061398215e-01	   8.5142239523405294e-01	   7.7427725442139139e-01	   4.5438257184009673e-01	   3.2677154738726277e-01	   7.4892978811389588e-01	   6.6368579439025299e-01	   4.1773969963398561e-01	   2.8946356614333452e-01	   7.2026863809281738e-01	   5.6764013701475180e-01	   5.3500169215395554e-01	   5.0466800025798175e-01	   4.9302506051273076e-01	   4.1930142397215192e-01	   6.5216049006071175e-01	   4.7696279229555155e-01	   6.9032741701459688e-01	   6.5012256801801360e-01	   7.1148037120618590e-01	   7.2004973636377445e-01	   4.0136282178618687e-01	   4.1815528669282842e-01	   5.1693711333768277e-01	   3.1001713697556993e-01	   5.3355703597089210e-01	   6.2409260485315943e-01	   6.1063787162875238e-01	   4.3765053017607153e-01	   3.5680334242754141e-01	   2.7822079147473355e-01	   3.0005085456261454e-01	   3.0835187793602020e-01	   3.9450196676847793e-01	   4.3606917525690092e-01	   1.5800346432744022e-01	   2.8953069473301302e-01	   2.1955776477061537e-01	   4.5120070918973509e-01	   2.4036111709970728e-01	   3.2652434991923390e-01	   4.6502546522053689e-01	   5.0953152614117259e-01	   5.0915422744692207e-01	   6.4865854001230205e-01	   5.9254038886815752e-01	   6.3460429577092303e-01	   8.0543211785934821e-01	   7.6975925846373516e-01	   6.2816504698234965e-01	   7.3775887301337395e-01	   2.9811509483048509e-01	   6.9138149110979130e-01	   5.0945628026285217e-01	   3.9431950605671739e-01	   5.1522653878591429e-01	   4.8469387877503300e-01	   5.8678188265283437e-01	   5.1936296890775535e-01	   6.0931918467450108e-01	   4.2062444435408308e-01	   5.8728013268211587e-01	   3.8378260632727035e-01	   5.2654409869922625e-01	   5.9327871594079939e-01	   6.4009245986188934e-01	   4.2457299402793824e-01	   7.8664217621726917e-01	   4.7365232546041769e-01	   6.4027184074663435e-01	   7.4966807206460429e-01	   5.9771495538059138e-01	   4.6499847808912559e-01	   4.4152358718426032e-01	   3.9337364048844564e-01	   7.1195958303754625e-01	   6.6730021507024917e-01	   4.0641543536275448e-01	   3.4314007500936600e-01	   3.2397071552670120e-01	   3.7522148799186994e-01	   2.3843934238727360e-01	   1.7169243810366203e-01	   3.8558191903834960e-01	   4.5265891509649214e-01	   5.0830184211403728e-01	   5.3194656145120800e-01	   3.4511781751615056e-01	   4.8309744244492736e-01	   3.8677892171534489e-01	   3.4835853397192063e-01	   2.0416468634570398e-01	   2.1608289511195072e-01	   1.6277220549172641e-01	   3.8111501388051006e-01	   1.9512648230204355e-01	  -7.4804436606265125e-03	   2.8921327589329415e-01	   4.4303705723379738e-01	   3.9540037189573318e-01	   4.8897960205841673e-01	   2.8950549743826393e-01	   1.4110992462922142e-01	
