   0.0000000000000000e+00	   5.1360868729401865e-01	   4.5629143856793752e-01	   3.2708519236009498e-01	   3.8303447446341854e-01	   3.8856037579928371e-01	   6.4262849513817333e-01	   5.1980398337374178e-01	   3.1358629491227918e-01	   3.8620406299286952e-01	   7.3336511553412986e-01	   5.9633911593657785e-01	   6.5319257367182237e-01	   5.3213340696970068e-01	   1.3528161021259713e-01	   1.9664034580344292e-01	   2.8162449107063309e-01	   2.9622240424792606e-01	   4.5548841111063204e-01	   3.8209488782192358e-01	   5.6594080074513206e-02	  -5.3945949527456055e-03	  -1.5344246576455972e-01	  -8.9694513260786563e-02	  -1.0367319007068890e-01	  -1.3625614619205384e-01	   5.6560421790652335e-02	   2.0323478784805220e-02	   2.9922119877703846e-01	   1.7372484596573590e-01	  -2.3932228833648403e-01	  -1.3563277331076240e-01	   3.9674338323846814e-01	   2.9704493637064172e-01	   2.0602413613434001e-01	   1.0824189438372600e-01	   7.8657511867542773e-02	   3.0159421389762581e-01	   1.6057759747624131e-02	   2.0780421567924495e-01	   6.2625480221642521e-02	   5.3013925407162155e-02	   4.0430226684134218e-01	   3.2401479977678116e-01	   2.2089289609477672e-01	   2.4381888506515453e-01	   5.0175589529758313e-01	   4.0305872663441866e-01	   2.4373122156681387e-01	   1.5742366662020449e-01	   3.2249115962840114e-01	   2.0241929232533989e-01	   4.9318145823745929e-01	   5.4986501161185064e-01	   3.6926051724162690e-01	   3.4949964539688422e-01	   6.2795836676724348e-01	   4.6545920207940500e-01	   3.8284806536643834e-01	   2.8176737569628629e-01	   6.2762210150140385e-01	   5.8274472895075924e-01	   2.5064593262623647e-01	   3.8854028848583982e-01	   2.9351179080137418e-01	   2.4663648885657058e-01	   2.5277962363725598e-01	   2.3862023457870923e-01	   5.3931139226515018e-02	   1.9603617069913135e-01	   3.3473634842429384e-01	   2.4000793133388679e-01	   3.6315685053366009e-01	   3.3361299384407328e-01	   4.5247366643900472e-01	   2.8365509661292287e-01	   6.7253413875928691e-01	   5.3021876435610082e-01	   4.8977164057901562e-02	   3.7209424945682090e-01	   9.8354644844896658e-02	   4.3213197275682269e-01	   3.4057465502798992e-02	   9.5098444121622994e-02	   1.4174743618054142e-01	   1.4786132423155213e-01	  -1.7552321523520728e-01	  -2.7761100164339574e-02	   2.5380600465623515e-01	   4.2929201888719098e-01	   5.2566251546664156e-01	   4.8659365816028777e-01	   3.1564140513310002e-01	   5.1308244446684470e-01	   1.6196254458118711e-01	   9.4920709497128136e-02	   4.0249155935947234e-01	   3.7266410805936040e-01	   4.0492037750172721e-01	   3.8720600556943074e-01	   3.2610790925340311e-01	   6.0500456494577581e-01	   2.6555832754210118e-01	   5.6557077426063240e-01	   8.0387772084001149e-02	   9.9984926597779411e-02	   1.7238283992892353e-01	   1.5807201413979649e-01	   2.9348439493984799e-03	   3.4123710391298079e-01	   4.1269130704915524e-01	   3.9437079734414549e-01	   4.3306810194239614e-01	   3.1823946904724121e-01	   2.4449172462068158e-01	  -2.4034472296688078e-01	
   5.1360868729401865e-01	   0.0000000000000000e+00	   6.3937716846429307e-02	  -1.7999685309083486e-02	  -5.5920597900586351e-02	  -9.7622044290963772e-02	   4.1005945748277692e-02	   2.9109702720091089e-02	  -7.0881715051784602e-02	  -5.9424071049481095e-02	   4.1638474816128146e-01	   4.4286376072850508e-01	   9.1934493078918669e-02	   1.4925745794597770e-01	  -3.1881939506036627e-02	  -1.5660018396724176e-01	   2.0773709683381092e-01	   4.0524020157813778e-01	   4.5333011642941062e-01	   4.3618487002776518e-01	  -1.5863908220325335e-01	  -5.2877734849972061e-02	  -1.0549702884649795e-01	  -2.4235447774272878e-01	   1.1231208190461534e-01	  -9.7246475110132319e-02	   1.6316218333009218e-02	  -8.7176209905253904e-02	   2.8859529730435145e-03	  -4.6710813044422463e-03	  -1.7948020115913596e-01	  -2.1464768638707310e-01	   2.8897565231147260e-01	   2.3258816089178042e-01	   2.2752918598285130e-01	   2.3032292268861942e-01	   4.0985298779428847e-01	   4.1739600069036337e-01	   1.6603388087040943e-01	   3.7700504492350884e-01	   1.3392140189152095e-02	   9.9048969032219769e-02	   3.3050485554992987e-01	   3.7336738772630207e-01	   1.7412966701621674e-01	   2.4426543153874741e-01	   4.4245346866242891e-01	   4.8417334892453179e-01	   2.9208208435596450e-01	   3.1813174938115579e-01	   4.4655610124609280e-01	   5.1446960932286923e-01	   5.4791831656045709e-01	   5.2454892077673776e-01	   4.7096045248486396e-01	   6.2899930301471840e-01	   5.9157862096971969e-01	   7.3165047159444030e-01	   3.4463973861229680e-01	   3.5756097049505770e-01	   1.5468643695715797e-01	   6.5672419386514497e-02	   1.6735193145767557e-01	   3.1315436798681384e-01	  -4.7114044889910778e-02	  -7.6645426327430571e-02	   2.6782821220756992e-01	   2.7888702403990562e-01	   3.6455001702174028e-01	   2.8704836248981491e-01	   3.6733286898421497e-01	  -3.2364029112131334e-02	   3.0437066855115064e-01	   2.9278358378162528e-01	   2.0809486807737609e-01	   1.4059169872771765e-01	   5.0686538825863181e-01	   5.4302621894243808e-01	   9.2616703152231070e-02	   2.7785401891542416e-01	   8.3061057994957110e-02	   2.2416974504431500e-01	   2.0037318107636016e-03	  -2.1573191150856305e-02	   2.5045198504283972e-01	   9.6318311337398890e-02	   1.2054649703757697e-01	  -1.2164690465105329e-01	   1.5268928895489425e-01	   4.1277854244824463e-01	   3.7705582197155396e-01	   3.4808998278851516e-01	   1.2178448269594980e-01	   2.7050000100304217e-01	   1.9408979582475250e-01	   6.8144872921704167e-02	   4.8500776959964675e-01	   5.5446274150969566e-01	   4.9541541411964723e-01	   5.0978044765466779e-01	   1.7265543029229669e-01	   2.6210208947580538e-01	   4.3499595460945339e-01	   4.9348064819871396e-01	   1.6278540114049123e-01	   3.2646141711390159e-01	   2.1001781846253703e-01	   3.3360284277135832e-02	  -4.3746136321357224e-02	   3.5014576340112835e-01	   5.3887789160236188e-01	   5.3318289828090337e-01	   4.0471759409389929e-01	   4.0016927753972675e-01	   4.4845035995963745e-01	  -1.2243258456558574e-01	
   4.5629143856793752e-01	   6.3937716846429307e-02	   0.0000000000000000e+00	   7.0542198551485114e-01	   7.8666918094934313e-01	   7.3161681796432632e-01	   7.7451954019589375e-01	   6.7885297558233471e-01	   7.3329560277833516e-01	   6.7696000756345509e-01	   3.3489825271587292e-01	   3.9972423438800364e-01	   4.1378612387135738e-01	   4.2719996521906944e-01	   6.1044171802933844e-01	   6.2811851037759570e-01	   3.5839155713126497e-01	   4.2797022610046959e-01	   5.7980899733160740e-01	   5.4090675265423460e-01	   4.2859822593399577e-01	   3.1714569179583485e-01	   5.5943946282045953e-01	   5.6688517188698873e-01	   3.2028637067177923e-01	   4.6054943934159864e-01	   4.6853370433356728e-01	   4.3407416910889829e-01	   5.9520984545443145e-01	   5.7898642672958500e-01	   4.0278728835086508e-01	   4.9760417670933826e-01	   6.2249691985913680e-01	   5.9736434307016362e-01	   3.5569851161837018e-01	   2.3037140782242826e-01	   3.0696006205710148e-02	   4.5073765395790442e-03	   2.6000624570620101e-01	   1.8734005466746745e-01	   2.5989601206312640e-01	   2.6919493755247348e-01	   1.0208901819457329e-01	  -1.4442961619133429e-02	   1.4816026107914163e-01	   8.1022006248252898e-02	   7.4310216667130780e-02	   3.3782284942198107e-02	  -2.2558521635273891e-02	  -1.9114378047058331e-01	   6.9463880937710457e-02	  -1.9116911652058344e-01	   7.0080480200841830e-02	   1.6673395357057585e-01	   2.2539564608533366e-01	   4.9347612288499737e-02	   2.6073055397874484e-01	   1.8594316134618261e-01	   2.6969238807071610e-01	   9.5423265344007135e-02	   4.6333473579414675e-01	   3.9834513609212419e-01	   3.2046376556150868e-01	   4.5223158849347700e-01	   6.6403770130104489e-01	   3.5709664281041031e-01	   5.1438637482271854e-01	   3.8012491471627602e-01	   4.9748375141398182e-02	   1.0908606476247243e-01	   3.1632713684573432e-01	   5.2158399521688326e-01	   3.1952813623311371e-01	   5.0157237621557171e-01	   2.7822285936425128e-01	   3.8892945267981277e-01	   3.1424098654376931e-01	   2.6624336590999909e-01	   1.6018216247696629e-01	   4.7724882076959196e-01	   3.6763725039663525e-01	   6.7093601158615301e-01	   4.5448722201693481e-01	   4.7537161539269124e-01	   5.3018006470469181e-01	   5.1341580110575369e-01	   2.3227887927970384e-01	   3.9954187724314022e-01	   5.1014842970062613e-01	   4.3670931923287137e-01	   2.8925352062200149e-01	   5.4352507238408765e-01	   4.1673282236391290e-01	   6.9421146619231622e-01	  -1.1884551642522681e-02	   2.0490565269535088e-01	   5.0450540983484823e-02	  -1.3762274229372982e-02	   5.5407829842364628e-02	   1.5695684972975793e-01	   3.9247757431873764e-01	   6.3784292498812678e-01	   9.8745741407405788e-02	   4.0249532535032606e-01	   1.6726357233440672e-01	   9.7281347937874435e-02	   2.0196031324596911e-01	   2.7541881694267190e-01	  -1.8028506519833593e-01	  -2.5783033802215000e-02	   5.5297156153258843e-02	   6.9967558912452793e-02	   1.9964557713104553e-01	   1.7001176026001921e-01	   1.2212860086173005e-01	   1.3245925641375670e-02	
   3.2708519236009498e-01	  -1.7999685309083486e-02	   7.0542198551485114e-01	   0.0000000000000000e+00	   6.1529123028540766e-01	   7.9113322899541982e-01	   5.2981823215972879e-01	   8.3450639006349592e-01	   6.2416190029881125e-01	   8.1029815624847346e-01	   1.1418141453084030e-01	   4.3107511412323873e-01	   9.8585344432311095e-02	   5.4891332729821785e-01	   3.7482818314806488e-01	   7.3400643129847709e-01	   3.1000246970878148e-01	   2.7371062802094581e-01	   3.2045335714446666e-01	   4.2578346025580016e-01	   4.2210666877577863e-01	   4.9885858898428537e-01	   3.4823249405823109e-01	   6.4701809132525478e-01	   3.9110787559560733e-01	   5.8705368697950711e-01	   6.4627779672391572e-01	   6.9655496127277583e-01	   3.9616028134488768e-01	   5.0476197428034264e-01	   3.6810466401534436e-01	   5.8357333026049374e-01	   3.4313389455617016e-01	   6.1844522652404033e-01	   3.3745092658215320e-01	   2.3747846813479706e-01	   4.8942617925483947e-02	  -5.5294592041505067e-02	   1.5432052722477158e-01	   1.7601954173506862e-01	   3.1440014457367915e-01	   1.3669146867224305e-01	  -1.5063047298661814e-01	  -2.3739532629672833e-01	  -1.5460355274377885e-01	  -1.9270077284110609e-01	  -1.4143110357508645e-01	  -1.9761375353967262e-01	  -2.2365121830139562e-01	  -3.5021100415896128e-01	  -5.1208270744529001e-02	  -2.5944341722442082e-01	  -6.7741459897163125e-02	   2.5004123479205984e-02	   7.6731050721769278e-02	  -1.8588537134766431e-01	   3.5753707485457176e-01	   1.4952998641187656e-01	   2.4085729266883915e-01	   1.4648662206730748e-01	   3.7166805916602541e-01	   5.1877000756020863e-01	   2.6341846685337122e-01	   2.8881125153055082e-01	   5.0524517622282517e-01	   7.3255179103266943e-01	   4.2355466095451078e-01	   4.9039414954107041e-01	   2.9923796336019839e-02	   1.1599907197126876e-01	   2.4035297350052992e-01	   4.9476812354490218e-01	   2.9779038177807265e-01	   4.1047129051651943e-01	   2.0204366003057087e-01	   2.8385889135977233e-01	   1.6535409626888795e-01	   1.9093900392392738e-01	   2.5924631576424778e-01	   3.3600662096510975e-01	   4.0393251770563299e-01	   5.1979918143011494e-01	   1.9822747544711433e-01	   3.5523145452926630e-01	   2.9144096443757062e-01	   5.1960004960958661e-01	   1.6791926635789622e-01	   3.6659485135436876e-01	   3.6127227688817365e-01	   4.1166198603067267e-01	   3.1781411843681728e-01	   2.8195351899616161e-01	   6.7396469940560988e-01	   4.9156376704704663e-01	  -1.0219388413054285e-01	   2.8094334430459755e-01	  -4.6975944755631327e-02	  -8.1644903919479345e-02	  -8.9687135342979507e-02	  -1.1068555224739457e-01	   4.0786815391048031e-01	   3.9446317907954076e-01	   6.3513272249962865e-02	   2.0913753394539952e-01	   3.1866706047000970e-01	   1.1847881552228982e-01	   2.1090732497117723e-01	   2.4914928741586617e-01	  -1.6329934097672336e-01	  -1.0656387836634276e-01	  -9.3188311072838814e-02	  -7.0459717861656085e-02	  -4.3364187357571957e-02	  -3.5932399614947864e-03	   5.9457406924462122e-02	  -1.5209550441955938e-01	
   3.8303447446341854e-01	  -5.5920597900586351e-02	   7.8666918094934313e-01	   6.1529123028540766e-01	   0.0000000000000000e+00	   7.3336423800579653e-01	   7.0908539890281075e-01	   6.2447237282499057e-01	   8.9235053688307675e-01	   7.9715533097470448e-01	   2.2681908257375349e-01	   3.2647640962523605e-01	   4.3560759578881059e-01	   3.9092852415711343e-01	   5.8751367829014944e-01	   6.8487507004028614e-01	   2.9071908040744826e-01	   2.8163900074955234e-01	   2.7728658031342790e-01	   2.3952180231078307e-01	   4.3758236116347504e-01	   2.8968618954858283e-01	   4.1576549612844749e-01	   4.5783462830468724e-01	   1.4915621110498800e-01	   2.6474711727816091e-01	   5.3988221706246575e-01	   4.8955624980724677e-01	   3.2922990527608931e-01	   3.8595581369517928e-01	   1.7456476190101539e-01	   2.9251971062550208e-01	   2.7798564356745614e-01	   3.0220815417507130e-01	   1.4861287158505007e-01	   4.0842163850286384e-02	  -1.3844054532378355e-01	  -3.0679135595243401e-01	   7.6707943536200487e-02	  -7.5307773031252235e-03	   1.2910266999475833e-01	   1.7445220314409163e-01	  -5.1478581646650604e-02	  -2.1885461416411514e-01	  -1.0917215171383381e-01	  -1.6580208767475429e-01	  -5.7028932211228789e-02	  -1.6097534750236919e-01	  -3.0949041318334858e-01	  -3.9971536675202213e-01	  -2.0933546282099719e-01	  -3.6177111705528830e-01	  -5.5456653801240319e-02	   6.6394835242787734e-02	  -1.3421432803044488e-03	  -1.3082223804174278e-01	   1.5844781334817379e-01	   7.4354768907007096e-02	  -1.8048788192690030e-02	  -1.6106113427205315e-01	   3.8148151920666751e-01	   4.1092681598654052e-01	   2.5672748998799211e-01	   2.0523664019990029e-01	   6.8315189694275535e-01	   4.3642157821523947e-01	   1.3765979826490204e-01	   5.6421987252646945e-02	   3.7514725939572544e-02	   8.1133992005689819e-03	   1.0533127244117910e-01	   3.6296271078155812e-01	  -4.4863606506504727e-03	   2.8059921906653845e-01	   8.1906096659956767e-02	   2.0773522164346447e-01	   2.0010374947132042e-01	   1.1288198768083824e-01	   2.4982341889777976e-01	   3.0028259814365960e-01	   2.9276116206078306e-01	   4.8827512534017725e-01	   2.6543620941908491e-01	   3.5930255769654817e-01	   3.1163526649297990e-01	   2.8493848888131013e-01	   3.6674174394456402e-02	   3.6059142695615892e-01	   5.3055777820744199e-01	   2.9410947228484680e-01	   1.4794868891306501e-01	   3.2866174484671529e-01	   3.6219067671389493e-01	   6.1575301611355870e-01	   6.9253568521333866e-02	   3.3748849751897703e-01	  -7.7546154652316193e-02	  -2.9702069356887295e-02	  -1.8643311081971328e-01	   1.6744189055569690e-03	   3.6066350737117342e-01	   5.3923427573768723e-01	   2.3281981843091923e-02	   2.5104469190646461e-01	   7.8237464989691044e-02	  -9.1821147142191681e-03	   1.4073298834345629e-01	   2.2748163617824446e-01	  -8.6952087491412824e-02	  -1.8202618539870111e-02	  -1.6600947307720820e-01	  -5.2453330441738291e-02	   2.1785177013066353e-02	   6.6202871462582788e-02	   4.1921539721951805e-02	  -9.0814475471179240e-02	
   3.8856037579928371e-01	  -9.7622044290963772e-02	   7.3161681796432632e-01	   7.9113322899541982e-01	   7.3336423800579653e-01	   0.0000000000000000e+00	   6.6011421014687421e-01	   8.8855851087371673e-01	   6.6125737879054980e-01	   8.6979226276123733e-01	   1.8671110137362201e-01	   4.6199689232007407e-01	   2.2602908859191340e-01	   5.7416674184739747e-01	   4.1070131956346068e-01	   7.3202843178888588e-01	   2.4645471261386137e-01	   1.9191936799704784e-01	   3.6287199872205766e-01	   3.7797315858162622e-01	   3.9069701672282348e-01	   5.6036203814144492e-01	   3.2651503329128123e-01	   5.3808304936270623e-01	   1.0799386017638990e-01	   4.2025523231575790e-01	   4.4189701909601181e-01	   5.0784351448363785e-01	   4.8939351264130321e-01	   5.8277655910413129e-01	   3.6889593904159579e-01	   5.4902938114602384e-01	   2.9337119502824177e-01	   4.9267215617347149e-01	   1.5288194053940007e-01	   1.2375171671587193e-01	  -2.0713728769201245e-01	  -8.3543049827006860e-02	   1.2602064012252146e-03	   5.9113614270214637e-02	   1.5190873776413100e-01	   1.9141938183377763e-01	  -5.5863979908821325e-02	  -1.8486674849111404e-01	  -7.9589169213393401e-02	  -9.5688862055002294e-02	  -8.2654846873321225e-02	  -1.7049344085034257e-01	  -2.0458577608215700e-01	  -3.4214322667017172e-01	  -9.9766575011762018e-02	  -3.3382190664809674e-01	   2.1640485575476494e-02	   1.1944972137049742e-01	  -2.6904953069706521e-02	  -2.7144584515550224e-01	   1.7454087213491642e-01	   1.7930155219184122e-02	   1.8481455914345174e-01	   1.3362564365899010e-01	   4.4978720958442109e-01	   6.6480231502315590e-01	   2.3183602813023935e-01	   3.3037954829744365e-01	   4.5942490688343662e-01	   5.3744625348967945e-01	   2.5271471586594146e-01	   3.4510973518233651e-01	  -3.4609133594580545e-02	  -7.3153574171297212e-03	   1.7706346997559785e-01	   4.9518141450072561e-01	   1.1911951595955241e-01	   3.6941401299383769e-01	   1.7421394414964389e-01	   2.5869125677989663e-01	   1.3208139679298941e-01	   1.5936115901328257e-01	   1.3785710361056908e-01	   2.1300544521007209e-01	   3.1274599621807558e-01	   4.6608628606902913e-01	   1.9844099408763888e-01	   4.6103354333610713e-01	   2.3722148308195806e-01	   3.9850895427083688e-01	   4.2514729373560774e-03	   3.5195719677607173e-01	   2.3851220646747370e-01	   2.7510061875488778e-01	   3.5249463816489868e-01	   3.3467043108968408e-01	   5.8694146903364164e-01	   4.7457761906904361e-01	  -3.1190464288123332e-02	   2.7954511783371599e-01	  -9.8703072632100569e-02	  -1.2444254175613172e-01	  -5.7602096412986921e-02	  -4.6169561704040449e-02	   4.7238312647858077e-01	   4.9506529179095582e-01	   7.6902590740747220e-02	   2.7251853739242660e-01	   1.6103123897391278e-01	   1.5200857881400085e-02	   1.6881127324350415e-01	   1.9076328799425596e-01	  -1.5649437399375295e-02	  -5.6662344458158161e-02	  -1.5310100900076801e-01	  -4.4401590271315537e-02	   7.9429767086191219e-02	   7.8347049814518899e-03	   7.5470833141524099e-02	  -2.0106582770780400e-03	
   6.4262849513817333e-01	   4.1005945748277692e-02	   7.7451954019589375e-01	   5.2981823215972879e-01	   7.0908539890281075e-01	   6.6011421014687421e-01	   0.0000000000000000e+00	   7.3350502548528929e-01	   6.0021354863281084e-01	   6.1253372438967113e-01	   4.9456415359483874e-01	   4.2385930580352971e-01	   7.1637249025315342e-01	   4.7607099315534257e-01	   3.8280422734740682e-01	   4.6615533749680804e-01	   2.6039415429375656e-01	   2.1162357697415271e-01	   4.0176568612626479e-01	   3.7222421887600005e-01	   2.0967067705591141e-01	   1.4071923198677988e-01	   1.5102336113290521e-01	   2.4829766114242255e-01	  -9.6284097609544594e-02	   4.6225445853252202e-02	   1.3185160916179306e-01	   1.2993380933438908e-01	   5.6018573189851939e-01	   4.0347363885885706e-01	   1.0031719154716748e-02	   1.3522901678795524e-01	   5.5770688837297278e-01	   5.0009488033263960e-01	   3.7733866361246093e-01	   2.5823018473089165e-01	  -4.0010117894772379e-02	   3.6848952049837638e-02	   1.7490053505790987e-02	   9.7748839466980361e-02	   9.3121702946850266e-02	   9.0510831429576666e-02	   2.5143410491002699e-01	   1.5156870459539026e-01	   2.2482520194290750e-01	   2.0924249867213676e-01	   3.0342116257232371e-01	   2.1235759173671842e-01	   4.6858526027798858e-02	  -1.1897603300093822e-01	   7.3982408680078909e-02	  -1.9242730170194530e-01	   1.6087817352628636e-01	   2.9032807790887805e-01	   2.1828405302727222e-01	   1.4840976063473910e-01	   2.7713883687155705e-01	   9.5954747292599812e-02	   2.5668146014747173e-01	   8.1281869361995857e-02	   6.2494069499756122e-01	   6.3006280592239750e-01	   2.8458594584584140e-01	   4.8025334555557553e-01	   5.7673944861860704e-01	   3.7702379284949772e-01	   3.5324915186760009e-01	   2.7851821513499220e-01	  -6.5578622869715775e-02	   1.2634000354989605e-01	   2.0567195453695863e-01	   3.1059318936563263e-01	   2.5933077155693718e-01	   2.5745816106177666e-01	   4.3648691433947989e-01	   2.5900635233096425e-01	   5.1846590866012221e-01	   3.7285828135380028e-01	   3.9404765389444672e-02	   3.4999306595853541e-01	   1.6503376046982476e-01	   5.1685671261901267e-01	   2.9449518232619309e-01	   3.3879864498410117e-01	   2.6489345465245878e-01	   3.3017823532309953e-01	  -5.4473262872484683e-02	   2.2660335353616159e-01	   3.8090809620121818e-01	   3.9090088828255920e-01	   3.6686911634777702e-01	   5.5481412232243543e-01	   3.1310113321736044e-01	   6.3618793183719813e-01	   4.6798700690993497e-02	   2.3049117527981564e-01	   1.7835287753725265e-01	   2.1390840980162867e-01	   2.2187616277315408e-01	   3.0449388638439540e-01	   3.9413344099175252e-01	   7.2429445229609213e-01	   8.5411764885735861e-02	   4.7551212527557285e-01	  -1.4949034186692528e-03	  -3.8625348737397910e-02	   1.5496521749706821e-01	   2.7616988050502317e-01	  -6.4010004947962273e-02	   1.2599757175795318e-01	   2.0840114186007652e-01	   1.8873716318937633e-01	   3.0820667742101243e-01	   1.4462267410762694e-01	   1.2805717107769821e-01	  -7.8230957232556686e-02	
   5.1980398337374178e-01	   2.9109702720091089e-02	   6.7885297558233471e-01	   8.3450639006349592e-01	   6.2447237282499057e-01	   8.8855851087371673e-01	   7.3350502548528929e-01	   0.0000000000000000e+00	   5.7750800710063444e-01	   8.4720808663187752e-01	   2.4877102783918126e-01	   5.4275748250317590e-01	   2.7978296739271974e-01	   5.6998514330408301e-01	   2.0955622351306974e-01	   6.0239884885613892e-01	   2.0292115060343133e-01	   1.7280083859243328e-01	   2.9108872539881681e-01	   3.6016227227163988e-01	   3.3482206217365063e-01	   4.6338609977382950e-01	   1.0161760445305976e-01	   3.9379124704496937e-01	  -1.7082706928921776e-02	   2.8091091749178854e-01	   3.0585856963654739e-01	   3.8657461975585217e-01	   4.5860398187609430e-01	   5.1357928774535777e-01	   2.1147984203805767e-01	   4.0109564575317891e-01	   3.6324322828136407e-01	   5.9055295021352339e-01	   3.0258955312648916e-01	   2.7930084511752851e-01	  -1.4321674065278145e-01	  -8.7656729453025172e-03	  -2.3959008131754292e-02	   1.0791556469279515e-01	   7.3487152307346940e-02	   6.2302430247453910e-02	  -2.0319658681529094e-02	  -8.2384433086840680e-02	  -4.8876138141278516e-02	  -3.0166217736161873e-02	   3.9125527727181239e-02	  -2.5068962060518209e-02	  -1.2697064651178244e-01	  -2.3372625756994081e-01	  -8.0244462255972503e-03	  -2.1108633359496687e-01	   1.0180866441600224e-01	   2.0949572095773256e-01	   3.7727045372241252e-02	  -1.3224250790337294e-01	   3.0507211359629560e-01	   9.7462687792793878e-02	   3.2250368102871785e-01	   2.6604503841231403e-01	   5.6561158456785487e-01	   7.9949797805784029e-01	   2.3580440050992724e-01	   3.8447572656270806e-01	   4.6224503842409026e-01	   6.3983704021970600e-01	   3.1340042180743005e-01	   4.6162872291984014e-01	  -8.0657789342216221e-02	   1.1742205399543763e-01	   2.0149623086996493e-01	   4.2970710266460771e-01	   2.1706815703781313e-01	   3.6107345758109666e-01	   3.0276355061601218e-01	   2.6134133883126875e-01	   2.9105906715536267e-01	   2.8920870906106472e-01	   6.4166480301324824e-02	   2.5581717999631032e-01	   2.2307547025681179e-01	   4.3322034777587132e-01	   1.0407233105060001e-01	   2.7174676059368535e-01	   9.4923726852494783e-02	   3.3487184144864918e-01	  -9.6109047995972752e-02	   1.8236405657666643e-01	   2.1822701709404119e-01	   3.4693089245147224e-01	   4.2265192259238737e-01	   3.7120534772891656e-01	   6.2785377519233299e-01	   4.8169873500907290e-01	   2.4817366937234563e-03	   2.5454936804693468e-01	   6.1046650916350267e-02	   6.4418242330553599e-02	   7.7900376541984090e-02	   7.3051212453545053e-02	   5.3667313001686789e-01	   5.5170074488896759e-01	   1.0013745881149413e-01	   3.3169394148874159e-01	   1.7570489240340598e-01	  -1.4520285703288609e-02	   1.9817255451813193e-01	   2.0852701540768995e-01	  -2.8172288611268727e-02	   2.1369413209904750e-02	   3.0138765224811438e-02	   5.9165042502453316e-02	   1.5101138733456723e-01	   9.3628382543196609e-03	   1.1621171271235682e-01	  -1.3932489979107276e-01	
   3.1358629491227918e-01	  -7.0881715051784602e-02	   7.3329560277833516e-01	   6.2416190029881125e-01	   8.9235053688307675e-01	   6.6125737879054980e-01	   6.0021354863281084e-01	   5.7750800710063444e-01	   0.0000000000000000e+00	   7.9850870324864631e-01	   8.6558163295146540e-02	   3.2109168743457539e-01	   3.3667143180811038e-01	   4.3857306242254684e-01	   5.3245081477792533e-01	   6.6158717986768323e-01	   3.2235602473757696e-01	   3.4481155280789400e-01	   2.1677410253107898e-01	   1.5616563975492365e-01	   4.3012625595326531e-01	   4.0844629434555746e-01	   4.0522710085774361e-01	   4.8245478817259774e-01	   1.6743228840462338e-01	   2.4327014668510677e-01	   5.8417807183116766e-01	   5.7868949799327851e-01	   2.5994557091999454e-01	   4.0116564377732356e-01	   2.1279305229812218e-01	   2.9737385745579026e-01	   2.5668117144769048e-01	   2.5193236407768943e-01	   5.4955487163204045e-02	  -1.9643631158886780e-02	  -2.1625811267245604e-01	  -2.8137798405719894e-01	   8.6866204796821916e-02	  -3.6325633100158711e-02	   1.8835102796855535e-01	   1.7524005236089107e-01	  -2.6770896056537052e-01	  -3.9522989131045971e-01	  -2.8114287310694519e-01	  -3.2216387506559296e-01	  -2.4012333151639809e-01	  -3.1212781109708593e-01	  -3.7806812915346649e-01	  -4.6785134700049358e-01	  -2.4605007586905048e-01	  -3.6811479102959943e-01	  -8.2543345127846224e-02	  -2.2176133843868556e-02	  -2.9025424413841221e-03	  -2.0736380634369683e-01	   1.4654341182805655e-01	   4.8479118814075815e-02	  -3.9592126425899231e-02	  -2.0476612756584506e-01	   3.7941025095050934e-01	   3.4252207387014877e-01	   3.0855984870831887e-01	   1.8828273056799039e-01	   7.1549217969047962e-01	   3.8562538147103642e-01	   6.9654234004657617e-02	  -5.7760617986079722e-03	  -3.7964368909881169e-02	  -7.6912225711496252e-02	   9.0237813457136565e-02	   3.3406547662755087e-01	   7.8523639765323783e-02	   3.6891309618774126e-01	   3.1802723099798293e-02	   2.3088768669766180e-01	   1.3767649249645070e-01	   2.1009501813441956e-02	   2.3258693909857348e-01	   3.0488487341548726e-01	   2.8322512694787627e-01	   4.6699742190954652e-01	   1.6544669684495827e-01	   3.2186974926209988e-01	   2.8683849038149750e-01	   2.7418838663003375e-01	   3.8353739779581564e-02	   3.5141576738906910e-01	   5.5231795925628613e-01	   2.8045053932436415e-01	   9.8602911516931721e-02	   2.6672251496215282e-01	   3.2234663954120224e-01	   5.8368926378597419e-01	   1.4813925028587122e-01	   3.3018158757274235e-01	  -1.0846376743005037e-01	  -5.3463462944764138e-02	  -2.6537775346806369e-01	  -9.8537796817395010e-02	   2.6608737411406802e-01	   4.6236763978898088e-01	  -5.8267480271628628e-04	   2.3372790092889434e-01	   7.0513911307450522e-02	   7.9869084698525078e-02	   1.4521212627098595e-01	   3.5411124701137264e-01	  -8.0882968318793685e-02	   3.2820214158294052e-02	  -2.4821637819234835e-01	  -1.6032415889037996e-01	  -8.8322370224350522e-02	   4.1271127786613210e-02	   3.1800302900117733e-02	  -5.8863120178753378e-02	
   3.8620406299286952e-01	  -5.9424071049481095e-02	   6.7696000756345509e-01	   8.1029815624847346e-01	   7.9715533097470448e-01	   8.6979226276123733e-01	   6.1253372438967113e-01	   8.4720808663187752e-01	   7.9850870324864631e-01	   0.0000000000000000e+00	   1.3684175922560013e-01	   4.2082869017441576e-01	   2.5275812753160115e-01	   5.7183706594982708e-01	   4.1224125416337520e-01	   7.7802365581118216e-01	   2.9873141275617227e-01	   2.5904114323521066e-01	   2.5390017162526690e-01	   2.7603780230689046e-01	   3.3705068372969554e-01	   4.7818188595944267e-01	   2.9514501301510937e-01	   4.9572760740369115e-01	   1.3518243684649570e-01	   3.2306238689360717e-01	   5.3677787251593445e-01	   6.0296189264219324e-01	   3.5719849611674748e-01	   4.8606547524238325e-01	   2.2117325281380862e-01	   3.8784136697620464e-01	   2.4876331258129858e-01	   4.2308503369791117e-01	   1.2165182041991267e-01	   7.6257406403662922e-02	  -1.9388937592833949e-01	  -2.1909591360734551e-01	   4.2674851939074700e-02	  -1.4879299632249903e-03	   1.8322202972798166e-01	   1.1531667962045922e-01	  -1.8508056025279929e-01	  -2.9485482419855696e-01	  -2.4448956412064421e-01	  -2.6626952870746862e-01	  -1.5358998923547387e-01	  -2.3705491367143527e-01	  -3.6249415393185025e-01	  -4.4829825714187160e-01	  -1.9216983034152016e-01	  -3.4347016065973607e-01	   6.2649682628821892e-03	   9.5552443832857728e-02	  -5.2281437043805404e-02	  -2.8898311020466400e-01	   2.6762243033260646e-01	   1.0656121688179536e-01	   7.0454363836671821e-02	  -2.6214726004046094e-02	   3.9248356581558130e-01	   6.1394844887061262e-01	   2.2180277906048210e-01	   2.4450457340234577e-01	   6.1631013257038791e-01	   6.4414292031636622e-01	   1.1769279691888729e-01	   1.8303116892664298e-01	   4.2643184023343925e-02	   7.5646307499903809e-02	   8.6329786236195416e-02	   4.2384875383972054e-01	   1.4886703608563273e-01	   3.4911695130994097e-01	   1.4514851097014664e-01	   3.0030710117970560e-01	   1.9618820558421182e-01	   1.2508969157974664e-01	   2.6254031771746145e-01	   2.9941785121014497e-01	   3.5336177396828145e-01	   4.5695331912712200e-01	   1.4159676732544504e-01	   3.2817446281664941e-01	   2.0530607223544900e-01	   3.1425138550712417e-01	   2.2661093005371311e-02	   3.0269254846591992e-01	   3.9875591111449332e-01	   2.9491707808361778e-01	   2.7413372458347263e-01	   2.7426788707014715e-01	   5.6362365308945472e-01	   5.2045251155351702e-01	   5.3751040268003980e-02	   3.3409588184053574e-01	  -9.2544012525093797e-02	  -5.2638006678454821e-02	  -2.0027525534464755e-01	  -8.6203221019767934e-02	   3.9913720167857758e-01	   4.3292949024632932e-01	   2.8852773068481420e-02	   2.3684770948796716e-01	   2.0235307016479415e-01	   8.0339175235251345e-02	   1.5605251294381714e-01	   2.8741705470703399e-01	  -5.1111907864371572e-02	  -1.0404136181943583e-02	  -2.0410118547202866e-01	  -9.7999710309616822e-02	   3.8158657283429938e-02	   3.8259266264200668e-02	   4.0709548823796786e-02	  -1.2692752627486109e-01	
   7.3336511553412986e-01	   4.1638474816128146e-01	   3.3489825271587292e-01	   1.1418141453084030e-01	   2.2681908257375349e-01	   1.8671110137362201e-01	   4.9456415359483874e-01	   2.4877102783918126e-01	   8.6558163295146540e-02	   1.3684175922560013e-01	   0.0000000000000000e+00	   4.8535866888288093e-01	   7.2277236650088772e-01	   4.9709846191805473e-01	   2.3054801747509934e-01	   1.1200731322749410e-01	   2.1468525570257393e-01	   2.2574611918765930e-01	   4.5112136611926912e-01	   3.0224407039678930e-01	  -2.3670690439022854e-02	  -2.0015175337832192e-01	  -4.5184244133096851e-02	  -1.5947240593144538e-01	   1.5331942018652141e-03	  -1.0076681666851378e-01	   9.0224933321054763e-03	  -8.0049217033260858e-02	   3.0364678523658639e-01	   9.1085396089749665e-02	  -2.2382600493883117e-01	  -1.9485970636167826e-01	   3.0830824153733083e-01	   1.3455622032412634e-01	   1.5311373978525328e-01	   9.4376069320204412e-03	   1.7332745588223125e-01	   2.7217906774179274e-01	   7.3159601200811275e-02	   2.1915349475353049e-01	   2.1529599672327296e-01	   1.2109678682351618e-01	   5.0297804191949136e-01	   4.2569535141178100e-01	   2.8445965790689121e-01	   3.0674242206862590e-01	   5.0548253907116258e-01	   4.5970201082114814e-01	   3.0234939851376669e-01	   2.4427217097370896e-01	   3.7614076129009599e-01	   2.9924236719736558e-01	   5.8562977400103078e-01	   5.9795527671064719e-01	   4.2806198330789225e-01	   4.4065136575657871e-01	   3.7852785994536436e-01	   3.0730907344098679e-01	   3.1827273367398168e-01	   1.6032581293288450e-01	   3.7985451543761134e-01	   3.0883506402449035e-01	   1.6171035427990599e-01	   1.8188604429581826e-01	   1.7159607714471467e-01	   1.3643781656162521e-01	   2.5058604416927288e-01	   1.3345953949749212e-01	   7.9689409625962812e-02	   1.7631620696448508e-01	   2.0727150480680590e-01	   1.1155074654913846e-01	   3.0020726682831977e-01	   2.5072753834680106e-01	   4.6873622276788268e-01	   3.3069368339347172e-01	   4.7924491237734107e-01	   3.4841148897413188e-01	   1.5757348153674869e-02	   2.8385404860065178e-01	   1.1502478916062285e-01	   2.8084386057801908e-01	   1.1889870826552870e-01	   8.3617489401738895e-02	   2.9482403765616039e-01	   7.9636833583336147e-02	  -8.1714826014550213e-02	  -3.9429694567537039e-02	   2.5703394868346496e-01	   3.0478279718305867e-01	   4.5888470775671047e-01	   4.4327101858059625e-01	   1.1528367780383386e-01	   3.8958661264137251e-01	   1.1224907732155005e-01	   5.4759564671774910e-02	   2.5159488219160020e-01	   3.0969862245658542e-01	   4.0423510262181100e-01	   4.1382300859884635e-01	   1.0998901833279187e-01	   4.7536561197605898e-01	   8.8994032138758450e-02	   4.5050804860143812e-01	  -2.5859046127913268e-04	   8.8900511022551879e-02	   2.2860694266993997e-02	  -6.3224229212218930e-02	  -1.9891597731119509e-02	   2.8878379379868624e-01	   3.8622006445934420e-01	   3.5946841895298776e-01	   4.0629785420431769e-01	   2.6579303704574314e-01	   1.5892687205953768e-01	  -5.9847613958482981e-02	
   5.9633911593657785e-01	   4.4286376072850508e-01	   3.9972423438800364e-01	   4.3107511412323873e-01	   3.2647640962523605e-01	   4.6199689232007407e-01	   4.2385930580352971e-01	   5.4275748250317590e-01	   3.2109168743457539e-01	   4.2082869017441576e-01	   4.8535866888288093e-01	   0.0000000000000000e+00	   2.9699042134488096e-01	   7.2157955413876518e-01	   7.3376545916817235e-02	   3.6328696454364240e-01	   2.8878808457381600e-01	   5.4560676021871435e-01	   4.1796332898566158e-01	   3.5650637970271398e-01	   2.8996043088035345e-01	   3.0971498394576735e-01	  -1.4816143792585366e-02	   1.8213143121410930e-01	  -7.0806184942846365e-02	   4.7570566761026958e-02	   2.2334916055243820e-01	   2.1526371769347485e-01	   3.6233210075265088e-01	   5.1124624740355351e-01	  -3.0133477162554774e-02	   9.2864680917860556e-02	   1.6963365740742578e-01	   1.7592601426367743e-01	  -2.9619500866783340e-02	  -7.3528701204785052e-02	   1.0903748143765035e-01	   1.3567790090216397e-01	   1.2334044253511722e-01	   1.1859939924555352e-01	   7.3292985161263299e-02	   1.6732965825904964e-01	   9.6974771414632552e-02	   1.5245322284660229e-01	  -7.6483274386110439e-02	   3.1369347110219735e-02	   9.6532316098707910e-02	   1.8586936597716980e-01	   1.1443506120508504e-01	   8.1930670506315140e-02	   3.0903800836218781e-01	   2.7217460986305697e-01	   4.3084113750223751e-01	   3.9090218641303098e-01	   3.2897405621313686e-01	   1.8471129525945512e-01	   4.7402589949513629e-01	   3.7264581058760871e-01	   4.9460689438775279e-01	   4.3418692711561330e-01	   5.9536423646276670e-01	   5.0330372240229204e-01	   4.7910682619803524e-01	   4.7450811284152478e-01	   2.2061208293393672e-01	   2.2696953966939459e-01	   2.0620423403137284e-01	   2.8816645276778652e-01	  -1.5087576487713422e-01	  -9.5817693301654627e-02	   3.3074580044474766e-01	   1.7616263264904217e-01	   3.2249323380350031e-01	   4.3568716541580893e-01	   2.9018567431219466e-01	   2.4074484634364196e-01	   2.7163673681883282e-01	   2.5284341034679031e-01	   6.3351447634977867e-02	   2.2589857625577625e-01	   1.3885014246904478e-01	   3.6464741636902542e-01	  -2.2190222685432123e-02	   2.1239646919804495e-01	   1.6430924605531269e-01	   2.9454507157413101e-01	  -5.3581789293937407e-02	   1.1423164894439579e-01	   2.4096312905232636e-01	   5.4159389395741564e-01	   4.1001908108107871e-01	   3.2550821609175834e-01	   3.0314242682783776e-01	   3.0347694896574773e-01	   1.1377355322499667e-01	   6.7533563217663753e-02	   1.1313270944100204e-01	   1.5791412409251115e-01	   2.3729636319661429e-01	   3.1428454535379791e-01	   2.6787935984887390e-01	   4.4705065161624102e-01	   2.0456296491316542e-01	   4.7216614600008350e-01	   6.1662691143924447e-02	   1.4942279805644162e-01	   2.2341715078685487e-01	   1.6545599134546962e-01	  -2.7380755348722370e-02	   1.8179932234277366e-01	   1.1827633524287159e-01	   2.2272020889447050e-01	   3.1780907612875786e-01	   9.8544161680350406e-02	   2.1918322591332851e-01	   2.9068253963894668e-02	
   6.5319257367182237e-01	   9.1934493078918669e-02	   4.1378612387135738e-01	   9.8585344432311095e-02	   4.3560759578881059e-01	   2.2602908859191340e-01	   7.1637249025315342e-01	   2.7978296739271974e-01	   3.3667143180811038e-01	   2.5275812753160115e-01	   7.2277236650088772e-01	   2.9699042134488096e-01	   0.0000000000000000e+00	   4.2719323147958033e-01	   3.1790867078680490e-01	   1.9675851448581960e-01	   2.5987245344268484e-01	   2.2655430573476404e-01	   2.8178397022229823e-01	   2.0216659985107402e-01	   4.5584695122033635e-02	  -1.9767576128050326e-01	  -3.7570992936056306e-02	  -9.5285761561294036e-02	  -1.3848430931543079e-01	  -2.2941078499534789e-01	  -5.2071496448957933e-03	  -6.0743580280172405e-02	   3.8132441089638658e-01	   1.1246074185834434e-01	  -3.4053119024290679e-01	  -2.7089339570206894e-01	   3.3245819337394933e-01	   1.0135895645873104e-01	   1.1400556575339280e-01	  -6.6458873350714348e-02	   6.4761722659523957e-02	   6.9709344913599439e-02	   1.3090467365967678e-01	   1.5685243617939509e-01	   9.8021749294661273e-02	   9.7185591743785521e-02	   4.0252694488672952e-01	   2.8117430420193817e-01	   2.3101523333381430e-01	   2.2970094811180036e-01	   4.3576060033613573e-01	   3.2711050824654048e-01	   1.4778592692270592e-01	   5.2217222097801594e-02	   1.2197976097164968e-01	  -1.1549749725473447e-02	   3.0953287854389400e-01	   3.9621094222130787e-01	   3.9766672942957981e-01	   3.0044061598670785e-01	   3.0351357932284750e-01	   1.9044759831907723e-01	   1.8955844643872652e-01	  -6.7690863509817359e-02	   5.3181219739008201e-01	   3.5918566144747588e-01	   2.1526647240645530e-01	   2.6859640409654506e-01	   3.1185733270305493e-01	   1.2233677873207158e-01	   1.0851150159904770e-01	  -8.0277023713580364e-02	  -6.2966022017368325e-02	   7.5868357124123986e-02	   1.3740243278416572e-01	   1.1975762430446739e-01	   2.0262360552584591e-01	   1.7176410354182142e-01	   5.1206172880426792e-01	   2.6844721442569641e-01	   4.6838826509578257e-01	   2.4454419963853405e-01	   9.5445736752466662e-02	   2.6546645691475179e-01	   1.2490166454227607e-01	   3.1959134377504250e-01	   1.4299522964274547e-01	   1.0192434406472473e-01	   1.3495525370286876e-01	   2.3486259958501843e-02	  -1.4047056886714590e-01	   6.6176760917088960e-03	   4.2884821229933034e-01	   2.5701125012124609e-01	   3.1715127391761549e-01	   3.9470800775605802e-01	   3.9507518012919199e-02	   5.2636666122663378e-01	   1.2728361904958116e-01	   2.0253906728524651e-01	   2.0753789807044806e-01	   2.9192753920165720e-01	   2.8068840573497211e-01	   3.6274571526470484e-01	   1.2365518272038739e-01	   6.0908015028116425e-01	   5.3857408100008733e-02	   4.3648784049992484e-01	  -1.1194958357238208e-01	  -1.2911645209397644e-03	   6.4365215354632688e-02	   2.0825542665698715e-01	  -5.2385971609310474e-02	   2.3143888560923012e-01	   2.5728822072033364e-01	   2.4424032476310381e-01	   3.2713004529974271e-01	   2.3129035349687588e-01	   6.4333096875639401e-02	  -8.5023312619830274e-02	
