   0.0000000000000000e+00	   8.0310095513620583e-01	   5.5635944999734532e-01	   6.6683993064815561e-01	   3.0865068114545524e-01	   1.9456451256622034e-01	   7.7725112443841171e-01	   6.9132172220390176e-01	   6.1955114821324331e-01	   6.2906514572699834e-01	   6.7520004708408321e-01	   7.3039279333361229e-01	   6.5245513256688370e-01	   6.7428288846771189e-01	   6.2644234790369502e-01	   6.8508819773718299e-01	   6.3282826096101952e-01	   5.9965422086285058e-01	   7.7262750274105196e-01	   7.8293216426733647e-01	   2.3013432510616627e-01	   2.1846299215771783e-01	   4.9824383760335628e-01	   4.7323824065565379e-01	   1.8104872780694090e-01	   2.3237723076755423e-01	   2.5971037711455225e-01	   1.6707463566285477e-01	   5.9390811672577937e-01	   5.8100716031740196e-01	   5.1254765050126150e-01	   5.3272791684974319e-01	   6.8220045439604626e-01	   7.4013207876646026e-01	   1.9056284034382431e-01	   3.0681758068716725e-01	   2.3552220642075156e-01	   3.6910633481509011e-02	   4.0232116182385080e-01	   3.5517376084433705e-01	   2.9871563923309519e-01	   1.4005402036773357e-01	   3.0591723160109674e-01	   1.7452696005263540e-01	   3.6384860784111395e-01	   3.2477168059375294e-01	   3.2850668535095096e-01	   2.8123444262613295e-01	   3.6974114844473810e-01	   3.0500340614163174e-01	   4.4400176290955279e-01	   4.3515749518017688e-01	   5.1489217716717572e-01	   4.6242779794616995e-01	   4.8182120914047921e-01	   5.3212064298004491e-01	   7.8240497873604786e-01	   7.0009931723593244e-01	   5.4150172844112432e-01	   4.7433291371208042e-01	   5.8769583143629656e-01	   6.2949727501989505e-01	   4.9316672473769274e-01	   6.2277206618799130e-01	   3.2635466943195279e-01	   5.1215139139021426e-01	   4.2779131785917102e-01	   4.1804231935418174e-01	   5.5344261559590047e-01	   6.7255773498790694e-01	   6.1595844905722807e-01	   6.1161016077386110e-01	   5.7687894554171537e-01	   5.4705621118756909e-01	   4.8090607997982671e-01	   4.9808074039547445e-01	   6.9336589859304043e-01	   6.9235014247018745e-01	   5.8215196784847434e-01	   4.7045511225083048e-01	   5.7845906472226682e-01	   5.2750264143364556e-01	   4.9366318985300317e-01	   5.7544529423147728e-01	   5.3779292244165555e-01	   4.0131768504322124e-01	   1.6934195566505533e-01	   7.9381127491580467e-02	   4.6588786092542672e-01	   5.3388806040990289e-01	   3.8669602168335332e-01	   3.3824313443606119e-01	   1.2475507545652106e-01	   6.8917595870499004e-02	   2.5355844440426645e-01	   2.8202733455066831e-01	   4.2183945901929876e-01	   4.9075949729335622e-01	   5.3941527591025284e-01	   4.9595762114791669e-01	   4.5179315204480341e-01	   8.4320589734820206e-02	   3.6599717215135885e-01	   1.2830377667428308e-01	   5.1849140430795998e-02	   7.8944034399680604e-02	   3.9565016413663723e-01	   3.9104647031271955e-01	  -7.3225120757372739e-02	   1.8622530214196142e-01	   3.1602030698407829e-01	   4.4852059933157856e-01	   4.3625871515870035e-01	   4.5043444099049557e-01	   3.6021177578606894e-01	  -2.7319373221953214e-01	
   8.0310095513620583e-01	   0.0000000000000000e+00	   4.5195129076106844e-01	   6.1298701973702774e-01	   3.2566993287308021e-01	   1.6981842429891439e-01	   6.3995864953270154e-01	   6.4753973782819751e-01	   5.5637462479105049e-01	   5.3668578696864033e-01	   5.6135253120524875e-01	   6.3264823039660689e-01	   5.7998164790995177e-01	   6.0937386404956251e-01	   5.9114701511141732e-01	   6.1253694213455545e-01	   6.3287118978870738e-01	   5.3011451043823654e-01	   7.1448111084740296e-01	   7.3462015127862001e-01	   2.1302108794405084e-01	   2.7317410628453648e-01	   4.9681783221484627e-01	   5.1854234149491985e-01	   2.2026723178692037e-01	   2.3954558424078595e-01	   2.8604780581063749e-01	   1.5756648058096467e-01	   5.3176387681387594e-01	   4.9941888583682037e-01	   4.5970125855091826e-01	   4.8953947668155628e-01	   6.1812525982109712e-01	   6.9180624320504114e-01	   1.7274313106957254e-01	   2.5134820005826275e-01	   2.3875848623859053e-01	   9.0770004368903076e-02	   4.4189252821855646e-01	   4.4707010435778805e-01	   2.9074482569595689e-01	   8.8905439037057138e-02	   2.6587944018380794e-01	   1.4753805714542456e-01	   2.9164522010711613e-01	   2.7489336959238125e-01	   2.7745501719339533e-01	   2.4027981872608273e-01	   3.1578679177658953e-01	   2.5842003416326259e-01	   3.6291122710345125e-01	   3.2482370507896152e-01	   4.1758808315141177e-01	   3.5529974725265684e-01	   4.5498683159649500e-01	   4.2406029813242008e-01	   7.5274175426997658e-01	   7.7562791640915285e-01	   3.8374538752684989e-01	   3.6326034663317064e-01	   4.3247080996691428e-01	   5.8859799361240928e-01	   4.4934940942675000e-01	   5.0875561019285986e-01	   2.8685971616448425e-01	   4.7627977514838904e-01	   3.1986892758477209e-01	   3.2546529363441717e-01	   3.8250563550146977e-01	   6.1436760055110351e-01	   6.2155495063168331e-01	   5.3048433123572103e-01	   5.4707702850160800e-01	   4.8976965244588477e-01	   5.1031836314474233e-01	   4.6606247791676281e-01	   6.0862893645615002e-01	   5.8948536148379327e-01	   4.9253613545824620e-01	   4.2142733090893358e-01	   5.6081243364178879e-01	   4.4020154543789403e-01	   4.7854494050439189e-01	   4.6052925137262629e-01	   5.0854497215814121e-01	   3.2571270055003726e-01	   1.8341360202267543e-01	   1.6415684883553355e-02	   4.5681918227906160e-01	   4.2175821103351968e-01	   4.0934998653756655e-01	   2.9996257942370130e-01	   1.9350777799534774e-01	   8.2188007648262798e-02	   2.3876015272113038e-01	   2.6236815596973972e-01	   4.4345684928075441e-01	   4.3802998294824613e-01	   5.2490312469484945e-01	   4.3576323485872220e-01	   3.8815905622914132e-01	  -2.4731777181577617e-02	   3.5555319552864462e-01	   5.5290583719683567e-02	   8.2022038630482547e-02	  -2.5765204055338782e-02	   2.3315544367334048e-01	   3.3802893251687638e-01	  -1.0370094764423202e-01	   1.0975173736854350e-01	   2.9233283131896914e-01	   4.2974596953179789e-01	   4.0785869988531392e-01	   3.7787786338898977e-01	   3.2174646206348656e-01	  -2.3481996500179292e-01	
   5.5635944999734532e-01	   4.5195129076106844e-01	   0.0000000000000000e+00	   7.9853237031274027e-01	   4.8373822293665170e-01	   3.3796923386155620e-01	   8.0550706142962591e-01	   6.0005270160913782e-01	   5.9239141422310782e-01	   4.0342006913876494e-01	   4.0957682871690593e-01	   2.7840371439206790e-01	   4.6987331017344858e-01	   3.0158910426117436e-01	   6.0321621432202588e-01	   4.7080628518687062e-01	   4.0110788005042552e-01	   3.0829161608396338e-01	   6.6775742965608753e-01	   5.5941941162143616e-01	   1.0432568824546368e-01	   1.0575128896077751e-01	   8.1678722936862669e-01	   7.1894561217142794e-01	   5.9828361166580013e-01	   5.4131186975239709e-01	   3.4088871185455827e-01	   4.0697040813584789e-01	   4.3036301373698072e-01	   2.2431328991901509e-01	   7.5952222271782421e-01	   7.1221468576622271e-01	   7.8024105648728581e-01	   6.2670891565201348e-01	   6.2253278226338848e-01	   5.6878202364168884e-01	   2.8134652273302641e-01	   4.9433644119813519e-02	   5.6324897049551903e-01	   3.4090173626319947e-01	   4.0610313739518022e-01	   1.3145425090813156e-01	   1.0961335849078400e-01	  -6.5982673214122184e-02	   1.1399525256904500e-01	   8.4723492023638852e-02	   4.2797499178456225e-02	   5.8275981598621240e-02	  -5.5737162325983629e-02	  -2.3702654722963831e-02	   5.6540872089003956e-02	   3.3747919434474916e-02	   2.7910220959104048e-01	   2.1231130276654084e-01	   3.0327793122136731e-01	   1.6802832831691203e-01	   5.3876793702546200e-01	   5.6454453071275990e-01	   4.5726084293937774e-01	   2.2625727764627057e-01	   6.8816326110978998e-01	   4.9261728273561656e-01	   4.5501680498465036e-01	   3.8820215026999205e-01	   7.9420882246532742e-01	   7.1310034290223900e-01	   5.0870345306333142e-01	   4.4204339007487048e-01	   6.9744668056415493e-01	   6.3946530228957066e-01	   5.8439109010659296e-01	   6.9209497870834480e-01	   3.5715330758044633e-01	   2.0729733703869330e-01	   2.7620162025575629e-01	   3.5325462595355062e-01	   4.6665189277646674e-01	   5.4613098471019150e-01	   4.4688559662572380e-01	   3.2408799445906156e-01	   4.3973695533927348e-01	   4.1819536875891028e-01	   5.8490823020043381e-01	   5.3140687457679703e-01	   6.0460965449664328e-01	   5.2742281375749567e-01	   5.1216318726480714e-01	   3.2877986266596321e-01	   6.3748233053360437e-01	   5.2460523434905759e-01	   4.0673540746526016e-01	   4.3562317182847093e-01	   3.4695012876677411e-01	   5.4355977805246547e-01	   3.3202228744641982e-01	   2.0783884617444667e-01	   3.8686583240451133e-01	   3.0555730422754795e-01	   3.0938753162057991e-01	   3.5021878098225362e-01	   2.1675755979696515e-01	   3.6159176437737905e-01	   2.2142962465024835e-01	   2.5616555531061491e-01	   2.5401398057498947e-01	   2.7301677182391704e-01	   2.0919051754406742e-01	   3.3194219685301352e-01	   2.4436234255397558e-02	   2.1918998891284303e-01	   2.0956678017410085e-01	   3.4267724815901990e-01	   3.0411059930002693e-01	   3.4188716450744838e-01	   4.3613022114932359e-01	  -1.2909111794071160e-01	
   6.6683993064815561e-01	   6.1298701973702774e-01	   7.9853237031274027e-01	   0.0000000000000000e+00	   4.3525273349113425e-01	   2.9288919493845778e-01	   8.1036086041249655e-01	   7.9723170316205105e-01	   5.9194286044251665e-01	   5.6527360135320137e-01	   4.4823853522756874e-01	   4.5705553320849096e-01	   4.6223656034218780e-01	   4.2750758774025266e-01	   6.2041006952577871e-01	   6.1545022873728894e-01	   4.6581713522386520e-01	   3.9167981590197232e-01	   7.5022418024004123e-01	   7.0529808490706891e-01	   1.5039198965476436e-01	   1.2370225029514539e-01	   7.7507659308956256e-01	   7.7858528408457661e-01	   4.2390601736291644e-01	   3.9650110967733065e-01	   3.2548377229591197e-01	   2.5703492627980296e-01	   5.0984595445407155e-01	   3.6504455864089752e-01	   7.4255149226029382e-01	   7.5222380887015472e-01	   7.2822743013026825e-01	   6.9915620955946767e-01	   3.1437613102488904e-01	   3.8062681778846569e-01	   1.8236577468518228e-01	   2.7550984814613991e-02	   4.2349656214922582e-01	   2.3334779347703671e-01	   2.5547773616434538e-01	   1.5518237961290829e-02	   7.1628980319795782e-02	  -5.8812047195517303e-02	   1.0334535308249088e-01	   1.0792239674013282e-01	   6.8766705064766592e-02	   6.4260403177273107e-02	   4.9771596702167853e-02	   5.1109051358904291e-02	   1.1181957171008711e-01	   8.8768880717114154e-02	   2.5667907980691212e-01	   1.9810594064147313e-01	   2.7150121503032065e-01	   2.1457978759335883e-01	   5.9418632294855145e-01	   6.2199980558172130e-01	   2.8699630003438115e-01	   2.2447575873097880e-01	   4.7337425883064077e-01	   5.2391237266296042e-01	   4.8768441027582288e-01	   4.2609566361782802e-01	   5.7890757210636012e-01	   5.9053312905131705e-01	   3.3930633431981710e-01	   3.1641656378563643e-01	   5.7233910860383208e-01	   5.8936173968379368e-01	   6.8558311250408910e-01	   6.9101741354445823e-01	   4.0254391583288507e-01	   3.1936308704638583e-01	   3.3338250128731745e-01	   3.7372795705945455e-01	   4.6960314528688235e-01	   5.6157395646504515e-01	   4.6788295768579186e-01	   3.3023881885979567e-01	   4.2460699131234036e-01	   3.7032410421058093e-01	   5.1497100041450661e-01	   5.0969816454180406e-01	   5.0586754079759944e-01	   4.5388479110844487e-01	   3.4402630484275359e-01	   1.7050732301621821e-01	   4.5135703651827735e-01	   4.2210578268835430e-01	   3.4551367999554961e-01	   3.3592660625968135e-01	   3.3239507781504851e-01	   3.4253620134634738e-01	   3.9583892955345590e-01	   2.7446793612114584e-01	   3.1468436769362235e-01	   3.5564618119491370e-01	   3.2385448061406874e-01	   3.3474881940405887e-01	   2.8467150211715930e-01	   1.7330915640073602e-01	   2.3689037787239725e-01	   1.2004255570601809e-01	   1.6842810312853598e-01	   1.7636009195520883e-01	   1.8796088186866367e-01	   3.1423804608189010e-01	   4.8255743794089971e-02	   2.7472984433541603e-01	   1.9528318324271471e-01	   2.9968498134505228e-01	   2.7568300062668843e-01	   2.8967946402780731e-01	   3.2070954534800467e-01	  -1.8508133926587922e-01	
   3.0865068114545524e-01	   3.2566993287308021e-01	   4.8373822293665170e-01	   4.3525273349113425e-01	   0.0000000000000000e+00	   6.3728895142529851e-01	   3.9674678039814615e-01	   2.2392695455318268e-01	   5.4154475348275999e-01	   3.3430393304843753e-01	   1.1816634539980617e-01	  -1.0381096913583524e-02	   9.7433069526186578e-02	   1.8479914488655378e-03	   2.9903271743569859e-01	   1.6150650380684700e-01	   2.8538732717758769e-01	   2.0785256924407769e-01	   3.4840791197039095e-01	   2.8564085697889752e-01	   4.8085817660227476e-01	   4.7569943663150871e-01	   3.6964490275933226e-01	   3.1552383998523065e-01	   4.2946154263446218e-01	   3.7079273894640946e-01	   7.1420009594728473e-01	   5.2875118939605503e-01	   1.7814123427174600e-01	   1.0839981390821214e-01	   2.8724516117903504e-01	   1.7080272441185720e-01	   3.1625091045742459e-01	   2.2106277158612217e-01	   2.5451697378933280e-01	   2.1403907329507491e-01	   1.9673041469476793e-02	  -1.8603747655997746e-01	   2.8151985731430496e-01	   2.7404884979610039e-01	   9.6508956513383232e-02	  -9.0552193397656522e-02	   1.1869842772316215e-01	   4.5887078750212792e-02	   1.6288249204183658e-01	   1.6517298310176259e-01	   3.5660824793383667e-03	   8.0986868700027873e-02	  -1.9095571291047178e-02	  -5.1474504528419007e-02	  -1.2074823648962679e-01	   1.8440301654313353e-02	   2.2247517963654390e-02	   1.8193238834821451e-01	   1.5317352770407511e-01	   1.7644618069680323e-01	   5.0350806833177975e-01	   3.9954105383004834e-01	   2.7687996576523638e-01	   1.2504651097838013e-01	   2.5514996576457788e-01	   9.9196921573136088e-02	   3.7835035622318491e-01	   2.6299139040893710e-01	   3.6040981639577474e-01	   2.5566248605335873e-01	   2.9646067553203814e-01	   2.3876594055681577e-01	   4.3883007525130457e-01	   4.0485968756384666e-01	   3.8682218796661744e-01	   3.5502777980577171e-01	   2.6071476388744874e-01	   1.8770884562382509e-01	   2.8140165397268785e-01	   2.8906314073477546e-01	   2.7892031282211677e-01	   3.0098025837417697e-01	   4.1041844061272947e-01	   1.3173716108054909e-01	   3.2604675667773825e-01	   1.4700545939038245e-01	   2.5813735474827915e-01	   1.6891675738589162e-01	   1.5360336961087898e-01	   1.7618056970919238e-01	   4.2151128564064394e-01	   3.1175235228732517e-01	   2.8712721739932545e-01	   2.9472029547262790e-01	   4.0325286682979455e-01	   2.9570091945907001e-01	   3.0535896091461001e-01	   3.2459009026978708e-01	   2.3291593078966444e-01	   1.8666406644212230e-01	   2.6887584555739441e-01	   4.1486876160850950e-01	   2.6629937523723723e-01	   2.9070085318178390e-01	   2.0543491333401387e-01	   1.3269284970236378e-01	   3.9608766461085854e-01	   3.4168634980407053e-01	   4.8641339026462627e-01	   2.0561847879973968e-01	   2.0650916597495700e-01	   1.3844657518505504e-01	   6.4306836897192965e-02	   8.8118206888295914e-02	   1.5321656916366622e-01	   2.9995679682302295e-01	   2.6249305050724253e-01	   2.8880329812521011e-01	   3.5102295070337053e-01	   2.9044024922167477e-01	
   1.9456451256622034e-01	   1.6981842429891439e-01	   3.3796923386155620e-01	   2.9288919493845778e-01	   6.3728895142529851e-01	   0.0000000000000000e+00	   3.1176955940016826e-01	   1.6875744394371062e-01	   3.2547867200180330e-01	   5.2382884953047526e-01	   1.8758653534536460e-02	   7.8252141383177223e-02	   1.3082326805168412e-01	   1.6254056436876255e-01	   1.1760126378062834e-01	   3.2174451227121892e-01	   2.0345122813975708e-01	   3.6806936980614491e-01	   2.2041445583448677e-01	   1.7774444047495191e-01	   1.6190524491044378e-01	   2.9481085403383511e-01	   2.5788735706143706e-01	   2.3395416650273981e-01	   3.2812538109761175e-01	   4.3694987782159889e-01	   3.3785083602057830e-01	   5.8151349135382091e-01	   2.0061550410017598e-01	   2.8419210854663413e-01	   1.5960287418740166e-01	   6.5337185939322973e-02	   2.3137465825924211e-01	   1.6956180716332458e-01	   2.5375308503979455e-01	   2.8618751644072582e-01	  -2.5940206308401215e-02	   1.1203577471378278e-02	   3.1022493055291106e-01	   2.7997622176381071e-01	   9.5797388805852427e-03	  -8.3274660274023332e-02	   3.2138023807041483e-01	   3.2247922428477949e-01	   3.6084036450851248e-01	   3.7739045318465320e-01	   2.8332938627796067e-01	   3.1142367112656311e-01	   2.4017803983764580e-01	   2.4844627447875411e-01	   6.5530775123648216e-02	   2.3305894322295465e-01	   1.4952814303689207e-01	   2.6206103767443789e-01	   3.5027216143117196e-01	   2.0716541900717686e-01	   3.0413831402577118e-01	   2.0134667741552562e-01	   1.9896053997916446e-01	   1.1750938433032895e-01	   1.9426243135514037e-01	   2.1330023178712049e-01	   3.0981451230559720e-01	   1.6254862806109369e-01	   2.1511896461415705e-01	   2.7710510467677363e-01	   3.2535747662961140e-01	   3.2208978263052557e-01	   3.0602317095102138e-01	   2.6914920686147259e-01	   2.7467883304531943e-01	   3.1832143797388279e-01	   1.6439631237870739e-01	   3.3658267950374665e-01	   9.0908715445024102e-02	   3.4513862385821953e-01	   2.1825581145581502e-01	   3.6025331674630873e-01	   3.2138675981908760e-01	   2.2394519446469263e-01	   1.8466883826135191e-01	   2.4707112080288407e-01	   1.6874044602765162e-01	   2.9063153008928200e-01	   1.4657364550490412e-01	   3.1264002322656403e-01	   4.3939381673175126e-01	   3.9270401487214956e-01	   2.6111502749401982e-01	   1.7014781029176182e-01	   3.4658449703337502e-01	   1.3481599789724208e-01	   2.8446467524236480e-01	   2.6317533695424017e-01	   3.9627273652128209e-01	   1.6575256667017366e-01	   3.9113676848676249e-01	   3.4398911236624352e-01	   3.7954485867391485e-01	   2.5950210737477936e-01	   1.7079853669617509e-01	   1.4437004558359490e-01	   1.9185173017539536e-01	   1.7058604017228768e-01	   3.6414459444968728e-01	   1.9734512573977819e-01	   6.7219271290167915e-02	   1.6780198443489028e-01	   9.9532268178395861e-02	   2.5156108246520015e-01	   3.6084119631670547e-01	   3.6959718644996442e-01	   2.7362493156402595e-01	   2.6028963339004052e-01	   3.6327036875244373e-01	   7.7515431250120295e-02	
   7.7725112443841171e-01	   6.3995864953270154e-01	   8.0550706142962591e-01	   8.1036086041249655e-01	   3.9674678039814615e-01	   3.1176955940016826e-01	   0.0000000000000000e+00	   8.3020116163193136e-01	   6.8347955814851447e-01	   6.3332685116565313e-01	   7.1490906304673862e-01	   6.5551878507854511e-01	   6.9865152296900357e-01	   6.1702150601871475e-01	   7.1687113395367086e-01	   6.9628792989478017e-01	   5.5658823580832772e-01	   4.8293014700876036e-01	   7.8122623163439486e-01	   7.2141290949826986e-01	   7.4700284979201600e-02	   6.5543960552198396e-02	   6.7375814351258623e-01	   6.0568771697175494e-01	   2.5594583776120561e-01	   2.6249535318639627e-01	   2.2211403220131129e-01	   2.1263932413181305e-01	   5.9657873582955945e-01	   5.1640230409055166e-01	   6.7079499674388787e-01	   6.9325573433190435e-01	   7.8437401063605350e-01	   7.6882143042061024e-01	   3.3236619095765818e-01	   4.0770994722922116e-01	   1.8478839805073316e-01	   5.7301327731688417e-02	   3.8707854463490426e-01	   2.8786923344123971e-01	   2.9787784823916141e-01	   1.2572690008307533e-01	   2.0489101069529547e-01	   6.2738496112185682e-02	   2.6125843741119625e-01	   2.4126432651885676e-01	   2.1059634339822039e-01	   2.1138802493397107e-01	   2.2303695177292648e-01	   1.8817919862435983e-01	   3.1518088064257538e-01	   2.6271797528572260e-01	   3.9913829578090093e-01	   3.5025817625955574e-01	   4.2247342846495028e-01	   4.0897530902976909e-01	   5.8927648374567210e-01	   6.3979197769367357e-01	   5.6276271148031110e-01	   4.5205688487274909e-01	   7.2606266216552862e-01	   6.7614368552877102e-01	   5.7428298580058179e-01	   5.8276479320837793e-01	   5.4380885163437342e-01	   6.3347909499453381e-01	   5.0042381131207914e-01	   4.6568808082401492e-01	   6.0819837988345948e-01	   6.8873119288287776e-01	   6.4481086442844804e-01	   6.6237243982051064e-01	   4.7351225102326505e-01	   4.2743571520236434e-01	   3.3617479358541003e-01	   4.3121916621526163e-01	   6.0011348916119656e-01	   6.4284375534150917e-01	   5.3806062220286499e-01	   3.7195597663366931e-01	   5.1147003580595740e-01	   5.0138269932646351e-01	   6.0310949414803849e-01	   6.6246038419644249e-01	   5.5461501080137365e-01	   5.1162261949134813e-01	   2.3615890671826550e-01	   1.8932374305108668e-01	   6.0392480199438792e-01	   5.8778142521185917e-01	   4.5845552127656547e-01	   4.7377229089094319e-01	   2.9420523307570645e-01	   4.0677964984927284e-01	   3.8720857891298688e-01	   2.2400819542845438e-01	   4.2770492062744986e-01	   4.0252692896992404e-01	   5.2563857254024660e-01	   5.0349179699770152e-01	   4.3654610822083395e-01	   3.2291133553201301e-01	   3.2122509979956332e-01	   2.2711913061902891e-01	   6.9803386614522470e-02	   2.1686672630397597e-01	   3.5364336188132300e-01	   3.9856512025729396e-01	   9.6769077462706150e-03	   3.0794688556407002e-01	   2.4950951761781154e-01	   3.9576815238413809e-01	   4.6142138026858293e-01	   3.8892543314913386e-01	   3.8623196478094868e-01	  -3.1224108385915705e-01	
   6.9132172220390176e-01	   6.4753973782819751e-01	   6.0005270160913782e-01	   7.9723170316205105e-01	   2.2392695455318268e-01	   1.6875744394371062e-01	   8.3020116163193136e-01	   0.0000000000000000e+00	   6.4962660544487716e-01	   6.7131396519245001e-01	   6.2904969225648200e-01	   6.9580323039134617e-01	   6.8105989060547056e-01	   7.1287185416899623e-01	   7.0679984120785688e-01	   7.2555009850470809e-01	   5.1775812155468892e-01	   3.0872036599138569e-01	   6.9158499345855995e-01	   6.5269552000515307e-01	   1.1898484373967670e-02	  -2.6806798486458436e-02	   5.6906613707292575e-01	   5.8426602283294493e-01	   1.0386386263406594e-01	   1.0485024121249334e-01	   1.2457142467318302e-01	   5.0070762742287507e-02	   5.0684903529842440e-01	   4.5339209577504880e-01	   5.6428662371375105e-01	   6.7232095512787227e-01	   6.3229621544387382e-01	   6.9033226651377799e-01	   1.9054641828236996e-01	   3.1771918339510641e-01	   1.1003575886053049e-01	   3.6734820711763740e-02	   2.0892430760130382e-01	   1.0989607813174995e-01	   1.6707539358136111e-01	  -3.6857905577380584e-02	   2.0210486547897610e-01	   8.9151116393242927e-02	   2.4134625413322902e-01	   2.2391696832555308e-01	   2.5708060196180760e-01	   2.1415371212727019e-01	   3.0451954242166679e-01	   2.2179642310141423e-01	   3.5507400338863876e-01	   2.4730319073846435e-01	   4.4265283164660230e-01	   3.6609384588345184e-01	   3.6470777569798096e-01	   3.6245248116826045e-01	   5.0689596901550171e-01	   5.7011370611387757e-01	   4.0686151737217585e-01	   4.3317698398861954e-01	   5.2717579204922749e-01	   7.3476969684356130e-01	   3.5959546774458778e-01	   4.4203798292415725e-01	   3.6348012362875781e-01	   4.5860139274035377e-01	   3.3736382129900833e-01	   3.6869786251020059e-01	   4.7617615470124131e-01	   5.9748689420137058e-01	   6.9389872201537273e-01	   6.1994165251098987e-01	   4.5004629939697932e-01	   3.2709434010224481e-01	   4.2482274453938468e-01	   4.0947768501954018e-01	   5.6058383232977560e-01	   5.5730578916777973e-01	   3.9389696060162133e-01	   2.0200346219873824e-01	   4.3919611546237042e-01	   3.7352741930500216e-01	   5.4087083081151688e-01	   5.2573103238284791e-01	   5.1723085760551613e-01	   4.4682030500145198e-01	   5.0674072044251818e-02	   4.2140856604063900e-02	   4.7470106791126210e-01	   4.8404435707628951e-01	   4.9886348600712854e-01	   4.7941064199382977e-01	   4.4016518919428532e-01	   4.0027488040421821e-01	   2.7493957963348620e-01	   1.8521700531246491e-01	   3.6042304293103811e-01	   3.4005713378810448e-01	   5.1490415674463419e-01	   4.8659608982767977e-01	   4.6971379002416391e-01	   3.2023747475203257e-01	   2.1602236880666403e-01	   2.0242928807363747e-01	  -1.1095400350969197e-03	   3.9355536829624470e-02	   3.2706636704700187e-01	   3.9077824807071676e-01	   6.2387985445174668e-02	   2.8741250962053616e-01	   2.2182281028864326e-01	   3.9260933633809181e-01	   5.1656783689944863e-01	   3.7400016610347397e-01	   3.1354184906908988e-01	  -3.3676956813938796e-01	
   6.1955114821324331e-01	   5.5637462479105049e-01	   5.9239141422310782e-01	   5.9194286044251665e-01	   5.4154475348275999e-01	   3.2547867200180330e-01	   6.8347955814851447e-01	   6.4962660544487716e-01	   0.0000000000000000e+00	   5.9242353947803772e-01	   5.7641512084265289e-01	   4.7578219058496801e-01	   6.3455024059315845e-01	   5.7677473343797470e-01	   7.2262803836904199e-01	   5.7486977165752373e-01	   4.7819116468236367e-01	   2.8097346709834925e-01	   5.0763890186379257e-01	   4.8394195082905500e-01	   2.0323588168825243e-01	   1.5692583069977878e-01	   5.4837697001490326e-01	   5.2336376619009917e-01	   3.0782012357001831e-01	   3.1793885893545326e-01	   4.3082497265863473e-01	   3.4321192335311124e-01	   4.1351319314564866e-01	   2.2227861532290605e-01	   4.3134808444605149e-01	   4.0125515593110461e-01	   5.5012714319622913e-01	   4.6148889324418868e-01	   3.4209133746875420e-01	   3.6974098944503375e-01	   3.5552606900592143e-02	  -2.4981126180843952e-01	   2.6740041442632445e-01	   1.5861816098486117e-01	   1.8332900547148478e-01	  -8.2538408251042403e-02	   3.5464680883048993e-01	   1.9616931868516588e-01	   3.7861015013254185e-01	   3.0922139180812214e-01	   2.8542045332502042e-01	   2.9577901952662011e-01	   3.4058873457831323e-01	   2.2998323188509290e-01	   3.1783198753858366e-01	   2.8117967587746429e-01	   4.1879251214256819e-01	   4.5081870970107585e-01	   4.2629448966661720e-01	   4.6796436312438838e-01	   4.5083896293164916e-01	   5.3732398860691122e-01	   5.4362666432190176e-01	   4.8893998291901619e-01	   5.8938517992459261e-01	   5.3581351721336878e-01	   3.6543109776139582e-01	   3.2010561372016239e-01	   4.5572913728363640e-01	   4.5171288580495972e-01	   5.0502308790946693e-01	   4.7229068462982909e-01	   5.5384486164887248e-01	   6.2552443948306358e-01	   5.5422985878291520e-01	   5.3111253328047903e-01	   4.1285916724782545e-01	   2.3926523603061595e-01	   3.7145357519480349e-01	   3.5833159532613057e-01	   5.1650730693028213e-01	   4.7195278366898219e-01	   4.4204435711316559e-01	   1.5944374915243864e-01	   4.9328932909166850e-01	   3.0949147942199573e-01	   4.8044587639005576e-01	   3.2055271923718964e-01	   4.5522150832363406e-01	   2.9752146861002754e-01	   2.1609481153449472e-01	   2.0597099866029012e-01	   5.6928343987339802e-01	   5.0185177085621824e-01	   6.2671839728397871e-01	   5.5889241291379199e-01	   4.3314766329617016e-01	   4.0951891887433356e-01	   2.6374920967883264e-01	   2.1058439397085540e-01	   4.2259745445136887e-01	   4.4041605441827075e-01	   5.3872373265738505e-01	   5.5197356137202203e-01	   4.0849701648854914e-01	   2.5134438999611797e-01	   2.9812291156139870e-01	   2.6222143049095142e-01	   1.7340711014870402e-01	   1.5444106922372491e-01	   5.0634294856991358e-01	   4.7205577851042152e-01	  -3.9345617355785213e-02	   9.5769361532121983e-02	   2.7118455517596707e-01	   4.4774941419518322e-01	   6.4460529462802951e-01	   4.2522068503193899e-01	   5.5611735125470640e-01	  -6.5834205510279326e-02	
   6.2906514572699834e-01	   5.3668578696864033e-01	   4.0342006913876494e-01	   5.6527360135320137e-01	   3.3430393304843753e-01	   5.2382884953047526e-01	   6.3332685116565313e-01	   6.7131396519245001e-01	   5.9242353947803772e-01	   0.0000000000000000e+00	   4.4049788482990643e-01	   6.4923089846432636e-01	   5.9249965601648691e-01	   7.3176111555292134e-01	   4.6230363453419709e-01	   7.6800846677777534e-01	   3.8402442577088286e-01	   5.2662487970503113e-01	   5.3783993231863625e-01	   5.2127042867142803e-01	   5.4778669869983102e-02	   1.0517954674406517e-01	   3.8738313916386724e-01	   4.0658267417782590e-01	   5.3845081587319488e-02	   1.5825863404800802e-01	   1.6816620781521666e-01	   2.0958468401497235e-01	   4.7305063069604270e-01	   5.0922985928611642e-01	   2.9713378310482547e-01	   3.1325653383762520e-01	   4.4311978799486168e-01	   4.7535905743797013e-01	   6.9658392184001244e-02	   2.0940464020289545e-01	   3.3342451518825998e-02	  -7.9409199143878437e-02	   2.3510462149479350e-01	   1.5977109085300767e-01	   1.2275554325165469e-01	  -1.0050957896258647e-01	   3.3337738668629235e-01	   2.6605181439402104e-01	   3.9181328535052051e-01	   3.5455807941594814e-01	   3.6247313633758343e-01	   3.7339977167188348e-01	   4.8733020089145107e-01	   3.7478436602564058e-01	   3.9708120297846000e-01	   3.9891803761381389e-01	   4.3638527821486173e-01	   4.4057040523049101e-01	   4.4046384043192999e-01	   4.6012531891961672e-01	   4.7097266667841337e-01	   4.7183884579723112e-01	   3.9983008503799372e-01	   3.7546134121206770e-01	   4.5445770301301697e-01	   5.7625509780916739e-01	   4.2459974785848303e-01	   4.3681827761557790e-01	   1.6753378197315524e-01	   3.2732694246396221e-01	   3.6089360348739580e-01	   3.6321713539810718e-01	   4.5886546535694717e-01	   5.2539599100513967e-01	   4.5787618013738229e-01	   4.7865509045674276e-01	   3.1535653444368700e-01	   4.1348023277235202e-01	   2.9300718533039666e-01	   4.7594240643947550e-01	   4.4541928863908975e-01	   5.4841103575970762e-01	   3.2549934827116367e-01	   2.7252673069571243e-01	   4.0899255992001593e-01	   3.6773846365826313e-01	   3.4088863447296180e-01	   5.0043393176575734e-01	   3.4016211255154233e-01	   3.4470989605337249e-01	   1.7454249634993979e-01	   2.1882788192076008e-01	   4.1042322646619306e-01	   4.1530042265484579e-01	   5.6396610500397815e-01	   4.3763302583876706e-01	   4.1655787360724850e-01	   2.8273329372806710e-01	   2.2330742060155817e-01	   1.5530439585522626e-01	   2.9900986686338082e-01	   3.4071116032656612e-01	   5.6157078970911090e-01	   4.6189875163564897e-01	   4.5473295684454224e-01	   1.9417544232619438e-01	   2.3847963445555315e-01	   1.7622514999715552e-01	   8.6786352534156577e-02	   1.0865403403119933e-01	   3.0466138579310753e-01	   3.4223976396436362e-01	   5.9369689558294407e-03	   1.4807544015583390e-01	   3.0987568710750285e-01	   4.1952938873471068e-01	   5.6383007308210098e-01	   3.2283469911278839e-01	   3.0583927777240028e-01	  -1.2622786262823832e-01	
   6.7520004708408321e-01	   5.6135253120524875e-01	   4.0957682871690593e-01	   4.4823853522756874e-01	   1.1816634539980617e-01	   1.8758653534536460e-02	   7.1490906304673862e-01	   6.2904969225648200e-01	   5.7641512084265289e-01	   4.4049788482990643e-01	   0.0000000000000000e+00	   7.5439720167876179e-01	   7.7853939692143548e-01	   5.8177889287567008e-01	   7.0514644385325953e-01	   4.9402397382157232e-01	   6.9857355929614762e-01	   4.8395797779946526e-01	   4.4332010322493309e-01	   4.3308083941264863e-01	   7.2737997638282315e-02	   7.7144675580847217e-03	   1.8875922633251335e-01	   1.4985461580249065e-01	  -1.0794178110001013e-01	  -4.3121877523753314e-02	  -2.5502789440178468e-02	  -1.4145463289964405e-02	   7.2040682739831086e-01	   5.7047832574340751e-01	   2.7316734577029872e-01	   3.3638447836873142e-01	   4.5771978075644321e-01	   5.4952770539431617e-01	   3.9265722110459859e-02	   1.6401405380599127e-01	   3.3786300175928841e-01	   9.5541015301822851e-02	   2.6800184652694364e-01	   2.2438931334490156e-01	   3.6695960219969470e-01	   2.3851799602626789e-01	   2.7422788782590779e-01	   1.4675934174085853e-01	   2.6785899807146701e-01	   2.8198108948700856e-01	   3.5833257980420363e-01	   1.9634098926916646e-01	   3.1742820492044010e-01	   2.6818050159545137e-01	   5.0406559431091091e-01	   3.7223908855586485e-01	   5.1006921256207272e-01	   3.7646010693853105e-01	   5.1158619842793884e-01	   4.6070218413155939e-01	   4.3371452699691032e-01	   6.3471281129409085e-01	   6.9270933105402732e-01	   6.5378054499790250e-01	   6.7699382876997150e-01	   6.8413047303128161e-01	   5.4068017092408105e-01	   6.7296750062021660e-01	   1.4921086913377640e-01	   5.2987631495490883e-01	   4.1511502111861853e-01	   4.1959896228769022e-01	   2.7519006881333991e-01	   4.7812592430103723e-01	   5.3274468947171261e-01	   4.1253419845879408e-01	   5.6708272927644554e-01	   4.4384653418442443e-01	   3.9830379358137918e-01	   3.7928365673354592e-01	   6.4933299731899885e-01	   5.7236749832270173e-01	   4.6114978494054693e-01	   3.4843891896166684e-01	   6.1017915048841043e-01	   5.6355155546307034e-01	   6.0753163386828324e-01	   5.8327706532010981e-01	   5.1611483301548378e-01	   3.5524552424953171e-01	  -2.7368466501360572e-02	   1.1576762413173865e-01	   6.0404568330809782e-01	   6.0813730091896268e-01	   2.7670147105016457e-01	   3.4206062607104143e-01	   3.3687765970275327e-02	   1.5214276395236748e-01	   1.7084697863798104e-01	   1.2222887704898414e-01	   3.9688228465096320e-01	   2.8724724828834031e-01	   4.2955602971305346e-01	   4.6271638310531937e-01	   4.4379471388297304e-01	   3.4818328670696685e-01	   2.9222952860556772e-01	   2.4569420593523900e-01	  -1.3847640667552882e-01	   1.5041450441844945e-01	   4.7636906744022434e-01	   4.3980371316380468e-01	  -3.7766921198442313e-02	   2.0365433831463725e-01	   2.3172830041604225e-01	   2.7761219061751058e-01	   5.2408707060919646e-01	   4.0563586630006565e-01	   3.0284171128435861e-01	  -4.7373081060349442e-01	
   7.3039279333361229e-01	   6.3264823039660689e-01	   2.7840371439206790e-01	   4.5705553320849096e-01	  -1.0381096913583524e-02	   7.8252141383177223e-02	   6.5551878507854511e-01	   6.9580323039134617e-01	   4.7578219058496801e-01	   6.4923089846432636e-01	   7.5439720167876179e-01	   0.0000000000000000e+00	   7.4076660732782962e-01	   8.1031443255821434e-01	   6.1251783989883579e-01	   7.1485467015745319e-01	   5.7949021729881300e-01	   6.3949851708376837e-01	   5.2192241475808487e-01	   5.2465982142962575e-01	   4.6075143390735471e-02	  -3.5602168880132401e-02	   2.1247763524917226e-01	   2.1866006008617284e-01	  -1.4797157487469587e-01	  -4.0192760840322694e-02	  -7.4614418297817953e-02	  -1.0658891710289373e-01	   6.2799841461405337e-01	   7.6465118377274655e-01	   2.6906731213101354e-01	   3.7578987876250280e-01	   4.7405064121312568e-01	   6.2701794851195269e-01	  -5.9067092548800583e-02	   1.7143805480697949e-01	   2.1262546902455898e-01	   1.4245079641838693e-01	   2.6703298793142788e-01	   2.4805086557610440e-01	   2.5525348286623761e-01	   2.2378302974223280e-01	   3.4738541880406104e-01	   2.6052349957866211e-01	   4.2397865391454853e-01	   4.0656472189587439e-01	   4.6566563665645394e-01	   3.7125367648883228e-01	   5.6365527996747367e-01	   5.0094318135033578e-01	   6.6193509949131402e-01	   5.7143473722167060e-01	   6.0553837976030311e-01	   4.3617146985951161e-01	   5.8120209103161258e-01	   5.8219500366813304e-01	   4.3965122031819948e-01	   5.4236179512890326e-01	   5.5736084103972927e-01	   6.1371293661779758e-01	   5.1650411960348386e-01	   6.9894619184860995e-01	   3.9547606696547827e-01	   6.4875928285412476e-01	  -8.5599315235472383e-03	   4.1072348939461079e-01	   3.7072800118768584e-01	   4.3306745084144771e-01	   2.8349657918210586e-01	   5.4328523939011242e-01	   4.4677146531624234e-01	   4.0778899747584318e-01	   4.8522066474837178e-01	   5.9250941833640391e-01	   3.6251436220349653e-01	   5.1140811882796999e-01	   6.1911984019531574e-01	   6.2191202719598970e-01	   3.9151974356397423e-01	   4.8138111744538004e-01	   5.3205047463177613e-01	   6.1148251924139263e-01	   4.6058436143336445e-01	   6.5433856773009191e-01	   5.3243331364221524e-01	   4.0268542652091011e-01	  -8.2120815842199019e-02	   7.9496762573856045e-02	   4.6482930297079345e-01	   5.5955247089908544e-01	   3.6495872859702766e-01	   3.3962670731847378e-01	   1.5258874125880334e-01	   6.7779267884412173e-02	   1.8836084046820339e-01	   2.3358226946248911e-01	   3.5170940500185266e-01	   3.8752117316353002e-01	   5.9130060338541357e-01	   5.3541163676492509e-01	   5.5663677254842225e-01	   1.8560088063001901e-01	   3.2598782285553757e-01	   1.3922555839913944e-01	  -1.0832961041263112e-01	   8.3763556516770393e-02	   4.4137906282358674e-01	   4.4687055130298536e-01	  -1.6571690711947959e-02	   2.0234346542181963e-01	   3.0742518345689357e-01	   4.0083805097243697e-01	   5.3159495649966426e-01	   3.4573722171453108e-01	   3.1825143464642597e-01	  -3.9321868985090636e-01	
   6.5245513256688370e-01	   5.7998164790995177e-01	   4.6987331017344858e-01	   4.6223656034218780e-01	   9.7433069526186578e-02	   1.3082326805168412e-01	   6.9865152296900357e-01	   6.8105989060547056e-01	   6.3455024059315845e-01	   5.9249965601648691e-01	   7.7853939692143548e-01	   7.4076660732782962e-01	   0.0000000000000000e+00	   8.1476605303258443e-01	   7.7909157147394659e-01	   7.2051172455025325e-01	   5.5140206338260245e-01	   4.6160661372525547e-01	   5.4923409066081208e-01	   5.0302885779535089e-01	   1.9465473819888504e-03	  -3.5768163575354069e-02	   4.2417403576850804e-01	   3.8858367482319506e-01	   7.2614392043989465e-02	   1.0377403208077662e-01	   5.3264420628524434e-02	   1.1317914580081850e-01	   6.2165976860399330e-01	   5.2173305266709202e-01	   3.4788353931251648e-01	   3.7356071878179081e-01	   4.8920629603233062e-01	   5.1356743762920654e-01	   1.4637976147355120e-01	   2.5235440290175809e-01	   2.0524625681372849e-01	   2.4753487613427529e-02	   2.8943052843381351e-01	   2.5817269253899705e-01	   3.1571208393188099e-01	   2.1919005975941278e-01	   2.4110941225423527e-01	   1.1167842929904356e-01	   2.6238910133513127e-01	   2.5073983091738261e-01	   2.8782618875668703e-01	   1.9061957063190460e-01	   3.3782353956390992e-01	   2.7320492826150855e-01	   4.4410861416976855e-01	   3.4347812664324073e-01	   5.3161881122314281e-01	   4.3869353399898858e-01	   5.0660385904722072e-01	   4.1581155050279450e-01	   4.1216712781112141e-01	   5.9556496727611885e-01	   5.6084195853228092e-01	   5.1572367398080154e-01	   6.1176845058123663e-01	   7.2360860573208041e-01	   4.9506989957296488e-01	   5.9247055536713111e-01	   1.9798603437990187e-01	   4.6479308720381590e-01	   3.8879815749534885e-01	   3.9036011337879983e-01	   4.3001784906855089e-01	   6.0975778659523616e-01	   5.7785346702040863e-01	   5.1319045650602169e-01	   5.3563278261434910e-01	   4.4571801944735090e-01	   4.6811489007824447e-01	   4.5779770926892127e-01	   5.9444486263699114e-01	   5.5827451021617758e-01	   4.2064198236792816e-01	   3.5314012919403398e-01	   5.9792493255034218e-01	   5.7485909774428590e-01	   6.1624213292109464e-01	   6.5802659598373359e-01	   5.5938802318535252e-01	   4.2747282603415354e-01	   1.3321429425074080e-01	   2.1841330059940103e-01	   6.4475063617554917e-01	   5.7005512213952891e-01	   4.3611903422881992e-01	   4.1802735489003928e-01	   2.8892384847134034e-01	   2.8481499408310917e-01	   1.7991608718729449e-01	   9.2421743754635216e-02	   3.6028866693171768e-01	   2.6336000374802981e-01	   4.7932554457470877e-01	   4.3958914638017677e-01	   4.4765802107709918e-01	   3.3804459772775181e-01	   2.4791967383527308e-01	   2.6709641282917312e-01	  -7.4132978829194618e-02	   7.8638128197589113e-02	   4.7183630866672477e-01	   4.4660839223599852e-01	   1.6040959115328119e-02	   1.3489754083393604e-01	   1.6793994496898895e-01	   2.9451020657670879e-01	   6.3578018925515511e-01	   4.7020497483893592e-01	   4.2672730028349348e-01	  -4.0095606337019674e-01	
