   0.0000000000000000e+00	   9.3287696915211504e-01	   8.9063314799661875e-01	   8.0958558560862914e-01	   6.8248184169154724e-01	   6.3252573936668743e-01	   9.1192674131438067e-01	   8.3695311620526303e-01	   8.2496712655699433e-01	   6.7065225108185544e-01	   8.7897949005874287e-01	   7.8774046195391634e-01	   7.9317719455150693e-01	   7.5448916571856017e-01	   8.3723167840562240e-01	   7.7436181458310172e-01	   8.5879781878921913e-01	   7.5478967927238338e-01	   8.7877638016208404e-01	   8.8823128053958400e-01	   6.4089206765850415e-01	   6.0383347882314653e-01	   7.6226029726070632e-01	   7.0639173458241133e-01	   5.9131146875221530e-01	   5.5277378011886669e-01	   5.7893929097535213e-01	   5.7834408200421494e-01	   7.8489895855496461e-01	   7.4455434335670978e-01	   6.7577620765500823e-01	   6.4534819273245358e-01	   8.9865918752967522e-01	   8.8494700883091126e-01	   6.1905399177289644e-01	   5.8411337568226118e-01	   4.7601902344088581e-01	   3.0175275221062053e-01	   5.0476124458453908e-01	   5.8436899534463693e-01	   6.6519142270495069e-01	   5.2961140697966502e-01	   8.0010081984813641e-01	   6.8046381698026270e-01	   7.4534771341390538e-01	   6.9124061911590629e-01	   7.8775529893912488e-01	   7.9501351544733456e-01	   7.0969472848089366e-01	   6.0850740551344473e-01	   6.7126026062818611e-01	   5.3786259205643450e-01	   6.8715208750519130e-01	   7.3855364527024059e-01	   7.2674818190833146e-01	   7.5291523850217201e-01	   9.2972709978867885e-01	   9.1858104342519586e-01	   8.5823779013060553e-01	   8.2325008402912647e-01	   8.7510155968438441e-01	   7.4145281193620793e-01	   8.7470158712832491e-01	   8.1786111567930087e-01	   6.8984648210650401e-01	   5.5734751449415709e-01	   8.3528665176113570e-01	   7.4950002379493819e-01	   8.3016231902858961e-01	   7.0994115826513715e-01	   7.7190719777285832e-01	   7.6183197021255955e-01	   7.0403416030700017e-01	   7.2245742365237475e-01	   7.8446098069376213e-01	   7.7801788553193130e-01	   7.6838007166670352e-01	   7.5176304372676706e-01	   8.2915995621689031e-01	   7.9616490060907963e-01	   8.7907649123154719e-01	   7.6109652318817034e-01	   8.4674930676622018e-01	   7.8707056767269590e-01	   8.2542223976907414e-01	   7.4089633264790011e-01	   5.3902167334527218e-01	   6.4838283896564208e-01	   7.1669370356615847e-01	   7.8293847437628084e-01	   5.5423900917121793e-01	   5.4898653165682743e-01	   6.7034103254823940e-01	   6.6092002788173876e-01	   4.5116089136435400e-01	   5.5855799687277219e-01	   6.3895109276518269e-01	   6.8989584765165080e-01	   6.6161146231718393e-01	   7.4312812668069839e-01	   6.9787357770874292e-01	   6.7047184458943798e-01	   6.5199609644557299e-01	   6.1065351155234182e-01	   4.4911891878998705e-01	   4.2762385386110940e-01	   4.4543735118630295e-01	   5.0768076825472774e-01	   1.8400622311203130e-01	   4.5902043301445700e-01	   5.8321360531138788e-01	   5.4356044027383854e-01	   6.9262630155627170e-01	   6.0730940582912329e-01	   5.4599849164381264e-01	   1.9107172316475568e-01	
   9.3287696915211504e-01	   0.0000000000000000e+00	   8.5512993794651082e-01	   8.1311896650159310e-01	   6.5288853673617664e-01	   6.1749424046438850e-01	   8.9231680778593803e-01	   8.7734715812540320e-01	   7.8717138362615546e-01	   6.3950025706608982e-01	   8.1439718118010762e-01	   8.0364288848753862e-01	   7.3369829225095351e-01	   7.7787493709430999e-01	   8.0225529077247504e-01	   7.7491786154233488e-01	   8.5785795651589014e-01	   7.9467795678310904e-01	   9.2089782882948468e-01	   9.4834906324544632e-01	   5.8041097495658944e-01	   5.3069205910910366e-01	   7.8628999960881463e-01	   7.3713736218745463e-01	   6.0604933702837238e-01	   5.5452253028345200e-01	   5.0332020257006416e-01	   5.1941684001326227e-01	   7.6412304775480300e-01	   7.5869835531784413e-01	   6.7237725412354044e-01	   6.4783265307568771e-01	   9.1797848408635985e-01	   9.2154495477877796e-01	   6.3018689074256473e-01	   6.2053325356543787e-01	   5.1995677782685579e-01	   3.2800660213182270e-01	   5.2430524727151651e-01	   5.9146530814122766e-01	   6.5307710922587692e-01	   5.1363205004807677e-01	   8.5761978106806847e-01	   7.2685774472034748e-01	   7.9910908788782353e-01	   7.4965892493124642e-01	   8.5812874555993535e-01	   8.6419155445179086e-01	   7.6757245851417610e-01	   6.6387220323805041e-01	   7.0240734356057555e-01	   5.8935843169076696e-01	   7.4461488965461409e-01	   7.9666441079457262e-01	   7.6472522845677160e-01	   8.0101615167169649e-01	   9.2861465336865034e-01	   9.5635768523638232e-01	   8.3476847832057044e-01	   8.3173179554421761e-01	   8.4274973125891117e-01	   7.7755937112375884e-01	   8.4282328133726703e-01	   8.4442004091697753e-01	   6.8925673978293167e-01	   6.0374976517420209e-01	   8.5259059771956369e-01	   8.1124775217273748e-01	   8.8556844376286137e-01	   7.9302594630253997e-01	   7.6348961659309011e-01	   7.6925304280970230e-01	   7.0780446912760575e-01	   7.5868107277980190e-01	   8.0462682619465753e-01	   7.9836465559100822e-01	   7.5172418225287330e-01	   7.7579910489191983e-01	   8.2053766866650901e-01	   8.3883696505389793e-01	   8.9871492225891891e-01	   8.0639008517170174e-01	   8.4418583217391918e-01	   8.1294020776380660e-01	   8.2551591275846237e-01	   7.9217985574310257e-01	   5.3299780728769042e-01	   6.6010241942078396e-01	   7.0274754771448666e-01	   8.1850043485510526e-01	   6.6563162674274101e-01	   6.4939613313914113e-01	   7.5044377987229227e-01	   7.3202060024036197e-01	   4.4144082621855540e-01	   6.2642445534208235e-01	   7.1052332809072416e-01	   7.6516156544491798e-01	   7.5967924840665912e-01	   7.9969264567939013e-01	   7.4811084334113231e-01	   7.2518532898072896e-01	   6.8022199964426466e-01	   6.6734307136735671e-01	   4.4642902909800963e-01	   4.4529660185894038e-01	   5.0658062012836436e-01	   5.7462106641061528e-01	   2.2466417232177158e-01	   5.2936679047939839e-01	   7.1438855221165931e-01	   6.5143816471545768e-01	   7.8431203045125764e-01	   6.4014354062806211e-01	   5.3266281650215508e-01	   1.1519369489694617e-01	
   8.9063314799661875e-01	   8.5512993794651082e-01	   0.0000000000000000e+00	   9.1904213714163996e-01	   7.9833942768749400e-01	   7.9317092337319839e-01	   9.5741509823971938e-01	   9.1462852829569774e-01	   9.1892158924480072e-01	   8.1860393825969591e-01	   8.6041242241585048e-01	   8.1158935184654024e-01	   8.3716825372363135e-01	   8.1400316419922214e-01	   9.0770200852720562e-01	   8.7562254875841361e-01	   8.0271470745320428e-01	   7.0117645348175195e-01	   8.6157653282349833e-01	   8.6056957879669571e-01	   6.6252904931580936e-01	   6.0893422180932588e-01	   9.3447303052723463e-01	   8.8353632181437436e-01	   7.3460354343479273e-01	   7.1707531223615106e-01	   7.2305747050596303e-01	   7.1956261705594371e-01	   7.5841079918401522e-01	   7.0979321896320280e-01	   8.1600349263828931e-01	   8.0104555472262118e-01	   8.7708199356383809e-01	   8.7922079645641094e-01	   7.0774787974462017e-01	   6.4913640753864355e-01	   5.2246412257388442e-01	   3.3466251113976525e-01	   5.7054577204266477e-01	   6.2043151454382639e-01	   6.9966698019869644e-01	   5.4654370176536771e-01	   8.5249548153081045e-01	   6.9592297731795860e-01	   7.8819261927642414e-01	   7.4938991102180019e-01	   7.9740515188177263e-01	   8.1728779528336293e-01	   7.6632653541996976e-01	   6.7893477037256622e-01	   7.4959956150721607e-01	   6.2710354267710045e-01	   7.5543527756974360e-01	   8.1468984854668958e-01	   7.7643665935450012e-01	   7.8267214271744767e-01	   8.8532859067727332e-01	   8.6546649601670356e-01	   8.5207270711574168e-01	   7.9185828075068299e-01	   8.7366052101720859e-01	   7.8492218516241319e-01	   8.2917073646653394e-01	   7.7221845196547756e-01	   7.9406038603456408e-01	   6.5864966290307270e-01	   8.7060990998628407e-01	   8.0066014098563798e-01	   8.3228209526601238e-01	   7.5665771336205068e-01	   7.8220000437128889e-01	   7.9834989071780105e-01	   6.5273166554828788e-01	   6.5736674949706264e-01	   7.3018845383120223e-01	   7.1405203226849401e-01	   7.1988955558911050e-01	   7.1143921039016611e-01	   7.8575259537225339e-01	   7.4588120875317054e-01	   8.5273664773734703e-01	   7.4127805149975479e-01	   8.9807404464771778e-01	   8.4469354302579880e-01	   8.3268823064358899e-01	   7.8320501610556859e-01	   6.5439874536680454e-01	   7.4857343636251950e-01	   7.9693776648267034e-01	   8.4787613181208199e-01	   6.4112021081380688e-01	   6.1890469339523657e-01	   7.4852861526464953e-01	   7.3081371982998644e-01	   4.2762394678148768e-01	   6.0278259062683048e-01	   6.3886678014751164e-01	   7.1733037663425603e-01	   6.7171150476783081e-01	   7.4764160613012565e-01	   7.0978279793085708e-01	   6.8390275177800031e-01	   6.2394369200027056e-01	   5.7709189641892245e-01	   4.1721528343544911e-01	   4.0065577767055838e-01	   4.2450335685733798e-01	   5.4786375453923131e-01	   1.6408821890992140e-01	   4.3510739573120882e-01	   6.3704062732810041e-01	   5.8351164295403235e-01	   7.2982931881503577e-01	   5.7671143558279536e-01	   5.0436380962854566e-01	   1.6156370829562622e-01	
   8.0958558560862914e-01	   8.1311896650159310e-01	   9.1904213714163996e-01	   0.0000000000000000e+00	   7.1662272940319149e-01	   8.0394664851264519e-01	   8.4355717794931995e-01	   9.2389137779946218e-01	   7.8356792357737559e-01	   7.9104950165281496e-01	   7.2155884973972872e-01	   7.7846242973000934e-01	   6.9266481833342763e-01	   7.7166716612715913e-01	   8.2303762145220505e-01	   8.6161170707956725e-01	   7.3347615180147063e-01	   6.5498791199972950e-01	   7.7234708370644967e-01	   8.2241035403033524e-01	   7.0701268686494179e-01	   6.8499084968868429e-01	   9.0055003803521683e-01	   9.4157270486045996e-01	   7.7236782826647377e-01	   7.8755739694999327e-01	   7.2924575214495113e-01	   7.6377683303275123e-01	   6.7912364932294933e-01	   6.7467398428401792e-01	   8.3864076838443946e-01	   8.4534600212932420e-01	   8.1464577452463116e-01	   8.4594473206116150e-01	   7.0202531209395302e-01	   6.9178299476603178e-01	   5.4293011056606155e-01	   3.8820070117865124e-01	   6.5867992687667754e-01	   6.9611279564720585e-01	   7.0908702305168525e-01	   5.7589410059649215e-01	   8.2696027838990893e-01	   6.7403126341580699e-01	   7.1403209549958935e-01	   6.9483879889908806e-01	   7.7207187220964069e-01	   8.0608930450996330e-01	   7.2819447926978675e-01	   6.5306634438834754e-01	   7.5955143212092890e-01	   6.5317719548367281e-01	   7.9499579056670044e-01	   8.4146191094709832e-01	   7.9708609484674131e-01	   8.0072713122625139e-01	   8.5051662802255001e-01	   8.5044025620414354e-01	   7.8354183703843461e-01	   8.1027707734662524e-01	   7.6640158251521850e-01	   8.3046582485535081e-01	   7.1239190675271924e-01	   7.3811810351261575e-01	   7.3001040997393885e-01	   7.5943986171383249e-01	   8.2213253011075649e-01	   7.9931269826305940e-01	   8.0440678732362025e-01	   7.5403819580359288e-01	   7.1616203794980282e-01	   8.0909207291673790e-01	   6.0698943455950605e-01	   6.5207259537446061e-01	   6.8861910589156494e-01	   6.9838194276079302e-01	   6.4042593801843828e-01	   6.6389204048332595e-01	   7.5731713491642860e-01	   6.9899447500198453e-01	   8.0188777318887805e-01	   7.2398306641280463e-01	   8.4857592148896865e-01	   8.3357948326178222e-01	   7.6659179751274309e-01	   7.8237927456213674e-01	   6.6574504013587577e-01	   8.0087516287542027e-01	   7.6880280571988413e-01	   8.6525357021715199e-01	   6.4615717759309954e-01	   5.7992881025727083e-01	   7.7826777062177943e-01	   6.7360088650578165e-01	   4.3530292370317786e-01	   6.6322907250703522e-01	   6.2919460573841357e-01	   7.1996862186638333e-01	   6.7250775712453725e-01	   7.0962753896877739e-01	   7.3766646040997563e-01	   6.4040049370361718e-01	   6.3282315234571329e-01	   5.8040621981026141e-01	   4.7562608289424024e-01	   4.3853168620076699e-01	   4.5839247849111131e-01	   5.0957745222931017e-01	   2.3219344384497947e-01	   4.3823752455983356e-01	   6.0684902707112798e-01	   5.8806980058500535e-01	   7.1151341013242642e-01	   6.0920552001444439e-01	   5.5951337832789116e-01	   2.3287358623714433e-01	
   6.8248184169154724e-01	   6.5288853673617664e-01	   7.9833942768749400e-01	   7.1662272940319149e-01	   0.0000000000000000e+00	   9.0609576186424823e-01	   7.4930548161783173e-01	   7.3654611604439313e-01	   8.5782485458376312e-01	   8.0266396850237987e-01	   6.4777179100076876e-01	   6.1675758834689831e-01	   7.0413518362999816e-01	   6.8352478718186060e-01	   7.8431512776747070e-01	   7.6183579015899872e-01	   6.3498522335099539e-01	   5.5841588029917233e-01	   7.1206331934424649e-01	   6.9033885273691475e-01	   6.5884611600461573e-01	   5.8817551697434356e-01	   7.9346360429627516e-01	   7.4280859949750733e-01	   7.4136778170938755e-01	   7.1799827876189026e-01	   7.4941578711909929e-01	   7.4484593025154755e-01	   6.1184963208087129e-01	   5.3771675672050112e-01	   6.6878412347559624e-01	   6.5871269315537972e-01	   7.2164171767994367e-01	   7.0509501374112171e-01	   6.5398018672453895e-01	   6.0890802492715901e-01	   5.1883522019130723e-01	   3.1562844392423722e-01	   4.8966742080775616e-01	   5.1907451652422765e-01	   5.5893803558178734e-01	   4.3362437446815444e-01	   7.4653255516774963e-01	   5.9455796300054042e-01	   7.4338437183215511e-01	   7.2180710212951060e-01	   6.9480392471020580e-01	   6.8437677111543649e-01	   6.9117244230747854e-01	   6.3936607345046126e-01	   6.5072186077745831e-01	   5.5324029570247824e-01	   5.5829616846129126e-01	   6.1591046114814663e-01	   6.7250921740105274e-01	   6.1407667422382683e-01	   7.3042405755380313e-01	   6.6783035002689783e-01	   6.9891356824921347e-01	   5.8671779136843139e-01	   7.2237715445381889e-01	   5.7965367413981306e-01	   6.8537026510971932e-01	   5.7663967226357959e-01	   6.9364187887304696e-01	   5.5819393389797511e-01	   7.5350361140177124e-01	   7.1113250503401437e-01	   6.9712329869468459e-01	   6.2135489601844363e-01	   7.0285363342733165e-01	   6.8190131406972310e-01	   5.1907392794270224e-01	   5.1244270572035555e-01	   5.7216304328130763e-01	   5.6649475268732885e-01	   5.9734275292334382e-01	   5.4025794816988326e-01	   6.2305949999182020e-01	   5.6363488417639473e-01	   7.2254986945599264e-01	   6.3214992394196279e-01	   7.6181022871463733e-01	   6.7996937005130076e-01	   7.2792802566653103e-01	   6.6775592967807484e-01	   6.0949002193078705e-01	   5.8080007176813564e-01	   6.5690597518796168e-01	   6.6966177338982469e-01	   5.9047166460770528e-01	   5.6585556545056848e-01	   6.8030423206132251e-01	   6.2807896712433409e-01	   3.7600825482338490e-01	   5.1644282755112192e-01	   5.8855836497904401e-01	   6.3599594986553010e-01	   6.4281868792152530e-01	   6.6852699705628815e-01	   6.0236346393359996e-01	   6.3037715782670511e-01	   6.0067883350348017e-01	   5.6165228126053290e-01	   4.6468805714881917e-01	   4.3899845039471896e-01	   3.1780712402539146e-01	   4.1218628157282228e-01	   1.1296652861799822e-01	   3.5400584033352800e-01	   6.3519776531703320e-01	   6.2993540063356168e-01	   6.6773394384527629e-01	   4.7603500469448190e-01	   4.3881624711575490e-01	   9.2189832110944600e-02	
   6.3252573936668743e-01	   6.1749424046438850e-01	   7.9317092337319839e-01	   8.0394664851264519e-01	   9.0609576186424823e-01	   0.0000000000000000e+00	   7.0219997923529376e-01	   7.7691803677216709e-01	   8.2313518864570900e-01	   8.8305989274563257e-01	   6.0797744594529424e-01	   6.6880218211020748e-01	   6.4366706353942171e-01	   7.2530408760200493e-01	   7.8370942927287279e-01	   8.2871135962202347e-01	   6.2600613442026698e-01	   5.6626991030425822e-01	   6.3646853412962701e-01	   6.4585963228682031e-01	   7.4692823670744724e-01	   7.0753880618310494e-01	   8.1471065542200416e-01	   8.3653683653719457e-01	   8.3169825602968195e-01	   8.2555006141889631e-01	   8.4472862494278611e-01	   8.6958763087498647e-01	   5.7693123876151975e-01	   5.5415598440217018e-01	   7.0343444270508626e-01	   7.0436890869250945e-01	   6.9610171496748907e-01	   7.0272807449819097e-01	   7.5489509307965885e-01	   7.3907837920885489e-01	   6.2106584096535400e-01	   4.2942029583664959e-01	   6.2435164500334084e-01	   6.4136958736300187e-01	   6.6067505900471435e-01	   5.1344824500755437e-01	   7.6428814060451977e-01	   6.1708389019295085e-01	   7.0928262347539428e-01	   6.9613369572057759e-01	   7.0757226307205701e-01	   7.2030313425453507e-01	   6.8836216544493378e-01	   6.4064908486418104e-01	   6.9520132652868383e-01	   6.0866389856562653e-01	   6.0268889635113188e-01	   6.6260764960677587e-01	   7.3117238378331961e-01	   6.7084150056896286e-01	   7.2275491660452273e-01	   6.7299380661953845e-01	   7.0792804520222985e-01	   6.4263891328710132e-01	   7.1664562727830439e-01	   7.0353046151826359e-01	   6.4781740758752671e-01	   6.2766297091083856e-01	   7.3201479414690374e-01	   7.3230779797089440e-01	   7.6166488751431372e-01	   7.5337468512821992e-01	   6.8077102152541824e-01	   6.3970917496660751e-01	   6.9705600338164397e-01	   7.3691926507793915e-01	   5.1110888122325293e-01	   5.2555373741629718e-01	   5.6702627042023768e-01	   5.7692150228937944e-01	   6.1525798442502300e-01	   5.9302261602528339e-01	   6.4396058797312772e-01	   5.9308245207958354e-01	   7.0113628246697091e-01	   6.7062415298026745e-01	   7.6520875272031341e-01	   7.3542034276253831e-01	   7.3225145948802650e-01	   7.1990666724401220e-01	   6.3634375703914514e-01	   6.7317520815760057e-01	   6.8249336318105314e-01	   7.5683421590235356e-01	   5.9340707407387761e-01	   5.2585569580323521e-01	   6.8495418250239992e-01	   5.8763645083854610e-01	   3.9509294782048865e-01	   5.5524095139227525e-01	   6.0764201806165530e-01	   6.5562835404659847e-01	   6.3569439934984939e-01	   6.0386986298560141e-01	   5.7639412758566633e-01	   5.6635570181754069e-01	   5.4118551644149160e-01	   4.9412496523459903e-01	   4.8035173413618826e-01	   4.3711886037484682e-01	   3.6200429431114256e-01	   3.5090239099246090e-01	   1.6117466613306472e-01	   3.9097514909986686e-01	   6.2091320892616819e-01	   6.0917038653364664e-01	   6.3354747331320072e-01	   4.6022833300045785e-01	   4.5277796435445034e-01	   9.4829618336195645e-02	
   9.1192674131438067e-01	   8.9231680778593803e-01	   9.5741509823971938e-01	   8.4355717794931995e-01	   7.4930548161783173e-01	   7.0219997923529376e-01	   0.0000000000000000e+00	   9.1826371602694035e-01	   9.1082473539860831e-01	   7.7291335299744746e-01	   9.0624834071693106e-01	   8.4582228502246581e-01	   8.7192411468452569e-01	   8.2101320907395658e-01	   8.7381013956603071e-01	   8.3285014249198064e-01	   8.3964977769921401e-01	   7.5943499411133764e-01	   8.9929906088474487e-01	   8.8489221662417394e-01	   5.6859878940580999e-01	   4.8848220894333266e-01	   8.7051159135810985e-01	   7.8392869724417724e-01	   6.1343831260528636e-01	   5.9236764082062576e-01	   6.0776362811046336e-01	   5.8122440864058644e-01	   7.9242238314821933e-01	   7.3801559758821322e-01	   7.4709637851278143e-01	   7.2124426216448345e-01	   9.0504728286538905e-01	   8.9964121256711072e-01	   6.5530745951113611e-01	   6.0588429693770007e-01	   4.5233266300156338e-01	   2.7820971171961806e-01	   4.4509223402862574e-01	   5.2478245895018061e-01	   6.3588106420613166e-01	   4.8902643621244279e-01	   8.3112599435034129e-01	   6.9703614425161253e-01	   8.1186064689417159e-01	   7.5893289804810626e-01	   7.9544846317137075e-01	   8.0929043495674835e-01	   7.6458173880983460e-01	   6.8135041053054646e-01	   7.1460329771649078e-01	   6.0419243707532622e-01	   7.2610434188592921e-01	   7.7743386029911710e-01	   7.0358105002233495e-01	   7.3129076760275757e-01	   8.8822413513379084e-01	   8.6886210556795185e-01	   8.4629471764553554e-01	   7.7366366169213319e-01	   8.9602902878429880e-01	   7.5560660579225758e-01	   8.7574014003175860e-01	   8.1778456463147320e-01	   7.4303462382300345e-01	   5.6934752092674779e-01	   8.5470709016981994e-01	   7.8885813761502921e-01	   8.2896797146943468e-01	   7.4462439449768147e-01	   7.7919631954955004e-01	   7.4863417034392543e-01	   6.7881095655287227e-01	   6.8835355399114317e-01	   7.5011088935860948e-01	   7.2686450866768193e-01	   7.3850376203797818e-01	   7.3583684916892367e-01	   7.8039851272901006e-01	   7.8520941392939037e-01	   8.5687191910486371e-01	   7.5079740934141537e-01	   8.5390366081615976e-01	   8.0813611497323834e-01	   8.2967794692650010e-01	   7.5774636912919657e-01	   5.2604816235809326e-01	   6.6385384483549670e-01	   7.1315758640395188e-01	   7.9336654562906161e-01	   6.1130476564488356e-01	   6.1596421851928640e-01	   6.7965973886071840e-01	   7.0821417692763888e-01	   3.5389338101733592e-01	   5.4676214221356123e-01	   6.1216111271179807e-01	   6.8765051444336778e-01	   6.6139797403297096e-01	   7.3358647855944270e-01	   6.3887147020280921e-01	   6.7924094132192170e-01	   5.6303392758111626e-01	   5.6564555273522421e-01	   3.2600457922603610e-01	   3.3464309792170410e-01	   3.7681879666411078e-01	   5.2497574534787284e-01	   1.3352274057860797e-01	   4.4251992951103547e-01	   6.4463223961445892e-01	   5.7044121762311717e-01	   7.2247163969620820e-01	   5.1774397179178733e-01	   4.3101777363446736e-01	   8.0498379411342025e-02	
   8.3695311620526303e-01	   8.7734715812540320e-01	   9.1462852829569774e-01	   9.2389137779946218e-01	   7.3654611604439313e-01	   7.7691803677216709e-01	   9.1826371602694035e-01	   0.0000000000000000e+00	   8.4509419305838163e-01	   8.3619650854873873e-01	   8.1830652446682539e-01	   8.7703619362680252e-01	   7.9650418736574913e-01	   8.6551871264171198e-01	   8.1985820099379247e-01	   8.8702178444740265e-01	   8.3545065475039282e-01	   7.7331225520026803e-01	   8.4298057072197641e-01	   8.7662660066328613e-01	   5.6748251667912408e-01	   5.3381573487835388e-01	   8.7954147233372670e-01	   8.7472180035224567e-01	   6.5953363715238844e-01	   7.0509636716616864e-01	   5.9397319334972276e-01	   6.2166212661377140e-01	   7.6587890460896113e-01	   7.5407017971790269e-01	   8.2060439067457114e-01	   8.1765343022349035e-01	   8.7761149970078989e-01	   9.0970360206139889e-01	   6.7376403871870039e-01	   6.8217966954127418e-01	   5.2989297314099604e-01	   3.7720693960631962e-01	   5.5405637651964557e-01	   6.1496688308046166e-01	   7.0503943027629112e-01	   5.9445904814462136e-01	   8.6738724795651612e-01	   7.1819501823255383e-01	   7.9821196422494201e-01	   7.5792527160384471e-01	   8.1763123907698843e-01	   8.4005371760030423e-01	   7.9471923824180624e-01	   7.0021691510161610e-01	   7.5978153032195206e-01	   6.6542419219882043e-01	   7.9794286398660386e-01	   8.2437302792591904e-01	   7.5251026903078688e-01	   7.7132231663642781e-01	   8.8263391496511989e-01	   8.7481977905355013e-01	   8.0846994366887504e-01	   7.9499440265552601e-01	   8.2662459819349610e-01	   8.3424182485755094e-01	   8.0369952105808518e-01	   8.2589745071438270e-01	   7.0801551857488731e-01	   7.0044588075340675e-01	   8.3724756037299852e-01	   8.3730588475453716e-01	   8.2893432204835338e-01	   7.7191241120243426e-01	   7.8552939833801538e-01	   8.1958893565462643e-01	   6.8783231214873108e-01	   7.2627203947629426e-01	   7.5080464602550223e-01	   7.3245723514156302e-01	   7.1772220221296612e-01	   7.3905595103796540e-01	   7.7967903208131084e-01	   7.9196067369159484e-01	   8.4654482598231517e-01	   7.8889161307476896e-01	   8.3392883212020008e-01	   8.6178400808166034e-01	   8.0262770287434604e-01	   8.0227316340888044e-01	   5.5459707846926776e-01	   7.3769249228790257e-01	   6.9970690666871060e-01	   8.4880947509049565e-01	   6.7572490658391782e-01	   6.1769637030123237e-01	   7.3454886124554664e-01	   6.6499843534391179e-01	   3.2490442974523925e-01	   6.1907103412843667e-01	   6.3989591249705291e-01	   7.2751277496258637e-01	   7.0800627055195942e-01	   7.1667502489853874e-01	   6.6806100010767733e-01	   6.2604497532748216e-01	   5.3978230386392367e-01	   5.1996621737474191e-01	   3.1364493077457722e-01	   2.8780847653948211e-01	   4.3125456644225701e-01	   4.9675957233682511e-01	   1.4679645076392206e-01	   4.6346960318862829e-01	   6.7871826664605772e-01	   6.1201049887819248e-01	   7.1440483904306862e-01	   4.9132375558265506e-01	   4.1246219001341422e-01	   6.2546959804025415e-02	
   8.2496712655699433e-01	   7.8717138362615546e-01	   9.1892158924480072e-01	   7.8356792357737559e-01	   8.5782485458376312e-01	   8.2313518864570900e-01	   9.1082473539860831e-01	   8.4509419305838163e-01	   0.0000000000000000e+00	   8.5323808440117233e-01	   8.5984470244989497e-01	   8.0029280934008340e-01	   8.8391864139024301e-01	   8.2190309075007362e-01	   9.1147043455380372e-01	   8.6592735368538043e-01	   8.0634177356663794e-01	   7.1740104983498698e-01	   8.2952929271654119e-01	   7.9778176439117399e-01	   6.1808872249830915e-01	   5.6783167885210784e-01	   8.6427397312225906e-01	   7.8650518549911830e-01	   7.1133233034462928e-01	   6.8128136694810892e-01	   6.7818719455990817e-01	   6.7024651062099472e-01	   7.6968669266494705e-01	   7.1660946062437270e-01	   7.2737306543962843e-01	   7.0209133177800587e-01	   8.3729102178171599e-01	   8.2512361054729921e-01	   6.8287780076421045e-01	   5.9997946078213726e-01	   5.1663422539349368e-01	   3.2713246013453556e-01	   4.8888639047574878e-01	   5.4517991432752133e-01	   6.6456701044679256e-01	   5.2578709101963739e-01	   8.1150624917953174e-01	   6.4475614037780316e-01	   7.9325564481077726e-01	   7.4126724904046570e-01	   7.4642408094591173e-01	   7.5296703517363106e-01	   7.5959428204208201e-01	   6.6004376867175596e-01	   6.9788747582642308e-01	   5.8894263609643738e-01	   6.4700840255966285e-01	   7.0087286150695971e-01	   7.0417695303058481e-01	   6.9753463448305941e-01	   8.2412787233299445e-01	   7.7958223505955748e-01	   8.3535934217454089e-01	   7.0199392508424807e-01	   8.7462343774141627e-01	   7.1092501986929080e-01	   8.3339684276459769e-01	   7.5754332207428954e-01	   7.5920806800500773e-01	   5.8931606531051439e-01	   8.4617648755347130e-01	   7.8018801762961099e-01	   7.8211194939915685e-01	   6.9562029573203077e-01	   7.8412189067579519e-01	   7.7091425503312672e-01	   6.4974756514504040e-01	   6.3748184371330252e-01	   7.2377201515850853e-01	   6.8111970795525467e-01	   7.3859766811413907e-01	   7.0943408165945399e-01	   7.5555396742910430e-01	   7.2061667157705012e-01	   8.4365976724953273e-01	   7.3654718567836353e-01	   8.5545628744838242e-01	   8.2130452082073313e-01	   8.1107165762747735e-01	   7.4061722978928080e-01	   6.1245687659895065e-01	   6.8983762219163758e-01	   7.1847983968894225e-01	   7.7372246556893720e-01	   6.1575782267160739e-01	   6.0758336705040616e-01	   6.8567986220968369e-01	   6.9818991940655428e-01	   3.3821607098104661e-01	   5.1608642752704526e-01	   5.9502543412220565e-01	   6.6545375457206657e-01	   6.3882641980828081e-01	   7.0390795143300677e-01	   6.1465637421351504e-01	   6.7954371637432498e-01	   5.6234088034937679e-01	   5.5626061662461401e-01	   3.7254525856160031e-01	   3.6842811040852630e-01	   3.4537038386056379e-01	   5.1221290340455672e-01	   5.8481738090108461e-02	   3.7213043564054460e-01	   6.3933093808411567e-01	   5.6538649696484999e-01	   6.8598096546893261e-01	   4.8334894627649105e-01	   4.2439084665271787e-01	   4.0985350628789080e-02	
   6.7065225108185544e-01	   6.3950025706608982e-01	   8.1860393825969591e-01	   7.9104950165281496e-01	   8.0266396850237987e-01	   8.8305989274563257e-01	   7.7291335299744746e-01	   8.3619650854873873e-01	   8.5323808440117233e-01	   0.0000000000000000e+00	   7.2816007253161186e-01	   7.9546061232568677e-01	   7.5783569528169648e-01	   8.1070510870073220e-01	   7.8133355309921204e-01	   8.8191094377136703e-01	   7.1194904787128965e-01	   6.7589229721389832e-01	   6.2893026032906718e-01	   6.4223867380996413e-01	   5.6308535886910227e-01	   5.3079228756632924e-01	   7.6178892961207578e-01	   7.7354039646522899e-01	   6.6593673477554538e-01	   7.3654051872242987e-01	   6.9874470963689062e-01	   7.1067451386114844e-01	   7.1887104652717670e-01	   7.0643732303855145e-01	   7.7581386382972461e-01	   7.6790303250901659e-01	   7.2447205910744539e-01	   7.3746011118300747e-01	   6.3312035677908307e-01	   6.2388633633456048e-01	   6.1138127869756498e-01	   4.7544837617866437e-01	   5.6441070940329863e-01	   6.2860214708044615e-01	   7.3167905379206621e-01	   5.8600272996105529e-01	   7.6994827701104085e-01	   6.7731479214286527e-01	   7.1964424982262165e-01	   6.9711124414005454e-01	   7.1994421590890179e-01	   7.2865186286222339e-01	   7.1238461852319857e-01	   6.5050943738863465e-01	   7.0246330830175885e-01	   6.4736916883950779e-01	   6.5337202388158067e-01	   6.8535943693903079e-01	   6.7988231421490986e-01	   6.8788034056949443e-01	   7.4443115524653047e-01	   6.9507648820453305e-01	   6.7819350027239866e-01	   6.2538844719651088e-01	   7.3676562483814889e-01	   6.9350762004772959e-01	   7.0662884535568393e-01	   6.8940853156595283e-01	   6.5136772688658606e-01	   6.2989691814882831e-01	   7.2638148137924086e-01	   7.1185527687190164e-01	   6.4292646965933198e-01	   5.9980206596781649e-01	   7.1995675525312808e-01	   7.4156000113094422e-01	   6.4328857607009149e-01	   6.4804719843103054e-01	   6.4476787813257830e-01	   6.3020436740491137e-01	   7.0113819132575672e-01	   6.6598801074050284e-01	   6.4945437985340382e-01	   6.7133570953362209e-01	   6.9015266668400677e-01	   7.0456026366312541e-01	   7.1352636225762378e-01	   7.6323052326741492e-01	   7.1767605286818459e-01	   7.2872138910359663e-01	   5.1322621951483849e-01	   7.0353866805407184e-01	   5.9657922705439315e-01	   7.5638070887590891e-01	   5.1500811190480855e-01	   4.3993821568378566e-01	   5.9340797695754099e-01	   5.1049316905754871e-01	   3.5901693879170071e-01	   4.6206470861073851e-01	   5.7727960455796834e-01	   6.2058303386639124e-01	   5.8342787596983070e-01	   5.5185816389368980e-01	   5.2669396996451978e-01	   4.7321124681821880e-01	   4.1294291561543200e-01	   3.5829556621879177e-01	   2.8362206650821253e-01	   2.2330277862298281e-01	   3.4126635137430555e-01	   3.0291328210983620e-01	   1.4748120128542816e-01	   4.1544748393713071e-01	   5.5707480513483987e-01	   5.1017872747932558e-01	   5.7889172809847711e-01	   4.0387142710793478e-01	   3.4934451410655631e-01	   9.9878363115569121e-03	
   8.7897949005874287e-01	   8.1439718118010762e-01	   8.6041242241585048e-01	   7.2155884973972872e-01	   6.4777179100076876e-01	   6.0797744594529424e-01	   9.0624834071693106e-01	   8.1830652446682539e-01	   8.5984470244989497e-01	   7.2816007253161186e-01	   0.0000000000000000e+00	   8.7569482724220815e-01	   9.3618350861672683e-01	   8.6651645241660880e-01	   8.6473542013088411e-01	   8.0868753850379826e-01	   9.0733977486262596e-01	   8.0023485850359477e-01	   7.8242938476900514e-01	   7.6117162916026349e-01	   5.3190209187461035e-01	   4.8053576486505445e-01	   7.5087730878782943e-01	   6.8114815321874522e-01	   5.3023130254292272e-01	   5.4175684909834221e-01	   5.3609515632108151e-01	   5.1525063620522360e-01	   8.5813124143882935e-01	   7.8585151776306672e-01	   7.2637220366426569e-01	   6.9744003491521012e-01	   8.7436833761930066e-01	   8.5754802258131968e-01	   6.4422290420713602e-01	   5.7214414590691010e-01	   4.4107073686576453e-01	   3.0003153024661788e-01	   3.9785284496486406e-01	   4.9165391992221297e-01	   6.7066246358993165e-01	   5.8934928809545695e-01	   7.5907410647210927e-01	   6.8726045486928145e-01	   7.3127245319564793e-01	   6.8364644665975483e-01	   7.1574572541737869e-01	   7.1950302008314959e-01	   7.2141206776930034e-01	   6.2370765631811409e-01	   6.8359482511025582e-01	   5.7128291661638353e-01	   6.6208867837360341e-01	   6.5497555967901055e-01	   6.2563245541781631e-01	   6.6520688826285379e-01	   8.2989077016344992e-01	   7.8350447410412949e-01	   7.8582543902144275e-01	   6.9134579776822869e-01	   8.6102845817751961e-01	   6.9474018830230333e-01	   8.7952583158306052e-01	   8.1874050753941696e-01	   7.0460967574763111e-01	   5.2375131736646841e-01	   7.5377050876106733e-01	   6.9175958981250629e-01	   6.7549694381242298e-01	   5.6301944050778596e-01	   8.3641668322423435e-01	   7.8282475337303947e-01	   7.7660747322946611e-01	   7.3571361714250116e-01	   7.9058604168473778e-01	   7.4326203677545699e-01	   8.2721227507647832e-01	   7.8000219897774159e-01	   8.3331342669170128e-01	   8.0607056339952710e-01	   8.5055820070319976e-01	   7.5204302335053641e-01	   7.9323923531832219e-01	   7.7646647397443347e-01	   8.2300730304989211e-01	   7.1273715650873171e-01	   4.6786916880778229e-01	   6.3832704522791162e-01	   6.0450527554952671e-01	   7.0047405296215126e-01	   4.6508068468747915e-01	   4.3966175811194119e-01	   5.3573602753135385e-01	   5.4238916774953272e-01	   2.9477059548879858e-01	   4.3450745977178606e-01	   5.6579878645918513e-01	   6.0245364633695897e-01	   5.5817434430037327e-01	   6.1532084571375112e-01	   5.2579256460280210e-01	   5.3164317941400108e-01	   4.4522361158930251e-01	   4.3231121714371701e-01	   2.3240784072387199e-01	   2.2658842078933558e-01	   2.6819318490245797e-01	   4.1613389480650520e-01	   4.1670342170255795e-02	   3.8163088737102779e-01	   5.1885920996357826e-01	   4.3964237987676102e-01	   5.8003229467770479e-01	   4.2163915935068730e-01	   3.5102014770015810e-01	   5.7319809949969658e-02	
   7.8774046195391634e-01	   8.0364288848753862e-01	   8.1158935184654024e-01	   7.7846242973000934e-01	   6.1675758834689831e-01	   6.6880218211020748e-01	   8.4582228502246581e-01	   8.7703619362680252e-01	   8.0029280934008340e-01	   7.9546061232568677e-01	   8.7569482724220815e-01	   0.0000000000000000e+00	   8.6030949236270282e-01	   9.4951978072346710e-01	   8.0811320230077865e-01	   8.8563308564497722e-01	   8.7260683993327293e-01	   8.6803422029541100e-01	   7.2483990749369465e-01	   7.5233588066414070e-01	   5.1696131518038446e-01	   4.6838424104481230e-01	   7.4540280219957589e-01	   7.4103771233077442e-01	   5.7946396830479197e-01	   6.4529574982747284e-01	   5.1679172526427308e-01	   5.2009269355222754e-01	   8.6069361086264584e-01	   8.8547184318942529e-01	   7.9885620109184918e-01	   7.8099607110246694e-01	   8.6482000239457668e-01	   8.7807967517159580e-01	   6.6165564332133564e-01	   6.3006731408732519e-01	   5.6064414594929290e-01	   4.7936978627676685e-01	   4.9393705790154829e-01	   5.8887516386341487e-01	   7.5726623220111122e-01	   6.6285544506828331e-01	   7.6666800218214348e-01	   7.4294636110767653e-01	   7.4738169898131335e-01	   7.0567936185528779e-01	   7.6662901847265652e-01	   7.7720616044912583e-01	   7.5771957062370676e-01	   6.9872995094254442e-01	   7.2223726185621029e-01	   6.8854138314429969e-01	   7.2054605555397166e-01	   6.9992976182651068e-01	   6.5187264233344622e-01	   7.0464899086362887e-01	   7.9993224434746768e-01	   7.7721871977841295e-01	   7.2523886199588861e-01	   6.9047980155736299e-01	   7.8041992163590468e-01	   7.5095594798861098e-01	   7.8598252101867905e-01	   8.8160722955969517e-01	   6.4990397165943037e-01	   6.3402549923871931e-01	   7.2276321120822817e-01	   7.2534126829279333e-01	   6.6246121788014056e-01	   5.7264257978900046e-01	   7.8136227649079126e-01	   8.2448705518278687e-01	   8.2029709501136328e-01	   8.5464732763196383e-01	   8.1451472592139740e-01	   8.2124818013116907e-01	   8.0992368571367845e-01	   8.1019000851584977e-01	   8.1284076427345608e-01	   8.5331621042090244e-01	   8.0196756957954363e-01	   8.4056508789012019e-01	   7.4527938148330275e-01	   8.1965500130807833e-01	   7.7237034497204204e-01	   8.0351706328314609e-01	   4.2754072540866983e-01	   6.9694762846831915e-01	   5.1316284790791311e-01	   7.2340081918273902e-01	   4.7448418087004718e-01	   4.2046883341065056e-01	   5.3874944782861256e-01	   4.7774136918046506e-01	   2.9739775737682611e-01	   4.4715936395634509e-01	   6.2161355795112150e-01	   6.3359155143499268e-01	   5.8838222588663025e-01	   5.6890074373650934e-01	   5.0243724957430547e-01	   4.4894344367005351e-01	   3.9021140407977817e-01	   3.7968289605315336e-01	   2.2384270630483466e-01	   1.9587389512814710e-01	   2.5927318415603184e-01	   2.7413586773770010e-01	   8.8719525446504729e-02	   4.5101485705854510e-01	   5.5580951165380577e-01	   4.7720630646622036e-01	   5.7480672438515412e-01	   4.1722710848131450e-01	   3.3628525593110520e-01	   2.9094553441531612e-02	
   7.9317719455150693e-01	   7.3369829225095351e-01	   8.3716825372363135e-01	   6.9266481833342763e-01	   7.0413518362999816e-01	   6.4366706353942171e-01	   8.7192411468452569e-01	   7.9650418736574913e-01	   8.8391864139024301e-01	   7.5783569528169648e-01	   9.3618350861672683e-01	   8.6030949236270282e-01	   0.0000000000000000e+00	   8.8716618188606322e-01	   8.7177938200973215e-01	   8.1254888313638218e-01	   8.5429652024491776e-01	   7.8323247182320610e-01	   7.1851566997689487e-01	   6.9433386087769966e-01	   5.2524493690358187e-01	   4.8274053489963453e-01	   7.4151534010475939e-01	   6.8075662143542615e-01	   5.4947251397596764e-01	   6.1674277101187203e-01	   5.4445286878234989e-01	   5.3634491768488435e-01	   8.6252545058636032e-01	   7.9160171130611023e-01	   7.5387803747297022e-01	   7.2111578075163085e-01	   8.2183814374820729e-01	   8.0571459152547842e-01	   6.1673226327120934e-01	   5.2422955318192632e-01	   4.6852623596612081e-01	   3.3767374274393203e-01	   4.3337464977822421e-01	   5.0280101621225581e-01	   6.7145779381431381e-01	   5.9873539140623933e-01	   7.3518580014780266e-01	   6.6690916700440661e-01	   7.3274486246990578e-01	   6.8814790769479151e-01	   7.0259648595626834e-01	   6.9805908353867274e-01	   7.3267245988275409e-01	   6.6466978538953747e-01	   7.0553986788119005e-01	   6.2093723876064288e-01	   6.8490660646197421e-01	   6.5475726480590646e-01	   6.2811123445232941e-01	   6.5815382485895113e-01	   7.6468954901930353e-01	   7.0901231741907533e-01	   7.4439605270463760e-01	   6.0814848297129676e-01	   8.1096310739100197e-01	   6.0847597530626185e-01	   8.0899920446280671e-01	   7.4957836061354877e-01	   6.8053661234262952e-01	   5.0130883536271442e-01	   7.2263571604645016e-01	   6.6840698711685631e-01	   6.3564653412314798e-01	   5.2155136395788682e-01	   7.8697598781841849e-01	   7.5734769178564143e-01	   7.6866883008576681e-01	   7.1749602982889416e-01	   7.3346789873534379e-01	   6.8778712770863049e-01	   7.7730271270164530e-01	   7.2284638385927091e-01	   7.8775055462232946e-01	   7.3543530363283272e-01	   8.0682861273418149e-01	   7.3355967143281631e-01	   7.5553622182625157e-01	   7.6847985101196703e-01	   7.8502429558750952e-01	   7.0449067114117192e-01	   4.8076034035332077e-01	   6.5245656156298959e-01	   5.9759618198846465e-01	   6.8856495760579972e-01	   4.6085791183880670e-01	   4.3331910570572230e-01	   5.2109451110715588e-01	   5.1605833476476959e-01	   2.7965726246893707e-01	   4.1494794347990011e-01	   5.5629389116965067e-01	   5.9712602755296218e-01	   5.4739928172559060e-01	   5.9391655112935404e-01	   4.9377128615791721e-01	   5.1671847186006836e-01	   4.2004112162547647e-01	   4.2680274069042679e-01	   2.3058368223484554e-01	   2.2735706453354726e-01	   2.6919084530064330e-01	   3.8370260538935674e-01	  -2.2078631753000327e-03	   3.3660975156368073e-01	   5.1544652771993416e-01	   4.5599463906757759e-01	   5.6485216159217355e-01	   3.9722288452085358e-01	   3.1923568615081399e-01	  -3.4396862111865083e-03	
