   0.0000000000000000e+00	   9.5800995853264947e-01	   7.9939010847432135e-01	   7.9075297250730869e-01	   7.2687176287769040e-01	   6.7024388568353876e-01	   8.1871188741132273e-01	   7.8509492168419692e-01	   5.7962970028203475e-01	   6.9533395767420547e-01	   7.5567101775501377e-01	   8.3051485376466005e-01	   6.5784121101450443e-01	   7.4174340805717054e-01	   7.5439419451080936e-01	   7.6972842971819089e-01	   8.4288761016003388e-01	   8.6935820653105200e-01	   9.5017621900246096e-01	   9.3594484152430613e-01	   3.3745524605374005e-01	   4.3873759930432399e-01	   7.0911713759064821e-01	   8.0043588715648473e-01	   5.7732233560208646e-01	   6.8802410740779496e-01	   6.2522837803182285e-01	   5.4399217951680079e-01	   7.3403394324276783e-01	   8.2164969264496679e-01	   4.8454145084720790e-01	   5.5460950638412820e-01	   8.9309694834097320e-01	   8.5944312156995384e-01	   6.2744566117666678e-01	   5.4311840736631800e-01	   2.7478341731891098e-01	   3.5198395946324945e-01	   5.8682605049023429e-01	   6.5002033291543149e-01	   3.1890987465188131e-01	   6.5512282364327779e-01	   4.6890501607863655e-01	   3.9464863572642206e-01	   6.7879271259131579e-01	   6.5602866391499082e-01	   6.3317810386785478e-01	   6.8234582677430566e-01	   6.1640605765986445e-01	   6.6329040460219901e-01	   6.8997926662314479e-01	   7.0312644167118954e-01	   5.9653201673107525e-01	   6.0959559775278382e-01	   6.6657795617919802e-01	   6.5923532794644213e-01	   9.3700885870060946e-01	   9.1846237225254246e-01	   8.2019082878460026e-01	   7.9596065729011067e-01	   6.8267003553398520e-01	   4.8095993277195159e-01	   7.5502368334510139e-01	   6.5626030552736880e-01	   6.6865959216064352e-01	   6.9744259575074619e-01	   8.5291265998504839e-01	   8.0106592717522129e-01	   8.9924245489513566e-01	   8.4848852188301849e-01	   4.3010918634564460e-01	   4.1013518944852256e-01	   3.7652829986352332e-01	   6.1528712425912047e-01	   4.8083146861370080e-01	   5.8799747454130191e-01	   5.2909682120286727e-01	   3.3561484762428045e-01	   8.3106662582196378e-01	   7.9220305839286498e-01	   8.8641701316308941e-01	   8.6473239867539875e-01	   7.6823224976863180e-01	   8.0581131962445307e-01	   8.3196869583151845e-01	   8.5187893773873080e-01	   4.9179719794843713e-01	   4.8394240258963106e-01	   7.2610902021524382e-01	   7.7386522073970221e-01	   4.1317672197907784e-01	   2.6151044957602293e-01	   3.6222210867865384e-01	   5.1340187523462555e-01	   5.3870359823152159e-01	   3.4842500470882276e-01	   6.6883584218233783e-01	   6.2177750540011956e-01	   6.6146291461979123e-01	   5.0688368390150496e-01	   6.2828355803219693e-01	   6.5593695389164342e-01	   5.3975907533925571e-01	   5.3958529538723654e-01	   3.8862316744186021e-01	   2.4583950107176011e-01	   4.6923037577575438e-01	   9.8659384938426395e-02	   1.8809630621320034e-01	   4.5851487238766259e-01	   5.5208134567320799e-01	   6.0817640223725133e-01	   3.3665145189841189e-01	   7.0782397379888629e-01	   2.5928179751102937e-01	   1.8513443498411020e-01	
   9.5800995853264947e-01	   0.0000000000000000e+00	   7.3326556266862553e-01	   7.4627302040879151e-01	   7.2362183286682369e-01	   6.8124312424278066e-01	   7.4268641177751749e-01	   7.4078191096148016e-01	   5.7243190646792985e-01	   6.7588458768926496e-01	   7.3283149127777958e-01	   8.1836783857580886e-01	   6.0363852114463035e-01	   7.1797580992824916e-01	   6.9523477122153698e-01	   7.2341106201125482e-01	   8.5145123676676726e-01	   8.8291645693575838e-01	   9.2561166399649508e-01	   9.3247364642139252e-01	   3.6945730984310238e-01	   4.5410562360683759e-01	   6.2614555768055968e-01	   7.2783386815316620e-01	   5.2916162121773169e-01	   6.2913507529010526e-01	   5.8316211921283156e-01	   4.9658263350931747e-01	   7.0246774060706030e-01	   8.2049259538465047e-01	   3.7066342624504711e-01	   4.4343543125950824e-01	   8.5809726773535644e-01	   8.4001071494075830e-01	   5.7220345576797071e-01	   4.7530251272539681e-01	   2.2705624135313474e-01	   3.1607148056672613e-01	   5.6047928164257643e-01	   6.2553473223219058e-01	   2.8834689386769874e-01	   6.1465258180760229e-01	   3.9174357452779696e-01	   3.1988539789051140e-01	   6.3153330233650895e-01	   6.1874733583653674e-01	   5.5951496987581251e-01	   6.3599228555304188e-01	   5.5412320072809562e-01	   6.2309562480856406e-01	   6.2754596076522851e-01	   6.5812579769297086e-01	   5.1377988768559635e-01	   5.6510883949359636e-01	   5.8799809756290389e-01	   6.0745625250077850e-01	   9.2575479792850102e-01	   9.5820107923769382e-01	   7.7856323237089975e-01	   7.8908923478483395e-01	   6.2301799618592302e-01	   4.4344400697023612e-01	   6.9961965082656241e-01	   6.2126074364176065e-01	   5.9561858399811918e-01	   6.4851703250358961e-01	   8.2799949550425800e-01	   7.7991379707763753e-01	   9.1633514740017885e-01	   8.9196061866470844e-01	   3.2603818643209503e-01	   3.3662073528076164e-01	   3.0490470703293204e-01	   5.9530076569399204e-01	   4.3285989798443847e-01	   5.6042381561082411e-01	   4.5037837191368191e-01	   2.6148605755148763e-01	   8.5448818501605461e-01	   8.1743305544428158e-01	   8.8036888807685043e-01	   8.6455041931616261e-01	   7.3382172203926443e-01	   7.5637682451506039e-01	   7.7047433028646084e-01	   8.0914870358460966e-01	   4.8727459769881776e-01	   4.6314082978925381e-01	   6.5836528801253347e-01	   7.3521164457067900e-01	   3.4657961024105566e-01	   2.1297763890681914e-01	   3.1464980449248797e-01	   4.6488918393454265e-01	   5.0582395397363056e-01	   2.7808925382258259e-01	   6.2403411753001814e-01	   5.6637754491937486e-01	   5.8405459858032527e-01	   4.1351866790149927e-01	   6.2536132860713189e-01	   6.1948210772323042e-01	   5.2894602973180205e-01	   5.0305935039994787e-01	   3.9521692755654314e-01	   2.2083962935923604e-01	   4.3492401511510492e-01	   4.2342265173981972e-02	   1.1097986285694859e-01	   4.7151308375500872e-01	   5.6482765995631801e-01	   5.4349935762621304e-01	   2.8154760468788242e-01	   6.7355425898791843e-01	   1.9198256724650750e-01	   1.2630831440401899e-01	
   7.9939010847432135e-01	   7.3326556266862553e-01	   0.0000000000000000e+00	   8.1239966191134527e-01	   6.5210112473556980e-01	   5.3335829313188643e-01	   9.5164562574355882e-01	   7.7394130309478726e-01	   4.6362657827693643e-01	   5.6132408952661017e-01	   5.9103093106935789e-01	   6.2794307401763805e-01	   5.5976367072047895e-01	   5.5122970795864901e-01	   7.1719952419076027e-01	   6.8226031389142561e-01	   6.7481963141988910e-01	   6.3722794043870767e-01	   8.6062000835710217e-01	   8.0005405208449709e-01	   4.3507946955823351e-01	   5.5149631958149681e-01	   9.2975393059238742e-01	   9.2323666092761925e-01	   5.9179932970887128e-01	   7.3508333293927841e-01	   7.4426047470065892e-01	   6.6563177666962359e-01	   6.1295601037150038e-01	   6.6137242310135735e-01	   7.4957436752185957e-01	   7.5603846231942606e-01	   8.3441034179101625e-01	   7.9192176512712764e-01	   8.1156108817346828e-01	   6.6523896051404763e-01	   4.3691256221228492e-01	   4.7517422850787266e-01	   6.8108249119190278e-01	   6.8138261930454036e-01	   3.0232427962491093e-01	   6.2452635385128041e-01	   7.0171869299168477e-01	   6.3387421267408772e-01	   8.1289107181322562e-01	   7.3052531463536885e-01	   7.8988724340640970e-01	   8.2746813386235718e-01	   7.7620140840755569e-01	   7.2601205480009212e-01	   8.6798304326354792e-01	   7.4971003866005281e-01	   7.5733862997820278e-01	   7.7931465584082149e-01	   7.8331534335214958e-01	   7.8362932591669709e-01	   7.4372734390180306e-01	   6.9509496298088580e-01	   7.1175577891616137e-01	   6.7701915877861873e-01	   6.6002293540664780e-01	   3.5782049009116734e-01	   6.9291620873668858e-01	   4.7025161952146055e-01	   8.4129350916076051e-01	   6.7811985911685768e-01	   8.5749891595366934e-01	   7.9637286328447776e-01	   6.8945469548258775e-01	   6.5469530483289462e-01	   4.9484285261051608e-01	   6.0275876137183149e-01	   3.1863892166085450e-01	   5.4702926995357737e-01	   4.4057889920202281e-01	   5.7522927206430452e-01	   5.9562406960888958e-01	   4.4063245332425138e-01	   6.6625445864241717e-01	   5.7425720627734589e-01	   7.2376643414013264e-01	   7.2267989595963555e-01	   7.3791878125272403e-01	   7.9496953041545559e-01	   8.7685055879927631e-01	   8.2050739332983380e-01	   5.4935533500361267e-01	   5.7617553633683971e-01	   8.2420775750357533e-01	   7.3677642820261535e-01	   5.8460713161667466e-01	   5.0313058894948581e-01	   5.0459211603393994e-01	   6.6825651077497983e-01	   4.9409830107771574e-01	   3.8916968687758169e-01	   7.6066201940780676e-01	   6.8079179951364210e-01	   8.0326425238825439e-01	   7.0399744671364028e-01	   6.0904846137326385e-01	   7.1584451424765727e-01	   5.6002652890777016e-01	   5.4473245845452523e-01	   5.9882571985927813e-01	   4.3001375957167198e-01	   5.8986347014266638e-01	   2.1373575616911863e-01	   2.2429135877333783e-01	   4.3813970896549487e-01	   6.0270835161352154e-01	   7.2172935940003669e-01	   4.6076761686349299e-01	   7.8227521817427226e-01	   4.6456314256297326e-01	   2.1186537711851483e-01	
   7.9075297250730869e-01	   7.4627302040879151e-01	   8.1239966191134527e-01	   0.0000000000000000e+00	   6.1069025557089240e-01	   4.0113231972805408e-01	   8.3496746252703913e-01	   9.3607247440084407e-01	   4.1475771162702735e-01	   4.5138110078741045e-01	   4.8776447315625937e-01	   6.3267111135090504e-01	   4.6224404514885964e-01	   5.0150129376733299e-01	   6.3274446640014814e-01	   6.1385564896768152e-01	   5.8748836242284752e-01	   5.6947747722406028e-01	   8.0363636077935097e-01	   8.2899757038717192e-01	   5.0179893000391718e-01	   6.0241535269195534e-01	   6.9090692228394435e-01	   8.3280419680176654e-01	   3.6665182161321863e-01	   5.3343230852090295e-01	   6.6735006462624624e-01	   6.0854581044435729e-01	   5.1266351213404437e-01	   6.4325014047953966e-01	   6.1423753389964542e-01	   7.4898000401291642e-01	   8.1661421307569237e-01	   8.2577366734129121e-01	   7.1665815844156278e-01	   7.1568972742790427e-01	   3.9587821371904719e-01	   4.1589419704949071e-01	   6.8668993095603437e-01	   6.5687856981200388e-01	   3.1540715602692121e-01	   6.0519294460446260e-01	   6.4121725363917592e-01	   6.2343542395369667e-01	   7.6088666069567146e-01	   7.5006616641112167e-01	   7.1810604782777787e-01	   7.5449932252550145e-01	   7.6789399956493454e-01	   7.2644734632485353e-01	   8.2204639209185015e-01	   7.6938491701984990e-01	   7.4833544069064595e-01	   7.3502403252242532e-01	   7.8245005919090638e-01	   7.8304900732445115e-01	   7.1826442673569180e-01	   6.3618818627799512e-01	   8.0094781156966666e-01	   7.9524322335310593e-01	   8.1460079105052507e-01	   7.1748453080399788e-01	   7.1278249247991399e-01	   6.5530402070094873e-01	   7.6577056503617869e-01	   8.9359398756486630e-01	   8.2972798307376205e-01	   8.2883422730330114e-01	   6.8194681852698158e-01	   6.0942390889727904e-01	   4.0351712489301444e-01	   7.1259990090082703e-01	   3.3659015538862869e-01	   6.2776871633534093e-01	   4.0092430016587000e-01	   6.0814135800344071e-01	   6.6104949069678032e-01	   5.2603910702482093e-01	   5.9117753344424739e-01	   4.7307938289337326e-01	   6.5683309771295884e-01	   6.2934913680785376e-01	   7.0555300041438751e-01	   7.0604381120399407e-01	   7.6971388607784152e-01	   8.5138901465590566e-01	   5.4095319208527881e-01	   5.3663877822727812e-01	   7.9384889518738799e-01	   8.3975801354300217e-01	   6.4418509533140766e-01	   4.5331446047597401e-01	   6.0326061827183619e-01	   5.6182932741141234e-01	   5.1432305945486745e-01	   3.6727445872098985e-01	   7.2854940180787364e-01	   7.1069740377992108e-01	   7.9042480849195795e-01	   7.0143943181204094e-01	   7.9469376986021834e-01	   6.7605572147923365e-01	   7.0986713524982092e-01	   5.5121259853265481e-01	   6.0830419265411384e-01	   4.5310863412579327e-01	   6.7016782259991048e-01	   2.6440141979832554e-01	   3.2560898418301210e-01	   4.0597945622149445e-01	   5.7090684808750325e-01	   7.3195032592633225e-01	   5.1763791436794337e-01	   7.3939290976472716e-01	   4.4867535891807586e-01	   2.3275446120285892e-01	
   7.2687176287769040e-01	   7.2362183286682369e-01	   6.5210112473556980e-01	   6.1069025557089240e-01	   0.0000000000000000e+00	   6.7229660651806422e-01	   6.8655460779063315e-01	   6.1402975078994804e-01	   9.0133457772138348e-01	   7.1515358155085673e-01	   7.8642812771623638e-01	   7.3874608459422464e-01	   7.8555012197206486e-01	   7.9310705773476486e-01	   8.2880592703646239e-01	   7.6560025028812007e-01	   6.3154708520662983e-01	   7.0802393575118461e-01	   7.5059886592061587e-01	   7.0485219623489614e-01	   3.0684240255948747e-01	   2.8402430052125127e-01	   5.1029056142552554e-01	   5.9507857051813007e-01	   7.0437571119537390e-01	   6.5831012103654940e-01	   4.7292291437796130e-01	   3.2758801395826903e-01	   6.6019785083634153e-01	   6.9678394354892570e-01	   3.4029367261489191e-01	   3.7219146811870679e-01	   6.7872218596452327e-01	   6.4008410802678595e-01	   4.3145011675535583e-01	   4.2184906337645423e-01	   3.6216080495841785e-01	   4.0179617115316141e-01	   5.8825666670678389e-01	   5.4583353360820275e-01	   3.0296800703801680e-01	   7.1488523897198708e-01	   5.4582364385866711e-01	   4.5501546718597169e-01	   6.7385896282505198e-01	   6.5674477234873596e-01	   5.9712072827739304e-01	   6.7297238684540828e-01	   6.2863071188613706e-01	   7.0432520886630978e-01	   6.1650433720061681e-01	   7.0770473519944277e-01	   5.1357927210517662e-01	   6.6861127011331567e-01	   5.9798678405320638e-01	   6.2910957756969066e-01	   5.9695134708706366e-01	   6.6787650673738996e-01	   7.4244400334870020e-01	   7.1379591906172291e-01	   4.5614006893449910e-01	   4.2725056477170964e-01	   4.2875587614219690e-01	   5.8813838286286602e-01	   4.5405394938081117e-01	   6.2860661834263565e-01	   7.5040899149848006e-01	   7.3105583799348584e-01	   5.9701606394003992e-01	   6.0811988679903406e-01	   5.3393217301178830e-01	   3.8366128657923992e-01	   3.5396688826901379e-01	   5.0402184371670555e-01	   4.6222827624270069e-01	   5.1955374505477292e-01	   5.1772357410410841e-01	   3.7383693252313577e-01	   6.1731929797084351e-01	   5.6597884152377098e-01	   7.2751589587921683e-01	   7.3167306731304416e-01	   7.4744669758444360e-01	   7.4213820391297181e-01	   6.5564389449831595e-01	   7.2942004246258918e-01	   5.0252307068934809e-01	   5.5401524075866437e-01	   6.4255903431031147e-01	   6.8859458235463245e-01	   5.6917621567943844e-01	   5.4326247254296223e-01	   5.0793585913991979e-01	   7.1327530506405445e-01	   4.1180023629098139e-01	   2.0456134896984052e-01	   5.7922845479331753e-01	   5.0167425792151810e-01	   6.6870713810208926e-01	   5.7301702668614873e-01	   5.9412565894398162e-01	   6.6897010769713172e-01	   5.3578082578918917e-01	   6.3180318239573285e-01	   5.6063182347889862e-01	   4.9987162757778447e-01	   4.0582461559653693e-01	   2.0006805584314113e-01	   1.4672366599161726e-01	   3.9741799155608731e-01	   5.0864088630333160e-01	   5.7884265409639135e-01	   4.3617091294194965e-01	   6.7915028555917722e-01	   4.9827905237604858e-01	   2.7975656267040788e-01	
   6.7024388568353876e-01	   6.8124312424278066e-01	   5.3335829313188643e-01	   4.0113231972805408e-01	   6.7229660651806422e-01	   0.0000000000000000e+00	   5.7269544219070512e-01	   5.0978907974045717e-01	   5.4346469998343372e-01	   9.3143823997618946e-01	   7.3695746924715844e-01	   7.9792801347118125e-01	   6.0028173605627322e-01	   8.1557709758541330e-01	   5.4126322076176692e-01	   7.8717911439350075e-01	   7.7046396030214725e-01	   7.7223445799539003e-01	   6.7551335700492587e-01	   6.3798095665702848e-01	   4.2002692802931396e-02	   1.6058340613977656e-01	   4.5467582828172931e-01	   5.4629095530974425e-01	   5.8129934968944919e-01	   6.8400804537116044e-01	   4.1007417202960278e-01	   4.5200809539526210e-01	   6.4714143168122473e-01	   6.7086011234149323e-01	   2.2993109031773554e-01	   2.0952436564950438e-01	   6.1015974382070648e-01	   5.6968135769763306e-01	   3.3604013624423723e-01	   3.0730200833087884e-01	  -4.0236838309015054e-02	   1.5558950681375219e-01	   2.1499761582450636e-01	   3.4226659267663473e-01	  -1.9417890958240286e-02	   5.0517103338415748e-01	   2.6553771076241239e-01	   1.1675381083106720e-01	   4.1498880403868277e-01	   4.3347178490136390e-01	   3.8293693885571162e-01	   4.1382780596799057e-01	   3.2974821758771511e-01	   4.3778409900315207e-01	   3.7064155837627716e-01	   4.5647381803483295e-01	   2.5137087146320036e-01	   3.1223748080018776e-01	   2.4426169186047025e-01	   2.7204940343492667e-01	   6.3731918591335179e-01	   7.4711004441319839e-01	   4.8801728139683065e-01	   5.4956953570641198e-01	   1.6687039090679545e-01	   1.3585594287688646e-01	   2.9850961435191864e-01	   3.1297196450596898e-01	   2.4425138116841666e-01	   4.3479241165364979e-01	   6.1109787588611053e-01	   6.2851859378300157e-01	   6.8285240885129350e-01	   7.1733597098293256e-01	   3.6257142771040607e-01	   4.8384784589550214e-02	   1.7251218688368578e-01	   3.2136316190555059e-01	   2.6091821952144351e-01	   3.1077065223576605e-01	   1.9856258851266539e-01	   1.9031882087473112e-01	   7.0869195727664502e-01	   7.7717068488983876e-01	   7.3029909777152135e-01	   7.7841991564072621e-01	   4.7838526744845844e-01	   6.9603123203403350e-01	   5.6766470646191936e-01	   6.0056952162349819e-01	   1.3971274410630863e-01	   3.0920836224817300e-01	   3.8750888633838498e-01	   4.4947101259849520e-01	   2.5084779088265674e-01	   1.7806040394850126e-01	   2.0349503679952241e-01	   4.0564839070663805e-01	   2.2864306652628411e-01	   1.3380416159817587e-01	   3.9699065253041343e-01	   2.5439994596284082e-01	   4.3550489396686809e-01	   1.8373910756623249e-01	   3.7031351449537553e-01	   5.4938734529750100e-01	   2.6338857151898187e-01	   4.2351502436310506e-01	   2.2646988550286196e-01	   1.4399103004024702e-01	   2.5267341234702051e-01	   3.0481469272804890e-02	  -1.2374186624868376e-01	   3.2633051619709591e-01	   3.7766171420478450e-01	   3.4383101008367301e-01	  -2.6796959586240062e-02	   4.5061264057130240e-01	   9.9255593148072793e-02	   8.1739810979147204e-02	
   8.1871188741132273e-01	   7.4268641177751749e-01	   9.5164562574355882e-01	   8.3496746252703913e-01	   6.8655460779063315e-01	   5.7269544219070512e-01	   0.0000000000000000e+00	   8.4475345413632497e-01	   5.3761154249886989e-01	   6.3397551075435088e-01	   6.8272811884641782e-01	   7.1884374007417640e-01	   6.6470381392054156e-01	   6.5535127358914358e-01	   7.4604363225503034e-01	   7.5847236708979549e-01	   6.8310379377097163e-01	   6.6873104650973403e-01	   8.7559557359478202e-01	   8.2255438737259656e-01	   3.4387561702409203e-01	   4.7321796959426943e-01	   8.6715436753464581e-01	   8.7624804038572768e-01	   5.5835973847242726e-01	   6.7597291229185119e-01	   6.4525139309739532e-01	   5.7443764386859597e-01	   6.8277175715228200e-01	   7.2678097193111091e-01	   7.4631746786073938e-01	   7.6443796498842087e-01	   8.5986933432832724e-01	   8.2798538579334635e-01	   7.3997542176408226e-01	   6.2735951755895991e-01	   3.6353281167183765e-01	   4.3852287102559973e-01	   6.3018177837241218e-01	   6.1149042146677191e-01	   2.7710334422364297e-01	   6.6484074251391068e-01	   6.7328871837530024e-01	   6.0180724834391930e-01	   7.9893493851567354e-01	   7.4304119771737187e-01	   7.7092223253417869e-01	   7.9975465463626416e-01	   7.5666734128553836e-01	   7.2920253620373710e-01	   8.1718883713688395e-01	   7.2489460506965220e-01	   7.0514267924911866e-01	   7.1208184323732404e-01	   7.5450541750524658e-01	   7.5024433278036795e-01	   7.2485749724445259e-01	   6.7818928297408299e-01	   7.2628156445091618e-01	   6.7878336736383493e-01	   6.9095679299010537e-01	   4.9488691468967427e-01	   6.9482516839327091e-01	   5.6618641676660086e-01	   8.1224026391618487e-01	   7.3536436092016777e-01	   8.2774855609896636e-01	   7.7862331424603659e-01	   6.7061833479709376e-01	   6.1290844006293954e-01	   6.0306292630054981e-01	   6.6561021579740709e-01	   4.1756373183854151e-01	   6.3055759754118790e-01	   4.9570949717859375e-01	   6.5491447347839205e-01	   6.2912773171885084e-01	   5.0808425377206501e-01	   6.4303224301822004e-01	   5.8513419420805057e-01	   7.1989906115427771e-01	   7.5015239289926861e-01	   7.3340166932058226e-01	   8.1617388853828499e-01	   8.6555193873864922e-01	   8.3323006602161898e-01	   5.2740879769147775e-01	   5.7652965774570608e-01	   8.0966873010093776e-01	   7.3681519016024732e-01	   5.7561140298046398e-01	   4.5452723005599965e-01	   4.9598819113399462e-01	   6.3480461631891327e-01	   3.9821154473168757e-01	   3.3447312942157481e-01	   6.9450563481205885e-01	   6.4045514656917746e-01	   7.9803331920177123e-01	   6.7208710117860826e-01	   6.2538094835213021e-01	   7.3087560409133212e-01	   5.8874981647733815e-01	   5.4773923234109512e-01	   5.3430547291299546e-01	   3.8222748393069339e-01	   5.7304667894079597e-01	   1.4989934278951261e-01	   2.5271070767952036e-01	   3.4918942303564626e-01	   5.3173442116693115e-01	   6.9559205472177821e-01	   4.5516269841000645e-01	   7.3477409410974159e-01	   4.3345622440239018e-01	   2.3213721786171704e-01	
   7.8509492168419692e-01	   7.4078191096148016e-01	   7.7394130309478726e-01	   9.3607247440084407e-01	   6.1402975078994804e-01	   5.0978907974045717e-01	   8.4475345413632497e-01	   0.0000000000000000e+00	   4.1109748728384876e-01	   5.5128351656665675e-01	   5.4044118218183734e-01	   7.2142803589042459e-01	   5.0532614143792376e-01	   5.9156143418956364e-01	   6.1109919755151931e-01	   6.7019601910924109e-01	   6.2744698049426528e-01	   6.2000879821592680e-01	   7.8874403513257019e-01	   8.3069966646406135e-01	   3.8277013353193662e-01	   5.2247939927294962e-01	   6.4646804576491190e-01	   7.7776816235946922e-01	   3.1523172437167990e-01	   5.0510001726130838e-01	   5.8716395166558133e-01	   5.6950541989903403e-01	   5.2687146089510328e-01	   6.7187100149595014e-01	   5.9722968893349404e-01	   7.1090303277453515e-01	   8.2839441098187738e-01	   8.2619680518530314e-01	   6.1653730627541092e-01	   6.7045022372352414e-01	   2.8524444031142304e-01	   3.9872908348149799e-01	   5.7520559735117882e-01	   5.9540580347785110e-01	   2.2826210719040749e-01	   6.1255689563508087e-01	   5.6852148763830401e-01	   5.3760634745932978e-01	   7.2673652111051834e-01	   7.2995901732106905e-01	   6.5014293480432239e-01	   6.9846278495038239e-01	   7.4712771340223583e-01	   7.1746324050298627e-01	   7.7023602724341178e-01	   7.2298517602447621e-01	   7.3602494866390089e-01	   6.6710202836555910e-01	   6.9333503177395372e-01	   7.0892907398573213e-01	   7.1747279251043450e-01	   6.3241993043343103e-01	   8.1582655220413058e-01	   8.3078975465251070e-01	   7.9746323275977382e-01	   7.7998491322510166e-01	   7.4893928896287920e-01	   7.1948359492479741e-01	   6.9109150645334294e-01	   8.7447318423663589e-01	   8.1366032289623491e-01	   8.3705421779027644e-01	   6.8721793306173129e-01	   6.1647479788012549e-01	   3.9497288887843535e-01	   6.5961964638292236e-01	   2.8886511776850227e-01	   5.9136842632753694e-01	   3.3074184574478932e-01	   5.7581430809849010e-01	   5.7138935237646982e-01	   5.0020883710896036e-01	   5.8793361055557480e-01	   4.8665177317962682e-01	   6.5894277828613024e-01	   6.6973654059838428e-01	   6.6613119229962792e-01	   7.3541048169807799e-01	   7.2887156578745471e-01	   8.4690688844126782e-01	   4.5689117918186539e-01	   4.7265530337739636e-01	   7.3451886537227451e-01	   8.1931236108944150e-01	   6.3717506479284869e-01	   4.3320802295029115e-01	   5.8410797352554444e-01	   5.5300397073499707e-01	   4.2131265015223096e-01	   3.2674145898774781e-01	   6.7135046304796020e-01	   6.3255674436881548e-01	   7.8429353796068235e-01	   6.3754976013301934e-01	   8.0517113762180448e-01	   7.4130311725869213e-01	   7.3390890945555409e-01	   5.9357881634862797e-01	   5.8184927286670884e-01	   3.9991589394641625e-01	   6.9217204575984315e-01	   2.6639449820701855e-01	   2.3888710143338263e-01	   3.3724006903781606e-01	   4.8354746981210756e-01	   6.7927434050651980e-01	   4.4618822786641216e-01	   7.0059983790852798e-01	   3.7244629600260382e-01	   1.8350612018216561e-01	
   5.7962970028203475e-01	   5.7243190646792985e-01	   4.6362657827693643e-01	   4.1475771162702735e-01	   9.0133457772138348e-01	   5.4346469998343372e-01	   5.3761154249886989e-01	   4.1109748728384876e-01	   0.0000000000000000e+00	   6.6921191144475101e-01	   7.9052685103023168e-01	   6.5125678553566391e-01	   8.5478530915839745e-01	   7.7327506084056918e-01	   8.0794312897228293e-01	   6.9180215172278414e-01	   4.6938763290957786e-01	   5.8318638466902084e-01	   5.7118953286351537e-01	   5.1084269595776455e-01	   1.4389177621749796e-01	   3.9102990115055254e-02	   3.5257974152237032e-01	   4.1366091558707319e-01	   7.4003813468143520e-01	   5.8209153102276967e-01	   2.5037071138450689e-01	   9.5370569050827844e-02	   6.3943855263749205e-01	   5.8865030511961747e-01	   1.7821811703074017e-01	   1.8830253571655969e-01	   5.0648246578339373e-01	   4.6311712198618371e-01	   2.6836001319546526e-01	   2.1287333719821500e-01	   3.1298688334595542e-01	   2.4731891772128972e-01	   4.7406467641380567e-01	   3.6031836711262621e-01	   2.7236026938876623e-01	   5.9745594711951866e-01	   4.3525213621815240e-01	   3.7267154754728776e-01	   5.4512743037476208e-01	   5.3191293204477230e-01	   5.1046614229131371e-01	   5.4158554904996981e-01	   4.6342488614660271e-01	   6.0007106036846047e-01	   4.3926292751906515e-01	   5.7833711483764816e-01	   3.0900425696636613e-01	   5.2074006757819524e-01	   4.6523621394006687e-01	   5.0559870643602289e-01	   3.9788305977655780e-01	   5.2072078877420513e-01	   5.9706722396497991e-01	   5.3487949900983045e-01	   3.2463408365489921e-01	   3.3371019067619628e-01	   2.3963859782670019e-01	   5.0039747138257606e-01	   3.1640653611695291e-01	   4.8804750621695325e-01	   5.4619673740094599e-01	   4.9973542281318289e-01	   3.9654718889468993e-01	   4.2075332158050621e-01	   6.0493720028291753e-01	   2.8485993407669374e-01	   4.7260669438059405e-01	   4.6304532087074013e-01	   5.5343635889406073e-01	   4.9385712800974557e-01	   4.2635217567667516e-01	   2.7721040961325938e-01	   4.6517756172961044e-01	   4.5779330991598011e-01	   5.9776085812845803e-01	   5.9736493263182822e-01	   6.2092607490621887e-01	   5.8888831010151321e-01	   5.4968165074707698e-01	   5.6855940485690204e-01	   4.8031910908380482e-01	   4.8871959236768936e-01	   4.9359678237634069e-01	   5.3429959725355758e-01	   4.0051699411020975e-01	   4.0431960793592148e-01	   3.5250460400973782e-01	   6.1618041243253974e-01	   2.9056889307220468e-01	   1.5474059429109177e-01	   3.9569115838126034e-01	   3.8258139874026997e-01	   4.6841189126100646e-01	   3.9485966949172313e-01	   3.8998266285253169e-01	   5.0768761333479850e-01	   3.7996410166602634e-01	   4.7683065324530904e-01	   3.7884283153951748e-01	   3.7465091927693345e-01	   2.2942986848620583e-01	   8.5266992953334196e-03	   1.7606529440335184e-01	   3.3276163729898389e-01	   3.8453576876516704e-01	   4.2791636698008229e-01	   3.8781664257277199e-01	   4.8334109046716150e-01	   4.1032327544886055e-01	   2.5692710570137339e-01	
   6.9533395767420547e-01	   6.7588458768926496e-01	   5.6132408952661017e-01	   4.5138110078741045e-01	   7.1515358155085673e-01	   9.3143823997618946e-01	   6.3397551075435088e-01	   5.5128351656665675e-01	   6.6921191144475101e-01	   0.0000000000000000e+00	   8.4250181292656601e-01	   8.5343152240653564e-01	   7.4997465345963532e-01	   9.0136963064512798e-01	   6.6081724975385869e-01	   8.7670502742264933e-01	   7.8046121424797332e-01	   7.9570101537074178e-01	   6.8228229664544215e-01	   6.4078409672377068e-01	   1.8889329976559035e-02	   9.0882376259413311e-02	   4.8275660389444686e-01	   5.7314849711027038e-01	   6.8697175520568954e-01	   7.4239258836000066e-01	   3.6619632096492893e-01	   3.7930587012742789e-01	   7.6274705836278756e-01	   7.3237911559686286e-01	   3.1363430300111195e-01	   2.8401549376468405e-01	   6.5421358421795517e-01	   6.0928731232059274e-01	   3.6458848258568155e-01	   3.1739531939733656e-01	  -7.3220041728007992e-05	   1.3934208284251368e-01	   2.7247173445739442e-01	   3.3223183560057423e-01	   2.8924632045859835e-02	   5.5632949977263835e-01	   3.8844336343001484e-01	   2.6229408694996725e-01	   4.9959605548583608e-01	   5.3453925123462243e-01	   5.1907731263744417e-01	   5.1937171841664986e-01	   3.8246853276347376e-01	   5.4750401309067076e-01	   4.3035483448633638e-01	   5.4622909311176948e-01	   2.9982749722234386e-01	   3.8152228484980660e-01	   3.3030735994586430e-01	   3.7745236995171905e-01	   6.1838713647506061e-01	   7.2893602198137042e-01	   5.3812108348578258e-01	   5.9384475175491891e-01	   2.1054669564998224e-01	   2.3528828939623614e-01	   3.1224450420147742e-01	   4.0085505830267942e-01	   2.8797145174605793e-01	   5.2465191413298962e-01	   6.3851267704158476e-01	   6.4710863020875364e-01	   6.4361310905997815e-01	   6.7224672906151328e-01	   5.5619907161183124e-01	   1.5754440047174698e-01	   3.9372074490913345e-01	   4.4861790151880421e-01	   4.3681810864193227e-01	   4.4109143024883979e-01	   3.1382733407581126e-01	   3.1410127800121734e-01	   7.1782857022142144e-01	   7.7890115387261627e-01	   7.7375757979532744e-01	   8.1008027689038609e-01	   5.3860416386866039e-01	   7.2626952676575740e-01	   6.2249174211738134e-01	   6.6804706217305032e-01	   2.1983917972842257e-01	   3.6207986408127657e-01	   4.3225308207658364e-01	   5.1171077504551521e-01	   2.7836281414814773e-01	   1.8117305660135893e-01	   2.0582940219648971e-01	   4.4247862362877383e-01	   1.9913188817294453e-01	   9.8655063138125720e-02	   4.1408370617990686e-01	   3.2167896192319045e-01	   4.9133761984869739e-01	   2.3983496319867070e-01	   3.7839479087488054e-01	   5.6597003257788225e-01	   3.1461627347061022e-01	   4.5970131852627538e-01	   2.4013072199374624e-01	   1.7535969096319826e-01	   2.8903926362770510e-01	   9.0013126033490279e-03	  -6.4057931731037396e-03	   3.4522564718756560e-01	   4.2307217497151506e-01	   4.1354262561596061e-01	   9.2523552012313076e-02	   5.0400029531770252e-01	   1.9488012180019401e-01	   1.1198689922727219e-01	
   7.5567101775501377e-01	   7.3283149127777958e-01	   5.9103093106935789e-01	   4.8776447315625937e-01	   7.8642812771623638e-01	   7.3695746924715844e-01	   6.8272811884641782e-01	   5.4044118218183734e-01	   7.9052685103023168e-01	   8.4250181292656601e-01	   0.0000000000000000e+00	   8.9246018652085291e-01	   9.2134942340648540e-01	   9.4141935284713840e-01	   7.6245159395356643e-01	   8.6659335073375132e-01	   7.6024652103951562e-01	   8.2152673241122010e-01	   7.5105394170306372e-01	   6.8259152206673246e-01	   8.0213034550636692e-02	   1.1637362315089832e-01	   4.9599709448371310e-01	   5.5860484811798194e-01	   7.0317084061785151e-01	   6.6754745266114057e-01	   3.1256271366087374e-01	   2.0427719391749827e-01	   8.5134891395137668e-01	   8.1035590870975549e-01	   3.2361524129699809e-01	   3.1527540493081041e-01	   7.1701928708380402e-01	   6.6679143162811383e-01	   3.7433378245873339e-01	   2.7683605158754498e-01	   1.3955299651693803e-01	   1.8384893441055977e-01	   4.2761904768019482e-01	   3.9974437042794286e-01	   1.7422445847394996e-01	   6.4923098518061106e-01	   3.9105630270486602e-01	   3.0309477170614518e-01	   5.1196356006345456e-01	   5.3903831693522364e-01	   5.4330621163991544e-01	   5.6781049860625465e-01	   4.2310114006223087e-01	   5.8564288133543851e-01	   4.5386272252816451e-01	   5.9991217861087442e-01	   3.7110055262737163e-01	   4.4134138803316231e-01	   4.7373047225374698e-01	   5.0795716669976287e-01	   6.1986854408768988e-01	   7.2796946009800134e-01	   5.7895854930406343e-01	   5.7744048208927623e-01	   3.6064422306097588e-01	   3.6649203902104055e-01	   4.1404381248415778e-01	   5.6446824221810221e-01	   3.5501938905956787e-01	   5.6069292470464727e-01	   6.2115686290709327e-01	   5.9939687389808249e-01	   6.0001210244537329e-01	   6.1141151794691684e-01	   6.5915219279436776e-01	   2.6503784946881448e-01	   5.4676958213490234e-01	   5.8145884954112015e-01	   6.3338192375542046e-01	   6.0281549401236667e-01	   4.6172499267397293e-01	   3.4901487468953213e-01	   7.0935254213243781e-01	   7.4891139930936623e-01	   8.0818604695746532e-01	   8.3224952852993006e-01	   6.4840905236285140e-01	   7.4741685452175410e-01	   6.6683071082185774e-01	   7.0939583351570712e-01	   4.0474805232228295e-01	   5.0723096313924265e-01	   5.1585206103555004e-01	   5.8429962029840410e-01	   2.6366792045708487e-01	   1.8875059330445509e-01	   2.0337135034166268e-01	   4.7642898739394107e-01	   2.1506854172260473e-01	   9.3657909776904594e-02	   4.3289400026040559e-01	   3.9680661512490878e-01	   4.9056224131383996e-01	   3.1477315369009939e-01	   3.7299254001866705e-01	   5.2979918695980155e-01	   3.5447399313037786e-01	   4.4793894523291033e-01	   2.3091787166333555e-01	   1.7749643140480770e-01	   2.5912291824092726e-01	  -8.3846652683483708e-02	   1.1354582343555529e-01	   3.4083100658763188e-01	   4.4303809559390012e-01	   4.0958649068928454e-01	   2.1334187023917250e-01	   5.2205230803817382e-01	   2.9472585603583185e-01	   2.0586388347623577e-01	
   8.3051485376466005e-01	   8.1836783857580886e-01	   6.2794307401763805e-01	   6.3267111135090504e-01	   7.3874608459422464e-01	   7.9792801347118125e-01	   7.1884374007417640e-01	   7.2142803589042459e-01	   6.5125678553566391e-01	   8.5343152240653564e-01	   8.9246018652085291e-01	   0.0000000000000000e+00	   7.7149456803879501e-01	   9.1632977524630355e-01	   7.0298869031553612e-01	   8.8786221518992781e-01	   8.2832566209325065e-01	   8.6392409121793345e-01	   8.0847738528963886e-01	   7.9672857451917711e-01	   1.5373266311383366e-01	   2.6041909535203733e-01	   5.4344507968450007e-01	   6.6137998231813855e-01	   5.7948988160393999e-01	   6.6507905785472576e-01	   4.0653507067395039e-01	   3.6393733707551779e-01	   8.0105928721914021e-01	   8.5521748518009078e-01	   3.7584714653743967e-01	   4.1826657709529247e-01	   7.8754617616770239e-01	   7.5923188279565368e-01	   4.1468472060439410e-01	   3.8701446757863828e-01	   1.1253516415441626e-01	   2.3390995589780939e-01	   4.2571102493779783e-01	   4.8083188677912359e-01	   1.5078815914605131e-01	   6.3316640857988082e-01	   3.8523583130227307e-01	   2.9489386964396885e-01	   5.2105970371578236e-01	   5.5490460267772534e-01	   5.3569653096408643e-01	   5.6836086911011519e-01	   4.4280675386304957e-01	   5.7250752257484172e-01	   5.1226327754587941e-01	   6.1771513217636553e-01	   4.3269790841937256e-01	   4.4579337773542604e-01	   4.8858347717702777e-01	   5.2367080647452591e-01	   7.3849356549951206e-01	   7.9559861213273897e-01	   6.3511162415483691e-01	   6.7877162821275849e-01	   4.4221303856758443e-01	   4.8795080610474406e-01	   5.0096776709102930e-01	   5.9884152396271795e-01	   4.2505483172765368e-01	   7.0080670529166267e-01	   6.8794667464814896e-01	   7.0858495968190782e-01	   7.3127308763339594e-01	   7.3420460639885365e-01	   5.1146911404209905e-01	   3.0233989868259087e-01	   4.2040780703804692e-01	   5.8515236005335169e-01	   4.9197524808377635e-01	   5.7218876841404409e-01	   4.3402027263189646e-01	   3.7621271852888571e-01	   7.8788749622957166e-01	   7.8875049363755345e-01	   8.4369138741646976e-01	   8.6293315911219315e-01	   6.6271391873218799e-01	   7.8980986306791678e-01	   6.9427552140562709e-01	   7.8905007499106117e-01	   3.5306846400695502e-01	   4.7773465123403458e-01	   5.2585170312272689e-01	   6.6277150490343151e-01	   3.2549342699016859e-01	   1.8589670949164472e-01	   2.8298203778759390e-01	   4.2104017121989068e-01	   2.7874628471855767e-01	   1.5663924586219505e-01	   4.8007602900778429e-01	   4.4874642381197144e-01	   5.4178770047477620e-01	   3.3118297968697752e-01	   5.0477989441962778e-01	   5.5104790345809784e-01	   4.4075834584033025e-01	   4.6152611557641432e-01	   2.9605953433319127e-01	   2.2649131541485487e-01	   3.9045062356115773e-01	  -9.7903786146936447e-04	   1.3835656185702319e-01	   3.9355114060685592e-01	   4.6381629846827288e-01	   4.6150107351532349e-01	   1.9413982970299068e-01	   5.6141600655161517e-01	   2.7496340649807538e-01	   2.0135559021843222e-01	
   6.5784121101450443e-01	   6.0363852114463035e-01	   5.5976367072047895e-01	   4.6224404514885964e-01	   7.8555012197206486e-01	   6.0028173605627322e-01	   6.6470381392054156e-01	   5.0532614143792376e-01	   8.5478530915839745e-01	   7.4997465345963532e-01	   9.2134942340648540e-01	   7.7149456803879501e-01	   0.0000000000000000e+00	   9.0700758711956564e-01	   8.3515976211438514e-01	   8.3114466678016319e-01	   5.8390124403540233e-01	   6.7416738530878928e-01	   6.3253567121777188e-01	   5.5289165679725594e-01	   7.0697094553483358e-02	   6.8485392749940713e-02	   4.8911990420186252e-01	   5.2464464852286397e-01	   7.5206637698158585e-01	   6.6014970063824452e-01	   2.5661328034496189e-01	   1.2104413982964375e-01	   7.9370333722078201e-01	   7.2294582234485993e-01	   3.6410347278805388e-01	   3.5765425059123135e-01	   6.5422153946497708e-01	   5.9743992332937634e-01	   3.7468372343082557e-01	   2.4402701264781568e-01	   2.8313880812505937e-01	   2.0895446394787495e-01	   4.8668443861869015e-01	   3.9438102798054553e-01	   2.8078006665335153e-01	   6.5264724195961177e-01	   4.6805433009011999e-01	   4.1201694189389448e-01	   5.5516641406885991e-01	   5.5797735573046947e-01	   6.0529875148911860e-01	   6.0389295389607134e-01	   4.8933811742976496e-01	   6.2054832427879214e-01	   4.7753431689965919e-01	   6.1958099945939082e-01	   4.1139832275447774e-01	   5.0412934396603037e-01	   5.5246145000208613e-01	   5.7455552403213628e-01	   4.7700985775542715e-01	   5.7590972996478551e-01	   5.8845367083718803e-01	   5.3212756321303467e-01	   4.2158706162844961e-01	   4.0563772394050934e-01	   3.8659592086402450e-01	   5.9758580116339921e-01	   3.7597606579729498e-01	   5.3235871590175254e-01	   5.5926007914627041e-01	   5.1638118371149633e-01	   4.2116050734085703e-01	   4.2177722369531778e-01	   7.2462803575924484e-01	   3.4321473462883467e-01	   6.2304313434197500e-01	   5.9180533356190512e-01	   6.9773653016411652e-01	   6.1158643687639180e-01	   5.6690299475532668e-01	   4.1461318447980194e-01	   5.5325903089969963e-01	   5.5666115605944266e-01	   6.8373255048305759e-01	   7.0026567321475042e-01	   6.2830848252992300e-01	   6.8052659647432623e-01	   6.7127456301944122e-01	   6.6043102023242528e-01	   4.7038588549120414e-01	   5.2826119721295384e-01	   5.5695673438050475e-01	   5.8080166443460857e-01	   3.3679192979318828e-01	   2.5103513390449461e-01	   2.5791080957174617e-01	   5.0783213812267525e-01	   2.1612495621979794e-01	   1.4269293512355352e-01	   4.3931075490219951e-01	   4.3201409702591731e-01	   5.3034288436397248e-01	   3.8184117519247818e-01	   3.5138158160582422e-01	   5.1067620529231372e-01	   3.9977233810870888e-01	   4.1573465703673684e-01	   3.0255255043025797e-01	   2.4966613314051206e-01	   2.4650934724292028e-01	  -8.9284601274153774e-02	   2.2334127720612978e-01	   3.0526556659143744e-01	   4.1832535002191928e-01	   4.2662396855696383e-01	   3.1431779761489093e-01	   5.0788842032523729e-01	   3.8971594314539026e-01	   2.8042930680520617e-01	
