   0.0000000000000000e+00	   6.9963835975907063e-01	   6.1477402641930357e-01	  -4.9008540308748041e-03	   4.6464654713023390e-01	   3.3279574042367638e-01	   6.5980904011825037e-01	   1.4532208239485034e-01	   4.9803886350924176e-01	   1.6165456445491388e-01	   6.0157997365563820e-01	   4.3098659340635226e-01	   5.6324548057658319e-01	   4.9682790571855062e-01	   5.1254788865253398e-01	   2.1878723583300028e-01	   6.7666090146305174e-02	   1.7371197939128943e-01	   6.6786396877331544e-01	   5.8304936303369947e-01	   5.0380125487601235e-02	   8.3336208276591300e-02	   2.6642673291717384e-01	  -9.3252759911718483e-02	   2.0368238916228007e-01	   7.1769541561463646e-02	   1.9576014120467783e-01	   3.0651253712091830e-01	   2.8174306205372546e-01	   2.0340366887385633e-01	   9.3467535088212456e-02	   5.3966207075446013e-02	   4.4554662719877147e-01	   2.9945781178289876e-01	   2.5908146564622819e-01	   8.4845337149476618e-02	   2.7747337514810896e-02	   9.8364539638674572e-02	   1.0685118192896104e-01	   9.2534265342192668e-02	   9.1385415611086956e-02	   1.9525287710666756e-01	   3.0669875563351073e-01	   2.7663214589255686e-01	   5.2383389606778619e-01	   3.8988355445312489e-01	   2.7313004882436354e-01	   2.4106817492999782e-01	   5.4127597888522483e-01	   4.8512122199660657e-01	   5.2321254973330689e-01	   2.8059344166460087e-01	   3.6666022230663681e-01	   3.9993723730192227e-01	   3.8198977897178721e-01	   3.3191138155835159e-01	   5.7337129098052197e-01	   5.6513799285074096e-01	   6.8872859247155516e-01	   4.0435000154577505e-01	   6.4971417554862598e-01	   2.1502855197841503e-01	   5.7938038748216208e-02	   1.1425074452421433e-01	   3.8726081884022279e-01	   6.2303477255232073e-03	   5.3398210432375970e-01	   2.1744219795793873e-01	   5.3754731163416314e-01	   4.9461902977790245e-01	  -2.5038620621420297e-03	   5.2113785915285593e-02	   1.3226185492925135e-01	   3.0064491446108060e-01	   1.5436772322333511e-01	   6.3053793730522112e-02	   3.4281532308154161e-01	   2.1318063131572132e-01	   5.2770009206998258e-02	   1.6458220368566481e-01	   7.9481189617952336e-02	   4.1442159683980428e-01	   4.9524151333060162e-01	   1.1160774745589334e-01	   4.1924639199285585e-01	   1.5138670838873813e-01	   1.5381928300748751e-01	   1.6644008620954415e-01	   4.3007429297728650e-01	   7.8865520223719274e-02	   1.1280228514939515e-01	   3.0726694690170353e-01	  -3.1664245502714176e-02	   3.0098995763870873e-01	   1.5967369043984111e-01	  -5.5983234509532548e-02	   4.1534165727371414e-01	   4.7974368105930221e-01	   4.4907006849964887e-01	   5.0324762662217304e-01	   2.9508995464857840e-01	   6.4464794931896968e-02	   2.3487369637079075e-01	   2.0252102601301475e-01	  -9.0799519227386299e-02	  -1.0963832775805317e-01	  -5.0881921481217618e-02	   2.8133881679928530e-01	  -1.7336085800896547e-01	   3.7012937505928503e-02	   2.5579351175786391e-01	   2.9354778388526659e-01	   3.6076436190458838e-01	   2.4159678833299053e-01	   6.1334540623300952e-02	  -1.2852103962603972e-01	
   6.9963835975907063e-01	   0.0000000000000000e+00	   3.2426655337227883e-01	   1.1304750358143606e-01	   3.6153591811447516e-01	   4.2177919052912549e-01	   4.9658422780081302e-01	   3.0989902270946323e-01	   4.0736826584470720e-01	   3.0857513560122368e-01	   2.5544840783503658e-01	   5.2185694476533862e-01	   2.9833166900895702e-01	   4.2724573084202017e-01	   3.1605173807533843e-01	   7.2945090023732340e-02	   8.8295211530549311e-02	   2.9120569833839183e-01	   5.7058613426997573e-01	   7.1488885771581634e-01	   1.9434626408605719e-02	   1.3007953921126214e-01	   9.0987603338285192e-02	  -5.7523506038610575e-02	   6.8480193268431452e-02	  -6.8028504305860785e-02	   1.5182653315771333e-01	   1.6177553600378045e-01	   2.5480326148362914e-01	   2.6872330842974879e-01	   9.6005519161784708e-02	   5.2474227630637256e-02	   4.4360569751755929e-01	   4.0789014965018677e-01	   5.8846196358021921e-02	   5.9831385593522982e-02	  -1.2733606679247725e-01	   2.9934628531827538e-02	   1.8046133723494343e-02	   3.7559560916196277e-02	   1.7672641969499144e-02	   9.7373257944772196e-02	   2.5911476798303268e-01	   2.7331306733188565e-01	   3.9392410355323693e-01	   3.4082635240148523e-01	   2.6509903567831034e-01	   3.1149935359220804e-01	   4.9151628322223762e-01	   4.7559793206545276e-01	   2.4610381141833806e-01	   1.8504148928802680e-01	   2.2091604971592119e-01	   4.2304765980624187e-01	   2.8893884797954461e-01	   3.2029250965274064e-01	   7.2186372540933164e-01	   7.9797448980698915e-01	   5.1076390574230290e-01	   5.2232441042569422e-01	   5.6085281221952354e-01	   4.4910360181451831e-01	   1.1087496362401671e-01	   2.7391392984005469e-01	   1.9702249317074511e-02	   9.8221346577232582e-02	   2.9950039328458083e-01	   1.3231440462069274e-01	   6.3236236967306969e-01	   6.8121386112894955e-01	   6.3572387338518610e-02	   1.1824275978712273e-02	   1.3896055822258885e-01	   2.3916337778768720e-01	   6.4204153684210799e-02	  -1.4664808487362863e-02	   3.7812280277980126e-01	   1.9936212788207019e-01	  -1.9368898881149536e-03	   2.0647638576966193e-01	   1.5626050195148183e-01	   4.1979927939885658e-01	   3.9810773211544986e-01	   1.0354577733949806e-01	   1.2092758290562398e-01	   1.0013300321144422e-01	   6.5203873498246925e-02	   6.1442580290601373e-02	   2.8794082195460996e-01	   9.0231000004128772e-02	   1.2765601252632258e-01	   1.7131038372709020e-01	   2.2287118461132877e-02	   1.0370502719085217e-01	   1.2930879610739054e-01	  -1.0964856447256757e-01	   3.4429491681649266e-01	   3.1337407982739557e-01	   3.9976509946369609e-01	   3.2447807473729118e-01	   2.3266037746415846e-01	   6.6836225780152214e-04	   1.9426700702329439e-01	   2.8261976587299849e-02	  -5.5906045572284985e-02	  -1.0218183966434591e-01	   1.2907355187544223e-01	   1.5663310900277011e-01	  -1.9717146754421300e-01	  -3.7308029366826506e-02	   2.5134402059814254e-01	   4.2174614023950324e-01	   3.7182908008308074e-01	   1.7611082018998142e-01	   1.6212290731936748e-02	  -4.6408939104392311e-02	
   6.1477402641930357e-01	   3.2426655337227883e-01	   0.0000000000000000e+00	   3.6458454665195150e-01	   5.9764687639457081e-01	   2.1371504277395315e-01	   7.6351873832513018e-01	   3.4062107283428150e-01	   4.2333308665013297e-01	   2.5244234984585867e-01	   4.6116616941346761e-01	   1.3255860327755220e-01	   3.4143611790741069e-01	   2.2742866010022675e-01	   5.7856102692990341e-01	   2.2049541858939914e-01	  -1.0468615230078718e-01	   1.6684480247238564e-01	   7.3050679054103695e-01	   5.0373896914183458e-01	   1.0217803722432726e-01	   1.0315326284799191e-01	   6.9924607425318208e-01	   3.6094461417871465e-01	   3.0593091189992311e-01	   1.8458085595907442e-01	   3.1050421353532759e-01	   2.6141224880716818e-01	   1.1902401937344571e-01	   3.4104860617896748e-02	   5.0161516464758416e-01	   3.1583793860999454e-01	   5.3178099696347925e-01	   3.7635145928916813e-01	   3.4861029685327727e-01	   7.4178003917728261e-02	   1.6205860218105460e-02	   5.6803313626777777e-02	   2.5167229153669357e-01	   1.9165753775585143e-01	  -3.3120534220852768e-04	   1.7837046716801316e-01	   3.6085292790127882e-01	   2.5421528585173642e-01	   4.1441426964303629e-01	   2.6981184571984451e-01	   2.7869009212013662e-01	   2.0505286530720679e-01	   3.3790666844674450e-01	   2.0980840074302642e-01	   4.3287863635762269e-01	   2.2550580009483973e-01	   3.3381702878817360e-01	   4.1240569162714702e-01	   3.6249749558881367e-01	   2.3094233763337163e-01	   2.0323523765278845e-01	   1.5474259490284917e-01	   4.7861402268441477e-01	   2.0345055626573838e-01	   4.5147170734753517e-01	   5.5529779392709394e-03	   1.6151940627942862e-01	   6.5345524190609280e-02	   6.9451898018191427e-01	   5.0249190112963263e-02	   5.0967152504089541e-01	   1.6525469757267805e-01	   3.7457378866889196e-01	   1.8005305466431654e-01	   2.1517584292835754e-01	   1.9826369174133840e-01	   2.1272752322624297e-01	   1.9699888066107796e-01	   1.6226093147535695e-01	   1.3483906384130667e-01	   3.8903207695300002e-01	   6.5327350248563579e-02	  -1.8647125575071860e-01	  -3.6835416459151407e-02	  -1.0008229909090244e-01	   1.9515242029009644e-01	   3.1263679844277836e-01	   1.8592782088276127e-01	   5.0104062227753354e-01	   2.3322372503712363e-01	   3.3686723957607279e-01	   3.0288715401352734e-01	   6.4933663456826762e-01	   3.1613966485234057e-01	   3.6488451048848730e-01	   5.1673855948604352e-01	   1.4884075145185538e-01	   5.4709724673465288e-01	   1.5126670898170927e-01	  -6.0961099181772199e-02	   2.7298641700631610e-01	   2.9330936466166180e-01	   3.3410058254240949e-01	   4.3446003053295179e-01	   1.4294492123061650e-01	   3.6035153862629421e-01	   1.0584645065839773e-01	   2.9848710024462866e-01	  -1.0084165058664446e-01	  -1.0859069493388708e-01	  -4.1393598187165828e-02	   2.7365329580110687e-01	  -2.6165999195141766e-02	  -1.0378852420396656e-01	   1.6198194727132315e-01	   2.4003817523437901e-01	   2.7974083009829925e-01	  -7.4203158983494836e-03	  -1.1225796519638487e-01	  -2.3293490315606258e-01	
  -4.9008540308748041e-03	   1.1304750358143606e-01	   3.6458454665195150e-01	   0.0000000000000000e+00	   3.1784132536580312e-01	   5.0454349688652245e-01	   2.9912348253207199e-01	   8.1346569295846072e-01	   6.8834422290092187e-03	   4.8902108374555175e-01	  -2.1933812133531108e-01	   1.7514324127599545e-01	  -3.6480964828453161e-01	  -6.6878613007247387e-02	  -3.3804903055957278e-02	   8.0009392196558296e-02	   6.8907136980036476e-02	   1.7340115006422457e-01	   3.0918852998922153e-01	   2.5731441941884386e-01	   2.0460761835296021e-01	   2.7966959280250214e-01	   3.1218742366146407e-01	   6.7150814712087559e-01	   1.1353654910369224e-01	   3.1619118464606694e-01	   7.4458475638816302e-02	   1.9277350092612280e-01	   4.3677853457092894e-02	   2.7382167624042719e-01	   5.6021773258286256e-01	   5.3145819569606279e-01	   5.0240633133292356e-01	   6.3641103763689078e-01	   2.2670524680548637e-01	   2.1508415388089530e-01	  -6.5979952645072781e-02	   1.6004364743957752e-01	   8.0442058493211593e-02	   3.5426240497382117e-01	   3.7329183022827180e-02	  -6.3154278586969896e-03	   3.0438526502605029e-01	   2.8772274266755737e-01	   2.9830321865497161e-01	   4.1116085137162656e-01	   2.2053097784015474e-01	   3.1445980089762837e-01	   1.7415779609828613e-01	   2.3104092965204986e-01	   1.2231593157700210e-01	   2.7789560056490975e-01	   2.6322117959235791e-01	   2.2452968694221653e-01	   3.0655297341727272e-01	   2.9119658211691440e-01	   1.2316677273722357e-01	  -3.5431942853790102e-02	   1.0487011537582189e-01	   3.3494697160319359e-01	   1.0669867851904641e-01	   4.5064419677121370e-01	   2.1942991777349061e-01	   3.2562966154069511e-01	   2.4485679257006543e-01	   5.5643213933134128e-01	   2.5468306882410907e-01	   4.8074509106260238e-01	   1.5220519779441807e-01	  -5.4084243590642893e-02	   4.1651060283570740e-01	   3.7283433968068375e-01	   1.8758422054904789e-01	   2.3383383499124116e-01	   9.1874907882163792e-02	   2.2424848005074607e-01	   2.8285215779732398e-01	   1.6188591232912392e-01	   1.3568857119531288e-01	   2.8627787821382883e-01	   3.3082688811922517e-01	   3.6355659154276304e-01	   3.3233374150624814e-02	   3.0259715109084995e-01	   2.5611404970429202e-01	   4.9596958389556139e-01	   1.9891975712329660e-01	   2.8564125397275192e-01	   3.6682453511220675e-01	   5.1113556338504917e-01	   6.5173119159625459e-01	   4.0165739822487090e-01	   5.4028994687952414e-01	   3.9323416444569415e-01	   8.4906976718246180e-02	  -3.9045014774313824e-02	   6.4387634661224963e-02	  -6.1623864962112675e-02	   3.2348637642032851e-01	   2.7064012351060651e-01	   9.8368750870985774e-02	   4.0849130613760654e-01	   1.8304530011351802e-01	   3.5859730101749387e-01	   9.4366816029267456e-02	   5.0161911243039731e-02	   1.6990255010034377e-01	   2.9485529227150747e-01	   8.0427400847922964e-02	  -9.7957860741727187e-02	   2.1967904881835632e-01	   2.7683737158683427e-02	   1.6253411434787501e-01	  -1.1151298580802990e-01	   9.8933561178898344e-02	  -1.1290094768480545e-01	
   4.6464654713023390e-01	   3.6153591811447516e-01	   5.9764687639457081e-01	   3.1784132536580312e-01	   0.0000000000000000e+00	   3.9112909837638099e-01	   6.4614465456847747e-01	   4.5475582003185300e-01	   6.1057979132361240e-01	   5.0484429779928675e-01	   4.3150549802207017e-01	   4.7170092860591417e-01	   3.4390749481358884e-01	   3.9584558068341319e-01	   4.7329227930604834e-01	   3.8783066369925195e-01	  -3.3876420619082859e-02	   2.6405726738630847e-01	   5.3814374631942630e-01	   3.2392609543775186e-01	   2.0176138300559160e-01	   5.9446805148071935e-02	   4.1213641407683638e-01	   2.6727257357020257e-01	   2.2214251683667080e-01	   1.9238992122876908e-01	   2.8728145632020341e-01	   1.9824137473312642e-01	   1.0593178620220037e-01	   1.7190902468184832e-01	   3.7003993242714023e-01	   2.0186698634692352e-01	   4.1632786089894380e-01	   3.4143066098678698e-01	   2.8572243890392701e-01	   1.4980874304914724e-01	   2.7230216182314071e-01	   2.1502146873690092e-01	   3.7567041951083668e-01	   4.0855051844462786e-01	   4.5625971196391411e-02	   2.8683358284547905e-01	   5.0722833391403688e-01	   4.4865430917573518e-01	   5.2576360584276816e-01	   4.6614280408625230e-01	   4.7075625676269822e-01	   3.9343594838622686e-01	   4.4645098277935436e-01	   3.9892523845930672e-01	   4.5441014288875281e-01	   4.1225979560924314e-01	   4.1552287102216445e-01	   4.5827760719154498e-01	   4.9237475769562933e-01	   4.4389470604266368e-01	   1.1088122513863868e-01	   9.6839312376593240e-02	   3.8277121462806007e-01	   3.6812891617825716e-01	   5.4461875053630504e-01	   3.1396875642288391e-01	   9.8932800079478883e-02	   1.3636712203018556e-01	   5.3759599483094866e-01	   3.1424216703863317e-01	   4.1324898675836708e-01	   3.0035200750601776e-01	   1.9501435269793710e-01	   1.8054008100511992e-01	   1.7978840752389172e-01	   1.9885812061595659e-01	   1.3835661596901219e-01	   1.3906943702995822e-01	   5.4228395900575432e-02	   1.5848346954226863e-01	   3.8170047711917876e-01	   2.1990032596067677e-01	   4.1710800851856369e-02	   8.1532307253933622e-02	   6.5775246729701808e-02	   3.0715761365125688e-01	   3.9866106845777816e-01	   3.0272240538833745e-01	   4.4413016899348856e-01	   3.7129609810571623e-01	   3.5302638842152828e-01	   4.0430192632725598e-01	   6.7111954518331296e-01	   4.3887036455080830e-01	   5.5232830367562169e-01	   6.0073700855351864e-01	   3.3717424155691705e-01	   5.8828752896555214e-01	   1.9120138073473181e-01	   7.1686980554402091e-02	   2.7910717650575251e-01	   4.1021377007761683e-01	   4.9402442329399687e-01	   4.8558118780824078e-01	   3.5721271745839567e-01	   4.6075424952583666e-01	   3.0693556174016068e-01	   2.8048919450890064e-01	   9.6946876809472296e-02	   1.3643238567097482e-01	   1.8538081883170135e-01	   4.2398400388360163e-01	   1.1050566167910444e-01	   1.3617412801469736e-01	   3.4507251123527727e-01	   3.4571190594991330e-01	   4.1239906628406009e-01	   2.2883071277510986e-01	   1.0160427685166248e-01	  -1.0528494823098386e-01	
   3.3279574042367638e-01	   4.2177919052912549e-01	   2.1371504277395315e-01	   5.0454349688652245e-01	   3.9112909837638099e-01	   0.0000000000000000e+00	   5.3652727855450744e-01	   7.0491791820716543e-01	   4.3037691624351798e-01	   6.9584684449099532e-01	   1.6092649871848726e-02	   5.1444001847723464e-01	  -7.2011547860711567e-02	   1.9507114659381564e-01	   1.2470957753046935e-02	   8.2196719868914914e-02	   2.2366153230763175e-01	   4.3696180615016866e-01	   4.3407409995441082e-01	   4.5168296892378501e-01	   1.8156510519379448e-01	   3.0556373465389669e-01	  -1.2742814271366473e-01	   9.7659064765062864e-02	  -1.9487069182445682e-01	   4.9347256114957487e-02	  -4.0149257637826258e-02	   1.8429449868018055e-01	   4.2344125862160104e-01	   5.1631298926670277e-01	   1.8898383563818769e-01	   1.8234039419868875e-01	   5.8144435421770957e-01	   5.7540852113667673e-01	  -2.3988877461897422e-02	   5.0133291330575272e-02	  -5.6030408603547160e-02	   1.4134868005657841e-01	   1.1418676121550672e-01	   2.0326805320045949e-01	   2.5609375193176950e-02	   1.3806948468281827e-01	   2.6143254308868824e-01	   2.2066876148266498e-01	   2.9415911486261448e-01	   3.6621153277595475e-01	   2.2962756766446263e-01	   3.0809359692086813e-01	   2.5032115655278736e-01	   3.3999581230323006e-01	   1.2879439172931556e-01	   1.3683944142982940e-01	   2.7985384470916264e-01	   2.5592304528439880e-01	   4.1914471002480835e-01	   2.9028319838045769e-01	   3.4610824524818978e-01	   2.7968965604670859e-01	   3.3394088392300536e-01	   5.6958720815445329e-01	   4.3545235838140045e-01	   6.7040089835092664e-01	   3.4483234867733437e-01	   5.6466152987510454e-01	   7.6008373234435090e-03	   5.2607654298350681e-01	   2.2700124961894488e-01	   3.6590446088535217e-01	   2.6914619423193908e-01	   1.1227975460631014e-01	   9.7311809173371802e-02	   2.3428047348910713e-01	   2.2037353842751894e-01	   2.7040690317449373e-01	   5.8787256035724031e-02	   1.4113655580372048e-01	   2.8426608104459117e-01	   2.4942125756387623e-01	   2.7318486932617064e-01	   3.8109863600301025e-01	   4.8872040909059911e-01	   5.1274074162136185e-01	   2.1063333550192859e-01	   3.2369887857081120e-01	   1.9005859715119411e-01	   2.6493797679714276e-01	   1.3109114290043200e-01	   3.1443433691382278e-01	   3.3823020630386291e-01	   3.5719741464697119e-01	   5.4904487258143786e-01	   4.2330873142652342e-01	   5.0588413901593121e-01	   4.2503018961566791e-01	   2.0178961473564011e-01	  -3.9418280413311094e-02	   2.5350260008215370e-01	   1.3689919468774681e-01	   4.7341599810659740e-01	   3.4711583294783976e-01	   2.0864528516738901e-01	   3.5293928479340381e-01	   3.4248705136473689e-01	   2.1975719565855822e-01	   1.1824525595008598e-01	  -4.2023549635207491e-02	   2.5901223037414589e-01	   2.7392707758414103e-01	   1.1472968853328512e-02	   1.0588859344463030e-02	   2.2555136205110465e-01	   3.2974991807636478e-01	   3.2668050268098908e-01	   1.7180082525358895e-01	   1.2455836331731870e-01	  -1.4601466223952472e-01	
   6.5980904011825037e-01	   4.9658422780081302e-01	   7.6351873832513018e-01	   2.9912348253207199e-01	   6.4614465456847747e-01	   5.3652727855450744e-01	   0.0000000000000000e+00	   5.5644491316248035e-01	   7.0685455681583509e-01	   5.5569506594364482e-01	   5.4311632403055599e-01	   4.8948638246992504e-01	   4.5947324898310060e-01	   3.7965129780067297e-01	   4.2547779855348711e-01	   1.9679003836313741e-01	  -8.5078509134622421e-02	   3.3650192760198983e-01	   6.5155654027856480e-01	   5.2365914700667893e-01	  -4.7544187161827615e-02	  -1.1367431093611593e-02	   2.8900967912292475e-01	   1.1257289964835487e-01	  -6.9643925608730450e-02	  -1.2758233060743529e-01	   8.3858321316598664e-03	   7.0057089342564438e-02	   3.2394889125982995e-01	   2.8339574294939063e-01	   2.1301842455740735e-01	   7.0543761577308600e-02	   6.0814374122176873e-01	   4.4520331240677624e-01	   7.3033897914200188e-02	  -7.3290263942990846e-02	  -4.1753152157398124e-02	  -8.5705998806661937e-02	   1.8035567290165433e-01	   1.1841292087390703e-01	   4.9306655693578550e-03	   1.2605176453264580e-01	   3.6657772110637993e-01	   2.6802969664137793e-01	   3.7570607264468719e-01	   2.5947909296471405e-01	   2.4117848259496372e-01	   2.2746206999433088e-01	   3.1655286076894318e-01	   2.7705621362481880e-01	   3.0977222394459075e-01	   1.7033284269472906e-01	   1.7574156287724924e-01	   3.7466600679633466e-01	   3.6238180803076675e-01	   1.8721103973032177e-01	   2.9980763052175480e-01	   2.8701763593966201e-01	   5.7657045099346738e-01	   4.1022387309469666e-01	   7.8340967712684717e-01	   4.5262127672999364e-01	   3.0958435573035070e-01	   3.4595247130829648e-01	   4.9715893182499238e-01	   2.6446460282853979e-01	   4.4172180129411132e-01	   1.7264028729999872e-01	   3.7273030008892249e-01	   2.0816159055359518e-01	  -1.9261069347064577e-02	   1.5175388617606811e-02	   1.4273071584308525e-01	   1.7233263959225609e-01	   1.0178723914255484e-01	   1.7019479467373623e-02	   3.5791331620206257e-01	  -1.1912414346906867e-02	  -1.2020857021204165e-01	   9.8265696496174476e-02	   2.3256388359383439e-02	   3.0229683694287307e-01	   3.7073475284517093e-01	   2.4398096709262024e-01	   4.1015516287669268e-01	   1.5126861307352082e-01	   2.0970972582933453e-01	   2.9297182177046849e-01	   6.2300052953767138e-01	   2.5086069330280691e-01	   4.0820114224107507e-01	   5.1421247143343463e-01	   2.4427172395759400e-01	   6.3204967409653035e-01	   2.3223408287570241e-01	   3.7834633722215308e-02	   2.7464570901237739e-01	   3.2467768651635598e-01	   4.2270493090149597e-01	   4.4399783727523623e-01	   2.7995051380820701e-01	   4.4146993481149505e-01	   2.8129608169675480e-01	   2.3436378713288863e-01	  -8.5926218154483841e-02	  -1.6501482703330170e-01	   7.8864634276432005e-02	   3.0374942342898903e-01	   5.7910015203781195e-02	  -2.0557558585158092e-02	   1.4651978326856244e-01	   3.2749598537649416e-01	   3.8318487449617761e-01	   1.5926187334416436e-01	  -1.0684408579107940e-02	  -2.2899390471796160e-01	
   1.4532208239485034e-01	   3.0989902270946323e-01	   3.4062107283428150e-01	   8.1346569295846072e-01	   4.5475582003185300e-01	   7.0491791820716543e-01	   5.5644491316248035e-01	   0.0000000000000000e+00	   3.4998535282237520e-01	   7.2322597753765661e-01	   7.4135376230061778e-02	   5.1639506463230400e-01	  -7.6272985440624302e-02	   2.0234323944741403e-01	   3.9386432556603457e-02	   1.9628365151717234e-01	   8.1095585949033988e-02	   2.7511765506394903e-01	   3.1006879658368597e-01	   3.0768526556369202e-01	   1.2780952195688791e-01	   1.9052951041286764e-01	   1.8174519774626399e-01	   5.2433095978229249e-01	  -8.8264769354999939e-02	   1.3933079343323723e-01	  -2.6927985416998076e-02	   1.4407246158814796e-01	   1.4897965539723101e-01	   3.4016153891986123e-01	   4.3693747733517363e-01	   3.9329315362033823e-01	   5.8061684364910393e-01	   6.4351752338245438e-01	   1.2540009226697740e-01	   1.3245312648397514e-01	  -6.1759628594513429e-02	   1.2113176617142798e-01	   7.5409787890167793e-02	   2.7941753352949805e-01	  -4.8838849628056466e-03	   2.0502063041678661e-02	   3.3456554377036007e-01	   3.2637703354630282e-01	   2.9575723626985201e-01	   4.1140155462140482e-01	   2.6106994274771389e-01	   3.5260330809250284e-01	   2.3008884823798598e-01	   3.1272788941955909e-01	   9.4382225324646865e-02	   2.1966999017593947e-01	   1.7964156820364979e-01	   2.6497612814555077e-01	   2.9957562444460950e-01	   2.3977364978502297e-01	   2.0129136918931489e-01	   8.4501127831043438e-02	   1.4869180056300860e-01	   4.0123246797613210e-01	   3.8410637019725885e-01	   7.2848247536093447e-01	   2.6259976287984227e-01	   3.9885174358644027e-01	   2.5706963120647580e-01	   7.3409381878439028e-01	   2.0548868360249606e-01	   3.9948707053558474e-01	   2.8471782257925005e-01	   1.1286959269861360e-01	   2.7969551563786355e-01	   2.3275093780981965e-01	   1.5301964234311494e-01	   1.5930757836597342e-01	   4.1064362326627787e-02	   1.1937322972818092e-01	   2.9529525629919967e-01	   9.1197148430802066e-02	   7.3706798119622330e-02	   2.3934354061953608e-01	   2.9276757280031213e-01	   3.9236302932742412e-01	   1.4271362393507317e-01	   3.1790232085239323e-01	   2.3063770027435254e-01	   3.9373196600526866e-01	   7.7687254567192957e-02	   2.7877536896527488e-01	   4.0938941585820593e-01	   4.4873812517553524e-01	   7.0155318559705893e-01	   4.5288587350106752e-01	   5.6439470578888495e-01	   4.5856820097394246e-01	   1.9668733258035495e-01	   1.9145345720709750e-02	   1.7489670217516629e-01	   1.1809947584019629e-02	   3.3493001098342573e-01	   2.8169402367561991e-01	   1.8998689885761091e-01	   4.1387312307109653e-01	   2.3997057506797287e-01	   2.6448500104304185e-01	   4.8836011923204413e-03	  -2.5181164343774438e-02	   1.7599720748849856e-01	   2.8330234702207535e-01	   8.8314512854061181e-02	  -4.7615702060304646e-02	   2.5985348360196830e-01	   1.6804668700638759e-01	   2.6196890394020766e-01	   1.2413674686828045e-02	   1.1377995165936505e-01	  -1.7009263488602522e-01	
   4.9803886350924176e-01	   4.0736826584470720e-01	   4.2333308665013297e-01	   6.8834422290092187e-03	   6.1057979132361240e-01	   4.3037691624351798e-01	   7.0685455681583509e-01	   3.4998535282237520e-01	   0.0000000000000000e+00	   5.6707167128758063e-01	   6.0326200507708583e-01	   5.3525323832765315e-01	   6.1025752748703221e-01	   5.2991674311950088e-01	   4.5761136821895532e-01	   3.0178206945898084e-01	   3.1290118201592207e-02	   2.8731799636932492e-01	   4.1807473832454062e-01	   3.1682378178671988e-01	  -7.2729313933200673e-02	  -1.5197870798688895e-01	   1.5533770424316978e-01	  -2.0330611431930962e-02	  -1.2368573786062438e-02	  -5.1879661621409286e-02	  -7.9380723615847595e-02	  -1.6540545316355230e-02	   1.7324802215340407e-01	   1.9143977393668968e-01	   1.3989206462572293e-01	   7.9139907258915732e-02	   2.6762375124184745e-01	   2.1154818733154115e-01	   8.0844544599180376e-02	  -3.4171441421958014e-02	   2.4353447764223039e-02	  -5.3154491188290687e-02	   2.2131749532859435e-01	   6.3574684125568243e-02	  -9.5890116579088164e-02	   1.2213658983086564e-02	   3.3593508041634790e-01	   2.3971057147167141e-01	   3.3009071755771674e-01	   2.2227893541373253e-01	   3.2775983176565676e-01	   2.4170677645318889e-01	   3.7543850109501781e-01	   3.8502062924977520e-01	   2.5867324610620812e-01	   2.3865458717487417e-01	   2.7041514503294511e-01	   3.7706397573103656e-01	   3.1639309554737860e-01	   2.2156700585972294e-01	   1.6713985373042339e-01	   1.4983798574185447e-01	   3.7013096610117713e-01	   2.7738758757202869e-01	   5.7548414060555553e-01	   4.0321645656005400e-01	   8.4355419088565253e-02	   1.4611357680891640e-01	   3.4390626470014607e-01	   2.5760630033095427e-01	   1.8272176529505380e-01	   2.8058182539919624e-02	   2.5888165602674235e-01	   2.9505537223394923e-01	  -3.4845737711043046e-02	  -4.6931436504542193e-02	   3.5266090332746247e-02	  -3.6804414122922481e-03	  -7.7631897886977552e-02	   1.8515193357720339e-02	   2.8292981522469013e-01	  -4.2373826222198666e-02	  -3.0404708877284577e-02	   4.6400086002425026e-02	  -1.4101345282672850e-01	   3.8506543831540826e-02	   1.8540934534215997e-01	  -4.0567572419684873e-02	   1.0994002331116083e-01	  -2.6656915855275617e-03	   5.3750728054159917e-02	   9.3121068140787494e-02	   4.6876716556508768e-01	   2.6394646719962955e-01	   3.1378088963607309e-01	   4.0005512321157000e-01	   1.7708510167090080e-01	   4.2946489051139541e-01	   2.0268355676608613e-01	   1.2824199898411662e-01	   2.5186398846533592e-01	   4.1114250166592281e-01	   3.8157468352260943e-01	   4.0118191154126309e-01	   2.6612562424061093e-01	   2.0473156307339746e-01	   2.1338890898495511e-01	   1.4246442843767440e-01	  -3.9017607576504208e-02	  -3.6440407148367188e-02	   9.8175339017280552e-02	   3.9320243812503913e-01	   2.1943964741353766e-01	   1.7302883195006352e-01	   2.9304675435446970e-01	   4.6209699136780802e-01	   3.5101836276377418e-01	   2.2826211400194413e-01	   1.0723574615903389e-02	   3.2319315694861746e-02	
   1.6165456445491388e-01	   3.0857513560122368e-01	   2.5244234984585867e-01	   4.8902108374555175e-01	   5.0484429779928675e-01	   6.9584684449099532e-01	   5.5569506594364482e-01	   7.2322597753765661e-01	   5.6707167128758063e-01	   0.0000000000000000e+00	   1.4269985990025502e-01	   4.0566923982804415e-01	   8.7620654847688703e-02	   1.9891497242557726e-01	   2.8700380509466487e-02	   1.3228591736969642e-01	  -5.3620819917262084e-03	   3.1632721381631335e-01	   2.9654919861892265e-01	   2.1268629248312398e-01	  -7.7505539466384221e-02	   3.5234505372564298e-02	   5.4278823559244578e-02	   2.5665965649042233e-01	  -9.8691279026416612e-02	  -2.2292450955452802e-02	  -9.6504030209983896e-02	   4.4261908924123471e-03	   1.4453032877342348e-01	   2.5174997529588145e-01	   2.9849177653924247e-01	   2.5813753659005600e-01	   3.8445771921522104e-01	   4.5037795792657626e-01	   6.2748974589698886e-02	   8.5396472126421721e-02	  -1.1202117714976244e-01	  -4.5800997068869718e-02	   1.4698505151335173e-01	   1.4243689955687952e-01	  -1.0902777620413695e-01	  -2.4972856123217365e-02	   2.8523174159279879e-01	   2.2229455873832860e-01	   2.4746368286688858e-01	   3.3550844807647756e-01	   3.1500313265706192e-01	   2.7854006623311894e-01	   2.9609508530417256e-01	   3.6218908590767052e-01	   1.2387860057929023e-01	   2.2566787778769082e-01	   2.1133376369802995e-01	   2.7004025910083229e-01	   3.3859539357265850e-01	   2.7273694071444265e-01	   1.3347755345859877e-01	   1.4746670143831322e-01	   2.3856918240851843e-01	   4.6711894660888226e-01	   4.7836954330663795e-01	   6.9505647698013662e-01	   1.7692206172824984e-01	   3.2780278388952450e-01	   2.2663917199879230e-01	   6.1848905961274103e-01	   1.5474146468840783e-01	   2.7354455117655851e-01	   2.1912235848718242e-01	   1.4763763687375797e-01	   6.5209832064742457e-02	   1.0023419025934463e-01	   3.7488211330399028e-02	  -2.2022051774048378e-03	  -9.2979222035144429e-02	  -3.6947389076020673e-02	   2.2417448138774834e-01	   4.3440974021710967e-02	  -3.8819447910215632e-02	   1.9380790077063259e-01	   1.1846527330970456e-01	   1.4446480258597708e-01	   3.4961688631338417e-02	   4.3449407992390492e-02	   9.3073633103086750e-02	   1.8026937961379622e-01	  -1.0341307491044604e-03	   1.3985979382529024e-01	   4.3355147749157619e-01	   4.5004027372397587e-01	   5.7431272564323221e-01	   4.5466436021897960e-01	   4.7299624001980217e-01	   4.9710797734052209e-01	   1.7439261097114742e-01	   4.7661631342699698e-02	   2.5054416328463025e-01	   1.7568079832090472e-01	   3.3401342706071402e-01	   3.5276413959912273e-01	   1.4397976517649286e-01	   3.8186236837428100e-01	   1.8799570219155481e-01	   1.6031604552049783e-01	  -1.0231053834311821e-02	  -6.7849518546329854e-02	   2.7445587567241586e-01	   3.0093306835721861e-01	   1.2385243882316037e-01	   7.1916024950755802e-02	   2.4800347486453100e-01	   2.6508730082107534e-01	   2.2287629211589469e-01	   6.9879751185968370e-02	  -7.4263848403120572e-02	  -1.5506785548600061e-01	
   6.0157997365563820e-01	   2.5544840783503658e-01	   4.6116616941346761e-01	  -2.1933812133531108e-01	   4.3150549802207017e-01	   1.6092649871848726e-02	   5.4311632403055599e-01	   7.4135376230061778e-02	   6.0326200507708583e-01	   1.4269985990025502e-01	   0.0000000000000000e+00	   4.0950251662267323e-01	   8.5006304075834427e-01	   5.3908127818121276e-01	   6.3218488633338932e-01	   4.6813377550425256e-01	  -4.8066099388480287e-03	  -4.3262404193049400e-02	   3.0239373957017768e-01	   1.0582005600526764e-01	  -1.3636560525419872e-01	  -3.1777321797464575e-01	   3.1479460918840113e-01	  -2.5952998954325852e-02	   4.5647570814333599e-02	  -4.4220933165726568e-02	   6.9220330393541850e-03	   8.6660558358775425e-02	   6.8062588131771976e-02	  -8.3594212616134020e-02	   3.8712166105757326e-02	  -3.8749699843626126e-02	   1.5841165429006226e-01	  -9.1948673509701193e-02	   2.1643754763785183e-01	  -5.9601118486062074e-02	   1.8624782524984984e-01	  -6.2400184271272426e-02	   2.5067356046479514e-02	  -8.1089795395347164e-02	  -6.3444256896281401e-02	   4.3297431554162394e-02	   2.3955642110492589e-01	   1.7571839910753828e-01	   2.8751383120728924e-01	   1.3954260470974167e-01	   1.6561461700312738e-01	   6.1228688040834089e-02	   3.0750807814500369e-01	   1.9820555512850210e-01	   2.8796738157727830e-01	   4.0009304197446922e-02	   1.2270129886806169e-01	   3.1608217604565536e-01	   3.9086688794587161e-02	  -1.9254490506737779e-02	   1.6430884919910815e-01	   1.7298063220993659e-01	   2.6503893679639462e-01	  -2.2225381316128445e-02	   4.3059629337046662e-01	   1.0626105815614317e-01	  -8.9365303004874413e-02	  -2.1265190192460029e-01	   5.7294836652840342e-01	   6.1709175146134387e-02	   2.2440443821281206e-01	  -5.7558571566308218e-02	   2.9007861991580408e-01	   2.9411101890505603e-01	  -1.0367551365372801e-01	  -1.5675143883868897e-01	  -1.5845705546372138e-01	  -3.4696213815005650e-02	  -1.2175002566596407e-01	  -1.4905117395008488e-01	   1.0713969128025433e-01	  -1.3169708648388273e-01	  -3.0055637864328650e-02	  -2.3666242836256621e-01	  -2.4152093086295753e-01	  -3.7998226654552139e-03	   3.3977057181305315e-01	  -3.0824458881650051e-02	   3.0037458076072898e-01	  -3.3573643322899790e-02	  -4.8885423170308126e-02	  -3.6583564093431983e-02	   2.1830412871180224e-01	  -1.0552643940883570e-01	   1.4137491820966394e-02	   2.9175500201704829e-01	  -7.5777994940113697e-02	   2.1390997672589729e-01	   2.0267053635535148e-01	   5.6643056772474512e-02	   1.9463984483192015e-01	   2.8651680123594808e-01	   3.0972903847312247e-03	   2.3104582511603955e-01	   1.2939882306176456e-01	  -2.3821821777256239e-02	   2.3633210069581943e-03	  -4.5296476668920411e-03	  -2.5494598987307859e-01	  -1.3422669044875263e-01	  -2.4203226342198533e-01	   1.6032813327638051e-01	  -6.2438704623970758e-03	   1.5439647083890312e-01	   2.0378536095718242e-01	   1.6855415880152874e-01	   1.1026547895834074e-01	   2.0621673946035210e-01	  -1.1152309569694865e-02	  -1.5393825301673864e-01	
   4.3098659340635226e-01	   5.2185694476533862e-01	   1.3255860327755220e-01	   1.7514324127599545e-01	   4.7170092860591417e-01	   5.1444001847723464e-01	   4.8948638246992504e-01	   5.1639506463230400e-01	   5.3525323832765315e-01	   4.0566923982804415e-01	   4.0950251662267323e-01	   0.0000000000000000e+00	   4.2255542525460649e-01	   6.9615156137640433e-01	   2.8429483092299784e-01	   5.1497644710147128e-01	   5.2944001264151913e-02	   3.3733352785401927e-01	   2.0386938783026068e-01	   2.9089393227159055e-01	   1.1832446021195545e-01	  -7.3550360603168816e-02	  -3.8899712912949455e-02	   7.2913887783057421e-02	  -9.5242033947689209e-02	   7.5292497165725128e-02	  -6.6221598959221931e-02	   1.1397669317782086e-01	   1.9738227570370848e-01	   3.6767776310382533e-01	  -4.5479349959323796e-02	  -3.3641726867091146e-02	   3.3742646187419512e-01	   2.7478934545753519e-01	   1.1306746979946536e-01	   7.0155539374507053e-02	   2.6023591263669771e-01	   1.2995413907699244e-01	   1.2314157779952475e-01	   6.7410331849813224e-02	   1.2132531494870673e-01	   1.2310506612820063e-01	   2.7934568833998180e-01	   2.6557378461008152e-01	   3.4555857691433428e-01	   3.5316850129975330e-01	   2.2652060752660486e-01	   2.6702187713232167e-01	   3.2082046662848157e-01	   4.0574051100643810e-01	   1.8225828276127137e-01	   2.0883778600113445e-01	   8.2721577666069440e-02	   1.7736571732801171e-01	   2.6414213134547093e-01	   2.1102933181593125e-01	   2.9039570987160318e-01	   2.4942802620189497e-01	   2.6215924054287093e-01	   3.4656481236117254e-01	   5.5895314493072434e-01	   6.6129334895826786e-01	   1.6975371310447068e-01	   3.6914334340727839e-01	   1.2043781072864054e-01	   4.5330306248862351e-01	   2.0860994923561482e-01	   2.5449768684786289e-01	   2.1637543587687452e-01	   2.7573675583751722e-01	   3.9069374969127428e-02	   1.2912666777710493e-02	   1.1537564846905886e-01	   1.9237708103935131e-01	   1.1373850304707184e-02	   2.8955638457260298e-02	   2.2700827643607266e-01	   1.0502038913729024e-01	   1.2075900724807780e-01	   2.1205924799743114e-01	   2.3178968766743857e-01	   4.5278811369292421e-01	   4.4237224786771806e-01	   2.8705893002390992e-01	   2.6106130876111083e-01	   2.4590099854761416e-01	   9.8011165384344470e-02	   3.0767786506128569e-01	   2.5250211052810345e-01	   6.3718263239167433e-02	   2.9522704926159843e-01	   2.4728141806629689e-01	   1.8643823386315134e-01	   2.0445301633982513e-01	   1.7380178270129126e-01	   1.0020727084090393e-02	   1.5384699096404517e-01	   1.5844151609569182e-01	   3.0612929040978454e-01	   2.3578207104540258e-01	   3.9024182895693976e-01	   5.0095172401120845e-02	   3.3712160204712116e-01	   4.9075971828329325e-02	  -1.9735969908677133e-02	  -2.5180027908370411e-02	   7.7485301599728496e-02	   2.1112670940086006e-01	  -3.7971535224370502e-02	   4.0251069623885950e-04	   2.4008052196533713e-01	   2.7429463468059279e-01	   2.1812162568799093e-01	   2.2556466856883878e-01	   2.8071281471199666e-01	  -1.1502015799780743e-01	
   5.6324548057658319e-01	   2.9833166900895702e-01	   3.4143611790741069e-01	  -3.6480964828453161e-01	   3.4390749481358884e-01	  -7.2011547860711567e-02	   4.5947324898310060e-01	  -7.6272985440624302e-02	   6.1025752748703221e-01	   8.7620654847688703e-02	   8.5006304075834427e-01	   4.2255542525460649e-01	   0.0000000000000000e+00	   6.9715647297129801e-01	   6.0223486523588943e-01	   4.8670737997454649e-01	  -3.0974986101939370e-02	  -1.0782003750701387e-03	   1.4660966918616697e-01	   4.9317021299522736e-02	  -1.5801981820991817e-01	  -2.9316680809503454e-01	   2.5338634312390129e-01	  -1.1088324032592492e-01	   1.5583234687598399e-01	   9.4895566738965337e-03	   5.6604096353824671e-02	   9.8780761850267407e-02	   2.1561478832273065e-02	  -1.1253333260312431e-01	  -6.1522170706008850e-02	  -1.1438015218828221e-01	   6.0302637167744554e-02	  -1.4120001516029479e-01	   2.5874391386962270e-01	  -6.6875264869735149e-02	   1.1796996363370933e-01	  -9.4315552218194348e-02	   4.5437929110544867e-02	  -9.3562091362186156e-02	  -2.7028946603817244e-02	   2.8903105945961693e-02	   2.4595925591761408e-01	   2.1526411871401183e-01	   3.2794012237098191e-01	   1.6912393201578638e-01	   1.8271960642030532e-01	   1.2511400368261000e-01	   4.0258413591449849e-01	   2.8495769176833774e-01	   3.6367313625560238e-01	   1.8140687402972855e-01	   9.4517049053189806e-02	   2.5053418788573156e-01	   3.4471398399181695e-02	   9.6695367140908657e-03	   1.3201726739315278e-01	   2.0171611565662897e-01	   3.1822867856811737e-01	   4.8384626410233819e-02	   4.8934831017127461e-01	   1.0795761675824644e-01	  -9.1637973450099053e-02	  -1.8358713280480909e-01	   3.8893797413682268e-01	  -2.0543380145476142e-02	   2.6089141996743437e-01	  -5.3216304150823244e-03	   2.0663594826395129e-01	   2.7783799310179352e-01	  -1.7607537427704464e-01	  -2.1181461130757318e-01	  -1.3943098389339570e-01	  -7.6355165362038555e-02	  -9.5415858862724232e-02	  -7.1111270115806494e-02	   1.5554561564430200e-01	  -1.0535868013987219e-01	  -9.7640692091228845e-02	  -1.7628315298343369e-01	  -2.9784050074773544e-01	  -6.2161812242244395e-02	   2.9337107285415881e-01	  -9.5328890954332876e-02	   2.5083456227013695e-01	  -4.9258235151939431e-02	  -3.1263889338830141e-02	  -4.7949641693354840e-02	   2.3949047169854121e-01	  -1.1112342368372938e-01	  -1.5507119731607003e-01	   1.7419684976734978e-01	  -2.1361791957243831e-01	   1.5530273625319033e-01	   1.2241701225643195e-01	   4.1068804885547441e-02	   1.6623060308089116e-01	   2.8321744951666805e-01	   9.8061282889556293e-03	   1.8469721570314451e-01	   1.5813971975722269e-01	  -5.5304515976259162e-03	  -4.4721182870176422e-02	  -3.6736919446418996e-04	  -2.9558495581104238e-01	  -1.8610821440193201e-01	  -1.5844858508439061e-01	   1.5843752399324859e-01	  -6.3613022349149272e-04	   1.0622067480525207e-01	   1.5616368544238493e-01	   1.5548793062656849e-01	   1.5097581338427318e-01	   1.2488479404763686e-01	  -2.2073788548476981e-03	  -5.6051733418608973e-02	
