   0.0000000000000000e+00	   8.2673628121103448e-01	   3.0533905837569103e-01	   2.5780346991477993e-01	   3.3109541362553341e-01	   2.5481937660729304e-01	   4.2876821778416735e-01	   4.6109119021332468e-01	   3.1200118880807359e-01	   1.7146348165980499e-01	   7.7625768040734089e-01	   5.6214533410905831e-01	   6.0375626909099367e-01	   5.3137831692671378e-01	   3.6173537822244028e-01	   1.5402059196998835e-01	   6.5768827419699694e-01	   5.9523894152835621e-01	   8.1306005446672858e-01	   8.0471551782679174e-01	   2.1937873753069306e-01	   1.5983478009850066e-01	   1.0036736240766851e-01	  -9.8347636358359514e-04	   1.2450369564831122e-02	  -5.1741328404340328e-02	   1.3667326362747917e-01	   8.7662778919122247e-02	   4.4488127863718230e-01	   5.0369320272207629e-01	  -2.4935501141601531e-02	  -1.7058416429393118e-02	   3.2706917779005662e-01	   3.8885208060155674e-01	   6.3100580900515207e-02	   1.2848994083329290e-01	   2.5085902536297316e-01	   2.0449717499252035e-01	   4.5121640806221852e-01	   3.1244511960361010e-01	   2.9544575755365615e-01	   1.5177292205917792e-01	   5.1612211655927420e-01	   5.2539331089786234e-01	   3.9365676696612356e-01	   4.7171042204911717e-01	   4.9819223813441599e-01	   5.7366224991532644e-01	   6.0535350164287727e-01	   5.8107638803915973e-01	   5.4202761870399696e-01	   5.6539297037937541e-01	   6.3090740619303243e-01	   5.5844582101722540e-01	   6.1386374033468882e-01	   6.0861026053705047e-01	   8.0483994274849380e-01	   7.7663029391457883e-01	   7.2454359166111626e-01	   5.8372835797470024e-01	   7.0887017123307083e-01	   4.2988495047833836e-01	   3.3614805379509172e-01	   2.4679602512014701e-01	   6.0611168866100365e-02	   5.6071361403294676e-02	   4.4736841777438990e-01	   3.6187568449948043e-01	   6.0927845425317195e-01	   6.3463942319724298e-01	   2.9775776502738949e-01	   2.7526123885405418e-01	   4.9817202303656677e-01	   5.1271440842627847e-01	   5.4965864634099870e-01	   4.0614477872814925e-01	   5.9331730784194670e-01	   4.6528478547892493e-01	   6.6639557469390209e-01	   7.0342772889688421e-01	   5.4494916374730551e-01	   6.1425629696461548e-01	   3.6957496480573931e-01	   4.1373502847891352e-01	   4.0807588323601723e-01	   2.1595616730072842e-01	   1.6524646988834807e-01	   3.7058396949371096e-02	   5.7709725035125237e-01	   5.8919109204397135e-01	   4.6048787434906557e-01	   4.7199632544286774e-01	   3.7945963296663016e-01	   4.3803345798061188e-01	   1.8019189100405592e-01	   4.6610442572556077e-01	   5.3097656135149907e-01	   5.5822242444802095e-01	   6.7678001363237350e-01	   7.0034292553389121e-01	   5.9672857768481591e-01	   6.8913795150619062e-01	   6.8505456604630965e-01	   7.5977139816791595e-01	   5.3027692990399000e-01	   4.8003703594507707e-01	   4.6288979477507586e-01	   4.7781891072453408e-01	   2.9257186940641988e-01	   4.0847593557032436e-01	   4.2142361734651890e-01	   6.6873243922260472e-01	   5.3767382874320468e-01	   5.0846530816955537e-01	   6.1169242633847398e-01	   2.9318540155306239e-01	
   8.2673628121103448e-01	   0.0000000000000000e+00	   2.1673608855930560e-01	   3.7468868298870861e-01	   2.7275673323989885e-01	   3.6374318152413232e-01	   2.9302022887241641e-01	   5.4818382440124658e-01	   2.9637847153391572e-01	   2.9966265605949866e-01	   5.7164150571071215e-01	   6.9106873484321429e-01	   4.4897865896327893e-01	   5.3096504921631149e-01	   3.3203300039283135e-01	   2.9732334104067770e-01	   6.9886002997750818e-01	   7.2123160606710157e-01	   6.4990895901171897e-01	   7.3123814506705165e-01	   3.2968166264953719e-01	   2.8813762309316510e-01	   1.3857301250697551e-01	   1.3595836443600068e-01	   6.8099473385438675e-02	   1.1005447397645718e-01	   1.4699701714886401e-01	   1.5387984547543412e-01	   4.5713004143469754e-01	   6.0367804374166933e-01	   1.4799810769794411e-01	   2.1573239716719597e-01	   4.2354950856721274e-01	   5.1840295305465134e-01	   1.5089452017877139e-01	   2.7427391482573737e-01	   2.9014861245372470e-01	   4.0925249275423226e-01	   5.0313507908761168e-01	   5.4958862198828529e-01	   3.1943400918813036e-01	   3.3428126492844257e-01	   4.6852602643983304e-01	   4.4378375620029220e-01	   2.9158522649543156e-01	   3.6205455285058774e-01	   4.5480046911274985e-01	   5.6182625256538787e-01	   4.9086204906424358e-01	   4.5901332981699389e-01	   4.7657288560747124e-01	   4.7450826394223955e-01	   5.8561166876240478e-01	   4.3546343665665876e-01	   6.1545766435645244e-01	   5.9680185814181264e-01	   8.1937747823027851e-01	   8.9525624254878289e-01	   5.6032717162558354e-01	   5.6039557017181496e-01	   5.5195802652208126e-01	   5.0742325010474099e-01	   2.5741947616338817e-01	   3.3280838176144195e-01	   1.0515030204615286e-01	   2.2591757747377372e-01	   3.3487299940815463e-01	   3.8112060759497585e-01	   5.3636024235007573e-01	   5.2482763975889712e-01	   4.8663859772873719e-01	   4.6055961630660369e-01	   5.9940558007962985e-01	   6.9428197985296713e-01	   6.1087139042106275e-01	   5.7065914203742507e-01	   6.7939662858833372e-01	   6.5255718356714065e-01	   7.2814524422532734e-01	   8.5851214967050526e-01	   5.7218665990656059e-01	   6.5313056968825034e-01	   3.5705369033725831e-01	   4.9340294288454839e-01	   3.3900461033360851e-01	   2.9800723992047196e-01	   1.2481273159888531e-01	   1.5761744324097485e-01	   5.5063566248219342e-01	   6.4894362746716694e-01	   3.9012646257666761e-01	   3.1980834810994441e-01	   3.9795236252500854e-01	   2.7006965409077327e-01	   7.3861594337619296e-02	   4.4362766858993036e-01	   5.8913443210621397e-01	   5.9832785156034052e-01	   6.1539691429732846e-01	   5.6533504990503158e-01	   5.5524235952078516e-01	   4.6962995950506725e-01	   5.7312560617972252e-01	   5.7681223103769841e-01	   4.9992949438299178e-01	   4.6931044802738225e-01	   4.2528669863383312e-01	   4.2174320479537897e-01	   2.0627190029538650e-01	   3.6792944240287950e-01	   4.1927947410086430e-01	   5.5790937763204296e-01	   4.5058089827966724e-01	   4.7739624628261335e-01	   5.9578932290440956e-01	   2.1987636514986009e-01	
   3.0533905837569103e-01	   2.1673608855930560e-01	   0.0000000000000000e+00	   7.0861620473841436e-01	   6.5285288595601876e-01	   4.1208345870264695e-01	   8.8098190850012648e-01	   4.7227359274986858e-01	   6.7599557555281353e-01	   4.5077706917589366e-01	   3.3075824523397762e-01	   3.1587243413894689e-01	   5.1322072572737443e-01	   2.4118028286882170e-01	   6.8650992711430836e-01	   6.0458269620202332e-01	   1.0938196664150840e-01	   1.0845796675226768e-01	   5.7194200650889893e-01	   5.1172044113675696e-01	   2.8487134530983726e-01	   1.0792152267314742e-01	   8.2831055691908206e-01	   7.2273083151508688e-01	   7.0016391422582624e-01	   6.0431531018515361e-01	   5.2440324208813194e-01	   4.3469091416547800e-01	   4.2603675016928222e-01	   2.8328279807861589e-01	   7.2557511389901697e-01	   6.5308566475029250e-01	   6.1455711851864447e-01	   4.9220403189778344e-01	   6.0637392613248331e-01	   4.1482107023783410e-01	   5.0549041333630917e-01	   3.1724704854138464e-01	   5.7437117844535612e-01	   3.7079656568837266e-01	   4.0626570150359165e-01	   3.7995474884547797e-01	   4.6031609907654625e-01	   4.2301851544234803e-01	   3.4960193146992136e-01	   3.0605889228512978e-01	   5.0042719700797922e-01	   4.3515148982346863e-01	   3.6594133960977976e-01	   2.0816150862890426e-01	   5.9223747087418888e-01	   3.5126316109680128e-01	   2.8296260106004278e-01	   3.3678598316139813e-01	   5.0767392022645863e-01	   4.3469589030996314e-01	   2.3947590420275350e-01	   1.9190550206265961e-01	   3.2134127196180068e-01	   1.6485017115470818e-01	   5.4387336979796219e-01	   3.1995473976817257e-01	   3.2218316238739442e-01	   2.5449794699238987e-01	   7.7511240487830546e-01	   5.7186936568140256e-01	   5.6213007381018532e-01	   3.2069471764638413e-01	   3.3520165758486897e-01	   3.4383527905317435e-01	   2.6755760912605808e-01	   1.8225792790611722e-01	   4.1979010354519058e-01	   3.0884622417588331e-01	   4.1262585438963928e-01	   4.1523348911581220e-01	   5.0502029983687979e-01	   4.5398201472791061e-01	   1.5436950165938232e-01	   2.0647894291086619e-01	   4.1482487371611414e-02	   2.6486948086385093e-01	   6.7625274626396226e-01	   5.3703781598640643e-01	   6.3296734172724967e-01	   6.1570669994370886e-01	   6.2932324182914723e-01	   6.3938756636639937e-01	   5.7521613622800427e-01	   4.8606012116610392e-01	   4.0933501186811871e-01	   4.6262451217891354e-01	   4.9761416172809064e-01	   5.8485639771770159e-01	  -5.3699320847212337e-02	   2.0836031455843912e-01	   3.9970708421888657e-01	   2.1123311255200167e-01	   3.9034311199488270e-01	   4.2655253413152283e-01	   3.3512665068440656e-01	   4.8401684012473545e-01	   2.5338364245196682e-01	   3.6455626060006496e-01	   9.6481549855417029e-02	   5.1213939416943255e-01	   1.6172328378260314e-01	   3.2757842701426482e-01	  -3.6684315532692427e-02	   6.3057467053839578e-02	   4.1658728962333680e-01	   4.5630397969010983e-01	   4.0332022398590722e-01	   2.3370431601293640e-01	   3.9210205134558951e-01	  -1.3915995394929320e-01	
   2.5780346991477993e-01	   3.7468868298870861e-01	   7.0861620473841436e-01	   0.0000000000000000e+00	   6.4014438253996109e-01	   7.8223688393595914e-01	   7.0092041444988396e-01	   8.6081283174485390e-01	   7.0272623867788009e-01	   7.5514811178983154e-01	   1.9267000599812326e-01	   6.1988463688257311e-01	   3.5020933615880639e-01	   3.8458629928635968e-01	   5.4629354541180708e-01	   6.7148060685828259e-01	   1.9096966756722289e-01	   1.4120514930179096e-01	   4.0292093940594415e-01	   4.4597738015296573e-01	   3.6417199550899210e-01	   2.7324602215144295e-01	   6.7570933271055045e-01	   8.0342826470339745e-01	   5.7967035624246366e-01	   6.9946969389714009e-01	   4.1160282286639788e-01	   4.3250444014324085e-01	   4.1081774592265208e-01	   3.9374410139626792e-01	   7.1493892269800874e-01	   7.7870497968908203e-01	   5.4675515057954993e-01	   5.8844531764784846e-01	   5.7978233077019592e-01	   6.1879424882038325e-01	   4.1552318581268538e-01	   4.1272999538538324e-01	   5.2384396327623062e-01	   5.6321485842102814e-01	   2.6010129748652572e-01	   2.5369303118845749e-01	   5.3073063552798339e-01	   4.7587402139084733e-01	   4.3233430882705354e-01	   4.2438512837413533e-01	   5.3657076671740045e-01	   5.5802491071937643e-01	   3.6798048484745033e-01	   3.7652648920958776e-01	   5.1772502524497477e-01	   4.3328538901220109e-01	   3.6011924471439716e-01	   3.9807465250278978e-01	   4.7975150959542484e-01	   4.8682546012822903e-01	   2.9034994970541961e-01	   2.9550562677375281e-01	   3.3285779594931869e-01	   4.6152982924632624e-01	   5.2733883328367770e-01	   7.0580198218700185e-01	   1.6061490059564965e-01	   3.2004530548324694e-01	   5.7986681942355567e-01	   7.9174287622329831e-01	   5.3636625569332286e-01	   5.5400998783977007e-01	   3.6783740822574440e-01	   3.5096565417181236e-01	   3.8672387417410248e-01	   3.1390728680508972e-01	   3.8668188213692256e-01	   4.1862776288932591e-01	   3.8064095897049599e-01	   5.5063029721195522e-01	   5.3782092819151395e-01	   6.2583073858665672e-01	   2.2206240805908989e-01	   3.5320826032834512e-01	   1.1017121127570063e-01	   2.5623331879425798e-01	   5.0372162615614791e-01	   5.8732990647281669e-01	   4.2475466792623273e-01	   5.9564489180213487e-01	   4.0495335079927774e-01	   5.8489497006060431e-01	   5.0949374692396665e-01	   6.6937321938217320e-01	   5.6132323750875557e-01	   4.5755501845302271e-01	   6.9906687124151068e-01	   4.3396968584066808e-01	  -1.0278657025954792e-01	   3.3353399161433772e-01	   5.1926635824035039e-01	   3.6002639421311378e-01	   4.6165175232879874e-01	   3.7788283630615327e-01	   5.7397578992703313e-01	   3.7175381967278309e-01	   3.2754559628854346e-01	   3.0207728421732960e-01	   2.0487282086365285e-01	   4.2131060732907383e-01	   1.3750028586370402e-01	   3.8517501546065136e-01	  -9.9618439509654821e-02	   2.0151089603543429e-01	   5.6038111856389494e-01	   4.5828191310898636e-01	   3.9858490006550173e-01	   2.9727827890065606e-01	   4.4233359934550864e-01	  -6.0102053298081062e-02	
   3.3109541362553341e-01	   2.7275673323989885e-01	   6.5285288595601876e-01	   6.4014438253996109e-01	   0.0000000000000000e+00	   7.5020029150183820e-01	   7.9424575440553991e-01	   6.5766545567526025e-01	   8.5900822696349333e-01	   7.7487104946661778e-01	   3.9800030619070992e-01	   4.5024247950384211e-01	   5.3316954611221334e-01	   3.5386926487400433e-01	   6.0340340888667532e-01	   5.1395905040454970e-01	   1.9741633552077746e-02	  -3.8214791207929644e-02	   3.4704589468773084e-01	   2.7733823121489198e-01	   4.6009588595655604e-01	   2.8113553193660556e-01	   6.5863665207813649e-01	   5.9740117640548274e-01	   6.5587634451080312e-01	   6.0645790229525465e-01	   6.6201907722563758e-01	   6.0001301224402304e-01	   1.2824666624959113e-01	   1.1474677340264136e-01	   4.3131358862412411e-01	   4.6926986086297195e-01	   2.1425611266656128e-01	   1.6512613742759885e-01	   4.7274364500174149e-01	   3.8956921608704620e-01	   3.6175678759765700e-01	   1.2832811149708798e-01	   3.8886503935342909e-01	   3.4642750242968862e-01	   1.0074654012165279e-01	   1.1414956759432485e-01	   4.6150291704228408e-01	   4.2773325986203259e-01	   3.9536628829759513e-01	   3.5607747293290370e-01	   4.7484947788424470e-01	   4.1538813592421248e-01	   4.1412001573715512e-01	   4.3229924557774757e-01	   5.2911404542371865e-01	   4.3874072043139867e-01	   3.1820766533538947e-01	   3.7708916014470267e-01	   4.9861198176741617e-01	   3.8668471849796227e-01	   2.1330870641228958e-01	   2.0233898709908713e-01	   4.9420691931451549e-01	   3.4657931884918869e-01	   6.6762813519413089e-01	   6.0092174738412019e-01	  -8.2991440330344793e-03	  -2.0939782629616897e-02	   5.4578979040659037e-01	   5.8787667954312939e-01	   4.8086804763482227e-01	   3.5799144937066191e-01	   2.2378875913078727e-01	   2.8635012255577169e-01	   1.3433788106968667e-01	   4.5477822062579457e-02	   1.8903511189084349e-01	   1.6221952026779782e-01	   1.8198637868063544e-01	   2.2841900818772493e-01	   2.6346644222060878e-01	   2.6435896295240013e-01	   1.3822240441661901e-01	   2.0170416104964789e-01	   4.4866432298942882e-02	   1.9427169290711976e-01	   4.7483091715729681e-01	   3.5484134639312437e-01	   4.2845328491073031e-01	   3.7424989094117955e-01	   4.5295386377775448e-01	   4.6100332406180844e-01	   5.6822950097117197e-01	   5.7565892150409603e-01	   5.3915963111765308e-01	   5.7964538348456307e-01	   6.4248919142849625e-01	   6.9639065114392307e-01	   2.3748040951076047e-01	   3.3423330307119914e-01	   5.0858596391851063e-01	   2.7037446497437634e-01	   5.2394675149491099e-01	   4.7229514153048008e-01	   5.9540468330563967e-01	   5.7933415105044250e-01	   4.1076259067403686e-01	   4.1416406364414832e-01	   3.7752814444142047e-01	   5.1994741186152460e-01	   1.7037467548796448e-01	   2.4568286623852589e-01	   1.4777409312049994e-01	   2.8960079547454126e-01	   4.7296331323321317e-01	   5.2530963271312792e-01	   6.3690694285202198e-01	   4.1036416203745085e-01	   3.9717413826963327e-01	   1.4323646369565752e-02	
   2.5481937660729304e-01	   3.6374318152413232e-01	   4.1208345870264695e-01	   7.8223688393595914e-01	   7.5020029150183820e-01	   0.0000000000000000e+00	   5.3430497825825651e-01	   8.2742121327664053e-01	   6.5236888604129462e-01	   8.4652302991667461e-01	   1.2477027445044223e-01	   5.1210755074489001e-01	   1.8780534888181374e-01	   3.1011078263370528e-01	   3.4470007953615706e-01	   4.5657106047428964e-01	   1.4682199444828298e-01	   8.6153334108512752e-02	   2.3941607673654416e-01	   2.6537809859603345e-01	   5.1863153196046663e-01	   4.6438246129602778e-01	   4.4615010806322197e-01	   5.6540234402339296e-01	   4.8604373529975453e-01	   6.7577945064332334e-01	   4.7451183952063236e-01	   5.4664360343101182e-01	   1.4802308675984815e-01	   2.3960786983013976e-01	   4.4038642275863338e-01	   5.5236774008763301e-01	   2.5583012906811142e-01	   3.6383385859367989e-01	   4.3610106597832454e-01	   5.3498510477299921e-01	   2.8918798569980020e-01	   3.0589613116977737e-01	   3.9061864800526386e-01	   5.5077573385565093e-01	   2.7707955445671621e-02	   8.9070003060017958e-02	   4.8415692339817107e-01	   4.3442006896467961e-01	   4.4203894717386660e-01	   4.4274397192635190e-01	   4.8979046408117172e-01	   5.1169794861641005e-01	   3.6802859606793520e-01	   5.1468266844972965e-01	   4.3260205576855448e-01	   4.5036222532427433e-01	   3.5092461676286857e-01	   3.9547797506427257e-01	   4.5223170241431038e-01	   4.5475946401705847e-01	   3.0088983760419685e-01	   2.9972146184714876e-01	   4.1213636955327532e-01	   5.7393141653681568e-01	   5.0759219487399077e-01	   7.4932555052769745e-01	  -3.3166144458006502e-02	   1.3729517875791614e-01	   2.7936373200667552e-01	   6.5689482888214434e-01	   4.8425961773116100e-01	   5.9569526632632541e-01	   3.1431630340733846e-01	   3.2093345794707573e-01	   2.0595884307104073e-01	   1.7508206090537529e-01	   1.3557341404262968e-01	   2.2077735426889780e-01	   1.2517760664578492e-01	   2.6328924941472309e-01	   2.9321639429931756e-01	   4.5513755903058500e-01	   2.0324076597569407e-01	   3.1629420005539216e-01	   1.1352095216422373e-01	   1.5633151967721631e-01	   2.9995318992742481e-01	   3.6640852897203363e-01	   1.9647522541389670e-01	   3.4659319773554603e-01	   2.3959497745203592e-01	   3.8118383340867895e-01	   4.2052867387176879e-01	   6.3673727425447657e-01	   6.3489576149363725e-01	   5.2966411775449851e-01	   7.0868674906615303e-01	   4.7128627511358756e-01	   1.3680867773397276e-01	   4.4422105709687204e-01	   6.2528076590210702e-01	   4.3387898100009159e-01	   5.6955431782427102e-01	   4.3738775687844283e-01	   7.0819604002224801e-01	   4.3626808975368120e-01	   4.7699102394839049e-01	   4.1201922987288053e-01	   4.4080777729236270e-01	   4.5005383463227483e-01	   1.9530727766974221e-01	   2.8539702796168970e-01	  -3.1999324824498812e-02	   3.4843014649689386e-01	   6.0980836127099702e-01	   5.3686541090698880e-01	   5.5202673477295672e-01	   4.5285650601892868e-01	   4.2152158490342562e-01	   5.6160909930996608e-02	
   4.2876821778416735e-01	   2.9302022887241641e-01	   8.8098190850012648e-01	   7.0092041444988396e-01	   7.9424575440553991e-01	   5.3430497825825651e-01	   0.0000000000000000e+00	   6.3788511530921876e-01	   8.4802973131879433e-01	   5.8899979887198739e-01	   5.4726768715404694e-01	   4.5711475176461391e-01	   6.6996847152553451e-01	   3.5582082165293427e-01	   6.7207252943456219e-01	   5.6691587386980702e-01	   6.9585504899645351e-02	   3.2581683607800609e-02	   5.4199257576123483e-01	   4.6212719752222858e-01	   3.1385607745134342e-01	   1.0275533401907436e-01	   7.7932505923973494e-01	   6.5751932886835218e-01	   5.8483485886897335e-01	   5.0464794532676827e-01	   4.9117843012626627e-01	   4.1822794053822365e-01	   3.4386679200480558e-01	   2.1193559100360781e-01	   5.5452356236730038e-01	   5.2604805716168679e-01	   4.3447655551520159e-01	   3.4738384762534280e-01	   5.5590572859087084e-01	   3.5755204199297863e-01	   4.3139520568930678e-01	   2.2769110086276284e-01	   5.3280409620028968e-01	   3.2851432198416092e-01	   2.4886710813976379e-01	   2.4739099332094355e-01	   5.2894579995284174e-01	   4.9900907163340469e-01	   4.3673956553583082e-01	   3.7570571278916287e-01	   5.6246045595825089e-01	   4.8357810062524409e-01	   4.8594652173575881e-01	   3.7164471081174238e-01	   6.1369159819086683e-01	   4.1960649700248764e-01	   3.6275057985437753e-01	   3.9294989297120975e-01	   5.0063278353102347e-01	   4.4846453545305826e-01	   2.4093801019819958e-01	   1.9533687661945726e-01	   5.4229820120164085e-01	   3.4322400254498586e-01	   7.6597910973595762e-01	   5.6086004654456967e-01	   1.7554338753468410e-01	   1.2532494596457527e-01	   7.5153004740097296e-01	   6.3134526288287562e-01	   5.7064319334495117e-01	   3.3628982072181135e-01	   2.7473182149717035e-01	   3.3425772055011360e-01	   2.0236453209374483e-01	   9.8787832817540472e-02	   3.8360168101309555e-01	   2.8314753336890475e-01	   3.9370382720559438e-01	   3.8529631343497245e-01	   4.2478775928270202e-01	   3.8298951556363792e-01	   1.5444517094612364e-01	   1.8239831769622050e-01	   8.2537613556600154e-03	   1.8833519005443111e-01	   5.5446284776526467e-01	   4.4323456169475683e-01	   5.7281141967273808e-01	   4.8000634908185635e-01	   5.5691987043242697e-01	   4.8614198404024833e-01	   6.8464629115680820e-01	   5.9086304867679451e-01	   5.6008970718142681e-01	   6.1881180165187522e-01	   6.0830456504993902e-01	   7.0938084616767394e-01	   3.4892129149109920e-02	   2.4207458088361949e-01	   3.9007588282296601e-01	   2.2570886236718565e-01	   5.0720614087493432e-01	   5.3323399906409885e-01	   5.0956846330521621e-01	   6.0197350969154939e-01	   3.3909010438982290e-01	   4.1766614675638436e-01	   2.1411761479559918e-01	   5.7822720512128123e-01	   1.6636018938125463e-01	   3.8286003232931354e-01	   5.4849778750098922e-02	   1.6896580160441765e-01	   4.2671057677666580e-01	   5.3451576940216872e-01	   5.5228513415498148e-01	   2.3791706927318945e-01	   3.5880559351517788e-01	  -1.0755427554070524e-01	
   4.6109119021332468e-01	   5.4818382440124658e-01	   4.7227359274986858e-01	   8.6081283174485390e-01	   6.5766545567526025e-01	   8.2742121327664053e-01	   6.3788511530921876e-01	   0.0000000000000000e+00	   7.1164510630635791e-01	   7.7106056585057925e-01	   3.9206910703509895e-01	   7.8830705808965740e-01	   4.4453949395643150e-01	   5.3332153301960661e-01	   4.3483828402575020e-01	   4.9688823447210151e-01	   2.4104225638645166e-01	   1.6831313109797974e-01	   3.9643749494628450e-01	   4.3286937400759151e-01	   3.3250664720035694e-01	   2.6900622095870758e-01	   4.5325891684005193e-01	   5.7333183312453606e-01	   3.4573479779962818e-01	   5.0040359473973139e-01	   2.5573579430203047e-01	   2.7715219554971599e-01	   3.4128236627056607e-01	   4.0032924180293489e-01	   4.3136846655290761e-01	   5.5484259198929042e-01	   3.2684865391186041e-01	   4.4403531152846126e-01	   4.1315117209776148e-01	   5.4475748613549269e-01	   2.9769950819692181e-01	   3.3355138843300547e-01	   4.7151006753782082e-01	   5.3583297075406200e-01	   1.2990302413660121e-01	   1.2332506353761923e-01	   6.0374879812301763e-01	   5.7004091661335443e-01	   4.8925822273846992e-01	   5.2696488901791882e-01	   5.5565128989211721e-01	   6.1389541695157690e-01	   4.9521347333631799e-01	   5.7498498041416923e-01	   5.3418290867616669e-01	   5.6432919838022610e-01	   4.8184037109691824e-01	   4.7788958171337370e-01	   4.7310280680766692e-01	   5.2211947421078375e-01	   4.0407494030314040e-01	   4.2105766665631378e-01	   5.6311969737708034e-01	   6.8205368450978698e-01	   7.1111286434487386e-01	   9.1050363583504046e-01	   8.4444592047749050e-03	   1.4678218056860481e-01	   3.8587313917142374e-01	   7.1326974004170263e-01	   5.3299909051168526e-01	   6.0910129728300555e-01	   3.6375520794244032e-01	   3.9848528997975952e-01	   3.4089970994396313e-01	   2.7151707097822053e-01	   3.7480220655960644e-01	   4.1274759310458042e-01	   3.7747244450669698e-01	   4.8314917791589451e-01	   4.9566528678281851e-01	   6.1691994809136441e-01	   3.1887891515251221e-01	   4.6355287513082322e-01	   1.8579726992193318e-01	   2.7447734967209453e-01	   3.6774003564157759e-01	   5.0514293327832249e-01	   3.2300497264725153e-01	   4.1594000087734778e-01	   2.3521874765666523e-01	   3.5828048983230865e-01	   5.3695609202382477e-01	   7.4266604555750959e-01	   6.4150841340442266e-01	   5.0120114546110694e-01	   7.4489377723901962e-01	   4.6918173416540815e-01	   1.4158258105979166e-02	   4.3166046226843302e-01	   5.4062363338229746e-01	   4.4460430638975573e-01	   5.6061085241680919e-01	   4.5497274700022627e-01	   7.8206166011728073e-01	   4.8497238457188874e-01	   4.8322721969778570e-01	   3.8744818486556926e-01	   4.0471506733956875e-01	   4.5007614076728997e-01	   2.9860248299989489e-01	   4.7248214452188864e-01	   8.9820807177818651e-02	   3.5792118195365979e-01	   5.4521262740883780e-01	   5.3257587982861154e-01	   5.3223419069540334e-01	   3.6745052522859323e-01	   4.8477317957902699e-01	   8.2822682318341126e-02	
   3.1200118880807359e-01	   2.9637847153391572e-01	   6.7599557555281353e-01	   7.0272623867788009e-01	   8.5900822696349333e-01	   6.5236888604129462e-01	   8.4802973131879433e-01	   7.1164510630635791e-01	   0.0000000000000000e+00	   8.0947893597375198e-01	   4.7291277492829820e-01	   5.5981447522064820e-01	   6.5393016898643330e-01	   4.7995737922606740e-01	   7.5210200320451925e-01	   6.8933077797953923e-01	   3.0065006952384440e-02	  -3.0467208835572340e-02	   3.6584318535988503e-01	   3.0758403048451666e-01	   3.9423713432540181e-01	   1.7236266663309080e-01	   7.8391159551027845e-01	   7.1228464517145584e-01	   6.0108302263037283e-01	   5.3871457373501841e-01	   6.1177823869357240e-01	   4.9943134091057423e-01	   2.6548154981415911e-01	   2.1538255637460943e-01	   5.2842541138452881e-01	   5.3140459179026234e-01	   3.0205280308001148e-01	   2.4077079123888279e-01	   5.6026870404519169e-01	   4.5275253834756074e-01	   4.7836473441293625e-01	   2.8737738538196417e-01	   5.1649544715766604e-01	   4.0115269946390142e-01	   2.3077588665826460e-01	   2.7184887172285099e-01	   4.5081111381139843e-01	   4.2662404481998939e-01	   3.4487925674136283e-01	   2.8516396780094844e-01	   4.8822865539315036e-01	   4.2451180402901728e-01	   3.5657206914511902e-01	   3.3006501742959909e-01	   4.7929340935940368e-01	   3.5869776429777439e-01	   3.1321289883422959e-01	   3.4057250158343916e-01	   4.8493882756864443e-01	   3.5304718951431752e-01	   1.8999441702803271e-01	   1.7717771908815089e-01	   4.6530408096975928e-01	   3.5394451210591393e-01	   6.8369599434073036e-01	   6.9513869285251917e-01	   5.2987630352681739e-02	   4.4324658009741197e-02	   6.9834830042946072e-01	   7.0290808100456525e-01	   4.3555961056584092e-01	   3.0550801430624708e-01	   1.9360008581997651e-01	   2.0604092194871979e-01	   2.1438723214214206e-01	   8.7678793240754782e-02	   3.5972642652370385e-01	   2.8838718156689025e-01	   3.5897580430775150e-01	   3.7716743858436219e-01	   3.0413178225731885e-01	   3.6707499508469232e-01	   1.7288366781172071e-01	   2.1571484467756549e-01	   5.3722865247644198e-02	   2.2522958482676220e-01	   5.5500150019902939e-01	   4.8681603598591089e-01	   5.5692018420099032e-01	   5.1881513644510335e-01	   5.4515072110293217e-01	   5.7373453553719433e-01	   6.8979978195740110e-01	   6.7189341475385034e-01	   5.7026686375858837e-01	   5.9668217031151038e-01	   7.1949309519800908e-01	   7.1758372198456599e-01	   4.1299219103997802e-02	   2.5252858446214399e-01	   3.8569957422046830e-01	   2.1614745644522687e-01	   4.5971337673124302e-01	   4.0513962368563550e-01	   5.4843094306743922e-01	   5.0614773038186511e-01	   2.9031090491140077e-01	   3.2126581698429130e-01	   2.0795334845795169e-01	   5.4090620055259575e-01	   5.4251447553483559e-02	   2.8124604623410920e-01	   4.8012729233688142e-02	   1.5288215090772897e-01	   3.9811930361517045e-01	   5.0149121843725841e-01	   6.4666659982878905e-01	   2.7938544355357248e-01	   3.5446249034122451e-01	  -1.1268704995628911e-01	
   1.7146348165980499e-01	   2.9966265605949866e-01	   4.5077706917589366e-01	   7.5514811178983154e-01	   7.7487104946661778e-01	   8.4652302991667461e-01	   5.8899979887198739e-01	   7.7106056585057925e-01	   8.0947893597375198e-01	   0.0000000000000000e+00	   1.9996926124516806e-01	   5.8610270578896628e-01	   3.5276667348795121e-01	   4.5719707833013468e-01	   5.9742739127112010e-01	   6.9741846291432019e-01	   1.3195499958065224e-01	   2.4790151794508754e-02	   1.9474067464612621e-01	   2.1283933446092321e-01	   5.1733999077520476e-01	   3.5760359581983747e-01	   5.8124964975805649e-01	   6.6872008076795042e-01	   5.1433021582001781e-01	   5.9003393578706498e-01	   5.5641922217407913e-01	   5.7662486108377253e-01	   2.7792565325105473e-01	   2.9177266080299347e-01	   5.1158565275131684e-01	   5.8438147534979434e-01	   2.7935216437093791e-01	   2.9571403491644777e-01	   4.0894389682500937e-01	   4.5829777770520630e-01	   3.6387386725500470e-01	   2.3939167049258148e-01	   3.5476741094849951e-01	   4.4058959837857858e-01	   1.4154285880259115e-01	   1.6003488978531322e-01	   3.0457051460549101e-01	   2.5582196382290961e-01	   2.5869601788452196e-01	   2.4955067969977118e-01	   3.2562676071462160e-01	   3.1181878063668356e-01	   1.5471295140247143e-01	   2.6853578445971649e-01	   2.6804110503189454e-01	   2.3522200760360104e-01	   1.5732638177905595e-01	   2.2393179235408092e-01	   3.4495732562059522e-01	   2.5054969456963372e-01	   1.9587541520470997e-01	   1.8590971170152584e-01	   2.4250307825488882e-01	   3.5600781090727696e-01	   4.6293287190181565e-01	   7.0906627006095824e-01	   8.3540273246357460e-02	   1.7661536111892737e-01	   4.7051822212544581e-01	   6.8063111952247857e-01	   2.9220711913398589e-01	   3.5717989108916537e-01	   1.7041258708654577e-01	   1.3840837610191484e-01	   2.5520401501162338e-01	   1.8026490511687454e-01	   2.5045815168296998e-01	   2.7820755577849277e-01	   2.0348529678889221e-01	   3.1980420737427601e-01	   2.5574964966135438e-01	   3.6522037488487513e-01	   2.0577587841162159e-01	   2.3723533252292273e-01	   1.5165456886846213e-01	   1.9306398354188611e-01	   4.5756732479672907e-01	   4.7885475578459225e-01	   4.0531261509776084e-01	   4.4529935857088976e-01	   3.2291583254627271e-01	   5.0680752482305369e-01	   4.1909850347728667e-01	   5.8435089152659780e-01	   5.0989792773079590e-01	   4.1921205051898186e-01	   6.9005003622339434e-01	   4.6119438011223413e-01	   7.0205304256027390e-02	   3.1937443754279493e-01	   4.0020715571803372e-01	   2.5885250464652743e-01	   4.3045990786708033e-01	   2.6578604348099560e-01	   5.5440762415917555e-01	   3.2529454378293837e-01	   2.9618809942850471e-01	   2.8505639142303657e-01	   2.7167378400065406e-01	   4.0866471299659807e-01	  -2.5170317305875798e-02	   1.6836579542823418e-01	  -6.8702078638559733e-02	   2.1867753057924860e-01	   3.9707700280718894e-01	   4.1185121331318031e-01	   5.1102998808777111e-01	   3.4916829271257888e-01	   3.4432971573099547e-01	   1.0927835192149203e-02	
   7.7625768040734089e-01	   5.7164150571071215e-01	   3.3075824523397762e-01	   1.9267000599812326e-01	   3.9800030619070992e-01	   1.2477027445044223e-01	   5.4726768715404694e-01	   3.9206910703509895e-01	   4.7291277492829820e-01	   1.9996926124516806e-01	   0.0000000000000000e+00	   5.6980768767899959e-01	   8.6211568165579366e-01	   5.8122440279565357e-01	   5.3970645889335056e-01	   2.7898908325596261e-01	   3.1428044462816956e-01	   2.4816913339712088e-01	   6.7684312667595925e-01	   5.9721440646510116e-01	   1.0683681724987923e-01	  -3.6687235580729158e-02	   2.6604163876404080e-01	   9.5598447352871152e-02	   7.3846496922310045e-02	  -5.2369585372438410e-02	   2.2451049662202630e-01	   1.3262537092270782e-01	   3.2858239747035739e-01	   3.0919584577718778e-01	  -7.6219109168608392e-04	  -5.0380042563839801e-02	   1.2888319962051770e-01	   9.1620495724705847e-02	   5.7986102411673991e-02	  -2.5405499164319460e-03	   3.3848942880437977e-01	   2.0677630934490426e-01	   4.5104310584597990e-01	   1.3345297108488172e-01	   2.7459009236246806e-01	   1.6372673129251764e-01	   3.5842636782622039e-01	   3.8896493351198691e-01	   2.1636512722127282e-01	   2.3597225417484038e-01	   3.3198903099854549e-01	   3.4909250265936703e-01	   4.7863415536325837e-01	   3.9278798650648039e-01	   3.9628412533015345e-01	   3.8528311911498336e-01	   4.6604569120143413e-01	   3.5776599833377520e-01	   4.4845589922366202e-01	   3.5640920151971001e-01	   4.0743906552879983e-01	   4.3476749078642785e-01	   6.5007607407790846e-01	   3.8528926183821466e-01	   7.6278582834675157e-01	   4.6420659538198189e-01	   1.8795401533987652e-01	   1.4461414108740703e-02	   2.8545283841328406e-01	   1.6944748413565347e-01	   2.3660861081987167e-01	   5.6133878230190545e-02	   2.4191675595209158e-01	   3.4899012173179678e-01	   2.2940351758867611e-01	   1.7531760980484018e-01	   4.5286820333613742e-01	   3.5552540919142883e-01	   4.9521950732003994e-01	   3.5166093067959203e-01	   3.9777687940102457e-01	   2.7350163635798086e-01	   3.3141657050487899e-01	   3.7197356678914278e-01	   2.5265701780790795e-01	   3.6406946382846350e-01	   3.7071768919697079e-01	   3.2309218230729625e-01	   4.5462752405427365e-01	   1.8156167640325738e-01	   2.6888085487894348e-01	   7.2443417328707099e-02	   6.3834456435322773e-01	   5.3893185396469989e-01	   3.5305228773575215e-01	   3.9124422171994772e-01	   2.9026622279678005e-01	   4.1741629329613150e-01	   1.0915952316275314e-01	   2.2999904698207180e-01	   2.1098845385834936e-01	   2.7232355325385293e-01	   4.4513055679102620e-01	   4.8518102189272860e-01	   4.0347649656638213e-01	   5.2167706947851666e-01	   3.7959970357063616e-01	   4.4786930320706020e-01	   3.0064789486664956e-01	   3.7743613804721110e-01	   2.4845112242785095e-01	   3.1840686022614129e-01	   2.0535278958766634e-01	   3.3784373014148672e-01	   2.2679514027497605e-01	   4.2148043476584407e-01	   4.2414743919685116e-01	   1.6062215814187913e-01	   2.9791366315590628e-01	   1.2956071765681437e-01	
   5.6214533410905831e-01	   6.9106873484321429e-01	   3.1587243413894689e-01	   6.1988463688257311e-01	   4.5024247950384211e-01	   5.1210755074489001e-01	   4.5711475176461391e-01	   7.8830705808965740e-01	   5.5981447522064820e-01	   5.8610270578896628e-01	   5.6980768767899959e-01	   0.0000000000000000e+00	   6.0082278969704794e-01	   7.9982674807165965e-01	   5.0219975397963101e-01	   5.4587964358741337e-01	   4.1992838451876352e-01	   4.1313715254559424e-01	   4.9367671493607512e-01	   5.6667270786751867e-01	   3.5671849860386023e-01	   3.1464783050485606e-01	   3.3436567648747034e-01	   4.2359992424612458e-01	   1.9877574295801892e-01	   2.6111732537789661e-01	   2.0725238595255835e-01	   2.1320964759109728e-01	   5.1514602824688027e-01	   6.2105593492783151e-01	   3.0707081061417263e-01	   4.0485437637945998e-01	   3.7521179352358125e-01	   4.7284317055083136e-01	   2.1519422473450994e-01	   3.5445686936644383e-01	   2.9289877598560343e-01	   3.8752672630004459e-01	   4.3706704458580115e-01	   5.3516455383624795e-01	   2.6714678205093656e-01	   3.1397758896092937e-01	   4.2349435299528454e-01	   3.9635989493339924e-01	   2.4551496667126599e-01	   3.1692131554115405e-01	   3.8212504882283804e-01	   4.4018288927758287e-01	   3.3730023986856705e-01	   3.4685552016451349e-01	   3.4578762321274603e-01	   3.8199084537711703e-01	   3.5578876222212019e-01	   2.5933940366497260e-01	   4.6558353719371071e-01	   4.4636023602804731e-01	   4.5700754370187374e-01	   5.4549946314741826e-01	   4.5359072670562789e-01	   5.1394699292990764e-01	   6.3668032273369857e-01	   7.5498201116358521e-01	   1.8632012370374018e-01	   3.1923689612302619e-01	   3.0995445844519165e-01	   5.1141590093110234e-01	   3.3177881319610769e-01	   3.9088433263727718e-01	   3.6868780442969235e-01	   4.0477285673009239e-01	   4.9910553383332035e-01	   4.6125475563916335e-01	   5.4145850415901786e-01	   5.9545731052423534e-01	   5.3207087624891924e-01	   5.8590748101014734e-01	   5.7840563299667569e-01	   6.4105122330420583e-01	   4.5511494247582318e-01	   5.9015371311614040e-01	   3.4891531095356088e-01	   4.4948447848236189e-01	   4.3567817368155182e-01	   5.7862883581200664e-01	   4.5044076949751849e-01	   4.5596168103794149e-01	   1.8465990861546777e-01	   3.6641482813835585e-01	   4.9609438167807257e-01	   6.6299656374958216e-01	   4.0941066103194895e-01	   2.8542977386738166e-01	   5.2937336558040171e-01	   2.9833214465876595e-01	   2.8322937803254324e-02	   4.0465175682569854e-01	   4.4858430656397985e-01	   4.7646641910746113e-01	   4.7624849188902507e-01	   3.7320752020525583e-01	   5.6937008753481066e-01	   3.4412655065133602e-01	   3.8573621246551021e-01	   3.4953246254651804e-01	   3.4358842080703245e-01	   3.6290732915473500e-01	   3.3077455279567991e-01	   3.6960263415906169e-01	   7.6640611606171555e-02	   3.5835205847551305e-01	   3.9798387986453410e-01	   4.3628052991344329e-01	   3.9750533971583724e-01	   3.2591367014525557e-01	   4.4562795076058348e-01	   7.6945417604294492e-02	
   6.0375626909099367e-01	   4.4897865896327893e-01	   5.1322072572737443e-01	   3.5020933615880639e-01	   5.3316954611221334e-01	   1.8780534888181374e-01	   6.6996847152553451e-01	   4.4453949395643150e-01	   6.5393016898643330e-01	   3.5276667348795121e-01	   8.6211568165579366e-01	   6.0082278969704794e-01	   0.0000000000000000e+00	   6.9151202602852102e-01	   7.3379766894119181e-01	   4.9843127091155170e-01	   1.9783028870770872e-01	   2.0922430717002591e-01	   5.9768136009577055e-01	   5.2274155034976244e-01	   1.4549613945552964e-01	  -9.7331909092977065e-02	   5.4760073693789557e-01	   3.9584604073554430e-01	   3.1453164852239385e-01	   1.3320972120405225e-01	   3.5284316040310976e-01	   2.2233724791956777e-01	   4.1822712449924526e-01	   3.8912177525915653e-01	   2.2135077092848407e-01	   2.0777751621639756e-01	   2.6165137549687634e-01	   1.8103684666383640e-01	   3.1543001027605150e-01	   2.2903911046988024e-01	   4.8255548564251438e-01	   2.5964213706328082e-01	   5.4027703186316278e-01	   2.1737732520223574e-01	   4.2376447009149909e-01	   3.1500655080266049e-01	   4.3599417398447232e-01	   4.4828956877767084e-01	   2.9613965164116596e-01	   2.8035961413116367e-01	   4.2386336924651230e-01	   4.0276669199714188e-01	   4.7471499272401541e-01	   3.3989558349823618e-01	   5.0501588754849991e-01	   3.9241633721786839e-01	   3.8770594813767856e-01	   3.5666771748116449e-01	   5.3167853377684815e-01	   4.1843037439847630e-01	   2.8185124750480439e-01	   3.4183680530157889e-01	   5.7633360873003259e-01	   3.1397889078827901e-01	   7.4436716332960851e-01	   4.5498788142001495e-01	   1.9972336654416006e-01	   1.0048822031292222e-01	   5.3238460859866898e-01	   3.7815525003831435e-01	   3.7836751783495942e-01	   1.6651266112889160e-01	   2.4903270956979973e-01	   3.4794149221150200e-01	   2.4971230581464687e-01	   1.4268600102535828e-01	   4.9825839083575918e-01	   3.9270856434753143e-01	   5.0173449832298900e-01	   4.4510157083057311e-01	   4.2739790704320929e-01	   3.1171687062076525e-01	   2.8222443990137747e-01	   3.7823929269524115e-01	   2.0527037044012472e-01	   4.3498094792647701e-01	   5.8066642279720770e-01	   4.9315278185422917e-01	   6.3783652277986858e-01	   4.5326124670460988e-01	   5.1126675648108910e-01	   2.9354197348547045e-01	   7.2198438824164590e-01	   5.7746888081895842e-01	   3.9127623421899577e-01	   4.3211711366106043e-01	   4.3735328090884384e-01	   5.4480816285282763e-01	   1.0763249362784536e-02	   1.8955880845146106e-01	   2.5184527848068261e-01	   2.3429891403801695e-01	   3.8116857020055367e-01	   3.9338435264713772e-01	   3.8050905236526034e-01	   5.3006346661848303e-01	   2.9303899537041134e-01	   3.7528591309896259e-01	   2.7701630424824275e-01	   4.8692752387735855e-01	   1.8404230230007843e-01	   3.6925098432879977e-01	   1.7969166582637169e-01	   2.5735128223316361e-01	   2.7569408747634760e-01	   4.2067688672207743e-01	   4.6875875670167316e-01	   2.2767184924297046e-01	   3.3779997437855558e-01	   2.2349591735334243e-02	
