   0.0000000000000000e+00	   8.2652573027837606e-01	   6.3200597762937971e-01	   6.7187784357880975e-01	   4.7562863593314919e-01	   5.6489726843225352e-01	   6.2254369585397007e-01	   6.5929416596188750e-01	   4.7623886646621272e-01	   5.1709301086306014e-01	   7.7306584548756963e-01	   7.9269047953764327e-01	   7.0681462037743770e-01	   8.0972919086375439e-01	   5.6938681996853457e-01	   7.1478605134086404e-01	   4.2282037844684062e-01	   5.8924572929840879e-01	   6.6457659483209530e-01	   7.1927654279739051e-01	   3.2199070213075714e-01	   2.8413695563087243e-01	   4.3522381134088051e-01	   4.7696853784960275e-01	   3.2950519315884219e-01	   4.0940162543794834e-01	   2.8725334322120699e-01	   4.1036032137200884e-01	   5.3583971715571876e-01	   5.4548420417481780e-01	   3.3706011418028986e-01	   3.4544839633413743e-01	   7.7022439742430615e-01	   7.4712000096899822e-01	   3.0721979407484690e-01	   3.7733823701296376e-01	   3.4747719560983303e-01	   5.9852385714420364e-01	   4.6975246608784327e-01	   5.6660619574253912e-01	   3.6010289939399465e-01	   4.6105072611814812e-01	   5.2685767261586247e-01	   5.6095401309968174e-01	   4.6981485963235325e-01	   5.6441896578211459e-01	   5.5804351935987895e-01	   5.9999115453979135e-01	   5.0090125589385126e-01	   5.7344979659830497e-01	   5.3952245286874323e-01	   5.5504718869281466e-01	   4.7064868209444682e-01	   3.6742587680278588e-01	   5.8253310771579003e-01	   6.6917644136112275e-01	   7.9599158338546405e-01	   7.7973188429113405e-01	   6.8840949780630400e-01	   7.4309062319026375e-01	   6.2962422350425773e-01	   6.3381947663277605e-01	   4.0762428602250211e-01	   6.0304371596246309e-01	   2.7291509503166994e-01	   3.6355265337895759e-01	   5.3453424066425648e-01	   5.8545293818172328e-01	   5.9407632677141953e-01	   5.7694241414660574e-01	   4.6214234843812618e-01	   5.0562950666345330e-01	   6.1489658687882220e-01	   6.1633371617989485e-01	   6.6814818105460594e-01	   5.1839457178412029e-01	   6.2674000407422870e-01	   5.9806643255389680e-01	   1.3822079201550713e-01	   5.1827030539983188e-01	   2.8519179157718033e-01	   3.6186487519324007e-01	   3.5845702335327423e-01	   5.0018806960946560e-01	   3.5652526642086380e-01	   5.0156416651623237e-01	   5.0449864624516072e-01	   4.8916591431883516e-01	   7.1483360174140165e-01	   6.4382571732393112e-01	   3.0544799120976596e-01	   1.5109283543308810e-01	   2.8289016008358614e-01	   2.8387867295454328e-01	   1.2289234078449331e-01	   3.3349202031811170e-01	   3.8337293351442120e-01	   4.8029142606166608e-01	   3.9343129666827903e-01	   2.9328089972282118e-01	   3.2410413015987699e-01	   4.0341544196102391e-01	   3.7352327331093688e-01	   4.2488828101708764e-01	   2.7188988518849094e-01	   3.2200989961202925e-01	   4.3311848013415276e-02	   3.3548742843277113e-01	   3.6970623955825976e-01	   2.2431828829382161e-01	   2.4748877963027588e-01	   2.0497804717490864e-01	   3.5278558073287664e-01	   2.4889333878224817e-01	   2.3118968708763937e-01	   2.5275635439790811e-01	
   8.2652573027837606e-01	   0.0000000000000000e+00	   6.6641645182700160e-01	   7.0709945166874455e-01	   5.3439416980678367e-01	   6.4325720491200500e-01	   6.4090493921955294e-01	   7.5987228750402380e-01	   5.7443883451651967e-01	   6.5412591947477450e-01	   6.0792631269943409e-01	   8.2516494372793292e-01	   6.0747540543817524e-01	   8.0356663769690651e-01	   5.8207308468164365e-01	   7.3181329050778232e-01	   4.7940714211580576e-01	   6.8562066929340171e-01	   6.1065060768167168e-01	   7.3641475283701041e-01	   3.4483454319528872e-01	   3.2662078608662998e-01	   4.8570949612658509e-01	   4.9722263990481452e-01	   4.0695022094545874e-01	   4.7260876460460904e-01	   3.5127506466854336e-01	   4.6579337897401629e-01	   5.1678092291100419e-01	   5.2979786146000252e-01	   3.5982422378176571e-01	   3.6572490311510286e-01	   7.2931170199540973e-01	   8.0337475245401013e-01	   4.4394560202814715e-01	   4.8754533692299579e-01	   3.0897316129658092e-01	   5.6552559092001009e-01	   4.6210807252542807e-01	   5.1185348802401931e-01	   3.3044605139361277e-01	   4.1516841522966585e-01	   6.2845697511676324e-01	   6.6217178557953349e-01	   5.7803008356582630e-01	   6.5145607548505147e-01	   6.7202035487452594e-01	   7.2440967763003028e-01	   5.5453162158480840e-01	   5.8102704094600011e-01	   5.5660779765530399e-01	   5.7741966763817953e-01	   4.5695593888905850e-01	   4.0484274293407030e-01	   6.0827990198120385e-01	   6.5428329674252328e-01	   8.3131222187168108e-01	   8.7549145871712541e-01	   7.6313247756130242e-01	   7.4727722921657613e-01	   7.7718558726688025e-01	   7.2142362973463614e-01	   4.9810587175130150e-01	   6.9995639322777592e-01	   5.3259385636076706e-01	   4.5110973962945361e-01	   6.8071088456847806e-01	   7.1830258547368819e-01	   5.8550951091585279e-01	   6.7145928672432031e-01	   4.5536018479272200e-01	   4.7912724088638253e-01	   4.2769770792817796e-01	   5.3970895439313482e-01	   6.0236852557096943e-01	   3.5943497270985802e-01	   5.2762378853330372e-01	   5.0751171258882377e-01	   1.7594341398273644e-01	   5.7049906332529376e-01	   4.2828474296011920e-01	   5.3374675317236853e-01	   4.5322301490995753e-01	   5.3735898926100067e-01	   5.1561020757039566e-01	   5.8195414018063352e-01	   3.7529432291735798e-01	   4.1592677452501603e-01	   7.2162393124343427e-01	   6.5742203574187352e-01	   4.4539384114549113e-01	   2.7997619514025068e-01	   3.5756668690523025e-01	   3.1047279101193265e-01	   1.7934186115741435e-01	   3.0084164792353557e-01	   5.3190315611807015e-01	   3.9923710310704508e-01	   4.9937971640495860e-01	   4.0817944729579625e-01	   5.0564846078303183e-01	   4.6452522679131047e-01	   5.2104133685332432e-01	   4.5614978500256675e-01	   3.1628226344579330e-01	   2.6055129531759719e-01	   1.5777628890131767e-01	   3.9964866015667522e-01	   1.6540920060511249e-01	   2.4533068855845974e-01	   3.3233344999097736e-01	   2.9285858561652511e-01	   4.1254315532515123e-01	   3.2894965788926850e-01	   2.5150410399454037e-01	   1.3356579887721054e-01	
   6.3200597762937971e-01	   6.6641645182700160e-01	   0.0000000000000000e+00	   8.2841739746485499e-01	   7.6969748656189507e-01	   7.1579275407095688e-01	   8.8507458927003546e-01	   8.1264241735068965e-01	   7.4989196012302772e-01	   6.9761726184915107e-01	   7.0388075788516935e-01	   6.8143099758622938e-01	   6.6868645679136396e-01	   7.5490859224844287e-01	   6.9321544512037558e-01	   7.0004134768517845e-01	   2.5077981771996283e-01	   4.9820205992142325e-01	   5.8397581428206502e-01	   6.0688357997059283e-01	   3.6472533481087493e-01	   2.6100661078985532e-01	   6.8864405029506226e-01	   6.8687029763562213e-01	   4.8699556059838733e-01	   6.0822827173708016e-01	   4.0012492657278775e-01	   4.1627564635702874e-01	   4.5333699564072105e-01	   3.6042467149296242e-01	   6.8570697911208645e-01	   6.5040126754897709e-01	   7.2728776601379663e-01	   7.5881577453924598e-01	   6.3243782128969284e-01	   5.4938692346157525e-01	   2.9695114689565516e-01	   5.2347049316603045e-01	   3.6010510470704904e-01	   4.5246988381477493e-01	   3.0587633524501395e-01	   3.2052882642087610e-01	   5.8156771968614296e-01	   6.0496113456119960e-01	   5.9049101378087188e-01	   6.3889251560902527e-01	   6.1250110423760884e-01	   5.9472801509496764e-01	   5.5503555795417703e-01	   5.4859624260878603e-01	   5.4951941025425666e-01	   5.7129704904615342e-01	   5.4932478439313792e-01	   5.1054082740893314e-01	   5.8318210624475686e-01	   5.6326224912234268e-01	   5.8288325652536610e-01	   5.0279670632180262e-01	   5.8538816667923987e-01	   5.5096301140851323e-01	   7.0757918070023840e-01	   6.8522176432099546e-01	   3.6155648223224207e-01	   4.4990298189912459e-01	   5.4538587708224262e-01	   4.6010095010078822e-01	   7.0944665071667390e-01	   6.6878290203594826e-01	   6.3107961013980618e-01	   5.8141975577063620e-01	   6.2345381793610266e-01	   5.3420433123263134e-01	   5.0601049667713183e-01	   5.0156490356149197e-01	   5.8431954197114855e-01	   4.7305385494512481e-01	   6.7889412550176775e-01	   6.0188249071892241e-01	   2.2283462784780328e-02	   4.3605950083477951e-01	   2.4800297762373796e-01	   3.9329100418617602e-01	   4.0249890696976309e-01	   4.3586256146359054e-01	   4.3474684969760613e-01	   4.9158880207700850e-01	   4.3556133940661645e-01	   5.6088333463953544e-01	   7.0413225067226071e-01	   4.8007425596122533e-01	   4.4339013026515872e-01	   3.0309065824064163e-01	   3.8416518469178185e-01	   4.1765968363558148e-01	   1.8495846729961610e-01	   2.5842544563316594e-01	   2.0270947634269840e-01	   2.8615236382997211e-01	   3.1233227328750479e-01	   1.9965972185316996e-01	   4.4450210818232733e-01	   5.0844539280971790e-01	   3.1488007962879488e-01	   3.2701503489143929e-01	   2.7611120896303060e-01	   3.7584377655165863e-01	   1.2818811453989801e-01	   3.3616053901071158e-01	   2.6075398593666543e-01	   1.1056945035067778e-01	   1.4555025446847808e-01	   6.5482603343036599e-02	   2.6168755973727020e-01	   1.4325018498130218e-01	   2.4199959898276105e-01	   2.7169383882102505e-01	
   6.7187784357880975e-01	   7.0709945166874455e-01	   8.2841739746485499e-01	   0.0000000000000000e+00	   6.7236343163967538e-01	   7.9262371050689739e-01	   6.7253483503327305e-01	   8.4592257870755705e-01	   6.4140063039610018e-01	   7.0944322421178874e-01	   6.7136248215306327e-01	   7.8193467909279013e-01	   6.1422881869637824e-01	   7.7843440324761881e-01	   5.2086261586915605e-01	   7.0271759369469278e-01	   1.9184564105741700e-01	   4.9409998642956471e-01	   4.6464277209838856e-01	   5.9412901370559279e-01	   4.2895559060437038e-01	   3.5753872468538134e-01	   5.9520564123709241e-01	   7.7338782768677339e-01	   6.0462978935844491e-01	   7.6719563439355132e-01	   5.3995857011375081e-01	   6.1986384261585958e-01	   3.6673212931353349e-01	   3.7504765576791665e-01	   5.8986292287987618e-01	   6.4592376296312881e-01	   6.7345146548268386e-01	   7.8354230723717133e-01	   6.3012744863521608e-01	   6.9941113143817113e-01	   3.8006746362914939e-01	   6.1173055225811435e-01	   4.5725866097821755e-01	   5.6233432715744924e-01	   3.0841509797432354e-01	   3.8994293071765884e-01	   4.8410343124892097e-01	   5.2313061524766846e-01	   4.3810181677975152e-01	   5.1979032426619842e-01	   5.2682166796864627e-01	   5.5141886589422417e-01	   4.3607510962079216e-01	   4.7467499652922962e-01	   4.6514424553537392e-01	   4.7485988538912605e-01	   5.2896177939379663e-01	   4.5431746714626481e-01	   5.6332250827941244e-01	   5.3863716542543649e-01	   7.2299831930145420e-01	   6.1850690023811017e-01	   6.3781119743177928e-01	   7.1210954082691713e-01	   6.9815373726527064e-01	   8.4368261504208775e-01	   3.0864822775005080e-01	   4.7172124150308503e-01	   5.5127453105171620e-01	   7.2833171017457110e-01	   6.9529627387837745e-01	   7.5825936380008363e-01	   7.0696099719732119e-01	   6.6563644366131614e-01	   5.2065458590273517e-01	   6.2598095281651234e-01	   4.9171977154924268e-01	   5.8750042486364906e-01	   5.9582402638903798e-01	   4.9675580530917107e-01	   6.2017917746761186e-01	   6.6568297197014981e-01	   8.1486080798856469e-02	   4.1704916530121172e-01	   1.9747404890178294e-01	   4.1978031121818282e-01	   2.6750800201769387e-01	   4.2697742128109856e-01	   4.1189043426821093e-01	   5.1780550406148151e-01	   4.4490686599831986e-01	   5.1594498896941110e-01	   7.1425142347229198e-01	   5.7279939484033870e-01	   4.9338487959185162e-01	   3.8985292835479157e-01	   6.1615285395975039e-01	   5.7207866454212586e-01	   1.6044396097850744e-01	   3.9699946035073325e-01	   2.6398535474395574e-01	   3.5575005194884179e-01	   2.8130675043877640e-01	   2.1767703862236001e-01	   5.8608427273163899e-01	   6.3043986354288151e-01	   3.5256603169007467e-01	   4.2156399872076100e-01	   4.4869804720760315e-01	   4.8015749709629590e-01	   2.1980222510580749e-01	   3.7082851296094804e-01	   2.8700272327947085e-01	   2.6152980168702977e-01	   2.8963125159427194e-01	   1.2173500460230872e-01	   3.6828919339492028e-01	   2.5401076963545582e-01	   3.5457102459173012e-01	   2.3725376294572689e-01	
   4.7562863593314919e-01	   5.3439416980678367e-01	   7.6969748656189507e-01	   6.7236343163967538e-01	   0.0000000000000000e+00	   8.4242512342870546e-01	   6.9308535291130990e-01	   6.3910314045502425e-01	   8.6318291798132907e-01	   6.6843393216503699e-01	   5.5326358877614734e-01	   5.7996176716886194e-01	   4.9638252630971902e-01	   6.0736687666578804e-01	   7.3309583101464537e-01	   6.6293536022068378e-01	   1.3284533793671136e-01	   5.0008010513622314e-01	   5.1244186692952054e-01	   5.6735869958863494e-01	   5.4922004956253923e-01	   4.3145550101983121e-01	   7.5317156716227673e-01	   6.5778002200900465e-01	   6.0265986381012149e-01	   6.2989607146841586e-01	   6.1516212995112074e-01	   5.7641842349146488e-01	   3.7836861334506783e-01	   4.2928138274444061e-01	   6.3918331146149132e-01	   5.5738542743399555e-01	   6.2529088025068646e-01	   6.0675591546089458e-01	   6.7843428736140243e-01	   5.9123075882632836e-01	   2.6752320167000448e-01	   6.0358392562763286e-01	   3.0102121348507882e-01	   4.4937935254715089e-01	   3.7502679317228343e-01	   3.7247677300936871e-01	   6.1926698886117371e-01	   5.9712800887980422e-01	   6.2720777587468957e-01	   6.3057630059537939e-01	   6.7231910986227961e-01	   6.4461593978544274e-01	   6.3161692020455984e-01	   5.3414440294851273e-01	   6.3268513698632733e-01	   6.0323321056824797e-01	   6.8881180485800164e-01	   7.1470183265588050e-01	   6.2096657276700795e-01	   5.4306102904110576e-01	   5.3340681151034186e-01	   4.5697883736429568e-01	   5.5026808017137141e-01	   5.4316460738376493e-01	   5.7528006996620995e-01	   5.5851692417042775e-01	   3.9679358190909297e-01	   3.5458435885881923e-01	   5.9572692728933929e-01	   3.4195813511465895e-01	   7.5330060070240046e-01	   7.0717861594287701e-01	   6.0579697941041100e-01	   6.2078780257822785e-01	   6.2993649578003907e-01	   5.6302239162538648e-01	   3.7361596461776347e-01	   3.3413430132164446e-01	   4.6980436457458008e-01	   3.3600397036196927e-01	   5.7479580067359526e-01	   5.0299808476822538e-01	   6.7005709306510966e-02	   4.9022911937643943e-01	   2.7895263631076711e-01	   4.4244449446046197e-01	   5.3045579541841248e-01	   5.4002684161798009e-01	   3.9911546056018199e-01	   5.4357647640124618e-01	   3.2890031883551540e-01	   5.2149972316700921e-01	   5.3318847769807909e-01	   4.2856674710188958e-01	   6.1817612449673731e-01	   4.9317409549748059e-01	   3.8860662758536002e-01	   5.0775132560000580e-01	   2.4733348036196137e-01	   3.0210061354173984e-01	   3.1704694664101396e-01	   3.3792774740328574e-01	   5.4319352214187100e-01	   3.3697548629207513e-01	   5.1516531699183110e-01	   5.5525966477482513e-01	   4.2772027777527327e-01	   3.8345207876881060e-01	   3.3232268447025676e-01	   3.5768150215760652e-01	   2.8946499456776847e-01	   4.2107086519696724e-01	   8.9711799980308204e-02	   1.2611093807192775e-01	   3.1125963536922552e-01	   2.7081619431807996e-01	   3.8572862060558422e-01	   3.4564405923146946e-01	   3.8939611226851950e-01	   1.8680340731546008e-01	
   5.6489726843225352e-01	   6.4325720491200500e-01	   7.1579275407095688e-01	   7.9262371050689739e-01	   8.4242512342870546e-01	   0.0000000000000000e+00	   6.4531751987220598e-01	   7.1796651591251792e-01	   7.9976869070883438e-01	   8.4063848579908784e-01	   6.1750876320552628e-01	   7.5526439466894357e-01	   5.8272076746930812e-01	   7.0367308187788824e-01	   6.3445553250092457e-01	   7.3692394996986521e-01	   1.6940753470918002e-01	   5.0738859935302727e-01	   4.5651095938174924e-01	   5.7544474178016625e-01	   6.1892197460475584e-01	   4.5239974565888180e-01	   6.1529213787148318e-01	   6.2710365456259809e-01	   5.4454974007364931e-01	   6.3988661146042436e-01	   5.6471090490678699e-01	   6.2726693408480050e-01	   3.9395065528063000e-01	   5.0168395112222530e-01	   5.1831367861300603e-01	   4.5713280485813190e-01	   6.2602889358298541e-01	   6.6542028367207740e-01	   6.5456177184304298e-01	   6.5872789491475170e-01	   2.6828788852742136e-01	   6.2166919219330719e-01	   3.3042486346957672e-01	   5.0387107237992090e-01	   4.4191736819132638e-01	   4.2540004634171991e-01	   5.8123674584099450e-01	   5.6072227201019398e-01	   5.5911741594323183e-01	   5.8052407533464745e-01	   6.2749143254619988e-01	   6.2854346693816032e-01	   5.5763549057271633e-01	   5.0206409455956003e-01	   5.8591326697732771e-01	   5.1814980883279249e-01	   7.0030585516468991e-01	   7.0251376221000639e-01	   5.9604850137798560e-01	   5.4655010522050762e-01	   5.9176979829898013e-01	   5.4150146209821992e-01	   6.9546085784919431e-01	   6.7863576875054821e-01	   6.7414745423187761e-01	   7.2977563518173649e-01	   3.8748516514536274e-01	   3.8834591893578518e-01	   5.8782024635042307e-01	   4.6258403344062482e-01	   7.4968124093849764e-01	   7.5086498575360239e-01	   6.2193533585807426e-01	   6.4543650813496178e-01	   5.6165348350739075e-01	   5.8140760947075876e-01	   3.8617942876123973e-01	   4.4724118181358208e-01	   5.0369996795434624e-01	   3.7335537819527637e-01	   5.7793050421432124e-01	   5.4998463715680024e-01	   5.8738527605965166e-02	   4.7058754914548090e-01	   2.1755930796066064e-01	   4.5062274505315525e-01	   4.8695206930283974e-01	   5.9489957306827024e-01	   4.0009474513764587e-01	   5.3491484470839568e-01	   3.2392756505171733e-01	   5.2129105143778587e-01	   6.0636466120703392e-01	   4.9084494914915061e-01	   6.4676974300035006e-01	   4.9001996000270470e-01	   5.1692208787604732e-01	   4.9760761485254090e-01	   2.2354063660365020e-01	   2.7950414201244206e-01	   2.6474951221668935e-01	   2.6447998563001496e-01	   4.7569740988050924e-01	   2.6245024572629966e-01	   5.7715460603636304e-01	   5.7675916962496132e-01	   4.5182893738627194e-01	   3.6309749603279229e-01	   3.9237787837564286e-01	   3.4219167221395785e-01	   2.7586790936182609e-01	   3.8783616725474640e-01	   9.5295207933884740e-02	   1.6147918332718444e-01	   2.7905149783591676e-01	   2.2929926441822174e-01	   4.4946835393584417e-01	   3.2704827256915625e-01	   3.8782080119941698e-01	   7.5005258541015349e-02	
   6.2254369585397007e-01	   6.4090493921955294e-01	   8.8507458927003546e-01	   6.7253483503327305e-01	   6.9308535291130990e-01	   6.4531751987220598e-01	   0.0000000000000000e+00	   8.3962278028558557e-01	   7.1530274135362593e-01	   7.3746907460048128e-01	   6.7788852367850916e-01	   6.0582055898739573e-01	   6.7942222513546069e-01	   6.9025098382025141e-01	   7.7740574806011797e-01	   7.7591771198912807e-01	   3.8748214240922935e-01	   4.5117662470890985e-01	   7.2513567988858074e-01	   7.3209479216393103e-01	   2.8691095622329227e-01	   1.3531945713298196e-01	   6.8284242608509516e-01	   6.0227667581114330e-01	   2.5095830490602800e-01	   3.9205113346260806e-01	   1.7579094475975265e-01	   1.8772163660288774e-01	   5.5459745999521837e-01	   4.3051859918531654e-01	   6.5625755982266232e-01	   6.2187217683535367e-01	   7.7317927943584275e-01	   7.8414420484423675e-01	   5.2403973821295080e-01	   4.3978764771059264e-01	   2.4536994045798832e-01	   4.3602108335802209e-01	   3.1009595420896940e-01	   3.6421234236801781e-01	   2.6796340850357314e-01	   3.2458843746480986e-01	   5.1682259174546863e-01	   5.5183160064949399e-01	   5.7071935108610516e-01	   6.0775975726355558e-01	   5.5224029188545942e-01	   5.5674484724326689e-01	   4.9576919258338070e-01	   4.9442586023163315e-01	   4.8840501792240731e-01	   5.5488131768593862e-01	   4.7954170781926830e-01	   4.4275884345540428e-01	   4.8543439594377058e-01	   5.4344592141783798e-01	   5.4792073285644405e-01	   4.4719066057760637e-01	   5.6280116294128901e-01	   5.1878126903304611e-01	   7.2215875058909507e-01	   6.4645370650520917e-01	   5.4638915604591098e-01	   5.7213408754832940e-01	   5.3374194518904194e-01	   2.9225377766956839e-01	   7.1126106713310311e-01	   6.5988060747433708e-01	   4.7521417095416868e-01	   5.6422275214734163e-01	   5.3762958114636694e-01	   4.3918993470916801e-01	   4.8320817450193054e-01	   4.3048807809772660e-01	   5.8331629218778458e-01	   4.6611968312443153e-01	   7.0544877108615422e-01	   4.8633970835761658e-01	   1.4283830704840642e-01	   4.4240259998304171e-01	   4.3424767931708008e-01	   5.1353539031086359e-01	   5.2807364294831571e-01	   4.7715240550618621e-01	   6.0944823308060880e-01	   5.7796808892886364e-01	   3.5110960644231970e-01	   5.3041867165404866e-01	   7.2354273237061106e-01	   5.3339685210011778e-01	   4.7616605503561510e-01	   3.5533729687854942e-01	   3.3794622652785317e-01	   3.9805741895741076e-01	   1.5720047988727159e-01	   1.8158317208801061e-01	   2.1768546872110905e-01	   2.5192997615647911e-01	   4.0029053183195040e-01	   3.3321742069608484e-01	   4.1979399478464258e-01	   5.2465551591837079e-01	   4.0411920387092681e-01	   4.1378971200906167e-01	   2.1423860922465376e-01	   2.9859265670512447e-01	   1.4836196098758828e-01	   3.8738294252749206e-01	   2.4460503944565271e-01	   1.4176116908500183e-01	   1.4605007635128553e-01	   1.8912893750705762e-01	   3.1762893461495062e-01	   2.2763996129039110e-01	   2.1141440820646912e-01	   2.5666901305682222e-01	
   6.5929416596188750e-01	   7.5987228750402380e-01	   8.1264241735068965e-01	   8.4592257870755705e-01	   6.3910314045502425e-01	   7.1796651591251792e-01	   8.3962278028558557e-01	   0.0000000000000000e+00	   6.8761156638934073e-01	   7.8739941598096119e-01	   6.3807404028252657e-01	   7.3088412111156709e-01	   6.1930618709989016e-01	   7.6776487821839057e-01	   6.4477965585585939e-01	   7.7582006575190854e-01	   3.9824602780742657e-01	   4.8042814830009462e-01	   7.0189658218040152e-01	   7.9818744775787986e-01	   3.2178594332233346e-01	   1.7299626644599014e-01	   6.0955661885332280e-01	   6.6113670203166641e-01	   3.1923779429797539e-01	   5.0835417778380931e-01	   2.5832711874306707e-01	   3.2342774252567463e-01	   4.9255154397113599e-01	   4.3761581502746066e-01	   6.0641213649229431e-01	   6.5446233993245650e-01	   7.4079892588836571e-01	   8.8316074155560953e-01	   5.3963296896651847e-01	   5.4661673043486392e-01	   3.0991375790388742e-01	   4.6978674484242139e-01	   3.4443997022417483e-01	   3.9023924089382578e-01	   2.1050060182113695e-01	   3.2791846973258965e-01	   4.9073225788750208e-01	   5.4793848848779425e-01	   4.9380502800137943e-01	   5.6902641223405936e-01	   5.0537603537508802e-01	   5.6738893835620385e-01	   4.2222602732954734e-01	   4.5656069402415506e-01	   4.2642050616512106e-01	   5.0012439114218732e-01	   4.4164253914436125e-01	   3.8904806406143644e-01	   4.4422180698507918e-01	   4.9937503394501931e-01	   6.8853995124442924e-01	   6.0228826377515854e-01	   6.2373855142477508e-01	   6.4504996770556955e-01	   8.0978006819061144e-01	   8.4377302459037840e-01	   5.9404787417975746e-01	   6.9788602784840470e-01	   6.1386276354124303e-01	   4.7635108504848445e-01	   7.2106213097036020e-01	   7.6387824814536520e-01	   5.5097035264604632e-01	   6.3122935293069804e-01	   5.1433230888647452e-01	   5.2099259441422219e-01	   4.2972084425745904e-01	   5.1402802098758205e-01	   6.0774238170209804e-01	   4.7828238362737746e-01	   6.5990541297374827e-01	   5.1917410796823182e-01	   1.3895827637398483e-01	   3.8871600662079936e-01	   3.9498030677545881e-01	   5.4234521384206780e-01	   4.1950517633289675e-01	   5.1281124954242685e-01	   6.4350570478317781e-01	   6.1799397187771232e-01	   3.4081559901868480e-01	   5.4991741341553191e-01	   7.4066736156802970e-01	   6.3150016806899278e-01	   5.1083860441683071e-01	   4.0487156611112973e-01	   4.8329806947886045e-01	   4.5063508478454850e-01	   1.6317171574437256e-01	   3.0734253351292706e-01	   2.5438562199429959e-01	   3.0051402208100403e-01	   4.0961949272398779e-01	   3.8637587652475675e-01	   5.9202245907245254e-01	   6.0745595154802290e-01	   4.9077560657225272e-01	   4.9086547363511174e-01	   3.1358949409732628e-01	   3.0144734782574245e-01	   2.5454398097248432e-01	   4.6087073944492496e-01	   2.9293379402701292e-01	   1.8653908218923082e-01	   2.1265657949862854e-01	   2.3766612918032071e-01	   4.1360520669666395e-01	   2.5054952719525886e-01	   2.1203731231711687e-01	   1.7652152494580886e-01	
   4.7623886646621272e-01	   5.7443883451651967e-01	   7.4989196012302772e-01	   6.4140063039610018e-01	   8.6318291798132907e-01	   7.9976869070883438e-01	   7.1530274135362593e-01	   6.8761156638934073e-01	   0.0000000000000000e+00	   7.6809302659122147e-01	   5.2570547006103108e-01	   6.1567833396868965e-01	   5.1774675773428847e-01	   6.2841046180503202e-01	   7.1928413702597505e-01	   6.9197001406904679e-01	   1.6510117522786980e-01	   4.1768397286710685e-01	   5.1539287819204060e-01	   5.4789421053527909e-01	   5.2195475736039054e-01	   3.2489803510774784e-01	   6.5711510724995736e-01	   5.1896982092726229e-01	   4.0923249968494846e-01	   4.6811605722778526e-01	   3.9551120813116086e-01	   3.8168171679816831e-01	   2.5529333879243971e-01	   2.9389249484374880e-01	   5.4548121820009221e-01	   4.3436910113625443e-01	   6.0307209833436615e-01	   6.2515077666147767e-01	   5.7155353904094119e-01	   5.2800482423576400e-01	   1.7284081907983384e-01	   5.1218932693006636e-01	   1.9500464189152789e-01	   3.0652661100213646e-01	   2.7994609835564399e-01	   2.0227505214190533e-01	   5.9003594176097030e-01	   5.9046837559996590e-01	   6.4793335501413185e-01	   6.4327905932928897e-01	   6.4187421169183101e-01	   6.6597875636917592e-01	   5.8720458408804832e-01	   4.7921799225652917e-01	   5.5754451679343209e-01	   5.3891607878608239e-01	   6.1727028258246530e-01	   6.7643823023014182e-01	   5.0589035123941928e-01	   5.1291554047095278e-01	   5.2322793056036720e-01	   4.2763064878608631e-01	   5.6682155390388700e-01	   5.7182822112491904e-01	   6.6163912213415466e-01	   6.4136166338923761e-01	   4.6428265408344804e-01	   4.1222230274026705e-01	   6.3339123073928560e-01	   3.0676990237499124e-01	   7.7218270562088509e-01	   7.3785874911252591e-01	   5.1131651456607696e-01	   6.1860938837113755e-01	   5.8840680042878846e-01	   5.2445369658561036e-01	   2.9087996178133946e-01	   2.6607111838708247e-01	   4.4772692875352882e-01	   2.8553343960997191e-01	   5.7279683601788844e-01	   4.7676291683587257e-01	   4.2324962949001031e-02	   3.5344867270678682e-01	   2.8631459428680295e-01	   4.7131701994850428e-01	   4.7520782005796414e-01	   5.0679728086136411e-01	   4.5405004444713415e-01	   5.6173746216624343e-01	   1.9819539077028900e-01	   4.2521632089963324e-01	   5.3877947219716116e-01	   4.4182323135184154e-01	   6.9255190571017056e-01	   5.7605761960129409e-01	   4.3811692211671310e-01	   5.0577693003446267e-01	   2.4725528675408526e-01	   1.3479869718533749e-01	   2.9865639078499673e-01	   2.7642628235193434e-01	   5.6040743466947252e-01	   4.3952757882620580e-01	   5.6484469117295566e-01	   6.3193537476696204e-01	   4.6824574815734593e-01	   4.7827844356319849e-01	   3.0029861143144587e-01	   3.2467817676255795e-01	   3.6366590886192041e-01	   5.5818990664125023e-01	   4.1063856095734444e-02	   1.1462494496080176e-01	   3.8797634098379297e-01	   4.1900497961350019e-01	   5.5704588682702860e-01	   4.1561588093010615e-01	   3.0096606561497624e-01	   5.6645375245517937e-02	
   5.1709301086306014e-01	   6.5412591947477450e-01	   6.9761726184915107e-01	   7.0944322421178874e-01	   6.6843393216503699e-01	   8.4063848579908784e-01	   7.3746907460048128e-01	   7.8739941598096119e-01	   7.6809302659122147e-01	   0.0000000000000000e+00	   6.3240749143913155e-01	   7.6202158036605971e-01	   5.8460865932389550e-01	   6.8510827303118282e-01	   6.3138667474820453e-01	   7.1696778838386643e-01	   2.0157368545401480e-01	   3.9760273845902355e-01	   5.3533463273377302e-01	   5.9590023472748910e-01	   3.6103843798138069e-01	   1.4587436503809670e-01	   5.1275044388576563e-01	   4.4081413922131651e-01	   2.0590097098787954e-01	   3.5098286900087772e-01	   1.8261198915161492e-01	   2.4730299558020319e-01	   3.6303127306669525e-01	   3.6838973066754788e-01	   4.6384038589565929e-01	   4.2652055634237707e-01	   6.0898928010189346e-01	   6.8135096076063961e-01	   5.2958665124458082e-01	   4.7784778616141838e-01	   1.1403260213069429e-01	   3.7536678937238577e-01	   1.3975121865465515e-01	   2.2408594461878661e-01	   1.9937647534822478e-01	   1.5239299703656023e-01	   4.4945957402858588e-01	   4.6667940615293546e-01	   5.2173351416884373e-01	   5.2187593681754341e-01	   5.1630426090483739e-01	   5.6954708395828990e-01	   4.1137372917407045e-01	   3.6625952165339859e-01	   3.9909660649384038e-01	   3.9787260084635312e-01	   5.1176536275686380e-01	   5.8287122269914726e-01	   4.3194929080600586e-01	   4.1153932529232928e-01	   5.0085447539163419e-01	   4.5100912344737554e-01	   6.3968079483928619e-01	   5.7792321915323008e-01	   7.3699841084521478e-01	   8.0044153342775803e-01	   4.2354392618512759e-01	   4.2048588598938053e-01	   5.7447921742071206e-01	   3.5510397279309658e-01	   7.0237359177523162e-01	   7.1227279898684559e-01	   4.1774538482033008e-01	   5.4212682814990132e-01	   4.8676940927169232e-01	   5.3722399065934412e-01	   2.7725173624444677e-01	   3.4403052559113606e-01	   4.6918309159889959e-01	   3.2769226679767771e-01	   5.4353618285153560e-01	   4.3089647053382973e-01	   2.3239504754927490e-02	   3.2574129492036907e-01	   2.1642514022036047e-01	   3.8931396756895098e-01	   3.7848910121135115e-01	   4.4231321640755206e-01	   4.5662665185607609e-01	   4.6735622347868377e-01	   1.2911771590954157e-01	   3.5628927483212214e-01	   5.8339711498365276e-01	   4.4902693170915386e-01	   6.5951483701089098e-01	   5.2136608401406270e-01	   5.0970904717183485e-01	   4.2672202783671881e-01	   2.6075540500011157e-01	   1.3212196806259743e-01	   2.0658823110357052e-01	   2.0761237677797748e-01	   4.1824881027056315e-01	   3.3792487171609970e-01	   5.8775959799852029e-01	   5.9214053127551358e-01	   4.4216226568250683e-01	   3.7926052274026173e-01	   2.7283574007402689e-01	   2.5946771355437515e-01	   2.5526415055878016e-01	   4.1803483730652302e-01	   1.0348800182918470e-01	   2.2984744602991275e-01	   3.0803099908302495e-01	   3.3205388125280677e-01	   5.4137657508419257e-01	   3.3598172012130445e-01	   2.6579447052503397e-01	  -9.2568670557614478e-03	
   7.7306584548756963e-01	   6.0792631269943409e-01	   7.0388075788516935e-01	   6.7136248215306327e-01	   5.5326358877614734e-01	   6.1750876320552628e-01	   6.7788852367850916e-01	   6.3807404028252657e-01	   5.2570547006103108e-01	   6.3240749143913155e-01	   0.0000000000000000e+00	   7.8708104310683735e-01	   8.1148936936178784e-01	   7.6431640283607327e-01	   6.1001996480459442e-01	   6.7007483675169621e-01	   2.5381597662417854e-01	   3.9143901697500794e-01	   6.2658855444246531e-01	   6.1783085213266065e-01	   2.8043328272889312e-01	   2.3614261593891586e-01	   4.9109723187284682e-01	   5.4491011802102118e-01	   3.3027175244133417e-01	   4.2956670091052090e-01	   2.0314770347079047e-01	   3.0521431477086525e-01	   6.0345237123392870e-01	   4.6973518488960464e-01	   4.9538673503152664e-01	   4.9372473707912623e-01	   7.1516959585777595e-01	   6.8367473817491631e-01	   3.7080052335044139e-01	   3.8472349043745979e-01	   4.2139891352591785e-01	   5.8235884757822820e-01	   4.1926337775244937e-01	   5.1004666554813438e-01	   4.2983968120010629e-01	   4.3071546643790865e-01	   4.3153532849808840e-01	   5.5814469523718913e-01	   4.4311970857661809e-01	   5.7666977732736746e-01	   4.9647359479734565e-01	   5.4404442114334151e-01	   4.8697827781396713e-01	   5.5931716759850769e-01	   4.9752886876646385e-01	   5.6384463968013732e-01	   6.0778059727433886e-01	   4.9626508582880469e-01	   5.7586260066474948e-01	   6.0231373377235808e-01	   4.9462964807168469e-01	   4.2803204339714185e-01	   6.2819054463217783e-01	   5.7021126142330303e-01	   5.4770781423467363e-01	   5.5743363513219701e-01	   2.3241812358405173e-01	   3.1021103060170130e-01	   1.7780662686997495e-01	   3.8201543744553829e-01	   4.4655869998271081e-01	   4.9339514278226937e-01	   5.7243869395155622e-01	   4.6654513733298153e-01	   5.7298982862531189e-01	   6.4450133362090090e-01	   6.8002019190084828e-01	   6.5745772492592280e-01	   7.0370666295033280e-01	   5.9725368118199040e-01	   6.5780708333596793e-01	   6.3878750513591553e-01	  -3.1866232260774935e-03	   3.7854414056678209e-01	   8.2693008768774709e-02	   1.8855320262222283e-01	   3.3432905423188503e-01	   3.9323505785677187e-01	   2.4354864164230255e-01	   4.1830690949177135e-01	   4.9637674503963947e-01	   5.2743954463847875e-01	   6.9577022235884811e-01	   4.1507437231913469e-01	   3.1286312831708818e-01	   1.3904153733960345e-01	   2.9667639161828824e-01	   2.5625543007893758e-01	   1.8951392093354733e-01	   3.4208365630140763e-01	   1.0536320546341020e-01	   3.5917126615502321e-01	   2.6243479809435016e-01	   1.6992017048113287e-01	   2.7406630907542079e-01	   3.6850339164795048e-01	   2.2276740153664476e-01	   2.7262333688644258e-01	   2.6155258966011730e-01	   3.2304119301179346e-01	   2.4779600205231737e-02	   2.2499815259058989e-01	   3.9938508110168497e-01	   2.2377933372211034e-01	   2.9694128429821498e-02	   5.9741212951942589e-02	   3.4194229041120705e-01	   1.5981380491103947e-01	   2.7757359696164630e-01	   3.0149308537116992e-01	
   7.9269047953764327e-01	   8.2516494372793292e-01	   6.8143099758622938e-01	   7.8193467909279013e-01	   5.7996176716886194e-01	   7.5526439466894357e-01	   6.0582055898739573e-01	   7.3088412111156709e-01	   6.1567833396868965e-01	   7.6202158036605971e-01	   7.8708104310683735e-01	   0.0000000000000000e+00	   7.1878832494003586e-01	   9.0556173239963633e-01	   5.5386259125292980e-01	   7.3330317796040245e-01	   2.7135013953799236e-01	   6.2679457735106414e-01	   4.8701875432712782e-01	   5.7663556974355890e-01	   4.2619196797337089e-01	   3.4343513144644511e-01	   4.4456687787143545e-01	   5.0999186725110346e-01	   4.5763515820722417e-01	   5.4386217280602334e-01	   3.8364485174165752e-01	   4.9187836362981979e-01	   4.2981498986940347e-01	   5.0333190791269034e-01	   4.0241947292984726e-01	   3.9835722516706995e-01	   6.5301195181429517e-01	   7.2554066460429967e-01	   4.6268042676978427e-01	   5.3032658967340618e-01	   3.4931803347756724e-01	   5.8615622133220335e-01	   4.4053589021398654e-01	   5.2723342116252492e-01	   3.2736670106802424e-01	   3.9898417488373594e-01	   5.3747680708734480e-01	   6.2463950541669755e-01	   5.3869633713814957e-01	   6.2759704467243438e-01	   5.9369019251714295e-01	   6.6681101110319330e-01	   5.3347777256111262e-01	   5.8498506513365944e-01	   5.4439692454782662e-01	   5.5235142294349204e-01	   5.5481034915248051e-01	   5.2032327299499737e-01	   6.3277667283914607e-01	   6.1975399914619467e-01	   6.4537945173052469e-01	   6.4448511330725133e-01	   7.7633395814414319e-01	   7.5375371048327500e-01	   7.4034110705736234e-01	   7.7396694271802402e-01	   2.9554322263676036e-01	   4.6436089272227821e-01	   4.3522484278181472e-01	   5.1303403173313911e-01	   6.1187648834707786e-01	   6.6726543704463936e-01	   5.6910615515332763e-01	   6.1437937561754685e-01	   5.4286537761911169e-01	   5.8802228423021252e-01	   4.7165429942726034e-01	   6.0059373118266701e-01	   6.1165583477756780e-01	   4.6564192202408206e-01	   5.9736946688669323e-01	   5.4036452501055032e-01	   6.9360151703386247e-02	   5.3078493765772428e-01	   1.9327078480618740e-01	   3.3706758987142721e-01	   3.3419953903273381e-01	   4.3410440705634545e-01	   3.5826427059846366e-01	   4.4918670878014838e-01	   3.5430995515089492e-01	   4.0980777922367961e-01	   7.0888931580617087e-01	   5.3992068946293781e-01	   4.4016897178367131e-01	   2.6353789751553658e-01	   4.0755608922174169e-01	   3.4637229471187675e-01	   1.4127794806852714e-01	   3.1117078577180218e-01	   3.0140153273829895e-01	   3.9364623989073005e-01	   3.3536530350206123e-01	   2.4328446490613637e-01	   4.2549733515599319e-01	   4.6310776111769042e-01	   3.6255676462656727e-01	   3.3900978743528898e-01	   3.0839336993298117e-01	   3.2243419145260399e-01	   1.6897650455952218e-01	   3.3741059427441134e-01	   2.4939886310809029e-01	   2.4806399683691627e-01	   2.7588620778427136e-01	   1.4691140675447154e-01	   4.4840548228324467e-01	   2.8154317556079084e-01	   2.8949166504283996e-01	   8.2578487636131875e-02	
   7.0681462037743770e-01	   6.0747540543817524e-01	   6.6868645679136396e-01	   6.1422881869637824e-01	   4.9638252630971902e-01	   5.8272076746930812e-01	   6.7942222513546069e-01	   6.1930618709989016e-01	   5.1774675773428847e-01	   5.8460865932389550e-01	   8.1148936936178784e-01	   7.1878832494003586e-01	   0.0000000000000000e+00	   7.6935319551388337e-01	   6.7759299937789974e-01	   6.8084141067443349e-01	   3.2308371207485531e-01	   4.2220645793477729e-01	   5.4319360499472347e-01	   5.6001182983201403e-01	   3.6917730665249221e-01	   2.9460445528104739e-01	   4.1975853464070911e-01	   4.5412924357378692e-01	   3.5845843790173171e-01	   4.1975309754962042e-01	   2.7480598001246570e-01	   3.6135386006409420e-01	   5.6457382691453295e-01	   4.3216353975492466e-01	   4.3975520449550098e-01	   4.0940264339288523e-01	   7.4718745098519868e-01	   6.9259185847358862e-01	   2.9185233358423901e-01	   3.8939341261877347e-01	   4.4091238930352838e-01	   5.8206596903287644e-01	   4.4748125500743707e-01	   5.3538521724312582e-01	   4.3061957291542785e-01	   4.7764724749207221e-01	   4.4111040455965783e-01	   5.0111023417055511e-01	   4.3315294203199739e-01	   5.5073777887413167e-01	   4.6408737383326104e-01	   5.0423548725963541e-01	   4.6377428229202655e-01	   5.9346483892168833e-01	   5.5586517713682293e-01	   5.9248064352925023e-01	   5.5944724658623879e-01	   4.0366030096045835e-01	   5.4928565192238510e-01	   6.0594374149120367e-01	   5.1645399485099408e-01	   4.2642184574192721e-01	   6.7794869795719204e-01	   6.1680829834439921e-01	   5.7037317358183948e-01	   6.0398592595712253e-01	   2.0972913021102774e-01	   4.3355141669228542e-01	   2.5032799142031736e-01	   4.9829576532232611e-01	   4.8557827451905311e-01	   5.1246071280511807e-01	   5.4432891572818864e-01	   4.8668186398120089e-01	   4.8327456322556428e-01	   4.7393525051525798e-01	   6.4031955161606924e-01	   6.2624907228320037e-01	   6.6037355446699753e-01	   5.5321845498625755e-01	   7.4486476403161461e-01	   5.5621110008005903e-01	   1.3282634890693612e-01	   4.1753189484307707e-01	   1.5477881481327493e-01	   3.7385797327842146e-01	   3.0708506009011255e-01	   4.1009670500008499e-01	   3.6218007873059099e-01	   4.7657098830370531e-01	   4.6047974708631573e-01	   5.1967091986985525e-01	   6.2352351793572991e-01	   4.0913631147971347e-01	   2.5371022696789347e-01	   9.4583288964056558e-02	   2.0872282162042724e-01	   2.4506824980204500e-01	   1.9165152868926241e-01	   3.0663629875639070e-01	   3.0198138134116659e-01	   4.1206024631927041e-01	   2.7970969819018315e-01	   1.5750396452498447e-01	   2.5571027080802394e-01	   3.5289816390459638e-01	   2.4883113900667730e-01	   2.2626227831539555e-01	   2.2158506143858772e-01	   2.6749743673438159e-01	   3.0829939513368952e-02	   2.5706449323080754e-01	   3.9947312470101060e-01	   2.3094174460864358e-01	  -1.4874783367477138e-02	   3.4255006361450749e-02	   2.5711255571125197e-01	   1.8037220303358106e-01	   2.4641816474096298e-01	   2.2587709139754394e-01	
