   0.0000000000000000e+00	   8.9344234284789015e-01	   8.3043800701954562e-01	   7.8290423618486094e-01	   5.2034723052476850e-01	   4.1037407486863198e-01	   8.0868012691347868e-01	   7.6180540881237313e-01	   6.2762131123924703e-01	   6.0360091031217800e-01	   8.6763424754858376e-01	   7.0426549740012734e-01	   8.7348856722391044e-01	   8.2365216401082897e-01	   8.1464213370834471e-01	   7.3307250377972510e-01	   7.6372494015031456e-01	   7.6583395204836735e-01	   8.6937734818114298e-01	   8.2059327857554754e-01	   5.0029179901540310e-01	   4.7255230307655244e-01	   6.6645527129290372e-01	   6.5460725901571015e-01	   6.0580706666796802e-01	   6.1678423597999577e-01	   5.2314489308031120e-01	   3.4444425436593273e-01	   8.1364133183740672e-01	   7.8876940196474010e-01	   7.4252745163204947e-01	   7.6813119718584266e-01	   8.8445658230626267e-01	   8.7051815042729452e-01	   6.4286556969717767e-01	   6.2864337701905626e-01	   3.3144581651013927e-01	   5.8542873311531948e-02	   5.8114653032495134e-01	   4.9864200301809097e-01	   4.7642134106193812e-01	   2.4570111562970587e-01	   5.5725945475845629e-01	   5.3167547978862528e-01	   6.8173204775670737e-01	   6.6490890513415213e-01	   6.2267749646082371e-01	   6.8359369617160581e-01	   6.3549456863939191e-01	   6.5284428136744954e-01	   7.0813693479277839e-01	   6.2917073353797148e-01	   4.9408806587675824e-01	   5.2571013028786240e-01	   5.9117555122976506e-01	   7.3641200533320861e-01	   8.8253208284446716e-01	   7.8903312511119916e-01	   8.4368874568322183e-01	   8.3477872057053315e-01	   8.8617954387070252e-01	   8.8352137204791936e-01	   8.3572053539049440e-01	   8.1613229579661639e-01	   5.9385861036393739e-01	   6.8859424186812301e-01	   8.4190577681874079e-01	   8.2045376755179666e-01	   6.9341856966659976e-01	   7.5736416085841896e-01	   6.0715484646382978e-01	   5.3240061808589390e-01	   5.7866811395532147e-01	   6.2501736945378972e-01	   5.4998820173336693e-01	   6.1602891270154159e-01	   5.1389006473474064e-01	   4.7236959772800002e-01	   7.2177002830919235e-01	   7.8561298846389016e-01	   8.0765175512065213e-01	   8.1463010349564136e-01	   8.0623275634894642e-01	   7.8242712706818129e-01	   7.5823442595882218e-01	   8.2369294613785526e-01	   6.3658194020786962e-01	   5.4104898702674142e-01	   6.9125716973792239e-01	   6.7509856843834104e-01	   4.2067326974803432e-01	   3.1914695682427086e-01	   2.0501194646680104e-01	   3.4982236707678827e-01	   3.1515697896941933e-02	   1.9870548193016008e-01	   3.0233677241749790e-01	   5.9630832633381547e-01	   5.7322725781716699e-01	   5.3317530052102158e-01	   4.3022725467958578e-01	   5.2233330152831914e-01	   3.3212712644642295e-01	   3.2748213238956858e-01	   2.2156739736251357e-01	   2.8534663304234187e-01	  -1.1216553683929618e-01	  -1.4972262629018343e-02	   2.7464814527949755e-01	   8.2167778693806509e-02	   2.6447090293641839e-01	   6.1423600206352313e-01	   3.6456680209824543e-01	   4.4725703174076226e-01	   4.3558261306962709e-01	  -2.6287416269723324e-01	
   8.9344234284789015e-01	   0.0000000000000000e+00	   7.8393207343670923e-01	   7.7515198089812043e-01	   5.8044424245954407e-01	   4.1529740100087165e-01	   7.1152398441507958e-01	   7.1175494738063405e-01	   6.0083151775112897e-01	   5.7819475674355614e-01	   7.9480750329715200e-01	   6.0533152879414454e-01	   7.4306025320820535e-01	   7.1190546623571205e-01	   7.5835643556201060e-01	   6.9031608759248220e-01	   8.1019574317072118e-01	   8.1852637275481843e-01	   8.2182476809343619e-01	   7.8636817756662480e-01	   4.8994922162910515e-01	   4.2471680382933152e-01	   6.3107769331909425e-01	   6.2668837691945734e-01	   5.8302478098627897e-01	   5.9110202174392568e-01	   5.6110786236506216e-01	   4.0441034736661780e-01	   7.4260564337596335e-01	   7.4993131963816251e-01	   6.8670205945166274e-01	   6.8222863558335223e-01	   8.3323270550124429e-01	   8.2188356806040797e-01	   6.1983590038579628e-01	   5.5465183621300707e-01	   2.6298046947345932e-01	   2.1408957496037981e-02	   4.8701927484966490e-01	   4.0314001560962165e-01	   3.4783340996019052e-01	   9.9573084303270096e-02	   4.6122446995314104e-01	   4.3902871496601292e-01	   5.9039570744704162e-01	   6.0137230270991315e-01	   5.3089157387649810e-01	   5.8795108577201616e-01	   5.3755166833251300e-01	   5.7160524028201054e-01	   5.9745472610599282e-01	   5.2538998319509522e-01	   4.1184737774796165e-01	   4.0915666187622657e-01	   4.9216655889089589e-01	   6.3109326652746489e-01	   8.6298325259889430e-01	   8.3552474545486488e-01	   7.2820256979548426e-01	   7.4135500834712031e-01	   8.3766991615003794e-01	   8.2306642720715151e-01	   7.9113513059301077e-01	   8.1569317166019006e-01	   5.9435677436029111e-01	   6.0430852879748409e-01	   7.8968573433645028e-01	   7.5469674648389318e-01	   7.4544901863323687e-01	   7.8297490903269784e-01	   4.8439095027131213e-01	   4.1732987325642762e-01	   4.0127876871824064e-01	   5.2450899377192417e-01	   3.9532440489904563e-01	   5.1658745923655180e-01	   3.3587634627542262e-01	   3.2787023742317378e-01	   7.9124695989905636e-01	   8.0964415897705599e-01	   8.3383205292076501e-01	   8.4641971230266211e-01	   7.6247552137919139e-01	   7.4735805003381206e-01	   7.7362598686002704e-01	   7.9368649215930809e-01	   6.0872468074360830e-01	   5.4659282260166575e-01	   6.8610726280829959e-01	   6.2617125526750195e-01	   2.9977188535965382e-01	   2.4441970621592657e-01	   1.1741668076596637e-01	   2.7802272087888752e-01	  -5.3436174747873072e-02	   1.2037909649082124e-01	   2.6135592669043201e-01	   5.1713117071325954e-01	   4.5872677242676496e-01	   3.7852560411217584e-01	   3.1496096053242678e-01	   4.5493242790107230e-01	   2.2000635111342695e-01	   2.4136953689396506e-01	   1.6625228959022495e-01	   2.8933948861275405e-01	  -2.0104427915557704e-01	  -5.1479278746173873e-03	   1.9873852929533853e-01	   8.0933851568479927e-03	   2.1393974381946268e-01	   5.2092640028146542e-01	   2.3719519619862406e-01	   3.2462113352867156e-01	   3.2982784899940798e-01	  -1.5450655277764591e-01	
   8.3043800701954562e-01	   7.8393207343670923e-01	   0.0000000000000000e+00	   8.8373267543866851e-01	   6.2695129202651145e-01	   4.4331782722753044e-01	   9.1043919675757956e-01	   8.1413931116459581e-01	   8.1919243470851622e-01	   7.3565728993152435e-01	   7.4216348612495153e-01	   6.4921131476908234e-01	   8.3415276584740194e-01	   7.3540630481307778e-01	   8.5279269942750890e-01	   7.5908767196951377e-01	   5.8671329045747678e-01	   6.8576614958066495e-01	   8.9632517856102267e-01	   8.5404944033235064e-01	   5.9883397260305515e-01	   5.3205163792402410e-01	   8.6907491349255273e-01	   8.2854006480110498e-01	   7.7391569134864469e-01	   7.4044634755696248e-01	   6.9937652419115603e-01	   4.6734042527012976e-01	   6.4362542153418856e-01	   6.7368819951489312e-01	   8.3594721107257985e-01	   8.0866840484414482e-01	   8.8548988442991239e-01	   8.6208080452397828e-01	   7.8971811513184154e-01	   7.3481794711741921e-01	   4.1490237868535218e-01	   1.1810522101823551e-01	   6.7200166661463845e-01	   5.8417888827140674e-01	   4.3328165667946739e-01	   2.9238467906594223e-01	   5.9826826611798256e-01	   5.9161136296679762e-01	   6.9015308660894525e-01	   6.7805427884381952e-01	   6.0524584124943270e-01	   7.3508784225962853e-01	   6.6515567809067178e-01	   7.4050674232370883e-01	   7.8732007478952493e-01	   7.0292938747017653e-01	   5.0550643945979690e-01	   5.2949021520382955e-01	   6.3583381957575413e-01	   7.6217177706122330e-01	   7.2784107880284554e-01	   6.4855279087987983e-01	   7.8528500568304904e-01	   7.7448103212235464e-01	   7.9573721417583254e-01	   8.0799004809163466e-01	   7.5576230168233649e-01	   7.0151829227365692e-01	   8.4025974704433382e-01	   8.3395991209584774e-01	   8.7809532855358907e-01	   8.5489704192402305e-01	   7.0915123716510786e-01	   7.9261220226490403e-01	   6.7091411926427291e-01	   6.0841320152380018e-01	   5.2653560415528622e-01	   6.5045939156693455e-01	   5.2686183024092426e-01	   5.7504596573815259e-01	   5.9633088941797552e-01	   5.4059547777137640e-01	   5.6338804343334425e-01	   6.7640507008833439e-01	   6.7811967508153548e-01	   7.2159365348949178e-01	   8.3294354905299695e-01	   7.2345391669581005e-01	   8.1298677302408362e-01	   8.6140865052510329e-01	   7.4387952202971397e-01	   6.1890725000355884e-01	   8.2233888853281600e-01	   7.0676291519380752e-01	   5.9896096187732284e-01	   5.8407604503193933e-01	   4.4510148721932985e-01	   6.5411029535211518e-01	   9.5867811561644270e-02	   1.7245763354433352e-01	   3.6945383779840990e-01	   5.6327389226489000e-01	   6.6095607324108274e-01	   6.4262990465123382e-01	   4.8194483239849090e-01	   6.3038386220150588e-01	   4.6263630066921052e-01	   4.3189885578676868e-01	   3.2810435061279969e-01	   5.0821379590980076e-01	   7.6188613560375429e-02	   1.5699289532546312e-01	   1.5079199750170966e-01	   6.2778342541277454e-02	   3.9532575592029506e-01	   6.9604219663393874e-01	   5.3545156349748502e-01	   5.8405849792453690e-01	   5.7623625764775466e-01	  -2.7109512947489905e-01	
   7.8290423618486094e-01	   7.7515198089812043e-01	   8.8373267543866851e-01	   0.0000000000000000e+00	   6.8775820466350579e-01	   6.2910056524788982e-01	   8.2286774460620693e-01	   9.1694115795651299e-01	   7.7594849099745522e-01	   8.4110964816667944e-01	   7.4837622110250546e-01	   6.7692877533708029e-01	   7.5654908800845644e-01	   7.8854596646980568e-01	   8.7005492480185487e-01	   8.5739893382274612e-01	   6.1245953827993760e-01	   6.9634388282105963e-01	   8.5999797968300706e-01	   8.2657775919714094e-01	   5.8306818098128199e-01	   5.7758163393431428e-01	   8.3404187066329194e-01	   8.9514640182258920e-01	   7.6766090031424561e-01	   7.8974795096605244e-01	   6.7748284769603939e-01	   5.2332728203981049e-01	   6.6548131570876645e-01	   7.1625433058629917e-01	   8.6531387120829795e-01	   8.8915034041635654e-01	   8.9015847105080825e-01	   9.1458475119895755e-01	   7.9524677515476494e-01	   7.7292212638861857e-01	   3.1436791034487510e-01	   6.8664060194296495e-02	   6.0786083992570283e-01	   4.7788276799897511e-01	   4.7932698407886820e-01	   2.7741488966434669e-01	   5.9210576616263166e-01	   5.7714715241561376e-01	   6.3735601768609507e-01	   6.6736925471633946e-01	   5.9262557524530379e-01	   6.9137698179258589e-01	   6.0530498938558475e-01	   6.9414563880315927e-01	   7.1266425810383494e-01	   6.4664676181500491e-01	   4.8829709155320034e-01	   5.5078858409917719e-01	   5.9040405518651229e-01	   6.9075823938117464e-01	   6.7955950152309874e-01	   5.8454693960205595e-01	   7.2101683200455713e-01	   6.9538499467012249e-01	   7.7754530879027073e-01	   8.0975439087619527e-01	   6.6085951259929399e-01	   7.0009825560569050e-01	   7.2025825202368909e-01	   7.9100350049480794e-01	   8.3477422182099770e-01	   8.3743914943641196e-01	   6.0385773112649044e-01	   7.4291024863826838e-01	   7.0551674536917730e-01	   6.7385763555378098e-01	   5.9591770157877877e-01	   7.1517251659733505e-01	   5.9032316392723017e-01	   6.0768915310426219e-01	   6.3232117532452525e-01	   5.9254300619403677e-01	   5.6168944942080978e-01	   6.8582390306324936e-01	   6.5520530384133535e-01	   7.2116789039744988e-01	   8.0758428352929257e-01	   7.2701858669954544e-01	   7.2149424942670981e-01	   8.1493840816784568e-01	   6.1211033531751757e-01	   5.4025556142966880e-01	   6.9208701045164434e-01	   5.9875099004660837e-01	   6.1749413617392379e-01	   5.0745949371760957e-01	   4.5492652699529434e-01	   5.3488418418531714e-01	   4.2289784499363359e-04	   1.1781958392274883e-01	   3.0144123432834957e-01	   4.9407630526479279e-01	   6.5275553831741828e-01	   6.1390872014823183e-01	   4.3378946547552322e-01	   5.6704301326529194e-01	   3.8933466071166817e-01	   3.0803906570168327e-01	   2.4214331111607584e-01	   4.1028337284444322e-01	   3.8209050631433726e-02	   1.0683186181940305e-01	   2.1610447649431319e-01	  -1.9156573519985971e-02	   3.1667253685304642e-01	   6.4771929182470467e-01	   4.8461536952106243e-01	   4.8422337821282657e-01	   5.5004826435911292e-01	  -2.8771685327434038e-01	
   5.2034723052476850e-01	   5.8044424245954407e-01	   6.2695129202651145e-01	   6.8775820466350579e-01	   0.0000000000000000e+00	   6.6091912987160484e-01	   4.7515693627261246e-01	   5.4928790278543849e-01	   7.6405880310982410e-01	   6.5974918751195566e-01	   5.6301152952356925e-01	   3.0388827160631127e-01	   4.5483157887730041e-01	   4.9873284289392172e-01	   7.6114714509508263e-01	   6.0992697122296446e-01	   3.8143747616000168e-01	   4.6444180185323225e-01	   5.5622388226612052e-01	   5.1390369270284486e-01	   4.2426818038189806e-01	   3.6547641130236680e-01	   6.6820417347773220e-01	   6.5300421632051198e-01	   4.9495251517338346e-01	   5.4863324457302931e-01	   6.7587271017623918e-01	   6.7396842567100312e-01	   4.8815885013576527e-01	   3.7925419228234514e-01	   5.4766271918821663e-01	   5.6158928707128397e-01	   5.6235614997596595e-01	   5.7165504442646198e-01	   4.9144016153375225e-01	   3.9785452325146220e-01	   2.3981714309935104e-01	  -1.2250828992154299e-01	   5.0156992809232870e-01	   2.1709871458102906e-01	   3.2579634509580840e-01	   1.4995006991880899e-01	   1.7070783792054914e-01	   1.9071317220579342e-01	   3.2781388018720503e-01	   3.1833392498520752e-01	   1.9137592637676326e-01	   3.2784117135548518e-01	   2.9445026817941089e-01	   3.9697048741349716e-01	   4.1383885410682297e-01	   3.2771929801420557e-01	   5.4896616413124294e-02	   1.7504972381262418e-01	   9.5123807666121135e-02	   4.1186821886968128e-01	   4.2965365999336469e-01	   4.2182333755565932e-01	   4.6085630578691084e-01	   4.5334680150242940e-01	   5.8553460099028642e-01	   5.4697686013894897e-01	   3.4365990293119109e-01	   5.8223469917029180e-01	   6.0355138664797969e-01	   4.3719826738246859e-01	   5.3267096954681947e-01	   4.8974224575258973e-01	   4.3845503760753202e-01	   4.7829202315237473e-01	   3.5572114778701480e-01	   3.0627132495357784e-01	   2.9311229831161784e-01	   4.2285946030725574e-01	   2.9492490403318783e-01	   3.9541455213261822e-01	   3.1418989510156120e-01	   2.4173431042856905e-01	   3.8736031552759531e-01	   3.9116470499953337e-01	   4.1371129778495919e-01	   4.8658717932233686e-01	   5.6108106090979193e-01	   4.1588418935476967e-01	   5.5315350830322740e-01	   5.8249386555440896e-01	   3.5715920210258967e-01	   4.4062268969034329e-01	   4.9841053785346734e-01	   4.8983753708317546e-01	   2.0750876377632627e-01	   2.8564167397596707e-01	   1.5755980018897275e-02	   3.4569144739048741e-01	  -1.9382677339355121e-02	   2.4044508944680815e-02	   1.2097812708059845e-01	   3.4544664993405472e-01	   2.5308233905746824e-01	   2.9722071698747005e-01	  -3.2116144780398370e-02	   3.3278196174912000e-01	  -8.6959389321681971e-02	  -1.4240968215665039e-02	  -1.0463237218361642e-01	   8.1301175595327707e-02	  -6.1803440481321317e-02	  -1.5220118320364733e-02	   2.4593115158954110e-01	  -1.0592277885246160e-01	   6.3883326860740289e-02	   3.2800783468292466e-01	   1.9002807573225389e-01	   1.8106763866241116e-01	   1.6437504765932537e-01	  -2.3791121516048047e-01	
   4.1037407486863198e-01	   4.1529740100087165e-01	   4.4331782722753044e-01	   6.2910056524788982e-01	   6.6091912987160484e-01	   0.0000000000000000e+00	   3.6871819701318753e-01	   5.7481608069743717e-01	   5.3115627192823300e-01	   6.3671156873602752e-01	   4.4999540948976957e-01	   3.2199140790606684e-01	   3.5052363264134834e-01	   4.9675079484094120e-01	   5.9476909838980974e-01	   6.2191285349949810e-01	   3.5360898004353786e-01	   4.2509453930820329e-01	   4.3692504258522213e-01	   4.0476769521166689e-01	   1.6466313457747828e-01	   2.5010550279406374e-01	   4.1404199188224000e-01	   4.9775331781290039e-01	   5.6594348226921354e-01	   6.6494900454545847e-01	   3.7611123855209239e-01	   5.9767853858528897e-01	   4.5633858640476754e-01	   4.5777612728989159e-01	   4.8750875162856699e-01	   5.2792670417607412e-01	   5.0126016543036189e-01	   5.5604527433986339e-01	   4.0231390282693630e-01	   4.6441157460361826e-01	   1.2814965024351849e-01	  -1.2183315602803806e-01	   3.0970610363559209e-01	   1.4590577179319641e-01	   4.1072587845190534e-01	   2.2331313475449965e-01	   3.3502091983785209e-01	   3.5187152469002403e-01	   3.6658217875821408e-01	   3.7742116285609539e-01	   3.4277619906934470e-01	   4.4105568542643558e-01	   4.1233423195237540e-01	   4.5529332048179250e-01	   3.9774203258593965e-01	   4.1198981613075952e-01	   1.8846257416665277e-01	   4.0344904397995396e-01	   2.2660844877814379e-01	   3.9462585602965694e-01	   3.0515150035546429e-01	   2.4686115815989562e-01	   3.8892563908700917e-01	   3.6123569005314499e-01	   4.2555590107266150e-01	   4.3880207631782620e-01	   1.7445400605919070e-01	   5.2432523010195542e-01	   3.2850191936302359e-01	   3.1688628056606893e-01	   4.2945447753393540e-01	   4.4836039099909475e-01	   2.4410249091130778e-01	   3.3923754007121831e-01	   2.9128664501920409e-01	   3.3298583333939813e-01	   3.4987960130160600e-01	   4.4890448533105437e-01	   3.5186018128436514e-01	   3.9317745281497252e-01	   4.0835783058973618e-01	   3.8572846304184405e-01	   3.8968620522358505e-01	   3.1529623857840039e-01	   3.0894615430413497e-01	   3.4984203680234160e-01	   4.2721859711591803e-01	   4.4085763090476537e-01	   2.5413260017932648e-01	   3.8721493564585485e-01	   5.9740601367428744e-02	   1.8750340833031237e-01	   2.5743122620440828e-01	   3.4597265184555759e-01	   3.9660670033503709e-01	   2.9817734601668439e-01	   2.0813979264083912e-01	   2.0078841413676976e-01	   2.7060061629446252e-03	   6.0511261262156446e-02	   1.1003500728406772e-01	   2.8622132649751530e-01	   4.1792926530657948e-01	   3.9793513969783773e-01	   8.9660585571389687e-02	   2.0459991224391885e-01	   1.2371801641843769e-01	  -1.0439513738900330e-01	   8.1407809983286422e-02	   7.1534698450384016e-02	  -2.6282658529486698e-02	  -2.6503893231488274e-02	   2.7276007145770353e-01	  -9.1866132296236094e-02	   1.1039085086381606e-01	   3.6138964080516900e-01	   2.8501696704279950e-01	   1.2456884549067110e-01	   2.3954937639118745e-01	  -9.9175358113971213e-02	
   8.0868012691347868e-01	   7.1152398441507958e-01	   9.1043919675757956e-01	   8.2286774460620693e-01	   4.7515693627261246e-01	   3.6871819701318753e-01	   0.0000000000000000e+00	   8.7162900369066598e-01	   7.5833942264854359e-01	   6.6346489746680359e-01	   7.0543659779572820e-01	   7.9427861859277549e-01	   8.5887110453674909e-01	   7.8401043320388819e-01	   7.5874346339803123e-01	   6.6383839948223999e-01	   4.7591381117975012e-01	   6.0136405275977745e-01	   8.3424919637433526e-01	   8.0759846213998587e-01	   4.8545126288330065e-01	   4.2195518969460605e-01	   6.9602026283278551e-01	   7.0059437814989800e-01	   6.5170944433242239e-01	   6.5591261333126993e-01	   5.1035442626689054e-01	   3.4622161256177963e-01	   6.0574559445191067e-01	   6.4153681775024229e-01	   7.6909247876386799e-01	   7.7410204323008536e-01	   8.3158426842813249e-01	   8.3715981742033252e-01	   7.2404646698030384e-01	   7.2827258303168718e-01	   3.8464798025259772e-01	   2.0904754472455711e-01	   6.6291458338305598e-01	   6.6315189697199062e-01	   4.2026458743409323e-01	   3.0789404613171284e-01	   6.8838520398823255e-01	   6.8166399799835398e-01	   7.2037024544099915e-01	   7.4468489478692523e-01	   6.7210123388430487e-01	   7.6926072290068936e-01	   7.0467515919827517e-01	   7.9148190757137615e-01	   7.8340277933541458e-01	   7.5842403180261497e-01	   5.6127834999816628e-01	   5.6331235653021383e-01	   6.4824219236270131e-01	   7.6615874647216420e-01	   6.3324455810895564e-01	   5.1439134468519510e-01	   8.0182771004001774e-01	   7.6896859870512979e-01	   7.9775598447100138e-01	   7.9801679164858630e-01	   7.7551330934700657e-01	   6.2659325158896473e-01	   7.6394116633358766e-01	   7.8825037211655036e-01	   8.4189501886921048e-01	   8.4627504077054172e-01	   5.6119884907616557e-01	   6.8224770901735354e-01	   7.0111220751701853e-01	   6.5081201337127959e-01	   6.3611626890895867e-01	   6.7917473467714995e-01	   5.9404811971347893e-01	   6.4082661098724136e-01	   6.9250563126448694e-01	   6.7151630101947224e-01	   4.4289131658946523e-01	   5.7868224259041900e-01	   5.3833784128578510e-01	   6.0438891319458199e-01	   7.4612980664582751e-01	   6.4547575577890459e-01	   6.6190501050718009e-01	   7.9523852429868369e-01	   5.9114640416605180e-01	   5.6672990578643379e-01	   6.8807365675739396e-01	   6.1178761167738882e-01	   6.9918750569443167e-01	   6.1676815730348911e-01	   5.4649861850071613e-01	   6.2649406396087781e-01	   1.3217904293380819e-01	   2.6253559998470100e-01	   3.8190965076749495e-01	   6.2910266934535408e-01	   7.3358066529104915e-01	   7.5895693206556047e-01	   5.5072839166044807e-01	   6.8693262246386899e-01	   5.4387176434908835e-01	   5.6174725025726757e-01	   3.9431021464054788e-01	   5.6341454910383093e-01	   1.1704975942657100e-01	   1.9822999088042298e-01	   2.0735852011380634e-01	   1.3207238821573858e-01	   4.5200702066623466e-01	   7.6433051957583986e-01	   6.5016134840116813e-01	   6.3548584277335374e-01	   6.7265222200297625e-01	  -2.7833973503012494e-01	
   7.6180540881237313e-01	   7.1175494738063405e-01	   8.1413931116459581e-01	   9.1694115795651299e-01	   5.4928790278543849e-01	   5.7481608069743717e-01	   8.7162900369066598e-01	   0.0000000000000000e+00	   7.1319901077697323e-01	   7.6677283171739141e-01	   7.6174241470289061e-01	   8.3436906998445104e-01	   7.7053741751226179e-01	   8.5704080055306653e-01	   8.0806477084949657e-01	   8.1262658048989955e-01	   5.7636489220190379e-01	   6.6982956305415797e-01	   8.3231815187853875e-01	   8.1437428899401954e-01	   4.6544060730986259e-01	   4.9907459522895942e-01	   6.6666873893855561e-01	   7.3192360953318758e-01	   6.8760663475128947e-01	   6.9040383395761351e-01	   5.4059663981008899e-01	   3.9807915008508216e-01	   6.6669033338644923e-01	   7.0068058909011022e-01	   7.8224056673787201e-01	   8.3311406180217229e-01	   8.3234311818626294e-01	   8.7947257723365069e-01	   7.1739316656862029e-01	   7.1530444658510761e-01	   3.4602967030518439e-01	   1.6898087363120623e-01	   6.3779227620241841e-01	   5.4498737782046369e-01	   5.2328337727214591e-01	   3.3434319892444231e-01	   6.6513165368011629e-01	   6.5898395632789697e-01	   6.7211033655972419e-01	   7.1070526956061175e-01	   6.5640314198710281e-01	   7.3416698602384212e-01	   6.3864855833538137e-01	   7.1895919658252627e-01	   6.9343256036759571e-01	   6.6620622181780809e-01	   4.9579314802158791e-01	   5.4887187111788416e-01	   5.9105543714539277e-01	   6.7489446336639691e-01	   6.1276034574504723e-01	   4.7596378300714837e-01	   7.6028107493503250e-01	   7.1311299427158015e-01	   8.0160081828433516e-01	   8.1393283390418225e-01	   6.6398402763317244e-01	   6.6376927003974906e-01	   6.6999338661279495e-01	   7.4206881470275809e-01	   8.1302133311268610e-01	   8.3001726429354439e-01	   5.2396296369539774e-01	   6.9158877806883490e-01	   6.9224788802466408e-01	   7.0672246665211302e-01	   6.3512857755610630e-01	   7.2067661917868009e-01	   6.2040851388031271e-01	   6.5421748433895777e-01	   6.6809327164650723e-01	   6.5817627557660674e-01	   4.8773616749184701e-01	   6.2547254229650628e-01	   5.7523077016863988e-01	   6.4959139340899064e-01	   7.9161980476066518e-01	   6.9733293817530284e-01	   6.1681205801627914e-01	   7.7654036470660670e-01	   5.4471445837738841e-01	   4.7050127274103393e-01	   6.5841772983245672e-01	   5.5552804738024086e-01	   6.8808122822754614e-01	   5.7386011893405775e-01	   5.4159624938155337e-01	   5.4118134231746273e-01	   1.1853567418187130e-01	   1.9292069487312524e-01	   3.8942839095254045e-01	   5.5169853044302020e-01	   7.2426831477076647e-01	   7.1907886160444678e-01	   5.3033261308564772e-01	   6.6039951755814430e-01	   4.6922328380088307e-01	   4.3045346323641104e-01	   3.4433990556081440e-01	   4.7451685591860149e-01	   1.1923931948263386e-01	   1.6601113767251041e-01	   2.7466919587843514e-01	   7.9941825034994918e-02	   4.0599392756048891e-01	   7.3258288962815221e-01	   5.7633571287084739e-01	   5.0388995651734214e-01	   5.7504721990869290e-01	  -2.4652452988655926e-01	
   6.2762131123924703e-01	   6.0083151775112897e-01	   8.1919243470851622e-01	   7.7594849099745522e-01	   7.6405880310982410e-01	   5.3115627192823300e-01	   7.5833942264854359e-01	   7.1319901077697323e-01	   0.0000000000000000e+00	   8.0237264456097579e-01	   5.7521290984837170e-01	   5.2971553726693688e-01	   6.6427978985844949e-01	   5.9608351795286130e-01	   8.1171758152156848e-01	   6.8365381554282489e-01	   3.6931909494257720e-01	   4.7571838561466467e-01	   7.0525528940429916e-01	   6.7951346843418736e-01	   4.7157647142688741e-01	   3.9520098535634268e-01	   7.8702327867954058e-01	   7.4723425845881775e-01	   6.0020964179909908e-01	   6.5231748041900994e-01	   6.4639280677072297e-01	   5.4605919788278712e-01	   5.0962016817060429e-01	   5.1214797243106713e-01	   6.9789229625895777e-01	   6.8746830497387057e-01	   7.0076483734539630e-01	   7.0911175932735504e-01	   6.1303994067832668e-01	   5.6881632162253459e-01	   3.3937786587283436e-01	   6.1515901563515392e-02	   6.1422815870068215e-01	   5.0335992523335604e-01	   3.7817645632906449e-01	   2.8164266255199827e-01	   3.6255681525458161e-01	   3.8528738106008564e-01	   4.9162284915177046e-01	   4.9468100780337476e-01	   3.9993829938628533e-01	   5.3150298773789151e-01	   4.5213985728320127e-01	   5.7315840131189610e-01	   5.7428153755308631e-01	   4.9736885971703526e-01	   2.7033092644605206e-01	   3.4040701186196753e-01	   3.5874466526438958e-01	   5.7449233990879689e-01	   5.1349742281436095e-01	   4.2857146812293645e-01	   6.0763266673783467e-01	   5.9749762810970908e-01	   6.6965510929063898e-01	   6.7928610156193059e-01	   5.3482567168331741e-01	   5.9747602818505308e-01	   7.6773210356668431e-01	   7.0071421204234641e-01	   6.6231720715824860e-01	   6.2462052325230444e-01	   5.1679493827999567e-01	   5.9887292114325485e-01	   5.6663684946979231e-01	   5.0551165507309970e-01	   4.2646044700212760e-01	   5.4313941746258321e-01	   3.6891365526758629e-01	   5.1893100217945198e-01	   4.6459658877240662e-01	   4.2160025368153409e-01	   3.8659203118430502e-01	   4.5225403745600895e-01	   4.7171148188915846e-01	   5.3943669915956605e-01	   6.6543801377183687e-01	   5.4774880923949998e-01	   6.8107328066189743e-01	   7.1451040168498692e-01	   5.2585855025421879e-01	   4.9703594296426906e-01	   6.6389640085739243e-01	   6.0641978068348468e-01	   4.9710335652518606e-01	   5.0812076263081141e-01	   3.6516214818301551e-01	   5.7897410650081238e-01	   2.1292062367256298e-01	   2.5418873753876858e-01	   3.4486524126284174e-01	   5.0879261771011941e-01	   5.2570285006283868e-01	   5.4292185629118384e-01	   2.8684738926840703e-01	   5.0695664735897061e-01	   2.8671473992758545e-01	   2.5685053510184047e-01	   2.4591796699739332e-01	   3.7956910047760734e-01	   1.1681506918146188e-01	   1.2818052455764434e-01	   2.4944163193005073e-01	   1.4577456545546075e-01	   2.9145992468433046e-01	   5.8789673397150932e-01	   4.7541357012679974e-01	   5.0444840749310682e-01	   4.8931407048822256e-01	  -2.7855588666123920e-01	
   6.0360091031217800e-01	   5.7819475674355614e-01	   7.3565728993152435e-01	   8.4110964816667944e-01	   6.5974918751195566e-01	   6.3671156873602752e-01	   6.6346489746680359e-01	   7.6677283171739141e-01	   8.0237264456097579e-01	   0.0000000000000000e+00	   5.6805423382733744e-01	   5.0704430555219671e-01	   5.6969926475132671e-01	   5.7866704958080306e-01	   7.5348067232737170e-01	   8.0405093478973100e-01	   4.3546418284137484e-01	   4.6214574431865818e-01	   6.4139833518055800e-01	   5.8551744225372382e-01	   5.1837974786801555e-01	   4.8599388594192466e-01	   7.2983352613723984e-01	   8.1209243128403952e-01	   7.2356869906983690e-01	   7.7194707086560033e-01	   7.0197252884286498e-01	   5.5473925479345643e-01	   5.0065961620287647e-01	   5.4509698617522695e-01	   7.3308163914391167e-01	   7.5710808818183473e-01	   6.9428900767609070e-01	   7.4301828666376446e-01	   5.9576163183936726e-01	   6.0828559422590134e-01	   2.3427503853571646e-01	  -1.3007401450909452e-03	   4.6927319915567339e-01	   3.8888300343471921e-01	   3.5547322043862295e-01	   2.0567566204696619e-01	   4.4879907214052983e-01	   4.1292546367609007e-01	   5.0273439995900926e-01	   5.5281495368828026e-01	   4.8869610508125705e-01	   5.3651610995305621e-01	   4.4150712610184850e-01	   5.8314430524662386e-01	   5.8136391121041298e-01	   5.2193016882346632e-01	   3.5258287463165267e-01	   4.4217393483048700e-01	   4.8452288871202498e-01	   5.5006790397211058e-01	   5.2089733903146951e-01	   4.0940083551454387e-01	   5.8497408458033062e-01	   5.8906483667502785e-01	   6.4860975294603218e-01	   7.0458696890712891e-01	   4.6081529526870546e-01	   5.6471133044079669e-01	   6.3521347666688710e-01	   7.9721561563673027e-01	   6.5233473599238212e-01	   6.5036299050607604e-01	   4.7174798363906395e-01	   5.3741025357871541e-01	   5.5064150407835555e-01	   4.9878008835024112e-01	   4.2709196841264785e-01	   5.6684077314006376e-01	   4.2800223712158469e-01	   4.6503663292691511e-01	   4.4466425673016707e-01	   3.9339400461897489e-01	   4.7336335743064500e-01	   4.9075261290872524e-01	   5.3170147989853667e-01	   6.1682349488002608e-01	   6.5945497516898643e-01	   6.2639951692194262e-01	   6.8314952578455823e-01	   7.2356429267960820e-01	   5.4781777929596864e-01	   4.6721633156869397e-01	   6.0819629027795552e-01	   4.9753551424235964e-01	   4.9413215249809567e-01	   3.8250992516189142e-01	   3.8039163105722323e-01	   3.7774241500107864e-01	   7.0558431841231187e-02	   2.1977756257925357e-01	   2.6494367951455861e-01	   4.3836365471245387e-01	   5.3093909695078778e-01	   4.6204695417205505e-01	   3.7235220497061222e-01	   3.6525232954952991e-01	   3.2961912522455189e-01	   1.4857670589824529e-01	   2.1222278381017437e-01	   2.4045860908117211e-01	  -6.2749532823556567e-02	  -6.7485870941683783e-03	   2.5360853929871940e-01	   4.2264893592242121e-02	   1.7758690968524299e-01	   4.8706925307610255e-01	   3.5528731515327816e-01	   4.0748873485065484e-01	   4.4854563396844616e-01	  -2.7136390540865135e-01	
   8.6763424754858376e-01	   7.9480750329715200e-01	   7.4216348612495153e-01	   7.4837622110250546e-01	   5.6301152952356925e-01	   4.4999540948976957e-01	   7.0543659779572820e-01	   7.6174241470289061e-01	   5.7521290984837170e-01	   5.6805423382733744e-01	   0.0000000000000000e+00	   7.0583423371121712e-01	   8.2270313946603180e-01	   8.3167306294632981e-01	   8.3853475203955496e-01	   7.6843925441701622e-01	   7.4475726938397679e-01	   8.1561324221972198e-01	   8.1337798684587037e-01	   7.8960099051338162e-01	   4.2616912304672494e-01	   4.1771464738801634e-01	   6.0672883318439153e-01	   5.9971280446167485e-01	   5.8967117012453363e-01	   5.5468236200816357e-01	   4.7002364199520186e-01	   2.9234271372605697e-01	   8.5015948243159145e-01	   7.9923831403981249e-01	   6.7247964893284606e-01	   7.2679624259074227e-01	   7.9757177140580349e-01	   8.2216335723739320e-01	   6.2841650487317136e-01	   5.9556344555604901e-01	   3.0401362974736051e-01	   5.7625587887706192e-02	   5.9281099233733070e-01	   4.0060321313641523e-01	   4.9580596197954363e-01	   2.5292795777866850e-01	   4.7378870071673407e-01	   4.5065689802928655e-01	   5.4080025944376831e-01	   5.1613306170880013e-01	   5.0692338060086017e-01	   5.5465067924238065e-01	   4.8256501147785025e-01	   4.9591078433263941e-01	   5.7475257575597527e-01	   4.6501049110864162e-01	   3.6447459529352388e-01	   4.3728958528452788e-01	   4.3813823242618699e-01	   6.1463667748914286e-01	   7.0128161056015426e-01	   6.2159154301000896e-01	   6.7682703937842703e-01	   6.2574267512610660e-01	   7.9462255237658930e-01	   8.0261863756741314e-01	   7.1735086570827244e-01	   7.7651534860761395e-01	   5.6878847461476512e-01	   5.6170113515632447e-01	   7.0394743530907078e-01	   6.7330274078880170e-01	   5.7700344154021976e-01	   6.6095871677248363e-01	   5.4602845456882676e-01	   5.4631037974825913e-01	   5.3826941834435260e-01	   6.6686007602814756e-01	   5.5293030377805163e-01	   6.1496661597395263e-01	   5.0801702957494810e-01	   5.0063350513347449e-01	   6.4316233034554615e-01	   7.6500718058599004e-01	   7.0785268398498613e-01	   7.3371556140350924e-01	   7.6089666600475736e-01	   7.1737840464438363e-01	   6.6477550933038942e-01	   7.0217986439676017e-01	   5.6173508485555645e-01	   4.1219106505616915e-01	   6.2990907784335737e-01	   5.8725330008325849e-01	   3.9080402774339251e-01	   2.9638616453314137e-01	   1.8218590997786535e-01	   3.4748512798034559e-01	   8.4895278476854408e-02	   1.7159060728119210e-01	   3.0089254701083584e-01	   5.2122736192969898e-01	   4.9356791692996405e-01	   5.1621324601370688e-01	   3.8384285397192430e-01	   5.8630516226606133e-01	   3.2691063536423587e-01	   3.5535615192523928e-01	   1.5003544394373480e-01	   2.6591767825521229e-01	  -5.6453226954516468e-02	  -5.0786511699156628e-02	   2.5956294957847520e-01	   1.9976233320410007e-02	   2.2070590848673771e-01	   5.9249572027293496e-01	   3.3342839224533150e-01	   3.8448221818812633e-01	   3.6488577536654576e-01	  -2.3116132853135152e-01	
   7.0426549740012734e-01	   6.0533152879414454e-01	   6.4921131476908234e-01	   6.7692877533708029e-01	   3.0388827160631127e-01	   3.2199140790606684e-01	   7.9427861859277549e-01	   8.3436906998445104e-01	   5.2971553726693688e-01	   5.0704430555219671e-01	   7.0583423371121712e-01	   0.0000000000000000e+00	   7.5853279826227027e-01	   8.3480149998114284e-01	   6.5211505281830329e-01	   6.1031634752133446e-01	   5.1931407243543581e-01	   5.8435613469485714e-01	   7.4034372961844519e-01	   7.4309354453849030e-01	   3.3553556393328815e-01	   3.3237094205282336e-01	   4.9924778202991055e-01	   5.1622827772350899e-01	   5.0953332408556262e-01	   4.8913317360530595e-01	   3.1819173991175920e-01	   2.7162436399918199e-01	   6.6161751171822036e-01	   6.7321753670453521e-01	   6.3489249921958879e-01	   6.9270763755464015e-01	   6.9669672938073657e-01	   7.3767986388263640e-01	   5.5275835506894788e-01	   5.9182822478097985e-01	   2.9230242417561320e-01	   2.7971239037663059e-01	   5.6792750478505627e-01	   5.3013270265310020e-01	   4.7755042351800459e-01	   3.1174556016012167e-01	   6.6187294260145646e-01	   6.6262371551713772e-01	   6.0644510373337057e-01	   6.2685049996830489e-01	   6.4885198654429244e-01	   6.8197433440989741e-01	   6.0535758022076969e-01	   6.2204161747381792e-01	   6.6696505440150378e-01	   6.2503399109936253e-01	   5.2931396338854309e-01	   5.3977860931594224e-01	   5.4537735292506717e-01	   6.3412547369918548e-01	   5.0159358575243818e-01	   3.5137262608175779e-01	   7.5366241470248074e-01	   6.3537934704856602e-01	   7.0483500225714635e-01	   6.7168500349906357e-01	   6.6695449225462333e-01	   4.8405604724337115e-01	   4.7312458269518176e-01	   5.5122459823011438e-01	   6.8965723386318700e-01	   6.8808666090618043e-01	   4.2681804108856158e-01	   5.7934187648251956e-01	   6.4057763127668155e-01	   7.1175521205408565e-01	   6.5423226696785863e-01	   7.0489695949866615e-01	   6.1084894808607726e-01	   6.9793718679378569e-01	   6.7270698425292963e-01	   7.0209547598865774e-01	   3.7843986594716228e-01	   5.5779478300031615e-01	   4.6500661319863879e-01	   5.0763229657023934e-01	   6.9499328928847182e-01	   6.3213419725709996e-01	   4.8065875815702858e-01	   6.5127509869464406e-01	   4.2793156593529413e-01	   4.2011417915202898e-01	   5.7797958539582650e-01	   4.4854345108195487e-01	   6.5632983598205730e-01	   5.3231060509281480e-01	   5.2218619039294423e-01	   4.7796748591847560e-01	   2.4834186452805979e-01	   2.9191625413518751e-01	   4.6093647922211234e-01	   5.5062938080695145e-01	   6.7927198153907398e-01	   7.3336767283616733e-01	   5.1464176797336703e-01	   5.9320512051895025e-01	   4.5649913451211044e-01	   5.1908947616839107e-01	   4.3172482212684210e-01	   5.0317183506953378e-01	   1.5478523475864112e-01	   1.7801690686607974e-01	   2.7629795700617782e-01	   1.8729086054623822e-01	   4.6560433527059303e-01	   7.3839143291601717e-01	   5.7490197471082571e-01	   4.6749445862423766e-01	   5.4551185050392847e-01	  -2.1620152775733023e-01	
   8.7348856722391044e-01	   7.4306025320820535e-01	   8.3415276584740194e-01	   7.5654908800845644e-01	   4.5483157887730041e-01	   3.5052363264134834e-01	   8.5887110453674909e-01	   7.7053741751226179e-01	   6.6427978985844949e-01	   5.6969926475132671e-01	   8.2270313946603180e-01	   7.5853279826227027e-01	   0.0000000000000000e+00	   8.4905702154506346e-01	   8.1936002867765212e-01	   7.0754866377479408e-01	   5.8595368702630957e-01	   6.6467682667227934e-01	   8.1199537365997898e-01	   8.0733496831213947e-01	   4.7942647754383860e-01	   3.9091510433589038e-01	   7.0437244734505400e-01	   6.5926063098087706e-01	   6.0031021424417397e-01	   5.6487114873549149e-01	   4.5484885648343798e-01	   2.4835745376618806e-01	   7.5902345886061329e-01	   7.4810028503113846e-01	   7.3436278053402693e-01	   7.7209706354253882e-01	   8.2127930085283551e-01	   8.2031113967028868e-01	   6.7996136187934764e-01	   6.7575097265981809e-01	   4.1242077776601305e-01	   2.2693449935998378e-01	   6.6136552869272758e-01	   5.6890403943911394e-01	   5.0385573837280329e-01	   3.1666670348129444e-01	   6.3285331838962977e-01	   6.1831830411376920e-01	   6.4089703253272301e-01	   6.2355373754987342e-01	   6.2124540788228055e-01	   6.8771840753728863e-01	   6.4224980003019494e-01	   6.6577498019606440e-01	   7.4348365207548939e-01	   6.5811596480221723e-01	   5.3098986361484546e-01	   5.5591336186235563e-01	   5.7216807623516019e-01	   7.7487466785163484e-01	   6.8799852443368148e-01	   5.7420398993165900e-01	   7.4576053730417924e-01	   7.0684551776611693e-01	   7.6452339481581222e-01	   7.9620473520120127e-01	   7.7531647943297211e-01	   6.6494773516761518e-01	   6.5756536041990488e-01	   7.0544193684771961e-01	   7.5872896100111520e-01	   7.5193890900573956e-01	   5.3646155808686347e-01	   6.5634674028162421e-01	   6.7435139633853391e-01	   6.1151286235400737e-01	   6.5976630415978366e-01	   6.6655777579035946e-01	   6.1853539354575449e-01	   6.6958010794321099e-01	   6.6500246860723622e-01	   6.3283393347767525e-01	   5.8753071913247223e-01	   6.7006297047154062e-01	   6.2947183893692848e-01	   6.2128532356261545e-01	   7.5680045684950281e-01	   6.8857292696934813e-01	   6.6775295294539305e-01	   7.6010385743437370e-01	   6.2438977597423206e-01	   5.4318016965763838e-01	   6.7659518431302823e-01	   6.3234065451464838e-01	   5.8151946216613659e-01	   4.8606967797392303e-01	   4.0883152117436883e-01	   5.3032840201050513e-01	   9.2368827084832517e-02	   2.0531890849177167e-01	   2.9164688041138076e-01	   6.1397634562447767e-01	   6.2630824706961685e-01	   6.8773504538083241e-01	   4.2442140413081042e-01	   6.3676246394322411e-01	   4.3096765265344195e-01	   4.9622923569195804e-01	   3.2863757295308549e-01	   4.3894313764109050e-01	   3.4295488220149224e-02	   1.1958119061321090e-01	   2.5522405071817422e-01	   1.1312969472822376e-01	   3.3691212181339436e-01	   7.2664300023754458e-01	   5.7236539766553918e-01	   5.3048408944277536e-01	   5.8142860299251464e-01	  -3.0006994857779978e-01	
