   0.0000000000000000e+00	   7.5421121302652827e-01	   3.9261189916623213e-01	   3.3018759240792811e-01	   3.5000146535292032e-01	   2.3026699091664904e-01	   3.5730295813462881e-01	   3.6143407694085755e-01	   3.6629798466972396e-01	   2.6590314737467330e-01	   7.5520666828918426e-01	   5.1952287300147670e-01	   6.4786027049923778e-01	   5.8599963190499227e-01	   5.8366060641886042e-01	   3.6730170820939734e-01	   4.1409755249556196e-01	   5.0099858500688610e-01	   7.2212067642288347e-01	   5.8547008595696248e-01	   2.2355789462728015e-01	   2.6600647650169473e-01	   3.4427641312158319e-01	   2.1725842727009820e-01	   1.6093420053388802e-01	   5.4650395753106054e-02	   3.9720966896108562e-01	   2.3326525876925369e-01	   2.7280915231086489e-01	   1.8670340846072012e-01	   4.2661132666473617e-02	   1.0829958560971013e-02	   3.2218895763711364e-01	   2.6613975510469479e-01	   2.2264046890557893e-01	   2.0474399651889411e-01	   3.3450020976101219e-01	   2.9956352245130796e-01	   5.4552338870069073e-01	   3.4030753982492701e-01	   3.8694475095283998e-01	   4.2701119193368864e-01	   5.8068283160751388e-01	   4.9715017617990537e-01	   2.8009381735358341e-01	   1.9616787919344941e-01	   5.6677754156689486e-01	   5.0776690044893447e-01	   3.8067727951181074e-01	   4.3236251480521926e-01	   4.9403863909441781e-01	   4.4598246276070375e-01	   5.7356036396758214e-01	   6.1581032632238253e-01	   5.5521873174950143e-01	   5.7920518074337535e-01	   6.9855012584241649e-01	   6.5236968133604489e-01	   6.1849095796081455e-01	   5.8698763103654272e-01	   3.7036061715182789e-01	   2.5186761570546545e-01	   3.0885045707457859e-01	   3.1478610147997232e-01	   2.2944661086199622e-01	   5.1798491543885432e-02	   3.2456513320768760e-01	   2.2107642894457025e-01	   6.5845524136715916e-01	   5.6577203930067177e-01	   3.0952591007102198e-01	   4.2976241574468121e-01	   2.8469465098133295e-01	   3.8104068699117910e-01	   2.4325913021480941e-01	   8.0053409573803150e-02	   4.1613231003271139e-01	   3.3301604908202220e-01	   3.2877481406164644e-01	   4.0908557652238442e-01	   4.1626950936046259e-01	   5.9365141893724682e-01	   4.8731269284830009e-01	   4.7616162014984775e-01	   3.2348588592217986e-01	   2.9609062854150237e-01	   3.2122855900406372e-01	   2.9215315782608930e-01	   5.4293056706252507e-01	   6.8122419164937820e-01	   4.8622601779321362e-01	   5.3785303873572121e-01	   3.3300577064487186e-01	   2.4265787101529190e-01	  -6.7233312354196842e-02	   1.3888343947750142e-01	   7.1412342952967792e-02	   1.5434501340871360e-02	   3.0439503348712288e-01	   4.5565648581062668e-01	   3.8700565055846581e-01	   2.8780608678919284e-01	   1.7377962612586362e-01	   1.4503056379404275e-01	   2.3326362792737360e-03	  -1.7265410156908401e-01	   1.5180652561990168e-01	   3.1991560780787361e-02	  -8.4159235691021933e-02	  -1.1415281093463317e-01	  -9.0748605967809884e-02	   1.3140752421038870e-01	   1.5785758300724589e-01	   4.5383401029307699e-02	  -1.3245974905936320e-01	  -6.1496530102285563e-02	
   7.5421121302652827e-01	   0.0000000000000000e+00	   3.4396443524913922e-01	   2.5852505207055915e-01	   2.3533828351561803e-01	   6.1399925442294695e-02	   1.6111601911099344e-01	   1.0379405843495175e-01	   6.3658621834168080e-02	   8.8023202386088489e-02	   5.0932455876437355e-01	   5.3311427744887685e-01	   3.5386240617196019e-01	   5.0266972846268521e-01	   3.8024904791783376e-01	   2.3592515823837823e-01	   5.0107275066481627e-01	   5.4068000706763664e-01	   6.9334549781628796e-01	   6.4916158444688865e-01	   2.9361562741821801e-01	   3.0395587427033888e-01	   3.1050665321942350e-01	   1.5985755098242471e-01	   1.8113053603935531e-01	   2.3671998943449908e-02	   3.2229664434535171e-01	   1.4514007979169583e-01	   3.2197775743026236e-01	   2.5373034287018348e-01	   1.7744735322485400e-01	   4.7578451816301826e-02	   1.8925952190197645e-01	   1.5526035544366321e-01	   2.2421134172236104e-01	   2.2106602784896257e-01	   4.1606664778317348e-01	   4.3754739863440933e-01	   4.9741933583340292e-01	   5.0602808284509959e-01	   2.9212879800165248e-01	   4.8693746532902549e-01	   4.3440589379824074e-01	   5.0758005932908978e-01	   4.2665499243762389e-01	   3.8508980196276410e-01	   4.8340655487106376e-01	   4.3190827522541442e-01	   4.6113293433317315e-01	   5.1628126914271710e-01	   4.3218057135586618e-01	   4.8024564561939953e-01	   3.5852274244686266e-01	   4.9753250920276415e-01	   4.9144360879552562e-01	   6.1438800411908134e-01	   7.0825701724547252e-01	   7.9230033356566043e-01	   4.4651648718271042e-01	   5.9402716508452413e-01	   1.7703137722625095e-01	   7.9167017886301219e-02	   3.6504228538472411e-01	   3.8424217468960620e-01	   9.3256567045961289e-02	  -1.7579356409627631e-01	   3.0938144448930172e-01	   2.1806953611709134e-01	   6.2680373658955202e-01	   4.9463860063676635e-01	   2.7701963260964713e-01	   3.8729005779968945e-01	   2.5027127237528080e-01	   3.7277297836772072e-01	   6.3571171070058149e-02	   7.6265290827754878e-02	   1.4108906328826884e-01	   3.9101917831878316e-02	   3.3071770927704625e-01	   3.2345851421569938e-01	   4.1760933502492670e-01	   5.2388026650129316e-01	   3.7394486642157021e-01	   4.9020598929339387e-01	   2.7264528747818922e-01	   2.8777187721284653e-01	   2.1381887690476942e-01	   3.8098666784271701e-01	   3.4389272373222513e-01	   6.5328146932284259e-01	   2.0100728927290532e-01	   1.8635844562784304e-01	   2.9466878406464767e-02	  -2.1510901736786592e-02	  -8.3167399400366701e-02	   1.5523465918653900e-01	   8.9986634415195246e-03	   3.7475722157156194e-02	   1.4397094359697610e-01	   2.5431774137179497e-01	   2.6298763067730824e-01	   1.7659651254860650e-01	   7.0877100071192994e-02	  -4.5405951490336757e-02	  -1.9463585415641591e-01	  -2.8850405706195048e-01	  -5.1417855859134741e-02	  -1.7609618944007782e-01	  -8.7523775698308791e-03	  -4.6644094244260879e-02	  -1.7711449702806728e-01	   1.0132353587915746e-01	   4.3093694265645091e-02	  -1.2185818663265648e-02	  -3.4389339810724973e-01	  -1.8047827704309294e-01	
   3.9261189916623213e-01	   3.4396443524913922e-01	   0.0000000000000000e+00	   6.9894024188411674e-01	   6.7996229204292802e-01	   4.7835848356784594e-01	   7.0719385713175020e-01	   3.2568648557756807e-01	   4.0974443091069113e-01	   4.3226096947677067e-01	   1.7297446285614412e-01	   7.3343585600063821e-02	   3.1960626390076430e-01	   2.1019887104110038e-01	   5.8103027587724965e-01	   4.6294863815856407e-01	   6.3541187732911147e-02	   2.0201519293744724e-01	   6.3380357462897985e-01	   5.7500488857675169e-01	   5.6245706066238932e-01	   4.4293491276821223e-01	   8.3184999896419665e-01	   6.1132612772427453e-01	   6.6233619387583864e-01	   4.9716351836165606e-01	   4.8418229694605364e-01	   4.0676036171823332e-01	   2.8695478032257304e-01	   2.6130934669741213e-01	   6.2523092855720863e-01	   5.8977450941590703e-01	   5.5028398868330597e-01	   3.8953668032026101e-01	   5.7898783277367349e-01	   4.9270854778695555e-01	   3.1670540910802480e-01	   2.6783722226107326e-01	   5.3220699273519068e-01	   3.7134227258960967e-01	   4.4499889852897456e-01	   3.5292599542369940e-01	   4.8847274773976612e-01	   4.1854787208935673e-01	   4.3399504759886420e-01	   3.4655926686799166e-01	   4.1130059703006605e-01	   3.2485486460170260e-01	   3.8030928261103425e-01	   3.3375325026554981e-01	   4.8175755638950907e-01	   4.4715784152779536e-01	   4.3171310357779369e-01	   5.0831480215657310e-01	   4.2679694951773361e-01	   4.3412286247639048e-01	   3.2975026682816277e-01	   4.6281895598618822e-01	   4.2103631492143162e-01	   2.7086642536978822e-01	   2.3445439378621277e-01	   7.7647279358728935e-02	   5.5520109181522892e-02	   1.9621066095740697e-01	   6.5764249316131385e-01	   2.0176320636446754e-01	   6.0703137110136451e-01	   4.2745652787227861e-01	   6.1847260205322119e-01	   4.5048572377285778e-01	   4.2214379238575395e-01	   3.8028405988393893e-01	   2.0391230793915197e-01	   1.5994545762714241e-01	   1.4137842980151299e-01	  -5.8234519939570704e-02	   2.7251402861127300e-01	   2.1928945279911158e-01	   1.0459934874364124e-01	   1.7991354970787610e-01	   2.0705725461794883e-01	   2.9155827365497289e-01	   5.4699987192475075e-01	   4.8069955936507136e-01	   4.5938688494857965e-01	   4.2650514778217385e-01	   3.5036719744060019e-01	   3.2839178067709490e-01	   6.6096159463569037e-01	   5.7193708909161900e-01	   5.1761018071315390e-01	   5.0141527270207986e-01	   4.4993279374077999e-01	   4.8614014328117439e-01	   3.0132245593608463e-02	   1.9076248150987543e-01	   1.5837361675235354e-01	   9.9448995551159686e-02	   2.6710693541633740e-01	   3.2359385368479360e-01	   3.6279633788499932e-01	   4.6627139123608197e-01	   2.5932246514297214e-01	   2.4384622516764154e-01	   1.2699691322341788e-01	   2.5772091659656909e-02	   1.0315899822198381e-01	   2.2091061774138609e-01	   2.8574195478206773e-02	  -9.5869107075244632e-03	  -6.4625606991167733e-02	   1.5611012042640707e-01	   1.3680326552468566e-01	   1.0603985689256332e-01	  -1.5652236149135851e-01	  -2.1599694038875306e-01	
   3.3018759240792811e-01	   2.5852505207055915e-01	   6.9894024188411674e-01	   0.0000000000000000e+00	   5.3749528233820887e-01	   5.8373425627964903e-01	   5.6293107286710420e-01	   5.6915831783150217e-01	   4.1490547916634285e-01	   5.1528880268861399e-01	   1.5650622379911369e-01	   1.9274234120364325e-01	   2.2369360433751284e-01	   3.6883315339066297e-01	   4.2370373008523438e-01	   5.3243200164224913e-01	   1.7958235259314875e-01	   2.0102169841258510e-01	   6.0974740370428404e-01	   6.5306774507747778e-01	   6.4871107769583647e-01	   6.5595639361909408e-01	   6.8052930323937355e-01	   7.3076912725756349e-01	   6.3527045537915550e-01	   7.1753625277897282e-01	   5.1128696579937882e-01	   4.5552579541138472e-01	   2.8938141594959832e-01	   3.7410140895221045e-01	   6.3518065696519710e-01	   7.0397401039349838e-01	   6.4004114448613292e-01	   6.4068597043216191e-01	   5.3211739128584212e-01	   5.8530734190643419e-01	   3.4338253265096125e-01	   1.3162572966916361e-01	   5.1462256176954069e-01	   3.9726903141188530e-01	   4.9946490744975636e-01	   3.2833723237958762e-01	   4.6939685563962424e-01	   3.9410753274235599e-01	   4.4045933136888560e-01	   4.2642377841130530e-01	   3.9851828412367213e-01	   3.3969374544985553e-01	   3.7092293085801875e-01	   3.5426737521803631e-01	   5.1335490305795228e-01	   5.0600928782272758e-01	   5.0223953815969224e-01	   5.4420188594531649e-01	   3.6605872331790434e-01	   4.4645115575987615e-01	   2.2950545721779475e-01	   3.2796015993389283e-01	   3.4099190366409077e-01	   3.7990617537323290e-01	   1.5457242498776022e-01	   1.6252951087177592e-01	   8.2845285295132826e-02	   1.1139011359467499e-01	   4.6327214887595003e-01	   4.4290984083303009e-01	   6.0826302914839014e-01	   5.8577747547661252e-01	   5.6022762920646496e-01	   5.0883756904478450e-01	   3.6358735716681245e-01	   2.4984068529672671e-01	   2.7455435745575252e-01	   2.7219672280084700e-01	   1.2313837114647176e-01	   5.8107090629347158e-02	   2.3700852357171509e-01	   1.6826354471558386e-01	   2.6820774436974143e-01	   3.2727930973416608e-01	   3.4360385326895415e-01	   4.3192188747560201e-01	   5.7453774856579087e-01	   5.5357445271735162e-01	   4.4334367862565388e-01	   5.6503818314679588e-01	   3.6641555671328246e-01	   3.9303456793500657e-01	   4.2188305238633123e-01	   5.3460892102679525e-01	   5.0099019441697756e-01	   3.0453350639828253e-01	   4.7604505636355138e-01	   3.1010942450755397e-01	  -1.2349346791090714e-01	  -2.4786062596204590e-02	  -1.1387946137921837e-01	  -1.1837127577125610e-01	   4.6444140473109359e-02	   1.2619680306883763e-01	   3.9053899236207512e-01	   2.0805818601244136e-01	   1.4026055188310360e-01	   3.8344457842603409e-02	   6.7654516588095112e-02	   5.2688144246100244e-02	  -8.0092989090867150e-02	   2.2157706966665791e-01	  -1.7082310444146526e-01	  -1.9107542276233083e-01	  -2.4360795128534674e-01	  -1.2124128041516657e-01	  -1.4417046713039472e-01	  -1.5322126650546081e-01	  -1.9700588791156470e-01	  -3.8018272651162344e-01	
   3.5000146535292032e-01	   2.3533828351561803e-01	   6.7996229204292802e-01	   5.3749528233820887e-01	   0.0000000000000000e+00	   5.9457545062579109e-01	   5.4190984031386091e-01	   3.5423191163347911e-01	   6.0843319006580687e-01	   3.4201933323058242e-01	   3.0509736930800979e-01	   1.3979621099729542e-01	   3.6766696191148907e-01	   3.2335580259973784e-01	   5.7526579049870596e-01	   5.4004432021577864e-01	   7.5489013308886674e-02	   8.2766592381806170e-02	   4.3758280360009660e-01	   3.1920532275514180e-01	   4.8483711401352381e-01	   4.6534362960243225e-01	   6.9355800186377026e-01	   5.5834448468422893e-01	   4.8204666060878310e-01	   3.5291004537263715e-01	   6.5247793262721565e-01	   5.3175956926652002e-01	   9.2090501158083385e-02	   4.5399010052043380e-02	   3.3444729075847474e-01	   3.4698310287291512e-01	   3.5454109663848932e-01	   1.6810521147882093e-01	   6.2667385585230861e-01	   5.4590148737490607e-01	   4.1110483581903212e-01	   1.4525106975217095e-01	   4.8753740816195884e-01	   3.3087239171357474e-01	   4.7643707424548054e-01	   2.5290924752874316e-01	   4.9686634923394069e-01	   4.1899937594914161e-01	   3.9182685648691851e-01	   3.9207268892306313e-01	   4.0180025912398049e-01	   4.0057471375754461e-01	   3.5055744916499576e-01	   4.1855015920627969e-01	   5.1951749272783587e-01	   4.2293014400971973e-01	   5.3033443382831802e-01	   6.0776469904123165e-01	   4.2486217862473424e-01	   4.3863045268621448e-01	   3.1050189512240794e-01	   2.6617075321994599e-01	   4.0133043468426244e-01	   3.3922055445565491e-01	   2.7690997426468394e-01	   1.5792198640731403e-01	  -2.6962698846980014e-02	  -2.1401363511399353e-02	   7.4907194684932477e-01	   3.9614645068795074e-01	   6.3363082646871538e-01	   5.3542297289749297e-01	   4.4790237958683587e-01	   2.0610961187677979e-01	   3.1421770565941898e-01	   4.0725211278821627e-01	   9.5822469122792214e-02	   1.4303135134197276e-01	   2.5324397350304808e-02	  -1.3962417701860994e-01	   2.0144329078712886e-01	   2.5742964964109905e-01	  -3.0976224581562649e-02	   1.7854086230525151e-01	   1.8755558612255344e-01	   3.2269010365839845e-01	   5.8630075311630581e-01	   4.8985489499603718e-01	   6.3763151570211396e-01	   5.2852020182699500e-01	   5.5198810929119291e-01	   5.0717343108242918e-01	   7.0250764009524758e-01	   5.6185832779451739e-01	   6.6087355217347121e-01	   6.5477430182235152e-01	   6.4471613388011351e-01	   5.6711964174613005e-01	   7.3042319098668818e-02	   2.5843868679654586e-01	   1.2631499565155030e-01	   8.6769533168400192e-02	   1.9227027178390868e-01	   3.3743943574179736e-01	   3.8012077189077137e-01	   4.5693650733925217e-01	   1.8041347657031637e-01	   2.8811132693781194e-01	  -4.0085068328831269e-02	   6.6936021083963265e-03	   5.4242191680247437e-02	   6.6857913999896712e-02	   7.2119872597668860e-02	   4.7353786389770017e-02	  -1.0478903548013911e-01	   1.2705784541210779e-01	   2.1826192481842580e-01	   1.8437709921577577e-01	  -1.3689314926082941e-01	  -2.6005488752636596e-01	
   2.3026699091664904e-01	   6.1399925442294695e-02	   4.7835848356784594e-01	   5.8373425627964903e-01	   5.9457545062579109e-01	   0.0000000000000000e+00	   5.6750522400422643e-01	   5.4437816169061326e-01	   5.9835733463550744e-01	   6.9358110494575609e-01	   2.2682501112522990e-01	   1.7844608626371683e-01	   3.2472047057341330e-01	   2.6681037607541280e-01	   5.0062755355007060e-01	   5.8678340946318874e-01	  -1.5579878509223415e-02	  -1.0554297896768598e-02	   3.3553619253772160e-01	   3.4453369553812552e-01	   4.9563861961659833e-01	   4.8042534363379175e-01	   4.9273977452321693e-01	   4.3997098536291335e-01	   2.9046220748091889e-01	   3.5273853924666210e-01	   4.4301342070661343e-01	   5.3627646154425013e-01	   1.8569845439831850e-01	   2.5095695267551904e-01	   3.2007769295635674e-01	   4.6813702723755962e-01	   4.7290435513091095e-01	   4.0664661815119330e-01	   3.8846797153911422e-01	   4.1192638421872763e-01	   2.5260741595049235e-01	  -1.0608700655815394e-01	   3.8779604336053497e-01	   2.1000262453629642e-01	   3.6083586880344404e-01	   8.1022552845703338e-02	   5.3059369352924990e-01	   4.5891942307422340e-01	   3.9992495259715632e-01	   3.9374815601940100e-01	   5.2378478435598885e-01	   4.7267618069734135e-01	   4.0349999684959997e-01	   3.8157400770498234e-01	   4.7232329353009217e-01	   3.6672161838012202e-01	   5.6777016108857670e-01	   5.8671610260799656e-01	   4.0781331409957489e-01	   3.7790200116599248e-01	   1.4019891167671453e-01	   1.3375143417325303e-01	   4.4434892528276870e-01	   3.7484005336442228e-01	   4.5086611761285883e-01	   3.4181258298946704e-01	   1.4952315544099942e-01	   1.0259237376833780e-01	   4.1845745981701110e-01	   2.7039211482073144e-01	   4.8380829548246107e-01	   4.7469868710435931e-01	   3.7199372867866287e-01	   2.6659812682530420e-01	   2.3267864761640750e-01	   3.0823524834896832e-01	   6.0671337171890612e-02	   1.3456080714975110e-01	   5.3071808980079183e-02	  -1.2293260712397849e-01	   1.1835570232296552e-01	   1.1996575431403915e-01	   8.9130196444774740e-02	   1.4749847145885642e-01	   1.6265261264364236e-01	   2.2323899706085382e-01	   4.7749751060483797e-01	   4.2340732153667326e-01	   2.4144357058709592e-01	   2.3245565383148073e-01	   4.1233028279674766e-01	   2.4891830428461631e-01	   4.9176855222638416e-01	   4.4360676841354252e-01	   5.1759253156721230e-01	   3.6842546456626901e-01	   4.1376271851523877e-01	   3.1921046228969258e-01	   5.0700800012252356e-02	   1.6136816325650566e-01	   6.0286070949813669e-02	   1.9503877739339367e-02	   1.7228543330466925e-01	   2.0210088798288348e-01	   2.8535835860994130e-01	   2.3848874280755594e-01	  -1.6728562443360715e-02	   4.7622969663987477e-02	  -1.3926617462171600e-01	  -1.3979269697905788e-01	  -6.4308361786534221e-02	   1.4627344884651122e-01	   2.9787657386075070e-02	   8.6235920089162456e-03	  -3.4496789828501725e-02	   9.0766535054187275e-02	   1.4474060896411423e-01	   5.4343528883667620e-02	  -2.1896201047931180e-01	  -2.8275185192908020e-01	
   3.5730295813462881e-01	   1.6111601911099344e-01	   7.0719385713175020e-01	   5.6293107286710420e-01	   5.4190984031386091e-01	   5.6750522400422643e-01	   0.0000000000000000e+00	   6.7252982516251025e-01	   6.8176493800878446e-01	   6.8112004268600690e-01	   3.4653731739083954e-01	   3.5441355394663066e-01	   5.5674537009445713e-01	   4.0355736306308265e-01	   5.0521402663586068e-01	   4.6977362424475633e-01	  -3.5274933860120580e-02	   5.6627306528956631e-02	   5.2172077841469722e-01	   5.2173854422564225e-01	   3.0614809180084729e-01	   2.3189898664699449e-01	   4.9274913108043239e-01	   2.8059267894734141e-01	   2.1933904485922340e-01	   1.7907403682394263e-01	   1.5495081111346626e-01	   1.7325140844400733e-01	   2.9345649391681772e-01	   3.9812780618902310e-01	   2.5393217477959207e-01	   3.5038382943459789e-01	   6.6315872717295810e-01	   5.6997282289944473e-01	   1.7502365781180407e-01	   1.4083422845290464e-01	   1.0759772026938359e-01	  -9.2148453001369895e-02	   2.6390555351756628e-01	   3.9971187556132659e-02	   1.5509532549565627e-01	   1.0436022192264544e-01	   4.8783670790167583e-01	   3.6994303235129716e-01	   2.7606153376374387e-01	   2.1192629248184022e-01	   4.3826578408846256e-01	   2.8367222052148861e-01	   2.6841037842343662e-01	   2.4301043928064997e-01	   3.2309768627061697e-01	   2.0625450864495692e-01	   4.3238013162237504e-01	   3.8381104819319339e-01	   3.1969399649620911e-01	   2.1625202398998997e-01	  -4.3771119506670259e-02	   1.1282276563901825e-01	   5.5417883596547379e-01	   3.4039425946804253e-01	   6.1991984921256549e-01	   4.7378911759498060e-01	   2.6428175382903052e-01	   4.1450953848269939e-01	   5.2376741796704862e-01	   1.2995346054758702e-01	   3.9023352491851032e-01	   3.3125370895334044e-01	   4.0343208104295258e-01	   3.0626821690242956e-01	   3.6224728405273254e-01	   3.3622058124248932e-01	   2.9788608666003175e-01	   2.8675393670437849e-01	   1.7902682170113279e-01	   1.7636382279057047e-01	   4.0647671604121316e-01	   3.8092922661723272e-01	   8.8773606610488373e-02	   4.3863811411424293e-02	   1.8651366873207095e-01	   2.3075347370811783e-01	   4.7392405347513578e-01	   4.1362537536128352e-01	   3.2560169178658571e-01	   2.6921784405308852e-01	   2.8308207163994398e-01	   5.0029101781312951e-02	   5.9968020444931991e-01	   3.8100292318086049e-01	   4.9087103482654054e-01	   3.7773886399302059e-01	   3.2101578509023132e-01	   3.1757169313871902e-01	  -2.0728842851885854e-01	  -4.2708062728435192e-02	  -8.0044121794501627e-02	  -1.5836066196347079e-01	   1.4470385655652684e-01	   1.2947769663777359e-01	   2.8729100734881985e-01	   2.8105542522999777e-01	   1.0490992770532391e-01	   7.7949064323927772e-02	   6.4637542796888242e-02	   1.5945635129463753e-01	   6.4535071095822405e-02	   3.6061272782583764e-01	  -2.1887262266906310e-01	  -3.0076272167731510e-01	  -1.6943799262053855e-01	  -7.1070474816248147e-02	  -7.1187988028466487e-02	  -1.8106703472485575e-01	  -1.4096491266689415e-01	  -2.2538275008375003e-01	
   3.6143407694085755e-01	   1.0379405843495175e-01	   3.2568648557756807e-01	   5.6915831783150217e-01	   3.5423191163347911e-01	   5.4437816169061326e-01	   6.7252982516251025e-01	   0.0000000000000000e+00	   7.3177972891826204e-01	   7.8525475996882887e-01	   4.1547779403694107e-01	   5.7634512303260244e-01	   4.9568566627861455e-01	   5.5037071111737301e-01	   4.7498018400883302e-01	   5.7470415964936727e-01	  -5.2269052930227294e-02	   1.5168092098251301e-02	   4.2208808129002462e-01	   4.3369923028366109e-01	   2.0005020164408441e-01	   3.0782046366077193e-01	   3.3607997215146845e-01	   3.3853617575651851e-01	   4.5515504329112041e-02	   1.8801718557007732e-01	   1.3352574421474148e-01	   1.2459858043123292e-01	   8.1639525867647847e-02	   2.6597856263604475e-01	   6.0763844237546917e-02	   3.0932056397869911e-01	   5.5681719542555586e-01	   5.7463024057962186e-01	   2.2053313204076858e-02	   8.0489548246525711e-02	   7.1493212947976057e-03	  -3.5080349325524418e-01	   2.3831754654017961e-01	  -1.0864637283485448e-01	   1.4882936102998065e-01	   8.3007293784766206e-02	   3.5258802623977198e-01	   2.5265843551144640e-01	   8.0135994555374693e-02	   1.1643259331885325e-01	   3.1924487236624222e-01	   2.2779681875192598e-01	   1.2568618902111431e-01	   1.8263759154271447e-01	   2.8501601166295859e-01	   2.0509301164270424e-01	   5.1478472556042942e-01	   3.9651697379119666e-01	   1.7029305281130153e-01	   1.5624923749820269e-01	  -7.8641015720312624e-02	  -3.3532894127825577e-02	   4.3381075445578238e-01	   4.2350906219617590e-01	   6.1665836195176327e-01	   7.5797085835907207e-01	   1.4658893255416391e-01	   2.3231229418997079e-01	   3.9616703894805505e-01	   4.8551904497178255e-01	   1.6251805701024469e-01	   2.5411799494810483e-01	   3.1252652099001277e-01	   3.2226966239386989e-01	   2.8456889342173652e-01	   1.9906116570780766e-01	   1.6369095896748417e-01	   2.7900658174009341e-01	   1.1779504402900624e-01	   1.5535498575890197e-01	   3.7221088978172912e-01	   3.5694858840690591e-01	   4.2107015854829316e-02	   1.0385693785157551e-01	   1.5394570912797706e-01	   2.3860347826183451e-01	   3.9167077217257040e-01	   2.9151146533021388e-01	   2.6189144307053508e-01	   2.5743074588959003e-01	   1.8970211663392095e-01	  -2.0860261317004261e-03	   4.2529694037823323e-01	   3.1606256941352007e-01	   4.3317063738685591e-01	   2.5657764864581595e-01	   3.7293421699025442e-01	   1.8839137606924744e-01	  -3.1952212618853415e-01	  -2.2100542531595946e-01	  -2.9237995659351945e-01	  -3.4217610172445795e-01	   2.9253980473802261e-03	   2.6778516822043297e-02	   2.9629614735966703e-01	   8.0037109392007602e-02	  -1.2025879708947289e-02	  -1.1554751946920282e-01	   2.7438471812819804e-02	   9.6609189060793674e-02	   2.9525961166031088e-02	   3.0059122675913563e-01	  -3.6059197193817349e-01	  -4.5733489073514166e-01	  -3.8232384795810798e-01	  -2.5998490227801202e-01	  -2.1309911186248626e-01	  -2.7786174985308271e-01	  -5.7162974216646775e-02	  -2.2716573494852355e-01	
   3.6629798466972396e-01	   6.3658621834168080e-02	   4.0974443091069113e-01	   4.1490547916634285e-01	   6.0843319006580687e-01	   5.9835733463550744e-01	   6.8176493800878446e-01	   7.3177972891826204e-01	   0.0000000000000000e+00	   7.1139318220731884e-01	   4.0724218301805115e-01	   4.0060241742656544e-01	   6.3120332540101676e-01	   3.8398319716876228e-01	   6.2980377960821610e-01	   5.1318066603604129e-01	  -9.8271261526476708e-02	   4.1747314379902908e-03	   3.0503393611523633e-01	   2.6007272124880976e-01	   1.9724788338051438e-01	   2.5533093010156421e-01	   3.7354509832048149e-01	   2.2850576454762059e-01	   3.5707009702251991e-02	   1.8843967754966259e-03	   2.4072619288966826e-01	   2.0371213276629430e-01	   8.2793576086060611e-02	   9.4613964807243087e-02	  -5.8786831155970623e-02	   8.7336505204517162e-02	   3.1278918544033729e-01	   2.2571049251079356e-01	   2.0164197007542090e-01	   2.2381881015568966e-01	   8.9245905109221063e-02	  -1.3350530623019258e-01	   2.5234734148315374e-01	  -3.2333375958728407e-02	   2.0036156096545027e-01	   7.0321561808312213e-02	   4.1981919855396588e-01	   3.1883718489789081e-01	   9.9763296033298893e-02	   1.1773980053719534e-01	   4.2786671101785301e-01	   3.8645750568517107e-01	   1.7370656221437356e-01	   2.2042904381672412e-01	   4.3344211701947255e-01	   2.4323675638058379e-01	   6.2199860382112471e-01	   5.1257207872540222e-01	   3.3681825398851861e-01	   2.4027713761189512e-01	   2.5260820233128723e-03	   1.2132747279561509e-02	   5.7521481328698698e-01	   3.6066015852425704e-01	   6.6716047794858002e-01	   5.7671802068690659e-01	   1.6344096968138158e-01	   1.9484626052934415e-01	   5.2444652376395573e-01	   3.1364798914216330e-01	   2.8140137682405264e-01	   2.6508489418586079e-01	   2.7870450370490829e-01	   1.7677092101653996e-01	   2.7915759577992033e-01	   3.3047088734453151e-01	   5.8582489340321744e-02	   1.7291350899499991e-01	   2.7027351725564280e-02	  -1.1300855467629191e-02	   2.2634553492353982e-01	   2.6214906729256027e-01	  -1.9837863581644872e-03	   1.0766549906210565e-01	   1.5150464053334148e-01	   1.7207339254545465e-01	   3.7772769368097781e-01	   2.4234413087596030e-01	   2.4760636685619952e-01	   1.6937628681910621e-01	   2.8619895573299847e-01	  -3.6095770196254082e-02	   5.3444118544269337e-01	   3.1558934829578356e-01	   6.1768801676647134e-01	   5.2358696525953174e-01	   4.8948292868637400e-01	   4.1374259666939472e-01	  -7.1013443531972587e-02	   1.1700739585197192e-01	  -4.6073680393394850e-02	  -8.0073224935567830e-02	   1.8099895411929529e-01	   2.2614599927465609e-01	   3.2342573688895837e-01	   2.7643255265299616e-01	   7.9388210017514782e-02	   1.3878240257000488e-01	  -7.3624842427557721e-02	  -3.8424178636754902e-02	   2.0867976350366013e-01	   2.0486277460135255e-01	  -8.0519222083770547e-02	  -1.2918861879001353e-01	  -1.6122108101521465e-01	   3.9615407214063772e-02	   1.0236701673522740e-01	  -4.1654230234084919e-02	  -1.0909352757307417e-01	  -3.2107070578014929e-01	
   2.6590314737467330e-01	   8.8023202386088489e-02	   4.3226096947677067e-01	   5.1528880268861399e-01	   3.4201933323058242e-01	   6.9358110494575609e-01	   6.8112004268600690e-01	   7.8525475996882887e-01	   7.1139318220731884e-01	   0.0000000000000000e+00	   2.7562446385709460e-01	   4.1229606839342975e-01	   4.5421225873816762e-01	   3.4941069824579651e-01	   5.6250304575667809e-01	   6.4638121505594026e-01	  -1.1256236456262136e-01	   2.1254720864294283e-02	   3.5806390941274641e-01	   4.4439473321219364e-01	   2.9587905404350778e-01	   3.2075699966136972e-01	   4.1395475651309788e-01	   3.0549507590177233e-01	   1.2648325755061324e-01	   1.4521716390878306e-01	   7.2371612585352685e-02	   1.3663624590561071e-01	   2.2834921597123570e-01	   3.6019000326646028e-01	   2.3340593361406028e-01	   4.2448264631059807e-01	   4.7829188920012455e-01	   4.3987400587029080e-01	   9.8554762404328339e-02	   1.8056516349691978e-01	   5.3129992019652350e-02	  -2.6407256207798169e-01	   2.1056386251718207e-01	  -4.3910140302167985e-02	   1.6966548839153539e-01	   7.7666801145257397e-02	   2.9632402716832257e-01	   2.0502407157709826e-01	   7.0672059339527790e-02	   8.4866447623691069e-02	   3.3574477889974352e-01	   2.1294945163549583e-01	   1.7707774069649757e-01	   1.5855035159323722e-01	   3.0629044509333558e-01	   2.3162867662391839e-01	   5.2482867528975097e-01	   3.7922926349614228e-01	   2.0286163753051634e-01	   1.6183348607249359e-01	  -4.9073771289932858e-02	   6.9757131295989316e-02	   4.5258677606191289e-01	   3.7093894570980945e-01	   6.2589033242903158e-01	   6.9584043748820879e-01	   2.0241580935832634e-01	   3.6573693585562705e-01	   3.0924584105445146e-01	   1.9758084069842261e-01	   1.4733461353891195e-01	   1.6516661365476434e-01	   3.2804285619563922e-01	   3.0899820490354030e-01	   3.5316862928736698e-01	   3.6043950391008761e-01	   1.3936925383616974e-01	   2.5269534813450617e-01	   1.0193308457884762e-01	   5.4742755780075446e-02	   2.3501460095066706e-01	   2.0556168199994573e-01	   9.7422332032435610e-02	   6.1803573481585668e-02	   1.6948641956748678e-01	   1.2894656554064154e-01	   4.0131611413414214e-01	   3.4121558950033171e-01	   2.1910144658811866e-02	   5.2758081739357351e-02	   2.6743325348881586e-01	  -8.9107687907004601e-02	   4.4057939521278189e-01	   3.9559358863588867e-01	   4.7162089090025960e-01	   2.7349973716850573e-01	   3.5668506546601930e-01	   2.1396524274158979e-01	  -1.1768716421343033e-01	   1.1173186979273034e-02	  -8.4075523519757861e-02	  -1.5614680803443734e-01	   1.6951492688928449e-01	   7.2021242415825040e-02	   3.7417701751308996e-01	   1.4814992331038807e-01	   6.1645488653021920e-02	  -8.9113608235900449e-02	  -4.5489942319952702e-02	  -7.5731632667917437e-02	   1.2076038846673676e-02	   2.2748913690803252e-01	  -1.3639728722862401e-01	  -1.8856800248864941e-01	  -2.3666769750789646e-01	  -4.7600849941762814e-02	  -1.8950942293531028e-02	  -1.4026505880304274e-01	  -1.8884262097759555e-01	  -3.2931465379726654e-01	
   7.5520666828918426e-01	   5.0932455876437355e-01	   1.7297446285614412e-01	   1.5650622379911369e-01	   3.0509736930800979e-01	   2.2682501112522990e-01	   3.4653731739083954e-01	   4.1547779403694107e-01	   4.0724218301805115e-01	   2.7562446385709460e-01	   0.0000000000000000e+00	   6.0444438106254550e-01	   7.7891777822604258e-01	   7.0932219174531375e-01	   5.6268963363681079e-01	   4.0973344792817534e-01	   2.6531704507852105e-01	   3.0683015016139981e-01	   5.0976406987654577e-01	   3.8888352106923418e-01	   1.0283550837819586e-01	   1.1766901276986050e-01	   1.8307389924119871e-01	   1.1817587429086246e-01	  -1.2141610245769605e-01	  -1.5188992315225325e-01	   2.6608124357214746e-01	   1.3725194205450314e-01	   1.4377494527495585e-01	   1.5938285963151994e-01	  -1.8813474494536575e-01	  -1.5798122994578259e-01	   2.0083224596189925e-01	   1.5137241726779402e-01	   9.4762976551183931e-02	   1.5570838906111176e-02	   2.5917645817278950e-01	   5.3598815895810684e-02	   3.5108298562866525e-01	   1.1796749884979590e-01	   2.8197598058961726e-01	   3.1190281986214963e-01	   4.0666613140046437e-01	   3.0816064374892072e-01	   1.0747098760880094e-01	   2.1508872956936806e-02	   4.2074135478223440e-01	   3.1040524728679569e-01	   1.2788194606963077e-01	   1.9159935691824989e-01	   3.0736621917859974e-01	   1.5429802423784270e-01	   4.4505725154215803e-01	   4.3846883220317440e-01	   3.2051588840623113e-01	   2.8671666215081648e-01	   3.5659512491259693e-01	   2.8817158758304073e-01	   4.8637460718618869e-01	   3.6201044859642917e-01	   4.8762695981734300e-01	   3.2446527858419516e-01	   2.7968022556215177e-01	   2.0841462631422566e-01	   2.7722917606124076e-01	   1.5622101193612806e-01	   1.6799549913249101e-01	   7.9091103740990459e-02	   3.6884776121520613e-01	   2.8534306760926853e-01	   1.4026903260933413e-01	   3.0141745871580450e-01	   2.3058142782030736e-01	   2.7473148262566810e-01	   2.3664552618840284e-01	   8.6965654088757019e-02	   4.0811284811867665e-01	   3.3727239757146443e-01	   1.6348166873530939e-01	   3.1475458445791971e-01	   3.1847703596179688e-01	   4.8526554550423717e-01	   4.8940853934390655e-01	   4.3275446604760359e-01	   4.7408339888928847e-01	   3.7601852345251147e-01	   3.6500463141894274e-01	   2.5025566310612601e-01	   5.4537190298518756e-01	   5.5310754316455690e-01	   4.0480256203319565e-01	   4.6080589075490141e-01	   3.1408912622269258e-01	   2.0011805818664255e-01	  -2.4657894793598678e-01	  -4.6051692753154932e-02	  -1.7973628807183314e-01	  -1.8802000992561807e-01	   8.1373090990157215e-02	   2.2457586133080032e-01	   2.1162951508459960e-01	   1.6302603511304936e-01	  -8.4826149086582522e-03	   1.0390529500126114e-01	  -1.0971558349118569e-01	  -1.3194598468492771e-01	   7.4637192127289573e-02	   3.2861213659353544e-02	  -2.3808859976158270e-01	  -2.6804860298460065e-01	  -2.6321174528579855e-01	  -8.6542635524775438e-02	  -1.3830613537088202e-02	  -1.3392702312644716e-01	  -2.2707707549070041e-01	  -8.6579193727529577e-02	
   5.1952287300147670e-01	   5.3311427744887685e-01	   7.3343585600063821e-02	   1.9274234120364325e-01	   1.3979621099729542e-01	   1.7844608626371683e-01	   3.5441355394663066e-01	   5.7634512303260244e-01	   4.0060241742656544e-01	   4.1229606839342975e-01	   6.0444438106254550e-01	   0.0000000000000000e+00	   5.6185514604422626e-01	   7.8819440449411537e-01	   3.6374133312175366e-01	   4.8526871560311935e-01	   3.2942647875810371e-01	   3.6587447422122077e-01	   4.2350326383313797e-01	   4.5385398871548155e-01	   1.6408428039104836e-01	   1.0366355763990130e-01	   7.4322847153516267e-02	   8.8169307916927172e-03	  -2.3819493137372388e-01	  -2.1119317077785116e-01	  -5.6614748240533752e-02	  -1.4659806865350611e-01	   3.8756190278954772e-01	   4.6340331211130809e-01	  -7.4367328927677695e-02	  -9.0597607943626330e-03	   2.8669427082342352e-01	   3.4508001824463125e-01	  -7.2286814301464580e-02	   4.3133801090367071e-03	   1.0528689359602342e-01	  -5.2179351601576010e-02	   2.0354695393401370e-01	   9.0457472730437957e-02	   1.9412532322141879e-01	   2.5454562947589443e-01	   3.5413334469546509e-01	   3.7551490805795074e-01	   2.2876849786102721e-01	   2.7904061066220975e-01	   3.5075773231323387e-01	   2.7764778105835880e-01	   2.8464095416305640e-01	   3.5398527365641835e-01	   2.5732146820728602e-01	   2.0861884048675494e-01	   3.7388923026972248e-01	   2.9498105885825476e-01	   2.4704657463669660e-01	   2.7984695147372329e-01	   9.8166785433652370e-02	   1.9568242713812717e-01	   4.7121182841408293e-01	   5.7027853901384129e-01	   5.3859080930568348e-01	   6.5141510667234148e-01	   4.9187395201190498e-01	   5.3798340408978318e-01	   9.2572074406609153e-02	   5.9043679878002173e-02	   1.0788761329490204e-01	   2.1930837627055197e-01	   2.0727422786572014e-01	   1.3494221721890970e-01	   2.4873393268584093e-01	   1.8500454429515809e-01	   2.9412289506613776e-01	   3.7987770482453054e-01	   8.6693285112686425e-02	   2.5351160534790718e-01	   2.7050797018421435e-01	   2.4382456290154114e-01	   2.3138916537497642e-01	   2.9893552920499278e-01	   4.1563784224931860e-01	   4.5892702241801986e-01	   3.7357570343991198e-01	   4.3879094927959722e-01	   2.7833375990933579e-01	   2.9437637067584249e-01	   2.7422106998345863e-01	   9.5930805122617632e-02	   2.8486485729186445e-01	   3.7400204537750320e-01	   1.8592527823012966e-01	   1.2961859238881926e-01	   1.5324140256230093e-02	  -1.3971530009422093e-02	  -3.3550901117928350e-01	  -1.7923780570946346e-01	  -3.3288557425457865e-01	  -3.0005660058981543e-01	  -9.8059802023646309e-02	  -6.3144454102521230e-02	   1.9379922338562250e-01	   5.4265011455666291e-02	  -3.6140149400430248e-02	  -6.1962454430473546e-02	  -1.7385138697679936e-01	  -1.3399535092324660e-01	   1.7735236312586559e-02	   5.8981444615456631e-02	  -2.8587532105651275e-01	  -3.5937077201488382e-01	  -3.5080875644906084e-01	  -2.4414839076581030e-01	  -2.0416495501453347e-01	  -2.4648866081232246e-01	  -1.9569878521278200e-01	  -1.5239205315651258e-01	
   6.4786027049923778e-01	   3.5386240617196019e-01	   3.1960626390076430e-01	   2.2369360433751284e-01	   3.6766696191148907e-01	   3.2472047057341330e-01	   5.5674537009445713e-01	   4.9568566627861455e-01	   6.3120332540101676e-01	   4.5421225873816762e-01	   7.7891777822604258e-01	   5.6185514604422626e-01	   0.0000000000000000e+00	   5.8655744460250214e-01	   7.1783091245863173e-01	   4.8860677839745453e-01	   1.3860361593400305e-01	   3.0974322773558366e-01	   3.9968937140959687e-01	   3.2884308247773841e-01	   1.5954737484685161e-01	   1.2225702615764325e-01	   2.9149552263077733e-01	   1.2573074746559793e-01	  -6.2090891339846119e-02	  -1.1459713970148851e-01	   1.8098862349869246e-01	   9.7000933271658679e-02	   2.3109583412404983e-01	   2.1876546606737302e-01	  -1.1494202392181568e-01	  -7.9115469904771696e-02	   2.9465880541142397e-01	   1.8732502022619971e-01	   1.5836339998124599e-01	   9.4424410447092322e-02	   2.1514887840881475e-01	   2.0530598992692266e-02	   3.9361349509457833e-01	   1.1702573469988180e-01	   2.9344390344668181e-01	   2.1497157807830275e-01	   5.2229594438327942e-01	   4.1278017166046727e-01	   1.8707191483814350e-01	   6.3319976935990077e-02	   5.3071563585803205e-01	   4.3666875072430389e-01	   2.6695261189359931e-01	   2.6050204723387665e-01	   4.5040898891527337e-01	   2.4420841965144019e-01	   5.2466474090537885e-01	   4.7146437912699890e-01	   4.0200992897118870e-01	   3.2904974338320953e-01	   2.3206942046400605e-01	   2.0319111394630879e-01	   6.5695347864851317e-01	   2.9726228304748276e-01	   6.4054811323554006e-01	   3.6210253649741991e-01	   3.0693647997779216e-01	   2.7879755623449809e-01	   4.4739635720901605e-01	   1.4576809444839939e-01	   2.6350717358578163e-01	   1.2833294821404240e-01	   3.3208113674880069e-01	   2.4323809354851289e-01	   3.0889060663876355e-01	   3.8578328334446010e-01	   1.9620323878096280e-01	   2.1474718216416727e-01	   2.7162239095641000e-01	   2.3161042708573821e-02	   3.9600832802944341e-01	   3.9254705366344211e-01	   1.9103480002254858e-01	   3.4205222008839964e-01	   2.6338407478209419e-01	   3.8017966127165109e-01	   4.8851616013887400e-01	   3.8872249863409591e-01	   3.6368376851185458e-01	   2.3888028251659899e-01	   3.1381524974853076e-01	   3.1848943134765884e-02	   5.5496795589930792e-01	   4.6831571937817285e-01	   4.2801009095069303e-01	   4.9869059862432902e-01	   3.3657666849774015e-01	   3.5366745467002048e-01	  -2.1109645963120288e-01	  -1.9595699993433160e-02	  -1.4421380431890823e-01	  -1.6578633354820371e-01	   8.0412410628091319e-02	   2.0623090732010985e-01	   3.3149718870510397e-01	   3.0121485780276691e-01	   1.2166934081621207e-02	   1.4982969698749482e-01	  -1.4350946876742016e-01	  -1.6723268575631517e-01	   1.7203715118962620e-01	   1.1506378538943329e-01	  -2.0514848398368557e-01	  -2.2819558192005451e-01	  -2.2458655426975360e-01	  -7.4671181368522910e-02	   2.4008857858359822e-02	  -9.5683293046508341e-02	  -1.7430156985814499e-01	  -2.0708102701129938e-01	
