   0.0000000000000000e+00	   8.4536085328613531e-01	   6.9088907229969609e-01	   7.4161719398891646e-01	   7.0288756877821490e-01	   5.5184259736996033e-01	   7.1935660228022380e-01	   7.1351592693909183e-01	   6.2833248114736873e-01	   6.4911701839222025e-01	   7.8170001820673674e-01	   8.0438052690629369e-01	   7.1241494827332241e-01	   6.9975480481153296e-01	   7.0292808614197444e-01	   7.2840394927849439e-01	   8.4900810398504001e-01	   7.6822051816824000e-01	   7.7564073810737044e-01	   8.2907912120090654e-01	   3.1018278354689482e-01	   1.1935450984966456e-01	   5.8415628524835128e-01	   4.9980328865457546e-01	   3.7880507499667093e-01	   3.7223947482375908e-01	   5.6626870436003207e-01	   3.4457347700559149e-01	   7.7065190911827441e-01	   7.7209687501591373e-01	   5.4524801812354884e-01	   4.7132198231339523e-01	   7.7511025560423241e-01	   8.1491989789586927e-01	   5.0972824532035643e-01	   4.6374720504828759e-01	   5.9531137494254138e-01	   1.7714123528444786e-01	   7.0318070166032776e-01	   6.2637576914706827e-01	   7.8440127287843153e-01	   2.7026238345970510e-01	   5.0574860703197599e-01	   5.1654178911124549e-01	   4.6007029163772134e-01	   5.5046281703335154e-01	   5.6558668680045254e-01	   6.1342128433199772e-01	   5.4042537277368430e-01	   5.6975796541679358e-01	   6.7006489398690083e-01	   5.9813619092679893e-01	   6.2209020226912515e-01	   4.0697928263181032e-01	   7.9278002155257310e-01	   7.4785878950356333e-01	   8.0193178986883373e-01	   6.3754116310209596e-01	   7.4369967663151293e-01	   7.3418437427845451e-01	   7.8319211086704521e-01	   7.8089614736962687e-01	   7.5398166893519503e-01	   7.6940506252513752e-01	   4.9740609463416796e-01	   5.2759247209244675e-01	   4.9618231305193750e-01	   5.5267281918660505e-01	   7.8051427221928238e-01	   7.4963224799013384e-01	   6.6848685128077012e-01	   6.7225110078046224e-01	   7.5795914494314032e-01	   7.2524596328369917e-01	   7.3135684998267270e-01	   5.4195152575263394e-01	   7.6155663307454102e-01	   7.4178431511324883e-01	   7.0703046871356090e-01	   7.5354425074454590e-01	   8.1130411050988394e-01	   8.2319888868631530e-01	   7.0982346009892960e-01	   7.4354890576764476e-01	   7.1461648819647527e-01	   6.1232414103719379e-01	   4.5943189713809540e-01	   4.6688479065826499e-01	   8.1320752906382865e-01	   8.3972017781898223e-01	   7.3891895619767600e-01	   6.5425163726089397e-01	   6.8172580941738536e-01	   7.2835784576045293e-01	   5.0032851837748882e-01	   3.4228840246268660e-01	   6.9680216701793052e-01	   6.1077293944295530e-01	   7.9152719848330522e-01	   7.1123608476373934e-01	   6.5662270223328456e-01	   7.0332560953462120e-01	   6.6278835999213115e-01	   7.1979972028322858e-01	   3.6953911587114807e-01	   3.1181149953309339e-01	   6.7611961003169307e-01	   6.7938630725247995e-01	   2.2293601841952204e-01	   5.1319237203388124e-01	   4.9352417197522330e-01	   6.6091936442734145e-01	   6.9365410731901422e-01	   4.2784884645159005e-01	   3.0627813002899890e-01	   3.4099538329688894e-01	
   8.4536085328613531e-01	   0.0000000000000000e+00	   6.4177443984142768e-01	   7.2267649290413738e-01	   5.5174592966814484e-01	   3.8253765221844843e-01	   5.0929810556656585e-01	   5.2323543246949511e-01	   4.1616207740456923e-01	   4.3952437733215621e-01	   5.8529210838593460e-01	   6.8647153657554405e-01	   5.3991101250779550e-01	   6.5109535751325742e-01	   6.4746476865926528e-01	   6.2140027378276264e-01	   8.3172438149089212e-01	   8.5601340539532433e-01	   6.1050492028695813e-01	   7.0577523748088067e-01	   2.7523623015691329e-01	   1.2043916248585394e-01	   6.0660950798511304e-01	   5.6421615865354624e-01	   5.2440747822136147e-01	   5.0492526566114682e-01	   5.2599265567791376e-01	   3.3436867251051505e-01	   7.0387104479185114e-01	   7.2439573952396730e-01	   5.6384639522149060e-01	   5.3329357370133967e-01	   7.9560438134558775e-01	   8.0501793922166620e-01	   5.8390825000148294e-01	   5.0818788438056206e-01	   6.8628608497709553e-01	   3.8160483503057302e-01	   6.4559358612340390e-01	   6.7881487239807625e-01	   8.0333199190955196e-01	   4.6642721536185761e-01	   3.0433828674965058e-01	   3.2111028394381858e-01	   3.0770950118955559e-01	   3.4115350147427959e-01	   4.1419595922582775e-01	   4.7012248052478378e-01	   3.4510381592316119e-01	   3.9189722970714025e-01	   5.8804096863847943e-01	   4.4538783822686079e-01	   5.8350713814219346e-01	   3.5768525649069255e-01	   7.3589144790597971e-01	   6.9864834338151172e-01	   8.1817229416444637e-01	   8.3669590780819270e-01	   6.3339200864660639e-01	   6.6763648864604652e-01	   5.7437132093944310e-01	   6.1253948917605583e-01	   6.8401495887016450e-01	   7.3660243965771155e-01	   4.6178223370286181e-01	   3.6380088767745317e-01	   4.4279465635589477e-01	   4.7989099352540454e-01	   8.2129408963320150e-01	   8.1047833457205143e-01	   5.8218145584432501e-01	   6.2825444120061691e-01	   7.4850711981120632e-01	   7.0166909074669026e-01	   7.3175217563610029e-01	   5.4235045136006266e-01	   6.8193219165939656e-01	   6.9497077357541459e-01	   6.8190485509512144e-01	   7.9018375616415504e-01	   7.8204909041978721e-01	   8.5842789148723331e-01	   6.2689798635287453e-01	   6.4405103072261882e-01	   7.4464358103524053e-01	   6.5891064619286799e-01	   4.6565760420174551e-01	   5.5129273354295871e-01	   7.9325182606324129e-01	   7.8158359447060877e-01	   5.0747027641330766e-01	   4.0218222881651244e-01	   5.1711838582914327e-01	   5.6647024759318754e-01	   3.7406216548951593e-01	   3.0843507477790633e-01	   6.6748460367776508e-01	   6.2033993828173473e-01	   6.3234060710148343e-01	   5.4577828040673482e-01	   4.7381700152329786e-01	   4.8474342742344761e-01	   5.3175426329590214e-01	   5.8582729384497423e-01	   3.2884793213601654e-01	   2.6627625387291065e-01	   5.8451003976400395e-01	   5.4088301048348186e-01	   2.1933638696167090e-01	   4.8893911776315618e-01	   4.1449850586190784e-01	   5.0497632140147575e-01	   5.1558842820947559e-01	   4.3659316155346256e-01	   3.4746354508840654e-01	   4.2891458780621750e-01	
   6.9088907229969609e-01	   6.4177443984142768e-01	   0.0000000000000000e+00	   7.6172822731621581e-01	   7.3161442616160666e-01	   4.9434319050176478e-01	   7.8732757255868502e-01	   5.0515390067906951e-01	   6.9945894489728389e-01	   4.9937015874138668e-01	   5.8127705421888098e-01	   5.0537456892146337e-01	   5.6263160941438295e-01	   3.2573107075205149e-01	   8.5087061085288151e-01	   7.0269288828811138e-01	   6.8727001869367710e-01	   7.2408869479783800e-01	   7.9151609461564765e-01	   7.7264002185854119e-01	   3.4638033559590131e-01	   2.7202919798072656e-01	   8.7803997567245862e-01	   6.9284000598762396e-01	   6.4172065749066354e-01	   5.7126833203522942e-01	   6.7110386972125036e-01	   4.5927263255896711e-01	   7.2436906666352807e-01	   6.6941558231091969e-01	   7.5651933731507270e-01	   6.1898508419985698e-01	   8.2260613987832021e-01	   7.1129900588764050e-01	   6.7701061351252456e-01	   6.2432925681624574e-01	   6.6462746160873287e-01	   2.4855545996426831e-01	   7.0145780111276046e-01	   6.1498127001454639e-01	   7.4713653515846712e-01	   3.4352511705510036e-01	   5.7904818137051728e-01	   5.7516482138840608e-01	   5.6381009504436763e-01	   5.5738734502210174e-01	   6.2451140256343340e-01	   6.9950350385702098e-01	   5.3772820350122497e-01	   6.2150026926829294e-01	   5.3487601651330752e-01	   5.9430334803089702e-01	   5.5022736909636882e-01	   5.0719794587739975e-01	   7.5267089599012360e-01	   7.8969427137613513e-01	   5.3003640998553514e-01	   5.4372750572751194e-01	   4.9459630525136755e-01	   4.3191745184458807e-01	   5.4535346713987121e-01	   3.8794546399410773e-01	   6.4100408422151445e-01	   5.2674657846618655e-01	   6.4719973707754919e-01	   2.7550616523639432e-01	   5.5549327560102357e-01	   4.5043033159767620e-01	   6.7579161636265661e-01	   6.5551741287997312e-01	   5.6087750805735670e-01	   5.8421166556536963e-01	   6.8977323134725010e-01	   6.0341231578309262e-01	   7.0366481127785219e-01	   5.3794573190215456e-01	   7.1938360175517824e-01	   6.5020676954273571e-01	   6.8244615439060996e-01	   7.0399868927048259e-01	   7.1409785452485586e-01	   7.6719842866496935e-01	   8.3610171228345209e-01	   7.5133977193494883e-01	   7.4067650984500988e-01	   5.7881067518951834e-01	   6.4176125403809692e-01	   5.2275096839013668e-01	   7.8601827891836629e-01	   6.9786537193872233e-01	   6.7255260617434720e-01	   7.4178709529437115e-01	   5.8422362965426389e-01	   8.2944942567211921e-01	   4.4502233727472007e-01	   3.2097020429985573e-01	   7.1265852197581969e-01	   6.3186077190963408e-01	   7.4568760999062766e-01	   7.6491306602424447e-01	   4.0284718785663626e-01	   6.8434470819612936e-01	   5.7130190868351882e-01	   6.8922598331682927e-01	   4.6557895179240616e-01	   3.7402622556367271e-01	   7.2461827283561808e-01	   6.0715579076480541e-01	   3.2669565415334245e-01	   6.1121540666326779e-01	   6.3076581098873363e-01	   7.4160750040029311e-01	   6.8060794020177084e-01	   4.9826196566243980e-01	   4.3670243091319605e-01	   3.7219682651868491e-01	
   7.4161719398891646e-01	   7.2267649290413738e-01	   7.6172822731621581e-01	   0.0000000000000000e+00	   7.1087091689688631e-01	   6.8649773166852313e-01	   6.7806678339152104e-01	   7.8832847901022074e-01	   6.4875224569746148e-01	   6.8021310185736694e-01	   4.5046491307535425e-01	   6.9773126380548489e-01	   4.1810725147666628e-01	   5.2619613012261668e-01	   7.3781450160879669e-01	   7.5976572731427328e-01	   6.9935147749837889e-01	   7.0095295799275326e-01	   6.4713500328143780e-01	   7.0015665742609967e-01	   4.4800201913159865e-01	   2.7444968064322017e-01	   7.6162909834059855e-01	   8.2344461872398778e-01	   6.9061450630296783e-01	   7.2511108315137041e-01	   6.9196379915356954e-01	   5.0844736999481466e-01	   6.3581596239166627e-01	   6.7611221028582535e-01	   6.3911441368048916e-01	   6.7366799588588688e-01	   8.1673077666652594e-01	   8.6952308596432981e-01	   7.5400124177354266e-01	   7.9402176572866945e-01	   5.7496724803246457e-01	   1.4727297442957046e-01	   6.3753391080599031e-01	   6.3076300636963756e-01	   7.2459932723163201e-01	   1.9882985543175574e-01	   5.5365028355302892e-01	   5.6039379752357910e-01	   6.0533807492371683e-01	   6.1668261691852422e-01	   6.0849343626468366e-01	   6.5589795137686890e-01	   5.5774884467169739e-01	   5.9026391803431555e-01	   6.5893510997955451e-01	   6.1280984448326214e-01	   5.7615774147420318e-01	   4.6106763050901733e-01	   7.1842026375102330e-01	   7.1020465949125677e-01	   6.1159803302965998e-01	   5.6551770116345590e-01	   5.7900680661309434e-01	   6.1140168557417041e-01	   5.3668791849663078e-01	   6.9270055866563984e-01	   7.1648909625235313e-01	   6.8575230829994060e-01	   7.1790906376284913e-01	   6.5613487427792272e-01	   6.7576216599795869e-01	   7.2828885630001050e-01	   7.0215958573078674e-01	   6.5901945701508979e-01	   6.2066027346942643e-01	   5.9881652336030033e-01	   5.9604050984233869e-01	   6.9735499455688998e-01	   6.4516385104441343e-01	   4.9328771657007386e-01	   7.3210171625606035e-01	   7.4426595546849073e-01	   7.1775638879143577e-01	   7.2089460852458209e-01	   8.0012565640617050e-01	   7.8791664543793116e-01	   7.4099854898477047e-01	   7.3154960272464564e-01	   8.4680429700731363e-01	   7.8731214102701252e-01	   6.4807831045771236e-01	   6.9921027323164897e-01	   7.3204616689950552e-01	   7.3096420778720672e-01	   7.0620361455016045e-01	   5.9360156783124440e-01	   7.9958322367406143e-01	   6.9697650496498231e-01	   4.6580562704602685e-01	   3.0516771248623409e-01	   7.0955410249488182e-01	   6.5094242746802222e-01	   7.3847893851355284e-01	   6.5411113258192644e-01	   5.8355231967627308e-01	   5.6259023430816879e-01	   5.9498478216786532e-01	   5.6739593275953049e-01	   6.0869794492103813e-01	   3.3927309622589125e-01	   7.2652319901469731e-01	   6.3480248532654826e-01	   4.3463222996446710e-01	   5.8464759140220446e-01	   5.5430810459400792e-01	   7.0070148860870762e-01	   6.5760558018344528e-01	   4.1847425493732587e-01	   4.8249976954323548e-01	   4.0082316643845195e-01	
   7.0288756877821490e-01	   5.5174592966814484e-01	   7.3161442616160666e-01	   7.1087091689688631e-01	   0.0000000000000000e+00	   7.9543153740541939e-01	   7.0150571906040948e-01	   6.1070394820543927e-01	   8.2465813351348438e-01	   7.4724990007520176e-01	   5.4363229826306303e-01	   5.1430131578428995e-01	   5.1503240069061818e-01	   2.9574498176908737e-01	   8.0961949867757577e-01	   6.8147459069005212e-01	   6.7219120251578390e-01	   6.4392341027399613e-01	   6.4419262002884881e-01	   6.7238350661990842e-01	   5.8779154672004297e-01	   4.8014691030990175e-01	   6.3093438807812352e-01	   5.1280067826620324e-01	   5.4336900347878947e-01	   4.8136693335321601e-01	   7.6552869821490876e-01	   5.9896099405559333e-01	   5.5531850677095718e-01	   5.4207626747102389e-01	   4.1434762805582459e-01	   3.2693739537775890e-01	   6.6644986537053241e-01	   6.7088471796948690e-01	   6.4565496420217461e-01	   6.5039363402654216e-01	   5.0757669176660258e-01	   2.5058323944232687e-03	   6.7185001642665421e-01	   5.3409999530576213e-01	   6.2721655781582086e-01	   2.1544823267200516e-01	   5.9025255647548103e-01	   5.9374294050493182e-01	   6.6599809408090516e-01	   6.4000540393520211e-01	   5.9547379355515717e-01	   6.4511604495890529e-01	   6.4107954873195006e-01	   6.6252679355222743e-01	   6.8921409084454210e-01	   6.6017227824555968e-01	   6.0736746023990462e-01	   6.0917656386212526e-01	   7.2170317664470862e-01	   7.0660367915320277e-01	   5.8675306671914451e-01	   4.7065602060690870e-01	   6.7316557834945678e-01	   6.0721324507020480e-01	   6.8534678154535600e-01	   6.3281347093103801e-01	   6.6654765331447119e-01	   5.6755917958626245e-01	   7.6922248300672547e-01	   5.2675444192709642e-01	   6.9137439252466837e-01	   6.2020480032306746e-01	   6.6958221400763684e-01	   6.3106221829179199e-01	   5.0428124190619916e-01	   5.3822008284285916e-01	   4.8595764574355294e-01	   4.8319048124136021e-01	   5.5030148038925386e-01	   3.3448735856795642e-01	   6.0104835447750860e-01	   4.9272733776023381e-01	   6.8246034997565808e-01	   6.1753864828339911e-01	   7.5746502626901169e-01	   6.2477906381869208e-01	   7.5798321987739192e-01	   6.9261478335753202e-01	   7.2528313627024421e-01	   5.3965591309197158e-01	   7.3848705763393829e-01	   5.5586772743340651e-01	   7.0259907667831989e-01	   6.9487751210945170e-01	   7.5175404115341671e-01	   7.4383309089432359e-01	   7.6094680258766201e-01	   8.2116278053882841e-01	   5.0516312066618396e-01	   2.6233104913488597e-01	   6.1841502898329681e-01	   5.3507931081703763e-01	   7.2263597213541908e-01	   7.1255995977904929e-01	   6.1249095050487457e-01	   7.0142696832700135e-01	   6.6986743959121320e-01	   6.5278232895281740e-01	   5.3516264517849654e-01	   4.0570109334562748e-01	   7.3399823216663729e-01	   6.9651520668102895e-01	   3.3221522566760192e-01	   5.3449988498994083e-01	   4.8248010363221161e-01	   6.6298153725866726e-01	   7.1355597582290442e-01	   3.5846239637060706e-01	   3.2443200068333000e-01	   2.5594843273856577e-01	
   5.5184259736996033e-01	   3.8253765221844843e-01	   4.9434319050176478e-01	   6.8649773166852313e-01	   7.9543153740541939e-01	   0.0000000000000000e+00	   5.7014049232733754e-01	   6.6720939418000202e-01	   7.6195232904805854e-01	   7.8457820285063384e-01	   3.1642470368387332e-01	   4.4884657199051398e-01	   2.6384802687415249e-01	   2.0601109788688449e-01	   6.2369894454196539e-01	   5.9496338821912764e-01	   4.9221882115650617e-01	   4.3547368607510140e-01	   4.4469868819815295e-01	   4.7454466338553353e-01	   7.6308787090105912e-01	   6.5051162809343532e-01	   4.3606587449269257e-01	   4.9141387960466265e-01	   5.5345993770539392e-01	   5.6047603943940894e-01	   7.8632985031243319e-01	   7.9658355067901554e-01	   3.8895375054080350e-01	   4.1629953700585409e-01	   2.9651106283828799e-01	   2.7321676500657599e-01	   4.7717485271141652e-01	   5.4169415171121482e-01	   4.9922918689444695e-01	   5.8253050647447124e-01	   2.7119701794091644e-01	  -1.4848864229055520e-01	   5.0143827089820758e-01	   4.0983715913221247e-01	   4.4440279481327555e-01	   4.0163158429983477e-02	   6.0962272627226655e-01	   6.3142326264518311e-01	   6.8273220745181573e-01	   6.6644355161684066e-01	   6.0280763101448209e-01	   6.0342801674522706e-01	   6.2412339518510052e-01	   6.1997245217345531e-01	   6.4332989054931566e-01	   6.0401443858590897e-01	   5.2629353132299739e-01	   5.4265144644298802e-01	   5.8066373836349372e-01	   5.6067710752602995e-01	   4.6168981672393278e-01	   3.1575505757931216e-01	   5.4390159725631237e-01	   5.3959204956489804e-01	   5.2135930879276393e-01	   6.5494482220144057e-01	   5.3051201019379723e-01	   4.5587363318026464e-01	   6.6146446885042498e-01	   6.8016380968659285e-01	   6.5651458076452884e-01	   6.8848285266783815e-01	   4.8231157668227631e-01	   4.7543777430857792e-01	   5.2132191989388799e-01	   5.3178483557743106e-01	   2.9156717668201276e-01	   3.6454313303444369e-01	   3.8371888532742904e-01	   2.4084987734066643e-01	   4.9735244281062574e-01	   4.4509015983450617e-01	   6.2067268493241490e-01	   5.0965272509374315e-01	   6.4415922056377584e-01	   5.1471783608893840e-01	   6.2549781421525541e-01	   5.8887401331020195e-01	   5.7290644963689830e-01	   5.1100824898524100e-01	   6.8407827280271716e-01	   5.9037530155055129e-01	   4.8936259751305322e-01	   5.0831013081859444e-01	   6.8077001941198223e-01	   5.4964352526696181e-01	   7.7476615227618928e-01	   5.8627643217934078e-01	   5.1663546523085579e-01	   2.0398316594198496e-01	   5.9096299372561056e-01	   4.9349366089833435e-01	   6.6520796129663240e-01	   5.9033404575538762e-01	   6.8862023464352584e-01	   5.6188022668088711e-01	   6.4664958613717793e-01	   4.8440747820275887e-01	   5.7212299275134448e-01	   3.9546699185279716e-01	   6.2699731436556161e-01	   5.8293001429275748e-01	   4.2969042966038040e-01	   4.6930611073162831e-01	   4.2770711290331498e-01	   5.9972097643566324e-01	   6.1629815478228334e-01	   3.7905442425505731e-01	   3.9638330625672796e-01	   3.1690498615051121e-01	
   7.1935660228022380e-01	   5.0929810556656585e-01	   7.8732757255868502e-01	   6.7806678339152104e-01	   7.0150571906040948e-01	   5.7014049232733754e-01	   0.0000000000000000e+00	   7.6469871767878161e-01	   7.9636095659434369e-01	   6.6434656048125018e-01	   7.5324851751007882e-01	   6.8666019786272992e-01	   7.2558747330386553e-01	   4.6689567130076437e-01	   6.9334514538612324e-01	   6.5492077364490231e-01	   6.3482777444104665e-01	   5.7983101739041731e-01	   7.9941862109555206e-01	   7.8157860808523050e-01	   2.7472683700961464e-01	   1.6034226490528802e-01	   6.3994135370312455e-01	   4.9289575577350464e-01	   3.2814800342544570e-01	   3.4509007009000914e-01	   4.4375896408649662e-01	   3.0889847998673575e-01	   7.8159417162589839e-01	   7.4029524119361534e-01	   5.9208139489025380e-01	   4.7581607694733841e-01	   7.2356341979483441e-01	   6.9917453902018412e-01	   4.5781409389583316e-01	   4.9608343148052475e-01	   4.5445450309351454e-01	  -5.1911422990839035e-02	   6.2164309669256113e-01	   4.4400541548285721e-01	   6.1480403146550344e-01	   9.3875119578271132e-02	   6.4496229854233822e-01	   6.6008199899457498e-01	   6.0538226493529457e-01	   6.6247709681547995e-01	   6.6377907163767080e-01	   7.0544492292082717e-01	   6.4134050296609568e-01	   6.4124800317622044e-01	   6.0571956428174123e-01	   6.3576940554116024e-01	   5.3133412058930118e-01	   4.9932339183027308e-01	   6.8523292268733382e-01	   6.9379354630855294e-01	   4.1934058052870093e-01	   3.1528780307527787e-01	   6.2196629511273649e-01	   5.2847810096565295e-01	   7.3447656677682649e-01	   6.1300215449806794e-01	   7.2877656496168686e-01	   6.5631705563165488e-01	   5.4589128869800696e-01	   4.0854884124346397e-01	   5.5752652938327107e-01	   5.4077177038924429e-01	   5.0846684455211866e-01	   4.4824423077582043e-01	   5.8017966313145219e-01	   5.4500871131775730e-01	   5.8493477587882969e-01	   5.9449828665966487e-01	   5.9979829267913098e-01	   5.0968454319112144e-01	   6.8145305033811154e-01	   6.1913580999777595e-01	   6.3075169253928620e-01	   5.9066679423316060e-01	   6.6841497143755002e-01	   6.6758889817030354e-01	   7.2621143886017103e-01	   7.4610675254305558e-01	   6.0399969406395015e-01	   4.9466799566977454e-01	   4.2992791054519308e-01	   3.4316570070778663e-01	   6.4954551101023594e-01	   5.7683167611815533e-01	   7.6989357597922603e-01	   7.2862744170055760e-01	   6.3979898288864390e-01	   7.3896837644268232e-01	   4.5782662394497659e-01	   2.7634099896725195e-01	   6.1348303079793354e-01	   5.1119716769536439e-01	   8.0009943840880449e-01	   7.5547048039514575e-01	   6.6437077167642988e-01	   8.0529226472221127e-01	   6.3976576431743593e-01	   6.3748658542375392e-01	   3.1705383385478197e-01	   1.8939713548065779e-01	   6.9967926850472872e-01	   6.5392482668788765e-01	   2.8254199729018814e-01	   5.3233996782834958e-01	   5.2805556832704081e-01	   7.2364087900727614e-01	   7.6485999731954757e-01	   4.3462188731427853e-01	   3.9771469667906828e-01	   4.1197553430639039e-01	
   7.1351592693909183e-01	   5.2323543246949511e-01	   5.0515390067906951e-01	   7.8832847901022074e-01	   6.1070394820543927e-01	   6.6720939418000202e-01	   7.6469871767878161e-01	   0.0000000000000000e+00	   7.1698391900075897e-01	   8.3313416676737750e-01	   5.8968659641544263e-01	   8.0646910086377954e-01	   5.3205733521680221e-01	   6.2321730856586632e-01	   5.1046511522352467e-01	   6.2733736568837672e-01	   5.8677071269870573e-01	   4.6765004059958482e-01	   6.2161224771355794e-01	   6.5196609597477773e-01	   3.2939436010414314e-01	   1.0551473289750096e-01	   4.4121378812164047e-01	   4.8962203580327679e-01	   2.9346443023405733e-01	   4.1208624001150695e-01	   3.7283504545914475e-01	   2.5802327621044308e-01	   6.1545501122390145e-01	   6.8415189966729129e-01	   4.5775492777388221e-01	   5.0691540285579717e-01	   6.4945818412808487e-01	   7.7126036144939270e-01	   4.6294692903518686e-01	   5.6567364062797199e-01	   3.3264030144507201e-01	  -1.6994916734331728e-01	   5.0015582137482451e-01	   4.1654820995580349e-01	   5.2870702469558495e-01	  -4.0578538929659805e-02	   5.7020855488465605e-01	   6.0234352668257340e-01	   5.5806995020120531e-01	   6.6990904089155223e-01	   5.9950921461914097e-01	   6.1985041475253977e-01	   6.1095790199604560e-01	   5.7809607659705831e-01	   6.6231285518794203e-01	   6.1191737660090750e-01	   4.9719861899439460e-01	   3.7141953483789025e-01	   5.8710365011650789e-01	   5.8290401503050271e-01	   4.6642394378363750e-01	   2.6838427072957605e-01	   6.2451146349114128e-01	   6.2439777162900734e-01	   6.6417573383172623e-01	   8.6873432075365464e-01	   6.8263918608178098e-01	   7.5031671470565631e-01	   4.7650002007740266e-01	   7.3803011966698473e-01	   5.6917761904093223e-01	   7.2663622762666957e-01	   4.8865348904072636e-01	   4.2236094312770517e-01	   6.3417043899433923e-01	   5.6185660075442179e-01	   5.0052044806502183e-01	   6.5915735559308486e-01	   5.2255540774426812e-01	   5.1240910504737913e-01	   6.8717691678776838e-01	   6.9275139458889190e-01	   6.0850817346193964e-01	   5.3504254624714287e-01	   6.6807711940399217e-01	   5.9224928916197550e-01	   5.2776451414947356e-01	   6.2139016690867466e-01	   5.6141402820673292e-01	   5.6812568854707168e-01	   3.4633316777761880e-01	   3.6136960073584040e-01	   5.2064078470190811e-01	   5.6810439996087614e-01	   7.3049049188645054e-01	   5.3058924193920021e-01	   7.6994093716259737e-01	   5.3236899264416948e-01	   4.7096997214510261e-01	   2.3370990015900184e-01	   5.6705909205821425e-01	   4.8134490727087031e-01	   7.1808027796353813e-01	   5.8437959323224975e-01	   7.9175163128957282e-01	   5.8442844753676115e-01	   6.5187971290123536e-01	   4.4985344571490482e-01	   4.1383483100306911e-01	   9.8341439004687156e-02	   6.4474888566188326e-01	   5.9573006509026416e-01	   3.9939273162270411e-01	   4.5326089215400017e-01	   4.4792539646211438e-01	   6.5270140113474551e-01	   7.0706059836958246e-01	   3.1533871947791825e-01	   3.3186399389418875e-01	   3.4183217343140987e-01	
   6.2833248114736873e-01	   4.1616207740456923e-01	   6.9945894489728389e-01	   6.4875224569746148e-01	   8.2465813351348438e-01	   7.6195232904805854e-01	   7.9636095659434369e-01	   7.1698391900075897e-01	   0.0000000000000000e+00	   8.1805221506087256e-01	   5.8436081423859443e-01	   5.6118968269794667e-01	   5.1121669684364712e-01	   2.4732333042813229e-01	   7.6542963977732636e-01	   6.8035847282495143e-01	   5.6008373262574485e-01	   4.6728342789374866e-01	   7.0268729059338697e-01	   6.8527775603259988e-01	   4.9163991471632990e-01	   4.0584895934763604e-01	   6.2000023790523429e-01	   5.1606296317571876e-01	   3.8657360775369765e-01	   3.6503513264159171e-01	   6.1495791249896126e-01	   5.0506417204539333e-01	   6.3563957010115124e-01	   5.9367333121607757e-01	   4.9759314321950110e-01	   4.0325981487226453e-01	   6.0067187825541435e-01	   5.8501001270645026e-01	   4.2986720967846398e-01	   5.1974530082243664e-01	   3.2622760783544963e-01	  -2.4924021488350623e-01	   5.2278656587042827e-01	   3.3586951507495694e-01	   4.8395627703884891e-01	   2.1244097260693630e-02	   6.2098622573674689e-01	   6.5462146226275664e-01	   6.1352826695939155e-01	   6.8521902372781440e-01	   6.4639186759386236e-01	   6.8101688054624721e-01	   7.0650800042888329e-01	   7.1343584693231132e-01	   5.9800435879652092e-01	   7.0185319699905357e-01	   6.2092432451048507e-01	   6.2713011409353892e-01	   6.0488098693667836e-01	   6.3450358623052172e-01	   4.1313123429287474e-01	   2.8747795912157781e-01	   6.3686789514182673e-01	   5.5198751476783570e-01	   7.0963311104415827e-01	   6.2417435146956257e-01	   6.6912776360089687e-01	   5.6899081430813281e-01	   5.8020352067338410e-01	   4.5687953867592168e-01	   5.3586682395915841e-01	   5.3010711067532579e-01	   5.0942414831325378e-01	   4.6750944190205157e-01	   5.6375026141563211e-01	   5.3826058772862106e-01	   4.4842744820919800e-01	   4.2488310948432595e-01	   5.1666741812243666e-01	   4.1555776108579157e-01	   5.8380757858617738e-01	   4.9202984459052201e-01	   6.4850026836326469e-01	   5.0404041033910962e-01	   6.3991975996474826e-01	   5.4873034842011048e-01	   7.2310893043740943e-01	   6.8135161279112677e-01	   5.5129956476029895e-01	   4.0616923452249665e-01	   5.4666168831060713e-01	   3.9076053952271966e-01	   5.8111772168523990e-01	   5.4195115044213871e-01	   7.6228557105502315e-01	   7.1257833337558829e-01	   7.0032615368329365e-01	   7.1014820169137882e-01	   5.1200770370374737e-01	   2.4121498968835020e-01	   5.3385790527714327e-01	   4.4737745257324446e-01	   7.2026450041742573e-01	   7.0382794038681296e-01	   6.5570869008783239e-01	   6.8335268674269944e-01	   6.8547756908422119e-01	   5.3668590639831415e-01	   3.8847901342768093e-01	   1.7934607234530836e-01	   6.5041555726881850e-01	   5.8824510924917484e-01	   4.1936963066918570e-01	   5.1142558660288073e-01	   4.2262770581789139e-01	   6.9055798064440843e-01	   6.9976116993547266e-01	   3.8928392081250313e-01	   2.7644961984937944e-01	   2.8253782464791594e-01	
   6.4911701839222025e-01	   4.3952437733215621e-01	   4.9937015874138668e-01	   6.8021310185736694e-01	   7.4724990007520176e-01	   7.8457820285063384e-01	   6.6434656048125018e-01	   8.3313416676737750e-01	   8.1805221506087256e-01	   0.0000000000000000e+00	   5.3620734487548116e-01	   6.8163372120860477e-01	   4.7189823493120919e-01	   4.5448363813590015e-01	   6.1401687264297722e-01	   7.1364491527707241e-01	   5.9393418224943595e-01	   4.5623496283033455e-01	   5.7472809692413074e-01	   6.1753491535831684e-01	   5.0720391291258005e-01	   3.3374919924941249e-01	   4.2197908360708458e-01	   4.4606916636418270e-01	   3.6018951541788047e-01	   4.0408802005678668e-01	   5.3430153716681594e-01	   4.3735128234533616e-01	   5.6903231142932742e-01	   6.4354773734326975e-01	   4.0844160849044336e-01	   4.1241187659922107e-01	   5.8036275806709248e-01	   6.8344557869217859e-01	   3.9770522735649871e-01	   4.9868221103145871e-01	   3.3165860341334363e-01	  -1.4596621126361514e-01	   5.3062624472369468e-01	   4.5574113819391315e-01	   4.7216047469929445e-01	   6.1405195794831696e-02	   4.8108059192930569e-01	   5.1106596977492669e-01	   4.7682936059124925e-01	   6.0560816087476255e-01	   5.1178326678338548e-01	   5.2040403113711553e-01	   5.5767947593157041e-01	   5.6748318357154126e-01	   5.4555299982646110e-01	   5.4220354755705857e-01	   4.5917730012870800e-01	   3.4484013916005363e-01	   6.0600753302202048e-01	   5.3640601872832461e-01	   4.6573579914621666e-01	   2.6021529466177762e-01	   6.4291552681652420e-01	   6.5167134393921167e-01	   6.4615088939818444e-01	   7.9560288227409415e-01	   6.5798950412370127e-01	   6.7389788405484852e-01	   5.1288032981545495e-01	   6.4115038170958005e-01	   4.9457053180255178e-01	   5.9026681867427622e-01	   4.9059364871926159e-01	   4.3200007510670191e-01	   5.2109548481378842e-01	   5.2410634148484414e-01	   4.3833361005505056e-01	   5.5941190466735691e-01	   4.2546912216788701e-01	   4.7396300569867278e-01	   5.6426290088827524e-01	   5.5743145420141460e-01	   6.3457358840410394e-01	   5.3726670159621570e-01	   6.7869023070285761e-01	   5.5240892652755669e-01	   6.0903280609172561e-01	   6.8852393723102090e-01	   5.1999717037827276e-01	   4.4881584161333382e-01	   4.9146359316679855e-01	   4.1195168468626153e-01	   5.9247274062141542e-01	   5.9647136479944751e-01	   7.0860548743265839e-01	   5.7555119818236933e-01	   7.6228209325489371e-01	   5.8521341153875506e-01	   5.6141465203124730e-01	   2.0204199858112826e-01	   4.9578994315720515e-01	   4.0045370448767836e-01	   6.5027530690635449e-01	   5.4273823442124347e-01	   7.2997039650656248e-01	   5.7469043169037060e-01	   6.6650619392772426e-01	   4.9767774516188501e-01	   3.7740119850216447e-01	   1.1712456343247687e-01	   6.3014234097464783e-01	   6.0854408792541848e-01	   4.1666757177461822e-01	   4.1137339928654104e-01	   3.2854870433792055e-01	   5.4522202846623724e-01	   6.2133922070161651e-01	   2.3073193141289361e-01	   1.9851042428139321e-01	   2.7378433486451464e-01	
   7.8170001820673674e-01	   5.8529210838593460e-01	   5.8127705421888098e-01	   4.5046491307535425e-01	   5.4363229826306303e-01	   3.1642470368387332e-01	   7.5324851751007882e-01	   5.8968659641544263e-01	   5.8436081423859443e-01	   5.3620734487548116e-01	   0.0000000000000000e+00	   7.9999588268817057e-01	   9.2393460752697809e-01	   6.8087634509369399e-01	   6.3904018639008442e-01	   6.4661127429143028e-01	   6.8677602652157566e-01	   5.5953276447679268e-01	   8.1446258225273482e-01	   8.1095759267020018e-01	   5.0227125306827908e-02	  -7.5025154377387382e-02	   4.2022494393427512e-01	   2.5057254985196231e-01	   2.5408125658580765e-03	  -1.7512008548734172e-02	   2.7287212273412642e-01	   8.4356098621504366e-02	   8.1049190013919359e-01	   7.5130705677086151e-01	   4.1044711548642843e-01	   2.6645254187063694e-01	   6.1111507598678705e-01	   6.0517956105105952e-01	   2.4013378868132057e-01	   1.8896252788748763e-01	   4.8390109699515343e-01	  -4.6621567325779573e-02	   5.8984850558437452e-01	   4.0346565603614332e-01	   6.2349372296656080e-01	   1.3220371188555188e-01	   4.6870820986705913e-01	   4.9764203076747282e-01	   3.3443040936104695e-01	   4.6919736848878379e-01	   5.1921091089419291e-01	   5.3952558697027742e-01	   5.1108940687070104e-01	   5.2338359463796591e-01	   4.6508670336454278e-01	   4.7593918954836567e-01	   4.9542801101674638e-01	   2.9657532238605333e-01	   6.5911462433104595e-01	   6.3913388393742554e-01	   4.5850158004043939e-01	   2.8118456713793710e-01	   6.0710110674005313e-01	   5.4065515548078791e-01	   7.9726878246615429e-01	   6.1870171144922181e-01	   7.1824368520097492e-01	   7.1240359388838870e-01	   2.1801383872328745e-01	   1.9414030726606774e-01	   1.8151103923924200e-01	   2.1723363879910929e-01	   4.5495132385992487e-01	   3.9327627403728105e-01	   5.1686160717660401e-01	   4.3650829568789856e-01	   7.2005678615248980e-01	   5.9617548699545497e-01	   6.2674484584485668e-01	   5.6217004766991574e-01	   6.8218701301727869e-01	   5.6989785103946877e-01	   4.8025249307064127e-01	   4.9815788740414435e-01	   5.6386026786721533e-01	   5.7183042103608184e-01	   6.1586717663030921e-01	   6.5501123640013525e-01	   4.3813918341268621e-01	   2.5678094531589418e-01	   2.4466226976860495e-01	   1.4194079233466217e-01	   6.3357819543232718e-01	   6.0719426450273373e-01	   6.3929774071760004e-01	   5.9352699919961327e-01	   4.2192170642146609e-01	   5.8896040328487209e-01	   3.8891381192120389e-01	   3.4251049375880460e-01	   4.6589667052427075e-01	   4.6565459735788572e-01	   7.0617981368278215e-01	   6.7053550395919692e-01	   5.6493085260664722e-01	   6.4466224090937951e-01	   6.0929083098706527e-01	   5.3633753017820418e-01	   1.0917981706756988e-01	   4.0198421800147682e-02	   5.7004363863807406e-01	   5.7520287886515420e-01	   1.2825947252944300e-01	   3.5656398576377146e-01	   3.4216802304385902e-01	   5.6003657077082070e-01	   6.5003393236416351e-01	   2.9785923842022050e-01	   1.3795394000748126e-01	   3.2095539048704147e-01	
   8.0438052690629369e-01	   6.8647153657554405e-01	   5.0537456892146337e-01	   6.9773126380548489e-01	   5.1430131578428995e-01	   4.4884657199051398e-01	   6.8666019786272992e-01	   8.0646910086377954e-01	   5.6118968269794667e-01	   6.8163372120860477e-01	   7.9999588268817057e-01	   0.0000000000000000e+00	   7.6845982215011976e-01	   8.5055285597242491e-01	   6.0845837369495448e-01	   7.7841963704841721e-01	   6.9929008976674401e-01	   6.0696230092068282e-01	   7.1707675636509849e-01	   7.6011069045357682e-01	   1.4329208606226795e-01	  -7.7033133541298537e-02	   4.9420429408547895e-01	   5.1179327235098460e-01	   1.7589848454040735e-01	   2.1773801766434062e-01	   3.2522607101067808e-01	   1.5590571427265096e-01	   7.8126091225761940e-01	   8.2702346763405976e-01	   4.9571678581683559e-01	   5.0457760784476513e-01	   6.6221485523738788e-01	   7.6706769641526773e-01	   3.8039927296275988e-01	   3.9991120087380794e-01	   4.6133920156213892e-01	  -1.9574679889954528e-02	   4.9963169470495156e-01	   4.5281887764418066e-01	   6.3299078694696886e-01	   9.7692125493924933e-02	   4.0244947333936953e-01	   4.3244258561988014e-01	   3.4320429975695327e-01	   4.8947270149390909e-01	   4.7159187374773959e-01	   4.7950275423182187e-01	   4.7167595712440447e-01	   4.6172379890234394e-01	   4.8734986053839008e-01	   4.5051172379348770e-01	   5.0535804476944535e-01	   2.3261145440011416e-01	   6.0674189895507080e-01	   5.6467551766344504e-01	   5.2688337343084524e-01	   3.6210008585473286e-01	   5.9420154987900053e-01	   6.1563907926898043e-01	   7.0029664865682451e-01	   7.9383998443927439e-01	   8.0309665727189372e-01	   8.4485116426216211e-01	   2.9490089287490151e-01	   4.8413147905581383e-01	   2.8240528939231857e-01	   4.2522597046789889e-01	   4.9939669597763642e-01	   4.2031146795004865e-01	   5.7438600163122056e-01	   5.4082120381114251e-01	   7.2360746422240063e-01	   7.8584221429054846e-01	   6.1690617873942999e-01	   6.4235819853283560e-01	   7.1212790275958460e-01	   7.2893573232808828e-01	   5.3839651795117438e-01	   5.7426498650607138e-01	   6.6286366541217467e-01	   6.9267764528305520e-01	   5.8708894534617584e-01	   7.0028333387888797e-01	   5.9648308831501085e-01	   5.1288680629495775e-01	   2.5606611805964002e-01	   3.9278615327374489e-01	   6.0768222534293637e-01	   6.2976582729325248e-01	   6.3704740007957605e-01	   4.5407022644035994e-01	   5.7990617825736757e-01	   4.8797884441632794e-01	   4.1505161318822392e-01	   2.8048960415316770e-01	   4.6866504880515636e-01	   4.8007896224396168e-01	   6.6608930976780811e-01	   5.6401450691110644e-01	   6.1055783203588698e-01	   4.9016372229897670e-01	   5.5192921230195879e-01	   4.3609565376259940e-01	   1.8846557886899254e-01	  -1.2457766769327918e-02	   5.7208231924844444e-01	   5.2716956074934473e-01	   2.1959686966520739e-01	   3.5715702534777566e-01	   2.8747680036533119e-01	   5.1467342009370975e-01	   5.9920868712656505e-01	   2.2295242596022732e-01	   1.8673166518214229e-01	   3.9919817310249894e-01	
   7.1241494827332241e-01	   5.3991101250779550e-01	   5.6263160941438295e-01	   4.1810725147666628e-01	   5.1503240069061818e-01	   2.6384802687415249e-01	   7.2558747330386553e-01	   5.3205733521680221e-01	   5.1121669684364712e-01	   4.7189823493120919e-01	   9.2393460752697809e-01	   7.6845982215011976e-01	   0.0000000000000000e+00	   7.3149047058995764e-01	   5.9843288687988927e-01	   6.1879491070840342e-01	   5.9921018414572824e-01	   4.9205034077453735e-01	   7.4853755629538132e-01	   7.1490396581631344e-01	  -2.2168435033186610e-02	  -1.2950542859369443e-01	   3.9966255386321070e-01	   2.1541296912396596e-01	  -2.2320831517075240e-02	  -5.7914361160975980e-02	   2.4176629847683528e-01	   6.5909171785707474e-02	   7.4418157474467028e-01	   6.8695912030812323e-01	   3.7023703601689073e-01	   2.2013526511224180e-01	   5.6035536473069358e-01	   5.3334746987684079e-01	   2.5255408071559876e-01	   1.7384048429315424e-01	   5.1000153724503927e-01	   3.3016529346467836e-02	   4.9914067007127827e-01	   3.6733655567938683e-01	   5.8965920583832299e-01	   1.9080279192923949e-01	   3.7302439151634847e-01	   3.8574689175560428e-01	   2.6255270499154337e-01	   3.7209993535781960e-01	   3.8562777495553080e-01	   4.0978354688264168e-01	   3.8794464709529164e-01	   3.8460005973720912e-01	   3.4417920085858827e-01	   3.2359533516134120e-01	   3.7454711767489279e-01	   2.1628532097579534e-01	   5.7586931569934152e-01	   5.1954749770332609e-01	   3.7155212326527642e-01	   2.3539746685921326e-01	   4.7117775270684403e-01	   4.1640745706101290e-01	   7.2916611639182860e-01	   5.5360209663476112e-01	   6.3206332644723184e-01	   6.3816154516234480e-01	   2.0766379352529599e-01	   1.6894985554758676e-01	   1.4138227378285495e-01	   1.6655153878175666e-01	   4.5853080787414813e-01	   3.5648517495664866e-01	   4.5110186560321563e-01	   4.0134144109069370e-01	   6.8527094105553732e-01	   5.8009402960189260e-01	   5.8261143213078481e-01	   5.6878753986579866e-01	   6.4068718803291080e-01	   5.3779896019700479e-01	   3.8603790788643444e-01	   4.2242109523715321e-01	   4.9597500373545961e-01	   5.2788867966356401e-01	   5.4320758128594693e-01	   5.6328663786301814e-01	   3.7279149966120884e-01	   2.0637608600767260e-01	   1.4859364771777897e-01	   9.7490773532415545e-02	   5.7629723813222722e-01	   5.5570613829340587e-01	   5.7610787767755656e-01	   5.7153445773624223e-01	   3.9359250759299080e-01	   5.7454791421205342e-01	   3.8376293464523942e-01	   3.0052150388498960e-01	   4.1078184142463869e-01	   4.0063418181683930e-01	   6.0739933439197091e-01	   6.0039020860390802e-01	   5.0598680179247890e-01	   6.0247538045438609e-01	   5.2018934719376342e-01	   5.3033610960137967e-01	   1.0565561712811392e-01	   4.4486709812093780e-02	   5.3510191947499208e-01	   5.2777044013068752e-01	   2.0589093296037081e-01	   4.1081721217240874e-01	   2.7488131941951588e-01	   4.8740763480171839e-01	   6.1820914483159095e-01	   3.3054756553983528e-01	   1.5362634617478704e-01	   3.2335812395628366e-01	
