   0.0000000000000000e+00	   7.8369175704932847e-01	   3.8368443397513119e-01	   2.6787035773355089e-01	   2.2147252294408060e-01	   2.1108261284986940e-01	   4.7797112946812115e-01	   3.1880131301459452e-01	   3.3360708099194208e-01	   3.0110302435144765e-01	   7.5911222362948383e-01	   3.5336536639115479e-01	   6.7524462574559352e-01	   3.9363389054806330e-01	   5.7027594983521146e-01	   3.8291667986451094e-01	   7.3091067068183846e-01	   6.8432787722810917e-01	   8.2122268461020931e-01	   7.9217973307860456e-01	   4.1011678503775589e-01	   2.9971563083996622e-01	   3.8744933819956556e-01	   3.0435987103445283e-01	   3.2614300526193302e-01	   2.6050573558596579e-01	   5.5126888920732242e-01	   4.8734327894202889e-01	   5.9728103064365079e-01	   4.7947640479989695e-01	   1.6418357197477007e-01	   1.7160808341145420e-01	   6.6358027082029369e-01	   6.2932822722514437e-01	   2.3256345322399405e-01	   2.8089868163300741e-01	   5.0547313539450567e-01	   4.4097839485277535e-01	   4.7768146730002664e-01	   5.1416882156820842e-01	   4.9522144888949915e-01	   3.5172403456997559e-01	   5.1735299709011029e-01	   4.3537924003389561e-01	   5.3314883474896702e-01	   4.3015627536200418e-01	   4.7431779912144634e-01	   5.0982452632147490e-01	   3.9819337030797325e-01	   4.4699661211267028e-01	   3.9203519104600326e-01	   3.5727484466091508e-01	   3.8726084786807291e-01	   3.6504811310159979e-01	   5.0368530087225261e-01	   4.6854581252709659e-01	   7.4702960246618533e-01	   6.8060243115032881e-01	   6.2957607462654064e-01	   6.7347172959619461e-01	   5.6069716508782608e-01	   4.0100713554957146e-01	   5.6935996717148885e-01	   5.6146042479043445e-01	   2.2796545651646946e-01	   1.4997177921394489e-01	   5.3173501475865459e-01	   5.0556557429305982e-01	   7.8466502476790589e-01	   6.9935377349068728e-01	   4.6877545593094039e-01	   2.2959349134474633e-01	   5.4106086071259907e-01	   4.3480443894379506e-01	   3.7159476013139020e-01	   4.2661098719202628e-01	   6.6984392950750837e-01	   5.5565003772262589e-01	   6.3142927435029239e-01	   5.4767616371383587e-01	   6.9479705743359366e-01	   6.5382419787374868e-01	   6.0452387361269622e-01	   6.1469901519152415e-01	   6.3791853287077016e-01	   4.9801169008483459e-01	   5.0687579423147722e-01	   3.9538546683919956e-01	   6.4181488266795417e-01	   6.4620781490586299e-01	   3.8396647071025103e-01	   5.1156966816615390e-01	   2.7266873295088112e-01	   4.1991267620183059e-01	   3.4233285972050642e-01	   1.9911705290972212e-01	   5.8075909261298997e-01	   4.5730034992453683e-01	   4.6321696543540947e-01	   5.4148389207960257e-01	   3.5283188541051236e-01	   5.6070120054510353e-01	   6.3718146027361589e-01	   6.0591126408619256e-01	   5.0951501148109779e-01	   3.6302689056687831e-01	   3.5432088089163538e-01	   3.1619397331583687e-01	  -1.2328796289752725e-01	   2.0692754581479830e-01	   5.3576265529649225e-01	   4.8151008446124510e-01	   4.3511637418932470e-01	   4.0709828836327455e-01	   1.7615449202256322e-01	  -4.3118227333003890e-02	
   7.8369175704932847e-01	   0.0000000000000000e+00	   1.6617601070730192e-01	   1.0231688499335706e-01	   7.7262037054136312e-02	   7.1972896216904364e-02	   2.4271934241505383e-01	   1.4672007050947625e-01	   2.2966862073685468e-01	   1.6416297065162194e-01	   5.0657052210211218e-01	   2.0048449347148387e-01	   4.8300648620504683e-01	   2.4996224294119224e-01	   3.9275042050542464e-01	   2.2842939067886309e-01	   6.8234020321612443e-01	   7.4210891415946834e-01	   6.7016446630526172e-01	   7.0811622769014759e-01	   2.6566659711085777e-01	   2.2140585447060152e-01	   2.0436053545509547e-01	   1.0373896917409504e-01	   2.0567242825547613e-01	   7.5675910313796363e-02	   3.7507301195359882e-01	   3.4497118944309019e-01	   4.9312525354692105e-01	   4.6132942883286432e-01	   1.0050762012918625e-01	   8.4126894398904445e-02	   5.2625733540800457e-01	   5.1518431062644809e-01	   1.3828337908010296e-01	   1.4939965261260735e-01	   3.4747500210411769e-01	   4.3094179292012125e-01	   3.4873493846377840e-01	   4.2084746885770502e-01	   3.4440697375592610e-01	   2.7635521694401244e-01	   4.0366920261253114e-01	   4.3359745760851753e-01	   4.6561004499018421e-01	   4.0908156645943661e-01	   4.3602206354788076e-01	   4.8303475067542245e-01	   3.6602321810477689e-01	   4.1400405294483833e-01	   2.5088719749982719e-01	   2.9843270240098330e-01	   3.1681122418584201e-01	   3.4436325817308133e-01	   4.1482400380383805e-01	   4.3999451609284229e-01	   8.5654058536255129e-01	   8.9041024568961791e-01	   4.5525634601014442e-01	   5.7189524665050062e-01	   4.0556460823307211e-01	   3.1042071600789856e-01	   4.3507437245575364e-01	   5.3341711879156617e-01	   6.3695057946239877e-02	  -2.8406124634730003e-02	   3.0005996046362404e-01	   2.9452500128307901e-01	   8.0748869477851615e-01	   7.1590990006417288e-01	   2.9643665503416905e-01	   1.4435457337959087e-01	   4.8905129259783631e-01	   4.2192480843717411e-01	   2.8618700458466229e-01	   3.5948632356258514e-01	   5.9117849460314842e-01	   4.8804028089920481e-01	   7.3773916278502982e-01	   6.9030633147446596e-01	   6.6486309103308627e-01	   6.3532729226496332e-01	   3.7329355261334202e-01	   4.5800307294851705e-01	   4.3135365445845536e-01	   3.1954270381917693e-01	   3.3725957725865596e-01	   2.1176642815757699e-01	   5.1380373584012440e-01	   4.7477379681868159e-01	   2.3406658620066340e-01	   3.5927584668058016e-01	   1.2998068922614681e-01	   3.0767404350508976e-01	   3.8293589324193128e-01	   2.2799907302003991e-01	   5.7601438254982107e-01	   4.5023057490871909e-01	   4.0969214543890897e-01	   4.9451306710020376e-01	   2.6394621059720097e-01	   4.0772906886046945e-01	   5.3985263331568123e-01	   5.3019815099147849e-01	   4.9879580060318895e-01	   3.9211317773952209e-01	   2.8073353104170462e-01	   2.7169269056844592e-01	   1.4969807509389553e-02	   2.4929442346674907e-01	   4.8718666243776015e-01	   4.5863078147222680e-01	   3.9615462036844440e-01	   4.4967561215697294e-01	   1.4562468686825827e-01	   6.0571296894018946e-02	
   3.8368443397513119e-01	   1.6617601070730192e-01	   0.0000000000000000e+00	   6.5847398636481136e-01	   4.7661799450600351e-01	   4.5218790333467251e-01	   7.9861726422229529e-01	   4.9778096121451620e-01	   4.7542737688466663e-01	   4.6389937046831797e-01	   3.3573731364272286e-01	   1.2367431145059576e-01	   3.4785839572808819e-01	   1.8256866957311341e-01	   5.5527557730959476e-01	   4.9530651095299993e-01	   1.9941705389872308e-01	   7.0509703976583737e-02	   5.0928320263237858e-01	   4.1166226486141766e-01	   6.6615609691992628e-01	   5.0076854873177701e-01	   8.9852603643845341e-01	   8.4162535087160562e-01	   7.5994945646799961e-01	   7.7895785873353285e-01	   7.5900369196061090e-01	   6.1606417067187802e-01	   1.9229709729492248e-01	   1.1885720039346773e-01	   6.4210107176034925e-01	   6.3177060883805991e-01	   5.4129601231611235e-01	   4.8725403527920164e-01	   6.8633285067709093e-01	   6.1375819227021222e-01	   5.1123786410855621e-01	   3.8203473419931389e-01	   6.3241349434872096e-01	   4.9999560072477445e-01	   3.2159534527830691e-01	   1.6299821857267988e-01	   3.3285943724755046e-01	   1.3015826894007831e-01	   3.2388189197569456e-01	   2.2784622008329325e-01	   2.6629544933505273e-01	   3.0256995278746712e-01	   1.4399531403166202e-01	   2.0224778531756232e-01	   3.4160315864434115e-01	   1.7185319727752990e-01	   2.7290945109796122e-01	   1.9219431960874617e-01	   4.3810001555913380e-01	   2.5631788961947166e-01	   1.2574543377348976e-01	   1.2336872411207456e-01	   3.0809483781825686e-01	   3.1214599594832271e-01	   1.7708499207238998e-01	   3.1649506688483675e-01	   1.6329655208004096e-01	   6.7716289967362328e-02	   7.6654362198684889e-01	   5.7865615337184062e-01	   6.6342642624870862e-01	   5.2750419023525286e-01	   3.6489734469484070e-01	   3.6137535835151841e-01	   5.8269772107555440e-01	   4.1810546458499243e-01	   3.8847528145893662e-01	   2.4807780259151208e-01	   3.9910216115669916e-01	   1.7542606229663915e-01	   4.7080953592621555e-01	   3.2262850796201681e-01	   2.9251545146636954e-01	   1.9060648680655609e-01	   3.6227937829699275e-01	   4.1168271084096025e-01	   6.0712363504652544e-01	   4.5243164015407716e-01	   6.9288355171049720e-01	   5.6886249208683126e-01	   5.1562102193856252e-01	   4.3734830776633982e-01	   6.9983690185419545e-01	   6.0904388822992783e-01	   4.7999697016744142e-01	   5.8064671382416178e-01	   6.2680460239220437e-01	   6.5248578432297044e-01	   5.0489916405865531e-01	   4.8419203850574200e-01	   3.9018224600066409e-01	   3.5839007138378942e-01	   2.4077388833501639e-01	   3.0105656577173590e-01	   3.1484047242872315e-01	   6.0277900747482493e-01	   3.6186990953869308e-01	   4.0782284466696678e-01	   4.3449164721108824e-01	   5.1562974352941404e-01	   4.0275524619125225e-01	   3.7096558297635518e-01	   2.8485491798048118e-01	   3.7660958486260010e-01	   3.5278515048006254e-01	   2.7217882622360678e-01	   1.8653602885273388e-01	   3.3332949051996180e-01	   4.3959647081410569e-01	  -2.8036381242877089e-02	
   2.6787035773355089e-01	   1.0231688499335706e-01	   6.5847398636481136e-01	   0.0000000000000000e+00	   2.7322730528366668e-01	   5.7655379991868694e-01	   6.5745435696917665e-01	   8.5706412697843215e-01	   3.3094675700056886e-01	   6.5193708165568731e-01	   2.5188895327229122e-01	   4.8731707427416898e-01	   2.5386698280951653e-01	   4.3116105178442626e-01	   3.8902947439862295e-01	   6.3230383461303952e-01	   2.6706522388367571e-01	   9.8405668845823552e-02	   4.3018395516841640e-01	   5.3254011441960181e-01	   5.5743214230970850e-01	   5.3203249222838522e-01	   5.8659193047127511e-01	   7.5604480889923675e-01	   3.8499438764556659e-01	   6.5035565256356653e-01	   4.9583385296840121e-01	   4.3702728899675436e-01	   3.4501008869514949e-01	   2.9653698308374310e-01	   6.4214285204199695e-01	   7.2973212882680405e-01	   6.1352831416336673e-01	   6.7471707976941619e-01	   4.0606945993800964e-01	   4.2128227352877234e-01	   3.5789891963643600e-01	   3.1473322459626263e-01	   3.8568844359094157e-01	   5.1356805671126271e-01	   2.4095127915614542e-01	   9.3403035529311326e-02	   2.9861927787984011e-01	   1.7581524632489068e-01	   2.9556495419044471e-01	   2.8092900427120138e-01	   3.1259589383254782e-01	   3.3575686245339065e-01	   1.6258790595171996e-01	   2.4961577185895542e-01	   3.4714129862106768e-01	   2.1243373256676895e-01	   3.6391140771204561e-01	   3.0122580645988695e-01	   4.7048488875639188e-01	   3.1560578373238474e-01	   4.2221774483452532e-02	  -1.2405526553995774e-01	   3.0195357347643847e-01	   4.1078467433268251e-01	   3.2065078334240482e-01	   6.6160304152251781e-01	   3.6173996898755190e-01	   2.7903710013276861e-01	   5.4731556228200584e-01	   7.3236002578346193e-01	   5.3077697412193736e-01	   5.1068666621545111e-01	   2.1291498435631051e-01	   2.6208526270601085e-01	   5.0658017246311215e-01	   4.1282408789528235e-01	   4.0913768591144478e-01	   3.2290137823094167e-01	   5.0054338814457133e-01	   3.9469593432619637e-01	   3.1498654557306061e-01	   3.6002999821107839e-01	   3.4146346001814598e-01	   1.3095100056139006e-01	   4.1674312512144229e-01	   3.8267283194916935e-01	   4.2753517574472116e-01	   5.9771028532761761e-01	   6.5664511999438524e-01	   7.3172741164242661e-01	   3.8265251089610003e-01	   4.3658547877386467e-01	   6.3648131011096098e-01	   6.6990407827412968e-01	   4.8917112751988756e-01	   3.4713633194303289e-01	   5.8095788136347548e-01	   2.7902138638302659e-01	   3.1146646012003698e-01	   3.9405537314773115e-01	   2.6059377821009233e-01	   4.2391146896482967e-01	   3.4806467394959362e-01	   2.7623614610764247e-01	   4.2138838083852770e-01	   3.9447037848415245e-01	   3.4350718644331635e-01	   3.3086512799235929e-01	   2.9666649385624472e-01	   2.7018133023625535e-01	   2.8970949415338998e-01	   1.1332698936723501e-01	   1.1293938517991023e-01	   2.7874763964389165e-01	   4.1483615040075372e-01	   3.0021319495453985e-01	   2.8245335895561169e-01	   3.5754938092766964e-01	   4.0501903924076210e-01	   4.1748730605388973e-02	
   2.2147252294408060e-01	   7.7262037054136312e-02	   4.7661799450600351e-01	   2.7322730528366668e-01	   0.0000000000000000e+00	   7.5913448880404277e-01	   5.6020766188446203e-01	   2.5098662429458807e-01	   8.3628784055804783e-01	   4.6109169460373028e-01	   2.3744196058104855e-01	   3.7738199630381375e-01	   4.1864268991571629e-01	   4.4842066319556118e-01	   2.7648283093147263e-01	   4.3163057966868734e-01	   1.8864395781443574e-01	   2.2254766305955595e-01	   2.2866444481975270e-01	   2.4256322440036243e-01	   6.0310203399773374e-02	  -5.5461209823014286e-02	   4.3848005788607802e-01	   3.1991871101404190e-01	   4.3000286997138398e-01	   5.0647389061586134e-01	   2.3455199132272997e-01	   7.4305921528872887e-02	   3.1885903019772099e-01	   3.2875718688574213e-01	  -1.6598406453141096e-01	  -1.2581983490131499e-01	   2.3769306315719158e-01	   1.6471055378841795e-01	   2.1534614475989441e-01	   2.8813696618359885e-01	   7.4813925064500686e-02	  -1.8436561340509118e-02	   1.5208317572857682e-01	   1.2378485683556427e-01	   3.2595231167832764e-02	  -1.2634125020444625e-02	   4.6453310036347822e-01	   3.9621732717642333e-01	   4.9370564771646019e-01	   5.6332251491963525e-01	   4.2349453134166265e-01	   4.6283919347397517e-01	   4.7240185055433026e-01	   5.8168221853494873e-01	   5.3135551959633553e-01	   4.9372524300215598e-01	   5.5271576388299104e-01	   4.9200284726964383e-01	   3.5070851502221867e-01	   3.1370963908204474e-01	   1.2456045414946983e-01	   1.1882440762334200e-01	   4.9962883730735969e-01	   4.9982667008587728e-01	   4.1617847121918294e-01	   4.5261532917622982e-01	   2.6412156929798020e-01	   2.9808328567475512e-01	   3.4062922308444876e-01	   3.5307938021494045e-01	   4.7305124462665815e-01	   5.6608965919436416e-01	   2.5601044528591604e-01	   3.6586786882943789e-01	   7.6940320861525802e-02	  -5.6632008534568450e-02	   1.0603260050462646e-01	  -4.1409100331785659e-02	   1.3463372283653677e-01	   6.5176120041844756e-03	   3.7062158055610872e-01	   4.2950004500334349e-01	   2.4760585982713812e-01	   1.9398995612490108e-01	   3.1308803481043873e-01	   4.3268973314377135e-01	   2.0316525723925077e-01	   4.1958871453021290e-01	   3.2217999897554622e-01	   4.4468544933419202e-01	   9.6222646968188663e-02	   2.8511898758149351e-01	   3.6396925609193331e-01	   5.0443166166165387e-01	   5.2029250325106513e-01	   5.4478945541493484e-01	   5.8749508750834312e-01	   5.0837955481336383e-01	   7.1102300087262427e-02	   1.7660173811070046e-01	   2.5113845661539136e-01	   2.5461074357868779e-01	   3.6022054465413472e-01	   4.2022014718966061e-01	   5.8211572752562124e-01	   6.0902733206474191e-01	   5.5624982876691142e-01	   5.0085473623385313e-01	   3.5341919419265916e-01	   1.6459244464255618e-01	   3.4316168294131910e-01	   3.9839661742194321e-01	  -6.0925928400018134e-02	   5.2659069153905988e-02	   3.3637558245146615e-01	   2.8166405648967541e-01	   3.0123803502700924e-01	   2.3446185642255973e-01	   1.4795716813358764e-01	  -2.8408546470367746e-01	
   2.1108261284986940e-01	   7.1972896216904364e-02	   4.5218790333467251e-01	   5.7655379991868694e-01	   7.5913448880404277e-01	   0.0000000000000000e+00	   6.0754939769623972e-01	   6.1503516765511823e-01	   7.4770566671764827e-01	   7.1501215031841803e-01	   2.6970394683792442e-01	   5.4731312300844870e-01	   4.3688713877257607e-01	   5.7752596825084790e-01	   3.0173642169789222e-01	   6.1511239552882035e-01	   2.8472952647931155e-01	   2.7422693072366711e-01	   3.2025509963854976e-01	   4.0067126486908727e-01	   1.9497637123401990e-01	   1.1165451285906763e-01	   3.6946827655544601e-01	   3.6268515735334228e-01	   2.2578837688013542e-01	   5.1833189805373159e-01	   1.5940816258417786e-01	   6.6990735199434118e-02	   5.0191547691287741e-01	   5.5342834162888976e-01	   2.8568926252177267e-02	   1.3852493195722690e-01	   3.4713739925552478e-01	   3.9142597951445102e-01	   8.2987575484421580e-02	   1.3147749384533852e-01	   1.2207910970333760e-01	   7.5553779796994985e-02	   1.4565870188915714e-01	   2.6652647619371589e-01	   1.0528472206404103e-02	  -7.7349225730559634e-02	   5.1424540297872023e-01	   4.1596881491880416e-01	   4.7899527680120257e-01	   5.5883840499708715e-01	   5.0005993564650697e-01	   5.3613616859709157e-01	   4.6464556310909311e-01	   5.9161566842259239e-01	   4.9016508085875105e-01	   4.2740423215268802e-01	   6.3311411147945618e-01	   5.8092961653960740e-01	   4.5637070581934658e-01	   4.0283399476869841e-01	   1.0318205461996272e-01	  -1.4524853200154363e-02	   5.1035286132326796e-01	   6.1586231924562385e-01	   5.0342765529023792e-01	   7.3288280777571724e-01	   3.8461056394560444e-01	   4.7410343821725420e-01	   2.3375618629042261e-01	   3.9714090093609289e-01	   3.6524090240977852e-01	   4.5766151556561840e-01	   1.5102929500049783e-01	   2.8932214652979427e-01	   2.0440393188386669e-01	   1.4029895610636445e-01	   2.0869373798483590e-01	   1.2813903904814705e-01	   2.7564194167647960e-01	   2.1827230943173542e-01	   2.6600092205147419e-01	   4.0721908645196753e-01	   3.3320003258100400e-01	   2.7314700441641421e-01	   4.0210470832489448e-01	   4.4929915537209164e-01	   1.6545110245312761e-01	   5.4140461727783051e-01	   3.2471951738522353e-01	   4.6143683385579504e-01	   4.6747263090753763e-02	   1.8060157754097961e-01	   4.8244849883636304e-01	   6.4883064261386481e-01	   6.1706575424360577e-01	   5.4512289887735110e-01	   6.3646540354991921e-01	   4.0265631704153776e-01	   2.0642613346991806e-01	   3.0854418851061377e-01	   3.3042692423141951e-01	   4.3955269600684993e-01	   5.2110397808417686e-01	   5.1102132580567350e-01	   7.0597281163251824e-01	   5.6781741466297886e-01	   5.8306057740469397e-01	   5.2552626559072468e-01	   2.8360988944192234e-01	   1.6389864111689145e-01	   3.7822278302671436e-01	   3.0037703178872660e-01	   5.5578238483483193e-02	   2.0148023044957591e-01	   4.8110009519521102e-01	   4.5078007057691255e-01	   5.0765500277662123e-01	   3.6757023361811680e-01	   1.8493448466561041e-01	  -1.1702356325895868e-01	
   4.7797112946812115e-01	   2.4271934241505383e-01	   7.9861726422229529e-01	   6.5745435696917665e-01	   5.6020766188446203e-01	   6.0754939769623972e-01	   0.0000000000000000e+00	   6.9953629363320913e-01	   6.8452213785386862e-01	   5.9848252187504825e-01	   5.0180327586452356e-01	   4.1142227406519233e-01	   6.5803983221371631e-01	   4.6158769517291820e-01	   5.9099006011835575e-01	   5.3200738201318010e-01	   3.1709675615771526e-01	   2.2275943986749336e-01	   5.4471860757533985e-01	   5.2722669490426766e-01	   5.1772706397098534e-01	   2.9876719246147432e-01	   6.4388848874948745e-01	   5.8525024659577340e-01	   4.4442404806134106e-01	   5.6687587093979130e-01	   5.3325606462180009e-01	   3.7981832022071399e-01	   3.8498427574413413e-01	   3.2973990791750479e-01	   3.8419391233318773e-01	   4.2573474499079933e-01	   5.7582716318787575e-01	   5.5854604928438101e-01	   4.4964370674693777e-01	   4.6082651887912218e-01	   2.7975012703974156e-01	   2.0063498395951432e-01	   4.9459673984069613e-01	   3.9631326723045757e-01	   2.5935853538821846e-01	   2.8667793261883269e-02	   4.4146114754509508e-01	   3.2190616380171244e-01	   4.0844707526950508e-01	   3.7047619021166511e-01	   4.5343929293086815e-01	   4.7385985064781566e-01	   2.9271359833839672e-01	   3.7575932450486049e-01	   4.1430165969409649e-01	   2.9184793161277200e-01	   4.6248882572587391e-01	   3.4986894626033477e-01	   4.9996161490290092e-01	   2.8734958423007984e-01	   1.4330919697417582e-01	   1.3042814044563733e-01	   5.0877649131675240e-01	   4.8777123397694022e-01	   5.6751898320317107e-01	   6.4999671528115888e-01	   3.0507720090627460e-01	   3.4332584382109738e-01	   6.7802423071723350e-01	   6.1196149085230633e-01	   5.5585651577311457e-01	   4.9844372130636327e-01	   3.3328269464730603e-01	   3.9268239146208173e-01	   4.4555811597612793e-01	   2.1735994451595031e-01	   3.6578385852727596e-01	   2.3363860048797352e-01	   4.0462880848576299e-01	   3.1764593514350736e-01	   4.8931547077393900e-01	   3.9682491301868661e-01	   4.0197693705637688e-01	   1.7207182448078029e-01	   4.2506884115714116e-01	   4.4459098213489434e-01	   4.4223614600498123e-01	   5.4475815332599253e-01	   6.0299393909346111e-01	   6.2450935093793225e-01	   3.4144598520700342e-01	   2.8936969193247342e-01	   7.4435375947389892e-01	   6.7117166677803330e-01	   5.2447579683602097e-01	   5.5749717301803048e-01	   5.8935498005713249e-01	   5.4894760328763914e-01	   4.1739478255584950e-01	   4.0287612437452747e-01	   4.6366125450120282e-01	   3.9378394270607270e-01	   3.9245487771790966e-01	   3.9771489215552919e-01	   4.6402309049201068e-01	   6.6419775883434817e-01	   4.7760368713859697e-01	   4.7940145284739077e-01	   3.4068850097139575e-01	   3.7518881681400085e-01	   3.2481866621318134e-01	   3.2771205732987502e-01	   9.6245802681970249e-02	   2.8246576945553287e-01	   4.6284011637179034e-01	   3.8737118814527283e-01	   3.4740840962510694e-01	   3.0320064616850095e-01	   2.7763602958884681e-01	  -3.3562184184791052e-02	
   3.1880131301459452e-01	   1.4672007050947625e-01	   4.9778096121451620e-01	   8.5706412697843215e-01	   2.5098662429458807e-01	   6.1503516765511823e-01	   6.9953629363320913e-01	   0.0000000000000000e+00	   3.8248911162105448e-01	   7.6939994499214515e-01	   4.1754824090663512e-01	   6.4061061668357655e-01	   4.4865422032140584e-01	   6.2262954378161695e-01	   4.2009915159103350e-01	   6.5169701169860028e-01	   3.3205572459892108e-01	   1.6098638864392190e-01	   4.7876671991267683e-01	   6.0307673478021273e-01	   4.9941646179313548e-01	   4.1651659499967575e-01	   4.2464461975552781e-01	   5.4749608222259627e-01	   1.8673305726465222e-01	   4.7264945132085789e-01	   3.2781943239023437e-01	   2.8524671723997502e-01	   4.4746033246052647e-01	   4.3666302997165074e-01	   4.8606028927722766e-01	   5.7161888252248982e-01	   5.5239810726806970e-01	   6.4640243390170804e-01	   2.3440246898929357e-01	   2.5535981714543543e-01	   2.5462403916663034e-01	   1.7857508241504583e-01	   2.9888866838112360e-01	   3.7491077789230354e-01	   1.6465980466764590e-01	  -7.6035092564365664e-02	   3.5506684242104608e-01	   2.5213964561166136e-01	   2.9668622946018763e-01	   2.8273848745834185e-01	   3.9744047296689694e-01	   4.1442540967333108e-01	   1.7938567744775058e-01	   2.6227221218344249e-01	   2.6913310911897181e-01	   1.4863878613947176e-01	   3.7945335305303018e-01	   3.1642360857364232e-01	   4.2131420538034459e-01	   2.7064431935807426e-01	   1.6196775386434204e-02	  -1.1096616225084094e-01	   3.2415080371768257e-01	   4.6151910716678929e-01	   4.4591012053358559e-01	   7.8117332863674371e-01	   3.8374417679498829e-01	   4.0407756489222890e-01	   3.9631430681764940e-01	   6.0345289687663739e-01	   3.7522837357407873e-01	   3.7291786978343694e-01	   2.0249024537998411e-01	   3.0738456262517011e-01	   3.8860875660722172e-01	   3.1577109058585418e-01	   3.4481683960667064e-01	   3.1790783515116827e-01	   4.6284535956971062e-01	   5.0085145835484102e-01	   3.4450824241759137e-01	   3.9215664120957699e-01	   3.4682858323064092e-01	   1.1529717992674304e-01	   4.4318043583549399e-01	   3.5840459315942735e-01	   3.4238876698730036e-01	   6.1081016911571462e-01	   4.8494239841459308e-01	   5.9747048926102597e-01	   2.6111563041199215e-01	   2.4725114182374144e-01	   5.7633060479642584e-01	   6.2680716087495314e-01	   5.0602182602851797e-01	   4.0254158440921334e-01	   5.6767586722901975e-01	   2.9077748644354723e-01	   3.5486181346833590e-01	   4.0211045496560438e-01	   3.8809154585530270e-01	   5.1581132224095305e-01	   4.5213261631235258e-01	   3.9043599755182046e-01	   5.2727642888986648e-01	   4.6507193924796969e-01	   4.3967184651470187e-01	   4.1621066606718632e-01	   2.8681205102714014e-01	   2.7298305654075516e-01	   2.8672066472130237e-01	   1.4456742373516976e-01	   1.4566498434661707e-01	   3.4058687922068731e-01	   5.4787482627364048e-01	   4.3774356064470232e-01	   4.1949094467897152e-01	   3.9074816940383383e-01	   3.4289767497105883e-01	   7.4781632827132460e-02	
   3.3360708099194208e-01	   2.2966862073685468e-01	   4.7542737688466663e-01	   3.3094675700056886e-01	   8.3628784055804783e-01	   7.4770566671764827e-01	   6.8452213785386862e-01	   3.8248911162105448e-01	   0.0000000000000000e+00	   6.4409471451774070e-01	   4.5160523796213092e-01	   4.1049621675277609e-01	   6.8179851943922443e-01	   4.8369077549650424e-01	   5.8301698958716630e-01	   5.4303262032923594e-01	   3.1640295551682129e-01	   3.1699437178297030e-01	   4.0950408931894716e-01	   3.9583226681464301e-01	   1.6608773050066911e-01	  -8.6975988770325585e-02	   4.8584853675007461e-01	   3.5369579429525166e-01	   3.5878098356730947e-01	   4.6287444681626605e-01	   3.2717218908555745e-01	   1.6098277036886022e-01	   3.5399537436620565e-01	   3.4333806083348417e-01	  -1.0554442855543919e-01	  -5.2873841676673791e-02	   3.0368540194864058e-01	   2.3964015089186114e-01	   2.0486106398829235e-01	   2.0866920034049735e-01	   1.1943459702075560e-01	   5.2501890791043990e-02	   2.4714608557599582e-01	   1.8433326339634393e-01	   1.2168697979210676e-01	  -3.9326419074586651e-02	   4.9739531014159777e-01	   4.1067106951175764e-01	   4.3488621774632874e-01	   4.9030113861506702e-01	   4.7866565560526153e-01	   5.3388234093765841e-01	   4.5585645089946980e-01	   5.4914108980419751e-01	   4.7971578638195111e-01	   4.3927402068186794e-01	   6.2249906762014906e-01	   6.1107949308169740e-01	   4.2411522211611996e-01	   3.5210180660722262e-01	   2.0055324916641926e-01	   2.0690340717233324e-01	   5.3159870137653931e-01	   5.4519595458744319e-01	   5.4314053900892312e-01	   5.6646192641419169e-01	   3.0160982719504403e-01	   4.0064927930930389e-01	   4.2792986044349407e-01	   3.5121304464540454e-01	   3.7328907224130514e-01	   4.1993446264283429e-01	   3.7171470496576370e-01	   4.6529013310103495e-01	   1.5537944119185249e-01	  -2.0118260476737568e-02	   2.2065351937017016e-01	   6.9961010321499999e-03	   2.5609396706190524e-01	   1.2050174841052635e-01	   3.5991192671464001e-01	   3.8872303496610860e-01	   3.5842558542852687e-01	   2.5922722664775433e-01	   3.9583187821915944e-01	   4.7492998231584926e-01	   2.6767893414422778e-01	   4.7644304234955048e-01	   3.8955926654963502e-01	   4.6852939257299564e-01	   2.5388508858651793e-01	   2.6763916833787582e-01	   6.0096671528921397e-01	   6.0749209031753926e-01	   5.8480314252160726e-01	   6.4148514282128777e-01	   6.0166470872151046e-01	   5.8800767317871161e-01	   2.4000262678492171e-01	   2.5372500465584957e-01	   3.8955327701137782e-01	   3.5460145421122008e-01	   4.6530915962967923e-01	   5.0412059405751652e-01	   5.7327050201270491e-01	   6.7167364655295436e-01	   6.1833765919765860e-01	   5.7666627237103407e-01	   3.3827788461261010e-01	   2.5657350743434648e-01	   3.9836099080453391e-01	   3.6074120099322421e-01	   2.3051285659615471e-02	   1.9053242959334676e-01	   4.3738811051276516e-01	   4.3677089097034660e-01	   4.2051606659759683e-01	   3.5366431660886832e-01	   2.2878606333856183e-01	  -2.8342349163971498e-01	
   3.0110302435144765e-01	   1.6416297065162194e-01	   4.6389937046831797e-01	   6.5193708165568731e-01	   4.6109169460373028e-01	   7.1501215031841803e-01	   5.9848252187504825e-01	   7.6939994499214515e-01	   6.4409471451774070e-01	   0.0000000000000000e+00	   4.8199742481806340e-01	   5.1450973496498220e-01	   6.0259649232752710e-01	   6.7570167046886520e-01	   5.7331889076504117e-01	   7.3797659474379618e-01	   3.0585298457977422e-01	   1.5424108956751481e-01	   4.6898263222131520e-01	   4.9704794792691021e-01	   4.5029830796257642e-01	   2.4494435994172392e-01	   4.9258053694807047e-01	   5.3795905557054702e-01	   2.9398600634241401e-01	   5.2619278668100666e-01	   3.8345097227917346e-01	   3.5463714435930460e-01	   3.1609833670138010e-01	   3.1942861249480703e-01	   2.4574926649661283e-01	   3.2009593425870020e-01	   2.8230658784381601e-01	   3.4098285873746514e-01	   2.4069718975168275e-01	   2.1230087238344014e-01	   2.7245133700620167e-01	   2.0035677693828180e-01	   2.7864958343604773e-01	   3.4567137153200578e-01	   5.9036887647360717e-02	  -1.6998272651593091e-01	   3.5217187117766025e-01	   1.9900930105046816e-01	   2.1488756685367150e-01	   2.4157846697288210e-01	   3.0862663356474662e-01	   3.7708814450950268e-01	   1.7698859095468372e-01	   3.0424667023512375e-01	   3.1317806212723964e-01	   2.1007971622461485e-01	   4.8892505718188717e-01	   3.9918493097141777e-01	   3.4652499688061511e-01	   2.5682884887588603e-01	   9.4382207534734308e-02	   2.3703031893622370e-02	   3.9103264934853477e-01	   5.0308647928413164e-01	   4.5718205563178194e-01	   6.8247215923751070e-01	   2.8016304750463816e-01	   2.8822787881273704e-01	   3.8264340992865836e-01	   5.1594628890756189e-01	   3.3486791108931213e-01	   3.1675704065587862e-01	   2.8345585206024576e-01	   3.7057087581327258e-01	   3.2667942677350675e-01	   1.8538981265720145e-01	   2.7659831670698587e-01	   1.4000880810579167e-01	   3.6113170147621027e-01	   2.3323738248546119e-01	   3.2483755668851183e-01	   3.3479199689558947e-01	   3.3339780816358694e-01	   1.7352596759632510e-01	   4.3550715251252869e-01	   4.1669811286232561e-01	   2.9019173025115325e-01	   4.9314381157073783e-01	   4.5052300865053441e-01	   5.3534286560377375e-01	   2.6872564228262058e-01	   2.3889185601602683e-01	   6.4466089296605489e-01	   6.8705558796632393e-01	   5.4159892659966324e-01	   5.4015749673749247e-01	   7.0234639472412796e-01	   5.0100118851332986e-01	   3.2281932116055334e-01	   3.6733925368772863e-01	   3.9060669072991028e-01	   4.4319467807215351e-01	   3.7264728214338572e-01	   3.8768434900811743e-01	   6.0345529747290061e-01	   6.3066261655024181e-01	   5.3927776899557933e-01	   5.1168882349652511e-01	   3.2528825559399122e-01	   3.1908502993801441e-01	   4.4975848728076395e-01	   1.9065598071353612e-01	   2.2040458546937747e-01	   4.2531493987465746e-01	   5.4903202470127199e-01	   3.6972245545371651e-01	   3.9282267164426254e-01	   4.7249449615071015e-01	   3.9086307720360169e-01	  -9.3765335497961178e-02	
   7.5911222362948383e-01	   5.0657052210211218e-01	   3.3573731364272286e-01	   2.5188895327229122e-01	   2.3744196058104855e-01	   2.6970394683792442e-01	   5.0180327586452356e-01	   4.1754824090663512e-01	   4.5160523796213092e-01	   4.8199742481806340e-01	   0.0000000000000000e+00	   4.6566796562256657e-01	   8.3555548739030550e-01	   4.8012366261572115e-01	   7.4757732607175997e-01	   5.4957961071689687e-01	   6.3350328560533709e-01	   4.7128659486684410e-01	   7.4862307474545509e-01	   6.6342748630005999e-01	   3.5908187056071278e-01	   1.1291506186387314e-01	   3.8560747832528347e-01	   2.9006895126584209e-01	   2.1922405398894695e-01	   2.3143098970554049e-01	   4.5581137639412239e-01	   4.0591684181233234e-01	   4.9718328827643538e-01	   3.6046435304262803e-01	   1.3421755575056057e-01	   1.4241966227634151e-01	   4.3788614092889577e-01	   4.6371564255065634e-01	   1.1033766327551445e-01	   8.7836389506382784e-02	   3.5393714112045066e-01	   3.2047415378657507e-01	   3.3613344619293517e-01	   3.9514124501219655e-01	   3.8395712641966562e-01	   1.6022467363309387e-01	   4.2415563657306515e-01	   3.3477430626533256e-01	   3.2358906665084419e-01	   2.3180248877570134e-01	   4.0522952987996896e-01	   4.3606203784730818e-01	   2.1561885615794130e-01	   2.7695567703737189e-01	   2.4099310110454314e-01	   1.9870938709405600e-01	   3.5587429979088570e-01	   3.7870244337668690e-01	   3.4302088485045057e-01	   3.0440831436689558e-01	   4.1047492277950304e-01	   3.9951789611902810e-01	   3.9276388940272394e-01	   4.8651447962761002e-01	   4.8047857308710451e-01	   3.9615793372013985e-01	   4.6977900428913683e-01	   4.3789200123447336e-01	   2.6225196047845822e-01	   1.5802095679929667e-01	   2.5637754678269425e-01	   2.5155137044683007e-01	   5.5673423307879100e-01	   5.3794673046657404e-01	   3.9203371975117635e-01	   1.9094374635198105e-01	   4.3669566090522555e-01	   2.3460081810074315e-01	   3.9687958280260127e-01	   3.7077439162655396e-01	   5.3416704425662331e-01	   4.3664097960157122e-01	   4.2351425244827551e-01	   3.4788620652409608e-01	   5.8545613669786212e-01	   5.1147695382371938e-01	   5.5077552414545428e-01	   5.4610978635204999e-01	   5.5158090400317905e-01	   4.3122301824553644e-01	   4.6673883506873903e-01	   3.4767805944717778e-01	   6.0100041280756988e-01	   5.5686203540959456e-01	   3.7099453601870341e-01	   4.7121260075482807e-01	   3.0356082450996807e-01	   3.6841011497333498e-01	   2.4338716372914587e-01	   1.3078963177609473e-01	   4.5170554058833412e-01	   3.7484219945046704e-01	   3.8995300943286282e-01	   4.3846675429603776e-01	   3.2519259768581865e-01	   5.1962332302321457e-01	   5.5738175054004524e-01	   5.1633801020155168e-01	   2.8124883155357294e-01	   1.3652235881691771e-01	   3.0536519763456327e-01	   1.0027790300045045e-01	  -7.2356535789439874e-02	   2.4626306664447778e-01	   4.1918273021597141e-01	   4.3066871566600617e-01	   4.3649795939564379e-01	   3.9406313149259575e-01	   1.8528610158930020e-01	  -1.9089277289843304e-01	
   3.5336536639115479e-01	   2.0048449347148387e-01	   1.2367431145059576e-01	   4.8731707427416898e-01	   3.7738199630381375e-01	   5.4731312300844870e-01	   4.1142227406519233e-01	   6.4061061668357655e-01	   4.1049621675277609e-01	   5.1450973496498220e-01	   4.6566796562256657e-01	   0.0000000000000000e+00	   4.2910653206372756e-01	   7.4355515820896612e-01	   2.7404136328825979e-01	   6.6995864927248405e-01	   4.8558193756090157e-01	   3.8527612623587509e-01	   4.3721843387575499e-01	   5.7799180391984595e-01	   1.8536442056402491e-01	   1.4625255853159075e-01	   9.9598264111749726e-02	   1.8839534929753848e-01	  -5.0306379161029410e-02	   1.7883031700820051e-01	   6.6800383937686447e-02	   1.5739591174636063e-02	   6.4441391431812423e-01	   6.3305587500613347e-01	   1.0252956641137486e-02	   6.8819324284680933e-02	   4.8389317345776528e-01	   5.4160339289659343e-01	  -1.2432609907481532e-01	   3.0471715344731934e-02	   3.0607129334910544e-02	   9.4021795248059842e-02	  -8.8701190540957310e-04	   2.7350087582889532e-01	   2.1363005866556789e-01	   1.0331830015561770e-01	   5.1023879886650214e-01	   4.7148059327792124e-01	   4.6271624141196888e-01	   5.1707963069438923e-01	   5.7641413617202819e-01	   5.6687893976166071e-01	   4.4476670318519224e-01	   4.9207920517483744e-01	   4.3751027591158898e-01	   4.5194711281466760e-01	   5.5733501399693086e-01	   5.7134204475606487e-01	   4.8350405884395631e-01	   4.9622693651898886e-01	   7.1860550025446640e-02	  -7.3202486757009716e-02	   4.0981702263038994e-01	   5.2553279999306191e-01	   5.0278527771976456e-01	   6.6244410819234278e-01	   6.6336086742128264e-01	   6.9281342457457618e-01	   3.8031315807453246e-03	   2.4379728530850828e-01	   2.6883846156520902e-01	   4.1299508652982853e-01	   1.7500085321424610e-01	   3.6744414760630711e-01	   2.3001160487123584e-01	   1.5285682789630167e-01	   3.3266744973980594e-01	   2.8461094014171529e-01	   4.1999460309606107e-01	   5.1927540198352551e-01	   4.0059453136572476e-01	   5.2671929433760079e-01	   3.8643588709360538e-01	   1.7347714957261542e-01	   5.6616603898398443e-01	   5.0081940146717407e-01	   2.6212204674483769e-01	   7.3547847318527126e-01	   4.0265574561111245e-01	   5.5550687420787037e-01	   1.0423956780157118e-01	   2.5587487908993534e-01	   3.2333699850296294e-01	   5.2960990246052941e-01	   4.8899894639803709e-01	   3.1296217754639860e-01	   3.5882685260097252e-01	   1.1454185173329419e-02	   9.9870012346266690e-02	   1.4888304926107696e-01	   3.6286308645591464e-01	   4.6748237748132559e-01	   6.1589273088480212e-01	   5.2464799392529493e-01	   5.8373242145760251e-01	   2.9235659736686248e-01	   5.5400080381877359e-01	   4.5562357808200404e-01	   1.4399950057944980e-01	  -3.5163278015884342e-02	   1.7630424690778526e-01	  -4.6021400609471018e-03	  -1.4735382610510597e-01	   1.1939590625414154e-01	   4.8477718780227752e-01	   4.7570587989300939e-01	   5.0943189782332365e-01	   2.8315280691705680e-01	   2.3795429193798075e-02	  -1.4486250589296454e-01	
   6.7524462574559352e-01	   4.8300648620504683e-01	   3.4785839572808819e-01	   2.5386698280951653e-01	   4.1864268991571629e-01	   4.3688713877257607e-01	   6.5803983221371631e-01	   4.4865422032140584e-01	   6.8179851943922443e-01	   6.0259649232752710e-01	   8.3555548739030550e-01	   4.2910653206372756e-01	   0.0000000000000000e+00	   5.9424813131936260e-01	   7.3452720724582266e-01	   5.0927811730749351e-01	   5.3603301930925307e-01	   4.8800017466956891e-01	   6.3842588751427631e-01	   5.7736103137214767e-01	   3.0722866406255306e-01	   1.2482899985304313e-02	   3.2946218421150159e-01	   2.0503187031312317e-01	   1.7777783811243753e-01	   2.2413039603024881e-01	   3.5681160755348235e-01	   3.1282318363396572e-01	   4.7223348782978253e-01	   3.8642905821261697e-01	  -2.9474426932405061e-02	   3.2830234067094226e-03	   3.9417161432775227e-01	   3.8285124761423472e-01	   1.3415939921296449e-01	   1.3992990911215747e-01	   2.4118757507816091e-01	   2.3610382813357345e-01	   3.6540968593329359e-01	   3.6433962977110446e-01	   2.9642413573579596e-01	   7.9884930965655854e-02	   4.3540350459361332e-01	   3.7349592793498781e-01	   3.2678613455039762e-01	   3.2010079905070971e-01	   4.3251985825725875e-01	   4.6523107352892601e-01	   3.2253012705032247e-01	   4.1797539473473483e-01	   3.6459323270496868e-01	   3.2686863084632006e-01	   4.9739261277935665e-01	   4.2533493786214072e-01	   4.2275957620005322e-01	   3.0221256910092131e-01	   3.6990303889820175e-01	   3.9163239282054618e-01	   5.9937323975531132e-01	   6.0729146993981808e-01	   7.2215917714825162e-01	   5.5675455297652832e-01	   3.9177245501352215e-01	   4.7288922642077974e-01	   3.0943121494368875e-01	   2.6213048005575579e-01	   3.0366110859275008e-01	   3.0852869501636493e-01	   4.9432798526182287e-01	   5.2864657296964179e-01	   3.0116714411081502e-01	   3.7903409305311379e-02	   3.3457534757098129e-01	   1.4932683877171676e-01	   3.2871546590387529e-01	   2.6049405776950274e-01	   4.9226375773198439e-01	   3.8056333886620536e-01	   4.6702461497565761e-01	   3.2729760470320207e-01	   5.2722004423844926e-01	   5.2654835836526925e-01	   3.8155211539033762e-01	   5.0490323783651714e-01	   4.6252112786164001e-01	   4.3763971788838041e-01	   3.4478826238709703e-01	   2.0384313028550297e-01	   6.9750978245535111e-01	   6.4421451312119493e-01	   4.1107094081767431e-01	   5.2305543410299926e-01	   3.8863751716574346e-01	   4.7437979067950842e-01	   2.5977715848923588e-01	   1.7795902804726341e-01	   4.4311012325907351e-01	   3.4389034285553488e-01	   3.9650289603970706e-01	   4.4348221524587605e-01	   4.2061582826973426e-01	   6.6444462345579602e-01	   5.9342409507309235e-01	   5.8791042151730077e-01	   3.0239078646952350e-01	   2.2372538070370351e-01	   3.4304369354951558e-01	   2.3918911531161363e-01	  -6.5470708588801607e-02	   2.1070964454104824e-01	   4.0496660374409305e-01	   3.8602023154463527e-01	   4.3758759028179928e-01	   3.2827605733705439e-01	   1.4117111618057809e-01	  -1.6874448808065867e-01	
