   0.0000000000000000e+00	   6.3384269634409740e-01	   4.6983965584300208e-01	   6.2480509606553403e-01	   6.2124585498755591e-01	   6.2729235933824290e-01	   6.7523461823727915e-01	   6.7264966410305649e-01	   6.5616160744513896e-01	   6.5862819161555330e-01	   6.9992015824397880e-01	   6.4743093614813163e-01	   6.2786619939299992e-01	   6.4014092916634824e-01	   6.6072407480335638e-01	   5.8579852136826893e-01	   7.6174893704736013e-01	   4.5767369940161162e-01	   8.0495262545323754e-01	   7.8566879589511285e-01	   2.1048604975551488e-01	   2.3814252508924327e-01	   2.8407823258256587e-01	   3.1860992966222146e-01	   2.1829536078899905e-01	   2.4314745769477150e-01	   2.9154713190353332e-01	   1.9830039335979388e-01	   6.7140196630584592e-01	   5.6534589930453416e-01	   4.1885815771004753e-01	   4.6685618928379702e-01	   5.9795523843327358e-01	   5.4834987304502625e-01	   1.1476888117644057e-01	   9.4709400901011917e-02	   1.3878795909903799e-01	  -4.1109984537465651e-02	   3.6405653219345957e-01	   3.1542597777679576e-01	   3.9897548972505720e-01	   9.9156353275388340e-02	   3.9937742778534158e-01	   3.8064348935041881e-01	   3.2334736960081967e-01	   3.6732077748321545e-01	   3.9011110163325458e-01	   4.1125401991093014e-01	   3.6188222638886430e-01	   3.7516346178618853e-01	   5.3876981512718358e-01	   4.1927197784609649e-01	   6.4321897383570659e-01	   5.3618614931855868e-01	   5.2649622880867153e-01	   5.0582762774907530e-01	   6.2466559975533742e-01	   4.6628166019636125e-01	   5.6775180456961039e-01	   4.3961572599143184e-01	   6.8476936975249003e-01	   4.2091132430143896e-01	   6.7203174846900238e-01	   6.5079159005230536e-01	   3.0014416290002188e-01	   8.2737021561164997e-02	   4.3407781420956504e-01	   4.2177887057400948e-01	   5.0124946487648114e-01	   4.3478685969111064e-01	   4.6063033459936975e-01	   3.3324934056743361e-01	   7.2345315003010136e-01	   5.6443112998347833e-01	   5.2134622266048258e-01	   4.3763837206805545e-01	   6.5149640097497707e-01	   4.4159474724313180e-01	   5.6579072359725491e-01	   5.2864460681620429e-01	   6.7828169875062316e-01	   6.9835463074602011e-01	   5.8734826611287394e-01	   4.7818915829321268e-01	   4.4496668051149291e-01	   4.3353575795710070e-01	   1.7554239447111641e-01	   3.6575264320121655e-02	   5.1507044635396082e-01	   4.6243464662024414e-01	   4.3272914220485087e-01	   5.7962243887170517e-01	   3.2588730034503710e-01	   5.0596351204293455e-01	   1.9066149426337611e-01	   1.9567519903855160e-01	   5.0603550265316155e-01	   4.9685601712495464e-01	   5.6017692851166223e-01	   6.7833657262364455e-01	   5.5780627570348340e-01	   5.9006759633537453e-01	   4.7886175151906096e-01	   5.3132181698218828e-01	   3.4807334817461461e-01	   2.2005442784209056e-01	   5.3195556722712467e-01	   3.9701831843950169e-01	   4.6407029015324563e-02	   8.9797647029310632e-02	   3.5806689436306044e-01	   5.2132965721614422e-01	   3.8306043258470746e-01	   4.4686953190739853e-01	   3.2725124681051615e-01	   6.2097999182415979e-02	
   6.3384269634409740e-01	   0.0000000000000000e+00	   1.2866917000702524e-01	   3.0947979084407856e-01	   3.8651439611800387e-01	   5.4080676357284196e-01	   2.6188765607789832e-01	   4.8952192884965451e-01	   3.6581228745850169e-01	   5.2656609909363750e-01	   2.7560807133672677e-01	   6.7957956326496183e-01	   3.9725645855811087e-01	   6.5532927717778700e-01	   4.8987415113832833e-01	   4.3923918876750606e-01	   5.4315154656756692e-01	   8.3287176297786947e-01	   5.2427197795888070e-01	   7.5838582255829956e-01	   1.5400912559526159e-01	   2.3824890625433617e-01	   1.2358766105956365e-02	   5.1625192300331128e-02	   2.9658928247940342e-01	   2.0799819023977015e-01	   2.1675612275604955e-01	   1.2589454481505946e-01	   4.6500237011233275e-01	   8.0000817951560621e-01	   1.8675231351637495e-01	   1.9484043666448556e-01	   6.3426811469111866e-01	   6.5313306732572907e-01	   1.2033287677679905e-01	   1.1259835367739976e-01	   1.7219630063028951e-01	   2.2067126497003459e-01	   3.1998259837295467e-01	   4.7975440116642731e-01	   3.9266338466406053e-01	   3.2196269680120759e-01	   5.3488468865503513e-01	   5.0144812500823910e-01	   5.2129709990897410e-01	   5.4667580376508340e-01	   6.4157239231768848e-01	   5.6789594160209789e-01	   5.9337175388750019e-01	   5.6779004763935370e-01	   6.5795384640263022e-01	   5.3545181254227714e-01	   6.3066954084155369e-01	   6.2707575192096676e-01	   5.8015236616851817e-01	   6.4858270076959235e-01	   8.1888806737381936e-01	   8.5281263350110514e-01	   4.8253558010409603e-01	   4.5244557391409379e-01	   4.7704305873926700e-01	   3.9544907283236053e-01	   5.2181887763922319e-01	   6.4884432390062341e-01	   1.6740868394961453e-01	  -1.3299785435971245e-01	   3.7866505457401162e-01	   4.0037769471843770e-01	   8.1883994364336221e-01	   7.3619088334188076e-01	   8.4966648387705235e-02	   1.1354883002512069e-01	   4.6103909651883745e-01	   5.6919850007255834e-01	   2.9800472205223849e-01	   5.2733169320461815e-01	   3.6159167573736928e-01	   3.0410920956120402e-01	   6.3628988566996214e-01	   8.2242835110591317e-01	   7.9169783767407464e-01	   8.1151819676217829e-01	   5.1827351949505285e-01	   6.5210817552630274e-01	   4.5098351338008208e-01	   4.3352701650372633e-01	   1.9762834971749893e-01	   1.4103322881697078e-01	   5.2055626418718703e-01	   5.8444121261094417e-01	   4.3068826749623562e-01	   3.6283930533136466e-01	   2.3532907190778612e-01	   2.4005144787794455e-01	   4.5048643239706129e-02	   1.7557921208510363e-01	   5.3081907437978093e-01	   5.6802830433594487e-01	   7.0578227972559060e-01	   6.0521727500031075e-01	   4.8616268504872451e-01	   4.0506065969430044e-01	   3.9338608762163096e-01	   3.7607406569878099e-01	   2.1575381926216972e-01	   9.6857103078327622e-02	   3.7560121549208780e-01	   4.0609066872826877e-01	  -1.5436086490628803e-01	   2.6296620802238567e-02	   4.9856140443019797e-01	   5.5714940242391775e-01	   4.9028441508822240e-01	   3.7896662796314917e-01	   1.5046290868292270e-01	  -3.3743773206668631e-02	
   4.6983965584300208e-01	   1.2866917000702524e-01	   0.0000000000000000e+00	   8.0978335308093441e-01	   6.2406301710649947e-01	   5.8236766083194347e-01	   6.7920177197758613e-01	   6.5215478340773103e-01	   5.5637259652641347e-01	   4.3243828456897404e-01	   5.0339978067798663e-01	   3.3289634218180930e-01	   4.1315462755657117e-01	   4.2594772108176576e-01	   5.3099071857998958e-01	   5.7584720438443238e-01	   1.0152171277490388e-01	   3.5672772091121165e-02	   6.1699921910735167e-01	   5.0007338411413371e-01	   6.0371310991196681e-01	   5.2333608444420743e-01	   7.6688582504446989e-01	   7.7887490869213738e-01	   5.9135670218272374e-01	   7.3322040945314415e-01	   6.4857097462545288e-01	   6.0659597460868875e-01	   2.5601523758682942e-01	   1.4794245873435413e-01	   7.8265949632136655e-01	   7.3300987466598522e-01	   5.4016256522212425e-01	   5.0235468037520936e-01	   6.4336913856294997e-01	   6.3128900230216656e-01	   2.1973754212763830e-01	   1.1534161034049273e-01	   5.6475286106784039e-01	   5.1326064702537288e-01	   4.5076972006631272e-01	   2.1881231598711290e-01	   3.7894452865959150e-01	   3.7082961519144386e-01	   2.1447486925807802e-01	   2.1467722050607080e-01	   1.3736553691787265e-01	   3.2006127981831717e-01	   1.5762982871515135e-01	   2.4344934086150372e-01	   4.0417346947659261e-01	   3.4505570529708796e-01	   4.0295746083441253e-01	   3.2426050894724567e-01	   4.7451042244377478e-01	   3.5831677865092182e-01	   4.6758614095817122e-02	   2.7034536579562219e-02	   3.3044249333794562e-01	   2.2892826424615054e-01	   3.4110860031389623e-01	   2.8487681118598307e-01	   2.6679981262593183e-01	   2.6542081035176635e-01	   6.1045107070427074e-01	   5.7029698510427140e-01	   6.3687281960057252e-01	   5.8881244878908634e-01	   8.2231727903425145e-02	   1.8308823726899459e-01	   5.1380342759983466e-01	   5.4067972704000611e-01	   3.7941990411048970e-01	   5.1730630383112386e-01	   2.9340450826443010e-01	   3.5876230583837881e-01	   6.7719512545264893e-01	   6.6049538338151370e-01	   4.0104945954750469e-02	  -1.3883403119774108e-02	   2.2615771923091280e-01	   3.3278302454218250e-01	   6.3387826372744660e-01	   4.4062711608613492e-01	   5.3933468716811128e-01	   6.2861598394938034e-01	   5.4434682143405222e-01	   3.0434890822796523e-01	   5.6864182683517095e-01	   4.6102780824571954e-01	   4.3397350924427985e-01	   6.2896586907239660e-01	   5.8302769825460965e-01	   7.2257279295936883e-01	   2.9035381301357993e-01	   2.2397373066692525e-01	   3.8376834036618357e-01	   3.3874859890126996e-01	   2.5217554447553919e-01	   4.4473493903770683e-01	   6.2997945631242180e-01	   5.9129971888142951e-01	   5.9860856515442129e-01	   6.0638244920875306e-01	   6.4089439007635285e-01	   4.7867696709955593e-01	   5.4048402111221328e-01	   3.6754296540102838e-01	   1.0574665233097097e-01	   3.1851159019854514e-01	   4.1589228438346404e-01	   3.8129973196128220e-01	   3.1230854450846274e-01	   3.7198083075254373e-01	   4.0348316822769092e-01	   1.2058246337937989e-01	
   6.2480509606553403e-01	   3.0947979084407856e-01	   8.0978335308093441e-01	   0.0000000000000000e+00	   6.5434090163210179e-01	   6.9568480455827975e-01	   7.3752114890699971e-01	   8.1416622830545005e-01	   6.0068807712498451e-01	   5.8893097299232444e-01	   5.6200114765432962e-01	   5.3633403977308103e-01	   4.6904066098995234e-01	   6.0257823444048042e-01	   5.2470974565932960e-01	   6.5383980605179093e-01	   3.1727300054676238e-01	   1.8398393782499051e-01	   7.5321309227549182e-01	   7.0240822440156547e-01	   4.0613147530927296e-01	   3.7670359293568279e-01	   5.5074107314843113e-01	   7.4874567430596151e-01	   4.2854320367873983e-01	   5.9077179521116863e-01	   4.8730913262682474e-01	   4.2701388643183635e-01	   4.6989382068362462e-01	   3.2484829135135940e-01	   6.9638665878188466e-01	   7.5948252663801452e-01	   6.0436888878841011e-01	   5.9232933388894526e-01	   3.6216041144592370e-01	   4.5200267401332272e-01	   1.0933234953313647e-01	   1.2676899693883869e-02	   5.4150346710441555e-01	   4.6165398654009954e-01	   4.8915668447777594e-01	   1.2235833560161433e-01	   4.0891823542751415e-01	   3.9570940733645404e-01	   2.1469696437342181e-01	   2.6608524517854565e-01	   2.1195892632153526e-01	   3.2306670393207426e-01	   2.1405335456210181e-01	   2.9216219914773822e-01	   4.7378631190367293e-01	   3.8063067333909872e-01	   5.0236516580736956e-01	   3.9398867135232551e-01	   5.1205622704891895e-01	   3.9319944555768405e-01	   2.7418386421330843e-01	   2.5719164799888133e-01	   4.6566272811315063e-01	   3.9880586613041669e-01	   5.0787966867630618e-01	   4.1016350773781018e-01	   3.8654486698574653e-01	   4.6898723575094881e-01	   4.9337300797616424e-01	   5.0454340312614865e-01	   6.8769421837059408e-01	   6.7107979778802684e-01	   2.7007651813544736e-01	   2.9024295959050583e-01	   4.9764121036398645e-01	   5.8445169919902340e-01	   5.8963677797247360e-01	   5.9434177042864711e-01	   4.0894421174569046e-01	   5.0322515244733368e-01	   6.9245886036969617e-01	   6.9102323093724360e-01	   2.5824909691511128e-01	   2.3073646931158751e-01	   4.1564516495058329e-01	   4.6809842475288321e-01	   6.3920313975383203e-01	   4.4671091648495331e-01	   4.5466375547832449e-01	   6.0162219393594862e-01	   4.2921618818370311e-01	   2.0631728707088354e-01	   6.4926037196388886e-01	   5.1484104346044857e-01	   5.0996322044641373e-01	   5.9521816856874155e-01	   6.3028063640177390e-01	   6.6312910372533418e-01	   3.3523761002081109e-01	   2.4618336789289538e-01	   4.6266044117053828e-01	   4.1815249272331345e-01	   3.5434929673589233e-01	   5.1805715364325622e-01	   7.3032224056404771e-01	   6.3261930855252158e-01	   7.1705932057422062e-01	   6.7352609434162125e-01	   6.3065746213178708e-01	   3.9791436744574704e-01	   5.4726279034595304e-01	   4.8008219949749698e-01	   9.0445063529241976e-02	   3.2453292611562673e-01	   3.6804996488846092e-01	   4.3096708695473435e-01	   3.9054695386073340e-01	   4.0976481707059242e-01	   3.6928375177043427e-01	   3.1901564316976938e-02	
   6.2124585498755591e-01	   3.8651439611800387e-01	   6.2406301710649947e-01	   6.5434090163210179e-01	   0.0000000000000000e+00	   8.1216928217137074e-01	   7.4311433305280095e-01	   7.6649243650150733e-01	   7.8697841627068865e-01	   6.9382219221266039e-01	   5.2460071797116903e-01	   5.3844223292239790e-01	   6.5168986014395758e-01	   6.5040802030768718e-01	   6.4877870637875457e-01	   5.3496379015303230e-01	   3.1700277156614332e-01	   3.3543532658740960e-01	   6.4747659017107662e-01	   5.9185176870468614e-01	   3.5677749947219939e-01	   2.4248427720279492e-01	   3.3624746141824724e-01	   4.0159060937527224e-01	   3.3681162533568876e-01	   3.4962601695735257e-01	   4.7202103397577255e-01	   3.6448958936928055e-01	   3.8206044087743951e-01	   3.4992106195669964e-01	   3.6507201606384765e-01	   3.3517039742170984e-01	   4.4732227768205091e-01	   4.4406966600579789e-01	   3.3854747031868287e-01	   3.4085043771358375e-01	   2.7677256323287480e-01	   5.8710120823745139e-02	   5.0061426614429760e-01	   4.7069969120724664e-01	   3.9590954865997519e-01	   2.0158065265955058e-01	   4.7976897333520607e-01	   5.1503120814458558e-01	   3.8619073205920607e-01	   3.7826720909757505e-01	   3.6660847411648728e-01	   4.6249752937871508e-01	   4.4556870859320330e-01	   4.8106785891427478e-01	   6.4620709058325421e-01	   5.4936565832247086e-01	   6.0420521637559432e-01	   6.3901820583647995e-01	   5.4028070862079136e-01	   5.4588391790004542e-01	   2.7434083844866308e-01	   2.8305016144896605e-01	   5.8155951216127877e-01	   4.6180383482452902e-01	   5.5493719079987025e-01	   4.8640784703439005e-01	   4.0669592804911392e-01	   4.6148180486690921e-01	   5.3083420852257723e-01	   2.9888402842884149e-01	   5.9259781790011501e-01	   5.8198710860488712e-01	   2.6974639513390369e-01	   3.5304776444405839e-01	   3.5654825709817711e-01	   3.2893772692342149e-01	   4.6346206586094019e-01	   4.4555912685286236e-01	   3.2479296297049659e-01	   3.5715886972854322e-01	   5.3623857707185729e-01	   4.8086777373914424e-01	   1.9363502493916837e-01	   2.5692182225506693e-01	   4.0990180350416516e-01	   5.0504313568669801e-01	   5.7285617285660539e-01	   4.5412222196056884e-01	   4.6739336264307990e-01	   4.8842422922938911e-01	   3.5455087128814111e-01	   1.3032687681307548e-01	   6.3101317592980966e-01	   5.4815539650556500e-01	   5.2534862248776426e-01	   5.7902723299136882e-01	   4.6224209006353090e-01	   6.1699758032053031e-01	   3.3476338130420796e-01	   1.9206107120078036e-01	   4.4491178115785196e-01	   3.4326897106845267e-01	   4.6520041284942859e-01	   5.9736601645728582e-01	   5.8999547957666709e-01	   5.9826019540025821e-01	   5.5224199605700575e-01	   5.5268354380210294e-01	   5.2806007309166558e-01	   2.9965735361059270e-01	   5.9221030431049659e-01	   3.9547477419993171e-01	   5.0233921872739909e-02	   1.8604161142892575e-01	   3.8818742593656902e-01	   4.9767624709999458e-01	   4.3632017302009923e-01	   3.1948373475156389e-01	   2.7393397950114834e-01	   4.2071539511224242e-02	
   6.2729235933824290e-01	   5.4080676357284196e-01	   5.8236766083194347e-01	   6.9568480455827975e-01	   8.1216928217137074e-01	   0.0000000000000000e+00	   6.3451239124373671e-01	   8.2061628480427906e-01	   6.9689169543884222e-01	   7.9452384078936444e-01	   4.7449176253452069e-01	   6.7749633854677971e-01	   5.3130707888562334e-01	   7.4402097368564113e-01	   5.7524109960034009e-01	   5.8337305031920383e-01	   3.8485245656395756e-01	   4.5684398498612033e-01	   5.6757788587741353e-01	   6.2947831092834927e-01	   3.5456881719815969e-01	   3.4379461100277320e-01	   3.0627853680035860e-01	   4.2778273282256646e-01	   4.2858947372433459e-01	   4.7292320530439769e-01	   4.7092479137257998e-01	   4.0175844737349548e-01	   3.7970054806770381e-01	   4.7500324355510892e-01	   3.8298940453888275e-01	   3.8823068855122150e-01	   5.8271585796425662e-01	   6.3086078625309028e-01	   3.9317959875788300e-01	   4.3432003990284107e-01	   3.1873973171855702e-01	   1.5556731288512773e-01	   5.7997864038167379e-01	   5.8595104836631440e-01	   4.6569535841997040e-01	   3.1193459367381837e-01	   5.0515107188745767e-01	   5.3239611714535751e-01	   4.5527242241367666e-01	   4.5645212521808820e-01	   4.7799318269359242e-01	   5.4762002573941082e-01	   5.0984779598440855e-01	   5.8981278044195018e-01	   7.2892202349991586e-01	   6.4223521060002109e-01	   7.0583712509864882e-01	   6.5508622056461141e-01	   6.5768104704388852e-01	   6.3677524818872300e-01	   3.9701198713508579e-01	   4.1850144134654715e-01	   6.1481418422007239e-01	   5.2542882174615646e-01	   5.3463411319117604e-01	   6.0441311316064050e-01	   4.1620159674055651e-01	   5.5608121576175995e-01	   5.3473990628706192e-01	   4.2938810738934752e-01	   6.8232019002036437e-01	   6.7753801267073921e-01	   4.0121585759123357e-01	   4.4808751522455370e-01	   2.7276092535597918e-01	   3.6356208309876403e-01	   4.9114688908300530e-01	   5.1841819328610639e-01	   2.8241362172371881e-01	   4.9930105202046993e-01	   5.4741129032525571e-01	   5.1221078029263667e-01	   3.1607686571361893e-01	   4.2006770948852279e-01	   5.6146463677277114e-01	   6.2446305511534139e-01	   6.1267076026231693e-01	   4.9769167556374494e-01	   5.4778956225756925e-01	   5.1242222218746336e-01	   3.9888886288969999e-01	   8.2105052817946528e-02	   7.1831795610488158e-01	   6.5394255519009192e-01	   6.0491599863374712e-01	   5.9165300494389161e-01	   5.2992864520578853e-01	   5.4907505472889984e-01	   2.3499702592555102e-01	   2.7652358260051468e-01	   4.9573792504724673e-01	   4.9597135879324927e-01	   5.7188546466140877e-01	   6.9252765467187150e-01	   6.2677274134944883e-01	   5.7600340158344654e-01	   6.0406352029695531e-01	   5.9994812130815667e-01	   5.8250995066101163e-01	   4.0387121196312520e-01	   5.3525288659923320e-01	   5.7689602098544790e-01	  -6.1926457834941724e-03	   1.9531756623427501e-01	   5.0684627414752104e-01	   6.1838884475880729e-01	   5.7490920872866313e-01	   4.3472652455794214e-01	   3.5428326247339176e-01	   9.8146532962116076e-02	
   6.7523461823727915e-01	   2.6188765607789832e-01	   6.7920177197758613e-01	   7.3752114890699971e-01	   7.4311433305280095e-01	   6.3451239124373671e-01	   0.0000000000000000e+00	   8.3588169807844359e-01	   7.2987762243581789e-01	   6.1115128448047995e-01	   7.3133813847392082e-01	   5.9993855113006189e-01	   7.1363628370394805e-01	   6.6386219524575441e-01	   5.5200326348897266e-01	   5.2258405176080447e-01	   3.2998832041568205e-01	   1.6979062472657225e-01	   7.1954946456728519e-01	   5.8593576370787082e-01	   2.5144863128656464e-01	   1.4906078437300180e-01	   3.6965993622679005e-01	   4.6280370148413014e-01	   1.0217534708995012e-01	   3.3915627312178304e-01	   2.1769454913959704e-01	   1.5225048161768331e-01	   5.2211910911760251e-01	   2.9038201286835191e-01	   5.8218535196164001e-01	   6.2016844545553829e-01	   5.2120034921427461e-01	   4.7488711275463602e-01	   1.2445099779521454e-01	   2.1740929421500779e-01	   9.3147049762839579e-02	  -1.1665157362479484e-01	   3.5171374802593214e-01	   2.7801375394311484e-01	   2.7661876206096181e-01	   2.3793718655103255e-02	   3.0454902520200766e-01	   2.9828077536976660e-01	   1.3783643956367225e-01	   1.9269409486291533e-01	   1.1703670612971256e-01	   2.2100256405784366e-01	   1.4547556282117818e-01	   2.5361499702950163e-01	   3.6247055267615830e-01	   3.5560045268295892e-01	   3.6709543376042503e-01	   3.3664720099875678e-01	   3.8659994528054525e-01	   2.9869462634422639e-01	   1.4350782356075731e-01	   1.0303606083464617e-01	   4.8224177841820809e-01	   2.8446086129325054e-01	   6.6937521480395790e-01	   4.0195443018921662e-01	   4.7614001826478619e-01	   4.7831311569625862e-01	   4.5557531383374195e-01	   3.7700852925096784e-01	   5.0842638107918636e-01	   4.9239658795619845e-01	   3.6685459593137668e-02	   7.0590581918119635e-02	   5.7274816548587437e-01	   5.7210187951343727e-01	   4.7174485584440218e-01	   4.7549239312831515e-01	   2.9466137091073774e-01	   3.4872295297352718e-01	   6.1766588398799271e-01	   5.7560499823545586e-01	   1.3610097324974366e-01	   1.2874582128896428e-01	   2.7443783865035287e-01	   3.2336162196844326e-01	   4.8966737498145774e-01	   3.1422521199203485e-01	   2.0877701508626773e-01	   4.1578917156413958e-01	   2.5131259218001932e-02	  -5.3272763399804746e-02	   4.8196900458461267e-01	   3.2577907569428116e-01	   4.8615144356099516e-01	   6.3822439559122990e-01	   5.2715810535728802e-01	   6.5855331991729393e-01	   2.0924952460104937e-01	   2.5083312013807740e-01	   3.1451110181040776e-01	   2.9997509988440479e-01	   3.0576508079134279e-01	   5.2629970205621779e-01	   6.0163789835708770e-01	   6.5366744186469572e-01	   5.2441274372945446e-01	   5.7787698281877808e-01	   4.9928753385428332e-01	   3.3904968048194484e-01	   5.4124953157514155e-01	   3.9801634807226582e-01	   1.3952594999934770e-01	   1.3821569507056242e-01	   1.9502307129801599e-01	   3.3604965170202955e-01	   3.0025632738972907e-01	   2.9016378495031958e-01	   3.8994944778483076e-01	   9.9572853880162265e-02	
   6.7264966410305649e-01	   4.8952192884965451e-01	   6.5215478340773103e-01	   8.1416622830545005e-01	   7.6649243650150733e-01	   8.2061628480427906e-01	   8.3588169807844359e-01	   0.0000000000000000e+00	   7.2749524043853153e-01	   7.6759849621680298e-01	   5.6903601140241933e-01	   7.7448279491683747e-01	   6.3577995505693508e-01	   8.3288827524522091e-01	   5.6211446007473764e-01	   6.4098622801949356e-01	   3.9161219794522473e-01	   3.8481450416079654e-01	   7.2122943403326423e-01	   7.2452251773883236e-01	   3.0186702274090449e-01	   2.6507606325584715e-01	   3.0579331365780632e-01	   4.7918019780124976e-01	   2.3535959188082695e-01	   4.3206914501329607e-01	   2.7855097218640584e-01	   2.0598087878643104e-01	   4.9619901026752700e-01	   4.9984226392401865e-01	   5.1643998774971311e-01	   5.6543772224532818e-01	   6.2326606361482795e-01	   6.7484901910354556e-01	   2.5185468178990883e-01	   3.2637047670963681e-01	   1.8104809067555094e-01	   4.6522854790471361e-03	   4.8331141862312754e-01	   4.6290028016574547e-01	   4.3902575181329478e-01	   1.2216618789132466e-01	   4.6860307316755778e-01	   4.8547127030790677e-01	   3.8370990074996397e-01	   4.3044118507547552e-01	   3.8165732708355216e-01	   4.4071896114453746e-01	   4.0438319574707232e-01	   4.8237650136745763e-01	   6.1193584372988119e-01	   5.4081578834218114e-01	   5.9565333815991717e-01	   5.2233587781144886e-01	   5.9044381374151333e-01	   5.3586044622537099e-01	   3.4521419133739795e-01	   3.2584429854081454e-01	   6.0479122257999796e-01	   4.8615777881936928e-01	   6.3663618121538967e-01	   6.7800945436067472e-01	   4.5408636915665829e-01	   6.1182363654472249e-01	   4.7464678442443747e-01	   4.4514913331373784e-01	   6.4234125160611311e-01	   6.7474237062121656e-01	   2.9912414067690268e-01	   2.9986166900955069e-01	   4.0218602333548792e-01	   4.9605107037143736e-01	   5.2980589124300814e-01	   6.2021875927307724e-01	   3.3011983118130028e-01	   5.3790405985492296e-01	   6.2730199026316158e-01	   6.9958449751465890e-01	   2.7320755709570538e-01	   3.2910484974751725e-01	   4.6089758425011018e-01	   5.0394461778743216e-01	   5.9911214462024931e-01	   4.5998290995160390e-01	   3.6622862650084376e-01	   5.1257782619942027e-01	   2.0822680774377306e-01	   1.7533732803578429e-02	   6.3516157829140341e-01	   5.5944765349307857e-01	   6.4722742137882383e-01	   6.0453966450172136e-01	   6.6244746883199357e-01	   6.3066282096607773e-01	   2.3556332832076163e-01	   2.7451441154597211e-01	   4.3659639860147492e-01	   4.7493101577434771e-01	   5.5250038707741544e-01	   6.5281222498765201e-01	   7.4268894547925224e-01	   6.4567978722653985e-01	   6.6885882890397863e-01	   5.9517027627824892e-01	   5.7573962122967381e-01	   3.6312851673300656e-01	   5.7371190331805089e-01	   4.9806353316851326e-01	   2.0572509057092979e-02	   2.0334716335652359e-01	   3.6406164887899384e-01	   5.1855416823297162e-01	   4.9487061127315696e-01	   4.0940249230577513e-01	   3.8866138993879462e-01	   6.4953460984230507e-02	
   6.5616160744513896e-01	   3.6581228745850169e-01	   5.5637259652641347e-01	   6.0068807712498451e-01	   7.8697841627068865e-01	   6.9689169543884222e-01	   7.2987762243581789e-01	   7.2749524043853153e-01	   0.0000000000000000e+00	   7.8502152904779232e-01	   6.2945370471659712e-01	   6.1658291231579254e-01	   5.4001303279581681e-01	   6.1774377139305803e-01	   6.5620346949257813e-01	   5.0949744098546668e-01	   4.2673775980216311e-01	   2.0173993923529354e-01	   6.3504750443945279e-01	   5.8236103618554047e-01	   2.8384436594999857e-01	   2.3403188369535793e-01	   3.8537252714874964e-01	   4.1437635668700068e-01	   2.2749957824103403e-01	   3.0809078942572710e-01	   2.9836200085108405e-01	   2.1422542631939545e-01	   4.3461411896342894e-01	   2.3551776457439227e-01	   3.6596441811246816e-01	   3.6404016254097332e-01	   4.3210576020955849e-01	   4.0319757789310795e-01	   2.3057011026056778e-01	   2.7500823621815845e-01	   2.3779925622661624e-01	  -8.2320259804774865e-02	   4.0485224325345215e-01	   2.9749104904355383e-01	   4.1644616757998493e-01	   3.7484086523468609e-02	   3.9281394809114956e-01	   4.4069327933447622e-01	   2.8803712142970228e-01	   3.4710936110079871e-01	   2.7784533945060602e-01	   3.6845425845508173e-01	   3.5587467133436845e-01	   4.9966526303710079e-01	   5.2918842882307371e-01	   5.4815954219626362e-01	   5.6133425595817155e-01	   4.9924181817021318e-01	   4.5170661472792761e-01	   4.7004301850392494e-01	   3.2866028304328421e-01	   2.6748690761237731e-01	   5.5142346677517518e-01	   5.3574728740596800e-01	   5.4821819670879368e-01	   5.5566149724346281e-01	   3.3987382071702132e-01	   4.9202954465165488e-01	   4.0192760503622976e-01	   2.9016608771141711e-01	   4.6705945029921803e-01	   4.9794833900156271e-01	   2.5656395858660397e-01	   3.5822137521598008e-01	   4.0363143231220761e-01	   3.4161192086537379e-01	   5.2721406387140202e-01	   3.5909126392798646e-01	   3.5174493083664005e-01	   3.2234457444468467e-01	   6.1874804941910955e-01	   5.5936958082104615e-01	   2.9862927056962357e-01	   1.8766832944475170e-01	   3.7595300118233810e-01	   4.2112255266163201e-01	   4.7792394544868555e-01	   2.5681348541641424e-01	   3.2445673213436343e-01	   4.1517167825564627e-01	   1.5297995462550978e-01	  -5.2255629499956810e-02	   5.2528527824593119e-01	   4.5567308268689610e-01	   6.0373005874815711e-01	   6.7929268497703488e-01	   5.3487179396511375e-01	   6.9449531789176788e-01	   3.2470894699983710e-01	   2.7344221541899910e-01	   4.8032006818173878e-01	   3.4279957137277212e-01	   5.2976978722418500e-01	   6.1013338631660807e-01	   6.2526804407951819e-01	   5.9301354773348369e-01	   5.4864941776951981e-01	   5.5835870681566591e-01	   4.9089166053576605e-01	   4.6051894603299970e-01	   6.0026174913573793e-01	   4.9338060631158803e-01	   1.4644491162082879e-01	   2.6443993584863662e-01	   4.0184754223795849e-01	   5.0669735739991428e-01	   5.4124301326616386e-01	   3.5991305713575694e-01	   4.4119675391310514e-01	   2.6160549963526492e-01	
   6.5862819161555330e-01	   5.2656609909363750e-01	   4.3243828456897404e-01	   5.8893097299232444e-01	   6.9382219221266039e-01	   7.9452384078936444e-01	   6.1115128448047995e-01	   7.6759849621680298e-01	   7.8502152904779232e-01	   0.0000000000000000e+00	   5.0105007777505217e-01	   6.8340882717571372e-01	   4.1286385534928077e-01	   6.6865194171024556e-01	   6.0792681498211887e-01	   5.3844648499339587e-01	   5.4878034343460036e-01	   4.2830289183116810e-01	   6.0636697066026346e-01	   6.3554065166374374e-01	   2.8344024787455546e-01	   2.2400411091589689e-01	   2.5969487037463090e-01	   3.4999928743835990e-01	   2.1719620582950550e-01	   3.1895281053394331e-01	   2.2523733362543305e-01	   1.5627604326872044e-01	   4.9094536696996394e-01	   4.8567895509856346e-01	   3.7027338661944964e-01	   4.0972547178072460e-01	   5.4002687961009865e-01	   5.7457106733580177e-01	   1.0584945521305367e-01	   1.6890602519290029e-01	   2.2970906580812744e-01	  -1.9065409564019739e-02	   4.1060478727853944e-01	   3.4404868727897647e-01	   5.1317850166787138e-01	   1.3785964760914532e-01	   4.3203023596340090e-01	   4.6359833325037925e-01	   3.8394511159489164e-01	   4.2616477805410202e-01	   4.5781833775039293e-01	   4.3720052267429865e-01	   4.7235817980010586e-01	   5.7435868172550453e-01	   6.3893653640075421e-01	   6.0918321492264182e-01	   6.5280720114192348e-01	   6.4291996909351057e-01	   5.2075983650159940e-01	   5.7768770477944664e-01	   4.6011557474770715e-01	   4.1051129794106411e-01	   5.4240146880065365e-01	   5.1239684860036094e-01	   5.3160305724288026e-01	   7.0820520324349134e-01	   3.7137541282826242e-01	   5.5306177197976880e-01	   3.8536964356204551e-01	   2.6332446687912042e-01	   4.1311188531292120e-01	   4.5484110491594965e-01	   3.7722496750237794e-01	   3.7380389913690576e-01	   2.7824210222927837e-01	   3.6137543399456484e-01	   5.7727333487910237e-01	   3.8690231909360517e-01	   3.5075610060382534e-01	   4.3321935092860786e-01	   5.7306300747447669e-01	   5.5162998791119033e-01	   4.6760353223159845e-01	   4.0056579698435546e-01	   5.3580404977957063e-01	   5.2537275358784064e-01	   5.5285692564613931e-01	   3.2863737383703207e-01	   3.6444896511860791e-01	   3.0088280131168288e-01	   1.6253605699285190e-01	  -1.0713567613699577e-01	   5.2801333459336641e-01	   5.3436010926761379e-01	   6.9473260241167012e-01	   6.0037822145928055e-01	   5.9268426378276351e-01	   5.7773963902574954e-01	   2.5870239249532162e-01	   2.1649988666445352e-01	   4.6925222256612398e-01	   3.9938960201342011e-01	   6.3373105252462503e-01	   6.8747843582942925e-01	   6.2908990873024917e-01	   5.8862881981554382e-01	   5.4776341756483093e-01	   4.9454404401594648e-01	   4.6915622586071382e-01	   3.7760977884691366e-01	   5.0107417012258348e-01	   4.9933331342446208e-01	   4.7479687620937225e-02	   1.8120867032674087e-01	   4.3823965864067516e-01	   6.1065263946166648e-01	   6.5634765467825973e-01	   4.5799063717457683e-01	   3.9762540069431929e-01	   1.5061728660749016e-01	
   6.9992015824397880e-01	   2.7560807133672677e-01	   5.0339978067798663e-01	   5.6200114765432962e-01	   5.2460071797116903e-01	   4.7449176253452069e-01	   7.3133813847392082e-01	   5.6903601140241933e-01	   6.2945370471659712e-01	   5.0105007777505217e-01	   0.0000000000000000e+00	   4.7537065272154522e-01	   7.9427079355212582e-01	   5.4717916911274811e-01	   7.0087031706675385e-01	   6.3871364061066105e-01	   5.7361486861706168e-01	   1.7300771747469124e-01	   6.9333451661637624e-01	   5.3005036943873229e-01	   1.7290229205303009e-01	   2.2212448453841110e-01	   5.0254566909760301e-01	   4.8757240620675629e-01	   1.4607771205519110e-01	   2.3400129256709301e-01	   3.2332700927099423e-01	   2.8979148625224982e-01	   6.6634252900595581e-01	   3.2199126323101823e-01	   4.8194204652139139e-01	   5.3316438294681223e-01	   4.9703019495062617e-01	   3.8268655096527932e-01	   1.5180331246489170e-01	   1.8730059656641088e-01	   8.8811950316828384e-02	  -1.8822263239035120e-01	   3.0821775311675248e-01	   1.6733345100223362e-01	   2.2936524113639320e-01	   5.6138448416068250e-02	   1.8616767095678929e-01	   2.3617562719031920e-01	   1.8079730561541166e-02	   6.4169863637572266e-02	   4.0840649399651069e-02	   2.2002750391061449e-01	   6.4327992100347689e-02	   1.4139572191378155e-01	   2.5904296143091438e-01	   2.2636089673875781e-01	   4.1892833912049582e-01	   2.4532514899257973e-01	   3.3817712781195064e-01	   2.7551249596039351e-01	   2.1664191151610196e-01	   1.2618895557979912e-01	   2.8350017415281831e-01	   9.8399830075864975e-02	   6.8907661225070194e-01	   2.5407199930341917e-01	   6.0845311106861399e-01	   4.8457728754000629e-01	   4.8008171595052129e-01	   2.7123581880754583e-01	   2.7923703892092905e-01	   2.6213336011410510e-01	   1.0214788960785515e-01	   8.0748964573358173e-02	   5.3368226057740820e-01	   3.8111965140112086e-01	   6.3908769063178605e-01	   4.4093258883711778e-01	   4.5324237998484185e-01	   3.8374208446953822e-01	   5.5335461993131752e-01	   4.1715605596093730e-01	   3.0678261240070898e-01	   2.2500359330731509e-01	   4.1084176250353488e-01	   4.0312637958510855e-01	   5.7573141060074351e-01	   3.3344899944899675e-01	   3.6879552875873095e-01	   4.1501218551860608e-01	   1.1374860570831261e-01	   1.9830773566297612e-02	   4.1466340578375827e-01	   2.1213775900972087e-01	   2.4024251376993075e-01	   5.3682691047861142e-01	   2.3030916371589799e-01	   5.1118975377631171e-01	  -2.2213144570961498e-03	   5.2837613766749648e-02	   2.1143973189546245e-01	   2.4958273516896756e-01	   1.9207283967606639e-01	   4.8742035765613723e-01	   3.6364284137704028e-01	   4.5857902373555259e-01	   2.8168510795671686e-01	   4.4524459082089385e-01	   3.9912814389283546e-01	   2.9925175407904669e-01	   3.0716765528100687e-01	   2.5799523046864370e-01	  -4.3517868619114691e-02	   2.5996914505855614e-02	   1.5885478791899141e-01	   2.4318941874129807e-01	   1.6669528609223344e-01	   3.1418313566630701e-01	   4.2596704541140668e-01	   7.8913042992371590e-02	
   6.4743093614813163e-01	   6.7957956326496183e-01	   3.3289634218180930e-01	   5.3633403977308103e-01	   5.3844223292239790e-01	   6.7749633854677971e-01	   5.9993855113006189e-01	   7.7448279491683747e-01	   6.1658291231579254e-01	   6.8340882717571372e-01	   4.7537065272154522e-01	   0.0000000000000000e+00	   5.3962567973597586e-01	   8.4690442666957966e-01	   4.8149419170174801e-01	   4.6121000601734219e-01	   4.6128796584443527e-01	   5.6119513888555328e-01	   6.2199265306685658e-01	   6.9864867873093350e-01	   1.4098314091681755e-01	   1.6790522491739396e-01	   5.0062461719684682e-02	   1.9814886523517800e-01	   4.9983520220193020e-02	   2.3352262301017734e-01	   3.2055425278917443e-02	  -3.3981025700815454e-03	   4.9448007825395446e-01	   6.4715860335328645e-01	   3.1875513690202384e-01	   3.6343085943845960e-01	   6.0663265112661802e-01	   6.8209634913376282e-01	   8.4153233193140692e-02	   1.2534795656073419e-01	   7.9784703712007604e-02	  -1.2084198986626760e-01	   2.7236640615266933e-01	   2.9059081246876706e-01	   3.2298562978071066e-01	   1.7176095423429200e-02	   4.7300308930991253e-01	   4.6358308726568587e-01	   4.3770475007300280e-01	   4.9531922818927426e-01	   4.6799059452030756e-01	   4.6268340583985090e-01	   4.8802346432008736e-01	   5.8930236801925950e-01	   5.8776743445096291e-01	   5.8051826298208042e-01	   5.6464855312641982e-01	   5.0336185322985560e-01	   6.2429018368149758e-01	   5.6595420533634844e-01	   4.4646832257515373e-01	   5.0355620430719295e-01	   6.8144393468565245e-01	   6.0970437710604419e-01	   6.8625654373240930e-01	   6.4685051771813051e-01	   4.9983160168575247e-01	   7.7535659480324182e-01	   2.0146427221743851e-01	   1.7196419130168522e-01	   5.0038213342487681e-01	   5.9232020081013403e-01	   3.9760822255704875e-01	   4.0237138677909023e-01	   3.1135151404983041e-01	   3.5895118656619579e-01	   4.5400558418023529e-01	   5.9037538805459999e-01	   1.5462332362478412e-01	   5.4337161347630891e-01	   4.8272794694463850e-01	   6.0854524131855958e-01	   3.1840624232417869e-01	   4.7394039216657108e-01	   4.8836217239378182e-01	   5.3733040770903184e-01	   4.4120193613223724e-01	   3.8697935170591063e-01	   2.1473451054841225e-01	   3.6293136395541542e-01	  -5.9139309568383779e-02	  -1.7013316041808130e-01	   5.7557530222007269e-01	   5.8354185144817738e-01	   6.0388759112563306e-01	   4.9543873801727240e-01	   5.0517057360681561e-01	   4.1161209007445887e-01	   5.9291150719102140e-02	   2.2177035765247929e-01	   4.0052218518745236e-01	   4.6810104687212195e-01	   6.7311258849355438e-01	   6.4843254824081875e-01	   6.8117447341896842e-01	   5.1753563107616873e-01	   5.6514946757633699e-01	   4.4967263435720278e-01	   3.4593575989122355e-01	   1.7718843661930458e-01	   5.3430380935001587e-01	   4.8856628445468259e-01	  -2.4510830614573074e-02	   1.0453659284796735e-01	   3.1933456982727332e-01	   4.7623398618936663e-01	   5.2029707072634213e-01	   2.8432009322965629e-01	   2.1512440935297836e-01	   4.2381799418933649e-02	
   6.2786619939299992e-01	   3.9725645855811087e-01	   4.1315462755657117e-01	   4.6904066098995234e-01	   6.5168986014395758e-01	   5.3130707888562334e-01	   7.1363628370394805e-01	   6.3577995505693508e-01	   5.4001303279581681e-01	   4.1286385534928077e-01	   7.9427079355212582e-01	   5.3962567973597586e-01	   0.0000000000000000e+00	   7.1607244834755446e-01	   6.5784892677937545e-01	   5.8856112460292320e-01	   4.3856700202376336e-01	   3.3476420969289578e-01	   5.8554649986493645e-01	   5.1443876377116260e-01	   1.2148751077155823e-01	   1.6770101382061794e-01	   2.6352851073568218e-01	   3.1822476000138833e-01	   1.6367706791496506e-01	   2.0240091720124215e-01	   3.0284853086860053e-01	   2.2318846575280082e-01	   5.4911713770882442e-01	   4.1686442350685193e-01	   3.0366146779136649e-01	   3.4289156594460390e-01	   4.4833112113806317e-01	   3.8555386927429214e-01	   1.8598100302258147e-01	   1.7611491597364792e-01	   2.1718227978517096e-01	  -4.0839930211262733e-02	   3.8315537167747188e-01	   2.8646509109479867e-01	   1.8468515653172246e-01	   1.4048730630204218e-01	   3.4869067274647136e-01	   3.7387775688513203e-01	   2.1061609924294736e-01	   2.3131682656484603e-01	   1.9475365007646653e-01	   3.4058873196741241e-01	   2.3115680366599844e-01	   2.3292338866135648e-01	   4.2390767685912900e-01	   2.9672307959534894e-01	   4.6975221946935963e-01	   3.7447034014693875e-01	   4.8735890299317464e-01	   4.0025682063071144e-01	   2.6481016716416511e-01	   2.1335630166027580e-01	   3.7283781648175296e-01	   1.2652083330394276e-01	   6.6455561550641773e-01	   2.7446953986792000e-01	   6.0116171248201378e-01	   4.8477424760477944e-01	   4.5840082513297598e-01	   1.9881058059194701e-01	   3.5394942092591275e-01	   3.3029900918438310e-01	   1.7978053974495456e-01	   1.7046677716994854e-01	   4.1197928927348870e-01	   2.6490030302700601e-01	   5.3791665771261832e-01	   5.2316546523924568e-01	   3.8896249084737411e-01	   3.9450317955969316e-01	   4.5253778690579882e-01	   3.3638318466078276e-01	   1.8788421714872169e-01	   3.1161146957786823e-01	   4.1539546160221935e-01	   4.3939452922954947e-01	   5.0242230224922990e-01	   4.1719096709899961e-01	   3.8030599986813962e-01	   4.3554098416566006e-01	   1.3521476004819200e-01	   6.5211952844189527e-02	   4.9553277013368302e-01	   3.0675012605237761e-01	   1.7408402444543608e-01	   3.8565765416652142e-01	   1.4141738689736658e-01	   3.7570804668474078e-01	   7.4950617844801795e-03	   5.5576538136112977e-02	   1.5337610823095060e-01	   2.6443672488197939e-01	   2.2384650673050999e-01	   4.2361541252353163e-01	   3.1799493607696394e-01	   3.6431521579808479e-01	   2.2684123697096215e-01	   3.3256233001182117e-01	   3.2967221110968048e-01	   1.4091359400235151e-01	   2.6985421186842273e-01	   1.4721058320692976e-01	  -2.1947059443781969e-01	  -1.1038487071909209e-01	   7.0739605041071546e-02	   1.8034336827404768e-01	   8.3611169497155219e-02	   1.9348182362466049e-01	   2.2261489599040382e-01	  -1.1255135041373392e-01	
