   0.0000000000000000e+00	   9.1538429715395742e-01	   7.0769871313564692e-01	   7.8273120450497946e-01	   5.4405957140907701e-01	   5.8959362939815807e-01	   7.1333669408064804e-01	   7.5459328746191434e-01	   4.1683437562846992e-01	   4.7761438409490031e-01	   7.4577599906728165e-01	   7.1190248165895120e-01	   7.3651553582026064e-01	   6.9749971850206838e-01	   6.3994054242498621e-01	   6.3396664968430316e-01	   6.2175932578352999e-01	   5.9733209126919573e-01	   8.4819362182341163e-01	   8.7808826554416575e-01	   5.1279081768242762e-01	   3.6541597256725405e-01	   6.0689430523727683e-01	   6.3954593476726940e-01	   5.8588552893109203e-01	   5.1256951307566356e-01	   6.4940457750933311e-01	   6.0641633160277175e-01	   5.6509159791026387e-01	   5.4907795453544284e-01	   4.9451612126539729e-01	   4.9832058665406742e-01	   7.4173534569368726e-01	   7.4805402212772432e-01	   4.9177527620515193e-01	   3.8669362905272453e-01	   2.6412409751198007e-01	   1.9725183979534694e-01	   4.5123071770668632e-01	   4.1782281763659707e-01	   3.5001529080818439e-01	   3.9292360535248655e-01	   3.9674512739953893e-01	   4.1166148822500498e-01	   3.3852223383040936e-01	   3.9277430523659229e-01	   5.3168438636620041e-01	   5.4850794754820875e-01	   3.9692199056662936e-01	   4.1498234848826188e-01	   5.8240439579108882e-01	   5.0575090079706131e-01	   5.8788155365704275e-01	   4.6790513714906323e-01	   6.4875112456507522e-01	   5.5119012023623981e-01	   8.8613766672390859e-01	   8.4067323885254730e-01	   6.4102772886872583e-01	   5.3923600116999215e-01	   6.6654868821709901e-01	   5.5244331903222510e-01	   5.8854295061310902e-01	   5.8562255241844841e-01	   5.2365201931858751e-01	   5.8128200195914059e-01	   6.0436732261167703e-01	   5.6627740565077345e-01	   8.2715684503214837e-01	   7.8112378832167195e-01	   2.6505213889286788e-01	   1.8700665684144538e-01	   3.8592983650746804e-01	   3.1545052365282800e-01	   2.9722363165736454e-01	   2.7821224256012456e-01	   2.1901653170260543e-01	   1.3544300198468501e-01	   5.4319083940089019e-01	   4.8618717352533969e-01	   7.1378853652466678e-01	   7.0393654313152143e-01	   6.3160028444489369e-01	   6.3226279026681187e-01	   7.6260110999653974e-01	   7.9629217109261297e-01	   5.6205240415225566e-01	   5.7451431169277889e-01	   6.2228081354940457e-01	   6.7870938577449746e-01	   1.6183817100719047e-01	   1.9690209082998367e-01	   1.1485792027204247e-01	   1.7222003861553586e-01	   4.7917741425113497e-01	   3.2815005190753632e-01	   7.1595499322611877e-01	   5.1661085541582652e-01	   3.4543139098358938e-01	   4.4735502475715366e-01	   2.6146074969255928e-01	   2.6187916457396981e-01	   3.1281989869680449e-01	   3.8328698608138445e-01	   2.6684121347557821e-01	   1.5155341638196662e-01	   2.2936993359404623e-01	   7.2915303046750216e-02	   1.9435820118916125e-01	   3.9950879654909599e-01	   3.9661944907181446e-01	   3.5480126046269056e-01	   2.2118435492862307e-01	   3.6143437498911557e-01	   1.3616200056878688e-01	  -5.9449064644237340e-02	
   9.1538429715395742e-01	   0.0000000000000000e+00	   5.8888724695299111e-01	   7.1743336190351037e-01	   4.5363273623478384e-01	   5.2761751334635676e-01	   5.7103587519040222e-01	   6.8520072333772131e-01	   3.1825136506676671e-01	   3.9784573623449859e-01	   6.4228482107930362e-01	   6.8956036644810714e-01	   5.9027517693330200e-01	   5.9635723954081366e-01	   5.3404671560713846e-01	   5.0690121489837403e-01	   6.8226026996931954e-01	   6.9288442920818327e-01	   7.6339410570851229e-01	   8.4723893866432509e-01	   5.1751755029847013e-01	   3.7890579563734267e-01	   5.3909606031997148e-01	   5.5994819409954744e-01	   5.5324937967050181e-01	   5.1991372022675952e-01	   5.8482853853557337e-01	   5.1863091285477148e-01	   5.8661595932293553e-01	   5.9081271724994466e-01	   5.2181397292550924e-01	   4.9499433266561349e-01	   7.7539911340613299e-01	   7.8993485837155386e-01	   4.6173196736716648e-01	   3.4945706929846426e-01	   2.5378294459669981e-01	   1.8944841817355645e-01	   4.0618428380965499e-01	   4.2809392108279021e-01	   3.3478013215594865e-01	   3.7892335010907596e-01	   4.0118060399514616e-01	   4.5223687435442061e-01	   4.3958255743536506e-01	   4.6072032392698614e-01	   5.6808970023889471e-01	   5.6374144031858509e-01	   4.1952945393227975e-01	   4.1225371705737734e-01	   5.1059817093199800e-01	   5.0268791455107120e-01	   5.1881686215632494e-01	   4.0156982733703139e-01	   6.0891911636843965e-01	   5.6835119925066047e-01	   9.0817220830854706e-01	   9.1394573685780145e-01	   6.0365098159982877e-01	   5.4606606567749894e-01	   5.1055737395688805e-01	   5.0527981834881808e-01	   4.0759507732759359e-01	   5.4439401583862979e-01	   4.1262215396480145e-01	   4.8914597108356572e-01	   5.5681556858079007e-01	   5.7457849424671847e-01	   8.4921954920465070e-01	   8.2812503382268676e-01	   2.0795106522922596e-01	   1.4345194672876740e-01	   3.7310904572412767e-01	   3.5442682321416330e-01	   2.3546140571151417e-01	   3.1084809441238709e-01	   1.7962423503526434e-01	   9.1737076992995048e-02	   5.8812447652796962e-01	   5.2444147102657224e-01	   7.1349984697562852e-01	   6.7480879678354233e-01	   5.4579319137978421e-01	   5.9876338319722877e-01	   6.4748759049093385e-01	   7.2798559153579323e-01	   4.8373195410578618e-01	   5.4705048839154224e-01	   4.8287016135309813e-01	   6.3216110099573464e-01	   2.6249153534898005e-02	   5.2234481646194382e-02	  -4.9786631729556621e-02	   4.1707855923830712e-03	   5.3285096863556947e-01	   3.2388243564013153e-01	   7.1874085522198117e-01	   5.5360039258365756e-01	   3.0298937368243783e-01	   4.3506625267627785e-01	   1.1876006021940025e-01	   9.9466315638839703e-02	   2.9452556883623549e-01	   2.5493857198513670e-01	   2.0428394772287856e-01	   7.3269234804434272e-02	   1.3888647557914935e-01	  -1.3384454633322145e-02	   2.5426022997835418e-01	   4.0859543165505763e-01	   4.0671868099863284e-01	   3.4608474566392589e-01	   1.8179217934535302e-01	   3.0901295039750587e-01	   1.0321821904758618e-01	   2.2507038639748441e-03	
   7.0769871313564692e-01	   5.8888724695299111e-01	   0.0000000000000000e+00	   8.6255025284602782e-01	   6.6029448216741193e-01	   6.8888195222947390e-01	   8.7503638475945145e-01	   8.0576835289658200e-01	   6.3804128167639995e-01	   6.0761775909607518e-01	   6.4436884870009226e-01	   5.9285239297434988e-01	   7.6073888486107000e-01	   6.6652824161437352e-01	   7.7349913727946418e-01	   7.2520864249093786e-01	   5.3257631475845746e-01	   4.4195407818399701e-01	   8.4014500407547987e-01	   7.4546108363317543e-01	   5.8936862334422802e-01	   5.1471362700225809e-01	   8.4811749498952127e-01	   8.0916430318785659e-01	   6.5719743839324052e-01	   6.4029588927926095e-01	   6.2851218654062668e-01	   6.1313715149944581e-01	   6.1270402529797596e-01	   5.6739700539236959e-01	   7.9900928626139334e-01	   8.0213779956803766e-01	   6.4523671054519216e-01	   6.4568277368374538e-01	   4.7632624817092128e-01	   3.2854172336891962e-01	   2.7341553823294690e-01	   2.4345290216889015e-01	   4.3325636787701294e-01	   3.6659229609373400e-01	   3.3609123358981896e-01	   3.9147521604896590e-01	   4.6938376994130193e-01	   4.6068471478143513e-01	   3.1941324977180502e-01	   3.8929795683661705e-01	   4.3990652114899120e-01	   4.4954920909664670e-01	   3.4612908848989199e-01	   3.7987462715231773e-01	   5.5984249858853818e-01	   4.5261274684600672e-01	   5.6527392185858594e-01	   4.3886391639912453e-01	   5.7048018963451153e-01	   4.4255650103518052e-01	   6.0559531620276585e-01	   5.5398433671683767e-01	   4.2255099875618102e-01	   4.5108164396511374e-01	   6.7777942145163561e-01	   6.5494744801474936e-01	   6.6715011519182810e-01	   6.6271485496755833e-01	   6.5324484548430295e-01	   6.6597767343871483e-01	   5.2641179905220392e-01	   4.9248933784361315e-01	   6.0226998610413895e-01	   5.5747951420348552e-01	   5.4337040434540729e-01	   5.2794091011174771e-01	   5.0826202652598251e-01	   4.0573010268161103e-01	   4.2173694503252057e-01	   3.4880855684761092e-01	   4.8406492397427614e-01	   4.1155613864784235e-01	   5.9979287182168628e-01	   5.1244674921317146e-01	   6.8163923693347295e-01	   7.1073860046300608e-01	   6.1021554874187489e-01	   6.2689462770065651e-01	   7.5331589867812854e-01	   7.2749385272861034e-01	   5.5150892000007778e-01	   5.3915956479282401e-01	   6.4517922781995940e-01	   6.2847760948162268e-01	   3.7208281592878101e-01	   3.3574428770866649e-01	   3.1155338543437372e-01	   3.1236819335866056e-01	   2.6888963198403459e-01	   1.6449711270833037e-01	   5.2949902517694614e-01	   2.4887167562023071e-01	   3.7072389369781467e-01	   3.8475966432788300e-01	   4.6425817153058468e-01	   4.4826695435620889e-01	   3.9055978508947486e-01	   4.2279578905465531e-01	   4.4883202893364593e-01	   2.2838074621361290e-01	   5.3725690738744791e-01	   1.9392753130510548e-01	   6.6061084221117894e-02	   2.3389820774613973e-01	   1.8793850416851784e-01	   3.1935886539557579e-01	   1.5190875453333591e-01	   3.2887384328635555e-01	   1.8378723305518654e-01	  -7.2326372543182665e-02	
   7.8273120450497946e-01	   7.1743336190351037e-01	   8.6255025284602782e-01	   0.0000000000000000e+00	   6.4021385116963603e-01	   6.7955299657314494e-01	   8.1632258773771549e-01	   9.2927901037076488e-01	   5.7740803566329690e-01	   6.2871029500065956e-01	   5.7585872751786793e-01	   5.9270780321669070e-01	   6.3841648984619492e-01	   6.2546028315793412e-01	   6.9009820707522418e-01	   7.2358275740625544e-01	   5.0338128929374848e-01	   4.2394935087949692e-01	   8.4750215257490213e-01	   8.1466813755877887e-01	   5.2284713606285238e-01	   4.5124632653532160e-01	   7.7278959754811294e-01	   8.2657417795882848e-01	   6.0475344808873566e-01	   5.8298488675524684e-01	   5.8972847230815550e-01	   5.4239342600317908e-01	   5.4230979032740290e-01	   5.2440177189906789e-01	   6.9496051987269514e-01	   7.2299192756755004e-01	   6.6836593459496574e-01	   7.0229267220198888e-01	   4.1350422435962930e-01	   3.4157376178472537e-01	   2.1162706313364266e-01	   2.1615000002367715e-01	   3.6194841517040821e-01	   3.9755281738265713e-01	   3.1029995423476209e-01	   4.1808208402460756e-01	   5.2847642617790558e-01	   5.2204080365203875e-01	   3.8629853727475616e-01	   4.5618248699186881e-01	   5.4877673876807820e-01	   5.7927432094150921e-01	   4.7124888814300214e-01	   4.7438440241993607e-01	   6.3272023947246492e-01	   5.4993594130052437e-01	   6.8180150873579737e-01	   5.5920520107526317e-01	   6.5146303630639246e-01	   5.5374193532755522e-01	   6.8176179799477588e-01	   6.4837717090836988e-01	   5.1902279828693287e-01	   5.6676327268881999e-01	   5.7982516382205018e-01	   6.4594137418910069e-01	   5.3189671922414761e-01	   6.2737279748381891e-01	   4.6640309569060800e-01	   6.0578567905392733e-01	   5.5846344190863018e-01	   5.8090500803698020e-01	   6.5932567578725676e-01	   6.3381361605083630e-01	   4.5035113277841393e-01	   4.1995656804962778e-01	   4.4865664191379262e-01	   3.8327393732694742e-01	   3.7690296746843338e-01	   3.1108343688371587e-01	   3.8263251547925697e-01	   3.6603621265456776e-01	   5.5743935916402931e-01	   3.9585618260760813e-01	   6.1628735224144815e-01	   5.9002422607263993e-01	   5.7217004634261337e-01	   6.4285276118646739e-01	   6.5466483016000976e-01	   7.1931398346457498e-01	   4.9977681963248610e-01	   5.6723852372364691e-01	   6.6182652770311823e-01	   7.0795099768195513e-01	   4.0587613121728838e-01	   3.0060771283276677e-01	   3.2340918657140583e-01	   2.4096898534094113e-01	   2.7293128407598627e-01	   1.5329760142932103e-01	   5.4164900624825330e-01	   2.7834191226130084e-01	   4.4668285546874698e-01	   4.1686779453534062e-01	   4.4638340657668907e-01	   3.4916513281553446e-01	   4.0476358675101548e-01	   3.7149826633851873e-01	   3.6541700340352745e-01	   1.0693820840429732e-01	   3.9181124829507502e-01	   1.6321250115979136e-01	   1.5899787498822351e-01	   2.2905211831850608e-01	   2.0428361646634319e-01	   3.0989662847407784e-01	   1.4110990557477376e-01	   3.5195421608656002e-01	   1.9561823815355711e-01	  -1.7237596939093489e-01	
   5.4405957140907701e-01	   4.5363273623478384e-01	   6.6029448216741193e-01	   6.4021385116963603e-01	   0.0000000000000000e+00	   7.8211891724585225e-01	   6.5652109029141315e-01	   6.8866324031292181e-01	   8.0652300988412251e-01	   7.5412190107929744e-01	   5.4690397839881122e-01	   4.6656299601721252e-01	   6.2474643332916879e-01	   5.3749628733245014e-01	   8.1961470476355691e-01	   7.7552676206815063e-01	   4.7299871502201063e-01	   3.9332250574384880e-01	   5.8837987918749290e-01	   5.6383681674762975e-01	   6.3248868917260481e-01	   6.9926322244128847e-01	   5.9915123359296851e-01	   5.7895094987458462e-01	   6.5115157454401618e-01	   6.0605969657998515e-01	   6.6723571626164524e-01	   6.6829302656353362e-01	   6.0595216417783526e-01	   5.6358676410340047e-01	   5.6350176877063873e-01	   5.1878171139939588e-01	   4.4058163160216662e-01	   4.6588304265520797e-01	   4.7834252815301159e-01	   4.2205371690317195e-01	   4.1553541755899620e-01	   4.7753324680698006e-01	   5.0325672338579863e-01	   6.4056968543143677e-01	   4.3396652335879438e-01	   5.3766538476523240e-01	   4.7920442189004314e-01	   5.2233107305406890e-01	   4.4924532986161614e-01	   5.0428318810830985e-01	   4.4523791782492550e-01	   4.9243419594134696e-01	   5.0960303836405818e-01	   5.3155455034017940e-01	   6.1313707367541381e-01	   5.8183034006671408e-01	   6.6478795706742089e-01	   6.1061493935343403e-01	   6.0679244294931256e-01	   5.9089219871820853e-01	   5.0414775736248318e-01	   4.4195613714272386e-01	   5.0173552009112088e-01	   5.4651157092262226e-01	   5.7389771773213893e-01	   6.0054285180073497e-01	   5.3717665215498089e-01	   5.3248622601822304e-01	   5.1016620437436933e-01	   5.0839216343157045e-01	   6.2584059284290261e-01	   6.2232856568667994e-01	   5.2299028313947327e-01	   5.4620247199751049e-01	   6.4616959947801456e-01	   6.0400382097471883e-01	   6.0801773839260209e-01	   5.7940548973499939e-01	   5.7876642547327928e-01	   4.8492388203653547e-01	   5.5165444088055660e-01	   5.3720926045032658e-01	   5.5084809222875708e-01	   4.3880607083163742e-01	   6.2073349865605665e-01	   5.7592944041316185e-01	   6.6953636658544091e-01	   7.0445596571286306e-01	   6.8345702207313952e-01	   6.8661916370025300e-01	   5.8599884196678653e-01	   6.4303133339658647e-01	   6.9857654964052984e-01	   7.4267701359957794e-01	   4.1259584804966204e-01	   4.1350506071509135e-01	   3.4632197501158285e-01	   3.3860637360732770e-01	   2.4237079240867981e-01	   2.2929286036889479e-01	   4.4674855494513099e-01	   3.1331152485815883e-01	   3.4416096076018249e-01	   4.4210393893106131e-01	   5.2389596786226300e-01	   4.1627010332105907e-01	   4.8361812837927909e-01	   3.1707099430064101e-01	   4.0525182598061782e-01	   4.1472871909413928e-02	   4.0969088574946771e-01	   1.3217661578827161e-01	   9.4929095051017626e-02	   2.1001743830790129e-01	   1.6474570534904392e-01	   2.6699481622380250e-01	   2.0285384002432294e-01	   2.6754666415969969e-01	   8.7570826613050601e-02	  -1.5636213340375410e-01	
   5.8959362939815807e-01	   5.2761751334635676e-01	   6.8888195222947390e-01	   6.7955299657314494e-01	   7.8211891724585225e-01	   0.0000000000000000e+00	   7.0434713178212505e-01	   7.2972915410999006e-01	   7.8483131183342825e-01	   8.7844672784593214e-01	   5.7398369064105004e-01	   4.6939750306221251e-01	   6.4387446151924532e-01	   4.2109369464272439e-01	   8.0513943361874918e-01	   7.6272780175149801e-01	   5.6232090894232334e-01	   3.6854240195807919e-01	   5.8955594288298385e-01	   5.5175749228731319e-01	   6.5555948660908947e-01	   6.9615876761277762e-01	   5.4083350839549216e-01	   5.1650122471713045e-01	   5.7457748318023960e-01	   5.8073633990833218e-01	   6.6087573508976216e-01	   7.5087536058780802e-01	   5.9145968382133784e-01	   5.5223652537913981e-01	   5.6431776349482443e-01	   5.3742596871088066e-01	   4.0773314076640099e-01	   4.3616155235978799e-01	   3.6670625063464934e-01	   3.0978161451198705e-01	   3.7437003831352300e-01	   3.6763914699877343e-01	   5.1713043801637393e-01	   5.6457765371502577e-01	   5.3009963337587762e-01	   5.1361376971834172e-01	   3.8089282763022048e-01	   4.1425860156398620e-01	   3.9839168817145465e-01	   4.5294822828232784e-01	   3.8849347249577493e-01	   4.7907279134151448e-01	   4.3911619329362606e-01	   4.4249916281222518e-01	   5.8717785131284694e-01	   5.2676138501942815e-01	   7.1007928641018792e-01	   6.4166593136434347e-01	   6.0559874949383286e-01	   5.4992836818091284e-01	   5.3653429742533520e-01	   5.0941561418675108e-01	   6.0670721898449220e-01	   6.3959083638390846e-01	   6.2694800075147250e-01	   6.2270736000954496e-01	   6.1369435454206611e-01	   6.1418104364316140e-01	   3.8717914706417500e-01	   4.3223535176281180e-01	   5.9128389930761449e-01	   5.7950200316456812e-01	   5.6448068089822545e-01	   5.3887973544481260e-01	   4.8820035904454545e-01	   4.9412792669419481e-01	   5.6522317414104373e-01	   5.4007022416640926e-01	   4.9020827228506803e-01	   4.8267250416507068e-01	   3.9506408092622686e-01	   3.6047830953064158e-01	   5.3688526087797961e-01	   3.8886850159828917e-01	   6.7643233586821871e-01	   5.8922152775303460e-01	   6.9678257535216193e-01	   7.3051398946244317e-01	   6.9001032699824227e-01	   7.3036247075971394e-01	   5.8206682206644766e-01	   6.0863192365102814e-01	   7.8170819075622977e-01	   7.6905168099541998e-01	   3.4433184165919034e-01	   4.0669925149194652e-01	   2.5031679413053265e-01	   3.0515294418790218e-01	   3.4074594819099491e-01	   3.6400783915059332e-01	   5.2795005535860184e-01	   4.1112843078955869e-01	   4.0063271183475369e-01	   5.3147182444574437e-01	   5.6455162037118911e-01	   4.7717391860091490e-01	   5.2864639361405330e-01	   5.8006016484516421e-01	   4.6491894742185741e-01	   2.1725808177522773e-01	   4.9936144636093410e-01	   2.7644779803309327e-01	   1.1928222518980031e-01	   3.2903518029146395e-01	   2.4668417211956720e-01	   3.8276923188713835e-01	   2.4828879620531380e-01	   4.2197463201135627e-01	   1.8530710833633612e-01	  -1.1782416525488784e-01	
   7.1333669408064804e-01	   5.7103587519040222e-01	   8.7503638475945145e-01	   8.1632258773771549e-01	   6.5652109029141315e-01	   7.0434713178212505e-01	   0.0000000000000000e+00	   8.8309114415783885e-01	   6.7919107411031687e-01	   6.3958294845989294e-01	   6.5253431949539187e-01	   5.9117283256778830e-01	   7.8721437740165245e-01	   6.1828226256763874e-01	   6.9427074111300269e-01	   6.2004254552778304e-01	   3.8623468538475419e-01	   3.1415146383750048e-01	   7.7091989748790823e-01	   6.8789204370817525e-01	   4.4192090248147092e-01	   3.8122660555659871e-01	   6.7955965952068487e-01	   6.4662507972597916e-01	   4.7727053971087358e-01	   4.3954142846439270e-01	   5.2785623736774645e-01	   5.4389331485372017e-01	   4.3458373324497890e-01	   3.8316659277429610e-01	   5.6791727269767278e-01	   6.2787416184279365e-01	   6.2635620906758349e-01	   6.4968516891143779e-01	   4.8373006359472814e-01	   4.4314320368679705e-01	   1.7587016962700280e-01	   1.3808124224392238e-01	   3.6720686847399264e-01	   3.0445862468571022e-01	   2.6323995535466560e-01	   3.1162037206472720e-01	   4.3676157447939107e-01	   4.3282502131399114e-01	   2.5091850116114633e-01	   3.2999235045803316e-01	   4.4758923358150171e-01	   4.6811119934937562e-01	   3.0124073729074513e-01	   3.5366087968217064e-01	   5.6888504065050682e-01	   4.3936112902850377e-01	   6.0850153000401619e-01	   4.6751664783763802e-01	   5.4707632526665773e-01	   4.5000664297689474e-01	   5.5579960826483066e-01	   4.9105282563540731e-01	   5.0663593624234493e-01	   5.0460561037809815e-01	   7.8765434691190483e-01	   7.3038100410890372e-01	   6.6574552404982579e-01	   6.3757117076010217e-01	   5.9020758270252827e-01	   6.8737576974562420e-01	   6.0543535506876411e-01	   5.1859191889760692e-01	   5.3946707429078433e-01	   5.1006788740833586e-01	   3.7658938451455204e-01	   3.4946110781075795e-01	   3.5013177124821060e-01	   2.6147970652870622e-01	   3.5206104591763876e-01	   2.4684162741190552e-01	   3.6417126691792717e-01	   2.5689369712538956e-01	   4.0459328693779056e-01	   3.1204818976405935e-01	   5.7383154378141343e-01	   5.7801653366266870e-01	   5.7313193508382898e-01	   5.7554614621872902e-01	   6.8545241855507344e-01	   6.9062908117948940e-01	   4.4011563264578690e-01	   4.5319713136751111e-01	   6.7278910476456444e-01	   5.9329427592617856e-01	   3.7937258143136393e-01	   4.2522300723687112e-01	   3.0681058476302503e-01	   3.8766615318807723e-01	   3.4229272969545471e-01	   2.2123043346511143e-01	   5.6550864603223738e-01	   3.4157717974599910e-01	   3.7404141991057133e-01	   4.6460551961579721e-01	   5.0029263460071371e-01	   5.2752586133437562e-01	   3.9964260753586844e-01	   5.0024837654419740e-01	   4.8965349449293044e-01	   3.6220857315426358e-01	   5.0889566458632063e-01	   3.2007230793276109e-01	   1.1003364768350354e-01	   3.0798227034052256e-01	   3.2840476784370753e-01	   3.4409227583617702e-01	   1.6305570674964706e-01	   4.4539140009665407e-01	   3.2793909274573407e-01	  -7.5420826525965157e-02	
   7.5459328746191434e-01	   6.8520072333772131e-01	   8.0576835289658200e-01	   9.2927901037076488e-01	   6.8866324031292181e-01	   7.2972915410999006e-01	   8.8309114415783885e-01	   0.0000000000000000e+00	   6.7103491414243410e-01	   7.1965742088578444e-01	   6.4187680568189442e-01	   6.6746678041082652e-01	   6.8910773240059564e-01	   6.3156200116159755e-01	   6.4886135156673674e-01	   6.7682495755729644e-01	   4.8886418018417932e-01	   3.9453268099562694e-01	   7.9412382754124178e-01	   7.6427151857820519e-01	   4.2509908619885312e-01	   4.0496380653690067e-01	   6.3544277364207891e-01	   6.8144339538680487e-01	   4.5556985095166458e-01	   4.4625472196720406e-01	   5.0003582529811985e-01	   4.9013314654445717e-01	   4.8864546487151711e-01	   4.7911302130685984e-01	   5.8864885535500011e-01	   6.5035522085297903e-01	   6.2104464448335550e-01	   6.7676262275644228e-01	   3.5328277386909118e-01	   3.2885611296866524e-01	   9.4339401159638833e-02	   1.4310688422752837e-01	   2.7415172470078375e-01	   3.4862650613805951e-01	   2.3899477757594670e-01	   3.7091248994855175e-01	   4.8401922858978852e-01	   4.7632337065359065e-01	   3.3701025693319114e-01	   4.2422652109847964e-01	   5.2538946713314927e-01	   5.5228104452743199e-01	   4.4024428681763661e-01	   4.4069283187919617e-01	   6.5292427171448053e-01	   5.4341924459489788e-01	   7.1704756790607349e-01	   5.6455472593714129e-01	   6.0870332526446336e-01	   5.4540248260787094e-01	   6.3943363340319581e-01	   5.8467264934040863e-01	   5.6591512843728942e-01	   6.1053319413785667e-01	   6.8384871011800896e-01	   7.4533051690939944e-01	   5.6847979497096590e-01	   6.7810686427495592e-01	   4.3282110809566265e-01	   6.3077489596242498e-01	   5.7757050633688767e-01	   5.7388445528057130e-01	   5.8497793441569401e-01	   5.6965577837660097e-01	   4.0407700881965813e-01	   3.6685901762447670e-01	   3.9752241817180767e-01	   3.3884597936051564e-01	   3.6321071619563711e-01	   2.7627855372104354e-01	   3.0048423237064559e-01	   2.7469167182373316e-01	   4.8507399728913014e-01	   3.2576741070846449e-01	   5.9627462695170064e-01	   5.5026943126135697e-01	   5.4061491752783908e-01	   6.1214772396714245e-01	   6.1461057571002309e-01	   7.1668882782438459e-01	   3.9923556895941809e-01	   4.8439077482648174e-01	   6.6551906098302993e-01	   6.9371590692473795e-01	   4.0633793556659359e-01	   3.2894843558273040e-01	   2.8490171795562458e-01	   2.4254115493732539e-01	   3.7498469131112072e-01	   2.8719670782444251e-01	   5.6406022699199687e-01	   3.5095948895629808e-01	   4.6071614378323883e-01	   4.9471800540594757e-01	   4.9429960977043486e-01	   3.7889102306477401e-01	   4.3110001237922158e-01	   4.1410612954202353e-01	   4.2448347822820554e-01	   1.7808032393741788e-01	   4.1325696713706417e-01	   2.4303284402772835e-01	   1.8734901425272915e-01	   2.6497702041112159e-01	   2.2780691698237257e-01	   3.6151450137677743e-01	   2.1296204725968959e-01	   4.3834111505694395e-01	   2.1375224214474031e-01	  -1.0256693166722936e-01	
   4.1683437562846992e-01	   3.1825136506676671e-01	   6.3804128167639995e-01	   5.7740803566329690e-01	   8.0652300988412251e-01	   7.8483131183342825e-01	   6.7919107411031687e-01	   6.7103491414243410e-01	   0.0000000000000000e+00	   9.0135147660435033e-01	   5.4386565992580427e-01	   4.2048188141621368e-01	   6.4163554904156084e-01	   4.3796902123990689e-01	   8.0086382560315417e-01	   7.3843828940812417e-01	   4.4627390549623702e-01	   2.6033129789920195e-01	   5.3473966931695049e-01	   4.5493354925071666e-01	   5.2600401083873949e-01	   5.4128404195352209e-01	   4.9288304430912511e-01	   4.4754114386173988e-01	   4.1809885884430198e-01	   4.3161157262613908e-01	   4.7639254936659869e-01	   4.9331435921025923e-01	   5.2904540682419787e-01	   4.9229651558226373e-01	   5.1230531464721707e-01	   5.2262336937878462e-01	   3.2247377666971366e-01	   3.3789353334121913e-01	   2.4989665779221365e-01	   2.5078546941654628e-01	   3.0745490286774213e-01	   3.6758889028673519e-01	   4.0350823619369069e-01	   4.6549411766570892e-01	   3.9443740774244823e-01	   4.5057429044541764e-01	   3.4004386303613904e-01	   3.1294046121381158e-01	   2.7240706322499336e-01	   3.1883846120091147e-01	   2.6481544050843708e-01	   3.3447751802953662e-01	   3.9219212062270503e-01	   3.9429796315012605e-01	   5.3937292812472182e-01	   4.8198055699952469e-01	   6.3783737105406679e-01	   5.1906108396325190e-01	   4.6437299195631276e-01	   4.2654517533944436e-01	   3.5745732650075013e-01	   3.1816890973470779e-01	   4.7391482731210666e-01	   4.8898623561820498e-01	   6.2359380688225585e-01	   5.2587021449878479e-01	   6.3702432405338383e-01	   5.9028785407262030e-01	   3.0825934783162329e-01	   3.3528338240212374e-01	   4.6890074980535745e-01	   4.5217257795602078e-01	   3.9658140867938485e-01	   3.5582847448430183e-01	   5.7549193397576670e-01	   5.9525617685902399e-01	   5.0994149371327491e-01	   4.8287809216029765e-01	   4.6213625862154084e-01	   4.1468077362968070e-01	   4.6151813072645098e-01	   4.8074129932221998e-01	   4.5375451422357410e-01	   2.8294156336664611e-01	   5.2921556850498508e-01	   4.7007569444890179e-01	   5.9360965863640214e-01	   5.7285372173102889e-01	   5.7226634287820799e-01	   6.1523733540360459e-01	   4.5429937903868933e-01	   4.1023062089249063e-01	   7.1601226326034939e-01	   6.2526460789423188e-01	   4.3009370766366828e-01	   4.5186115049711506e-01	   3.0796705084410392e-01	   3.3662267908345234e-01	   1.5785003509250939e-01	   2.1008975603248073e-01	   3.5777622592839675e-01	   2.4438034751740062e-01	   3.5007112444434307e-01	   4.3547706859113888e-01	   5.6293643486380529e-01	   4.9287475244561640e-01	   4.8118137573776493e-01	   4.5255080285031912e-01	   4.6636135230292264e-01	   1.0282311262124061e-01	   5.5855474768980151e-01	   2.9912560041637892e-01	   7.5568172697359340e-02	   1.3708276998638580e-01	   5.0953530646924448e-02	   3.0910979791935594e-01	   2.7809923302257733e-01	   3.4876535239346862e-01	   1.0598274630376114e-01	  -1.5822229118113754e-01	
   4.7761438409490031e-01	   3.9784573623449859e-01	   6.0761775909607518e-01	   6.2871029500065956e-01	   7.5412190107929744e-01	   8.7844672784593214e-01	   6.3958294845989294e-01	   7.1965742088578444e-01	   9.0135147660435033e-01	   0.0000000000000000e+00	   5.4222369616632626e-01	   4.2481920134852691e-01	   5.9390790793329229e-01	   3.7327649121781764e-01	   7.6844881696453526e-01	   7.5028917116518135e-01	   5.5082565598878308e-01	   3.2043800403560241e-01	   5.4255909957205883e-01	   5.1877645270993911e-01	   5.6429935862921154e-01	   5.8902284115240799e-01	   4.2934843699515030e-01	   4.1311677874940295e-01	   4.1716860689597335e-01	   4.4230961803579105e-01	   4.8869419364248201e-01	   5.2082472763358856e-01	   5.8834776008094647e-01	   5.7412702107737479e-01	   5.1279639178796843e-01	   5.1489146306180333e-01	   3.5414879985861197e-01	   3.8836706973873658e-01	   2.0811389768964861e-01	   1.9771490490193266e-01	   3.0501543895249256e-01	   4.1113776249489015e-01	   4.1975346382757495e-01	   5.4026292785379815e-01	   5.0146711027656721e-01	   5.5402599084930348e-01	   2.9180127875025524e-01	   2.8808660892491567e-01	   2.6567385086557738e-01	   3.2453609027569047e-01	   2.5917605095999219e-01	   3.3902305480340184e-01	   3.8331734215503133e-01	   3.9580476170326717e-01	   5.5391212334305706e-01	   4.7457937782838810e-01	   6.9077942924087843e-01	   5.7125813598312780e-01	   5.0292400779508795e-01	   4.6097233750711603e-01	   4.3771140071266690e-01	   4.1103322888093463e-01	   5.4120546994010699e-01	   5.7595679452353576e-01	   5.9860678100808107e-01	   5.7108545076179773e-01	   6.1681288249516397e-01	   6.4293633730361777e-01	   2.3769900499401572e-01	   3.4599697778731031e-01	   4.8924003511121139e-01	   4.8189686176075935e-01	   4.5640678055297434e-01	   4.1825469078608918e-01	   5.6643942620833876e-01	   5.6125745768874746e-01	   5.9922209485251277e-01	   5.6454978878868245e-01	   5.2534433073196385e-01	   4.8448257490970248e-01	   3.7684016878312032e-01	   4.3397076778193022e-01	   5.4731294096862237e-01	   3.3763345709436587e-01	   6.1670631801671494e-01	   5.0557659826274504e-01	   6.1838369340125410e-01	   6.5314687102077829e-01	   5.7946148701062627e-01	   6.4854782063220395e-01	   4.4017285252375332e-01	   4.5988011742349355e-01	   7.3673725225458564e-01	   6.8286564864697963e-01	   3.8662471242185803e-01	   4.1146723481597003e-01	   2.6927661140224679e-01	   2.9263181121053694e-01	   2.3669546647045886e-01	   3.1764171664871116e-01	   3.9090801659959562e-01	   2.7082858821277700e-01	   3.6954849129775136e-01	   4.8154598184398406e-01	   5.8888513262940378e-01	   4.5818425004687258e-01	   5.3471766867811821e-01	   4.9564265310002859e-01	   4.4288907373474240e-01	   1.1642214735459366e-01	   5.1296997222767937e-01	   2.8360919302232424e-01	   1.2194629784715690e-01	   2.1030861930555947e-01	   6.2995218608684081e-02	   3.2926801578901049e-01	   2.9503584297070179e-01	   3.8744011151848112e-01	   8.6991996698376262e-02	  -1.4887993439470629e-01	
   7.4577599906728165e-01	   6.4228482107930362e-01	   6.4436884870009226e-01	   5.7585872751786793e-01	   5.4690397839881122e-01	   5.7398369064105004e-01	   6.5253431949539187e-01	   6.4187680568189442e-01	   5.4386565992580427e-01	   5.4222369616632626e-01	   0.0000000000000000e+00	   8.4081048767646038e-01	   9.1199456990140693e-01	   7.9487758133232256e-01	   6.5819993654652853e-01	   6.2763404730222383e-01	   7.2653398189991258e-01	   6.9816767724715190e-01	   7.6019883277191880e-01	   7.1410929919841803e-01	   4.3383182157115596e-01	   3.6434877245474323e-01	   5.4064796388646164e-01	   5.2617467291521214e-01	   3.9379503811742200e-01	   3.7404367662244326e-01	   4.7858896362515790e-01	   5.7673847952480728e-01	   6.7325254804554246e-01	   6.7148188715683632e-01	   5.0328741981785030e-01	   5.5283044675702475e-01	   5.6146015478426670e-01	   5.8942630755915693e-01	   2.9994521606218744e-01	   2.1084671536422733e-01	   1.7115793525779982e-01	   1.8501327045753208e-01	   3.1506745350308307e-01	   2.7508934008753178e-01	   2.5771138889910233e-01	   3.3585350556596250e-01	   2.0073536042243817e-01	   2.0168087456205533e-01	   1.8026972474898048e-01	   2.2854633313195774e-01	   3.0602187799248515e-01	   2.8940026534695268e-01	   1.5890847134307892e-01	   1.8869517476362160e-01	   3.9355144722287660e-01	   2.9139547952976530e-01	   3.6285859943688376e-01	   2.3201409298774472e-01	   4.3607262884430398e-01	   3.0289705742908968e-01	   6.5597636066402454e-01	   6.0520188565718469e-01	   4.1744647097369247e-01	   3.2147258893575864e-01	   7.2221452406710163e-01	   5.1461556103000394e-01	   7.6745768762254185e-01	   6.8071655226285077e-01	   5.0866770789956861e-01	   4.9169665768050258e-01	   3.5981402294401099e-01	   3.4357161975523598e-01	   5.5336148841176980e-01	   4.8854014914268040e-01	   4.0111191204038937e-01	   3.7444644015335682e-01	   4.3734202825350021e-01	   3.8199314383313399e-01	   3.5501782212244115e-01	   3.1662177850057605e-01	   1.9812757166510087e-01	   2.0240653615179444e-01	   5.8686709536922033e-01	   6.1291801185794847e-01	   7.1819683133695156e-01	   7.2835973071464988e-01	   5.3237150810330136e-01	   5.4230949809018447e-01	   7.1581317388335242e-01	   6.8703494937393228e-01	   3.9965044792102256e-01	   3.7235404250744719e-01	   5.6507994285496910e-01	   5.1051312180253672e-01	   1.0670362644293876e-01	   1.5633754209288447e-01	   2.0410579866867017e-02	   1.1538758135238519e-01	   3.8505250771180793e-01	   3.5278529311723134e-01	   5.6199712681371983e-01	   3.7891924155677681e-01	   2.4425657218094954e-01	   3.5740788028501486e-01	   2.4514372129189776e-01	   2.2014301543537451e-01	   2.7620848394077563e-01	   3.8098616378368644e-01	   2.5421612775990698e-01	   1.0996635016417688e-01	   3.3914644313288933e-01	   1.0420520427848337e-01	   2.5291607563955865e-01	   2.3742768422673258e-01	   2.1337530994771547e-01	   3.5274435898404632e-01	   2.7126035206945237e-01	   2.9085023894726814e-01	  -3.6749252544969281e-02	   2.0481859667327452e-03	
   7.1190248165895120e-01	   6.8956036644810714e-01	   5.9285239297434988e-01	   5.9270780321669070e-01	   4.6656299601721252e-01	   4.6939750306221251e-01	   5.9117283256778830e-01	   6.6746678041082652e-01	   4.2048188141621368e-01	   4.2481920134852691e-01	   8.4081048767646038e-01	   0.0000000000000000e+00	   7.6667609702551154e-01	   8.5867757316296778e-01	   4.7520184514324515e-01	   5.0366567757161917e-01	   7.0991357161484869e-01	   7.7549181352315677e-01	   7.2991290994502822e-01	   7.2461251482491340e-01	   3.4259775901068173e-01	   2.3305397328233393e-01	   4.6283904947106014e-01	   4.8166911122942002e-01	   3.0531515097521034e-01	   3.1407860103229734e-01	   3.2042184342461322e-01	   3.8457208583596797e-01	   6.5609861882374365e-01	   6.8691188251276647e-01	   5.2733656583986743e-01	   5.7181501355370712e-01	   6.5146258450963612e-01	   6.9996091338124733e-01	   2.4727977010254246e-01	   2.0432252388312905e-01	   1.8433572175489514e-02	   6.4472679248586739e-02	   2.3901374490648405e-01	   1.8162663176845387e-01	   1.0588411383234722e-01	   2.6507182133484020e-01	   3.5891663233608873e-01	   3.4401112286210861e-01	   3.1560399247658039e-01	   3.8054971702666196e-01	   4.9486824037360844e-01	   4.4131621413646271e-01	   2.8000305460922292e-01	   3.0761109936776210e-01	   4.8731899246125626e-01	   3.9857488198246938e-01	   4.1351869012228654e-01	   2.4707666608420886e-01	   4.7416176643679869e-01	   4.1484261590500121e-01	   6.3177260424201898e-01	   6.1072473769583657e-01	   4.2952025412228256e-01	   3.8435647223961245e-01	   5.8452518107703433e-01	   5.1668330126702067e-01	   5.6423866265005729e-01	   6.6868831898751768e-01	   3.8551082118426783e-01	   4.6520229842390509e-01	   3.5908429963517224e-01	   4.1675091367780526e-01	   5.0274096765328502e-01	   5.0575444348449472e-01	   3.7220334670153954e-01	   3.1518986277759581e-01	   4.3985586512881281e-01	   4.2108844636789666e-01	   3.3933834937450791e-01	   4.0052620931832167e-01	   1.9592432200976945e-01	   1.6154895805066083e-01	   5.9776591547039926e-01	   6.4894981712497113e-01	   6.6300979096971890e-01	   7.0524803316554263e-01	   4.2270037429182872e-01	   5.1261201118551936e-01	   5.6328867161902851e-01	   6.4797856053061631e-01	   3.1563214554919800e-01	   3.1453137470863546e-01	   4.3173195362678851e-01	   4.8272498756659948e-01	   9.6468539144782262e-02	   5.3977468872904263e-02	  -3.0682362822017882e-02	  -1.8407791518461839e-02	   4.5237714360513492e-01	   3.1382003856446067e-01	   5.7300103538060054e-01	   4.3164756070181948e-01	   2.8143283000997987e-01	   3.5866182324248785e-01	   1.3450532240841948e-01	   1.0996983591622883e-01	   1.7370917170918557e-01	   2.0300348732799917e-01	   1.6585999949155594e-01	   2.7298417443536654e-02	   1.8261213716493258e-01	  -2.1051015516257678e-02	   2.2449280968655516e-01	   2.8616840860295728e-01	   2.7533684063008701e-01	   3.3988808092153644e-01	   1.8987076662406929e-01	   2.1572041937644593e-01	   2.2886284858608517e-02	  -8.9389874812130024e-03	
   7.3651553582026064e-01	   5.9027517693330200e-01	   7.6073888486107000e-01	   6.3841648984619492e-01	   6.2474643332916879e-01	   6.4387446151924532e-01	   7.8721437740165245e-01	   6.8910773240059564e-01	   6.4163554904156084e-01	   5.9390790793329229e-01	   9.1199456990140693e-01	   7.6667609702551154e-01	   0.0000000000000000e+00	   8.1490576854875563e-01	   7.5779304233871680e-01	   6.8949837457211904e-01	   6.3035973200807294e-01	   6.0962579114262150e-01	   7.5978961316021265e-01	   6.9478170731972788e-01	   4.7680130434818446e-01	   3.7081390247353052e-01	   6.8652575941840777e-01	   6.4455409356536597e-01	   4.9458408409703236e-01	   4.6131099137863218e-01	   5.6313566768948586e-01	   6.3832958620689351e-01	   6.3354285411916023e-01	   6.1492004053900784e-01	   5.7725056631503224e-01	   6.2957209567565131e-01	   5.7155569948199458e-01	   5.8330050898215846e-01	   4.1219017425651355e-01	   2.9899531511375532e-01	   1.8760993653292207e-01	   1.9809744460981182e-01	   3.7483414547102112e-01	   2.8469225022932387e-01	   2.7586426516231938e-01	   3.1282525285287432e-01	   2.0098813599679252e-01	   2.1074779639702418e-01	   1.4623818337734912e-01	   2.1453424548788852e-01	   2.7219779995141102e-01	   2.8378637998999257e-01	   1.6402584043231810e-01	   2.2767244631651284e-01	   4.2107517433838443e-01	   3.1119326811262499e-01	   4.3328664025359487e-01	   3.2391094415722677e-01	   4.4222931636445595e-01	   3.1371415592643315e-01	   6.4147160565681560e-01	   5.8512071621787953e-01	   4.3219021069432961e-01	   3.7163895821990606e-01	   7.9048720319380683e-01	   6.0723015481196496e-01	   7.9898996817726753e-01	   6.7312247213692777e-01	   6.3600567640673433e-01	   5.5591675642541460e-01	   4.2797220242974005e-01	   3.8014017561209668e-01	   5.7452260211966300e-01	   5.1480461199851890e-01	   4.1205549197047620e-01	   3.8113351055413586e-01	   4.3066523573464865e-01	   3.6765281661017352e-01	   3.9219720019319537e-01	   3.1947058681342194e-01	   2.5685911815916851e-01	   2.2116340528455183e-01	   5.6150705179054117e-01	   5.7016306929506655e-01	   7.0421663705008541e-01	   7.6089781541745882e-01	   5.7113825959567865e-01	   5.7529152388305349e-01	   7.7804010828285430e-01	   7.1655707686482151e-01	   4.5184639386951986e-01	   4.0739295518246044e-01	   6.4466509049811849e-01	   5.3974871691761583e-01	   1.7553128947972571e-01	   2.7436904769368897e-01	   1.2335807027388657e-01	   2.4797515985806484e-01	   3.5703805113785775e-01	   2.8230196095803695e-01	   5.3766992871451114e-01	   3.2034653112865180e-01	   2.2946754401207964e-01	   3.3778016050389581e-01	   3.0099574218794767e-01	   3.4594432302328354e-01	   2.5192710122411760e-01	   4.0256865675085884e-01	   2.8422007311850939e-01	   1.5567064488775958e-01	   4.2910868509876732e-01	   1.4498348443697301e-01	   1.5846210483080334e-01	   2.4055789103922931e-01	   2.0554370869568367e-01	   3.1439822076309554e-01	   2.1618945316482244e-01	   2.9925650515574587e-01	   2.1895668663563444e-02	  -6.8867186831425869e-02	
