   0.0000000000000000e+00	   7.5372859541026027e-01	   6.6462077732147218e-01	   4.6027576804994019e-01	   6.8074681125643832e-01	   4.8100007022647828e-01	   6.9517796560270617e-01	   4.6382124673227132e-01	   6.2183089970880623e-01	   3.1476297124004388e-01	   6.2942810962121587e-01	   6.2899098058738856e-01	   7.0777172694925072e-01	   5.5375088625627344e-01	   5.7419223136753350e-01	   4.0620162056121423e-01	   6.5692478801921206e-01	   6.0367195594973322e-01	   7.9400644991868885e-01	   7.4366821553084705e-01	   4.3827199753447071e-01	   4.3319385659816878e-01	   3.2959355822691694e-01	   1.6474969119344141e-01	   3.3372341363289060e-01	   2.8440871252349964e-01	   5.6068218396481906e-01	   5.3175451103344973e-01	   4.5069599098806545e-01	   4.3223448434900413e-01	   1.5753837605207804e-01	   8.4935645787942840e-02	   5.9979028174321658e-01	   6.4038077620565903e-01	   2.1935455527879105e-01	   2.4197799823324040e-01	   2.1829726668893495e-01	  -6.9185703400830578e-02	   4.9765258161187054e-01	   5.1528959037329725e-01	   4.9640760957888419e-01	   2.7380028706158227e-01	   5.0523501874901289e-01	   5.1503003624555355e-01	   4.2544407963127073e-01	   4.2376515151073257e-01	   5.5008043725871447e-01	   5.7687516194408239e-01	   5.0566361279588534e-01	   5.1460432862636640e-01	   5.1407093949818194e-01	   5.3797385304538337e-01	   4.9462705325907258e-01	   4.8992639512189073e-01	   5.5749536189713600e-01	   4.6403892082365461e-01	   7.9809075087532300e-01	   6.8603951584787493e-01	   7.3340106870173516e-01	   5.7504240023944220e-01	   7.2553840733393860e-01	   5.2216344966979644e-01	   7.0123137881794295e-01	   6.0548980675812047e-01	   4.6455321789987480e-01	   3.7946484866659852e-01	   4.9256155054456907e-01	   3.0629035768710844e-01	   7.8508177661274758e-01	   6.6945577700583203e-01	   1.7581514045702688e-02	  -3.6934723632577413e-03	   3.8925742988690215e-01	   4.4938263179710136e-01	   4.0869541028080603e-01	   3.4951071697266378e-01	   2.2068750341171998e-02	  -8.2821695825227304e-02	   4.8538490650287841e-01	   4.8634733318163959e-01	   4.8358171355537111e-01	   5.5702324548702464e-01	   5.2504123666863278e-01	   4.8192756864876274e-01	   5.3528239106600961e-01	   4.6908637682895599e-01	   4.4650902741750137e-01	   3.5823149099834495e-01	   6.8415751485567522e-01	   6.3790033420024461e-01	   2.5513932767603131e-01	   3.2303439998428518e-01	   1.6929330759593469e-01	   3.0696215148970030e-01	   2.9486284344061908e-01	   2.7316605975599662e-01	   4.3797480079816675e-01	   3.5894636567028182e-01	   3.9379454318447732e-01	   4.0453106951889167e-01	   3.9174063205763410e-01	   4.9889436930279429e-01	   3.7622360558790346e-01	   4.1502106024835761e-01	   1.5417457918610161e-01	   8.0718896206256940e-02	   2.0871049839088246e-01	   3.2184670741980537e-01	   7.4913286381525904e-02	   1.8528240689142966e-01	   3.6574634102333259e-01	   4.0185537686290967e-01	   2.6507224253590378e-01	   2.7160831910346656e-01	   9.2508402213839463e-02	  -1.1018726284249904e-01	
   7.5372859541026027e-01	   0.0000000000000000e+00	   4.8898390185863516e-01	   5.1639824043694194e-01	   5.3804936222424171e-01	   4.9268449290777394e-01	   3.9218540633369658e-01	   3.7445043429810165e-01	   5.2075461782182264e-01	   2.4209026781888077e-01	   3.3703224103904306e-01	   5.3357679676591896e-01	   3.3314185431968069e-01	   4.0049644159033027e-01	   3.3214472804851536e-01	   3.9904776847924073e-01	   6.4278652060038999e-01	   6.7110721141008267e-01	   6.6864628431768025e-01	   8.0563985116798620e-01	   4.7668161094615663e-01	   5.4118390970386443e-01	   2.5479122703464974e-01	   2.3792454446230554e-01	   3.5120785232042995e-01	   3.0903392677075991e-01	   6.1627610915353115e-01	   6.0405188022938461e-01	   4.0752807361063043e-01	   4.6284730345662684e-01	   1.9051220676994002e-01	   8.6882596205260995e-02	   7.1163836081005805e-01	   7.3470534763967432e-01	   1.8744841829698811e-01	   2.2021423923879713e-01	   3.0767679707075291e-01	   1.2318654451648739e-01	   5.7835491066110178e-01	   6.1043028178427783e-01	   4.5060593112194280e-01	   4.1185198630834996e-01	   6.2601517479334401e-01	   5.6920673274999622e-01	   5.9820934291016781e-01	   6.0778114088045321e-01	   6.4252028065248035e-01	   6.7214539188437550e-01	   5.1464673532566341e-01	   5.3634450687463797e-01	   4.9261636313757934e-01	   5.4250515396295307e-01	   3.7092855278918563e-01	   3.8877738922155269e-01	   5.7443361930567205e-01	   5.5614081680206096e-01	   8.2769204339506430e-01	   8.6015280110514047e-01	   4.8580229995582491e-01	   5.0209269571396531e-01	   3.3967765194659172e-01	   2.9588687174703648e-01	   5.6014797966336127e-01	   5.1663873220658107e-01	   2.0403079951303885e-01	   2.7737458253807051e-01	   5.4547163988223568e-01	   4.6250345540433135e-01	   8.9043113254296991e-01	   8.8372137826616870e-01	  -1.4143622475941092e-01	  -9.6234847412092206e-02	   3.7994127616004625e-01	   4.2403410712066930e-01	   2.6253768747929096e-01	   2.6643440160441773e-01	  -1.1890731580388658e-01	  -4.3879636172315294e-02	   5.6220674397740900e-01	   6.2993127971108309e-01	   5.2997379415283818e-01	   6.3392087031231070e-01	   4.1190488201351072e-01	   5.1424805770141646e-01	   4.6370084337310946e-01	   6.3168368979863387e-01	   2.8869471662866836e-01	   4.0659660555233590e-01	   5.2359126726473126e-01	   6.2617862801788526e-01	   3.6156647361734251e-01	   4.5075780205868582e-01	   2.9228318947339055e-01	   3.7044878792246494e-01	   3.5753711505848351e-01	   3.6122336801549626e-01	   6.6104529991351502e-01	   4.0813576868887097e-01	   5.9802721862559516e-01	   4.1400850007891016e-01	   5.5727768830010993e-01	   4.7469551055231024e-01	   5.6453269114158589e-01	   4.8894596975757026e-01	   2.6713052017246253e-01	   1.5014495085464691e-01	   3.6787232529266989e-01	   4.3318071018140225e-01	  -2.1350592663949543e-02	   3.0410661379076781e-01	   5.9384327697121764e-01	   5.4149058120274762e-01	   2.4177992020835085e-01	   3.0725498906408655e-01	   1.1726055859898887e-01	  -1.2532044358888272e-01	
   6.6462077732147218e-01	   4.8898390185863516e-01	   0.0000000000000000e+00	   6.5257808007639928e-01	   5.3172270271909583e-01	   5.2334665567106131e-01	   7.7895092286209278e-01	   5.2152563793902607e-01	   5.4215736709176565e-01	   3.7104143712037269e-01	   5.7928051518435120e-01	   5.1381365371670129e-01	   5.2867671262999338e-01	   4.4016580679105088e-01	   5.8045889043429799e-01	   4.1222931618057168e-01	   4.5238129706095276e-01	   3.7509310221262882e-01	   6.4311042082115888e-01	   5.7763776565052394e-01	   3.4294068262668820e-01	   3.9695019478158011e-01	   7.8943572812418461e-01	   6.1979905435979432e-01	   6.6484573649460199e-01	   5.5720775342577411e-01	   6.5347771495530105e-01	   6.9152431151834737e-01	   2.8392792439283848e-01	   2.6092207059447531e-01	   5.4612665595844900e-01	   4.4151001725145250e-01	   5.9531770056451006e-01	   5.6733889766473666e-01	   4.4698930203146287e-01	   4.6078491203275673e-01	   7.2840249288702988e-02	  -4.9293968192049224e-02	   3.8238754719322654e-01	   2.9508278489535827e-01	   4.5075739073344379e-01	   2.7062356379245317e-01	   2.2884276035504719e-01	   1.8966073967051048e-01	   2.0460514998600526e-01	   2.3405976254125460e-01	   2.9958620443597395e-01	   3.7497771851023143e-01	   2.9977711355021436e-01	   3.8836207765642367e-01	   4.4673758637798955e-01	   4.9521052441653435e-01	   4.3926020317715375e-01	   4.8405428860071115e-01	   4.7333354000010508e-01	   4.2395451466246892e-01	   4.8582050638074625e-01	   4.7785921146198035e-01	   6.4487434647757702e-01	   5.7140542109243264e-01	   5.2924687418410132e-01	   4.2648343686267554e-01	   5.8019276216169724e-01	   5.1849224550808426e-01	   6.5720640509962236e-01	   4.3716539092355466e-01	   5.7961102840321099e-01	   4.4403860574299847e-01	   4.2328110411971720e-01	   4.0122652932502739e-01	   9.5654164997792307e-02	   5.8609876237028222e-02	   4.4293689519793517e-01	   5.4410757903923423e-01	   5.4570829257552844e-01	   4.8762697815121037e-01	   1.2950331634686577e-01	   6.6099863359516259e-02	   4.0133702080736966e-01	   3.4613053069671251e-01	   5.0971269201049385e-01	   6.1945159952252404e-01	   5.3049702309032143e-01	   4.4136308483353692e-01	   7.0606768360991023e-01	   6.5476998096419581e-01	   6.8710617647017025e-01	   4.7996039559006498e-01	   7.5853309482397258e-01	   6.9082354581117944e-01	   4.9447144771268836e-01	   5.3451727469449539e-01	   4.8512224502907075e-01	   5.7014732963133308e-01	   3.3688077354545165e-01	   1.9734638305910390e-01	   3.9033418431285938e-01	   3.3119164737307466e-01	   4.2877382118665069e-01	   4.6935187678824009e-01	   4.8267431501104086e-01	   6.0812715459233901e-01	   4.4700316157859654e-01	   4.8340892145727671e-01	   3.6711379069556249e-01	   2.6320871248741484e-01	   3.9670385024327648e-01	   3.5168282403218953e-01	  -8.1578926639507013e-02	   2.1362948620748801e-01	   3.8486121850841359e-01	   4.5267103755208776e-01	   4.1013045374887369e-01	   4.2541819331252118e-01	   3.0235238727571667e-01	  -9.2960926455176091e-02	
   4.6027576804994019e-01	   5.1639824043694194e-01	   6.5257808007639928e-01	   0.0000000000000000e+00	   4.4887236639513567e-01	   6.5549053698967275e-01	   6.6769139611556527e-01	   8.7611150298225393e-01	   5.4570166006132226e-01	   7.1085054804859604e-01	   4.6268368374354524e-01	   7.1739211170168549e-01	   3.7915368077761596e-01	   6.3429757351897564e-01	   4.0083990680627513e-01	   6.2474764086656820e-01	   3.9215638087176174e-01	   2.7962171098632055e-01	   4.4591918110761986e-01	   5.9307769648139619e-01	   2.7705037028878193e-01	   3.7769226795637334e-01	   5.5499663619264705e-01	   7.3109233017956876e-01	   6.9190060834654432e-01	   7.7574397378779780e-01	   6.0702308702115793e-01	   6.8009712747675144e-01	   2.9947726770382699e-01	   3.5229816754025056e-01	   5.4331310385592624e-01	   5.6633999111128697e-01	   5.5436585573513120e-01	   6.4508905359935742e-01	   4.6861203288347664e-01	   5.1620112809086871e-01	   5.3146257394065602e-02	   2.5695568338613882e-02	   3.1064081400275467e-01	   2.8644601038105932e-01	   4.4340217699683171e-01	   3.2762454200481439e-01	   2.8555413205038666e-01	   2.5796925747144095e-01	   2.7354221001107920e-01	   3.2481113132067646e-01	   2.8968024723921554e-01	   3.7250496387792259e-01	   2.5424887663346207e-01	   3.7602456573964960e-01	   4.8280775898397948e-01	   5.5873667024683038e-01	   4.0911767257669551e-01	   3.8027107410993699e-01	   3.9667757384178076e-01	   3.0876644091071109e-01	   3.0166782033338546e-01	   3.2186253313764490e-01	   5.3019603148833938e-01	   6.9629141696538732e-01	   4.4260349423968803e-01	   6.2896710529234690e-01	   4.4950517875415763e-01	   6.4920664170499709e-01	   4.9649832894380025e-01	   7.0635606808880191e-01	   6.0337191979866478e-01	   6.5747587786027917e-01	   3.9276590136692346e-01	   3.9270672311244986e-01	  -1.9413499357552523e-02	   2.4124490577676211e-01	   3.1553820158604962e-01	   5.0106751816253703e-01	   3.8821714782546846e-01	   4.9932353077912778e-01	  -3.5648522418761389e-02	  -1.9741880133373045e-02	   3.4130383140350784e-01	   2.8183890988037086e-01	   4.6072082209527543e-01	   5.1023443638522559e-01	   3.9320520525648600e-01	   4.8071429973342478e-01	   5.1917889447348553e-01	   7.4252058411827959e-01	   4.7999398131531329e-01	   4.1023087983705775e-01	   6.3338738694504992e-01	   6.8906334259453983e-01	   6.1412981573367020e-01	   5.2480958290191937e-01	   6.5973601964779427e-01	   5.3105230454363428e-01	   2.0584523133436250e-01	   2.0462873335637211e-01	   3.4975857854110559e-01	   2.2372798394027732e-01	   4.9568659849987035e-01	   3.3985923036641580e-01	   5.6886181571773164e-01	   4.5419270219790753e-01	   4.0051513013540097e-01	   3.4241340075245674e-01	   3.7768535045212631e-01	   1.4931858093242839e-01	   4.9733749554981010e-01	   3.5254118821832769e-01	  -2.4197613627313713e-01	   1.3649370868460114e-01	   3.8523445430570413e-01	   4.4005691791462709e-01	   4.2294811123510967e-01	   2.8894860777728881e-01	   1.5446868243602552e-01	  -2.2343161887208002e-01	
   6.8074681125643832e-01	   5.3804936222424171e-01	   5.3172270271909583e-01	   4.4887236639513567e-01	   0.0000000000000000e+00	   6.5872094248028712e-01	   6.7699587959353713e-01	   4.6847062082108254e-01	   7.9604818148883949e-01	   4.7410134047820762e-01	   3.7208446440372789e-01	   4.8148159346862751e-01	   5.5334004251873814e-01	   4.4628535726537089e-01	   4.7593271742585486e-01	   4.2746897425296571e-01	   4.7231737500034676e-01	   4.7817499905203276e-01	   4.8673376543520919e-01	   5.0057304656937762e-01	   6.6883719478654191e-01	   6.6028474937467485e-01	   2.9820763435776565e-01	   2.1644682770761448e-01	   4.2613091724196495e-01	   3.6776484460767045e-01	   7.0496658114584476e-01	   6.4064346584772314e-01	   3.0166360030203093e-01	   3.0038931432671495e-01	   1.6162786394759754e-01	   1.0703153779096261e-01	   4.4049519860414343e-01	   5.1202460523882420e-01	   3.2249890619095212e-01	   3.1832289094918531e-01	   2.5119604066160356e-01	  -6.2885003409484691e-02	   5.1518304191380637e-01	   5.0823682439464846e-01	   5.5162296822131962e-01	   3.6538745592308630e-01	   3.0710880185463113e-01	   3.2634684543619208e-01	   2.5995603593617012e-01	   2.7695918161208583e-01	   3.5412070939708185e-01	   3.9224951655101936e-01	   3.2512002685553909e-01	   4.5755490164797691e-01	   4.6511111870486455e-01	   5.6539763549194089e-01	   4.6472379500497885e-01	   4.7739420502435370e-01	   5.0002152473908446e-01	   4.2092740676249374e-01	   5.9640520088721416e-01	   4.9297498092391856e-01	   6.7744844563546325e-01	   6.3777380460444133e-01	   6.4524635412687703e-01	   6.0850515531885163e-01	   4.2189196716721589e-01	   5.1090804928593736e-01	   4.2063311808000647e-01	   5.2841478255419050e-01	   4.9392479448155224e-01	   3.9859666320842879e-01	   5.3439641909700153e-01	   4.4734581804088502e-01	   2.5810566889452069e-01	   1.9543574692177415e-01	   3.9875212959912565e-01	   3.6735349034763021e-01	   4.4084686414956553e-01	   4.4561163726185871e-01	   4.4707715240646956e-02	  -1.2211707706620750e-02	   4.1141241876166029e-01	   3.7588491851976813e-01	   3.6312506370430686e-01	   4.0870252477454927e-01	   4.7269854388061944e-01	   4.8191814829373686e-01	   3.3777592849730009e-01	   4.0331231447329302e-01	   5.2096636965197118e-01	   4.6260298511751163e-01	   6.3619979141073635e-01	   6.3452124132364884e-01	   3.0353403249731647e-01	   2.7574021300568674e-01	   2.1729591636129739e-01	   3.0159487432807242e-01	   2.8742731049809050e-01	   1.8572743413304707e-01	   2.9423332937792329e-01	   2.7913185805188817e-01	   2.8211919017387727e-01	   3.2769519055350277e-01	   4.3147289818912371e-01	   4.0790785653882722e-01	   2.7558301326940321e-01	   4.7289577190026566e-01	   2.0001785993463364e-01	   1.4758430073053097e-01	   2.1413519866190570e-01	   2.5308567358449019e-01	   6.9398502451378283e-02	   1.3651949938941502e-01	   2.7678482043909414e-01	   2.3903123760651790e-01	   1.2177626023216431e-01	   2.4138228766581510e-01	   1.0671178578532703e-01	  -9.3247521932886629e-02	
   4.8100007022647828e-01	   4.9268449290777394e-01	   5.2334665567106131e-01	   6.5549053698967275e-01	   6.5872094248028712e-01	   0.0000000000000000e+00	   5.8374140118497764e-01	   6.3669456175113170e-01	   7.0027286529705557e-01	   6.4719019604556971e-01	   2.7539337586020934e-01	   5.2749583248180998e-01	   3.1338146537448741e-01	   4.8215414775331539e-01	   2.4783777206405311e-01	   4.4088209723232002e-01	   4.0128342212411328e-01	   4.0754084780887323e-01	   3.7563520087168306e-01	   5.8524190956519240e-01	   5.3628380085784000e-01	   5.5072305096174734e-01	   3.0639622618470547e-01	   4.2927029808679884e-01	   4.6736846297970464e-01	   5.6608333303695046e-01	   7.2663200474690004e-01	   7.5001247399428772e-01	   1.7833561396284098e-01	   3.0110339176963097e-01	   3.2381228313098254e-01	   2.7763060575227783e-01	   5.0097633842246214e-01	   5.7555743798489523e-01	   3.3943243256491068e-01	   4.1751944656361006e-01	   1.3397967244830519e-01	   4.9656647008582792e-02	   4.2591774029838275e-01	   4.3674582731597478e-01	   4.2305803321142682e-01	   3.0625063005911823e-01	   2.5669166874133265e-01	   2.6033126320591327e-01	   2.2727915276983418e-01	   2.6314833027315110e-01	   3.1981636365992677e-01	   3.8717273222224130e-01	   2.2776313951285776e-01	   4.3187029989761749e-01	   5.0532785560531379e-01	   6.2160600288795609e-01	   5.1638169161652181e-01	   5.3566015801604328e-01	   4.1110153259205173e-01	   4.2084570705898705e-01	   4.6519858366852912e-01	   4.5750002774025500e-01	   5.2905287345611929e-01	   7.7065667729364939e-01	   4.5764186215006597e-01	   6.2388330490679023e-01	   3.9034303812677795e-01	   6.0485938071742962e-01	   3.5366902118643001e-01	   5.3383621556601069e-01	   5.6841828952498807e-01	   5.8781603667966764e-01	   4.5011087848812531e-01	   4.6828375080310580e-01	   8.0136953558065910e-02	   1.8705333921557715e-01	   2.6707154988897014e-01	   3.7820719109147283e-01	   3.0158585275804373e-01	   3.6423297734111204e-01	  -4.8204698829795251e-02	  -1.2827759509944007e-02	   2.7195951090647252e-01	   2.2789582685854973e-01	   2.7060225044672792e-01	   2.9863540812291328e-01	   1.7113034736998389e-01	   3.6712421011428187e-01	   2.5443082699374148e-01	   4.7276749119505662e-01	   3.2892202801852238e-01	   2.8435037466397928e-01	   5.8562437164332504e-01	   7.3230821422183956e-01	   5.8007543384489724e-01	   5.4442333833382772e-01	   4.7474499499550948e-01	   5.0103142522258504e-01	   4.1425501927317820e-01	   3.7281231969490042e-01	   3.9797363178847700e-01	   4.1995557611601358e-01	   4.1859860315240394e-01	   4.3286944439582303e-01	   5.9507161487150206e-01	   5.3899367655499175e-01	   4.3952678819443053e-01	   4.9385494922322759e-01	   4.4390519008181606e-01	   3.2148061930082195e-01	   5.2644929310773592e-01	   4.6713871470574342e-01	   9.1475332640988269e-02	   2.8572243551041843e-01	   4.8463463728448153e-01	   4.2841110259044701e-01	   3.4084299199888529e-01	   4.5984312751060713e-01	   3.1343017274755602e-01	  -8.3795660003203247e-04	
   6.9517796560270617e-01	   3.9218540633369658e-01	   7.7895092286209278e-01	   6.6769139611556527e-01	   6.7699587959353713e-01	   5.8374140118497764e-01	   0.0000000000000000e+00	   7.6812051511239332e-01	   7.5013416648134457e-01	   6.5144416817294382e-01	   6.9296833302209615e-01	   6.4751454099212458e-01	   7.5279142953035594e-01	   6.6069177647590416e-01	   6.5525580672118677e-01	   5.9810364244474867e-01	   4.9969418791355380e-01	   3.5311068560523651e-01	   5.8005691183863628e-01	   5.2258450621527786e-01	   3.2510586586632412e-01	   3.5371034175969607e-01	   5.2247439629116321e-01	   4.1361690115367056e-01	   5.5385692174250178e-01	   5.2073728316249457e-01	   5.8859858542448473e-01	   6.2538611967811109e-01	   4.3465255626671540e-01	   3.9363085564370037e-01	   4.1512418160239806e-01	   4.0277284628315846e-01	   4.4814366741790435e-01	   5.1020323978191362e-01	   3.3356070540825145e-01	   3.7023570881609152e-01	   1.5204900189410697e-01	  -1.0631770326870439e-01	   3.9119408290459495e-01	   2.8934651800986255e-01	   5.0938747488995051e-01	   2.8222250672701726e-01	   2.5135350545900331e-01	   2.7653999653362937e-01	   1.7909533905834502e-01	   2.0658255004506085e-01	   2.6028172779337233e-01	   3.4097201669889909e-01	   2.0950580248800915e-01	   2.9293837547334750e-01	   3.3384786699353064e-01	   3.9403550933022574e-01	   3.5181697845927096e-01	   3.4254965502293494e-01	   4.0762543505027893e-01	   2.4522882540859861e-01	   3.8632084051497484e-01	   3.0241925232198402e-01	   6.9635399238225493e-01	   6.3640454331656482e-01	   6.9030096127071661e-01	   6.9620211726251213e-01	   5.9289994501472210e-01	   6.7387461862884956e-01	   6.2857206274407051e-01	   6.0365697885255964e-01	   4.4331933872881729e-01	   3.4132392872054790e-01	   3.8189371187618021e-01	   2.9259920268036271e-01	   1.2828554708407933e-01	   1.2269863837135594e-01	   3.6154907242272954e-01	   4.5586730356221894e-01	   4.7632244495209297e-01	   4.7554479087952278e-01	   8.1602958580529766e-02	  -1.0666086823598567e-01	   3.5525981840123488e-01	   2.6130189339606746e-01	   4.2094254856433322e-01	   4.6060690395510828e-01	   5.7095219243429751e-01	   5.1944697439751941e-01	   5.3704023981071014e-01	   5.1975377177619220e-01	   6.3009574878849894e-01	   4.6327298443703530e-01	   8.0148578502821766e-01	   6.4771452505940563e-01	   3.0317712078009357e-01	   3.0669851727034847e-01	   3.4576340493508939e-01	   4.0725807295289534e-01	   1.5896770289133205e-01	   4.2939100069406960e-02	   2.3447844476345023e-01	   1.9742324794112773e-01	   2.2905409753236461e-01	   2.3112197335407031e-01	   3.2284939180597128e-01	   4.3688593499956163e-01	   1.9017674709077342e-01	   3.1201584087282891e-01	   1.2239664966644002e-01	   2.5113798371596659e-02	   1.6530426421711178e-01	   1.4892677512263278e-01	  -1.6728339619695029e-01	   1.9470719204134998e-02	   1.7152439405887712e-01	   2.0647926147004797e-01	   2.1329412952389556e-01	   2.1382470412957144e-01	   6.9417800886056272e-02	  -2.6655825017751750e-01	
   4.6382124673227132e-01	   3.7445043429810165e-01	   5.2152563793902607e-01	   8.7611150298225393e-01	   4.6847062082108254e-01	   6.3669456175113170e-01	   7.6812051511239332e-01	   0.0000000000000000e+00	   6.3309836004122266e-01	   8.6394740444287610e-01	   5.7955932428356827e-01	   7.6193965247128181e-01	   5.6317465867828487e-01	   7.7260143374509505e-01	   5.4634141533173886e-01	   7.1863136436523845e-01	   3.7887136178279363e-01	   2.5114267999844320e-01	   4.2775479391490251e-01	   5.2893949023471631e-01	   2.0514936758613161e-01	   2.6992645814235477e-01	   4.1301939767972135e-01	   5.4178267093746613e-01	   5.3622797847530479e-01	   6.0799126124079295e-01	   4.4999941860055814e-01	   5.2831050284653980e-01	   3.8317197014262805e-01	   4.4512451186243618e-01	   4.1349980329188130e-01	   4.6064727404767181e-01	   3.8209883389764099e-01	   5.2060280391411995e-01	   2.5700600567688120e-01	   3.1328372285364214e-01	   9.7277985105179807e-02	  -8.9424033571956954e-02	   2.5301430568285888e-01	   1.8637372586458750e-01	   4.5297101537143747e-01	   3.3027950852950172e-01	   2.1464435639637436e-01	   2.3750999382605453e-01	   1.4562713383617237e-01	   1.9719597297334315e-01	   1.9305346725491077e-01	   2.7907685052452469e-01	   1.1354816878797214e-01	   2.4438315854728837e-01	   3.1286921150168856e-01	   3.9183553979660168e-01	   3.3420223889201039e-01	   2.8656046646948014e-01	   2.8441141419398203e-01	   1.3180377436124935e-01	   1.8044065290353456e-01	   1.6752306955243457e-01	   4.8497395296486573e-01	   6.5561516397189157e-01	   5.4740997386497403e-01	   8.0586846632067566e-01	   4.5861078668977523e-01	   7.5601177916370399e-01	   5.2543667532652605e-01	   7.2770592149043112e-01	   3.5240711818884801e-01	   3.9792726467429990e-01	   3.1427361923348507e-01	   2.4478854526682309e-01	  -2.5433785033639029e-02	   2.5525101753156038e-01	   2.4552633042078886e-01	   4.2305980957893674e-01	   3.3025123095687658e-01	   4.4246221777677952e-01	  -8.9786383526664904e-02	  -1.1081660019878972e-01	   2.5312240301878541e-01	   1.7321940081333401e-01	   3.3379172039070398e-01	   3.4218505804053878e-01	   4.8318193506675577e-01	   5.2591259531993739e-01	   4.3836280604305716e-01	   5.6640093725058027e-01	   4.7621030443415902e-01	   3.9075277788367802e-01	   6.5859439692257604e-01	   6.2360336094952684e-01	   4.5885514572341851e-01	   3.5803398824873883e-01	   5.2353931415259214e-01	   4.0888982284613606e-01	   3.9020795283861522e-02	   2.7415200562535151e-02	   1.8458527172594053e-01	   8.1457287442416704e-02	   3.4110462973545824e-01	   1.9054347115946305e-01	   4.1262487332253428e-01	   3.5816055232220995e-01	   1.9591279538730788e-01	   1.9336147363256875e-01	   1.5270388562828441e-01	  -3.8990738862736185e-02	   2.8968764622682486e-01	   1.6462931815641871e-01	  -2.8224957337075457e-01	  -3.2280435670783300e-02	   1.7300525384863286e-01	   2.7504398758892318e-01	   3.1885525863941189e-01	   1.8176068399569423e-01	   2.5660191406264705e-02	  -3.4152998517742189e-01	
   6.2183089970880623e-01	   5.2075461782182264e-01	   5.4215736709176565e-01	   5.4570166006132226e-01	   7.9604818148883949e-01	   7.0027286529705557e-01	   7.5013416648134457e-01	   6.3309836004122266e-01	   0.0000000000000000e+00	   6.2903589335431465e-01	   4.6867375334017047e-01	   5.5113249284675880e-01	   5.5037798175947461e-01	   4.6518932788801132e-01	   5.7139862541223141e-01	   5.6043652323840265e-01	   5.4779083241739923e-01	   5.3020366658125373e-01	   5.5821213479555176e-01	   6.4074262450625241e-01	   5.7994271706853517e-01	   5.2843031893093584e-01	   3.4431108048822301e-01	   3.3163548973965462e-01	   4.0471444176813487e-01	   4.0384742127663609e-01	   6.7052122859521346e-01	   6.5737127055178413e-01	   4.2481850471466914e-01	   5.1336879645561440e-01	   2.8594100523170690e-01	   2.9781571369499094e-01	   5.0924709031405990e-01	   5.8151728895401933e-01	   2.0441851508944342e-01	   2.8689956922510157e-01	   2.8714191537952177e-01	  -2.2980171185430526e-02	   5.0874437713986931e-01	   3.9050992579533850e-01	   6.8342462424252726e-01	   4.6150640611839167e-01	   2.7390291110612619e-01	   3.0657478446236525e-01	   1.8664269020414229e-01	   2.1433416760960800e-01	   2.9652159449754673e-01	   3.6832150532731189e-01	   1.8553713718115755e-01	   2.9086806270564636e-01	   3.2891502787706078e-01	   4.2644154096275871e-01	   3.8745079156564466e-01	   4.0426980215324337e-01	   4.5388107823229273e-01	   3.2927812611321422e-01	   5.4658708563929037e-01	   4.6321186337062625e-01	   5.4970355156905182e-01	   5.7981190673052263e-01	   5.5099644926612690e-01	   5.8051220331565656e-01	   6.0359128891486469e-01	   7.0871561158220597e-01	   3.4089554027155800e-01	   4.1637135475575859e-01	   4.0190244137864772e-01	   3.3731176760774101e-01	   5.1645714325875025e-01	   4.5692783379419966e-01	   2.3182089554911056e-01	   2.6364153053022904e-01	   5.3135250403559686e-01	   5.6390409896691884e-01	   4.6996288311145118e-01	   5.3605846173268779e-01	   8.2657787987345993e-02	  -4.3943299382195107e-02	   4.1925910060367899e-01	   4.0200598446319902e-01	   4.4278469094213568e-01	   4.3848545514653148e-01	   5.3277066997807399e-01	   5.8497934423452280e-01	   4.1412282117813448e-01	   5.0710060622177788e-01	   5.8685317099431722e-01	   6.0691389786643102e-01	   7.0741915706268033e-01	   6.7600766798133427e-01	   3.4503837084857669e-01	   3.2655314760131715e-01	   3.4191872196184070e-01	   3.8782069986193757e-01	   2.8266859821652141e-01	   1.2408612513883245e-01	   2.7687424813784295e-01	   2.0170512169150842e-01	   3.3261060662945185e-01	   3.0740049791228974e-01	   4.1261244279850545e-01	   4.1162867909040118e-01	   2.8802347089833069e-01	   4.7527907143385451e-01	   1.8396463148267356e-01	   5.8961096997666620e-02	   2.4554638765090947e-01	   1.6698424110130658e-01	  -1.1794274828640415e-01	   7.4100360974739293e-02	   2.0467933811207029e-01	   2.4066689554084841e-01	   1.4831680699985483e-01	   2.6516938455436967e-01	   7.1403216561754301e-02	  -1.6398868795066501e-01	
   3.1476297124004388e-01	   2.4209026781888077e-01	   3.7104143712037269e-01	   7.1085054804859604e-01	   4.7410134047820762e-01	   6.4719019604556971e-01	   6.5144416817294382e-01	   8.6394740444287610e-01	   6.2903589335431465e-01	   0.0000000000000000e+00	   4.7982995933479083e-01	   6.3415662208708123e-01	   4.6206580579000994e-01	   6.5196804482744775e-01	   5.4533190217403593e-01	   7.2537249363409373e-01	   2.8562919820854871e-01	   1.6447752435205634e-01	   2.6905071519831525e-01	   3.7593410420564394e-01	   1.9093333010925273e-01	   2.2309220793682960e-01	   3.3422008372035816e-01	   4.7279112877839513e-01	   4.8468501252978990e-01	   5.5159465120303242e-01	   3.9912153883866153e-01	   4.8105826908337268e-01	   3.3278771241829797e-01	   3.6224739227867730e-01	   3.1327516734374128e-01	   3.8543862903252735e-01	   2.6208085238158896e-01	   3.8413849938562800e-01	   2.3952372770678013e-01	   2.4946689126264193e-01	   8.1521382460811892e-02	  -1.3496833663682653e-01	   1.3495794765094715e-01	   6.4800863139409359e-02	   3.2199269741042336e-01	   2.4415762193478108e-01	   9.4012315941029184e-02	   1.2459797986444235e-01	   3.6585798798944816e-02	   7.2031659011276533e-02	   6.7419152486772244e-02	   1.3985425822710085e-01	  -4.1993063988384628e-02	   9.4461709849135850e-02	   1.6379341985780718e-01	   2.4687293291171858e-01	   2.0962744135644923e-01	   1.6875192287311552e-01	   1.1283996973209802e-01	  -9.7070717889524115e-03	   1.2868107226417325e-01	   1.0161278268807629e-01	   3.4506866760102062e-01	   5.2626588921366380e-01	   4.5670993029217088e-01	   7.6230996248593763e-01	   3.5974658917732788e-01	   6.7388325605917299e-01	   5.0818547500609634e-01	   6.7946975691667866e-01	   2.4770480807888767e-01	   3.0395760418846274e-01	   2.2320100678311941e-01	   1.6522471076254766e-01	   5.4781452782849986e-03	   2.6524104549954997e-01	   1.5991351794781697e-01	   3.1740403892486352e-01	   3.0861895081033808e-01	   3.6727850853296984e-01	  -1.0956051570829095e-01	  -9.6915477240461748e-02	   1.6953324789677926e-01	   8.7037959891197891e-02	   2.3500667669566666e-01	   2.0809350421889911e-01	   4.5046714488817285e-01	   4.3552859196292371e-01	   3.6353127919229306e-01	   4.3258045181928872e-01	   4.1660486231539728e-01	   3.6975520053462441e-01	   5.4689388362873381e-01	   4.8597972104935583e-01	   3.7550725330659329e-01	   2.9928065211352461e-01	   4.4499991401230754e-01	   3.7371716367607105e-01	  -6.3356864361393574e-03	  -8.1173706298236586e-02	   3.0326382340708814e-02	  -4.6695474878297519e-03	   1.7574256464873811e-01	   7.6243885799554989e-02	   3.0767943360692140e-01	   2.8818578880675827e-01	   8.3480031084249562e-02	   1.5485254298953338e-01	   5.5046786760096396e-02	  -9.5355299579264891e-02	   1.3504704744575588e-01	   9.9167613907732988e-03	  -2.4091286714216384e-01	  -9.7417337576637217e-02	   8.0291527030061274e-02	   1.6304116251768158e-01	   2.1575334871533230e-01	   1.3047867924222792e-01	   1.3292010812161949e-02	  -2.9157196441517053e-01	
   6.2942810962121587e-01	   3.3703224103904306e-01	   5.7928051518435120e-01	   4.6268368374354524e-01	   3.7208446440372789e-01	   2.7539337586020934e-01	   6.9296833302209615e-01	   5.7955932428356827e-01	   4.6867375334017047e-01	   4.7982995933479083e-01	   0.0000000000000000e+00	   8.0912782383258430e-01	   8.7394968247260363e-01	   7.6641882748096424e-01	   7.7813861327670331e-01	   7.4631635177452271e-01	   4.8832678795134499e-01	   2.6937363580974949e-01	   6.2519639443533925e-01	   4.7367256010827208e-01	   5.7948017332831267e-02	   1.7134144557506276e-01	   5.2031309149514027e-01	   3.8335935618565031e-01	   5.3978656731350116e-01	   4.1400666567102373e-01	   3.6967747194307865e-01	   3.5582050021979034e-01	   6.0080093580350080e-01	   5.2048893382070693e-01	   3.4321867005365714e-01	   3.3603138727084725e-01	   3.0245334622980474e-01	   3.7931254821406135e-01	   1.7450136491142222e-02	   6.5391232465984411e-02	   1.4697498585870683e-01	  -1.7374273519781810e-01	   2.3402038641456882e-01	   1.5503483074379765e-01	   5.1319406606419771e-01	   3.9488121517256203e-01	   1.4037104165343403e-01	   1.8889235311068570e-01	   1.0319868426087589e-01	   1.1285233124501434e-01	   1.0078809505997890e-01	   1.5732379707387936e-01	   4.1393363715374228e-02	   3.3444259258155966e-02	   4.1255571318756290e-02	   1.0289391649534546e-01	   8.2582502835903529e-02	   7.5743025509654865e-02	   2.0869160414036864e-01	   8.0123890560078008e-03	   2.5226651991153015e-01	   1.5121306941193843e-01	   4.2340738194855554e-01	   2.4371581330259320e-01	   5.9994298162818083e-01	   5.2377816275275790e-01	   7.1437123618127774e-01	   6.3183434601361899e-01	   5.8420256445923502e-01	   4.8261043273322657e-01	   1.5620334206201031e-01	   5.8677495886069506e-02	   3.1600672578660005e-01	   2.4810826750156853e-01	   4.2596332487361988e-03	   8.4861732940373524e-02	   2.8000247158481933e-01	   4.7468239964928849e-01	   3.9563166365037705e-01	   3.6422801951314787e-01	   2.1167656445815707e-02	  -6.1009620441856177e-02	   3.6970495996718056e-01	   2.7987588611889314e-01	   5.2343203584712561e-01	   5.4479185829312948e-01	   7.2489845207894388e-01	   6.7298070095882934e-01	   6.6464864527386791e-01	   4.6369485788868203e-01	   5.3646421640373410e-01	   3.7348827243349375e-01	   6.7190404362430101e-01	   3.1508220417494198e-01	   1.2579521066452945e-01	   1.7144283603519339e-01	   2.2547154561823918e-01	   2.9742553162505764e-01	  -6.0035174309885754e-03	  -3.0057465793955605e-02	   9.4461583463632953e-02	   1.5532187316893303e-02	   5.8505661725486421e-02	   1.6009007435589008e-02	   2.5991820507676441e-02	   2.4918651416663290e-01	  -8.3083897374316013e-02	  -2.9922713636789115e-03	  -1.2244137478447918e-01	  -2.0492694830968955e-01	  -2.5603378039495136e-02	  -2.6317675978549178e-02	  -2.4305369024470941e-01	  -3.5711892020891180e-02	   4.3341661386382006e-02	   1.2302458371156769e-01	   2.0599516988969369e-01	   1.2788482489600071e-02	  -4.9470874986702384e-02	  -3.4331527763629255e-01	
   6.2899098058738856e-01	   5.3357679676591896e-01	   5.1381365371670129e-01	   7.1739211170168549e-01	   4.8148159346862751e-01	   5.2749583248180998e-01	   6.4751454099212458e-01	   7.6193965247128181e-01	   5.5113249284675880e-01	   6.3415662208708123e-01	   8.0912782383258430e-01	   0.0000000000000000e+00	   6.9334407810529153e-01	   8.7674988300514833e-01	   5.9459171894310725e-01	   8.0176390939429809e-01	   5.1072882459319957e-01	   3.9366829435468187e-01	   5.8174491863947164e-01	   6.1526580269292430e-01	   1.8743457229087393e-01	   3.0977405395031699e-01	   4.1764418159676309e-01	   5.0378796858145480e-01	   5.3573363463160617e-01	   5.6004537293584433e-01	   4.8533053855801700e-01	   4.9072906736956418e-01	   5.3429207569748360e-01	   5.7553496215739108e-01	   3.1059002342871078e-01	   3.5230121777001383e-01	   4.1574033367495938e-01	   5.4937880221728652e-01	   1.8401854734331491e-01	   2.4508171186359426e-01	   1.2647461412145539e-01	  -9.2221970622292121e-02	   3.0625456913595461e-01	   2.8437650398191866e-01	   5.0744007524200141e-01	   3.8516061768973536e-01	   2.5746808940672600e-01	   2.9639841740344908e-01	   2.1422041048186641e-01	   2.7031863295984054e-01	   2.4930117759083886e-01	   2.8942685458513429e-01	   1.9857942161873787e-01	   2.8545557256295045e-01	   3.2822633898782871e-01	   4.1556144300193554e-01	   3.3626571339926781e-01	   2.7563884014798173e-01	   3.6129216830641464e-01	   1.7867544052699405e-01	   3.5117996862295625e-01	   2.8194777548076044e-01	   5.0254392844810247e-01	   5.3774763018473326e-01	   5.8829377801230143e-01	   6.7213285194285799e-01	   6.3346184498498159e-01	   7.7720578667572915e-01	   4.7333471278415740e-01	   6.4978398668088011e-01	   3.3895532745836338e-01	   3.4852948679527301e-01	   4.3026062257899350e-01	   3.5400339635434830e-01	  -5.1769978714988091e-02	   1.3933310146099026e-01	   2.0824964390121081e-01	   4.2515543822536495e-01	   2.5219541253920535e-01	   3.3850411843460376e-01	  -1.8738649530027823e-01	  -1.5950992281543330e-01	   3.4842287656198673e-01	   3.0627995534312358e-01	   4.7600504529440990e-01	   5.2449710339658284e-01	   5.5938259279662561e-01	   6.5495084202742115e-01	   5.3607422485520184e-01	   6.0679505018166169e-01	   4.1341804217254841e-01	   3.3422744972021512e-01	   6.6463107518743192e-01	   5.2394729965153997e-01	   3.3337185348260995e-01	   2.7774166281297130e-01	   3.3710824384048743e-01	   3.0006884589697913e-01	   6.2178582558958785e-02	   6.6715890667142813e-02	   2.2059826318074011e-01	   9.4188098390212888e-02	   2.7662802609492831e-01	   1.6036199822953634e-01	   2.4049979922223674e-01	   2.4796332007383176e-01	   5.1348362926417548e-02	   1.0802600219603457e-01	   1.8054787977958821e-02	  -1.4857777542920469e-01	   1.9008770584931478e-01	   1.2693583928423366e-01	  -2.6481045836795258e-01	   2.0952319286332378e-02	   1.8415888039291306e-01	   2.5152014473294687e-01	   3.0601493336644636e-01	   1.1149116492021910e-01	  -6.9782279795703894e-02	  -3.4342136714314198e-01	
   7.0777172694925072e-01	   3.3314185431968069e-01	   5.2867671262999338e-01	   3.7915368077761596e-01	   5.5334004251873814e-01	   3.1338146537448741e-01	   7.5279142953035594e-01	   5.6317465867828487e-01	   5.5037798175947461e-01	   4.6206580579000994e-01	   8.7394968247260363e-01	   6.9334407810529153e-01	   0.0000000000000000e+00	   7.6325212940039078e-01	   7.3895921972776268e-01	   6.2769302296971619e-01	   4.6363519308577933e-01	   2.8998360492714093e-01	   5.5094054326341535e-01	   3.9986938840486552e-01	   1.8284367992855843e-01	   2.7453389866805633e-01	   3.8831506965394441e-01	   1.9766974672519466e-01	   4.2648776912489128e-01	   2.8165718954441959e-01	   3.6520558791843655e-01	   3.3026036666445646e-01	   5.0534784437846403e-01	   4.1554262703639855e-01	   2.2244900061972819e-01	   2.0588235741209587e-01	   2.7209019044024785e-01	   3.6217945596895096e-01	   1.1038100130994977e-01	   1.0265360133484183e-01	   1.5652016511570124e-01	  -1.4681250507237315e-01	   2.9841986113454883e-01	   2.7008219314972792e-01	   4.6765063269722595e-01	   3.4737366648991375e-01	   2.4299376873332826e-01	   2.7977070247903579e-01	   1.7118819340081498e-01	   1.4890392655985729e-01	   2.0420330531351971e-01	   2.3588044144019255e-01	   1.2930068495745939e-01	   1.4564025206598918e-01	   1.1024810572825802e-01	   1.6411983610974892e-01	   1.4950181805955703e-01	   1.3993036910330242e-01	   2.6269874172159630e-01	   5.8230228310479915e-02	   3.3509050111340200e-01	   2.2712618134465756e-01	   5.6958356133744803e-01	   3.6932743949237073e-01	   7.6386928185906666e-01	   6.3652891263387346e-01	   6.0301937392469618e-01	   5.7919369341596205e-01	   5.9446037783612349e-01	   4.9697838923024462e-01	   2.1078318011733516e-01	   7.1081475832893898e-02	   3.9408981053080233e-01	   2.7259367965180670e-01	   1.0874552305920593e-01	   8.6535046767430721e-02	   2.3166646558927340e-01	   3.4171718445961008e-01	   3.7404676379526036e-01	   3.1238583510027407e-01	  -2.0404394314732031e-02	  -1.4139575679671629e-01	   3.6846514003365949e-01	   2.9691763996959153e-01	   4.0206905791833814e-01	   4.2889070854855071e-01	   6.7663729223961389e-01	   5.5664480709163744e-01	   5.2592706451782278e-01	   3.5304960490340537e-01	   5.4573225633485389e-01	   3.3633502474965227e-01	   6.6225487495529811e-01	   3.6772041304949243e-01	   6.6004124251296216e-03	   4.0489517752210331e-02	   7.6421769325719036e-02	   1.7177026614451754e-01	  -4.5286416187100755e-02	  -3.6167900428535626e-02	   6.6787595028645230e-02	   4.0821585697997506e-03	  -9.8953797813911368e-03	   2.2401355998316660e-03	   1.9393540348825608e-02	   2.3787829011318035e-01	  -9.4003515132399407e-02	   2.6489957915905950e-02	  -1.9170827125177270e-01	  -2.5178150859665166e-01	  -1.1644555139532733e-01	  -8.4413994370414747e-02	  -1.6888007630303165e-01	  -1.3554132572330446e-01	  -1.8214771762625373e-03	   1.9214762659305738e-02	   2.9432994237338424e-02	  -6.8925878133595714e-02	  -1.7850423224397630e-01	  -3.7677181449095259e-01	
