   0.0000000000000000e+00	   9.3456244538633959e-01	   6.3111881783043244e-01	   7.8706143924313565e-01	   2.7728905092437178e-01	   3.8509529089919375e-01	   7.8880914043973849e-01	   8.2958888674632147e-01	   6.2829988040563622e-01	   4.8286184277021682e-01	   8.1605566052545275e-01	   8.3409741272791260e-01	   7.4047929704325832e-01	   8.2202936029657914e-01	   6.6435326441784615e-01	   6.8994560159393048e-01	   8.3356831719102531e-01	   8.8698513414926095e-01	   8.3494882343639498e-01	   8.2135400576536444e-01	   6.0499124030812523e-01	   6.0831582939732343e-01	   5.9445926364579971e-01	   6.4065589283329694e-01	   5.9199013992356120e-01	   5.8440326780014540e-01	   4.8113379580187882e-01	   6.1662192831575036e-01	   7.5145793731430044e-01	   7.7114855779025193e-01	   5.4018186887873210e-01	   4.6566323673166621e-01	   8.2555344897292837e-01	   8.3828257754798652e-01	   5.4368220533084455e-01	   5.1006719833124214e-01	   3.6125937252023815e-01	   1.4086050385762000e-01	   3.1845797497261863e-01	   4.9510166356448404e-01	   6.3437615592049368e-01	   4.7729007866528028e-01	   3.1322863610273138e-01	   4.6161402616450431e-01	   7.0209476768699652e-01	   7.7963038263744255e-01	   4.9319379685790232e-01	   5.6283080672907526e-01	   5.2718078865936158e-01	   5.9724768139775042e-01	   3.9837809540744384e-01	   3.6739797118670692e-01	   5.0431785882689283e-02	   5.1294323047840096e-02	   4.9205821710796138e-01	   5.0660550547325878e-01	   9.3953832626836764e-01	   9.0795669754791475e-01	   7.8593882294273421e-01	   6.9171588288335450e-01	   8.6980715178828849e-01	   7.8645201515025753e-01	   8.0201942222252609e-01	   8.6441186343372201e-01	   5.9241847151579130e-01	   5.5391653628612147e-01	   6.5413163154619602e-01	   7.0581624015982780e-01	   7.4890665359138875e-01	   7.0986532948184589e-01	   4.1603834020539127e-01	   3.2203703943870693e-01	   4.5212363534234007e-01	   4.1762646193939917e-01	   3.0831390962553512e-01	   3.0619856420742569e-01	   3.0671373310764938e-01	   1.4877684947959791e-01	   7.9513867765829760e-01	   7.6840568671423037e-01	   8.3166127532379230e-01	   8.5932613153762250e-01	   6.5984847785035117e-01	   6.6468041570224390e-01	   7.9983548923487824e-01	   7.3612206576127726e-01	   5.0890255919582872e-01	   6.4261233888259861e-01	   7.0534100036494651e-01	   5.7210737826743419e-01	  -7.1497646661396685e-02	  -6.5639642787587063e-02	   3.3795653113376914e-02	   1.6803086257110925e-01	   2.6410111913262335e-01	   4.1222419505250005e-02	   5.6549273012025614e-01	   5.2409922842940104e-01	   4.8387312434794483e-01	   3.0018123437052435e-01	   2.7151993837383093e-01	   2.2964817522606593e-01	   3.2450115505267618e-01	   1.7067084802434668e-01	  -7.4153331050899218e-02	  -1.2024372182060059e-01	   2.2066822221315344e-01	   1.3058175252997684e-01	  -3.4565244948539825e-02	   1.1627098997019131e-01	   4.3000156388577182e-01	   3.4442464847194942e-01	   2.7950577509139057e-01	   4.7538684819181293e-01	   1.0453979621594060e-01	   5.3325635320956313e-02	
   9.3456244538633959e-01	   0.0000000000000000e+00	   5.9517958405721760e-01	   7.5770011444681273e-01	   2.5448162183598488e-01	   3.3016503561079030e-01	   6.9664965750614294e-01	   7.7781332993175112e-01	   5.7315863681671742e-01	   4.2518125055892031e-01	   7.4898288852753003e-01	   8.1052816852367826e-01	   6.6613016214980303e-01	   7.5475883240484543e-01	   5.7960379615318236e-01	   5.7988430545127745e-01	   7.7571653161025556e-01	   8.7065904918695691e-01	   8.1264164364461455e-01	   8.1368052170373639e-01	   5.4347028387690577e-01	   4.9991626243966780e-01	   5.0401159526271921e-01	   5.4485577469286772e-01	   5.6055476403117876e-01	   5.5967367534906698e-01	   4.4325868532753243e-01	   5.7347999965479390e-01	   6.2961383876788291e-01	   6.6741228962916610e-01	   4.4910037453636908e-01	   4.0174986652747446e-01	   8.1004954549314856e-01	   8.4857218485086294e-01	   5.6406318533026523e-01	   5.6728411008535340e-01	   2.4669197560424966e-01	   6.4058924143077622e-02	   2.7882996393015563e-01	   4.4654062148982776e-01	   5.7853512333880175e-01	   3.8144216784242696e-01	   3.0951124737571861e-01	   4.6149704796086788e-01	   7.1222492398147819e-01	   7.8397888208986133e-01	   4.7720596029802603e-01	   5.5070295685744197e-01	   5.3113956173382326e-01	   5.8579632733538156e-01	   3.6661126149603823e-01	   3.1400673793311196e-01	   2.4809677288211048e-03	  -5.8049197698563778e-03	   4.3646477116576776e-01	   4.4672301925230962e-01	   9.1807584556973421e-01	   9.3308763375850390e-01	   7.8806079848464017e-01	   6.8417257433688894e-01	   8.0575328249150246e-01	   7.4526599948501104e-01	   7.1937150962160246e-01	   8.1536787466061555e-01	   5.2746313290614122e-01	   4.7995369642665719e-01	   6.4503663799206412e-01	   7.0000071228855842e-01	   7.8750133385851506e-01	   8.0127873626900037e-01	   3.5007807900901794e-01	   2.8294643477213238e-01	   4.0056942406850760e-01	   3.7263013920925692e-01	   2.4089723909815855e-01	   2.6523388651003843e-01	   1.8897949854588558e-01	   4.7714308153338464e-02	   7.4325923378484648e-01	   7.6085637100056269e-01	   7.9658961588380117e-01	   8.3293207295372995e-01	   5.5759940162245569e-01	   6.0126486633883780e-01	   7.6058540813599107e-01	   6.7506637384241663e-01	   4.2090028042914196e-01	   5.7202620036447538e-01	   6.3114277986596790e-01	   5.0146388807061548e-01	  -1.3063804009419239e-01	  -1.3301184186870640e-01	  -2.2309164580840576e-02	   1.1906410585622962e-01	   1.5628473756199593e-01	  -3.4929244007297043e-02	   5.1225612124587128e-01	   4.6438786723660308e-01	   4.5497531478607428e-01	   2.5195125345850877e-01	   2.4134183139957036e-01	   2.0475052710550234e-01	   2.8433835042372024e-01	   1.6910232122427402e-01	  -1.1974990394247492e-01	  -1.9674215755548999e-01	   1.4473361359101683e-01	   1.2770091200302458e-01	  -8.4825412720597571e-02	   4.4090267685743201e-02	   3.9646954316267513e-01	   3.3648183241032020e-01	   3.0339739369982260e-01	   4.6673427155897668e-01	   9.4929855972063840e-02	  -3.8871447871487538e-02	
   6.3111881783043244e-01	   5.9517958405721760e-01	   0.0000000000000000e+00	   8.1645879754315154e-01	   3.9780036700081378e-01	   4.9883574622356841e-01	   7.4827658952134923e-01	   6.9428510445717107e-01	   6.0771661430216972e-01	   4.2630552915995756e-01	   4.9693161659498919e-01	   4.8756826906061762e-01	   4.8219693184450496e-01	   4.8901319096946416e-01	   5.8534031767630024e-01	   5.2688465381901106e-01	   6.6711211796651038e-01	   6.5317487632607474e-01	   8.2312770008510094e-01	   7.8499941536289686e-01	   6.7678186493693249e-01	   6.3965881112118828e-01	   7.8657899220076866e-01	   6.8796416443736741e-01	   7.0058533194536077e-01	   7.1873160566390781e-01	   5.2666017978673652e-01	   5.7504881509034389e-01	   6.3033510567894324e-01	   6.1512408933021234e-01	   7.5542794934788127e-01	   6.8405347511610948e-01	   7.2436170155159763e-01	   7.0727563519504999e-01	   4.2485804107713859e-01	   3.1983379969042741e-01	   4.0346132797184875e-01	   2.1668153134785495e-01	   5.5059499313931681e-01	   5.3203841174452204e-01	   6.5397213158252576e-01	   3.0405907373690200e-01	   5.3442691917103169e-01	   6.0386906347483393e-01	   5.9650343120544158e-01	   6.0742270535900933e-01	   6.3487066229324207e-01	   6.2670912985820060e-01	   4.5115741250706043e-01	   4.4955847747565303e-01	   5.0791413237951710e-01	   4.7355360664357815e-01	   2.8443702925086806e-01	   3.2050016364638007e-01	   6.2887950562057349e-01	   5.9169571369119955e-01	   5.7651886319476409e-01	   5.8455950813837088e-01	   5.9730473827974717e-01	   5.1215790455958055e-01	   5.2210918319489052e-01	   4.9106823119157239e-01	   5.0332794024323413e-01	   6.9235128495768872e-01	   4.3051076491717716e-01	   4.9306567851552718e-01	   6.9534389928987372e-01	   6.8353918981060624e-01	   6.4726108193712417e-01	   6.1631779894088690e-01	   6.3428539063631684e-01	   5.6563685057585134e-01	   4.8281029206856596e-01	   5.4369817795561104e-01	   3.7294587191856016e-01	   3.6284845067492810e-01	   3.1195772687561196e-01	   2.7709487692107593e-01	   6.6591937502681398e-01	   7.0095256396471251e-01	   7.1909982278847162e-01	   6.8417508783598979e-01	   6.9112297570423631e-01	   5.9113445681952714e-01	   6.8438818356154929e-01	   5.9452662700544856e-01	   4.3513992671668983e-01	   5.6960549081440748e-01	   7.0844611077779884e-01	   5.6329501156753381e-01	   4.7024994753114974e-02	   1.9029240969978778e-01	   4.7763460635939871e-02	   3.0982553028761289e-01	   3.3807321952274139e-01	   1.3824677781991521e-01	   5.9028634109421785e-01	   5.2321590370094140e-01	   5.5530546864515662e-01	   4.8155839871264872e-01	   2.4354208982006614e-01	   3.0417285128252208e-01	   3.4044323401747212e-01	   2.5869518458056567e-01	   4.4146640325575671e-02	   4.9260086074536392e-02	   3.4099894275953979e-01	   2.3221338075487025e-01	   8.7272229659993969e-02	   8.7608747770316242e-02	   4.1178031741493565e-01	   4.6584642107113272e-01	   3.8320928149285738e-01	   5.0912131487658607e-01	   1.5395406924288899e-01	   8.2137945542136992e-02	
   7.8706143924313565e-01	   7.5770011444681273e-01	   8.1645879754315154e-01	   0.0000000000000000e+00	   3.5473494483926965e-01	   4.4046290247729208e-01	   7.8706542571893601e-01	   8.8593484555054314e-01	   6.3081781755426269e-01	   5.6951587941064585e-01	   6.7379927634355119e-01	   6.8498472473263106e-01	   6.4381379269010142e-01	   7.0394795643326302e-01	   6.4151500491915936e-01	   6.7580151303393166e-01	   7.3736418684912086e-01	   7.6055390342535034e-01	   8.6187755647954167e-01	   8.3751202686784199e-01	   6.1499843076400385e-01	   5.7419801136123172e-01	   8.1501592411119250e-01	   8.3610135996865553e-01	   7.1585827203329089e-01	   7.4525837198897738e-01	   5.0043755874879259e-01	   5.5735009478495035e-01	   6.6787645937993823e-01	   6.8350688371676516e-01	   7.6431875883696965e-01	   7.5893009945953116e-01	   7.8657668611488685e-01	   7.9645855615717132e-01	   5.7634457146825535e-01	   5.0980650227688429e-01	   3.2593828214680803e-01	   2.2842335624375393e-01	   4.6462664214735594e-01	   5.5227008470408379e-01	   6.7643741668626833e-01	   4.0366592953453051e-01	   5.4723164280463088e-01	   6.2700405673789339e-01	   6.8552541048459059e-01	   7.0142468800529123e-01	   6.2727085340900501e-01	   6.5041606957308074e-01	   5.3538824119912576e-01	   5.8605907134226554e-01	   5.4483848168181870e-01	   5.0643618657456146e-01	   3.0294239803935008e-01	   2.9685855764171959e-01	   6.1905378869500727e-01	   6.0371453378805018e-01	   7.1083049792541386e-01	   7.2019056287822392e-01	   7.1001723227209734e-01	   6.6433590444128043e-01	   6.4831038122634421e-01	   6.9211514214154102e-01	   6.6944855895005473e-01	   7.1354307079575496e-01	   5.9354146363392213e-01	   6.6825951079856183e-01	   7.1604232469877016e-01	   7.5357130632569336e-01	   7.3001640749219132e-01	   6.9056309149958783e-01	   5.9989622396604858e-01	   5.4037409725977992e-01	   4.5950658426555091e-01	   4.8595728485016698e-01	   3.5073514436814657e-01	   3.8445880011864658e-01	   3.8594282256622253e-01	   3.2405235799924320e-01	   7.4165987264180688e-01	   7.0953260784306682e-01	   7.6234365603729404e-01	   7.5664031638073059e-01	   6.7898131145547724e-01	   6.2614796482609403e-01	   7.1146457443229394e-01	   7.4068643108754828e-01	   4.8220121964808071e-01	   5.5774572340294937e-01	   7.3145728938547550e-01	   6.3512696796203005e-01	   1.4101644380238229e-01	   2.0646566700318145e-01	   2.1977732421213697e-01	   3.0974392767520492e-01	   2.8293115214333936e-01	   1.1793283968597582e-01	   6.1126845313876843e-01	   5.6413593622900593e-01	   5.8819252712609738e-01	   4.9494476421518285e-01	   4.3473650718002654e-01	   3.9902411432424206e-01	   4.7868179428934365e-01	   3.4476868373314140e-01	   1.2397993075943280e-01	   4.9319447092288179e-02	   3.3225350399529935e-01	   2.8917397221309077e-01	  -3.3739038086250193e-02	   8.4965140091408486e-02	   4.5588285783946719e-01	   4.4765934101468452e-01	   4.1360754117945897e-01	   5.5943377180305154e-01	   2.4422996792259941e-01	  -6.8643757633345528e-02	
   2.7728905092437178e-01	   2.5448162183598488e-01	   3.9780036700081378e-01	   3.5473494483926965e-01	   0.0000000000000000e+00	   8.9995277075483671e-01	   4.2607266946145755e-01	   4.0351927593103887e-01	   7.4780778882254362e-01	   7.9451354652504846e-01	   4.1140943338635666e-01	   3.7539305190379829e-01	   3.5364259748311250e-01	   3.6115502706078090e-01	   6.3892481023771219e-01	   4.9239733732427687e-01	   3.6835869324942083e-01	   2.5340979903222977e-01	   3.7763346027513195e-01	   3.2156058340991572e-01	   6.0865493831766815e-01	   5.3984413274219489e-01	   3.4174041542695799e-01	   2.2454868912887416e-01	   6.1258140325120292e-01	   6.5786374027945604e-01	   8.5243700966196378e-01	   7.6838723393524511e-01	   3.5051338645713831e-01	   2.4940384487009570e-01	   2.7777259215733646e-01	   2.3034225485372090e-01	   3.0330197050211111e-01	   2.7875020986392091e-01	   1.8068783516386169e-01	   5.1682540865399196e-02	  -2.5952494745994235e-02	  -3.7749141160788924e-01	  -3.1736318494321987e-03	  -1.1610020075650203e-01	   1.4241585980188803e-01	  -1.9614129000450797e-01	   2.0176160799136408e-01	   2.1791386134329069e-01	   1.6444537948286841e-01	   1.7758112437434817e-01	   2.5734598361451338e-01	   1.9360178966286162e-01	   6.3970538592897530e-02	   3.4194344967806017e-02	   6.7641928178716476e-02	   1.6165031979744494e-02	   9.3006159735405436e-02	  -7.0501261596193271e-02	   1.1230527245331023e-01	  -4.7665352215099460e-02	   2.8856094081386607e-01	   2.2969160898897983e-01	   2.7056311834096447e-01	   1.4560261814875447e-01	   4.1686654010966451e-01	   3.1033787693813891e-01	   4.4165303155765645e-01	   3.4715050962397093e-01	   2.4542219285863623e-01	   1.1351865504310479e-01	   3.0894403736709097e-01	   2.5485062875816555e-01	   3.1976841471350592e-01	   2.7988146299410344e-01	   2.3195324388034691e-01	   1.2051243616286428e-01	  -3.8663956055456805e-02	  -7.8138236091746222e-02	  -1.1442420074393944e-01	  -9.6991957878899970e-02	  -1.1286568006187996e-01	  -1.8480558358001922e-01	   3.0577850782358940e-01	   1.4195403529271983e-01	   3.4726128898304609e-01	   1.8297526967164104e-01	   3.5625365651716062e-01	   8.2721596635954159e-02	   3.9385007534016375e-01	   9.9283460654115779e-02	  -8.6923214596936305e-02	   1.2072040209509093e-02	   3.2136180641305206e-01	  -2.2900070890807752e-02	  -1.7089927482716961e-02	  -1.3876122288079062e-01	  -1.6401176328096778e-01	  -2.0654207211025202e-01	   1.7768825372906900e-03	  -1.8471073272602848e-01	   1.5913060882075780e-01	  -1.6606382695817247e-02	   2.0013685684353222e-01	   2.5707331747951367e-02	  -3.9115851141906993e-02	  -1.6795460207727989e-01	  -2.5980650434038910e-02	  -1.7004669330119929e-01	  -1.4880438537591104e-01	  -1.6686205736726856e-01	   1.6617226214952002e-01	   1.2570378900426604e-01	  -3.9622939438516636e-02	  -1.5593479429243776e-01	   7.0051758294048971e-02	   6.0416689546211141e-02	   3.4975371519018117e-03	   1.1522125204837491e-01	  -1.6993914135832289e-02	  -2.2180873557700900e-02	
   3.8509529089919375e-01	   3.3016503561079030e-01	   4.9883574622356841e-01	   4.4046290247729208e-01	   8.9995277075483671e-01	   0.0000000000000000e+00	   5.1452408916748238e-01	   5.0911561285137608e-01	   7.5167595543082766e-01	   8.1234449208889870e-01	   4.7858754840963569e-01	   3.6526654278723769e-01	   4.1312996277799174e-01	   4.1192959718659139e-01	   6.9235080903993906e-01	   5.2583082189867514e-01	   4.7695563317698458e-01	   3.5435350387236747e-01	   4.7295105685122835e-01	   4.1351960966651830e-01	   6.8719543733354882e-01	   6.4423352397658729e-01	   3.9737516988053562e-01	   2.9145012483572763e-01	   6.3960501720894369e-01	   7.2472190680838300e-01	   8.6047694851507184e-01	   8.1813549075086156e-01	   4.6303529512405084e-01	   3.6060323468821809e-01	   3.5438067957096137e-01	   3.0471251646754821e-01	   4.0410084229425380e-01	   3.7108852403990888e-01	   2.0959777430142024e-01	   6.6671103947179705e-02	   1.4099286598515870e-01	  -2.9576262589184521e-01	   7.1988618753622224e-02	   7.1559728491800700e-03	   2.1440321809813459e-01	  -8.5691444248866017e-02	   2.2363840355800702e-01	   2.2759409568235309e-01	   2.3935847476180333e-01	   2.6696382936031876e-01	   3.2006500552737654e-01	   2.5835380787845752e-01	   9.6533513998624448e-02	   7.9840476315872225e-02	   1.2558330444819435e-01	   8.3374517751014510e-02	   1.3593111238549718e-01	   3.7533579608987665e-03	   2.1692900257411535e-01	   5.3913709790011782e-02	   4.1064699442934682e-01	   3.4185113101959741e-01	   3.3603210566242459e-01	   2.3694398471647779e-01	   5.0429194058213378e-01	   3.9070452707357384e-01	   5.2426647443624153e-01	   4.6595344654301607e-01	   2.3490418609024658e-01	   1.2042443023855638e-01	   3.9728631431642264e-01	   3.4303067519997671e-01	   3.9770341627719258e-01	   3.4512426402359719e-01	   2.2271717130168767e-01	   1.6354594994125693e-01	  -3.7819505294659161e-02	  -4.7594159283455811e-02	  -1.1408736214409856e-01	  -1.1315609714364017e-01	  -6.5078356792326764e-02	  -1.2895224484391837e-01	   4.1779985065656949e-01	   2.2151936735576624e-01	   4.6959019928639856e-01	   2.7315489749069893e-01	   4.5559323565139759e-01	   2.2565923205642729e-01	   4.6284562373570526e-01	   1.9908633961310837e-01	  -1.7535874431698514e-02	   1.2234985063720123e-01	   4.1269132505941941e-01	   9.9980697407123287e-02	   5.7408246481972097e-02	  -8.2677911772413376e-02	  -7.5758784419414915e-02	  -1.5483694837978357e-01	   1.2352775551378117e-01	  -1.3946031907221784e-01	   2.7740647169118060e-01	   9.6066183688888501e-02	   3.1049730937861070e-01	   1.4538293762773249e-01	   4.4748210202804131e-02	  -1.2747038693972373e-01	   1.0066311394888801e-01	  -1.1618096924732554e-01	  -5.0828353532392276e-02	  -1.6580559520240384e-01	   2.3653394979251560e-01	   1.4590420237768312e-01	  -2.8088309431714305e-02	  -7.7444462156903926e-02	   1.7618469020957289e-01	   1.6195815234064584e-01	   9.6966754584016587e-02	   2.0085447741522938e-01	   1.3153018763274989e-02	   1.1345161118601579e-02	
   7.8880914043973849e-01	   6.9664965750614294e-01	   7.4827658952134923e-01	   7.8706542571893601e-01	   4.2607266946145755e-01	   5.1452408916748238e-01	   0.0000000000000000e+00	   8.8816603514977877e-01	   7.4262061210179520e-01	   5.9196995029987876e-01	   6.3211258829753847e-01	   6.5620125808634866e-01	   6.7157403539383598e-01	   6.9025060987153863e-01	   6.8962146604771501e-01	   7.0163348108962365e-01	   7.8877734245410092e-01	   7.7097384030622695e-01	   8.5575529867105993e-01	   8.0719168752247661e-01	   6.6254958893492188e-01	   6.9772192245745857e-01	   7.3801786475439624e-01	   6.8870358695575540e-01	   6.3287272440248921e-01	   6.3215234856881009e-01	   5.5276344876953232e-01	   6.1818278649801117e-01	   7.7304172029080198e-01	   7.6372924512343543e-01	   6.7084425410445880e-01	   5.9669316234599479e-01	   8.6185273014838359e-01	   8.3449254976244069e-01	   5.4483797490751018e-01	   4.7168536208141409e-01	   3.5401227112097494e-01	   2.0115724195541906e-01	   4.7834732238480637e-01	   5.6114004400494277e-01	   6.7261417141950097e-01	   3.8655192735101812e-01	   4.5961023501909604e-01	   5.4911504901321284e-01	   6.5854433497768583e-01	   6.8673142485094474e-01	   6.0671189838122253e-01	   5.9769908397878435e-01	   5.2314956097514853e-01	   5.6157333185018332e-01	   5.3884506788005004e-01	   4.8242268848667413e-01	   2.9751093230898784e-01	   2.5732903250850059e-01	   6.1354515867325499e-01	   5.5608069544141570e-01	   7.1134240454655751e-01	   6.9731971171412532e-01	   7.6505764413344257e-01	   6.9801084345086850e-01	   8.0491767823723059e-01	   7.8737696726054085e-01	   7.2911387286393015e-01	   7.9557953227874378e-01	   6.3525352286499448e-01	   6.1340029305810739e-01	   7.3014906898730625e-01	   7.3669441006149416e-01	   6.9677633955935625e-01	   6.1615991066836595e-01	   6.1091375510646762e-01	   5.3566872141862754e-01	   5.2520769445792348e-01	   5.5286744908439267e-01	   3.9593269279755033e-01	   4.5115198041034710e-01	   4.3169299185602955e-01	   3.0750115293979763e-01	   7.8057265041149337e-01	   7.3773627331139746e-01	   7.9361325934709392e-01	   7.6829074038249012e-01	   7.1217655504286936e-01	   6.6004486721933098e-01	   7.7425209000059092e-01	   7.2540230033483188e-01	   4.4551678539494344e-01	   6.0754148397609586e-01	   8.0449921992613926e-01	   6.2335490871704802e-01	   1.0528081186187720e-01	   1.4779825094223609e-01	   1.2043238692461375e-01	   2.7484174817870582e-01	   2.9608209485135584e-01	   7.6543423591515669e-02	   6.3123877941332318e-01	   5.2422120815085138e-01	   5.8953794952822702e-01	   4.1594168017643302e-01	   3.6107384049122643e-01	   3.0871010214296074e-01	   4.0446538500393653e-01	   2.6727506554433283e-01	   4.8734222253516646e-02	   1.6655033510667591e-02	   3.0851533395519626e-01	   2.7574976548594288e-01	   1.6096922370646483e-03	   9.3847276516086653e-02	   4.6942785616024568e-01	   3.9243489209895899e-01	   3.4332661934790770e-01	   5.6358039874557364e-01	   2.0145822916462858e-01	  -5.7994131892678893e-02	
   8.2958888674632147e-01	   7.7781332993175112e-01	   6.9428510445717107e-01	   8.8593484555054314e-01	   4.0351927593103887e-01	   5.0911561285137608e-01	   8.8816603514977877e-01	   0.0000000000000000e+00	   6.8140897645780363e-01	   6.7820402515922695e-01	   6.6286990876225227e-01	   7.2383557900112749e-01	   6.6077077782063054e-01	   7.6796327839655409e-01	   6.4514083611828443e-01	   6.9030201868329666e-01	   7.7057092875212096e-01	   7.7850630405246390e-01	   8.5552580788924737e-01	   8.4046488975527056e-01	   6.7272185172023979e-01	   6.4738132181277552e-01	   7.2175530886438188e-01	   7.3807082635847587e-01	   6.3913362743454172e-01	   6.5816901231276925e-01	   5.1943461924438805e-01	   6.0335127204133354e-01	   7.2464136920423750e-01	   7.3251589004821638e-01	   6.4320511259550739e-01	   6.4633810422726767e-01	   8.2681911776770767e-01	   8.5411506835251905e-01	   5.7507666109098965e-01	   5.0403922399193535e-01	   3.0950856796253245e-01	   1.9478940982002763e-01	   4.2661249031007759e-01	   5.7383405803043108e-01	   6.5829265401778769e-01	   3.9695708131261381e-01	   4.6195711704469444e-01	   5.5126913529393606e-01	   7.3276054674777602e-01	   7.6918025314639116e-01	   6.1452364499024992e-01	   6.2527727667156363e-01	   6.0685427380383672e-01	   6.6738709241506511e-01	   5.7170823148771743e-01	   5.2372353471867417e-01	   3.0218308531114491e-01	   2.1968993935315068e-01	   6.3459482138990142e-01	   5.7735817165671299e-01	   7.5861032304272424e-01	   7.5758622989135427e-01	   8.1753596294277076e-01	   7.8889462405401733e-01	   7.7850893894890616e-01	   8.5201121360566456e-01	   7.5723678158042018e-01	   7.6936039237322373e-01	   5.7447240339334393e-01	   6.3013850381068415e-01	   7.3380466435829828e-01	   7.7768129328727575e-01	   7.5527195869801045e-01	   7.0209176696268150e-01	   5.6382972997815373e-01	   4.9751977888843590e-01	   4.6204255922075110e-01	   4.8794852621746898e-01	   3.1625121506631693e-01	   3.9130701652824007e-01	   4.1600121657891359e-01	   2.9097214921837639e-01	   7.5280629549245726e-01	   6.8968724110132995e-01	   8.1183864106713588e-01	   7.7458356170874065e-01	   6.7529958799849066e-01	   6.6841086425936624e-01	   7.6455888105892966e-01	   7.7374027814950108e-01	   4.7601414581326362e-01	   5.9139251642113633e-01	   7.8299828084831047e-01	   6.4480625958883298e-01	   1.6686293303530411e-01	   1.0950182770256739e-01	   2.0639858048510670e-01	   2.1872581509987279e-01	   2.7970234028642948e-01	   9.1908461144175238e-02	   6.4525892313012423e-01	   5.7172708649169457e-01	   6.1430943986526776e-01	   4.2450382528610298e-01	   4.4836446201180102e-01	   3.2121361975064244e-01	   5.0727026331991509e-01	   3.0503434994140988e-01	   1.3844577063503136e-01	  -4.8893641420485121e-03	   3.6201678236897628e-01	   3.0894266268853210e-01	  -3.5090093894790064e-02	   1.2172158947777176e-01	   4.8730487854630544e-01	   3.7687173123035866e-01	   3.6017518443481844e-01	   5.6810202899886231e-01	   2.5766635901068546e-01	  -1.1221298733845486e-01	
   6.2829988040563622e-01	   5.7315863681671742e-01	   6.0771661430216972e-01	   6.3081781755426269e-01	   7.4780778882254362e-01	   7.5167595543082766e-01	   7.4262061210179520e-01	   6.8140897645780363e-01	   0.0000000000000000e+00	   7.1679752338180980e-01	   7.0236892287388386e-01	   6.0376882811155574e-01	   7.2863930981934444e-01	   6.1202276671715361e-01	   8.8030413238006266e-01	   6.6238118872274043e-01	   6.8195372536555809e-01	   5.9520333834988604e-01	   6.5220296615113571e-01	   6.1979789094569615e-01	   7.0355884985659045e-01	   6.7677800090310902e-01	   6.1154269337218048e-01	   5.3183310001511708e-01	   7.1993656570432674e-01	   7.7998127012314300e-01	   7.8391609764090897e-01	   7.7798394652086489e-01	   6.6257373994439972e-01	   5.6752125809442222e-01	   4.6926166719855822e-01	   4.3262510001858079e-01	   6.0300715115657566e-01	   5.9282529314331533e-01	   3.8437981294984713e-01	   2.6554507447478215e-01	   2.6287928267745908e-01	  -5.6570527720085147e-04	   2.6794925409218140e-01	   2.4733963929875197e-01	   4.6282126525785211e-01	   1.8132964833169032e-01	   2.4499832053302276e-01	   3.6023279820069604e-01	   4.2115279492178276e-01	   4.6737649499056877e-01	   3.9217741587553234e-01	   3.8218829155400491e-01	   2.5325130580188759e-01	   2.8915731075840645e-01	   2.8427876195518104e-01	   2.1741524892502326e-01	   1.5389270581215012e-01	   6.9697201681712326e-02	   3.7542232294789074e-01	   2.6760984784950975e-01	   5.8639695591965135e-01	   5.5129902629621030e-01	   5.0719732026012121e-01	   3.8908945467456313e-01	   6.6286738588029959e-01	   5.2920772497158686e-01	   6.6147450506867300e-01	   6.0229074331934440e-01	   5.9288304619052079e-01	   4.0452970459524984e-01	   4.9772548253637239e-01	   4.6897462898688702e-01	   5.6423365569020667e-01	   4.8237260590775721e-01	   3.8759029268562029e-01	   2.9268300191496777e-01	   2.6526587222857717e-01	   2.2763012319146986e-01	   1.7813572252156945e-01	   1.6541568666431275e-01	   1.0693365818150179e-01	   3.8330851260530235e-02	   6.3191543953012386e-01	   5.0841790059772618e-01	   6.8483230782016924e-01	   5.3608775350368565e-01	   5.9431637429610595e-01	   4.2887592230271687e-01	   6.9242170526003954e-01	   4.6975591071433775e-01	   3.3527994728367055e-01	   4.5275732251660428e-01	   6.1606836160679046e-01	   3.4807499621536198e-01	  -1.2328337989247470e-02	  -1.6170259844686809e-02	  -5.1148057982605466e-02	   5.9199069209907133e-02	   1.8084300363582928e-01	  -1.1280199434684317e-01	   4.2559317047375289e-01	   2.8235642133079575e-01	   3.8546121627031271e-01	   2.1849161869841416e-01	   9.4019615746358920e-02	   4.3850738382348917e-02	   1.5906399581104932e-01	   6.8016482122049650e-03	  -1.0814365714571368e-01	  -7.4460771249009752e-02	   1.3377150368538979e-01	   6.2677719904568191e-02	  -3.0511768995389939e-02	  -2.1206017933107747e-04	   3.2496420612157106e-01	   2.2113629536468973e-01	   1.8726972746538612e-01	   3.3635761271906572e-01	   8.7209142400281089e-02	   5.5722400752211576e-02	
   4.8286184277021682e-01	   4.2518125055892031e-01	   4.2630552915995756e-01	   5.6951587941064585e-01	   7.9451354652504846e-01	   8.1234449208889870e-01	   5.9196995029987876e-01	   6.7820402515922695e-01	   7.1679752338180980e-01	   0.0000000000000000e+00	   5.6266956084380837e-01	   5.4579852297189568e-01	   5.0065636699804439e-01	   6.0033611683162447e-01	   6.7081711135427691e-01	   6.5426167006466396e-01	   4.6466068819200290e-01	   3.9054524156672582e-01	   4.8817928660724286e-01	   4.0913950352243672e-01	   5.7780240719771603e-01	   4.9679916424895099e-01	   4.2949758911988156e-01	   4.1751952090461508e-01	   5.8557783143648301e-01	   6.7765906374095408e-01	   7.6082615950687926e-01	   6.9974360273190572e-01	   4.2203109005297990e-01	   3.7292189727419767e-01	   3.2523645647292115e-01	   3.4379724214195462e-01	   4.0841930301798918e-01	   4.3453198490559297e-01	   3.0010121592893929e-01	   2.0453788343956814e-01	   3.2475534442410553e-02	  -2.6381377873438494e-01	  -4.7846255326613506e-03	   2.4824496858299745e-02	   2.2826086189912881e-01	  -5.5359046255038555e-02	   1.7353109699281491e-01	   1.9391407996814747e-01	   2.7777062945507647e-01	   3.0488738119881059e-01	   2.3964315906072836e-01	   2.0469349465421685e-01	   1.5423057457740208e-01	   1.9196742605615724e-01	   1.2803040239653990e-01	   9.8228007188261218e-02	   4.6445085784169796e-02	  -8.4124878368780631e-02	   1.5747430246306982e-01	   4.8792840025205578e-02	   4.5460679757146405e-01	   4.0634480212694640e-01	   4.1554171117552607e-01	   3.6354841946981653e-01	   5.8570147936228012e-01	   5.6782836069462761e-01	   5.4379933316569473e-01	   4.5419756882148826e-01	   3.4585990473141992e-01	   3.0837464607093323e-01	   3.6744536647784215e-01	   3.7921437956058807e-01	   4.1427668502485204e-01	   3.8126742703803551e-01	   2.4508104933671412e-01	   1.7786015953435325e-01	  -8.6728364490163915e-03	  -1.1724012951386304e-02	  -1.3138219482176822e-01	  -4.3047600010745882e-02	   2.3493922936009787e-03	  -9.3359935945697095e-02	   3.8378458296431439e-01	   2.2223998084069607e-01	   4.4199779972998876e-01	   3.4418601499980822e-01	   3.8888127715611343e-01	   1.9563384043520288e-01	   4.7766509461324286e-01	   2.9629746334651996e-01	   3.3161674838925737e-02	   1.0648653063394570e-01	   4.6009361729318132e-01	   1.7075330241226885e-01	   6.7072627911786267e-02	  -1.0637515376757367e-01	   3.2927981462417639e-03	  -1.2621286614760580e-01	   8.2872864649711442e-02	  -1.1652836117130362e-01	   2.4933560756321030e-01	   1.3753265079215934e-01	   2.4490367204241192e-01	   9.7074132866655963e-02	   1.3043324185082153e-01	  -1.5834918254120849e-02	   1.1550829063472609e-01	  -3.2593929624560571e-02	  -3.0918902688718879e-02	  -9.7290326404371852e-02	   2.4457792035980219e-01	   1.9157044528807871e-01	  -6.5985013809537876e-02	  -5.1227131766791459e-02	   1.5429519343473966e-01	   6.9272265944023331e-02	   6.3201499165677633e-02	   2.2019112090956583e-01	   2.6800434947763154e-02	  -1.6081592792166605e-01	
   8.1605566052545275e-01	   7.4898288852753003e-01	   4.9693161659498919e-01	   6.7379927634355119e-01	   4.1140943338635666e-01	   4.7858754840963569e-01	   6.3211258829753847e-01	   6.6286990876225227e-01	   7.0236892287388386e-01	   5.6266956084380837e-01	   0.0000000000000000e+00	   8.7411694745392776e-01	   9.2288203433502058e-01	   8.7429234344703433e-01	   8.5159502497601969e-01	   7.6043430149748725e-01	   7.5328371008932948e-01	   7.1190462300951896e-01	   6.4786590433189450e-01	   6.3728599973727906e-01	   4.8882445749831072e-01	   4.7101475154101313e-01	   5.1118416996053795e-01	   5.4947118948190443e-01	   5.4679621944889722e-01	   5.9498269225133971e-01	   5.4173134258792932e-01	   5.7100122106311268e-01	   7.2825723944016008e-01	   6.7834408205393981e-01	   4.4990740828907011e-01	   4.4713214300295689e-01	   6.0124550389675147e-01	   6.4941881840546201e-01	   3.6577072644955366e-01	   2.9650594871374142e-01	   3.0390588147265690e-01	   1.2176158795383521e-02	   1.2061401824799378e-01	   2.2234819158134905e-01	   4.8803596441177277e-01	   3.4363292559178649e-01	   1.2679077160588245e-01	   2.1403298632946446e-01	   3.5786522467126414e-01	   4.4210006084249687e-01	   2.2179874535844554e-01	   2.8742821361460880e-01	   2.0552048044118648e-01	   2.5377292976002347e-01	   1.3434705957635545e-01	   1.3916172446257855e-01	  -3.7017222001289346e-02	  -3.1609489060411777e-02	   2.6759774179493528e-01	   2.7769194929340763e-01	   7.3161941727960644e-01	   6.8061935423528164e-01	   5.0861533238898060e-01	   3.6165572180293482e-01	   7.7707389390618231e-01	   6.1829942459492937e-01	   8.4661346244345026e-01	   7.3151381043857855e-01	   6.1001774295839983e-01	   3.9881990248201515e-01	   3.6785342157236683e-01	   3.8749523652303303e-01	   5.1855898151985214e-01	   4.5226168792383808e-01	   3.3617279668318623e-01	   2.1526402774019590e-01	   3.6676499202575397e-01	   2.8351388958428392e-01	   2.4107556963539317e-01	   2.0190773139331314e-01	   2.0593676149154233e-01	   7.0910400778413263e-02	   6.7240946739100371e-01	   5.4634368719992998e-01	   6.7992372096669662e-01	   6.0770434218940483e-01	   5.1943118529939025e-01	   4.6359676975079955e-01	   5.9348111791583880e-01	   4.5052448766125397e-01	   3.7655842748666479e-01	   4.1932720298075998e-01	   4.8831594350340962e-01	   3.1986036100527171e-01	  -1.8272905383959059e-01	  -1.5210252813668401e-01	  -9.3819112196560417e-02	  -1.0422221711034551e-02	   1.6372769044321392e-01	  -1.1211879133121855e-01	   3.1811249423692245e-01	   2.8683785059581030e-01	   2.1294438470218546e-01	   1.2862370017710609e-01	   1.1057260765065552e-01	   7.3659705912142520e-02	   1.1365294673825783e-01	   7.5473472954587211e-03	  -1.7053426995860066e-01	  -1.7753312975329960e-01	   7.9744848132230067e-02	   1.8744033826190856e-02	  -1.3545571337973655e-01	  -6.8924401488255557e-02	   1.6090558881310429e-01	   1.0547096802973634e-01	   7.0224531311838950e-02	   2.5085452338853825e-01	   6.0153292541939005e-02	   3.5293560222435891e-02	
   8.3409741272791260e-01	   8.1052816852367826e-01	   4.8756826906061762e-01	   6.8498472473263106e-01	   3.7539305190379829e-01	   3.6526654278723769e-01	   6.5620125808634866e-01	   7.2383557900112749e-01	   6.0376882811155574e-01	   5.4579852297189568e-01	   8.7411694745392776e-01	   0.0000000000000000e+00	   8.2302564537811129e-01	   9.2125664251858441e-01	   7.0092103000111461e-01	   7.7292674185819588e-01	   7.6209284248780684e-01	   7.8023527219481537e-01	   6.8467871897502952e-01	   6.9661098477860339e-01	   4.9809542225729919e-01	   4.4521123556997877e-01	   4.9404247649525418e-01	   5.6071515982172315e-01	   5.1537136609754763e-01	   5.4064391402663603e-01	   4.5141679696171616e-01	   5.1976346608067858e-01	   7.2152662905454157e-01	   7.4119630531299996e-01	   4.4210784964349259e-01	   4.7494173711280330e-01	   6.4001568422659016e-01	   6.8951779029804505e-01	   4.0453473836953291e-01	   3.3904416000935439e-01	   1.6968279284558047e-01	  -1.9091691618563840e-02	   1.9408429384423659e-01	   3.1024102801186865e-01	   5.7784167805850539e-01	   3.5354833642868905e-01	   1.9879691880746020e-01	   2.8864747430515020e-01	   4.6687441596168383e-01	   5.4676608878504918e-01	   2.9255070993428062e-01	   3.5157358880439882e-01	   3.0139213409180338e-01	   3.6313423496003250e-01	   2.0425518408620227e-01	   2.2065008479609313e-01	  -4.3221871377078433e-02	  -2.9932922519177584e-02	   2.9948438617976914e-01	   3.1220571904062533e-01	   7.7263947107605324e-01	   7.5072256378705271e-01	   6.1929093332449991e-01	   4.8634055866675857e-01	   8.2231879342612313e-01	   7.5578175611109277e-01	   8.3960218191417157e-01	   7.9882968449829772e-01	   6.0281879409743477e-01	   4.9992812847308132e-01	   4.4016229700136877e-01	   4.8462225082878985e-01	   5.7376213897794737e-01	   5.3863278445593155e-01	   3.8455795624138389e-01	   2.5614657876755415e-01	   4.3523250438686478e-01	   3.4391051682876528e-01	   2.9636305713883498e-01	   2.5259324553964535e-01	   2.5987107501709761e-01	   6.6436250884072498e-02	   6.8820976647205712e-01	   6.3485102273494998e-01	   7.0276455889727796e-01	   6.9194852309006494e-01	   5.0939570669761836e-01	   4.7200440358736706e-01	   6.5146994783823065e-01	   5.2088315004593566e-01	   3.9622661914739898e-01	   4.2420317427811521e-01	   5.4696900432455053e-01	   3.5923780516893433e-01	  -2.1763308546414267e-01	  -1.9914339173544121e-01	  -8.7385512709550389e-02	   5.4744403546818001e-03	   1.1578706368446676e-01	  -1.1945056039350915e-01	   3.2321770612552259e-01	   2.9078996223768994e-01	   2.2316600352976812e-01	   7.6937794972194343e-02	   1.6060628830909537e-01	   7.4967053894718694e-02	   1.4163066048430786e-01	   3.1294904448128220e-02	  -2.1214197894904735e-01	  -1.7538626955375797e-01	   9.6499905299954974e-02	   4.5719971910388596e-02	  -2.0156308069772130e-01	  -1.2062036960970815e-01	   1.6133327538714839e-01	   1.0230894933242447e-01	   7.2390705338247346e-02	   3.0987649970354980e-01	   6.4136781091904307e-02	  -3.1975329004556401e-02	
   7.4047929704325832e-01	   6.6613016214980303e-01	   4.8219693184450496e-01	   6.4381379269010142e-01	   3.5364259748311250e-01	   4.1312996277799174e-01	   6.7157403539383598e-01	   6.6077077782063054e-01	   7.2863930981934444e-01	   5.0065636699804439e-01	   9.2288203433502058e-01	   8.2302564537811129e-01	   0.0000000000000000e+00	   8.3737071577165834e-01	   8.5777789906083868e-01	   7.2992772134666373e-01	   7.2913208698470067e-01	   6.7904092450387499e-01	   6.3478979881034270e-01	   6.5154362676667110e-01	   4.6656520267088586e-01	   4.7162889836917843e-01	   5.7271849808909914e-01	   6.0617322737164336e-01	   5.4134291557841663e-01	   5.7276391136268923e-01	   4.7277817141757872e-01	   4.9855713442842109e-01	   7.5120363988458216e-01	   6.9032524979345133e-01	   5.1053780851874864e-01	   5.1477246961455458e-01	   6.2492906491836908e-01	   6.5315401605536927e-01	   4.1538558469344478e-01	   3.0517228384459072e-01	   3.3417346062731496e-01	   1.3406272916321252e-01	   1.9490843214808551e-01	   3.0718389648351918e-01	   5.3128794241626331e-01	   3.8727599843536831e-01	   1.8978832175651272e-01	   2.3779621658275391e-01	   3.7401602576754944e-01	   4.2977790806751626e-01	   2.6869260628764058e-01	   3.1814541554301162e-01	   2.3473948550271612e-01	   2.8034151318433936e-01	   2.2165191309497612e-01	   2.2638110411244447e-01	   9.9114171116193667e-02	   1.0717840128290199e-01	   3.3369449078712266e-01	   3.5213586562594390e-01	   6.4746167477599037e-01	   6.2217815184265801e-01	   5.2401958719995978e-01	   4.0935689898475869e-01	   7.5319309003459423e-01	   6.2357243862900624e-01	   8.3005898984829485e-01	   7.0790962800927371e-01	   6.6530519737882532e-01	   4.3825367226778789e-01	   3.9652840702516939e-01	   4.0735262000723071e-01	   5.1944175025376338e-01	   4.3412112566372751e-01	   3.7547435565261839e-01	   2.7958755648847833e-01	   4.0004513466733477e-01	   3.3416391732139888e-01	   3.4157606404011670e-01	   2.6875862489941243e-01	   3.0108453528925377e-01	   1.8798349959372473e-01	   6.8531028696597707e-01	   5.7147027030716169e-01	   6.6649530561490189e-01	   5.7657807418678764e-01	   5.1297351262849156e-01	   4.9143112602061723e-01	   5.8774691809987401e-01	   4.9255969103037417e-01	   4.2743343882919516e-01	   4.6925058497936445e-01	   5.5557442757364761e-01	   4.2538669929473716e-01	  -7.3458967111270368e-02	  -2.9160749359914376e-02	  -1.5507455836406246e-02	   8.5660583663919043e-02	   2.2805327288921146e-01	  -4.7395016814701776e-02	   3.5748251420844213e-01	   3.2491879290460812e-01	   2.5846770261154756e-01	   1.8208777131679360e-01	   1.6390524585067209e-01	   1.1378082720591154e-01	   1.8262847515658939e-01	   7.0676007591571305e-02	  -5.7570996300628584e-02	  -6.6538721608304388e-02	   4.9793185360101425e-02	   5.3095627272333544e-02	  -1.4072590042086164e-01	  -7.2377182694846720e-02	   1.9024952469619935e-01	   1.2543742424142976e-01	   1.1139603976318177e-01	   2.7744084935297841e-01	   1.5377321741563105e-01	   1.5862834565709895e-02	
