   0.0000000000000000e+00	   9.1048055168006026e-01	   5.8925880910516359e-01	   3.9922659863370680e-01	   4.6977877897629305e-01	   6.1487867229617688e-01	   4.7938257619176949e-01	   4.2679977868139685e-01	   4.6032680154705735e-01	   4.5739224711557969e-01	   7.3887385231862224e-01	   7.0467063412243180e-01	   7.7793068635185025e-01	   6.6193262864591995e-01	   6.2017453615171070e-01	   6.3223364999375453e-01	   8.4430702897244125e-01	   7.6594629857816243e-01	   8.3877835473247786e-01	   7.7107086101750255e-01	   3.8472365874746861e-01	   4.5282978498054527e-01	   4.0196267865246771e-01	   3.5677206175465692e-01	   4.3843089799232016e-01	   4.7800031610251009e-01	   6.7500998584297611e-01	   5.7588653748054219e-01	   7.2438657062664291e-01	   6.0947931151243506e-01	   3.5805293082543788e-01	   2.9755376930925515e-01	   7.2306691032489889e-01	   5.9035638639309829e-01	   3.2146575442801517e-01	   2.3020266877545359e-01	   4.3891596349853645e-01	   3.4385001684584504e-01	   5.7043336936196409e-01	   7.0363538489711774e-01	   4.5291573740284752e-01	   3.8242562177242434e-01	   4.6443001584538696e-01	   5.1507523670384880e-01	   3.8043115918593828e-01	   4.1357958255501537e-01	   6.9340920462333466e-01	   7.0082544492810928e-01	   2.9674920878075234e-01	   4.3386058185508092e-01	   6.3568183337460626e-01	   5.0445877272313400e-01	   6.5349606758779100e-01	   7.1239667385620775e-01	   7.1225896244230846e-01	   7.5010327586843295e-01	   9.0243577430258026e-01	   8.3293106026117703e-01	   7.0496732874360868e-01	   7.2704352011373041e-01	   6.9576533045771694e-01	   5.6688450560078851e-01	   5.9068589686311179e-01	   5.0019402709632932e-01	   4.0762784021404230e-01	   6.1638447996221502e-01	   6.2587550949954729e-01	   6.6319416828842237e-01	   9.1012586904299786e-01	   8.9462626697630576e-01	  -2.0541910577389111e-01	  -1.2477756545722210e-01	   1.0301829516666164e-01	   2.6069706883696482e-02	   1.5460586291062232e-02	   2.8915991902110291e-02	  -3.4461503253651787e-01	  -3.3477563536951493e-01	   8.9049382691795342e-01	   8.4532743876340344e-01	   8.6320550470061441e-01	   8.1384525910221128e-01	   6.8283824359257062e-01	   7.7326952340399824e-01	   7.4539391943637090e-01	   7.3734501287662313e-01	   5.4164752623163182e-01	   5.6859172135591618e-01	   7.3143195636245217e-01	   8.1856890333555021e-01	   3.2854720129816128e-01	   1.7024483881276495e-01	   1.1668150513715186e-01	   9.0789765310164097e-02	   2.9099603193355550e-01	   3.1778163511027208e-01	   7.2211540096114057e-01	   6.9990726542555126e-01	   6.3359025126706747e-01	   6.2700514481687719e-01	   3.3997139038291835e-01	   3.5409832625114668e-01	   4.3441026169173802e-01	   4.6975909324974152e-01	   1.0238002262500770e-01	   6.3828440624902807e-03	   1.7913306627501158e-01	   2.1030974122402879e-01	   9.9575557161504430e-02	   2.2592618818788451e-01	   5.6355650959909820e-01	   4.4145784117027631e-01	   8.1373999820065088e-02	   1.4413063290653969e-01	  -1.8127372018824886e-01	  -2.1841727640643194e-01	
   9.1048055168006026e-01	   0.0000000000000000e+00	   4.0616690588708981e-01	   2.8689070378313564e-01	   3.9632937008966546e-01	   5.3611384810012241e-01	   3.3328286255884071e-01	   3.9038919621241597e-01	   3.3727155105313122e-01	   3.5040500461656160e-01	   7.0416989395954532e-01	   7.1988265285625841e-01	   6.9741990765766326e-01	   6.1177860849919796e-01	   4.8720009498746653e-01	   5.7319164662976640e-01	   9.1501252709903413e-01	   8.7411586621051474e-01	   7.8942869122767356e-01	   8.0262284614830226e-01	   3.1894370754727180e-01	   4.5372494317948842e-01	   2.7250107448910821e-01	   2.3265041787333124e-01	   2.7177957121523050e-01	   3.5177384294838254e-01	   5.7509646837796202e-01	   5.4623435541179188e-01	   7.5807948488579990e-01	   6.7452550726622751e-01	   3.0409116932658320e-01	   2.2624064390532073e-01	   6.8933633136635453e-01	   5.9500811027842992e-01	   2.4630381679976293e-01	   1.0833194878597691e-01	   2.8810496283495240e-01	   3.2698797122595030e-01	   4.5107214865023199e-01	   7.4633696355519907e-01	   3.3359993528635873e-01	   3.4581046536036353e-01	   3.6519877230072606e-01	   4.9356813633432151e-01	   3.1432162993050927e-01	   3.9432514625738069e-01	   7.2311122392834704e-01	   7.2634476182468222e-01	   2.2829489737532815e-01	   4.4212415477814837e-01	   6.3862934178997277e-01	   5.4883452345828831e-01	   6.6005862268841442e-01	   7.2111847305490695e-01	   7.2081215601286019e-01	   8.0866387295341013e-01	   9.3249039875472495e-01	   9.2703315635598815e-01	   6.8000674621403945e-01	   7.2627799952032068e-01	   6.1719256426484914e-01	   5.7791515610635957e-01	   6.3753009941372385e-01	   6.1848287230237708e-01	   2.5176218001049100e-01	   5.3052270496675558e-01	   4.8455253112216912e-01	   5.7143175955440118e-01	   8.8532094149792284e-01	   8.3038087101506330e-01	  -3.0554696736725018e-01	  -2.3923340263709669e-01	   1.3521772514875427e-01	   6.5204085100881312e-02	  -2.8393309446157700e-02	   5.6236155162353363e-02	  -3.8855875017860247e-01	  -3.6744396805413160e-01	   9.0484193733492801e-01	   8.7466217529380041e-01	   8.7866306853453535e-01	   8.6383507614795385e-01	   6.1204364301746417e-01	   7.4881800575088264e-01	   7.0558480452087502e-01	   7.1306864895243427e-01	   4.6507325170791891e-01	   5.1907479722648942e-01	   6.6500865985880442e-01	   8.0417866057078269e-01	   2.3991153502749735e-01	   1.1067586707760065e-02	  -1.8310410163484440e-02	  -5.5312823389594229e-02	   2.2936562168745206e-01	   2.6330263903469581e-01	   7.3726309218084407e-01	   7.3929604768448909e-01	   6.3906270442996727e-01	   6.0503185460149056e-01	   2.3822229647650420e-01	   2.2968024619805910e-01	   4.2656061909258397e-01	   4.0884140617845022e-01	  -9.5685993532253315e-03	  -5.7753573879192145e-02	   7.2967981237645890e-02	   1.7006644925104178e-01	   5.8691563965431917e-02	   1.1404412005124751e-01	   5.2731038783178941e-01	   3.3372181946767421e-01	  -3.0165772768061677e-03	   1.1895351003910458e-01	  -2.3996161186355114e-01	  -2.9001078764533278e-01	
   5.8925880910516359e-01	   4.0616690588708981e-01	   0.0000000000000000e+00	   7.7958481067537000e-01	   7.2240388805845823e-01	   6.8010520540900898e-01	   8.5719092711367983e-01	   6.0768649838489952e-01	   7.4300210642681941e-01	   5.9261798639463525e-01	   5.2593315127149909e-01	   5.2309906775170822e-01	   7.0056255888785124e-01	   6.3907460201163113e-01	   8.1036622977671768e-01	   6.6565006068100463e-01	   3.7493006151027614e-01	   2.8853581388509020e-01	   6.7502214822475914e-01	   5.0656132155501965e-01	   4.4204786428992848e-01	   3.7136109023492475e-01	   8.6440676913098391e-01	   7.9004188951144649e-01	   8.2664194513988098e-01	   7.9822182906836481e-01	   7.5110913705683058e-01	   6.1679349045716736e-01	   5.0556280999110570e-01	   4.2958332432624996e-01	   7.4012626717311791e-01	   6.7578374040121281e-01	   6.1815556218140100e-01	   5.5205745226283032e-01	   5.7401227136247901e-01	   5.3897081030823824e-01	   5.5138722893597292e-01	   3.5289284180986175e-01	   6.4883045507987647e-01	   4.2342865785413680e-01	   4.8550054099371881e-01	   4.3845374914034829e-01	   6.4794673765718680e-01	   5.6042267637835386e-01	   5.7468412520823131e-01	   5.1323754220985396e-01	   5.2825669937309161e-01	   5.4825659826358042e-01	   5.0577112644493250e-01	   4.5143940247518005e-01	   5.4762523808892327e-01	   4.4610315271401213e-01	   5.2784246848832517e-01	   5.3509802184257449e-01	   5.6922783515976816e-01	   5.0387314458994015e-01	   3.6942110864913019e-01	   3.1652410131432679e-01	   5.7515022736000421e-01	   6.0689230128524985e-01	   5.8150412605888269e-01	   4.6338849769536539e-01	   3.2134132008842375e-01	   2.4124803954883156e-01	   7.9000510530932178e-01	   7.0814950583486524e-01	   7.5959292701455916e-01	   7.0617444233876048e-01	   4.8965626634997722e-01	   5.8178163309292863e-01	   3.6495262937112138e-01	   4.2736991151116399e-01	   3.4429539767066419e-01	   2.4204905954786207e-01	   3.5523665887808398e-01	   2.8702681950887610e-01	   1.8685544630479445e-01	   1.4523314694110007e-01	   5.2236776444827326e-01	   4.9141636905910296e-01	   4.8806087869292625e-01	   5.1985410446130609e-01	   6.2963480724627763e-01	   5.7797013330219937e-01	   6.4861417698038726e-01	   6.9697501928923766e-01	   6.3672095855881850e-01	   5.9039805590201466e-01	   7.0170001057149856e-01	   6.4032205076270943e-01	   5.5596320244911979e-01	   5.2325487171769236e-01	   5.3043677760394825e-01	   5.4571659373315851e-01	   3.6556137069786432e-01	   2.7104282172626309e-01	   5.5611245175051582e-01	   4.8746927909951210e-01	   5.3672538888481247e-01	   6.0855911366147397e-01	   5.8200668633221220e-01	   6.3777815732876764e-01	   5.3259850616990967e-01	   4.9113606737383836e-01	   3.8951762403114110e-01	   2.3215501741956865e-01	   4.0885208390324668e-01	   1.4001088316567872e-01	   2.8318785001371893e-01	   2.9946786569152889e-01	   4.6356827920891408e-01	   6.3391837298455278e-01	   4.1995607433505044e-01	   4.2126027595842663e-01	   1.4893289822971809e-01	  -7.4887686373739604e-02	
   3.9922659863370680e-01	   2.8689070378313564e-01	   7.7958481067537000e-01	   0.0000000000000000e+00	   4.8951409326582185e-01	   5.9881411253939887e-01	   7.3744224304278749e-01	   8.5665912191015159e-01	   6.8467456318309361e-01	   7.3519057771154406e-01	   3.5535091933695140e-01	   5.6373683860365831e-01	   5.5736057285308460e-01	   7.2337260882059429e-01	   6.8359505474553317e-01	   7.2210805805233846e-01	   1.7340527270635897e-01	   6.4921246143241143e-02	   5.2179869739437224e-01	   4.4744528798830407e-01	   2.0475974049357631e-01	   1.6371859835794003e-01	   7.8670349225736036e-01	   8.7717256413289280e-01	   6.7227028171222691e-01	   7.2927647422270669e-01	   6.1106721522245211e-01	   4.8389483695772822e-01	   3.3652870235734922e-01	   3.5506126966463336e-01	   6.8074327656374445e-01	   7.2628949769060624e-01	   4.5898332576133027e-01	   5.1114987411088242e-01	   4.4641739396713109e-01	   4.8720240677446047e-01	   3.9003493986150517e-01	   3.3732949029663961e-01	   4.4433576568905953e-01	   1.9889676233773873e-01	   4.4168450799674208e-01	   4.0145652275812094e-01	   5.2022245984035886e-01	   4.1572985792994854e-01	   4.2578404031871830e-01	   4.4734957140569565e-01	   3.3126662518555927e-01	   4.0545184300524006e-01	   4.9755735083621522e-01	   3.6438938345300143e-01	   4.1674912526080710e-01	   3.5617794478802034e-01	   4.1832899927257639e-01	   4.1989193039140771e-01	   4.1223730861318392e-01	   3.7040163521778652e-01	   1.5545820382193187e-01	   1.5577266528925598e-01	   4.1792438550596789e-01	   5.0514717216895477e-01	   4.5039542671006383e-01	   5.2971023547722629e-01	   1.4177725210171194e-01	   2.7187400969171488e-01	   6.1042121690334483e-01	   7.3619020987703010e-01	   4.9511444869016552e-01	   5.3890425628589866e-01	   2.5603395646559707e-01	   4.0991779257254424e-01	   4.3468797632767975e-01	   4.6284740821302633e-01	   3.0399627998575324e-01	   2.6619939368322210e-01	   2.8721338846608219e-01	   3.7409342513884553e-01	   2.5699989019558822e-01	   2.7968087207709291e-01	   3.5552501647449497e-01	   2.6389422892292475e-01	   3.1384432712692550e-01	   3.6463346307797995e-01	   4.5858742621043869e-01	   4.5185236472574480e-01	   4.3571229333239792e-01	   5.7781515667020633e-01	   4.3374193325638716e-01	   4.8776829620224266e-01	   4.9442521056631750e-01	   4.9494486103019819e-01	   6.2853491775869552e-01	   5.0886886031140754e-01	   6.6525448647100049e-01	   4.6530828070654684e-01	   3.0724543859346698e-01	   1.8413358438150845e-01	   3.7084974650900326e-01	   3.0313465094158837e-01	   5.0751933590028797e-01	   5.0906731845882514e-01	   6.8191141342396866e-01	   4.9190229695032273e-01	   5.2910389884800890e-01	   3.4015482413419279e-01	   3.7873196992586478e-01	   1.9309758819234035e-01	   5.4770781675473490e-01	   7.6718317386340967e-02	   2.2521003679305263e-01	   2.5038601027420027e-01	   2.3325454504636534e-01	   5.7795739583718642e-01	   5.1335182579794314e-01	   4.3744522771988059e-01	   2.4771704196239791e-01	  -2.4774053388422122e-02	
   4.6977877897629305e-01	   3.9632937008966546e-01	   7.2240388805845823e-01	   4.8951409326582185e-01	   0.0000000000000000e+00	   7.8712581065445586e-01	   6.2493905465329447e-01	   4.4419578200110943e-01	   7.8950842802709209e-01	   5.4457657611903920e-01	   4.8629130376418261e-01	   4.7486648565510942e-01	   6.2453767624816126e-01	   5.2257285133670550e-01	   7.8056408585016057e-01	   6.0503698705874420e-01	   4.2056357084962503e-01	   3.8000237451136459e-01	   4.8885314596674762e-01	   4.2362064483655493e-01	   6.0134234576296852e-01	   6.4297328509890028e-01	   7.3437671708141172e-01	   6.3873300887942519e-01	   7.3806791496153834e-01	   7.5462237871940863e-01	   7.1398749245377058e-01	   7.1660533018343031e-01	   6.1448096987129264e-01	   5.3515754664040194e-01	   6.9212234029163500e-01	   6.2976907490363110e-01	   6.8441539302785637e-01	   6.2210098828961136e-01	   6.7201218069361557e-01	   5.3014471062445756e-01	   4.3989851189150997e-01	   3.6780381025793862e-01	   6.2530228940363675e-01	   5.5688035321281237e-01	   3.8667235452571685e-01	   5.2232407315560248e-01	   5.8920328784987053e-01	   5.5787680529478023e-01	   6.1774748951797787e-01	   5.7675732616073239e-01	   6.0633995909096094e-01	   5.8808733997335905e-01	   4.8913244099951381e-01	   5.1738932382360492e-01	   5.8747659922777151e-01	   5.0765640881220753e-01	   5.5380848338698352e-01	   5.1350522021337175e-01	   6.0860914660796306e-01	   5.1419219449199072e-01	   3.8026498602259956e-01	   3.6819787384415337e-01	   6.3386901168985044e-01	   6.2176764622179481e-01	   5.5186711856012916e-01	   4.9564760820888953e-01	   3.3660435496281566e-01	   3.3227221056465683e-01	   6.7426817266581296e-01	   6.5980389630341452e-01	   7.7515171510104097e-01	   7.3952022665584205e-01	   5.1824905711062641e-01	   5.9709595898568046e-01	   1.4775114155264793e-01	   2.5998465016227129e-01	   4.4287514175801490e-01	   3.5188985188115229e-01	   3.7170592768870747e-01	   3.3599858464498744e-01	   1.4420034148375122e-01	   4.7997707751887837e-02	   5.1062222429168325e-01	   5.2835180784989122e-01	   5.4254074740129798e-01	   6.0521518641433825e-01	   7.0934809709054769e-01	   6.7498821751112215e-01	   6.8332884260427462e-01	   6.9658824218707838e-01	   6.9945589563754740e-01	   6.1334757389423256e-01	   6.1104443472225478e-01	   6.0890476463819621e-01	   4.5672449376244229e-01	   3.8787385319247447e-01	   3.9963388159897312e-01	   4.3816032738346689e-01	   4.1392809819702081e-01	   3.7787654162657625e-01	   6.6519565831736083e-01	   5.3520170654217680e-01	   5.3630411624208296e-01	   5.6402504643906137e-01	   5.2880244433897305e-01	   5.8484105858929936e-01	   5.0903052535373161e-01	   5.1170003824720678e-01	   3.5167828419623132e-01	   2.3690062112518404e-01	   2.4871136704200200e-01	   6.0349603655988196e-02	   3.2794495501315224e-01	   2.6638208553794995e-01	   5.1048605232685729e-01	   5.6885084348694881e-01	   3.0578631851801308e-01	   4.1707649359717247e-01	   1.2346948564887589e-01	   4.3639172837643736e-02	
   6.1487867229617688e-01	   5.3611384810012241e-01	   6.8010520540900898e-01	   5.9881411253939887e-01	   7.8712581065445586e-01	   0.0000000000000000e+00	   5.6538495660989685e-01	   6.0123893736864398e-01	   7.3453887808228990e-01	   7.1503340678114768e-01	   5.4100204944292174e-01	   6.4002156263565002e-01	   6.6390670116293149e-01	   6.8126000457326608e-01	   7.4694472754836627e-01	   7.0646775898226477e-01	   5.2765231199778251e-01	   4.9940357957261761e-01	   5.7403896009694044e-01	   5.0092384429835879e-01	   5.9474973276969156e-01	   6.2379134841790707e-01	   6.2167481157091287e-01	   6.3778915226158062e-01	   6.3423704540864723e-01	   7.4813551734875972e-01	   7.6462990818400334e-01	   8.2775834089024558e-01	   6.4218106034216604e-01	   5.7580450223920354e-01	   5.9312305459546422e-01	   6.0894719841606249e-01	   7.4139667850779967e-01	   7.2296005290609777e-01	   6.4654090715048662e-01	   5.9851134315411736e-01	   5.1228156218757837e-01	   4.5631769234911568e-01	   7.3141828282228138e-01	   6.7375342073599553e-01	   4.7638132650091147e-01	   5.8112612363878924e-01	   6.1870305425742744e-01	   5.7660593754821310e-01	   6.0979549846747672e-01	   5.9942827854221170e-01	   6.4701982493577437e-01	   6.4764710413468052e-01	   5.6229381522176425e-01	   5.5899263490250228e-01	   6.5907171244291196e-01	   5.5764416655829419e-01	   6.7543218300389141e-01	   6.1312300556401689e-01	   7.2368731981121703e-01	   6.5339705834693573e-01	   5.4848111682021883e-01	   5.2333003626645436e-01	   7.5825315330900922e-01	   7.8580635373750896e-01	   6.7897247110410652e-01	   6.9053755715055365e-01	   3.9737959547272528e-01	   4.4836769358235784e-01	   5.8096115236033807e-01	   8.3895554277979101e-01	   8.0964133212050815e-01	   8.4402301727242590e-01	   6.2109961566978644e-01	   7.3529622301578823e-01	   5.2414336759612712e-02	   1.6871553216561025e-01	   3.3829196614417645e-01	   2.7103346263107758e-01	   2.3740162365661216e-01	   2.7131097218537348e-01	   1.3303057483504240e-02	   1.7571063403841351e-02	   6.0151203881688398e-01	   6.1124627385806696e-01	   6.7565299171622328e-01	   7.1665750658003124e-01	   8.0768324042423179e-01	   8.3126573401365578e-01	   7.2939463971453766e-01	   7.6319030810876620e-01	   7.3138973903507443e-01	   7.4555256190135144e-01	   7.6558405417884301e-01	   7.6585658360926068e-01	   5.9992238965281808e-01	   4.2395197077702274e-01	   4.9494720648408219e-01	   3.5646440666644774e-01	   5.5982100736152129e-01	   4.3318468812511718e-01	   7.6488529641315961e-01	   6.4169705402356869e-01	   6.9975249817694740e-01	   7.0655087218828228e-01	   6.5687010837314208e-01	   5.9991933512568274e-01	   6.4005837431365897e-01	   5.8904952941931266e-01	   3.5939048281979663e-01	   2.0389459073080191e-01	   3.4417069397508104e-01	   9.2466308540536571e-02	   3.6209317257105267e-01	   4.2328641169401049e-01	   5.8536925244434490e-01	   6.5783922199977118e-01	   4.0484615675719560e-01	   3.8383796556798555e-01	   5.0308841204516369e-02	   5.3298487812239892e-02	
   4.7938257619176949e-01	   3.3328286255884071e-01	   8.5719092711367983e-01	   7.3744224304278749e-01	   6.2493905465329447e-01	   5.6538495660989685e-01	   0.0000000000000000e+00	   7.5451201574530069e-01	   8.0807840771435691e-01	   6.1523926100047899e-01	   6.6148953264925414e-01	   5.9149735065322728e-01	   7.5731643239314983e-01	   6.8060241433999691e-01	   7.1716204119777927e-01	   6.5664185897232596e-01	   3.6254730897470133e-01	   2.7506841549187394e-01	   6.6617743238710947e-01	   5.5993786674247714e-01	   3.8650004327114951e-01	   3.2889270784719965e-01	   7.3436108967863323e-01	   6.3971904530731638e-01	   6.5169537148677525e-01	   6.2813890293763341e-01	   5.9490730858087493e-01	   4.9534634366015684e-01	   5.7103695866728743e-01	   5.5913405374510883e-01	   7.2693206956922007e-01	   7.0255982900452407e-01	   6.1467461196360018e-01	   6.1502434318973931e-01	   3.7872110209853371e-01	   4.9012098245842856e-01	   4.5990912393438821e-01	   2.9728209228145352e-01	   4.8878354128184043e-01	   3.1650128401144229e-01	   4.5898390476700401e-01	   3.8672176930529922e-01	   6.9950504910675104e-01	   6.0481549437203652e-01	   6.3410135185177907e-01	   6.0087394288007900e-01	   4.8769419198618963e-01	   4.9388247573913380e-01	   5.4350387070416040e-01	   4.2568920226344142e-01	   4.3791302396277765e-01	   3.4707697893728623e-01	   4.2317858179795592e-01	   3.9768810053660059e-01	   4.3770464659956476e-01	   3.8931986373665561e-01	   2.5404814597921044e-01	   2.0235110862188668e-01	   5.0643822715891895e-01	   4.8203790275799130e-01	   6.3108581422130050e-01	   4.9492706697456512e-01	   4.6608156855368066e-01	   4.0156905686557948e-01	   6.1267280502707877e-01	   6.4104689242920432e-01	   6.3420975805588942e-01	   6.1464644968301363e-01	   3.4581986790028757e-01	   4.1928480289237818e-01	   5.2961977338032629e-01	   5.3701847144147929e-01	   5.2103669802692498e-01	   4.0401959972108759e-01	   4.8976903254876103e-01	   4.9342719806608715e-01	   3.4260598364738337e-01	   3.1732057136470426e-01	   4.7152111601141122e-01	   4.5133793831532926e-01	   4.1663711889215060e-01	   4.4866584749066662e-01	   4.9201080938100372e-01	   4.8686206678373234e-01	   4.5511781932641632e-01	   5.4065680852783227e-01	   4.3221370253180647e-01	   4.3551119834903063e-01	   5.3766251745421578e-01	   4.8239924285151081e-01	   5.2431202810805111e-01	   4.4908740106837092e-01	   5.0684308631027031e-01	   4.5854260955094706e-01	   2.3303968277642556e-01	   1.2649999760633598e-01	   4.0695646813927427e-01	   3.6781064861772728e-01	   4.6630258721710216e-01	   4.9954417306885224e-01	   5.3670213075283113e-01	   6.1265174410041201e-01	   4.8666730814847947e-01	   4.5616785985440012e-01	   4.1410946281199879e-01	   3.1054357220676665e-01	   3.7388933939250107e-01	   1.3721475284341458e-01	   2.3859021320200574e-01	   1.0414367453316435e-01	   2.8663910192326381e-01	   5.5654667492171161e-01	   4.0769995270283910e-01	   4.0832609865946579e-01	   2.4623706342866736e-01	   6.0753133414910260e-02	
   4.2679977868139685e-01	   3.9038919621241597e-01	   6.0768649838489952e-01	   8.5665912191015159e-01	   4.4419578200110943e-01	   6.0123893736864398e-01	   7.5451201574530069e-01	   0.0000000000000000e+00	   7.5332800388295207e-01	   8.3428239130257797e-01	   5.7922886074050917e-01	   7.6920770085606516e-01	   6.5396175154684677e-01	   8.4846037431850740e-01	   6.1880099884570994e-01	   8.0028245235566153e-01	   3.3368515130671328e-01	   2.6497564742887952e-01	   5.7245522605245847e-01	   5.7757511919275950e-01	   2.5981160955344196e-01	   2.3258603690877172e-01	   6.1126606187364296e-01	   6.8661717839627834e-01	   4.5665489147764426e-01	   5.4349250310335007e-01	   4.8639027139294827e-01	   4.1617279789736661e-01	   5.3430907750133372e-01	   6.0602465377102344e-01	   6.5767558201234677e-01	   7.3926504620427913e-01	   5.6085315052763396e-01	   6.6377655266280144e-01	   2.6577226558639011e-01	   4.3224184040954061e-01	   3.7008025982465498e-01	   3.5024874936797640e-01	   4.0200844642039291e-01	   2.7557594263288332e-01	   4.4959144313312394e-01	   4.2671041186479491e-01	   5.9818974641185618e-01	   5.3325419862039913e-01	   5.2635931932971647e-01	   5.8830187455910843e-01	   4.1137999291288563e-01	   4.5695414722851979e-01	   5.0488415758588412e-01	   3.8212444073257118e-01	   3.6437561546390473e-01	   3.1663222611145980e-01	   3.8509355619406099e-01	   3.6637845144143311e-01	   4.0859692914348433e-01	   3.8353733098861997e-01	   2.3857523580611259e-01	   2.4431771292739163e-01	   4.4443292826267422e-01	   5.0782191750683914e-01	   5.3736043706814030e-01	   7.1192110316171420e-01	   3.9768332464970346e-01	   5.6508274400293423e-01	   3.5492473224418575e-01	   7.1085273446678476e-01	   4.4506850033327860e-01	   5.4927658672061808e-01	   2.9671691483354479e-01	   4.2281326636084360e-01	   4.4268602548659830e-01	   4.6089223265444479e-01	   4.9432666470644326e-01	   4.7453343031018658e-01	   4.0774671299043952e-01	   5.2507468555119019e-01	   3.3664481834547128e-01	   3.8853519966275307e-01	   4.6391361837713202e-01	   4.1269286648414877e-01	   4.3519285879864489e-01	   4.6670716733770901e-01	   4.6796344093819958e-01	   5.2062871988356751e-01	   3.4259403184997306e-01	   5.1644811813013203e-01	   3.0954352816662289e-01	   4.0835882273062707e-01	   4.3481263780856605e-01	   4.7426282420573296e-01	   6.3573819294390088e-01	   4.1966828499493036e-01	   6.1098223183211398e-01	   3.3853094574904674e-01	   2.8441226038936646e-01	   1.9387871975917026e-01	   3.8320462440985043e-01	   3.2875466503392697e-01	   5.4888316892433298e-01	   4.9645434150326612e-01	   6.9385782105423899e-01	   4.7994569236384232e-01	   5.9086110504660727e-01	   3.8584378804564545e-01	   4.0099836374316383e-01	   2.5213943952766343e-01	   5.2665949159840342e-01	   9.5353594876368866e-02	   2.2196820436382420e-01	   1.8861823627809787e-01	   2.2680221172292209e-01	   5.5816714109818766e-01	   4.8175369573304916e-01	   4.4287237553073888e-01	   2.8912084691382811e-01	   7.5054866270645004e-02	
   4.6032680154705735e-01	   3.3727155105313122e-01	   7.4300210642681941e-01	   6.8467456318309361e-01	   7.8950842802709209e-01	   7.3453887808228990e-01	   8.0807840771435691e-01	   7.5332800388295207e-01	   0.0000000000000000e+00	   8.1740579545961178e-01	   6.2073295655877136e-01	   6.4229614807952928e-01	   7.3378221150152023e-01	   7.4077187337546013e-01	   8.1063563514867476e-01	   7.8336301264316299e-01	   3.3921807134310383e-01	   2.8355499127159578e-01	   5.5482806565463605e-01	   5.0200976476626791e-01	   4.2891123170674539e-01	   4.2698672351695927e-01	   7.3549986380733967e-01	   6.8544408664003620e-01	   6.3272309339348243e-01	   6.5427032589055067e-01	   5.8131531099365807e-01	   5.3276805556348739e-01	   5.9187166193469110e-01	   5.7135146135415171e-01	   7.2261880021048452e-01	   7.3591830590957541e-01	   6.1072413384742985e-01	   6.1495388303433574e-01	   4.4594396200719999e-01	   4.9909645693881460e-01	   5.1306808930879877e-01	   4.3664928911711731e-01	   5.3390531219734128e-01	   3.7016560127308817e-01	   4.7234512108979099e-01	   4.5772305234575655e-01	   7.4233084376940506e-01	   6.3207343874479505e-01	   6.6475321560117062e-01	   6.7286682706368661e-01	   5.5270596180718867e-01	   5.7026163597753643e-01	   6.5452600874740097e-01	   5.3847094498122672e-01	   4.9852507948754143e-01	   4.5859859289702903e-01	   5.2338962654671262e-01	   4.9328485122320120e-01	   5.1860533575268497e-01	   4.3661688825890921e-01	   2.8975987540739861e-01	   2.4279141632789986e-01	   5.9381465232765041e-01	   5.8197080074927121e-01	   6.7717554952663350e-01	   6.1242992469818391e-01	   3.8020287001427561e-01	   4.1484799907155501e-01	   5.6105761933885834e-01	   6.9540856552776531e-01	   6.4855646931786559e-01	   6.4672734955341760e-01	   4.1518091079559866e-01	   5.1108106809265275e-01	   4.2446289299535506e-01	   4.7694470739306827e-01	   5.1883507001766938e-01	   4.2767525687894548e-01	   4.6749182941920586e-01	   4.3145668105229612e-01	   2.8776242447528760e-01	   2.5780124808928978e-01	   4.6355513113721242e-01	   4.5576599154609654e-01	   4.6016016766846324e-01	   4.6427145826413935e-01	   6.1174824118215643e-01	   6.0905168422375822e-01	   4.5284515188445829e-01	   5.0711313059666230e-01	   5.0562657097475627e-01	   5.0834293145226384e-01	   5.6577059011355468e-01	   5.3544889438363996e-01	   6.8183068395951940e-01	   5.5055306134431814e-01	   6.0319096804013284e-01	   4.9546373967785995e-01	   4.0299220753881604e-01	   2.9305665945163123e-01	   5.0770814963010613e-01	   4.4486792355342791e-01	   5.8908851971485576e-01	   6.2642291757720503e-01	   6.6331271206981679e-01	   6.1991537220704707e-01	   5.6088126586356069e-01	   5.0692555955305008e-01	   3.8284296491877878e-01	   2.0897525126486874e-01	   4.5211035273019773e-01	   8.9936640729484860e-02	   2.9554164019988793e-01	   2.7020378748679236e-01	   3.7068756163065264e-01	   6.6761897848813134e-01	   5.0031621181474017e-01	   4.8613495987028954e-01	   2.2699164901640867e-01	   1.1790069454425131e-01	
   4.5739224711557969e-01	   3.5040500461656160e-01	   5.9261798639463525e-01	   7.3519057771154406e-01	   5.4457657611903920e-01	   7.1503340678114768e-01	   6.1523926100047899e-01	   8.3428239130257797e-01	   8.1740579545961178e-01	   0.0000000000000000e+00	   4.8756430617161706e-01	   6.8953793367801686e-01	   6.3743061998204276e-01	   8.0500636048788210e-01	   7.3465594538380574e-01	   8.5289020242512659e-01	   2.8998184258269721e-01	   2.4397148822290493e-01	   4.8898711241702519e-01	   4.3779978820821008e-01	   3.2491628082448620e-01	   3.1112858368003921e-01	   6.5419678924969205e-01	   7.1671714486257987e-01	   5.0845055406047079e-01	   5.6394682759605952e-01	   5.4412074998286086e-01	   4.3471676264039760e-01	   4.8888050528253590e-01	   4.8362080491090509e-01	   5.7393356067640378e-01	   6.7494570679054711e-01	   5.0117649290150501e-01	   5.5166459407768431e-01	   3.6459246449784410e-01	   4.4326544690139769e-01	   5.2928298222641423e-01	   4.4910680263962099e-01	   4.8014897414777291e-01	   3.1662038810351623e-01	   5.0856575906373336e-01	   5.0373126835175164e-01	   5.7053576594694233e-01	   4.7893889386258581e-01	   5.2323610527731423e-01	   5.5851725632761107e-01	   3.8503379259959036e-01	   4.4621461292142850e-01	   4.8203652492350102e-01	   3.7618049226037814e-01	   3.0857452187237389e-01	   2.7538979143562220e-01	   3.7643828448723188e-01	   3.9221443360663344e-01	   3.9079108615849223e-01	   3.6604492871313621e-01	   3.0269282663254832e-01	   2.7345794878370422e-01	   4.5352540832010324e-01	   5.3993985926020938e-01	   5.3316622279605475e-01	   6.8775666573192251e-01	   2.5280238470872984e-01	   3.9867585326008848e-01	   4.4660781266221550e-01	   7.2077559595804308e-01	   5.0915481720215694e-01	   5.6287718226003669e-01	   3.8788269881152138e-01	   5.4909040432101075e-01	   3.5056563744874836e-01	   4.3671153398504337e-01	   3.7904108327252378e-01	   3.8491137611349507e-01	   3.6352965053537095e-01	   3.7367374192822078e-01	   2.3269942786016296e-01	   2.5286848799399503e-01	   4.3610433216995059e-01	   4.0944295859788638e-01	   4.4724598411929350e-01	   4.2804996048155808e-01	   6.0222362672705920e-01	   5.9868594227818961e-01	   3.9691474346768069e-01	   4.6309736445739696e-01	   4.3688451332043210e-01	   4.4573915948982384e-01	   5.0610471026249915e-01	   5.1759474574290643e-01	   7.3454938639401302e-01	   6.1400731188728774e-01	   7.2106558809451204e-01	   5.3601433651521291e-01	   4.5040077345413215e-01	   4.0957101609080282e-01	   4.4555040224183584e-01	   4.0224916888260154e-01	   5.6339658282334404e-01	   5.9749454555024251e-01	   7.7304129253651022e-01	   6.1592071445361796e-01	   6.3426723679520192e-01	   5.1285844879499476e-01	   4.2495025127094010e-01	   2.6198883759706082e-01	   5.8337933617254811e-01	   1.4073285199674432e-01	   2.7026822173565651e-01	   4.1084029610306128e-01	   3.4984487979806922e-01	   6.8819077380142912e-01	   5.9628796195998679e-01	   5.2469275902657164e-01	   3.1376906541111982e-01	   1.7213147177152444e-01	
   7.3887385231862224e-01	   7.0416989395954532e-01	   5.2593315127149909e-01	   3.5535091933695140e-01	   4.8629130376418261e-01	   5.4100204944292174e-01	   6.6148953264925414e-01	   5.7922886074050917e-01	   6.2073295655877136e-01	   4.8756430617161706e-01	   0.0000000000000000e+00	   8.2372712611193721e-01	   8.7001857582254927e-01	   7.2808488365734736e-01	   6.2085025836237029e-01	   6.7427521813338398e-01	   7.5537918259663450e-01	   6.9755987824432020e-01	   7.9197062346664626e-01	   7.8729916088298446e-01	   4.2664420197468372e-01	   4.6015319050149550e-01	   3.7527602712806973e-01	   2.8379194349492853e-01	   2.9191482483302367e-01	   3.4001986934856904e-01	   5.1865328336675520e-01	   5.0737589984352749e-01	   8.1152520436761366e-01	   8.0518360467609018e-01	   4.9174093538624181e-01	   4.2430911711005820e-01	   7.1833375896746243e-01	   6.6887418541309795e-01	   1.4545596381559053e-01	   1.9823685136645897e-01	   4.0980212541205330e-01	   2.4855098205181053e-01	   5.1747032459968467e-01	   5.8463773712527978e-01	   4.2454071411780614e-01	   3.5323975835557975e-01	   5.8454005049650226e-01	   6.0494072960801670e-01	   4.9349990587037112e-01	   5.2694522016292378e-01	   6.3112876963731646e-01	   5.9371698423167185e-01	   3.4046306904811208e-01	   3.6194951668606212e-01	   5.0071377389662586e-01	   3.9266317007673973e-01	   5.1272242318215755e-01	   4.9339406891948617e-01	   5.8875008848680810e-01	   5.7600570693848341e-01	   6.6219372564446077e-01	   6.2023345940146613e-01	   6.5064135943734447e-01	   6.1095518922450587e-01	   8.0371384593323270e-01	   6.5039080266195315e-01	   8.4122139074028957e-01	   7.5073141266938470e-01	   2.5000265924911558e-01	   5.1727048536718456e-01	   5.2350925720368524e-01	   5.6270082052197945e-01	   6.4129028266524213e-01	   6.0477541157732440e-01	   7.6355895214490405e-02	   1.4059476085705269e-01	   4.7760298868718232e-01	   3.4902226131790226e-01	   3.6979028749837295e-01	   3.7625525758579004e-01	   3.3348243744669125e-03	  -4.1156268232792795e-02	   7.4102004879514605e-01	   7.4735468399423133e-01	   7.4284675703014191e-01	   7.0493390414839918e-01	   5.9780610484287988e-01	   6.6112314162409958e-01	   5.6024917837682964e-01	   5.8656303366640972e-01	   4.2278209321307447e-01	   4.5637331153231969e-01	   6.0903695501575594e-01	   6.3588360195046167e-01	   3.1155065510589897e-01	   1.4995160685402573e-01	   1.6695542292275756e-01	   9.1413644251984130e-02	   1.8458584425175667e-01	   1.2483298663239881e-01	   5.6372708283494499e-01	   5.4206786093999404e-01	   5.0365204253601237e-01	   5.0329670441217855e-01	   3.6467926394847272e-01	   4.2443746997664389e-01	   4.2369068166103530e-01	   4.5638103878209529e-01	   1.3479885239988687e-01	   6.8838730322334868e-02	   1.7166418872328898e-01	   1.0616180218117702e-01	   8.3430443093375953e-02	   2.7843685012007891e-02	   3.7352019850728557e-01	   3.6444394129976493e-01	   1.3025058714044094e-01	   2.0513824645006015e-01	  -1.9251367130802811e-02	  -3.0553386274793246e-02	
   7.0467063412243180e-01	   7.1988265285625841e-01	   5.2309906775170822e-01	   5.6373683860365831e-01	   4.7486648565510942e-01	   6.4002156263565002e-01	   5.9149735065322728e-01	   7.6920770085606516e-01	   6.4229614807952928e-01	   6.8953793367801686e-01	   8.2372712611193721e-01	   0.0000000000000000e+00	   8.0418505923600514e-01	   9.0593982654766458e-01	   6.4135506386695607e-01	   8.0293841920704700e-01	   6.8167372400704007e-01	   6.2717421424308406e-01	   7.1867914325457449e-01	   7.2245091047078436e-01	   3.8713919142680941e-01	   3.9541727542925431e-01	   4.7204017388786101e-01	   4.9190264314972837e-01	   3.4414965406672082e-01	   4.4085154726251968e-01	   5.4969830702896438e-01	   4.9154920034477545e-01	   7.6194991395417488e-01	   7.9587499097694958e-01	   5.4911064146940625e-01	   5.5425772254102190e-01	   6.9342803945384968e-01	   7.0783759763581611e-01	   2.3991996086636705e-01	   2.4117969999304315e-01	   4.1192346381983158e-01	   3.1640500554890455e-01	   5.4097440985213119e-01	   5.8533658421327561e-01	   4.3472399226067088e-01	   4.5303179879806116e-01	   5.8096333146860191e-01	   6.1707830626774063e-01	   5.0264007435750602e-01	   5.9477078722987087e-01	   6.5017546047957875e-01	   6.6842719355408398e-01	   4.5842658401964270e-01	   4.7563281976896837e-01	   5.6051028103178491e-01	   4.9559376522708742e-01	   5.7596442872574216e-01	   5.8388644687673186e-01	   6.3259158062780618e-01	   6.2900345401095559e-01	   6.0281610312069711e-01	   6.0611900167398880e-01	   6.6481691698277079e-01	   6.9740458158729512e-01	   7.4646665886600672e-01	   8.4559731141334571e-01	   6.6783618793981958e-01	   7.8559821133183871e-01	   2.9244860693674901e-01	   6.9393877211643740e-01	   5.0191357401498082e-01	   5.9816297788640749e-01	   5.9668107209493293e-01	   6.3433766950847126e-01	   1.5652534126475703e-01	   1.8708436734963546e-01	   4.5121210007467749e-01	   4.0466902177923153e-01	   3.4109087199381893e-01	   3.9695322046819870e-01	   4.8636031291404466e-02	   5.7013725377762420e-02	   7.3574334199097113e-01	   7.0186499990402240e-01	   7.3320926256402552e-01	   7.2837098358291397e-01	   6.1992707918654322e-01	   7.0117889065433681e-01	   5.5732302181963200e-01	   6.5022811912887057e-01	   4.3702695902914118e-01	   5.1553882562986342e-01	   6.0193826260536265e-01	   7.0648214380980789e-01	   4.8243847830894743e-01	   2.0901692675914335e-01	   3.0231111538970745e-01	   9.7810858690615662e-02	   2.7872422384390760e-01	   2.4892500527972700e-01	   6.0743793579815075e-01	   5.8626862230041854e-01	   6.3640315057128916e-01	   5.9656075816827880e-01	   5.3262676090017202e-01	   3.7235554838447815e-01	   5.5155330744878039e-01	   4.0093216937455051e-01	   2.0381294182701076e-01	   3.9383474441439102e-02	   3.3426294046029792e-01	   7.7403577120004494e-02	   1.1700191184699429e-01	   1.1116602376877223e-01	   3.9407223499715710e-01	   4.4018433077172348e-01	   2.3442830829003708e-01	   2.4323418448129597e-01	  -9.7531256345096198e-03	  -2.9175140294662207e-02	
   7.7793068635185025e-01	   6.9741990765766326e-01	   7.0056255888785124e-01	   5.5736057285308460e-01	   6.2453767624816126e-01	   6.6390670116293149e-01	   7.5731643239314983e-01	   6.5396175154684677e-01	   7.3378221150152023e-01	   6.3743061998204276e-01	   8.7001857582254927e-01	   8.0418505923600514e-01	   0.0000000000000000e+00	   8.3200503987468277e-01	   8.3671037569091811e-01	   7.9897715388080781e-01	   7.1658928830617930e-01	   6.3811404692531559e-01	   7.8939509920476980e-01	   7.2792504550592618e-01	   4.4368408943194299e-01	   4.5258607061036266e-01	   6.2208952736127543e-01	   5.4876702306965064e-01	   5.0258333821332413e-01	   5.3708665989612503e-01	   6.4900415515158760e-01	   5.8378796467746252e-01	   8.1190381223819919e-01	   7.5255790215047980e-01	   5.8238105869425838e-01	   5.3746171131966680e-01	   7.3162777018880853e-01	   6.4806286268091451e-01	   3.3858197795152123e-01	   2.5318138648237298e-01	   5.1124466226251797e-01	   3.2813163770179765e-01	   6.1948367352176392e-01	   6.0032523858009534e-01	   5.4509616127068761e-01	   4.4193632958448498e-01	   6.5513958017024332e-01	   6.5288313449161617e-01	   5.3996714036449700e-01	   5.7896013484008080e-01	   7.0806452679369070e-01	   6.9693088259494829e-01	   4.7953420979856387e-01	   4.9313382347788415e-01	   6.4173066926534106e-01	   5.4071738591734175e-01	   6.6780150266256300e-01	   6.6101757338786871e-01	   6.9364944179342158e-01	   6.6075688295888224e-01	   6.5359311341588167e-01	   6.2774056391620348e-01	   7.3434808853533917e-01	   7.4138342068218055e-01	   8.2101033917669441e-01	   7.0089241400727553e-01	   6.5639567926186748e-01	   6.3229766773106977e-01	   5.1556268190856225e-01	   6.9270317750036758e-01	   6.3478569260839923e-01	   6.5183931272341733e-01	   6.9696312991964848e-01	   7.0603053514589376e-01	   1.6042658767241685e-01	   1.5954867777142601e-01	   4.3658429690112288e-01	   3.0795699565532630e-01	   3.3758322108545680e-01	   3.2899198529376300e-01	  -4.9444446783657094e-02	  -9.8687981017744730e-02	   7.6343799766909970e-01	   7.3686681918426056e-01	   7.6314028855176175e-01	   7.4942122823947521e-01	   7.5091153945666478e-01	   7.7081339557229089e-01	   7.0770297869517629e-01	   7.1037755899434862e-01	   6.2538722431432625e-01	   6.1884128151384488e-01	   7.2542255397027111e-01	   7.5924967890638939e-01	   4.7393344341376842e-01	   3.0909296232492101e-01	   2.8936364863292563e-01	   2.7623067477072405e-01	   3.3568762714120048e-01	   2.1867896662262165e-01	   6.7329067748091354e-01	   6.1463282723828649e-01	   6.4622969923892926e-01	   6.4065745915100181e-01	   4.4439431968163257e-01	   5.1478630328387420e-01	   4.8059679873963213e-01	   5.1993447063226639e-01	   1.9679695349866783e-01	   6.4510908030638331e-02	   1.9190714287265126e-01	   8.3043706066766254e-02	   8.9449190995532279e-02	   8.6646135552957040e-02	   4.3316758819442164e-01	   5.2502934251491173e-01	   2.4152883350506738e-01	   2.7298674957392877e-01	  -1.0017291360511601e-02	  -9.6653495708546783e-02	
