   0.0000000000000000e+00	   6.4997249501623311e-01	   4.6604364509576207e-01	   4.8799962503995592e-01	   4.9470635879102287e-01	   3.7265270855938848e-01	   4.8139016386711364e-01	   3.8979073278100140e-01	   5.1366653203800550e-01	   2.7257917868557080e-01	   6.6935741346441657e-01	   3.8754551503523593e-01	   6.5339839218365925e-01	   2.7518157346027905e-01	   6.7735349729021044e-01	   6.2442335895488865e-01	   5.9792820553830484e-01	   2.0028248711130431e-01	   7.1732196063901521e-01	   6.9016181783547836e-01	   1.8622970298488822e-01	   2.6474198007384442e-01	   5.0710985021903843e-01	   4.7257556137845053e-01	   3.8635184159396696e-01	   3.4930106713982950e-01	   5.3974980765177238e-01	   5.5765482756096441e-01	   5.5382044690904741e-01	   4.4679210693521898e-01	   1.9601784523943386e-01	   3.4857833999840526e-01	   5.6527187465164463e-01	   4.9307848206095639e-01	   2.2160916111949347e-01	   2.2985038799757720e-01	   3.6918626983633418e-01	   2.0159273090524027e-01	   5.2624240658310495e-01	   1.9987197516940114e-01	   4.5456027707158109e-01	   2.6664639089192388e-01	   4.4384406524197911e-01	   3.6857594484578027e-01	   4.2799151106255279e-01	   4.3015999791651471e-01	   4.1107190314025477e-01	   3.0285295660169381e-01	   4.2028884633514074e-01	   4.5777346687145204e-01	   4.8598644421906367e-01	   5.6932971400622623e-01	   4.4516815245089913e-01	   5.4762559342474204e-01	   5.5924961663967243e-01	   5.5231649759537904e-01	   7.2720811041346534e-01	   5.6504375342310609e-01	   5.0780819157131574e-01	   4.7991942829082052e-01	   1.6113499004130788e-01	   2.6032679188047353e-01	   3.3844908873733431e-01	   5.0248994486123000e-01	   1.2744654397991129e-01	   2.9156958039430747e-01	   3.7370297472881742e-01	   3.4947843200301004e-01	   5.6692462961426693e-01	   5.0382104589615240e-01	   2.2686435099986618e-01	   4.0197853239275116e-01	   3.3119365083939956e-01	   4.0705141629015729e-01	   3.1445956787364571e-01	   2.8955196005942846e-01	   6.1934090292605504e-01	   3.5224181708444036e-01	   4.2542468884596130e-01	   3.2318499615010948e-01	   7.0350342090634732e-01	   4.7472381377937456e-01	   6.4284794878938722e-01	   6.4309764194838459e-01	   7.0741091734265504e-01	   5.4224084994618638e-01	   5.7284436872079891e-01	   4.8328121230743887e-01	   6.9918519314059335e-01	   6.9525587631078922e-01	   3.7786305322547398e-01	   4.5360681370206679e-01	   3.8010172939813869e-01	   5.3890771481705357e-01	   7.3636548380072928e-02	  -1.1731451882875072e-02	   2.7428004381106474e-01	   1.5802671843205138e-01	   5.6727797293841598e-01	   5.1453283495421920e-01	   3.7394923373357136e-01	   5.3087001844013160e-01	   5.4065111326332460e-01	   5.3278304217784722e-01	   3.4615968142072640e-01	   3.4195741811839059e-01	   4.1946668053785469e-01	   2.1065932355049083e-01	  -1.7151513988928526e-03	  -1.9789258531665885e-02	   8.3203178835596914e-02	   4.9618462739253022e-01	   4.1940263062165245e-01	   4.1067127929789171e-01	   2.7947255250990588e-01	  -3.4200150851539907e-02	
   6.4997249501623311e-01	   0.0000000000000000e+00	   4.3218748755100200e-01	   4.1884162028606869e-01	   3.1134576561361699e-01	   1.1658908756156600e-01	   2.0770208349919200e-01	   3.2848780937070704e-01	   2.7082098680179034e-01	   1.1642447583350116e-01	   2.8199196996402759e-01	   6.1938961443090867e-01	   2.2140448491247272e-01	   2.2908050524370366e-01	   4.7100323337479783e-01	   5.7083475403260486e-01	   6.0110917455988988e-01	   5.5134238216153775e-01	   6.9281440846959208e-01	   7.2132465374427135e-01	   1.2140946284160534e-01	   1.7698862194321774e-01	   4.8554857391409489e-01	   4.8294075963674044e-01	   2.9536380812840296e-01	   2.1226268929009301e-01	   5.0250262749035646e-01	   5.3827944412156425e-01	   5.4936696305411958e-01	   5.9353899176917313e-01	   6.9587104363701385e-02	   2.1625815537517729e-01	   5.0235592230058146e-01	   3.9652630799229449e-01	   1.9179579548423717e-01	   7.9468361042113578e-02	   3.8813688438913119e-01	   3.4573211683988782e-02	   3.5121188725466390e-01	   8.6991515997278210e-02	   3.5062285073133309e-01	   2.4441714549040541e-01	   3.4766930012176306e-01	   3.6686702663280912e-01	   4.3178300829500715e-01	   2.9794670075185514e-01	   3.3722397901819995e-01	   2.4849622081730505e-01	   3.2510675780186321e-01	   2.5068732182954290e-01	   2.6211898002977041e-01	   1.8844775203304537e-01	   1.9210349371942803e-01	   4.4274603756145514e-01	   3.4181459732770059e-01	   3.4701943735445612e-01	   8.0086826569544600e-01	   7.8842354773545431e-01	   2.7721151255091231e-01	   2.1237824143043163e-01	   2.4398108129821411e-01	   1.1041015775198589e-02	   5.4562511418108228e-01	   3.4286155810358254e-01	   2.0450847716110951e-01	  -2.3854686912142441e-02	   1.6567885477146693e-01	   1.8460619208529899e-01	   5.6083341927953356e-01	   6.3295708281200425e-01	   1.1793720511872990e-01	   3.2078451348718651e-01	   2.2351090881369753e-01	   3.9169498366713040e-01	   5.3795690898095827e-02	   2.9592043643127919e-01	   4.0624812408092925e-01	   3.6901726235730420e-01	   3.8561801335681845e-01	   5.2742612531552469e-01	   6.2249984199042430e-01	   3.9021923145803972e-01	   5.6939024300552610e-01	   5.8138004479745553e-01	   5.8556558983873241e-01	   2.1158585548524034e-01	   5.1677093512314598e-01	   5.0224758794634705e-01	   4.7328123940898281e-01	   4.6046850004995876e-01	   1.8129344729448638e-01	   3.6604936008694400e-01	   2.6073678054963445e-01	   3.6136923165197948e-01	   2.5541444585349860e-01	   1.8278844768127853e-01	   3.1711909103088659e-01	   1.8572409554058483e-01	   4.5259968708199833e-01	   5.6685298952652619e-01	   1.7516999341649936e-01	   3.2707300507237480e-01	   4.0465497348396928e-01	   5.0241112244065267e-01	   2.0364874342019723e-01	   3.7133980596200833e-01	   2.9032409015134764e-01	  -3.2148597446846991e-02	   2.3247290157695610e-01	   2.0068629296831419e-01	   2.7506557163528789e-01	   4.6527179256745732e-01	   4.5945684698017353e-01	   4.8042976316790964e-01	   2.2999263399033576e-01	   1.8653146568460116e-01	
   4.6604364509576207e-01	   4.3218748755100200e-01	   0.0000000000000000e+00	   6.8457076625865831e-01	   7.4131649182955184e-01	   5.0697066045897687e-01	   8.0064457023206836e-01	   5.9379728927949182e-01	   7.2027438499280327e-01	   4.5692076634331968e-01	   3.6272500000748675e-01	   4.9991786997812970e-01	   5.6967871536100712e-01	   4.6804530764087465e-01	   7.0149087754695216e-01	   5.8577552119675391e-01	   3.4168711804417584e-01	   8.6032579096102083e-02	   6.5148071258646811e-01	   6.1972527384973952e-01	   2.2333913606828038e-01	   2.6657958570992124e-01	   8.5324925713161215e-01	   7.3586394984308368e-01	   6.4454239421472881e-01	   6.0200332927854350e-01	   4.0215158917178279e-01	   3.8563325321630987e-01	   5.2026563558285921e-01	   3.1003092925596465e-01	   5.7189866173092263e-01	   6.0846157254619415e-01	   7.7156256046417837e-01	   7.2310227753360601e-01	   5.7310047828208910e-01	   5.4073552044785633e-01	   9.7681381581302615e-02	   1.3542001239742607e-01	   4.2164075030051151e-01	   2.3148183124266380e-01	   3.6007460638173444e-01	   1.6379321436973029e-01	   4.8182593585873501e-01	   3.6707041915138605e-01	   5.0967076540751011e-01	   4.0037477566047053e-01	   3.7723537926315975e-01	   3.3448412477156403e-01	   4.4389367690093451e-01	   4.4602468301053144e-01	   4.5747280667388013e-01	   3.9622215778565811e-01	   5.0205453449670556e-01	   6.5740463352548817e-01	   5.0232060153444036e-01	   4.9715403331000063e-01	   4.2761134708365817e-01	   4.0609793116087001e-01	   5.6053157525942576e-01	   5.1174540237047150e-01	   6.0747306001047896e-01	   4.2977750714943469e-01	   4.5441980876161170e-01	   4.4097522417016211e-01	   6.9378234545355999e-01	   5.8259597690800091e-01	   6.2874130873634804e-01	   6.2502430541930365e-01	   5.5147921751542017e-01	   4.9077052822799522e-01	   5.9818597229077253e-01	   5.5812896344410778e-01	   5.9676783843324721e-01	   6.4650776672236177e-01	   4.4934753062820965e-01	   6.1738582465639935e-01	   6.1904650741772094e-01	   4.2728926461428329e-01	   3.1161439727738266e-01	   2.1079020283041344e-01	   4.2397346923236062e-01	   2.6994678552328444e-01	   5.2646359305453050e-01	   5.0346133625264977e-01	   5.5542437913901055e-01	   4.7245529013634946e-01	   5.3112927344899374e-01	   5.6011405703477268e-01	   4.6315292485236248e-01	   5.3664683379629829e-01	   2.8309045433777635e-01	   5.0063894040765544e-01	   3.9503965873439884e-01	   6.1061044004622700e-01	   1.9528605193869475e-01	   2.3041549623244234e-01	   2.7840994482645731e-01	   3.3060449740103393e-01	   4.5985520141513825e-01	   5.8912596494281133e-01	   3.0171431124163411e-01	   5.9931110807734012e-01	   2.8623202530549297e-01	   4.1188479004545619e-01	   3.4559905305785998e-01	   3.5959608632248868e-01	   3.8930390329802422e-01	   1.5096810871309005e-01	   2.4520609956797484e-01	   1.8676444960078614e-01	   1.9134708242302259e-01	   2.9849098854972161e-01	   3.2837185875055019e-01	   3.9805675572153199e-01	   4.2612430504468291e-01	   5.0191527604290714e-02	
   4.8799962503995592e-01	   4.1884162028606869e-01	   6.8457076625865831e-01	   0.0000000000000000e+00	   7.7081956357607118e-01	   7.5190153718075481e-01	   6.9607980345001041e-01	   8.4690403250941082e-01	   6.7482240041193686e-01	   7.4849470241553140e-01	   2.4355674585925882e-01	   5.1846853205803878e-01	   4.9393998057296584e-01	   6.4870992123919291e-01	   4.9694284798298155e-01	   6.6737936059926040e-01	   4.5368477745573671e-01	   1.7075195997127710e-01	   6.1784308171651636e-01	   6.3927686590499566e-01	   3.5290943710157563e-01	   3.8568407373043190e-01	   6.4894892522859104e-01	   8.5598605809880113e-01	   5.3884758499612062e-01	   7.2984228706317866e-01	   2.5369771074461256e-01	   3.9538858048362313e-01	   6.0772119991383489e-01	   5.3702749787793158e-01	   6.7173029599547740e-01	   8.3383111444016111e-01	   7.4352820106685791e-01	   8.5263752532195702e-01	   5.3899885800504410e-01	   7.0140390133765718e-01	   1.4721944910635043e-01	   9.8318961640476987e-02	   5.0402394532016559e-01	   2.8483819393285970e-01	   2.1941426715702883e-01	   1.5976601022574757e-01	   5.7704056486309518e-01	   4.6706765909800091e-01	   4.7762978876693774e-01	   4.9699434901000128e-01	   4.4601106086628195e-01	   4.6682181039626025e-01	   3.3515680664347586e-01	   4.6008835801592590e-01	   4.7509564346212346e-01	   4.9976688803714053e-01	   5.8881648056432057e-01	   6.5798295003136986e-01	   5.1142990534755350e-01	   4.6821165594921427e-01	   5.5742471931331128e-01	   4.7076584936354871e-01	   4.4274051317813701e-01	   6.1735053174259225e-01	   5.1226984534603082e-01	   6.6317830612155770e-01	   4.5660680730293679e-01	   5.6192643480987126e-01	   4.6742054597309157e-01	   7.9871461603640659e-01	   6.6823435001330522e-01	   7.8553789633794813e-01	   4.8785810354808429e-01	   5.1195160257585437e-01	   6.2481103294248608e-01	   6.6053953049637770e-01	   7.0778410049266616e-01	   6.6742142418916772e-01	   5.4647678910326347e-01	   5.2310350251217008e-01	   5.7822821056721851e-01	   5.8513854184133351e-01	   4.9478909596770715e-01	   3.5809592974435978e-01	   5.3531916401688517e-01	   4.0305587152464406e-01	   4.3107918277317259e-01	   5.4615711567183856e-01	   4.9192774160635905e-01	   5.9013632764364465e-01	   3.6430857585699500e-01	   5.4988265177023776e-01	   3.9137715017144370e-01	   6.6519659312270174e-01	   6.4425029050276428e-01	   5.6837715914160725e-01	   7.6941971642302520e-01	   5.4208524178694262e-01	   4.8856186833030682e-02	   1.0003761232906022e-01	   4.3452687148768249e-01	   3.2478520483666340e-01	   6.5479260001944151e-01	   5.9582069196297527e-01	   6.2792459543062085e-01	   6.2120601208128068e-01	   5.7501303115827584e-01	   5.1756548912630151e-01	   5.7436997771034493e-01	   2.7984621073189686e-01	   5.4762472566650411e-01	   3.6979908211910251e-01	   3.5811082951901420e-02	   1.2736677798098148e-01	   2.9946458214348148e-01	   4.9409942946845387e-01	   5.3136136376589327e-01	   5.2367823848610451e-01	   4.8454406474671119e-01	  -1.3913007327701910e-01	
   4.9470635879102287e-01	   3.1134576561361699e-01	   7.4131649182955184e-01	   7.7081956357607118e-01	   0.0000000000000000e+00	   7.6869317176142582e-01	   8.3883729605916413e-01	   7.2228147868875214e-01	   8.6942984396800971e-01	   6.9785904070725491e-01	   4.3471006622229080e-01	   4.4457755565446333e-01	   6.8440580224686176e-01	   6.1618188070103108e-01	   5.7062200155111975e-01	   5.7092608697188951e-01	   4.1606839302441295e-01	   5.2024144354742438e-02	   5.9523023833956890e-01	   5.7689199696523230e-01	   1.5088517465495410e-01	   2.9132663308585327e-01	   6.5259356503455579e-01	   6.9392192271590214e-01	   4.8850057007240644e-01	   5.8738573104261094e-01	   2.5783701107908580e-01	   3.7194861805044166e-01	   5.7875580307971664e-01	   3.9433743371733904e-01	   6.1161126194517701e-01	   7.0513455771764799e-01	   7.9261526860561471e-01	   8.2311761123328053e-01	   5.0993042136312983e-01	   6.3088197695185122e-01	   1.5392607268000794e-01	   1.9713840924397275e-01	   4.8415257277738444e-01	   3.5650382655454815e-01	   3.1649853081577423e-01	   2.3355584112546987e-01	   5.9745604936144958e-01	   4.7668878389652791e-01	   5.7037243228646239e-01	   6.0316513029856433e-01	   4.5173157542982362e-01	   4.6951183687931497e-01	   4.7557923329292529e-01	   5.4298078688341223e-01	   5.0129778382337353e-01	   5.9438130667756250e-01	   5.6840062066829844e-01	   6.2804331593253260e-01	   4.6207785183025751e-01	   5.2534243447330176e-01	   4.1414666488255247e-01	   3.2561948718257910e-01	   5.5011752058943497e-01	   5.9869895189268618e-01	   5.3085738944991423e-01	   6.8010964234354010e-01	   3.6172556726790067e-01	   5.4722780140201943e-01	   4.0044109421961516e-01	   7.0185133340359385e-01	   7.4421406697638337e-01	   7.5042719925030399e-01	   4.9458528642821098e-01	   4.7381888727386845e-01	   5.1037501501231008e-01	   6.1441185136300580e-01	   5.6902622325698937e-01	   6.0171616630296054e-01	   5.0775966877639767e-01	   5.2093152636897666e-01	   5.4315915886491528e-01	   4.5070782862597258e-01	   4.7835050834055576e-01	   1.8487112681589274e-01	   4.4892018128915007e-01	   2.9118897194156707e-01	   4.0090542306739313e-01	   5.0580195313422482e-01	   4.6054057195794335e-01	   5.3598642421631282e-01	   4.1796832109325749e-01	   3.8129037666185706e-01	   5.0568683746533238e-01	   6.6677694260705067e-01	   5.5585769865675205e-01	   5.4062939506783159e-01	   6.3588920016562600e-01	   6.1664882964693635e-01	   6.3901351841535378e-02	   1.6144426685397181e-01	   3.4579863941858840e-01	   2.8554047662069637e-01	   5.5139341342190062e-01	   5.3897057881538513e-01	   5.8128679964522167e-01	   7.2539827898058939e-01	   5.2110915065511887e-01	   5.1487852769554054e-01	   4.3083892902164256e-01	   2.8572707604374226e-01	   5.6746743511346742e-01	   3.1486566553520290e-01	   6.4611112153043451e-02	   1.4235732299644387e-02	   1.8720119984416839e-01	   4.5854045714101044e-01	   4.3550215100940864e-01	   3.9290091826949258e-01	   3.4705370568629579e-01	  -1.3891826297275572e-01	
   3.7265270855938848e-01	   1.1658908756156600e-01	   5.0697066045897687e-01	   7.5190153718075481e-01	   7.6869317176142582e-01	   0.0000000000000000e+00	   6.9554194780824574e-01	   7.2486445755509654e-01	   7.0959725821880881e-01	   8.3811498027834230e-01	   2.1599148155939937e-01	   2.5027368960271967e-01	   5.4560207285279738e-01	   6.1924600298660537e-01	   4.0075507101564056e-01	   3.7820572252019158e-01	   1.6653138281681379e-01	  -6.7003300819512557e-02	   3.7415396220076802e-01	   3.5700504109322151e-01	   3.1790647237455444e-01	   4.2030627142935939e-01	   3.8410412850306297e-01	   5.3893860074913358e-01	   3.5664853082103498e-01	   6.2229327950904245e-01	   2.2174740760737985e-02	   2.5186631944925009e-01	   3.5060182817813756e-01	   2.4718556239696415e-01	   5.9738288026271325e-01	   6.9932072326179640e-01	   6.5510386587854730e-01	   7.4742981675289766e-01	   5.0490913382191716e-01	   6.8322553930831953e-01	   1.0485748524293045e-01	   1.5152035740953648e-01	   3.9574079614738955e-01	   3.8174061076204474e-01	   2.0008655405270548e-01	   1.1997431728268942e-01	   5.0815760434279256e-01	   3.3486635414201399e-01	   4.1107420407225553e-01	   4.7973301306779542e-01	   3.2949956281034765e-01	   3.6916876372266871e-01	   3.1572065154474671e-01	   4.4164000008419935e-01	   4.4216042737905958e-01	   5.7030430701681234e-01	   5.7102698439972877e-01	   5.0972729545456574e-01	   3.2062240350193227e-01	   3.5614486967259606e-01	   2.4601510775384769e-01	   1.7814133741310742e-01	   4.6490341973430627e-01	   5.3088215157596341e-01	   4.9117080196789759e-01	   6.8439704350624397e-01	   2.4053092191446013e-01	   4.0791780946238554e-01	   3.0784221996483813e-01	   7.9244400775269763e-01	   7.4801914146167947e-01	   7.7933959788203677e-01	   4.4317797991488816e-01	   4.4456866064696576e-01	   5.9198452547715896e-01	   5.3793495472160036e-01	   5.5928648768916289e-01	   5.1229148233385735e-01	   5.0764297714338669e-01	   3.6731232722925089e-01	   3.8531693934359512e-01	   4.4486402158353783e-01	   3.0752718019727093e-01	   1.5980485983608658e-01	   2.3482921461890810e-01	   2.4514512924018045e-01	   1.7206919458538020e-01	   3.7367857674242466e-01	   2.3615976121046919e-01	   3.9961500884698919e-01	   1.5006437200386943e-01	   2.1923243837830705e-01	   2.9627153348338436e-01	   5.1248763579110046e-01	   5.9190580733499809e-01	   4.7382209017967347e-01	   6.3401735432784312e-01	   4.2788390175899815e-01	   4.6626727803412094e-02	   7.6432282455278444e-02	   3.3370089250675916e-01	   2.1218857566126209e-01	   4.5457616933566414e-01	   4.4593656320468883e-01	   5.8291270752334057e-01	   6.4429590788852387e-01	   4.9225521594592642e-01	   4.8231831211278930e-01	   5.5393452821415723e-01	   2.6567138089925946e-01	   5.5153455104380977e-01	   3.5037580230550314e-01	   2.5790455095950703e-02	   3.5353020640604943e-02	   1.8058947717893736e-01	   4.3151596834252381e-01	   4.7675537879375529e-01	   3.3165332480402332e-01	   4.2959043563917271e-01	  -1.5977944238394837e-01	
   4.8139016386711364e-01	   2.0770208349919200e-01	   8.0064457023206836e-01	   6.9607980345001041e-01	   8.3883729605916413e-01	   6.9554194780824574e-01	   0.0000000000000000e+00	   7.5568989983835655e-01	   8.3094291460616754e-01	   6.7228378261914556e-01	   4.9155590799742377e-01	   4.2755242226913559e-01	   7.7876032779338100e-01	   6.3163383116245775e-01	   6.2899536124508559e-01	   4.3307370559127301e-01	   2.9282073510205930e-01	  -4.4528405744029567e-02	   5.3489894839361363e-01	   5.0063839846275171e-01	   2.3205493173565661e-01	   2.3951963112379243e-01	   5.6525222761056815e-01	   5.2709018237789540e-01	   4.7203811965901560e-01	   5.5775364933994820e-01	   9.8626977011443434e-02	   1.0210392571761563e-01	   5.2423389972769097e-01	   2.9722748685027411e-01	   5.9708664728057814e-01	   6.4189326937759250e-01	   7.3979966405987363e-01	   8.1000329784183378e-01	   4.9409606578070442e-01	   6.1427517871107296e-01	   3.7016368570049620e-02	   1.3535150867471704e-01	   4.2340086780597253e-01	   2.7795836064298907e-01	   2.6784746832223105e-01	   1.1387624691526096e-01	   5.8236510914582673e-01	   4.8197398351013032e-01	   5.6249180022010681e-01	   6.0734592050294112e-01	   4.7436963341526639e-01	   4.9576062418499989e-01	   5.3460957283759636e-01	   6.0504284633624084e-01	   5.8641630924206689e-01	   6.5573207193806315e-01	   5.9983501058487032e-01	   6.7083965523238409e-01	   5.3547361107392633e-01	   5.3843224195748740e-01	   2.6573246303377640e-01	   1.8638455172976728e-01	   6.4975888136114124e-01	   6.2665435354553667e-01	   6.1647018920877539e-01	   7.0148242968543262e-01	   3.2788392467720123e-01	   5.8731678335749771e-01	   4.5320976569604521e-01	   7.1359294622557190e-01	   7.7107183327721951e-01	   7.8232928080637487e-01	   4.8956323112356981e-01	   4.1084184398477397e-01	   6.0926334825998474e-01	   5.6552421063475533e-01	   6.7677869669423851e-01	   6.0541590703855019e-01	   5.5485531661997989e-01	   4.5700558534640479e-01	   6.0589633639226159e-01	   4.1325702379679286e-01	   3.5295983220868632e-01	   1.0476020495259394e-01	   3.6777946303566306e-01	   2.4132386212052107e-01	   3.5268780149821055e-01	   3.5613197570699762e-01	   4.1355097000223429e-01	   4.8650040962799695e-01	   3.3466391331272477e-01	   2.2646917325116406e-01	   4.7935698496581214e-01	   5.6643420835559799e-01	   4.6553314695973635e-01	   4.5952160533599395e-01	   5.1679012652007050e-01	   5.5588898164845246e-01	   5.4823299751231049e-02	   1.0994378984254112e-01	   3.2411492661644875e-01	   3.0739648925328800e-01	   5.7675639656266209e-01	   5.1600377801146635e-01	   5.3670950642026671e-01	   7.1141867878132747e-01	   4.6736775072934167e-01	   4.7102963946617038e-01	   4.6272167230392980e-01	   2.7467389491142979e-01	   4.7754986045072068e-01	   3.2798618202071239e-01	   1.0023331413096456e-01	   1.9002522146894952e-02	   1.8071051666857590e-01	   3.5626300407780165e-01	   3.4118520213671022e-01	   2.7570944594948787e-01	   2.9981088076499185e-01	  -1.2313347236265407e-01	
   3.8979073278100140e-01	   3.2848780937070704e-01	   5.9379728927949182e-01	   8.4690403250941082e-01	   7.2228147868875214e-01	   7.2486445755509654e-01	   7.5568989983835655e-01	   0.0000000000000000e+00	   6.3225100910493470e-01	   8.5582153986839171e-01	   2.9744817711592481e-01	   6.5396235535220559e-01	   5.0968409606862197e-01	   7.7757712020872338e-01	   4.2226508585289879e-01	   4.7432547625686838e-01	   3.2541682051026288e-01	   1.7651326492517178e-01	   5.6841611470501952e-01	   5.4606850819409136e-01	   1.3023184513295769e-01	   1.5590935518157820e-01	   3.9015955000104402e-01	   6.2712476482683033e-01	   1.9024408216419386e-01	   4.6080340923842567e-01	  -6.9623026708560729e-02	   7.1801464575424620e-02	   5.2306859142956708e-01	   4.9905812380061920e-01	   4.4770122111400601e-01	   6.5498166164356675e-01	   6.1084071169532850e-01	   7.9148217321529990e-01	   2.9549836319980083e-01	   4.9238551061024360e-01	  -5.1364830915928750e-02	  -1.5804005295630374e-01	   2.3271171988299488e-01	   2.9118293640699261e-02	  -1.6048840353296758e-02	  -7.1603311559077162e-02	   4.5838104394266188e-01	   3.6315347846267615e-01	   4.2259030226031513e-01	   5.3360934065265708e-01	   3.7886554651991977e-01	   4.0980248559011156e-01	   3.8527093941546076e-01	   4.9031541252555599e-01	   4.7140617588898781e-01	   4.8567789674412198e-01	   4.5557646259367468e-01	   6.0619590604738705e-01	   3.6718073828542652e-01	   3.4472924565682816e-01	   3.3649742396720667e-01	   2.1447928086859608e-01	   5.4623054475712984e-01	   5.9133324599517900e-01	   7.3199473140862570e-01	   8.3297349159966116e-01	   4.3538565891946268e-01	   6.1396578543361868e-01	   2.9620455621626562e-01	   6.8396478385580295e-01	   5.9987923773506424e-01	   7.3270705413264847e-01	   4.9387882694687907e-01	   4.7197171202866695e-01	   5.6400416918627216e-01	   4.9841071670517478e-01	   6.7438516513142410e-01	   5.8332886518426719e-01	   4.8747889650985565e-01	   4.7424810681468466e-01	   4.1983726653647113e-01	   4.0204805307511360e-01	   2.8975993594786198e-01	   2.8155344938771421e-01	   3.3909647196953796e-01	   2.3670359725437007e-01	   2.9673613540029525e-01	   3.0731159023812910e-01	   3.5163286714949926e-01	   4.1105779312727070e-01	   1.8639665758012194e-01	   2.1515857554996159e-01	   3.3488089944061661e-01	   4.8100092356499030e-01	   6.2443669042352501e-01	   5.0893000490466034e-01	   7.1965982667908301e-01	   4.9359974527062195e-01	   1.1131545760141062e-01	   8.2863436751064237e-02	   3.6908040975338097e-01	   2.9715348921207868e-01	   6.1208464831154430e-01	   5.3903856755924306e-01	   7.2474541498643119e-01	   6.7607663759423475e-01	   5.7433122595758201e-01	   5.2389828247387660e-01	   6.0154949815068248e-01	   2.0886014676737213e-01	   4.7627984662039380e-01	   3.9278833747386954e-01	   1.0886614413977801e-01	   1.5060460739920487e-01	   2.9010604127387862e-01	   3.9058880636859605e-01	   4.6514581960330070e-01	   4.7253464224931530e-01	   3.7703967348690093e-01	  -1.3801831016929406e-01	
   5.1366653203800550e-01	   2.7082098680179034e-01	   7.2027438499280327e-01	   6.7482240041193686e-01	   8.6942984396800971e-01	   7.0959725821880881e-01	   8.3094291460616754e-01	   6.3225100910493470e-01	   0.0000000000000000e+00	   6.7431069028378510e-01	   5.3011261182911951e-01	   3.8488274026132607e-01	   7.8693445915451221e-01	   6.4815014173083962e-01	   6.6498140695074093e-01	   5.7043950113396447e-01	   3.2879120007066365e-01	  -9.3116005014543424e-02	   5.4442565215583172e-01	   4.9022568125716098e-01	   2.5781251095839597e-01	   3.5902191370616421e-01	   5.9894936001755850e-01	   5.7179113355672428e-01	   4.6876578396882462e-01	   4.9900191861668775e-01	   2.2974067422566505e-01	   2.9637917143585391e-01	   5.1990860251171578e-01	   2.0781364577428468e-01	   5.5900928460227628e-01	   6.0235904117658590e-01	   7.0906574951983647e-01	   7.0996904683561357e-01	   4.5453151702299444e-01	   5.4811265599000203e-01	   1.8030465382351613e-01	   2.6976230025944037e-01	   4.9655114525454502e-01	   3.6406029084613467e-01	   4.4490139773797877e-01	   2.8375442157480879e-01	   6.2072187261623046e-01	   4.3058331544270240e-01	   5.3903800329381113e-01	   5.1558690209116798e-01	   4.7396790086168455e-01	   4.1981603529070866e-01	   5.3213668263769875e-01	   5.4987750490718568e-01	   5.8661300267046734e-01	   6.2523359243524212e-01	   7.0452506411355253e-01	   6.7187522697175750e-01	   4.9195061599606793e-01	   5.6984357551428455e-01	   3.1940338595067080e-01	   2.4207092573497460e-01	   5.9253483582924626e-01	   5.8157381806081199e-01	   5.1652105745668631e-01	   5.9625818481351289e-01	   2.5089925266931939e-01	   4.7083445681950470e-01	   4.0082014010548539e-01	   6.5891737823525820e-01	   6.5977379295621086e-01	   6.3117138236633497e-01	   4.7407576912737248e-01	   4.1779754363292698e-01	   5.5254567919885378e-01	   5.6605748752538054e-01	   5.4367470273137508e-01	   5.6249682657565603e-01	   5.2748617094686345e-01	   4.7096373270352931e-01	   5.3493860622723299e-01	   4.0288106286073588e-01	   4.3063644923840555e-01	   3.4366262571038204e-02	   4.4214707618983390e-01	   1.7989446847977433e-01	   4.2172298560082377e-01	   4.7699753788959454e-01	   4.1469616944621968e-01	   4.7249072777143891e-01	   4.1821204360364050e-01	   3.6743751209840420e-01	   6.0746863722555355e-01	   7.1257466059822461e-01	   5.5264435598019845e-01	   5.1312139213054886e-01	   5.5186999637109202e-01	   5.9944804141207086e-01	   9.4174945754282122e-03	   9.3755729249357794e-02	   2.5598272234361963e-01	   2.0486561624737129e-01	   5.5235625052142523e-01	   5.2495730465778523e-01	   5.0427443564903318e-01	   7.3953127940573149e-01	   4.6959086398650085e-01	   5.0856141956614342e-01	   3.7575379079070415e-01	   2.9274193503106705e-01	   4.9112660034802491e-01	   2.8839868502968491e-01	   6.9578149940630579e-02	  -1.4569370790854744e-02	   1.0910264389299855e-01	   4.2408037177368352e-01	   4.3642326269289167e-01	   3.0371342125647993e-01	   3.3288312442437745e-01	  -1.4450147564896659e-01	
   2.7257917868557080e-01	   1.1642447583350116e-01	   4.5692076634331968e-01	   7.4849470241553140e-01	   6.9785904070725491e-01	   8.3811498027834230e-01	   6.7228378261914556e-01	   8.5582153986839171e-01	   6.7431069028378510e-01	   0.0000000000000000e+00	   2.5049812825426526e-01	   4.7642948204003122e-01	   5.0351805480484368e-01	   7.6240029679951071e-01	   3.2003352017862569e-01	   4.0381497523597110e-01	   1.9199604569016773e-01	   2.6762397867060170e-02	   3.6754951878777170e-01	   3.4514099823260791e-01	   2.1794195381285858e-01	   2.2535610032627906e-01	   2.6737509927734326e-01	   5.0806285003387497e-01	   1.1980109960783861e-01	   3.9527817591551173e-01	  -1.1066054519887021e-01	   5.1946472871596441e-02	   3.7945540185804372e-01	   3.2369013937002244e-01	   4.2440630713741967e-01	   5.9000262693761307e-01	   5.3151879014845427e-01	   6.9568452133970970e-01	   3.0869229862675740e-01	   5.1823833272942865e-01	  -8.9293677409173933e-02	  -3.2660473017544281e-02	   1.6947255600500336e-01	   1.5917774034083337e-01	   7.6713498078677493e-03	  -1.3956425828624625e-02	   4.3328332749974080e-01	   3.1561672032654875e-01	   3.7808043800448005e-01	   5.0961880452441122e-01	   2.9367530749706416e-01	   3.6046653301473369e-01	   3.4043082506308170e-01	   4.7366407519951292e-01	   4.2742670280512690e-01	   5.2804081056244279e-01	   4.4146629027598705e-01	   4.8175025885291051e-01	   2.3645067987324031e-01	   2.7494684100607658e-01	   1.7994189836120272e-01	   1.1402917586973391e-01	   4.5147884121302007e-01	   5.5858474609280862e-01	   6.1787207311088044e-01	   8.4443510256361798e-01	   2.6228047689027967e-01	   5.0308934158788665e-01	   2.0866500081764544e-01	   7.4113434684254198e-01	   5.8442657255042296e-01	   7.0024718765463589e-01	   3.4755127007052972e-01	   3.8797915929393850e-01	   5.3931559855132372e-01	   4.1576714446871532e-01	   5.6411485282277285e-01	   4.8235617161972344e-01	   4.7849763133916989e-01	   4.3946235260475813e-01	   2.8810633484163095e-01	   4.3306683097401011e-01	   2.8213892900192039e-01	   1.6530266107418043e-01	   2.5364480223592983e-01	   1.5952828872591202e-01	   1.4118470412541984e-01	   2.8013574568080768e-01	   2.4172410050549642e-01	   3.0781239772755259e-01	   5.8736953077679045e-02	   1.2548934658993960e-01	   2.7089969509162765e-01	   4.4730146344350352e-01	   6.1688665526928477e-01	   4.4062688081653145e-01	   6.6453497197075684e-01	   3.9868110417187119e-01	   2.3561757688711899e-02	   1.0846079363603403e-01	   2.3022089014832045e-01	   2.2308268154178593e-01	   5.0998728054778775e-01	   4.3842287529906454e-01	   6.5312839699189906e-01	   6.5984621480569094e-01	   4.8835449668173592e-01	   4.6068267513153671e-01	   5.5938694986214355e-01	   1.8610855974149393e-01	   5.0981662886358992e-01	   3.5852645140063999e-01	   9.7185067972768296e-02	   1.0698729160481396e-01	   1.6764864721509157e-01	   3.7463337156622700e-01	   4.3568890303992913e-01	   3.5657054647346287e-01	   3.8950481319061070e-01	  -1.1209979694311970e-01	
   6.6935741346441657e-01	   2.8199196996402759e-01	   3.6272500000748675e-01	   2.4355674585925882e-01	   4.3471006622229080e-01	   2.1599148155939937e-01	   4.9155590799742377e-01	   2.9744817711592481e-01	   5.3011261182911951e-01	   2.5049812825426526e-01	   0.0000000000000000e+00	   2.9068741939556297e-01	   8.0780345375401752e-01	   2.9646999460619217e-01	   5.5389734315950601e-01	   3.9160718348355594e-01	   5.4854936524745668e-01	  -1.4102415108924066e-01	   4.7102699492602629e-01	   4.3116778039060200e-01	   1.7783389391526042e-01	   1.8707873426622959e-01	   3.2855757356419679e-01	   2.3587070743175484e-01	   2.0945472741535107e-01	   1.8057580277957727e-01	   3.4778664457530650e-01	   2.5449645820652705e-01	   5.3459600690652143e-01	   2.1396717292051132e-01	   1.4722728792933687e-01	   2.0547788478044726e-01	   4.1335498242239477e-01	   3.8977499767820561e-01	   7.4711372718580027e-02	   1.4172849035420601e-01	   2.0437285902753843e-01	   2.3364229400141273e-01	   3.4693326375868022e-01	   1.0185744637699615e-01	   3.3370091158921150e-01	   1.9500730282074474e-01	   3.7164270309874992e-01	   3.4581986571388684e-01	   3.6322686191238607e-01	   4.2936741911077725e-01	   3.8956668261505228e-01	   2.9792121018819362e-01	   4.6841278780510054e-01	   5.0914611814708466e-01	   5.1420510660487073e-01	   6.2262322863425079e-01	   4.4050801919877314e-01	   4.8030709874778638e-01	   3.8798545341871865e-01	   5.1730232116661545e-01	   3.6414392687340813e-01	   1.7880627394373111e-01	   5.1341580139362286e-01	   5.1001261545772125e-01	   1.4334224296383913e-01	   3.2942736221131164e-01	  -4.5820919353859443e-02	   4.2093125247205598e-01	  -5.4826942607311524e-02	   2.6415677506562540e-01	   2.3143145135992238e-01	   2.1956235821391112e-01	   2.4835653530824689e-01	   1.5297833730469249e-01	   1.9811244003990922e-01	   3.3749516233916654e-01	   3.0800926272261964e-01	   3.3642407814368352e-01	   3.5249928524389984e-01	   2.8840274172936031e-01	   6.1349056718868111e-01	   2.4498885124195569e-01	   3.9397897816136451e-01	  -2.0549921503655467e-02	   5.5470730755829600e-01	   2.2792626501352453e-01	   5.8013930399914837e-01	   3.6291366532265817e-01	   5.2990143805309720e-01	   4.9798456294840243e-01	   4.1392584961131373e-01	   2.6648473406886358e-01	   6.4361582362848424e-01	   5.8581380666160576e-01	   2.0496762647057995e-01	   1.4248746720029243e-01	   1.3580252578228713e-01	   3.1200924450342921e-01	  -2.2308278819128907e-01	  -1.8735364092320750e-01	  -1.8661799885866786e-02	  -7.8438505476024403e-03	   4.1982483476569943e-01	   2.6482090960507743e-01	   1.6860887364720448e-01	   3.5329059995710677e-01	   2.7446647787112288e-01	   2.1590500756219708e-01	   7.1407102001076389e-02	   1.2905018812537403e-02	   1.8571391410568477e-01	   2.5008824416274354e-02	  -9.2837765000288647e-02	  -2.1308465915315511e-01	  -9.4208188280119565e-02	   1.8480462939347675e-01	   1.3753506632673618e-01	   3.4482027418299352e-02	   2.4908630541614449e-02	  -2.3431213606226342e-01	
   3.8754551503523593e-01	   6.1938961443090867e-01	   4.9991786997812970e-01	   5.1846853205803878e-01	   4.4457755565446333e-01	   2.5027368960271967e-01	   4.2755242226913559e-01	   6.5396235535220559e-01	   3.8488274026132607e-01	   4.7642948204003122e-01	   2.9068741939556297e-01	   0.0000000000000000e+00	   3.1909467188584761e-01	   6.6341302463849827e-01	   4.7560620117032976e-01	   5.8089491733390253e-01	   4.4626936596735312e-01	   5.0850234381229698e-01	   6.7029270710164313e-01	   6.5154266076905587e-01	  -1.6298761847380019e-01	  -1.3194631212035285e-01	   3.9842390688150608e-01	   4.9544189113593728e-01	   4.0607148231231190e-02	   5.7043723414921838e-02	   1.2973391185994754e-01	   1.1126123213285607e-01	   5.5981762488756881e-01	   6.1922935073175256e-01	   1.1156471006937713e-01	   2.7122285630375947e-01	   5.0440748727715778e-01	   5.4457469047960816e-01	   5.9653404011118100e-02	   7.2253743072167143e-02	  -4.8779951279403148e-02	  -1.5948480005537186e-01	   8.4961077354184150e-02	  -1.0304274034977259e-01	   7.7365234395025739e-02	  -7.9986750309099398e-03	   3.3382464697434844e-01	   3.3963951825907446e-01	   4.1986202537939366e-01	   4.1379374917626688e-01	   3.2707686192512930e-01	   3.0101394312855134e-01	   4.6708990851295451e-01	   3.9195991817010001e-01	   4.0675552075021471e-01	   2.3836189033669086e-01	   2.5604609080695262e-01	   5.0726057613639197e-01	   2.5637091582659643e-01	   3.1479604143048073e-01	   4.3463592687991065e-01	   4.6077425633811320e-01	   5.0915938692804696e-01	   4.6821216249528752e-01	   6.4564620697789732e-01	   4.4705976687191312e-01	   5.7825087276732445e-01	   6.0765235548175867e-01	   2.3664336124670582e-01	   1.2684855541262979e-01	   2.2647077983676275e-01	   3.2841476897536764e-01	   4.3476956138008221e-01	   4.2776403753151299e-01	   2.5710439966448917e-01	   2.7608411628173379e-01	   3.7768568026698179e-01	   5.5621718650916807e-01	   1.7726874307610557e-01	   6.1460113902259039e-01	   3.4904431957285742e-01	   2.8466566541152755e-01	   2.1634613862288346e-01	   3.8594204748632682e-01	   3.9741394004705677e-01	   3.1183448598159930e-01	   4.1926626679301726e-01	   3.4943842364869082e-01	   4.8766477614282133e-01	   2.5910768651611210e-01	   2.3498308511560534e-01	   2.7039554257319054e-01	   2.8863857898324324e-01	   4.2522296535049431e-01	   3.7720289360712028e-01	   3.8930803947904252e-01	   4.1303611413890695e-01	   4.1515762281318158e-01	   2.5681391501615281e-01	   2.0041442993525843e-01	   2.3431498627525077e-01	   2.0972516335772048e-01	   4.9461817731871838e-01	   5.6230402619313691e-01	   4.5887462650012778e-01	   4.5397944940217311e-01	   4.5132180280142919e-01	   4.4751672391172004e-01	   3.0800569765576413e-01	   1.7587896338907216e-01	   4.0181334503129024e-01	   1.2982520054178737e-01	   2.6432166406712260e-01	   2.3188416074736545e-01	   1.9944768262041523e-01	   3.5226709688477026e-01	   3.4695844997101999e-01	   4.4172421894891145e-01	   2.5195199691055165e-01	   1.3865577451337119e-01	
   6.5339839218365925e-01	   2.2140448491247272e-01	   5.6967871536100712e-01	   4.9393998057296584e-01	   6.8440580224686176e-01	   5.4560207285279738e-01	   7.7876032779338100e-01	   5.0968409606862197e-01	   7.8693445915451221e-01	   5.0351805480484368e-01	   8.0780345375401752e-01	   3.1909467188584761e-01	   0.0000000000000000e+00	   5.4444719651496654e-01	   7.1950912816440649e-01	   5.3705395796819411e-01	   4.5376994364476420e-01	  -1.9180850095069524e-01	   5.4279445585423813e-01	   5.1228846295166064e-01	   2.2102904461455930e-01	   3.1757365817525529e-01	   5.0460505359264085e-01	   4.2610619488176749e-01	   3.8685345266295579e-01	   3.9435618731662381e-01	   3.1547869011322666e-01	   2.8065009052301093e-01	   5.7669971493786676e-01	   2.2200544456819496e-01	   4.3632542510769456e-01	   4.9301032964281077e-01	   6.5175639271457775e-01	   6.4678018199511311e-01	   3.6282554932731198e-01	   4.6923047928367057e-01	   2.2761718820002227e-01	   2.9594462474326722e-01	   5.0967518806802614e-01	   2.8556894739952010e-01	   4.5117660206516363e-01	   2.1982785599412547e-01	   5.3940413301231449e-01	   4.3308689162074188e-01	   4.8273049849457972e-01	   5.3782438333223648e-01	   4.5890199511279706e-01	   4.1213421280218732e-01	   5.4444134184713211e-01	   5.7826008217014124e-01	   6.2976707575661151e-01	   7.5226286128373676e-01	   6.6793880128538963e-01	   6.5485027275734642e-01	   5.0252598176293317e-01	   6.0701451426682429e-01	   3.3958015785513918e-01	   2.1197084654312401e-01	   6.5886389832015102e-01	   6.5810677170221688e-01	   3.2136389016847611e-01	   5.2703171195462473e-01	   1.4720545736510851e-01	   5.9183951480720787e-01	   1.8717933927243785e-01	   5.3677114652013291e-01	   5.4537772205269985e-01	   5.3981566341713849e-01	   4.2347670661098546e-01	   3.2290336386129243e-01	   4.9878825551277328e-01	   5.5096239758126586e-01	   5.1815864698361402e-01	   5.3882749501633076e-01	   5.4758322587682384e-01	   3.1911464225820690e-01	   6.3015832523115023e-01	   2.8986006641446593e-01	   4.1355959007159404e-01	  -4.4982323511179596e-02	   5.0261444264938715e-01	   3.1604111890570263e-01	   5.3711553417744007e-01	   4.5845323934659166e-01	   5.4451118726612380e-01	   6.2004622735515746e-01	   4.0913948582298176e-01	   2.6640083335377723e-01	   6.8316921399531239e-01	   7.1995321843636706e-01	   4.4091544617332068e-01	   3.4671122639240642e-01	   3.9382386448709372e-01	   5.1474092721966014e-01	  -1.6901075154999462e-01	  -5.3167261338858171e-02	   9.4151525359908644e-02	   8.1926301036181523e-02	   5.4856291632283960e-01	   3.9609856313069203e-01	   4.0275739196891230e-01	   5.9863707386557508e-01	   4.8469747818087605e-01	   4.1267820417732193e-01	   3.0552478284648038e-01	   1.3389857649835871e-01	   3.6587044601136276e-01	   1.7223072187400371e-01	  -8.1354434356723862e-02	  -2.2184904111167708e-01	  -6.7254767568576096e-02	   3.6795929893922952e-01	   3.4031063313893789e-01	   1.8669342916667964e-01	   2.5100113525948636e-01	  -2.1925164753475226e-01	
