   0.0000000000000000e+00	   8.2385318691873644e-01	   6.3754771355251882e-01	   6.6020733858611669e-01	   6.0694164060636668e-01	   5.9771166551521504e-01	   6.6772205358564107e-01	   5.8832242091219733e-01	   5.4811406393607409e-01	   4.9629606625702705e-01	   8.4416083950237908e-01	   7.7940350884845166e-01	   7.8441612498284452e-01	   7.0115227035792038e-01	   7.3122767919403753e-01	   8.0619012420834124e-01	   4.4332289566341965e-01	   5.6240423932390349e-01	   7.4198868972017151e-01	   7.9089363422476833e-01	   4.1369774540126580e-01	   3.3841377938961315e-01	   4.2674016246008784e-01	   5.6806928396190404e-01	   4.7918111576559741e-01	   4.8065624294569587e-01	   7.3821925386329212e-01	   7.2654092152363503e-01	   5.2729031507734958e-01	   4.4440253000544938e-01	   3.5042993816040097e-01	   3.8607043268326674e-01	   6.1699175868658163e-01	   5.5741927120632762e-01	   2.0085402234118965e-01	   2.7974201723788611e-01	   3.1502287973630499e-01	   4.0377555580958685e-01	   4.1200148514572266e-01	   2.2128084966787229e-01	   6.6109790154844605e-01	   5.4363437524345581e-01	   4.3895922043877038e-02	   3.5220496000858366e-02	   6.7335069611778264e-02	   1.4594253079676311e-01	   1.3413808130310359e-01	   1.2325154785868722e-01	   2.4733402363970100e-01	   2.2423101274118562e-01	   6.8611732699004002e-01	   4.8972394090645421e-01	   7.4370305792833635e-01	   7.2615289461647459e-01	   7.2620295023551895e-01	   5.9602926044330351e-01	   7.7680896575093872e-01	   7.0133588130463642e-01	   7.0581563954588988e-01	   4.5238781252655258e-01	   7.6140691762920787e-01	   4.7578531449020112e-01	   4.2739773723949814e-01	   4.4949229809426189e-01	   3.4130367143055601e-01	   4.9219373405170525e-01	   5.5647649008926026e-01	   4.5482294491746494e-01	   6.6167662841470576e-01	   6.7952705735166208e-01	   4.8478012782662688e-01	   3.9854528801436440e-01	   5.9473062248083886e-01	   5.7575444539765452e-01	   5.7349639074968284e-01	   4.0868627692147941e-01	   5.7857529423113996e-01	   5.9434347378961461e-01	   3.3673016413224532e-01	   3.3938154626180977e-01	   5.1239473011772008e-01	   6.7790363287363431e-01	   5.7368189539910774e-01	   7.9264201457581618e-01	   6.5480140768704842e-01	   7.0709042129425126e-01	   3.8216398524966821e-01	   2.0849163148041325e-01	   7.2188487770569487e-01	   8.1804885005727590e-01	   5.0288245555971622e-01	   3.7074830078131815e-01	   4.8289998106706233e-01	   4.2449921453558603e-01	   1.1593460248956799e-02	  -5.6363128926894990e-02	   3.5319029507033384e-01	   4.5270001675435978e-01	   3.9171772906688329e-01	   4.0949964307859166e-01	   5.8300524192476533e-01	   6.2612167578673916e-01	   5.6124579977340994e-01	   5.4256247651269551e-01	   5.3716441583932106e-01	   4.3376362271837188e-01	   4.2692686548818903e-01	   4.2297620995881935e-01	  -1.5575889324672917e-01	   3.4141498794658931e-01	   2.0681807006482722e-01	   3.8235104632870170e-01	   5.0361917430096326e-01	   6.8789241160029335e-01	   3.9959463986698346e-01	   1.3711996617726965e-01	
   8.2385318691873644e-01	   0.0000000000000000e+00	   4.3051116262374961e-01	   5.4057093988165028e-01	   3.9124441178631564e-01	   4.3478001560647062e-01	   4.2311326722263487e-01	   4.6317756631693396e-01	   3.2658596743306911e-01	   2.6543593859632253e-01	   6.8257947911120831e-01	   8.2597581578298018e-01	   5.5297249184887720e-01	   6.9733789453736805e-01	   5.1294484760727843e-01	   6.9916092316028144e-01	   6.4387579084842916e-01	   7.0305527359979036e-01	   5.8424057311258903e-01	   7.0735881574829962e-01	   3.8205117314868769e-01	   2.6095596006374405e-01	   3.0145206752396653e-01	   4.5977455974105458e-01	   3.6525098751759788e-01	   3.5972347895497925e-01	   5.6527106209259104e-01	   5.7597234963431054e-01	   5.0287724851076765e-01	   4.5932467355919382e-01	   2.7856149996335572e-01	   2.8446137120111775e-01	   5.1048603612761134e-01	   4.5863569462411652e-01	   1.1718407987938483e-01	   1.7081399084832205e-01	   1.6433142595281630e-01	   2.7367872610210120e-01	   2.2505857797827811e-01	   6.2614257298863829e-02	   6.0601925473249385e-01	   5.7801974671061018e-01	  -2.8983483101216432e-02	  -4.9662977575987047e-02	   5.3841926149047717e-02	   1.5978123820706483e-01	   1.4548308572951318e-01	   9.4281836377064207e-02	   2.9329668084759025e-01	   4.2108484049606953e-01	   6.9577223401811694e-01	   6.3265396730282197e-01	   8.5535179141699047e-01	   8.3543042395792888e-01	   6.7761438377120842e-01	   6.8003155855030539e-01	   9.1036940514196885e-01	   9.2025628985709595e-01	   6.0892362105384201e-01	   5.8748302956930365e-01	   6.1170328691865083e-01	   5.4502333707725548e-01	   5.3446507382795672e-01	   7.0750063567133026e-01	   1.1201280800374380e-01	   4.0292613874280048e-01	   4.2105260669205657e-01	   3.6186391308441745e-01	   4.7738302652899767e-01	   6.1904972877130382e-01	   4.4849520502564733e-01	   4.2087039246760860e-01	   6.2873012158112385e-01	   6.1926381652188434e-01	   5.6194753045572143e-01	   4.4687446438779554e-01	   5.8150828185769687e-01	   6.5131920217334960e-01	   4.9178630532587053e-01	   3.1112192338605554e-01	   6.8568426073595357e-01	   7.1546739701491879e-01	   4.3995837615874334e-01	   6.7183938471163429e-01	   5.0346694763822353e-01	   7.9129049214474323e-01	   3.0043010716479440e-01	   2.6119436913260041e-01	   4.9447322847293362e-01	   7.6197656813983849e-01	   4.6067508285886771e-01	   2.2597616978603730e-01	   4.2465033503443694e-01	   2.5142052290031008e-01	  -9.8231469116710352e-02	  -2.3618564249915325e-01	   2.9061829767867486e-01	   3.5695707270820354e-01	   4.3373123930619584e-01	   4.1176706871883118e-01	   5.0204736058919153e-01	   4.4571462527836969e-01	   5.2688436416521756e-01	   3.5475483187710927e-01	   4.3146936166223926e-01	   2.8150591492759208e-01	   3.4247544767847193e-01	   3.0291104814466557e-01	  -9.5630177256125326e-02	   1.6277193984178995e-01	   5.7658830390376350e-02	   3.3158217925462286e-01	   4.1663015899334788e-01	   5.4888554261691480e-01	   3.4942521694470829e-01	   2.9548161228246429e-02	
   6.3754771355251882e-01	   4.3051116262374961e-01	   0.0000000000000000e+00	   7.6767177244343487e-01	   8.7036804927512446e-01	   6.5190990507175295e-01	   8.0394920904548706e-01	   5.9528280072604733e-01	   7.1926668725220377e-01	   5.2192227448102846e-01	   6.2247060625588080e-01	   4.0590307640134726e-01	   7.0104026679471243e-01	   4.1308628369671296e-01	   8.0670822660698782e-01	   6.6841768701182480e-01	   1.2887283224936685e-01	   1.4879736151299544e-01	   7.4947650350375650e-01	   6.9124450516654545e-01	   5.3715771376840171e-01	   3.8104396224972792e-01	   8.8199334943900731e-01	   8.4270717019813235e-01	   8.2843349740716732e-01	   7.0223035381444276e-01	   8.1611446182080205e-01	   7.4648253318165403e-01	   3.2066882996323798e-01	   2.6487568673115847e-01	   7.0150972120754918e-01	   6.9194254633421814e-01	   6.4085800040998619e-01	   6.3071281301366666e-01	   6.0438817607613060e-01	   5.9370229842569755e-01	   3.9374171499511301e-01	   4.0037701447872709e-01	   4.7924088406922705e-01	   1.3082237127874596e-01	   6.7290181937363358e-01	   5.1137983288251676e-01	   1.1546529268053941e-01	   1.0027202397275084e-01	   2.0699606259291636e-01	   2.1134668195129397e-01	   5.7512366060577545e-02	   1.5460607807248355e-01	   1.7487402789430331e-01	   9.9760365343459861e-02	   4.8660385297725617e-01	   2.9593344376732805e-01	   4.6137088821592331e-01	   5.5208478119220261e-01	   6.5008684707387476e-01	   4.8215969961519944e-01	   4.0775469894436223e-01	   3.4027122077314742e-01	   4.0245562757883985e-01	   2.0959534106882705e-01	   4.9811849473721342e-01	   2.5993516948195255e-01	   1.1582419168197045e-01	   6.1433058754915962e-02	   7.0584868228829778e-01	   4.6473204034242388e-01	   5.6099730445155982e-01	   4.8798294469776932e-01	   6.9952356557222639e-01	   6.3567930670032236e-01	   6.4411571660824818e-01	   5.0873919762856579e-01	   5.4085521427765593e-01	   4.9304881482188173e-01	   5.5803679217006730e-01	   4.7247428798765545e-01	   5.1991434151498384e-01	   5.7188891606984504e-01	   1.9729905533598116e-01	   1.7713051631493154e-01	   1.3667338931596551e-01	   4.0989786235897563e-01	   7.1154272388331019e-01	   7.3448523562594425e-01	   6.4812195048103849e-01	   5.8274357158848344e-01	   6.3374865644443446e-01	   5.2978261507615942e-01	   8.1290789603988645e-01	   7.1699422160173798e-01	   6.6431105677858338e-01	   6.5604889976103331e-01	   7.5002527461913115e-01	   7.7158790400764343e-01	   1.6348955095693252e-01	   1.2359255398381239e-01	   4.3604301695716902e-01	   3.9692285733756927e-01	   4.3307984564534147e-01	   5.1738619331497604e-01	   6.9960684850105004e-01	   7.6287152770255517e-01	   5.2571208032256278e-01	   4.9578037498805283e-01	   4.5488286704262354e-01	   5.2747657728319419e-01	   6.3018395447457742e-01	   5.4444997970413100e-01	   9.6825923189619995e-02	   4.0986529115841774e-01	   3.7847860676919021e-01	   4.8732208153105910e-01	   6.8954643036909546e-01	   6.2872660578872930e-01	   4.2346775765358791e-01	   1.5044139502185799e-01	
   6.6020733858611669e-01	   5.4057093988165028e-01	   7.6767177244343487e-01	   0.0000000000000000e+00	   8.0078053939890048e-01	   8.7283395789772733e-01	   8.2953098591251129e-01	   8.7460768175812431e-01	   7.3435960242838605e-01	   7.0077430679444186e-01	   5.9863305427915625e-01	   6.6333497945337461e-01	   7.3528203927556501e-01	   6.5690131047326938e-01	   7.0687211307107689e-01	   8.0611194172543765e-01	   3.0932685702525187e-01	   1.8279941793154103e-01	   5.5452849283270822e-01	   7.1636244451589870e-01	   6.8627883755761276e-01	   5.5454334999803534e-01	   6.8169126838499638e-01	   8.8335778147282684e-01	   7.5052360550361996e-01	   8.1118603316381821e-01	   7.7902700219597620e-01	   8.1647037567611247e-01	   4.4753944866344142e-01	   3.1400895732686951e-01	   6.3552018583929126e-01	   7.1188536315608653e-01	   7.9606145115798044e-01	   8.0007814252481224e-01	   6.5813510542094700e-01	   7.3315933922024135e-01	   4.2380519494055235e-01	   5.0406826877900679e-01	   5.2493437324500325e-01	   1.4339344551022581e-01	   8.1023876405164164e-01	   6.6053791891331559e-01	   2.4511300973485467e-01	   2.1384620350050382e-01	   3.9895465544410369e-01	   4.4952393174319294e-01	   2.9689718812653887e-01	   3.5276577331655390e-01	   4.0505959917771822e-01	   3.1475135253390107e-01	   6.6750140661027191e-01	   4.1235859708218303e-01	   5.4848689100943138e-01	   6.0054991258004131e-01	   8.4393936229251354e-01	   7.0313654461379127e-01	   4.9482832817529798e-01	   3.5909568276512832e-01	   5.4406388899329328e-01	   4.2290072672083956e-01	   5.7747627937159718e-01	   4.9835816563875623e-01	   2.3970156468218728e-01	   2.7587252660450823e-01	   6.6816927657074721e-01	   8.3032311896256272e-01	   7.9702068956737071e-01	   7.8398496684939023e-01	   6.5876617590944897e-01	   6.5406433154176458e-01	   5.2655964984364201e-01	   6.3017529374163128e-01	   6.2662777765365019e-01	   5.5020419562797662e-01	   5.6589268588998498e-01	   4.8493552033772436e-01	   5.6293846031334960e-01	   6.4846135866367116e-01	   2.8486730627442136e-01	   3.3080006986852858e-02	   3.3041925171946240e-01	   3.9653058883739450e-01	   6.1250525852780746e-01	   7.4311117487575773e-01	   7.0959981454649212e-01	   7.0949349141493290e-01	   5.1129246298440967e-01	   6.2045865666794575e-01	   8.9246599782932767e-01	   8.3741341981034378e-01	   8.0051039919224953e-01	   6.2708299935402534e-01	   7.9396852352697622e-01	   6.2816217612875724e-01	  -6.8280050348071830e-02	  -4.3720891844119827e-02	   6.6060653970639338e-01	   5.9223072695414913e-01	   6.7144101368409814e-01	   6.2785287835513026e-01	   8.5874491782501960e-01	   7.3398142694389068e-01	   6.7579760653233856e-01	   4.9870934438689080e-01	   5.7880537917619768e-01	   5.3823264288828421e-01	   7.3186562980649517e-01	   6.3308844677600795e-01	  -1.4575380371620625e-01	   4.8451281601905222e-01	   5.6179291424072508e-01	   5.9284927965921053e-01	   7.5395205614363392e-01	   6.0050073278305882e-01	   4.4898203912165541e-01	   6.8193550493001853e-02	
   6.0694164060636668e-01	   3.9124441178631564e-01	   8.7036804927512446e-01	   8.0078053939890048e-01	   0.0000000000000000e+00	   8.4111304798106723e-01	   8.9131671846311211e-01	   7.8020382805780675e-01	   8.8086627075830470e-01	   7.6059367008079382e-01	   5.6723096412137974e-01	   4.8457497709807584e-01	   6.9276284357887175e-01	   4.7985270394505142e-01	   6.9871899933834181e-01	   6.4814745959004938e-01	   1.6035919056600309e-01	   8.6484108997633841e-02	   5.2847066728352565e-01	   5.7429345645924346e-01	   5.4500959234395208e-01	   4.6003498356560968e-01	   7.1176701689703725e-01	   7.7785212337347520e-01	   6.8972592445016145e-01	   6.6991873071973707e-01	   7.6674819618865442e-01	   7.0247343081126967e-01	   3.7129909674243994e-01	   2.4999845926477787e-01	   5.7420545179806659e-01	   6.4418274329719027e-01	   6.0999448946730817e-01	   6.6054872511742357e-01	   5.1274837364500292e-01	   6.1061559697572021e-01	   2.0214406880033109e-01	   2.7636970616229728e-01	   3.1908399726512232e-01	   1.8739871850868561e-02	   5.7863184295648196e-01	   4.7272011212976561e-01	   2.7335623318020807e-01	   2.5808262964565287e-01	   3.9490007843406250e-01	   4.0191161913017537e-01	   2.2958403544707917e-01	   3.2758266750690612e-01	   3.4528893653572962e-01	   2.2884656829042069e-01	   5.2254028174884359e-01	   3.0372849586900041e-01	   4.1719023917838138e-01	   5.3099469146461176e-01	   6.6165939210646885e-01	   5.6979165749890348e-01	   3.5982461265477456e-01	   2.3849384481935276e-01	   4.2821111983768850e-01	   2.9296436541053195e-01	   5.4344439083728180e-01	   4.8249244285421683e-01	   1.9426288741409409e-01	   1.9872297117857751e-01	   7.2387437091652496e-01	   6.5549223593045469e-01	   6.6336837499752144e-01	   6.3500043680866747e-01	   5.3207609879745155e-01	   5.7038551436615981e-01	   4.4614758846527153e-01	   4.5396114895216350e-01	   4.2820229008495614e-01	   3.9138604183017267e-01	   4.2176692553762640e-01	   3.7000731369254802e-01	   4.1907923013686449e-01	   5.1878454045452016e-01	   1.7730488839862274e-01	   4.7009729910481218e-02	   2.1121619113356477e-01	   3.6240111857220858e-01	   6.2583257114576107e-01	   6.4898752411089622e-01	   6.4581003747570953e-01	   5.7369312654003446e-01	   4.6470052022936792e-01	   4.3997534677270944e-01	   8.1733679219488264e-01	   7.0092594710853495e-01	   7.0601615187206934e-01	   6.6761642694064627e-01	   7.2715627911015202e-01	   7.0824987572556164e-01	   1.0014951725564002e-01	   2.7347286394077235e-02	   4.9442854854818175e-01	   3.8193240427108183e-01	   5.5734994654402426e-01	   6.1123583511998547e-01	   7.7176242192051048e-01	   7.7824018614900692e-01	   6.0805533134591627e-01	   5.1049150800225429e-01	   4.2881034647463645e-01	   4.6911407964220719e-01	   6.5612716365629353e-01	   5.9695013076790460e-01	  -1.0031978629567183e-01	   4.2628228425019632e-01	   4.4722548595424572e-01	   5.4148223910459681e-01	   7.2846951606914401e-01	   6.0003787751000548e-01	   3.2417042553779829e-01	   3.0787338148575736e-02	
   5.9771166551521504e-01	   4.3478001560647062e-01	   6.5190990507175295e-01	   8.7283395789772733e-01	   8.4111304798106723e-01	   0.0000000000000000e+00	   8.9988029917059154e-01	   9.5216269507865348e-01	   8.5945962165093004e-01	   8.8523975529394927e-01	   5.3191767354261010e-01	   6.9278844528763073e-01	   7.0954848167375917e-01	   6.5636332888158022e-01	   6.2110467965730387e-01	   7.6214453346215483e-01	   2.7389464943247893e-01	   1.3094483529645090e-01	   3.8334758282286313e-01	   5.7003640571256886e-01	   6.4932329314317361e-01	   5.4151924557386999e-01	   5.2955002118664940e-01	   7.5314424593453577e-01	   6.0652383557490663e-01	   7.5851380118515899e-01	   6.8980174789464832e-01	   7.4101999710949185e-01	   4.8619083872895047e-01	   3.1678848440951030e-01	   5.3888774238731951e-01	   6.5596229081280644e-01	   6.8753688812539748e-01	   7.5113727316777723e-01	   5.0062668596236271e-01	   6.6761952871477614e-01	   2.5045894948446012e-01	   3.3608525950846113e-01	   3.7481627089518321e-01	   2.7054377060583314e-02	   6.3002415320408600e-01	   5.5129973143860223e-01	   3.3974721549965070e-01	   3.1560867533304809e-01	   5.0455400009670304e-01	   5.4522073729480813e-01	   3.8334410829843457e-01	   4.3409720542755043e-01	   4.5437043545844802e-01	   3.1139852634624954e-01	   5.9236295980325149e-01	   2.9588361894935877e-01	   4.4877634557137902e-01	   5.4848395930839988e-01	   7.3552752641148955e-01	   6.6483753511519739e-01	   3.7769909574838140e-01	   2.2607061184889021e-01	   4.5015768566162345e-01	   3.4330131224562033e-01	   5.4657664396138839e-01	   6.2739353302571743e-01	   2.1838404615467044e-01	   2.6948458183602220e-01	   6.2770410761326578e-01	   8.3084396896700607e-01	   7.4153712544762151e-01	   7.6403272773106934e-01	   4.8830497771443881e-01	   5.5477221058965465e-01	   4.1307420406719064e-01	   5.6373536558459147e-01	   4.6011648957988638e-01	   3.8110456337385928e-01	   3.7929389140885872e-01	   3.1705162724665870e-01	   4.1639264662259579e-01	   5.2014942764510785e-01	   2.2623377023692859e-01	  -7.3937708397471325e-02	   3.1638829540750169e-01	   3.3555790128223562e-01	   5.4406148097391127e-01	   6.5356993046580192e-01	   6.3946469594859623e-01	   6.3800372626695800e-01	   3.3519570369332186e-01	   4.2972522783755607e-01	   7.8690395835572347e-01	   7.0210424784908954e-01	   7.1182435467200611e-01	   5.6979174462533089e-01	   6.5727357892229876e-01	   5.2078865556993059e-01	  -4.8311354661054948e-02	  -6.1133667165966618e-02	   5.9604618477156368e-01	   5.0340216871532661e-01	   6.3513743360849595e-01	   6.0878842754887441e-01	   7.6805084756171116e-01	   7.0506143453130898e-01	   6.1295322083344095e-01	   4.3995149638409203e-01	   4.8202806059884007e-01	   4.1900213020427762e-01	   6.2917916635938165e-01	   6.2163556562036804e-01	  -1.7745882537920415e-01	   4.7490646737770714e-01	   5.3335226900276866e-01	   5.7972955823691619e-01	   7.0963595797658818e-01	   5.1685030944946253e-01	   3.3992835813246386e-01	  -1.5787665766447502e-02	
   6.6772205358564107e-01	   4.2311326722263487e-01	   8.0394920904548706e-01	   8.2953098591251129e-01	   8.9131671846311211e-01	   8.9988029917059154e-01	   0.0000000000000000e+00	   8.9174531413256752e-01	   8.9576412849254505e-01	   8.2666572788794856e-01	   5.8014734466646356e-01	   5.8078503861643860e-01	   7.4794414651203733e-01	   5.4264761640292281e-01	   6.9189561749110318e-01	   7.6402969353878747e-01	   2.5295334136141195e-01	   1.9083789792320208e-01	   5.9844396255273158e-01	   6.7714025943614942e-01	   5.6759021305330104e-01	   4.4495962149537632e-01	   6.4044154911594320e-01	   7.8594909850022066e-01	   6.3818794990073235e-01	   7.1879902111498706e-01	   6.8988334962436415e-01	   6.8151948084762237e-01	   4.9304365087271024e-01	   3.5630511090839112e-01	   6.2736764382284627e-01	   7.0711118448504873e-01	   7.1762583041419969e-01	   7.7452343392361711e-01	   4.9805775243848605e-01	   6.2660822469403099e-01	   2.8992298122488369e-01	   3.5850666359127170e-01	   4.1325787344668796e-01	   1.6721268366845489e-02	   6.0706950471201204e-01	   5.5335643753654351e-01	   2.7911839870009436e-01	   2.5753048332758549e-01	   3.8921497930781335e-01	   3.9997542281747672e-01	   2.5469807213790824e-01	   3.1695634771237052e-01	   2.7548429244138378e-01	   1.0719825244672207e-01	   4.7130355766555498e-01	   1.8667955573427281e-01	   3.9296745961296181e-01	   5.1954499292698264e-01	   6.4293282760188286e-01	   5.4040062499866359e-01	   4.0887679042766945e-01	   2.4161121736802826e-01	   4.0119199030981278e-01	   1.8982759173779856e-01	   5.6396476296616016e-01	   5.2485705468413912e-01	   1.8786952070697688e-01	   1.6903814943277273e-01	   7.1870313434931021e-01	   7.0159089054574886e-01	   6.7736717644220790e-01	   6.5181510105958917e-01	   6.1653448003689704e-01	   5.4482571192624074e-01	   5.0945080116677355e-01	   5.2933970415108411e-01	   5.2547857086434624e-01	   4.4201448351722622e-01	   4.9335813382418725e-01	   4.0344354994424902e-01	   4.9392885215469917e-01	   5.5019212110456606e-01	   2.5420126705606649e-01	   8.2012490636083360e-02	   2.3545513000959695e-01	   4.0071650559549721e-01	   5.8108756025844133e-01	   7.2959293247497026e-01	   6.2938483260921674e-01	   6.1023408555175118e-01	   3.7778371310039083e-01	   4.5169305755631972e-01	   7.7744605973630865e-01	   6.8400347129284067e-01	   6.1602232759200981e-01	   5.5625119613034435e-01	   6.4731081202677121e-01	   5.7617158472676944e-01	   1.3376175963904698e-02	  -1.6168816489292276e-02	   4.9688618779714749e-01	   4.6323974037343318e-01	   4.8070409796653557e-01	   5.3088427097437507e-01	   7.4187523280477097e-01	   7.4252813197132872e-01	   5.7974184657503258e-01	   4.9720307840895106e-01	   4.6250228255981096e-01	   4.1207435790341218e-01	   5.9090867591755014e-01	   5.8730314777186099e-01	  -1.0338385874814929e-01	   4.6551428568403630e-01	   4.5115513689994835e-01	   4.9727501671920082e-01	   6.5027600433400135e-01	   6.3193504039604587e-01	   3.7612879005065769e-01	  -1.5927796553316088e-02	
   5.8832242091219733e-01	   4.6317756631693396e-01	   5.9528280072604733e-01	   8.7460768175812431e-01	   7.8020382805780675e-01	   9.5216269507865348e-01	   8.9174531413256752e-01	   0.0000000000000000e+00	   8.0991471845885354e-01	   8.4473839041897070e-01	   5.1507598688662748e-01	   6.9425630073634170e-01	   6.8124565810212911e-01	   6.5105456181931820e-01	   5.8913145920484511e-01	   7.7851242249012786e-01	   3.7954656142873988e-01	   2.4947151717590099e-01	   3.8222817380935126e-01	   5.8734187544385674e-01	   6.1409854015935061e-01	   5.3482640458714692e-01	   5.0260147818575540e-01	   7.5615513298830661e-01	   5.8995827104288245e-01	   7.5517796127044079e-01	   6.0031532533357612e-01	   6.6419886953658658e-01	   5.7520977404986751e-01	   4.1063621703745551e-01	   5.7565113860405892e-01	   6.9525747129097959e-01	   7.4063290064143095e-01	   8.2192446436099387e-01	   5.2251214750177233e-01	   6.8973993102750430e-01	   2.1972412909329234e-01	   3.0775170281518527e-01	   3.3172660590105929e-01	  -3.2745586644722852e-02	   6.4549607251433150e-01	   5.5409534402997185e-01	   3.5325599394175100e-01	   3.2275107858346641e-01	   5.3333101737943656e-01	   5.7671297688769740e-01	   4.1388790347564897e-01	   4.3330811927575941e-01	   4.2944849258353557e-01	   2.6808383382001844e-01	   5.3797336950394481e-01	   2.3639763466146710e-01	   3.9215938339865075e-01	   4.9982563271814157e-01	   6.8744684208671303e-01	   6.3754656079173455e-01	   4.5119338434550738e-01	   2.6350727401630669e-01	   3.6939896471267558e-01	   2.7508183020547222e-01	   4.9315618853932819e-01	   6.4284613334791962e-01	   2.9847423009901658e-01	   3.5949052054292291e-01	   6.6736388461749008e-01	   8.7244832066387579e-01	   7.4589410016307367e-01	   7.8421332231365914e-01	   4.7254186778415763e-01	   4.7788265870553476e-01	   3.7279066229274826e-01	   5.5022841900877650e-01	   5.2415816692319650e-01	   4.5941846601552405e-01	   4.3660813886601674e-01	   3.7525420780808866e-01	   4.6778721701021864e-01	   5.6114337636591860e-01	   3.1128458803486581e-01	   1.6267781319830111e-03	   4.1283941799718082e-01	   4.2823030980132404e-01	   5.2211687161219622e-01	   6.8231087371890864e-01	   6.6225322773669770e-01	   6.6449036811887241e-01	   3.2655079190240743e-01	   4.5292965200102026e-01	   7.4378836627784684e-01	   6.6429956554488723e-01	   6.4227014975204133e-01	   4.5221200834100583e-01	   6.1457205490757016e-01	   4.1344645945474506e-01	  -1.4689908052297332e-01	  -1.6092162333282739e-01	   5.7728672932845182e-01	   4.8351713301244859e-01	   6.0058797546370157e-01	   5.6318744354149275e-01	   7.6264612270242793e-01	   6.2602434731966561e-01	   6.1514651899952266e-01	   4.1878861329333650e-01	   4.9065936793778347e-01	   3.3476725750077629e-01	   5.5992055615039138e-01	   5.2906775077532409e-01	  -1.7291569433320231e-01	   4.0823579194814708e-01	   4.8367865083851619e-01	   4.9878064113398868e-01	   6.0342148934550388e-01	   5.4017206288957809e-01	   3.3274649093978709e-01	  -1.4601508416645895e-01	
   5.4811406393607409e-01	   3.2658596743306911e-01	   7.1926668725220377e-01	   7.3435960242838605e-01	   8.8086627075830470e-01	   8.5945962165093004e-01	   8.9576412849254505e-01	   8.0991471845885354e-01	   0.0000000000000000e+00	   8.5144486054613411e-01	   4.9692233381884343e-01	   4.9303355422909972e-01	   6.8700973932334986e-01	   4.8354983273709323e-01	   6.4319714648571447e-01	   6.0145633513416707e-01	   1.5110476863694444e-01	   4.0803568670508106e-02	   4.8384279781260686e-01	   5.4617560028001022e-01	   5.2157096355527788e-01	   4.0954011399136586e-01	   5.1127275563988173e-01	   6.3183661383582501e-01	   5.5276087640051641e-01	   6.0693789281521804e-01	   6.3270737405111521e-01	   6.1870381597181678e-01	   4.1590770809742728e-01	   2.5514438519971067e-01	   4.9845709589616805e-01	   5.8211171426290598e-01	   5.2072730191308969e-01	   6.2044585351886672e-01	   3.5944112878490719e-01	   5.0637840146675273e-01	   1.6261528095730882e-01	   2.8526691254022424e-01	   2.6896981379082940e-01	   8.2161719727469433e-03	   5.0810273888470059e-01	   4.9473127093092295e-01	   1.7370935395912768e-01	   1.7244966237910447e-01	   2.8679887167678297e-01	   2.9686174096780882e-01	   1.0447582293700217e-01	   2.0369662932677157e-01	   1.9312407321144412e-01	   6.5851612682234981e-02	   3.6160467016629472e-01	   1.4344910991239845e-01	   3.4709200743818902e-01	   4.7906533870008322e-01	   5.2956471044901199e-01	   4.3965703354983082e-01	   2.7056596307918479e-01	   1.6682491403084942e-01	   3.4800866538950864e-01	   1.9758669105960597e-01	   5.4585724966085492e-01	   5.1786710842173178e-01	   6.4733682232202050e-02	   8.0980296869911678e-02	   6.0308831738912605e-01	   5.9267017521155685e-01	   5.1722186071764420e-01	   5.1836815115781576e-01	   4.6477614284107788e-01	   5.0275605198828610e-01	   3.9998993900741542e-01	   4.3532578653102744e-01	   3.8978605093382496e-01	   3.2261680284086786e-01	   3.6137792734675600e-01	   2.8738876099080746e-01	   3.1826731421397481e-01	   3.9499784025301055e-01	   1.6409032928535433e-01	  -2.9121684608904408e-02	   1.2838055537038839e-01	   2.4762900083880723e-01	   4.9572522499801597e-01	   5.4567731454532420e-01	   4.8733206077227442e-01	   4.5489535800644709e-01	   3.0890810262218638e-01	   4.0636515775566040e-01	   6.8808241592610064e-01	   5.7303805800804031e-01	   5.6743835706530821e-01	   5.4365643079613379e-01	   5.6926284248822479e-01	   5.3825644222686542e-01	  -2.0109893078234894e-02	  -3.6196124532130711e-02	   3.5646980947465851e-01	   2.4422219101745216e-01	   3.9450612442591992e-01	   4.4810055841392921e-01	   6.3338245294485929e-01	   6.9837891209148606e-01	   4.7451080616983005e-01	   3.9437160486515410e-01	   3.4425632248796434e-01	   3.6284944933454688e-01	   5.8175286013397265e-01	   5.5539306395400223e-01	  -1.0519236270758961e-01	   3.6895023190732129e-01	   3.4207446568878891e-01	   4.4451555425166822e-01	   6.4120870609013569e-01	   4.9390345507591049e-01	   3.4991863853073318e-01	   3.2513971879842986e-02	
   4.9629606625702705e-01	   2.6543593859632253e-01	   5.2192227448102846e-01	   7.0077430679444186e-01	   7.6059367008079382e-01	   8.8523975529394927e-01	   8.2666572788794856e-01	   8.4473839041897070e-01	   8.5144486054613411e-01	   0.0000000000000000e+00	   4.2829755440192985e-01	   5.4462013104850338e-01	   5.9739463861129793e-01	   5.2275351443093165e-01	   4.2286464710507027e-01	   6.0797657304169239e-01	   2.0430466728314256e-01	   3.9219230414017904e-02	   2.1892547623959874e-01	   3.9088881482988336e-01	   5.5003898304855947e-01	   4.5319268093125020e-01	   3.6711493673704299e-01	   5.7021470185289713e-01	   3.5072908531551367e-01	   4.9215943667472628e-01	   4.7501364435465104e-01	   5.0768187486640259e-01	   4.3926137945548649e-01	   3.4664610235159860e-01	   3.8538870516997603e-01	   5.1760688673640820e-01	   4.4154490490572712e-01	   5.3246095577903363e-01	   2.6332202668360760e-01	   4.3413955318232500e-01	   1.3306720010788314e-01	   2.3554892693002882e-01	   1.9937906423490276e-01	  -4.5510990023229711e-03	   3.7635525451590790e-01	   4.1427225194348360e-01	   1.6108610421139563e-01	   1.4031226596375551e-01	   2.9373133699034737e-01	   3.2423193247519561e-01	   1.7927259861485459e-01	   2.1739693480045946e-01	   2.0104746483429034e-01	   6.6750443355206440e-02	   3.3471827813798483e-01	   9.0249344076295396e-02	   2.8820497367252201e-01	   3.8740700199500611e-01	   4.7479093634694181e-01	   4.0634466382259871e-01	   2.5345902908950274e-01	   8.9216952750857725e-02	   3.8692542277656916e-01	   2.6335276058351037e-01	   5.8606986387135762e-01	   6.7035529070740063e-01	   2.4589067185202654e-01	   2.0065742260784400e-01	   5.2975484063567813e-01	   7.0435082657726233e-01	   5.5029962968509816e-01	   5.6117654394992833e-01	   3.1928532021433764e-01	   3.3735306759424849e-01	   2.8128081387090109e-01	   3.7786420800192116e-01	   3.1945670969179918e-01	   2.3361956038148463e-01	   2.9720731593093774e-01	   2.1292553909744744e-01	   2.7936291469167579e-01	   3.5126171012200735e-01	   1.9731314412994982e-01	   5.4385371861030035e-04	   2.1517967115602860e-01	   2.2464536503448074e-01	   3.7242578806382809e-01	   4.9242590589660223e-01	   4.6257958160727430e-01	   4.2011326347104971e-01	   1.2583566085154987e-01	   2.5599595551524762e-01	   6.1198662650090252e-01	   5.2770880008710686e-01	   5.3658855522393822e-01	   4.9241711728966864e-01	   5.6668696771312221e-01	   4.7215186824191513e-01	  -6.6947636183107312e-02	  -3.4415242319140817e-02	   3.4855829791129334e-01	   2.9395173216136733e-01	   3.8745134236044432e-01	   3.9094455797671079e-01	   6.4565443162436131e-01	   5.9932665315002043e-01	   5.1194883275276792e-01	   3.9278986036440106e-01	   3.6007070775408595e-01	   3.1814982991786489e-01	   4.7900473844221825e-01	   4.6167442999713071e-01	  -1.7826448512909726e-01	   3.7556586310295992e-01	   2.9440116881871636e-01	   3.5111078007923624e-01	   5.9305305211339865e-01	   4.1189858925321121e-01	   2.5487885610549921e-01	  -5.0299535943244530e-02	
   8.4416083950237908e-01	   6.8257947911120831e-01	   6.2247060625588080e-01	   5.9863305427915625e-01	   5.6723096412137974e-01	   5.3191767354261010e-01	   5.8014734466646356e-01	   5.1507598688662748e-01	   4.9692233381884343e-01	   4.2829755440192985e-01	   0.0000000000000000e+00	   7.0774690313516597e-01	   8.3310539308013065e-01	   6.7830359168867105e-01	   7.2056128745774040e-01	   6.6277157091480710e-01	   3.2050703009098713e-01	   5.0316600782028953e-01	   6.9051540531508504e-01	   6.3850537189208711e-01	   2.8018733180063182e-01	   2.1276108244628589e-01	   4.1214348182579169e-01	   4.8472630901279079e-01	   4.6398476173876868e-01	   4.4738185446143264e-01	   6.7197508313505783e-01	   6.4312029605056575e-01	   4.5486999144632245e-01	   4.2374730705666569e-01	   3.4703060342622760e-01	   3.6122953018270093e-01	   6.4179752783205868e-01	   5.6883233372480979e-01	   2.6606242120461171e-01	   3.2252258776444498e-01	   2.1843293700849953e-01	   3.1660733083308445e-01	   4.1582854760610222e-01	   2.1224359971882625e-01	   5.5452378887229270e-01	   3.6767536888238822e-01	   8.7614551042291849e-02	   9.4449262902737197e-02	   8.6114001220326225e-02	   1.7089265335347356e-01	   1.4065746316658342e-01	   1.4414323874442769e-01	   2.9355641039627645e-01	   3.0378193454919750e-01	   7.0561723388410358e-01	   5.7983936431758543e-01	   6.8638435726906000e-01	   6.4983956225143269e-01	   6.8275882922006925e-01	   5.5791145353208060e-01	   6.1725251515341806e-01	   5.9949494826952843e-01	   6.3916195362442552e-01	   3.9794300031698476e-01	   6.6911360846015433e-01	   3.5091116537546607e-01	   3.6336631255298679e-01	   3.0333938058858689e-01	   2.9728628732238771e-01	   4.1152457279666038e-01	   5.1908880074857355e-01	   4.1676940323592659e-01	   5.8343820203019559e-01	   6.0141657717610808e-01	   4.9709733931155980e-01	   3.6646730443314335e-01	   5.9598528287744823e-01	   5.3201102111984389e-01	   5.9563717697152940e-01	   4.0556504058236453e-01	   5.9113575448357469e-01	   5.9853364934292963e-01	   2.2498439192861849e-01	   4.4261947479378061e-01	   4.2414030131553337e-01	   6.2681864934397646e-01	   6.3720225734391933e-01	   6.8657376162708172e-01	   6.6148260673016468e-01	   6.0429466013108313e-01	   4.8833132154191111e-01	   1.0518010915038709e-01	   6.7471674775737567e-01	   6.9754458995385216e-01	   3.9314163268680224e-01	   2.4000272256431585e-01	   3.1949242917632470e-01	   3.1220653988379787e-01	  -1.1206072409212774e-01	  -1.2186570337532293e-01	   3.3850061257326114e-01	   3.9879638171809662e-01	   3.2895538630075694e-01	   3.1880183952590535e-01	   4.8281722724572396e-01	   5.0267153700393441e-01	   4.2148672747148830e-01	   3.8215650008597385e-01	   4.5215564109305584e-01	   3.5835965714402374e-01	   2.9428776385883604e-01	   2.9531891577922531e-01	  -2.8758267063427514e-02	   1.8581242309787560e-01	   1.6246739396622020e-01	   2.5547283193100323e-01	   3.6936534546704325e-01	   4.9318127307524584e-01	   3.9157237724488975e-01	   1.0563528713041921e-01	
   7.7940350884845166e-01	   8.2597581578298018e-01	   4.0590307640134726e-01	   6.6333497945337461e-01	   4.8457497709807584e-01	   6.9278844528763073e-01	   5.8078503861643860e-01	   6.9425630073634170e-01	   4.9303355422909972e-01	   5.4462013104850338e-01	   7.0774690313516597e-01	   0.0000000000000000e+00	   7.1193557773119120e-01	   9.1153478255830089e-01	   5.8112653797936797e-01	   8.0069638008449617e-01	   4.9203200056271734e-01	   5.3328559235709316e-01	   4.2339244433193846e-01	   5.8669362132508796e-01	   5.1383382364026264e-01	   4.3938176791738381e-01	   2.7019857401317970e-01	   5.1402270992518218e-01	   3.5630114690118719e-01	   5.0390686345563740e-01	   5.9333514156332123e-01	   6.6945963410508924e-01	   5.7097666656512891e-01	   4.9341601314158084e-01	   3.2917410910716888e-01	   3.8205517928465460e-01	   5.7811384232143403e-01	   5.7331577325486927e-01	   1.8800684950842717e-01	   3.2502302103869130e-01	   2.4094649204121277e-01	   3.4299543931526744e-01	   3.1401764593707382e-01	   1.4012377298520462e-01	   6.5264720901486561e-01	   6.0737886192384782e-01	   1.0677559835120468e-01	   7.3001292677425514e-02	   2.1112778192403731e-01	   3.1571706810218292e-01	   2.6786915793277338e-01	   2.1836520112515201e-01	   3.7276572304198152e-01	   4.3939761891768547e-01	   7.2374585808101699e-01	   5.8669784906476929e-01	   7.9239684289469992e-01	   7.7216473321315260e-01	   7.0835840831451136e-01	   6.9595094034730209e-01	   7.0040341016764351e-01	   7.1817992239900297e-01	   6.3060163143278936e-01	   5.7334202837480830e-01	   6.5972183909780957e-01	   7.0597316738673843e-01	   4.0516343648959163e-01	   6.2003548966742750e-01	   2.0081087904449132e-01	   6.0091254141292860e-01	   5.2562735864939636e-01	   5.0210715237166559e-01	   4.0829673345193596e-01	   5.3332011286719228e-01	   4.2235325471388385e-01	   5.5259388748226146e-01	   6.2944094753719737e-01	   6.0887414442303955e-01	   5.2679584019260894e-01	   4.1937583854807692e-01	   5.4894195299761650e-01	   6.3752359595241559e-01	   3.6458965110257552e-01	   1.8102562112263063e-01	   5.4599167835145956e-01	   5.3018643728048864e-01	   4.8723465335669641e-01	   6.5301490429806375e-01	   4.9602848109788578e-01	   6.8155605766589167e-01	   2.8338385783565906e-01	   1.6424315471108925e-01	   5.4232311182971804e-01	   7.5163627542959188e-01	   4.9201506739271894e-01	   2.3329665625050522e-01	   4.0664380166817005e-01	   1.8399562107506426e-01	  -2.4276724926481014e-01	  -3.3021537761003883e-01	   3.7000664787736914e-01	   3.9947490158220234e-01	   4.7187622210440172e-01	   3.9209940592485676e-01	   5.5017311718963757e-01	   4.4060896833983365e-01	   5.0527044868365534e-01	   2.8880598397536122e-01	   4.2761032499548068e-01	   2.4322854062582769e-01	   3.6136101696392309e-01	   3.2378293596781538e-01	  -1.6941723234205783e-01	   1.9183719577053751e-01	   2.0271862898659437e-01	   3.5058545532648899e-01	   4.5854273451414401e-01	   4.4081305759594869e-01	   3.2157703531557447e-01	  -4.2901625253187053e-02	
   7.8441612498284452e-01	   5.5297249184887720e-01	   7.0104026679471243e-01	   7.3528203927556501e-01	   6.9276284357887175e-01	   7.0954848167375917e-01	   7.4794414651203733e-01	   6.8124565810212911e-01	   6.8700973932334986e-01	   5.9739463861129793e-01	   8.3310539308013065e-01	   7.1193557773119120e-01	   0.0000000000000000e+00	   8.1373681584281765e-01	   7.6003503162758190e-01	   6.9461466562818441e-01	   2.4922180737164823e-01	   3.0082237168529974e-01	   5.8383299135355071e-01	   5.6704503522312244e-01	   5.3623203121415297e-01	   4.0036610889700452e-01	   5.0202261979366491e-01	   5.9874262068178297e-01	   5.7487928866506333e-01	   5.9944599341708127e-01	   7.6690429446695407e-01	   7.7988560460956569e-01	   4.3906745395532421e-01	   4.1358710790059083e-01	   4.5881505770783437e-01	   4.9591102310638902e-01	   6.9437483056244109e-01	   7.0162089254527649e-01	   4.4413387634310952e-01	   5.3024989498230157e-01	   4.0216146907244810e-01	   4.8205274333075532e-01	   5.6019356402062659e-01	   2.6907186358553847e-01	   6.5830938765274949e-01	   5.5892015179678722e-01	   8.7065830324765447e-02	   5.4787211789459361e-02	   1.7951089679295201e-01	   2.4417360137507971e-01	   9.7243018684256222e-02	   1.2455386180351381e-01	   2.0918186524803697e-01	   1.4185537811418669e-01	   5.6297924674495325e-01	   3.2975637441107625e-01	   5.3016955470967997e-01	   5.5984676155075330e-01	   6.6279405971549166e-01	   5.1930885383518144e-01	   4.9488178044134246e-01	   4.5236604980691947e-01	   5.5127377933063770e-01	   3.1535982610723734e-01	   7.2652888660527426e-01	   5.0301382162117225e-01	   1.6250694281510056e-01	   2.0098502060789131e-01	   5.1577230666875251e-01	   6.1179550263707672e-01	   5.9393520418674473e-01	   5.3542092320383983e-01	   5.9527957299196166e-01	   5.6869269801269340e-01	   5.0684537347595437e-01	   5.0327905106363224e-01	   6.1491912186679920e-01	   5.5995393778167379e-01	   5.9214150144567201e-01	   4.4010109326085506e-01	   5.5142697215566150e-01	   6.2877612185833809e-01	   2.4488299877868208e-01	   2.8445016473968748e-01	   3.0954012878077752e-01	   4.6807053571462909e-01	   5.5746888635360914e-01	   6.8516300212908188e-01	   6.3526882964796405e-01	   5.0891579865264935e-01	   5.2650804946092100e-01	   2.4967386667392866e-01	   7.6563656895489018e-01	   7.2172487515418426e-01	   4.7465459172475927e-01	   3.5387337513171668e-01	   4.4010740496064055e-01	   4.3314499335678724e-01	  -4.1668702154878681e-02	  -3.7446034652688767e-02	   4.2067063998316456e-01	   4.0911754750000029e-01	   3.4707543813941277e-01	   3.5135759053490784e-01	   5.9157298394977886e-01	   6.3174406588514420e-01	   4.9839814997075427e-01	   4.3457674821331510e-01	   4.4226507916713065e-01	   3.7481424995095891e-01	   4.2776455298562499e-01	   3.9130487677996173e-01	  -4.9813191143084329e-02	   3.6456688830963602e-01	   2.9951832450708615e-01	   3.3181288800221437e-01	   5.0877812360667152e-01	   5.7224115440671253e-01	   3.7542365392196447e-01	   1.8305832642568093e-01	
