   0.0000000000000000e+00	   7.7136377996067806e-01	   5.7515064361837398e-01	   6.0414816480274425e-01	   2.4565529539510711e-01	   1.0101079412267305e-01	   5.2236188080008406e-01	   4.0602650159217651e-01	   3.6154570628816690e-01	   4.1707563704043882e-01	   8.1778073195172674e-01	   6.3764905583746290e-01	   6.8079837294037870e-01	   5.2138416779867991e-01	   3.4957309937952952e-01	   2.9416990810080546e-01	   2.8400757798518100e-01	   2.1926005983940441e-01	   5.2429979915828362e-01	   5.8793717475959795e-01	  -2.0365330894990927e-01	  -1.4889605574900144e-01	   4.3857041962935428e-01	   4.2974297946314183e-01	   9.8589141648654760e-02	   1.2483016909029465e-01	   1.5057060194750654e-02	  -1.3874627730832573e-01	   9.7033857619498162e-02	   8.1634533019854766e-02	   1.2663473686778456e-01	   1.2237623073669540e-01	   2.5742235430097832e-01	   3.1173577606545533e-01	   6.8119136242983602e-02	   1.6642735395616969e-02	   2.4933975252073537e-01	   3.2899388332444951e-01	   5.1578791860953721e-01	   4.0907701983505390e-01	   3.4777438399064453e-01	   2.3904247760248010e-01	   4.0321628431005320e-02	   1.5310873198366559e-01	   7.5770406073416036e-02	   1.3145238314287941e-01	   1.4058556338669437e-01	   2.8329139199141595e-01	   3.8066020420072866e-01	   4.7053822296499298e-01	   5.8796935071478573e-01	   5.6024899728888256e-01	   5.5949566761071345e-01	   5.8377812893008951e-01	   6.6851025055855462e-01	   6.6764189617636416e-01	   6.5773048604591111e-01	   7.0175827330381724e-01	   6.7967011562423874e-01	   5.6495809636885397e-01	   6.2138166851055443e-01	   3.1345065820385559e-01	   4.9768157591813900e-01	   4.1831758242722350e-01	   1.4956985578203924e-01	   3.7203967612024985e-01	   5.2727165521475572e-01	   5.2416349924086059e-01	   4.3057205256731157e-01	   3.9688071509878708e-01	   1.9043881778300953e-01	   3.3193783392567366e-01	   3.1203836017194830e-01	   3.3938631768312932e-01	   3.7143739794226299e-01	   3.8059891955518971e-01	   1.9127784922531155e-01	   3.5767560373915863e-01	   4.8590826006896889e-02	   1.2231568624168485e-01	   2.2014898299887795e-01	   2.6169078749937441e-01	   8.8728353398908374e-02	   8.1874062149354526e-02	   4.7120596863428121e-01	   5.4625208521418578e-01	   1.5771897281151268e-01	   1.8650683323893044e-01	   6.5327265529632739e-01	   6.5255271775277546e-01	   5.6122797632875709e-01	   5.1051865351583392e-01	   3.6342753463126004e-01	   4.0440312531997968e-01	   4.9086983344876584e-01	   6.9357746415615051e-01	   4.3318339831350117e-01	   7.4086627119166293e-01	   7.7434237287134267e-01	   7.8903748679388497e-01	   4.7230600263050315e-01	   6.0633013431656924e-01	   4.6355473662452895e-01	   5.6090132892115241e-01	   5.5839549327927374e-01	   5.5987271509579528e-01	   7.3635611752683916e-01	   6.2733878174318147e-01	   4.3632639867960932e-01	   4.8145399322533283e-01	   6.2672143030547178e-01	   6.7018393982207647e-01	   6.1257030842088400e-01	   4.9921289434143057e-01	   6.2081938482897892e-01	   6.6339555975541742e-01	
   7.7136377996067806e-01	   0.0000000000000000e+00	   3.5259061462387975e-01	   4.8981629237252522e-01	   1.8429375161558109e-01	   1.1791594158029606e-01	   3.1429521809355310e-01	   3.3668051528076193e-01	   3.3236950119263964e-01	   3.8709193682329263e-01	   6.1446591661087746e-01	   5.3918694554505930e-01	   5.2322237192507171e-01	   4.0713267797539376e-01	   2.5894326957891883e-01	   1.3061614698933324e-01	   2.0655023273027068e-01	   1.9900712880799656e-01	   3.9782896927645239e-01	   4.8481372093373942e-01	  -3.2204257207742898e-01	  -2.8271023778604543e-01	   2.6739309802070355e-01	   2.9515673943332743e-01	  -1.7081736213900887e-02	  -1.4188026097628849e-02	  -1.1416312038148194e-01	  -1.5146931164455404e-01	  -4.8225155449706132e-03	  -4.7833410027910053e-03	  -5.6733253407916115e-02	  -8.7460504933920810e-02	   1.4843949065033363e-02	   3.0027841151579845e-02	  -1.6075551392139253e-01	  -1.9442687762660898e-01	   1.0055433146934090e-01	   1.9546810557226657e-01	   3.4982126615748377e-01	   2.3984399206896162e-01	   3.1655886513936338e-01	   2.3411639771223441e-01	  -1.0289244127101115e-01	  -9.6305663927382362e-03	  -5.8228695655607531e-02	   2.5363323530181413e-02	  -6.0273278647082082e-02	   7.1010285809425755e-02	   2.9778671064575746e-01	   4.7051102218308771e-01	   4.5458445362002931e-01	   5.2968371226434430e-01	   4.3782350349254517e-01	   5.6463581671798813e-01	   4.1015435828837898e-01	   4.4572598527341584e-01	   5.5229135628180037e-01	   7.0208594721633943e-01	   5.7109744218319580e-01	   5.7919945632395775e-01	   4.9240340185855769e-01	   2.5714133265044692e-01	   2.9952005845414786e-01	   1.8868770899314444e-01	   5.7082493443487863e-02	   2.5790607939046434e-01	   3.1743917932621918e-01	   3.0345336845481702e-01	   4.9753420309666485e-01	   5.8031189212390244e-01	   1.7387300328228252e-02	   9.0648588362642682e-02	   2.1227923590224348e-01	   2.1961584645075050e-01	   2.9385332559296573e-01	   2.6105925357838167e-01	   7.8531844912270499e-02	   1.7973942401189863e-01	  -1.0655689171713782e-02	   1.0586649063617276e-01	   2.5015048811534402e-01	   2.5511841603874152e-01	  -5.2436955561214063e-03	   3.8681787125136854e-02	   3.9217878248862442e-01	   3.9634630941728655e-01	   8.2553525332021094e-02	   8.9117620490717697e-02	   4.6005609193998276e-01	   5.7498968209744250e-01	   4.2976977072410122e-01	   4.2013550077482309e-01	   3.6518083922437428e-01	   4.2704007520596365e-01	   2.7810887796376471e-01	   5.6296991180963696e-01	   1.3204056019505073e-01	   4.4385719430720116e-01	   6.6230184038997120e-01	   5.6000937935885842e-01	   5.4905928065093756e-01	   5.8735398975596242e-01	   4.8181796654204490e-01	   5.1523454514446687e-01	   4.0259749238192277e-01	   3.8706381596244710e-01	   6.0775563776365660e-01	   4.6292244852510078e-01	   4.6600745685813638e-01	   2.7482042925892747e-01	   3.8300433722352728e-01	   5.4466043422159072e-01	   5.3218879360502047e-01	   4.0512220580779912e-01	   4.3351156436839972e-01	   5.2932080926756531e-01	
   5.7515064361837398e-01	   3.5259061462387975e-01	   0.0000000000000000e+00	   7.9914215810354394e-01	   6.5076630609959629e-01	   1.7736507159046475e-01	   7.9083588405498029e-01	   6.4038204100337692e-01	   6.3055241449169364e-01	   2.3400641631567248e-01	   6.1401133462085300e-01	   4.5984179233648892e-01	   6.7720559126148316e-01	   6.3963219754217027e-01	   7.6322653910509219e-01	   7.1897918092993740e-01	   3.7134592552807338e-01	   2.6061632001809926e-01	   6.7025630909499123e-01	   5.8797425528535219e-01	   4.0973712699546683e-01	   3.9781189890469160e-01	   7.7812035298219984e-01	   7.5223999240153661e-01	   7.2464597078729631e-01	   5.5406228704170013e-01	   6.3883149263217542e-01	   3.8841036241429749e-01	   2.8400775794745509e-01	   3.2683102942304743e-01	   5.6591414167464216e-01	   5.5973871220174176e-01	   4.7703006328749198e-01	   4.4642048015637326e-01	   4.8502599494213916e-01	   3.6944719005340376e-01	   4.8194724980153286e-01	   4.6665938608634272e-01	   6.3253667963611382e-01	   4.2611763209625275e-01	   4.1855128997588176e-01	   1.9484235587005633e-01	  -5.3076382586080564e-02	  -1.6457136351841369e-02	  -5.1871909307774376e-02	  -1.1039537631391586e-01	   2.4310620817972736e-02	   1.8696239662553654e-01	   1.5847859884193638e-01	   2.7270456524480780e-01	   5.2842858351076893e-01	   4.2256120638747852e-01	   4.1779810089363539e-01	   5.0393679844065498e-01	   4.7558010933630035e-01	   4.9059408606533617e-01	   3.8879450624075401e-01	   6.2848691446920357e-01	   6.5907958554929147e-01	   4.6712461078586515e-01	   5.3226508272778927e-01	   4.3544144355946607e-01	   3.9666284329016765e-01	   4.2253260354181654e-01	   4.7995818268482660e-01	   6.1782347150622929e-01	   4.6166240714040951e-01	   2.7536810815148938e-01	   4.6958846101217427e-01	   4.4709271273433038e-01	   4.8454249485750372e-01	   5.7022648520407149e-01	   3.0954880628763604e-01	   2.4599373394556903e-01	   2.7727407504856738e-01	   2.1135667817202933e-01	   1.2221419842930727e-01	   2.0441948671249829e-01	   3.3693948995896206e-01	   2.7577325550678911e-01	   3.4848207848752144e-01	   3.5218528236234431e-01	   5.3270552181004605e-01	   4.5266405784660252e-01	   7.6112770332292012e-01	   6.3075339066744940e-01	   5.0068869223896106e-01	   5.8339578702921635e-01	   7.7376546601081031e-01	   6.4681316285336443e-01	   5.6698305094829626e-01	   6.2575370545647624e-01	   4.3951442386327716e-01	   5.5668149137061174e-01	   3.1194180160757023e-01	   4.6831055640218788e-01	   2.5343605177833711e-01	   5.4966433093263789e-01	   3.7540877280680540e-01	   4.8953869893713309e-01	   3.5338595026346631e-01	   5.8391042415135730e-01	   4.5623799728019432e-01	   6.8904617897348719e-01	   7.1621590497020615e-01	   7.6082821448914251e-01	   5.8772408168035750e-01	   5.7713467315897859e-01	   3.6509639786332837e-01	   4.9727650708455795e-01	   4.9861538235628189e-01	   3.4881258215437222e-01	   4.2759207567548690e-01	   6.3109023657020857e-01	   6.9196196273554411e-01	   5.0114620072102345e-01	
   6.0414816480274425e-01	   4.8981629237252522e-01	   7.9914215810354394e-01	   0.0000000000000000e+00	   6.3380598034963498e-01	   4.0305806895083679e-01	   6.8210917600010046e-01	   8.0242766537699417e-01	   6.4037251451276034e-01	   4.8379141034192230e-01	   6.8644244648073927e-01	   6.0808538795578748e-01	   6.5349470007705412e-01	   6.1674782351454960e-01	   5.3293614204513895e-01	   5.1584599340721760e-01	   4.4341084063053360e-01	   3.0172665949568456e-01	   6.7091466134130495e-01	   7.1757993948331023e-01	   2.1841503383229274e-01	   2.5959327338861848e-01	   5.3626504565900324e-01	   6.6601454144872907e-01	   5.2264544365698762e-01	   5.0047861133508631e-01	   3.9258639813144386e-01	   2.6771028366248395e-01	   2.7869259856006567e-01	   3.3663936140039924e-01	   3.4607172307197609e-01	   4.0328710864833450e-01	   5.3924134827694470e-01	   5.5431491508259889e-01	   3.1704447537560720e-01	   3.2326115818412021e-01	   2.8491983105149066e-01	   3.7064983747261870e-01	   5.0269929132112123e-01	   3.7105514157727237e-01	   3.2447942960073850e-01	   1.7829466240809433e-01	   1.0613079501302425e-01	   1.5041946951755017e-01	   1.5763721918459742e-01	   1.3895045050709448e-01	   1.3719552514647668e-01	   3.1897947574681035e-01	   2.8407123445275595e-01	   4.3892857426198195e-01	   5.3717997193186562e-01	   4.8737127806910607e-01	   4.1601987858546374e-01	   5.5626964531289669e-01	   4.5785915716834114e-01	   4.8615700385592525e-01	   3.4882925250553914e-01	   5.3993494945713749e-01	   6.2869840687051404e-01	   6.5350950505655314e-01	   6.6352361795454695e-01	   7.6930007232361242e-01	   6.3027286628079127e-01	   6.0934801184615039e-01	   3.5685156937403029e-01	   7.5455844028088714e-01	   4.8186515230238169e-01	   4.3954205508258531e-01	   5.2261666902592530e-01	   5.2077100235712037e-01	   3.1184285133250783e-01	   5.0297899601582630e-01	   2.6208660399121519e-01	   2.5612622880391328e-01	   2.2137200157344622e-01	   2.0122955739876008e-01	   6.2023319085053555e-02	   2.1778930784390260e-01	   3.1041707013580888e-01	   2.6537682513449740e-01	   4.5625222613095628e-01	   4.7198143373811474e-01	   3.0034154787406847e-01	   3.7897908442837008e-01	   6.3503226464378293e-01	   6.5077761020150193e-01	   2.3578118185935604e-01	   3.3183108588225252e-01	   6.8677100931893020e-01	   6.8140663503725607e-01	   5.9521613092614500e-01	   5.0354431548616041e-01	   4.8812472685362940e-01	   4.5683280534329129e-01	   1.8474145843480999e-01	   4.2703665270151298e-01	   2.5684224214014401e-01	   4.8134632661804266e-01	   5.5347003110193893e-01	   5.2824964706378241e-01	   5.7968024344480129e-01	   5.5323380529006583e-01	   7.0283528433246534e-01	   6.9872573368366520e-01	   7.3075340279014522e-01	   7.3038208823847905e-01	   6.3596922001050893e-01	   4.4395160468528350e-01	   4.0011267931780176e-01	   3.7888238767473492e-01	   5.4610139279492498e-01	   4.7523717049992820e-01	   5.9101942300588040e-01	   6.4378399552486487e-01	   6.8352299807602013e-01	   5.7553825691580096e-01	
   2.4565529539510711e-01	   1.8429375161558109e-01	   6.5076630609959629e-01	   6.3380598034963498e-01	   0.0000000000000000e+00	   3.9229676630592136e-01	   6.4351915931152104e-01	   7.6183156744243874e-01	   8.7083867823068628e-01	   4.9243334186939747e-01	   4.9010994301842598e-01	   5.6832256396132008e-01	   5.7559123387449607e-01	   7.0518052637665307e-01	   5.8903646369620866e-01	   6.0249825938588641e-01	   1.4562955975355768e-01	   3.4746853339771039e-02	   4.4103132522106325e-01	   4.2094275629598965e-01	   3.5510748659592128e-01	   2.9502217907929273e-01	   3.9764837395247460e-01	   3.7931546059110366e-01	   6.0996022818349127e-01	   4.1688988341670452e-01	   6.7971639314849464e-01	   5.5465242169330320e-01	   8.7288258123596862e-02	   1.2624472139143247e-01	   3.3529244646757073e-01	   2.4960277335656506e-01	   3.4986372341097099e-01	   3.1057910095732849e-01	   2.5680163289072189e-01	   2.6382870663717944e-01	   1.7592274901843930e-01	   2.3907341122458214e-01	   3.8941629656922649e-01	   2.6770655065312626e-01	   1.2965243614907604e-01	  -1.9528445974130202e-02	  -5.4737950072343408e-03	   3.5422132000254389e-02	   6.4665278543438565e-02	   1.2764089479390617e-02	  -2.2708745515720739e-02	   8.5517589468597374e-02	   3.1775781245173218e-01	   4.7982136559423083e-01	   4.9924207541461452e-01	   5.1092498270736397e-01	   5.3550515168398993e-01	   6.2017918364243863e-01	   3.9665477669047045e-01	   4.3544921907279677e-01	  -1.3077032001041013e-02	   4.4366519499317647e-01	   5.4450933649069311e-01	   6.4391195777467114e-01	   5.7382469051948837e-01	   6.2592894232790519e-01	   2.8512209684278844e-01	   3.1986791695626832e-01	   2.4799299323635660e-02	   4.0004265236537484e-01	   4.8550705307129444e-01	   3.8132757211473700e-01	   4.0668581046270358e-01	   5.0495772330591204e-01	   1.8416261112651482e-02	   2.1471200025821274e-01	  -4.6796382089906732e-02	  -4.0743356129905171e-02	  -1.6365570415795777e-01	  -2.0763829237964451e-01	  -1.7667140427422956e-01	  -4.8092757732185840e-02	   4.1754279050962989e-02	  -9.8053967331671781e-04	   1.9880484331433612e-01	   2.1015887898119234e-01	   3.2067091846157231e-01	   3.0432884949486877e-01	   4.1330238372692635e-01	   3.5236267400918209e-01	   1.7490885204684292e-01	   2.5471438460717816e-01	   6.1465158944096054e-01	   5.7592976963904063e-01	   6.4411533624341266e-01	   5.6869147774060014e-01	   3.8306767819245319e-01	   4.6625653295067715e-01	   5.7818653180319330e-03	   1.7464670064906668e-01	  -2.6873846741417122e-02	   1.5868923346592842e-01	   2.6529875811772463e-01	   2.3925147292902949e-01	   4.8766535849309650e-01	   4.6236346623029967e-01	   5.4187498892321051e-01	   5.9786849201976577e-01	   5.4823271266127904e-01	   6.0286641932358120e-01	   5.6505915706123344e-01	   3.9110421845433668e-01	   9.1217249725518951e-02	   2.3328041603504188e-01	   1.4307020881827431e-01	  -2.5659953816831671e-02	   3.6128275606215338e-01	   4.8356000306201247e-01	   4.2961624053703712e-01	   2.6720229741115648e-01	
   1.0101079412267305e-01	   1.1791594158029606e-01	   1.7736507159046475e-01	   4.0305806895083679e-01	   3.9229676630592136e-01	   0.0000000000000000e+00	   3.5193958258396707e-01	   4.5058924475366352e-01	   4.1628384914139838e-01	   6.1477705647913405e-01	   2.6662822636231664e-01	   2.5278898606594347e-01	   1.6684218661160183e-01	  -1.0754290826532483e-02	  -1.0917883710210387e-01	  -1.9235704955551397e-01	   2.9066827036782306e-02	  -2.2741355094168643e-02	  -5.9396683706594906e-02	   6.3330535317526179e-02	   7.7230433196791529e-02	   1.0822995826982845e-01	  -9.1737731033539383e-02	   8.2550962276013826e-04	   2.1871027007751556e-01	   5.0140491898705286e-01	   2.0887871250776560e-01	   3.1280104899860317e-01	  -1.8900847802681670e-01	  -1.3947317654926306e-01	  -2.4924020037722136e-01	  -1.9613991100402647e-01	   2.8186911631261004e-02	   5.0499385983259988e-02	   7.2759710773959750e-03	   7.6910566351753820e-02	  -1.7572076541076426e-01	   3.4526285104098686e-04	  -6.3805903523850793e-02	  -3.9073452674929211e-02	  -2.5538152123165325e-01	  -2.7196652781790526e-01	   2.4083609964905967e-01	   1.7580948345072475e-01	   3.3006075413478309e-01	   3.4427415062090860e-01	   1.9933190423349639e-01	   1.8397136724362043e-01	   4.3295965318571422e-01	   4.6257374927680683e-01	   4.1359447842615760e-01	   3.3260853181722339e-01	   2.2862510258326030e-01	   3.2812284325271390e-01	   1.6341634475344025e-01	   1.2965608850395638e-01	  -5.8456220764480551e-02	   5.0656496249777812e-02	   1.7658727315074091e-01	   3.8871262274302348e-01	   3.6973061181124334e-01	   6.7986814068554313e-01	   1.8249464177297400e-01	   1.7173039167384313e-01	   3.0990090138176392e-02	   4.7730725029976240e-01	   1.9722530526588294e-01	   2.3289871404831047e-01	   1.5759007319345558e-01	   2.8976911778254699e-01	  -1.1248199650464713e-01	   4.8546345355663469e-02	  -2.8121870030341273e-01	  -2.3988103842552683e-01	  -3.1645727355799314e-01	  -2.7025395247854694e-01	  -2.3665945358901866e-01	  -1.0724741093272126e-02	  -4.4025510277982682e-02	  -5.5127704003279140e-02	   5.3941345347240099e-02	   1.8241932599086011e-01	  -2.8935631395308498e-01	  -1.4424862293479856e-01	   6.0284259766684611e-02	   1.6182272085358979e-01	  -3.0194634784650293e-01	  -2.6773076346011981e-01	   2.8577294449052354e-01	   3.2606886759315740e-01	   4.6778631808905602e-01	   3.1788083653692206e-01	   5.8809765899711919e-01	   3.1379941539108813e-01	  -6.2054700783924492e-02	  -1.1156175131476942e-01	   6.7715953508311472e-02	  -6.7806282057652448e-02	   3.9652518322331054e-01	   2.4404939266458969e-01	   5.9064829277163566e-01	   2.7991151198648345e-01	   5.2349558168416244e-01	   3.6471321202214163e-01	   2.6181238734127882e-01	   2.8762126176316732e-01	   3.2328968739229103e-01	   7.9313746586298597e-02	   7.2619750151665288e-02	  -1.6571483775374546e-01	   8.7775341773844509e-02	   1.9552786217889337e-01	   5.2370287911665903e-01	   2.2309873689576298e-01	   8.2707616728516259e-02	   8.2000477679602585e-02	
   5.2236188080008406e-01	   3.1429521809355310e-01	   7.9083588405498029e-01	   6.8210917600010046e-01	   6.4351915931152104e-01	   3.5193958258396707e-01	   0.0000000000000000e+00	   7.5753702974639370e-01	   6.3954484807419187e-01	   3.2351121910346292e-01	   6.4979789992983528e-01	   4.8415229221690426e-01	   6.9806452931186158e-01	   5.7961300994882758e-01	   5.2782075899861025e-01	   4.9608900491861785e-01	   2.0432895821907909e-01	  -5.6537227281950250e-03	   4.9325117609859781e-01	   4.4702341754129438e-01	   1.9121585703412791e-01	   1.1515687604720859e-01	   5.4793341455761568e-01	   5.3957009847833159e-01	   4.1970679369544273e-01	   2.9986420226730548e-01	   3.8079804858154209e-01	   2.1356141772864920e-01	   1.1213223819890553e-01	   7.1494039486371688e-02	   3.8408128016479376e-01	   3.0702108009312945e-01	   2.5913611048271346e-01	   2.5032066169902456e-01	   3.3745191117629547e-01	   2.1495900498237031e-01	   3.0941495291760074e-01	   2.8813182364810563e-01	   5.1715755153796206e-01	   2.8709584585144798e-01	   3.0274621160096532e-01	  -7.9030198396019252e-03	  -1.5168146479796474e-01	  -1.2107779948275194e-01	  -6.0054197788178477e-02	  -1.0839054511634993e-01	  -8.4046555409954815e-02	   8.0831702336832817e-03	   1.9237855069512921e-01	   3.7887405488581261e-01	   4.7572331204158536e-01	   4.8665801609397291e-01	   4.6783160944727142e-01	   5.5811928035445912e-01	   4.6069405657824158e-01	   4.4332001834143164e-01	   2.3089855761209843e-01	   4.6456254435834077e-01	   5.8689497152199488e-01	   5.0226913426329212e-01	   5.8602625917274220e-01	   4.7436871217540943e-01	   2.8538940019859138e-01	   2.5873284562653898e-01	   3.1927442884593282e-01	   5.2459796185077168e-01	   4.0514965645326556e-01	   2.4415550365039515e-01	   3.2207826367572845e-01	   3.4318812535766141e-01	   2.4354808022797800e-01	   3.9342893389806932e-01	   1.8008942817889462e-01	   1.1509308836308624e-01	   1.9422623231100872e-01	   1.0158269870956754e-01	  -6.5629529301229079e-03	   9.2455844387419051e-02	   7.8048507124181904e-02	   1.8821344165828584e-02	   1.1551698611044876e-01	   7.9803251714845050e-02	   2.4360654810705890e-01	   1.8298334728992488e-01	   4.7602207438842647e-01	   3.5073980056206960e-01	   2.8738666176932792e-01	   3.2186032677923787e-01	   6.8481957916889025e-01	   6.1114878882037615e-01	   8.1859270626319824e-01	   7.4825454552199566e-01	   6.5699158776196576e-01	   5.8434491150893431e-01	   3.9564434051913666e-01	   4.8246955735708263e-01	   1.8006437661320876e-01	   5.3711037612943469e-01	   5.0514556424980428e-01	   5.5301741209497512e-01	   4.8438459667119171e-01	   5.7796027729805344e-01	   4.5454057906284073e-01	   6.2088511279734782e-01	   4.9518019987732020e-01	   5.8760068952702482e-01	   6.1205562289395543e-01	   5.9845492743714557e-01	   4.5415408738650009e-01	   3.8655624732126248e-01	   3.9274333194365052e-01	   3.1878595590130004e-01	   5.2917036035950438e-01	   4.3195621687906949e-01	   5.0002926590529007e-01	   5.1251604598690903e-01	
   4.0602650159217651e-01	   3.3668051528076193e-01	   6.4038204100337692e-01	   8.0242766537699417e-01	   7.6183156744243874e-01	   4.5058924475366352e-01	   7.5753702974639370e-01	   0.0000000000000000e+00	   7.5968297569698939e-01	   5.8835298187274176e-01	   5.7346234532572282e-01	   6.0897317561495834e-01	   5.8446337344564103e-01	   6.9671587007204239e-01	   3.9880261021703534e-01	   4.7792352801501281e-01	   1.7650772029798345e-01	  -8.7098937265327591e-03	   4.0869139625253287e-01	   4.2045215427749244e-01	   1.1775645871984061e-01	   1.2874340856135585e-01	   3.3179523205622907e-01	   3.9917899679116498e-01	   4.4160398785504595e-01	   3.1193541775922679e-01	   4.0184994242148520e-01	   3.2059553114845418e-01	   2.1673434496628358e-02	   7.1143214689412690e-02	   2.1830222018561840e-01	   1.7406411103565128e-01	   2.8473458151071468e-01	   2.9453682252355395e-01	   2.0719201208709087e-01	   1.6837410353199322e-01	   4.6523482523553317e-02	   9.3435519148905910e-02	   3.2525477087348431e-01	   1.9093036016296006e-01	   7.6297514065984451e-02	  -1.2291073513514791e-01	   2.9197378282238205e-02	   6.1425963414341048e-02	   1.2513655816247027e-01	   1.1396734260865536e-01	   2.5235851163366778e-03	   9.7412315057639046e-02	   3.5089322809059437e-01	   5.6723028551528309e-01	   5.2270077899919487e-01	   5.1395850849818414e-01	   4.0711230066539311e-01	   5.7868094109377965e-01	   3.1739491954972399e-01	   3.8067685804385154e-01	   9.1173951574510304e-02	   4.6609452964822479e-01	   5.7837399095314912e-01	   6.7815627436973402e-01	   6.1570893290523088e-01	   7.1961265268137398e-01	   3.8392421318469472e-01	   3.2459483597649141e-01	   1.1577799967674586e-01	   5.6900179827822783e-01	   4.8504374776396653e-01	   4.0441545769797765e-01	   2.6982849594015190e-01	   4.3156902114974321e-01	  -4.1899907023530407e-02	   2.2890840249082484e-01	  -1.2965555855969290e-02	   1.6244186537940811e-02	  -4.4036947924858835e-02	  -9.1528654358875555e-02	  -2.9464154867667697e-01	  -1.2629566102055345e-01	   4.6849125902732401e-02	   5.6584514156741688e-03	   1.6733081970360375e-01	   1.3313625384303990e-01	   1.0224606541463704e-01	   1.6694119450012124e-01	   3.9117175369821633e-01	   3.3498658573544210e-01	   1.4569298697628333e-01	   1.8515837338498248e-01	   6.2511545500961541e-01	   5.8222424083306656e-01	   7.5548791071170718e-01	   7.0111523019110999e-01	   5.5237470863289506e-01	   5.3892520372810804e-01	   2.1186274214028064e-01	   3.5319852102273919e-01	   1.1056399549196169e-01	   3.4504060455393604e-01	   4.5433871171622009e-01	   4.3052196306119439e-01	   6.5522769068178288e-01	   5.5763354078360394e-01	   6.3291056025102810e-01	   6.1190947484997338e-01	   4.6576665103766579e-01	   5.3339576626944996e-01	   5.5409571095517884e-01	   4.7898181570075238e-01	   2.5376938177749436e-01	   2.8507609318950144e-01	   3.7684210027397108e-01	   2.0459201381323328e-01	   5.1144293265833007e-01	   4.0530386385735234e-01	   4.2585322752207944e-01	   4.7998394084006701e-01	
   3.6154570628816690e-01	   3.3236950119263964e-01	   6.3055241449169364e-01	   6.4037251451276034e-01	   8.7083867823068628e-01	   4.1628384914139838e-01	   6.3954484807419187e-01	   7.5968297569698939e-01	   0.0000000000000000e+00	   6.3249042827187762e-01	   6.2756800366865839e-01	   6.4099054470174166e-01	   6.6618816585748675e-01	   7.1429757248671100e-01	   5.2491115621829698e-01	   5.3427637388637350e-01	   1.7893380352653038e-01	   5.6494465319382695e-02	   4.1174970765847202e-01	   4.2642486920115136e-01	   1.5300242379410608e-01	   9.8554918917242412e-02	   3.6699800014949258e-01	   3.5823117619084865e-01	   4.9507383154445050e-01	   3.7312809961357679e-01	   5.2196529270620196e-01	   3.5874007083241255e-01	  -1.0066347977787238e-02	   5.9221971281036123e-02	   2.0588250615556072e-01	   1.4159915466405898e-01	   1.8924635929016539e-01	   1.8626302902674718e-01	   1.1468631896127283e-01	   9.0113158430499635e-02	   1.1615864844399768e-01	   2.0703064959136303e-01	   3.7377457648732965e-01	   2.5290551288060337e-01	   1.1106416477247218e-01	  -2.6369818004140299e-02	   1.2229489596357825e-01	   1.5736675895656754e-01	   1.7961156056081001e-01	   1.6767555056200156e-01	   8.2394826051714748e-02	   2.0043395532633046e-01	   4.2834929521022974e-01	   6.2019218986958502e-01	   5.4020979333971841e-01	   5.1940554048519860e-01	   4.6300614955271768e-01	   6.1360534971362790e-01	   3.8066222789200876e-01	   4.3122097513726715e-01	   8.1095873216531750e-02	   5.2150035253758187e-01	   5.7668265139887487e-01	   6.7078124975720010e-01	   6.3105302264796004e-01	   6.0261162591548090e-01	   2.2988457002537457e-01	   2.2359901645682631e-01	   8.1078993969597600e-04	   4.4331296397347802e-01	   4.4095348937764578e-01	   3.5354658325336275e-01	   3.2491658256193712e-01	   5.5195897596452703e-01	   3.3165721857458169e-02	   2.0926794890031253e-01	  -2.5763517617937253e-02	  -2.0390693228173586e-02	  -1.1173646583555763e-01	  -1.1275307624208936e-01	  -1.6840070754805586e-01	  -3.4755146415241843e-03	   2.3453661352494957e-02	   2.3933239127208899e-03	   2.1933322596506377e-01	   1.9028171436342686e-01	   1.3437284639534219e-01	   1.2222848113767069e-01	   3.3796322567060622e-01	   3.2829110786034316e-01	   5.1622470836961046e-02	   7.3137614421783889e-02	   6.2177825702644385e-01	   6.0279954150479187e-01	   7.0098935261598427e-01	   6.4990384957545100e-01	   4.5490968911172214e-01	   5.2144287956256929e-01	   1.1262185221688661e-01	   2.8941467027362022e-01	   6.7123365731501961e-02	   2.1874645661987513e-01	   4.2388056460166923e-01	   3.9006513876152205e-01	   6.2703399211595034e-01	   5.0398745653854471e-01	   5.8227276501061409e-01	   6.3812335551191446e-01	   5.2537014494531942e-01	   6.0965028954355860e-01	   6.2705890282924748e-01	   5.3770624049559179e-01	   1.6843165006164290e-01	   2.7765910151129686e-01	   2.8851226491694448e-01	   1.2867236582957464e-01	   4.1742343248964175e-01	   4.5116015807020488e-01	   4.4023797519319652e-01	   3.3530645160455513e-01	
   4.1707563704043882e-01	   3.8709193682329263e-01	   2.3400641631567248e-01	   4.8379141034192230e-01	   4.9243334186939747e-01	   6.1477705647913405e-01	   3.2351121910346292e-01	   5.8835298187274176e-01	   6.3249042827187762e-01	   0.0000000000000000e+00	   5.6449261817521901e-01	   6.2385377025647604e-01	   4.1783011647291901e-01	   4.6830208109634758e-01	   2.2390509220061271e-02	   8.3906070706723124e-02	   7.4774943455849299e-02	  -2.2814588998139574e-03	   9.1611915990020665e-02	   2.2260666531462939e-01	  -3.5483529622383381e-01	  -2.6767708282061797e-01	  -2.2565449343476238e-02	  -3.2062995382686294e-03	   8.9236245542304166e-02	   2.7793520488956724e-01	   6.1730516431196918e-02	   2.4634919727357610e-02	  -2.5693085520785230e-01	  -2.0861335431099293e-01	  -2.9927917634079088e-01	  -2.5090707973576348e-01	  -9.4021720709568671e-02	  -2.2310398868882732e-02	  -1.1760257452307668e-01	  -1.5390547362803061e-01	  -2.4764631675625698e-01	  -6.4980918422572684e-02	  -1.1783187533347379e-02	   1.4274838981058425e-02	  -1.7699772262590960e-01	  -1.9062327345020774e-01	   2.0489908801909240e-01	   2.4664756268216298e-01	   3.4915343226969831e-01	   4.2562016154192894e-01	   1.3066534449630998e-01	   1.7852049497950753e-01	   4.9543907570902390e-01	   6.7953269505658309e-01	   4.1643505060559549e-01	   3.8286004843147420e-01	   2.7792699680804939e-01	   4.7357103809865392e-01	   2.2464923204037221e-01	   2.4211961850951741e-01	   1.2157217427938515e-01	   3.1313703538962984e-01	   4.4365518151894706e-01	   5.9278046346230973e-01	   5.0724166361978107e-01	   5.8752979502463987e-01	   3.2986782631013384e-01	   2.0096820095332507e-01	  -9.0369124220118446e-02	   3.5118835561282441e-01	   4.1353034171058278e-01	   4.3452812271875124e-01	   1.4852580500439597e-01	   3.7468993954105712e-01	  -3.7421986369643195e-01	  -1.4133174478166854e-01	  -2.0445171956497177e-01	  -8.4164869753163452e-02	  -1.8323608016280363e-01	  -1.1991309858330168e-01	  -3.6834716173615617e-01	  -1.1820613616470649e-01	  -1.7969416524793591e-01	  -1.3334529023115416e-01	   1.2648985231667687e-01	   9.8459457180722798e-02	  -3.3236426951565201e-01	  -2.7620363066491233e-01	   1.2556789991849449e-01	   1.7380246823316037e-01	  -2.5291186637069107e-01	  -3.2741591901546352e-01	   3.8446105892833277e-01	   3.5289037007422935e-01	   6.1681096774142707e-01	   5.3415217834231266e-01	   5.1212716732929553e-01	   4.4298096163699230e-01	   1.5538930423168956e-01	   3.1637160950354182e-01	   7.5385079020935011e-02	   1.6947152567868656e-01	   5.2574799618254797e-01	   3.8233241168990123e-01	   6.4772456850346927e-01	   3.9766813359776065e-01	   4.4831766299703280e-01	   3.9296577179483871e-01	   2.4310892564900338e-01	   2.8421260789738534e-01	   5.1266891992811670e-01	   3.6216672654622095e-01	   1.7457107786880438e-01	   1.7846658365211115e-01	   2.3830266301409747e-01	   2.2112477625045934e-01	   4.1405192007796277e-01	   1.9753877200830833e-01	   2.0258838549442504e-01	   3.9327182253150322e-01	
   8.1778073195172674e-01	   6.1446591661087746e-01	   6.1401133462085300e-01	   6.8644244648073927e-01	   4.9010994301842598e-01	   2.6662822636231664e-01	   6.4979789992983528e-01	   5.7346234532572282e-01	   6.2756800366865839e-01	   5.6449261817521901e-01	   0.0000000000000000e+00	   8.3793399456870554e-01	   9.0749560956000597e-01	   7.3281830656614910e-01	   4.6523801725900105e-01	   4.4608649024837432e-01	   3.3965109377201314e-01	   2.7214473546793799e-01	   5.3502881500426425e-01	   6.2667134034488292e-01	  -1.8641113598748899e-01	  -1.5798929741908158e-01	   4.1344562450995043e-01	   4.3950593257662962e-01	   1.4161304606676170e-01	   1.9173655958846053e-01	   1.0015792956433398e-01	  -6.0388765023660120e-02	   1.2269352914979983e-01	   9.0969875085344792e-02	   1.3563389098902412e-01	   1.5011412477130415e-01	   2.9370255498301129e-01	   3.7694987935371149e-01	   1.1105956879919939e-03	  -1.2295904681854208e-02	   3.0973309284070771e-01	   4.3706574317499081e-01	   5.6454009854909060e-01	   4.5838145401462338e-01	   3.6324188424208237e-01	   2.3700944624714021e-01	   1.1848220355262813e-01	   2.5385515925883678e-01	   2.0397938841715951e-01	   2.6384709282648794e-01	   1.9595039641201334e-01	   3.7318875271421326e-01	   5.0497240496319928e-01	   6.2515647020514076e-01	   6.5543322678506188e-01	   6.1468367881400776e-01	   5.8433116876524582e-01	   6.2169280458260778e-01	   6.9469713989016402e-01	   6.8171667480432463e-01	   4.8746612148394042e-01	   6.2970461256513177e-01	   7.2094449293894680e-01	   6.4825774737273378e-01	   7.9744529164686151e-01	   5.0375479465443340e-01	   5.2383933972757146e-01	   4.7686121620698557e-01	   1.2525836480142902e-01	   5.5360636519899253e-01	   5.8495174385534610e-01	   6.0329482399831014e-01	   3.9872610660246743e-01	   4.2342433409897001e-01	   2.1143859582502075e-01	   4.1329404696311822e-01	   4.0049218149416277e-01	   4.2855132549996783e-01	   4.2301201389669268e-01	   4.2725831841739392e-01	   1.4291196583231700e-01	   3.5487232031281113e-01	   3.8404069726994707e-02	   7.7681304360282200e-02	   3.3398253969758385e-01	   3.2838199969294063e-01	   5.6474680016464537e-02	   7.3107888703547397e-02	   4.4327017481516356e-01	   5.9692687340501605e-01	   8.8252730084919573e-02	   1.1751231239095382e-01	   6.9704688923434543e-01	   6.8826326395455650e-01	   6.6875777766948230e-01	   5.2053510018301696e-01	   4.1614302607256221e-01	   3.9327144855396573e-01	   4.6248058604438841e-01	   7.0845759695547650e-01	   4.1885465717460735e-01	   6.8465772591174767e-01	   7.9100272691686269e-01	   7.9206839722036748e-01	   5.8039225078553047e-01	   5.6373248898545891e-01	   5.4913264632945225e-01	   6.2233755225607901e-01	   6.5084455349390902e-01	   6.4054319130206427e-01	   8.7437058476966856e-01	   7.2203675324618888e-01	   5.0480047982393794e-01	   5.0763362941543644e-01	   6.1192219999578412e-01	   6.1258113459165586e-01	   6.5571310842569253e-01	   5.0119633959337451e-01	   6.3733450872834774e-01	   7.0327396067483883e-01	
   6.3764905583746290e-01	   5.3918694554505930e-01	   4.5984179233648892e-01	   6.0808538795578748e-01	   5.6832256396132008e-01	   2.5278898606594347e-01	   4.8415229221690426e-01	   6.0897317561495834e-01	   6.4099054470174166e-01	   6.2385377025647604e-01	   8.3793399456870554e-01	   0.0000000000000000e+00	   7.9369380601865847e-01	   8.2106774001363692e-01	   3.8004854123121068e-01	   4.1678316638609836e-01	   4.7997771474047483e-02	   6.3590440646349972e-02	   4.4525012317250134e-01	   5.5275739158264159e-01	  -2.3078806750915309e-01	  -2.2966662216681333e-01	   2.8932156421244570e-01	   3.4758661798227819e-01	   1.3610500891652957e-01	   9.4701404182182952e-02	   1.1233244508156365e-01	  -5.4909205267962740e-03	  -3.0086300428790757e-03	   1.8303944493404646e-02	   8.9232455524931253e-02	   5.3473074458095071e-02	   2.3099979704286872e-01	   3.3543871140202264e-01	  -1.2612163444368227e-01	  -6.9150836546166453e-02	   1.7255829582950580e-01	   3.5431190049942862e-01	   5.0308452794145753e-01	   4.6698032912257775e-01	   2.5006889680777405e-01	   2.1002580902766707e-01	   1.0089837760166634e-01	   2.5936204205452129e-01	   1.5785849759173468e-01	   2.7862910681366043e-01	   1.5281606393951841e-01	   3.3258235650309820e-01	   6.3901466922339423e-01	   8.0079680251381247e-01	   7.1443030156715870e-01	   7.4192934178380199e-01	   7.2646533762942633e-01	   7.6959596437366096e-01	   7.2277130077143148e-01	   7.5924017087044415e-01	   1.5693262862143229e-01	   5.7323062109154299e-01	   6.9983285919310767e-01	   8.0250686126306958e-01	   8.2440072245020402e-01	   5.5209024457200129e-01	   4.4203474409361687e-01	   4.4679194380552933e-01	  -2.1004909799370869e-01	   3.5998909123344386e-01	   5.7310416974506040e-01	   6.4179825428539317e-01	   3.0607370005161821e-01	   4.4544620258373335e-01	  -9.9718154338306372e-02	   1.9598857518832208e-01	   1.6791638855057250e-01	   3.0315882069505573e-01	   1.7999277520675100e-01	   2.5139251197156420e-01	  -4.2236493939943026e-02	   2.0948498521531514e-01	  -1.9282905371138767e-01	  -1.8493892357497860e-01	   1.8487301463161371e-01	   2.0160780088079816e-01	   1.0412874922242793e-02	   4.5511802442134812e-02	   2.6664427615049319e-01	   4.3306368133573836e-01	  -3.1626376603026370e-03	   5.5841665657155879e-03	   6.7718324916081085e-01	   7.0761371844798204e-01	   6.3103156842885078e-01	   4.6902754389722678e-01	   2.2760231250776891e-01	   2.6798149168536956e-01	   2.7204539225554486e-01	   5.9786752377911767e-01	   2.5511617916017465e-01	   5.5409933461496186e-01	   6.8409608821239520e-01	   6.4148760948915629e-01	   6.2537518415247662e-01	   5.1337394853090490e-01	   5.6703086524578827e-01	   4.9479290174526691e-01	   4.8801599679704855e-01	   4.6414070628929782e-01	   7.7099494232211030e-01	   5.9014267169522672e-01	   2.5756452181329859e-01	   3.9539391292775827e-01	   4.1914708997746342e-01	   3.8227388476175905e-01	   5.6165581557999300e-01	   3.6659258349649870e-01	   5.2129642412022115e-01	   6.1931491964173113e-01	
   6.8079837294037870e-01	   5.2322237192507171e-01	   6.7720559126148316e-01	   6.5349470007705412e-01	   5.7559123387449607e-01	   1.6684218661160183e-01	   6.9806452931186158e-01	   5.8446337344564103e-01	   6.6618816585748675e-01	   4.1783011647291901e-01	   9.0749560956000597e-01	   7.9369380601865847e-01	   0.0000000000000000e+00	   8.1127545546237745e-01	   6.5083344294657786e-01	   5.9528212867856611e-01	   2.2871182293531195e-01	   1.6265680840788971e-01	   5.2772488357836667e-01	   5.4853396345816730e-01	  -6.3050955474602391e-02	  -9.5933683919029802e-02	   4.9431080272148775e-01	   4.8948516340469606e-01	   2.5300694311110472e-01	   1.6292076586136131e-01	   2.4824439017223238e-01	   2.4366665507575793e-02	   8.7446541047180193e-02	   8.6489565540587676e-02	   2.5954791097488866e-01	   2.0380699350891884e-01	   2.5932789803910716e-01	   3.0003352030440977e-01	   2.1950103265292620e-02	  -3.1555082739647189e-02	   3.8664683388944465e-01	   4.8634187238469684e-01	   6.1769366718530128e-01	   5.0015882330045836e-01	   3.9154724515940131e-01	   2.3087820082986155e-01	  -5.0426054213806040e-02	   7.7954499931429638e-02	   9.5844506883093865e-03	   4.6874108061477224e-02	   1.1088281250518911e-02	   2.0010179233131636e-01	   4.0063021436618429e-01	   5.3952952222039541e-01	   6.2450187305751470e-01	   6.0572121700384596e-01	   5.8550899896594266e-01	   6.2785487539271068e-01	   6.5754341873150768e-01	   6.3270488040799699e-01	   3.3601140402613811e-01	   6.4917639194937848e-01	   6.9483685142326412e-01	   6.3999279838150236e-01	   7.1439868180657073e-01	   4.2437083590010360e-01	   3.2060506743377659e-01	   3.6026458897595692e-01	   8.0966905930395738e-02	   4.8113995026229645e-01	   4.9270949371707379e-01	   4.5127131093600398e-01	   4.2069088199098004e-01	   4.2055012746253884e-01	   2.7474402185538549e-01	   4.1104277196929773e-01	   3.3023066011513980e-01	   3.1997452261232134e-01	   3.7309812742276272e-01	   3.2019944304604198e-01	   8.7332744988865424e-02	   2.5268613466757095e-01	   2.9374049037792522e-03	   4.6486884523651580e-02	   2.7948445707748520e-01	   2.8355271072203514e-01	   2.0148493776661797e-01	   1.7732627254990371e-01	   5.1160272810946372e-01	   5.7857025938574691e-01	   2.2357862566775766e-01	   2.5788835777056163e-01	   7.8820694331293639e-01	   7.2951439826439834e-01	   6.5018875332044146e-01	   5.2399557832528743e-01	   3.4985753814208742e-01	   3.6596701970552137e-01	   3.8333714962815657e-01	   6.4630374376036448e-01	   2.3977224453903823e-01	   5.9384474707471879e-01	   5.7103375756691099e-01	   6.1825165483864097e-01	   5.4776861410738298e-01	   4.8041353789426222e-01	   4.9170942278246849e-01	   5.8180849037149118e-01	   6.7386516882819580e-01	   6.4355543439839247e-01	   8.3873618142487172e-01	   6.9575567545318306e-01	   4.8687074462460783e-01	   4.9803570084593562e-01	   4.6147696948464789e-01	   3.9690070698611329e-01	   5.2905385921064862e-01	   4.7675288351057976e-01	   6.3908047494786913e-01	   6.1673272922249067e-01	
