   0.0000000000000000e+00	   8.7731659763877867e-01	   5.0730362994129974e-01	   5.4835704905422233e-01	   4.8939554345428965e-01	   4.8935223941378220e-01	   6.1396273925956513e-01	   6.2224528056326778e-01	   4.9659209358943840e-01	   5.1749982433447916e-01	   6.5621927527796464e-01	   7.0270802392778997e-01	   5.6875920439693384e-01	   6.0274417370599553e-01	   5.0261203594658255e-01	   6.0967561560385897e-01	   7.4132001597900787e-01	   7.1143154314528156e-01	   5.3711143492580904e-01	   5.1249021522456240e-01	   4.1697023831358637e-01	   4.4006855448800197e-01	   3.7395795761161632e-01	   3.9611190101659799e-01	   3.4853782930547861e-01	   3.8051735235749634e-01	   4.3185323426055233e-01	   4.0411018291633666e-01	   5.7099590108642218e-01	   6.6526430193170805e-01	   2.9550766165026526e-01	   3.3265123451931655e-01	   4.6683826700835446e-01	   5.4593549736713753e-01	   2.6854212674830930e-01	   4.0729450396843192e-01	   2.1285374091579491e-03	   3.9017396448811770e-01	   3.6382052808455390e-01	   4.5350320622632290e-01	   4.4610030637547904e-01	   6.3271180588275144e-01	   3.2956972920479244e-01	   3.8395018015087756e-01	   3.4379628185882261e-01	   5.1930682045735799e-01	   4.0722282371675483e-01	   4.6025154270846358e-01	   4.7781623017612168e-01	   5.0578710011443451e-01	   6.0173812177051622e-01	   6.1798772887623488e-01	   6.0654663820459731e-01	   6.8493376022937758e-01	   5.9879209490391094e-01	   6.0432101874851574e-01	   8.5452312914646567e-01	   7.7210787274865011e-01	   3.8125069020104008e-01	   4.3305460880192681e-01	   6.2799832808673262e-01	   5.4371841633616269e-01	   6.5882095153257736e-01	   6.1517789609754714e-01	   3.1222119425571787e-01	   4.6026646898763596e-01	   3.3248963773674423e-01	   3.5305640997231386e-01	   3.9962378882407334e-01	   3.1204041170684915e-01	   5.3114224358744633e-01	   4.9465787668687533e-01	   6.7567933208490683e-01	   6.9922784797615434e-01	   6.4735048471910894e-01	   6.5729684894637896e-01	   7.0668152068328305e-01	   6.6161517982357099e-01	   7.8435500131604141e-01	   6.8263709951911800e-01	   7.5102345048486285e-01	   7.6512968859570818e-01	   3.8870519026006123e-01	   5.3466702214337070e-01	   6.3882743279621745e-01	   6.3861664642697746e-01	   2.8111812284604321e-01	   5.5947141414429857e-01	   5.3604639658254605e-01	   6.1112375598446667e-01	   3.3590215542256807e-01	   2.6406048541710869e-01	   4.2463439231090572e-01	   3.0171608019950102e-01	   3.8937016851331446e-01	   4.2324422883620608e-02	   5.0641538953551246e-01	   5.9275231146999408e-01	   4.4843092125483308e-01	   5.5891854959766663e-01	   4.3638844117985065e-01	   4.1820917470707270e-01	   4.3147212694466264e-01	   5.5514768142578164e-01	   4.8978132296752624e-01	   4.9181126887973603e-01	   1.9606324571885742e-03	   4.0326071606387082e-01	   3.2544765043791313e-01	   3.1424853124083130e-01	   2.3804568233705933e-01	   1.9822671783440152e-01	   3.8434936371795358e-01	   4.6670102195537094e-01	   4.8861179769510293e-01	   2.0294189348642833e-01	
   8.7731659763877867e-01	   0.0000000000000000e+00	   5.6173522680171584e-01	   5.3608844337686090e-01	   4.4354572787510160e-01	   4.0100425791149064e-01	   5.4637875705048466e-01	   5.0699152131454350e-01	   4.1966764024478093e-01	   3.5886545456242852e-01	   4.1420440545683507e-01	   4.8556800191560384e-01	   4.1179978309992266e-01	   3.8240800311671863e-01	   5.5073840308548716e-01	   6.0704175057295395e-01	   6.4531952829947992e-01	   6.1918081428991623e-01	   7.3054073209191106e-01	   6.6578421911940500e-01	   4.7000073271832377e-01	   4.4948215945506742e-01	   5.1554301965725624e-01	   4.8893995514962107e-01	   4.5150166047882390e-01	   4.5094834760794417e-01	   4.0118635219806043e-01	   4.6618711615557451e-01	   6.0108184318602631e-01	   6.3513165720088482e-01	   4.8837866325672807e-01	   4.5513044871572894e-01	   5.5577915344648587e-01	   5.6131206817333967e-01	   2.6989291987371050e-01	   3.5209824407225360e-01	   2.1116155026201339e-01	   4.4762451146923088e-01	   4.3473346237615551e-01	   4.1842586567398810e-01	   5.0442868377160055e-01	   6.1990784210034056e-01	   3.8530503332550392e-01	   3.9387376138159441e-01	   4.0176922975547713e-01	   4.9850868380600788e-01	   3.9091726014395090e-01	   5.3355695991053775e-01	   4.3459224655278067e-01	   4.6521724078501703e-01	   5.2180681398397244e-01	   5.5409534650988623e-01	   6.3543387052083355e-01	   7.3968615738176291e-01	   5.7915339614316919e-01	   5.2437302843976219e-01	   7.0001993913883820e-01	   6.8121246935743107e-01	   1.8063676636422160e-01	   2.5313888284700015e-01	   4.3796868672981404e-01	   3.5562368325368221e-01	   4.6489447993706701e-01	   4.2699596360357028e-01	   2.6435969636865997e-01	   3.1152510686683899e-01	   2.4394825055572628e-01	   2.3655842187682447e-01	   5.9281642431946857e-01	   4.0945521258384276e-01	   6.4794761358439579e-01	   5.9120960826982316e-01	   6.7365291712229025e-01	   7.2122259776934072e-01	   6.4107945351774331e-01	   6.5848009652605799e-01	   6.3221580089060003e-01	   6.3260488080051924e-01	   6.6982564272695710e-01	   5.8292033882277905e-01	   6.8797154473888922e-01	   6.8489200027723607e-01	   5.2709630948184616e-01	   5.3338170403937002e-01	   5.3721825125622102e-01	   4.8211376017210239e-01	   3.5703124852133739e-01	   5.2850850610011701e-01	   5.2953077680397032e-01	   5.5902477071802059e-01	   5.0394286121053344e-01	   4.5615066098078261e-01	   5.8723122550662521e-01	   4.6790044925647556e-01	   4.3607421283665337e-01	   1.8645772524621337e-01	   5.1455834703107439e-01	   6.1823606559637490e-01	   5.9976565801153614e-01	   5.8076833103355963e-01	   4.6780391963699758e-01	   4.7509986132375154e-01	   5.2509708358159013e-01	   6.5885011802746718e-01	   5.8386020788448412e-01	   6.3347455829343557e-01	   3.4485493905006069e-02	   5.0734844620824104e-01	   3.5043600176916745e-01	   4.1136492242772005e-01	   3.7501302820676374e-01	   4.8632715865250997e-01	   5.5956807726494251e-01	   6.1290616674728282e-01	   6.2198732329134876e-01	   2.6976590547913470e-01	
   5.0730362994129974e-01	   5.6173522680171584e-01	   0.0000000000000000e+00	   8.2448683519215837e-01	   8.6435885379440913e-01	   6.6030303517039357e-01	   9.3813876803513940e-01	   7.5355289556578509e-01	   8.3197258434546273e-01	   6.7294757366734503e-01	   4.1589613142456366e-01	   5.2707367181740705e-01	   6.0556067409233261e-01	   4.7250300326491873e-01	   8.8749291961101540e-01	   8.6373466690676848e-01	   2.3469509936133304e-01	   3.3674488095354810e-01	   7.5549739520105108e-01	   7.9110477442316429e-01	   7.5446633749075220e-01	   6.8799552601846148e-01	   8.9106679131079147e-01	   8.7964818654908439e-01	   7.4760891238828908e-01	   7.2009925391199459e-01	   6.0699101990601645e-01	   6.8900901721345309e-01	   6.5117390231298256e-01	   6.2308417611480893e-01	   7.9596436459304609e-01	   7.6960371114697290e-01	   8.7494784035374584e-01	   8.3313651470497296e-01	   6.3508708942071923e-01	   6.5922483501635809e-01	   2.6407130044012123e-01	   5.8861752865405781e-01	   6.7250358837925361e-01	   5.7689217040594043e-01	   5.9894769377230317e-01	   5.7524699139851454e-01	   5.3851208313867960e-01	   4.4170714770951947e-01	   5.3565565560211625e-01	   4.9799914872552509e-01	   5.3220317476921697e-01	   7.2546129916806068e-01	   4.7645551563353372e-01	   4.2280752158262369e-01	   6.8830587983869718e-01	   5.7011405343294930e-01	   7.8238336142669429e-01	   7.6204017904049259e-01	   7.9117088325891538e-01	   6.8976423883179105e-01	   5.3441919701850393e-01	   5.8462331586047767e-01	   4.1128975024410980e-01	   6.2932138942059634e-01	   6.2529806690542200e-01	   5.3972044817079379e-01	   6.5850223041546641e-01	   4.6817527491939492e-01	   7.0702030814031969e-01	   5.8343632517364119e-01	   6.3590389177974849e-01	   6.0092143733742864e-01	   6.0841319947509021e-01	   7.0523210491792621e-01	   6.6522834922492280e-01	   5.7077843767763015e-01	   5.6242800209536425e-01	   5.5124959295912945e-01	   4.9012841203507396e-01	   5.2128046286320184e-01	   6.1755977804386575e-01	   6.5012604982393485e-01	   4.6454935583469148e-01	   5.8894157301487937e-01	   6.7228987158050946e-01	   6.7556649981729566e-01	   8.6835958922539169e-01	   8.0948991694231320e-01	   7.0220500207221914e-01	   7.1015116197738215e-01	   6.3672298948891259e-01	   6.7992074197254482e-01	   8.6658169313998967e-01	   8.6991117041254840e-01	   7.8989131565913706e-01	   7.8804533429389390e-01	   8.1194619230247511e-01	   7.6773441706088463e-01	   6.2369373052780586e-01	   1.7775658942554484e-01	   6.9736690760588360e-01	   7.2019329308588687e-01	   7.1322062867622060e-01	   7.6577014080420003e-01	   7.8883521260499312e-01	   7.4185542833068219e-01	   6.9341315037018969e-01	   7.4467545111568645e-01	   5.9922422413643472e-01	   6.2770096913094831e-01	   2.5847003837264354e-01	   6.0772180106366291e-01	   5.5802298526702376e-01	   6.2747780023142219e-01	   5.9640274802930127e-01	   4.3385895402963892e-01	   5.1930984292168225e-01	   6.1274155306149858e-01	   6.4252357526149440e-01	   4.1885109587966629e-01	
   5.4835704905422233e-01	   5.3608844337686090e-01	   8.2448683519215837e-01	   0.0000000000000000e+00	   7.3755859901578469e-01	   7.9571320862826589e-01	   8.3110273617458519e-01	   9.0282213629299402e-01	   7.0451504731432713e-01	   8.0920167709037649e-01	   4.3660325798509320e-01	   6.1781839270307481e-01	   4.9577019438461073e-01	   5.5707950065022371e-01	   6.7865920766830112e-01	   7.8867881876035573e-01	   2.8858482529879437e-01	   3.4523139154793175e-01	   6.0438517385144463e-01	   6.9924763005199719e-01	   6.0605975530134826e-01	   6.5461893023107676e-01	   6.4622907470571067e-01	   8.2367511310498731e-01	   5.4692919702443243e-01	   6.2719650503028712e-01	   5.6880856745520303e-01	   5.8710621390416096e-01	   5.7223864701459060e-01	   6.2788667091405692e-01	   5.6066985475908737e-01	   7.1751260577486931e-01	   6.8497668393620570e-01	   7.8126270836760359e-01	   4.7272582198142904e-01	   6.1574994775845893e-01	   2.8100443839413730e-01	   6.1197828551179767e-01	   6.1727910379575479e-01	   6.0990495776747311e-01	   4.2880447101652341e-01	   5.7343777626008730e-01	   3.7183359967926943e-01	   3.6990476839822761e-01	   3.5568537624323193e-01	   3.8724396455385007e-01	   4.3181169495909660e-01	   5.3434600862509640e-01	   4.6207313974714559e-01	   4.7617209233345642e-01	   7.4009335185774328e-01	   6.4069098512122435e-01	   8.4766619172303859e-01	   8.1235862722972219e-01	   7.5772702413397375e-01	   6.8532208962982089e-01	   5.2427562599428890e-01	   5.8816029674703663e-01	   4.0138334615265436e-01	   6.9294690714949359e-01	   6.4051497628323351e-01	   7.3152451454783929e-01	   5.9574750659167197e-01	   5.9211242491731320e-01	   6.0250937377198677e-01	   7.1992450315472811e-01	   4.6684672612073930e-01	   5.0585269120690801e-01	   4.7845676352305921e-01	   5.3096614829892763e-01	   6.8173345250501050e-01	   6.8891085710809374e-01	   5.8730877425916650e-01	   6.7227824458705943e-01	   5.0011258002409398e-01	   6.1562651719281514e-01	   6.7846557176576416e-01	   7.4908781650218903e-01	   5.3935391074204142e-01	   5.7396554521429988e-01	   6.4673357921671049e-01	   6.7690439816480086e-01	   6.1333837166036320e-01	   6.4916506626456916e-01	   5.9746920050921615e-01	   7.7738008136254844e-01	   5.7252788694182610e-01	   7.4315319252208834e-01	   7.6680095769302470e-01	   8.6963013735024863e-01	   5.6647318622942300e-01	   5.1553743108911587e-01	   7.4523736514023720e-01	   5.7830091689714780e-01	   6.0510669752525770e-01	   2.8582613134874424e-01	   6.2130326024584304e-01	   6.9106489734492316e-01	   5.9629361252790036e-01	   6.4241753650554456e-01	   7.2109897497236852e-01	   6.8353071440666069e-01	   5.8255069746939492e-01	   6.5886845305721420e-01	   7.5556165947369114e-01	   6.0538206434515074e-01	   2.3791554911351970e-01	   4.6173042805310038e-01	   4.8308954186499559e-01	   5.2849159748964813e-01	   4.5252851346196887e-01	   3.4686392270967814e-01	   4.2867839295561427e-01	   5.3632966468492982e-01	   6.6089502665824063e-01	   4.6099049193671632e-01	
   4.8939554345428965e-01	   4.4354572787510160e-01	   8.6435885379440913e-01	   7.3755859901578469e-01	   0.0000000000000000e+00	   7.9426063143177017e-01	   8.9937770825177177e-01	   8.0041114265666569e-01	   9.4757628115299952e-01	   8.2585630963782464e-01	   6.1967831600412082e-01	   6.2835452991705909e-01	   7.4296705793919204e-01	   6.4081058431433613e-01	   8.1519341188780570e-01	   7.9002342346464383e-01	   3.2402591996977514e-01	   2.9335170932849358e-01	   5.9086668036630385e-01	   7.0212644958240200e-01	   8.1442412713597778e-01	   7.7541895901445002e-01	   7.7395914459702009e-01	   7.5252800801215058e-01	   7.2019842491681607e-01	   6.6038833965894661e-01	   7.6187260012147662e-01	   7.1060472231139560e-01	   6.2375414925769557e-01	   5.7828224581635634e-01	   5.4344614489407894e-01	   5.4379637309060180e-01	   7.1116654345769259e-01	   7.0729113534662036e-01	   6.8892751569372579e-01	   7.0154809036738253e-01	   2.1187086722479115e-01	   5.7515361454634761e-01	   6.7627187456413773e-01	   6.7998931954225350e-01	   6.1328569393477905e-01	   5.8477527575127852e-01	   3.4222748610441334e-01	   2.5840332661633308e-01	   3.4370362556350287e-01	   3.5402138803616356e-01	   3.6186338724025818e-01	   5.4785301221587135e-01	   3.5191286477504802e-01	   3.1043554799763357e-01	   7.0560371078866779e-01	   5.1986624052481933e-01	   7.8389622152874860e-01	   7.4962244706784631e-01	   7.5816231645346199e-01	   6.7327178857885950e-01	   5.4988406983384652e-01	   5.2118134349231537e-01	   4.5306887163982545e-01	   6.8718810342310332e-01	   7.9043248191296545e-01	   7.1742816772585494e-01	   7.5091932567506159e-01	   5.9131734471050201e-01	   8.0638135304120717e-01	   6.5517606461981570e-01	   5.9550631454632519e-01	   5.8484983997431206e-01	   5.5058839904545542e-01	   6.7218618546561637e-01	   5.7564661337631784e-01	   4.7737026813550032e-01	   5.1926095949152817e-01	   5.0623171084516072e-01	   4.5690062082392469e-01	   4.9902744950046984e-01	   5.5137692127591109e-01	   5.8669750520612896e-01	   4.8635677789582532e-01	   5.6108219481405830e-01	   6.9534029232709715e-01	   6.5994457882115176e-01	   7.4268256431207402e-01	   7.9472787386238353e-01	   7.6465661669751028e-01	   7.9168240500638598e-01	   6.9377866069698202e-01	   7.6145122815505206e-01	   8.8228386782913626e-01	   8.8152233785252920e-01	   6.5302209709425885e-01	   6.3030035007767893e-01	   7.0584584273502959e-01	   7.1435330611087533e-01	   6.0867073289854701e-01	   1.9507282428422995e-01	   5.7621019682562447e-01	   6.5557170415327537e-01	   4.6906665010733045e-01	   5.8743930850247483e-01	   7.4418607978591234e-01	   7.4762338708055687e-01	   6.3939055011374335e-01	   6.6752269136898112e-01	   4.9765515208101829e-01	   5.7814281100247467e-01	   1.3332658429124783e-01	   5.1743317236657371e-01	   5.9721368964811905e-01	   5.4106685354667805e-01	   3.8295865386376837e-01	   1.6697252470660667e-01	   3.3136776003857099e-01	   4.9542131150369251e-01	   5.8012598481665334e-01	   4.4636647821744357e-01	
   4.8935223941378220e-01	   4.0100425791149064e-01	   6.6030303517039357e-01	   7.9571320862826589e-01	   7.9426063143177017e-01	   0.0000000000000000e+00	   7.4012742096132145e-01	   8.3512443108523637e-01	   7.4815604529223789e-01	   9.0231318368675617e-01	   5.5531952229114823e-01	   6.5216061706573680e-01	   5.7156015972727459e-01	   6.5628660776699266e-01	   5.4870813184409939e-01	   6.2712319356787383e-01	   3.8294500613024429e-01	   3.0349797472885820e-01	   4.4449685257351579e-01	   5.7043564295568394e-01	   7.3200942648979683e-01	   8.2138852501009518e-01	   5.2958794887355121e-01	   6.8434043550895929e-01	   6.4368895299217366e-01	   7.0920690317052049e-01	   8.5591240189044715e-01	   7.8138668574326375e-01	   4.6000297594543094e-01	   5.3502563802271208e-01	   3.7885981193532564e-01	   5.4305575939699469e-01	   5.4813214782980058e-01	   6.3931821439617131e-01	   5.3360498725770045e-01	   6.1606137422987262e-01	   2.4666441570797953e-01	   5.5074863931567675e-01	   6.1268534775736982e-01	   6.8399024060496927e-01	   4.5386088004804598e-01	   6.0302403138106997e-01	   2.9776270328277565e-01	   2.8993410811446907e-01	   2.6079343701629581e-01	   3.3206284558211296e-01	   2.9986801449197525e-01	   4.0174510430441235e-01	   3.1548919317789625e-01	   3.8194775628479438e-01	   7.1143437780013974e-01	   5.5237677318094058e-01	   8.1672205280087740e-01	   7.3751509787737701e-01	   6.5677305982302492e-01	   5.9469351201571730e-01	   5.0305842449567351e-01	   5.2027682327646763e-01	   3.7437859932087258e-01	   7.0304053626450647e-01	   7.2235502389956263e-01	   7.6253679714415945e-01	   6.6322537169334073e-01	   6.7040011686745404e-01	   6.3771015800058850e-01	   7.4236069225050172e-01	   4.4367516637756432e-01	   5.1294962009651701e-01	   4.7252241340171386e-01	   5.4300170699629358e-01	   5.7285505939663850e-01	   6.4080277414512965e-01	   5.3810012877174340e-01	   5.8856324871899401e-01	   4.4637476560220785e-01	   5.3143610298081079e-01	   5.3516078006918688e-01	   5.9298482792597951e-01	   5.1610899372840047e-01	   4.6586982884069950e-01	   6.2978606752873301e-01	   5.9112731955270092e-01	   4.5906719769068288e-01	   6.1935290967645817e-01	   5.9892647772763796e-01	   7.7660465062856299e-01	   6.1061472348007295e-01	   8.4021766514567875e-01	   7.1798097120818771e-01	   8.0440558509561577e-01	   4.2024284460867167e-01	   3.5458390848673493e-01	   6.1075824756036812e-01	   4.9131118866780987e-01	   5.2776257973174845e-01	   3.0834568545357599e-01	   4.9323962877575284e-01	   5.9369496692445656e-01	   3.1075596627104901e-01	   4.1987225932320560e-01	   6.6541908861240784e-01	   6.5242508559053947e-01	   5.2328849353910856e-01	   5.9743817742154448e-01	   5.4449771519263324e-01	   5.2057520878703656e-01	   1.4217874477941589e-01	   2.9198247810619982e-01	   4.9647361672265117e-01	   3.7650052864790717e-01	   3.1379907605079271e-01	   8.7516655940046872e-02	   1.1750732984538706e-01	   3.4759325489975351e-01	   4.7069907910678599e-01	   3.1409286174104400e-01	
   6.1396273925956513e-01	   5.4637875705048466e-01	   9.3813876803513940e-01	   8.3110273617458519e-01	   8.9937770825177177e-01	   7.4012742096132145e-01	   0.0000000000000000e+00	   8.6286694504279826e-01	   8.7466291038209287e-01	   7.8401724360981850e-01	   6.1485903779073170e-01	   7.0216287830548052e-01	   7.1855838271250860e-01	   6.3807829052273979e-01	   8.1743724926644534e-01	   8.4013293121420907e-01	   3.4369572759484490e-01	   4.1330569749101032e-01	   6.5101579938238352e-01	   7.0268687144971387e-01	   6.9108244185915901e-01	   6.7374768845756317e-01	   7.8911112751659951e-01	   8.0310643382419489e-01	   6.6518836823277849e-01	   6.6238833170117994e-01	   6.2199041361492780e-01	   6.5315308783399029e-01	   6.7099099971427045e-01	   6.5782402959013309e-01	   6.5241516352361417e-01	   6.8387944535587164e-01	   8.1869585271276635e-01	   8.3317119059247347e-01	   6.2853940718444390e-01	   7.0174682021624857e-01	   2.0270864281616252e-01	   5.9852597887292736e-01	   6.1708234389889527e-01	   6.1183387977000359e-01	   6.0517400976593627e-01	   6.1925867681910485e-01	   4.6906000440866502e-01	   4.0794798334481808e-01	   4.9534948854684568e-01	   4.9234423670636607e-01	   5.0348050561857804e-01	   6.5823702685320207e-01	   5.0061915961330805e-01	   4.5081519834414929e-01	   7.5643799462422678e-01	   6.1887965524235056e-01	   8.1063590207012259e-01	   7.7958189606437034e-01	   8.0240773074936333e-01	   7.3668100286913751e-01	   6.4539149918561223e-01	   6.9058883898849843e-01	   5.0760532855841256e-01	   7.3710104732821446e-01	   7.9942290117259385e-01	   7.0599863980931743e-01	   8.0414873559083988e-01	   6.4482060795256890e-01	   7.4565879980557537e-01	   6.7635838109374635e-01	   6.5492924708547151e-01	   6.4984670658219379e-01	   5.0090793293573621e-01	   6.1327833545376631e-01	   6.2319444990760819e-01	   5.3496772888100463e-01	   5.5390923369940026e-01	   5.4718185020665688e-01	   4.8580862298196037e-01	   5.2136260456716343e-01	   6.7552542409663796e-01	   6.8687132912945315e-01	   5.7749825176069081e-01	   6.2013232293251563e-01	   7.3932314863912385e-01	   7.3330924727463498e-01	   7.8223477390025975e-01	   7.9137753750425088e-01	   7.8544776952681872e-01	   8.1316367136554624e-01	   5.9132671853288166e-01	   6.9296896151850773e-01	   8.8917196003063237e-01	   9.2182138626236410e-01	   6.9768746998638975e-01	   6.9389393454671744e-01	   7.4284131666963704e-01	   7.2906767610863688e-01	   6.1616715481084017e-01	   1.3688331847841773e-01	   6.7207732177770596e-01	   7.1671188241305051e-01	   6.2262068480944843e-01	   7.6400579628426057e-01	   8.0389055681903498e-01	   7.5851611660809537e-01	   6.7617837543013293e-01	   7.2744617584477667e-01	   5.9913220137013345e-01	   6.0386572998951238e-01	   2.5834346796461832e-01	   5.3742367490502463e-01	   5.6991568218842648e-01	   5.6963352811221912e-01	   4.9230006305585750e-01	   3.0964475925207646e-01	   4.4487443372960533e-01	   5.6605120671685416e-01	   6.1747386147118843e-01	   4.3295596086330557e-01	
   6.2224528056326778e-01	   5.0699152131454350e-01	   7.5355289556578509e-01	   9.0282213629299402e-01	   8.0041114265666569e-01	   8.3512443108523637e-01	   8.6286694504279826e-01	   0.0000000000000000e+00	   8.0236233280128388e-01	   9.0869789543233470e-01	   7.1469326447589798e-01	   8.1433735479362634e-01	   7.2840995321948876e-01	   8.0579210215723729e-01	   6.4273824450702288e-01	   7.5390469572386332e-01	   4.5772790798692048e-01	   4.3279813898974634e-01	   5.1463271312070236e-01	   6.5281000767016284e-01	   5.7547725914335346e-01	   6.5194061942202952e-01	   5.7524814356479093e-01	   7.0507121715200349e-01	   5.2320876665111682e-01	   5.9014588300597604e-01	   6.2903492745013423e-01	   6.0060212002297775e-01	   6.5259829450256301e-01	   7.0040729829870929e-01	   4.0741873461978517e-01	   5.6156948748382796e-01	   6.2802760506392308e-01	   7.8413191166235796e-01	   5.6297146576865131e-01	   7.2010147650783729e-01	   1.9650100972837187e-01	   6.4225432984703879e-01	   5.5586216145021161e-01	   6.4928408725310705e-01	   4.7289204249857114e-01	   6.1957702146023885e-01	   3.3784572588981382e-01	   3.2804589361462622e-01	   3.3786616597137581e-01	   3.7597227758096408e-01	   3.9514666338212806e-01	   4.7737863694419291e-01	   4.1999496340222525e-01	   4.0629492233458253e-01	   7.7723158083718924e-01	   6.0372863946285749e-01	   8.4245403018150733e-01	   7.7899255512455712e-01	   7.4261129193268904e-01	   6.7620149529849616e-01	   6.8451461194066543e-01	   6.9957339602466506e-01	   5.3348941211583467e-01	   8.1414239536594712e-01	   8.4882331896434771e-01	   8.9931207883331066e-01	   7.6613882129087973e-01	   8.0766746579806648e-01	   6.9963099255360861e-01	   8.2820849615426995e-01	   5.5731835279941966e-01	   6.3074634876397584e-01	   4.2974363888753381e-01	   5.4726525861020436e-01	   6.2044766527269390e-01	   6.1164827977729352e-01	   6.0368579043724857e-01	   6.6529533823920395e-01	   5.5367838605164399e-01	   6.4745961440946198e-01	   6.9348846676345510e-01	   7.4523642732458462e-01	   6.4951247276618451e-01	   6.2577240766590214e-01	   7.7713813915440344e-01	   7.7651973452760437e-01	   5.7220270944644280e-01	   7.2735674646954285e-01	   7.5695163709811353e-01	   9.0519792324113979e-01	   5.4001632946281497e-01	   7.3932741548621284e-01	   8.1016431936722988e-01	   8.9884626263385814e-01	   5.2299850794641189e-01	   4.5453456196209996e-01	   6.7594845857252872e-01	   5.6879355652064845e-01	   5.9082464701366311e-01	   1.8515707599011366e-01	   5.8020659422493326e-01	   6.4165515568320641e-01	   4.5366011643252396e-01	   5.8821749032281390e-01	   7.4066715132754068e-01	   7.0129604476587137e-01	   5.6575320025709763e-01	   6.3388255024817231e-01	   6.3116428998465601e-01	   5.4432479877099227e-01	   3.0369626757242907e-01	   4.3354163588005135e-01	   4.7744181522572976e-01	   4.3475351693206438e-01	   3.5353682945665438e-01	   1.5545818681722337e-01	   3.5189056130713336e-01	   4.6198269467824349e-01	   5.9074407759976011e-01	   4.5464264202659510e-01	
   4.9659209358943840e-01	   4.1966764024478093e-01	   8.3197258434546273e-01	   7.0451504731432713e-01	   9.4757628115299952e-01	   7.4815604529223789e-01	   8.7466291038209287e-01	   8.0236233280128388e-01	   0.0000000000000000e+00	   8.4862296431875817e-01	   7.1100846022934694e-01	   6.7222561630701905e-01	   8.4644898845955585e-01	   7.3597724798819342e-01	   8.3037588162933484e-01	   7.9338288648585809e-01	   3.3896386878243900e-01	   3.1020808047021908e-01	   5.4946843141957413e-01	   6.8562184045502295e-01	   7.2451958607581624e-01	   6.9095056747081296e-01	   7.5834968944980519e-01	   7.3307052054735400e-01	   7.0511637774539393e-01	   6.5279668618316777e-01	   7.1117244947841329e-01	   6.8287184327872641e-01	   5.9910333144504069e-01	   5.6575814330854945e-01	   5.0294136342804829e-01	   5.0462464999220358e-01	   6.9160194163295319e-01	   7.2060874837654243e-01	   7.2402106234978825e-01	   7.5499149856023506e-01	   1.0243870412312926e-01	   5.5892839279130224e-01	   6.0579237743817971e-01	   6.1582018794167492e-01	   5.2036007825809938e-01	   5.3023332195338435e-01	   3.6593145534921190e-01	   2.9401864156796331e-01	   3.3362829639200309e-01	   3.6199908980180595e-01	   3.8184172585319670e-01	   5.4634937942932260e-01	   3.4891387089188614e-01	   3.0977166221503838e-01	   7.0700301486171258e-01	   5.0509153742383672e-01	   7.5443380948860983e-01	   6.8865212692727240e-01	   7.1334762708849320e-01	   6.4021910568201179e-01	   5.7166184551736232e-01	   5.2180665282625582e-01	   4.6199901455154224e-01	   6.8873268365143880e-01	   8.2542935221100100e-01	   7.4713600761985077e-01	   7.5356569322055877e-01	   6.4533746349793120e-01	   8.2427342024576189e-01	   7.0375803080114752e-01	   5.9487148432175707e-01	   5.9652738327734689e-01	   5.6880701409305845e-01	   7.0660261566155325e-01	   5.3176132459339320e-01	   4.5753916472065620e-01	   5.2053626527051988e-01	   5.0476563480967807e-01	   4.7298891443322538e-01	   5.0438945422327142e-01	   5.9511423693101251e-01	   6.1313285704796472e-01	   5.1252940571510519e-01	   5.5453028176204433e-01	   6.7812737943606427e-01	   6.7861947779667076e-01	   6.7374615374701297e-01	   7.6148963879362019e-01	   7.8248273387612255e-01	   8.1405635045991898e-01	   5.5940161459626780e-01	   6.9860427296765604e-01	   8.6440567486651865e-01	   8.4629086803120812e-01	   6.3671901092263328e-01	   5.9745123702207192e-01	   7.0201266396869166e-01	   7.0406219386132951e-01	   6.1344802960960831e-01	   7.7353006760488813e-02	   5.8143656732503812e-01	   6.3341165903499996e-01	   4.2643938537156090e-01	   5.4022312683096119e-01	   7.2332343556067769e-01	   7.1880684147861507e-01	   6.0611330111555195e-01	   6.0896304495981557e-01	   4.5540041281484434e-01	   5.1820671307294031e-01	   2.6035652068510712e-01	   4.9447987341070682e-01	   5.4910382067934349e-01	   5.0091906788096774e-01	   3.9900308506631810e-01	   1.2569061355394767e-01	   3.3427579866132351e-01	   4.7011459732394528e-01	   4.9981282402057564e-01	   3.5787535970033901e-01	
   5.1749982433447916e-01	   3.5886545456242852e-01	   6.7294757366734503e-01	   8.0920167709037649e-01	   8.2585630963782464e-01	   9.0231318368675617e-01	   7.8401724360981850e-01	   9.0869789543233470e-01	   8.4862296431875817e-01	   0.0000000000000000e+00	   6.9494511469997611e-01	   7.4317789195737516e-01	   7.0544810172599837e-01	   7.7294936599427722e-01	   6.0002369913469222e-01	   7.0356941324688083e-01	   4.2398658692367724e-01	   3.5434116026105950e-01	   3.9566620739584313e-01	   5.5798917464425557e-01	   6.3682420822599961e-01	   7.2345376620278101e-01	   4.9655013293490458e-01	   6.3974200068206888e-01	   5.2335557966310486e-01	   5.7862645474229546e-01	   7.5336411730055508e-01	   6.3463507435435673e-01	   5.3060763401560995e-01	   5.8692443527794125e-01	   2.8046232888770090e-01	   4.3318664804186180e-01	   5.1695219775641066e-01	   6.5599537442792555e-01	   5.3529946285968422e-01	   6.5539626569170228e-01	   3.2256424898391228e-02	   4.7513738811118822e-01	   5.0693180603681864e-01	   5.9986358644197824e-01	   3.3486456574273682e-01	   5.1507760291271343e-01	   2.1981447355857708e-01	   2.4057411510479293e-01	   1.6869385536945219e-01	   2.6314718142432547e-01	   2.7715467674862038e-01	   3.5448059545197874e-01	   2.8778896546282912e-01	   3.2473230065532876e-01	   6.8213626913512404e-01	   5.1411334537896280e-01	   7.9682961086462978e-01	   7.0820806643828726e-01	   6.1416762594167862e-01	   5.7817937848625356e-01	   5.8234964930933408e-01	   5.5569683896747579e-01	   4.5079965664901511e-01	   7.6042737395297810e-01	   7.9870649948724770e-01	   8.7124798271202986e-01	   7.1348907035862241e-01	   7.8703484731489914e-01	   6.7659610281984939e-01	   7.7483292184947361e-01	   4.5244146662596002e-01	   5.1914119110450241e-01	   4.0789670180973542e-01	   5.5460871306120774e-01	   5.6242867707343280e-01	   5.5721724877201928e-01	   5.3612531901264049e-01	   5.8640224071954128e-01	   4.8270111747191929e-01	   5.7638824222528617e-01	   5.9099759602012181e-01	   6.4361855738870266e-01	   5.8361939564182719e-01	   5.5495682003188973e-01	   6.6939016907210658e-01	   6.6364869792300718e-01	   4.3616992006770439e-01	   6.4673607683035761e-01	   6.4099914542980030e-01	   8.3678395192456434e-01	   4.6075782033029727e-01	   7.4690515993311701e-01	   7.1355831139581682e-01	   8.1770097445423340e-01	   3.9732805950711897e-01	   3.3635737518799902e-01	   5.6968410142283932e-01	   4.7837891684348449e-01	   5.1976063085886592e-01	   1.5074725367611475e-01	   4.4398373563029431e-01	   5.2502679680573339e-01	   2.5025927780522017e-01	   3.8264525036926034e-01	   6.1248816779433402e-01	   5.8007075525046359e-01	   4.5972010708020250e-01	   5.0956905847579881e-01	   4.7552351288815076e-01	   4.2685953563642004e-01	   2.1282770301962495e-01	   3.0724724850130924e-01	   4.5139419952602228e-01	   3.3885379710577068e-01	   2.3029230969260528e-01	  -4.1627380750738532e-02	   1.1774453537447938e-01	   2.8803171019091200e-01	   3.8777614970511853e-01	   2.8594007804416594e-01	
   6.5621927527796464e-01	   4.1420440545683507e-01	   4.1589613142456366e-01	   4.3660325798509320e-01	   6.1967831600412082e-01	   5.5531952229114823e-01	   6.1485903779073170e-01	   7.1469326447589798e-01	   7.1100846022934694e-01	   6.9494511469997611e-01	   0.0000000000000000e+00	   8.9272427010475197e-01	   9.1584318279674826e-01	   9.3038650431382075e-01	   4.3814101538007699e-01	   5.3398657200953625e-01	   6.2727430991731525e-01	   5.1278784302015468e-01	   2.5338928933733645e-01	   3.7294680160733773e-01	   3.8809026301987842e-01	   4.3701782188370697e-01	   3.0416407379034777e-01	   3.0374066849302372e-01	   3.5612727712704795e-01	   3.6406294030565056e-01	   4.8581029335216119e-01	   3.9453823671466814e-01	   5.0508876356518351e-01	   5.3686227095651473e-01	   8.7248715108545899e-02	   1.3162357847260356e-01	   3.8114013799968988e-01	   5.4118175052188933e-01	   4.6767038123667903e-01	   5.8340012503997740e-01	  -3.9154758905844474e-02	   4.4481521305946770e-01	   3.8074983300818821e-01	   5.3489580535524039e-01	   3.8799499504964347e-01	   4.9005620669046701e-01	   1.8453860915227399e-01	   1.8342084298995870e-01	   1.4331532872912028e-01	   2.7245482856400705e-01	   2.2687922436915733e-01	   2.8914942773915719e-01	   2.8022015492122609e-01	   2.6872675835061954e-01	   6.2504832517611231e-01	   4.5826312302300792e-01	   5.3205736309451201e-01	   4.9122379084581613e-01	   5.5659549277386133e-01	   5.5433533328558360e-01	   7.9908376927775415e-01	   6.9052044868120288e-01	   6.8644729213502420e-01	   7.0748624440569396e-01	   8.7278198397331552e-01	   7.5263082859078900e-01	   7.9650157809136668e-01	   8.2410185649626344e-01	   4.9278908989374826e-01	   6.4854572529009069e-01	   5.1744499317030224e-01	   5.5470990978374479e-01	   3.0279559084727226e-01	   3.8853254722717645e-01	   3.0012449689328696e-01	   3.0512655021605084e-01	   4.4091596784661924e-01	   4.3950866111358189e-01	   4.2991839803124443e-01	   4.6118842409281868e-01	   5.5673582232213847e-01	   5.2031703698831744e-01	   6.4966625348629448e-01	   5.0718449987576686e-01	   6.8178001417105094e-01	   6.8192661968378054e-01	   3.1178887735952432e-01	   5.3890781724816395e-01	   7.9323762141159759e-01	   7.9349475214348875e-01	   2.4733608163931678e-01	   4.5393418829279109e-01	   6.1799365923677074e-01	   6.5097706673961020e-01	   2.7283337852930117e-01	   1.4498248309225814e-01	   3.4042252319317801e-01	   3.1056647633920376e-01	   3.7787909016525550e-01	  -2.8382757832350548e-02	   4.2703586862252385e-01	   4.7500267595070000e-01	   1.7079242504132275e-01	   3.7422558707176973e-01	   4.5737687001620575e-01	   4.6588962406968720e-01	   3.7628671291288118e-01	   3.9866523108937962e-01	   2.6663399782535951e-01	   2.6901608664492277e-01	   2.1544527716468020e-01	   2.4151188011490482e-01	   2.9398304921006679e-01	   1.9894220809879343e-01	   1.3187451398594804e-01	  -1.2222064801382063e-01	   1.7879686379202592e-01	   2.2983608538384281e-01	   2.7180781986440367e-01	   1.6942767273170509e-01	
   7.0270802392778997e-01	   4.8556800191560384e-01	   5.2707367181740705e-01	   6.1781839270307481e-01	   6.2835452991705909e-01	   6.5216061706573680e-01	   7.0216287830548052e-01	   8.1433735479362634e-01	   6.7222561630701905e-01	   7.4317789195737516e-01	   8.9272427010475197e-01	   0.0000000000000000e+00	   8.0747672406330628e-01	   9.2911084588793602e-01	   4.7067620114701092e-01	   6.0180103671977547e-01	   6.4796682408164386e-01	   6.1759059920073933e-01	   3.2197973246955547e-01	   4.1937601512516143e-01	   3.9676288861044073e-01	   4.5817639255871234e-01	   3.8445472916088697e-01	   4.7330259237531558e-01	   4.3061568625982061e-01	   4.5325869124572787e-01	   4.9300469908077960e-01	   4.4735750781090411e-01	   5.6721028544555785e-01	   6.5726802134704676e-01	   2.3479185490924848e-01	   3.4682725612331433e-01	   5.0048341032423116e-01	   6.6459430568914180e-01	   5.0661722624472671e-01	   6.1206074883605777e-01	  -1.2735029868862449e-02	   4.9699270918128785e-01	   4.2556128653981584e-01	   6.0257671262586243e-01	   3.8185481132292970e-01	   5.6215023054610946e-01	   3.3553648886115522e-01	   3.5241659942189107e-01	   3.0932418984580218e-01	   4.4417190745480972e-01	   4.1254397349423905e-01	   4.1178656637954958e-01	   4.7561192968681787e-01	   4.9032679465264695e-01	   7.6476448030112398e-01	   6.6551390447226477e-01	   6.5034916112958419e-01	   5.8921551563035934e-01	   6.7603283050760044e-01	   7.1533398781563773e-01	   8.5208446690550299e-01	   8.0917074878568895e-01	   7.1453275908641500e-01	   8.2344543314610741e-01	   8.6360054565759836e-01	   8.0296447009863858e-01	   8.3848988452029660e-01	   8.5254396531059218e-01	   5.1864110520153739e-01	   7.5263370870958779e-01	   5.6068144635178530e-01	   6.0696109378470198e-01	   2.7774709759830890e-01	   3.6153246505473319e-01	   3.6594933753640690e-01	   3.6257372566182416e-01	   5.1490934259928600e-01	   5.4122640364382157e-01	   4.9177324980116555e-01	   5.3709101590349306e-01	   6.4058934031595649e-01	   6.2345037109821844e-01	   7.3417382533385311e-01	   5.8169351401804226e-01	   7.4995569749799396e-01	   7.6112386670104215e-01	   3.7092340875176649e-01	   5.7971091152887388e-01	   8.0353704990637365e-01	   8.9463439886253571e-01	   3.1717014330989024e-01	   5.5412260961230697e-01	   6.6744763632231940e-01	   7.5453695007287114e-01	   3.2862997096620067e-01	   1.8418320562528692e-01	   3.9055390042472748e-01	   2.9671750452312617e-01	   5.0829125207860659e-01	   1.0738201478172489e-01	   5.5946810566963323e-01	   6.0489943895842346e-01	   3.3900430844470569e-01	   5.3435118198120768e-01	   5.1619142252338601e-01	   5.0194129566835155e-01	   3.5492664165263238e-01	   4.3167233540969241e-01	   3.8747323257976901e-01	   3.9366788489261262e-01	   2.2423175046177432e-01	   2.4504716361748680e-01	   3.5404079453214976e-01	   2.7770701414260623e-01	   2.3236714220574223e-01	   9.5456531986096004e-03	   2.6420752652440954e-01	   2.9040080685600894e-01	   3.3931867251463355e-01	   2.6242018474495787e-01	
   5.6875920439693384e-01	   4.1179978309992266e-01	   6.0556067409233261e-01	   4.9577019438461073e-01	   7.4296705793919204e-01	   5.7156015972727459e-01	   7.1855838271250860e-01	   7.2840995321948876e-01	   8.4644898845955585e-01	   7.0544810172599837e-01	   9.1584318279674826e-01	   8.0747672406330628e-01	   0.0000000000000000e+00	   9.0476681580788265e-01	   6.4887925682582137e-01	   6.5457864899050988e-01	   4.6863110731015839e-01	   4.2666610794742321e-01	   4.0453795106768464e-01	   5.4212455653912661e-01	   5.2933493892726313e-01	   5.1296156379729840e-01	   5.4969133596207798e-01	   5.0029105271295449e-01	   5.8751535804481891e-01	   5.6045408791528661e-01	   5.4277109454501282e-01	   5.3216707353092074e-01	   5.4159760562686798e-01	   5.2980105283044809e-01	   3.2458289924793338e-01	   3.1110868250628027e-01	   5.8174560262028507e-01	   6.6979081511834160e-01	   6.8871128110210400e-01	   7.6664665745996419e-01	   3.2777227825049347e-02	   5.2008300322997258e-01	   4.9492818256904458e-01	   5.7021910978484891e-01	   4.6484930706839339e-01	   4.9026151524382083e-01	   3.3637988263303037e-01	   2.5770834427596628e-01	   2.9271970796126984e-01	   3.5677680615274004e-01	   3.2956605841957737e-01	   4.6319701793395329e-01	   3.2919017500335274e-01	   2.6025832544101823e-01	   6.8098981465601716e-01	   4.4648944713297978e-01	   5.7938272954417114e-01	   5.0295357140983765e-01	   6.4956463088787575e-01	   5.8287854633060399e-01	   7.1129752524412870e-01	   6.0290201114693776e-01	   6.1541211861095635e-01	   6.9032092364707887e-01	   8.4810577925305419e-01	   7.1609756426941462e-01	   7.8507102414456220e-01	   6.8805718702563579e-01	   6.6591504308139227e-01	   7.2292080617250210e-01	   6.4652042090077677e-01	   6.7414198637411982e-01	   4.8242871786337460e-01	   6.0224368921932092e-01	   3.5274369006444278e-01	   3.3711473521508295e-01	   4.5170326718323828e-01	   4.2264345860449148e-01	   4.2949794154703941e-01	   4.4524785659391208e-01	   5.7424934458381260e-01	   5.5725554476007466e-01	   5.6409102308260883e-01	   5.3394961656350226e-01	   7.1542900599302650e-01	   7.1929106397703979e-01	   5.2701860653040145e-01	   6.9876228314163802e-01	   8.6639771276879018e-01	   8.2211195932785475e-01	   3.7721716653482606e-01	   5.2953260733508600e-01	   7.6912407222299595e-01	   7.0273626754677276e-01	   5.0780533410630047e-01	   4.0720454704144682e-01	   5.1365237578354306e-01	   5.1241376379361570e-01	   5.1610432312680921e-01	   2.8921962750808735e-03	   5.8028271417167732e-01	   5.8176669105931644e-01	   3.4625434257081689e-01	   4.8148246109380144e-01	   5.8359769808201523e-01	   6.0300047935891810e-01	   4.6636841237042365e-01	   4.8484784085380173e-01	   3.0072406683106961e-01	   3.6529206557012051e-01	   3.1798086676416004e-01	   4.6092833852425535e-01	   4.1137533334995591e-01	   3.7618522727927162e-01	   3.5854142965888136e-01	   2.4867382315878626e-02	   3.0413404474221184e-01	   3.1833731861173886e-01	   3.2356873932053543e-01	   2.2967812705120300e-01	
