   0.0000000000000000e+00	   5.9197656419785227e-01	   5.5144508584950636e-01	   2.7067564615908657e-01	   2.2761018540567213e-01	   2.9116956136748407e-02	   4.3927267136533221e-01	   2.2703550816405396e-01	   2.6116080959852017e-01	   1.0930746410851647e-01	   5.4470497613499136e-01	   2.4125128508474347e-01	   4.5574763064720791e-01	   1.2046325200122815e-01	   3.2663479094220754e-01	   2.1928867565332902e-01	   6.3969650032337566e-01	   5.2530437816915398e-01	   6.6641515375988702e-01	   5.3538880116241139e-01	   2.7114000488691559e-01	   1.2571267045624226e-01	   4.2720646033602822e-01	   2.3860085492045480e-01	   2.2184454353039956e-01	   1.0991677304214964e-01	   3.2481922049293524e-02	   1.8476798736759809e-02	   5.1386607562298137e-01	   3.5582662282303124e-01	   4.7090641564395491e-01	   3.5969703768292005e-01	   6.0203239998771108e-01	   4.3935925931558939e-01	   1.9038559918818046e-01	   1.7623308353575795e-01	   3.3881287886861888e-01	   2.2299992911457589e-01	   4.2894586677866137e-01	   3.5211676277560944e-01	   5.1084171788354515e-01	   4.8344881578759324e-01	   3.2492681779122168e-01	   3.1838576281205550e-01	   2.4197559976966759e-01	   2.2683789033117416e-01	   4.2247708026727571e-01	   4.1783537129010989e-01	   2.2841470550441600e-01	   2.1215929104394832e-01	   2.8601366621401481e-01	   3.1076525885929102e-01	   3.5144037129814182e-01	   4.6131834675570660e-01	   4.1581074674452734e-01	   4.9881434839427391e-01	   7.7589058457272631e-01	   5.1550894154601035e-01	   3.8338702209878545e-01	   2.0040291104253469e-01	   5.4373839051963180e-01	   1.5512434262834976e-01	   5.5927026792820045e-01	   4.9204770084498584e-01	   2.7329603200550406e-01	   1.7910831540825151e-01	   4.2529674184967026e-01	   3.0474583410032452e-01	   4.3828309647011582e-01	   5.1577904991869028e-01	   3.8731374711735822e-01	   2.6990619417628636e-01	   4.6088140964451385e-01	   3.5550377768559194e-01	   4.5685252021963951e-01	   3.5441711694522871e-01	   7.1896506502974822e-01	   5.9991545170813521e-01	   5.7780896894409928e-01	   2.6073029366449058e-01	   4.2178756443991416e-01	   5.9970617320171704e-01	   3.8547976434021430e-01	   2.9041489551218080e-01	   4.7262914102154951e-01	   4.7488461459731657e-01	  -1.9579195144268171e-02	   1.5832160493080019e-02	   3.7170644959303872e-01	   4.1101708882246646e-01	   1.5631252722149513e-01	   3.5644117017194860e-01	   1.3794130836048374e-01	   3.9265804739630433e-01	   3.9287622644367165e-01	   3.4408380570781938e-01	   5.7368064091957305e-01	   5.8244900177756831e-01	   5.1374098676635394e-01	   5.8177055997128246e-01	   3.4852492461007134e-01	   6.1357032748116702e-01	   5.1684800567397016e-01	   6.9149319302331647e-01	   2.3744614045891030e-01	   3.5360423501036586e-01	   3.0671755508635545e-01	   4.6015472184325312e-01	   2.7005857949979262e-01	   5.5285207256899349e-01	   5.2365482694591914e-01	   4.6668377446959736e-01	   4.0614035496892853e-01	   4.5455169129630990e-01	   3.7945073486843400e-01	   2.7336347967757491e-01	
   5.9197656419785227e-01	   0.0000000000000000e+00	   2.5052852591046243e-01	   3.8451478989571941e-01	   2.2451172170610195e-01	   2.3790188914756291e-01	   2.4249234479313037e-01	   3.3031957999810607e-01	   2.3104878920453564e-01	   2.6741863434329138e-01	   5.6944257429077738e-01	   6.0183264811788573e-01	   4.1733870710857485e-01	   3.9258578513455811e-01	   3.9926037564607864e-01	   4.0403775421741317e-01	   6.0824506756738750e-01	   6.8683365317834788e-01	   5.2755263672111530e-01	   6.3639480535372739e-01	   3.3738559484646219e-01	   3.1831036635077425e-01	   2.8015794095672553e-01	   3.0745706530828765e-01	   2.3757950886341139e-01	   2.0233283566689902e-01	   1.3407722807083175e-01	   1.6725100590091102e-01	   6.2105383016872318e-01	   5.2092310831866451e-01	   4.2113758030983051e-01	   4.0250811505704648e-01	   4.2309960652531570e-01	   4.5358895797918619e-01	   4.1681471798548378e-02	   4.0153787369770003e-02	   4.1863454297737079e-01	   4.6200527564868427e-01	   3.2752051157647777e-01	   5.1295302107213026e-01	   6.3275418077718582e-01	   6.8470508657184426e-01	   5.2712084416930127e-01	   5.3401885199323262e-01	   3.6795938361015745e-01	   4.3316079575437949e-01	   5.7789442901633381e-01	   5.5863657064358674e-01	   3.9058211914963753e-01	   4.7254945894175271e-01	   4.2089451868026817e-01	   5.0115065441786122e-01	   4.3859138441029505e-01	   5.7027132709987127e-01	   4.8584879655556440e-01	   6.0014864356489006e-01	   3.9902721874619262e-01	   7.4241978513697493e-01	   3.8356382598842909e-01	   4.4601790722443913e-01	   3.3849449533630982e-01	   2.8877285528857244e-01	   4.0315075328818378e-01	   5.7113611328213620e-01	   3.3105277068440034e-02	   4.4948795639368076e-04	   2.1935340787731888e-01	   2.3911758080453488e-01	   2.5401012085096170e-02	   4.0371230815574893e-01	   3.7781489646541827e-01	   3.7252058524882514e-01	   5.2881875954373592e-01	   5.0690777141207799e-01	   4.7683654471627396e-01	   5.2640732648426791e-01	   5.5558826940078165e-01	   6.2405503546653007e-01	   6.3863198906804575e-01	   3.6205721923986806e-01	   5.3637316574556393e-01	   5.8289397129601195e-01	   4.1028158286824057e-01	   4.6696361855560387e-01	   4.1235599687182051e-01	   6.1960376156676289e-01	   1.2886110769622638e-01	   1.6720135857294752e-01	   1.9214232550205634e-01	   4.0225652157736114e-01	   2.1612411372541052e-01	   1.0137480048621866e-01	   7.1506994819363581e-02	   4.5163311414914073e-02	   2.7765055668961247e-01	   1.0064212289961466e-01	   5.7697145612281120e-01	   5.7467838039228614e-01	   6.2313631643911882e-01	   4.7671436879120532e-01	   4.4293387235549436e-01	   2.7609596952258930e-01	   5.8410706716266447e-01	   4.5539365748538196e-01	   5.1702257653148098e-01	   4.1365808380831354e-01	   4.3812168731692330e-01	   2.4589926856844097e-01	   2.7275787009771901e-01	   2.8847255568879954e-01	   4.4140539647809862e-01	   5.0147250005296773e-01	   5.8139625706037701e-01	   5.9045357538770693e-01	   5.0684848848766484e-01	   5.2497672148578656e-01	
   5.5144508584950636e-01	   2.5052852591046243e-01	   0.0000000000000000e+00	   7.0758470976417576e-01	   7.9509095647899442e-01	   4.4571986347961590e-01	   8.5080230669456292e-01	   4.1643384012688678e-01	   7.6396704423561490e-01	   4.3038317405649446e-01	   6.1142081191007736e-01	   1.7929766906353717e-01	   7.3826132142077971e-01	   3.9792905279311314e-01	   7.9189223366063866e-01	   4.9634177601570900e-01	   2.8404336166587729e-01	   1.5284966444022455e-01	   4.7777236535059231e-01	   2.9747044819646085e-01	   6.7965783100967947e-01	   5.6548578479662148e-01	   9.5677876260158978e-01	   7.3390723005426084e-01	   7.9858002705985143e-01	   6.3927286474152878e-01	   7.1221908066340145e-01	   6.4507794155256282e-01	   4.2219832045846439e-01	   1.1863075508435122e-01	   6.9419431260817077e-01	   5.2055361986117277e-01	   3.0218979355332809e-01	   1.4803613218273462e-01	   5.8903975013979970e-01	   4.8293729390697659e-01	   5.7964597774180127e-01	   4.4945986981936026e-01	   5.9010143421971295e-01	   3.9168927610123805e-01	   5.7456151459553362e-01	   5.7837935574520549e-01	   3.0726891112807631e-01	   2.0380659811000018e-01	   2.2872782934874752e-01	   1.3964076998309977e-01	   2.9862096684041034e-01	   3.0751630478215669e-01	   2.4784089546339594e-01	   2.5756544770899259e-01	   5.7439145389773749e-01	   4.0516046334049149e-01	   5.4780060194373159e-01	   4.7424431516091209e-01	   5.3583147517284835e-01	   4.4961951103804587e-01	   2.7986788191584677e-01	   3.9634873571567047e-01	   6.1009361338688683e-01	   3.7991498811056268e-01	   7.2489626358536496e-01	   2.5239526854153821e-01	   4.3847994110207122e-01	   1.6434983067030892e-01	   8.3788932243479342e-01	   6.0275892654259411e-01	   6.9537848634344857e-01	   3.9245249380795877e-01	   3.3486283507475112e-01	   5.3937499622563545e-01	   5.6779625643023723e-01	   4.6180672481892993e-01	   3.1444162314863344e-01	   1.7477363407485938e-01	   3.1289573404747517e-01	   1.3301985610527112e-01	   3.8549405711350349e-01	   1.9387758691434848e-01	   3.9985736567582264e-01	   3.0246357752805042e-01	   4.1583322157892688e-01	   4.3739362725747499e-01	   7.7380530333712672e-01	   4.9130665625750491e-01	   8.2516799403520080e-01	   5.7571917145077978e-01	   5.4644174087885911e-01	   5.2036147854814474e-01	   8.2057885903075234e-01	   6.4663677558706756e-01	   4.9366514487794788e-01	   7.8659590588361017e-01	   4.5253247093470633e-01	   8.3418228876824319e-01	   8.0485059560738847e-01	   5.1639041122469820e-01	   6.3842646492568755e-01	   5.6615359534043463e-01	   4.8849336474539073e-01	   7.1191403382391405e-01	   2.8025854501457648e-01	   7.9612241047286103e-01	   3.0962943058313352e-01	   5.4099865572166661e-01	   4.6030996388688494e-01	   6.7365255570788163e-01	   5.2112075943988212e-01	   6.2625282711108721e-01	   7.4467381327487836e-01	   7.8910560487818637e-01	   6.3838770135864509e-01	   5.8780538366869151e-01	   4.6609218210642595e-01	   4.3586090906726183e-01	   5.3129343446520028e-01	   4.2438684080451694e-01	
   2.7067564615908657e-01	   3.8451478989571941e-01	   7.0758470976417576e-01	   0.0000000000000000e+00	   7.7757012707970707e-01	   7.5127565046573752e-01	   7.5333321432889688e-01	   7.8792038733680214e-01	   7.3046554674072428e-01	   7.2033744090742979e-01	   5.4859840629692380e-01	   5.9932438981866798e-01	   7.2891150280325179e-01	   8.1060849995771167e-01	   7.7752898816527716e-01	   7.5749688998674636e-01	   1.7035243524039648e-01	   8.5578308958942348e-02	   3.5004948009707387e-01	   2.7331706033791842e-01	   6.8130207279812605e-01	   7.2781134334922704e-01	   7.8156664696619338e-01	   9.5417240161912065e-01	   7.6043376449119104e-01	   8.0899567691619989e-01	   7.9981473596614072e-01	   8.1816492151821951e-01	   3.6781229025618306e-01	   2.2675960208980689e-01	   5.6955172921328268e-01	   5.4420987721142444e-01	   1.4799217830445024e-01	   1.5400235470573126e-01	   5.1917612654377132e-01	   5.3020940892560076e-01	   6.8655423505282376e-01	   7.1794986869504085e-01	   6.6375401923517585e-01	   6.5926952085191104e-01	   6.4226368464260630e-01	   6.9071658088400667e-01	   5.1381678725196511e-01	   4.2921975839101123e-01	   4.0027959215657183e-01	   3.6124208877757064e-01	   4.6852949995954574e-01	   4.8947063683546221e-01	   4.5389482141220583e-01	   5.3313618366051274e-01	   7.4911857713973751e-01	   6.2542991134606463e-01	   7.2848135609903797e-01	   6.7201803761234424e-01	   7.0960894287559828e-01	   6.1262427087011373e-01	  -2.8477809058867789e-02	   3.5976494045579155e-01	   6.0899460070347700e-01	   6.5255641958698951e-01	   5.7180116021092919e-01	   6.5512127563928257e-01	   2.9585743551942045e-01	   2.7288054102678816e-01	   6.4733627603854660e-01	   7.3021792031984301e-01	   6.4805545694910860e-01	   5.9622245341644320e-01	   3.8907248632683050e-02	   5.2403573573958151e-01	   5.2033061605597342e-01	   5.3042222172176445e-01	   3.0525194759262420e-01	   2.1904383554213916e-01	   2.4286420983773604e-01	   1.7100810865460223e-01	   3.3601439471118988e-01	   3.4847444600935373e-01	   3.5682414320932243e-01	   1.6408432685936167e-01	   4.0176322495794436e-01	   3.4131266873220323e-01	   7.2961233221929755e-01	   6.6074937700052194e-01	   8.2728773499179109e-01	   7.3943961323385576e-01	   6.5084861309243580e-01	   6.8979475351401542e-01	   7.5965989538287793e-01	   7.7876857273827871e-01	   7.2901728030803148e-01	   6.0550897594075181e-01	   6.7388866332942565e-01	   5.0091271644145219e-01	   6.8380016036637903e-01	   3.5185190881382716e-01	   6.2409618920547960e-01	   5.5650162118397173e-01	   6.3640608013888689e-01	   6.3603041626841583e-01	   5.7731334443134719e-01	   5.4744066303871208e-01	   4.3470539728650981e-01	   3.6743810752679351e-01	   6.6707311537129221e-01	   6.5610555984266894e-01	   7.2156348000855197e-01	   5.9557916913847631e-01	   7.1539993583773231e-01	   5.9751646069624942e-01	   6.2080387114846680e-01	   6.2162946487832449e-01	   5.8845723927150029e-01	   5.3963843519324595e-01	   6.6390949590512105e-01	   5.9920937933742957e-01	
   2.2761018540567213e-01	   2.2451172170610195e-01	   7.9509095647899442e-01	   7.7757012707970707e-01	   0.0000000000000000e+00	   8.0416431509801400e-01	   7.8697963582302011e-01	   5.8128949717959988e-01	   9.0726290628158590e-01	   7.3933869015859832e-01	   6.3853100161349152e-01	   4.2050960856974956e-01	   8.0489481306149946e-01	   6.8501560628072344e-01	   8.5382349161701931e-01	   7.3293077329454004e-01	   6.6415091912339352e-02	   2.1703618262024788e-02	   2.9302407164828137e-01	   1.2905400449276999e-01	   7.3239858741013064e-01	   7.5078917778246623e-01	   8.0948474316803209e-01	   7.6244789591233197e-01	   9.0046449532179995e-01	   8.5270999984176310e-01	   8.8793590145234302e-01	   8.3975272347211249e-01	   3.8331068718491634e-01	   2.1226643329754119e-01	   6.4450940225258158e-01	   5.5160985303599597e-01	   1.4298801923229779e-02	  -7.5940039245582042e-02	   4.0319120617385851e-01	   3.1670672680739004e-01	   5.4920984296572817e-01	   6.2781787649516962e-01	   5.6634767468810532e-01	   5.2041416047960942e-01	   4.7939201018358568e-01	   6.0301226817486131e-01	   4.8488955855924387e-01	   4.0996532667011065e-01	   3.9251937082830413e-01	   3.4532003278688234e-01	   4.4368375166614582e-01	   4.4555650935029101e-01	   5.0801062802486774e-01	   5.3508997170737516e-01	   7.9656675311215819e-01	   6.2336637735429123e-01	   7.0496741844442812e-01	   5.7375119525641693e-01	   6.5688032222869386e-01	   5.6711689987007330e-01	  -9.5552779708000024e-02	   2.9268665762815049e-01	   7.2495731349235359e-01	   5.7499346336765045e-01	   6.6049774622581259e-01	   3.6901012607858191e-01	   2.3140499145342436e-01	   1.0861432715428565e-01	   6.9962985882834616e-01	   5.1527815485299500e-01	   6.5117864427571992e-01	   4.2633765857879674e-01	  -2.5659592232463169e-03	   4.4389336167498028e-01	   6.5881122816589266e-01	   6.5430559653569798e-01	   3.9949958070696517e-01	   3.4634516072059263e-01	   3.4426912183850034e-01	   2.4904151895728333e-01	   2.6030371271820396e-01	   2.2452812033695357e-01	   2.0896783239697941e-01	   1.0749394645853580e-01	   2.2358542627242414e-01	   2.1940705531201002e-01	   7.5013717069826669e-01	   6.8495478281989197e-01	   7.9484787554239245e-01	   5.8000243330616907e-01	   7.1992525669107432e-01	   7.7976790254870942e-01	   7.5959156814676532e-01	   6.9310667993162367e-01	   6.6354184954641870e-01	   7.4895629472799952e-01	   5.3034618175663484e-01	   6.7247234594033045e-01	   7.7626126637710668e-01	   4.1316542048607413e-01	   6.1835362317040399e-01	   5.5063460325999047e-01	   5.6093993937399489e-01	   6.4192387575061227e-01	   3.4833630865942322e-01	   6.2186606516503140e-01	   2.5502465732784274e-01	   3.5151665975343538e-01	   5.3227698927687217e-01	   6.6355229359623402e-01	   5.7585101547280815e-01	   6.0880695888331693e-01	   7.2949895063437387e-01	   6.6408188668114310e-01	   6.0244825602589336e-01	   6.0337626864109950e-01	   5.8422519135775031e-01	   4.4359743050336059e-01	   5.4070965426429218e-01	   4.8022577130960298e-01	
   2.9116956136748407e-02	   2.3790188914756291e-01	   4.4571986347961590e-01	   7.5127565046573752e-01	   8.0416431509801400e-01	   0.0000000000000000e+00	   5.5447783414901997e-01	   6.9287339383811042e-01	   7.4276199137894827e-01	   9.0634751097300148e-01	   4.9779584567733787e-01	   5.8830830663463374e-01	   6.7674328919783577e-01	   8.2247110751543984e-01	   7.2975180798735195e-01	   8.2630406230283571e-01	  -8.8283493497132881e-02	  -6.5339036201980963e-02	   8.7683823899991742e-02	  -2.0498513412796574e-02	   6.5593663414814007e-01	   8.0971949423516942e-01	   5.1565201523401472e-01	   6.7755041563957863e-01	   7.3679964159732270e-01	   8.2324028439068908e-01	   7.8369508936232746e-01	   8.0783504389136751e-01	   2.8844920875038599e-01	   2.7075732892750348e-01	   4.7328425288647624e-01	   4.7176648175865821e-01	  -1.6808890528394371e-01	  -1.7024193983983910e-01	   1.9033952590220668e-01	   1.7909512410520864e-01	   5.1833472376881873e-01	   6.8645054163420727e-01	   5.2056606624204038e-01	   6.4836821814207601e-01	   3.9847710218819665e-01	   5.7801468516442189e-01	   6.0039240661612514e-01	   5.6301758420996229e-01	   5.2106566350767092e-01	   5.1624581500701294e-01	   5.5334945636636346e-01	   5.5360173652757039e-01	   6.6152054091625745e-01	   7.0448901626770422e-01	   8.2067707955340574e-01	   7.2709212224445952e-01	   7.3957213401020672e-01	   6.1165734573164410e-01	   6.9609365606501372e-01	   6.5093629588215518e-01	  -3.1337842181598763e-01	   2.1346203803581160e-01	   6.3314189285599809e-01	   6.9035585149625012e-01	   3.9900721907498876e-01	   5.3763904641901628e-01	  -8.6653042144219615e-03	   1.2693732113975612e-01	   4.1958185845159374e-01	   3.9329307740602293e-01	   4.8059404779859288e-01	   4.6302624048978464e-01	  -2.4981487889025281e-01	   3.1624143601891175e-01	   5.8699193929329740e-01	   6.6089185740026513e-01	   3.8189855970931297e-01	   4.0301360608913422e-01	   2.8086798934735724e-01	   3.0194521084771309e-01	   1.4985217334964199e-01	   2.6184705052072310e-01	   6.0248999898491223e-02	  -9.6057629082160936e-02	   7.9264327990276606e-02	   3.1355385338026565e-02	   5.5826781970748995e-01	   7.1690789953234035e-01	   6.2233730505736395e-01	   4.9682394455861778e-01	   6.7054269925918153e-01	   7.9519870185018382e-01	   5.7492221413539468e-01	   6.7003787402941706e-01	   7.5729228366009760e-01	   5.8628121309207559e-01	   6.0494734833296293e-01	   3.9849819614263793e-01	   6.1781551368757659e-01	   3.1376508645909756e-01	   5.2260699501330632e-01	   4.9784730576535752e-01	   6.1969419049034458e-01	   5.1865428586999518e-01	   5.2510775481497174e-01	   3.9107375219175455e-01	   3.3670471515682099e-01	   2.0114336092097240e-01	   5.9292568427810399e-01	   5.8330358111027558e-01	   5.9586518212572359e-01	   5.0143397028794168e-01	   6.6150180193886965e-01	   4.6397397974556082e-01	   4.7171505552966020e-01	   5.1724688401844410e-01	   6.0732334821142930e-01	   4.1320858389183446e-01	   5.5045473323167382e-01	   5.0033578268509671e-01	
   4.3927267136533221e-01	   2.4249234479313037e-01	   8.5080230669456292e-01	   7.5333321432889688e-01	   7.8697963582302011e-01	   5.5447783414901997e-01	   0.0000000000000000e+00	   7.4526568225082657e-01	   8.9708862019200075e-01	   6.6893683862425313e-01	   7.3281592028556852e-01	   3.9751338697420535e-01	   8.8102397929440068e-01	   6.2412277318179288e-01	   8.1920456133346287e-01	   6.8228801491935442e-01	   3.2333449859860564e-01	   1.8742129640515190e-01	   3.3534316152438709e-01	   1.6836745717913648e-01	   6.7977981842516555e-01	   6.4936219357311453e-01	   8.4834375062297562e-01	   7.0344780141137275e-01	   7.2996904534297280e-01	   7.0287891251105461e-01	   6.5360264699968440e-01	   6.1863713284961319e-01	   5.9135166909734449e-01	   4.2840338898903429e-01	   8.2906204395203187e-01	   7.6229482414288197e-01	   2.8176512446151630e-01	   1.4833181011960478e-01	   3.5666533390120814e-01	   3.0482731673845997e-01	   4.0295845503360911e-01	   4.6190818861943117e-01	   5.0171327344649908e-01	   3.8058624691886378e-01	   4.4082086159377953e-01	   5.2597605604648212e-01	   3.8228834993845007e-01	   2.9732776263691529e-01	   3.2772775160439815e-01	   2.4443421399723234e-01	   3.4428202167797228e-01	   3.4903662594085816e-01	   3.4545467451224171e-01	   3.2824124303958635e-01	   6.3582678465798559e-01	   4.7440876241063584e-01	   5.8657678887973508e-01	   5.3124429096062153e-01	   5.4794660712419718e-01	   4.6998562466110616e-01	   1.8690166622676854e-01	   2.1526415810528049e-01	   5.4421421535058923e-01	   3.0712295215078211e-01	   8.2521734998992780e-01	   4.0902375116260170e-01	   5.4456833908120494e-01	   3.4035320627493915e-01	   6.5873993086204619e-01	   5.2766547446119638e-01	   6.0250845065908831e-01	   4.0135900624946574e-01	   1.7133702456735786e-01	   4.2398457090096980e-01	   7.3798976305377129e-01	   6.8942154621006624e-01	   4.9447088317547239e-01	   3.8308838971177156e-01	   4.1510652375836954e-01	   3.3026590711876080e-01	   4.1975479382416991e-01	   2.7717835860867923e-01	   4.1536871688780175e-01	   2.0520072147016283e-01	   3.8292627376328886e-01	   4.7013977600877571e-01	   7.1928101972270941e-01	   6.4017784726756777e-01	   7.3789407517832006e-01	   5.9861123872933453e-01	   4.0635658400290181e-01	   5.5588380892144418e-01	   6.5843837648614134e-01	   5.6839278897028833e-01	   5.5680449385807051e-01	   6.8628379943769136e-01	   5.5396212670880085e-01	   6.6637665047473715e-01	   6.7553268627679519e-01	   3.3087906007837570e-01	   5.1719894637281660e-01	   4.7104044039927073e-01	   5.4161306267421094e-01	   6.4886698326489733e-01	   3.1015729096136246e-01	   6.5057833708647594e-01	   2.2021640560618408e-01	   3.8628881344074911e-01	   3.4743801261229701e-01	   5.1385394696747899e-01	   4.7528342238106769e-01	   5.6087503946873019e-01	   6.2045386068858710e-01	   5.7712408124737125e-01	   4.9051579960077207e-01	   4.7068232574081992e-01	   3.6660167488626361e-01	   2.9314117003717149e-01	   4.3501583956406842e-01	   3.8168198514389701e-01	
   2.2703550816405396e-01	   3.3031957999810607e-01	   4.1643384012688678e-01	   7.8792038733680214e-01	   5.8128949717959988e-01	   6.9287339383811042e-01	   7.4526568225082657e-01	   0.0000000000000000e+00	   7.1608210369039726e-01	   8.1157224934925398e-01	   6.3345672882749160e-01	   7.4313764793560888e-01	   7.7077573553780343e-01	   8.9399804212586764e-01	   6.5238201294147391e-01	   8.0532242930674380e-01	   2.0931696038742506e-01	   8.4696918586893155e-02	   1.9367895048743680e-01	   1.1274605403135654e-01	   5.4593472852258595e-01	   6.5331666235643904e-01	   4.7872411239019641e-01	   6.6673486560152218e-01	   5.0174562463146710e-01	   6.5496481462769784e-01	   5.2600469761533220e-01	   5.8648007175838157e-01	   4.9977620421558966e-01	   5.1686093827379243e-01	   5.9859303944019682e-01	   6.7561316529040161e-01	   9.8747465525459155e-02	   1.0524019595767420e-01	   1.0379975329453490e-01	   1.6586133793738539e-01	   3.9470857185187586e-01	   5.9799388401733755e-01	   4.8130073391277217e-01	   5.2586029767529308e-01	   4.1807552466742337e-01	   5.3269841025182418e-01	   5.0903384890434911e-01	   4.6744831164664313e-01	   4.4140504530716107e-01	   4.1616696791985308e-01	   4.6429633909033707e-01	   4.7275889039480873e-01	   5.2020917601252670e-01	   5.4915286291894050e-01	   6.7759839737823779e-01	   6.3014022925690261e-01	   6.6961430986602255e-01	   6.7054455258596468e-01	   6.1753479798864541e-01	   5.6585043707651550e-01	  -3.1079115124955162e-02	   1.3137406968246534e-01	   4.9102045487027468e-01	   4.9571291619120722e-01	   6.0126243792796952e-01	   7.4862222519850097e-01	   3.5498162775009900e-01	   4.5643762938889931e-01	   2.7328127398844598e-01	   4.3614286862494445e-01	   4.2054035458103906e-01	   4.6137548169839104e-01	  -9.6907232940848229e-02	   3.6718147639906645e-01	   6.4069929566256467e-01	   6.9167697731418265e-01	   4.4847755993366800e-01	   4.0365005756135830e-01	   3.1834481846587492e-01	   3.6484004004677184e-01	   3.6262374176075984e-01	   3.9230967703620673e-01	   3.0849446962019295e-01	  -4.6613886150825290e-02	   2.8217795816029639e-01	   2.9435423133338889e-01	   5.2982867154388635e-01	   6.7173445513918584e-01	   5.5050813137371812e-01	   5.8550007758162192e-01	   3.3062511518369475e-01	   5.2128851685374600e-01	   4.3973711710585772e-01	   5.8799767381852919e-01	   6.6490021332198057e-01	   4.1389856563421829e-01	   6.3577773398858506e-01	   2.5392819964862162e-01	   4.3891013596288686e-01	   1.3532645591278356e-01	   4.1720719947681051e-01	   3.9876010458149824e-01	   6.2748324909972919e-01	   5.1158763022088916e-01	   5.9065416775876123e-01	   3.6582412985064028e-01	   3.7899386906219423e-01	   2.3269428553670402e-01	   4.3514094955769789e-01	   4.0104007555146826e-01	   5.6897480641802267e-01	   4.6112630573089380e-01	   4.5430610172087915e-01	   3.4000271197063570e-01	   3.7819242904350292e-01	   4.3763525197580055e-01	   4.6595010927568897e-01	   3.5357781500170793e-01	   4.8098818044831648e-01	   4.6952723942725599e-01	
   2.6116080959852017e-01	   2.3104878920453564e-01	   7.6396704423561490e-01	   7.3046554674072428e-01	   9.0726290628158590e-01	   7.4276199137894827e-01	   8.9708862019200075e-01	   7.1608210369039726e-01	   0.0000000000000000e+00	   8.1842181225711452e-01	   7.4919558794664409e-01	   5.0932543032978095e-01	   9.0396064318663738e-01	   7.5108118487740494e-01	   9.0933149791820167e-01	   8.0517773562633932e-01	   1.4555099888346237e-01	   1.0069427252015863e-01	   2.2987295982516454e-01	   7.9100356806466349e-02	   7.4315632862440584e-01	   7.7423242888250865e-01	   7.7931820550933606e-01	   6.6648305398000673e-01	   8.2299232963351843e-01	   8.0352247722314807e-01	   8.0415330175593414e-01	   7.6566133351490240e-01	   5.5134389395705385e-01	   4.3514545490963502e-01	   7.6185758724681807e-01	   6.9067921096700191e-01	   1.7465244363797060e-02	  -8.9831106170289068e-02	   2.0289069186637679e-01	   1.2678674576866519e-01	   4.1013650014848169e-01	   5.4239882758243141e-01	   4.6712444368552919e-01	   4.1193433547646252e-01	   3.7841180211694159e-01	   5.3943719705241755e-01	   3.8970003366341710e-01	   3.2159199366175689e-01	   3.1463105110842648e-01	   2.6097069564728043e-01	   3.5181411190594669e-01	   3.4503386343998632e-01	   4.4069998005177158e-01	   4.5159869477729786e-01	   7.4317084375837383e-01	   5.8560085079226132e-01	   6.6619626771603779e-01	   5.6875280626958435e-01	   5.6439270271397368e-01	   4.8972586622562980e-01	   2.2323159010263199e-03	   2.3252389987980052e-01	   6.3848218534056689e-01	   4.3429171068433159e-01	   7.6067225404913508e-01	   4.0643363809999028e-01	   3.5425324289348653e-01	   2.3590117705786223e-01	   5.9606591190055758e-01	   4.0500402162535720e-01	   4.9297152401276378e-01	   2.6624912364217462e-01	   2.0020489983973790e-02	   3.6273419784341110e-01	   8.1536452799561654e-01	   7.9726686789760326e-01	   5.4747977009249105e-01	   4.9918129774836262e-01	   4.6501768232743845e-01	   4.3209144561612362e-01	   2.6484526371863026e-01	   1.9888033304418459e-01	   2.4269678272079426e-01	   5.7994869826911169e-02	   2.1166500534536570e-01	   2.4977287572834389e-01	   7.5524515457177821e-01	   7.5666514986389877e-01	   6.9074625520165567e-01	   5.2844428920466968e-01	   5.7407087136211921e-01	   7.0790636145547747e-01	   6.5835228305623095e-01	   5.9786225904764601e-01	   6.1815947231856416e-01	   6.9711184562672623e-01	   5.7521133345922704e-01	   6.1968187330631541e-01	   7.2165928326157491e-01	   3.4738008227846634e-01	   4.9201056455137937e-01	   4.4560858578959217e-01	   5.3412292537670503e-01	   5.9218443480276550e-01	   3.0307639973785566e-01	   5.6235696284529513e-01	   1.9653548495688600e-01	   2.8148984506706198e-01	   4.0461099866413186e-01	   5.3992797039476959e-01	   4.8146128588939452e-01	   5.3965470504276136e-01	   6.7893018961003304e-01	   5.5003769866564689e-01	   4.4785281524859683e-01	   4.6491262579002390e-01	   4.5842113003940843e-01	   2.8930369334691541e-01	   4.4892554913174976e-01	   4.6176078934841891e-01	
   1.0930746410851647e-01	   2.6741863434329138e-01	   4.3038317405649446e-01	   7.2033744090742979e-01	   7.3933869015859832e-01	   9.0634751097300148e-01	   6.6893683862425313e-01	   8.1157224934925398e-01	   8.1842181225711452e-01	   0.0000000000000000e+00	   5.8546066839181066e-01	   6.5463849972478561e-01	   7.5013678574240961e-01	   8.5842913022974909e-01	   7.6377360453328158e-01	   9.2588180003393927e-01	   5.9362057144634793e-02	   8.1183653927716024e-02	   7.4431823126527630e-02	  -1.9919393673155213e-02	   6.0007848251271645e-01	   7.4890212378955245e-01	   4.9433442674751438e-01	   6.1226561321162287e-01	   6.3280807841647779e-01	   7.5635275792759760e-01	   6.7363606327826808e-01	   6.8220754430826458e-01	   4.8723196068293018e-01	   5.3242039848177658e-01	   6.0457711130397451e-01	   6.3689240109949596e-01	  -1.4410291862309463e-01	  -1.8173237156387237e-01	  -1.7540810897824687e-02	  -3.1600310943480280e-02	   3.3929072819753459e-01	   5.9258430384420269e-01	   3.6480575025087575e-01	   4.9850017749644698e-01	   3.1562986854939168e-01	   5.2986754621408949e-01	   4.9996677780983489e-01	   4.7122872140276340e-01	   4.0941498328853260e-01	   4.0049577463144748e-01	   4.6110207056135843e-01	   4.5653880218679510e-01	   5.5851325344586156e-01	   6.0541579192591410e-01	   7.5298276380465989e-01	   6.7514696507792793e-01	   6.7394022389993347e-01	   6.2829663826253901e-01	   5.6369813057574658e-01	   5.6561059947251557e-01	  -1.3839620809076528e-01	   1.7963675148244743e-01	   5.3558419168763416e-01	   5.3809238036059981e-01	   5.0746275518998396e-01	   5.2918510978757838e-01	   1.7679553345601998e-01	   2.7581824743357652e-01	   3.1191818484703987e-01	   2.5908106661501840e-01	   3.3280155479115869e-01	   2.9271485174852258e-01	  -2.4577991724213133e-01	   2.4299560407571835e-01	   7.0709508498819851e-01	   7.7531592337373789e-01	   5.2181095333783278e-01	   5.5622474401642996e-01	   4.0642764933948983e-01	   4.7688311539766959e-01	   2.3527868857539552e-01	   3.1736199014682398e-01	   1.7230890885063477e-01	  -5.1612786890400060e-02	   1.2885217033944840e-01	   1.6429242817598957e-01	   5.4043159344420511e-01	   8.3797280118370832e-01	   5.5671943805791047e-01	   5.2022364224544393e-01	   4.6609475959552493e-01	   7.3935613168970449e-01	   4.3986211918340246e-01	   5.7515531425133992e-01	   7.1885225402218078e-01	   5.1930413107519513e-01	   6.2493762364529704e-01	   3.1192351982590882e-01	   5.3025753526277675e-01	   2.1684081053148824e-01	   4.1255558715786639e-01	   4.0986220390442329e-01	   6.1648433337092678e-01	   5.0083554177558898e-01	   4.6596487473033998e-01	   3.3233324215532428e-01	   2.7244715577723144e-01	   1.5990627736178403e-01	   4.1315874545738113e-01	   4.0794241390047825e-01	   4.9375756413596472e-01	   4.4723396536159449e-01	   5.8141037932149076e-01	   3.7648089473218915e-01	   3.4407817924952078e-01	   3.9377290570604428e-01	   5.0408109489615005e-01	   2.9900844447959035e-01	   4.2552912109845265e-01	   4.1431620511714473e-01	
   5.4470497613499136e-01	   5.6944257429077738e-01	   6.1142081191007736e-01	   5.4859840629692380e-01	   6.3853100161349152e-01	   4.9779584567733787e-01	   7.3281592028556852e-01	   6.3345672882749160e-01	   7.4919558794664409e-01	   5.8546066839181066e-01	   0.0000000000000000e+00	   6.8690573850151249e-01	   8.6180913267886328e-01	   6.5736289242078083e-01	   7.7781614765784945e-01	   6.9117854172993931e-01	   4.8253349380769939e-01	   4.3279529447727288e-01	   3.8666933858416236e-01	   3.2923317503155713e-01	   6.1104681136939443e-01	   5.7921776873952502e-01	   6.2363073928744606e-01	   4.7818343857197276e-01	   5.7759988739026469e-01	   5.2940848451478484e-01	   4.6977382425576530e-01	   4.7803070047935853e-01	   7.3857353687431937e-01	   6.0366814871225183e-01	   7.0899916777618044e-01	   6.5686709166006407e-01	   2.7495548438001977e-01	   2.2056458641666643e-01	   4.8016087120669487e-02	   2.1395236603556345e-02	   3.9295285898929644e-01	   4.7202371143554023e-01	   4.6620510181914854e-01	   4.6023990798661829e-01	   5.5895876586408966e-01	   6.6371290614563017e-01	   4.5887605101259310e-01	   4.4419428843455122e-01	   3.1088574110698114e-01	   3.4062458523146000e-01	   4.9263703830307004e-01	   4.8896135046441663e-01	   4.6767859174188636e-01	   5.1660646729506809e-01	   6.8979343833312090e-01	   6.4170346128726830e-01	   7.1907521070843416e-01	   7.1187313893379289e-01	   6.2893093273527212e-01	   6.6242225411621714e-01	   2.5069438491580215e-01	   5.4348902693564327e-01	   6.8952897600759111e-01	   4.6795885204921173e-01	   8.2345090928728537e-01	   4.7789166520573889e-01	   6.1004990023592542e-01	   5.8164578031420844e-01	   3.4784481525479571e-01	   2.3490517847493170e-01	   3.8635341360518827e-01	   2.1949177294764921e-01	   4.2574493635744608e-02	   3.9640025828685632e-01	   7.6948246514847141e-01	   7.1400337759557231e-01	   6.6473080123010608e-01	   5.9866664453050322e-01	   6.0725809603580749e-01	   5.7620834123874920e-01	   5.4004405819208190e-01	   5.0025062736643178e-01	   4.9817108168219443e-01	   1.8772783672738885e-01	   3.9016352140862198e-01	   5.1078618289609246e-01	   6.8301055030069535e-01	   6.4146999291201590e-01	   6.2946087455953958e-01	   6.4446042756868493e-01	   3.1312734162971584e-01	   4.1869419852670087e-01	   4.6225806420497567e-01	   6.0004504600030062e-01	   3.8830232362061068e-01	   4.6957244816490434e-01	   3.0991522925965920e-01	   4.1545522241434041e-01	   5.4694296499616746e-01	   2.3869204683780645e-01	   5.7545075020886105e-01	   5.5895266164454971e-01	   6.2464767254530174e-01	   6.5639518432471222e-01	   4.0883294553317739e-01	   5.6192563572109666e-01	   3.9076121674404274e-01	   4.8047712462419545e-01	   4.4411418864678076e-01	   5.6206961766172414e-01	   4.2921215105740429e-01	   4.7380493266894202e-01	   5.3136342238748091e-01	   4.9416154133828827e-01	   4.5690084683081256e-01	   4.9887113470897093e-01	   4.9684012787518217e-01	   4.7274990417171536e-01	   5.3427773442817594e-01	   6.0599624028774213e-01	
   2.4125128508474347e-01	   6.0183264811788573e-01	   1.7929766906353717e-01	   5.9932438981866798e-01	   4.2050960856974956e-01	   5.8830830663463374e-01	   3.9751338697420535e-01	   7.4313764793560888e-01	   5.0932543032978095e-01	   6.5463849972478561e-01	   6.8690573850151249e-01	   0.0000000000000000e+00	   5.9178244422066051e-01	   8.5080386486783088e-01	   5.4863113359026083e-01	   7.1806451292362461e-01	   1.5069073616045042e-01	   2.4246704045100137e-01	   1.0726685081369358e-01	   1.5891376992887329e-01	   3.6323712942887826e-01	   5.0359415966975507e-01	   2.6915626602903625e-01	   4.9184027025638988e-01	   3.1724622121786877e-01	   4.5436826849420664e-01	   3.9292150674254306e-01	   4.5840180296648514e-01	   4.1882891208131112e-01	   5.2259508441473024e-01	   3.3550333906967050e-01	   4.0184287694330179e-01	  -5.0547073335923405e-02	   3.8827670823406990e-02	  -1.4789277661764938e-01	  -7.6499388477722308e-02	   3.6469410361550075e-01	   5.7568477804054619e-01	   3.8928380530243123e-01	   5.6163875981334521e-01	   3.9106962841707560e-01	   5.5874503277764909e-01	   4.3488494150559404e-01	   4.6505757259508523e-01	   2.6681642142123380e-01	   3.7139455281040334e-01	   4.6040811725005637e-01	   4.6814671017039772e-01	   5.1911036843433589e-01	   6.7122639913816307e-01	   6.5593691437539370e-01	   7.2657817757408416e-01	   6.8267146045132321e-01	   7.6435609789218939e-01	   5.7181564666774354e-01	   6.4081190601663451e-01	  -4.9988313260278333e-02	   4.2925414055548761e-01	   5.7097858885798791e-01	   6.6311852661529436e-01	   5.1086729641070139e-01	   7.5582900213089799e-01	   2.7487099924529990e-01	   5.5846352537530874e-01	   6.0678634673505261e-02	   2.2987344070425914e-01	   1.4633913203477766e-01	   2.4879479042156816e-01	  -3.3386372758273947e-01	   2.2676953537445615e-01	   5.3979901022445864e-01	   5.8228544002875193e-01	   4.4369079656304766e-01	   4.9914224286513020e-01	   3.4835884815949769e-01	   4.7130894052181260e-01	   3.9521327787240146e-01	   5.7955056011666450e-01	   2.3626884608216669e-01	  -1.1914077193148125e-01	   9.7801433071778965e-02	   1.9454108485114774e-01	   4.2869157664809898e-01	   6.6781009066927965e-01	   4.2751587971495975e-01	   6.2215272226236484e-01	   3.3981454992190963e-01	   4.5141748717420216e-01	   2.8126254281007634e-01	   6.1726329723040585e-01	   4.6161124914770940e-01	   1.7143957709643487e-01	   4.2513284961432518e-01	  -4.4419680119361813e-03	   3.0737990813942473e-01	   4.3088724451863149e-03	   4.1713355407562991e-01	   3.6436206455294567e-01	   5.7537320760839927e-01	   3.4821797836421031e-01	   5.9758461385636452e-01	   1.7682859793291017e-01	   4.4196148344506492e-01	   1.6280258340184386e-01	   4.6209263530271016e-01	   3.7699438807133440e-01	   4.9254553793308670e-01	   3.4057778193736626e-01	   3.2954014396916642e-01	   2.1661861585164027e-01	   2.6731002274067994e-01	   3.3846328847101192e-01	   5.3551237231411020e-01	   4.0880148233040836e-01	   4.6957804487726285e-01	   5.8824280168035559e-01	
   4.5574763064720791e-01	   4.1733870710857485e-01	   7.3826132142077971e-01	   7.2891150280325179e-01	   8.0489481306149946e-01	   6.7674328919783577e-01	   8.8102397929440068e-01	   7.7077573553780343e-01	   9.0396064318663738e-01	   7.5013678574240961e-01	   8.6180913267886328e-01	   5.9178244422066051e-01	   0.0000000000000000e+00	   7.6950544319475123e-01	   8.9266345063025798e-01	   8.0174059930494201e-01	   3.0039788053525962e-01	   2.0391339814668982e-01	   3.6619962799246669e-01	   1.9678984987615977e-01	   7.7448436724443437e-01	   7.5164907505671730e-01	   7.3976343269518785e-01	   6.4261373694174417e-01	   7.5324351907620002e-01	   7.4192667895214881e-01	   6.9643807794672918e-01	   7.1425352813340115e-01	   6.5397791850322085e-01	   4.9393458804804757e-01	   7.7162160591857831e-01	   6.9809770588370434e-01	   1.8342424261493087e-01	   7.6300928846054092e-02	   2.5882883239985710e-01	   2.0744219763293614e-01	   4.8293470913117104e-01	   5.8231933439780370e-01	   5.9047450904146404e-01	   5.1894162495782559e-01	   5.0883251239697380e-01	   6.2428112952474857e-01	   4.6934932375241961e-01	   4.0763843052495052e-01	   3.7103562006860202e-01	   3.2946336993941228e-01	   4.5766307554220964e-01	   4.4595509206996264e-01	   4.5382502858434987e-01	   4.5941536407073463e-01	   7.3709915414851113e-01	   6.0571302684775108e-01	   7.1293443194283734e-01	   6.4561300220943807e-01	   6.5786625349462480e-01	   5.8985021506553870e-01	   1.1987321140231456e-01	   3.4701067311590794e-01	   6.3979677728558504e-01	   4.4138923063129848e-01	   7.8201410010645533e-01	   4.7430596306991374e-01	   4.2728116653611942e-01	   3.4593089991431825e-01	   5.5105728418405309e-01	   4.4223934696214362e-01	   5.3420243004797796e-01	   3.5219016503948647e-01	   7.9861295260008430e-02	   4.6780718509444030e-01	   7.9577203893916182e-01	   7.6800656243026033e-01	   5.7613797758659779e-01	   4.9779506463040496e-01	   4.9745120994124625e-01	   4.5770534250622524e-01	   4.0946716284263207e-01	   3.3943647709003549e-01	   3.9869048156757059e-01	   1.2931302519626675e-01	   3.5294085082475662e-01	   4.2014332104442209e-01	   7.7760674026632970e-01	   7.1502296475674609e-01	   7.2936488658827980e-01	   6.3338872428785054e-01	   4.6658834387680581e-01	   6.0067733303766124e-01	   6.1461653467263133e-01	   6.3057944481063000e-01	   5.8006518560302500e-01	   6.3632308797609982e-01	   5.6631499577895150e-01	   6.1048675657367468e-01	   6.5668569426325474e-01	   3.0772020300731151e-01	   5.8674047308308852e-01	   5.3249819016218325e-01	   6.2452603276098728e-01	   6.5644726624135341e-01	   4.4233709426019235e-01	   6.5357018750011675e-01	   3.5967208652157412e-01	   4.4253014744889152e-01	   4.6796222074555688e-01	   5.8372896961772136e-01	   5.4671295865430891e-01	   5.7234843270773195e-01	   6.3250244213858053e-01	   5.5398395880547235e-01	   5.1799655395753808e-01	   5.4342508831914438e-01	   5.0590681365713108e-01	   4.2530552595450244e-01	   5.4157863653012228e-01	   5.2945422227088157e-01	
