   0.0000000000000000e+00	   6.6750669731126755e-01	   1.4460864996701517e-01	   3.0347702047153348e-02	   3.9579343926706040e-01	   3.2146531924078359e-01	   3.4938248286844209e-01	   2.2663740098488899e-01	   3.9653250256372718e-01	   2.6920837513784934e-01	   5.4395198044337567e-01	   3.9054443762488161e-01	   4.2167694579379322e-01	   3.3209381458419673e-01	   3.5470031561483761e-01	   3.1134360638024772e-01	   2.4566932641325376e-01	   5.5634094584915350e-01	   5.4837839587407489e-01	   4.0961976641497327e-01	   2.9557294248807287e-01	   3.0787063314681051e-01	  -5.2852034384660795e-02	  -2.6447270589207661e-01	   1.2942349659123425e-02	  -6.7341890926156917e-02	   2.0238337555000349e-01	   2.8073844347331956e-03	   4.8705330077442766e-01	   6.0480321296565509e-01	   2.6616282508735956e-01	   3.9225603880629650e-02	   1.7607239367821728e-01	   1.1795148665876001e-01	  -2.2065299923682657e-01	  -4.2012213287347955e-01	  -3.1369687873748442e-01	   4.9387218023341117e-02	   9.8709494375614548e-02	   2.2134760998689593e-01	   4.5978289311615628e-01	   3.2013255797441054e-01	   4.6098881405884168e-01	   3.6264348585518807e-01	   2.5857297410559021e-01	   2.2308179229413735e-01	   4.4079335412343024e-01	   4.0820140155726070e-01	   2.7692208782717376e-01	   1.4484363352045190e-01	   3.0237866106037209e-01	   1.4778463664477159e-01	   2.9688045990058820e-01	   2.0848664347914564e-01	   3.4628591541607634e-01	   2.8479504687824547e-01	   5.5423276155744106e-01	   6.5544893077721311e-01	   5.3509268215646344e-01	   3.2647452440499586e-01	   5.8295979457340041e-01	   1.4049283431692910e-01	   6.1182480835260644e-01	   7.4256412660173843e-01	   1.1582210713544761e-02	  -4.1880789128517115e-01	   2.6246815805295032e-01	   5.5123622787227912e-02	   6.1205614807212809e-02	   6.2624651927192243e-02	   2.6829458910735710e-01	   1.8003069547385067e-01	   5.6515804952486060e-01	   6.2578334665534430e-01	   4.4670645297501071e-01	   4.5405870852171171e-01	   4.9846467954177265e-01	   3.5283610175466706e-01	   3.3124690011320457e-02	   3.9250200664597179e-01	   1.4337279356855775e-01	   4.2262506882918005e-01	   3.3592564484673637e-01	   8.0782670842134474e-02	   1.0036058273455742e-01	   9.2877038735644318e-02	   7.5565608569850076e-02	  -2.1618296243428113e-02	   1.4623096808172292e-01	   2.0157544220855350e-01	   2.6517480783595904e-01	   2.8476144142033377e-01	   1.1395706901863825e-01	   4.3411068194123553e-01	  -1.0276388842847514e-01	  -4.3548112487532598e-02	   1.6764914424247845e-01	   1.8222952975965404e-01	   4.4469339869185476e-01	   3.7728873085887293e-01	   3.5902538007528367e-01	   4.7415559452796113e-01	   4.3645669616050631e-01	   4.7779792852736314e-01	   3.7101733320301471e-02	   9.6263110552412337e-02	   8.2674520856645482e-03	   4.5624844333428172e-02	  -9.5802068548006991e-02	  -4.5722577493359395e-02	  -1.0388748763204750e-01	   2.7282481716816154e-01	   3.1056832238152077e-01	  -7.3044126836790848e-04	  -1.9706154860601008e-01	   1.4047227238012747e-01	
   6.6750669731126755e-01	   0.0000000000000000e+00	  -3.2415687108735824e-01	  -6.3616884627534051e-02	   1.5562346946919703e-01	   2.9551493863078948e-01	  -1.5869697619264617e-01	   1.0195549565436030e-01	   1.3592162833085447e-01	   2.0717648923544646e-01	   1.0087311858634454e-01	   2.3962122614638462e-01	  -5.4156040732710117e-02	   1.5776641208492007e-01	  -5.0259235435464233e-02	   1.0717869323605130e-02	   4.4246920040511528e-01	   6.8503079003407996e-01	   3.7642936154037054e-01	   6.1833466341315724e-01	   1.4656623070250541e-01	   2.6527872324757740e-01	  -3.9294590436536098e-01	  -3.6226030753222027e-01	  -1.0720545415685645e-01	  -1.2770719600798311e-01	   4.4702466921006725e-02	  -1.1930728398725528e-01	   4.1485098455801905e-01	   6.3674544473137484e-01	   2.0556546492145292e-02	  -7.2901632797366445e-02	  -1.9419974014110081e-02	   4.6298148422909621e-02	  -3.9152320505475996e-01	  -4.9764205578718435e-01	  -4.2376289469938927e-01	  -2.5696062501088253e-02	  -1.9801162302496661e-01	   2.0963367170772862e-01	   2.6053846736904696e-01	   3.9968177604766186e-01	   2.6778250263747949e-01	   2.9288585607163986e-01	   2.3446718706412689e-01	   2.3046648464968264e-01	   4.5821468084151507e-01	   4.8090949324979387e-01	   3.8983263088380160e-01	   2.4326596495796579e-01	   3.7310507523863157e-01	   2.6751524705744634e-01	   5.6545482910979050e-01	   4.8237037029071655e-01	   2.6267996380862618e-01	   2.9651537634387704e-01	   6.9803692905913461e-01	   8.0245291255180562e-01	   4.2161883023303498e-01	   4.0297468102658218e-01	   2.5981582685125870e-01	   1.0786358500509410e-01	   5.6826800164717506e-01	   7.0726098251968184e-01	  -2.7445355013263456e-01	  -5.0890131219122203e-01	  -3.5020987645149257e-02	  -1.0142268961043927e-01	   3.0411230160485786e-01	   1.6841937936602960e-01	  -2.3297770400338846e-01	  -2.9341332249582096e-02	   3.3497848924123141e-01	   6.6632075181987127e-01	   2.4282114212733774e-01	   4.9517822549425394e-01	   1.3349557318183539e-01	   2.3412527145497358e-01	   1.8790928609636243e-01	   3.6621767821943751e-01	   2.9700693611116152e-01	   3.6822716947828815e-01	   2.0293670592303520e-01	   1.3579131393121954e-01	  -1.6766278558922565e-01	   1.5315681491069898e-02	  -4.3745246662986237e-02	  -5.8476354991040369e-02	  -1.5910345583292140e-01	   1.6425336153193554e-01	   1.0391422175169804e-01	  -6.6481022254404575e-03	  -8.1111176334863949e-02	   6.3243875496956772e-02	  -2.3272610053266113e-02	  -2.1325759902637853e-01	   2.8207603785030139e-01	   2.4528196939393215e-01	   4.9133507767373430e-01	   1.0941065757022987e-01	   2.8172454322899032e-01	   2.3787053035657735e-01	   2.0941134405573447e-01	   2.0173190395914259e-01	  -2.2053911518758984e-01	  -3.4430970494756119e-01	  -4.2816823277219392e-03	  -1.4212648397936309e-01	   1.3214711318798814e-01	   1.0761442661921301e-01	   7.4299725011810439e-02	   3.8383320005316357e-01	   1.4440565594346083e-01	   2.0972655985975853e-02	  -3.6090090463495728e-01	   2.8746143531496758e-02	
   1.4460864996701517e-01	  -3.2415687108735824e-01	   0.0000000000000000e+00	   4.6133645743516760e-01	   4.8695704901858294e-01	   9.9143108554906101e-02	   8.6456159737647575e-01	   3.0269381017928065e-01	   4.6730683873895329e-01	   1.2221167634308060e-01	   4.0577103740807863e-01	  -2.7880709207453339e-02	   5.7676007905951610e-01	   2.9265722882605739e-02	   7.0997594879837467e-01	   4.4919533309435244e-01	  -1.0557001551258272e-01	  -1.5469577633995147e-04	   4.8552104886668729e-01	  -8.8021239440732577e-02	   5.3516263522683905e-01	   2.7324433185012237e-01	   8.9575803883277882e-01	   4.5361770349271130e-01	   3.9474070853798598e-01	   2.9159949644812722e-01	   4.4190999210060777e-01	   2.3818150133993224e-01	   1.6474119283715954e-01	   3.0343501275751097e-02	   6.8006299825964844e-01	   5.1100314839178407e-01	   7.6825096275894722e-01	   5.8518928842179918e-01	   7.6921710925438636e-01	   5.6961942132193411e-01	   4.5513399871340471e-01	   3.9467067430076280e-01	   7.0435451416699857e-01	   3.9029000175420198e-01	   3.9347234427651412e-01	   1.9718163981509920e-01	   2.9849549616266147e-01	   2.0601152081093402e-01	   9.4276511439445515e-02	   8.3505283409013031e-02	   1.3863563315193082e-02	   6.3556842830218507e-02	  -9.6180544110981814e-02	  -1.5631779651918692e-01	   1.8744858285742688e-01	  -8.1115993476819095e-02	  -1.4827053658895198e-01	  -3.3932000728408664e-02	   3.7898574577146038e-01	   2.5149357417740931e-01	  -9.9213208608483081e-02	  -9.6007306739682441e-02	   4.1218136172515157e-02	  -1.7262046573056608e-01	   2.5315295557709028e-01	   1.4893113708641069e-02	  -1.7004100306522146e-01	  -1.2621056078825424e-01	   6.8130180828294706e-01	   2.3178309833759736e-01	   6.2617737211801427e-01	   4.9824875224315196e-01	  -4.2520570358737853e-02	   1.6724434372592628e-01	   5.9228854158036925e-01	   2.1784699299198232e-01	   3.1697667159440379e-01	   2.4953323129916348e-02	   2.7418475628442684e-01	   1.0072097160862185e-02	   5.0686924222950402e-01	   2.1458255182788666e-01	   3.2572491577822570e-02	   2.4534576222872553e-01	  -4.7386937096913995e-02	   2.3815142509369933e-01	   4.1726184377625214e-01	  -6.3825343157765418e-02	   6.8171895669322313e-01	   2.4087619575778513e-01	   6.2291647662268790e-01	   7.5749266401060694e-02	   6.6585249672138813e-01	   3.2299184054658181e-01	   3.1743340212704674e-01	   6.5215843055402267e-01	   3.2887521044172796e-01	   6.6263254270419825e-01	   1.1346509724397147e-01	   2.3578549389067921e-01	   1.4915923591733010e-01	   9.3332074044610219e-02	  -3.0954692757634052e-02	   3.7652656999812684e-01	   1.7950067550510851e-01	   3.3795573037272231e-01	   3.4095444703002292e-01	   3.6633168507371860e-01	   4.2129076167630147e-01	   7.7302689590236240e-01	  -1.8159682334029835e-02	   2.2191509095763728e-01	  -9.9392643745001799e-02	   8.6360116192045172e-02	   7.5922976810197690e-02	  -1.0346983835401133e-01	   2.6574301458418120e-01	   2.1016372329184579e-01	   3.1608447673821805e-01	   3.3748696567881592e-01	
   3.0347702047153348e-02	  -6.3616884627534051e-02	   4.6133645743516760e-01	   0.0000000000000000e+00	   3.3820036016254174e-01	   4.6876846212940582e-01	   5.8064498193901370e-01	   8.4619904807401580e-01	   3.3713110553306413e-01	   3.9390581401649127e-01	   1.1157906742570697e-01	   3.9974557843251091e-01	   3.4681079035759843e-01	   4.1670741346608114e-01	   4.2013721455752873e-01	   5.4254113790090741e-01	  -1.3864459264806975e-01	  -6.2908360347705874e-02	   1.7789133411834443e-01	   8.1063374714835434e-02	   4.4407051454545371e-01	   4.8758619948046933e-01	   4.1780280866802466e-01	   6.0728776607143042e-01	   2.2680296757368468e-01	   4.5862324518306330e-01	   3.8798270711335381e-01	   4.3625449548541839e-01	  -1.5768492171857007e-01	   1.3180177264182572e-01	   3.5838528056242619e-01	   5.9951811683205047e-01	   5.4736931457922067e-01	   7.3687994883516905e-01	   5.9242583267402971e-01	   6.2019910820207413e-01	   1.9953186974241069e-01	   5.2288917692305259e-01	   4.8491487710555348e-01	   4.8065594473554529e-01	   3.0987162517331307e-01	   3.4806138912372941e-01	   2.3276262264005598e-01	   1.2322731434014549e-01	   1.2277857859403351e-03	   1.0405938512669630e-01	  -2.3106014943827261e-02	   5.1241792151097254e-02	   1.3924820679101068e-02	   7.9334075902188911e-02	   3.1054673594921112e-01	   1.2057714637770062e-01	   1.5981675220391162e-01	   2.6211491644850987e-01	   2.3137058333850924e-01	   2.2191884992368610e-01	  -2.3452942836429730e-01	  -1.3134760136209109e-01	   2.0338339306191006e-01	   3.2994034252845883e-01	   3.9819087218100385e-01	   7.1366481526151637e-01	  -2.1813960820939035e-01	   2.0774974507008832e-02	   6.0060412570740829e-01	   5.7990579602474113e-01	   5.1226740878287280e-01	   7.2485721870964781e-01	  -7.6338956108511685e-02	   3.5124687058406634e-01	   2.7739523480337952e-01	   4.9174029079302872e-01	   1.5609202075366940e-01	   2.1727839819583411e-01	   1.9593619774022214e-01	   2.3158207970003181e-01	   4.1504579774046929e-01	   6.4391962617705367e-01	  -1.2251039878263914e-01	   1.0468388391087763e-01	  -9.7606425250740120e-03	   3.1963619739917359e-01	   3.5223145466981176e-01	   8.3434604971955068e-02	   6.3273380239401789e-01	   7.8350817348115764e-01	   1.8095074087260621e-01	   1.1725813364013554e-01	   6.0257126712344378e-01	   6.4021183702185414e-01	   3.5770134514869967e-01	   4.1784788079838786e-01	   5.7516499590889403e-01	   2.9936361295967567e-01	   6.8216270667696685e-02	   8.7401301412207796e-02	   5.4900291071699773e-03	  -4.9799441042630968e-02	   1.1330463563962227e-02	   1.1647465242964852e-01	   6.0594513041843945e-01	  -9.9520269476206596e-02	   4.2122992782855750e-01	   1.9807129150650044e-01	   6.4998194382561847e-01	   4.5694051303870542e-01	   4.4998635558679118e-01	   3.0405776957530195e-01	  -7.2139376734779617e-02	   5.8568042810445364e-02	  -7.2383158780373838e-02	  -5.7497956203232198e-02	   3.5451665516848807e-01	   3.2919002911542561e-01	   3.6968197836072403e-01	   3.0025126413974323e-01	
   3.9579343926706040e-01	   1.5562346946919703e-01	   4.8695704901858294e-01	   3.3820036016254174e-01	   0.0000000000000000e+00	   7.9033054011326087e-01	   5.5292819527305115e-01	   2.7354764786862101e-01	   9.3513168865655205e-01	   7.6887850675663549e-01	   5.8748595756011615e-02	  -1.1506991441586524e-01	   2.8641533484891862e-01	  -6.8885027745948943e-02	   6.5448136708939142e-01	   3.7327666943478632e-01	  -4.5421063349713664e-03	   2.5777779613608842e-01	   4.5151831635454892e-01	   3.3461677122918415e-01	   7.5749951430705076e-01	   5.8800965955821649e-01	   4.1648468069433503e-01	   1.0440672984701706e-01	   7.3263617616826049e-01	   6.3494651735187180e-01	   7.9556623672099269e-01	   4.1721509969176651e-01	   2.6897886923685627e-01	   2.6828671159755108e-01	   6.1001144222096526e-01	   3.7051061721433087e-01	   5.8441360285567789e-01	   3.6894998477852647e-01	   3.9659224812104771e-01	   4.2014851916072210e-02	  -3.9959749231497810e-02	   2.3175511398212226e-01	   3.1941669617395302e-01	   2.2262190069366897e-01	   3.6315214181145872e-01	   3.7132675476764343e-01	   3.2915060895875753e-01	   2.7955648118331966e-01	   1.8588060829776223e-01	   2.0072901810151478e-01	   1.7157023359874127e-01	   2.0960869189796810e-01	   5.6914388994009080e-02	   2.2981774888373011e-02	   1.7207361829926482e-01	  -2.5855468289210162e-02	  -2.1238687274539626e-02	   1.3389179574518695e-01	   1.5675160131764457e-01	   8.5870059606827226e-02	   2.2688803102778943e-01	   4.0012812816065491e-01	   3.7630868242070092e-01	   1.9675979152945244e-01	   4.7290961668658305e-01	   1.1037751244660254e-01	   3.3867192395503665e-01	   4.7556160595764341e-01	   4.4919151196512613e-01	  -1.4424795146091696e-01	   5.9051947571702079e-01	   3.7313656411369456e-01	   2.1827829643867602e-01	   4.3872782206008087e-01	   3.7659543718355926e-01	   2.0902611645785141e-01	   3.3199202918950083e-01	   2.7994387000274645e-01	   1.6884169989006728e-01	   9.8506366446838717e-02	   2.6321509903072537e-01	   1.2504065889409460e-01	  -1.3594058108412288e-01	   3.5182782909188615e-01	   1.4245425673065190e-01	   2.7997785066257408e-01	   4.6131231627920033e-01	   6.6224595921145601e-02	   5.2304503765798949e-01	   1.0438745386631842e-01	   5.4737360313957750e-01	   8.7775272656301223e-02	   4.4122925670037677e-01	   2.7496044955396115e-01	   6.8956887871024330e-02	   2.6477308111358977e-01	   2.0368865193625907e-02	   3.2419567419545159e-01	   1.1727764709840002e-01	  -1.5557824278374119e-01	   7.3857164114268833e-02	   1.1704634682109298e-02	   5.1339172112054932e-03	   7.0572831215185913e-02	   1.3621575932612762e-01	   1.2583031102392672e-01	   3.8013131722004545e-01	   2.5708596068749001e-01	   1.1368651809086941e-01	   2.0823560710608779e-01	   2.9135715775758042e-01	   1.1566192931426966e-01	  -1.3416610252095859e-01	   1.5089280760384666e-01	   6.8393612461157716e-02	   4.4041955490131193e-02	   2.7329531320849343e-01	   9.3523934705181042e-03	  -1.6672392032378405e-01	  -6.7873513719430317e-02	
   3.2146531924078359e-01	   2.9551493863078948e-01	   9.9143108554906101e-02	   4.6876846212940582e-01	   7.9033054011326087e-01	   0.0000000000000000e+00	   2.4115718427226451e-01	   4.2727507252598418e-01	   7.5655760122401849e-01	   9.0510914096338146e-01	  -7.6054863337854689e-02	   8.0887400332506618e-02	   1.1330909766235389e-01	   8.4056415311601448e-02	   3.7891184950539847e-01	   3.2894607101604167e-01	   3.0628093928321588e-03	   2.3757055594831178e-01	   2.6737117647790204e-01	   4.7433648940910267e-01	   6.1073741330852438e-01	   6.6056285819317140e-01	   7.9897288669589145e-02	   1.5001367023679599e-01	   6.0497607423255706e-01	   6.8659584025814901e-01	   6.8209717639094813e-01	   5.4601397229219950e-01	   9.7590084701224669e-02	   3.0322995591316176e-01	   2.7164499925390062e-01	   2.4531902935566741e-01	   3.6535136732905382e-01	   3.3574073734453264e-01	   1.8408062119690274e-01	  -1.4638489212108557e-03	  -1.9498402771240622e-01	   2.8977254743019148e-01	   1.4444854854512765e-01	   2.6495337484680154e-01	   3.5842991432710047e-01	   5.2209823179378034e-01	   2.3607374273463999e-01	   1.9133172141189381e-01	   5.4681334791318231e-02	   1.1807631454030165e-01	   1.1002438467316535e-01	   1.5027021115021327e-01	   2.2215144969951490e-02	   2.3244762923048674e-02	   7.0680841816016207e-02	  -6.8666999817276669e-02	   7.6947780504204213e-02	   3.0634626039977031e-01	  -1.0500886784078697e-02	   2.5418039691134646e-02	   1.6012736884772755e-01	   3.6368594870007009e-01	   3.3557849574816645e-01	   3.3515112150502485e-01	   4.5011786334298465e-01	   3.6992513109548913e-01	   3.5138716153946781e-01	   5.3094175522514286e-01	   2.9728580750675287e-01	  -2.1509202606271555e-02	   3.3569272541905365e-01	   2.8949957203870663e-01	   2.4560093620462062e-01	   5.2683028315123981e-01	   1.5055316434687166e-01	   3.3005138719290472e-01	   2.6082895872245271e-01	   4.0533809555235023e-01	   1.7777814020048233e-01	   2.5495760960846514e-01	   1.5613108158965822e-01	   2.6580351931524759e-01	  -1.8638256526591118e-01	   2.5927724849721190e-01	   1.4631038366213656e-01	   2.5486949054945846e-01	   3.3580713927285549e-01	   2.8046387825716562e-01	   3.6404353064730743e-01	   2.9360856988409123e-01	   3.3633857538147549e-01	   3.0078184870080094e-01	   3.1249652480991458e-01	   3.8950865799410872e-01	   1.1860144667360545e-01	   5.8366240083620999e-02	   2.1726291201562165e-01	   9.8867286641670188e-02	   2.2663701502582795e-01	  -1.7298443981174533e-01	  -2.0066879657169152e-02	  -1.0059833783399336e-01	  -3.0403120767436849e-02	  -1.4148023776081264e-01	   2.3782673772095725e-01	  -1.2002250998524147e-01	   3.3898224536210420e-01	   6.5405784239476419e-02	   2.3478860582134889e-01	   4.1880290284179958e-02	   4.5255094997078554e-01	   7.3919924999226699e-02	   5.4152133767485580e-03	   1.4074502616615636e-01	   1.2657823127444250e-02	   1.3887020505754386e-01	   3.0408441773381745e-01	   6.1178458171064216e-02	  -9.6789422631662514e-02	  -4.3744272274456389e-02	
   3.4938248286844209e-01	  -1.5869697619264617e-01	   8.6456159737647575e-01	   5.8064498193901370e-01	   5.5292819527305115e-01	   2.4115718427226451e-01	   0.0000000000000000e+00	   5.8351488591287870e-01	   5.2726974966799023e-01	   2.0915242637311002e-01	   4.3478644660404420e-01	   2.1491178415945439e-01	   6.9261001919376886e-01	   2.7400326480952913e-01	   6.9509899241577910e-01	   5.2575136183850679e-01	  -1.9489827098990267e-01	   1.4451466878413911e-02	   4.1628803410397874e-01	  -1.1720246850799615e-01	   4.6874449764921106e-01	   2.9766284287110645e-01	   6.9033602324917731e-01	   2.9434429373372234e-01	   2.1275313088979619e-01	   2.0019224774942854e-01	   3.3327298755793511e-01	   1.0628848350964384e-01	   2.2120663699324566e-01	   2.2446498876319082e-01	   6.8560504114642939e-01	   5.9101039642568476e-01	   7.1919045076662402e-01	   6.2117629392559304e-01	   5.7518244210273495e-01	   3.8984637538644168e-01	   2.3089931871291897e-01	   4.0956268423098707e-01	   6.2637194170616806e-01	   4.3279543739675985e-01	   3.5526424876098217e-01	   2.0582296630442462e-01	   3.7909957080904388e-01	   2.5162224008884482e-01	   9.9284472848200273e-02	   1.1951857165637292e-01	   7.0474156316086278e-02	   7.5707149140984281e-02	  -2.0910967727260921e-02	  -6.4524746843619710e-02	   2.8585428748017622e-01	   1.1400696177075778e-02	  -6.3042111398937742e-02	  -5.2403150765164788e-02	   3.3420436725249458e-01	   1.6694017687035340e-01	  -1.2497451958919373e-01	   4.9861804418618446e-03	   2.8079056494684612e-01	   8.4421472657149860e-02	   6.1348182759789538e-01	   3.3060006848199169e-01	  -6.7652821712305508e-02	   1.2111272791322034e-01	   6.7770734394431531e-01	   1.8079926077347550e-01	   7.2143937439651262e-01	   6.1089036204210423e-01	  -2.6039351745113626e-01	   7.5432013513556093e-02	   5.8606773032023629e-01	   3.2429783218869512e-01	   3.9960476793932265e-01	   2.0171626548346161e-01	   3.7843617950034214e-01	   1.5699970607606500e-01	   6.2959477254553686e-01	   4.2704378138329691e-01	  -9.6916058051270210e-02	   2.1081919308587105e-01	  -1.0715584508893325e-01	   2.6330611291647854e-01	   4.6391939758438305e-01	   1.8669988404919221e-03	   7.0604621944509594e-01	   3.4702737458395627e-01	   4.0400824614405129e-01	  -2.7253470603238458e-02	   6.4525494618678247e-01	   3.4195587624488394e-01	   2.9958469226843809e-01	   6.1798786265718419e-01	   4.0437209286792292e-01	   6.8399838591217277e-01	   9.5615778521296935e-02	   2.5671984554965332e-01	   7.2737634666725004e-02	   2.6634519422490836e-02	   1.1637741115084897e-02	   3.5860521765261744e-01	   3.6253843475966785e-01	   3.4666306958437954e-01	   3.8106901718176001e-01	   3.8400888349557627e-01	   4.5180255451096696e-01	   6.5821675143674585e-01	   8.5291938100460804e-02	   3.3720750883634876e-01	  -1.2126632337786164e-01	   1.3110082510509078e-02	  -8.7021179112476227e-02	  -7.9652403031132454e-02	   3.9388547743865654e-01	   1.8588614269642312e-01	   2.6404183311777313e-01	   3.2400493839917477e-01	
   2.2663740098488899e-01	   1.0195549565436030e-01	   3.0269381017928065e-01	   8.4619904807401580e-01	   2.7354764786862101e-01	   4.2727507252598418e-01	   5.8351488591287870e-01	   0.0000000000000000e+00	   3.0912858327275844e-01	   3.5967134875891915e-01	   3.2127822417806801e-01	   7.0189835050586014e-01	   5.6112279422224387e-01	   7.0220207051874972e-01	   4.6156493203971705e-01	   6.2293910579607248e-01	  -1.6510986989400672e-01	   2.3125375328153478e-04	   1.4523050111654393e-01	   1.3379078421638045e-02	   2.3962011356826868e-01	   3.0593834199707126e-01	   2.1521403194742805e-01	   4.4538370589563986e-01	  -2.7058320443167999e-02	   1.7496937014796601e-01	   1.9219193211566252e-01	   1.6887378282019166e-01	  -1.2959535856878160e-02	   3.5594284000707099e-01	   2.9533601962024070e-01	   5.3187861277139137e-01	   4.3268048401162618e-01	   6.5059945195754643e-01	   2.8974971025089441e-01	   3.0760738588167003e-01	  -5.9232627536405291e-02	   3.9714869711534662e-01	   3.0981255624810961e-01	   4.0462859687783398e-01	   2.1432094761327122e-01	   2.9539404441581157e-01	   3.1356366734670338e-01	   1.7596530070191074e-01	   2.5556209922523478e-02	   1.5734274308246293e-01	   9.9661422371097735e-02	   8.1282864131310972e-02	   1.7702744562383266e-01	   2.1121764146574079e-01	   4.5409492713720601e-01	   2.6651270064388732e-01	   2.3107898442758784e-01	   2.2100916938308496e-01	   1.9877502331274549e-01	   8.1493108091356112e-02	  -1.9167795439497975e-01	  -1.0169834404951913e-01	   2.8499346519472474e-01	   3.7274322245259150e-01	   5.8798142604103498e-01	   8.8003818543820866e-01	  -2.0964885288581048e-01	   1.4618165511873424e-01	   5.0841939032456229e-01	   4.2272564240282706e-01	   4.2844059113137856e-01	   6.4440831634591689e-01	  -3.0546668526649401e-01	   1.5169032619236741e-01	   1.7592645631406065e-01	   3.9740809870343635e-01	   2.0431637038004929e-01	   3.6470547602352621e-01	   2.9133798160150631e-01	   3.7039667848671698e-01	   4.5725154707084004e-01	   6.5673750143274001e-01	  -1.4777136573363581e-01	   5.9490083368487406e-02	  -1.1476017481584663e-01	   2.7955609527113934e-01	   2.7178518986359934e-01	   1.4932659792869016e-01	   5.4129485648242759e-01	   7.7059153992072515e-01	  -2.6048793088650907e-02	   4.3595739195210524e-03	   4.1291643751966389e-01	   5.0861027857872632e-01	   2.6324936033773155e-01	   2.5049837328935892e-01	   5.2358247858005824e-01	   2.4919061774992157e-01	   9.4350701374589493e-02	   1.5003749761862231e-01	  -6.8629453353125092e-02	  -1.4175612350492983e-01	   6.3309980409656880e-02	   5.4515285182521946e-02	   6.0058180477368528e-01	  -3.6434048003363174e-02	   3.0922983397511178e-01	   8.4120236721539926e-02	   5.6326733870900658e-01	   2.8089169318149709e-01	   3.2518505285547783e-01	   3.2138612614398288e-01	   1.0040420562029456e-01	  -6.8945199758259190e-02	  -2.7770711817764904e-01	  -1.3574202679867742e-02	   4.7573995572408967e-01	   3.4639720693194537e-01	   3.4831487092362290e-01	   3.0838724290157443e-01	
   3.9653250256372718e-01	   1.3592162833085447e-01	   4.6730683873895329e-01	   3.3713110553306413e-01	   9.3513168865655205e-01	   7.5655760122401849e-01	   5.2726974966799023e-01	   3.0912858327275844e-01	   0.0000000000000000e+00	   8.4927076623716813e-01	   1.8110958061757354e-01	  -1.9600361387861115e-02	   3.7881837275369956e-01	   7.4546033539028167e-02	   7.2802462948125801e-01	   4.6406988106231606e-01	  -4.6881159439538675e-02	   2.0619870520506312e-01	   4.6374530261786417e-01	   3.2904856525120812e-01	   6.0738734318737075e-01	   4.5525386199029294e-01	   3.9199190410225404e-01	   2.0051322654729428e-01	   6.8261100357814519e-01	   5.6525669702328529e-01	   7.9585864028870335e-01	   4.1171628112868985e-01	   1.1748520532461026e-01	   1.8441050197771974e-01	   4.6105067984156595e-01	   2.2263904382859628e-01	   5.0703750992824870e-01	   3.0108594564613239e-01	   3.3138624548458878e-01	  -4.9417873046996279e-03	  -1.1598416472190515e-01	   2.3010878587229183e-01	   2.9137246584238374e-01	   1.7679586847724954e-01	   3.8053051899660939e-01	   3.7501558182678307e-01	   2.3734108672935805e-01	   1.7258614735929373e-01	   8.5728559653554012e-02	   9.0651491557300429e-02	   1.0308614004546185e-01	   1.2245091009084333e-01	  -3.4804494640365844e-03	  -2.7079779268370064e-02	   1.6326931817095536e-01	  -3.4187036571490595e-02	   1.0644542240106988e-02	   2.2482572794213390e-01	   1.1355525724477109e-01	   5.5766873198705297e-02	   1.6758869058326317e-01	   3.6761473351108920e-01	   3.2793889406793364e-01	   2.2275308957118056e-01	   4.5608280224184228e-01	   1.8347935920931391e-01	   2.1770305033032850e-01	   3.9008870439406523e-01	   5.1789926870189129e-01	  -7.7125594972369205e-02	   4.6702246851178053e-01	   2.7594851542810633e-01	   1.8518889306702518e-01	   4.7996286695458995e-01	   3.1192220132958792e-01	   1.7737449121964377e-01	   2.8078586387030219e-01	   2.7356771937480717e-01	   1.4535425195084439e-01	   9.6496601406061894e-02	   1.6926214715446483e-01	   5.1002288150756872e-02	  -1.9913647663753209e-01	   2.7557072477466377e-01	   3.2494835142366243e-02	   3.3139811643891937e-01	   4.0643148760514580e-01	   6.6249432381260021e-02	   5.4060577121497710e-01	   2.1688647456908411e-01	   4.9598493557864431e-01	   1.5345927756476432e-01	   4.7442932056472387e-01	   3.9714459626183674e-01	   1.1968014099136236e-01	   2.5571765174247885e-01	   1.2622872501296156e-01	   3.2149033543288003e-01	   3.9320660750452187e-02	  -1.9418572658991223e-01	  -1.9370659078177570e-02	  -1.2283080376122218e-01	  -6.1069876672460117e-02	   1.2848487607555338e-02	   1.2053025384185186e-01	   7.7394370781239646e-02	   3.8537993394714565e-01	   2.0803744418773121e-01	   1.3561420947330755e-01	   2.1736374843032769e-01	   2.3172661288714952e-01	   7.3864148540547514e-02	  -1.6653845323233185e-01	   3.8483996710244259e-02	  -8.1760745895917919e-02	  -1.1170820130543417e-01	   2.3024122420604101e-01	  -1.5462508040215754e-02	  -1.6598005547041580e-01	  -8.8139690362354847e-02	
   2.6920837513784934e-01	   2.0717648923544646e-01	   1.2221167634308060e-01	   3.9390581401649127e-01	   7.6887850675663549e-01	   9.0510914096338146e-01	   2.0915242637311002e-01	   3.5967134875891915e-01	   8.4927076623716813e-01	   0.0000000000000000e+00	  -8.5196177024437301e-03	   4.1819460116232221e-02	   1.3083886157898117e-01	   9.3822124590107497e-02	   4.9358952881541540e-01	   4.0251470125130234e-01	   2.4164680239587615e-02	   2.2763222000968139e-01	   2.6118517038174854e-01	   4.3198255428637367e-01	   4.8287760851015732e-01	   4.7808626049019409e-01	   1.2551724720842714e-01	   2.4582381078381976e-01	   6.3363829246918235e-01	   6.6307716622359636e-01	   7.3714457431716807e-01	   5.6131053927106833e-01	   8.5009367737380387e-04	   1.8875230466305892e-01	   1.9694821131042928e-01	   1.2829931482391535e-01	   3.3897448324567347e-01	   2.6580824891565785e-01	   1.7608084047418487e-01	  -5.4696049798602424e-02	  -2.0847430793683833e-01	   2.3008392503176045e-01	   1.2830871633925003e-01	   1.5216012559650971e-01	   3.3740156719719988e-01	   4.4651259726685899e-01	   1.0715958257437844e-01	   5.9076961935796347e-02	  -1.5528288399134699e-02	   1.0993321939055773e-02	   4.5826666516006268e-02	   5.3283145065369852e-02	  -3.2482292486819477e-02	  -2.5566279477123637e-02	   7.8730830602810845e-02	  -4.5901945421475646e-02	   8.4862909286176375e-02	   3.7507696110894750e-01	  -5.8992501743141440e-02	  -1.6863308132070348e-02	   1.5820895786629940e-01	   3.2308491282386276e-01	   2.1389712382070511e-01	   2.7829342097927084e-01	   3.3133771684918073e-01	   3.4479174522331929e-01	   2.3797378858295765e-01	   4.0282067919433401e-01	   4.2135700269267684e-01	   5.8140321122085330e-02	   2.1227474933368384e-01	   1.5347096951381595e-01	   2.9472233973602158e-01	   5.9388988161680867e-01	   8.2038324639317289e-02	   1.7289650006269441e-01	   1.9647878472423241e-01	   3.0872335592815009e-01	   9.5577125348766612e-02	   1.5251827626298983e-01	   5.3643712851200419e-03	   5.7466690857128765e-02	  -1.7568577648478501e-01	   2.5512977897784855e-01	   1.3614555019966268e-01	   3.4779743757285919e-01	   3.3173898380113975e-01	   2.3180595798172521e-01	   4.5191458342747126e-01	   3.7177948095684266e-01	   3.6200036624547505e-01	   3.2369183930547080e-01	   3.6181512353979473e-01	   4.6969232507694048e-01	   1.1645365245623765e-01	   2.9109336936513193e-02	   1.9467688070494610e-01	   6.7829802066780118e-02	   1.2972414211702299e-01	  -2.1316279788202369e-01	  -8.4375053068838718e-02	  -1.8081021526319105e-01	  -1.0815839901940894e-01	  -1.9129854275046690e-01	   1.2426094353758621e-01	  -1.8803634647402245e-01	   3.6856527403331374e-01	   4.4937763497083005e-02	   1.8133048530477103e-01	   5.3055285820747970e-02	   3.1894960037599973e-01	  -1.2743714107070933e-02	  -7.9354039616121350e-02	  -1.0398296970200806e-02	  -1.2152661009388044e-01	  -6.0376576218629338e-02	   1.5863989585870220e-01	   3.6825231909544287e-02	  -1.3048185717762345e-01	  -1.1130145698125665e-01	
   5.4395198044337567e-01	   1.0087311858634454e-01	   4.0577103740807863e-01	   1.1157906742570697e-01	   5.8748595756011615e-02	  -7.6054863337854689e-02	   4.3478644660404420e-01	   3.2127822417806801e-01	   1.8110958061757354e-01	  -8.5196177024437301e-03	   0.0000000000000000e+00	   5.8679691961523228e-01	   7.8308627307278922e-01	   5.6870171056150154e-01	   5.0066074397944849e-01	   4.9435912586619873e-01	   2.8646518941851710e-02	   1.7659878673811394e-01	   5.0223377519124002e-01	   8.1018856734235450e-02	  -1.2942973086884666e-02	  -3.0740387469213717e-02	   2.1063679213448985e-01	   1.9108309798766063e-01	  -1.6350139234946287e-01	  -2.7611786566244634e-01	  -4.6665158147535446e-03	  -8.0496100156291269e-03	   2.3692973865070638e-01	   3.1394386033744659e-01	   9.2874572896552238e-02	  -2.3748155520975020e-02	   2.2225369397597450e-01	   1.6495385317099864e-01	  -6.4664648642311362e-02	  -1.3837528703516164e-01	   8.1716611654372454e-02	   2.0994645953441687e-01	   2.8422396283428752e-01	   2.7186637061473190e-01	   5.1487811092536151e-01	   2.8132027620521394e-01	   3.5091669631159106e-01	   2.4740406981184329e-01	   6.9209437997915679e-02	   6.9151685846191441e-02	   2.2793897491827203e-01	   1.9714651840656128e-01	   1.2850925563888119e-01	   7.5496043174184013e-02	   2.4224765001074797e-01	   1.4638243672527665e-01	   1.5370124031297797e-01	   1.3292980808386756e-01	   4.0945848825017161e-01	   3.0437502693469326e-01	   6.6175696541749013e-02	   3.0105068792536799e-02	   1.1963684905249902e-01	   1.7483148535954677e-02	   2.7061634181867045e-01	   2.0785917487919067e-01	  -2.1761119966274851e-02	   4.7359753521351980e-02	   2.2572989299412516e-01	   3.1384034220456630e-02	   7.3272582838637093e-02	   4.9021497631579911e-02	  -1.4238317220832891e-01	   3.8147081999906587e-02	   3.6670654077139597e-01	   2.2006509434056154e-01	   3.6499158081407923e-01	   3.3849644819676916e-01	   3.7052908447548616e-01	   3.4983306713904688e-01	   3.7386704928482162e-01	   1.7292061713213053e-01	   7.9242120187249812e-02	   2.4296124971172081e-01	  -7.4418935419192270e-02	   3.0051720501148083e-01	   1.9203917832806397e-01	   8.9780811588754256e-02	   1.6709333439190871e-01	   2.9607880365360989e-01	   2.9929510276952169e-02	   1.2345483582633622e-01	   2.6984741960609515e-01	   3.4043479798972986e-01	   4.1401723880160712e-01	   4.0647896100960967e-01	   3.5685542734077691e-01	   4.4242024790936135e-01	  -2.4778431973444995e-02	   2.0598708461404261e-01	   7.7649656048875207e-02	   2.7112046594195666e-02	   2.6723055583429028e-01	   4.6251486505705097e-01	   2.6678485600987151e-01	   3.5906456101351086e-01	   3.6687649705503750e-01	   2.3174384605157003e-01	   2.6347403763495536e-01	   3.5381722435445662e-01	  -1.0432578485187999e-01	   5.3356159836648376e-02	  -2.8069397367311028e-02	  -1.6355734215891340e-02	  -1.7160824831077492e-01	   1.4312519508578309e-01	   3.6628822258872484e-01	   2.1691262399124306e-01	   2.5487493874671596e-01	   2.8342788556549936e-01	
   3.9054443762488161e-01	   2.3962122614638462e-01	  -2.7880709207453339e-02	   3.9974557843251091e-01	  -1.1506991441586524e-01	   8.0887400332506618e-02	   2.1491178415945439e-01	   7.0189835050586014e-01	  -1.9600361387861115e-02	   4.1819460116232221e-02	   5.8679691961523228e-01	   0.0000000000000000e+00	   5.8550867464540490e-01	   9.1838923446364507e-01	   2.5826820385661470e-01	   6.2408734469746130e-01	  -1.6350062913557453e-01	   4.7065945100839141e-02	   9.7779341134378694e-02	   4.2319274905668142e-02	  -8.4923271122461438e-02	   6.7250691507289392e-02	  -1.1983362533422945e-01	   2.1278530479257218e-01	  -3.2254337309727382e-01	  -2.5152629762923051e-01	  -1.4868106142204474e-01	  -7.6937529100060742e-02	   1.1249289301527037e-02	   4.4034250674459297e-01	  -3.8772625788875623e-02	   1.2420843848346078e-01	  -5.4231867286200766e-03	   2.1423138160643335e-01	  -1.7838351800022639e-01	  -1.0055323962815194e-01	  -2.0308828691219716e-01	   1.3580024325244783e-01	   5.1488425173962175e-02	   2.3033653503803220e-01	   2.3833829609547019e-01	   1.6866333774011449e-01	   3.7240758045076827e-01	   2.4333985477212017e-01	   1.6295783349952694e-01	   2.4815418632933542e-01	   3.1207979012123915e-01	   2.4264617725119686e-01	   3.5231050729031455e-01	   3.6078990972802166e-01	   4.0682905186932439e-01	   3.7924058774776248e-01	   3.3864279360352001e-01	   1.4921675080565114e-01	   2.7918213906976980e-01	   1.9469368844155999e-01	  -1.6661209105139529e-01	  -6.8685550277444454e-02	   3.0459306177103296e-01	   3.8654041017659313e-01	   4.3383438361864385e-01	   6.9369450875048577e-01	  -1.2616888249342717e-01	   2.0442341533326519e-01	   6.9794392333806757e-02	   1.5751488841529787e-01	   1.2741396605745511e-01	   3.4384941695584015e-01	  -3.2418693841624613e-01	   3.8696873527888989e-02	   6.7050438582302224e-02	   2.9876952539058099e-01	   1.6118880085840911e-01	   3.8189935945781395e-01	   2.3992866839554775e-01	   4.0944580366085792e-01	   3.0175014224183527e-01	   5.0468345803203796e-01	  -1.8517357511948696e-01	  -2.7898753784783112e-02	  -2.3281672316810559e-01	   1.7977614025088348e-01	   3.8393257548517377e-02	   7.6173549844148300e-02	   1.4096993550267078e-01	   6.0228865488231031e-01	  -2.8307375413084152e-01	  -8.7546630037314971e-02	   9.9862292546394310e-02	   3.9319224151890986e-01	   2.8263803790428338e-01	   7.8247573750729313e-02	   3.5561391249619023e-01	   7.9785803011445638e-02	  -1.0186090479716074e-01	   5.0839526714413247e-02	  -2.4153660248477416e-02	  -4.0417730614199385e-02	   2.6104099436715728e-01	   1.6818003840487564e-01	   5.2493453365184028e-01	   5.3134879909663472e-02	   2.0875235403808545e-01	   2.3584409681831987e-02	   3.7766353757882881e-01	   6.6378338767087056e-02	   1.8817125311690139e-01	   2.4833265588962919e-01	   1.1980166824283019e-01	  -8.4734971908234799e-02	  -2.4242756785203504e-01	   1.1014745810836982e-01	   4.4677203263869347e-01	   2.6164207632149050e-01	   1.9736742782812533e-01	   1.7302766158349686e-01	
   4.2167694579379322e-01	  -5.4156040732710117e-02	   5.7676007905951610e-01	   3.4681079035759843e-01	   2.8641533484891862e-01	   1.1330909766235389e-01	   6.9261001919376886e-01	   5.6112279422224387e-01	   3.7881837275369956e-01	   1.3083886157898117e-01	   7.8308627307278922e-01	   5.8550867464540490e-01	   0.0000000000000000e+00	   6.7648588438910096e-01	   7.6166134200457236e-01	   7.3141893467218666e-01	  -3.6200190409700145e-01	  -1.0543688577957462e-01	   3.1504126644044023e-01	  -1.5804084016040021e-01	   1.6428696661812703e-01	   9.6010374964856315e-02	   4.1304604360981051e-01	   3.4359781305239701e-01	   7.7165985406729861e-04	  -9.7306266109137313e-02	   2.1132006067221243e-01	   2.4936499143026349e-02	   4.8812797555747287e-02	   2.1447043154340587e-01	   3.0760301300746778e-01	   2.3287620324594099e-01	   3.5366754923329813e-01	   2.7144331680117101e-01	   1.5932960460242507e-01	   5.1483758521493880e-02	  -7.2478181400323458e-02	   1.9746644017091977e-01	   3.3469455198592279e-01	   2.3994510793127261e-01	   3.6421271534816518e-01	   2.5631221257524811e-01	   3.9852076097928391e-01	   2.6501633564415855e-01	   6.2906685481139937e-02	   1.0675797474890469e-01	   1.1127983183034922e-01	   6.8566690477285530e-02	   7.7357392753638621e-02	   7.5505299328772021e-02	   2.6892213736749510e-01	   1.4056915128014530e-01	  -2.9203322972370126e-02	  -8.5449723845254094e-03	   2.6299042545200979e-01	   1.1517790637041353e-01	  -1.8952434825349265e-01	  -2.8710440086176119e-02	   2.3208381814800302e-01	   1.0500018033015528e-01	   5.4316520366038645e-01	   4.0410908473230767e-01	  -2.2414122411094478e-01	   2.3265453199450583e-02	   4.2440668020307259e-01	   1.0484902496013690e-01	   3.5219073821202657e-01	   3.2793685147585877e-01	  -3.0976953028257731e-01	   7.8620428885409405e-02	   3.3356467364423920e-01	   1.9076450545169166e-01	   1.9110397931022016e-01	   1.8246495055945480e-01	   2.2179474180307621e-01	   1.7327508983659648e-01	   3.5027948045482815e-01	   1.9397436542942859e-01	  -2.6468013558467496e-01	   3.6598838238495086e-02	  -3.6450024116801122e-01	   8.2386117549156077e-02	   1.3276822752463244e-01	  -2.4665794207559703e-02	   3.8596776868427196e-01	   3.6499534425805180e-01	   6.2804082573594655e-02	  -2.8624351577746489e-02	   3.3771397344367915e-01	   3.4248163401554721e-01	   1.8899513935213338e-01	   3.3685945655934857e-01	   3.7220426396584028e-01	   4.1386268428361395e-01	   1.1857654422163641e-01	   1.2028094467274444e-01	  -2.5918686748380548e-02	  -1.7854919342953474e-01	  -3.0104297128430272e-02	   2.1704330214643852e-01	   2.9594190175947965e-01	   2.4573439968202429e-01	   2.4768455581209806e-01	   1.1070428816979705e-01	   3.9744889516245774e-01	   4.1759562002941641e-01	   5.2621807861366734e-02	   2.4280484824652346e-01	   2.8450461749178979e-02	  -7.1256119495704248e-02	  -2.6530092771122149e-01	  -5.6598707110405710e-02	   4.5807501249044297e-01	   3.1706310997718135e-01	   3.1013888249333021e-01	   2.8299744774924163e-01	
