   0.0000000000000000e+00	   8.3750300522889709e-01	   8.7500447169587381e-02	   2.9984744908171035e-01	   3.0320280626766249e-01	   3.3157698048370637e-01	  -1.4167802999949336e-01	   1.5663118982314972e-01	   3.2126383190900354e-01	   5.2030651177791110e-01	   4.3440212544524986e-01	   7.5596360419856801e-01	   3.8159414731474450e-01	   6.4332140689450046e-01	   2.3003196401335346e-01	   5.2869758486332885e-01	   6.8925551238763827e-01	   8.1186146340700382e-01	   6.2483266445274821e-01	   6.6511903183144350e-01	   1.5058739961026193e-01	   1.2972989862341727e-01	  -1.6968753923663346e-01	  -1.7908966249062541e-01	  -2.6373920804607831e-01	  -7.9306669468470793e-03	  -5.6166142874890829e-02	   6.0133039653402443e-02	   5.8139339596880113e-01	   6.7467028462132661e-01	   1.4422687436315124e-01	   1.5151467697889820e-01	   4.9215661255415277e-01	   4.2458584856770298e-01	  -4.6002706016157446e-01	  -3.5213792168452829e-01	   3.7349261462197736e-01	   2.0015610209932880e-01	   3.0976057418581260e-01	   1.8643979312952644e-01	   4.0565959950185582e-01	   5.5486790632169658e-01	   1.6862514704824666e-01	   1.5458748749975423e-01	   2.6441399002605104e-01	   1.6985395862469330e-01	   4.7096817385652406e-01	   2.8607494614119533e-01	   5.0334857064848770e-01	   3.2292660423378716e-01	   4.0475226017443755e-01	   2.6554739356922102e-01	   5.9521174371608243e-01	   4.4768621938441938e-01	   5.5361210333579591e-01	   4.7705680299302106e-01	   8.4648942958196038e-01	   8.1274702618844796e-01	   7.1786584961270861e-01	   6.7715775235179287e-01	   4.5508074914904517e-01	   6.4439716791489954e-01	   7.5356733047569602e-01	   8.4991511655945140e-01	  -4.2692095116733519e-01	  -1.9579622970629457e-01	   1.8686782783707567e-01	   7.8193432289367495e-02	   4.8140431935607086e-01	   3.4969389034586673e-01	   6.9367905260496826e-02	   8.5181419387932666e-02	   5.1461207203705106e-01	   5.7508143372496257e-01	   4.6905710972038439e-01	   4.6343161146082013e-01	   3.7914920509567995e-01	   4.2560947890264983e-01	   7.0157214923789513e-01	   7.0291572079459264e-01	   6.6681927820374653e-01	   4.8483804691214288e-01	   2.0811610154340682e-01	   2.8840554966365450e-01	   1.3823124539516235e-01	   9.1982899443340663e-02	  -7.7242025693220084e-02	  -1.7301621880535001e-01	   4.5011683509136019e-01	   5.2379336343165850e-01	   2.0155009224333464e-01	   1.4282617661781150e-01	  -1.1601217743186026e-01	   7.6920545449080974e-02	  -5.5496972490959737e-02	   2.6854623132218253e-01	   4.9965962505383504e-01	   5.4666981929291103e-01	   5.5530928359812481e-01	   4.3096612688751057e-01	   3.4907748164806573e-01	   1.3756515876517515e-02	   4.0320459282756560e-01	   3.5256457792436297e-01	   3.1345631328451634e-01	  -2.2525441293565714e-02	   2.6446539548939796e-01	   4.7907744423783505e-01	   1.5171194371036045e-01	   1.9046286198059040e-01	   2.9029615230386840e-01	   4.3090052875320167e-01	   6.2415286555790683e-01	   4.5223854212268427e-01	   3.8567617267552862e-01	   7.9286535600543911e-02	
   8.3750300522889709e-01	   0.0000000000000000e+00	   2.3616958786470416e-01	   4.0092769452383570e-01	   2.0974168520492859e-01	   2.6870771712723146e-01	  -7.8094766601566418e-02	   2.0273517476309516e-01	   2.8976021798376028e-01	   3.4030598522060240e-01	   3.0512166664112916e-01	   4.9736733636950159e-01	   3.1865295264930127e-01	   4.6835364912599753e-01	   2.7518263050640596e-01	   4.2995852169252513e-01	   6.6996921777229179e-01	   7.7222786629087969e-01	   6.3188044157382595e-01	   8.0929855490178171e-01	   3.2334944309869973e-01	   2.5031135285295192e-01	  -2.8693585572550639e-02	  -7.6871848130927165e-02	  -1.4355877242668737e-02	   5.9222060743646464e-02	   1.5195018288151788e-01	   1.9293868695342437e-01	   5.4962333100328509e-01	   5.8064037320314110e-01	   2.2343923383656145e-01	   1.7629171624836815e-01	   5.1218747924235064e-01	   4.6212756857125648e-01	  -2.3142317539124468e-01	  -2.1747401024440968e-01	   5.3251418684890650e-01	   2.0695342852559157e-01	   4.2883351538867337e-01	   1.6885795862279102e-01	   4.7395463438869023e-01	   5.6127819548993574e-01	   2.2341890478544062e-02	   4.4882356515025416e-02	   1.2596281778768231e-01	   3.7085554322671237e-02	   3.6316095560472700e-01	   1.1648405382415285e-01	   2.8435738550467704e-01	   1.2662007114752288e-01	   3.1712928570137822e-01	   1.1891603107462119e-01	   5.2696206700537640e-01	   5.8034791618193371e-01	   3.6747579106611405e-01	   2.8842469173101348e-01	   8.8304654825820039e-01	   8.9882015636559021e-01	   6.0385841538457341e-01	   6.4199644494169050e-01	   4.1640027039260313e-01	   5.5252992317910998e-01	   7.1000143791134096e-01	   7.9574796433758088e-01	  -2.1071228348093196e-01	  -6.4919249515745250e-02	   1.1536057442534575e-01	   7.1014600227466945e-02	   7.0945808780401554e-01	   5.1701927229299749e-01	   1.8890071221742191e-01	   2.0911716412049397e-01	   5.1039448776807128e-01	   5.1957084088617900e-01	   3.6868684586209843e-01	   3.5551259037466459e-01	   3.7154437612145474e-01	   3.5040352223655608e-01	   7.0411123771065820e-01	   6.6029332270027075e-01	   6.7364431688373749e-01	   6.2098106654567975e-01	   2.8603106310862059e-01	   3.2810709246065428e-01	   2.6728885307196559e-01	   2.5334773767284102e-01	   5.7349499674209929e-02	  -3.8061935279080798e-02	   5.9018423387406371e-01	   6.0739657246291889e-01	   2.3802196704883100e-01	   2.1663332969945737e-01	   6.7364591898164836e-02	   1.9115194585172215e-01	   1.1741836290971076e-01	   3.1129562703283065e-01	   4.7907447559706973e-01	   4.4504084596473081e-01	   4.7992371670776729e-01	   2.4982813247697394e-01	   2.5247237107268694e-01	   2.7819932044050276e-03	   2.5812488629255004e-01	   3.9241174153222852e-01	   2.7295888780275313e-01	   1.1192868866381549e-01	   2.2541993429848919e-01	   3.6849602099776213e-01	   2.6694524491524674e-01	   2.6896899909343142e-01	   1.8658164228537913e-01	   3.3105416047582292e-01	   4.7628421576989588e-01	   4.6511262673901005e-01	   4.4341839380389969e-01	   1.9737526156297819e-01	
   8.7500447169587381e-02	   2.3616958786470416e-01	   0.0000000000000000e+00	   2.4609516023501071e-01	   3.5991247889959149e-01	   5.3311587676914664e-02	   7.2334955961503788e-01	   1.4075919727928349e-01	   5.5879720900829688e-01	  -3.2258596698513969e-02	   3.9349875980531157e-01	  -9.6915901362186599e-02	   5.1397486415657001e-01	  -7.3444316796174285e-03	   5.4097801133868773e-01	   1.9324656467665052e-01	   2.2120504695036042e-01	   1.8059898028065960e-01	   4.5149473153141428e-01	   3.3892351407838650e-01	   3.1652454222132553e-01	   2.5404624297832423e-01	   6.1424045339911859e-01	   2.5207121127786064e-01	   5.3328724481609002e-01	   1.0083284050286792e-01	   3.9253233120619047e-01	   6.8093408779216200e-02	   2.5218325127779595e-01	   1.7486771579634103e-01	   5.2729948748945998e-01	   3.1084167466927015e-01	   5.9555703926458570e-01	   4.5215123175808547e-01	   3.4582217857711706e-01	   2.8227806689115081e-01	   2.7652403114187107e-01	   2.6630267755529924e-01	   2.3909888634668233e-01	   1.2477167939162923e-01	   3.3586996755228790e-02	   1.7112529830023537e-01	   2.2587355380254664e-01	   3.0133547849926690e-01	   2.1018378000612201e-01	   2.3195053832364507e-01	   6.8947310555819707e-02	   2.9033709310975342e-01	   2.0261963922405896e-02	  -2.4487939890257115e-02	   1.9351918606504340e-01	  -1.0270992315283675e-01	  -1.7293914478246429e-02	  -4.8869104191078035e-03	  -1.2256108179469302e-01	  -4.0198120277600155e-02	   1.4479037997155803e-01	   2.1115907235510850e-01	   2.0014677322705321e-01	  -4.6047664982927602e-02	   3.5384488516643842e-01	  -1.1672428798712370e-01	   1.1729549691283150e-01	  -5.7222721939339825e-02	   3.4457520069203806e-01	   7.0026648744088205e-02	   3.9030465646966567e-01	   2.0666645937831093e-01	   3.7158808204105154e-01	   2.9839584945611597e-01	   4.9001924708402678e-01	   3.6175012547367963e-01	   3.6003031569250010e-01	   1.9022391917590259e-01	   4.1081921715563841e-01	   1.6300725655026585e-01	   4.0865440685191101e-01	   1.6748261456474314e-01	   2.7546377854408821e-01	   1.9435276349956643e-01	   3.6281381034126992e-01	   4.4146257105689701e-01	   5.7990314758916539e-01	   3.3646338482812654e-01	   4.5362043306140676e-01	   2.6816497593119126e-01	   2.7359020769867926e-01	   2.8577348535829411e-01	   4.4763666297620247e-01	   1.0938373878289417e-01	   3.1544615832047174e-01	   6.4669251845010534e-01	   4.1208754723664986e-01	   6.6086196356487348e-01	   2.8824745065504520e-01	   4.3347585159499957e-01	   1.4296095419847388e-01	   3.4756413499411265e-01	   5.6782341507971207e-02	   4.6170895110243593e-01	   1.6031816919179112e-02	   4.8895053343814288e-01	  -4.5856068876628089e-02	   2.6914418689634162e-01	   1.2140343160742688e-01	   2.5472167382496386e-01	   1.7149136749232069e-01	   2.5655245545132277e-01	   4.7867940037155032e-01	   5.1990712740442491e-01	   3.3811173703904457e-01	   2.8877333073739481e-01	   4.2913671862638059e-01	   2.0568135999707146e-01	   2.9275346105087319e-01	   2.9140303157183922e-01	
   2.9984744908171035e-01	   4.0092769452383570e-01	   2.4609516023501071e-01	   0.0000000000000000e+00	  -1.3412577432350897e-02	   5.2622946267280157e-01	  -1.7012285467205857e-01	   4.8533904784090987e-01	  -1.7005336160172249e-01	   1.2215481018353661e-01	  -1.9087856643500711e-01	   1.9520885416789291e-01	  -1.6249297024784912e-01	   2.3627975128537254e-01	   5.5599401159258779e-02	   3.0874768758028459e-01	   2.6789376780897589e-01	   3.4946053873701766e-01	   2.3985872746811576e-01	   5.2680644570230484e-01	   6.3802078197337864e-01	   7.2970108676547163e-01	  -3.8503862616368997e-02	   3.0704640223031171e-01	   3.3785320581310313e-01	   6.2436924742582522e-01	   6.9591554039647319e-01	   7.2093891648602171e-01	   8.3704328991705323e-02	   2.2101426212822206e-01	   2.0296191083711429e-01	   2.7851977482651508e-01	   4.5818497068471514e-01	   5.8574938383256370e-01	   2.7566372761837044e-01	   3.9338216136131521e-01	   6.0973739037634256e-01	   5.5779006224994998e-01	   7.2258646062231435e-01	   6.9830038753462542e-01	   3.1634364086614930e-01	   5.2286365088947417e-01	   6.4371695660656258e-02	   1.3790559934071980e-01	   5.2173061965867649e-02	   1.5052493183755306e-01	   1.9441032949461495e-01	   1.6980861506870765e-01	   2.4161715043475462e-01	   1.4892783155714984e-01	   6.0632687786862671e-01	   5.2008354102834820e-01	   3.9419812503056817e-01	   3.4558017056257873e-01	   3.2905976271159348e-01	   2.7001296242922390e-01	   3.7645319656716203e-01	   3.8478430402546282e-01	   2.3093706068738507e-01	   5.2786450891927494e-01	  -5.4835622635328422e-02	   1.6610161594276848e-01	   3.0649055091207689e-01	   2.2139729851674228e-01	   1.0107346197919493e-02	   3.7401594882909467e-01	   6.0330174806618520e-01	   7.0112038698677903e-01	   6.7000437378410937e-01	   6.4432395250652275e-01	   1.8764899921011466e-01	   4.7090895210057926e-01	   3.0974371301259696e-01	   3.5396336677949453e-01	   1.7055156997826343e-01	   2.3696902747783000e-01	   3.5018471193788075e-01	   5.3404131023619483e-01	   2.0546989548121325e-01	   3.2793504766647297e-01	   3.8955762893697254e-01	   3.2113377648370250e-01	   1.3160595774680434e-01	   3.6618066662692239e-01	   2.5034715125200219e-01	   2.8273494063141547e-01	   4.2159124800416442e-01	   3.0883010725696558e-01	   6.0189934141025558e-01	   6.1080574103324015e-01	   4.5192930450537511e-01	   6.4133379977378585e-02	   4.0532836832152552e-01	   2.0367974223032531e-01	  -1.6443547603279266e-02	   2.6663778196261539e-01	   3.7512835785079435e-01	   4.4698001264083287e-01	   3.2318392594057582e-01	   1.7184460074497504e-01	   3.9177839889691374e-01	   1.1277545922970496e-03	   2.6189652588267343e-01	   2.8184857433976562e-01	   6.5434610984460628e-01	   1.9788037537547043e-01	   4.1206454440269502e-01	   3.0500150524596509e-01	   1.6864461571466446e-01	   1.7859229446617692e-01	   3.2613965067155470e-01	   2.7019806343367703e-01	   3.8555596294919126e-01	   3.2765279543692344e-01	   5.4051961389981718e-01	   1.2754399623283441e-01	
   3.0320280626766249e-01	   2.0974168520492859e-01	   3.5991247889959149e-01	  -1.3412577432350897e-02	   0.0000000000000000e+00	   5.0977369248726845e-01	   4.6494227803568089e-01	   3.1287318530079422e-01	   7.1502829800790335e-01	   7.2350458815373520e-01	   4.6991864175945303e-01	   3.6367035445613072e-01	   5.4401926114469568e-01	   4.0624253784704706e-01	   5.2996749370855900e-01	   5.1667368740871589e-01	   3.6210917473933391e-01	   2.3922032667222751e-01	   2.5275515635660095e-01	   1.2367725459295589e-01	  -2.6548653886106551e-03	   1.0141511793047001e-01	   3.6440119964930057e-01	   2.3779610956969710e-01	   2.6046691273116029e-01	   2.1962486409345705e-01	   2.1330219786645382e-01	   9.8512048715363454e-02	   4.8273138934288251e-01	   4.0876993525557187e-01	   4.8864371779010440e-01	   4.3079017002186837e-01	   3.0329852987228245e-01	   2.7472114220134647e-01	   4.1281946718301619e-02	   2.9412989919640555e-02	   1.7945932791808014e-01	   2.3116372214151720e-01	  -6.9878816048914161e-02	  -3.5820210900415671e-02	   3.4698651912926876e-01	   4.3291014899565211e-01	   4.1863818277713641e-02	   7.0083636261473070e-02	   1.5039815136191922e-01	   1.0897121406707583e-01	   1.3959205725718904e-01	   1.7781690095763997e-01	   2.5015000335182946e-02	   4.0978172124813105e-02	  -9.0275439531549179e-02	  -1.9928289947392083e-01	   5.4547987586031674e-02	   7.4702084598617227e-02	   7.9166196016207752e-02	   3.7204570037082899e-02	   2.6179196495446488e-01	   9.7272911625174846e-02	   9.2807066765675489e-02	   2.9675141250338159e-02	   3.4824207554932829e-01	   2.0620177094825157e-01	   1.1058290168437504e-01	   2.2735433794065801e-01	  -2.4995152760259750e-03	  -1.2485499598985701e-01	  -1.0598287855378769e-02	  -9.8946269332110925e-02	  -2.8300461729019850e-02	   1.5790142607792407e-01	   3.3425680167036798e-01	   2.1065756699036009e-01	   3.0712260155129656e-01	   3.8549518644373637e-01	   3.9359473079796803e-01	   4.1466942467264345e-01	   3.1345554074233489e-01	   8.4776579653995543e-02	   3.3681784590738428e-01	   3.7653947065839499e-01	   3.3638666431094155e-01	   3.2110520822413025e-01	   5.1073571669321349e-01	   3.2104379724585980e-01	   1.3955818111657514e-01	   1.4350063531663773e-01	  -2.4251939535066269e-02	  -6.9433152915229959e-02	   1.9351801741305058e-01	   6.8083762197577349e-02	   3.7423871819300869e-01	   3.6842440304696478e-01	   1.4596215913595670e-01	   3.2397582170352213e-01	  -4.3485413051735831e-02	   1.6427810781721125e-01	   3.1330821143384403e-02	   1.8214778814052479e-01	   1.9634131877446179e-01	   3.5210596181625031e-01	   2.9635076470946953e-01	   3.4596241471582262e-01	   1.2761690515315366e-01	   3.1664624046559015e-01	  -1.8954606026563500e-02	  -1.2611041510049786e-01	   1.9702383941206886e-01	   3.0314544426639839e-01	   2.7524609176438432e-02	   2.9843101035437836e-01	   2.6231430892800967e-01	   2.3889616018211646e-01	   2.8898786920740438e-01	   1.0519372617772807e-01	   1.7825423571893986e-01	  -1.0652413228428517e-01	
   3.3157698048370637e-01	   2.6870771712723146e-01	   5.3311587676914664e-02	   5.2622946267280157e-01	   5.0977369248726845e-01	   0.0000000000000000e+00	   1.5220354757138629e-01	   7.7314976225503851e-01	   3.1456043793003563e-01	   6.6235610874245476e-01	   2.4403845277373781e-01	   3.9613799596092247e-01	   2.5354646642912509e-01	   5.5143437048094379e-01	   3.9551841319501779e-01	   5.7551624982396121e-01	   3.9346073158306205e-01	   3.2393260673808821e-01	   2.9501727044831816e-01	   2.8814774221942252e-01	   2.7817061603716764e-01	   4.0140688811294939e-01	   2.3011214228608345e-01	   5.1267544200252646e-01	   2.3417008242262027e-01	   4.7102890898631533e-01	   4.6675708469908522e-01	   5.7355342344608462e-01	   1.6283273773574319e-01	   2.0486323217820890e-01	   1.9005433283543563e-01	   2.9779695774346804e-01	   1.6580558680819724e-01	   3.4309458501718948e-01	   1.6935821942206880e-01	   2.8487456997802424e-01	   2.7429408606888406e-01	   2.7699598737522418e-01	   2.8959581174993132e-01	   2.2983222614810014e-01	   3.8544759017664115e-01	   5.0445865235310339e-01	   8.6864913438693514e-02	   1.1450155111211154e-01	   2.1391252909948269e-01	   2.7923120002538365e-01	   2.6022137951045349e-01	   2.0210332418631238e-01	   2.8778726158390178e-01	   3.4843727414462711e-01	   3.2947299386855378e-01	   3.8226962407336695e-01	   4.0205642849735224e-01	   4.3295961739698113e-01	   3.2457888035411364e-01	   2.9188103141888999e-01	   3.0412473164992676e-01	   1.7323444204704108e-01	   1.5642960728563382e-01	   3.6115763323432643e-01	   2.4998637422615511e-01	   3.9854457722452657e-01	   3.0161153190642098e-01	   2.7778072589296587e-01	   1.2203918567755305e-01	   3.0840512771930279e-01	   2.8918040104937293e-01	   3.5962846361415962e-01	   1.8709916865092951e-01	   4.5937374349941212e-01	   7.7322958377751355e-02	   2.5022148801757921e-01	   6.0754128645576909e-02	   1.6321064587799491e-01	   4.5460536604205522e-02	   1.5759428754082044e-01	   2.6201343553752837e-01	   2.7482133773777123e-01	   3.6485995912697128e-01	   2.9676698641109844e-01	   3.6908904464201886e-01	   2.9557406340263287e-01	   3.3585390594054387e-01	   4.7756765988712491e-01	   3.9374214265081042e-01	   4.6276046250291014e-01	   4.4436170849165746e-01	   2.6072386596545610e-01	   5.3411666233363597e-01	   4.7421845800258711e-01	   6.9215482850112398e-01	   3.1721820236025733e-01	   3.9191560430885547e-01	   4.1448793369244685e-01	  -3.3745860889780710e-01	  -5.1730015558270559e-02	   8.4908134478413319e-02	   1.8750455512110384e-01	   4.4362114902091049e-01	   3.4823467722158136e-01	   6.2215149505305567e-01	   3.5676223608886709e-01	   4.8287926025439842e-01	   5.1895501943762357e-01	   4.5269387565571562e-01	   7.2771678709972643e-02	   2.9473831709352843e-01	   3.8642828862672218e-01	  -2.5117899801570831e-01	  -5.1238681733251509e-02	   2.2780520876551508e-01	   3.3467960910119054e-01	   3.7084189154894043e-01	   3.8659130903758399e-01	   6.2602052894790705e-01	  -9.1738240938718241e-02	
  -1.4167802999949336e-01	  -7.8094766601566418e-02	   7.2334955961503788e-01	  -1.7012285467205857e-01	   4.6494227803568089e-01	   1.5220354757138629e-01	   0.0000000000000000e+00	   2.9986055932720568e-01	   7.5161821091229741e-01	   8.9375593217499161e-02	   6.0254008493461797e-01	  -1.2500733034393655e-01	   7.0039332567999957e-01	   4.9746843096748823e-02	   6.6641083238656340e-01	   2.0544710279448899e-01	   1.3057862409464768e-01	  -2.5992833191534181e-02	   2.7709207163297245e-01	  -4.1977716714905938e-02	   4.9497878761606877e-02	  -4.4705532814757018e-02	   7.9303133112379642e-01	   3.7226781458117464e-01	   5.0484799193189811e-01	  -2.1553472493766490e-02	   1.6969002987424503e-01	  -7.4047148369400462e-02	   1.3472827024111006e-01	   1.0844415581840081e-03	   4.2566960369455131e-01	   2.3277953575040058e-01	   2.2519745873789515e-01	   1.4289936008885457e-01	   3.4827746935135240e-01	   2.4400640651027380e-01	  -7.0022007119454471e-02	   5.3160880170484547e-03	  -1.2606432838234780e-01	  -2.1681224717280642e-01	  -7.7548142757700333e-02	  -6.1463345004009337e-02	   2.4282431471561616e-01	   2.2753878374559822e-01	   3.0515738860287778e-01	   2.8726302283883964e-01	   1.1873342739385852e-01	   2.4096046446577246e-01	   2.7231857519980335e-02	   1.3680405351301925e-01	   2.6298069800072391e-02	  -1.1954318093599289e-01	  -6.1423065206501815e-02	   2.9698648969045536e-02	  -1.4346797920053819e-01	  -4.3870621451119050e-02	  -1.6416853077865329e-01	  -7.6019522324831917e-02	   1.8884352436199382e-02	  -2.4857769749937833e-01	   4.2829054989940496e-01	  -2.0644500034302057e-02	  -2.1750044200807301e-02	  -2.0714096568963708e-01	   5.6893189392969834e-01	   1.7737930437221702e-01	   1.0134566330548285e-01	  -5.4005024602428731e-02	  -5.6540236475010802e-02	   8.5376557785902391e-02	   3.6781552008951035e-01	   1.1343075121593139e-01	   6.9500959656594558e-02	  -1.1864752075418795e-01	   2.0954252606462181e-01	  -5.0498203182123391e-02	   2.6079838376754660e-01	  -7.5706564577834909e-02	   2.5202408974224549e-01	   4.6893713251913223e-02	   1.7548712701456676e-01	   3.0344315607718386e-01	   6.0368509169182127e-01	   3.0463130122910614e-01	   5.6817299766210905e-01	   4.6230303895155189e-01	   3.0197711402861649e-01	   3.5972008340788025e-01	   2.5903827748211650e-01	  -7.4230688447489895e-02	   3.8079565116194442e-01	   7.6759065618462219e-01	   4.4665396597080176e-01	   7.5147812934426472e-01	  -1.6515705909874567e-02	   1.6804229570588070e-01	  -1.4168311029036429e-01	   5.5592480763522439e-02	   9.2033339632124497e-02	   4.7995848924597206e-01	   2.5527502937855020e-02	   6.8659935865404798e-01	  -6.1547764651782973e-02	   2.6761815584812432e-01	  -7.9369350863832316e-02	   3.6906570435567343e-01	  -1.2807148137376337e-01	   6.4624747125401907e-02	   1.7451305086278007e-01	   2.6512246929264627e-01	   2.1819649208392544e-01	   3.1328353438721729e-01	   2.9318648239822165e-01	   1.3964858263982829e-01	   2.2577966266089181e-01	   1.1212542236467940e-01	
   1.5663118982314972e-01	   2.0273517476309516e-01	   1.4075919727928349e-01	   4.8533904784090987e-01	   3.1287318530079422e-01	   7.7314976225503851e-01	   2.9986055932720568e-01	   0.0000000000000000e+00	   3.2551055218211988e-01	   4.6547281780851157e-01	   2.0516054830038918e-01	   2.4016763177311307e-01	   2.7779399812118349e-01	   4.8056737026138785e-01	   4.2428886241011216e-01	   5.5748967440414732e-01	   4.5271945696148835e-01	   3.5123542131430135e-01	   3.1062840871487274e-01	   2.5785812404758857e-01	   3.5582686326191004e-01	   3.9344261409825493e-01	   4.1562204991748197e-01	   7.5818927732543617e-01	   3.5218575940502594e-01	   5.2070053907113478e-01	   4.1923538962718299e-01	   4.7747460424860810e-01	   2.3938915750122189e-01	   2.9035712975620848e-01	   4.0415631028007926e-01	   4.8385596941464226e-01	   2.0419030820275319e-01	   4.0100723929674531e-01	   3.1605549599311067e-01	   3.5138824954917169e-01	   3.5670986176075586e-01	   4.1007327557775630e-01	   3.3255177197125713e-01	   2.5081980039181712e-01	   3.4874822443386699e-01	   4.9768194528606735e-01	   1.9416627015725052e-01	   1.8294523635428986e-01	   3.5942366476817567e-01	   3.7968533525879072e-01	   3.5655505322516773e-01	   2.6384509016269214e-01	   2.5115339698843586e-01	   3.9187937555867003e-01	   3.6072681035085752e-01	   4.0048886201659512e-01	   3.9275229161267255e-01	   4.4559027811632079e-01	   2.9396609357049119e-01	   2.8541013401423926e-01	   2.1798085201961687e-01	   9.4280423622275372e-02	   4.7234969888093420e-02	   2.0087978740382390e-01	   3.0872524612612195e-01	   3.8460595307144085e-01	   3.5049356719432756e-01	   1.9745916004133046e-01	   3.6313633660903477e-01	   5.9725892518154233e-01	   2.2085834574406588e-01	   3.0286479932458077e-01	   2.2440431016844176e-01	   5.3366548362131905e-01	   1.3628847728629989e-01	   3.1991290482796048e-01	   1.1917102649893743e-01	   1.6973963092531630e-01	   1.2941444126333937e-01	   2.2278229060414251e-01	   3.3388633133261902e-01	   3.9067411767598348e-01	   3.8732157540342071e-01	   3.6837538722249985e-01	   3.6981065589741435e-01	   4.7819928103257520e-01	   4.7802742406421711e-01	   7.2412957740304518e-01	   5.3879506833268576e-01	   7.2633516057486158e-01	   5.5797408579600760e-01	   4.9837885142366595e-01	   5.1158540353240411e-01	   4.4496189028483507e-01	   8.1293200701946178e-01	   4.2651932801574000e-01	   6.6386098215988221e-01	   4.6940388416204126e-01	  -3.0105902634527504e-01	   9.4748131977406294e-02	   1.1117464056068585e-01	   2.8397534285061138e-01	   5.5209675559157723e-01	   4.0547863115387561e-01	   6.1158195046738029e-01	   3.0527133227481906e-01	   4.8414374209497557e-01	   4.3591261664538428e-01	   4.5942880749287063e-01	   2.7857860511331223e-01	   3.4352895673351092e-01	   3.2141968673782850e-01	  -1.4465923824484492e-01	   6.7948315155673789e-02	   2.6144269391685770e-01	   4.1337251986493329e-01	   3.3495017361627377e-01	   4.2065614616668739e-01	   5.8553664738593647e-01	   9.5144808489733293e-02	
   3.2126383190900354e-01	   2.8976021798376028e-01	   5.5879720900829688e-01	  -1.7005336160172249e-01	   7.1502829800790335e-01	   3.1456043793003563e-01	   7.5161821091229741e-01	   3.2551055218211988e-01	   0.0000000000000000e+00	   5.1308839271244322e-01	   7.7333737565146543e-01	   3.3835384942403746e-01	   9.0675013596029408e-01	   4.6189693429643941e-01	   7.9841850659541214e-01	   5.6502725350275873e-01	   3.7630230072561643e-01	   3.0291858467711846e-01	   4.2085395250668156e-01	   1.2980991974083003e-01	  -1.0434091541559730e-01	  -1.3909744511989899e-01	   5.5675529738047680e-01	   2.0440076953363490e-01	   1.9164120692604947e-01	  -1.1008612229973906e-01	   7.0143904020110281e-02	  -1.4312604568589413e-01	   5.4718632618909779e-01	   3.6371596270750167e-01	   3.5172989251460512e-01	   2.0277524903272096e-01	   2.6072881880134191e-01	   1.0193225128752376e-01	  -1.1378281537423314e-01	  -1.8821269941169233e-01	   5.8269486992263309e-02	   5.1640263431853496e-02	  -1.3211966774150796e-01	  -2.0285926374811766e-01	   2.1493604986019538e-01	   2.2737453137185867e-01	   2.2706712496991432e-01	   1.8628055819942724e-01	   3.3883359464229323e-01	   2.7032133675067804e-01	   3.2066700162777662e-01	   2.9690785365955463e-01	   2.4903384425066627e-01	   2.4801504536036306e-01	   8.1150530652651709e-02	  -1.2202664050707537e-01	   2.3167649334296853e-01	   2.5317721917956371e-01	   1.6726358652650886e-01	   1.6864188969908478e-01	   2.7306873250896740e-01	   2.2363645753818628e-01	   3.2199300769789008e-01	   7.0151043654932937e-02	   6.7056620894748376e-01	   3.6108914866888320e-01	   2.3532047071477752e-01	   2.1357912291277453e-01	   1.2163945581106704e-01	  -1.1322580639945873e-01	  -4.0908652810852777e-02	  -2.2819048581949311e-01	   3.2686824123996212e-02	   1.7202601085036481e-01	   3.0491317660378137e-01	   8.0054624409401753e-02	   3.7955398480836433e-01	   2.9694163560468967e-01	   4.7347420244416349e-01	   3.3791530916210022e-01	   3.9340355326894622e-01	   6.3882598015958331e-02	   5.1425045930703495e-01	   2.8943649633588570e-01	   3.7324547616305059e-01	   4.2395120129594643e-01	   6.5802019659223343e-01	   3.9301710914816912e-01	   4.3179647395287246e-01	   4.1313615546089155e-01	   1.0515324029636050e-01	   1.2639325687994049e-01	   4.0470203817391093e-01	   2.0835916953226619e-01	   3.9577256736064631e-01	   6.5405828968262414e-01	   2.5635072194485481e-01	   5.4724786352290544e-01	   5.6027244012416696e-02	   1.6650424160655750e-01	   7.4937107948810061e-02	   2.0198813322259779e-01	   3.0782542555908948e-01	   5.7839272537997943e-01	   1.5815268474806043e-01	   5.1544258924699915e-01	   9.2999851936134900e-02	   4.2568943820717953e-01	  -1.5037677575168434e-01	   1.0079670589982485e-01	   6.2156792073607088e-02	   2.1942629379642581e-01	   7.9526531939999909e-02	   3.5199075209471714e-01	   3.1903017292137231e-01	   4.0094671097300760e-01	   4.5647661276566720e-01	   2.0228399553303988e-01	   1.7621078890267669e-01	  -1.0657864573739359e-01	
   5.2030651177791110e-01	   3.4030598522060240e-01	  -3.2258596698513969e-02	   1.2215481018353661e-01	   7.2350458815373520e-01	   6.6235610874245476e-01	   8.9375593217499161e-02	   4.6547281780851157e-01	   5.1308839271244322e-01	   0.0000000000000000e+00	   4.3035558462057805e-01	   6.5139874386125340e-01	   4.0620125339230606e-01	   6.1880042823444681e-01	   3.0154820176834424e-01	   5.6466364626187304e-01	   4.1631231417369718e-01	   3.9649215405130855e-01	   2.2895266013624177e-01	   1.2559071223678728e-01	  -3.5438314666541418e-02	   9.0720233091659150e-02	   7.6067639372681670e-02	   2.0045612924547965e-01	  -9.6481668631677071e-03	   2.8065082194116453e-01	   1.3969189766631387e-01	   2.0602936735365363e-01	   3.7316853349228696e-01	   4.2731167508437484e-01	   2.8035621754537654e-01	   3.3413052811760269e-01	   9.2002017090597271e-02	   1.2143403422023938e-01	  -2.1634889573964808e-01	  -1.7041197090773347e-01	   2.4313993863849465e-01	   2.9309491730183423e-01	   3.8850966907158354e-03	   4.6426296066598025e-02	   3.0878936157005832e-01	   5.1019429419144191e-01	   3.7010981421935596e-02	   3.4549497421557829e-02	   1.6138533185469295e-01	   9.3042546316207980e-02	   2.9172784161950926e-01	   1.9072372663605536e-01	   2.6132005433364980e-01	   1.8699643421254747e-01	   1.0304912110549309e-01	   8.4278870586720428e-02	   2.7374401096773637e-01	   2.9782111867247096e-01	   3.0302609591393842e-01	   2.2610709356694381e-01	   4.8235737767453868e-01	   2.2802456024330858e-01	   1.9762433846907768e-01	   2.4453979837421636e-01	   2.8237597811024528e-01	   4.5505487592227062e-01	   2.7205478181329135e-01	   3.7915304344182099e-01	  -2.2144480544197448e-01	  -1.0692389414351400e-01	  -4.2609053091917461e-02	  -9.2530626110130340e-02	  -2.4162379745687189e-04	   1.4301008116018604e-01	   1.1810480862723487e-01	   1.7841585321083886e-01	   2.6763945269630585e-01	   4.6072979663862879e-01	   3.0465843770517764e-01	   4.2354763151117680e-01	   3.1085699825654878e-01	   2.6205010078360524e-01	   3.4979415528942570e-01	   4.4677980264492845e-01	   3.8016602838247271e-01	   3.0575330749272400e-01	   3.1170101419526608e-01	   3.6926768663305287e-01	   4.6927221309389922e-02	   1.2572542126542588e-01	   1.3715542080104634e-02	  -1.2998756615009838e-01	   1.5294284488813628e-01	   2.1593509409984235e-01	   4.0109958896188724e-01	   2.0353752196096497e-01	   1.0950225056352594e-01	   1.9605566008458208e-01	  -3.1658050910545543e-01	   2.0951497254617599e-01	   1.2929062688491275e-01	   3.1195427883212185e-01	   3.9610596355307148e-01	   3.3092754277155767e-01	   4.4455922272397624e-01	   2.1099098842269365e-01	   2.9903895476639641e-01	   3.0735689339910488e-01	   1.4308571304509049e-01	  -1.0591056173758290e-01	   3.3216181547775026e-01	   4.7421329585790983e-01	   8.0046823107091641e-03	   2.7990788618363777e-01	   2.3513724511423884e-01	   2.3097817381788416e-01	   2.7496970319939723e-01	   1.7457107181769502e-01	   3.0092881268365290e-01	  -9.9669939544534139e-02	
   4.3440212544524986e-01	   3.0512166664112916e-01	   3.9349875980531157e-01	  -1.9087856643500711e-01	   4.6991864175945303e-01	   2.4403845277373781e-01	   6.0254008493461797e-01	   2.0516054830038918e-01	   7.7333737565146543e-01	   4.3035558462057805e-01	   0.0000000000000000e+00	   4.2461807950731517e-01	   9.2166144305633613e-01	   5.0125143692242047e-01	   6.9604294278125112e-01	   4.2754189217789929e-01	   4.5085717550341842e-01	   3.2946942312239375e-01	   5.2984351305962329e-01	   1.5957678090510638e-01	  -1.1340323115488922e-01	  -2.6455821393339074e-01	   5.4773467932890640e-01	   1.2780181531099244e-01	  -8.5284095986556552e-03	  -2.6562379774334632e-01	  -1.0953992753510089e-01	  -2.7555756358887434e-01	   3.6464635219521946e-01	   2.9389453031620966e-01	   2.5362189016477177e-01	   1.0712659343502801e-01	   1.3683819874455574e-01	   1.5380902536232177e-02	  -2.4178032006615957e-01	  -2.7102628825590930e-01	  -8.2262924947461069e-02	  -1.1398679012630245e-01	  -2.6357849983036397e-01	  -3.9798083841441689e-01	   1.2839711159219291e-01	   9.3760844169399268e-02	   8.8609179437050406e-02	   7.9983956871565343e-02	   1.8992333552505672e-01	   1.5707101451582126e-01	   2.3288988307204334e-01	   2.0304115734915207e-01	   2.6596111561419472e-01	   2.9623453765522373e-01	   2.4324534041421902e-02	  -4.5685671607296523e-02	   2.5624713904729501e-01	   3.3736430468827250e-01	   1.5486060534853008e-01	   1.7139698300549153e-01	   2.3049200826142707e-01	   2.5693019081046387e-01	   3.6876862027290414e-01	   1.4511134427154804e-01	   4.8876296622096960e-01	   3.1056402720975068e-01	   3.4372211627217486e-01	   2.7650050604369242e-01	   2.1443644464993864e-02	  -2.3061898700384997e-01	  -7.7377007530293918e-02	  -2.6011626689508799e-01	   3.5625432317138106e-02	   1.0013432122017695e-02	   2.4303185443417008e-01	   9.7326791447799061e-03	   2.7880716836848829e-01	   1.7705153733425119e-01	   3.3509992672025463e-01	   1.6479000468052202e-01	   2.5716075688460843e-01	   8.3267509036732759e-03	   5.3107162349831305e-01	   3.0909908260516411e-01	   4.3054446604614482e-01	   3.5872193453155088e-01	   5.2065832764679498e-01	   2.4249277300404640e-01	   4.9728039371279553e-01	   3.3131851627545772e-01	   2.2719825040303063e-03	  -5.1902440217414345e-02	   2.6865248476677095e-01	   2.2084564858638067e-01	   3.4462200443928759e-01	   7.0092294799766330e-01	   1.6329077859601618e-01	   5.6524411060993085e-01	  -1.2287446493315327e-01	   2.1546072803976843e-01	  -7.4931987538532266e-02	   1.8458712276152656e-01	   2.8286961287195334e-01	   5.1748109688849764e-01	   5.6420353314283606e-02	   5.4003905122835338e-01	   1.3327481322845927e-01	   3.3602188013731282e-01	  -1.5998529899555253e-01	   2.1955282653435537e-01	   6.6710917236072892e-02	   3.1233678036566487e-01	   1.7686730971799280e-01	   2.4601542630093143e-01	   1.0094365290577288e-01	   3.2540294149329779e-01	   4.5096202799833335e-01	   1.8173767613278061e-01	   1.9612033010348096e-01	  -1.3956950972764814e-02	
   7.5596360419856801e-01	   4.9736733636950159e-01	  -9.6915901362186599e-02	   1.9520885416789291e-01	   3.6367035445613072e-01	   3.9613799596092247e-01	  -1.2500733034393655e-01	   2.4016763177311307e-01	   3.3835384942403746e-01	   6.5139874386125340e-01	   4.2461807950731517e-01	   0.0000000000000000e+00	   3.9985055760027904e-01	   8.8165086440960561e-01	   2.1387874540896448e-01	   5.8720663034027920e-01	   3.8428983266739186e-01	   5.8943051696667526e-01	   2.2934217666330664e-01	   2.8192997576314838e-01	  -5.2989146427122144e-02	  -3.3546043420021737e-02	  -2.4334930602407479e-01	  -1.6351271654613747e-01	  -3.9180375369256221e-01	  -5.0410473457835399e-02	  -7.1395425529829873e-02	   1.9088697889517090e-02	   4.6591643674670802e-01	   5.5804403144784587e-01	   6.2742067345159004e-03	   4.7447025771099126e-02	   1.3144817630369426e-01	   1.1820409946912465e-01	  -5.2625569868107380e-01	  -4.4257650558194106e-01	   2.1994411786148205e-01	   1.7562867643046604e-01	   1.0833924362093697e-01	   1.9094175755373508e-01	   3.2426879726346047e-01	   5.0848220156183943e-01	   1.0646545383606699e-02	  -6.7057882605455796e-02	   1.4152407918105331e-01	   4.5587066095362103e-02	   4.4961259270411003e-01	   1.6714658197105917e-01	   5.7467611214104597e-01	   3.6903737864620190e-01	   4.8121514184538661e-01	   3.4128326635293749e-01	   5.9674401849651137e-01	   5.1770933342185121e-01	   7.0153381551961835e-01	   5.2175161899158573e-01	   5.1624738754681920e-01	   4.5602569951990224e-01	   5.3615684975459144e-01	   5.9832832228941168e-01	   3.3178026549146744e-01	   7.3329946140241642e-01	   3.5450222113704832e-01	   6.2457237023150958e-01	  -5.0960957715083344e-01	  -2.2726953874074335e-01	   2.6745936516426129e-02	  -8.4879797006990915e-02	   1.8315146016559339e-01	   1.5946414678147636e-01	  -2.6177208551341279e-02	   6.6311594873590205e-03	   3.5175737219329040e-01	   4.8656490518339240e-01	   4.4012583367377422e-01	   4.8832875007364013e-01	   2.3618753296160819e-01	   3.3773284385040636e-01	   4.7223971809747822e-01	   5.7886907781046815e-01	   4.7056685313376079e-01	   2.5080748761129351e-01	   2.4192310729871958e-01	   2.9341571153537854e-01	  -6.5174354188981140e-02	  -3.2254734231145256e-03	  -5.5093120450291876e-02	  -1.7247514282084253e-01	   2.9508764711689955e-01	   4.0190186576918058e-01	   1.4275297215806554e-01	   9.2635812041723404e-03	  -2.2478956517074705e-01	  -3.8607433501391661e-02	  -6.4673701108301299e-02	   2.5621069314945505e-01	   3.9470759394805321e-01	   4.6499201801432599e-01	   5.5660145792592364e-01	   3.2961295418890740e-01	   3.3137323279583780e-01	   1.0434650794252274e-02	   3.5427262337889881e-01	   2.5434422544776047e-01	   2.7079409871358967e-01	  -1.1900451355534098e-02	   2.4801438183043872e-01	   4.1773107023669753e-01	   1.0156596361797145e-01	   2.8490292479599050e-01	   2.8269923882101167e-01	   3.1564024963085202e-01	   5.3816644194456242e-01	   3.5377257626114661e-01	   3.5740566090263620e-01	   7.9261420764585658e-03	
   3.8159414731474450e-01	   3.1865295264930127e-01	   5.1397486415657001e-01	  -1.6249297024784912e-01	   5.4401926114469568e-01	   2.5354646642912509e-01	   7.0039332567999957e-01	   2.7779399812118349e-01	   9.0675013596029408e-01	   4.0620125339230606e-01	   9.2166144305633613e-01	   3.9985055760027904e-01	   0.0000000000000000e+00	   5.2667581050353673e-01	   8.1137088187158013e-01	   5.3161963375017462e-01	   4.2666231843858171e-01	   3.2652966531833311e-01	   5.3800388958161494e-01	   1.9394417710653697e-01	  -1.0267997776185364e-01	  -2.2032181964382019e-01	   5.5801472306650934e-01	   1.4648219766113113e-01	   4.1666222612018272e-02	  -2.6372840637570544e-01	  -4.3452576740243117e-02	  -2.3498306629045018e-01	   4.9853267275924051e-01	   3.3659825014276445e-01	   2.7338046596201859e-01	   1.0399026316530548e-01	   2.0020931813731119e-01	   4.2131437011032231e-02	  -2.3534348433311125e-01	  -2.8244235550908964e-01	  -2.9493761543437122e-02	  -6.3986602335042067e-02	  -1.8179533883991561e-01	  -2.9339326280332900e-01	   2.0675540924986799e-01	   1.5889652808610233e-01	   2.1542406198512024e-01	   1.9780390420839380e-01	   2.9421936844602098e-01	   2.6551466832925341e-01	   3.2183211795514133e-01	   3.2360284652645110e-01	   3.3424633495921136e-01	   3.6068241844615362e-01	   1.1108379494130344e-01	  -3.0437462521456682e-02	   3.0738600612034062e-01	   3.4809685289002129e-01	   2.2160441316139562e-01	   2.6149205873263587e-01	   2.1686475359984689e-01	   2.3926390459842428e-01	   3.7467975503118089e-01	   1.3557296089306292e-01	   6.4839912555997814e-01	   3.6569931625412933e-01	   2.8754383651186693e-01	   2.4896727364338456e-01	   5.4624531936338157e-02	  -2.0457150530006635e-01	  -2.7159252270839131e-02	  -2.3169464064006942e-01	   6.8932779335033473e-02	   1.4698464590832083e-01	   2.4210255240346801e-01	   4.0385431788923204e-02	   3.6433912187770645e-01	   2.5153303963817147e-01	   4.2070161613233276e-01	   2.7542489989885349e-01	   3.4271691632350937e-01	   6.3835413494768845e-02	   5.8505514933248648e-01	   2.7021869251123809e-01	   4.0772505945398674e-01	   3.9024244221727450e-01	   5.9931640401353836e-01	   3.4908720465748272e-01	   5.1515715179231691e-01	   4.0042444947527461e-01	   5.9149840705284173e-02	   6.8418835432456693e-02	   3.9725220489364427e-01	   2.7742553371592460e-01	   3.6804411818370875e-01	   6.7249410579812874e-01	   1.8149816232202665e-01	   5.6307496605864837e-01	   1.7820345387545250e-03	   1.8093578740266320e-01	   4.6557039540605145e-02	   2.4145290444742407e-01	   3.3745746361010887e-01	   6.0197178798848472e-01	   1.3205018000138355e-01	   5.2305757859686841e-01	   1.4136670456653982e-01	   4.1437364071182292e-01	  -1.6612291590950606e-01	   1.7510866853707555e-01	   9.6272055749102067e-02	   2.7054175368950417e-01	   8.6813567870988748e-02	   2.9297216817136096e-01	   2.4895833895516406e-01	   4.1707789796433509e-01	   5.0979730464596085e-01	   2.3620795500054681e-01	   2.1183973261973077e-01	  -8.3142035265120262e-02	
