   0.0000000000000000e+00	   8.3015054864820181e-01	   1.1502549185048508e-01	  -1.1037200667595644e-01	   8.4490985340873168e-02	   1.2409690930941805e-01	  -1.7039789675189115e-01	  -1.4527374187553388e-01	   1.0761552463810807e-01	   6.3693720870292930e-02	   3.8187542113587969e-01	   1.5968448159566179e-01	   1.7878342346681203e-01	   8.0449376814856782e-02	   2.0941689778886474e-01	   2.2459295860443089e-02	   7.9363238771108646e-01	   7.9797130538763972e-01	   7.1926321583517050e-01	   5.9725052720839966e-01	   1.5710868107782130e-01	   2.1073276341188654e-01	  -5.2628212279108091e-02	  -9.1393952399481226e-02	   1.5737558150411257e-01	   2.2285201734038168e-01	   3.8790572612040936e-01	   3.7841157918521384e-01	   7.2852530641867558e-02	   8.9993188311479705e-02	  -3.4349149166104115e-01	  -2.8732905534897857e-01	   2.5740819047262553e-01	   3.4618463663170074e-01	   2.3475064305389468e-01	   3.6375198676357268e-01	   2.8872721266398038e-01	   3.7258853276832793e-01	   2.8550665763983241e-01	   5.0724796474610723e-01	   2.4811477975780238e-01	   8.6548615889558894e-02	   3.5985880310684359e-01	   4.0867922264676931e-01	   2.2820396769522452e-01	   3.5922099403039409e-01	   3.6248849606860434e-01	   4.5121279536378422e-01	   1.5411853481769994e-01	   2.3518504770976625e-01	   2.6831361045757329e-01	   2.2710523194155186e-01	   9.9204781807005218e-02	   1.6848651028607231e-01	   4.3574522753513362e-01	   4.1429626707163858e-01	   9.2432723242035064e-01	   6.6132387921953528e-01	   1.4093812699930236e-01	   1.1950603410904886e-01	   1.0192173714369622e-01	  -9.5407535970955887e-02	   2.8947172074136390e-01	   2.4756017754835147e-01	   9.6226253340520027e-02	   3.2297156829326551e-01	   3.1828840027754385e-01	   3.4463921029886635e-01	   6.4959996881286963e-01	   4.5191478234226840e-01	  -4.0995889324587281e-02	  -1.6021213488243988e-01	   3.4840312855839811e-01	   3.8525034654968060e-01	   3.8639239799584540e-01	   4.4693171468015458e-01	   5.2746325031336327e-01	   4.8366197568268188e-01	   5.0428957466869118e-01	   6.6041105643511511e-01	   5.4674565961801247e-01	   5.3427950442742045e-01	   4.9321732022591391e-01	   5.3972799911527669e-01	   3.4697189854065807e-01	   3.2450688810357425e-01	   4.0340404056430579e-01	   5.0110393657207941e-01	   6.0426997300745866e-01	   4.2338280017642760e-01	   2.7279319460849405e-01	   2.1883932651835539e-01	   2.2528758596955595e-01	   3.8631707762735773e-01	   2.1023610207462456e-01	   3.5994030225608908e-01	   6.4626370291451662e-01	   7.5754290678786074e-01	   5.4668072688693292e-01	   4.8756437677798792e-01	   4.2548579825671817e-01	   4.0456571027120980e-01	   5.5226474108250345e-01	   5.9393708350695384e-01	   4.4077216868590174e-01	   3.0901081543671904e-01	   4.7230266385194170e-01	   2.0726383639925949e-01	   7.8703691818185328e-03	   2.3758869372303010e-01	   6.2106411476206436e-01	   6.0389603091279764e-01	   5.0492152517123179e-01	   5.0494392849859060e-01	  -9.5889885556760222e-03	   2.8165538287933994e-01	
   8.3015054864820181e-01	   0.0000000000000000e+00	  -5.7100279822846940e-02	  -2.5152309614131035e-01	   6.6992336318667675e-02	   9.1578467438310024e-02	  -3.3005511737810123e-01	  -2.7957886632555162e-01	   7.3330441707402508e-02	   9.5321592156575694e-02	   3.4121322413700877e-01	   2.1975601628038577e-01	   1.8701528911163487e-01	   1.1216076575658157e-01	   1.5697304764044459e-01	   1.0441032999334815e-01	   6.9129475446628263e-01	   7.8633395937254091e-01	   6.3430339756416143e-01	   6.2903290232855591e-01	   1.4345326297923683e-01	   2.1610437870727964e-01	  -5.5131665333189486e-02	  -1.0750779411908169e-01	   1.1143263412178848e-01	   1.4557031731279385e-01	   3.6188574352621317e-01	   3.4755934256000065e-01	  -3.1876142418048974e-02	   5.4468820074128704e-02	  -3.0843422494148220e-01	  -2.8123349617620091e-01	   1.6447014666783541e-01	   2.6966457424126589e-01	   1.0430609975359086e-01	   2.1187694921275108e-01	   3.7238076181100921e-01	   4.1998557703820438e-01	   2.9154095900734145e-01	   5.4908907474463398e-01	   3.3324877908326156e-01	   2.7067979885177718e-01	   2.3901743198018843e-01	   3.3844797029902252e-01	   1.5416274974440708e-01	   2.7123214222212810e-01	   2.6859941229040385e-01	   3.9236054668832665e-01	   1.1503621353630206e-01	   3.4267996419300251e-01	   3.3246525753747336e-01	   3.1968583774042791e-01	   2.1977738632954880e-01	   2.9275174093849310e-01	   4.2121406771318803e-01	   4.7372082862273324e-01	   8.0093732689589514e-01	   7.9314878386660415e-01	  -8.9199800574313537e-02	   9.9913952427206812e-02	  -1.4106891451175485e-01	  -1.8942076828513943e-01	   2.5370081310129916e-01	   1.8618658348667477e-01	   4.8263744085820078e-02	   1.8019308389329383e-01	   4.6668528931534940e-02	   1.1843980828447045e-01	   7.8689646274725811e-01	   6.2992082873098809e-01	  -1.9305322838224864e-01	  -2.9404614836309362e-01	   2.5848990544072220e-01	   3.5226250254288349e-01	   2.6046519756618908e-01	   3.8883801778704907e-01	   3.8688836796458725e-01	   4.2582221536024711e-01	   4.0253567415912528e-01	   6.7317365386658923e-01	   5.3418042018574696e-01	   5.1322212585419869e-01	   5.2744015010353384e-01	   5.1601669023760532e-01	   4.4851950623259934e-01	   3.3479864078376859e-01	   4.3280019387935542e-01	   4.3141080609212273e-01	   4.9374638446978425e-01	   4.8375820891780008e-01	   3.0643761142332759e-01	   2.1187932968713752e-01	   1.4088554689754018e-01	   3.3567257980440784e-01	   3.3815317959192615e-01	   4.6483063655804568e-01	   7.3493470913169912e-01	   6.7535185233032435e-01	   5.8319114754462387e-01	   4.7389320496254506e-01	   3.4942323767797284e-01	   2.9522465637165057e-01	   4.9279238508909806e-01	   4.0649506819238512e-01	   2.9571719578212219e-01	   2.0213778681367583e-01	   4.5031367539502809e-01	   1.9546933641213904e-01	   1.1608981274881773e-01	   2.4422297533131834e-01	   5.5417782548406769e-01	   6.4025897514620822e-01	   4.5000066215639256e-01	   5.2070062475717638e-01	   1.1977940889464401e-02	   1.8641159576766225e-01	
   1.1502549185048508e-01	  -5.7100279822846940e-02	   0.0000000000000000e+00	   7.7707952264020441e-01	   5.8950335321503422e-01	   3.9889437819446183e-01	   5.5690089666582787e-01	   5.3000246576614529e-01	   5.1762697550983949e-01	   3.8047393726389087e-02	   5.5080723477075562e-04	  -1.0233933460302225e-01	   2.8432392575303472e-01	   5.0230167809147552e-01	   2.2748866887120942e-01	  -1.4642896076459612e-02	   8.6092687269500257e-02	   9.0525770078040954e-02	   3.1916595517696011e-01	   2.6417958954420695e-01	   3.5705447784122157e-01	   3.1774012761454257e-01	   6.9286313170358294e-01	   6.6867474301689911e-01	   5.6205828244921352e-01	   5.4498813010890768e-01	   3.3109287871538962e-01	   2.2116695776762504e-01	   1.7641480921093539e-01	   2.1140493525222928e-01	   6.4897468361296085e-01	   6.8849891593825752e-01	   4.8296773400082244e-01	   4.3090221568103515e-01	   5.8132855879980516e-01	   4.2335793211288908e-01	   8.0733356502002973e-02	   9.3991695997121205e-02	   1.4668915483055359e-01	   7.9213355191397966e-02	   5.7537408349909405e-02	  -4.0100629846736263e-02	   3.2146286319391260e-01	   1.7882549900136691e-01	   3.9278642435533412e-01	   3.1534401547031859e-01	   2.1305926523084537e-01	   8.9401470308016887e-02	   2.4421705231946567e-01	  -6.2841099797745964e-02	   1.8393918630565376e-01	  -5.8498275667360808e-02	  -1.8678366058495346e-01	   4.2248372610459904e-02	   1.3738992044341997e-01	   9.4818155792661576e-02	   1.3497288198894528e-01	  -1.3699043021421922e-01	   1.3966771270857845e-01	  -2.3324287505694818e-01	   2.5555775844855205e-01	   1.4150100609982885e-01	   2.2701154536868906e-01	   2.5706042894318326e-01	   6.4600039133373155e-01	   4.4080093741892501e-01	   4.8128516397507337e-01	   3.2584822769887112e-01	  -9.2176659403684601e-03	  -1.6592861320205718e-01	   3.1448046036125843e-01	   2.2950277492521742e-01	   1.2457657487459982e-01	   1.4240687249785350e-01	   2.2431203490169110e-01	   2.3333084749589866e-01	   1.5173258752050467e-01	   8.8609674294618343e-02	   2.8356196059826738e-01	   1.8537281053018828e-01	   1.0919107375640693e-02	   2.6544788672868136e-01	   1.7423323781054989e-01	   1.8753491360194086e-01	   3.4517092273135053e-01	   5.2128493207240034e-01	   2.5554009823000717e-01	   3.3039246941286943e-01	   3.9476774141315385e-01	   2.0310947507747787e-01	   2.5951291094554990e-01	   4.4711457861436421e-01	   3.9372577875277859e-01	   3.9638274981409244e-01	  -3.7140110378223573e-01	  -3.3252586379657034e-01	  -9.3281775614579024e-02	  -7.1067635033268767e-02	   1.8337914339367958e-01	   1.3788957058429457e-01	   1.3565605926618454e-01	   2.0546211539988996e-01	   9.4115512778542854e-02	   2.8904136166380978e-01	  -3.2658602095115341e-02	   1.1503131531513433e-01	  -7.1874344758020769e-03	  -1.6910361472639315e-01	  -2.4261113331580558e-01	  -2.0845842633694622e-01	  -1.0609988337182294e-01	  -3.4743554385017944e-02	   1.4325140944170006e-01	   1.2192297077625648e-01	   2.2713587869202054e-02	   1.7511108687962802e-02	
  -1.1037200667595644e-01	  -2.5152309614131035e-01	   7.7707952264020441e-01	   0.0000000000000000e+00	   3.5401700081286197e-01	   3.5104753494538299e-01	   3.5262386029613391e-01	   4.5026651216376812e-01	   1.6568699404046797e-01	  -7.5910081016894532e-02	  -3.0103040121489544e-01	  -2.3414957217787133e-01	  -4.0750403606566614e-02	   4.3327500447532952e-01	  -1.5817257854979148e-02	   2.3444969182573466e-02	  -1.8565675048908600e-02	  -5.7940342128389846e-02	   4.5173500937059193e-02	   1.8157231186766881e-01	   2.0512689379842375e-01	   1.2174409513927431e-01	   2.7224221913719204e-01	   5.2504197755577564e-01	   2.5172181501770113e-01	   2.7099891025344608e-01	  -1.2063035603048577e-01	  -1.7171672905367869e-01	   3.4287136354175274e-01	   3.6899956985506577e-01	   6.2154611103453528e-01	   6.8971275243051988e-01	   5.1768684346395699e-01	   5.0189264878601003e-01	   3.7114375137906991e-01	   2.2573141508093419e-01	  -4.8848426625960353e-02	   1.3966068074627044e-02	  -5.3454196996559566e-02	  -1.5375795873719358e-01	  -7.8431649094010583e-02	  -3.4927269018987579e-02	   2.0366833001502643e-01	   1.3901175290372678e-01	   3.4634228203481299e-01	   3.0295942402740905e-01	   8.8147587217877646e-02	   1.4383154571047758e-03	   7.8008497402031668e-02	  -2.6403560009407390e-01	  -7.6873494027310599e-02	  -2.3132644241928638e-01	  -1.8811887092075780e-01	  -5.8064422906926323e-02	  -1.4466432497035117e-01	  -1.1296378425452708e-01	   3.6995257810805149e-02	  -2.4166722234459970e-01	  -5.2049028035678388e-02	  -2.8098286131998862e-01	   1.6315771605685142e-01	   2.6593614665864945e-01	   4.0947205248297791e-01	   3.8136303176780550e-01	   2.8218828363972442e-01	   2.0707680361972777e-01	   3.9364016645607947e-01	   3.7338147462785448e-01	  -2.1953260554246770e-01	  -2.2562254143515867e-01	   2.3554261465982329e-01	   2.0875095179315339e-01	   1.2917775175583660e-01	   1.0757017646159031e-01	   7.9789666244316659e-02	   1.0365535559623390e-01	  -3.4202687655954578e-02	   2.6750887516765104e-02	   2.5758184556643271e-01	   7.1909605500501322e-02	   2.4857146424560356e-02	   2.3849987329471173e-01	   4.6719650594644904e-02	   6.0566761252806224e-02	   3.2548325653589519e-02	   4.8287439807239774e-01	  -1.0757326370845410e-01	  -1.3430868701019089e-02	   6.0666892923285885e-02	   1.1678550099718573e-02	   1.2546872963523492e-01	   1.1849995679307583e-01	   2.7980614119981639e-01	   7.9034467390555072e-02	  -4.9573645993367410e-01	  -4.5941098774985734e-01	  -3.5549457617984787e-01	  -3.1540596974042218e-01	  -1.9687746755838564e-02	   1.3343206830037521e-02	   1.7681460836550841e-01	   6.6786830826467136e-02	   9.4465074140075378e-02	   1.9268093535931996e-01	  -1.2325186307661627e-01	  -1.5249887297083059e-01	   4.6338598592168866e-03	  -1.6617252789366485e-01	  -2.4635920069869266e-01	  -2.5331928737639842e-01	  -3.1319002405636037e-01	  -1.3200212211379078e-01	  -7.0243986064719502e-02	  -1.8992655711898444e-02	  -1.8278180466591454e-01	   1.6433791594490096e-02	
   8.4490985340873168e-02	   6.6992336318667675e-02	   5.8950335321503422e-01	   3.5401700081286197e-01	   0.0000000000000000e+00	   6.5387039588621143e-01	   4.9916276831984263e-01	   3.3685598860190025e-01	   8.1924157899593797e-01	   4.0329789503772923e-01	   4.0985322070345803e-01	   1.5422655423402071e-01	   4.8225331315201736e-01	   2.8066395989781312e-01	   6.1400243410847422e-01	   4.2394865068469745e-01	   1.2735083069043968e-01	   1.9010615453667162e-01	   3.4973069490039815e-01	   3.4198214835436547e-01	   4.6511715243318991e-01	   3.6353711239792863e-01	   5.0581912800576090e-01	   3.9537079539323799e-01	   7.2854954006600181e-01	   4.0985557237707293e-01	   3.9917528164294858e-01	   2.6664134412214302e-01	   3.3341571059347697e-01	   3.8285067694658970e-01	   5.1072266430319968e-01	   4.1027492568474538e-01	   4.1465626055456922e-01	   3.1993292841081677e-01	   4.4311738419479096e-01	   3.2451053834233079e-01	   1.6512619141769125e-01	   1.5559684878364161e-01	   8.8134168002536789e-02	   1.6131331871334492e-01	   1.9876286863064219e-01	  -1.1814421324826093e-03	   3.7523504256457130e-01	   2.5956584317394127e-01	   5.1079598514140034e-01	   3.9182245173360469e-01	   3.6863938545857239e-01	   3.2774309687167447e-01	   5.8410107439085113e-01	   3.1268422592773215e-01	   4.7487618867871784e-01	   2.6631344762944498e-01	   2.6572753872251925e-01	   3.3424885113988767e-01	   4.0854801099053539e-01	   3.2437784099591133e-01	   2.2241069259723568e-02	   1.3103235466061594e-01	   5.1452623994517765e-01	   2.3483614434092331e-01	   4.7864734656196284e-01	   3.9821707177526100e-01	   2.0439167540503611e-01	   3.2686649045306598e-01	   4.3810306116798192e-01	   2.2618541618161744e-01	   5.0423724817523619e-01	   2.9807585195105124e-01	   1.5566871414445377e-01	   5.1345418804495373e-03	   5.0021752605416259e-01	   3.6870159809835379e-01	   3.4946429631678610e-01	   3.8193078234967914e-01	   4.5341013459019747e-01	   5.0299258762197208e-01	   3.6263517159121561e-01	   2.3159731223360203e-01	   3.0153247869555905e-01	   2.5808805966044512e-01	   2.4228253921195797e-01	   3.2869700205438557e-01	   4.3515292841698722e-01	   3.3250186860890080e-01	   4.7491740720276998e-01	   3.9858361687327937e-01	   2.2480274829906077e-01	   1.5387299135317481e-01	   4.8632671923981774e-01	   5.6083585516194223e-01	   4.7594124646991198e-01	   6.2209946860866427e-01	   3.3456084296957950e-01	   5.1944616724064729e-01	   1.0791423857095525e-01	  -9.7329962653170052e-03	   1.8875519380389194e-01	   9.6169863405712624e-02	   3.8157533812465783e-01	   3.8336374869451928e-01	   1.8283910501247003e-01	   4.7734786022219483e-01	   2.5364515070562821e-01	   3.3548992820741103e-01	   8.8816852438760308e-02	   2.1184276229375043e-01	   1.4825243942028823e-01	  -4.6422819780922817e-02	   1.1876791078406901e-01	   1.3263602987040057e-01	  -1.9861681464212553e-02	   5.0972895775080088e-02	   4.1439046322920958e-01	   2.6933732254202730e-01	   2.0299966459297958e-01	  -1.0921899303142596e-01	
   1.2409690930941805e-01	   9.1578467438310024e-02	   3.9889437819446183e-01	   3.5104753494538299e-01	   6.5387039588621143e-01	   0.0000000000000000e+00	   4.9106792492050283e-01	   5.0145679972057799e-01	   4.1456969232231344e-01	   6.4382682602046404e-01	   3.4774556196037959e-01	  -1.0048196606005951e-02	   3.4830325723769312e-01	   9.0951084186361775e-02	   4.5373419492024969e-01	   4.7466229357648332e-01	   3.0384655346634010e-01	   2.4766124303041520e-01	   2.9944197881216811e-01	   3.2529441286810024e-01	   5.0731662003292977e-01	   4.2087814252821504e-01	   2.0595646575902599e-01	   2.8455138235697519e-01	   4.5095457496186331e-01	   3.4776667409042089e-01	   3.2872874723501888e-01	   2.2599234072929780e-01	   3.6179342647153312e-01	   4.9697727762095256e-01	   4.0731345440962907e-01	   3.7364659627334440e-01	   4.4368746274019705e-01	   4.7437546382411733e-01	   4.1227529550724851e-01	   4.1506353672911589e-01	   3.0630777699978984e-01	   2.5204914519836930e-01	   1.1603661804844914e-01	   1.1693923112557400e-01	   2.8399005551512296e-01	   5.3217138167017758e-02	   5.0139776762673560e-01	   4.0430795082491483e-01	   5.9685440791288613e-01	   5.4731827062206628e-01	   5.1623512307294672e-01	   4.9660166478863621e-01	   4.0373289093838793e-01	   2.0680567265233510e-01	   3.5190001612777588e-01	   1.4960705861415438e-01	   1.5358547377527640e-01	   8.7799351304131079e-02	   3.9683149447271227e-01	   2.5215083434893926e-01	   8.3163062865790394e-02	   1.2577850262570794e-01	   4.5819596773701543e-01	   2.6276030561936187e-01	   5.3129201867835552e-01	   6.3743982293470891e-01	   4.6857064465445469e-01	   4.3488099608222480e-01	   4.6195201325460888e-01	   4.0862823854156660e-01	   6.2119474750257442e-01	   5.4426126818642995e-01	  -3.2231721357016572e-03	   4.0984329980326573e-03	   5.8258135950408241e-01	   4.7180729325590864e-01	   3.5837393300799980e-01	   4.5978385640253622e-01	   3.4679480274423824e-01	   4.7260620159475725e-01	   3.7523531176138847e-01	   2.8316274292735188e-01	   3.9610832965579190e-01	   3.4698163115670866e-01	   3.6191796351022010e-01	   3.1204210503001617e-01	   4.9776923210938412e-01	   5.0175687319365014e-01	   4.1123147887255207e-01	   2.8617085571573897e-01	   2.0333208884026224e-01	   6.4423944922722701e-02	   4.2162624057412346e-01	   3.2982038733987662e-01	   5.6661436776176277e-01	   5.6800971279162182e-01	   4.2421203694849724e-01	   4.8818636929932574e-01	   1.6783801562035430e-01	   2.2220821109092026e-01	   2.8765323110858276e-01	   1.7403129246585414e-01	   5.0701733785234993e-01	   5.1946604563681020e-01	   4.9676400204493665e-01	   5.2543939986581678e-01	   5.2759407774556433e-01	   5.0386311715555188e-01	   2.6116176445314465e-01	   2.6254472324717781e-01	   4.5925372479924181e-01	   1.5977373798574301e-01	   2.1106330082703662e-01	   2.8299705602625819e-01	   1.6232541804748130e-01	   2.6987883950716712e-01	   4.4044561313706565e-01	   3.0962298906191155e-01	   9.6502215872954655e-02	  -1.4031106487019979e-01	
  -1.7039789675189115e-01	  -3.3005511737810123e-01	   5.5690089666582787e-01	   3.5262386029613391e-01	   4.9916276831984263e-01	   4.9106792492050283e-01	   0.0000000000000000e+00	   8.1139371357958412e-01	   5.3952575136345071e-01	   5.2487062712817845e-01	   3.2662522107443970e-01	  -2.3257214451005627e-02	   6.1833440794974326e-01	   1.1049296266238194e-01	   5.8748782746993822e-01	   2.6182530502748896e-01	  -1.5915613304843490e-01	  -2.6329486357302795e-01	   7.9885790432011744e-02	  -7.7804146169311306e-02	   1.8761323281355646e-01	  -8.2631025074083354e-03	   4.7382698626724074e-01	   3.5773635215329508e-01	   2.9327350949525566e-01	   1.4233518472126688e-01	   2.1757169881947894e-01	   2.6064571035058812e-02	   1.4627399865703081e-01	   1.2924660600281757e-01	   4.2953690429564495e-01	   3.4118034196792146e-01	   1.8590722165369769e-01	   1.4046192370730026e-01	   2.9034317310575836e-01	   2.0668625610032179e-01	   1.4095225351494347e-02	  -8.3568019895481432e-02	   1.4822962735093656e-01	  -3.7891688712832619e-02	  -9.8503083789161977e-02	  -3.4623912948086372e-01	   1.8093422792034319e-01	  -4.4067494721480444e-02	   1.7599527149181129e-01	   1.9333847083230653e-02	   1.8061361929173850e-01	   2.9936802888222154e-02	   9.2009177460460292e-02	  -1.7411930437942827e-01	   5.2001424219685774e-02	  -1.6626941766617398e-01	  -4.6287190806689762e-02	  -3.4435711436412268e-02	   2.8958879774532770e-01	  -7.0102420501009524e-02	  -3.1151040756703074e-01	  -3.4804333696177181e-01	   5.5015532575177306e-01	   9.3583319158804121e-02	   6.8534206577881518e-01	   5.9832806979184694e-01	  -3.8184182207254384e-02	   4.5414197667275773e-02	   5.8206871118234982e-01	   3.8155929004500744e-01	   3.2718016820114237e-01	   1.5747216189172306e-01	  -3.1892565986932986e-01	  -4.1142677698673280e-01	   5.6489277579847030e-01	   4.9178459421498272e-01	   9.5189174014420730e-02	   1.2584267492423717e-01	   2.7795458241849325e-01	   2.3181261048256729e-01	   1.4772331534548050e-01	  -8.2972922447074812e-03	   1.0882696965829604e-01	  -1.5818374216484282e-01	  -2.1234921655473737e-01	  -1.6292951062933986e-01	  -2.1863909003134244e-02	  -1.2467765376858718e-01	   1.0129830275735859e-01	  -6.2198942018202932e-02	   1.3601427595922172e-01	  -9.4185528893237558e-02	   3.8658750012695775e-01	  -1.8342643334221989e-02	   3.5907612889760387e-01	   5.9441784653820717e-01	   3.4198240496596011e-01	   4.2358186324142288e-01	  -2.1494574339005462e-01	  -1.6370045741221650e-01	  -1.2539169407446518e-01	  -2.0420556868023904e-01	   1.4863129743808340e-01	   5.7058517448449211e-02	   9.2172040282820805e-02	   3.7058193948370177e-01	  -4.0775362232073800e-02	   8.6406777712966482e-02	  -5.7951983004359775e-02	   2.3483095671022086e-01	  -1.6670061666188124e-01	  -1.1723414978639655e-01	  -9.0537045046230301e-03	  -1.1354434914438620e-01	  -2.0004402216611208e-01	  -3.0265268507518195e-01	   1.4840808699420022e-01	  -1.3296675695559840e-01	   1.9569172983794539e-01	  -2.2021487571220266e-01	
  -1.4527374187553388e-01	  -2.7957886632555162e-01	   5.3000246576614529e-01	   4.5026651216376812e-01	   3.3685598860190025e-01	   5.0145679972057799e-01	   8.1139371357958412e-01	   0.0000000000000000e+00	   4.1285600327438765e-01	   6.1992778032602669e-01	   4.7425746179183478e-02	  -8.3011651238738729e-02	   3.0974418482378580e-01	   3.7633896429120017e-01	   2.7287449840448419e-01	   2.5414647915434962e-01	  -1.2665629067757009e-01	  -2.1488523815084720e-01	  -2.2984970507552625e-02	  -8.3061166393713748e-02	   1.5376233029316833e-01	   6.9142690818576408e-02	   5.0597256585605155e-01	   6.1622495049669301e-01	   2.8324445007789562e-01	   3.9123534503787638e-01	   2.9090305034899677e-01	   1.2983013480455047e-01	  -6.9631130018694046e-02	   1.5837375202344961e-02	   4.1972028165510444e-01	   5.0754200321669229e-01	   1.7040471689936676e-01	   2.1624221403607977e-01	   4.2689759082762263e-01	   4.0048026861688252e-01	   2.1017636905469056e-01	   8.7638040329077543e-02	   3.1693498190422364e-01	  -1.7432746304381214e-02	   3.7450719326014507e-02	  -2.2605382097861573e-01	   1.3241641075378058e-01	  -6.6298409035603217e-02	   1.9635829847736649e-01	   7.8172248937346450e-02	   1.3879375682524286e-01	   2.2874994583100841e-02	   5.4676123933150786e-02	  -1.7923580158146324e-01	   1.2804583537494557e-01	  -1.6661829245147330e-01	   2.3023391714057279e-02	   3.5707863415478172e-02	   3.5499453970855094e-01	  -1.7454728037581276e-03	  -2.3938489097599591e-01	  -4.1411564852306759e-01	   3.4516365800896864e-01	  -9.5954239668607166e-02	   4.5212957728024439e-01	   4.5670683270226020e-01	   3.7045888655740072e-02	  -6.4270086023152460e-03	   6.7724480413715715e-01	   5.9198368478612062e-01	   3.1174463324103902e-01	   2.4341274064823240e-01	  -2.2746423127088350e-01	  -3.8427120635112771e-01	   5.0347456459920592e-01	   5.2948699676283684e-01	  -1.6927777522333671e-02	   3.7125480930921176e-02	   1.2641912692899632e-01	   1.2442145563308299e-01	   4.9713833240117349e-02	   2.2946415301628525e-02	   2.8207235689880761e-02	  -1.5671888882297108e-01	  -2.4649871733753070e-01	  -1.1742557535223240e-01	  -1.1460749495020654e-01	   2.0290195426206380e-02	   3.2414993404233247e-02	   9.7041013916258606e-02	   1.9230309733482615e-01	   8.8428421412715841e-02	   3.4161048143677852e-01	  -1.2018076851935088e-01	   4.0171428655206753e-01	   4.8390645412911842e-01	   5.6920296714327856e-01	   2.7372694873972331e-01	  -1.8905288513675533e-01	  -1.9541106852961226e-01	  -1.1137517081655843e-01	  -2.5631621246274949e-01	   8.6868303582058354e-02	   7.7133304015545967e-02	   1.4160847817022004e-01	   1.4495156521068023e-01	  -5.9518584159981514e-02	   6.9355231484809904e-02	   1.4287431216965144e-01	   3.0951964205692178e-01	  -1.4380447422105019e-01	   1.1165323444799272e-01	  -8.8562518996395306e-02	  -1.4557186651624737e-01	  -1.9908762862091964e-01	  -3.2412889191298261e-01	   1.0220722339166818e-01	  -1.4169740324313027e-01	   2.9584230495224323e-01	  -2.3266017832760144e-01	
   1.0761552463810807e-01	   7.3330441707402508e-02	   5.1762697550983949e-01	   1.6568699404046797e-01	   8.1924157899593797e-01	   4.1456969232231344e-01	   5.3952575136345071e-01	   4.1285600327438765e-01	   0.0000000000000000e+00	   4.4391244360914744e-01	   4.1698791807911362e-01	   2.8834685968038110e-01	   5.6076689967848981e-01	   2.8974320679789167e-01	   6.7830572997104754e-01	   4.5429589706943396e-01	   4.0129101936405592e-02	   9.3814615184682648e-02	   2.1959134785848178e-01	   1.9894668811042843e-01	   3.1197697296137233e-01	   2.1217290275439332e-01	   5.8720405453077884e-01	   4.2346269666367009e-01	   6.2233674295628916e-01	   4.2373354435712296e-01	   4.7834095781401142e-01	   3.4086729457771581e-01	   1.5082700334109803e-01	   1.5655403736160506e-01	   3.7021247764241427e-01	   3.1210109137904030e-01	   2.6269543668762535e-01	   2.0510721131741444e-01	   3.2905210652490735e-01	   2.6026072117310883e-01	   1.0966957773128050e-01	   8.5744107322435023e-02	   1.3557691452666709e-01	   1.3835169761006022e-01	   6.9746687884389660e-02	  -1.3911960435733514e-01	   2.3032760613342884e-01	   9.1888106079033832e-02	   2.9510516664712827e-01	   1.9893557895226577e-01	   2.4949581526935877e-01	   2.0395623786808773e-01	   4.5755950352089658e-01	   2.6657695776702395e-01	   4.2477682978587361e-01	   2.3116660623639529e-01	   2.6516064330105960e-01	   3.1492934167329967e-01	   4.7361987673161071e-01	   2.8955393204690599e-01	  -5.6366218891795179e-03	   7.8267317563579741e-02	   5.8459153511804973e-01	   2.6605242056952605e-01	   4.6401519486893955e-01	   2.9164797231029327e-01	  -2.3114396409355066e-02	   9.8352950729861360e-02	   4.4481204661304635e-01	   3.0468761274226164e-01	   3.6546617316895619e-01	   1.5925730877146821e-01	   1.2060810797235597e-01	  -1.1495423975840559e-01	   3.8635754767992386e-01	   3.5808563723328490e-01	   1.6261317890654983e-01	   2.5070104695363449e-01	   3.0920362390991363e-01	   3.4731865115030530e-01	   2.3343967723021741e-01	   1.0582957222345926e-01	   1.5884607284635180e-01	   1.2619487830338494e-01	   1.4526851104517548e-02	   1.2166985189501972e-01	   2.3710791898797068e-01	   1.8041024333904063e-01	   2.7809456537213362e-01	   1.6738767813642083e-01	   2.1135650901307557e-01	   1.6310328369033272e-01	   4.8078016496208392e-01	   3.7947650542378153e-01	   4.0852877352290057e-01	   6.1840534845914485e-01	   3.5791137495979519e-01	   4.7325559907042314e-01	   9.3168046627587153e-02	   1.4071164895925529e-02	   1.9863578309318841e-01	   9.8744289246067971e-02	   3.2645065767354903e-01	   2.8667758953585354e-01	   1.0573169216588346e-01	   2.9503053180951500e-01	   8.7677726139665582e-02	   1.5602037282763298e-01	   4.5188627107012685e-02	   2.1618980770501045e-01	   7.8688432394308436e-03	  -2.1246631144716581e-02	   1.1715924692670995e-01	   1.2362647744991920e-02	  -7.2830840032916899e-02	  -1.1087581796025425e-01	   3.1582971291459605e-01	   8.1962432763031459e-02	   2.0856653258724112e-01	  -1.3489710738390831e-01	
   6.3693720870292930e-02	   9.5321592156575694e-02	   3.8047393726389087e-02	  -7.5910081016894532e-02	   4.0329789503772923e-01	   6.4382682602046404e-01	   5.2487062712817845e-01	   6.1992778032602669e-01	   4.4391244360914744e-01	   0.0000000000000000e+00	   3.5650303054982169e-01	   1.2357655741184723e-02	   3.9529748969450418e-01	  -3.3836178281532708e-02	   4.6869020281487545e-01	   5.7137754376967043e-01	   1.1797166806526377e-01	   1.1420071722384385e-02	   1.2549145053223484e-01	   6.3450130935133964e-02	   7.1719148075682165e-02	   3.8738841703363919e-02	   1.8659784454887535e-01	   2.7540807448203680e-01	   1.4875510791124105e-01	   1.7235972936313804e-01	   3.7940897981462229e-01	   2.4341396033366902e-01	  -9.0488769064619584e-02	  -2.1698979277924330e-02	  -4.4367587654015016e-02	  -2.8234471947037564e-02	  -5.5625078133900462e-02	  -1.8552969977392352e-04	   9.7414001257107558e-02	   1.7356545046512289e-01	   2.2176363613897418e-01	   5.9641514987183619e-02	   1.5033116722791237e-01	   5.9041166946508010e-02	   4.6830708523296280e-02	  -2.4583654998976001e-01	   1.8334062726748840e-01	   5.4694494271019453e-02	   1.3561624109511727e-01	   3.7637769092781673e-02	   2.8270582230619135e-01	   2.2177595690551916e-01	   9.1434207644413651e-02	  -1.2634284573264678e-02	   2.2563161842143692e-01	  -9.0514427291409610e-03	   2.8275112476964209e-01	   9.5666602294400452e-02	   4.8090304786760990e-01	   8.6545392543675451e-02	  -1.0693886173310579e-01	   6.6268584711342629e-02	   5.5341595559736101e-01	   2.5365789347528400e-01	   5.7015787021883635e-01	   5.4378939375664959e-01	   3.4169368268427945e-02	  -8.1518655115204258e-02	   3.9516473511074696e-01	   4.5414996413986880e-01	   1.8883620393886288e-01	   1.0635064149278142e-01	   5.7244919576314987e-02	  -1.1167237555651077e-01	   4.1083606159242703e-01	   4.1820397511304452e-01	   6.6454213854675120e-02	   1.5214311916659107e-01	   1.7049156199092155e-01	   2.3166176944623640e-01	   1.4070824142748750e-01	   2.9590389356786751e-02	   1.0399607961162934e-01	   7.4503498239538501e-02	   1.0747226176504655e-02	  -1.0318202156183612e-01	   6.4723417180678339e-02	   1.3346880094226801e-01	   8.1212396153648073e-02	  -1.3612578869602970e-01	   3.9660511349360855e-02	  -9.7877049566074015e-02	   4.4635842631300343e-01	   1.4931540904475554e-01	   5.4917188634774072e-01	   5.8818013682893833e-01	   5.2883767418507344e-01	   4.8401798246787353e-01	   2.0659093350910090e-01	   2.2780159186738577e-01	   3.2225064697278150e-01	   9.4953478996766552e-02	   3.1853757779012692e-01	   2.7954336408944208e-01	   2.5488408932038931e-01	   4.0884782702169320e-01	   1.9462145169425782e-01	   1.8642003818051617e-01	   2.9833375095684683e-01	   3.7588577565631026e-01	   2.4073558719901361e-01	   3.4624995366982886e-01	   1.4615797059960600e-01	   1.6425617807753101e-01	   7.5296085020326392e-02	   1.9806396054997261e-02	   3.3489637001830874e-01	   1.2649958849146454e-02	   1.5393395356625875e-01	  -1.8211852951937454e-01	
   3.8187542113587969e-01	   3.4121322413700877e-01	   5.5080723477075562e-04	  -3.0103040121489544e-01	   4.0985322070345803e-01	   3.4774556196037959e-01	   3.2662522107443970e-01	   4.7425746179183478e-02	   4.1698791807911362e-01	   3.5650303054982169e-01	   0.0000000000000000e+00	   2.9340106393197968e-01	   7.5768965633115903e-01	  -5.7192405945985944e-02	   6.7587181160640220e-01	   2.3575239904352893e-01	   5.0910212534123833e-01	   3.4826158371846222e-01	   4.6629370908261158e-01	   2.5759263301910973e-01	   5.5879225646108838e-02	  -1.0960521884617422e-01	   8.1030167997112393e-02	  -2.1611417341521605e-01	   2.1464131093218669e-01	  -3.0195247317676900e-02	   3.4357721980506772e-01	   2.2989068969368032e-01	   1.7137004085617927e-01	   1.2770772396506644e-01	  -1.1952708400111746e-01	  -2.4764180644800504e-01	  -3.8274935700783747e-02	  -1.5563281009694636e-02	  -1.6545903485356547e-02	   8.9217542450444248e-02	   1.6684120412239600e-02	  -4.0634113025266705e-02	   5.3388535792026848e-02	   1.8601056463752097e-01	   8.7864424359321916e-02	  -2.8767597110423804e-01	   2.1579991719544728e-01	   1.4926331399467435e-01	   1.3191874947504523e-01	   8.8580143770538897e-02	   2.7061259469103799e-01	   3.0230970064566559e-01	   3.6850118688687550e-01	   4.1647476113714299e-01	   4.2178511710614397e-01	   3.7080061150789234e-01	   3.1733993572917651e-01	   2.7964449027595256e-01	   5.1623803540930024e-01	   3.0143366862999943e-01	   2.1832435565145902e-01	   4.1803625021065838e-01	   6.1360630927482895e-01	   6.4932932601796578e-01	   4.5046689427102488e-01	   3.2042661931377731e-01	   4.4401700359608109e-02	   1.7697479437725497e-01	   1.1369352604964864e-01	   7.8680302150441861e-02	   1.9404897356569203e-01	   8.1145387148870221e-02	   2.6532458905873435e-01	   1.4893931006648609e-01	   2.1744087487402169e-01	   1.1920520678731941e-01	   3.5118363305232070e-01	   3.8064810383035702e-01	   5.2162939840588418e-01	   4.8946652828112025e-01	   4.4106665117196553e-01	   1.9231542877646579e-01	   4.1746119041871355e-01	   3.6552434841577641e-01	   4.2562191917378350e-01	   2.4059226899219993e-01	   4.8799027228139891e-01	   2.2183917062664496e-01	   4.0955218064097371e-01	  -5.3284729666193929e-02	   3.4299512001115279e-01	   1.0937279526626337e-01	   5.0407348143342690e-01	   4.1487917675296171e-01	   4.1478053851205393e-01	   4.8205390071547100e-01	   7.2351781440540164e-02	   4.3734291557366672e-01	   1.9486867934978042e-01	   3.2057094247024259e-01	   3.8116090769873157e-01	   3.6496375178047358e-01	   5.7347926909253788e-01	   4.1949784884976316e-01	   3.2016320739536519e-01	   5.6195057511512692e-01	   4.7883803612720266e-01	   3.9704526975241983e-01	   2.1514307959343337e-01	   3.1653089293830083e-01	   2.8441856244428970e-01	   2.2373086958604418e-01	   1.8298297861573176e-01	   1.4675540706579568e-01	   2.8922301023351998e-01	   3.3435162784511729e-01	   6.4048071165077336e-01	   2.7418070231160346e-01	   1.0021478602098821e-01	  -9.2241422503173826e-02	
   1.5968448159566179e-01	   2.1975601628038577e-01	  -1.0233933460302225e-01	  -2.3414957217787133e-01	   1.5422655423402071e-01	  -1.0048196606005951e-02	  -2.3257214451005627e-02	  -8.3011651238738729e-02	   2.8834685968038110e-01	   1.2357655741184723e-02	   2.9340106393197968e-01	   0.0000000000000000e+00	   1.8460925699276198e-01	   3.5694703635411229e-01	   4.3448893901554042e-01	   6.0534530339609638e-01	   1.1735697491661570e-01	   2.7228484878772208e-01	   1.0385076661905913e-01	   2.4684005937938541e-01	   1.4683733703408258e-01	   1.0917201759458989e-01	   8.2986508333940778e-02	  -5.5025370400948112e-02	   2.1788281031348250e-01	   6.2437848875694299e-02	   8.1966404818083732e-02	   6.0993848789892502e-02	   2.9788926901353036e-01	   2.7673996803515516e-01	  -1.3405319431085820e-02	  -4.3398744116380256e-02	   1.3181381717169205e-01	   2.0547919813745777e-01	  -8.4157716775958610e-02	   6.5152162820306225e-02	   1.7278157052894666e-01	   1.4412564930689969e-01	   2.0790330994885300e-01	   2.8277368615595794e-01	   1.0855077771119920e-01	   7.9146985675395118e-02	  -1.7970327764109384e-01	  -1.0183107773886155e-01	  -4.0334321489028019e-02	  -1.3028506448441394e-02	  -4.4697485394370337e-02	   8.2672413801237910e-02	   3.3867257236963333e-01	   5.0272863425775405e-01	   4.2911881962953696e-01	   6.1475347093223043e-01	   5.0433944612747927e-01	   4.7709016493782530e-01	   4.2133971956998589e-01	   4.4313716302851747e-01	   1.3450758974721605e-01	   1.9079950474426000e-01	   2.4259748467519604e-01	   4.7875650659930230e-01	   1.0179109427091279e-01	   6.2444765049860497e-02	   9.9864407743483499e-02	   2.7371200924317751e-01	  -1.4927950157457237e-01	  -2.3544132589149519e-01	   2.7406483861767694e-02	   7.9157979974243467e-03	   3.5766629745738387e-01	   3.5449282953418232e-01	   1.2708682776187855e-01	   1.4401999493894219e-01	   3.8909412073259037e-01	   4.7473833257297482e-01	   3.1393441991343801e-01	   3.6533765901797105e-01	   2.7441325674739514e-01	   3.2211093138012870e-01	  -7.2891913882478038e-02	   4.1182257515516213e-02	   1.1845558604345753e-02	   2.7125894933893842e-02	   1.2969649837426622e-01	   5.9282319074569406e-02	  -3.2454733422215429e-02	   7.1295506751541449e-02	   1.3519305454778169e-01	   9.4295530771239644e-02	   1.1494024146054152e-01	   4.6334398756824646e-01	   1.2464556124285893e-01	   1.3132077720513582e-01	  -1.5890973145476417e-01	  -2.6360642712093013e-02	   3.1189576793737145e-01	   1.6245293890548679e-01	   2.4401297725421200e-01	   2.9054065636997362e-01	   2.5700057089840161e-01	   2.2990082020735486e-01	   1.9674126948823428e-01	   4.5696777054899822e-02	   1.6322873554691397e-01	  -5.9774825142683730e-02	  -1.2663883980595200e-01	  -1.1826029747494912e-01	  -3.0709172597727249e-02	  -7.4031312465304505e-02	   8.6222197019909394e-02	   9.9032631348360739e-02	   1.8081407059010968e-01	   3.8989451212082131e-02	   1.5785155904980946e-01	   1.6865102869823995e-01	   1.7439995521498752e-01	  -6.4276554094099519e-02	
   1.7878342346681203e-01	   1.8701528911163487e-01	   2.8432392575303472e-01	  -4.0750403606566614e-02	   4.8225331315201736e-01	   3.4830325723769312e-01	   6.1833440794974326e-01	   3.0974418482378580e-01	   5.6076689967848981e-01	   3.9529748969450418e-01	   7.5768965633115903e-01	   1.8460925699276198e-01	   0.0000000000000000e+00	   1.5325344393533161e-01	   7.9043506464803115e-01	   2.9202730377708197e-01	   2.3101442406626232e-01	   1.4367830947167456e-01	   3.0115277963399478e-01	   1.6918781763010232e-01	   2.1685527496987500e-01	  -1.6448658921379727e-02	   3.7600656405467714e-01	   1.0761938472115462e-01	   3.2965904608821395e-01	   6.2814632423663683e-02	   4.0681611710340393e-01	   2.2564773310826425e-01	   1.2604587981307294e-01	   9.4969786085344371e-02	   1.5983932110007135e-01	   2.3799565550709903e-02	   1.2392250840133989e-01	   6.5427372278649518e-02	   9.3689159341332456e-02	   1.1370674145474013e-01	   7.5482716643908626e-02	   1.7615129029616622e-02	   1.0733903186166402e-01	   1.9528426405821431e-01	   1.3074165634176446e-01	  -2.3093502291176127e-01	   1.8011763185015839e-01	   3.6792559794785157e-02	   9.4927795815780008e-02	   1.6090398423429915e-02	   2.0294672848870920e-01	   1.5746872021126163e-01	   2.3130681459847668e-01	   2.1208881373039590e-01	   4.1120612104474868e-01	   2.7229817378765375e-01	   3.3645590209468412e-01	   3.4723975514911054e-01	   5.4148728244212763e-01	   2.7723410010619809e-01	   3.4820467726336318e-02	   1.9913269864144456e-01	   4.6418065956817967e-01	   3.5512257364399119e-01	   4.2340904419317127e-01	   3.3795847209709495e-01	  -5.4233891627075911e-03	   1.2594104955343097e-01	   3.1829356637545420e-01	   2.2487921927381124e-01	   1.5404708443628834e-01	   3.7499002826914575e-02	   1.2971079570547489e-01	   7.8624837266172247e-03	   2.8661370177963691e-01	   2.0361130013939449e-01	   1.7912260805266078e-01	   2.2995395936755492e-01	   3.9509530130217280e-01	   3.1887599468853256e-01	   2.7884249768519564e-01	   6.9933040069359173e-02	   3.7883716598134326e-01	   2.7247559841026736e-01	   2.3769589602741159e-01	   2.1268645109223849e-01	   3.3315943316621699e-01	   1.2605851562984338e-01	   4.4215648416101583e-01	   6.3670706490541198e-02	   3.5334721159601801e-01	   7.7042931773438447e-02	   5.5792068012430229e-01	   3.2437492235151488e-01	   4.7122637033924220e-01	   6.6659922675496075e-01	   2.5130191333658541e-01	   5.8932940248280974e-01	   4.7550991425113721e-03	   1.3538783052504022e-01	   2.1165976847881401e-01	   1.1924044172408164e-01	   4.7213804035018303e-01	   2.9131908653077287e-01	   2.4113441964493340e-01	   5.2355152078249878e-01	   2.5969629225391999e-01	   2.0781071144549212e-01	   4.7083113436315223e-02	   2.7631128883902106e-01	   9.9544364232134308e-02	   5.8600110863226813e-02	   8.0895644386420856e-02	  -2.0139631885897853e-02	   4.1397756481661219e-02	   4.9769007510434282e-02	   4.7123260250459120e-01	   3.8850350485150509e-02	   1.6958709970662539e-01	  -2.2075004193625386e-01	
