   0.0000000000000000e+00	   8.7777470065936924e-01	  -3.9729165778522840e-02	   4.4726232909034130e-01	   1.3947191942690892e-01	   2.2090300568661789e-01	   2.8669365473213121e-01	   4.2272765109358873e-01	   3.0291114600883251e-01	   2.8575997041862805e-01	   5.6413701530310079e-01	   5.5093435389625278e-01	   2.8101872005304762e-01	   3.5068489459596563e-01	   2.1021392864798649e-01	   3.2909754690887361e-01	   6.3604565441986194e-01	   5.6934493317868573e-01	   6.3750674567633692e-01	   7.5358476184808221e-01	  -2.8987182069704177e-02	   1.1391934821189094e-01	  -1.1733816486355518e-01	  -6.7456543021686324e-03	  -2.3892957448864477e-01	  -1.1354645575340809e-01	   2.2357775640638441e-01	   3.3539296172941407e-01	   2.2956042028723669e-01	   2.6986119851623452e-01	  -2.5646768480795618e-01	  -1.7467801934902766e-01	   3.8869456566534571e-01	   3.9043623769690650e-01	  -3.7888393817025345e-01	  -3.2932985663861614e-01	   2.2426800741396726e-03	   4.8775202519008742e-02	   8.2664476674138565e-02	   9.7909540162875064e-02	   2.5559653547808092e-01	   8.6286347966362420e-02	   1.5382790464524004e-01	   1.4979734189011029e-01	   2.8067531770374771e-02	   7.4612076629644988e-02	   1.8475188035166515e-01	   2.5114042428491379e-01	   1.9649054027340945e-01	   2.4858904365541259e-01	   2.6284194353855339e-01	   2.6109667370982415e-01	   4.5862681867764576e-01	   3.3275213152043398e-01	   2.5754718546887834e-01	   3.5782854489174665e-01	   8.5615758155681632e-01	   8.3992517738472627e-01	   5.2759042223646291e-01	   4.9967690771622231e-01	   6.0536073925289768e-01	   5.3014629517956402e-01	   6.7411647174469025e-01	   6.5492221313377474e-01	  -2.3164961489606856e-01	   2.0918939697622152e-02	  -1.9681326585997275e-01	  -6.3686492233407277e-02	   7.1023488806140977e-01	   5.1858107518719387e-01	   2.2888739773923114e-01	   1.2166235978435105e-01	   2.7670194946041876e-01	   3.6430200318637451e-01	   2.6869831020489066e-01	   3.2909959344699963e-01	   4.4163520748520324e-01	   4.7896196338613528e-01	   4.6546529500267686e-01	   2.7950857988709532e-01	   5.7125829088767477e-01	   2.6310682717510064e-01	   3.0427744024782055e-01	   1.9761374996044712e-01	   7.5819272036763447e-02	   2.1188595707619595e-01	  -9.4708051675166910e-02	  -6.7647100789116925e-03	   2.6586395879133828e-01	   5.8543116201605239e-01	   2.0053382648635043e-01	   2.2156490501732101e-01	   1.2063301977955304e-01	   3.0567151119135227e-02	  -1.4195610196829878e-01	  -3.0888396219199321e-01	   1.6407918200101215e-01	   2.0872191222422556e-01	   3.4605616152375829e-01	   3.6591077409362993e-01	   5.1380817768289644e-01	   1.1808285225503276e-01	   4.3431854105850320e-01	   2.7126998669121244e-01	   8.4754826357674229e-02	  -2.3766643117171177e-01	   8.8620440591337529e-02	   1.3940467977249676e-01	  -2.6706515045565582e-01	  -1.2676238261126388e-01	   1.4096738644849656e-03	   3.3440262824157113e-01	   3.8137854331729604e-01	   3.3548746099232624e-01	  -5.9024530955577206e-02	  -2.4271845834924105e-01	
   8.7777470065936924e-01	   0.0000000000000000e+00	  -1.4786692310077626e-01	   3.8600115528456669e-01	   1.4508083433189534e-01	   2.8515631412835840e-01	   6.8323647471142043e-02	   3.3846455613536280e-01	   2.1759477570258112e-01	   2.2500953751235070e-01	   3.8494308501475333e-01	   5.1102409661489356e-01	   1.0777687144099515e-01	   3.3223691765445451e-01	   2.1226778033432270e-01	   3.4278765322208482e-01	   6.7164051044310114e-01	   6.3425571905138545e-01	   7.0702453086581873e-01	   8.6471762952519082e-01	  -1.5200270574484743e-02	   3.3082482825868259e-02	  -1.2553339032360356e-01	   1.0181165818485414e-02	  -1.5567838840854531e-01	  -2.7290327891015115e-02	   2.9478723437169885e-01	   3.3936473612122914e-01	   2.5633939449507309e-01	   3.2865823849795872e-01	  -2.6559581611156913e-01	  -1.9303391554978527e-01	   4.8405286488701071e-01	   4.7439591175820522e-01	  -3.5182310022350688e-01	  -3.7415699524478718e-01	   7.0168764803779746e-02	   1.9302878331767637e-01	   2.0528297343922941e-01	   1.8009170580120631e-01	   2.9510383088400105e-01	   1.3258935567752883e-01	   1.3553707371154125e-01	   8.4753325078503305e-02	  -3.1505242049720578e-02	   8.7627552748877069e-03	   1.5733375640264705e-01	   2.3233320165531385e-01	   1.4208508432260342e-01	   2.2678520444372890e-01	   2.7531441746029839e-01	   2.6261553447663999e-01	   5.1781803120003067e-01	   3.7931555387775717e-01	   3.4546820480862606e-01	   3.8749124951733482e-01	   8.6548346360336359e-01	   9.3303478804353290e-01	   4.4698264352254768e-01	   5.2851468354964970e-01	   3.9568746950700506e-01	   3.6089982924241026e-01	   5.7082106828227208e-01	   6.5916958483810562e-01	  -3.3063275711788376e-01	  -8.5910650213951889e-02	  -2.6358848792648232e-01	  -1.3047247914767637e-01	   8.1925955345136448e-01	   6.1678945570042087e-01	   1.3950963961689306e-01	   4.9737062022433692e-02	   4.3435226577290581e-01	   5.2186958155352414e-01	   4.3022604848922402e-01	   4.6760696289733189e-01	   3.5002862823016950e-01	   4.0174148100394425e-01	   3.6273409869323237e-01	   3.5547154359357613e-01	   6.3734820521289515e-01	   2.8788075289708220e-01	   3.1035174831007789e-01	   1.8553905915106589e-01	   7.3974717731855169e-02	   1.7806364750439552e-01	   6.2236271368353371e-03	   7.5452193067600676e-03	   3.3297265006456300e-01	   6.4140182909197174e-01	   2.7581088214020255e-01	   2.0666275641159559e-01	   1.2831802038922413e-01	   6.6796762092592263e-02	  -2.4239570871216150e-02	  -1.3409615409446832e-01	   3.0697692634124063e-01	   2.9429081232761001e-01	   4.3178908152479339e-01	   3.5839941397753194e-01	   5.9441355772449689e-01	   1.6131581680231127e-01	   5.9054988086141535e-01	   3.2925931710742479e-01	   1.4181368083278870e-01	  -2.5095590803235990e-01	   1.3158067582494709e-01	   2.0050218442720794e-01	  -1.4521279482660060e-01	   4.9848087722188433e-02	   8.4025573410768245e-02	   4.0285689890124143e-01	   4.0270590125768846e-01	   4.4286307824011256e-01	  -1.1092591126187096e-02	  -1.0349534181495511e-01	
  -3.9729165778522840e-02	  -1.4786692310077626e-01	   0.0000000000000000e+00	   3.5912631883018642e-01	   4.5538248052260821e-01	   5.3184721320821859e-02	   6.8223038901754773e-01	   1.8964252435249368e-01	   3.7959818781498067e-01	   3.4769366623387254e-02	   2.6064469674945672e-03	  -6.1432212035325614e-03	   3.3474211355397832e-01	   1.1863637650017432e-01	   4.4622334483661974e-01	   5.5539864242894491e-02	  -1.3948671635701251e-01	  -1.9779301937766552e-01	   2.3898066478482297e-01	   3.7026345349377113e-02	   5.6065378321117576e-01	   4.2623570793536014e-01	   8.1553905534454307e-01	   5.8406226304243047e-01	   5.7056715879818298e-01	   3.5941202709516207e-01	   4.7371842036126155e-01	   4.2746776928623975e-01	   8.1119267160097597e-02	  -1.5081607286783225e-01	   5.9882869096489688e-01	   4.4801180101747717e-01	   7.7729477066963648e-02	   1.3695993604396720e-01	   6.2758326677258847e-01	   4.9922328544941830e-01	   3.8866731715540215e-01	   2.4524599708646355e-01	   4.8262748050712401e-01	   3.7735603381300720e-01	   3.7648711003186175e-01	   1.7198396358417600e-01	   5.1868162086689829e-01	   5.4853116939668356e-01	   5.2425865318349862e-01	   5.3246388437070602e-01	   4.1555434015206305e-01	   4.7035150627865380e-01	   4.2701976937209396e-01	   4.6224260522835336e-01	   5.9715770604273288e-01	   5.3104230832895893e-01	   2.8935490527816521e-01	   3.4361120949890411e-01	   4.7495399084051348e-01	   5.5106456413961791e-01	  -1.1527091563852329e-01	  -1.7972696549597567e-01	   1.5360699129150552e-02	   5.7254542617487830e-02	   9.1479409441173498e-02	   3.4151842016823364e-02	  -6.3708711554165784e-02	  -2.0014822100155982e-01	   7.0654046019898620e-01	   5.0084478120568954e-01	   6.4267303639395323e-01	   4.8440261047205468e-01	  -1.6114645879941242e-01	   1.8012623034568814e-01	   4.5937296755541235e-01	   3.4841951173604419e-01	   1.3997528519231905e-01	   5.7905555605625283e-02	   1.9103873893626566e-01	   1.3338081688689205e-01	   3.3281812424746948e-01	   2.9267649109384136e-01	   2.1001253269067222e-01	   1.4471683671693100e-01	  -2.6916861556362106e-02	   4.8848448787203647e-01	   4.5816288411429806e-01	   1.3648021311548381e-01	   7.3549413866900970e-01	   6.4337037345079229e-01	   5.7067617662475745e-01	   4.8482041543161414e-01	   5.3962320374268724e-01	   4.1219322142247555e-01	   4.6330666636322632e-01	   6.1177504213287426e-01	   3.2378842477524894e-01	   6.3439585469444559e-01	   2.3188292673923039e-01	   9.5565268439152515e-02	   3.2429613127694729e-01	   4.0028198470370752e-01	   2.9156931750143877e-01	   5.1308720145515940e-01	   2.3509142622061599e-01	   5.1757390942435955e-01	   1.9065060227912861e-01	   3.8795800637152100e-01	   3.6838997665680573e-01	   5.8402484297291013e-01	   3.0419197433023687e-01	   8.6382183430171094e-02	   7.4514425366489889e-02	   3.3213189088608586e-01	   3.2097374137697665e-01	   4.5154398155547293e-01	   4.5874862366054880e-01	   3.0545413540602273e-01	   5.2099352320778869e-01	   6.6112965014971173e-02	
   4.4726232909034130e-01	   3.8600115528456669e-01	   3.5912631883018642e-01	   0.0000000000000000e+00	   2.6340896401036118e-01	   5.0553753799160295e-01	   3.6364688634079789e-01	   7.6196866852483636e-01	   2.2026738632449036e-01	   5.7557922188990152e-01	   5.3011469310293088e-02	   5.0987570868046261e-01	   6.5613929325255976e-02	   4.4056619485075188e-01	   6.7659266937124221e-02	   5.1211082957522902e-01	   4.6800293231280687e-01	   3.9996970400266785e-01	   4.6328914456170645e-01	   5.9689181855069928e-01	   3.7870927952752309e-01	   5.3349000912390010e-01	   2.2872703584990028e-01	   5.6665123856680510e-01	   3.2735031261384129e-01	   4.5733975269541460e-01	   2.8629577025322861e-01	   4.6802346525045901e-01	   3.1687848911103322e-01	   3.5101491248836236e-01	   3.0445564777130646e-01	   4.7966064327518354e-01	   4.6121452352889170e-01	   6.4758957814618845e-01	   1.1154027665017574e-01	   2.2426694545310349e-01	   1.5943063126678136e-01	   2.9847802069739982e-01	   3.5269459994338637e-01	   4.1705558489874311e-01	   2.4447150355643010e-01	   3.3213835716694612e-01	   4.5780210602553928e-01	   4.2176272443522766e-01	   4.2769476505649273e-01	   5.0536632826389460e-01	   3.2029477075658486e-01	   4.5638335467700897e-01	   4.3366281771225856e-01	   4.7544642336607179e-01	   5.0228409506383687e-01	   4.9361215780535095e-01	   4.6928633069710551e-01	   3.1540153534021848e-01	   4.7714193187859788e-01	   5.4593254887816223e-01	   4.9013731359363893e-01	   4.2185595769146889e-01	   3.8131491897233455e-01	   3.0066276272340531e-01	   3.5269301259217739e-01	   5.5111091669982915e-01	   3.0217556321699890e-01	   3.6218026900963751e-01	   1.7870029031585227e-01	   6.5239700173513304e-01	   3.9201488693197400e-01	   5.9016831879949838e-01	   3.7829608464673514e-01	   4.4184511789957970e-01	   2.8273969612083133e-01	   5.3149082821656268e-01	   3.1985170263929136e-01	   4.6205469950338457e-01	   2.4454157804775029e-01	   3.6034022326805842e-01	   3.3769816404776892e-01	   5.3475329374253566e-01	   5.5867785407557846e-01	   4.8303403703397574e-01	   5.6967016115604940e-01	   6.5215944685666982e-01	   2.5548144854613730e-01	   4.1304440732724901e-01	   2.7677931098643904e-01	   7.1297697637233670e-01	   8.2403689847042966e-02	   3.2308677286897830e-01	   4.8359797169686869e-01	   6.2384522198123893e-01	   5.6404288429270333e-01	   3.2029153626752471e-01	   5.5397981741486413e-01	   1.3272225558516546e-01	   3.1760718616571781e-01	   1.4626783833607693e-01	   4.9945965789571328e-01	   4.8968027686475724e-01	   4.8181005442885294e-01	   4.7676084469614810e-01	   6.4173756455687392e-01	   3.8627395906449657e-01	   5.6045278249385588e-01	   5.5435668289248907e-01	   4.1387897369531479e-01	   1.6077599283027280e-01	   8.3142769393684243e-02	   2.9851833867158417e-01	  -6.3417914215518859e-02	   3.7645552799900139e-01	   3.5384066142157955e-01	   5.3284537505647678e-01	   5.2450478196047789e-01	   4.3960170273180321e-01	   1.7171635373423252e-01	  -7.5022119849632946e-02	
   1.3947191942690892e-01	   1.4508083433189534e-01	   4.5538248052260821e-01	   2.6340896401036118e-01	   0.0000000000000000e+00	   6.5839844245963230e-01	   5.4791162178649921e-01	   1.4312979161085088e-01	   8.5623228300877052e-01	   4.9060222867961667e-01	   3.5037788152012722e-01	   2.9686734010222010e-01	   5.9659232155357877e-01	   4.3416645589833769e-01	   7.3437840958366274e-01	   5.5815766533970823e-01	   2.2869381503187519e-01	  -5.6522657006024046e-02	   3.9557915764307716e-01	   3.0445629602438151e-01	   4.0245973066358454e-01	   2.3254653395109059e-01	   4.2485993559778779e-01	   5.0259746145551987e-01	   6.3379100280555367e-01	   6.0615729308758459e-01	   5.1307582478616331e-01	   2.2582874057775204e-01	   2.7940705966892332e-01	   2.4405352649796722e-01	   6.8391253709031402e-02	  -1.0951927363432618e-01	   3.3436653901085056e-01	   2.0238180102199058e-01	   3.0504776597695948e-01	   2.1542438047712131e-01	   3.0786306540607700e-01	   3.6457720277734229e-01	   5.0131075625366173e-01	   4.2580572160439123e-01	   2.8975059597321767e-01	   2.9858144359895578e-01	   5.3115316174358818e-01	   4.1090587269513268e-01	   5.0931460900408476e-01	   4.3750300310444201e-01	   4.6509108191723203e-01	   4.2422030835955837e-01	   4.8429866681683387e-01	   3.8637423998509768e-01	   5.0440939358746961e-01	   2.7124980237433549e-01	   5.0974343973943403e-01	   3.6479073012026475e-01	   6.0121632178484830e-01	   5.0921809993502531e-01	   3.0796420254931178e-01	   1.5208763638296341e-01	   4.2343387086791673e-01	   2.9027825170051536e-01	   3.1435432314451472e-01	   1.3549635316685937e-01	   1.1707391074733478e-01	   2.6363879718752425e-02	   4.5568228588740833e-01	   3.6692644277195241e-01	   4.5572863631389199e-01	   2.6086967307865483e-01	   2.4882250321224214e-01	   1.8054124636456292e-01	   3.8197654743218312e-01	   3.1402337676016817e-01	   4.2696270567181038e-01	   4.0277198666438496e-01	   4.3786317823748377e-01	   4.1739039155095264e-01	   5.4154611611385628e-01	   4.6059154091224697e-01	  -4.1314710477253033e-02	   8.1206969315448768e-02	   2.2806418631956113e-01	   3.6378752716292956e-01	   6.4551056910591054e-01	   5.0092954317797855e-01	   4.1698843754149417e-01	   4.4382306707554098e-01	   4.6373616329115175e-01	   4.2949701795307899e-01	   7.3211646266510866e-01	   4.9634320726234427e-01	   6.4384276344557279e-01	   6.9114534462187149e-01	   6.5560573268731459e-01	   7.4464596570962627e-01	   4.1718927668009026e-01	   3.3682771127435851e-01	   4.8679998884361819e-01	   4.2844026998893670e-01	   5.4579013741891225e-01	   6.2630221389533558e-01	   4.0062275930278646e-01	   6.8290546395901419e-01	   3.8583370219131163e-01	   5.4560812523478364e-01	   4.1802106770064190e-01	   3.0897975121762244e-01	   4.2063606206381943e-01	   3.1405595515110946e-01	   1.8068812018318392e-01	   3.5718266342932115e-01	   9.3969735409317356e-02	   5.2689649600388044e-01	   4.9519706636132954e-01	   4.6735979495782287e-01	   3.2402804960192216e-01	   2.2387475422133765e-01	
   2.2090300568661789e-01	   2.8515631412835840e-01	   5.3184721320821859e-02	   5.0553753799160295e-01	   6.5839844245963230e-01	   0.0000000000000000e+00	   2.3117955894488718e-01	   3.4336640845830080e-01	   5.6924977576099267e-01	   8.4211080255200421e-01	   2.4667928237108128e-01	   5.3599896232676614e-01	   3.5848799554182198e-01	   5.8095578326578767e-01	   4.5788609755456017e-01	   8.1930333746621908e-01	   4.0970584235725782e-01	   2.6926853859498523e-01	   4.5259556857080063e-01	   4.3331723947478129e-01	   1.9379990962617374e-01	   2.2924232547567835e-01	   1.1636880095943587e-01	   4.7785482485432973e-01	   5.1318052829341854e-01	   7.1405781751992836e-01	   1.6009046386166659e-01	   9.5096663787468422e-02	   3.7402827910223813e-01	   5.3036797902198052e-01	  -1.6722361795364754e-01	  -1.5969962602682744e-01	   4.0775484479996182e-01	   3.8089432246184646e-01	   6.5988129567913556e-02	   1.3967723219531922e-01	   3.6359129033510229e-01	   4.8659510799570938e-01	   6.0653576813970811e-01	   5.1992552073096587e-01	   3.1531347250983854e-01	   3.7810190711890213e-01	   4.5175792604414999e-01	   3.1998425254616125e-01	   3.6423521456552743e-01	   3.8914924106133136e-01	   3.3826997552241078e-01	   4.3396632382885947e-01	   4.5287627059549901e-01	   4.9057661039752437e-01	   4.5092170635840290e-01	   4.2132841614541017e-01	   5.8688903603830289e-01	   4.6061452149233867e-01	   6.5843334706564705e-01	   5.6148484982313462e-01	   3.9552537097461871e-01	   3.3126343892190474e-01	   4.8989308227832534e-01	   4.8974253825681485e-01	   2.5256240045822387e-01	   3.4707328402744086e-01	   7.7383407743343680e-02	   1.9796765808863881e-01	   8.8571634488024145e-02	   4.5368931685833874e-01	   1.9837306726359044e-01	   3.0648888582340772e-01	   3.7912217170521090e-01	   2.1542744440008954e-01	   3.1141651543573895e-01	   4.3237922306583731e-01	   5.8563768247006143e-01	   6.9929461272129734e-01	   5.8353730355587208e-01	   6.5607114094567964e-01	   5.5211352946125070e-01	   6.4400015651940112e-01	   2.0340080176623185e-01	   1.6865348152779625e-01	   5.3303908364187613e-01	   4.4187731665684998e-01	   5.5450679126166491e-01	   6.8585162931718513e-01	   1.1922223710778194e-01	   3.8500484841254456e-01	   3.0850516053111438e-01	   2.7299573606400129e-01	   6.7886695199196523e-01	   5.4945052697635521e-01	   6.6911279081463060e-01	   4.9641157662690805e-01	   7.5818458508001618e-01	   4.1832042590108076e-01	   5.1488897882151741e-01	   4.7506319970471067e-01	   5.8225665553940886e-01	   4.6996855926198411e-01	   5.8096244775224226e-01	   5.7365590880450656e-01	   5.8563726275652039e-01	   5.3096101510134153e-01	   5.5609884264246534e-01	   5.6319215887490959e-01	   5.3233861307409125e-01	   2.3045040903871722e-01	   4.0458630049023692e-01	   2.7259855381663700e-01	   1.5811161567987636e-01	   5.2627319939084538e-01	   9.2702626110593905e-02	   4.7019637341582654e-01	   4.6267288775942483e-01	   5.6590613160424241e-01	   3.6063103202383806e-01	   3.9200166717452645e-01	
   2.8669365473213121e-01	   6.8323647471142043e-02	   6.8223038901754773e-01	   3.6364688634079789e-01	   5.4791162178649921e-01	   2.3117955894488718e-01	   0.0000000000000000e+00	   5.0907426550467161e-01	   6.8546985172240327e-01	   4.0094648675086736e-01	   4.8232780944674258e-01	   2.8683685619998822e-01	   6.5578120603948387e-01	   2.6405854180381322e-01	   5.4829898693964152e-01	   3.1225751618707975e-01	   1.9675828859119893e-01	   5.7578836184103366e-02	   2.5984154727034403e-01	   1.7515971833029115e-01	   2.5990171801937234e-01	   1.9109119237223807e-01	   4.9770580241664547e-01	   3.1842057160986181e-01	   1.7618454115072424e-01	   1.0616453225239089e-01	   2.3174221053013311e-01	   2.5715030552777246e-01	   2.9304209429909461e-01	   2.3127402931811428e-01	   2.3077944320375360e-01	   1.5143227125311226e-01	   1.4828463745976397e-01	   1.7388331738882495e-01	   1.4881730339889071e-01	   1.0462327684936357e-01	   1.8704664349383118e-01	   2.0133584005661775e-01	   3.3131063103937652e-01	   3.4557756024721559e-01	   3.4275520208070703e-01	   1.9098751589987947e-01	   3.9845986722015014e-01	   4.4586049222065605e-01	   3.9456185103363528e-01	   4.1352618804263419e-01	   3.8708762425310883e-01	   4.1034299413047637e-01	   3.7860950714841191e-01	   3.4262897429584571e-01	   4.1728505372357300e-01	   2.9407059458801665e-01	   3.0478168845051046e-01	   2.8711032893597921e-01	   3.9223879317157645e-01	   4.9409988638101926e-01	   2.7967499491582154e-01	   5.6931385798854012e-02	   1.3187171055461827e-01	   1.0363193126228642e-02	   6.1411335564440339e-01	   4.2495402456195974e-01	   3.1620555508959591e-01	   1.4903263784739326e-01	   5.9250884568712658e-01	   3.3547223417379768e-01	   3.2708541973037508e-01	   1.8245423630010579e-01	   8.8927240596142987e-02	   2.3663278064486779e-01	   3.2030304087694839e-01	   1.6416430833258516e-01	   2.1226086179454479e-01	   1.7695755305894967e-01	   2.6696214175701416e-01	   2.0812177073349336e-01	   5.4215383785554816e-01	   4.3929720509210446e-01	   3.2369858786305694e-01	   1.8710057315404294e-01	   2.1962481532947573e-01	   3.0327330738324015e-01	   4.5253190869973825e-01	   2.8250602596937813e-01	   5.1077781084474549e-01	   4.2183690492371528e-01	   2.1745979171102817e-01	   1.2311754742931758e-01	   5.3270619425793597e-01	   4.0160276877223017e-01	   3.2438644983271214e-01	   4.7580591572560238e-01	   2.7130712154553993e-01	   5.1396732571641923e-01	   2.7273346061269549e-01	   8.6485828379180812e-02	   2.1250038908908744e-01	   2.9436113199017733e-01	   2.2160901347581938e-01	   4.1704785911930853e-01	   2.1598357417855979e-01	   4.7560010134612085e-01	   1.2049624414219187e-01	   2.8095366707788860e-01	   9.1600929366853018e-02	   1.6148597966467165e-01	   2.0404616607477377e-01	   1.5033608050244313e-01	   4.5490902270933900e-02	   2.0440504279744767e-01	   1.6534222864652529e-01	   2.7095949924820806e-01	   3.8922399132382712e-01	   2.1870926807852101e-01	   2.4635530506496825e-01	  -1.3476434626869674e-01	
   4.2272765109358873e-01	   3.3846455613536280e-01	   1.8964252435249368e-01	   7.6196866852483636e-01	   1.4312979161085088e-01	   3.4336640845830080e-01	   5.0907426550467161e-01	   0.0000000000000000e+00	   2.4583265053206488e-01	   6.2997223718463669e-01	   2.5763906690138494e-01	   6.2661234563340629e-01	   1.5907872493798531e-01	   4.1844844059434438e-01	   2.3064503022136525e-02	   3.9902285876711030e-01	   5.0515858799892954e-01	   5.1574210026782719e-01	   1.9479146532530955e-01	   4.2525649839657409e-01	   8.9345928042227851e-02	   2.0585670043411353e-01	   6.4485174285758548e-02	   2.5561040461181783e-01	  -6.7607309059418530e-02	   8.5433354104008791e-03	   1.1262094766773767e-01	   3.4394230041500734e-01	   3.9723647915421745e-01	   5.4089471434964054e-01	   1.8767003202023297e-01	   4.4458228257164323e-01	   1.7566983785976020e-01	   4.1023466013440230e-01	  -1.8789771919643744e-01	  -9.0730174059953747e-02	  -1.1583386289011897e-01	   8.6106712375742300e-02	   8.4180125323683797e-02	   1.4872652276752829e-01	   2.2911637844074934e-01	   3.6218396106013223e-01	   7.9549195261248512e-02	   6.3503128653931290e-02	   9.8789456189175298e-02	   1.6465704592416480e-01	  -4.8370478625890320e-03	   9.2673545548831962e-02	   1.0887331329391656e-01	   1.3527390972502934e-01	   1.5554745292256955e-01	   1.7449331468710499e-01	   2.2584552584704976e-01	   2.1492845419103829e-01	   1.5773488880880471e-01	   2.6133846845613434e-01	   5.1421642066744822e-01	   4.4113182468864365e-01	   4.4898203036129528e-02	  -2.6962002358706862e-02	   5.6425144760364798e-01	   7.9325147322809353e-01	   5.3391610838173098e-01	   6.1075228231823031e-01	   1.4250188524286925e-01	   4.3800027062312930e-01	   8.6275239566387218e-02	   2.0347414983704309e-01	   2.4167651559702041e-01	   2.9580009918689798e-01	   1.1204037647589038e-01	   2.6281773468946434e-01	   2.6052297355100645e-01	   3.5952738045277299e-01	   1.9671820623759420e-01	   2.7021531389641495e-01	   2.5103040901829482e-01	   4.2167763452563367e-01	   5.9519573826785410e-01	   3.6400571701216405e-01	   5.7194726183847799e-01	   4.1135823823644635e-01	   1.6434348331474863e-01	   3.4257568092232876e-01	   1.4549792441876211e-01	   3.9009735138362434e-01	  -1.9140728616751998e-01	  -1.0210444588993368e-01	   3.2193857573808154e-01	   4.1252831363717268e-01	   2.3652353308558358e-01	   6.5882832451102463e-02	   2.5980620217032246e-01	  -7.0210713770378963e-02	   2.3715828872469610e-01	   2.9395369952888287e-02	   1.4586534925683825e-01	   1.4067225329081276e-01	   1.1924327724631134e-01	   1.3479925321401470e-01	   4.1081480614028398e-01	   1.7470754126700966e-01	   2.5511321294728107e-01	   1.8495733218662425e-01	  -4.5001536398484081e-02	  -1.2940635746914636e-01	  -1.7036524723392032e-01	   1.6504988394632836e-01	  -4.8934397919880766e-02	   1.8627664732469351e-01	   1.2367849223021428e-01	   1.7348222489302709e-01	   2.8312724287939883e-01	   2.0744279385547509e-01	  -3.0089243192364338e-02	  -2.6825762197579028e-01	
   3.0291114600883251e-01	   2.1759477570258112e-01	   3.7959818781498067e-01	   2.2026738632449036e-01	   8.5623228300877052e-01	   5.6924977576099267e-01	   6.8546985172240327e-01	   2.4583265053206488e-01	   0.0000000000000000e+00	   5.7557995880464419e-01	   5.0889701846619362e-01	   3.2416571307196701e-01	   6.9403415629451959e-01	   3.8955105237548304e-01	   7.5194425578562352e-01	   5.5037539000904534e-01	   2.9706337391254500e-01	   1.0363496186526197e-01	   3.2151870216586609e-01	   2.9264455960856367e-01	   3.1698071472505268e-01	   2.2091023716341213e-01	   2.1626929044441495e-01	   2.2928580508289909e-01	   3.7312382847536829e-01	   3.5143289386019572e-01	   3.7856326726362477e-01	   1.9166008491484221e-01	   3.1474332769701885e-01	   3.3242751357854367e-01	  -1.2708226822632546e-01	  -2.5312992524789008e-01	   2.1853031485541530e-01	   1.6840038718430372e-01	   1.8796208246176538e-01	   1.5674202662417697e-01	   2.9151948072014933e-01	   3.1495494360311038e-01	   4.4457514570938134e-01	   4.2899852121257565e-01	   2.9467534698202669e-01	   2.8454308066720935e-01	   4.0545522616442270e-01	   3.6023312010993386e-01	   4.0099588730761110e-01	   3.8796746419901640e-01	   4.1316834511089240e-01	   4.0367856983903150e-01	   4.4384486843384985e-01	   3.9987888702459484e-01	   4.6402611119895176e-01	   2.9979528860812532e-01	   4.9753010902980571e-01	   4.3073615824430178e-01	   5.5633424376477458e-01	   5.6358655039732564e-01	   3.7148918228320416e-01	   2.1436981909166944e-01	   4.8397189464876805e-01	   3.2553440825304519e-01	   5.5295979347937596e-01	   2.5011480793983210e-01	   1.9463534257340792e-01	   1.0995937230699826e-01	   4.7928142711284738e-01	   3.1626046324124019e-01	   3.2691042631991918e-01	   2.0887764589607880e-01	   3.1031812010694237e-01	   2.1659434795066285e-01	   2.7699751453769533e-01	   8.2970781078926803e-02	   3.6865916439353352e-01	   3.6614468263016553e-01	   3.9178405421920137e-01	   4.1092853824033498e-01	   5.8571440506722450e-01	   4.5857339825244114e-01	   4.4919720973458560e-02	   1.5927427629769614e-01	   2.5875953418939002e-01	   2.1046799850566272e-01	   5.9028012395273177e-01	   5.1583760540071311e-01	   3.0839704589841643e-01	   2.8648346677055198e-01	   2.9058063469064216e-01	   2.1541685932685728e-01	   7.0442997437134647e-01	   5.0701184472432193e-01	   5.0276838875904339e-01	   6.5880085683860901e-01	   4.8210018570164959e-01	   6.5043913270958564e-01	   3.6235220118118727e-01	   2.9007382744752408e-01	   3.8987658873859621e-01	   3.9465062182569288e-01	   4.7513007080443392e-01	   5.9529306920073433e-01	   4.1558720074983380e-01	   5.8476333788413482e-01	   3.4638796724847254e-01	   4.7007147338812716e-01	   2.8258287253252912e-01	   1.4553375664844487e-01	   3.5896053676430345e-01	   3.6581397127839665e-01	   3.9008770324805514e-02	   2.4767810587961842e-01	   8.8257303579488633e-02	   4.0826751131691497e-01	   4.5216667342106726e-01	   3.8075340854772322e-01	   2.2733117966231214e-01	   6.3746875358279817e-02	
   2.8575997041862805e-01	   2.2500953751235070e-01	   3.4769366623387254e-02	   5.7557922188990152e-01	   4.9060222867961667e-01	   8.4211080255200421e-01	   4.0094648675086736e-01	   6.2997223718463669e-01	   5.7557995880464419e-01	   0.0000000000000000e+00	   3.7568803720011312e-01	   6.5737235131574334e-01	   3.9404119027581919e-01	   6.2233162730995417e-01	   3.9437398604910689e-01	   8.2025291057026828e-01	   4.1960168457595692e-01	   3.3392318169408519e-01	   3.0169621999209306e-01	   3.4915981358326476e-01	   1.3223916413027337e-01	   2.4797120053959135e-01	   1.4797742428919795e-02	   3.7870545551013324e-01	   2.7116289040608477e-01	   4.5336817758073750e-01	   4.6096007042581648e-02	   4.7874741965220055e-02	   4.2558052189518120e-01	   6.3461588420526360e-01	  -1.3059117378807888e-01	  -1.5948494917123867e-02	   2.3068138736030031e-01	   3.0571192281766291e-01	  -1.3157574917810505e-01	   4.2483322174551558e-02	   2.0864763510628925e-01	   2.9671574484609436e-01	   4.0725022617198492e-01	   3.3167602678986963e-01	   3.3280454595176634e-01	   2.9411907904277063e-01	   3.3908630931172468e-01	   2.5539570571407150e-01	   3.1002487833783354e-01	   3.5507938354829977e-01	   2.7067026672021627e-01	   3.5230926637097099e-01	   3.7954053156989981e-01	   4.0897249930286189e-01	   2.9481827119357279e-01	   3.2112816659671733e-01	   3.9714658721188573e-01	   3.5626216953734002e-01	   4.6912840268474393e-01	   4.7410534068908344e-01	   3.9101077488698777e-01	   3.2115158676423095e-01	   3.9483434108375565e-01	   3.4754857547718304e-01	   4.4558937275395294e-01	   5.7106657326266030e-01	   2.4258351297819447e-01	   3.4726922193481435e-01	   6.3125987243470100e-02	   4.5051843864667107e-01	   1.1073114829681462e-01	   2.6373194968191055e-01	   2.6946098571697108e-01	   1.4340143517271917e-01	   2.0889763770268999e-01	   3.0466773954847526e-01	   4.3945783461871740e-01	   5.7952419177703463e-01	   4.0819569392200461e-01	   5.4165944424735624e-01	   4.7061703345022232e-01	   5.9103441406804169e-01	   3.7469441109626273e-01	   2.1365444922726126e-01	   6.1960026314301841e-01	   3.5279822521734489e-01	   4.6789144143693406e-01	   5.8489076460757017e-01	   5.9576056480599188e-02	   3.3852633765242296e-01	   1.8920883135972730e-04	   7.6317518882113217e-02	   5.2078855268007485e-01	   4.4428397312895762e-01	   4.8302054024473229e-01	   3.5345034391797781e-01	   6.2724745256613768e-01	   2.0957179333564269e-01	   5.3255318132812168e-01	   4.0871774179907838e-01	   4.2289270678350105e-01	   3.4707021890766776e-01	   3.9898183279441746e-01	   4.2629634090825419e-01	   5.2046445730308977e-01	   3.7323108990906184e-01	   3.6072605364413896e-01	   4.1743818083947187e-01	   2.6240081838905727e-01	   1.4941815666936666e-02	   2.1409456009418856e-01	   3.0171667200092622e-01	   1.2190625700307332e-01	   4.3402944953136302e-01	   1.0120701835771873e-01	   2.6349370730512722e-01	   3.1807637289296620e-01	   3.3665504145562086e-01	   1.3631120053315335e-01	   1.0935945394135094e-01	
   5.6413701530310079e-01	   3.8494308501475333e-01	   2.6064469674945672e-03	   5.3011469310293088e-02	   3.5037788152012722e-01	   2.4667928237108128e-01	   4.8232780944674258e-01	   2.5763906690138494e-01	   5.0889701846619362e-01	   3.7568803720011312e-01	   0.0000000000000000e+00	   6.4263535569915131e-01	   8.4385361786646906e-01	   5.5784805348917910e-01	   6.2714085258741648e-01	   4.5181547343778106e-01	   2.5817706803177681e-01	   2.2149577136228893e-01	   3.6436960197300228e-01	   2.8276853155077070e-01	  -2.0607878602706312e-01	  -1.3109661383977136e-01	   7.7759446916087022e-02	   9.5773535324713416e-02	  -1.3958593473082037e-01	  -1.1337684966420525e-01	   1.0793046754870941e-01	   6.0814843685908218e-03	   2.3276018105376761e-01	   3.1575683369915764e-01	  -2.9426690039990716e-01	  -3.5382803502145554e-01	   5.5368019268062937e-02	  -9.7851744185661935e-02	  -3.4570613012863294e-01	  -3.3957299164823285e-01	  -4.4674765837279674e-02	  -5.2074362628515669e-02	   8.1755991636222838e-02	  -1.1538598525534656e-02	   3.1420584838810783e-01	   5.9987863615910055e-02	   1.8306700235673525e-02	   5.8328521449022529e-03	  -5.9691528810147311e-02	  -5.8046674839602033e-02	   6.2102917314781361e-02	   8.4775770522572944e-02	   1.3261856226221302e-01	   1.1593366277467022e-01	   1.6454082504143411e-01	   1.0021301924957082e-01	   3.0470807829232371e-01	   3.2199543100387207e-01	   2.0586929829745682e-01	   2.2466153240895453e-01	   3.8440335262914282e-01	   3.9560392406712958e-01	   3.4693041443439387e-01	   2.9987320530794170e-01	   6.9834236131221905e-01	   5.1466459970831868e-01	   6.0434939945959898e-01	   4.8532550685140230e-01	  -4.7789896042916002e-02	  -8.1448828089455388e-02	  -1.7477623954312727e-01	  -2.3086464940535711e-01	   3.4140259390891819e-01	   2.2435446596348629e-01	   1.4547033882142885e-01	  -6.9088059895331552e-02	   2.0232325111542360e-01	   1.7393598031794266e-01	   2.1179224101865179e-01	   2.3815061420566500e-01	   4.2109538895281662e-01	   3.3686265364697865e-01	   2.8703718611448048e-01	  -4.9532155986769695e-02	   3.4426654784920063e-01	   5.8058701090090689e-02	   4.7958156622697989e-01	   2.3183264435346018e-01	   2.3819867421436983e-01	   5.4168085056410867e-02	   4.8772819399823204e-02	   2.6926811176786108e-02	   3.3664274693596141e-01	   3.5580750411744716e-01	   1.1263944412308657e-01	   2.8047265603073862e-01	   2.1475003011123173e-01	   1.5281400695802189e-01	   1.2883344574248412e-01	  -2.5954585143621433e-02	  -7.3055892594155236e-02	  -1.6508575984373931e-02	   2.2206265426296723e-02	   1.8302907255839432e-01	   2.0705028163274192e-01	   6.3611137957329741e-02	   3.8580775123699861e-02	  -4.5805576235392491e-02	  -2.1320534934547636e-02	  -1.0789419383037908e-01	   1.9757162649450202e-01	  -2.3215371735645890e-02	  -6.2253947817366678e-02	  -4.4018133252413237e-02	  -2.4776526378100647e-01	  -5.9521796578253731e-02	   1.6913177302913907e-01	   1.2712795535975852e-01	   6.3773279942664893e-02	  -7.7786069294703386e-02	
   5.5093435389625278e-01	   5.1102409661489356e-01	  -6.1432212035325614e-03	   5.0987570868046261e-01	   2.9686734010222010e-01	   5.3599896232676614e-01	   2.8683685619998822e-01	   6.2661234563340629e-01	   3.2416571307196701e-01	   6.5737235131574334e-01	   6.4263535569915131e-01	   0.0000000000000000e+00	   4.9301070133848768e-01	   8.9107301582033616e-01	   4.0908285510322606e-01	   6.7394163600299117e-01	   4.2723172463903214e-01	   3.9627517984853289e-01	   4.5561617568571428e-01	   4.8185413788043729e-01	  -5.9224631453247238e-02	   8.1537401858749969e-02	   1.1314709236397427e-01	   4.5481287510502427e-01	   3.6200226568745171e-02	   1.8486939906468244e-01	   1.5601211952570043e-01	   1.9386392231225821e-01	   3.0668270877307824e-01	   5.1442082089279251e-01	  -1.7420749043330719e-01	  -3.1572525299918545e-02	   1.8395706789108318e-01	   1.6527405822699889e-01	  -2.4431766486152634e-01	  -1.6037356560828386e-01	   3.2382523614092384e-02	   1.1335156212387265e-01	   2.4486052368697006e-01	   7.9912514235019549e-02	   3.8964413184051500e-01	   1.5358657576417983e-01	   6.6709713498776343e-02	  -1.1131921639998260e-02	  -5.3148073446632360e-02	  -1.2164081721981983e-02	  -2.5021869324566931e-02	   8.3278368850832271e-02	   8.7025517725585574e-02	   2.0934138572639430e-01	   2.3260620171078439e-01	   2.7196732164457593e-01	   4.6262179069303244e-01	   4.7187382256455884e-01	   3.4576432302661136e-01	   3.3687318657710252e-01	   4.8647646449353482e-01	   5.9590844629177042e-01	   2.9213716641270560e-01	   3.7854028807840023e-01	   5.3757746747924862e-01	   7.4248516345363214e-01	   5.7342121972370830e-01	   6.5990789247963111e-01	  -1.1358940449475446e-01	   2.9964498209673196e-01	  -1.4061194844720998e-01	  -7.9477786632343311e-03	   3.3192246150481719e-01	   2.1442422100111344e-01	   2.3721281814689801e-01	   2.9786076983320137e-01	   3.8141646249137667e-01	   4.7814602043582088e-01	   3.8296734564906187e-01	   4.7082278333144734e-01	   4.2374959276441171e-01	   5.7909737727163302e-01	   4.3410099418300996e-01	   1.7667044142179888e-01	   6.4004832751219587e-01	   4.1211915798920007e-01	   4.7070605212627176e-01	   4.1478651846122927e-01	   2.5573289718094155e-01	   3.8483987893179517e-01	   1.0011827836823550e-01	   1.5373082447618530e-01	   4.6665293315158329e-01	   5.9866792939857338e-01	   3.7706396830697525e-01	   3.1735352890513702e-01	   5.0089181027070262e-01	   4.8067748640850005e-02	   2.2751797721521694e-01	   7.3999399873236060e-02	   8.1004233200441422e-02	   6.2705388261774742e-02	   1.5968377200956396e-01	   2.2553569772045878e-01	   4.3493899262742752e-01	   1.1399660299086355e-01	   2.5952090210562645e-01	   1.1741359782527726e-01	   9.0768391457542202e-02	  -8.5047829110948103e-02	   2.0151486248751582e-01	  -1.4661762042204207e-02	  -3.2541480409227622e-02	   2.2805063415923815e-01	  -1.6582887673403779e-01	   9.2236383794217169e-02	   2.7112155860522491e-01	   3.4100538627317145e-01	   1.5780534204411414e-01	  -5.7555736624108039e-02	
   2.8101872005304762e-01	   1.0777687144099515e-01	   3.3474211355397832e-01	   6.5613929325255976e-02	   5.9659232155357877e-01	   3.5848799554182198e-01	   6.5578120603948387e-01	   1.5907872493798531e-01	   6.9403415629451959e-01	   3.9404119027581919e-01	   8.4385361786646906e-01	   4.9301070133848768e-01	   0.0000000000000000e+00	   5.4815677654391237e-01	   8.2951774742742401e-01	   5.0206589484747266e-01	   1.4846524576664250e-01	   3.3514608154646637e-02	   3.0563890037476782e-01	   1.3987773701395598e-01	  -1.5149843698575409e-02	  -4.8986293673300291e-02	   3.7290764846090058e-01	   3.1863180827379428e-01	   2.4149190592499870e-01	   1.9483422746773532e-01	   1.8621127227352080e-01	  -7.7294713988314127e-04	   2.4099404264661467e-01	   2.5353441792173403e-01	  -7.2346043365091262e-02	  -2.4334560943146263e-01	   1.0387802800762153e-01	  -5.8582262075676038e-02	   8.5630499164287943e-02	   3.1069940233848473e-02	   1.6300941995653889e-01	   9.2160839921785656e-02	   3.2917592837499499e-01	   2.2359355354572971e-01	   3.8258824725094304e-01	   1.3502717186343027e-01	   1.6620102603019868e-01	   1.4459299794864133e-01	   1.0349408518843400e-01	   9.3425366846574209e-02	   1.5445861256169535e-01	   1.7206994935405628e-01	   1.9817153347065328e-01	   1.7819202299733033e-01	   2.9633995694860366e-01	   1.8618348391920386e-01	   3.6907572014879031e-01	   3.9968222341539583e-01	   3.4994594360834852e-01	   3.3996676249564234e-01	   1.7571232015236718e-01	   9.3829337450361927e-02	   3.1359632609724419e-01	   2.0694106966651546e-01	   5.1451613893930070e-01	   2.8011658306864123e-01	   2.9768579100182563e-01	   1.6619102334918787e-01	   3.3058403953068727e-01	   1.3851338073038466e-01	   1.3193751865084882e-01	  -2.2601511186714000e-02	   1.9663353734126229e-01	   1.2106771480147605e-01	   2.9120355666535691e-01	   6.3210123176733551e-02	   2.5014658554835212e-01	   1.8040738939608320e-01	   2.8290787613936119e-01	   2.6020461551867069e-01	   5.6815116261894993e-01	   4.3359621230973033e-01	   1.6793922759248972e-01	  -1.6419654440579509e-02	   2.2367842495224211e-01	   2.2305033363433271e-01	   6.2707735807330822e-01	   4.1205883109583064e-01	   4.3167218590514672e-01	   2.2896413746626734e-01	   3.0775775416186285e-01	   2.6471516162263253e-01	   5.1344074661877970e-01	   3.5488157063002129e-01	   2.4650842519342217e-01	   4.7544036457152700e-01	   3.6866191691229161e-01	   4.4756447180535963e-01	   3.0861457915706419e-01	   1.3481302872425743e-01	   5.5303955802344554e-02	   1.0786946052552705e-01	   5.8662976348538808e-02	   2.9189873275853667e-01	   1.3873470853979283e-01	   2.7861140482081753e-01	   1.9626081220424696e-02	   7.1060085135064871e-02	   1.1015388055590666e-01	   1.4394043691047786e-01	   3.5082640496544704e-01	   5.3010507286052014e-02	   6.1503840789027993e-02	   9.8338700273516100e-02	  -1.1999514576360486e-01	   3.8467434836133629e-02	   1.9643571328544679e-01	   1.6927980946203747e-01	   2.7224024782040124e-01	   1.3109910743102288e-01	
