   0.0000000000000000e+00	   8.9957415793048856e-01	   5.4230887142103834e-01	   6.1372689602144526e-01	   6.0425748732509381e-02	   1.2875711304712190e-01	   6.6542859037668944e-01	   5.2973781993350866e-01	   4.1833861272176126e-01	   3.5613943556035077e-01	   5.2301228690245072e-01	   7.0093429794713702e-01	   5.3624521555764004e-01	   5.9448431879892105e-01	   5.0762169279447988e-01	   5.6292540488718901e-01	   6.6127650537555804e-01	   7.5243582979264589e-01	   8.6344337071109312e-01	   8.4311589397092479e-01	   3.6932992108743878e-01	   1.7697532941521452e-01	   4.3814123409562983e-01	   3.5496821866361594e-01	   2.3361016280366909e-01	   2.4169672964786321e-01	   1.4968834068235631e-01	   1.4788415868556912e-01	   6.0248997253073577e-01	   6.7062374138720493e-01	   6.3044843566122688e-01	   5.6689182976564312e-01	   8.2561740551154228e-01	   7.8819775930017810e-01	   9.3640972811896261e-02	   2.0863319818125772e-01	   3.4206416679777779e-01	   5.2831297968368607e-01	   5.7913299737352153e-01	   6.9298760219372224e-01	   5.1403372296206162e-01	   6.7726725644210473e-01	   5.0375234578425609e-01	   5.5413469336181231e-01	   4.8426478662648764e-01	   4.9121958382872999e-01	   7.2232827865941163e-01	   7.1367136381692076e-01	   4.0489763132151985e-01	   4.0904011202287877e-01	   4.0364635383948200e-01	   2.6287750394558668e-01	   7.1253920844866958e-01	   6.0265469026578267e-01	   7.9083567436517477e-01	   7.9334720956863702e-01	   8.9644457958265700e-01	   8.8473752455264731e-01	   6.9879262790718466e-01	   6.4870601016065943e-01	   7.3285716704488368e-01	   5.6166326651032406e-01	   4.1114636351814382e-01	   6.8433353402086605e-01	   1.1759097064463714e-01	   3.0204794006291807e-02	   5.8273126299462952e-01	   6.4627663807816271e-01	   5.7372109185146258e-01	   4.7161891940178996e-01	   4.8352107227356544e-01	   4.2128404199480152e-01	   7.0258376034127423e-01	   7.0130879147005332e-01	   6.6825799596860069e-01	   7.0183279814744681e-01	   7.1615075535616357e-01	   7.2416919806655922e-01	   6.7126708903757759e-01	   6.8094131728874197e-01	   5.3654200875907176e-01	   6.3588109209894084e-01	   6.1619882761007894e-01	   7.5532097686328703e-01	   5.3076650125165292e-01	   4.8089530625449906e-01	   5.6883436626155015e-01	   6.0812910407645726e-01	   7.8597825910945895e-01	   7.5635352027737657e-01	   4.1164451142160935e-01	   2.6175572781289047e-01	   3.5026448541822575e-01	   2.3757361197568763e-01	   4.4918620810371379e-01	   6.0869222059579531e-01	   7.7481460053146356e-01	   7.9130296448582538e-01	   6.8839838266904974e-01	   5.9793416442490477e-01	   5.2326244236088437e-01	   2.2268661655712602e-01	   5.7858828822546648e-01	   5.9018571136728493e-01	   5.7638826308833035e-01	   4.9420262323026598e-01	   3.9787019496479736e-01	   6.5255036948622958e-01	   3.3761898370014443e-01	   4.8126985178350568e-01	   6.4058551079801185e-01	   5.0906674587078804e-01	   6.3508640302516317e-01	   5.7174856725067880e-01	   5.3965255480955909e-01	   4.7424545699835374e-01	
   8.9957415793048856e-01	   0.0000000000000000e+00	   5.4542687894863306e-01	   6.7163352119577069e-01	   4.9757581276754044e-03	   7.4131143037135389e-02	   6.4119511423079123e-01	   5.5439613651593134e-01	   4.8678583306805606e-01	   4.2361950955908256e-01	   4.8272054443486490e-01	   7.2427096846447714e-01	   5.2657321478707741e-01	   6.1657308567545943e-01	   5.1563998019567991e-01	   5.9414297915604108e-01	   5.0914631729882509e-01	   6.9152880033955699e-01	   8.4201392726621327e-01	   8.4603161477289790e-01	   3.5570879729005228e-01	   1.1313580463114938e-01	   4.1499199590040903e-01	   3.6235025069721788e-01	   2.0343002140889621e-01	   2.4780802568964555e-01	   1.1393513009971720e-01	   6.8230467898213007e-02	   4.7727255812345404e-01	   5.9148781693350927e-01	   6.1964970496819838e-01	   5.5214726082946031e-01	   7.6482908832495355e-01	   7.5087280612270391e-01	   1.0613315606699381e-01	   1.7198703957871725e-01	   2.4307047114156807e-01	   4.6418743748333180e-01	   5.8093211569350600e-01	   6.9773043799415602e-01	   3.8603793935799696e-01	   5.9331796980486229e-01	   4.5037561279648103e-01	   4.0795016251494498e-01	   4.2371654615523041e-01	   3.9500814396536155e-01	   7.1435326704659752e-01	   6.8468319611906581e-01	   4.4398626935218866e-01	   4.3739021364501529e-01	   3.4751401394545361e-01	   2.3695268937270131e-01	   7.5102021775546057e-01	   6.6404661131341403e-01	   8.3349401248196486e-01	   8.7470508229261945e-01	   7.3264849727891979e-01	   8.2178971266860468e-01	   6.6188977116511849e-01	   6.6718114117673522e-01	   7.2687872987673996e-01	   6.5288834443343191e-01	   2.6573346649412111e-01	   6.6482448901205982e-01	   1.1227274230484205e-01	   6.7541768566824659e-02	   5.0241034252763628e-01	   5.9449464372143146e-01	   4.8541412575496939e-01	   4.5663974712295974e-01	   2.7106315851330409e-01	   2.9824103107025801e-01	   5.9982504969410022e-01	   6.4199405237776708e-01	   5.8845298432306503e-01	   6.6820644647452887e-01	   5.3182632810347163e-01	   6.0490202151452888e-01	   5.2275972575374119e-01	   6.0312175773005927e-01	   4.3305251717248788e-01	   5.9284664926574171e-01	   5.1667366750392740e-01	   7.0998310644759322e-01	   5.2080583595643370e-01	   4.7140564178552213e-01	   5.5597592807121021e-01	   6.8092052866806674e-01	   8.1871875834222752e-01	   8.2708723415129992e-01	   4.9532830845867698e-01	   3.2633740261823818e-01	   4.0337816847049107e-01	   3.0069505012880976e-01	   4.7254339339489354e-01	   6.7170570532845542e-01	   8.0685807754818217e-01	   8.1355518202710697e-01	   7.1313336097410296e-01	   6.2208766271387017e-01	   5.2643150058964816e-01	   1.8815023083709170e-01	   5.4171871127310267e-01	   5.7546055089219161e-01	   6.1117595439772865e-01	   5.2227691614622451e-01	   4.3465703254150573e-01	   7.1219144781097299e-01	   3.9388726694117726e-01	   4.7521588098784773e-01	   6.0617135035196201e-01	   4.5729996121510325e-01	   6.7052084395330203e-01	   6.1667168612887413e-01	   5.8181100747289727e-01	   5.7415948863969124e-01	
   5.4230887142103834e-01	   5.4542687894863306e-01	   0.0000000000000000e+00	   8.7015877768676941e-01	   4.5482164888939752e-01	   2.8273284729707837e-01	   9.1966470810633805e-01	   7.0899517938174983e-01	   6.1180386268482057e-01	   5.1754744834298583e-01	   4.6001193721007216e-01	   4.0090250379127423e-01	   5.9172872656074982e-01	   4.7422804129002516e-01	   7.1008188032056174e-01	   7.6484293202416298e-01	   4.7976075462927498e-01	   4.0750402362156041e-01	   6.1789663860329058e-01	   4.8563616041471702e-01	   2.3002041706973075e-01	   6.7193870639043238e-02	   8.3674697610329440e-01	   8.1068556987372320e-01	   5.5386815802510525e-01	   5.9359368960018644e-01	   1.4713736609113953e-01	   1.4829087903167892e-01	   4.6702873855210858e-01	   4.3605265078952232e-01	   5.3213109324628660e-01	   3.8247801178481899e-01	   6.0083606378561871e-01	   5.6437739686097177e-01	   5.6495211477524243e-01	   5.8337577623186332e-01	   5.7389653304215582e-01	   6.5681725045049744e-01	   5.9973889780433953e-01	   7.0408951336926784e-01	   4.3768844279269048e-01	   6.1487544091641977e-01	   5.8082416798883474e-01	   5.2808506529104271e-01	   5.0147623900444072e-01	   4.7228986432245074e-01	   7.0872123450975111e-01	   6.9312256857735288e-01	   5.0422419812463426e-01	   4.8995077887978578e-01	   5.1899779470767837e-01	   4.7497924852080614e-01	   7.0358953420387293e-01	   6.9489447331159826e-01	   7.3480501644885066e-01	   7.0726897529468835e-01	   4.5827171898051194e-01	   5.0881857354363869e-01	   6.2220804080649361e-01	   5.7304383001229242e-01	   5.9687578165305144e-01	   4.6624281233357140e-01	   2.7650415209698903e-01	   3.8159254139355225e-01	   4.7131835130355509e-01	   4.3905241714674809e-01	   6.5077311631529111e-01	   6.8902717371916877e-01	   3.0240452699135989e-01	   3.5964033681796331e-01	   4.9272078991776314e-01	   4.0877465848122918e-01	   5.4042930333273487e-01	   4.5616751273983669e-01	   4.4793040049481858e-01	   4.9013093327445545e-01	   6.3379015791937032e-01	   5.8325791862115695e-01	   4.2757843548346891e-01	   4.0761719325470669e-01	   5.3236223162657237e-01	   5.6003734124821336e-01	   5.5637383282401021e-01	   6.5602142009731756e-01	   7.7945430575359032e-01	   6.2415496057328046e-01	   4.9664759825596777e-01	   6.5988282994430691e-01	   7.3634365817274716e-01	   6.7578028490040620e-01	   4.9065391818254911e-01	   3.8462502244055313e-01	   6.2279183534534266e-01	   4.8333845418527688e-01	   5.2232077764588991e-01	   5.5755025690684135e-01	   7.4689586593076096e-01	   6.6596094781307902e-01	   6.9661450192504282e-01	   6.1553931226060832e-01	   7.4327754496172904e-01	   4.2631968849903623e-01	   7.2699577997831055e-01	   6.1572512387036238e-01	   6.6259767008651427e-01	   6.3720523742410218e-01	   3.7491983460477485e-01	   4.5810972361578772e-01	   4.6440931183291601e-01	   4.5785934198413297e-01	   7.1803101893621990e-01	   4.1098180564988890e-01	   6.3695512559782652e-01	   6.8161187904176168e-01	   6.0808494556375448e-01	   5.1159611692681217e-01	
   6.1372689602144526e-01	   6.7163352119577069e-01	   8.7015877768676941e-01	   0.0000000000000000e+00	   3.6927441854070447e-01	   3.2840223636580124e-01	   8.8695718852742478e-01	   8.6358739328053469e-01	   5.5949759048652048e-01	   7.1273261027210744e-01	   5.7792675349925093e-01	   6.0828064974533624e-01	   6.5014697180126335e-01	   6.6242429735789043e-01	   6.5527758548379333e-01	   8.6022752734194308e-01	   6.4555685459828549e-01	   6.2275582240356608e-01	   7.0565777127677776e-01	   6.4224215615010960e-01	   2.0220457264683472e-01	   2.8099690803287711e-02	   7.9937054579763656e-01	   8.3891979576221987e-01	   4.2008510192901760e-01	   5.9711752623672409e-01	   6.5716856422530071e-02	   8.6708293052535912e-02	   5.9080372954609539e-01	   6.3113606842243652e-01	   6.1685808587228597e-01	   5.2732461647310735e-01	   7.7341014869440039e-01	   7.7675302491334186e-01	   4.3162812148214791e-01	   5.2998371382912635e-01	   4.5656009370502160e-01	   6.6296585910328742e-01	   6.3005360455393367e-01	   7.6878153134678895e-01	   5.2607998207521733e-01	   7.4022355953696772e-01	   5.3949806015622803e-01	   4.8456710238916323e-01	   5.1311259978999968e-01	   5.0992258373570110e-01	   7.1324162909712197e-01	   6.4808408736017797e-01	   5.0439133454359941e-01	   5.1944251114471685e-01	   5.0717891232152912e-01	   4.4890140113276678e-01	   7.1504881665842468e-01	   6.9980651745538425e-01	   7.8139794621993408e-01	   7.7714829235436811e-01	   5.6014514023024820e-01	   5.6699595619100862e-01	   5.8610236391012238e-01	   6.5602762515901625e-01	   6.6395690399507301e-01	   6.8850004031397571e-01	   4.2182608787121539e-01	   6.1372674720959131e-01	   3.7549474624457124e-01	   4.4578512051776231e-01	   6.3310386384132111e-01	   7.5791450987443221e-01	   3.4044677971898013e-01	   4.1065477033654130e-01	   3.7368568311622863e-01	   3.9058278833492188e-01	   6.4774901350599134e-01	   6.0607228550601400e-01	   6.0273166787237420e-01	   6.4808620703742825e-01	   6.5627833484620379e-01	   7.1347127057356619e-01	   5.9702748337933131e-01	   5.9366132231056579e-01	   6.7091646574494024e-01	   7.3253087810082185e-01	   6.3698370193130449e-01	   8.1996835328676110e-01	   7.6353733580821781e-01	   6.8187012721107543e-01	   5.0003570888499316e-01	   7.0018513819299844e-01	   8.0824031950025577e-01	   7.8117141517349464e-01	   5.3477095981673162e-01	   3.4820554541016568e-01	   5.6186317854193546e-01	   3.3767820239846436e-01	   5.6047354651977310e-01	   6.7794569792916592e-01	   7.8783608595165266e-01	   7.2883735632530522e-01	   7.2109156121839801e-01	   5.9432251635774025e-01	   6.9359091304435982e-01	   2.8603076613222350e-01	   6.7475114652649526e-01	   5.7761393121712357e-01	   6.3059935154105973e-01	   5.8754396418730725e-01	   4.4156456449275311e-01	   5.4762359698929131e-01	   4.9677743512998951e-01	   5.0124094579133316e-01	   6.5064379115117443e-01	   4.7211461881203198e-01	   6.2851006631220718e-01	   5.9802231455772104e-01	   5.4655497093432970e-01	   5.5797417278667194e-01	
   6.0425748732509381e-02	   4.9757581276754044e-03	   4.5482164888939752e-01	   3.6927441854070447e-01	   0.0000000000000000e+00	   8.1502177111843932e-01	   4.1661587149263424e-01	   2.1834019752783743e-01	   6.0834762449174762e-01	   5.7121921276501142e-01	   1.9562845812989163e-01	   8.7944585116737223e-03	   1.8177664902377944e-01	   3.7907754474008008e-02	   5.5953548795166164e-01	   5.1654569972495445e-01	   3.3134536569374284e-01	   9.5203720491130822e-02	   2.3570833368389255e-01	   1.2740591629864334e-01	   5.3313667602286130e-01	   6.0645012038229273e-01	   6.7943220526052239e-01	   5.1597902912699345e-01	   7.9088116052532098e-01	   7.0338314992642537e-01	   7.3460636684651637e-01	   7.3686779068462949e-01	   2.0223499681316742e-01	   1.5342739361243646e-01	   3.1952009339825055e-01	   3.1261319993581815e-01	   2.2745625805895620e-01	   1.9505061894085352e-01	   6.0045806952322911e-01	   6.0909956521174258e-01	   3.5729933409123260e-01	   2.9405566235795388e-01	   2.2776868165603681e-01	   3.2196393414748503e-01	   4.2295150050361774e-01	   3.9343111221298099e-01	   2.7843800033021465e-01	   3.5093826078152540e-01	   2.7285718365417966e-01	   3.4719407719046524e-01	   2.2476013944844170e-01	   2.2320107915696275e-01	   2.7408534980066002e-01	   3.9262215181458415e-01	   5.3629674794397286e-01	   5.6457395919154463e-01	   2.8629227175292044e-01	   4.1811935527634836e-01	   1.7965758807578430e-01	   1.0936199814706436e-01	   2.3644342721501388e-01	   1.1279178611343535e-01	   2.1480439551600547e-01	   1.2247102273622601e-01	   2.7840875114218938e-01	   3.3584892366676965e-02	   4.2645745207191982e-01	   1.5835335470375830e-01	   6.2946898871374779e-01	   3.6805450101808579e-01	   3.9074384377770865e-01	   2.9544039079132212e-01	   1.8202259282392919e-01	   1.0879073627984898e-01	   5.8867866603316843e-01	   6.4595621362086564e-01	   1.5485708667621612e-01	   1.1157035169527882e-01	   7.0166280421565919e-02	   9.1266448066095338e-02	   3.5312665902392326e-01	   3.3737372319775327e-01	   2.7091729486148453e-01	   2.0599477135796290e-01	   4.1226901151132905e-01	   2.3641735218379545e-01	   6.0010814564470050e-01	   4.0236754682677256e-01	   5.0846223451415884e-01	   4.8513517609097201e-01	   2.3446006509161257e-01	   3.4592963239209684e-01	   1.9623344252831681e-01	   1.8568652985126688e-01	   4.1134021759687989e-01	   3.9990335934390175e-01	   3.4566368661270946e-01	   2.4577202201407700e-01	   2.5050545166636129e-01	   1.5459206064226677e-01	   2.6360669707941431e-01	   1.7179638237795219e-01	   3.3022172756154095e-01	   2.7888852443452983e-01	   2.4923151310368558e-01	   3.3035453224225247e-01	   2.8684739889723226e-01	   1.8431209852210589e-01	   3.9372025680304135e-01	   3.1875181997594204e-01	  -7.5304733553248460e-02	  -1.5746599729271188e-01	   3.4144196607198063e-01	   1.9051223574353990e-01	   4.4279416933673954e-01	   3.8120556506115411e-01	   2.1737635143313483e-01	   1.5444104071160572e-01	   2.8194104745540099e-01	   4.0154546848768416e-02	
   1.2875711304712190e-01	   7.4131143037135389e-02	   2.8273284729707837e-01	   3.2840223636580124e-01	   8.1502177111843932e-01	   0.0000000000000000e+00	   2.4835071061616568e-01	   2.0218061477881671e-01	   4.8031425742358985e-01	   6.7089168052530868e-01	   7.3885640817100112e-02	   6.5979172299771252e-02	   2.6191885396451044e-02	   4.6140742893022498e-03	   3.6581468563776265e-01	   4.1292679219974304e-01	   3.7764518882456333e-01	   1.2535655994658260e-01	   2.5821210475823531e-01	   2.6534139925201722e-01	   6.7265623395872121e-01	   7.2009747952962888e-01	   4.5712924001353172e-01	   3.9516292106597811e-01	   5.9923326602505900e-01	   5.3145733995587974e-01	   7.7065227605349307e-01	   8.1892485636381362e-01	   1.7221388320026926e-01	   1.6168859806560731e-01	   1.8552176955277486e-01	   2.2602269450080367e-01	   2.4475749539358660e-01	   2.2286943845474877e-01	   3.7198695374162710e-01	   4.1141175660757456e-01	   4.4162698397043620e-01	   2.9161057112243211e-01	   3.5510564407440010e-01	   3.3292509977122364e-01	   5.1450947543766890e-01	   4.1209936493489202e-01	   3.6120866117858452e-01	   4.3228555349618236e-01	   4.0447958758630664e-01	   4.8716631877029304e-01	   2.8375155383470158e-01	   2.8331058719056079e-01	   3.8830187354505596e-01	   4.6604487337888933e-01	   5.5690612555062569e-01	   5.8388801273212698e-01	   3.3901587957738494e-01	   4.2696758837441140e-01	   2.2898920900821620e-01	   9.7138525449116359e-02	   3.0452476743872103e-01	   1.2302155727849044e-01	   2.8063669314848749e-01	   2.2343575543859909e-01	   3.4690052975709251e-01	   1.2914689493465986e-01	   4.9184218198167018e-01	   2.7170821578681131e-01	   4.4871567149164576e-01	   2.8441128797552812e-01	   4.8194195799920203e-01	   4.2152843671861223e-01	   3.3279075659314084e-01	   2.7626463861443679e-01	   4.9483401461798271e-01	   5.8602421258625925e-01	   1.5521100733469279e-01	   1.2169462256446054e-01	   1.2711995507674939e-01	   1.1906065966831339e-01	   3.9913702067300438e-01	   3.7999086127445530e-01	   3.3777426357577001e-01	   1.9585085530585872e-01	   3.9005963972744911e-01	   1.9849449665163105e-01	   5.5835058234905144e-01	   4.2068250527231399e-01	   4.4572744928019781e-01	   4.0004954819838356e-01	   3.8622492210009962e-01	   4.3164941864502582e-01	   2.6118855129637608e-01	   2.1282417636564516e-01	   2.5760121103269634e-01	   1.6548558754519752e-01	   1.1358335645743231e-01	  -2.0377333428872720e-02	   2.1586549328557905e-01	   1.2767030017633096e-01	   2.5881891578393884e-01	   1.0859623323954297e-01	   2.9044546407207167e-01	   1.6910717628267624e-01	   1.4262117494012388e-01	   7.4817513981621619e-02	   1.6160788799427425e-01	  -4.3270197017035847e-03	   2.2601950645474078e-01	   8.1444404337421700e-02	  -1.8785473826525928e-01	  -1.8261069958583886e-01	   1.7992231337059966e-01	   8.0828939785528353e-02	   3.5681594929874766e-01	   4.3678756546249420e-01	   1.4752871696926112e-01	  -5.9133467421665148e-03	   5.3191562153384511e-02	  -1.2708770300082006e-01	
   6.6542859037668944e-01	   6.4119511423079123e-01	   9.1966470810633805e-01	   8.8695718852742478e-01	   4.1661587149263424e-01	   2.4835071061616568e-01	   0.0000000000000000e+00	   8.6559333565721974e-01	   6.1240308400488574e-01	   6.0913947451391937e-01	   6.9580680370872661e-01	   6.3457913472690497e-01	   7.7389432509793532e-01	   7.0625321212860848e-01	   7.6762845840972505e-01	   8.6859716041268265e-01	   6.5602965933583324e-01	   6.2354906415057132e-01	   6.6677310195108086e-01	   5.4445038890077979e-01	   1.6658012562047608e-01	   4.0356780737758516e-02	   8.4158012372669500e-01	   8.0360386641878379e-01	   4.8082276352573838e-01	   6.1736643346886533e-01	   5.3976777379852375e-02	   7.9525311581130464e-02	   6.8938160991165653e-01	   6.6719301568103617e-01	   6.8027653213074279e-01	   5.9590180647583557e-01	   7.7502595755909975e-01	   7.6954587879637404e-01	   5.1377459409486947e-01	   5.9207998773401971e-01	   4.6366008465361863e-01	   6.7666601655267555e-01	   5.8235184108011506e-01	   7.6502030274929456e-01	   4.5609857989157232e-01	   7.1437686397196243e-01	   5.4229080028457055e-01	   5.6853089058769857e-01	   5.1362499786750415e-01	   5.0666136731845468e-01	   7.0523007004868199e-01	   6.6920098312542708e-01	   4.3849303794005245e-01	   4.1266335832277634e-01	   4.8570605663028954e-01	   3.5969529630459285e-01	   6.5280417731268925e-01	   6.2154150604805858e-01	   7.3082417313293146e-01	   7.3311074550458621e-01	   5.6066217815573705e-01	   5.9214086499807961e-01	   5.5793117034832540e-01	   5.4103979987844319e-01	   7.3240006065261087e-01	   6.4876492510840056e-01	   4.6142968546174579e-01	   5.8703698067682053e-01	   5.1771842576975535e-01	   4.9867187743870572e-01	   6.1070549814025776e-01	   6.9384090835674084e-01	   2.6708151912807321e-01	   2.7857247077373998e-01	   5.1271382455272241e-01	   4.2864907238502870e-01	   7.1120682564926208e-01	   6.6081557232766386e-01	   6.0166276911755390e-01	   6.5463738713137465e-01	   7.2365746449653678e-01	   7.3613777113323053e-01	   6.0170376574887552e-01	   6.2876005088566211e-01	   6.8027545839103820e-01	   7.4143629656787191e-01	   6.5678871788375481e-01	   7.6145084557313869e-01	   7.8286517251367504e-01	   7.0910918384551103e-01	   4.4079230219310761e-01	   6.4592716908995551e-01	   7.1289976848220005e-01	   6.9159330601801572e-01	   4.2612170389471549e-01	   3.0088559348490190e-01	   5.6977123543962749e-01	   3.9915000041688242e-01	   5.4262630026041192e-01	   6.3836633852134517e-01	   7.7167673473308263e-01	   7.2411699519390493e-01	   6.6070248490536176e-01	   5.5791870498334828e-01	   7.1911212513869782e-01	   3.9129155128299792e-01	   6.8227266669441888e-01	   6.2329458269142690e-01	   6.3749621095759434e-01	   6.0443938811189557e-01	   3.9668521652585587e-01	   5.2715880869131548e-01	   5.4362382657858377e-01	   5.5603991014184073e-01	   7.2642722009845206e-01	   3.6351156628060521e-01	   5.9535161733935826e-01	   6.2745189732325013e-01	   5.9078030505853640e-01	   5.1660305800245165e-01	
   5.2973781993350866e-01	   5.5439613651593134e-01	   7.0899517938174983e-01	   8.6358739328053469e-01	   2.1834019752783743e-01	   2.0218061477881671e-01	   8.6559333565721974e-01	   0.0000000000000000e+00	   3.8374661177929353e-01	   6.8700656583042763e-01	   7.4391680759664802e-01	   7.6379039330980325e-01	   7.7643533368450046e-01	   8.3702496201988830e-01	   5.7334806954014061e-01	   8.3898702534748160e-01	   6.8730181622220887e-01	   6.8888767301993314e-01	   4.7859905154449311e-01	   4.3704536859223242e-01	  -8.7836551684787059e-02	  -1.7435053389320948e-01	   6.8491124080611021e-01	   7.8997491385467522e-01	   2.1690599676620742e-01	   5.2487418660547536e-01	  -1.9401737778122746e-01	  -1.1452178840854835e-01	   7.4508665822031328e-01	   7.6299000857274035e-01	   5.8198245930860204e-01	   5.9490879521684681e-01	   7.4551315462290790e-01	   8.0482495939129151e-01	   3.1624209083952243e-01	   4.5869888700886308e-01	   3.5194499693610709e-01	   6.8824413308905652e-01	   4.9785866870763740e-01	   7.2336351435220192e-01	   4.4512474263672086e-01	   7.3634632087560170e-01	   4.0042601286734991e-01	   4.6392467192795683e-01	   4.3639700663125519e-01	   4.5784836104557924e-01	   5.3726216042257324e-01	   4.5894903100501011e-01	   3.8196167929133906e-01	   3.3772654472164176e-01	   4.0538853493387261e-01	   2.6879706336698528e-01	   4.6051386596243826e-01	   4.1110554301616303e-01	   5.8305541729028876e-01	   6.1009002225667630e-01	   4.2351952555137207e-01	   4.1563070387185791e-01	   3.6727055568309031e-01	   4.8029689875864701e-01	   6.7363049955264509e-01	   8.0594716429332347e-01	   5.1617745466475606e-01	   6.7391963670667820e-01	   3.9213353570087012e-01	   5.6132163874264907e-01	   4.4376081817348811e-01	   6.2227615567693428e-01	   1.0137489952012682e-01	   1.7090674538748385e-01	   2.7013709741468206e-01	   2.6437421549199208e-01	   7.4673058071367948e-01	   7.3123136640100361e-01	   6.8026141939750684e-01	   7.2038117245534239e-01	   6.5697658222168198e-01	   7.6753912530186774e-01	   6.5055954817043449e-01	   6.9914092433442088e-01	   7.3058563285180556e-01	   8.0861452484639251e-01	   5.5436312138628130e-01	   7.3342572188509625e-01	   6.5427710377390835e-01	   6.5883527245787277e-01	   3.1278938931957601e-01	   5.3861002840842453e-01	   5.7747373213455511e-01	   5.9343449121872993e-01	   1.8296366041033585e-01	   4.4927630106602959e-02	   3.8420822669418941e-01	   1.5140370657764984e-01	   4.2905972411801130e-01	   5.7642290132599028e-01	   6.0443706707355349e-01	   5.6993141015169002e-01	   4.2996668918761194e-01	   2.9116650285493995e-01	   6.1153785420775986e-01	   2.0699308499870314e-01	   5.1096470492274948e-01	   4.5348821619035684e-01	   4.2810118879198689e-01	   3.9068352814178464e-01	   3.4971720685564794e-01	   4.5248675420549145e-01	   4.7726547036988098e-01	   5.0718692017425848e-01	   4.8005596189899374e-01	   1.7500241954105589e-01	   3.6634647548437194e-01	   3.9804231838696930e-01	   3.5970134201199389e-01	   4.3910144948983593e-01	
   4.1833861272176126e-01	   4.8678583306805606e-01	   6.1180386268482057e-01	   5.5949759048652048e-01	   6.0834762449174762e-01	   4.8031425742358985e-01	   6.1240308400488574e-01	   3.8374661177929353e-01	   0.0000000000000000e+00	   6.6977157657035613e-01	   3.3673084042429546e-01	   2.6868471587713261e-01	   3.9866451285273147e-01	   2.7857003536589170e-01	   8.8123649380437408e-01	   6.5952574132450359e-01	   3.2916636314422881e-01	   3.1278376400201935e-01	   6.5041702459685347e-01	   4.9822065019396056e-01	   5.8680922529025836e-01	   5.0222474348227364e-01	   7.4850369307525888e-01	   4.8881288711964821e-01	   7.5812090961023593e-01	   6.6470654113353134e-01	   5.8191643888013234e-01	   5.2009339287848388e-01	   2.8316711342318512e-01	   3.0093902654505533e-01	   6.7370473964689270e-01	   5.7343075098602281e-01	   4.9358512911232588e-01	   4.8056965296392062e-01	   7.4150641079854962e-01	   7.2277127476331171e-01	   2.2986263927521977e-01	   3.1031263196786768e-01	   2.7724972122553287e-01	   3.7141860231940904e-01	   1.8080381649551913e-01	   3.6311876491463702e-01	   4.1631580829385439e-01	   4.2306058694184268e-01	   4.3541221883513170e-01	   3.9928738084162713e-01	   5.0864336171771485e-01	   5.5185990500761606e-01	   3.9112043752263187e-01	   4.0422082948468796e-01	   4.5496837908689408e-01	   4.4384771904469367e-01	   5.6735392820544328e-01	   7.0476330309658752e-01	   4.6088181863182437e-01	   4.6057863024670476e-01	   4.4616023786143066e-01	   3.7808727338554160e-01	   3.1245608154175619e-01	   2.3706943227406413e-01	   4.9308351225691011e-01	   3.3233929743446811e-01	   3.3130010712953806e-01	   3.5521166237525992e-01	   7.3798305307630541e-01	   4.3249904320266652e-01	   4.6010466590569798e-01	   4.4931889830215621e-01	   3.2129001100238586e-01	   2.0014897792409941e-01	   5.5106362953160537e-01	   5.6901478456498189e-01	   3.0749335093802299e-01	   2.7690801635741774e-01	   2.8977150935828655e-01	   3.4570424929334359e-01	   3.8080587216477502e-01	   3.7479032381066035e-01	   3.3337035873073606e-01	   3.3459627739120479e-01	   4.1649933330565908e-01	   4.6562683997460863e-01	   6.1090930558745438e-01	   5.2343343507446694e-01	   7.0396059609309414e-01	   6.7884077271136234e-01	   3.9986085014834233e-01	   6.3692859747777653e-01	   4.5843995785789760e-01	   4.7238496574278316e-01	   5.7699999906078281e-01	   5.7790396793600707e-01	   5.2124023365314187e-01	   5.0189425977560487e-01	   3.3764577583542243e-01	   4.8273912936702179e-01	   5.8761741278728141e-01	   5.9483309230439696e-01	   5.5297143085803535e-01	   5.0791931112719790e-01	   4.3748751631750959e-01	   2.7746697691831251e-01	   4.1885144397971247e-01	   3.5040385017551234e-01	   4.6766567170635676e-01	   4.4514818668240919e-01	   1.2620109540024352e-01	   1.6605114031048054e-01	   4.1615247731927463e-01	   2.9639742303244276e-01	   6.9467910533814381e-01	   5.1963272727111187e-01	   5.1840848532876649e-01	   4.9522692234119725e-01	   5.0478501961748934e-01	   2.2479398855585908e-01	
   3.5613943556035077e-01	   4.2361950955908256e-01	   5.1754744834298583e-01	   7.1273261027210744e-01	   5.7121921276501142e-01	   6.7089168052530868e-01	   6.0913947451391937e-01	   6.8700656583042763e-01	   6.6977157657035613e-01	   0.0000000000000000e+00	   4.7221577489170646e-01	   4.5235819143085271e-01	   4.5709001426734019e-01	   4.9027176865242983e-01	   6.5061327410538505e-01	   7.5873698052093819e-01	   5.9376469900325646e-01	   4.8563179478435431e-01	   5.0415176933634676e-01	   4.5306689888599411e-01	   4.1889003352108556e-01	   3.2342605461308910e-01	   6.8489582005486582e-01	   6.3444532094482853e-01	   5.1281390265121574e-01	   6.5708719414221894e-01	   3.6249920179044182e-01	   3.6911843202627320e-01	   4.9016033574919660e-01	   4.9485813972824522e-01	   5.5276131146718344e-01	   5.5654330762293991e-01	   6.0343877497573517e-01	   6.2522529467144206e-01	   5.3836645540127592e-01	   6.0742894194859243e-01	   3.5643232807691755e-01	   4.0457684434803920e-01	   4.7875431918115707e-01	   5.2756332521938765e-01	   4.5161175567923739e-01	   5.5927637978283118e-01	   4.7767323328373901e-01	   5.1863431343566602e-01	   5.7222146814900143e-01	   5.9402004820070897e-01	   5.0935113009317456e-01	   4.4109331060368745e-01	   4.7472481938234135e-01	   4.5396013423149972e-01	   4.9689541495240375e-01	   4.4893495068867750e-01	   4.1998591712741595e-01	   5.1072027876154480e-01	   4.5208187389098647e-01	   3.7943256086282157e-01	   4.0595708487188364e-01	   2.3629238166248709e-01	   2.3100357731009732e-01	   2.8446670090350368e-01	   5.5979097161181557e-01	   4.8737087719008410e-01	   6.2343793369304334e-01	   5.1650129663226174e-01	   5.9749387748836302e-01	   4.6658323735340235e-01	   4.6491053557778717e-01	   5.4833940275044823e-01	   2.1396509362053920e-01	   1.7803273172438283e-01	   3.5727943533435302e-01	   4.3345953820433603e-01	   4.8691634246211052e-01	   4.4406872725508006e-01	   4.5445841247050511e-01	   4.4750105006897939e-01	   5.2060264147661850e-01	   5.7885007796637544e-01	   5.5537376131343619e-01	   4.9379993276252376e-01	   6.3346739911975303e-01	   5.8194009152283910e-01	   6.6858755575657147e-01	   6.5598446225597085e-01	   6.7721734030166791e-01	   6.5416344674980342e-01	   4.5706020985932067e-01	   5.8276443369506026e-01	   4.4710172414964328e-01	   4.4742540011429605e-01	   3.5092505868740875e-01	   1.8156186736761287e-01	   2.8963034328570281e-01	   1.1309451706900626e-01	   3.6020253079247988e-01	   4.5063847911971877e-01	   5.5042622017101772e-01	   4.8140441274998536e-01	   3.9811994681329921e-01	   2.2191000044359277e-01	   3.4004707899544284e-01	   1.0199777096853110e-01	   2.8126823436256776e-01	   1.5757526412874140e-01	   3.6957575146679295e-01	   2.4530084637553787e-01	   5.6872866176559220e-02	   1.1754734684735485e-01	   3.5959302885117239e-01	   2.7954234364976277e-01	   5.5070071194614156e-01	   4.0158582805275350e-01	   2.9005811230234468e-01	   2.0518492806808264e-01	   2.4219825446564447e-01	   1.2458921279892268e-01	
   5.2301228690245072e-01	   4.8272054443486490e-01	   4.6001193721007216e-01	   5.7792675349925093e-01	   1.9562845812989163e-01	   7.3885640817100112e-02	   6.9580680370872661e-01	   7.4391680759664802e-01	   3.3673084042429546e-01	   4.7221577489170646e-01	   0.0000000000000000e+00	   8.1815376044649857e-01	   9.5007642281893800e-01	   8.8639969033178478e-01	   6.0676512825112772e-01	   7.3199378107931068e-01	   7.2879070288132097e-01	   7.7036298337235443e-01	   3.6566011438863166e-01	   2.8801877681312421e-01	  -5.1992127307108796e-02	  -1.2424902219268839e-01	   5.2307552984961503e-01	   5.4525744129889941e-01	   2.6922247501240432e-01	   5.8038327455810279e-01	  -1.4850300352894111e-01	  -7.0482615710846352e-02	   8.3262969457737712e-01	   8.1802799959991557e-01	   6.8069750540239249e-01	   7.3432329145866337e-01	   6.8958396843755987e-01	   7.4147078273847611e-01	   3.3119165468659562e-01	   3.8235453492826588e-01	   1.2755344759748008e-01	   5.1572782049409782e-01	   2.7483088557039020e-01	   5.8871472333184183e-01	   2.7213723793245792e-01	   5.7675141626769810e-01	   1.0410039165239451e-01	   2.8063024654166729e-01	   1.8252149615445842e-01	   2.3771171001265382e-01	   3.1273554668496317e-01	   2.4573965244242596e-01	   1.4697415313405732e-01	   1.5957963711788958e-01	   3.2583028620073595e-01	   1.6422604382207762e-01	   2.8835741431595524e-01	   3.1427744246382261e-01	   4.4466505536604656e-01	   4.7180071053845385e-01	   3.9547680115674921e-01	   4.0136165672071844e-01	   1.8200089771269776e-01	   2.4461157033311762e-01	   7.1899871861945086e-01	   6.6986353549445277e-01	   6.2966477994793180e-01	   7.4326477690360337e-01	   4.8220053477989377e-01	   5.4063396480929915e-01	   1.6234159035711335e-01	   2.9717967371413878e-01	  -7.4927536894847574e-02	  -1.2632339702873602e-01	   1.9784117332009910e-01	   2.3146670863343763e-01	   7.7875628580059253e-01	   7.8996056944452064e-01	   7.0105713235982114e-01	   7.3690232911407538e-01	   5.4655208661830079e-01	   6.9448410596481014e-01	   6.8081742813737867e-01	   7.9708463405343077e-01	   7.0304704403372831e-01	   8.1635371576284244e-01	   4.5206230350120802e-01	   5.7942707891457601e-01	   4.8059300515843839e-01	   6.1258674002581226e-01	   1.7132520310359367e-01	   3.4594213816893393e-01	   3.4772173741453322e-01	   4.1216418100719471e-01	   1.5391103771220958e-02	  -5.3254564602566737e-02	   1.1962475513013773e-01	  -2.0886602510920761e-02	   4.2828415559785327e-01	   5.6334458255018682e-01	   4.8855923114667338e-01	   5.0797308355898585e-01	   2.5108928429992405e-01	   1.2054867671767683e-01	   3.0238544295632247e-01	   9.4258190028041200e-03	   2.2826972724834788e-01	   2.6118869177133130e-01	   2.1075187851503885e-01	   2.0976751927844817e-01	   1.6009130791194956e-01	   2.4656428819824927e-01	   5.3969446596378357e-01	   5.6917559340395329e-01	   4.4252290761065072e-01	  -8.0854270691466154e-02	   1.8051127750998264e-01	   2.4275234816260674e-01	   2.6954764789493924e-01	   2.8706638457254652e-01	
   7.0093429794713702e-01	   7.2427096846447714e-01	   4.0090250379127423e-01	   6.0828064974533624e-01	   8.7944585116737223e-03	   6.5979172299771252e-02	   6.3457913472690497e-01	   7.6379039330980325e-01	   2.6868471587713261e-01	   4.5235819143085271e-01	   8.1815376044649857e-01	   0.0000000000000000e+00	   8.0314977948484756e-01	   9.3522578338563311e-01	   4.7253551788493142e-01	   7.2178225131854079e-01	   6.4847249516602057e-01	   8.2594822619207631e-01	   4.9182049634277369e-01	   4.8967782113674269e-01	  -2.5093479993231731e-02	  -1.0849247582489338e-01	   3.8878342980762570e-01	   4.6628618089527823e-01	   1.0142793949517581e-01	   4.0218734182288618e-01	  -1.4010536237630586e-01	  -7.9045744292715506e-02	   7.3115169984519701e-01	   8.6160847602084756e-01	   6.4905829291467754e-01	   7.2844669797478678e-01	   7.2135881615877573e-01	   7.8659035741740557e-01	   6.6187905106952535e-02	   2.1685646502567837e-01	   9.9665062713964692e-02	   6.0683204286901449e-01	   3.4499106528157586e-01	   7.0762727479279630e-01	   3.6208468778869790e-01	   6.8814647451650734e-01	   1.5915525678411913e-01	   3.1825441149038286e-01	   2.4306600523543223e-01	   3.0733840798538570e-01	   3.9607878060225049e-01	   3.5218816204604664e-01	   3.0826151993188544e-01	   3.0363609131542807e-01	   3.9289306298364646e-01	   2.4249858949466263e-01	   4.4939817814811989e-01	   4.1688678023264647e-01	   5.6346217430729850e-01	   6.5814117124216209e-01	   5.4349099852391602e-01	   5.3765207193862197e-01	   3.5727016850464166e-01	   4.8197007767956712e-01	   7.4981700413217156e-01	   8.5601181630111534e-01	   4.6561492729213033e-01	   8.0836368850291052e-01	   2.1644545559163880e-01	   4.0947168423310382e-01	   1.9633364063703404e-01	   4.2311484708475305e-01	   3.9947077911092158e-02	   2.4568661380339214e-02	   1.7710732067388857e-01	   2.9995186929540318e-01	   7.7255890656142268e-01	   8.5744525798195026e-01	   7.5708893402103050e-01	   8.3568899189459434e-01	   5.3834747330854360e-01	   7.7067155821872890e-01	   6.7857377097451699e-01	   8.3549980476787755e-01	   6.1598127524876678e-01	   7.9491069845824480e-01	   4.6083689747605655e-01	   6.7869985852259629e-01	   4.0681419627739346e-01	   6.1280799551384080e-01	   3.0091497158087055e-01	   5.0927363985048713e-01	   5.0982857409113014e-01	   6.1808302530716164e-01	   6.8718101417684349e-02	   9.2290926595819701e-03	   1.4328127191604481e-01	   1.2650395513470853e-02	   3.3963084118145004e-01	   6.0243238596880577e-01	   5.3398241912781175e-01	   6.1722667775039408e-01	   3.0440036512736357e-01	   2.0378313123996955e-01	   4.0007698786899809e-01	   4.9755967587088848e-02	   3.3474531668383845e-01	   3.9628893217924560e-01	   3.4012723604105344e-01	   2.7915864267703749e-01	   2.1888086898899303e-01	   4.1629568473487438e-01	   4.4938908207531281e-01	   4.8467389009334683e-01	   3.6349271535239097e-01	   4.9038377215784801e-02	   3.1957573231988312e-01	   3.3218852227044593e-01	   3.3781184015512289e-01	   4.0625874830333564e-01	
   5.3624521555764004e-01	   5.2657321478707741e-01	   5.9172872656074982e-01	   6.5014697180126335e-01	   1.8177664902377944e-01	   2.6191885396451044e-02	   7.7389432509793532e-01	   7.7643533368450046e-01	   3.9866451285273147e-01	   4.5709001426734019e-01	   9.5007642281893800e-01	   8.0314977948484756e-01	   0.0000000000000000e+00	   9.0667191392895741e-01	   6.6468927442907944e-01	   7.7223815085640979e-01	   6.3417693413156118e-01	   7.0787449533262392e-01	   3.9081449863017248e-01	   2.9552515329838952e-01	  -8.0324175916526089e-02	  -1.8228978812335583e-01	   5.6331946373650765e-01	   6.1522158698781515e-01	   3.0574133615834870e-01	   6.0499158756176707e-01	  -1.6914157538681696e-01	  -9.6551884332313487e-02	   7.4086228439807855e-01	   7.4027306751391964e-01	   6.6346624149295996e-01	   6.9296588348596599e-01	   6.5673750129318242e-01	   7.1130855974791429e-01	   3.7084264712600534e-01	   4.1572900946151697e-01	   1.4304870600791714e-01	   5.7370840263246192e-01	   3.3030882182550297e-01	   6.6842121682635947e-01	   2.2886431593265238e-01	   5.6485351602000089e-01	   1.7123514577738605e-01	   2.9497116127522521e-01	   2.0380883338526815e-01	   2.3096953416008756e-01	   3.8926393604207388e-01	   3.3378118261248424e-01	   1.7822879656878762e-01	   1.6774503128171159e-01	   3.1454627731429602e-01	   1.8809334537885880e-01	   3.6769794478925832e-01	   4.2156716453344217e-01	   5.2459091058938323e-01	   5.7809799709311138e-01	   3.8038052452528565e-01	   4.0325356689322511e-01	   2.3381062368580757e-01	   2.8659872157087118e-01	   6.9906457255676435e-01	   6.6909250669479392e-01	   4.6991515451209581e-01	   6.3994975052876624e-01	   4.9022611137367217e-01	   5.7808451922691484e-01	   2.0462080607800887e-01	   3.6203191772367005e-01	  -9.9973384282568439e-02	  -1.0340999382808927e-01	   1.9379219464722519e-01	   2.3606156138083620e-01	   7.3513313128283819e-01	   7.5544302284153320e-01	   6.5379814092296185e-01	   7.1159729144752026e-01	   5.1343001407511402e-01	   6.4128720054936084e-01	   5.7590615696759695e-01	   7.2539406974325749e-01	   6.1318577599964152e-01	   7.8770693603752795e-01	   4.1009239175065920e-01	   5.6093754625537284e-01	   4.9239580029343460e-01	   6.5363034375397677e-01	   2.0948692729704713e-01	   4.6386127142482536e-01	   4.2111044912565870e-01	   4.9906392596187410e-01	   7.0550442713639666e-02	   2.4928811948488110e-02	   2.4403870378140546e-01	   1.3374862268996657e-01	   4.5880444648856278e-01	   6.2737309588606416e-01	   5.6769870378485510e-01	   6.0255788150668654e-01	   3.2207626196319450e-01	   1.9694013866453600e-01	   4.2303455381310462e-01	   1.1007804177522264e-01	   3.2744780306971955e-01	   3.7078367958394759e-01	   3.0258993504550269e-01	   3.1828874794396073e-01	   2.5054788397891492e-01	   3.5330741102359764e-01	   5.1665251904391651e-01	   5.6847404880603924e-01	   5.0252442119521712e-01	  -4.1024514958189248e-02	   2.9987987654858278e-01	   3.7511863168312098e-01	   3.7989361885535228e-01	   3.7930626519302957e-01	
