   0.0000000000000000e+00	   9.2289365907814624e-01	   5.8018969692282707e-01	   6.4051741864344991e-01	   2.4628153549016601e-01	   5.4717270824041897e-01	   6.9655627750027971e-01	   7.3879590418202779e-01	   6.5621366623891730e-02	   1.5893833611504171e-01	   6.6867888210869486e-01	   7.1398508194020993e-01	   5.6567435202829564e-01	   5.9319462718743954e-01	   6.6766790832985068e-01	   7.5790812735486779e-01	   6.3482565378780775e-01	   7.7191623033456236e-01	   7.2347969262766987e-01	   7.1572595404628814e-01	   6.1061099913883243e-01	   5.2778203263433654e-01	   5.6332890609801789e-01	   5.5889573359124900e-01	   4.1179927859873294e-01	   5.0761097476424411e-01	   5.4857814965572405e-01	   5.1685394477233548e-01	   6.1137067454665517e-01	   6.7073895052941723e-01	   6.5313617513231947e-01	   6.4027072904094617e-01	   6.6000115391010938e-01	   7.3215082832620937e-01	  -1.5571844582413251e-02	   2.2555270523453924e-01	   2.3456254865291633e-02	   4.5494346864021012e-02	   3.7335766064156295e-01	   4.0560220633160160e-01	   2.4708128410701030e-01	   3.7393629807612783e-01	   4.5979909419612403e-01	   4.0189289746844703e-01	   3.4259091230191352e-01	   3.9502091817409601e-01	   5.1139897005587087e-01	   5.3429913136456508e-01	   5.6337260624675989e-01	   6.3218016477377337e-01	   6.3286573737407925e-01	   6.0772861640571263e-01	   6.2133195161076815e-01	   5.1647967533365557e-01	   6.1236366275985565e-01	   6.2243415848743033e-01	   8.9837449626041854e-01	   8.4388404131524242e-01	   5.2836876600397309e-01	   6.6993605802270639e-01	   6.4527029988925089e-01	   6.9993112751618947e-01	   6.9702355025526741e-01	   7.7988255461656331e-01	   3.2499451248762568e-01	   4.0004960349501828e-01	   4.2959153632126235e-01	   4.4557928397211266e-01	   5.6139184157823874e-01	   5.4894836926998203e-01	   5.0602825786224259e-01	   4.0477447591468318e-01	   6.5012073372383328e-01	   6.3112836438172926e-01	   5.9141995288599336e-01	   5.3772664003257986e-01	   6.0683649612275858e-01	   7.0642507345859784e-01	   6.1376939792896446e-01	   3.2133034163900526e-01	   6.5039174607415351e-01	   6.4324809733379718e-01	   7.4361986781495371e-01	   7.5176100305222615e-01	   3.9155745815923393e-01	   4.6447398382277633e-01	   2.4726952701383906e-01	   5.4317355886934385e-02	   5.4010542949793472e-01	   5.6663482027804024e-01	   6.2445185852252527e-01	   3.7029134330787183e-01	   2.5888161143191057e-01	   1.1066319888910577e-01	   1.7701840015166403e-01	   1.4074545582640480e-01	   4.6058328919746161e-01	   4.4824282797057069e-01	   5.1863582916106521e-01	   5.9493495173846100e-01	   6.5773870518597821e-01	   3.6585733936415077e-01	   5.9003167057048589e-01	   4.8689358563798157e-01	   1.1316599817430806e-01	   8.1097447976280213e-02	   3.2258656929532292e-01	   2.5113868321349758e-01	   2.0488461085508103e-01	   4.0410266792918065e-01	   1.8465524003935352e-01	   3.0841419043820678e-01	   2.5339970418820518e-01	   2.9511326643128255e-01	   1.5591290432312749e-01	   2.3775705859343736e-02	
   9.2289365907814624e-01	   0.0000000000000000e+00	   5.1677475671478157e-01	   5.7755435376285758e-01	   3.6201015769891820e-01	   5.7330601079788346e-01	   6.0739016551813574e-01	   6.7047743192705767e-01	   1.6330192061337323e-01	   2.6948404828660177e-01	   5.9778597528077082e-01	   6.7937873975961049e-01	   4.9421607110614296e-01	   5.4972805753381326e-01	   7.3066137862505642e-01	   7.0475626835019034e-01	   6.4899447290339662e-01	   7.7929340726298968e-01	   7.6173848395934252e-01	   7.8260821303990336e-01	   6.0675805037984454e-01	   5.7019822765285255e-01	   5.3135352348071463e-01	   5.1085644962554744e-01	   4.9532461274583972e-01	   5.6343326482101275e-01	   5.7948876751842326e-01	   4.9656516732639600e-01	   6.0416239042231257e-01	   6.5021412767810916e-01	   6.5053809832877185e-01	   6.0426545903626394e-01	   6.5982926416556797e-01	   7.1197989842981801e-01	   2.7808795685760699e-02	   2.0142884696953051e-01	   3.5038590754071605e-02	   1.1203922236613183e-01	   3.6820352747366852e-01	   3.8952110155488795e-01	   3.1717374605222387e-01	   4.3901844035893045e-01	   4.9654207521799559e-01	   4.3423106917988580e-01	   3.6553259806378802e-01	   4.1669093145137182e-01	   5.1510184507609247e-01	   5.3220594539898669e-01	   5.7848392692051909e-01	   6.9269038994091947e-01	   6.4674382320375945e-01	   6.6579348531817162e-01	   6.6074880837163841e-01	   6.0241690098705014e-01	   6.4227052346642199e-01	   6.3266723421474547e-01	   8.7555906848923737e-01	   8.9415747664016099e-01	   5.0168244922898664e-01	   6.8142927304279344e-01	   5.3992161005129746e-01	   6.5381572376794317e-01	   6.7118370205846267e-01	   7.8965912665323756e-01	   3.3761019880657023e-01	   3.8893127132275729e-01	   4.3416988262969652e-01	   4.1655631737210619e-01	   5.9310742057848131e-01	   6.0664694222135662e-01	   5.4476990297118066e-01	   4.3455855705318019e-01	   6.6803331831301094e-01	   6.7972388426280073e-01	   5.7173865137642665e-01	   5.4470932672757733e-01	   6.2861980067859402e-01	   7.0677692170479967e-01	   6.3077543900992583e-01	   3.3971688231624136e-01	   6.6901538602577482e-01	   6.6230340535166088e-01	   7.6012374966548613e-01	   7.5054561479081738e-01	   4.3494606479491205e-01	   5.0046252868360186e-01	   2.5990255979357380e-01	   1.1519886818500133e-01	   5.7585852013629724e-01	   6.1959596917948734e-01	   6.6550284456919861e-01	   4.6936436148974187e-01	   3.5021475271494096e-01	   2.0973776190226462e-01	   1.9601967954033656e-01	   1.4761963433819936e-01	   4.6437553636872109e-01	   4.0719842528898814e-01	   6.0388462331181159e-01	   6.5232628098613010e-01	   7.1945195491445602e-01	   4.4136367622594064e-01	   6.8753217874029215e-01	   5.5839786866420127e-01	   2.2224577354458142e-01	   1.9329401764220006e-01	   3.1218788784266077e-01	   3.3812742546324925e-01	   1.9170482259196392e-01	   4.3757669484478923e-01	   1.8326013680311026e-01	   3.7571916956771856e-01	   3.7747419619297873e-01	   4.0875627045412771e-01	   2.4268379315842045e-01	   4.3061616789751768e-02	
   5.8018969692282707e-01	   5.1677475671478157e-01	   0.0000000000000000e+00	   7.4819180895315451e-01	   8.4621416077402617e-02	   3.7175120628144831e-01	   8.2586088855496698e-01	   6.8845498640095570e-01	  -1.0469389548173751e-01	  -1.3586629793002883e-01	   5.6324890966419494e-01	   4.7521565774573665e-01	   7.0545995554834828e-01	   5.7539950798342598e-01	   5.7408745668364891e-01	   7.0296423361811211e-01	   4.2054798873369503e-01	   4.7070649704033551e-01	   4.8952237298102652e-01	   3.9087872766501186e-01	   5.6274775908790642e-01	   4.4883735548378734e-01	   8.6920444932331775e-01	   7.4814861017866541e-01	   4.0979106818040167e-01	   4.5155999115785350e-01	   4.8740417009585413e-01	   5.0427737636197367e-01	   4.4180290849460979e-01	   4.0033682734508480e-01	   6.6871708266080920e-01	   6.0166018540025212e-01	   5.3393798455861430e-01	   5.4126293907782397e-01	   4.5756612709426092e-01	   4.4177723188519347e-01	   1.9997822071765811e-01	   6.1051807895806352e-02	   5.3533045489163134e-01	   4.0258803499144191e-01	   2.2790476840836568e-01	   2.6472285634079556e-01	   2.7845065794123097e-01	   2.0274033632472815e-01	   2.6596964217637864e-01	   2.5078935736582697e-01	   3.0486673072758613e-01	   3.8857126302312972e-01	   4.0826612349401259e-01	   3.5249941147197561e-01	   5.1008486935665398e-01	   4.5331190804737459e-01	   4.4481404335230057e-01	   4.8796758282675179e-01	   5.4402865467790906e-01	   6.1453344769045215e-01	   4.5296757293947942e-01	   5.0313295035319794e-01	   3.9158247780209510e-01	   3.2879895518106728e-01	   5.3149783317959431e-01	   4.8678822817398459e-01	   2.7996308902537748e-01	   4.5392422846935576e-01	   7.3053904122137137e-01	   4.7729982974913282e-01	   5.6664534122194343e-01	   5.5225149518108807e-01	   4.5948666917879005e-01	   5.6177132899799953e-01	   5.7448008339816115e-01	   4.4330508899503840e-01	   4.9626778154401296e-01	   4.3118868733143340e-01	   4.3017448820256715e-01	   3.5202015367842054e-01	   4.4295474366560716e-01	   3.7364801949244064e-01	   4.5044691584884022e-01	   3.5351674593456350e-01	   4.3824921346657386e-01	   4.9365483514309838e-01	   5.4976261171759577e-01	   5.1033958856098571e-01	   6.4507605127494494e-01	   4.1203718421171276e-01	   5.1764912792505435e-01	   3.3405738495247389e-01	   6.7003232745904484e-01	   5.2606821997645015e-01	   3.4429458176889172e-01	   4.6253728545700412e-01	   2.5928299980768821e-01	   4.6372895327024205e-01	   4.1905762996267676e-01	   3.0211523916950844e-01	   4.7522856595449287e-01	   5.1468234907779986e-01	   3.8033669395717190e-01	   5.0943080399906604e-01	   4.0864958952892833e-01	   5.3184632628531803e-01	   4.0860026247610165e-01	   4.0368071593837207e-01	   3.4788484062162650e-01	   3.8989679619800716e-01	   4.2368215621828492e-01	   4.4005982598593074e-01	   4.2993121982993410e-01	   4.2433570973070833e-01	   1.6034292167757316e-01	   2.2680507161003344e-01	   2.3469446802302704e-01	   4.4733702966719069e-01	   4.9803427368606301e-01	   2.6797032940274823e-01	
   6.4051741864344991e-01	   5.7755435376285758e-01	   7.4819180895315451e-01	   0.0000000000000000e+00	   8.9737431741839402e-02	   5.0620765155666692e-01	   7.6208669494374215e-01	   8.9274453000747100e-01	  -6.7084029434138548e-02	  -8.6088612736275189e-02	   5.0859852640908088e-01	   5.7892719978615881e-01	   5.8771736370754057e-01	   6.3946605946684498e-01	   4.6170509008990646e-01	   7.5734542214457312e-01	   2.5979667471139389e-01	   3.8101513882982629e-01	   3.7819483388534425e-01	   3.7389738961902719e-01	   6.0426273620939364e-01	   5.1671523005612008e-01	   7.3144755214309265e-01	   8.1758622609736986e-01	   3.2448930447055752e-01	   4.9521707054125558e-01	   3.6203332049800546e-01	   5.0304240672307454e-01	   2.9536552793130566e-01	   3.6954296436760425e-01	   5.8976244673507494e-01	   6.7833861315658428e-01	   4.8463321085873778e-01	   5.8175910362064198e-01	   1.0127545580764133e-01	   3.3328540285407932e-01	  -5.1861470454331773e-02	  -5.8591896685628191e-02	   2.4792224812974634e-01	   3.4048986669979253e-01	  -9.1145117560552120e-03	   1.2071018788019433e-01	   3.5212644640930979e-01	   2.4271007661031152e-01	   2.8907558233296138e-01	   3.2251050771463474e-01	   3.4687007966282868e-01	   3.6020309629357639e-01	   3.4068400202250260e-01	   2.8535578315254495e-01	   3.5211230204978550e-01	   3.0381487958178555e-01	   3.9752129382152124e-01	   3.8086566120996035e-01	   4.3004456778217126e-01	   5.1384120013718437e-01	   5.0681779114469294e-01	   5.0762728848233718e-01	   2.5082663307185693e-01	   3.5428340236333422e-01	   5.1690288006979190e-01	   6.3065362523318602e-01	   3.1580226253495419e-01	   5.1164932539724628e-01	   3.6938227488943826e-01	   5.4002209368970999e-01	   3.6887185321474492e-01	   5.7475839659857031e-01	   3.3752586251485894e-01	   4.6183134989873320e-01	   6.7266281169128472e-01	   6.5025604631630141e-01	   4.2559538570957528e-01	   4.2630945877141369e-01	   2.9514686230535958e-01	   2.5549028697085158e-01	   2.6769377911231795e-01	   3.5873175879620578e-01	   2.3142524411285742e-01	   5.6920259798254991e-02	   2.6091057399031020e-01	   3.1309112437876030e-01	   4.5333546507125372e-01	   5.5415691417176760e-01	   3.4015275034097237e-01	   3.7051756050899898e-01	   2.5242190463988495e-01	   7.1862863527578633e-02	   5.6393452623223783e-01	   4.9062138806424438e-01	   5.2276498326215581e-01	   3.7368772227612096e-01	   3.6245269659873536e-01	   2.6355686272905887e-01	   2.7750742773615905e-01	   1.6435036630513306e-01	   4.2931279982536663e-01	   4.6037644571270275e-01	   2.9237829457708320e-01	   4.1542631665798552e-01	   4.2632544481613477e-01	   4.3562085648028454e-01	   3.0744972053074615e-01	   2.6590732186449345e-01	   8.1051902249791349e-02	   6.0005116761560763e-02	   3.5397142170652063e-01	   1.4261879123645707e-01	   2.7127742168868130e-01	   3.2936952384984575e-01	   1.1512904376858199e-01	   1.3773715869755804e-01	   1.2826594323270834e-02	   1.6482174595542542e-01	   1.2112682675970304e-01	   9.1034138406543841e-02	
   2.4628153549016601e-01	   3.6201015769891820e-01	   8.4621416077402617e-02	   8.9737431741839402e-02	   0.0000000000000000e+00	   7.9556329947840898e-01	   7.8241088017567614e-02	   1.1920654753506163e-01	   9.1718694334356021e-01	   9.2494669038957089e-01	   2.3534157679663373e-01	   1.4998157819158478e-01	   1.6918051158578107e-01	   4.5184655620088200e-02	   6.0306676040391183e-01	   8.9088422234282469e-02	   2.5165839767140052e-01	   2.1032180397088762e-01	   3.2279485110294570e-01	   3.7864314064363414e-01	   3.1364602596985702e-01	   3.4608807928775331e-01	   2.5969118663816121e-01	   2.2184504650869219e-01	   8.2583148149665686e-01	   7.2987928629333798e-01	   4.7438335645029422e-01	   2.8403828594008101e-01	   2.3873993623885892e-01	   1.5785810188186528e-01	   2.6129385603750999e-01	   1.0997289192265375e-01	   4.0109743416534838e-01	   2.9233703346356227e-01	   1.1740476108012259e-01	   7.0083023623006044e-02	   2.7907801289784584e-01	   2.9668072100511000e-01	   4.0758790716811755e-01	   3.6911440682225943e-01	   3.9289566145207538e-01	   3.7925137268197046e-01	   3.5858210012087122e-01	   3.7405691228049565e-01	   3.4496715494492969e-01	   3.4182190400586143e-01	   2.6904560344765116e-01	   2.2503415103098034e-01	   4.9230364691533551e-01	   4.5307403151446901e-01	   3.8740340466332746e-01	   4.1831080419678240e-01	   2.6387497733705667e-01	   3.2429401703828942e-01	   4.3081748514287527e-01	   3.4992802440383902e-01	   1.4514460910593108e-01	   2.8137549827853392e-01	   2.8822240370609042e-01	   3.9893560030181219e-01	   2.4451334052024004e-01	   1.9790167450008056e-01	   3.2865352625979838e-01	   2.7101897290908433e-01	   2.4328482791536868e-01	   3.6109477221143882e-01	   4.7137588812220310e-01	   3.8295797271962218e-01	   3.6664187521145020e-01	   4.1865098545283536e-01	   4.4232255214432364e-01	   3.1660634599624127e-01	   2.8150768434147466e-01	   2.5322918714457443e-01	   2.4000245733496800e-01	   1.5118157190653303e-01	   3.3600859206005018e-01	   2.8972242994527719e-01	   2.6624329201883307e-01	   1.7738144725327717e-01	   3.7110927036623154e-01	   3.3598610445450411e-01	   4.5806732941583350e-01	   2.6407838868860400e-01	   3.8019953057509603e-01	   4.5214252252015563e-01	   2.0470447246057888e-01	   1.8939646649661851e-01	   5.1216531843926005e-01	   5.0228802820497698e-01	   3.4435936052350591e-01	   5.3561062031394702e-01	   2.7519471473822937e-01	   4.2844468691831517e-01	   1.6306081804175870e-01	   2.3845477246090693e-01	   3.0624281699484357e-01	   1.9020417952490284e-01	   2.7881023308932451e-01	   3.1327679367168126e-01	   2.7197542597286911e-01	   3.9498075098382568e-01	   2.9148283409870362e-01	   3.5207137119690890e-01	   1.5652670213751455e-01	   1.6271097823372865e-01	  -3.3570122213599729e-02	   1.6536620433594723e-01	   9.4623799249997087e-02	   2.9678518534669018e-01	   2.4142113869115209e-01	   2.4895579606476431e-01	   2.7505734078377309e-01	   2.5649006782511208e-01	   9.0341998779061031e-02	   1.3989109700020794e-02	
   5.4717270824041897e-01	   5.7330601079788346e-01	   3.7175120628144831e-01	   5.0620765155666692e-01	   7.9556329947840898e-01	   0.0000000000000000e+00	   4.3871099521559803e-01	   5.6299311783945460e-01	   6.3027634122916887e-01	   6.9558943667209960e-01	   4.4356170028068337e-01	   4.2291049116590018e-01	   4.4896503000283239e-01	   3.9959391233258235e-01	   7.4858389364960676e-01	   5.5546569546178248e-01	   4.1348709327645145e-01	   4.2178497670823717e-01	   4.0717115079167088e-01	   4.4407564690751278e-01	   6.8758592255477025e-01	   7.2763931090701595e-01	   4.5714754584721340e-01	   5.1658257651260486e-01	   8.0993681258352734e-01	   8.7344332216937692e-01	   6.8660438514451672e-01	   6.6730760423460889e-01	   4.0147061113383997e-01	   3.9231555357256698e-01	   5.3400497746750386e-01	   4.6285176753795770e-01	   5.4509261016550192e-01	   5.0791882619898499e-01	   7.2055519572001264e-02	   1.9357632174855172e-01	   1.5371113036920506e-01	   2.0133042691437705e-01	   4.3205423142752342e-01	   4.7852221934449479e-01	   2.7544790694305643e-01	   3.7235283949992115e-01	   4.5709065996799608e-01	   4.4841010361026956e-01	   3.8828662748205472e-01	   4.3920448504433640e-01	   4.0365953267544841e-01	   3.7338396112291256e-01	   5.8055137581565819e-01	   5.4865842490720418e-01	   5.2061311809037836e-01	   5.0869522891692409e-01	   4.2022357193705062e-01	   4.0525493738755342e-01	   4.8303477762107760e-01	   4.9977957287708774e-01	   3.7497215165918002e-01	   5.0388829994061557e-01	   4.0021951434968861e-01	   5.4397141070276733e-01	   4.7282167647347395e-01	   5.0901764488509860e-01	   4.6642573788838237e-01	   4.9245395546353637e-01	   3.3718565642736475e-01	   5.5669151623384294e-01	   4.8321301653124038e-01	   5.5202036554545453e-01	   4.1614949485984332e-01	   4.8619356602843544e-01	   7.0432169896251817e-01	   6.7263010379455901e-01	   4.3351848295529177e-01	   4.0806282869640753e-01	   2.8535260099310905e-01	   2.1324827563719884e-01	   3.1931745602996531e-01	   3.8150257018194511e-01	   4.0309057231819856e-01	   2.5706176731541142e-01	   5.4190220651589338e-01	   4.9457860315336677e-01	   6.2730122094509466e-01	   5.2948821050386252e-01	   4.8593444536538799e-01	   6.1723116619031759e-01	   3.2776401633898067e-01	   1.8443637441833743e-01	   6.0418262343327156e-01	   6.0260893998313714e-01	   5.2027326196431356e-01	   5.5868809344067649e-01	   3.7620062532319737e-01	   3.0318858810974003e-01	   3.2128708327191363e-01	   3.1009229332217331e-01	   4.9514128098386390e-01	   3.9915876431363528e-01	   3.6968834766118341e-01	   4.7167753551915975e-01	   4.3926656309346618e-01	   3.9711110501640245e-01	   4.1930001798740485e-01	   4.0067123259241122e-01	   2.1018957802161758e-01	   1.7193030128445874e-01	   2.0194117803025657e-01	   2.4914542837589154e-01	   3.2193336756594249e-01	   4.0129401815610666e-01	   2.0369178384995618e-01	   3.0743884140175615e-01	   2.4888749479465438e-01	   3.2642997130416707e-01	   1.4592836910916854e-01	   9.3258793642463061e-02	
   6.9655627750027971e-01	   6.0739016551813574e-01	   8.2586088855496698e-01	   7.6208669494374215e-01	   7.8241088017567614e-02	   4.3871099521559803e-01	   0.0000000000000000e+00	   8.7910168496999352e-01	  -6.1084322208425121e-02	  -1.0685393774199865e-01	   7.7104501415816351e-01	   6.6901058755340381e-01	   8.1318672196586117e-01	   6.6971171201017388e-01	   6.3776907085107548e-01	   7.5541696771746236e-01	   5.4537713065219240e-01	   6.1048367040991769e-01	   6.5898729112135856e-01	   6.0446883928594808e-01	   5.5911562079778210e-01	   4.5858416471347785e-01	   7.6119340055723339e-01	   6.6845246046680562e-01	   3.2650084773573745e-01	   4.2667844769501628e-01	   4.3487448380417637e-01	   4.5595303963240152e-01	   6.6139567437834079e-01	   6.3219174773504427e-01	   7.7896248217759922e-01	   7.6915921929181419e-01	   7.1832800070246539e-01	   7.5591706107214529e-01	   1.9245449268302972e-01	   3.7162670740649018e-01	  -2.2639087792376146e-02	  -1.8430023642906418e-01	   4.3874228456771314e-01	   2.9940149020511547e-01	   1.4770536648917554e-01	   1.7079196545410491e-01	   3.5051138473460330e-01	   2.9272746484618295e-01	   3.4593108506366560e-01	   3.5279215901147631e-01	   3.4499674750342524e-01	   4.4831332327324813e-01	   4.0503190774587722e-01	   3.6634540092413564e-01	   4.1039801947734905e-01	   3.5892948644458478e-01	   3.7574616782380932e-01	   4.1371069926214482e-01	   4.0450660821052764e-01	   5.1282014998987890e-01	   5.3945755040012244e-01	   5.7631404844723955e-01	   5.0662949699509507e-01	   4.2805687570566164e-01	   8.0344613735150194e-01	   7.6464572923364749e-01	   5.5469181996775896e-01	   7.0764922044091338e-01	   6.3297401752308080e-01	   5.4324333070469732e-01	   5.9529477486412841e-01	   6.2296544162183010e-01	   5.8222512846038255e-01	   6.2694630543928209e-01	   5.6815489484758264e-01	   4.5201088029708492e-01	   6.0399919654085688e-01	   5.1825926414446810e-01	   4.9683648802047975e-01	   4.0261914515386066e-01	   4.1506773860793827e-01	   4.4515065500718087e-01	   5.4199943435728859e-01	   4.0831310693285261e-01	   5.4167908743474147e-01	   5.6082145522212401e-01	   6.6287309555776552e-01	   5.7391341134185747e-01	   5.4669626912782787e-01	   4.1230881785973716e-01	   3.5556484053762072e-01	   1.0850857117971019e-01	   5.4059034886121116e-01	   4.2397829872563847e-01	   3.8850551912368114e-01	   4.2168790012508356e-01	   2.1205575843465518e-01	   2.8140247136340979e-01	   3.6051434587543951e-01	   1.3080422142589415e-01	   3.7037123533131916e-01	   3.7194517102371560e-01	   2.9367454682372451e-01	   4.9627227998453732e-01	   4.6514148757246215e-01	   4.3831640741843148e-01	   3.8450892376231499e-01	   3.7111221610943934e-01	   2.0270416472974739e-01	   2.5164318467823249e-01	   4.2324841201234636e-01	   3.7176909673013137e-01	   2.8220288826147688e-01	   3.3254530606898663e-01	   9.0153520239907456e-02	   2.0644471868968184e-01	   2.0035584786509159e-01	   3.7121173017518738e-01	   3.5981589982468326e-01	   1.9179267425935195e-01	
   7.3879590418202779e-01	   6.7047743192705767e-01	   6.8845498640095570e-01	   8.9274453000747100e-01	   1.1920654753506163e-01	   5.6299311783945460e-01	   8.7910168496999352e-01	   0.0000000000000000e+00	  -8.1158610850913873e-03	  -1.0415851039611923e-02	   7.2543550450408034e-01	   7.6777822204474888e-01	   7.6892463050173798e-01	   7.9037675374390237e-01	   6.0804060668347459e-01	   8.3894854432659516e-01	   4.8421457502015230e-01	   5.8069422283913186e-01	   5.6279563624118856e-01	   5.5606590852430371e-01	   6.2200839275724229e-01	   5.7206960936366491e-01	   6.9779100219391799e-01	   7.4661195493263732e-01	   3.4912292111077958e-01	   5.1577934506481271e-01	   4.0365545371953093e-01	   5.0824402358551590e-01	   5.7916137802790280e-01	   6.3033672295259358e-01	   7.1133535559722039e-01	   7.9578221208727906e-01	   6.7948576039236430e-01	   7.6782898297423230e-01	   6.0488303552955237e-02	   3.2792493929166611e-01	  -3.4324395833016989e-02	  -1.2323973252118245e-01	   3.2696775121914445e-01	   3.3419382777472828e-01	   1.1802445486827837e-01	   1.9439042008062396e-01	   4.2119299523642822e-01	   3.3562684862182751e-01	   3.3783182144651513e-01	   3.8261261318633277e-01	   4.3902417811017891e-01	   4.8181642497563965e-01	   4.6500112600179111e-01	   4.3362873709591809e-01	   4.8397569564554244e-01	   4.1426193347941587e-01	   4.9515459296944919e-01	   4.3771282895829411e-01	   4.6110704000395386e-01	   5.5836154737899657e-01	   5.9358051100908937e-01	   6.0576114730607589e-01	   4.2444706428334034e-01	   4.7550842077162397e-01	   7.1700122281562051e-01	   8.1104832433685470e-01	   5.3969937399337209e-01	   7.1816561774972620e-01	   4.1774210471614215e-01	   5.9588041619121612e-01	   4.5540123523950671e-01	   5.9614385490594590e-01	   5.3509683175871303e-01	   5.6743847271020598e-01	   6.7884092349301894e-01	   6.4058580215443706e-01	   6.3987123657632050e-01	   6.1892896795465835e-01	   4.8567831854459842e-01	   4.5248685170870701e-01	   3.8132749620450934e-01	   5.0730550149256970e-01	   4.5369940644800077e-01	   2.4903848766661646e-01	   5.0984171092108821e-01	   5.1159300747514513e-01	   6.2833131323300517e-01	   6.7442241866155461e-01	   4.5739336435089856e-01	   4.5694170136649753e-01	   2.7629910429372972e-01	   3.8479118132224488e-02	   5.4348126581275502e-01	   4.5639113157038985e-01	   5.6492390757996014e-01	   3.9284878179285432e-01	   3.3318762625069093e-01	   1.8474117414751351e-01	   3.6827343703627885e-01	   1.3125776412946791e-01	   4.4035694117687751e-01	   4.4085154632870210e-01	   3.4369771566819540e-01	   5.3622357529521936e-01	   5.0384736665179941e-01	   3.7829063033868660e-01	   3.7650732984094804e-01	   3.2382565243331751e-01	   1.3702139825519674e-01	   1.3999846554538972e-01	   4.2444483123252313e-01	   2.6482296504879044e-01	   3.2377920425259804e-01	   3.3307584628665354e-01	   8.0895444805574271e-02	   2.3230873199736668e-01	   1.6334039080179602e-01	   2.8265535806563091e-01	   2.1291965134149116e-01	   1.7349957041774997e-01	
   6.5621366623891730e-02	   1.6330192061337323e-01	  -1.0469389548173751e-01	  -6.7084029434138548e-02	   9.1718694334356021e-01	   6.3027634122916887e-01	  -6.1084322208425121e-02	  -8.1158610850913873e-03	   0.0000000000000000e+00	   9.2066633769538642e-01	   2.1498406659384819e-01	   1.5462828315175106e-01	   1.6372089238623677e-01	   2.6715775628883821e-02	   4.8717815042002865e-01	  -9.0349155772987383e-02	   9.3351713926934504e-02	   6.9484405183356010e-02	   1.9623824573713758e-01	   3.0033851186184196e-01	  -2.7309802403434865e-03	   7.2669301565397859e-02	   1.4512232670946004e-01	   1.6097728737702369e-01	   7.0072332821698891e-01	   5.7555826111456887e-01	   1.8762997391322278e-01	   1.4721046247171377e-02	   1.6468436734419911e-01	   1.1490981154050128e-01	   1.0290450186665648e-01	  -1.8032807121957012e-02	   3.0562025242981972e-01	   2.0560890954707620e-01	   1.0804154443840122e-01	   5.3657284186824181e-02	   2.6415310170476775e-01	   2.2792801953892827e-01	   2.8497517478775125e-01	   2.1218999330837574e-01	   4.0814883482675973e-01	   3.1698841437135128e-01	   1.3850514826074389e-01	   1.6931246323204521e-01	   1.6832514894499331e-01	   1.5831203644863620e-01	   7.0522039420685939e-02	   4.4931228605830882e-02	   3.3701461675211741e-01	   2.8979707351278849e-01	   2.7211434846810290e-01	   3.1609391167314410e-01	   1.4941127033790585e-01	   1.9447257757698880e-01	   2.9576199085936400e-01	   1.8367242943265868e-01	  -3.5726042783283674e-02	   9.1384491101470788e-02	   3.0810440813522622e-01	   3.3511755725094328e-01	   2.4301146842858901e-01	   1.8902200377592956e-01	   1.9424980517465573e-01	   1.7038776516372117e-01	   1.5802243026874740e-01	   3.3071468512858682e-01	   4.0394744449519926e-01	   2.7876140627546886e-01	   3.6527428393418465e-01	   3.6783666202416238e-01	   1.9825725635104696e-01	   8.8708355483711518e-02	   1.8484602844227119e-01	   1.6783449327715941e-01	   2.1935664411198616e-01	   1.5143390585022301e-01	   2.4530789787939533e-01	   2.1289882125793474e-01	   1.3511747314792621e-01	   8.5063818415666459e-02	   2.4393225944301877e-01	   2.2872712797660927e-01	   3.4298024927941057e-01	   1.3199815140057813e-01	   3.0279774245750690e-01	   4.3868938646734956e-01	   5.2166354489427545e-02	   9.8503489683941514e-02	   3.8775539533513870e-01	   3.9420776754729647e-01	   2.0457307854404178e-01	   3.9574468883030822e-01	   1.3811474544229294e-01	   3.1779258178907854e-01	   1.4281792124466014e-01	   2.1657656199514291e-01	   1.5993221634522040e-01	   4.9960286442945576e-02	   5.8899155724479915e-02	   1.1745510194015515e-01	   1.3978228562453129e-01	   2.4752951632675424e-01	   8.1027805711674228e-02	   2.0280279833279632e-01	  -2.1575333629094182e-02	   9.2697265464371029e-03	  -1.6987904248495356e-01	   4.2751938214639976e-02	   2.7799061286594224e-02	   2.0236830009561313e-01	   1.4964367460055567e-01	   6.3734375764461823e-02	   1.1762297868179702e-01	   8.5382765503476149e-02	  -4.9255904742719972e-02	  -7.7669442311489131e-02	
   1.5893833611504171e-01	   2.6948404828660177e-01	  -1.3586629793002883e-01	  -8.6088612736275189e-02	   9.2494669038957089e-01	   6.9558943667209960e-01	  -1.0685393774199865e-01	  -1.0415851039611923e-02	   9.2066633769538642e-01	   0.0000000000000000e+00	   1.2977885539701411e-01	   1.2660998036965054e-01	   6.0860040159891923e-02	  -2.7266427192870195e-02	   5.3341896830969171e-01	  -5.5554857821883442e-03	   1.2338238511039133e-01	   1.0528872169150166e-01	   2.4204377694013512e-01	   3.3225729502427653e-01	   1.4101749285296827e-01	   2.5257721187414084e-01	   6.1584896381665900e-02	   1.0385088384553035e-01	   6.8869191733130286e-01	   6.0984504428453468e-01	   3.1682360887660871e-01	   1.4469556167100842e-01	   1.8877727975130268e-01	   1.3676127590313103e-01	   1.1625273227528912e-01	  -1.3380982304806714e-02	   2.9479775848254891e-01	   1.8732075118858599e-01	   1.6738446716786835e-02	  -1.1595317121519827e-01	   2.2809667821339852e-01	   2.7454313399734720e-01	   2.9572639858419869e-01	   2.7144772611383289e-01	   4.8159446943329609e-01	   4.0471119416067380e-01	   2.2431443311867236e-01	   2.3276297820865308e-01	   1.5930443520876331e-01	   1.4953638467674535e-01	   1.4658555959267236e-01	   7.2174185593274404e-02	   3.1854200057747195e-01	   3.2015361660560948e-01	   3.1530958242880913e-01	   3.4362358658295988e-01	   2.4019608450750984e-01	   2.4100530485598196e-01	   3.4746474130718330e-01	   2.2325159807649314e-01	   3.5058701616385794e-02	   1.9389721356163142e-01	   1.9287998012664376e-01	   3.0874909595407168e-01	   1.3731310806635119e-01	   1.3350753641445298e-01	   2.5197971931191232e-01	   2.1634099801642756e-01	   8.8941907127500552e-02	   2.0963521675207980e-01	   2.7857502543515311e-01	   1.6558363924842717e-01	   3.2654629934368606e-01	   2.7576816014976097e-01	   2.9180439954752624e-01	   2.2430596356663116e-01	   2.2505508694471965e-01	   2.2206816102201382e-01	   2.2195472703726127e-01	   1.7345541735690106e-01	   2.9076780749980907e-01	   2.7783094506678185e-01	   1.6305611207973184e-01	   1.0807406195996794e-01	   3.4914496643896331e-01	   2.9537617477317246e-01	   3.5865184973610842e-01	   1.7324380741770196e-01	   2.8237110079650585e-01	   4.2960239325853383e-01	   1.1188029907233693e-01	   1.5875633059232516e-01	   3.4247521504009515e-01	   4.0460724607420528e-01	   2.4618116493454809e-01	   3.2507826356196801e-01	   1.4630586320689576e-01	   2.2375088381373082e-01	   3.4596160026847442e-02	   1.4793275300749564e-01	   1.3103685517890845e-01	   7.5256306980741206e-04	   1.0786071077559437e-01	   1.4199936112242040e-01	   1.2539572401975746e-01	   2.0750019024092625e-01	   1.5595799410270489e-01	   2.4196393501102792e-01	   6.8198676555146429e-02	   5.4616398397299787e-02	  -2.0319215068245611e-01	   7.5292020492861989e-02	   1.6713982231923601e-02	   1.5067837447567883e-01	   5.7385551303150137e-02	   8.6516016384400485e-02	   1.4023335349294302e-01	   1.1652679407260162e-01	  -2.6807924654307900e-02	  -5.7267143016174304e-02	
   6.6867888210869486e-01	   5.9778597528077082e-01	   5.6324890966419494e-01	   5.0859852640908088e-01	   2.3534157679663373e-01	   4.4356170028068337e-01	   7.7104501415816351e-01	   7.2543550450408034e-01	   2.1498406659384819e-01	   1.2977885539701411e-01	   0.0000000000000000e+00	   8.6792740504986610e-01	   8.6558696360488707e-01	   7.6473625168504145e-01	   6.7070341099002018e-01	   6.1165559433553662e-01	   6.6538020294580735e-01	   7.0331966028549453e-01	   6.4126256146221505e-01	   6.2334274120940647e-01	   3.2811098740574640e-01	   2.4720446845268762e-01	   6.8443144006064316e-01	   6.3502070427237545e-01	   4.2987832080021976e-01	   4.7072423850257034e-01	   3.4635402773844826e-01	   2.6985338360637540e-01	   7.6015417517560413e-01	   7.7528050148848549e-01	   6.8861452550468027e-01	   7.0525727620032597e-01	   7.9239889044714540e-01	   8.4260618251051234e-01	   1.3793745110631131e-01	   3.9571690756165667e-01	   1.5667878791783185e-01	  -1.7240160156184632e-02	   3.3085265109086359e-01	   2.1389831214254362e-01	   2.9552016425989353e-01	   3.1943509084476490e-01	   3.3710889060015903e-01	   3.3895673342505217e-01	   3.2889244330019612e-01	   3.7168167562040200e-01	   3.4080877204079207e-01	   4.7858632338726875e-01	   5.5435366137861453e-01	   5.5237987167434943e-01	   5.1554463543549822e-01	   4.9715002880067394e-01	   3.9132039175797562e-01	   4.1881649619430106e-01	   3.9230690922236028e-01	   4.8483632887285588e-01	   5.3228482669876853e-01	   4.7820939524640105e-01	   6.1597366162919487e-01	   5.2260612608891099e-01	   8.3793387215024040e-01	   7.8622682659182019e-01	   6.8110571312466450e-01	   7.5062808105628087e-01	   5.0503131048451633e-01	   5.6646972099214965e-01	   6.2109166935137783e-01	   6.0750446811720826e-01	   7.2411508152485426e-01	   7.6193390484997547e-01	   4.2319118074886608e-01	   3.0054132190118049e-01	   7.4975045006442920e-01	   7.0283316698928944e-01	   7.2962021133841903e-01	   6.9147469889589674e-01	   4.9715390857601638e-01	   6.1900728945710304e-01	   6.4394591666557799e-01	   4.9739514901988807e-01	   6.6046298283511728e-01	   7.1814961840877545e-01	   7.4064909754123198e-01	   7.1841032577332964e-01	   6.0709104106770595e-01	   5.3803544677219761e-01	   1.7551484664918673e-01	   5.7539643271369435e-02	   5.3156899382122114e-01	   3.8613494086401901e-01	   4.2148196204730737e-01	   4.7376913063421283e-01	   2.2483263003762138e-01	   2.1551179540705012e-01	   4.0962201238882817e-01	   1.1398130939401432e-01	   4.3253670376560255e-01	   3.9407198388997466e-01	   3.4929128483251315e-01	   5.0926907200046845e-01	   5.0922635850436460e-01	   3.5610270530202098e-01	   3.5209128102293841e-01	   3.2968050975021956e-01	   1.1146017057209393e-01	   1.8106457090090466e-01	   4.4910733433630889e-01	   2.6150725904529804e-01	   4.1521249387519810e-01	   5.0817149253408012e-01	   2.5722630686576964e-01	   3.4110285810023777e-01	   3.1946045194677930e-01	   4.2438771889382881e-01	   3.3084100399224980e-01	   2.6806360614437280e-01	
   7.1398508194020993e-01	   6.7937873975961049e-01	   4.7521565774573665e-01	   5.7892719978615881e-01	   1.4998157819158478e-01	   4.2291049116590018e-01	   6.6901058755340381e-01	   7.6777822204474888e-01	   1.5462828315175106e-01	   1.2660998036965054e-01	   8.6792740504986610e-01	   0.0000000000000000e+00	   7.7431914995694173e-01	   8.8283497283593926e-01	   6.1560429275275286e-01	   6.6322267891466247e-01	   5.3402861872352692e-01	   6.7766701350179837e-01	   5.5878584821737132e-01	   5.9658194429724853e-01	   3.2298897042399460e-01	   3.2185569686043719e-01	   5.7786720855641882e-01	   6.6183794526530515e-01	   3.1523534469286252e-01	   4.0529204800175089e-01	   2.4610594846965664e-01	   2.5708265312114686e-01	   6.5043143613993770e-01	   7.8988584875016510e-01	   5.8077496227034253e-01	   6.5896577981042725e-01	   6.7393008417704825e-01	   7.8173774133245488e-01	   2.8822609702557473e-02	   3.1718005591482346e-01	   1.0786287054115135e-01	   3.3431064944352912e-02	   2.1896453411881842e-01	   2.1246729714543383e-01	   2.8323161686535514e-01	   3.6462971363713581e-01	   2.4035634193124777e-01	   1.9661535123555307e-01	   1.3209948299896268e-01	   1.8588840048375402e-01	   2.7446832172882052e-01	   3.7529657797638366e-01	   4.5834470751372597e-01	   5.0077211193744731e-01	   5.6299114450585996e-01	   5.6697165672593064e-01	   5.4709191560326698e-01	   4.9643400558980699e-01	   4.2546588373194200e-01	   4.9916311408382519e-01	   5.9461375068096800e-01	   5.7483531313010983e-01	   5.4972839882797864e-01	   5.7377140832412110e-01	   7.2367304330869398e-01	   8.1904533010738834e-01	   5.9261918776853206e-01	   7.8508918255583215e-01	   3.2808361127033825e-01	   5.2482171141708855e-01	   3.8836019994830107e-01	   4.2237597701494667e-01	   6.7653089628812779e-01	   6.5938458662386168e-01	   4.3590448184203795e-01	   3.8195312719653107e-01	   7.0610023483471851e-01	   7.7126990050395849e-01	   6.7281350321171618e-01	   7.2604102439967777e-01	   4.9392484232374145e-01	   7.0185141445239574e-01	   5.3561418610428901e-01	   3.1406931097990842e-01	   5.9094014489064739e-01	   6.3585097925541034e-01	   6.5657441799411398e-01	   7.3392881910495156e-01	   4.8825790177145501e-01	   5.5364078969611596e-01	   1.0494375996239706e-01	   3.5440987562202306e-02	   4.3543460665408457e-01	   4.2081593319505184e-01	   5.4028971058186159e-01	   4.0955963530759787e-01	   2.6847745761149239e-01	   1.3655616523005015e-01	   3.9085942062135959e-01	   1.3091295269380776e-01	   4.0756783243810885e-01	   3.6647243016433262e-01	   3.4079401125328929e-01	   4.8343153554942586e-01	   5.6684248459336095e-01	   3.2530233773122075e-01	   4.2759451655087943e-01	   3.9835401965643924e-01	   1.1275716829767016e-01	   1.4908263686338361e-01	   4.2192110180522274e-01	   2.5684715654888024e-01	   4.0816008748357502e-01	   4.6042159500959956e-01	   1.3555515448116279e-01	   2.5959826376236850e-01	   3.0885765111167157e-01	   3.6057950924385718e-01	   2.7340522210034912e-01	   2.2232649731829135e-01	
   5.6567435202829564e-01	   4.9421607110614296e-01	   7.0545995554834828e-01	   5.8771736370754057e-01	   1.6918051158578107e-01	   4.4896503000283239e-01	   8.1318672196586117e-01	   7.6892463050173798e-01	   1.6372089238623677e-01	   6.0860040159891923e-02	   8.6558696360488707e-01	   7.7431914995694173e-01	   0.0000000000000000e+00	   8.3252439817928003e-01	   7.3976805712324123e-01	   7.2186672523556350e-01	   5.5874332220990264e-01	   6.0552196476350828e-01	   6.1287895871366171e-01	   5.7174899082403863e-01	   3.7788506321206083e-01	   3.5358342908341012e-01	   7.6824292211601719e-01	   6.9369422653924451e-01	   4.6229679178946709e-01	   5.0045524163182498e-01	   3.4021490325469883e-01	   3.6513330017849621e-01	   7.3112831092415553e-01	   7.2868849296461957e-01	   6.7138656869420876e-01	   6.6998977847868391e-01	   7.7927476343297586e-01	   7.7944814043220556e-01	   4.0060978774773121e-01	   5.3167854242232726e-01	   1.9816125099892717e-01	  -2.8625185995479981e-02	   4.2805784323629303e-01	   2.4459664111295396e-01	   3.6562342764965772e-01	   3.4627058680859368e-01	   2.5554435772903067e-01	   2.2570225730757909e-01	   2.6935906601184145e-01	   2.8124348598330529e-01	   3.0441275913685983e-01	   4.0873970708655338e-01	   5.0248799564952529e-01	   4.4450568689483816e-01	   5.6941873520894182e-01	   5.1602760267030490e-01	   4.3699490277770336e-01	   4.3253246418556168e-01	   4.7348134938020847e-01	   5.3318122299026716e-01	   4.0856712449814314e-01	   4.8379920625950618e-01	   6.7419561118144977e-01	   5.2956015685958646e-01	   8.2767984780612447e-01	   7.6532031566077374e-01	   4.6475947181795602e-01	   6.6087839719426289e-01	   6.8596504345454701e-01	   6.4820233371728975e-01	   6.9442756150962515e-01	   6.7204209240026835e-01	   7.5612903695591871e-01	   7.2966635629203025e-01	   5.0317019669451080e-01	   3.7020141499045323e-01	   7.3274565194164043e-01	   6.7048961732264512e-01	   6.8114529246505007e-01	   6.2498682587357368e-01	   4.9062204623270256e-01	   5.1776373505222029e-01	   5.8997358763260865e-01	   5.1815594313516844e-01	   6.2785307648983268e-01	   6.9178476275984668e-01	   7.3175154821455246e-01	   6.2788948743274098e-01	   7.4260491520414640e-01	   6.2753859739082729e-01	   3.5013179241500630e-01	   1.9073060143619541e-01	   6.3858595570371812e-01	   4.5921619570268668e-01	   3.7536376409751959e-01	   4.2554219404027732e-01	   2.2914932591211112e-01	   2.4812509713642189e-01	   4.3068487698380009e-01	   1.8696504766041544e-01	   4.0608821244638382e-01	   4.1031562741901084e-01	   2.7581609434314425e-01	   4.8502833171386872e-01	   5.2169206088745868e-01	   3.4411305323908858e-01	   3.5295982452561347e-01	   3.1930226324489253e-01	   1.9071670412192476e-01	   2.3597157599803847e-01	   4.2103141367371483e-01	   4.0615663397312474e-01	   4.4197634405946123e-01	   4.0041624252312713e-01	   1.1335741748006103e-01	   1.8058447465541388e-01	   2.3335047979553664e-01	   4.1258404348453082e-01	   3.7172467333495707e-01	   2.2737709975824799e-01	
