   0.0000000000000000e+00	   8.2662407357884038e-01	   6.9020078571923871e-01	   7.1953431765131382e-01	   6.9034612154421726e-01	   5.1186811726043624e-01	   7.4127219757206941e-01	   6.8596596855078684e-01	   5.6718655409369978e-01	   5.5713604343720768e-01	   7.3748888708676197e-01	   6.7446580450834204e-01	   7.5427193682320037e-01	   5.9316764461040661e-01	   7.6211227482656063e-01	   7.1826685036862636e-01	   5.3481244709164044e-01	   6.3342152516027084e-01	   7.8201054321201791e-01	   7.3346024833788026e-01	   4.2272797658109762e-01	   5.0315493315942939e-01	   6.9114000606993797e-01	   6.5609474149217206e-01	   5.7892704505062187e-01	   5.0834697357893532e-01	   6.7999342623129744e-01	   6.2229336102967903e-01	   7.7576683293143889e-01	   7.5832750667876758e-01	   5.4963213692788671e-01	   4.7251781476767463e-01	   7.0461441620642529e-01	   6.5593578463886004e-01	   3.1277175108974198e-01	   3.0241529001034567e-01	   5.1439929539429374e-01	   5.4317359530207876e-01	   5.4976910541558888e-01	   6.0778612285195766e-01	   7.3396199044776989e-01	   7.1698034098917851e-01	   2.3399304805970819e-01	   2.7404093327755863e-01	   3.0375777916224023e-01	   3.2352347741627574e-01	   4.9955173453796653e-01	   5.7596979814018923e-01	   4.4938215385970282e-01	   5.4932734395541005e-01	   6.8471548002276594e-01	   6.6531072036176708e-01	   6.8558866392013806e-01	   7.1678160264832291e-01	   7.4209325647860669e-01	   7.4587951514469297e-01	   9.0522437675939416e-01	   7.4261095931713061e-01	   7.0784905924333041e-01	   5.7607928052013679e-01	   6.5739757616886874e-01	   4.9349949068924409e-01	   6.3115772841538931e-01	   6.2450990899038827e-01	   3.7984218619817622e-01	   2.5596017652969538e-01	   5.2633857094795156e-01	   4.8341439311129725e-01	   2.7816097872803530e-01	   2.0921765484042332e-01	   2.9936497070851409e-01	   2.7293292491139892e-01	   8.4716059533415411e-01	   7.7971947415241394e-01	   8.4529315230086965e-01	   7.6971690663372316e-01	   7.6007989348002813e-01	   7.1775332405675896e-01	   5.4912223883368494e-01	   5.9223957499787083e-01	   7.0912592654833984e-01	   6.9665927796906435e-01	   7.4039998301560139e-01	   8.2221369781524190e-01	   7.5890780698730675e-01	   7.1384365391734095e-01	   3.8220304130723859e-01	   4.5608758072757832e-01	   7.1845471206156131e-01	   7.5133471408166341e-01	   7.8030218022490150e-01	   7.5172550077355771e-01	   6.2644331663481378e-01	   6.8062116074110168e-01	   5.0250732548357477e-02	   2.6085511387776200e-01	   5.2611513528194565e-01	   4.1992478896380458e-01	   6.3949832096104375e-01	   5.6471483574172976e-01	   6.5413836732541919e-01	   5.2069865586192876e-01	   5.6877143132256369e-01	   4.3124798276339060e-01	   5.3977925629446244e-01	   4.4006167105934335e-01	   7.1313763246711537e-01	   6.4614575153330733e-01	   5.7261815708827782e-02	   3.4942428014325733e-01	   3.8123709127326333e-01	   4.2826083712236135e-01	   4.7864656415861623e-01	   2.5061806224540339e-01	   4.3967696678097229e-01	  -1.4219384156744888e-01	
   8.2662407357884038e-01	   0.0000000000000000e+00	   4.9635967516308832e-01	   6.2753266342610270e-01	   6.9378616186196140e-01	   5.1424131590359190e-01	   5.6709570941089127e-01	   6.9610475127052363e-01	   4.0930765982600459e-01	   4.5366953946417132e-01	   4.8602781724543587e-01	   6.5875415053711917e-01	   4.4011226780099255e-01	   4.7262263420746409e-01	   6.0854774884553664e-01	   6.7801695380791083e-01	   5.9086881476435849e-01	   7.2127613849104266e-01	   7.4138697362098926e-01	   8.0413184088494405e-01	   4.8025434630689501e-01	   5.9105271040375518e-01	   5.4994617678274160e-01	   5.8188177847305100e-01	   5.4946535199662383e-01	   5.4861451916831816e-01	   6.5558735045708327e-01	   6.0600167370254754e-01	   7.9635677865223342e-01	   8.4367279659814143e-01	   4.6076396667152186e-01	   4.1530893161865634e-01	   6.5982144363247586e-01	   7.0148700580258538e-01	   2.3205545707127873e-01	   2.7312332407391143e-01	   4.7509593375395787e-01	   5.3964539769303321e-01	   4.3318576198770609e-01	   5.6003917135467751e-01	   6.2675124275402028e-01	   7.2150662535659615e-01	   2.0131743746730399e-01	   2.6793824730880228e-01	   2.3306082702863196e-01	   2.8896617750125492e-01	   4.7015857358638025e-01	   5.0871801023064456e-01	   4.0231653431107878e-01	   5.2688515656238921e-01	   6.0720616901327451e-01	   6.4131012569386869e-01	   6.7607664853664617e-01	   6.9029202307396775e-01	   6.5819459435103922e-01	   7.0681935728862766e-01	   8.4836376018776849e-01	   8.2265529565734297e-01	   4.7413959676551798e-01	   5.0722170181624882e-01	   3.8382617987173123e-01	   3.7286873000936099e-01	   5.9421797486093653e-01	   6.8217308095340645e-01	   1.4545671866884421e-01	   8.9993965456926159e-02	   3.7415537018751288e-01	   4.2842015396773758e-01	   3.8013337155588239e-01	   3.4531245398099603e-01	   2.3784999227633313e-01	   2.8018768407812206e-01	   8.3688061692037374e-01	   8.6196519247378711e-01	   7.3956606701999150e-01	   8.2307551924118183e-01	   6.1225201863027567e-01	   7.2666086263892893e-01	   6.0005935454939952e-01	   6.1390676544094014e-01	   7.5232979022759328e-01	   7.2868477899674922e-01	   7.2321560865092782e-01	   7.8956077736655073e-01	   6.1112965183872303e-01	   6.9195366000914438e-01	   3.7023293780137395e-01	   4.4734988099456907e-01	   5.2499083168873628e-01	   6.4732807801266867e-01	   6.4236672927719762e-01	   5.1195694681706005e-01	   4.4199065311106656e-01	   4.1881265425377012e-01	   1.9313584334855868e-01	   2.9986741126507838e-01	   4.6966455055135015e-01	   3.0028939650318887e-01	   6.0783093325981663e-01	   4.4950632137297519e-01	   5.2007113465826749e-01	   2.5071555793338385e-01	   5.2103963636015749e-01	   2.4312375254345506e-01	   4.5874627296588022e-01	   2.5645234082590762e-01	   5.9088642914414713e-01	   5.5135208223084875e-01	   6.2379119391191076e-02	   3.4485286665436998e-01	   3.2912029644001028e-01	   3.7779207435093737e-01	   4.0083319877646217e-01	   2.1407738826364936e-01	   3.3855880025415608e-01	  -9.8563816381764396e-02	
   6.9020078571923871e-01	   4.9635967516308832e-01	   0.0000000000000000e+00	   7.3058905639460070e-01	   7.8741739091136542e-01	   5.2391900041349715e-01	   9.2833116805068483e-01	   6.2058535044068064e-01	   6.7701779060681266e-01	   5.9193712642428342e-01	   6.1408708493749919e-01	   4.6107005765383535e-01	   6.8457555233380551e-01	   4.3251185544758153e-01	   6.3748870253965406e-01	   5.2940157452024705e-01	   2.6788893767678834e-01	   2.9542626146177664e-01	   7.2474508301753326e-01	   6.1805302744767365e-01	   5.4847612911615884e-01	   5.7889935855899111e-01	   8.3426165538254771e-01	   7.2373597104630316e-01	   7.0575807803304647e-01	   6.5088197428846117e-01	   7.5401380775239746e-01	   7.1040534906488650e-01	   6.0061391105396622e-01	   5.4987664576625062e-01	   7.1604147571703214e-01	   6.2436286272133645e-01	   7.2336089996319219e-01	   6.4070329402688808e-01	   6.0433095224014965e-01	   5.7497571473678688e-01	   4.7376201988672162e-01	   4.7820094155954423e-01	   4.9832222000331738e-01	   5.2406891833573632e-01	   5.8428651822330746e-01	   5.1573405323964616e-01	   3.0895792802020433e-01	   3.1806209339633901e-01	   3.9157165701144536e-01	   3.6954007948985973e-01	   4.9929861392461383e-01	   5.3793168219243626e-01	   4.4895551249035198e-01	   4.5635130352967201e-01	   6.1843995013484199e-01	   5.5386858626331059e-01	   5.7364490780990784e-01	   6.4565006366997357e-01	   6.5544968618946309e-01	   6.1882621013268202e-01	   6.1513375115770963e-01	   4.1034513331753497e-01	   6.9555132933374431e-01	   3.9360143278968684e-01	   7.6406702417431771e-01	   4.6677850234437585e-01	   5.8389739080304581e-01	   4.2763230651856038e-01	   6.8169471503815326e-01	   5.1386828347691160e-01	   6.7567629911170712e-01	   5.9681006821319382e-01	   2.7790956795004862e-01	   1.9477496451744872e-01	   4.6645769968921752e-01	   3.5087804833390418e-01	   6.1066756294974267e-01	   5.6491392402256912e-01	   5.8258535997936156e-01	   4.6428019878826654e-01	   7.7751520955244402e-01	   6.0054004229367874e-01	   2.6597496179291236e-01	   3.3547260842554194e-01	   4.5958751082764859e-01	   4.8657973644826497e-01	   5.5579534513650741e-01	   6.7193375238921804e-01	   7.5214389613787702e-01	   6.2590594200305028e-01	   3.4146140850613926e-01	   4.7853549604488271e-01	   6.8837845855584612e-01	   6.1567065947570510e-01	   6.7442266262860451e-01	   7.6580203454887763e-01	   5.6851752455348215e-01	   7.7584552801166695e-01	   1.3993977622287568e-01	   2.4471147001841587e-01	   5.2080018879068712e-01	   4.2335047463840314e-01	   5.0999447787410612e-01	   5.2056844627028631e-01	   5.6115120166208887e-01	   7.0207730532071033e-01	   4.2753307514848116e-01	   4.9814274193838098e-01	   4.7154729559590286e-01	   4.5525900957063359e-01	   6.5295860485723434e-01	   6.9702637241955878e-01	   2.9495823300753654e-01	   3.2734177657348856e-01	   2.9825720720542220e-01	   3.7382685164499896e-01	   4.5474338219283666e-01	   1.7932355765090863e-01	   2.6093590651989074e-01	  -6.9643352847829965e-02	
   7.1953431765131382e-01	   6.2753266342610270e-01	   7.3058905639460070e-01	   0.0000000000000000e+00	   7.0318229494324058e-01	   7.3594396850323518e-01	   7.1865268378386138e-01	   9.0894129746394792e-01	   5.7070289732239099e-01	   7.4300296293016810e-01	   6.6741754627299965e-01	   6.3670096217276395e-01	   6.1456097723222380e-01	   5.5730193692248875e-01	   6.4233977521966168e-01	   6.2948917862877007e-01	   5.2720927202273782e-01	   5.2743011165853526e-01	   7.3079452614264118e-01	   7.0962409420619699e-01	   4.5455235765303148e-01	   5.9244109852585769e-01	   8.0062195248265622e-01	   8.2178894187965001e-01	   7.0763850371469272e-01	   7.5420192818222165e-01	   6.4105089249767966e-01	   6.1504129479382796e-01	   7.4451397901955585e-01	   7.1126301903617750e-01	   7.0543852587037481e-01	   7.4154736715649139e-01	   7.4767801027316638e-01	   7.9368553962108979e-01	   4.7954330797185785e-01	   5.4021068048681986e-01	   5.1673946983097618e-01	   4.9577884428938979e-01	   5.5541368880340003e-01	   5.9985713176713529e-01	   6.3860453407037188e-01	   6.6682317556523774e-01	   3.0461911378289508e-01	   3.3566854703517990e-01	   3.8844012787489163e-01	   3.9460936942366470e-01	   5.4356861745066776e-01	   5.4879394647122925e-01	   4.5800572946517881e-01	   4.8263650428670601e-01	   5.1436529430261446e-01	   5.3080003496949468e-01	   5.7746536646684721e-01	   6.1961126633051278e-01	   6.4060880639509332e-01	   6.1962068809487081e-01	   6.8958478935843348e-01	   5.6632315816348600e-01	   5.1630944474336982e-01	   6.0973511662888669e-01	   5.5976457792172429e-01	   6.2181243733332869e-01	   6.5533796238749931e-01	   6.5033799677369053e-01	   4.3697204408650692e-01	   5.2981418032013983e-01	   4.5934684862965319e-01	   5.6434100720519287e-01	   2.5360729990562558e-01	   1.7844662364161426e-01	   4.3779199338179609e-01	   4.4311212924803617e-01	   7.2410407792318110e-01	   7.1185183658687978e-01	   6.7496527101039239e-01	   6.3432142411852621e-01	   7.9131226824622303e-01	   7.9051596370534183e-01	   4.7632685854840812e-01	   5.1152896609383891e-01	   6.6406219751409912e-01	   6.0001786135246749e-01	   6.4238388144322112e-01	   6.9744517175170784e-01	   6.3607116197543112e-01	   6.5511576367160973e-01	   3.7536738574728956e-01	   4.6601779448063874e-01	   6.2594194759467081e-01	   6.3453943395556189e-01	   7.4317259572182359e-01	   6.4686702812773256e-01	   6.7554512201885730e-01	   5.9099958052565094e-01	   1.2725884428131638e-02	   1.1838678913778375e-01	   4.9498690851451776e-01	   2.6681607574046001e-01	   6.0350236508460409e-01	   4.8480837559479928e-01	   6.4878891999086230e-01	   4.7573445418925964e-01	   4.9389779598496147e-01	   3.4673675935745496e-01	   4.7014507158295959e-01	   3.1343565126486272e-01	   6.2392966445616627e-01	   5.6093802783658131e-01	   1.8951751694924190e-01	   1.7829001583369744e-01	   2.5655536645326832e-01	   3.3200000057119627e-01	   4.2321665227546501e-01	   1.7375747076124939e-01	   3.4668928100511442e-01	   2.0751912152559643e-02	
   6.9034612154421726e-01	   6.9378616186196140e-01	   7.8741739091136542e-01	   7.0318229494324058e-01	   0.0000000000000000e+00	   7.1093315674766122e-01	   7.6748371638982338e-01	   6.3175293032918445e-01	   7.3908733415427497e-01	   6.0960977842717035e-01	   5.2949786761780782e-01	   4.1576441490376859e-01	   4.8760139156356985e-01	   3.9137208244552046e-01	   6.3871458491938571e-01	   5.1109951806840059e-01	   5.1167794486763774e-01	   5.2122505211294179e-01	   7.5755766147864834e-01	   7.4476218382291104e-01	   7.3436344896845862e-01	   7.8488809631731149e-01	   7.0351604447721816e-01	   6.4990644609379977e-01	   7.6962221948918597e-01	   7.4380153647532543e-01	   8.5363224468710153e-01	   8.0375683295524969e-01	   7.1974472967045211e-01	   6.4798703846486772e-01	   5.6642342070997331e-01	   4.8048436248407689e-01	   7.2112761319156327e-01	   7.0326137479736184e-01	   4.3956335182783107e-01	   4.6550176176604885e-01	   5.8723005177523424e-01	   4.9875393744552482e-01	   6.7720443405862851e-01	   7.0056350775480558e-01	   7.3230128601744082e-01	   6.9167190915247401e-01	   4.3823578995273660e-01	   4.9506265168566072e-01	   4.7662891600837970e-01	   4.9194094870695015e-01	   6.1248427772490621e-01	   6.1005586864548367e-01	   5.9565256596155280e-01	   5.9446373039700739e-01	   6.8279567394715646e-01	   5.9288505442292116e-01	   6.3322429876003317e-01	   6.2718911954557843e-01	   6.6727846076855113e-01	   6.4624800879928224e-01	   6.9168873978354339e-01	   5.5503302157708667e-01	   5.8739836887982477e-01	   4.3452228990780406e-01	   5.1912122474678302e-01	   3.1181923327420968e-01	   5.2109557095176562e-01	   4.1597244910842668e-01	   4.5827943364063145e-01	   3.1328612237385212e-01	   5.8963034884939869e-01	   5.8856075516934425e-01	   3.7966410395626948e-01	   3.5160527347449511e-01	   2.9609029282287408e-01	   2.3609287765030518e-01	   6.4739124364795098e-01	   6.0699807404248962e-01	   5.2172589971536121e-01	   4.5382348995450389e-01	   7.1977647122104260e-01	   6.4516645282717089e-01	   5.1012707849183658e-01	   4.7769176823753856e-01	   6.1061455130083742e-01	   5.0386415656156913e-01	   6.6214574091335854e-01	   7.0077895833761983e-01	   6.5258009636158465e-01	   5.5723766718991719e-01	   6.2483591996879551e-01	   5.7018203357026265e-01	   5.9668827007056024e-01	   6.0257713393255319e-01	   6.8302798210381777e-01	   6.5640511255141143e-01	   5.2184537923087249e-01	   6.3191686838315719e-01	   2.6313974317446326e-01	   3.5152640231617877e-01	   5.8892417359836113e-01	   3.6147665038545906e-01	   6.2862583242330594e-01	   5.3156272775665914e-01	   5.3776015509647146e-01	   6.2312946265897473e-01	   5.5144164236913240e-01	   5.8148145808788021e-01	   6.8694247371327988e-01	   5.5990000210973556e-01	   5.6182252298123347e-01	   6.2496611857810702e-01	   2.6613066587765272e-01	   1.4321122578430964e-01	   3.6029518072985772e-01	   4.7337538522486688e-01	   5.5147060613959886e-01	   3.3784811606001652e-01	   4.3459165571247976e-01	   9.4993990286557695e-02	
   5.1186811726043624e-01	   5.1424131590359190e-01	   5.2391900041349715e-01	   7.3594396850323518e-01	   7.1093315674766122e-01	   0.0000000000000000e+00	   5.6838475007677469e-01	   6.6025691126570196e-01	   4.3729505068543623e-01	   7.1853144189949891e-01	   4.9631007428878193e-01	   3.3472680822575251e-01	   2.8786689117094694e-01	   2.5190886879656760e-01	   4.7384274025805750e-01	   3.7213346878121578e-01	   5.7924305612375138e-01	   5.2028180031127014e-01	   5.9532358615495273e-01	   6.3815316647975473e-01	   5.2907205538876878e-01	   6.7569677039042753e-01	   5.6220169088478145e-01	   5.3404387334739467e-01	   5.8634684748258603e-01	   7.0848061563452713e-01	   5.4279148383090614e-01	   5.5780634605113055e-01	   6.9104488625968885e-01	   6.3770675965147194e-01	   5.8290746170448726e-01	   5.7878917357025039e-01	   6.0063535626696574e-01	   6.1800213533314041e-01	   2.8185745824061093e-01	   4.0940217022133407e-01	   4.1203931146927431e-01	   3.9393233852073517e-01	   6.5017526179274177e-01	   6.4596901459370049e-01	   6.5467804185869871e-01	   6.6444480361615255e-01	   5.2485958189895943e-01	   5.5735030667606433e-01	   5.5343758607922600e-01	   5.7750020988185846e-01	   6.4341409206557576e-01	   6.1156214145205778e-01	   5.6161690043901347e-01	   4.9177407644313353e-01	   4.3660724982731780e-01	   3.8357629318760678e-01	   3.7546284975436084e-01	   4.1003984248788244e-01	   4.8296369275347617e-01	   4.7472913431321995e-01	   5.4157971805140803e-01	   4.8843452476940818e-01	   4.3424316198706803e-01	   4.8563905580831179e-01	   2.9725237388228531e-01	   2.0662317949601933e-01	   5.4889900608061948e-01	   3.9427252622081532e-01	   1.7853411410569522e-01	   2.1909469523541711e-01	   4.6968321027851334e-01	   5.5133477224435690e-01	   3.9823761298057059e-01	   4.0380255734498394e-01	   3.6137867930439560e-01	   2.5878420313433675e-01	   5.5166608858008959e-01	   5.4787266316495820e-01	   4.3079368063544110e-01	   3.9435070295296182e-01	   6.9628814543112560e-01	   6.4190620807895415e-01	   5.7294459813822385e-01	   4.9272091859779504e-01	   6.3587069828850595e-01	   4.5968591041619261e-01	   5.2181280644248629e-01	   6.2215941456450752e-01	   4.1599694621728267e-01	   4.3256394944001242e-01	   4.3931686372703527e-01	   4.3185959372273608e-01	   4.7483045287373898e-01	   4.2868611966688169e-01	   6.0090680770888083e-01	   5.0836819281806300e-01	   4.0449570503995846e-01	   4.5803251573947912e-01	   1.7621883672329763e-01	   2.9039456111500056e-01	   4.8935150459259963e-01	   3.1933580566116121e-01	   6.5280986490901483e-01	   5.1946024762684873e-01	   5.5686416896973123e-01	   5.2335341742635888e-01	   5.7178489404080246e-01	   5.0901424994164901e-01	   5.4732036796945560e-01	   4.0691477284227162e-01	   4.9020116822054816e-01	   5.0366905150351116e-01	   3.8471616106621315e-01	   1.3235785537409308e-02	   3.6850865219356377e-01	   4.7455824390007240e-01	   5.7180958164308426e-01	   3.8314920070949160e-01	   3.8824462594061282e-01	   2.2981733295253495e-01	
   7.4127219757206941e-01	   5.6709570941089127e-01	   9.2833116805068483e-01	   7.1865268378386138e-01	   7.6748371638982338e-01	   5.6838475007677469e-01	   0.0000000000000000e+00	   7.1069977889231994e-01	   6.3510329489434281e-01	   5.4694034116550472e-01	   6.5180062235860470e-01	   4.8722974192007418e-01	   7.0810422681812191e-01	   4.6238739609344437e-01	   6.1380932356288964e-01	   5.2264374883147013e-01	   3.3983065893738440e-01	   3.5068926467139466e-01	   7.2641109249923064e-01	   6.7158829583508517e-01	   4.9676320122129652e-01	   5.8165109146762373e-01	   7.7727566581267471e-01	   6.9307647477069312e-01	   6.4315567648211724e-01	   6.2476021694086481e-01	   6.6057569438351593e-01	   6.1970474650585772e-01	   6.5443254996730671e-01	   6.2339466661178300e-01	   7.6054350820042127e-01	   6.6706046661743934e-01	   8.1791769916515134e-01	   7.2553456461160648e-01	   5.2666066737504469e-01	   5.2384564208397488e-01	   3.6674884441154820e-01	   3.9850695117933893e-01	   5.0272146984114385e-01	   5.1955490292526629e-01	   5.8143243376099618e-01	   5.1979970018099064e-01	   3.9235247312905164e-01	   3.9749895118174061e-01	   5.0597633590590119e-01	   4.7874292483246839e-01	   5.6908451353377398e-01	   6.3387304262850397e-01	   5.6500985886908905e-01	   4.7039523274170297e-01	   6.5268544945913509e-01	   5.5084443361892210e-01	   5.3828180913050350e-01	   5.9999027766917146e-01	   6.4684102097760399e-01	   6.2420224894116139e-01	   6.8291485512853656e-01	   4.1787028072594368e-01	   7.7292381163237456e-01	   3.9406041671883613e-01	   7.8706147983062991e-01	   4.5910783631823648e-01	   7.0067971974937904e-01	   5.5050800853356929e-01	   6.1446782769093333e-01	   4.5920809751974662e-01	   7.6328393369960401e-01	   6.7333023642212375e-01	   3.3329131124962191e-01	   2.8347094034910736e-01	   4.7902085837768837e-01	   3.8505050669407298e-01	   6.7731265551047404e-01	   6.5474554929026363e-01	   6.3927463202513979e-01	   5.4598429211783173e-01	   7.7862552973010124e-01	   6.2350646735502568e-01	   3.4261233596809848e-01	   4.1255458477083456e-01	   5.4166734152812113e-01	   6.0568964854303942e-01	   5.3615012526504269e-01	   7.0566484738657853e-01	   7.6346189321931268e-01	   6.9844860468265801e-01	   2.8329271990005117e-01	   4.5780285611576454e-01	   6.4345481431756246e-01	   5.6815012713413959e-01	   7.1585360599436776e-01	   8.1271529772428763e-01	   5.3079113712219006e-01	   7.7391860315149896e-01	   1.8791170577400632e-01	   2.9111814996233698e-01	   5.9480347683208534e-01	   5.3711097921061524e-01	   5.8606865398215147e-01	   6.2142007763585183e-01	   6.0481607409931093e-01	   7.0109644310162977e-01	   5.0747273456315400e-01	   5.3393823646104366e-01	   5.0663658231628450e-01	   4.2628126657549054e-01	   7.1771523817337335e-01	   7.5595458567935059e-01	   2.5516561666149928e-01	   3.0572140149116200e-01	   3.6485218885979276e-01	   4.5139119891353396e-01	   5.4279847041373919e-01	   2.4155117983914270e-01	   2.9209458267575295e-01	  -6.0055935089613668e-02	
   6.8596596855078684e-01	   6.9610475127052363e-01	   6.2058535044068064e-01	   9.0894129746394792e-01	   6.3175293032918445e-01	   6.6025691126570196e-01	   7.1069977889231994e-01	   0.0000000000000000e+00	   5.0878252665210866e-01	   6.5341256584078877e-01	   6.2365800017765527e-01	   6.9752716174711016e-01	   5.9422547310795260e-01	   6.4095542258530103e-01	   5.7316769113025579e-01	   6.4059520313678120e-01	   4.9271305952346356e-01	   4.8723081884079200e-01	   6.5173129343557279e-01	   6.8278770387098664e-01	   4.2866617725728107e-01	   5.9385919085619676e-01	   7.3931766807737986e-01	   8.1322196586440620e-01	   6.3146094797529639e-01	   7.2128080008435269e-01	   5.3639361358573989e-01	   5.0203039141450845e-01	   7.0163908140346654e-01	   7.3070087539645978e-01	   7.0276436948565968e-01	   7.5780944681932882e-01	   7.7429596355701147e-01	   8.2954374358307992e-01	   4.3032371435764771e-01	   4.8616719161044691e-01	   3.8745164136907040e-01	   3.9607806488589176e-01	   4.4870949746384015e-01	   5.1346898796138163e-01	   5.1783289371743702e-01	   5.4790949371942255e-01	   2.8977872403381533e-01	   3.2635819520532611e-01	   3.8952508199365465e-01	   3.9253041463609728e-01	   5.1949166132948599e-01	   5.3839622155591393e-01	   4.7955621906112461e-01	   3.9757453899738610e-01	   4.8687840402917248e-01	   4.7420663824594816e-01	   5.1832737728877043e-01	   5.6653190306316570e-01	   5.6128180975735165e-01	   5.4436180633707032e-01	   7.0200132719081410e-01	   5.4921276518051854e-01	   5.0428105510129650e-01	   5.5822937444641785e-01	   5.3705473670715320e-01	   6.3102432220413118e-01	   7.0533743222803991e-01	   7.3852372756642160e-01	   3.7359451032526497e-01	   5.0773628892049849e-01	   4.4718593123759476e-01	   5.6810720296920836e-01	   2.5080120556795027e-01	   2.1885402171186158e-01	   5.0799422502461267e-01	   5.7047435871280894e-01	   7.3091083294554382e-01	   7.4489780711139053e-01	   6.9013123809558730e-01	   6.7560234828108001e-01	   6.6410964058934630e-01	   7.2153671711895595e-01	   4.8494266747306281e-01	   5.2913766732933065e-01	   6.9366222186441395e-01	   7.0270076760684663e-01	   5.2448317304748771e-01	   6.5188394133099814e-01	   6.0361348454078823e-01	   7.1662181775609957e-01	   2.5513883365484058e-01	   4.3215274253603875e-01	   4.6333840020016498e-01	   5.0940926231753691e-01	   6.5816953804467460e-01	   5.5553224059377238e-01	   5.7225298724079599e-01	   4.6578167233255902e-01	   1.1446635561148868e-01	   1.2822863880652507e-01	   4.7944596689958052e-01	   2.9669146395673085e-01	   5.2620779668167916e-01	   4.2863579448226696e-01	   5.3298285379215249e-01	   3.2457102751882333e-01	   4.2170811539358422e-01	   2.2026737232581250e-01	   4.0614196787886758e-01	   1.6499337746000659e-01	   5.6349219021728303e-01	   5.1663966883118384e-01	   1.1171294889981419e-01	   1.7120377171453999e-01	   1.8954383860010737e-01	   2.4678472971019108e-01	   3.5618038946161901e-01	   7.4189717267662825e-02	   2.1240749639260489e-01	  -6.1759852230384861e-02	
   5.6718655409369978e-01	   4.0930765982600459e-01	   6.7701779060681266e-01	   5.7070289732239099e-01	   7.3908733415427497e-01	   4.3729505068543623e-01	   6.3510329489434281e-01	   5.0878252665210866e-01	   0.0000000000000000e+00	   6.4839826171328319e-01	   6.9823771143800140e-01	   4.4404087803401077e-01	   7.1554367960262033e-01	   5.9146339503363166e-01	   6.1636899535040279e-01	   4.5507417573604703e-01	   2.8271475252176637e-01	   2.9105174316531907e-01	   4.5989805919575621e-01	   3.5114105133006146e-01	   3.6559295198785496e-01	   3.7254523652214633e-01	   6.4041235999426060e-01	   5.4823329346031469e-01	   6.2597064402576152e-01	   4.5039322947802607e-01	   5.7930995428679344e-01	   4.6503852535782175e-01	   4.3150252222578112e-01	   3.2700721495552026e-01	   3.6269590946903890e-01	   2.7843319489787677e-01	   4.1155740457499856e-01	   3.6842983218615732e-01	   2.3777416140972427e-01	   1.4594605400330227e-01	   3.0273208679344538e-01	   1.5875041934025474e-01	   3.6538593380151957e-01	   3.5473988329006573e-01	   4.0681744203600179e-01	   3.0564112367866636e-01	   1.2305829556583900e-01	   1.6075143552146587e-01	   1.6109711919435904e-01	   1.3587148190995565e-01	   2.7874224522689417e-01	   2.5004741176622747e-01	   2.7725058914050354e-01	   3.5412886886513972e-01	   5.0880224492718140e-01	   4.0156483045956892e-01	   4.9706600368762666e-01	   4.7825295475106322e-01	   4.2410942253408440e-01	   3.0475868147225949e-01	   4.1685837473678911e-01	   3.7135912275552163e-01	   4.5384822149254006e-01	   3.8092068969946224e-01	   6.6162809713122916e-01	   5.4798774133566119e-01	   4.2191180261971456e-01	   3.6605275744396648e-01	   5.5057204204808596e-01	   4.4192487122180346e-01	   2.9028526646789055e-01	   2.1090653721678723e-01	   5.4342869383723041e-02	   2.8780645828067549e-02	   3.0663271993440600e-01	   2.7295978002418697e-01	   3.9859844781571829e-01	   4.0361918594671720e-01	   4.3898333240154613e-01	   2.5464147953139837e-01	   5.4309936918393176e-01	   4.0594610641632600e-01	   2.5999087688858147e-01	   2.8469249420871068e-01	   3.0756445308274111e-01	   2.3645679418409707e-01	   2.9835744169907535e-01	   3.5813376775873207e-01	   4.8463719653261472e-01	   2.8266514603872833e-01	   3.5718440072569768e-01	   2.6520220293583963e-01	   5.0219437019690272e-01	   4.3933155515138811e-01	   4.3913229246987806e-01	   5.6717171255727383e-01	   4.5718460507877229e-01	   6.2712350814170670e-01	  -2.0478592717890709e-02	   6.5662886107820478e-02	   2.1142080534175556e-01	   5.2466501925776801e-02	   1.9745788466498426e-01	   1.8334610496653458e-01	   2.9198829674024263e-01	   6.4789745940290366e-01	   1.6052850535299976e-01	   3.4263812802530058e-01	   3.6486994423440688e-01	   3.7807877553741714e-01	   3.0668624570354319e-01	   3.9812503731272575e-01	   1.9817632764635337e-01	  -7.5559913009173890e-02	  -1.3659828666865785e-02	   8.7783480943118039e-02	   2.5101771925836408e-01	   8.0455639400875120e-02	   2.6676882172450000e-01	   1.0176366485365154e-02	
   5.5713604343720768e-01	   4.5366953946417132e-01	   5.9193712642428342e-01	   7.4300296293016810e-01	   6.0960977842717035e-01	   7.1853144189949891e-01	   5.4694034116550472e-01	   6.5341256584078877e-01	   6.4839826171328319e-01	   0.0000000000000000e+00	   6.6817945057942840e-01	   5.6194720015681576e-01	   6.0460600119043129e-01	   6.3454671655492034e-01	   6.5098670764589228e-01	   6.4355461460887997e-01	   3.3547113445021592e-01	   2.9421652857222996e-01	   4.6996092425889646e-01	   4.1313163977186612e-01	   4.2744059190927264e-01	   5.0618972723262945e-01	   6.7943306242203216e-01	   6.7934653986775095e-01	   6.1639198223227276e-01	   6.0442316337638169e-01	   5.6598272145169171e-01	   5.1080384564069581e-01	   5.2235968631862351e-01	   4.6631181469794525e-01	   4.7414885087115172e-01	   4.9428748210928275e-01	   3.9272821134694952e-01	   4.1962379858419169e-01	   2.6007138665311619e-01	   2.5617916843673222e-01	   4.4246598540041437e-01	   3.7771865516307168e-01	   4.2282750589010470e-01	   4.4362230121140328e-01	   5.3459361024744134e-01	   5.1716883360247212e-01	   1.7521981481300788e-01	   2.0169256577641156e-01	   1.7219274467220741e-01	   1.7786628819526443e-01	   3.7472805165696443e-01	   3.3120289984821222e-01	   2.4691681612606256e-01	   3.1592012794983743e-01	   4.6157452286171485e-01	   3.9736574275045972e-01	   5.0614565945038847e-01	   5.3601849100019905e-01	   4.7478109388478046e-01	   3.9511246489162627e-01	   4.9863407069629412e-01	   4.5437644532436494e-01	   3.2622600691314874e-01	   4.3713669198159510e-01	   5.1904813181099840e-01	   5.6567351358083784e-01	   4.9386942081850849e-01	   4.2311696828407191e-01	   4.4537969679085992e-01	   4.4519003579668576e-01	   1.8135451690693447e-01	   2.0108172784730838e-01	   1.8619422528889221e-02	   5.0207923817890063e-03	   4.5550182513245718e-01	   4.3005757931765465e-01	   5.3701833750919392e-01	   5.1937774422577643e-01	   5.4272468176891275e-01	   4.1037196053656200e-01	   6.4136984808150199e-01	   5.5802161463153110e-01	   3.1413898885376335e-01	   2.6089153416433586e-01	   3.8915432861646426e-01	   2.9460660213502254e-01	   4.2185263198615341e-01	   5.0364182830473903e-01	   4.3545225371521246e-01	   4.1492600746320296e-01	   2.3250018980209086e-01	   2.3478832039363698e-01	   5.8498641116475469e-01	   5.3722329393929891e-01	   5.3166528090572607e-01	   4.9443707063403042e-01	   5.0976082246213572e-01	   4.9569835564773634e-01	  -1.0653676029535886e-01	   1.8031589386390927e-02	   1.5950575009027557e-01	  -5.0782319508894773e-02	   3.0353193750087021e-01	   2.1901564495222456e-01	   4.0023521898741687e-01	   4.9068119412112365e-01	   2.2238325002329473e-01	   2.0469459089457592e-01	   1.9321507306124625e-01	   1.4385470599997927e-01	   3.6318006322923380e-01	   3.7869797235254316e-01	   2.0272714236156103e-01	  -8.9777933295608445e-02	  -1.0415612949266411e-02	   8.3617978987791788e-02	   2.2212481971200687e-01	   6.0724032886483197e-02	   1.4930438961108447e-01	  -1.3622025059759360e-01	
   7.3748888708676197e-01	   4.8602781724543587e-01	   6.1408708493749919e-01	   6.6741754627299965e-01	   5.2949786761780782e-01	   4.9631007428878193e-01	   6.5180062235860470e-01	   6.2365800017765527e-01	   6.9823771143800140e-01	   6.6817945057942840e-01	   0.0000000000000000e+00	   7.0161852119512291e-01	   8.8687898848884172e-01	   7.3331131334433497e-01	   7.2699691638538932e-01	   5.8459219108980465e-01	   5.2408521426427546e-01	   5.0249280102101768e-01	   5.8261412589966954e-01	   4.8590189369243514e-01	   2.2159652067670568e-01	   2.7536887820811445e-01	   7.0903885160681956e-01	   6.4566145813818132e-01	   6.0531252745869735e-01	   4.4636434477742337e-01	   4.7550125664229503e-01	   3.7945561145495954e-01	   6.2584087907874797e-01	   5.3628390124160663e-01	   4.8279959824008067e-01	   4.2616480531018158e-01	   5.3398372988892184e-01	   4.7039184202470702e-01	   2.1753494530759401e-01	   1.6919705980593361e-01	   3.5179613811766020e-01	   2.3076260679952540e-01	   4.2712706736111766e-01	   3.8278782250811616e-01	   5.2359855111050158e-01	   4.0870063895190489e-01	   2.4912763591772608e-01	   2.6024260906732860e-01	   3.1750583614166689e-01	   2.9962058768018829e-01	   4.2930137778315269e-01	   4.1826372786555910e-01	   4.4955084615560997e-01	   4.5419136348465250e-01	   5.8692548634614883e-01	   4.8691532269254068e-01	   5.0139454314117571e-01	   4.8762791954101936e-01	   5.2680131840386379e-01	   4.0583128066294027e-01	   5.8376632185615085e-01	   5.7587589052762977e-01	   6.3883861612553861e-01	   5.6659356588666965e-01	   7.0886254315538499e-01	   5.2908941685287703e-01	   6.9304502762438602e-01	   5.7256899250739623e-01	   3.5368906906707220e-01	   3.2298906980681102e-01	   3.8214151119010731e-01	   3.3978013340681090e-01	   1.2965822628993248e-01	   1.0418405632706915e-01	   3.2916078245228031e-01	   2.5734193840804109e-01	   6.5689493565302470e-01	   5.6644290882564241e-01	   7.3860894556984957e-01	   5.2509356125408713e-01	   7.1919541674261556e-01	   5.8000511360115747e-01	   4.4251856323912842e-01	   5.4129144545232477e-01	   5.7209983359940908e-01	   4.7235251948615686e-01	   3.9723403884207775e-01	   5.3019155751473379e-01	   5.9096470836589010e-01	   4.7488909484944430e-01	   1.9470820991920790e-01	   2.6322054339080092e-01	   5.7078301336925208e-01	   5.0575627611561358e-01	   6.4545841331065990e-01	   7.0933121660376708e-01	   6.6446883886810371e-01	   7.0618666340052849e-01	  -9.2763565662963482e-02	   2.1794931720865711e-02	   3.4217400863063918e-01	   1.6634661159313816e-01	   3.6404180434391531e-01	   3.1302959326860624e-01	   4.8141949178795040e-01	   6.0486610406218055e-01	   2.7891555469148643e-01	   3.1140798650426027e-01	   3.8179633286278397e-01	   3.1332559736627075e-01	   4.7426472514500362e-01	   4.5858622673790156e-01	   1.2739999725259987e-01	   1.3720649039569308e-01	   1.7174196485596754e-01	   2.2566472953893840e-01	   3.8551714748018451e-01	   1.5391311215801984e-01	   3.7364036744091295e-01	   6.6825608485714588e-02	
   6.7446580450834204e-01	   6.5875415053711917e-01	   4.6107005765383535e-01	   6.3670096217276395e-01	   4.1576441490376859e-01	   3.3472680822575251e-01	   4.8722974192007418e-01	   6.9752716174711016e-01	   4.4404087803401077e-01	   5.6194720015681576e-01	   7.0161852119512291e-01	   0.0000000000000000e+00	   6.9884290897622625e-01	   8.7204698710220230e-01	   6.9195790936053747e-01	   8.0171006432881109e-01	   2.8613841494627357e-01	   3.6055558365362217e-01	   5.1343102843450983e-01	   4.8778032735991916e-01	   2.5534352643515368e-01	   2.9114567207949194e-01	   6.9546203931824802e-01	   7.3009654950389824e-01	   5.3393946878003151e-01	   4.5581205314462719e-01	   4.9627551098146672e-01	   4.3298390640134671e-01	   5.3638442891632931e-01	   5.9729412814746863e-01	   4.9199467039737765e-01	   4.8572977208532148e-01	   4.0476113942319586e-01	   4.3456988259169671e-01	   2.5568900132382022e-01	   1.9100663038395485e-01	   3.4245321626001957e-01	   3.1080015980869319e-01	   2.2201316384131620e-01	   3.1381411312122348e-01	   3.9859487061970100e-01	   3.7937395561930781e-01	  -1.3500766618866566e-01	  -7.4945515932057102e-02	  -5.8256397669683206e-02	  -2.2438719471423320e-02	   1.5762915783831444e-01	   1.6743657017100866e-01	   1.8503916712142582e-01	   4.0867882567571795e-01	   6.0164035279100470e-01	   6.4695266739587198e-01	   6.9169794917256144e-01	   6.7687819036112762e-01	   6.2810116701690755e-01	   5.2994166453226099e-01	   6.0101768280839152e-01	   7.1971086525389616e-01	   4.3599979968444158e-01	   6.9249087283853517e-01	   5.9060795271730993e-01	   7.5786146201323923e-01	   7.2502671977237121e-01	   8.6218817574945428e-01	   2.9095164432904391e-01	   3.5060031549237969e-01	   1.3845885666659694e-01	   2.0199056246942829e-01	   1.6549775735723509e-02	  -1.8495660036244515e-02	   3.4994952735336327e-01	   4.5601453654324620e-01	   6.7134034595761216e-01	   6.3408687251839713e-01	   7.2572366543049882e-01	   6.8143571136092118e-01	   4.9601672875429653e-01	   5.7782495605945983e-01	   2.9882777329546750e-01	   3.6215438307800241e-01	   5.1953758982136977e-01	   5.0881795618895775e-01	   4.7338348768438188e-01	   5.4282025787310517e-01	   6.3372236374962654e-01	   6.6091081839878718e-01	   1.2629233372601081e-01	   2.4424688617917129e-01	   5.7995237609506456e-01	   6.7320190431401206e-01	   5.6050901515942586e-01	   4.4193737242943198e-01	   5.5156688107017560e-01	   3.8667034872703443e-01	  -2.1518647396272639e-01	  -1.3273230230872973e-01	   8.9637441483231259e-02	  -5.5217575804776410e-02	   2.2231606900473799e-01	   6.4946959697672418e-02	   4.1623152307684169e-01	   1.9986823170319021e-01	   2.0453298537837969e-01	  -5.4673373454841440e-02	   2.0563038214652923e-01	  -3.9733508264610126e-02	   4.2797591022830495e-01	   4.2846282209469733e-01	  -9.5755345671002343e-02	   1.4803179530739141e-01	  -1.2463057736898396e-01	  -9.2543545223555443e-02	   4.9591979727962268e-02	  -9.7366886069808714e-02	   8.0483978216033425e-02	  -2.5890180928868572e-01	
   7.5427193682320037e-01	   4.4011226780099255e-01	   6.8457555233380551e-01	   6.1456097723222380e-01	   4.8760139156356985e-01	   2.8786689117094694e-01	   7.0810422681812191e-01	   5.9422547310795260e-01	   7.1554367960262033e-01	   6.0460600119043129e-01	   8.8687898848884172e-01	   6.9884290897622625e-01	   0.0000000000000000e+00	   8.1478592259487992e-01	   7.9014810313022954e-01	   6.9855577342828801e-01	   2.1859294286803843e-01	   2.6615699632567974e-01	   5.0508792820799631e-01	   3.6957467432189983e-01	   1.7339987421805214e-01	   2.1481610931573436e-01	   7.0699127167173159e-01	   6.3823139963401054e-01	   5.1551723629485280e-01	   3.5388694402765442e-01	   4.8549820658580634e-01	   3.9929322057437366e-01	   4.8187437962908491e-01	   4.3487806684829611e-01	   4.5839997375488023e-01	   4.0126258145911242e-01	   4.9240587802060720e-01	   4.0409056361591977e-01	   2.6132531811430515e-01	   1.5529337939917914e-01	   2.9777987657219712e-01	   2.4314754812969916e-01	   2.7633987199196203e-01	   2.9466940677232623e-01	   4.1260875045891771e-01	   3.1621482294381265e-01	   9.3730666196383233e-02	   1.2333544078323258e-01	   1.7813982521003593e-01	   1.6193883565946746e-01	   3.2959558398852823e-01	   3.6788481535460898e-01	   3.0328506171892577e-01	   3.9531784976435275e-01	   6.0474503576853644e-01	   5.1646170099741562e-01	   5.7623438991114073e-01	   5.8466350595484962e-01	   5.8053824939969845e-01	   4.6271802033570530e-01	   5.3921039040824170e-01	   4.2052300248141672e-01	   6.4441896153454270e-01	   4.6502145685991370e-01	   8.4199543792501230e-01	   6.8286134368641327e-01	   5.7066940537439759e-01	   5.2672365894506146e-01	   5.6001698895087904e-01	   4.4565222006567551e-01	   3.6477132157937542e-01	   2.6084663350497633e-01	   1.2742315085588941e-02	  -5.5167103230031669e-02	   3.9010012692415552e-01	   3.6113292750135750e-01	   5.9438175785854064e-01	   5.1694549233032161e-01	   6.9173595109642128e-01	   5.0302017245586084e-01	   6.2453549378504247e-01	   4.7229787796969225e-01	   2.1642729745562081e-01	   3.2993347491445518e-01	   3.9006496276427438e-01	   4.1378355328223387e-01	   4.2670188521795782e-01	   5.3090159861033170e-01	   6.5650384503951908e-01	   5.1798103722990629e-01	   1.0371007482501088e-01	   1.8504436308371233e-01	   6.3961725010796089e-01	   5.8068767628453788e-01	   5.9311959832879380e-01	   6.9558308011289327e-01	   6.1956158784568527e-01	   7.1541372922414237e-01	  -1.4880496253742898e-01	   1.5170494402302059e-02	   2.9222484721857445e-01	   2.2216859599528482e-01	   2.7661156814141630e-01	   2.6994200388155426e-01	   4.4626840780658500e-01	   5.4851518912257435e-01	   1.7243416139293766e-01	   2.0646244101311884e-01	   2.4327333568781340e-01	   2.1249216689283729e-01	   5.0381083922689152e-01	   4.9812204447487118e-01	   1.0556940094032216e-01	   1.6326051860374136e-01	   5.8418267028656982e-02	   1.0415882027741891e-01	   2.4898543668258527e-01	   1.6627540952706757e-04	   1.9684926156630533e-01	  -1.8042053458183890e-01	
