   0.0000000000000000e+00	   6.5614959974168185e-01	   3.2245027723356801e-01	   2.3758487470105777e-01	   2.4217871653378356e-01	   1.0648990337564107e-01	   3.6505167770998670e-01	   1.7327291273696430e-01	   3.2315855508968822e-01	   1.4332677938731336e-01	   6.7516148076716520e-01	   5.4156088031751892e-01	   5.3265586754447236e-01	   2.6122348291514452e-01	   2.5546183681717616e-01	   2.2505448818013959e-01	   5.2751799348594053e-01	   4.5072009921533107e-01	   3.2804089626317301e-01	   1.3377032436671391e-01	   1.0686313841755449e-01	   6.1628005435495445e-02	   2.3667470473963190e-01	   1.5744996285056101e-02	   6.5729945260185815e-03	   7.5344055724946180e-02	   8.1975891786479946e-02	  -1.1102895504349682e-02	   4.0562067416751141e-01	   5.0424675705815325e-01	   2.1240522763033370e-01	   2.2384485995459710e-01	   2.5991813511045281e-01	   3.8167452517763367e-01	   1.2290317792847495e-02	   1.1261400393011080e-01	  -1.0230371790082404e-02	   1.3762991362775773e-01	   3.5982969964146405e-02	   1.4625152396571944e-01	   1.2134219231045279e-01	   1.8067613766524276e-01	   4.4905546074756486e-01	   2.8056931014340591e-01	   3.9544825287888741e-01	   2.3223304240770043e-01	   5.0492034327887070e-01	   4.8156068431744209e-01	   3.6165196140712624e-01	   2.2103527590064015e-01	   3.8946932658415001e-01	   2.5099912999491547e-01	   3.1256220280324620e-01	   4.2138638336448631e-01	   2.9885251012559683e-01	   2.9647427565879492e-01	   7.7341477286188320e-01	   6.2607888552086399e-01	   1.3776379654625062e-01	   3.3283188274025349e-02	   7.4086552325533753e-02	  -6.4294971597792239e-02	   4.4965887308975860e-01	   3.9110243172802384e-01	  -7.3274217405142866e-02	  -1.5073638968702119e-01	   1.3578354437907722e-01	   3.8853580795980829e-02	   5.8337252480138418e-03	  -8.2424693033666036e-02	   1.0381236941435207e-01	  -7.4274210961742720e-02	   3.3389571347004976e-01	   2.6783658065706373e-01	   2.6886534435565584e-01	   2.8206237477104112e-01	   2.1774657623955396e-01	   2.4236389163351602e-01	   4.3686079749875806e-01	   5.2525496747362699e-01	   5.5400023881569183e-01	   6.4480510856073026e-01	   6.4963790849055925e-01	   4.9147400605912384e-01	   2.6141992784699997e-01	   3.9490123586664005e-01	   3.9540470474734180e-01	   2.1233224437825690e-01	   7.4922088077670396e-02	   3.4431922191242081e-01	   2.4210824152359323e-01	   4.6676136791165712e-01	   2.4961067529692024e-01	   3.2394274551690005e-01	   9.2878466979071969e-02	   4.7106041399904802e-01	   4.8692428206212091e-01	   4.9758939026784055e-01	   5.8727261253496721e-01	   6.0958502768827882e-01	   4.5232920492776624e-01	   1.8375411368259542e-01	   5.7488196472070685e-01	   3.7971887902517265e-01	   3.5204196166615709e-01	   5.0313427524943644e-01	   4.5745680896779894e-01	   2.9951649037701644e-01	   3.0561598504658949e-01	  -2.5521158969974977e-03	   2.2980700941943982e-01	   6.0975361786031412e-01	   5.3628026119136274e-01	   4.6815140344695716e-01	   1.2168150642161232e-01	   1.0622661635316213e-01	
   6.5614959974168185e-01	   0.0000000000000000e+00	   1.7936270000213661e-01	   3.1202609234005374e-01	   4.5659988476833951e-01	   2.0036499130095192e-01	   3.0122476181321151e-01	   3.0676739490036142e-01	   3.5893068959856156e-01	   2.7085689224800402e-01	   6.4207476037180178e-01	   6.2714398181595765e-01	   3.6467543701498323e-01	   3.0373375428013166e-01	   9.9601906772193771e-02	   1.5927128907452204e-01	   6.1015172494769043e-01	   5.6663294789030461e-01	   3.2059457625946453e-01	   3.7188053477956701e-01	   4.3050935085419767e-02	   8.5309836306137921e-02	   1.0110552831422127e-01	   1.1657843072378455e-02	   1.4221691625961069e-01	   1.1669094784256948e-01	   1.1483849935130519e-01	  -1.1878050562078693e-01	   1.9617247191610979e-01	   3.4127668337126060e-01	   1.4115374782403164e-01	   2.2181895077902519e-01	   4.6571354730250522e-02	   3.0823704217487480e-01	  -2.5209222887682659e-01	  -1.3179836061426117e-01	  -6.2124063337079378e-02	   9.6736649580161677e-02	  -1.2921571900299364e-01	   1.4351247487211236e-02	   4.9259811268355574e-02	   2.0928608711420177e-01	   3.0383962653984242e-01	   2.0998468296218581e-01	   2.4157330572989630e-01	   1.3503977639366294e-01	   3.3526788082975917e-01	   3.6965835519680079e-01	   2.9368956900784382e-01	   2.3225816908105254e-01	   3.6895738966394065e-01	   2.9308285374725362e-01	   3.0221093098260693e-01	   4.7309482337171416e-01	   1.7782398714312631e-01	   2.8474606914432254e-01	   5.1128948114240069e-01	   6.5277646009908197e-01	  -4.2581050446840622e-02	   3.2523187173462573e-02	  -1.3571066071899529e-01	  -1.6413400017750215e-01	   1.7551897119163024e-01	   2.5666208747107949e-01	  -2.0652249631788228e-01	  -1.3993555465576304e-01	  -1.0154786604567771e-01	  -1.2904481053998079e-01	   2.9548504864819725e-01	   1.8161406231869198e-01	   1.4519369942440249e-01	   1.0824097483120128e-01	   2.1457904729250879e-01	   3.9778939218655102e-01	   2.7194641512615736e-01	   4.4807092425966000e-01	  -9.8219485174684804e-02	   1.3446532325737559e-01	   5.2930756522855615e-01	   4.6506610505907858e-01	   4.7754591485056558e-01	   5.6991521637388709e-01	   3.4161932654958238e-01	   4.3401405327814002e-01	  -6.2005327997107281e-03	   2.6952850912305709e-01	  -3.4584990573473862e-02	   1.9741572358600766e-02	  -1.1042065423452890e-01	   2.1377967260242448e-01	   3.9878221330128671e-01	   3.6474722951720845e-01	   4.0754687416216140e-01	   2.6970012139548094e-01	  -5.5069364397471662e-02	   1.3882639021161958e-01	   3.4941850824680065e-01	   2.7270555161551063e-01	   5.0458734608110234e-01	   5.0239843963529873e-01	   3.5549714823981016e-01	   4.2524875415869551e-02	   5.9769326320956362e-01	   2.5815168882709633e-01	   1.0687228881429751e-01	   2.1717078545217425e-01	   5.7334410072961972e-01	   3.3572802575282179e-01	   1.3771378736926529e-01	  -2.3936091493446238e-01	  -2.7236736466286562e-02	   4.2132028756079321e-01	   5.2884876667037073e-01	   4.4526358826101642e-01	   4.9982006045841548e-02	  -7.4123086527529553e-02	
   3.2245027723356801e-01	   1.7936270000213661e-01	   0.0000000000000000e+00	   7.3150374743601110e-01	   5.3527920657850125e-01	   4.2091284838527127e-01	   8.1307363339274485e-01	   6.7285844758591207e-01	   5.9447623693326912e-01	   4.4731908548606786e-01	   2.8686571049875087e-01	   3.4075867650270708e-01	   4.6375780078273632e-01	   3.7919407377077019e-01	   5.4711897550200772e-01	   3.5425987983137619e-01	  -8.6742287502257959e-02	  -7.8499297041302332e-02	   1.1287100243170858e-01	  -7.6921172013541234e-02	   7.6671570838251907e-02	   4.7911997547766753e-02	   7.6787685099070502e-01	   4.2753760418325121e-01	   4.6373764554527375e-01	   3.2489371350689755e-01	   2.6771188395087675e-01	   1.3884835255322733e-01	   1.0173211032056151e-01	   1.5183891084361101e-01	   3.2474809566107637e-01	   3.0628339256609549e-01	   5.2299062066215019e-01	   6.0226866386088473e-01	   2.4458145875960369e-01	   1.7501767261707185e-01	   2.3368429157689341e-01	   1.8817805032214183e-02	   2.5521133981507310e-01	   1.1982138433514609e-02	   1.3037178542575067e-01	   1.3348454812089444e-01	   1.1134299440295842e-01	  -1.4385697222738678e-01	   2.4037847054233186e-01	   1.8273399294315554e-01	   1.7070944004471389e-01	   5.1108147129488413e-02	   1.4097754713155930e-01	   1.2053851878306021e-01	   2.3547118582419727e-01	   1.4670417513288392e-01	   2.3582365986674747e-01	   2.0387120712856849e-01	   4.6923543699235004e-01	   2.2939176124901767e-01	   1.5348502283183535e-01	   2.7186621959951224e-01	   4.7770850915913471e-01	   4.4276790771082430e-01	   5.8217579401181840e-01	   4.1295132240976767e-01	   1.1307533960609988e-01	   3.5160730303186843e-01	   3.9905278632596031e-01	   2.7320276596294335e-01	   5.3782227118340098e-01	   3.4893612072056857e-01	   1.7636797168358287e-01	   2.0676520627734996e-01	   3.9946334315361282e-01	   3.0783203255504632e-01	   3.3607701480406482e-01	   2.8608051223640102e-01	   3.2237616872848701e-01	   1.6583909755101253e-01	   2.2975793728886357e-01	   1.8169151857925281e-01	   1.3227411689538851e-01	   6.6167327258790987e-02	   1.3880328903881872e-01	   2.5027762147269439e-01	   2.3815643603458186e-01	   1.4969362827199167e-02	   5.4789508630644757e-01	   4.8141824386402682e-01	   2.2430409179578556e-01	   1.2116341672390646e-01	   4.9503079825398355e-01	   5.1378440116291157e-01	   2.6045380000191104e-01	   6.7941022173507326e-01	   4.6273330333871443e-01	   7.9022243489798238e-01	   6.0054791651939776e-02	   5.1588426429556161e-02	   2.4415174154852959e-01	   8.1517179188784428e-02	   2.7352174516565375e-01	   2.4908214533443318e-01	   4.3898324955633083e-01	   6.4524987520408317e-01	   3.1556163140487353e-01	   4.3251540833750263e-01	   1.6991521660882325e-01	   3.8597787602511990e-01	   2.7453993950018968e-01	   4.9609174402098249e-02	   1.8374848673741401e-01	  -7.9838336680251171e-02	   1.7346783230951737e-01	   2.4470305271439727e-01	   2.4085994452917578e-01	   1.4498510583186514e-01	   3.7123722212899939e-02	   8.5712185246792999e-02	
   2.3758487470105777e-01	   3.1202609234005374e-01	   7.3150374743601110e-01	   0.0000000000000000e+00	   5.7246463517294455e-01	   7.3230050102657196e-01	   5.9818701359194137e-01	   8.8819697361387817e-01	   5.0816953906959228e-01	   6.9485428147983308e-01	   5.6309440001725816e-02	   2.5739488053296961e-01	   2.7151814352884446e-01	   3.5923834620148026e-01	   3.4604803094824982e-01	   4.3492136991201147e-01	  -1.1907101276440614e-01	  -1.2021436044917885e-01	  -1.2015015917887664e-01	  -3.2217320560017464e-02	   2.2819862437131994e-01	   3.0181133686507516e-01	   7.4268591502540549e-01	   6.7248259958696011e-01	   4.6096595212961777e-01	   5.1780948178802699e-01	   4.6468452558003193e-01	   3.5188093541569432e-01	  -1.3959003457961422e-01	   7.0677198314650386e-02	   2.7048325392295997e-01	   4.5203504397770145e-01	   2.7117312374951846e-01	   5.9674554068366703e-01	   1.0201999175307441e-01	   1.9150497138433650e-01	   3.6998765466905126e-01	   3.0919686781626721e-01	   3.6326431162052403e-01	   2.8862059241213206e-01	   3.1945029042231499e-01	   3.7634273507740013e-01	  -1.1587255833308528e-01	  -3.9002163538610823e-01	   5.2270842654402024e-02	  -3.2528476079323361e-02	  -3.6413715652589371e-02	  -1.1141066769940187e-01	  -4.7825619040300860e-02	  -7.4925145274293045e-02	   8.1018763302261931e-02	   6.3616371017520101e-02	   7.5359770397659523e-02	   5.2294140379879818e-02	   4.5256506556729625e-01	   3.1563767496624395e-01	   1.9074194837556530e-01	   3.4679639497175518e-01	   3.5383453044111091e-01	   5.1342706052168130e-01	   3.4207495970887425e-01	   4.8026982336688651e-01	  -4.9220069047559906e-02	   2.0534076429581707e-01	   3.0152354080264504e-01	   4.9963052598695834e-01	   4.1629166088056802e-01	   4.1509493254765789e-01	   3.4064151750743865e-01	   2.7305331156340534e-01	   4.2317493743513401e-01	   5.1882642841842552e-01	   2.8179071054339405e-01	   4.1573536814964812e-01	   2.2421395780781933e-01	   2.6592344631490727e-01	   1.2560809626410846e-01	   3.6551105931877037e-01	   4.8956707513796868e-02	   1.0175283699558664e-01	   9.8626770290152599e-02	   3.2602403479306075e-01	   1.3592073829609852e-01	   9.1451290055245119e-02	   5.5580243775997829e-01	   6.4558199635271063e-01	   2.7330947463710659e-01	   2.2200898339558600e-01	   5.7536933510104882e-01	   6.9455506549416623e-01	   2.6303696431649159e-01	   5.2127207557038058e-01	   7.2665209320214852e-01	   6.0029169194951804e-01	   3.4225834782934977e-01	   2.5399609978123161e-01	   3.2481656420071581e-01	   2.4981804735047999e-01	   1.5995082181001707e-01	   9.4231239609626288e-02	   5.6885981529215568e-01	   3.8562063803270141e-01	   4.4180247800513628e-01	   3.4689122014399587e-01	   4.1246183697551608e-01	   4.5443426829936923e-01	   3.6020504497717576e-01	   1.6713464599931227e-01	   1.6785905222604899e-01	   1.2026108448501498e-01	   2.9757286287341028e-01	   1.7194412722545271e-01	   2.7415531931249976e-01	   4.0983294420331229e-01	   2.8265765372875817e-01	   1.4135879502874377e-01	
   2.4217871653378356e-01	   4.5659988476833951e-01	   5.3527920657850125e-01	   5.7246463517294455e-01	   0.0000000000000000e+00	   5.0050560078454831e-01	   6.5235618592362687e-01	   5.9222302538796856e-01	   8.4743213562177877e-01	   6.0895093714776516e-01	   4.2365460375157737e-01	   4.9035375394769221e-01	   4.3190032841952475e-01	   4.0714764362340650e-01	   2.4682264075319033e-01	   5.4985429202501476e-02	   5.2018828795651451e-02	  -1.3287272713334318e-02	  -9.0712366074566730e-02	  -6.3024602192461560e-02	   1.8427322555726769e-01	   1.5347879223938071e-01	   4.1563870035071948e-01	   2.7853561513891956e-01	   5.9091096149801159e-01	   4.0427970738019359e-01	   4.9861903774128713e-01	  -3.5880390183294940e-02	   1.3918229724425727e-03	  -3.7040986314313684e-02	   3.3609744309411499e-01	   3.3503758053115351e-01	   4.9150895538982851e-02	   1.0615358939746070e-01	  -1.4043058841291789e-01	  -1.4658384329711388e-01	   1.2759711516411396e-01	  -1.0134435997067051e-01	   9.6192756121506656e-02	  -6.9110700388208657e-02	   1.2289701170927383e-01	   7.2738035375754864e-02	   4.0640582779521678e-02	  -1.6858913637912182e-01	   1.1595870391161131e-01	  -1.2190706836055549e-02	   4.6700937104966249e-02	  -4.0350973139717874e-03	   1.1968065204724819e-01	   9.1480874198439338e-02	   3.6520440586677227e-01	   1.8613499172025205e-01	   4.0543130349743606e-01	   3.4894230058347442e-01	   2.9661767605551081e-01	   1.6681716861879248e-01	   8.5352453975440390e-02	   3.2897614148705778e-01	   2.7979817974283816e-01	   3.4293717501343912e-01	   3.4325530227830808e-01	   1.3827546492840379e-01	  -1.7550130711940531e-02	  -3.1798939185108593e-02	   2.0600296676970742e-01	   1.4362374265931754e-01	   2.7287101364972072e-01	   1.1342027376356742e-01	   1.8868649311421162e-01	   1.5264795292341826e-01	   3.9101176470143861e-01	   3.5263895433972814e-01	   5.5066731555863724e-02	   1.8708385410432066e-01	   2.4065959785963659e-01	   2.5198258553007163e-01	  -1.1340377454684174e-01	   9.1202471203552325e-03	   9.4248319083074947e-02	   1.4524861678174253e-01	   2.2458070378516015e-01	   1.3633303187415563e-01	   3.2137444708111362e-01	   9.5340532407489229e-02	   2.1018282683868711e-01	   1.9631704574378664e-01	  -8.2256341621477200e-02	   7.9870179576678010e-02	   4.0083606883815392e-01	   2.2091366851924998e-01	   3.6049574173889609e-01	   5.5475044312628974e-01	   5.6539267810824700e-01	   5.8475586971657845e-01	   4.8155527299961328e-03	  -7.0032908021693790e-02	   1.2512724214519835e-01	   1.4893064892176202e-02	   2.0854459515572327e-01	   2.0922279013276496e-01	   3.0897212017140607e-01	   5.3358755335839159e-01	   2.3209727351060172e-01	   2.9439939751657751e-01	   1.1827498138683659e-01	   2.3198637947517756e-01	   2.5814525003196698e-01	   3.1051209840387334e-01	  -2.3824230601385610e-01	  -2.5406469862868264e-01	  -8.0012124109381522e-02	   5.0219931504886101e-02	   3.4555335551515948e-01	   6.7794916690018789e-02	   9.7923829455975227e-03	  -1.3401750114742011e-01	
   1.0648990337564107e-01	   2.0036499130095192e-01	   4.2091284838527127e-01	   7.3230050102657196e-01	   5.0050560078454831e-01	   0.0000000000000000e+00	   3.6425159895826231e-01	   6.8063805390501519e-01	   4.0587047694612732e-01	   7.8798342507627073e-01	   7.5839887666923775e-02	   1.1354259652971606e-01	   2.8306419258621057e-01	   3.3933030516759499e-01	   4.2907133260876129e-01	   6.1664915071173865e-01	  -4.7652458272349769e-02	  -8.0205095240520052e-02	  -2.6076264916930136e-01	  -6.3698758063102462e-02	   4.2158734535568221e-01	   4.3855954412376319e-01	   6.0256113506749320e-01	   6.5921049279626354e-01	   4.9976108559368948e-01	   7.0591380182325825e-01	   5.3119837060371189e-01	   5.5603458906046810e-01	  -5.0387027452884696e-02	   1.8271812484380481e-01	   2.4592567044282859e-01	   4.3609081848564757e-01	   4.2707942065938864e-02	   3.3006938299847022e-01	   3.7215861728845286e-02	   1.4095870439784847e-01	   3.0679199785465616e-01	   4.0536110561567229e-01	   3.7242573986004529e-01	   4.0705295697697019e-01	   3.9738932886715916e-01	   5.7200085415891644e-01	  -5.0294280840701339e-02	  -3.3047381718532060e-01	   5.8504753664542497e-02	  -7.8219714000118873e-02	  -5.2271215680959937e-02	  -6.5193600877820460e-02	  -5.7038616076691270e-03	  -8.4324233864900705e-02	   1.2807109495970509e-01	   9.5847792724380321e-02	   9.6977676409730151e-02	   1.0327615132592316e-01	   4.3523002668070532e-01	   3.6507443961419522e-01	   1.2562227688475416e-01	   2.7225963451797186e-01	   2.9244932119187333e-01	   3.7145518445578640e-01	   2.2983338332404507e-01	   3.1828736716551020e-01	  -7.9429854257390409e-02	  -6.6862319123537406e-02	   1.6690114219796731e-01	   4.6072731756482677e-01	   3.2142879474658459e-01	   3.0214123608909105e-01	   3.7948340118295432e-01	   3.8164240746680650e-01	   3.0802353846921204e-01	   3.9011780098045212e-01	   2.8283786765368069e-01	   3.9848932445443164e-01	   9.5431950008418268e-02	   2.4118029546668693e-01	  -5.0945820347317927e-02	   2.7773865301574119e-01	  -3.3446865937848361e-02	   2.2789650817184301e-01	   2.5495731831089302e-01	   3.3156558141623416e-01	   2.9848778594735920e-01	   3.6755662595809152e-01	   3.8424476252541506e-01	   5.4584784329709324e-01	   2.5118714187240854e-01	   3.6984921524035208e-01	   4.3778166975368027e-01	   6.2832069068598251e-01	   3.7126909245227224e-01	   4.3216278817446302e-01	   6.9782820533446988e-01	   4.8550499447125983e-01	   5.2271526469998375e-01	   3.6500897833526313e-01	   3.5503297486073138e-01	   2.8282363879888595e-01	   2.0729966224815888e-01	   1.0947287299002856e-01	   5.1300210592048012e-01	   3.5799335567287627e-01	   3.7917564787334612e-01	   4.1766147152431687e-01	   4.4879997063820620e-01	   3.4949449399457172e-01	   2.8835632450709814e-01	   2.3648654313536008e-01	   1.3711144429030386e-01	   2.1202360609510312e-01	   3.6552652859320534e-01	   2.3014969407915892e-01	   2.7659127292249375e-01	   4.1233042469464232e-01	   3.2048159772037543e-01	   8.1164723139595440e-02	
   3.6505167770998670e-01	   3.0122476181321151e-01	   8.1307363339274485e-01	   5.9818701359194137e-01	   6.5235618592362687e-01	   3.6425159895826231e-01	   0.0000000000000000e+00	   7.1498471220455140e-01	   7.9869929888907187e-01	   5.5492993836668469e-01	   5.3143426829443063e-01	   5.0328101313740270e-01	   6.4852917880866356e-01	   5.8994943159804603e-01	   6.1378355345085789e-01	   3.6186642918647133e-01	  -2.2451008589486874e-02	  -7.2839961221737887e-02	   9.1454827506969497e-02	  -1.2895374189483474e-01	   5.3624300008967049e-02	   2.0050253141733859e-05	   4.9567659478448578e-01	   1.6754903075464395e-01	   3.8941733748780277e-01	   2.0264812052025677e-01	   1.6944407796011679e-01	  -1.4558635497608918e-01	   2.1423827780602800e-01	   2.2143395652922815e-01	   4.3839694943323271e-01	   3.4698787209402487e-01	   4.4244670918490209e-01	   4.9990348157392017e-01	   1.5482401345015778e-01	   2.5464484917773134e-01	  -7.8047162359641625e-02	  -2.3402252254472938e-01	  -2.4873912761201065e-02	  -1.8494527385050558e-01	  -7.2845144630883374e-02	  -4.7868408293196982e-02	   3.0661563267959530e-01	   8.8066885753200052e-03	   4.9924236766026853e-01	   4.3213535850278967e-01	   3.2179158532015434e-01	   1.6737619055338349e-01	   3.2864327264239263e-01	   3.4409209594846890e-01	   3.8230349094999122e-01	   3.0343400418822480e-01	   3.8749670416129312e-01	   2.6962126603964925e-01	   3.7995087245521753e-01	   1.3028957740423777e-01	  -1.9883783659553129e-02	   1.9174427544140546e-01	   3.7322375809157554e-01	   4.6726214876291383e-01	   5.7025366959064527e-01	   3.8260585713649553e-01	   1.4602735736506023e-01	   2.9564804705406145e-01	   2.9155563654974898e-01	   1.7501577937909824e-01	   5.1417248333024768e-01	   4.1821475166896827e-01	   1.8281635697340198e-01	   2.6914151067047720e-01	   3.7146200159123488e-01	   2.4128578581325011e-01	   3.0051423116534037e-01	   2.6461174847448643e-01	   3.3360542566775059e-01	   2.6473398146467170e-01	   1.4984232289554483e-01	   1.0414935590822827e-01	   2.0482313708055069e-01	   2.8791979546470774e-02	   2.5440804563866642e-01	   2.3986567455693253e-01	   3.0396289825058298e-01	  -3.2640967179160305e-02	   3.4735232681899353e-01	   3.0813860527469578e-01	  -8.4619449350863657e-02	  -1.2169553498001991e-01	   3.0751158179640153e-01	   3.7663342206027922e-01	   3.4870694756719323e-01	   6.1391746201392139e-01	   5.2663428823635261e-01	   7.8645325377954678e-01	   8.3826755021130489e-02	  -3.8176518592735666e-02	   3.1780455308216227e-01	  -1.9852754983570651e-03	   3.7821180567696711e-01	   2.4763317545020197e-01	   5.5938573867150243e-01	   7.7404989396818724e-01	   3.3923703369336417e-01	   4.1475175970139028e-01	   9.7643943160217100e-02	   2.5563953536113293e-01	   3.1893429014521801e-01	   1.9339258465744408e-01	   1.0281539671577515e-01	   5.8235740168506916e-03	   2.1050797019906684e-01	   2.5066012343250188e-01	   3.1184627356786260e-01	   3.7409044330315375e-02	  -1.4279546218286779e-01	  -1.8972384704504291e-01	
   1.7327291273696430e-01	   3.0676739490036142e-01	   6.7285844758591207e-01	   8.8819697361387817e-01	   5.9222302538796856e-01	   6.8063805390501519e-01	   7.1498471220455140e-01	   0.0000000000000000e+00	   6.3466135187973494e-01	   7.7780903639447851e-01	   1.2988472748669314e-01	   4.2053747616032655e-01	   3.5248188620374665e-01	   5.3728589495364087e-01	   3.7576544734754902e-01	   4.0051777222380802e-01	  -2.1525037693174551e-01	  -1.2749318191512818e-01	  -1.7304211426914193e-01	  -1.2243578065441642e-01	   1.6419597794852400e-01	   1.8711394379335466e-01	   6.4493753853858582e-01	   5.5895638011281334e-01	   4.5704730773383773e-01	   4.2336568168384436e-01	   3.9220745786381772e-01	   1.7526207942663882e-01	  -1.7561606156483969e-01	   1.2817891972062839e-01	   2.5743272046849802e-01	   3.7081810933375092e-01	   1.7830897085699490e-01	   5.0020359290789274e-01	   6.5892088697417875e-02	   2.1699196541782562e-01	   1.2858045430813786e-01	   1.0942846535581602e-01	   1.3736928089099509e-01	   8.2966291617638521e-02	   3.9288876017855107e-02	   1.4124820974848579e-01	   1.7619776383640293e-02	  -2.3941606568736151e-01	   2.4329045658989362e-01	   2.1110862542115860e-01	   5.3859962835340287e-02	  -4.5822839560592313e-03	   5.8244227942174820e-02	   1.1166263312247074e-01	   2.0542104078412676e-01	   1.7879059675459352e-01	   1.2916610390908109e-01	   1.4012655723522016e-01	   3.6948653792453273e-01	   2.7039179597065838e-01	  -4.7117601351284323e-02	   2.1419503517162491e-01	   2.3175858505607180e-01	   5.5542274997855623e-01	   3.9395531872214040e-01	   5.5735575415168748e-01	  -2.6364730012580852e-02	   2.2279453436159158e-01	   2.8700988490804957e-01	   4.6877764948207734e-01	   3.6597277769206560e-01	   4.4453781844222828e-01	   2.8364615494200385e-01	   3.2711917373773475e-01	   4.8885046844244262e-01	   6.1626218143989675e-01	   2.2056225887750847e-01	   4.2868061595258639e-01	   2.5984419498352984e-01	   3.7767214354104112e-01	   1.5305867857682226e-01	   4.1606075030331025e-01	  -9.0524282890277613e-03	   4.5392766780620604e-02	   1.4168746250460251e-01	   2.7447586360094212e-01	   1.0899310832615619e-01	   8.0921418606863665e-03	   4.0919596161552779e-01	   4.2752931852362430e-01	  -1.2339935728038733e-02	  -6.9129374631766161e-02	   3.8048361701951161e-01	   5.8113724001044575e-01	   4.1260644579126082e-01	   5.0664122433499348e-01	   7.9665801917244028e-01	   6.5513445942295290e-01	   2.5860562458183467e-01	   1.7280937471960656e-01	   2.5852202432425286e-01	   1.4402272980925915e-01	   2.4647942715798241e-01	   9.2990696660044253e-02	   6.3381860730642159e-01	   5.2515782049796345e-01	   3.3656591311269413e-01	   2.7563091722551802e-01	   2.0636454603469498e-01	   2.1099891358440048e-01	   2.9235867211355837e-01	   1.8818620381229770e-01	   1.3145041090474591e-01	   1.6350098888463796e-01	   2.8116358618977372e-01	   1.1889961021845780e-01	   2.6022529226652147e-01	   2.0076924040990080e-01	   6.9950317969434656e-02	  -1.4850491530274115e-01	
   3.2315855508968822e-01	   3.5893068959856156e-01	   5.9447623693326912e-01	   5.0816953906959228e-01	   8.4743213562177877e-01	   4.0587047694612732e-01	   7.9869929888907187e-01	   6.3466135187973494e-01	   0.0000000000000000e+00	   6.9731848633370208e-01	   5.2922583183059868e-01	   5.3381201148640323e-01	   6.0277148221443688e-01	   5.0464942148926839e-01	   4.7877815488024456e-01	   1.5632265656459252e-01	  -2.2860924325055522e-02	  -3.5087648692374199e-02	  -5.0515899018939041e-02	  -2.4376640828687229e-01	   1.2741816937374059e-01	   1.6622308206420029e-02	   4.5834555796477783e-01	   2.5780238343367878e-01	   5.7392564302849869e-01	   3.6101136413288659e-01	   3.0414686466652208e-01	  -1.8231486096634736e-01	   1.3124527053937465e-01	   1.3134936750053319e-01	   4.1278924793694871e-01	   3.3058844102922541e-01	   1.0658537048909482e-01	   1.8885848217953366e-01	  -5.5475318897289685e-04	   2.0270046355994900e-02	   2.0740881746961391e-02	  -1.6843756088683010e-01	  -6.8622562707296636e-02	  -1.6794168414574012e-01	  -1.5838517426729402e-02	  -4.8088591651042949e-02	   1.4018623879967590e-01	  -9.8417889871149244e-02	   2.3945367212419214e-01	   1.7798419001246218e-01	   1.6389185803205236e-01	   3.8018733047253256e-02	   1.3587343433185939e-01	   1.6839419821149337e-01	   3.5580094263232354e-01	   2.0910863896698850e-01	   3.8546693184000558e-01	   3.3108527051173164e-01	   2.4093632890092487e-01	   8.0780387716552784e-02	   1.3754308729224302e-02	   2.7271828207944970e-01	   2.7882974110203618e-01	   4.1741736310160793e-01	   5.6568506671383378e-01	   3.6619814167235276e-01	   1.6584657349185133e-01	   1.6562795333228669e-01	   2.9988341177712741e-01	   2.2831743053404907e-01	   2.2014737066460199e-01	   1.2871887544007130e-01	  -6.8506299510239635e-02	   1.1272633278902079e-02	   4.3462934146949989e-01	   3.3179055518807482e-01	   1.1024396971429487e-01	   2.1290685728545322e-01	   3.3004702165424260e-01	   3.2394782250022147e-01	   4.0861343988971441e-02	   7.0245996240946657e-02	   5.5359721323595554e-02	   1.4654581086973018e-01	   2.6073146824459192e-01	   1.8886376847759695e-01	   3.8074680653125048e-01	   5.4508377611532821e-02	   2.2877065756919346e-01	   1.8362110946837495e-01	  -1.5962609085101725e-01	  -6.1216399087564252e-02	   3.4844227282552021e-01	   2.9427315460363196e-01	   3.3773753117295691e-01	   5.9528959879288301e-01	   5.8640390984852209e-01	   7.0492463609221301e-01	  -7.7580668066030575e-02	  -8.6477139012797730e-02	   2.0476807833102006e-01	  -2.0490463118622119e-03	   2.3372636031421576e-01	   2.1415140195713844e-01	   3.8336859535585643e-01	   7.0743811713036675e-01	   2.0469992792883723e-01	   3.4296118711679346e-01	   6.8431420043536362e-02	   1.9722280679028364e-01	   1.4313359128460160e-01	   2.0072409346027545e-01	  -8.7869869729395200e-02	  -7.1238861169246825e-02	   8.6876834658878369e-02	   1.7359248991602352e-01	   3.1996170827502302e-01	  -6.3423564282436866e-03	  -3.7048110029243811e-02	  -2.5264523128299382e-01	
   1.4332677938731336e-01	   2.7085689224800402e-01	   4.4731908548606786e-01	   6.9485428147983308e-01	   6.0895093714776516e-01	   7.8798342507627073e-01	   5.5492993836668469e-01	   7.7780903639447851e-01	   6.9731848633370208e-01	   0.0000000000000000e+00	   1.9470449455963512e-01	   2.5425741555327108e-01	   4.0263770796625209e-01	   4.0846562249516788e-01	   4.5474093939592652e-01	   4.4040935448441482e-01	  -1.2228723877870537e-01	  -5.5564359394289504e-02	  -2.5784267695173579e-01	  -2.6752612648910423e-01	   2.8644194612836377e-01	   2.5920456026154598e-01	   5.7320092940205503e-01	   5.2163160526916130e-01	   5.7426351338567683e-01	   6.1572031091295765e-01	   4.5769036132932983e-01	   2.2058394388993230e-01	  -1.2509456102236990e-01	   1.4327333339433743e-01	   3.3852281374946058e-01	   4.2210374683345564e-01	   3.0159625203907241e-03	   2.6017803938782846e-01	   4.9828587720851650e-02	   1.4937731324425818e-01	   1.3868396630284113e-01	   1.6284424336735892e-01	   8.8526788129810297e-02	   8.0651752859076470e-02	   1.4575790378371561e-01	   2.4037445421089468e-01	  -8.6359195224830470e-03	  -3.0038485703679785e-01	   1.3246557090387565e-01	   3.0571797688491192e-02	   4.8161687109397108e-04	  -1.0290497974019208e-01	  -3.7163410210515647e-02	  -5.2539820327117258e-02	   1.4213665358063382e-01	   1.6494974711330719e-02	   8.4276586821568300e-02	   1.1437653485123224e-01	   2.0927044646668364e-01	   9.5951265380255085e-02	  -6.1224840273664425e-03	   2.2103054095756419e-01	   1.8405241522289564e-01	   3.6912068694692940e-01	   4.0655026346150430e-01	   4.5708967567958037e-01	   1.9827540818059645e-02	   3.8445197611471318e-02	   2.9578001467985454e-01	   4.8719223796248695e-01	   1.7979820357480925e-01	   2.0188815508425864e-01	   1.2275339757688977e-01	   2.0283855516641872e-01	   3.6354627954267876e-01	   4.2182668971909765e-01	   1.4095676421395337e-01	   3.4022255536232865e-01	   1.8199398089454022e-01	   3.2873456368728798e-01	  -8.8027569156044788e-02	   1.7644516554647224e-01	  -4.6867368881575715e-02	   1.6868286207829042e-01	   2.2534201595598954e-01	   2.5435133544569566e-01	   1.9551016202657115e-01	   1.3174557524447045e-01	   3.3848122847427436e-01	   3.4620464248583843e-01	  -4.1923980829912062e-02	   3.4809622639163712e-03	   3.4209595331814646e-01	   5.1205848746184490e-01	   2.4298807704335798e-01	   4.2810869353855407e-01	   7.1177614601728267e-01	   5.8942187575108762e-01	   2.4079225474823579e-01	   1.8432652217334905e-01	   2.9854185250955978e-01	   1.2000924930680171e-01	   1.4066945477484111e-01	   3.4092591620786421e-02	   5.1618269199338040e-01	   5.2982936728948937e-01	   3.1241601719188394e-01	   3.2440290120471127e-01	   2.4811104333965975e-01	   2.5491100354307022e-01	   8.2998408236992047e-02	   2.5170729531994309e-02	   2.9884910101445044e-02	   1.1952327060644397e-01	   3.2024156638988133e-01	   2.1164199498480218e-01	   3.1787828429404308e-01	   3.0977021441953034e-01	   1.9515190479535852e-01	  -1.1823470035602071e-01	
   6.7516148076716520e-01	   6.4207476037180178e-01	   2.8686571049875087e-01	   5.6309440001725816e-02	   4.2365460375157737e-01	   7.5839887666923775e-02	   5.3143426829443063e-01	   1.2988472748669314e-01	   5.2922583183059868e-01	   1.9470449455963512e-01	   0.0000000000000000e+00	   6.4852181860548974e-01	   8.3195764053630206e-01	   5.5849667296243799e-01	   4.2441710352097156e-01	   2.5888209501891035e-01	   5.3809338599777246e-01	   3.2670811622672108e-01	   2.3192258831130977e-01	   5.0222098115860404e-02	   7.7755413886473779e-02	   1.3729370435603459e-02	   1.3105123389178147e-01	  -9.4124979805786185e-02	   2.4047077742940595e-01	   1.1145505272852699e-01	   2.1471769559094495e-02	  -1.9336250478760816e-01	   5.0113660340444333e-01	   4.4506046954620160e-01	   2.7222409059369979e-01	   1.9983425381971126e-01	   1.5154489206241334e-01	   1.8178469063142333e-01	   9.2662497941388491e-03	   6.5216978273369100e-02	  -1.1836751474020757e-01	  -8.4450943585459848e-02	  -1.2378708317456324e-01	  -6.4029724291223195e-02	  -1.9740205354982290e-02	   1.4898632415421654e-02	   3.9304731426834572e-01	   3.1819864162720252e-01	   3.6537951188779261e-01	   2.9599183873672447e-01	   3.7094259207239766e-01	   3.9090817061735306e-01	   2.6034126970570187e-01	   2.0129025103897008e-01	   3.6897513919962133e-01	   2.1090687852735471e-01	   4.2315599250612240e-01	   4.5908465859739034e-01	   2.4337788804072058e-01	   2.2537255810955162e-01	   3.8855617476705001e-01	   4.3025977841044344e-01	   3.0674225069952932e-02	  -2.4510869233425110e-02	   1.7451868786982216e-01	  -9.9515190821823529e-02	   3.3797183573597267e-01	   1.7841533777968338e-01	   2.8926712183832942e-02	  -1.6083754233292863e-01	   3.5110856071691746e-02	  -5.0453609882426122e-02	   8.6119449429697806e-02	   1.0554297801260507e-01	   1.1140214503336401e-01	  -8.9437201340406919e-02	   2.5571182692502314e-01	   1.9121789133122136e-01	   3.1060959317615383e-01	   2.9105699387146694e-01	   1.7085523426401430e-02	   1.9317131275140294e-02	   4.7736379517114036e-01	   3.2045741279748352e-01	   5.2318680361175540e-01	   4.8235907281222257e-01	   6.1346222961686714e-01	   4.2088393447999295e-01	   6.8088643030309537e-02	   2.4314577779018554e-01	   2.3877118320060889e-03	   8.7520840711861739e-02	   5.3702990330070123e-02	   1.4713033188360225e-01	   3.4485335869896161e-01	   4.8059437764159163e-01	   2.9560846680285868e-01	   3.7106649626690091e-01	  -9.3078329925325901e-02	   1.3085616023257940e-01	   3.9778477836565296e-01	   2.1928430406699473e-01	   4.5853863700213982e-01	   5.2674046301322353e-01	   3.0896248283656741e-01	   2.9537932888887092e-01	   3.5335822712367626e-01	   2.2940360363812012e-01	   8.1916278825106496e-03	   1.8488155316636951e-01	   3.4240669961906484e-01	   3.1557064971148174e-01	   1.7223884105204176e-01	  -7.2455824423350218e-02	   1.1923851348274969e-01	   5.0523994291079277e-01	   4.2564324884559046e-01	   2.5657194989215260e-01	   2.2647321231042059e-02	  -1.1658798611186497e-01	
   5.4156088031751892e-01	   6.2714398181595765e-01	   3.4075867650270708e-01	   2.5739488053296961e-01	   4.9035375394769221e-01	   1.1354259652971606e-01	   5.0328101313740270e-01	   4.2053747616032655e-01	   5.3381201148640323e-01	   2.5425741555327108e-01	   6.4852181860548974e-01	   0.0000000000000000e+00	   5.0628056051951287e-01	   6.2858371785773404e-01	   2.2762890687279397e-01	   1.8266468409596137e-01	   3.0537831735349869e-01	   3.9991672150538654e-01	   5.2994605354455326e-02	   2.3730881651418345e-02	   1.6056318809599879e-01	   1.7366898543139739e-01	   2.5517099006157490e-01	   6.2813077078646071e-02	   2.6516858634833762e-01	   1.8028490107747280e-01	   1.8235730220795623e-01	  -4.0703802668101627e-02	   2.3234349114647046e-01	   4.9189870350233644e-01	   3.9979398707954539e-01	   3.9805402144837931e-01	   8.2517413134902989e-02	   2.1390673018029732e-01	  -1.0499840354996588e-01	  -2.4801469764814581e-03	  -2.7770944278178261e-01	  -2.0800002332512488e-01	  -3.3002591757175470e-01	  -2.3623513997452800e-01	  -1.5912184109953709e-01	  -1.0822800643484481e-01	   2.3353993330308193e-01	   1.4552933146417957e-01	   3.1558990697025691e-01	   2.2712969781202591e-01	   2.4253373720679614e-01	   2.3916922481733582e-01	   3.4249322205948329e-01	   2.8837106110917998e-01	   4.9675552257629441e-01	   3.1766152255216090e-01	   3.0295870651239432e-01	   3.7468814672863915e-01	   1.9486174635658643e-01	   2.2001092317389506e-01	   3.1134411802704148e-01	   5.7820643388270954e-01	   1.6899598521664258e-01	   2.3000928623359140e-01	   1.7161303296743607e-01	   7.8459681998371653e-02	   4.1349649028751295e-01	   4.6592125025219577e-01	  -3.7148462876733623e-02	  -1.6712312903204624e-01	   1.0488257554015130e-01	   4.8266884273736974e-02	   9.3674127257888179e-02	   4.8775204148134216e-02	   2.6779106987991041e-01	   2.7630710955968868e-01	   2.3854697362855593e-01	   4.7030396531659158e-01	   3.6203193895765279e-01	   5.3133954969505470e-01	   3.4499393500220382e-02	   1.8262078435484275e-01	   3.0590205587651914e-01	   2.9042089283268402e-01	   4.4057831729744001e-01	   3.8673576825148198e-01	   5.0630282556938488e-01	   3.5555179356883404e-01	   4.8412983515354585e-02	   1.2431901531705274e-01	  -6.7523286659419646e-02	  -9.5507060358430651e-02	  -4.6740033564436775e-02	   2.4619593120222799e-01	   3.3573743483400736e-01	   3.4545089940148732e-01	   3.0290668334142729e-01	   2.6781340601197290e-01	  -4.1302959303845324e-02	   5.2357893287198684e-02	   1.8757541780754586e-01	   1.5370738642167966e-01	   5.0561082113957079e-01	   3.8830007378268794e-01	   3.5169458260408365e-01	   2.3148473523222146e-01	   3.7171478761081655e-01	   1.5590447213715264e-01	  -1.8369102032006132e-02	   4.3682686710617022e-02	   3.7841376952505107e-01	   3.1976830354041202e-01	   2.0682038426736921e-01	  -6.1936074607111521e-02	  -6.7972861304520904e-02	   1.8355646570448175e-01	   2.7553600539949363e-01	   9.8463229372080449e-02	  -1.7010767209970140e-01	  -4.2924223961987928e-01	
   5.3265586754447236e-01	   3.6467543701498323e-01	   4.6375780078273632e-01	   2.7151814352884446e-01	   4.3190032841952475e-01	   2.8306419258621057e-01	   6.4852917880866356e-01	   3.5248188620374665e-01	   6.0277148221443688e-01	   4.0263770796625209e-01	   8.3195764053630206e-01	   5.0628056051951287e-01	   0.0000000000000000e+00	   7.5983989520241824e-01	   6.6537677106444626e-01	   4.4314167576996633e-01	   1.3831528657839323e-01	  -5.0744541927542589e-02	  -8.2126840216603755e-02	  -2.6819348905217943e-01	   2.8275309346646549e-01	   1.8907172435766201e-01	   4.2974489566419627e-01	   1.4360533757788174e-01	   5.1121898326890092e-01	   3.9054904736743751e-01	   2.8650706547012206e-01	   6.9634263889252743e-02	   3.2002812491560839e-01	   3.2761527552806607e-01	   2.9057167789958538e-01	   2.4044551373820583e-01	   1.2315424349043248e-01	   1.7851592357073168e-01	   2.0515049781431244e-01	   1.7253664067851249e-01	   7.8176595065188786e-02	  -8.6686927914857333e-03	   1.3819275753822857e-01	   1.0745762943575442e-01	   1.1817331587947502e-01	   4.1549655336831193e-02	   2.4076633573772693e-01	   8.0421942463985291e-02	   2.7263097135301551e-01	   2.0483565486098809e-01	   2.1726451122989660e-01	   2.1001742412396060e-01	   4.9194439459300257e-02	   2.1737229193184698e-02	   2.4734663601797427e-01	   1.2143986565937656e-01	   3.3049062525966638e-01	   3.3322672427932365e-01	   3.9800395978008996e-01	   2.7983935297063567e-01	   2.0247087774073608e-01	   2.2632368035414291e-01	   6.6978128375371343e-02	   5.5099204334039503e-02	   3.1100672437358223e-01	   3.0532860923837182e-02	   1.8680588619252772e-01	  -3.8961195697156392e-03	   2.8583989721980951e-01	   1.1798836065272922e-01	   1.6460230451417318e-01	   8.6537289211212398e-02	   3.1035252402975839e-02	   1.4674544205905277e-01	   2.1871121421678782e-01	   6.3556889532685235e-02	   2.8646193341400605e-01	   1.4727370145585542e-01	   2.8445328181631213e-01	   1.7170528017728426e-01	   6.2694044785083503e-02	   4.8171758536057138e-02	   1.4483477173458753e-01	   1.3192052469518523e-01	   3.8634702708068619e-01	   3.4664639909749950e-01	   6.2390291916857821e-01	   2.9447362246579334e-01	   3.3388253189884481e-01	   3.8792750766257633e-01	   1.1445991165774530e-01	   1.6309970671071405e-01	   3.0165110236530523e-01	   3.2392345031730957e-01	   2.6446372915398753e-01	   5.4700733119753342e-01	   4.4066500457045832e-01	   5.3595963139952951e-01	  -1.3364087140020769e-02	   2.2458865533597372e-01	   4.4310873996559286e-01	   2.5333429491011994e-01	   2.8489366675226829e-01	   3.8707122935813387e-01	   3.1623493187448626e-01	   4.3074106354278641e-01	   1.9168112283605604e-01	   1.8032657629758864e-01	   1.1314476815960242e-01	   3.0368516651340771e-01	   1.4329085996092969e-01	   2.2045047296515710e-01	   1.3508047752038155e-01	   4.8443166518568087e-02	   3.5243755409366501e-01	   4.0625358628657371e-01	   3.3194078254379450e-01	   2.8667526324110215e-01	   2.1214227532274965e-01	  -2.0913567275131158e-02	
