   0.0000000000000000e+00	   7.2761498710877914e-01	  -1.2771783756228938e-01	   6.8242605035095327e-02	   3.4475476312549197e-01	   8.3458068560015045e-02	  -4.8547031156936288e-02	   1.7358660258874123e-01	   3.2097140678087145e-02	  -6.2763464151903203e-02	   4.4040258146459027e-01	   3.2714662252486421e-01	   5.1395083080536114e-02	   1.5377025890992702e-01	   3.8177648787084323e-02	  -3.6339934065117069e-02	   6.4315842905904153e-01	   6.0559692433680323e-01	   4.1847174121388286e-01	   6.4915629881044290e-01	   5.1666467386670012e-01	   2.7771188089135185e-01	  -3.0855022039685531e-01	  -3.6792076278938451e-01	   4.5672301887534787e-02	   1.7446927552560897e-02	   1.0851150139888015e-01	   1.8937156158749407e-01	   4.5702952809603203e-01	   4.1152924817269454e-01	  -2.7449316955068786e-02	  -1.4249512390227570e-01	   3.5462134555438124e-01	   2.9555309981839206e-01	   8.1247447377242612e-04	   1.1777605161383933e-01	   1.7994977829691786e-01	   1.3532794713622703e-01	   3.9335506121797847e-01	   2.6450009337282554e-01	   5.0434089519087588e-01	   2.6496482141358590e-01	   5.1726503622617415e-01	   4.9998607494533553e-01	   4.4436336659069808e-01	   4.5043189782650095e-01	   5.5482408009280659e-01	   4.4224813177107125e-01	   5.4163100672039211e-01	   4.0407553997057238e-01	   4.9403660204992672e-01	   4.2414275801275603e-01	   4.7346337221171647e-01	   5.4246170023769480e-01	   5.0536186049870468e-01	   5.2529596680853341e-01	   8.8806491185167080e-01	   7.3954955493988539e-01	   4.0660884165354994e-01	   3.2177599320603778e-01	   1.9068068561061757e-01	   1.8915372027338395e-01	   4.2922950069575316e-01	   5.1449330053332498e-01	  -1.5476930389614829e-01	  -9.6174067401774629e-02	   1.6371750686015110e-01	   1.3403195458662684e-01	   4.5354252065184852e-01	   1.7949901934478005e-01	   4.2479311549193643e-01	   3.1167204928420345e-01	   4.5437581451600445e-01	   4.6589373989472849e-01	   2.0906697184817369e-01	   2.7107112766421265e-01	   4.1459396689580030e-01	   4.7842130362752772e-01	   4.5954319537647181e-01	   5.1842536459295852e-01	   4.3178216796974600e-01	   5.0033228880321767e-01	   1.2359181150836915e-01	   2.5714770479197846e-01	   3.1658190419855314e-01	   3.1526711036495209e-01	   5.2645827293396570e-02	  -1.2930390839100148e-01	   2.6112510635092290e-01	   4.0482383446200265e-01	   4.3227666924284591e-01	   7.1004256254099077e-02	  -1.8428686991813048e-01	  -1.4849322360925801e-01	  -3.5007592380108775e-02	  -3.8302522542338895e-02	   3.9374603050345586e-01	   3.9658832519510789e-01	   5.9831148912490228e-01	   5.2500998235240726e-01	   1.8313136074770259e-01	   2.1865613321667196e-01	   4.9742545256232162e-01	   5.5664071330871900e-01	   1.4217966167443954e-01	   3.6419628464484364e-03	   3.5484628772949595e-01	   3.9559606647872825e-01	   9.6981513629860377e-02	  -2.7081645795642889e-01	  -1.7237869124001868e-03	   1.9544402276807332e-01	   1.9469480376919070e-02	   2.6527644575349374e-01	   1.8230145193640518e-01	   1.9872572738186967e-01	
   7.2761498710877914e-01	   0.0000000000000000e+00	  -4.8088555142037862e-03	  -3.4999186854624331e-02	   2.0652080961838659e-01	  -7.1139040002505385e-02	  -2.3999033122843560e-01	  -9.1612116717419118e-02	  -1.0927376513771611e-01	  -2.1125628654231698e-01	   1.0896984121102712e-01	   1.8130567074628998e-02	  -1.0199447046958540e-01	  -1.4285597010751053e-01	  -1.1587189673246481e-01	  -2.4200292835147535e-01	   7.0203445072514736e-01	   6.4231819386331790e-01	   1.9052429504658852e-01	   5.8045018969000084e-01	   2.0630666669170183e-01	  -4.9137110057814085e-02	  -3.8965278825508543e-03	  -1.4890572303893518e-01	  -2.4144022201615684e-02	  -3.9053079894306675e-02	   8.3964243476779971e-02	  -2.2417352185695971e-02	   2.2698905693677102e-01	   1.5917301085081820e-01	  -1.5114899094899339e-01	  -2.2218614811684770e-01	   1.4065277791982425e-01	   1.7203739551772168e-01	   9.8200725780928422e-02	   8.1210175272198412e-02	   2.4267037782200157e-01	   1.9646489725110891e-01	   2.6212582129463707e-01	   1.3326412878577698e-01	   1.6789866982302101e-01	   3.2351590162325562e-02	   3.8012833992125000e-01	   3.2372161623444839e-01	   2.7620003821486511e-01	   2.2943178733194469e-01	   3.0337175707629060e-01	   1.0732537417346004e-01	   2.5708379367279111e-01	   7.1059084612909149e-02	   2.7150543640106090e-01	   1.7142823697542994e-01	   3.3924902403255364e-01	   3.0586049809722310e-01	   2.0842569414762518e-01	   2.0723970338018299e-01	   8.1883422467403544e-01	   6.2475837286427272e-01	   8.3691509230990904e-02	   5.1487045764630895e-02	  -7.2495338862263795e-02	  -1.3496157409478893e-01	   2.8310679807824540e-01	   2.5206674750048502e-01	   7.0965825496558055e-02	  -1.7582421452551555e-01	   4.6330643965166333e-02	   2.2809798054594425e-02	   6.5680348989920834e-01	  -2.9439304481510734e-02	   2.7221239977375977e-01	   1.2618572607483272e-01	   1.2215345764001677e-01	   1.1488375149114277e-01	  -1.6192088856998016e-01	  -1.4914728169964581e-01	   1.8837129896837806e-02	   1.4358567563525085e-01	   4.8823934100964683e-01	   5.4069452667883366e-01	   4.0633517238034556e-01	   4.3699288518929535e-01	  -1.2072987652100786e-01	   8.6084007481785324e-02	   2.0685604256335843e-01	   1.7813172161053176e-01	   1.5784617198641476e-01	  -5.1251553592518824e-02	   2.3325386745909379e-01	   2.0065913702256857e-01	   2.3441734659599811e-01	   3.9431754418046944e-02	   6.2086569232021923e-04	  -5.3656631706141329e-02	   1.8683333163387822e-01	  -3.4185835009049634e-02	   2.3228796641911678e-01	   2.1399437165577659e-01	   3.0713944241903063e-01	   2.9990055032379687e-01	   2.0856761031350857e-02	   7.1192938463617891e-02	   2.1837000245735999e-01	   2.7641966939873630e-01	   1.3565628838183758e-01	   3.6215166847032895e-02	   3.3793666998398648e-02	   1.8539599354421316e-01	   1.9038189052538063e-01	  -2.4108315207598249e-01	  -1.2838136429798291e-01	   1.0639963912814206e-01	  -8.1196544470268375e-02	  -4.6852772216804492e-02	  -1.9500968881141306e-01	   3.6578684912377823e-01	
  -1.2771783756228938e-01	  -4.8088555142037862e-03	   0.0000000000000000e+00	   3.1980935830900725e-01	   5.4805469139145480e-01	   2.3564810214518078e-01	   6.8741237243145037e-01	   8.0641455929505557e-02	   4.3528045255930881e-01	   6.6601883134277298e-02	   1.1202129584900417e-01	  -1.1978330076989835e-01	   6.8200168366281366e-01	   6.0656147621876030e-02	   5.6066566115908767e-01	   2.2799404155208458e-01	  -1.7736627862909729e-01	  -1.9098916406395283e-01	   2.1776985063509727e-01	  -1.4552206716369198e-01	   1.5594374590752819e-01	   1.5198679145492788e-01	   7.1663925291810604e-01	   5.8900838946483403e-01	   6.3235067525492294e-01	   6.3737605924905505e-01	   6.5620523259214658e-01	   5.5225202967590559e-01	  -2.4806192218494355e-01	  -3.0405474796928145e-01	   4.8723100417962351e-01	   4.7280708512031666e-01	   2.6793781117837734e-01	   2.6428832824632814e-01	   4.1236896952042823e-01	   2.2058373616331980e-01	   4.4039240318041517e-01	   1.9617410299977842e-01	   2.1218967043517817e-01	   4.6043270873367209e-02	   2.4572459315508793e-01	   1.1228130249527143e-01	   1.7978032022740364e-01	   1.6335848841461906e-01	   1.4775929263192555e-01	   1.2764025233954407e-01	   2.8295896106744996e-02	   1.6797377246984650e-02	   4.4502612949749590e-03	   4.0770635832282649e-03	  -2.4174295063199816e-03	  -1.1408315753470217e-02	  -1.4193902328787511e-01	  -1.4806572144245908e-01	   2.5970659039998606e-03	   2.7970496693121231e-02	  -2.4041551772322589e-01	  -1.3941566691414850e-01	   1.6808571903564301e-01	  -1.3412286610705540e-01	   4.0535225589308932e-01	  -6.2410044762128317e-02	  -2.8074887469921705e-01	  -3.3661699598367212e-01	   7.7491452817291662e-01	   4.6014029217005892e-01	   3.6401692386348888e-01	   2.9730518901688568e-01	   7.7810422379863936e-02	   2.4695856570844974e-02	   3.8742898662464842e-01	   1.5531372239198188e-01	  -7.0143866906282173e-02	  -1.8934985892248299e-01	  -7.0477327051575223e-02	  -1.9066026780890144e-01	   2.0957813386527158e-01	   4.1265597299207014e-02	   2.3638765630794034e-02	  -1.3394542139073312e-01	  -1.5519739931703436e-01	   4.9091380583601456e-02	   2.9636122009757571e-01	   7.0724168657934933e-02	   3.8671035976532120e-01	   2.6866209469562186e-01	   6.4735263113588237e-01	   4.7287994483495999e-01	   4.6867555908050440e-01	   3.5833519524635228e-03	   2.8308567453709388e-01	   4.9670647421701453e-01	   4.1274774000184677e-01	   6.1973277831256390e-01	   2.0049457879790128e-01	   7.3715062658440786e-02	   1.6362563431664581e-01	   1.7888032128156647e-01	   1.8196424832028657e-01	   4.3106743325560071e-01	   8.3453689742953918e-02	   4.0080356295394731e-01	  -7.4876993388346427e-02	   1.7058550279492093e-01	   4.1691337819350882e-01	   6.9662928900895449e-01	   9.5617023847999999e-02	   3.1945070303062650e-01	   1.1197545582683086e-01	   1.2933289043353846e-01	   1.3308343334049941e-01	   5.0330018335022164e-01	   4.4898889572191281e-01	   1.6839101679384524e-01	   3.3604251549639785e-01	   2.3737134186090447e-01	
   6.8242605035095327e-02	  -3.4999186854624331e-02	   3.1980935830900725e-01	   0.0000000000000000e+00	   3.5425001939555795e-01	   7.5665723625764425e-01	   4.4684555178156005e-01	   8.1230580725305412e-01	   3.3526535623730225e-01	   6.8717979035652377e-01	   1.2824484058185978e-01	   4.6554052152645264e-01	   2.6919501115318567e-01	   5.9724499092470262e-01	   2.7644211396884638e-01	   6.3510359169299946e-01	  -2.6630240362360413e-01	  -6.9645678625462268e-02	   2.3415405797207783e-01	   1.5871451610065446e-01	   3.4622644270359459e-01	   4.8667211515634889e-01	   5.2652038650209412e-02	   3.5870461601520526e-01	   2.7258830304645720e-01	   5.1825082260139266e-01	   5.6661844306237563e-01	   5.5078333158830262e-01	  -4.4721759978439253e-02	   1.4281700055263993e-01	   3.3170275117102105e-01	   4.4759206640479926e-01	   2.7054456399549182e-01	   4.9088107733934866e-01	   2.0440516024429986e-01	   2.7350021058333657e-01	   2.1531644080382295e-01	   2.0702297984691059e-01	   5.6266834116901121e-01	   4.0198917296494219e-01	   2.3205140094672322e-01	   3.3110110322675096e-01	   1.5123599428646600e-01	   9.9340706493717637e-02	   1.7494813246758073e-01	   3.2922161866724953e-01	   2.6377264605489259e-01	   3.0540953012328437e-01	   3.3003569063300198e-01	   4.9721414388108365e-01	   5.0176482222163854e-01	   5.2430155970872394e-01	   3.9235580873386916e-01	   3.3634250476293936e-01	   5.5350480187441620e-01	   5.2166561894256791e-01	  -2.7417074901542215e-02	   1.4809114185540587e-01	   4.4868718529897805e-01	   5.5218262762133108e-01	   5.4647896451343947e-01	   7.0936200769452828e-01	  -1.0070086839757547e-01	   1.5552132581575276e-01	   3.0252996607730021e-01	   8.2121331604392822e-01	   3.0699371303004952e-01	   4.3776219472877476e-01	  -5.4071209608524601e-02	   3.7789909500630758e-01	   5.0917682815415692e-02	   4.3723598405278646e-02	  -2.8606295714271954e-02	  -4.5700186709645709e-04	   5.7060496328444406e-02	   2.1253091097233925e-01	   9.2621632300692286e-02	   2.4409201024498650e-01	   2.4889728522650379e-03	  -1.4018645637380303e-01	   1.7173291391850720e-01	   2.0026981411061476e-01	   4.2599272855409587e-01	   4.8239577016733437e-01	   6.0513383840406298e-01	   7.3423063380446163e-01	   3.6382643200295495e-01	   5.0318467134701472e-01	   6.8528946057493756e-01	   6.7642356460747122e-01	   5.0625602581937379e-01	   1.9287872273800979e-01	   1.0413556252658540e-01	  -6.4965127993844379e-02	   2.9934878852157870e-01	   1.4507647465513468e-01	   3.7643623730558651e-01	   3.5781072418730325e-01	   4.1601085143239536e-01	   3.3445688403823803e-01	   5.7726022351948836e-01	   2.2378400451908331e-01	   4.6905436030026837e-01	   2.9276713161111645e-01	   6.0470114085531945e-01	   1.6271643802615479e-01	   5.3247546935762236e-01	   3.4985629642016502e-01	  -4.0093956010006017e-02	   3.5426014259675870e-01	   2.8160613472372664e-01	   2.4382981157833422e-01	   4.7962109879251380e-01	   3.5487513462681974e-01	   2.4006308622854433e-01	   3.7903887318408025e-01	
   3.4475476312549197e-01	   2.0652080961838659e-01	   5.4805469139145480e-01	   3.5425001939555795e-01	   0.0000000000000000e+00	   6.2275580914369943e-01	   7.3315558347742005e-01	   4.4504994162830430e-01	   7.4201863134843760e-01	   3.6209396071384520e-01	   4.0296741880789755e-01	   1.5378571212751896e-01	   4.8957301972311795e-01	   1.8408747429890421e-01	   4.7062792901147249e-01	   1.9785309367251980e-01	   9.8470307078340757e-02	   1.4157037170912790e-01	   3.8150058810415133e-01	   1.9780376434105798e-01	   5.5507311845958240e-01	   4.8040043837135871e-01	   2.0359560107321933e-01	   1.3820100127533341e-01	   6.0378856310981499e-01	   6.9748091490434405e-01	   6.9987825386693736e-01	   6.7522631932366506e-01	   1.1904074485936351e-01	   2.0943594445926129e-02	   3.9001403992686556e-01	   3.2338934614547227e-01	   4.6328962515727223e-01	   3.7751903522785490e-01	   1.5684179437907431e-01	   1.9024868136922063e-01	   1.9515755229203785e-01	  -1.4345393381841581e-02	   2.8424890211628129e-01	   9.8533968355842633e-02	   5.8459518600273996e-01	   1.5773706261900589e-01	   3.9563077883716635e-01	   3.0749956093364900e-01	   3.8300165917695428e-01	   4.4236443854471369e-01	   2.9952603082630180e-01	   2.6685953094031445e-01	   5.2347594313323498e-01	   5.4574323375917977e-01	   4.7610867301204340e-01	   4.3158093338686054e-01	   3.3057226143965918e-01	   2.9171401268029240e-01	   3.6922008096608272e-01	   3.6879719167841629e-01	   2.3177610688507494e-01	   3.5453102616281140e-01	   7.4551276198008698e-01	   4.9942213273043135e-01	   6.4255933150617250e-01	   3.4513090936534030e-01	   1.3774437603437531e-01	   1.7703391742692071e-01	   2.8089827513881421e-01	   4.3471238242651966e-01	   5.0809644314778146e-01	   4.4821873012842606e-01	   4.1008354011073889e-01	   4.4856969403420832e-01	   4.6911758116657248e-01	   2.1968220163483262e-01	   2.2713554826607105e-01	   1.0762631588807808e-01	  -2.0830042022030613e-02	  -5.2489013130044296e-02	   3.5470997841691682e-01	   1.6168172774105691e-01	   2.2758556117568784e-01	   9.6184742378355101e-02	   1.2143021209579510e-01	   2.3234290630655674e-01	   2.9615414749811819e-01	   8.9107162558233907e-02	   4.0448724264426472e-01	   3.9993574813120070e-01	   2.5509282148066659e-01	   5.5647481476950811e-02	   6.0196504375511561e-01	   4.1162648474283259e-01	   6.2690449094248180e-01	   5.1871074064513334e-01	   1.8722696425830387e-01	   3.0528054905696200e-01	   4.5195410235699278e-02	   4.3249729171617943e-02	   2.4198862843048663e-01	   2.6375541259813445e-01	   5.7464060909251535e-01	   6.9123768340824054e-01	   4.4090877448861254e-01	   6.1951829581677575e-01	   4.5598577174564753e-01	   5.2641233707587753e-01	   2.3565014321003186e-01	   2.0806256367584794e-01	   4.7799212552507320e-01	   6.4269110740915225e-01	   6.7480036365419691e-03	  -1.1054578451667507e-01	  -2.8520838328876981e-02	   3.4806570356697225e-01	   3.5891412223701391e-01	   3.5708269356997402e-01	   2.8716299858702160e-01	   2.2495262652193287e-01	
   8.3458068560015045e-02	  -7.1139040002505385e-02	   2.3564810214518078e-01	   7.5665723625764425e-01	   6.2275580914369943e-01	   0.0000000000000000e+00	   4.9895932297588413e-01	   7.3107851256141543e-01	   5.8978589938762016e-01	   8.0318213154066476e-01	   2.6228958011381986e-01	   4.3373046639524770e-01	   3.7470988620695084e-01	   5.9805135788724151e-01	   3.3451407265416733e-01	   5.1419259391303063e-01	  -2.3268449699318916e-01	  -2.2818450046938686e-02	   1.0176649640411253e-01	   1.2254440162707567e-03	   4.3964565291270385e-01	   5.3664272548930159e-01	  -4.1601921103375352e-03	   2.0666690368604998e-01	   3.0111927339926903e-01	   5.7378614595380373e-01	   5.8145203997969697e-01	   6.7816118664793956e-01	  -5.1354945747763364e-02	   1.2872311090652189e-01	   2.0363630079414768e-01	   2.9165884745634496e-01	   1.7291690306801785e-01	   2.6268274888585058e-01	   7.2904508747937663e-02	   1.9049219824055219e-01	   5.4380108375049557e-02	   7.5035227114440911e-02	   3.4842843540976853e-01	   2.4184172871220339e-01	   2.8991794177711039e-01	   2.0215446151883468e-01	   1.2602347428477470e-01	   3.6573940498915179e-02	   1.6819955728967839e-01	   3.3878416193863420e-01	   2.1944210158398669e-01	   2.6072765295473188e-01	   4.3064797061538573e-01	   6.3435162697677261e-01	   6.2543939511996993e-01	   6.0133454485151616e-01	   4.9324322455048009e-01	   3.7152839105395485e-01	   5.5186042980568895e-01	   4.9552065327622336e-01	  -7.6922679013944634e-03	   2.9603912182262415e-01	   5.8813972259192382e-01	   7.0186370160301825e-01	   5.6054482675179196e-01	   6.9967669878537098e-01	  -3.3969256631037600e-02	   1.8728151413566890e-01	   1.4533556574851336e-01	   7.2017332217664431e-01	   3.1273916533327339e-01	   4.0994483074379062e-01	   1.0817351879399344e-01	   5.3165574672835691e-01	   9.5721423072138434e-02	   5.2114461383239226e-02	   3.6608869444588084e-02	   1.6248489342771361e-02	   9.1949734972509745e-02	   1.4918825639686281e-01	   9.1182928093721652e-02	   1.3570083787718437e-01	   6.7984496950686821e-04	  -8.1776756657833835e-02	   1.0247918361535613e-01	   1.8939051361978204e-01	   2.4556756117307887e-01	   2.3182316110391032e-01	   4.3959370599275782e-01	   6.5839118217606396e-01	   2.3620763627152522e-01	   2.7686310445748202e-01	   6.5704602809499635e-01	   7.0314031323914761e-01	   6.5043361985702730e-01	   3.5610886927521207e-01	   2.5604728540022453e-01	   5.8024150895687798e-02	   1.7323505541484677e-01	   8.6828354150401563e-02	   2.5740356857030811e-01	   2.7695994545848274e-01	   5.0658339472114755e-01	   4.2387676257169321e-01	   7.1303574756705312e-01	   4.0983675629981287e-01	   5.6334870536246084e-01	   3.3590626233873389e-01	   3.8189891232677808e-01	  -4.7434811349629104e-02	   6.4369231234726287e-01	   4.7336185574597722e-01	   1.8706675386584923e-02	   2.6313979702070112e-01	   1.4643858540624272e-01	   1.5352471257573164e-01	   4.6953402122875171e-01	   3.9504172378099978e-01	   2.4340986818565047e-01	   1.9351280705625742e-01	
  -4.8547031156936288e-02	  -2.3999033122843560e-01	   6.8741237243145037e-01	   4.4684555178156005e-01	   7.3315558347742005e-01	   4.9895932297588413e-01	   0.0000000000000000e+00	   4.9905757416881052e-01	   7.9666149465267089e-01	   4.3964545519551834e-01	   3.1747762254031447e-01	   1.3703549646543037e-01	   6.4427094268664165e-01	   2.7417413988327888e-01	   6.6591677778552893e-01	   4.7545009720928622e-01	  -2.0112245287742500e-01	  -1.2820976665833744e-01	   3.9237820354649700e-01	  -4.0425569283457419e-02	   3.8309433291550171e-01	   4.1858757893769638e-01	   3.2170442840780700e-01	   3.8464426160514797e-01	   6.2367166936572316e-01	   6.7329002762270351e-01	   5.9324422971410262e-01	   5.9344681276534983e-01	   5.9763901814256011e-02	  -2.8363793129167411e-02	   5.3507866158017681e-01	   5.0087916530758070e-01	   4.1786830497798116e-01	   3.7399419859771266e-01	   1.1863036761245535e-01	   9.9393865725325825e-02	   2.5231232256336117e-01	  -1.8741173342501641e-02	   2.9286054991166333e-01	   1.5146139665864833e-01	   5.3772830424972407e-01	   2.1483952488424696e-01	   2.9442923549373912e-01	   2.6673771782885991e-01	   2.6213541321540235e-01	   2.8658317722005233e-01	   2.4497778115108881e-01	   3.1008000275557551e-01	   2.4352120928784970e-01	   3.0443878308973404e-01	   2.0850827060783014e-01	   2.1110027048026331e-01	   4.1497834946596313e-02	   1.2719728015211879e-01	   2.5420802569214979e-01	   2.9331824514236643e-01	  -1.6899825918956263e-01	   6.9208602820118401e-03	   5.3734442457832732e-01	   2.6142702905770754e-01	   6.4454000800909661e-01	   3.5154548713197037e-01	   4.3697621274211874e-02	   4.0967175043366603e-02	   3.5453776580229857e-01	   5.2509825431690249e-01	   4.3929905304219052e-01	   3.9089242917566280e-01	  -2.0495224051758976e-04	   4.0112976569481051e-01	   2.8162904089979190e-01	   2.6000948765954646e-02	   1.8725568035961077e-01	   4.5409066003368651e-02	   1.5681099843532459e-01	   8.9607721645119598e-02	   2.6812569535253666e-01	   8.8855359140207174e-02	  -8.9653523667037483e-03	  -1.8328543236913369e-01	  -4.7663309787764993e-02	   3.2241583285497165e-02	   4.9403532727437544e-01	   2.2855680342087487e-01	   4.1078191649266615e-01	   3.4524712024289939e-01	   3.6352224062174221e-01	   2.8034055173604039e-01	   4.5687521845357398e-01	   2.3683837496741039e-01	   4.9948175072520340e-01	   5.7317526722085022e-01	   3.0010062121997660e-01	   4.2487750609717129e-01	  -4.0519128844679151e-03	   1.5549245314134871e-01	   2.1147492999111556e-01	   2.4877231374767061e-01	   3.9230671384654997e-01	   5.9214554377521478e-01	   3.8526158839807212e-01	   6.3757545891630196e-01	   2.7699039260602065e-01	   4.4930209446131097e-01	   3.2185893380932773e-01	   3.4330948334971878e-01	   4.2767854722689341e-01	   5.1443852303739002e-01	  -6.3545862141385828e-02	   1.6571632028782318e-01	   1.5416912935786220e-01	   4.1213531697728834e-01	   5.5169926732781016e-01	   3.8888584557916606e-01	   3.7854804104711104e-01	   7.8174253127148791e-02	
   1.7358660258874123e-01	  -9.1612116717419118e-02	   8.0641455929505557e-02	   8.1230580725305412e-01	   4.4504994162830430e-01	   7.3107851256141543e-01	   4.9905757416881052e-01	   0.0000000000000000e+00	   5.7762991151554632e-01	   8.1767227345324023e-01	   4.0079803931102098e-01	   7.2098573703658320e-01	   2.2410419490049155e-01	   7.1587036192198417e-01	   3.4417576401399486e-01	   6.6703255948861029e-01	  -1.6584970343852984e-01	   2.1863215098194173e-02	   2.6921171058589977e-01	   2.5173200924147587e-01	   4.0578653828566968e-01	   5.5152641167931560e-01	  -3.0903915792257597e-01	   1.2623634391545045e-02	   8.8105806180912238e-02	   3.2064664781084173e-01	   3.2372894418182152e-01	   4.2923507665728650e-01	   2.7438463601321994e-01	   4.1481427359598505e-01	   1.5651561420524268e-01	   2.0845648243753023e-01	   2.5073209823362574e-01	   4.0965296999744483e-01	  -1.6454499986292817e-01	   2.5578493111753468e-02	   3.2789371157885328e-02	   1.0051594871239598e-01	   4.9489432541520317e-01	   4.4322335362594778e-01	   3.7214258967676772e-01	   3.7871317124029380e-01	   1.8964619193160226e-01	   1.3772346055380791e-01	   1.3295809426153826e-01	   3.1248515376547265e-01	   4.0802931096641948e-01	   4.6549765299297219e-01	   4.6205406027391532e-01	   6.2817052058758027e-01	   6.6667383336549180e-01	   6.9807935060807802e-01	   6.1048710103180448e-01	   6.3490089073239120e-01	   7.1929611637954927e-01	   7.1276361488794260e-01	   1.1230916185195305e-01	   3.3244324680156290e-01	   6.3233864093190539e-01	   7.9913754254351099e-01	   6.7546387019029863e-01	   9.0594311183953835e-01	   2.1663220623064708e-01	   5.1628749454505540e-01	  -6.8681552327857859e-02	   6.5671782710809179e-01	   1.8959094092825274e-01	   3.0513861783949353e-01	  -1.1781849825490778e-01	   5.3064934642659678e-01	   5.6147200203139087e-03	   4.3123085760662289e-02	   1.5607296338914123e-01	   2.0301733455236542e-01	   1.6709128429322970e-01	   3.7335472215822574e-01	   1.6674112357009369e-01	   3.0491943724236270e-01	   7.1522337466043808e-03	  -8.4248390017164734e-02	   1.7994639007805971e-01	   1.5894008895699704e-01	   4.3825446755701475e-01	   5.0650761521677412e-01	   5.3144028533599741e-01	   6.7112642819238899e-01	   9.9512230243866573e-02	   1.8329068646796709e-01	   6.7988767277636986e-01	   8.2489459675743548e-01	   5.8049323775783912e-01	   1.3307130159573918e-01	  -8.3295359884796152e-02	  -2.4203982138438421e-01	   9.7059728754147881e-02	   1.7672760646875998e-01	   3.4822224401944918e-01	   4.0106101496570290e-01	   5.3972511919567268e-01	   3.8270756350067292e-01	   6.7931995249874144e-01	   3.3982439962971556e-01	   6.7181604718435706e-01	   4.5098807298599330e-01	   3.9030876535936876e-01	  -1.1029780996482068e-01	   6.5757161775915562e-01	   4.3419662815548576e-01	  -1.3669799320921891e-01	   3.0755809349564911e-01	   2.5854444906643653e-01	   1.3662400156600546e-01	   4.3384071291005677e-01	   4.1653092803431480e-01	   2.4619765640758015e-01	   1.8987528715098245e-01	
   3.2097140678087145e-02	  -1.0927376513771611e-01	   4.3528045255930881e-01	   3.3526535623730225e-01	   7.4201863134843760e-01	   5.8978589938762016e-01	   7.9666149465267089e-01	   5.7762991151554632e-01	   0.0000000000000000e+00	   6.8593921497797217e-01	   5.8968016153880387e-01	   4.2963162025341978e-01	   5.9073027967749070e-01	   4.3369182333254724e-01	   7.2757766956873748e-01	   5.0774726295284389e-01	  -1.9813450434881735e-01	  -5.9136466209040499e-02	   3.4341374254106138e-01	   8.5717169502641299e-02	   3.4839963591831336e-01	   3.6935682886415233e-01	   5.7359978662709886e-02	   1.1908286039269206e-01	   2.7698702074208104e-01	   4.1504682292883721e-01	   4.1580388490823050e-01	   5.0431460774731462e-01	   2.1288836053174776e-01	   1.5713250455703232e-01	   2.2114316162019276e-01	   1.8373078709684582e-01	   1.4620716898393327e-01	   1.0907664046892498e-01	  -2.9793804037419852e-01	  -2.6564310586601386e-01	  -4.1521493799386361e-03	  -1.1472601659304404e-01	   1.6029282652213048e-01	   6.1608752757863566e-02	   4.5127981101314729e-01	   6.7959969216500132e-02	   1.8242366524273967e-01	   9.8988204178682690e-02	   6.1884029063742220e-02	   1.0540002968981732e-01	   2.4335680431201973e-01	   2.5906087932029620e-01	   2.5241507804438096e-01	   3.6556208168220994e-01	   4.2622021366166285e-01	   4.4998543707905658e-01	   3.9316362180997610e-01	   4.5568871267302413e-01	   3.5558351226087481e-01	   3.7487474318926817e-01	  -2.1863346352140271e-02	   2.3648227538314748e-01	   5.3710452555132049e-01	   5.1524553589244837e-01	   6.1377566398940875e-01	   4.7770328868187389e-01	   2.0021729293715221e-01	   2.8179201403869475e-01	   1.0906312277357944e-02	   3.5307666118975845e-01	   6.4594724810462717e-02	   2.9591375209412921e-02	   3.8812811836171232e-02	   4.0209050768842880e-01	   2.1486507063133820e-01	  -8.1746969792135232e-03	   1.4868864943950674e-01	   3.1625659434859767e-02	   1.1428086219329656e-01	   9.3671491870334106e-02	   1.3971270757007864e-01	  -1.7819456979838468e-02	  -7.6858176476965551e-02	  -1.6807746676818114e-01	  -1.0946099694677894e-01	  -5.9343381979579821e-02	   3.9713182593747187e-01	   1.7488156143180583e-01	   2.3457435423227568e-01	   3.3716917460151963e-01	   1.8121638229402215e-01	   1.1793315960153025e-02	   5.2898008615296266e-01	   4.6557553016031217e-01	   5.8914905092325665e-01	   4.2951871867699148e-01	   2.2518125878409828e-01	   2.1644705101025957e-01	  -1.0520259153485527e-02	   1.2427698799272419e-01	   3.5340305102096931e-02	   1.5949431170146849e-01	   4.4841073697744571e-01	   5.1109541605320374e-01	   5.0544840748050057e-01	   6.5981944528889125e-01	   4.1602818946396747e-01	   4.5554953193255632e-01	   1.1043285419282597e-01	  -3.6115925180847497e-02	   4.4069991290003369e-01	   4.6576605244348224e-01	  -6.1164717461435397e-02	   1.4128557496784880e-01	   3.6862291572813406e-02	   2.2776347219759996e-01	   4.7933489501718540e-01	   3.3627781113033567e-01	   2.4804566698504985e-01	  -1.6607457726651266e-02	
  -6.2763464151903203e-02	  -2.1125628654231698e-01	   6.6601883134277298e-02	   6.8717979035652377e-01	   3.6209396071384520e-01	   8.0318213154066476e-01	   4.3964545519551834e-01	   8.1767227345324023e-01	   6.8593921497797217e-01	   0.0000000000000000e+00	   3.8836145788489251e-01	   6.8601370530256833e-01	   3.3138406430119954e-01	   7.5120753676784768e-01	   4.8582641577788588e-01	   7.4650574907183975e-01	  -3.4553965968642325e-01	  -8.3536234256721173e-02	   1.5238251104596034e-01	   8.6420804109354640e-02	   2.2450819438741743e-01	   3.8738566977118294e-01	  -1.6367866555838756e-01	   1.1982866494469410e-01	  -1.7878122133025996e-02	   2.4692772128215307e-01	   2.4057388188201936e-01	   4.0718683293078012e-01	   1.3794227486774749e-01	   3.0863951166748504e-01	   4.8520520098303349e-02	   1.2834088073236347e-01	  -3.0046251616652767e-02	   1.0613482829697299e-01	  -3.2140049704325352e-01	  -2.0365253889533633e-01	  -1.1459798041282143e-01	   1.4730949068750335e-02	   1.9687793968468886e-01	   1.9962702466484172e-01	   1.5966089322089017e-01	   1.3971963906261139e-01	  -2.9386555539358206e-02	  -1.3736193584086848e-01	  -9.7316835323827233e-02	   5.7284201545459830e-02	   1.7576605222239450e-01	   2.2493500024743793e-01	   2.2183595369210318e-01	   4.7211979368698498e-01	   5.3080721997363822e-01	   5.7928124793978131e-01	   5.4330814562718099e-01	   5.1880232973461615e-01	   4.9038707027983031e-01	   4.7484959862152409e-01	  -1.2646465931579470e-01	   1.9727197966787915e-01	   3.8580308957977516e-01	   6.9151392731686046e-01	   4.6796725315856158e-01	   7.8862135475604811e-01	   1.1793081634036470e-01	   3.6571090831193376e-01	  -1.2824359031548116e-01	   5.5441421281472691e-01	  -5.8392126799267335e-02	   3.8002572634333667e-02	  -1.1786787607006785e-01	   4.4828122024638239e-01	  -4.7013870938502039e-02	  -3.2918242349134721e-02	   2.1800075911968423e-02	   2.2321951577976992e-02	   1.4174254312335161e-01	   2.4292762073476454e-01	  -2.5579087417745339e-02	   5.8009868469048612e-02	  -1.5199912422223361e-01	  -2.3967977506547433e-01	   2.5940685341988554e-02	   1.6726276317834609e-03	   3.4874564527416124e-01	   3.4533766145101374e-01	   2.9928907998970999e-01	   5.6099716830261359e-01	   6.0476844606775194e-02	   1.1698881349955040e-01	   5.4035254967682744e-01	   6.9555871033725947e-01	   6.1832037698053499e-01	   2.8497872615670994e-01	   2.4928786315407669e-01	  -2.4735783393791032e-02	   7.3505695591857420e-02	   1.5293519515924453e-01	   5.3739799066292324e-02	   1.7369245337050654e-01	   4.1561157487401468e-01	   2.9789240937439510e-01	   7.5179531761689011e-01	   4.1821958059692310e-01	   5.8661771541680596e-01	   3.4900231897047507e-01	   2.6008138646437734e-01	  -2.3433129430203831e-01	   5.9397929328056254e-01	   3.2461553452506103e-01	  -4.7158338844859399e-02	   3.4092824401069177e-01	   1.3096706413683890e-01	   5.6773749783611077e-02	   5.2090302069789229e-01	   3.3398780619138868e-01	   1.4154973839520005e-01	   8.3503765363263441e-03	
   4.4040258146459027e-01	   1.0896984121102712e-01	   1.1202129584900417e-01	   1.2824484058185978e-01	   4.0296741880789755e-01	   2.6228958011381986e-01	   3.1747762254031447e-01	   4.0079803931102098e-01	   5.8968016153880387e-01	   3.8836145788489251e-01	   0.0000000000000000e+00	   7.1833174976591696e-01	   5.5296138589692867e-01	   5.4687478715684190e-01	   6.3137179348595929e-01	   4.0714208409912001e-01	   1.2308778557107136e-01	   2.1262706737165224e-01	   4.2853555552768652e-01	   3.3431748431310415e-01	   4.5250119069318095e-01	   4.0149921994388527e-01	  -3.1606545450196377e-01	  -2.7240643984715551e-01	  -5.2030480619865538e-02	   3.7886850153302622e-03	   9.8250233639879961e-02	   3.1973411712970018e-01	   5.2427619099017586e-01	   4.6894102598121495e-01	   4.2668821731512555e-02	  -6.1924762863851165e-02	   1.4077763246067226e-01	   7.4740291858023611e-02	  -4.1587209528480962e-01	  -3.5882618058076088e-01	   2.4638596380771628e-02	   2.0060561313288598e-02	   2.3367317266080789e-01	   2.0379334063677257e-01	   5.3961641216187883e-01	   2.3623357106349216e-01	   2.0258748625698922e-01	   1.9727724932851615e-01	  -8.9679020458559335e-03	   3.4326156324789518e-02	   4.0026177380345040e-01	   3.6838426140108294e-01	   1.5390771032935996e-01	   2.2877589058351558e-01	   4.5304484671290968e-01	   4.9045513691810477e-01	   5.2355133686389344e-01	   6.5885738884441136e-01	   5.2805342333431515e-01	   5.5753107470167107e-01	   2.9979230342266244e-01	   5.2482537928957318e-01	   3.9949455089746011e-01	   4.4589800220183951e-01	   5.2093941917372866e-01	   4.2472317844299073e-01	   4.3370165256247378e-01	   5.5040862287976933e-01	  -2.3421172025739159e-01	   5.7497954623019876e-02	  -2.1505131874719910e-01	  -2.5204858264215130e-01	  -3.6705089600282695e-02	   1.8679778326178975e-01	   3.6757826561992768e-01	   2.0575253020187440e-01	   4.2908378692304716e-01	   3.4980663221949082e-01	   3.8393831614858265e-01	   4.0711202061603224e-01	   4.7258383065092191e-01	   3.8380763226030845e-01	   8.6471694053021422e-02	   2.1250604848352467e-01	   1.3076499504211317e-02	   8.3407066797903731e-02	   3.1854757235152764e-01	   2.1112457334314380e-01	   1.9446786598169652e-01	   2.9654498315113154e-01	   5.0263153359655081e-02	  -1.5209565991905799e-01	   4.0116980611519837e-01	   5.1509750674808896e-01	   4.0353370412769973e-01	  -5.3460386197062854e-03	  -2.4108107276080887e-01	  -1.4797203124781735e-01	  -2.0972056299344680e-01	  -8.2085334948440530e-02	   8.3495224009161706e-02	   2.4111022420251949e-01	   4.4793652554207947e-01	   3.6020790675668546e-01	   2.1565608950204831e-01	   4.2270681137763955e-01	   3.6969558121798818e-01	   4.2756609136379808e-01	  -1.6640590574694469e-02	  -1.1056493632517532e-01	   3.8067598761630561e-01	   3.7283987563359600e-01	  -8.4692624649223697e-02	   2.2331878323813672e-03	   4.8204656656937947e-02	   1.5850314993630280e-01	   1.7473640839190496e-01	   2.9148303331183245e-01	   3.2690468791359550e-01	  -2.9105732737846103e-05	
   3.2714662252486421e-01	   1.8130567074628998e-02	  -1.1978330076989835e-01	   4.6554052152645264e-01	   1.5378571212751896e-01	   4.3373046639524770e-01	   1.3703549646543037e-01	   7.2098573703658320e-01	   4.2963162025341978e-01	   6.8601370530256833e-01	   7.1833174976591696e-01	   0.0000000000000000e+00	   2.4409637051860450e-01	   8.6852044954080787e-01	   3.9205922015522743e-01	   6.2440997270659149e-01	  -5.6288982636066173e-02	   1.2123350804882232e-01	   2.9715360448321582e-01	   4.0112921095282972e-01	   2.8377271739634846e-01	   3.9599006735065390e-01	  -4.7868412639914470e-01	  -2.1990590546277539e-01	  -3.1116454432164992e-01	  -1.6078712974740006e-01	  -8.2626499042890558e-02	   1.9015794321201018e-01	   4.3145377902052534e-01	   5.7554286490041884e-01	  -1.8032531578365291e-01	  -1.9706061661665150e-01	  -5.1332689123023351e-03	   1.0244816530519796e-01	  -5.2474969080271316e-01	  -3.2862252298397532e-01	  -7.9908754593703196e-02	   6.1507850067735417e-02	   2.2998605598396682e-01	   3.0750362824383115e-01	   2.9744692355492053e-01	   3.3363544121564864e-01	   4.2008915233334693e-02	   1.5167539432084220e-02	  -1.2654826588201729e-01	  -1.0249787473490944e-02	   3.6811078817374476e-01	   3.8932361976724533e-01	   2.5178167044687910e-01	   3.9164845596677095e-01	   6.0768202330225185e-01	   6.8068677956000800e-01	   6.8967682288017818e-01	   7.8052571925246828e-01	   6.5166116566721577e-01	   6.7414456965859881e-01	   2.1770448903702758e-01	   3.9479468979174492e-01	   3.1154597887165808e-01	   6.2543726585840487e-01	   4.1343297639098781e-01	   7.1916398877800791e-01	   3.7090422721384014e-01	   6.8083713484626884e-01	  -3.8242623524399910e-01	   2.3128301419823649e-01	  -2.8882352158615898e-01	  -2.0925156306041132e-01	  -2.0320238110152017e-01	   2.4146086976993991e-01	   1.3359098905379291e-01	   2.2499699687936892e-01	   3.2759228347143698e-01	   3.9947246827462529e-01	   3.8609049332951528e-01	   5.6161892024084437e-01	   2.9922439556603520e-01	   4.3281818145771878e-01	  -8.3188712342789989e-02	  -4.2069945424880698e-02	   3.7951342403246872e-02	   5.3732776978138497e-02	   2.6068539605491209e-01	   3.8297975237977039e-01	   2.6009594662242319e-01	   5.3953184774027529e-01	  -3.8346423524292045e-02	  -8.6593362735853247e-02	   4.8106328628004624e-01	   7.6258363665155371e-01	   4.9282544226765979e-01	   2.9253706642520345e-03	  -1.7320651891702488e-01	  -3.1531847047339107e-01	  -1.1450711367029007e-01	  -6.5178203167064880e-03	   1.2436955383033600e-01	   2.7202876052840952e-01	   4.2856223175831676e-01	   2.2842446161543811e-01	   4.6403269872546105e-01	   2.3289739580468710e-01	   5.4216316057050817e-01	   3.9337851750253794e-01	   1.2273237747433446e-01	  -2.2516787350478826e-01	   5.7735174824689439e-01	   3.1044228216753111e-01	  -7.7169781236774801e-02	   2.4434834965828123e-01	   1.6269838427872060e-01	   4.7650074887916706e-02	   3.2747113736341071e-01	   3.7368455689992341e-01	   3.2477023490441298e-01	   5.9272579671957324e-04	
   5.1395083080536114e-02	  -1.0199447046958540e-01	   6.8200168366281366e-01	   2.6919501115318567e-01	   4.8957301972311795e-01	   3.7470988620695084e-01	   6.4427094268664165e-01	   2.2410419490049155e-01	   5.9073027967749070e-01	   3.3138406430119954e-01	   5.5296138589692867e-01	   2.4409637051860450e-01	   0.0000000000000000e+00	   4.4959621927599042e-01	   8.4181523925825674e-01	   5.2374891796669854e-01	  -1.5521038096699813e-01	  -1.1717588530171996e-01	   2.8431100102040091e-01	  -1.2294407911912167e-01	   3.0531297050205619e-01	   3.4349466289936104e-01	   4.4255533032977890e-01	   4.3438219988510551e-01	   4.0739370044322276e-01	   4.5097206451702859e-01	   4.8513463551115588e-01	   6.3863466261843782e-01	   2.3311449306833043e-02	  -2.9706776937751561e-02	   3.8012303396156105e-01	   3.6039816081367976e-01	   1.3070955704414480e-01	   8.0010328028379374e-02	   4.0526245186299853e-02	  -1.2360231789092116e-01	   3.2123513796513298e-01	   1.3877185349702686e-01	   1.9841172360322398e-01	   9.3258375743648786e-02	   4.2574519986938597e-01	   2.3429132652223611e-01	   1.3113742046121427e-01	   1.4428684907261191e-01	   9.4749953196381242e-02	   8.4882298992771055e-02	   1.5136753872099001e-01	   1.6616514017403075e-01	   4.8422768198309568e-02	   1.2653815541345770e-01	   1.5353829284351270e-01	   1.5639187309184932e-01	   4.4892884301586951e-02	   1.3159143607700316e-01	   2.0521641337064467e-01	   2.4585141197347776e-01	  -1.5665457134371596e-01	   6.1839224349070965e-02	   1.7313902803501580e-01	   3.7693562109450733e-02	   4.8843320993660611e-01	   1.4760654482548205e-01	  -6.7828525213720722e-02	  -1.2480403874053121e-01	   4.6268684685692241e-01	   4.2750441094511282e-01	   8.6510963669871960e-02	   5.3196985873503862e-02	  -1.1027396784432764e-01	   1.1352101352189843e-02	   4.1081253559052644e-01	   1.9092416395858378e-01	   7.7887049969099065e-02	  -6.7666577003619208e-02	   1.3226664035432725e-01	  -1.0776989481535188e-03	   3.3095464851798356e-01	   2.1610632422160772e-01	  -3.9122164160466932e-02	  -4.5640975933190445e-03	  -2.0020844145948030e-01	   1.4843714803425179e-01	   4.5555145523973983e-01	   2.0597476882557023e-01	   4.3000550642697888e-01	   4.3009655808127223e-01	   5.6384870363497186e-01	   3.7915009713293352e-01	   4.0528552465211642e-01	   1.6408005134354092e-01	   4.0883075634945032e-01	   4.4107415596119681e-01	   3.8490017056946768e-01	   5.1329508808517710e-01	   5.6370400489712449e-03	   1.7052987270940401e-02	   8.6372409408933148e-02	   2.4725025295693104e-01	   3.1622773702485396e-01	   4.4266807235634242e-01	   2.2014383977723573e-01	   5.5085291406210402e-01	   1.3736647710953814e-01	   3.4746562579378582e-01	   3.1919922162940306e-01	   4.1949605882826735e-01	   3.3665264483170343e-01	   3.8184617857793729e-01	  -3.5743352264257074e-02	   1.4547279733305629e-01	   9.5040752525790362e-02	   3.9552688139448705e-01	   5.0606666291381075e-01	   2.4084737619173682e-01	   3.6200908503967538e-01	   7.6118688323422263e-03	
