   0.0000000000000000e+00	   7.6813837018981768e-01	   3.4407004079533399e-01	   2.3958310628226501e-01	   2.8674180080226203e-01	   2.7331475626266050e-01	   2.9642133067055776e-01	   2.9485959527950051e-01	   2.3389557254136800e-01	   3.2526732446109979e-01	   6.9085468949934836e-01	   5.0894653686083957e-01	   2.8869789597333645e-01	   3.6844141960255367e-01	   3.5055685629892541e-01	   3.7577477259213160e-01	   7.3162044202587695e-01	   7.3792205944145817e-01	   7.4341181505973009e-01	   5.0455622083730867e-01	   3.2540611509259065e-01	   3.0068198510650268e-01	  -3.0181974156042343e-02	  -2.8395516313661569e-03	   2.3997238559818494e-02	   1.9710523056003887e-01	   2.0933908454433869e-01	   3.1536434085595366e-01	   7.5530788247522063e-01	   7.1292289848232848e-01	   1.7608334377108439e-01	   1.2269210366156627e-01	   3.1436000258271368e-01	   3.3655472072817960e-01	  -1.6861468978250715e-01	  -1.2482097431379087e-01	   3.3543775149868316e-01	   3.6178414964238015e-01	   2.9398477366999570e-01	   4.2359088982862458e-01	   3.7657581809952884e-01	   4.8552752738914778e-01	   4.0119298612100973e-01	   3.7721412820838612e-01	  -4.9690127132797135e-02	   1.3252397119384787e-01	   5.0222095716025383e-01	   4.2132536590993425e-01	   1.9432760410972771e-01	   1.8616182249496299e-01	   3.2058830038026970e-01	   3.0099862096134272e-01	   5.5064799416973098e-01	   5.2695455314539552e-01	   5.3984656941335007e-01	   4.7278351298770199e-01	   8.8153029599228971e-01	   7.2622036939744672e-01	   4.4753537962949430e-01	   3.8002482586616382e-01	   3.6225619227964795e-01	   3.1024091222483741e-01	   6.4166880779330793e-01	   6.9047503778479680e-01	  -3.1036550818969533e-01	  -8.0345480272066380e-02	  -4.0494161110034156e-02	  -3.8497309851759955e-02	   2.4056665004441735e-01	   5.0668762108262599e-01	   5.1668237470649769e-01	   5.4604156940063797e-01	   7.8805795777499577e-01	   8.1614758119784692e-01	   6.6614224078540674e-01	   6.5972029194194404e-01	   4.5977183176319714e-01	   4.1614064008837914e-01	   6.7126671292135986e-01	   6.8829263426541398e-01	   7.1724566082386165e-01	   8.0606511928177493e-01	   2.0998911072388776e-01	   3.5221654750665554e-01	   1.3282582121420977e-01	   2.6850214602867584e-01	   1.3139266853192999e-01	   1.7018200171975162e-01	   3.7233598804190654e-01	   4.0906799405775107e-01	   2.4227502646882199e-01	   3.1335280013357175e-01	   8.4319392849722175e-02	   1.2572111274452188e-01	  -9.1828253859503661e-02	  -8.4729095580391656e-02	   2.2285866617679279e-01	   1.0976724014815734e-01	   5.4584166380680821e-01	   5.3429050578114246e-01	   3.4367220241747382e-01	   3.4379179739516269e-01	   6.0067876952932120e-01	   7.0897910978995504e-01	   2.2046910006005704e-01	   2.2026942332206600e-01	  -5.5673016787399471e-02	   3.5197257640518016e-02	  -1.5701764091377338e-01	  -5.6553707354305829e-02	   1.9232592918539387e-01	   3.8740676757086301e-01	   3.5070976460292069e-01	   4.1812965707158667e-01	   9.9283370681882768e-03	   7.0088468591850125e-02	
   7.6813837018981768e-01	   0.0000000000000000e+00	   8.5286724498520788e-02	   1.2693112151837299e-01	   1.3645536459944152e-01	   2.1434154976120695e-01	   4.7100765773792845e-02	   1.7605267162772548e-01	   7.6344819590878743e-02	   2.7788931434218345e-01	   6.2883972672246458e-01	   6.5099606477000937e-01	   1.7842677474658081e-01	   4.8067403946957432e-01	   2.9126348235405997e-01	   3.7559437671880519e-01	   7.5780578986406544e-01	   8.2557180950382525e-01	   6.1220802155243803e-01	   5.7493510832448802e-01	   1.5882407386152125e-01	   2.1368749332224435e-01	  -2.3943257958732866e-01	  -1.8038463252918377e-01	  -1.6685883312999591e-01	   1.0884251016112581e-01	   1.3157222137728869e-01	   2.7207420106464564e-01	   7.1441399780616632e-01	   7.6308933624860209e-01	  -1.1574136908985948e-01	  -2.1919642170160675e-01	   1.7470449446677969e-01	   1.9705850161635960e-01	  -2.6048326928738585e-01	  -1.8467590815618709e-01	   4.7074072375809400e-01	   5.6215066159109262e-01	   3.8861204243243685e-01	   5.7232385020812782e-01	   3.5283090109156728e-01	   4.5222816311209579e-01	   4.7963669516242358e-01	   4.9503758606506854e-01	   2.9503822297013337e-02	   2.2197812788174615e-01	   5.9110874951840331e-01	   5.4683156769444552e-01	   2.5252701610557737e-01	   2.6050186471274583e-01	   3.7390831099553712e-01	   2.9623809520522143e-01	   5.9319944648362821e-01	   4.9307640093913307e-01	   6.4524833733418718e-01	   5.7966583284193529e-01	   7.1985753579268030e-01	   7.9045042332004178e-01	   2.8383027261690419e-01	   3.0528297559334461e-01	   1.5970485684179300e-01	   1.4368447140717663e-01	   5.3959610494656163e-01	   6.6361062776061353e-01	  -4.6146012738552000e-01	  -2.7064179032787550e-01	  -1.8724970272850361e-01	  -1.2682731976998274e-01	   2.4207403161307131e-01	   5.8531073329825090e-01	   3.4467495357162048e-01	   4.8546368542814256e-01	   6.2711844778623349e-01	   7.3142944831708334e-01	   5.3936935805385211e-01	   6.0708517131658124e-01	   3.9296049250124820e-01	   4.0140642302987939e-01	   6.3839250249794111e-01	   6.9959964711893430e-01	   6.8985159948955055e-01	   7.8694269601850741e-01	   2.6921945397951258e-01	   4.6400033155387016e-01	  -7.6616234172996359e-02	   8.8585534989121820e-02	   2.6850182465257527e-02	   6.6319763824076658e-02	   2.5504675023747175e-01	   3.7111665099715946e-01	   2.6422271526897190e-01	   1.8869676502496133e-01	  -3.8873413280589631e-03	   1.0019980950077513e-02	   1.0805573082916684e-01	  -2.3924437437581457e-02	   4.4571303682855029e-01	   2.3941543914660893e-01	   5.7778935331521963e-01	   4.7079041430229540e-01	   3.8607512756735146e-01	   2.7791839888081848e-01	   6.5838350605684848e-01	   6.3543487225315665e-01	   1.8409831798348764e-01	   3.8526136685937309e-02	   1.7996753265246815e-02	  -1.1006047290987503e-01	  -1.8581875499935929e-01	  -2.0302904506781883e-01	   3.7703808150332296e-01	   4.4580011748031978e-01	   4.4191816747121332e-01	   4.7842120011086797e-01	   1.3576531242058648e-02	   1.1527159671722344e-01	
   3.4407004079533399e-01	   8.5286724498520788e-02	   0.0000000000000000e+00	   7.6162008208075394e-01	   7.0124732955694336e-01	   6.1224856231192948e-01	   7.4616629985229810e-01	   6.1514061852566804e-01	   6.8947269328057392e-01	   5.6699811098912933e-01	   6.7306264328347701e-02	   1.8341414091575657e-02	   4.7437091507044393e-01	   3.0378466174643687e-01	   5.4499540365421362e-01	   6.3800087588885446e-01	   8.4538763190525352e-03	   6.0376577682086104e-02	   2.6113104410067067e-01	   1.9582563219302754e-01	   5.0127691568533084e-01	   3.9210648082386068e-01	   6.6536677145824441e-01	   7.1517824124892804e-01	   5.9369167393040012e-01	   5.6918247683165424e-01	   6.3263932538380963e-01	   6.3024006439619673e-01	   3.4462053050724000e-03	   2.2713138672621598e-02	   5.5942496336747793e-01	   6.5938794955709623e-01	   5.7016898684475636e-01	   6.2217711356266925e-01	   4.6386931775750961e-01	   3.8828589631897126e-01	   2.3876950102962546e-01	   1.2469720023185250e-01	   3.5695410758626328e-01	   1.4319274196565676e-01	   3.7862162779030467e-01	   3.8935142544779378e-01	   3.3517283147696464e-01	   2.1342514859774864e-01	   3.1606855479966744e-01	   2.8063284833096364e-01	   2.9609525573307827e-01	   3.0702888564467834e-01	   2.8166157518515872e-01	   2.5703985036019267e-01	   2.8774157255214544e-01	   2.8934252670511063e-01	   2.4797479161214289e-01	   3.3664951195495740e-01	   3.4430915352982988e-01	   3.3277687559305702e-01	   2.1547982010712505e-01	   7.1110571100852102e-02	   6.1750038960153697e-01	   4.0156630359438511e-01	   5.4210939998002172e-01	   4.7756938227546020e-01	   1.6389012684908930e-01	   7.7446826720657308e-02	   5.6500693874475283e-01	   6.2123708140487444e-01	   5.1326309683760163e-01	   4.4264896749261462e-01	   1.1152008288945395e-01	   3.3404268049238245e-01	   3.7280057181828130e-01	   4.2882984499581733e-01	   2.5318967700815542e-01	   3.2825053010928923e-01	   2.5332812652900766e-01	   2.1639384558564265e-01	   2.0883013504889436e-01	   3.0466455134296866e-01	   1.8358492084369854e-01	   7.7954439180237825e-02	   2.4574110248728492e-01	   3.6176288629538922e-01	   3.9696852638789148e-01	   5.0411777501460220e-01	   7.7793219954677850e-01	   7.4682715933092003e-01	   6.4945738461691804e-01	   6.8390260949394666e-01	   6.3920489342736220e-01	   6.0889808060477413e-01	   4.6133839628716233e-01	   7.1635941214216114e-01	   6.6465124142042642e-01	   6.9532465549696743e-01	  -2.5581973869834151e-01	  -1.7425840554252772e-01	   1.6827816772744589e-01	  -1.3413040660281550e-01	   3.2734013883649965e-01	   5.2353541723975694e-01	   3.4116687196291862e-01	   7.1567282892518025e-01	   1.2024320379848524e-01	   4.0563499188512075e-01	   4.2268009773308929e-01	   5.8951120195230267e-01	   3.1477463343070733e-01	   4.7251940621560640e-01	  -6.0811063991788608e-02	   2.1746313725330257e-01	   6.9284281837158124e-02	   3.9638451649585227e-01	   4.7819135371355820e-01	   2.8013778798983480e-01	   8.4377587098963397e-02	  -6.7470633286602327e-02	
   2.3958310628226501e-01	   1.2693112151837299e-01	   7.6162008208075394e-01	   0.0000000000000000e+00	   7.0934875972082445e-01	   8.3080761349981558e-01	   5.8384967344586591e-01	   8.0130950583148808e-01	   7.1814007129271928e-01	   8.0539924974065225e-01	   1.5696874525752155e-01	   2.8668241136578065e-01	   4.1526184842590141e-01	   5.1274571401529456e-01	   4.8398148798123386e-01	   8.2121963329606773e-01	   1.0610533370024941e-01	   1.3062450535437420e-01	   1.4696148203299977e-01	   1.9698540145973997e-01	   2.3345254514634040e-01	   1.3551778439212128e-01	   5.7008163497756903e-01	   8.3134728564653382e-01	   5.3124281394207507e-01	   6.5015218272970032e-01	   6.0849450467716559e-01	   6.3176733952125619e-01	   4.4135498155182251e-02	   1.7771867950216980e-01	   4.4901977920850072e-01	   6.5935745365893317e-01	   4.8763977774754513e-01	   6.7345882412832303e-01	   5.3744961860502560e-01	   5.4160179896645799e-01	   4.5313926177001229e-01	   4.0241319429455419e-01	   4.8878319716281571e-01	   3.4716007649164016e-01	   3.8898842009898138e-01	   3.2019893115696829e-01	   4.2691997121196512e-01	   2.4396971954553831e-01	   3.7407049808712117e-01	   3.9370453776719494e-01	   3.5363201831749191e-01	   4.7628983372866596e-01	   3.8402704660536457e-01	   3.8123533261032772e-01	   3.5275287013453532e-01	   3.6743112298237163e-01	   2.6229897358020726e-01	   3.2318467473986678e-01	   4.6244047611125572e-01	   4.5941128580396362e-01	   1.2782001674995899e-01	   7.1621649125504727e-02	   4.8124495208384777e-01	   5.5481071742443711e-01	   5.0103954568266351e-01	   5.9789101421778945e-01	   1.5327917685059109e-01	   1.2815287611460441e-01	   5.0221843499028040e-01	   7.7333240119038704e-01	   5.1088542792036573e-01	   5.8309373172606349e-01	   5.7409089732484764e-02	   3.9008974520591766e-01	   2.1763734101914600e-01	   4.1700619613824091e-01	   1.3558805800306589e-01	   3.0163249355384664e-01	   1.1285840672725782e-01	   2.8173895008356648e-01	   2.7724739337513987e-01	   4.8921050492903939e-01	   2.4358232022946102e-01	   1.0921205583914889e-01	   2.6872749415549096e-01	   3.5293725983629481e-01	   3.7044732632541238e-01	   5.9512596134288431e-01	   7.3001653558782320e-01	   8.6353625358892150e-01	   6.4018674483997384e-01	   6.8878928938206430e-01	   6.4828996226084712e-01	   7.5754657387242741e-01	   7.2691450120865986e-01	   7.0244404042462527e-01	   8.2796385971441311e-01	   5.6714507525003754e-01	  -1.5397053219246168e-01	  -5.6518597887845912e-02	   2.8671835195771034e-01	   1.1344279989529686e-01	   4.3795742479573307e-01	   4.9404666620040760e-01	   5.1266071404271951e-01	   5.9519483461746769e-01	   2.2501413347159996e-01	   3.3865572300881003e-01	   5.2599277688754276e-01	   4.7216993923003547e-01	   3.3933734504789914e-01	   1.6632027209833600e-01	  -1.9977214024711806e-01	   1.7709901377430920e-01	   3.8832407795727703e-01	   4.5060809957276798e-01	   5.7118117363459564e-01	   4.0629644048490010e-01	   1.5341991818280004e-02	  -1.0042977488698301e-01	
   2.8674180080226203e-01	   1.3645536459944152e-01	   7.0124732955694336e-01	   7.0934875972082445e-01	   0.0000000000000000e+00	   8.8564402512360652e-01	   5.9698613801897427e-01	   6.6316829299253388e-01	   9.2304617514369569e-01	   7.6577572431173691e-01	   3.0380777905998091e-01	   2.4074615942135291e-01	   5.5208471918994173e-01	   4.4175333672000089e-01	   6.0038641690672856e-01	   7.1918246418561127e-01	   2.2956546032472891e-01	   2.5067160840893121e-01	   2.3405003717757467e-01	   1.1407734838817343e-01	   3.2382705358778041e-01	   1.9327037152913851e-01	   4.1214433527276118e-01	   5.8916412236811000e-01	   4.6635539166261297e-01	   4.5771324286090231e-01	   6.6011964927376354e-01	   6.0453313260465924e-01	   1.1804813596115343e-01	   1.7130461954817011e-01	   2.0267030384067730e-01	   3.7375606576767956e-01	   3.1693315304870151e-01	   4.5690011365363759e-01	   3.2171748590328564e-01	   3.5153861110063017e-01	   2.9066611391120256e-01	   2.3444702961629985e-01	   4.2398407685470479e-01	   2.7863099437017402e-01	   4.6781952008899857e-01	   3.0526263858320285e-01	   3.0719329320448541e-01	   2.1071430491911741e-01	   2.5468267446944870e-01	   2.7166107420119895e-01	   2.6084421704108346e-01	   3.7385505454391482e-01	   2.5460012243154906e-01	   2.2869361419530282e-01	   2.0636476832967710e-01	   1.6704691904248981e-01	   3.1974538671228764e-01	   3.5601002229511808e-01	   3.3146115427402217e-01	   3.3973541395732026e-01	   2.5559490966461201e-01	   1.9841090234792200e-01	   4.8323979960196856e-01	   4.5698480541351044e-01	   5.9462715236085217e-01	   6.7005173868415058e-01	   2.4938514660865091e-01	   1.4089217571684715e-01	   3.9441358732288484e-01	   6.0926378659300318e-01	   2.5260508609815885e-01	   3.0266494757522966e-01	   5.7980477553474755e-02	   4.4150280316712975e-01	   2.0824121164713155e-01	   4.2447838192614934e-01	   2.3275461141422352e-01	   3.1138413070125737e-01	   1.9190566410276949e-01	   2.5225058957955909e-01	   1.1608429743421216e-01	   2.0592538890581075e-01	   3.5688182399025248e-01	   1.5077270008288446e-01	   3.7071574245470368e-01	   3.4313595248002948e-01	   2.9749550041538697e-01	   4.8791603099988590e-01	   6.6885657393420850e-01	   6.5856214887408693e-01	   5.4806488885569660e-01	   5.8522072271238323e-01	   6.9518006138460919e-01	   6.5947259660796909e-01	   5.9551223395486852e-01	   7.5997852089747342e-01	   7.3037846671001760e-01	   6.8672335944512963e-01	  -1.7681824616920022e-01	  -6.1543130875913440e-02	  -4.2973161013333497e-02	  -1.0276326912039761e-01	   3.0633845194852061e-01	   4.3972742506192947e-01	   3.9563473414153877e-01	   6.7079616795265140e-01	   1.6295357096081742e-01	   4.4715114430733316e-01	   3.1624202401433593e-01	   4.2096655694015006e-01	   1.8453878746162605e-01	   1.4195500628036403e-01	  -1.2683010229427874e-01	   8.5804561916650104e-02	   2.6734744014183848e-01	   3.7080720306641834e-01	   5.4534749099638846e-01	   4.4984496477526847e-01	   3.4304695244594681e-02	  -1.2286508322968923e-01	
   2.7331475626266050e-01	   2.1434154976120695e-01	   6.1224856231192948e-01	   8.3080761349981558e-01	   8.8564402512360652e-01	   0.0000000000000000e+00	   5.4535855783169940e-01	   7.9815361924692341e-01	   8.7557640369469958e-01	   8.9627763131045879e-01	   3.4850725691135498e-01	   4.1464691132475917e-01	   4.9704802802334652e-01	   5.9203679008621257e-01	   4.9497571724727968e-01	   8.0653188644653939e-01	   2.7361269112490300e-01	   3.0639776533120816e-01	   2.4355425432235933e-01	   2.6653662542516943e-01	   1.7270343263923907e-01	   1.0660978100063856e-01	   3.0149305945374677e-01	   6.0727127373773926e-01	   3.2315612293060469e-01	   4.5577380709850634e-01	   5.5617263451946175e-01	   5.7096581598272700e-01	   1.6808036954793459e-01	   3.0374181115500254e-01	   1.2821091078054705e-01	   3.7148818992142246e-01	   3.8859041080083773e-01	   5.7482469643570422e-01	   2.8268027029395049e-01	   3.5933022929940017e-01	   3.7544253516767379e-01	   3.6346572219707429e-01	   4.8547618336166010e-01	   3.9256556823293925e-01	   4.1265951777498466e-01	   3.7374399393513125e-01	   3.9120590298539237e-01	   2.5923510055205851e-01	   2.9346078283457538e-01	   3.5783521520870659e-01	   3.3366883004407444e-01	   4.5875555073324370e-01	   3.5152634998776922e-01	   3.2594017450606128e-01	   3.0905859864302221e-01	   2.4159544546689271e-01	   3.5306569801619142e-01	   3.6307523176002832e-01	   4.6492579969700015e-01	   4.8167664218565875e-01	   2.5340789365681132e-01	   2.6783061311281409e-01	   5.6242428692423596e-01	   6.2660545649963306e-01	   6.1314939021692028e-01	   7.5191738139256492e-01	   2.5929622844656275e-01	   2.6162572215706686e-01	   3.2870392655999481e-01	   6.6792767274348797e-01	   2.9121398268450543e-01	   3.8738597392287999e-01	   1.3362778265217656e-01	   5.3810881788063758e-01	   1.9952723678457140e-01	   4.9515032457555896e-01	   2.7718993351856125e-01	   4.1850028121351224e-01	   2.2529009983431586e-01	   3.9100334004795478e-01	   1.4666410263880780e-01	   3.0423533532366209e-01	   3.9086680128418966e-01	   2.4319578307792639e-01	   3.8677906294962860e-01	   3.9617390236584782e-01	   2.4438877345659826e-01	   5.0416948367970493e-01	   6.1786929481143493e-01	   7.2972472135836108e-01	   4.9124133074572185e-01	   5.5755561596972869e-01	   7.2908153505915252e-01	   7.8015749709732363e-01	   6.7555984023671078e-01	   7.2951034746916543e-01	   8.0475928543427455e-01	   6.0610269318473597e-01	  -1.4463177758475693e-02	   2.8795217582968741e-02	   1.1345318010665043e-01	   1.2707614246769755e-01	   4.2290465267529087e-01	   4.7305312958876516e-01	   5.1993447158589268e-01	   6.6611143522664717e-01	   3.0685748170066451e-01	   4.9846527714087707e-01	   3.4997355013654330e-01	   2.9275998078155618e-01	   2.6167000449989425e-01	   8.8613971768909922e-02	  -1.5977454254762774e-01	   1.0426789139897670e-01	   3.5337298441239584e-01	   4.0337170283596308e-01	   5.9681439745732257e-01	   4.2481503040064278e-01	  -4.3627269992978557e-02	  -1.0314288014993553e-01	
   2.9642133067055776e-01	   4.7100765773792845e-02	   7.4616629985229810e-01	   5.8384967344586591e-01	   5.9698613801897427e-01	   5.4535855783169940e-01	   0.0000000000000000e+00	   7.9339219474649170e-01	   7.2239237650303023e-01	   4.7093783165325664e-01	   3.5464383645600972e-01	   3.1696560166703441e-01	   5.3357741488507382e-01	   5.2834364011780088e-01	   3.1727821909367449e-01	   4.0567858430546777e-01	   1.8489713904282942e-02	   1.2348483841467788e-02	   2.3482757526883885e-01	   1.7950604513916329e-01	  -8.6334702344204397e-04	  -8.1283124168453180e-02	   1.2445841290218164e-01	   3.3297076562036620e-01	   1.3851565634433902e-01	   1.5335684482771436e-01	   1.6185953750060494e-01	   1.9287685289978468e-01	   2.1974322139050229e-01	   1.5546884261854013e-01	   2.8343616414946532e-01	   5.1926799251221556e-01	   6.6477146515027530e-01	   6.6403686515940730e-01	   2.2926362564096875e-01	   2.6840453962779098e-01	   4.1866175918491039e-02	  -8.0029336266315865e-02	   1.4391232799741954e-01	  -6.2962806653627239e-04	   1.4765383872052926e-01	   1.3569409877895972e-01	   4.2948401414038762e-01	   3.6543974741441243e-01	   4.1089345677528133e-01	   4.8402213519692805e-01	   4.0527753057483951e-01	   3.3294065935185724e-01	   4.4772021347441254e-01	   4.1238122823112178e-01	   3.9162277580963112e-01	   3.6649348553203726e-01	   2.5348761458249908e-01	   3.6553363097622193e-01	   3.0288542305781541e-01	   3.6044591121678637e-01	   1.1962424664126188e-01	   3.1970972750667320e-02	   6.3758446932151647e-01	   5.3262725584656478e-01	   7.8231331443084740e-01	   6.8725517429152849e-01	   4.1386853319985795e-01	   3.3167020824106286e-01	   2.2300710829309539e-01	   5.3351252696576701e-01	   5.1305528285905644e-01	   4.5270340078617410e-01	  -7.1944405884161844e-02	   1.4229218578477873e-01	   4.4838926484904296e-01	   3.7789213941021632e-01	   4.0511839646788306e-01	   3.8177865648075138e-01	   4.0365269608573429e-01	   3.1076659645286547e-01	   3.0376387241067365e-01	   3.6037524074222738e-01	   1.6564912008170921e-01	  -7.9845184532667257e-02	   4.1485708107727733e-02	   1.9392628056525632e-01	  -1.3324362903201967e-01	   1.2643293095201039e-01	   4.6697626171021989e-01	   5.8845323649956516e-01	   2.0088402257655574e-01	   2.9955164490445757e-01	   4.6003616514815038e-01	   4.8634836305379753e-01	   5.3284240456806786e-01	   6.1313648856217995e-01	   5.2683447129624028e-01	   4.9180394137895295e-01	  -1.6714141828377396e-01	  -5.5618685197315790e-02	   8.1544057068879794e-02	   5.7149342401504585e-02	   5.4653624365780240e-01	   6.5720148219549568e-01	   6.0707215224296751e-01	   6.7317117874239041e-01	   3.6646753267330301e-01	   4.6562607005863088e-01	   4.3201927904095561e-01	   4.7406678935209012e-01	   3.2166817247825930e-01	   2.7874093901864566e-01	   9.0107747212126818e-02	   4.6513979430446761e-01	   6.8325450192098874e-02	   3.9990596369453718e-01	   4.9286993166867998e-01	   3.2502431547493238e-01	   9.1133534244787609e-02	   8.7749589368861500e-02	
   2.9485959527950051e-01	   1.7605267162772548e-01	   6.1514061852566804e-01	   8.0130950583148808e-01	   6.6316829299253388e-01	   7.9815361924692341e-01	   7.9339219474649170e-01	   0.0000000000000000e+00	   7.7827876065621293e-01	   7.6930195801645485e-01	   3.6849517877047921e-01	   5.5742780715327700e-01	   4.3328921852896918e-01	   7.1259324496410392e-01	   2.8006714864618149e-01	   6.6290850208641972e-01	   1.3683099730613404e-01	   1.3571688826116568e-01	   2.1392398982657002e-01	   2.9406143754306302e-01	  -1.1242647647081075e-01	  -1.6863202317066012e-01	   1.4431660469647517e-01	   4.9423528666620314e-01	   1.7158617635844897e-01	   3.3350547961728988e-01	   2.3671874960517791e-01	   2.7282272232226279e-01	   2.5875089357185627e-01	   3.5524550888489714e-01	   2.7837408441441158e-01	   5.7840512090413210e-01	   6.4859234246476194e-01	   8.2026909720223262e-01	   3.6596906503703069e-01	   4.9813638054383336e-01	   3.6142914741502752e-01	   2.7015084651293442e-01	   4.0480944686117226e-01	   2.9213401956250074e-01	   3.2850176277552900e-01	   2.7717514152790845e-01	   5.7637003632422923e-01	   4.3893108759530308e-01	   5.2693853260696177e-01	   6.2767643711535626e-01	   5.2286502172135385e-01	   5.6272593921851488e-01	   6.0568648529015701e-01	   5.6186951749565073e-01	   5.1721527396532463e-01	   4.5049071777270266e-01	   3.4182867492578256e-01	   3.7949269898399024e-01	   5.4812207974092908e-01	   5.9533967476044403e-01	   1.0296141791772584e-01	   1.3086534810455430e-01	   6.8610702656801759e-01	   8.0930283468216879e-01	   7.8513393065218606e-01	   8.7690056483943146e-01	   3.1328903673562852e-01	   3.4997173776705992e-01	   2.5220468885688546e-01	   6.8503266361211579e-01	   5.4988982831547184e-01	   6.4330006729291811e-01	   5.4045532462672394e-02	   4.3387463253437347e-01	   2.3650338572744434e-01	   3.7750810184268813e-01	   3.0864106838570149e-01	   4.3136933389369181e-01	   2.7536729435265911e-01	   4.1734637551080106e-01	   2.7543934009054638e-01	   4.6349896881986252e-01	   2.9573595178059087e-01	   8.0835861704975712e-02	   1.8088911533726898e-01	   3.0080819904179090e-01	  -5.5808043461951132e-02	   2.9030388918523437e-01	   5.0494011080485235e-01	   7.2246894781270665e-01	   3.0535211333280998e-01	   3.6591617392605325e-01	   5.8653279348660692e-01	   7.1103269122770052e-01	   6.9225052523539232e-01	   5.7380955796638433e-01	   6.4515416478048815e-01	   3.8292886332592579e-01	  -1.2012602810253262e-01	   6.0516967250878559e-02	   2.3640049881441000e-01	   2.8060535119343633e-01	   6.2841443514842532e-01	   6.3817461688467381e-01	   6.9188021708043923e-01	   6.2502887448549149e-01	   4.0944987642588876e-01	   4.3624366701441997e-01	   4.5546474473759346e-01	   3.1288208057400274e-01	   3.4910403015615560e-01	   1.6407484860694471e-01	  -6.6098457217940526e-02	   3.7122722244363793e-01	   3.3206175780273917e-01	   4.5471644105617404e-01	   5.3439655733308200e-01	   3.6762895873508672e-01	  -3.5977786312140297e-03	  -2.8820035436119960e-02	
   2.3389557254136800e-01	   7.6344819590878743e-02	   6.8947269328057392e-01	   7.1814007129271928e-01	   9.2304617514369569e-01	   8.7557640369469958e-01	   7.2239237650303023e-01	   7.7827876065621293e-01	   0.0000000000000000e+00	   8.2675563649727823e-01	   2.9878064277999661e-01	   2.7995768438660540e-01	   5.7257945079329176e-01	   4.6151448400549211e-01	   5.0312054975775600e-01	   6.7175427720340641e-01	   1.2154169265518180e-01	   1.5794007922067058e-01	   1.4556693663969256e-01	   9.3564096647830788e-02	   1.6336095893707198e-01	   5.0997254063926030e-02	   2.8980876897109920e-01	   5.4126661165303736e-01	   2.7928676859126544e-01	   3.2677267785414804e-01	   4.9958134234388790e-01	   4.5316650248495993e-01	   6.8838663532142130e-02	   1.4079748893467647e-01	   1.5539981718423204e-01	   4.1928873231487301e-01	   3.4059348046892479e-01	   5.0276573574424788e-01	   2.6116439357727816e-01	   3.1801116567203996e-01	   2.0811509508968357e-01	   1.4444349955304930e-01	   3.3903101802045721e-01	   1.9620153767111445e-01	   3.5400382785380835e-01	   2.5237084850405533e-01	   3.2365115575082620e-01	   2.1044906804715469e-01	   2.7754050186606771e-01	   3.1264298140934854e-01	   2.6681616424206500e-01	   3.3144504304696348e-01	   2.8481021765742986e-01	   2.6843400531695860e-01	   2.3224583833762563e-01	   1.8337373037243482e-01	   3.0303724006179944e-01	   3.4714434758502288e-01	   3.2409469186267137e-01	   3.5475279416239203e-01	   1.5398103263476959e-01	   1.5962051969688740e-01	   5.5319801535284574e-01	   5.4201286527058712e-01	   7.1591593347703264e-01	   7.9402717471900208e-01	   2.1181737483768243e-01	   1.8204355942260503e-01	   3.9632756861580043e-01	   6.6633608035041236e-01	   2.7305065201113043e-01	   3.1893209468911699e-01	   9.0372299429624069e-03	   4.2301775321883772e-01	   2.3880354566324380e-01	   3.9401705255286118e-01	   2.4335969908841043e-01	   2.9770095640650146e-01	   2.3194778975825153e-01	   2.9169234167014169e-01	   1.6302613104396224e-01	   2.6172903607744391e-01	   2.7806196256089177e-01	   6.2142840634871674e-02	   1.9194258281326271e-01	   2.2108233460894416e-01	   1.2010630678955314e-01	   3.4049549048544514e-01	   6.1973511712408591e-01	   6.6368461071982232e-01	   4.2132900567777254e-01	   4.8831719206269725e-01	   7.5473325343248998e-01	   7.1869695465409467e-01	   5.9233442208030329e-01	   7.1412339694749549e-01	   7.2254159910672111e-01	   6.2082255273979037e-01	  -1.1658691034351268e-01	  -3.6500739681835162e-02	  -5.0440399158149796e-02	  -7.6121705618068150e-02	   3.7207665971645304e-01	   4.7353319280144157e-01	   4.7255519981539174e-01	   6.9367932003742272e-01	   1.9489480408348475e-01	   4.2004152480084322e-01	   3.0266458376981542e-01	   3.5305312549522977e-01	   2.6858193308550238e-01	   1.7145032673216709e-01	  -2.9802963255744601e-02	   2.2350301674364786e-01	   2.0221424168473345e-01	   4.2491511051347824e-01	   5.5803582336011304e-01	   3.7424896310658806e-01	  -4.2564405597134411e-02	  -1.0375736528330096e-01	
   3.2526732446109979e-01	   2.7788931434218345e-01	   5.6699811098912933e-01	   8.0539924974065225e-01	   7.6577572431173691e-01	   8.9627763131045879e-01	   4.7093783165325664e-01	   7.6930195801645485e-01	   8.2675563649727823e-01	   0.0000000000000000e+00	   2.6880148375134977e-01	   3.7723537786033279e-01	   4.0089201763560445e-01	   4.8251006503008542e-01	   4.1978194873822255e-01	   8.2644634116057059e-01	   2.4904428169536741e-01	   2.9445394117205692e-01	   1.8468301505906054e-01	   2.1452074283293809e-01	   1.8043100594980710e-01	   1.1818969491152856e-01	   3.2371220773317777e-01	   6.3213363715175919e-01	   2.9597313662278929e-01	   5.0327242349638512e-01	   5.8871575249614716e-01	   6.1718034279663203e-01	   1.3708275775673437e-01	   2.8225247312675877e-01	   1.7728673828353647e-01	   3.9570329599221143e-01	   2.2624679078108234e-01	   5.0336584369246218e-01	   2.7377966802781650e-01	   3.4741693075429014e-01	   4.5841109163944616e-01	   4.4834324063929371e-01	   5.1388937583631600e-01	   4.1530303752445985e-01	   3.8865254440638164e-01	   3.7172921025087169e-01	   4.3425921116226562e-01	   2.6961299971722025e-01	   1.9969555273174605e-01	   2.7405781536317708e-01	   3.9524848922497458e-01	   4.6305759288592563e-01	   2.7226493024319437e-01	   2.5620901562073417e-01	   3.1008816504044745e-01	   2.2954367821149690e-01	   4.7214673620854286e-01	   4.0286433310513536e-01	   5.7331717016253336e-01	   5.4691801499736392e-01	   2.7021088368361385e-01	   2.8894224889917708e-01	   5.2842444336437377e-01	   6.0558922368283108e-01	   5.7467063487966374e-01	   7.4131215296764119e-01	   1.1647554275666665e-01	   1.9368825198948106e-01	   3.6482660290794400e-01	   6.7570927944653825e-01	   1.9719153176255294e-01	   3.0546334180780138e-01	   1.3194155855589984e-01	   6.1707051073823371e-01	   1.4157795448216876e-01	   4.3172499138650455e-01	   2.6060137213550300e-01	   4.1178686314811025e-01	   2.1861245300259322e-01	   4.5967955860323439e-01	   2.7230209417342965e-01	   4.1497874364040166e-01	   3.7205057361395416e-01	   2.5924079502268332e-01	   3.4928115752501132e-01	   4.0984551128040592e-01	   2.5452025145897306e-01	   4.3544164472043206e-01	   5.6300619700513421e-01	   7.1495083073229826e-01	   4.8125125232555777e-01	   4.6519767592724759e-01	   8.4873263889954020e-01	   8.8528370345123619e-01	   6.4677083928663426e-01	   6.2413637679974177e-01	   7.0337308598102544e-01	   4.4517917676629404e-01	  -2.0740372516609203e-03	  -4.8915018007206011e-02	   2.2923836525657162e-01	   7.6566544949493387e-02	   4.5562053868535451e-01	   4.6062362870528084e-01	   4.2010288012454922e-01	   5.8546142589119177e-01	   2.5327562430828965e-01	   4.3222035995680097e-01	   3.8949071417967701e-01	   3.1775422936772751e-01	   3.1702532102999781e-01	   1.1153392252761554e-01	  -2.1384263280736560e-01	  -1.8005284502155584e-02	   3.9164971763099848e-01	   4.8351789212945789e-01	   5.3922280952935919e-01	   3.5618497617012368e-01	  -3.2929099596398684e-02	  -7.9597837107763247e-02	
   6.9085468949934836e-01	   6.2883972672246458e-01	   6.7306264328347701e-02	   1.5696874525752155e-01	   3.0380777905998091e-01	   3.4850725691135498e-01	   3.5464383645600972e-01	   3.6849517877047921e-01	   2.9878064277999661e-01	   2.6880148375134977e-01	   0.0000000000000000e+00	   7.5694154622416399e-01	   5.1016344775107847e-01	   5.6498484704102192e-01	   2.3938743386372863e-01	   2.4869212971818228e-01	   7.5919479158094694e-01	   7.5188348906340730e-01	   5.2662113069302130e-01	   3.1946062343886883e-01	  -2.1106955343129349e-01	  -1.9146539943107965e-01	  -3.9687744361726784e-01	  -2.1509309682260463e-01	  -3.4502423266191473e-01	  -2.0031946837152378e-01	  -1.3910159783531401e-01	  -2.3564984426580296e-02	   8.1393049084728442e-01	   7.8150902467640804e-01	  -2.0752340293905991e-01	  -1.1763873966558788e-01	   2.4568678282349249e-01	   2.5511684533406614e-01	  -3.8044252166722370e-01	  -2.1670693125987661e-01	   2.7471724993566771e-01	   3.0919098965550779e-01	   2.5533595761580918e-01	   4.3698531362967086e-01	   2.7946311911629762e-01	   1.6798812879484509e-01	   2.5051810723457724e-01	   2.9371790548505661e-01	  -1.0444290996225686e-01	   1.4521168131803075e-01	   3.6059608286964950e-01	   3.2290730537064871e-01	   1.6090736167164027e-01	   1.5663765560277063e-01	   1.3924795326325468e-01	   1.1914740322174144e-01	   2.7947891027658062e-01	   3.1979129572503828e-01	   3.7923682439750706e-01	   3.3064235872088643e-01	   6.0553586732342846e-01	   6.3960091287150678e-01	   2.3908610391908269e-01	   3.2545796486655709e-01	   4.2417337955813122e-01	   4.1050837603046553e-01	   7.8905223765109211e-01	   8.3637535757888937e-01	  -5.2842981979284187e-01	  -1.1519255227073469e-01	  -1.6592536133536673e-01	  -7.6860711502697326e-02	  -1.2577229552392907e-01	   2.3731231898554320e-01	   3.7116695546904949e-01	   4.5033145525176332e-01	   7.3657766576674044e-01	   7.1343933864866882e-01	   7.1736220237314119e-01	   7.2399686420282061e-01	   5.3886116745921964e-01	   5.2032926018894332e-01	   6.2198815402835184e-01	   5.6152390417550224e-01	   4.9427400117497006e-01	   5.0386946934400112e-01	  -1.4632982539523551e-01	   1.3861847187617238e-01	  -9.7698255106950946e-02	   4.5643368146368511e-02	  -1.8637555441132553e-01	  -1.2592451533203969e-01	   2.5938392844173447e-01	   2.6086750876666487e-01	   3.8753527735991161e-01	   2.7070672634792881e-01	   1.3125683227886376e-01	   4.3301761932641097e-02	   1.7334320322020137e-02	  -2.3678792536111257e-02	   2.1572794763158619e-02	   1.3372033478798129e-01	   5.6789745244684675e-01	   4.7921188675076892e-01	   5.1962016646725839e-01	   3.4688861533502019e-01	   6.7079296196366289e-01	   6.6651232044081288e-01	   1.7523256513932137e-01	   2.0208007885089807e-02	  -1.4406664624989488e-01	  -3.6883273053174798e-01	  -9.9266707637820806e-02	   1.0595815786476701e-01	   2.4850704324341510e-01	   3.5766656182283413e-01	   3.6561746936188982e-01	   4.6585231743582778e-01	   1.6234748001343047e-02	   1.9566215197957432e-01	
   5.0894653686083957e-01	   6.5099606477000937e-01	   1.8341414091575657e-02	   2.8668241136578065e-01	   2.4074615942135291e-01	   4.1464691132475917e-01	   3.1696560166703441e-01	   5.5742780715327700e-01	   2.7995768438660540e-01	   3.7723537786033279e-01	   7.5694154622416399e-01	   0.0000000000000000e+00	   3.3476725123547557e-01	   8.2485050290331696e-01	   1.6951213663164977e-01	   3.9475647127417945e-01	   5.6093071283994500e-01	   6.0383792197001052e-01	   4.0527514432575784e-01	   4.2611121666038837e-01	  -3.2064100920504346e-01	  -3.1321146891150597e-01	  -3.9801499891103576e-01	  -1.5648505666335444e-01	  -3.1256706181868343e-01	  -6.6557913260644308e-02	  -1.4413676904960404e-01	  -3.1880939052916786e-02	   6.8526059151109708e-01	   7.9443081411269922e-01	  -1.5916668587729865e-01	  -7.3171345290090381e-02	   3.6142746915626339e-01	   4.3829506490485581e-01	  -1.9092267057887022e-01	  -4.7469014836403294e-05	   3.9447505746863831e-01	   4.4931549495703593e-01	   4.0109769499973613e-01	   5.0807780157254112e-01	   3.0728433699193525e-01	   2.3266641444897623e-01	   5.1471526589777017e-01	   5.2467830881576205e-01	   2.2688881604596839e-01	   4.7655209797730791e-01	   5.7786466364452904e-01	   5.7792980210289446e-01	   4.7300673784519731e-01	   4.8168908692114898e-01	   4.3157681552518379e-01	   3.4432797969216156e-01	   3.7716126752948775e-01	   3.3122589412629644e-01	   6.1439144775786025e-01	   6.1814674971548911e-01	   3.4877446987935445e-01	   6.0979804557452311e-01	   4.0706227659211625e-01	   6.5924269267480140e-01	   4.8010989677604859e-01	   5.1797408028420966e-01	   5.8060012834563768e-01	   7.5054538090418543e-01	  -4.4755314600693508e-01	  -1.1243668696865659e-02	   3.6040819240732248e-02	   2.1067801304867018e-01	  -6.5661435560789377e-02	   3.7288001867567538e-01	   2.7257454052185220e-01	   3.8711087055489479e-01	   4.9393426769019622e-01	   5.8799293982857792e-01	   4.4983830684182657e-01	   5.7835562833578658e-01	   3.5459138558189940e-01	   5.0498733918967009e-01	   4.5267874804028768e-01	   3.8611452964511472e-01	   3.6376440572535684e-01	   4.3583186430937876e-01	  -1.2668931076225659e-01	   2.3736535024450467e-01	  -5.9810993553711125e-02	   1.2457001601400139e-01	  -1.2870047767843334e-01	  -1.0570238081795569e-01	   2.4122607210347594e-01	   4.3909568204703719e-01	   4.6715864836450843e-01	   1.6450801159678907e-01	   1.3080213136218347e-01	  -5.7114109746268182e-02	   5.3888650778794130e-02	   1.0120901102382759e-01	   2.4519021108034170e-01	   3.6261543784899197e-01	   6.8140831137592284e-01	   4.9621262943766159e-01	   7.1120012850025782e-01	   3.0306500945947445e-01	   7.1554881266900017e-01	   5.6297080013248590e-01	   2.5850459850917340e-01	  -3.0703606436062538e-02	   1.6805072627953166e-02	  -3.0156650138094138e-01	  -8.0014018649015889e-02	   6.6272449401092351e-02	   3.0786631107600432e-01	   3.1473731115420628e-01	   4.3929903313622082e-01	   4.5484643231457761e-01	  -5.1379839946409989e-02	   1.6304424242476195e-01	
   2.8869789597333645e-01	   1.7842677474658081e-01	   4.7437091507044393e-01	   4.1526184842590141e-01	   5.5208471918994173e-01	   4.9704802802334652e-01	   5.3357741488507382e-01	   4.3328921852896918e-01	   5.7257945079329176e-01	   4.0089201763560445e-01	   5.1016344775107847e-01	   3.3476725123547557e-01	   0.0000000000000000e+00	   5.1670798423200925e-01	   7.4471773836866340e-01	   4.3498772499823457e-01	   2.3433059417339858e-01	   3.2272396653713098e-01	   2.3063481377167755e-01	   4.7239265585400175e-02	  -3.0294388229802276e-02	   1.3350336881148821e-02	   1.6432341855538873e-01	   2.3444624581859777e-01	   1.1693861913425019e-01	   6.5814639523402052e-02	   3.0037307539450098e-01	   2.4898309075769037e-01	   3.2592686573388929e-01	   1.9281564388607947e-01	  -3.0246809537608069e-02	   1.1917234960548513e-01	   2.3103906692284737e-01	   2.3747366584273466e-01	  -3.0836660820770190e-02	  -3.8178810117511529e-02	   4.0280038616712248e-02	   7.6870094695888957e-02	   1.3897453373411650e-01	   1.3410596068822794e-01	   1.4536492095406101e-01	   1.8204416598360118e-01	   2.6436863048408038e-01	   2.7633337123994844e-01	   1.6014476137903169e-01	   2.7594597474384097e-01	   2.4931365241464279e-01	   2.8607729297518686e-01	   3.0569926282122795e-01	   3.1337831242347181e-01	   1.4746498501772615e-01	   1.7857984042755415e-01	   1.3382977942230845e-01	   1.6433395895566177e-01	   2.3413629148768025e-01	   1.9275373845840688e-01	   1.5216472624827207e-01	   2.0644804127243352e-01	   3.2273669170985492e-01	   3.2361516121340861e-01	   2.7789367963130973e-01	   3.7328104599339362e-01	   3.6748316357361999e-01	   3.2347787219120883e-01	  -7.2162251564924411e-04	   2.3824410590645162e-01	   4.5493590823400834e-02	   1.0393501123116296e-01	  -1.3062380943300425e-01	   1.9031486308686746e-01	   2.3096969066169420e-01	   3.0970562403492952e-01	   2.2548145040448861e-01	   1.7529588543510768e-01	   2.5065271583730037e-01	   2.4192674659253011e-01	   1.6363368458372063e-01	   1.9103639731833358e-01	   2.1088572518594850e-01	   1.6675498462939753e-01	   3.9489064308928412e-01	   3.0634267836367840e-01	   2.8238635856384808e-01	   2.9178350360321731e-01	   4.4731713959747377e-01	   3.0227580348851169e-01	   1.2423284809652499e-01	   1.4837089004028184e-01	   4.9381544390828314e-01	   3.6376457798608852e-01	   4.1110741329578737e-01	   6.4226318936451243e-01	   4.7564051651895856e-01	   4.9766456633239159e-01	  -6.6513655357483659e-02	  -1.8384159084624879e-01	  -1.3165687538369381e-01	  -2.0174377183690481e-01	   3.3415700057695963e-01	   4.0585601185163156e-01	   4.8800763324274804e-01	   6.0557338782406989e-01	   3.6662350466088789e-01	   5.0837979814879597e-01	   2.4729203137930594e-01	   3.2817820733975389e-01	   2.5181013567389543e-01	  -5.3947065416962786e-02	   7.1597739493667420e-02	   6.2918253617387829e-02	  -1.1338067807876216e-01	   2.3328791167322538e-01	   3.7423417689085353e-01	   3.2381580042405100e-01	  -1.3145611848627345e-01	   1.4410253648423837e-02	
