   0.0000000000000000e+00	   8.1440366219802196e-01	   2.2943794705986581e-01	   2.8770481604384995e-01	   3.5850519569628914e-01	   4.2200961960771111e-01	   5.7237894551262281e-01	   6.7627421908813279e-01	   4.9457925938547015e-01	   4.3135472995925656e-01	   7.7715846938254862e-01	   6.7462926914454435e-01	   7.3100060807470069e-01	   6.2655099694676286e-01	   6.3430672684048228e-01	   6.9960269374519268e-01	   6.1836840108785207e-01	   5.7458485034832929e-01	   7.5521180475989991e-01	   7.4347140297899195e-01	   3.5064076557387613e-01	   2.8078399921139208e-01	   1.4956585104676642e-01	   2.1633645633995474e-01	  -3.1625789380487074e-02	   1.2330841264113372e-01	   1.8680396116639311e-02	   1.3047249926741439e-01	   6.5237303461449403e-01	   6.6598429384053448e-01	   3.4209305784207411e-01	   3.1782115927584675e-01	   6.2455301071071878e-01	   6.3490016889166689e-01	  -5.4030699318146753e-02	   3.1437482941539185e-01	  -1.7772197159492281e-01	   1.2557663746166620e-01	   2.5232028902422443e-01	   1.0621779326436294e-01	   2.4107349113224041e-01	  -2.6971128119713333e-01	   4.5507270701375030e-01	   5.4602685489509617e-01	   5.6424330731367334e-01	   5.9971025663145006e-01	   6.4807547169718061e-01	   6.2901047442294400e-01	   6.2196278072469446e-01	   6.1381231268629444e-01	   6.2366926007536450e-01	   5.6734056774895258e-01	   6.2012691149396770e-01	   4.9477226170961086e-01	   6.1700151476691378e-01	   6.1477361421706167e-01	   6.7280319187966064e-01	   5.2912048004691381e-01	   6.0807349645820130e-01	   5.3746388793016320e-01	   6.5790286804402998e-01	   4.2696361740291638e-01	   6.5835674817095846e-01	   5.8076198264424339e-01	  -2.2746054462322277e-01	  -7.0369952057433766e-02	   4.6592533345831577e-01	   4.1221217895282980e-01	   6.4967410936717218e-01	   5.4890529569280799e-01	   3.3972452103918116e-01	   2.2259189627132486e-01	   6.7149931505159444e-01	   6.3497831939214811e-01	   5.5841141047557141e-01	   4.8518805021772404e-01	   5.4639593426744693e-01	   4.7727459361827540e-01	   5.7943641252040834e-01	   4.3074774499722690e-01	   7.0603607971928395e-01	   6.5092516172434500e-01	   7.3066601541235821e-01	   7.6675356549953555e-01	   5.1630655154395577e-01	   3.4557140216712995e-01	  -1.3854117495609596e-02	   1.6650081985298476e-01	   4.3272822966247526e-01	   6.4151561625029763e-01	   6.4982631246413458e-01	   4.8188407606607064e-01	   3.7077141228231836e-01	   3.5078412340810894e-01	   3.7807258436543145e-01	   2.4790300032979312e-01	   5.1725179112343989e-01	   4.1484364068391699e-01	   6.6496577345847396e-01	   7.0111146056036366e-01	   5.7016313350251169e-01	   3.6445915311692095e-01	   6.9988205914960944e-01	   6.9599566894965514e-01	   6.0716568339602006e-01	   3.5092644225362218e-01	   2.4455164401570659e-01	   3.1170436187852379e-01	   7.3048266975196049e-02	   4.5849080725088553e-01	   4.6150365163097629e-01	   6.7831184856515492e-01	   6.0802861604946967e-01	   5.1445101651113734e-01	   4.2679318250031512e-01	   2.8646791687714751e-01	
   8.1440366219802196e-01	   0.0000000000000000e+00	   2.8705336033002915e-01	   5.4910862926941395e-01	   4.2730295129196805e-01	   5.7105348467969630e-01	   3.8399273323613975e-01	   7.0263383237335231e-01	   5.2867183135678708e-01	   5.4858190335102108e-01	   5.7793752565877454e-01	   7.4887736565945229e-01	   6.0506647316509810e-01	   7.5826553685965792e-01	   5.3440751563829769e-01	   7.6886867894596056e-01	   6.0122413135424224e-01	   6.4426351906044088e-01	   6.4964291164659627e-01	   7.9379732908778133e-01	   4.0387265911047548e-01	   3.3870431242780130e-01	   2.6729663638672724e-01	   4.4142892971950132e-01	   1.8451578394914683e-01	   3.4551345384700144e-01	   1.9957761766646182e-01	   2.3558298501228059e-01	   4.6053948189938065e-01	   5.5145507171500940e-01	   3.2511125517885159e-01	   3.7732110242007882e-01	   6.0116526666089087e-01	   6.4804672368398364e-01	   2.1476947559593568e-01	   5.0267310582366931e-01	   1.2315383021441348e-01	   4.1731359805922780e-01	   4.8372045272385988e-01	   4.2810739237204543e-01	   3.4936658624629519e-01	  -1.6490199394511862e-01	   5.3847661643711886e-01	   6.0606204256972651e-01	   5.2363844776120827e-01	   5.4617721636252348e-01	   6.8953886871354719e-01	   6.5614004512812851e-01	   5.5452631967724308e-01	   5.5830954853956127e-01	   6.5624093193221189e-01	   4.9699039257184713e-01	   6.2640013873053024e-01	   4.4203928728803921e-01	   7.1595210597409342e-01	   6.7645726007701734e-01	   7.8986230215542430e-01	   6.7296835286290890e-01	   5.2661839829394497e-01	   5.1916253552401015e-01	   5.5286153621543721e-01	   4.8977732773076760e-01	   4.0831961906035519e-01	   4.3807379173134714e-01	   5.9933006168724273e-03	   2.6377048366756778e-01	   4.9422623575526170e-01	   5.2252197533985112e-01	   6.2364770346838005e-01	   5.7494333222457350e-01	   2.8989188856162706e-01	   2.9851528844849773e-01	   5.5007146457981460e-01	   6.1940378677406072e-01	   5.3300938929852049e-01	   5.9024340632354200e-01	   6.6802749130334016e-01	   6.7357759901476566e-01	   6.0096147150393464e-01	   4.8630084048036060e-01	   7.1773800919872288e-01	   7.6467753786596504e-01	   6.1638797299529158e-01	   7.9664019539531417e-01	   5.7566419494264620e-01	   5.5531868907589310e-01	   1.9803963168002042e-01	   4.3183795200479502e-01	   5.1185539128913782e-01	   7.0215318451116138e-01	   6.9725306939855369e-01	   3.8712758074268883e-01	   5.8753017135003138e-01	   3.7425110061180561e-01	   4.2087512958556833e-01	   3.3373379644999590e-01	   6.9256267889365908e-01	   6.2674419262616499e-01	   7.1342054973559610e-01	   6.3930923252842420e-01	   6.8387613629423882e-01	   3.7949500807617115e-01	   7.5941581377614686e-01	   5.7725357875522354e-01	   6.7723300679800924e-01	   4.3878416806315801e-01	   2.8562477061044567e-01	   3.4679162818066345e-01	   1.3450745455702495e-01	   5.8086805278661968e-01	   5.1616137079592661e-01	   7.6967085703420723e-01	   6.7708990113031597e-01	   6.0688877745231662e-01	   5.5449647920893363e-01	   2.4630940100706700e-01	
   2.2943794705986581e-01	   2.8705336033002915e-01	   0.0000000000000000e+00	   6.3079151788024235e-01	   5.8541688517004842e-01	   4.2829023107378611e-01	   6.5245604274484603e-01	   3.6214739468924945e-01	   3.5330047064688958e-01	   2.4996511912476829e-01	   3.9111340686407048e-01	   3.0411175785654354e-01	   5.3200347356452582e-01	   4.7785091549525505e-01	   6.9204114229853742e-01	   4.9750506979973019e-01	   4.2490359754739504e-01	   3.0572001484808209e-01	   5.0045719200388128e-01	   4.9639743123755231e-01	   5.0999567983071648e-01	   4.2003590987511591e-01	   9.2225985134434718e-01	   7.7915754448186980e-01	   7.3231909270683537e-01	   7.1450318489071474e-01	   5.4722445778068884e-01	   3.7178074833004376e-01	   3.5496123020599335e-01	   3.1722741867656906e-01	   7.6916911635820595e-01	   7.0422486352503688e-01	   7.4536086689524905e-01	   6.4675512850300476e-01	   6.9151102531120467e-01	   5.8113235667268626e-01	   2.6841608153863039e-01	   3.1150789609211837e-01	   4.9428584744136428e-01	   3.3663826110413403e-01	   4.2101986777050715e-01	   2.4161228339498680e-01	   2.3433315947200845e-01	   1.7524493049333201e-01	   2.5732365432057513e-01	   2.5106355165974648e-01	   2.3184476468646917e-01	   2.4474882013137342e-01	  -2.2822213080727606e-02	  -3.5910496944955322e-02	   2.4498909909574834e-01	   8.3193717105351145e-02	   5.7225118409108211e-02	   8.7800544019715612e-02	   2.6111796520445835e-01	   3.5565563700880282e-01	   2.4178551797932296e-01	   1.4395645948092484e-01	  -2.6856787564976843e-02	  -2.1058044327595143e-01	   3.0525400956108811e-01	   7.4753120826296593e-02	   2.8908228756877263e-01	   1.4396989938579166e-01	   7.1181192004088634e-01	   4.1858070461986352e-01	   3.9858138044881897e-01	   2.6502334538560124e-01	   6.5586014147790350e-01	   4.4790527926928703e-01	   4.6706655647146567e-01	   2.2749020804589859e-01	   4.7913307912847519e-01	   3.6407660648029050e-01	   5.5346943009488792e-01	   4.6527380292776205e-01	   5.4566129775792249e-01	   4.8548331002918721e-01	   4.6374397080793039e-01	   5.7260199608613216e-01	   5.0614413213281306e-01	   5.4710994178800276e-01	   5.9171004876603095e-01	   3.8826706780133924e-01	   7.0434452446829732e-01	   5.9167053832301408e-01	   5.0084253171884319e-01	   5.6849955349984316e-01	   4.8359526143843096e-01	   2.7681365169299210e-01	   3.1116596263405205e-01	   5.7072123975656530e-01	   5.3774273462616473e-01	   7.8719515060119072e-01	   2.8092181416316153e-01	   1.7262745550867764e-01	   4.9034351072204080e-01	   4.6756345925005910e-01	   1.7097706909772753e-01	   2.9371418731427656e-01	   3.0337771990880180e-01	   6.8627048438948468e-01	   1.8133335693530678e-01	   3.0215966771985781e-01	   3.5428645864140185e-01	   4.7359155242686890e-01	   1.9757751608328208e-01	   6.5708662650006300e-02	   1.2251260841497699e-01	   4.3114506841366362e-01	   4.5273883578337598e-01	   3.1137740790954666e-01	   2.6240329253928873e-01	   2.8963126868224576e-01	   4.4526282026452202e-01	   2.5739641692357756e-01	
   2.8770481604384995e-01	   5.4910862926941395e-01	   6.3079151788024235e-01	   0.0000000000000000e+00	   5.4948616724015564e-01	   5.6326800402579225e-01	   5.0000909155975526e-01	   7.1133626593979293e-01	   2.8302943779252987e-01	   2.3280820899026744e-01	   2.8439236524941125e-01	   6.5570019002100199e-01	   4.0531947022693660e-01	   7.3596450230513111e-01	   4.0065987044241780e-01	   5.8291501095168874e-01	   2.6021787964540055e-01	   3.0175970039379030e-01	   4.1717760572899459e-01	   5.4605995316365441e-01	   4.5668887358812482e-01	   4.0613779329972571e-01	   7.2429018664843325e-01	   8.4887674041266470e-01	   6.5047438925972101e-01	   7.5333648130593422e-01	   5.4384131211357123e-01	   3.4470085152829910e-01	   1.2828659469150491e-01	   2.3849706157765660e-01	   5.9832794323958960e-01	   6.8862760113798027e-01	   5.6699888867992643e-01	   6.2367157781099525e-01	   6.2782097170962603e-01	   7.5285822808795977e-01	   2.1101096866635605e-01	   5.6360455324007941e-01	   5.3094283586860391e-01	   6.4554298902403884e-01	   3.4647930991387399e-01	   3.4065917804782408e-01	   4.8045763297628097e-01	   4.2658075260280237e-01	   3.8638935774690675e-01	   4.3805519835008949e-01	   3.8404361037718249e-01	   4.7076902331142745e-01	   2.7702914762587488e-01	   3.5248926516051443e-01	   5.3143213573641468e-01	   3.8544383446445929e-01	   1.9880239658520982e-01	   1.5562345018455359e-01	   4.8114569192408940e-01	   5.7544385724954494e-01	   2.2535225126775288e-01	   2.3495653961237006e-01	   1.4753102001905341e-01	   2.6100803803352224e-01	   3.4334944216038465e-01	   4.4123340473422912e-01	   5.8086206112180905e-02	   5.8461760224883884e-02	   6.1008325366116978e-01	   7.7520115058578165e-01	   5.9833886131870007e-01	   6.6008460639127220e-01	   4.3939717683431878e-01	   5.1031923363390153e-01	   5.0619827498532000e-01	   4.0653252718154276e-01	   2.6439411222012554e-01	   3.4963032667465255e-01	   3.6800029328861744e-01	   4.9636122618921358e-01	   5.8999026196470616e-01	   6.9299953166839590e-01	   3.8524446098995352e-01	   5.2178765163332375e-01	   5.1116849631673400e-01	   6.7298187502730600e-01	   4.4260036878279430e-01	   4.7091350221578843e-01	   6.9911632726124950e-01	   8.4608635328026116e-01	   5.9351697746948262e-01	   6.6525754136380633e-01	   5.8068588501203655e-01	   5.7388444950130157e-01	   5.8852812904658525e-01	   5.8067445182901611e-01	   8.5046523654948647e-01	   6.6159492141809995e-01	   2.4189378475509987e-01	   1.3915355112063460e-01	   5.8126651476863378e-01	   5.8374150107214595e-01	   4.8542164309871871e-01	   4.9169817847437036e-01	   7.6367736323310642e-01	   6.3199309100925782e-01	   4.6655636537796574e-01	   2.6263931573331639e-01	   4.5301547971303679e-01	   3.8168805109508674e-01	   5.0833804885416267e-01	   2.6900682906898227e-01	   1.8606155228577964e-01	   3.0132681656717475e-01	   4.7309373437182461e-01	   5.9874278554321714e-01	   5.9460257038561715e-01	   3.9987421592653755e-01	   5.8665882789901425e-01	   5.3155511088425800e-01	
   3.5850519569628914e-01	   4.2730295129196805e-01	   5.8541688517004842e-01	   5.4948616724015564e-01	   0.0000000000000000e+00	   8.7740385630683382e-01	   4.5879025591652567e-01	   3.6828731357226741e-01	   7.8481856275471806e-01	   6.4535055268660924e-01	   3.7117862676224683e-01	   4.1784903003966478e-01	   5.1144148402893208e-01	   5.1879398012730260e-01	   5.5530867291134278e-01	   5.2587687190266263e-01	   3.2875735485664687e-01	   3.9284859745879269e-01	   2.6664800979364833e-01	   2.9019036508900992e-01	   7.0254683502091320e-01	   6.5346285938798088e-01	   5.4050539399100550e-01	   5.0748163721308925e-01	   6.6235507623754653e-01	   6.2383211637006841e-01	   7.3078222598964859e-01	   7.1164674682620532e-01	   1.6769725073102373e-01	   2.4476465971394740e-01	   3.0388669222398607e-01	   2.6584339216847380e-01	   4.6672030020706967e-01	   4.0709356253395934e-01	   4.1253996214133459e-01	   4.8832301204620432e-01	   2.1526953932578752e-01	   4.2750828658562046e-01	   6.2295993455001586e-01	   4.7125936029279053e-01	   6.6621227923777870e-01	   3.6106244728114817e-01	   4.0452554448181638e-01	   3.9628175683383704e-01	   3.9566418928063518e-01	   3.8273571678747415e-01	   4.7766123347071643e-01	   4.7186216765420591e-01	   3.0291579919936262e-01	   2.1372145942730969e-01	   4.5908536513267489e-01	   2.2569107151378587e-01	   3.5212182815681992e-01	   3.3494885921134154e-01	   5.8214124993016092e-01	   5.7627977272433850e-01	   4.0393757197050145e-01	   4.6344975944257710e-01	   5.4280557926271533e-01	   3.1342003970606114e-01	   6.2599035431175576e-01	   3.4878198332188332e-01	   2.8932324726676928e-01	   3.4657034527732744e-01	   4.5588176094056643e-01	   3.8312505638525435e-01	   5.8130671433319447e-01	   4.4092234764033772e-01	   5.4839852561437807e-01	   6.0777040390419934e-01	   3.0520366986237563e-01	   1.7094883627006466e-01	   2.1483896879473557e-01	   1.9560996054954394e-01	   2.2740817727406240e-01	   2.4025940120559697e-01	   3.5758105809677565e-01	   2.8149500727300003e-01	   3.4066312428768092e-01	   4.1831314669490249e-01	   4.4496002851092226e-01	   5.2987398868870328e-01	   4.5510725995687229e-01	   4.7307733503809868e-01	   6.4083509827884433e-01	   5.9393084649662575e-01	   4.2429240985340411e-01	   4.6369198587008875e-01	   8.3869840969009768e-01	   7.3432745480166561e-01	   5.7991533854972455e-01	   6.0810754566091907e-01	   5.2180331578119332e-01	   7.1654451690075494e-01	   4.2932385475786328e-01	   2.7729466641612915e-01	   6.0541816514072322e-01	   5.5158109263340926e-01	   4.3917090977810253e-01	   4.7886615599763871e-01	   4.3052435447360782e-01	   7.0361994013218221e-01	   4.5540558056150793e-01	   4.4050574479461713e-01	   4.4018986599197618e-01	   4.7463236942919035e-01	   3.3796390733174225e-01	   2.7921945643080648e-01	   1.8346935332924774e-01	   3.0116237891670300e-01	   5.8469952363041122e-01	   5.2203694495903896e-01	   4.7456453335909576e-01	   4.8568349387856619e-01	   4.7267593637794503e-01	   3.1390172862737359e-01	
   4.2200961960771111e-01	   5.7105348467969630e-01	   4.2829023107378611e-01	   5.6326800402579225e-01	   8.7740385630683382e-01	   0.0000000000000000e+00	   2.4839831745058422e-01	   4.1597458333117121e-01	   7.4520609170592955e-01	   6.9659136123416676e-01	   2.7684636790358441e-01	   4.9529852493390819e-01	   4.2722226322031581e-01	   5.9568341453054363e-01	   4.8052410787595884e-01	   5.9633288423814990e-01	   3.0577581506560203e-01	   4.0861077063645901e-01	   2.3021113567098475e-01	   3.2175790317765862e-01	   7.5672126186126576e-01	   7.5372189006609158e-01	   4.1258857473193511e-01	   5.0148385008749474e-01	   6.4289527078408437e-01	   6.7318063030142516e-01	   7.5288699717438778e-01	   8.1213608068007681e-01	   1.2849245394827483e-01	   2.2294504657862521e-01	   2.1063444072712922e-01	   2.4230339389563804e-01	   4.0153265575481978e-01	   3.8840529701755505e-01	   4.4194873312491534e-01	   5.3932864928612889e-01	   3.5159217969132595e-01	   5.0551832451262513e-01	   6.7335420985577654e-01	   4.9869081871302867e-01	   6.8469813256498635e-01	   2.2298732413178446e-01	   4.8283367042924108e-01	   4.6574571454894809e-01	   4.0229795633840215e-01	   3.4064857161084289e-01	   5.4894703943236622e-01	   5.1298221035991642e-01	   3.9423034503900173e-01	   2.5506496429123693e-01	   5.3953405325784898e-01	   2.1578005790343691e-01	   4.9869597241908570e-01	   3.7355527214651874e-01	   6.8322410791614230e-01	   5.7112288185874649e-01	   5.0274594181256049e-01	   5.6697514195891940e-01	   5.7529752965281300e-01	   3.9553230066140627e-01	   5.7664655357052375e-01	   4.5086454381395880e-01	   1.3345908707609791e-01	   3.0193671326902405e-01	   3.3157270550226520e-01	   4.5988428202656678e-01	   5.0853333434281511e-01	   4.2446063134170708e-01	   4.4704941315813085e-01	   5.0672931015424738e-01	   3.2730363888577857e-01	   3.1275025861345318e-01	   2.1042069321388274e-01	   2.8998781384966454e-01	   1.9339265509433273e-01	   2.7805224402927786e-01	   4.6636763162217743e-01	   4.4814055796884067e-01	   4.1130720011995425e-01	   3.2378925472528847e-01	   4.4161749856811394e-01	   5.3589317859566388e-01	   4.4209649140970864e-01	   4.6229042324981429e-01	   5.7342199593599097e-01	   5.9380153672427416e-01	   4.6349473310185274e-01	   4.8017648748390324e-01	   8.0426601289299637e-01	   7.4997860056955168e-01	   6.3556990886485265e-01	   4.4933266021989832e-01	   5.7147700884677044e-01	   5.6970827784595790e-01	   4.7261007227867002e-01	   3.8230494597217224e-01	   6.2468444746675811e-01	   5.7218226877350964e-01	   5.4008442267118073e-01	   5.0142112788514392e-01	   4.8760097175240247e-01	   5.3643919840453136e-01	   5.0464763863903239e-01	   4.3011727142510592e-01	   4.9456780381974930e-01	   4.9405332260099133e-01	   2.4376913850078888e-01	   3.1103243046882395e-01	   2.3235423626657148e-01	   3.6953506100451217e-01	   5.5171001019599664e-01	   5.8424348585510089e-01	   5.6568507773565402e-01	   5.4937412292228471e-01	   5.4404058271253242e-01	   3.4882253574481503e-01	
   5.7237894551262281e-01	   3.8399273323613975e-01	   6.5245604274484603e-01	   5.0000909155975526e-01	   4.5879025591652567e-01	   2.4839831745058422e-01	   0.0000000000000000e+00	   7.3292684208207737e-01	   4.2560631314417907e-01	   2.8486298524600084e-01	   7.5959712586734451e-01	   5.7897277540334546e-01	   7.2951421023237417e-01	   5.2849910636084696e-01	   7.3970128193954188e-01	   6.2364881226511537e-01	   5.2219736694327001e-01	   4.6045874241580309e-01	   6.9003621087566114e-01	   5.9060891502544655e-01	   2.8028369924145957e-01	   1.6601954001907165e-01	   6.4551769524398883e-01	   5.2692033833126561e-01	   1.6822937940469646e-01	   2.7359754280328574e-01	   9.8427265986041165e-02	  -3.0142085079089293e-03	   6.1689810834333758e-01	   6.2283788407168350e-01	   7.5484406688174244e-01	   6.7035268138552873e-01	   7.7289824764624138e-01	   7.5200511758817179e-01	   1.0423509364998612e-01	   3.6751347967065445e-01	  -3.4708287272470706e-01	  -2.0638080349450791e-02	   1.4116875199477580e-01	   2.4343642519948527e-02	   5.1029349805733731e-02	  -8.3431504735953649e-03	   1.7122148034450221e-01	   2.1592309192837472e-01	   4.0276585498390671e-01	   5.0324480220142231e-01	   2.7546813212577370e-01	   3.4030669653221285e-01	   2.9032912352510232e-01	   3.1204765552299751e-01	   4.4323182849584775e-01	   4.4763633441556450e-01	   2.1803775819994820e-01	   3.1403971635426858e-01	   2.6340955494267476e-01	   4.1418434748468846e-01	   2.3039133330447098e-01	   1.6554285332971869e-01	   2.6370941070658926e-01	   2.4738200598382384e-01	   6.0303294071345614e-01	   3.9948485434463255e-01	   6.6695775336937024e-01	   5.2708999359735065e-01	   3.0821144392447930e-01	   1.5411381781117611e-01	   5.2724752605630143e-01	   4.3876474337120186e-01	   6.2912879293519697e-01	   5.3184984918509692e-01	   3.7461804050999414e-01	   9.5521403284218709e-02	   5.5448152379185744e-01	   4.4539061167818284e-01	   5.5566183334719310e-01	   4.6815529443367354e-01	   3.9469673035887387e-01	   3.4339115166251977e-01	   4.6568097962682603e-01	   6.0043204801745886e-01	   6.5646471688888808e-01	   6.2789429415938081e-01	   6.8001640312608125e-01	   5.4565513694334156e-01	   6.4442413988672254e-01	   4.9160261987040993e-01	  -5.8392981236555196e-03	   1.4359304134069428e-01	   3.9270352396771274e-01	   4.4722211267952161e-01	   4.5219369398509357e-01	   6.6407938333245586e-01	   3.8885773796483791e-01	   5.9354877327635913e-01	   2.0492109451188778e-01	  -1.0831727811602106e-01	   3.1460529339704568e-01	   2.2921326485278984e-01	   3.7032532746201918e-01	   4.6430465962725154e-01	   4.7077735731726988e-01	   5.7833208224962429e-01	   3.6976016596878136e-01	   4.2819858682042755e-01	   2.8816650130953525e-01	   1.5285847662770163e-01	   3.2604329837167145e-01	   7.0021413181890771e-02	  -5.2773410003076185e-02	   1.5552283868504893e-01	   3.0398013095526794e-01	   3.9798139992355880e-01	   3.3080932288881720e-01	   2.4956346821514738e-01	   2.5735866416171915e-01	   3.9886623358652273e-01	
   6.7627421908813279e-01	   7.0263383237335231e-01	   3.6214739468924945e-01	   7.1133626593979293e-01	   3.6828731357226741e-01	   4.1597458333117121e-01	   7.3292684208207737e-01	   0.0000000000000000e+00	   4.3076516091818917e-01	   4.0188629251899488e-01	   6.9820217347846758e-01	   8.8346428352664230e-01	   6.8630141166827519e-01	   8.1726949434185814e-01	   5.8746627309169974e-01	   7.8866417245914322e-01	   5.1282122461668767e-01	   5.5222667852368978e-01	   6.6120161460650262e-01	   7.2730130718300723e-01	   2.8215681950825677e-01	   2.0296391275011566e-01	   4.6894951871649826e-01	   5.9029452350145473e-01	   1.2230527480555167e-01	   3.2712020695589805e-01	   1.0698375681014158e-01	   2.9395366152955005e-02	   5.3135266467440667e-01	   6.1353408333440007e-01	   5.9975472425530896e-01	   6.5113389592001270e-01	   6.6507190980762965e-01	   7.6267261680356024e-01	   9.3101751510970374e-02	   4.7667699271460112e-01	  -2.2439733237614082e-01	   2.0509487077669353e-01	   2.7066285550981750e-01	   2.6548906976956788e-01	   1.1552466350508431e-01	  -5.3560826638564096e-02	   3.4732671294153750e-01	   3.9570063919076515e-01	   4.4994405467103499e-01	   5.3374822004178524e-01	   4.3981390548368354e-01	   5.0304415170606398e-01	   4.8534907809697136e-01	   5.2546408569105629e-01	   6.1571339075587184e-01	   5.7894362813862232e-01	   4.4276160689703470e-01	   3.8247452841719842e-01	   4.9454368324890052e-01	   5.6966744840991834e-01	   3.9316341371556562e-01	   3.9498557301155462e-01	   4.1058450587703577e-01	   5.7556741655054244e-01	   6.5615566041923767e-01	   7.5054276931035102e-01	   4.9526765022662511e-01	   5.3541484406174411e-01	   1.5161196255187742e-01	   3.6002507057178856e-01	   5.2483364701921831e-01	   5.9484002078740716e-01	   4.9565908657988444e-01	   5.3380381969844737e-01	   4.2884304556402164e-01	   3.5529520538030424e-01	   5.3080049771263416e-01	   6.1776993172093908e-01	   5.2656042065965147e-01	   6.2498557260675791e-01	   6.0096425986146396e-01	   6.5218837857187628e-01	   5.5223919223472495e-01	   5.5512885006239709e-01	   7.5882318491466871e-01	   7.6459487944678950e-01	   5.9537590567161358e-01	   6.6957985011869858e-01	   5.9153864815600188e-01	   6.2342440757635442e-01	   1.0359117114087488e-01	   2.7079770554175947e-01	   4.3103031112746648e-01	   6.4875552245379497e-01	   6.4961270996244191e-01	   5.0163528392876777e-01	   6.2243736016594697e-01	   4.2270536788046997e-01	   1.9030199827865335e-01	  -6.4806228286980547e-03	   4.3746035458998611e-01	   3.5593984818251601e-01	   6.1893518448398954e-01	   5.5956220972248927e-01	   7.7852593117339897e-01	   4.3988584125538271e-01	   6.1817933918354362e-01	   4.3956693385650925e-01	   4.4640565625178807e-01	   1.8621626163863997e-01	   3.8419465185603846e-01	   2.1156589851680896e-01	   4.8332969904638220e-03	   2.2453109340359684e-01	   2.7951315426039919e-01	   6.1695396714474837e-01	   5.9345236018737291e-01	   3.8493909175442242e-01	   4.0052731044881462e-01	   5.0529040149378046e-01	
   4.9457925938547015e-01	   5.2867183135678708e-01	   3.5330047064688958e-01	   2.8302943779252987e-01	   7.8481856275471806e-01	   7.4520609170592955e-01	   4.2560631314417907e-01	   4.3076516091818917e-01	   0.0000000000000000e+00	   9.3658907279159709e-01	   5.1571785049302288e-01	   4.4768168731652019e-01	   6.8504349910210571e-01	   5.6980832755891819e-01	   5.8983432815842640e-01	   6.3422777561742660e-01	   4.8202066272003519e-01	   5.6095897568143116e-01	   2.7671627300346546e-01	   2.9674798194378427e-01	   4.0345675522153712e-01	   3.6105118024829991e-01	   2.8470073236146343e-01	   2.6559103009903928e-01	   2.3210713304348193e-01	   2.4447609869782905e-01	   3.3587995279031380e-01	   4.0180329142913207e-01	   3.1008210674901382e-01	   3.6285199800968682e-01	   1.3966968609123354e-01	   1.0088015306793766e-01	   3.9354753556652428e-01	   3.2399197426638876e-01	   8.9508012924804578e-02	   2.0038407970048583e-01	   1.2380039144211005e-01	   2.7321566125156194e-01	   5.3196498523954228e-01	   2.8507986401099383e-01	   4.5961335823217697e-01	   5.1675821321603255e-02	   2.8386016508700196e-01	   3.3778333026226220e-01	   3.5112284634548901e-01	   2.7436337842614256e-01	   5.2145632827479005e-01	   4.1712192469688125e-01	   3.2133506912881149e-01	   1.5767704326606247e-01	   4.2592842240777096e-01	   2.1961018570823282e-01	   5.9630339587424519e-01	   5.4527383472643010e-01	   5.9353250317999140e-01	   4.8489015401536006e-01	   5.8969934850882721e-01	   6.1728206088908677e-01	   5.5864726013400556e-01	   3.9179094209803306e-01	   7.5544883368014282e-01	   5.1632086864595261e-01	   4.1194723716101922e-01	   5.2444838901912072e-01	   1.9905430763722942e-01	   1.1463117234168821e-01	   2.9252180475520639e-01	   1.6977302816353218e-01	   4.4166112923753753e-01	   3.8630645167927191e-01	   2.2985995431348805e-01	   1.8012600143851415e-01	   3.1901580530331253e-01	   3.5800588560722346e-01	   3.7801190240679461e-01	   3.8851905034823914e-01	   4.0687137871134471e-01	   2.7624464946900251e-01	   5.1022563599667525e-01	   3.9621061273339947e-01	   5.0665494508696007e-01	   4.7769639559307975e-01	   3.8879113075409932e-01	   5.0139694958081904e-01	   3.9346569161038231e-01	   3.2648074006201699e-01	   2.2233458873233372e-02	   1.6019738306170522e-01	   6.0336143888314897e-01	   6.7871663766237411e-01	   5.7109332406000191e-01	   3.9113720396698143e-01	   3.8265021308602631e-01	   4.5929525464807330e-01	   3.8178917111656158e-01	   2.2278027353693489e-01	   5.1167917929158835e-01	   4.1274671122962703e-01	   4.8049738470566328e-01	   3.5189464110672830e-01	   3.2335728011595111e-01	   4.6714470140888653e-01	   4.3952688345775442e-01	   3.8559981170296209e-01	   4.0636283309663934e-01	   3.5738044193563184e-01	   6.2563105946493641e-02	   1.3855051341359315e-01	  -2.8084621856318708e-02	   2.8585999768449671e-01	   3.2489494920004713e-01	   4.4015545565921610e-01	   4.4260824141886213e-01	   4.1266528631141763e-01	   3.1044126719194010e-01	   1.3822830544874296e-01	
   4.3135472995925656e-01	   5.4858190335102108e-01	   2.4996511912476829e-01	   2.3280820899026744e-01	   6.4535055268660924e-01	   6.9659136123416676e-01	   2.8486298524600084e-01	   4.0188629251899488e-01	   9.3658907279159709e-01	   0.0000000000000000e+00	   4.5523906266202718e-01	   4.1478541618831755e-01	   6.2076855675782627e-01	   5.4399144994814064e-01	   5.2867247547364637e-01	   6.2638073035247621e-01	   5.0029172063886462e-01	   6.0202232911547393e-01	   2.2487822969638366e-01	   2.9053444409175794e-01	   2.9214241868846791e-01	   2.6584831003293830e-01	   2.0584780342344849e-01	   2.2160421537429317e-01	   1.5517237800712202e-01	   1.8243712307405413e-01	   2.4501738385027005e-01	   3.1733116836369357e-01	   3.2179230629488509e-01	   3.7058759436066691e-01	   8.6025665984401645e-02	   7.8329984062173078e-02	   3.4967344551533563e-01	   2.8977247181795729e-01	   5.9847355854269736e-02	   1.4235661612286332e-01	   1.6981001063369111e-01	   2.6452943177187649e-01	   4.8534719711448748e-01	   2.5216972478627808e-01	   3.9502927297692614e-01	  -2.0513364263856335e-02	   1.6855338819758225e-01	   2.2552002840875454e-01	   2.4002484932606921e-01	   1.3555562754402639e-01	   4.5863683783783094e-01	   3.2128474883319313e-01	   2.4590917616680258e-01	   5.5558596798802762e-02	   3.5552767114823502e-01	   1.0752531099544371e-01	   6.4080387197391142e-01	   5.3478537214115862e-01	   5.4438770224617783e-01	   3.9107573697845621e-01	   6.4404428780543765e-01	   6.9462988121356883e-01	   5.1405089637806001e-01	   3.7709868771025229e-01	   7.0969212909710899e-01	   5.4827530117895606e-01	   3.8634438560689166e-01	   5.6558644339533926e-01	   1.4124402643009154e-01	   9.3891878679393109e-02	   1.5415209985433925e-01	   6.6902872737462510e-02	   3.3258595846620054e-01	   2.8635150386152003e-01	   7.8689071179409251e-02	   1.2820426178873862e-01	   3.0339162787006196e-01	   3.8989688046277315e-01	   3.7333893237183197e-01	   4.0743771046667804e-01	   4.2614691830160578e-01	   3.1568862575189710e-01	   5.2663718337301790e-01	   3.4917981200572989e-01	   4.9082255606322267e-01	   4.4542641435346697e-01	   3.6058619518252388e-01	   4.7960506262641089e-01	   2.9581383504591491e-01	   2.6140104061339681e-01	  -5.0877217487920103e-02	   9.9207067571187774e-02	   5.2139897544472658e-01	   6.3548779476829709e-01	   5.3585153291925813e-01	   2.5605832168243448e-01	   3.4042814264617505e-01	   3.2004755582684907e-01	   3.6572059423710196e-01	   2.2812376747834562e-01	   4.4341757726182301e-01	   3.3780928568532076e-01	   4.6185685177065156e-01	   2.5182030527921900e-01	   2.6309128430069562e-01	   3.2708208885301682e-01	   3.9948744833105293e-01	   3.3040169765565486e-01	   3.2960909921314252e-01	   3.0448897364842498e-01	  -6.7785974885451836e-02	   9.3639916067581208e-02	  -3.6879907434308426e-02	   2.8807897932956561e-01	   2.3466987258418820e-01	   3.5813101867217600e-01	   3.7329785157098672e-01	   3.9556233588046896e-01	   2.3807055996771787e-01	   1.0599025514238836e-01	
   7.7715846938254862e-01	   5.7793752565877454e-01	   3.9111340686407048e-01	   2.8439236524941125e-01	   3.7117862676224683e-01	   2.7684636790358441e-01	   7.5959712586734451e-01	   6.9820217347846758e-01	   5.1571785049302288e-01	   4.5523906266202718e-01	   0.0000000000000000e+00	   7.2358469423592187e-01	   8.3275677279458793e-01	   6.3505923983171686e-01	   8.4791600260578148e-01	   7.8746999568218512e-01	   8.0808322978960545e-01	   7.7636118675946530e-01	   8.2627329416519624e-01	   7.2177200866240188e-01	   2.6628792459222211e-01	   1.5992740427503241e-01	   4.1438189007890935e-01	   3.5892360643744081e-01	   1.1245436796591079e-02	   1.4823046281236757e-01	   6.6364860091329050e-03	   8.8198127156725913e-04	   8.8311045974978342e-01	   8.4950522192956912e-01	   5.8929548583245983e-01	   5.0506883512514988e-01	   7.3350293684926537e-01	   7.1860298953644530e-01	  -1.7397937759031934e-01	   1.2665701242528293e-01	  -4.0176917003643664e-01	  -1.2717778104685895e-01	   7.0257886588950644e-02	  -6.6179956291225542e-02	   1.6298305175671182e-01	  -2.2596567944290641e-01	   1.2076677863180113e-01	   1.8287127024778768e-01	   2.9010899178282568e-01	   3.7412720263004823e-01	   3.6723121648013851e-01	   3.2639631143161119e-01	   2.9365974856855087e-01	   3.0905061940408740e-01	   3.9549518059452182e-01	   4.1211438834650471e-01	   4.8635979024812676e-01	   4.1196784005437681e-01	   3.7649419700821468e-01	   4.1730573074368849e-01	   4.9449776827619102e-01	   3.8464387912460341e-01	   4.1565457635156799e-01	   3.7588562161692773e-01	   7.2249777266379944e-01	   5.2477515593817148e-01	   9.0602852034332282e-01	   7.8783500835284914e-01	  -4.1268725427955608e-02	  -1.2928757404144683e-01	   2.4382390017511393e-01	   1.7854821710742180e-01	   5.7630300290055048e-01	   4.4096339794995953e-01	   2.5775334966811186e-01	   1.7730550436281034e-01	   7.6299958332149798e-01	   7.0064289172685301e-01	   6.8907701597035398e-01	   6.2853749291750760e-01	   4.4105313799417950e-01	   3.4980186702297694e-01	   6.5563241500357150e-01	   6.7573715432718739e-01	   7.9318367027996262e-01	   7.1369423941289456e-01	   7.9809107915358368e-01	   7.9372521957722031e-01	   5.1901500924286004e-01	   3.0428480634616972e-01	  -1.2117980563171890e-01	   6.9102911456377397e-02	   3.3872101811051425e-01	   5.3441938165824077e-01	   4.8316338785885649e-01	   4.5717866331315615e-01	   2.3970421200969916e-01	   3.3723898052284523e-01	   2.4558618130167978e-01	  -5.2362589055828433e-02	   2.9691913600130387e-01	   1.5878777398818900e-01	   4.4817307051270028e-01	   4.5539786625439993e-01	   3.6735332151375211e-01	   3.3114691020633324e-01	   4.5452226192616640e-01	   5.1447643582451597e-01	   3.2222720955945972e-01	   9.9753640048363096e-02	   9.5917688068944185e-02	  -5.7626726391491939e-02	  -9.4873936154806535e-02	   2.6402104942775023e-01	   2.4553373255697888e-01	   4.0218848089428327e-01	   3.0779556572269240e-01	   2.5448624611315585e-01	   1.9885905218236452e-01	   2.1265604679848044e-01	
   6.7462926914454435e-01	   7.4887736565945229e-01	   3.0411175785654354e-01	   6.5570019002100199e-01	   4.1784903003966478e-01	   4.9529852493390819e-01	   5.7897277540334546e-01	   8.8346428352664230e-01	   4.4768168731652019e-01	   4.1478541618831755e-01	   7.2358469423592187e-01	   0.0000000000000000e+00	   6.4110144465973906e-01	   8.7940566977940315e-01	   6.1138918980601353e-01	   8.5916734620644819e-01	   5.2462739394700142e-01	   6.4589342100399527e-01	   6.6259543084796779e-01	   7.3310892697165730e-01	   3.7154109062441742e-01	   3.0472199417178969e-01	   4.2648515020149874e-01	   5.6470018029453650e-01	   1.8796361669606942e-01	   3.8453506694212564e-01	   2.1690621659529263e-01	   1.8598344559122926e-01	   5.7294130477524119e-01	   6.7892615515995092e-01	   5.1945181143660468e-01	   5.6271458440095556e-01	   5.8746436753149933e-01	   6.9857229536011900e-01	   3.9693190386373076e-02	   4.1539147591863623e-01	  -1.9362010815768393e-01	   1.8535209014056242e-01	   2.5557724235778451e-01	   2.5880218562526436e-01	   2.1712534182732024e-01	  -7.2014621968489123e-02	   3.5164747045767120e-01	   3.8369102641276742e-01	   3.3738946580715179e-01	   4.5653032468909416e-01	   4.5942091876493429e-01	   4.8025668534947197e-01	   4.5867579708963629e-01	   5.4194074080851262e-01	   6.2891166748883998e-01	   5.9094292108999125e-01	   5.3150414043631256e-01	   3.9328633499035526e-01	   5.7007910417902008e-01	   5.7772658284095280e-01	   3.7522066330943310e-01	   3.5676474483445919e-01	   4.2377776601883310e-01	   5.9439453323654479e-01	   6.2846491748023281e-01	   7.1986310961051125e-01	   4.8353674634634247e-01	   5.2316565698845585e-01	   1.1772364143009503e-01	   3.5099331145521029e-01	   4.5495622754885101e-01	   5.4239754291925002e-01	   4.3302885762560517e-01	   4.9861930527474663e-01	   4.0342744479824300e-01	   3.8751670874039851e-01	   5.4062213967740136e-01	   6.4134087790582384e-01	   5.4086573993092213e-01	   6.8944557707211684e-01	   5.1706842795718144e-01	   6.0916726015550027e-01	   5.3478371363474408e-01	   5.7654107084294814e-01	   7.0147558809886035e-01	   8.0706690523670599e-01	   6.1449558165027973e-01	   7.9123019335882949e-01	   6.2633626694777034e-01	   6.6245243685763500e-01	   2.0441429917083148e-01	   3.7351012008645879e-01	   4.5860502048484197e-01	   6.8687134895678081e-01	   6.6703798433228756e-01	   4.3473211371190013e-01	   5.5103778940994008e-01	   3.3247999172980014e-01	   1.2255910560150851e-01	  -3.8487774742039335e-02	   4.2708717490731507e-01	   3.3346951103615680e-01	   6.2004047990113820e-01	   5.3692402661209471e-01	   6.8167372841553275e-01	   3.2003093006184946e-01	   5.9031985490765537e-01	   3.7058510812673551e-01	   4.1161464534488629e-01	   1.1655525824350522e-01	   3.6444438858127493e-01	   1.8085149008916218e-01	  -2.4869892500378868e-02	   2.6074193910260918e-01	   3.5650408051378180e-01	   6.0625350005830614e-01	   5.4502868964844997e-01	   3.3670349390062254e-01	   3.9661637387685139e-01	   4.0975878888695971e-01	
   7.3100060807470069e-01	   6.0506647316509810e-01	   5.3200347356452582e-01	   4.0531947022693660e-01	   5.1144148402893208e-01	   4.2722226322031581e-01	   7.2951421023237417e-01	   6.8630141166827519e-01	   6.8504349910210571e-01	   6.2076855675782627e-01	   8.3275677279458793e-01	   6.4110144465973906e-01	   0.0000000000000000e+00	   7.6714708036036783e-01	   8.1361804475614985e-01	   7.8481223982414106e-01	   6.4151784017223268e-01	   6.2381698845197886e-01	   6.5883400772753387e-01	   6.3450846112660242e-01	   2.5522977342226993e-01	   1.6617166922063720e-01	   4.6890439125194816e-01	   3.7512149674868395e-01	   1.2682074219891126e-01	   1.8806683162713211e-01	   7.2360573619296584e-02	   3.8523147565136327e-02	   6.5697934121269186e-01	   6.5022701864814869e-01	   4.8910159156429556e-01	   4.1678174848260041e-01	   6.6082631092489041e-01	   5.9949953722857929e-01	   3.3246805886261985e-02	   2.3644392550789523e-01	  -1.6783393510049979e-01	   4.7045983963879726e-02	   3.6901465750847806e-01	   1.5745166688621726e-01	   2.2817972018988480e-01	  -5.7591773184983805e-02	   2.4129887391331961e-01	   3.0657173068966936e-01	   4.0710788196554237e-01	   4.0522584760278174e-01	   4.8639274935252275e-01	   4.4131040716622966e-01	   3.5612121008635278e-01	   3.4494613693326659e-01	   4.8411393628838362e-01	   4.5325548542668304e-01	   5.6943936981544474e-01	   5.3158010176517489e-01	   5.1885003071613167e-01	   5.6789776415301962e-01	   5.3040710141079117e-01	   5.0040130039097019e-01	   4.5422986367084905e-01	   4.2138209830429985e-01	   7.8936186493660421e-01	   5.2264961263785781e-01	   7.0993303330027180e-01	   6.2925274033253709e-01	   1.3045475505821760e-01	  -8.9503253429832688e-03	   3.4447056643526947e-01	   2.5751868122392685e-01	   6.3746117440079353e-01	   5.0973094694956567e-01	   4.0137121686182770e-01	   2.3358373092035295e-01	   6.2981635280221437e-01	   6.0179912695287241e-01	   6.7047440395131941e-01	   6.2570495266737058e-01	   5.3821206196190063e-01	   4.3112820821633024e-01	   6.2392986868730405e-01	   6.1788810096948121e-01	   7.3997881980801727e-01	   6.3331317362419748e-01	   7.2057200609336047e-01	   7.1105102847808022e-01	   5.1532423576938524e-01	   3.5131711379264752e-01	  -1.5437374319187144e-02	   1.3954944573135433e-01	   4.6743569539104862e-01	   6.1275513768164247e-01	   5.7425726248903586e-01	   5.2157934979253684e-01	   4.2871136450107450e-01	   5.0944212232376118e-01	   2.4185373692986351e-01	   1.0274395347663720e-01	   4.8060801988158042e-01	   3.5502996428530348e-01	   5.0045426820713257e-01	   4.5153381469517484e-01	   4.4991180899170929e-01	   5.0322936485865188e-01	   4.8677079148508129e-01	   4.9447247490657686e-01	   4.0267079878012446e-01	   2.7205398487973453e-01	   2.2707631126025790e-01	   1.7461245318113117e-01	  -1.4813128973873954e-01	   3.6485158147485286e-01	   3.5118976680267089e-01	   4.6556799430290546e-01	   4.5124954919818588e-01	   3.2555053455276922e-01	   3.0761507466697646e-01	   2.3738203658895268e-01	
