   0.0000000000000000e+00	   9.1560788861234776e-01	   7.0908180508464658e-01	   8.2303116191247461e-01	   4.0958481723559093e-01	   5.9318853220460721e-01	   5.6332412699960832e-01	   6.5028261874227655e-01	   3.5336660652836299e-01	   5.0534584904336388e-01	   8.6054171293475834e-01	   7.9788964299277476e-01	   8.2201078402341854e-01	   7.7459515502830723e-01	   8.3556602431345595e-01	   7.8311938197446973e-01	   8.5251898012986893e-01	   7.7402885098263985e-01	   8.7970336338864630e-01	   9.1742696473589347e-01	   4.9944458737624753e-01	   4.3238904525303401e-01	   4.5116900418972328e-01	   5.1718616221306379e-01	   7.3436010636418003e-01	   6.9607102306900259e-01	   7.4973690854940678e-01	   7.3765339618891212e-01	   7.6113819493885038e-01	   7.6133710671897736e-01	   6.5310216682652955e-01	   6.7353126200129387e-01	   8.4253967481687486e-01	   8.5280097121092302e-01	   6.9946914074212263e-01	   6.3593253915601466e-01	   6.8153964885673246e-01	   6.5205629850360769e-01	   6.5577327628436144e-01	   6.1886148418772025e-01	   7.8284507080547350e-01	   7.7069972345699345e-01	   8.3282297465013300e-01	   8.0791640204758175e-01	   7.6422654195816397e-01	   8.0553684915525636e-01	   8.4231937503858823e-01	   8.6134681907617483e-01	   7.7063760812427318e-01	   7.7675312748294512e-01	   7.9360530558084008e-01	   7.4767116212118734e-01	   8.1122380571782038e-01	   7.1373106676070019e-01	   8.1668604472795259e-01	   8.2573445564049086e-01	   9.2075337863737472e-01	   8.4949518853391814e-01	   7.8657326894947399e-01	   6.2886768259675674e-01	   6.8008176841863754e-01	   5.7392498225181565e-01	   8.3781947452951033e-01	   7.3120243805910956e-01	   5.4418036762617739e-01	   4.7754805351364810e-01	   6.1829997804004366e-01	   5.8254636263244230e-01	   8.4706388649564779e-01	   7.7376835936725530e-01	   4.8853760701461735e-01	   4.5657749932041047e-01	   7.1747108015477146e-01	   7.4857617347573258e-01	   7.0565890181097957e-01	   7.2705534002268024e-01	   8.1931887926436930e-01	   8.1430317139563480e-01	   8.3450922136965811e-01	   5.9365006333745007e-01	   8.8719773646659061e-01	   8.2782799323473288e-01	   7.4020837356877445e-01	   6.9720893436373710e-01	   8.5315028569461926e-01	   7.5079189840272065e-01	   4.7753720718596127e-01	   4.4399624871914956e-01	   9.0047295544701322e-01	   7.7105953601697397e-01	   8.0894798319298533e-01	   6.0095088117911521e-01	   5.2210753113696562e-01	   5.8530347763396595e-01	   6.6311601780759133e-01	   6.0486556202995889e-01	   8.2824179622109662e-01	   8.3087165380800165e-01	   9.0683710321864164e-01	   9.0998154119486629e-01	   4.8463457707699237e-01	   5.3232120274440575e-01	   6.1786080661971166e-01	   5.5490973490586537e-01	   3.0602218897214145e-01	   2.4692485011879925e-01	   6.9259202580349144e-01	   5.0780057327580530e-01	   5.4036145556450088e-01	   6.0619286987013532e-01	   7.1446053099079254e-01	   8.2497690239683552e-01	   7.6572609429415528e-01	   7.0387799455724909e-01	   5.8411923388821041e-01	  -9.4654331497256772e-02	
   9.1560788861234776e-01	   0.0000000000000000e+00	   5.9020820236121052e-01	   8.1221367362703401e-01	   3.5280456613388805e-01	   5.4174926806588275e-01	   4.8945708242981056e-01	   6.8959056003703645e-01	   3.5952863733307705e-01	   5.0518511304286751e-01	   8.1542004996753947e-01	   8.6387428318013926e-01	   8.1747472292853351e-01	   7.8211205558663244e-01	   8.2393950553259643e-01	   7.4359586094690056e-01	   7.8502105335545391e-01	   7.4367658382038837e-01	   8.5583985080198688e-01	   9.1329683897832969e-01	   5.6479744858999936e-01	   4.7182954138107136e-01	   3.3072619251885277e-01	   3.9819437500772703e-01	   6.5085702898402109e-01	   7.4175664371735317e-01	   6.7443197030873248e-01	   6.8586578423200917e-01	   7.7343509258039322e-01	   7.8968454675367949e-01	   6.9705159933124561e-01	   7.1610088761166968e-01	   8.7292755684868018e-01	   8.8425299430330651e-01	   7.1853467925222203e-01	   6.9420704330989214e-01	   6.5101952115462258e-01	   6.6415268898175905e-01	   6.4275790603961225e-01	   6.1929104837429194e-01	   8.0731728150878035e-01	   7.9046186809389019e-01	   8.3496713777358367e-01	   8.3172121231483842e-01	   7.9878769258594451e-01	   8.7211478035736556e-01	   8.4379897245469304e-01	   8.9868820135490068e-01	   7.8073476154775623e-01	   8.2640433199520169e-01	   7.7985595493904314e-01	   7.9045479034370847e-01	   8.0282372377912792e-01	   7.0541599547466882e-01	   7.9232857818834723e-01	   8.1234824993389876e-01	   8.7057459698718542e-01	   9.1227134177894587e-01	   7.7240515055424530e-01	   7.6439436720733200e-01	   7.3431162322912624e-01	   7.1322640297933582e-01	   8.1221245907819983e-01	   7.9672515630390828e-01	   4.8976717787555879e-01	   5.1366390181878818e-01	   6.4536687370138346e-01	   6.4707584690133546e-01	   8.4805632324781222e-01	   8.2336104019634559e-01	   4.7455488800544809e-01	   4.4889986586336827e-01	   6.9067812714551069e-01	   7.4059717921648716e-01	   6.8419718194301238e-01	   6.9358325726289072e-01	   7.9844181499448119e-01	   8.1412829592536151e-01	   8.1386416521481286e-01	   5.5901724843136114e-01	   8.7451719043818776e-01	   8.4761159965951804e-01	   8.0384909034011010e-01	   7.5990988589805930e-01	   8.0248783494586751e-01	   7.5995006798966003e-01	   4.3670010062443665e-01	   3.6378317433412077e-01	   8.4499044603612761e-01	   7.7916906040823353e-01	   7.8808308479574407e-01	   5.0828145634922195e-01	   4.7761651781513947e-01	   4.9235304986178202e-01	   7.2891127270268907e-01	   5.9904743809832772e-01	   8.4766413838159560e-01	   8.1139298876609189e-01	   9.1181696225259778e-01	   8.7648306197635439e-01	   5.1933752098096342e-01	   4.8022822673562693e-01	   6.6267401342371235e-01	   4.9744133875794538e-01	   2.7790994308553391e-01	   2.0140205173917458e-01	   7.6308101157723651e-01	   5.3277894548300586e-01	   5.8448510496825223e-01	   6.0398108834622433e-01	   7.4027767195550331e-01	   8.3325449062621038e-01	   7.4996560364311537e-01	   6.8038370473949006e-01	   5.3881279026176832e-01	  -1.5616584713015769e-01	
   7.0908180508464658e-01	   5.9020820236121052e-01	   0.0000000000000000e+00	   8.4261782156328835e-01	   6.3605100752404831e-01	   7.5327433886768314e-01	   7.8753236682530603e-01	   7.1312103256030257e-01	   5.3042909256185400e-01	   6.3284093061322011e-01	   7.1090781138728654e-01	   5.5820615648648086e-01	   6.5262026437503307e-01	   6.2235768581731310e-01	   7.4869411935588581e-01	   7.5766614360347517e-01	   6.7398588995267050e-01	   5.0957114913833490e-01	   6.2320024673665309e-01	   6.6704740766619774e-01	   6.0276496061262663e-01	   5.7596817851613225e-01	   5.1089438651305130e-01	   7.1059703840892519e-01	   9.1837936047740254e-01	   7.6824997171202314e-01	   8.6039103059362732e-01	   8.0958070962706330e-01	   5.6390975324890480e-01	   5.0487420434606034e-01	   7.1141136443353614e-01	   6.2870237869792756e-01	   7.1926340955142454e-01	   6.7349487386653872e-01	   7.0712210055462665e-01	   6.1023971703289215e-01	   4.2752622098216153e-01	   4.0437418039060591e-01	   5.0182910085917098e-01	   4.5883030262873686e-01	   4.0077469719023684e-01	   4.5977479827577883e-01	   7.5166121624639515e-01	   6.6782512341210576e-01	   7.6851694403778281e-01	   6.8036580934082669e-01	   6.5234102637301961e-01	   6.6730503302826394e-01	   7.5469328713545658e-01	   6.6085996062211660e-01	   7.8045369550146260e-01	   6.4663349617132915e-01	   6.0043818694978368e-01	   4.8706583946880672e-01	   5.7150938529852779e-01	   6.2105933273411207e-01	   5.8985369341052885e-01	   5.5293521367529064e-01	   5.2641644494744433e-01	   4.0122038788321029e-01	   5.6474141886808571e-01	   3.8392024039708739e-01	   6.2550340590859665e-01	   3.9238681556603411e-01	   8.0160849164306303e-01	   6.8562344454756963e-01	   6.1872633335901228e-01	   5.2109922803134456e-01	   6.2175218709716751e-01	   5.4276877790455336e-01	   6.2725828708018683e-01	   5.5108997451749697e-01	   4.5196194514313515e-01	   4.3593180225418060e-01	   4.0639606780559062e-01	   3.7471845867842551e-01	   6.4271356626572695e-01	   5.8448130922422725e-01	   6.7037593631015457e-01	   5.4816897623716176e-01	   6.8791316967269900e-01	   5.7646344792571313e-01	   3.3043118147184208e-01	   3.4117323283136392e-01	   7.6640345133575161e-01	   7.0173853122736340e-01	   3.8384500384057907e-01	   6.2183012305409746e-01	   7.7323958320537478e-01	   6.3408697661579150e-01	   7.4589741048161096e-01	   7.7995345754551149e-01	   6.8447867801083273e-01	   7.8262814083393895e-01	   6.0561138782532686e-01	   5.9690253261904058e-01	   6.5614753992810171e-01	   7.6506046814975570e-01	   6.4769542713529538e-01	   7.8784887654092639e-01	   5.5855677445729568e-01	   6.7619308078072748e-01	   5.1093055812896915e-01	   6.8187178449530939e-01	   6.0844482820747992e-01	   6.5306258767130032e-01	   5.7810642547020075e-01	   5.6821655529353565e-01	   4.2568726471875928e-01	   3.2269840728793242e-01	   5.6404686085167088e-01	   7.1109074862153188e-01	   8.0070660694725770e-01	   7.2712969260659877e-01	   6.5741100416792764e-01	   1.1015583752315178e-01	
   8.2303116191247461e-01	   8.1221367362703401e-01	   8.4261782156328835e-01	   0.0000000000000000e+00	   6.2656030093700710e-01	   8.3302930136254549e-01	   7.8703184960428563e-01	   9.0819792055720217e-01	   6.1859681751512441e-01	   7.4967104140876983e-01	   8.1859073806272709e-01	   8.0216181494863736e-01	   7.8152870570178878e-01	   7.9271579804533232e-01	   8.5283049178746628e-01	   8.1007063535649482e-01	   7.2480039397186724e-01	   5.8985316632273732e-01	   7.9423663296108904e-01	   8.5436909606205824e-01	   7.1668138917464985e-01	   6.4002437761769548e-01	   4.0248984270719751e-01	   6.2535516869362551e-01	   7.8871760980432482e-01	   8.5672863628677187e-01	   7.9099487644144473e-01	   8.2922432912558408e-01	   6.6443855475682456e-01	   6.3754899855180525e-01	   8.0233618616945002e-01	   8.1350383139468030e-01	   8.5106938329944504e-01	   8.5215214349953994e-01	   7.2862567827715763e-01	   7.7433079283356521e-01	   4.2709483431187739e-01	   5.2645470224558566e-01	   4.8268308302348295e-01	   4.7157577613490431e-01	   5.3520766047247026e-01	   5.6275084380301421e-01	   7.6488354062485697e-01	   7.2477989695652134e-01	   8.7822846356259709e-01	   8.6629544593223495e-01	   7.5257111088921924e-01	   8.1300887194023574e-01	   8.7540241818116982e-01	   8.7563984818186025e-01	   8.8252110165374986e-01	   8.6473320379441088e-01	   7.5197512964692592e-01	   6.8928948070284846e-01	   6.6244886852089335e-01	   7.2267933531312090e-01	   7.2439162435311799e-01	   7.0171039315686656e-01	   7.1688326866484409e-01	   7.1578136011049343e-01	   7.7834468769186316e-01	   7.1878463490068345e-01	   7.8467630116588971e-01	   6.5189745746609029e-01	   7.9101902705753357e-01	   7.9047618821349808e-01	   7.8867182433476479e-01	   7.7509251871664153e-01	   8.1406177842441196e-01	   7.6989493226751737e-01	   5.8835788921989596e-01	   6.0478000735090431e-01	   5.6333550669780019e-01	   6.2750072665250223e-01	   4.6120446161053996e-01	   4.8465251329469450e-01	   6.7898573681931118e-01	   6.7244128488207600e-01	   7.6617664257848417e-01	   4.5332910149432332e-01	   7.8788439281259826e-01	   6.7438812567206619e-01	   5.5491741734227673e-01	   5.3076216522658759e-01	   7.8031730120538167e-01	   7.9077856984584161e-01	   3.5882736990362296e-01	   4.9975954254450294e-01	   8.0910806222040232e-01	   7.4652563511993175e-01	   9.1030363263775560e-01	   7.4661865308524578e-01	   7.8625143379098439e-01	   7.3749863804210103e-01	   6.2314015627740516e-01	   5.2105054584492727e-01	   7.3551886821086176e-01	   7.9972065140953030e-01	   8.4048530197879123e-01	   8.7360443418216716e-01	   7.6258936940869038e-01	   7.3507290605112019e-01	   7.3665580032851774e-01	   7.0335372805249619e-01	   4.8860249051079396e-01	   4.3284799523417411e-01	   8.0604485030748074e-01	   6.4222671020959354e-01	   4.7460638271703948e-01	   3.5386119044707520e-01	   6.4034474798022900e-01	   8.6104244531062846e-01	   8.6607824377216702e-01	   7.4921007971067755e-01	   5.9435354075242408e-01	  -4.1722524480578060e-02	
   4.0958481723559093e-01	   3.5280456613388805e-01	   6.3605100752404831e-01	   6.2656030093700710e-01	   0.0000000000000000e+00	   7.6862010351941512e-01	   8.3053138353407308e-01	   6.9975558142800520e-01	   9.2760870990400635e-01	   7.6211178529079637e-01	   3.8101936943249770e-01	   4.4831670221532921e-01	   3.9624603599896335e-01	   4.3003749252063000e-01	   4.7955665298452077e-01	   4.4827706222220631e-01	   2.9381843344071923e-01	   1.4294647202502614e-01	   3.8016506236182840e-01	   4.5077194412236582e-01	   6.1130882400770081e-01	   4.8818036055158720e-01	   1.7040932452423309e-02	   2.9420311654374515e-01	   4.7917015347860131e-01	   4.9107984194022869e-01	   6.2481063946938087e-01	   5.2694768749806054e-01	   3.2080753130062295e-01	   3.0609168721359276e-01	   4.8906281794574646e-01	   5.0666737162070541e-01	   5.5078619406801999e-01	   5.2534033334163577e-01	   5.3325458621235322e-01	   5.8399416901407741e-01	   1.3921416233528572e-02	   2.0061701732444973e-01	   1.2613025598853639e-01	   1.8354527650675412e-01	   8.0610675904717349e-02	   2.0053731593435983e-01	   3.5186698679314798e-01	   3.3695172672141382e-01	   5.5650664247115622e-01	   4.8765624848067335e-01	   2.8507763711463979e-01	   3.5446245290702250e-01	   6.3190146154792637e-01	   5.4795810180009463e-01	   6.9130211590569923e-01	   5.7524894066306587e-01	   3.9277145745807940e-01	   3.0116205139704344e-01	   2.1983227636334363e-01	   3.2942233530087139e-01	   2.7284515272837034e-01	   2.1841456012686128e-01	   4.7492841078291698e-01	   4.7983788646412373e-01	   6.7203836322983579e-01	   5.3232237175978603e-01	   4.4866349243705150e-01	   3.6916451430751601e-01	   6.6188057804394806e-01	   6.6138509336845352e-01	   6.9923765114054515e-01	   6.3498846934644793e-01	   4.6955566136207016e-01	   5.0143153219461134e-01	   3.7321390982754410e-01	   2.9849629429537439e-01	   2.0595215112640464e-01	   2.7681968596216888e-01	   2.0441355014236912e-02	   5.6600317535523137e-02	   2.6752753832101139e-01	   2.6608772454023855e-01	   3.4134139011619735e-01	   1.0508010750751620e-01	   3.3499593019052343e-01	   2.3602157324437897e-01	   9.5337751575404139e-02	   1.7897098175696938e-01	   3.1349185628859400e-01	   4.6555967084066335e-01	  -3.6131460625565062e-02	   1.7828065252908290e-01	   4.3610863847170700e-01	   4.8189721427460119e-01	   6.2130117935901830e-01	   6.4897163739321306e-01	   5.3673656012040571e-01	   5.2437255144809669e-01	   3.0410540783933421e-01	   2.6176488919051288e-01	   3.2585486139678932e-01	   4.8160019422096911e-01	   3.5821729990698392e-01	   4.5686307404306670e-01	   5.8982746275230791e-01	   6.0830838303384793e-01	   4.7417470951670393e-01	   5.4911127486671507e-01	   3.6637693248800168e-01	   3.6874670672769855e-01	   6.3821459276988568e-01	   6.5307212906563161e-01	   6.4664884747992091e-02	  -1.3820179193197266e-02	   2.8624895185833854e-01	   5.0632062098656982e-01	   6.6882745663960042e-01	   5.2330238152992647e-01	   3.0321887970838285e-01	   1.6706616769194049e-02	
   5.9318853220460721e-01	   5.4174926806588275e-01	   7.5327433886768314e-01	   8.3302930136254549e-01	   7.6862010351941512e-01	   0.0000000000000000e+00	   8.0097264737940677e-01	   8.5457399787835708e-01	   7.4767473263067585e-01	   9.0137873074972941e-01	   6.6357108609414794e-01	   6.7197222759832664e-01	   6.0471051774055384e-01	   6.5737808425295641e-01	   7.1781092933458579e-01	   6.6944053553717686e-01	   5.1102675837604983e-01	   3.4048543206382970e-01	   6.1589549092341056e-01	   6.3622345913613176e-01	   7.8964728743958290e-01	   7.3126022473351915e-01	   2.8835595753244525e-01	   5.2639762236666932e-01	   6.6477029592480419e-01	   7.4422797085910686e-01	   7.7327088031348923e-01	   8.3934112386579351e-01	   5.0801074732452178e-01	   4.6096039900081809e-01	   7.3467896017512047e-01	   7.0219723353095431e-01	   7.1483265511423455e-01	   6.8047303504358836e-01	   6.4476035102059925e-01	   6.8590894934718638e-01	   1.1824233451921862e-01	   2.9954436902671622e-01	   2.4865919516654231e-01	   2.4650080983366446e-01	   2.1433694179939439e-01	   2.8667367907738506e-01	   6.5241769619497847e-01	   6.3363365406090766e-01	   8.1105725626280323e-01	   7.3056568113587195e-01	   5.8345086897937437e-01	   6.0848541661822975e-01	   7.8874444256170606e-01	   7.3188976103862624e-01	   7.7236792303330370e-01	   7.0908694826736185e-01	   5.0382313544511659e-01	   4.4528861451006219e-01	   4.3326270461052863e-01	   5.1518901118269045e-01	   4.4930612018673344e-01	   3.8739315031892974e-01	   5.9583551717485983e-01	   5.6834182137236544e-01	   7.3178047362885990e-01	   5.5174834506645287e-01	   5.6955141613010896e-01	   3.7139688204321986e-01	   7.8834751769922762e-01	   7.8396326033882779e-01	   7.7494882992092784e-01	   7.0874000058046605e-01	   6.5850538616946530e-01	   6.0322253961936889e-01	   5.6759947745751060e-01	   5.8874457621207243e-01	   3.4594668919151567e-01	   4.4084689111778619e-01	   2.1153382951016114e-01	   2.3393976240975936e-01	   4.3973694866029661e-01	   4.0866760721512163e-01	   5.3364229991486067e-01	   3.5352341752159999e-01	   5.6933591305914200e-01	   4.0354941557767987e-01	   2.9969222505595178e-01	   2.8028137943038256e-01	   5.3913950678011646e-01	   5.9512580305094831e-01	   1.1182667281290144e-01	   3.3069510558969389e-01	   6.2314491473303857e-01	   6.0620961474896529e-01	   7.5275164000964945e-01	   7.5022461085412129e-01	   7.0781731095792810e-01	   6.8645243951687007e-01	   4.9839832726336564e-01	   3.5630782960902369e-01	   5.7557296079130260e-01	   6.5264109175652607e-01	   6.0950051609553602e-01	   6.5956843267524501e-01	   6.8785780613404157e-01	   7.4534295749522217e-01	   5.9670177870012087e-01	   6.4646163302244486e-01	   4.7215561634036518e-01	   4.7210378797158381e-01	   7.2517548397630183e-01	   6.3316382834913543e-01	   3.1326489633356930e-01	   8.9749174178798380e-02	   4.3021255270682757e-01	   7.0247950660270919e-01	   7.9557247168223610e-01	   5.9673999066179650e-01	   4.0608980035033626e-01	  -1.6167978812129841e-01	
   5.6332412699960832e-01	   4.8945708242981056e-01	   7.8753236682530603e-01	   7.8703184960428563e-01	   8.3053138353407308e-01	   8.0097264737940677e-01	   0.0000000000000000e+00	   8.6717214204207671e-01	   8.3679319379862072e-01	   7.4786319167521953e-01	   5.4534201222272904e-01	   5.4297171283607015e-01	   5.3980595174868617e-01	   5.1842920062878095e-01	   6.1417914057604672e-01	   5.4982970235344253e-01	   4.0672830504303137e-01	   2.3897418441367319e-01	   4.8696215893259576e-01	   5.5874830505159223e-01	   6.8114925196724019e-01	   5.2794284276844883e-01	   1.3735950897272606e-01	   3.7192126905868456e-01	   6.3565829943049257e-01	   5.8991581132388116e-01	   6.6011678598338808e-01	   6.2330757008271709e-01	   3.7767840296855837e-01	   3.2608478197367907e-01	   6.1211985647645206e-01	   5.9358042227975483e-01	   6.2265208332887523e-01	   5.9540261331172939e-01	   6.1664559391594298e-01	   6.6075659322469438e-01	   9.6675490221393184e-02	   2.7841520282723070e-01	   1.6910462957666378e-01	   2.0262981439230471e-01	   1.6465423835697746e-01	   2.3095784276056247e-01	   4.7585072743805501e-01	   4.2666503204966633e-01	   7.2583690453158067e-01	   6.2147691944835204e-01	   3.7607550460646155e-01	   4.8662081953969016e-01	   7.5598226000837954e-01	   7.0107849683221823e-01	   7.9742146952597515e-01	   6.6949263383316737e-01	   4.9526614915705447e-01	   3.9971206799520914e-01	   3.1425795971693904e-01	   3.9128807612998528e-01	   3.7378269032651829e-01	   3.2478908268258266e-01	   5.8969120353332372e-01	   5.7793795082064714e-01	   7.8346854092330298e-01	   6.0733006519824895e-01	   5.2325532777455841e-01	   3.7250849777478739e-01	   7.7624717160520751e-01	   7.9119861267296465e-01	   7.9533687172650602e-01	   7.4515121456582800e-01	   5.6339619628935234e-01	   5.7328699993387700e-01	   5.4809206735840421e-01	   4.4692068675272489e-01	   2.8568997105276894e-01	   3.3138065358130286e-01	   1.3902802471153941e-01	   1.2871859220863277e-01	   3.8418536681756338e-01	   3.6474384266218168e-01	   4.7808018446362499e-01	   1.5392562389839726e-01	   4.5889440356892830e-01	   3.4312617543896012e-01	   1.2365779944071292e-01	   1.7564220839238381e-01	   4.5973095617846410e-01	   5.4244899216794173e-01	  -1.2904205867875097e-02	   2.0320599472129575e-01	   5.4879836461811127e-01	   5.0000656166098856e-01	   8.0690662007633218e-01	   8.3517377237564350e-01	   7.7463702983269722e-01	   7.8507863994058169e-01	   3.7778522104987688e-01	   3.5511141975854632e-01	   4.3463332013688083e-01	   6.1729730544012784e-01	   5.5055231065462484e-01	   6.5856998388384080e-01	   7.8948726873980968e-01	   8.5410062215602944e-01	   6.7306146850725024e-01	   7.9950805744046560e-01	   4.7152956333858231e-01	   4.5618326496632183e-01	   7.4530780104132544e-01	   8.0303905909011686e-01	   1.2908898633199248e-01	   3.9289837607531547e-02	   4.1387863253700896e-01	   6.9742032989880420e-01	   8.4909930326940009e-01	   7.0967316818928494e-01	   4.3588954529809043e-01	   8.7560522198956964e-02	
   6.5028261874227655e-01	   6.8959056003703645e-01	   7.1312103256030257e-01	   9.0819792055720217e-01	   6.9975558142800520e-01	   8.5457399787835708e-01	   8.6717214204207671e-01	   0.0000000000000000e+00	   7.3920014556475366e-01	   8.2665808356730874e-01	   6.6739752208026804e-01	   7.6428778589393886e-01	   6.4816655251718214e-01	   7.0155746021775967e-01	   6.9340001159777587e-01	   6.3310031171803294e-01	   5.1259178701124242e-01	   3.6531659296816954e-01	   6.3588547820139041e-01	   7.2355703661178017e-01	   7.3359297877729790e-01	   6.1012480961422422e-01	   1.4785512333696460e-01	   3.8414212261370195e-01	   6.2030259771079610e-01	   7.5017133544823555e-01	   6.5807293664492017e-01	   7.1053288089226330e-01	   5.1017335998468760e-01	   4.7299148104650113e-01	   7.3596430902709387e-01	   7.6333617641182649e-01	   7.8252967903451998e-01	   7.6530375863753042e-01	   7.1129957196027127e-01	   8.1391673042223522e-01	   2.2023582194933591e-01	   4.1880386806216219e-01	   2.9947127494443443e-01	   3.2692356529298483e-01	   3.5359473607513864e-01	   4.1245515614220379e-01	   6.1296122113484541e-01	   5.7649298981819386e-01	   8.2838107639299174e-01	   7.9527935670088523e-01	   5.7138572700936563e-01	   6.8033000815076661e-01	   8.2428026457618098e-01	   8.5430419656246359e-01	   8.2588461824044745e-01	   8.0113749737299633e-01	   5.9923272167386243e-01	   5.1993569632329950e-01	   4.9053746477049004e-01	   5.5181764486607920e-01	   5.1518156865998133e-01	   5.0960561677531468e-01	   6.9748872719592980e-01	   7.8562887966622108e-01	   8.8524103736384974e-01	   7.9896856355740242e-01	   6.6178467890457848e-01	   5.3481172059146953e-01	   7.6522934854929292e-01	   8.9461901911871244e-01	   8.9737614288699818e-01	   8.8973534385473341e-01	   7.3523953482627979e-01	   7.2737263529735385e-01	   5.9698093564415877e-01	   5.9179942212693948e-01	   3.9325312278515134e-01	   4.9051400433806280e-01	   2.3963561734239935e-01	   2.6358883161474000e-01	   5.1656094291707988e-01	   5.4037740620915720e-01	   6.2248845817398168e-01	   2.0693023889286313e-01	   6.1598902357517371e-01	   5.0892975144493968e-01	   3.6697374232222535e-01	   3.9081644016410133e-01	   5.5975287678187469e-01	   6.8618810661001284e-01	   5.8984614102565849e-02	   2.4305018687632940e-01	   6.2970511983795896e-01	   6.1903962435057025e-01	   8.4902989016805708e-01	   7.1562854606954462e-01	   7.6361241542886948e-01	   6.5734267440825211e-01	   4.9235679006055033e-01	   3.7496025959153118e-01	   5.8964436196321490e-01	   6.8391172623326169e-01	   7.0158858327310303e-01	   7.3446291330116908e-01	   8.5370995396683602e-01	   7.6461639963438333e-01	   7.4773861002165964e-01	   6.9264931200073176e-01	   4.0349825481430934e-01	   3.2993557295507187e-01	   8.4780454853027676e-01	   7.5646659159027596e-01	   3.3182168776600585e-01	   1.7208633214697466e-01	   5.7700738857566847e-01	   7.9846325684579667e-01	   8.5244835440950717e-01	   6.7979624195403443e-01	   4.1353200468406714e-01	  -9.9000939815280395e-02	
   3.5336660652836299e-01	   3.5952863733307705e-01	   5.3042909256185400e-01	   6.1859681751512441e-01	   9.2760870990400635e-01	   7.4767473263067585e-01	   8.3679319379862072e-01	   7.3920014556475366e-01	   0.0000000000000000e+00	   7.8588278428076097e-01	   3.5345262668138711e-01	   4.6105014525360016e-01	   3.7014014412151530e-01	   3.7761598081258252e-01	   4.6717280346562667e-01	   3.9431061959769437e-01	   2.2969059632129807e-01	   1.0449993819033718e-01	   3.4447999657285067e-01	   4.0456663643781987e-01	   6.4499316391529660e-01	   4.6087346137350760e-01	  -5.5347177322554515e-02	   1.8895694960112569e-01	   3.4611650473871747e-01	   4.4088436237382278e-01	   4.7333026785636539e-01	   4.2708229731700725e-01	   2.8893198026832834e-01	   2.6575729337335252e-01	   4.9448921946108404e-01	   5.2432979970566174e-01	   4.9318658309068231e-01	   4.5867226130362387e-01	   4.3803360545915299e-01	   5.3971763524153138e-01	  -8.0648045831051215e-02	   1.4867105847012541e-01	   9.4481148151744736e-03	   6.1307470655461258e-02	   3.7997236187920745e-02	   1.1726301193977073e-01	   2.9632070284801409e-01	   3.0118332330244563e-01	   5.7709921848320422e-01	   5.0740813153475617e-01	   2.3216038761033725e-01	   3.3384343323503463e-01	   6.2796736619752058e-01	   5.6402316590658585e-01	   6.8152684373600703e-01	   5.6230667622504504e-01	   3.6155836004253666e-01	   2.8819572874610755e-01	   1.3727874705549309e-01	   2.4312034624835038e-01	   2.3342266444240900e-01	   2.1708807641229777e-01	   4.3115196097038061e-01	   5.4023321871130614e-01	   7.0952955255449446e-01	   6.2490161617113626e-01	   4.0616219128953379e-01	   3.7938978597773831e-01	   6.5073647063428020e-01	   6.8649579161821106e-01	   7.1423323812979889e-01	   6.7079215905609424e-01	   4.3682750151399319e-01	   4.7511743492858927e-01	   4.1656588437182740e-01	   3.4093279211435035e-01	   2.3209885316211887e-01	   2.9691470418404614e-01	   3.0132254598733522e-02	   4.0526389243930559e-02	   2.1237549551524104e-01	   2.0301081342287375e-01	   3.2050871799352665e-01	   1.7751866975183724e-02	   2.9722716452106657e-01	   1.9606639883401589e-01	   4.5852977377977881e-02	   1.2808021547929260e-01	   2.3408532121333664e-01	   3.7069741458431604e-01	  -1.7084413212749239e-01	   2.5909732211676646e-02	   3.4763583935812320e-01	   4.0916320201724538e-01	   6.3982809438940769e-01	   6.5000526929650349e-01	   5.9835744220680165e-01	   5.4122771702020966e-01	   2.7282329069182387e-01	   1.9715345496778308e-01	   2.9672806754262099e-01	   4.5701632683097143e-01	   3.6841332598255438e-01	   4.3597827915845228e-01	   7.0626132999469948e-01	   6.8462173206186894e-01	   5.6889566697826099e-01	   5.9516419528137421e-01	   3.1295032334494355e-01	   2.9705861103284564e-01	   7.0187298402034060e-01	   7.0047742940421553e-01	   1.4761598705071020e-02	  -5.6870720802986996e-02	   2.6344757871491986e-01	   5.1070197474083068e-01	   6.6260885242766099e-01	   5.2883096463577484e-01	   2.6960425405367611e-01	  -2.6277798690783366e-02	
   5.0534584904336388e-01	   5.0518511304286751e-01	   6.3284093061322011e-01	   7.4967104140876983e-01	   7.6211178529079637e-01	   9.0137873074972941e-01	   7.4786319167521953e-01	   8.2665808356730874e-01	   7.8588278428076097e-01	   0.0000000000000000e+00	   6.4248122567823818e-01	   6.9360342414326781e-01	   5.4708679746464162e-01	   6.7352192382910214e-01	   6.9206577898399413e-01	   6.7670593398888068e-01	   5.0694966799030861e-01	   4.1587943811153505e-01	   5.6010730499530403e-01	   6.2114196681085510e-01	   7.2046627714021194e-01	   6.1577916440622638e-01	   2.0789375279012792e-01	   4.7542867076054895e-01	   5.0869191274989412e-01	   6.3439395293528333e-01	   6.6580726430603088e-01	   7.0310757995075279e-01	   5.8495258723082721e-01	   5.5080327898999715e-01	   7.1933358101947453e-01	   7.5070088192229867e-01	   6.8492452129128745e-01	   6.4488700952906808e-01	   4.9256352861222591e-01	   5.8541489463292407e-01	   7.5289958157064449e-02	   2.4080991812796909e-01	   1.8310523781700178e-01	   1.7097724151200150e-01	   2.0611654829297590e-01	   2.7075411708225366e-01	   5.5999439270983675e-01	   5.8399131854192765e-01	   7.3125191181921756e-01	   6.8743688007184822e-01	   5.4478650812125839e-01	   6.0254288398526223e-01	   6.9540069269707194e-01	   6.6650669015291664e-01	   6.8330712864387100e-01	   6.1569568573889932e-01	   4.5723273306824425e-01	   4.9021792326898361e-01	   3.4269825885271754e-01	   4.5206808230162643e-01	   4.3514888079215691e-01	   3.7806400528048806e-01	   4.8375825215668244e-01	   5.1166579458345329e-01	   7.1268717636486600e-01	   6.0603706401771995e-01	   5.8638161028535030e-01	   4.4480603420924114e-01	   7.4132691294011865e-01	   7.5132026845171407e-01	   7.1216733175236890e-01	   6.4742875776832376e-01	   6.3070391800189229e-01	   5.6000324152142178e-01	   6.0852473818322139e-01	   6.0782109414769803e-01	   4.1514735765252037e-01	   5.1962057200783818e-01	   2.2554199259002927e-01	   2.8068696867656362e-01	   4.5539801893632592e-01	   4.4750436654567100e-01	   5.6676311099833665e-01	   3.1383893854706713e-01	   4.8191947586085121e-01	   4.1347450622588766e-01	   2.5727013716725999e-01	   2.7957529069087700e-01	   3.9668268022161524e-01	   5.1369144155957169e-01	   3.0011962550413784e-02	   2.4021528084570720e-01	   4.8027248318665050e-01	   4.5677651667010805e-01	   6.8518657349893708e-01	   6.4162470247030312e-01	   6.5966249612713290e-01	   5.7471106791276871e-01	   4.3449992819551009e-01	   3.1347219357441775e-01	   5.2744100074900124e-01	   6.1390170207396622e-01	   5.5586228256747028e-01	   6.1482746733264793e-01	   7.2098097848235065e-01	   6.8582006626020964e-01	   5.8767713005039757e-01	   5.9668833976225866e-01	   4.0714519809885841e-01	   4.0124490040464855e-01	   7.0814544556279935e-01	   6.0796325878553270e-01	   3.3399813075790363e-01	   1.7388383973883806e-01	   4.7353676391948213e-01	   6.8198734099945735e-01	   7.5047792010251435e-01	   6.0163025282421989e-01	   3.7976425837099759e-01	  -1.9003228686548890e-01	
   8.6054171293475834e-01	   8.1542004996753947e-01	   7.1090781138728654e-01	   8.1859073806272709e-01	   3.8101936943249770e-01	   6.6357108609414794e-01	   5.4534201222272904e-01	   6.6739752208026804e-01	   3.5345262668138711e-01	   6.4248122567823818e-01	   0.0000000000000000e+00	   8.0699927523724857e-01	   9.0410756212764698e-01	   8.3459143650736911e-01	   9.0935890297373922e-01	   8.4910340060229905e-01	   8.8796950691067478e-01	   8.0632584831684340e-01	   8.5564101640267887e-01	   8.6499435550527770e-01	   5.3791141673050202e-01	   4.9843229579189663e-01	   4.6667597938114747e-01	   6.1392372210432911e-01	   6.9120903827399816e-01	   7.1865615104502734e-01	   7.2613569005565592e-01	   7.2406801140944044e-01	   8.3952053242685221e-01	   7.7364867882527644e-01	   7.3880785793571868e-01	   7.2111589491984085e-01	   8.0758535445695911e-01	   7.9598165090701256e-01	   5.5239128562087592e-01	   5.3271266405893403e-01	   5.1357541289409347e-01	   4.4060854453672732e-01	   5.6540322818101396e-01	   4.5702639373468634e-01	   6.8102321401241062e-01	   6.1699236673217894e-01	   8.3075187511360316e-01	   8.2351622850323314e-01	   7.8611153636184883e-01	   8.2152360096414245e-01	   8.3698677272014466e-01	   8.4645299016660736e-01	   7.5588193354991351e-01	   7.2967924451217192e-01	   7.1970784635672969e-01	   6.8606195986629137e-01	   6.5105121295630997e-01	   6.1516353204364549e-01	   7.0842568660926042e-01	   6.7269311704588097e-01	   8.4174603504899881e-01	   7.9323052678456996e-01	   6.0042908851840204e-01	   5.2208002096085571e-01	   6.0600985830608867e-01	   4.9456886646907028e-01	   8.2878179691642861e-01	   6.4891255683479399e-01	   6.4582531991570735e-01	   5.4665825491357067e-01	   5.3669261096327248e-01	   5.0889681263806574e-01	   8.1352296033866800e-01	   6.8380920458176087e-01	   5.6904922738701136e-01	   5.7636020884853412e-01	   7.5616180438411895e-01	   7.8901330052452612e-01	   7.1838343221009582e-01	   7.1139746338151899e-01	   8.1742471686041185e-01	   7.5677002120649184e-01	   8.5494307765659339e-01	   6.5256677179338685e-01	   8.6447613006955137e-01	   7.6942501727395018e-01	   6.7598737652640395e-01	   5.0654017975689547e-01	   8.4498742397722737e-01	   6.7181996374612185e-01	   4.9163316497051324e-01	   5.0969072880481625e-01	   7.7812431470265464e-01	   5.6804597995652506e-01	   7.3498557032823009e-01	   5.6568738235819227e-01	   5.9349390670833491e-01	   5.9245835487931853e-01	   6.8403333646221576e-01	   5.9346809004580092e-01	   7.9067586612299512e-01	   7.6428968852782264e-01	   8.2847572164352434e-01	   8.4662519313866047e-01	   5.6323324729345636e-01	   6.0271286695679493e-01	   5.6180600066566411e-01	   5.7012684902244337e-01	   4.2915113940790683e-01	   4.2499308719228746e-01	   6.5908843635004488e-01	   4.4838036421178107e-01	   6.4245964738877559e-01	   4.9811657958296618e-01	   6.3666964215264632e-01	   7.8802256049369246e-01	   7.6600467062349198e-01	   6.7081506695351445e-01	   5.5260140435371974e-01	  -1.1155669339125225e-01	
   7.9788964299277476e-01	   8.6387428318013926e-01	   5.5820615648648086e-01	   8.0216181494863736e-01	   4.4831670221532921e-01	   6.7197222759832664e-01	   5.4297171283607015e-01	   7.6428778589393886e-01	   4.6105014525360016e-01	   6.9360342414326781e-01	   8.0699927523724857e-01	   0.0000000000000000e+00	   7.6673499004496293e-01	   8.9447050409573192e-01	   7.9771943874078821e-01	   7.6751095116923562e-01	   7.2333387130723736e-01	   6.7842543742554540e-01	   7.8254931787207738e-01	   8.5638006472843553e-01	   6.1302386351475668e-01	   5.8588133517588403e-01	   1.9615057286018928e-01	   3.7120904992858811e-01	   5.6519008483530819e-01	   6.7117655413366573e-01	   6.5731503412902748e-01	   7.1205713980308294e-01	   7.7353678911262014e-01	   7.9775511049712544e-01	   6.9170733434602250e-01	   7.4044852486828749e-01	   8.4056491106183495e-01	   8.6295695415444240e-01	   6.0309793822289615e-01	   6.4042976705384813e-01	   4.8345031798112598e-01	   5.7131748019779227e-01	   5.5406706572868591e-01	   5.2161930927649502e-01	   6.4076750411126793e-01	   6.5788388591439939e-01	   7.5786859202372003e-01	   7.7243601399045980e-01	   7.5449676107302377e-01	   8.0264562734563705e-01	   7.8291419893325331e-01	   8.4021453727617912e-01	   7.4431406432206249e-01	   7.6808953586184825e-01	   7.5344961077961192e-01	   7.6328358854404477e-01	   7.3230760980338705e-01	   6.3842231055736476e-01	   6.7247047441954333e-01	   7.0035973190932910e-01	   7.4259326434832662e-01	   7.1920718920922955e-01	   7.5523168181667621e-01	   7.6534027185837383e-01	   7.8795479994027939e-01	   7.7279109720652750e-01	   7.6569768749224665e-01	   7.0257505877520854e-01	   5.1773596619038886e-01	   5.9552119014533655e-01	   6.7645973264423720e-01	   6.8793096656249464e-01	   8.3326370499997393e-01	   7.8737640972916645e-01	   4.5133988194882435e-01	   4.6019218889102820e-01	   6.3812606447021736e-01	   7.1103940943149191e-01	   5.4906881234030969e-01	   5.8327379152759495e-01	   7.0424955161324709e-01	   7.5343473949216322e-01	   7.4832397571675835e-01	   4.7658259735963271e-01	   7.8166267021158509e-01	   7.4464064421996812e-01	   6.8863186469882165e-01	   6.7536991033554739e-01	   6.5801282681109030e-01	   7.1681739158580327e-01	   2.2038648066296229e-01	   2.6707908498559113e-01	   7.2199233130405416e-01	   7.1882650294155948e-01	   7.7401480616629326e-01	   4.8182078769844233e-01	   5.4853102726922587e-01	   4.6821748475730740e-01	   6.6530811336748419e-01	   5.4516595746061414e-01	   7.9696936423797948e-01	   7.5758537200167919e-01	   8.1381458012236041e-01	   7.8722480879755896e-01	   6.4500458914043657e-01	   5.5594367564439062e-01	   7.3269120775419572e-01	   5.5203477269350132e-01	   3.7584215952346367e-01	   2.5919490502717890e-01	   7.9098727573314109e-01	   5.7569732573606425e-01	   5.7673668895373198e-01	   5.1504514873835250e-01	   7.1667169701764555e-01	   8.1306828235953743e-01	   7.8426523951129046e-01	   7.0481430802552192e-01	   5.2161897285736292e-01	  -1.8401834645152548e-01	
   8.2201078402341854e-01	   8.1747472292853351e-01	   6.5262026437503307e-01	   7.8152870570178878e-01	   3.9624603599896335e-01	   6.0471051774055384e-01	   5.3980595174868617e-01	   6.4816655251718214e-01	   3.7014014412151530e-01	   5.4708679746464162e-01	   9.0410756212764698e-01	   7.6673499004496293e-01	   0.0000000000000000e+00	   8.2966706111222255e-01	   8.7780627196477856e-01	   7.8656652564444784e-01	   7.7964559724068661e-01	   7.0466017357905275e-01	   7.9826569801660252e-01	   8.1079030853236234e-01	   5.4228151377239475e-01	   4.9931936654746101e-01	   3.7641406468246641e-01	   5.2405032955538200e-01	   6.3187986091458226e-01	   7.1676717671132462e-01	   6.3575646449323986e-01	   6.3604457585543261e-01	   7.6195628248080505e-01	   7.1816068497301289e-01	   7.5080217061907861e-01	   7.0772072409679243e-01	   7.7994324360282485e-01	   7.7862060870538219e-01	   5.2956273235008677e-01	   5.0350090250765323e-01	   5.1329132701707281e-01	   4.7670076821682628e-01	   5.4562114054886468e-01	   4.6663773597698621e-01	   6.9482169810035321e-01	   6.2267103634459475e-01	   7.8903417091653694e-01	   8.0058747232638883e-01	   7.8652008378984362e-01	   8.2128461714202694e-01	   7.4369434639611653e-01	   8.0692859587479338e-01	   7.9041481330092378e-01	   7.4514303588977915e-01	   7.2015278544203365e-01	   7.5843745719151490e-01	   5.7362404121255040e-01	   5.4978828801290436e-01	   6.6873979709637432e-01	   6.4301526717011692e-01	   7.8008966411716618e-01	   7.8530147982578513e-01	   6.3438966780024841e-01	   5.8219268463708607e-01	   6.2531166591474963e-01	   5.0129258697291834e-01	   7.6852126958521505e-01	   6.5425329581543590e-01	   5.0646765084172118e-01	   4.6116391847991434e-01	   5.5310859622828734e-01	   5.5896676204031970e-01	   7.6543297038367197e-01	   7.0230506335717702e-01	   4.8268545104252597e-01	   5.1139204790043724e-01	   6.9465148913482810e-01	   7.4710584232717414e-01	   6.6298024018565416e-01	   6.5195666301104771e-01	   7.4076265961623378e-01	   6.7956997398301244e-01	   7.1948443255331029e-01	   6.3356348047038236e-01	   8.7167826339859389e-01	   7.5707842126213853e-01	   7.1473269209675006e-01	   5.5247259447444197e-01	   8.7360368606275829e-01	   6.9902904986846714e-01	   4.7657010439278574e-01	   4.6102252141838079e-01	   7.7266022266751122e-01	   5.8330462611644573e-01	   7.2353615748727829e-01	   5.5703704949235555e-01	   5.3060074362729193e-01	   5.3766336380608604e-01	   7.4998331685893427e-01	   6.1164704442083728e-01	   7.6186728756372424e-01	   7.2413106129266613e-01	   7.5650783106323838e-01	   7.8806228108816412e-01	   5.4818951043963460e-01	   6.0338769155087335e-01	   5.7363247062245848e-01	   5.5261315736535088e-01	   3.6952744441211161e-01	   3.7544294942197387e-01	   7.0220569510445885e-01	   5.4185163411106840e-01	   6.1202539115975707e-01	   4.5521918553790508e-01	   5.6113941348072816e-01	   7.1849310359596807e-01	   6.8702517387759310e-01	   6.4286853649151010e-01	   4.8810934905205583e-01	  -3.6060941863448194e-02	
