   0.0000000000000000e+00	   7.6275707414882277e-01	   5.9670613929908289e-01	   4.8569551395234939e-01	   4.3558376562750317e-01	   3.6086859864615117e-01	   6.0614070692144928e-01	   2.8782432800488067e-01	   6.3561627521668962e-01	   3.4279299140601915e-01	   6.3077359272513500e-01	   5.1098993970349804e-01	   6.1884663704286313e-01	   4.1294720113216998e-01	   4.9164228126664700e-01	   5.2100736861510555e-01	   5.4864082156523819e-01	   5.7920263596813770e-01	   6.3537139543383747e-01	   5.9108945886694508e-01	   3.1558613545758846e-01	   4.3019582672523088e-01	   2.6832580116146226e-01	   2.6628229328533359e-01	   1.5086871634018750e-01	   8.3941345550846688e-02	   3.3216260257891683e-01	   4.5384823905065996e-01	   4.0124664100467511e-01	   5.6682007701569603e-01	   3.6960460715053733e-01	   4.2204766521605558e-01	   5.7162552582217141e-01	   5.5282509522440382e-01	  -1.9173390887324417e-02	  -2.5581161777416955e-02	   1.8916588864671713e-01	   4.1330862699056581e-01	   2.6843976818215909e-01	   4.6966407072599986e-01	   3.5616449542264428e-01	   3.7264722716994553e-01	   4.3839995698337914e-01	   3.1294642020822511e-01	   2.8625871731647373e-01	   3.8872075239451176e-01	   3.7171733836945481e-01	   4.8106753329875090e-01	   2.8758480718975243e-01	   4.8892172787107446e-01	   1.9856903856404418e-01	   2.5955815577271368e-01	   3.3385512290751701e-01	   5.0271377362091330e-01	   5.3072498393154888e-01	   5.1343281474601121e-01	   8.1566394498633188e-01	   5.8275618631137638e-01	   5.2388566051732188e-01	   4.0760247872754551e-01	   5.9777452803972464e-01	   4.1088095440762218e-01	   4.8955790831957663e-01	   3.6338705676118888e-01	   1.0787330197622595e-01	   3.8091857401985993e-02	   1.2482756027599409e-01	  -2.0649102867854582e-02	   7.4714552603219442e-01	   4.4811831285858089e-01	   1.7212784160551037e-01	   3.6909079466406308e-01	   5.5359687365968069e-01	   5.9720181511082915e-01	   5.4235903325037349e-01	   5.8466361725212135e-01	   5.3318719180409613e-01	   6.3157074450614148e-01	   5.9570365024800598e-01	   6.4754798305895789e-01	   6.4347426354660131e-01	   6.5798788269164632e-01	   3.3998231190430916e-01	   5.2121496551005086e-01	   5.1062910080004542e-01	   4.8067522559927994e-01	   9.6088468426452606e-02	   1.4644881481893687e-01	   6.3093736640603304e-01	   7.1015816420371558e-01	   4.1126434000992163e-01	   8.5762219037543400e-02	   1.8485802345381280e-01	   1.6215058021809114e-01	   5.6103890222408237e-01	   5.4230328182593812e-01	   6.1048240031227996e-01	   7.0127428329029462e-01	   5.7593620212048546e-01	   5.5528273671990735e-01	   3.0544948425445601e-01	   3.7142380875103864e-01	   3.8916411605383444e-01	   4.5097353032878729e-01	   4.2050247053355760e-01	   4.0436213598919823e-01	   5.6683210759334379e-01	   4.9609929918498208e-01	   2.2963912523751157e-01	   5.7199660274637876e-01	   5.1492692351696379e-01	   7.0703645388357228e-01	   4.7728921217110892e-01	   6.8303751040961080e-01	   5.3167534370674840e-01	   3.7998583665837282e-01	
   7.6275707414882277e-01	   0.0000000000000000e+00	   3.8069047577479465e-01	   4.1184082003340938e-01	   3.9786913872712193e-01	   4.6518817952756436e-01	   3.1824788253119091e-01	   2.7005330110497294e-01	   4.2709937562509126e-01	   4.8318184065177783e-01	   4.7927790828097960e-01	   3.7974263891769661e-01	   4.8611023649194540e-01	   3.5535518652342829e-01	   6.1865500182188593e-01	   6.7027013282199555e-01	   5.0919219468625165e-01	   5.5971721636970750e-01	   6.4795979537260306e-01	   6.8766382574161256e-01	   3.1999020066009076e-01	   4.2252609925484691e-01	   4.5555573330626958e-01	   4.7899464097967459e-01	   3.6391016062433501e-01	   2.4762998938670561e-01	   6.0653489738411748e-01	   6.3011657894800788e-01	   2.2417747567681506e-01	   3.9546528291352412e-01	   3.5686285861027933e-01	   4.1027158334188757e-01	   4.8360795219748121e-01	   5.3967917345276284e-01	   7.4798287760797333e-02	   4.5305657132831162e-02	   3.8488798882025110e-01	   5.0901315947459558e-01	   3.5352789671395324e-01	   6.0136292008261116e-01	   5.7717147942356872e-01	   4.7070286216970969e-01	   3.2259549971916401e-01	   3.2021753094149974e-01	   1.0336170651625953e-01	   1.9216635327907519e-01	   3.7211749700889052e-01	   4.9674646839849895e-01	   1.3253510263775786e-01	   3.4180524102606458e-01	   1.8287167161178974e-01	   1.6054121687070047e-01	   4.4032105959716489e-01	   6.4945155888197104e-01	   4.8111270236857512e-01	   4.5437271935741352e-01	   8.5806824351741495e-01	   8.4528701004021545e-01	   1.1363722910167470e-01	   3.5119158390584093e-01	   2.5382428108802696e-01	   2.2350483015265127e-01	   5.3493882625354883e-01	   3.2944587007537818e-01	   2.8093521336737892e-01	   1.3044920715936822e-01	  -1.3702681042555623e-01	  -2.3428877984003568e-01	   7.7414180277288525e-01	   6.4051432620166815e-01	  -1.3871058412069936e-02	   1.5680331070249282e-01	   5.4258194935691417e-01	   6.3387653825570633e-01	   5.1859420391974609e-01	   6.0026525958778798e-01	   5.3200535372996782e-01	   6.2617016630622901e-01	   5.5074943723824443e-01	   6.6406504325861182e-01	   6.7771244401619279e-01	   6.6614192575003328e-01	   4.8212269741934144e-01	   6.4516291371564971e-01	   6.7776081306491254e-01	   5.7275621209347161e-01	   2.9140067536243341e-01	   3.9268743121724697e-01	   6.3758891084310099e-01	   7.2088670476919903e-01	   4.1451602836057166e-01	  -3.5257701196037203e-02	   2.1083981078392305e-01	   4.4349231708396206e-02	   6.4882677800849464e-01	   5.4217921028492422e-01	   6.6849046988191407e-01	   7.2658848411739774e-01	   5.3846262749833784e-01	   3.6350484490846957e-01	   1.4770312653341067e-01	   4.9269551444149143e-02	   3.5902712433067274e-01	   2.5458786216649038e-01	   4.2317182862824915e-01	   2.9407981517262738e-01	   5.1116994785886793e-01	   2.7908798183509348e-01	   9.3608128676103117e-02	   5.7552800750729260e-01	   5.1525455171145362e-01	   6.6091019006258400e-01	   3.5543729647672340e-01	   6.5188256574558223e-01	   4.7595488436050437e-01	   2.9605110131840445e-01	
   5.9670613929908289e-01	   3.8069047577479465e-01	   0.0000000000000000e+00	   5.6383173754394378e-01	   5.6987084250039011e-01	   3.1718063169062760e-01	   8.5598551387894639e-01	   3.6706812033566039e-01	   7.1078479547673257e-01	   2.4230163450967007e-01	   4.2503870803100274e-01	   2.8302830966587961e-01	   4.5506335811803333e-01	   4.3022005957129572e-01	   5.1007358179957030e-01	   5.4592301592456993e-01	   3.4138685220765308e-01	   3.5377866306302819e-01	   4.8816399548858064e-01	   3.3075147792040860e-01	   5.0772257749208827e-01	   5.4604206951885437e-01	   6.1459547933576819e-01	   4.8228110434209659e-01	   5.8590426527447459e-01	   4.4019012595529700e-01	   5.4179619788293465e-01	   6.1743317904392248e-01	   1.9739844059494741e-01	   2.4063050974995431e-01	   5.2616170481289726e-01	   4.2356631107110509e-01	   6.9051989238165834e-01	   5.2734533128703631e-01	   4.8755983173459227e-01	   3.7668905384296708e-01	   3.5394858004504781e-01	   4.5908927616611495e-01	   4.4502248885367501e-01	   4.7602645772050545e-01	   2.4931452337346172e-01	   2.9049067839627107e-01	   4.3163232129917634e-01	   2.9181891132806748e-01	   3.1588082429583092e-01	   3.2846112605119504e-01	   3.4015824757741131e-01	   3.8195223434442366e-01	   3.4842446512542313e-01	   5.1447226249455713e-01	   5.7580860024368907e-01	   6.0034882271105072e-01	   3.7442901644011445e-01	   5.8215308376030528e-01	   6.4574643745800131e-01	   5.7158279125882916e-01	   2.8733968090063994e-01	   6.2393581460281067e-02	   4.1183026722747507e-01	   1.6266446803707069e-01	   3.6240231360357750e-01	   1.5286459610302330e-01	   1.3961811437582081e-01	   3.2477540648678735e-02	   4.2166408750547801e-01	   2.9954302169834929e-01	   5.3785653240541254e-01	   3.3639442058042107e-01	   5.6909690797154189e-01	   3.2411837587366427e-01	   2.5191595336132672e-01	   1.6055690268200895e-01	   2.7445391626298044e-01	   2.2073676003449522e-01	   2.6555932316864633e-01	   2.3591947103766159e-01	   3.1573060602461328e-01	   2.9134776681329905e-01	   2.9300989438320008e-01	   3.0908430659820635e-01	   4.0892279572223794e-01	   3.9484014557637437e-01	   4.1676684935987929e-01	   4.9597289233146225e-01	   4.7696260930074230e-01	   4.3954424311326112e-01	   2.3257464346308332e-01	   2.6338718012521611e-01	   6.2532175330098738e-01	   5.4346540907235896e-01	   6.5723865883622246e-01	   5.8847440659463923e-01	   5.4867693481866797e-01	   7.0724643287990441e-01	   5.8209516572063547e-01	   6.4847877242967822e-01	   6.2871095834907664e-01	   6.3576789205766659e-01	   6.0716848673483859e-01	   6.9905335904686472e-01	   4.8257969390414707e-01	   7.1765753797177323e-01	   3.8583080786362040e-01	   6.3794011133293227e-01	   4.5604347799756217e-01	   5.9255880233613356e-01	   3.9367228747488914e-01	   6.9510972198933696e-01	   4.8914327196219742e-01	   6.1604825956431508e-01	   5.3488797545811617e-01	   6.8743452571749364e-01	   5.8143759476515688e-01	   4.8808267386642246e-01	   5.4699696867260450e-01	   5.7149823560528723e-01	
   4.8569551395234939e-01	   4.1184082003340938e-01	   5.6383173754394378e-01	   0.0000000000000000e+00	   3.3735945230711928e-01	   6.1822831650073984e-01	   5.6592643152424116e-01	   8.3068030621336841e-01	   4.1958345236336825e-01	   5.0714391808317139e-01	   3.6707528057703204e-01	   6.0318780825654605e-01	   3.7421340397979386e-01	   5.6409083284250316e-01	   2.9956332443853895e-01	   5.8981053336217770e-01	   1.6725613610351220e-01	   1.4349868128135301e-01	   3.4897156748442876e-01	   3.8470460783217103e-01	   3.5250936169361896e-01	   4.4365799158101038e-01	   3.1122725259527462e-01	   5.9084465187697299e-01	   2.8672077912413957e-01	   4.7591660523932461e-01	   2.6085945117505799e-01	   6.1858151096094904e-01	   6.3402556499514498e-02	   1.3979965895682622e-01	   3.7046940628884922e-01	   5.8875851601809748e-01	   5.3081376282711457e-01	   5.7119946046668435e-01	   3.1783466856850506e-01	   3.9860890035526753e-01	   2.4655076689664324e-01	   2.9525869564792651e-01	   3.1476053770541235e-01	   4.0996568667299738e-01	   2.3973943698731870e-01	   1.6573762481212631e-02	   8.7098848535145768e-02	  -1.0184538874072419e-01	   3.2949036337439258e-02	   1.4903668772978684e-01	   1.2454486552076732e-01	   1.0139694159904183e-01	   6.7217222031920806e-02	   4.3848685704357315e-01	   2.6379054877943869e-01	   3.9722153107840791e-01	   5.3937282179155288e-01	   4.4982430350810820e-01	   4.8339834201201803e-01	   3.5344427227074204e-01	   3.5278533441249005e-01	   1.9167704986926659e-01	   4.2179955614019427e-01	   5.2883728751174608e-01	   2.5249137611044836e-01	   4.3187200935821285e-01	   1.0551570047658980e-01	   3.3738014736014931e-03	  -1.0669214590029508e-01	   4.3084280709629502e-01	   4.5765141494532896e-01	   4.0865925484766930e-01	   5.4288826894816089e-01	   3.4200799550628264e-01	   2.1692713173850062e-01	   2.4128182825060895e-01	   2.3315582787986100e-01	   2.1992854894136332e-01	   1.9425766492022761e-01	   3.0641968831456512e-01	   3.5100323811989076e-01	   4.1605830483958317e-01	   1.0503089107914867e-01	   2.1791877052989847e-01	   2.9944127938781168e-01	   3.7098817045867694e-01	   3.6619757264522368e-01	   4.1458595441715362e-01	   3.1494094058553218e-01	   5.1689357670195257e-01	   1.6803776499387460e-01	   3.5166962562919046e-01	   4.1642798442232931e-01	   5.8800654926161466e-01	   7.4671474789088710e-01	   2.9069030922604644e-01	   6.3227097693858558e-01	   3.9130124923363674e-01	   4.3479232257421818e-01	   5.3675401298641656e-01	   4.2193186861491816e-01	   4.9180503622120042e-01	   4.8436840841621642e-01	   4.6707600116357378e-01	   6.0069699570955781e-01	   4.3287997648686627e-01	   4.7214567438114419e-01	   5.3159914715807033e-01	   5.7722243059568812e-01	   5.6311697671938410e-01	   4.7467388768798968e-01	   5.7187637705963490e-01	   1.6779479920888265e-02	   4.5428268074916139e-01	   4.1128621211963157e-01	   6.1392569882590142e-01	   5.4914255837971404e-01	   5.2890351153844462e-01	   7.0457543356283414e-01	   3.6737435271091817e-01	
   4.3558376562750317e-01	   3.9786913872712193e-01	   5.6987084250039011e-01	   3.3735945230711928e-01	   0.0000000000000000e+00	   6.0931544591410913e-01	   5.4086780853926453e-01	   2.8344208531969717e-01	   6.5195214129519086e-01	   3.0970819442008574e-01	   2.1585932609708985e-01	   1.4688754839636867e-01	   2.5291104629009109e-01	   1.4504664075290355e-01	   2.9703428326460946e-01	   2.4242117685902703e-01	   9.4500794508768637e-02	   1.3389823188318173e-01	   1.6414415094570550e-01	   1.3289511319811914e-01	   3.2652027189666127e-01	   4.4639960778254328e-01	   3.8157566139202537e-01	   1.5828135336970764e-01	   4.0829045817014320e-01	   3.5991809134644404e-01	   4.3893704915438247e-01	   5.0171392552521155e-01	   9.0143754390135791e-02	   2.7356787377556602e-01	   3.3349135431610732e-01	   4.3332667385095214e-01	   4.5922505070022346e-01	   4.7113004189435470e-01	   3.4645556514311354e-01	   3.0423083535371986e-01	   1.6733932821983111e-01	   2.7165724450000195e-01	   8.0502126400146187e-02	   2.1871427536956628e-01	   6.7981960280187409e-02	  -1.8931290673889958e-02	   5.0253118757195436e-01	   4.7940515747495283e-01	   5.2908478619737798e-01	   4.8732703648613424e-01	   4.2429453502205883e-01	   4.4397202717332440e-01	   4.5196766903645869e-01	   3.9251667645002752e-01	   3.5244485352337968e-01	   3.3507352548298658e-01	   2.1368979876256616e-01	   3.4199111534999976e-01	   3.3392690233676592e-01	   2.9154684881173443e-01	   3.9041442069365218e-01	   2.0092353343186115e-01	   3.1381532454394179e-01	   2.3983864620211087e-01	   3.6185019663230805e-01	   2.8134717737667969e-01	   1.2293121361730747e-01	  -1.7634323471043678e-01	   1.9047791440607709e-01	   3.4553902459483166e-01	   4.2485980982473925e-01	   3.7182705410521300e-01	   5.7783308664537381e-01	   3.8171816050881746e-01	   3.3288037049283170e-01	   3.4687469969016449e-01	   1.8515590125789982e-01	   1.8130779130813454e-01	   1.9929115898857833e-01	   1.6159089198175916e-01	   1.4648003109929808e-01	   1.9436359903882083e-01	   1.9831476675872725e-01	   2.7530597989117189e-01	   2.4991202290659448e-01	   1.9643109301418099e-01	   2.5639204148466682e-01	   4.0317363934610995e-01	   2.9424596281514703e-01	   1.5437021774351611e-01	   1.4837713687967047e-01	   5.2510073053995007e-02	   3.6779250221919402e-01	   2.8996120341528769e-01	   4.1060470148164691e-01	   3.2898545008111485e-01	   2.5952265295376070e-01	   3.7875609123057019e-01	   2.8763079735000213e-01	   3.4837026108417862e-01	   4.2310933379162030e-01	   3.8682904259732886e-01	   4.2974937088870846e-01	   4.2274171981278963e-01	   2.7154632718262278e-01	   3.8220066706761846e-01	   1.6191193811496468e-01	   2.6414011290812239e-01	   1.3660010863968114e-01	   2.0822631266911126e-01	   3.9025882968120201e-01	   5.5113052056696588e-01	   3.3581837411084658e-01	   2.3400439127992767e-01	   3.9752185799769818e-01	   4.8297612835477677e-01	   4.1044656308098926e-01	   1.4314261109167492e-01	   1.6066983928702003e-01	   1.6200766307335129e-01	
   3.6086859864615117e-01	   4.6518817952756436e-01	   3.1718063169062760e-01	   6.1822831650073984e-01	   6.0931544591410913e-01	   0.0000000000000000e+00	   4.0426061936591046e-01	   7.2094352551593044e-01	   3.8788876172967934e-01	   6.4693266238077873e-01	   3.0029761830410606e-01	   4.2690063901676689e-01	   2.2239580453846086e-01	   3.9862990575468377e-01	   2.0150696318622946e-01	   3.9832243701831205e-01	   6.3799914325101903e-02	   9.7574573035151668e-03	   1.1387127026944918e-01	   2.8654445567963160e-01	   9.1880118460577948e-02	   2.1586989426170117e-01	   1.2395018658660048e-01	   3.6399888378328171e-01	   1.9444152597091099e-01	   3.9444271170480150e-01	   2.6900754895849094e-01	   5.4154078504922198e-01	   2.4754135959583645e-02	   1.8351215934195342e-01	   2.0361581930625572e-01	   4.7263437521395235e-01	   3.7905933836116801e-01	   4.7828520007153719e-01	   1.6975607907830281e-01	   2.4516967312215365e-01	   5.3138062906912600e-02	   1.1371961783356613e-01	  -3.2685022231150086e-02	   1.2912500568352808e-01	   4.3938863157823860e-02	  -1.9150578243283556e-01	   2.7229289614000429e-01	   1.4586280028215712e-01	   2.6572576970874540e-01	   2.4780341442465412e-01	   2.7132742261243425e-01	   1.8528761767246438e-01	   2.7011295096715343e-01	   2.4842621088274014e-01	   1.3512178052814847e-01	   1.7511849440590907e-01	   3.3978323104353980e-01	   2.2018786037930552e-01	   1.8556371438908592e-01	   4.7469358562413168e-02	   3.7488062602825967e-01	   2.1557194974767743e-01	   2.5231197618513723e-01	   4.4681485177714042e-01	   2.7482514803221503e-01	   5.4737523983532155e-01	   2.1583498262763373e-01	  -2.0511012485911931e-02	  -3.6460843561214673e-03	   3.7209714667679306e-01	   3.1699597463665563e-01	   3.4385504148583779e-01	   5.3819260778368005e-01	   4.7268885111935222e-01	   1.4660694099804986e-02	   2.5125668182882971e-01	   4.8019070228513601e-02	   1.5203563046969101e-01	   1.0183176892057982e-01	   2.5527469634121192e-01	   5.5639183673786161e-02	   1.8341215263273167e-01	   4.0159459486487165e-02	   1.2589322044761084e-01	   1.1559196441418668e-01	   1.3883831930586132e-01	   1.0866922607612151e-01	   2.2378850987059323e-01	   1.7889702921173872e-01	   2.6079539634034454e-01	  -6.7873605695322997e-02	   2.4414514023854444e-02	   2.2410575932872639e-01	   3.8350243067886991e-01	   5.4196354488584531e-01	   8.1734455422921903e-02	   3.3803021063167632e-01	   1.0433665916913409e-01	   1.8562529936536226e-01	   2.4787999379465109e-01	   2.5593909041107121e-01	   2.8702884943404339e-01	   3.5128843412175798e-01	   1.4794902357217607e-01	   3.0283611655676057e-01	   7.8401974642619832e-02	   1.3297926263492024e-01	   1.6422242128419087e-01	   1.1990463657202158e-01	   1.4753957603428372e-01	   2.4326871712340087e-01	   3.6791869432717589e-01	  -7.0078742394209553e-02	   9.7919372102635571e-02	   2.6006132231675755e-01	   3.7787215772660498e-01	   2.4544809716479254e-01	   1.5223048511764470e-01	   2.6613277312135730e-01	  -5.4237050159933154e-04	
   6.0614070692144928e-01	   3.1824788253119091e-01	   8.5598551387894639e-01	   5.6592643152424116e-01	   5.4086780853926453e-01	   4.0426061936591046e-01	   0.0000000000000000e+00	   5.4165226942706601e-01	   7.8247512834872268e-01	   3.7881590935122655e-01	   4.5410625679430117e-01	   3.7976369136116206e-01	   4.4679418349035138e-01	   4.1227691777586772e-01	   4.2809074647233269e-01	   4.3586818564960328e-01	   3.7271413102423434e-01	   3.8408207426922958e-01	   4.8254225868989481e-01	   5.0422957879869068e-01	   3.4180674985072462e-01	   3.9488901923940611e-01	   3.6542979825962257e-01	   3.3517371852002731e-01	   2.9700218171078896e-01	   2.2558876241752818e-01	   2.4760294529467219e-01	   3.9533674553942805e-01	   3.6587754130135486e-01	   4.2605433945050619e-01	   5.4910565771345010e-01	   5.1740408263231374e-01	   6.1670690066920186e-01	   5.1068400699212324e-01	   2.1793272035981903e-01	   1.3518989119793348e-01	   1.2057587842552839e-01	   2.2571452771332859e-01	   2.1785528758245343e-01	   2.7724880383158373e-01	   2.3257618095282775e-02	   3.7363027236834601e-02	   5.0027563695991828e-01	   2.8199924011150496e-01	   3.4335029897604508e-01	   3.5671563429098135e-01	   4.4077972006693023e-01	   3.6479001187935045e-01	   4.1453327854542910e-01	   4.8948323528417648e-01	   4.7785643913238285e-01	   4.4788136819719393e-01	   3.0885478244647380e-01	   4.8633535206887202e-01	   4.9038739349346039e-01	   4.2593063130566955e-01	   2.4021128092416677e-01	  -4.2575349555641066e-02	   4.0880181164194185e-01	   1.6056497400928568e-01	   4.2122063488199701e-01	   4.1004970217203329e-01	   2.0553768945750761e-01	   1.7470805517188204e-01	   3.4104815091899027e-01	   2.6883823618292202e-01	   4.1190411789290399e-01	   2.6330303707642233e-01	   4.8192791260365098e-01	   2.0926121418282106e-01	   3.9878804067493101e-01	   3.6647636923517540e-01	   3.3934241714537117e-01	   2.9911464071637595e-01	   3.5289266541607389e-01	   3.2750041330845570e-01	   2.8411268479713425e-01	   3.4436300307408574e-01	   3.0276794865723750e-01	   3.3234623998868346e-01	   3.9076331020846139e-01	   4.3797080721336901e-01	   3.1096840531738251e-01	   3.5497651980310585e-01	   3.4841451801079326e-01	   3.4887645457471078e-01	  -5.7473853137060826e-02	  -9.1616619231536800e-03	   4.4749545504026450e-01	   4.1067327059917236e-01	   6.0731639063874077e-01	   5.4778171647523488e-01	   4.3031776961413215e-01	   6.0177707511224954e-01	   4.4637674353160528e-01	   5.0054317902484247e-01	   5.1138557543152707e-01	   5.2704716721673106e-01	   6.3658920678294317e-01	   6.6111427104496756e-01	   5.4232551040664001e-01	   7.1677503629493100e-01	   4.0338572213430995e-01	   5.7860103914690897e-01	   2.9589184942406244e-01	   4.8676235169748810e-01	   4.1191388266808227e-01	   6.6554462907257061e-01	   4.4134894569886679e-01	   5.1194428645732848e-01	   4.5814786960381526e-01	   6.6360915098310025e-01	   5.3765677523212618e-01	   4.2633579094682694e-01	   4.9141987859970993e-01	   4.0845580946135146e-01	
   2.8782432800488067e-01	   2.7005330110497294e-01	   3.6706812033566039e-01	   8.3068030621336841e-01	   2.8344208531969717e-01	   7.2094352551593044e-01	   5.4165226942706601e-01	   0.0000000000000000e+00	   3.3602862062626876e-01	   6.1358580041489708e-01	   4.0032746945450165e-01	   6.6707910954824567e-01	   3.6662202380833242e-01	   6.1322857094013050e-01	   2.1864961028457999e-01	   5.0202577080677524e-01	   1.1156227871721169e-01	   3.6743151567511637e-02	   2.0504069434859498e-01	   4.5908884820060725e-01	   1.0272212306667310e-01	   1.8246526060997426e-01	   1.3329306329345691e-01	   5.2077253676229751e-01	   1.4453567001584328e-01	   4.3929751736483669e-01	   6.1979702971158665e-02	   4.0782445297470937e-01	   1.2340670356574968e-01	   1.6199207369887933e-01	   3.8231761719133939e-01	   6.4569803056659292e-01	   4.7835157477248202e-01	   5.7469246803165341e-01	   2.1676705481700553e-01	   3.2933959886495601e-01	   3.2277677819875464e-02	   2.0526569556238120e-02	   7.7914997036566708e-02	   1.5363268876950462e-01	   3.7135553535667934e-03	  -2.3488407708090769e-01	   1.8124002912529744e-01	  -3.2540108168132097e-02	   1.3871337760447128e-01	   1.6832164982044306e-01	   2.7036894061406935e-01	   1.1382871468214634e-01	   1.5265465052852023e-01	   3.0590909544489708e-01	   1.9216627348822851e-01	   3.0236633047272715e-01	   3.3433700160142699e-01	   2.3090284157430091e-01	   3.2286182913591754e-01	   1.8089584209576690e-01	   1.4495174283864876e-01	  -2.7897157493240780e-02	   2.5226751559523763e-01	   3.7549006643622912e-01	   1.4805379898857410e-01	   4.9893514282429541e-01	   1.5694882585656239e-01	  -2.3501761505957803e-02	  -9.8322701440911084e-02	   4.8811147174192826e-01	   3.6016432185611175e-01	   4.1770915479425008e-01	   3.9274549643100820e-01	   3.6026388214557781e-01	   1.6760459245131321e-01	   3.3147151047140966e-01	   2.1111136470243483e-01	   2.2322378963263337e-01	   2.3579947278853108e-01	   3.4662792704310064e-01	   2.0145375994747303e-01	   3.6348135014882532e-01	   1.4808311521986504e-02	   7.7916019391684105e-02	   1.7446077108207181e-01	   3.1532934430533444e-01	   2.3012568539724923e-01	   2.1278704358106543e-01	   2.3594114848526232e-01	   4.9406411181974380e-01	  -6.7615517208250042e-02	   1.4481877927389322e-01	   1.8448079403108933e-01	   3.8508644667784014e-01	   6.7316249289362518e-01	   1.9970720574876405e-01	   5.4204050476090715e-01	   2.5593996721734080e-01	   1.7045613402483623e-01	   3.0668800935336882e-01	   2.9590200751942985e-01	   3.0208461651102336e-01	   4.4440524033592727e-01	   2.5259045245877576e-01	   6.0601745761657067e-01	   2.9553950786491456e-01	   3.8051730540831630e-01	   3.3643890318905517e-01	   2.8071797284219158e-01	   3.0426962701863453e-01	   3.8318457348128399e-01	   4.7988174716011933e-01	  -8.6187065997198054e-02	   2.2678488509184722e-01	   3.5589728767111550e-01	   4.6818436582878276e-01	   4.0722280950101586e-01	   2.7840145099175739e-01	   4.4971689477176846e-01	   8.8798807751390985e-02	
   6.3561627521668962e-01	   4.2709937562509126e-01	   7.1078479547673257e-01	   4.1958345236336825e-01	   6.5195214129519086e-01	   3.8788876172967934e-01	   7.8247512834872268e-01	   3.3602862062626876e-01	   0.0000000000000000e+00	   4.9098953501562020e-01	   3.5857648155690430e-01	   2.2701003558754285e-01	   4.6142211631266905e-01	   2.8604414032688047e-01	   3.9981002674336469e-01	   3.6089394201964337e-01	   2.9134491269336904e-01	   2.8791163934158054e-01	   3.6393148479091886e-01	   3.6040259452025025e-01	   2.4739754544267814e-01	   3.3663346181255194e-01	   2.3390696990208446e-01	   1.8436810614284638e-01	   2.2000065555410986e-01	   1.1223050820441746e-01	   2.6549089084914351e-01	   3.7774236345016382e-01	   2.0410919549116252e-01	   3.0879165719437129e-01	   3.9228311458754050e-01	   3.6150764132657320e-01	   4.7102596283783738e-01	   3.7165239214295953e-01	   8.3838871052898556e-02	  -1.6130530309697438e-02	   6.3279204876237088e-02	   1.9517294109437833e-01	   1.6913791869848521e-01	   2.7288694058114910e-01	   5.1034737950169703e-02	   1.2111977059315182e-01	   4.1931479370796043e-01	   3.3551680955053598e-01	   2.1754797661406983e-01	   2.8508263148667351e-01	   3.3127316094095999e-01	   4.2011396239269266e-01	   2.8331278547794320e-01	   4.3737261712410991e-01	   3.1508559022655830e-01	   2.2692141520427200e-01	   3.5107654820971468e-01	   4.8616364070364232e-01	   4.0616004259259625e-01	   3.8469201132037745e-01	   4.3146590956015601e-01	   2.1739700674548124e-01	   5.5761120100196981e-01	   4.1596088109514540e-01	   5.5486224657391459e-01	   3.4497156392399336e-01	   1.1299828042246922e-01	   4.1502217474391034e-02	   2.8272445618250641e-01	   2.2587174978592406e-01	   2.3708586621278821e-01	   7.7324419301160019e-02	   5.3687666890428209e-01	   2.6786904728927940e-01	   2.9586118802183770e-01	   3.3162484633280831e-01	   2.3506688511931895e-01	   2.6296575950150769e-01	   2.3133873016924916e-01	   3.4221446531152422e-01	   1.5890006561872830e-01	   2.5819157641805346e-01	   3.2301604323836375e-01	   3.0839431844599779e-01	   3.9432695438534127e-01	   3.9303083149079732e-01	   2.7186537802969274e-01	   3.6197320795778809e-01	   2.9267425706071065e-01	   2.7597522408861980e-01	  -5.5910506121971154e-02	   3.2588739318732504e-02	   4.9380064108049193e-01	   4.8238690365725567e-01	   4.7445716656349962e-01	   4.1500837013013719e-01	   3.3367998795050657e-01	   4.2093354662705229e-01	   3.7971374172539130e-01	   4.3087279660027877e-01	   4.3671374292632636e-01	   4.8226991451162537e-01	   5.5616249506489546e-01	   5.9024640562548125e-01	   4.0751574482736386e-01	   5.6004665604765669e-01	   3.6346069944541182e-01	   4.5779577443887420e-01	   1.9977997216594259e-01	   3.0923789755690967e-01	   4.7718158311886627e-01	   6.6031635512533826e-01	   4.2641907282873276e-01	   3.4727507181780770e-01	   2.9247735379687445e-01	   5.7983235516216947e-01	   4.0790301369286891e-01	   3.3518952155821724e-01	   2.5312217280453708e-01	   3.9636664497839902e-01	
   3.4279299140601915e-01	   4.8318184065177783e-01	   2.4230163450967007e-01	   5.0714391808317139e-01	   3.0970819442008574e-01	   6.4693266238077873e-01	   3.7881590935122655e-01	   6.1358580041489708e-01	   4.9098953501562020e-01	   0.0000000000000000e+00	   2.4812510446759567e-01	   3.8746895191858799e-01	   2.5743496105125180e-01	   4.2713963085765938e-01	   2.7150106863712908e-01	   4.7079773944670633e-01	   1.3381039746126061e-01	   1.5493195745123151e-01	   2.3796832489883490e-01	   4.6236926202003448e-01	  -3.7961831967545114e-03	  -6.6217034267722671e-02	  -2.2809654910510728e-02	   2.5807498458143435e-01	   2.4847580980531013e-03	   1.4653761293288814e-01	   1.4821421937251919e-01	   2.6531078480007048e-01	   4.1781487601897857e-02	   2.1867209752620489e-01	   1.9737865664867474e-01	   4.0544928884389392e-01	   2.7286162502729538e-01	   3.5351437132063979e-01	  -1.7558772125407171e-01	  -1.3521466590287870e-01	   4.2777773491487488e-02	   6.7817090433147126e-02	   1.6789157947913969e-01	   3.0668004363781398e-01	   1.9302255466074855e-01	   4.3199745184641980e-02	   2.0901281346280395e-01	   1.1912768606358352e-01	  -3.2702077028445728e-02	   5.6872758653163401e-02	   2.6816628702089396e-01	   2.6171013819019273e-01	   1.3807935482390003e-02	   1.4095806444750780e-01	   5.5879453640715560e-02	   2.4383023084493225e-02	   5.2932571746786428e-01	   3.8847291745429324e-01	   2.2359699591959498e-01	   1.7724966802941938e-01	   3.0749690475389768e-01	   3.2756990849107870e-01	   1.8731897419349131e-01	   5.1973617839510089e-01	   6.7318002483625697e-02	   4.4086456905293853e-01	   3.7986415284129320e-02	   5.2666814401227585e-02	  -5.5782329537382803e-02	   9.9141304990881696e-02	  -8.5805832183968367e-02	  -7.3377556245962136e-02	   3.9215100501655564e-01	   3.8517347044916239e-01	  -3.8347929377451101e-02	   1.8884301291462174e-01	   1.0993679390714112e-01	   3.3182849367446221e-01	   1.6125038005419404e-01	   4.4427143313486772e-01	   2.5226685792845545e-02	   2.1249718980843896e-01	   1.2183929205309027e-01	   1.6614415663361798e-01	   1.8399002757548630e-01	   2.6223149054902212e-01	   9.1337120419441475e-02	   1.9077083308384477e-01	   4.4714081552485213e-02	   2.6012687262740575e-01	  -3.0825599922817815e-01	  -5.2504095861139681e-02	   1.1782286937657563e-01	   4.5518432014835014e-01	   4.4628858744446254e-01	   1.3683719875628120e-01	   3.3993445476848355e-01	   9.2768510308002150e-02	   2.1400894484044450e-01	   3.9777295251148320e-01	   3.5575598402459147e-01	   3.5104091403331988e-01	   4.4717410684135950e-01	   2.4071950144020399e-01	   3.6689698876285515e-01	   1.0620077818436610e-01	   3.5025996576082363e-01	   2.5064622493858418e-01	   1.8662166962196225e-01	   1.3673447866695848e-01	   4.0379792007090998e-01	   4.2531962199670870e-01	   1.6794451890356044e-01	   1.2454558029098760e-01	   1.4908237971461502e-01	   4.1745728547759525e-01	   2.2292449475974729e-01	   2.7723497864859092e-01	   2.8872048073126294e-01	   1.8905508862882334e-01	
   6.3077359272513500e-01	   4.7927790828097960e-01	   4.2503870803100274e-01	   3.6707528057703204e-01	   2.1585932609708985e-01	   3.0029761830410606e-01	   4.5410625679430117e-01	   4.0032746945450165e-01	   3.5857648155690430e-01	   2.4812510446759567e-01	   0.0000000000000000e+00	   7.6825770137339433e-01	   9.2231468123389815e-01	   7.1285635812533332e-01	   7.3217036866727692e-01	   6.1165794801978846e-01	   6.1467763442863421e-01	   6.1836914534485188e-01	   6.0687138115940342e-01	   6.7405087600491598e-01	   7.6360504811347873e-02	   1.2627675724548912e-01	   3.0049382956889947e-01	   4.2575849679044347e-01	   1.4888876261019968e-01	   1.5666848206424192e-01	   2.2245540175244036e-01	   2.6613085784656687e-01	   5.5654070462906957e-01	   5.7138002875353600e-01	   4.0771167226894156e-01	   4.7399327480748299e-01	   4.8975226467703692e-01	   5.2654112835837230e-01	   4.6690446356002689e-02	   7.2044203391438494e-02	   1.0693757559103674e-01	   1.6558951723345422e-01	   1.2167914268961921e-01	   1.9088008993300803e-01	   2.9739114029797925e-01	   2.0371669999735395e-01	   4.7148947479465730e-01	   3.2764294106868241e-01	   3.0158674596555529e-01	   3.6809935427497875e-01	   4.3599773942525044e-01	   3.7265073881344912e-01	   1.9531848250005965e-01	   3.7529083106606170e-01	   1.6720478656025170e-01	   1.9874979235702661e-01	   1.8599679668212710e-01	   3.2806464832349846e-01	   4.6537252602385204e-01	   3.6239008252867400e-01	   4.6014307980501368e-01	   3.2935451395733445e-01	   3.6743599628808121e-01	   2.4130860752788996e-01	   5.6507631582409501e-01	   3.5984589085579100e-01	   7.0904470465666858e-01	   4.8200475567438439e-01	   1.1239976450936158e-01	   7.3557864191738431e-02	   1.4368402587061119e-01	   3.6945053816571913e-02	   4.9081354534886779e-01	   4.3363036009426487e-01	   6.3345557664468755e-02	   3.2971357690331238e-01	   5.8538769117656142e-01	   5.6818669141708433e-01	   6.8314462629809369e-01	   6.5040956042800135e-01	   3.5941426992124165e-01	   5.4505668110640471e-01	   4.4094821610070800e-01	   5.1929377913327890e-01	   6.4461250344750365e-01	   7.4455540020060917e-01	   4.2752481883136406e-01	   3.6828596651423939e-01	   5.8943831057586027e-01	   5.2198528483107431e-01	   1.3083850640314926e-01	   1.3125110669740503e-01	   3.8253837602933910e-01	   4.0985775777060385e-01	   5.0653163076446572e-01	   7.8768106883037509e-02	   2.3340909234209953e-01	   9.8247743730461065e-02	   2.9288449228795910e-01	   3.2335892767844343e-01	   4.9679546149610088e-01	   4.9080409422644888e-01	   5.3976335209492143e-01	   3.2834163626451052e-01	   2.9059047324440118e-01	   2.0630112767921038e-01	   4.0727141136962874e-01	   4.7528052592958159e-01	   3.0541591545660235e-01	   2.5653136390756948e-01	   2.4836716760506414e-01	   3.8834678001196193e-01	   1.8054049119440146e-01	   3.9708316177543068e-01	   5.3994591116534607e-01	   5.8951834102774492e-01	   4.6931279429133432e-01	   5.3809369614386759e-01	   3.5952988587761409e-01	   1.7927712079613423e-01	
   5.1098993970349804e-01	   3.7974263891769661e-01	   2.8302830966587961e-01	   6.0318780825654605e-01	   1.4688754839636867e-01	   4.2690063901676689e-01	   3.7976369136116206e-01	   6.6707910954824567e-01	   2.2701003558754285e-01	   3.8746895191858799e-01	   7.6825770137339433e-01	   0.0000000000000000e+00	   7.4110107381818402e-01	   8.7879043387392075e-01	   4.9474303389792040e-01	   6.6622732203237534e-01	   3.9081623817889077e-01	   3.7409130901246690e-01	   4.4298770018448064e-01	   6.4797056017450838e-01	   1.2519352892194441e-01	   1.9534681259497905e-01	   2.0429333026372476e-01	   5.0867694770582739e-01	   1.1747638660723322e-01	   3.4652867090053940e-01	   1.0301425841738029e-01	   3.1137555253439408e-01	   3.5640024424393746e-01	   4.8128818738655921e-01	   2.9847226008441929e-01	   5.9394695186654212e-01	   5.0221890983826745e-01	   6.5423386402610673e-01	   1.3500379948322955e-01	   2.8579699677484138e-01	   2.0637545115826539e-01	   1.3921921067107601e-01	   2.3509729622661912e-01	   2.7475556242117094e-01	   2.7472656552514257e-01	   7.8322530964029261e-02	   4.1956467807836889e-01	   2.0250437019355441e-01	   2.5590455463013756e-01	   3.3767718379291412e-01	   4.7513403197181370e-01	   3.4810821467900799e-01	   2.3100099711216826e-01	   4.5360529863307347e-01	   2.2383790264396028e-01	   3.0288057338000512e-01	   3.9823153311321707e-01	   3.1700189247403326e-01	   5.5661907787521203e-01	   4.8862463779680276e-01	   3.4231331201558191e-01	   2.0240353184577159e-01	   3.8477816061698089e-01	   4.4590132493686790e-01	   3.5425945237487666e-01	   4.9124886850624205e-01	   4.8664833950767639e-01	   3.2110672846965771e-01	  -1.5503995534889739e-01	   2.8794144049483350e-01	   2.7332204541412997e-01	   2.8456332582437366e-01	   4.6254477310096048e-01	   4.4754300178520867e-01	   1.9074443369040778e-01	   4.7188919549877373e-01	   4.5025520976554989e-01	   4.5935587904433151e-01	   5.3782569920368328e-01	   6.0678170136183707e-01	   3.9467754615696637e-01	   6.5321495891100712e-01	   2.7082898956669510e-01	   3.3641121988593925e-01	   5.1693667634876705e-01	   6.4122457333656380e-01	   4.2318644726184246e-01	   4.2498204610248214e-01	   4.9234969198740630e-01	   6.4680966040370491e-01	   1.0420218723517961e-01	   2.8678913847028764e-01	   3.4751880788284872e-01	   5.3768700728433483e-01	   6.2783358202002360e-01	   1.8488598982592358e-01	   4.6737843013085101e-01	   2.0501069941108602e-01	   2.3286494208356345e-01	   3.8012631544818742e-01	   5.0597776405593486e-01	   5.0120326869297538e-01	   5.9573173483008157e-01	   3.6344983740124109e-01	   5.2830976466767621e-01	   2.5075888997089874e-01	   5.0214555288865448e-01	   4.7238760012414660e-01	   4.5974493456556381e-01	   3.5188621596677611e-01	   3.4230837226136912e-01	   4.1253673648642797e-01	   1.3226650605354137e-01	   3.6667161578613883e-01	   6.1697945225541251e-01	   5.8545741542176954e-01	   5.3893158322045753e-01	   5.5006756311949179e-01	   5.0302128367914123e-01	   1.8508496918044762e-01	
   6.1884663704286313e-01	   4.8611023649194540e-01	   4.5506335811803333e-01	   3.7421340397979386e-01	   2.5291104629009109e-01	   2.2239580453846086e-01	   4.4679418349035138e-01	   3.6662202380833242e-01	   4.6142211631266905e-01	   2.5743496105125180e-01	   9.2231468123389815e-01	   7.4110107381818402e-01	   0.0000000000000000e+00	   7.3816874770460950e-01	   7.3585779016138009e-01	   6.4150319657423849e-01	   5.9301425178568090e-01	   6.1749487600848851e-01	   5.1239474770063898e-01	   6.3728730081159923e-01	   1.3537948353988810e-01	   1.6236998353847096e-01	   3.0432187355386064e-01	   4.1921497611440384e-01	   1.9246446650993437e-01	   2.1855575700709717e-01	   2.6755101989291058e-01	   3.1145428415652188e-01	   5.0911428309812501e-01	   5.5010297836833932e-01	   3.9460714364644506e-01	   4.5547385311457977e-01	   5.4052160455550013e-01	   5.5436195110713271e-01	   9.1720889572637326e-02	   1.3678427995792200e-01	   1.4002601813004384e-01	   1.5884399799284815e-01	   1.8089895900821656e-01	   2.2760064465567709e-01	   3.4042103437735871e-01	   2.4944327656764376e-01	   4.3769846651743438e-01	   3.5212153965821930e-01	   2.5477029648982080e-01	   3.1934855479243651e-01	   4.1254389352330967e-01	   4.3483774244362283e-01	   1.2471846900017600e-01	   3.7072103642634641e-01	   1.5702181156922590e-01	   2.3023285886557082e-01	   2.0705754617476335e-01	   4.2986771559851578e-01	   5.0313442929761398e-01	   4.6520030513031835e-01	   4.9956976123570551e-01	   3.7481305706320422e-01	   3.8323857304591002e-01	   3.3533462371049966e-01	   5.3925664184592303e-01	   2.6404567388455363e-01	   6.1244231143116323e-01	   4.4133057066392173e-01	   8.4950084909096224e-02	   1.0343129784149890e-01	   1.1677203311455159e-01	   1.3382871647354787e-02	   4.6594795163978131e-01	   3.7384261975861177e-01	   1.8365350384148008e-01	   4.0756288629909693e-01	   6.4603334872569040e-01	   6.0849886292006417e-01	   6.8661088933078818e-01	   7.1454613205660333e-01	   3.4899426022350799e-01	   5.6806827264670345e-01	   4.7720314717923190e-01	   5.4874729184373616e-01	   6.9835414949493058e-01	   8.0510748410714761e-01	   4.6069596447163053e-01	   4.3498761723045137e-01	   6.1097244153899466e-01	   6.0500568459238435e-01	   1.6244112150809434e-01	   2.2981140659449717e-01	   4.1068971562791146e-01	   4.3871177815163398e-01	   4.9978822667086964e-01	   1.0385790853337902e-01	   2.9985160377624276e-01	   1.3641828489657779e-01	   3.4736020245774607e-01	   3.5407937413581736e-01	   5.2029860253738014e-01	   5.3456910724972950e-01	   5.8424044781594997e-01	   3.9340378406013610e-01	   3.7132305076066574e-01	   2.5723231460698953e-01	   5.2361900271141992e-01	   4.8929089210778703e-01	   3.7333864581011067e-01	   2.9985621955980490e-01	   3.4829235191854202e-01	   4.2665466311205097e-01	   2.8019910773175227e-01	   4.4410291457993573e-01	   5.5189360879484517e-01	   6.3060986547474407e-01	   4.9099136804366295e-01	   5.8230595447175371e-01	   3.5134894684775519e-01	   2.4822456791871872e-01	
