   0.0000000000000000e+00	   8.8961430640095562e-01	   4.8935184554810074e-01	   3.0951260779524647e-01	   4.4375626950669761e-01	   4.5888216863498393e-01	   6.3941004101658128e-01	   4.0883490496878572e-01	   3.3243266345578265e-01	   4.2582094928075209e-01	   7.0200046240261771e-01	   5.1233384526436876e-01	   5.3400979341352972e-01	   3.2118250600929854e-01	   7.7742096899767160e-02	  -1.2920075146449685e-02	   3.8036523757954366e-01	   4.5379908551850634e-01	   2.3623242999160804e-01	   3.0804270973935632e-01	   5.0324806246760256e-01	   2.9540647684720783e-01	   2.6762980780382323e-01	   3.2736124013947071e-01	   5.1727616485166006e-01	   4.5368837351021840e-01	   6.2333980852531234e-01	   5.7128016496703549e-01	  -1.3547525247228848e-01	  -1.1367107563503177e-01	   4.0768882320480697e-02	  -9.2024268033073592e-02	   1.9172861763432619e-01	   1.9303312928461713e-01	   1.8537972708116052e-01	   1.4068955386303150e-01	   4.4147329722849243e-01	   2.4927540774882445e-01	   4.5316830598183916e-01	   3.3883245100750270e-01	   4.0826170416317309e-02	   3.7456489885388244e-02	   3.3712501578297344e-01	   3.5885561484986694e-01	   1.9027930902495324e-01	   1.9459253987731573e-01	   3.7898434101135198e-01	   4.4588729400425153e-01	   3.1483034771769380e-01	   3.6505441045177867e-01	   4.2238128686688686e-01	   4.4425875096395551e-01	   4.5204882158641579e-01	   6.1004114551381394e-01	   5.6618493553446514e-01	   6.5187773541666161e-01	   8.1141071720322633e-01	   6.7561370494722284e-01	   3.6671667087369103e-01	   4.9529403167895286e-01	   3.2266258391275993e-01	   3.9449186496448396e-01	   3.1208212553400061e-01	   4.3242903381033038e-01	  -1.5027159840769147e-05	   2.5866532859469216e-01	   4.8147575995454295e-01	   3.4066223080546343e-01	   4.3841041074079540e-01	   4.7388880466585365e-01	   1.7806397442982846e-01	  -5.5316218854496862e-02	   1.7919689407989911e-01	   4.6103051429526490e-02	  -4.5539298439682208e-03	  -9.1342374806168969e-02	   3.6392521311812676e-01	   3.8582265168791058e-01	   2.5942182954021187e-01	   2.3229160955796857e-02	   5.0915037330178392e-01	   5.1799709843646535e-01	   1.9884728205494145e-01	  -9.7852409986938865e-02	   6.2621121494932519e-01	   6.6084956901437975e-01	   4.1446962622904604e-01	   1.5403779040099255e-01	   6.2679393013764584e-01	   7.1022754949267242e-01	   5.5484244457107612e-01	   5.9753321009255145e-01	   4.1076141537078414e-01	   4.8781771538603624e-01	   1.7512485297442398e-01	   3.4051981557651922e-01	   4.5993266301767916e-01	   5.3834602065166692e-01	   5.8506326879592674e-01	   7.1236528950705313e-01	   4.6547810843627146e-01	   5.4199101011702511e-01	   5.5243930393266549e-01	   6.3571462888496821e-01	   5.9366234705217658e-01	   5.3893539487033015e-01	   4.7798469483287953e-01	   3.5761490650436184e-01	   1.1393968281709491e-01	   1.7867590376255238e-01	   1.7003871527965037e-01	   4.1205186606558042e-01	   4.9495245309246327e-01	   4.4333949148574503e-01	   5.3629141124077584e-01	   7.8448496245865112e-02	
   8.8961430640095562e-01	   0.0000000000000000e+00	   5.3435313937595752e-01	   4.3794537876739537e-01	   3.7248517781880819e-01	   3.9360185564310701e-01	   6.4218090744683143e-01	   5.0717797873357318e-01	   2.5275475008440262e-01	   3.9010516726232969e-01	   6.3981879217306126e-01	   6.0590742968425426e-01	   5.0810103951004537e-01	   4.0222364610803202e-01	  -1.4956498872262466e-02	  -1.4916064351621891e-02	   4.7181969683151948e-01	   5.8562574538220691e-01	   3.8857186406258021e-01	   4.6272042474721586e-01	   4.0986648549604338e-01	   2.2426219596734731e-01	   3.7362623189995597e-01	   4.3510275688696454e-01	   5.0820970074562832e-01	   4.5093257932216924e-01	   5.4490112082230180e-01	   4.9118777104971517e-01	  -7.3247282027178701e-02	   2.1036012125362283e-02	   1.6922396946832641e-01	   4.8304023299547215e-02	   2.1697843246423684e-01	   2.8996926319909500e-01	   8.5380815024955092e-02	   2.4965615190793596e-02	   3.7808831911550578e-01	   1.7503794388592564e-01	   4.2628780990834403e-01	   3.0911863248852145e-01	  -6.5894910660191000e-02	   5.8443006063709571e-02	   3.1825317482237664e-01	   2.5305250333108847e-01	   1.1738224866006201e-01	   1.1607206953434679e-01	   3.4294195953089779e-01	   3.1970497075515614e-01	   2.6599840331423685e-01	   2.8171239388438335e-01	   3.7788518245071517e-01	   3.1652761759008480e-01	   4.7437178500847255e-01	   5.1544893018675797e-01	   5.3006488932397455e-01	   5.0526695353192586e-01	   8.4089801924858598e-01	   7.8437213894532976e-01	   3.1977550025268553e-01	   4.2426862145536692e-01	   3.0741533001703403e-01	   3.5218185763767373e-01	   3.7388356461442807e-01	   4.3956513429263305e-01	   1.0855223380671967e-02	   1.8623322982161328e-01	   3.8528424688037460e-01	   2.1360271979839474e-01	   4.9981225032180099e-01	   4.8533894904408825e-01	   1.9638068429512645e-01	  -1.5543035515916553e-02	   2.5212868308349712e-01	   1.6445886906296867e-01	   1.4908100551855774e-01	   1.1499854759143949e-01	   3.5539946543301371e-01	   3.3516774121005999e-01	   2.4783707417139772e-01	   3.1624386980749854e-02	   5.0122998153393905e-01	   4.7046218626137959e-01	   1.4385159955053467e-01	   5.0005966148187933e-02	   6.1348350362697490e-01	   5.7357984021110986e-01	   3.7952871486438500e-01	   2.1967789891147760e-01	   6.5260513743463489e-01	   5.7957907540825149e-01	   5.9960822753704401e-01	   5.0974627206205314e-01	   4.8519353462135356e-01	   4.9914006990870174e-01	   1.7251777899980461e-01	   2.7841705369636360e-01	   4.4141627783582926e-01	   4.4860299819126515e-01	   5.8327730638321051e-01	   6.0160831736335263e-01	   4.9064032734946444e-01	   4.9132178662958093e-01	   5.4712008556376768e-01	   5.4068151345217119e-01	   5.5292471224353568e-01	   4.8461766929468497e-01	   3.1907782098467413e-01	   1.9083991727721233e-01	   9.8267325992193705e-02	   1.9322169386457727e-01	   2.0062150586220726e-01	   3.9176512015948312e-01	   4.7407990849303361e-01	   4.2235763932632758e-01	   4.4346961767659099e-01	   1.5327585429733215e-01	
   4.8935184554810074e-01	   5.3435313937595752e-01	   0.0000000000000000e+00	   8.8808367792866583e-01	   5.6905825385942888e-01	   4.4684165022270955e-01	   8.6419991427645293e-01	   7.8849977810489857e-01	   3.7978903878902320e-01	   4.7564964396287690e-01	   4.3721653650233938e-01	   4.8610308267779023e-01	   5.1340173169474035e-01	   5.0080062514907353e-01	   3.5521428461483612e-01	   3.3378173766658203e-01	   9.6854345046699819e-02	   2.4369254319421571e-01	   2.0186209440594599e-01	   1.9644130001681812e-01	   4.7112258532266776e-01	   4.2122319072660763e-01	   9.1214585897034373e-01	   9.0597429298539622e-01	   6.2612388743417891e-01	   5.9160088878377715e-01	   4.4562219557418692e-01	   3.8901634079963010e-01	   9.5729853689254962e-02	   1.2342742021407771e-01	   7.1881932689801409e-01	   6.7640328228784141e-01	   4.1726441384077967e-01	   5.0499255082168049e-01	   3.3148380422911727e-01	   2.2102945818340544e-01	   1.8272512748607289e-01	   5.6186998808438839e-02	   3.5502795116149899e-01	   2.4172225457907348e-01	  -7.8374331255869761e-02	   1.1198884677231093e-02	   4.2417249121723166e-01	   3.5068719550210381e-01	   3.2334384507238978e-01	   3.2503281827308361e-01	   3.6389175576589439e-01	   3.5028972916433226e-01	   4.2441076881795831e-01	   4.8422970260180381e-01	   5.3850088519327111e-01	   4.8872572313537133e-01	   4.5219421568145107e-01	   4.4194472788838129e-01	   4.6007735197181160e-01	   4.4538619207955432e-01	   4.7883579223977391e-01	   3.8106903814139037e-01	   4.6313396776790139e-01	   3.6262369312687537e-01	   4.0198398027113663e-01	   2.9644576296875202e-01	   3.7951195827694911e-01	   3.8820719496720413e-01	   4.5991122304114862e-01	   4.0469253046995313e-01	   5.7442105436031510e-01	   4.0719857333255655e-01	   3.9831994054971515e-01	   3.3852566019302677e-01	   5.6451198966020977e-01	   3.5172914895664675e-01	   3.8298459489853082e-01	   2.9831025986023829e-01	   1.3307522859901780e-01	   6.2430849586107062e-02	   1.7759675780751627e-01	   1.9132609972885778e-01	   2.0155038698990078e-02	  -7.4427309669743952e-02	   1.8128843366255853e-01	   2.6356752644087422e-01	   3.1644879867835413e-01	   1.8660717766201596e-01	   6.5240601347945804e-01	   6.2243104440237462e-01	   6.2986455505127070e-01	   5.1222750594150190e-01	   7.2236272085180597e-01	   6.0692005308403518e-01	   3.6797344468650400e-01	   4.5355811792847234e-01	   4.0128701847508624e-01	   5.0114797939664046e-01	   1.6159895241567382e-01	  -5.9485797189177597e-02	   3.9400314981781159e-01	   2.9668994793604064e-01	   4.2118553182537199e-01	   4.3414138823161785e-01	   3.4510201859814454e-01	   4.1100920597243190e-01	   2.6411326903318944e-01	   3.5130981087392421e-01	   4.4119247527257277e-01	   4.6478107571104454e-01	   3.0596093578619238e-01	   2.4869377842279797e-01	   1.0233495584893990e-01	   2.6181764289617981e-01	   3.0956785510621093e-01	   3.0959425051224942e-01	   3.5724394296492834e-01	   1.4638839747159973e-01	   1.8263346730833030e-01	   7.8380501516642831e-02	
   3.0951260779524647e-01	   4.3794537876739537e-01	   8.8808367792866583e-01	   0.0000000000000000e+00	   4.6737898924051136e-01	   4.1270514285006465e-01	   7.5062794754324735e-01	   9.1759797653956321e-01	   2.7909507623987362e-01	   4.1392016390532094e-01	   2.9493903523948911e-01	   5.9418583671299241e-01	   4.8425065632095388e-01	   6.0406466022734273e-01	   4.0134825503117821e-01	   4.7342001093075714e-01	   7.3150210275842786e-02	   2.5173515072404057e-01	   1.9845425347976542e-01	   2.5054754442005622e-01	   4.5750821693700389e-01	   4.8874107355878083e-01	   8.9156798150689653e-01	   9.4584099739857730e-01	   5.4785029108403804e-01	   5.6526702906312676e-01	   3.5845419331324091e-01	   3.0327893406722051e-01	   2.3341607932400485e-01	   3.3851847189953516e-01	   8.3363609455602083e-01	   8.3240204653122873e-01	   3.5049742553095953e-01	   5.0655522640363382e-01	   2.3025496944876678e-01	   1.6093542131193014e-01	   7.8790936408840190e-02	  -5.9201744996631125e-02	   2.9459914827386513e-01	   1.4146156084608058e-01	  -7.3149778005019039e-02	   1.3258926047332498e-01	   4.6313843764869222e-01	   3.6666301087070036e-01	   3.7332738656306930e-01	   3.8500583123338128e-01	   3.6585008652164025e-01	   3.3209223705936469e-01	   4.8743580782523893e-01	   5.1192631423963586e-01	   5.8827632302207522e-01	   4.8853079355080109e-01	   4.6248026266401643e-01	   3.8171726415844465e-01	   4.2763502930156294e-01	   3.5146394911580758e-01	   4.0454428755417382e-01	   4.0551423398418779e-01	   5.5222709962758199e-01	   4.9455248209069358e-01	   4.9929095940115575e-01	   3.8584334531036002e-01	   3.9402703924877724e-01	   3.8365448128400614e-01	   4.5890003643270905e-01	   4.1641693359779142e-01	   5.1998026604944092e-01	   4.0720676894534386e-01	   4.5405519499090263e-01	   3.3315123397627588e-01	   6.3456023137152329e-01	   5.6035550581271831e-01	   4.3839908154845841e-01	   4.8894086167943346e-01	   1.6069389459807146e-01	   1.9399961340633254e-01	   1.1437831032278956e-01	   1.6023694905061009e-01	   4.3606272910139514e-02	   9.7315693681854255e-03	   1.4315848317856769e-01	   1.5148987663238728e-01	   2.1329456137544958e-01	   3.0724929574546223e-01	   4.5592242672289274e-01	   4.6703233109776315e-01	   5.0748495708638797e-01	   5.2186850288564957e-01	   6.6694059298550967e-01	   5.3670702647596280e-01	   3.8359282753118829e-01	   3.0284648763418343e-01	   3.7464243594392532e-01	   3.4044675455865409e-01	   2.3639634935958470e-01	  -6.5182759339118462e-02	   4.0395419194086601e-01	   2.4578453032056485e-01	   3.8497622028555811e-01	   3.5185193412471910e-01	   4.1314280271845150e-01	   3.0722313916443050e-01	   2.8515474788914719e-01	   2.1404907594413242e-01	   3.5400758126072956e-01	   3.1671229289145242e-01	   3.6073894865588430e-01	   3.1604493576269016e-01	   1.6814476846192181e-01	   2.9085162993197267e-01	   3.4724565312583555e-01	   2.3715488639373589e-01	   2.9826900075108009e-01	   1.2233930706277674e-01	   9.7864672674681547e-02	   6.9743190762708546e-02	
   4.4375626950669761e-01	   3.7248517781880819e-01	   5.6905825385942888e-01	   4.6737898924051136e-01	   0.0000000000000000e+00	   8.8145318172179477e-01	   6.0534225482118209e-01	   4.6080189759372336e-01	   8.4988147837936889e-01	   8.2496517251382517e-01	   4.6103024984086849e-01	   4.0726016155636502e-01	   5.3972616452290745e-01	   5.3787550361937808e-01	   4.7613442765285502e-01	   3.0070551836743470e-01	   1.8969984135985529e-01	   2.7398402763734619e-01	  -6.3110147246034642e-02	   2.5773846166899924e-02	   7.7599301990219338e-01	   7.4197212839244842e-01	   5.0808255994865159e-01	   5.6185827097854690e-01	   8.0113196566398326e-01	   8.2807773979011823e-01	   7.5028262540960022e-01	   8.2181504101680780e-01	   5.9217896706337857e-03	   4.4191081402494781e-02	   4.3736731235168713e-01	   3.3598752940447979e-01	   3.4873660057202271e-01	   3.3385405121156936e-01	   4.3745224624975521e-01	   3.6337549446758460e-01	   1.1169861051986923e-01	   4.9621560695774947e-02	   2.5307515800567404e-01	   1.5130240416869728e-01	  -1.4366808979323092e-01	  -1.5752841701590237e-01	   4.4865849298450711e-01	   5.1106642441760886e-01	   5.2470110927535663e-01	   5.3322442334255471e-01	   4.5063766754510071e-01	   5.1964107084159727e-01	   5.4429245075250898e-01	   5.4640490459574254e-01	   5.3184460531967537e-01	   5.6806748941005614e-01	   4.0965138368974363e-01	   4.7127520789618738e-01	   3.9452025914826516e-01	   4.1984350926007530e-01	   3.7324008910716444e-01	   2.9494870464850947e-01	   5.4301149696122808e-01	   4.1504666108751770e-01	   5.6016977491072639e-01	   4.5753852914037951e-01	   3.9994738546827086e-01	   3.8483087692133916e-01	   5.9478539439938516e-01	   6.3227729070431793e-01	   5.8601090527271371e-01	   4.1834896951197892e-01	   2.9022407325298294e-01	   1.8951474112924899e-01	   2.6542631507696068e-01	   1.8008812288045598e-01	   9.2181574034211733e-02	   8.6327984920024747e-02	  -1.6860153013690024e-01	  -2.5954627756052251e-01	   1.3781611826144988e-01	   1.3550099221990478e-01	   1.9596099672295633e-01	   5.8751419181284098e-02	   2.7869490059252722e-01	   2.3118527401596470e-01	   1.3277872055568507e-01	  -1.9037542726011100e-01	   4.9224988925210733e-01	   5.7237134381109933e-01	   5.0296016456638615e-01	   3.5138963256892997e-01	   5.4181781574352095e-01	   4.7952774826436756e-01	   3.0001447155861982e-01	   5.0972773739800348e-01	   3.3272885880536546e-01	   5.5054986040208109e-01	   2.0579613864349050e-01	   8.6157008422230091e-02	   4.7459985648195246e-01	   4.9930690815673884e-01	   4.1048216054994791e-01	   4.7296445488303346e-01	   3.9426030353923819e-01	   6.0585918358587199e-01	   4.7716233692473786e-01	   6.0297452030067356e-01	   5.7975931285997750e-01	   5.4356054242760687e-01	   3.9830487934032027e-01	   1.9964697094714146e-01	   1.3227364407599040e-01	   1.8995821552864320e-01	   4.0506631936604798e-01	   5.0422442168320880e-01	   4.8275484062499785e-01	   3.4530280980310046e-01	   3.3069866624102245e-01	   1.4292092753356800e-01	
   4.5888216863498393e-01	   3.9360185564310701e-01	   4.4684165022270955e-01	   4.1270514285006465e-01	   8.8145318172179477e-01	   0.0000000000000000e+00	   5.1517580699236176e-01	   4.4584851984219898e-01	   7.9144361017857556e-01	   8.5303087659062726e-01	   4.3618133863035347e-01	   4.6674200146217826e-01	   5.2648945539861647e-01	   5.8270692197501628e-01	   4.6423763287448760e-01	   3.4923440437121900e-01	   1.9874511751140411e-01	   2.6100690629311307e-01	  -9.7675587256009500e-02	   7.7925998240026662e-02	   7.9506285326068582e-01	   7.6652104294408452e-01	   3.5435546277165447e-01	   5.0456815689102863e-01	   7.2345063414377819e-01	   8.2993337765430064e-01	   7.2267277493968263e-01	   8.3159872470095386e-01	   9.1716339233988836e-02	   1.6660966152638107e-01	   4.1237931556197682e-01	   3.1291620334759018e-01	   1.7813944155179884e-01	   2.1158543325901311e-01	   3.3334852412739702e-01	   2.7742810487838715e-01	   7.3459945520291198e-02	  -2.1723932536690006e-02	   3.1413212611136376e-01	   1.3188053749180162e-01	  -8.0309786851185255e-02	  -5.2198237494945988e-02	   5.0188194284399512e-01	   5.1117352529013604e-01	   5.3446904221418601e-01	   5.5226007153539824e-01	   4.7527042396315861e-01	   5.5485047373126983e-01	   5.8263056076641562e-01	   5.9270590443825721e-01	   6.3059517183620872e-01	   6.2661124195389439e-01	   5.4540046397104702e-01	   5.6263409082396143e-01	   4.6075991509676911e-01	   4.6227284970967153e-01	   3.9249590647334254e-01	   3.6293921459361234e-01	   6.2755764977460804e-01	   5.0995624963516195e-01	   5.2145216506400471e-01	   4.7321392534248219e-01	   2.6044725050431239e-01	   4.1564385507214652e-01	   3.9800670634712643e-01	   6.2252224420337909e-01	   5.5008301878092491e-01	   4.3239273082299018e-01	   3.3076376699517140e-01	   2.1129848084304864e-01	   2.9592111567183765e-01	   2.6995984096109821e-01	   9.2100058802706719e-02	   1.4549325650034486e-01	  -2.2382603778178167e-01	  -2.6879327764747174e-01	   2.0005310379235891e-01	   2.1580285527631293e-01	   1.5396139908945128e-01	   4.9519187335808464e-02	   2.3858493879227799e-01	   1.4404613204128083e-01	   9.8958671122122477e-02	  -1.3829217125748455e-01	   3.9775395353209203e-01	   5.2281996131119834e-01	   3.7162443649204913e-01	   3.3600199796894337e-01	   4.3392290413644063e-01	   4.6430579400919603e-01	   4.7242091164788302e-01	   5.7415622825497470e-01	   4.0458578448903132e-01	   5.3004301626161743e-01	   2.7771371001707090e-01	   1.8446849858709563e-01	   5.0313270730391668e-01	   5.2970574504314671e-01	   4.5598283535915463e-01	   5.3946534821514047e-01	   5.3273212555967608e-01	   6.1623597369155614e-01	   6.2435730164132963e-01	   6.3907344993677895e-01	   5.9598721736331617e-01	   5.3939075309601181e-01	   4.5251248240023134e-01	   1.6266959654160679e-01	   3.7251550279583080e-02	   1.5261486082450121e-01	   4.5503587212836710e-01	   6.1714388992169833e-01	   6.1659348387050505e-01	   5.4316576426567265e-01	   4.0691883348828661e-01	   2.1199306932011658e-01	
   6.3941004101658128e-01	   6.4218090744683143e-01	   8.6419991427645293e-01	   7.5062794754324735e-01	   6.0534225482118209e-01	   5.1517580699236176e-01	   0.0000000000000000e+00	   7.8073913780056747e-01	   4.8557488069359878e-01	   5.7767493001182557e-01	   6.9929899956018216e-01	   6.1989348232708563e-01	   7.8221665887328395e-01	   5.2916972829823827e-01	   4.1392981304498622e-01	   3.2079131683624762e-01	   2.8002568216574292e-01	   4.3776109011997627e-01	   2.2637246955193199e-01	   2.8774387706094684e-01	   4.9499799578536985e-01	   3.7715586306937893e-01	   7.3066071736220517e-01	   7.6143337371487818e-01	   5.7445861465606674e-01	   5.6317364881885235e-01	   5.4220343408432736e-01	   4.7252881728335594e-01	   2.4846387193805580e-01	   1.7609956785922212e-01	   5.5945189069340484e-01	   4.7726219082221694e-01	   3.7202983607724299e-01	   5.2531229660876144e-01	   3.4701778310545700e-01	   2.7998130865488696e-01	   9.5194467055142284e-02	  -1.2867031020997929e-01	   2.5109012419018234e-01	   8.7609246078747927e-02	  -7.2220912539142673e-02	  -1.1887953882951734e-01	   3.9550847359042474e-01	   3.7854212219836303e-01	   3.4142321803485398e-01	   3.9346752704920224e-01	   3.9960380812327889e-01	   4.0513701617216402e-01	   3.8052462319749880e-01	   4.3470847888134045e-01	   4.8188503498979207e-01	   4.8251287517556207e-01	   4.3588842927700300e-01	   5.3019627457391982e-01	   4.0854209700500910e-01	   4.5927691546087557e-01	   5.5043289163235509e-01	   5.1009701833720666e-01	   3.9851535175782349e-01	   4.0977633581053968e-01	   5.2813903375826177e-01	   5.3486718578505277e-01	   4.5607419268515542e-01	   5.6407265491217995e-01	   3.7292399524413777e-01	   4.9044467645709555e-01	   6.1517201639423325e-01	   4.6760321307243347e-01	   4.3424827512459924e-01	   4.8886306646417965e-01	   4.4785091286580331e-01	   2.4838309442279799e-01	   4.1255603524688661e-01	   2.4981295844403945e-01	   1.7324426816621702e-01	   7.9870804260130990e-02	   2.2943667363818787e-01	   2.6933439010641747e-01	   1.8826898777963413e-01	   7.3082370148643255e-03	   3.9666997581379826e-01	   4.5249898004929245e-01	   2.1004739428755231e-01	   4.5735009105635722e-02	   6.4905394980988673e-01	   6.7523350136217641e-01	   4.2716977899919778e-01	   2.1531423697311233e-01	   6.6338101949551243e-01	   5.7112660421703221e-01	   3.8736751241309619e-01	   5.0985201049416817e-01	   3.7963159315653694e-01	   4.8598492660242187e-01	   1.8412357544423308e-01	   5.9054516878893973e-02	   3.7356398010311975e-01	   3.0954818735465173e-01	   4.6687485736652889e-01	   5.1269385823123481e-01	   4.4613677037649235e-01	   5.0940599410677800e-01	   3.8870941687047811e-01	   4.8355507944479226e-01	   3.9089602420360314e-01	   3.9573391469789720e-01	   3.7867276010476270e-01	   2.8400704206988414e-01	   8.4602727588957108e-02	   2.7844569006403341e-01	   3.2246440932822551e-01	   3.7664895031086976e-01	   3.8956148011599123e-01	   1.9429941331586942e-01	   1.7492861349018998e-01	  -1.5123406973189358e-02	
   4.0883490496878572e-01	   5.0717797873357318e-01	   7.8849977810489857e-01	   9.1759797653956321e-01	   4.6080189759372336e-01	   4.4584851984219898e-01	   7.8073913780056747e-01	   0.0000000000000000e+00	   3.1704786423539499e-01	   4.4286457928252931e-01	   4.2082230746506183e-01	   8.0324455607007306e-01	   6.6436483610011976e-01	   7.6482075623523005e-01	   4.3683266333442211e-01	   5.2061360674986368e-01	   1.5584124989843406e-01	   3.7015182984164025e-01	   1.5517644794835636e-01	   2.4771453825629491e-01	   5.3544703821168471e-01	   5.4213544736149222e-01	   7.3048661176128160e-01	   8.4854138766147591e-01	   4.7093071717208645e-01	   5.4369481695577615e-01	   3.9021109368084195e-01	   3.4608322435770594e-01	   3.5933172931263574e-01	   4.8282637847433996e-01	   7.4371253662430048e-01	   7.2505628854864712e-01	   2.5430472816293287e-01	   4.5186337909849450e-01	   1.7440444729137006e-01	   1.7871964362051157e-01	  -1.0308605380380935e-02	  -1.4150230168840172e-01	   2.6063257316210053e-01	   7.0794976881462621e-02	  -1.3883038316647053e-01	   1.2219157119498600e-01	   4.5475935539825563e-01	   4.0089860024154877e-01	   4.1697799140372371e-01	   4.6459261305403238e-01	   3.4941350973233237e-01	   3.5132780496253024e-01	   4.6614706764318925e-01	   4.9836351640642296e-01	   6.0175250984805495e-01	   5.3055241522084484e-01	   4.7889497232571199e-01	   3.9788198477403791e-01	   4.3790100543769628e-01	   3.7499069393606704e-01	   4.7877396792750415e-01	   4.4811014742216354e-01	   6.1124874954813113e-01	   5.7146035511484539e-01	   6.4178156772539230e-01	   4.9110209009524308e-01	   3.9337131816243998e-01	   4.9052377128184277e-01	   3.2441525780276115e-01	   4.2973387849762490e-01	   5.9172066420539449e-01	   5.0438963127542946e-01	   4.0379096994467129e-01	   3.1620735853390064e-01	   5.8321306869268463e-01	   5.5693120544078667e-01	   4.4550411030253656e-01	   5.6437428055348104e-01	   1.3603374324427456e-01	   2.3678129982641011e-01	   1.7281466616313573e-01	   2.4230888783874674e-01	   8.6220896270722353e-02	   5.7160194920785987e-02	   2.2675939724866298e-01	   2.4514514097075082e-01	   1.2531219535840643e-01	   2.8470970476221108e-01	   4.2252426137179000e-01	   4.9877305137494543e-01	   3.4118717246795072e-01	   3.8673375307181962e-01	   6.1349787375798881e-01	   5.1681512562600507e-01	   3.4442116309418852e-01	   2.4625631959600494e-01	   2.8114061099928217e-01	   2.1902397296859424e-01	   2.7890074858985020e-01	  -4.6050749982783270e-03	   4.4215553768771260e-01	   2.7103866210791672e-01	   3.8450674322107514e-01	   3.6061654465984644e-01	   4.2678821555607743e-01	   3.1493909443941531e-01	   3.4542552802146809e-01	   2.4487970690013947e-01	   3.6085290629913647e-01	   2.9237568359926619e-01	   4.5704824492121537e-01	   3.8822875815683139e-01	   1.1981327851016123e-01	   3.0066655191654251e-01	   3.6525091545387456e-01	   2.4448160158957644e-01	   2.7107059536228306e-01	   1.4780783369400910e-01	   1.1007238686943907e-01	  -8.2189976056195567e-03	
   3.3243266345578265e-01	   2.5275475008440262e-01	   3.7978903878902320e-01	   2.7909507623987362e-01	   8.4988147837936889e-01	   7.9144361017857556e-01	   4.8557488069359878e-01	   3.1704786423539499e-01	   0.0000000000000000e+00	   8.6962406720771557e-01	   3.0953996492258451e-01	   2.9982713169808062e-01	   4.9731657631523085e-01	   4.4763180760368004e-01	   6.8809589022168227e-01	   4.5404671640958433e-01	   7.7400248432309124e-02	   1.5898775419377614e-01	  -6.3772267380311054e-02	   6.0738271235505195e-02	   5.4114860303818968e-01	   5.7528722119035547e-01	   3.3940995230159243e-01	   3.9070780054053633e-01	   4.6993562753610352e-01	   5.4011866125025310e-01	   4.5854981291516050e-01	   5.7213915732658172e-01	   1.7804628797099417e-01	   1.8332285472857768e-01	   2.9152044944807437e-01	   2.3003771178094806e-01	   1.9059880470790000e-01	   1.9966788415893913e-01	   2.5934393096899727e-01	   2.0055843147896940e-01	   7.3333358557488654e-02	   3.0775544495743205e-02	   2.1087160231937352e-01	   1.4587847271262974e-01	   1.3011932905228693e-01	  -1.7068088325616210e-02	   4.2298476025003573e-01	   4.6433597764364587e-01	   4.3052276812419155e-01	   4.8601803455112003e-01	   4.4062356556284399e-01	   4.6130237909455596e-01	   5.3587570539484941e-01	   5.2822944223469948e-01	   4.6083207012361205e-01	   4.9585892811969867e-01	   3.4882928224253429e-01	   3.2135512170583436e-01	   2.7024761727493030e-01	   2.7208516735054317e-01	   1.5535371731576442e-01	   1.3947264130632681e-01	   4.2897096595690010e-01	   2.9039569359870626e-01	   5.0389273418540370e-01	   3.9633210693929710e-01	   2.2429471373126680e-01	   3.0533652049748583e-01	   3.7658631031079043e-01	   4.5506898075033220e-01	   3.7722359914466164e-01	   2.4362733800827696e-01	   1.5586895554714378e-01	   7.0519741993963964e-02	   2.9867602867875154e-01	   2.2406427820682706e-01	   2.5724122550928241e-01	   2.1545434779119660e-01	   8.4759530283517556e-02	  -4.1353715055095046e-02	   1.3299670997828919e-01	   1.2559452824818204e-01	   7.9432718856142226e-02	  -3.4610664441791318e-02	   1.6831328300254650e-01	   1.5624307667849785e-01	   2.0676998929607626e-01	  -1.7550819922485292e-02	   3.1468461836223521e-01	   4.1163744349563169e-01	   2.8933616408237672e-01	   2.5709038137355600e-01	   4.1643585642499181e-01	   3.0712252929845657e-01	   2.4580403942486323e-01	   3.9194901151696521e-01	   2.1477945518267233e-01	   4.2952182624297308e-01	   7.6971052952810662e-02	  -1.5548642679503935e-02	   3.1697532009429502e-01	   3.9022436512879988e-01	   3.3585120389438500e-01	   3.4909411590685652e-01	   2.3248625984709392e-01	   4.2991221835630100e-01	   3.3325057969262017e-01	   4.4700591177344828e-01	   3.2323560951247859e-01	   2.9101793351680577e-01	   2.1646348487631617e-01	   9.3114406015029461e-02	   4.2960143726559194e-02	   1.0646272540516918e-01	   3.8778032651299449e-01	   4.7915430882205845e-01	   4.5184098893611918e-01	   3.1914271750743844e-01	   1.9754244731579298e-01	  -1.3177989002941304e-01	
   4.2582094928075209e-01	   3.9010516726232969e-01	   4.7564964396287690e-01	   4.1392016390532094e-01	   8.2496517251382517e-01	   8.5303087659062726e-01	   5.7767493001182557e-01	   4.4286457928252931e-01	   8.6962406720771557e-01	   0.0000000000000000e+00	   4.2003255477246459e-01	   4.3616334059963646e-01	   5.9311020869362319e-01	   5.6011215819908555e-01	   6.2035984127897370e-01	   5.4649058798405870e-01	   1.2978799264668922e-01	   2.3832521517621486e-01	   1.2290672986697167e-02	   1.4130902913873328e-01	   5.5240804757764139e-01	   5.9496729990943242e-01	   4.6188548793398221e-01	   5.4137622984406641e-01	   5.4947130156574064e-01	   6.3338816864222358e-01	   5.2795177541184035e-01	   6.2495284182892119e-01	   1.5291794811954110e-01	   1.9413102205626603e-01	   3.9905554554037020e-01	   3.1792512719141247e-01	   1.6404931987941973e-01	   2.0483899015146229e-01	   2.2438164864398474e-01	   1.5690042394667453e-01	  -2.2712005450517270e-02	  -1.0112117447571517e-01	   1.4085138977891881e-01	   7.4348812319992574e-02	   1.0508037930785209e-02	  -7.1821455763992886e-03	   3.6662612112563298e-01	   4.0849392534628959e-01	   3.6734850786318030e-01	   4.3390266186662924e-01	   3.5987561337646534e-01	   4.0029543632528708e-01	   4.7836481070019543e-01	   5.0618259632674567e-01	   5.1959578659239947e-01	   4.8521063693423561e-01	   4.4841011618146209e-01	   3.8587168639887814e-01	   2.4610730740437181e-01	   2.5242034503021676e-01	   3.4521530995220728e-01	   3.0215266455148149e-01	   4.5922972471211232e-01	   3.2956965324366178e-01	   5.3388291366317608e-01	   3.9063610944553695e-01	   2.7913371564078987e-01	   3.0251727680114404e-01	   3.6061997731705930e-01	   4.3210041159585666e-01	   4.0911658228571612e-01	   2.4863702901835796e-01	   2.5609292139707407e-01	   1.6929060657644784e-01	   3.3809271628138321e-01	   2.8380392951745415e-01	   2.1658344138588553e-01	   1.8939328750446277e-01	   2.1468475740022121e-02	  -1.0923198484035938e-01	   4.4455118147388006e-02	   1.7200503729820130e-02	  -1.3425020149523089e-02	  -1.6538616911183271e-01	   1.7229753793759753e-01	   1.3776561722678174e-01	   1.1430703083629909e-01	   9.0637919798706335e-02	   3.9480746824246427e-01	   4.8908697316227290e-01	   2.8798834644569649e-01	   3.3408422309697883e-01	   4.3668424164503072e-01	   3.4525277313421415e-01	   3.8549360013695599e-01	   4.6142000425373464e-01	   3.7209164991872234e-01	   5.2033014662721433e-01	   3.1496004254546302e-02	  -1.4628531903472106e-02	   2.7470242068712436e-01	   3.3710102487268734e-01	   3.1694635634022461e-01	   3.9925082035568626e-01	   3.6008649334384485e-01	   5.3393309673802958e-01	   4.1477601281550597e-01	   5.2900993870081436e-01	   3.3672848898410546e-01	   3.1121914781879179e-01	   1.9646259070834157e-01	   5.5034494890615737e-02	   1.3143725502555319e-02	   7.5662418768259507e-02	   3.6942503507125157e-01	   5.5511650604849316e-01	   5.3424270872429924e-01	   3.2377282419789333e-01	   1.2909438234537396e-01	  -8.4883317542449099e-02	
   7.0200046240261771e-01	   6.3981879217306126e-01	   4.3721653650233938e-01	   2.9493903523948911e-01	   4.6103024984086849e-01	   4.3618133863035347e-01	   6.9929899956018216e-01	   4.2082230746506183e-01	   3.0953996492258451e-01	   4.2003255477246459e-01	   0.0000000000000000e+00	   5.9777426016258861e-01	   7.8338392224402253e-01	   4.0307248990552175e-01	   2.0020634432274176e-01	   5.6109053186649049e-02	   5.4692776471117721e-01	   5.9450046291842906e-01	   1.3211690599721090e-01	   1.3947282042544540e-01	   4.9542244614401237e-01	   3.1510213006696852e-01	   2.9541667900157231e-01	   3.1886968762282120e-01	   5.0463653246936002e-01	   4.4804269734852264e-01	   5.7960914951721532e-01	   5.0348625527984014e-01	   1.5766821169659440e-01	   6.4566566636904341e-02	   2.5296485244683259e-01	   1.0682689604990298e-01	   2.3065943585385934e-01	   3.1256382398645732e-01	   2.8360538903524923e-01	   2.3998122205017958e-01	   9.0064384398868991e-02	  -7.6342927485654105e-02	   1.4376864312738183e-01	  -1.9129397271124747e-02	  -1.3982270328221136e-01	  -2.2930504860963252e-01	   1.5410104458577720e-01	   1.3681609871870562e-01	   7.1755844198097912e-02	   9.7261504288315925e-02	   2.1887513979647352e-01	   2.5656298057974636e-01	   4.0020723909244882e-02	   6.0406946621376890e-02	   1.8221418278081475e-01	   1.8227045772794304e-01	   3.0156836636913503e-01	   5.3980918846039860e-01	   2.3732332682545587e-01	   3.2947504532170924e-01	   6.0372088303500693e-01	   5.5536410614780385e-01	   6.9252253180374646e-02	   2.2186489136486309e-01	   3.3142696297058971e-01	   5.0563246400576412e-01	   4.8310415704466303e-01	   6.0222478689038239e-01	   1.8304397489003438e-01	   2.9543931073087920e-01	   3.5289183027703996e-01	   2.2521141001091818e-01	   3.7870354153434849e-01	   3.9577861874627340e-01	   1.9961697394805381e-01	   1.6612612723059791e-02	   1.8041739517387509e-01	   7.3232774821606868e-03	   2.6310720183779094e-03	  -7.2394332235973177e-02	   3.8282119015366722e-01	   3.3739591389249107e-01	   3.5875203474246414e-01	   2.3782270202599726e-01	   6.5239781272868602e-01	   6.4052246340158225e-01	   1.4368580119392968e-01	  -1.5536600421888719e-01	   6.6169470754266047e-01	   5.7445348228954285e-01	   2.1756712067962866e-01	  -3.2869656671403166e-02	   3.5872150276044817e-01	   3.4030831305577414e-01	   3.5218983512191632e-01	   5.6285936791982449e-01	   3.8516606358279537e-01	   4.9082951183342061e-01	   2.2549501760691315e-01	   2.4642593674549723e-01	   2.0770889529565822e-01	   2.2558652085850164e-01	   3.7237990928689801e-01	   5.4494432762054446e-01	   5.0061913318640050e-01	   5.8913144016858743e-01	   5.2927423141514807e-01	   6.1083318419742461e-01	   4.4339703698320987e-01	   4.4678988298073841e-01	   3.8558181904157818e-01	   2.0291838061845424e-01	   2.3710645767901037e-02	   9.0287149497048733e-02	   4.0211075224978597e-02	   3.5605305501020512e-01	   3.5522770042179630e-01	   3.2287170807540011e-01	   3.1905385486061355e-01	   3.9563230419587245e-02	
   5.1233384526436876e-01	   6.0590742968425426e-01	   4.8610308267779023e-01	   5.9418583671299241e-01	   4.0726016155636502e-01	   4.6674200146217826e-01	   6.1989348232708563e-01	   8.0324455607007306e-01	   2.9982713169808062e-01	   4.3616334059963646e-01	   5.9777426016258861e-01	   0.0000000000000000e+00	   7.0129132280839190e-01	   8.6207019413706754e-01	   3.1590964487016621e-01	   4.7741296292350061e-01	   3.7320399714775720e-01	   6.2918683690083799e-01	   2.5992327559283546e-01	   3.5219775715642931e-01	   5.4908134187854452e-01	   5.5195869579500279e-01	   3.9874151379375250e-01	   5.7055795386448627e-01	   3.4754419734364073e-01	   4.7302512012922016e-01	   4.0334210012166172e-01	   4.2595646618718785e-01	   4.1703986278934324e-01	   6.0723953402676634e-01	   4.5340623065958674e-01	   3.9550103939605458e-01	   8.8066711485071447e-02	   2.9084210915911884e-01	  -3.7980089448405967e-02	   4.3488387812356775e-03	  -1.2170829797331273e-01	  -1.8679237331337012e-01	   1.6357603250305977e-01	   2.3925777579725600e-02	  -2.5704948891291923e-01	   7.3347022740643864e-02	   3.3585724657676541e-01	   3.0805233173921043e-01	   3.1048894166018437e-01	   3.8819851414842982e-01	   2.6789125316870588e-01	   2.6025654731999887e-01	   3.2494399658577844e-01	   3.4530522306664369e-01	   4.7919169301237563e-01	   4.1325375007318166e-01	   4.6830992311768482e-01	   3.9224300108288213e-01	   3.5460470547614864e-01	   2.8438696510581640e-01	   5.8815891421687172e-01	   5.7228193151397933e-01	   5.4019648229259021e-01	   4.8748361993957856e-01	   6.8607615764315599e-01	   4.4483068435544426e-01	   4.8337586774553021e-01	   6.1654843336213472e-01	   1.8662704490790220e-02	   2.1167298137593427e-01	   4.8278674016403911e-01	   3.8236297565459848e-01	   4.2100346550883261e-01	   2.8408212801684313e-01	   3.7896355181702257e-01	   3.8006994139221117e-01	   3.4325836019652750e-01	   5.7074660274035849e-01	   1.8485180157797879e-02	   2.6633271871529468e-01	   2.0476985798428687e-01	   2.3829297307225095e-01	   2.0680003104976485e-01	   2.2973688439756285e-01	   4.3030849076587524e-01	   4.4362926088638377e-01	  -2.4216360434651057e-02	   3.1474463120418739e-01	   4.4777338173278353e-01	   5.3625272481513842e-01	   6.9711635406236067e-02	   2.5336617343058643e-01	   4.9013491441332874e-01	   3.5324976087933968e-01	   3.1075113486786088e-01	   2.1190886822975899e-01	   1.8800780432460501e-01	   1.4837020350258767e-01	   2.1316544439958751e-01	   1.2051355522534007e-01	   3.3838527039743282e-01	   2.3881312410132705e-01	   3.2531459510350297e-01	   3.4625916223951214e-01	   3.8017792298580810e-01	   3.0561663040271825e-01	   4.1970809232734885e-01	   2.9484444234882856e-01	   3.3414170868848170e-01	   2.4631273151668881e-01	   4.5275360918167751e-01	   3.3882439759480487e-01	   5.8575220732465655e-02	   1.1647874226765899e-01	   2.5148662233500979e-01	   2.8373787909958614e-01	   2.8493238687421374e-01	   2.6940116946299264e-01	   1.3958184165444351e-01	  -1.4521665643728329e-02	
   5.3400979341352972e-01	   5.0810103951004537e-01	   5.1340173169474035e-01	   4.8425065632095388e-01	   5.3972616452290745e-01	   5.2648945539861647e-01	   7.8221665887328395e-01	   6.6436483610011976e-01	   4.9731657631523085e-01	   5.9311020869362319e-01	   7.8338392224402253e-01	   7.0129132280839190e-01	   0.0000000000000000e+00	   6.6563401154614332e-01	   5.0662881668821280e-01	   4.1961168259471660e-01	   2.9001235029023548e-01	   4.3248010456337704e-01	  -5.3383430741601630e-03	   1.3956100904609231e-01	   5.5392510710220477e-01	   4.6946724063272471e-01	   4.2005323586682253e-01	   5.1170753765210952e-01	   4.4476090344000607e-01	   4.9166175920967314e-01	   5.3850819044107501e-01	   5.0256699399125504e-01	   3.3763949959247980e-01	   2.8082227930771514e-01	   4.5545464665628899e-01	   3.3050261316027446e-01	   1.4078141924332391e-01	   2.7309475638563191e-01	   2.6899579213536368e-01	   2.4997238971858926e-01	  -5.6328960228643560e-02	  -2.0826388348808306e-01	   1.2494466721086257e-01	  -8.0455810409415032e-02	  -1.3353075551776297e-01	  -7.2419466482031403e-02	   2.7578044620872072e-01	   2.8635207520321704e-01	   2.7277472783327961e-01	   3.4936908146063117e-01	   2.7092943163001182e-01	   3.1309082064590243e-01	   2.1736221437039110e-01	   2.4002829020234717e-01	   3.5694691907362219e-01	   3.4752254023010870e-01	   3.3149720975754926e-01	   4.4501070160537060e-01	   2.2683363770567888e-01	   2.7928458512767818e-01	   4.4948909175418400e-01	   4.2044462898560930e-01	   2.8958266908171176e-01	   3.3374417276405233e-01	   5.6971033098257751e-01	   5.6178522914534113e-01	   3.0366746132518407e-01	   4.8970274651646400e-01	   2.4672996795481872e-01	   4.4536765679756218e-01	   4.6688414608486034e-01	   3.9928359943005698e-01	   3.1776463884487993e-01	   3.8095549028367859e-01	   4.4161157710925381e-01	   3.5352653508248105e-01	   3.4557288993392782e-01	   2.8357050692639030e-01	   1.1443883539827653e-01	   8.2639791042092792e-02	   2.5830346184035380e-01	   2.6908024181686468e-01	   1.9421999912142160e-01	   1.2496209115594738e-01	   3.8740350552159275e-01	   4.1145157471415666e-01	   8.1310713763441955e-02	   5.0058906044917603e-03	   4.6272818221979473e-01	   5.4421385925801935e-01	   1.8409416794008349e-01	   9.4640409358302827e-02	   3.6673221556616431e-01	   3.6261742122975754e-01	   2.3429168171399176e-01	   3.6960450479353602e-01	   2.7657638399260626e-01	   3.6345162650719115e-01	   1.2836265714851069e-01	   2.9921151011374471e-02	   2.8346972173026097e-01	   2.0562447155889119e-01	   2.8825783899171398e-01	   3.7010588095758623e-01	   4.0149453282542713e-01	   4.9103710627738739e-01	   3.9503702807728241e-01	   4.5055768438834976e-01	   3.1172440025674419e-01	   2.5668194181253084e-01	   2.8853996558772099e-01	   1.5593293657305235e-01	  -6.3375590825167749e-02	   2.0837216811970435e-01	   2.6715385861622654e-01	   3.2823699126621175e-01	   3.1207308311971049e-01	   1.8346909256514404e-01	   9.3880432512007950e-02	  -2.1268159067611275e-01	
