   0.0000000000000000e+00	   8.8644352955941963e-01	   7.7159811644992393e-01	   5.5021551920502332e-01	   4.3202032232201859e-01	   5.3312834098580242e-01	   6.5040523783995574e-01	   6.1863486190547012e-01	   6.4014231275997946e-01	   6.0695136710972508e-01	   8.7749307967769674e-01	   7.2083788648104030e-01	   7.5049307892325934e-01	   6.4996065598279040e-01	   7.6814855767357670e-01	   7.2246016123588508e-01	   4.7118443212606842e-01	   5.1586584016820580e-01	   8.0064665622887521e-01	   7.1803818373106398e-01	   2.8368597156820730e-01	   3.6220392068112861e-01	   7.4551620890119918e-01	   6.9212820550115373e-01	   5.1333939990670130e-01	   3.9173344109932806e-01	   5.6000726572836113e-01	   6.9092845313615381e-01	   2.9699713843614051e-01	   4.3672122711493372e-01	   4.5552380439319146e-01	   4.5857440093041391e-01	   7.2702520725821296e-01	   6.2927036297602501e-01	   5.3001835070273184e-01	   4.6869769688137580e-01	   1.7987895224364497e-01	   4.5814071338063511e-01	   5.8002135038906888e-01	   5.3992697319960836e-01	   5.7003609946166400e-01	   6.9789317434392362e-01	   3.1632025189413648e-01	   3.5132022643616478e-01	   2.1918425453982404e-01	   1.7302466503782429e-01	   5.8369005678164099e-01	   5.5368417206739406e-01	   5.3081696218862162e-01	   6.2082139654770385e-01	   7.8220811673017909e-01	   6.4121418207154290e-01	   7.1678919350894965e-01	   7.2734176631944925e-01	   8.3494086437503656e-01	   8.1842758309939956e-01	   7.5456781723723121e-01	   7.6084756577939028e-01	   5.5948840877670358e-01	   1.6995428533101850e-01	   7.3955349643384527e-01	   5.1521643189528110e-01	   7.7783294550601545e-01	   2.6121418830222853e-01	   6.4847417657920925e-01	   7.0819437169010169e-01	   4.4959792534361998e-01	   1.2649919964471013e-01	   7.0673351337919788e-01	   2.7845269282972024e-01	   4.3285718250628635e-01	   4.5367706533194174e-01	   7.0546888068820157e-01	   6.6178158601841874e-01	   7.2114671922605944e-01	   6.9711138361453917e-01	   7.1414414779873447e-01	   6.2495781787338600e-01	   5.9278411620314486e-01	   5.3148349685979190e-01	   5.9459389343376290e-01	   6.6608143506565010e-01	   6.3907974667967071e-01	   7.1388355078205024e-01	   7.9140109519227497e-01	   7.2909105915396921e-01	   5.4388090132782496e-01	   6.6344310999381984e-01	   7.2054494711798833e-01	   8.1518911697216534e-01	   4.2228273152023876e-01	   3.2596104179837493e-01	   4.1656720572680561e-01	   3.1950190300270176e-01	   2.4058485047822498e-01	   2.5298004454994516e-01	   4.4492486157934585e-01	   3.3224874947571909e-01	   3.7965684526243942e-01	   4.8022218070064532e-01	   3.2175546743920347e-01	   3.3375057336433023e-01	   1.0827978907898154e-01	   4.6404753866495196e-01	   4.7342439113054313e-01	   5.4651742495506050e-01	   7.0828270921979575e-02	  -6.4015060475344993e-03	   3.9874634287859284e-01	   3.8020438719401772e-01	   3.1409009650256237e-01	   1.1423700421275908e-01	   5.6399348544375072e-01	   4.6531213054306475e-01	   4.5608281703682552e-01	   2.5806105483572334e-01	
   8.8644352955941963e-01	   0.0000000000000000e+00	   7.2838850759041884e-01	   5.5970226853738625e-01	   3.1684837458492188e-01	   4.0136364269093150e-01	   5.9765345679454973e-01	   6.1428845397142029e-01	   5.0049238751924319e-01	   5.4078082778148306e-01	   8.2085372097842990e-01	   7.7991592656859676e-01	   6.9444475668146188e-01	   7.2480117217104145e-01	   7.3127690283791813e-01	   7.6557376619356488e-01	   5.8711732929631588e-01	   6.7943537812092469e-01	   7.8824075254146664e-01	   7.6539562253582871e-01	   3.6254346105633789e-01	   4.3923328945631268e-01	   6.7971953337968460e-01	   6.3932184701929140e-01	   4.6814086199449267e-01	   4.1082962605857504e-01	   5.0737457090176252e-01	   5.8854718860609656e-01	   4.3747988260789172e-01	   6.1244838345583696e-01	   5.0705963356499351e-01	   5.3053566601000457e-01	   7.3814978563021350e-01	   7.3490667259929443e-01	   4.7580048808153108e-01	   4.5409002269226795e-01	   3.3707913277170543e-01	   6.0377952871804308e-01	   6.1786105672288172e-01	   6.4025244510245671e-01	   6.7845023250840764e-01	   7.8493094529364382e-01	   3.9550580478001257e-01	   5.1678959586019391e-01	   2.4634462896105641e-01	   2.5570114236657010e-01	   6.7088675572678602e-01	   6.1970618159353841e-01	   4.5226619609213736e-01	   5.9790171926551350e-01	   6.7000801453605052e-01	   5.1373580246316353e-01	   6.8846919555688535e-01	   6.2674160576989457e-01	   8.0601036255059388e-01	   7.6987469015187071e-01	   6.8779844515368360e-01	   8.5395304244588410e-01	   3.9935061005025163e-01	   6.2400565654125925e-02	   6.0620892836780915e-01	   4.6605728298168092e-01	   7.6303120032555882e-01	   3.7441818247246872e-01	   5.9497276181117242e-01	   5.8531864192522398e-01	   3.1966056745213273e-01	   4.3642633944852308e-02	   5.9435250899484604e-01	   2.8234153806047307e-01	   5.0341374343376610e-01	   5.3545240917005188e-01	   8.0238629002840400e-01	   7.7032991992668309e-01	   8.1337713618114460e-01	   7.9328440423038016e-01	   7.8928078267663293e-01	   7.8768603012411065e-01	   7.0059922750051196e-01	   6.9945083086546589e-01	   7.1500948635202222e-01	   7.9820014367092684e-01	   6.8925299752051772e-01	   7.7310057058050197e-01	   7.7918329656846108e-01	   7.5411602279178913e-01	   6.1156301144271830e-01	   6.9614262984750441e-01	   6.4936028382978539e-01	   7.1244172236816983e-01	   3.3329370273006931e-01	   1.3235791294840510e-01	   3.4158292400876455e-01	   1.6933301036729689e-01	   3.0636742816879747e-01	   2.8566533191821258e-01	   5.1939326182831469e-01	   2.6472193167588709e-01	   3.9825505537927086e-01	   2.9990074121396393e-01	   2.4778237927349012e-01	   1.6170019309260678e-01	   1.2496829999785347e-01	   3.0402765425990547e-01	   5.5451565236533951e-01	   5.4944192432495464e-01	  -9.9567874019060414e-03	  -1.1601584947263197e-01	   4.7333472339521521e-01	   3.9045658842079328e-01	   2.8168505793154264e-01	   9.0376117998193062e-02	   5.3195668359721227e-01	   4.6337521212611016e-01	   4.9269280011221772e-01	   3.8248448467371554e-01	
   7.7159811644992393e-01	   7.2838850759041884e-01	   0.0000000000000000e+00	   6.5196076890993537e-01	   5.1377894647788569e-01	   5.0398645625422323e-01	   8.5751498337847343e-01	   5.7972357086184356e-01	   6.4477918549222080e-01	   4.6424452560457874e-01	   7.0283759462026152e-01	   5.4258975141949328e-01	   6.4139119666087352e-01	   4.9959510761337034e-01	   7.8104057527377602e-01	   6.1677560879760396e-01	   2.1921971009018607e-01	   4.0626831151521897e-01	   7.4031546094162959e-01	   5.7440503396217801e-01	   5.0110665978495161e-01	   5.3512855273725268e-01	   9.2471996307056137e-01	   8.1014734845221881e-01	   7.3724546907720723e-01	   6.1495035533470688e-01	   7.1293498434283231e-01	   7.3643091233249858e-01	   1.0317108878288878e-01	   2.9236051529564283e-01	   6.6667096720811980e-01	   5.9825729936394823e-01	   7.5502199524386704e-01	   6.4382618917312551e-01	   6.7823620714893040e-01	   6.2281632665629028e-01	   3.4222905090134037e-01	   4.5551018471033927e-01	   6.0443328026161580e-01	   5.3730272724780992e-01	   6.0169716870374546e-01	   6.0785986170720530e-01	   3.8758639863321404e-01	   3.9304001207801109e-01	   3.3996799197865596e-01	   3.0356361063906495e-01	   4.4453136321370790e-01	   5.1587317764338037e-01	   2.8857834882862282e-01	   4.3472610070114792e-01	   5.9516910512158749e-01	   4.0138620680073833e-01	   4.2418729490764573e-01	   5.3436737145560964e-01	   5.8303892854661821e-01	   5.2810912371375374e-01	   5.6260910469292580e-01	   6.6888283157407769e-01	   4.1916333499507408e-01	   6.8023495699490261e-02	   6.3084382193090915e-01	   3.0761084474303646e-01	   6.3642154150356145e-01	   1.3138108045680599e-01	   7.8376875712182914e-01	   6.1329141705888190e-01	   4.8740786076018988e-01	   1.8585711451509981e-01	   6.1003263349753789e-01	   1.7720084849982443e-01	   6.1477130584367223e-01	   6.5424482645963344e-01	   6.1134108507499518e-01	   5.8003358342594968e-01	   6.4417430183830682e-01	   6.1864174184932852e-01	   6.2476633551988348e-01	   5.4091274268658551e-01	   3.1821446326335967e-01	   3.1661859014728416e-01	   4.4855391747159268e-01	   5.2382318168417474e-01	   7.1290723986935478e-01	   6.7052425196040855e-01	   8.0934700585469566e-01	   6.3838217145492626e-01	   7.3537294532088993e-01	   7.1160361419448159e-01	   7.4417382642299645e-01	   6.8769025246214355e-01	   4.0797829122469920e-01	   4.5696898873783653e-01	   4.7954865915194467e-01	   5.3894699263847434e-01	   3.5388318736819857e-01	   3.1811028617508486e-01	   4.3845457692366802e-01	   2.0913988183588739e-01	   2.0470272272081913e-01	   4.1765960983994199e-01	   3.1101927212386321e-01	   5.1629084624276778e-01	   1.7649184606561963e-01	   5.0244351477931692e-01	   5.5497925004022119e-01	   5.4811824718541025e-01	   1.0832766042899530e-01	   5.0258801774026775e-03	   4.4454474990696030e-01	   4.6288663047377598e-01	   1.9867250149929144e-01	   1.3320347022740459e-01	   4.0549196788739217e-01	   4.4050127365746738e-01	   4.0535606517046696e-01	   3.2658482855980286e-01	
   5.5021551920502332e-01	   5.5970226853738625e-01	   6.5196076890993537e-01	   0.0000000000000000e+00	   4.8177149203812725e-01	   5.8603229621955877e-01	   7.1188213116692822e-01	   8.7646363586051479e-01	   5.3625347596941308e-01	   6.7280633156805070e-01	   5.0242786755996205e-01	   6.7958133499009543e-01	   5.3147715096139303e-01	   6.5463364119314393e-01	   5.2983434434731658e-01	   7.0429036055792082e-01	   3.0124531053046466e-01	   4.0234190225399136e-01	   6.4683030021676791e-01	   5.8787355475585357e-01	   3.3416245888125368e-01	   3.2677422764773878e-01	   6.6611271463054056e-01	   8.4756289254678996e-01	   4.9531700989571892e-01	   5.5766373632672883e-01	   4.9892376452671133e-01	   5.9247378010398555e-01	   1.9678805772062638e-01	   3.8958435200507047e-01	   4.7084873969871222e-01	   5.4364898755036706e-01	   6.7318556139378272e-01	   6.4432654343207396e-01	   5.1142385697258308e-01	   5.9130165489765973e-01	  -5.3843568441076635e-02	   2.3460756304094343e-01	   3.1428550010259293e-01	   2.3839692743749497e-01	   2.8665172235801339e-01	   5.0181785243370003e-01	   4.6701793713538514e-01	   3.5273196822991071e-01	   5.6682216619278458e-01	   5.7098798522166039e-01	   4.7155267289075542e-01	   5.5211827575038741e-01	   6.0844500489262432e-01	   6.0256900617257259e-01	   6.7306332430355253e-01	   5.3562637066425856e-01	   5.3210409649062129e-01	   4.4667476483545487e-01	   5.3301313859870270e-01	   4.5228537271636848e-01	   5.4127859256330391e-01	   4.1804758275612031e-01	   5.5037726106628593e-01	   4.8651095406799849e-01	   5.5451431190311506e-01	   5.0091030857423280e-01	   5.9518898698285583e-01	   5.5857472508240646e-01	   4.0985604342977083e-01	   6.4795178749695403e-01	   7.2589993459509006e-01	   6.5715125276628827e-01	   4.9943884910791980e-01	   3.2191478817549890e-01	   3.3671948487257897e-01	   5.5151263083930768e-01	   2.8734604783804119e-01	   4.0539802687731180e-01	   3.0313356785793760e-01	   4.7107077553408666e-01	   2.4865004889196760e-01	   2.7660814042745036e-01	   4.2973970775078074e-01	   2.6838254532065520e-01	   5.1625781643251512e-01	   6.1921344718938376e-01	   5.6152491407941352e-01	   7.4182366988545145e-01	   6.5158916775579456e-01	   8.3755866903357856e-01	   3.3673721393756068e-01	   5.5766730050462454e-01	   6.6640187079541069e-01	   6.9153750700241323e-01	   6.6918265673727761e-01	   3.7274272930360441e-01	   6.6068806373377176e-01	   2.7865200470607049e-01	   2.0273465402711172e-01	   1.5043247123448217e-01	   2.9437579883130588e-01	   7.4219488751045323e-02	   5.3494827486583996e-01	   3.8518448423270502e-01	   6.6978170944190651e-01	   3.2561128243415655e-01	   5.7167661699663819e-01	   3.6990436150097789e-01	   5.4705672200295208e-01	   2.6434338903415955e-01	   4.8866687970696704e-01	   2.7215332852885482e-01	   3.5027445464010998e-01	   3.3517391246921169e-01	   2.1506474145274757e-01	   2.4490533607327097e-01	   4.1513530685317990e-01	   3.3984423289576227e-01	   2.2917191394573874e-01	   1.8175023610999971e-01	
   4.3202032232201859e-01	   3.1684837458492188e-01	   5.1377894647788569e-01	   4.8177149203812725e-01	   0.0000000000000000e+00	   8.1620887593115132e-01	   6.0618433501837932e-01	   4.3709172474820052e-01	   7.7595350173012201e-01	   5.0409760063795850e-01	   3.3899433440017501e-01	   2.0582216007951315e-01	   4.4033873841422722e-01	   1.7297953446676731e-01	   4.8812126986187532e-01	   3.2252432682101195e-01	  -3.9667528911933418e-02	   4.7753811590908149e-02	   4.7943760081238118e-01	   4.2004683947209648e-01	   2.8578010814065236e-01	   2.6203951739236209e-01	   4.6990614177887424e-01	   4.4667341685116890e-01	   6.0452710705955259e-01	   4.9096488497891233e-01	   6.4999919572451792e-01	   6.2778089087486544e-01	  -1.7566244644544984e-01	  -1.1762337796050013e-01	   1.2334534578671386e-01	   7.2538061309467827e-02	   3.4068190582022162e-01	   2.4676014039317412e-01	   4.9608803096986548e-01	   4.4620394796922558e-01	   4.4587576191487024e-02	   3.0172205143924359e-02	   1.6541839809369938e-01	  -3.7766134799859637e-02	   6.6010833421585882e-02	   1.7815200237326492e-01	   4.6007587982680914e-01	   1.6983253807973631e-01	   3.6890085898849168e-01	   2.6120947248868071e-01	   1.3931965909013280e-01	   4.4314597503046493e-01	   3.2163426537269235e-01	   2.4465791251485630e-01	   4.6706783205018343e-01	   3.7820791701562573e-01	   3.0978009753054714e-01	   4.8616978521753906e-01	   1.9204208465636832e-01	   2.5675126434019857e-01	   4.8813033910190251e-01	   3.5141195824602645e-01	   4.8853417350893247e-01	   4.4411370207990541e-01	   5.6634303811824493e-01	   2.5945395345669298e-01	   2.5329416588537768e-01	   1.6138641043622615e-02	   3.8299279816256032e-01	   4.1311484734074327e-01	   5.6832645139378335e-01	   4.8925185658011477e-01	   7.0458644379864177e-01	   5.3418515499268349e-01	   2.8960958311301949e-01	   2.8922903988570364e-01	   8.2639954902856610e-02	   4.5678931401693955e-02	   9.6134040749089919e-02	   8.4076060291386340e-02	   1.0335172707080834e-01	   3.8096006903886800e-02	   2.4388537909730820e-02	   1.6012770577020535e-02	   1.3964765066553886e-01	   1.1322648915386153e-01	   3.9855098696807501e-01	   3.2474041345840943e-01	   3.5526709134855422e-01	   3.3301569160991074e-01	   2.3116220699092299e-01	   1.3547250083191537e-01	   6.6928470818957053e-01	   5.6875595950664903e-01	   5.8950631696142197e-01	   7.2970769805552393e-01	   4.7398964551136447e-01	   5.7561775920733971e-01	   5.7789021764642769e-02	   9.4777893745297964e-02	   2.8977116743291884e-02	  -9.3273715172574004e-02	   3.3032397329651264e-01	   5.8600797449791042e-01	   4.3750596450795931e-01	   5.8932123616216159e-01	   3.6800362898186123e-01	   4.6302291324670020e-01	   2.1616748728079382e-01	   2.1504782632379341e-01	   4.1417602056288949e-01	   4.2441581707185050e-01	  -3.5595649374454410e-03	   2.2976744068125554e-01	   1.3563044183299999e-01	   3.7389071194931950e-01	   2.9321894049356934e-01	   2.7344705040440742e-01	   6.9704312425943830e-03	   2.8655132823833630e-02	
   5.3312834098580242e-01	   4.0136364269093150e-01	   5.0398645625422323e-01	   5.8603229621955877e-01	   8.1620887593115132e-01	   0.0000000000000000e+00	   6.2290960772409010e-01	   6.3993450165041921e-01	   8.2613839674447875e-01	   8.0060992034995948e-01	   4.7669644520641641e-01	   3.6036674324786572e-01	   5.5913432099220794e-01	   3.5801797478973119e-01	   5.1850914874440424e-01	   4.9521746012643381e-01	  -5.3472636198856754e-02	   2.0373848643452510e-02	   4.9221424537021508e-01	   3.9858163299879934e-01	   2.0143259684626491e-01	   1.9528466226637992e-01	   4.7323435319641682e-01	   5.6116865113069225e-01	   4.3048720855765554e-01	   4.4084000279618435e-01	   5.8877327338241892e-01	   6.5550363412601387e-01	  -6.9538789908929380e-02	   3.9644402671593304e-02	   1.4842985733664618e-01	   1.4200057817726772e-01	   3.1751841686766724e-01	   2.1389743547951434e-01	   3.4489726109351937e-01	   3.8704513724448120e-01	  -2.7295913639040423e-03	   1.2148945208257834e-01	   2.3684150508095447e-01	   1.0297710692848072e-01	   1.5588025860304527e-01	   3.0992762891055253e-01	   3.0990547620951181e-01	   7.5552917654486879e-02	   2.6328869783700493e-01	   1.7950674335869077e-01	   2.0443155066753538e-01	   3.8825157988177050e-01	   4.5731195337118258e-01	   4.4040696286005065e-01	   5.9888268657444277e-01	   5.6137591761821759e-01	   5.2765028366812206e-01	   6.3313069907508468e-01	   4.1523679034385147e-01	   4.6031229192865986e-01	   5.4776884628717704e-01	   3.6560176701616515e-01	   6.8600056681901966e-01	   5.8055331741782956e-01	   7.7500894182080393e-01	   5.5506089584926122e-01	   4.1033889677845131e-01	   9.5450374596782711e-02	   4.3032352448494704e-01	   6.2300718963329460e-01	   5.1534730784392679e-01	   4.2727162751590964e-01	   6.5618265081401828e-01	   5.0618057598950283e-01	   2.3562173691403385e-01	   3.8284950704945075e-01	   6.8929336247085651e-02	   8.6130297687621565e-02	   1.2795870645845026e-01	   1.6826006373391370e-01	   2.2663008046702343e-01	   1.5112687157093610e-01	   1.6201936063593439e-01	   1.0334119951095525e-01	   1.7560444547557658e-01	   2.3886975477578401e-01	   4.0249913284653405e-01	   4.9496004054705434e-01	   4.3585879210791423e-01	   5.1207867152668562e-01	   2.7923117417588883e-01	   3.3797490921535850e-01	   7.7735943653890804e-01	   7.8312247663704737e-01	   6.6244270853581633e-01	   5.7832510394339187e-01	   5.3367308004742853e-01	   3.8690928145925813e-01	  -1.7203548166607772e-02	  -3.3726168907799337e-02	   8.4923140417631271e-02	  -6.9327666544497096e-02	   4.6912385098561354e-01	   5.6654831151854879e-01	   5.4450568762403528e-01	   4.2415014407489793e-01	   3.4865616448746040e-01	   4.9492266982568744e-01	   2.4907898411331275e-01	   1.5362203812043293e-01	   4.4636389598519877e-01	   2.7574021865580539e-01	   2.2964116782520375e-02	   1.9268056955746887e-01	   8.4318480426531395e-02	   2.3158900538174415e-01	   3.1670825145647413e-01	   2.2508092894699211e-01	   8.6235103705536151e-02	  -5.8369582078543800e-02	
   6.5040523783995574e-01	   5.9765345679454973e-01	   8.5751498337847343e-01	   7.1188213116692822e-01	   6.0618433501837932e-01	   6.2290960772409010e-01	   0.0000000000000000e+00	   7.3847053947571439e-01	   7.6701235482201691e-01	   5.9924996594345203e-01	   6.7803566924747427e-01	   5.6725484086690048e-01	   7.5451547906141303e-01	   5.9862288613151493e-01	   7.4039423391359571e-01	   6.1021853225407074e-01	   2.1540222811040330e-01	   3.7608750881626762e-01	   6.2994842750034186e-01	   5.3172192280763819e-01	   4.0365881430660644e-01	   4.5651663991528557e-01	   7.4242995507669507e-01	   7.2217670342924312e-01	   5.9366765144473443e-01	   5.9532521818267825e-01	   5.5662571704263575e-01	   6.1281179400730035e-01	   2.1540353768057563e-01	   3.6197983942483697e-01	   5.8523648340129741e-01	   5.3428487200873909e-01	   7.0027994452165687e-01	   5.9069158285597478e-01	   5.2196702352289237e-01	   4.9986831681473637e-01	   1.5951488022191279e-01	   3.7220594661604889e-01	   5.2447769341455874e-01	   4.6377588900558064e-01	   5.0545120459378634e-01	   6.2063954955384637e-01	   5.3299158239740607e-01	   4.9333613304192914e-01	   5.0541918312725709e-01	   4.7842735687799726e-01	   4.9659135655419018e-01	   6.1756559855255988e-01	   4.4733334378935474e-01	   4.7755918808318909e-01	   5.8787646101529833e-01	   3.8416552360509315e-01	   3.6870233709968475e-01	   4.6081941536383064e-01	   5.2222705059861574e-01	   4.9275183416126600e-01	   4.5346343488537938e-01	   4.7158216835193850e-01	   4.6544522501537211e-01	   2.0082797838349273e-01	   6.8324930286244845e-01	   3.7513958154057658e-01	   5.8284430681229704e-01	   2.5174284937308383e-01	   6.6264328886863000e-01	   5.8305789898441396e-01	   5.8537487242282871e-01	   3.6389729931911197e-01	   5.2990237620305081e-01	   1.0621849968520253e-01	   4.9541275508567539e-01	   5.6181780379813995e-01	   4.8348624617556674e-01	   5.2731904350707193e-01	   5.2670104899494818e-01	   5.7212255503058818e-01	   5.2247489579275419e-01	   4.5035306437365386e-01	   3.2596643969179889e-01	   2.5927101650060880e-01	   4.4199234838869134e-01	   4.9078360904314233e-01	   6.5258846729482789e-01	   6.6022587239572528e-01	   6.7753556500989920e-01	   6.6022953244232974e-01	   5.0924108871425910e-01	   5.7756380936330176e-01	   7.3141753169498580e-01	   7.0357321385229865e-01	   4.5407897559032684e-01	   4.9751630131560332e-01	   4.9509959892009159e-01	   5.0623495169738963e-01	   2.8272616229351444e-01	   2.3375446103501546e-01	   4.3614231252236757e-01	   1.9092806712926033e-01	   2.6475241893937207e-01	   5.0312322633210504e-01	   4.0115413318202020e-01	   5.5569911195920740e-01	   3.1833894173748156e-01	   5.6033991358950863e-01	   5.1323477976969090e-01	   4.1955235614699937e-01	   1.6581580585232336e-01	   6.9335576387162937e-02	   4.4004577337702522e-01	   4.2856875730224880e-01	   2.7654097533291899e-01	   2.0084820732944808e-01	   4.4697541031490107e-01	   4.5371194760712991e-01	   3.4813123192271589e-01	   3.0174324002710806e-01	
   6.1863486190547012e-01	   6.1428845397142029e-01	   5.7972357086184356e-01	   8.7646363586051479e-01	   4.3709172474820052e-01	   6.3993450165041921e-01	   7.3847053947571439e-01	   0.0000000000000000e+00	   7.0192442639390895e-01	   8.5004273900929039e-01	   6.5912100392016593e-01	   7.9094518016519333e-01	   7.4864652947627719e-01	   8.0909576660921301e-01	   6.4404797842642092e-01	   7.6557918355241028e-01	   3.8021488619615906e-01	   4.7471479040515308e-01	   5.9748678324840898e-01	   6.3527141276753718e-01	   1.1610481873541870e-01	   1.4116716517825950e-01	   5.9719175749076836e-01	   7.6401583617664315e-01	   2.9205396951986951e-01	   3.7118398489465310e-01	   3.4221776094760753e-01	   4.8977988590870492e-01	   3.3427755891803385e-01	   5.1157085648222689e-01	   3.4967546808955557e-01	   4.6071521565390172e-01	   6.0104489202072520e-01	   5.7132506259824556e-01	   3.2840356699557344e-01	   4.0082873273594877e-01	  -8.9945925350723530e-02	   3.1938694982533056e-01	   3.2423665161756349e-01	   3.3894947201506964e-01	   3.9280519816650383e-01	   6.0749220032422535e-01	   4.7373435546835668e-01	   3.9243206648859175e-01	   5.1943962835443658e-01	   5.0038658192986185e-01	   5.7320220372533681e-01	   6.1217683731221906e-01	   6.9686992552820581e-01	   6.5185057944532432e-01	   7.1663792465201992e-01	   5.5104265045373091e-01	   6.1851582270763961e-01	   4.9972903756811538e-01	   6.5825936812084973e-01	   5.9963924760603105e-01	   4.5452791110730612e-01	   3.9708748676655570e-01	   5.6976388308525572e-01	   4.2753543403477257e-01	   6.7125074639281113e-01	   6.5254437321694170e-01	   6.1679457900173762e-01	   5.6325050685604283e-01	   4.2894283496148122e-01	   6.7924081631954047e-01	   5.9355830959481914e-01	   4.9095351409598315e-01	   4.8037700764014768e-01	   2.7013515042045538e-01	   2.3375456508890891e-01	   4.7732184215336515e-01	   3.6230772431722541e-01	   5.0246004169720926e-01	   4.0883016899540325e-01	   6.0017742910084237e-01	   3.6016325050380155e-01	   3.7637819958028762e-01	   5.3979826612173132e-01	   4.0005955268379861e-01	   5.6760072408322193e-01	   6.4625632438779057e-01	   5.1028468586454212e-01	   7.5869474045650542e-01	   6.4472398331411362e-01	   8.1342522486750723e-01	   2.6014493671708894e-01	   4.9081843771536532e-01	   6.8613709722298166e-01	   7.8054514738825598e-01	   6.1982109144029940e-01	   3.3481964784111817e-01	   6.4872978957157790e-01	   2.0393220296427317e-01	   1.4949930560086211e-01	   1.2477051252091606e-01	   3.3350159982099509e-01	   8.3012507584651299e-02	   5.6429329394578920e-01	   4.2863765773219120e-01	   6.5276874596376477e-01	   2.9142549321270772e-01	   5.3956567660869958e-01	   4.2818645793532806e-01	   5.6856283291839349e-01	   3.2227846716737740e-01	   4.1547342036592977e-01	   1.6162866440158172e-01	   3.9210732059761977e-01	   2.7708885344907819e-01	   3.3284901947055573e-01	   2.5623622341965097e-01	   5.5416889853272344e-01	   3.9422138553215552e-01	   3.4369278425802929e-01	   2.3267745768077108e-01	
   6.4014231275997946e-01	   5.0049238751924319e-01	   6.4477918549222080e-01	   5.3625347596941308e-01	   7.7595350173012201e-01	   8.2613839674447875e-01	   7.6701235482201691e-01	   7.0192442639390895e-01	   0.0000000000000000e+00	   7.7475140222999017e-01	   6.6756681799170214e-01	   4.9555327726648496e-01	   7.8187761004764478e-01	   5.1984035810223239e-01	   7.4452643975986743e-01	   5.8232936580575279e-01	   6.3593038497763155e-02	   1.4365752306095969e-01	   5.9814916270601381e-01	   5.2458447924096185e-01	   9.9782689327514301e-02	   1.1840048085235642e-01	   5.7829303084363493e-01	   5.6216328557104700e-01	   4.1110173053945431e-01	   3.5602998047642309e-01	   4.9554296951415938e-01	   5.8582985058697179e-01	   6.3300006356237018e-02	   1.6724012173263564e-01	   2.3059170617268201e-01	   2.0683808039535118e-01	   4.4375393980486838e-01	   2.9237688663243344e-01	   3.1627283930853867e-01	   3.0174169414710827e-01	   3.9997590392074955e-02	   2.2001212236368239e-01	   2.6864763687020254e-01	   2.1363837040039904e-01	   3.1598359066668225e-01	   4.2303859931985377e-01	   3.6532516414744304e-01	   1.8727731595859559e-01	   2.6320813887467387e-01	   1.6094061556352010e-01	   2.9606127083708678e-01	   4.8292602689893216e-01	   4.7007367759275953e-01	   4.2239148931016174e-01	   6.0247397113933621e-01	   4.9624379529638829e-01	   4.8565033696206800e-01	   6.0458237350761368e-01	   4.5919370713210500e-01	   5.0443399175453774e-01	   4.8866812509596247e-01	   4.1620459096849782e-01	   6.1514165105705310e-01	   4.0248808665514518e-01	   8.2796546930539949e-01	   5.8754582646410136e-01	   4.5507677616769171e-01	   1.4026855467764560e-01	   5.0292438328389921e-01	   5.7788120320458347e-01	   4.4574972981976951e-01	   2.8051686597469816e-01	   6.6380095869806222e-01	   3.6792580489198345e-01	   3.5580381710711606e-01	   4.4455493008761882e-01	   2.4495811775271864e-01	   2.6547455567814082e-01	   3.1298734903796588e-01	   3.7656984871483218e-01	   3.5918807046698209e-01	   2.5071511566429372e-01	   2.4005695333229055e-01	   1.4909938276804546e-01	   2.3645818228713578e-01	   2.7337353069488818e-01	   5.0683942386877379e-01	   5.2757541969326949e-01	   4.9653900918822003e-01	   4.9656532783074131e-01	   2.7376554404524389e-01	   2.9453838832337698e-01	   8.0303409427116756e-01	   8.2435410881696880e-01	   5.6689358957210567e-01	   6.0776284754297505e-01	   5.2370411444534803e-01	   4.5539490754134798e-01	  -2.3082239000811262e-02	   1.3220795733186666e-02	   1.0748174495390986e-01	  -7.3891187125003116e-02	   3.2052312533015193e-01	   5.3840481193463152e-01	   4.2114655770132625e-01	   5.3510967502478979e-01	   2.7272303393615094e-01	   5.6621475290007361e-01	   3.2076970016381989e-01	   2.7704585566587531e-01	   3.0505262023087704e-01	   1.8435936275898057e-01	   1.1135712259928836e-01	   1.9699204037372364e-01	   2.0003186402191409e-01	   2.2343582812555352e-01	   3.8117934397160780e-01	   2.9864197610544380e-01	   1.5594144427593171e-01	   1.0963121392983378e-02	
   6.0695136710972508e-01	   5.4078082778148306e-01	   4.6424452560457874e-01	   6.7280633156805070e-01	   5.0409760063795850e-01	   8.0060992034995948e-01	   5.9924996594345203e-01	   8.5004273900929039e-01	   7.7475140222999017e-01	   0.0000000000000000e+00	   6.0975041490442738e-01	   6.7014007456515368e-01	   6.6769019199585466e-01	   6.6059471408769233e-01	   5.8237971516762699e-01	   7.6135473620856953e-01	   1.5416405601800731e-01	   2.4709389436118520e-01	   5.3358183212884458e-01	   4.8558258774147306e-01	   3.3514175092318153e-02	   3.6029230596542408e-02	   4.6179720289072274e-01	   6.2402863184576873e-01	   1.4282199357088199e-01	   2.1785327940634314e-01	   3.4221976082183697e-01	   4.9264255739643870e-01	   1.7591259532876682e-01	   3.6551769283853952e-01	   1.9186750008764369e-01	   2.5724636391975214e-01	   3.7563690555126417e-01	   3.3433524002032572e-01	   2.0110785401768924e-01	   2.8189918973280542e-01	  -1.7307056444672320e-01	   1.6439097469638600e-01	   1.7302795080722477e-01	   1.7079514542748250e-01	   2.1584713825494289e-01	   4.3831751604765706e-01	   2.5016364100186167e-01	   1.2187695654150810e-01	   2.1687347417175698e-01	   1.5894669196514638e-01	   3.6387481972529112e-01	   4.4213909996805617e-01	   5.5537028504799213e-01	   5.7536654263759801e-01	   6.5394495344430004e-01	   6.1719629876452042e-01	   6.8748331023298670e-01	   6.3084976861720943e-01	   5.6441878834845105e-01	   5.5889524046036243e-01	   5.0137483923365589e-01	   4.1327062294954076e-01	   6.5209010527113143e-01	   5.7281246525380247e-01	   7.5648664914344899e-01	   7.6042758889786199e-01	   5.5900780062069477e-01	   4.2115533543217737e-01	   3.8832773051973002e-01	   6.5190212129408887e-01	   3.9129695238295281e-01	   3.2143284350503448e-01	   5.2628260847259134e-01	   3.9668767263604748e-01	   1.7010957300374213e-01	   4.2324589525695372e-01	   1.7423710148789467e-01	   2.7665429434728378e-01	   2.5164982606452935e-01	   4.0896220784915921e-01	   2.7408600889341583e-01	   2.5290244588816058e-01	   4.2068249335686059e-01	   3.0981117008887099e-01	   3.4162872586410842e-01	   4.8218166689802666e-01	   4.1280299229379303e-01	   6.8871394683355802e-01	   5.0797953555566089e-01	   6.5861103720256153e-01	   2.1650019067104681e-01	   3.9476655083302403e-01	   6.9534436020156454e-01	   8.1825707317006757e-01	   6.5617767344657563e-01	   3.1806613435925535e-01	   5.9702541861375757e-01	   1.3788401578689977e-01	   1.1915814488979186e-02	  -9.9149871561953172e-03	   1.5011700834399838e-01	  -2.5394571748262172e-02	   5.7476464696732199e-01	   3.8620123110334847e-01	   5.9241114168336018e-01	   2.1286296157814982e-01	   3.6798769200658177e-01	   3.4256867736038621e-01	   3.3028357581370815e-01	   1.3003249805175388e-01	   4.2006301295905313e-01	   1.5824754632820875e-01	   2.0712931573774357e-01	   1.5704130925870036e-01	   1.3769933586802358e-01	   1.5143997048961236e-01	   4.0243458948872596e-01	   1.7741802328105255e-01	   1.7807958063058341e-01	  -2.0239774558125357e-02	
   8.7749307967769674e-01	   8.2085372097842990e-01	   7.0283759462026152e-01	   5.0242786755996205e-01	   3.3899433440017501e-01	   4.7669644520641641e-01	   6.7803566924747427e-01	   6.5912100392016593e-01	   6.6756681799170214e-01	   6.0975041490442738e-01	   0.0000000000000000e+00	   7.8440715021790597e-01	   9.2240476655085946e-01	   7.9467776647486155e-01	   8.5482919139032310e-01	   7.7148968068533597e-01	   4.9568197073814679e-01	   5.0240706468751339e-01	   7.0270272628437236e-01	   6.3872569669080193e-01	   1.8101122059300856e-01	   2.7519625564197814e-01	   6.5528095923871921e-01	   6.2178432841814002e-01	   3.5635045058395076e-01	   3.1410156137473877e-01	   3.1839055236391478e-01	   5.3313017745324054e-01	   5.2588811800561786e-01	   6.0801056938995468e-01	   5.0036229221114681e-01	   5.3613709714695568e-01	   7.1572849061169874e-01	   6.2353685983007812e-01	   2.6404032857627291e-01	   2.3357375762316002e-01	   8.6710981614176341e-02	   4.1744390790461450e-01	   4.9214382238616228e-01	   5.1761786685823186e-01	   5.9523585267973034e-01	   7.0963857457698254e-01	   2.0161608366276737e-01	   3.4392984782797065e-01	   1.2908580694007318e-01	   1.1313004541257742e-01	   5.0551465379406646e-01	   4.6671487812025214e-01	   4.9716171802587261e-01	   6.2166478014519533e-01	   6.2935111988626291e-01	   5.1757785246537857e-01	   5.9149110616998490e-01	   5.8270303021724268e-01	   7.5651859113345499e-01	   7.0797148718500624e-01	   5.4166603004011837e-01	   6.2632841945295326e-01	   4.9816654840851449e-01	   5.8155562645064773e-02	   7.5537865226812728e-01	   5.1167107002716239e-01	   7.9896986433261730e-01	   3.1438814412215343e-01	   5.0511295164742398e-01	   5.5287610185389047e-01	   2.5490935387011954e-01	  -4.6075796036124418e-02	   4.9594707583913561e-01	   8.0983940062267834e-02	   4.6730070990749606e-01	   5.0641102992134324e-01	   7.1580372100939993e-01	   7.0658926928816324e-01	   7.7161145873189363e-01	   7.8902186309584510e-01	   7.4191785335825633e-01	   6.4422519566494663e-01	   6.6717568397380755e-01	   5.6039154161383209e-01	   6.0840269001748193e-01	   7.1632563413074524e-01	   6.8476822174546381e-01	   6.9455964700638517e-01	   6.8190086861366928e-01	   7.0122806779978353e-01	   4.1548088935697353e-01	   5.7750298095069263e-01	   6.2537096653769031e-01	   7.5454947608852763e-01	   2.8349533606592325e-01	   1.9190402726079042e-01	   3.4524000477607331e-01	   1.7631476483639386e-01	   1.7021237330275324e-01	   1.4549148522653993e-01	   3.9789248316602199e-01	   2.4573710136463089e-01	   2.5071961707759910e-01	   3.5175406014059635e-01	   2.2709445515337084e-01	   2.6846213534699503e-01	   5.9014848701486371e-02	   4.5601165624106699e-01	   4.9312284647119842e-01	   4.7060968259452030e-01	   1.5507378327185421e-03	  -1.5881391443034459e-01	   4.0361379274249043e-01	   3.1286605068754675e-01	   2.8555770608114450e-01	   6.1120612729110436e-02	   5.5392101729578969e-01	   4.5661504635673222e-01	   4.5901778184421882e-01	   2.8214697144222278e-01	
   7.2083788648104030e-01	   7.7991592656859676e-01	   5.4258975141949328e-01	   6.7958133499009543e-01	   2.0582216007951315e-01	   3.6036674324786572e-01	   5.6725484086690048e-01	   7.9094518016519333e-01	   4.9555327726648496e-01	   6.7014007456515368e-01	   7.8440715021790597e-01	   0.0000000000000000e+00	   7.1691535185845101e-01	   9.2078792399436726e-01	   6.3446794245386218e-01	   8.2703536451763826e-01	   6.4612122151487617e-01	   6.8459828411529688e-01	   7.1728051997529518e-01	   7.0352203033309202e-01	   1.2795800471341442e-01	   1.9131019599647658e-01	   5.3057136821439888e-01	   6.2330023209399044e-01	   1.6587762622243157e-01	   1.7140688300316198e-01	   1.9277239170625399e-01	   3.5685493136974122e-01	   6.0458427805504056e-01	   7.7269010680417061e-01	   4.4563209682252303e-01	   5.6906720853407389e-01	   6.8367512711026612e-01	   6.7561835993265928e-01	   2.1851839717592664e-01	   2.6228586147414307e-01	  -3.0605229000484513e-02	   4.1941362159891782e-01	   3.7290269940467019e-01	   4.5578468555138718e-01	   5.0440956985864216e-01	   6.7456056808913922e-01	   2.6148925630940378e-01	   3.4031787476839287e-01	   2.5055843249024401e-01	   2.7585531229943194e-01	   5.4659333274680377e-01	   4.8630736134692620e-01	   5.1202167181652758e-01	   5.9917927205906363e-01	   5.7253021321152897e-01	   4.5192743651928879e-01	   6.1533351729887453e-01	   4.5310652733732004e-01	   7.0600582439469983e-01	   6.4995502313101949e-01	   5.0424134670181564e-01	   5.5489260974112242e-01	   4.1537456098112069e-01	   2.0606668664492905e-01	   5.7448163813623176e-01	   6.1629117641499565e-01	   8.2658873580637549e-01	   7.4935414985104587e-01	   3.6268927220994507e-01	   5.4820177952457905e-01	   3.1790360918945038e-01	   1.3544052851684307e-01	   3.5269823615290363e-01	   3.0947091523520355e-02	   3.2817327824446901e-01	   4.3682839299685799e-01	   6.3682982052488790e-01	   7.2717450094438085e-01	   6.5634358828690509e-01	   8.1180786557446305e-01	   5.6857760115329425e-01	   5.9400769952275301e-01	   7.5423135415119169e-01	   6.4256570109162436e-01	   7.0526169381194537e-01	   8.0835568766265331e-01	   6.1883173488822740e-01	   7.3648398056294084e-01	   6.6954828976839731e-01	   8.1199714911260812e-01	   3.6503095354977477e-01	   5.5054112707157443e-01	   5.2987857082129353e-01	   6.8417807076540360e-01	   3.6031067798134775e-01	   4.0091187742313614e-02	   3.8422267131607002e-01	  -4.3348400605379186e-02	   1.1210374536935697e-01	   9.1538880663010663e-02	   3.2100234072604256e-01	   1.7741530252747714e-01	   3.8823857811905782e-01	   1.8811457879194718e-01	   3.4349441806753961e-01	   3.2186856004401569e-02	   2.6206612651465483e-01	   2.2315151278586726e-01	   5.2708459828010190e-01	   3.7282768495478180e-01	   1.0923917066302191e-01	  -1.2028806062772074e-01	   4.1032453316392481e-01	   2.1499705191225688e-01	   2.3226497987856523e-01	   3.3301248297708919e-02	   4.7782782257458700e-01	   3.5190191492891115e-01	   3.8887937597255973e-01	   2.4362412659518862e-01	
   7.5049307892325934e-01	   6.9444475668146188e-01	   6.4139119666087352e-01	   5.3147715096139303e-01	   4.4033873841422722e-01	   5.5913432099220794e-01	   7.5451547906141303e-01	   7.4864652947627719e-01	   7.8187761004764478e-01	   6.6769019199585466e-01	   9.2240476655085946e-01	   7.1691535185845101e-01	   0.0000000000000000e+00	   8.0535980713175470e-01	   8.5819429903115241e-01	   7.3824547000037022e-01	   4.3287428363804964e-01	   4.4882460232683447e-01	   5.9873239620639618e-01	   5.8665701131409731e-01	   1.2789547015662503e-01	   1.9734168382858103e-01	   5.7556596837612573e-01	   5.8325963454128715e-01	   2.9678955275452479e-01	   3.0861365281812742e-01	   2.7339137510827899e-01	   4.7626487761346203e-01	   4.9708864259715563e-01	   5.6920618496446784e-01	   3.9797808109194122e-01	   4.4716974193810033e-01	   6.2080650806184745e-01	   5.3512386650969990e-01	   2.1293472465322760e-01	   1.9098003972994748e-01	   5.4063784057565997e-02	   3.7605995589680619e-01	   4.5031468663934970e-01	   4.5875408063305856e-01	   5.1159717424021056e-01	   6.5447350942163696e-01	   3.2355144587438156e-01	   4.0426536483055520e-01	   2.5740661725263647e-01	   2.2006760450358182e-01	   5.0129082970463246e-01	   5.4210671644390207e-01	   5.6358651038852248e-01	   5.7263812585291185e-01	   6.2071168544575117e-01	   4.8541723590592312e-01	   4.7582021420985404e-01	   4.9328327987903814e-01	   6.7307167759858366e-01	   6.1202594112964914e-01	   4.3188558170368063e-01	   4.8768738186327176e-01	   4.9292456397663925e-01	   1.2429270013101534e-01	   7.7311740833323772e-01	   5.5267429224336106e-01	   6.5314035485157484e-01	   3.1101714557264704e-01	   4.6518959290603024e-01	   5.4417986616564584e-01	   3.1020433952241017e-01	   6.9613500365009143e-02	   4.4024583110619597e-01	   7.4609239173044559e-02	   3.9020996893490967e-01	   4.8055559825299199e-01	   5.7268156836946571e-01	   5.9510610636985106e-01	   6.2252396799842113e-01	   6.8634819099629230e-01	   6.4061188679433900e-01	   5.4871275929195584e-01	   5.8578813441304511e-01	   4.8071828248775050e-01	   5.3668001024217937e-01	   6.2906569426688907e-01	   6.0398254943200524e-01	   6.3958401565484047e-01	   5.9521739393420159e-01	   6.5364091183376472e-01	   2.5206273349414898e-01	   4.2601333992126700e-01	   6.4410743609460830e-01	   7.4835573742631178e-01	   3.2938429648014622e-01	   2.7426528584104048e-01	   3.9267849145817280e-01	   2.2115724180915336e-01	   1.5085199772378946e-01	   1.2817326276123112e-01	   3.9252962110272099e-01	   1.8901394237253052e-01	   2.4305908759047395e-01	   3.9589613735959567e-01	   2.9020670578322039e-01	   3.4259025330448006e-01	   1.8017151060744538e-01	   4.9694832898906244e-01	   4.8760461909468200e-01	   4.2147679856235032e-01	   1.0074647920216442e-01	  -4.9245377363709833e-02	   3.9215473336072715e-01	   3.0318604527986792e-01	   3.2013007142333677e-01	   1.2494108853080269e-01	   5.3372169103256062e-01	   4.4899009313793992e-01	   4.0184962391941503e-01	   2.8882014962485247e-01	
