   0.0000000000000000e+00	   9.0392472352179942e-01	   7.1785713536334939e-01	   6.9596926922396896e-01	   4.7179094978591085e-01	   5.2931701041487911e-01	   7.5758799894534712e-01	   6.6031451992775025e-01	   6.2941464940646541e-01	   5.6348532974343901e-01	   8.9523786155688634e-01	   8.1778026685799876e-01	   8.4409454445625332e-01	   8.0917861172493954e-01	   7.1270834288405616e-01	   6.6017371476555176e-01	   8.7780079649598231e-01	   8.6570430392283149e-01	   8.0445104151098445e-01	   7.7040300501936043e-01	   5.0635410609627385e-01	   4.8252819506043931e-01	   4.9811001822589918e-01	   4.2896799624190257e-01	   4.3777230798328981e-01	   4.2567059467035595e-01	   4.5022356224868881e-01	   4.2134912220171306e-01	   7.5837320525560759e-01	   8.0366910416431625e-01	   5.1426662754312003e-01	   4.0999026197899735e-01	   7.7373280479542061e-01	   7.9331615984303172e-01	   3.9178276069044549e-01	   4.7541505292287473e-01	   6.0158284553436314e-01	   7.1129437658756989e-01	   7.3043964258330052e-01	   7.6832050531267448e-01	   8.2992170149696753e-01	   8.4228565525605248e-01	   5.3833733358124403e-01	   4.9197379079642189e-01	   1.3397859776079826e-01	   1.8255746429527661e-01	   6.9054495333215049e-01	   7.2429986271746993e-01	   4.4326975395344759e-01	   4.7722415685994535e-01	   6.2382188735611344e-01	   3.5426477364968634e-01	   6.2236729001140234e-01	   6.5882151774196007e-01	   7.4868858575092978e-01	   7.8560174948214923e-01	   9.4027581975189700e-01	   8.7851716588070028e-01	   6.8503431636242107e-01	   7.2981803245372956e-01	   8.3615859369435896e-01	   7.6854948813110169e-01	   6.9795569748969788e-01	   7.7166511932781878e-01	   5.8835759760921102e-01	   6.8603036554294294e-01	   5.3441914320775652e-01	   5.5289439358216175e-01	   7.4067134253752465e-01	   5.8220928744247846e-01	   5.5882542333838836e-01	   5.5071897362799505e-01	   8.5611020698588525e-01	   8.8779376738825511e-01	   8.1311427553345816e-01	   8.6428337815756784e-01	   7.6013341193570139e-01	   7.6482127570629543e-01	   8.6975117990498885e-01	   8.6550637221301674e-01	   8.9701461884198985e-01	   8.7490986700973827e-01	   7.7328106787323736e-01	   7.7608832214102619e-01	   8.0205942030047916e-01	   7.4270210397049241e-01	   5.1519735496055552e-01	   6.4328428477328625e-01	   7.4644143893325432e-01	   8.0989803467372323e-01	   4.8569059602613263e-01	   3.5547019516599709e-01	   3.7498174091292191e-01	   2.5993794474496579e-01	   3.8544424737037392e-01	   3.4444418511509611e-01	   7.2769526104126880e-01	   7.8992715432976646e-01	   6.3509131243077477e-01	   7.1180703337659923e-01	   3.5837542748149964e-01	   3.7206407193384855e-01	   4.8419129912580472e-01	   3.9293023817747175e-01	   5.0223032352103847e-01	   4.6214663032574899e-01	   4.9783666834584372e-01	   2.5017374541083204e-01	   1.6229583118765278e-01	   6.4021351880477328e-01	   6.3438427823190335e-01	   6.9004244513752977e-01	   4.7850156610175809e-01	   6.8599806037194777e-01	   6.5150545840339913e-01	  -1.9878324795952113e-01	
   9.0392472352179942e-01	   0.0000000000000000e+00	   6.9560150284717115e-01	   6.8828044042855607e-01	   4.5702668025373694e-01	   5.0350573417949118e-01	   7.1483993422746561e-01	   6.4161405526833470e-01	   5.7150161588050985e-01	   5.5597290830027024e-01	   8.0886632325674834e-01	   7.5581980613593480e-01	   7.8557143456560641e-01	   7.5857953694982405e-01	   6.7380828989831776e-01	   6.3412771316331962e-01	   8.1722548689632413e-01	   8.2941615420647918e-01	   7.4921258143143676e-01	   7.2367424416049642e-01	   4.9735671948804988e-01	   4.5838561940736466e-01	   5.0182719762854178e-01	   4.1860125723606739e-01	   4.3747803665800644e-01	   4.2430331657603060e-01	   4.1497849493547939e-01	   3.5961226862548540e-01	   7.5464410211294353e-01	   7.9771118029666654e-01	   5.6684673917166362e-01	   4.6779233445293866e-01	   7.9336661463346736e-01	   8.3019283192815307e-01	   4.4216742270851989e-01	   5.3307273146326839e-01	   6.1427742164715549e-01	   7.4648448392589772e-01	   6.8382084644461028e-01	   7.4304003216825731e-01	   7.7326068546816162e-01	   8.0947602391039442e-01	   5.1278566148349036e-01	   4.7949284723049840e-01	   1.0071699034413070e-01	   1.5429732060515111e-01	   6.5936064170825093e-01	   6.5953359702742642e-01	   2.9760813680235088e-01	   4.1108703035448668e-01	   5.2515865799231454e-01	   3.0015034982023969e-01	   5.0658713578060499e-01	   5.4238556223657675e-01	   6.9522375744692610e-01	   7.2640177537259598e-01	   8.8871487913990910e-01	   8.9889127933372870e-01	   5.9750880499415304e-01	   6.1396126276453933e-01	   7.9517212250367786e-01	   7.3955595554019793e-01	   6.6222103868251325e-01	   7.2444848182779564e-01	   5.9663088901570793e-01	   6.5979972600570380e-01	   5.0993103504407766e-01	   5.3868281109963201e-01	   6.6895937808555272e-01	   4.9710298925863294e-01	   5.9210160897381936e-01	   5.3708793352572637e-01	   8.2064607475368290e-01	   8.6084848781791967e-01	   8.1278037141971449e-01	   8.6184679500362282e-01	   7.6835320176179078e-01	   7.8879236892745419e-01	   8.3427908589399613e-01	   8.5029151100685540e-01	   8.7880400677325476e-01	   8.3604763954222427e-01	   7.2553138725268562e-01	   7.4719374694890073e-01	   7.6561295344480940e-01	   6.8532621396494253e-01	   4.7532381204426805e-01	   6.2726239093358926e-01	   6.7479523928802765e-01	   7.0703685122650650e-01	   4.6436705117301907e-01	   3.3361943045289022e-01	   3.9303951034552231e-01	   3.3167062826669685e-01	   3.1691609372465984e-01	   3.3823542123745587e-01	   7.0265291620531012e-01	   7.8967412251616398e-01	   6.0878181192824399e-01	   6.7220042005764058e-01	   3.7250058295511079e-01	   3.9907155286037915e-01	   4.4681761240242029e-01	   3.6636377707247569e-01	   4.5139558679614533e-01	   3.9909256015430594e-01	   4.8338765451751176e-01	   2.8414720211491273e-01	   6.6898416671275246e-02	   6.1334649173983813e-01	   6.4443858733167714e-01	   6.4490119666202728e-01	   4.4426311038492933e-01	   6.1251750057969756e-01	   5.6040988269732006e-01	  -3.0148847946409385e-01	
   7.1785713536334939e-01	   6.9560150284717115e-01	   0.0000000000000000e+00	   9.1217868959979675e-01	   7.7125691341971148e-01	   7.1186552022155036e-01	   9.5528113034828588e-01	   8.1198816872312540e-01	   8.4009353300596556e-01	   6.7745156834576170e-01	   7.3078672412749635e-01	   6.8126905831020212e-01	   8.0715981280869875e-01	   8.0368921446078900e-01	   8.5870450416535404e-01	   7.8962227960157627e-01	   7.0120457927863467e-01	   7.2995219952567525e-01	   8.0415072682977384e-01	   7.5312269779441832e-01	   7.3310338025460964e-01	   7.2388755942761995e-01	   8.4448543331495696e-01	   7.6021249685650749e-01	   8.0191638754328953e-01	   7.5916000278586671e-01	   7.2267599212786504e-01	   6.9300853985664101e-01	   6.1291443353212161e-01	   6.4738072030576355e-01	   7.7403647574056922e-01	   6.8324253476324404e-01	   8.1758303893677953e-01	   8.3029275586925566e-01	   7.7650286864370832e-01	   7.7760024961759322e-01	   5.8528365119014580e-01	   7.1959640883611864e-01	   7.7268142097321246e-01	   7.3677129390335394e-01	   6.6248832932571722e-01	   7.0799632398056200e-01	   5.1214646311555656e-01	   3.1075765326130156e-01	   1.6711204993472367e-01	  -1.3849312405436520e-02	   6.2997821904297280e-01	   6.2422811309990478e-01	   2.2534611527414472e-01	   2.9560724812391004e-01	   5.7659024124055813e-01	   2.1334725257597398e-01	   6.1753481397526200e-01	   6.8854763473358260e-01	   7.0556493787098518e-01	   6.9637057937695090e-01	   7.4894817224887211e-01	   7.6187929391613929e-01	   5.8849222809589530e-01	   6.2235867931903566e-01	   7.8621297122543832e-01	   5.8223894157150813e-01	   5.8238497180979643e-01	   5.8141525560451524e-01	   7.8733412327055030e-01	   7.3627332133380596e-01	   7.1131913122918178e-01	   6.1094209839756408e-01	   8.0186407406886018e-01	   7.3009923243209207e-01	   7.3241900553901407e-01	   6.7412528933188509e-01	   6.8657726710752676e-01	   7.0883174595013654e-01	   6.6131440472721659e-01	   6.6818540232346746e-01	   7.5167463369903564e-01	   7.6702362062140805e-01	   7.8906465966255257e-01	   7.8415096698685405e-01	   7.5833227100119238e-01	   8.0107363861050507e-01	   8.1859399503915276e-01	   6.8373217883862403e-01	   8.2687100472341235e-01	   7.0177049823727256e-01	   6.6927346438435875e-01	   7.6681676871858073e-01	   7.9455684302445384e-01	   7.8914601289898711e-01	   6.1741285257664957e-01	   5.2181187677530172e-01	   5.2407547257978382e-01	   4.7455330950675056e-01	   6.3678690835833218e-01	   4.8573025497114003e-01	   7.3486833600337231e-01	   6.5326126224720726e-01	   5.5035049620893184e-01	   6.2591820777016016e-01	   3.6238950442122198e-01	   5.3875435294940843e-01	   4.6817717931628372e-01	   4.8078111062232087e-01	   5.9646077027248445e-01	   5.2405426733813620e-01	   3.5070915635944100e-01	   2.6051933948067624e-01	  -2.3426516070495659e-02	   6.5193772632731584e-01	   6.4411641601157443e-01	   5.8739069554208623e-01	   3.9776991022046682e-01	   4.8334741436932938e-01	   5.6230499505692189e-01	  -2.1146967596537880e-01	
   6.9596926922396896e-01	   6.8828044042855607e-01	   9.1217868959979675e-01	   0.0000000000000000e+00	   7.5039340325624226e-01	   7.3147264220575869e-01	   8.7730129651680677e-01	   8.8977738412857410e-01	   8.0390497633176694e-01	   7.2837960630470910e-01	   7.2816616865787132e-01	   7.1969599412844087e-01	   7.5820224433606076e-01	   8.6456515553494451e-01	   8.0879397802303987e-01	   7.9278764633656817e-01	   7.0755021685477160e-01	   7.4908035507092041e-01	   7.8270212863353450e-01	   8.0430164570879970e-01	   7.1476618635951295e-01	   7.0722391129177897e-01	   8.0890622057626382e-01	   7.9764855429643533e-01	   7.3526085597827850e-01	   7.1985695337135558e-01	   6.9644737604180484e-01	   6.9000501609726894e-01	   5.8530935424780206e-01	   6.7001911432908745e-01	   7.0204844895261698e-01	   6.8076030092144468e-01	   7.7213625726726287e-01	   8.1238804065267378e-01	   6.7788257710888045e-01	   7.2860140534622764e-01	   4.8938429298647623e-01	   6.7270581362384529e-01	   7.1683402169965560e-01	   7.0183829000433484e-01	   6.2762842153971199e-01	   6.9512501878715871e-01	   4.0728137280762633e-01	   2.3508463050180572e-01	   2.7108750501860911e-02	  -1.2208738515968795e-01	   5.8884963829357428e-01	   5.9314063832094677e-01	   2.2130318384149272e-01	   2.4806680980733220e-01	   6.0042170737817746e-01	   1.1495077802167813e-01	   6.3794388112811662e-01	   6.7374824238373021e-01	   7.0919896950089822e-01	   6.9843047492004884e-01	   7.5439585746770921e-01	   7.6575612764440737e-01	   6.2078299198019304e-01	   6.9262613569626919e-01	   7.7517916392499209e-01	   6.7978940347790739e-01	   6.5110692074833021e-01	   6.4681016568487770e-01	   7.3435663052702982e-01	   7.7855140449074467e-01	   7.1536123906422355e-01	   6.0814862487065846e-01	   8.0177615453780227e-01	   7.2578274107816654e-01	   6.4705982175028687e-01	   6.4742833430146707e-01	   6.4320686321188614e-01	   7.0520606947474518e-01	   6.0974260225407828e-01	   6.3846012127941165e-01	   7.0395499398307659e-01	   7.6903295111883763e-01	   7.7700925769535378e-01	   7.7312193241846749e-01	   7.5971258214714465e-01	   7.8797530027774321e-01	   7.5532366502552839e-01	   7.2573943117976691e-01	   7.9886143507271201e-01	   7.0429431417682353e-01	   6.0130663331130574e-01	   7.6891237591041239e-01	   7.9257593922850533e-01	   7.9772625478158166e-01	   6.7560612592100255e-01	   5.0866870560294619e-01	   6.1617631482151691e-01	   4.6038626646553160e-01	   6.8359520642748395e-01	   5.8360060650186885e-01	   7.3806162443331802e-01	   6.5966029422838035e-01	   5.7585968172683422e-01	   6.2440868170166175e-01	   4.5923492849590919e-01	   5.4040414458430719e-01	   4.7155136488060345e-01	   5.0071782150261723e-01	   5.7419216002516904e-01	   4.8833742223930782e-01	   3.7937696105374824e-01	   2.7409674245670035e-01	   1.0701496347336936e-01	   7.2161165626745993e-01	   6.1884279616456606e-01	   5.8637868274239424e-01	   4.1241888780787017e-01	   4.6099586203230125e-01	   4.9548757862901571e-01	  -2.4587187587524478e-01	
   4.7179094978591085e-01	   4.5702668025373694e-01	   7.7125691341971148e-01	   7.5039340325624226e-01	   0.0000000000000000e+00	   9.4539662878788699e-01	   7.8917990471911403e-01	   6.9420817456651729e-01	   8.9464816507267308e-01	   8.4513758972361619e-01	   4.2756095641547737e-01	   4.6842869586391778e-01	   5.0399437305202088e-01	   6.1416379307436308e-01	   5.8530566544734142e-01	   6.8638640390724648e-01	   4.6647065345821492e-01	   5.0370342661296585e-01	   6.2936666170874522e-01	   6.1514546193591690e-01	   8.7852857651139216e-01	   8.7346782254080946e-01	   6.1034576258854878e-01	   5.7098013411726245e-01	   8.4989540046936751e-01	   8.9486951990339147e-01	   9.3720835833913374e-01	   9.1579655138152560e-01	   2.6989144484020494e-01	   3.7030578460641606e-01	   5.3518151037243744e-01	   4.4704957373628607e-01	   6.1769805912499698e-01	   6.7222790037915592e-01	   7.2672647830531645e-01	   7.2098098584579051e-01	   2.3961193997956340e-01	   4.3506689504941171e-01	   5.0621900193201197e-01	   4.7667332431412823e-01	   2.5140905795918955e-01	   3.5128075239420165e-01	   3.9078264647460659e-01	   1.8812908833975595e-01	   2.9725756347577470e-01	   4.0805746106392704e-02	   4.6095441634942780e-01	   5.0241731588786331e-01	   2.5964934966739917e-01	   3.9414410826222768e-01	   5.1123416595355398e-01	   2.9938611850348290e-01	   6.0947978545604165e-01	   5.9718210128668225e-01	   5.3956659582464783e-01	   5.5786603789032485e-01	   5.8017007828300282e-01	   6.0508879630765899e-01	   6.2006832408456847e-01	   6.5387247863226405e-01	   6.3463551776809457e-01	   4.7878651196074279e-01	   3.6125279993282378e-01	   3.5653399881119252e-01	   6.3863852066691207e-01	   6.2382238879203955e-01	   7.6982849157031197e-01	   6.5651242947341126e-01	   6.9395454326737260e-01	   6.5073801395458886e-01	   5.9730353292349481e-01	   8.0483526339822609e-01	   3.0379123993125567e-01	   3.6846168104950866e-01	   2.2696863189122143e-01	   2.8424855672812172e-01	   5.0180048651374776e-01	   5.3756424332792208e-01	   5.7522525683015635e-01	   5.1972519751963975e-01	   5.2131645819674954e-01	   5.8519452352904100e-01	   5.4356136648338405e-01	   5.2663511966450849e-01	   5.8837698422513551e-01	   4.8000144736935679e-01	   5.5485750190096172e-01	   7.0274507305408473e-01	   6.5411966555431955e-01	   6.9032776300389931e-01	   7.0810717136755352e-01	   6.9639469115622687e-01	   6.5424643819800421e-01	   5.8857536443877634e-01	   5.8504808008900644e-01	   4.9068622975023402e-01	   6.4151657186047073e-01	   5.6684111477932009e-01	   5.5029321772339324e-01	   6.2270644649817253e-01	   5.1771660080561599e-01	   6.6187702465848841e-01	   6.7366485092183015e-01	   7.2156058610269791e-01	   7.8022251880470850e-01	   7.5034898161949704e-01	   3.9255761353086732e-01	   4.6617690894861474e-01	   1.1878641534870132e-01	   5.7408688128966279e-01	   5.4107815449112051e-01	   5.9084880586253896e-01	   5.1702506993755604e-01	   4.6860200423937337e-01	   5.5483538976696034e-01	   8.1741057481809154e-02	
   5.2931701041487911e-01	   5.0350573417949118e-01	   7.1186552022155036e-01	   7.3147264220575869e-01	   9.4539662878788699e-01	   0.0000000000000000e+00	   7.4205645979002544e-01	   7.0360044154521562e-01	   8.5784640102100029e-01	   9.1393952150183422e-01	   4.7006000452253716e-01	   5.1691456875098529e-01	   5.1574661150321610e-01	   6.7125747628119670e-01	   5.6871971564750134e-01	   7.0465174084604421e-01	   5.1823237321784510e-01	   5.6260221819150347e-01	   6.2366708115523606e-01	   6.1383052564559415e-01	   8.3471323129444441e-01	   8.2760904772571009e-01	   5.7074549702588184e-01	   5.3822884452903397e-01	   8.0696341271619942e-01	   8.6320187835938644e-01	   9.2024519678189953e-01	   9.0872612152226839e-01	   3.2776081278539154e-01	   4.5368244372673333e-01	   5.1197549268457831e-01	   4.2991458581853553e-01	   5.9239404897464931e-01	   6.5279700153238895e-01	   6.2338660702970006e-01	   6.2621236413590664e-01	   2.3722037596128129e-01	   4.3973208397895325e-01	   5.0284477880170575e-01	   5.0921997253027595e-01	   2.6370617662287282e-01	   3.8827814023803925e-01	   3.5399403906552296e-01	   1.5318039308404258e-01	   2.2559573154027501e-01	   1.3760126574045666e-02	   4.5079446478040663e-01	   4.9440515322239287e-01	   2.6919134408730133e-01	   3.5525266475264206e-01	   4.9122853493971852e-01	   2.1968862393213501e-01	   5.7518912763668872e-01	   5.7302017871940603e-01	   5.0981045657541424e-01	   5.6614565506142145e-01	   5.9740196992831152e-01	   6.0001459965294668e-01	   6.3495849206460864e-01	   6.9430858061930301e-01	   6.1685483932145202e-01	   5.1355319481626904e-01	   3.7377003128116093e-01	   3.7789176560773585e-01	   5.9569949633667985e-01	   6.1850463477512396e-01	   7.1407267595755752e-01	   6.0384962589705005e-01	   6.6215943698499968e-01	   6.0493337197669961e-01	   5.4750492003130002e-01	   7.6412077499615849e-01	   3.2979677277200981e-01	   4.2303326887969578e-01	   2.7211322341077115e-01	   3.4126005125483438e-01	   4.6701268024569664e-01	   5.1720921374710493e-01	   6.0072916911559460e-01	   5.6995105432831694e-01	   5.6980872194542376e-01	   6.2425253988761897e-01	   5.1659768945684537e-01	   5.7358113885664685e-01	   5.7854617178829781e-01	   4.7872740359411525e-01	   5.1357942386499122e-01	   6.9017123688947768e-01	   5.6740637660748139e-01	   6.5306330850412286e-01	   6.3187490653926204e-01	   5.9713549592663984e-01	   6.1466818603023743e-01	   4.8999929230192407e-01	   5.5009608353689099e-01	   5.0551208112238544e-01	   6.3631789411863471e-01	   6.0870693557852040e-01	   5.2870244387266641e-01	   6.0100299568479343e-01	   4.7032060302699080e-01	   5.5260574549434061e-01	   6.1416625424722981e-01	   6.4151319408762975e-01	   7.3341132117101160e-01	   7.5035063024773341e-01	   3.4613916537732875e-01	   3.5926707983256867e-01	   1.9153826192945883e-01	   6.1459713780098846e-01	   5.1821268469404824e-01	   5.8693315098182852e-01	   5.1639476729911682e-01	   4.9208099122203630e-01	   5.6430568498266342e-01	   1.0790345040144692e-01	
   7.5758799894534712e-01	   7.1483993422746561e-01	   9.5528113034828588e-01	   8.7730129651680677e-01	   7.8917990471911403e-01	   7.4205645979002544e-01	   0.0000000000000000e+00	   8.4979832048355142e-01	   8.9703764255336216e-01	   7.5274627927817006e-01	   7.7713409786943544e-01	   7.2058776597635810e-01	   8.6617614929552511e-01	   8.4714990789242384e-01	   8.3403280114305756e-01	   7.7723378196364368e-01	   7.0674385438546139e-01	   7.1036841096925030e-01	   7.6752698230441774e-01	   6.9962185449070102e-01	   7.0399339237607528e-01	   7.0210848702492301e-01	   7.5813252810607779e-01	   6.6225311071770410e-01	   7.4363072010363229e-01	   7.1538749118025347e-01	   7.2037004935189897e-01	   6.9013400093268173e-01	   5.9625783116620368e-01	   6.3890957374877877e-01	   6.5695934143050660e-01	   5.4527218079033557e-01	   7.5258203428876191e-01	   7.9121887668523694e-01	   6.5450422514666873e-01	   6.6496400202519501e-01	   5.1255695376321753e-01	   6.5518322021800213e-01	   7.1811961074627195e-01	   7.1053400871468009e-01	   6.6195665796766134e-01	   6.7990888208246170e-01	   4.3459805002020413e-01	   2.8524292459084022e-01	   1.4607190735163739e-01	   1.4663998471527256e-02	   5.7120026616419950e-01	   6.0114278026894530e-01	   2.5893631811985718e-01	   3.4012134886074952e-01	   5.7323343465341037e-01	   2.4312828536826248e-01	   6.4621146670616603e-01	   6.9756824585647292e-01	   6.7681016658583193e-01	   6.8975333020424512e-01	   7.7839452871854897e-01	   7.7143374892287186e-01	   6.4262046476447776e-01	   7.2538964325180277e-01	   8.4805999880232574e-01	   7.1036019021436925e-01	   5.7983095243611960e-01	   6.0460619784682224e-01	   8.1493952023753469e-01	   8.0370336218497407e-01	   6.7011417222966241e-01	   5.8860745935394343e-01	   7.5640525130319836e-01	   6.8679991070500290e-01	   7.0018111899503643e-01	   6.8005597604092083e-01	   6.9062051136932001e-01	   7.1635247992583273e-01	   6.6647253346882485e-01	   6.8050100779498124e-01	   6.8652706241196926e-01	   7.1640998904293607e-01	   8.0259974188123429e-01	   7.6572727421257625e-01	   7.5693931136343018e-01	   7.9522763246966965e-01	   7.7737092063086566e-01	   6.8669984598656597e-01	   8.0647179560180726e-01	   7.2085667091410510e-01	   6.1504045798532658e-01	   7.2397720849226743e-01	   7.7939916789136054e-01	   8.0338133759974761e-01	   5.7434596846040153e-01	   5.2516060730384395e-01	   5.1790363488624724e-01	   4.3837512969110648e-01	   5.5307781209428919e-01	   4.1170197960189847e-01	   6.9332465527520859e-01	   6.6653863080961728e-01	   5.1943270031657196e-01	   6.2950788411478431e-01	   3.6441141381679926e-01	   5.3974137511797560e-01	   4.7093808063861903e-01	   4.8729023675274125e-01	   6.0373281964549308e-01	   5.5046970182749444e-01	   3.9203805251120044e-01	   2.7388810193111213e-01	   4.2666466465874221e-02	   6.5657206701993232e-01	   5.6997183235428717e-01	   5.8465042320146110e-01	   4.4068466616035407e-01	   5.2358139095290923e-01	   5.7832101773573319e-01	  -1.3343704758830499e-01	
   6.6031451992775025e-01	   6.4161405526833470e-01	   8.1198816872312540e-01	   8.8977738412857410e-01	   6.9420817456651729e-01	   7.0360044154521562e-01	   8.4979832048355142e-01	   0.0000000000000000e+00	   7.5459229895934143e-01	   7.6408574450453015e-01	   7.4404700769469423e-01	   7.7837245678960332e-01	   7.7588186196044817e-01	   8.8751096868310220e-01	   7.8590311266657431e-01	   8.0383143142866542e-01	   7.0657450517461506e-01	   7.0439298360611158e-01	   7.1434240901075841e-01	   7.2894318175145134e-01	   6.6087561448747045e-01	   6.6661548925867675e-01	   7.1604455822625834e-01	   6.9987076072519216e-01	   6.1123346598780937e-01	   6.1872572567063155e-01	   6.2634011858916749e-01	   6.3122734847773976e-01	   6.1468484215837682e-01	   6.9316880711770923e-01	   6.3055088806888460e-01	   5.9708039828480897e-01	   7.2882713484151340e-01	   7.8473723185958399e-01	   5.3331390824097968e-01	   6.1080495872642959e-01	   4.3421595518101941e-01	   6.1210387344891704e-01	   6.2912439650254703e-01	   6.6307763107969431e-01	   5.9015972199612077e-01	   6.8839563870897935e-01	   4.0533864630956101e-01	   3.1813703169360658e-01	   5.1393282499317496e-02	   1.8568277625847021e-02	   5.8559388469733131e-01	   6.1012011317175108e-01	   2.5937926368488046e-01	   3.4779042740764421e-01	   5.8654640803497415e-01	   2.0923039849830663e-01	   5.6526375594532308e-01	   6.3938065375909936e-01	   6.3314110010472058e-01	   6.8174127620581548e-01	   7.4520160194670182e-01	   7.3287677922619665e-01	   6.0620043681797164e-01	   7.7573542748971214e-01	   8.0129962304472557e-01	   8.0438990611751437e-01	   6.9881919201904563e-01	   7.1672876478406711e-01	   7.1963434895862355e-01	   8.5510454257359703e-01	   6.4130796536919943e-01	   6.0499332916322035e-01	   7.3358174705709778e-01	   6.7442352968266828e-01	   5.5701500545400884e-01	   5.7863430865236953e-01	   6.5688797097113416e-01	   7.1552426991194495e-01	   6.0238604207014956e-01	   6.5830752551097360e-01	   6.4210371016728662e-01	   7.1735435579571127e-01	   7.5492320978900851e-01	   7.1118334483335088e-01	   7.5150458355971783e-01	   7.8343167452541573e-01	   6.9343515574822767e-01	   7.5524449076251510e-01	   7.6324776016280982e-01	   7.4991522417442846e-01	   4.8976703952214784e-01	   6.9381017010150847e-01	   6.6469779293115905e-01	   7.6278836203891331e-01	   5.4705618219881935e-01	   4.0725476674270378e-01	   5.0096220088626975e-01	   3.0549743737036211e-01	   5.6957988351941891e-01	   5.4053619431293642e-01	   6.5872022819790277e-01	   6.3243612815643391e-01	   5.2350766053110487e-01	   6.1392054719882405e-01	   4.2634615470063342e-01	   4.4346196031311824e-01	   4.0505289309236914e-01	   4.2232102702410890e-01	   5.0069230361532147e-01	   4.3637787058119792e-01	   3.3639658349857710e-01	   2.1696660605174811e-01	   9.3237662771350371e-02	   6.7114710998296268e-01	   5.6743250182062188e-01	   5.3680657948707045e-01	   3.7002480948829536e-01	   4.4791477415057962e-01	   4.3801385834325635e-01	  -2.5591323453227000e-01	
   6.2941464940646541e-01	   5.7150161588050985e-01	   8.4009353300596556e-01	   8.0390497633176694e-01	   8.9464816507267308e-01	   8.5784640102100029e-01	   8.9703764255336216e-01	   7.5459229895934143e-01	   0.0000000000000000e+00	   8.6357048724783292e-01	   6.4374363835840631e-01	   6.2101288299631652e-01	   7.5013208901461059e-01	   7.5831430121341104e-01	   7.3024927382452187e-01	   7.2857195138512498e-01	   6.0168297662809067e-01	   6.0724026920319651e-01	   7.0104060948361391e-01	   6.6319610189981382e-01	   7.6022495352283970e-01	   7.6453771494812817e-01	   6.7255711802662599e-01	   6.1289291577041038e-01	   7.5071813413080712e-01	   7.7102595770774196e-01	   8.2409397270246587e-01	   8.1454579644653391e-01	   4.3748495078521377e-01	   5.0976819086108871e-01	   5.3088473536507608e-01	   4.3885338312711986e-01	   6.4076782117585940e-01	   6.7510077288155546e-01	   6.3153742416445446e-01	   6.1736984729694244e-01	   3.8714044855517793e-01	   5.4716262044409547e-01	   6.3389026338661025e-01	   5.9433246894914449e-01	   4.6730246794871044e-01	   5.0177120234644645e-01	   3.8026295184794512e-01	   2.2908560839154968e-01	   1.4672077360911950e-01	  -4.5716539482934540e-02	   5.0911980841848969e-01	   5.6128146484435570e-01	   2.8268028767563036e-01	   3.4664720059662479e-01	   5.9029543134177409e-01	   2.5315064738252357e-01	   7.0072904394345659e-01	   7.0953447107468481e-01	   6.3421460255126894e-01	   6.4448857970331397e-01	   6.7423067253322033e-01	   6.6401811062505978e-01	   6.6393068483982964e-01	   7.0033291448632951e-01	   7.6533912411442540e-01	   6.4440029084431760e-01	   4.2115564870532840e-01	   4.3944983598451004e-01	   7.8954063598689550e-01	   7.0611387384538959e-01	   6.6396273069280143e-01	   5.3115886968320003e-01	   7.2438149346779845e-01	   6.3847535334646532e-01	   6.0159849450761349e-01	   7.3566167958415030e-01	   5.0743080272782060e-01	   5.3636109949673172e-01	   4.4537923841209648e-01	   4.5713871367170644e-01	   5.6212417540621495e-01	   5.8054738177524801e-01	   7.1586556686479874e-01	   6.5742880932919490e-01	   6.2976975105180688e-01	   6.7083993590458957e-01	   6.4303557672939593e-01	   5.9405336751542603e-01	   7.0823971493359805e-01	   5.9327735747641830e-01	   5.8575683555308444e-01	   7.3260827565511999e-01	   7.5183734211448239e-01	   7.7259758958496449e-01	   6.3973249015054989e-01	   6.4502801069388516e-01	   6.2107256494834451e-01	   5.4640983777648111e-01	   5.9553886931225075e-01	   5.0488460180610539e-01	   6.8273679581508218e-01	   6.6458311244567780e-01	   5.5069751677699197e-01	   6.3826861991098549e-01	   4.1898385849845265e-01	   6.1234741580757079e-01	   5.4480447231429696e-01	   5.9590309931888119e-01	   7.0486316960904871e-01	   6.9055297506616853e-01	   3.7572270284441855e-01	   3.3360274645226939e-01	   2.0979415670788382e-01	   6.5766111616704392e-01	   5.5250010893675738e-01	   6.2681233544281012e-01	   5.3691727863979133e-01	   5.5883861084131869e-01	   6.1215056700544623e-01	   2.5843376221865937e-02	
   5.6348532974343901e-01	   5.5597290830027024e-01	   6.7745156834576170e-01	   7.2837960630470910e-01	   8.4513758972361619e-01	   9.1393952150183422e-01	   7.5274627927817006e-01	   7.6408574450453015e-01	   8.6357048724783292e-01	   0.0000000000000000e+00	   5.6998639475997315e-01	   6.0122008078501954e-01	   6.3558219167071484e-01	   7.5023005547550137e-01	   6.3718300367413394e-01	   7.5876245300413458e-01	   5.8013605099289489e-01	   6.0805347424416512e-01	   6.3745994740880652e-01	   6.2434808013688237e-01	   6.9497077591923728e-01	   6.9908893197335109e-01	   5.8774378145549877e-01	   5.4263902014097620e-01	   6.3090585201843996e-01	   6.8864863581650315e-01	   7.5473029301726524e-01	   7.6610609552361120e-01	   4.4022863241703153e-01	   5.4746267613564825e-01	   4.5295383560399877e-01	   3.9800038177580299e-01	   5.4642571238751236e-01	   6.0500171743073472e-01	   4.6060859646518104e-01	   4.9073799401971058e-01	   2.7539732880158302e-01	   4.5614821535783967e-01	   4.8485050774238914e-01	   5.0503931983154038e-01	   3.5507352257745090e-01	   4.5433214889925533e-01	   2.6411118578841486e-01	   1.3331565749801394e-01	   5.4956355159832306e-02	  -7.9552065255633270e-02	   4.1261547130665671e-01	   4.6826128176574117e-01	   2.0007190083281046e-01	   2.9960905005454869e-01	   4.7495240967766206e-01	   1.6208723983321463e-01	   5.3769335790651485e-01	   5.7535468618233154e-01	   4.8581372637187636e-01	   5.6516733585287093e-01	   6.1453499637872810e-01	   5.8692323937534163e-01	   5.7942578361972097e-01	   6.9815150041604512e-01	   6.4586122419868219e-01	   6.5076201088066088e-01	   4.1182826783334880e-01	   4.2896081239919670e-01	   6.3964140489822574e-01	   6.8317479191270714e-01	   5.6448052421234240e-01	   4.6418830777971398e-01	   6.3313677930358259e-01	   5.4484123304918053e-01	   5.5169276817442592e-01	   7.0977401974381393e-01	   4.5863057378338040e-01	   5.2752401009924921e-01	   4.0567085846204098e-01	   4.5014510032750887e-01	   4.5749342053446351e-01	   5.1592074449612368e-01	   6.6293679045870912e-01	   6.1858047851440234e-01	   5.9794968192407327e-01	   6.6559867399098760e-01	   5.0122338914420439e-01	   5.9432919034467258e-01	   5.8982743967761742e-01	   5.2278582536872054e-01	   4.1474804512786601e-01	   6.2822999111933542e-01	   5.1868529964741594e-01	   6.3182326983448445e-01	   5.2494010535324975e-01	   4.8437954249481441e-01	   5.9278118605872010e-01	   4.1725605894724838e-01	   5.2827551297230002e-01	   5.5079245552004341e-01	   6.0264529144921131e-01	   6.3922978081687376e-01	   4.7440666605066240e-01	   5.7555366829910759e-01	   4.1765231192577923e-01	   4.8390715172744170e-01	   5.0793844931855858e-01	   5.1374870900215686e-01	   6.1687379809274456e-01	   6.2941788398719190e-01	   3.3728504191243391e-01	   2.4289355016751613e-01	   3.2880901895912873e-01	   6.3845390829481818e-01	   4.9093578561708007e-01	   5.6027695097857277e-01	   4.7170906216176262e-01	   5.1804935923764961e-01	   5.2190131288453656e-01	   3.2843425716354097e-02	
   8.9523786155688634e-01	   8.0886632325674834e-01	   7.3078672412749635e-01	   7.2816616865787132e-01	   4.2756095641547737e-01	   4.7006000452253716e-01	   7.7713409786943544e-01	   7.4404700769469423e-01	   6.4374363835840631e-01	   5.6998639475997315e-01	   0.0000000000000000e+00	   9.2532998842127245e-01	   9.1929778425195052e-01	   8.8560612855948118e-01	   8.2795448030268126e-01	   7.6302419323723369e-01	   8.6491310176140190e-01	   8.6076708086203990e-01	   7.8065415103009239e-01	   7.5358316285242932e-01	   4.3772346523667249e-01	   4.2412003270052684e-01	   6.0674700782348712e-01	   5.4520695593557811e-01	   4.1242507260377409e-01	   3.8708622475200738e-01	   3.9121325826405473e-01	   3.7435059255618558e-01	   8.1572962595132714e-01	   8.5151174571882859e-01	   5.6881805909871175e-01	   4.9247306932669022e-01	   7.4601135523743667e-01	   7.4746355894084182e-01	   3.5958242074761265e-01	   4.2711021033249835e-01	   6.0811079131376333e-01	   7.0106380108045085e-01	   6.9865575151923021e-01	   7.1904542349139011e-01	   8.5492772948491491e-01	   8.3893401426887682e-01	   5.3570367037739752e-01	   4.9506450680849756e-01	   4.2151823288765558e-02	   1.4860635033461500e-01	   7.0177137281567503e-01	   7.2650404047172645e-01	   4.8355691840874815e-01	   4.4049777315135630e-01	   6.7401073785174115e-01	   2.9104329076505553e-01	   6.2636393021914027e-01	   6.6233491673955025e-01	   7.8639835073138309e-01	   7.9944560211311311e-01	   9.0015587573329547e-01	   8.5431011470806362e-01	   6.7692737011962389e-01	   6.7336823830737269e-01	   8.6846557100071708e-01	   7.8371361594458366e-01	   8.1286392721796563e-01	   8.5731490726232984e-01	   6.1164930403635032e-01	   6.5674924051275807e-01	   5.2355199174491684e-01	   5.2288366288269317e-01	   7.2697294856744865e-01	   6.1700268557004145e-01	   5.3168664746389793e-01	   4.9359543932917771e-01	   8.5689796424569331e-01	   8.8974335097467028e-01	   8.0630917663786872e-01	   8.5216742887561059e-01	   7.5170640984731396e-01	   7.6224213973290411e-01	   8.3447010113581821e-01	   8.4718255599813419e-01	   8.7296546919565454e-01	   8.5245360569092532e-01	   7.8136912750077547e-01	   7.5472828285807592e-01	   8.1848148976217616e-01	   7.0557733800545408e-01	   4.2402574130482157e-01	   5.9933186221044210e-01	   7.3837534666087246e-01	   7.8590667157788108e-01	   4.7160540552566232e-01	   3.3730795510187528e-01	   3.8068432014414733e-01	   2.5187008225723612e-01	   4.2569338281242042e-01	   3.4730320521203012e-01	   7.2144570893578730e-01	   7.5121611718894910e-01	   6.5506742406688456e-01	   7.2421106949037528e-01	   3.5674378543773277e-01	   3.7360246090826310e-01	   4.1374156893019931e-01	   3.4783067608762464e-01	   4.1459759335371482e-01	   3.6370520038855625e-01	   4.1085586438596045e-01	   1.6852560610175216e-01	   1.0342143906617207e-01	   6.1201724360344234e-01	   6.7273223252898195e-01	   6.8348357121100367e-01	   4.9276991802382702e-01	   6.9960488283369571e-01	   5.8729829784356469e-01	  -3.6724571499004055e-01	
   8.1778026685799876e-01	   7.5581980613593480e-01	   6.8126905831020212e-01	   7.1969599412844087e-01	   4.6842869586391778e-01	   5.1691456875098529e-01	   7.2058776597635810e-01	   7.7837245678960332e-01	   6.2101288299631652e-01	   6.0122008078501954e-01	   9.2532998842127245e-01	   0.0000000000000000e+00	   8.1251844099883408e-01	   8.9766460905737011e-01	   7.8756407946053741e-01	   8.2608913701055176e-01	   8.0413608864920583e-01	   8.0262907570079922e-01	   7.6665990921617921e-01	   7.7065173380239249e-01	   5.3183018114396474e-01	   5.4044091911061309e-01	   6.0771088472829149e-01	   5.9657151142032616e-01	   4.6033270746685223e-01	   4.5831094656504490e-01	   4.2958866603843887e-01	   4.3667117458565985e-01	   7.5707207805488053e-01	   8.3680864040507608e-01	   6.2382221712562291e-01	   5.5837432184039437e-01	   7.5333717022724622e-01	   7.6054262178930609e-01	   3.8584650583422481e-01	   4.5790966543528711e-01	   6.0086957102211203e-01	   7.2740395354704024e-01	   6.8834333645261414e-01	   7.2921579906636746e-01	   7.8981398608176168e-01	   8.4765260519766539e-01	   5.7360655943891981e-01	   5.2749590667282997e-01	   5.8744258893450717e-02	   1.6845986932954504e-01	   7.4387870365743280e-01	   7.8293641557747184e-01	   5.5146810153388670e-01	   5.1592780668031424e-01	   7.4289089008694709e-01	   3.2112410571667072e-01	   7.0969244399619047e-01	   7.2688204582972982e-01	   8.1086283045918295e-01	   8.3542879753552324e-01	   8.7086268147236079e-01	   8.2996274818237437e-01	   7.2514414347902845e-01	   6.9807908393439289e-01	   8.7072120701330014e-01	   8.1767884328199547e-01	   8.2486325706904462e-01	   8.9199811138662743e-01	   5.8535691154749570e-01	   6.5422891952150575e-01	   5.5122230796660121e-01	   5.2053448666922997e-01	   7.2593985328930510e-01	   6.0271660764922952e-01	   4.8372004838811278e-01	   5.6072335813412144e-01	   7.6555021259522871e-01	   8.2092556512144343e-01	   6.8869215947668516e-01	   7.6302641638647395e-01	   7.5744302507317851e-01	   7.8946762574098539e-01	   7.6129167453228686e-01	   7.5978510133074328e-01	   8.3331855827736412e-01	   8.2374300094373232e-01	   7.4845614623273704e-01	   7.8007821974324654e-01	   8.0932732457219481e-01	   7.1765818326594766e-01	   3.7312750761016761e-01	   6.3446501156334101e-01	   6.9511322205967629e-01	   8.0847618165393054e-01	   5.3642080113051460e-01	   3.8324586548083583e-01	   3.8763527972641681e-01	   2.5605219501740456e-01	   4.6666577496689415e-01	   4.1749493833575896e-01	   7.4675335775312535e-01	   7.7777577358376415e-01	   7.0136685096736195e-01	   7.3993023703452743e-01	   4.0567188961133938e-01	   3.8707554434409236e-01	   4.6674632220356771e-01	   3.8459546712453319e-01	   4.7140756430746517e-01	   4.2323874456830013e-01	   3.2014962961135163e-01	   1.7389589379660225e-01	   9.6410666608513843e-02	   5.9588341176930038e-01	   7.3111658870050034e-01	   6.9095852529209445e-01	   5.0678440110050760e-01	   7.1758860519806411e-01	   5.9473294510095154e-01	  -4.3453087634984444e-01	
   8.4409454445625332e-01	   7.8557143456560641e-01	   8.0715981280869875e-01	   7.5820224433606076e-01	   5.0399437305202088e-01	   5.1574661150321610e-01	   8.6617614929552511e-01	   7.7588186196044817e-01	   7.5013208901461059e-01	   6.3558219167071484e-01	   9.1929778425195052e-01	   8.1251844099883408e-01	   0.0000000000000000e+00	   8.9847909919653690e-01	   8.8656886511919386e-01	   7.5468681806474180e-01	   8.1613903194128690e-01	   7.9013500304277962e-01	   7.6097838447534860e-01	   6.9304950595202330e-01	   4.4652137912611745e-01	   4.3724606270473210e-01	   6.9092275498518740e-01	   5.7814088174349187e-01	   4.6677894874954645e-01	   4.2714221595922741e-01	   4.3270445650439271e-01	   4.1409761124885991e-01	   7.8209867869915484e-01	   7.9893791615675447e-01	   5.9751099544924191e-01	   5.1551449605812316e-01	   7.1888082181861224e-01	   7.3720844202065039e-01	   4.2654817273595041e-01	   4.7648880343488276e-01	   6.0156849263037304e-01	   7.1432974172284824e-01	   7.2218378565869501e-01	   7.3032583320059508e-01	   8.0954962703158240e-01	   7.7532978371539396e-01	   4.3690990543444480e-01	   3.8913312773835013e-01	  -7.9026541222506647e-03	   2.2574923041369814e-02	   6.1463243135040668e-01	   6.2646702029786638e-01	   3.2478261379569884e-01	   3.3493576840027905e-01	   6.4097792981681923e-01	   2.3640237858557595e-01	   6.0515143498083324e-01	   6.8395270142786457e-01	   7.1100445602391638e-01	   7.3162345775630777e-01	   8.0272902576025551e-01	   7.6190249034550250e-01	   6.0055831838679652e-01	   6.9075941051681167e-01	   8.3846174475514057e-01	   7.8997954136293913e-01	   6.4839244860466638e-01	   6.8332046783432077e-01	   7.6172929976296011e-01	   7.4588878203931508e-01	   4.6774112763317788e-01	   4.4355481243022560e-01	   6.9193691386876499e-01	   5.6420707070934473e-01	   6.3476593278373517e-01	   5.0876604591140384e-01	   8.5418695753005902e-01	   8.6229359444281473e-01	   8.3246586838315961e-01	   8.4125174411520831e-01	   7.0594263406122515e-01	   7.1901694647023984e-01	   8.4479009874756983e-01	   8.3895123541064287e-01	   8.2576553567461930e-01	   8.2332648049504620e-01	   7.9370376624020955e-01	   7.1854090472515875e-01	   8.4726486760733832e-01	   7.5648635191828217e-01	   5.0446817386369835e-01	   6.1715847190817852e-01	   7.2059770573745707e-01	   7.6453564079772840e-01	   3.8742050920347088e-01	   2.8966812301935152e-01	   3.3792510357379846e-01	   2.1491186165977960e-01	   4.1914395786137654e-01	   3.5864833956778819e-01	   6.4949422427369985e-01	   6.9139508725257248e-01	   5.1646644823574983e-01	   6.0595861397270001e-01	   2.3827854197676934e-01	   3.1155065653224084e-01	   2.8441976300706973e-01	   2.4760142459040135e-01	   3.8046232209268366e-01	   3.4405310768055852e-01	   3.9122306471979224e-01	   1.0634853690261883e-01	   9.2527844195846351e-02	   6.1298645635610471e-01	   5.5979974657756615e-01	   5.9018582902811867e-01	   4.1564377247960382e-01	   5.9749262178637763e-01	   5.5347070095168582e-01	  -2.5200934572022754e-01	
