   0.0000000000000000e+00	   8.1620456884736081e-01	   6.6214961684073870e-01	   6.1628019279042090e-01	   5.7241827793055844e-01	   4.7774045048036151e-01	   6.5504478543656175e-01	   6.5510297232084058e-01	   5.6732808138742763e-01	   4.7085268171609862e-01	   7.4505338969670154e-01	   6.7248039790491609e-01	   7.1585460142145596e-01	   6.0112597799483158e-01	   6.7582719735655794e-01	   6.4885828123298328e-01	   4.4997317983803903e-01	   3.3496826120344847e-01	   8.2706864266504587e-01	   6.3892157764382351e-01	   5.9448857765974372e-01	   4.8532051740376830e-01	   5.8186419341661821e-01	   6.1168669422451649e-01	   6.2627964938194436e-01	   5.5801766041137113e-01	   5.0617354220767075e-01	   5.7543363864939756e-01	   6.2618604888095453e-01	   5.0555883573849469e-01	   6.1967491760644489e-01	   6.3286577052915727e-01	   7.3437621678515230e-01	   7.2322300707534626e-01	   4.8122512533198125e-01	   5.4691050002564512e-01	   5.6922417401064151e-01	   6.0718999525712503e-01	   6.5854424369770115e-01	   6.6170821139182456e-01	   5.8771987825986716e-01	   5.5314894096558587e-01	   7.4773834745836698e-01	   7.1416129231125169e-01	   6.3353009946175964e-01	   6.4335378844388724e-01	   7.7087825973756363e-01	   7.7272714573069445e-01	   4.9101788653991457e-01	   5.0607969942200037e-01	   6.4741617217909320e-01	   5.0773881331941484e-01	   6.3974721477497420e-01	   5.5010570783451440e-01	   7.4684019990515549e-01	   7.1930656122333014e-01	   5.9804027498736279e-01	   6.1934081434901300e-01	   8.1375633634273747e-01	   7.2440769752935519e-01	   8.7280553182980536e-01	   6.5273468603200602e-01	   6.6902605095639545e-01	   5.5453684173671325e-01	   5.0946198433190504e-01	   5.2777597204930815e-01	   7.6702600958965839e-01	   6.8367228815836567e-01	   5.9895995461832496e-01	   5.6437587197925032e-01	   6.7514932406209416e-01	   6.8020640276050282e-01	   8.2612756258734743e-01	   6.6574639194170160e-01	   7.7516369445602940e-01	   5.9334364465304823e-01	   8.3204322662815455e-01	   7.1264541920081792e-01	   6.2656414642933433e-01	   6.1832378562817580e-01	   5.3670978906673339e-01	   6.8760461948380636e-01	   5.3415863995620927e-01	   3.8499492066506269e-01	   7.0072508652749343e-01	   8.0607850853992047e-01	   6.0958228470289688e-01	   5.4903358930710033e-01	   7.5417889407664429e-01	   7.6358956459475769e-01	   6.3097759897600603e-01	   1.6673394617393125e-01	   1.5748979864223359e-01	   9.5166556043092959e-02	  -1.1952136550952948e-01	  -2.8049978366636175e-01	   4.3598334499357916e-01	   6.5118495393086939e-01	   7.1417752474220431e-01	   7.2719205937917253e-01	   3.3793633387117838e-01	   2.2643317667667942e-01	   1.1516464772475501e-01	   3.2526521791366414e-01	   2.5978048668169795e-01	   2.0915189358705608e-01	   4.3997711042137166e-01	  -6.0113419796301540e-02	   2.7159570070437206e-01	   5.4360552240201265e-01	   4.7410539992872708e-01	   5.1117973015112306e-01	   3.3416671329585002e-01	   4.3226499202719582e-01	   2.9573788886151053e-01	   1.9577394432351736e-01	
   8.1620456884736081e-01	   0.0000000000000000e+00	   5.2465653310834603e-01	   6.7595256237888401e-01	   5.2095446415295044e-01	   5.6169222076356928e-01	   5.1265860544475594e-01	   7.2730023023931001e-01	   5.3436245052827647e-01	   5.4357259048696926e-01	   6.2901848991593268e-01	   7.5317264042151488e-01	   6.1964720709164600e-01	   6.9609667499411798e-01	   5.4507479438541262e-01	   6.9389157570948068e-01	   4.1096481456141787e-01	   3.6778830984977856e-01	   6.6605516926802522e-01	   6.9401805973156483e-01	   5.4617771112850411e-01	   4.8035273902872450e-01	   5.6990848431318786e-01	   6.5960238355822431e-01	   6.0303207858542662e-01	   5.9759884811992581e-01	   5.0469646799829726e-01	   5.7785756729890769e-01	   5.0329562634333846e-01	   5.2922659503350389e-01	   5.8921647213383943e-01	   6.7985537383973749e-01	   6.8555397224441761e-01	   7.9475935806246423e-01	   5.2014794304493195e-01	   6.1866537822661749e-01	   5.8105720898117841e-01	   6.7040097917229280e-01	   5.9102998991279221e-01	   6.2279938091391396e-01	   4.9428795664760455e-01	   4.2344652409114902e-01	   7.7650240130509074e-01	   6.6612413106923540e-01	   6.4619754993596878e-01	   6.6912362459970309e-01	   7.6535008030859275e-01	   7.1279811713436070e-01	   5.6042958430477707e-01	   5.4572730507099865e-01	   7.1023191330446345e-01	   5.1215108908726759e-01	   7.1738321115662917e-01	   5.9729951674316728e-01	   7.8075773429040130e-01	   7.0497279990285389e-01	   5.9499884306870565e-01	   7.5376097115721075e-01	   6.4331084892626667e-01	   6.6441770141699830e-01	   8.0725609412537813e-01	   7.6694601357060321e-01	   6.1057266884091987e-01	   6.5595547173822655e-01	   4.6927119564019831e-01	   5.7528122746881127e-01	   6.6375566424862953e-01	   7.0125565400421708e-01	   5.3991698072514727e-01	   5.1860558085406883e-01	   5.6988147518980914e-01	   6.7415688268107299e-01	   6.2404945450771265e-01	   5.9548551953834628e-01	   6.4301382032363030e-01	   5.2962300185166367e-01	   7.3933053904119816e-01	   7.8712455964089345e-01	   6.7376499207001350e-01	   6.3952185171859277e-01	   6.2347997422878620e-01	   7.6532063724277877e-01	   5.0423356439593536e-01	   4.4018119226619390e-01	   7.1197187071142298e-01	   8.5531591842960775e-01	   5.4693733837677294e-01	   5.7687161076582305e-01	   6.8310220523453236e-01	   7.7856694814782501e-01	   7.1974220174691028e-01	   1.5515886209546292e-01	   2.4938639030300710e-01	   6.2434662882046854e-02	  -4.5731480586029299e-02	  -1.7795699877293938e-01	   4.0620728932273997e-01	   5.9413018768099135e-01	   7.3713107944701561e-01	   5.7318087536339968e-01	   3.9547844396051335e-01	   7.1480576079011884e-02	   2.2511995685297342e-01	   1.0996553772530950e-01	   1.4628037773444669e-01	   1.0033931728320009e-01	   4.0612606287716890e-01	  -1.7302598593507382e-01	   3.0393983032558958e-01	   5.3228434030940341e-01	   3.3510188251010253e-01	   4.5364918186105541e-01	   2.8576971369099413e-01	   3.2156492777217360e-01	   2.3778763974913047e-01	   1.9141001024548837e-01	
   6.6214961684073870e-01	   5.2465653310834603e-01	   0.0000000000000000e+00	   7.6052759371204759e-01	   7.3106955886564662e-01	   5.2557595676724778e-01	   8.7348765818529861e-01	   6.4993505864156553e-01	   8.4190837592528101e-01	   6.1676210116963359e-01	   6.6953413518454297e-01	   4.2209718909638327e-01	   7.7414766686440384e-01	   5.2492649672467606e-01	   8.4934875078504457e-01	   7.3799577713941145e-01	  -4.3687723801233133e-02	  -1.4791763992529730e-01	   5.2620773040025837e-01	   3.0366091500685233e-01	   6.6971375647496778e-01	   5.3195620704494595e-01	   8.9483766173959778e-01	   7.9443401349799680e-01	   7.4765109796774576e-01	   6.1711608844460997e-01	   7.5685348329981861e-01	   7.2749803580415628e-01	   2.4556639612722614e-01	   1.0992235566528041e-01	   7.2097886002384892e-01	   6.6428909652925261e-01	   6.9343044607799997e-01	   5.3048322553435678e-01	   5.8161101897274126e-01	   4.4125615083955949e-01	   4.5556779687125271e-01	   4.6907650550639135e-01	   5.7984998915591990e-01	   5.4424885613066809e-01	   4.4586771191215013e-01	   2.5648855526478315e-01	   4.9508773896215796e-01	   4.1246669372003103e-01	   3.8837619759820186e-01	   3.9797594802993252e-01	   4.7698923331739579e-01	   4.4469830219836892e-01	   2.2133717050568874e-01	   2.7577829118601821e-01	   2.9434705954398904e-01	   1.3077639113576611e-01	   3.4438012997063827e-01	   3.2551534934751292e-01	   5.4773676000889882e-01	   4.2996373467391336e-01	   3.6003628939266036e-02	   2.5508677757083797e-01	   5.5621848136732788e-01	   4.9067038921132988e-01	   6.8343775912592286e-01	   4.7119199399757816e-01	   2.2518147617143508e-01	   2.6968522443744242e-01	   7.5470607968611048e-01	   5.1674216453699928e-01	   6.3152448315094944e-01	   4.8300795148904807e-01	   4.0496924757537955e-01	   4.9900129285645595e-01	   6.6927841666588994e-01	   6.0782083511265195e-01	   4.2816730166703920e-01	   1.6807982306387972e-01	   4.2599354019997238e-01	   2.5526190529512072e-01	   6.5675694623042391e-01	   4.8657353550419535e-01	   2.0124098889876074e-01	   2.4732046793231910e-01	   1.0266318082215301e-01	   3.5390985415711584e-01	   5.4247211340670998e-01	   2.2717203859907306e-01	   7.5101715639172950e-01	   6.8845068014831212e-01	   6.9165103021352436e-01	   5.3483991150148180e-01	   8.2490610157279198e-01	   6.9136896750248789e-01	   5.0387322634870335e-01	   4.3588392894631917e-01	   4.2891082542909537e-01	   4.6675313011447983e-01	   2.3926365766882587e-01	  -8.1933051695486495e-02	   4.6806805371089477e-01	   4.3482502614881507e-01	   2.9727498493598936e-01	   4.4352920836348175e-01	   3.5397672424377474e-01	   3.1600877246203896e-01	  -3.8689515070236866e-02	   1.4110671998299160e-01	   3.5895153494425180e-04	   8.7107363778334404e-02	   2.1080456374684145e-01	  -2.5221392636740819e-01	   1.3831379170812990e-02	   5.2952765311523498e-01	   3.8319911282063956e-01	   3.1863911991998750e-01	   3.9620915347286523e-01	   5.1282145524280920e-01	   3.2026294240136732e-01	   2.8040429515078641e-01	
   6.1628019279042090e-01	   6.7595256237888401e-01	   7.6052759371204759e-01	   0.0000000000000000e+00	   7.7429993341726977e-01	   8.0600582003481991e-01	   6.2601589310000727e-01	   7.8412731483111608e-01	   7.6644317716653509e-01	   8.2864797126104006e-01	   5.0666864912433218e-01	   5.7917158803463964e-01	   6.4525258421797127e-01	   6.8948620190515841e-01	   7.2674226861062141e-01	   8.8789399902358201e-01	  -1.2088171047727000e-01	  -2.1041331739591279e-01	   4.4519916277647015e-01	   3.2228466994913302e-01	   7.5164561437042288e-01	   7.5856964205921162e-01	   7.7606301109224263e-01	   8.9823974614278357e-01	   8.0475038919079178e-01	   8.5446900095715983e-01	   8.2793470492199395e-01	   8.8502057083987373e-01	   1.1398327830346329e-01	   2.1596094886684365e-02	   6.2875326231731310e-01	   6.9852412334652825e-01	   7.2712897436880697e-01	   6.5256799809164023e-01	   6.3637979002180156e-01	   6.4010979045638083e-01	   4.6950102979795982e-01	   5.0962490139710392e-01	   5.4706192720074642e-01	   5.9046402341653637e-01	   3.8160226735164271e-01	   1.9481664464345205e-01	   5.7114952980304901e-01	   4.6291189628369417e-01	   4.9296454329645589e-01	   5.2086378504861364e-01	   5.5257480018989291e-01	   5.2580019047229654e-01	   2.4852230905556516e-01	   3.6233283970195723e-01	   3.5363471386977308e-01	   2.0773881312050649e-01	   3.5985547848406435e-01	   3.3994307953580105e-01	   6.0362417782376099e-01	   4.6821570873565249e-01	   9.7247725023506620e-02	   3.0950354008845815e-01	   5.7582329940711818e-01	   6.5449943319881765e-01	   7.2373096905966705e-01	   7.1762423218505655e-01	   2.3831408440038601e-01	   2.8292736729110346e-01	   7.6245776973803703e-01	   8.2493860053030332e-01	   6.9354286318838299e-01	   7.3651834633472180e-01	   4.1995195764216242e-01	   7.1408175669119611e-01	   5.2211541153660157e-01	   6.3537039237973725e-01	   2.8293891674982175e-01	   1.0768360502545875e-01	   3.1328315916542504e-01	   1.3661833076924118e-01	   5.1786340355082527e-01	   4.5647680314559658e-01	   2.0255089118315248e-01	   1.8809459286115779e-01	   1.3477942888445177e-01	   3.8282726613822698e-01	   5.0255498414217070e-01	   2.3234923532273666e-01	   6.8589167703035847e-01	   8.5848034674223561e-01	   5.9840388665615296e-01	   5.8675551780095292e-01	   7.8468452868894922e-01	   8.0397890209927336e-01	   7.0488833504901804e-01	   3.4404633579542243e-01	   5.7776087362180673e-01	   3.6984881678661030e-01	   1.8558833735495872e-01	  -2.8427766675495581e-03	   4.1944455918008750e-01	   3.9257864679099708e-01	   3.9071493070301977e-01	   3.8012463441311434e-01	   5.2187346090896469e-01	   2.1476477561704693e-01	   4.5537247244161874e-02	   1.9957350345057672e-02	  -2.0843630173454024e-02	  -1.9689203376508396e-02	   1.5039639829200938e-01	  -3.2471262175504501e-01	   7.3642584231197752e-02	   4.3713973353730989e-01	   3.1994372332414112e-01	   2.8553710008940292e-01	   4.3354109492134918e-01	   3.8976768377328480e-01	   1.3749641775778662e-01	   2.0639656370399587e-01	
   5.7241827793055844e-01	   5.2095446415295044e-01	   7.3106955886564662e-01	   7.7429993341726977e-01	   0.0000000000000000e+00	   8.6385837482100880e-01	   7.9105020242586455e-01	   7.6780296362394973e-01	   8.7094038323608913e-01	   7.3457107344423955e-01	   5.7184898452199751e-01	   5.7621223747212513e-01	   6.7728378211804618e-01	   6.5252310551216486e-01	   7.0234957189697012e-01	   7.5938641744279167e-01	  -2.6577649105563986e-02	  -1.7770650404481034e-01	   4.9044532528579743e-01	   2.8962904632100539e-01	   7.3167022917261715e-01	   6.9278515305608979e-01	   7.5914078834316912e-01	   7.8487806814517813e-01	   8.2923612909232403e-01	   7.9952951998376975e-01	   8.5884231265569133e-01	   8.7822558892563363e-01	   1.8440421728539347e-01	   5.1274124925607290e-02	   5.4926402978390665e-01	   5.7158243673005282e-01	   5.9249849162546520e-01	   5.0619126339809406e-01	   5.3739225801026347e-01	   5.2684357529614667e-01	   4.2792990627170158e-01	   3.8895999464074760e-01	   5.6836259638195963e-01	   4.9123197748373693e-01	   3.8159829172174553e-01	   3.2226829869122953e-01	   6.1240244122748344e-01	   5.1312646680016794e-01	   6.1584779571746995e-01	   5.8616529610464030e-01	   5.9706758609969746e-01	   5.4484438779325162e-01	   4.4723693599002395e-01	   5.0265670943969110e-01	   5.1847135881734785e-01	   3.9820313358344439e-01	   4.4568219332490128e-01	   4.8502009461893081e-01	   6.3992935087004543e-01	   5.6430555332142351e-01	   2.0568028729501208e-02	   1.3667372021168916e-01	   6.5463300516639045e-01	   6.3765208445115040e-01	   6.6791071333437613e-01	   5.9090137465521697e-01	   3.3107997981676646e-01	   2.7898489709377755e-01	   6.2342710527999889e-01	   6.8522196770781574e-01	   7.5981315345044798e-01	   7.2808363361142225e-01	   4.9057534845273942e-01	   7.3220018558282307e-01	   6.0198715216932142e-01	   6.8811398128034207e-01	   2.8363289174170847e-01	   9.2481286760982093e-02	   2.0226693263835777e-01	   2.3870249769806742e-02	   4.5044911470567400e-01	   3.3647153749328151e-01	   1.0898532505331504e-01	   8.1945045607125899e-02	   1.5303990800988301e-01	   2.9817699039294310e-01	   5.4923605179676960e-01	   1.9835844745209175e-01	   6.5847099948518606e-01	   7.2187201164169035e-01	   6.0449653443358042e-01	   5.7635438128341732e-01	   8.1112063998079575e-01	   7.9257855741402072e-01	   6.9426869489873400e-01	   4.0819250099841509e-01	   4.8709161622511932e-01	   4.3121867920048873e-01	   1.7320123172056842e-01	  -2.5862238877327937e-01	   5.1078215770063284e-01	   3.8340988566902223e-01	   5.2643808006246862e-01	   5.4976051269713755e-01	   5.7515929119824083e-01	   4.0646674686479090e-01	   1.8329755013342586e-01	   1.8912978322099747e-01	   2.5736133315090881e-01	   2.7057356567328450e-01	   3.7919934147234308e-01	  -7.2740808842919918e-02	  -3.0390921356970510e-02	   3.4554893308203694e-01	   3.9469848855021389e-01	   5.3677128986120537e-01	   5.8267068400660871e-01	   4.1769468706086132e-01	   2.5839977236074158e-01	   2.8427938730795288e-01	
   4.7774045048036151e-01	   5.6169222076356928e-01	   5.2557595676724778e-01	   8.0600582003481991e-01	   8.6385837482100880e-01	   0.0000000000000000e+00	   5.8666657570124758e-01	   8.1555429283201941e-01	   7.2138285444292860e-01	   8.1675384590417588e-01	   4.4585094840165762e-01	   6.8187364455414556e-01	   5.4084031793034815e-01	   7.3266977168625091e-01	   5.6762557999178531e-01	   7.5820818346316743e-01	  -1.1655860727316028e-01	  -2.4670601521631452e-01	   3.7308848667727135e-01	   2.1401612607447332e-01	   7.0303508977843510e-01	   7.3753604142337992e-01	   5.7259656845219298e-01	   7.1987919633622421e-01	   6.9110629038533988e-01	   7.7793746083485793e-01	   7.3987701234880876e-01	   8.6598374697411018e-01	   9.6357958114306530e-02	   1.2590208152733496e-02	   4.4585904070930338e-01	   5.4226870924774950e-01	   4.8334427384774187e-01	   4.8809023522058659e-01	   4.2095298309999635e-01	   4.7194703997645704e-01	   3.5826843053643970e-01	   3.2923447807074147e-01	   4.6958753852483637e-01	   4.3851998908585743e-01	   3.0604911293474019e-01	   2.3247528944201579e-01	   6.1966720713095857e-01	   4.9919290155681656e-01	   6.3975830974156767e-01	   6.1992778187094932e-01	   5.7786107748478499e-01	   5.2340974431314702e-01	   5.1140775837232155e-01	   6.1112858899211986e-01	   5.4376660745588989e-01	   4.9861248504396738e-01	   4.5378158279924119e-01	   4.9777052723253556e-01	   6.5850302580657216e-01	   6.0540144687859621e-01	  -1.6790899885658510e-02	   7.4939025741750084e-02	   6.0844814113565493e-01	   7.3147356219977511e-01	   6.1133062216242273e-01	   7.2737484536424679e-01	   2.4146736168710764e-01	   2.8862126423853962e-01	   4.8376285004789366e-01	   7.5732531539511738e-01	   6.1490930090820628e-01	   7.2720417395407522e-01	   3.2574597886701656e-01	   6.7399418848944070e-01	   4.8996030759962816e-01	   6.9447878209673308e-01	   1.7761795888124010e-01	   3.5028026109352323e-02	   1.4815306114795304e-01	   2.2752557881900583e-03	   3.2450958867273783e-01	   3.4186772446341313e-01	   5.9549435507351312e-02	   6.8213229390517004e-03	   1.2971770531386353e-01	   2.7769670235541277e-01	   4.0135002507581724e-01	   8.4793352548313550e-02	   4.9730728825632142e-01	   7.4304725147645356e-01	   4.4608510532280576e-01	   5.0936851486047130e-01	   6.6933089370776966e-01	   8.1849999541121421e-01	   7.3139190386525066e-01	   3.3937343178056523e-01	   5.0474933725503046e-01	   2.9078383726815521e-01	   1.3993360355706258e-01	  -2.1920084137570828e-01	   3.9209506368843694e-01	   2.9575910237873676e-01	   5.2892862585119138e-01	   4.7343698762351272e-01	   6.4228041433553384e-01	   2.4608503260532177e-01	   2.2296958423798927e-01	   5.2411400484192495e-02	   2.1446530558734966e-01	   1.1231207073031693e-01	   4.2671917137800208e-01	  -7.3103283124679813e-02	   8.7082577830145683e-02	   2.2780701721062574e-01	   2.4062425562678583e-01	   3.9591728404677462e-01	   5.9684735228067254e-01	   2.9701439575530464e-01	   1.7146751415692130e-01	   2.1763462010385676e-01	
   6.5504478543656175e-01	   5.1265860544475594e-01	   8.7348765818529861e-01	   6.2601589310000727e-01	   7.9105020242586455e-01	   5.8666657570124758e-01	   0.0000000000000000e+00	   7.9072683732500426e-01	   8.9868636794210910e-01	   6.3433037161661598e-01	   8.0589964392839086e-01	   6.2243846344175391e-01	   8.8013833722116241e-01	   6.7425188055997809e-01	   8.2321194200600067e-01	   7.2168304622995127e-01	   1.3499591846004633e-01	  -3.0471950094373049e-02	   6.1329072099251680e-01	   3.9637581611345141e-01	   6.1701943938997517e-01	   4.7262124948552375e-01	   7.9779158903476022e-01	   7.0763955488478336e-01	   6.0519101365593064e-01	   4.7716879305227700e-01	   6.5707130020667059e-01	   6.6363870708778494e-01	   4.5965455620424522e-01	   2.9964964826033358e-01	   6.8318954425027933e-01	   6.5583456433571319e-01	   6.5744127603938773e-01	   5.6956325599426005e-01	   3.1770104177866754e-01	   2.4451369385196062e-01	   3.1075864761490168e-01	   2.8283556430511425e-01	   5.2263612407202320e-01	   3.7840510287106199e-01	   4.2963878400684286e-01	   2.9494946960562540e-01	   5.6240159081356356e-01	   4.9915522642595411e-01	   4.8906135777331361e-01	   4.9219951816161700e-01	   5.2425885430644548e-01	   4.4907739154786808e-01	   3.3342765750579273e-01	   3.6751920133662458e-01	   4.3073915739744006e-01	   2.6450818167866030e-01	   3.7330192851076416e-01	   3.5495818791862532e-01	   5.3562407105144827e-01	   4.7813501916042711e-01	   6.0563557405403118e-02	   2.1043687828196952e-01	   6.2405045602699016e-01	   5.5992016180667159e-01	   7.0610330465908311e-01	   5.6822057437820073e-01	   4.3986811565063877e-01	   4.7183432943577441e-01	   5.5486185785988917e-01	   4.6242836529704023e-01	   6.6347515109133626e-01	   5.0755040207339330e-01	   4.5884529514225086e-01	   5.4937710868492373e-01	   7.8108497465376103e-01	   7.0141795473756141e-01	   5.1310752297819395e-01	   2.4297037023633739e-01	   4.3996988270830062e-01	   2.2544088681081945e-01	   6.4790131706509191e-01	   4.5923995060600187e-01	   2.7757736364084057e-01	   2.3766480269512574e-01	   2.6448127183261250e-01	   4.4845073205608776e-01	   5.7195694720114865e-01	   2.0759538768225047e-01	   7.1804046339599825e-01	   6.8476715967272406e-01	   6.0984572860224362e-01	   4.3806756244952377e-01	   7.9955007674173817e-01	   7.2580427389967705e-01	   5.3281125682866470e-01	   3.6106893590453043e-01	   3.9801318528868818e-01	   3.6055642195389170e-01	   1.5279629711448700e-01	  -3.8249843673463052e-01	   3.4241675238447750e-01	   3.2788819888903975e-01	   3.9322289699645452e-01	   5.0346796726006049e-01	   5.1368347443804596e-01	   3.5433976344186291e-01	   6.4208934322323608e-02	   1.9367070962139249e-01	   1.6081302248170187e-01	   1.9816770171027023e-01	   4.0742564737425396e-01	  -9.0452579800064881e-02	   6.7251904242559502e-02	   3.8972364398312825e-01	   2.7726724578068535e-01	   4.6842308605977045e-01	   4.2193495248880308e-01	   3.9409190352404294e-01	   3.2945367980149554e-01	   2.5383627595858010e-01	
   6.5510297232084058e-01	   7.2730023023931001e-01	   6.4993505864156553e-01	   7.8412731483111608e-01	   7.6780296362394973e-01	   8.1555429283201941e-01	   7.9072683732500426e-01	   0.0000000000000000e+00	   8.1792652976511881e-01	   8.3106825270379048e-01	   7.6376264364524404e-01	   8.8104141796661417e-01	   8.2146575100696761e-01	   8.8023549616143293e-01	   7.7083373328518989e-01	   8.5405198519013181e-01	   1.7511853446793382e-01	   4.6155146350772135e-02	   6.3638213635767182e-01	   5.3007574717302031e-01	   7.0257607084692575e-01	   6.4684410627941580e-01	   6.9828839907495754e-01	   7.8508739735574329e-01	   5.8410797058134079e-01	   6.1913468993668852e-01	   6.2902076264957796e-01	   7.1543672014513837e-01	   4.6588656782402521e-01	   3.9407901481681090e-01	   6.8899823820405193e-01	   7.8381271750134407e-01	   6.7459890328408545e-01	   7.2852384233128875e-01	   2.9803203225453495e-01	   3.5758876002870355e-01	   3.2556202797545608e-01	   3.4513040499431341e-01	   5.0181710156624237e-01	   4.1033572857884992e-01	   4.5140923750396067e-01	   3.1033300695859906e-01	   6.7082319001842650e-01	   5.5106952404693099e-01	   6.3784055593861555e-01	   6.5603006311559731e-01	   6.2151827608558752e-01	   5.3383705367637080e-01	   4.3019905536304981e-01	   4.9670515452823949e-01	   5.1303867386164337e-01	   3.4962972552867999e-01	   4.8569445121745947e-01	   4.7783266113326917e-01	   6.2578634805222355e-01	   5.6239593365256535e-01	   1.9306043415395249e-01	   3.2250176804513286e-01	   5.9257269868437912e-01	   6.9219476419476922e-01	   7.4409969191626946e-01	   8.5167835530387570e-01	   5.2578633781991568e-01	   6.1969384654025550e-01	   5.0854385836700167e-01	   6.7336816947759015e-01	   6.3562900948228185e-01	   6.5402290307726962e-01	   4.7220865467309786e-01	   6.9228233832927399e-01	   7.1409573617560373e-01	   7.6290700073461482e-01	   4.5456420270584352e-01	   2.7965419956465715e-01	   4.2092504803558950e-01	   2.3983852439983966e-01	   5.9481270275027442e-01	   5.7561861055237928e-01	   3.5252800789305577e-01	   3.0403519422761749e-01	   4.1980539707283659e-01	   5.9228207831946889e-01	   6.2175511444433773e-01	   3.5221176808947985e-01	   7.0658505297887930e-01	   8.3763197339747109e-01	   5.2855562506669529e-01	   5.0168515233726896e-01	   7.4883846969211265e-01	   8.2938420565780635e-01	   7.5649167060753297e-01	   2.8706697867470160e-01	   4.8502966656144930e-01	   1.9184379591527354e-01	   1.5657501667394952e-01	  -3.2847212976099149e-01	   3.0408045611082157e-01	   3.0370106637011668e-01	   5.4274313045417411e-01	   5.0741187445114211e-01	   6.5747277638728785e-01	   1.8210624456432881e-01	   1.5879681099237952e-01	   3.9888140966136222e-02	   1.4817747708215315e-01	   4.6447992086530152e-02	   4.2566808037800041e-01	  -1.5190766057264335e-01	   1.6548394850273129e-01	   3.5864457786493359e-01	   2.6316619594568602e-01	   4.3468451030644539e-01	   4.0555584807346656e-01	   3.4039490089608609e-01	   2.7466729744485174e-01	   2.2953357460572210e-01	
   5.6732808138742763e-01	   5.3436245052827647e-01	   8.4190837592528101e-01	   7.6644317716653509e-01	   8.7094038323608913e-01	   7.2138285444292860e-01	   8.9868636794210910e-01	   8.1792652976511881e-01	   0.0000000000000000e+00	   7.8266339893755499e-01	   7.0036218319109744e-01	   5.8640262926023656e-01	   8.1085415206016664e-01	   6.8461536822593905e-01	   8.2791998555142288e-01	   8.1264058966257857e-01	  -5.0391113326059070e-02	  -1.9816054781308257e-01	   4.8226642506090833e-01	   3.3015190598355648e-01	   6.4513393097109983e-01	   5.4199251174947194e-01	   8.3145285200699359e-01	   8.0465387569639435e-01	   7.0252204362110682e-01	   6.5587606403197052e-01	   7.7182976304917594e-01	   7.6311667038582276e-01	   2.7078601969667571e-01	   1.2748239052370733e-01	   6.3213352633252284e-01	   6.7143205859246879e-01	   6.0703495357644943e-01	   5.1447295004841465e-01	   4.1561449970582542e-01	   3.6989858852840218e-01	   3.3656980301105838e-01	   3.0591436032448760e-01	   5.0705475754138996e-01	   3.7749248937807173e-01	   3.9236274458114079e-01	   1.8244970266703467e-01	   5.6273593647026499e-01	   4.5710151512519875e-01	   5.0054365042426030e-01	   5.0305789740410523e-01	   5.3061169294536137e-01	   4.3971012524860559e-01	   3.1104702271691675e-01	   3.3274139400268365e-01	   4.2149678156886317e-01	   2.0358743840810156e-01	   3.6202539974457115e-01	   3.4457453585984965e-01	   5.5388971810528398e-01	   4.2803553261773264e-01	  -4.8998098682664117e-02	   1.8690166409914843e-01	   5.9904233000989127e-01	   6.0046196231408400e-01	   7.0259216679928671e-01	   6.4040074272074232e-01	   3.2259798232425546e-01	   3.6902520942152678e-01	   6.5681794967887663e-01	   6.0703088314499298e-01	   7.0086315560334111e-01	   6.1127452241033220e-01	   4.9040757129040730e-01	   6.8579578805194097e-01	   6.3140429990067171e-01	   6.4179581212901859e-01	   3.3570449216896214e-01	   1.0429036663273383e-01	   2.8228032484387033e-01	   8.0759300062475364e-02	   5.3804718284593989e-01	   4.1094756644312969e-01	   1.1466169909464670e-01	   1.0865900211810246e-01	   1.6395174396194467e-01	   3.5686084533346962e-01	   5.8534596607397704e-01	   1.8887350717351925e-01	   7.8451666983606394e-01	   7.5826747774112846e-01	   6.6155868468733470e-01	   4.6008950680614114e-01	   8.5961710988796547e-01	   7.8709365819333477e-01	   6.5678176755673001e-01	   4.1295006902023979e-01	   5.8255897211731988e-01	   4.3766157187356580e-01	   2.7396004428952209e-01	  -3.0513172456929327e-01	   4.6698995439024060e-01	   3.1555641262422907e-01	   3.9766237542287414e-01	   3.9780827516906203e-01	   6.1253740973359228e-01	   3.1121983674648124e-01	   9.9142757494050951e-02	   9.1846786176410219e-02	   1.5123944224069671e-01	   1.6691056875346644e-01	   3.0937513837405095e-01	  -1.5434295830449446e-01	  -2.9668597303825549e-02	   4.0372947629908079e-01	   3.5363740233385643e-01	   4.4998775204611202e-01	   4.4436022395177582e-01	   3.9745972625574544e-01	   2.8165249147320220e-01	   2.7846080354422542e-01	
   4.7085268171609862e-01	   5.4357259048696926e-01	   6.1676210116963359e-01	   8.2864797126104006e-01	   7.3457107344423955e-01	   8.1675384590417588e-01	   6.3433037161661598e-01	   8.3106825270379048e-01	   7.8266339893755499e-01	   0.0000000000000000e+00	   5.3041279296434807e-01	   6.5510386732232639e-01	   6.3852323228993102e-01	   7.4338174774161025e-01	   6.4382603461330512e-01	   8.3283143974055984e-01	  -1.0164585214200003e-01	  -2.4329151541262470e-01	   3.4961183995800238e-01	   2.4812180272636719e-01	   5.5658032540905067e-01	   5.9507232251631637e-01	   6.5799198102441880e-01	   7.5781464062357262e-01	   5.7391881486552554e-01	   6.2639272109345501e-01	   6.7697571458075378e-01	   7.8036130590686104e-01	   1.2485258724378638e-01	   2.6518073644941409e-02	   4.1847580034548615e-01	   5.5644150326509689e-01	   5.0573126491661191e-01	   4.9780010021179932e-01	   3.2907706429148148e-01	   3.4801863161205526e-01	   3.7092382017723274e-01	   3.7662837128558080e-01	   3.7642808627645402e-01	   3.3010993241289577e-01	   3.2173725745844273e-01	   1.3345011224628833e-01	   4.8461557478564510e-01	   3.4489533473172435e-01	   4.1061090751055707e-01	   3.9424859187558547e-01	   4.3748139642325889e-01	   3.4932148963986248e-01	   1.9574916838708248e-01	   2.8567698152148846e-01	   3.2988782659625149e-01	   1.8617632239775628e-01	   2.6085576570836255e-01	   2.3517388858039623e-01	   4.7769871978779754e-01	   3.1651331085184187e-01	  -5.9789143657955575e-02	   1.2536391499128527e-01	   4.9462728615765428e-01	   6.3793200701118824e-01	   6.0607375747792147e-01	   8.2142909475722947e-01	   2.6685493929888010e-01	   3.5921799728500320e-01	   5.3409811333417634e-01	   7.6582572896221457e-01	   5.3476799423117061e-01	   6.1023309186382479e-01	   3.4195112380435855e-01	   6.9614140115377987e-01	   5.0525142093939945e-01	   6.0779754334145364e-01	   2.7091460638770470e-01	   1.3394651889870951e-01	   2.3679509469439547e-01	   1.2612944703911805e-01	   3.7934403000812827e-01	   4.0944850324539606e-01	   7.8548577302311545e-02	   4.9258322524254675e-03	   1.5955104606200401e-01	   3.0025540769899461e-01	   3.4614540034711727e-01	   1.2062672595911211e-01	   6.0114089750271793e-01	   7.5728476647115128e-01	   3.5733426948456681e-01	   3.0446151815484745e-01	   6.9101800877420683e-01	   7.4564152490959801e-01	   7.8138777067145915e-01	   4.8344874052435050e-01	   7.8249584394700755e-01	   4.5679056164126808e-01	   1.8970896168413581e-01	  -1.8163374247636133e-01	   2.8991431786533861e-01	   1.8077019084762247e-01	   4.4697807575962722e-01	   3.6339979587852589e-01	   7.0237274836906050e-01	   2.4807722476252653e-01	   8.9812465244193840e-02	  -3.1580833908625018e-02	   1.2975810442263136e-01	   6.4325407388460931e-02	   2.7738873781246332e-01	  -2.6178977410587945e-01	  -1.3455955600842655e-02	   3.0572796259168844e-01	   2.7098513145724101e-01	   4.5435841245950870e-01	   6.1548551608474977e-01	   3.5389042609451671e-01	   1.8191522352352918e-01	   2.5214672606471772e-01	
   7.4505338969670154e-01	   6.2901848991593268e-01	   6.6953413518454297e-01	   5.0666864912433218e-01	   5.7184898452199751e-01	   4.4585094840165762e-01	   8.0589964392839086e-01	   7.6376264364524404e-01	   7.0036218319109744e-01	   5.3041279296434807e-01	   0.0000000000000000e+00	   8.0041969747509345e-01	   9.1984813323133929e-01	   7.7948613645915410e-01	   8.2732780457794775e-01	   7.0113186841271857e-01	   4.6676984158146484e-01	   3.3224801596051812e-01	   7.8446497103551849e-01	   5.9840289083301301e-01	   5.5149987547000034e-01	   3.7261714993378919e-01	   6.6179996283401854e-01	   6.4201864709234369e-01	   4.5963666422985838e-01	   3.4332984957223445e-01	   4.8459689279762036e-01	   5.1781602814364946e-01	   6.9468529934322631e-01	   5.7887853017212998e-01	   6.0671421963262473e-01	   6.2055860265585872e-01	   5.6885205625373481e-01	   5.9153068327558989e-01	   1.5967770267221465e-01	   1.6012449643395843e-01	   4.3598684842095664e-01	   4.6553979707235582e-01	   5.8221095614949525e-01	   4.6497375031024074e-01	   6.1838102725669630e-01	   4.4466855409679595e-01	   5.8643785080324040e-01	   5.5799470028327236e-01	   5.3220829784530355e-01	   5.4047984040797081e-01	   5.7923870755765305e-01	   5.0058103699203937e-01	   4.0383538845271605e-01	   3.9315352999835856e-01	   4.7070070154163013e-01	   3.0296758255419198e-01	   4.7464471537154529e-01	   4.2036460181563612e-01	   5.7764851041170573e-01	   5.3251223417479077e-01	   3.4636129676906802e-01	   4.2009691574167141e-01	   5.8387115789836730e-01	   5.0781421494642187e-01	   7.0663079121121863e-01	   6.0774287461020893e-01	   6.8538943465853286e-01	   6.5886131873822262e-01	   3.9133551627018770e-01	   4.0382755970103568e-01	   5.6131679874855123e-01	   4.5630228040130172e-01	   4.7711182267766217e-01	   4.5814317909242869e-01	   8.0532536639524333e-01	   7.1931099053018355e-01	   6.9553727994291137e-01	   5.3140380211860472e-01	   6.7000372171886169e-01	   5.0762655131314594e-01	   7.5887134012549184e-01	   6.5536407884103853e-01	   5.3168015399513679e-01	   5.2595890088264130e-01	   5.5099643306651747e-01	   6.6505325932454717e-01	   6.9892107787034075e-01	   4.7180976179968726e-01	   7.6742003905384359e-01	   7.1727465057946971e-01	   5.8163126995142056e-01	   4.7461193571090826e-01	   7.1305327140174846e-01	   6.6770347173939337e-01	   5.1024822467330511e-01	   8.5647122250747665e-02	   2.6248535413741625e-01	   1.8624084862184193e-03	   2.2680992635639621e-02	  -4.2463625220389739e-01	   2.8552923676404546e-01	   3.7130496935700835e-01	   5.1497462979250297e-01	   5.1031602631812856e-01	   4.4282782218255340e-01	   1.4513470262034403e-01	   1.4998541408470106e-01	   2.0649190581291002e-01	   3.3173273482195303e-01	   2.2589057418848985e-01	   4.3068104333109214e-01	   2.4141308220837866e-02	   1.7578009795170574e-01	   4.2341797731985908e-01	   3.2379261310523633e-01	   4.1854440275855631e-01	   2.1057419682047793e-01	   3.7811818600716629e-01	   4.4183426544437410e-01	   3.4403224496332374e-01	
   6.7248039790491609e-01	   7.5317264042151488e-01	   4.2209718909638327e-01	   5.7917158803463964e-01	   5.7621223747212513e-01	   6.8187364455414556e-01	   6.2243846344175391e-01	   8.8104141796661417e-01	   5.8640262926023656e-01	   6.5510386732232639e-01	   8.0041969747509345e-01	   0.0000000000000000e+00	   7.5941198497249041e-01	   9.0878648442011034e-01	   6.2374974818240425e-01	   7.6084403474624795e-01	   4.5384571783949856e-01	   3.4999509286421815e-01	   6.8209588035163582e-01	   6.0732825093086873e-01	   5.7536732380872291e-01	   5.1842011168156144e-01	   5.0246354702026874e-01	   6.2235252325591284e-01	   4.1465985137179584e-01	   4.3433514902972215e-01	   4.1872924567243802e-01	   5.6593719847225032e-01	   6.6117110286004699e-01	   6.3794677865957017e-01	   5.7834493806338305e-01	   6.8076893107437653e-01	   5.7623913100236579e-01	   7.2595667029507138e-01	   1.4347316864771212e-01	   2.3832274803269787e-01	   3.5460433837394978e-01	   4.1156321210896185e-01	   4.3848790307668384e-01	   3.9864235969865991e-01	   4.8441938533722989e-01	   3.9222957766483246e-01	   6.6377146853627100e-01	   5.9839550272610298e-01	   6.5596294784324627e-01	   6.8171219473134448e-01	   6.3844573391254433e-01	   5.6364219345255506e-01	   5.0619867422437914e-01	   5.5706716238098219e-01	   5.7408639969012976e-01	   4.6344968805629572e-01	   5.3513339969228035e-01	   5.0753337990711156e-01	   6.0361856842289963e-01	   6.2395657265800764e-01	   3.8180303727012932e-01	   4.0316793297246495e-01	   5.7234896048266615e-01	   6.6133645653937168e-01	   6.8951937465746704e-01	   8.2358611453352060e-01	   6.9375173827048986e-01	   7.6898130692871669e-01	   2.3916093900578284e-01	   5.1963877869247344e-01	   5.4001595363571997e-01	   5.8274016549403362e-01	   3.7322002682628452e-01	   5.3094259678618427e-01	   7.0160376957782822e-01	   7.8169301341004627e-01	   6.0417721039742611e-01	   5.1419800474577182e-01	   5.4803187265351672e-01	   4.2462271016007386e-01	   6.0417946845744841e-01	   6.5164012870150023e-01	   5.5914877409393648e-01	   4.9516967159411041e-01	   6.4518121227831493e-01	   7.2843436759302160e-01	   6.0302145148528263e-01	   4.6020127335475980e-01	   5.9537169305970494e-01	   7.8133078271120981e-01	   4.1130757768039378e-01	   4.8575250588433100e-01	   5.9171502288683475e-01	   7.5239355781375572e-01	   6.6369780683722346e-01	   1.1566287273965281e-01	   3.2566820939597574e-01	  -2.5897048391515885e-02	  -4.5852940551405388e-02	  -3.8118168872130764e-01	   1.8841028778433044e-01	   3.5504820541815690e-01	   6.2483736054371708e-01	   5.5612109586076874e-01	   5.7547138758198590e-01	   8.1062674954710076e-02	   2.6635580723393404e-01	   1.3069202976844410e-01	   2.8900359855233437e-01	   1.3794890170620216e-01	   4.7597346015248876e-01	  -4.1712689237261742e-02	   2.9243601170183409e-01	   3.4117720741143531e-01	   2.4420375369005226e-01	   4.8374493358202675e-01	   3.5549913149675361e-01	   2.9284344533217349e-01	   2.8747224679053512e-01	   2.0010383267092269e-01	
   7.1585460142145596e-01	   6.1964720709164600e-01	   7.7414766686440384e-01	   6.4525258421797127e-01	   6.7728378211804618e-01	   5.4084031793034815e-01	   8.8013833722116241e-01	   8.2146575100696761e-01	   8.1085415206016664e-01	   6.3852323228993102e-01	   9.1984813323133929e-01	   7.5941198497249041e-01	   0.0000000000000000e+00	   8.1302470426832285e-01	   8.8143173373878558e-01	   8.1311422762987551e-01	   2.7373788046938219e-01	   1.2015684457007367e-01	   6.8326273415642547e-01	   4.9578197901334875e-01	   6.5374199616153972e-01	   5.0730504022753409e-01	   7.6599807996296798e-01	   7.5387270341305390e-01	   5.9717519334231739e-01	   4.8548475533414925e-01	   6.2031604527377016e-01	   6.3351674276957626e-01	   5.6860143901696136e-01	   4.3438382377372758e-01	   7.0282917030954817e-01	   7.0010998694087268e-01	   6.7191744643894091e-01	   6.1729742331152360e-01	   2.8256982423652921e-01	   2.6188896607667367e-01	   3.8714326392674969e-01	   4.1356312803857781e-01	   5.6513480293289442e-01	   4.4530394538363516e-01	   5.3231901579159802e-01	   3.3463727238817653e-01	   5.7980650037876047e-01	   5.2958469924893126e-01	   5.0160386271515156e-01	   5.1952173370434873e-01	   5.6559658873333341e-01	   4.9749929812124011e-01	   3.2091826034296544e-01	   3.5702070655135604e-01	   4.4793756676988661e-01	   2.7023963193814693e-01	   4.5018698693086379e-01	   4.2405767994772381e-01	   5.7411212395283850e-01	   5.0601506398012253e-01	   1.9190513143095569e-01	   3.1370319205291763e-01	   5.9772117808068270e-01	   5.4081069498399614e-01	   7.6346633437268219e-01	   6.5449319442855347e-01	   5.5459026893773866e-01	   5.4938837228462367e-01	   5.6760054565083706e-01	   5.3564889590106612e-01	   6.5315869908534330e-01	   5.4036602822846802e-01	   4.8240739330089666e-01	   5.4468939120301008e-01	   8.0576608833849805e-01	   7.4366004095329230e-01	   6.0129394767401678e-01	   3.8418193084590230e-01	   5.2432338766106956e-01	   3.4871375573696556e-01	   7.0026812069327171e-01	   5.6214271441145880e-01	   4.4710502095146976e-01	   4.1258022037889086e-01	   4.2866814390869434e-01	   5.9190112377013182e-01	   7.0241734851920357e-01	   4.1705588044789921e-01	   8.0579604789295944e-01	   7.7819910248522728e-01	   6.2638137508371661e-01	   5.3025466138061295e-01	   7.7691543614824887e-01	   7.2307575972312288e-01	   5.5660898188626728e-01	   1.8953889092506082e-01	   3.4903187463568075e-01	   1.5667969921221808e-01	   1.5833928087956262e-01	  -2.9402722056056740e-01	   3.2275690333215745e-01	   3.8268280568956620e-01	   4.1207656322760972e-01	   4.1617075285076888e-01	   4.5141781197367198e-01	   1.8553303747702682e-01	   2.3730662030426838e-02	   1.0727734012538434e-01	   2.1980226542910736e-01	   2.2612492156921105e-01	   3.9162920104763610e-01	  -7.7882264001951210e-02	   1.1541895526250409e-01	   4.5451235515880822e-01	   3.3510152769388896e-01	   4.1851931585001378e-01	   2.9534751501340173e-01	   4.0815035676906114e-01	   3.9323470308164810e-01	   3.3438359015233687e-01	
