   0.0000000000000000e+00	   8.2582669826235744e-01	   7.2453422572748472e-01	   7.5079163038565466e-01	   4.8388809988412573e-01	   4.2753715600959497e-01	   7.4437639592665938e-01	   7.0938766614890369e-01	   6.7202272578398414e-01	   6.6834641523526339e-01	   9.3441276481254865e-01	   7.4274516427816639e-01	   8.4400611240321088e-01	   8.0312999750985714e-01	   7.8234092279026335e-01	   8.1726895550822531e-01	   7.2150223612103703e-01	   6.0918986640320505e-01	   8.4450409995014186e-01	   7.1649735956385485e-01	   3.8902437200965001e-01	   4.8570211943438113e-01	   5.7537466655162162e-01	   6.9139478572470958e-01	   5.6409974352879977e-01	   5.2804520128567511e-01	   4.3734810600443763e-01	   5.4845128756819961e-01	   6.3891249995681654e-01	   6.2600664427398556e-01	   6.4628566539302612e-01	   6.1352525692946736e-01	   8.0771974501336319e-01	   7.8351691437668003e-01	   5.7435797161029134e-01	   5.9230980633036290e-01	   5.9641132981626688e-01	   5.8379374326360989e-01	   5.7958626893499010e-01	   5.6713533360985069e-01	   6.6137249019563327e-01	   5.8361053095508642e-01	   5.3464986652740099e-01	   5.2483850864946735e-01	   4.3146059613459531e-01	   4.8125994595569943e-01	   6.9232276983457397e-01	   6.5793144754031352e-01	   4.6381674558895458e-01	   5.6668786085875722e-01	   6.7247339446370624e-01	   6.2417793548395339e-01	   7.7090802634210764e-01	   6.3460178912709031e-01	   8.3624881207388269e-01	   8.0287764308581011e-01	   9.1681233311731236e-01	   8.0935541381092779e-01	   6.7049044496798871e-01	   7.1278054235996957e-01	   8.2687795405461950e-01	   8.4600030910354618e-01	   7.6781093822815860e-01	   7.1302915976083070e-01	   6.7253898774900489e-01	   6.7298310000968187e-01	   6.9119751336430801e-01	   5.3038830378351065e-01	   8.5072802695553440e-01	   8.3550894103949014e-01	   6.8069545974392276e-01	   6.2029542392896120e-01	   7.8127769409173209e-01	   7.0752780731506049e-01	   7.2896350267349219e-01	   6.0485885870474032e-01	   8.3246122953284885e-01	   7.6932355213055470e-01	   6.8313630177318463e-01	   6.1214482533767534e-01	   7.5463711935128464e-01	   7.5505245386240660e-01	   7.3201991794326560e-01	   6.3006795578421071e-01	   8.8442973325673502e-01	   8.3962192605522445e-01	   2.4291520525330024e-01	   5.2462745010354628e-01	   8.6644548525438214e-01	   8.9351445752853009e-01	   5.1607747270844206e-01	   3.2541062333463422e-01	   5.9622402503135885e-02	   1.2837378276921124e-01	   3.6640543755598753e-01	   9.3386490213974410e-02	   7.4425564623656293e-01	   7.1892896324945788e-01	   6.9436890500127169e-01	   6.5618425390908897e-01	   5.0655709058089959e-01	   2.4909984727644335e-01	   6.1814301429485596e-01	   5.0591940911871480e-01	   3.8898104829889535e-01	  -5.4899958986428229e-02	   6.4800372712541443e-01	   3.3155952250631815e-01	   6.4425407315984146e-02	   5.9002563910784189e-01	   5.8442029998684786e-01	   5.3356373456438977e-01	   3.1441064707942545e-01	   6.5931844271716777e-01	   5.0440630092215000e-01	  -1.4100539790808198e-01	
   8.2582669826235744e-01	   0.0000000000000000e+00	   5.4727921152201486e-01	   7.3168127406875327e-01	   4.5471822543111784e-01	   4.5811867782576610e-01	   6.1389732267885999e-01	   8.4929951454895491e-01	   5.5010070467332051e-01	   7.2730322765745881e-01	   7.8743569627335364e-01	   8.4547962350913042e-01	   7.6015100886971254e-01	   8.7140732092796980e-01	   6.6731802457842226e-01	   8.7763232465090957e-01	   7.5917443906308546e-01	   7.2231505963875842e-01	   8.0757879279153078e-01	   8.5159601759956893e-01	   3.0103451686858618e-01	   4.6444678501549674e-01	   5.3178870995069083e-01	   6.7828777168587906e-01	   5.4061307308747475e-01	   4.9566969212138801e-01	   3.8088923500570915e-01	   4.6990997837771020e-01	   7.1243435355787699e-01	   7.2707720021719835e-01	   6.6814258516172242e-01	   6.5057792829646166e-01	   8.1703882877798351e-01	   8.5895080380801980e-01	   4.5966336708006938e-01	   4.8315053153764181e-01	   5.5982371343849047e-01	   5.9982800134860625e-01	   5.1946294353167843e-01	   5.5711439096596138e-01	   7.2558505111110860e-01	   6.2320151560717707e-01	   6.5944185100991404e-01	   6.5503518575874309e-01	   6.0515900050216842e-01	   6.2886614655844786e-01	   7.6984714624518413e-01	   7.4406821968113901e-01	   6.1197972397418476e-01	   6.8634176309510209e-01	   7.0127049250351403e-01	   5.7743807563898941e-01	   7.3840353782738199e-01	   5.4344650332412303e-01	   8.1584845650879356e-01	   7.7630024354943972e-01	   8.2862330191213107e-01	   8.6164609151875160e-01	   6.3253120133296226e-01	   7.4253983823200043e-01	   6.8487812957180605e-01	   8.3576134780816380e-01	   7.2060127903477222e-01	   7.7492844800963145e-01	   4.8697915526499386e-01	   5.3014708432761326e-01	   6.0117622011089333e-01	   5.1387676342096822e-01	   8.3204412903726310e-01	   9.2202668623126471e-01	   6.0581381228783049e-01	   6.6993442463830410e-01	   7.0770828193333246e-01	   6.8211163337894132e-01	   6.7664775452303760e-01	   5.7662592007570557e-01	   7.7398107636356073e-01	   8.0937257348651448e-01	   8.0352037651058494e-01	   6.5766511426585350e-01	   8.6202773144944977e-01	   8.3075088376114203e-01	   6.6059709511336406e-01	   7.9106927247462999e-01	   8.2139127763127384e-01	   8.4158920667875159e-01	   1.9198879522169371e-01	   4.6706872563084334e-01	   8.1500344343482611e-01	   8.4339346920513503e-01	   5.7506769445155437e-01	   2.2479867407843002e-01	   2.9456640859376750e-02	   7.1193251284190915e-03	   3.5121401526011592e-01	   1.0743211561181475e-01	   7.7386336725943183e-01	   7.1836954423229493e-01	   7.7448634800489591e-01	   6.5662034802386371e-01	   5.0660997985821332e-01	   2.2628019201599281e-01	   7.1046935074021889e-01	   4.7874837722817054e-01	   2.9100723323739797e-01	  -1.8139539929663784e-01	   7.2486311120063718e-01	   3.0923528785365517e-01	   4.7180161943796962e-02	   6.2775921769769238e-01	   5.7401073909163236e-01	   6.5325845710509345e-01	   4.0822821094277018e-01	   6.4525105126214100e-01	   4.0401200913150509e-01	  -1.0640756180801927e-01	
   7.2453422572748472e-01	   5.4727921152201486e-01	   0.0000000000000000e+00	   7.0344340689644280e-01	   5.5696627157317435e-01	   4.0957483637010195e-01	   8.7407183955151346e-01	   5.4448447272927791e-01	   7.7596017084218771e-01	   5.9897669368508233e-01	   6.8759208004559802e-01	   4.0386441830055175e-01	   7.2692365141824422e-01	   5.2809703241218686e-01	   7.3883337381920322e-01	   6.0390854686217488e-01	   5.4830008905649885e-01	   4.7446592669539156e-01	   7.0791793337935582e-01	   5.7565396151387471e-01	   4.5662268810926238e-01	   4.4829525428461969e-01	   8.2326673366651792e-01	   7.8821299871558970e-01	   6.6120686243306614e-01	   5.7054569598722771e-01	   5.3099948484751691e-01	   5.7256238656579717e-01	   4.5761958722838048e-01	   4.3858102144863520e-01	   6.7552846991275217e-01	   5.9055775253115572e-01	   6.5194376661283815e-01	   5.7070766681728380e-01	   6.0489641318490617e-01	   5.9671580700845239e-01	   5.9061412450288353e-01	   5.8962028545786294e-01	   6.3101204271078570e-01	   6.3146356168571494e-01	   6.1333243822993777e-01	   5.6670974020309384e-01	   3.7439829106484435e-01	   3.2610028057315893e-01	   2.9901819469243207e-01	   2.7956262291106171e-01	   4.3731570333795111e-01	   4.3957385137146832e-01	   2.1862569438630841e-01	   2.5372020440916171e-01	   4.7719786762795896e-01	   3.5793490741335177e-01	   5.8219257598553220e-01	   4.8793111239382619e-01	   6.4172306437975957e-01	   6.3171094780771453e-01	   7.4455321064669389e-01	   6.9827483190727124e-01	   3.2569983872900393e-01	   3.4881545097175443e-01	   6.1058636691494328e-01	   5.7645659042082320e-01	   5.5600318738273580e-01	   4.0143852082820863e-01	   7.9404348636236577e-01	   6.7529281034221689e-01	   5.6211207139654040e-01	   4.2535720013001410e-01	   6.4622696518444600e-01	   6.2656803375108627e-01	   6.1283673993266108e-01	   4.8364608209015336e-01	   5.8447014015217391e-01	   5.0704830590414374e-01	   5.6537003939365027e-01	   4.8808067111712650e-01	   6.7449128075983245e-01	   5.1802494148411904e-01	   4.9360955130211620e-01	   4.5651279886431012e-01	   5.5198588738641929e-01	   5.8336034142498394e-01	   6.6321271291162298e-01	   5.7454281666659091e-01	   7.2619311588611635e-01	   6.5811943753352797e-01	   3.2680472167311103e-01	   6.3422450240775241e-01	   8.0676853042447194e-01	   7.4611916698144065e-01	   4.2087476232141163e-01	   5.0462453490708947e-01	   1.7884720467897885e-01	   5.3043469393683973e-01	   1.9169945099852018e-01	  -5.2870939480613953e-04	   4.4530152700190007e-01	   5.2184439139302408e-01	   4.4615766877643864e-01	   5.0677793035329288e-01	   5.0564056273362123e-01	   5.8268177836344470e-01	   6.0935402066061339e-01	   6.7293987515237630e-01	   4.7217486459644886e-01	   2.5458839513014819e-01	   2.8733854889565813e-01	   2.3502958988236483e-01	   3.3971990345426899e-03	   5.2102650704934339e-01	   5.7182981449593151e-01	   5.0462562093405083e-01	   4.6272995139498840e-01	   5.8307025564020543e-01	   3.8693691705657401e-01	   5.3580198941615385e-03	
   7.5079163038565466e-01	   7.3168127406875327e-01	   7.0344340689644280e-01	   0.0000000000000000e+00	   4.4915030154210328e-01	   4.9965255059125785e-01	   7.9835434116074333e-01	   8.4319976881239045e-01	   6.0454302167148166e-01	   7.2851001391346193e-01	   6.9753193341900199e-01	   6.8924752245071774e-01	   6.6895842703099084e-01	   7.3193101272105898e-01	   5.3423517286477729e-01	   7.2530005420106691e-01	   6.4484728744484010e-01	   5.9352095275773853e-01	   6.7273184436184863e-01	   6.8856430595457396e-01	   2.8945077503110500e-01	   4.3262095310996462e-01	   6.6370603433324071e-01	   8.4542073909114523e-01	   4.6999778581299451e-01	   4.6454021881870078e-01	   3.7392653984673263e-01	   4.7071412678914998e-01	   6.1405575599258544e-01	   5.9505397577434915e-01	   7.4260839993752037e-01	   7.8215936560594346e-01	   8.3151743510271903e-01	   8.1481389333735721e-01	   6.4484518139126079e-01	   7.3330065189547067e-01	   5.5277362202320957e-01	   5.7637988383813998e-01	   5.0876733324259105e-01	   5.6670584353006570e-01	   6.6314402856659727e-01	   5.6992482547396028e-01	   6.4545785971244896e-01	   6.2038154543370683e-01	   6.9457630764875811e-01	   6.9952642703616896e-01	   6.9909601297998814e-01	   6.9677330909451385e-01	   5.4290698211826716e-01	   5.5849995841745326e-01	   5.5374633105587034e-01	   4.8880543688837480e-01	   5.8553273450668053e-01	   3.9092503226847958e-01	   7.1961830385005987e-01	   6.8606885920534011e-01	   7.0431583640319506e-01	   6.7773910190535713e-01	   4.8011519639856615e-01	   5.5197017401460058e-01	   6.2698686481870769e-01	   7.3760967468695204e-01	   7.4982752454842161e-01	   6.6090442224679768e-01	   5.6897621151404731e-01	   7.3235771974684827e-01	   8.1838116499971614e-01	   7.9523216427019272e-01	   5.6905173022356659e-01	   7.5657867262895473e-01	   5.1420275670732551e-01	   6.7546071241645445e-01	   6.2187523067682238e-01	   6.1798557189420711e-01	   5.9941421272680229e-01	   5.4018607266138730e-01	   7.7550023827109227e-01	   7.0888555923411445e-01	   6.4054383479772681e-01	   5.3882158771048960e-01	   6.7105893471434053e-01	   7.1924481875271384e-01	   5.9006860141490525e-01	   6.4881441874555834e-01	   7.7724577510905268e-01	   8.1404799510961756e-01	   1.9214160172826833e-01	   5.5756618943686287e-01	   7.9007212498229751e-01	   7.4102455137826961e-01	   5.7125243684084237e-01	   3.1099850471618717e-01	   2.5548641880755590e-01	   1.6922675560346703e-01	   1.7797734629142664e-01	  -1.0498713697701719e-03	   6.0852894282523751e-01	   5.2311257209076079e-01	   6.7581855247122491e-01	   6.1918705063144230e-01	   5.2195404337340812e-01	   2.3244101347500690e-01	   6.9191787298717400e-01	   5.0151191470916723e-01	   4.1848755696559070e-01	   9.0069606327102508e-02	   5.4516617522367317e-01	   2.3473888159793446e-01	  -2.6365856383213822e-02	   4.1586273477146302e-01	   4.8915724448471876e-01	   5.8370584996910946e-01	   4.0540318655084817e-01	   6.1854919448868662e-01	   4.5507630289480583e-01	  -6.4781711173621956e-02	
   4.8388809988412573e-01	   4.5471822543111784e-01	   5.5696627157317435e-01	   4.4915030154210328e-01	   0.0000000000000000e+00	   8.9472281034081802e-01	   4.4544556469659474e-01	   4.5569197759909130e-01	   7.7328669568582376e-01	   6.9686068549721747e-01	   3.8293775161157306e-01	   3.0870298779929950e-01	   4.1514141676291927e-01	   3.9225479920569961e-01	   6.5997008122820611e-01	   5.5496145989817891e-01	   3.1492445045803363e-01	   2.9350579648661101e-01	   4.4888247733865683e-01	   3.8474644462748453e-01	   6.6735105274390838e-01	   6.5343747298885047e-01	   5.7058988128547794e-01	   5.1764024357728977e-01	   7.7365623235715142e-01	   8.4497790819829910e-01	   7.1220524546280450e-01	   8.5078827569607252e-01	   2.5271639202847718e-01	   2.4264508489871567e-01	   4.4357025442643683e-01	   3.3074320727287565e-01	   4.8613035127539644e-01	   4.5002536528540882e-01	   4.8031574419866152e-01	   4.8014219240881340e-01	   1.2338527453104504e-01	   1.5165567615005107e-01	   3.6359523960410300e-01	   2.2729931019270161e-01	   2.4096377577330103e-01	   1.5265996128373333e-01	   6.1774162555529288e-01	   5.7119505417578065e-01	   5.7410353959120231e-01	   5.6670172425519849e-01	   5.5635837977170288e-01	   5.7704208153328551e-01	   5.2037371573932845e-01	   5.4424878507426688e-01	   5.9506353576696092e-01	   5.2354994297944146e-01	   5.6397706675774695e-01	   5.4327169605974568e-01	   4.1034773579525252e-01	   4.7750988262660743e-01	   5.8988009219594550e-01	   5.5362539494658947e-01	   4.6441144564905545e-01	   4.8015543102146130e-01	   4.3571078406931618e-01	   5.4557243199650318e-01	   2.9119618455853485e-01	   2.4083341797661117e-01	   4.1658316419071395e-01	   4.8591848151292910e-01	   5.5800681305095656e-01	   4.5887660047174533e-01	   4.8901438093803495e-01	   5.5489575086561871e-01	   4.8509196543901556e-01	   4.3259730484198400e-01	   3.0888023809640525e-01	   2.4653771887920475e-01	   1.8234264250668480e-01	   1.5467678837260201e-01	   4.0855985452051502e-01	   3.5449025768428216e-01	   3.8073743539367322e-01	   2.3455417614545782e-01	   3.6882266030046351e-01	   3.7145885657056410e-01	   4.3055565150291020e-01	   4.0425297828812806e-01	   4.6383006366084806e-01	   4.7659514615359622e-01	   1.4129967413345187e-01	   3.2476328486935163e-01	   5.3154147555886411e-01	   5.5919330028049163e-01	   5.9674139166295070e-01	   5.1790982341216818e-01	   3.8569187033482177e-01	   4.0591064254612186e-01	   2.8043705960904725e-01	   5.8729838435062277e-02	   4.1502177818667574e-01	   4.2155040159593016e-01	   5.4041921982442365e-01	   6.0394768046308045e-01	   4.6264259162128912e-01	   5.1409524798658246e-01	   3.6015266800745166e-01	   5.3358596299888483e-01	   3.9066698506978181e-01	   2.9812783701644041e-01	   1.9015951720481727e-01	   2.6178319363023017e-01	  -2.5086285637635575e-01	   1.6031424254436849e-01	   4.5926122848062545e-01	   6.2432600351388534e-01	   5.8572675992932854e-01	   4.1590286965406786e-01	   2.3578909491343270e-01	   5.0600130946621316e-02	
   4.2753715600959497e-01	   4.5811867782576610e-01	   4.0957483637010195e-01	   4.9965255059125785e-01	   8.9472281034081802e-01	   0.0000000000000000e+00	   3.8231102950262041e-01	   5.4502675644896448e-01	   6.6972044130680186e-01	   8.1140743318578445e-01	   3.4329137807896115e-01	   3.5182139099859255e-01	   3.6768126822397040e-01	   4.2860102716253434e-01	   5.8349768974092764e-01	   6.1285708053327359e-01	   2.9865654269042063e-01	   2.5998437925176054e-01	   3.5584770499163487e-01	   3.6146389319011524e-01	   6.4705727464887364e-01	   7.1992213600848487e-01	   4.9085670979475748e-01	   5.1404860557192744e-01	   6.2727044835550205e-01	   7.5873024656485732e-01	   7.1029482415012901e-01	   8.4616614526994938e-01	   2.6222561418717993e-01	   2.1199944164014492e-01	   4.0353097623387413e-01	   3.3062383270953050e-01	   4.3659907709798540e-01	   4.4025226931586081e-01	   3.8174797462524263e-01	   4.3590746348899945e-01	   2.6381763563267165e-02	   7.5501169733253853e-02	   2.8389631837934626e-01	   1.2306016200989517e-01	   2.0843014638229510e-01	   4.8441081157619997e-02	   6.7633762988995627e-01	   6.2062772388356802e-01	   6.4233863316299122e-01	   6.4979520687337045e-01	   5.7488143473134468e-01	   5.8987341011590178e-01	   6.0171201580157452e-01	   5.9883861426578089e-01	   6.1134039932668327e-01	   5.0673482925594060e-01	   5.5837197708135344e-01	   4.8208770996912220e-01	   3.5949488460388024e-01	   4.1940848843234091e-01	   5.3914909876266848e-01	   5.3123132374933490e-01	   4.6620077205499100e-01	   5.1269239968723224e-01	   3.8089306417397695e-01	   5.5832657314948897e-01	   3.9656794513253085e-01	   2.9253495607012997e-01	   3.2637772279142208e-01	   4.4913945777156317e-01	   5.3975633123031730e-01	   5.0615866675030707e-01	   3.9515727635187992e-01	   5.5230887012231056e-01	   4.3944659672211961e-01	   4.8365334004249061e-01	   2.3266698216272341e-01	   1.5794383272369017e-01	   9.5325076176357382e-02	   3.9429263128187994e-02	   3.5523342980052430e-01	   3.3372053774395216e-01	   3.5460935790917292e-01	   1.4974353034648336e-01	   3.5661692381596660e-01	   3.2300410841468186e-01	   3.4301350083176962e-01	   4.1530455669522442e-01	   4.4024390042986378e-01	   4.8622570777718421e-01	   1.2499385516487675e-01	   3.3816023837450043e-01	   4.7767929251653263e-01	   5.2691589912665182e-01	   7.0682810087377868e-01	   5.4329072508845566e-01	   5.4299331135185636e-01	   3.5559246330290573e-01	   2.5529711112542153e-01	   8.5632962600703175e-02	   4.1414125003670244e-01	   3.6446955433354633e-01	   5.9631394376189661e-01	   6.5085704772701636e-01	   5.1875273798013910e-01	   4.1522329563302157e-01	   4.4090614899459168e-01	   5.5594709541845566e-01	   3.5763032861403993e-01	   2.5469071817221323e-01	   3.1620561584471313e-01	   2.8278988348686607e-01	  -3.0573541751031319e-01	   4.3798485221946681e-02	   3.2727145881045405e-01	   6.3236967320388415e-01	   6.2129025356495005e-01	   3.9818643344642252e-01	   2.5862613413958646e-01	  -4.6161320775966797e-02	
   7.4437639592665938e-01	   6.1389732267885999e-01	   8.7407183955151346e-01	   7.9835434116074333e-01	   4.4544556469659474e-01	   3.8231102950262041e-01	   0.0000000000000000e+00	   7.4917087348256473e-01	   7.7309578714107929e-01	   6.8730493981210783e-01	   7.4098347627332983e-01	   5.9313148913770486e-01	   8.0086864672850266e-01	   6.7758872267163339e-01	   6.4926129235371599e-01	   6.6111112469370947e-01	   6.5894608867046633e-01	   5.7713907966965405e-01	   7.7394086276412810e-01	   6.7292507682973612e-01	   3.4206499004965518e-01	   3.9743989643140920e-01	   6.5715851796022062e-01	   7.4744731638737927e-01	   4.0386191777925734e-01	   3.6603556387439806e-01	   3.9064398752262242e-01	   4.2525690294084395e-01	   5.7757372506986238e-01	   5.5828205177189594e-01	   7.0745336146736992e-01	   6.6875492084538757e-01	   7.2643281350784650e-01	   6.9692688425685734e-01	   4.7305399159176476e-01	   5.3145268590060302e-01	   5.8661452764439836e-01	   5.9167008793447451e-01	   6.0164665707296794e-01	   6.5674186286589142e-01	   6.7227973925001705e-01	   6.3869646711618477e-01	   4.3359801471054604e-01	   4.2965315342518839e-01	   4.0891812005696188e-01	   4.1112790251648240e-01	   5.2918375139469798e-01	   5.4716354830849212e-01	   3.3363967974199282e-01	   3.4816985665494005e-01	   4.3376452483260958e-01	   3.3289302336661086e-01	   5.1709327182340792e-01	   3.6921901845605593e-01	   7.0372007415526283e-01	   7.0873278486164892e-01	   7.1889412418092458e-01	   6.5944223442119199e-01	   4.0071381604681844e-01	   3.9771650753824161e-01	   6.6397737727060391e-01	   6.7479730770194601e-01	   6.9832727967257568e-01	   5.7984644953084452e-01	   6.5520808265661046e-01	   6.6033324297107454e-01	   6.0976523260181970e-01	   5.4081453059236995e-01	   5.8423564076283530e-01	   6.3635962088515841e-01	   5.5469111195403942e-01	   5.4476979044098128e-01	   6.5763247084230703e-01	   6.4131684624798968e-01	   6.7015303761421086e-01	   6.1910647829202858e-01	   7.3957668438967517e-01	   6.1061704361355817e-01	   5.8283859106969094e-01	   5.3611475394130648e-01	   6.3331264008940491e-01	   6.8993198676323764e-01	   5.9743451372799394e-01	   6.4553540277283106e-01	   6.7878976318137252e-01	   7.1671959251273520e-01	   2.8374112180905736e-01	   6.1085430324958445e-01	   7.5166506455703586e-01	   7.1509461384812312e-01	   3.9607838536155537e-01	   3.6272776364192272e-01	   6.4965439191455143e-02	   2.7655700180660769e-01	   2.4232819708970493e-01	   8.2199605370060602e-02	   5.7632225834063588e-01	   6.1561935752411845e-01	   5.9650875627084621e-01	   5.9849324528928105e-01	   5.0714982335617864e-01	   3.9591434423029342e-01	   6.2699284127655641e-01	   5.8895058493406138e-01	   3.9187062472778045e-01	   9.4759915440168013e-02	   3.5014399830899867e-01	   2.6337795864307612e-01	   8.2068175167097093e-02	   5.3713323901486398e-01	   5.8075736079391993e-01	   5.7243651411725538e-01	   4.6878201296322786e-01	   6.5549666293260211e-01	   4.1199847318557548e-01	  -1.3957104030571408e-02	
   7.0938766614890369e-01	   8.4929951454895491e-01	   5.4448447272927791e-01	   8.4319976881239045e-01	   4.5569197759909130e-01	   5.4502675644896448e-01	   7.4917087348256473e-01	   0.0000000000000000e+00	   6.0493561686847575e-01	   8.5830236429819351e-01	   7.2222418627884122e-01	   8.6221902134530770e-01	   7.5071450864130085e-01	   9.0575145102475496e-01	   5.5478761666282650e-01	   8.7072514317172778e-01	   7.3828290799870966e-01	   6.9302805254055322e-01	   7.2131982965427111e-01	   8.0524506000081741e-01	   2.3469386559414013e-01	   4.5024292500714452e-01	   5.2375937311555587e-01	   7.4323448041335660e-01	   3.6879593400810584e-01	   3.8178418103657780e-01	   3.4684045714249090e-01	   4.3648358408815080e-01	   7.2347272312450506e-01	   7.1705408388359759e-01	   7.0804399639834892e-01	   7.2299283088799715e-01	   8.2288009509985627e-01	   8.7285019250158247e-01	   3.9897863003694689e-01	   4.9269398402157560e-01	   4.9538743049429373e-01	   5.3187250407958131e-01	   4.6976747161993027e-01	   5.3524503702672332e-01	   7.2433116176219237e-01	   5.9030429311569110e-01	   6.6565062836866462e-01	   6.6683080601215483e-01	   6.9493055994559194e-01	   7.3028822916103620e-01	   7.4243586634974279e-01	   7.4876267269715124e-01	   6.2893862152412072e-01	   6.3978718885919383e-01	   6.2676045657271073e-01	   4.8317257832408311e-01	   6.2745667520591064e-01	   3.8539998053884639e-01	   7.6325592130459807e-01	   7.2513532617554821e-01	   7.1407070447884313e-01	   6.8753671420693740e-01	   5.3103352437046691e-01	   6.2429645981921356e-01	   6.2132119337827463e-01	   8.2426368320363208e-01	   7.6564794388246205e-01	   7.5967824382705551e-01	   3.9795463888247196e-01	   5.6877304537832807e-01	   6.4303253591195630e-01	   6.4735997256617517e-01	   6.4094781558557268e-01	   8.1649242668402144e-01	   5.1882097609158040e-01	   7.2038681092495804e-01	   6.7744194686773884e-01	   6.8074981586044514e-01	   6.7673714167020393e-01	   6.0053601228059494e-01	   7.6051587184112046e-01	   7.8300827061649170e-01	   7.4936018899818801e-01	   6.0827351018338605e-01	   7.8641321937134401e-01	   8.0880196259273052e-01	   4.9816093305248416e-01	   7.9964430198080938e-01	   7.1859622744779872e-01	   8.2161355416301518e-01	   5.9943961381000777e-02	   4.5036315978115410e-01	   7.4714264148178677e-01	   7.5250929032022462e-01	   6.5601842027609847e-01	   2.8575802842449627e-01	   1.3846388146519317e-01	  -6.5540335551443566e-03	   3.3677349927344757e-01	   1.3801624050363992e-01	   7.3005394802826484e-01	   6.6114920973187408e-01	   7.9903409569356054e-01	   6.9827849441410250e-01	   5.2467612092246940e-01	   1.7768700759738476e-01	   7.0869905287842339e-01	   4.7661823341352294e-01	   2.7851135010566480e-01	  -1.6563144039616251e-01	   6.6803182269691608e-01	   2.9358946255504881e-01	   1.5306167851271112e-02	   4.8814529376203297e-01	   5.4755455167007117e-01	   7.2417120252616640e-01	   5.1754242434707121e-01	   6.5532698843315595e-01	   4.1892481329334474e-01	  -5.7745690670710920e-02	
   6.7202272578398414e-01	   5.5010070467332051e-01	   7.7596017084218771e-01	   6.0454302167148166e-01	   7.7328669568582376e-01	   6.6972044130680186e-01	   7.7309578714107929e-01	   6.0493561686847575e-01	   0.0000000000000000e+00	   7.6468534455160719e-01	   6.1968078516851122e-01	   4.5349646666155108e-01	   6.3030263541439446e-01	   5.2782577517439133e-01	   8.0520600127998621e-01	   7.0347654606038379e-01	   5.7757127062724389e-01	   4.8356700650646134e-01	   7.4712688142296946e-01	   6.0486892174723672e-01	   5.2876778987858897e-01	   5.2468730481294634e-01	   7.0177049539521463e-01	   6.7624499085932466e-01	   6.0582453374740863e-01	   5.9922234966166210e-01	   5.4934502194212154e-01	   6.6383184908991000e-01	   5.0090068249350905e-01	   4.4384566990703384e-01	   5.9585057120222817e-01	   5.1997435939971570e-01	   6.5758181593245513e-01	   6.1825592723160483e-01	   4.4465177865222338e-01	   5.0289565386005630e-01	   4.2949880908138627e-01	   4.1130272461488732e-01	   5.3986925237253813e-01	   4.8574760823415697e-01	   5.2833444922084549e-01	   4.4423383652993070e-01	   5.3666335995797110e-01	   4.8004968983170843e-01	   4.2963856599488415e-01	   4.0406272988802189e-01	   5.8776196280804116e-01	   5.6826359150393202e-01	   3.5900673720522136e-01	   3.3790272811439603e-01	   5.0075231484364868e-01	   3.4127715422207361e-01	   6.1443428722037596e-01	   4.6479893461973465e-01	   6.3253759265134546e-01	   6.5347145282022034e-01	   7.1979499293096771e-01	   6.4458345116208748e-01	   4.0397409378700649e-01	   4.1367928568976553e-01	   5.4040062680010648e-01	   6.2287946040457642e-01	   5.1033369809031626e-01	   4.1163995518215513e-01	   5.8233094946984310e-01	   5.5539700302488737e-01	   5.4019310074177707e-01	   4.3531052321163477e-01	   5.9869820994484479e-01	   6.2419073703064853e-01	   5.3703811336337681e-01	   4.4824678924041028e-01	   5.6875210818649724e-01	   4.7210165729565690e-01	   5.0403678186906609e-01	   4.4614493390988696e-01	   6.3137631206842681e-01	   5.0524247461068750e-01	   6.1666572010903276e-01	   4.7758973993116494e-01	   6.0791910595406606e-01	   5.9339733128518612e-01	   6.0974520155091305e-01	   6.0705541397431551e-01	   6.5270794874181404e-01	   6.4192415945547032e-01	   2.4984677892795881e-01	   5.5420035257911504e-01	   7.2270411938652490e-01	   6.9139566460905733e-01	   5.7435228385506154e-01	   5.4404439052402997e-01	   2.6514821895682139e-01	   3.5870572348218094e-01	   3.4520530751217360e-01	   2.0167583808508821e-01	   5.6081494873655813e-01	   6.1872787725659339e-01	   6.1811272588015642e-01	   6.4924206513751703e-01	   4.2619812855749017e-01	   4.4733851625120785e-01	   4.6940017042700033e-01	   6.2401704296312055e-01	   3.7516234605551657e-01	   2.0706175634269364e-01	   2.5617266818936296e-01	   3.1024881819932415e-01	  -1.5682589717788054e-01	   4.5323406986988379e-01	   5.9934545334165179e-01	   6.6915961616616637e-01	   5.7425064729806929e-01	   5.6639872106687128e-01	   2.9653241845623135e-01	  -7.4150541223730283e-03	
   6.6834641523526339e-01	   7.2730322765745881e-01	   5.9897669368508233e-01	   7.2851001391346193e-01	   6.9686068549721747e-01	   8.1140743318578445e-01	   6.8730493981210783e-01	   8.5830236429819351e-01	   7.6468534455160719e-01	   0.0000000000000000e+00	   6.4740646263022184e-01	   6.3544684956930064e-01	   6.8249376023721209e-01	   7.4112896933465100e-01	   7.1631429571863059e-01	   8.8226728910498398e-01	   5.9786761908031305e-01	   5.4826358677530662e-01	   6.2272523367418720e-01	   6.6893219925055569e-01	   4.7126007760269839e-01	   6.2329696228907949e-01	   6.1665701203574608e-01	   7.1225453553541573e-01	   5.1823702318571818e-01	   5.7403057195406193e-01	   5.7644291735067943e-01	   6.7679560685486084e-01	   5.5431289382415683e-01	   5.2312022468593722e-01	   6.1372482659647232e-01	   5.7882411542726864e-01	   6.7907530581828479e-01	   7.1536539499201823e-01	   4.2694624256873659e-01	   5.0316957643211913e-01	   3.2187520750838666e-01	   3.7222796442271822e-01	   4.1801835141151067e-01	   3.8507597561038220e-01	   5.5229530187944620e-01	   3.7163665764199794e-01	   6.3186105672376336e-01	   5.7955152740793525e-01	   6.0877914696093993e-01	   6.3556668939068728e-01	   6.5054282834203736e-01	   6.3562036186703064e-01	   5.6484577185672447e-01	   5.6623130645436659e-01	   6.6297312021786881e-01	   4.8361960640870161e-01	   6.8977463745839929e-01	   5.0969322880859425e-01	   6.2114079544354650e-01	   6.1289723527657058e-01	   7.2926391914685285e-01	   7.0369062985752284e-01	   4.8113098859312498e-01	   5.7925349677679450e-01	   5.9212695824445738e-01	   7.9194705529478293e-01	   6.7211924180640770e-01	   5.5204277314509587e-01	   5.2211739867569129e-01	   5.8779650366295111e-01	   5.7720758503029534e-01	   5.3763454172631620e-01	   6.0008840572851729e-01	   7.6401422821113019e-01	   5.4466931685606457e-01	   6.3413164012841450e-01	   5.2153277455129443e-01	   4.5084712170672864e-01	   4.6471992870555223e-01	   3.6375272724743668e-01	   6.2224769225869525e-01	   6.0692966228624379e-01	   6.3469241343832128e-01	   4.5324956183539644e-01	   6.5106536374962032e-01	   6.3671510207894788e-01	   5.1430009696467849e-01	   7.2297837242948226e-01	   6.7794031696906898e-01	   7.1679651345732953e-01	   1.7205249998531641e-01	   5.0153645652451762e-01	   7.0952843754915218e-01	   7.2719096191844224e-01	   7.5812170798466427e-01	   4.9477931662064129e-01	   3.8145822068692892e-01	   2.6022044674995898e-01	   3.5535421177981646e-01	   2.1210623497166181e-01	   6.0782358217219712e-01	   5.8432258981052465e-01	   7.3208447370460605e-01	   6.9169191274629083e-01	   5.9320179974991261e-01	   3.9763877290519306e-01	   6.7468544376587403e-01	   6.0542568547836795e-01	   2.9973012513917835e-01	  -3.1182580082992017e-03	   5.5316501904828586e-01	   3.0008789921181245e-01	  -9.4497984737721946e-02	   3.8518875161953570e-01	   4.8351385845240424e-01	   6.8790126805448659e-01	   5.8130021655242592e-01	   5.8920952936369875e-01	   3.7437921832436799e-01	  -7.8886450296140720e-02	
   9.3441276481254865e-01	   7.8743569627335364e-01	   6.8759208004559802e-01	   6.9753193341900199e-01	   3.8293775161157306e-01	   3.4329137807896115e-01	   7.4098347627332983e-01	   7.2222418627884122e-01	   6.1968078516851122e-01	   6.4740646263022184e-01	   0.0000000000000000e+00	   7.7898856295564456e-01	   9.1764339007401452e-01	   8.4626300037498958e-01	   7.7609904761916870e-01	   8.0231039777648139e-01	   7.8082390377082178e-01	   6.7823082449428174e-01	   8.3743915332970054e-01	   7.3531470152876555e-01	   2.7473277233336252e-01	   3.7689642680391966e-01	   6.0583680411848528e-01	   7.0093947923603128e-01	   4.6856151694884463e-01	   4.1530020140948132e-01	   3.6855135099428427e-01	   4.6608259763241483e-01	   7.3027461289914886e-01	   6.9231722307084009e-01	   7.0621591515734494e-01	   6.6633202196166463e-01	   8.2613135155607609e-01	   7.9477651369671753e-01	   5.0472028680889069e-01	   5.3057780142131272e-01	   6.6580979004083918e-01	   6.4608956704454434e-01	   6.6128435629674553e-01	   6.5346105889056583e-01	   7.4358264841612931e-01	   6.7390191137933120e-01	   4.3432647712366568e-01	   4.6429947419347756e-01	   3.8717124161576039e-01	   4.4655611073322543e-01	   6.4091893296311209e-01	   6.2214120797600359e-01	   3.7576646991148338e-01	   4.6563461435781384e-01	   5.9630899463035081e-01	   5.6072116061970023e-01	   6.8154205838356430e-01	   5.8286635256049657e-01	   8.5784042128849691e-01	   8.4382894462733360e-01	   8.3671442346953162e-01	   7.3758562645694170e-01	   5.4194252150924260e-01	   5.8265900091830092e-01	   7.6790759751743654e-01	   8.1109268936240586e-01	   8.1442551000904517e-01	   7.3924562693192342e-01	   6.3998465307089880e-01	   6.1003542800584565e-01	   6.3228903357268296e-01	   5.1105725429911386e-01	   8.0404012777271583e-01	   7.9222714779535108e-01	   5.9924442355880259e-01	   5.9278191161839633e-01	   8.2908505410463729e-01	   7.6868011631214106e-01	   8.2669777604773620e-01	   6.9934221101868421e-01	   8.5506388708887249e-01	   8.0054736081540734e-01	   7.1640503158806679e-01	   6.8514238444233411e-01	   7.7142557158938807e-01	   8.0304279879643203e-01	   7.3573366269021867e-01	   6.8699776506327082e-01	   8.6248360837050864e-01	   8.2488400464339962e-01	   2.3045133544823262e-01	   5.3320089775045054e-01	   7.9668053323695376e-01	   8.1345328176168763e-01	   4.4223097435144965e-01	   2.5302111646154579e-01	  -3.8733198984253585e-02	   3.8332394926857194e-02	   3.2910925812224168e-01	   4.7447484799897244e-02	   7.5655490190101293e-01	   7.4976522965636616e-01	   6.6740058923944712e-01	   6.1084720164814021e-01	   4.2764261918620938e-01	   1.6104215490306284e-01	   5.7450309512379827e-01	   4.2070161383975713e-01	   3.4128373592703787e-01	  -1.5074259328056475e-01	   5.8883846762270087e-01	   2.7091363592033457e-01	   8.2382271166301563e-02	   6.5821268335316896e-01	   6.4517974335338579e-01	   5.2874113020246882e-01	   3.1722401495370600e-01	   7.2347319466701143e-01	   5.8476551271779631e-01	  -6.7470543775038014e-02	
   7.4274516427816639e-01	   8.4547962350913042e-01	   4.0386441830055175e-01	   6.8924752245071774e-01	   3.0870298779929950e-01	   3.5182139099859255e-01	   5.9313148913770486e-01	   8.6221902134530770e-01	   4.5349646666155108e-01	   6.3544684956930064e-01	   7.7898856295564456e-01	   0.0000000000000000e+00	   6.8423207132548924e-01	   9.4309871276416302e-01	   4.9939521210077531e-01	   8.0700647225702560e-01	   8.2862287734844997e-01	   7.7232720075399952e-01	   7.4628685421672292e-01	   7.9679699896465328e-01	   1.5659643884582466e-01	   3.4758362436910817e-01	   3.9774282879383271e-01	   6.2589507926623544e-01	   3.0182696106348422e-01	   3.2930677717393503e-01	   2.3019357347734792e-01	   3.6986131337319372e-01	   8.1057898857697386e-01	   8.0258475212592295e-01	   6.2677467273700904e-01	   6.5697025078951266e-01	   7.7930972442125190e-01	   8.3535999055978172e-01	   3.1113708735907597e-01	   4.0587920743819522e-01	   5.2861233728152024e-01	   5.6699429406111412e-01	   4.8946272423674586e-01	   5.5176481520185017e-01	   7.4240334061553126e-01	   6.7114493622091353e-01	   5.5993525453606796e-01	   6.1438880563773157e-01	   5.9216492492339567e-01	   6.5167258908716785e-01	   7.0888806594219733e-01	   7.2458962845659780e-01	   5.1892027418364806e-01	   5.7775452674479655e-01	   5.6949686495683716e-01	   4.8910429310949721e-01	   5.9074375928699019e-01	   3.7654297127922631e-01	   7.9528053268111254e-01	   7.3388560752922216e-01	   6.9635420597208431e-01	   6.4188551055688348e-01	   5.6534640096492428e-01	   6.4483760904778598e-01	   5.7292332346029318e-01	   7.8464248382525414e-01	   7.7552229981510368e-01	   8.7622498559943662e-01	   3.1711258839180423e-01	   4.5187250937596640e-01	   5.8306585029470115e-01	   6.0380840958883764e-01	   6.3889555633449191e-01	   7.2520720779152148e-01	   5.3892867810135914e-01	   7.2219890369073025e-01	   8.1101869936565518e-01	   8.1574139157859027e-01	   7.8480732168132117e-01	   7.1563224213622800e-01	   7.5590060573904549e-01	   8.4144335389725300e-01	   8.1305346786008759e-01	   7.1322618627402146e-01	   8.5305987546368223e-01	   8.9122308522307425e-01	   5.1738367817524333e-01	   7.5381666356115862e-01	   7.4228075773619906e-01	   8.5306961482757715e-01	  -8.8995268186566263e-04	   3.9599343799560049e-01	   6.6855100155394631e-01	   7.0631767277269342e-01	   4.8417262778120945e-01	   1.4411466219327956e-01	  -6.7759998800842575e-02	  -2.0794100521421754e-01	   2.3945076119408537e-01	   1.2200481960124469e-02	   7.1075064071686433e-01	   6.4280641670243588e-01	   7.3622115926245157e-01	   5.9732293103600975e-01	   3.3632587312820694e-01	  -7.9766556189151377e-02	   5.7594867381355597e-01	   2.9017177624444296e-01	   2.4277243737044987e-01	  -2.8987650235025048e-01	   6.6981614414045298e-01	   2.1739209139802412e-01	   1.1829479254203543e-01	   5.3474322895790238e-01	   5.2060027169378154e-01	   6.1258419399652864e-01	   3.8635331196171413e-01	   6.1413714378446960e-01	   4.0576916938328106e-01	  -2.3393251469181697e-02	
   8.4400611240321088e-01	   7.6015100886971254e-01	   7.2692365141824422e-01	   6.6895842703099084e-01	   4.1514141676291927e-01	   3.6768126822397040e-01	   8.0086864672850266e-01	   7.5071450864130085e-01	   6.3030263541439446e-01	   6.8249376023721209e-01	   9.1764339007401452e-01	   6.8423207132548924e-01	   0.0000000000000000e+00	   8.2363770111073176e-01	   7.8213945327106948e-01	   7.8598801096324955e-01	   6.5296748271216343e-01	   5.6317551819268297e-01	   7.7871397125364883e-01	   6.8019621446459744e-01	   2.8836718236809994e-01	   3.7573909790398330e-01	   5.8525284722658388e-01	   6.7661415771628552e-01	   4.4187867366037781e-01	   3.8513606359099750e-01	   4.2832480287843377e-01	   4.6732357060515411e-01	   5.9879338252657122e-01	   5.6622014480245442e-01	   6.8660148261599652e-01	   6.0783189502420720e-01	   7.6838957146059594e-01	   7.2301776550602792e-01	   4.4217729836440978e-01	   4.1683983802128621e-01	   6.0337640642952461e-01	   5.6843334631314146e-01	   6.3949739556690810e-01	   6.2283578608271717e-01	   7.1752636730611197e-01	   6.1763666275740736e-01	   3.9632380756592078e-01	   4.1770936723801266e-01	   3.5144388651234604e-01	   4.1130541990273706e-01	   5.5101887704287533e-01	   5.5411310283541837e-01	   3.6547794307396736e-01	   4.8105586412710666e-01	   5.4865489477988227e-01	   5.0141534457559556e-01	   6.0642779669492497e-01	   5.1772496134678203e-01	   7.7620500163673589e-01	   7.7524941261262792e-01	   7.9338193039068738e-01	   7.3122180607805043e-01	   5.0870990653701631e-01	   5.4402897718592180e-01	   7.7243967162321847e-01	   7.8101976046598376e-01	   7.1046958467506349e-01	   6.1186288154212121e-01	   6.1582578807621335e-01	   5.8686701907317318e-01	   5.6857101355501038e-01	   4.3634506205524948e-01	   8.2002508558837706e-01	   8.1075681704276725e-01	   5.5111709062773384e-01	   5.0987357283668355e-01	   6.7879001576758724e-01	   6.2559797695491137e-01	   7.2507351451220148e-01	   5.8186677774595974e-01	   7.5175059370230857e-01	   6.7090775265752156e-01	   6.0266716179914448e-01	   5.4893096061492153e-01	   6.7980986359756157e-01	   7.1347705699048281e-01	   6.8082997931062406e-01	   6.8882491405410196e-01	   7.2851538876843347e-01	   7.2594166075216482e-01	   2.6238766477914349e-01	   5.2956341038369792e-01	   7.8010345993207075e-01	   7.9128517929552622e-01	   4.4065688764820699e-01	   2.8123827335342888e-01	  -2.1709242031775492e-02	   1.2372543202217390e-01	   3.7454998432747411e-01	   8.2792762529703579e-02	   7.0848581772423425e-01	   7.4987633282821597e-01	   6.2391955430702906e-01	   6.0548499070175343e-01	   5.2920654076588813e-01	   3.4162163022729292e-01	   6.0943836960856901e-01	   4.8223074324679738e-01	   2.7392813381426367e-01	  -1.7775771899025672e-01	   5.4527890533901746e-01	   2.3167308369212042e-01	   8.8137589133391800e-02	   6.4544914724794755e-01	   6.4223614541773166e-01	   5.5507763214467010e-01	   3.7107612589988714e-01	   6.8998336107777858e-01	   5.2890329054998908e-01	  -9.8333128251198901e-02	
