   0.0000000000000000e+00	   6.3588618553409082e-01	   3.6170847604853962e-01	   4.2512050892498382e-01	   5.2789389274179643e-01	   2.9367505046481107e-01	   4.5193311147921578e-01	   4.6203623524656845e-01	   4.5658375599225720e-01	   2.3266597335027089e-01	   6.4028429326812786e-01	   6.5465073433818322e-01	   5.8193489943509569e-01	   5.3832418280764582e-01	   3.6880169903491805e-01	   2.7609028492267129e-01	   2.7209273298472447e-01	   1.9692791627031089e-01	   6.8378412292769042e-01	   3.7550208298372201e-01	   2.5540119851942539e-01	   2.0440218911602065e-01	   2.4281023422825415e-01	   2.4123353165806222e-01	   1.8234469240226872e-01	  -8.3772372274422371e-02	   3.4160582262025152e-01	   3.3936761824504058e-01	   2.0378099656930002e-01	   1.1093440808587200e-01	   3.9854725918413846e-02	   9.6305255415102473e-02	  -1.0919748147395944e-02	  -2.8166833428116198e-02	  -2.9953974494242314e-01	  -3.0182622586163199e-01	   5.4007408056575869e-02	   9.5723072541944260e-02	   2.0511838454943776e-01	   1.6678800586892994e-01	   4.7567148193797598e-01	   2.9230953659138009e-01	  -1.5178609458574521e-01	  -2.6247685316849456e-01	  -2.8871189280180964e-01	  -3.5633720949759951e-01	  -8.6058480615055194e-02	  -2.2770119642206146e-01	   2.1379475595634501e-01	   1.8638811879917200e-01	   3.1308901028091296e-01	   3.9627119185017184e-01	   2.3328180123612649e-01	   1.9639658431037943e-01	   9.2324710280271727e-02	   1.1921290432879504e-02	   6.7104025570022074e-01	   4.2216298865456947e-01	   4.4366165038370076e-01	   4.2731101011939410e-01	   3.5338608180442443e-01	   3.1138178337280643e-02	   1.3878043658862743e-01	   1.6771153548346265e-01	  -6.0425080578623273e-02	  -1.5624146252698362e-01	   6.7696125665251738e-02	  -1.2462052234365650e-01	   2.5239301752777621e-01	   7.5200962994217746e-02	   1.8155563201297142e-01	   1.2781943196317219e-01	   1.2991937435666825e-01	   1.0552399549259700e-03	   2.1268765243553056e-01	   8.9652328195202233e-02	   1.7086268920437617e-01	   5.4431922263690272e-03	   3.1618805433427732e-01	   9.7564894780049954e-02	   2.3753442932777935e-01	   1.3779003778451354e-01	   3.6043847197613121e-01	   2.8905126025689321e-01	   6.3505978159745707e-02	   9.7275876560006913e-02	   1.6067759801448400e-01	   3.0949753894643925e-02	   4.1456724533665762e-01	   3.2775689640870986e-01	   1.4816791720384714e-01	   4.2901321158279999e-02	   1.3071077832257677e-01	   1.0281234739619044e-01	  -2.4837315041672464e-01	  -2.3240363490195037e-01	   2.0685007673771828e-02	  -4.9631033184047990e-02	   6.9690493485465008e-02	   1.4161958466312582e-01	   3.4586448052192081e-01	   2.3316902367252135e-01	   2.7337778313677263e-01	   2.4382337479072894e-01	   1.4951016037049419e-01	   1.7553083526694074e-01	   3.2836227716736538e-01	   2.1443553742427957e-01	  -3.2416424551497763e-01	  -2.9802951973150993e-01	  -8.4167636672387872e-02	   1.5795257329467988e-01	   2.5451837863541910e-01	   2.0411248372666513e-01	   1.0875484989790903e-01	   6.2759419855710860e-02	
   6.3588618553409082e-01	   0.0000000000000000e+00	   2.4886903205705255e-01	   3.2345915603855513e-01	   4.5865981389236704e-01	   1.4732759668847514e-01	   2.5541950630797638e-01	   2.0209192122715464e-01	   4.4780245826040754e-01	   5.4130495312269388e-03	   4.6798107937102096e-01	   5.0367950454556709e-01	   3.8048645559787952e-01	   3.0111825022120114e-01	   3.8701706664704638e-01	   2.7328440921323105e-01	   4.4450726929096512e-01	   4.4777762540379606e-01	   5.3457334012810653e-01	   5.2834999895360801e-01	   3.1134432763992492e-01	   3.8790202095722587e-01	   2.0664202285164879e-01	   2.6656155639403345e-01	   3.6102840300945671e-01	   5.9658397823016851e-02	   4.8247189180034966e-01	   4.4834963212105500e-01	   3.6207001024250424e-01	   2.5246832771966443e-01	   1.1280889896030930e-01	   1.2080193665069924e-01	   2.7715167402618736e-02	   5.7452495277974823e-02	  -2.0957784761814299e-01	  -2.5586368931768172e-01	   2.2057352362738741e-01	   3.4880109981525659e-02	   1.5281332427925973e-01	   2.3498451617259297e-01	   4.7309842559742543e-01	   4.3333168752570661e-01	  -6.1476075959277961e-02	  -9.7085890463208008e-02	  -2.7181255778806224e-01	  -2.5829513829922440e-01	   2.1627907865473178e-02	  -1.5954299137546149e-01	   9.8545120815635295e-02	   1.0510983813419458e-01	   2.1118284120758832e-01	   2.5341749785112444e-01	   1.3373392862938327e-01	   1.0327875035700358e-01	  -1.7369364858899498e-02	  -6.8084625650687763e-02	   6.2066091606676566e-01	   5.2097341861946900e-01	   1.0961964133210246e-01	   1.4743723586138213e-01	   6.9996690695846325e-02	  -1.3685605017411112e-01	   1.9810037604667435e-01	   3.3809618941367819e-01	  -8.6686466210905283e-02	  -8.0352136203351049e-02	  -8.0166273983296593e-02	  -1.7821340347959597e-01	   2.5915538577495301e-01	   1.6826070887549940e-01	   1.4444162069265279e-01	   1.4733922711714070e-01	   2.4248788970610205e-01	   2.5812358018070602e-01	   2.2142052093716164e-01	   2.0795814556663150e-01	   8.8936820694717714e-02	   4.3772493125696435e-02	   4.7126416128703563e-01	   2.1406544202506073e-01	   3.3826113119090478e-01	   4.0123499019435821e-01	   4.9548621790783975e-01	   3.5032977561215567e-01	   6.3396927816255264e-02	   1.3130973487110142e-01	   2.5896671282802786e-01	   2.3262666925078343e-01	   2.4435830249202339e-01	   1.1670011224067815e-01	   1.5263124136574430e-02	  -6.9092330038611829e-02	   1.1727816355470713e-01	   1.2022432993501582e-01	  -2.2096340990894608e-01	  -1.7566291824269537e-01	   1.9032176756453217e-02	  -1.8780027792388000e-02	   1.1692432342370378e-02	   9.5143977411139405e-02	   3.3437158099391429e-01	   1.2361871037468357e-01	   4.3323715469165625e-01	   2.1089272050598817e-01	   1.2501709318725493e-01	   8.7627458218490606e-02	   2.5428868564783441e-01	   4.1638859333110734e-02	  -2.4427763257988250e-01	  -1.5402890274513892e-01	  -5.2811320384151539e-02	   9.4578614280644485e-02	   1.2771246502163180e-01	   1.0130336800480544e-01	   9.6276874192270240e-03	  -8.6563354943840112e-02	
   3.6170847604853962e-01	   2.4886903205705255e-01	   0.0000000000000000e+00	   8.3809933149980087e-01	   4.8223693730484796e-01	   4.2421673839200241e-01	   9.0989972531148489e-01	   7.6960431519599726e-01	   5.5035321834547313e-01	   4.0458606375331752e-01	   2.8482206971117197e-01	   4.3484297661854876e-01	   3.4699477726492972e-01	   4.7256866497578098e-01	   5.3742424379768827e-01	   5.1793475500609432e-01	  -1.3182088811654533e-01	  -1.3027574454838281e-01	   5.8304572074548056e-01	   3.5260326752271320e-01	   3.7445539137367101e-01	   3.0896412001651830e-01	   8.4359647108537916e-01	   7.8603577793628709e-01	   3.8399416142060017e-01	   3.6831588213926381e-01	   6.2205060369590015e-01	   6.1331605003307454e-01	   1.6685132727545871e-01	   6.3932363873304948e-02	   7.1157527837044832e-01	   7.2880684599053835e-01	   4.3379750517300653e-01	   4.3685133209399474e-01	   3.0834197020467635e-01	   1.9385891604249567e-01	  -1.4676513278955401e-02	   2.2161853172396073e-01	   2.2036467558761857e-01	   2.0609020249206911e-02	   3.9385886088988076e-01	   2.5653735623509261e-01	  -1.0672541119092369e-01	  -1.3930150949982115e-01	   6.6993475428866550e-02	   2.1400481561500803e-02	  -5.5557263368513729e-02	  -4.9491724484884259e-02	   1.9761469232776085e-01	   1.7236707290114950e-01	   2.0457850080248538e-01	   2.7269389406591255e-01	  -5.4730050052460982e-02	   7.2305465758223414e-02	   9.5706958603274828e-02	   1.0330036526270159e-01	   6.1807661995855745e-02	   2.8348166391747275e-02	   3.1836494536165810e-01	   1.0990188649078952e-01	   4.6755635329271067e-01	   1.6761072251664266e-01	   9.7007355244021459e-02	   3.0326146960215121e-02	   4.1753735481089282e-01	   2.5535539194001300e-01	   4.0891266878492383e-01	   2.3061441766131699e-01	   2.0084451077430757e-01	   9.5015256414852367e-02	   2.3767499092905642e-01	   2.0829083685020383e-01	   1.7002384820768546e-01	   1.0256778982317641e-01	   1.5950058449525137e-01	   6.1750820929737410e-02	   3.9078393317643456e-02	  -1.7205646338008457e-01	  -4.7735325483491797e-02	  -1.2387058984973895e-01	   3.5700099367715996e-02	   1.3117294028577081e-01	   4.8374673019978859e-01	   2.2944716149124897e-01	   3.9952211304253682e-01	   2.0857062924097242e-01	   5.6468921028140506e-01	   4.0110747720521545e-01	   4.2155986535530715e-01	   1.8226695265769613e-01	   1.6904120516769811e-01	   1.4833911832634114e-01	   3.8684582410790086e-01	   3.8597356624369072e-01	  -1.8638577429395944e-01	  -9.2467745105939164e-02	   1.5770793867639150e-02	   8.1346948433382624e-02	  -4.3478480684684420e-02	   6.5102193320012977e-02	   3.4339961244479605e-01	   2.6172771084509827e-01	   1.6465038147058472e-01	   1.5164232266767813e-01	   3.2460102006078469e-02	   1.2570902340684487e-01	   2.7013591582751673e-01	   2.7768082376122949e-01	  -2.2489059494364461e-01	  -1.6581473184779733e-01	   5.0269535534648720e-04	  -7.2180493190582229e-02	   8.5404522389018050e-03	  -1.3526796369958999e-01	  -7.7241104602084720e-02	  -9.7363151026787470e-02	
   4.2512050892498382e-01	   3.2345915603855513e-01	   8.3809933149980087e-01	   0.0000000000000000e+00	   3.9572104482125675e-01	   6.5259618292926991e-01	   7.7458141256949742e-01	   9.3364299986794297e-01	   4.5781147082519724e-01	   4.9919888957939795e-01	   2.9685480655531193e-01	   5.1340641305557322e-01	   2.7955214857140542e-01	   5.0475419428600632e-01	   3.7091820924621521e-01	   4.9300495608970618e-01	  -1.5179452488137885e-01	  -1.4255102955255305e-01	   5.4055614704468269e-01	   3.8366137797107980e-01	   4.3193283361525248e-01	   4.4189471641506617e-01	   6.9785359321668960e-01	   8.2124025144576840e-01	   3.0883942610560328e-01	   5.1293696721089754e-01	   5.6441803690117154e-01	   6.0409024805034250e-01	   4.0519748990757581e-02	   2.5182886602610192e-02	   6.4975640617676578e-01	   7.6818573547025060e-01	   3.3406874540315756e-01	   4.5854660599388508e-01	   1.4279255154841650e-01	   1.3243291717636343e-01	  -1.2272888807220550e-02	   3.0151041936519701e-01	   2.7437872207603314e-01	   1.2054025945305283e-01	   3.2157438322461163e-01	   2.3471239342707037e-01	  -2.4605083227657237e-01	  -2.7452674139087929e-01	  -9.8329947097548887e-02	  -1.3804267495929112e-01	  -1.4911987099418639e-01	  -1.3250564194305153e-01	   1.8401912489477962e-01	   2.2219656114523356e-01	   2.0838730382876708e-01	   3.5235882480166514e-01	   5.7951931362578882e-02	   1.0568411930680052e-01	   1.0614730989975399e-01	   9.0570840994892488e-02	   1.3841845839758959e-01	   1.4248458956984605e-01	   3.4400118323954421e-01	   3.6044515217208717e-01	   4.6966910549872726e-01	   3.7605715524262451e-01	  -2.4434488290787093e-02	  -3.9244312727181492e-02	   2.7091396984135074e-01	   3.3527871853226499e-01	   2.6535494273442245e-01	   1.6292164677372742e-01	   2.1488332618279138e-01	   1.2464682399008259e-01	   1.9217104006329172e-01	   3.2777612996056793e-01	   4.0389104396366192e-02	   3.5619349678866902e-02	   1.0677734177475884e-01	   7.5722097071010352e-02	  -5.2043415122345088e-02	  -1.0718765147677738e-01	  -4.4404511015353074e-02	  -1.3139643356975780e-01	   6.0651189859921031e-02	   1.1533037489915303e-01	   4.2754011529700675e-01	   3.3821315925218987e-01	   2.7326924607844499e-01	   2.6731664826221202e-01	   4.7824632638934311e-01	   3.2776336085064667e-01	   4.4899563591149616e-01	   3.6428051862946143e-01	   3.0200557030533726e-01	   1.7581313961162923e-01	   4.5370667397933084e-01	   3.5089457098283772e-01	  -2.2048392844431192e-01	  -1.2254004762641761e-01	  -5.3768974365760988e-02	  -5.1293017861040440e-03	  -7.7783075848194012e-03	   7.6573680608672548e-02	   4.5237508027363277e-01	   3.3433919649744021e-01	   1.7715328076480152e-01	   2.1366059286614070e-01	   1.0905869960044670e-01	   1.0673795133400873e-01	   3.5333695180438229e-01	   3.3838612238852861e-01	  -3.2539904667664166e-01	  -2.2484566011791632e-01	  -4.6865089528907458e-02	  -7.7717045176839999e-02	   9.9975869515276546e-03	  -1.4768192520111859e-01	  -7.7824536136590905e-02	  -5.5171026272745866e-02	
   5.2789389274179643e-01	   4.5865981389236704e-01	   4.8223693730484796e-01	   3.9572104482125675e-01	   0.0000000000000000e+00	   4.8877354801722800e-01	   5.2942060980939876e-01	   4.5426340186701897e-01	   7.4818963697747853e-01	   4.0669887072220207e-01	   5.2486343373079114e-01	   5.2317158444045686e-01	   5.9962776281047825e-01	   5.8364005094472637e-01	   5.5719895988180035e-01	   4.1873066378536061e-01	   2.5998710683643955e-01	   2.1533868294431252e-01	   4.5760671172164347e-01	   1.8140442052098429e-01	   4.6332937065099350e-01	   3.1797326644088464e-01	   2.8633926030083523e-01	   2.3623447522949287e-01	   5.3079160337831377e-01	   1.7740567863156781e-01	   5.8403082440780052e-01	   4.6724511378322187e-01	   4.4229916669898539e-01	   3.2811485992703304e-01	   1.7947150811202964e-01	   2.4745213154018542e-01	   8.9318770374585674e-02	   5.0158623630691415e-02	  -9.0399915427884225e-02	  -9.3434731944382357e-02	   1.9867832104498670e-01	  -1.7595455590038524e-02	   1.3823789553233656e-01	   3.1267648716624040e-02	   4.6593618856455554e-01	   1.5691435960251945e-01	   9.5733083183146550e-03	   2.8222106685773796e-02	  -2.9538112959980010e-02	  -8.8908733132943688e-02	   7.8091706152169524e-02	   2.7876466090052086e-03	   1.8824407958103900e-01	   2.8239252526720260e-01	   3.3660601546680613e-01	   4.4994099664646670e-01	   6.6396911336955133e-02	   2.5535664314598627e-01	   1.0305450118758068e-01	   3.1367414686449602e-02	   3.1278989764333709e-01	   2.8193926591959712e-02	   6.0153257168697044e-02	   1.4147678675406412e-02	   2.1295536453938105e-01	   1.1416341904428202e-02	   2.4482859256159417e-01	   2.3387090118397313e-01	  -1.3320303203639389e-02	  -9.2883612071015281e-02	   1.3629581759408110e-01	   3.2758229320522921e-02	  -2.2756201982845094e-02	  -1.5289136331418268e-01	   3.5266325165005652e-01	   2.6225138227251649e-01	   3.7028139212557748e-01	   2.7258644502887475e-01	   3.3820672621028697e-01	   2.1646484354048420e-01	   2.1035613656382779e-01	   1.5355326346639468e-02	   2.5782635991653996e-01	   6.7867961334071553e-02	   2.2734385064403165e-01	   2.4337764614050006e-01	   4.2459616759188223e-01	   1.6800511291057524e-01	   1.1041496224255563e-01	   3.0806296573967190e-02	   2.0434479156807736e-01	   8.9295108959517144e-02	   1.8688778114584290e-01	   7.3278153142253936e-03	   1.6931199830976271e-03	  -4.4547954291183314e-02	   9.4827822679627360e-02	   7.1503119717316682e-02	  -1.1424043958612828e-01	  -1.6831928146337871e-01	   1.0340609854156435e-01	   1.5429603514802315e-02	   8.0624930125072325e-02	   1.6970495586937456e-01	   2.3812558464468458e-01	   1.4036940748412557e-01	   2.9321673955866190e-01	   1.7808418282627722e-01	   2.5253350360533888e-01	   2.3952729705064468e-01	   1.6961906304585653e-01	   2.6407682093583821e-03	  -2.1085004749971542e-01	  -1.5675425901795823e-01	  -5.1470943208822041e-02	   1.1963819306140362e-01	   1.6952598617612391e-01	   7.3561988730037775e-02	   1.3335203895546666e-01	  -2.8825788485725556e-01	
   2.9367505046481107e-01	   1.4732759668847514e-01	   4.2421673839200241e-01	   6.5259618292926991e-01	   4.8877354801722800e-01	   0.0000000000000000e+00	   4.3311457239605733e-01	   7.0715261526509254e-01	   4.3711869126139524e-01	   6.8828516258945416e-01	   3.4331515724647677e-01	   3.4875045151471112e-01	   3.5130776603525227e-01	   5.5274098344320988e-01	   3.0619027956470224e-01	   3.6811538286909695e-01	  -1.7654623008055514e-01	  -2.1073151923485364e-01	   1.5069879095260902e-01	  -2.6852473561106881e-02	   5.1692871138075791e-01	   5.1529234494122211e-01	   2.6878356850249036e-01	   4.3150192294674761e-01	   1.5490090582943644e-01	   5.4482893348941852e-01	   3.9219217295848963e-01	   5.3911572979609024e-01	   1.1423063983822195e-02	   7.7188405776931757e-02	   3.1385069032139207e-01	   5.1166143569169242e-01	   2.1125704231334742e-02	   1.5728665337432671e-01	  -3.6618003922843895e-02	   5.5066731829366958e-02	  -2.5493310724689439e-02	   1.8743975429775497e-01	  -4.3184835223463364e-02	   1.8486753566521252e-02	   2.0635920851833306e-01	   1.9468436443441456e-01	  -2.8162440167223740e-01	  -2.9806562270750458e-01	  -2.3905689586131970e-01	  -2.7447226355310533e-01	  -2.6213576393903587e-01	  -2.0981951881915123e-01	  -2.6965114729435621e-02	   9.5803669663974300e-02	   6.1626108001496385e-02	   2.2836509512416492e-01	   1.4538117852443182e-02	   1.6706903184161848e-01	  -8.1720893161706859e-02	  -1.0723971345309953e-01	   6.5644145245081720e-02	   1.4936406780235408e-03	   2.1777162978394116e-01	   3.4372533774192793e-01	   3.1452434999941120e-01	   4.9068042176994053e-01	   2.3822992923706147e-03	  -1.2481729521549947e-01	   6.7128324069414009e-03	   1.9496341440998255e-01	   8.1022871683534906e-02	   5.5249154082593767e-02	  -1.3159835281744199e-02	  -7.5396483486917854e-02	   2.6568624526084650e-01	   4.7539756486371421e-01	   1.2409364938425289e-01	   1.6003164567787592e-01	   5.7259112488772752e-02	   7.5288583593787914e-02	  -1.1888324674093764e-01	  -1.1826907309122771e-01	  -1.2040482742043755e-01	  -2.5889463652605793e-01	  -2.2625673886971880e-02	  -2.0080308814781428e-02	   3.6376078522339284e-01	   2.7100328415915309e-01	   6.5939878628471005e-02	   8.9981218439346269e-02	   2.4623168290396757e-01	   1.0016494818703037e-01	   2.3282152535320105e-01	   1.9695936036956535e-01	   1.3121170688760919e-01	  -9.5787081230198461e-03	   3.0343821472618393e-01	   1.3344706543462578e-01	  -1.9424963690599556e-01	  -1.9461242315330188e-01	  -2.3568982329682223e-01	  -2.9430857266121790e-01	  -1.2115128164383029e-01	  -5.4912767215075584e-02	   2.6941531362262838e-01	   3.0412592712791531e-01	   1.6612646482770860e-02	   1.8720045413071743e-01	   1.0820337777750832e-01	   6.2514055219235282e-02	   1.6269350923332929e-01	   1.0373137272835065e-01	  -3.2708888889414922e-01	  -3.0890611830433767e-01	  -2.9493320006511553e-01	  -1.5452921986123785e-01	  -1.1511600231857388e-01	  -3.1621521861544188e-01	  -1.8074225022480314e-01	  -2.1755320713149834e-01	
   4.5193311147921578e-01	   2.5541950630797638e-01	   9.0989972531148489e-01	   7.7458141256949742e-01	   5.2942060980939876e-01	   4.3311457239605733e-01	   0.0000000000000000e+00	   8.0013270103497813e-01	   5.6301517612731400e-01	   4.6848943491861827e-01	   5.3102126130816463e-01	   5.2727202823492569e-01	   5.7610868874367882e-01	   6.0800445021548555e-01	   4.9625091907563945e-01	   5.0413462189870806e-01	  -1.1138067314510272e-01	  -1.3276374383148909e-01	   4.5952574044925765e-01	   1.8113924852587107e-01	   2.4928792773776587e-01	   1.3783569942885765e-01	   7.1751834408197301e-01	   6.7566766468275263e-01	   1.9110482837682138e-01	   2.1246996506450927e-01	   5.2723013834974375e-01	   5.5442689548023960e-01	   2.0548774807324910e-01	   1.3539620103007466e-02	   5.6445235412926498e-01	   6.0026312318766317e-01	   2.9341194313438085e-01	   3.1647966304211456e-01	   1.4399846772471092e-01	   7.2939108405811470e-02	  -2.0267561921719629e-01	   8.4768901648101552e-02	   6.5292160348803391e-02	  -9.2113504948028446e-02	   3.7204709975981831e-01	   2.5098106184731045e-01	  -1.2955066620488098e-01	  -1.7376595418476765e-01	   3.3861527378563537e-02	  -3.2079906894920976e-02	  -9.6422645366774307e-02	  -7.1896620428528443e-02	   3.2719332348597008e-01	   1.5985588738951806e-01	   2.9183114332835136e-01	   3.1977045065832888e-01	   1.0201989060225448e-02	   6.7437046135763776e-02	   1.3295304267722841e-01	   6.6998148180818812e-02	   8.5806289510590258e-02	  -2.5215797023057828e-02	   5.0698158645899472e-01	   2.3114528094070336e-01	   5.6475944953006452e-01	   1.5960565694876483e-01	   1.3188578369344878e-01	   1.2562947341104096e-03	   2.8325855316300164e-01	   2.1834347122937781e-01	   4.2437895053289643e-01	   2.3534212067168336e-01	   6.1719459670686865e-02	  -6.9266525874521583e-03	   1.7040574023575328e-01	   1.0775969481349179e-01	   1.6211053757435287e-01	   6.8308857838130205e-02	   2.2573480394654688e-01	   1.0965120595397518e-01	   3.3247950922373037e-02	  -1.4884733201913783e-01	  -4.3558548195689051e-02	  -1.5282177985558323e-01	  -9.9126926367522541e-03	   7.9344062868695719e-02	   4.0822557444998486e-01	   1.5117697149338871e-01	   2.4778937488191194e-01	   1.7428893786618052e-01	   3.8501166553339439e-01	   3.0492838260895272e-01	   3.9501379841200390e-01	   1.2004297181835658e-01	   1.6062401282712591e-01	   8.7486313214015815e-02	   3.5364669449669184e-01	   3.1310588716774496e-01	  -1.5725525646318222e-01	  -1.2931115371075683e-01	  -2.3850191794049284e-02	  -4.6334033502787683e-02	  -4.2980383858316623e-02	   4.5871320090778517e-02	   3.3648763535220949e-01	   2.4419639696122925e-01	   9.3449748256150933e-02	   8.1778533024741501e-02	  -4.0637715166839498e-02	   2.8087851499443817e-02	   3.4922907774378065e-01	   3.0397460616660377e-01	  -2.3228597893465480e-01	  -1.8104475259289432e-01	  -1.0309626752496009e-01	  -1.4348662295597597e-01	  -4.5692351348199821e-03	  -2.1692499250102476e-01	  -1.3548072090965241e-01	  -9.5439145007740478e-02	
   4.6203623524656845e-01	   2.0209192122715464e-01	   7.6960431519599726e-01	   9.3364299986794297e-01	   4.5426340186701897e-01	   7.0715261526509254e-01	   8.0013270103497813e-01	   0.0000000000000000e+00	   4.3238320239308814e-01	   5.7917246397632582e-01	   4.0469199530905797e-01	   5.9990065303384565e-01	   3.7448102585128995e-01	   5.9550510180692862e-01	   3.0576519645109712e-01	   4.6074350505717382e-01	  -1.2596915076224235e-01	  -1.3207577708249796e-01	   4.6312340041449201e-01	   2.3707899654417358e-01	   3.6015117542545311e-01	   3.0115701199873857e-01	   5.6817651124734792e-01	   7.0039720980498277e-01	   1.3407825253480546e-01	   3.8002363305739134e-01	   4.2031106578665373e-01	   4.7675657977825014e-01	   9.0631785583581342e-02	   7.7443081297214625e-02	   5.1415628721922024e-01	   6.9455508717807413e-01	   2.2857071423721304e-01	   3.6940720656764098e-01	   5.6279589751781238e-03	   6.4154039354056253e-02	  -1.4143902811989445e-01	   2.3583110233434129e-01	   1.5750630894600784e-01	   8.1730714627083922e-02	   2.9557338497678387e-01	   2.0126903272845115e-01	  -2.2243060996962863e-01	  -2.6781139565708068e-01	  -5.8277062241383085e-02	  -1.2193381398430399e-01	  -1.3310618861699086e-01	  -1.0934303453893476e-01	   3.0452160193649952e-01	   2.8482036143354672e-01	   2.9916343959610819e-01	   4.0945147575730234e-01	   1.5326454883267643e-01	   2.0683693720503393e-01	   1.6513920246742414e-01	   1.2939546450710260e-01	   1.5472715212090277e-01	   7.1106862903598689e-02	   3.9156216598670235e-01	   3.9580391227758949e-01	   4.8586814846859200e-01	   4.0129658998709128e-01	   2.5667713049664361e-02	  -1.4265724163815807e-02	   1.0938726907212470e-01	   1.9353729060741803e-01	   2.8223924296754521e-01	   1.8493981565351392e-01	   7.3876162977121629e-02	   2.2547629990184916e-02	   2.2278546370736016e-01	   3.3882191346284718e-01	   6.5233310256882046e-02	   4.0228338198247796e-02	   1.5242476555408099e-01	   1.0808757629739113e-01	  -3.3207351263515486e-03	  -5.9621138087385922e-02	  -3.4293050336049971e-02	  -1.3401011829512388e-01	   5.6267652790234060e-02	   6.3754648148013210e-02	   3.7867936790563794e-01	   3.3383209554081156e-01	   1.1596783926966386e-01	   1.7511179124763210e-01	   3.1981872051232269e-01	   1.8405249081556938e-01	   3.6468457476072352e-01	   3.4665423673213874e-01	   3.5164139712943082e-01	   1.5092797904532912e-01	   4.0862238463275274e-01	   2.9438350695318322e-01	  -2.2506804437564493e-01	  -1.8972087384814532e-01	  -9.9424523875628806e-02	  -9.0351024363527127e-02	   7.6358403453722787e-02	   1.2543350056730673e-01	   4.7094119572856619e-01	   3.6465437630890984e-01	   1.7322899228819344e-01	   2.5002106323978235e-01	   8.3788348716269390e-02	   6.3483489117939468e-02	   3.3952440189537936e-01	   3.3927440504098105e-01	  -3.4287641406947467e-01	  -3.0712269790647151e-01	  -1.3742127024286233e-01	  -5.0424462454849772e-02	   6.0993132101532579e-02	  -1.7827378255116394e-01	  -6.0704422219306851e-02	  -3.2761188116497232e-02	
   4.5658375599225720e-01	   4.4780245826040754e-01	   5.5035321834547313e-01	   4.5781147082519724e-01	   7.4818963697747853e-01	   4.3711869126139524e-01	   5.6301517612731400e-01	   4.3238320239308814e-01	   0.0000000000000000e+00	   6.2179942755381878e-01	   5.2498311952319288e-01	   4.5933837667891658e-01	   6.2820877331523239e-01	   6.4200959163297910e-01	   7.0026792924422487e-01	   5.2977779742616060e-01	   1.2864453377185342e-01	   5.2827541681772228e-02	   4.2750929497862050e-01	   3.4415289036338198e-01	   5.0072954127796176e-01	   3.8835926189361741e-01	   4.1692307051039385e-01	   4.0616774791683130e-01	   6.6007473045440745e-01	   4.8202117649491272e-01	   4.8636738464927454e-01	   4.4656841824775484e-01	   3.2632191223777907e-01	   1.4436232917334069e-01	   3.2337772338452547e-01	   3.2706207826326511e-01	   3.4914939637636411e-01	   3.3975468715822399e-01	   1.8725089069186945e-01	   1.5371202944167905e-01	   9.2563469420865629e-02	  -3.4949348551184520e-02	   3.1326844416038940e-01	   4.1266080111977799e-02	   5.4219489269153542e-01	   2.0624957099389574e-01	  -6.5641392224292799e-02	  -2.2107967499849737e-02	  -5.9464716032898740e-02	  -1.0359274459215452e-01	   7.0927119807241729e-02	   2.0470082083132238e-02	   1.1501385800819994e-01	   2.6742237618944609e-01	   3.1078477666496929e-01	   4.6090852574199359e-01	   1.3187082616302989e-01	   2.1697755011740000e-01	   2.3825582845543986e-01	   1.6289550906066724e-01	   2.6279332649448095e-01	   1.8776314346733741e-01	   3.1989526088194048e-01	   2.4756487858668660e-01	   5.0066483460530575e-01	   3.3945429138699534e-01	   9.0191932944799144e-02	   1.5470402759812341e-01	   3.1644226038770479e-01	   3.2352474631610262e-01	   2.2719211843587722e-01	   1.2564961389775778e-01	   4.0164442220447227e-01	   2.2252130709002482e-01	   3.9517355163259943e-01	   3.4415187961673499e-01	   4.2391391795084210e-01	   2.9221724056663123e-01	   4.2622064203583265e-01	   2.8825402520482335e-01	   1.7220040560393277e-01	   4.5094880588678180e-02	   2.3351382818608163e-01	   2.9713091166860342e-02	   2.2987460689101930e-01	   3.6135780208220569e-01	   3.8765416751877485e-01	   2.2365846908959830e-01	   4.8181918008113911e-01	   4.6630232783330217e-01	   2.9267400415231548e-01	   2.2269478864120953e-01	   5.9791425930967501e-01	   2.7745170037925032e-01	   1.9281954244353841e-01	   7.1400957832012779e-02	   4.0971774096709557e-01	   2.9557603792681414e-01	   1.9373868216906769e-02	  -6.8698068178488364e-02	   1.9945637319170567e-01	   7.4479287117849929e-02	   9.3528389729236293e-03	   1.6512361671683870e-01	   3.7931860478448859e-01	   2.6403351879635023e-01	   1.8098464844714587e-01	   1.4361715631518529e-01	   2.0398396670371935e-01	   1.8236465164143567e-01	   3.0262120441874213e-01	   1.7351830292654094e-01	  -1.9985072524599884e-01	  -1.4169751723082971e-02	  -2.2335191164961864e-02	  -9.3263183382894417e-03	   1.2768996787974871e-01	   1.1026595583819296e-03	   5.1567692043709180e-02	  -3.1671290822653575e-01	
   2.3266597335027089e-01	   5.4130495312269388e-03	   4.0458606375331752e-01	   4.9919888957939795e-01	   4.0669887072220207e-01	   6.8828516258945416e-01	   4.6848943491861827e-01	   5.7917246397632582e-01	   6.2179942755381878e-01	   0.0000000000000000e+00	   4.2557466227411223e-01	   3.3357795181342181e-01	   5.0004776549412111e-01	   7.1210408042082629e-01	   4.6728025802750328e-01	   5.2408635669590486e-01	  -2.9352150642312452e-01	  -3.6255818159915909e-01	   8.0394365069843293e-02	  -5.4349881658382060e-02	   2.6121843994972554e-01	   1.2433795006931750e-01	   2.7922686089183985e-01	   4.0719908903349689e-01	   2.3421101169940611e-01	   5.5504432117083113e-01	   1.3956976203928845e-01	   2.7525761307467544e-01	  -4.0495221145079564e-02	  -1.1624660038329278e-01	   2.2398166858880808e-01	   3.1571430371496012e-01	   1.4560700587539127e-01	   2.2827792765634036e-01	   1.5690338292866801e-01	   2.2436657065260096e-01	  -1.7522636324443813e-01	  -6.1859868564966808e-02	   5.3278977919973387e-02	  -2.0902465103030105e-01	   2.4847228524158177e-01	   3.0516701013973427e-02	  -2.7236635791803199e-01	  -2.4599847629813751e-01	  -1.3692839442063887e-01	  -2.0672106471725540e-01	  -1.7619271990347216e-01	  -6.0906796990686941e-02	   9.8250088929021720e-02	   2.0406806038255956e-01	   2.2369723808496661e-01	   4.4085188634480960e-01	   1.7750506722273801e-01	   2.3378507573989074e-01	   2.7376533222907573e-01	   2.0124080794923649e-01	  -1.0059596462151163e-01	  -4.0394901619942462e-02	   4.6105493282063648e-01	   5.7109976546553931e-01	   5.8021316373470211e-01	   6.4316375826259398e-01	  -1.7337650961940324e-01	  -2.3870941988045621e-01	   2.3724818988301258e-01	   4.4118932974663144e-01	   1.9828825028948310e-01	   1.4789424045025290e-01	   2.5504651520887972e-01	   2.4605741742953025e-01	   2.4501787915645101e-01	   2.5186127099712052e-01	   1.7380544749094928e-01	   9.4242460212105292e-02	   3.0202474981049660e-01	   2.4906403158626400e-01	  -1.0739011079665191e-01	  -5.4346955473308103e-02	  -2.2539884197094545e-01	  -2.4837815225180779e-01	  -8.9592443005687528e-02	   6.7320766742245131e-02	   8.6257251649247205e-02	   4.7521242338744434e-02	   2.7365329984604680e-01	   4.5201176855369407e-01	   9.0133753144628154e-02	  -2.5672504705520564e-02	   5.7460703350560571e-01	   3.9554212511294068e-01	   4.0543668177701414e-01	   2.1875026805111436e-01	   6.0550355842213843e-01	   3.4019499907256923e-01	   1.5269260906079593e-01	   1.9142898577121564e-02	   8.3971913109843088e-02	  -8.9885300474703028e-02	   2.4726344719810067e-02	   1.8879916185462361e-01	   4.0240206433896852e-01	   4.0902658704646500e-01	  -5.7600084103586947e-02	   1.5312739583253274e-01	   1.0584027246496915e-01	   1.5362447984835512e-01	   3.0586798912617752e-01	   3.6710472093152285e-01	  -5.7080083807125412e-02	  -2.6616947134539871e-02	  -1.8459394270999305e-01	  -1.3112036334406069e-01	   8.9029020800765066e-02	  -1.7228758000686395e-01	  -4.0436076308279052e-04	  -1.2460820245978829e-01	
   6.4028429326812786e-01	   4.6798107937102096e-01	   2.8482206971117197e-01	   2.9685480655531193e-01	   5.2486343373079114e-01	   3.4331515724647677e-01	   5.3102126130816463e-01	   4.0469199530905797e-01	   5.2498311952319288e-01	   4.2557466227411223e-01	   0.0000000000000000e+00	   6.2030844624951542e-01	   8.4984771033965500e-01	   6.7135071762696552e-01	   4.6241109351096232e-01	   3.4903982103930764e-01	   1.6286313548184614e-01	   5.3205820429596137e-02	   2.5703681107425519e-01	   3.5286727301943294e-02	   3.2487878208284519e-02	  -7.3092617620202527e-02	   1.0015471606314003e-01	   1.4974349585716673e-01	   1.5833573820711109e-03	  -1.4046131928047240e-01	   2.8154830170021217e-01	   3.2580557284503575e-01	   2.7831634153328183e-01	   1.2705600241731860e-01	  -7.6908498403941844e-02	   3.8445130959025436e-02	  -2.1761125943357418e-01	  -1.7964041960656524e-01	  -4.1925632702670113e-01	  -4.2470181508807853e-01	  -2.4864038336782707e-01	  -2.6640274178047652e-01	  -2.3472502532140360e-01	  -1.9581921873080660e-01	   3.3635983862333285e-01	   2.9704206614970463e-01	  -2.1478775051793797e-01	  -2.6312263806084185e-01	  -3.0128246330775021e-01	  -3.4685313066314277e-01	  -1.7366532683290231e-01	  -2.4572668603272901e-01	   3.0853220420984484e-01	   1.2663606701754540e-01	   3.1620980734077558e-01	   3.5411886055156372e-01	   2.7503230473150964e-01	   2.3503157996354213e-01	   8.1231521836555479e-02	  -9.8079905404861611e-02	   2.6966784575051811e-01	  -5.3353673805528186e-04	   4.6625223790153392e-01	   2.9697570310461230e-01	   3.7489386764405147e-01	  -3.1674613776211405e-02	   1.5967833196693013e-01	  -4.6982410890328060e-03	  -2.6321746952470060e-01	  -1.4970039121824982e-01	  -1.0370028183475863e-01	  -2.5326434867512837e-01	  -4.1088769705293862e-02	  -1.3151604427415955e-01	   3.8385456830805291e-02	  -7.8638714324984565e-02	   1.6237872035047879e-01	   1.0928750250993091e-01	   2.8504072710533490e-01	   1.8035634549702728e-01	   3.4652918290684440e-02	  -3.3995493835969857e-02	   1.2644981168148284e-01	  -6.8396208199051858e-02	   8.1566616010492005e-02	   1.2387519589524496e-01	   3.3021495933717288e-01	   1.5760412084275546e-01	  -9.0929697450955860e-02	   5.3855679719071820e-02	  -1.1044014273921440e-01	  -5.8388659435028606e-02	   3.9739818915211156e-01	   1.0144533259970123e-01	  -9.2739875992257081e-03	  -1.0545411430718031e-01	   9.0752646497926692e-02	   5.7848991590071355e-02	  -1.9685195234807878e-01	  -3.0995426546122662e-01	  -1.6815616704347097e-01	  -3.6587605582004912e-01	  -5.0241023207016858e-02	   3.8102649998143806e-02	   2.2041709016901032e-01	   2.2208625785101871e-01	   6.7190290816476705e-02	   6.6680789509556124e-02	  -9.7105083911218776e-02	  -1.0297733066766060e-01	   2.0139416897391732e-01	   1.7872914425155442e-02	  -3.2509168080012529e-01	  -2.5895111497930473e-01	  -3.1617643982520910e-01	  -1.2821530399915121e-01	   2.3086640157869275e-03	  -9.3794233696474438e-02	  -9.7601841958373875e-02	  -1.3183877451007420e-01	
   6.5465073433818322e-01	   5.0367950454556709e-01	   4.3484297661854876e-01	   5.1340641305557322e-01	   5.2317158444045686e-01	   3.4875045151471112e-01	   5.2727202823492569e-01	   5.9990065303384565e-01	   4.5933837667891658e-01	   3.3357795181342181e-01	   6.2030844624951542e-01	   0.0000000000000000e+00	   5.9892008923157969e-01	   7.6087120547392284e-01	   5.7896870751922025e-01	   6.3791007118641896e-01	   1.2345703550315920e-01	   1.5206396823569598e-01	   4.4534277279160239e-01	   3.0176651250800207e-01	   3.2012713592803099e-01	   1.8887067872343036e-01	   3.4490518743049164e-01	   4.0846596693665077e-01	   1.8611303466738174e-01	   6.4558020234873933e-02	   4.1180266731403081e-01	   3.7134198179765154e-01	   3.9638148279683488e-01	   3.7099157577592068e-01	   2.4264746953357993e-01	   3.8287028254059596e-01	   4.6200165147238653e-02	   1.4277419074328812e-01	  -1.8177177678074483e-01	  -1.7959625224091963e-01	  -3.7159412418968141e-02	   9.0051608002439332e-02	   1.1073356042982707e-01	   1.3041925103733926e-01	   4.7883987075220635e-01	   4.0188155007786808e-01	  -1.1387956566216048e-01	  -1.6331299895848017e-01	  -9.5981053790783977e-02	  -1.7410383622834508e-01	  -1.9124220124075109e-02	  -7.7875547123756564e-02	   5.1173876768671334e-01	   4.8145078895649168e-01	   6.2720131682256741e-01	   6.8972872850299227e-01	   5.5360035226245718e-01	   5.5800555475232994e-01	   3.8937075482845851e-01	   3.1137279260272610e-01	   3.4109203951210770e-01	   1.8778655386743748e-01	   2.5690941224924219e-01	   3.6182487325180124e-01	   2.1337047213704649e-01	   4.0402483609036866e-02	   2.0824541054566004e-01	   3.2217975947291128e-01	  -1.1951577348397621e-01	  -1.4006820925521218e-01	   6.8458327305851663e-02	  -1.4177145186900754e-02	   6.0200479865052836e-02	  -1.2140104980781705e-02	   1.3874343216278778e-01	   1.1608492926715611e-01	   8.1979092179266994e-02	   1.0003171561790944e-01	   2.1395935743612995e-01	   1.7553122187420092e-01	   1.5725011306031425e-01	   1.2153969115789082e-01	   1.4920201670511127e-01	   8.2455378975503715e-03	   2.6054395374215811e-01	   3.5491776731458280e-01	   6.2661391343630046e-01	   5.9515362645780201e-01	   1.0465194635011549e-01	   2.1122772009355795e-01	   2.1234712419794222e-01	   1.3118474559773738e-01	   2.8213543101258087e-01	   2.7797347409877127e-01	   2.3055478782329902e-01	  -2.1414010070634446e-01	   9.6261175277934027e-02	  -1.1236002922391569e-01	  -2.5651933881284217e-01	  -2.6917504008491422e-01	  -4.6244372250851568e-02	  -1.6123325021394147e-01	   2.1666314969370321e-01	   2.3936885247480721e-01	   4.1211445093719096e-01	   1.1349612790643776e-01	   2.7867035494888276e-01	   1.2917730778893388e-01	  -8.9758566017128401e-03	  -2.0139967962275827e-02	   3.0391435982586185e-01	   1.4248168880847828e-01	  -4.1432240368609452e-01	  -4.1092402797555139e-01	  -2.1797795100176454e-01	   5.5558659765692978e-03	   1.2373330171779956e-01	   3.9733301213723198e-02	   1.1666677561293941e-01	   8.7573041347389496e-02	
   5.8193489943509569e-01	   3.8048645559787952e-01	   3.4699477726492972e-01	   2.7955214857140542e-01	   5.9962776281047825e-01	   3.5130776603525227e-01	   5.7610868874367882e-01	   3.7448102585128995e-01	   6.2820877331523239e-01	   5.0004776549412111e-01	   8.4984771033965500e-01	   5.9892008923157969e-01	   0.0000000000000000e+00	   8.2913969431379431e-01	   6.2534254107341070e-01	   4.5667959848040846e-01	  -2.4320331031282762e-02	  -1.3058234676693778e-01	   1.9820939514112568e-01	  -5.3716358514211013e-02	   1.8379849950820290e-01	   2.8015567878037082e-02	   1.9594200514273383e-01	   1.8050411473024838e-01	   1.3423064109874500e-01	   7.5094732918982443e-03	   3.9523344061681298e-01	   4.0884105119341890e-01	   2.6264870692381426e-01	   4.3363918627105202e-02	  -2.2482816091021006e-02	   3.9095371088100059e-02	  -1.3437807620914044e-01	  -1.1317557695006281e-01	  -2.4700666496959101e-01	  -2.5698972566131922e-01	  -2.0373153985161682e-01	  -2.1826742564408316e-01	  -1.4106353343903683e-01	  -1.9904897622151621e-01	   3.3554097888624912e-01	   1.3201811975311256e-01	  -2.8991243647182258e-01	  -2.9845096464691107e-01	  -3.1123660628224870e-01	  -3.7703614413649034e-01	  -2.5479160131856537e-01	  -2.8479926464643840e-01	   1.8373702767884753e-01	   9.9128079099451205e-02	   2.9173236322133056e-01	   4.4291301866950267e-01	   1.2181769837629858e-01	   1.7996281847271267e-01	   6.5839209735379670e-02	  -7.3245591067339647e-02	   9.8592880230791047e-02	  -1.2758473961986336e-01	   4.7515359066130392e-01	   3.3612607267742123e-01	   3.2734427438775637e-01	   1.7302958821225962e-02	  -4.3912188836237452e-02	  -1.2990147101924213e-01	  -5.5575896745799276e-02	   8.5696222471944278e-02	   4.2218199890893315e-04	  -1.1897673303554986e-01	   1.4755910417220641e-02	  -1.3217883534570829e-01	   1.0101527174328397e-01	  -4.6219023436108099e-02	   1.2518095256598097e-01	   6.1866298835986534e-03	   2.7356584339909740e-01	   1.0958003003729508e-01	  -7.6367917833229187e-02	  -1.2512521030560750e-01	   8.6637343108963271e-03	  -1.7247592634307962e-01	   3.6870162552293945e-02	   1.4612634284283196e-01	   3.6082172417050373e-01	   8.8889954807708574e-02	   8.6321139018903648e-02	   1.5915217379198945e-01	   5.5184078113404797e-02	   1.1379820606839403e-01	   3.4871969478145559e-01	   1.7852702466577552e-02	  -9.1467952549893122e-02	  -2.5222405249464652e-01	   9.6037309383253153e-02	  -9.1195500806454277e-02	  -2.0744309807436547e-02	  -1.3013451225638131e-01	  -6.4931692851846787e-02	  -2.7020290559866589e-01	  -1.9911496124822423e-01	  -8.1614573106027807e-02	   8.7725617549450130e-02	  -2.4093529048955585e-02	  -1.2690570851157743e-01	  -2.1281548787810661e-01	  -1.7456534970002063e-01	  -1.5942996260133591e-01	   1.5560377963756189e-01	  -5.3209297654409064e-02	  -1.7703112423385364e-01	  -8.9891897189085204e-02	  -3.1891502221338286e-01	  -3.0443286142401355e-01	  -1.2171451235011860e-01	  -2.2044515961120334e-01	  -1.4825445097726958e-01	  -1.6052042256541654e-01	
