   0.0000000000000000e+00	   7.3833467122507601e-01	   9.8255003139500596e-03	   1.2117339751458509e-01	   1.9299973756348074e-01	   2.2669840769582415e-02	   4.9178266163335244e-01	   4.3321314717034121e-01	   2.3252290286573357e-01	  -3.6504388125039769e-02	   7.6316784320851805e-01	   5.9309867890823709e-01	   8.1273767049682832e-01	   7.1753715675001040e-01	   2.9335652642191656e-01	   7.8965575124794074e-02	   6.1192688949108853e-01	   4.9615961618939830e-01	   6.7577028168477393e-01	   5.9942044639222181e-01	   1.4524473505229860e-01	  -7.0570021502514291e-03	  -6.7205868502212024e-02	  -1.5650386668286154e-01	   3.8764459223348908e-03	  -8.9375211318886871e-02	  -6.2837205618280295e-02	  -2.0069778466648463e-02	   6.7622731187283092e-01	   4.5293063189833704e-01	   1.8481129465941831e-01	  -1.3222189195058924e-03	   6.0270779108230277e-01	   5.4113529703309371e-01	  -9.2286613346228175e-02	  -7.1165187578484061e-03	   7.1023757767607620e-01	   2.7774948067127680e-01	   5.7137576114601962e-01	   5.1932208329920870e-01	   7.8390397969218251e-01	   5.9971116644316180e-01	   5.6225301225234048e-01	   5.2198804292325229e-01	   2.8301604700891503e-01	   4.1386136706818388e-01	   5.7734655631814469e-01	   5.6119904329264569e-01	   4.7135546109868454e-01	   4.8460331736067469e-01	   3.0653839774507419e-01	   3.4466982491486464e-01	   4.6756481987168941e-01	   3.2989895983708972e-01	   5.8606028127341891e-01	   5.2524715534885058e-01	   7.5911015145061367e-01	   6.3428978206863063e-01	   5.3465356987774493e-01	   4.4876406710173627e-01	   7.3387755840783642e-01	   4.1235896997508059e-01	   6.1127573037196492e-01	   5.9329823144615546e-01	  -3.0615792086881066e-01	  -2.4805399074820111e-01	   1.1878900938650225e-01	   1.1824270303044145e-01	   3.7892403516476070e-01	   3.5710569317344026e-01	   5.9791782418688721e-01	   2.4631290450461557e-01	   6.9676569392965848e-01	   6.2983889504035451e-01	   7.4031350110974681e-01	   5.9671123561983586e-01	   8.5015216932671278e-01	   6.4626371367773705e-01	   5.4479504048447858e-01	   4.3227616653922685e-01	   6.0770117808505641e-01	   4.1928753779411598e-01	   6.7057058835924033e-01	   6.3769762872094138e-01	   3.3132076668097710e-01	   2.3375501882853633e-01	   1.6288248312024162e-01	   7.8523747011425310e-02	   3.0591641882337028e-01	   5.0030172596315992e-01	   3.1854890789738255e-01	   3.3519025072453257e-01	  -1.8702006953096664e-02	   2.0540166651986524e-01	   3.2812175044957881e-01	   1.7121429887505468e-01	   5.6934107158704739e-01	   4.4824669096814967e-01	   6.6602306182068205e-01	   5.6818118022434194e-01	   3.1631458647763389e-01	   3.3344792184893823e-01	   4.4295592262476569e-01	   5.5232059591801219e-01	   2.5179439805290943e-01	   2.9309895316691220e-01	   1.9700961224068783e-01	   2.0799281082151472e-01	   3.3794998104607515e-01	   3.0444806534389923e-01	   4.9731559688877658e-01	   6.1118264829451097e-01	   4.9692213529979945e-01	   2.1318416217158104e-01	   2.6521548714617893e-01	   2.3596145707763627e-01	
   7.3833467122507601e-01	   0.0000000000000000e+00	   8.7454822772797425e-02	   3.0564168367859990e-01	   1.7948039348811753e-01	   2.3627731987360890e-02	   3.8149402463254845e-01	   3.7399462888674651e-01	   1.0719832757224593e-01	  -7.8846866198949098e-03	   5.1071235013782523e-01	   4.9916048665518964e-01	   5.7166807627485028e-01	   5.6884577788099011e-01	   2.0396897478067233e-01	   1.3592826111127052e-01	   6.8346167303319738e-01	   6.9523919861008698e-01	   5.8873198204193244e-01	   6.4174322706570297e-01	   2.4501193596820359e-01	   1.4698033492729182e-01	   1.0817525443406570e-01	   1.0269297235652040e-02	   1.6262038658054770e-01	   4.1907571411785215e-02	  -4.6426673108804273e-02	  -9.8049495898605871e-02	   6.1078894033337527e-01	   6.5013733321924805e-01	   2.4487025782052163e-01	   7.0847995268511765e-02	   5.4246825776526175e-01	   5.2270886033499808e-01	  -1.6307762694753741e-01	  -1.1540115307418672e-01	   6.0530934252861690e-01	   2.4486232603790350e-01	   5.5979483390391471e-01	   4.6422188913595008e-01	   6.7603407753889266e-01	   4.8689949792314297e-01	   5.5131505087551902e-01	   5.3414007759304027e-01	   4.2668323100697969e-01	   4.7651189687344786e-01	   6.0236219133357227e-01	   5.5613419401586262e-01	   5.3551089371289362e-01	   4.6282444360299207e-01	   4.4517937651227296e-01	   3.9757551319537238e-01	   5.9405926007689025e-01	   4.8386306513785377e-01	   7.0435244121889518e-01	   6.1287267666544032e-01	   7.6826213777196151e-01	   8.3722027572362578e-01	   3.2569641645388048e-01	   2.9992845656789080e-01	   3.7457413169205206e-01	   1.7203937391730434e-01	   6.3849842594162998e-01	   6.5312480060945088e-01	  -1.9658996018360164e-01	  -3.0461505605132444e-01	   1.6293243240951946e-01	   9.6875927326155270e-02	   4.9896272183680968e-01	   3.4650900945181862e-01	   5.1058979778007041e-01	   2.7912405130808771e-01	   6.6146237634738714e-01	   7.7518554889383839e-01	   6.6110136050700785e-01	   7.0203779388141219e-01	   7.7974921173620970e-01	   7.0005916165230464e-01	   6.8234362918861480e-01	   6.5407465808127840e-01	   7.0324416538950030e-01	   6.7593141919432942e-01	   7.1045788514750030e-01	   7.1566181328190759e-01	   4.8557657387931352e-01	   3.1230006614913686e-01	   4.4594147201220724e-01	   3.6993748361027723e-01	   5.7998379322351457e-01	   5.4987794097288256e-01	   3.0352823185673594e-01	   4.8037323056560999e-01	   1.6869585283711025e-01	   3.8940586398773069e-01	   1.8554763222601042e-01	   2.9951299840816660e-02	   6.0537548936155494e-01	   5.1436723619756830e-01	   7.4440652220661507e-01	   6.3788318499739560e-01	   4.7653667058436266e-01	   4.1681602818593932e-01	   6.7367636256410957e-01	   6.7502655124013633e-01	   2.3926214309362215e-01	   3.0415180831614075e-01	   1.2099335783802079e-01	   2.1547398790522038e-01	   1.9852307142477621e-01	   3.2469210206840621e-01	   4.3613101522618902e-01	   5.0828604276108091e-01	   3.8107947221817662e-01	   1.6978370882102820e-01	   1.2878923553042720e-01	   1.1337615975710097e-01	
   9.8255003139500596e-03	   8.7454822772797425e-02	   0.0000000000000000e+00	   6.7980646964410663e-01	   4.0877624276652541e-01	   4.0726963094782054e-01	   5.6283405473938908e-01	   2.0913914608022752e-01	   5.5561871027278043e-01	   2.7897367930320849e-01	   8.1019693401648524e-02	   3.4689246556831321e-01	   1.2834113673014616e-01	   1.9967338734604162e-01	   6.6585870231378519e-01	   5.7610915227600712e-01	  -2.9329284524602933e-01	  -9.4005171680316496e-02	   3.1499390042884662e-01	   6.9895552659412802e-02	   1.9062852761053614e-01	  -4.1056262055181363e-02	   6.7223781034758001e-01	   5.3095063410992904e-01	   5.7933212906028897e-01	   3.6893098504360822e-01	   5.9855851239981783e-01	   5.2909782709637043e-01	  -1.5806575598603498e-01	  -7.7149773696695623e-02	   3.7949089551686122e-01	   3.1347847655990957e-01	   1.7233245263836414e-01	   7.6293419351721681e-02	   4.1341104846446436e-01	   1.5559009912488694e-01	   2.6317099060316240e-01	   1.5850174540625647e-01	   4.0114549611248596e-01	   2.7621472043352352e-01	   1.0980169203889054e-01	   2.3820323949958697e-01	   1.0172867389891049e-01	   4.3139183607719643e-02	   7.3585358434293688e-02	  -2.0081981332446777e-02	   7.8894098380402594e-02	   1.1541211871627208e-01	   8.8468956591377296e-02	  -1.0117373474077738e-02	   3.5072611873045545e-01	   3.2202996107190918e-01	   2.7670936643131133e-01	   2.9650882680015161e-01	   2.0409711363217387e-01	   1.5564672066894963e-01	  -2.4953592995903429e-02	   1.8554574126398618e-01	   3.8012040730478847e-01	   1.8859914326776916e-01	   1.5633088649470386e-01	   1.3828014064513870e-02	   5.5964645737587207e-02	   1.5612029634985713e-02	   6.9577881668014341e-01	   4.4228160594094423e-01	   3.9332045928679971e-01	   8.4880754982235712e-02	   3.3477621224094023e-01	   3.8328743673421434e-01	   1.8324852322504104e-01	   1.4334156462760486e-01	   5.2970265260596339e-02	   1.3153112180326526e-01	   1.6577307385077106e-01	   3.0805988925013261e-01	   6.4170238223684117e-02	   1.5067363744216417e-01	  -2.4148810827316197e-01	  -5.3622248890816460e-02	  -1.8688810175684051e-01	   1.4913500091929651e-02	   2.9169252352506936e-01	   3.6057506171958166e-02	   3.4349150009132406e-01	   5.0909304205900163e-01	   5.6606230781122635e-01	   4.6691451786970289e-01	   4.9797889544955232e-01	   5.0317307573698111e-01	   4.2848162055402156e-01	   3.4074673136837313e-01	   4.8853954442944203e-01	   6.8362095706437687e-01	   3.8901726481800103e-01	   4.4996436328663703e-01	   5.0180497943978819e-01	   4.4147221068935377e-01	   1.4874751324092469e-01	   2.1763257344106984e-01	  -8.4914133162218450e-02	   4.3808709252839656e-01	   1.4530136547613748e-01	   3.5033339250084816e-01	   5.0678930705241543e-01	   4.4366628602013319e-01	   5.2297025504615302e-01	   4.5970167274565854e-01	   1.7868329491239396e-01	   3.6036886190463846e-01	   3.3600065439571164e-01	   1.2634580195870337e-01	   2.9933232519677511e-01	   4.7689494666221799e-01	   5.0533014266098797e-01	   2.5504583048982876e-01	
   1.2117339751458509e-01	   3.0564168367859990e-01	   6.7980646964410663e-01	   0.0000000000000000e+00	   5.7037490000647506e-01	   5.7591003671514440e-01	   5.4717601428072871e-01	   6.6040101153926667e-01	   4.4764905480016748e-01	   4.8424963057828885e-01	  -7.8175827952865359e-02	   5.4735575832246797e-01	   1.7676172216794003e-02	   4.4051621142614350e-01	   5.2901610615047334e-01	   7.2475098823972950e-01	  -1.6170165787103857e-01	  -1.0271733408726641e-02	   4.7872017986893634e-01	   4.6256730563423221e-01	   1.8924543778060582e-01	   2.0659830286952466e-02	   8.0819038075551053e-01	   8.2491085948645104e-01	   6.1079307938693239e-01	   5.8079701726699562e-01	   2.5847336791691067e-01	   3.7917042912831556e-01	   1.1289347857119825e-01	   3.2590870578316133e-01	   5.8400573851080528e-01	   6.7447214259532329e-01	   3.4488567385001612e-01	   4.0766078252525295e-01	  -4.6552575076358377e-02	  -5.3133669413559133e-02	   3.7662704358326499e-01	   1.8985960039986849e-01	   4.9280394951445106e-01	   3.3805151119259236e-01	   3.4514676194829197e-01	   3.8695216818382799e-01	   2.3454786305584185e-01	   2.1946147522062792e-01	   2.5892682224750491e-01	   2.2926600294086183e-01	   2.5702901381863819e-01	   2.6608373431795507e-01	   2.1347499860694766e-01	   2.0128007922491137e-01	   3.0378602346294992e-01	   4.9982258605777419e-01	   5.4370418439734791e-01	   5.9013885528729249e-01	   3.5410444636251820e-01	   4.0180819809418467e-01	   4.5157401705834842e-02	   2.0521446499654739e-01	   4.0150433544540642e-01	   4.5388258312647894e-01	   7.6548959417728518e-02	   1.8980472043346547e-01	   2.1152352861455148e-01	   3.3105606723258701e-01	   4.9993613691616112e-01	   2.1883593192938888e-01	   2.8646050790077093e-01	   1.4915881782482593e-01	   3.7275314800036585e-01	   4.6901492361854680e-01	   4.7695832430097329e-01	   6.3416620782624822e-01	   2.7782507681386859e-01	   4.6485797791657768e-01	   3.5028516462268033e-01	   6.2932503954622687e-01	   3.4401790968815726e-01	   6.0908137273811913e-01	  -4.7822991974866155e-02	   4.9549734117004571e-02	  -5.9220996564960098e-02	   1.7686425806617403e-01	   4.4550036574710505e-01	   3.7423028125766755e-01	   3.2088760837981767e-01	   5.3436901873659015e-01	   4.9284390955955670e-01	   6.1087039304880175e-01	   5.9678426251577055e-01	   5.6305208381084504e-01	   6.9582407627200915e-01	   3.8032011167722013e-01	   8.1034258347180099e-01	   6.5332795848135994e-01	   2.9524105230176578e-01	   1.8118440319393495e-01	   4.5581381651251623e-01	   3.5358351487935225e-01	   4.4144325942363716e-01	   3.4542388532396878e-01	   2.5352299939587725e-01	   5.3197526973216203e-01	   4.2726520856125150e-01	   4.0994232562222660e-01	   4.4968602250581657e-01	   1.9584315858598583e-01	   3.7528433982779724e-01	   3.5783051555455753e-01	   1.1633093190718952e-01	   2.8505174452246473e-01	   1.3417201182575234e-01	   2.8380540300366219e-01	   3.6451995252386482e-01	   3.0798386149550572e-01	   1.2008449754836442e-01	  -8.9920817155517418e-02	
   1.9299973756348074e-01	   1.7948039348811753e-01	   4.0877624276652541e-01	   5.7037490000647506e-01	   0.0000000000000000e+00	   7.5831995234373506e-01	   7.5123025547990274e-01	   6.4571954992505121e-01	   5.9678990538448784e-01	   4.9878620006226015e-01	   1.9100921303910756e-01	   5.3171200187084933e-01	   3.0579412897318536e-01	   4.4839201548491148e-01	   3.0305964874050256e-01	   5.1327794924441184e-01	  -3.4305849255339541e-02	   1.3314914162049710e-01	   3.7075454996445956e-01	   3.3665447521373315e-01	   4.2627465263067205e-01	   1.6152251413228372e-01	   4.9599333533265433e-01	   4.6041990174381120e-01	   7.3063964645898616e-01	   7.5260790010167566e-01	   4.0616729862575890e-01	   5.6610059995550976e-01	   2.6315117399675914e-01	   4.0783025663013878e-01	   6.8867018350012899e-01	   5.8024861007161221e-01	   6.1614518633940529e-01	   6.2281908829862620e-01	   3.4664638892109634e-01	   4.1009712505773810e-01	   2.3749477710606004e-01	  -5.2455562890278230e-02	   4.5741614754125420e-01	   3.0322182023704047e-01	   3.5333991294970757e-01	   3.8211834011740997e-01	   5.0787832668564925e-01	   4.6301517718910545e-01	   5.4273795543074499e-01	   5.4532762221108455e-01	   4.9302355292858363e-01	   4.9946980992074297e-01	   5.0411733328425412e-01	   4.6496960170837248e-01	   4.7186262134371298e-01	   5.9010999073971027e-01	   5.9515741124940125e-01	   5.5905978875713225e-01	   4.1768202536337462e-01	   4.6640921508030408e-01	  -3.4563402303464261e-02	   1.4058615620189985e-01	   4.9406783340245813e-01	   4.5142230989897869e-01	   3.6160876636120631e-01	   2.7717634599632984e-01	   2.0538128526208838e-01	   3.1271236573973127e-01	   2.9700445090498478e-01	   9.8653469582334383e-02	   5.4088877543641467e-01	   5.0072173673317555e-01	   1.5201001141486489e-01	   2.6770599729690037e-01	   3.6346309066782712e-01	   4.1354382167466208e-01	   2.8290172618953058e-01	   4.0232358827506326e-01	   2.9924401949095608e-01	   3.9208572716713497e-01	   2.9959166530603942e-01	   4.1219178417902747e-01	   1.1644211682777250e-01	   2.3798122113969189e-01	   5.9392534858513243e-02	   2.5453096304439132e-01	   4.7008370324135196e-01	   4.2204194663015338e-01	   1.2655203804486953e-01	   3.8590122660018900e-01	   3.0393371882009879e-01	   3.9958738253822546e-01	   3.9071679782213864e-01	   3.4778080568029651e-01	   6.1358904333947684e-01	   3.2068526655219787e-01	   3.8038279857371388e-01	   3.6057099853202013e-01	   2.7592762364237633e-01	   2.8219460637894278e-01	   4.4936976377358484e-01	   3.4330522489145987e-01	   4.9256656532296145e-01	   4.6514191518740244e-01	   2.4662608014210546e-01	   5.1012669580529202e-01	   4.3854835918586865e-01	   3.9544024471391059e-01	   2.2683290776704113e-01	   7.7818046268509342e-02	   2.9001068627430321e-01	   2.6951686329192037e-01	   2.9909089046424664e-01	   2.0158622260034598e-01	   2.5666243664992400e-01	   3.7738743547756365e-01	   4.4260325279816970e-01	   3.0434731739081561e-01	   1.8793092978446801e-01	   3.5582061550310531e-02	
   2.2669840769582415e-02	   2.3627731987360890e-02	   4.0726963094782054e-01	   5.7591003671514440e-01	   7.5831995234373506e-01	   0.0000000000000000e+00	   5.4289799700467478e-01	   6.9348367088674234e-01	   6.4960276803345995e-01	   8.2866229155245641e-01	   2.6130986395316653e-02	   4.0999582397626438e-01	   7.4670483852122160e-02	   3.2556093922506490e-01	   1.7308703460424293e-01	   4.7475731162965862e-01	  -1.3472877041602954e-01	  -8.2742940167364887e-03	   1.0924019559891363e-01	   1.2865490236375476e-01	   1.6946295335543207e-01	   8.1285489698298644e-02	   3.5588901195505401e-01	   4.1673609353974556e-01	   5.2933258547203288e-01	   6.5575215410310872e-01	   3.0702090797766779e-01	   5.5093536679084765e-01	   1.1299352364183335e-01	   2.9061279372483517e-01	   3.5997342581076897e-01	   4.4446997035957125e-01	   2.5243051504211150e-01	   3.1189072189387013e-01	   2.5293618628312975e-01	   2.8780884646827692e-01	   1.4193814592606513e-01	   3.8307773710885416e-02	   4.1787648377176118e-01	   3.2921505087342562e-01	   1.5444052417971194e-01	   3.2184076256291377e-01	   2.6545137543113201e-01	   1.7725536415543197e-01	   2.0163124999678766e-01	   2.3763032517574456e-01	   2.6059029065760630e-01	   2.2064550973886185e-01	   2.4350965328234028e-01	   2.5955229390539586e-01	   3.2531065171458651e-01	   5.0128255971561353e-01	   3.9062563554686669e-01	   3.7569956133538479e-01	   2.5024497370451809e-01	   2.9894865978702928e-01	  -1.7220975499106916e-01	  -5.7957569953084508e-02	   4.0345088630430298e-01	   4.2817748042924231e-01	   2.3813432144096655e-01	   2.7347519418176197e-01	  -2.2066320954677192e-02	   1.3760890987360128e-01	   3.7405116995959298e-01	   3.3013364550069735e-01	   3.3183229280288773e-01	   2.8575812724125604e-01	   6.0695976057128370e-02	   2.5251235880178230e-01	   1.2992706562627443e-01	   4.0585950172505103e-01	   2.3025853828226688e-02	   2.1052765034004980e-01	   3.7030571393415437e-02	   2.3722499911221534e-01	   8.7160488303653610e-02	   3.7016857834040456e-01	   2.3906097588281220e-02	   1.1815166641432819e-01	  -1.0232308966310370e-01	   1.3103485827680236e-01	   2.7952237356471155e-01	   3.2907319515554567e-01	  -3.8454133649437276e-02	   2.4067344384360756e-01	   3.3572471077049537e-01	   2.8461929410216302e-01	   3.6001988916291816e-01	   3.9823791537871311e-01	   6.2071681202397810e-01	   2.5536882309584918e-01	   5.9941320870063297e-01	   3.8562657344496498e-01	   1.3157247591944643e-01	   1.4612679003241480e-01	   2.4052387862921065e-01	   1.5783301147875528e-01	   2.8169203188403769e-01	   2.3135563499205059e-01	   4.0473329287412912e-01	   4.7461801276767851e-01	   4.9251977341999192e-01	   2.8469923418210707e-01	   4.3260346750861534e-01	   1.4363578220038367e-01	   2.7969442466808048e-01	   2.3869932432229618e-01	  -5.0877312349243871e-03	   1.3592899122055389e-02	   1.0070877016206847e-01	   2.1877346197096970e-01	   4.0568687163175954e-01	   2.0666080348835980e-01	   5.0610493795231644e-02	  -9.9875742402000922e-02	
   4.9178266163335244e-01	   3.8149402463254845e-01	   5.6283405473938908e-01	   5.4717601428072871e-01	   7.5123025547990274e-01	   5.4289799700467478e-01	   0.0000000000000000e+00	   6.8968600503956012e-01	   7.7680181461694764e-01	   4.5940738511754253e-01	   5.8598385157677502e-01	   7.0360050314914713e-01	   6.7880930978246923e-01	   6.6034744413248192e-01	   5.8429023071161401e-01	   5.1030611805689241e-01	   1.3922479673749275e-01	   1.8656072020438863e-01	   6.3570643369175439e-01	   4.6637423859314497e-01	   2.3746404527748116e-01	  -1.1104108047009090e-01	   4.3116161297020411e-01	   2.9640277911149138e-01	   4.8354662668178194e-01	   3.8074626959887281e-01	   2.2725274652142319e-01	   2.9977351226841725e-01	   4.9098265439359590e-01	   4.4730073438914580e-01	   5.3819639650019435e-01	   3.6505122801713180e-01	   6.2470018365773106e-01	   5.7608679967604726e-01	   2.5309666172744749e-01	   2.1270551711536825e-01	   4.7679135507687165e-01	   1.3601238298982032e-01	   6.9529461957725869e-01	   5.1661924085578648e-01	   5.3874333456125156e-01	   5.0894233276597944e-01	   6.0393154880699551e-01	   5.3027107095538317e-01	   5.0053640598710647e-01	   5.0148846222513410e-01	   6.0200391436618594e-01	   5.7707310478255780e-01	   5.5533905520261295e-01	   4.9434106282572765e-01	   5.7582522925623192e-01	   5.5982570276596344e-01	   5.7490689812493367e-01	   5.5257091583808360e-01	   6.2544621403250766e-01	   6.0996638683262794e-01	   1.4979466783713885e-01	   2.9446547665102918e-01	   5.4835915266128354e-01	   4.0309937223279213e-01	   6.2286175737957450e-01	   4.0700746990904191e-01	   3.2749934390432311e-01	   3.9058598064363748e-01	   2.6083841942439068e-01	   1.0413190565434363e-01	   4.4452458683713164e-01	   3.1379351888975732e-01	   2.6588040736927021e-01	   2.8018039194498068e-01	   4.5536322807705210e-01	   2.3567190229358093e-01	   4.9754324287339735e-01	   5.3532375805157972e-01	   5.4980420391931406e-01	   5.5469146958162474e-01	   5.2575891578285172e-01	   4.8962568977037646e-01	   1.3736843184581884e-01	   1.9025298913899469e-01	   1.9519136555005751e-01	   2.7102638165792070e-01	   6.3554536399630324e-01	   4.2093858742333656e-01	   3.5158000129385930e-01	   4.5963696440047963e-01	   2.8988778253443370e-01	   2.3278107285395838e-01	   5.4963312953078414e-01	   6.3639920993293675e-01	   5.9883856193624940e-01	   6.0220538061772744e-01	   3.4490374559268333e-01	   5.2053072404076195e-01	   3.2991089399191831e-01	   3.2738711012271082e-01	   6.2710983031368306e-01	   5.3938372395500944e-01	   6.0776455185456379e-01	   6.3468349859823081e-01	   3.2563783973354632e-01	   5.9689372818320519e-01	   4.6182337708162791e-01	   5.8228755028178036e-01	   4.7294274410035453e-01	   4.4606978133458175e-01	   2.5481258106409788e-01	   4.8699530581171385e-01	   3.0291124843613426e-01	   2.5720120635791338e-01	   4.0157531225262377e-01	   4.5962725494815043e-01	   5.4080565447681572e-01	   4.0288750170926446e-01	   4.2574766032194955e-01	   2.0287144176256569e-01	
   4.3321314717034121e-01	   3.7399462888674651e-01	   2.0913914608022752e-01	   6.6040101153926667e-01	   6.4571954992505121e-01	   6.9348367088674234e-01	   6.8968600503956012e-01	   0.0000000000000000e+00	   5.8311054871925494e-01	   6.9439274380912963e-01	   2.7188343543984805e-01	   7.3795679925439095e-01	   3.5043607825076428e-01	   7.4414107339168045e-01	   2.8702276484322281e-01	   5.6920567662401444e-01	   1.7981009315064511e-01	   1.3678785894358164e-01	   4.1222519228659299e-01	   4.6525815819992311e-01	   1.2955964194826569e-01	   1.8935413231681984e-02	   3.5230545611557507e-01	   4.3982865281533190e-01	   3.3178288114644017e-01	   4.4496148239241895e-01	  -1.3048677459932420e-02	   2.3704814261652674e-01	   5.4260624840267668e-01	   6.0953804670630352e-01	   5.0263144567244489e-01	   5.7884778793565250e-01	   4.5369766159111263e-01	   5.5296121647996443e-01	  -6.8687748750533920e-02	   6.1149209217682653e-02	   4.1316657985188049e-01	   1.9901144955726052e-01	   6.1336042183000350e-01	   4.9495116222853019e-01	   4.6596293282254553e-01	   4.5514769622852502e-01	   4.6603090079135567e-01	   3.9125594551125903e-01	   3.3852709695094524e-01	   4.0437180697802605e-01	   4.8620065280980906e-01	   4.1102869709224898e-01	   3.8298659626876053e-01	   4.3540707916168819e-01	   3.3726565761037253e-01	   5.2392831291544828e-01	   5.5510670962762387e-01	   5.4185809774528582e-01	   5.1648213267295118e-01	   5.6101272788127032e-01	   1.7427796213255797e-01	   1.3608919470178077e-01	   3.7719619763546197e-01	   4.9420923743395673e-01	   5.1406637283655476e-01	   6.3847025981702932e-01	   3.4288825649991878e-01	   5.1388383173393548e-01	   1.8606290347329088e-01	   1.7278121329248436e-01	   1.0492984642125938e-01	   1.7127588266274693e-01	   1.0329528993424490e-01	   1.9135022650633260e-01	   4.6380512957057501e-01	   5.8096541631671461e-01	   4.2435175965408550e-01	   5.2713879726849300e-01	   4.6490282182800219e-01	   5.9893803792656242e-01	   5.1845564464961891e-01	   6.8756855269544703e-01	   2.7289537931039937e-01	   1.8800226547730925e-01	   1.6258157743154172e-01	   2.6222146327655893e-01	   4.7397480944751191e-01	   5.3500029808364169e-01	   1.8127186098552803e-01	   3.4238108001125273e-01	   1.3561182815043782e-01	   2.3345736747993892e-01	   4.6265274785602428e-01	   5.7936132759153192e-01	   7.1861103646768021e-01	   3.8754485507406083e-01	   6.2382830985418369e-01	   2.9299821314535412e-01	   1.6155442972672698e-01	   5.5197473950407069e-02	   3.6011680968725140e-01	   2.6836579596872939e-01	   5.8852188983967890e-01	   4.5058075274890758e-01	   5.3831662276266679e-01	   4.5452950252884988e-01	   6.0393401949464232e-01	   3.9302449993315736e-01	   4.5944037227225054e-01	   1.7772997275287311e-01	   1.3914442593785792e-01	   2.3586952569925257e-01	   1.2198740487696810e-01	   5.3720025489753291e-02	   1.4532242675739776e-01	   4.2870202087768533e-01	   4.6605202706230775e-01	   1.8284437213005628e-01	   5.9960185176589381e-02	  -9.1019220338593720e-02	
   2.3252290286573357e-01	   1.0719832757224593e-01	   5.5561871027278043e-01	   4.4764905480016748e-01	   5.9678990538448784e-01	   6.4960276803345995e-01	   7.7680181461694764e-01	   5.8311054871925494e-01	   0.0000000000000000e+00	   7.0289211618632974e-01	   4.2296323887089909e-01	   5.0130503494595213e-01	   4.5505222943854118e-01	   4.0885854888134154e-01	   5.7068853847589629e-01	   5.3916343576442483e-01	  -1.0254149098838022e-01	  -1.0773165356643584e-01	   2.8854153892545703e-01	   9.2165046546586304e-02	   6.0368381028130802e-02	  -1.5266738751899672e-01	   3.3371996504883039e-01	   3.0303479435200975e-01	   3.0099307600729114e-01	   3.2255370341444234e-01	   2.7482687238857867e-01	   3.6840528845233605e-01	   1.8506904079042191e-01	   1.4184238602129429e-01	   2.3426342902394176e-01	   2.4876720473465075e-01	   1.4830680941310370e-01	   1.4485636427422149e-01	   1.9901935378660818e-01	   5.5307434606457401e-02	   2.1580187586958680e-01	   1.3776171323759503e-01	   4.6643086296904540e-01	   4.0514436666860509e-01	   2.0110021778033985e-01	   2.3740607579804493e-01	   2.2623668308378536e-01	   1.2911481962009094e-01	   3.5782746833132900e-02	   6.7455934936798786e-02	   2.3538055695841537e-01	   2.1275937165473363e-01	   2.1190824166950817e-01	   2.1028122172813404e-01	   4.2329007909026994e-01	   4.0080638500165672e-01	   3.2756945428670070e-01	   3.3530575596628071e-01	   2.8636970868861300e-01	   2.9212628414395603e-01	  -4.6853217195458916e-02	   3.5667790400858712e-02	   4.5931081279520047e-01	   2.9255055260160134e-01	   5.4041882979260181e-01	   4.9845614145022799e-01	  -3.3198239477247718e-02	   6.1748018554188155e-02	   4.2623036348828292e-01	   4.4207113254460784e-01	   1.3272565672451458e-01	  -2.7219862159645940e-02	   1.7486588130510705e-01	   8.9087284902501271e-02	   3.2736561568474409e-01	   1.8850107391997900e-01	   2.2327073906147346e-01	   2.1842221138514309e-01	   2.9918952033599666e-01	   2.3744761429322095e-01	   2.4203120264849032e-01	   2.4077112671815393e-01	  -3.1004373763206840e-02	  -3.1411293034169820e-02	  -7.2283792801462105e-02	   6.3679217895649693e-03	   3.1675581342574988e-01	   7.9974161372317443e-02	   1.3249151043929755e-01	   2.7648207278214465e-01	   1.5509466216982781e-01	   2.9129260454051811e-02	   3.6473659489979626e-01	   4.5039608319752411e-01	   5.0698084098879459e-01	   4.4648797769226289e-01	   4.6672624271333329e-01	   4.5185514486437817e-01	   2.4194056716279760e-01	   3.4428249979064385e-01	   3.2870916142215434e-01	   3.6511253279492245e-01	   2.4186829127897760e-01	   3.1683743171821932e-01	   2.6940665449563733e-01	   4.7835287676075233e-01	   2.6188798889889647e-01	   3.4924795781300061e-01	   5.3557310572429584e-01	   3.9095450493864559e-01	   3.4573039439679665e-01	   5.1648488041186569e-01	   1.6376024267498990e-01	   1.3316304642791033e-01	   2.1022950833121232e-01	   2.4861613715848185e-01	   4.2262356104579368e-01	   2.6017961370992393e-01	   3.8983592412336382e-01	   3.2856376736245974e-01	
  -3.6504388125039769e-02	  -7.8846866198949098e-03	   2.7897367930320849e-01	   4.8424963057828885e-01	   4.9878620006226015e-01	   8.2866229155245641e-01	   4.5940738511754253e-01	   6.9439274380912963e-01	   7.0289211618632974e-01	   0.0000000000000000e+00	   1.2547263134973280e-01	   4.7678303990207244e-01	   1.1298890643898130e-01	   3.7648102931738203e-01	   3.0616313907209480e-01	   6.0493896784042112e-01	  -5.1730902679764865e-02	  -9.8414093266071687e-02	   1.7911569745202267e-02	  -1.5244267658247272e-02	  -6.7837285011232942e-02	  -1.3770731960373758e-01	   3.3153950295842621e-01	   4.4501779877609215e-01	   2.8026378521731077e-01	   4.5575726926302029e-01	   6.4730167307325542e-03	   1.9220643122303863e-01	   2.3223114940524234e-01	   3.2995029010121824e-01	   2.2449038979155714e-01	   4.2967614099632184e-01	  -1.6736642236234660e-02	   8.3547981227282325e-02	  -2.3956436632373748e-02	  -4.7825997064642148e-02	   1.1755573541660930e-01	   1.9676860984936853e-01	   3.9789771381871919e-01	   3.6982913028477832e-01	   7.6718446191361006e-02	   2.1127806080403047e-01	   1.4614954664051349e-01	   7.4653482207237068e-02	   3.3764624246217074e-03	   2.7000499660743152e-02	   2.0473761244989708e-01	   7.0200795809340757e-02	   1.0988321685687506e-01	   1.2246097407142875e-01	   3.9384917309985218e-01	   4.4957292323122766e-01	   3.7988152660097957e-01	   3.3857556038445724e-01	   2.8760706378639894e-01	   2.7991354218134878e-01	  -1.6960440577772173e-01	  -1.3005990656732425e-01	   2.2467482634479269e-01	   2.6419742315660111e-01	   2.4491699813292123e-01	   4.4455991575417891e-01	   1.4620633737990043e-02	   1.8636976397902932e-01	   4.5438234499583374e-01	   4.6592216748424875e-01	  -4.3507167316724660e-02	  -8.5077203116914163e-02	  -6.6966550745717751e-02	  -6.8381187881404362e-02	   1.4108886990421546e-01	   3.1860489461274005e-01	   1.0321276914003355e-01	   2.1114610031100542e-01	   8.0640335148637346e-02	   2.2716752013877622e-01	   5.3845210572697963e-02	   2.8794408621828377e-01	   6.3994008826010834e-02	  -6.9206814554553190e-03	  -2.5898979534147833e-02	   1.2943048166862992e-01	   1.8331523431941046e-01	   1.9352840749166725e-01	   1.3520347022219903e-01	   3.2525581289552230e-01	   1.6329477156275032e-01	   2.0528964694701402e-01	   3.8834645536248735e-01	   4.6666088845158149e-01	   4.6786364999003194e-01	   3.8602860865087474e-01	   6.6333879300763021e-01	   2.6181486605776721e-01	   2.5243072605048898e-02	   7.1373950318370946e-02	   7.8122972650647923e-02	   1.0061646796033104e-01	   1.9989922639934135e-01	   9.7148972309988535e-02	   4.2460560189492402e-01	   2.6356646427708436e-01	   4.1277722410904105e-01	   1.8608088786614721e-01	   5.4385180126580157e-01	   2.5763537251982860e-01	   2.1948293537986618e-01	   3.0662882137693581e-01	  -2.7745865025323196e-02	  -7.0390149029147697e-02	  -3.7323593550525988e-02	   8.2536691755018335e-02	   2.6916652185135936e-01	   6.4426347098115108e-02	   3.1895537301176093e-02	  -3.8006231884303042e-02	
   7.6316784320851805e-01	   5.1071235013782523e-01	   8.1019693401648524e-02	  -7.8175827952865359e-02	   1.9100921303910756e-01	   2.6130986395316653e-02	   5.8598385157677502e-01	   2.7188343543984805e-01	   4.2296323887089909e-01	   1.2547263134973280e-01	   0.0000000000000000e+00	   5.6674006554287071e-01	   9.4798999699829856e-01	   6.1956386988250511e-01	   4.5001563721765325e-01	   1.0632846672203194e-01	   5.5118710375418023e-01	   4.0575560025249474e-01	   5.8142147408834854e-01	   2.8371158422338616e-01	   5.0295322800814529e-02	  -1.8807953830211110e-01	  -4.1265407289646686e-02	  -2.2401269982773481e-01	   3.0011293324369880e-02	  -1.2043079396224432e-01	  -3.7653046890599562e-02	  -1.2860194928775781e-01	   6.5803102186124462e-01	   3.7225745370945573e-01	   1.3660845878425895e-01	  -1.1879414837756262e-01	   3.6591394365104635e-01	   2.5124190540006258e-01	   3.3845248785590282e-02	  -3.1071710101271910e-02	   5.9717418469235772e-01	   3.2492227202894136e-01	   5.8622312931420373e-01	   5.2048208378341687e-01	   5.8283244416319135e-01	   4.5448347828435692e-01	   5.0943789249377291e-01	   4.5693964675437482e-01	   2.4342654818414974e-01	   3.1151196007070198e-01	   5.6727043838409474e-01	   4.8294802558878491e-01	   4.6458639770376886e-01	   4.2801572695834855e-01	   5.2455151503328201e-01	   3.8022486078736462e-01	   4.6399596208220761e-01	   3.3565037776005968e-01	   6.2910313627126657e-01	   5.1350589952685843e-01	   4.6761405496105235e-01	   4.8464122120959263e-01	   3.9747877155578648e-01	   1.9663116677682876e-01	   7.0623902645609093e-01	   3.4310523659152431e-01	   4.7974412872712086e-01	   4.4305184036025391e-01	  -1.2470268213547131e-01	  -1.2533488430092637e-01	   2.9059809045985173e-02	  -4.4139830341823956e-02	   1.3487843128045085e-01	  -4.2816123183588219e-02	   3.7596448126189996e-01	  -8.7143265186688343e-02	   6.0022838708509296e-01	   4.7321342213586981e-01	   6.1572585033341820e-01	   4.1065886975382287e-01	   5.8327823147470670e-01	   3.0760702123052852e-01	   4.2422523439337512e-01	   3.3205311623693917e-01	   5.8766910375317682e-01	   4.0880762990186925e-01	   6.4679449980272774e-01	   4.1088175269163996e-01	   4.6382530013678330e-01	   3.1249995134113473e-01	   1.8852211822112727e-01	   3.5901423963811373e-02	   3.2969820819489415e-01	   5.2667482751377803e-01	   1.3810878263179899e-01	   5.8999300711379221e-01	  -8.8131597441150622e-02	   2.2562894436931719e-01	   2.4901669674610186e-01	   2.0156079870843355e-01	   4.3791678362462821e-01	   3.8865265914280006e-01	   5.3483748052760349e-01	   5.3114505698446912e-01	   2.1860719968865064e-01	   2.4126369336180839e-01	   3.0695379772189058e-01	   5.4289257301284999e-01	   3.7289243856718235e-01	   5.7378175654741170e-01	   1.5245943649945570e-01	   2.6163110423302022e-01	   3.9503123148140229e-01	   1.8205838641331668e-01	   4.3576817075061769e-01	   4.2851733117401519e-01	   4.0099232739466711e-01	   1.9656112334317211e-01	   4.3639911963906880e-01	   4.6305295210991226e-01	
   5.9309867890823709e-01	   4.9916048665518964e-01	   3.4689246556831321e-01	   5.4735575832246797e-01	   5.3171200187084933e-01	   4.0999582397626438e-01	   7.0360050314914713e-01	   7.3795679925439095e-01	   5.0130503494595213e-01	   4.7678303990207244e-01	   5.6674006554287071e-01	   0.0000000000000000e+00	   6.0778363471743291e-01	   9.1091635822663486e-01	   5.0794919308726794e-01	   6.3395174881897898e-01	   3.9173873187874964e-01	   3.3365816292020345e-01	   5.5615677656510409e-01	   4.0943228091568595e-01	   2.3488809225700730e-01	  -2.8465775405765024e-02	   4.4010070688230918e-01	   4.3542910200599544e-01	   3.8680732707644561e-01	   3.3025534087928249e-01	   9.2707779768158555e-02	   1.1305639274290800e-01	   6.8569132430879909e-01	   6.7508599934796942e-01	   5.9032069883807647e-01	   5.3825402112129450e-01	   5.4542645337137785e-01	   5.3794964932346523e-01	   2.6855789703805928e-02	   1.2124043248645385e-03	   5.4807422736019218e-01	   2.4293339846884232e-01	   5.6692278260168616e-01	   4.6392012838661112e-01	   5.5584476925326043e-01	   4.4670392417230070e-01	   5.2210023253217164e-01	   4.8443470470858546e-01	   3.6462038431977323e-01	   3.9839064330961116e-01	   5.7592707499727591e-01	   4.6033441638603534e-01	   4.7821167633408651e-01	   4.5823121585696713e-01	   5.5998220626442863e-01	   5.7838159076561979e-01	   6.4032538953669882e-01	   5.7347273449493397e-01	   6.1879360101095360e-01	   5.6950307301385594e-01	   4.0959602267059986e-01	   3.5313724707148542e-01	   3.5231133002415405e-01	   2.8838505521609320e-01	   5.9968739514619029e-01	   5.8651055861714352e-01	   6.4200688008499174e-01	   7.1675672135549195e-01	   2.8025199417847352e-01	   2.0993979093186030e-01	   2.9178965807590027e-02	   4.6451330253027175e-03	   7.4268118881125250e-02	   4.9944437192095244e-02	   5.3644626364588055e-01	   3.7618030917090689e-01	   6.2834547622377557e-01	   6.2909394552246900e-01	   6.4526187531702539e-01	   7.3293988410182875e-01	   5.4432639309386921e-01	   5.8121841173475863e-01	   3.9382813494266028e-01	   3.4259362534577609e-01	   4.1590547606067552e-01	   4.7334173207049357e-01	   5.9560682004188226e-01	   5.6172152721703150e-01	   4.7790858015643223e-01	   6.2344544154877801e-01	   2.4649964795618301e-01	   4.6186590076556494e-01	   4.5782237160246375e-01	   6.2659884156997803e-01	   5.1745930736789836e-01	   4.9116206580823685e-01	   4.3681063324264890e-01	   2.3952684774461025e-01	   2.3356500359509835e-01	   1.5462694170590990e-01	   4.6388416749378147e-01	   4.2839123312774563e-01	   6.3237228485862151e-01	   4.9409206526662269e-01	   3.8645514275750287e-01	   2.6397740940540793e-01	   5.1959824305069269e-01	   4.2375004722099430e-01	   5.4165685547800535e-01	   4.4510787609261337e-01	   2.6694349504058007e-01	   1.7911554435657137e-01	   3.9255340630131486e-01	   1.8796064087180681e-01	   3.3163364337252221e-01	   4.1376811747689507e-01	   4.2126213774714744e-01	   3.5569428392823260e-01	   3.9602903650380517e-01	   2.1781429366526903e-01	
   8.1273767049682832e-01	   5.7166807627485028e-01	   1.2834113673014616e-01	   1.7676172216794003e-02	   3.0579412897318536e-01	   7.4670483852122160e-02	   6.7880930978246923e-01	   3.5043607825076428e-01	   4.5505222943854118e-01	   1.1298890643898130e-01	   9.4798999699829856e-01	   6.0778363471743291e-01	   0.0000000000000000e+00	   7.0621246079747457e-01	   4.7521624983728483e-01	   1.6923257766546496e-01	   5.2910765298968476e-01	   4.0224197708693082e-01	   6.5066124997695862e-01	   4.1718588863130046e-01	   5.7889776114871963e-02	  -2.1927089921433615e-01	  -1.4193830467232420e-02	  -1.8699120196520896e-01	   8.9230958665944313e-02	  -6.4636652938935196e-02	  -3.9778797746013866e-02	  -9.6047543316239312e-02	   6.7488608011035356e-01	   3.9961843076434733e-01	   1.9657562232776810e-01	  -7.9581542554477636e-02	   4.7388142735578398e-01	   3.7072822204454292e-01	   4.9956057408840487e-02	   1.5489330960068343e-02	   6.4277948732197931e-01	   3.1368132345938982e-01	   6.0916901249773669e-01	   5.3433164131343058e-01	   6.7747851283687766e-01	   5.1751131439335807e-01	   5.8530644358192740e-01	   5.2679415200941548e-01	   3.2411427562379280e-01	   3.8119573606361795e-01	   6.0465239046880859e-01	   5.4734798340370427e-01	   4.9469834612663460e-01	   4.4790891135136168e-01	   5.0225115195304659e-01	   3.8196063262140800e-01	   4.9798173294010240e-01	   3.6691467540597017e-01	   6.7090374726893987e-01	   5.5112498132507315e-01	   4.9342056213792623e-01	   5.2732971119217675e-01	   4.4526487537314891e-01	   2.8841207965081916e-01	   7.3849952001683816e-01	   3.8295472242607970e-01	   4.9881857536650676e-01	   4.5976315759938147e-01	  -1.7818796296981076e-01	  -1.7561861526882055e-01	   1.4568661893290802e-01	   6.9099552642736969e-02	   2.3286883762014915e-01	   7.5559369800815068e-02	   4.4586039491833346e-01	  -1.3352728965563433e-02	   6.4095027080556610e-01	   5.4002401507815745e-01	   6.6533788533813987e-01	   4.8432902848175602e-01	   6.6906903872808399e-01	   3.9838373430337271e-01	   4.0498833528062333e-01	   3.2368903976145424e-01	   5.8361830320113028e-01	   4.0084683119697523e-01	   6.9253689450307654e-01	   4.8672346567057823e-01	   4.7250291476665740e-01	   3.3666536617340925e-01	   1.6229684067861935e-01	   5.3576254120795544e-02	   4.0040477221520765e-01	   5.7011640308018974e-01	   2.3971761001964714e-01	   5.8918250637895342e-01	  -5.6260968363876090e-02	   2.6432381454857112e-01	   2.5728121608556215e-01	   2.5462797917869834e-01	   5.1778542011289663e-01	   4.5085757053267034e-01	   6.0682678792301825e-01	   5.8189967715281421e-01	   2.8521853911873207e-01	   3.3755248841602176e-01	   3.7193663906428165e-01	   5.7280394336476614e-01	   2.9199508474300490e-01	   4.9737564427572900e-01	   1.4327503454821111e-01	   3.4886781425805707e-01	   3.6156395632417054e-01	   2.5339366793447138e-01	   4.8976129406548741e-01	   4.8810686526050878e-01	   4.6221020748845293e-01	   2.2638294022139324e-01	   4.2542427422434281e-01	   4.0582277364952379e-01	
