   0.0000000000000000e+00	   8.7218155321272373e-01	   7.9996888539240740e-01	   7.6961649170028601e-01	   6.5257829011321367e-01	   5.5948818839632697e-01	   7.3835280168049366e-01	   7.2829658798829211e-01	   5.9578142880202334e-01	   6.0537321988144877e-01	   7.2114500344128973e-01	   7.1827945336698851e-01	   7.2913198836633331e-01	   7.0095097277583673e-01	   7.8641829754744630e-01	   8.1961933446770563e-01	   7.4173159296319313e-01	   6.9838789499264842e-01	   9.1234506950634442e-01	   8.4843724159354550e-01	   6.1509242390439267e-01	   5.6523257797249982e-01	   7.1516282784972041e-01	   6.7042139827780611e-01	   6.5258527685567724e-01	   6.5435668193876839e-01	   6.8198919883623488e-01	   6.2543266887569693e-01	   7.0730664665795984e-01	   7.3473695063871425e-01	   7.2957042739128464e-01	   6.9986989893978646e-01	   7.8637815712139503e-01	   7.9002549221131235e-01	   5.3169889528514047e-01	   4.9859169032672546e-01	   7.1436048772935501e-01	   6.9195355599691566e-01	   6.5089351616686475e-01	   7.1850290637840164e-01	   6.8815800683962858e-01	   7.2925302615309007e-01	  -4.7689178086467672e-02	  -9.9413791734747417e-02	  -1.1396739173211635e-01	  -8.2548298973055323e-02	   5.9266748203220233e-02	  -3.8090562782581883e-02	  -1.2875559392726313e-01	  -1.6200408411467956e-01	   1.8688123636968326e-01	   4.7774839156629861e-02	   3.4498613858083271e-01	   4.4861073945351565e-01	   3.4762632188117737e-01	   1.8662762553518197e-01	   8.7058275697448850e-01	   7.7329794127849749e-01	   2.6387467778126172e-01	   3.9080475630613010e-01	   5.3123034486130161e-01	   4.6155920554417573e-01	   7.7096028202802536e-01	   7.0042691201588192e-01	   4.7937899410623469e-01	   4.1313134090013492e-01	   4.7881189576610139e-01	   4.2213386995873831e-01	   8.0680791086061010e-01	   6.0680077037168545e-01	   7.4276526296039980e-01	   5.4476602609899061e-01	   8.2834938097166788e-01	   7.5330240177175756e-01	   8.1593635743462911e-01	   7.0213144910787595e-01	   7.0573318483820380e-01	   6.6472107165324823e-01	   6.6061483209596716e-01	   7.0046677787216050e-01	   6.9948864576882008e-01	   6.7946810614924003e-01	   8.1414313815881489e-01	   8.2621957371259525e-01	   8.5076695374756084e-01	   7.9652843883813973e-01	   6.6762853676846923e-01	   7.4360708938576592e-01	   7.0334213509978261e-01	   6.4878251804541420e-01	   5.5430000258909506e-01	   6.4232927714729626e-01	   4.6299517009878011e-01	   6.1414247430654512e-01	  -4.6029795702079383e-03	   6.3321734350240147e-02	   2.8088361277743312e-01	   3.2414415662364410e-01	   1.7079369447679571e-01	   2.8405358010100901e-01	   2.5607675169507127e-01	   6.2194379102627317e-01	   5.1382009916625737e-01	   7.0975066072899495e-01	   3.9614155866042566e-01	   3.9665314855585027e-01	   2.7872084832848520e-01	   3.8703461297258435e-01	   1.7129497179623371e-01	   2.2993725207198468e-01	   3.4335788802229783e-01	   3.5055956269351635e-01	   4.2278050423924718e-01	   3.9935292165502878e-01	   2.3865585990411892e-01	  -8.6092158619260079e-03	
   8.7218155321272373e-01	   0.0000000000000000e+00	   8.1971551741059145e-01	   8.4392588375362831e-01	   6.8266407071700086e-01	   5.3722673850593039e-01	   7.1020117441525465e-01	   6.8503066228275367e-01	   5.9061139672359808e-01	   5.5193421438292734e-01	   5.4963622958586844e-01	   6.4610871454901098e-01	   6.2329496467171008e-01	   5.9193465119607558e-01	   7.3563497746776663e-01	   8.0108582339568479e-01	   7.6659617802997926e-01	   8.0951578554105141e-01	   8.5077085283012566e-01	   8.6160753084687702e-01	   6.7851771110343084e-01	   5.9225597515866557e-01	   6.9196982544234253e-01	   6.6931907095154131e-01	   6.0496826748054588e-01	   6.3412225944767631e-01	   7.0737656561442930e-01	   6.6813067585830799e-01	   7.6689546543707732e-01	   7.6067219013779619e-01	   7.6809837606440623e-01	   7.3556329226553108e-01	   8.2158281674261779e-01	   7.9475761958109170e-01	   5.6121116291449336e-01	   5.3428835195532265e-01	   7.7903102865919793e-01	   7.5296717879455510e-01	   7.1603885027182268e-01	   6.6915209063830450e-01	   7.8280625954179150e-01	   7.7866089613376022e-01	   3.9115626403889041e-02	  -9.0032689426797850e-03	   1.2877671166195655e-02	   4.0705390160591673e-02	   1.0344238780418732e-01	   2.3870077516989920e-02	  -3.2364212808084084e-03	  -1.2045294723244998e-01	   2.2826783406268170e-01	  -1.8860279615599274e-02	   3.6361675345609945e-01	   3.7947238760531721e-01	   3.2931782740568055e-01	   1.3341850540009811e-01	   8.6868839078119597e-01	   8.6120969229935751e-01	   2.2931641523796609e-01	   3.2506643151478454e-01	   4.2764932600584493e-01	   3.2428929271794621e-01	   8.2637999168923071e-01	   8.0980832708296735e-01	   4.7470809036824646e-01	   3.1667253379663796e-01	   5.5290184689000044e-01	   5.2415750232884828e-01	   7.8490403573122491e-01	   7.1573556261990634e-01	   7.0960540860795684e-01	   5.7000371124572990e-01	   7.9259887937120732e-01	   7.6412416944434258e-01	   7.7576637732356257e-01	   7.0869452646512787e-01	   7.8945997702780768e-01	   7.7859391833880531e-01	   7.8130128636260399e-01	   7.6914144588337674e-01	   7.3899928236234191e-01	   7.8865451237240414e-01	   8.7664943071091184e-01	   8.6268859308454371e-01	   8.1914610555068745e-01	   8.6012099122782315e-01	   6.9650634565730640e-01	   6.7611409445985604e-01	   7.5641217284307194e-01	   6.4829905109413444e-01	   6.5563718372553936e-01	   7.1152737301838143e-01	   5.1931314543915086e-01	   6.5688697478154279e-01	  -8.3915423645654283e-02	  -8.8982499757962547e-02	   2.1317903671667027e-01	   1.6947449443335880e-01	   2.5452393024828102e-01	   3.4062384622121911e-01	   3.3473865794650964e-01	   6.7883995310531220e-01	   5.7790201833910915e-01	   7.4923516763248588e-01	   4.2688548816499561e-01	   4.3327195758466358e-01	   2.4571159661288555e-01	   3.8379948628680172e-01	   6.9997536605218166e-02	   1.9916692678597667e-01	   3.4689793565166060e-01	   4.5578120426083135e-01	   4.2606570827494850e-01	   3.8090425018359297e-01	   1.6165638775402097e-01	  -1.0353916310856089e-01	
   7.9996888539240740e-01	   8.1971551741059145e-01	   0.0000000000000000e+00	   9.3739261779104233e-01	   8.6854628925823718e-01	   7.0549262886311281e-01	   8.1527871331467772e-01	   8.5710033002617347e-01	   7.3114958987717282e-01	   7.2861531735233065e-01	   6.2147802880151226e-01	   6.4314413157592631e-01	   6.2451023677873641e-01	   5.8058848838291177e-01	   8.6875943157171676e-01	   8.5666088852710953e-01	   5.3020579588475059e-01	   5.4995281443002086e-01	   8.1247503992054726e-01	   8.7133524941718488e-01	   6.8139376264402796e-01	   6.2715253711016827e-01	   9.0648383745958383e-01	   8.8721637239781193e-01	   7.8232725168115347e-01	   8.0069740711660520e-01	   7.5296247722862752e-01	   7.0122184216397310e-01	   5.7843367943162260e-01	   5.9745485138472998e-01	   8.4159514833277371e-01	   8.4896921004238546e-01	   8.3449459959251848e-01	   8.3541278987487300e-01	   7.1612690477819296e-01	   6.4639152409908618e-01	   6.9718953634870973e-01	   6.6759953128868543e-01	   7.3182050966279300e-01	   6.7882247431192622e-01	   6.5835367106401210e-01	   6.4035368282913196e-01	   3.4334893828597751e-02	  -6.9353353440999549e-02	  -2.2657751076112634e-02	   2.5079691600095955e-03	   1.1389514855962934e-01	   5.5543267851322464e-02	  -5.6915138185406673e-02	  -5.9532993341664189e-02	   3.4196911990502349e-01	   1.3630072923697067e-01	   4.6401524903537883e-01	   5.1499876123938726e-01	   4.2476258962221547e-01	   3.0326234512730266e-01	   7.6234813369083154e-01	   7.1053874310032861e-01	   3.1278649134311831e-01	   4.4968018217872158e-01	   6.6755439218629042e-01	   6.0136359493143410e-01	   6.6688035578469806e-01	   6.3381550341799420e-01	   6.8956893549119580e-01	   5.9028709170007732e-01	   7.1937361215007334e-01	   6.5176144578888406e-01	   8.4811346212649308e-01	   7.6489708995394778e-01	   6.1680170040342586e-01	   4.4624501186190846e-01	   6.9808953568532872e-01	   6.1930905862136243e-01	   6.8975818745162987e-01	   5.7543838196988961e-01	   6.8220496902196515e-01	   6.7757989741871616e-01	   5.3848148397549589e-01	   5.8913158196555993e-01	   5.2652701743946140e-01	   6.0872300095999887e-01	   8.0606373824945710e-01	   7.8408186734422491e-01	   8.3847764558268967e-01	   8.8128329874665468e-01	   7.9247797067904602e-01	   7.6876895686159741e-01	   8.6619259732009946e-01	   7.5503559917202046e-01	   6.9980837946256746e-01	   7.4533497554187789e-01	   6.5398556711123601e-01	   7.7610473628686627e-01	  -7.7978660295066657e-02	  -3.2904064919627571e-03	   2.2439034466810442e-01	   2.4469180483362318e-01	   3.0118543027790118e-01	   4.1254210941079655e-01	   3.6682848854879740e-01	   7.3904181562346516e-01	   5.5700971487011797e-01	   7.3753380593222950e-01	   4.0014643424366558e-01	   4.6227905115697909e-01	   2.6454335927399741e-01	   4.6938297095992032e-01	   4.2579363821252422e-02	   1.3095100405071175e-01	   3.1280245125766881e-01	   4.1560800932720376e-01	   4.9565663973884577e-01	   4.0004342213124233e-01	   1.4239762364578143e-01	  -2.9733450835075149e-02	
   7.6961649170028601e-01	   8.4392588375362831e-01	   9.3739261779104233e-01	   0.0000000000000000e+00	   8.2636205089841031e-01	   7.4549590066061977e-01	   7.7052582988494955e-01	   8.3983407514279129e-01	   6.6971103133144039e-01	   6.3301696390744855e-01	   4.7713172991262442e-01	   5.4787358637663330e-01	   5.5460715342359612e-01	   5.4133340800203500e-01	   7.7920863182735567e-01	   8.5807825008820937e-01	   5.8582176704359257e-01	   6.1147056677151135e-01	   8.2451183863276789e-01	   9.2027147149617361e-01	   7.4661648466276409e-01	   6.7135431589925709e-01	   8.2180602105448508e-01	   8.8856057287935575e-01	   7.2377711146093671e-01	   8.1548636381460027e-01	   7.3566630179721781e-01	   7.3632566539886046e-01	   5.9591640540786694e-01	   6.6208428868513458e-01	   8.4129671575502041e-01	   9.0215027747052257e-01	   8.6116402535265046e-01	   8.5190196523148476e-01	   6.7744976895469966e-01	   6.5363916784371667e-01	   7.2518924767823179e-01	   7.0739705965098276e-01	   7.3795792363630519e-01	   6.5244774030133112e-01	   7.5204884068114164e-01	   7.1400251410832150e-01	   7.9714357719789755e-02	  -1.4046539341169726e-03	   5.6325056211880567e-02	   9.1168285632977575e-02	   1.1636836779641760e-01	   5.9246469894323972e-02	  -1.0433857794200665e-02	  -7.8514747466819260e-02	   2.7085507957200800e-01	   3.6110248110937972e-02	   3.5365658822380186e-01	   3.6442729773720017e-01	   3.2075584389507417e-01	   1.6593641803782838e-01	   7.4556167110075600e-01	   7.2310701954786882e-01	   2.2810425969830075e-01	   3.3435670910184284e-01	   5.1523510520091398e-01	   4.3856894386909145e-01	   7.1402289863098012e-01	   6.8340586261682135e-01	   6.1658891794240445e-01	   5.1998686699220942e-01	   7.3891977515332208e-01	   7.1864824751263567e-01	   8.5995943111483109e-01	   8.5046566915874633e-01	   6.2787525601714944e-01	   5.7786258911090382e-01	   7.0247103580737469e-01	   6.3856183712056047e-01	   6.9431090860972355e-01	   6.1397428497351969e-01	   6.8644108395114456e-01	   7.4876427821249680e-01	   6.0983618851808141e-01	   6.6078796221600755e-01	   5.6609225061779767e-01	   6.7014137007923358e-01	   8.3101466043102856e-01	   8.4531317553368734e-01	   8.0471115626467249e-01	   9.0338770932936430e-01	   7.0924276769521888e-01	   7.7323000831289468e-01	   8.0220876143990005e-01	   6.4489540736888373e-01	   6.9322556266868551e-01	   6.8331165174794828e-01	   6.3544085065674483e-01	   7.4243037635082365e-01	  -7.8246201960395056e-02	  -6.5402820804417436e-02	   2.1959676111428683e-01	   1.4829987584095267e-01	   2.8812695006908118e-01	   3.9426180444599274e-01	   3.7357811686028630e-01	   7.2350809149010820e-01	   5.8734877418408837e-01	   7.7617855269865754e-01	   4.9367557662536965e-01	   5.2435984789349888e-01	   3.2420625549198223e-01	   4.7136357045753868e-01	   5.5535210872929924e-02	   1.1170948322350369e-01	   3.0785883758116844e-01	   5.0376277411451409e-01	   5.3984371099726669e-01	   4.8741823072376544e-01	   2.2017723834512540e-01	   2.5850763700783246e-02	
   6.5257829011321367e-01	   6.8266407071700086e-01	   8.6854628925823718e-01	   8.2636205089841031e-01	   0.0000000000000000e+00	   7.7432828798043318e-01	   7.9138509023731407e-01	   7.9382561996971512e-01	   7.7256809445552244e-01	   5.7151749257467133e-01	   5.0558228655868520e-01	   4.9906724939305208e-01	   5.9964393215436806e-01	   5.0012759956892827e-01	   7.5427030708835430e-01	   7.1161562788190080e-01	   3.6851059527070729e-01	   3.8857356832045142e-01	   6.8206402641562891e-01	   7.4519960145269115e-01	   7.3122210878939253e-01	   6.3436625602662733e-01	   7.5641683355916145e-01	   7.3086758227980408e-01	   7.6528475276854535e-01	   7.6027318516992282e-01	   7.2329722034210242e-01	   6.9197031747128179e-01	   4.6837129428732521e-01	   4.7010503025767675e-01	   7.2898511156188639e-01	   7.1552218697576453e-01	   7.1165137665130573e-01	   7.1109869058053665e-01	   6.5926279582904157e-01	   5.7235872337151439e-01	   6.2483141048778745e-01	   5.5342841814635468e-01	   6.1534662227786252e-01	   5.4902144626689320e-01	   6.1118966865340574e-01	   5.3449271979398427e-01	   1.2248082129007487e-01	  -9.3504135037652016e-03	   5.2916957352043256e-02	   6.2993580056037890e-02	   1.7102617154251559e-01	   9.7870288836611585e-02	   5.2280517376945432e-02	   1.1434872220033265e-01	   4.4620041838061242e-01	   2.6684281971509777e-01	   5.2203209471106526e-01	   5.0222768831269748e-01	   3.8061348644606779e-01	   2.6682563871841991e-01	   5.7811164988342389e-01	   5.8124113008238787e-01	   3.6936280931298182e-01	   4.6249756085037091e-01	   6.6780280207287956e-01	   4.9816339893699535e-01	   5.0166890000784892e-01	   4.7327164036056135e-01	   6.2919833416460735e-01	   5.4093018366087808e-01	   6.9904194087401683e-01	   6.2453219547303296e-01	   7.7404216781371304e-01	   6.6521519159281772e-01	   6.4660566614355819e-01	   4.7479729683980409e-01	   6.2205521422224941e-01	   4.9955891228858618e-01	   6.0849543805294526e-01	   4.9371420145370637e-01	   5.7699208649169964e-01	   5.7081790401277233e-01	   3.6505823456519149e-01	   4.7577460540237604e-01	   4.1933217080727109e-01	   5.0361490656925278e-01	   7.0593548415579932e-01	   7.1275784885028870e-01	   6.9578044329259336e-01	   7.5088844349539863e-01	   6.7518115280751612e-01	   6.5859355732233360e-01	   7.6695824060366125e-01	   6.5348825228738461e-01	   6.3714909791852103e-01	   6.7796820622443454e-01	   5.5793579700402285e-01	   7.0394188108643974e-01	  -5.9289583391736692e-02	  -5.3859809193069742e-02	   1.4038798336195629e-01	   1.3921745408420824e-01	   3.2558170127556652e-01	   4.0900017046454440e-01	   3.5307559824160528e-01	   6.3815018455319061e-01	   4.9953936829688800e-01	   6.4924570400426429e-01	   3.8465441074774387e-01	   4.5699995260691750e-01	   2.2407953307336567e-01	   4.0739170082144749e-01	   6.8675705182065297e-02	   8.5785552138740756e-02	   2.0612152285348689e-01	   3.7682081629024355e-01	   4.9207209286539688e-01	   3.8837627454536938e-01	   1.1250356880449604e-01	  -6.9688339347166214e-02	
   5.5948818839632697e-01	   5.3722673850593039e-01	   7.0549262886311281e-01	   7.4549590066061977e-01	   7.7432828798043318e-01	   0.0000000000000000e+00	   5.9370469631656031e-01	   7.7885518538124987e-01	   6.2622728806324690e-01	   6.1237785836871517e-01	   2.7177276476573786e-01	   4.1765477500840542e-01	   3.5245027419770336e-01	   4.1207383621519345e-01	   4.5588148867645972e-01	   6.4335142334422590e-01	   3.0362289803505854e-01	   3.7872830253082218e-01	   6.2389368910157783e-01	   6.4416064690938535e-01	   5.7461244675323486e-01	   5.7200485678949053e-01	   6.4031211816378719e-01	   7.5498500031706939e-01	   5.5566050094720509e-01	   7.2512817385898487e-01	   5.5787500286914560e-01	   7.1004264626959013e-01	   3.6619817004302802e-01	   4.4942758833219365e-01	   5.9799526439665840e-01	   6.9297909344674680e-01	   6.2633185834554594e-01	   6.5324104542362382e-01	   5.2083079519610098e-01	   5.3015526436781224e-01	   4.6345660221039531e-01	   4.5118191988041123e-01	   5.3973888769989387e-01	   5.7036108906881045e-01	   5.6373147714222205e-01	   4.7444312171720576e-01	   1.0102484984728724e-01	   1.2806136219423605e-02	   1.4498333820596163e-02	   5.9396300083165578e-02	   1.1979462499062704e-01	   5.0897614844281541e-02	   2.5435223394310980e-02	   9.5962228343236478e-02	   2.8627726766499373e-01	   2.2284713944295975e-01	   3.8067033636895953e-01	   4.5667291408027444e-01	   2.4248393593727141e-01	   1.9307877780646993e-01	   4.9883586654578216e-01	   5.2945660558144214e-01	   3.3577000236681509e-01	   4.7245339968038502e-01	   4.9662493510514572e-01	   5.3252273617116863e-01	   3.9684222903454047e-01	   3.8875358972598517e-01	   3.6001931884451960e-01	   4.9450950372919655e-01	   5.5787380657162067e-01	   5.4558589042640482e-01	   7.0666658390064752e-01	   5.6141304946175152e-01	   4.5516520840782043e-01	   4.3193493928408094e-01	   5.6184458380890190e-01	   4.3464261468864085e-01	   6.0796814404329602e-01	   4.8595935841138238e-01	   4.1988610750709110e-01	   5.0269386953491568e-01	   3.3987479208908933e-01	   4.8296385093562394e-01	   3.4010605297645158e-01	   4.3548099255489975e-01	   5.9250305475096554e-01	   6.1170576683540578e-01	   5.3117312690514429e-01	   6.6553480097776996e-01	   4.9636224889403435e-01	   5.7348335090164748e-01	   6.1215711061378886e-01	   5.4200880869029289e-01	   4.7898634616179159e-01	   4.7208105695097374e-01	   4.9716402229311951e-01	   5.0032704386130467e-01	  -1.6650177798023511e-01	  -9.0659531847225514e-02	  -1.1747183135790906e-02	   6.0186228610696488e-02	   1.4142007239138230e-01	   2.2003444127117441e-01	   2.3853632557090110e-01	   4.4375487109071160e-01	   3.5252200114407817e-01	   5.1006218343938492e-01	   4.5526112199301738e-01	   3.8781349395453596e-01	   2.2852913670089908e-01	   2.7868030836082636e-01	  -5.9757843986923256e-02	  -4.1631382522313624e-02	   8.4564346030289922e-02	   2.3059889946525586e-01	   3.2901621661937930e-01	   3.2697721837801508e-01	   5.8277041557436751e-02	  -2.8659702145019485e-02	
   7.3835280168049366e-01	   7.1020117441525465e-01	   8.1527871331467772e-01	   7.7052582988494955e-01	   7.9138509023731407e-01	   5.9370469631656031e-01	   0.0000000000000000e+00	   8.8186737439072016e-01	   8.8364673743889721e-01	   6.1590464657358623e-01	   7.5846506135384884e-01	   7.0466337556960268e-01	   8.2207923840831509e-01	   7.3746505406282514e-01	   7.2319070565066934e-01	   6.9829302014669647e-01	   4.8201760035285235e-01	   4.6382990095399124e-01	   7.1019080561195080e-01	   7.3272138002734311e-01	   5.4213698574558056e-01	   4.5051101408684135e-01	   6.3335465329927265e-01	   6.2423030371782950e-01	   5.9192189362991854e-01	   5.8359354044723999e-01	   4.6720686612733847e-01	   4.4348058297082210e-01	   5.5645400933103017e-01	   5.9464659665093544e-01	   6.4231440433225084e-01	   6.5824782744606392e-01	   7.4237610482172767e-01	   7.1073745301330815e-01	   4.8259964236752101e-01	   4.2462016766028682e-01	   5.5932389513443970e-01	   5.1595092646417429e-01	   6.6283702076585849e-01	   5.8096202265022479e-01	   5.5397136252298396e-01	   5.2667034837551541e-01	   2.0194697927957656e-01	   7.2919193811213617e-02	   1.6161061731716089e-01	   1.4795075127782664e-01	   3.2923281164608215e-01	   2.5673341691714124e-01	   1.2970787329026257e-01	   1.0786803460383856e-01	   4.5530096271817944e-01	   2.3196767073078867e-01	   4.3262576699385480e-01	   3.9698460593371776e-01	   5.5869226192691790e-01	   3.6140326029220776e-01	   6.5037217688040461e-01	   5.7284907836996890e-01	   4.2236923867084453e-01	   4.2701144361781318e-01	   7.5750018954193610e-01	   5.0936206635191517e-01	   6.2018787389126584e-01	   5.6869176696284129e-01	   4.6638024048588433e-01	   4.5651856523469780e-01	   6.7529548158040820e-01	   5.8212550510692374e-01	   7.5559802821217859e-01	   6.0462649016140313e-01	   6.1480600186412082e-01	   4.5429195288695606e-01	   6.5808374057001151e-01	   6.0473555716884930e-01	   6.3264489337855789e-01	   6.4242648653359857e-01	   5.6396136798328644e-01	   5.0860300418603877e-01	   3.9833282610423448e-01	   5.5686164183042153e-01	   5.0770190406870963e-01	   5.7141681203229833e-01	   6.3185397173619195e-01	   7.0847951764406769e-01	   6.6020623662491196e-01	   7.4381110789703331e-01	   5.5231822002433417e-01	   5.8183861305994156e-01	   7.2151279650639832e-01	   6.2505779034237685e-01	   7.3388066754963888e-01	   7.6279009662062336e-01	   6.2314461018035716e-01	   7.8693930977042281e-01	   1.8607286568141418e-01	   1.0656258393794385e-01	   4.4318506535712432e-01	   4.2131363595095817e-01	   5.0020238673906303e-01	   5.6442242510922058e-01	   4.4851356002579879e-01	   7.9909567788541436e-01	   6.4127271956637422e-01	   7.6582328420446166e-01	   5.3390684731306504e-01	   5.6574760302967619e-01	   4.0586754899777627e-01	   6.8161029202106060e-01	   3.0453414287338210e-01	   3.3668395027329007e-01	   4.4168453798956031e-01	   5.5010525603635008e-01	   6.2139816664844039e-01	   4.7506541892185067e-01	   3.4979715058232302e-01	   6.5981033849958529e-02	
   7.2829658798829211e-01	   6.8503066228275367e-01	   8.5710033002617347e-01	   8.3983407514279129e-01	   7.9382561996971512e-01	   7.7885518538124987e-01	   8.8186737439072016e-01	   0.0000000000000000e+00	   7.8209949646969212e-01	   7.3850016055830525e-01	   6.1982673901514063e-01	   6.9449010931025057e-01	   6.3247122810568224e-01	   6.2743811759390899e-01	   7.0902136474055744e-01	   7.4462740460510179e-01	   3.7155807872093793e-01	   3.9014561091302785e-01	   7.4351414886066991e-01	   7.7333411910884420e-01	   6.0815149522034584e-01	   5.5325319535672057e-01	   7.2380204123295155e-01	   7.8340800950342060e-01	   6.3348711022553017e-01	   7.1697588725967554e-01	   5.4143277637707798e-01	   5.4309739821329472e-01	   5.0360832584510618e-01	   5.9331703780535283e-01	   7.0482923668756692e-01	   7.8066894404766707e-01	   7.9054120865344890e-01	   8.0451132700800154e-01	   6.2660206363654158e-01	   6.3417693360596106e-01	   5.8991359925493703e-01	   6.0832282018194395e-01	   7.2955397047399395e-01	   7.0543013855769998e-01	   5.6937181572366957e-01	   5.6294083261176131e-01	   1.3994047511034383e-01	   1.8613432003760061e-02	   2.9654784034905866e-02	   5.3367171746556544e-02	   2.4337317476277837e-01	   1.8926561395554789e-01	   2.7706707858335938e-02	   1.0235390370123340e-01	   5.1689839765377621e-01	   3.6772152741240766e-01	   5.6168319689735569e-01	   5.6906442351660025e-01	   5.6760892460456946e-01	   4.5392240722181743e-01	   6.7743245593182899e-01	   6.2885589197712100e-01	   5.0383093572381732e-01	   6.2603548379273188e-01	   7.7166246199739730e-01	   6.8396641272612069e-01	   5.2823904155937285e-01	   5.6940109390842342e-01	   4.8735159771860320e-01	   6.1344050671443950e-01	   7.4523203066770816e-01	   6.8395620850562611e-01	   8.4840847129003216e-01	   7.0694730043171339e-01	   5.5083708784348828e-01	   4.7019816440075146e-01	   6.0421079293997582e-01	   5.4266032733759861e-01	   6.0673201322053427e-01	   5.6564907561306677e-01	   6.0718150581752273e-01	   6.3975070091378483e-01	   3.5973276409571708e-01	   4.7852502257404078e-01	   3.7342963073990865e-01	   4.7922168238794505e-01	   6.5684446434201060e-01	   7.2298034970772473e-01	   6.7607888718277331e-01	   7.9335191319206588e-01	   6.0685929651729142e-01	   6.2297735259919707e-01	   7.9359907536645480e-01	   7.6081526347594641e-01	   7.0828014636144565e-01	   6.5128015727424182e-01	   6.4340864630800765e-01	   6.9227828143189707e-01	   2.4276334479474131e-02	   7.8531624095960165e-02	   3.3979112750426255e-01	   3.9841534164581632e-01	   3.7555968206696150e-01	   4.2783828782741506e-01	   4.0565071607536513e-01	   7.0786398453772326e-01	   5.3613814196687415e-01	   6.5145376869447313e-01	   4.3955550427863205e-01	   4.2148869491934865e-01	   3.0459968226133594e-01	   6.0816026287871960e-01	   1.3093081672269863e-01	   2.7341797266550966e-01	   4.0074301234803095e-01	   4.2035590990810368e-01	   5.2603415013364796e-01	   3.7397979112465729e-01	   1.9449124896844550e-01	  -4.3990614975511266e-02	
   5.9578142880202334e-01	   5.9061139672359808e-01	   7.3114958987717282e-01	   6.6971103133144039e-01	   7.7256809445552244e-01	   6.2622728806324690e-01	   8.8364673743889721e-01	   7.8209949646969212e-01	   0.0000000000000000e+00	   6.2353193104272697e-01	   6.6334303317200560e-01	   5.8972493472653320e-01	   7.4141622828110676e-01	   6.2415308182685381e-01	   6.6247030493001968e-01	   6.4416508259448368e-01	   3.9717581097583382e-01	   3.9635612627809491e-01	   5.7054347415733986e-01	   5.7448615922459068e-01	   4.3358402400067747e-01	   3.7560795953126863e-01	   5.6286763115700800e-01	   5.7435896703598233e-01	   5.2500387716130603e-01	   5.2052660011632890e-01	   3.9641569815819111e-01	   3.8113790014665194e-01	   4.8733675787906283e-01	   4.9021801085331762e-01	   5.3814405604855386e-01	   5.2815930252963861e-01	   6.4722138503632132e-01	   6.2085346698498456e-01	   4.4396504758123423e-01	   3.9013576829190277e-01	   4.7518440465549311e-01	   4.1086647372516694e-01	   4.7774271469613844e-01	   4.6879918769421364e-01	   5.3054631257182738e-01	   4.6400382944568491e-01	   1.7388035645975666e-01	   6.8408447973755671e-02	   1.6142040210385181e-01	   1.6521949868805957e-01	   2.7167101707852775e-01	   2.0567581720346256e-01	   1.5046430795850074e-01	   1.4231507757133244e-01	   3.7136432347446846e-01	   1.4730202838802103e-01	   3.2569436552171538e-01	   2.8145908748291215e-01	   4.0465595064707111e-01	   2.7121383557489159e-01	   5.1815260387731632e-01	   4.6790917110247082e-01	   3.0096469687067884e-01	   3.6872677986457014e-01	   6.8694121733399283e-01	   4.7701512564585913e-01	   5.6286384672164069e-01	   4.7187733296642653e-01	   4.4520337655215336e-01	   3.9857058752104391e-01	   5.9948112726669733e-01	   5.3497696732604016e-01	   6.3345615522099996e-01	   5.4191481447939860e-01	   5.7221957092142317e-01	   4.2856380593503451e-01	   5.7890348785342516e-01	   4.5090547293457561e-01	   5.6831486079951654e-01	   5.1496814687546222e-01	   4.1412751289665811e-01	   4.1108516059661498e-01	   3.0993065739421499e-01	   4.8300156045721054e-01	   4.6132990295578125e-01	   5.4443972788782280e-01	   5.5774390313283395e-01	   6.0235421833845737e-01	   6.1273477355449801e-01	   6.9885361464530282e-01	   4.3022562095521666e-01	   5.1491892415574658e-01	   6.5938363353579899e-01	   5.0812716957962989e-01	   6.5125174641420647e-01	   6.8710748698197244e-01	   5.9365217017463989e-01	   7.3762508930588877e-01	   4.8162851658368463e-02	   3.9506688329436976e-02	   1.7973822493389091e-01	   2.0845908005963837e-01	   4.2657497561541502e-01	   5.0668403019855968e-01	   4.3893794262034408e-01	   6.4757809079088280e-01	   5.7896986865218492e-01	   6.5008220200847666e-01	   5.1093818455250117e-01	   5.0265923688278069e-01	   4.1322252462407738e-01	   5.9584753678426594e-01	   1.6531411396953655e-01	   8.6284538638874184e-02	   1.8889403726575543e-01	   4.2114284686781944e-01	   5.1938373719662057e-01	   3.3840053333952946e-01	   1.5566732390902938e-01	   6.0069335699537124e-02	
   6.0537321988144877e-01	   5.5193421438292734e-01	   7.2861531735233065e-01	   6.3301696390744855e-01	   5.7151749257467133e-01	   6.1237785836871517e-01	   6.1590464657358623e-01	   7.3850016055830525e-01	   6.2353193104272697e-01	   0.0000000000000000e+00	   5.9691678561559181e-01	   6.7316529985174067e-01	   5.5134050779520782e-01	   5.7314481492646963e-01	   6.2215081359462299e-01	   6.8927000107280534e-01	   3.9970347662741923e-01	   3.8048869627370974e-01	   5.7512562073448303e-01	   5.7048007004374501e-01	   2.7731218645658701e-01	   3.4106407563957514e-01	   7.1505210035824263e-01	   7.2307819538212326e-01	   4.3472016858911855e-01	   5.0922972313029269e-01	   4.6721153840622848e-01	   4.5586135774232306e-01	   4.0216874071007125e-01	   4.2955844758653294e-01	   4.9375755644085761e-01	   5.1500969297140120e-01	   5.5810917462236986e-01	   5.7132304746616647e-01	   3.7424956282561539e-01	   3.4486459381856610e-01	   4.1808719368132857e-01	   4.7859712703596380e-01	   4.4601418482162619e-01	   5.1157155591576875e-01	   4.2851439882625419e-01	   4.6701900999318008e-01	  -1.2425927004788168e-01	  -1.7442423703823495e-01	  -2.0495347345673892e-01	  -1.5778639463244337e-01	  -3.8134343631600856e-02	  -7.3256203714607324e-02	  -1.7703790389230595e-01	  -1.2377380853776968e-01	   1.7070572924148436e-01	   1.0286656789085855e-01	   3.2660744871137826e-01	   4.7848084930321583e-01	   2.7067680232205643e-01	   2.7629179815038374e-01	   6.1672347629420243e-01	   5.2384547435117224e-01	   2.4184418826531562e-01	   4.3651175722919344e-01	   5.9040813107734458e-01	   7.7913217216696995e-01	   4.3667814945000000e-01	   4.2863153668420506e-01	   4.6308068076263853e-01	   5.5453412655149781e-01	   3.4467088702509474e-01	   2.9594004764244503e-01	   6.9159195771521531e-01	   4.9203672204307441e-01	   4.5406327869659147e-01	   2.7781824961471757e-01	   5.1307857466380358e-01	   4.3358980618872911e-01	   5.7457055358568732e-01	   4.5122246480346090e-01	   3.8832017055654788e-01	   3.9664551337494386e-01	   4.3377907953322259e-01	   4.5487940383535941e-01	   4.2812129948245836e-01	   4.2519710018114681e-01	   5.1577782499799663e-01	   5.2059580134029226e-01	   6.0579289958891702e-01	   6.9985235725649542e-01	   6.0433513397540128e-01	   5.7318447269689243e-01	   6.6631340525385863e-01	   6.6851009022271868e-01	   4.9440531619612149e-01	   5.1353197761666192e-01	   6.1664179576530775e-01	   5.4432574539516831e-01	  -7.1587721246085673e-02	   1.3531870893593240e-01	   5.9410178389830828e-02	   2.6020846253953756e-01	   4.1512824346709144e-02	   1.5156036930355074e-01	   2.6381832136410072e-01	   4.3597493737369730e-01	   3.5234169412593197e-01	   4.2174725150761666e-01	   2.5571508607457627e-01	   2.4353008043405136e-01	   2.3828170161549395e-01	   3.5812994387919556e-01	   6.6443998139524896e-02	   1.5026925450665407e-01	   1.8771014788330520e-01	   1.7450342167334776e-01	   2.8289413991390522e-01	   2.4284961306833269e-01	   6.5328919407167729e-02	   5.8457683330704349e-02	
   7.2114500344128973e-01	   5.4963622958586844e-01	   6.2147802880151226e-01	   4.7713172991262442e-01	   5.0558228655868520e-01	   2.7177276476573786e-01	   7.5846506135384884e-01	   6.1982673901514063e-01	   6.6334303317200560e-01	   5.9691678561559181e-01	   0.0000000000000000e+00	   8.1897308444022965e-01	   8.9664564409916014e-01	   8.2946163144497453e-01	   7.3004626569485487e-01	   6.4505904310306694e-01	   4.7381134506248346e-01	   3.9076998593334489e-01	   5.7306002309456139e-01	   5.5120200206180436e-01	   3.0760350695542266e-01	   3.1213559681123293e-01	   6.0305105063947351e-01	   4.8360807044988974e-01	   5.2332889671360183e-01	   4.3438320489720106e-01	   4.0982892848864055e-01	   3.1339088860725556e-01	   4.7172077420919833e-01	   4.7148187556235777e-01	   4.5473638832950924e-01	   3.9608409866767713e-01	   5.3199657288928415e-01	   5.3050104307233337e-01	   2.5076089838110038e-01	   1.6896934761029803e-01	   3.6605938567927843e-01	   3.6088804180762457e-01	   4.6820748925835143e-01	   5.2818940600638964e-01	   3.3932737147707392e-01	   3.8728107193554290e-01	  -2.7809514085322819e-02	  -9.7580294691981762e-02	  -4.9200938008642586e-02	  -4.0256504703867262e-02	   1.1120719240342994e-01	   6.7641704525179078e-02	  -6.2707812131032034e-02	  -3.2522694337067587e-02	   3.0588248841428212e-01	   1.5124526649708270e-01	   2.9845039543164914e-01	   3.9862388519706371e-01	   4.6897915706207827e-01	   3.6262446592656977e-01	   5.5684620415305475e-01	   4.1976217939696181e-01	   2.6698049986025341e-01	   3.1368138944956880e-01	   6.8817835320837950e-01	   5.6586845028885602e-01	   5.5242697438292465e-01	   4.2012906603885536e-01	   4.7471009829202981e-01	   4.6949945937428184e-01	   3.1637684213958961e-01	   2.3788866753125426e-01	   5.9541964929905122e-01	   3.2279957070704923e-01	   5.2127361179163678e-01	   2.9146681473360625e-01	   5.2652753748997450e-01	   4.6162043169977940e-01	   4.7649556246488245e-01	   4.5102794847028138e-01	   3.4671804696382691e-01	   2.6081993398056663e-01	   3.5931318492053621e-01	   4.4557972315832195e-01	   5.1856639237677560e-01	   4.9697045859928535e-01	   5.0817358635691878e-01	   5.2795575261532846e-01	   7.1075962360078559e-01	   6.3096900109739751e-01	   4.9770985065850992e-01	   5.3631490232824663e-01	   5.7355854789720362e-01	   5.3408237025309246e-01	   4.7835327744792344e-01	   5.9832524790280139e-01	   4.5344731674270933e-01	   6.2808268758648478e-01	   1.7540729541901093e-01	   2.6492445898288508e-01	   3.1807554724044229e-01	   4.2650689807765851e-01	   2.6170935219163466e-01	   3.6468166529489793e-01	   2.8739784592128059e-01	   5.6833950060542515e-01	   4.5387281994559359e-01	   5.3484577640586140e-01	   3.8230749638501071e-01	   4.5102197944728206e-01	   4.3531776841409520e-01	   5.1606584439871872e-01	   3.3617756859255221e-01	   2.5280943932654798e-01	   2.6423080504042384e-01	   2.3717578948724416e-01	   4.3181370962729132e-01	   2.8854903066705062e-01	   3.2482005309957657e-01	   2.3620881751370160e-01	
   7.1827945336698851e-01	   6.4610871454901098e-01	   6.4314413157592631e-01	   5.4787358637663330e-01	   4.9906724939305208e-01	   4.1765477500840542e-01	   7.0466337556960268e-01	   6.9449010931025057e-01	   5.8972493472653320e-01	   6.7316529985174067e-01	   8.1897308444022965e-01	   0.0000000000000000e+00	   7.4415278839232157e-01	   8.8360029828057507e-01	   6.7027652128390947e-01	   7.4949977528706713e-01	   4.9184185908641920e-01	   5.0844431463492756e-01	   6.6807729426307250e-01	   6.4758135973530351e-01	   4.1834582034596285e-01	   4.5714894522841643e-01	   6.2711499448521180e-01	   5.6035318068935158e-01	   5.2326156170588844e-01	   4.8328574177240297e-01	   4.5546525397091991e-01	   4.3287723164229702e-01	   5.4768426965961581e-01	   6.1193365440472491e-01	   5.6796627881996087e-01	   4.8951735899693471e-01	   5.7298790142596889e-01	   6.0217281226744268e-01	   2.5953692664701011e-01	   2.2522082656782255e-01	   4.4339645107965753e-01	   5.0805227476985748e-01	   5.7385393527152739e-01	   6.0847804138512251e-01	   4.4453166724992171e-01	   5.3657706134558814e-01	   1.9651823775955663e-02	  -1.7544412651323577e-02	  -8.7155705637630754e-02	  -4.9695750480445465e-02	   1.2528538443144124e-01	   7.3051565719730205e-02	  -9.1915603956029601e-02	  -4.1743900304396314e-02	   3.4338677292482223e-01	   1.9892993900577965e-01	   4.2802989757497534e-01	   5.5141625859546084e-01	   4.4382684488585400e-01	   3.6260318869199981e-01	   6.6370275388261479e-01	   6.2995362859666049e-01	   3.8056742052283526e-01	   4.5694979194119989e-01	   5.9611302042912584e-01	   6.3349952209919058e-01	   5.7614728751237665e-01	   5.9899912663822996e-01	   3.0304892614639323e-01	   3.7320652278196875e-01	   2.8956000079022526e-01	   2.3535921088344577e-01	   7.6968220951799804e-01	   4.8742684277645898e-01	   5.5505318069534404e-01	   4.0016060912595486e-01	   5.8965808192236080e-01	   5.4553640705100692e-01	   5.5085004717512676e-01	   5.1991625014732956e-01	   4.6882912499228135e-01	   4.7177943478590795e-01	   4.8876785689706392e-01	   5.6696934292270607e-01	   6.0420450630908507e-01	   6.0596641812227492e-01	   5.5885982326571626e-01	   6.5367732775499365e-01	   6.9885720778429294e-01	   7.4243450037063308e-01	   4.4426600956856999e-01	   5.3414706339824647e-01	   5.7485791843119505e-01	   6.7357602010971529e-01	   5.6757542882200784e-01	   5.8945138878866032e-01	   5.7487943269639108e-01	   5.9417509281147984e-01	   8.3797921593059960e-02	   1.7568676891921670e-01	   2.7783224265447248e-01	   3.6822583161003863e-01	   2.2211177549267580e-01	   3.0025812790511897e-01	   4.0448077224345180e-01	   6.0794769553158579e-01	   5.5203764880448736e-01	   5.4451972448672437e-01	   4.0661100044535803e-01	   4.2180502849605950e-01	   4.4278768593553419e-01	   5.1127341870667697e-01	   2.1378873928086639e-01	   2.7913003566738420e-01	   3.1878496753039842e-01	   2.8414203894999124e-01	   4.6885373472988345e-01	   3.5744016150444924e-01	   3.3802041549416101e-01	   1.6504053970715779e-01	
   7.2913198836633331e-01	   6.2329496467171008e-01	   6.2451023677873641e-01	   5.5460715342359612e-01	   5.9964393215436806e-01	   3.5245027419770336e-01	   8.2207923840831509e-01	   6.3247122810568224e-01	   7.4141622828110676e-01	   5.5134050779520782e-01	   8.9664564409916014e-01	   7.4415278839232157e-01	   0.0000000000000000e+00	   8.8063622415300880e-01	   7.3065830658959707e-01	   6.8826840817329249e-01	   5.7124296871001723e-01	   4.8070655970191972e-01	   6.0676358076300196e-01	   6.0247330850699399e-01	   4.0414964287686489e-01	   3.6513484439783900e-01	   5.8818731496975118e-01	   4.9007969913341209e-01	   5.5502237060730419e-01	   4.8931550350433939e-01	   4.3747652609762311e-01	   4.0608370225232671e-01	   5.0939251289682042e-01	   5.1173591219343129e-01	   5.1073090309904268e-01	   4.4807252585645158e-01	   6.0130941761359080e-01	   5.6939825619775597e-01	   2.4610584331703197e-01	   1.6122105448462037e-01	   4.1169409103679933e-01	   4.1865986704548547e-01	   4.6410347892876663e-01	   4.6283334941523679e-01	   4.6532413163693465e-01	   4.5294494882885361e-01	   4.8215435720896850e-02	  -1.9393942291148502e-02	   5.4713626957909905e-02	   8.3258067990634663e-02	   1.7825428956559713e-01	   9.4536953324957707e-02	   1.5058108946867594e-03	  -3.1667678418862498e-02	   2.0380658835726539e-01	   3.6354417693094505e-02	   1.8010585421773506e-01	   2.8691422861762611e-01	   3.4663592101420704e-01	   1.9489058495316247e-01	   5.1817857206183082e-01	   3.9537107930489440e-01	   8.8863681492569013e-02	   1.1631781642999495e-01	   5.8044171053941807e-01	   3.9218700719545202e-01	   5.8521365947600068e-01	   3.9833913150441225e-01	   4.7678252921726888e-01	   4.5195607004035443e-01	   3.3197082686841012e-01	   2.9010538062979219e-01	   6.2146770697736531e-01	   3.6037453368334682e-01	   6.3184777641733625e-01	   4.7564970859987932e-01	   6.0981110676901662e-01	   5.5507500910677687e-01	   5.7148899769714323e-01	   5.8068710821670078e-01	   3.6041521224317524e-01	   3.0483630127061007e-01	   4.1564071979083650e-01	   5.8929980760832135e-01	   6.4831890148268156e-01	   6.2699745239738214e-01	   5.5208176006300369e-01	   6.2119105197217905e-01	   6.4418643130517261e-01	   6.5218873969177182e-01	   4.1409899571774239e-01	   5.8031062857760884e-01	   4.8767599099936310e-01	   4.0710137362786775e-01	   5.0275719864318247e-01	   6.2343106841555518e-01	   4.7712278254545376e-01	   6.6054001075252744e-01	   2.0970384497088662e-01	   2.0648889027000883e-01	   3.2195645386450300e-01	   3.2611547156539034e-01	   3.0203935081331945e-01	   4.1574676300630892e-01	   3.2698736455800892e-01	   6.1299289319599604e-01	   5.4630498553922691e-01	   6.6275998560208227e-01	   5.3926852931013913e-01	   6.0717142849677819e-01	   5.0327656061181758e-01	   5.3103214246764752e-01	   4.3590497277896900e-01	   2.4145577941430033e-01	   2.6189327696061615e-01	   4.0018628200937251e-01	   5.5057489871544629e-01	   4.6014822707372438e-01	   4.6629941658568502e-01	   3.3394311770255813e-01	
