   0.0000000000000000e+00	   9.1905176168258895e-01	   7.5619861544168732e-01	   7.5145490335460763e-01	   4.4481757536859451e-01	   5.1572619448655332e-01	   7.8963353529693836e-01	   7.1765874473283309e-01	   5.6599635392940639e-01	   3.9051177128839398e-01	   9.0210195739967713e-01	   8.4269749667072003e-01	   8.6171739599619523e-01	   8.1836737709950635e-01	   8.4545145362042640e-01	   8.4399386100919460e-01	   6.4513017884213020e-01	   6.9578487248176968e-01	   8.5111825365026272e-01	   8.1579633532589413e-01	   5.4595984200635028e-01	   4.7782277719235278e-01	   7.1402083675998285e-01	   7.2101734285311814e-01	   7.1996829610047119e-01	   7.1240438023740704e-01	   6.9126074749864241e-01	   6.3538601198255462e-01	   6.6680867581235770e-01	   6.8697309215810842e-01	   6.4259683823012592e-01	   6.2360496639699192e-01	   7.0572595103142055e-01	   7.5592376977436826e-01	   5.8422729712677479e-01	   6.4598101652718420e-01	   4.0042584133900755e-01	   4.7659688535977945e-01	   5.4611842278333356e-01	   7.2237861303190376e-01	   5.8230637585338130e-01	   5.8656782059748025e-01	   6.6415877615145269e-01	   6.5175264268983790e-01	   5.5884036290851480e-01	   6.4923263295193201e-01	   6.6023965410445640e-01	   7.5362102427987210e-01	   5.3301634072695092e-01	   5.8912798173366598e-01	   7.8519691302716965e-01	   6.3697337100323370e-01	   8.4232816827908319e-01	   7.2932862535303067e-01	   8.1731439473291290e-01	   8.0652034520710436e-01	   8.7933292985640166e-01	   8.4108078569364042e-01	   7.3696620023628889e-01	   6.5618381114104518e-01	   8.1252703743354449e-01	   7.1315356069983060e-01	   7.4608804374726989e-01	   7.2846395208575354e-01	   6.9409792436124573e-01	   6.9664214048595108e-01	   7.9155978969891305e-01	   7.7281047044644779e-01	   8.9682605794612036e-01	   8.7929286734775858e-01	   6.1608236655902848e-01	   5.3096378678055012e-01	   7.2711375292991154e-01	   6.7461784776192180e-01	   7.2524019995327982e-01	   6.8573947488236886e-01	   7.0497207180962818e-01	   7.6096890981903154e-01	   7.2291072819142399e-01	   6.9314889602939722e-01	   7.4819577056235231e-01	   7.9042442561362580e-01	   7.1463747628104768e-01	   7.8654670211038513e-01	   8.1299402055124048e-01	   8.6740439472592501e-01	   5.2939604566869769e-01	   5.7608152238736687e-01	   7.3093533712416858e-01	   7.8929726470889261e-01	   5.3699960997441876e-01	   6.8163105757391040e-01	   4.4099117418369199e-01	   4.7312838531647128e-01	   1.4952822658900120e-01	   4.5874868105276734e-01	   7.1090689355689907e-01	   7.6063224418633169e-01	   7.4665759214009575e-01	   7.5581188754532203e-01	   6.0051627904227545e-01	   4.4580775638805098e-01	   5.9072747436916717e-01	   5.1882209155218950e-01	   4.8582699749272606e-01	   4.0938446668560058e-01	   5.1893031155151659e-01	   4.8709470244404013e-01	   2.8580688182070307e-01	   4.0918175701521797e-01	   6.8099568538379807e-01	   6.0794466297938154e-01	   6.4377588520028883e-01	   7.0589898722768973e-01	   4.4790088182346777e-01	  -1.1592122761315393e-01	
   9.1905176168258895e-01	   0.0000000000000000e+00	   6.6586672481528397e-01	   7.1090048862897581e-01	   4.0375792350556555e-01	   4.8360004097808135e-01	   6.7205875217311761e-01	   6.6344272134263793e-01	   5.1551360750944630e-01	   3.4755995926434818e-01	   8.7530224626916353e-01	   8.2210722458881347e-01	   7.5897385182438148e-01	   7.7632740213628260e-01	   7.0648518343494882e-01	   7.4764912890782387e-01	   7.1108747349368351e-01	   7.2646715621715097e-01	   7.8362321210659425e-01	   8.2435420436716778e-01	   4.7415823998547479e-01	   3.8447021346788435e-01	   6.3900487171492426e-01	   6.5833288436609561e-01	   6.6741530052219777e-01	   6.4174398828244639e-01	   5.4926615089490438e-01	   4.7521439824761685e-01	   6.3175299375404292e-01	   6.6109281715606150e-01	   5.8063037142718221e-01	   5.5892396333696603e-01	   6.5368776158266528e-01	   7.1547423015659728e-01	   4.9383578322397492e-01	   5.4534442182820642e-01	   4.0313585339877805e-01	   4.3780370080687103e-01	   5.2944006962679635e-01	   6.8823649332843162e-01	   5.6813334070407773e-01	   5.0812725361931965e-01	   6.4049102061052865e-01	   6.3673535881740118e-01	   5.1106360202864931e-01	   6.1098760872384605e-01	   6.6269626887526112e-01	   7.0849981428954134e-01	   5.0657094726788698e-01	   5.9410815964255503e-01	   7.5018471577519019e-01	   5.9924878030602169e-01	   8.4434098763673715e-01	   7.3582977539075634e-01	   8.0333303257492283e-01	   8.0081677074305069e-01	   8.8949637768970280e-01	   8.6910268036956584e-01	   6.4144952360466656e-01	   6.0048303453630636e-01	   7.1566225271483108e-01	   6.5628643251064189e-01	   7.3303772475321249e-01	   7.4587438322577515e-01	   5.9854373993774646e-01	   6.2821467046842705e-01	   6.7898259398752892e-01	   6.5441777258818490e-01	   8.7734453073385776e-01	   8.6952542110351816e-01	   6.1121984891120884e-01	   5.4820933731672083e-01	   7.1344755917902114e-01	   6.9972053322863814e-01	   6.8602536472552145e-01	   6.8365586520505905e-01	   7.2552560912026254e-01	   7.8101269941569940e-01	   7.5342478776854205e-01	   6.9669571873064662e-01	   7.3246164352648502e-01	   7.7663475745463606e-01	   5.7795106469939350e-01	   6.8591785430371144e-01	   7.1035196792404975e-01	   7.9548224451028959e-01	   4.5905121311505326e-01	   5.3618429075968932e-01	   6.2196616376280434e-01	   7.0664035694264093e-01	   4.4893134405610480e-01	   5.1685633042430945e-01	   4.1891462729608070e-01	   4.4189759475379176e-01	   8.0409323381967560e-02	   3.9376217999605767e-01	   6.5405224710468834e-01	   7.0293998067382635e-01	   7.0945869060324196e-01	   6.6813602878746381e-01	   6.2303666711298900e-01	   4.1206078929647094e-01	   6.6923450085679748e-01	   5.1001153015136613e-01	   4.8487807733125976e-01	   3.4966043187498597e-01	   4.0120612227299673e-01	   3.1988748041044635e-01	   2.9240551468159953e-01	   3.8734387794911995e-01	   5.8159034599872872e-01	   5.1243325873912338e-01	   5.5508835685284441e-01	   6.6580200337717055e-01	   3.8333459507537226e-01	  -1.1279764345855249e-01	
   7.5619861544168732e-01	   6.6586672481528397e-01	   0.0000000000000000e+00	   8.4813252018070995e-01	   6.8225106901909349e-01	   6.0720591017833292e-01	   8.9512071975477625e-01	   6.8798078033990384e-01	   7.1698634785621240e-01	   4.7571255662842427e-01	   7.3128398324593524e-01	   5.6146833793079498e-01	   8.1415953804696017e-01	   6.1104389524792047e-01	   8.6854530762300353e-01	   8.3448668875777243e-01	   6.4200075909584253e-01	   6.6202861068949259e-01	   8.1447883222359230e-01	   6.8799362032517641e-01	   7.6829498824073972e-01	   7.2792778592135621e-01	   8.9416141640567415e-01	   8.4029215690557257e-01	   8.2213909166291932e-01	   7.9983234825589922e-01	   6.3319614133973823e-01	   6.4960785412375432e-01	   7.4839055400315546e-01	   7.3327523898113056e-01	   8.6935458967877477e-01	   8.1940523870442661e-01	   8.5996197144754016e-01	   8.3145379668126607e-01	   7.4287828252796206e-01	   7.4287522749664570e-01	   6.0816023489766369e-01	   5.2805387243384272e-01	   6.4044751332701888e-01	   6.8814269675962025e-01	   6.6201582869907238e-01	   6.4857958715364883e-01	   5.2296446439539834e-01	   5.2241063004679211e-01	   4.8682216729560612e-01	   3.9974954245826821e-01	   4.9603148839103167e-01	   5.5309403759206788e-01	   2.6980198745149292e-01	   2.4727845200568133e-01	   4.9759592092328886e-01	   3.1192086789844076e-01	   6.4838789962211729e-01	   4.6579647245985634e-01	   6.3241130535767032e-01	   5.8401474079434568e-01	   7.1206077276650359e-01	   6.7305091765262803e-01	   4.0318607346746460e-01	   3.9962946671112215e-01	   7.1920785451894842e-01	   5.9009176975478539e-01	   7.6497553924920814e-01	   7.1201470026029778e-01	   8.2342104834021568e-01	   5.9833451053998843e-01	   6.9276758611073963e-01	   6.4636320568511740e-01	   7.1670332242774115e-01	   7.1193803028221148e-01	   7.0461099546286343e-01	   6.0153455673167999e-01	   7.5779220046605944e-01	   6.7644059962552006e-01	   7.8405888471910345e-01	   7.3731925003593402e-01	   7.5546672919499325e-01	   7.2582011358700227e-01	   6.8442707883627307e-01	   7.5996479239293580e-01	   7.4594107149526190e-01	   7.8652683774996857e-01	   7.6666758042561289e-01	   7.2027061488243815e-01	   8.8839034774140968e-01	   8.6566874938540439e-01	   6.6084071765113905e-01	   5.7172913718243890e-01	   7.8801511710820848e-01	   7.6887735685197067e-01	   3.9409867128884374e-01	   6.8264735260818299e-01	   4.7467742232807403e-01	   6.5273616997745854e-01	   1.5146491304128909e-01	   4.5044856009638468e-01	   5.8524778743965311e-01	   6.0580402434598435e-01	   5.5710734266229767e-01	   6.0022265004766229e-01	   4.5617813585759359e-01	   5.4348634013961605e-01	   5.3089822323201830e-01	   6.1530167725169960e-01	   5.8078555934519938e-01	   5.7515542141352038e-01	   3.8244540905698654e-01	   3.8868624807533497e-01	   3.6940769958414865e-01	   4.8985178483355163e-01	   6.4915185784722484e-01	   4.0770079085738314e-01	   4.6990706582000996e-01	   5.6602645804745721e-01	   4.7456944231546033e-01	  -3.8219060000535370e-03	
   7.5145490335460763e-01	   7.1090048862897581e-01	   8.4813252018070995e-01	   0.0000000000000000e+00	   6.2783738107261700e-01	   6.8902588407900944e-01	   8.5471618349059963e-01	   8.8218226037490233e-01	   7.6013631915290514e-01	   5.7937529998725246e-01	   7.3522063348321809e-01	   6.5229295495106832e-01	   8.6492824731892570e-01	   7.7637440806021552e-01	   8.2837249372813471e-01	   8.6020249925193792e-01	   6.0768904595606876e-01	   6.0271072528519787e-01	   7.7497520719161006e-01	   7.3991891594512116e-01	   6.9005024402705728e-01	   7.1680381267887772e-01	   8.2053427879208618e-01	   9.1630831391784628e-01	   8.3141710806949964e-01	   8.8595008836396127e-01	   6.5775995641230356e-01	   6.5824967460486850e-01	   6.6279572211399151e-01	   6.4154168596180838e-01	   8.0428708198612708e-01	   8.5743414145789143e-01	   7.4612001496535729e-01	   7.8374099891246873e-01	   6.4891032523067138e-01	   7.0927577639920159e-01	   6.1754059952426599e-01	   4.8663623295094804e-01	   6.1375514443196089e-01	   6.7576608098196944e-01	   6.4466088202799932e-01	   5.9697869063593156e-01	   4.4467096053930349e-01	   4.1466680897837666e-01	   3.8128865784443927e-01	   3.4262081805733680e-01	   4.3846717038485322e-01	   5.0886628042865201e-01	   2.3346199252586525e-01	   2.4686369326719873e-01	   4.9919533963285301e-01	   2.6866772122475979e-01	   7.3165212198959828e-01	   5.3716941802393336e-01	   6.4076332536113068e-01	   5.5844869278240128e-01	   7.4206728988361836e-01	   7.2505767105990104e-01	   5.0634087824964091e-01	   5.8703044602180943e-01	   8.2906550369496312e-01	   8.0548780198918801e-01	   6.9757177000199289e-01	   6.5173148587704022e-01	   7.7941053300151897e-01	   8.1585572201054124e-01	   6.2417565819678889e-01	   6.3250379890597641e-01	   7.5650999945806729e-01	   7.6247706433989626e-01	   7.0107733497238089e-01	   6.9205751174921559e-01	   6.9777215927574443e-01	   6.3946632916919977e-01	   7.1929059106758797e-01	   7.0497177726030602e-01	   6.5449444664798784e-01	   7.0015616122155633e-01	   6.7341217230067496e-01	   6.7354812950550347e-01	   7.8647468217927297e-01	   7.9711309551597020e-01	   7.1356527888620258e-01	   7.0658056101643474e-01	   8.7251618889289373e-01	   8.6118456498615137e-01	   6.4104825341882410e-01	   5.9496820411967444e-01	   8.4327400156559373e-01	   7.6409087177938106e-01	   4.9559887692917781e-01	   6.6958999597398416e-01	   6.7978517784887049e-01	   6.3896647692704134e-01	   1.0374141123341006e-01	   4.3325267693017322e-01	   5.6958555757680451e-01	   6.0010932644215331e-01	   5.8537966969174293e-01	   5.5106497032732804e-01	   6.0511422296706163e-01	   4.9419377465859959e-01	   6.2990018889168942e-01	   5.6429799139157666e-01	   5.2946904539949435e-01	   4.3298588236666441e-01	   4.1272566822434520e-01	   3.3497994920596846e-01	   2.3482770636462524e-01	   4.8938548929482267e-01	   6.3634592815328128e-01	   3.9074619996191406e-01	   5.4935803138726058e-01	   5.6350671890985160e-01	   3.7895036943266447e-01	  -1.9218848039988989e-01	
   4.4481757536859451e-01	   4.0375792350556555e-01	   6.8225106901909349e-01	   6.2783738107261700e-01	   0.0000000000000000e+00	   8.4728832478737015e-01	   6.8292140229886589e-01	   5.8153995709876039e-01	   8.9596836006175051e-01	   7.9355281978948899e-01	   4.0458115972428421e-01	   4.1531909074474727e-01	   4.1922707530954006e-01	   5.0560897897100565e-01	   5.2719950432021401e-01	   6.5651687603253106e-01	   3.3707972482121684e-01	   3.3459813349170625e-01	   3.5058407532303726e-01	   2.7700021292600896e-01	   6.0610943580709109e-01	   5.6757848133507738e-01	   5.1831559330966603e-01	   5.5203200409588149e-01	   5.5215767699041307e-01	   5.9435635762735317e-01	   3.8894878285335432e-01	   4.8782996535882639e-01	   4.2104238840833141e-01	   3.4877264215169779e-01	   5.2747027666744228e-01	   5.1093295828406404e-01	   4.7485348100470665e-01	   4.5817338194579410e-01	   3.9399886680820628e-01	   4.1801732906761857e-01	   3.5128298621998616e-01	   2.7667191420874715e-01	   3.6667568441908904e-01	   3.9672954197932775e-01	   4.1489697423694155e-01	   5.2619541784392931e-01	   4.5104945020668474e-01	   4.1867743533898372e-01	   5.7271573421209410e-01	   4.4759408733031009e-01	   4.4811459708331869e-01	   4.6817864462083242e-01	   4.1860363504716203e-01	   3.5301199650170118e-01	   4.5500333899707224e-01	   2.8163048111679451e-01	   5.4745992769407836e-01	   3.7432501100478932e-01	   5.1492094114386022e-01	   3.9492336248383664e-01	   5.0851764433436175e-01	   4.5437760465462562e-01	   4.3708523923855758e-01	   3.2281576207493018e-01	   5.1488526091031050e-01	   4.9080601839752330e-01	   3.6409364486471929e-01	   3.4516149924891348e-01	   4.3372189238698455e-01	   4.1522351959386572e-01	   5.1582682073704267e-01	   5.1464293492058821e-01	   3.3793421232061649e-01	   4.2002584483608674e-01	   4.6151768638722623e-01	   4.4872651427420462e-01	   4.6555671866983539e-01	   3.5978540673173010e-01	   5.1275246362993099e-01	   4.2868112668027752e-01	   4.2294014649624351e-01	   4.2800153649457029e-01	   4.8816252757423817e-01	   4.8068053589147891e-01	   4.4768852146659721e-01	   4.7110585686332374e-01	   4.0489746267311255e-01	   3.1954022045350383e-01	   5.5142078781043979e-01	   5.7033159479905648e-01	   2.3088787479827802e-01	   4.3162590259112760e-02	   6.3462532264497395e-01	   4.9369467301893910e-01	   5.5506274390322774e-01	   5.8690382326685353e-01	   7.1432866512749604e-01	   6.5404450786722335e-01	   9.5310633880608175e-02	   3.6237054961224074e-01	   4.3942530624010723e-01	   3.9931298339350008e-01	   5.9579710679825515e-01	   5.1276669561172106e-01	   6.3624029718214747e-01	   7.3539811338952599e-01	   5.7015917765690149e-01	   6.1672470180827454e-01	   3.1991803374239669e-01	   3.7413049013204080e-01	   3.9715706273804141e-01	   3.5336555051206336e-01	   6.0510579238738496e-02	   3.2219275872171182e-01	   5.7334243931412443e-01	   4.9620506685638543e-01	   5.5930728662806595e-01	   3.2729758962011180e-01	   1.2789616496764861e-01	  -1.5779405084975770e-01	
   5.1572619448655332e-01	   4.8360004097808135e-01	   6.0720591017833292e-01	   6.8902588407900944e-01	   8.4728832478737015e-01	   0.0000000000000000e+00	   6.8028318633066176e-01	   6.9904634522515641e-01	   9.1335715302716103e-01	   9.4277849662868873e-01	   4.8184232068331206e-01	   5.3699017593592602e-01	   5.1218064238197325e-01	   6.4416304454505824e-01	   5.5280035563317098e-01	   7.3779402609437472e-01	   2.6282292986146594e-01	   2.9259040767580929e-01	   3.8841979971832374e-01	   3.7766487829024642e-01	   5.3001763429067261e-01	   5.2704179861367872e-01	   4.2657229502088234e-01	   5.5416484434004976e-01	   5.0315383103753930e-01	   6.4954523434028655e-01	   3.3440549221750338e-01	   6.4999646674090650e-01	   3.3119225304773070e-01	   3.0956829020844723e-01	   4.4579783756489089e-01	   4.6786985499120087e-01	   4.5013779544350718e-01	   4.6278298662231809e-01	   3.2430176203107891e-01	   4.2569906782605477e-01	   2.3099927084090374e-01	   1.7720408221938627e-01	   2.6523883246144297e-01	   4.2148875650579587e-01	   3.4418637530176938e-01	   4.5243062053291405e-01	   5.7339601725508538e-01	   5.2899492758967781e-01	   6.8895203446234865e-01	   5.8557980586580638e-01	   5.5040142667987402e-01	   5.7730931950602671e-01	   5.2885511838181054e-01	   4.7196854599015747e-01	   5.3318048768029558e-01	   3.3865877290182433e-01	   6.3259794444429340e-01	   4.2132060737834237e-01	   5.7169514406482858e-01	   4.4168553358469315e-01	   5.6512575384619357e-01	   5.2502929830278233e-01	   6.3372621740965007e-01	   5.4165601179949951e-01	   6.4475315281333612e-01	   6.0494742551174530e-01	   3.4148109653619280e-01	   3.3329311047535726e-01	   3.4761577690377266e-01	   5.1684450311709673e-01	   6.0734150069077142e-01	   6.4063800339013977e-01	   4.3443748925176795e-01	   5.1136626755074199e-01	   4.0014504410161789e-01	   4.4351609291337435e-01	   3.8558504031961477e-01	   2.7332825148062495e-01	   3.9833726857781687e-01	   3.5369361694248286e-01	   3.0748792941940395e-01	   3.5895207671859714e-01	   4.2041773859819220e-01	   3.5288048024727869e-01	   4.2438015038827515e-01	   4.2202343259715186e-01	   3.3686575662482204e-01	   3.6672027438387461e-01	   5.1534750967136511e-01	   5.7040977709832186e-01	   1.2590005387202391e-01	   1.1681610194707429e-02	   6.4352388680790584e-01	   5.4823814548363425e-01	   6.4799838676885058e-01	   6.1891573575746905e-01	   7.3209564800245386e-01	   5.7991207159409819e-01	   1.4737469818370130e-01	   4.2306989170033032e-01	   5.6119042124581220e-01	   5.2924830920325006e-01	   7.0799887414794838e-01	   5.5740973833924490e-01	   7.1755821844199918e-01	   6.9495119076253342e-01	   6.1841607281892097e-01	   5.9252652152166285e-01	   2.9599626095407583e-01	   2.7916152458163851e-01	   5.8612172735436596e-01	   4.5721331891274092e-01	   6.1581064107284395e-02	   2.9721042077877025e-01	   6.2114920551128749e-01	   5.6810282669467704e-01	   6.7711626960300264e-01	   4.3567717745268930e-01	   1.0879563956645580e-01	  -2.5726893810062590e-01	
   7.8963353529693836e-01	   6.7205875217311761e-01	   8.9512071975477625e-01	   8.5471618349059963e-01	   6.8292140229886589e-01	   6.8028318633066176e-01	   0.0000000000000000e+00	   8.6186491797005371e-01	   7.9784502606481467e-01	   5.7174714972868057e-01	   7.8004339099905151e-01	   7.3268535869079066e-01	   8.7043310844800792e-01	   7.8165915085480320e-01	   8.3385013833943655e-01	   8.6069839974410800e-01	   4.7838919972496147e-01	   5.4296567140776708e-01	   7.3991195513156383e-01	   6.4610948043654859e-01	   7.1420359665965916e-01	   6.4820070741321989e-01	   7.0721544783461188e-01	   7.2534073287613021e-01	   6.9835848536668155e-01	   7.3658011755886510e-01	   6.2514083310545177e-01	   6.3917734582982388e-01	   6.3752130809948160e-01	   6.3507537210828746e-01	   6.8450432401027983e-01	   6.9873699806712841e-01	   7.1061771242215854e-01	   7.2197399980999866e-01	   6.5642802484857388e-01	   7.1155307516763588e-01	   4.5049372556381900e-01	   4.1300876544925247e-01	   4.9826368690189760e-01	   6.2842529926617763e-01	   5.3399834620717712e-01	   5.9465423247492022e-01	   5.9399561794851330e-01	   5.9496456279266252e-01	   5.7494223894012186e-01	   5.5373994944308358e-01	   5.5787018280395728e-01	   6.4689198339319898e-01	   4.6637319015837264e-01	   4.5358313631806213e-01	   6.6137159857934824e-01	   5.1580635206368974e-01	   7.2326623390426392e-01	   5.8697742914641116e-01	   6.8027808429971048e-01	   6.3840346222282318e-01	   6.8364732154442887e-01	   6.6576416172507014e-01	   5.8161101521806535e-01	   5.4844754241667759e-01	   8.5123738444895491e-01	   7.7338826209408551e-01	   6.2185225524602705e-01	   6.0224132350662796e-01	   7.2500694887419992e-01	   7.5840518489122211e-01	   7.5488331210511694e-01	   7.6010147289394303e-01	   6.8865448766345105e-01	   6.7608054863033384e-01	   6.5725075952539447e-01	   5.7753374024473103e-01	   6.4769529233648782e-01	   5.6337483751409645e-01	   7.0417948340669023e-01	   6.4126779683725865e-01	   6.4917549959728593e-01	   6.5408713323860179e-01	   6.3198522484809283e-01	   6.3011242031533099e-01	   6.6382630077670957e-01	   7.1848054400390016e-01	   6.5765764182164554e-01	   6.6461749876516940e-01	   8.1673470045504604e-01	   8.6054578658790337e-01	   4.7080646899796785e-01	   4.1944618285672941e-01	   7.7213694862103199e-01	   7.2375895705336546e-01	   5.1455076274454481e-01	   7.3852669365927581e-01	   6.2579847355451923e-01	   6.6507516936654687e-01	   1.3176535298651437e-01	   4.3728895816211477e-01	   6.0645914806998291e-01	   6.4809711852581309e-01	   6.7187588177359681e-01	   6.8394783190186725e-01	   6.5728246786114441e-01	   6.5975175614453851e-01	   5.9043275041913812e-01	   6.1305040107339459e-01	   5.7264112978895831e-01	   5.1249570032899205e-01	   5.2418194857156863e-01	   5.3028388774198187e-01	   3.5470609997747260e-01	   3.8052808599728927e-01	   6.4581081226041992e-01	   5.0695128935761735e-01	   6.4483901205766381e-01	   6.2116032937446297e-01	   4.0000336649261797e-01	  -1.0489460345209092e-01	
   7.1765874473283309e-01	   6.6344272134263793e-01	   6.8798078033990384e-01	   8.8218226037490233e-01	   5.8153995709876039e-01	   6.9904634522515641e-01	   8.6186491797005371e-01	   0.0000000000000000e+00	   7.8758650054709023e-01	   6.1204325185269670e-01	   7.4939048867251667e-01	   7.7695949354565264e-01	   8.3227147999694462e-01	   8.4498813103259685e-01	   7.2900597431055758e-01	   8.0934546826469278e-01	   4.6915955048154212e-01	   4.9244152138610409e-01	   6.7115142918255732e-01	   6.8204486088576033e-01	   5.8397477427937738e-01	   6.0285301022254567e-01	   5.7599381826616824e-01	   7.0091380165657990e-01	   6.2464790576589835e-01	   7.3144943246026717e-01	   5.7993424748935296e-01	   5.9143537706820393e-01	   5.5421890208873648e-01	   5.5996762455710036e-01	   5.7494515851540340e-01	   6.7044966260462058e-01	   5.7257473062614772e-01	   6.4736666715877300e-01	   5.0281846771915273e-01	   5.9757297659209896e-01	   4.7074174924362383e-01	   3.7264242303950640e-01	   4.8760051439652541e-01	   6.3070042978913521e-01	   5.2285698329385810e-01	   5.2025087096526934e-01	   5.1740160907586796e-01	   4.9511884731688460e-01	   4.8266831288246381e-01	   4.8680295503584603e-01	   5.1725186762682873e-01	   5.9720281995540792e-01	   3.9257432043466434e-01	   4.3312084208018892e-01	   5.8430696316399222e-01	   4.0762428248571697e-01	   7.7033090351655997e-01	   6.1062638707214978e-01	   6.7168610770686810e-01	   5.9966941308721056e-01	   6.9418965686670386e-01	   7.0304111253616919e-01	   6.3918201609466074e-01	   6.8080886134900331e-01	   8.8007252883663212e-01	   9.0983588945358262e-01	   5.4325601515651467e-01	   5.5856027517756934e-01	   5.9319806435384725e-01	   8.3737227107456325e-01	   6.0067686795894470e-01	   6.6928125740136923e-01	   6.7754743192502387e-01	   6.7327998545418843e-01	   5.8719757728455269e-01	   5.9800039092900414e-01	   5.5894254342532323e-01	   5.1137049298887993e-01	   5.7606159678963764e-01	   5.5764071471934895e-01	   5.1419405245460392e-01	   5.9668728004961968e-01	   6.2828349933944372e-01	   5.2286544838197324e-01	   6.7706535669668499e-01	   6.9071461255990163e-01	   5.6640235534681183e-01	   5.8987485036713327e-01	   7.3274151385177189e-01	   7.6261168543899727e-01	   4.0911484445017543e-01	   4.0324376762264180e-01	   7.9077267575333865e-01	   6.8141464123660067e-01	   5.7849857757704071e-01	   6.7286767716600782e-01	   7.3420177207060178e-01	   5.9598233460829431e-01	   1.5240060547709541e-01	   4.5957831196971771e-01	   5.8119737903191060e-01	   6.3561231229858073e-01	   6.5320418462156471e-01	   5.9895836525974788e-01	   6.9527095236046388e-01	   5.3337424381000176e-01	   6.3606320632570090e-01	   5.5362993141670847e-01	   4.8394944969286030e-01	   3.5448334761586825e-01	   4.9298687883746739e-01	   4.0092246154124161e-01	   2.3589035254185964e-01	   3.6762024410309457e-01	   6.0553036553048734e-01	   4.9766426989802515e-01	   6.8229557929221785e-01	   5.9860002945351565e-01	   3.3572948252252088e-01	  -1.8006124117354586e-01	
   5.6599635392940639e-01	   5.1551360750944630e-01	   7.1698634785621240e-01	   7.6013631915290514e-01	   8.9596836006175051e-01	   9.1335715302716103e-01	   7.9784502606481467e-01	   7.8758650054709023e-01	   0.0000000000000000e+00	   8.7579381018090885e-01	   5.8820405000462594e-01	   5.8673840801189459e-01	   6.1635281358399285e-01	   6.6816890405333174e-01	   6.3936101804116263e-01	   7.7993465601865242e-01	   3.8907100946013823e-01	   3.9682919998388105e-01	   5.1019913492115909e-01	   4.8635865254606547e-01	   5.8107822916522700e-01	   5.5209582831168613e-01	   5.1153467349441017e-01	   5.9968956544430396e-01	   5.2750446769198855e-01	   6.3370024151327997e-01	   3.4704300035569835e-01	   5.4721538419518823e-01	   5.0259894727925736e-01	   4.6921227506370822e-01	   5.4557334819473646e-01	   5.9133459489881013e-01	   5.4260239233052354e-01	   5.6620259739131562e-01	   3.8987916641304105e-01	   4.8586566911200291e-01	   3.2893865052412480e-01	   2.4638350039186241e-01	   3.3168617506145648e-01	   4.7738516485776927e-01	   4.3107186775003048e-01	   4.4801205172365766e-01	   5.1588437113018815e-01	   5.0013953149681889e-01	   6.0628591832649170e-01	   5.1915441386906991e-01	   5.2730462714838622e-01	   5.4867017516316086e-01	   4.5261438716157432e-01	   3.9226606423357191e-01	   5.3487122845286961e-01	   3.2747906738009291e-01	   6.7265551753129382e-01	   4.7562203315282892e-01	   6.0099984882354263e-01	   4.7810896423091093e-01	   6.0611988018918028e-01	   5.4426175141010913e-01	   5.4553553347113026e-01	   4.4067333816229703e-01	   6.9832005103258976e-01	   6.9119088465284584e-01	   4.2306752493853328e-01	   4.4546853784232043e-01	   4.4464742382094424e-01	   5.7419421791419656e-01	   5.4835091337531272e-01	   5.7688872190995122e-01	   4.9572371009154004e-01	   5.2308547851272758e-01	   5.7712914901825108e-01	   5.5719300005809458e-01	   5.2809547859125527e-01	   4.3642174230588582e-01	   5.6293150603918374e-01	   5.1517810646652940e-01	   4.5946151277607894e-01	   4.8940423131165900e-01	   5.5448595099789433e-01	   4.8782660977009579e-01	   5.2127701388460612e-01	   5.6142357794223807e-01	   4.3900199454782207e-01	   3.9138987476609588e-01	   6.1629466901801866e-01	   6.5307513347407231e-01	   2.1954382432925584e-01	   6.9237525027363384e-02	   6.8392535118664743e-01	   5.5830224298550446e-01	   5.6278083543299251e-01	   6.1939956179759226e-01	   7.3584333516490430e-01	   6.2637919264428477e-01	   1.6043071698655662e-01	   4.7890659740639008e-01	   5.2190442203783050e-01	   5.4964148701414550e-01	   6.5954452367427518e-01	   5.6457827017732265e-01	   7.0682419305671340e-01	   6.9930619383998327e-01	   6.3958702727868011e-01	   6.2752932534714689e-01	   4.0811719930015689e-01	   3.7622494644916693e-01	   4.8036601274493151e-01	   4.2744958253948473e-01	   1.9262259698431206e-01	   3.5688016507701992e-01	   5.9479253184629988e-01	   4.9770532399891548e-01	   6.3034709416157630e-01	   4.6075929073325417e-01	   2.1505983276877480e-01	  -1.9379097881782342e-01	
   3.9051177128839398e-01	   3.4755995926434818e-01	   4.7571255662842427e-01	   5.7937529998725246e-01	   7.9355281978948899e-01	   9.4277849662868873e-01	   5.7174714972868057e-01	   6.1204325185269670e-01	   8.7579381018090885e-01	   0.0000000000000000e+00	   4.0489171310963468e-01	   4.8520361566095327e-01	   3.9827545432968187e-01	   5.9828782269647185e-01	   4.2872783455735919e-01	   6.4813669885716874e-01	   1.4276296355384810e-01	   1.6747774675608210e-01	   2.6798522416856535e-01	   2.6437980608720696e-01	   3.5480992226700964e-01	   3.8897050224715601e-01	   2.7941143872593038e-01	   4.4309431673444016e-01	   3.3264122455091183e-01	   4.8967957107655086e-01	   1.7957914516652118e-01	   5.4959694796898773e-01	   2.0033630643976613e-01	   1.8417083014713906e-01	   2.8330905640427173e-01	   3.1947609728064763e-01	   2.7101095683193821e-01	   2.8825017965831840e-01	   1.7368801433164402e-01	   2.8611370712618028e-01	   8.8255291217397586e-02	   2.8783005968475758e-02	   9.3370858873588258e-02	   2.3170361225845509e-01	   1.8236945929902260e-01	   2.6594011108551902e-01	   4.6165390392061012e-01	   4.2569086807148460e-01	   6.1285078598117715e-01	   5.1929858464619183e-01	   4.3608302445077518e-01	   4.6227995545520484e-01	   4.8221076492430603e-01	   4.0286748741753797e-01	   4.3206717451376020e-01	   2.6420035694415589e-01	   5.0176269035502596e-01	   2.9736163063714649e-01	   4.5400410483287762e-01	   3.1262005226010020e-01	   4.1049582393432732e-01	   3.7476779118180636e-01	   5.3824255972454205e-01	   4.5836583301723155e-01	   5.1557709309553246e-01	   5.3836077990067022e-01	   2.1430264589772671e-01	   2.1750497428878562e-01	   2.0582124947822156e-01	   4.0599444413136199e-01	   4.5594271357742544e-01	   5.0442567519080561e-01	   2.7500001015690007e-01	   3.2445370639302107e-01	   2.8581307173104342e-01	   3.3024727063613502e-01	   2.5563511684420448e-01	   1.5586017691322154e-01	   2.8493420682295956e-01	   2.4211083877251427e-01	   1.6151613745899426e-01	   2.2237365275175019e-01	   2.7620210599129130e-01	   1.9531279962860651e-01	   2.7644369982637629e-01	   2.7017774987264925e-01	   1.9457065305788071e-01	   2.0751781415050682e-01	   3.6931464597607144e-01	   4.2504201942067144e-01	   5.1914357535838215e-03	  -1.4758928811651983e-01	   5.2247311378255423e-01	   3.8341885884180049e-01	   5.9095816286949987e-01	   4.8512317233293539e-01	   6.9616669906339768e-01	   4.6397468413377352e-01	   1.6074969082033269e-01	   3.6003900312018888e-01	   4.4556369055368583e-01	   4.2225679629241919e-01	   6.2138044119576663e-01	   4.6120028039757949e-01	   6.7804593352352449e-01	   6.3023661532934361e-01	   5.3722859564065317e-01	   4.7034819951496948e-01	   1.9595648267783355e-01	   1.7691860938670895e-01	   5.2346373906479460e-01	   3.9511397828180600e-01	   2.2691472119577161e-02	   2.5003050194703180e-01	   5.0834937800374480e-01	   4.9252759704867177e-01	   6.0160646950645669e-01	   3.2835191595202062e-01	  -2.0664907626874930e-02	  -2.9670169661077467e-01	
   9.0210195739967713e-01	   8.7530224626916353e-01	   7.3128398324593524e-01	   7.3522063348321809e-01	   4.0458115972428421e-01	   4.8184232068331206e-01	   7.8004339099905151e-01	   7.4939048867251667e-01	   5.8820405000462594e-01	   4.0489171310963468e-01	   0.0000000000000000e+00	   8.7508697039801198e-01	   8.6553929405432406e-01	   8.3523504996467568e-01	   7.9563463019147718e-01	   8.0397467639342735e-01	   6.8249818489301506e-01	   6.9301551384815707e-01	   8.4740458065522006e-01	   8.5833100715487087e-01	   5.1355966237134032e-01	   4.6907118542717929e-01	   6.4186837064248536e-01	   6.5657068436901667e-01	   6.0307133966110504e-01	   6.1256759087956825e-01	   5.4283934470599504e-01	   5.0736376877555434e-01	   7.0413219847566100e-01	   7.2707153386946755e-01	   6.2625621192977743e-01	   6.2084761743003791e-01	   6.7641166588140811e-01	   7.4245500131796405e-01	   5.2449301974217777e-01	   5.8692972453423042e-01	   3.3620002011257794e-01	   3.6011386153312003e-01	   4.2834364312812045e-01	   6.1896141224981105e-01	   5.0039649142023890e-01	   4.5799869056645520e-01	   5.4892359412663261e-01	   5.7899028361328908e-01	   4.9481723026228985e-01	   5.5635036584633613e-01	   5.6705494269048085e-01	   6.2927161584383084e-01	   4.4242119549579101e-01	   5.0888239023308302e-01	   7.0169836198050406e-01	   5.7419127266764391e-01	   7.8436968433583443e-01	   6.6388552824581126e-01	   7.2644430757011480e-01	   7.0317480380742414e-01	   8.0006143566614918e-01	   7.8109532437588602e-01	   5.9891636775904089e-01	   5.9177245585658655e-01	   7.7954112649261287e-01	   7.2985641027005632e-01	   7.5439640262593588e-01	   7.6086823996708763e-01	   6.1645157282550067e-01	   6.6693380830049032e-01	   6.4673381347295655e-01	   6.4734431187946539e-01	   8.4190468512473438e-01	   7.6247762822048593e-01	   7.0395128795953066e-01	   5.9347793907543445e-01	   7.1167517074069120e-01	   6.8522129725413117e-01	   7.0821887686376228e-01	   6.9808872622251550e-01	   6.6629099412839321e-01	   7.1796487414941601e-01	   7.1146945018956109e-01	   6.5810784144360512e-01	   6.9637175882705149e-01	   7.5491714196745219e-01	   5.9021839064586534e-01	   6.3765210080898660e-01	   7.4759138588141594e-01	   8.0300564895948301e-01	   4.4338230080761132e-01	   4.6495745160737578e-01	   6.3036965433943060e-01	   6.4673395553257373e-01	   3.6717075470819982e-01	   5.0920858194231400e-01	   4.0971353579287773e-01	   3.9590077681606578e-01	   1.0101365249319974e-01	   4.7249986502699470e-01	   6.1955969862630789e-01	   7.2799931234103987e-01	   6.1518160927355725e-01	   6.3560856259490550e-01	   5.7697917911385366e-01	   3.8678407079793486e-01	   5.7003603679586379e-01	   4.2195501552284065e-01	   5.0293318195565995e-01	   3.4133855443024280e-01	   4.2768923426339273e-01	   3.5956053580820951e-01	   3.9441258556593761e-01	   3.9779147944157517e-01	   5.7268742804259221e-01	   4.4436068680791124e-01	   5.4203488156246005e-01	   6.5986746211585812e-01	   4.1853981169917170e-01	  -1.0795579187121898e-01	
   8.4269749667072003e-01	   8.2210722458881347e-01	   5.6146833793079498e-01	   6.5229295495106832e-01	   4.1531909074474727e-01	   5.3699017593592602e-01	   7.3268535869079066e-01	   7.7695949354565264e-01	   5.8673840801189459e-01	   4.8520361566095327e-01	   8.7508697039801198e-01	   0.0000000000000000e+00	   7.5912144121055602e-01	   9.3434646963442092e-01	   7.0881783722539393e-01	   8.0171133601139821e-01	   4.6501207098343733e-01	   5.2269301464849161e-01	   6.5896554853180356e-01	   7.1410954959362360e-01	   4.4729195350027562e-01	   3.6807837885862704e-01	   4.4354078572452005e-01	   5.3452098735467990e-01	   5.0786384298149378e-01	   5.4486346236445538e-01	   5.3983310800523499e-01	   5.1213639351984031e-01	   5.0934827234774038e-01	   5.4849777056833182e-01	   3.8810922048144370e-01	   4.0302462687399809e-01	   4.5854256729174120e-01	   5.4523314396820832e-01	   3.8234483623738746e-01	   4.8321504066600818e-01	   2.3031618936788062e-01	   3.2369459480318225e-01	   3.6374406414635757e-01	   5.8779025595055079e-01	   4.2423178281431717e-01	   4.3083052290775581e-01	   6.1196593730694293e-01	   6.0806815227196997e-01	   5.6309095245747820e-01	   7.0027514239401001e-01	   6.3998631717975363e-01	   7.1635911568213306e-01	   6.4690529012778497e-01	   7.0487203892465500e-01	   8.3100340021204355e-01	   7.4366557902127439e-01	   8.3728290415576623e-01	   7.2403461106814793e-01	   7.9252154253263385e-01	   7.5578096643113180e-01	   7.3478546925784149e-01	   7.6007420909980139e-01	   7.6715654467203154e-01	   7.2982877385195966e-01	   7.6191544345842743e-01	   7.6444369170096782e-01	   5.8005855375893733e-01	   6.1897326790967067e-01	   4.3086795564824043e-01	   6.7110951292967813e-01	   6.9470923230132542e-01	   7.5055908901901214e-01	   7.3904998222564311e-01	   7.0181664230954177e-01	   5.0071759416503503e-01	   5.0999128617542744e-01	   5.1479043011584402e-01	   4.9787897224286948e-01	   5.1185629635242025e-01	   5.0957954544520612e-01	   4.8625273412622838e-01	   6.0799131835487963e-01	   5.9043946083756471e-01	   4.7933340047852591e-01	   5.7741267455494283e-01	   6.2101457573209073e-01	   4.9477030682070688e-01	   5.9724596546465114e-01	   6.0450396567078668e-01	   7.5358592930559931e-01	   2.4612002836864377e-01	   3.2322728805601358e-01	   6.1344177114991505e-01	   6.3503167617319645e-01	   5.8542625836779649e-01	   5.6997917331632075e-01	   5.4008187841132460e-01	   3.7862290684226407e-01	   2.0374778353913225e-01	   5.0659663538076860e-01	   6.8045332192163099e-01	   7.7243890115244485e-01	   7.6947581720949398e-01	   7.3138653857716762e-01	   7.5203059734562605e-01	   4.9729845027198327e-01	   5.7303217126905515e-01	   4.4974637776466792e-01	   4.8149260976346298e-01	   3.3614292808426083e-01	   5.6773871346132476e-01	   5.2659396503551326e-01	   3.5988350724670393e-01	   3.5338036301845449e-01	   6.1152365747195347e-01	   6.1494882984434218e-01	   7.2490569335671551e-01	   7.0406025472938549e-01	   3.6684497650410730e-01	  -7.5354933695325574e-02	
   8.6171739599619523e-01	   7.5897385182438148e-01	   8.1415953804696017e-01	   8.6492824731892570e-01	   4.1922707530954006e-01	   5.1218064238197325e-01	   8.7043310844800792e-01	   8.3227147999694462e-01	   6.1635281358399285e-01	   3.9827545432968187e-01	   8.6553929405432406e-01	   7.5912144121055602e-01	   0.0000000000000000e+00	   8.1767221099667875e-01	   9.0241093951758600e-01	   8.6237538108781253e-01	   5.7584939468769991e-01	   6.2625989682055039e-01	   8.6200392756205313e-01	   7.9688902369126813e-01	   6.2262605879157396e-01	   6.2102306796155471e-01	   7.6919371569598571e-01	   8.0898500982517518e-01	   7.3767715407911860e-01	   7.7711239383722586e-01	   6.7271676131298697e-01	   6.5874938788601345e-01	   7.0207709466779855e-01	   7.0813876921547791e-01	   7.1803304215030028e-01	   7.6500068847457847e-01	   7.3768339783790715e-01	   7.7798917116278710e-01	   6.7705573697556232e-01	   7.6894417981906904e-01	   5.1434132294498758e-01	   4.7891776047449885e-01	   5.6279192186916205e-01	   7.2676354590098802e-01	   5.7793102763899651e-01	   5.6407228455792546e-01	   5.8648587745645797e-01	   5.8145428695617785e-01	   4.7412516729709164e-01	   5.0646096554398889e-01	   5.7349541803067250e-01	   6.6372699686000813e-01	   3.7495364476771936e-01	   3.9779791011502974e-01	   6.3992650501936399e-01	   4.8398161841864534e-01	   7.5631469512442917e-01	   6.2527145532094730e-01	   7.3105388632031609e-01	   7.0221633912399306e-01	   7.1908751598702425e-01	   7.0185010964181482e-01	   5.4753167833947236e-01	   5.5547261407502191e-01	   8.9259574163486677e-01	   8.3363235041840245e-01	   6.8846765110775787e-01	   6.6090783235444617e-01	   7.9078321407333729e-01	   8.2602749316121593e-01	   6.8516847808268322e-01	   6.9162907464332801e-01	   8.0546408603929365e-01	   7.3793805431058979e-01	   6.6025832999571210e-01	   5.4734697282270239e-01	   6.7231727756756510e-01	   6.2839447301967144e-01	   6.8807351700299668e-01	   6.7359323527231019e-01	   6.7535752062057675e-01	   6.9850183970640356e-01	   6.5723636655329487e-01	   6.6628223097054884e-01	   7.3819226699526275e-01	   8.0716803208497256e-01	   7.4434699385387115e-01	   7.6170299781123729e-01	   8.6072380318487340e-01	   9.0044590091343601e-01	   6.3323785732355753e-01	   6.4725155257462286e-01	   7.4533261961136910e-01	   7.5985545372779428e-01	   4.2089505737703947e-01	   6.7844925796548727e-01	   4.6958870235507000e-01	   5.1903384083753501e-01	   1.3957140474093380e-01	   4.5349722488236166e-01	   6.8470760945115106e-01	   7.4782493414576423e-01	   6.2599733859305684e-01	   6.6568539310525332e-01	   4.9903310717373428e-01	   3.8577341773739104e-01	   5.2947487309869290e-01	   4.9143524625296037e-01	   6.0827853082785854e-01	   4.9934892440171230e-01	   4.5119733370100723e-01	   4.3668270081847627e-01	   3.2563088373918397e-01	   4.3400045737754767e-01	   6.5969136497492920e-01	   4.6057538901377237e-01	   5.9091582681055344e-01	   7.0097738641779894e-01	   5.0262414263692512e-01	  -7.5652825772752466e-02	
