   0.0000000000000000e+00	   1.6691805633516328e+00	   7.8459611670138973e-01	   7.3943986956695917e-01	   6.2234949821833974e-01	   7.1776554497120959e-01	   6.4436271312451709e-01	   5.7954443517099818e-01	   5.4626291280640826e-01	   3.7328516706068865e-01	   1.0625109410743121e+00	   9.2439793851019647e-01	   1.2309150321954694e+00	   7.7605461927410868e-01	   8.6525917877771663e-01	   6.5439303606202570e-01	   9.5895116732625063e-01	   8.0313258170982749e-01	   8.6186366668623493e-01	   7.9966141869554830e-01	   4.1003850233726102e-01	   3.5990980657446453e-01	   6.3020293677899042e-01	   5.0490105102420046e-01	   6.3261285454362393e-01	   5.4575980384264589e-01	   7.0285200708685669e-01	   6.5967944900665754e-01	   6.8821201704532764e-01	   5.8992947493188785e-01	   3.6410244964794297e-01	   2.2616218058669801e-01	   7.1430541112913271e-01	   7.8874684850589671e-01	   4.8683684062039412e-01	   1.4320194987373977e-01	   3.2814694577244741e-01	   4.2992643791666357e-01	   6.8198018941721072e-01	   6.8738839561363374e-01	   3.2895790060327113e-01	   7.0075296972817147e-01	   6.0479957114280958e-01	   5.9595174548898056e-01	   6.7078653101190733e-01	   7.7015070674198993e-01	   8.7780937315315311e-01	   8.4411347592558883e-01	   7.6412800666834435e-01	   8.5789464138932980e-01	   8.8278243514264043e-01	   7.8607875651456838e-01	   8.9716588073424752e-01	   7.4426455214183607e-01	   9.6423795211160024e-01	   9.0983312096296376e-01	   1.7752789976349437e+00	   1.3017537235716432e+00	   1.0797080873596914e+00	   9.4575287069586400e-01	   8.0123931800222747e-01	   4.6432927919355244e-01	   8.4434385701270598e-01	   7.0824508800441210e-01	   3.3149840571390804e-01	   2.7463481515377414e-01	   5.5894215164343097e-01	   5.2547807335859842e-01	   1.1612993694676248e+00	   1.0561962171185872e+00	  -1.7201566627452053e-01	  -1.2675783296543247e-01	  -1.0679392145669820e-03	   5.1575264376929414e-02	   2.6837696615197089e-02	   1.7899342503433235e-01	  -7.3131716367488608e-02	  -1.6791957867863389e-01	   7.7544584717405340e-01	   7.3283114099348623e-01	   1.3208399319189730e+00	   1.2905535580104497e+00	   1.1668513750726279e+00	   7.0947043950265820e-01	   1.1691190073436681e+00	   9.9099735952881607e-01	   1.1077423805370814e+00	   8.3314052388539594e-01	   1.0308300669256143e+00	   1.0106819732670533e+00	   4.8814246583010562e-01	   6.0988547598264220e-01	   2.3987425933807829e-01	   4.1991200094946762e-01	   1.8536088270092468e-01	   3.7185997014804112e-01	   3.5521595257273214e-01	   4.7887994204076445e-01	   7.9826067223916408e-01	   8.1443726799106431e-01	   3.1186542462364020e-01	   4.0293243461915257e-01	   3.3687731358955236e-01	   4.1689371657734259e-01	  -5.0844783211343699e-03	   9.3098374304096038e-02	  -3.6809025250085536e-01	  -1.6004387428666611e-02	  -4.7801126570872356e-02	   2.8713207391694751e-01	   1.6623027328357176e-01	   5.2365157047366018e-01	   3.8624328162931554e-01	   3.1562994429054536e-01	   1.6766843528261070e-02	  -3.5999741242030203e-01	
   1.6691805633516328e+00	   0.0000000000000000e+00	   7.3406038254250661e-01	   7.1844299036876902e-01	   5.3523517191256675e-01	   7.0380848743809699e-01	   5.6279656759922458e-01	   5.2597595531910379e-01	   4.5287916405604889e-01	   3.0862386808303033e-01	   9.8475948009060565e-01	   9.0307069949008978e-01	   1.1488885883973010e+00	   7.1950588931480075e-01	   7.9382154227604573e-01	   5.9069554179431061e-01	   1.0182169891027708e+00	   1.0122130849459734e+00	   8.5792744654622954e-01	   8.1797826907548998e-01	   4.7321375423759487e-01	   4.1212171620494076e-01	   6.1211380844374086e-01	   4.8354879381505800e-01	   6.6014434931002697e-01	   5.5185146170461685e-01	   7.0281396201945412e-01	   6.6623469887425601e-01	   7.4591257607038808e-01	   6.8720224334651636e-01	   3.9951573690498932e-01	   2.1705050269891085e-01	   7.6477816179153657e-01	   8.3851007782100917e-01	   5.0414508931299107e-01	   1.5473728056583658e-01	   3.9135478273974489e-01	   4.9632587098493453e-01	   7.1267024639300691e-01	   7.6952322513669080e-01	   3.5764820520359741e-01	   7.0480747240038166e-01	   6.3668863757436267e-01	   6.8403213730912316e-01	   7.2346080742072383e-01	   8.4973263457418635e-01	   8.8954850540212538e-01	   8.9045501542925642e-01	   8.2467375252080366e-01	   9.2250935704533987e-01	   9.6180225376634776e-01	   8.5043930797376244e-01	   9.4050783387364334e-01	   7.9346259465566427e-01	   1.0072863074539298e+00	   9.5814169682881745e-01	   1.6905324954841039e+00	   1.5785471519150078e+00	   9.4870012351262833e-01	   9.6876640774145772e-01	   6.7346083821685754e-01	   3.9253495326514987e-01	   7.1570134829248599e-01	   6.3691200218768251e-01	   2.7663484105540098e-01	   2.3162787395665430e-01	   5.8111876118487160e-01	   5.8243939748667350e-01	   1.1739932959345392e+00	   1.1183748039191226e+00	  -1.1873044877528388e-01	  -9.6515380485172192e-02	   7.4610685580552130e-02	   1.2424402493470554e-01	   4.3804271216013463e-02	   2.1724667742628462e-01	  -1.0611909786448984e-01	  -1.9404770353219186e-01	   8.4918010667022892e-01	   7.6867715112140300e-01	   1.4130016492284410e+00	   1.5078433181272766e+00	   1.1410023251525205e+00	   6.9759497829435291e-01	   1.1992853755526034e+00	   1.0971657806519661e+00	   1.2203620792410681e+00	   9.1150623538469067e-01	   1.0338280995864375e+00	   1.0417838903823369e+00	   4.8268195819514981e-01	   5.8674524322925226e-01	   2.1502299344426967e-01	   3.8110132794507212e-01	   2.5383747574111504e-01	   3.8761675489590436e-01	   4.6376142513473972e-01	   4.9899291079068753e-01	   8.2686239054705057e-01	   7.9854334689468720e-01	   2.5779157479228815e-01	   3.4073576097577757e-01	   4.0778654295635997e-01	   3.3196342726328576e-01	   4.0779218579121583e-02	   1.3582051202341788e-01	  -4.0135899695046984e-01	   1.2956589675233634e-02	   3.8895157742321169e-02	   4.2873787247341999e-01	   2.8272707797962005e-01	   6.3204980142988187e-01	   4.8545820471993661e-01	   4.0616034684942953e-01	   5.4814518825021606e-02	  -2.6312243343309988e-01	
   7.8459611670138973e-01	   7.3406038254250661e-01	   0.0000000000000000e+00	   7.3590611171208353e-01	   9.7872316618444199e-01	   9.1696814712393615e-01	   9.3062028164849986e-01	   4.0524793814027388e-01	   7.9823018237134657e-01	   4.3957714792889413e-01	   4.5906820024637712e-01	   3.2157843098777655e-01	   8.6495214134899479e-01	   4.3706716574231119e-01	   9.8807934768565697e-01	   7.0563906594224513e-01	   3.8552700967126186e-01	   3.2776719266821097e-01	   8.0725973232085013e-01	   5.1660952749180833e-01	   8.7112049031458039e-01	   8.1844593423193546e-01	   1.4578073712094486e+00	   9.1135800368786479e-01	   1.2916921734088027e+00	   1.0700280559339317e+00	   1.2134709392647707e+00	   1.1943680612475842e+00	   4.2201999304545867e-01	   2.4805576736156343e-01	   8.2827847823901735e-01	   5.0926037221762843e-01	   8.0751651133247737e-01	   6.9144114118969491e-01	   1.1390146531909568e+00	   5.0979831166731171e-01	   7.5223720469614253e-01	   6.9485523320366216e-01	   1.1037434913792987e+00	   1.0541253594296434e+00	   4.4899061015292496e-01	   7.6464089581042105e-01	   8.8302164100729175e-01	   7.0890574498623138e-01	   8.0613666461734523e-01	   7.4630414662422628e-01	   8.4780165958973597e-01	   7.6456127684131869e-01	   6.9095980416262781e-01	   7.3533654223405176e-01	   8.5729982123871673e-01	   7.9248191873982043e-01	   6.5872087313876060e-01	   6.8974237446217956e-01	   7.2876420291135258e-01	   7.6103248829256664e-01	   6.8910512846585226e-01	   7.2036561988022885e-01	   7.9515129710497423e-01	   6.2656416334019416e-01	   5.8254448794766089e-01	   2.3722550441922813e-01	   4.7716814889629094e-01	   2.4907226242074049e-01	   7.9982023258587343e-01	   4.0007790847659402e-01	   1.0501678213087258e+00	   8.3879741517757356e-01	   1.1649393790208045e+00	   1.0724281638993711e+00	   2.4895314763934764e-02	  -1.3709426962478621e-02	   1.0891678593881177e-02	  -7.9675114584560752e-02	   8.3920032961020227e-02	   1.3786606507101279e-01	   1.9854243399148491e-01	   3.0086436578864596e-02	   4.1174509225661837e-01	   5.8799276080674456e-01	   7.0730851747613177e-01	   7.7865714764789062e-01	   9.1386943149906519e-01	   7.2845346324278826e-01	   1.1068554804343020e+00	   8.7894122271338626e-01	   9.3327042931203619e-01	   8.3259168388004356e-01	   1.1058697392110841e+00	   9.7584798117435145e-01	   7.0943304647610284e-01	   1.0077659913992574e+00	   7.0369766945462719e-01	   1.1524322319458937e+00	   3.5370671676224275e-01	   4.8702196942470155e-01	   5.1048485428592261e-01	   4.4456971579002119e-01	   5.6102532046087306e-01	   7.1811756512082647e-01	   5.2118382008047526e-01	   8.6453828831831692e-01	   4.0216696920947875e-01	   2.7963679199926378e-01	   3.0241131535167526e-01	   5.1387974166919770e-01	   4.2834565735388068e-02	   1.8658764728888483e-01	   8.0333831730830960e-02	   3.5593672297380857e-01	   3.6617435340538462e-01	   5.0065669675689484e-01	   5.4146114110172017e-01	   2.8857926438507786e-01	   2.3477251052573758e-01	  -3.1185318766688708e-01	
   7.3943986956695917e-01	   7.1844299036876902e-01	   7.3590611171208353e-01	   0.0000000000000000e+00	   5.1128024891669377e-01	   7.8970692891485861e-01	   9.1985695338488160e-01	   1.1086137586890235e+00	   5.8405371625617519e-01	   9.7338479891030405e-01	   6.3542317693322670e-01	   6.6654341036238729e-01	   6.6695297482525573e-01	   8.1272689089675776e-01	   5.3894293026708706e-01	   8.2345279952301964e-01	   5.7433257311242125e-01	   5.5738548629367823e-01	   6.5127115020233695e-01	   8.6230638914399171e-01	   5.2101503410945937e-01	   5.2176761031001750e-01	   6.1811075831274787e-01	   8.7175684760000660e-01	   5.6038547490038948e-01	   7.8587712864151338e-01	   5.1363160172296352e-01	   5.8282227404794451e-01	   4.9302126335297192e-01	   5.0811475167338827e-01	   5.5376114535323440e-01	   6.6400080193651334e-01	   7.9108026978740342e-01	   9.7218022946797877e-01	   5.5405477881123444e-01	   3.4250446319361627e-01	   3.3820511177364332e-01	   3.3089425135749617e-01	   4.9406427571541484e-01	   6.4174282277376349e-01	   2.9926645370881627e-01	   5.1288403734567622e-01	   9.1107507041926972e-01	   8.3703074019663470e-01	   7.9929542334728354e-01	   8.5490149185504827e-01	   9.4635251300595169e-01	   9.1408795000532350e-01	   7.0366512163076378e-01	   7.2246814815880511e-01	   8.1741562378611776e-01	   6.9947106297232442e-01	   6.3856698754722863e-01	   5.4348281674096599e-01	   8.0105397198818462e-01	   7.9313419966670284e-01	   7.0504123485428105e-01	   6.6175672470545410e-01	   7.8348580257182154e-01	   7.1848617315206187e-01	   6.3287991098091578e-01	   5.6584807971284268e-01	   7.6780528710045604e-01	   7.6543427002207143e-01	   4.6725349143223588e-01	   6.0653661774687906e-01	   7.4015238736349409e-01	   7.9630855069324602e-01	   6.1164343590925174e-01	   6.3099668037288492e-01	  -1.6544605975091529e-02	   1.3996609850844455e-01	  -5.3356482859907772e-03	   1.6100544269497213e-01	   3.3242775012150031e-03	   2.4822614533288803e-01	   5.5144929756380107e-02	   4.3999154317076593e-02	   5.5694965261993923e-01	   5.2060390350537467e-01	   8.5723691353670417e-01	   9.2206550851021940e-01	   5.8764134884661079e-01	   5.1684317936312929e-01	   7.3561783328789709e-01	   8.7633857851831820e-01	   6.1538999937610406e-01	   6.9674343533814231e-01	   9.1530432419074037e-01	   9.7885781854081444e-01	   7.5991518770316946e-01	   6.5546011989823427e-01	   7.1009835249907904e-01	   4.9697245293415881e-01	   1.0661099664591042e-01	   3.2492185772599713e-01	   4.3391898558243946e-01	   4.0571113626849753e-01	   7.7599253412742975e-01	   6.7040547034303077e-01	   7.2276698023366404e-01	   4.6882711601458438e-01	   4.8495940114477842e-01	   2.8624586838913912e-01	   2.7040136822701077e-01	   1.9452236316266494e-01	  -6.8426009893637937e-02	   1.1626185636140934e-01	   5.3163703752556760e-02	   3.1554373098584049e-01	   4.3528867308646796e-01	   6.4155612019547081e-01	   4.7756763570018013e-01	   1.4774328695982064e-01	   8.0284700822993035e-02	  -2.3962731048074959e-01	
   6.2234949821833974e-01	   5.3523517191256675e-01	   9.7872316618444199e-01	   5.1128024891669377e-01	   0.0000000000000000e+00	   1.1524271863330664e+00	   9.0266602686261754e-01	   4.8829621113125599e-01	   1.3372718105757566e+00	   5.3424082094610115e-01	   4.8683267454851564e-01	   3.1148217851568727e-01	   7.9866740040862960e-01	   4.3262041829104864e-01	   8.8504234417227412e-01	   3.4221835514886739e-01	   2.8782750806626223e-01	   2.2601767824397154e-01	   6.6192534143623227e-01	   4.3283974187509755e-01	   7.1836462671206502e-01	   6.1727960239994073e-01	   7.6107594035128068e-01	   4.4203240005232391e-01	   7.2884019851051718e-01	   6.1457898187795457e-01	   7.0416479009283239e-01	   7.3714715152373556e-01	   4.0536233967877167e-01	   1.4393976229690214e-01	   4.6869354303351141e-01	   2.7738387940562609e-01	   6.0747682755884791e-01	   5.8791315809490186e-01	   6.3339012896028957e-01	   2.7772120823957241e-01	   4.5641697713930612e-01	   5.0546978724472313e-01	   7.8573574371627941e-01	   7.0551293604555876e-01	   3.4451994119408913e-01	   6.4104076489530049e-01	   6.5188817859460291e-01	   5.0290623380372823e-01	   6.9684941896127384e-01	   5.9966884205117199e-01	   6.3529267946098777e-01	   5.9611251167987134e-01	   6.2138970728245169e-01	   6.3991177719308112e-01	   6.6204103804728565e-01	   6.1988455827451694e-01	   5.3337862923824264e-01	   5.0460359409976574e-01	   5.4678705520819704e-01	   5.5593636826924342e-01	   5.1517279285824036e-01	   4.7461087102867050e-01	   7.2153875164704295e-01	   5.0729828218033535e-01	   7.5455439930425872e-01	   4.5078225374778486e-01	   4.7886986947456101e-01	   3.1833944598123981e-01	   7.5298025875169527e-01	   4.5074564567557951e-01	   7.9200932025103332e-01	   6.5384285864540170e-01	   7.8525907974603826e-01	   6.7989122232499233e-01	   2.0629784440945176e-01	   1.2249092237287443e-01	   8.6939582862918377e-02	  -3.6282959788800161e-02	   1.3550657534906907e-01	   1.9817400543297059e-01	   2.3033305496058404e-01	   8.3973055177422373e-02	   2.4564626450242910e-01	   3.1992317812604765e-01	   4.8454535233311130e-01	   5.0830756592933490e-01	   6.2571277721150032e-01	   4.3055436316519102e-01	   6.4863329799176506e-01	   5.1636645832719463e-01	   6.8600964732373315e-01	   4.1449647280440871e-01	   8.8777101070915598e-01	   7.9092427667221288e-01	   6.4661291074723104e-01	   8.7504709877885234e-01	   6.0460193197753209e-01	   9.6577499372265896e-01	   2.7275326381299014e-01	   4.1323874991278525e-01	   1.9602237754022225e-01	   2.2640406678306907e-01	   4.8685569679578311e-01	   6.2076298353819204e-01	   6.0527656412552810e-01	   8.5156029911017739e-01	   2.7072513995566005e-01	   1.9704695647907125e-01	   1.3182120162259170e-01	   2.3598101965523560e-01	   3.3731948912543136e-02	   1.3085097904568355e-01	   9.0188888507409762e-02	   2.4567472426776596e-01	   1.9750748823292343e-02	   3.9525261678254742e-01	   5.0389478309011360e-01	   1.3839443517896108e-01	   2.0856817150622378e-01	  -2.1540317285724284e-01	
   7.1776554497120959e-01	   7.0380848743809699e-01	   9.1696814712393615e-01	   7.8970692891485861e-01	   1.1524271863330664e+00	   0.0000000000000000e+00	   7.5048747792376946e-01	   5.9394332523966942e-01	   8.6081679322313787e-01	   8.0562786331843506e-01	   4.4705209923085715e-01	   3.6253667929277206e-01	   7.2592859976006030e-01	   4.9266260700160636e-01	   7.9194556046569842e-01	   5.4714701249886399e-01	   4.4756268716713887e-01	   3.6562531605795473e-01	   6.1287710474907864e-01	   4.9701249567372258e-01	   8.6459842851080515e-01	   8.0927248785907580e-01	   8.4399498845283727e-01	   6.6534573719878398e-01	   9.2312736035625276e-01	   9.3903205702954096e-01	   8.6578663521407639e-01	   1.0332156237833554e+00	   4.1424767949300195e-01	   2.9418484495666331e-01	   6.4390524723591680e-01	   4.4015089395100193e-01	   6.6682108847693722e-01	   7.3956957326969519e-01	   6.5079039984603848e-01	   2.2075625897190387e-01	   5.6849011007867611e-01	   5.2635121368113158e-01	   8.6793830015043927e-01	   8.6297564063598231e-01	   3.1791457020924663e-01	   6.3408140514042266e-01	   7.5403894948646200e-01	   6.0256939712061652e-01	   7.2734009646207531e-01	   7.0788146791625650e-01	   7.8431964641657792e-01	   7.3372090477696750e-01	   7.3933863777780495e-01	   7.7587942121215236e-01	   8.5840700497022060e-01	   7.6213875698421840e-01	   6.9001489635426261e-01	   6.4105049883046761e-01	   7.0668840866337157e-01	   7.1103200087767604e-01	   6.8193779969071722e-01	   6.8553249367961500e-01	   7.7058380326846831e-01	   6.9765165098199267e-01	   6.0615456613858454e-01	   4.9269679721935244e-01	   4.4827513306015632e-01	   3.8241205737743367e-01	   5.2698913282427140e-01	   4.6115597112940088e-01	   7.6044542284125394e-01	   7.0835633985292124e-01	   9.1721263540282072e-01	   8.7121490913202559e-01	   1.6496175206555655e-01	   1.1742386084721726e-01	   2.2818560464180205e-03	  -4.5231795815038632e-02	   1.1286754739800826e-02	   2.0011265868657865e-01	   9.7548603870166908e-02	  -1.4380979763635469e-02	   4.6852234923756503e-01	   4.7018955272877538e-01	   6.8381075735762176e-01	   7.1618121065982754e-01	   7.2106649256514976e-01	   5.5016774119160150e-01	   8.2441258498924030e-01	   7.6799111849085511e-01	   8.1552277011135943e-01	   6.4101132089216917e-01	   1.0738005093757721e+00	   1.0485586786621075e+00	   6.9727169791556187e-01	   7.7612487922015161e-01	   6.5457147555946760e-01	   7.4885784971921576e-01	   2.3562884382910920e-01	   4.1568006281289871e-01	   2.2246130808715964e-01	   2.3282589923466190e-01	   5.7431278700099375e-01	   6.2386950667840735e-01	   6.3949734291917548e-01	   6.2856756478258624e-01	   3.8922694664986163e-01	   1.4537473235470783e-01	   2.0181789004780465e-01	   2.4931243081396823e-01	  -9.4194337810443618e-02	   6.3105354181724027e-02	   1.2343369133654233e-01	   3.1515551908132799e-01	   6.0819438450900945e-02	   4.3668430768085686e-01	   5.2168586273434636e-01	   2.3385706096705372e-01	   1.4634629357636980e-01	  -2.6992749304992103e-01	
   6.4436271312451709e-01	   5.6279656759922458e-01	   9.3062028164849986e-01	   9.1985695338488160e-01	   9.0266602686261754e-01	   7.5048747792376946e-01	   0.0000000000000000e+00	   9.3167713045418132e-01	   1.0779617665234835e+00	   7.2548875643029120e-01	   7.8071154647715346e-01	   5.1146486760219378e-01	   8.9095543445629199e-01	   6.8368010542509905e-01	   5.3980587886666620e-01	   4.0763282634864256e-01	   4.2829191153083940e-01	   3.8042124620017947e-01	   6.5918946255021360e-01	   6.0424361546822436e-01	   5.5628907154373342e-01	   5.2955716692685240e-01	   5.2779414992812923e-01	   4.1813712340792347e-01	   5.2261431953397297e-01	   5.2158224132811604e-01	   4.6956917225009198e-01	   4.7653952604193273e-01	   5.7845121286529022e-01	   3.6107824011649203e-01	   4.4475274260314751e-01	   3.9334940641625732e-01	   8.6802560471803569e-01	   9.2133579878814253e-01	   6.0721654017286641e-01	   4.1452937652476129e-01	   4.6103012673148586e-01	   4.4604777479135777e-01	   6.9810444021125995e-01	   7.5266994529287534e-01	   4.4507265521694750e-01	   6.5806866032535694e-01	   7.9047284981510024e-01	   6.7200381680563914e-01	   7.4330923028370999e-01	   6.6210177162330308e-01	   7.3283788710303088e-01	   6.9453376874724715e-01	   5.5295395854717699e-01	   6.0007787422774428e-01	   6.7099405025175063e-01	   5.8635248032190712e-01	   4.7911782852057616e-01	   4.2636786310536967e-01	   6.2086112310463626e-01	   6.2215706435843543e-01	   5.2804738169511478e-01	   4.8935832012256048e-01	   8.3922085253361711e-01	   4.7939581086305849e-01	   1.1579640614927986e+00	   7.0394487623065904e-01	   8.9955235533149369e-01	   6.4271148015715140e-01	   1.0013219640438336e+00	   6.8978919023382057e-01	   9.5581797429760740e-01	   7.8540279705819049e-01	   6.1834559570302650e-01	   5.7040495263739410e-01	   9.8552074402866355e-02	   1.5967866341558312e-01	   1.6880954833144315e-01	   1.6501055325178435e-01	   1.8225933174757208e-01	   3.2215162838852740e-01	   3.1045388731186713e-01	   2.0953048482607201e-01	   3.9262175405994609e-01	   4.5962402972072197e-01	   6.5656789384370096e-01	   6.5905817774685893e-01	   4.7435609977757504e-01	   3.5999605203361928e-01	   6.1476039600034549e-01	   5.3129289796541546e-01	   4.9030897083083780e-01	   3.4700801241085261e-01	   9.1198284263709406e-01	   7.7722658235494035e-01	   7.1233560567176557e-01	   8.3789472698316481e-01	   7.1452022694958395e-01	   8.4888835986993472e-01	   3.3636823289150025e-01	   4.3515186068334061e-01	   5.4801127498475666e-01	   4.7134003236965882e-01	   6.3225346286623940e-01	   7.3637883318208730e-01	   9.2023988968576564e-01	   1.1831922823445227e+00	   5.1613164948949641e-01	   4.5092805882799281e-01	   2.9245983206437187e-01	   3.5349719070644070e-01	   7.9374966040636166e-02	   2.5756999421572158e-01	   8.2639745516660063e-02	   3.4495591969158901e-01	   4.1454270906386281e-01	   6.1370577821540984e-01	   6.4605109475943601e-01	   2.7327873685099779e-01	   2.4757215972835098e-01	  -8.4830892461450882e-02	
   5.7954443517099818e-01	   5.2597595531910379e-01	   4.0524793814027388e-01	   1.1086137586890235e+00	   4.8829621113125599e-01	   5.9394332523966942e-01	   9.3167713045418132e-01	   0.0000000000000000e+00	   6.5036240948188573e-01	   9.6337886415216756e-01	   7.6018369855181478e-01	   9.1024616081598275e-01	   6.7814451881666449e-01	   1.1633389154932730e+00	   3.8296770111926770e-01	   4.7506383601011337e-01	   4.5416069435730577e-01	   4.1486940228903080e-01	   4.4954901095025956e-01	   6.5653489193441217e-01	   2.5343214033379868e-01	   2.6694599732977126e-01	   2.8563049176091820e-01	   3.8628656664823174e-01	   2.3648671029426388e-01	   3.2137552415863868e-01	   2.3296059485834153e-01	   2.3452719520489551e-01	   3.7671901655677847e-01	   4.0592133821990262e-01	   2.4345424620094405e-01	   3.3625999241875071e-01	   4.7503369995574485e-01	   7.0098796877048364e-01	   2.9521152821942670e-01	   2.2246077226075434e-01	   1.8186987164193971e-01	   2.3669573844065273e-01	   3.0561614874679077e-01	   4.7135065658449116e-01	   1.9913136677544568e-01	   4.0678566407670297e-01	   5.6682763832390204e-01	   5.8276406664337665e-01	   5.2467466611392766e-01	   6.1576022582369017e-01	   6.2202646645214599e-01	   6.2046011703168358e-01	   5.3670189217638420e-01	   6.4472879794658167e-01	   6.0607833407524081e-01	   5.5927140486887128e-01	   5.2937444030353120e-01	   4.2570124680580068e-01	   6.1821761999046820e-01	   6.0879548290475582e-01	   4.6494062959463295e-01	   3.4109225754957601e-01	   6.2645059028098093e-01	   5.4556312950985153e-01	   8.8462137324392542e-01	   1.1107192276050453e+00	   8.0304244340007513e-01	   9.5957551598744373e-01	   5.3524046509365097e-01	   9.6866586133159949e-01	   4.3171527518489228e-01	   4.7336290934993708e-01	   3.1391979084027233e-01	   3.4686453294390374e-01	  -9.9743751721210069e-02	   1.1886832392990568e-01	  -2.3820546353833003e-02	   2.1905751073995766e-01	  -6.7556164836046859e-02	   2.4634772340755084e-01	   9.0754148820432114e-04	   1.3864280681037278e-02	   4.0135509812001963e-01	   3.0618091696432670e-01	   6.2046283568537719e-01	   6.8352147942707886e-01	   3.4816288587014571e-01	   3.0514274584325152e-01	   5.1054861258370676e-01	   5.9314668896860490e-01	   3.4216291378296732e-01	   3.1457409554942461e-01	   7.2481941548578444e-01	   7.3776736072815163e-01	   6.3899807891868809e-01	   4.9290175263921865e-01	   5.7219003253295975e-01	   3.2598467588300883e-01	   1.0882091955441295e-01	   2.7216618427675365e-01	   3.2494375201595654e-01	   2.6012452149077003e-01	   6.2799242705323899e-01	   5.3130110850144940e-01	   7.7735250656576893e-01	   4.0313796855981054e-01	   2.9211802476708548e-01	   1.6973654876833796e-01	   1.5966526929137106e-01	   7.7971475246611226e-03	  -1.0515755980497213e-01	   3.0447166974144627e-02	   9.4221719469236256e-02	   2.4059345076288996e-01	   2.8529289217948356e-01	   4.5266896305462556e-01	   4.4056403448910958e-01	   1.4495966085062648e-01	   6.9244181500751484e-02	  -6.4806667620933942e-02	
   5.4626291280640826e-01	   4.5287916405604889e-01	   7.9823018237134657e-01	   5.8405371625617519e-01	   1.3372718105757566e+00	   8.6081679322313787e-01	   1.0779617665234835e+00	   6.5036240948188573e-01	   0.0000000000000000e+00	   7.2710720711834309e-01	   5.6315192839463091e-01	   3.8600604618071926e-01	   7.7305106165721860e-01	   5.0017193479091848e-01	   7.2112124400519351e-01	   2.6799669776290169e-01	   2.6458100393874051e-01	   2.6247383443501643e-01	   4.9355581771077855e-01	   3.4919972840732533e-01	   5.2671755837266832e-01	   4.8310389681400245e-01	   6.5599905803437719e-01	   3.8108717642700618e-01	   5.6218587699133371e-01	   4.7442636572389901e-01	   5.7601075666565538e-01	   5.5104876131631531e-01	   3.6032719960922316e-01	   1.6794640866995994e-01	   3.1065497768520745e-01	   2.2481672529446112e-01	   5.0495304142753106e-01	   5.5158888430730324e-01	   5.2474188314809611e-01	   2.2074932998431585e-01	   4.1201549562737783e-01	   4.8330447816404609e-01	   6.1083198710846887e-01	   5.7627849632596129e-01	   3.3158444431940770e-01	   6.1933897946318761e-01	   5.3849058726596355e-01	   4.0693012203159873e-01	   5.3821905572084183e-01	   4.5911566834102679e-01	   4.6007322089849145e-01	   4.4041515588363800e-01	   4.8719777975977135e-01	   5.5160001690762328e-01	   5.2393259254686353e-01	   4.9914757316897324e-01	   3.6480374821714484e-01	   3.6788750405375531e-01	   4.1503880873431681e-01	   4.2953325658720604e-01	   4.2845676393796994e-01	   3.5329359362660567e-01	   6.7345790187374288e-01	   3.9046950859153634e-01	   9.7937231390933699e-01	   6.7356692128651163e-01	   6.0423139993106301e-01	   4.4344975316152035e-01	   1.0325571018501383e+00	   6.3019715778047736e-01	   6.5004808533458647e-01	   4.8444656915561946e-01	   5.9988519344187097e-01	   5.1110557085051211e-01	   9.6956797201083009e-02	   1.2150177139073377e-01	   5.4918533589093321e-02	   5.3813439064725944e-02	   6.5419832603469660e-02	   1.9217385284438959e-01	   2.3979323858809828e-01	   1.0936470757569867e-01	   2.5670084480178768e-01	   2.9524255968784946e-01	   4.5954641064606483e-01	   4.9898381582957307e-01	   5.0022656368688367e-01	   3.3417885949172016e-01	   5.6097844354556381e-01	   4.1640751499067175e-01	   5.1322775162377843e-01	   2.3697091502164158e-01	   8.6847917456251666e-01	   7.4323647715488272e-01	   5.9268525797527671e-01	   8.5096588793953543e-01	   6.9705757393159362e-01	   9.8905724496742309e-01	   2.9887453875906100e-01	   3.6159068373484748e-01	   1.9836104578759739e-01	   1.4840150523782525e-01	   4.0098927939874085e-01	   5.1453438217108360e-01	   6.7514401363981802e-01	   8.9320207714519972e-01	   2.5900698782129117e-01	   2.9835671598829822e-01	   1.7136445692842242e-01	   2.7762953108133298e-01	   1.0822162850802458e-02	   1.1976261558288188e-01	   9.1635985803834752e-02	   2.5241875808490344e-01	   7.2909205724763934e-02	   3.4846395411706305e-01	   5.0788162787786062e-01	   1.5653704688279985e-01	   2.0076980978139464e-01	  -1.4054237958947288e-01	
   3.7328516706068865e-01	   3.0862386808303033e-01	   4.3957714792889413e-01	   9.7338479891030405e-01	   5.3424082094610115e-01	   8.0562786331843506e-01	   7.2548875643029120e-01	   9.6337886415216756e-01	   7.2710720711834309e-01	   0.0000000000000000e+00	   4.1372145421699302e-01	   4.3583794757280514e-01	   4.1276962087578861e-01	   5.9878979097152285e-01	   3.6571683223679674e-01	   5.2266107606607826e-01	   3.0013565198659320e-01	   2.3311563865458745e-01	   3.3328895730822178e-01	   4.7124982901241286e-01	   3.6097907205594998e-01	   3.6614892907294955e-01	   4.4404563920626339e-01	   5.7816508501295771e-01	   3.3857195992952482e-01	   4.7399968254694436e-01	   3.2940635672050450e-01	   3.7406512652689500e-01	   2.3493217582837012e-01	   2.5999020929542815e-01	   3.0918143013039023e-01	   4.3729358048220052e-01	   3.9396174354268365e-01	   5.9072651528923859e-01	   2.8254675992290357e-01	   1.5152867309722476e-01	   2.3577538146545934e-01	   2.3943515560669570e-01	   2.9484427166878519e-01	   3.9393992335529654e-01	   2.1170103925653133e-01	   3.7992704449041431e-01	   4.7134348344766830e-01	   3.5591629268241853e-01	   3.6998589845017349e-01	   3.4856898629439592e-01	   3.9839769219594734e-01	   3.7312119918708986e-01	   3.2779230661333209e-01	   3.5940556184800243e-01	   3.8309843100941687e-01	   3.1488166323300509e-01	   2.8931513428359229e-01	   2.4259089552742313e-01	   3.4220638665306319e-01	   3.5198064235712229e-01	   3.3814982110569841e-01	   2.6496522212097967e-01	   4.5403506028703777e-01	   3.4812564788949868e-01	   5.6234761745374440e-01	   7.7850503938600180e-01	   5.5034681070581071e-01	   6.4860696097713066e-01	   4.6947292568440502e-01	   6.3485446211716479e-01	   3.8510822437554870e-01	   3.5195760653802632e-01	   3.3147413178012813e-01	   3.3850962523163192e-01	   8.3935390110745065e-02	   2.5459352316934647e-01	  -9.0075240879176795e-03	   1.7730997939308624e-01	  -3.3375085582257720e-02	   2.8439746727012155e-01	   1.3801558030979355e-01	   1.3234649969999154e-01	   3.0780914000532367e-01	   2.7040807957874291e-01	   4.6762536586540193e-01	   4.3813617207812944e-01	   2.8658043995443799e-01	   2.5571500315739099e-01	   3.7679718017545666e-01	   3.6066382545973841e-01	   2.8057540160185057e-01	   2.3129240813040325e-01	   5.7749718646815518e-01	   6.3334889618190582e-01	   5.3395832137343846e-01	   5.1368688911913829e-01	   7.9535767385603906e-01	   5.3052840140985136e-01	   5.2046931335207026e-02	   1.9313364468757074e-01	   1.2083096198676847e-01	   4.0705192820548006e-02	   3.3652467930922247e-01	   3.0724011491364039e-01	   7.2860192243293032e-01	   4.5060331233716289e-01	   1.9243515492466523e-01	   1.1306323819392973e-01	   1.9361305890487715e-01	   6.1102294202044452e-02	  -4.5545722936362318e-02	  -3.6671803080231380e-02	   8.4127867773531609e-02	   9.6154403367226263e-02	   1.0391848885427377e-01	   2.7326998913407197e-01	   3.2188479743163489e-01	   7.3230237305776311e-02	   5.5379029637504185e-02	  -1.0494194908804895e-01	
   1.0625109410743121e+00	   9.8475948009060565e-01	   4.5906820024637712e-01	   6.3542317693322670e-01	   4.8683267454851564e-01	   4.4705209923085715e-01	   7.8071154647715346e-01	   7.6018369855181478e-01	   5.6315192839463091e-01	   4.1372145421699302e-01	   0.0000000000000000e+00	   1.3114002441118391e+00	   1.3001507414624831e+00	   9.5382471593460261e-01	   5.7081055827760441e-01	   4.8327030144839955e-01	   1.0257928532454150e+00	   9.1484929720617658e-01	   6.9254606898788407e-01	   7.4662120235109630e-01	   2.2258693597314722e-01	   1.8878536982094801e-01	   3.2236080598216482e-01	   2.8370731288252882e-01	   3.1049821278324102e-01	   2.4335160310507725e-01	   3.7233556242802002e-01	   3.1806677169413322e-01	   8.5679743838123978e-01	   7.3558526214226938e-01	   1.4169927407121474e-01	   8.9125779885621065e-02	   5.8517864190688973e-01	   7.1690740332296832e-01	   2.6985349303639589e-01	   9.8916606032086268e-02	   2.2081533248068388e-01	   3.1025163220763219e-01	   4.2954557649713870e-01	   4.6612121217515512e-01	   3.5392904550251214e-01	   6.7159711407324119e-01	   4.3145157750715118e-01	   4.1643081620961730e-01	   4.9759446701989074e-01	   5.3394838701681491e-01	   5.9456221747172844e-01	   5.7127325194005885e-01	   5.3932645961496140e-01	   6.1183917377216424e-01	   6.2606874415291147e-01	   5.1033842176421285e-01	   6.5860491051476078e-01	   4.5194895164252136e-01	   6.3951231182199275e-01	   5.4860259280201540e-01	   1.0150330525531102e+00	   8.7535582602824102e-01	   8.8513106160001598e-01	   6.6497521983684227e-01	   1.0773985268582746e+00	   7.5892156080470574e-01	   1.3425531067859191e+00	   1.1864821619206820e+00	   3.7374158794324525e-01	   3.8030754420775070e-01	   4.2373035353504873e-01	   3.9019781282532806e-01	   5.6051541149722328e-01	   5.5959759106503038e-01	  -1.1365792540463945e-01	  -3.5219538413467671e-02	   1.2254346432528371e-01	   2.0320585474690842e-01	   9.7029616472454658e-02	   2.4284001376435738e-01	  -3.2506089114810885e-02	  -1.0664649988011757e-01	   7.2221387031292805e-01	   6.8865343980159777e-01	   1.1513131187509349e+00	   1.0222201733095486e+00	   7.1437228088255833e-01	   5.0304963568117966e-01	   7.0989154101252505e-01	   6.0204239809972449e-01	   6.6699356246123331e-01	   4.4940765745681083e-01	   7.4420296072841086e-01	   6.7837229340278415e-01	   3.2437506836047192e-01	   4.1640365555692704e-01	   1.7776689552626798e-01	   2.7846564649753958e-01	   1.3691803690661289e-01	   2.1004441269348068e-01	   2.9401441433074144e-01	   2.6267824279247420e-01	   5.7394413594814830e-01	   5.5392674942581432e-01	   3.1325649483092260e-01	   4.2804054028969163e-01	   2.7776841716922374e-01	   3.8285350612550606e-01	  -1.0433411741022387e-01	  -6.7406106363376461e-02	  -3.2185459088255108e-01	  -3.6466125371075055e-02	   2.3114140736970604e-02	   2.3278512152859179e-01	   1.8583710353123528e-01	   3.9977994318224858e-01	   2.7593646736242899e-01	   2.3750081416108185e-01	  -2.4518394110401454e-02	  -6.2305376228744491e-02	
   9.2439793851019647e-01	   9.0307069949008978e-01	   3.2157843098777655e-01	   6.6654341036238729e-01	   3.1148217851568727e-01	   3.6253667929277206e-01	   5.1146486760219378e-01	   9.1024616081598275e-01	   3.8600604618071926e-01	   4.3583794757280514e-01	   1.3114002441118391e+00	   0.0000000000000000e+00	   1.0087338043207434e+00	   1.4371166819139323e+00	   5.1639563668262112e-01	   6.2239762971077894e-01	   8.1203732109091065e-01	   7.6797695985717485e-01	   5.6676150351670262e-01	   7.6570596730793250e-01	   1.7809618397024887e-01	   1.5647604990982114e-01	   2.9687694710539436e-01	   3.6014414326723493e-01	   2.6001010768602900e-01	   2.5720553824737091e-01	   2.9371526657041974e-01	   2.4772324396823481e-01	   6.4934441363241324e-01	   7.2418475171580687e-01	   1.6791849422474558e-01	   1.6934348941875363e-01	   4.6321677193248556e-01	   6.3575081676527434e-01	   2.3067866385790059e-01	   1.0196510603969829e-01	   8.8330895643575796e-02	   2.2461668408745047e-01	   2.6967864404427283e-01	   3.6921144640834769e-01	   2.7102437019945147e-01	   5.0542325279726263e-01	   4.2681827969697533e-01	   4.8177954394990852e-01	   4.1392837428283769e-01	   5.4771181471993291e-01	   5.8263596481149393e-01	   5.8631774937879155e-01	   5.3029000396651826e-01	   6.2127180885484812e-01	   5.8765474237711957e-01	   5.1970931368554907e-01	   6.5761617025354469e-01	   4.5184240185112334e-01	   6.2050913736176394e-01	   5.2352722979736777e-01	   8.2050043159157116e-01	   6.4665370472662786e-01	   6.1453336835863637e-01	   6.1765871250436744e-01	   7.3182146287354022e-01	   7.1646642270450955e-01	   9.5933915187266228e-01	   1.0960427188716355e+00	   2.3310706106387541e-01	   4.1596065150842643e-01	   2.5885187826835376e-01	   3.0807542512827613e-01	   4.2499521714513505e-01	   4.4802335310119790e-01	  -1.6780252448115399e-01	  -7.0793787166292485e-04	   3.9675038006819811e-02	   2.4077675181935720e-01	  -1.8611129080073566e-02	   2.3163651839765653e-01	  -1.3556694611368342e-01	  -1.3280407321257065e-01	   6.1335880754483951e-01	   5.5342928622324139e-01	   9.7473197127440492e-01	   9.6598519744078959e-01	   6.5440628342828300e-01	   5.2408711959080190e-01	   6.6785855911434855e-01	   6.8440822884885766e-01	   5.7489169969509490e-01	   4.5717717858228468e-01	   6.0444034411518510e-01	   6.0634955071959407e-01	   3.4211181924487266e-01	   3.0653211583390666e-01	   1.7429728944057785e-01	   1.2247872788153211e-01	   2.7032736987971522e-02	   1.9004731063296218e-01	   2.2322813386449600e-01	   1.9762915788371180e-01	   5.7744109675572763e-01	   4.5627804898505397e-01	   3.0366583987318357e-01	   1.8613449195131926e-01	   2.2387442325226170e-01	   2.2217503901311142e-01	  -7.5414033259661020e-02	  -1.0172221910541554e-01	  -3.1508618705911517e-01	  -4.6077746872707312e-02	  -1.6689314206935216e-02	   1.9552829001786337e-01	   2.1786497177383121e-01	   3.8211147880516100e-01	   2.8237556933293728e-01	   2.3138315110468724e-01	  -8.6465498991565807e-03	  -7.5367270693867547e-02	
   1.2309150321954694e+00	   1.1488885883973010e+00	   8.6495214134899479e-01	   6.6695297482525573e-01	   7.9866740040862960e-01	   7.2592859976006030e-01	   8.9095543445629199e-01	   6.7814451881666449e-01	   7.7305106165721860e-01	   4.1276962087578861e-01	   1.3001507414624831e+00	   1.0087338043207434e+00	   0.0000000000000000e+00	   9.7553294215311570e-01	   1.0337519048954302e+00	   6.2922202245915948e-01	   8.1300413765759305e-01	   7.0791545576815118e-01	   8.3192157523176835e-01	   6.5881133745333154e-01	   4.8849452865307419e-01	   4.7331203834270208e-01	   6.9039770886189289e-01	   4.7056066856177853e-01	   6.7695504099316839e-01	   5.1365146323827748e-01	   7.5120777475738798e-01	   6.8813837785271759e-01	   7.2490202905164092e-01	   5.8418216656557220e-01	   3.5309232382829875e-01	   1.6480464134668318e-01	   7.3326717860413537e-01	   8.0236552518120763e-01	   5.9653528650099763e-01	   2.4954526422780909e-01	   4.1654163335403127e-01	   5.2803708381856729e-01	   7.4065708701106037e-01	   7.5114495188912722e-01	   3.9779597000836975e-01	   8.2430453250574565e-01	   6.8521608737617024e-01	   6.0471192859100875e-01	   7.2527282457904430e-01	   7.6292262467277794e-01	   7.9924996518824742e-01	   7.6215090617446202e-01	   7.5295986157701311e-01	   8.7850539426077456e-01	   8.5390130877977344e-01	   7.7491607164064791e-01	   7.8382320530582206e-01	   6.5372220585998264e-01	   7.5870037613034624e-01	   7.1962415985665162e-01	   1.0316515434628246e+00	   9.9300920112226965e-01	   1.0494368084379502e+00	   8.5564026740763144e-01	   1.0493337681267672e+00	   6.2351418781628376e-01	   9.7833292431084995e-01	   7.6961842461733743e-01	   5.6791605206713802e-01	   4.3347665764647092e-01	   7.2802907626833291e-01	   6.4882215241007013e-01	   9.7321669920739862e-01	   9.8124511693242500e-01	  -1.0291268511565324e-01	  -7.9673229940696227e-02	   2.7627875857964328e-02	  -4.1727995204336775e-03	   7.8738292614516064e-02	   1.8276736142989641e-01	   1.1120324149024655e-02	  -1.0702060235169772e-01	   6.9360119821644495e-01	   8.0523812654731941e-01	   1.1868944172463176e+00	   1.1959883585868947e+00	   1.0631421902276970e+00	   7.0950431201946362e-01	   1.0750448663411287e+00	   8.7217790415315433e-01	   9.9465317904472150e-01	   6.8544802596712806e-01	   1.0591735134912725e+00	   9.6300022504096494e-01	   5.2500566889200384e-01	   7.3634197752517516e-01	   3.8011467495728241e-01	   6.3125321842937210e-01	   2.6023628376232416e-01	   3.4608773145110788e-01	   3.4642152571371665e-01	   3.0173448353524257e-01	   6.1105093679747302e-01	   7.1159791674807482e-01	   3.8305153565621453e-01	   6.2933330749817562e-01	   3.1800449281531007e-01	   3.4247510534781289e-01	   5.4951926728917223e-02	   1.7739607982260561e-01	  -1.8596978823735005e-01	   4.3254241890145081e-02	   3.6228284535146031e-02	   2.7853120868349485e-01	   1.9223160607738887e-01	   4.7276009942224601e-01	   4.4487408893519448e-01	   2.9892029868149955e-01	   1.5074804115761353e-01	  -2.2824928815815651e-01	
