   0.0000000000000000e+00	   1.2809815548741963e+00	   5.5940692004536241e-01	   7.0417203651400628e-01	   5.6821439448653988e-01	   5.1347166799172050e-01	   6.0120383228480723e-01	   5.9567668508692484e-01	   5.3717608002436112e-01	   3.2709987191004336e-01	   8.1528941927148846e-01	   6.7407538654938004e-01	   7.6130400449005409e-01	   5.7564573009059439e-01	   6.6143648564668678e-01	   6.5572802843790134e-01	   1.2128293558478969e+00	   9.5205700332719467e-01	   1.1189538521572189e+00	   1.3530410666825698e+00	   4.0339744449613335e-01	   4.9216604858953200e-01	   2.9237573063568395e-01	   3.1885845911248645e-01	   3.7456113943083852e-01	   4.9782235756551019e-01	   4.1320197898661704e-01	   3.3644018942116133e-01	   7.6858773886026444e-01	   9.0459909193824206e-01	   5.6184180548382601e-01	   6.2745024754297574e-01	   9.8274098380372377e-01	   9.4299941064291004e-01	   3.7788386318618739e-01	   4.0024810910273034e-01	   5.0027321183490348e-01	   4.5053029523908922e-01	   7.9374936601600066e-01	   6.4466262821838638e-01	   4.8222699558612586e-01	   5.3816806855822064e-01	   4.1962580880319666e-01	   3.4171787525135910e-01	   4.3724392982497834e-01	   5.1018129532531731e-01	   4.6664075038122249e-01	   4.4566754974628553e-01	   5.3131631766329956e-01	   4.6446591635338697e-01	   6.2263216631659868e-01	   4.8114182174746623e-01	   6.6655590469575920e-01	   6.8871660738574125e-01	   7.6447415657789208e-01	   7.0674951964108157e-01	   1.4637994975304696e+00	   1.1599690946469161e+00	   9.2038776486853224e-01	   7.6100075307853732e-01	   8.7202813367809728e-01	   8.1239936951418024e-01	   8.7622654856896687e-01	   9.2706235165124662e-01	   3.6077521171920818e-01	   4.5324624206600106e-01	   6.4877539613451163e-01	   6.3792561055061958e-01	   8.6176935215771011e-01	   8.9343407455857160e-01	   1.8142650422795720e-01	   2.0986658691331975e-01	   6.5210522125369541e-01	   7.7331600230652542e-01	   6.1622024845308099e-01	   7.3590733218709559e-01	   8.0706054160288698e-01	   8.3211345903276412e-01	   8.5057120935117803e-01	   7.7680272203622636e-01	   1.0986751362802543e+00	   1.1266749161347775e+00	   8.3848879745480298e-01	   1.1008514689768869e+00	   6.4778061083538618e-01	   7.8606738342218263e-01	   3.7263289777768382e-01	   7.5475304809136734e-01	   1.0089763071986801e+00	   9.5442826979932038e-01	   7.7706699846948368e-01	   7.5099976329611418e-01	   5.8601960274614839e-01	   6.2649898768774126e-01	   5.6907579986005397e-01	   2.2555820897325041e-01	   7.2140462908636993e-01	   7.4051523058453772e-01	   7.3856151306923523e-01	   9.2749369529447989e-01	   6.1709946800147453e-01	   8.2914939056330905e-01	   4.3489780400296923e-01	   8.8475714797745786e-01	   3.3630938026168589e-01	   4.4600391691812902e-01	   5.8066285342752899e-01	   9.0304411268474183e-01	   4.4747440512309100e-01	   5.7099733018287080e-01	   6.3373104683896220e-01	   7.5299849053338674e-01	   1.1826895862668152e+00	   7.3092828613825245e-01	   3.4212470746609969e-01	   1.9057810752066245e-01	
   1.2809815548741963e+00	   0.0000000000000000e+00	   4.0734869673032825e-01	   6.2591748494929733e-01	   3.2437897684617739e-01	   3.3392178159814767e-01	   4.1850184589456418e-01	   4.5843077705296453e-01	   3.3659282970776710e-01	   2.2982255208550079e-01	   5.9828988702649266e-01	   5.8813473856411758e-01	   5.8610340659514970e-01	   4.9412312047591134e-01	   4.8102545044740241e-01	   5.5631019469923992e-01	   1.1805825969615713e+00	   1.1327150699706408e+00	   8.8645171020530567e-01	   1.2808750545844227e+00	   2.1651113880766670e-01	   3.3436228393376077e-01	   1.8187232840435122e-01	   2.5050400038529430e-01	   1.6855968177598454e-01	   2.6520561700511341e-01	   2.4421596741792506e-01	   1.9708769968656523e-01	   7.6319161842393601e-01	   8.8316599576678534e-01	   4.3380862857037994e-01	   4.8540039166966575e-01	   8.0447718553797798e-01	   8.4871809142050192e-01	   3.7032546390133936e-01	   3.8522924385773522e-01	   3.3572802884630426e-01	   3.5865937294889072e-01	   5.7814585599065405e-01	   5.7547748051597125e-01	   3.4215299528904114e-01	   5.2429978794331222e-01	   3.3675775620430348e-01	   2.7951533058486122e-01	   3.8232254477067074e-01	   4.2795707009757367e-01	   3.9520317119942844e-01	   3.8058737985947338e-01	   4.2099536231390555e-01	   4.5156126432510862e-01	   4.9869591402959002e-01	   3.8880845298094002e-01	   5.5711865625198098e-01	   7.1243877415599655e-01	   7.0978991691523985e-01	   6.3814706078827022e-01	   1.1444650308937163e+00	   1.3759434523907637e+00	   6.7287514532028569e-01	   7.1774818861225864e-01	   6.4018726743943821e-01	   6.3513758350489724e-01	   8.9919696442356822e-01	   9.4331175030638881e-01	   2.7115096711478892e-01	   3.5167014716755951e-01	   5.7354430923686195e-01	   5.7769483649862630e-01	   7.3697006157894340e-01	   9.4074127869719804e-01	  -5.8266408642240836e-02	  -3.5522617381204977e-02	   4.5356219372984824e-01	   6.2500401349261081e-01	   4.0574405930521135e-01	   5.0753931037721256e-01	   5.5443128819222487e-01	   6.6753453420584175e-01	   8.3642489703296485e-01	   7.4950764762423627e-01	   1.0259398453286777e+00	   9.9588822526017051e-01	   6.3969237154637160e-01	   9.8992450970579793e-01	   5.3123679064231433e-01	   6.7820837688458868e-01	   2.6815286559806595e-01	   7.5590048582180258e-01	   7.6833786923165015e-01	   8.9922877601725160e-01	   7.1461205508609416e-01	   6.9967066235299136e-01	   5.2023923934410732e-01	   4.6958666344198857e-01	   5.0391254946399666e-01	   1.9241454310555672e-01	   8.3279471919500914e-01	   6.2209786746890139e-01	   7.8028440069876248e-01	   7.9971279355317126e-01	   4.6791693053450656e-01	   6.2853006253259269e-01	   3.5515837350441248e-01	   7.3586244862115191e-01	   3.3658310649105644e-01	   4.3895596381653201e-01	   4.8585182010773981e-01	   7.6621791045213583e-01	   4.2260743403279466e-01	   5.7163093299168144e-01	   5.8322540106722132e-01	   7.3558472471297964e-01	   9.5005684629784382e-01	   7.3813696699988562e-01	   3.7907435697376995e-01	   2.3348286745849511e-01	
   5.5940692004536241e-01	   4.0734869673032825e-01	   0.0000000000000000e+00	   6.5077957421762744e-01	   6.6797626540247967e-01	   2.7370394919158358e-01	   1.3354100847255217e+00	   3.9059678412185306e-01	   6.0285151321854979e-01	   2.0277382781243800e-01	   6.7872403942861170e-01	   1.7761382272092430e-01	   5.1027397408194930e-01	   1.4955536623070642e-01	   6.9938254346381645e-01	   4.0831711308977908e-01	   4.2918971642833603e-01	   4.8147613572244180e-01	   7.3527395951674412e-01	   5.8466533557503508e-01	   6.3648395123784607e-01	   6.0736629165887102e-01	   1.0341712215243011e+00	   6.3698094519548198e-01	   8.7072466177136620e-01	   8.5357209064740225e-01	   8.9338126929590178e-01	   7.7853683574480259e-01	   3.6885576667922154e-01	   3.2696422570196376e-01	   8.4985545889952496e-01	   8.6417844095223106e-01	   5.0867052353808728e-01	   4.6912425456706180e-01	   6.6286020796699874e-01	   3.1073193296919760e-01	   4.0753041280438279e-01	   2.8511347631497691e-01	   5.0702348084134063e-01	   4.7361962687375997e-01	   3.1447050296905377e-01	   3.0558281084545380e-01	   4.4068128697116771e-01	   3.2296521770571324e-01	   3.3511560935017415e-01	   3.9999680556143014e-01	   4.5845482098060597e-01	   4.3725340285773834e-01	   1.3674675549549270e-01	   4.7655497901391530e-01	   4.6177057378793857e-01	   4.6224972959731581e-01	   3.1124700590495125e-01	   6.3955265218245239e-01	   3.6916569658510745e-01	   4.9012736031775372e-01	   4.4094758455621585e-01	   4.9758522711960340e-01	   2.0117937959606269e-01	   3.4603682554516568e-01	   1.7452395721572103e-01	   3.3365941192100823e-01	   1.1068064619301045e-01	   1.6544183153876296e-01	   9.0595310277290519e-01	   4.4714445260260527e-01	   3.2011769238374255e-01	   2.8040009683274941e-01	   2.3761963946407638e-01	   2.5038309115749557e-01	   4.2630600872204077e-01	   2.1496650469646450e-01	   5.5285204401693122e-01	   4.3873679602881266e-01	   6.5053134752119235e-01	   5.1782203506503999e-01	   5.1631845125415454e-01	   5.0825519621559856e-01	   3.6425492096387602e-01	   5.8051274256293328e-01	   3.5907358907747960e-01	   4.5726135581655447e-01	   8.8657890866630518e-01	   4.3588241880780410e-01	   1.0597807690415437e+00	   5.4673011929777848e-01	   7.3959393583901667e-01	   4.0911302393934235e-01	   6.2011213214573346e-01	   6.2028447841388912e-01	   4.6864322072331288e-01	   7.2160522064109200e-01	   3.9834894230525580e-01	   1.2246466006807539e+00	   3.6726064765468425e-01	   2.5029807188929809e-01	   4.2670145923051589e-01	   4.6033064362650289e-01	   4.7959554273075877e-01	   6.0972509852955614e-01	   1.5121049346619192e-01	   8.1962937124649604e-01	   1.7851369483900183e-02	   2.5797582476263586e-01	   1.3564782845648038e-01	   3.0660979973357438e-01	   1.4681710253569855e-01	   3.6823290286498833e-01	   2.6533999990390555e-01	   2.7961296282861042e-01	   4.1369078427649508e-01	   5.1469934376114324e-01	   6.7460172200469948e-01	   2.9337562801975831e-01	   2.1175390201612335e-01	   1.1349751127326990e-01	
   7.0417203651400628e-01	   6.2591748494929733e-01	   6.5077957421762744e-01	   0.0000000000000000e+00	   6.0909456914242321e-01	   9.5480089458285300e-01	   6.5589673837638418e-01	   1.2520755666650187e+00	   4.6004126996857486e-01	   8.1310835705654749e-01	   5.5389626060107899e-01	   7.5716094818556889e-01	   5.3449378088993438e-01	   6.4698826696960376e-01	   4.5525577840060305e-01	   1.0670009953567989e+00	   4.3146757717940187e-01	   4.2188901499108911e-01	   6.8088177729779875e-01	   7.6664631099766167e-01	   3.8332618907469190e-01	   6.2819050243660912e-01	   4.8205260022463903e-01	   7.1785391031171619e-01	   3.6557355895054988e-01	   6.6710079906436448e-01	   4.9227729647832602e-01	   4.0485560757737749e-01	   2.4475772393378420e-01	   4.1948722479389944e-01	   5.5984868458424097e-01	   7.9837117794449042e-01	   6.5720646672793626e-01	   6.2016649718037054e-01	   5.0608109001707524e-01	   4.2838731300276311e-01	   1.5537821641801430e-01	   2.8623622961326867e-01	   4.0096621461146581e-01	   4.3277221102980745e-01	   1.6608015735051981e-01	   3.7217337637776426e-01	   3.3166175204396381e-01	   2.5241507580893935e-01	   3.6319612589810668e-01	   4.4285818898329687e-01	   3.5138379129035330e-01	   3.1369388626737127e-01	   2.3538644851703500e-01	   4.1127995201531564e-01	   4.1747815375261538e-01	   3.2582654942089834e-01	   4.7450646923294426e-01	   6.9910671500192534e-01	   4.1577113453576392e-01	   3.3275594499465422e-01	   5.3779767887914665e-01	   4.6138528625352171e-01	   4.0107743136521057e-01	   5.5106546140045054e-01	   4.3919982463611695e-01	   8.2108189913540808e-01	   3.8743711490025046e-01	   3.6882184946063867e-01	   5.0734528159633596e-01	   9.9296010315080241e-01	   3.8912988322552666e-01	   4.7434599635571850e-01	   4.3219332888592699e-01	   5.3369003859206376e-01	   9.7956306534528442e-02	   1.9710684932956263e-01	   3.3170476843488922e-01	   4.5677095353408115e-01	   4.0525071856443684e-01	   4.7317583162609878e-01	   3.2878196518154268e-01	   4.2633718164873891e-01	   3.4285528079835492e-01	   3.8511090850313784e-01	   4.8945829843724137e-01	   4.7815691007710476e-01	   5.1054877148359656e-01	   7.2332080094345830e-01	   6.2342276166754407e-01	   8.7945018454965285e-01	   3.0346148115666749e-01	   5.8501048934348876e-01	   9.4186599988719932e-01	   9.3668714215063520e-01	   1.0729373394787673e+00	   6.5068396960578712e-01	   1.3048412707139045e+00	   7.5415512885956248e-01	   3.9974748226478091e-01	   1.8736814540670083e-01	   3.7832548290011020e-01	   4.1822370656921459e-01	   5.6979723555991257e-01	   5.1974708219707677e-01	   6.6933004887757652e-01	   7.7962790644835178e-01	   1.6237288686895840e-01	   4.1146670606905739e-01	   2.9660394502692872e-01	   3.5874755092743549e-01	   4.7458081172035782e-01	   4.7330192693012230e-01	   3.9203027568792270e-01	   3.8048857246741036e-01	   4.4437732224766974e-01	   4.6264131455996232e-01	   8.5854452411536020e-01	   4.8644653900143187e-01	   2.9295231663651838e-01	   2.7139314035176332e-01	
   5.6821439448653988e-01	   3.2437897684617739e-01	   6.6797626540247967e-01	   6.0909456914242321e-01	   0.0000000000000000e+00	   7.3377919715317153e-01	   1.0364031703141925e+00	   6.6597564047065216e-01	   5.6741349283993125e-01	   4.2808136995891205e-01	   7.0269133260680205e-01	   3.9366657925602527e-01	   4.1580083886857422e-01	   2.8842786217286348e-01	   4.5794270901424150e-01	   4.2695680794948487e-01	   3.5430864323357697e-01	   3.1620196208898244e-01	   7.7149062548862402e-01	   5.7365616517634299e-01	   4.4549031356331248e-01	   4.1908302498257249e-01	   5.8683939583384492e-01	   2.8886467443332825e-01	   5.7614680603337542e-01	   4.9193218728931765e-01	   3.8690803573371346e-01	   1.9257538233598379e-01	   3.8092774436602089e-01	   3.8741589554039024e-01	   7.1529034091219479e-01	   6.9469557651122749e-01	   5.9937715055366203e-01	   5.5074836275772954e-01	   5.0541055459689832e-01	   2.5803705735413390e-01	   1.3995404065091374e-01	   3.0018479789430275e-02	   3.9647756151581653e-01	   2.0963543330536091e-01	   1.3761724658060917e-01	   1.5308312785539718e-01	   7.5552692734117155e-01	   6.1658433603400564e-01	   7.3712105558093710e-01	   6.9139540769326158e-01	   6.8836718470306557e-01	   5.7010716312832121e-01	   4.9494772993829450e-01	   4.1988812738433257e-01	   5.4300678410934600e-01	   3.6035142827283634e-01	   5.4931809887208161e-01	   4.2204780733041802e-01	   5.5070221984721468e-01	   4.9202834758916514e-01	   4.6378672818308031e-01	   4.1162407435263243e-01	   6.1864223865959433e-01	   4.9994744333759911e-01	   5.9089472126426990e-01	   6.2714080350280399e-01	   3.5563889534316484e-01	   3.1858767275648364e-01	   7.1291831750810075e-01	   5.0925282897328050e-01	   6.1530967644786705e-01	   5.8967296275797465e-01	   2.7093613437056385e-01	   3.6975317487660297e-01	   3.1047238340928363e-01	   1.5666816192068078e-01	   4.9369989781556989e-01	   4.1258659754096116e-01	   5.3512525022561452e-01	   4.4144614766839463e-01	   4.7696644694834828e-01	   3.6412261918408395e-01	   2.1352299707884145e-01	   4.0545071328715315e-01	   3.4532796322620740e-01	   3.7836798123960963e-01	   6.0752774192316850e-01	   4.0336467826158529e-01	   6.0471106602253799e-01	   4.6214852448827370e-01	   3.0001699695171796e-01	   2.2899180148987536e-01	   6.5409756367838290e-01	   6.1098239732292381e-01	   7.4404860141749429e-01	   5.4939662338727480e-01	   5.3811283340619587e-01	   6.6818246082362764e-01	   3.7908144755830092e-01	   1.3991226358445047e-01	   4.8997997524005410e-01	   5.2244644330480727e-01	   6.5304539429874486e-01	   6.9182948469426020e-01	   5.4136659145511934e-01	   7.6912303248387437e-01	   3.0280243938563800e-01	   4.3328144788131417e-01	   2.7434115112677204e-01	   3.8648348558451112e-01	   4.4595560606955309e-01	   5.3039547663664821e-01	   3.1650812582054888e-01	   2.4205739391041631e-01	   6.3420207749252822e-01	   6.0146929179478947e-01	   7.0395535640072127e-01	   4.1193495755021614e-01	   2.4470216983763760e-01	   2.5630943425778707e-01	
   5.1347166799172050e-01	   3.3392178159814767e-01	   2.7370394919158358e-01	   9.5480089458285300e-01	   7.3377919715317153e-01	   0.0000000000000000e+00	   4.3802500265139865e-01	   1.1662579431542335e+00	   5.0028637455640190e-01	   1.2007676786440826e+00	   4.4211468381750052e-01	   7.5436040976237473e-01	   3.9473942015176955e-01	   6.1223364078449161e-01	   2.3961648048497444e-01	   8.7075026483238349e-01	   2.5038900364907835e-01	   2.1753846648076844e-01	   4.1860902149126800e-01	   4.2934924567729149e-01	   1.8812035410448644e-01	   4.0493132392215081e-01	   1.9230706691514463e-01	   3.2673905573058415e-01	   2.6783178792682727e-01	   4.6571554119393449e-01	   2.6373895956255822e-01	   1.4815530656459558e-01	   8.3584709107730346e-02	   3.3859648092868083e-01	   2.8186573161008988e-01	   4.5512339681760972e-01	   4.6877978105584500e-01	   4.4598899610063486e-01	   3.4771912194928051e-01	   3.4639604688233333e-01	  -6.2829879025958647e-03	   1.0712088432829335e-01	   2.3665121752415424e-01	   2.0597415477794070e-01	  -2.6722895834160560e-02	   1.4303288910896927e-01	   3.0267854305954028e-01	   2.3732228289019014e-01	   3.5668316345285500e-01	   3.6601531689925143e-01	   2.5481041599266779e-01	   1.9485399177721377e-01	   2.6897337259423459e-01	   1.7232091034215044e-01	   3.2702516518679220e-01	   1.3933583421924903e-01	   3.5683238228697972e-01	   3.2559979304603542e-01	   2.4919944944425670e-01	   1.0051890331525967e-01	   3.7608234312990357e-01	   2.7006156037890466e-01	   4.9863224591864236e-01	   4.0506688207966435e-01	   5.7129152145898265e-01	   9.1644743590034139e-01	   3.9237800767146847e-01	   3.3644068817574968e-01	   4.0760827743893108e-01	   9.9864193601490947e-01	   3.8945729527793405e-01	   4.7875602876263912e-01	   3.8642788142027973e-01	   4.5049318644490866e-01	   2.2098904313280241e-02	   9.8748641859930805e-02	   1.5677399561558780e-01	   2.8896795726537655e-01	   1.9277058384889156e-01	   2.8177075008218611e-01	   2.3126407398604948e-01	   2.3525841999721675e-01	   1.5632681060149831e-01	   2.0342819590170627e-01	   3.6561352665841190e-01	   3.3828235933582851e-01	   2.2750894936137500e-01	   4.8489261326351912e-01	   3.3474968088136192e-01	   5.7815115880043888e-01	   3.4790842937446442e-02	   2.9060368504991707e-01	   7.5773318818035662e-01	   5.8733417859289183e-01	   8.3594192183852556e-01	   3.5504756803230964e-01	   9.3827895034621911e-01	   4.3439157631546244e-01	   2.4365336766323789e-01	   2.1287510200910534e-02	   2.3540143267834857e-01	   2.4761801815193502e-01	   3.4787058644729230e-01	   3.1191587257445746e-01	   7.2347290860059121e-01	   5.8082112522985296e-01	   2.4487396781538487e-01	   3.8238541840414297e-01	   3.1076724988144411e-01	   3.0089752702224326e-01	   5.1087527274914146e-01	   4.2589069372382793e-01	   2.5567908439153558e-01	   1.9539100360283057e-01	   3.7652456916697130e-01	   2.5050870810964193e-01	   5.4333313105358527e-01	   4.4367754078838212e-01	   2.4663780717733813e-01	   2.0087590074987349e-01	
   6.0120383228480723e-01	   4.1850184589456418e-01	   1.3354100847255217e+00	   6.5589673837638418e-01	   1.0364031703141925e+00	   4.3802500265139865e-01	   0.0000000000000000e+00	   6.5767906046923652e-01	   7.3113415101984236e-01	   3.4702335299970333e-01	   8.2775625955084819e-01	   3.6664874834324318e-01	   7.1993468906512981e-01	   3.7482570327943149e-01	   6.5001029541748179e-01	   5.2190247685477442e-01	   4.5172681983211427e-01	   4.4075390146721882e-01	   8.4945659247056660e-01	   6.5716029455071423e-01	   6.0751857943096033e-01	   5.2310989002160357e-01	   7.9017267124892809e-01	   4.1413240471469137e-01	   6.5491488745741289e-01	   7.2804467749278823e-01	   5.9480511881196596e-01	   4.6060197044483936e-01	   4.9936139973949367e-01	   5.0184029365499283e-01	   9.7617600278507366e-01	   9.4050400788443700e-01	   6.9464225023942416e-01	   6.6669136345016988e-01	   5.4118342737268144e-01	   3.7019469432289426e-01	   3.7099730233825240e-01	   2.6015138934270282e-01	   5.7735694045347241e-01	   5.0731843869521132e-01	   3.3510813217505869e-01	   3.1505209940902745e-01	   6.2216769193542210e-01	   4.8006690528157825e-01	   5.5816815844473089e-01	   5.7841663109566421e-01	   6.4258014459830015e-01	   5.8657474696868606e-01	   3.8076617776807781e-01	   4.5233593981326847e-01	   6.0600541783761241e-01	   4.8016350501313110e-01	   4.6226205441696477e-01	   5.9935533384767647e-01	   5.4207733562259763e-01	   5.9406391994147767e-01	   4.2291771053104249e-01	   4.3869239135394211e-01	   4.0407087779558498e-01	   3.6336882250597363e-01	   4.3792609723763443e-01	   5.7066707585809884e-01	   2.1688533462439452e-01	   2.8001063806478949e-01	   8.6069669858295816e-01	   5.3017454932120123e-01	   5.4232953830405473e-01	   5.0493877982896651e-01	   2.5949008283630431e-01	   2.6589033561615638e-01	   4.8442472807617187e-01	   2.4967064784634579e-01	   6.5019158284916490e-01	   5.2611084815945319e-01	   7.2339400008239729e-01	   5.8914064454730120e-01	   6.6258487526015053e-01	   5.8813155301922349e-01	   3.4422797422783658e-01	   5.2380808239898291e-01	   4.2398805937908796e-01	   5.2134135913683388e-01	   8.4784388519476594e-01	   5.2679863272912342e-01	   7.8633943669097062e-01	   5.0868638398245170e-01	   3.7940283088471805e-01	   2.6385413899030130e-01	   6.8626971599791453e-01	   6.8983374904979688e-01	   6.6163674879481982e-01	   7.3161004354116899e-01	   4.2381771727920270e-01	   9.2319190373602744e-01	   5.2453526384941696e-01	   3.3389088878090367e-01	   6.0417879668618457e-01	   6.0597703700186811e-01	   6.1751326001152318e-01	   7.3647536008672865e-01	   3.4977113605418297e-01	   9.6749363067002681e-01	   2.0191745609094913e-01	   3.7799883999765355e-01	   2.1503582177021835e-01	   3.6964927072951437e-01	   3.1223717809709678e-01	   4.7898340748929225e-01	   3.7879589751079484e-01	   4.1580584762525419e-01	   5.8037010885263818e-01	   6.5217242185073365e-01	   7.9455899873066305e-01	   4.0791907596946470e-01	   2.7375055461084058e-01	   2.0563682207123912e-01	
   5.9567668508692484e-01	   4.5843077705296453e-01	   3.9059678412185306e-01	   1.2520755666650187e+00	   6.6597564047065216e-01	   1.1662579431542335e+00	   6.5767906046923652e-01	   0.0000000000000000e+00	   5.0191845485163877e-01	   1.1704013078406401e+00	   5.8789160830225895e-01	   9.7443209566149158e-01	   6.2433711625045418e-01	   9.7239219013616385e-01	   3.9833575105538721e-01	   1.2241219892677271e+00	   3.3661948438881228e-01	   3.0765136188292080e-01	   5.7842885445430958e-01	   6.0810685533439335e-01	   2.5955019660768708e-01	   4.6881977233419880e-01	   3.1252777826979727e-01	   3.5614698325147004e-01	   1.6149103075388455e-01	   4.3932360149895600e-01	   2.1260368087513687e-01	   1.1779861344615331e-01	   2.6369141897397785e-01	   5.1533376154436117e-01	   5.1308770926288871e-01	   6.9158062664041664e-01	   6.7905714876132928e-01	   6.6839709208090736e-01	   2.8498543233476648e-01	   3.3670265162936575e-01	   3.2044020203577508e-02	   1.4709646240586977e-01	   3.3489748227497496e-01	   3.2367926669061908e-01	   7.8609205534773005e-02	   2.2785764470364728e-01	   3.4466105835628819e-01	   2.7802947588253352e-01	   4.4322967334983832e-01	   4.7714430018387954e-01	   3.4172516547751991e-01	   3.1374410621536325e-01	   3.6807012693748442e-01	   3.1571743240345074e-01	   4.1115613887072699e-01	   3.0305198976892533e-01	   4.9063340503856379e-01	   5.5990275716619897e-01	   4.2767879616606913e-01	   2.9257583045406976e-01	   3.9255203950120660e-01	   2.6252177452588249e-01	   4.8083309573449995e-01	   4.6319517738280813e-01	   5.7881674387576387e-01	   1.2023280433517822e+00	   3.8652929853611262e-01	   3.9185176979878533e-01	   4.2434484338626044e-01	   1.1494305409037957e+00	   4.6428994267439522e-01	   5.8160257824550454e-01	   3.9858088686669679e-01	   4.4890389639731682e-01	   1.3310476968812249e-01	   2.5110146316779891e-01	   3.0060150979323819e-01	   4.0262578481968880e-01	   3.2736563202666669e-01	   4.2192541985413473e-01	   3.5127822719278989e-01	   4.0255506002208163e-01	   2.7565542335905824e-01	   2.9020373267407645e-01	   4.7361743393764022e-01	   4.6027540261559885e-01	   3.8755936178763006e-01	   6.7623502180438333e-01	   4.1871158666492503e-01	   6.4412709829455195e-01	   9.6687044302702103e-03	   2.8919351386512510e-01	   8.4823074893603567e-01	   8.0000625856377350e-01	   1.1388357647418261e+00	   5.0213884511533147e-01	   9.9159217599179561e-01	   4.9494257192976571e-01	   3.9057677040744498e-01	   1.3899156644780156e-01	   3.2799525787663802e-01	   3.7328640649365363e-01	   5.0331537488574818e-01	   4.8143369960726146e-01	   7.7612275278412723e-01	   7.6479548606155512e-01	   2.4962063753034444e-01	   4.6672219985805857e-01	   3.3254134960400272e-01	   3.9855972318352489e-01	   6.1459393788483752e-01	   4.9872413644969649e-01	   3.8547592531349922e-01	   3.5727269241551918e-01	   3.6776043737022257e-01	   4.0105331465812105e-01	   6.8893704609636874e-01	   5.5065617406539280e-01	   3.3393381540006295e-01	   2.9802204887583261e-01	
   5.3717608002436112e-01	   3.3659282970776710e-01	   6.0285151321854979e-01	   4.6004126996857486e-01	   5.6741349283993125e-01	   5.0028637455640190e-01	   7.3113415101984236e-01	   5.0191845485163877e-01	   0.0000000000000000e+00	   6.2281341588440098e-01	   5.5889100075626041e-01	   4.6710032059938705e-01	   7.0712317085592025e-01	   3.9120881847827527e-01	   6.6132463015384180e-01	   5.4760897176445056e-01	   2.9855748657805509e-01	   3.4433448091692087e-01	   3.6636334944495036e-01	   4.1766048543558804e-01	   1.4582580010015914e-01	   1.4873063686437871e-01	   3.0724817246938835e-01	   3.0214748557733789e-01	   4.2748528565226296e-01	   5.1387750438161484e-01	   4.0322134320171354e-01	   4.1028068362816050e-01	   1.1938376889802048e-01	   2.7965761146373025e-01	   1.6508678553495837e-01	   2.8571258219528567e-01	   2.0154132240441855e-01	   2.1676820788134238e-01	   2.6465251315694321e-01	   1.6336646381166897e-01	   2.9942586453183867e-01	   2.1734222072217071e-01	   3.6921458070389845e-01	   2.8645134029870678e-01	   1.4053316668251156e-01	   1.0331843375133781e-01	   2.1662972227063068e-01	   2.0202089036759438e-01	   1.3924249670872846e-01	   2.5844956379467932e-01	   2.2462461840864223e-01	   1.9632322236472019e-01	   1.9822303713405048e-01	   3.6625140143086021e-01	   4.4239167417854786e-01	   3.3404883930472312e-01	   2.8256809230994939e-01	   4.6185681570371884e-01	   2.7027631023439846e-01	   3.5388012647319134e-01	   3.6404146702858858e-01	   2.8468501691774589e-01	   2.5828440836467581e-01	   2.1350067651784488e-01	   3.8277250184128131e-01	   5.2965560370311648e-01	   6.3188392952637285e-02	   1.9302399395288963e-01	   8.8280795523580491e-01	   7.3418639013091092e-01	   6.9078092647126582e-02	   9.7949829525978957e-02	   3.9941306815904887e-01	   1.9746931601002468e-01	   2.0980210976632238e-01	   1.1324331855999774e-01	   3.8363468431263370e-01	   3.7693101810015422e-01	   4.5330179361829404e-01	   4.7726660223893813e-01	   4.5159937942395795e-01	   3.5822379602912263e-01	   2.3027428368968766e-01	   3.0604289648994493e-01	   3.3238951976778813e-01	   4.3018612494140118e-01	   3.8065792154894157e-01	   3.5308379130208989e-01	   5.5524932372901015e-01	   4.2164013076445633e-01	   2.2994673575548064e-01	   2.5002994956323443e-01	   5.7468251640902113e-01	   4.0110030139915576e-01	   4.7013633018953838e-01	   2.8876448999270388e-01	   3.7615494614992312e-01	   5.1887047713529555e-01	   4.6728816225459491e-01	   2.2774695243786469e-01	   2.4759396440367415e-01	   5.4033669832481235e-01	   4.0850635478173392e-01	   5.0311797358749066e-01	   4.1383988739620237e-01	   5.6334258850154395e-01	   2.6371911083154309e-01	   2.9762177773485571e-01	   3.1971836118548613e-01	   3.6571634318329327e-01	   2.6766091219199517e-01	   2.7635720363578098e-01	   2.9020033824848707e-01	   4.0694307647741906e-01	   4.4238149374952040e-01	   3.8531290036799254e-01	   4.9165264649425111e-01	   4.0926152884650069e-01	   3.5979785273581882e-01	   2.4080367530324734e-01	
   3.2709987191004336e-01	   2.2982255208550079e-01	   2.0277382781243800e-01	   8.1310835705654749e-01	   4.2808136995891205e-01	   1.2007676786440826e+00	   3.4702335299970333e-01	   1.1704013078406401e+00	   6.2281341588440098e-01	   0.0000000000000000e+00	   3.4698635671135475e-01	   6.8746683306727840e-01	   4.2603155357038336e-01	   6.4499824004798512e-01	   2.5040198071324715e-01	   9.7085068936310615e-01	   6.5878598280972478e-02	   1.1880635571193264e-01	   2.7759462469930696e-01	   3.0530462606993580e-01	  -5.4540779752703029e-02	   1.6617466035435061e-01	   1.0560768090941197e-01	   1.7081513506416329e-01	   1.1302847477246566e-02	   2.5519528768019428e-01	   6.9254252712583939e-02	   2.3646479265925193e-02	  -7.6330828592240857e-02	   2.3466764494160017e-01	   9.0903815687488010e-02	   2.6752770403772119e-01	   2.1771051250625359e-01	   2.2540034539255838e-01	   1.0456553101428391e-01	   8.1042361559011011e-02	  -1.8127110522274886e-01	  -4.2711306712402364e-02	   1.8264183804204265e-02	   5.8225987760447052e-02	  -1.6656561390753238e-01	   1.8590333179130742e-02	   4.2318048017526373e-02	   1.6899765510436832e-02	   1.0962777318306090e-01	   1.4675748145007952e-01	   1.4762549203644799e-02	  -7.5900190040889826e-03	   5.8749757966647595e-02	   1.4224404092870807e-01	   1.2168414458526354e-01	   4.6538275349247947e-02	   2.1146887294544631e-01	   3.6859859517668481e-01	   7.3287639991970951e-02	  -8.6053387784427154e-03	   1.4202536262855978e-01	   7.8170658418957054e-02	   2.1501835338521852e-01	   2.2672652402024279e-01	   3.4990916727102989e-01	   9.0113076973860862e-01	   1.1966050559371798e-01	   1.8106032851457529e-01	   4.3712499387404224e-01	   1.2419587383876736e+00	   6.4626144256069037e-02	   1.6417664410420757e-01	   2.7769949562985602e-01	   2.9473678398583292e-01	  -1.1394897560752421e-01	   2.4844353570455859e-02	   1.6897044834867034e-03	   1.3111063742967546e-01	   6.4135945771379710e-02	   1.8181413824331272e-01	   8.6317721090687416e-02	   9.0793953314929093e-02	   1.5923467941384412e-02	   5.7783202168574160e-02	   1.9426602046736197e-01	   1.9554671043486016e-01	   9.0541638147395270e-02	   3.5106529729555347e-01	   2.6016086561116469e-01	   3.3685960434482010e-01	  -1.2366274764581203e-01	   9.3302084575949906e-02	   5.6870072003097527e-01	   4.4939215148896483e-01	   7.3441578434661259e-01	   3.0161102190112676e-01	   7.7563351174466932e-01	   3.5002423352039913e-01	   1.9564622158814177e-01	   4.5058636396477690e-02	   2.8671047183087522e-02	   1.4011073630474449e-01	   2.2453292233589009e-01	   2.2211693558794782e-01	   5.3735015919493456e-01	   4.8562143205200692e-01	   1.0376223958678002e-01	   2.1192488373128698e-01	   2.0188191184649307e-01	   2.1625373747414117e-01	   3.5577598537415800e-01	   2.0571445481521727e-01	   2.0443441491698575e-01	   1.4545532882957105e-01	   1.4034962742454526e-01	   1.0729501421852516e-01	   3.6816346983090475e-01	   3.7890358000492480e-01	   2.8187883547202819e-01	   2.3821804277870617e-01	
   8.1528941927148846e-01	   5.9828988702649266e-01	   6.7872403942861170e-01	   5.5389626060107899e-01	   7.0269133260680205e-01	   4.4211468381750052e-01	   8.2775625955084819e-01	   5.8789160830225895e-01	   5.5889100075626041e-01	   3.4698635671135475e-01	   0.0000000000000000e+00	   7.3746144816363801e-01	   1.1086868223009754e+00	   6.8842771073618225e-01	   1.0607188774806577e+00	   7.0059942136153242e-01	   6.5067347080229487e-01	   5.2307166864334143e-01	   8.5667793993944907e-01	   6.5333213775484489e-01	   4.7370460228394762e-01	   4.5662275521695850e-01	   6.8930969461043856e-01	   4.8651683415142943e-01	   4.6210585568941875e-01	   4.6495103433427021e-01	   4.7451989348117063e-01	   3.7139830615609276e-01	   6.7111219950448342e-01	   5.8551951010373093e-01	   7.0106662675171294e-01	   6.4444565784955243e-01	   6.7209755272072824e-01	   6.0587562632249325e-01	   4.0492011083070212e-01	   3.4256190886455767e-01	   3.5121143294712603e-01	   1.5976803067361500e-01	   5.3955234988140544e-01	   3.2343741166344309e-01	   2.8264072813945329e-01	   2.5641745498807228e-01	   4.9926478334038460e-01	   4.2949789809695205e-01	   4.8966974826856191e-01	   5.7982103420871511e-01	   5.0150818867941616e-01	   4.7800554635434478e-01	   6.0418834327884596e-01	   5.8639704036399343e-01	   7.0171786479162024e-01	   5.9114239356203857e-01	   6.3206775615552480e-01	   4.9759177968939788e-01	   6.1250801297451973e-01	   4.7404627231340851e-01	   5.2969704292586550e-01	   5.1097821188889547e-01	   5.8384187015290223e-01	   7.1696608093829006e-01	   6.0508792743299133e-01	   7.6280086921296930e-01	   5.2775565606190944e-01	   5.0338059885429598e-01	   5.0901210773441119e-01	   4.1945244549607286e-01	   5.7384379146735753e-01	   5.9612514642314518e-01	   3.8058373209906959e-01	   4.5715252759175790e-01	   5.0501501332167265e-01	   3.2167174634883189e-01	   6.8905790924988874e-01	   6.2830923419113915e-01	   7.0331593612946708e-01	   6.5459881167081080e-01	   7.2539580979377760e-01	   6.3972199444879596e-01	   4.9193942378494410e-01	   6.1039640166424280e-01	   6.3695368016761700e-01	   6.4648045980644564e-01	   1.0029458599679513e+00	   7.0238526247782906e-01	   8.2912118915452515e-01	   6.6508513970112970e-01	   3.9217801088748910e-01	   4.2950602110123881e-01	   8.5780122955594218e-01	   6.8114900975257908e-01	   6.5475195738180314e-01	   5.3388750932426698e-01	   4.9222043823406464e-01	   7.1302417791293993e-01	   3.9506659942447958e-01	   8.8519299841651300e-02	   5.0331451189366594e-01	   4.3207327675423762e-01	   5.5941206631835194e-01	   7.2063648835595562e-01	   5.6463478981222981e-01	   9.9183991905730418e-01	   3.8202098083335112e-01	   6.6857253978593556e-01	   3.3295165224330092e-01	   4.5004174772736022e-01	   4.4374362026111991e-01	   7.3273630536800249e-01	   2.5349947500964820e-01	   3.2419820939861954e-01	   4.1309653152382364e-01	   5.8012855270722552e-01	   6.9353491052469851e-01	   4.6568367143898465e-01	   2.6872258052142134e-01	   1.3291925572757426e-01	
   6.7407538654938004e-01	   5.8813473856411758e-01	   1.7761382272092430e-01	   7.5716094818556889e-01	   3.9366657925602527e-01	   7.5436040976237473e-01	   3.6664874834324318e-01	   9.7443209566149158e-01	   4.6710032059938705e-01	   6.8746683306727840e-01	   7.3746144816363801e-01	   0.0000000000000000e+00	   8.9900354493596668e-01	   1.5630533203217907e+00	   5.9601545744227347e-01	   1.2586403590663757e+00	   4.8659218630269940e-01	   3.9897934743468016e-01	   4.7303951692826651e-01	   5.2149651225133031e-01	   2.1114417303856342e-01	   3.5477493798105053e-01	   2.5715514470620060e-01	   5.1759004587316293e-01	   1.2084615154843795e-01	   3.7344972143989541e-01	   2.0190632788500576e-01	   1.9816628511677165e-01	   4.2235098733249310e-01	   6.2851746949854426e-01	   3.3527981245609462e-01	   4.5403761155328204e-01	   5.8397132681315411e-01	   5.6418990886355003e-01	   2.6179005759649066e-01	   4.4616190927786981e-01	   2.5147600950162652e-01	   2.8878992980201701e-01	   4.8350897788081187e-01	   3.8328842780678252e-01	   2.0669003180331591e-01	   2.8079449901995807e-01	   3.2443680429717126e-01	   3.1393407600957385e-01	   3.5520195025765777e-01	   4.9813257162244318e-01	   3.7094014952841797e-01	   3.4746147605973077e-01	   5.7272536685833286e-01	   4.6515196558192201e-01	   6.0728224038255540e-01	   5.1230607834050534e-01	   6.6937959300485039e-01	   5.5079607049221835e-01	   6.6970209580637707e-01	   5.0266204903113909e-01	   4.8123699659361968e-01	   3.2810849021426713e-01	   6.0165705672393666e-01	   5.9729959948238032e-01	   7.4774259989482550e-01	   1.0672570177319336e+00	   6.3765789873925405e-01	   5.8134774429402991e-01	   2.3716681721583271e-01	   6.9521951745758681e-01	   4.3791074363010385e-01	   5.8803720327912579e-01	   4.1305921510512145e-01	   4.2328601677814437e-01	   1.9225213367785510e-01	   2.5248319908481076e-01	   5.1202203884664821e-01	   7.2194859459699512e-01	   5.0059160068277986e-01	   6.8921315255636051e-01	   4.3788048306027805e-01	   5.1247526596551451e-01	   3.9655919610894375e-01	   2.9107985279364784e-01	   6.8410937938020411e-01	   6.0761057244647021e-01	   4.7863705026424325e-01	   8.3603658050906626e-01	   4.3336911946248685e-01	   9.8344008988847997e-01	   1.4771548072776150e-01	   5.7611669635344376e-01	   8.0261755044029648e-01	   7.9346694025108500e-01	   8.2586773925690116e-01	   2.6640575746995010e-01	   8.1472373120495667e-01	   2.8795990438158331e-01	   4.5915607900475525e-01	   1.1370282017896673e-01	   4.2756489442802109e-01	   5.1147173951886815e-01	   5.9554521754019274e-01	   6.1510568248946684e-01	   9.2026609567959117e-01	   6.6324887169618385e-01	   5.2762170243923645e-01	   6.7795588912653204e-01	   5.7483103569793126e-01	   5.3077903505043755e-01	   7.9173586064415336e-01	   7.2956861789853256e-01	   3.6132530647970768e-01	   4.2875684825225047e-01	   4.9249340200258751e-01	   5.0335193323517291e-01	   5.7395108532126138e-01	   6.5042735974049160e-01	   4.5387332401488428e-01	   3.4769864152158997e-01	
   7.6130400449005409e-01	   5.8610340659514970e-01	   5.1027397408194930e-01	   5.3449378088993438e-01	   4.1580083886857422e-01	   3.9473942015176955e-01	   7.1993468906512981e-01	   6.2433711625045418e-01	   7.0712317085592025e-01	   4.2603155357038336e-01	   1.1086868223009754e+00	   8.9900354493596668e-01	   0.0000000000000000e+00	   1.0767731052925571e+00	   1.0102958713394430e+00	   9.2566435950238546e-01	   6.2388922900629440e-01	   4.8656684683144702e-01	   6.2183989770466164e-01	   5.8425906591607979e-01	   4.8873143076953640e-01	   4.1173636072206593e-01	   4.1402238839250066e-01	   4.3808427508716313e-01	   3.7528233408929912e-01	   6.0333838583888300e-01	   4.9747564807181560e-01	   4.7560829547535888e-01	   6.5728786448357268e-01	   6.9377693012173547e-01	   5.4260083079478949e-01	   5.5791823243527372e-01	   6.5748770174591420e-01	   5.9561709506995386e-01	   3.1328774340271354e-01	   4.9314045789480382e-01	   5.0706354117954300e-01	   4.2474009625981107e-01	   7.1377108740027095e-01	   5.9057788662807909e-01	   5.1002916929170261e-01	   4.5797865233610102e-01	   2.6584573087838137e-01	   1.9902030399700982e-01	   2.6650016693402295e-01	   3.6229501969230438e-01	   3.3054107282084649e-01	   3.1861993816874384e-01	   4.8555759470244142e-01	   4.1291780921095844e-01	   6.2146333994026870e-01	   4.6372875893898835e-01	   5.0635183752061952e-01	   5.7837857136669368e-01	   5.7259359983927660e-01	   5.2576945012492149e-01	   5.0130745477204053e-01	   3.9540464384639240e-01	   5.0109220362843077e-01	   4.7526632662126655e-01	   6.8211116962884510e-01	   8.5585185519464035e-01	   4.2726710792018463e-01	   5.0838398183275368e-01	   4.0369761956639272e-01	   4.8030915423253728e-01	   4.5015239734379398e-01	   4.6956832609813304e-01	   4.3577873174095444e-01	   3.1404694635082037e-01	   4.2206757303484949e-01	   3.2860980636618831e-01	   7.6682908488130119e-01	   8.0169246068255740e-01	   7.9151695342520767e-01	   8.5163277413503125e-01	   7.9012942344499559e-01	   7.2499226492968094e-01	   4.8207917756956514e-01	   4.1516785137731343e-01	   6.8180491060710946e-01	   7.3075773713411685e-01	   8.4208341276443566e-01	   8.3456783250564204e-01	   6.2420339678887038e-01	   6.9372284210987356e-01	   2.7488488067184086e-01	   4.8227523010169948e-01	   9.0685136916047182e-01	   7.2077663521189606e-01	   5.9881905540882352e-01	   4.0507071689179974e-01	   4.6129522988592797e-01	   4.7611108305331817e-01	   7.2517589213557310e-01	   3.7419263204059444e-01	   5.2885076265784448e-01	   6.4464454292460216e-01	   4.9120718031303923e-01	   6.4303677484552946e-01	   6.2937039148416096e-01	   8.5404443904874017e-01	   4.7814920880151790e-01	   6.2285983028121683e-01	   3.6691309132633193e-01	   3.9569675893793643e-01	   4.4802679821930724e-01	   6.1097947399703589e-01	   4.6950780907863265e-01	   6.8119756098745754e-01	   4.8790214957383271e-01	   5.0264777798099725e-01	   6.3997764442822713e-01	   5.5579816196151122e-01	   3.7891429429862511e-01	   2.8515751259997957e-01	
