   0.0000000000000000e+00	   1.6210324669878409e+00	   1.4728433450145670e+00	   1.3420307721842415e+00	   9.8883091898036701e-01	   1.0015824085867384e+00	   1.3644907763830261e+00	   1.2365287029605456e+00	   1.2842190855402074e+00	   1.1100891352945406e+00	   1.3661565433306413e+00	   1.0122153744653162e+00	   1.1831964031495947e+00	   9.8705783742718167e-01	   1.0058738431075114e+00	   1.1090385048169071e+00	   1.2024712870846941e+00	   1.0256637674360656e+00	   1.7862915905760031e+00	   1.6732691901773897e+00	   6.9036277332858176e-01	   7.8192175240625417e-01	   1.2107464203854492e+00	   1.0768929345455267e+00	   1.0214915554334150e+00	   8.9325485175296615e-01	   8.7629753430988255e-01	   7.0277722891172711e-01	   8.1805745337040525e-01	   7.9215725248202995e-01	   1.1460273347765579e+00	   1.0760926442959782e+00	   1.7087816644037992e+00	   1.6900682902607158e+00	   9.6774599270084627e-01	   1.0290341695115677e+00	   3.6035810850375416e-01	   1.9266810751724753e-01	   6.6957208540571256e-01	   6.1535165265361735e-01	   4.7628044705129302e-01	   3.8105791223570851e-01	   1.1856725928312453e+00	   1.0184753612803905e+00	   1.1482483800340493e+00	   1.1234016051951559e+00	   1.1311876100634706e+00	   1.2713662403418216e+00	   9.9372351802883108e-01	   1.1292273231571350e+00	   1.0704235369264723e+00	   1.1191041536157544e+00	   1.2346890237102319e+00	   1.3062116268238866e+00	   1.0297233121998139e+00	   8.8757654930863716e-01	   2.2095026470609889e+00	   1.4241425573614184e+00	   1.4345214759807283e+00	   1.3889784414565567e+00	   1.4610650605860540e+00	   1.7258781853876617e+00	   1.5508856197086875e+00	   1.5492243601976985e+00	   1.0045637499386824e+00	   1.2711703118884625e+00	   1.2570808459623974e+00	   1.0516425158077620e+00	   1.0411039020035946e+00	   1.0342517767819730e+00	   5.0558736503253821e-01	   3.4350726501222645e-01	   7.7595573423317243e-01	   6.2258106574097793e-01	   9.1281324018211785e-01	   7.0116838902040746e-01	   1.1086412910741097e+00	   1.0848115774361906e+00	   1.2071182606425781e+00	   1.0704863146923347e+00	   1.4077869161720105e+00	   1.3322436449999606e+00	   1.1478467589207859e+00	   1.0010443543736232e+00	   9.0240262796678306e-01	   9.2333506474247062e-01	   6.5424250371744386e-01	   5.4639229214890617e-01	   1.1437686229987190e+00	   1.1584760671365180e+00	   1.4161527937486917e+00	   1.4278024938663900e+00	   1.1617910314532054e+00	   1.3051472972076255e+00	   3.0604599954161144e-01	  -9.1120919860899124e-02	   1.0208877682027404e+00	   6.1582864000014204e-01	   1.5721155753840428e+00	   1.5380935733882806e+00	   8.6501887011326262e-01	   1.4846263710953065e+00	   8.7936830391146814e-01	   1.1325561215990247e+00	   5.6763467745459095e-01	   5.0428166565389976e-01	   8.3644349855454558e-01	   8.2928275343754221e-01	   6.8827776473807556e-02	   2.7900744423394619e-01	   9.8601032697222024e-01	   1.3661920905781308e+00	   1.1574813084869158e+00	   1.0095070204242929e+00	   3.6621078835875820e-01	  -3.9196180946749160e-01	
   1.6210324669878409e+00	   0.0000000000000000e+00	   1.3014461714340888e+00	   1.3634510782374305e+00	   9.6614655781781522e-01	   9.4580885764951572e-01	   1.1527921619881845e+00	   1.2040124449355838e+00	   1.1551622828073076e+00	   9.6830984610948612e-01	   1.2581411524343893e+00	   1.0963351445747140e+00	   1.1789774776588322e+00	   1.0205225555682473e+00	   1.0328079054229320e+00	   1.0203959609270008e+00	   1.1029392522540655e+00	   1.1340995395378759e+00	   1.3798404525095544e+00	   1.4126678462891904e+00	   7.1307609437627961e-01	   7.7343255259007904e-01	   1.0449642813906816e+00	   9.6587852509129868e-01	   1.0110648795929378e+00	   9.0660401769906496e-01	   9.1549273021691047e-01	   7.3485769287217395e-01	   7.7109274013529439e-01	   9.3660295369675139e-01	   9.8455576998218008e-01	   9.1847507897109615e-01	   1.3484138783411448e+00	   1.3757318160321386e+00	   9.6438527649169437e-01	   9.9635841221497623e-01	   3.6813162489669082e-01	   2.4557617740023419e-01	   6.3633079077445664e-01	   6.2880415934108203e-01	   4.2947706030003407e-01	   3.9888926927945878e-01	   1.0181749013362396e+00	   9.1964487152202989e-01	   9.5908098015823184e-01	   9.6101405242266125e-01	   9.6663192454651992e-01	   1.1380973062593855e+00	   8.4757950292753459e-01	   9.8635451759255144e-01	   9.3043389689345524e-01	   1.0045196996346364e+00	   1.0515758136063598e+00	   1.1619809470966609e+00	   9.9716861963378167e-01	   9.8939369817299039e-01	   1.5214958058808488e+00	   2.1789905690195539e+00	   1.1315145142756353e+00	   1.2201751697647876e+00	   1.1473436006702966e+00	   1.4288292769057416e+00	   1.2790592508039555e+00	   1.4842651123446311e+00	   9.9624433520780920e-01	   1.1930387284263153e+00	   1.0518513721712353e+00	   9.3399023732968023e-01	   9.3293372156583654e-01	   9.4944221691885922e-01	   4.1351676888916000e-01	   3.0185324495813604e-01	   7.0715235836968526e-01	   6.9541108592690670e-01	   7.9242930470193285e-01	   6.6598615314710674e-01	   9.4167793544326628e-01	   1.0361730692434872e+00	   1.0703628161082244e+00	   1.2029132017694308e+00	   1.2042257655147386e+00	   1.3036001379710609e+00	   1.0982930106647470e+00	   9.2506478276207837e-01	   8.7266313665174466e-01	   9.0931259589573832e-01	   6.5402266787224805e-01	   5.5126799650742175e-01	   1.0934785909995670e+00	   1.1136099954386902e+00	   1.1470399944784615e+00	   1.2128091817473163e+00	   9.7485140913794843e-01	   1.1415746735261429e+00	   2.9016070956335632e-01	  -9.1475126823323580e-02	   1.0288513700008732e+00	   6.3558286664072561e-01	   1.2913889121647510e+00	   1.2690136580671825e+00	   6.7409740682363328e-01	   1.2082158628003825e+00	   7.3137982971111193e-01	   8.9861410191518676e-01	   5.5060956978203035e-01	   5.0991752067020968e-01	   6.7967867051460118e-01	   6.8306776970519489e-01	   5.6114074007090592e-02	   2.9995627867734109e-01	   1.0261773521187834e+00	   1.1654104925992717e+00	   9.5259616977501538e-01	   8.9316586876628823e-01	   2.8834687582266161e-01	  -3.8965153883972597e-01	
   1.4728433450145670e+00	   1.3014461714340888e+00	   0.0000000000000000e+00	   1.7650764076590515e+00	   1.1079724775461437e+00	   1.1139918392565846e+00	   1.7298394636521697e+00	   1.3924019117223247e+00	   1.2914223093615624e+00	   1.1009027980304085e+00	   1.2313603729679230e+00	   9.8719221636419396e-01	   1.2389624295969037e+00	   1.0500943111553835e+00	   1.2659005135583805e+00	   1.3573327794955596e+00	   1.0985435882682573e+00	   8.5611425714682343e-01	   1.5407066933914433e+00	   1.3869796359881279e+00	   8.2380779892364664e-01	   8.8625332023707359e-01	   1.6717203883924499e+00	   1.4592625091811107e+00	   1.1341016689782868e+00	   1.0392871192933182e+00	   1.0003914077396718e+00	   8.7342201208858139e-01	   9.1919421565838832e-01	   8.7242271023286744e-01	   1.4930281807712542e+00	   1.4546075463275936e+00	   1.4469736696818134e+00	   1.4969714529962042e+00	   1.0875666554112164e+00	   1.1137974542489957e+00	   4.3466937790342880e-01	   2.9022080043009241e-01	   7.1168607555368668e-01	   6.5832248759419965e-01	   4.8766184635265669e-01	   4.3655171032777085e-01	   1.0436029063028553e+00	   8.7661796513035850e-01	   8.8459771530450204e-01	   8.6750564397841834e-01	   1.0302111585135791e+00	   1.1234959438143191e+00	   8.7043478537332808e-01	   1.0183007556244017e+00	   1.1501328763519729e+00	   1.1396006492899846e+00	   1.2986932872927106e+00	   1.3692600998728390e+00	   1.1406927601404599e+00	   1.0327092195430940e+00	   1.2620193245787712e+00	   1.1338369303278895e+00	   1.1728873654989165e+00	   1.0195168850649079e+00	   1.1066510764029149e+00	   1.1921583252403536e+00	   1.2587391874614207e+00	   1.1957271851474702e+00	   1.0981783674322283e+00	   1.2648307547330397e+00	   9.9945922048086533e-01	   8.8920851134005208e-01	   7.7666109382428217e-01	   7.7208312378229249e-01	   6.8748432143725802e-01	   6.1413688935242616e-01	   8.8659117941674659e-01	   7.6916981310784382e-01	   1.0239253919544118e+00	   7.7105235181666454e-01	   1.2544185249974309e+00	   1.2780724106510775e+00	   1.3008147641601318e+00	   9.9406511667271946e-01	   1.3888627368978594e+00	   1.3223482144867704e+00	   1.3167091720935082e+00	   1.2236119238406753e+00	   1.1040901108385026e+00	   1.1844157822999963e+00	   7.9173108787746993e-01	   7.5462524767992134e-01	   1.2887234127027123e+00	   1.3453799372063491e+00	   1.2996507681596035e+00	   1.2928575109930187e+00	   1.2585386602093755e+00	   1.3691603355504303e+00	   3.2709963749818288e-01	  -6.0027030573544950e-02	   9.4787267818773879e-01	   6.3979367911850216e-01	   1.3208559302142753e+00	   1.3290810779721545e+00	   7.3891979229691163e-01	   1.4846231589380152e+00	   6.9838937874094931e-01	   9.7920969607157327e-01	   5.8056987192194243e-01	   5.3340412466640985e-01	   6.3057589575782669e-01	   6.7182954309240950e-01	   1.1525916017226905e-01	   3.4614095850790977e-01	   9.0110789674387215e-01	   1.0906525663353479e+00	   1.0818589020079434e+00	   1.0101380047651032e+00	   4.5399812980412613e-01	  -4.6071899867668270e-01	
   1.3420307721842415e+00	   1.3634510782374305e+00	   1.7650764076590515e+00	   0.0000000000000000e+00	   1.0956460716338789e+00	   1.1597198447287214e+00	   1.4472316735697430e+00	   1.6594246697259176e+00	   1.2628306804436951e+00	   1.1929476687739444e+00	   1.2041653206744196e+00	   1.0140347072588016e+00	   1.2698323826138997e+00	   1.0770317753249252e+00	   1.0483156918047352e+00	   1.2490629372153246e+00	   9.7431580248365468e-01	   7.8083348520063733e-01	   1.5551102795152731e+00	   1.5021646326163958e+00	   7.1485935247379295e-01	   8.2663845882799025e-01	   1.5158410423520949e+00	   1.6739107933532773e+00	   1.0900982530381869e+00	   1.1011902312322126e+00	   8.8110797420698916e-01	   8.7096945545770288e-01	   7.7271396946391513e-01	   8.2228372544312178e-01	   1.3101375361573191e+00	   1.3150616297052191e+00	   1.3358690441238010e+00	   1.4516938416388894e+00	   1.0243315360464162e+00	   1.1261788897429124e+00	   4.7132489826883556e-01	   3.6507982082311774e-01	   7.3215674706271683e-01	   7.4356420372535215e-01	   4.7384285284370053e-01	   4.8535074286517493e-01	   9.5136420372997954e-01	   8.0258586964243572e-01	   8.7203636673753737e-01	   8.7694497384100401e-01	   9.0670331904908297e-01	   1.0650872683430432e+00	   7.9099888097630255e-01	   9.2447613915193738e-01	   1.0043709778232079e+00	   1.0581348398902637e+00	   1.2125675485871799e+00	   1.2513689433165174e+00	   1.2095489201790395e+00	   1.0411632240360023e+00	   1.2094857075822538e+00	   1.1449953408142202e+00	   9.9920263594272452e-01	   1.0597013320401087e+00	   1.0132833948734692e+00	   1.3047762440427868e+00	   1.1175461957767474e+00	   1.2099240722215976e+00	   9.7554101093530410e-01	   1.4475305519573738e+00	   1.1136524808827086e+00	   1.0679325401735813e+00	   9.0444586128080706e-01	   9.1699036816786517e-01	   6.5202319855685842e-01	   5.8308291127504863e-01	   7.7436592638400448e-01	   6.9455312737606079e-01	   8.8300544601501629e-01	   7.1063616334179247e-01	   1.0805475709921530e+00	   1.2522075262316379e+00	   1.1395068569448930e+00	   9.0036850699897342e-01	   1.2196859263495998e+00	   1.2128517970430630e+00	   1.1220903162183014e+00	   1.2450808931975350e+00	   9.4448515283843371e-01	   1.2138257583066310e+00	   7.7436010918056797e-01	   7.8912294317157550e-01	   1.2810283465547414e+00	   1.3054872485115745e+00	   1.4456439764996825e+00	   1.3894865711119657e+00	   1.3890564503189808e+00	   1.3250200936554721e+00	   3.4407796053484613e-01	  -1.8094632300780115e-02	   1.0179251311827722e+00	   6.5238185576247321e-01	   1.3491102473921881e+00	   1.2925109422262060e+00	   8.7957523288392148e-01	   1.4972181343989484e+00	   7.2723994148913207e-01	   9.7491790359805597e-01	   6.4282399523016609e-01	   5.3987502159852230e-01	   7.0165995476675858e-01	   7.0127216495487033e-01	   1.1424515921782280e-01	   3.6763372641214109e-01	   1.0100117867683351e+00	   1.1434817994920661e+00	   1.1169563541544103e+00	   9.4798734333896917e-01	   4.1036837571237150e-01	  -3.5517285680418959e-01	
   9.8883091898036701e-01	   9.6614655781781522e-01	   1.1079724775461437e+00	   1.0956460716338789e+00	   0.0000000000000000e+00	   1.5674332741561379e+00	   1.0297536135711569e+00	   1.0493420077541797e+00	   1.3903394031924183e+00	   1.0318580154972574e+00	   9.5586298699943695e-01	   7.9498121308012726e-01	   9.3742467472655577e-01	   8.2792244935520043e-01	   1.0838630538161056e+00	   9.8187697438765342e-01	   9.2258549128074718e-01	   6.7997935280222266e-01	   9.6134905107437896e-01	   9.6185261952020529e-01	   8.0501515084246178e-01	   1.0428732195674495e+00	   9.4043601103754082e-01	   8.9491464075268723e-01	   1.4066973449409650e+00	   1.3783111338032068e+00	   1.2353949978835612e+00	   1.2385844950166747e+00	   7.2730126477289747e-01	   7.1748889613445443e-01	   1.0286742573278300e+00	   8.6254173476156049e-01	   1.0362472647697447e+00	   1.0823185118375445e+00	   1.0326479029273232e+00	   1.0805034385251937e+00	   3.6012571399885507e-01	   2.9277129711555283e-01	   7.2000821856501063e-01	   6.3433356168511934e-01	   3.1295676345968848e-01	   3.2555236008064964e-01	   8.7819624475146219e-01	   7.5043406468589668e-01	   7.9122461965867530e-01	   7.9899926748824734e-01	   8.7830827898753272e-01	   9.5290055833204323e-01	   7.2973613657766256e-01	   8.6024957365741450e-01	   9.1242041135206364e-01	   9.5685021779929169e-01	   9.3620208754179124e-01	   1.0623785315075966e+00	   1.1293494547549821e+00	   1.0395917874483429e+00	   9.5957388911418207e-01	   8.4669835434430218e-01	   9.6554846361755708e-01	   8.6892879195510142e-01	   8.1730706417244348e-01	   8.6497533758686607e-01	   8.2065945508338878e-01	   8.1857461418029998e-01	   9.8610404093129134e-01	   9.8134664686840734e-01	   8.4102051439927195e-01	   7.9029218494187869e-01	   6.3358781661678898e-01	   6.8054365612964474e-01	   5.2124752255325091e-01	   5.0357530261296080e-01	   7.6457385264672095e-01	   7.3700427641344901e-01	   7.8775664660907141e-01	   7.2464936747983399e-01	   9.7309167759474224e-01	   8.8677781681053069e-01	   9.0722294030944495e-01	   7.6364176166412290e-01	   1.0562257102414643e+00	   9.4006142950725369e-01	   9.3914579937960441e-01	   8.9452108320819201e-01	   9.7961768611037514e-01	   1.0390923914795414e+00	   6.2856984831683715e-01	   5.5921866464423653e-01	   1.2157762750888410e+00	   1.1426499846432729e+00	   9.6493956047241281e-01	   8.9395108070774265e-01	   1.0840317055157376e+00	   9.9097388944944764e-01	   4.4329707937223023e-01	   7.1383144735130910e-02	   9.5929641669939492e-01	   7.4401889811058797e-01	   1.0430341008472892e+00	   1.0048284578094389e+00	   6.7099601775620821e-01	   9.9904126077008715e-01	   5.4869590969272530e-01	   5.9066182928212296e-01	   4.3822223559703932e-01	   3.3125680185191997e-01	   4.7391999421435993e-01	   4.6070625480357624e-01	   1.9332821878315382e-01	   4.7432555742957977e-01	   8.5512888850339341e-01	   8.3450781076012825e-01	   7.9425563988077630e-01	   8.2801890430835345e-01	   3.2315179396869470e-01	  -4.4567929715355337e-01	
   1.0015824085867384e+00	   9.4580885764951572e-01	   1.1139918392565846e+00	   1.1597198447287214e+00	   1.5674332741561379e+00	   0.0000000000000000e+00	   1.0971803782643013e+00	   1.1116796330702987e+00	   1.2544602469835677e+00	   1.2288036111374476e+00	   8.9478430328808711e-01	   8.1424477652046401e-01	   8.5395943839606681e-01	   8.7208549832315418e-01	   9.2815616045106586e-01	   1.0966289993305915e+00	   8.1150279311487306e-01	   6.4841266187764779e-01	   9.1158937820397390e-01	   8.8180582268883345e-01	   8.5070683668648828e-01	   1.0670029274843829e+00	   9.8520751417843244e-01	   9.9403338094179239e-01	   1.3053655402930249e+00	   1.2786760440481015e+00	   1.1503686263413053e+00	   1.2728779958678749e+00	   5.8123535808918281e-01	   7.1114503732698875e-01	   9.6335432393092524e-01	   8.6747802396627960e-01	   9.1303180997954558e-01	   9.5651981841747624e-01	   1.0144200989090495e+00	   9.9464835449964073e-01	   2.5007060846001028e-01	   2.3990457284284647e-01	   5.8138600487928938e-01	   5.8199044086460650e-01	   2.8140423794698405e-01	   3.0001156082673563e-01	   8.5484751205634102e-01	   7.5204020700720353e-01	   7.1198864896278902e-01	   7.0962241606679277e-01	   8.3850434934016149e-01	   8.9354253511395010e-01	   7.3714649814509381e-01	   8.6652458251309594e-01	   9.4720359924897779e-01	   9.7671896132765434e-01	   1.0131297402817352e+00	   1.1275394859783276e+00	   9.9386744292993445e-01	   1.0723532567625926e+00	   9.6280752369261446e-01	   8.2834971480417041e-01	   9.5629109264341139e-01	   8.2542322704079440e-01	   8.3054621442477128e-01	   8.7124497062393069e-01	   8.1693595850363998e-01	   8.5513515003217200e-01	   1.0519243936437310e+00	   1.0820363226830441e+00	   7.7505478611893575e-01	   7.2182935638906609e-01	   5.5354516392269204e-01	   5.8991258617852360e-01	   5.6740718829766879e-01	   6.1380830492947036e-01	   6.9139409519551809e-01	   7.3551584891309729e-01	   7.4876618355544733e-01	   7.6473266740766577e-01	   9.1178280992075744e-01	   8.6217778601079098e-01	   8.2218134098864915e-01	   7.2764131195206372e-01	   9.6525733379413015e-01	   9.0907580156715895e-01	   8.4320865957003033e-01	   8.8391589422121830e-01	   9.3806089345547938e-01	   1.0960435690967474e+00	   5.7456842115829443e-01	   6.1570243467039276e-01	   1.1547168327062962e+00	   1.3028576429410799e+00	   9.1506530297431055e-01	   9.0737914606249359e-01	   1.0609777203491249e+00	   9.7947247616961186e-01	   3.0867854898256036e-01	  -2.9087100114385703e-02	   7.4483335246593529e-01	   6.0585136117429339e-01	   9.6844218257241621e-01	   9.9868122731115849e-01	   6.0667538950504940e-01	   1.0506129281450671e+00	   5.0284663894188986e-01	   6.5445089698348147e-01	   4.0945005521224404e-01	   3.7918568424607491e-01	   3.7100275431029062e-01	   4.1494344035453407e-01	   1.7335103928030954e-01	   3.2511952292686214e-01	   6.8054232726207320e-01	   7.4925518587017215e-01	   7.3867022193929532e-01	   7.4793146625366080e-01	   3.1490609295992289e-01	  -4.6776733395208081e-01	
   1.3644907763830261e+00	   1.1527921619881845e+00	   1.7298394636521697e+00	   1.4472316735697430e+00	   1.0297536135711569e+00	   1.0971803782643013e+00	   0.0000000000000000e+00	   1.6714465720928058e+00	   1.4741961342376515e+00	   1.3205780072926867e+00	   1.4655944535449943e+00	   1.1587913225619153e+00	   1.4500532955409162e+00	   1.1926856690084047e+00	   1.1319253824494855e+00	   1.4774270947425605e+00	   8.9269500118197942e-01	   7.6804468637049295e-01	   1.3155597290034340e+00	   1.1845942335907431e+00	   6.6429121174732331e-01	   7.7239157758158528e-01	   1.4544005693754096e+00	   1.2827432985250076e+00	   8.9718456352256504e-01	   8.3793530314092191e-01	   7.1585834987405372e-01	   6.5885463116772758e-01	   8.5989197822847652e-01	   8.5202595282956328e-01	   1.4004750776456112e+00	   1.4631425211132476e+00	   1.3726967725785357e+00	   1.4371587043258349e+00	   8.4194546497429701e-01	   9.4305051904607440e-01	   2.6534226780673942e-01	   1.9182186544441776e-01	   5.4144015324746775e-01	   5.3550318505584737e-01	   3.6819684381746665e-01	   3.7205190048176451e-01	   1.2297383499848700e+00	   1.0340060224268552e+00	   1.0440933149264209e+00	   9.9706709800189386e-01	   1.1980302486057894e+00	   1.2172863975271089e+00	   1.0946586498064055e+00	   1.2067130921813916e+00	   1.4129662414559332e+00	   1.3615726319499619e+00	   1.5122477486447048e+00	   1.4305015788271771e+00	   1.0430585059508739e+00	   1.0043859651782761e+00	   1.1178948048749657e+00	   9.2687211469267972e-01	   1.3307244256699227e+00	   9.0826182221851259e-01	   1.4482266773454102e+00	   1.2550753015885583e+00	   1.3225453452999880e+00	   1.2094663655319207e+00	   1.1571528167578438e+00	   1.4784723720954305e+00	   1.0222261259238490e+00	   8.6931454073930214e-01	   6.6425668412312433e-01	   6.7118941734128135e-01	   7.3115197147747479e-01	   6.2538888156723516e-01	   8.9248534550725311e-01	   7.7515150299401081e-01	   1.0739196038027270e+00	   8.8273979025377858e-01	   1.2761886186515485e+00	   1.2198772390926935e+00	   1.1575200913166104e+00	   8.8729683950372229e-01	   1.2770632570326421e+00	   1.1591423563764740e+00	   1.0032196219004390e+00	   1.1623965217132195e+00	   9.4454933872660074e-01	   1.0326201038214846e+00	   5.6834750875869522e-01	   5.8552617832764942e-01	   1.0747025928484997e+00	   1.2545367365177904e+00	   1.2767215285973295e+00	   1.1554030800051738e+00	   1.1615789335131299e+00	   1.1005007943967460e+00	   2.9333886235327161e-01	  -8.9614781918898448e-02	   8.4237628972963574e-01	   6.1199839397810574e-01	   1.3293633831349727e+00	   1.3600920356847108e+00	   8.2456294871159352e-01	   1.4087904063226395e+00	   7.3562069838506383e-01	   1.0186644171958250e+00	   4.8393563442600485e-01	   4.2367051416854773e-01	   5.7042557742095790e-01	   6.1065541962480574e-01	   1.1577658519669387e-01	   2.9699169691171090e-01	   7.8244152354656837e-01	   1.0876526059922074e+00	   1.1193320792175341e+00	   9.1523858410528314e-01	   4.6340660724031663e-01	  -4.8601332490327398e-01	
   1.2365287029605456e+00	   1.2040124449355838e+00	   1.3924019117223247e+00	   1.6594246697259176e+00	   1.0493420077541797e+00	   1.1116796330702987e+00	   1.6714465720928058e+00	   0.0000000000000000e+00	   1.5010912407502068e+00	   1.4820930391316174e+00	   1.3114700233437508e+00	   1.3447187943627481e+00	   1.3876710821774465e+00	   1.3844928104044083e+00	   9.3326605009181252e-01	   1.2402533279110421e+00	   8.0756550126514570e-01	   7.9649097080665832e-01	   1.2205167862099380e+00	   1.1677176676326977e+00	   5.6993456974289070e-01	   6.8239988965262277e-01	   1.2664868860711107e+00	   1.2930424019243898e+00	   9.8237287437094523e-01	   9.2247785254319503e-01	   7.0387208696590797e-01	   6.6330548633502162e-01	   6.8856453031543619e-01	   8.7940179110576266e-01	   1.2547021325329037e+00	   1.3680436323259850e+00	   1.2659405638268864e+00	   1.3621011180598213e+00	   8.8191583852838196e-01	   1.0498273632057313e+00	   3.1815453121120713e-01	   2.7119298812447207e-01	   5.8305699718875181e-01	   5.9399267906627529e-01	   3.3693440147305465e-01	   3.9610482731363966e-01	   1.0678234691701569e+00	   9.0029105751866767e-01	   1.0073472904115013e+00	   9.9606811168580156e-01	   9.9145920374580088e-01	   1.0758826090127716e+00	   9.4828463236538962e-01	   1.0153663977610115e+00	   1.1856381837712806e+00	   1.2027310144513466e+00	   1.2548484469729408e+00	   1.1565729881547073e+00	   1.1139894092312683e+00	   9.9566749811170219e-01	   1.0672619467534981e+00	   9.5290727728914926e-01	   1.0718195593877515e+00	   9.1717190090124978e-01	   1.3113096942903721e+00	   1.3907092135303756e+00	   1.1182799169877780e+00	   1.2878236296045100e+00	   1.0793630460832861e+00	   1.7772210005796800e+00	   1.1176971666694424e+00	   1.0481505454633622e+00	   7.4269044729850109e-01	   7.6537097535010479e-01	   6.4852807550489100e-01	   5.4033477602131930e-01	   7.7366985182070158e-01	   6.8648713431637554e-01	   9.1223034940416381e-01	   7.7100288259161842e-01	   1.1166866833096549e+00	   1.2143550644981314e+00	   9.8626831335055032e-01	   8.6775252583876883e-01	   1.0602555811848915e+00	   1.1213365996485216e+00	   8.2288906057142475e-01	   1.0817101021413675e+00	   7.9595489523589824e-01	   1.0631775394508589e+00	   5.5584319689691608e-01	   5.9111559580859852e-01	   1.0404386592436732e+00	   1.1255068174296290e+00	   1.2991277277398479e+00	   1.1315894852592079e+00	   1.2057331725541842e+00	   1.0459358518260347e+00	   3.1587201010207033e-01	  -4.5237755095929873e-02	   9.3172256281459553e-01	   6.7020674626604104e-01	   1.2892413635247768e+00	   1.2606033320753491e+00	   9.8951242294326947e-01	   1.3979435855091882e+00	   7.9146628622584603e-01	   1.0066508428354448e+00	   5.7617512632334078e-01	   4.6648613555359625e-01	   6.4494703499337691e-01	   6.3813844239619533e-01	   9.0738488532186745e-02	   3.1559809392099697e-01	   9.3256569154961599e-01	   1.1408098510773046e+00	   1.1110847839672806e+00	   8.6912162628380885e-01	   4.1122613623033666e-01	  -3.8113342871548878e-01	
   1.2842190855402074e+00	   1.1551622828073076e+00	   1.2914223093615624e+00	   1.2628306804436951e+00	   1.3903394031924183e+00	   1.2544602469835677e+00	   1.4741961342376515e+00	   1.5010912407502068e+00	   0.0000000000000000e+00	   1.4333155950444543e+00	   1.2900422290249500e+00	   1.0739304206674920e+00	   1.2238514271829135e+00	   1.1095707117388944e+00	   1.1331899955175051e+00	   1.2045930109565792e+00	   9.7435835846149232e-01	   8.2587095355139650e-01	   1.1884552947264968e+00	   1.1445193088670649e+00	   7.5969608876484274e-01	   8.2743999220009967e-01	   1.0685592146721370e+00	   9.8582452496164363e-01	   1.0897860958933165e+00	   9.2675864473144820e-01	   8.9607458699036058e-01	   7.2673425052745610e-01	   7.1176021656124466e-01	   8.2084577735437381e-01	   1.1182259440681024e+00	   1.1248298536314409e+00	   1.2901876078381713e+00	   1.3674400463448388e+00	   9.4954748360445640e-01	   1.1176173792390505e+00	   2.3882442921725000e-01	   1.8692866497083083e-01	   5.2853017008533143e-01	   5.0872265016193818e-01	   2.6093465572958907e-01	   2.7981968885060399e-01	   1.1689388465689687e+00	   9.6992919144229706e-01	   1.0619297340917493e+00	   1.0457406845173269e+00	   1.1211009919574018e+00	   1.1557696947700251e+00	   9.4840013987832328e-01	   1.0891166851558463e+00	   1.1317418176349352e+00	   1.1598469385853025e+00	   1.1171395099726165e+00	   1.2100643165684917e+00	   1.0058924547037673e+00	   9.2233876137568327e-01	   1.1510699839350345e+00	   9.5142359731029214e-01	   1.2328236453297801e+00	   1.0269197987768319e+00	   1.3807179411318575e+00	   1.3391337845577829e+00	   1.2039287129778682e+00	   1.1615887722255183e+00	   1.1939732106775189e+00	   1.3630223201507274e+00	   1.1031302913332011e+00	   9.7384576546874990e-01	   7.3720447977915915e-01	   7.8571226349899093e-01	   5.6671496340770955e-01	   4.8367447095675475e-01	   7.5283502991336548e-01	   7.1324583330396785e-01	   8.7660377976432269e-01	   7.9479880338583031e-01	   1.1431056493147822e+00	   1.0646769910867571e+00	   1.0220810997338949e+00	   9.0158167239538201e-01	   1.1639984869241153e+00	   1.1190021237647494e+00	   8.9115068139299713e-01	   9.3124210557043430e-01	   8.6780710371080749e-01	   9.5281654608529431e-01	   4.7656177549296452e-01	   4.3547901957718371e-01	   1.0453617764797103e+00	   1.1256751156909310e+00	   1.2365751473596021e+00	   1.1357633178307271e+00	   1.1932669788791277e+00	   1.0494326231755051e+00	   3.1994832311977228e-01	  -7.2101221061282805e-02	   9.1140305896145202e-01	   6.4591115156825318e-01	   1.3015581385008255e+00	   1.2476867593919791e+00	   8.4762492393823063e-01	   1.2830458480087119e+00	   7.4042344849120101e-01	   8.8723650602499138e-01	   4.7038636029655556e-01	   3.4960295265870950e-01	   5.9668083811312345e-01	   5.6843160328296971e-01	   6.6939614433417768e-02	   3.4369023312027575e-01	   8.6819498145455054e-01	   1.0878155873627393e+00	   1.0418921792762685e+00	   8.9394928072205038e-01	   3.4249685999095114e-01	  -5.1293213576942365e-01	
   1.1100891352945406e+00	   9.6830984610948612e-01	   1.1009027980304085e+00	   1.1929476687739444e+00	   1.0318580154972574e+00	   1.2288036111374476e+00	   1.3205780072926867e+00	   1.4820930391316174e+00	   1.4333155950444543e+00	   0.0000000000000000e+00	   1.1556903903355042e+00	   9.2691965818943678e-01	   1.0653582277872928e+00	   9.7252473079256896e-01	   8.0011428675666618e-01	   1.2103246039439981e+00	   8.1072050014246988e-01	   6.5853919647325043e-01	   9.6414720004451204e-01	   9.3252536754614590e-01	   6.1101163284848592e-01	   7.1005297266618084e-01	   9.9964605319336564e-01	   9.6111020019516591e-01	   9.0086530581751989e-01	   8.2377533552967208e-01	   6.3240834550617575e-01	   6.0969037333394405e-01	   6.7279280360700910e-01	   7.9718000785254639e-01	   1.0551112440637700e+00	   1.1816399415200325e+00	   1.0605977078693198e+00	   1.1143397610136336e+00	   6.9097230138013865e-01	   7.7386929568811313e-01	   1.8154803944281558e-01	   1.4408815144441703e-01	   4.3899142622110948e-01	   4.3071669248645061e-01	   2.3189394910004277e-01	   3.1423923760646844e-01	   9.7295273655886794e-01	   8.3866675481998576e-01	   9.2210255586815859e-01	   8.9884234656527917e-01	   9.3658650940211152e-01	   9.4988208534563334e-01	   8.3613605085800835e-01	   8.7426048612021789e-01	   9.3758894451988140e-01	   9.0489787107305419e-01	   9.3439969536774159e-01	   9.1971361309427346e-01	   8.1873863243373135e-01	   8.5358327277892665e-01	   1.0162368663242496e+00	   7.9446006878581688e-01	   9.3317539476029898e-01	   7.5291458412840040e-01	   1.2346033885376080e+00	   1.1437904401645016e+00	   1.0351455433375187e+00	   1.1012492116962604e+00	   9.8076920830216152e-01	   1.2881142027124672e+00	   8.7242379120625313e-01	   7.9331620482587806e-01	   5.7417760317697730e-01	   5.9077826057019678e-01	   6.6666188104232305e-01	   6.2918074176012473e-01	   7.7354423819808715e-01	   7.0290354202435479e-01	   8.8210912107825612e-01	   7.9171743445764364e-01	   9.9334742441787904e-01	   1.0572657183820846e+00	   8.6508834704435844e-01	   6.9781655723298486e-01	   9.2682731498036897e-01	   8.7975309379550093e-01	   6.6193483086501281e-01	   8.3422020077163950e-01	   6.4669062884292861e-01	   7.6926268962707223e-01	   3.9967663492386218e-01	   3.9063151199069862e-01	   8.9210986704136208e-01	   1.0323770137181918e+00	   9.9523891866160552e-01	   8.9173042284721027e-01	   9.9962296134277040e-01	   8.7316293887073337e-01	   3.0595689624098837e-01	  -8.0418325909846794e-02	   7.5797987914121900e-01	   6.0244730929432333e-01	   1.0399231219732274e+00	   1.1117218787806271e+00	   8.7975748214222671e-01	   1.2224140406812309e+00	   7.2402336365352815e-01	   9.0895710741938140e-01	   4.2841508792958038e-01	   3.7870927920510755e-01	   5.2937186413193926e-01	   5.3751055639706902e-01	   1.2612598636671843e-01	   3.3769288341355858e-01	   7.6608448005089502e-01	   9.6968343582961658e-01	   8.8248041604683236e-01	   6.8367306340527068e-01	   3.0701736442114008e-01	  -3.8757265812519592e-01	
   1.3661565433306413e+00	   1.2581411524343893e+00	   1.2313603729679230e+00	   1.2041653206744196e+00	   9.5586298699943695e-01	   8.9478430328808711e-01	   1.4655944535449943e+00	   1.3114700233437508e+00	   1.2900422290249500e+00	   1.1556903903355042e+00	   0.0000000000000000e+00	   1.1751121578621981e+00	   1.9750922582403698e+00	   1.2388330299447639e+00	   1.1644259369345169e+00	   1.3418245004680092e+00	   1.1501546306885213e+00	   9.1445873714328596e-01	   1.2833017691084523e+00	   1.2286747014547466e+00	   6.0063901917983065e-01	   6.9360350220111011e-01	   1.1213963448254951e+00	   9.8826364256293187e-01	   8.2295652868217406e-01	   8.0470343242348463e-01	   6.8423968518662115e-01	   5.8909442433493497e-01	   1.0998079615371137e+00	   9.7577853371874801e-01	   1.2461974434283758e+00	   1.1868271975760805e+00	   1.4860931719377029e+00	   1.4800749060822418e+00	   7.2467103268167743e-01	   8.3028740061030848e-01	   3.5895578088989583e-01	   2.3437019071574516e-01	   6.2095923570549916e-01	   5.5429573385778141e-01	   4.6683347693907556e-01	   4.0680901348938586e-01	   1.1842069021182404e+00	   1.0031479507612613e+00	   1.0643390643469528e+00	   1.0114878367500721e+00	   1.1557608420966103e+00	   1.2811896021913796e+00	   1.0123608397494246e+00	   1.1120225434976525e+00	   1.1099077315584880e+00	   1.1557777073262390e+00	   1.1671192323753556e+00	   1.1203336260809895e+00	   1.0882494003619394e+00	   9.4982949071567058e-01	   1.2570817833687495e+00	   1.0399227831076907e+00	   1.2373520839224506e+00	   9.7119471253375855e-01	   1.5430651434592682e+00	   1.4208687642628819e+00	   1.4400434252296965e+00	   1.2912049383582951e+00	   9.2974587329012515e-01	   1.2507159255321465e+00	   9.6269706960535584e-01	   8.3711160190204370e-01	   7.4570576772606767e-01	   7.6327309519412123e-01	   6.7031429720126701e-01	   4.6697545397510104e-01	   9.3949884247504534e-01	   7.4262866474916789e-01	   1.0518088217392287e+00	   7.4598777835118568e-01	   1.2193021269134434e+00	   1.1262376522626310e+00	   1.3559900159195424e+00	   1.0147439482822620e+00	   1.4293192591872041e+00	   1.2070123105276895e+00	   1.0624999697275981e+00	   1.1225733152049786e+00	   8.6236620005348896e-01	   8.4736314291496251e-01	   5.4738177034762048e-01	   4.8036635423436602e-01	   1.0571405489340358e+00	   1.1230266351071152e+00	   1.1525497140238878e+00	   1.0306776337428643e+00	   9.2849969237049612e-01	   8.7285576772816564e-01	   3.3288226093521828e-01	  -1.1159208101799273e-01	   9.8874607724392460e-01	   6.2513147968760441e-01	   1.3164346105695446e+00	   1.2702045674375118e+00	   8.9501324703078755e-01	   1.1582874301611876e+00	   8.4181639643376738e-01	   9.8251338389402765e-01	   4.6635872277722124e-01	   3.5522305821586292e-01	   6.2568370759709280e-01	   5.8524757925203397e-01	   5.8460465782369193e-02	   3.5919043462211797e-01	   9.2424830457121665e-01	   1.0531572078044980e+00	   9.1867432026927331e-01	   7.6946078582449140e-01	   3.2444555518585416e-01	  -4.3409859397290429e-01	
   1.0122153744653162e+00	   1.0963351445747140e+00	   9.8719221636419396e-01	   1.0140347072588016e+00	   7.9498121308012726e-01	   8.1424477652046401e-01	   1.1587913225619153e+00	   1.3447187943627481e+00	   1.0739304206674920e+00	   9.2691965818943678e-01	   1.1751121578621981e+00	   0.0000000000000000e+00	   1.1872964767999052e+00	   1.9173942970396758e+00	   8.5252447725712099e-01	   1.0242904630489917e+00	   6.6459127658326222e-01	   1.1777666850904411e+00	   9.1474839960503018e-01	   8.8997320953851722e-01	   4.5854732249084201e-01	   5.6745093027525417e-01	   9.1026950939286277e-01	   8.5375103364834726e-01	   7.7226918018739432e-01	   7.0522562568257985e-01	   6.2443946464825650e-01	   5.3576019621890070e-01	   6.0719212191556216e-01	   1.0455152287675795e+00	   9.3102242167865557e-01	   9.2435087854370868e-01	   9.9273752237470370e-01	   1.0143990291211711e+00	   7.2542142473905691e-01	   8.4190598323109767e-01	   2.1015395934578748e-01	   1.8681951364449806e-01	   4.4026494501170405e-01	   4.5495686375395955e-01	   2.9520029388741126e-01	   3.0272345350629770e-01	   9.9237688751412412e-01	   9.0135479569400812e-01	   8.8894679103988827e-01	   8.6313651818936410e-01	   8.7218829765773098e-01	   9.1932083612777371e-01	   9.3780165960323936e-01	   9.6218941798125024e-01	   1.0905311484649525e+00	   1.1577511043246893e+00	   1.0793780510514051e+00	   9.4900577592446789e-01	   9.0029037241131893e-01	   8.3539692772307328e-01	   8.7421085673934940e-01	   9.1289202963656602e-01	   1.0282598681167570e+00	   7.9023629754439817e-01	   1.1614643947758174e+00	   1.1195173545082422e+00	   9.6932288936878253e-01	   1.2434481638055686e+00	   9.4944521892912548e-01	   1.3091269344482956e+00	   8.5896707201031663e-01	   7.8801807288498127e-01	   6.2165215790269224e-01	   6.2876808430332698e-01	   4.4297305549544841e-01	   2.6888885705450416e-01	   6.4103659267872137e-01	   6.5152080009505386e-01	   7.4593128980988577e-01	   6.8711992560395896e-01	   8.3256893419794820e-01	   8.4297508753838291e-01	   8.1449141132599889e-01	   1.1254208804532055e+00	   8.6739292790771683e-01	   1.1562198641084285e+00	   7.2525059762072674e-01	   8.6449059385504490e-01	   6.8538832566342667e-01	   9.0102650684698005e-01	   4.2952553711965380e-01	   4.8039389518158715e-01	   8.1004056501208699e-01	   8.9668945196991834e-01	   9.3939301210539317e-01	   8.9174953696753922e-01	   7.8711043502234990e-01	   7.4654986033475312e-01	   1.4466656483866686e-01	  -1.7278271088942695e-01	   7.0458974399193741e-01	   5.2351702018988489e-01	   9.8870807631926605e-01	   9.8341466206119688e-01	   7.2445698852557294e-01	   9.6347829874530022e-01	   7.6221727224475799e-01	   9.2093929325735346e-01	   5.0437277705903305e-01	   4.5705534753117927e-01	   5.3626626227805929e-01	   5.2096489474955188e-01	   1.1406395616551884e-02	   1.3578677846928663e-01	   7.1622606423014701e-01	   8.8546342175780268e-01	   8.4410541034086184e-01	   8.7050609926220546e-01	   5.4187096070008423e-01	  -2.9212567020688801e-01	
   1.1831964031495947e+00	   1.1789774776588322e+00	   1.2389624295969037e+00	   1.2698323826138997e+00	   9.3742467472655577e-01	   8.5395943839606681e-01	   1.4500532955409162e+00	   1.3876710821774465e+00	   1.2238514271829135e+00	   1.0653582277872928e+00	   1.9750922582403698e+00	   1.1872964767999052e+00	   0.0000000000000000e+00	   1.3263389203478795e+00	   1.2656516400737416e+00	   1.3537521679586093e+00	   1.0174000757148360e+00	   8.7283318758490802e-01	   1.2042877374965695e+00	   1.1489302768741978e+00	   5.2561078601642186e-01	   6.3736772533693098e-01	   1.1851405873460332e+00	   1.1164199527001817e+00	   8.2154007394426820e-01	   8.5813743607696191e-01	   6.6498710237797287e-01	   6.0779452444395088e-01	   1.1484152733343778e+00	   1.0274151512111029e+00	   1.3602187097356244e+00	   1.2877901459777612e+00	   1.4111063020000780e+00	   1.4282012623816673e+00	   7.3320685496791405e-01	   7.9923673234866555e-01	   4.8089566020842323e-01	   3.3914460080285896e-01	   6.9363420170190193e-01	   6.5470663776683657e-01	   5.6038076147331173e-01	   5.0630112172516117e-01	   1.0507651032324896e+00	   8.6864760371630934e-01	   9.5210528335659650e-01	   9.1305586218901724e-01	   1.0105940529919182e+00	   1.1640855062229098e+00	   9.1644310591136491e-01	   9.9366903573207344e-01	   1.0541463056068534e+00	   1.0994024696582536e+00	   1.1547082077497255e+00	   1.0365574567452149e+00	   1.2392696953042943e+00	   1.0004569430452541e+00	   1.0776057230324900e+00	   9.7861543676717089e-01	   1.0685170544761402e+00	   8.5767408542922641e-01	   1.3062513768247550e+00	   1.2939566263063724e+00	   1.2469138925007794e+00	   1.1802467719363465e+00	   9.2972830350688584e-01	   1.3354692255687279e+00	   9.3064389842884176e-01	   8.3570559969904690e-01	   7.1957915081549351e-01	   7.3189736048304588e-01	   6.7889021180968656e-01	   4.3840027775887480e-01	   9.2012218696403913e-01	   7.5494975485270610e-01	   1.0501117466899177e+00	   7.3121281033311414e-01	   1.1895759804222519e+00	   1.1814581818706187e+00	   1.3154010270102925e+00	   1.0075948342385488e+00	   1.3350980703911166e+00	   1.2007658325247175e+00	   1.1283969198655086e+00	   1.2464980424502734e+00	   9.3352423002462503e-01	   9.6411897142021363e-01	   6.5984202070451370e-01	   6.2591916327027619e-01	   1.1074421347173637e+00	   1.0917892091190102e+00	   1.1061929183487018e+00	   9.8639743918766543e-01	   9.0974654352881301e-01	   8.7018579561835174e-01	   3.6442297088953401e-01	  -8.3811034601302417e-02	   1.0362763712147209e+00	   6.7085215344530535e-01	   1.2274193384238561e+00	   1.1873270541010805e+00	   8.9763668012640851e-01	   1.1674290484074166e+00	   7.9429622993340188e-01	   9.6624175097801246e-01	   5.6389383094015899e-01	   4.2227041897524753e-01	   6.4094821672341251e-01	   5.8689841877889337e-01	   5.7872601409697813e-02	   3.7402961903566845e-01	   9.6660327622323194e-01	   1.0516622042989996e+00	   9.3375999934441622e-01	   7.9093633908655869e-01	   3.9909541451740826e-01	  -3.3583241712929474e-01	
