   0.0000000000000000e+00	   8.7463644518478201e-01	   3.7423003609879163e-01	   2.5355383235522627e-01	   2.0691743265992707e-01	   2.1659803884863812e-01	   3.1856537314409639e-01	   2.0182412404859482e-01	   1.8355091815362515e-01	   1.0129473118744775e-01	   6.5394975086131812e-01	   4.2061018629022590e-01	   4.2264992915748406e-01	   2.9327711260024425e-01	   3.6521898738220249e-01	   2.1273628185148474e-01	   3.6441370494162351e-01	   3.9605233982684990e-01	   8.2336396923095512e-01	   5.6901003030783714e-01	   1.8376662250880027e-01	   4.8829075031284662e-02	   1.2689650148064495e-02	  -4.0721203019933400e-02	   9.8538714983964437e-02	   7.0311852411040779e-02	   1.7183610612106046e-01	   1.8892431837769608e-01	   5.0028824170729069e-01	   4.2405643940075471e-01	   1.9494198721415099e-01	   1.2401190068730168e-01	   8.3218787171471575e-01	   6.6323906058577120e-01	   4.8968496663401050e-02	   1.6246556718260727e-01	   3.7104111594222217e-01	   3.9133925457677160e-01	   6.2640740892684577e-01	   5.1556021140263109e-01	   2.6928587278176841e-01	   4.5877296707599791e-01	   3.9732335765542692e-01	   4.3685278361505497e-01	   1.9292365135530648e-01	   2.5349409355875657e-01	   4.4399052718882653e-01	   4.7663523520862383e-01	   1.9839512867967052e-01	   2.5448451493724678e-01	   3.3572646271483886e-01	   3.3713891085364767e-01	   4.4521068717998369e-01	   2.1999565939476218e-01	   6.9535866723538398e-01	   5.7352735096151530e-01	   8.4395939243192553e-01	   8.9523524999444937e-01	   5.4070091504101647e-01	   4.2951541567082502e-01	   6.2246559588959094e-01	   3.5377344950891837e-01	   6.7792563677281137e-01	   5.7102733450798415e-01	  -3.1011181569419705e-02	   1.9128365427383914e-01	   3.3946056929200163e-01	   2.7614188288721514e-01	   7.7401917696957168e-01	   5.3070654900909220e-01	   4.1967157701958269e-01	   2.4967009417277658e-01	   7.0932520914888242e-01	   3.2147269423538627e-01	   8.2002773668161999e-01	   6.1706817201317843e-01	   5.3207583291445038e-01	   5.8754438408504861e-01	   3.2616856332341493e-01	   3.4985462013710189e-01	   6.6585554203228070e-01	   3.4778028142107631e-01	   4.7542932558080286e-01	   4.6244917183639878e-01	   3.2332078983974183e-01	   1.4097297726007540e-01	   2.9503881037389490e-01	   1.1805518115199592e-01	   7.0381819165328763e-01	   5.0160472194315342e-01	   3.1581946786922277e-01	   3.1810241397396477e-01	   1.5954494817420375e-01	   1.6480925326211374e-01	   3.8187768950089285e-01	   3.4524575509952432e-01	   6.5653572813226813e-01	   7.5491168886678961e-01	   6.2608474251823409e-01	   6.0697830138945685e-01	   4.4119112042631464e-01	   4.9849837792132112e-01	   6.8550540251208592e-01	   7.7707961763656264e-01	   2.6193241558820540e-01	   1.8464668683472144e-01	   5.5763292353290139e-01	   5.6146783375232268e-01	   1.3799190927114904e-01	   6.2361301417119330e-01	   4.7459544444720236e-01	   5.7523305576608852e-01	   4.9894061900690351e-01	   5.0612061777524442e-01	   3.4037174751908816e-01	  -5.7532046520100834e-02	
   8.7463644518478201e-01	   0.0000000000000000e+00	   3.3583509611538964e-01	   2.3581508838817195e-01	   1.1421290211534114e-01	   1.5238249932269704e-01	   2.7612291661737021e-01	   1.9584301706244106e-01	   1.7394864198738985e-01	   7.3771099015466662e-02	   6.1130036678956601e-01	   4.4801391006696356e-01	   4.1923214390457203e-01	   3.5743186213382216e-01	   3.4036447405900938e-01	   1.5452940625817205e-01	   3.3433442257809093e-01	   5.0398145683779716e-01	   5.4284435739541981e-01	   5.0868891625695190e-01	   1.9768472586600111e-01	   1.3629446102414333e-01	   8.8084587484131810e-02	   3.7693338978996717e-02	   1.7656889581874385e-01	   2.0495772647320973e-01	   1.4143476209211109e-01	   1.4988272903547553e-01	   4.4863400284991983e-01	   5.0466236152916111e-01	   2.8973178100885649e-01	   1.9661058345144952e-01	   7.2961311359387504e-01	   6.4680806280714576e-01	   1.9596675078158987e-01	   2.3029548551767576e-01	   2.5606056455399917e-01	   3.3549053989538019e-01	   5.0770624281478149e-01	   4.2933611997829141e-01	   2.8943176712138530e-01	   4.7119139025703477e-01	   5.2188597896331479e-01	   5.3884569055204223e-01	   3.9672057674584077e-01	   4.6495862886564665e-01	   5.0618247033121266e-01	   4.8742753935335248e-01	   3.6618161716054942e-01	   4.0184534501726277e-01	   3.1713176008228688e-01	   3.4224017256541250e-01	   3.8294461993086959e-01	   2.6975273673554911e-01	   5.7139300101748858e-01	   5.1785068691274849e-01	   5.2981822947109936e-01	   8.9351096334725921e-01	   3.9484251012084226e-01	   3.2697356395653382e-01	   4.5127427527289415e-01	   3.6418194947132637e-01	   6.4317409624972555e-01	   6.2863176643799745e-01	   2.4513535086326710e-03	   1.4966078884163850e-01	   2.6489059278640192e-01	   2.5728731899904733e-01	   4.7832230368404305e-01	   4.1223997314130290e-01	   2.3872230349328805e-01	   2.1402477984504578e-01	   5.2710698043316462e-01	   4.9829170784751525e-01	   6.0575910850205483e-01	   7.2010765123775144e-01	   4.3733129220855554e-01	   5.6000944006178577e-01	   2.8760449226378759e-01	   4.4696403300346849e-01	   7.4587117491841304e-01	   5.3859810434736910e-01	   4.8623848829948668e-01	   5.1326913772522254e-01	   3.5812244203203719e-01	   1.2796254461798962e-01	   2.3769497945824725e-01	   1.5226750438339601e-01	   5.5405706140863442e-01	   3.7359143220300478e-01	   2.5064710628917486e-01	   1.8989193851741507e-01	   1.0675846630170949e-01	   1.2470647533080616e-01	   4.7925668930048138e-01	   4.1284681797179890e-01	   6.6850503425728958e-01	   6.2618823189138739e-01	   6.7995821335517803e-01	   4.9119520324432697e-01	   3.7050893325493256e-01	   3.5215314310604062e-01	   5.8771661344562365e-01	   4.7550586766224751e-01	   2.6123178256141549e-01	   1.6253308873311306e-01	   4.9897159599523550e-01	   3.6329701927531255e-01	   2.6703951864536773e-01	   8.3654919673571049e-01	   5.1067338512689320e-01	   5.5970748660664937e-01	   4.4465272947558943e-01	   4.5831180261269489e-01	   3.4572917325060870e-01	  -1.2085735257265393e-01	
   3.7423003609879163e-01	   3.3583509611538964e-01	   0.0000000000000000e+00	   4.9359856006909064e-01	   7.4124232508625676e-01	   3.9439954180141223e-01	   1.2706145710161227e+00	   2.1794192212886834e-01	   5.9541486759362194e-01	   1.4673155305794242e-01	   3.5781538157650594e-01	   1.9599707291416261e-03	   3.2706920339969797e-01	   5.7798078886289274e-02	   6.6471915237563017e-01	   4.0747834863981619e-01	  -8.0889958412813712e-02	  -8.5931382443447737e-02	   6.1673192803032606e-01	   6.2690570222403019e-01	   4.7293024773893155e-01	   3.1987246543033987e-01	   7.5745666638360021e-01	   5.1082021673226163e-01	   6.0351771194729753e-01	   4.2226932433740566e-01	   8.3474261540134753e-01	   6.3591922981684701e-01	   1.2201032501674997e-01	   3.0440045115937918e-02	   7.5072924190140500e-01	   5.2396315836466567e-01	   6.5796490086827664e-01	   5.1285603279916447e-01	   4.4111638371101147e-01	   4.1621296776163758e-01	   4.5798625576448232e-01	   3.1565209781193576e-01	   5.7271793150032779e-01	   5.3323115780785413e-01	   2.4887516594460934e-01	   3.0158254794447725e-01	   3.1803743944169849e-01	   2.8093419018288973e-01	   2.2442119923812304e-01	   1.9585663686457785e-01	   4.3444275924176817e-01	   4.3613966238635804e-01	   3.7274485388702794e-01	   4.3674633385395323e-01	   5.5993809076491163e-01	   5.5318154444871614e-01	   5.1452186284360568e-01	   6.3724560792266960e-01	   5.6904502440748461e-01	   6.9433782210943340e-01	  -7.2578875674286822e-02	   1.2844177428675344e-01	   4.7313405017184929e-01	   4.6197328821235462e-01	   3.3309238088668774e-01	   7.1093517179835322e-02	   1.9487186001059523e-01	   1.0892905415477533e-01	   4.9826894888638512e-01	   1.4461049465053127e-01	   4.6019306458172449e-01	   2.9735509851987174e-01	   6.2828045317019332e-01	   6.4973082224353673e-01	   4.7687158946243879e-01	   2.1944467228943437e-01	   2.4618247238449348e-01	   4.9681659450345868e-02	   2.7325641107331244e-01	   1.7305200740403909e-01	   3.1471999534459094e-01	   3.3821603145951645e-01	  -1.3127090524415549e-01	  -3.1179278177541153e-02	   2.0452726476315730e-01	   1.0323519181315818e-01	   6.3368021148451248e-01	   3.7002976770406892e-01	   6.8398871735210898e-01	   4.3581687339074149e-01	   6.7611182161578698e-01	   3.6928504055336431e-01	   8.1633817327394831e-01	   8.4095091881309680e-01	   5.1598291232623306e-01	   7.1618187549095846e-01	   3.6941965346483013e-01	   5.5670231798953651e-01	   3.9205183009573702e-01	   3.2612770705419653e-01	   4.7535918884841455e-01	   4.3630905664892572e-01	   3.7210477565798733e-01	   5.1312283709227957e-01	   2.8013323019842068e-01	   7.5786116002603976e-01	   2.8225869367344808e-01	   4.7140089017608233e-01	   2.1914207181979004e-01	   2.6658553801182849e-01	   3.0003870536817479e-01	   3.5699856226785348e-01	   1.6464368409300748e-01	   4.5128399246585904e-01	   4.6821764312483494e-01	   2.7771993976630388e-01	   5.3624922555315313e-01	   3.1174958578163320e-01	   2.8296436644150658e-01	   2.1323742824463868e-02	
   2.5355383235522627e-01	   2.3581508838817195e-01	   4.9359856006909064e-01	   0.0000000000000000e+00	   8.0001814194142529e-01	   8.3030578345608985e-01	   6.6963034902695362e-01	   1.0816581659038378e+00	   5.3913920510067737e-01	   6.1228432075570671e-01	   1.4757948395505249e-01	   4.7187357050085410e-01	   1.4494826166575048e-01	   3.9288649455431568e-01	   5.0319770673896269e-01	   8.2169014134538387e-01	   8.9757810931587162e-02	   1.5761525571359042e-01	   4.4839333407888082e-01	   7.9233009569824553e-01	   3.3750930158002973e-01	   3.7524911676200218e-01	   5.3133360433371579e-01	   7.8524148004219618e-01	   5.6878964289493839e-01	   5.9498969085156350e-01	   6.5061858284868135e-01	   6.4796713875689904e-01	   1.5956505069405624e-01	   2.8670664155131614e-01	   5.9825020010939267e-01	   7.3819583190302163e-01	   5.3458934209998032e-01	   5.7257333995876802e-01	   2.4950412974699293e-01	   4.7323511069605351e-01	   2.0714841108619611e-01	   1.9486168724772415e-01	   3.9594177057931451e-01	   5.0311904337326430e-01	  -1.7720258785042735e-02	   1.9413449242530473e-01	   4.0114981311014331e-01	   4.1250287280665543e-01	   3.9227219032425764e-01	   4.0373921708372718e-01	   4.2805468192498874e-01	   4.8901156658457823e-01	   4.0802908123716952e-01	   2.5559577043038190e-01	   4.2492278733061040e-01	   3.2207143820074030e-01	   3.1155824701694784e-01	   3.9082621226007758e-01	   3.9436028419364433e-01	   4.7355388944979160e-01	   8.7913451076226029e-02	   5.0033138877961680e-02	   1.7744617100159743e-01	   3.4385671007200319e-01	   1.2186759256728794e-01	   3.2143000204755506e-01	   3.2755415628934231e-01	   4.4834427401031884e-01	   3.6903989600364229e-01	   6.1353037750006711e-01	   3.7981424459551083e-01	   5.8110538472719131e-01	   3.9588497307106352e-01	   4.0880342200310760e-01	   4.5084585661499821e-01	   6.2014941275513991e-01	   2.9163510196491882e-01	   3.3652132198391616e-01	   3.9061230473522091e-01	   4.6115204064285048e-01	   3.4949343312544878e-01	   4.6691193527055880e-01	   9.3973554907732640e-02	   1.6996510288541117e-01	   3.2222545093937444e-01	   4.7253400025080516e-01	   5.4375800709770017e-01	   8.0098115692783411e-01	   6.2400877712361225e-01	   8.1709398851011872e-01	   5.7513111330991240e-01	   6.0894658026222237e-01	   5.4103096844576282e-01	   6.1249952993445267e-01	   7.8013489908814093e-01	   5.0242808617168633e-01	   9.1099949509972966e-01	   2.3816475413093399e-01	   1.8668215892716691e-01	   1.1823007410082813e-01	   3.2056725190932206e-01	   3.4504664014853564e-01	   4.3055508854413127e-01	   3.0973856646094916e-01	   7.2029447674016944e-01	   2.5825904838908603e-01	   3.6389621763407454e-01	   2.4080246897897181e-01	   2.9085790107624798e-01	   3.5706941119584126e-02	   4.5478046719373461e-01	   4.3044589978993336e-01	   3.7843236351284580e-02	   2.9751081391947476e-01	   4.3314936055348358e-01	   2.5421108081013954e-01	   3.8884147924923657e-01	   1.1863281317678415e-01	   2.4098033687420600e-01	  -4.2284621746251988e-01	
   2.0691743265992707e-01	   1.1421290211534114e-01	   7.4124232508625676e-01	   8.0001814194142529e-01	   0.0000000000000000e+00	   9.1571028664911469e-01	   1.0606597090615044e+00	   7.1639498628488008e-01	   1.0686622207241745e+00	   8.0751149101122832e-01	   2.3341373591266737e-01	   2.7035206753294788e-01	   3.0492637214755430e-01	   2.3357016308031270e-01	   7.4254476621188015e-01	   5.8770726372000148e-01	  -8.5971069419098614e-02	  -9.0712366421038901e-02	   5.3578687092653354e-01	   7.9249543747059192e-01	   3.7456503671284680e-01	   3.3426346170380661e-01	   4.1997311312087171e-01	   3.4599549828877907e-01	   4.7336452750337632e-01	   3.5075687686702700e-01	   5.4743854971004957e-01	   4.0547797160355264e-01	   1.5393049552723720e-01	   1.4797454292959922e-01	   5.6306198054276635e-01	   4.5155633718338545e-01	   4.5261957045944778e-01	   5.0330097975702093e-01	   1.7439460512705698e-01	   3.9466458416978212e-01	  -3.2349786998411477e-02	   4.4579675977284940e-02	   1.7747951976573589e-01	   2.3173251398484973e-01	  -5.7769576840102289e-02	   1.6306978271626679e-02	   1.7841047438860422e-01	   1.9074953939643369e-01	   3.9986972541422811e-01	   3.6090676322448401e-01	   2.6151654355714371e-01	   3.2553798167439113e-01	   4.9598344484510470e-01	   5.4501463908513514e-01	   4.7705365851539822e-01	   5.8007180690819415e-01	   4.9890427523624092e-01	   7.6032973700679385e-01	   3.0605569858631615e-01	   5.1226289514268508e-01	  -1.0095474039856173e-01	  -8.4489487019843920e-02	   3.2031451678481959e-01	   5.6967579017943337e-01	   3.4230534541305702e-01	   3.8829587481039252e-01	   2.4009186754507600e-01	   2.7084212641718863e-01	   3.5416787806589556e-01	   4.7941946556103721e-01	   3.7327320202194397e-01	   3.8702563607118995e-01	   4.3493986685191038e-01	   5.2427411805784385e-01	   4.7022006780225201e-01	   2.7505218169159507e-01	   1.6232323505312346e-01	   9.1908331670706417e-02	   1.8567747614094263e-01	   2.0168170140381991e-01	   1.2744714171277338e-01	   1.4543319026801083e-01	  -1.8155642375386757e-01	  -9.4536510406249163e-02	   1.7565653054888333e-01	   1.8155660497899162e-01	   6.2754142672717916e-01	   4.6243784505996582e-01	   5.7629675432525962e-01	   3.9991503177149057e-01	   4.8453409677463316e-01	   2.1941846117960928e-01	   5.5000281179541144e-01	   5.8387845878332667e-01	   8.9341473460748766e-01	   9.0297144723055289e-01	   7.3198261673208176e-01	   6.3255936554817227e-01	   2.9651568232813025e-01	   2.2376677286308921e-01	   2.0378566460857064e-01	   2.8570292758890398e-01	   3.9659492095415572e-01	   5.4067399545946804e-01	   7.6975781919741237e-01	   6.4216536216753184e-01	   3.5730149491714652e-01	   3.5108270648795714e-01	   4.4475379593186357e-02	  -5.3645788523080058e-02	   3.5994151671095864e-01	   3.0567827161686978e-01	   2.6681366371366344e-01	   3.2931957014054808e-01	   3.0896602566317855e-01	   2.2365564044276282e-01	   7.0781871281074904e-01	   3.2210132515594914e-01	   1.9505549796749816e-01	  -3.6463860768132766e-01	
   2.1659803884863812e-01	   1.5238249932269704e-01	   3.9439954180141223e-01	   8.3030578345608985e-01	   9.1571028664911469e-01	   0.0000000000000000e+00	   5.9716931851580268e-01	   8.9256530789358457e-01	   7.3052073304933773e-01	   1.0040032700725636e+00	   3.5299199810394377e-01	   5.8057425588472644e-01	   3.2401404929583272e-01	   5.8546836104240207e-01	   4.6139526250369872e-01	   7.4280757385706953e-01	   1.4673133118631909e-01	   1.5785021273546598e-01	   3.5580151313605229e-01	   6.0783799307809294e-01	   6.2114401005729247e-01	   6.7858233280060543e-01	   2.1894891189169946e-01	   3.4685560877133248e-01	   3.6946851847559797e-01	   4.9749700625681315e-01	   5.3261630384036984e-01	   6.4449763482301003e-01	   1.4645728421928364e-01	   3.0868178421346160e-01	   3.4867713014602775e-01	   3.9772377523027813e-01	   5.1670028031297133e-01	   6.6525261081728182e-01	   1.9446241791056043e-01	   5.1560366809767233e-01	   1.9969528336449379e-02	   1.0979971461957634e-01	   2.8149540492167435e-01	   4.2451742876753062e-01	  -1.5309332566069268e-02	   1.1702869046766372e-01	   3.7645401408050216e-01	   3.8145739941831119e-01	   5.7816510985771674e-01	   6.0590688955748206e-01	   4.7778714134972422e-01	   5.0772908307767572e-01	   4.8908736920568385e-01	   3.4010266567508957e-01	   3.8192278671583435e-01	   2.9917888960175459e-01	   2.7300993540428270e-01	   3.4945718681965310e-01	   2.5870822543841132e-01	   3.5187012066391876e-01	   6.8014212138725855e-02	   1.1323716369713348e-02	   1.4181268383557244e-01	   4.0952116005741512e-01	   4.1746036611791748e-01	   5.9533065972861299e-01	   5.0927727103394327e-01	   5.5049368296984191e-01	   3.7352141896817509e-01	   7.5425645080942605e-01	   4.9255536714805809e-01	   6.2116198355323038e-01	   3.3821831472450936e-01	   5.1281165055675748e-01	   3.3938972141767532e-01	   3.6109161970865250e-01	   1.4125665370710885e-01	   3.0810302185806193e-01	   1.8560735990237756e-01	   3.3452418719938826e-01	   5.7703281154160374e-02	   1.9600485849423596e-01	   2.6113322866936357e-02	   1.1954034366536537e-01	   3.1862035976289282e-01	   3.1059432603775250e-01	   3.2420049915386617e-01	   5.6294961199544324e-01	   4.6963072603301909e-01	   4.5057541016331337e-01	   2.1515121625256414e-01	   1.9098412615391663e-01	   6.1553022834361870e-01	   5.0364247833745246e-01	   6.6684067670769609e-01	   5.2974489030147787e-01	   7.5409639933485828e-01	   2.8396875744551636e-01	   2.2542388061319962e-01	   8.2254860731059670e-02	   3.1726011812010663e-01	   3.0766856618015925e-01	   3.7641367568755668e-01	   3.2293540191592662e-01	   9.0624140162479416e-01	   3.7344228136523894e-01	   4.6924757928557381e-01	   2.1859901289065009e-01	   1.1927203091027318e-01	  -5.2202123950747630e-02	   3.1827957922661376e-01	   3.8045487856260196e-01	   1.6643679535725928e-01	   2.9875261617008786e-01	   3.3530298297086586e-01	   9.9218314673624186e-02	   4.4061975327771791e-01	   8.7718600949454120e-02	   3.6692700616850697e-02	  -4.1062488787308976e-01	
   3.1856537314409639e-01	   2.7612291661737021e-01	   1.2706145710161227e+00	   6.6963034902695362e-01	   1.0606597090615044e+00	   5.9716931851580268e-01	   0.0000000000000000e+00	   6.0853505627895421e-01	   9.7122697382467271e-01	   4.4739658854890391e-01	   4.8681258296963636e-01	   2.7726361798254395e-01	   5.5066975931375806e-01	   2.9131768786813150e-01	   9.0063149465699399e-01	   6.0555385647084614e-01	   6.8432871785468377e-02	   5.7275367312194764e-02	   5.3345438803866607e-01	   6.9184820650671364e-01	   3.1279995383856041e-01	   2.0327141601070409e-01	   5.8814709828590517e-01	   4.8239878210526854e-01	   4.8337891332059246e-01	   3.9462566370232910e-01	   5.4275846142968565e-01	   4.2175909834800213e-01	   3.5371218410099997e-01	   2.8254025828273477e-01	   7.0898771854733478e-01	   5.4765126498118322e-01	   6.6964590466923424e-01	   6.5055348207839592e-01	   2.8799979790020624e-01	   4.1362577896795882e-01	   3.0185694386917944e-01	   2.7258669838865129e-01	   4.8402131765010059e-01	   4.5698405613853799e-01	   1.3737242242314929e-01	   2.2208430915752750e-01	   3.2914104067892130e-01	   3.1852331272818085e-01	   3.5574564166759309e-01	   3.1249262266179229e-01	   4.2678256204614778e-01	   4.4182469604620422e-01	   4.3431900460939510e-01	   4.0416246926058813e-01	   5.0867095429935039e-01	   4.6922149020854542e-01	   4.3735180358438314e-01	   6.0438094287040389e-01	   4.7742171485966289e-01	   6.1794929205190940e-01	  -3.2836855297910444e-02	  -3.1280247130711582e-03	   3.0608230171007683e-01	   3.5686837866305471e-01	   3.7029246081046352e-01	   2.1873074117706978e-01	   3.3296407895860231e-01	   2.4016157685055872e-01	   4.9165904245785014e-01	   3.3128517718653266e-01	   3.9709860910740497e-01	   3.3604810220823411e-01	   4.0778464388325802e-01	   4.4271722401166869e-01	   4.2655254041055463e-01	   2.5093689921321266e-01	   3.0734391968058422e-01	   2.0416344524111199e-01	   2.7804799830806909e-01	   2.9286462000339381e-01	   3.4185000009252103e-01	   4.3833365739702895e-01	  -1.1812610189900321e-02	   1.0581270685697497e-01	   3.4855836215781610e-01	   3.2655561372643838e-01	   7.4708864725450297e-01	   5.6006346473188584e-01	   7.0979728636329942e-01	   5.2944904230138889e-01	   6.7381609424977840e-01	   3.9962063912446155e-01	   6.7241151420015022e-01	   7.2074548307557007e-01	   6.8681704826723122e-01	   8.2391310341433599e-01	   5.3432728664542994e-01	   6.0759016272070976e-01	   3.3150088924099919e-01	   2.3200777106317677e-01	   4.5816165078729537e-01	   4.7148754345219179e-01	   4.3744381612541133e-01	   5.3199613173708649e-01	   5.7780204841960525e-01	   8.0487648410222867e-01	   3.9809563976836237e-01	   4.8794716138762584e-01	   2.9480270561435817e-01	   2.9719788247007295e-01	   3.5276004087494905e-01	   3.8719752134976754e-01	   2.3695595998459856e-01	   4.8672621799117088e-01	   5.7741514558634954e-01	   3.5328154539807111e-01	   7.0818819991749371e-01	   3.7197155612942689e-01	   3.4075680009799897e-01	  -7.9337913381575614e-02	
   2.0182412404859482e-01	   1.9584301706244106e-01	   2.1794192212886834e-01	   1.0816581659038378e+00	   7.1639498628488008e-01	   8.9256530789358457e-01	   6.0853505627895421e-01	   0.0000000000000000e+00	   7.8209739849093529e-01	   1.0407397694557370e+00	   3.7217546040205596e-01	   9.3455865428814877e-01	   4.8467535215999846e-01	   8.4130836567347256e-01	   5.1537300911796913e-01	   8.4709324460270308e-01	   1.7369878850810910e-01	   2.6513937080974498e-01	   1.8947070692959844e-01	   4.8997215886564938e-01	   1.1782026001132015e-01	   1.4808703715032340e-01	   1.2600120532890918e-01	   3.4898913563822559e-01	   1.6875482261627708e-01	   3.1472871988717877e-01	   2.4050414320989208e-01	   2.6300041390937173e-01	   3.1905655252892284e-01	   5.0710673359575031e-01	   3.1934658739651300e-01	   4.4363853739251413e-01	   4.2099109223726561e-01	   5.9674094360641694e-01	   2.7981964661788331e-02	   3.7651847211543776e-01	  -1.2339109836851365e-02	   7.6290764530581423e-02	   2.3969705321353368e-01	   3.2876048834372940e-01	  -9.8794592679754642e-02	   4.6047088043131588e-02	   3.1961155086781379e-01	   3.3764205806937064e-01	   4.3123898939481314e-01	   4.7866530049219069e-01	   3.1033669876873415e-01	   3.7230699137190087e-01	   3.1578231494365500e-01	   1.5057513815329610e-01	   2.5009558442529856e-01	   1.2957394893931129e-01	   1.4609037019191201e-01	   1.9942789819600765e-01	   2.5391730716646860e-01	   2.4347838412623474e-01	   1.4435377618420225e-01	  -3.7375014982743683e-02	   2.5792556917272953e-02	   2.1446750477985502e-01	   3.4871398697665340e-01	   7.1298451139973085e-01	   4.6531707367683062e-01	   5.7257685020789229e-01	   3.0146200830019121e-01	   9.2351925371165344e-01	   2.4245663300876547e-01	   4.9235307570302311e-01	   2.0105307203356532e-01	   2.3395085356570233e-01	   1.5952363320707530e-01	   3.8386773472166885e-01	   2.2242281969823163e-01	   3.5748245795218453e-01	   2.7423487399534358e-01	   4.8763110774344448e-01	   1.7508303430298916e-01	   3.6821223546207044e-01	   1.4252544513894749e-01	   2.5586789712932562e-01	   3.9376147127206701e-01	   5.4232709368742793e-01	   3.7174877388045346e-01	   7.2145285934304704e-01	   3.9542919336861110e-01	   5.5428845092301848e-01	   2.5298507074983489e-01	   2.6556964333098748e-01	   3.7130242331088786e-01	   3.4124856374576368e-01	   6.1677534282867874e-01	   3.6045490100381700e-01	   6.9611298374243369e-01	   1.1540252835578856e-01	   1.0269446648451974e-01	   4.4920260729089306e-02	   2.3757400325376549e-01	   2.9887404044568061e-01	   3.7248783905412230e-01	   2.0501600077284476e-01	   9.6263736912639220e-01	   2.9055094290170930e-01	   3.9901069111959936e-01	   2.0224945442707737e-01	   1.6437431883866427e-01	  -6.1485571287801910e-02	   3.4472578053039399e-01	   3.7257566289280558e-01	   1.2146912615978094e-01	   2.5596592550999836e-01	   3.7632379243932979e-01	   2.3869926412402764e-01	   3.9165518424638468e-01	   8.8786628701889608e-02	   1.3365162370677908e-01	  -4.2873521279151339e-01	
   1.8355091815362515e-01	   1.7394864198738985e-01	   5.9541486759362194e-01	   5.3913920510067737e-01	   1.0686622207241745e+00	   7.3052073304933773e-01	   9.7122697382467271e-01	   7.8209739849093529e-01	   0.0000000000000000e+00	   9.7854190295716370e-01	   5.7151119239322345e-01	   4.4641020231159195e-01	   7.2260835534749768e-01	   5.1620823176117259e-01	   9.0550554525067706e-01	   6.4425530997439773e-01	   9.8864776492577314e-02	   1.3428184210106439e-01	   3.0517746621954250e-01	   4.9279973535653715e-01	   3.2517285921522204e-01	   2.0381010844745739e-01	   1.1813709531732292e-01	   1.2644570348631495e-01	   1.2218521475376037e-01	   1.4611995382874565e-01	   1.9101283142906944e-01	   1.2068394359581962e-01	   4.0862978675491468e-01	   4.3175313720867320e-01	   3.5625960834411463e-01	   2.6858807686236852e-01	   4.6584849115312288e-01	   5.6536217063750849e-01	  -1.1304598146893313e-02	   2.1260579550556585e-01	   2.7769616300701704e-02	   1.4118800267462178e-01	   2.5676815388533697e-01	   2.8499393124571182e-01	   2.2315257138984593e-02	   1.2722178047833960e-01	   1.4514545092686926e-01	   1.4751476258286747e-01	   3.1001444376546683e-01	   2.7559626822780148e-01	   2.5907557009418886e-01	   2.4987822124254755e-01	   3.1321106468680981e-01	   3.1735466827184106e-01	   2.3932790826609984e-01	   2.7271529539515244e-01	   2.4998688899871885e-01	   4.5978890242610859e-01	   2.1000712337143490e-01	   2.8463801737380073e-01	  -2.6730791598978529e-03	  -1.0259342044328320e-02	   1.2547219328536746e-01	   2.8507750813484417e-01	   5.0876602676176108e-01	   4.5263011646056617e-01	   4.1749331084600277e-01	   3.8821725429544646e-01	   2.8394438624885510e-01	   4.8011591624276362e-01	   1.9484961124181921e-01	   2.1677585298750726e-01	   2.6433673140006841e-01	   3.3016114483666059e-01	   2.3047881424786926e-01	   1.7358084679207392e-01	   1.6117530381293427e-01	   2.3704753446405302e-01	   1.0420312396998802e-01	   2.9411979770076241e-01	   8.8897239262312341e-02	   1.5053650723836506e-01	  -2.1116806384852686e-02	   1.1427698708406070e-01	   3.0214077435026476e-01	   3.2319502130818095e-01	   4.3758461309349711e-01	   4.9964027734482341e-01	   3.1164693144467448e-01	   2.5075482839677526e-01	   2.4811213103065033e-01	   6.4633557874806624e-02	   3.9378773936734146e-01	   3.8535608509608393e-01	   6.1788197262502587e-01	   6.4611883339020915e-01	   4.8040735279785030e-01	   3.8131250623789364e-01	   4.2479876768310326e-01	   3.0703351238623500e-01	   3.5063406438017508e-01	   3.2715925336934781e-01	   3.1448985822423392e-01	   3.8830730917604822e-01	   7.3180888081899442e-01	   6.5678096444006062e-01	   3.8390824816365104e-01	   3.1811863149944591e-01	   5.0742466394808568e-02	  -8.2862370530682409e-03	   2.4613981110241667e-01	   2.4127723810121138e-01	   4.5361124073657555e-01	   4.3211515841653186e-01	   3.8546935466359045e-01	   2.3153568916883491e-01	   6.0707634969941626e-01	   3.1414091586656639e-01	   2.0455699461386492e-01	  -1.7321473444293775e-01	
   1.0129473118744775e-01	   7.3771099015466662e-02	   1.4673155305794242e-01	   6.1228432075570671e-01	   8.0751149101122832e-01	   1.0040032700725636e+00	   4.4739658854890391e-01	   1.0407397694557370e+00	   9.7854190295716370e-01	   0.0000000000000000e+00	   3.3126186040744593e-01	   6.9747961423882787e-01	   4.3383693492499564e-01	   6.4233545662657765e-01	   4.8392263200827412e-01	   7.4651279440815466e-01	   7.8980914118518555e-02	   1.4352961623774116e-01	   1.6484761878216594e-01	   3.6466988110407861e-01	   2.7712573682080743e-01	   3.1704902112104821e-01	  -2.2623562378449733e-02	   1.3682364563682223e-01	   1.0489633882861980e-01	   2.3095568669591676e-01	   1.5923176386822696e-01	   1.7715888139692115e-01	   1.9414619829951354e-01	   3.9475265343909383e-01	   1.1295523329579997e-01	   1.7976941025586146e-01	   2.7007341077909369e-01	   4.5435773676006447e-01	  -2.4547785113162947e-02	   2.9778279318482159e-01	  -1.7338698383474041e-01	   1.1482377201449408e-02	  -9.4825120282327254e-03	   1.4413334790312174e-01	  -1.5757551940690162e-01	  -3.1496821739765792e-03	   9.5420343577354377e-02	   9.6437581469931768e-02	   3.4953147160568082e-01	   3.4532878717043575e-01	   1.7696207874631123e-01	   2.1677289873486658e-01	   3.0050979042124515e-01	   2.2479270211967975e-01	   1.6191254563634053e-01	   1.5581410059966522e-01	   1.6900678040398770e-01	   3.0451413584723519e-01	   4.4381064444190557e-02	   1.0823907926549875e-01	   5.8091169396713431e-02	  -7.0743464400737879e-02	  -8.3148079045383336e-04	   2.6910670069230569e-01	   4.4037229282274981e-01	   7.7612543365421205e-01	   3.8011165962464488e-01	   4.3334271906658189e-01	   2.8372481840428587e-01	   8.7221251809073941e-01	   2.0707513275711262e-01	   3.5009047569861429e-01	   2.2135301510033292e-01	   3.1529064427072412e-01	   1.2568856670719925e-01	   1.8459646760335671e-01	   4.6270686676750203e-02	   2.8763212948518579e-01	   9.5429673276019145e-02	   3.2916883712409895e-01	  -2.4060525576928671e-02	   7.2741695900918960e-02	   3.2119747811378912e-03	   1.1379625548323000e-01	   2.9223801369902769e-01	   3.3915712978648416e-01	   2.3262149570387225e-01	   4.8953431649502732e-01	   2.9929621185701205e-01	   3.0629273717194144e-01	   4.8534715407518761e-02	   1.7527495633248595e-03	   2.5526142835180260e-01	   2.0402538240884954e-01	   6.8645308171820163e-01	   4.6815585616983257e-01	   6.8047758979765482e-01	   2.0746269794861405e-01	   2.6129872867372150e-01	   1.5265355501583500e-01	   1.5671782497860853e-01	   1.7334449832954693e-01	   2.5636782640010414e-01	   2.6494796056732961e-01	   9.0610082888783416e-01	   3.3907115664211107e-01	   2.8539246728307621e-01	   1.1343839650109055e-01	  -3.7348878429893165e-02	  -2.3212496075286948e-01	   7.4042281488510844e-02	   1.0373459790224673e-01	   3.1032240134349320e-01	   2.2680519622813000e-01	   1.8567600668538359e-01	   1.0793469392665861e-01	   4.4075057887974423e-01	   8.3194148870970236e-02	  -1.7091210430078118e-02	  -4.6249616977896513e-01	
   6.5394975086131812e-01	   6.1130036678956601e-01	   3.5781538157650594e-01	   1.4757948395505249e-01	   2.3341373591266737e-01	   3.5299199810394377e-01	   4.8681258296963636e-01	   3.7217546040205596e-01	   5.7151119239322345e-01	   3.3126186040744593e-01	   0.0000000000000000e+00	   7.5423113692769461e-01	   1.4534875295829404e+00	   8.1687710237792244e-01	   6.1463773722990256e-01	   3.5204237239897218e-01	   3.4638797406909666e-01	   4.0269142540062824e-01	   2.7484117596055940e-01	   2.7333988082669491e-01	   1.8153942447812074e-01	   9.8959915555274017e-03	  -1.0514786334950367e-01	  -1.0650027681922893e-01	  -1.9534720028099438e-02	   8.5375583216144996e-02	   1.1015838785694528e-03	   3.7108804259613520e-02	   6.8668521109010194e-01	   5.9585891961867876e-01	   1.5899936466076670e-01	   7.4353169923617055e-02	   6.8295890661757697e-01	   7.5159635383981493e-01	   1.2071352190835520e-01	   3.0176812352645987e-01	   3.3773641389629927e-01	   4.2300373814783132e-01	   5.1444775076931715e-01	   4.9674635000744083e-01	   3.3766915539820547e-01	   4.8626218670901100e-01	   4.4970133595666034e-01	   4.1695853155891488e-01	   4.0118948168452229e-01	   4.5236235395576135e-01	   4.7372333378170489e-01	   4.2442673230609412e-01	   2.9611128761245498e-01	   2.1293721466072468e-01	   2.7289477246625393e-01	   1.7542357343287840e-01	   2.1343596062796355e-01	   1.1347504653252022e-01	   4.9238073395757476e-01	   3.2017601135866391e-01	   3.0815846814715459e-01	   4.3628643875965090e-01	   2.8955401521868501e-01	   2.5173437075163174e-01	   8.9572393687098573e-01	   5.0351104948153602e-01	   6.4926497291732077e-01	   5.0672488431182883e-01	   1.5897804949847727e-01	   3.7455501589453682e-01	   3.6685077745146710e-01	   3.3315566150794335e-01	   3.2544301555597321e-01	   2.8483664979174766e-01	   6.0188294540092342e-02	  -1.7778304218417935e-02	   4.1771983766847143e-01	   3.0612354890340510e-01	   3.9058941208330233e-01	   4.1299154788686615e-01	   3.3204402276177930e-01	   4.2795080249325268e-01	   1.4021600959398298e-01	   2.9106770464595438e-01	   5.3007215209422387e-01	   3.5679307683852374e-01	   3.6369154150187716e-01	   4.3370077279612307e-01	   2.3760128771101291e-01	   8.2765847657482794e-02	   1.0436023792234889e-01	  -4.1875300924080233e-02	   5.4527707726641039e-01	   3.1921493561759406e-01	   3.1029712128854409e-01	   3.2728060783342072e-01	   1.7124869552781946e-01	   1.4649320386464082e-01	   4.1892593066623507e-01	   3.1445981745000029e-01	   7.2179209537788547e-01	   7.1766712662189280e-01	   5.4564977898974854e-01	   4.2612022805204364e-01	   5.7147622852696578e-01	   6.4090925610669625e-01	   6.4740094155063121e-01	   5.0535564727494109e-01	   2.5302390319404156e-01	   2.5666053958068252e-01	   3.2727599903756915e-01	   4.7888895006606413e-01	   3.9855531356599927e-01	   5.9940118685973343e-01	   6.2505092922402083e-01	   5.1673478263711270e-01	   5.9100898869040686e-01	   4.5541020822616285e-01	   3.4928812607133286e-01	  -5.2950454266789321e-02	
   4.2061018629022590e-01	   4.4801391006696356e-01	   1.9599707291416261e-03	   4.7187357050085410e-01	   2.7035206753294788e-01	   5.8057425588472644e-01	   2.7726361798254395e-01	   9.3455865428814877e-01	   4.4641020231159195e-01	   6.9747961423882787e-01	   7.5423113692769461e-01	   0.0000000000000000e+00	   7.5408889429022630e-01	   1.4274134927455242e+00	   4.1748790970296679e-01	   6.3745262320924756e-01	   3.1199475646574615e-01	   4.9908377264983855e-01	   8.4298661500192704e-02	   2.5117960884355844e-01	   8.2891647588463860e-02	   7.1900127362093044e-02	  -1.3811338369872161e-01	   6.3394276870160249e-02	  -8.9057590079021608e-03	   1.9916765459295099e-01	  -1.2605493473646683e-02	   7.0414401471075583e-02	   5.6140532858414993e-01	   8.5101026447213002e-01	   8.6495625922034039e-02	   1.7080888615593426e-01	   4.5801863539969406e-01	   6.8986640972321434e-01	   3.6483957335265806e-02	   3.9243140788389724e-01	   6.7673995140365956e-02	   2.2266365697418369e-01	   3.0351791405788053e-01	   4.0542248867942210e-01	   1.0491254520308724e-01	   2.5197310473771140e-01	   4.5342778164182923e-01	   4.5882429088305771e-01	   4.9932690959562009e-01	   5.9009897931676547e-01	   4.1254524448708429e-01	   4.1431494082109838e-01	   3.0769884230252287e-01	   1.2674288882727708e-01	   2.0423742843051065e-01	   5.0101008613943447e-02	   1.2207877647531550e-01	  -1.8100715889022165e-02	   3.5190909693189976e-01	   2.1134890499969797e-01	   3.2983664873771362e-01	   2.1897734398357740e-01	   1.4787720920493769e-01	   2.3112488856676938e-01	   5.9876864748010095e-01	   9.8816031406504290e-01	   5.3640842706043868e-01	   7.3850068289112181e-01	   1.3394388572044666e-01	   8.4264042377769321e-01	   2.9330640622419990e-01	   5.0209444602126996e-01	   1.3737620881904281e-01	   1.2472840443313532e-01	  -7.7126277957651673e-02	   1.5817294074005595e-01	   3.2712072805106013e-01	   5.6762201358617959e-01	   4.1557387172434362e-01	   7.1195651641660351e-01	   2.1987285980696736e-01	   4.1170608995427965e-01	   2.5746006581121639e-01	   4.0911781857819374e-01	   5.1546694109025348e-01	   6.1553739937604912e-01	   2.9203355256817887e-01	   6.9171356452225563e-01	   2.4883463186967281e-01	   3.2731767489053576e-01	   1.0817486837282027e-01	   1.0269629760269192e-01	   3.4740975258156909e-01	   2.0225796134025784e-01	   3.3409434392008336e-01	   1.1648087115493530e-01	   3.2533542007049510e-01	  -1.1501953933339736e-01	   2.1450610291544708e-01	   1.7549062190264328e-01	   3.7971256674097881e-01	   5.1528927887658482e-01	   4.8098504299291278e-01	   1.8949514761223102e-01	   8.0786588663680825e-01	   2.3713131324027392e-01	   5.3487665550002705e-01	   2.2509512602198845e-01	   2.6769412364046097e-01	   7.4144645858849501e-02	   4.0874592095517692e-01	   3.7960684394517780e-01	   2.4687379782321972e-01	   4.1026433464722983e-01	   4.4781961989240376e-01	   3.7203402413740905e-01	   3.7240258395092873e-01	   2.1019585432764135e-01	   2.1456699686614500e-01	  -3.4686299701274176e-01	
   4.2264992915748406e-01	   4.1923214390457203e-01	   3.2706920339969797e-01	   1.4494826166575048e-01	   3.0492637214755430e-01	   3.2401404929583272e-01	   5.5066975931375806e-01	   4.8467535215999846e-01	   7.2260835534749768e-01	   4.3383693492499564e-01	   1.4534875295829404e+00	   7.5408889429022630e-01	   0.0000000000000000e+00	   9.8864958962055249e-01	   7.4464872045158248e-01	   4.6161965385013681e-01	   1.8549143317014294e-01	   2.9005195661109190e-01	   1.1909859430605063e-01	   1.7250009809717984e-01	   1.0156164750395627e-01	  -7.5683214359575701e-02	  -9.9631044457225273e-02	  -8.2485137099180206e-02	  -5.9601222473335817e-02	   4.5439541165103181e-02	  -5.5148879769405211e-02	  -3.2143989426918644e-02	   6.2751640011852372e-01	   5.4339720702260630e-01	   1.4597447139073949e-01	   5.6319196014003051e-02	   4.6515242677143986e-01	   5.6391263705702221e-01	   3.7985404691613933e-02	   2.2620103945283315e-01	   2.2072582467905305e-01	   2.5100439986495349e-01	   3.9667744134282901e-01	   3.3457324766433522e-01	   1.8970159495450703e-01	   2.3905978493319519e-01	   2.2291454901682478e-01	   2.0833668843751732e-01	   2.7974473983121140e-01	   2.9298370580084832e-01	   2.8528855576310130e-01	   2.2425015607326665e-01	   2.3277831202396415e-01	   1.4933860967295490e-01	   2.0389819031681311e-01	   1.0661224942372761e-01	   2.0542325542781256e-01	   1.7729852697448575e-01	   4.1922179439058005e-01	   2.4381051228672918e-01	   1.3440230167624306e-01	   2.0326476303874219e-01	   2.2744059359357149e-01	   1.8437706132596321e-01	   8.0538956757735403e-01	   5.2538866305184917e-01	   4.5984965858272753e-01	   3.7557131362576091e-01	   2.0306590394555596e-01	   3.7481787585760368e-01	   2.2390496252358943e-01	   2.0519345933471594e-01	   2.2180849490859600e-01	   1.8273806883966678e-01	  -7.1206061737870419e-02	  -1.3635547601930437e-01	   2.6861531699079594e-01	   2.4283334988801775e-01	   2.3930826173310785e-01	   2.9346836160687212e-01	   1.7831067282231755e-01	   3.0238083991005799e-01	   1.7738415253104326e-02	   1.8935966906663279e-01	   3.9553152651564411e-01	   3.0785592522916105e-01	   3.5747952160017959e-01	   4.0975345973890498e-01	   2.0511067744417749e-01	   9.3117743723557064e-02	   1.6528346875901456e-01	  -2.9590691933964332e-02	   4.7350645525567292e-01	   3.1200898953811829e-01	   3.2738361035726865e-01	   3.3680061809021333e-01	   2.0324003774264029e-01	   2.2592400402683827e-01	   3.5890733881338505e-01	   2.3903345977280205e-01	   5.1338857017920336e-01	   5.0862796467088678e-01	   3.6570656466000634e-01	   3.0808131843411518e-01	   5.5025341164947217e-01	   6.8375652601147563e-01	   5.1197873478140066e-01	   4.5214793405022419e-01	   1.4372956990993810e-01	   2.3201444700850821e-01	   2.6414238435186471e-01	   4.2694932234845490e-01	   3.8401402239587157e-01	   4.9292986243228543e-01	   5.0141302970345869e-01	   3.6963763201830274e-01	   5.6102835050267807e-01	   4.1273426113815048e-01	   3.2902490537915446e-01	  -1.4440538725490940e-01	
