   0.0000000000000000e+00	   1.5182715672636986e+00	   6.0463541478163629e-01	   4.6173231956345795e-01	   5.5512301679579712e-01	   6.1346379586192268e-01	   9.7231775621546634e-01	   5.7451335824619720e-01	   6.6823587947657048e-01	   6.8082009971389468e-01	   1.1547805143278138e+00	   8.3186936954131729e-01	   1.0109544584593351e+00	   6.8504497217557248e-01	   1.0557817939771983e+00	   7.0802515658740284e-01	   7.8882284630466026e-01	   6.5007087598046098e-01	   1.2590433671498189e+00	   1.1271442992509046e+00	   4.5872056586628646e-01	   3.8041201034036404e-01	   2.9063382113794534e-01	   1.3791643082131624e-01	   6.8753663749696103e-02	   1.0474183564150313e-01	   3.5579636944528192e-01	   4.4354469701666188e-01	   8.9978385665305838e-01	   7.1487183736030768e-01	   2.6185156136216203e-01	   1.3740672383757263e-01	   6.6161440545037853e-01	   5.8078291785873637e-01	  -3.9447614733815979e-02	  -1.0465141363589417e-01	   3.4502098257522928e-01	   5.8832649260372676e-02	   1.9164275688837354e-01	   2.0201996118289353e-01	   5.3245742830139542e-01	   2.5929136702970956e-01	   5.7753754060851503e-01	   6.8583800589232713e-01	   5.6712916697738969e-01	   6.2884061183111895e-01	   6.5734665218474386e-01	   7.6818993223803000e-01	   9.6693998931025393e-01	   9.4086581318149209e-01	   8.9223489319411609e-01	   8.0914955816642820e-01	   9.5562837033464187e-01	   1.1175975822613071e+00	   1.0004700436104579e+00	   8.4971526835828604e-01	   1.1547554957549166e+00	   1.1553873186411010e+00	   1.0764634963419681e+00	   9.3934171947055844e-01	   9.9994569830835045e-01	   6.4362108765512838e-01	   7.8175929794940502e-01	   6.3941859115309108e-01	   1.7670734421257772e-01	   1.5139936549543825e-01	   4.4361821365386955e-01	   2.6831499815660231e-01	   8.1705279968141076e-01	   5.0286537318968882e-01	   4.4879900297349423e-01	   5.8559136795910438e-01	   7.4024127420887242e-01	   7.6655909252687604e-01	   8.5724194424620459e-01	   6.1686949656857115e-01	   3.9762156117619252e-01	   1.9235746726658365e-01	   5.0736064074391862e-01	   5.7964862228138936e-01	   9.8230926485923165e-01	   9.3536394890578489e-01	   1.0406203435490362e+00	   4.5242891326555346e-01	   8.1409913345683393e-01	   8.1545882200684983e-01	   8.5618904597897050e-01	   5.4735095842875270e-01	   8.6755598976233317e-01	   9.3048507070811115e-01	   7.6108972778537121e-01	   4.1703518547784973e-01	   2.5318277579707998e-01	   6.2269547579602602e-01	   1.8995075892088750e-01	   9.5859330687576100e-02	   4.5910728549320817e-01	   4.6975219437235016e-01	   8.1342952851418715e-01	   8.7794451392937845e-01	   4.2348721495080904e-01	   7.5037971449337093e-01	   6.4690900939338214e-01	   7.2507713582637545e-01	   2.4495610807126905e-01	   2.6038338589080634e-01	   2.4421899108681580e-01	   4.1155590574224488e-01	   6.9482313501190815e-02	   3.2909660444778421e-01	   4.4696499724393013e-01	   5.0795401230948556e-01	   4.2181831050374069e-01	   4.8872043507069984e-01	  -3.5108331543313206e-02	  -7.8098172293850923e-02	
   1.5182715672636986e+00	   0.0000000000000000e+00	   4.9519296745433017e-01	   4.8266845062153008e-01	   5.6846597086394468e-01	   6.5700823175794132e-01	   8.2236782313478463e-01	   5.5786549835633303e-01	   5.4080436504091922e-01	   6.2002278938585864e-01	   1.0236190805970375e+00	   8.6958265485160990e-01	   8.7429905419687359e-01	   6.5962201352739569e-01	   7.6836499786703583e-01	   5.9987977551596194e-01	   1.0082544656464814e+00	   9.3907292400364406e-01	   1.1091045038046332e+00	   1.1547235285377344e+00	   4.5999158199465978e-01	   3.6708658489227697e-01	   1.9829599771304027e-01	   9.3918353743563776e-02	   3.9814296679545814e-02	   7.1384263685818489e-02	   3.2422183880023231e-01	   4.4976705674164091e-01	   8.7877924552057307e-01	   8.4074641576845188e-01	   1.9659644815592589e-01	   8.3309111654273293e-02	   7.5848956362213449e-01	   6.7145762057153258e-01	  -9.0662845230457381e-02	  -1.0173426696074242e-01	   3.6840373948755240e-01	   1.1733246700502849e-01	   2.7541902507662941e-01	   2.5092186955199397e-01	   5.8772447710492148e-01	   2.9607094788483046e-01	   5.7294565835556488e-01	   6.7893807623266433e-01	   6.4192616141163239e-01	   7.2249639411506994e-01	   6.5546590524929416e-01	   7.7946611196454563e-01	   7.9839594905399780e-01	   8.8782041900684583e-01	   7.6986269510220495e-01	   7.2617280563642117e-01	   8.0563176582819773e-01	   1.0850547146941518e+00	   9.8285929511094228e-01	   9.2538883452115406e-01	   1.3265368634586188e+00	   1.6230644067483535e+00	   9.4590537123517371e-01	   1.0107056798814855e+00	   8.6018305333400003e-01	   6.0976002389560169e-01	   9.2508918098948423e-01	   7.2954428140842786e-01	   1.0460448106731512e-01	   1.3431602292219214e-01	   5.3835919761946749e-01	   4.0568426461372520e-01	   8.9268801730389580e-01	   6.4891037916511329e-01	   3.5870498770862969e-01	   5.0441191480705005e-01	   6.6864706484765790e-01	   7.1854134421916172e-01	   7.5348259030246301e-01	   5.1127368856449851e-01	   3.4015358992519529e-01	   1.4086301165582849e-01	   6.9349059847076688e-01	   7.6033615978299129e-01	   1.1361627130521990e+00	   1.0707979523103921e+00	   9.8862541219232758e-01	   4.7364092850647399e-01	   7.6850178450483497e-01	   8.6753765838267760e-01	   8.1471075391912950e-01	   5.3821620456477248e-01	   8.2809675409293837e-01	   9.2237278072435758e-01	   7.2037503765656541e-01	   4.7273448723474670e-01	   2.2316745727484250e-01	   5.2006915442680890e-01	   1.7666239936228922e-01	   1.1187942471599083e-01	   4.7854545399579990e-01	   4.7634973619639720e-01	   8.1592594260438622e-01	   9.2058762797952931e-01	   4.1121135865792480e-01	   6.3643626713626777e-01	   6.6777406968007913e-01	   7.5745746061794339e-01	   2.8940991278230654e-01	   2.8929380086839390e-01	   2.5121161255820790e-01	   4.7448583766317110e-01	   1.1758701215570933e-01	   3.0476439906133418e-01	   4.5368845559503179e-01	   5.3880233926915511e-01	   4.8709182152180946e-01	   4.6303961360546986e-01	  -4.8836434974663126e-02	  -9.9724529667083534e-02	
   6.0463541478163629e-01	   4.9519296745433017e-01	   0.0000000000000000e+00	   6.8192826582592458e-01	   3.3875683509059296e-01	   2.1102757041815209e-01	   1.0506188281396218e+00	   4.9581027264778027e-01	   3.7772459226541261e-01	   2.4673017083326215e-01	   3.6809727686701132e-01	   3.3320214844976304e-01	   4.8831406606566174e-01	   3.2534945282933453e-01	   6.3149928995732674e-01	   4.8216306537325193e-01	   3.3533354559982387e-01	   2.4248119305274618e-01	   8.4862974492648102e-01	   7.1054954670517634e-01	   7.1811568075455057e-01	   4.6234644855818963e-01	   1.4136731839214594e+00	   1.0823101748550867e+00	   7.3983184065248986e-01	   7.2816673614889438e-01	   7.6161861557543642e-01	   6.4653015521010582e-01	   4.9735686258885115e-01	   3.7965146320750826e-01	   8.2136115190509529e-01	   7.7652260934571782e-01	   6.1600365180131522e-01	   5.7037970846204200e-01	   5.3242990544547475e-01	   1.9041975422118090e-01	   3.3166531112693404e-01	   2.0909765844624259e-01	   2.2172266231957088e-01	   2.7495961285821147e-01	   3.8861176935931785e-01	   1.4855372918401691e-01	   6.1521898769850303e-01	   4.8440011625279145e-01	   3.6037402373560579e-01	   2.9153363123204645e-01	   5.7632072687509894e-01	   5.6033773056848213e-01	   3.2018361724626015e-01	   2.3911274522763637e-01	   5.3965704052795971e-01	   3.2492364564143900e-01	   3.2943259207221104e-01	   5.2564838098363764e-01	   6.5488348065583912e-01	   5.9142710144765520e-01	   4.9094891253549133e-01	   4.4016552977015128e-01	   5.4164041960139886e-01	   3.1943351882163440e-01	   4.1209513634281936e-01	   1.9639473181249473e-01	   2.9778739248153402e-01	   7.4200400400131428e-02	   7.3353606133998905e-01	   3.9295138554670928e-01	   5.1888402810080525e-01	   2.3562097551122632e-01	   6.1887287284779724e-01	   3.6937948383255481e-01	   6.0342890804599958e-01	   4.9713511986878034e-01	   7.2557814854004299e-01	   5.1307468409134671e-01	   7.8477756688698674e-01	   3.9966165028042200e-01	   5.1701618884742540e-01	   3.4755976839477376e-01	   3.0541057041718511e-01	   4.0146017893086755e-01	   3.8885466916557532e-01	   4.4753794541062153e-01	   6.2885511612537881e-01	   2.4313683070899245e-01	   8.2689495322626039e-01	   6.1488627104719229e-01	   8.3076974586209418e-01	   7.5986424485541826e-01	   8.4887452078635683e-01	   8.4766737550915705e-01	   4.4128443890772800e-01	   4.5029023218367459e-01	   4.7807536755204716e-01	   1.0025410894326612e+00	   2.7043105310305116e-01	   2.1101149413885186e-02	   5.3740701054844864e-01	   4.2852326070481406e-01	   4.2610050789010856e-01	   4.9448849515352128e-01	   2.5341413438764010e-01	   7.8743251938828585e-01	   2.7248558998484196e-01	   4.7484823698707396e-01	   2.8913384370590162e-01	   3.0433697738665855e-01	   5.6526801864240236e-02	   3.2151178901385019e-01	  -3.2023165137292184e-02	   4.0945135711180369e-01	   5.6349232807819527e-01	   4.3043386747413714e-01	   1.9078895976304638e-01	   3.5229187618917845e-01	   8.5697406382199859e-02	  -9.5014064301109064e-02	
   4.6173231956345795e-01	   4.8266845062153008e-01	   6.8192826582592458e-01	   0.0000000000000000e+00	   6.3859725677651447e-01	   5.3223995913524513e-01	   8.6408243461062384e-01	   1.2849056763073909e+00	   7.0692957043068461e-01	   6.8144612907753566e-01	   3.7170626152364228e-01	   4.7375281947440190e-01	   5.4304704401213000e-01	   6.1905241004975153e-01	   5.1392306286203016e-01	   6.7786995043110188e-01	   3.1568157874492880e-01	   3.2942575475555730e-01	   7.2516937659306679e-01	   8.3715704328428975e-01	   4.6961301309149356e-01	   3.9865777139550618e-01	   4.8685831618080722e-01	   7.7794148912647332e-01	   4.3094057022505916e-01	   5.0643494832345948e-01	   4.7026818767673806e-01	   4.3410989050810200e-01	   4.9294654232143442e-01	   5.8738994899843422e-01	   5.8604405693848127e-01	   7.4044909289280425e-01	   8.6507538022106512e-01	   9.2288801665208142e-01	   3.3268130279583202e-01	   3.0751463440375221e-01	   2.4569813228720994e-01	   7.4350394608203890e-02	   1.2199972266434365e-01	   2.7878687283821368e-01	   3.5069998437328975e-01	   1.4420474602903474e-01	   7.0629891643943998e-01	   5.2362414717438577e-01	   5.5230286403909301e-01	   5.3208872889417536e-01	   5.5217633982156267e-01	   5.9391845924734676e-01	   2.3389538626979262e-01	   2.3897672603320530e-01	   4.8140865636548913e-01	   2.5240691888287847e-01	   2.1629492847804185e-01	   4.0829888552542359e-01	   4.8473477192931091e-01	   4.5391005133276630e-01	   3.5956382760941130e-01	   3.8761813927208727e-01	   5.0689260019582383e-01	   4.3771683463520694e-01	   5.7488229720642026e-01	   6.5020887553203277e-01	   4.6851670953600555e-01	   3.2759434020287453e-01	   7.5458319214771929e-01	   1.0091125572144892e+00	   8.2629592088551962e-01	   7.5416911432096623e-01	   4.5757267384973394e-01	   3.7393918140415366e-01	   6.0907055439714208e-01	   5.6842883372269881e-01	   5.7869283840000907e-01	   5.0231393654856649e-01	   6.4777594873405919e-01	   4.5610921079471284e-01	   5.3121855591365152e-01	   4.8130915088637427e-01	   2.4495804435869270e-01	   3.4125554753682513e-01	   3.3796781929741082e-01	   4.3391926730182845e-01	   4.3397424544017726e-01	   2.8536650349666887e-01	   5.4291838511253798e-01	   5.6157600368080773e-01	   3.8649259965753208e-01	   4.5530577194019417e-01	   7.5174738137996500e-01	   7.0499971350320056e-01	   8.1400633388279620e-01	   6.6713237868488418e-01	   1.1785393942572939e+00	   9.5774191324486879e-01	   1.3099702572304425e-01	  -6.5235076539567088e-02	   4.0644743160662339e-01	   3.0644832321093685e-01	   5.3377409108745111e-01	   5.7697783329665331e-01	   8.0067980716699449e-01	   8.2220863781269582e-01	   5.0206563595138565e-01	   5.7490753197333533e-01	   3.5095916408803057e-01	   2.2455311263510178e-01	   3.7185533515781588e-01	   4.9448359163571576e-01	  -4.3848687985466837e-02	   3.3918327780212226e-01	   4.9379814289545887e-01	   4.6858903387985251e-01	   4.0967764287252317e-01	   3.9181293423757685e-01	   1.2659641368772667e-01	  -2.0546087383094200e-01	
   5.5512301679579712e-01	   5.6846597086394468e-01	   3.3875683509059296e-01	   6.3859725677651447e-01	   0.0000000000000000e+00	   1.2369607629971584e+00	   4.9596778644829115e-01	   4.2888986140572616e-01	   6.7526575286127521e-01	   7.2403672445701017e-01	   4.5878795275288642e-01	   4.3295000915286103e-01	   3.5382478470391265e-01	   2.4694437427045737e-01	   5.0278763835241358e-01	   4.6633504363943762e-01	   3.2404549905007785e-01	   4.9104057143291202e-01	   6.0831518894253833e-01	   6.6153665843094900e-01	   5.6874482109736380e-01	   6.3779398327172676e-01	   2.4111679213648815e-01	   2.8301587550981611e-01	   2.8980630657249895e-01	   3.6675706295080768e-01	   4.9504226633187159e-01	   6.1758736650874313e-01	   4.7358842503330489e-01	   4.3608410146045806e-01	   2.0023747231401354e-01	   2.2881173792743598e-01	   4.2038890964922671e-01	   4.0220038870708313e-01	  -9.6576651436721325e-02	  -7.9111157208481275e-02	   9.8650179008061584e-02	   8.6792999535599352e-02	   8.3631497509367839e-02	   2.0120753276271619e-01	   2.5891022761731602e-01	   1.9913183595407744e-01	   4.0893347226008570e-01	   4.2276999064164866e-01	   4.9693345603504036e-01	   5.4688222921797680e-01	   4.4229603779365317e-01	   4.1146295415505008e-01	   5.4410286027759991e-01	   5.1520857800031172e-01	   5.4973503303485882e-01	   4.6484878399196250e-01	   4.3961842600690787e-01	   4.8013369962993130e-01	   5.0298505207204924e-01	   4.3254003434258470e-01	   4.7985926872141371e-01	   5.6079033793630129e-01	   7.7290079882778639e-01	   8.1329383237361252e-01	   5.9718851542000151e-01	   5.1302750654575535e-01	   5.3035657943391212e-01	   4.6080785965130316e-01	   1.8332802254668415e-01	   3.4230492969751958e-01	   4.9252641798490659e-01	   4.1401201560836959e-01	   4.4287383442048839e-01	   3.8660285623635832e-01	   4.6136482493637143e-01	   6.6266959474310083e-01	   4.0429130245593348e-01	   2.9926080836876601e-01	   4.6850177856726172e-01	   6.4569092995138258e-02	   2.0985415983929739e-01	   6.7058980521309777e-02	   2.5013021105856065e-01	   4.1459273024552751e-01	   3.4205831456734992e-01	   4.7171113048508112e-01	   4.4462417614204369e-01	   3.4022990215736093e-01	   3.6376798644658104e-01	   4.5382495554422458e-01	   2.4531783835312557e-01	   2.1625496652350426e-01	   4.8233355208955708e-01	   5.6681829385918292e-01	   6.0740123609021279e-01	   4.4364894337553540e-01	   4.5392604413430804e-01	   4.5905155909170348e-01	   1.6841749297571132e-01	   7.8274412491688303e-02	   3.5273813948974997e-01	   3.5686629484010740e-01	   5.5523999430613125e-01	   5.2389258096209890e-01	   3.8572740877284473e-01	   4.6776730347748785e-01	   3.5742915023843080e-01	   3.6552428116563929e-01	   7.6234690327045967e-02	  -8.3621939790734554e-02	   2.6777535163157484e-01	   2.6570572585977548e-01	   1.1788558737087855e-01	   2.4382164354605984e-01	   3.2761554943226834e-01	   3.9310969331043016e-01	   4.1730313802315872e-01	   1.1349581642244894e-01	  -3.0975312148047673e-01	  -6.2579220979001549e-01	
   6.1346379586192268e-01	   6.5700823175794132e-01	   2.1102757041815209e-01	   5.3223995913524513e-01	   1.2369607629971584e+00	   0.0000000000000000e+00	   4.3991894887657795e-01	   4.1721154663973070e-01	   6.0518745428024756e-01	   9.8244397038264952e-01	   4.6238388152143023e-01	   4.6561138515853712e-01	   3.4901120610468606e-01	   3.1210640854348382e-01	   5.3222971056060908e-01	   6.1398038545456146e-01	   3.9526707257950938e-01	   4.5966935666067871e-01	   5.8547419287808611e-01	   6.4199242438603243e-01	   4.5260732112494573e-01	   5.4290874564801239e-01	   8.6936061425165245e-02	   1.1347033574751761e-01	  -4.1538262505943113e-02	   1.3097787415215317e-01	   3.9191810471733723e-01	   6.0772443893342609e-01	   4.8174402349914924e-01	   4.0070468947682636e-01	   7.3606914917193428e-02	   6.6011979384969943e-02	   3.5981922808441735e-01	   3.5550769890751760e-01	  -2.4938062311718190e-01	  -2.0648571458200107e-01	   4.3575874480262566e-02	  -1.0648780429494765e-01	   1.2260371046335903e-02	   9.1724320814872820e-02	   1.4168087575499042e-01	   6.6100481377672285e-02	   2.6507106128347924e-01	   3.2277183755254069e-01	   3.9676755507366773e-01	   5.0852273267803472e-01	   2.6026287988590602e-01	   3.0027481073472506e-01	   6.5233774637806974e-01	   6.2464193232387566e-01	   5.3946307146656480e-01	   5.1534754343958322e-01	   6.0139879970158616e-01	   6.2949782042869584e-01	   5.2441237505449712e-01	   3.9149974654900366e-01	   5.4611249926258620e-01	   6.0545354128226248e-01	   8.3791479947624325e-01	   8.9268525461456272e-01	   6.4541942941896202e-01	   6.3695899912961529e-01	   4.6688990872383973e-01	   4.8929770062469952e-01	   6.0489766850659994e-02	   2.7019666637310735e-01	   3.6752083672720792e-01	   3.3805317261239842e-01	   4.6564630154342324e-01	   4.1847993211981782e-01	   3.6707110511544860e-01	   5.9879218402352297e-01	   3.4711886485459720e-01	   2.8245282832040264e-01	   4.2379201608240563e-01	   1.0253493905604168e-01	   7.2255312368164043e-02	  -7.4613209579257475e-02	   2.6274594722440836e-01	   3.8050907533595668e-01	   3.8387775702735094e-01	   4.5596879109330557e-01	   3.9002660789943655e-01	   2.8535299041858636e-01	   3.0182286961302290e-01	   3.9787459371422462e-01	   3.4270547332178530e-01	   2.3241770456528582e-01	   5.5460511336921547e-01	   6.4151836120861072e-01	   6.4829420568115403e-01	   4.2414282049019425e-01	   3.9977267448775794e-01	   3.3621911338360855e-01	   1.8892238111329867e-03	  -1.4979320177427794e-02	   1.9887063522809006e-01	   2.1560737215451969e-01	   4.8941023889816576e-01	   4.5934140293265530e-01	   3.8042927000358084e-01	   3.6738430697321961e-01	   3.7621676933643350e-01	   3.4030307294277357e-01	  -9.7121366221736803e-03	  -1.2857026921927084e-01	   2.3261047071568941e-01	   2.0294014667213534e-01	   1.9340901523542217e-02	   9.3557761361459754e-02	   2.0071044950748074e-01	   2.9196601978416958e-01	   3.8847570049404401e-01	   2.6572098330512325e-02	  -4.3361574612047993e-01	  -4.3601908768427539e-01	
   9.7231775621546634e-01	   8.2236782313478463e-01	   1.0506188281396218e+00	   8.6408243461062384e-01	   4.9596778644829115e-01	   4.3991894887657795e-01	   0.0000000000000000e+00	   1.0150325335724040e+00	   7.1285167837380248e-01	   6.3941897722482488e-01	   9.1690703239927729e-01	   8.6289361092014882e-01	   1.1106223387419063e+00	   8.0293345055502729e-01	   9.8709271167673285e-01	   7.5455870850230122e-01	   5.0890785155251383e-01	   4.3648686049539298e-01	   1.1378403634365275e+00	   1.0814122497730145e+00	   4.4141484821955257e-01	   3.2740190093837790e-01	   6.2430083252950297e-01	   5.1838107827174662e-01	   2.6184821454878265e-01	   2.8006847773852322e-01	   4.0538640003659182e-01	   4.0103061571827103e-01	   8.5378335197280042e-01	   6.8361070422948811e-01	   5.4200438182143995e-01	   4.8780763418144690e-01	   7.6479385616874851e-01	   7.7541970915961300e-01	   1.9171809253288152e-01	   3.8588162400344447e-02	   2.0188420034765658e-01	  -4.5073890462163799e-02	   4.3393520414046587e-02	   1.3772631475998987e-01	   3.6619591963428960e-01	   1.4789606674705186e-01	   5.5461355212905883e-01	   4.7371911558832747e-01	   4.7921489511439130e-01	   4.6083316892372467e-01	   5.0766097519393028e-01	   5.7314528259838748e-01	   6.1664903770646828e-01	   5.7136749228804995e-01	   8.1650475316510085e-01	   5.7868637753639529e-01	   6.8976496724838410e-01	   8.8779044883171465e-01	   7.6426316822905582e-01	   6.6487247411268813e-01	   5.4078535066343336e-01	   5.8866007462776149e-01	   8.4198699887991890e-01	   5.7738102961690774e-01	   9.8913307844451925e-01	   6.6922251805034261e-01	   7.2176718534199746e-01	   5.9321418028954520e-01	   6.0737804941653484e-01	   4.2810070569064668e-01	   5.3623463480981048e-01	   3.0581845990129730e-01	   6.2991444943995700e-01	   3.7990029646724871e-01	   5.1783200303589227e-01	   5.7009040944482758e-01	   8.4932736081289784e-01	   7.8237326927172712e-01	   9.2541351286683793e-01	   6.1023003362890893e-01	   5.2920847862741938e-01	   3.4950392627910659e-01	   3.4147730371306190e-01	   4.0388329811418650e-01	   5.8773542419842040e-01	   6.5338094000473679e-01	   7.2158298297401491e-01	   3.3253821220154395e-01	   7.9312077895156574e-01	   6.9525514543754519e-01	   6.2367107122642362e-01	   5.1963776866425404e-01	   1.0444405227147908e+00	   9.8744819947596718e-01	   9.1955115030824564e-01	   6.2963516981074219e-01	   6.4172068483327760e-01	   1.1789666986632881e+00	   1.0131216063598829e-01	  -5.4924800404567382e-02	   3.7560367728637822e-01	   3.6014571186733613e-01	   7.3884638109439460e-01	   7.8663372753475647e-01	   6.3725454963280481e-01	   1.1439830608081278e+00	   6.1814885874840142e-01	   7.3637124181547697e-01	   3.1994417697770910e-01	   2.9985036687716593e-01	   3.2773480808285338e-01	   4.8157321146574028e-01	  -6.5364080617231049e-02	   2.9134494071032163e-01	   3.9832340360495849e-01	   4.5640211411095638e-01	   3.7432458623181103e-01	   4.3764222131776043e-01	   4.6431749002709924e-02	  -1.0221604095413324e-01	
   5.7451335824619720e-01	   5.5786549835633303e-01	   4.9581027264778027e-01	   1.2849056763073909e+00	   4.2888986140572616e-01	   4.1721154663973070e-01	   1.0150325335724040e+00	   0.0000000000000000e+00	   9.1659204186271726e-01	   8.8958887367185624e-01	   6.1559254654086226e-01	   8.2104922522376489e-01	   9.2880305733905000e-01	   1.1435269005153215e+00	   6.6710062645017787e-01	   7.4426665190408470e-01	   3.6373166537485530e-01	   3.6678600572355557e-01	   6.8573580314690608e-01	   7.9058608742499970e-01	   2.2789643557707426e-01	   1.7108411711535459e-01	   2.7597709434445428e-01	   4.2521433149963445e-01	   1.5685548380499484e-01	   1.7221594623550063e-01	   1.6770411784250230e-01	   1.4475995681849618e-01	   6.7959606679763185e-01	   7.5664308944902092e-01	   4.5706561136311202e-01	   5.4122315505907681e-01	   7.7895050073449845e-01	   9.4051447882958317e-01	   1.7438440888310808e-01	   2.1028426875394846e-01	   2.0938834046053137e-01	  -8.1847077109062027e-02	   4.3605891588427141e-02	   1.4167952541021581e-01	   3.6524786475275595e-01	   9.9470169801648051e-02	   5.9277003844663301e-01	   4.6680128992900810e-01	   5.5118027221780563e-01	   5.7214804552400911e-01	   4.6636817281185811e-01	   5.2918202758371513e-01	   3.2237738923366999e-01	   3.7832907102092272e-01	   5.4059562755311585e-01	   3.6713423503855658e-01	   3.8181679862345952e-01	   5.4775682869732112e-01	   4.9413869263128407e-01	   4.3153631615822008e-01	   2.8135519305521622e-01	   3.5230047749717802e-01	   4.6942767529108775e-01	   4.1242833422596792e-01	   7.5970171104439665e-01	   9.7993331402439277e-01	   5.8782544371401801e-01	   6.0199682120913467e-01	   6.2072817611568387e-01	   7.6631886464566745e-01	   5.0997191656349172e-01	   5.1223214302584874e-01	   2.6899095686213320e-01	   1.5117972739632821e-01	   4.5961428049750752e-01	   4.5997303891757768e-01	   6.8340088075636607e-01	   6.8057941215668916e-01	   7.1881164689480148e-01	   6.2215193407156810e-01	   5.4731029110678087e-01	   4.8841274304652915e-01	   2.1658446863476347e-01	   2.6073547160381882e-01	   3.6663558091200638e-01	   4.2187486103715721e-01	   4.0419889643150025e-01	   2.0517089960948492e-01	   4.2056195803150520e-01	   4.3822869154408850e-01	   2.7825106589152376e-01	   2.7343339853204907e-01	   7.4288274733395954e-01	   5.9753724392308105e-01	   9.1267741578340655e-01	   5.3311558416438254e-01	   1.0295735373147608e+00	   8.8104149034924550e-01	  -8.1307507302105862e-04	  -1.3069069560284274e-01	   2.7220658531720449e-01	   2.3764399961238855e-01	   6.3186689825761633e-01	   6.4658741939689268e-01	   1.0899086637860516e+00	   9.0557462949522405e-01	   7.4056909366897994e-01	   7.2353392205957945e-01	   3.9282782342581102e-01	   3.3871690460971854e-01	   4.7519932953912081e-01	   5.2447775596227264e-01	  -8.4953423804432965e-02	   2.7639646787895039e-01	   3.6340472405874846e-01	   4.4031020353175376e-01	   4.1564023027153807e-01	   5.2738045527602750e-01	   2.2557980270449929e-01	  -4.9871095926751319e-02	
   6.6823587947657048e-01	   5.4080436504091922e-01	   3.7772459226541261e-01	   7.0692957043068461e-01	   6.7526575286127521e-01	   6.0518745428024756e-01	   7.1285167837380248e-01	   9.1659204186271726e-01	   0.0000000000000000e+00	   1.1303861142516283e+00	   6.3218500581388115e-01	   6.6674020632510600e-01	   8.0993421972045088e-01	   8.5344373881897662e-01	   9.7618890899257760e-01	   7.7686847249202107e-01	   4.1893068184789384e-01	   3.6731107415288811e-01	   5.9290138087107258e-01	   6.1300743347763287e-01	   3.6112342283339632e-01	   3.7453111522551591e-01	   1.7572245019440397e-01	   2.2910816520229235e-01	   1.4310706366636400e-01	   1.4361309204377276e-01	   1.4295135366369333e-01	   2.0031602067118640e-01	   8.5566988963602775e-01	   6.6950875028447054e-01	   3.1033476996100545e-01	   3.5483006012852780e-01	   5.5851439047972107e-01	   6.2841188728318875e-01	  -5.6120378351114872e-02	  -1.9727627699813639e-02	   2.4019414049019397e-01	   2.2086686882703023e-02	   4.6012205652933222e-02	   1.3742658575837871e-01	   4.1645485377376840e-01	   9.2606810559949307e-02	   5.6986516649603358e-01	   4.8526589745018822e-01	   6.1628678112589874e-01	   5.9346600249093517e-01	   5.5229742059046094e-01	   5.3641679002419429e-01	   5.5983080583522382e-01	   5.4160344726605614e-01	   6.6464929532683026e-01	   5.1425408927726746e-01	   5.5872467182459251e-01	   6.5519715018047908e-01	   5.8973577717540426e-01	   4.4224385676628170e-01	   3.7198665564412536e-01	   4.2305323851635951e-01	   6.0496020426196273e-01	   5.3892091468705017e-01	   7.7475507449369996e-01	   7.8656891549654739e-01	   5.6000302451314177e-01	   5.3854454108216654e-01	   3.8919804498692817e-01	   4.6963639658077705e-01	   3.3577000763087927e-01	   3.0854637645572786e-01	   2.6704377152857561e-01	   1.3394804374211799e-01	   6.4113901572341148e-01	   5.8798504480121361e-01	   8.3376557625003955e-01	   5.2524467021698140e-01	   8.2236281865753869e-01	   3.1781432126517711e-01	   4.2221528806327124e-01	   2.6262323082008077e-01	   3.0885288481722678e-01	   3.6399903907483927e-01	   4.9636236304825915e-01	   5.7803573849585865e-01	   5.4672552453393464e-01	   2.7329533425115649e-01	   4.5169887099112183e-01	   4.6962202397491498e-01	   2.3984506899813013e-01	   2.4563622070817259e-01	   6.5690412029227441e-01	   5.8884848454326744e-01	   8.4798421521142364e-01	   3.9888282493807720e-01	   6.8674461943762444e-01	   6.8946359954117731e-01	   3.4742539803233871e-02	  -1.1571356226998554e-01	   3.8109016118066069e-01	   3.4565030825777571e-01	   7.1533485290894172e-01	   6.5158305399790073e-01	   7.1708307516057312e-01	   7.5977230854532218e-01	   6.3494601869631506e-01	   6.3958026279949198e-01	   2.2069866460273896e-01	   1.9408171682029920e-01	   4.5620630956651431e-01	   4.1007037406716396e-01	  -2.3061366643358082e-02	   3.5619741962545626e-01	   4.1758193343557570e-01	   5.0771226100057054e-01	   4.3358997795679166e-01	   4.6114405559603777e-01	  -9.7301240824331197e-04	  -2.3514563529453456e-01	
   6.8082009971389468e-01	   6.2002278938585864e-01	   2.4673017083326215e-01	   6.8144612907753566e-01	   7.2403672445701017e-01	   9.8244397038264952e-01	   6.3941897722482488e-01	   8.8958887367185624e-01	   1.1303861142516283e+00	   0.0000000000000000e+00	   5.9390933481182462e-01	   7.2309821588702061e-01	   6.9872006951426990e-01	   7.8207967577058513e-01	   7.5882169640754493e-01	   8.5532126377528539e-01	   4.0879926276367817e-01	   3.6099491491527119e-01	   6.1026697005512709e-01	   6.3656933777153846e-01	   2.0543624018645051e-01	   2.2464902692786343e-01	   6.9374604150580929e-02	   1.1956965067428754e-01	  -1.3419367918833158e-01	  -4.1549145654294628e-02	   5.8219189301499170e-02	   1.5939330939302185e-01	   6.8732569806662736e-01	   5.8252263833465823e-01	   1.2115857125658533e-01	   1.5333841338361212e-01	   4.2567616835023758e-01	   4.9057954501211004e-01	  -2.2972180650013838e-01	  -1.5917891298108958e-01	   8.3676857064415536e-02	  -1.9826685418042705e-01	  -6.8061368277487891e-02	  -3.1851830617071167e-03	   2.1639469378364692e-01	  -3.0507444320666599e-02	   3.7305436975727341e-01	   3.7533628100593042e-01	   4.5890371578798300e-01	   5.6762636733411043e-01	   3.5435793793628878e-01	   3.8296892396731497e-01	   6.1980271329408654e-01	   6.3784279863635340e-01	   6.1002908771958253e-01	   5.4709818784783715e-01	   6.5542687974344105e-01	   6.8238707602113646e-01	   5.3629384160745963e-01	   3.6211070759173314e-01	   3.8107954928238685e-01	   4.2695299195143144e-01	   6.5827679786962878e-01	   6.6885041130476064e-01	   8.0895117871185329e-01	   9.6544435538004425e-01	   5.4683053927387459e-01	   6.5459791067689521e-01	   1.8921078312886358e-01	   3.5462108383769669e-01	   2.4681622493804506e-01	   2.4763936902549333e-01	   2.5726803139082555e-01	   1.2200383325265353e-01	   4.5144678857623355e-01	   5.6483870424391980e-01	   5.3956486595176256e-01	   4.4053243785952301e-01	   5.9239545775321956e-01	   2.9351258449348239e-01	   2.7764954411253556e-01	   1.3998676849545821e-01	   2.4864578905608814e-01	   2.5273647946479294e-01	   3.8963267808843077e-01	   4.4170820819183820e-01	   3.9131453647130832e-01	   1.7390301604476494e-01	   3.1081182556483666e-01	   3.5884427110459044e-01	   2.5889028203946601e-01	   1.8637716095834031e-01	   6.6429959939861027e-01	   6.1435247934120796e-01	   8.7139796063046326e-01	   4.0085671563888980e-01	   6.6989673931933824e-01	   5.7395109251875731e-01	  -1.1211604220192169e-01	  -1.8971485188052620e-01	   1.9605028692643658e-01	   1.9346025604442310e-01	   6.2956705701114779e-01	   5.7428252153111359e-01	   7.2958686400366768e-01	   6.6379239249892164e-01	   6.1183843360089163e-01	   5.6592554290250874e-01	   1.0472335907426815e-01	   7.3692721990919488e-02	   3.4106580097674016e-01	   2.7791811418442403e-01	  -1.5139418792201467e-01	   1.6210014366372083e-01	   2.4279166826991067e-01	   4.1127513020587719e-01	   4.6343331717898606e-01	   2.9989738469781629e-01	  -1.6259341613419881e-01	  -2.4140483331068255e-01	
   1.1547805143278138e+00	   1.0236190805970375e+00	   3.6809727686701132e-01	   3.7170626152364228e-01	   4.5878795275288642e-01	   4.6238388152143023e-01	   9.1690703239927729e-01	   6.1559254654086226e-01	   6.3218500581388115e-01	   5.9390933481182462e-01	   0.0000000000000000e+00	   1.2464987645634229e+00	   1.4082950158512733e+00	   8.3180829272993906e-01	   9.3150223395736254e-01	   5.7856992140678198e-01	   6.6569247713134994e-01	   6.4517726398653941e-01	   8.1248910475587810e-01	   8.2476806609414377e-01	   2.4071150258504903e-01	   2.1921359363683976e-01	   1.3754915283471839e-01	  -1.2043212365201530e-02	  -6.9100567372374008e-02	  -5.8349785137518213e-02	   9.5441642213655614e-02	   1.7993108586816375e-01	   1.0088689647557076e+00	   7.7654529381110216e-01	   1.8046641334387817e-01	   7.8339895860334408e-02	   4.6969771262066318e-01	   4.8920682963699047e-01	  -1.6767577078869900e-01	  -1.7948331817167265e-01	   1.1300497354343418e-01	  -7.4587505055803999e-02	  -3.0145988618784113e-02	   7.5313786328394068e-03	   3.6207989256154582e-01	   1.6668254840107843e-01	   3.6458619421305016e-01	   4.2111379040255414e-01	   4.3407165137597792e-01	   4.5554473711427418e-01	   4.2448208467958493e-01	   4.7353806498989759e-01	   7.7421224106981668e-01	   7.7175664842755565e-01	   7.4062588209142377e-01	   7.3151564413383419e-01	   8.6979570499826453e-01	   8.5544819782243264e-01	   6.3877575451537250e-01	   5.5413922768662305e-01	   6.2240200845203275e-01	   7.6092229177421633e-01	   8.0372521478529746e-01	   6.8831648085635877e-01	   1.0475353538893473e+00	   6.9617164464915182e-01	   9.0626109892020901e-01	   9.6406190101382205e-01	   1.2106899165279637e-01	   6.5456349500884262e-02	   2.7815956468094161e-01	   1.4416733691056347e-01	   4.8148566192867409e-01	   3.0789864250763449e-01	   2.4286289685756218e-01	   3.6895196175821848e-01	   5.8063326578950303e-01	   7.4833917149304985e-01	   6.0901409122013450e-01	   4.9713706940927505e-01	   3.2161365771588757e-01	   1.3595856037180362e-01	   4.1694675575724988e-01	   4.2003965268160282e-01	   7.4111546556542662e-01	   7.6763097375245315e-01	   7.6191232030053568e-01	   3.2594805243892166e-01	   5.6845768540518549e-01	   5.6210992195523724e-01	   4.3912665342457197e-01	   2.6256133572841661e-01	   6.0130637921962671e-01	   6.2003131350671170e-01	   7.0098055567663153e-01	   3.4355952613146495e-01	   2.1990841241017706e-01	   4.5459514091761377e-01	  -1.9419364557314831e-02	  -4.9675675691285941e-02	   1.8838263993984949e-01	   2.1805476815754066e-01	   6.5594962554457181e-01	   6.2136974196052819e-01	   4.1468551881047755e-01	   5.8805883316689922e-01	   5.5093225482554986e-01	   5.3012811033209573e-01	   9.9652406949576555e-02	   1.1887960555094343e-01	   2.2307370635994772e-01	   2.9128063680812344e-01	  -1.2364725842982242e-01	   1.3661084934398668e-01	   1.7996642805189922e-01	   2.8828169825305888e-01	   2.8119919917979852e-01	   2.9555760718044677e-01	  -1.0226553975954922e-01	  -1.6956936424875263e-01	
   8.3186936954131729e-01	   8.6958265485160990e-01	   3.3320214844976304e-01	   4.7375281947440190e-01	   4.3295000915286103e-01	   4.6561138515853712e-01	   8.6289361092014882e-01	   8.2104922522376489e-01	   6.6674020632510600e-01	   7.2309821588702061e-01	   1.2464987645634229e+00	   0.0000000000000000e+00	   1.2375031069415408e+00	   1.2866399913221498e+00	   8.4823810057900073e-01	   6.5922215153097130e-01	   4.7123329025495586e-01	   6.0567529063835535e-01	   6.6152095905683728e-01	   7.0544005487112815e-01	   2.2494480827316188e-01	   2.6461487614155144e-01	   1.5528240669029481e-01	   6.5426064079013579e-02	  -6.3923465100813356e-02	  -8.5698336979648876e-02	   2.4853673247407743e-02	   1.3703038755428745e-01	   9.7056350447813478e-01	   9.6455521031753000e-01	   1.7701409617866265e-01	   1.1267811400636733e-01	   5.1961091250606561e-01	   5.5286963091653729e-01	  -1.6513022372983899e-01	  -1.0028958936056494e-01	   8.9276299502162856e-02	  -4.6842088158035290e-02	  -3.9560513469403362e-02	   3.8165957694414859e-02	   3.7502136770142397e-01	   2.1360719291086661e-01	   2.9472487492513455e-01	   3.4534389131951321e-01	   4.6176373668803811e-01	   5.7305349331483790e-01	   3.2206870789218922e-01	   4.2881061781521701e-01	   7.2745903379948562e-01	   8.2999736807275193e-01	   7.5060145855610194e-01	   8.2621318966027668e-01	   9.0564147434917763e-01	   9.6203095814889661e-01	   5.9214743651357804e-01	   5.9205835950804575e-01	   4.2409510194324496e-01	   5.3683341001817786e-01	   6.7972259397648571e-01	   6.7948221665901598e-01	   9.4909081787394001e-01	   9.2287676754353598e-01	   7.2764087880194750e-01	   1.0340636447268206e+00	   1.1981296961507619e-01	   1.6758352423078285e-01	   3.1245611927614930e-01	   2.7920435574626701e-01	   3.8947574145214814e-01	   2.1364839146734915e-01	   2.5810296946928551e-01	   4.1895088788891044e-01	   6.5374043795574588e-01	   8.9072822625324277e-01	   6.7502776871711512e-01	   5.0846312117292825e-01	   3.1386794654920253e-01	   1.8517976345935452e-01	   3.1420854404423576e-01	   3.6854304754693723e-01	   5.6301663487964793e-01	   6.4889278784791715e-01	   5.3338907106890521e-01	   3.1935635822022440e-01	   4.4038660925763917e-01	   4.9961748304336306e-01	   2.7521297949192092e-01	   1.7151999774532647e-01	   6.2746886951185499e-01	   6.3754100733455066e-01	   8.2091855030189087e-01	   4.4457610753776755e-01	   3.9334682173360364e-01	   5.2051167480921567e-01	  -1.8716271984351503e-02	  -1.9966453982183330e-02	   1.6919732023661915e-01	   2.4359781063007815e-01	   6.8975450912996950e-01	   6.8664310998270039e-01	   6.4186973551876902e-01	   6.2226275669358888e-01	   6.7965469861633399e-01	   6.4930158844305064e-01	   2.1760441590492133e-01	   1.8270502995829843e-01	   3.7233746323123607e-01	   3.7710039758541769e-01	  -3.3787811323569943e-02	   1.2385131884206953e-01	   1.4023303744792553e-01	   3.6914574625311786e-01	   3.9794775049937392e-01	   3.9410375351242694e-01	  -4.7795092131579724e-02	  -2.1174985668108592e-01	
   1.0109544584593351e+00	   8.7429905419687359e-01	   4.8831406606566174e-01	   5.4304704401213000e-01	   3.5382478470391265e-01	   3.4901120610468606e-01	   1.1106223387419063e+00	   9.2880305733905000e-01	   8.0993421972045088e-01	   6.9872006951426990e-01	   1.4082950158512733e+00	   1.2375031069415408e+00	   0.0000000000000000e+00	   1.2386808713091546e+00	   1.0729047164805512e+00	   6.7164685184264616e-01	   5.2878605860137440e-01	   4.5409337435759367e-01	   7.5309281980289522e-01	   7.6587655000366972e-01	   3.0408241553012416e-01	   2.0207962734433677e-01	   2.4884691431113320e-01	   1.5299068077384842e-01	   5.0863718955458978e-02	   3.4151980882782561e-02	   1.1623531798635386e-01	   1.4747386360948433e-01	   9.4497554378854476e-01	   7.5196682766909273e-01	   3.3754688823550200e-01	   2.6760482262275354e-01	   5.6118902820982663e-01	   5.8082899609890393e-01	  -4.5003837644458831e-02	  -9.4996745594374710e-02	   1.0672028398632943e-01	  -1.3145353365554693e-01	  -7.1932192385693386e-02	  -1.0463557671888363e-02	   3.3676702594032198e-01	   9.0036992896301793e-02	   4.4291380652283369e-01	   4.4623908642712462e-01	   4.8033534883637752e-01	   5.0436929254404872e-01	   4.4463664676161063e-01	   5.0653924259911298e-01	   6.7210677669486751e-01	   6.8897782998808621e-01	   7.1895004841307253e-01	   6.5243239172464873e-01	   7.0815969875814744e-01	   8.2945736097147293e-01	   5.7304250186124406e-01	   4.9809330582442024e-01	   4.6619507988094816e-01	   5.7673260152785821e-01	   6.8027561861063368e-01	   5.8630016002908736e-01	   1.0314108166376164e+00	   8.3296894406386890e-01	   6.9810901640734302e-01	   7.6774326567992679e-01	   3.4035752527037783e-01	   2.2506580612824512e-01	   2.7897789203959134e-01	   1.6091277104716997e-01	   4.2307767230351628e-01	   2.4892458746415891e-01	   2.9950970705897945e-01	   3.4347559649604342e-01	   7.1918980108875885e-01	   7.7635540310478168e-01	   7.6661454727633715e-01	   5.3253809325141055e-01	   3.6741352156584023e-01	   2.2813979534376638e-01	   3.3440861528692539e-01	   3.1018691490589489e-01	   6.0782353197453998e-01	   6.6164988707564310e-01	   6.6183923663589872e-01	   2.3772214845416412e-01	   5.8959054853564430e-01	   5.4614929984685623e-01	   3.9575138797341114e-01	   2.7354761341782380e-01	   6.7769147050195366e-01	   6.0874144940581609e-01	   7.8833145247411784e-01	   3.4217585215994306e-01	   3.9671930211812856e-01	   6.1479703935157992e-01	  -2.1993864520136325e-02	  -1.1599343130580707e-01	   2.1109617374345888e-01	   2.4002118648036810e-01	   6.1985926875879993e-01	   6.3508199904961571e-01	   5.2629981173084783e-01	   7.0267474340443981e-01	   5.7485164848537051e-01	   6.0686189955619874e-01	   2.2585728436709263e-01	   2.4247204952781171e-01	   2.8813605812437426e-01	   3.5863481419938986e-01	  -1.2333699837419970e-01	   1.7144997243308607e-01	   2.3654257920032556e-01	   3.5424161565256473e-01	   2.6672024257733873e-01	   4.3898133678185380e-01	   3.3976761623292183e-02	  -7.8639213908755445e-02	
