   0.0000000000000000e+00	   1.8317398443877815e+00	   1.1662906276081773e+00	   9.8662087569847667e-01	   7.9374447644229096e-01	   7.5809548079130928e-01	   1.0110966913634767e+00	   7.7173316026333261e-01	   8.9865307407088035e-01	   7.5294270885265380e-01	   1.3966452449310118e+00	   8.6454587514288339e-01	   1.2605028809386067e+00	   9.9905995966728400e-01	   1.2211215767484989e+00	   1.1858935239520074e+00	   1.3483588928931609e+00	   1.0807825179805433e+00	   1.3856395169467353e+00	   1.2875323720352927e+00	   5.6485124734197001e-01	   9.2065335164367912e-01	   1.0141459726721789e+00	   9.7558294940781309e-01	   1.1012777130894222e+00	   1.0874778805346299e+00	   1.1850769052129744e+00	   1.2025644964179592e+00	   1.0687387324960942e+00	   9.3191742016425994e-01	   8.9200977851298613e-01	   8.2675435112495643e-01	   1.4974016136296424e+00	   1.3678035659894441e+00	   8.2295297283239721e-01	   6.3558220745334026e-01	   5.5942224367791527e-01	   5.9138679233071278e-01	   6.9667889538921590e-01	   7.9285868946170091e-01	   4.3006779561609548e-01	   9.5233618710051449e-01	   7.2214206574264028e-01	   8.9850236920630466e-01	   7.7600421473724790e-01	   9.1834250493500369e-01	   8.2970530553382282e-01	   1.0268347751077789e+00	   7.9752496374872983e-01	   9.4767420078776254e-01	   8.9408914565193531e-01	   1.0008952427584206e+00	   7.3003404386516602e-01	   9.0166052576478561e-01	   8.9350648231976537e-01	   1.0866692984550803e+00	   1.6333846915889128e+00	   1.3872398728999229e+00	   1.1052062858675256e+00	   1.0448215031894690e+00	   1.0204319589058681e+00	   5.4547242122825368e-01	   1.4055437678368901e+00	   9.9960125394149846e-01	   6.3102721723440625e-01	   6.8158638555662110e-01	   9.0096176563390584e-01	   8.0678417033915006e-01	   1.2465867114853533e+00	   1.1711143124577243e+00	  -4.3489931334583856e-02	   2.7561392282874582e-02	   7.0059596328543605e-01	   5.2044823854137556e-01	   7.1015710656504916e-01	   5.3634649368423382e-01	  -4.6061117386992848e-04	  -1.2199451438246023e-02	   8.9300899635708686e-01	   1.0895433139467159e+00	   1.3944251203207987e+00	   1.2562786433289337e+00	   1.0279074190993429e+00	   9.1572913413047430e-01	   1.2006907087560947e+00	   1.2400746531445155e+00	   9.0425888535552101e-01	   8.9324900850210220e-01	   9.0731864301651022e-01	   1.2422103624285779e+00	   4.8945329637541302e-01	   5.2617673792045194e-01	   3.7171421810952832e-01	   6.5571385850463237e-01	   6.2089712807035868e-01	   1.3259945382413491e-01	   9.9692396317193388e-01	   9.5283431561532839e-01	   7.4237259434498881e-01	   8.3416479052186310e-01	   5.1077630767169757e-01	   6.0794945604291517e-01	   7.5877242596982963e-01	   9.1702821151819403e-01	   4.4170530840303890e-01	   3.7551139750346441e-01	   3.3301541359975617e-01	   5.4103347169833493e-01	   1.8644698020242678e-01	   4.3714264582847928e-01	   7.0016150943504163e-01	   5.7975989643130244e-01	   4.2355287429440042e-01	   5.2506299707329662e-01	   8.8537505681489145e-02	  -2.0562341177865007e-01	
   1.8317398443877815e+00	   0.0000000000000000e+00	   9.7639340719800749e-01	   8.9425438141720570e-01	   7.7574100435254090e-01	   7.0467553536434246e-01	   8.3178803910813348e-01	   6.8372476481097855e-01	   8.7429691583340896e-01	   7.1024991736235532e-01	   1.0640332139533155e+00	   8.0473158789320132e-01	   1.0475332010349347e+00	   8.9011369065029466e-01	   1.0259769942154517e+00	   9.9041986272812477e-01	   1.3610292924717484e+00	   1.1240371894386445e+00	   1.1525169102944472e+00	   1.1320539678619894e+00	   5.0544812267469275e-01	   8.3358268332722729e-01	   8.4370588514745404e-01	   8.5024191886978850e-01	   1.0112254925502715e+00	   9.7460569555213183e-01	   1.1131734918898166e+00	   1.0903857517712761e+00	   9.5303365783607963e-01	   8.4877044038055649e-01	   7.8284537657979592e-01	   7.4128114691878233e-01	   1.2789149952594003e+00	   1.2002008509870854e+00	   7.2665313086369565e-01	   6.1129238432345689e-01	   4.7287125768477722e-01	   4.8274518216652024e-01	   6.1704205848863491e-01	   7.0653313779621330e-01	   3.9182049763472460e-01	   8.2389746634309979e-01	   7.2667251319865944e-01	   9.0770520110272757e-01	   7.5863559027818572e-01	   9.2248573605578910e-01	   8.6331468886298057e-01	   1.0220633787411835e+00	   8.1113375902998186e-01	   9.7953272430920335e-01	   8.9745791370213179e-01	   1.0178668560058701e+00	   8.1038168474320993e-01	   9.4395055375634795e-01	   8.8983748582216382e-01	   1.0560747104205526e+00	   1.7921214158072860e+00	   1.7608974045269632e+00	   1.0096560981825604e+00	   1.0476050438555153e+00	   8.7198743930255262e-01	   4.9825789929798403e-01	   1.1822275699870226e+00	   8.9890098544949271e-01	   5.2752206706474580e-01	   6.0425386265719694e-01	   8.0715949984248891e-01	   7.4477743741452629e-01	   1.2588566638907439e+00	   1.1693679015867646e+00	  -1.0029557928541152e-01	  -5.4964549456444994e-02	   5.3116780713544987e-01	   4.0223081109963871e-01	   5.2247167488490409e-01	   3.7741705717569540e-01	  -8.5364602379035384e-02	  -1.0050834273431984e-01	   8.5744545309235654e-01	   1.0972038089947678e+00	   1.3393994246529917e+00	   1.1523140350450620e+00	   9.4103657221236858e-01	   7.9506432907634961e-01	   1.0899368543907761e+00	   1.1122761506307450e+00	   8.8360601539349926e-01	   8.7659945484524926e-01	   8.7176686046901364e-01	   1.1635937753208190e+00	   4.3872783741362464e-01	   4.5177945032226119e-01	   3.2039891214190597e-01	   5.6621560043665520e-01	   5.2536077129855452e-01	   8.8497611335921711e-02	   9.0408348370997427e-01	   8.2637779224213026e-01	   7.2228812155115829e-01	   7.4569230268541975e-01	   4.7176919100804260e-01	   5.6999631580349941e-01	   7.1666910798484917e-01	   8.7919727804146186e-01	   3.4892268671730031e-01	   2.8895090914473931e-01	   2.3509601938643448e-01	   5.0067086673231365e-01	   1.6695797223404168e-01	   3.6519428146234306e-01	   6.2267879711670127e-01	   5.1440643250426343e-01	   2.8977371829298870e-01	   4.5110832170288667e-01	  -7.5204681097832925e-03	  -2.4196543736710566e-01	
   1.1662906276081773e+00	   9.7639340719800749e-01	   0.0000000000000000e+00	   1.4751459970613279e+00	   1.1207177116955900e+00	   9.9846325080508702e-01	   1.8161806190187906e+00	   1.0558201431609915e+00	   1.1636116623840824e+00	   1.0649363097721558e+00	   1.2772015597651170e+00	   8.7144062870128680e-01	   1.2844973303221754e+00	   1.1078379206201312e+00	   1.3028341860197989e+00	   1.4449022353548850e+00	   1.0729232377143492e+00	   8.6590529436619135e-01	   1.4586683621941023e+00	   1.3200864530991236e+00	   8.7961321310222951e-01	   1.2174872640842667e+00	   1.8083438516128705e+00	   1.5368099502723171e+00	   1.1680715560422716e+00	   1.1138318072019149e+00	   1.2060719943056890e+00	   1.3442211977388709e+00	   1.0824396482950895e+00	   9.0253470129425506e-01	   1.2973797690958522e+00	   1.1799965987715391e+00	   1.3179507641788466e+00	   1.3163600148645862e+00	   1.0261426384051364e+00	   8.6857315917166034e-01	   8.6345438823479215e-01	   8.2617802901789927e-01	   1.1865093190749905e+00	   1.1306390329658080e+00	   6.3511296921292870e-01	   1.2110744579426722e+00	   6.9870175776007670e-01	   7.8343722540885452e-01	   9.5428186968549666e-01	   9.7985001842908936e-01	   7.9160615972466819e-01	   9.4954210309461173e-01	   8.5988740572580502e-01	   9.0492008916404543e-01	   9.5119086205876124e-01	   9.1398992656775657e-01	   7.5511975426230860e-01	   9.2329269280761239e-01	   9.9946509232959935e-01	   1.2085003732466499e+00	   9.4764006187769290e-01	   8.4680035710777668e-01	   1.1910424732764537e+00	   1.2315782722628392e+00	   1.1097226519038164e+00	   6.4464298543329268e-01	   1.2760374705048931e+00	   1.0154565265931628e+00	   1.1011295731054855e+00	   8.4398007064117875e-01	   1.3337607053051479e+00	   1.2000056556139520e+00	   1.0735130332469431e+00	   1.1305835436012777e+00	   2.0543793933296592e-01	   2.4424573324095011e-01	   8.8048425480409787e-01	   7.5017730045299647e-01	   9.0960919146545771e-01	   7.9318925605994928e-01	   2.9256948133572791e-01	   2.5359590516156960e-01	   6.8791927979899192e-01	   9.2655791400505172e-01	   1.1431214282310778e+00	   1.2037512924298219e+00	   9.2132561870705909e-01	   9.7457260880511765e-01	   1.1729022666925868e+00	   1.3135733554509099e+00	   7.9704442940958720e-01	   8.8823144166948620e-01	   1.0011582292454093e+00	   1.4426786756540417e+00	   8.2277541889904704e-01	   8.4908328270536648e-01	   7.5854019946108830e-01	   1.1659622102523133e+00	   7.8347342242765117e-01	   2.1912393754726625e-01	   1.1893275915707355e+00	   9.3513551400567674e-01	   9.6303067383301533e-01	   9.9400505796510830e-01	   8.4059056659944709e-01	   1.0716802218345149e+00	   9.5402839247537108e-01	   1.1253521139178768e+00	   6.5147617225693610e-01	   5.9945897125155145e-01	   5.8965757739315272e-01	   8.5012786320784639e-01	   2.7173301897834773e-01	   7.8536107947272815e-01	   1.0031757247014250e+00	   8.0038441054838116e-01	   7.4308024805094419e-01	   6.2561901035339840e-01	   2.7523345364438173e-01	  -9.1308041285173516e-02	
   9.8662087569847667e-01	   8.9425438141720570e-01	   1.4751459970613279e+00	   0.0000000000000000e+00	   1.1511129645860518e+00	   1.1583552984534289e+00	   1.4845897351914907e+00	   1.6287369829087717e+00	   9.9156481552918341e-01	   1.1109014138877389e+00	   1.0754851469982203e+00	   9.9733492425395898e-01	   9.9075354902947044e-01	   1.0524553716081406e+00	   1.0371663449924324e+00	   1.2881190321836955e+00	   8.9012727285619353e-01	   7.4599362151366932e-01	   1.3583963183055563e+00	   1.4274927831220268e+00	   8.7124652917134593e-01	   1.1663692700357489e+00	   1.2826403958617589e+00	   1.4993434960394125e+00	   9.8972418036389076e-01	   1.0124893176317322e+00	   9.2682132375942383e-01	   1.1477807471515464e+00	   1.0233127098532484e+00	   9.5298572830217698e-01	   1.3008613612519062e+00	   1.2524764433714712e+00	   1.1628942378218623e+00	   1.2759424673319943e+00	   9.2744353020121850e-01	   9.2003245771513409e-01	   7.0393712764462690e-01	   7.5585975582054477e-01	   1.0109174338378086e+00	   1.0196886241691037e+00	   5.3128370727423990e-01	   1.0505910120529249e+00	   4.3559700975949950e-01	   5.3810549880104885e-01	   6.9675843978585272e-01	   7.0964285652465375e-01	   5.1897232794698711e-01	   6.6083625806947488e-01	   5.3869120165872031e-01	   5.9717454442205664e-01	   6.3716429074375669e-01	   6.3978534217757432e-01	   5.2479955455384442e-01	   6.6555704991682452e-01	   7.3790296626747298e-01	   8.8697231458001002e-01	   7.1318665294233230e-01	   6.5374472241286385e-01	   7.8012853537622040e-01	   1.0365233542347514e+00	   1.0184661467563996e+00	   9.8812117678204647e-01	   1.0332778528242728e+00	   1.0399122213861332e+00	   1.0124319709159546e+00	   1.1646953956543162e+00	   9.4454150612425558e-01	   1.0306795566206610e+00	   8.8283422031381609e-01	   8.8797146516668723e-01	   2.7759755541177167e-01	   3.4717235777472893e-01	   8.2505400908530280e-01	   7.6952181853407109e-01	   8.6200705892226248e-01	   7.8775732888032513e-01	   2.9958295670710261e-01	   3.1549035527795499e-01	   6.5618504911974385e-01	   8.0007890618138156e-01	   1.0276336768900287e+00	   1.0338705380884012e+00	   7.8180094046652882e-01	   7.7530355075995749e-01	   8.6732669074029867e-01	   1.1121906874252188e+00	   6.1104549287304699e-01	   6.4416467921896015e-01	   9.1279554430230803e-01	   1.1877397801341516e+00	   7.2796495634560099e-01	   6.6757499939234477e-01	   8.5214620536675723e-01	   9.0972073231211548e-01	   7.8562132339541968e-01	   3.0969443499884886e-01	   9.3930137026209171e-01	   7.8109172876723942e-01	   6.8335384815819067e-01	   6.9675604117644441e-01	   9.0676314728349183e-01	   8.8417093131019442e-01	   8.1094106556118750e-01	   8.6505405091511123e-01	   5.5813824743826412e-01	   4.6814899201627230e-01	   5.2723120493633813e-01	   6.7065038247049080e-01	   2.4560611904998286e-01	   8.3039535596103531e-01	   8.3998346133126545e-01	   6.6607092837291504e-01	   6.5290334105139280e-01	   5.0223381994132776e-01	   2.1964612607593331e-01	  -1.2523570187641345e-01	
   7.9374447644229096e-01	   7.7574100435254090e-01	   1.1207177116955900e+00	   1.1511129645860518e+00	   0.0000000000000000e+00	   1.3261545717669332e+00	   1.0146721835082888e+00	   1.0004213251167302e+00	   1.2172723495421682e+00	   1.3581282362822362e+00	   8.2295638230461243e-01	   6.1925992731668222e-01	   7.7680965755167430e-01	   7.7686043434008600e-01	   8.6771199410796651e-01	   1.0380054202314231e+00	   9.8156073498270413e-01	   6.5587723158060307e-01	   9.3574489171571351e-01	   8.7522894654579408e-01	   9.6654279040224411e-01	   1.2359272767085465e+00	   1.0636951480727102e+00	   1.0808862997546773e+00	   9.2588780802597825e-01	   8.8778898526068284e-01	   1.0742852243927010e+00	   1.1258257931166664e+00	   1.0158616560936353e+00	   6.2179932747022526e-01	   9.4925259733281997e-01	   9.8449462572643087e-01	   8.5943676209656183e-01	   9.2463114224363774e-01	   6.3106450298310834e-01	   5.7204670143193936e-01	   7.5695456004251560e-01	   6.9956663778227901e-01	   1.3009570130014172e+00	   1.1620113100528373e+00	   5.9918569029943425e-01	   1.0568405767820421e+00	   5.7250298801749888e-01	   6.7850056663270386e-01	   8.7457517687270858e-01	   9.1294087627619425e-01	   6.4789960891027798e-01	   7.9388271196846016e-01	   7.0442121896497811e-01	   7.7518481636647441e-01	   6.8631718546788456e-01	   6.7476179315724472e-01	   6.7328436406693293e-01	   8.0867654000580880e-01	   8.8802733517343957e-01	   1.0532176358042042e+00	   7.5903914638088299e-01	   6.6324531016677291e-01	   8.5173162786551360e-01	   1.1107884396964469e+00	   7.7682852249038603e-01	   7.0078525532668390e-01	   8.5032590047925505e-01	   7.6030735829511997e-01	   6.7812304373134680e-01	   7.4819266064189738e-01	   1.0112468470126688e+00	   1.0491894249651990e+00	   8.7351573873312094e-01	   9.7453961340216311e-01	   2.4870250515511572e-01	   3.1478994005673067e-01	   8.4210996064214350e-01	   5.5862828129472386e-01	   8.5516083128603104e-01	   6.3221549153412604e-01	   3.0086044407274787e-01	   2.1965249496905870e-01	   6.8823783015352269e-01	   7.1409669333794701e-01	   9.9707935984205920e-01	   8.3987291202330894e-01	   6.8736231509438861e-01	   6.5848747063966695e-01	   7.4716329276700377e-01	   9.1115840664093106e-01	   6.2925084169097922e-01	   6.9762224252308069e-01	   1.0434188447424837e+00	   1.2900340495677827e+00	   7.9967371762890682e-01	   6.8844862641105598e-01	   8.0729915659754403e-01	   9.0524290807097851e-01	   7.0739162339368855e-01	   2.6060738318777904e-01	   9.1296522176148553e-01	   7.5955385331854897e-01	   8.3950877168936344e-01	   7.8462117604281012e-01	   8.6450770398353549e-01	   9.0676061425713028e-01	   8.6775727115631918e-01	   9.9650896759570251e-01	   6.2400436453556785e-01	   5.4823220719749011e-01	   5.5560505577194441e-01	   6.7317916839401781e-01	   2.9775017219840449e-01	   6.5537590366020282e-01	   7.1292904440031424e-01	   5.2491090700541065e-01	   4.9520222793778290e-01	   5.4542642319501011e-01	   2.8321516278465869e-01	  -1.6247384157656880e-01	
   7.5809548079130928e-01	   7.0467553536434246e-01	   9.9846325080508702e-01	   1.1583552984534289e+00	   1.3261545717669332e+00	   0.0000000000000000e+00	   1.0397034814221546e+00	   1.0904035434483750e+00	   8.8575197636312319e-01	   1.1530006470223035e+00	   7.8172196684803619e-01	   6.7802984027420587e-01	   7.2110829354180828e-01	   7.9992177748008919e-01	   7.9450332952866076e-01	   1.0652583836457132e+00	   7.8624780368413738e-01	   5.2238849969489465e-01	   9.3083097282787297e-01	   9.5377580339354218e-01	   8.7313527453696271e-01	   1.1927616746595484e+00	   1.0161662854558671e+00	   1.0849626340550667e+00	   1.0786071023169861e+00	   1.1168966389056521e+00	   9.9509251009580868e-01	   1.2442556702384346e+00	   7.8546333268320934e-01	   5.8211346060701075e-01	   9.2137082776332191e-01	   9.3703372857329315e-01	   8.1870036820430248e-01	   9.0474437239025440e-01	   5.9995458121635992e-01	   6.4344350484610136e-01	   6.8172350451392683e-01	   6.7046649775929468e-01	   1.0364854620684874e+00	   1.0585300566708629e+00	   4.8752953805614180e-01	   9.3990407017342159e-01	   4.2205849798547135e-01	   5.1236746530659683e-01	   6.9320500112724837e-01	   7.0970238405739550e-01	   4.8939558060513233e-01	   6.3994021018180836e-01	   5.9652293458241257e-01	   6.5289407604394012e-01	   6.4669418675844637e-01	   6.5817739563119115e-01	   6.0600578689659379e-01	   7.2017285359735572e-01	   7.2639885853480590e-01	   9.0526046804064131e-01	   6.3810133382616052e-01	   5.6040348837754361e-01	   7.6693133526493029e-01	   1.0133546508640552e+00	   8.5408849558599775e-01	   8.1819961273174913e-01	   7.7197622528675225e-01	   7.9710511127760464e-01	   6.2276694525990817e-01	   7.6278067529867200e-01	   8.9572205562829832e-01	   9.7194905588292080e-01	   8.4764003135110866e-01	   8.8035650402243271e-01	   2.2316606200060884e-01	   3.7207604031313851e-01	   6.9179552619516993e-01	   5.0241892018891243e-01	   7.0343587372094785e-01	   5.7189740476079276e-01	   2.3919115905100249e-01	   1.9916165482818093e-01	   6.3907553521081517e-01	   5.4949064576782247e-01	   8.5234388187267640e-01	   7.4252610940970387e-01	   6.5802900917361484e-01	   6.5841612758173151e-01	   7.0381402318359265e-01	   8.5804776830038187e-01	   5.8924701250939648e-01	   5.5118981846507142e-01	   9.5385012000524338e-01	   1.1368556568778678e+00	   7.4274013776836734e-01	   6.3904287275200988e-01	   7.4288657466869579e-01	   7.8160403403221124e-01	   6.8192312708965874e-01	   2.9108483093381338e-01	   7.5609729558269034e-01	   6.5359072301700150e-01	   6.8007136194685491e-01	   6.7033135295958923e-01	   7.8495249280507839e-01	   7.7506174824115148e-01	   6.6283363290502950e-01	   7.5914962078261938e-01	   5.2833492218668276e-01	   4.6373189499307010e-01	   5.5426328314558848e-01	   5.8345916272556364e-01	   2.8725224622711132e-01	   5.3851983870143938e-01	   5.9283513871596705e-01	   3.7861038812171699e-01	   5.2262695234934986e-01	   4.5660514082294706e-01	   2.3732049749020676e-01	  -1.3829487940874474e-01	
   1.0110966913634767e+00	   8.3178803910813348e-01	   1.8161806190187906e+00	   1.4845897351914907e+00	   1.0146721835082888e+00	   1.0397034814221546e+00	   0.0000000000000000e+00	   1.3728960709704503e+00	   1.1557014267773111e+00	   1.0935199315526560e+00	   1.2835481960494715e+00	   1.0873239765340457e+00	   1.2441111790533570e+00	   1.1711187008767379e+00	   1.1699181354735957e+00	   1.3194129188277079e+00	   9.1522190963185235e-01	   8.2940289670151202e-01	   1.2771695788990800e+00	   1.2281762250165194e+00	   7.8102344020156567e-01	   1.0186323193689752e+00	   1.4807656794339197e+00	   1.3699657484558734e+00	   9.3117257759558603e-01	   9.7309081446305656e-01	   9.2891419088764748e-01	   1.1176081749162454e+00	   1.0882368477882862e+00	   9.8326699988241906e-01	   1.2775550197758949e+00	   1.1606191108221235e+00	   1.1853499351101557e+00	   1.2429609817874356e+00	   8.6623566258353091e-01	   8.2059901574375194e-01	   7.6924622406471743e-01	   7.8140715944512218e-01	   1.0322992130436976e+00	   9.5539394655524490e-01	   5.1771242600729317e-01	   1.0649726611379666e+00	   4.9236297956602770e-01	   5.6928728250068505e-01	   7.4824531614337308e-01	   7.4152729783921734e-01	   5.5690885018100889e-01	   6.8743152753793513e-01	   6.5251243925041758e-01	   6.9692494860753917e-01	   7.4732621232390861e-01	   7.8685392156280443e-01	   5.8301363173250931e-01	   7.1418942154915133e-01	   7.5493807080790876e-01	   9.2756560440138325e-01	   7.4768678801195743e-01	   6.5750593159285053e-01	   9.4727556083291253e-01	   1.0758026246558612e+00	   1.3813807424216276e+00	   8.7546490919556030e-01	   1.2697148627132975e+00	   1.2401790891309472e+00	   1.1435346849584778e+00	   1.0629707691533445e+00	   1.0611451654581354e+00	   1.0394545992343720e+00	   8.5693643445351564e-01	   8.6381136597136821e-01	   2.8077941917420679e-01	   3.5381663761028570e-01	   9.1014637342136717e-01	   8.7176714038579584e-01	   8.9791923520171046e-01	   8.6155234712823370e-01	   3.2579645844352678e-01	   3.1608775277813089e-01	   6.7098217519926728e-01	   8.2114215900159426e-01	   1.0229723488015487e+00	   1.0572585527149378e+00	   7.5825621391918541e-01	   7.9732946769558022e-01	   9.3665778997332994e-01	   1.1541075945862458e+00	   6.1891559067191493e-01	   6.5607381245586405e-01	   9.2554508715218553e-01	   1.2326855544045083e+00	   7.5678839775106610e-01	   7.6853145138154566e-01	   8.3818146142863559e-01	   1.0912897628228060e+00	   7.1641611476972755e-01	   2.2182836219774152e-01	   9.4160433747677497e-01	   7.8672004083578306e-01	   7.4419454477040414e-01	   8.1539166140754582e-01	   9.2926462122259712e-01	   1.0352308705580071e+00	   8.5842967691682803e-01	   9.7287594735768612e-01	   5.7662143695262746e-01	   5.0414947866045146e-01	   5.6667982164745767e-01	   7.3100385489338771e-01	   2.3776708403163546e-01	   7.5187615621767412e-01	   9.0005963019368795e-01	   7.5594088705878459e-01	   7.7337936407344432e-01	   5.3029913230589965e-01	   2.4553414910675175e-01	  -6.5035423412498058e-02	
   7.7173316026333261e-01	   6.8372476481097855e-01	   1.0558201431609915e+00	   1.6287369829087717e+00	   1.0004213251167302e+00	   1.0904035434483750e+00	   1.3728960709704503e+00	   0.0000000000000000e+00	   9.1215754315369701e-01	   1.0919211418791859e+00	   9.7089849749523138e-01	   1.2561334358263743e+00	   8.8727159978405545e-01	   1.1280833161308919e+00	   8.3314740409756449e-01	   1.0614392585642554e+00	   6.9956877627789626e-01	   7.2556875626673112e-01	   1.0834083325519235e+00	   1.1369965866212530e+00	   6.8975395691852848e-01	   8.9331505644047560e-01	   1.0497263571497117e+00	   1.2395911580640686e+00	   7.5713665606608405e-01	   8.4092762740999893e-01	   7.1182014936460036e-01	   8.7733486727099852e-01	   9.1213112052270962e-01	   9.6871313326628661e-01	   1.1676772732170437e+00	   1.2128050088332609e+00	   9.5987732346269128e-01	   1.0744149119901099e+00	   7.8770969628564680e-01	   8.3711024010555690e-01	   6.1501331041046425e-01	   6.7323768145987106e-01	   8.4584038990223853e-01	   8.2396122718722176e-01	   4.1217306785500218e-01	   9.0399668891702023e-01	   2.7438266145595003e-01	   3.8402313923004905e-01	   5.7786580431314238e-01	   5.5178570425721363e-01	   3.2830841922708265e-01	   4.6469729917193714e-01	   3.9619821226801216e-01	   4.4319285516419082e-01	   4.5290080323281084e-01	   5.1639512210874094e-01	   3.4827407202640026e-01	   4.6851620176522424e-01	   5.4822729311781138e-01	   6.9594537979735716e-01	   5.0816100946707876e-01	   4.3177124225997293e-01	   5.7895049916930774e-01	   8.2107381636067622e-01	   1.0554290118867913e+00	   1.3209665366937855e+00	   8.8473488042795390e-01	   1.1270839970291686e+00	   9.9550657267631260e-01	   1.4192397766679758e+00	   7.6567951117452249e-01	   8.9526044025306417e-01	   6.5903834973837361e-01	   6.2863863601121639e-01	   3.5058760007510509e-01	   5.1498867882808330e-01	   8.2167847290064522e-01	   8.4505975207953798e-01	   8.3357427330483946e-01	   8.3544811320287482e-01	   3.4496897887641553e-01	   3.6526245841631594e-01	   5.7992963991882940e-01	   6.3496259495618168e-01	   8.7694239942402574e-01	   8.8643920280139987e-01	   5.7551569861753471e-01	   6.1319474926535078e-01	   6.7691057233873142e-01	   9.5686628210792379e-01	   4.2523166499812654e-01	   4.8465153515562331e-01	   7.9680674004864727e-01	   9.4389515176405525e-01	   6.8689510405655840e-01	   6.2489196016188331e-01	   9.6821652826203408e-01	   8.3222688887411012e-01	   6.4484671137831406e-01	   2.8469161370883145e-01	   7.6247459612749846e-01	   6.6872117732012504e-01	   5.2644897793195278e-01	   6.0200182634877508e-01	   9.9985069431732487e-01	   8.1578108913115077e-01	   7.3928798959656805e-01	   7.4839205208872384e-01	   4.8397305056911993e-01	   3.8644084245269050e-01	   5.3115026838402868e-01	   5.4097173746380600e-01	   1.8002892610939053e-01	   7.4127398683664858e-01	   7.9374841917840977e-01	   6.1501097117388659e-01	   6.7967309801019993e-01	   4.2044845086908306e-01	   2.2141929107188960e-01	  -1.5263308561354166e-01	
   8.9865307407088035e-01	   8.7429691583340896e-01	   1.1636116623840824e+00	   9.9156481552918341e-01	   1.2172723495421682e+00	   8.8575197636312319e-01	   1.1557014267773111e+00	   9.1215754315369701e-01	   0.0000000000000000e+00	   1.3632613685378607e+00	   1.0287487004768223e+00	   7.4899226396156382e-01	   1.0732686946512819e+00	   9.2313591208736434e-01	   1.1441135321892575e+00	   1.1250714192895228e+00	   1.0839219884172568e+00	   8.0369299087263224e-01	   1.0454621088038099e+00	   9.6163243969358736e-01	   6.3974932636710502e-01	   8.6847596914562519e-01	   1.0989357233222998e+00	   1.0295195669962078e+00	   7.9773368007296397e-01	   7.7907388961827806e-01	   9.9540133453583579e-01	   1.0095731323844803e+00	   1.0439187879200460e+00	   7.2986409511483807e-01	   9.3543555106916176e-01	   9.4933560177305643e-01	   9.9332982972171580e-01	   9.9856080205339737e-01	   7.0672773917851850e-01	   6.0239460205084283e-01	   7.4128725735233270e-01	   6.0438709722403716e-01	   9.3448077615728486e-01	   8.2929372009156110e-01	   5.4811319027419969e-01	   9.3150031930631938e-01	   6.6351216941402003e-01	   7.5743735910837340e-01	   8.0756319731928272e-01	   8.8783942454327336e-01	   7.7932543902138884e-01	   9.0008587236302939e-01	   7.8596994628905015e-01	   8.7048217747357781e-01	   8.1784529634413117e-01	   8.2277148127139088e-01	   8.2639645660734096e-01	   9.9393561993350588e-01	   9.3990624001234735e-01	   1.0578042211648242e+00	   8.6775757220975513e-01	   7.4616852487923790e-01	   8.9638677617978646e-01	   1.0336893827076310e+00	   8.9908707846437741e-01	   5.6819584516954946e-01	   9.9408702664365711e-01	   7.8420377817652498e-01	   7.6812029110004099e-01	   7.3219998410569553e-01	   1.0399570358451136e+00	   9.7152281489518777e-01	   9.7613148120123217e-01	   1.0206995235510528e+00	   1.4349666438735850e-01	   2.2285275796593848e-01	   7.7998149851803533e-01	   5.6394864362467745e-01	   7.3275820467871666e-01	   5.7693705525203787e-01	   2.6866019472095576e-01	   1.7920502629109597e-01	   7.3800061527479111e-01	   8.9998772832940166e-01	   1.0966198926062811e+00	   1.0236115292836083e+00	   7.2427302774028923e-01	   7.3549538162838834e-01	   8.9649921685313760e-01	   1.0482066515772890e+00	   6.2415820209308348e-01	   7.2521764159329782e-01	   9.3409684478366428e-01	   1.2216169147321816e+00	   8.7118699036356806e-01	   8.6858559545704139e-01	   7.2184154132640288e-01	   1.0320366832353709e+00	   5.3910066168653337e-01	   4.6833230252823127e-02	   9.4778350193536043e-01	   7.4578081808613272e-01	   9.6133792734638734e-01	   9.7851141271395392e-01	   7.8703974451337400e-01	   8.6816310228919447e-01	   9.6405575303948454e-01	   1.1271959849506399e+00	   6.5549219802359060e-01	   5.8313040756840029e-01	   5.3289324867948717e-01	   7.9141388520709399e-01	   2.5731549044709068e-01	   5.9082963093017526e-01	   8.4629968389825394e-01	   6.5590120476379421e-01	   5.6101574647562213e-01	   5.9800962419705161e-01	   2.6457995279277435e-01	  -1.4049715340917551e-01	
   7.5294270885265380e-01	   7.1024991736235532e-01	   1.0649363097721558e+00	   1.1109014138877389e+00	   1.3581282362822362e+00	   1.1530006470223035e+00	   1.0935199315526560e+00	   1.0919211418791859e+00	   1.3632613685378607e+00	   0.0000000000000000e+00	   8.5824665972882452e-01	   7.1574474718338110e-01	   8.1735997030604546e-01	   8.3719640904298243e-01	   8.5921643695776995e-01	   1.0814475611835308e+00	   9.0484385814169588e-01	   6.0869756469313974e-01	   1.0364507001619521e+00	   1.0278648133952362e+00	   8.9017001971694676e-01	   1.0705620980469017e+00	   1.0429373161878133e+00	   1.0717000560799006e+00	   7.3641042543730140e-01	   7.3308803334640193e-01	   9.2345726389741878e-01	   1.0091769551677989e+00	   9.1824608047702749e-01	   6.1248843755817217e-01	   9.0452200108385272e-01	   9.4208740018241521e-01	   8.9892648686116949e-01	   9.4843350311352492e-01	   7.0058865281845095e-01	   6.3345350465408523e-01	   7.5945825338024919e-01	   7.1536731464143055e-01	   1.0967397469984288e+00	   1.0472714029420600e+00	   6.3163049479418309e-01	   1.0258747944958022e+00	   5.0511945997981378e-01	   6.0577639416449602e-01	   7.2313580628970575e-01	   7.4941749924924850e-01	   6.0386427378343976e-01	   7.4483442802379618e-01	   5.9239686426565730e-01	   6.7073148724850984e-01	   6.4421655413561862e-01	   6.5898231314574041e-01	   6.5535829776163923e-01	   8.8102441686701005e-01	   7.5667976037883355e-01	   9.4763998536033212e-01	   6.3524219387521497e-01	   5.4329833753657564e-01	   6.8490602242915155e-01	   9.7745310750998460e-01	   7.9618571886424883e-01	   7.7488050289681198e-01	   7.7687967901167965e-01	   7.8508268852784113e-01	   7.6856233932955709e-01	   8.5995849794966361e-01	   9.3872868050995273e-01	   9.9756434194103694e-01	   8.6905069669946033e-01	   9.0032211270527629e-01	   1.9408284619101437e-01	   3.1884008691726962e-01	   7.6285662572455271e-01	   5.2643383331784566e-01	   7.3816904531529326e-01	   6.1309119084465924e-01	   3.0536898303942350e-01	   2.4376828124410105e-01	   6.6304749794655105e-01	   6.6708012883220291e-01	   9.1905910703992744e-01	   8.3803023679145883e-01	   6.6212644169415913e-01	   6.7732764782331878e-01	   7.5874734668783672e-01	   9.5535274426483607e-01	   4.6069831980692788e-01	   5.6946933627359198e-01	   8.3085264844590223e-01	   1.2248387295815417e+00	   9.2663544994219049e-01	   8.6850662433192527e-01	   8.6626346113729247e-01	   1.0216412151845153e+00	   6.5946468180951678e-01	   2.5395443449969579e-01	   9.4485956628722256e-01	   7.4109446436787041e-01	   7.6646332154447117e-01	   8.1593910398870106e-01	   8.4983690786959276e-01	   8.4992764059014170e-01	   8.0065527156857741e-01	   9.5086087740380654e-01	   6.0901132663318358e-01	   5.4113455075681549e-01	   5.4578767937371486e-01	   7.0982920309041087e-01	   2.9729215288604693e-01	   7.0359738474256217e-01	   7.2989171815610043e-01	   5.2870246002470001e-01	   5.5177142355155340e-01	   5.0516932724299179e-01	   2.5529437083985179e-01	  -2.4610848948607128e-01	
   1.3966452449310118e+00	   1.0640332139533155e+00	   1.2772015597651170e+00	   1.0754851469982203e+00	   8.2295638230461243e-01	   7.8172196684803619e-01	   1.2835481960494715e+00	   9.7089849749523138e-01	   1.0287487004768223e+00	   8.5824665972882452e-01	   0.0000000000000000e+00	   1.0955392974571281e+00	   1.8949604361151604e+00	   1.2909234063224431e+00	   1.5607420913311461e+00	   1.5148626541401993e+00	   1.2298624292648177e+00	   1.0084924786662608e+00	   1.3667303394345995e+00	   1.2349012961312513e+00	   6.1489489841298939e-01	   9.1774337247773696e-01	   1.2562326068733300e+00	   1.1821895676243774e+00	   9.7631382682543411e-01	   1.0489703727474160e+00	   1.0845029223286353e+00	   1.1781484219338760e+00	   1.2499887222969361e+00	   9.9954057184239054e-01	   1.0624113689873387e+00	   1.0199710998572087e+00	   1.2760107480978700e+00	   1.2630088619057900e+00	   8.7483024236107787e-01	   7.2920060537026776e-01	   7.5712082611493914e-01	   6.8390959466251056e-01	   7.9398526017230286e-01	   8.3631665014503964e-01	   5.2750962341452978e-01	   9.6635103885291784e-01	   6.0888618093559810e-01	   7.3099092128775045e-01	   7.4739376818444780e-01	   8.1021467843130879e-01	   6.5458281914969674e-01	   8.0815734245153403e-01	   6.8128774375354584e-01	   7.6952806324258416e-01	   7.4626119417413483e-01	   8.4900353072981682e-01	   6.1709789575834606e-01	   7.9211889781236433e-01	   8.5522056036946781e-01	   9.6143252559587011e-01	   9.5677468891134643e-01	   8.1612123011558779e-01	   9.1110228791226366e-01	   9.2570751775470272e-01	   1.0083679479546841e+00	   6.5080902651066075e-01	   1.3917180603126322e+00	   1.0575245721829403e+00	   8.8777383630725759e-01	   9.0034094317284363e-01	   9.3962752153411888e-01	   9.0399098310007897e-01	   9.1979833032144176e-01	   8.8811284891509812e-01	   1.0676475567539126e-01	   1.7071086368174529e-01	   9.2621458731565443e-01	   6.3781968818659840e-01	   8.4627794023774183e-01	   6.8489644634086699e-01	   1.7800491106878782e-01	   1.0007458846654350e-01	   8.4197829358482001e-01	   9.5082457886924632e-01	   1.3479762792191983e+00	   1.2469791195674262e+00	   1.0481049634711168e+00	   9.4596867602487889e-01	   1.1907641683255565e+00	   1.2453157234985506e+00	   8.0522559421451467e-01	   7.8319656653015868e-01	   9.1073201196859810e-01	   1.1114654627415075e+00	   6.5422319100429249e-01	   6.9131224058696694e-01	   5.6072544522604728e-01	   8.4751016685934499e-01	   5.9295554198805112e-01	   9.8076848594116334e-02	   9.5156140508510068e-01	   8.2547496470237447e-01	   7.4799337786422393e-01	   8.9299944940641418e-01	   6.2478032178450316e-01	   7.1682210854798556e-01	   7.7704487974301650e-01	   9.2399441677363725e-01	   5.4789486035618429e-01	   4.8839142146652886e-01	   4.9759343102956893e-01	   6.5377136124054636e-01	   1.8930340016509925e-01	   5.4491606534542514e-01	   7.5858397029573865e-01	   6.1182753174193560e-01	   6.2085515373245226e-01	   5.3961445089989080e-01	   2.2045697957148813e-01	  -1.4774003049202120e-01	
   8.6454587514288339e-01	   8.0473158789320132e-01	   8.7144062870128680e-01	   9.9733492425395898e-01	   6.1925992731668222e-01	   6.7802984027420587e-01	   1.0873239765340457e+00	   1.2561334358263743e+00	   7.4899226396156382e-01	   7.1574474718338110e-01	   1.0955392974571281e+00	   0.0000000000000000e+00	   1.1185608457184149e+00	   1.6428852884706915e+00	   8.7932585291326859e-01	   1.0491257665026144e+00	   7.5858417543662682e-01	   1.1689753139811134e+00	   1.0652107692882145e+00	   1.1006824020738983e+00	   4.6672818494170171e-01	   6.7772734348044550e-01	   8.8582024859358466e-01	   9.7529485427292129e-01	   7.0293642976435677e-01	   8.1066267795416858e-01	   6.1562523695488647e-01	   7.2369595907256867e-01	   8.9100601386394196e-01	   1.4306398661825723e+00	   1.1151242711676155e+00	   1.1355593997806279e+00	   1.1041606243136044e+00	   1.1668190177454765e+00	   7.2603099381365999e-01	   7.5844133592175589e-01	   5.0237613043791773e-01	   5.6535071946191418e-01	   5.4468619302227450e-01	   5.9640498891333449e-01	   3.2782783557661344e-01	   7.4494312622444936e-01	   2.9811875591298492e-01	   4.4391366065568261e-01	   5.6518138092154335e-01	   5.5768530067933431e-01	   3.4374610583094650e-01	   4.6630986054001955e-01	   4.4015256040406536e-01	   4.7238161477180440e-01	   4.9182221237304491e-01	   6.2280299878624112e-01	   2.8077749310520916e-01	   4.2596070204226955e-01	   4.9986105522816432e-01	   6.4304560551194978e-01	   5.9271471383650032e-01	   5.3690006349751740e-01	   5.3173578164093827e-01	   5.9296836467331671e-01	   9.3157750606728329e-01	   9.3104216002854545e-01	   9.5940731112612521e-01	   1.2556808949485481e+00	   8.6453536312166013e-01	   1.1916825711775179e+00	   6.7753931540621803e-01	   7.2263803179729358e-01	   6.6256260907802322e-01	   5.7820415386262736e-01	   2.6764295312914427e-01	   4.0538540948704355e-01	   7.3817959248056597e-01	   9.3171543472339369e-01	   7.0159133732369949e-01	   8.0188416373312676e-01	   2.2661171594747592e-01	   2.5489652851316202e-01	   5.3658642129695844e-01	   7.8231098869467841e-01	   9.2816317757503886e-01	   1.1066175078161695e+00	   6.1749198858622178e-01	   6.4412019616326921e-01	   7.3785798472829311e-01	   1.0002305034817602e+00	   4.5883790299073290e-01	   5.0340365810053345e-01	   5.6105604798900632e-01	   7.3005087925822143e-01	   4.6211841762006090e-01	   4.9662168139482898e-01	   5.4397221883947466e-01	   6.0632447326825023e-01	   4.8944455640802897e-01	   1.4186716229866803e-01	   6.9963074221391064e-01	   6.4690269628599006e-01	   4.4866122912120021e-01	   5.8441417822571473e-01	   6.1275032917764638e-01	   5.6203594339146279e-01	   6.0378301910465404e-01	   6.2523642201526608e-01	   3.4944109906100307e-01	   2.7783208217449928e-01	   3.3716146466728553e-01	   4.4625160588332169e-01	   6.4956121960503183e-02	   5.1357830609322586e-01	   7.1263917300143342e-01	   5.6219119771583703e-01	   5.4476516200173708e-01	   3.5770118462670192e-01	   1.5228045178348870e-01	  -1.0555819525306379e-01	
   1.2605028809386067e+00	   1.0475332010349347e+00	   1.2844973303221754e+00	   9.9075354902947044e-01	   7.7680965755167430e-01	   7.2110829354180828e-01	   1.2441111790533570e+00	   8.8727159978405545e-01	   1.0732686946512819e+00	   8.1735997030604546e-01	   1.8949604361151604e+00	   1.1185608457184149e+00	   0.0000000000000000e+00	   1.4108237779968054e+00	   1.8271791988043062e+00	   1.5597669198933555e+00	   1.1303603334758356e+00	   1.0670638791065559e+00	   1.2393668349627773e+00	   1.0988413573071025e+00	   5.8608070150002167e-01	   8.7673156462090052e-01	   1.2895976134154847e+00	   1.1812607277187890e+00	   1.0179761274453738e+00	   1.0829515460331325e+00	   1.0796782147783675e+00	   1.1596077117541497e+00	   1.0919483449178300e+00	   1.0713993028589694e+00	   1.1452574477940229e+00	   1.1139904570344399e+00	   1.3098643350809573e+00	   1.2515507854473669e+00	   9.2371836055305256e-01	   8.0542484269180037e-01	   8.1336818629156871e-01	   7.3452845031863501e-01	   7.8966524265003746e-01	   8.1310629328438355e-01	   5.5253604720517779e-01	   9.9447918344245367e-01	   6.7635109395634674e-01	   7.8799132658968962e-01	   8.5151167623361235e-01	   8.9513650303267212e-01	   7.3862889104544183e-01	   8.6425327199447199e-01	   7.9826324586202113e-01	   8.2501367847749418e-01	   8.4132952584844145e-01	   9.0554668618167034e-01	   6.6279283369436393e-01	   8.2096758919978097e-01	   9.1544586649133541e-01	   1.0213959793492959e+00	   9.8343761756744030e-01	   8.6017251784271909e-01	   9.4951137843588929e-01	   8.7928251446826744e-01	   1.0052603562711877e+00	   5.8807620832676322e-01	   1.3866651624234378e+00	   1.0006493145510953e+00	   9.2129117753534939e-01	   8.5709342151571377e-01	   9.8608365202711856e-01	   9.0110434651538229e-01	   8.9777972993522148e-01	   8.8386200593431852e-01	   1.5333874664949160e-01	   2.1375064500980068e-01	   8.9314978464031181e-01	   7.0010752384426278e-01	   8.1417655876541839e-01	   7.1245224380137762e-01	   1.6047667170467875e-01	   9.2497902208528465e-02	   7.0757215727656431e-01	   9.7601017444756533e-01	   1.3259639180775409e+00	   1.3855967161355267e+00	   1.0762430699207726e+00	   1.0390494096986538e+00	   1.3335578214640922e+00	   1.3771603929758607e+00	   8.6281226509560238e-01	   8.7020925653639669e-01	   8.1101483048715839e-01	   1.0421902216954679e+00	   6.5074235521765900e-01	   7.1230654653055347e-01	   5.0818436263819189e-01	   8.2974550096251110e-01	   6.2546290561257578e-01	   1.1180565720014030e-01	   1.0592124112257455e+00	   8.9690740381797662e-01	   8.4350637386713834e-01	   1.0055121109353595e+00	   6.0856064435463186e-01	   7.0130446367121069e-01	   8.0589419914592964e-01	   9.2357664880554835e-01	   5.3107643086160405e-01	   4.8951190554581597e-01	   4.2628628820591746e-01	   6.8442913726904497e-01	   1.9402879749161078e-01	   5.5401189881806923e-01	   8.2016523820350673e-01	   6.8841749553916376e-01	   6.2943577133591533e-01	   5.4059428069367910e-01	   2.0112011257419821e-01	  -1.3481774488843831e-01	
