   0.0000000000000000e+00	   2.0962877851414743e+00	   5.8836042158267787e-01	   7.3885436344541555e-01	   5.4421125726784991e-01	   3.5361966788337185e-01	   5.6260496712475438e-01	   7.3296303860758449e-01	   5.2872150101717008e-01	   3.4871365038396224e-01	   7.5724104053967711e-01	   1.1239047255576105e+00	   7.8702097034593776e-01	   1.1040469051836914e+00	   7.0119976527025074e-01	   8.9651348590093782e-01	   1.2224002895246400e+00	   1.3832679489757127e+00	   1.5401664215793056e+00	   1.4506980227951292e+00	   4.3242140048532779e-01	   5.7852053320235186e-01	   4.2369911234972180e-01	   3.7592188654920644e-01	   3.5357500811936554e-01	   3.7520239350596601e-01	   4.3580563013312218e-01	   2.6955772614260209e-01	   9.3761597543612663e-01	   1.2985894131535141e+00	   7.1426584050022734e-01	   6.4852380862084513e-01	   1.4079679164072632e+00	   1.4348057384812107e+00	   4.1127824694909443e-01	   4.5580812663825054e-01	   6.0137500649039755e-01	   6.6436040652800343e-01	   5.4230418138023762e-01	   8.7896927796131774e-01	   3.8350799728689738e-01	   7.6555434397920608e-01	   1.0971346163031173e+00	   1.2348533650701279e+00	   1.1462569383621775e+00	   1.1084356938681383e+00	   1.1620606961619879e+00	   1.3429683439323443e+00	   1.0929981468948746e+00	   1.0097926674798319e+00	   1.0227681724068871e+00	   9.1961336284184159e-01	   8.9263785408617768e-01	   1.1076970840147744e+00	   1.0658076926833402e+00	   1.2557203947037110e+00	   1.8772561556500742e+00	   1.6157280349320029e+00	   1.1454178959094399e+00	   9.1938110870318535e-01	   9.6680584376318390e-01	   5.9517945668963090e-01	   9.7819652916929678e-01	   1.0238589369384181e+00	   7.7501059019902105e-02	   7.8804631103811987e-02	   6.4654350245689063e-01	   7.4889195571855915e-01	   1.4472293379812669e+00	   1.4147509082606442e+00	   2.2300346805883031e-01	   2.6836393849077778e-01	   2.8896315299029585e-01	   4.4736150240403005e-01	   1.8465824276752218e-01	   1.6180076509079558e-01	   9.0273355710532144e-01	   9.4376189585059411e-01	   1.2922758446388574e+00	   1.1106049472603083e+00	   1.3412312730436151e+00	   1.1419139038145281e+00	   1.0983633084067013e+00	   1.1086687663193600e+00	   1.0037312827663774e+00	   1.0559370728639235e+00	   8.7356398734105678e-01	   8.5553755410349897e-01	   7.7674939263335474e-01	   1.0035659656721450e+00	   5.8876908655205862e-01	   6.0041211808538542e-01	   9.9233282791427596e-02	   2.0106524313473395e-01	   3.5995213015643224e-01	   1.9990512495081500e-01	   8.3828665239376843e-01	   1.3178644516565241e+00	   1.3671721442371596e+00	   1.3112858503382647e+00	   4.7276392896400510e-01	   4.8184951161746215e-01	   1.1200202696519370e+00	   1.2405505951094065e+00	   6.9843932221077887e-01	   7.1412277008891534e-01	   6.3161852713861055e-01	   6.9415725222252000e-01	  -8.6966723937818985e-03	   7.1641365430430548e-01	   1.2098222523549225e+00	   1.6121137906207985e+00	   1.0507458265021778e+00	   1.1373110036797436e+00	   2.8897031762809455e-01	   1.1999710303876165e-01	
   2.0962877851414743e+00	   0.0000000000000000e+00	   4.7985670922778556e-01	   7.0888230576961142e-01	   4.4043843911415714e-01	   3.9098442491003921e-01	   4.8941359298881132e-01	   7.3789674238284442e-01	   4.6780053019189211e-01	   3.5350651025885044e-01	   6.9165000076114502e-01	   1.1342968612541802e+00	   6.7987334681913636e-01	   1.0171134674124302e+00	   6.8972047052445806e-01	   8.1294463786333415e-01	   1.3430148072281596e+00	   1.5115875942210195e+00	   1.5639120276748806e+00	   1.5755229986396082e+00	   4.9042250837300327e-01	   5.7314440240183429e-01	   3.6031519674832069e-01	   3.2255663078311375e-01	   2.2037957701225702e-01	   2.7263359999672027e-01	   3.8997997233672793e-01	   1.8466944393494525e-01	   1.0045235168817794e+00	   1.2938857438942355e+00	   6.8794939342965766e-01	   5.8482956698822153e-01	   1.4281536363001104e+00	   1.4825792724518334e+00	   3.0846927068626329e-01	   3.5835418198703944e-01	   5.2754756323229390e-01	   6.0461653733668741e-01	   4.8432308311425398e-01	   8.7533055241896973e-01	   3.2756802882748198e-01	   7.4575946290451478e-01	   9.9238255911707929e-01	   1.1794812369726122e+00	   1.1716262605393697e+00	   1.1927154208488886e+00	   1.0547656719859488e+00	   1.2776315181556779e+00	   1.1918164174063066e+00	   1.0956677406646573e+00	   1.0074842872611283e+00	   9.0651244107965390e-01	   8.4147153417657850e-01	   1.1823956758673444e+00	   1.0365952646863315e+00	   1.2563714792176026e+00	   1.9666467996392336e+00	   2.0365848509147200e+00	   1.1788747836205054e+00	   1.0543311297031062e+00	   9.4601245163391301e-01	   6.3699328733835425e-01	   1.0171767503050868e+00	   1.1816151781263555e+00	   3.9090292481078264e-03	  -3.4290223334491792e-03	   6.0702769751306351e-01	   7.6519206811930285e-01	   1.5523574836621887e+00	   1.6040028485920070e+00	   1.6064893520062018e-01	   1.6936749825735370e-01	   2.9335461041669875e-01	   3.9625399666937366e-01	   1.8390184016523725e-01	   1.3145935054643940e-01	   7.6025985690760600e-01	   8.2479479683577195e-01	   1.2968643946490681e+00	   9.9099329458650665e-01	   1.3337984057327872e+00	   1.1130099391555914e+00	   1.0663416239909342e+00	   1.1459646601284847e+00	   9.8271712291397850e-01	   9.7199919300548920e-01	   7.7075381975195956e-01	   8.1320944570954024e-01	   7.2637679397858634e-01	   9.4341329607693392e-01	   5.3226483024368265e-01	   5.1406656203429646e-01	   5.6814681497971448e-02	   1.1595352276744152e-01	   3.6347542448942538e-01	   2.4591214359834884e-01	   8.9586188995032068e-01	   1.2720701984781386e+00	   1.4292771516624800e+00	   1.2274716743846872e+00	   4.6421487888678653e-01	   4.0041963421340382e-01	   1.1599330508730390e+00	   1.1257754970412803e+00	   6.2764611184707342e-01	   6.3850298395025828e-01	   6.3216340238538860e-01	   6.3926517275342465e-01	   2.3654494015476198e-02	   6.7923247581425739e-01	   1.0863151188465210e+00	   1.5582733743865531e+00	   9.7690036888366272e-01	   1.1974544790113266e+00	   2.1824628059486334e-01	   1.3219698435606758e-01	
   5.8836042158267787e-01	   4.7985670922778556e-01	   0.0000000000000000e+00	   9.1106041623700562e-01	   8.6810041717622366e-01	   4.2201873515177157e-01	   1.2751064644440542e+00	   6.7629578415804570e-01	   9.7812007001705203e-01	   4.2752454810644536e-01	   6.4502870773016630e-01	   4.5457848505144566e-01	   7.0447565646183108e-01	   6.1252075169658959e-01	   7.9805016344390922e-01	   7.7946200070932115e-01	   3.8524486530237689e-01	   4.7019670625109872e-01	   6.3430195711856208e-01	   5.3418666103471191e-01	   4.2965988674197486e-01	   5.8126329943863231e-01	   1.4024214971164721e+00	   9.8793035352296632e-01	   9.2916526452718440e-01	   9.3480727196323277e-01	   9.2171816982623356e-01	   8.2650778143653936e-01	   4.5344979946956449e-01	   4.8541874602224894e-01	   8.6189458135377239e-01	   8.1294507627495916e-01	   7.5947964329828233e-01	   6.8309388036643981e-01	   1.0503806908962210e+00	   9.7744482025151114e-01	   4.4947513997071148e-01	   3.3718133983145149e-01	   3.8737505469005851e-01	   3.7785446704425540e-01	   2.4744226265199587e-01	   6.4102699363457183e-01	   6.7808479114277398e-01	   4.5419123924792931e-01	   4.8779288737704335e-01	   3.5381839343527460e-01	   6.2195168639109721e-01	   5.2952955679113267e-01	   2.6764790307894509e-01	   2.6311036111110131e-01	   4.7283458151528779e-01	   3.7367774236966167e-01	   5.6782234954888056e-01	   5.0962964454446724e-01	   6.8002810313322970e-01	   6.4949666108384008e-01	   4.1988452168037282e-01	   3.9287042874194045e-01	   6.3389254239301984e-01	   3.6389734538135771e-01	   6.2507821625863702e-01	   3.7730172669644158e-01	   4.6612245824204490e-01	   3.9462467342296326e-01	   9.9323603581742470e-01	   7.0837510177313179e-01	   8.7062526810173224e-01	   5.6978456376485009e-01	   5.6327907058282378e-01	   5.0346057653895748e-01	   3.9662490888850399e-01	   5.8838324365273664e-01	   3.4395014782517941e-01	   4.0099969100557276e-01	   3.8457256433785381e-01	   3.4165793048600673e-01	   8.8097775270127332e-01	   7.1905125377687673e-01	   5.3690143622366648e-01	   7.5054315574811803e-01	   5.3268444320822406e-01	   7.1802810302069908e-01	   7.0351785237662612e-01	   4.9308534144220473e-01	   8.4142603207087030e-01	   9.9855266685047683e-01	   8.4762632371719071e-01	   5.8666205977719543e-01	   1.0622772096904367e+00	   8.0053011229029991e-01	   8.5640653634420272e-01	   1.1130012136050138e+00	   6.1623105879500895e-01	   9.3733377053047096e-01	   2.3829427547709153e-01	  -3.8062682632615885e-03	   4.1167173057218054e-01	   5.0016002425488404e-01	   5.9906090311687799e-01	   8.1251080384948371e-01	   4.9333247446625605e-01	   8.8753489748736292e-01	   4.1403825261138394e-01	   7.5375164126107164e-01	   5.1566708453824406e-01	   7.5720761503867173e-01	   5.0193797996985556e-01	   5.6549259120124984e-01	   1.1312777856689632e-01	   5.1989406154746742e-01	   6.7851697058679716e-01	   6.6658882003117659e-01	   7.3179127025983015e-01	   7.0485482277132661e-01	   5.5920209343257388e-01	   2.2159258636853588e-01	
   7.3885436344541555e-01	   7.0888230576961142e-01	   9.1106041623700562e-01	   0.0000000000000000e+00	   4.5754872286666426e-01	   8.6628114586086924e-01	   1.1169618411732349e+00	   1.5735216634686202e+00	   7.5245126582542021e-01	   9.4793260302402449e-01	   6.9898172003520298e-01	   7.9146310688219412e-01	   7.6633045061403005e-01	   7.6233646331131322e-01	   7.7948474441245841e-01	   9.8450939432538831e-01	   6.3731798005033069e-01	   7.2659471933245834e-01	   8.6917604626734302e-01	   8.9747005477806630e-01	   5.2885200091257334e-01	   7.1409143337279479e-01	   8.9856592907530908e-01	   1.1314600514529531e+00	   3.9771480743090670e-01	   7.3147796039998469e-01	   5.5839655797094456e-01	   4.7449363762387176e-01	   7.1292040054552275e-01	   7.4917352038611273e-01	   9.3241906087475479e-01	   1.0010836025840653e+00	   1.0248288373757968e+00	   1.0563883681482795e+00	   5.8907742263569141e-01	   6.8714023960664661e-01	   2.0657987952354831e-01	   3.4234310680556251e-01	   2.6602716460020304e-01	   5.0424127536960006e-01	   2.4281230143672264e-01	   7.4655851804085505e-01	   7.2194311096655805e-01	   5.3736312748304571e-01	   6.1630802517023875e-01	   4.9636932122225669e-01	   5.7200963183253106e-01	   5.7596734763612312e-01	   3.8496899112721905e-01	   3.6595489796988129e-01	   4.7469970410865669e-01	   4.2243418113625952e-01	   4.9911660691986887e-01	   5.5509350355956621e-01	   5.9409234961901114e-01	   6.6494818336979367e-01	   6.2115964679710722e-01	   6.1789255149042299e-01	   7.2255308868255852e-01	   7.0012503401738713e-01	   8.2875275820186911e-01	   9.5650631919307139e-01	   7.0248743047800599e-01	   7.5589305896241044e-01	   5.1852313180961063e-01	   7.2254604164755210e-01	   7.5969017448590404e-01	   8.0559241497502865e-01	   7.4858521031478420e-01	   7.3124029972094762e-01	   4.0131240886564740e-01	   6.1162227018938775e-01	   5.7290816475609097e-01	   5.8410666168095227e-01	   5.0690544034778684e-01	   4.4171292562654763e-01	   8.1589800383027233e-01	   7.8190845431866385e-01	   6.9052661198405696e-01	   7.0658912667209073e-01	   7.3664985162124363e-01	   9.0351619017229146e-01	   8.2259619159040875e-01	   7.9350871911927057e-01	   9.4030187523091802e-01	   1.1941836193175692e+00	   6.8069228500927903e-01	   6.6108841370419769e-01	   9.4354165777070576e-01	   9.9237213653707035e-01	   7.9216648265505474e-01	   7.5146894395153607e-01	   5.5851362415014971e-01	   5.0267500972085077e-01	   2.6849590639184079e-01	   1.1923490816025141e-01	   5.1149578107685711e-01	   5.4781808002173693e-01	   6.3952373508853122e-01	   7.6972502530980402e-01	   7.6507890141045309e-01	   5.8897682291599684e-01	   5.9266410953649995e-01	   7.2773190556965550e-01	   4.5389518671802209e-01	   5.0159904381708653e-01	   5.5608572021090319e-01	   5.3810428472570915e-01	  -5.0558595231054888e-02	   4.5739508146058194e-01	   6.9377058786977541e-01	   7.0359517842347707e-01	   6.9563391230973659e-01	   6.8980030361710498e-01	   2.9057254147096884e-01	   7.2760111758801302e-02	
   5.4421125726784991e-01	   4.4043843911415714e-01	   8.6810041717622366e-01	   4.5754872286666426e-01	   0.0000000000000000e+00	   3.7004255729160290e-01	   6.0647070023098926e-01	   4.5385163779740351e-01	   8.4404791980504468e-01	   3.6840154999175456e-01	   4.3097252279554965e-01	   4.7516865240584422e-01	   4.2728939799996934e-01	   5.7264603860055951e-01	   4.2716093104384795e-01	   6.5007474440614410e-01	   2.5889605248072128e-01	   3.3776408506317684e-01	   4.7734433984632163e-01	   4.0538630004218273e-01	  -4.4762840984130033e-02	   2.6911181132438067e-01	   6.5537402563976677e-01	   4.9299827487530129e-01	   9.8616130409338498e-01	   5.2469507891455736e-01	   6.5815794357806745e-01	   6.5644493195917053e-01	   3.0811319299088646e-01	   5.0111895930200689e-01	   3.1902867415694386e-01	   3.5542860338718069e-01	   5.4003844106114440e-01	   4.9957173853473247e-01	   7.4126952833589299e-01	   8.2552654357534283e-01	   6.1441802502390475e-01	   4.7076562450501791e-01	   5.0330346213207910e-01	   4.0277189929303719e-01	   7.8016703644370078e-02	   4.7799184186962229e-01	   6.8691701158654772e-01	   5.2637504213223152e-01	   5.9643295914273919e-01	   5.1069380757112670e-01	   7.3517896537040539e-01	   5.7064678918842726e-01	   4.3252578218165211e-01	   4.5952744567957898e-01	   5.2108587513618787e-01	   5.4424583934939830e-01	   7.1029169255038616e-01	   5.1932450000829644e-01	   6.3870558223859719e-01	   5.9084679592068967e-01	   3.8575753756151243e-01	   3.4143565668253500e-01	   6.1530619148210508e-01	   4.7126440635340927e-01	   4.9837014713007444e-01	   2.7453749169912534e-01	   4.3601860962517403e-01	   3.4096447434024663e-01	   5.2237269835880074e-01	   4.1543555575705349e-01	   6.5975146483903768e-01	   5.7474402967346794e-01	   3.9123348005642494e-01	   4.0108120183319118e-01	   1.0712912528447163e-01	   2.9292009317969803e-01	  -1.4441778651731182e-01	   2.0721354840429082e-01	   1.4753289713315536e-02	   1.6351069464852844e-01	   6.4973432699817746e-01	   6.3621327374855485e-01	   3.9411919593998118e-01	   4.3892358920210406e-01	   4.6419894472099610e-01	   4.4510636925836877e-01	   4.7857834748672501e-01	   3.9450140246291798e-01	   4.6901206896095315e-01	   6.5721343467670768e-01	   8.2291026356281971e-01	   4.9982759562013374e-01	   8.1823561583819748e-01	   7.8237262496913462e-01	   7.5258951278025266e-01	   8.5433952180766348e-01	   5.5843823276626625e-01	   7.2547113727285417e-01	   3.1433632136551765e-01	  -9.1396836167428590e-03	   2.2018107629307318e-01	   4.6623484441636720e-01	   5.5566576079828700e-01	   6.6727381357067572e-01	   4.6516642081588255e-01	   7.4563233377288751e-01	   5.6177827242884049e-01	   7.9058434734988414e-01	   6.7327158625848338e-01	   7.5447560054921059e-01	   3.9542398894918973e-01	   5.3106364437611520e-01	   6.4797168908620653e-02	   4.3229734691242916e-01	   5.7006835535801537e-01	   6.4884574981229326e-01	   7.1977400164936822e-01	   6.3442280170227738e-01	   5.5111306916302738e-01	   3.0738990346180284e-01	
   3.5361966788337185e-01	   3.9098442491003921e-01	   4.2201873515177157e-01	   8.6628114586086924e-01	   3.7004255729160290e-01	   0.0000000000000000e+00	   6.0563706443765486e-01	   7.9370282703584127e-01	   5.2967833646652918e-01	   1.0358496940500335e+00	   4.3597343195534494e-01	   4.4669872681695799e-01	   3.9459610879638551e-01	   3.7367418316186762e-01	   6.1588088994057255e-01	   6.4651123341575023e-01	   2.9447479878002186e-01	   3.0010241054137887e-01	   4.7538165112747816e-01	   4.8413827431388456e-01	   4.7393193373419307e-01	   4.6529309104645977e-01	   6.1057102025417409e-01	   8.2310106274080630e-01	   1.7657342366390683e-01	   5.5528017128767604e-01	   4.0227899992973282e-01	   3.0445013072725985e-01	   4.5664003523701174e-01	   4.6271783882826689e-01	   6.0546208266730872e-01	   6.4204252501783532e-01	   5.6863441775276180e-01	   5.9488210065824165e-01	   3.8472089458854231e-01	   5.4221245901957182e-01	  -2.2908019703755122e-02	   1.6124423628814930e-01	   2.5013311187135467e-04	   2.7865664444089877e-01	   3.6782294784710991e-02	   4.2217850310517241e-01	   3.9151073299047845e-01	   2.6562054994513695e-01	   4.4251798352192295e-01	   3.6659293976164231e-01	   2.3852304015475301e-01	   2.6422004148061073e-01	   2.2734371374132498e-01	   2.5093441894499746e-01	   2.3497918619629410e-01	   2.4598863184197312e-01	   2.1350422358753093e-01	   2.8221702453863645e-01	   2.7284502915409786e-01	   3.1567005485533872e-01	   2.6303671398448619e-01	   2.9921882944322625e-01	   4.9684417837737310e-01	   5.9437308836462865e-01	   4.8853419381892105e-01	   6.5379471572836523e-01	   3.2658222323360808e-01	   3.8639909748972279e-01	   3.1085226737745847e-01	   5.0242282609178901e-01	   5.5848250361427176e-01	   6.6162233613249766e-01	   4.3428308695887397e-01	   4.2402623564976855e-01	   3.1058752374441290e-01	   3.6041993776990910e-01	   3.7770445766810501e-01	   2.8765577933404968e-01	   3.9414544346700375e-01	   2.4006346685464164e-01	   4.5501263232043088e-01	   4.6788451713291307e-01	   3.1458279968629033e-01	   2.6233938788258188e-01	   3.3180723444996874e-01	   3.8853682867909994e-01	   4.8435073046231647e-01	   4.3378809029363408e-01	   4.7311222349819881e-01	   5.5152511398421911e-01	   3.2440264092477145e-01	   3.5459068894677997e-01	   5.7444727124582107e-01	   6.1302524474143827e-01	   5.1462682150843642e-01	   5.0485327919800305e-01	   5.4852699767506097e-01	   4.1351669779881334e-01	   8.5138177563727227e-02	   5.9206137737930487e-02	   2.6248310966708160e-01	   2.0073802254559631e-01	   3.1063948482159159e-01	   3.8103410125928455e-01	   5.8803947789501987e-01	   3.8633901592071490e-01	   4.4336059850730714e-01	   4.1829385395338481e-01	   3.2336854879948446e-01	   3.3499135150694465e-01	   4.1998453584593815e-01	   4.1461368773294222e-01	  -1.9884947311368531e-01	   2.4749354913386304e-01	   3.2342982601923104e-01	   3.9123022863108597e-01	   4.8691651562750060e-01	   4.3936786698000346e-01	   1.9742859193311699e-01	   1.6797085354259056e-01	
   5.6260496712475438e-01	   4.8941359298881132e-01	   1.2751064644440542e+00	   1.1169618411732349e+00	   6.0647070023098926e-01	   6.0563706443765486e-01	   0.0000000000000000e+00	   1.0684913236215157e+00	   9.9520211369745293e-01	   6.2170464362145461e-01	   1.0336679232152637e+00	   6.4262065900876597e-01	   1.0838400091309310e+00	   7.3672500739188185e-01	   8.8891166056700399e-01	   8.1868157475294412e-01	   4.5577913906811740e-01	   5.0539839783771456e-01	   6.3771420424394520e-01	   5.7213140764546999e-01	   5.2326787712468736e-01	   5.9296897243039404e-01	   1.0097064260268718e+00	   9.0496294914801623e-01	   4.6758802723163317e-01	   6.8079122745860121e-01	   5.7507787414044897e-01	   5.3178531094826176e-01	   5.5654408050296789e-01	   5.4793032101139905e-01	   8.3357078659572215e-01	   8.1941621396624420e-01	   7.8257167363593694e-01	   7.5727772688648654e-01	   6.9556257904748242e-01	   7.1910260063585618e-01	   2.9325931823088336e-01	   2.9379948773059450e-01	   2.9857491284296322e-01	   3.7742721880681623e-01	   3.5263432633119890e-01	   7.0407380885837001e-01	   5.2136110560388960e-01	   3.3683441926850249e-01	   4.7173455688588384e-01	   3.2589483562939131e-01	   4.4416693990898737e-01	   4.0483828132578703e-01	   2.6774948329146453e-01	   2.4247763171293391e-01	   4.7662395578179167e-01	   4.1072960589851570e-01	   4.9599797862989364e-01	   4.3334877844484332e-01	   6.4895703770723745e-01	   5.9923734792980321e-01	   3.7927503683009034e-01	   3.9634886097723809e-01	   7.6559501375667449e-01	   5.2309671232706534e-01	   9.8507247970039746e-01	   7.1539696521381646e-01	   5.4119891078226567e-01	   5.0945846200707379e-01	   6.6755325553342248e-01	   6.9230313752105210e-01	   9.5971246775222718e-01	   7.5869246352339803e-01	   5.0328265609083711e-01	   4.7673085036704127e-01	   5.8050570733525042e-01	   6.0544136655531178e-01	   5.7689252125939983e-01	   4.7881515936354879e-01	   5.6447592022916704e-01	   4.2355112517000759e-01	   7.8688813852212969e-01	   6.3082701905453220e-01	   4.6919342528536040e-01	   6.2144744455873890e-01	   5.0073098011860784e-01	   6.6407291643044630e-01	   7.9098058270606020e-01	   5.5341860805605947e-01	   7.9692751717206645e-01	   9.0732316127496937e-01	   5.6751939171640620e-01	   4.6496126730440440e-01	   1.0314470080527574e+00	   9.4589004980494751e-01	   7.9094848403386264e-01	   9.8747357890006782e-01	   5.7074742511470467e-01	   7.6333170514640825e-01	   1.2036158227565327e-01	  -2.5997857353521572e-02	   4.2244920304155020e-01	   4.3877280614240755e-01	   5.0444504315189065e-01	   7.8449099136426670e-01	   6.0281120836341662e-01	   8.8884416518715459e-01	   4.5190040879996191e-01	   7.8514871642018580e-01	   4.8540388237165949e-01	   6.6953627247849778e-01	   6.1070655235921167e-01	   5.5968465958908853e-01	  -6.9109690179530225e-02	   3.4803664803474216e-01	   5.7823814805441365e-01	   5.8258499488748516e-01	   7.6535668092993425e-01	   6.3167795992172826e-01	   4.7514084480267910e-01	   1.6864336419235013e-01	
   7.3296303860758449e-01	   7.3789674238284442e-01	   6.7629578415804570e-01	   1.5735216634686202e+00	   4.5385163779740351e-01	   7.9370282703584127e-01	   1.0684913236215157e+00	   0.0000000000000000e+00	   6.6555420348582572e-01	   9.7661170789677210e-01	   7.9156760585382591e-01	   1.1123646084794492e+00	   8.6644903299804543e-01	   9.7189324186911374e-01	   6.9364306975029366e-01	   9.4563308185186146e-01	   6.8032289813369018e-01	   7.9911272994689042e-01	   8.5228973695645405e-01	   8.9448026817401760e-01	   3.8208878683955078e-01	   5.6492107024169536e-01	   6.1587390518965157e-01	   7.5884431844892308e-01	   2.6783133207221765e-01	   4.8310275177825446e-01	   3.5519092355733173e-01	   2.8867126398078530e-01	   7.4337931292961812e-01	   8.6719699861719224e-01	   7.1932988812313114e-01	   8.0656134158916581e-01	   9.7222239549463896e-01	   1.0342836245219129e+00	   4.1587925330569053e-01	   5.2157952733779323e-01	   2.3506057739626707e-01	   3.3123570877763614e-01	   2.8964335307416567e-01	   5.0102104668907788e-01	   2.6602528684880661e-01	   7.4017019496481196e-01	   6.6658724765347843e-01	   5.2906606196350769e-01	   6.3456308809494255e-01	   5.0928451945627518e-01	   5.8139912664387261e-01	   5.5642813944349079e-01	   4.4897113249106368e-01	   4.0421291205198218e-01	   5.2283340415722823e-01	   4.7861846376599110e-01	   5.6168681185701286e-01	   5.5148613440138083e-01	   6.5422260383820474e-01	   6.7871503886123652e-01	   6.1643136047560898e-01	   6.3067564953759236e-01	   7.7904632926515183e-01	   8.1700783602018900e-01	   1.0198497630206738e+00	   1.2879668484113800e+00	   8.4879475354959188e-01	   9.2416253772284518e-01	   2.9031708445235260e-01	   5.2883601496455146e-01	   7.1180559380002650e-01	   8.6049226032412984e-01	   6.5154604850296804e-01	   6.7158237226002426e-01	   4.3137166058734394e-01	   5.5039730805098730e-01	   5.2816881037763075e-01	   6.0230171880016092e-01	   5.2080635635450079e-01	   4.9073718618051509e-01	   7.4278476189097720e-01	   7.1398707695322006e-01	   6.4952425349987486e-01	   6.1490748662845440e-01	   7.7697797192077500e-01	   8.4484700543420310e-01	   8.0699205230070037e-01	   7.9559005754340650e-01	   8.1269967097645335e-01	   1.0142192843928679e+00	   5.5125208116390179e-01	   5.3891406423880883e-01	   9.0958204442824220e-01	   1.0423286021710216e+00	   7.5303851694229884e-01	   6.6138781026992666e-01	   4.3880186115609582e-01	   3.5338839860248900e-01	   2.0738855882570423e-01	   6.0699105441831304e-02	   4.8068157225780372e-01	   5.6262591208296886e-01	   6.6234173975618416e-01	   8.0639570927958881e-01	   7.8745679501548027e-01	   5.3957141214038640e-01	   7.2155108795228762e-01	   8.2240184464396926e-01	   5.3249075025025538e-01	   5.4148009955589027e-01	   6.3269189025390982e-01	   5.8768652116676534e-01	  -1.1493767106682787e-01	   3.4180620159129743e-01	   6.2896724616892574e-01	   6.9637340340082665e-01	   7.1309017170342703e-01	   7.0513489817992148e-01	   3.4493026396504350e-01	   1.2594457331476488e-01	
   5.2872150101717008e-01	   4.6780053019189211e-01	   9.7812007001705203e-01	   7.5245126582542021e-01	   8.4404791980504468e-01	   5.2967833646652918e-01	   9.9520211369745293e-01	   6.6555420348582572e-01	   0.0000000000000000e+00	   6.8626056458213436e-01	   6.4901114076898780e-01	   5.0241596809941735e-01	   6.7327268615891567e-01	   5.5393257286950748e-01	   6.1994930795993897e-01	   6.0299283716568963e-01	   4.7786177296937637e-01	   4.8810511483904800e-01	   5.0042141097329340e-01	   4.6597842543261070e-01	   3.3236771000006893e-01	   4.8985273849339783e-01	   6.9237103181440396e-01	   6.0531809821776406e-01	   5.4951989872996554e-01	   5.0592156208429795e-01	   7.6370284697203805e-01	   7.5411123830219151e-01	   3.8078417685750576e-01	   4.8360206223693658e-01	   5.1628572743705448e-01	   5.3565528393864925e-01	   5.8919854330024124e-01	   5.8568679197562501e-01	   5.9708287455723474e-01	   5.7839142430044543e-01	   2.0777715886474177e-01	   2.2921580798919539e-01	   1.6509772200242295e-01	   2.8209362579120772e-01	   1.3518832682644355e-01	   5.3713913586585416e-01	   5.7167092465623404e-01	   4.1945012566344270e-01	   5.1818677066277896e-01	   4.1692550039608556e-01	   5.2648155170444721e-01	   4.7600897373582352e-01	   3.7760938515843101e-01	   4.0297844974712221e-01	   5.1388943062610393e-01	   4.9158422840486143e-01	   6.2879731149146445e-01	   5.4035843795862015e-01	   6.1617109725828878e-01	   6.0814883070240255e-01	   4.1352167076480795e-01	   4.3368909441985026e-01	   7.8490014720486456e-01	   5.9084938330097270e-01	   8.3237295438739545e-01	   5.9242640682103120e-01	   4.5286235482136872e-01	   4.8019719834066837e-01	   6.0323178987157289e-01	   5.6377245783418684e-01	   7.2254475613665892e-01	   5.8207127380496260e-01	   5.2321441136605873e-01	   5.2963546487533242e-01	   2.8063310150439003e-01	   4.1355615905328957e-01	   2.5868161976236964e-01	   4.1419371010249012e-01	   2.4475115200576220e-01	   2.6347500135218482e-01	   5.7265052782442116e-01	   5.0509513998288114e-01	   4.8740332663189539e-01	   5.4393772275774133e-01	   5.3072373206763634e-01	   5.9713466117892167e-01	   5.1513439167821939e-01	   3.9064485341473537e-01	   6.8358591137120217e-01	   7.1496644024209177e-01	   5.4921601277136234e-01	   4.2896531970114171e-01	   9.2705712421458619e-01	   8.3912142621231212e-01	   7.0099886055213934e-01	   8.2212953211389894e-01	   5.4217035739611552e-01	   7.0665730820385497e-01	   5.3880777811526927e-02	  -1.5589265299402219e-01	   2.0077085507042336e-01	   3.5977622160228367e-01	   4.8970482509454671e-01	   6.4618183856072142e-01	   4.0474976777983246e-01	   7.9666258847476412e-01	   3.8998853070088002e-01	   6.7233531870527929e-01	   4.8501648949036252e-01	   6.1043443483948001e-01	   3.9097588806605466e-01	   3.8269417192869654e-01	  -1.6076970168374791e-01	   2.7994952574533100e-01	   4.6186758226552288e-01	   5.4655634101017991e-01	   6.0507289691718091e-01	   6.5432042522353973e-01	   4.4401327760288306e-01	   2.3620908481825248e-01	
   3.4871365038396224e-01	   3.5350651025885044e-01	   4.2752454810644536e-01	   9.4793260302402449e-01	   3.6840154999175456e-01	   1.0358496940500335e+00	   6.2170464362145461e-01	   9.7661170789677210e-01	   6.8626056458213436e-01	   0.0000000000000000e+00	   3.1908418900074093e-01	   5.9644662278200589e-01	   3.5700549615629829e-01	   4.6698551364336782e-01	   4.5848750935864357e-01	   7.0589059599038106e-01	   3.1076287154728122e-01	   3.7255493195237960e-01	   4.4361911438926693e-01	   4.9554623944792298e-01	   1.7869309975205636e-01	   3.6075567622752125e-01	   5.2619746300832759e-01	   7.7614766011989123e-01	   1.3467478777283343e-01	   3.4854861092012740e-01	   2.8946480904401534e-01	   2.9119367428226628e-01	   3.3913681349927299e-01	   4.7724260569641402e-01	   4.2619396925180036e-01	   5.3632210330362651e-01	   5.1435709568365318e-01	   5.5526416168422987e-01	   2.9652627528545472e-01	   3.8265544688957465e-01	  -9.5236744844349394e-02	   1.5892214879770199e-02	  -1.2382787133423984e-01	   1.2004585968117709e-01	  -5.4127333598415796e-02	   3.9992677096342355e-01	   3.8886338356802291e-01	   2.5610353298890948e-01	   3.6872805799442493e-01	   2.9094968780118491e-01	   2.7524232028677098e-01	   2.5598257347237674e-01	   1.8233318307313962e-01	   1.9870656863521877e-01	   2.0639117647949928e-01	   2.2148728044249902e-01	   3.0259915371187257e-01	   3.0113937534772750e-01	   2.6865479380462909e-01	   3.5020987869144887e-01	   2.6774719052922202e-01	   2.6706996915825715e-01	   4.5957929663895097e-01	   5.4795885681199152e-01	   5.3241731154225702e-01	   9.0750296662436725e-01	   3.9296041659268816e-01	   4.9327840602114703e-01	   2.8807366269071272e-01	   6.1971717330717613e-01	   5.0205366517752181e-01	   5.6919082504322516e-01	   4.2810269170949916e-01	   4.5335167882843330e-01	   3.3470768600988227e-01	   4.8758933211055311e-01	   3.4181469114656493e-01	   5.2724681531664619e-01	   3.7031303299476831e-01	   4.4611721839785357e-01	   4.4187530126064295e-01	   4.8732060768308555e-01	   2.9947366311519957e-01	   3.1342104531203052e-01	   3.8574836434198811e-01	   4.4307758386595952e-01	   3.5192258860901227e-01	   3.6639318981968116e-01	   4.0338522109734903e-01	   5.5469252374678779e-01	   2.5901387758917882e-01	   1.9038394656898450e-01	   6.0002180016242257e-01	   6.3099237491076265e-01	   7.9492754258717802e-01	   6.1653855415800107e-01	   7.1246959919210007e-01	   4.6717258576384918e-01	  -5.1279468201280036e-02	  -1.8259281184856910e-01	   9.2540124614873945e-02	   1.8631881043609846e-01	   3.6441318826285318e-01	   4.9063836791196513e-01	   8.1972602485270318e-01	   4.6917233520409851e-01	   4.7210914300933915e-01	   4.9038214308389311e-01	   3.7267304896924308e-01	   3.2743149280444883e-01	   4.8845564896336047e-01	   4.1430300998681457e-01	  -3.0522114027967917e-01	   8.0907725412322787e-02	   2.3918620920891298e-01	   4.0501046025870557e-01	   5.0215882024181213e-01	   4.8869268894535978e-01	   3.2537236506751455e-01	   7.4137273761761324e-02	
   7.5724104053967711e-01	   6.9165000076114502e-01	   6.4502870773016630e-01	   6.9898172003520298e-01	   4.3097252279554965e-01	   4.3597343195534494e-01	   1.0336679232152637e+00	   7.9156760585382591e-01	   6.4901114076898780e-01	   3.1908418900074093e-01	   0.0000000000000000e+00	   8.5372616305888394e-01	   1.6017488389536569e+00	   9.2801411334717288e-01	   9.1696737833402930e-01	   7.8651932527192725e-01	   6.7503317359966974e-01	   6.5224448535524104e-01	   7.6707094557781597e-01	   6.4417216969659630e-01	   6.3882992612202294e-01	   6.8564740132601221e-01	   5.2352959701527424e-01	   4.6526789188804968e-01	   2.7866625317153171e-01	   4.4589858656765063e-01	   4.6416222409375441e-01	   3.5096969315669141e-01	   7.8599452563796579e-01	   6.9000804959755568e-01	   6.5930183469648240e-01	   6.3339637275244076e-01	   7.3923073479570778e-01	   7.5544859903810679e-01	   4.3048574691497149e-01	   4.1762056634722816e-01	   3.8758165461379229e-01	   5.5638764890250292e-01	   4.4911131657892378e-01	   6.6607219361964842e-01	   4.9409057163871850e-01	   7.6268661509096802e-01	   5.4043463068619657e-01	   4.6291298269003528e-01	   5.3685420198911094e-01	   4.1847056001353622e-01	   5.1037836583308815e-01	   5.2444688774830017e-01	   4.6172280508219210e-01	   4.2228711248293754e-01	   6.4373238237001518e-01	   6.0230241975430676e-01	   6.0438366919542119e-01	   5.1283761397584970e-01	   7.6364363219938403e-01	   6.9126454986614017e-01	   5.3987333199600174e-01	   6.0094621402064452e-01	   8.0329015189651332e-01	   5.9575731179224900e-01	   1.0812700884605977e+00	   6.7689269648806083e-01	   6.0530408724274865e-01	   5.8561065843920490e-01	   2.4043637953027969e-01	   2.3161381215856228e-01	   6.6223444727065528e-01	   6.4071868471614624e-01	   5.1298634303407820e-01	   5.1860753701209295e-01	   4.7155243891593995e-01	   3.6161121576411642e-01	   5.6889937527313195e-01	   4.6688582017263869e-01	   5.0471857794829877e-01	   3.0851625190139137e-01	   5.9969475727856514e-01	   4.7475961770017450e-01	   5.6213689450954329e-01	   6.1130733835535400e-01	   5.7213353164805025e-01	   6.9299565162888488e-01	   9.3483167846145954e-01	   7.8238748572765660e-01	   8.4359740856748722e-01	   7.5320682026960706e-01	   4.3516518552484146e-01	   5.7719829883259910e-01	   8.2954908048679388e-01	   9.2416844772098816e-01	   4.1800941362251193e-01	   5.8645471179422959e-01	   1.6518078038338577e-01	   3.2683247104767010e-01	   2.5183524603931712e-01	   1.8905704041067886e-01	   6.2241079028913360e-01	   6.1629984579976271e-01	   4.8849649398148470e-01	   6.9660639416838699e-01	   2.8487110734171722e-01	   5.5497997409985533e-01	   4.2046408211709740e-01	   7.3214753059382143e-01	   3.8004102180907667e-01	   4.7148467351758244e-01	   3.9128327198055679e-01	   3.0921198312791542e-01	  -4.2709599735061285e-03	   5.0006502125765318e-01	   7.0496689980196303e-01	   5.9288437817121187e-01	   6.5860533692095224e-01	   5.1601158189875207e-01	   2.1419568599232200e-01	   4.8947293261723132e-02	
   1.1239047255576105e+00	   1.1342968612541802e+00	   4.5457848505144566e-01	   7.9146310688219412e-01	   4.7516865240584422e-01	   4.4669872681695799e-01	   6.4262065900876597e-01	   1.1123646084794492e+00	   5.0241596809941735e-01	   5.9644662278200589e-01	   8.5372616305888394e-01	   0.0000000000000000e+00	   9.2362497012287426e-01	   1.7230821554960107e+00	   6.2440393017091700e-01	   9.8167874005781752e-01	   9.9255474467776517e-01	   1.2278266759962511e+00	   1.0582938826090671e+00	   1.0620475806632277e+00	   2.6844423012169227e-01	   4.7249047240760689e-01	   3.4584151623911902e-01	   3.8804424934990217e-01	   2.3425278138384342e-01	   2.7973689732420881e-01	   2.8441031909066317e-01	   1.7035905958139630e-01	   8.5598272164320277e-01	   1.3577960172060521e+00	   5.5845977850385042e-01	   5.9564046771133095e-01	   1.0524104050972483e+00	   1.1389253022888628e+00	   3.2684146768125999e-01	   3.6499966065214512e-01	   4.3396283798915719e-01	   4.9041052894530518e-01	   4.1519673553475944e-01	   6.2679705564382193e-01	   3.4912312253993671e-01	   7.6343049077215142e-01	   7.8880810301414994e-01	   7.8381421043641342e-01	   8.0672296991203551e-01	   7.2655422708472994e-01	   8.6511997454656009e-01	   8.4558718028885238e-01	   7.5962325653634555e-01	   7.0044719629260332e-01	   8.1241173740332839e-01	   7.5757967223230538e-01	   8.1768518790321287e-01	   7.8488289633282249e-01	   9.2277358605613480e-01	   9.5436226573966243e-01	   9.7305706171791295e-01	   9.7060228269464754e-01	   9.0438317565682413e-01	   9.2630509493352742e-01	   1.0386707301033387e+00	   1.0307418234978263e+00	   1.0108900338892279e+00	   1.1670849982584925e+00	   2.1729334877687093e-02	   1.4815942151181646e-01	   5.8815347237879723e-01	   7.6611907565214576e-01	   7.8789396012660196e-01	   8.5483200263813564e-01	   3.0089436405859243e-01	   3.2711534454125996e-01	   3.7258898928390788e-01	   6.3432346677599361e-01	   3.6140588694921028e-01	   4.2453405185300219e-01	   7.0506111380323044e-01	   7.3273244695693984e-01	   8.7648979777413505e-01	   7.7951169466389303e-01	   1.0752665379095441e+00	   9.8941379447318722e-01	   8.9196953698513826e-01	   9.7315787695209832e-01	   8.1263858142414136e-01	   9.1568993932555343e-01	   5.3197721929133035e-01	   5.4687134777949442e-01	   8.0412786717626406e-01	   1.0119373356755774e+00	   6.0556206854862171e-01	   5.1804491255249940e-01	   1.6752523670003006e-01	   1.4014641484134774e-01	   2.0107473176823534e-01	   4.5649417794060058e-02	   6.0006093936515859e-01	   8.5869490437343632e-01	   9.1920624916158999e-01	   9.7136475174934422e-01	   5.5654092447355474e-01	   4.4412871528748038e-01	   9.5318895636154377e-01	   1.0515920648072130e+00	   6.8483016074455438e-01	   6.4654315212651747e-01	   6.2406923677106141e-01	   5.6587385140445712e-01	  -1.2641441864989228e-01	   4.7726587465362957e-01	   8.2801005205926892e-01	   9.2369238538956888e-01	   7.8428480184469540e-01	   8.5165465381341132e-01	   3.4826198571289035e-01	   1.5242526823957053e-01	
   7.8702097034593776e-01	   6.7987334681913636e-01	   7.0447565646183108e-01	   7.6633045061403005e-01	   4.2728939799996934e-01	   3.9459610879638551e-01	   1.0838400091309310e+00	   8.6644903299804543e-01	   6.7327268615891567e-01	   3.5700549615629829e-01	   1.6017488389536569e+00	   9.2362497012287426e-01	   0.0000000000000000e+00	   1.1374891201976725e+00	   9.0494199662135144e-01	   8.7519984900094205e-01	   6.9091588923802305e-01	   7.4015690576311666e-01	   7.5190904392717750e-01	   6.5641399520090604e-01	   5.4002241583681865e-01	   5.9468762794687635e-01	   5.3216395958047336e-01	   4.8430174521586056e-01	   3.7156446638520157e-01	   5.4330016145512094e-01	   4.5663493160342961e-01	   3.5118385176530192e-01	   7.7875626057330227e-01	   8.1246540260680122e-01	   7.2929621522257537e-01	   7.4683077214366156e-01	   7.9450286055051689e-01	   8.1256309453651665e-01	   4.6234161250533129e-01	   4.5048779266701283e-01	   4.8407118181958175e-01	   5.9532732014882328e-01	   5.1710101122776930e-01	   6.8081104057654440e-01	   5.6878497686287754e-01	   7.3192989854760959e-01	   5.9788307820386177e-01	   5.2892951286621703e-01	   5.5257296209876583e-01	   4.3359712979584708e-01	   6.0895872925982375e-01	   6.0677379047938573e-01	   4.7904745239597751e-01	   4.3829799187735397e-01	   7.0677790161969456e-01	   6.4963798265912864e-01	   6.5037849672225112e-01	   5.7010048653151812e-01	   8.5549213122680456e-01	   7.6533461347187026e-01	   5.8465380053194727e-01	   5.9855115502720901e-01	   7.7063754861188594e-01	   5.8374197755031465e-01	   1.1156925003507769e+00	   7.0899727308275684e-01	   6.3362883653516333e-01	   6.1733086744324661e-01	   2.6179436051915228e-01	   2.8122311929861993e-01	   6.4607816241974225e-01	   6.3622480613289356e-01	   5.1949640898211191e-01	   5.1137702499423332e-01	   4.5889811991011797e-01	   4.0493121007861244e-01	   5.1378533353934897e-01	   4.7187639047736596e-01	   4.3841990637853467e-01	   3.0122790976681157e-01	   6.9238187672742824e-01	   5.6426195080750141e-01	   6.4493219844469696e-01	   7.5950872154594051e-01	   6.8203285837485783e-01	   7.6313473090680128e-01	   1.0317332297851691e+00	   8.2294249077908388e-01	   8.9205056927170112e-01	   8.3338251549695386e-01	   5.3501135270833300e-01	   6.1926765825321639e-01	   8.8428496574158921e-01	   9.2770408259776027e-01	   4.1885018353030123e-01	   5.8358841210016854e-01	   1.0607016847254259e-01	   2.9064211860303313e-01	   1.7758525184683199e-01	   1.1363940335610914e-01	   5.9924612973281322e-01	   6.8182393846902645e-01	   5.4058139420633289e-01	   7.6427110483386784e-01	   2.9369983761051188e-01	   5.3495255311914325e-01	   4.5705377160580390e-01	   7.5258707656370583e-01	   4.5068739591761064e-01	   5.4347294835502324e-01	   4.3483276905444762e-01	   3.7682882635757425e-01	  -8.7136976439008237e-02	   4.6784543584540084e-01	   7.4249031934767007e-01	   6.1855780434818053e-01	   6.2367420734982026e-01	   5.3732004051492477e-01	   3.0458717892820725e-01	   7.8047203434561049e-02	
