   0.0000000000000000e+00	   1.3529176390609465e+00	   2.7614250058129441e-01	   5.8756783792509060e-01	   3.3571110008702842e-01	   6.4740260581213005e-01	   4.4057063007804825e-01	   6.0366474982641094e-01	   4.7344617921464960e-01	   6.1471578320245501e-01	   8.5867257831410382e-01	   7.3952671809238413e-01	   5.4789982270011317e-01	   4.4195814104044251e-01	   4.4103650378174469e-01	   5.9790637258099211e-01	   8.9201606099249131e-01	   6.2199661736081302e-01	   8.3587126193260208e-01	   8.2306467871323941e-01	   1.9551433280111477e-01	   2.2799914055651241e-01	   1.4933547677414352e-01	   2.4303583378096799e-01	   3.7643674225832979e-02	   4.7393835177771598e-02	   4.7396710170176382e-02	   1.3558597702494135e-01	   5.6430702592301873e-01	   6.1188507634566625e-01	  -1.6592636497913427e-01	  -1.4237011606430383e-01	   3.5795902280552078e-01	   4.5629546015506489e-01	  -1.8665329335243463e-01	  -3.8049329705934228e-02	   1.2997025253421090e-02	   1.1452842290793769e-01	   3.6590537503318293e-01	   3.1577003427702799e-01	   4.8866407432156267e-01	   5.3096720807631304e-01	   3.8523823116855732e-01	   3.2822470535771886e-01	   4.5483466622896589e-02	   2.2417506291047690e-01	   3.8666880986503110e-01	   3.9037988430769227e-01	   2.3456193205272441e-01	   3.9822996550853690e-01	   3.9041150844469202e-01	   3.1798542053396317e-01	   3.9395547117968899e-01	   3.9678485427375293e-01	   5.3908078785647717e-01	   4.3457517540066842e-01	   1.1845486894586303e+00	   9.0965961762696546e-01	   6.5819146608711399e-01	   5.0678071309230222e-01	   7.7784992657213903e-01	   5.1308332903589571e-01	   9.6145159985883155e-01	   7.6385806808127832e-01	  -5.0055924119906170e-02	   2.7650492265348170e-01	   3.1089568294090952e-01	   2.7699614240985704e-01	   7.5825729473311654e-01	   7.2925829683701404e-01	   2.5392405597145362e-01	   2.6166276733891347e-01	   4.4948418327460471e-01	   6.4842851630154708e-01	   4.3326587164530406e-01	   4.0624874384292009e-01	   8.7074453610433622e-01	   7.9544214872033470e-01	   5.5511331931336017e-01	   5.2772563285848073e-01	   7.2917834572108076e-01	   8.0303467451486488e-01	   4.2758459466954329e-01	   4.6689848828911240e-01	   5.5155961310882706e-01	   5.9002605611721126e-01	   1.2721047055569806e-01	   1.5151121083892227e-01	   9.3245720180134628e-01	   9.0656887210082515e-01	   7.7615684427746112e-01	   7.4567498146689226e-01	   6.5772343472146988e-01	   4.9789016730128599e-01	   1.7891660759104994e-01	   1.3025875821332139e-01	   4.5576700689244420e-01	   4.3786866949105735e-01	   5.9961779471334842e-01	   6.0179809237984483e-01	   7.4634833898784891e-01	   7.0244736194093504e-01	   4.4512096143284424e-01	   4.7553137784088534e-01	   1.3521444893134676e-01	   1.4745543072143802e-01	   5.2109814393356424e-01	   3.6977387554846064e-01	   1.6737039685798921e-01	   1.7047687332585315e-01	   4.4884960053163914e-01	   7.7938247698392371e-01	   7.8604167586601015e-01	   6.1527626319425088e-01	   3.2980810645887881e-01	  -1.8460877213323384e-02	
   1.3529176390609465e+00	   0.0000000000000000e+00	   3.1051186678894192e-02	   4.6862966759839580e-01	   1.8154656017981496e-01	   4.8459931742012402e-01	   1.6718111234567182e-01	   5.8860508736208839e-01	   3.9569618083693398e-01	   5.7956650729841441e-01	   6.0905818912772169e-01	   8.4223904419115847e-01	   3.5330585218992522e-01	   6.1315423226889487e-01	   2.4495772813730371e-01	   5.5749514089010432e-01	   8.2864597245849003e-01	   7.5717966767323241e-01	   5.0428545504030731e-01	   7.5357241225691329e-01	   2.4151077484011221e-01	   2.3482237983915441e-01	  -3.8832382246331558e-02	   1.1963901504951957e-01	   6.0536762648663825e-02	   3.5055803121552549e-02	   5.7559533983141099e-02	   1.0267720247803774e-01	   4.7866802559417820e-01	   6.3910347147126179e-01	  -2.6763363830645875e-01	  -2.4442998226788121e-01	   1.4373297240488334e-01	   2.6180164497541270e-01	  -2.9456648581288480e-01	  -1.5350896827621768e-01	  -4.0858274439444793e-02	   1.0683542994222615e-01	   2.0529161622688968e-01	   3.0200583108574536e-01	   4.1044306442708162e-01	   5.5139410552989498e-01	   2.4913001722513028e-01	   2.1103169272451316e-01	  -7.1423547867237466e-02	   2.0286914209555795e-01	   4.1248849429396339e-01	   3.7455183169396289e-01	   3.6939014059891057e-01	   6.2305914652483296e-01	   5.1865624468535443e-01	   5.1311263774862770e-01	   6.2144877584453062e-01	   6.5444604532942829e-01	   6.2386002727654477e-01	   5.4127735863257598e-01	   1.2871193406859156e+00	   1.3641993766820810e+00	   5.6732210281038742e-01	   7.1493860536317189e-01	   5.5433174230021498e-01	   5.4951196259489987e-01	   8.0003639377738267e-01	   9.3804853519307629e-01	  -2.3167120389375170e-01	   1.6416835993878898e-01	   1.0743353065872693e-01	   1.7067905467674901e-01	   6.4023535840787671e-01	   6.6534515976868258e-01	   2.3790748856222016e-01	   2.0555831486272425e-01	   2.4990423483742563e-01	   5.6008161225611430e-01	   1.6854139937893892e-01	   2.7555821492489174e-01	   5.5271557389501891e-01	   5.8334748887100918e-01	   6.0699922046283272e-01	   4.3315856907760864e-01	   7.4726796588236466e-01	   7.8553239070294667e-01	   3.2004998660931333e-01	   5.9103767774251748e-01	   4.0779035531968444e-01	   5.6855644729564370e-01	   7.4899987967942921e-02	   1.7311771535559284e-01	   7.5987473353529689e-01	   9.5906170441274929e-01	   9.4622156084040610e-01	   4.5176591109230829e-01	   5.7583884138642794e-01	   2.3553633006789781e-01	   8.1435215492950644e-02	   6.8483844725650347e-02	   3.2707613356050280e-01	   4.1707013153697270e-01	   7.2676531314272164e-01	   6.0691133471114533e-01	   7.1317951214132003e-01	   4.0258486737657440e-01	   5.1489185639333290e-01	   2.8597021986430032e-01	   8.0333915300809092e-02	   1.2516043643371069e-02	   4.7997618376425555e-01	   1.9587107579410884e-01	   7.6531098606558365e-02	   6.9738853160694808e-02	   2.8127027757886064e-01	   5.2028511616452211e-01	   6.5800461675177635e-01	   5.8793806671516158e-01	   2.3659531108031739e-01	  -1.2895825268827982e-01	
   2.7614250058129441e-01	   3.1051186678894192e-02	   0.0000000000000000e+00	   7.8504839952157701e-01	   8.8628543185884234e-01	   3.1111262382933791e-01	   1.2719837737718664e+00	   1.8157160591741195e-01	   3.4711732008657781e-01	   6.2249480179913240e-02	   1.5479676600504827e-01	  -1.1401267789956848e-01	   2.4779284484327163e-01	  -2.7816592875370472e-01	   6.0669821336875196e-01	   1.5406720205181251e-02	   2.2125803990853504e-01	   3.1604688495636074e-01	   6.3483044577833825e-01	   2.9056165402254697e-01	   2.4051794815763083e-01	   1.6389827405712887e-01	   1.6356101596846060e+00	   1.0467082139160018e+00	   7.7928679214296459e-01	   7.6968807555654228e-01	   6.1996487622334995e-01	   6.2741130073007945e-01	   8.6412681366951072e-02	   1.0256296913815209e-01	   6.6519705917085414e-01	   6.6878177312544917e-01	   8.3855173971138530e-01	   6.2488617542323988e-01	   9.3953460959702406e-01	   8.6403220474212850e-01	   1.7155240163004110e-01	   2.2669877178890632e-01	   6.2342356057416115e-01	   3.1067036809380932e-01	   2.8155424463896872e-01	   1.8672987527373730e-01	   4.9640012023050706e-01	   3.9403779192912619e-01	   4.4831349342379007e-01	   2.7583729214003994e-01	   1.4711267855105425e-01	   3.0032987296408398e-01	  -2.0113431689202149e-01	  -1.6680299329125958e-01	   1.1055843845703819e-02	  -1.0059883113855600e-01	  -2.1691307093466106e-01	  -1.3734123255305938e-01	  -2.3993092039936534e-02	   2.0868498160985134e-02	   1.0844312783877984e-01	  -4.3747227907204342e-04	   3.6847668979761211e-01	  -1.1052191955237610e-01	   4.2413943417148947e-01	  -4.7062086396173916e-02	   8.5864170862759187e-02	  -1.0064677632927330e-01	   1.2553576002784135e+00	   6.6559360126505496e-01	   8.7654235947222325e-01	   5.3214388240714572e-01	   3.2326217506591903e-01	   3.0298398047658326e-01	  -1.6576615601735994e-02	   8.4702343485923190e-02	   4.0065228244168760e-01	   2.6029742922939864e-01	   4.9163956267514242e-01	   1.7208681815828161e-01	   7.4541075001321866e-01	   6.2880093647831392e-01	   2.9603749824532632e-01	   6.2355013197576525e-01	   2.3719367632691885e-01	   4.4830194472052226e-01	   5.0003259563732660e-01	   1.3993166285072881e-01	   9.2388815113797784e-01	   6.2751218398687325e-01	   6.0869963429501039e-01	   3.1966754218909044e-01	   4.9423471055319246e-01	   3.2880823335324560e-01	   2.0657652688427293e-02	   8.0320076061092816e-01	   4.5463369501490875e-01	   1.3705039382721189e+00	   2.9967251177814913e-01	   2.0962820467881157e-01	   4.2741268497856005e-01	   2.6413245241441285e-01	  -1.6293193982748655e-01	   4.6222918994394291e-02	   1.3202632842303899e-01	   9.7331790621393410e-01	  -1.7489259633848359e-01	   2.5975560207607074e-01	   9.6233090253798739e-02	   3.1323119438396757e-01	   6.8855500987815524e-02	   2.6159813949830091e-01	   2.0608384101779581e-01	   4.2660746820695727e-01	   7.3729037663096719e-01	   3.9621169671566531e-01	   2.3996595518127145e-01	   2.7071909290648288e-01	   1.7644873059337038e-01	   1.1735727380224566e-01	
   5.8756783792509060e-01	   4.6862966759839580e-01	   7.8504839952157701e-01	   0.0000000000000000e+00	   1.1392911115379709e+00	   9.0417785780782256e-01	   9.8604960105484274e-01	   9.7654078167477876e-01	   6.1172107278403676e-01	   6.9401930279740565e-01	   3.5088737976823742e-01	   3.7070191374416678e-01	   3.4947306815759788e-01	   9.7173570586780514e-02	   5.5887649002161688e-01	   4.2960702551316821e-01	   4.8339468380031175e-01	   4.9338297760792998e-01	   8.3757482157539254e-01	   7.5902661319918308e-01	   3.9674477187176332e-01	   4.1651018655378946e-01	   7.6854489257382963e-01	   1.1741608910879291e+00	   5.1103813832233824e-01	   6.9870133624820907e-01	   4.7511581680774451e-01	   6.4170496459678639e-01	   3.2162183728398125e-01	   3.9153987495845932e-01	   3.3729791481758997e-01	   5.1783829230412348e-01	   9.2126158473931508e-01	   1.0271193971520860e+00	   4.0812528520023400e-01	   5.7478985079400435e-01	  -3.3408315882494429e-03	   2.0333015981346086e-01	   5.9438371655868161e-01	   4.9991581032221138e-01	   3.8938230075523345e-01	   4.0839401029407629e-01	   3.3438383583747949e-01	   2.8683944890331692e-01	   3.3943476041585352e-01	   3.6930896603772828e-01	   2.3038028829790724e-01	   3.9180664371180740e-01	  -9.1848468682050710e-02	   3.0373398647062375e-02	   6.4124328757905885e-02	   1.0475187820060107e-02	  -9.9398201788150082e-03	   7.3333008263759061e-02	   1.7518269389140131e-01	   1.8147649687123146e-01	   3.9317219377513524e-01	   2.3006676107470078e-01	   4.5972161082804774e-01	   1.5641859014881121e-01	   7.1979681653392069e-01	   5.1443255644468877e-01	   2.4747601815146286e-01	   1.8905116049156873e-01	   6.2219327712187411e-01	   1.2707115249573702e+00	   6.7467454254296255e-01	   6.8097497123454853e-01	   5.9442612738504463e-01	   6.6928599910259823e-01	   5.5396369859439930e-02	   7.8784311238725688e-02	   5.0052535430881473e-01	   5.2674353783610783e-01	   4.6377412799611473e-01	   2.8590577066445821e-01	   7.7181143442823341e-01	   6.7361490835949311e-01	   4.9436043792540063e-01	   6.8995847083959017e-01	   4.9736893704111662e-01	   8.3885713498679271e-01	   3.7006669107645390e-01	   4.4037701621984893e-01	   7.5711626024740930e-01	   1.1822001411348688e+00	   2.4186553605435623e-01	   4.3694668391085212e-01	   8.1902048252100457e-01	   6.8327274534991211e-01	   4.4984323989984976e-01	   7.9978777158198300e-01	   1.1071501007480380e+00	   9.5013903417075429e-01	   5.2825785910371237e-01	   3.9214409852163412e-01	   5.6896505338810199e-01	   4.2670681419934314e-01	   3.0119749260293505e-01	   1.8873730116105175e-01	   7.2773214527555341e-01	   1.0951564911998977e+00	   2.3600581877825363e-02	   2.0354498787238531e-01	  -1.7524906112481146e-02	   1.0460936139127358e-01	   1.3618997147192366e-01	   1.7451908210990119e-01	   3.3926123223238314e-01	   5.7342751820841920e-01	   7.4461009753338281e-01	   6.3389363739936411e-01	   4.5812580295344896e-01	   3.8000499606800070e-01	   1.3767281613373472e-01	  -4.2405858054540410e-03	
   3.3571110008702842e-01	   1.8154656017981496e-01	   8.8628543185884234e-01	   1.1392911115379709e+00	   0.0000000000000000e+00	   8.1810701580849776e-01	   8.8129908161890635e-01	   5.2053232024344043e-01	   5.4139860718681643e-01	   4.4792482424066649e-01	   1.9821926824658614e-01	   9.0262466765084926e-02	   1.5549886200937371e-01	  -1.7033174134413970e-01	   5.5113251189696499e-01	   2.4887740686429571e-01	   4.3117573852244673e-01	   4.7681783305777936e-01	   7.8636274808902151e-01	   5.5647702060304316e-01	   4.6417840654621129e-01	   4.9436656974230941e-01	   9.1022488158848514e-01	   9.6358357942701756e-01	   6.3128508056007171e-01	   7.7431960264355659e-01	   4.4611211414138718e-01	   6.2464636265057560e-01	   3.6361882537564971e-01	   4.2651810762591236e-01	   5.7499571997168097e-01	   7.1221175193341213e-01	   1.0361820678421718e+00	   1.0122675216722927e+00	   6.4469242879422872e-01	   7.2028638396364575e-01	  -9.2492604764512227e-03	   1.5660202140916565e-01	   5.6284163086141070e-01	   4.3625202063411306e-01	   3.7952323524140935e-01	   3.4551424478958931e-01	   3.5097606920886043e-01	   3.3115785629395628e-01	   4.9933528032263208e-01	   3.9104174935175529e-01	   1.2002324784671764e-01	   3.4276413934596950e-01	  -1.6136593082547890e-01	  -1.0445450399223066e-01	  -9.4907385610740816e-02	  -1.1690651053109476e-01	  -1.8127582277484203e-01	  -5.4609138725432819e-02	  -1.3613320323990128e-02	   7.9030354447763504e-02	   1.8396079774380791e-01	   5.1271040309057103e-02	   2.9966644043441998e-01	  -3.1700188794284427e-02	   4.2969794169926456e-01	   2.4369464327866683e-01	   1.2387793375027470e-01	   6.4958968396519406e-02	   8.0494425403582159e-01	   9.0793992589781847e-01	   7.7378334696891327e-01	   6.8009098660899636e-01	   5.1100717594114176e-01	   5.2413879199979019e-01	   3.6422542763405813e-02	   1.3853050644032958e-02	   5.3436034436777358e-01	   4.9305386654706629e-01	   5.0864797967677766e-01	   2.5860414868267090e-01	   7.8580450678435876e-01	   5.9591215734596592e-01	   4.2755849614537683e-01	   7.3973715775526094e-01	   4.1697752161896384e-01	   7.1320620696856785e-01	   4.0249028980726642e-01	   3.7129377969526822e-01	   6.9523704598491154e-01	   8.1875898996258289e-01	   3.0117657497449107e-01	   4.5971227405238968e-01	   5.4045184055811135e-01	   4.0259846541781791e-01	   1.7586871331013892e-01	   7.0184841186102842e-01	   6.6827415688695724e-01	   9.0588152936818334e-01	   4.7160659451182529e-01	   3.3873395648924814e-01	   5.5068704510127409e-01	   4.2385040874296426e-01	   2.8219242229923027e-02	   8.5779402660255868e-02	   3.4253301849762452e-01	   9.2812852142675561e-01	  -1.3330589024969686e-01	   2.0353464713500516e-01	  -4.6089494435986528e-03	   2.0129153699652241e-01	   2.0910129311189012e-02	   1.7884672539900548e-01	   3.1295523330906738e-01	   5.8073095665532870e-01	   9.2337338968634819e-01	   5.4476465750416181e-01	   2.7400776537470817e-01	   3.6368775319682650e-01	   1.7521666612232273e-01	  -7.8524032923119776e-03	
   6.4740260581213005e-01	   4.8459931742012402e-01	   3.1111262382933791e-01	   9.0417785780782256e-01	   8.1810701580849776e-01	   0.0000000000000000e+00	   5.8160388694030274e-01	   1.0639661907518136e+00	   5.0429736585016016e-01	   1.1661872785802168e+00	   5.0916013671542937e-01	   5.6429172359959523e-01	   3.5482097334711271e-01	   2.6314542770550986e-01	   5.0826337210457173e-01	   7.5371120608176567e-01	   4.6977824604241991e-01	   2.7182786467616693e-01	   7.2417311401465412e-01	   6.1087434846654620e-01	   2.7119668761320337e-01	   4.5163930036488570e-01	   3.3049746902123067e-01	   5.8798926427932630e-01	   1.2081797785509216e-01	   3.1984599032713712e-01	   1.2074932386225781e-01	   3.7784610428001358e-01	   4.6601103500445362e-01	   4.8098724630476308e-01	   1.2577312564069418e-01	   2.3531959295353999e-01	   5.9187764313559721e-01	   8.1161988947826680e-01	   6.0181879662528782e-02	   2.3263821107389693e-01	  -1.1161160699089438e-01	   1.3159705080228493e-01	   4.2937787184527565e-01	   4.9404385012585317e-01	   3.0911715085601676e-01	   4.3933744073487779e-01	   4.1437618644765734e-01	   4.3311048048470574e-01	   3.9594084988078704e-01	   4.5330479246710187e-01	   3.0599437928946061e-01	   4.3091951244976495e-01	   4.2148718155510474e-02	   1.2271537824962458e-01	  -3.0247773185132797e-03	  -9.7863230393506317e-03	   1.1160812793284111e-02	   2.4187580405080233e-02	   2.0592961746400673e-01	   2.1826783210633910e-01	   3.5948285825927040e-01	   1.6938971705284545e-01	   3.1814348483325072e-01	   2.0721252513449775e-01	   6.7868554009749515e-01	   8.9367211667994373e-01	   3.6282056923155831e-01	   2.4284227380254675e-01	   1.5544439572812080e-01	   7.6801831927812503e-01	   4.3794431337879636e-01	   5.8385519397550589e-01	   4.0214020673839290e-01	   4.9210568825583523e-01	   2.1301699231558524e-01	   1.9446991993149310e-01	   4.8573740070156074e-01	   6.2550698324842380e-01	   4.8448033096378545e-01	   3.6365773112950178e-01	   7.4328342966281069e-01	   5.3478465741624326e-01	   3.7821244556780326e-01	   4.9360902986796229e-01	   4.3165613183523854e-01	   5.9989794837354526e-01	   1.9849699888807515e-01	   3.6391299954487100e-01	   4.0649605901804303e-01	   6.3745225666381045e-01	  -1.0909824806173642e-02	   3.0824152767954993e-01	   7.6427388022996856e-01	   6.4326019008842861e-01	   5.2059551929463366e-01	   6.1631705444290996e-01	   8.2801986156662055e-01	   5.3306700039956967e-01	   4.3736967954324057e-01	   3.4628432110648194e-01	   4.4276787834847686e-01	   4.0352857644960888e-01	   4.2392657398269967e-01	   2.6934877997310569e-01	   7.0607809052995896e-01	   7.7689505029222250e-01	   1.1807904993741641e-01	   2.4509004196742001e-01	  -5.6401402651288665e-02	   3.7890834108168223e-02	   8.7208582243460578e-02	   1.8230020935126640e-01	   3.1688543879726883e-01	   4.1966261417990203e-01	   6.2255533094389437e-01	   6.2024475633508047e-01	   5.1316727190142142e-01	   3.2022859720077235e-01	   1.5400209424910596e-01	  -5.1971776360010651e-02	
   4.4057063007804825e-01	   1.6718111234567182e-01	   1.2719837737718664e+00	   9.8604960105484274e-01	   8.8129908161890635e-01	   5.8160388694030274e-01	   0.0000000000000000e+00	   5.6654057856000484e-01	   6.3757763743807461e-01	   4.4697248304805820e-01	   5.0130065263856960e-01	   1.9785558083419338e-01	   5.9287644264316952e-01	  -1.5802223633681781e-02	   6.2750583991949205e-01	   2.8057098341122799e-01	   2.9095560551171129e-01	   3.4018662033280506e-01	   6.7550268050835283e-01	   3.3570139883955674e-01	   1.9507192899270070e-01	   1.7743280079853485e-01	   9.3639862266962459e-01	   8.7207649310810653e-01	   4.6328008934747245e-01	   5.3198541958661993e-01	   4.3456858959691819e-01	   5.1574979018994682e-01	   2.2615992346291242e-01	   1.9916344680011513e-01	   3.5295611980391667e-01	   4.0087262233043108e-01	   7.0177085148363405e-01	   6.2230223971089860e-01	   5.5611047800845470e-01	   6.3692604015112730e-01	   4.0202883954137132e-02	   2.5482709312512608e-01	   6.0814176680082688e-01	   4.0686148915358666e-01	   2.6751762274715285e-01	   2.5502608013003891e-01	   4.4711519794898025e-01	   3.9876395109373181e-01	   3.5832155546547440e-01	   2.9642261155082317e-01	   1.8413056048741355e-01	   3.8703292375201936e-01	  -8.2659366175924620e-02	  -3.9563140711449916e-02	   1.2082746092889754e-01	   9.3909639574610085e-03	  -8.3524086454297403e-02	  -4.8593887723120094e-02	   8.1588893005588872e-02	   1.1825852644891283e-01	   1.0794368278118630e-01	   1.9275858917518991e-02	   5.4473280962660275e-01	   4.7607378656844432e-02	   8.1502477318786004e-01	   3.0179409735349871e-01	   2.3231754077360278e-01	  -1.8218944636177691e-02	   9.0415734180068719e-01	   9.8267763773379513e-01	   8.0592201445028799e-01	   5.9339533079585138e-01	   3.1164369948907000e-01	   3.3019728395898235e-01	   8.3542499519519517e-02	   1.9017154680276208e-01	   4.6842814345823985e-01	   3.4500015515212201e-01	   5.5714146074249016e-01	   2.7585723419141900e-01	   7.6581970874021887e-01	   6.2104924044468279e-01	   3.4963795500561079e-01	   6.2426878429313626e-01	   2.9605126454248359e-01	   5.3924477111763436e-01	   4.1094400473025905e-01	   1.9499094435481132e-01	   8.4346874212921641e-01	   7.7374006060814549e-01	   3.3088925280563469e-01	   2.5670355866094130e-01	   7.2644588631027485e-01	   5.3796742543434450e-01	   2.5617108689215984e-01	   1.0036370643048202e+00	   6.5626643857167311e-01	   1.2929003890055442e+00	   4.0709250307615946e-01	   2.8610488836429293e-01	   4.0154327907889142e-01	   3.0471724993260574e-01	   6.0234520527194857e-02	   2.2256514293038718e-01	   3.9467678625855568e-01	   1.1955305757974757e+00	  -9.1081643783900240e-02	   3.1420500017664849e-01	   2.7181989047117796e-02	   2.2778177201762861e-01	   1.1022018338735309e-01	   2.6604407648176098e-01	   2.9045683562163249e-01	   5.1112390648325690e-01	   6.6385632871850442e-01	   4.7056455605041064e-01	   4.4347476102196692e-01	   2.5753801029471479e-01	   1.2229158264426872e-01	   2.6891298278624420e-02	
   6.0366474982641094e-01	   5.8860508736208839e-01	   1.8157160591741195e-01	   9.7654078167477876e-01	   5.2053232024344043e-01	   1.0639661907518136e+00	   5.6654057856000484e-01	   0.0000000000000000e+00	   5.2312835354595666e-01	   1.2714070340908858e+00	   5.7204760045305447e-01	   8.1243284909198299e-01	   4.6320701753401494e-01	   5.3127628372709801e-01	   3.2656157330285379e-01	   8.2122591901498077e-01	   4.0566851234575735e-01	   2.7124560010322896e-01	   4.4369431595517400e-01	   5.2535514700863895e-01	   2.1918426065655972e-01	   3.2265803192318587e-01	   1.5098256539455862e-01	   5.0718986118466591e-01	   5.6906735119946518e-03	   1.7440295671587422e-01	   7.6338701693617908e-02	   2.7049635888313373e-01	   4.2718112703356315e-01	   4.2710252440688878e-01	  -6.0344922083176766e-02	   8.9409945557924461e-02	   3.4893700121852406e-01	   5.5912239471743663e-01	  -1.2207326927632199e-01	   7.7400594615817234e-02	  -2.4457817479258509e-01	   8.0635150013190354e-02	   2.8760660359708046e-01	   4.8799942893848691e-01	   2.3846046212730868e-01	   4.4638052282499346e-01	   2.3124276564561891e-01	   2.5033544140650427e-01	   1.7248315854337554e-01	   3.6862171191884974e-01	   3.4759430903655880e-01	   4.2139436181155032e-01	   2.1638981352990494e-01	   3.0492723166726038e-01	   2.2482775697100432e-01	   2.1847982207498839e-01	   2.3827970565880580e-01	   2.4825586128338598e-01	   3.8796172767383408e-01	   3.1611945304650857e-01	   3.2194201682250528e-01	   2.6388665916116044e-01	   4.0273284070584875e-01	   3.9761934325245346e-01	   7.4661699149367011e-01	   1.2923142706347717e+00	   3.3690143767853642e-01	   3.5032591548201947e-01	   5.0107491608998952e-02	   8.4583697312193673e-01	   2.1411872476456378e-01	   4.3224245590043520e-01	   2.3147520823967854e-01	   3.3449316193108641e-01	   2.1340506621130423e-01	   1.6655291826584365e-01	   3.9956745035761276e-01	   5.6397260985937825e-01	   3.3138207318815122e-01	   3.8492665119424702e-01	   4.6336427841831235e-01	   4.3394653136897227e-01	   3.4137034574330449e-01	   3.2445818479037986e-01	   3.5959596742661948e-01	   5.9030730353939931e-01	   1.2453480432336993e-01	   4.0528297468279800e-01	   3.7290385154119338e-01	   7.9040957599331862e-01	  -1.5596846861892863e-01	   1.4604484247558111e-01	   7.9253091164102785e-01	   7.9758250789019658e-01	   8.0490670684473731e-01	   4.4324109816476304e-01	   1.0046520529302676e+00	   3.6878707089891438e-01	   4.3811247804621145e-01	   3.4572951504748617e-01	   3.5159222722174333e-01	   3.3914411696621682e-01	   6.8165884560392209e-01	   3.0999233715561170e-01	   1.0851824465170798e+00	   6.1238158271300569e-01	   2.5877352642373286e-01	   1.7385025742062060e-01	  -5.1892296481503120e-02	  -4.6219488623981231e-02	   1.4209918471783672e-01	   7.9906726816878298e-02	   3.0486174269916821e-01	   3.8693810038841753e-01	   3.2200138484826890e-01	   4.0102346108222009e-01	   5.2262060620565798e-01	   3.0097957828673677e-01	   1.0366217629604207e-01	  -3.5637981802252555e-02	
   4.7344617921464960e-01	   3.9569618083693398e-01	   3.4711732008657781e-01	   6.1172107278403676e-01	   5.4139860718681643e-01	   5.0429736585016016e-01	   6.3757763743807461e-01	   5.2312835354595666e-01	   0.0000000000000000e+00	   8.0453266121858813e-01	   7.3725178722747120e-01	   6.4058326706971280e-01	   9.0360097634877024e-01	   4.2225852568782818e-01	   5.7484564501941149e-01	   5.4627426646188737e-01	   2.1163416640035540e-01	   4.0111610003249332e-01	   3.3622467009017526e-01	   2.3511582906362416e-01	   3.8077009264240697e-01	   3.5684901298557059e-01	   3.0184316705688669e-01	   4.0041992012595251e-01	   2.6257826113544042e-01	   2.9671613126403679e-01	   3.2142351194383101e-01	   3.4284560717317952e-01	   1.4646253653164043e-01	   3.8485645529330959e-01	  -1.7299043185481897e-01	  -5.6153100146624946e-02	   2.6787975381562329e-01	   2.9175619290587490e-01	   1.1147767818034786e-01	   1.8688562188772767e-01	   1.0547003554110554e-01	   3.9473597624438611e-01	   3.8454704082140062e-01	   5.0057288694495328e-01	   3.5467422351588429e-01	   4.8184445526982866e-01	   2.1631845345168427e-01	   2.3205936398686688e-01	   5.1038907305526543e-02	   1.5053166901379969e-01	   2.2509495065644189e-01	   3.8098237787278066e-01	   1.4919305797639615e-01	   2.5744271570456045e-01	   3.1177155242557081e-01	   2.7295669645530651e-01	   2.7007219341711203e-01	   2.5552799273742743e-01	   2.8159383069393040e-01	   3.9553702909293215e-01	   1.8292696654650406e-01	   2.4609910258864545e-01	   6.9054178111332631e-01	   4.0318207280848384e-01	   8.3574060734556110e-01	   5.0407133899779843e-01	   1.1708684058723962e-01	   6.0055817586216052e-02	   3.6075129773579734e-01	   7.5824748054517033e-01	   3.2376600035078262e-01	   3.2208763582903233e-01	   3.8350806837846679e-01	   3.7115196415141050e-01	   7.3845472085117658e-02	   5.4451022630181103e-02	   2.2956820877130096e-01	   2.5559539250228391e-01	   2.0968594408148511e-01	   1.1103297696030996e-01	   4.5469019902281804e-01	   3.5771042976263007e-01	   1.9816341866577386e-01	   4.2375559871114737e-01	   2.3156413675946588e-01	   3.7863521598255778e-01	   2.6522213366559871e-01	   4.6093611254384736e-01	   3.7888526215038176e-01	   5.2720100239844570e-01	   8.4030356992193980e-02	   3.1920670991861355e-01	   5.9787578982386214e-01	   5.5937112187127136e-01	   5.2339561793232048e-01	   7.2515838519869646e-01	   6.4666631428111021e-01	   5.6601473045227146e-01	   3.0815545995903243e-01	   1.8805601980874453e-01	   3.7845767397401009e-01	   5.1362186079183303e-01	   3.2261808494655109e-01	   5.4996684040334320e-01	   5.2999304419759485e-01	   6.8824394891178786e-01	   1.5617591681382267e-01	   3.8564169857433145e-01	   8.8424790279975254e-02	   2.4229048560162594e-01	   2.4374363217512859e-01	   2.4584635556639217e-01	   1.8551995986909262e-01	   4.2962515753946395e-01	   5.1706973984123050e-01	   6.1170398707820040e-01	   5.7568765512821474e-01	   3.5889693930691796e-01	   9.0592470585344906e-02	  -2.4697050165390888e-01	
   6.1471578320245501e-01	   5.7956650729841441e-01	   6.2249480179913240e-02	   6.9401930279740565e-01	   4.4792482424066649e-01	   1.1661872785802168e+00	   4.4697248304805820e-01	   1.2714070340908858e+00	   8.0453266121858813e-01	   0.0000000000000000e+00	   7.5247483903254464e-01	   9.5263755434948305e-01	   6.3379441721733520e-01	   6.8939101741803976e-01	   3.8840851824465744e-01	   1.0889996581472892e+00	   3.5812289053200885e-01	   2.6576946084069286e-01	   3.9363430717304693e-01	   4.3686989234352624e-01	   2.8119317775006791e-01	   4.5337161133999826e-01	   4.9935432969796904e-02	   3.6965355885122669e-01	  -3.0599898658371649e-02	   1.1732225893215129e-01	   7.3728742994606120e-02	   2.5447179069276871e-01	   3.8516976498445887e-01	   5.2616147546913139e-01	  -2.4091199458319390e-01	  -1.0158500498168077e-01	   2.6915866438539793e-01	   4.5941640015326823e-01	  -2.0585810573385285e-01	  -2.6751282963601082e-02	  -1.2879854852066255e-01	   2.2051827208757757e-01	   2.4271470923956467e-01	   5.4773567880953555e-01	   2.2517863963655366e-01	   5.1925168738877914e-01	   2.5904620694510283e-01	   2.9345403573044682e-01	   1.4116765065985754e-01	   3.3581715354176167e-01	   3.5213334196661072e-01	   4.6062430146433370e-01	   2.5573205080292272e-01	   3.5215344049560454e-01	   2.4619354133094162e-01	   2.3376935741494465e-01	   2.7538706798255663e-01	   2.4480000314727812e-01	   3.6282684305771518e-01	   3.8672837626430162e-01	   2.9635410382886473e-01	   2.5059292265770217e-01	   4.3813926707144157e-01	   4.1428296572916168e-01	   7.7349009920559297e-01	   1.2634389627461780e+00	   3.1695589941448954e-01	   2.9743277898759946e-01	  -2.2665105886245401e-02	   7.5768622713597422e-01	   1.6739455910453949e-01	   3.5633266819158588e-01	   3.0465470715454268e-01	   3.7456750485577045e-01	   2.4646407887831118e-01	   1.5606257353630576e-01	   3.0530139864352318e-01	   4.8403753112163911e-01	   2.7541266622252164e-01	   2.8593635291688363e-01	   4.3814656721383455e-01	   3.3285565121697896e-01	   2.7605365672454241e-01	   3.3241783417705778e-01	   3.8508351037860294e-01	   5.1083138221639035e-01	   6.9250303203851435e-02	   4.7070428106388396e-01	   2.7678950468929292e-01	   6.3077196199564489e-01	  -1.9002657804175382e-01	   2.1458806535620356e-01	   7.7222925997316527e-01	   7.7213473049634107e-01	   8.2825110853735096e-01	   5.0144802482910156e-01	   9.5406825096887604e-01	   3.3306064715194711e-01	   3.2197198363745622e-01	   2.2000088846762275e-01	   3.0996953078104872e-01	   4.5255894969475602e-01	   6.3063391870468766e-01	   4.3634740880174783e-01	   9.9136380639164789e-01	   5.7621953889419419e-01	   3.3998191822180085e-01	   2.9864406145164279e-01	   5.1264306646146188e-02	   8.6471661927722238e-02	   1.9141454494115626e-01	   1.8039648495322477e-01	   1.8365026806047557e-01	   3.3235602124404579e-01	   4.1019918492897184e-01	   5.3101275626480926e-01	   5.8014065394229652e-01	   3.5600625910310113e-01	   1.5120650803096755e-01	  -1.5562823095949510e-01	
   8.5867257831410382e-01	   6.0905818912772169e-01	   1.5479676600504827e-01	   3.5088737976823742e-01	   1.9821926824658614e-01	   5.0916013671542937e-01	   5.0130065263856960e-01	   5.7204760045305447e-01	   7.3725178722747120e-01	   7.5247483903254464e-01	   0.0000000000000000e+00	   9.5156032050235839e-01	   1.3216452677891550e+00	   7.6851560703724608e-01	   5.0490675805013752e-01	   8.4256496185950447e-01	   4.3458942881360713e-01	   3.9918307891577054e-01	   4.1083205621250318e-01	   3.2935075275698972e-01	   2.8561167191023445e-01	   2.8867616777067490e-01	   1.9060811607479199e-02	   1.2194724695673205e-01	  -1.1772925855121169e-01	  -1.0374668877405202e-01	   4.5724504203882840e-02	   8.6882825020847612e-02	   4.4674148013742321e-01	   4.6945399595565429e-01	  -4.0340703814151613e-01	  -3.8801186371486535e-01	   1.2633974032385697e-01	   2.0169902864409492e-01	  -2.3530952334861938e-01	  -9.1670446389267635e-02	  -1.1077998740556681e-01	   9.2396691206926687e-02	   2.4031042206598491e-01	   3.1958958658108838e-01	   2.9803794604075790e-01	   4.4078816022846656e-01	   2.7666960879506441e-01	   2.8966203653662259e-01	  -8.4148748888651422e-03	   2.0219001036627224e-01	   3.0977423001255699e-01	   3.4493828768204626e-01	   3.9822288762870484e-01	   4.7930869572190715e-01	   5.4606722399987950e-01	   4.3816936240358639e-01	   4.4920772213959237e-01	   3.5766089352329933e-01	   5.8449245433157426e-01	   4.5962955224664903e-01	   4.2745772079394834e-01	   4.3382292543569578e-01	   7.7929405219121517e-01	   5.3573161280083070e-01	   1.0311743928721131e+00	   6.3390181160724390e-01	   7.1880127722199749e-01	   4.6829277655767149e-01	  -4.2314197425357226e-02	   3.6643347329941867e-01	   2.4485144176649634e-01	   2.6091849569115017e-01	   3.6555603226881844e-01	   3.8693043601982624e-01	   3.9817326629120625e-01	   3.5417546146820289e-01	   3.3882759187608591e-01	   3.6021666691465637e-01	   3.3322364972557467e-01	   2.6942232267891275e-01	   4.4789791028428450e-01	   3.5501121157336135e-01	   1.3657569278012235e-01	   2.5451344251390251e-01	   3.2458956050778315e-01	   4.2579801410337731e-01	   2.6885970769669781e-01	   3.3287909216201222e-01	   3.3604082994328044e-01	   4.7194343400723238e-01	  -1.4022222730530054e-01	  -1.1265580120621817e-02	   8.1171674970152730e-01	   7.4459391454520685e-01	   7.9358215103883922e-01	   6.4898865335871214e-01	   5.8375285368704755e-01	   3.8778826682997530e-01	   1.6884979111633835e-01	   7.7676640220978921e-02	   2.5532186602399082e-01	   3.3016875449543082e-01	   5.4993982172469380e-01	   6.2574133815659683e-01	   6.6192969397022694e-01	   6.0624603608066041e-01	   4.4176755688063946e-01	   5.3739530776595656e-01	   2.4412421895977490e-01	   2.4252800234506852e-01	   4.3463709324144523e-01	   3.0078963772842432e-01	   1.0825106476464139e-01	   1.1463314003968246e-01	   2.5948281268241058e-01	   5.3457818907484156e-01	   6.9713461495565587e-01	   4.1652904907297800e-01	   2.4143985760925071e-01	  -9.0749607229736517e-02	
   7.3952671809238413e-01	   8.4223904419115847e-01	  -1.1401267789956848e-01	   3.7070191374416678e-01	   9.0262466765084926e-02	   5.6429172359959523e-01	   1.9785558083419338e-01	   8.1243284909198299e-01	   6.4058326706971280e-01	   9.5263755434948305e-01	   9.5156032050235839e-01	   0.0000000000000000e+00	   8.2016345684486747e-01	   1.3620973393229112e+00	   3.9588055363422636e-01	   1.0621373086221910e+00	   3.0119034065739952e-01	   3.6098813380373102e-01	   2.5978418638005218e-01	   3.5780466997162630e-01	   2.5549032189191018e-01	   2.7254699004862992e-01	  -1.0945307482919077e-01	   1.5225308420352290e-01	  -1.5773285975234266e-01	  -1.0913549562107390e-01	   2.0238708729277285e-02	   7.7348941311839850e-02	   2.9398955432273377e-01	   5.1265682344372121e-01	  -4.5704909813585165e-01	  -3.7716550555311812e-01	  -1.6831437891043736e-02	   1.1625129894364279e-01	  -4.3924403943598772e-01	  -2.8757400478429740e-01	  -1.5770442852670252e-01	   9.7734234058044100e-02	   8.0987034345300316e-02	   3.6612844272428169e-01	   3.3803180404997935e-01	   5.4265341828657587e-01	   5.8346729948814569e-02	   8.7250490807944114e-02	  -1.6096392318087643e-01	   1.3019861263736759e-01	   2.6270339920444408e-01	   2.3216718239576223e-01	   4.9164917769277061e-01	   6.7668563404546456e-01	   5.5076649009006406e-01	   5.9398240684327119e-01	   6.8932468749046549e-01	   5.8257291794834565e-01	   6.9321670877616870e-01	   5.7236702884157453e-01	   4.0281555475562758e-01	   5.5685671323812735e-01	   5.6266309570442952e-01	   7.8032561074589857e-01	   7.1833441513414886e-01	   1.0873864383257674e+00	   4.6062541009292202e-01	   5.4917798159711928e-01	  -2.5999560077345574e-01	   3.4445125106494889e-01	  -6.0817749981140291e-02	   1.2721003350471899e-01	   2.6184870196971471e-01	   2.8985845699849300e-01	   3.1174748238277533e-01	   2.2757985719643298e-01	   1.5933197555218570e-01	   3.5805458812254459e-01	   1.2548057178138317e-01	   2.0967957675266199e-01	   2.3547814536302064e-01	   2.0793771412468456e-01	   1.1876817990973385e-01	   1.0069323191139130e-01	   2.6173902485900002e-01	   3.2287341366263828e-01	   2.1566393432249067e-01	   5.2304756168823729e-01	   2.0293112807672409e-01	   4.0852022568044932e-01	  -1.1885702018754564e-01	   1.3182410988099533e-01	   7.8379467873146791e-01	   8.9205326679049013e-01	   1.0337858747879025e+00	   4.0985548105097958e-01	   6.7498375011568224e-01	   1.3224364567848207e-01	   1.0026424779293872e-01	   7.4499878445956166e-02	   1.0307011007363470e-01	   2.7164946722214306e-01	   7.7374999001410705e-01	   5.9547604945382993e-01	   8.2897481459449551e-01	   3.5378758645080538e-01	   6.0185419552813646e-01	   3.8278842503841687e-01	   1.8068843163123965e-01	   8.0867804001583818e-02	   3.8263588042372765e-01	   1.5717825896009652e-01	   4.8964370191980418e-02	   1.2820671377368689e-02	   2.8489483524132286e-02	   3.2530809640417929e-01	   5.4913971356442959e-01	   3.9931721803179576e-01	   1.6228510008467315e-01	  -1.6082985508726388e-01	
   5.4789982270011317e-01	   3.5330585218992522e-01	   2.4779284484327163e-01	   3.4947306815759788e-01	   1.5549886200937371e-01	   3.5482097334711271e-01	   5.9287644264316952e-01	   4.6320701753401494e-01	   9.0360097634877024e-01	   6.3379441721733520e-01	   1.3216452677891550e+00	   8.2016345684486747e-01	   0.0000000000000000e+00	   7.0388753840717289e-01	   6.8915157658647863e-01	   7.6008068396069206e-01	   1.7506371566854279e-01	   2.8276687413044604e-01	   3.1717115852073319e-01	   1.9465571811531823e-01	   1.4846381887002588e-01	   1.2572072718950217e-01	   1.6035421365207755e-01	   2.7622185290586548e-01	  -2.8822515613822385e-02	   1.6589021777256362e-02	   1.5477673000802020e-01	   1.4502982820607280e-01	   2.2404736233182643e-01	   3.4002820643474413e-01	  -2.9841370283805224e-01	  -2.3951539587372900e-01	   1.4596744822987726e-01	   1.6066700432903558e-01	  -7.5644067857422378e-02	   2.0423118830405908e-02	   5.1449733128013563e-02	   2.1124306749096286e-01	   2.7375173440938805e-01	   3.0551650465116648e-01	   2.6452179962637634e-01	   3.2208628647556237e-01	   2.0797649519246664e-01	   2.1961371347748210e-01	   5.2462682919642400e-02	   1.8157922310297969e-01	   2.0346628497809691e-01	   2.6494088657977721e-01	   2.7839164217575751e-01	   2.7334969206062326e-01	   3.8256088112490017e-01	   2.5774875618309845e-01	   2.7534542668221090e-01	   1.8463345858433605e-01	   4.0465093905435617e-01	   3.4612655493262778e-01	   1.4044754430622000e-01	   1.7371171091272397e-01	   5.6611074692255459e-01	   3.2020367434034891e-01	   8.5060101934549481e-01	   4.9502695983433842e-01	   3.7444407204414337e-01	   1.3239468632207352e-01	   1.4663571001516368e-01	   4.6665453849423311e-01	   2.0326982991538994e-01	   2.0375066159013294e-01	   2.1683623801675872e-01	   2.3027249197705077e-01	   2.6479819579392760e-01	   2.7615087993582532e-01	   2.4435894209559134e-01	   1.9471110121758792e-01	   2.9559269094773311e-01	   1.4618229812571984e-01	   3.2708374001238688e-01	   2.6109492859976163e-01	   1.8874705525427159e-02	   1.8477751633243875e-01	   1.5799292945626098e-01	   2.5852666744901809e-01	   3.5093440199549825e-01	   3.2995375212230643e-01	   3.4529806043969608e-01	   4.0719945454117890e-01	   1.4752425709741590e-02	   1.0436869534157253e-01	   6.7197701093567119e-01	   5.0182961818632343e-01	   5.5409815212232849e-01	   6.5852495487399887e-01	   5.3105130487354335e-01	   4.6054205359004891e-01	   1.8162793179172296e-01	   1.3342498842334646e-01	   2.1001033688826223e-01	   2.6128574029519852e-01	   3.9549060811011527e-01	   5.2978257686974062e-01	   4.7552236490183353e-01	   5.5693128831495653e-01	   2.4450547336169615e-01	   4.1198196543359089e-01	   2.0625412371604770e-01	   2.4178121455331386e-01	   3.5716641870979948e-01	   2.5663257515636467e-01	   1.3465092178540758e-01	   1.6302968156825032e-01	   2.1629584722571504e-01	   4.4495986801188392e-01	   5.3642438314934771e-01	   2.4012112276131808e-01	   1.2984786248641461e-01	  -8.1457688985423160e-02	
