   0.0000000000000000e+00	   9.3477365710415250e-01	   7.0392335465134359e-01	   2.8429446512542345e-01	   4.6997513789303380e-01	   4.2598877927426360e-01	   8.1540278506165054e-01	   4.4082870580560679e-01	   6.5908683472325591e-01	   4.7457121641282030e-01	   6.9924030673453907e-01	   6.3507137745579456e-01	   6.8452863260635677e-01	   5.1536701835341014e-01	   6.4753092216448993e-01	   4.6367121296710645e-01	   9.8405204707699090e-02	   3.2641290723164590e-01	   8.5807774257996594e-01	   6.2145723691037447e-01	  -1.7614098464099665e-01	  -1.4207297245546335e-01	   4.8674135465690732e-01	   2.7249060741227327e-01	   1.5680735810169691e-01	   1.2518587727631586e-01	   2.4970556308534914e-01	   8.4314830312379643e-02	   5.1164607843720997e-02	   9.3224479736863208e-02	   3.4623858165800986e-01	   3.5708395971578366e-01	   5.3218419313119292e-01	   5.0718283263785935e-01	   1.6933682975608316e-01	   1.8647605355353772e-01	  -1.2379305761436783e-01	  -1.7974266066217681e-01	  -2.9532612013824183e-01	  -1.7016250977804054e-01	   2.3314021380464636e-01	  -1.4603840564334586e-01	   2.7111110510848996e-01	   2.5710897731602589e-01	   3.2320316121663373e-01	   3.1514132304464187e-01	   1.9114885767324599e-01	   2.5332040399994105e-01	   5.3681213545650908e-01	   6.3751024970608905e-01	   5.7468262404440884e-01	   6.1144200924342984e-01	   6.3035443002181624e-01	   6.3006473635811633e-01	   4.4807322534124933e-01	   5.6998731595049279e-01	   6.4697877644604151e-01	   6.3825558617968603e-01	   6.5598842140597413e-01	   4.7685818336210151e-01	   7.7238804979821651e-01	   5.5458045275354406e-01	   4.1983589657266773e-01	   4.4466717189492333e-01	   2.6722754507362451e-01	   2.1330255664077755e-01	   2.6979203603097190e-01	   1.9182029624547831e-01	   5.1021374206228942e-01	   3.9636559273531768e-01	   2.5413449333775551e-01	   2.9277294819507793e-01	   2.8134244126153996e-01	   2.4115835557280013e-01	   1.3810933377053641e-01	   1.1654459818638291e-01	   4.0126746038578193e-01	   2.4330175810502819e-01	   1.8250780578055883e-01	   2.3464986551798789e-01	   2.8137653471971219e-01	   1.4342589483278431e-01	   7.9690992298602006e-02	  -7.6582000439649578e-02	   5.8146921744073032e-01	   2.5917325144688080e-01	   1.3754728312500503e-01	  -1.8255694139035161e-02	   6.9617384777659996e-01	   6.1536871917296854e-01	   7.3710610012655542e-01	   7.3551324561346132e-01	   3.4623834702789552e-01	   7.5269036915427812e-01	  -1.7286738613355623e-01	  -1.0767161679164966e-01	   1.3471487341273347e-01	   4.8706665520366732e-01	   5.5215909832030818e-01	   7.5944207060328695e-01	   2.5654320853151602e-01	   6.9995812699853088e-01	   2.9118436199346692e-01	   6.0810236352472680e-01	   2.7782326264496099e-01	   3.1177017137842816e-01	   4.5405003691439572e-01	   5.2322811935964531e-01	  -1.4796108579681505e-01	  -2.3325840692683658e-01	   3.2734161428646547e-01	   6.3537096875023480e-01	   7.2952354477638870e-01	   5.3029152522644063e-01	   3.3940774189998152e-01	   6.9523308221633412e-02	
   9.3477365710415250e-01	   0.0000000000000000e+00	   6.5252770932791460e-01	   5.9009202132944205e-01	   2.6942978816639518e-01	   3.0780503457470948e-01	   4.6817831088243822e-01	   5.6699522622310095e-01	   3.9355699522294774e-01	   2.8018069372840554e-01	   3.4490967307482961e-01	   8.3191972867748054e-01	   3.6372632574157515e-01	   6.2609625173107886e-01	   3.3532395672067927e-01	   4.3842346256903680e-01	   3.9532447622551148e-01	   6.8237687187803853e-01	   5.6408066015837599e-01	   6.5100017024451517e-01	  -8.8677915149278475e-02	  -3.3355497613186187e-02	   4.9744827585873674e-01	   4.6722826127207495e-01	   3.6843873771884272e-01	   3.6654595960171610e-01	   2.8419747961850172e-01	   1.5310436651169518e-01	  -1.4932126005729190e-02	   2.3968805910999325e-01	   6.1291747062759672e-01	   6.3082877095278911e-01	   6.8065004584276589e-01	   6.4255444333705591e-01	   4.0749672454899860e-01	   3.9671059948279619e-01	  -2.1410849412699795e-01	  -3.0496385863320646e-01	  -4.0501858570132321e-01	  -2.8013283747782081e-01	   1.6230952010868546e-01	  -2.6941222684925281e-01	   2.2674814216585507e-01	   2.5753572119481605e-01	   2.7623050270729321e-01	   2.7312162794520201e-01	   6.1099334779642106e-02	   2.3373948445799220e-01	   3.7751202160782338e-01	   5.9447439008616743e-01	   6.2020744832030927e-01	   7.5936534265176792e-01	   5.5989432149508356e-01	   7.0306543421190870e-01	   4.3494352929724001e-01	   6.4430199666519683e-01	   8.1285947163109507e-01	   1.3272058525391692e+00	   4.6754673954526749e-01	   5.5732217459380018e-01	   4.7537056180480208e-01	   8.1393490317901962e-01	   5.0080885518409757e-01	   7.7111633719260231e-01	   4.1134022071712084e-01	   4.2955568749216061e-01	   4.1849620877987870e-01	   3.9925994069260423e-01	   4.3128896097948977e-01	   4.8876233083984255e-01	   2.6560665514093862e-01	   3.2346080121575682e-01	   6.6529585924711171e-02	   2.2658279272791165e-01	  -8.2293152979447559e-02	   4.2576974540780653e-02	   2.8093964345671352e-01	   2.1331086131223062e-01	   3.9217863403475217e-01	   4.9404712336971546e-01	   3.9955090607335103e-01	   3.3680898240236784e-01	   7.3103097742809840e-03	  -1.2607064789071612e-01	   4.1921249129948313e-01	   5.8020235504825368e-01	   2.0277975013719884e-01	   1.7832691366480657e-01	   4.8599359892764005e-01	   8.3498883259912149e-01	   7.1703033690541218e-01	   7.1029095736006453e-01	   5.1111806313467001e-01	   6.3440311499013025e-01	  -3.7482974240060735e-01	  -3.1538075234427237e-01	   1.3887695685307155e-01	   4.7371062990872553e-01	   6.8615045214333681e-01	   6.1066934601848955e-01	   3.9946979038338826e-01	   4.4822869005672489e-01	   4.9788755213786062e-01	   7.2815439343714872e-01	   4.6271256316212045e-01	   4.8046993586168563e-01	   5.8516424532317435e-01	   5.3942271221661187e-01	  -3.2846278732310075e-01	  -4.0305333840379293e-01	   4.8918140648622987e-01	   6.2599980046472203e-01	   5.5768408575959116e-01	   5.3055440965804945e-01	   3.6884948620097535e-01	   8.8877164346476314e-02	
   7.0392335465134359e-01	   6.5252770932791460e-01	   0.0000000000000000e+00	   9.1028140980586869e-01	   5.1684368828504956e-01	   2.2883462026254997e-01	   7.3787501430136515e-01	   5.1467375390278125e-01	   6.9009701073517116e-01	   2.9915371968771404e-01	   9.9832161206615880e-02	   3.8561060534716146e-01	   2.1491828905106580e-01	   2.1182742196273832e-01	   5.0743102860797706e-01	   6.3637031480834561e-01	   2.7973232084315666e-02	   1.7341663873648766e-01	   7.0757599976532659e-01	   6.7494063935465265e-01	   8.7088865733370879e-02	   1.0807804296919155e-01	   1.1628139618784834e+00	   8.5878300724885448e-01	   6.5386122365813304e-01	   5.7032376802738383e-01	   5.0479536356484023e-01	   3.3248128778401231e-01	  -1.3292521628320016e-02	   8.7232357575565706e-03	   9.1202677253658015e-01	   7.8871768089728800e-01	   6.1032856417287695e-01	   5.5221654055617386e-01	   4.2529915810753238e-01	   4.5205628094814854e-01	  -5.1675764816049012e-02	  -1.1745125977196903e-01	  -1.3631762065145051e-01	  -5.1785655843682950e-02	   7.3285780975803475e-02	  -1.2695560062407307e-01	   5.2536846566285733e-01	   4.3380900579197929e-01	   4.5175328402805714e-01	   4.0522982528433721e-01	   3.6836321485912310e-01	   3.9937052395626860e-01	   3.5669095834107956e-01	   3.5746854724061355e-01	   4.4082063560211038e-01	   3.9906960846539635e-01	   2.9887098723614869e-01	   3.8058309628066639e-01	   3.7007621025959569e-01	   4.7234064202304171e-01	   2.8462014351207549e-01	   4.8346864597868999e-01	   6.4158142729601719e-01	   4.7353486405149048e-01	   4.5077697624053248e-01	   6.4146904509162916e-01	   2.5401874712496020e-01	   3.1389271558643239e-01	   6.6683741807691710e-01	   5.5115425186261591e-01	   6.0500161083666404e-01	   4.8239560577031804e-01	   3.9254662262024437e-01	   4.4692027374787024e-01	   5.6711235501623525e-01	   5.1370961540760296e-01	   2.0688660157022498e-01	   2.5498485818199873e-01	   1.3920545769656839e-01	   1.6954915526670972e-01	   4.0816081783629760e-01	   3.8444741026841389e-01	   2.1128034799846582e-01	   1.7360890323310477e-01	   1.9411399993507861e-01	   1.5949881102986985e-01	   1.3258325597912521e-01	  -7.8521462516432786e-02	   6.4609075370308933e-01	   6.3269918030513250e-01	   4.0218214564241683e-01	   1.6721305978093309e-01	   7.3805931012521364e-01	   8.0959225663523715e-01	   7.8196556497854619e-01	   9.6633516668975517e-01	   6.1932894754500700e-01	   9.6923384772493915e-01	  -2.0167172560509281e-01	  -1.4679484258302389e-01	   1.6275761371392425e-01	   4.9141550309754317e-01	   7.1661284285314908e-01	   6.5748445297424929e-01	   3.7469311754239887e-01	   5.8720660276417413e-01	   1.6322162748543456e-01	   3.9776597763098032e-01	   1.6476060096180076e-01	   2.6604969788569477e-01	   3.3163301562390102e-01	   4.2397778748327347e-01	  -1.0525260484562873e-01	  -1.3137028582169538e-01	   5.1215100987422579e-01	   6.5171192393761701e-01	   5.5919900709895010e-01	   3.0799200193333193e-01	   1.2785782769504955e-01	  -1.2852495590577831e-01	
   2.8429446512542345e-01	   5.9009202132944205e-01	   9.1028140980586869e-01	   0.0000000000000000e+00	   2.5244012995872511e-01	   2.6952168691824818e-01	   3.7044908096237278e-01	   7.8523446670910979e-01	   4.3088778618838486e-01	   3.8753686101076595e-01	  -2.6408499858101619e-01	   3.1071581972395290e-01	  -8.9151445647579972e-02	   7.2737835322167363e-02	   1.0718958126553722e-01	   5.6746325832277755e-01	   1.0645996602027120e-01	   2.1753566192461415e-01	   4.5007471197233306e-01	   6.4161592329944128e-01	  -1.0088127191515636e-02	   1.1972494724256340e-01	   8.4611885385482033e-01	   1.1506337002633413e+00	   6.2558716410448156e-01	   6.9162886837680149e-01	   3.2331058902576881e-01	   3.0692364051267473e-01	  -2.6631365193902878e-01	  -5.5822575730967716e-03	   8.5196022449538666e-01	   9.4199851935365542e-01	   6.2190664157939968e-01	   6.8128129895695400e-01	   5.9767521641910615e-01	   7.5869282602979693e-01	  -1.7022497026250499e-01	  -1.3634770457977768e-01	  -2.2520229278626669e-01	  -5.2054260705022344e-02	  -1.0520094621276141e-02	  -1.9433967259094009e-01	   4.6977954185879178e-01	   4.2681440972409096e-01	   4.8334903582386468e-01	   4.7901023482947758e-01	   1.9864535679786727e-01	   3.6129258811101983e-01	   1.5534256350122611e-01	   1.7225745778956431e-01	   2.9504118103691862e-01	   3.2315353586512408e-01	  -1.7863981646668092e-02	   9.9496460784830834e-02	   1.1414180284700200e-01	   2.8401839307137539e-01	   2.9869922445250774e-01	   5.0498362491101201e-01	   4.0555043366043120e-01	   4.5002946051228315e-01	   2.1199657699240831e-01	   8.2100850406477499e-01	   2.5594814809531974e-01	   3.9930186205828988e-01	   7.3632701218984609e-01	   1.0790996207485182e+00	   8.4975407058368535e-01	   8.7757676914336247e-01	   3.3110096009923151e-01	   5.9337599131809160e-01	   2.9853392116234068e-01	   3.6821119360992416e-01	  -4.0959889395078199e-02	   1.8035054050943120e-01	  -5.8899665778887562e-02	   1.2708918866115498e-01	   1.2323066706223486e-01	   2.2449218697395948e-01	   2.0093383570010601e-01	   2.2728373137657534e-01	   2.3598370866064108e-01	   1.9166801711733022e-01	  -9.6300301459134822e-03	  -8.9892669714427456e-02	   3.6175623664138934e-01	   1.0222306158101240e+00	   2.5751430196838671e-01	   3.1477262407487966e-01	   3.7698843735878995e-01	   8.2921166591353068e-01	   8.2079950695229886e-01	   8.4839490466852885e-01	   1.1466335693736798e+00	   8.3013430510883479e-01	  -2.6913567815363271e-01	  -2.0490927668437975e-01	   1.0512337159871808e-01	   4.0361774853818566e-01	   7.1585700825635035e-01	   4.1579056413199650e-01	   6.6353840206160319e-01	   3.8820991389000004e-01	   2.3618101213362275e-01	   4.1070360283818885e-01	   2.5965302947728469e-01	   3.0964237776901804e-01	   3.7659068672889290e-01	   3.7831180205131332e-01	  -2.0657950422612470e-01	  -2.3989463587899804e-01	   5.7504284431418129e-01	   5.1256229758347405e-01	   3.9666147483148212e-01	   1.4135373387229996e-01	   1.0134085354826631e-02	  -9.8902045121243537e-02	
   4.6997513789303380e-01	   2.6942978816639518e-01	   5.1684368828504956e-01	   2.5244012995872511e-01	   0.0000000000000000e+00	   6.1524403423358764e-01	   1.0249727741232169e+00	   6.6464175949398363e-01	   8.0426510191550338e-01	   4.8855123909042197e-01	   5.3262704975936881e-01	   5.6154225757058029e-01	   4.7514285314207888e-01	   5.0194518178393799e-01	   4.4927107062904104e-01	   2.4701575144154819e-01	   1.0156684559951381e-02	   1.2691815886006047e-01	   3.1848015367590998e-01	   2.6166467622432754e-01	  -4.5643432881584935e-02	  -2.4677558369448061e-02	   1.9340784656567583e-01	   5.4537530244450301e-02	  -4.5037480416924257e-02	  -1.1609652397243350e-01	   2.0403617216621617e-01	  -3.4479954591127807e-02	   1.6133482094102705e-01	   1.7381251252697355e-01	   1.8715881784762123e-01	   1.5645417275136375e-01	   3.6118117465646243e-01	   3.4753771220528579e-01	  -5.7632839081837174e-02	   2.7356313606063630e-03	  -3.3039658198691169e-01	  -3.2364951888389493e-01	  -2.3089467275238995e-01	  -2.2729196562689941e-01	  -1.9703676357740904e-01	  -2.5251378291714460e-01	   2.8668483088524294e-01	   3.0340117120022897e-01	   4.2320750670092827e-01	   3.7795414918014708e-01	   2.2616816893654534e-01	   1.3699183120570124e-01	   3.7917304644842448e-01	   3.3445956376501618e-01	   3.2027144700339322e-01	   3.3327521697347395e-01	   2.5644762905962992e-01	   8.4155576347796038e-02	   2.0572305348461717e-01	   2.3519509013620660e-01	   1.2658085859401086e-01	   1.4746704782577330e-01	   6.4353891764943305e-01	   4.7425876973963721e-01	   6.5018787564049751e-01	   3.8632351840643864e-01	   3.3009114919299015e-01	   2.4239907669707950e-01	   1.4402273451598213e-01	   1.8264800822680757e-01	   4.0978025261688678e-01	   3.0127652242480940e-01	   1.1416392633577582e-01	   1.2865070283824059e-01	   3.3244921601814031e-01	   3.7380543409256983e-01	   2.6115324606086565e-01	   6.4418001798123570e-02	   6.3462651372758347e-02	  -6.0423127123104506e-02	   1.1238518197831433e-01	   7.4830143504501276e-02	   5.0933003306593685e-02	   1.6309707151022029e-01	  -1.1756285366728236e-02	  -5.8069688482149967e-02	  -1.8649552365282315e-01	  -1.7614643769846738e-01	   2.3127944051596111e-01	   7.1957416807967203e-02	  -2.2928367089777782e-01	  -3.4943362925244248e-01	   3.5712291629235043e-01	   4.3253419658757164e-01	   5.0955641334363999e-01	   4.0867473332996257e-01	   3.1642030588007403e-01	   4.7469121436572714e-01	  -2.1428944700002722e-01	  -2.0892966573937302e-01	  -5.4602241642580394e-02	   2.1986290528731661e-02	   3.4851205167775379e-01	   3.4091018152156494e-01	   4.0031691254131280e-01	   6.5759505552664999e-01	   2.0384347450691784e-01	   3.3338762102703101e-01	   1.7931936263969037e-01	   1.8154750222386867e-01	   2.0906514818028918e-01	   2.0257590013947507e-01	  -2.5714383711090466e-01	  -2.5103601684422217e-01	   2.4992882537949956e-02	   3.0180648257386211e-01	   4.9967401582121207e-01	   1.2691991374513134e-01	   5.1291875131630589e-02	  -5.2801596771525815e-02	
   4.2598877927426360e-01	   3.0780503457470948e-01	   2.2883462026254997e-01	   2.6952168691824818e-01	   6.1524403423358764e-01	   0.0000000000000000e+00	   3.6898237370178366e-01	   5.6400395733450526e-01	   4.4886736638460473e-01	   8.5297901816736954e-01	   2.4470499905834589e-01	   3.5536135756346843e-01	   2.8061763375516985e-01	   2.5387934358746533e-01	   3.1864692187100219e-01	   3.3559493885322289e-01	  -6.3545058516438893e-02	  -2.2497140537891196e-02	   2.8448255049494464e-01	   2.5771807625947163e-01	   6.3646406071428867e-03	   2.1248925083375070e-01	   2.6034657403823735e-01	   2.3943256223728165e-01	   7.5268604924384655e-02	   1.0882146410599555e-01	   4.1533691442092990e-01	   3.0321289596402340e-01	  -2.4124577586503992e-01	  -1.0835316578615921e-01	   2.0618850431657113e-01	   2.6486939138069432e-01	   2.8285434199445986e-01	   3.7709683172939973e-01	   1.9406144123486843e-01	   2.7367611591131580e-01	  -2.8956861648620413e-01	  -2.4574906104402838e-01	  -2.0344976904834852e-01	  -7.0494698710630105e-02	  -2.5441216269662639e-02	  -1.1978705685659685e-01	   2.7412458816776997e-01	   2.6177457771269597e-01	   3.7185502013117311e-01	   3.8913358536514170e-01	   1.2823448728773518e-01	   1.5672057323094091e-01	   3.0070509862625899e-01	   3.3238845744673173e-01	   2.8488268890228646e-01	   3.7521327177014990e-01	   1.5743550175215257e-01	   5.3989738400839753e-02	   1.0009408638644188e-01	   1.7634207744672190e-01	   1.7334576058012502e-01	   1.8594915795442252e-01	   3.3492151778534790e-01	   3.1017874988065997e-01	   3.7127778004254858e-01	   4.5355258550018707e-01	   1.3917041901035959e-01	   1.5466890940397762e-01	   1.8795003149604791e-01	   3.9092678843938961e-01	   2.8961598320334020e-01	   2.9082202013674169e-01	   1.6800576630657749e-01	   2.0370567006598297e-01	   2.5521920542144427e-01	   3.9846535881654327e-01	   1.2676884192910240e-01	  -3.6885778071664869e-02	   4.3875289690780667e-02	   3.5041274196669074e-02	  -7.8619115165625489e-02	  -3.6711971352239074e-02	  -2.2280215923946980e-02	   2.4970429524228864e-02	  -2.3984212814123693e-02	  -1.8259705616978195e-01	  -1.3406950979686097e-01	  -1.2197383311156090e-01	   1.6627453445205420e-01	   7.9252607359037525e-02	  -2.8990957556172727e-02	  -5.9518668443978739e-02	   3.2043675874735816e-01	   4.2045323880631502e-01	   4.5832563805722365e-01	   3.3371160974243941e-01	   4.0048786290870886e-01	   3.3828728868480601e-01	  -9.0092572663875853e-02	  -5.2098524155717307e-02	   4.9604424074513723e-02	   9.5264379648251074e-02	   2.2492842893178666e-01	   2.0449307567821706e-01	   2.1012677639109487e-01	   2.3734230944932427e-01	   1.4224231479519259e-01	   1.8792616641829091e-01	   1.9215974734773703e-01	   1.9353566270145101e-01	   2.2638260580125061e-01	   2.4221140462138643e-01	  -2.1794924970790291e-01	  -2.7888423210426433e-01	   1.0300263272268113e-01	   1.9188986224104254e-01	   3.3859919919481735e-01	   1.7694854699361778e-01	   1.1742625797002328e-01	   1.8595968009164830e-02	
   8.1540278506165054e-01	   4.6817831088243822e-01	   7.3787501430136515e-01	   3.7044908096237278e-01	   1.0249727741232169e+00	   3.6898237370178366e-01	   0.0000000000000000e+00	   9.1780881910310774e-01	   8.7359394763239673e-01	   5.6414920139435787e-01	   6.6123131417817094e-01	   6.3035070467970744e-01	   6.9666969159449732e-01	   5.8731616055474634e-01	   5.5101751298803003e-01	   4.1396860183612244e-01	  -3.0351253759038604e-02	   1.5138687193276237e-01	   5.6998308724152369e-01	   4.6014312096321408e-01	  -1.6630263844494841e-01	  -1.7544586956871300e-01	   3.0566632010198996e-01	   1.3078913060014508e-01	  -2.1535755985407756e-02	  -7.7562837629947534e-02	  -7.0020944647218196e-03	  -2.0148602448013150e-01	   1.6543091491488010e-01	   2.1448621881212701e-01	   2.6798524299844273e-01	   2.4990989424838614e-01	   5.1330190977983858e-01	   5.0976624097622869e-01	  -7.5132324936131409e-02	   3.4731250479258249e-02	  -3.2756999168391659e-01	  -2.5173303046251450e-01	  -3.3121405714359609e-01	  -2.2083385973542766e-01	  -5.5933353135306188e-02	  -2.0599395229345263e-01	   3.7777337373797854e-01	   4.0054568974093147e-01	   4.3455651123322980e-01	   4.1135422499025165e-01	   2.9645803926094788e-01	   2.6210181181358305e-01	   4.2348353248612347e-01	   3.7555959172928211e-01	   4.5211568017995657e-01	   4.1653004287677181e-01	   3.8047029206748811e-01	   2.4602520640248626e-01	   2.9630317091126468e-01	   4.0584701894384040e-01	   2.9783449292107489e-01	   3.1005961355660810e-01	   7.9559087147490870e-01	   5.7576163382950563e-01	   9.9583038411356362e-01	   5.9648916071399383e-01	   5.2524455699963812e-01	   4.6017583965159631e-01	   1.6038338635731614e-01	   2.2409685298620602e-01	   4.8002157575518450e-01	   3.4961856129085317e-01	   3.0869812158422405e-01	   2.7644913447816899e-01	   3.5623575986686379e-01	   3.6278500623413684e-01	   3.1998557069304778e-01	   2.3142114437993444e-01	   1.5167684422135314e-01	   7.0766141025788792e-02	   2.9003737916860078e-01	   2.0080152989187755e-01	   6.6135049202577303e-02	   1.8581342896813732e-01	   1.1984849012188283e-01	   4.7451948558332922e-02	  -9.0681941402671995e-02	  -9.7668326491637439e-02	   4.3111793314255820e-01	   2.3312650687500996e-01	  -2.0197591354471520e-01	  -2.9951143724817519e-01	   5.3248336706836308e-01	   5.9688859923727411e-01	   8.0551957954923636e-01	   6.4198181717602520e-01	   4.4112569850011751e-01	   7.3066187730754062e-01	  -2.3615469451263191e-01	  -1.6722413885514617e-01	  -2.3029502947644947e-03	   2.2003656408207795e-01	   5.6823878654023696e-01	   5.8657667260460400e-01	   6.3773914818437538e-01	   1.1625642827575378e+00	   2.7817712737202649e-01	   4.9079304830946735e-01	   1.5965177628857544e-01	   1.8436017980192523e-01	   3.2877693492591153e-01	   3.2746345626410134e-01	  -1.9961720775444819e-01	  -2.1375460725857065e-01	   1.4954759728077022e-01	   4.6625666951403172e-01	   7.1905412058734597e-01	   1.9584006093892112e-01	   7.9179858679262166e-02	  -7.8928729034585948e-02	
   4.4082870580560679e-01	   5.6699522622310095e-01	   5.1467375390278125e-01	   7.8523446670910979e-01	   6.6464175949398363e-01	   5.6400395733450526e-01	   9.1780881910310774e-01	   0.0000000000000000e+00	   5.7983778650879025e-01	   7.8859017487805882e-01	   2.4485057609965707e-01	   7.2898550551235330e-01	   3.2313341807964718e-01	   5.6227567458568706e-01	   1.8705774705222261e-01	   4.5394043824302832e-01	   8.8142652083555206e-02	   2.8715089228401869e-01	   4.0073775277093870e-01	   4.7566763851495120e-01	  -1.9484120845800518e-01	  -9.3702156790176114e-02	   2.7865215064596038e-01	   3.5851899763821388e-01	   6.7776016177572604e-02	   1.2615940094715880e-01	  -5.4549304123053186e-02	  -1.6727140082845579e-01	  -1.1025850274259315e-01	   2.0941642792432286e-01	   4.4489497001093614e-01	   5.3572616554236152e-01	   5.9839835651017104e-01	   7.1244308674417711e-01	   1.7026026165477628e-01	   3.5442472250569274e-01	  -5.0463138975337507e-01	  -3.5271826734105088e-01	  -4.6908851105915000e-01	  -2.5987514898319608e-01	  -1.7752838465787993e-01	  -3.3599356365046429e-01	   3.1532441086237500e-01	   3.6358724740216991e-01	   4.3033173075325992e-01	   4.6130758967186530e-01	   9.3981779179329220e-02	   2.0145325497349911e-01	   2.0122531682205488e-01	   2.0957889165712648e-01	   3.2934100007628964e-01	   3.9495321202743561e-01	   1.2850473706311294e-01	   4.7212640441396538e-02	   1.0320530078963090e-01	   2.7492326342051232e-01	   3.7397254601723739e-01	   4.4935969311847390e-01	   5.1459763413998727e-01	   5.6952285123051904e-01	   6.0002723699370697e-01	   9.9500458145821591e-01	   5.8422810241866263e-01	   6.3211875175734922e-01	   2.7455254645982230e-01	   6.3998061765751912e-01	   6.8720540265302288e-01	   6.8624444198600876e-01	   3.0144724552194252e-01	   4.2833520273658515e-01	   2.5966956138277208e-01	   3.5964223800376155e-01	   3.4846094519318402e-02	   1.3366760375072947e-01	  -1.0705682804127917e-01	   2.2230766131781715e-03	   7.8251569792575096e-02	   1.0454955370004582e-01	   1.2066829532368346e-01	   2.9579155868625134e-01	   1.8279121231701495e-01	   1.0506399156234134e-01	  -2.2830962984531311e-01	  -1.6559519262766567e-01	   2.4046404954703438e-01	   5.0728866181324062e-01	  -2.5570826375266609e-01	  -8.9082910141709479e-02	   2.7639817893618446e-01	   7.5559303264405908e-01	   9.3877188212220752e-01	   6.2117126416600077e-01	   8.7303492678192163e-01	   6.3748025477115711e-01	  -3.5404581769909993e-01	  -2.6430147814678601e-01	  -2.3305517400534978e-02	   2.0390814888519501e-01	   6.2466654411062472e-01	   3.8434692850602337e-01	   9.3839920041392533e-01	   6.7501088230233808e-01	   3.9423494229643907e-01	   5.3466792815677500e-01	   3.5458616776585172e-01	   3.2784826583367865e-01	   4.4979522992548560e-01	   3.5979955451643969e-01	  -3.8787259007839253e-01	  -4.0291923869864316e-01	   2.4183786867465279e-01	   3.9286889411012016e-01	   5.5569327339534091e-01	   1.4894140162976913e-01	   8.4213151751247911e-02	   2.6086329903514237e-02	
   6.5908683472325591e-01	   3.9355699522294774e-01	   6.9009701073517116e-01	   4.3088778618838486e-01	   8.0426510191550338e-01	   4.4886736638460473e-01	   8.7359394763239673e-01	   5.7983778650879025e-01	   0.0000000000000000e+00	   9.2358917709423016e-01	   4.6290392909926176e-01	   5.3678972679607395e-01	   6.9951662685573146e-01	   4.5676227045135365e-01	   1.1111113172541029e+00	   7.8054412601419454e-01	  -1.8141888880456751e-02	   1.6512737389982940e-01	   3.4462229326890348e-01	   2.8085697564350065e-01	  -2.3761304784195189e-01	  -1.8147614560151859e-01	   6.5278624307065780e-01	   4.3121224229105293e-01	   2.8710863079296461e-01	   2.3277074298090772e-01	   3.2633526793856898e-01	   8.1460191887251981e-02	  -2.0003080807117036e-02	   1.1103957624151641e-01	   3.1075491922908738e-01	   3.2422079681140370e-01	   2.8309093167312016e-01	   3.3063919816057696e-01	   3.5346394477382664e-01	   3.8316839664973229e-01	  -1.2011685645256066e-01	  -1.8558686419065865e-01	  -2.0436706395581378e-01	  -1.1763434511374557e-01	  -5.5755430672234270e-02	  -1.9401549911043178e-01	   4.1633428259488015e-01	   3.7156872562982735e-01	   4.5856079178881337e-01	   3.8306983383794702e-01	   3.0003610929874669e-01	   2.8589666504968819e-01	   4.5653709319937175e-01	   4.6069762163306160e-01	   4.3732576695328373e-01	   4.8471616268369666e-01	   2.7533774352630580e-01	   2.3363189315825517e-01	   3.2517922193719057e-01	   3.3084636675031509e-01	   5.7298607195714939e-02	   2.1207450747895470e-01	   6.8355397013586350e-01	   3.8361809725098606e-01	   8.0268064975798259e-01	   6.5895076773508576e-01	   1.0796041957863518e-01	   1.2350463040341327e-01	   5.6571190328408272e-01	   5.5441795808216721e-01	   4.0657634344375537e-01	   3.1259436708970811e-01	   2.1699977879740243e-01	   2.8066960578049877e-01	   2.8545014796184665e-01	   3.4014463239617004e-01	   2.5566581358763607e-01	   2.5673049968322059e-01	   1.5174379872993063e-01	   9.7936827374416308e-02	   3.9650325246953799e-01	   2.9221154001600147e-01	   1.3353126671118506e-01	   2.6116535525135343e-01	   9.2439986749199593e-02	   2.2065259516062080e-01	   6.4881984438353163e-02	  -1.0643081686935622e-01	   7.1205687961570419e-01	   4.1751679841981648e-01	   1.9124005130682104e-01	   1.0467180874761392e-01	   8.1529522462921533e-01	   6.8786524297732599e-01	   6.9636004228343840e-01	   6.9248497876840720e-01	   5.3528304309250396e-01	   8.3621875931065359e-01	  -1.4730420573923997e-01	  -1.6746446141275514e-01	   6.6593967432444376e-02	   2.8446403766555667e-01	   5.2469688126856229e-01	   5.5900039294997794e-01	   3.5769452689143072e-01	   5.5994754990659201e-01	   1.7919460089888176e-01	   2.7003583830452227e-01	   1.8867681839789974e-01	   2.3410238038424350e-01	   2.5815640808022899e-01	   3.8220492346675822e-01	  -9.2812015951497365e-02	  -1.2914604700356816e-01	   2.7245266670996515e-01	   5.2275782289072503e-01	   8.0333294749312867e-01	   3.7247556773654855e-01	   2.8382383784939480e-01	   2.4397611297511695e-02	
   4.7457121641282030e-01	   2.8018069372840554e-01	   2.9915371968771404e-01	   3.8753686101076595e-01	   4.8855123909042197e-01	   8.5297901816736954e-01	   5.6414920139435787e-01	   7.8859017487805882e-01	   9.2358917709423016e-01	   0.0000000000000000e+00	   2.4740483175025146e-01	   3.4872970555149851e-01	   4.5966974897060692e-01	   2.8952173425272831e-01	   6.1330717466654694e-01	   7.5580375168549319e-01	  -1.5794983874821436e-01	  -1.2529918882229953e-02	   3.1088982937838555e-01	   2.8993983379961885e-01	  -2.2430706827997485e-01	  -7.7374169352522101e-02	   3.8096102974365853e-01	   3.5305756240338942e-01	   1.1749089545221313e-01	   1.5610105674618993e-01	   1.3617902015621372e-01	   3.0130659232632070e-02	  -2.3175679683158049e-01	   1.9793256043428749e-02	   1.8597813795827184e-01	   2.7858830702167880e-01	   2.3469387035053196e-01	   3.9238898923435112e-01	   2.9152013097149826e-01	   4.2624541311507969e-01	  -2.1624843720678316e-01	  -1.0813901251257697e-01	  -2.2107460695862813e-01	  -3.7751392088078220e-02	  -3.2439741059504597e-02	  -7.9444747688660569e-02	   2.7083616319780496e-01	   2.3140311991574433e-01	   3.5623760082554523e-01	   3.8074767660456887e-01	   1.3553257879991856e-01	   2.0850055959399075e-01	   2.5690555254742425e-01	   2.6135389510811541e-01	   2.4803783575233646e-01	   3.0507344653934892e-01	   1.6367256811005487e-01	   6.8656850947928630e-02	   8.8863527976127121e-02	   1.5368858149369907e-01	   1.3179719144982313e-01	   1.5424775669052659e-01	   4.0789360084702453e-01	   2.6586205842195010e-01	   6.0478777248714299e-01	   7.4083895395849342e-01	   1.3887642621171484e-01	   1.4646731854954917e-01	   3.4206654491855348e-01	   5.8049987656041735e-01	   3.0467056082168420e-01	   3.0189505361717428e-01	   2.2344874881689425e-01	   3.1210227911553728e-01	   1.3148574998992185e-01	   2.7308979873262518e-01	   1.6330372736056670e-01	   2.2372087756852085e-01	   1.3674974665620124e-01	   2.1165841233057472e-01	   1.6971896126659347e-01	   2.0912946806072799e-01	  -2.3032796602385709e-02	   9.2431469859824603e-02	   6.7973804054098613e-02	   7.9613307569600195e-02	   5.4256545777520053e-03	  -3.5866033777735835e-03	   4.6901463382130365e-01	   3.4792974164713997e-01	  -8.6243996810881306e-04	   7.8382195638811866e-02	   5.2301914736255217e-01	   5.5075904487852567e-01	   6.3907160414698316e-01	   5.0264783691146819e-01	   5.4953615890533525e-01	   5.1392250162492947e-01	  -2.8964853345745868e-02	   1.2348309436863345e-03	   5.7095672733331160e-02	   2.3618669135614412e-01	   3.6694371958713445e-01	   3.5702692779873690e-01	   3.8249227955040060e-01	   3.4493425817354878e-01	   6.2464855001388993e-02	   1.3846194705015713e-01	   7.9211854291015918e-02	   1.0705566889579950e-01	   1.1448067637674522e-01	   2.5148681331152622e-01	  -4.1285247928229560e-02	  -7.3677412241087092e-02	   1.6308875388671162e-01	   3.2038708150811135e-01	   5.3254774822089801e-01	   1.6533801626500055e-01	   1.2432640124009825e-01	   1.8774976041877462e-02	
   6.9924030673453907e-01	   3.4490967307482961e-01	   9.9832161206615880e-02	  -2.6408499858101619e-01	   5.3262704975936881e-01	   2.4470499905834589e-01	   6.6123131417817094e-01	   2.4485057609965707e-01	   4.6290392909926176e-01	   2.4740483175025146e-01	   0.0000000000000000e+00	   7.0503013509258428e-01	   1.1709445174401827e+00	   9.5413094294999801e-01	   5.7097406908237602e-01	   1.4993340686031950e-01	   1.6636737427868450e-01	   3.9247995189955687e-01	   2.4436575409645214e-01	   5.2803978749177721e-02	  -2.1177877047005247e-01	  -2.0793754377012369e-01	  -9.9341499381361859e-02	  -3.1190463388182282e-01	  -2.5444096773945596e-01	  -3.0899221221197537e-01	  -1.7730793815086219e-02	  -1.8088260725607302e-01	   3.7370130720467609e-01	   4.1568660853645967e-01	  -1.1697639171594294e-01	  -1.0752075915951699e-01	   1.4820003762764222e-01	   1.1694736878171752e-01	  -1.5897119593371373e-01	  -1.6911758302286894e-01	  -1.4110043409522793e-01	  -2.1538553336742045e-01	  -2.2923426223753229e-01	  -2.1352915014567000e-01	   4.6548901077930201e-02	  -1.4152911612659230e-01	   1.0814932549359303e-01	   1.8731913703352043e-01	   1.7669347374387046e-01	   1.7252107814730822e-01	   1.4976554099102565e-01	   6.8091844956382055e-02	   4.2539838749930114e-01	   4.4531308088472171e-01	   3.6108498593351673e-01	   3.3731757528678602e-01	   4.6497093484741064e-01	   2.1925808655706402e-01	   3.9187046845344570e-01	   3.1331012063743113e-01	   2.4680423592590783e-01	   2.5448522405705509e-01	   3.4167409658194497e-01	   2.2601096470472318e-01	   6.6788912942503353e-01	   1.1899204656321323e-01	   3.7817616720837477e-01	   2.9379499995358377e-01	  -1.2726977295634398e-01	  -1.5907769604107502e-01	  -4.4742151614911172e-04	  -7.7669809158124312e-02	   1.7083205414512925e-01	   1.7807970328687792e-02	   4.8260786298428844e-02	   7.9948049311067249e-02	   3.4538360998455497e-01	   1.3740269125954244e-01	   1.2503745059399124e-01	  -6.3741529175048287e-02	   3.1497158577550094e-01	   1.0841167230707194e-01	   1.2511044751227215e-01	   3.2722660738744802e-01	   1.9048789922264364e-01	   2.1780321881226486e-01	   2.1456768435792532e-02	  -1.8614972720687933e-02	   3.4468349372474855e-01	  -7.4188102139522191e-02	  -1.4631678400380563e-01	  -1.5888805611418086e-01	   3.2177462959942266e-01	   1.6140812686363121e-01	   2.9732897487611265e-01	   1.3955877419665913e-01	  -3.4310218896594592e-03	   2.4049362729054857e-01	  -1.1750663166196078e-01	  -1.4697824408613919e-01	   1.1002154249702507e-02	   6.0504701065686617e-02	   2.2653862890633905e-01	   3.3659644000035521e-01	   1.8040180066810238e-01	   5.6378537190551503e-01	   3.4524103602536049e-01	   4.2841771291890329e-01	   2.4192473861824781e-01	   1.7007776149587267e-01	   2.6766810085416892e-01	   1.7256186722883843e-01	  -1.8361051424593736e-01	  -1.7316540908420186e-01	  -1.1220734131715955e-02	   2.2287142119266409e-01	   4.6615947058930784e-01	   3.1063868635035691e-01	   2.5551388275923304e-01	   1.2087158003514990e-01	
   6.3507137745579456e-01	   8.3191972867748054e-01	   3.8561060534716146e-01	   3.1071581972395290e-01	   5.6154225757058029e-01	   3.5536135756346843e-01	   6.3035070467970744e-01	   7.2898550551235330e-01	   5.3678972679607395e-01	   3.4872970555149851e-01	   7.0503013509258428e-01	   0.0000000000000000e+00	   6.3518715004280990e-01	   1.4453240545607027e+00	   4.0410599364741562e-01	   2.5709112359224595e-01	   2.9450764314419320e-01	   7.1589823187941959e-01	   2.1693695878197802e-01	   1.5552746364619652e-01	  -4.2919960501345594e-01	  -3.7748579842568164e-01	   2.0121475728901470e-01	   1.6974756984174877e-01	   2.9618173142143541e-02	   3.0690550494447025e-02	   1.0021279173806336e-01	  -1.6320193280425083e-01	  -4.1399383803728505e-02	   2.3929454177155937e-01	   3.2837042305829994e-01	   3.7869680962742441e-01	   4.8124241734817019e-01	   4.0077161374015174e-01	   1.9586006435166217e-01	   1.5075687563210557e-01	  -6.1632434446152418e-01	  -7.9386568499897203e-01	  -7.7703280428217303e-01	  -7.0634468024183472e-01	  -3.0084279525350449e-01	  -7.2042545764660637e-01	   1.1245235268916849e-01	   2.0280477512957001e-01	   2.6076946202174422e-01	   2.3423559174435088e-01	  -7.7113635354903079e-02	  -4.8854839397149470e-02	   4.3509121996026723e-01	   5.1396147177213614e-01	   6.1049745527137533e-01	   7.1463863798537242e-01	   3.7854903664197193e-01	   2.6866560561222663e-01	   3.4367493957197481e-01	   3.6091704400484564e-01	   3.4570357670584223e-01	   5.7458818153460989e-01	   5.8172282017763388e-01	   5.1445353133804095e-01	   7.4578140583486874e-01	   6.3932951839089769e-01	   4.7241425942241416e-01	   5.7835940014189391e-01	   2.9707303200049656e-01	   3.7468047239720459e-01	   3.7998236357135179e-01	   3.2844911473054472e-01	   1.0933515966555404e-01	   1.0812920139108680e-01	   2.1263998831730244e-01	   2.9175109653946107e-01	  -1.1852979775929223e-02	   3.5040595290639437e-02	  -2.5652367485086724e-01	  -2.3703930467408840e-01	   1.0400304841977821e-01	  -6.4251357966617115e-02	   2.0712998515558148e-01	   5.2755851199408799e-01	   9.3135256495490967e-02	   1.6864411361906814e-01	  -3.8531821525875343e-01	  -5.0254336874276673e-01	   3.0096068086057609e-01	   3.0849127488850348e-01	  -1.1178296370923749e-01	  -3.7390087888945531e-02	   4.2429130155117278e-01	   7.3801019854095418e-01	   6.4645199893457084e-01	   3.4900670898200009e-01	   5.0236885108828067e-01	   5.2950714909515140e-01	  -7.0502046020323450e-01	  -6.4494446406179806e-01	  -2.5453275215739618e-01	  -1.4728504009859701e-02	   4.0992107396124894e-01	   2.7668277303184513e-01	   4.4453376612511436e-01	   5.7317802469751233e-01	   7.4824890458807092e-01	   8.1605040647462612e-01	   8.1411850033017563e-01	   6.9708197714465181e-01	   7.2303853072769431e-01	   6.1972894882216256e-01	  -7.0311395085667927e-01	  -8.0419047661766263e-01	   8.1540806602592178e-02	   2.4040389268471524e-01	   5.4441264791380828e-01	   6.2697761591894507e-01	   5.4465494604086628e-01	   3.4131822075956875e-01	
   6.8452863260635677e-01	   3.6372632574157515e-01	   2.1491828905106580e-01	  -8.9151445647579972e-02	   4.7514285314207888e-01	   2.8061763375516985e-01	   6.9666969159449732e-01	   3.2313341807964718e-01	   6.9951662685573146e-01	   4.5966974897060692e-01	   1.1709445174401827e+00	   6.3518715004280990e-01	   0.0000000000000000e+00	   9.2929564319520219e-01	   6.9589488223035723e-01	   2.8224390396742194e-01	   4.1406421506053661e-04	   3.3677209984105250e-01	   1.4273957505500284e-01	   1.3029695819520484e-02	  -3.3456015343488937e-01	  -3.1340416199511700e-01	   1.5467352691585132e-01	  -4.9670242706593717e-02	   1.0996211435488526e-02	  -5.8782989875279537e-02	   2.3457878078171308e-02	  -1.6599202100130864e-01	   4.0800993995071214e-02	   2.0447448721322140e-01	   4.6179234362142912e-02	   5.3928614816662460e-02	   6.2142667264104834e-02	   5.8352964318477647e-02	   1.1191205134107798e-01	   7.2656172466831981e-02	  -1.4628771578996699e-01	  -2.6845073398994362e-01	  -3.3283996234027396e-01	  -2.4190680669080564e-01	  -8.1231600013607116e-02	  -2.3884193977082385e-01	   1.8551973247081657e-01	   2.2147572124520115e-01	   1.7470282949533006e-01	   1.4092276472743515e-01	   1.2492156467515411e-01	   7.9017823247514385e-02	   3.6971135554468276e-01	   3.7080859283282408e-01	   4.2327736390827875e-01	   4.4378714206678471e-01	   2.7658809661022560e-01	   1.7837356797046136e-01	   3.6904579078606997e-01	   2.5241294110145340e-01	   6.7679602523183419e-02	   2.6117336337977004e-01	   3.7860365050212247e-01	   1.1290502867837583e-01	   6.9881747398822514e-01	   2.1385270536759537e-01	   6.6321006680746808e-02	   7.3716018236724565e-02	   1.5400797011203335e-01	   1.1916162948162164e-01	   8.2147945199758043e-02	  -4.8433253267903958e-03	   2.6325685337285215e-02	  -3.7843527147472696e-02	   1.3659661467497236e-01	   1.7216409355548287e-01	   2.3034922004830199e-01	   2.0397577903643796e-01	   7.2188216713142239e-02	  -2.6190574282413174e-02	   3.0779753329948806e-01	   1.2177187174150647e-01	   2.7353843372963337e-02	   3.5772041577161046e-01	   5.8524744026893838e-02	   2.6816538385715616e-01	  -7.4495953907249293e-02	  -1.8997604146366684e-01	   3.6821721527916140e-01	   5.8784299598316936e-02	   2.0355617257539925e-03	  -4.4014039621841167e-02	   4.8380305032985582e-01	   3.0138060697054786e-01	   3.2642402125786102e-01	   2.0561239226191241e-01	   2.4053075321487272e-01	   4.4078649058693403e-01	  -2.5557959732743285e-01	  -2.3707990159459447e-01	  -4.3676764357369016e-02	   5.7222919395861896e-02	   2.4012806099709988e-01	   2.8230523200883539e-01	   1.6227457020703223e-01	   5.7573255622020381e-01	   3.3402670679851076e-01	   3.7642898950893777e-01	   2.9945497352632100e-01	   2.7489116084769372e-01	   3.1704041928154331e-01	   3.0698838027798653e-01	  -2.4949024547841239e-01	  -2.5230826269947382e-01	   1.6110685414357659e-01	   2.4420055833462384e-01	   6.0390674917933174e-01	   4.6400111094886293e-01	   3.9416242264179580e-01	   1.6404186391896236e-01	
